Ctags:0.4866666666666667
SearchEngineTest:0.31666666666666665
SearchTest:0.2966666666666667
CtagsTest:0.25666666666666665
