Mango:0.43
InvocationUtil:0.33
TargetChoiceGenerator:0.32666666666666666
CodeSurvey:0.3233333333333333
BranchChoiceGenerator:0.25666666666666665
INVOKEVIRTUAL:0.205
