Py:0.69
PyJavaClass:0.3333333333333333
PyJavaPackage:0.30666666666666664
PySystemState:0.285
PackageManager:0.28
imp:0.21666666666666667
PyModule:0.18222222222222223
BytecodeLoader:0.16444444444444442
