WxCpService:0.2833333333333333
WxMpService:0.2833333333333333
WxCpServiceImpl:0.23666666666666666
WxMpServiceImpl:0.23666666666666666
