BasicEditor:0.6766666666666666
ChildrenBean:0.23333333333333334
