ASMSerializerFactory:0.6166666666666667
SerializeConfig:0.35
JSONSerializerMap:0.2833333333333333
