Rebuild:0.3933333333333333
SQLRebuilder:0.31666666666666665
AkubraLowlevelStorageModule:0.2733333333333333
DBPathRegistry:0.24666666666666667
AkubraLowlevelStorageTest:0.22333333333333333
Store:0.22333333333333333
DefaultLowlevelStorage:0.22333333333333333
IListable:0.157
AkubraLowlevelStorage:0.15333333333333332
DefaultLowlevelStorageModule:0.15333333333333332
HashPathIdMapper:0.13333333333333333
HashPathIdMapperTest:0.08
AllUnitTests:0.06666666666666667
KeyEnumeration:0.042777777777777776
