CreateAlterTableStatementAnalyzerTest:0.6175
AnalyzedTableElements:0.37333333333333335
InnerTableElementsAnalyzer:0.36666666666666664
