jOOQAbstractTest:0.8266666666666667
HSQLDBTest2:0.23666666666666666
SybaseTest:0.23666666666666666
FirebirdTest:0.23666666666666666
AccessTest:0.23666666666666666
DB2Test:0.23666666666666666
DerbyTest:0.23666666666666666
ASETest:0.23666666666666666
SQLServerTest:0.23666666666666666
HSQLDBTest:0.23666666666666666
MySQLTestSchemaRewrite:0.23666666666666666
H2Test:0.23666666666666666
SQLiteTest:0.23666666666666666
CUBRIDTest:0.23666666666666666
BaseTest:0.23666666666666666
IngresTest:0.23666666666666666
MariaDBTest:0.18666666666666668
PostgresTest:0.18666666666666668
MySQLTest:0.18666666666666668
OracleTest:0.18666666666666668
