SelectionListener:0.6466666666666666
Model:0.5033333333333333
GeoModel:0.31333333333333335
GeoList:0.2966666666666667
GeoService:0.23
GeoView:0.20444444444444446
SelectionLayer:0.20333333333333334
Locator:0.19
Match:0.013333333333333334
