GeneSaxReader:0.44
GeneSaxHandler:0.36
GeneSaxReaderTest:0.2833333333333333
GORDFReader:0.27
BulkLoadGenes:0.18333333333333332
