STLObject:0.4033333333333333
SNAPPacket:0.2966666666666667
GenericExtruder:0.29333333333333333
GenericStepperMotor:0.29
RequestTemperatureResponse:0.28833333333333333
StepperPanel:0.2866666666666667
SNAPCommunicator:0.26
Panel3D:0.2552777777777778
StatusMessage:0.25
ExtruderPanel:0.24777777777777782
MouseObject:0.23666666666666666
LinePrinter:0.22944444444444448
LineTest:0.22166666666666668
PreviewPanel:0.20666666666666667
Main:0.20333333333333334
RepRapBuild:0.17666666666666667
