ClientAdminThread:0.42333333333333334
Channel:0.39666666666666667
Readers:0.31333333333333335
BufferUsageStrategy:0.2633333333333333
ReceiverChannel:0.23666666666666666
LibraryFacade:0.215
MediaDriverFacade:0.215
ChannelNotifiable:0.2
SenderChannel:0.18694444444444444
MediaDriverAdminThread:0.18333333333333332
BasicBufferUsageStrategy:0.14
