CMLWriter:0.4066666666666667
PDBReader:0.23
PMPReader:0.23
CMLReader:0.15666666666666668
IChIReader:0.15
SMILESReader:0.15
MDLWriter:0.13666666666666666
