DebugInvariantsMsg:0.38
RewriteEvent:0.32666666666666666
JavaType:0.30666666666666664
InequivalentRef:0.28444444444444444
BaseInvariantAgent:0.22666666666666666
InvariantTestAgent:0.2088888888888889
