WebSocket:0.59
CloseEvent:0.35333333333333333
WebSocketImpl:0.30333333333333334
WebSocketTest:0.21333333333333335
