Planner:0.41
LocalExecutionPlanner:0.36333333333333334
StatementAnalyzer:0.26
PlanVisitor:0.25333333333333335
TestQueries:0.19333333333333333
Visitor:0.06666666666666667
