JedisCluster:0.7733333333333333
JedisRandomConnectionHandler:0.19
JedisClusterTest:0.07666666666666666
JedisClusterConnectionHandler:0.056666666666666664
