AuthenticatedSessionStrategy:0.5866666666666667
HttpSecurityBeanDefinitionParserTests:0.4166666666666667
AbstractAuthenticationProcessingFilter:0.26
HttpSecurityBeanDefinitionParser:0.21666666666666667
ConcurrentSessionFilter:0.16333333333333333
DefaultAuthenticatedSessionStrategy:0.16333333333333333
SessionManagementFilter:0.14555555555555555
DefaultAuthenticatedSessionStrategyTests:0.12
NullAuthenticatedSessionStrategy:0.1162777777777778
SessionManagementFilterTests:0.11
