ParsedStatement:0.5133333333333333
XContentGenerator:0.36333333333333334
QueryPlannerTest:0.30333333333333334
QueryVisitorTest:0.3
QueryPlanner:0.29
TransportSQLAction:0.15
