CreateServiceAction:0.4216666666666667
ServicesPoolNode:0.41
CreateCustomerAction:0.27
CustomerChildren:0.17333333333333334
DeleteServicesPoolAction:0.15
