MessageDecoder:0.4866666666666667
ARINCRuntimeException:0.48
Bool:0.41
ProtocolInputDecoder:0.38666666666666666
XMLAttribute:0.3566666666666667
ClientMessageDecoder:0.355
ServerXMLObjectAttribute:0.31666666666666665
ServerXMLWidget:0.2997222222222222
DecoderListener:0.29678571428571426
ClientMessageProcessor:0.2833333333333333
ARINCModelFactory:0.28
Synth2LookAndFeel:0.27722222222222226
GraphicsConfigHandler:0.27666666666666667
ServerDebugMessageProcessor:0.2633333333333333
EditorEngine:0.25
DefArcCircle:0.24651587301587308
ARINC661App:0.23888888888888885
AbstractWidgetFactory:0.23333333333333334
ServerConfigurationParser:0.22333333333333333
RuntimeDecoder:0.22166666666666668
ClientDebugMessageProcessor:0.21
SwingUIManager:0.20333333333333334
TreeEditorHelper:0.20333333333333334
Synth2:0.202
DefaultServerXMLDFHandler:0.18333333333333332
DefTriangleStrip:0.16
ServerMessageProcessor:0.15666666666666668
ProtocolInputDecoderServer_8Test:0.0975
ProtocolInputDecoderServerTest:0.09333333333333334
ProtocolInputDecoderServer_3Test:0.06611111111111112
ProtocolInputDecoderServer_7Test:0.065
ProtocolInputDecoderServer_10Test:0.065
ProtocolInputDecoderClient_4Test:0.06444444444444444
ProtocolInputDecoderClient_5Test:0.06444444444444444
ARINC661AppSynthLookAndFeelTest:0.05694444444444444
ProtocolInputDecoderServer_KOTest:0.05194444444444445
ProtocolInputDecoderServer_2Test:0.05194444444444445
ProtocolInputDecoderServer_9Supp3Test:0.04666666666666667
ProtocolInputDecoderServer_9Supp5Test:0.04666666666666667
ProtocolInputDecoderClient_6Test:0.043333333333333335
ProtocolInputDecoderClientTest:0.043333333333333335
