ClassDefinition:0.6433333333333333
FieldDefinition:0.5627777777777778
ClassDefinitionBuilder:0.43
VersionedPortable:0.15694444444444444
