Phoenix:0.36833333333333335
MigrationTestCase:0.29
DriverDataSource:0.2633333333333333
MetaDataTableImpl:0.23
DbSupportFactory:0.18
