ShapeBuilder:0.57
ShapeBuilderTests:0.24
GeoShapeIntegrationIT:0.22666666666666666
GeoFilterIT:0.22
QueryDSLDocumentationTests:0.22
ExternalMapper:0.1988888888888889
GeoShapeQueryBuilderTests:0.19
ExternalValuesMapperIntegrationIT:0.11333333333333333
