StreamUtils:0.7133333333333334
Util:0.58
JniRrdStrategy:0.22333333333333333
ReportMailer:0.20333333333333334
RRDAdHocGraphServlet:0.18666666666666668
MailerServlet:0.13666666666666666
RRDGraphServlet:0.13666666666666666
RRDDumpServlet:0.12666666666666668
