WordAlert:0.5252777777777777
AnsjServlet:0.46
AnsjHttpHandler:0.23333333333333334
TestError:0.15
