UserDeserializerTests:0.5366666666666666
SavedCookieMixinTests:0.27
SimpleGrantedAuthorityMixinTests:0.27
WebAuthenticationDetailsMixinTests:0.24333333333333335
DefaultCsrfTokenMixinTests:0.24333333333333335
DefaultSavedRequestMixinTests:0.24
CasAuthenticationTokenMixinTests:0.21666666666666667
RememberMeAuthenticationTokenMixinTests:0.21333333333333335
UsernamePasswordAuthenticationTokenMixinTests:0.20666666666666667
SecurityContextMixinTests:0.18
CookieMixinTests:0.17666666666666667
AnonymousAuthenticationTokenMixinTests:0.12666666666666668
AbstractMixinTests:0.09
