Builder:0.47111111111111115
CallTest:0.4116666666666667
ClientAuthTest:0.19666666666666666
