ClusteredSessionService:0.5433333333333333
HazelcastInstanceLoader:0.36
WebFilter:0.06666666666666667
