JUnitCore:0.49333333333333335
TestClass:0.38
JUnit4ClassRunner:0.25
TextListener:0.22333333333333333
TextListenerTest:0.21777777777777782
CommandLineTest:0.20111111111111113
RunAfters:0.19666666666666666
Suite:0.19
TestElement:0.15416666666666667
Parameterized:0.13333333333333333
