PrinterController:0.48333333333333334
DelegateTest:0.29333333333333333
App:0.2833333333333333
EpsonPrinter:0.25066666666666665
CanonPrinter:0.25066666666666665
HpPrinter:0.25066666666666665
