ProofFinderUtility:0.49333333333333335
FormulaUtility:0.42222222222222217
MultiProofFinderExecutor:0.3016666666666667
ProofFinderImpl:0.18166666666666667
