BazaarHistoryParser:0.5866666666666667
BazaarRepository:0.5133333333333333
BazaarHistoryParserTest:0.33
