CertTools:0.47
LocalUserAdminSessionBean:0.33
HardCATokenManager:0.31
RAInterfaceBean:0.30666666666666664
LocalPublisherSessionBean:0.21666666666666667
BatchMakeP12:0.21666666666666667
Install:0.19133333333333333
CRLCreateThread:0.15994444444444444
EditPublisherJSPHelper:0.14333333333333334
SVGImageManipulator:0.11666666666666667
DemoCertReqServlet:0.05
