LazyProjection:0.5033333333333333
WithEagerNavigation:0.30333333333333334
WithLazyNavigation:0.30333333333333334
