Tree:0.5966666666666667
Value:0.39666666666666667
TreeTest:0.2866666666666667
ZipAll:0.14805555555555558
