NeuralNetworkEditor:0.71
NeuralNetworkScene:0.5933333333333334
NeuralNetworkWidgetAcceptProvider:0.26666666666666666
NeuralLayerWidgetAcceptProvider:0.2428888888888889
NeuronPopupMenuProvider:0.07666666666666666
