EmailNotificationInfoRpcResponseData:0.39666666666666667
GwtTeamingMessages:0.31666666666666665
SaveEmailNotificationInfoCmd:0.2733333333333333
EmailNotificationDlg:0.27
EmailAddressInfo:0.22666666666666666
GwtServerHelper:0.21066666666666667
GwtRpcServiceImpl:0.19777777777777777
GwtEmailHelper:0.034833333333333334
