LobManager:0.36214495
LobStore:0.24388719
ScaledRAFile:0.085015535
ScaledRAFileSimple:0.06827387
RandomAccessInterface:0.012197938
