Jedis:0.6533333333333333
BinaryJedis:0.38
SetCommandsTest:0.29333333333333333
AllKindOfValuesCommandsTest:0.23333333333333334
HashesCommandsTest:0.23333333333333334
JedisCommandTestBase:0.22
JedisTest:0.18333333333333332
