SessionDef:0.6033333333333334
Property:0.36666666666666664
ConfigManager:0.32666666666666666
SessionAddHandler:0.30333333333333334
SessionEditHandler:0.25333333333333335
SessionAddOrEditDialog:0.25
JTBSessionsViewPart:0.17666666666666667
NodeAbstract:0.14166666666666666
NodeFolder:0.09666666666666666
