DoubleArray:0.6644444444444444
MapWireConnectionHub:0.30333333333333334
DoubleArrayTest:0.05
