DeskletLoader:0.07090003
DeskletWidget:0.030079948
