FlowDefinitionRegistry:0.5751825396825396
FlowRegistryFactoryBean:0.5366666666666666
FlowRegistryBeanDefinitionParser:0.29333333333333333
FlowRegistryBeanDefinitionParserTests:0.19
FlowDefinitionRegistryImpl:0.13333333333333333
