HtmlDocGenerator:0.49
JPPFFileFilter:0.19666666666666666
JPPFDirFilter:0.19666666666666666
ParametersHandler:0.19666666666666666
AbstractFileFilter:0.14
