DataLoader:0.6066666666666667
SwingWorker:0.39
AutoSaveThread:0.3233333333333333
