BoundedLocalCache:0.5733333333333334
CacheContext:0.33666666666666667
PeekingIterator:0.30333333333333334
EvictionTest:0.29333333333333333
BoundedLocalCacheTest:0.23333333333333334
LinkedDequeTest:0.22333333333333333
