EditIssueFormAction:0.9333333333333333
ViewIssueAction:0.31666666666666665
