LineReader:0.5533333333333333
ResourceLineReader:0.47333333333333333
DefaultFlatFileItemReader:0.25666666666666665
ResourceLineReaderTests:0.23666666666666666
SimpleFlatFileItemReader:0.20666666666666667
ItemReader:0.1162777777777778
