BatchSingle:0.5764444444444444
jOOQAbstractTest:0.5255555555555556
BatchTests:0.49666666666666665
