X2RSubCrawlerUtil:0.4166666666666667
ExampleMediawikiFileCrawler:0.39666666666666667
X2RSubCrawlerFactory:0.37333333333333335
X2RSubCrawlerUtilTest:0.02
