Factory:0.38666666666666666
DocumentFormat:0.37
DefaultGazetteer:0.31
DocumentImpl:0.24333333333333335
TestGazetteer:0.16333333333333333
SgmlDocumentFormat:0.11
HtmlDocumentFormat:0.10666666666666667
EmailDocumentFormat:0.10666666666666667
XmlDocumentFormat:0.10666666666666667
