GwtUIHelper:0.44666666666666666
BinderHelper:0.34238095238095234
GwtServerHelper:0.31666666666666665
AdminHelper:0.25
GwtMenuHelper:0.23333333333333334
GwtActivityStreamHelper:0.19333333333333333
GwtViewHelper:0.18333333333333332
TrackInfo:0.14
