FolderOptionsDlg:0.4033333333333333
GwtMenuHelper:0.3233333333333333
GwtTeamingMessages:0.31333333333333335
MenuBar:0.29333333333333333
ManageMenuPopup:0.28444444444444444
EntryMenuPanel:0.26
GwtTeamingImageBundle:0.23666666666666666
GwtTeamingMainMenuImageBundle:0.23327777777777778
GwtRpcServiceImpl:0.22111111111111115
GetFolderToolbarItemsRpcResponseData:0.016666666666666666
