InjectionTest:0.43666666666666665
Linker:0.2833333333333333
ObjectGraph:0.26
AtInjectBinding:0.23333333333333334
MembersInjectorTest:0.22666666666666666
NoInjections:0.10838095238095237
RuntimeLinker:0.09666666666666666
DeferredBinding:0.03666666666666667
BuildTimeLinker:0.03333333333333333
