CSharpTarget:0.19333333333333333
GoTarget:0.15333333333333332
JavaScriptTarget:0.15333333333333332
CppTarget:0.15333333333333332
SwiftTarget:0.15333333333333332
Python3Target:0.13666666666666666
Python2Target:0.12666666666666668
