ConcordancesEditor:0.5708333333333333
TxmPreferences:0.43
UserPreferencePage:0.33
DeleteObject:0.2377777777777778
