MFAnalyser:0.5766666666666667
MFAnalyserTest:0.3566666666666667
GENMDeterministicGenerator:0.2911111111111111
