TestAPIALite:0.5383333333333333
DefaultSerializer:0.38666666666666666
ObjectHistorySerializerThread:0.23166666666666666
