SarosState:0.33666666666666667
ISarosState:0.33
TestCreatingNewFile:0.31666666666666665
RmiTest:0.17333333333333334
