SunshineChannel:0.32455555555555554
LambertShader:0.23666666666666666
Type:0.2
CookTorranceShader:0.17333333333333334
MicrofacetShader:0.17333333333333334
SunshineRGBAChannel:0.15333333333333332
SunshineFloatChannel:0.14
SunshineImageChannel:0.13
SunshineIDChannel:0.11
SunshineSpectralShader:0.0
