Invocation:0.6933333333333334
Context:0.43333333333333335
OperationServiceImpl:0.42
InvocationRegistryTest:0.2633333333333333
