TxmI18N:0.4105555555555555
ConcordanceTab:0.31333333333333335
Selector:0.31333333333333335
DateSelector:0.2833333333333333
SubscribeForm:0.21333333333333335
LexiconForm:0.21333333333333335
IndexTab:0.21333333333333335
IndexForm:0.21333333333333335
ConcordanceForm:0.19666666666666666
ReferencerForm:0.19
TreeContextMenu:0.18
LoginForm:0.15333333333333332
RecorverPasswordForm:0.13666666666666666
ConcordanceServiceImpl:0.1313888888888889
MailContent:0.1313888888888889
TextTable:0.12333333333333334
