DerivativeReducer:0.49
Factory:0.25
DerivativeParser:0.15333333333333332
DerivativeBuilder:0.13333333333333333
DerivativeTests:0.07666666666666666
DateDerivativeTests:0.06666666666666667
