NotifyBuilderDescription:0.5566666666666666
NotifyBuilderUserListSelect:0.14111111111111113
NotifyBuilderText:0.11666666666666667
