SampledCurve:0.49
CubicSplineInterpolation:0.30666666666666664
EndCriteriaTest:0.24333333333333335
DiscretizedVanillaOption:0.22
AmericanPayoffAtExpiry:0.15333333333333332
LeisenReimer:0.14
Std:0.13
