StringCheckUtil:0.6033333333333334
DefinitionModuleImpl:0.46388888888888885
JavaMailSenderImpl:0.26666666666666666
