adap:0.56
TestAdMobClassicActivity:0.4166666666666667
TestAdvancedAdmobActivity:0.35
AdmobAdapter:0.2866666666666667
