GeoJSONUtils:0.5905555555555555
ForEach:0.29333333333333333
ForEachTest:0.2866666666666667
