MethodPropertiesDialog:0.5283333333333333
DCElementDialog:0.37666666666666665
MethodDialog:0.36
