RepositoryEntity:0.4266666666666667
ERDesignerComponent:0.4166666666666667
ConnectionProvider:0.3353333333333333
SQLEditor:0.28
ExecuteSQLSwingWorker:0.27666666666666667
DictionaryModelSerializer:0.2633333333333333
MigrationScriptEditor:0.11333333333333333
MigrationScriptDataModel:0.07666666666666666
HibernateTemplate:0.07
ChangeDescriptor:0.016666666666666666
GenericConnectionProvider:0.016666666666666666
ModelBasedConnectionProvider:0.013333333333333334
