WebKeys:0.4976111111111112
BinderHelper:0.4533333333333333
AjaxController:0.43
FixupFolderDefsResults:0.33666666666666667
FixupFolderDefsThread:0.32666666666666666
ConfigureController:0.22666666666666666
