Map:0.44333333333333336
Player:0.34
Canvas:0.3333333333333333
ChatPanel:0.2536111111111111
GUI:0.25
MapControls:0.24333333333333335
GameData:0.17472222222222225
MiniMap:0.08
