BeanMethod:0.5466666666666666
ConfigurationClass:0.38666666666666666
JavaConfigurationModelPopulatorTests:0.19
ReflectiveJavaConfigurationModelPopulator:0.18666666666666668
JavaConfigurationModelTests:0.10833333333333334
BeanMethodOrderConfig:0.0875
BeanMethodTest:0.013333333333333334
