AbstractFormInstanceCreator:0.7916666666666666
ScriptQueryExecutorImpl:0.2866666666666667
