PullServlet:0.37666666666666665
PushServlet:0.32
Constants:0.28977777777777775
AbstractServlet:0.2866666666666667
