TransactionImplementation:0.36
DataHolder:0.3566666666666667
HibernateCRUDOperationProvider:0.2966666666666667
CRUDOperationProvider:0.2633333333333333
DBConnectionWrapper:0.26
MakumbaCRUDOperationProvider:0.18333333333333332
