ParameterAveragingTrainingMaster:0.5133333333333333
SparkUtils:0.41
BalancedPartitioner:0.4
SplitPartitionsFunction2:0.12666666666666668
