Function:0.6211111111111112
AggregateWindowFunctionTests:0.27666666666666667
