Builder:0.6233333333333333
BuilderWithParams:0.35
ExcludedRefs:0.28
ShortestPathFinder:0.22333333333333333
LeakTraceElement:0.21
LeakCanary:0.20388888888888887
HeapAnalyzer:0.16666666666666666
ServiceBinderLeakTest:0.15666666666666668
DisplayLeakAdapter:0.13
RetainedSizeTest:0.10666666666666667
AsyncTaskLeakTest:0.09666666666666666
LeakNode:0.056666666666666664
TestUtil:0.05333333333333334
ParamsBuilder:0.030873737373737373
