TermsAggregatorFactory:0.56
SignificantTermsAggregatorFactory:0.38666666666666666
TermsAggregatorTests:0.29
EquivalenceIT:0.25333333333333335
