BulkShardProcessor:0.6933333333333334
TransportBulkCreateIndicesAction:0.43333333333333335
SymbolBasedBulkShardProcessor:0.3566666666666667
BulkSettingsTest:0.18666666666666668
