AbstractEntityPersister:0.5333333333333333
TypeHelper:0.44333333333333336
AbstractNonIdentifierAttribute:0.23666666666666666
EnhancerTest:0.16666666666666666
