Option:0.4266666666666667
Game:0.37
Player:0.3566666666666667
GameOptions:0.31666666666666665
FreeColGameObject:0.29
Canvas:0.27
OptionGroup:0.11666666666666667
IntegerOption:0.06333333333333334
GameOptionsDialog:0.06333333333333334
BooleanOption:0.03666666666666667
