OAuth2Definition:0.65
ApiKeyAuthDefinition:0.4166666666666667
BasicAuthDefinition:0.33666666666666667
