ProfileModuleImpl:0.5972222222222223
AuthenticationManagerImpl:0.38333333333333336
AuthenticationModuleImpl:0.28
UserIdNotActiveException:0.2
