TagPath:0.55
Property:0.44888888888888884
TagPathTest:0.42888888888888893
