ModuleManager:0.5675
SellerTest:0.25666666666666665
CutElementsInCollectionAction:0.24666666666666667
PasteElementsInCollectionAction:0.22333333333333333
CarrierTest:0.22333333333333333
ImageTag:0.19666666666666666
LinkTag:0.19666666666666666
WorkCostOrderedInvoicesTest:0.19333333333333333
ButtonTag:0.1
ActionTagBase:0.07666666666666666
