WebSocketProcessor:0.83
WebSocket:0.59
AtmosphereFramework:0.4866666666666667
WebSocketProcessorFactory:0.3566666666666667
WebSocketHandler:0.30666666666666664
DefaultWebSocketProcessor:0.24666666666666667
Grizzly2WebSocketApplication:0.16666666666666666
Tomcat7BIOSupportWithWebSocket:0.14
WebSocketProcessorTest:0.12333333333333334
GlassFishWebSocketHandler:0.12
WebSocketChat:0.11333333333333333
Jetty9AsyncSupportWithWebSocket:0.11
DefaultAnnotationProcessor:0.10333333333333333
JettyAsyncSupportWithWebSocket:0.09666666666666666
JettyServlet30AsyncSupportWithWebSocket:0.09666666666666666
Tomcat7Servlet30SupportWithWebSocket:0.09666666666666666
Tomcat7AsyncSupportWithWebSocket:0.09666666666666666
