HQLQueryPlan:0.38333333333333336
NativeSQLQueryPlan:0.31333333333333335
FilterQueryPlanKey:0.25333333333333335
DynamicFilterKey:0.25333333333333335
LoadContexts:0.21916666666666668
ParameterMetadata:0.20666666666666667
QueryPlanCache:0.2
CollectionLoadContext:0.2
HQLQueryPlanKey:0.2
FetchProfile:0.19666666666666666
ParamLocationRecognizer:0.18
ParameterParser:0.14333333333333334
