Icons:0.565
SimulatorModel:0.51
LTSDisplay:0.46
Display:0.4266666666666667
Simulator:0.31
DisplaysPanel:0.30333333333333334
UserSettings:0.26
TabLabel:0.24666666666666667
ResourceDisplay:0.21333333333333335
StateDisplay:0.21333333333333335
ResourceTab:0.21333333333333335
ActionStore:0.20666666666666667
TabbedDisplayPanel:0.2
SaveStateAction:0.19333333333333333
DisplayWindow:0.19
StateList:0.18666666666666668
SimulatorAction:0.18666666666666668
EditStateAction:0.16111111111111112
MyMouseListener:0.15666666666666668
LTSDisplayPanel:0.14333333333333334
StateMouseListener:0.13
LTSTab:0.09333333333333334
RuleDisplay:0.08
