FunctionScoreQuery:0.37444444444444447
FiltersFunctionScoreQuery:0.263
CustomBoostFactorScorer:0.21055555555555558
AbstractDistanceScoreFunction:0.19
CustomBoostFactorWeight:0.16333333333333333
ScriptScoreFunction:0.13
