intEditor:0.9027777777777777
realEditor:0.5533333333333333
