HazelcastClient:0.44666666666666666
Util:0.39
Data:0.234
InRunnable:0.22666666666666666
ProxyHelper:0.21666666666666667
SocketPacketReader:0.20333333333333337
WebFilter:0.2013888888888889
ClientAuthenticateHandler:0.16333333333333333
TestClientApp:0.15333333333333332
