EjbLocalHelper:0.5266666666666666
StatedumpObjectKey:0.30333333333333334
SystemConfigMBean:0.25666666666666665
CommandBase:0.25
StatedumpSession:0.24666666666666667
StatedumpImportResult:0.14
StatedumpImportOptions:0.06333333333333334
StatedumpSessionRemote:0.0
StatedumpSessionLocal:0.0
