CurrentDate:0.6092222222222222
jOOQAbstractTest:0.48222222222222216
DataTypeTests:0.46
