ConstraintViolationExceptionMapperTest:0.38
ConstraintViolationExceptionMapper:0.35333333333333333
ValidatingResource:0.11333333333333333
