JdbcChadoAdapter:0.8177777777777778
FlybaseChadoInstance:0.4805555555555555
