MatrixStatsAggregationBuilder:0.6266666666666667
SearchModule:0.5133333333333333
InternalMatrixStats:0.3566666666666667
