ElementTest:0.6216666666666667
StringUtil:0.6133333333333333
TokenQueue:0.31666666666666665
