SendFileAction:0.5933333333333334
SessionView:0.5066666666666667
SessionViewToolBar:0.47
