Precision:0.7491666666666666
PrecisionType:0.4866666666666667
Geometry:0.44666666666666666
PositionFactory:0.16083333333333333
PointArray:0.16083333333333333
