ModuleGenerator:0.5366666666666666
ModuleGeneratorTest:0.3566666666666667
ProvidesProcessor:0.21
FullGraphProcessor:0.2
