ExplorationSitesPanel:0.51
MissionDataBean:0.36611111111111116
CreateMissionWizard:0.36333333333333334
