SearchFieldsTests:0.46
IndexLookupTests:0.44666666666666666
ScriptFieldsFetchSubPhase:0.28555555555555556
