SequenceTable:0.7266666666666667
Sequence:0.36666666666666664
DisplaySequenceAssociations:0.3
AddSequence:0.2
