Builder:0.6
HeliosSoloDeployment:0.5166666666666667
HeliosSoloLogService:0.31666666666666665
HeliosSoloDeploymentTest:0.21333333333333335
LogFollowJob:0.02666666666666667
HeliosSoloIT:0.013333333333333334
