Util:0.4066666666666667
FileActivity:0.4033333333333333
XMPPChatTransmitter:0.27666666666666667
TransferDescription:0.24
ActivityQueue:0.23
TextEditActivity:0.21
DataTransferManager:0.19666666666666666
ActivitiesPacketExtension:0.19333333333333333
ActivitySequencer:0.19333333333333333
ConsistencyWatchdogHandler:0.18666666666666668
SharedResourcesManager:0.15333333333333332
EditorManager:0.15
ConsistencyWatchdogClient:0.14333333333333334
ResourceDeltaVisitor:0.10666666666666667
FileReplacementInProgressObservable:0.07333333333333333
IDataReceiver:0.065
GodPacketListener:0.013333333333333334
GZipTest:0.005555555555555555
