SWQuickDownloadAction:0.5442777777777777
SWConfigDownloadAction:0.5442777777777777
