Key:0.435
ContainerImpl:0.41333333333333333
ToStringBuilder:0.3433333333333333
AnnotationTypeStrategy:0.2773333333333333
NamedImpl:0.20333333333333334
ServletModule:0.12666666666666668
