Rule:0.5466666666666666
Action:0.49599999999999983
JModel:0.4033333333333333
LTSJVertex:0.2833333333333333
AJCell:0.26
PreviewControlAction:0.18
Recipe:0.09666666666666666
