Context:0.5566666666666666
DriverConductor:0.4766666666666667
SenderTest:0.29
SendChannelEndpoint:0.25
PublicationAssembly:0.09
