Products2Test:0.7316666666666667
EditGalleryAction:0.6233333333333333
