MigrationInfoImpl:0.6916666666666667
FlywayMediumTest:0.6819444444444445
MigrationInfoServiceImpl:0.3711111111111111
