LocationStrategy:0.4033333333333333
TypeLocator:0.26222222222222225
Compound:0.24666666666666667
Collector:0.08316666666666667
AgentBuilderLocationStrategyForClassLoaderTest:0.02666666666666667
