SlidrConfig:0.7866666666666666
Builder:0.4533333333333333
SliderPanel:0.3333333333333333
ViewerActivity:0.16
