CalendarFolderView:0.5133333333333333
GwtTeamingMessages:0.4
GwtMenuHelper:0.31333333333333335
CalendarAppointment:0.24
