MultifactorAuthenticationTrustStorage:0.5033333333333333
InMemoryMultifactorAuthenticationTrustStorage:0.4216666666666667
MultifactorAuthenticationSetTrustAction:0.39888888888888885
