HeterolyticCleavageReaction:0.7133333333333334
HomolyticCleavageReaction:0.7133333333333334
