NodeIOService:0.33666666666666667
NodeEngineImpl:0.30666666666666664
EventServiceImpl:0.30333333333333334
BasicOperationService:0.3011111111111111
MockConnection:0.25333333333333335
WanNoDelayReplication:0.17111111111111113
