OsgiPersistenceProvider:0.45666666666666667
OsgiJtaPlatform:0.44666666666666666
OsgiClassLoader:0.4266666666666667
OsgiSessionFactoryService:0.28300000000000003
OsgiArchiveDescriptor:0.13666666666666666
HibernateBundleActivator:0.056666666666666664
