AbstractTraversableTest:0.44111111111111106
Valid:0.3480952380952381
EitherLeftProjectionTest:0.30333333333333334
EitherRightProjectionTest:0.30333333333333334
FutureTest:0.2866666666666667
IteratorTest:0.2833333333333333
Invalid:0.25277777777777777
AbstractValueTest:0.25
