FinishedStudyListPanel:0.49666666666666665
OngoingStudyListPanel:0.49666666666666665
ScienceWindow:0.33
