HazelcastClient:0.42333333333333334
TransactionContext:0.2812222222222222
ClientEngine:0.26666666666666666
TransactionContextImpl:0.18333333333333332
ClientEngineImpl:0.18333333333333332
ClientEndpoint:0.1825
QueuePortableHook:0.14666666666666667
ClientClusterServiceImpl:0.12666666666666668
FactoryIdHelper:0.0
