JdbcTemplate:0.59
Flyway:0.4766666666666667
DbSupport:0.46711904761904766
DB2DbSupport:0.22
PostgreSQLDbSupport:0.21666666666666667
SQLServerDbSupport:0.21666666666666667
DerbyDbSupport:0.20333333333333334
H2DbSupport:0.20333333333333334
MySQLDbSupport:0.20333333333333334
MetaDataTableTo20FormatUpgrader:0.18166666666666667
OracleDbSupport:0.18
HsqlDbSupport:0.16333333333333333
MigrationTestCase:0.12
