AnalyzeRequest:0.5466666666666666
SearchScrollRequest:0.38
ClearScrollRequest:0.38
AnalyzeRequestBuilder:0.2733333333333333
SearchScrollRequestBuilder:0.24333333333333335
Async:0.22666666666666666
IndicesRequestTests:0.19666666666666666
ClearScrollRequestBuilder:0.18
AnalyzeContext:0.17666666666666667
SearchScrollTests:0.14333333333333334
RestClearScrollAction:0.13333333333333333
TransportSearchHelper:0.07
RestSearchScrollAction:0.06333333333333334
RestAnalyzeAction:0.05333333333333334
TransportClearScrollAction:0.041944444444444444
TransportSearchScrollAction:0.02666666666666667
TransportAnalyzeAction:0.02666666666666667
AnalyzeActionTests:0.016666666666666666
