Options:0.58
GrammarModel:0.3466666666666667
GraphBasedEdit:0.29833333333333334
TextBasedEdit:0.29833333333333334
DefaultFileSystemStore:0.2866666666666667
