FileReader:0.6666666666666666
ReadMDLRXNFile:0.36333333333333334
WriteToMDLMolFile:0.24333333333333335
XMLFileIO:0.24333333333333335
