Dependency:0.46
ExternalExtensionsDialog:0.31666666666666665
GdxSetupUI:0.30633333333333335
Form:0.16555555555555557
ExtensionTableModel:0.16
