NumberFieldMapper:0.39666666666666667
GeoBoundingBoxQueryBuilder:0.26
GeoDistanceQueryBuilder:0.26
ReplaceableConstDoubleValueSource:0.25333333333333335
GeoDistanceQueryBuilderTests:0.22333333333333333
GeoBoundingBoxQueryBuilderTests:0.22333333333333333
DateFieldType:0.21833333333333332
