WebflowProperties:0.37333333333333335
CasCoreWebflowConfiguration:0.31666666666666665
WebflowConversationStateCipherExecutor:0.28547619047619044
BaseBinaryCipherExecutor:0.22555555555555554
PasswordManagementWebflowConfigurer:0.21
AbstractThrottledSubmissionHandlerInterceptorAdapter:0.17333333333333334
