Util:0.48
jOOQAbstractTest:0.4172222222222222
FetchTests:0.32666666666666666
