MetadataEntityManagerImpl:0.7816666666666666
BusinessEntityManagerImpl:0.2633333333333333
ImporteFromXml:0.16
