SeqFeatureI:0.83
SeqFeature:0.66
FeatureSetI:0.4667063492063494
ExpandableFeatureSet:0.4633333333333333
FeatureSet:0.24666666666666667
