AndroidManifest:0.75
ShadowActivityTest:0.30666666666666664
ShadowApplicationTest:0.26666666666666666
DefaultTestLifecycleTest:0.23
