SimStateMachine:0.42833333333333334
NativeStateMachine:0.37
MJIEnv:0.3005555555555555
