MockMvcRequestSenderImpl:0.6433333333333333
RequestLoggingTest:0.21
RequestSpecMergingITest:0.20333333333333334
FilterITest:0.18666666666666668
LoggingIfValidationFailsTest:0.18333333333333332
RequestPrinter:0.18333333333333332
