TestOnTabChangeListener:0.2815873015873015
TabSpecTest:0.21666666666666667
ClassCacheTest:0.19
ShadowTabSpec:0.15
ShadowTabHost:0.1
TabHostTest:0.08666666666666667
