Result:0.7533333333333333
GenericResultPoint:0.54
Code39Reader:0.3566666666666667
Code128Reader:0.2866666666666667
