Lexer:0.68
UnbufferedCharStream:0.39666666666666667
TestT:0.35
TestUnbufferedCharStream:0.2966666666666667
LexerInterpreter:0.18
CommonTokenFactory:0.11666666666666667
