FileSyncService:0.6427777777777778
PushService:0.41333333333333333
PullService:0.3933333333333333
