ReportEvents:0.7266666666666667
Hit:0.6830555555555555
