FieldDefinition:0.6877777777777778
OrderedProperties:0.42333333333333334
