StbTrueTypeTest:0.9066666666666666
LwjglDebugStarter:0.34
JoglDebugStarter:0.17333333333333334
