Root:0.44666666666666666
JSONTest:0.2733333333333333
ParserConfig:0.2633333333333333
DefaultObjectDeserializer:0.21
Bug_for_wangran2:0.20666666666666667
