Shape:0.48
EquipmentLayoutScene:0.39
ModelLayoutScene:0.36
CustomShape:0.3466666666666667
EquipmentLayoutTopComponent:0.32
ContainerShapeWidget:0.29333333333333333
ContainerShape:0.2866666666666667
EquipmentLayoutTopComponentOld:0.25666666666666665
CopyShapeAction:0.22833333333333333
GroupShapesAction:0.20666666666666667
DeleteShapeAction:0.20333333333333334
PasteShapeAction:0.2
ResizeShapeProvider:0.19333333333333333
GroupCopyShapeAction:0.18666666666666668
ShapeWidgetUtil:0.15333333333333332
MoveShapeProvider:0.15
EditLayoutAction:0.14833333333333334
CategoryChildren:0.14666666666666667
EquipmentLayoutConfigurationObject:0.1437301587301587
EditCustomShapeLayoutAction:0.13
EquipmentLayoutPalette:0.12666666666666668
SelectableShapeWidget:0.12333333333333334
ShapeChildren:0.11333333333333333
Constants:0.10666666666666667
ModelLayoutAcceptProvider:0.09
ShapeFactory:0.08888888888888889
ShapeSelectProvider:0.08
GroupShapesAction1:0.08
BringToBackAction:0.07
BringToFrontAction:0.07
BringToFrontOneStepAction:0.06666666666666667
ShapeWidgetMenu:0.06666666666666667
MoveShapeWidgetProvider:0.06333333333333334
EquipmentLayoutAcceptProvider:0.05027777777777778
ResizeShapeWidgetProvider:0.04666666666666667
EquipmentLayoutService:0.045
BringToBackOneStepAction:0.04
ShapeWidgetFactory:0.021666666666666667
DeleteContainerShapeAction:0.021666666666666667
ResizeContainerShapeProvider:0.016666666666666666
UngroupShapesAction:0.016666666666666666
MoveContainerShapeProvider:0.015
GenericShapeAction:0.01
