TaskHistoryWriter:0.52
ZooKeeperMasterModel:0.4666666666666667
TaskHistoryWriterTest:0.25333333333333335
ZooKeeperAgentModel:0.19
