RestAssured:0.55
JsonPath:0.37666666666666665
RestAssuredConfig:0.35333333333333333
ResponseSpecBuilder:0.23
ExceptionCatcher:0.19111111111111112
