BoundedLocalCache:0.55
CaffeineConfiguration:0.5366666666666666
Configurator:0.2394444444444445
Builder:0.2272222222222222
UpdateTask:0.1811111111111111
TypesafeConfigurator:0.13
