Bisimulator:0.31666666666666665
AUTwriter:0.3
ForestLayouter:0.25
MatrixAutomaton:0.25
RuleSystem:0.24
ConstraintRules:0.21666666666666667
PriorityFileName:0.21666666666666667
EditableContent:0.21666666666666667
AUTreader:0.19666666666666666
HashIntSet:0.15
