AbstractPlugin:0.57
StandaloneApplication:0.33666666666666667
TagsEditor:0.30666666666666664
AddFeedDialog:0.25333333333333335
