AddShowUIModel:0.4266666666666667
AddShowView:0.4111111111111111
AddShowController:0.22666666666666666
AddShowUIModelListener:0.22666666666666666
