PrestoDatabaseMetaData:0.6153333333333333
TestDriver:0.35333333333333333
TpchMetadata:0.23
SystemTablesModule:0.09
