WFSPanel:0.5233333333333333
AbstractWFSWrapper:0.38333333333333336
WFServiceWrapper_1_1_0:0.2672222222222222
WFServiceWrapper_1_0_0:0.24333333333333335
