BufferDescriptor:0.4322222222222223
ManyToOneRingBuffer:0.30333333333333334
ManyToOneRingBufferTest:0.26666666666666666
BasicBufferManagementStrategy:0.20333333333333334
RecordDescriptor:0.19
TopologyBuilder:0.18666666666666668
TransmitterTest:0.13
Transmitter:0.12
