Builder:0.5566666666666666
TypeParsers:0.31666666666666665
DynamicTemplate:0.27
IndexTemplateMetaData:0.1988888888888889
TermBasedFieldType:0.19333333333333333
AnalysisRegistry:0.16333333333333333
SimilarityService:0.1622222222222222
TypeParser:0.12444444444444443
