Signature:0.5466666666666666
Analyzer:0.4533333333333333
DirObjectSource:0.29
RecursiveFileIterator:0.2833333333333333
DirNode:0.18666666666666668
