Maps:0.4722222222222222
Ordering:0.4166666666666667
ArbitraryOrdering:0.18333333333333332
Platform:0.17277777777777775
ArbitraryOrderingHolder:0.0575
