ScriptPattern:0.5133333333333333
Wallet:0.49333333333333335
Script:0.42
WalletTool:0.27777777777777773
