ExitStatus:0.65
ExitStatusTests:0.5233333333333333
StepListener:0.4266666666666667
TaskletStep:0.4266666666666667
TaskletStepTests:0.22666666666666666
StepListenerSupport:0.09893650793650795
CompositeStepListenerTests:0.02666666666666667
CompositeStepListener:0.016666666666666666
