Unit:0.46
UnitEvent:0.45666666666666667
Task:0.38
Settlement:0.36333333333333334
Inventory:0.35333333333333333
Person:0.3516666666666667
Vehicle:0.34
MalfunctionManager:0.33
BuildingManager:0.31
PhysicalCondition:0.29333333333333333
TaskManager:0.25333333333333335
Mind:0.24333333333333335
PowerGrid:0.23333333333333334
HealthProblem:0.23333333333333334
VehicleMission:0.22333333333333333
Farming:0.22
GoodsManager:0.21666666666666667
ConstructionManager:0.21
BuildingSalvageMission:0.20333333333333334
BuildingConstructionMission:0.2
MemberTableModel:0.18333333333333332
TradeTableModel:0.18333333333333332
VehicleTableModel:0.15
SettlementTableModel:0.14666666666666667
CollectResourcesMissionCustomInfoPanel:0.12666666666666668
PersonTableUpdater:0.11333333333333333
AssociatedSettlementListener:0.1
LocalCrewListener:0.09333333333333334
InhabitantSettlementListener:0.09333333333333334
VehicleInfoUpdater:0.04666666666666667
