LexerATNConfig:0.4066666666666667
ATNState:0.39666666666666667
LexerATNSimulator:0.38666666666666666
ATNConfig:0.25666666666666665
ATNConfigSet:0.22333333333333333
ConfigHashSet:0.19
BlockEndState:0.0
