TableHandleJacksonModule:0.49
TestJsonTableHandle:0.4066666666666667
TableHandleTypeResolver:0.22666666666666666
TableHandleModule:0.1577777777777778
