VcardSubCrawler:0.68
BZip2SubCrawler:0.2
GZipSubCrawler:0.2
ArchiveSubCrawlerActivator:0.056666666666666664
VcardSubCrawlerActivator:0.016666666666666666
MimeSubCrawlerActivator:0.006666666666666667
