SearchFilter:0.54
DefaultProfileCoreProcessor:0.3233333333333333
FolderEntryResource:0.2733333333333333
AbstractBinderResource:0.21333333333333335
UserResource:0.20333333333333334
ProfileIndexUtils:0.08333333333333333
