Toolbar:0.5766666666666667
GuiMode:0.48333333333333334
RecentArchivesButton:0.23333333333333334
