BinderHelper:0.7233333333333334
AjaxController:0.48
ObjectKeys:0.4032222222222222
WebKeys:0.4032222222222222
GeneratePortletProperties:0.19666666666666668
ViewController:0.1577777777777778
EditController:0.12666666666666668
MobileAjaxController:0.03333333333333333
