SPORule:0.7055555555555555
PositiveCondition:0.31
NewRuleView:0.29333333333333333
Parameters:0.17
