RegisteredServiceAccessStrategy:0.6665555555555556
DefaultRegisteredServiceAccessStrategy:0.49333333333333335
DefaultRegisteredServiceAccessStrategyTests:0.30333333333333334
CentralAuthenticationServiceImpl:0.18666666666666668
RegisteredServiceAuthorizationStrategyMixin:0.08333333333333333
