Jnet:0.5333333333333333
GOBrowser:0.4033333333333333
InfoNodeMan:0.31333333333333335
ZoomSliderListener:0.22333333333333333
WebLaunch:0.1943968253968254
GoView:0.18
