Printer:0.89
GenericExtruder:0.5333333333333333
GCodeReaderAndWriter:0.37666666666666665
GenericRepRap:0.36333333333333334
