PetiteBeans:0.47
PetiteUtil:0.44
MethodResolver:0.24666666666666667
CtorResolver:0.17666666666666667
PetiteResolvers:0.17438888888888887
InjectionPointFactory:0.15
FullTypeTest:0.11333333333333333
CtorInjectionPoint:0.11
Koo:0.08333333333333333
