Content:0.41333333333333333
TreeLayoutRenderer:0.23
GraphWidget:0.17166666666666666
DnDResizeNode:0.17
DnDCreateArc:0.17
LayoutRenderer:0.1267222222222222
DnD:0.12083333333333333
GraphRenderer:0.02666666666666667
