FlowHandlerAdapter:0.513611111111111
FlowController:0.513611111111111
