SpTree:0.6566666666666666
BarnesHutTsne:0.55
Builder:0.26666666666666666
NearestNeighborTest:0.11
