BioResource:0.7333333333333333
FolderResource:0.4
DeleteResourceProgressDialog:0.14333333333333334
