HttpTransfer:0.5566666666666666
Http:0.4
HttpParams:0.39
HttpTunnel:0.05333333333333334
HttpTest:0.023333333333333334
