ReflectionUtils:0.48
TestExecutionNode:0.43
MethodTestExecutionNode:0.3466666666666667
ClassTestExecutionNode:0.27666666666666667
JUnit5TestEngineTests:0.2633333333333333
ContextTestExecutionNode:0.12333333333333334
