Token:0.4580555555555556
HtmlTreeBuilder:0.41333333333333333
Tag:0.39
Element:0.365
CharacterReader:0.31666666666666665
Character:0.29
Tokeniser:0.16333333333333333
StartTag:0.15333333333333332
EndTag:0.14333333333333334
EOF:0.14333333333333334
XmlTreeBuilder:0.14
CharacterReaderTest:0.12333333333333334
TreeBuilder:0.09166666666666666
Doctype:0.07444444444444444
Comment:0.05
