Field:0.7375
Function:0.4033333333333333
jOOQAbstractTest:0.38333333333333336
AbstractField:0.3233333333333333
AggregateFunctionImpl:0.17
