Filter:0.637
TreeView:0.42333333333333334
VisibleFilter:0.31
FilterProperties:0.17
FilterByType:0.10666666666666667
