DateHistogramIT:0.6233333333333333
DateRangeIT:0.48333333333333334
DateRangeTests:0.48333333333333334
