PrefixSuffixNaming:0.4066666666666667
Naming:0.375
Constitution:0.31333333333333335
Styles:0.245
ConstantNaming:0.2
NamingTest:0.12
EnclosingHiddenImplementation:0.03666666666666667
