SessionFactoryImpl:0.6033333333333334
SessionFactoryServiceRegistryImpl:0.31666666666666665
SessionFactoryServiceRegistry:0.25665079365079363
AbstractJPATest:0.18666666666666668
CallbackTest:0.16
