FillableFigure:0.7033333333333334
RectangleFigure:0.3333333333333333
TextFigure:0.3333333333333333
EllipseFigure:0.3333333333333333
