Flyway:0.7066666666666667
DbMigrator:0.41333333333333333
MigrationTestCase:0.20333333333333334
MigrateMojo:0.16666666666666666
