BooleanStream:0.36833333333333335
SliceDirectStreamReader:0.28
LongStreamV1:0.21
LongStreamDwrf:0.21
LongStreamV2:0.21
ByteStream:0.20666666666666667
ByteArrayStream:0.20666666666666667
FloatStream:0.13
DoubleStream:0.13
ValueStream:0.052388888888888895
