JobSupervisor:0.46
PartitionProcessor:0.3044444444444444
MapReduceDataSerializerHook:0.27
MapCombineTask:0.14666666666666667
MapReduceUtil:0.13666666666666666
SingleExecutionProcessor:0.10527777777777778
