ManagementCenterService:0.4866666666666667
ExecuteScriptRequest:0.32
ScriptExecutorOperation:0.2633333333333333
MapConfigRequest:0.20333333333333334
ExecuteScriptRequestTest:0.2
MemberListenerImpl:0.1988888888888889
ClearWanQueuesRequest:0.19
ChangeWanStateRequest:0.19
ThreadDumpRequest:0.17666666666666667
