ResourceConfig:0.37333333333333335
DescribeEndpointConfigResult:0.34
CreateEndpointConfigRequest:0.25
ResourceConfigMarshaller:0.19111111111111112
DescribeEndpointConfigResultJsonUnmarshaller:0.16111111111111112
ResourceConfigJsonUnmarshaller:0.16111111111111112
CreateEndpointConfigRequestMarshaller:0.15333333333333332
