P4:0.46
Changelist:0.12166666666666667
AffectedFile:0.06666666666666667
