GlobalMenu:0.5833333333333334
InternetSearch:0.4666666666666667
MainWindow:0.44333333333333336
MText:0.33666666666666667
SearchAction:0.25
UserMenu:0.24377777777777776
InternetSearchPlugin:0.17777777777777778
SearchBar:0.16666666666666666
InternetSearchAction:0.08
LocalSearchAction:0.03333333333333333
