Array:0.48
HeapAllocator:0.4066666666666667
UnsafeHelper:0.395
BytecodeToQuad:0.37333333333333335
x86ReferenceCompiler:0.25333333333333335
QuadInterpreter:0.22
BuildMethodSummary:0.20666666666666667
DirectVMInterface:0.20666666666666667
AndersenPointerAnalysis:0.20666666666666667
TrimmerVisitor:0.19666666666666666
B2QUnsafeIgnorer:0.14333333333333334
B2QUnsafeHandler:0.09333333333333334
