FilterFactory:0.6877777777777778
BinaryComparisonOperator:0.3110079365079366
