Adaptor:0.8166666666666667
Jdbcs:0.46
NutSql:0.2966666666666667
AbstractSqlManager:0.26666666666666666
AbstractLinkField:0.19666666666666666
AbstractJdbcExpert:0.17666666666666667
AnnotationEntityMaker:0.14
EntityHolder:0.14
NumberRange:0.10666666666666667
NameRange:0.10666666666666667
