LifecycleTestPresenter:0.5066666666666667
ViewGroupMviDelegateImpl:0.21666666666666667
MviLifecycleChildFragmentActivityTest:0.17
MviLifecycleBackstackActivity:0.16666666666666666
MviLifecycleChildFragmentActivity:0.14888888888888888
MviLifecycleActivityTest:0.09
RetainingFragmentContainerActivityTest:0.08666666666666667
BackstackActivityTest:0.08333333333333333
MviLifecycleActivity:0.06843434343434343
SimpleFragmentContainerActivityTest:0.06666666666666667
SimpleFragmentContainerActivity:0.04238095238095239
RetainingFragmentContainerActivity:0.04238095238095239
