CommunicationsStub:0.7
AbstractScene:0.41
SDHModuleScene:0.24833333333333332
TopologyViewScene:0.23666666666666666
ChildrenViewScene:0.21
ConnectionsInRackViewScene:0.20666666666666667
RackViewScene:0.20666666666666667
PhysicalPathScene:0.19666666666666666
SpecialRelationshipsGraphExplorerScene:0.19333333333333333
ClassHierarchyScene:0.19
MPLSModuleScene:0.17333333333333334
MPLSModuleConnectProvider:0.1575
ConnectionsInRackViewService:0.14666666666666667
EndToEndViewSimpleScene:0.14666666666666667
SDHModuleConnectProvider:0.11333333333333333
EndToEndViewTopComponent:0.1
ServiceNode:0.09
TopologyViewTopComponent:0.07
ObjectBoxWidget:0.04666666666666667
EndToEndViewDetailedScene:0.03333333333333333
ShowServiceTopologyViewAction:0.02666666666666667
EndToEndViewScene:0.023333333333333334
EndToEndViewService:0.0033333333333333335
