FileList:0.49666666666666665
VCSAdapter:0.44095634920634924
FileListDiff:0.30916666666666665
IncomingInvitationProcess:0.2966666666666667
FileListData:0.29
SubclipseAdapter:0.23
