Element:0.6666666666666666
Parser:0.3433333333333333
Document:0.2633333333333333
ElementTest:0.18666666666666668
Cleaner:0.14333333333333334
