AbstractAuthenticationFilterConfigurer:0.6758333333333333
FormLoginConfigurer:0.2633333333333333
SecurityConfig:0.16
