InputFile:0.7933333333333333
PackagePrefixes:0.3933333333333333
RegularInputFile:0.36
JarredInputFile:0.27666666666666667
