TaskExecution:0.59675
ImportTableExecution:0.59675
QueryExecution:0.5336785714285714
SqlQueryExecution:0.385
SqlTaskManager:0.2866666666666667
SqlQueryManager:0.24666666666666667
SqlTaskExecution:0.20333333333333334
