ARINCColors:0.5922777777777778
ServerDefinitionFile:0.37666666666666665
AbstractColors:0.2966666666666667
ARINCModelFactory:0.2816666666666667
AbstractXMLDFHandler:0.26666666666666666
DefaultClientXMLDFHandler:0.22666666666666666
GraphicProperties:0.21777777777777782
DefaultServerXMLDFHandler:0.21333333333333335
ClientGraphicsConfigHandler:0.13666666666666666
