ColorUtils:0.465
RosterUtilsTest:0.3333333333333333
SarosNetConnectTest:0.27666666666666667
ColorUtilsTest:0.22333333333333333
SubscriptionManagerTest:0.16253968253968254
UserTest:0.09
