Compiler:0.53
PatternBuilder:0.4166666666666667
CompilerBase:0.36666666666666664
EPImplicit:0.17666666666666667
