HtmlPage:0.5222222222222221
BaseFrame:0.48583333333333334
IFrameTest:0.35
