QueuePanel:0.31333333333333335
SystemInfoPanel:0.31333333333333335
FileSystemPanel:0.31333333333333335
ReportPanel:0.31333333333333335
