QueryInfo:0.49333333333333335
StageInfo:0.425
MockQueryExecution:0.36
SqlQueryExecution:0.32666666666666666
QueryStatistics:0.25666666666666665
