ShardDao:0.6333333333333333
StorageService:0.6211111111111111
ShardCleaner:0.46
ShardCleanerConfig:0.38666666666666666
DatabaseShardManager:0.2966666666666667
FileStorageService:0.2833333333333333
OrcStorageManager:0.268
TestShardDao:0.25333333333333335
OrcStoragePageSink:0.25083333333333335
TestOrcStorageManager:0.23666666666666666
TestShardCleaner:0.22666666666666666
SchemaDao:0.1408730158730159
SchemaDaoUtil:0.13666666666666666
StorageModule:0.13333333333333333
TestShardCleanerConfig:0.13333333333333333
RecordedShard:0.10333333333333333
ShardRecorder:0.08666666666666667
TestingDao:0.07666666666666666
TestFileStorageService:0.062222222222222213
InMemoryShardRecorder:0.03
