RedissonGeo:0.48
ListMultiDecoder:0.3566666666666667
GeoPositionMapDecoder:0.235
GeoPositionDecoder:0.2
CommandDecoder:0.18666666666666668
ObjectListReplayDecoder:0.17333333333333334
GeoMapReplayDecoder:0.1375
NestedDecoderState:0.13333333333333333
ScoredSortedSetScanReplayDecoder:0.11333333333333333
ListScanResultReplayDecoder:0.11333333333333333
MapScanResultReplayDecoder:0.11333333333333333
