BellmanFord:0.49333333333333335
Dijkstra:0.39222222222222225
Johnson:0.33666666666666667
