ProxyDelegatingHandler:0.5983333333333334
FakeView:0.5966666666666667
