Factory:0.28
ForThrowable:0.26
ForStackManipulation:0.25666666666666665
ForAllArguments:0.24666666666666667
ForParameterValue:0.22333333333333333
ForOrigin:0.19026190476190477
ForFieldValue:0.17666666666666667
ForSerializedValue:0.16833333333333333
ParameterBinding:0.16833333333333333
ForEnterValue:0.16833333333333333
ForArray:0.165
ForField:0.16166666666666665
ForReturnValue:0.16
ForThisReference:0.16
ForArgument:0.14976190476190476
ForFixedValue:0.11
