ClusterService:0.82
ReadHandler:0.38666666666666666
RemotelyProcessHandler:0.14333333333333334
AsymmetricCipherPacketReader:0.11333333333333333
