Parameter:0.7833333333333333
StarterDialog:0.33666666666666667
Xml2OtherGui:0.21666666666666667
ParameterList:0.15666666666666668
FormatUtility:0.06666666666666667
