DSL:0.5633333333333334
UserImpl:0.5266666666666666
