ResourcesManager:0.64
GUI:0.52
KerberosAuthenticator:0.25
SystemTrayAlert:0.20833333333333334
UserInputAuthenticator:0.18
LoginHelper:0.14666666666666667
SystemTray:0.14333333333333334
PlatformLoader:0.12
Authenticator:0.10333333333333333
