AbstractTypeDescriptionGenericTest:0.6133333333333333
AbstractTypeDescriptionGenericVariableDefiningTest:0.2833333333333333
