GwtTeamingMessages:0.5422222222222223
ShareWithPublicInfoDlg:0.4166666666666667
GwtRpcServiceImpl:0.24777777777777782
ShareThisDlg:0.2242063492063492
GwtServerHelper:0.21333333333333335
RecipientTypeWidget:0.17666666666666667
GetEntityPermalinkCmd:0.1
