ViewManager:0.47333333333333333
TimelineView:0.32
EditView:0.2866666666666667
ViewWidget:0.2661111111111111
TableView:0.24
TreeView:0.23666666666666666
EditViewFactory:0.175
EntityPopupMouseListener:0.14666666666666664
