LookupSource:0.7333333333333333
InMemoryJoinHash:0.22333333333333333
PartitionedLookupSource:0.22
EmptyLookupSource:0.13472222222222222
OuterLookupSource:0.13472222222222222
