BioList:0.9666666666666667
MethodRecord:0.37
JsScriptGenerator:0.2833333333333333
ScriptGenerationTests:0.25
