RecordReaderDataSetIterator:0.8366666666666667
TestDataVecDataSetFunctions:0.3333333333333333
