Restriction:0.8483333333333334
CodeListTest:0.09333333333333334
