QsarEditor:0.7516666666666667
QSARBuilder:0.36833333333333335
