MongoDbMultifactorAuthenticationTrustStorage:0.37333333333333335
OAuth20AuthenticationRequestServiceSelectionStrategy:0.3
DefaultPasswordEncoderTests:0.25666666666666665
CasConfigurationCreatedEvent:0.24666666666666667
CasConfigurationDeletedEvent:0.24666666666666667
JasigRegisteredServiceDeserializationProblemHandler:0.13666666666666666
