AbstractEntityTest:0.5866666666666667
JtaExceptionListener:0.36666666666666664
JtaTransaction:0.2866666666666667
