MvpInternalDelegate:0.5033333333333333
FragmentMvpDelegateImpl:0.37666666666666665
ActivityMvpDelegateImpl:0.31333333333333335
ViewGroupMvpDelegateImpl:0.26
