GeneralOperationParameter:0.5638055555555556
ParameterValue:0.4105555555555555
OperationParameter:0.31333333333333335
