Rule:0.6533333333333333
PostScriptDocument:0.35
ATNSerializer:0.3
DFAState:0.25666666666666665
ATNConfigSet:0.16
ATNPrinter:0.12666666666666668
DFASerializer:0.12333333333333334
