DirContextAdapter:0.8633333333333333
DirContextAdapterTest:0.2833333333333333
