ObjectiveCImplementationGeneratorTest:0.3333333333333333
StatementGeneratorTest:0.2966666666666667
AnonymousClassConverterTest:0.2966666666666667
RewriterTest:0.2866666666666667
OperatorRewriter:0.2733333333333333
InitializationNormalizerTest:0.25666666666666665
ComplexExpressionExtractorTest:0.22
InnerClassExtractorTest:0.21666666666666667
StaticVarRewriterTest:0.18
SuperMethodInvocationRewriterTest:0.17
