UserListPanel:0.4483333333333333
ValidatorMessageLabel:0.4126666666666667
UserValidator:0.3
AddUserForm:0.2633333333333333
