SteepestDescentsMethod:0.45
ForceField:0.33
GeometricMinimizer:0.2733333333333333
ConjugateGradientMethod:0.25
PotentialFunction:0.18055555555555558
