LinearInterpolationTest:0.26666666666666666
CubicSplineInterpolationTest:0.24666666666666667
InterpolationTestBase:0.16333333333333333
FlatForwardInterpolationTest:0.12666666666666668
BackwardInterpolationTest:0.10333333333333333
