StatusUpdateApplicationListener:0.64
AdminServerCoreConfiguration:0.37333333333333335
StatusUpdateApplicationListenerTest:0.25333333333333335
