MetadataEntityManagerImpl:0.4033333333333333
MetadataEntityManagerRemote:0.39666666666666667
MetadataEntityManager:0.39666666666666667
CacheManager:0.36333333333333334
BusinessEntityManager:0.23666666666666666
BusinessEntityManagerRemote:0.23666666666666666
BusinessEntityManagerImpl:0.16
RemoteBusinessObject:0.13333333333333333
