Coordinates:0.6466666666666666
Direction:0.37083333333333335
TestItemResource:0.335
TestGoods:0.24277777777777776
JUnitTests:0.23472222222222225
AllJUnitTests:0.22
TestCoordinates:0.21666666666666667
OperateVehicle:0.17
