IOSGraphics:0.5
AndroidGraphics:0.37666666666666665
IOSApplication:0.31666666666666665
StringTokenizer:0.31333333333333335
GlyphLayout:0.24666666666666667
GLSurfaceView20:0.24
FileHandle:0.20833333333333334
IOSRobovmTests:0.16333333333333333
ContextFactory:0.085
IOSApplicationConfiguration:0.0
AndroidApplicationConfiguration:0.0
