SoftCryptoTokenTest:0.6266666666666667
CachingKeyStoreWrapperTest:0.45666666666666667
PKCS11TestUtils:0.33
AlgorithmToolsTest:0.29
CaCertificateCacheTest:0.2833333333333333
PKCS11CryptoTokenTest:0.28
UserDataTest:0.26666666666666666
CryptoTokenTestBase:0.19333333333333333
MockCryptoToken:0.19
EndEntityInformationFillerTest:0.13
EndEntityManagementTest:0.08666666666666667
CryptoTokenFactoryTest:0.03283333333333333
