HopParser:0.5033333333333333
StepFactory:0.3466666666666667
VariableDescriptor:0.31
HopLexer:0.27666666666666667
DFA80:0.13544444444444442
DFA4:0.13544444444444442
DFA35:0.13544444444444442
DFA57:0.13544444444444442
