ExtentHelper:0.4015
ReusableObjManager:0.37333333333333335
Get:0.26666666666666666
