Grammar:0.56
Tool:0.3466666666666667
Target:0.32666666666666666
CodeGenerator:0.27166666666666667
LeftRecursiveRuleAnalyzer:0.24
AnalysisPipeline:0.22833333333333333
SymbolChecks:0.22666666666666666
UseDefAnalyzer:0.22
AttributeChecks:0.21
ActionTranslator:0.19333333333333333
LexerATNFactory:0.185
ActionSniffer:0.185
SemanticPipeline:0.18333333333333332
GrammarTransformPipeline:0.17
TreeParserATNFactory:0.14666666666666667
TokenVocabParser:0.14666666666666667
ATNPrinter:0.11666666666666667
MatchTree:0.10333333333333333
LL1OptionalBlockSingleAlt:0.08333333333333333
LL1AltBlock:0.08333333333333333
