JedisPool:0.5266666666666666
JedisFactory:0.5
JedisSentinelPool:0.4166666666666667
