IReceiver:0.5633333333333334
UploadTaskEntity:0.3588888888888888
DownloadTarget:0.3433333333333333
AriaManager:0.27666666666666667
DownloadReceiver:0.2733333333333333
UploadReceiver:0.25666666666666665
CheckUtil:0.25333333333333335
DownloadTaskEntity:0.22583333333333333
Aria:0.18666666666666668
CommonUtil:0.16166666666666665
