AllAttrInjector:0.7372936507936508
ServletContextInjector:0.22994444444444445
