RemoveRequest:0.42333333333333334
DeleteCommandMessage:0.2833333333333333
BaseUpdateCommandMessage:0.27
BaseUpdateRequest:0.23333333333333334
DeleteMessage:0.16633333333333333
BaseUpdateMessage:0.13666666666666666
UpdateRequest:0.11
ReplaceRequest:0.10333333333333333
WriteRequest:0.013333333333333334
