Graphics:0.7233333333333334
Input:0.6033333333333334
LwjglGraphics:0.24333333333333335
LwjglInput:0.21333333333333335
AndroidInput:0.21142857142857144
IOSGraphics:0.19666666666666666
AndroidGraphics:0.19666666666666666
GwtGraphics:0.18
MockGraphics:0.18
IOSInput:0.17666666666666667
RemoteInput:0.17666666666666667
GwtInput:0.17666666666666667
InputWrapper:0.17666666666666667
JglfwInput:0.17666666666666667
MockInput:0.17666666666666667
LwjglAWTInput:0.16333333333333333
JglfwGraphics:0.14
