DriverConductor:0.4866666666666667
NetworkConnection:0.47
SendChannelEndpoint:0.23166666666666666
ReceiveChannelEndpoint:0.23166666666666666
