Analysis:0.7033333333333334
Analyzer:0.29333333333333333
DataTypeVisitor:0.25333333333333335
AggregationFunction:0.19666666666666666
