IUpgradeTask:0.33976190476190476
UpgradeService:0.3333333333333333
INodeService:0.27166666666666667
AbstractSqlUpgradeTask:0.26
MockNodeService:0.23666666666666666
NodeService:0.23666666666666666
SqlUpgradeTask:0.16333333333333333
SqlDrivenUpgradeTask:0.08333333333333333
