UpdateDerivedFieldsUtils:0.48333333333333334
MediaComposerBean:0.3466666666666667
StudyBean:0.3466666666666667
InstanceBean:0.31
SeriesBean:0.3
FileSystemMgt2Bean:0.24
StorageBean:0.21666666666666667
PrivateManagerBean:0.21333333333333335
StudyMgtBean:0.21
ContentEditBean:0.20333333333333334
StudyReconciliationBean:0.19666666666666666
ConsistencyCheckBean:0.14333333333333334
