JavaMailer:0.58
MockNetworkTest:0.46
JavaMailerConfig:0.12333333333333334
JavaMailerException:0.10333333333333333
JavaMailerTest:0.04
CommandExecutor:0.006666666666666667
ClassExecutor:0.006666666666666667
ExecutorStrategy:0.0011111111111111111
