HydrogenAdder:0.4166666666666667
AdjustBondOrdesEditTest:0.28
AddHydrogenEditTest:0.25666666666666665
AddHydrogenEdit:0.21666666666666667
JChemPaintPanel:0.2
AddHydrogenAction:0.185
AdjustBondOrdesEdit:0.14666666666666667
ConvertToRadicalEditTest:0.13666666666666666
ChangeIsotopeEdit:0.13333333333333333
ChangeAtomSymbolEdit:0.13333333333333333
ConvertToPseudoAtomEdit:0.13333333333333333
ConvertToRadicalEdit:0.13333333333333333
ConvertToPseudoAtomEditTest:0.12
ChangeAtomSymbolEditTest:0.12
FlipEditTest:0.12
ChangeIsotopeEditTest:0.12
CleanUpEditTest:0.10666666666666667
ChangeAtomSymbolAction:0.08333333333333333
ConvertToPseudoAtomAction:0.08333333333333333
ConvertToRadicalAction:0.08333333333333333
ChangeIsotopeAction:0.08333333333333333
FlipEdit:0.04666666666666667
CleanUpEdit:0.04666666666666667
CDKTests:0.04388888888888889
CleanupAction:0.043333333333333335
ChangeCoordsEdit:0.03833333333333333
AdjustBondOrdersAction:0.03
ChangeCoordsEditTest:0.02666666666666667
UndoAdapter:0.0033333333333333335
FlipAction:0.0033333333333333335
RedoAction:0.0
UndoAction:0.0
