AntScriptTest:0.6133333333333333
AntScript:0.56
AntBuilderTest:0.13333333333333333
