GwtMusic:0.44333333333333336
SMSound:0.36
IOSMusic:0.25666666666666665
LwjglNet:0.23666666666666666
