DisplayArea:0.5133333333333333
ClassySharkPanel:0.37666666666666665
ElfTranslator:0.24
DexData:0.23333333333333334
ApkTranslator:0.23
ApkReader:0.18333333333333332
ApkInspectVisitor:0.1811111111111111
Multidex:0.1811111111111111
DexInfoTranslator:0.17
