Tuple:0.42155555555555557
Tuple8:0.19333333333333333
Tuple4:0.19333333333333333
Tuple5:0.19333333333333333
Tuple6:0.19333333333333333
Tuple7:0.19333333333333333
Tuple1:0.19333333333333333
Tuple2:0.19333333333333333
Tuple3:0.19333333333333333
Tuple8Test:0.17
Tuple1Test:0.16333333333333333
Tuple3Test:0.16333333333333333
Tuple7Test:0.16333333333333333
Tuple5Test:0.16333333333333333
Tuple2Test:0.16333333333333333
Tuple4Test:0.16333333333333333
Tuple6Test:0.16333333333333333
Tuple0:0.15
