SamlRegisteredServiceServiceProviderMetadataFacade:0.65
BaseSamlProfileSamlResponseBuilder:0.4066666666666667
Pac4jSamlProperties:0.014071428571428572
