StreamOutput:0.5233333333333333
StreamInput:0.42833333333333334
PhraseSuggestionBuilder:0.38333333333333336
