WebSocketListener:0.5066666666666667
RealWebSocket:0.39
WebSocketCallTest:0.30666666666666664
RealCall:0.3022222222222222
Util:0.29
MockWebServer:0.245
TestLogHandler:0.24166666666666667
WebSocketReader:0.24
MemorySocket:0.23
WebSocketReaderTest:0.22666666666666666
FrameCallback:0.22333333333333333
WebSocketRecorder:0.22333333333333333
RetryAndFollowUpInterceptor:0.21666666666666667
WebSocketWriter:0.19305555555555554
RealWebSocketTest:0.19
AutobahnTester:0.175
Failure:0.16333333333333333
WebSocketEcho:0.12333333333333334
Open:0.10333333333333333
RealWebSocketCall:0.095
StreamWebSocket:0.05333333333333334
