GameObject:0.46
Meteoroid:0.23333333333333334
FlamingAsteroid:0.20333333333333334
SpaceStationIss:0.20333333333333334
SpaceStationMir:0.15333333333333332
