HTMLElements:0.56
HTMLScanner:0.53
NamespaceBinder:0.3
Writer:0.2866666666666667
HTMLTagBalancer:0.2633333333333333
ContentScanner:0.2113888888888889
HTMLConfiguration:0.1836111111111111
