FragmentController:0.38666666666666666
IntentServiceController:0.3233333333333333
SupportFragmentController:0.2866666666666667
ActivityController:0.2816666666666667
ServiceController:0.2633333333333333
ComponentController:0.2025
FragmentControllerTest:0.15
SupportFragmentControllerTest:0.13
