PcoreHitConformer:0.7033333333333334
PcoreHitMolecule:0.51
HitsLabelProvider:0.2633333333333333
HitsContentProvider:0.26
