PollResultDao:0.5416666666666666
DefaultDemandPollService:0.42
DemandPollServiceTest:0.26
PollerAPI:0.22666666666666666
