Executor:0.39
Actor:0.3233333333333333
ExecutorDAOProxy:0.29
Group:0.2866666666666667
ExecutorDAOHibernateImpl:0.23333333333333334
DAOHibernateImpl:0.215
RelationDAOProxy:0.19666666666666666
PermissionDAOProxy:0.14
DAOHelper:0.07666666666666666
