Builder:0.61
DropwizardResourceConfig:0.2633333333333333
DropwizardResourceConfigTest:0.24333333333333335
Environment:0.21666666666666667
EndpointLogger:0.15666666666666668
NamePrependingTemplateEngineTest:0.14333333333333334
DataExceptionMapper:0.11333333333333333
ConstraintViolationExceptionMapper:0.1
