Toolbar:0.6433333333333333
RecyclerView:0.41333333333333333
ExpandableRecyclerView:0.29333333333333333
ProgressDrawable:0.2866666666666667
DefaultAvatarTextItem:0.22166666666666668
ViewPager:0.2175
Snackbar:0.21083333333333334
RoundedCornersActivity:0.17
RobotoActivity:0.17
TextAppearanceActivity:0.17
HtmlActivity:0.17
IconEditTextRow:0.15666666666666668
AnimationsActivity:0.14333333333333334
DefaultAccentColorStateList:0.05333333333333334
