DBCollectionImpl:0.5066666666666667
ServerVersion:0.3466666666666667
DBApiLayer:0.16666666666666666
