Worker:0.41333333333333333
DatabaseLib:0.2966666666666667
Remove:0.2571428571428571
ResourceLib:0.21666666666666667
Upload:0.20333333333333334
Profile:0.0
