Robolectric:0.5433333333333333
ShadowActivity:0.3933333333333333
TestWindow:0.2833333333333333
id:0.24444444444444444
ViewLoaderTest:0.22333333333333333
layout:0.20333333333333334
ViewLoader:0.19
ViewNode:0.17333333333333334
CustomFragment:0.05333333333333334
color:0.0
style:0.0
