AbstractCentralAuthenticationService:0.6145555555555555
CentralAuthenticationServiceImpl:0.31666666666666665
