SimpleStepConfiguration:0.6266666666666667
SimpleStepExecutor:0.43333333333333335
AbstractStepDaoTests:0.31
ChunkOperationsStepConfiguration:0.14666666666666667
DefaultStepExecutorTests:0.1275
DefaultJobExecutorTests:0.1275
AbstractStepConfiguration:0.11333333333333333
DefaultStepExecutorFactoryTests:0.08666666666666667
PrototypeBeanStepExecutorFactory:0.04
StepExecutorInterruptionTests:0.02
