MultiLayerNetwork:0.5166666666666667
Builder:0.49666666666666665
InputPreProcessor:0.29055555555555557
NeuralNetConfiguration:0.29
MultiLayerConfiguration:0.22333333333333333
OutputLayer:0.22194444444444447
PreProcessorDeSerializer:0.20666666666666667
ConvolutionInputPreProcessor:0.16666666666666666
MultiLayerNeuralNetConfigurationTest:0.13666666666666666
ZeroMeanPrePreProcessor:0.11
ZeroMeanAndUnitVariancePrePreProcessor:0.11
ListBuilder:0.1
ComposableOutputPostProcessor:0.08333333333333333
BaseInputPreProcessor:0.056666666666666664
ComposableInputPreProcessor:0.02666666666666667
UnitVariancePrePreProcessor:0.02666666666666667
PreProcessorSerializer:0.023333333333333334
