WorkRequest:0.4866666666666667
Task:0.3933333333333333
VFS:0.3761111111111111
TaskVisitor:0.3272804232804233
VFSBrowser:0.31666666666666665
VFSManager:0.30333333333333334
ThreadUtilities:0.2633333333333333
TaskMonitorWidget:0.24666666666666667
BufferIORequest:0.23666666666666666
BufferLoadRequest:0.23
Request:0.21
StatusBar:0.2
MyTaskListener:0.17
BufferSaveRequest:0.16
TaskMonitor:0.15666666666666668
BufferInsertRequest:0.15
IOProgressMonitor:0.13
AbstractBrowserTask:0.12666666666666668
WorkThreadHandler:0.12
DraggedURLLoader:0.05333333333333334
BufferAutosaveRequest:0.035833333333333335
GetFileTypeRequest:0.025833333333333333
MyTask:0.0033333333333333335
RunRequestsInAWTThread:0.0
