HttpLock:0.4386111111111111
SparkTestUtil:0.4266666666666667
MatcherFilter:0.37
