Dashlet:0.3933333333333333
SurveillanceDashlet:0.36
AlarmDashlet:0.24666666666666667
Dashboard:0.17333333333333334
DashletTitle:0.16333333333333333
NodeStatusDashlet:0.16
SurveillanceView:0.12933333333333333
ErrorHandler:0.11666666666666667
NotificationDashlet:0.11
GraphDashlet:0.11
OutageDashlet:0.11
SurveillanceLoader:0.1
DashletLoader:0.02
AlarmLoader:0.0033333333333333335
AlarmView:0.0
DashletView:0.0
