RuleView:0.6533333333333333
View:0.4666666666666667
AspectualRuleView:0.46
NewRuleAction:0.3911111111111111
EditorDialog:0.33666666666666667
Simulator:0.33666666666666667
DefaultGxl:0.3333333333333333
LayedOutXml:0.3
CopyRuleAction:0.28277777777777774
DeleteRuleAction:0.28277777777777774
RenameRuleAction:0.28277777777777774
AspectualGraphView:0.2633333333333333
RulePanel:0.26
DefaultGrammarView:0.25
EditRuleAction:0.24777777777777782
AspectualViewGps:0.21666666666666667
EditRulePropertiesAction:0.20444444444444446
RuleJTree:0.20333333333333334
ErrorListPanel:0.19666666666666666
RuleTreeNode:0.19444444444444445
NewGraphAction:0.16
ExportGraphAction:0.14666666666666667
NewGrammarAction:0.14333333333333334
RuleSelectionListener:0.11416666666666667
