MapStoreContext:0.5061666666666667
MapContainer:0.4533333333333333
BasicMapStoreContext:0.37
MapReplicationOperation:0.2833333333333333
EmptyMapStoreContext:0.19666666666666666
