IndexRequest:0.43
CreateIndexesOperation:0.36333333333333334
DBCollection:0.35333333333333333
MongoCollectionImpl:0.29333333333333333
IndexOptions:0.14
