Pingback:0.5699444444444446
DatabaseFetcher:0.3933333333333333
PingbackHandler:0.24
DatabasePingback:0.23333333333333334
