JPPFHelper:0.4525
JPPFJcaClientConnection:0.36666666666666664
TestJPPFConnection:0.35333333333333333
