FileReadingCollector:0.58
FileReadingCollectorTest:0.33666666666666667
FileCollectSource:0.27666666666666667
SQLPlugin:0.22
MapSideDataCollectOperationTest:0.15333333333333332
