ITBook:0.55
ITAuthor:0.5133333333333333
IXUnused:0.43166666666666664
XUnused:0.425
TBook:0.375
TAuthor:0.37166666666666665
XUnusedRecord:0.3566666666666667
TBookRecord:0.3
TAuthorRecord:0.23666666666666666
Test:0.22666666666666666
Tables:0.06333333333333334
