Utils:0.5633333333333334
DefaultDSLContext:0.31666666666666665
BatchSingle:0.3006666666666667
