AspectJVertex:0.7482777777777778
RuleLevelTree:0.4238888888888889
