Map:0.8766666666666667
USGSMarsMap:0.6333333333333333
MapLayer:0.38319841269841265
CannedMarsMap:0.38
MapUtils:0.29
UnitLabelMapLayer:0.1627777777777778
TopoMarsMap:0.10333333333333333
UnitMapLayer:0.07749999999999999
MapPanel:0.06333333333333334
NavpointMapLayer:0.061388888888888896
VehicleTrailMapLayer:0.05055555555555556
LandmarkMapLayer:0.037500000000000006
ShadingMapLayer:0.032777777777777774
UnitIconMapLayer:0.019444444444444445
SurfMarsMap:0.0025
