Configuration:0.7866666666666666
RuntimeEnvironment:0.41333333333333333
CommandLineOptions:0.37666666666666665
Indexer:0.2644444444444445
