ITriggerRouterService:0.44484523809523807
TriggerRouterService:0.43
DataService:0.39666666666666667
IDataService:0.23805555555555558
DataLoaderService:0.22444444444444447
DatabaseWriter:0.18666666666666668
Constants:0.15833333333333333
Context:0.11666666666666667
