AdviceTest:0.43333333333333335
Default:0.36333333333333334
Advice:0.2833333333333333
WithCustomMapping:0.2733333333333333
CodeTranslationVisitor:0.25
ForArgument:0.23
TypeWriterMethodPoolRecordTest:0.22
ForOrigin:0.20976190476190476
OffsetMapping:0.20666666666666667
ForAllArguments:0.19666666666666666
ForStackManipulation:0.16333333333333333
ForField:0.15333333333333332
Illegal:0.14666666666666667
Factory:0.14666666666666667
SuppressionHandler:0.13333333333333333
ForUnusedValue:0.13
MethodSizeHandler:0.125
Resolved:0.12333333333333334
Suppressing:0.12333333333333334
ForSerializedValue:0.11783333333333333
ForReturnValue:0.09666666666666666
ForThisReference:0.09666666666666666
ForThrowable:0.09
ForConstantValue:0.09
Unresolved:0.05333333333333334
ForAdvice:0.05333333333333334
