Editor:0.5566666666666666
Options:0.5266666666666666
Simulator:0.415
