TdsStatement:0.535
PreparedStatement_base:0.45899999999999996
TdsConnection:0.42833333333333334
