ValencyChecker:0.6816666666666666
ValencyCheckerTest:0.4866666666666667
