HTMLListElement:0.4033333333333333
HTMLUListElementTest:0.013333333333333334
HTMLDListElementTest:0.013333333333333334
HTMLMenuElementTest:0.013333333333333334
HTMLOListElementTest:0.013333333333333334
HTMLDirectoryElementTest:0.013333333333333334
