ApplicationEntityManager:0.5377777777777778
WebserviceBeanRemote:0.27166666666666667
OperationNotPermittedException:0.27
ApplicationEntityManagerImpl:0.26
BusinessEntityManagerImpl:0.23
MetadataEntityManagerImpl:0.23
Util:0.23
WebserviceBean:0.20666666666666667
KuwaibaService:0.13333333333333333
