RawData:0.7033333333333334
TextResult:0.455
ActionResult:0.2931111111111111
