IoUtilityTest:0.7133333333333334
Path:0.5527777777777777
