UnicastReceiverTest:0.69
AdminBuffers:0.3433333333333333
SharedDirectory:0.33166666666666667
