ClassPresentation:0.7866666666666666
ExecutionService:0.6033333333333334
ExecutionServiceDelegate:0.4126190476190476
ReflectionRowBuilder:0.36666666666666664
ExecutionServiceDelegateLocalImpl:0.31666666666666665
JbpmCommonLogic:0.3
JbpmExecutionServiceBean:0.29
JbpmExecutionLogic:0.28
ExecutionServiceDelegateRemoteImpl:0.2733333333333333
TableViewSetupFormTag:0.21333333333333335
SortingHeaderBuilder:0.19805555555555554
SubstitutionRowBuilder:0.16333333333333333
BotTaskRowBuilder:0.16333333333333333
DefaultBatchPresentationFactory:0.16
ProcessInstanceSwimlaneRowBuilder:0.16
HibernateCompilerHelper:0.15916666666666668
HibernateCompilerAliasMapping:0.15
ProcessInstanceVariablesRowBuilder:0.14333333333333334
ProcessInstanceGroupRowBuilder:0.14
HibernateCompilerLeftJoinBuilder:0.11666666666666667
ListProcessesInstancesFormTag:0.11666666666666667
TableBuilder:0.10666666666666667
ProcessInstanceSwimlaneAssignmentRowBuilder:0.07666666666666666
ProcessInstanceClassPresentation:0.07
SubProcessInstanceTDBuilder:0.056666666666666664
SubProcessDBSource:0.041388888888888885
