ERDesignerBundle:0.7930555555555554
ERDesignerComponent:0.54
ApplicationPreferences:0.4166666666666667
PreferencesPanel:0.25333333333333335
