CanvasTag:0.4766666666666667
RelevanceDashboardHelper:0.32666666666666666
ObjectKeys:0.014444444444444444
WebKeys:0.014444444444444444
