Node:0.6824603174603174
AzureDiscoveryClusterFormationTests:0.49666666666666665
