OsgiBundleResource:0.7933333333333333
OsgiBundleXmlWebApplicationContext:0.4033333333333333
OsgiBundleResourceTest:0.33
