MDLV2000Reader:0.37666666666666665
MDLReader:0.30416666666666664
PDBWriter:0.25
PDBReader:0.23583333333333334
GaussianInputWriter:0.23583333333333334
MDLWriter:0.23
XYZWriter:0.20583333333333334
HINWriter:0.20583333333333334
Mol2Writer:0.20583333333333334
CDKSourceCodeWriter:0.19333333333333333
MDMoleculeConvention:0.19
MDLRXNWriter:0.18333333333333332
MDLRXNReader:0.18333333333333332
MDLRXNV2000Reader:0.18333333333333332
RandomAccessSDFReader:0.13333333333333333
