SendFileStreamService:0.47333333333333333
SendFileAction:0.4533333333333333
DataNotification:0.315
PacketSender:0.22666666666666666
