AlfPropertyDesc:0.5233333333333333
AlfObject:0.48333333333333334
AlfConnection:0.43400793650793656
Mappings:0.35
AlfTypeDesc:0.31666666666666665
AlfHandler:0.24666666666666667
RemoteAlfConnectionProxy:0.23666666666666666
RemoteAlfConnector:0.23
RemoteAlfConnection:0.22333333333333333
WebScriptExecutor:0.21666666666666667
LocalAlfConnection:0.2
AlfAjaxTag:0.16333333333333333
AlfAjaxJsonTag:0.15
GetAlfObjectsCollectionInterceptor:0.13333333333333333
AlfExecuteWebScriptHandler:0.13
AlfObjectFactory:0.11666666666666667
ClassUtils:0.11
AlfValidator:0.09
AlfOrgFunction:0.09
LocalAlfObjectAccessor:0.05
RemoteAlfObjectAccessor:0.05
AlfObjectCallbackFilter:0.03666666666666667
AlfGetObjectPropertiesByUuid:0.03333333333333333
AlfSetContent:0.03
AlfDownloadContentTag:0.03
AlfConnectionUtils:0.023055555555555555
AlfObjectAccessor:0.015833333333333335
AlfGetObjectPropertiesAsStringsByUuid:0.013333333333333334
CreateMyDoc:0.0033333333333333335
ShowDocStatusTag:0.0
ApproveMyDoc:0.0
RejectMyDoc:0.0
