Protocol:0.5832777777777778
BinaryClient:0.23666666666666666
BinaryJedis:0.22
PipelineBlock:0.21666666666666667
Commands:0.19416666666666665
Pipeline:0.19333333333333333
