ProfileModule:0.8486111111111111
GwtServerHelper:0.44666666666666666
ProfileModuleImpl:0.36333333333333334
PrincipalMobileAppsConfig:0.25666666666666665
ConfigureUserFileSyncAppDlg:0.24777777777777782
PrincipalDesktopAppsConfig:0.15333333333333332
