FlowRegistryFlowArtifactFactory:0.56
AbstractFlowRegistryFactoryBean:0.4533333333333333
LocalFlowArtifactFactory:0.3016666666666667
FlowArtifactFactoryAdapter:0.22
