AbstractDescriptorTestCase:0.39
VectorGenerationTest:0.38333333333333336
CSVGeneratorTest:0.35333333333333333
QSARDescriptorTest:0.35
