Netty4Transport:0.6046666666666667
Netty4HttpServerTransport:0.5457777777777778
Netty4Plugin:0.34
