Corpus:0.7533333333333333
CorpusImpl:0.4633333333333333
TestPersist:0.44
DocumentImpl:0.41
SerialDataStore:0.31
TestGate:0.158
CorpusEditor:0.14
AbstractNameBearer:0.013333333333333334
AbstractFeatureBearer:0.013333333333333334
