GaussiansBasis:0.5766666666666667
OrbitalsRenderer3D:0.4266666666666667
OrbitalsRenderer3DTest:0.35333333333333333
AcceleratedRenderer3DModel:0.26666666666666666
MathTools:0.03666666666666667
