PersistentAttributesHelper:0.77
EnhancerTest:0.33
EntityEnhancer:0.2966666666666667
PersistentAttributesEnhancer:0.26666666666666666
