AlignmentPanel:0.5766666666666667
WindowUtil:0.5133333333333333
