Invocation:0.5233333333333333
Operation:0.5033333333333333
CallIdSequence:0.44166666666666665
CallIdSequenceWithBackpressure:0.3433333333333333
CallIdSequenceWithBackpressureTest:0.25
AbstractLockOperation:0.21666666666666667
OperationBackupHandler:0.20666666666666667
InvocationRegistry:0.20666666666666667
CallIdSequenceWithoutBackpressureTest:0.16
CallIdSequenceWithoutBackpressure:0.065
OperationAccessor:0.06333333333333334
