BaseMultiLayerNetwork:0.5366666666666666
Conf:0.5033333333333333
NeuralNetConfiguration:0.37
Builder:0.31333333333333335
BackPropOptimizerTests:0.13
