LongArrayBlock:0.6666666666666666
LongArrayBlockBuilder:0.41
TestArbitraryAggregation:0.20666666666666667
