C3DSliderSkin:0.37
C3DTextField:0.2733333333333333
C3DSlider:0.23142857142857143
C3DRadioButton:0.20333333333333334
SliderDemo:0.13
C3DRadioButtonSkin:0.12666666666666668
MainController:0.10666666666666667
