MainWindow:0.88
HelpWindow:0.3566666666666667
HotkeysTableModel:0.28833333333333333
