JFXDefinitionConverter:0.4533333333333333
JFXCapacitiesConverter:0.45
ComparableSet:0.2866666666666667
Style:0.21333333333333335
CSSConverter:0.20666666666666667
CSSWriter:0.11333333333333333
WidgetDeclarations:0.1073888888888889
