ActionSave:0.5566666666666666
GedcomTableWidget:0.37666666666666665
Model:0.3333333333333333
ActionClose:0.13
ActionExit:0.13
ActionView:0.13
