AeronArchive:0.8166666666666667
AeronCluster:0.5733333333333334
