DataProviderParserHandler:0.5933333333333334
EmbedClient:0.4866666666666667
EmbeddedWindowManager:0.3433333333333333
