WebClientOptions:0.61
HtmlUnitSSLConnectionSocketFactory:0.46
SocksConnectionSocketFactory:0.07333333333333333
InsecureTrustManager2:0.07
HtmlUnitCookieStore:0.06333333333333334
