EditorManager:0.5788888888888889
PermissionManager:0.22111111111111115
UndoManager:0.21
ChangeColorManager:0.20777777777777778
FollowingActivitiesManager:0.2
ProjectsAddedManager:0.19777777777777777
