PubMulticastTest:0.5066666666666667
ReceiverTest:0.5066666666666667
PubUnicastTest:0.44666666666666666
