GroovyScriptEngineService:0.39
JavaScriptScriptEngineService:0.38666666666666666
PythonScriptEngineService:0.38666666666666666
