BaseGFFAdapter:0.6797222222222223
EnsCGIAdapter:0.6754444444444445
