IntersectionofTwoLinkedLists:0.42333333333333334
PalindromeLinkedList:0.3566666666666667
ReverseLinkedList:0.16
DeleteNodeSingleLinkedList:0.13
FindAllDuplicatesinanArray:0.13
