WFSPanel:0.8833333333333333
WFSPlugIn:0.22666666666666666
AttributeComparisonPanel:0.22666666666666666
WFSDialog:0.22666666666666666
