Array:0.4666666666666667
LongMap:0.2833333333333333
ObjectMap:0.2833333333333333
IntMap:0.2833333333333333
IdentityMap:0.2833333333333333
Pool:0.23
LongArray:0.22
FloatArray:0.22
IntArray:0.22
ArrayIterator:0.15
