Renderer_3Test:0.44666666666666666
JFXNextFocusWidgetNULLTest:0.43333333333333335
JFXNextFocusWidget2NULLTest:0.2866666666666667
JFXFocusLink2Test:0.23666666666666666
