RaptorSplit:0.45666666666666667
RaptorHandleResolver:0.42
RaptorOutputTableHandle:0.37
RaptorSplitSource:0.2633333333333333
