GeoBoundingBoxQueryBuilder:0.45
GeoPoint:0.4266666666666667
IndexQueryParserService:0.36666666666666664
GeoUtils:0.33666666666666667
GeoBoundingBoxIT:0.29
AbstractQueryTestCase:0.24
Numbers:0.21
GeoFilterIT:0.16333333333333333
GeoHashGridIT:0.16
GeoBoundingBoxQueryParser:0.10333333333333333
