ZookeeperRegistry:0.6188888888888889
RegistryService:0.40797222222222224
DubboRegistry:0.36333333333333334
