CHMUseCasesTest:0.45666666666666667
Builder:0.36666666666666664
PostChannelCreationTest:0.23666666666666666
SingleMapChannelTest:0.22666666666666666
