SubMesh:0.545
StillModel:0.32166666666666666
StillSubMesh:0.16666666666666666
