MultiplayerClient:0.44444444444444436
MultiplayerMode:0.30666666666666664
Receiver:0.27666666666666667
