ClientConnectionManagerImpl:0.5033333333333333
CacheReplicationOperation:0.31
ClientListenerServiceImpl:0.2911111111111111
Heartbeat:0.20666666666666667
InitConnectionTask:0.10333333333333333
