MainWindow:0.5555555555555555
HelpWindow:0.44333333333333336
HotkeysReferencer:0.07611111111111112
HotkeysTableModel:0.06333333333333334
HotkeysRefWindowSingleton:0.06
