TransactionOptions:0.5733333333333334
TransactionImpl:0.34
TransactionalMapReadWriteQuorumTest:0.2733333333333333
ClientTransactionalMapQuorumTest:0.2733333333333333
TransactionalMapWriteQuorumTest:0.25
TransactionalMapReadQuorumTest:0.18
TransactionImplTest:0.15333333333333332
