GraphGrammar:0.5066666666666667
Exploration:0.34
CtrlFactory:0.29333333333333333
PredicateTests:0.2866666666666667
RuleDependencies:0.28
TypeViewList:0.18333333333333332
DefaultGraphCalculator:0.18
TemplateList:0.12
Predicate_type_graph_name:0.07666666666666666
Predicate_type_graph:0.07666666666666666
EncodedRuleFormula:0.06666666666666667
EncodedFixedEnumeratedType:0.06
EncodedType:0.04666666666666667
AcceptorEnumerator:0.02666666666666667
StrategyEnumerator:0.02666666666666667
EncodedEdgeMap:0.023333333333333334
Template0:0.016666666666666666
Template1:0.013333333333333334
Template2:0.01
EncodedInt:0.01
EncodedEnabledRule:0.006666666666666667
Predicate_start_graph_name:0.0033333333333333335
