JsfViewFactoryCreator:0.5833333333333334
TestViewFactoryCreator:0.42333333333333334
