SearchEngine:0.59
IndexDatabase:0.37666666666666665
Summarizer:0.29
Hash2TokenStream:0.24666666666666667
JFlexTokenizer:0.22777777777777777
SearchEngineTest:0.19333333333333333
List2TokenStream:0.16666666666666666
SearchHelper:0.13666666666666666
HistoryAnalyzer:0.13333333333333333
JFlexTokenizerTest:0.12333333333333334
Results:0.12
PlainAnalyzer:0.11666666666666667
PathTokenizer:0.056666666666666664
