WebXmlConverter:0.9033333333333333
WebXmlConverterTests:0.3233333333333333
AcegifierController:0.3
