RuleModel:0.4033333333333333
RuleTransitionLabel:0.3333333333333333
LabelValue:0.3333333333333333
TemplateBuilder:0.27
DefaultGraphNextState:0.21216666666666667
RuleTree:0.20666666666666667
RuleTreeNode:0.19333333333333333
DefaultRuleTransition:0.19166666666666668
ShapeNextState:0.19
PriorityTreeNode:0.18
ShiftPriorityAction:0.13
