Type:0.9466666666666667
BaseType:0.49166666666666664
ImmutableType:0.37666666666666665
