NodeService:0.44666666666666666
ConfigurationService:0.39666666666666667
RegistrationService:0.26777777777777784
TriggerRouterService:0.2633333333333333
IConfigurationService:0.2275
