DomNode:0.6433333333333333
DomElement:0.3933333333333333
ChildIterator:0.3088888888888889
DomNodeTest:0.2866666666666667
HTMLDocument:0.2833333333333333
HTMLCollectionTest:0.21333333333333335
