Options:0.5666666666666667
PrivateDeclarationResolver:0.3283333333333333
GenerationTest:0.2791666666666667
ObjectiveCSourceFileGeneratorTest:0.27666666666666667
FunctionizerTest:0.2633333333333333
Functionizer:0.24666666666666667
TranslationProcessor:0.19777777777777777
