AbstractTestQueries:0.47333333333333333
FeaturesConfig:0.33
DistributedQueryRunner:0.26
TestFeaturesConfig:0.24
PlanMatchPattern:0.22
LocalQueryRunner:0.19111111111111112
PlanOptimizers:0.12333333333333334
