LocalCertificateStoreSessionBean:0.43166666666666664
LocalUserAdminSessionBean:0.41
LocalEjbcaHardTokenBatchJobSessionBean:0.2966666666666667
LocalLogSessionBean:0.18333333333333332
