TermBean:0.53
AddTerm:0.34
BulkTermLoader:0.2
SqlCommands:0.16777777777777778
AddTerm2Term:0.14777777777777779
