TaskInfo:0.43666666666666665
SqlStageExecution:0.39666666666666667
HttpRemoteTask:0.3933333333333333
SqlQueryExecution:0.19333333333333333
TaskOutput:0.18666666666666668
ServerMainModule:0.18333333333333332
HttpRemoteTaskFactory:0.12333333333333334
