MultiValueEntity:0.39
Cookies:0.3333333333333333
RequestSpecification:0.30666666666666664
Headers:0.25
CookieITest:0.25
