Database:0.89
DBConnection:0.5866666666666667
DBConnectionWrapper:0.47333333333333333
