CustomersPoolNode:0.7933333333333333
CreateServiceAction:0.2733333333333333
