GISViewTopComponent:0.7233333333333334
GISViewService:0.6586666666666667
GISViewScene:0.4041666666666667
AcceptActionProvider:0.04666666666666667
MapPanel:0.03333333333333333
