SharedBuffer:0.5333333333333333
TestSharedBuffer:0.4033333333333333
LookupJoinOperator:0.21333333333333335
TestSqlTask:0.2
HashSemiJoinOperator:0.19666666666666666
GetBufferResult:0.18599999999999997
