Model:0.7
ERDesignerComponent:0.58
DictionaryTestX:0.10333333333333333
ERDesignerBundle:0.023333333333333334
