CertificateCache:0.52
ProtocolOcspHttpTest:0.45666666666666667
ICertificateCache:0.44944444444444437
OCSPUtil:0.33666666666666667
TestCertificateCache:0.18333333333333332
CacheTester:0.06666666666666667
OCSPData:0.013333333333333334
CertificateCacheFactory:0.006666666666666667
CertificateCacheStandAloneFactory:0.006666666666666667
