Gedcom:0.8466666666666667
ActionLoadLastOpen:0.20666666666666667
ActionExit:0.18
