SamlMetadataUIInfo:0.7933333333333333
MetadataUIUtils:0.55
SamlMetadataUIParserAction:0.2833333333333333
SamlIdPMetadataUIAction:0.16
