Log:0.6866666666666666
ProjectTest:0.52
LogTest:0.37666666666666665
