Pnt:0.4066666666666667
Simplex:0.32
Triangulation:0.32
DelaunayTriangulation:0.28
DTriangulationForJTS:0.08333333333333333
