AdductFormulaTest:0.33666666666666667
MolecularFormulaTest:0.33666666666666667
MolecularFormulaSetTest:0.3
