TestApp:0.5483333333333333
PartitionManager:0.5266666666666666
FactoryImpl:0.405
