DataManager:0.5766666666666667
Info:0.36333333333333334
XmlSerializer:0.33
EditLib:0.31666666666666665
View:0.14138888888888893
AjaxEditUtils:0.11333333333333333
Get:0.056666666666666664
SearchController:0.03944444444444444
GetTypes:0.005888888888888889
Create:0.005
