Robolectric:0.5966666666666667
TelephonyManagerTest:0.42333333333333334
DefaultRequestDirectorTest:0.28
ShadowTabSpec:0.26
ShadowTabActivity:0.23416666666666666
ActivityTest:0.23333333333333334
ShadowDefaultRequestDirector:0.22333333333333333
ShadowResources:0.17666666666666667
ShadowTabHost:0.1
ShadowTelephonyManager:0.07
TabHostTest:0.056666666666666664
TabSpecTest:0.04
TestIcon:0.0325
