BaseCAToken:0.5552777777777778
NFastCAToken:0.30333333333333334
ViewCAInfoJSPHelper:0.25666666666666665
EracomCAToken:0.25666666666666665
