Project:0.6233333333333333
ProjectGUI:0.41333333333333333
StandardRules:0.18666666666666668
CheckConsitencyAction:0.07666666666666666
