ControllerHub:0.7633333333333333
RenderPanel:0.3333333333333333
IChemModelRelay:0.27166666666666667
ChainModule:0.21333333333333335
JCPMenuTextMaker:0.19833333333333333
ChangeModeAction:0.16666666666666666
PhantomTextGenerator:0.016666666666666666
