Java2DEditor:0.5333333333333333
EditorPanel:0.38333333333333336
TableComponent:0.2833333333333333
TestFrame:0.1511111111111111
