DeliveryTest:0.5209444444444442
SaveNewAction:0.21333333333333335
