JavaEEHelper:0.7644444444444444
JavaEEHelperTests:0.31583333333333335
