RemoteUIStatsStorageRouter:0.5866666666666667
RemoteReceiverModule:0.2633333333333333
PlayUIServer:0.24333333333333335
TestRemoteReceiver:0.06666666666666667
TestPlayUI:0.056666666666666664
