StatusLine:0.5066666666666667
Response:0.5
Builder:0.39666666666666667
JavaApiConverterTest:0.24333333333333335
CacheHttpURLConnection:0.23333333333333334
Main:0.20333333333333334
SpdyTransport:0.19666666666666666
HttpURLConnectionImpl:0.19333333333333333
HttpConnection:0.17333333333333334
OkApacheClient:0.17
JavaApiConverter:0.17
Factory:0.16833333333333333
Entry:0.16333333333333333
StatusLineTest:0.14333333333333334
HeadersTest:0.13666666666666666
CacheStrategy:0.03666666666666667
