XPersistence:0.53
XHibernate:0.46166666666666667
ModuleManager:0.3855555555555556
