DefaultPackageManager:0.48333333333333334
ShadowUserManagerTest:0.27666666666666667
ShadowContextImplTest:0.17666666666666667
ShadowUserManager:0.06666666666666667
