TableView:0.58
TimeTunnelCommand:0.32
HelpCommand:0.22333333333333333
KeyValueView:0.18222222222222223
SessionCommand:0.12666666666666668
MonitorCommand:0.12666666666666668
