ArticleUniqId:0.8616666666666667
UniqueArticleCollection:0.3466666666666667
