AspectualGraphView:0.5666666666666667
ComposedLabelParser:0.5
AspectualView:0.4033333333333333
