EnhancedCheckBoxMenuItem:0.41373605
MenuItemTextComparator:0.01544166
