CoordinatorTask:0.47333333333333333
MapperTask:0.38666666666666666
BaseMapperTask:0.23666666666666666
RedissonCollectionMapReduce:0.22
CollectionMapperTask:0.16666666666666666
RedissonMapReduce:0.13666666666666666
