FileMovingUtil:0.56
JournalOutputFile:0.38
JournalInputFile:0.25333333333333335
CloseFileTimerTask:0.1211111111111111
