Filler:0.3893333333333333
ArticleMgmtService:0.35
UserMgmtService:0.345
SymphonyServletListener:0.273
InitProcessor:0.16
IndexProcessor:0.16
CommentMgmtService:0.14333333333333334
