TaskCollectingVisitorExecution:0.3466666666666667
Task:0.32500000000000007
KillTask:0.27
ExecutionPhasesTask:0.1877777777777778
MultiGetJobContext:0.18666666666666668
DropTableTask:0.18666666666666668
DeletePartitionTask:0.18666666666666668
ESClusterUpdateSettingsTask:0.17
ESGetTask:0.16416666666666666
LegacyUpsertByIdTask:0.16
DeleteAllPartitionsTask:0.15
CreateAnalyzerTask:0.15
KillJobTask:0.09
SetSessionTask:0.09
FunctionDispatchTask:0.09
KillTaskTest:0.08333333333333333
