TextAreaPainter:0.10477173
JEditActionSet:0.104713626
TextArea:0.102181084
JEditBuffer:0.09473195
Mode:0.07647948
SyntaxUtilities:0.074590385
JEditBeanShellAction:0.0651204
Gutter:0.06089227
IPropertyManager:0.046801105
JEditEmbeddedTextArea:0.035201948
JEditActionContext:0.03306266
RichJEditTextTransferableService:0.030747065
ParserRuleSet:0.030174835
FoldHandler:0.029850744
ModeProvider:0.023595022
Chunk:0.022925237
DefaultFoldHandlerProvider:0.01990667
KillRing:0.019302847
AbstractInputHandler:0.01782393
StringTransferableService:0.017658707
TextAreaMouseHandler:0.017530229
FoldHandlerProvider:0.016658833
Log:0.01567032
TokenMarker:0.013960814
TransferHandler:0.01296183
IOUtilities:0.010377698
SyntaxStyle:0.01024761
IndentFoldHandler:0.008128792
AntiAlias:0.007747231
DummyFoldHandler:0.0073805023
ExplicitFoldHandler:0.0072337463
