Rewriter:0.5066666666666667
DesugaringRewriter:0.4
ExpressionInterpreter:0.33222222222222225
