Result:0.5966666666666667
RedirectResult:0.38666666666666666
AlphaAction:0.38
ActionRequest:0.32666666666666666
ResultsManager:0.15666666666666668
OneMoveAction:0.09666666666666666
StageResult:0.056666666666666664
ValueResult:0.050833333333333335
ForwardResult:0.034166666666666665
