NetworkConfig:0.45666666666666667
XmlConfigBuilder:0.4066666666666667
XMLConfigBuilderTest:0.33
SpringXmlConfigBuilder:0.25
TestFullApplicationContext:0.23666666666666666
DefaultAddressPicker:0.21666666666666667
AddressDefinition:0.17444444444444446
InterfaceDefinition:0.17111111111111113
