DocumentImpl:0.5966666666666667
Parameter:0.3566666666666667
TestXml:0.2866666666666667
TestCreole:0.2833333333333333
CreoleXmlHandler:0.18666666666666668
TestGate:0.16777777777777778
