Throwables:0.6766666666666666
TestSuite:0.45666666666666667
BaseTestRunner:0.29
StacktracePrintingMatcher:0.17555555555555558
TestFailure:0.13666666666666666
Failure:0.13666666666666666
