RestAssured:0.69
AuthenticationSpecification:0.34338888888888885
AuthConfig:0.27666666666666667
