TransferDescription:0.45666666666666667
XMPPChatTransmitter:0.4033333333333333
IncomingInvitationProcess:0.33
InvitationDialog:0.2866666666666667
SessionManager:0.23333333333333334
DataTransferManager:0.20666666666666667
