BaseBinaryCipherExecutor:0.6713888888888889
TokenAuthenticationHandlerTests:0.5785873015873015
