BreakingBondReaction:0.5802777777777777
BreakingBondReactionTest:0.2733333333333333
