ControllerModel:0.5583333333333333
ControllerParameters:0.26199999999999996
