ArrayEvalFilter:0.73
ArrayEvalFilterTest:0.38666666666666666
ExpressionEvalTest:0.2866666666666667
FilterFactory:0.15666666666666668
HttpProviderTest:0.09666666666666666
