HttpTestClient:0.64
DefaultHttpClient:0.37333333333333335
JavaHttpTest:0.32666666666666666
ClientConnection:0.32
