ClassySharkPanel:0.4955555555555555
MethodsCountPanel:0.36333333333333334
ViewerController:0.27011111111111114
GuiMode:0.14
RingChartPanel:0.06
RingChart:0.06
