Signature:0.66
RowType:0.35333333333333333
FunctionRegistry:0.31333333333333335
TestSimpleRowType:0.27666666666666667
TestRowOperators:0.14333333333333334
