LwjglApplication:0.58
LwjglApplicationConfiguration:0.36611111111111116
LwjglCanvas:0.32
LwjglAWTCanvas:0.2733333333333333
