HazelcastInstanceFactory:0.31333333333333335
PutAllOperation:0.2866666666666667
DefaultAddressPicker:0.25633333333333336
ReplicaSyncRequest:0.25633333333333336
ManagementService:0.25416666666666665
QueueClientRequestTest:0.22
EvictionTest:0.21666666666666667
BeforeAwaitOperation:0.21333333333333335
BasicTest:0.2
LockTest:0.19666666666666666
MapProxySupport:0.19333333333333333
SignalOperation:0.19
XmlConfigBuilder:0.18666666666666668
CloudyUtility:0.13666666666666666
