AtmosphereServlet:0.42333333333333334
DefaultBroadcaster:0.42333333333333334
Filter:0.4
DefaultBroadcasterFactory:0.2966666666666667
BroadcasterConfig:0.26666666666666666
AtmosphereFilter:0.10333333333333333
GuiceManagedAtmosphereServlet:0.006666666666666667
