ClientEngineImpl:0.5917222222222221
ClientPacketProcessor:0.4633333333333333
AbstractAllPartitionsMessageTask:0.27666666666666667
