AggregationContext:0.29
FieldDataSource:0.26666666666666666
Factory:0.21333333333333335
GeoDistanceTests:0.20666666666666667
ValuesSource:0.2061111111111111
BytesValuesSource:0.19222222222222224
GeoPointValuesSource:0.16
GeoPoint:0.11666666666666667
GeoDistanceFactory:0.09666666666666666
HistogramAggregator:0.08666666666666667
NumericValuesSource:0.08333333333333333
MetaData:0.08166666666666667
LongTermsAggregator:0.056666666666666664
DoubleTermsAggregator:0.056666666666666664
StringTermsAggregator:0.056666666666666664
WithScript:0.05333333333333334
WithOrdinals:0.04666666666666667
Builder:0.04
