LinkedList:0.29333333333333333
Node:0.2758333333333333
Queue:0.24666666666666667
Stack:0.24666666666666667
