OcspJunitHelper:0.6433333333333333
ProtocolOcspHttpTest:0.5766666666666667
OCSPServletBase:0.37666666666666665
