UserView:0.33666666666666667
RAInterfaceBean:0.305
KeyStoreContainerBase:0.27666666666666667
P11Slot:0.26666666666666666
KeyTools:0.2633333333333333
EndEntityProfileDataHandler:0.2633333333333333
UsersView:0.26
EndEntityProfileNameProxy:0.25666666666666665
DnComponents:0.22361111111111115
CertificateView:0.21916666666666668
DNFieldExtractor:0.19
EditUserDataSourceJSPHelper:0.14666666666666667
EncryptStream:0.14
DecryptStream:0.14
ViewEndEntityHelper:0.1
