WebKeys:0.5910000000000001
AjaxController:0.45
AddEntryController:0.24333333333333335
