Maintenance:0.5366666666666666
MaintenanceEVA:0.25472222222222224
MaintainGroundVehicleGarage:0.2525
RepairMalfunction:0.21916666666666668
RepairEVAMalfunction:0.21916666666666668
MaintainGroundVehicleEVA:0.21744444444444444
