WordCloud:0.56
IImageKeys:0.4511111111111111
WordCloudEditor:0.36666666666666664
CorporaView:0.31666666666666665
WordCloudEditorInput:0.19333333333333333
AdapterFactory:0.18
ComputeWordCloud:0.09194444444444444
WordCloudPreferencePage:0.056666666666666664
