StrutsConstants:0.5405555555555556
FileUploadInterceptor:0.4955555555555555
DefaultBeanSelectionProvider:0.3933333333333333
