Messages:0.6733333333333333
BaseState:0.45
JbpmExecutionLogic:0.38
LogsComparator:0.34
SubprocessStartState:0.23666666666666666
LogIterator:0.06666666666666667
NodeEnterState:0.036444444444444446
VariableUpdateState:0.036444444444444446
SilentState:0.024761904761904763
TransitionState:0.021666666666666667
ProcessStartState:0.021388888888888888
ActionState:0.021388888888888888
ProcessCompleteState:0.019166666666666665
HtmlLogPresentationBuilder:0.018333333333333333
StartNodeTaskEndState:0.006666666666666667
TaskEndState:0.0016666666666666668
