RolloverResponse:0.5566666666666666
CreateIndexResponse:0.5266666666666666
CreateIndexClusterStateUpdateResponse:0.325
