ScientificStudy:0.9066666666666666
ScientificStudyManager:0.4266666666666667
