InsertFromValuesAnalyzerTest:0.37
AstBuilder:0.33666666666666667
Insert:0.30333333333333334
InsertFromValues:0.23666666666666666
InsertFromSubQueryAnalyzer:0.21666666666666667
InsertFromSubQueryAnalyzerTest:0.19333333333333333
TestStatementBuilder:0.185
InsertFromValuesAnalyzer:0.17666666666666667
InsertFromSubquery:0.11666666666666667
