MainDesktopPane:0.48888888888888893
MainWindow:0.44333333333333336
TempSimulationConfigEditor:0.24
SettlementConfig:0.23
