SeqFeature:0.5866666666666667
GAMEAdapter:0.36
ApolloPanel:0.32666666666666666
SequenceSelector:0.27666666666666667
DataLoader:0.2188888888888889
ScaleView:0.2188888888888889
FindPanel:0.20666666666666667
