Tabs:0.7333333333333333
WebKeys:0.4997222222222222
ListFolderController:0.28
WorkspaceTreeController:0.25666666666666665
ViewEntryController:0.24
