EntityIdentityInsertAction:0.4877777777777778
EntityAction:0.4716666666666667
ActionQueue:0.37722222222222224
