BuildingManager:0.8233333333333334
MasterClock:0.37666666666666665
