DiscoverySelectors:0.6322222222222222
ModuleUtils:0.5495555555555557
DiscoveryRequestCreator:0.35333333333333333
ModuleUtilsTests:0.2
