DisplayZone:0.7766666666666666
FreeCockpitConfigurationHandler:0.4266666666666667
CockpitPanel:0.4166666666666667
