AsyncDataSetIterator:0.44666666666666666
AsyncMultiDataSetIterator:0.3233333333333333
BaseParallelDataSetIterator:0.32
JointParallelDataSetIteratorTest:0.16333333333333333
