Frontier:0.5866666666666667
URIFrontier:0.5633333333333334
RecoveryJournal:0.3466666666666667
FrontierJournal:0.32842857142857146
CrawlController:0.29833333333333334
