Aggregator:0.6881666666666666
HashAggregationIterator:0.4166666666666667
HashAggregationOperator:0.37333333333333335
SliceHashStrategy:0.29
VariableWidthAggregator:0.07666666666666666
FixedWidthAggregator:0.07666666666666666
TestHashAggregationOperator:0.013333333333333334
