GwtTeamingMessages:0.7733333333333333
ActivityStreamComment:0.28
AdminControl:0.27
GwtTeamingDataTableImageBundle:0.2500396825396825
GroupInfo:0.24666666666666667
ModifyGroupDlg:0.23
ManageNetFolderRootsDlg:0.21166666666666667
ModifyNetFolderDlg:0.21166666666666667
DefaultProfileCoreProcessor:0.20666666666666667
GwtServerHelper:0.19666666666666666
ManageNetFoldersDlg:0.19333333333333333
ManageGroupsDlg:0.19333333333333333
PrincipalNameWidget:0.19
ProfileIndexUtils:0.18333333333333332
ActionsPopupMenu:0.14
Constants:0.09666666666666666
GroupTypeCell:0.07
