TextureAtlas:0.625
AndroidInput:0.5416666666666666
TextureAtlasTest:0.2511111111111111
