JPPFPriorityQueue:0.5133333333333333
SetSortedMap:0.33
AbstractJPPFQueue:0.135
AbstractCollectionMap:0.09333333333333334
LinkedListSortedMap:0.03333333333333333
