Builder:0.43666666666666665
SequenceVectors:0.38066666666666665
SerializingListener:0.2733333333333333
