X509CAInfo:0.5666666666666667
CA:0.5233333333333333
CAInfo:0.45666666666666667
X509CA:0.4255555555555555
TestTools:0.38333333333333336
CVCCAInfo:0.3566666666666667
CAAdminSessionBean:0.25
RSASignSessionBean:0.235
CAsTest:0.22
CVCCA:0.21666666666666667
SignSessionTest:0.215
ProtocolOcspHttpTest:0.21
CommonEjbcaWS:0.20666666666666667
RevocationApprovalTest:0.20333333333333334
ApprovalEnforcedByCertificateProfileTest:0.19666666666666666
CAKeystoreExportRemoveRestoreTest:0.19
CAImportExportTest:0.18
CaInitCommand:0.1
HwCaInitCommand:0.1
