FederationLink:0.8066666666666666
FederationConnector:0.2966666666666667
