CopticChronology:0.41
BaseGJChronology:0.38666666666666666
GregorianChronology:0.33666666666666667
TestISOChronology:0.31
JulianChronology:0.2833333333333333
