MouseManager:0.4533333333333333
HoverWatcher:0.4375555555555556
SticksRenderer:0.42333333333333334
