TransactionalMapDataStructureAdapter:0.52
NearCacheTestContextBuilder:0.43333333333333335
NearCacheTestContext:0.3433333333333333
NearCachedClientCacheProxy:0.08833333333333333
