Redisson:0.5366666666666666
CommandAsyncService:0.31333333333333335
RedissonClient:0.2866666666666667
RedisCommands:0.19061111111111112
RedissonBucketTest:0.17666666666666667
