ISymmetricEngine:0.6361111111111112
AbstractDbDialect:0.3933333333333333
TriggerRouterService:0.37333333333333335
AbstractSymmetricEngine:0.33666666666666667
ConfigurationChangedDataRouter:0.31
SymmetricEngineHolder:0.07333333333333333
