ReturnValuedBasedEventFactoryTests:0.9494444444444445
ResultObjectBasedEventFactory:0.5666666666666667
