AlleleBean:0.5533333333333333
AddAllele:0.4633333333333333
NullAlleleBean:0.29
AlleleBeanImpl:0.29
UpdateAllele:0.2633333333333333
