DimensionSlice:0.58
NDArray:0.5566666666666666
ComplexNDArray:0.36666666666666664
