Poller:0.5266666666666666
PollerEventProcessor:0.5066666666666667
OutageManager:0.37666666666666665
OutageMgrEventProcessor:0.21333333333333335
