Input:0.7
LwjglInput:0.32666666666666666
AndroidInput:0.2866666666666667
LwjglApplication:0.28
LwjglGraphics:0.27666666666666667
FlickScrollPane:0.23666666666666666
JoglInput:0.23
RemoteInput:0.23
LwjglDebugStarter:0.11666666666666667
JoglDebugStarter:0.10666666666666667
