FlywayMediumTest:0.6919444444444444
MigrationInfoServiceImpl:0.63
DbMigrate:0.29333333333333333
