CSSStyleDeclaration:0.51
HTMLElement:0.38333333333333336
ComputedCSSStyleDeclaration:0.36666666666666664
HTMLCollection:0.3333333333333333
CSSStyleDeclarationTest:0.22333333333333333
HtmlAnchorTest:0.21
HTMLElementTest:0.19666666666666666
HTMLCollectionTest:0.17
ComputedCSSStyleDeclarationTest:0.17
HTMLHtmlElementTest:0.0033333333333333335
HTMLHtmlElement:0.0
