AbstractVirtualMachine:0.6877777777777778
HopVirtualMachine:0.45666666666666667
