Channel:0.6172222222222223
Network:0.5266666666666666
