FastaFile:0.37333333333333335
PropertyPanel:0.37333333333333335
ApolloFrame:0.32
TypePanel:0.23733333333333334
TestLoader:0.21944444444444447
ResidueProperties:0.19333333333333333
AnnotationMenu:0.17666666666666667
