RemoteQueryLight:0.44666666666666666
BackendBean:0.37333333333333335
BackendBeanRemote:0.36333333333333334
KuwaibaWebservice:0.35333333333333333
