CoreCoverageTest:0.45888888888888885
DataCoverageTest:0.42483333333333334
CoreClassesTests:0.3411111111111111
CDKTests:0.24666666666666667
DataClassesTests:0.20333333333333334
