TaskFormBuilder:0.62
WebResources:0.5533333333333333
TaskFormTag:0.37333333333333335
StartFormTag:0.31
TaskFormBuilderFactory:0.28
QuickFormBuilder:0.09666666666666666
FtlFormBuilder:0.023333333333333334
HtmlFormBuilder:0.0033333333333333335
