AbstractIntegrationFilterTests:0.8133333333333334
AbstractIntegrationFilter:0.6333333333333333
