JUTestServer:0.7183333333333334
JUTestClient:0.38666666666666666
