FlowExecutionHolder:0.45
FlowNavigationHandlerStrategy:0.31
FlowPhaseListener:0.22333333333333333
JsfFlowExecutionListener:0.20333333333333334
