CorpusBenchmarkTool:0.8166666666666667
NewCorpusEvalAction:0.18133333333333332
StoredMarkedCorpusEvalAction:0.18133333333333332
