DataPage:0.5145555555555554
ClientHttpRequest:0.4666666666666667
PagedListDataModel:0.4166666666666667
ProfileBackingBean:0.33666666666666667
BaseComponentHandler:0.18333333333333332
