AbstractCasWebflowEventResolver:0.6311111111111112
PrincipalAttributeMultifactorAuthenticationPolicyEventResolver:0.38666666666666666
