ArticleBean:0.5538888888888889
DisplaySequenceAssociations:0.4166666666666667
NullSequenceBean:0.4033333333333333
