StepExecution:0.5766666666666667
StepExecutionTests:0.36
ItemOrientedStepTests:0.2833333333333333
JdbcStepExecutionDao:0.21
AbstractStepDaoTests:0.17666666666666667
StepExecutionRowMapper:0.13333333333333333
