RangeQueryBuilder:0.74
WildcardQueryBuilder:0.25666666666666665
PrefixQueryBuilder:0.25666666666666665
FuzzyQueryBuilder:0.22666666666666666
RegexpQueryBuilder:0.17666666666666667
