SWDownloadFile:0.72
SWDownloadWorker:0.41333333333333333
SWDownloadSet:0.2966666666666667
DownloadEngine:0.2633333333333333
MagnetData:0.22333333333333333
SwarmingManager:0.21333333333333335
StopDownloadAction:0.13666666666666666
SWDownloadInfo:0.13666666666666666
ResearchService:0.12666666666666668
RemoveDownloadAction:0.11
SearchCandidatesAction:0.10666666666666667
SWDownloadConstants:0.02666666666666667
