User:0.44
CustomField:0.31666666666666665
Version:0.27
Project:0.26666666666666666
Permission:0.25333333333333335
IssueHistory:0.25
IssueActivity:0.25
CustomFieldValue:0.24666666666666667
Component:0.24666666666666667
IssueRelation:0.24
Language:0.24
Configuration:0.23333333333333334
IssueAttachment:0.23333333333333334
Notification:0.22666666666666666
