SelectQueryImpl:0.4869444444444444
AbstractResultQuery:0.43666666666666665
Alias:0.41
Pivot:0.25861111111111107
