Builder:0.5433333333333333
HttpClientConfigCallback:0.3027420634920635
RequestConfigCallback:0.3027420634920635
RestTestClient:0.26666666666666666
HttpCompressionIT:0.21333333333333335
RestClientBuilderTests:0.17666666666666667
ContentEncodingHeaderExtractorConfigCallback:0.043333333333333335
NoContentCompressionConfigCallback:0.03666666666666667
