SubStructureIterator:0.5466666666666666
StructuredbManager:0.4266666666666667
JsThread:0.27
