FieldResolver:0.5966666666666667
ExpressionAnalyzer:0.36
UpdateAnalyzerTest:0.2633333333333333
FieldResolverTest:0.26
RelationAnalyzer:0.22333333333333333
InnerExpressionAnalyzer:0.19777777777777777
ReferenceToTrueVisitorTest:0.17333333333333334
CompoundLiteralTest:0.17333333333333334
AnalyzedStatementTest:0.17333333333333334
InsertFromValuesAnalyzer:0.14
CopyStatementAnalyzer:0.12666666666666668
ExpressionAnalyzerTest:0.12333333333333334
Comparison:0.12
DeleteStatementAnalyzer:0.09666666666666666
