IncludeHttpServletRequest:0.395
XsltFilter:0.23
UrlURIResolver:0.22666666666666666
Browser:0.21333333333333335
LayoutModel:0.18666666666666668
LayoutAction:0.14333333333333334
BrowserVersion:0.12666666666666668
ImageServletResponseItem:0.08333333333333333
MaxAgeFilter:0.07333333333333333
