AbstractTestQueries:0.628611111111111
JoinFilterFunctionCompiler:0.37666666666666665
PageProcessorCompiler:0.31666666666666665
CursorProcessorCompiler:0.27
