RequestSpecBuilder:0.6
MockMvcRequestSpecBuilder:0.4766666666666667
SSLITest:0.18333333333333332
