RedBlackTree:0.6938888888888889
MinStack:0.6788888888888889
