HessianService:0.6533333333333333
HessianServiceImpl:0.27
HessianProtocolTest:0.18666666666666668
MyException:0.13333333333333333
