CMap:0.5733333333333334
LocalMapStatsImpl:0.36
LocallyOwnedMap:0.27444444444444444
PartitionManager:0.23555555555555557
SchedulableOperationHandler:0.10666666666666667
UnlockOperationHandler:0.09333333333333334
