Eventd:0.48333333333333334
EventdServiceManager:0.2733333333333333
Persist:0.27
EventIpcManagerDefaultImpl:0.25333333333333335
EventWriterTest:0.22666666666666666
EventdSpringTest:0.22
OpenNMSTestCase:0.19666666666666666
EventWriter:0.19333333333333333
AlarmWriter:0.14333333333333334
EventHandler:0.11666666666666667
EventIpcManagerDefaultImplTest:0.03666666666666667
JdbcEventdServiceManager:0.03333333333333333
