DataLoaderService:0.49333333333333335
DataExtractorService:0.42
AbstractService:0.26666666666666666
