OperationDao:0.6522222222222221
OperationDaoTest:0.6233333333333333
