StreamInput:0.55
StreamOutput:0.43666666666666665
SearchSourceBuilder:0.43666666666666665
QueryRescoreBuilderTests:0.25666666666666665
