ExplainRequest:0.5466666666666666
IndicesRequestTests:0.43
InterceptingTransportService:0.2711111111111111
ExplainRequestBuilder:0.26
TransportExplainAction:0.21666666666666667
RestExplainAction:0.09333333333333334
