TcpTransport:0.6316666666666667
TCPTransportTests:0.34
MockTcpTransport:0.32
SendListener:0.2
Netty4Transport:0.15638888888888888
