Ini:0.5866666666666667
CConnection:0.5733333333333334
Preference:0.35
