ProtectedLogExportData:0.5933333333333334
AccessRulesData:0.4166666666666667
KeyRecoveryData:0.41333333333333333
ValidateJpaSchema:0.1
