CtrlSchedule:0.3566666666666667
RuleJTree:0.3433333333333333
StateCache:0.2816666666666667
MatchCollector:0.26166666666666666
RuleTreeNode:0.19666666666666666
RecipeTreeNode:0.18333333333333332
RuleEntry:0.16
