JPPFDriver:0.4066666666666667
JPPFNode:0.35333333333333333
DriverLauncher:0.25
JPPFContainer:0.22472222222222224
JPPFNodeAdmin:0.21
JPPFApplicationServer:0.17777777777777778
NodeExecutionManager:0.10333333333333333
