Attr:0.8333333333333334
XMLAttr:0.32833333333333337
AttrTest:0.15666666666666668
