CreateTable:0.47
ColumnDefinition:0.37
AstBuilder:0.3433333333333333
DefaultTraversalVisitor:0.30666666666666664
TestRaptorIntegrationSmokeTest:0.25666666666666665
AbstractTestDistributedQueries:0.24666666666666667
TestSqlParser:0.2311111111111111
CreateTableTask:0.18
AstVisitor:0.16333333333333333
TestHiveIntegrationSmokeTest:0.09666666666666666
