ConvergenceAnnealingEngine:0.7133333333333334
ObjectCreator:0.3333333333333333
HOSECodeJudge:0.315
