GuiceFilter:0.7937777777777778
SingleServiceIntegrationTest:0.3233333333333333
