Codecs:0.42333333333333334
PojoDecoder:0.39
PojoEncoderTest:0.33666666666666667
IterableCodec:0.25333333333333335
ArrayListFactory:0.11
