Scope:0.7166666666666667
ResolvedField:0.4633333333333333
TestScope:0.22
