DTOFactory:0.48
StoreScpService:0.43333333333333335
StoreScp:0.3933333333333333
StudyDTO:0.32
FileInfo:0.29
StgCmtCmd:0.2833333333333333
FileRetrieveCmd:0.24611111111111109
InstanceBean:0.23833333333333334
InstanceDTO:0.23
StorageBean:0.22333333333333333
SeriesDTO:0.20333333333333334
MoveTask:0.19333333333333333
RetrieveCmd:0.18333333333333332
ContentManagerBean:0.17666666666666667
AEData:0.17
AbstractScpService:0.16333333333333333
QueryStudiesCmd:0.1475
StgCmtScp:0.01
