DefaultRecordStore:0.5966666666666667
MapEntrySet:0.41
GetAllOperation:0.38333333333333336
MapLoaderTest:0.2
