GitHub:0.3027420634920635
Client:0.2866666666666667
ApacheClient:0.2833333333333333
ApacheClientTest:0.23333333333333334
Base:0.21
Android:0.1925
TestingUtils:0.14166666666666666
Contributor:0.10838095238095237
