Interpreter:0.5
Context2SimpleXPathTest:0.3933333333333333
XPathLocationFinderTest:0.29333333333333333
HeuristicCheckerPluginTest:0.22
FormalProofCheckerPluginTest:0.14666666666666667
