HopParser:0.65
HopSymbolTableWalker:0.4266666666666667
HopVirtualMachine:0.31
DFA27:0.16111111111111112
DFA7:0.1511111111111111
