ExploreWarningDialog:0.7993333333333333
ExploreThread:0.624388888888889
