RequestContext:0.5576388888888889
MockRequestContext:0.44
AnnotatedAction:0.37733333333333335
LocalAttributeMap:0.36833333333333335
RequestControlContextImpl:0.3
AnnotedActionTests:0.2
MutableAttributeMap:0.15833333333333333
