TriggerRouterService:0.5466666666666666
DataService:0.38333333333333336
ITriggerRouterService:0.28587301587301583
RouterService:0.254
OutgoingLoadSummary:0.19833333333333333
OutgoingBatchService:0.19733333333333333
ChannelRouterContext:0.17333333333333334
