Terminal:0.5333333333333333
InternalSettingsPreparer:0.3
CaptureOutputTerminal:0.28
CliToolTests:0.2522222222222222
MockTerminal:0.25
TerminalTests:0.18666666666666668
InternalSettingsPreparerTests:0.15
ConsoleTerminal:0.14666666666666667
SystemTerminal:0.13333333333333333
HelpPrinter:0.05333333333333334
