ShadowMediaPlayer:0.5733333333333334
ShadowMediaPlayerTest:0.3466666666666667
DataSource:0.19
MediaInfo:0.16666666666666666
MediaEvent:0.09666666666666666
Tester:0.0867222222222222
CreateListener:0.0867222222222222
RunList:0.07666666666666666
ErrorCallback:0.05
MethodSpec:0.042777777777777776
ExceptionTester:0.015833333333333335
OnErrorTester:0.005833333333333334
LogTester:0.0
