RedisClientEntry:0.47
MasterSlaveConnectionManager:0.4666666666666667
ClientConnectionsEntry:0.34
ConnectionManager:0.27166666666666667
ConnectionListener:0.23666666666666666
RedisNodes:0.19333333333333333
DefaultConnectionListener:0.08333333333333333
ClusterConnectionListener:0.044444444444444446
