AbstractHarvester:0.43666666666666665
Aligner:0.37
WebDavParams:0.3566666666666667
AbstractParams:0.30666666666666664
GeonetParams:0.25
GeonetHarvester:0.21333333333333335
CswResult:0.2063968253968254
Privileges:0.18666666666666668
Geonet20Harvester:0.18
WebDavHarvester:0.16666666666666666
Search:0.12333333333333334
WebFolderParams:0.07333333333333333
AlignerResult:0.07
WebFolderHarvester:0.07
CswParams:0.056666666666666664
CswHarvester:0.03
WebDavResult:0.0
