Type:0.6616666666666666
Library:0.25333333333333335
