Broadcaster:0.8333333333333334
DefaultBroadcaster:0.61
ExcludeSessionBroadcaster:0.15
AbstractBroadcasterProxy:0.12333333333333334
SimpleBroadcaster:0.11666666666666667
SocketIOBroadcaster:0.08
