Term:0.5333333333333333
DeltaTerm:0.3433333333333333
TransitTerm:0.25666666666666665
IfTerm:0.25666666666666665
EpsilonTerm:0.25
Call:0.22666666666666666
Template:0.22333333333333333
OrTerm:0.22333333333333333
AtomTerm:0.21333333333333335
WhileTerm:0.21
OutEdge:0.2
SeqTerm:0.18666666666666668
StarTerm:0.18666666666666668
CallTerm:0.16777777777777778
TemplateBuilder:0.14333333333333334
TermDerivationTest:0.10333333333333333
