Building:0.47822222222222216
Farming:0.34
Simulation:0.3233333333333333
MainDesktopPane:0.24666666666666667
PreparingDessert:0.22666666666666666
PrescribeMedication:0.22666666666666666
Cooking:0.22
MissionManager:0.21
MedicalAssistance:0.19333333333333333
Crop:0.19333333333333333
LivingAccommodations:0.18666666666666668
EatMeal:0.17666666666666667
EatDessert:0.17666666666666667
