DefaultDOManager:0.3933333333333333
RelsExtValidator:0.38666666666666666
RelationshipTuple:0.37333333333333335
FOXMLDOSerializer:0.2833333333333333
TestAPIA:0.2821666666666667
BaseTripleGenerator:0.2675
SimpleDOWriter:0.26333333333333336
METSFedoraExtDODeserializer:0.24666666666666667
TestAPIM:0.24666666666666667
SimpleDOReader:0.2422222222222222
ResourceIndexIntegrationTest:0.23
FOXMLDODeserializer:0.23
BatchModifyParser:0.22666666666666666
METSFedoraExtDOSerializer:0.22666666666666666
Constants:0.21666666666666667
DefaultManagement:0.20833333333333334
DefaultAccess:0.20666666666666667
TestAPIALite:0.205
SQLRebuilder:0.19
RDFDataModel:0.18166666666666667
TripleEditDialog:0.17333333333333334
DigitalObjectTest:0.17
RDFTupleEditor:0.17
CreateAction:0.14833333333333334
NewObjectDialog:0.14666666666666667
OneEmptyObjectTestSetup:0.14333333333333334
METSToFOXMLTest:0.10333333333333333
FedoraRelsExtNamespace:0.09333333333333334
FaultException:0.07333333333333333
FedoraNamespace:0.03666666666666667
FedoraModelNamespace:0.02
FedoraDSCompositeModel1_0Format:0.01
FedoraDSCompositeModelNamespace:0.0
