ServletScopes:0.4866666666666667
GuiceFilter:0.2966666666666667
Context:0.19666666666666666
TransferRequestIntegrationTest:0.15333333333333332
