XmlConfigBuilder:0.45
NetworkConfig:0.45
ConnectionManager:0.37
NodeIOService:0.23
DefaultSocketChannelWrapperFactory:0.1943968253968254
IOService:0.19416666666666665
SocketChannelWrapperFactory:0.18883333333333338
ConfigXmlGenerator:0.11666666666666667
SSLSocketChannelWrapperFactory:0.06
