AWTInputAdapterTest:0.45
LinuxAWTInput:0.41
AWTInputAdapter:0.32142857142857145
WindowsAWTInput:0.2633333333333333
AWTCanvasInputImplementation:0.24151587301587307
MacOSXAWTInput:0.13055555555555554
