ActivationRecord:0.39
DataEnvironment:0.36333333333333334
StepFactory:0.36333333333333334
Descriptor:0.27666666666666667
ReturnStep:0.20666666666666667
CallStep:0.18666666666666668
MethodDescriptor:0.16666666666666666
