GwtViewHelper:0.37333333333333335
FolderViewBase:0.37333333333333335
EntryTitleCell:0.29
EntityId:0.25333333333333335
DataTableFolderViewBase:0.20333333333333334
EntryTitleInfo:0.14666666666666667
CanAddEntitiesRpcResponseData:0.10666666666666667
EntryTitleColumn:0.09666666666666666
Html5UploadHost:0.04666666666666667
VibeDataTableConstants:0.0033333333333333335
