SimpleFluentIterable:0.45
LazyFluentIterable:0.43666666666666665
FluentIterable:0.36333333333333334
DecoratingIterator:0.12666666666666668
App:0.1
