ActionMethodParserTest:0.6333333333333333
AnnArgTest:0.48333333333333334
ActionResultTest:0.33666666666666667
