MergePhase:0.55
NestedLoop:0.43
CrossJoinConsumerTest:0.27666666666666667
Visitor:0.27444444444444444
NodeOperationTreeGenerator:0.21333333333333335
NestedLoopPhase:0.19726190476190478
