MaterialCalendarView:0.66
CalendarWeekDayFormatter:0.24333333333333335
SimpleCalendarDialogFragment:0.14666666666666667
