Lucene:0.58
NodeEnvironment:0.30666666666666664
Store:0.25333333333333335
