CursorImpl:0.45666666666666667
Executor:0.4
Utils:0.39
jOOQAbstractTest:0.3566666666666667
CursorResultSet:0.3233333333333333
AbstractResultQuery:0.23333333333333334
AbstractStoreQuery:0.22333333333333333
