OuterReferenceResolver:0.76
OuterReferenceFixer:0.2833333333333333
ReferenceGraph:0.24666666666666667
OuterReferenceResolverTest:0.20333333333333334
