MethodGen:0.36
IfNode:0.3566666666666667
IfCondition:0.2833333333333333
InsnUtils:0.22666666666666666
LoopRegion:0.22333333333333333
RegionMaker:0.20666666666666667
ClassGen:0.195
TestCF3:0.18
InternalJadxTest:0.17333333333333334
Compare:0.15611111111111112
BlockProcessingHelper:0.13666666666666666
