Mango_Class:0.5733333333333334
MakeComponentClass:0.49666666666666665
ClassNameSymReq:0.08994444444444445
