CDKAtomTypeMatcher:0.5883333333333334
CDKAtomTypeMatcherTest:0.4066666666666667
