Structure:0.4241666666666667
UserManager:0.3744444444444444
Activator:0.35
UserContainer:0.31416666666666665
StatusListener:0.27666666666666667
AtomContainerTransfer:0.25
PKPDEditor:0.24666666666666667
BiojavaManagerTest:0.24666666666666667
MatrixEditor:0.24666666666666667
QSAREditor:0.24666666666666667
NewQSARProjectWizard:0.24333333333333335
NewPKPDProjectWizard:0.24333333333333335
JalviewEditor:0.22333333333333333
JmolEditor:0.20333333333333334
BioclipseMobyModel:0.2
QSARFormEditor:0.19666666666666666
TableCreator:0.19666666666666666
PrimaryArticlesPage:0.19333333333333333
ExecuteMobyServiceAction:0.19333333333333333
MobyViewCentral:0.19
HsqldbUtil:0.18783333333333332
MossTestRunner:0.185
ServiceCategory:0.18116666666666667
CDKManager:0.17583333333333334
NewSampleDataProjectWizard:0.14
CreateStructureDatabaseDialog:0.12666666666666668
TextRFactory:0.11333333333333333
UserManagerLoginDialog:0.10666666666666667
RunMossAction:0.1
BioMobyPrefsInitializer:0.09333333333333334
HsqldbTest:0.09333333333333334
