MineralMap:0.7306111111111111
Mars:0.4166666666666667
SurfaceFeatures:0.30333333333333334
RandomMineralMap:0.20666666666666667
