XmlConfigurationProvider:0.6833333333333333
ActionConfig:0.6744444444444444
StrutsXmlConfigurationProvider:0.23666666666666666
