RunAReportDlg:0.6866666666666666
InvokeRunAReportDlgEvent:0.35333333333333333
GwtTeamingMessages:0.31666666666666665
EventHelper:0.28
GwtServerHelper:0.21000000000000002
AdminControl:0.16666666666666666
AdminCategoryControl:0.16222222222222224
AdminActionsTreeControl:0.13555555555555554
