ApplicationRouteLocator:0.7733333333333333
ApplicationRouteLocatorTest:0.2866666666666667
