Transaction:0.6833333333333333
StoredPaymentChannelClientStates:0.31
TransactionOutput:0.30333333333333334
TransactionTest:0.25666666666666665
StoredPaymentChannelServerStates:0.24333333333333335
PaymentProtocol:0.23555555555555557
