JmolObject:0.74
JmolChain:0.26
JmolModel:0.2488888888888889
JmolMonomer:0.24694444444444447
JmolModelSet:0.22333333333333333
