Execution:0.6033333333333334
AbstractVirtualMachine:0.3466666666666667
