WeightFactorFunction:0.43
SimpleIndexQueryParserTests:0.42
DefaultSearchContext:0.32466666666666666
FunctionScoreQueryParser:0.29333333333333333
DecayFunctionScoreIT:0.25333333333333335
PercolatorIT:0.24333333333333335
ScoreFunctionParserMapper:0.17
