BootstrapProxy:0.5041666666666667
NettyHttpServerTransport:0.42
SQLPlugin:0.33
SQLModule:0.2183333333333333
