Key:0.5166666666666667
TypeLiteral:0.39
CreationException:0.3413333333333334
MatcherTest:0.2966666666666667
Message:0.2966666666666667
Types:0.27666666666666667
InjectorTest:0.27666666666666667
Names:0.25666666666666665
AnnotationTypeStrategy:0.21333333333333335
BoundAsSingleton:0.2063968253968254
AnnotatedSingleton:0.2063968253968254
InPackage:0.18166666666666667
GenericArrayTypeImpl:0.175
SerializationTest:0.13583333333333333
ParameterizedTypeImpl:0.135
TypeLiteralTest:0.13333333333333333
Asserts:0.13
KeyTest:0.11666666666666667
ScopesTest:0.1
AnnotationInstanceStrategy:0.051111111111111114
BinderTest:0.03666666666666667
