RobotTest:0.4
WidgetTestFixture:0.31333333333333335
ListSample:0.24666666666666667
ListTesterTest:0.24333333333333335
MouseWatcher:0.22333333333333333
App:0.19333333333333333
