JFCChartsEngine:0.45
ChartsEngine:0.44666666666666666
HighchartsDefaultTheme:0.31333333333333335
FCAXYDataset:0.18333333333333332
RChartsEngine:0.18333333333333332
Theme:0.17
ItemSelectionXYCardinalSplineRenderer:0.11666666666666667
