DBObjects:0.3903333333333333
DBRefBase:0.3566666666666667
DBObjectsTest:0.14
