CorrelatedThread:0.42333333333333334
NullProcess:0.41777777777777775
Interpreter:0.4166666666666667
ProcessBuilder:0.36666666666666664
InputOperation:0.24333333333333335
InternalLink:0.22666666666666666
State:0.22444444444444447
CorrelatedProcess:0.21444444444444447
NDChoiceProcess:0.19111111111111112
CommChannelHandler:0.18666666666666668
LinkInProcess:0.16
CommCore:0.15333333333333332
RequestResponseProcess:0.13333333333333333
LinkOutProcess:0.12
RequestResponseOperation:0.07666666666666666
SleepInputHandler:0.06666666666666667
ExitProcess:0.043333333333333335
