XeroJSModelTest:0.5966666666666667
ClientRenderingControllerTest:0.2213888888888889
ClientRenderingController:0.21333333333333335
XeroJSControllerTest:0.10333333333333333
