CorpusBenchmarkTool:0.6366666666666667
AnnotationDiffer:0.5033333333333333
