AnnotationExtractionUtils:0.6533333333333333
MethodAnnotationPrototype:0.25493650793650796
Constants:0.25493650793650796
ConfigurationUtils:0.22333333333333333
