TestMsgManager:0.3908333333333333
TestHostAddress:0.3233333333333333
TestGUID:0.24333333333333335
TestXQueueParameters:0.22333333333333333
