DateHistogramIT:0.5833333333333334
DateRangeTests:0.2866666666666667
