HazelcastTest:0.5366666666666666
QueryTest:0.52
MapIndexService:0.35555555555555557
