IDbDialect:0.5780000000000001
AbstractDbDialect:0.41
HsqlDbDialect:0.37333333333333335
IntegrationTest:0.27666666666666667
HsqlDbTrigger:0.23
AbstractEmbeddedTrigger:0.08666666666666667
