Preferences:0.52
DoNotAskMeAgainDialog:0.4033333333333333
ISphereStrPrePrc:0.33
Messages:0.2833333333333333
StrPrePrcParser:0.24
EditHeaderDialog:0.22666666666666666
DoNotAskMeAgain:0.21333333333333335
ISphereAppearance:0.19666666666666666
CompareDialog:0.18333333333333332
HexDataSpaceEditorDelegate:0.18333333333333332
EditHeaderAction:0.14333333333333334
RemoveHeaderAction:0.11111111111111112
