CustomSelectProvider:0.5766666666666667
SelectableVMDNodeWidget:0.2272222222222222
