Description:0.79
CantInitialize:0.2633333333333333
MarkerRunner:0.2633333333333333
ValidationTest:0.17666666666666667
