ValidationException:0.3719920634920635
EntityManagerDecorator:0.3333333333333333
