Context:0.5833333333333334
Configuration:0.4
DriverConductor:0.38
DriverConductorTest:0.23666666666666666
PublicationParams:0.19
IpcPublicationTest:0.17
