ObjectGraphVisitor:0.4122222222222222
Fixer:0.4
FixerTest:0.31
ISO19139InsertionService:0.23666666666666666
ObjectGraphVisitorException:0.12
