Default:0.5966666666666667
Store:0.5666666666666667
MethodGraphCompilerDefaultKeyTest:0.30666666666666664
