WebHelper:0.5366666666666666
WebKeys:0.426626984126984
ViewEntryController:0.3075
