Connection:0.84
HttpConnection:0.36333333333333334
UrlConnectTest:0.3566666666666667
