TypeHandler:0.47333333333333333
AnnotationListView:0.38333333333333336
AnnotationSetsView:0.32666666666666666
