ProfileModule:0.7033333333333334
AjaxController:0.48333333333333334
ProfileModuleImpl:0.41333333333333333
ReportDownloadController:0.15
ManageGroupsController:0.14
SAbstractControllerRetry:0.0
