StudyPermissionModel:0.49333333333333335
WebRolesConfig:0.42
StudyPermissionCtrl:0.35
WebRole:0.2808333333333333
StudyPermissionUpdateCtrl:0.03
