AgentConfig:0.42
MasterConfig:0.3933333333333333
GooglePubSubSender:0.39
HealthChecker:0.36892857142857144
DefaultHealthChecker:0.18766666666666665
GooglePubSubSenderTest:0.043333333333333335
