GeometricMinimizer:0.5333333333333333
BondStretching:0.5
ForceFieldTests:0.39666666666666667
