Formula:0.6069444444444443
ValidatorContainer:0.42333333333333334
Validators:0.42333333333333334
OperationValidator:0.29
