AbstractParam:0.35
BooleanParamTest:0.2633333333333333
LongParamTest:0.14333333333333334
UUIDParamTest:0.14333333333333334
IntParamTest:0.14333333333333334
UUIDParam:0.12
IntParam:0.12
LongParam:0.12
BooleanParam:0.12
