Robolectric:0.7977777777777778
TestAttributeSet:0.39666666666666667
