DefinitionServiceDelegate:0.73
JbpmDefinitionLogic:0.41333333333333333
DefinitionServiceDelegateLocalImpl:0.37333333333333335
DefinitionServiceDelegateRemoteImpl:0.37333333333333335
JbpmDefinitionServiceBean:0.32
DefinitionServiceDelegateGetOrgFunctionFriendlyNamesMappingTest:0.2733333333333333
ProcessInstanceVariablesRowBuilder:0.23666666666666666
ProcessVariableMonitorTag:0.14666666666666667
DefinitionServiceDelegateGetDeclaredVariablesNamesTest:0.03666666666666667
