NettyClientTransport:0.38
NettyClientTransportTest:0.32666666666666666
NettyServer:0.30333333333333334
NettyChannelBuilder:0.24333333333333335
NettyServerBuilder:0.18666666666666668
NettyTransportFactory:0.14333333333333334
NettyServerTest:0.13333333333333333
