ParentSelector:0.37333333333333335
PreviousSequentSiblingSelector:0.37
ImmediateParentSelector:0.35333333333333333
