Longs:0.5633333333333334
Integers:0.40944444444444444
Numbers:0.2833333333333333
