AbstractSharedClusterTest:0.4862222222222222
DocumentActionsTests:0.24
IgnoreIndicesTests:0.20666666666666667
