LiveValidationProvider:0.7952777777777779
KruseCalendarEditor:0.5384444444444444
