CommandsData:0.4533333333333333
RedisClientTest:0.29
Redisson:0.265
RedissonClient:0.235
CommandDecoder:0.23333333333333334
RedisConnection:0.15666666666666668
