LocalizationUtils:0.6466666666666666
StringUtils:0.41
ApplicationConnection:0.37333333333333335
MonitoringPanel:0.3333333333333333
OptionsPageBuilder:0.31666666666666665
