JadxDecompiler:0.5033333333333333
ErrorsCounter:0.38
JadxCLIArgs:0.235
JadxCLI:0.20111111111111113
IJadxArgs:0.15833333333333333
DefaultJadxArgs:0.11
RootNode:0.07666666666666666
Consts:0.0
