ScenarioManagerImpl:0.5316666666666666
ScenarioReaderImpl:0.48
JFXScenarioViewer:0.4266666666666667
JFXScenarioPanel:0.2866666666666667
