AsyncHttpUrlConnection:0.7752777777777778
ApacheClientRunnable:0.5703333333333334
