KeywordFieldMapper:0.23
Builder:0.22916666666666666
KeywordFieldMapperTests:0.19
GeoPointFieldMapperTests:0.17666666666666667
GeohashMappingGeoPointTests:0.16
BaseGeoPointFieldMapper:0.15333333333333332
MultiFieldTests:0.15
ShardGetService:0.13
GeoPointFieldMapper:0.12666666666666668
DynamicTemplatesTests:0.12666666666666668
KeywordFieldType:0.11
LegacyGeoPointFieldMapper:0.09333333333333334
