AbstractProcessingFilter:0.6041666666666666
AbstractProcessingFilterTests:0.5833333333333334
