PA:0.6
MethodInline:0.3144444444444444
BuildMethodSummary:0.2733333333333333
InlineMapping:0.23
