Convention:0.44666666666666666
JMOLANIMATIONConvention:0.29333333333333333
ChemFileCDO:0.27666666666666667
CMLHandler:0.2695555555555556
JmolTest:0.26666666666666666
