StoreScp:0.5566666666666666
CompressCmd:0.3933333333333333
CodecCmd:0.2966666666666667
CompressionRules:0.24666666666666667
Entry:0.14666666666666667
