FlowRegistrar:0.6435555555555557
XmlFlowRegistrar:0.57
BeanFactoryFlowArtifactFactory:0.31666666666666665
XmlFlowRegistryFactoryBean:0.29333333333333333
FlowRegistrarSupport:0.2866666666666667
FlowRegistryPopulationTests:0.21666666666666667
AbstractFlowRegistryFactoryBean:0.18333333333333332
