MetaModel:0.8666666666666667
BasePOJOPersistenceProvider:0.3466666666666667
