Management:0.5733333333333334
Indexer:0.32666666666666666
OpenGrokTrayApp:0.24938888888888888
OGAgent:0.21722222222222223
OGAgentTest:0.17333333333333334
