UnionAnalyzerTest:0.36666666666666664
SQLPrinterTest:0.23666666666666666
RelationPrinter:0.22666666666666666
Visitor:0.12
