DefaultUniqueTicketIdGenerator:0.3155555555555556
TicketGrantingTicketImplTests:0.23666666666666666
RejectUsersAuthenticationHandlerTests:0.22333333333333333
AbstractServiceValidateController:0.21666666666666667
ServiceTicketImpl:0.19333333333333333
Cas20ProxyHandlerTests:0.18666666666666668
DefaultUniqueTicketIdGeneratorTests:0.13666666666666666
AcceptUsersAuthenticationHandlerTests:0.12
