Flyway:0.7533333333333333
DbSupportFactory:0.44333333333333336
MigrationTestCase:0.33666666666666667
AbstractFlywayMojo:0.13666666666666666
ConcurrentMigrationTestCase:0.11
SQLServerCaseSensitiveMigrationTestCase:0.1
DB2zOS:0.0
