MoleculesContentProvider:0.7633333333333333
PcorePage:0.26666666666666666
