IndicesClient:0.5605555555555555
IndicesClientDocumentationIT:0.46888888888888886
