PatientNameField:0.6566666666666666
WebCfgService:0.4166666666666667
ModalityWorklistPanel:0.35333333333333333
StudyListPage:0.27
TrashListPage:0.26
BaseForm:0.25
