QueryCmd:0.54
PPSScp:0.27666666666666667
MoveScp:0.24666666666666667
StudyFilterModel:0.24333333333333335
MPPSScp:0.24
WadoQueryCmd:0.23666666666666666
ORMService:0.19666666666666666
StgCmtScuScp:0.19666666666666666
HPStoreScp:0.19666666666666666
StudyReconciliationService:0.19333333333333333
HPMoveScp:0.16333333333333333
GPWLQueryCmd:0.15666666666666668
GPSPSScp:0.15333333333333332
HPQueryCmd:0.13666666666666666
