MigrationInfoImpl:0.6533333333333333
FlywayMediumTest:0.53
MigrationInfoServiceImpl:0.2866666666666667
MigrationInfoImplSmallTest:0.25333333333333335
