ExecutionService:0.6133333333333333
AuthorizationService:0.58
WfVariable:0.39666666666666667
WfVariables:0.23666666666666666
ExecutionServiceDelegate:0.22666666666666666
AuthorizationServiceDelegate:0.21666666666666667
WebServiceTaskHandler:0.21
User:0.20666666666666667
InitializerLogic:0.19666666666666666
WorkflowBot:0.19333333333333333
ExecutionServiceBean:0.19333333333333333
PermissionDAO:0.19
LocalizationParser:0.17166666666666666
AdminScriptRunner:0.17
ExecutionLogic:0.16
ProcessFactory:0.14333333333333334
ListExecutorsBaseFormTag:0.14333333333333334
PermissionTableBuilder:0.13666666666666666
VariableExtractionHelper:0.13666666666666666
CommonLogic:0.12666666666666668
AuthorizationLogic:0.12
AuthorizationServiceBean:0.11333333333333333
FormatCommons:0.11333333333333333
SubmitStartProcessFormAction:0.10666666666666667
SubmitTaskFormAction:0.1
UpdatePermissionsTaskHandler:0.09666666666666666
SystemService:0.09642857142857142
ProcessVariablesRowBuilder:0.09
SystemServiceDelegate:0.08666666666666667
StartProcessTaskHandler:0.08333333333333333
WebServiceTaskHandlerXSLTHelper:0.08333333333333333
SystemServiceBean:0.08
DisplayVariableTag:0.07666666666666666
DateTimeInputTag:0.07666666666666666
DisplayFormattedTextTag:0.07666666666666666
TaskLogic:0.07333333333333333
VariableLogic:0.05333333333333334
LocalizationDAO:0.05333333333333334
MapOfVariablesAdapter:0.03333333333333333
TestOrgFunction:0.0
