PipelineStore:0.5566666666666666
NodeService:0.3433333333333333
IngestService:0.2866666666666667
DeletePipelineTransportAction:0.16666666666666666
GetPipelineTransportAction:0.16666666666666666
PutPipelineTransportAction:0.16666666666666666
