XDSIService:0.6722222222222222
XDSMetadata:0.4266666666666667
UUID:0.18833333333333332
