ExecutionService:0.51
ScheduledExecutorServiceDelegate:0.35
OperationServiceImpl:0.31
ClientEngineImpl:0.2833333333333333
ExecutionServiceImpl:0.2833333333333333
RemoteOperationProcessor:0.2188888888888889
