Peer:0.58
Wallet:0.43666666666666665
PeerEventListener:0.3027420634920635
PeerAddress:0.2633333333333333
RefreshWallet:0.21333333333333335
NetworkConnection:0.16333333333333333
GetDataFuture:0.14777777777777779
PeerGroup:0.12
