StdMet:0.5366666666666666
Btableau:0.35333333333333333
ODE:0.33666666666666667
Erk:0.33
Btheta:0.3272804232804233
ErkTriple:0.2633333333333333
GraphPaperLayout:0.25
SBMLSimulation:0.23333333333333334
ODEFileWriter:0.23
ErrorEstimator:0.21666666666666667
SpeciesODEList:0.2063968253968254
IODEWriter:0.1736111111111111
SBMLActionBarContributor:0.12666666666666668
Initsss:0.11333333333333333
Imex:0.11
RootFinder:0.11
RingMod:0.1
DormandPrince:0.09
Plotter:0.08333333333333333
BthDopr:0.056666666666666664
MainPanel:0.056666666666666664
GraphPanel:0.05333333333333334
StiffnessDetector:0.05333333333333334
Span:0.03666666666666667
NumberPanel:0.034499999999999996
ErkSD:0.03333333333333333
Imex1S:0.03333333333333333
ErkTripleTest:0.03333333333333333
ImexSD:0.03333333333333333
Erk1S:0.03166666666666667
FileIntake:0.03
Pollution:0.02666666666666667
YPanel:0.02666666666666667
PlotPanel:0.02
F4:0.013333333333333334
SpeciesODE:0.013333333333333334
SBMLODE:0.01
Brusselator:0.0025
Orbit:0.0025
Mass:0.0025
Ball_ODE:0.0025
VanDerPol:0.0025
Hires:0.0025
Pleiades:0.0
PlFTest:0.0
Poly:0.0
CoordPanel:0.0
Mol:0.0
TPanel:0.0
