HopSymbolTableWalker:0.44
HopParser:0.4166666666666667
HopLexer:0.38666666666666666
DFA33:0.11466666666666667
loop_statement_scope:0.04
