BasicDAVResponse:0.49
XMLConverter:0.3566666666666667
VFSDAVStore:0.31666666666666665
MultiStatusResponse:0.24333333333333335
PropFindResponse:0.13333333333333333
