ShardManagerDao:0.7705555555555555
ShardCleaner:0.4533333333333333
DatabaseUtil:0.3466666666666667
