Parameters:0.9604444444444444
HttpProtocol:0.37333333333333335
