BuildDefinitionDivs:0.6333333333333333
ViewController:0.45
MenuTag:0.2966666666666667
