ObjectGraph:0.58
AtInjectBinding:0.44333333333333336
BuildTimeLinker:0.35
FullGraphProcessor:0.11333333333333333
