AsyncHttpClientConfig:0.7933333333333333
Builder:0.3333333333333333
DefaultChannelPool:0.2633333333333333
DefaultAsyncHttpClientConfig:0.24666666666666667
AsyncHttpClientConfigDefaults:0.2321666666666667
NettyRequestFactory:0.20666666666666667
HttpProtocol:0.18666666666666668
BasicHttpsTest:0.18666666666666668
AsyncHttpClientDefaultsTest:0.18
ConnectionStrategy:0.16916666666666666
DefaultConnectionStrategy:0.013333333333333334
