Generator:0.447
TemplateTarget:0.43333333333333335
CommonUtils:0.35333333333333333
ModelGenerator:0.33
TableDDLUtils:0.2644444444444444
Target:0.25333333333333335
AbstractGenerator:0.23333333333333334
BslaLibraryUtils:0.215
DatabaseUtils:0.19666666666666666
ViewGenerator:0.18333333333333332
TemplateTargetUtils:0.06005555555555555
TestUtils:0.04
