CallableStatement_base:0.47333333333333333
TdsConnection:0.4533333333333333
CursorResultSet:0.38666666666666666
PreparedStatement_base:0.3466666666666667
TdsStatement:0.30333333333333334
