Grammar:0.8166666666666667
GrammarAST:0.47333333333333333
PrecedencePredicate:0.30222222222222217
LeftRecursiveRuleAnalyzer:0.3
BasicSemanticChecks:0.2833333333333333
ParserATNSimulator:0.24666666666666667
LeftRecursiveRule:0.23333333333333334
LeftRecursiveRuleTransformer:0.21444444444444447
GrammarTransformPipeline:0.1
