Console:0.5733333333333334
ConsolePlugin:0.2966666666666667
GeneralOptionPane:0.24833333333333332
ConsolePane:0.21
SelectHomeAction:0.013055555555555556
CompletionAction:0.013055555555555556
