FlowExecutorFactoryBean:0.5633333333333334
RepositoryType:0.5580555555555556
FlowSystemDefaults:0.22
