Model:0.63
FrozenLayer:0.3433333333333333
MultiLayerNetwork:0.30333333333333334
VariationalAutoencoder:0.29333333333333333
ComputationGraph:0.2866666666666667
BarnesHutTsne:0.2732777777777778
SimpleOptimizableModel:0.2732777777777778
BaseLayer:0.23
SharedTrainingWrapper:0.06
