Trace:0.4266666666666667
Expression:0.4
Cache:0.3
DatabaseInformationFull:0.26666666666666666
Library:0.2633333333333333
DITableInfo:0.23333333333333334
Parser:0.22316666666666668
DINameSpace:0.21333333333333335
DatabaseInformationMain:0.21333333333333335
DatabaseInformation:0.1630952380952381
