SpatialIndexWriter:0.73
ExtractGeometriesTest:0.3333333333333333
Get:0.30666666666666664
XslUtil:0.2833333333333333
