TodoListsManagerImpl:0.3
ManageTodoListsAction:0.24
TodoListDAOHibernate:0.17666666666666667
ShowTodoListsAction:0.15333333333333332
ShareDAO:0.13666666666666666
TodoListsDecorator:0.13666666666666666
ShareDAOHibernate:0.09333333333333334
TodoListsManager:0.065
TodoListDAO:0.065
