RedisRunner:0.7633333333333333
RedisProcess:0.30333333333333334
RedissonTest:0.30333333333333334
FailedToStartRedisException:0.3027420634920635
BaseTest:0.26166666666666666
RedisClientTest:0.2
WeightedRoundRobinBalancerTest:0.09333333333333334
