GwtTeamingMessages:0.7466666666666667
ProfileModule:0.6072222222222222
AdminHelper:0.31333333333333335
IdTriple:0.2966666666666667
ConfigureUserMobileAppsDlg:0.24
ConfigureUserFileSyncAppDlg:0.22666666666666666
GwtServerHelper:0.20777777777777778
ProfileModuleImpl:0.19666666666666666
GwtViewHelper:0.19111111111111112
