ShadowView:0.5133333333333333
ViewLoaderTest:0.3233333333333333
ShadowLayoutInflater:0.25
ViewTest:0.17
CustomView:0.09333333333333334
