DynamicsJNI:0.6505555555555557
GwtGraphics:0.3
Matrix4:0.27
RayPickRagdollTest:0.25333333333333335
HeadlessApplication:0.24
AndroidInput:0.23799999999999996
ExtrasJNI:0.23666666666666666
btHinge2Constraint:0.22666666666666666
btWorldImporter:0.22666666666666666
btFixedConstraint:0.17666666666666667
HeadlessApplicationConfiguration:0.06333333333333334
DynamicsConstants:0.0
