SaxErrorHandler:0.5833333333333334
SaxDefaultHandler:0.5022222222222222
BasicParser:0.3933333333333333
SaxParser:0.25666666666666665
