StudyListPage:0.44
PatientModel:0.35
StudyModel:0.35
StudyListLocal:0.31437301587301586
SelectedEntities:0.31333333333333335
MessageWindowPanel:0.29333333333333333
StudyListBean:0.24
InstanceListView:0.16333333333333333
MessageWindow:0.15666666666666668
WebLoginContext:0.10666666666666667
SecureSession:0.056666666666666664
SeriesListView:0.05333333333333334
StudyListView:0.04
PPSListView:0.04
