Robolectric:0.5366666666666666
ShadowTranslateAnimation:0.365
ShadowListPreference:0.13666666666666666
ListPreferenceTest:0.09333333333333334
TranslateAnimationTest:0.07666666666666666
