CMap:0.5733333333333334
ConcurrentMapManager:0.43
PartitionServiceImpl:0.3
BaseManager:0.29
ResponseQueueCall:0.23666666666666666
MBackup:0.23166666666666666
ClusterLockTest:0.20333333333333334
MPut:0.20166666666666666
AsyncRemotelyBooleanCallable:0.19666666666666666
ClusterBackupTest:0.18333333333333332
BackupOperationHandler:0.155
MBackupAwareOp:0.13333333333333333
PutTransientOperationHandler:0.1075
GroupProperties:0.09
PutFromLoadOperationHandler:0.02666666666666667
