Context:0.3433333333333333
CommonContext:0.20333333333333334
EchoService:0.16
ClusterTest:0.11
