SPSStatus:0.629
MWLFindScpService:0.5733333333333334
PatientUpdateBean:0.32666666666666666
