EnumerationAssert:0.7066666666666667
PhoneAddressTest:0.32666666666666666
CountryTest:0.32
MessengerAddressTest:0.3
StringEnumerationAssert:0.19666666666666666
