FeatureView:0.39
StatusPane:0.38
ApolloPanel:0.36
AnnotationView:0.33
StrandedZoomableApolloPanel:0.27
ApolloFrame:0.18611111111111112
DropTargetViewI:0.18066666666666667
