CommandLine:0.55
JnetManager:0.5366666666666666
NBrowseApplet:0.2966666666666667
NBrowseJnlp:0.23666666666666666
