MockPollerConfig:0.45
MockPollOutagesConfig:0.45
PollOutagesConfig:0.3880555555555556
MockInterface:0.36666666666666664
MockService:0.31
MockNode:0.25333333333333335
MockNetwork:0.23
EventAnticipator:0.22
PollerTest:0.19333333333333333
MockMonitor:0.185
MockContainer:0.18333333333333332
MockEventIpcManager:0.18
MockElement:0.16333333333333333
MockNetworkTest:0.15
MockUtil:0.13333333333333333
