OsgiBundleResource:0.51
ContextLoaderListener:0.3566666666666667
OsgiResourceUtils:0.295
OsgiBundleResourcePatternResolver:0.21333333333333335
ConfigUtils:0.14333333333333334
ContextLoaderListenerTest:0.14333333333333334
OsgiBundleUtilsTest:0.07333333333333333
ConfigUtilsTest:0.03666666666666667
