MultipleColumnJdbcKeyCollector:0.44
PreparedStatementSetterKeyWrapper:0.36666666666666664
ColumnMapItemPreparedStatementSetter:0.2733333333333333
ColumnMapExecutionContextRowMapperTests:0.24333333333333335
