ProxyType:0.4266666666666667
ReferenceType:0.36
GlobalRef:0.33666666666666667
AbstractReference:0.24666666666666667
CallableProxyType:0.24111111111111114
WeakrefModule:0.18666666666666668
