OCSPUtil:0.39666666666666667
ProtocolOcspHttpTest:0.34
MSPKCS10RequestMessage:0.23
ProtocolOcspHttpPerfTest:0.22166666666666668
OCSPCAServiceRequest:0.21333333333333335
ServiceTypeManager:0.19
OCSPCAServiceResponse:0.16
OcspUtilTest:0.11666666666666667
PublishQueueWorkerType:0.09666666666666666
NoActionType:0.08444444444444445
MailActionType:0.08333333333333333
RenewCAWorkerType:0.07
