RuntimeAnnotationGenerator:0.6866666666666666
ObjectiveCImplementationGeneratorTest:0.5416666666666666
GeneratedType:0.4066666666666667
