JSONLexerBase:0.7666666666666667
JavaBeanDeserializer:0.2966666666666667
ASMDeserializerFactory:0.22666666666666666
IncomingDataPointTest:0.1
