AbstractMonitorFactory:0.31
AbstractMonitorFactoryTest:0.21
MonitorCreator:0.19333333333333333
MonitorFilter:0.18333333333333332
MonitorListener:0.12
DubboMonitorTest:0.1
