GwtTeamingMessages:0.96
AccessRightsInfoDlg:0.37666666666666665
EditShareWidget:0.3566666666666667
PromptForExternalUsersEmailAddressDlg:0.20111111111111113
