AbstractClientInternalCacheProxy:0.6022222222222222
AbstractClientCacheProxyBase:0.5258333333333334
