CDKMolecule:0.7365555555555555
CDK10Molecule:0.41766666666666663
