Inspector:0.6933333333333334
UIInspector:0.47333333333333333
SCInspector:0.19666666666666666
