MangoInstruction:0.5466666666666666
Invocation:0.5033333333333333
Invoking:0.4533333333333333
Getandput:0.38333333333333336
JfieldSym:0.35
JclassSym:0.24333333333333335
JmethodSym:0.24333333333333335
GETSTATIC:0.15
INVOKEVIRTUAL:0.11333333333333333
INVOKESPECIAL:0.09333333333333334
INVOKEINTERFACE:0.09333333333333334
INVOKECG:0.07666666666666666
InstructionSym:0.04
GETFIELD:0.04
PUTFIELD:0.03666666666666667
InvocationSym:0.03666666666666667
Package:0.035
ClassSym:0.01
ReturnPointLinkSym:0.01
ReturnPointLink:0.006666666666666667
JnonclassSym:0.0
