UltimateRecyclerView:0.5716666666666667
BasicGridLayoutManager:0.5336785714285714
UltimateViewAdapter:0.3933333333333333
GridLayoutRVAdapter:0.3016666666666667
GridLayoutRVTest:0.18
VIEW_TYPES:0.03305555555555555
