ClientMapProxy:0.3977777777777778
ClientExecutionServiceImpl:0.3883333333333333
