ICBrokerModuleImpl:0.77
ICException:0.23666666666666666
ICBrokerModule:0.20083333333333334
ICBrokerImplMBean:0.20083333333333334
