ESTestCase:0.4766666666666667
AbstractQueryTestCase:0.4633333333333333
GeoHashTests:0.16
GeohashGenerator:0.0
