ApolloDataAdapterI:0.5980555555555556
CORBAAdapter:0.26666666666666666
DummySequenceAdapter:0.23666666666666666
EnsCGIAdapter:0.23
GFFAdapter:0.23
EfetchSequenceAdapter:0.19333333333333333
SerialDiskAdapter:0.15
