ParameterisedComputationWizard:0.38333333333333336
SimpleComputationJob:0.26
SimpleComputationWizard:0.21333333333333335
ParameterisedComputationJob:0.16333333333333333
