Formatter:0.48333333333333334
TestStatementBuilder:0.45666666666666667
AstBuilder:0.30333333333333334
AstVisitor:0.30333333333333334
