ListRecordingsForUriSession:0.5233333333333333
ArchiveConductor:0.35333333333333333
ListRecordingsForUriSessionTest:0.31666666666666665
