Utils:0.42333333333333334
CallMethod:0.3844444444444444
RetrofitTest:0.35
MethodHandler:0.25666666666666665
ExecutorCallAdapterFactoryTest:0.25166666666666665
