ModelTestCase:0.3933333333333333
BusinessObjectFactoryTestCaseTest:0.35333333333333333
TestConfigurationStrategy:0.23666666666666666
TestConfiguration:0.20666666666666667
DomainTestCase:0.11
