SelectSchema:0.33666666666666667
XavaSuite:0.3233333333333333
ColorM1Test:0.25722222222222224
SelectSchemaTest:0.19333333333333333
SelectSchemaAction:0.07333333333333333
IssueList:0.010833333333333334
