Rewriter:0.5133333333333333
TreeUtil:0.4633333333333333
GwtConverter:0.28
InfixExpression:0.26666666666666666
TranslationProcessor:0.18166666666666667
