ImageBean:0.5633333333333334
ZoomPanAction:0.41333333333333333
SeriesBean:0.34
RegionMacro:0.25
