Atom:0.5866666666666667
DBWriter:0.2711111111111111
ChemModel:0.26666666666666666
DBAdmin:0.18
DatabaseReaderTest:0.1257777777777778
