Module:0.5666666666666667
ModuleTestBase:0.46
GoToURLAction:0.26666666666666666
CustomerWithSectionTest:0.21666666666666667
