DefaultValidationContext:0.6466666666666666
ValidationHelper:0.3466666666666667
PropertyMappingResult:0.19333333333333333
