MimeInspector:0.51
Thumbnail:0.41
DicomExplorer:0.39666666666666667
JMVUtils:0.38666666666666666
DicomModel:0.37333333333333335
LoadLocalDicom:0.23
Download:0.23
MimeSystemAppViewer:0.21
WeasisWin:0.21
WeasisAboutBox:0.20333333333333334
DicomEncapDocElement:0.15333333333333332
MimeSystemAppFactory:0.12333333333333334
SequenceHandler:0.12333333333333334
DicomFieldsView:0.07666666666666666
