DataTransferManager:0.678888888888889
BinaryChannel:0.42
ReceiverThread:0.30666666666666664
