Printer:0.44484523809523807
RrCSG:0.32
Reprap:0.29333333333333333
NullCartesianMachine:0.29
Preferences:0.27666666666666667
RrPolygon:0.27
TestMain:0.23333333333333334
LayerProducer:0.19666666666666666
