MapLoaderTest:0.5133333333333333
MapStoreTest:0.47
PausingMapLoader:0.41100000000000003
LoadAllTest:0.28
MapStoreWithPredicateTest:0.26
MapStoreWriteBehindTest:0.24333333333333335
TestInterceptor:0.19266666666666665
MapStoreDataLoadingContinuesWhenNodeJoins:0.15
MapLoaderFailoverTest:0.13333333333333333
