MagmaParser:0.6433333333333333
TestMagmaParser:0.31333333333333335
PhexTestSuite:0.26666666666666666
