BasicIntegrationConfiguration:0.5133333333333333
EnrichmentUtils:0.44333333333333336
AbstractGenerator:0.42
