CacheRecordStore:0.47
NativeMemoryConfig:0.29
AbstractCacheRecordStore:0.205
ICacheRecordStore:0.18916666666666668
CacheRecordHashMap:0.17
CacheRecordMap:0.04666666666666667
