Builder:0.4533333333333333
WordVectorSerializer:0.3933333333333333
VectorsConfiguration:0.33666666666666667
ParallelTransformerIterator:0.19666666666666666
