Commandline:0.5933333333333334
ClearCase:0.265
SSCM:0.265
SnapshotCM:0.2394444444444445
AllFusionHarvestCM511:0.2325
Vss:0.2325
MockProcess:0.21333333333333335
OSEnvironment:0.21333333333333335
MockRuntime:0.20666666666666667
CommandLineTest:0.09666666666666666
EnvCommandline:0.08333333333333333
