Rectangle:0.3566666666666667
Polygon:0.23333333333333334
Polyline:0.22666666666666666
Circle:0.21666666666666667
Ellipse:0.2
Shape:0.0011111111111111111
