GwtTeamingMessages:0.528888888888889
SearchOptionsComposite:0.3433333333333333
FindCtrl:0.31
RequestInfo:0.26666666666666666
GwtMainPage:0.16
SearchMenuPanel:0.1411111111111111
FinderRB:0.10333333333333333
