AbstractAttribute:0.5466666666666666
SelectionAttribute:0.44
AbstractValue:0.3466666666666667
