DefaultApi10a:0.42
FlickrApi:0.31333333333333335
LinkedInApi:0.29333333333333333
EtsyApi:0.29333333333333333
AWeberApi:0.14
MeetupApi:0.14
FreelancerApi:0.14
NeteaseWeibooApi:0.14
SohuWeiboApi:0.14
TwitterApi:0.14
Sandbox:0.14
TrelloApi:0.14
YahooApi:0.14
UcozApi:0.14
Px500Api:0.14
SinaWeiboApi:0.14
TumblrApi:0.14
SkyrockApi:0.14
DiggApi:0.14
FoursquareApi:0.14
XingApi:0.14
Authenticate:0.03333333333333333
