IOSApplication:0.8366666666666667
GameLoop:0.46166666666666667
GdxInvaders:0.18266666666666664
