SnmpThresholdConfiguration:0.55
ThresholdGroup:0.5266666666666666
ThresholdResourceType:0.22666666666666666
ThresholdsDao:0.07611111111111112
DefaultThresholdsDao:0.06
