Routable:0.5822222222222222
RouteEntry:0.2697222222222222
MatcherFilter:0.2697222222222222
