PluginHandle:0.7166666666666667
PluginManagerIT:0.6022222222222223
PluginManagerUnitTests:0.29
