MutableDateTime:0.5933333333333334
DateTime:0.5733333333333334
DateMidnight:0.31666666666666665
