RestAssured:0.57
RequestSender:0.43213888888888885
HTTPBuilder:0.17666666666666667
