ClassMetadata:0.54
Util:0.4266666666666667
BusinessEntityManagerImpl:0.3
Constants:0.12111111111111111
AttributeDefinitionSet:0.12
