AbstractElement:0.8
ElementButton:0.3566666666666667
AttachedFilesMiniApp:0.27666666666666667
AbstractDashboardWidget:0.2633333333333333
