ContentScanner:0.43
HTMLScanner:0.4033333333333333
HTMLTagBalancer:0.32666666666666666
SynthesizedItem:0.27666666666666667
HTMLConfiguration:0.25333333333333335
LocationItem:0.21333333333333335
SpecialScanner:0.13944444444444445
HTMLEventInfo:0.09166666666666666
