AggregationUtils:0.6133333333333333
DoubleCorrelationAggregation:0.53
RealCorrelationAggregation:0.37333333333333335
TestDoubleCorrelationAggregation:0.21666666666666667
