ManagedChannelImpl:0.6466666666666666
AbstractManagedChannelImplBuilder:0.43128571428571433
ManagedChannelImplGetNameResolverTest:0.36666666666666664
