Spark:0.5719444444444445
TemplateViewRoute:0.4955555555555555
