LineWrapper:0.44666666666666666
LineTabExpander:0.21666666666666667
LinePosition:0.19
