Dispatcher:0.5333333333333333
MethodConfigurationProvider:0.44
MethodConfigurationProviderTest:0.36333333333333334
Custom:0.16333333333333333
ClasspathConfigurationProviderTest:0.16
InternalConfigurationManager:0.1425
