DataHandler:0.69
AnsiDataHandler:0.42333333333333334
WikiUserInfo:0.4033333333333333
WikiConfiguration:0.38
Environment:0.33666666666666667
TestDataHandler:0.33
WikiBase:0.32666666666666666
WikiUtil:0.31
WikiDatabase:0.24333333333333335
AdminServlet:0.23666666666666666
RegisterServlet:0.17666666666666667
WikiSignatureTag:0.07666666666666666
