NodeTypeDefinition:0.5133333333333333
VariableUtils:0.3566666666666667
Variable:0.3433333333333333
UpdateSwimlaneNameDialog:0.3233333333333333
JpdlSerializer:0.20333333333333334
GEFElementCreationFactory:0.2
BpmnSerializer:0.19666666666666666
CreateElementFeature:0.18666666666666668
CreateTransitionFeature:0.185
CreateDragAndDropNodeFeature:0.16
AddActionHandlerAction:0.14
VariableWizard:0.1381111111111111
TransitionCreateCommand:0.13666666666666666
AddActionCommand:0.12333333333333334
CopyGraphCommand:0.12333333333333334
VariablesXmlContentProvider:0.10666666666666667
SwimlaneActionsDelegate:0.10333333333333333
VariableNamePage:0.10333333333333333
UpdateVariableNameDialog:0.09333333333333334
PasteSwimlaneSelectionListener:0.07666666666666666
CopySwimlaneAction:0.07
CreateSwimlaneSelectionListener:0.07
RenameSwimlaneSelectionListener:0.0033333333333333335
RenameVariableSelectionListener:0.0033333333333333335
