Activator:0.5733333333333334
MedeaManagerFactory:0.2733333333333333
IJavaScriptMedeaManager:0.08333333333333333
IJavaMedeaManager:0.08333333333333333
