OOITBuilder:0.32
SessionThread:0.29
Interpreter:0.2733333333333333
SemanticVerifier:0.2733333333333333
VariablePathNode:0.2733333333333333
OLParser:0.23666666666666666
OneWayProcess:0.19666666666666666
CorrelationSet:0.16
CommChannelHandlerRunnable:0.15
SimpleCorrelationEngine:0.14
CorrelationEngine:0.13333333333333333
SessionMessage:0.10333333333333333
CorrelationError:0.09666666666666666
HashCorrelationEngine:0.07
MultiMap:0.03333333333333333
ArrayListMultiMap:0.0025
SwingService:0.0
