SeriesBean:0.6
ContentManagerBean:0.37666666666666665
ForwardService2:0.3566666666666667
ContentHandlerAdapter:0.3
