EvictionPolicyEvaluator:0.6233333333333333
AbstractNearCacheRecordStore:0.47
EvictionConfig:0.4033333333333333
EvictionConfiguration:0.2454444444444444
NearCacheConfigTest:0.21666666666666667
BaseHeapNearCacheRecordStore:0.19333333333333333
EvictionPolicyEvaluatorTest:0.17
EvictionPolicyEvaluatorProvider:0.10333333333333333
EvictionStrategyTest:0.09333333333333334
