HiveType:0.53
MaterializedRow:0.37333333333333335
MaterializedResult:0.3566666666666667
HiveWriteUtils:0.2833333333333333
HiveUtil:0.26
HiveMetadata:0.24
AbstractTestHiveClient:0.2
BenchmarkHiveFileFormats:0.19
BackgroundHiveSplitLoader:0.18666666666666668
AbstractTestHiveFileFormats:0.17
TestHiveIntegrationSmokeTest:0.1688888888888889
