SubstrFunction:0.58
TransportSQLActionTest:0.3902777777777778
SubstrFunctionBytesRefTest:0.05333333333333334
