PreparingDessert:0.6022222222222222
TabPanelCooking:0.48333333333333334
TableTab:0.27666666666666667
