MatchKeyword:0.52
FileMatcher:0.3566666666666667
HopCompilerCodeMatcher:0.2633333333333333
HopCodeMatcher:0.22666666666666666
HopEndMatcher:0.21333333333333335
