TextViewDialog:0.6566666666666666
CreateSmilesAction:0.36
JChemPaintMenuHelper:0.32666666666666666
JCPEditorAppletTest:0.32
