GwtTeamingMessages:0.31666666666666665
UtilityElementProperties:0.26666666666666666
GwtMainPage:0.25333333333333335
ConfigData:0.24333333333333335
TrackCurrentBinderEvent:0.24
UtilityElementConfig:0.22333333333333333
UtilityElementWidget:0.18333333333333332
