Jedis:0.6933333333333334
Client:0.3466666666666667
ControlCommandsTest:0.3
StringValuesCommandsTest:0.2866666666666667
AllKindOfValuesCommandsTest:0.17
ListCommandsTest:0.16666666666666666
