ViewManager:0.7527777777777778
WordBuffer:0.4033333333333333
