WebserviceBeanImpl:0.66
BusinessEntityManagerImpl:0.5333333333333333
PersistenceLayerFactory:0.21218253968253967
