MongoServiceRegistryDao:0.4866666666666667
GoogleAccountsServiceFactory:0.4866666666666667
StaticMetadataResolverAdapter:0.4266666666666667
