MakumbaJspAnalyzer:0.5533333333333333
FormTagBase:0.43333333333333335
CriterionTag:0.24916666666666668
ListFormDataProvider:0.23666666666666666
MakumbaResourceServlet:0.23
BasicValueTag:0.22666666666666666
QueryExecution:0.21666666666666667
ServletObjects:0.14333333333333334
ControllerHandler:0.08611111111111111
Evaluator:0.08
ParseStatus:0.06
MakumbaTLDGenerator:0.06
AutoCompleteServlet:0.016666666666666666
MakumbaToolsControllerHandler:0.012777777777777779
MakumbaDownloadServlet:0.01
