ClassicOperationExecutor:0.4766666666666667
InvocationFutureTest:0.38
OuterOperation:0.2446666666666667
InnerOperation:0.2446666666666667
InvocationNestedLocalTest:0.17333333333333334
InvocationNestedRemoteTest:0.15666666666666668
InvocationNestedTest:0.024444444444444446
GetLostPartitionOperation:0.008981481481481483
