NBNode:0.43666666666666665
GraphEltSet:0.42
MetaData:0.39
DataAdapterI:0.33166666666666667
DataLoader:0.3233333333333333
NodeFactoryI:0.27051984126984113
NBrowseApplet:0.25333333333333335
StatusLis:0.25327777777777777
TabFileAdapter:0.23166666666666666
JNetScriptWriter:0.22166666666666668
StepManager:0.20666666666666667
NodeView:0.20444444444444446
OpenFileDialog:0.2
MouseManager:0.19666666666666666
EdgeTableModel:0.19666666666666666
NodeInfoModel:0.19
NbrowseJdbcAdapter:0.19
NodeInfoJdbc:0.19
TouchGraphXmlAdapter:0.18
XMLio:0.17333333333333334
DataAdapterManager:0.16666666666666666
StepTabListener:0.16
ForwardStepActionListener:0.14833333333333334
BackStepActionListener:0.14833333333333334
RamAdapter:0.13333333333333333
ImmutableGraphEltSet:0.11666666666666667
DBReader:0.09666666666666666
StepExpansionThread:0.07666666666666666
FileDbMergeNodeFactory:0.018333333333333333
