ActionRequest:0.47
WebApp:0.4633333333333333
ActionBuilder:0.4166666666666667
ActionPathMacroInjector:0.19
MadvocUtil:0.17
