DocumentStorage:0.65
DocumentStore:0.36
DocumentStoreNoPoolTest:0.2866666666666667
TestUtil:0.27
DocumentFileStorage:0.25666666666666665
DocStoreTestBase:0.24666666666666667
DataHandlerVO:0.09666666666666666
BaseDocumentTest:0.09333333333333334
DocumentStorageListenerTest:0.04666666666666667
