StaxEventItemWriter:0.6266666666666667
StaxEventItemWriterTests:0.2866666666666667
FileUtils:0.26166666666666666
FileUtilsTests:0.18
