TagW:0.6766666666666666
DicomMediaIO:0.45666666666666667
ShutterOperation:0.23666666666666666
ContextMenuHandler:0.10666666666666667
