HeaderExchangeClient:0.4633333333333333
AbstractClient:0.43333333333333335
HeartBeatTask:0.308
NettyClientTest:0.27666666666666667
