Robolectric:0.6133333333333333
RequestMatcherResponseRule:0.235
FakeHttpLayer:0.18666666666666668
DefaultRequestDirectorTest:0.18333333333333332
RequestMatcherBuilder:0.15333333333333332
UriRegexMatcher:0.11333333333333333
