Transaction:0.58
TransactionOutput:0.39666666666666667
WalletProtobufSerializer:0.36333333333333334
TransactionInput:0.31333333333333335
WalletTransaction:0.14944444444444444
