EnvironmentState:0.6133333333333333
Styles:0.5233333333333333
StaticEnvironment:0.5
