BootstrapButton:0.5666666666666667
BootstrapButtonGroup:0.47333333333333333
BootstrapSizeView:0.31083333333333335
BootstrapButtonExample:0.22333333333333333
BootstrapButtonGroupExample:0.21333333333333335
