MadvocController:0.3933333333333333
ContextInjector:0.23333333333333334
RequestScopeInjector:0.22666666666666666
ActionConfig:0.18666666666666668
ApplicationScopeInjector:0.18666666666666668
MadvocContextScopeInjector:0.17666666666666667
ActionResult:0.14
MadvocServletFilter:0.14
ActionInterceptor:0.13
