LikeOperatorTest:0.45666666666666667
LikeOperator:0.42
AbstractScalarFunctionsTest:0.25666666666666665
CompiledLike:0.16666666666666666
