CSSSelectorTest:0.6797222222222223
CSSStyleSheet:0.5984444444444444
