BuildSummariesService:0.7066666666666667
BuildSummariesServiceTest:0.31666666666666665
BuildDetailControllerTest:0.22
