MatrixResource:0.6633333333333333
MatrixImplementationResource:0.3466666666666667
IMatrixImplementationResource:0.21666666666666667
JamaMatrix:0.12333333333333334
