TestEmail:0.32666666666666666
TestHtml:0.2866666666666667
TestSgml:0.2866666666666667
TestXml:0.2866666666666667
