WFEJboss423RMIConnector:0.5433333333333333
AbstractWebServicesConnector:0.37166666666666665
