BaseResourceSelectionComposite:0.39666666666666667
SelectionUtils:0.21666666666666667
ResourceDisplayComposite:0.2
ProjectDisplayComposite:0.17666666666666667
BaseBuddySelectionComposite:0.17333333333333334
BaseProjectSelectionComposite:0.13333333333333333
BuddyDisplayComposite:0.12333333333333334
