AbstractFlowExecutionTests:0.5133333333333333
AbstractExternalizedFlowExecutionTests:0.42333333333333334
SearchFlowExecutionTests:0.33666666666666667
FlowBuilderSystemDefaults:0.30333333333333334
