FunctionKey:0.44333333333333336
PredicateKey:0.44333333333333336
FunctionExistenceChecker:0.08666666666666667
PredicateExistenceChecker:0.08666666666666667
