Preconditions:0.65
ToStringBuilder:0.22222222222222224
AbstractTestDescriptor:0.21666666666666667
ClassTestDescriptor:0.21
TestExecutionResult:0.19666666666666666
MethodTestDescriptor:0.19333333333333333
JUnit5TestableFactory:0.17666666666666667
TestId:0.16555555555555557
FileSystemSource:0.11666666666666667
