MockMvcRequestSpecificationImpl:0.4655555555555555
RestAssuredMockMvcConfig:0.4066666666666667
MockMvcRequestSenderImpl:0.3566666666666667
