ActionManager:0.28688082
MapboardAction:0.13521004
