MqlSqlWalker:0.6
QueryContext:0.5566666666666666
MqlIdentNode:0.46199999999999997
