Subscription:0.5433333333333333
AeronTest:0.41
Aeron:0.25
ClientConductorProxyTest:0.22166666666666668
SubscriptionMap:0.19666666666666666
ClientConductorProxy:0.16666666666666666
ClientConductor:0.16333333333333333
PubAndSubTest:0.12333333333333334
SubUnicastTest:0.12333333333333334
SubMulticastTest:0.12333333333333334
ExampleSubscriber:0.0
