SearchSourceBuilder:0.59
SearchRequestBuilder:0.41
ScriptField:0.36
SearchWarmer:0.2277777777777778
SearchService:0.19333333333333333
RestSearchAction:0.16666666666666666
IndexQueryParserService:0.15333333333333332
NewSearchSourceBuilderTests:0.14
