ERDesignerComponent:0.51
Table:0.48333333333333334
TableEditor:0.33666666666666667
EditTableCommand:0.15333333333333332
EditViewCommand:0.13444444444444442
ContextMenuFactory:0.13
