Builder:0.8033333333333333
ListBuilder:0.24777777777777776
CNNGradientCheckTest:0.18
