DirectoryChangeTracker:0.5966666666666667
SyncClient:0.35
DirectorySpecSnasphotUpdater:0.21
DirectorySpecSnapshot:0.19666666666666666
FileSystemDirectorySpecSnapshotPersister:0.1864563492063492
FileChange:0.08
DirectoryChangeTrackerTest:0.06666666666666667
DirectorySpecSnapshotTest:0.03
IDirectorySpecSnapshotPersister:0.03
