ActionView:0.5630952380952382
ControlCenter:0.37333333333333335
ActionSettings:0.3433333333333333
