AnnotationEntityMaker:0.31
AbstractJdbcExpert:0.25666666666666665
MysqlJdbcExpert:0.18
Sqlserver2005JdbcExpert:0.18
JdbcExpert:0.09916666666666667
H2JdbcExpert:0.09333333333333334
