ExampleOptions:0.6766666666666666
SecureReceiver:0.2833333333333333
