ActionW:0.4766666666666667
TagW:0.44
EventManager:0.3433333333333333
DefaultView2d:0.29
WeasisLauncher:0.2866666666666667
DicomMediaIO:0.25666666666666665
Activator:0.21444444444444447
LoadSeries:0.18333333333333332
View2d:0.17
DisplayTool:0.12666666666666668
ShutterDescriptor:0.058333333333333334
ShutterOperation:0.033888888888888885
