FieldEditor:0.5933333333333334
CaListFieldsCommand:0.2833333333333333
CaGetFieldValueCommand:0.27
CaEditCaCommand:0.24666666666666667
BaseServiceModificationCommand:0.17666666666666667
CaEditPublisherCommand:0.17666666666666667
CaEditCertificateProfileCommand:0.17666666666666667
CaListFieldsCommandTest:0.006666666666666667
CaGetFieldValueCommandTest:0.006666666666666667
