AsyncHttpProvider:0.5766666666666667
HttpResponseBodyPart:0.5466666666666666
AsyncHttpProviderUtils:0.41
ResponseBodyPart:0.33666666666666667
NettyAsyncHttpProvider:0.31666666666666665
JDKResponse:0.24333333333333335
WebDavCompletionHandlerBase:0.22166666666666668
ApacheResponse:0.19
GrizzlyResponse:0.18333333333333332
GrizzlyAsyncHttpProvider:0.18333333333333332
NettyResponse:0.18333333333333332
ApacheResponseBodyPart:0.17
ApacheAsyncHttpProvider:0.12333333333333334
GrizzlyResponseBodyPart:0.1
JDKAsyncHttpProvider:0.09333333333333334
ResponseBuilder:0.03666666666666667
