Precision:0.6666666666666666
ReciprocalRankTests:0.20666666666666667
RankEvalRequestTests:0.17333333333333334
PrecisionTests:0.05333333333333334
