SymmetricWebServer:0.55
StandaloneSymmetricEngine:0.4266666666666667
AbstractSymmetricEngine:0.42
StartSymmetricEngine:0.12666666666666668
SpringWireableSymmetricEngine:0.09666666666666666
