Config:0.4533333333333333
Detector:0.45
CommandLineRunner:0.37333333333333335
PDF417:0.2833333333333333
RSSExpandedReader:0.26
WhiteRectangleDetector:0.23366666666666666
BitMatrixParser:0.23
