Native:0.6
NativeLibrary:0.4033333333333333
LastErrorTest:0.35
Handler:0.21
DirectTestLibrary:0.06838888888888889
