Protocol:0.5933333333333334
Call:0.44
MapClientProxy:0.37666666666666665
OutRunnable:0.3466666666666667
ClusterClientProxy:0.22666666666666666
ProtocolReader:0.22666666666666666
SocketProtocolReader:0.18333333333333332
InRunnable:0.14333333333333334
HazelcastClientMapTest:0.13
ProtocolProxyHelper:0.023333333333333334
ProtocolWriter:0.006666666666666667
