TedSerie:0.6766666666666666
TedTablePopupMenu:0.3933333333333333
TedTable:0.3333333333333333
TedMainDialog:0.3
