Catalog:0.5833333333333334
RecordingWriter:0.24666666666666667
ReplaySession:0.19555555555555557
ReplaySessionTest:0.19555555555555554
ControlSessionProxy:0.19055555555555556
TestUtil:0.18
CatalogTest:0.17666666666666667
ListRecordingsForUriSession:0.09333333333333334
