ServerController:0.5027777777777778
WebXML:0.33
WebXMLOptions:0.29638888888888887
