DocumentFormat:0.8333333333333334
TextualDocumentFormat:0.16
SgmlDocumentFormat:0.11333333333333333
XmlDocumentFormat:0.11333333333333333
HtmlDocumentFormat:0.09333333333333334
EmailDocumentFormat:0.09333333333333334
RtfDocumentFormat:0.09333333333333334
