X3DParser:0.5033333333333333
TriangleStripSetImport:0.23914285714285716
TriangleFanSetImport:0.1839761904761905
IndexedFaceSetImport:0.1839761904761905
TriangleSetImport:0.1839761904761905
IndexedTriangleSetImport:0.10333333333333333
IndexedTriangleFanSetImport:0.09666666666666666
IndexedTriangleStripSetImport:0.09666666666666666
