MetaView:0.5466666666666666
MetaReference:0.4166666666666667
AnnotatedClassParser:0.3233333333333333
