SPD:0.47333333333333333
SpectralLightMapNode:0.27
FluxSpectralChannel:0.26666666666666666
Type:0.25666666666666665
FluxChannelMapBuilder:0.25666666666666665
ChannelSPD:0.14666666666666667
ConstantSPD:0.13666666666666666
SPDCurve:0.12
SPDFilter:0.09
LuminanceFilter:0.08
SPDResource:0.02892857142857143
BlackbodySPD:0.023333333333333334
LightDistributionResource:0.01
