ResourceLoader:0.7966666666666666
ShadowResources:0.36666666666666664
ResourcesTest:0.20333333333333334
