VocabularyEditor:0.3333333333333333
ViewPropertySelectionDialog:0.30333333333333334
PropertiesSelector:0.25666666666666665
ObjectExplorer:0.23333333333333334
ObjectExplorerEditorInput:0.1
