Transformer:0.5733333333333334
ApolloPanel:0.35333333333333333
ApolloLayoutManager:0.32666666666666666
LinearView:0.26416666666666666
DragViewI:0.2454444444444444
FeatureView:0.24333333333333335
ColumnApolloLayout:0.22111111111111115
StrandedZoomableApolloPanel:0.18083333333333335
DragFeatureView:0.145
