ResonancePositiveChargeDescriptor:0.5666666666666667
ResonancePositiveChargeDescriptorTest:0.4033333333333333
HyperconjugationReaction:0.38
