Resolution:0.6266666666666667
Advice:0.43333333333333335
AdviceTest:0.41
ForParameter:0.39
ClassFileLocator:0.34
NonVisibleAdvice:0.3272804232804233
ForOrigin:0.22587301587301586
ForReturnValue:0.21587301587301586
ForField:0.21198412698412697
ForThisReference:0.21198412698412697
ForClassLoader:0.18666666666666668
Compound:0.18666666666666668
ForJarFile:0.16666666666666666
AgentBased:0.16666666666666666
ForFolder:0.16
ClassFileLocatorResolutionTest:0.15333333333333332
Simple:0.15333333333333332
