NeuralNetworkScene:0.5433333333333333
ChangeTransferFunctionDialog:0.32
ChangeInputFunctionDialog:0.24
NeuronPopupMenuProvider:0.15333333333333332
NeuralLayerWidgetAcceptProvider:0.15
NeuralLayerPopupMenuProvider:0.14333333333333334
NeuronWidgetAcceptProvider:0.10333333333333333
NeuralNetworkEditor:0.09666666666666666
