EditorProcessor:0.47333333333333333
AbstractScreenReader:0.33666666666666667
EditorReader:0.20333333333333334
