QueryPartInternal:0.76
AbstractContext:0.4033333333333333
AbstractQueryPart:0.24
AbstractParam:0.23666666666666666
