JdbcSqlTemplate:0.6722222222222222
DbExportImportTest:0.27666666666666667
SqliteJdbcSqlTemplate:0.2633333333333333
