DataSetLossCalculator:0.46
TestEarlyStopping:0.33
VAEReconProbScoreCalculator:0.2833333333333333
BaseScoreCalculator:0.2833333333333333
