StatsHandler:0.45
AnnealingTuneProfile:0.42333333333333334
NodeNioServer:0.37666666666666665
ProportionalTuneProfile:0.24333333333333335
AbstractBundler:0.19666666666666666
