MapFacade:0.56
MapFacadeBean:0.5066666666666667
HibernateMapFacade:0.29333333333333333
