IntermediateRenderer:0.5033333333333333
Controller2DHub:0.4866666666666667
Controller2DModuleAddAtom:0.3233333333333333
ControllerModuleAdapter:0.3
Controller2DModuleRemove:0.25333333333333335
Controller2DModuleChangeFormalC:0.22333333333333333
IntermediateRendererTest:0.13444444444444442
IntermediateRendererTestPanel:0.13111111111111112
Controller2DModuleMove:0.08333333333333333
ControllerParameters:0.0
