SWDownloadFile:0.5333333333333333
SwarmingManager:0.4866666666666667
Cfg:0.3933333333333333
DownloadPane:0.24666666666666667
OkBtnListener:0.14555555555555558
GURLHandler:0.14
InternalFileHandler:0.13333333333333333
NewDownloadDialog:0.13333333333333333
UpdateDownloader:0.11333333333333333
