InternalPartitionServiceImpl:0.5966666666666667
AntiEntropyTask:0.4666666666666667
PartitionReplicaSyncRequest:0.3
