TC_RubyParser:0.5433333333333333
RubyParser:0.49333333333333335
UpperCaseNameRule:0.27
