WorkspaceOperations:0.69
JpdlSerializer:0.3466666666666667
OpenSubProcessFeature:0.24666666666666667
SubprocessGraphicalEditPart:0.24666666666666667
