JPPFTestTask:0.6555555555555556
HelloJPPF:0.38476190476190475
DB2LoadingTask:0.21972222222222218
