RemoteBasicChannel:0.7071944444444443
JolieRemoteImpl:0.41777777777777775
RemoteBasicChannelImpl:0.38666666666666666
RMICommChannel:0.2966666666666667
RMIListener:0.2733333333333333
