ShadersTest:0.81
Shader:0.5866666666666667
ShaderFSH:0.08666666666666667
ShaderVSH:0.08333333333333333
ShaderFP:0.08333333333333333
ShaderVP:0.05
