AbstractElement:0.6216666666666667
AbstractFormInstanceLoader:0.28
ComponentComboBox:0.2633333333333333
ComponentDateField:0.2633333333333333
ComponentButton:0.18
