HostAddress:0.66
FileAdministration:0.37666666666666665
SwarmingManager:0.3433333333333333
SearchResultsPanel:0.24333333333333335
