TestRESTAPI:0.7866666666666666
AllSystemTestsConfigB:0.2866666666666667
