Z3950Params:0.7566666666666667
Harvester:0.46166666666666667
