Instant:0.47333333333333333
TimeOfDay:0.3488888888888889
YearMonthDay:0.3488888888888889
CalendarConverter:0.21
BaseInterval:0.2
AbstractConverter:0.17666666666666667
