HttpClientRequestImpl:0.4633333333333333
StreamImpl:0.37
HttpClientConnection:0.35744444444444445
HttpClientImpl:0.31666666666666665
Http2UpgradedClientConnection:0.2561111111111111
Http2ClientStream:0.25000000000000006
Http1xClientConnection:0.24
Http2ClientConnection:0.2
UpgradingStream:0.18333333333333332
