Data:0.5366666666666666
ShadowSQLiteConnection:0.4866666666666667
WindowData:0.22
Connections:0.13333333333333333
