UserEditorController:0.43666666666666665
RoleEditorController:0.3233333333333333
UserResult:0.30666666666666664
PermissionEditorController:0.18
SetRoleNameRequestBean:0.09785714285714286
UserEditor:0.07
RoleEditor:0.06666666666666667
SetNameRequest:0.0011111111111111111
