Publication:0.8533333333333334
ExampleSubscriber:0.1933333333333333
ExamplePublisher:0.08333333333333333
