ConstructionSite:0.52
ConstructionWizard:0.38666666666666666
ConstructionManager:0.37333333333333335
BuildingConstructionMission:0.31
Resupply:0.2833333333333333
MainScene:0.2733333333333333
SettlementTransparentPanel:0.26
MainDesktopPane:0.23083333333333333
TransportWizard:0.22666666666666666
MissionWindow:0.22
ConstructionStageTest:0.21
BuildingSalvageMission:0.19666666666666666
ConstructionSiteTest:0.15333333333333332
