JFXServerCockpit3Test:0.38333333333333336
ServerCockpitMultiLayer3Test:0.37666666666666665
ServerCockpitChangeLayout2Test:0.37
JFXActiveAreaRendererTest:0.36666666666666664
ServerCockpit_8Test:0.24
