CompositeMatch:0.9383333333333334
ForallCondition:0.2833333333333333
