ShardInfo:0.42
TestDatabaseShardManager:0.32
TestOrcStorageManager:0.24333333333333335
TestShardManagerDao:0.24
ShardManagerDao:0.23916666666666667
OrcFileWriter:0.15166666666666667
OrcStoragePageSink:0.12666666666666668
