Console:0.64
ProcessRunner:0.4527777777777777
ConsolePlugin:0.41083333333333333
CommandoToolBar:0.26976190476190476
ConsoleProcess:0.2208174603174603
ProjectTreeListener:0.19111111111111112
CommandOutputParser:0.18666666666666668
StreamThread:0.1688888888888889
CommandoButton:0.15698412698412695
