GwtViewHelper:0.49
GwtTeamingMessages:0.4
FolderEntryDetails:0.35333333333333333
FolderEntryHeader:0.30666666666666664
