TempBusinessRulesEngine:0.5766666666666667
WebserviceBean:0.39666666666666667
