State:0.5633333333333334
WaitState:0.4666666666666667
JpdlSerializer_2:0.44666666666666666
TransitionGraphicalEditPart:0.25333333333333335
ITimed:0.2057222222222222
WaitStateFigure:0.06333333333333334
