OleAut32:0.6526666666666667
Ole32:0.4792063492063492
W32Errors:0.47
Oleaut32Test:0.33666666666666667
Kernel32:0.29333333333333333
Ole32Test:0.2833333333333333
CLSID:0.27051984126984113
BSTR:0.13333333333333333
IID:0.08944444444444444
REFIID:0.0033333333333333335
WTypes:0.0033333333333333335
UCHAR:0.0
LPCOLESTR:0.0
CHAR:0.0
VARTYPE:0.0
SHORT:0.0
LCID:0.0
LONGLONG:0.0
BOOL:0.0
BYTE:0.0
