LAFUtilities:0.11382823
FreeColLookAndFeel:0.0013366578
