LAFUtilities:0.14755149
FreeColLookAndFeel:0.0010410524
