LAFUtilities:0.16607712
FreeColLookAndFeel:5.8678567E-4
