Updater:0.6733333333333333
MultiLayerNetwork:0.56
BaseOptimizer:0.25666666666666665
Solver:0.23333333333333334
ConvexOptimizer:0.22337301587301586
NoOpUpdaterAggregator:0.20666666666666667
IterativeReduceFlatMap:0.20666666666666667
SparkDl4jMultiLayer:0.17666666666666667
BaseUpdater:0.14333333333333334
GradientAccumFlatMap:0.13333333333333333
TestUpdaters:0.13333333333333333
NoOpGradientUpdater:0.09333333333333334
AdamUpdater:0.08
NesterovsUpdater:0.08
AdaGradUpdater:0.08
RmsPropUpdater:0.08
SgdUpdater:0.08
MultiLayerUpdater:0.07666666666666666
NoOpUpdater:0.07111111111111112
AdaDeltaUpdater:0.07
NoOpAggregator:0.02
SgdAggregator:0.02
AdaGradAggregator:0.02
AdaDeltaAggregator:0.02
NesterovsAggregator:0.02
RmsPropAggregator:0.02
AdamAggregator:0.02
MultiLayerUpdaterAggregator:0.01
UpdaterAggregatorImpl:0.0033333333333333335
