FilmBox:0.39
FilmSession:0.3433333333333333
PrintScpService:0.31
FilmBoxService:0.21666666666666667
FilmSessionService:0.18
ImageBoxService:0.16
PrintScpServiceMBean:0.14416666666666667
