Ring:0.5826111111111111
Reaction:0.56
ChemModel:0.54
RingSet:0.41333333333333333
Molecule:0.33666666666666667
SetOfMolecules:0.23666666666666666
