MapTest:0.49333333333333335
DataMapProxy:0.31
LockOperation:0.19666666666666666
ObjectMapProxy:0.19333333333333333
MapProxySupport:0.10333333333333333
LockAwareOperation:0.016666666666666666
