Reprap:0.7833333333333333
LinePrinter:0.4816666666666667
