Element:0.69
Attributes:0.5166666666666667
SelectorTest:0.23666666666666666
ElementsTest:0.22333333333333333
