QedeqBoFactoryAssert:0.42
GenerateUtf8Test:0.25333333333333335
QedeqBoFactoryTest:0.24666666666666667
GenerateLatexTest:0.23666666666666666
HeuristicCheckerExecutor:0.21333333333333335
QedeqBoFormalLogicCheckerDirectTest:0.19666666666666666
FormulaCheckerContextTest:0.18
QedeqBoTestCase:0.16
DummyInternalKernelServices:0.13333333333333333
