Job:0.6666666666666666
Builder:0.5766666666666667
JobValidatorTest:0.25
IdMismatchJobCreateTest:0.14333333333333334
JobCreateCommand:0.11666666666666667
