DatabaseShardManager:0.48333333333333334
TestDatabaseShardManager:0.2966666666666667
TestOrcStorageManager:0.22666666666666666
TestShardMetadataRecordCursor:0.18333333333333332
TestShardRecovery:0.17666666666666667
TestShardEjector:0.17666666666666667
TestShardOrganizerUtil:0.14
RaptorModule:0.12333333333333334
