ExcludeTableColumnsHelper:0.6533333333333333
TableViewSetupFormTag:0.39666666666666667
TitledFormTag:0.36
SortingHeaderBuilder:0.28
ExcludeTableColumnsResources:0.17333333333333334
