ComponentTester:0.39
DefaultComponentFinder:0.36666666666666664
RepeatHelper:0.36
JComboBoxTester:0.31333333333333335
Robot:0.2733333333333333
ComponentTesterTest:0.19666666666666666
JComponentTesterTest:0.17333333333333334
AbstractButtonTesterTest:0.16333333333333333
JTabbedPaneTesterTest:0.16333333333333333
JListTesterTest:0.16333333333333333
JTableTesterTest:0.16333333333333333
FrameTesterTest:0.16333333333333333
JComboBoxTesterTest:0.16
JComboBoxRecorderTest:0.13
