TestExecutionSummary:0.5664444444444444
DummyTestDescriptor:0.47
DummyTestEngine:0.3
MutableTestExecutionSummary:0.24333333333333335
ExecuteTestsTaskTests:0.21472222222222223
ExecuteTestsTask:0.19666666666666666
