TedParser:0.5433333333333333
TedLogDialog:0.42333333333333334
TedLog:0.39666666666666667
TedParseHandler:0.2
