IComplexNDArray:0.65
NDArray:0.5
IComplexNumber:0.49
ComplexNDArray:0.3433333333333333
JCUBlasNDArray:0.28
DummyNDArray:0.28
ComplexDouble:0.21666666666666667
ComplexFloat:0.20333333333333334
Sigmoid:0.13777777777777778
