Submitter:0.7266666666666667
PropertySubmitter:0.5866666666666667
