AppResource:0.528888888888889
WarningDialog:0.3466666666666667
ReverseProxyPage:0.3333333333333333
InitialConfigPage:0.30333333333333334
UpgradeAppliancePage:0.29333333333333333
ClusteringPage:0.25333333333333335
DatabaseConfigPage:0.25
