ReportEvents:0.5966666666666667
Hit:0.5866666666666667
