AngleBending:0.41
BondStretching:0.24
Torsions:0.22
StretchBendInteractions:0.21666666666666667
VanDerWaalsInteractions:0.2111111111111111
ForceFieldTests:0.21
ConjugateGradientMethod:0.19333333333333333
NewtonRaphsonMethod:0.15333333333333332
SteepestDescentsMethod:0.15
