Renderer2DModel:0.3894444444444445
Renderer2D:0.3333333333333333
Renderer2DModelEditor:0.32
