SqlAnywhereDdlBuilder:0.32666666666666666
AseDdlBuilder:0.32666666666666666
AseDdlReader:0.21666666666666667
SqlAnywhereDdlReader:0.20666666666666667
AseSymmetricDialect:0.18333333333333332
SqlAnywhereSymmetricDialect:0.18333333333333332
