HealpixBase:0.5766666666666667
HealpixMapFloat:0.27111111111111114
HealpixBaseTest:0.22
HealpixMapDouble:0.20666666666666667
HealpixMapTest:0.1
