TODSession:0.8
ThreadTracker:0.5033333333333333
EventListener:0.44578571428571434
TODSessionImpl:0.38666666666666666
BreakpointInfo:0.2063968253968254
JVMEventDispatcher:0.17333333333333334
ThreadInfo:0.12666666666666668
DefaultBreakpointHandler:0.09666666666666666
DefaultJVMHandler:0.07666666666666666
StepInfo:0.07166666666666667
DebugTest:0.06
DefaultActionHandler:0.03
DefaultThreadTracker:0.006666666666666667
SessionTracker:0.006666666666666667
MyEventListener:0.0033333333333333335
DefaultSessionTracker:0.0
AbstractEventListener:0.0
TestRun:0.0
