ShadowIntentFilter:0.5333333333333333
RobolectricPackageManager:0.35055555555555556
RobolectricPackageManagerTest:0.15666666666666668
