Table:0.5666666666666667
Database:0.5366666666666666
Model:0.43666666666666665
Entity:0.29333333333333333
TableUtils:0.28
ModelGenerator:0.2733333333333333
ViewDDLUtils:0.245
TableDDLUtils:0.22666666666666666
DataModel:0.22333333333333333
ModelUtils:0.19
BusinessModel:0.18666666666666668
TableUMLNotation:0.13833333333333334
DatabaseDDLUtils:0.10333333333333333
OpenXavaUtils:0.09666666666666666
