OriginBinderTest:0.5066666666666667
MethodDelegationOriginTest:0.3
OwnershipTest:0.2733333333333333
