TestHierarchyTab:0.5733333333333334
OpenSymbolAction:0.52
FailureTab:0.2833333333333333
MethodSymbol:0.1588888888888889
