RippleDrawable:0.6166666666666667
Carbon:0.44333333333333336
Button:0.25
LinearLayout:0.24
GridLayout:0.23666666666666666
FrameLayout:0.21666666666666667
RelativeLayout:0.21666666666666667
DrawerLayout:0.21666666666666667
CheckBox:0.185
RadioButton:0.185
ImageView:0.18
ViewHolder:0.07
