Material:0.39666666666666667
BlendingAttribute:0.3933333333333333
TextureAttribute:0.31333333333333335
ColorAttribute:0.25666666666666665
PrototypeRendererGL20:0.21
DrawableManager:0.17666666666666667
HybridLightTest:0.16083333333333333
