NflGame:0.6751111111111111
NflPlayerSummary:0.40377777777777774
