Command:0.6266666666666667
SystemBuilder:0.53
TrapCommand:0.29444444444444445
EventLoopTrap:0.27
WorkerCommand:0.26666666666666666
ReplayedMsg:0.21333333333333335
ScheduleRequestMsg:0.17333333333333334
InterruptCode:0.03
