PersistModule:0.4633333333333333
PersistenceService:0.3466666666666667
EdslTest:0.15666666666666668
JpaDao:0.12666666666666668
JoiningLocalTransactionsTest:0.11666666666666667
ClassLevelManagedLocalTransactionsTest:0.11333333333333333
ManualLocalTransactionsWithCustomMatcherTest:0.11
JpaWorkManagerTest:0.056666666666666664
DynamicFinder:0.0
