AuthToken:0.6933333333333334
AuthenticationManager:0.4666666666666667
