FOXMLDOSerializer:0.6122222222222222
METSFedoraExtDOSerializer:0.5733333333333334
FedoraModelNamespace:0.37666666666666665
