RetePathMatch:0.7566666666666667
EmptyPathMatch:0.31666666666666665
ClosurePathChecker:0.27755555555555556
