CSVFile:0.7866666666666666
AutoCSVFile:0.38
CSVDataSource:0.25333333333333335
CSVDriverConfiguration:0.16333333333333333
