TestClass:0.5233333333333333
Suite:0.33
MaxCore:0.30333333333333334
JUnit38ClassRunner:0.22333333333333333
MaxStarterTest:0.17333333333333334
