PIRecord:0.6966666666666667
StatisticsServer:0.5266666666666666
PageImpressionRecorder:0.23
