ProjectFilesList:0.07227497
TableFilterPanel:0.02332656
