TextureHandler:0.4
SunshineLight:0.34
SunshineRaytracer:0.33
SunshinePhong:0.25083333333333335
SunshineSceneVisitor:0.25
SunshineCFC:0.22666666666666666
SunshineObject:0.215
Sunshine:0.21
SunshineCone:0.15
SunshineSphere:0.15
CountVisitor:0.14277777777777778
SunshinePlane:0.13
TraceRayKernel:0.1
