OkHttpClientTransport:0.4766666666666667
OkHttpClientTransportTest:0.44333333333333336
ClientFrameHandler:0.24
WriteRunnable:0.15333333333333332
