PreferenceConstants:0.8133333333333334
NewProjectCreationWizard:0.4533333333333333
NewWizardMessages:0.2567063492063492
PreferencesMessages:0.2567063492063492
