LOBTest:0.9266666666666666
BlobImpl:0.36666666666666664
ClobImpl:0.36666666666666664
