Response:0.5266666666666666
Request:0.5266666666666666
RequestBuilderTest:0.43666666666666665
RequestBuilder:0.21
RestMethodInfo:0.20111111111111113
OkClient:0.2
MockHttpException:0.16
OkClientTest:0.14666666666666667
RestAdapterTest:0.13666666666666666
MockInvalidResponseClient:0.08666666666666667
