SmilesGenerator:0.6433333333333333
SmilesGeneratorTest:0.4533333333333333
