Function:0.6543333333333333
AbstractElement:0.5833333333333334
KuwaibaService:0.5166666666666667
AbstractElementField:0.28
ElementButton:0.23333333333333334
AbstractElementContainer:0.22333333333333333
ElementGrid:0.21666666666666667
AbstractElementSelector:0.08666666666666667
