AbstractJPPFClient:0.65
AbstractJPPFClientConnection:0.5333333333333333
AbstractSubmissionManager:0.2633333333333333
AbstractClientConnectionHandler:0.25666666666666665
AbstractGenericClient:0.22666666666666666
JPPFJcaClientConnection:0.19666666666666666
ClassServerDelegateImpl:0.16777777777777778
TaskServerConnectionHandler:0.16444444444444445
JPPFClientConnectionImpl:0.12333333333333334
AbstractClassServerDelegate:0.12
