JoglInput:0.3433333333333333
AngleInput:0.33666666666666667
LwjglInput:0.3233333333333333
InputTest:0.3146666666666667
Keys:0.22033333333333333
AngleDebugStarter:0.16333333333333333
TestList:0.16333333333333333
