Display:0.4033333333333333
Summary:0.37
DelegatorServlet:0.11333333333333333
Add:0.10666666666666667
Search:0.10666666666666667
Update:0.10666666666666667
