DBCollection:0.5
UpdateRequest:0.43333333333333335
BulkUpdateRequestBuilder:0.23333333333333334
BulkWriteHelper:0.21277777777777776
BulkWriteRequestBuilder:0.20666666666666667
DBCollectionFindAndModifyOptions:0.16333333333333333
DBCollectionUpdateOptions:0.15
WriteRequest:0.14666666666666667
ReplaceRequest:0.13777777777777778
InsertRequest:0.08666666666666667
RemoveRequest:0.02666666666666667
