MongoClientOptions:0.5
MongoClientURI:0.38333333333333336
MongoOptions:0.36666666666666664
MongoClientOptionsTest:0.06333333333333334
MongoOptionsOldTest:0.016666666666666666
