NameBearerHandle:0.7902777777777779
DocumentEditor:0.7733333333333333
