NameTable:0.49
StatementGenerator:0.3938888888888889
ObjectiveCHeaderGenerator:0.25666666666666665
