AbstractMultifactorAuthenticationProvider:0.29333333333333333
AuthyConfiguration:0.24
GoogleAuthentiacatorConfiguration:0.24
YubiKeyConfiguration:0.23333333333333334
YubiKeyMultifactorAuthenticationProvider:0.20142857142857143
DuoMultifactorAuthenticationProvider:0.20142857142857143
RadiusMultifactorAuthenticationProvider:0.20142857142857143
GoogleAuthenticatorMultifactorAuthenticationProvider:0.1980952380952381
AuthyMultifactorAuthenticationProvider:0.1980952380952381
RadiusMultifactorConfiguration:0.19666666666666666
DuoConfiguration:0.19666666666666666
AbstractCredential:0.03333333333333333
CredentialMetaData:0.0
