PyJavaClass:0.5966666666666667
PySystemState:0.41
imp:0.3333333333333333
PyJavaDirPackage:0.20333333333333334
PyJavaPackage:0.13
Options:0.014285714285714285
