SalvagePanel:0.49333333333333335
VehicleDisplayInfoBean:0.3
ManufacturePanel:0.228
ManufactureTabPanel:0.2
ResourceTableModel:0.1863888888888889
EquipmentTableModel:0.1863888888888889
SalvageTabPanel:0.17666666666666667
ManufactureBuildingPanel:0.17333333333333334
InventoryTabPanel:0.16966666666666666
ManufactureSelectionListCellRenderer:0.09966666666666667
VehicleWindow:0.035833333333333335
EquipmentWindow:0.035833333333333335
