SeqPanel:0.5466666666666666
AlignFrame:0.4633333333333333
AlignmentPanel:0.3466666666666667
