Raw:0.44333333333333336
ForLoadedType:0.33
Default:0.30333333333333334
ArrayProjection:0.26
Latent:0.22666666666666666
LazyTypeDescription:0.22666666666666666
ForPackageDescription:0.22666666666666666
AbstractTypeDescription:0.18
PotentiallyRaw:0.17266666666666666
