DefaultExistenceChecker:0.5451666666666667
ModuleConstantsExistenceCheckerImpl:0.27722222222222226
