TaskInfo:0.49666666666666665
ExecutionStats:0.36
PageBuffer:0.3466666666666667
TestQueryState:0.2833333333333333
TaskOutput:0.20333333333333334
StatusPrinter:0.1988888888888889
QueryDriversOperator:0.18388888888888888
HttpRemoteTask:0.16666666666666666
HttpQueryClient:0.10666666666666667
