Report:0.4766666666666667
Row:0.4666666666666667
OperationParametersReport:0.44
AuthorityCodesReport:0.31
