SimpleDirectPosition:0.5466666666666666
TransformTestCase:0.5033333333333333
TransformCaseTest:0.25
MathTransformTest:0.24333333333333335
