Corporation:0.8
CorporationTest:0.6733333333333333
PhoneAddressTest:0.20666666666666667
GenericDeduplicationStrategy:0.15
AbstractTest:0.13333333333333333
WebAddressTest:0.13333333333333333
EntityFactoryTest:0.12666666666666668
ListFactoryTest:0.12666666666666668
CorporationFactory:0.016666666666666666
