ConfigBeanDefinitionParser:0.5733333333333334
BatchNamespaceHandler:0.16666666666666666
TaskletStepBeanDefinitionParserTests:0.15
JobRepositoryBeanDefinitionParserTests:0.11666666666666667
StepBeanDefinitionParserTests:0.09
