Rewriter:0.5313333333333333
FeaturesConfig:0.32666666666666666
AddExchanges:0.2866666666666667
SystemSessionProperties:0.22333333333333333
TestFeaturesConfig:0.17333333333333334
PlanOptimizersFactory:0.12666666666666668
