WMCGeneralImpl:0.38666666666666666
WMCLayerImpl:0.33
WMCBoundingBoxImpl:0.27
WMCServerImpl:0.265
WMCOnlineResourceImpl:0.22666666666666666
WMCWindowImpl:0.22666666666666666
TempFiles:0.19
WMCViewContextImpl:0.18916666666666668
WMCLayerListImpl:0.185
WMCExtensionImpl:0.16333333333333333
GetWmcContext:0.09666666666666666
