ObjectNode:0.6433333333333333
CreateMultipleBusinessObjectAction:0.25666666666666665
SpecialObjectNode:0.1811111111111111
RootObjectNode:0.16444444444444445
CreateMultipleSpecialBusinessObjectAction:0.15
GraphicalRepSpecialRelationshipService:0.14666666666666667
