FileGps:0.61
ZipGps:0.5866666666666667
AspectualViewGps:0.4033333333333333
JarGps:0.4033333333333333
URLLoaderFactory:0.15
ArchiveGps:0.043333333333333335
