SdgCoverageTest:0.7766666666666666
MextraTests:0.24
MsdgTests:0.14666666666666667
