PrivateKeyContainerKeyStore:0.37666666666666665
SigningEntityContainer:0.33
SigningEntity:0.32233333333333336
KeyRenewer:0.3046666666666667
StandAloneSession:0.29333333333333333
P11ProviderHandler:0.2733333333333333
Mutex:0.20222222222222225
Runner:0.10444444444444444
Reloader:0.10444444444444444
SessionData:0.1
