AuthResource:0.5266666666666666
AuthDynamicFeature:0.44333333333333336
BasicAuthProviderTest:0.34
ChainedAuthTestResourceConfig:0.22
BasicAuthTestResourceConfig:0.08166666666666667
