MultiLayerNetwork:0.625
QuadTree:0.5033333333333333
BarnesHutTsne:0.32666666666666666
Tsne:0.30333333333333334
ConvolutionDownSampleLayerTest:0.039444444444444456
