ZoneAwareLocalAuthenticationProvider:0.6916666666666667
AuthenticationManagerImpl:0.46
AuthenticationModuleImpl:0.43333333333333335
SynchNotifiableAuthentication:0.3819047619047619
ZoneAwareLocalAuthenticationProviderImpl:0.31666666666666665
