ItemStream:0.6333333333333333
Step:0.63
ExecutionContext:0.48333333333333334
StepExecution:0.48
StreamManager:0.47333333333333333
KeyGenerator:0.46
StepContext:0.44
JdbcCursorItemReader:0.31333333333333335
StepExecutionDao:0.2816666666666667
HibernateCursorItemReader:0.2733333333333333
ExecutionContextProvider:0.27051984126984113
FooItemReader:0.27
GeneratingItemReader:0.25333333333333335
MockStepDao:0.24666666666666667
MapStepDao:0.23666666666666666
StepSupport:0.23666666666666666
StaxEventItemReaderTests:0.23333333333333334
AbstractJdbcItemReaderIntegrationTests:0.22666666666666666
AbstractDataSourceItemReaderIntegrationTests:0.21333333333333335
FlatFileItemWriterTests:0.21333333333333335
DelegatingItemReader:0.20833333333333334
FlatFileItemReader:0.20666666666666667
MockItemReader:0.20333333333333334
SimpleJobRepository:0.19666666666666666
FlatFileItemWriter:0.19666666666666666
SimpleStepExecutor:0.19333333333333333
DrivingQueryItemReader:0.19333333333333333
StaxEventItemReader:0.19333333333333333
SimpleStepExecutorTests:0.19
DrivingQueryItemReaderTests:0.19
StaxEventItemWriter:0.18666666666666668
StaxEventWriterItemWriterTests:0.18333333333333332
JdbcStepExecutionDao:0.18
MapStepDaoTests:0.18
SimpleStreamManager:0.18
ChunkedStep:0.18
SimpleStepContext:0.17666666666666667
StepExecutionTests:0.17666666666666667
SimpleStreamManagerTests:0.17666666666666667
DelegatingItemReaderTests:0.17666666666666667
AbstractStepDaoTests:0.17333333333333334
SimpleJobRepositoryTests:0.17333333333333334
StepContribution:0.17
SimpleExportedJobLauncherTests:0.16666666666666666
FlatFileItemReaderAdvancedTests:0.16666666666666666
StagingItemReader:0.16333333333333333
SingleColumnJdbcKeyGeneratorIntegrationTests:0.15666666666666668
SimpleExportedJobLauncher:0.15166666666666667
MockOutputSource:0.14333333333333334
StepSupportTests:0.14
IbatisKeyGenerator:0.13666666666666666
StubStreamManager:0.12
ExecutionContextTests:0.12
ExecutionContextRowMapper:0.1175
SingleColumnJdbcKeyGenerator:0.11666666666666667
ItemStreamAdapter:0.11666666666666667
StepExecutionRowMapper:0.115
MockRestartableTasklet:0.11333333333333333
MultipleColumnJdbcKeyGenerator:0.11333333333333333
MultipleColumnJdbcKeyGeneratorIntegrationTests:0.11
SimpleStepConfigurationTests:0.10166666666666667
SimpleStepContextTests:0.085
MockKeyGenerator:0.06666666666666667
ColumnMapExecutionContextRowMapperTests:0.0625
SimpleTradeWriter:0.05333333333333334
StepContributionTests:0.04666666666666667
ColumnMapExecutionContextRowMapper:0.03833333333333333
ItemStreamAdapterExtension:0.03333333333333333
InfiniteLoopTasklet:0.016666666666666666
