MongoClient:0.58
ListDatabasesIterable:0.4302777777777778
MongoClientImpl:0.36
MongoIterableImpl:0.28
ListDatabasesIterableImpl:0.23666666666666666
MapReduceIterableImpl:0.2
FindIterableImpl:0.19
ListCollectionsIterableImpl:0.17916666666666667
ListDatabasesOperation:0.16333333333333333
