QueryTest:0.5716666666666667
QueryOperation:0.485
MapProxySupport:0.3333333333333333
