RecordingSession:0.37333333333333335
ListRecordingsSession:0.37
ArchiverLoadTest:0.36
ArchiveConductor:0.27
ImageRecorder:0.25722222222222224
ArchiveUtil:0.18944444444444442
RecordingSessionTest:0.14333333333333334
