KeyChainGroup:0.7366666666666667
DeterministicKeyChain:0.5466666666666666
KeyChainGroupTest:0.37
