IntegerLiteral:0.31666666666666665
SQLTypeMappingTest:0.30666666666666664
Literal:0.29333333333333333
SymbolVisitor:0.25666666666666665
StatementAnalyzer:0.21666666666666667
SetLiteral:0.1927777777777778
DataTypeVisitor:0.1577777777777778
SelectStatementAnalyzer:0.14666666666666667
ShardCollectService:0.09333333333333334
NumberLiteral:0.08333333333333333
NegativeLiteralVisitor:0.07694444444444444
