GNResultSet:0.7952777777777779
SRUSearch:0.5736666666666667
