VarTagUtils:0.26666666666666666
FileVariableValueDownloadVarTag:0.254265873015873
AbstractActorComboBoxVarTag:0.07666666666666666
DateTimeInputVarTag:0.07333333333333333
OrganizationHierarchyDAO:0.07
Resources:0.07
VarTagTypeMismatchException:0.05333333333333334
AbstractAutoCompletionComboBoxVarTag:0.03333333333333333
GroupMembersAutoCompletionVarTag:0.02
GroupMembersComboboxVarTag:0.02
DateValueDisplayVarTag:0.011666666666666667
DateTimeValueDisplayVarTag:0.011666666666666667
TimeValueDisplayVarTag:0.011666666666666667
HiddenDateTimeInputVarTag:0.0
ActorNameDisplayVarTag:0.0
ActorFullNameDisplayVarTag:0.0
DateInputVarTag:0.0
ActorComboboxVarTag:0.0
VariableValueDisplayVarTag:0.0
AbstractActorVarTag:0.0
