GwtGL20:0.4544444444444444
GwtFileHandle:0.35
ReflectionCacheSourceCreator:0.31333333333333335
OpenALAudio:0.28555555555555556
AmbientCubemap:0.2833333333333333
AssetManager:0.26666666666666666
Slider:0.25333333333333335
DataInputStream:0.25333333333333335
Blob:0.19
DefaultAssetFilter:0.18666666666666668
GwtFiles:0.17666666666666667
GwtTestStarter:0.11333333333333333
LwjglDebugStarter:0.09333333333333334
PreloaderBundleGenerator:0.04666666666666667
