ParentNode:0.38666666666666666
Or:0.32666666666666666
Compare:0.32666666666666666
StrRegex:0.24166666666666667
And:0.15666666666666668
BoolParentNode:0.15666666666666668
Xor:0.10666666666666667
