Wallet:0.74
WalletProtobufSerializer:0.4633333333333333
WalletProtobufSerializerTest:0.17666666666666667
ToyWallet:0.15638888888888888
