EjbcaWSTest:0.55
EjbcaWsCommonCriteriaTest:0.47333333333333333
CommonEjbcaWS:0.2396666666666667
