Py:0.6833333333333333
PyInstance:0.4533333333333333
__builtin__:0.31666666666666665
