XMLMapItem:0.5358333333333334
Padding:0.4166666666666667
DefaultBufferOfItemsConverter:0.37
AttrObject:0.15
BlockMetaData:0.14583333333333334
