IOSApplication:0.44666666666666666
GdxSetupUI:0.2733333333333333
Form:0.24
AsyncExecutor:0.20666666666666667
DependencyBank:0.19333333333333333
LwjglDebugStarter:0.10666666666666667
