DateFieldMapper:0.43
DateMathParser:0.39666666666666667
RangeFilterBuilder:0.20666666666666667
RangeQueryBuilder:0.20666666666666667
DateHistogramFacetParser:0.13666666666666666
DateHistogramParser:0.12333333333333334
SimpleQueryTests:0.10666666666666667
RangeQueryParser:0.09333333333333334
RangeFilterParser:0.09333333333333334
