Tab:0.64
View:0.5466666666666666
Module:0.37333333333333335
NewTreeViewItemAction:0.09
Actions:0.08333333333333333
DeleteAction:0.07166666666666667
SaveElementInTreeViewAction:0.05333333333333334
OrderByAction:0.03666666666666667
GoPageAction:0.03666666666666667
GoPreviousPageAction:0.03333333333333333
GoNextPageAction:0.03333333333333333
FilterAction:0.03333333333333333
