PathNodeTest:0.59
CastorTest:0.5366666666666666
ObjService:0.4166666666666667
