WebSocketImpl:0.8
WebSocketClient:0.43666666666666665
SocketChannelIOHelper:0.2353333333333333
