PlannerTest:0.37
TestModule:0.335
TransportShardUpsertActionTest:0.31333333333333335
InsertFromValuesAnalyzerTest:0.2966666666666667
UpdateAnalyzerTest:0.25
CopyStatementAnalyzer:0.19666666666666666
