DownloadTask:0.4633333333333333
SingleThreadTask:0.25083333333333335
Downloader:0.23
DownloadGroupTask:0.22666666666666666
BaseExecutePool:0.22611111111111115
AbsSchedulers:0.22333333333333333
ChildDownloadListener:0.18333333333333332
DownloadGroupTaskQueue:0.18
DownloadSchedulers:0.18
DownloadGroupSchedulers:0.18
DownloadTaskQueue:0.17666666666666667
