CasCoreAuditConfiguration:0.46722222222222226
CasCoreAuthenticationPrincipalConfiguration:0.28
CasCoreAuthenticationConfiguration:0.25333333333333335
