Display:0.43
Window:0.42
AbstractServerCockpitConfigurationHandler:0.4
CockpitElement:0.25144444444444447
CockpitConfigurationHandler:0.14666666666666667
ExtensionRef:0.09333333333333334
AbstractCockpitElement:0.013333333333333334
