TransFrame:0.52
OmegaT:0.3343333333333333
HTMLTag:0.24
MatchWindow:0.19333333333333333
OmegaTVersion:0.13444444444444442
HTMLXmlFileHandler:0.09333333333333334
OStrings:0.014285714285714285
