MWebBrowser:0.5333333333333333
FeedViewer:0.31666666666666665
Browser:0.26666666666666666
