MinMaxPixelInfo:0.45
FileLocationMgtFilter:0.2833333333333333
DicomFileLocationFilter:0.13666666666666666
AddFileLocationFilter:0.06
FileLocationMacro:0.006666666666666667
