SearchFilter:0.49666666666666665
SearchFilterToSearchBooleanConverter:0.27
FolderResource:0.25333333333333335
SearchFilterKeys:0.24277777777777776
AbstractBinderResource:0.20333333333333334
MiscResource:0.19333333333333333
WorkspaceResource:0.18666666666666668
LinkUriUtil:0.18
SelfResource:0.10333333333333333
