Frame:0.72
RuleTreeNode:0.2844444444444445
ControlGraph:0.2833333333333333
ExploreData:0.2644444444444445
ControlNode:0.24444444444444446
RuleTree:0.21583333333333332
LabelValue:0.2
GraphPreviewDialog:0.2
ForestLayouter:0.18444444444444444
CtrlJGraph:0.16133333333333333
