HopFileDescriptor:0.8244444444444444
CompilerFileDescriptor:0.37333333333333335
