FtpVFS:0.6933333333333334
Connection:0.49666666666666665
SFtpConnection:0.30333333333333334
FtpConnection:0.19666666666666666
