ChannelDecisionManagerImpl:0.6583333333333333
MockChannelProcessor:0.2733333333333333
ChannelDecisionManagerImplTests:0.23666666666666666
HttpSecurityBeanDefinitionParser:0.16666666666666666
