LayerImpl:0.5722222222222222
CheckARINCDefinitionTest:0.4022222222222222
