TraceFlags:0.2966666666666667
Method:0.22
Delegates:0.18666666666666668
JoeqVM:0.14333333333333334
FilterByName:0.023333333333333334
FilterByShortClassName:0.023333333333333334
