IOService:0.5433333333333333
TcpIpConnectionManager:0.5066666666666667
NodeIOService:0.37666666666666665
MockNodeContext:0.3
TcpIpJoiner:0.12
AbstractJoiner:0.11
TestNodeRegistry:0.10666666666666667
GroupMismatchOperation:0.056666666666666664
