JobExecutionContext:0.7266666666666667
JobContextService:0.30666666666666664
SlowKillExecutionSubContext:0.17333333333333334
JobExecutionContextTest:0.06
