Event:0.7433333333333333
ActionImpl:0.36666666666666664
