TransportSQLActionTest:0.6166666666666667
PlannerTest:0.37833333333333335
Visitor:0.29
