XServiceProvider:0.6866666666666666
XATNALogger:0.4888888888888889
HL7FormatUtil:0.4166666666666667
