Controller:0.49666666666666665
ApolloPanel:0.31333333333333335
DragFeatureView:0.27
ScrollableTierView:0.24
FeatureView:0.19666666666666666
ControlledWindow:0.105
