RNTN:0.69
Builder:0.36666666666666664
Tanh:0.21666666666666667
RNTNTweetClassification:0.1
