IngestPlugin:0.64
IngestActionFilter:0.5833333333333334
IngestActionFilterTests:0.23
IngestRestFilter:0.16666666666666666
