ECKey:0.6266666666666667
WalletTest:0.32
HDUtils:0.3
DeterministicKey:0.25222222222222224
ECKeyTest:0.19333333333333333
FullBlockTestGenerator:0.11666666666666667
HDUtilsTest:0.11333333333333333
