SarosRmiSWTWorkbenchBot:0.6366666666666667
ISarosRmiSWTWorkbenchBot:0.49333333333333335
ViewObject:0.3333333333333333
TestDriverChangeAndImmediateWrite:0.25
TestBasicSarosElements:0.19666666666666666
