GwtGL20:0.5983333333333334
Skin:0.3233333333333333
SpriteBatch:0.3233333333333333
LwjglFrame:0.275
