ResourceLoader:0.6
ShadowResources:0.24
ResourcesTest:0.16666666666666666
ActivityTest:0.14333333333333334
ShadowActivity:0.13
bool:0.11
array:0.014285714285714285
