KeyValuePairs:0.5316666666666666
BlockAssertions:0.48
MapAggregation:0.4766666666666667
ExceededMemoryLimitException:0.2833333333333333
