OidcConfiguration:0.30666666666666664
CasValidationConfiguration:0.22666666666666666
ElectronicFenceConfiguration:0.21
SurrogateAuthenticationConfiguration:0.18
GrouperMultifactorAuthenticationConfiguration:0.03666666666666667
