ThwackerOptions:0.495
ThwackerTool:0.48
ThwackerOptionsTest:0.45666666666666667
ThwackingElement:0.28
Handler:0.20777777777777778
