TestDescriptor:0.86
AbstractTestDescriptor:0.4633333333333333
AbstractTestDescriptorTest:0.22666666666666666
