InformationSchemaTest:0.57
CrateSettings:0.43111111111111106
ObjectSettingsApplier:0.20777777777777778
SysClusterTableInfo:0.19666666666666666
