Rule:0.45
Grammar:0.41
AttributeChecks:0.3433333333333333
Alternative:0.28
AttributeResolver:0.2727777777777778
