GAuth:0.6722222222222222
Mongodb:0.41111111111111115
