Sessions:0.6966666666666667
UserMgmtService:0.38333333333333336
SymphonyServletListener:0.2
