StoreScpService:0.5866666666666667
StoreScp:0.5766666666666667
StorageBean:0.33666666666666667
