Address:0.6333333333333333
Array:0.5833333333333334
Matrix:0.39
BondTest:0.31333333333333335
SVD:0.21666666666666667
EigenvalueDecomposition:0.18666666666666668
RangeMatrix:0.16666666666666666
DirectArrayRowAddress:0.13333333333333333
Range:0.13333333333333333
DirectMatrixAddress:0.13333333333333333
MappedAddress:0.13
RangeCol:0.12666666666666668
RangeRow:0.12666666666666668
DirectAddress:0.12333333333333334
MappedMatrixAddress:0.08444444444444445
DirectArrayColAddress:0.07666666666666666
