FileSystemElement:0.5233333333333333
ModificationSet:0.38666666666666666
