TicketDefinitionProperties:0.5830000000000001
DefaultTicketDefinitionProperties:0.4766666666666667
EhcacheTicketRegistryTicketCatalogConfiguration:0.29333333333333333
HazelcastTicketRegistryTicketCatalogConfiguration:0.29333333333333333
IgniteTicketRegistryTicketCatalogConfiguration:0.29333333333333333
MongoDbTicketRegistryTicketCatalogConfiguration:0.29333333333333333
DynamoDbTicketRegistryTicketCatalogConfiguration:0.14
