Mouse:0.5333333333333333
Pbuffer:0.42333333333333334
Cursor:0.24666666666666667
CursorElement:0.11333333333333333
