ConfigurationAdminManager:0.48333333333333334
ManagedServiceInstanceTrackerPostProcessor:0.45666666666666667
ManagedServiceTest:0.4066666666666667
DefaultManagedServiceBeanManager:0.19
