RoverMission:0.47
Exploration:0.2633333333333333
BiologyStudyFieldMission:0.23666666666666666
AreologyStudyFieldMission:0.23666666666666666
Mining:0.22555555555555556
TravelToSettlement:0.22555555555555556
Trade:0.22555555555555556
CollectResourcesMission:0.21333333333333335
