WebClient:0.4166666666666667
HtmlPage:0.39
HTMLElementTest:0.3233333333333333
Attr:0.31
HTMLDocument:0.28
HTMLElement:0.23666666666666666
DocumentTest:0.2
XMLHttpRequestTest:0.19333333333333333
