ExtenderConfigurationTest:0.6483333333333333
GenericRegistry:0.5102777777777778
