TdsCore:0.44333333333333336
MSCursorResultSet:0.37666666666666665
CSUnitTest:0.33916666666666667
Support:0.30333333333333334
JtdsStatement:0.27666666666666667
Driver:0.27199999999999996
ResultSetTest:0.22
