PreloadingClassLoader:0.39666666666666667
AppClassLoader:0.37333333333333335
BootstrapClassLoader:0.33666666666666667
PreloadingClassLoaderTest:0.25333333333333335
DelegatingClassLoader:0.13333333333333333
