MetaDataIndexStateService:0.7706111111111111
SharedClusterSnapshotRestoreIT:0.5466666666666666
AbstractSnapshotIntegTestCase:0.20666666666666667
