BasicInvocation:0.5133333333333333
BasicOperationService:0.47
BasicInvocationFuture:0.22
ResponseHandlerFactory:0.21422222222222226
ResponseProcessor:0.19333333333333336
BasicOperationServiceTest:0.11333333333333333
