XmlFileLoaderTest:0.42
PreferenceTest:0.32666666666666666
ShadowPreference:0.2866666666666667
PreferenceActivityTest:0.27666666666666667
PreferenceLoaderTest:0.27666666666666667
string:0.12666666666666668
