BaseSetup:0.5566666666666666
JMXConnectionWrapper:0.36
GenericProcessLauncher:0.3333333333333333
JMXMPServer:0.18333333333333332
JPPFTestRunner:0.1577777777777778
AbstractNonStandardSetup:0.13333333333333333
AbstractSetupOfflineNode:0.11333333333333333
