Application:0.42333333333333334
OpenLocalizedWebPage:0.24
ExportCorpusWizard:0.21333333333333335
ImportCorpusWizard:0.18
OpenWelcomePage:0.16666666666666666
NewCorpusWizard:0.10333333333333333
MyPageTwo:0.03333333333333333
OpenManual:0.03333333333333333
MyPageOne:0.0
