jq_InstanceMethod:0.47
jq_StaticMethod:0.47
jq_Class:0.44333333333333336
jq_InstanceField:0.41
jq_StaticField:0.39666666666666667
Interface:0.37666666666666665
jq_Method:0.36333333333333334
ClassLibInterface:0.33666666666666667
Reflection:0.32666666666666666
BytecodeToQuad:0.24
x86ReferenceCompiler:0.23666666666666666
ModRefAnalysis:0.23333333333333334
jq_Member:0.21333333333333335
jq_Initializer:0.20666666666666667
MethodInterpreter:0.19666666666666666
TrimmerVisitor:0.19666666666666666
BootstrapRootSet:0.19333333333333333
BytecodeVisitor:0.18666666666666668
ConstantPoolRebuilder:0.17333333333333334
jq_ClassInitializer:0.16333333333333333
