BizcardResultParser:0.4066666666666667
AbstractDoCoMoResultParser:0.27666666666666667
BookmarkDoCoMoResultParser:0.26666666666666666
AddressBookDoCoMoResultParser:0.21333333333333335
EmailDoCoMoResultParser:0.19
