ServerConnection:0.48333333333333334
HttpClientRequestImpl:0.38666666666666666
HttpServerMetrics:0.37290476190476185
DummyHttpServerMetrics:0.32466666666666666
DummyHttpClientMetrics:0.32466666666666666
FakeEventBusMetrics:0.26666666666666666
HttpClientMetrics:0.2092063492063492
