StatisticFieldLockInfo:0.5233333333333333
FieldInstruction:0.36333333333333334
SingleFieldLockInfo:0.2683333333333333
InstanceFieldInstruction:0.20666666666666667
StaticFieldInstruction:0.16333333333333333
