XSD:0.5466666666666666
CSW202ServiceImpl:0.38333333333333336
ISO19139Service:0.33666666666666667
GetRecordsValidation:0.23444444444444448
Transformer:0.14333333333333334
ReferenceMetadataInsertionService:0.13333333333333333
