JmxInfo:0.47
BuildLoopInformationBuilder:0.27111111111111114
BuildLoopQueryServiceStub:0.26666666666666666
BuildInformationRepositoryInMemoImpl:0.22333333333333333
BuildInformationRepositoryInMemoImplTest:0.16666666666666666
JmxConnectionCacheServiceTest:0.14333333333333334
GetActiveBuildInfoControllerTest:0.13
ForceBuildControllerTest:0.10333333333333333
BuildLoopMonitorTest:0.08666666666666667
BuildLoopInformationBuilderTest:0.08
BuildInformationHelperTest:0.04666666666666667
BuildLoopQueryServiceStubTest:0.04
