JsonTest:0.7074444444444445
Lang2:0.4222222222222222
