SimpleQueryTests:0.5125
IndicesQueryParser:0.38
IndicesFilterParser:0.32
IndicesFilterBuilder:0.14666666666666667
IndicesQueryBuilder:0.14666666666666667
