BaseMultiLayerUpdater:0.49666666666666665
MultiLayerUpdater:0.45666666666666667
ComputationGraphUpdater:0.36333333333333334
TestUpdaters:0.14333333333333334
