PacketHandler:0.631388888888889
PacketHandlerTest:0.41
DecoderJsonPacketTest:0.22666666666666666
