ParameterConstants:0.8566666666666667
RegistrationService:0.29
ParameterService:0.27666666666666667
DataLoaderService:0.27666666666666667
BootstrapService:0.24
OutgoingBatchService:0.23
RegistrationServiceTest:0.19666666666666666
IParameterService:0.17833333333333334
ParameterServiceTest:0.15333333333333332
AbstractService:0.14
IncomingBatchService:0.13333333333333333
