DefaultProperties:0.6466666666666666
ConnectionJDBC2:0.4866666666666667
DefaultPropertiesTestLibrary:0.25
Driver:0.20666666666666667
SharedNamedPipe:0.20333333333333334
Tds8Test:0.19333333333333336
