CharacterReader:0.5166666666666667
HtmlParserTest:0.46
Tokeniser:0.26666666666666666
CharacterReaderTest:0.23333333333333334
AttributeParseTest:0.17333333333333334
