LdapPublisher:0.5483333333333333
LdapSearchPublisher:0.42333333333333334
DummyCustomPublisher:0.38
