ContentTypeITest:0.35333333333333333
LogIfValidationFailsITest:0.31333333333333335
HeaderITest:0.31333333333333335
LoggingITest:0.2966666666666667
GivenWhenThenLoggingITest:0.29
CookieITest:0.27666666666666667
JSONPostITest:0.27666666666666667
XMLGetITest:0.27666666666666667
ResponseITest:0.27666666666666667
AuthenticationITest:0.27666666666666667
StressITest:0.25333333333333335
GivenWhenThenErrorITest:0.24666666666666667
ParamITest:0.24666666666666667
WithJetty:0.22666666666666666
JSONGetITest:0.2
FilterITest:0.19666666666666666
