FileHandle:0.42
IndexArray:0.3755555555555556
VertexArray:0.37
GwtApplication:0.35333333333333333
Array:0.33
VertexBufferObject:0.29
GwtFiles:0.2866666666666667
ShaderProgram:0.27
IndexBufferObject:0.20022222222222225
Pixmap:0.14333333333333334
