Blog:0.6766666666666666
BlogEntry:0.43333333333333335
FileBackedBlogEntry:0.34
