ClientClusterServiceImpl:0.5466666666666666
TargetCallableRequest:0.36
ClientPartitionServiceImpl:0.2
ExecutorDataSerializerHook:0.15533333333333332
QueueDataSerializerHook:0.13666666666666666
ProxyManager:0.12
