ExecutionContext:0.5466666666666666
TestCaseDataSet:0.3188888888888889
ITestCaseDataSet:0.3188888888888889
VariableUserType:0.25633333333333336
SystemProperties:0.24333333333333335
TaskLogicMockFactory:0.23333333333333334
ProcessExecutionErrors:0.225
ExtraGraphics:0.21
ExecutorFormat:0.19666666666666666
SubProcessState:0.19666666666666666
ProcessDefinitionInfoFormTag:0.19
SendMessage:0.16833333333333333
TaskListBuilder:0.16666666666666666
IExecutionContextFactory:0.16333333333333333
TransitionFigureBase:0.13666666666666666
QuickFormBuilder:0.11333333333333333
ProcessIdFormat:0.11333333333333333
ReceiveMessageBean:0.10333333333333333
DefaultExecutionContextFactory:0.02
