DirectoriesPane:0.7933333333333333
AddUploadDirectoryListener:0.26666666666666666
