ReactionSchemeManipulatorTest:0.6833333333333333
ReactionSchemeManipulator:0.5083333333333333
