MUCConnectionManager:0.7266666666666667
XMPPChatTransmitter:0.42333333333333334
MessagingManager:0.26666666666666666
MultiChatSession:0.2377777777777778
