JFXRadioButton:0.5485714285714285
JFXRippler:0.535
JFXRadioButtonSkin:0.4866666666666667
