Endpoint:0.42333333333333334
ServicePortParameters:0.42
TaskConfig:0.3466666666666667
Builder:0.29333333333333333
ServicePorts:0.25666666666666665
