ClientExecutionServiceImpl:0.42333333333333334
HazelcastClientInstanceImpl:0.33666666666666667
ClientSmartListenerService:0.29
ClientNonSmartListenerService:0.26277777777777783
ClientRegressionWithMockNetworkTest:0.26
ClusterListenerSupport:0.2248888888888889
ClientListenerServiceImpl:0.15666666666666668
