Snackbar:0.5466666666666666
RecyclerView:0.44055555555555553
ScrollView:0.30333333333333334
RecyclerCardsActivity:0.18
SnackbarActivity:0.14111111111111113
