NewTag:0.5966666666666667
AddTag:0.38
EditTag:0.21666666666666667
