DBObject:0.41
RawDBObject:0.28
ReflectionDBObject:0.28
BasicDBObject:0.26666666666666666
DBCursor:0.25333333333333335
BasicDBList:0.23333333333333334
