AdminProcessor:0.5933333333333334
CommentQueryService:0.5041666666666667
