FactLine:0.8966666666666666
DocLine_Allocation:0.5033333333333333
Doc_Allocation:0.27
