VariableTypeEditorPage:0.49666666666666665
EditorPartBase:0.46
SwimlaneEditorPage:0.37
VariableEditorPage:0.35
UpdateVariableNameDialog:0.30333333333333334
AttributeLabelProvider:0.29333333333333333
TypeLabelProvider:0.29
VariableUserTypeDialog:0.2733333333333333
GlobalValidatorsWizardPage:0.27
Timer:0.26
Swimlane:0.258
MoveAttributeSelectionListener:0.25666666666666665
SearchAttributeSelectionListener:0.25666666666666665
MoveTypeSelectionListener:0.25666666666666665
ProcessDefinitionInfoVisitor:0.23
ProcessEditorBase:0.21666666666666667
GroovyParamsComposite:0.2111111111111111
DeleteAttributeSelectionListener:0.21
DeleteVariableSelectionListener:0.20666666666666667
CreateVariableSelectionListener:0.20666666666666667
PasteVariableSelectionListener:0.20666666666666667
CreateAttributeSelectionListener:0.20666666666666667
SearchVariableUsageSelectionListener:0.20666666666666667
ContentComposite:0.20333333333333334
CopyVariableSelectionListener:0.20333333333333334
PluginLogger:0.2
ValidatorWizard:0.17388888888888887
PasteSwimlaneSelectionListener:0.15
ChooseItemDialog:0.14333333333333334
RenameVariableSelectionListener:0.14
CreateTypeSelectionListener:0.14
RemoveSwimlaneSelectionListener:0.14
RenameTypeSelectionListener:0.14
EmailConfigWizardPage:0.12666666666666668
MoveToTypeAttributeSelectionListener:0.12083333333333333
TableColumnDescription:0.11333333333333333
DefaultValidatorInfoControl:0.09666666666666666
ChangeAttributeSelectionListener:0.08333333333333333
RemoveTypeSelectionListener:0.08333333333333333
CopyAttributeSelectionListener:0.07333333333333333
MergeAttributesSelectionListener:0.07333333333333333
ValueComparator:0.06
ChooseVariableNameDialog:0.04761904761904762
DataViewerComparator:0.04666666666666667
UndoRedoListener:0.04611111111111111
FeaturedStyledText:0.04
RenameAttributeSelectionListener:0.04
CopyTypeSelectionListener:0.03333333333333333
VariableLabelProvider:0.03
PasteAttributeSelectionListener:0.015
PasteTypeSelectionListener:0.015
