DOMBuilderTagVisitor:0.6763888888888888
LagartoDOMBuilder:0.4866666666666667
DomXmlTest:0.12333333333333334
