ErrorCode:0.7133333333333334
UnixTimeFunctions:0.27
CachingHiveMetastore:0.25333333333333335
Operations:0.24
HttpRemoteTask:0.20333333333333334
QueryStateMachine:0.2
ErrorCodes:0.2
GenericHiveRecordCursor:0.19666666666666666
Visitor:0.18666666666666668
FunctionRegistry:0.17333333333333334
NotFoundException:0.14
DropTableExecution:0.12666666666666668
TestErrorCodes:0.11666666666666667
TableOfflineException:0.10333333333333333
AbandonedException:0.07666666666666666
ExceededMemoryLimitException:0.07666666666666666
