ConfigurationPostProcessor:0.52
ConfigurationPostProcessorTests:0.4766666666666667
AbstractConfig:0.30100000000000005
