P4:0.8066666666666666
P4BootstrapperTest:0.33666666666666667
P4Bootstrapper:0.27666666666666667
P4Test:0.20666666666666667
