BasicMapTest:0.5783333333333334
MapContainer:0.5316666666666666
StoreProcessor:0.35833333333333334
