FileAttachment:0.7733333333333333
FileModuleImpl:0.4533333333333333
AbstractEntryProcessor:0.32666666666666666
