AuthenticationProviderOrderResolver:0.4866666666666667
RememberMeBeanDefinitionParserTest:0.27666666666666667
PrincipalRepositoryBeanDefinitionParser:0.16
AuthenticationMechanismBeanDefinitionParser:0.08333333333333333
