ICacheService:0.6089722222222222
CacheProxy:0.43666666666666665
AbstractCacheService:0.41
EventServiceSegment:0.32
InvalidationEventQueue:0.22
CacheEventListenerAdaptor:0.2
