AllFusionHarvestCM511:0.4666666666666667
UCMTest:0.43
MockSchedule:0.23
MockPublisherChild:0.22333333333333333
AccurevMockRunner:0.2
ListenerTestPlugin:0.18333333333333332
MockCurrentBuildStatusFTPListener:0.18333333333333332
CruiseControlConfig:0.18
MockP4ChangelistLabelIncrementer:0.14
MockDelete:0.14
