AbstractResource:0.51
SerialDataStore:0.30333333333333334
SerialDatastoreViewer:0.24111111111111114
OracleDatastoreViewer:0.21777777777777782
OracleDataStore:0.21
AnnotationDiff:0.2013888888888889
AbstractVisualResource:0.15333333333333332
