Utils:0.64
DefaultExecuteContext:0.49333333333333335
GeneralTests:0.25
CUBRIDDatabase:0.23333333333333334
AbstractQuery:0.19666666666666666
UDTRecordImpl:0.19
MetaImpl:0.19
DefaultBindContext:0.13
