SnmpManager:0.4266666666666667
SnmpDataEntry:0.27
SnmpSyncProvider:0.27
AbstractSyncProvider:0.24833333333333332
TableData:0.19
SynchronizationGroup:0.06333333333333334
SnmpTableData:0.008981481481481483
