Saros:0.6066666666666667
FileList:0.45
SessionManager:0.35
XMPPChatTransmitter:0.26
IncomingInvitationProcess:0.2305
OutgoingInvitationProcess:0.21666666666666667
ConnectDisconnectAction:0.14333333333333334
FileTransfer:0.014285714285714285
