PendingClusterTask:0.6
Pending:0.49666666666666665
ClusterServiceTests:0.24333333333333335
InternalClusterService:0.23
PrioritizedEsThreadPoolExecutor:0.20333333333333334
PendingClusterTasksResponse:0.19583333333333333
PrioritizedExecutorsTests:0.16333333333333333
Fields:0.014285714285714285
