HasChildQueryBuilder:0.64
HasParentQueryBuilder:0.5
NestedQueryBuilder:0.3233333333333333
HasChildQueryBuilderTests:0.29444444444444445
HasParentQueryBuilderTests:0.2833333333333333
