CVSElement:0.6716666666666666
CVSElementTest:0.44333333333333336
