IndexModule:0.52
MockFSDirectoryService:0.31
FsDirectoryService:0.26699999999999996
AdditionalSettingsPlugin1:0.1726111111111111
TestPlugin:0.14333333333333334
TransportNodesListShardStoreMetaData:0.14333333333333334
IndexModuleTests:0.11666666666666667
SMBStorePlugin:0.10666666666666667
IndexStoreTests:0.09
MockFSIndexStore:0.02666666666666667
PluginsServiceTests:0.02666666666666667
FooStore:0.0
