MockTcpTransport:0.625
NioTransport:0.41333333333333333
TcpTransportTests:0.36333333333333334
