RestoreSnapshotRequest:0.4266666666666667
PercolateStats:0.33816666666666667
AbstractInternalPercentiles:0.31983333333333336
Priority:0.2828333333333333
ClusterHealthResponse:0.2816666666666667
MappingMetaData:0.2816666666666667
NodesHotThreadsRequest:0.26
GetIndexedScriptRequest:0.20333333333333334
MasterPingResponseResponse:0.17666666666666667
