Log:0.77
BuildStatus:0.3566666666666667
PluginRegistryTest:0.31
PluginRegistry:0.23333333333333334
BuildStatusTest:0.056666666666666664
LogTest:0.02666666666666667
