ElasticsearchResponse:0.73
CorsRegexIT:0.31333333333333335
ResponseHeaderPluginIT:0.18666666666666668
DetailedErrorsEnabledIT:0.18333333333333332
CorsNotSetIT:0.12
RestTestResponse:0.11333333333333333
DetailedErrorsDisabledIT:0.10333333333333333
