Vss:0.44333333333333336
VssJournal:0.41333333333333333
SourceControlElement:0.2783333333333333
MKS:0.27666666666666667
ClearCase:0.18
