RolloverRequest:0.42
Condition:0.39666666666666667
RolloverResponse:0.38333333333333336
TransportRolloverAction:0.24666666666666667
RolloverRequestBuilder:0.06388888888888888
RolloverIT:0.056666666666666664
RestRolloverIndexAction:0.03944444444444445
TransportRolloverActionTests:0.013333333333333334
