StringHelper:0.6
Table:0.49666666666666665
Configuration:0.42333333333333334
ConstraintTest:0.13333333333333333
DataPoint:0.10838095238095237
DataPoint2:0.10838095238095237
