CommentMgmtService:0.6341666666666667
FillTagArticles:0.42
CommentReceiver:0.24333333333333335
