FormResponder:0.43666666666666665
RecordEditor:0.4033333333333333
ResponderFactory:0.37666666666666665
