ServiceWorkerMessageEvent:0.5336111111111111
DOMImplementation:0.41333333333333333
HostClassNameTest:0.29333333333333333
AppBannerPromptResult:0.27666666666666667
HostParentOfSTest:0.22333333333333333
HostParentOfATest:0.15666666666666668
HostTypeOfTest:0.15666666666666668
