RubySourceViewerConfiguration:0.5233333333333333
RubyPartitionScanner:0.49333333333333335
RubyTokenScanner:0.4633333333333333
TC_RubyPartitionScanner:0.14
