AllArguments:0.2780952380952381
AllTypeAttrs:0.2780952380952381
AllProcedures:0.2780952380952381
AllObjects:0.2780952380952381
AllCollTypes:0.2780952380952381
AllCollTypesRecord:0.26666666666666666
AllTypeAttrsRecord:0.26666666666666666
AllArgumentsRecord:0.25
AllObjectsRecord:0.23
AllProceduresRecord:0.20666666666666667
