MainScreen:0.5066666666666667
TextOverlay:0.30666666666666664
WindowingTextOverlay:0.30333333333333334
ExportLocationChooser:0.2966666666666667
SeriesThumbUpdator:0.20111111111111113
