Edge:0.7866666666666666
SticksRenderer:0.4033333333333333
MidPtCache:0.16333333333333333
