DesktopIndicator:0.5516666666666666
FWToggleAction:0.42333333333333334
OptionsSettingsPane:0.42333333333333334
DisconnectPane:0.2
FWToolBar:0.2
