HttpClientRequest:0.7133333333333334
HttpClientRequestImpl:0.5133333333333333
ClientConnection:0.33
HttpClientImpl:0.31333333333333335
HttpClientResponseImpl:0.3061507936507936
UriUtils:0.10666666666666667
