AccessData:0.8591666666666666
DataAccessorRegistry:0.6766666666666666
DataObject:0.5566666666666666
FileDataObject:0.4880555555555555
ModelAccessData:0.38666666666666666
RDFContainerFactory:0.27051984126984113
TestFileDataObject:0.25
TestModelAccessData:0.14027777777777778
AccessDataTest:0.10333333333333333
CountingInputStreamTest:0.08666666666666667
ExtractorServiceActivator:0.0811111111111111
TestFaultyFileAccessdata:0.03422222222222222
DataAccessor:0.006666666666666667
DataAccessorFactory:0.006666666666666667
UrlNotFoundException:0.0
FolderDataObject:0.0
