Activator:0.43666666666666665
CoverageTest:0.14438888888888887
InChIManagerTest:0.14
