DefaultCategoryStatusService:0.6819999999999999
CategoryConfigDao:0.3538333333333334
DefaultCategoryStatusServiceTest:0.21666666666666667
DefaultCategoryConfigDao:0.16333333333333333
