RowImpl:0.79
RecordImpl:0.22333333333333333
UpdatableRecordImpl:0.2
UDTRecordImpl:0.14333333333333334
TableRecordImpl:0.13666666666666666
