Commons:0.8133333333333334
DescriptionProcessTDBuilder:0.32666666666666666
