KuwaibaService:0.7083333333333334
ObjectFactory:0.5
CommunicationsStub:0.33666666666666667
LocalSyncFinding:0.09
ExecuteSyncActions:0.043333333333333335
ExecuteSyncActionsResponse:0.024722222222222222
LocalSyncResult:0.006666666666666667
AbstractSyncRunnable:0.0
