PostgreSqlDatabasePlatform:0.5966666666666667
PostgreSqlDdlBuilder:0.5333333333333333
PostgreSqlJdbcSqlTemplate:0.24
