PartialPiChargeDescriptorTest:0.7033333333333334
ProtonAffinityHOSEDescriptorTest:0.34
ProtonAffinityHOSEDescriptor:0.2966666666666667
MqsaratomicTests:0.06333333333333334
