Errors:0.5533333333333333
DefaultManagement:0.26666666666666666
EcmValidator:0.2633333333333333
EcmTest:0.25
SchemaValidator:0.22666666666666666
OwlValidator:0.21250000000000002
ResourceResolver:0.19777777777777777
ReportingErrorHandler:0.17666666666666667
DatastreamValidator:0.03666666666666667
