Config:0.45166666666666666
CommandPubSubDecoder:0.36333333333333334
MasterSlaveConnectionManager:0.31666666666666665
RedisChannelInitializer:0.13
RedisClientConfig:0.1
Message:0.045182539682539685
