Param:0.7044444444444444
ValidatorDefinition:0.51
BSHParamsComposite:0.3233333333333333
ValidationUtil:0.23666666666666666
GlobalValidatorsWizardPage:0.19583333333333333
ValidatorDefinitionRegistry:0.18666666666666668
ValidatorParser:0.17666666666666667
