GrammarPlanData:0.4266666666666667
SearchPlan:0.41333333333333333
SearchPlanStrategy:0.31666666666666665
