GwtServerHelper:0.5866666666666667
GwtRpcServiceImpl:0.31
GwtShareItem:0.29333333333333333
GwtShareHelper:0.2833333333333333
ShareThisDlg:0.2658333333333333
GwtShareItemMember:0.2633333333333333
ShareEntryCmd:0.18333333333333332
