Transaction:0.6266666666666667
Jedis:0.45
BinaryTransaction:0.30333333333333334
Connection:0.29
BinaryJedis:0.2733333333333333
TransactionCommandsTest:0.225
