Word2Vec:0.73
EhCacheVocabCache:0.4666666666666667
Builder:0.24111111111111114
Word2VecTests:0.22
VocabActor:0.19777777777777777
BasicRNTNTest:0.16333333333333333
WindowConverter:0.09333333333333334
