SeriesDetailsHandler:0.5333333333333333
SeriesHandler:0.503611111111111
MultiFrames:0.3233333333333333
