Files:0.7466666666666667
Lang:0.6416666666666667
PropertiesProxy:0.3566666666666667
Segments:0.19333333333333333
