LaunchConfiguration:0.5166666666666667
ShamLaunchConfiguration:0.3433333333333333
TC_TaskParser:0.26666666666666666
TC_CodeFormatter:0.26666666666666666
ShamFolder:0.24666666666666667
ShamTaskParser:0.23
ShamResource:0.22333333333333333
ShamFile:0.22
RuntimeConfigurationFile:0.22
ShamLaunchManager:0.2
ShamLaunchConfigurationWorkingCopy:0.12666666666666668
