AbbrevsOptionPane:0.17519985
AbbrevEditor:0.13323061
jEdit:0.03241296
GUIUtilities:0.030204074
