Registers:0.16138674
TextArea:0.15382473
JEditBuffer:0.09136346
View:0.07225031
InputHandler:0.049634807
jEdit:0.043643035
Buffer:0.02943877
Selection:0.028759817
AbstractInputHandler:0.021047996
HistoryModel:0.011829
EditAction:0.009399317
JEditAbstractEditAction:0.0038999785
