HelpViewerInterface:0.08449628
HelpHistoryModel:0.08193126
HelpTOCPanel:0.06988235
HelpSearchPanel:0.049951542
HistoryButton:0.038869098
ManagePanel:0.038532536
jEdit:0.032965943
GUIUtilities:0.026846197
MiscUtilities:0.01695862
PluginUpdate:0.010472
EditBus:0.0093522705
Log:0.0058340663
HelpHistoryModelListener:0.002337003
