HyperSearchRequest:0.15583943
SearchBar:0.13956907
HyperSearchResults:0.097422615
VFSBrowser:0.0558156
SettingsReloader:0.02073038
