TableOfflineException:0.4533333333333333
HiveWriteUtils:0.41333333333333333
PartitionOfflineException:0.35
HivePartitionManager:0.33666666666666667
