ConcurrentMapManager:0.7733333333333333
MProxy:0.5266666666666666
ConcurrentMapOperations:0.014071428571428572
