GraphicFactory:0.7166666666666667
GraphicsConfigHandler:0.3333333333333333
SwingServerGraphicsConfigHandler:0.33
ProtocolInputDecoder:0.32666666666666666
ParserException:0.31
AbstractServerEngine:0.3
JFXLoggerFactory:0.26666666666666666
XMLA661SAXParser:0.25
RuntimeDecoder:0.24666666666666667
UIDefinitionHandler:0.24666666666666667
SwingLoggerFactory:0.24
SwingFactory:0.23642857142857143
SwingRendererBridge:0.20666666666666667
ARINCMultiStateButton:0.19
LoggerFactory:0.17666666666666667
