EditView:0.4066666666666667
Images:0.4066666666666667
TimelineView:0.3466666666666667
ViewWidget:0.23333333333333334
EditViewFactory:0.2
EntityPopupMouseListener:0.11904761904761905
ActionCreate:0.016666666666666666
ActionDelete:0.01
