JavaClassAnalyzer:0.5966666666666667
TestRepository:0.37
JarAnalyzer:0.36333333333333334
