FileAssociation:0.5866666666666667
Report:0.44333333333333336
