FieldStats:0.6366666666666667
Date:0.3433333333333333
FieldStatsTests:0.26
FieldStatsIntegrationIT:0.23
FloatFieldType:0.2288888888888889
