MetadataUtils:0.5633333333333334
MessagePage:0.42
SubmitWizard:0.28
AssignPredictWizard:0.21333333333333335
