Euler:0.6366666666666667
EulerExt:0.31333333333333335
