RemoteTask:0.63
SqlStageExecution:0.37333333333333335
HttpRemoteTask:0.27666666666666667
SqlQueryExecution:0.25666666666666665
StageExecutionNode:0.23615079365079364
TestSqlStageExecution:0.21
MockRemoteTask:0.2
TestNodeScheduler:0.13333333333333333
