OracleDataStore:0.8066666666666666
SerialDatastoreViewer:0.34
DataStoreRegister:0.26666666666666666
DatastoreEvent:0.16333333333333333
SaveToAction:0.14333333333333334
OpenDSAction:0.13333333333333333
