LayerViewPanel:0.5816666666666667
WorkbenchFrame:0.48333333333333334
AbstractCursorTool:0.37
