XavaSuite:0.6033333333333334
Products2ReferenceAndStereotypeTest:0.4866666666666667
