OperationExecutorImpl:0.41333333333333333
AsyncResponseHandler:0.30333333333333334
OperationServiceImpl:0.29
ResponseThread:0.2866666666666667
ClientInvocationServiceSupport:0.23
AsyncResponseHandlerTest:0.12666666666666668
