TestApp:0.49
MapService:0.44333333333333336
ClusterServiceImpl:0.3975
Echo:0.25666666666666665
