Dialect:0.8733333333333333
DB2Dialect:0.43333333333333335
HqlSqlWalker:0.27
