Files:0.3466666666666667
LinkedArrayIterator:0.3377777777777778
LinkedArray:0.2833333333333333
LinkedCharArray:0.19666666666666666
LinkedIntArray:0.18
LinkedArrayTest:0.13666666666666666
R:0.08
