ShamLaunchConfiguration:0.34
RubyEntryPointTab:0.32111111111111107
RubyApplicationShortcut:0.31666666666666665
TC_RubyApplicationShortcut:0.24
TC_RubyTokenScanner:0.19666666666666666
FTC_DebuggerLaunch:0.19
TC_RubyEntryPointTab:0.12666666666666668
