EditionPanel:0.35833333333333334
SpecificitiesTab:0.25
IndexTab:0.23333333333333334
AFCTab:0.20333333333333334
CooccurrenceServiceImpl:0.20083333333333334
ContextTab:0.19333333333333333
ConcordanceTab:0.19333333333333333
TextTable:0.16333333333333333
EnhancedListGrid:0.14333333333333334
ReferencerTab:0.13
CooccurrencesTab:0.08333333333333333
ControlPanelTab:0.05
