AjaxController:0.5933333333333334
IcalModuleImpl:0.35
ResolveIds:0.31333333333333335
DefaultEmailPoster:0.31333333333333335
