CommandoDialog:0.38333333333333336
Console:0.375
ActionHandler:0.3466666666666667
ConsolePlugin:0.25
CommandoTextField:0.2377777777777778
CommandoThread:0.17444444444444446
TextAreaPane:0.17444444444444446
CommandoHandler:0.17
CommandoCheckBox:0.08333333333333333
