LuceneDocCollector:0.6358333333333334
LuceneDocCollectorBenchmark:0.3933333333333333
LuceneDocCollectorTest:0.38333333333333336
