ProtocolConfig:0.44666666666666666
ChannelHandlers:0.35
ProviderConfig:0.3466666666666667
FakeChannelHandlers:0.15111111111111108
