JsonRendering:0.6266666666666667
Json:0.58
JsonParsing:0.2866666666666667
