EvictionChecker:0.59
EvictionMaxSizePolicyTest:0.3933333333333333
MapReplicationStateHolder:0.2916666666666667
