ChadoTransactionTransformer:0.7033333333333334
JDBCTransactionWriter:0.39666666666666667
Operation:0.30333333333333334
