SumAggregation:0.5133333333333333
SumAggregationTest:0.31333333333333335
JoinIntegrationTest:0.31
SubSelectIntegrationTest:0.2833333333333333
SysShardsTest:0.28
InformationSchemaTest:0.25333333333333335
TransportSQLActionClassLifecycleTest:0.25333333333333335
ArithmeticIntegrationTest:0.25
GroupByAggregateTest:0.24333333333333335
AggregateCollectorBenchmark:0.12666666666666668
