PPTGraphics2D:0.68
SnapshotConfiguration:0.39666666666666667
SavePPTAction:0.2833333333333333
SnapshotPlugin:0.20666666666666667
