CA:0.6
CAAdminSessionBean:0.2966666666666667
CAInfo:0.25666666666666665
