Subject:0.4666666666666667
HL7V3MessageBuilderHelper:0.2833333333333333
PRPA_IN201305UV02_Message_Builder:0.25333333333333335
SubjectSearchCriteria:0.24666666666666667
PDSClient:0.24333333333333335
SubjectBuilder:0.20333333333333334
SubjectSearchCriteriaBuilder:0.17333333333333334
