SDOGeometryExpectationsFactory:0.6077777777777779
GeomEntity:0.42111111111111116
