DebugASTPrinter:0.4866666666666667
MethodDeclaration:0.37
VariableDeclarationExpression:0.33
TreeConverter:0.2966666666666667
StringLiteral:0.25666666666666665
