CompletionFieldMapper:0.3433333333333333
QueryRescorerTests:0.33
ContextSuggestSearchTests:0.32666666666666666
AbstractFieldMapper:0.32
SuggestSearchTests:0.3
SharedClusterSnapshotRestoreTests:0.27666666666666667
SearchQueryTests:0.26
AllFieldMapper:0.23666666666666666
HighlighterSearchTests:0.23
TestMergeMapperTests:0.22333333333333333
UpdateMappingOnClusterTests:0.21333333333333335
CompletionSuggestSearchTests:0.20666666666666667
TypeParser:0.16166666666666665
TypeParsers:0.15333333333333332
Fields:0.15333333333333332
CompletionFieldMapperTests:0.056666666666666664
