AbstractBase:0.615
FieldManifestationTest:0.22333333333333333
ModifierReviewableTest:0.21333333333333335
ForFieldDescription:0.15
