SynthScrollBarUI:0.47333333333333333
Synth2Parser:0.46
SynthMenuItemUI:0.33
SynthTrackListener:0.2783333333333333
