Trade:0.6233333333333333
TradeUtil:0.4666666666666667
NegotiateTrade:0.31666666666666665
