ISharedProject:0.8666666666666667
SharedProject:0.5533333333333333
FollowModeAction:0.25333333333333335
