LockStore:0.8233333333333334
RecordStore:0.7933333333333333
DefaultRecordStore:0.4033333333333333
LocalMapStatsProvider:0.25666666666666665
LockStoreImpl:0.25
AbstractEvictableRecordStore:0.25
LockStoreProxy:0.2
LockStoreImplTest:0.19
AbstractRecordStore:0.15333333333333332
