ProjectNavigationTag:0.6383333333333333
ProjectNavigationTagTest:0.45666666666666667
