Wallet:0.5866666666666667
WalletProtobufSerializer:0.2866666666666667
WalletProtobufSerializerTest:0.19666666666666666
SomeFooExtension:0.07666666666666666
