PercolatorTests:0.41333333333333333
Key:0.36666666666666664
FieldBased:0.25666666666666665
IndexFieldDataService:0.23333333333333334
IndicesFieldDataCache:0.20666666666666667
IndexFieldCache:0.18
IndicesModule:0.13333333333333333
ShardFieldData:0.12
Resident:0.03666666666666667
Soft:0.03666666666666667
