BufferTest:0.5733333333333334
InflaterSourceTest:0.30333333333333334
DeflaterSinkTest:0.20333333333333334
OkioTest:0.19666666666666666
GzipSourceTest:0.18333333333333332
GzipSinkTest:0.15
