ExpressionSymbolInliner:0.32
Rewriter:0.2733333333333333
ProjectionPushDown:0.16333333333333333
Visitor:0.09666666666666666
