SettingsHandler:0.5752777777777778
XMLSettingsHandler:0.42944444444444446
