AndroidManifestTest:0.5383333333333333
DefaultTestLifecycleTest:0.42333333333333334
TestUtil:0.35833333333333334
