FeatureTypes:0.6266666666666667
FeatureGroupTypes:0.3433333333333333
SetDetailPanel:0.30333333333333334
