Info:0.36666666666666664
Harvester:0.2833333333333333
Path:0.2720555555555556
Z3950Params:0.25333333333333335
Z3950Harvester:0.24666666666666667
Z3950Searcher:0.17333333333333334
SearchResult:0.03
