Http2Settings:0.5433333333333333
PemTrustOptions:0.3566666666666667
KeyStoreTest:0.14
