ApplicationViewer:0.7466666666666667
ParameterDisjunction:0.36333333333333334
ApplicationHandle:0.1825
RemovePRAction:0.16666666666666666
AddPRAction:0.15
