NodeSchedulerConfig:0.8233333333333334
NodeScheduler:0.43
BenchmarkData:0.2633333333333333
NetworkTopologyType:0.19666666666666666
TestNodeSchedulerConfig:0.16666666666666666
