twoDJframe:0.5733333333333334
Structure2DView:0.37
MultiViewAction:0.3566666666666667
