RedissonReadWriteLockTest:0.5933333333333334
RedissonReadLock:0.3433333333333333
RedissonWriteLock:0.3433333333333333
