CrawlConfig:0.5933333333333334
CrawlController:0.5566666666666666
