StrategySelectorBuilder:0.37666666666666665
BootstrapServiceRegistryBuilder:0.3233333333333333
RegionFactoryInitiator:0.32166666666666666
