ASTUtil:0.6833333333333333
ImportCollector:0.4033333333333333
GeneratedMethodBinding:0.38333333333333336
ImplementationImportCollector:0.30666666666666664
StatementGenerator:0.29
ObjectiveCImplementationGenerator:0.28
ObjectiveCSourceFileGenerator:0.26666666666666666
ASTFactory:0.25333333333333335
Autoboxer:0.24
DestructorGenerator:0.20666666666666667
ObjectiveCHeaderGenerator:0.2
InitializationNormalizer:0.19666666666666666
JavaToIOSMethodTranslator:0.19333333333333333
DeadCodeEliminator:0.18666666666666668
JavaToIOSTypeConverter:0.18333333333333332
GwtConverter:0.18333333333333332
HiddenFieldDetector:0.14833333333333334
ModifiedTypeBinding:0.13666666666666666
Rewriter:0.13666666666666666
