NearCachedMapProxyImpl:0.5
NearCachedClientMapProxy:0.4866666666666667
StaleReadPreventerNearCacheWrapper:0.4766666666666667
KeyStateMarkerImpl:0.3566666666666667
ClientMapAddNearCacheEventHandler:0.09111111111111111
