Assert:0.5866666666666667
TestRunner:0.5741666666666667
TextFeedbackTest:0.4066666666666667
ResultPrinter:0.4
