Native:0.5733333333333334
Structure:0.4633333333333333
CallbacksTest:0.30666666666666664
TestLibrary:0.2758730158730159
CallbackReference:0.21
AttachOptions:0.1
