JPPFStatistics:0.6333333333333333
Setup:0.34
SingleValueSnapshot:0.29
AbstractJPPFSnapshot:0.23
NodeMixRunner:0.14777777777777779
