DefaultClassDefiner:0.6861666666666667
InterceptorChain:0.6561111111111111
FastClassFactoryTest:0.30666666666666664
