InternalKernelServices:0.8066666666666666
LoadRequiredModulesTest:0.43666666666666665
LoadRequiredModulesExecutor:0.3433333333333333
LoadDirectlyRequiredModulesExecutor:0.20333333333333334
