ByteBuddy:0.32666666666666666
InliningImplementationMatcher:0.24
InstrumentableMatcher:0.23333333333333334
Default:0.23333333333333334
SubclassDynamicTypeBuilder:0.22333333333333333
SubclassDynamicTypeBuilderInstrumentableMatcherTest:0.22
RebaseDynamicTypeBuilder:0.14333333333333334
Compound:0.13333333333333333
RedefinitionDynamicTypeBuilder:0.13
InlineImplementationMatcherTest:0.11666666666666667
