AssertionsTests:0.6633333333333333
Assertions:0.6244444444444444
ReflectionUtils:0.33666666666666667
