CMap:0.59
QOperationHandler:0.3
ConcurrentMapManager:0.2733333333333333
IndexRegion:0.25
EqualPredicate:0.24666666666666667
QueryOperationHandler:0.24638888888888885
BlockInfoOperationHandler:0.21666666666666667
MMigrate:0.205
UnlockOperationHandler:0.18833333333333332
LockOperationHandler:0.18833333333333332
GetExpressionImpl:0.178
QueryService:0.15666666666666668
MigrationCompleteOperationHandler:0.13833333333333334
AbstractOperationHandler:0.13666666666666666
MigrationAwareOperationHandler:0.09333333333333334
ContainsValueOperationHandler:0.07111111111111111
ResponsiveOperationHandler:0.02
ExecutorServiceOperationHandler:0.0
