BoundedBuffer:0.7533333333333333
BoundedLocalCacheTest:0.5133333333333333
