AuditJdbcProperties:0.9604444444444444
CasSupportJdbcAuditConfiguration:0.6766666666666666
