BitVector:0.77
BitVectorTestCase:0.32666666666666666
EncoderTestCase:0.25333333333333335
