AbstractAuthenticationTokenTests:0.6933333333333334
AbstractAuthenticationToken:0.5466666666666666
