DrawingPanel:0.6638888888888889
HWRVisualPanel1:0.44333333333333336
