FormatUtils:0.4766666666666667
DatabaseMetaDataWrapper:0.39
FormatCache:0.38333333333333336
SchemaUtils:0.37666666666666665
FormatCacheEntry:0.05
