ScaleCanvas:0.43666666666666665
AlignFrame:0.3933333333333333
SeqPanel:0.34
AlignmentPanel:0.26
ScalePanel:0.21666666666666667
ColourMenu:0.16
