Transaction:0.7533333333333333
TranscriptEditPanel:0.37
DefaultNameAdapter:0.36
GeneNameListener:0.2966666666666667
ApolloNameAdapterI:0.2275
