gdxBulletJNI:0.6666666666666666
btCollisionObject:0.5166666666666667
btIDebugDraw:0.29
btPersistentManifold:0.22666666666666666
btManifoldResult:0.22
RayResultCallback:0.21
btGhostObject:0.20333333333333334
LocalConvexResult:0.2
LocalRayResult:0.2
ClosestConvexResultCallback:0.2
bt32BitAxisSweep3:0.18666666666666668
btAxisSweep3:0.18666666666666668
ClosestNotMeConvexResultCallback:0.16666666666666666
