ClassNode:0.7266666666666667
InsnGen:0.35533333333333333
ProcessVariables:0.22333333333333333
