MessageDeframer:0.4766666666666667
AbstractClientStream:0.43666666666666665
Http2ClientStream:0.2833333333333333
NettyClientStreamTest:0.19
