BinaryJedisCluster:0.42833333333333334
BinaryRedisPipeline:0.2275
BinaryJedisCommands:0.2275
BinaryJedisClusterCommands:0.2275
BinaryShardedJedis:0.21666666666666667
