CrateSetting:0.6833333333333333
CrateSettings:0.5166666666666667
CrateSettingsTest:0.19333333333333333
ClusterSettingsExpressionTest:0.12
