BotInvoker:0.8333333333333334
Delegates:0.65
BotInvokerServiceDelegate:0.2866666666666667
EJB3Delegate:0.2733333333333333
BotStationStatusTag:0.1822222222222222
WorkflowThreadPoolBotInvoker:0.16
BotInvokerFactory:0.15666666666666668
BotInvokerServiceBean:0.14
BotInvokerClient:0.13
StopPeriodicBotsInvocationAction:0.12666666666666668
StartPeriodicBotsInvocationAction:0.12666666666666668
BotStationResources:0.05
BotInvokerActionHandler:0.01611111111111111
