AbstractTestDistributedQueries:0.29333333333333333
TestRedisDistributed:0.18
TestRedisDistributedHash:0.18
TestKafkaDistributed:0.13916666666666666
TestCassandraDistributed:0.12083333333333333
TestHiveDistributedQueries:0.08738888888888888
