SqlLiteralTest:0.5083333333333333
VarSet:0.40797222222222224
SimpleVarSet:0.19
