AnalyzerGuru:0.7666666666666667
Matcher:0.7480555555555555
