PageServlet:0.7133333333333334
Constants:0.4063730158730159
JettyContainer:0.21
HomePageHandler:0.18333333333333332
StatusPageHandler:0.16333333333333333
