GenerateLatexTest:0.4802777777777777
GenerateUtf8Test:0.4766666666666667
FormalProofCheckerPluginTest:0.38333333333333336
