DecryptedPasswordUserDetails:0.8533333333333334
DecryptedPasswordUserDetailsService:0.36666666666666664
