ActorRef:0.5966666666666667
ChildSpec:0.3
GenEventTest:0.2966666666666667
SupervisorActor:0.25
ActorTest:0.24
JMXActorMonitor:0.22
ActorRefDelegate:0.20333333333333334
GlxRemoteActor:0.185
JMXActorsMonitor:0.18333333333333332
ActorRegistry:0.17833333333333334
Server:0.17
SupervisorTest:0.16666666666666666
GlxGlobalRegistry:0.15333333333333332
Actor3:0.14666666666666667
GenServerTest:0.14666666666666667
RequestReplyHelper:0.14333333333333334
Behavior:0.13666666666666666
Ping:0.08
Pong:0.07666666666666666
