CrawlURI:0.39666666666666667
KeyedQueue:0.27
UURI:0.24333333333333335
ServerCache:0.22
UURIFactory:0.15666666666666668
UURIFactoryTest:0.1
ExtractorHTMLTest:0.05
CrawlURITest:0.03333333333333333
