Musician:0.5433333333333333
RmiSWTWorkbenchBot:0.48
SarosRmiSWTWorkbenchBot:0.43666666666666665
ISarosState:0.4116666666666667
ISarosRmiSWTWorkbenchBot:0.2725396825396825
IRmiSWTWorkbenchBot:0.254484126984127
TestShareProject3Users:0.21
TestSVN:0.19666666666666666
SarosConditions:0.19333333333333333
TestBasicSarosElements:0.18666666666666668
TestFollowMode:0.14333333333333334
TestEditDuringInvitation:0.13833333333333334
SarosState:0.11666666666666667
TestShareProject:0.115
TestHandleContacts:0.105
SarosConstant:0.08
RmiTest:0.07666666666666666
isEditorActive:0.04666666666666667
isSessionclosed:0.04
isFilesEqual:0.02666666666666667
isViewActive:0.016666666666666666
ExistContextMenuOfTableItem:0.016666666666666666
IsShellClosed:0.006666666666666667
ExistTableItem:0.006666666666666667
