MapService:0.5977777777777779
MapContainer:0.5433333333333333
ManagementCenterService:0.25472222222222224
UpdateMapConfigOperation:0.24
GroupProperties:0.20833333333333334
Merger:0.15444444444444444
