AType:0.9066666666666666
LoopRegion:0.36333333333333334
MethodNode:0.3466666666666667
LoopInfo:0.27
RegionMaker:0.25666666666666665
BlockMakerVisitor:0.25666666666666665
RegionGen:0.2
AttributeStorage:0.18
NameGen:0.18
