BioMobyInputsWizard:0.49333333333333335
ExecuteMobyServiceAction:0.36
PrimaryArticlesPage:0.3466666666666667
MobyView:0.2966666666666667
SecondaryArticlesPage:0.13333333333333333
