DefinitionHelper:0.45
BinderHelper:0.38333333333333336
ObjectKeys:0.3765555555555556
WebKeys:0.3765555555555556
RelevanceDashboardHelper:0.30333333333333334
ListFolderHelper:0.24666666666666667
SearchUtils:0.19
AdvancedSearchController:0.17666666666666667
RelevanceAjaxController:0.13333333333333333
ViewEntryController:0.09333333333333334
ListProfilesController:0.09333333333333334
WorkspaceTreeHelper:0.09333333333333334
