AnnotationDiff:0.6766666666666666
TestAnnotationDiff:0.35
DocumentViewer:0.24
SortedTable:0.18333333333333332
TestGate:0.1511111111111111
