NestedLoopOperation:0.3933333333333333
RowSender:0.3433333333333333
LeftRowReceiver:0.2961111111111111
RightRowReceiver:0.24694444444444444
RowN:0.1877777777777778
NestedLoopOperationBenchmark:0.18666666666666668
NestedLoopOperationTest:0.15
InnerPreparer:0.13666666666666666
