CallCredentials:0.7255555555555555
GoogleAuthLibraryCallCredentials:0.5333333333333333
