MailUtil:0.8166666666666667
MailUtilTest:0.35333333333333333
