HazelcastServerCachingProvider:0.39
CacheProxy:0.33
Registration:0.31
CacheClearOperationFactory:0.27111111111111114
CacheLoadAllOperationFactory:0.27111111111111114
BasicCacheTest:0.26
CacheService:0.24666666666666667
CacheDataSerializerHook:0.23
CacheRecordStore:0.20666666666666667
ProxyManager:0.19666666666666666
CacheEventListenerAdaptor:0.19666666666666666
CacheEntryProcessorEntry:0.19305555555555554
ClusterWideIterator:0.185
HazelcastServerCacheManager:0.17
CachePutAllBackupOperation:0.16333333333333333
CacheClearBackupOperation:0.16333333333333333
CacheReplicationOperation:0.14333333333333334
ClientCacheProxy:0.11333333333333333
CacheEventFilterAdaptor:0.10833333333333334
