SimpleJobTests:0.6844444444444445
StepExecutorInterruptionTests:0.36666666666666664
