Property:0.8033333333333333
Type:0.42333333333333334
FileJavaDiscovery:0.12
Main:0.04
