HttpResponseCache:0.56
HttpResponseCacheTest:0.55
ResponseCacheAdapter:0.4266666666666667
ResponseCacheAdapterTest:0.23333333333333334
