XResourceLoader:0.5533333333333333
RawResourceLoader:0.42
PackageResourceLoader:0.28
RawResourceLoaderTest:0.24666666666666667
ResourcePath:0.17166666666666666
OverlayResourceLoader:0.12333333333333334
