ExploreAction:0.6683333333333333
EnableAction:0.43333333333333335
