Utility:0.7483333333333333
Transform:0.3333333333333333
