TestGoods:0.38333333333333336
Good:0.30333333333333334
GoodsManager:0.30333333333333334
AllJUnitTests:0.26666666666666666
GoodsUtil:0.2633333333333333
VehicleConfig:0.10666666666666667
