QueryEditorScene:0.52
LocalClassMetadataLightImpl:0.3
LocalClassMetadataImpl:0.2733333333333333
QueryBuilderTopComponent:0.23333333333333334
SimpleCriteriaNodeWidget:0.23
ClassNodeWidget:0.22
LocalAttributeMetadataImpl:0.17333333333333334
BooleanFilterNodeWidget:0.06
StringFilterNodeWidget:0.04666666666666667
NumericFilterNodeWidget:0.043333333333333335
DateFilterNodeWidget:0.02666666666666667
GraphicalQueryBuilderService:0.013333333333333334
QueryEditorNodeWidget:0.006666666666666667
