RequestInfo:0.5553452380952381
AjaxController:0.42
ImportIcalByFileDlg:0.4
GwtTeamingMessages:0.31666666666666665
ImportIcalByUrlDlg:0.2728333333333333
WebKeys:0.03305555555555555
