ReentrantReadWriteLockTest:0.415
AbstractQueuedLongSynchronizerTest:0.2833333333333333
AbstractQueuedSynchronizerTest:0.2833333333333333
ReentrantLockTest:0.2633333333333333
