Service:0.545
AnInterface:0.47633333333333333
SimpleXmlConverter:0.2763888888888889
ProtoConverterTest:0.22
WireConverterTest:0.22
RequestBuilder:0.2
JacksonConverterTest:0.18333333333333332
MoshiConverter:0.18333333333333332
SimpleXmlConverterTest:0.14333333333333334
MoshiConverterTest:0.14333333333333334
AnInterfaceSerializer:0.13194444444444442
GsonConverterTest:0.12666666666666668
AnImplementation:0.11666666666666667
AnInterfaceDeserializer:0.045
AnInterfaceAdapter:0.045
