QueryHitHost:0.48
Search:0.42833333333333334
SearchFilter:0.38
MsgQueryResponse:0.34594444444444444
ShareManager:0.28444444444444444
ConnectionEngine:0.24
QueryResultMonitor:0.22
SearchTreeTableModel:0.22
BrowseHostResults:0.19666666666666666
HostSpeedFormatUtils:0.11666666666666667
