TdsCore:0.4633333333333333
MSCursorResultSet:0.36
JtdsResultSet:0.35
PreparedStatementTest:0.25333333333333335
Test_JtdsDataSource_getConnection:0.22611111111111115
ConnectionJDBC2:0.20833333333333334
JtdsStatement:0.20666666666666667
CachedResultSet:0.20222222222222225
ResultSetTest:0.19
