RedissonMultiLock:0.4972222222222222
RedissonRedLock:0.4633333333333333
RedissonRedLockTest:0.22333333333333333
