MainScene:0.5266666666666666
Settlement:0.49
StateListener:0.3678888888888889
TabPanelDashboard:0.31666666666666665
UnitWindow:0.23666666666666666
MarsProjectFX:0.23333333333333334
TitlePanel:0.20666666666666667
BuildingManager:0.19833333333333333
SlidePaneFactory:0.18333333333333332
SlidingPanel:0.13666666666666666
TableStyle:0.13666666666666666
