QueryInfo:0.76
QueryRequest:0.5666666666666667
SearcherLogger:0.08333333333333333
