AtomAPIServlet:0.5233333333333333
BlojsomXMLRPCServlet:0.3516666666666667
