ScalePanel:0.53
AlignViewport:0.5166666666666667
ScaleCanvas:0.42888888888888893
