AbstractEntityTest:0.5
EnversTestingJtaBootstrap:0.43
JtaTransaction:0.2633333333333333
JtaExceptionListener:0.19333333333333333
