AsmCodeLock:0.44
GaAttachment:0.2763333333333334
AdviceWeaver:0.2733333333333333
GaServer:0.2733333333333333
ReflectAdviceListenerAdapter:0.25
TracingAsmCodeLock:0.051444444444444445
