CtrlArg:0.35333333333333333
CtrlCall:0.34833333333333333
CtrlTransition:0.25333333333333335
CtrlLabel:0.24666666666666667
