AdminService:0.7046666666666667
TxmUser:0.46
AdminServiceImpl:0.29333333333333333
Profile:0.25666666666666665
AdminTab:0.22333333333333333
AdminServiceAsync:0.19416666666666665
DumpDataTab:0.12
