ApplicationEntityManager:0.76
WebserviceBeanImpl:0.38333333333333336
ApplicationEntityManagerImpl:0.35
WebserviceBean:0.30333333333333334
KuwaibaService:0.2966666666666667
