WebSocketImpl:0.49
Draft:0.4866666666666667
Base64:0.47
AbstractWrappedByteChannel:0.30333333333333334
Draft_10:0.24
Draft_76:0.23333333333333334
SocketChannelIOHelper:0.20333333333333334
WebSocketAdapter:0.19666666666666666
WebSocketServer:0.19
InputStream:0.19
WebSocketWorker:0.17966666666666667
DefaultWebSocketServerFactory:0.10666666666666667
