LogElementPresentation:0.5766666666666667
GraphHistoryBuilder:0.47333333333333333
