JadxDecompiler:0.49
BinaryXMLParser:0.4266666666666667
IJadxArgs:0.21661111111111112
JadxCLIArgs:0.21333333333333335
IntegrationTest:0.20222222222222222
DefaultJadxArgs:0.18
