StackFrame:0.4766666666666667
Contract:0.36333333333333334
Operand:0.2925
ContractVerifier:0.26
VarRef:0.19666666666666666
TestContracts:0.14833333333333334
ContractOr:0.10333333333333333
ContractAnd:0.10333333333333333
PostCond:0.07666666666666666
Interval:0.07333333333333333
SimpleContract:0.06
EmptyContract:0.05333333333333334
Functor:0.02666666666666667
ClassRef:0.016666666666666666
Const:0.016666666666666666
