TestQueries:0.5991666666666666
SqlQueryWorker:0.37
AbstractSqlBenchmark:0.30666666666666664
