AgentZooKeeperRegistrar:0.34
AgentConfig:0.33
ZooKeeperMasterModel:0.29
SystemTestBase:0.28
HostInfoReporter:0.2405793650793651
AgentService:0.21
AgentParser:0.19333333333333333
DeregisterTest:0.11
