PeerExecutionRunnable:0.7372936507936508
FetchBlock:0.22994444444444445
