Builder:0.5266666666666666
AuthenticatingHttpConnector:0.4
AuthenticatingHttpConnectorTest:0.36666666666666664
