Project:0.66
Log:0.37666666666666665
ProjectXMLHelper:0.36333333333333334
ProjectXMLHelperTest:0.23
CruiseControlController:0.22088888888888894
CruiseControlControllerTest:0.185
