TermTable:0.4066666666666667
AddSequence:0.23666666666666666
ImportTermSynonymsFromGo:0.21777777777777782
AddTerm:0.21666666666666667
AddSequenceI:0.21
AddPubmedPubSource:0.19333333333333333
AddNucleotideSequence:0.18222222222222223
GoSynonymTerm:0.1761111111111111
PubSourceTable:0.09666666666666666
PubSourceAliasTable:0.09333333333333334
