PyFile:0.5766666666666667
BaseSet:0.395
PyTimeTuple:0.2733333333333333
AbstractReference:0.15666666666666668
