Batch:0.6283333333333333
WaitDialog:0.44333333333333336
DocumentViewer:0.3333333333333333
