MockClientConnectionManager:0.34
MockConnectionManager:0.31
Logger:0.29
ClientConnectionManagerImpl:0.2866666666666667
DroppingConnection:0.19666666666666666
TestHazelcastFactory:0.14666666666666667
MockClientConnectionManagerFactory:0.13333333333333333
TestClientRegistry:0.10666666666666667
