MMFF94ParametersCall:0.66
AngleBending:0.39666666666666667
BondStretching:0.27
Torsions:0.26666666666666666
StretchBendInteractions:0.24666666666666667
