StandardDatabaseMetaDataDialectResolverTest:0.36
StandardDatabaseInfoDialectResolver:0.3169444444444444
DialectFactoryTest:0.2866666666666667
StrategySelectorBuilder:0.2866666666666667
