JsonView:0.6033333333333334
GetCommitMessageController:0.27666666666666667
GetCommitMessageControllerTest:0.26666666666666666
ActiveBuildPageTest:0.19333333333333333
