DBCollection:0.45
MongoCollectionImpl:0.27666666666666667
FindAndUpdateOperation:0.25333333333333335
FindAndReplaceOperation:0.25333333333333335
FindOneAndReplaceOptions:0.24
FindOneAndUpdateOptions:0.24
FindAndReplaceAcceptanceTest:0.13333333333333333
FindAndUpdateAcceptanceTest:0.12666666666666668
