User:0.69
Domain:0.4
PasswordDigestAuthenticationHandlerTest:0.24333333333333335
PasswordAuthenticationHandler:0.21722222222222223
PasswordDigestAuthenticationHandler:0.1988888888888889
PasswordAuthenticationHandlerTest:0.14
