AbsFunction:0.45666666666666667
CollectionAverageFunction:0.43666666666666665
CollectionCountFunction:0.43666666666666665
