IoUtil:0.3233333333333333
AeronTest:0.29
ClientAdminThread:0.27666666666666667
Receiver:0.22
BasicBufferUsageStrategy:0.16333333333333333
SharedDirectories:0.13666666666666666
Buffers:0.09666666666666666
