Project:0.7466666666666667
ProjectTest:0.32666666666666666
ProjectController:0.2833333333333333
