WxXmlMessage:0.8233333333333334
WxConsts:0.25594227994228
