PrintHierarchy:0.5733333333333334
TreeSample:0.49333333333333335
