Result:0.84
jOOQAbstractTest:0.43333333333333335
ResultImpl:0.3933333333333333
