ClobImpl:0.38333333333333336
ConnectionJDBC2:0.37666666666666665
TdsData:0.36
ParamInfo:0.29722222222222217
