BinderHelper:0.7466666666666667
ListFolderHelper:0.4033333333333333
AdvancedSearchController:0.25666666666666665
ListFolderController:0.16333333333333333
