AttributeType:0.7
Timeslots:0.38666666666666666
TypeTableModel:0.2833333333333333
XmlSave:0.19666666666666666
XmlParser:0.13333333333333333
AttributeTypeEditDialog:0.13333333333333333
SaveAction:0.056666666666666664
