TableTemplate:0.38666666666666666
CsvLoader:0.36
IDataLoaderContext:0.33916666666666667
DataLoaderContext:0.25333333333333335
