SeqFeature:0.6533333333333333
FeatureSet:0.31666666666666665
FlexibleFeatureTierManager:0.28
ResidueProperties:0.2633333333333333
EnsemblDbDialog:0.21666666666666667
Transcript:0.18083333333333335
SyntenyMenu:0.12
