Cas30ResponseViewTests:0.6608333333333334
CasCoreAuthenticationSupportConfiguration:0.42333333333333334
Cas20ResponseViewTests:0.33
