NodeEngine:0.6027777777777777
ClientEngine:0.40166666666666667
NodeEngineImpl:0.3933333333333333
ClassDefinitionImpl:0.32666666666666666
PartitionInfo:0.31333333333333335
ClassDefinitionBuilder:0.27
SerializationServiceImpl:0.21
ClientEngineImpl:0.20666666666666667
MapService:0.2
PartitionServiceImpl:0.17333333333333334
PortableTest:0.11333333333333333
AuthenticationRequest:0.0972222222222222
PortableSerializer:0.08611111111111112
PartitionDataSerializerHook:0.0
