Project:0.5033333333333333
LabelIncrementer:0.48333333333333334
EmptyLabelIncrementer:0.24333333333333335
DefaultLabelIncrementerTest:0.17
DefaultLabelIncrementer:0.11694444444444443
CVSLabelIncrementerTest:0.10333333333333333
