AbstractAPIDemo:0.43666666666666665
APIDemos:0.35
APIMapsDemo:0.32555555555555554
