OffsetNodeLocator:0.5466666666666666
DefaultTypeInferrer:0.43333333333333335
NodeLocator:0.33
FirstPrecursorNodeLocator:0.31333333333333335
