BatchIteratorTester:0.6630555555555556
RowsBatchIteratorTest:0.49813888888888885
