TestMinMaxByAggregation:0.7280555555555556
AbstractMinMaxBy:0.32
TwoNullableValueStateMapping:0.21666666666666667
