Functions:0.7366666666666667
SQLConverter:0.6133333333333333
FunctionsTest:0.32
