CastorTest:0.48
NameInjector:0.2
String2Number:0.17666666666666667
ObjectPairInjectorTest:0.15666666666666668
