LabelTree:0.6841666666666667
ExplorationTest:0.6394444444444445
