NewSpectrumFileWizardPage:0.6033333333333334
NewSpectrumWizard:0.4666666666666667
