OLParser:0.44333333333333336
OLVisitor:0.3325
SemanticVerifier:0.30666666666666664
ServiceInfo:0.21666666666666667
Scanner:0.20777777777777778
AbstractParser:0.2
OptimizerVisitor:0.18
PortInfo:0.17333333333333334
SubRoutineNode:0.141
SolicitResponseOperationStatement:0.13
NotificationOperationStatement:0.11
EmbeddedServiceNode:0.11
InputPortInfo:0.08666666666666667
OutputPortInfo:0.06
SubRoutineCallStatement:0.06
