CollectionUtils:0.40996031746031747
ReflectionUtils:0.38
MutableTestExecutionSummary:0.2975
TestDescriptor:0.29
DiscoverySelectors:0.23666666666666666
TestExecutionResult:0.19944444444444445
CollectionUtilsTests:0.06833333333333333
