WebXmlMappableAttributesRetriever:0.5866666666666667
WebXmlJ2eeDefinedRolesRetrieverTests:0.30666666666666664
MyEntityResolver:0.03
