ApplicationContextCreator:0.6083333333333333
ContextLoaderListener:0.38333333333333336
ApplicationContextCloser:0.36666666666666664
