NettyHttpServerTransport:0.34
Security:0.25833333333333336
NettyHttpChannel:0.21888888888888886
PortsRange:0.17
NettyHttpChannelTests:0.14333333333333334
CorsRegexIT:0.14
HttpPublishPortIT:0.13666666666666666
DetailedErrorsDisabledIT:0.13666666666666666
HttpRequestHandler:0.13333333333333333
