TemperatureDial:0.63
MainScene:0.5266666666666666
ChatBox:0.2833333333333333
Flyout:0.2733333333333333
TableStyle:0.27
RelationshipTableModel:0.21944444444444447
TabPanelSocial:0.21
BarChartDemo7:0.19666666666666666
TabPanelHealth:0.05333333333333334
FrostedPanel:0.0
