ITask:0.571111111111111
CheckUtil:0.37333333333333335
DownloadTask:0.3566666666666667
UListener:0.2683333333333333
DListener:0.2683333333333333
UploadTask:0.21166666666666667
DownloadUtil:0.20583333333333334
AbsTarget:0.2
UploadUtil:0.19666666666666666
Builder:0.17333333333333334
AbsCmd:0.14333333333333334
CancelCmd:0.06333333333333334
StopCmd:0.06333333333333334
AddCmd:0.03666666666666667
StartCmd:0.03666666666666667
