MouseEventQueue:0.46866666666666673
EventQueue:0.44333333333333336
