BigArrays:0.5366666666666666
BigArray:0.3878888888888889
MockBigArrays:0.23
AbstractBigArray:0.21666666666666667
BigArraysTests:0.18666666666666668
Single:0.15666666666666668
WithOrdinals:0.11666666666666667
DoubleArrayWrapper:0.11333333333333333
SingleFixedSet:0.11333333333333333
FloatArrayWrapper:0.11333333333333333
ByteArrayWrapper:0.11333333333333333
IntArrayWrapper:0.11333333333333333
LongArrayWrapper:0.11333333333333333
GeoPointDoubleArrayIndexFieldData:0.09333333333333334
BigLongArray:0.08333333333333333
BigFloatArray:0.08333333333333333
BigDoubleArray:0.08333333333333333
BigIntArray:0.08333333333333333
BigByteArray:0.08333333333333333
BigObjectArray:0.07666666666666666
ObjectArrayWrapper:0.07333333333333333
AbstractArray:0.04
AbstractArrayWrapper:0.03666666666666667
