ClassMetadata:0.5366666666666666
ClassMetadataLight:0.37333333333333335
Util:0.3333333333333333
MetadataEntityManagerImpl:0.31666666666666665
CacheManager:0.21
XMLBackupReader:0.197
