TraceLogger:0.4852380952380953
NativeSQLQueryReturn:0.4527936507936508
NativeSQLQueryScalarReturn:0.36333333333333334
Util:0.2966666666666667
ResultSetMappingDefinition:0.2633333333333333
NativeSQLQueryNonScalarReturn:0.23
NativeSQLQueryConstructorReturn:0.08
