GwtServerHelper:0.5733333333333334
PerUserShareRightsInfo:0.51
GwtRpcServiceImpl:0.29
SetUserSharingRightsInfoCmd:0.23333333333333334
