SWTTestCase:0.8866666666666667
SWTTestSuite:0.4066666666666667
MenuInfo:0.12166666666666667
