MoleculeKU:0.7
WriteResultsAsHTML:0.24666666666666667
AtomComparator:0.22333333333333333
rankedlabelgenerator:0.14333333333333334
