AzureComputeServiceImpl:0.3466666666666667
Azure:0.32277777777777783
AzureUnicastHostsProvider:0.24666666666666667
AzureComputeService:0.23666666666666666
AzureComputeServiceTwoNodesMock:0.11666666666666667
AzureSettingsFilter:0.10333333333333333
Fields:0.08333333333333333
AzureComputeServiceSimpleMock:0.06333333333333334
AzureTwoStartedNodesTest:0.04666666666666667
AzureSimpleTest:0.03333333333333333
