FtpVFS:0.8366666666666667
DirectoryCache:0.4066666666666667
FtpAddress:0.21666666666666667
