RemotePreferences:0.4666666666666667
WeasisLauncher:0.4599999999999999
AbstractDragGraphicArea:0.43333333333333335
