CSSStyleDeclaration:0.63
HTMLElement:0.3233333333333333
ProxyAutoConfig:0.3011111111111111
HtmlMeta:0.17333333333333334
