Fiber:0.6083333333333333
InstrumentMethod:0.37333333333333335
QuasarInstrumentor:0.2633333333333333
InstrumentationOptimizerTest:0.14333333333333334
FrameInfo:0.11666666666666667
