ClientEndpoint:0.74
ClientEndpointImpl:0.46
ClientEngineImpl:0.29
ClientHeartbeatMonitor:0.22
ClientOwnershipTest:0.19333333333333333
ConnectionListenerImpl:0.12666666666666668
