ServletDefinition:0.5833333333333334
UriPatternMatcher:0.2570714285714286
FilterDefinition:0.22833333333333333
ServletPipelineRequestDispatcherTest:0.22666666666666666
ServletDefinitionPathsTest:0.20333333333333334
ServletKeyBindingBuilderImpl:0.13666666666666666
FilterKeyBindingBuilderImpl:0.13666666666666666
ServletStyleUriPatternMatcher:0.13
ServletDefinitionTest:0.12333333333333334
RegexUriPatternMatcher:0.06
