PDBReaderTest:0.8033333333333333
MstandardTests:0.44666666666666666
