AnnotationBinder:0.49
BinderHelper:0.43
TableGenerator:0.41333333333333333
IdentifierGenerator:0.3775
SequenceStyleGenerator:0.17666666666666667
AvailableSettings:0.12883333333333333
IdBagBinder:0.11333333333333333
