CasWebflowContextConfiguration:0.56
NoOpCipherExecutor:0.31666666666666665
ShiroCipherExecutor:0.30666666666666664
