ExtenderConfiguration:0.48333333333333334
ConfigUtils:0.3433333333333333
ContextLoaderListener:0.33666666666666667
ExtenderBootstrapTest:0.33055555555555555
ApplicationContextConfiguration:0.23333333333333334
