XMPPChatTransmitter:0.5133333333333333
JingleFileTransferSession:0.49666666666666665
JingleFileTransferManager:0.28
FileMediaManager:0.22333333333333333
IJingleFileTransferListener:0.06
