ReflectUtil:0.6423333333333333
ClassLoaderUtil:0.44666666666666666
JoddCore:0.0
