BaseNDArray:0.61
ArrayUtil:0.44666666666666666
MnistDataFetcher:0.23744444444444446
NDArrayTests:0.23
RBMTest:0.20333333333333334
LossFunctions:0.056666666666666664
