Report:0.6266666666666667
WindowManager:0.51
Options:0.44
Output:0.43
ReportView:0.36
ReportList:0.23333333333333334
OutputWriter:0.21
DefaultWindowManager:0.16666666666666666
ActionSave:0.15
Callback:0.13
Startup:0.12666666666666668
ActionRun:0.11
ReportSelector:0.10583333333333333
Workbench:0.10333333333333333
ActionStart:0.09666666666666666
ActionOptions:0.09666666666666666
CategoryList:0.08666666666666667
ReportDetail:0.013333333333333334
EditorHyperlinkSupport:0.0
