NGramTokenizer:0.6166666666666667
NGramTokenizerFactory:0.3566666666666667
NGramTokenizerTest:0.013333333333333334
