MigratableHandler:0.73
NioChannelWriter:0.34
IOBalancerStressTest:0.25666666666666665
LoadTracker:0.253
LoadTrackerTest:0.17666666666666667
NioChannelReader:0.15833333333333333
LoadImbalance:0.15666666666666668
EventCountBasicMigrationStrategy:0.10666666666666667
