Node:0.6833333333333333
BoundedLocalCache:0.49666666666666665
LocalCacheGenerator:0.36
BoundedLocalCacheTest:0.28
NodeGenerator:0.25666666666666665
FrequencySketch:0.24666666666666667
IsValidBoundedLocalCache:0.21666666666666667
FrequencySketchTest:0.2
UpdateTask:0.18833333333333332
RemovalTask:0.11333333333333333
Specifications:0.04
