RubyPlugin:0.6433333333333333
PreferenceConstants:0.34
PreferencesMessages:0.275
RubyEditorAppearanceConfigurationBlock:0.22666666666666666
