RouterService:0.7633333333333333
SymmetricLauncher:0.38
BshDataRouter:0.23833333333333334
