StringPartitioningStrategy:0.71
Config:0.54
AbstractDistributedObject:0.20333333333333334
ClientProxy:0.19
ClientTxnProxy:0.14666666666666667
IdGeneratorProxy:0.13666666666666666
StringAndPartitionAwarePartitioningStrategy:0.10666666666666667
