Nav:0.6266666666666667
NavigatorPlugin:0.37666666666666665
Navigator:0.29
NavPosition:0.21666666666666667
