ReflectUtil:0.7066666666666667
BeanUtilBean:0.39
BeanProperty:0.3583333333333333
BeanException:0.3061111111111111
MethodDescriptor:0.27
ClassDescriptor:0.25
BeanUtilUtil:0.23333333333333334
FieldDescriptor:0.22666666666666666
IntrospectorGenericsTest:0.11666666666666667
MethodParameterType:0.07333333333333333
