TendGreenhouse:0.7533333333333333
Crop:0.5533333333333333
