FakeClock:0.64
ManagedChannelImplTest:0.27
ConnectivityStateManagerTest:0.24333333333333335
TransportSetTest:0.21333333333333335
ManagedChannelImplIdlenessTest:0.18
ContextsTest:0.175
