MultiLayerNetwork:0.4533333333333333
BasePretrainNetwork:0.38333333333333336
Builder:0.3466666666666667
RBM:0.2866666666666667
PretrainParamInitializer:0.28
LayerUpdater:0.24
NeuralNetConfiguration:0.21333333333333335
BaseLayer:0.20666666666666667
NeuralNetConfigurationTest:0.195
RBMTests:0.18
