XContentBuilder:0.58
TaskInfo:0.44666666666666666
Task:0.25333333333333335
TransportTasksActionTests:0.18666666666666668
