Util:0.6633333333333333
ByteString:0.5366666666666666
ByteStringTest:0.3566666666666667
