MinDocQuery:0.6166666666666667
MinDocIterator:0.185
QueryPhaseTests:0.09333333333333334
