HttpRemoteTask:0.53
QueryManagerConfig:0.5166666666666667
RequestErrorTracker:0.22666666666666666
TestQueryManagerConfig:0.17666666666666667
HttpRemoteTaskFactory:0.13666666666666666
