ConsoleLauncher:0.36333333333333334
ConsoleLauncherWrapper:0.31
DiscoverySelectors:0.27666666666666667
ConsoleLauncherIntegrationTests:0.17
ConsoleLauncherTests:0.15666666666666668
ConsoleLauncherWrapperResult:0.13333333333333333
