KeymapManager:0.5702222222222222
Keymap:0.5092777777777777
KeymapManagerImpl:0.41333333333333333
KeymapImpl:0.23666666666666666
KeymapFileFilter:0.05055555555555556
