ShopContent:0.7066666666666667
ShopVariant:0.6633333333333333
