Cooking:0.5366666666666666
PhysicalCondition:0.49333333333333335
Settlement:0.4266666666666667
PreparingDessert:0.4166666666666667
PrepareDessert:0.26666666666666666
Ingredient:0.25
MainWindow:0.22666666666666666
EatMeal:0.22333333333333333
EatDessert:0.20666666666666667
GoodsManager:0.2
HotMeal:0.18333333333333332
CookMeal:0.18166666666666667
CookedMeal:0.16666666666666666
EatDessertMeta:0.13333333333333333
ProduceFoodMeta:0.12666666666666668
EatMealMeta:0.12333333333333334
PrepareDessertMeta:0.11833333333333333
CookMealMeta:0.115
PreparedDessert:0.09666666666666666
TabPanelCooking:0.06
Chemist:0.03
