RestClient:0.5866666666666667
RestClientBuilder:0.31
RestClientSingleHostTests:0.19666666666666666
RestClientBuilderTests:0.15
RestClientMultipleHostsTests:0.13333333333333333
RestClientIntegTests:0.07666666666666666
