Wildcard:0.7861111111111111
IOTest:0.4066666666666667
