TestSets:0.5066666666666667
TestBasicSemanticErrors:0.45
TestToolSyntaxErrors:0.44333333333333336
