PlayTest:0.5433333333333333
BasicTest:0.11333333333333333
