OsgiServiceFactoryBean:0.4666666666666667
BeanNameServicePropertiesResolver:0.19633333333333333
TestBundle:0.15666666666666668
RankingComparator:0.14527777777777778
BundleDependencyComparatorTest:0.14333333333333334
ServiceBeanDefinitionParser:0.12
BeanNameServicePropertiesResolverTest:0.12
IdComparator:0.10861111111111109
BundleDependencyComparator:0.09666666666666666
