XCPDInitiatingGateway:0.49666666666666665
XCPDGatewayRequestHandler:0.4066666666666667
XCPDRespondingGatewayRequestHandler:0.32
XCPDRespondingGateway:0.30666666666666664
GatewayCallable:0.13666666666666666
