X3DParser:0.4633333333333333
CoordinateImport:0.3433333333333333
TextureCoordinateImport:0.21666666666666667
NormalImport:0.21666666666666667
SpotLightImport:0.19333333333333333
BoxImport:0.19333333333333333
ConeImport:0.19333333333333333
TriangleSet2DImport:0.19333333333333333
TextureTransformImport:0.19333333333333333
ImageTextureImport:0.19333333333333333
PointLightImport:0.19333333333333333
Rectangle2DImport:0.19333333333333333
Polyline2DImport:0.19333333333333333
DirectionalLightImport:0.19333333333333333
CylinderImport:0.19333333333333333
MaterialImport:0.19333333333333333
Polypoint2DImport:0.19333333333333333
Arc2DImport:0.19333333333333333
SphereImport:0.19333333333333333
TransformImport:0.19333333333333333
Circle2DImport:0.19333333333333333
ExtrusionImport:0.19333333333333333
ShapeImport:0.1575
GroupImport:0.1575
LineSetImport:0.13333333333333333
InlineImport:0.13333333333333333
IndexedLineSetImport:0.11666666666666667
PointSetImport:0.11666666666666667
TriangleSetImport:0.11333333333333333
TriangleFanSetImport:0.11333333333333333
IndexedTriangleSetImport:0.11333333333333333
ElevationGridImport:0.11333333333333333
IndexedTriangleFanSetImport:0.11333333333333333
IndexedFaceSetImport:0.11333333333333333
IndexedTriangleStripSetImport:0.11333333333333333
TriangleStripSetImport:0.11333333333333333
AppearanceImport:0.10666666666666667
ColorImport:0.08666666666666667
