MultiLayerNetwork:0.43333333333333335
Model:0.2833333333333333
TestUpdaters:0.2733333333333333
BarnesHutTsne:0.24
BaseLayer:0.24
BaseOptimizer:0.23666666666666666
BatchNormalization:0.23666666666666666
RastriginFunctionModel:0.22166666666666668
SphereFunctionModel:0.22166666666666668
RosenbrockFunctionModel:0.22166666666666668
BasePretrainNetwork:0.13
