XMLHttpRequest:0.4626666666666667
WebTestCase:0.45666666666666667
JavaScriptEngine:0.43333333333333335
DownloadBehaviorDownloader:0.13666666666666666
HtmlUnitContextAction:0.07333333333333333
