DataContext:0.6522777777777777
SqlDataWriter:0.4166666666666667
IDataWriter:0.35744444444444445
DataProcessor:0.3333333333333333
JdbcSqlTransaction:0.31666666666666665
IDataReader:0.2996666666666667
Settings:0.15333333333333332
ISqlTransaction:0.14416666666666667
IDataResource:0.03
