Request:0.65
Spark:0.6208333333333333
MatcherFilter:0.36666666666666664
Service:0.33
RequestResponseFactory:0.205
GeneralError:0.16
