Origin:0.8688888888888887
OriginTest:0.11666666666666667
