Messages:0.66
SWTChartsComponentProvider:0.4
CorrespondanceAnalysisEditorInput:0.23666666666666666
SingularValuesEditor:0.2227777777777778
ApplicationWorkbenchAdvisor:0.22
JFCChartsSWTComponentsProvider:0.21
CAPreferencePage:0.17333333333333334
CASingularValueLabelProvider:0.16
ChartsEnginePreferencePage:0.15
ExportSVG:0.13
SWTComponentsProviderMessages:0.11666666666666667
CAHPreferencePage:0.05333333333333334
DiagnosticPreferencePage:0.05
