NonStrictReadWriteAccessDelegate:0.36666666666666664
ReadWriteAccessDelegate:0.26
AbstractAccessDelegate:0.26
HazelcastClientLoader:0.22083333333333333
