Stream:0.6616666666666666
Nil:0.58
Cons:0.37583333333333335
StreamTest:0.27
