InternalAggregationTestCase:0.6266666666666667
InternalChildrenTests:0.35333333333333333
