jq_Class:0.5166666666666667
ClassLibInterface:0.33
jq:0.24
jq_Field:0.23666666666666666
jq_Method:0.22666666666666666
Delegate:0.18366666666666667
BootstrapRootSet:0.17666666666666667
NullInterfaceImpl:0.14
Bootstrapper:0.10333333333333333
InterfaceImpl:0.08
