EditorObject:0.4066666666666667
TestDriverSavesFiles:0.30666666666666664
ExistNoInvitationProgress:0.2966666666666667
TestDriverResetsFiles:0.20666666666666667
