ActorRefDelegate:0.44333333333333336
ActorRefImpl:0.34
LocalActor:0.31
ServerActor:0.255
Local:0.22733333333333333
ServerImpl:0.18666666666666668
ActorUtil:0.17333333333333334
BehaviorImpl:0.16666666666666666
