ResourceUtil:0.5
Share:0.28
AbstractResource:0.24666666666666667
AbstractBinderResource:0.24333333333333335
SelfResource:0.23
LinkUriUtil:0.21333333333333335
ShareResource:0.16666666666666666
UserResource:0.15583333333333332
SearchResultBuilderUtil:0.11333333333333333
SharedBinderBrief:0.07
SharedFileProperties:0.07
SharedFolderEntryBrief:0.07
