DigitalObject:0.7522222222222222
BasicDigitalObject:0.5833333333333334
