SoundPlayerThread:0.46
SoundPlayer:0.43333333333333335
FreeColClient:0.36666666666666664
PreGameController:0.2511111111111111
