ServerDescription:0.6133333333333333
ReadPreference:0.44666666666666666
ClusterDescription:0.36666666666666664
TaggableReadPreference:0.31666666666666665
Builder:0.30666666666666664
DescriptionHelper:0.23666666666666666
MultiServerCluster:0.23333333333333334
SingleServerCluster:0.23
CompositeServerSelector:0.21333333333333335
ConnectionString:0.21
BaseCluster:0.18
PrimaryReadPreference:0.17333333333333334
ServerDescriptionTest:0.16333333333333333
ServerSelectionSelectionTest:0.14
ClusterDescriptionTest:0.11666666666666667
PrimaryPreferredReadPreference:0.06333333333333334
SecondaryPreferredReadPreference:0.06333333333333334
NearestReadPreference:0.06
SecondaryReadPreference:0.06
SingleServerClusterTest:0.049166666666666664
TestServerSelector:0.03333333333333333
CompositeServerSelectorTest:0.0
