CmpConfiguration:0.47333333333333333
UnidFnrHandler:0.32666666666666666
RequestMessageSubjectDnAdapter:0.22666666666666666
StressTest:0.21666666666666667
MyStorage:0.15411111111111112
ExtendedUserDataHandler:0.13214285714285712
CrmfMessageHandler:0.11333333333333333
UnidFnrHandlerTest:0.0
