DataStatementAnalyzer:0.32666666666666666
UnassignedShardsCollectService:0.31
NullUnassignedShardCollectorExpression:0.27655555555555555
SubscriptContext:0.25333333333333335
UnassignedShardsReferenceResolver:0.19333333333333333
UnassignedShardsCollectServiceUnitTest:0.15333333333333332
SubscriptVisitor:0.15
TransportSQLActionSingleNodeTest:0.11666666666666667
UnassignedShardCollectorExpression:0.10527777777777778
