CommunicationsStub:0.5033333333333333
LocalEdge:0.33666666666666667
LocalObjectLightImpl:0.26666666666666666
LocalObjectView:0.17277777777777778
LocalSession:0.11333333333333333
Installer:0.09666666666666666
