GoodsManager:0.7166666666666667
Settlement:0.4866666666666667
