Article:0.33644444444444443
ArticleQueryService:0.32
Filler:0.2966666666666667
ArticleMgmtService:0.24333333333333335
Common:0.1670952380952381
