RaptorPlugin:0.61
RaptorConnectorFactory:0.48333333333333334
RaptorBenchmarkQueryRunner:0.24
TestRaptorPlugin:0.17333333333333334
