DomNode:0.7482777777777778
HtmlElementTest:0.4352777777777778
