Gun:0.3933333333333333
Vehicle:0.31666666666666665
Radio:0.3161111111111111
Unit:0.30333333333333334
Infantry:0.29333333333333333
VehicularMG:0.20777777777777778
SLTreeCellRenderer:0.10666666666666667
