PrintInfo:0.30111194
TextPrintInfo:0.2612848
ImagePrintInfo:0.12720743
