DatabaseConfiguration:0.6216666666666667
SessionFactoryFactory:0.30333333333333334
DBIFactory:0.2
