ResourceLoader:0.6466666666666666
DirectoryMatchingFileFilter:0.42
ViewLoader:0.32666666666666666
ResourceLoaderTest:0.2633333333333333
AndroidResourcePathFinder:0.15333333333333332
