KeyChain:0.6922777777777778
Wallet:0.5033333333333333
BasicKeyChain:0.3333333333333333
DeterministicKeyChain:0.29
KeyChainGroup:0.2833333333333333
