HttpSecurityBeanDefinitionParserTests:0.37333333333333335
HttpSecurityConfigPostProcessor:0.36666666666666664
BeanIds:0.32777777777777783
X509BeanDefinitionParser:0.25666666666666665
X509PreAuthenticatedProcessingFilter:0.25666666666666665
FilterChainOrder:0.2175
HttpSecurityBeanDefinitionParser:0.16333333333333333
Elements:0.014285714285714285
