TextureAtlas:0.7833333333333333
TextureAtlasTest:0.22666666666666666
Animation:0.17333333333333334
LwjglDebugStarter:0.13333333333333333
