RubyClass:0.52
RubyParsedComponent:0.49
RubyFile:0.3333333333333333
TC_Tree:0.19666666666666666
RubyMethod:0.008981481481481483
RubyInstanceVariable:0.008981481481481483
RubyClassVariable:0.008981481481481483
