AbstractTestQueries:0.7166666666666667
TypeRegistry:0.41333333333333333
FunctionRegistry:0.2733333333333333
ServerMainModule:0.19333333333333333
TestingBlockEncodingManager:0.14333333333333334
