Robolectric:0.635
ViewGroupTest:0.3233333333333333
ShadowView:0.3233333333333333
ShadowViewGroup:0.25916666666666666
ViewTest:0.18666666666666668
RobolectricPackageManager:0.17
FragmentActivityTest:0.14666666666666667
WebViewTest:0.14333333333333334
ShadowWebView:0.12
TestFragment:0.10111111111111111
ShadowFragmentActivity:0.10111111111111111
TestFragmentActivity:0.03888888888888889
RobolectricPackageManagerTest:0.03333333333333333
