DefaultShader:0.45666666666666667
ModelBatch:0.35
DepthShader:0.3333333333333333
GLES10Shader:0.2833333333333333
Group:0.20666666666666667
DefaultShaderProvider:0.19333333333333333
ObjLoader:0.19166666666666668
DepthShaderProvider:0.145
MtlLoader:0.14333333333333334
Config:0.12333333333333334
Renderable:0.0
