EventHandler:0.8094444444444445
SelectSeqRegionHandler:0.3566666666666667
