CMap:0.65
ConcurrentMapManager:0.46
CMapEntry:0.43333333333333335
MapIterateKeysHandler:0.20666666666666667
MapIterateEntriesHandler:0.20666666666666667
GetMapEntryOperationHandler:0.17
GetDataRecordEntryOperationHandler:0.17
MergeOperationHandler:0.14
MIterate:0.13
UnlockOperationHandler:0.12666666666666668
MIterateLocal:0.10666666666666667
