ContextImpl:0.57
VertxImpl:0.49
BlockingAction:0.20666666666666667
VertxInternal:0.19916666666666666
WorkerExecutorImpl:0.16111111111111112
ContextInternal:0.145
