BusinessService:0.5167222222222222
MapBasedMethodDefinitionSource:0.43833333333333335
GlobalMethodSecurityBeanDefinitionParserTests:0.30333333333333334
ProtectPointcutPostProcessor:0.24333333333333335
BusinessServiceImpl:0.24
Jsr250BusinessServiceImpl:0.13333333333333333
