GetUserRequest:0.24
DeleteUserRequest:0.24
GetGroupRequest:0.24
DeleteGroupRequest:0.24
GetGroupsRequest:0.23866666666666664
GetUsersRequest:0.23866666666666664
GetRequestFactory:0.21333333333333335
BaseGetRequest:0.18666666666666668
