ClientHeapNearCache:0.51
ClientMapNearCacheTest:0.5066666666666667
NearCacheRecord:0.41
NearCacheTest:0.19333333333333333
