SocketChannelWrapper:0.6966666666666667
SSLSocketChannelWrapper:0.32666666666666666
DefaultSocketChannelWrapper:0.245
WriteHandler:0.23
ConnectionTest:0.19
BasicSSLContextFactory:0.18666666666666668
EncryptionTest:0.16
SocketConnector:0.12666666666666668
SocketAcceptor:0.12333333333333334
SSLSocketFactory:0.08666666666666667
