SubversionHistoryParser:0.6833333333333333
SubversionHistoryParserTest:0.37333333333333335
