OpenInEditorAction:0.7886111111111112
NmrshiftdbUtils:0.4333888888888888
