DocumentWithIncluding:0.8733333333333333
MultipleDocumentsInOneProvider:0.44666666666666666
