HtmlRadioButtonInput:0.30666666666666664
HtmlCheckBoxInput:0.2866666666666667
HtmlRadioButtonInput2Test:0.22
HtmlCheckBoxInput2Test:0.22
HtmlFileInput2Test:0.20333333333333334
HtmlSubmitInputTest:0.20333333333333334
HtmlSubmitInput:0.14666666666666667
HtmlResetInput:0.14
HtmlPasswordInputTest:0.13
HtmlImageInput2Test:0.12
HtmlTextInput2Test:0.12
HtmlButtonInput2Test:0.12
HtmlResetInput2Test:0.12
HtmlHiddenInputTest:0.12
