SubmitStartProcessFormAction:0.6122222222222222
StartProcessInstanceAction:0.21166666666666667
