Manager:0.42
Socket:0.3433333333333333
IO:0.21816666666666668
Decoder:0.14
Parser:0.12333333333333334
Encoder:0.056666666666666664
Options:0.03
BinaryReconstructor:0.023333333333333334
