DependencyTest:0.5233333333333333
OsgiServiceDynamicInterceptor:0.31333333333333335
ApplicationContextCreator:0.22333333333333333
DependentImpl:0.18
