BasePythonTest:0.6797222222222223
BaseJavaTest:0.5414444444444444
