Tab:0.668888888888889
InvoiceDetailsWithSectionsTest:0.06333333333333334
