CrawlHost:0.53
CrawlURI:0.5033333333333333
SimpleStore:0.2866666666666667
SimpleSelector:0.23
FetcherHTTPSimple:0.15333333333333332
HostCache:0.14555555555555555
FetcherDNS:0.11
HostInfoUpdater:0.06
