PageReloadTest:0.7
WebClient:0.5833333333333334
HtmlForm:0.35333333333333333
HTMLFormElement:0.24111111111111114
