AarReader:0.7344444444444445
TranslatorFactory:0.44166666666666665
