Node:0.5766666666666667
ConcurrentMapManager:0.3433333333333333
BQ:0.3408333333333333
TransactionImpl:0.3277777777777778
ClusterTest:0.30666666666666664
AddressPicker:0.20444444444444446
SplitBrainHandler:0.1766666666666667
