ChangeConnectionHandle:0.6
ChangeConnectionEndHandle:0.33666666666666667
ChangeConnectionStartHandle:0.33666666666666667
