OperationServiceImpl:0.4533333333333333
OperationExecutorImpl:0.41
ClientEngineImpl:0.36333333333333334
ConsoleApp:0.35333333333333333
InvocationRegistry:0.2733333333333333
ClientExecutionServiceImpl:0.15333333333333332
