GraphEltSet:0.43333333333333335
Node:0.3933333333333333
GraphViewI:0.3782301587301587
NodeViewI:0.31617857142857136
NBNode:0.27
DataLoader:0.23
GraphData:0.2
JnetManager:0.17
DBReader:0.16333333333333333
JnetSelListener:0.16
