SBMLDocument:0.55
Model:0.33
SBase:0.27666666666666667
SCBase:0.17666666666666667
