Library:0.5533333333333333
LightDistributionIF:0.4326746031746032
LightDistribution:0.3333333333333333
Cone:0.33
SPDIF:0.27051984126984113
Cylinder:0.25333333333333335
Type:0.25333333333333335
SpectralLight:0.21333333333333335
LightDistributionRef:0.19333333333333333
SpectralLightMapNode:0.17
SPDFilter:0.11333333333333333
LuminanceFilter:0.1
PhysicalLight:0.09333333333333334
SpectrumRef:0.07166666666666667
