Factory:0.6966666666666667
ContainerBuilder:0.5733333333333334
Key:0.38
ContainerImpl:0.33
ConstructorInjector:0.22666666666666666
ConstantBindingBuilder:0.22333333333333333
MethodInjector:0.19666666666666666
ConstantConversionTest:0.19333333333333333
ParameterInjector:0.16333333333333333
BindingBuilder:0.16
FieldInjector:0.16
ConstantFactory:0.15666666666666668
FactoryTest:0.125
ContainerTest:0.12166666666666667
StaticInjectionTest:0.12
NotRequiredTest:0.09666666666666666
CircularDependencyTest:0.09333333333333334
InternalFactory:0.09333333333333334
ErrorMessage:0.0911111111111111
SuperclassTest:0.08
LinkedBindingBuilder:0.058333333333333334
