KeyStoreHelper:0.59
NetClientOptions:0.36
HttpServerOptions:0.36
HttpClientOptions:0.36
VertxTestBase:0.31
TCPSSLOptions:0.2966666666666667
NetServerOptions:0.29333333333333333
KeyStoreTest:0.26666666666666666
HttpTest:0.2633333333333333
NetExamples:0.22666666666666666
NetTest:0.225
HttpServerImpl:0.19666666666666666
NetServerImpl:0.19666666666666666
WebsocketTest:0.19
