MainFrame:0.48
TestPR:0.36
NameBearerHandle:0.3566666666666667
TestPersist:0.30833333333333335
