Transaction:0.55
BinaryJedis:0.3233333333333333
ListCommandsTest:0.31
PipelineBlock:0.26
Pipeline:0.24333333333333335
Commands:0.19416666666666665
BinaryTransaction:0.18666666666666668
