Graphic:0.74
AbstractDragGraphic:0.4866666666666667
AbstractLayer:0.45666666666666667
AbstractLayerModel:0.3
MimeSystemAppViewer:0.25
PropertyChangeHandler:0.16777777777777778
