ObjectMap:0.5166666666666667
JsonReader:0.41333333333333333
Json:0.38333333333333336
FileProcessor:0.24666666666666667
