NeuralNetConfiguration:0.476388888888889
MultiLayerConfiguration:0.4266666666666667
ComputationGraphConfiguration:0.4266666666666667
Builder:0.33666666666666667
BaseLayer:0.2866666666666667
ListBuilder:0.27666666666666667
GraphBuilder:0.22333333333333333
