ThrowProcess:0.4633333333333333
DefinitionProcess:0.38
WhileProcess:0.38
MainDefinitionProcess:0.19666666666666666
