EntryEvent:0.43666666666666665
Q:0.29333333333333333
EventTask:0.27111111111111114
CMap:0.25
TextCommandService:0.24666666666666667
PartitionManager:0.22833333333333333
BlockingQueueManager:0.21
BaseManager:0.20333333333333334
HttpGetCommand:0.2
MPut:0.19666666666666666
HttpPostCommandProcessor:0.19666666666666666
Poll:0.19666666666666666
HttpGetCommandProcessor:0.19666666666666666
ClusterTest:0.18333333333333332
ConcurrentMapManager:0.17666666666666667
ListenerManager:0.17
TextCommandServiceImpl:0.15333333333333332
TopicInstance:0.10666666666666667
HttpCommandProcessor:0.0
