ObjectSet:0.31666666666666665
IdentityMap:0.31666666666666665
IntSet:0.23133333333333336
IntIntMap:0.22
LongMap:0.22
ObjectMap:0.22
IntMap:0.22
ObjectIntMap:0.22
ObjectFloatMap:0.22
IntFloatMap:0.22
