PixelIterator:0.5733333333333334
ImageWriterTestCase:0.35333333333333333
ImageReaderTestCase:0.3466666666666667
ImageIOTestCase:0.08333333333333333
