DocumentActionsTests:0.7183333333333334
AbstractNodesTests:0.29
RobinEngineTests:0.25333333333333335
IndexGatewayTests:0.20666666666666667
AbstractSimpleTransportTests:0.20666666666666667
AbstractFieldDataTests:0.15333333333333332
TransportClientSniffDocumentActionsTests:0.13333333333333333
TransportClientDocumentActionsTests:0.12666666666666668
LocalGatewayIndicesWarmerTests:0.11333333333333333
RecoverAfterNodesTests:0.09
ElasticsearchTestCase:0.0
