Main:0.5983333333333334
MakeLatexAction:0.33
PluginAction:0.2916666666666667
