JSON:0.48
JSONSerializer:0.4633333333333333
ASMSerializerFactory:0.26666666666666666
FilterUtils:0.25
JavaBeanSerializer:0.23666666666666666
