DataHandler:0.7
QueryHandler:0.6733333333333333
WikiUser:0.4
AnsiQueryHandler:0.32
AnsiDataHandler:0.2833333333333333
WikiDatabase:0.19777777777777777
RegisterServlet:0.19333333333333333
DateUtil:0.16
DatabaseUpgrades:0.12333333333333334
