Validator:0.7266666666666667
JValidator:0.4066666666666667
ValidationFilter:0.2733333333333333
