AbstractS3SnapshotRestoreTest:0.3333333333333333
S3Repository:0.30666666666666664
AwsS3Service:0.29583333333333334
InternalAwsS3Service:0.24333333333333335
HttpServerTransport:0.24300000000000002
DefaultS3OutputStream:0.17333333333333334
S3RepositoryPlugin:0.13
Repositories:0.06666666666666668
Repository:0.06666666666666668
