HTMLStyleElementTest:0.5033333333333333
HtmlStyle:0.45
HTMLStyleElement:0.36333333333333334
