Expectations:0.657111111111111
ScrollActivity:0.18333333333333332
