ClientMultiMapProxy:0.3566666666666667
ObjectMultiMapProxy:0.3566666666666667
ClientMultiMapTest:0.30333333333333334
ValidationUtil:0.28
MultiMapTest:0.20666666666666667
