RdtUiPlugin:0.5733333333333334
RubyPlugin:0.5366666666666666
