KeywordTokenizer:0.8633333333333333
KeywordTokenizerTest:0.31333333333333335
