QueryDriversTupleStream:0.3933333333333333
QueryState:0.36333333333333334
StaticQueryDriver:0.30666666666666664
TestQueryDriversTupleStream:0.28
StaticQueryDriverProvider:0.27666666666666667
AddBlocksJob:0.12333333333333334
