ConnectionFactory:0.62
Articles:0.43666666666666665
PubServlet:0.21666666666666667
Hits:0.2045
ImportTermSynonymsFromGo:0.20166666666666666
DefineBeanTag:0.19666666666666666
GenerateHits:0.17333333333333334
HitCollection:0.17333333333333334
FetchArticles:0.17
BulkTermLoader:0.16183333333333333
ResourceManagerServlet:0.16183333333333333
RegenerateFullTextIndices:0.16166666666666665
PubMedReader:0.155
SqlSearcher:0.13666666666666666
GeneSaxReaderTest:0.13666666666666666
UserListInApplicationContext:0.135
AddCurator:0.135
DatabaseTestCase:0.12333333333333334
ConnectionFactoryTest:0.10666666666666667
PubsearchConstraints:0.10333333333333333
UnannotatedGeneStrategy:0.09666666666666666
BulkLoadArticles:0.08666666666666667
BulkLoadTerms:0.08666666666666667
ConnectionFactoryContextListener:0.08333333333333333
BulkLoadGenes:0.08333333333333333
TairAnnotationStrategy:0.07666666666666666
SearchAllPhenotypes:0.03
