LocalRepoObjectStore:0.4710555555555556
SimplePIDGenerator:0.36333333333333334
