RenameModuleConfig:0.4725000000000001
ModuleNodeProvider:0.3516666666666667
RenameModuleConditionChecker:0.28
IModuleAcceptor:0.22666666666666666
