StreamUtils:0.6666666666666666
NetAPITest:0.5766666666666667
HttpClientResponse:0.28556349206349213
