RegisteredServiceImpl:0.3566666666666667
InMemoryServiceRegistryDaoImpl:0.2833333333333333
JpaLockingStrategyTests:0.22666666666666666
DefaultTicketRegistry:0.19
ServiceTicketGenerator:0.18
JpaTicketRegistryTests:0.17333333333333334
JpaTicketRegistry:0.16
RegisteredServiceThemeBasedViewResolverTests:0.16
SessionMonitorJpaTests:0.15666666666666668
JpaServiceRegistryDaoImplTests:0.14666666666666667
