Catalog:0.55
CatalogTool:0.25166666666666665
RecordingWriter:0.2
AbstractListRecordingsSession:0.2
ReplaySession:0.19333333333333333
TestUtil:0.19333333333333333
CatalogTest:0.17
ListRecordingsSession:0.14333333333333334
ListRecordingsForUriSession:0.14
CatalogEntryProcessor:0.0011111111111111111
