DefaultManagement:0.6533333333333333
StreamUtility:0.5052380952380952
