Color:0.8266666666666667
ColorTest:0.41333333333333333
SeeInitialOfProductNameInADialog:0.09
SeeDialogInColor:0.02
