DoubleFlushModMod:0.3233333333333333
DoubleFlushModDel:0.3233333333333333
ManualFlush:0.31
