Routing:0.42
Analysis:0.36
AndOperator:0.25166666666666665
ProjectionToProjectorVisitor:0.23
AggregationProjector:0.21888888888888886
StatementAnalyzer:0.13666666666666666
RoutingsServiceTest:0.13
GroupingProjector:0.11849206349206351
AnalyzerTest:0.06333333333333334
