WebClient:0.5
Cookie:0.43666666666666665
WebClientTest:0.3566666666666667
HtmlUnitCookieStoreTest:0.24666666666666667
CookieManagerTest:0.22333333333333333
