Reprap:0.49666666666666665
Main:0.42
PrintTabPanel:0.27666666666666667
BotConsoleFrame:0.25333333333333335
GenericExtruderTabPanel:0.2041666666666667
WorkingVolumeFrame:0.17666666666666667
GenericStepperPositionPanel:0.17
AxisRepeatabilityTest:0.10666666666666667
