Responder:0.6566666666666666
SearchTag:0.4633333333333333
ResultListTag:0.39666666666666667
