Gate:0.8733333333333333
Main:0.31666666666666665
TestGate:0.20333333333333334
