EndEntityProfile:0.6
RAInterfaceBean:0.29333333333333333
ApproveActionSessionBean:0.24666666666666667
EjbcaWS:0.24666666666666667
EjbcaWSTest:0.24
LocalApprovalSessionBean:0.2
