PooledConnection:0.35333333333333333
ScheduledCache:0.2733333333333333
TransactionalCache:0.2733333333333333
StatementLogger:0.26666666666666666
PreparedStatementLogger:0.19444444444444445
