RatedDocumentKey:0.54
EvalQueryQuality:0.39
PrecisionAtN:0.24666666666666667
DiscountedCumulativeGainAt:0.19
ReciprocalRank:0.16666666666666666
TransportRankEvalAction:0.1615
PrecisionAtNTests:0.10333333333333333
RankEvalResponse:0.09333333333333334
RankEvalPlugin:0.08666666666666667
ReciprocalRankTests:0.06
RatedRequestsTests:0.04666666666666667
RatedDocumentKeyTests:0.043333333333333335
RankEvalResponseTests:0.04
DiscountedCumulativeGainAtTests:0.02
RankedListQualityMetric:0.013333333333333334
RankEvalRequestTests:0.006666666666666667
RatedDocumentTests:0.0
RankEvalSpecTests:0.0
