BulkShardProcessor:0.7266666666666667
SymbolBasedBulkShardProcessor:0.49833333333333335
RetryBulkActionListener:0.3933333333333333
