AdvancedProperties:0.35833333333333334
Tabs:0.31
TextEditor:0.29333333333333333
MountPanel:0.21666666666666667
SearchBar:0.20777777777777778
Gettext:0.1511111111111111
TagsHighlighter:0.12
