MouseTest:0.5033333333333333
MouseCreationTest:0.39666666666666667
ControllerCreationTest:0.37666666666666665
Grass:0.2833333333333333
WindowCreationTest:0.23666666666666666
MovingSoundTest:0.17333333333333334
