EndEntityProfileSession:0.6466666666666666
HardTokenSession:0.5927777777777778
CAAdminSession:0.4216666666666667
UserAdminSession:0.4216666666666667
CAAdminSessionBean:0.2733333333333333
ServiceSessionBean:0.25666666666666665
EndEntityProfileTest:0.22666666666666666
HardTokenSessionBean:0.19666666666666666
EndEntityProfileSessionBean:0.18
UserAdminSessionBean:0.16666666666666666
CAInterfaceBean:0.06666666666666667
