CustomerData:0.44333333333333336
ServiceData:0.44333333333333336
View:0.37666666666666665
ServerBean:0.26666666666666666
CustomerHome:0.24666666666666667
CustomerBean:0.23333333333333334
ServiceBean:0.22
ModelMapping:0.19666666666666666
CustomerCMP:0.19
ServiceCMP:0.19
Products3WithDescriptionsListTest:0.17
