ChadoXmlWrite:0.6233333333333333
ChadoXmlAdapter:0.4766666666666667
