TestRun:0.38333333333333336
TestsView:0.35333333333333333
AbstractWarningTest:0.3333333333333333
SubStructureMatch:0.22944444444444448
SimpleResult:0.22944444444444448
TestsViewLabelProvider:0.15166666666666667
TestsViewDecorator:0.105
