DocumentWriter:0.036265276
ValueType:0.025787467
