NetMetrics:0.5533333333333333
DatagramSocketImpl:0.37666666666666665
VertxImpl:0.3433333333333333
HandlerRegistration:0.30666666666666664
EventBusImpl:0.2966666666666667
VertxInternal:0.2683333333333333
VertxTestBase:0.24666666666666667
ClientConnection:0.22666666666666666
VertxOptionsTest:0.22333333333333333
InternalTimerHandler:0.21666666666666667
NetTest:0.20833333333333334
HttpServerImpl:0.20333333333333334
HttpClientImpl:0.20222222222222222
NetServerImpl:0.19666666666666666
NetClientImpl:0.19
ServerHandler:0.18098989898989898
ComplexHATest:0.17666666666666667
BaseMetrics:0.16333333333333333
