SystemShell:0.5066666666666667
ProcessRunner:0.33916666666666667
ConsoleProcess:0.29333333333333333
GeneralOptionPane:0.16
InputThread:0.11
RunActionHandler:0.1
StreamThread:0.06666666666666667
Unix:0.02
