ExtensionRegistryTests:0.7166666666666667
ConditionEvaluationResult:0.4216666666666667
Script:0.12166666666666667
