ServerHttpSecurity:0.6033333333333334
AuthenticationWebFilter:0.33666666666666667
AuthenticationWebFilterTests:0.2633333333333333
FormLoginBuilder:0.14
SecurityContextRepositoryServerWebExchange:0.11666666666666667
HttpBasicBuilder:0.11
SecurityContextRepositoryWebFilter:0.09
ServerHttpSecurityTests:0.051666666666666666
SecurityContextServerLogoutHandler:0.0
