GlobalConfiguration:0.6366666666666667
OCSPServletBase:0.38333333333333336
SigningEntityContainer:0.3
EjbcaWebBean:0.228
HardTokenSessionBean:0.22666666666666666
CommonEjbcaWS:0.21333333333333335
CAActivationMBean:0.19
StandAloneSession:0.16083333333333333
GlobalConfigurationSessionBean:0.13333333333333333
OCSPServlet:0.11666666666666667
OCSPServletStandAlone:0.059166666666666666
IStandAloneSession:0.05
