ScriptRunner:0.5116666666666667
PolicyParser:0.31666666666666665
XorRule:0.31416666666666665
ExecutionPolicy:0.31
JPPFSystemInformation:0.29333333333333333
JPPFStatistics:0.28
PolicyBuilder:0.23666666666666666
SchemaValidator:0.2101111111111111
ScriptedPolicy:0.21
AndRule:0.18416666666666667
OrRule:0.18416666666666667
ValidatorErrorHandler:0.18333333333333332
RhinoScriptRunner:0.17333333333333334
GroovyScriptRunner:0.16333333333333333
LogicalRule:0.14333333333333334
PolicyDescriptor:0.12666666666666668
ConfigurationHelper:0.12666666666666668
TestScriptedPolicy:0.11666666666666667
ScriptRunnerFactory:0.10666666666666667
JPPFStatisticsHelper:0.01
