StringGrid:0.5316666666666666
LSTM:0.4166666666666667
RecursiveAutoEncoder:0.23666666666666666
SentenceIteratorTest:0.16
StopWords:0.09
