JsonParserTest:0.5166666666666667
TypeData:0.4066666666666667
JsonAnnotationManager:0.36666666666666664
BeanSerializer:0.19733333333333333
Glista:0.17666666666666667
