AntScript:0.64
AntBuilder:0.5766666666666667
AntScriptTest:0.27666666666666667
AntPublisher:0.20444444444444443
AntBootstrapper:0.19666666666666666
