EditorPanel:0.7333333333333333
SimulatorPanel:0.7233333333333334
JGraphWindow:0.22333333333333333
