METSDOSerializer:0.5733333333333334
METSDODeserializer:0.31666666666666665
DefaultDOTranslator:0.31
