MultiLayerNetwork:0.8366666666666667
SparkDl4jMultiLayer:0.38333333333333336
IterativeReduceFlatMap:0.16666666666666666
INDArrayFromTupleFunction:0.07666666666666666
UpdaterFromTupleFunction:0.07666666666666666
