PlannerTest:0.46166666666666667
Visitor:0.23333333333333334
