AtmosphereResourceImpl:0.4633333333333333
Utils:0.4266666666666667
AtmosphereFramework:0.40722222222222226
