GwtServerHelper:0.8333333333333334
GwtRpcServiceImpl:0.3433333333333333
GwtEmailHelper:0.31666666666666665
