HtmlPage:0.6333333333333333
HtmlScript:0.49666666666666665
HtmlPage2Test:0.49
