Configuration:0.74
TableModel:0.36333333333333334
IntegerConfigValue:0.19
GeneralTab:0.14333333333333334
