BusinessEntityManagerImpl:0.571111111111111
ApplicationEntityManagerImpl:0.5627777777777778
