HazelCastStateTracker:0.43666666666666665
MasterActor:0.29
WorkerActor:0.2833333333333333
MnistExampleMultiThreaded:0.17666666666666667
LocalWorkRetriever:0.17666666666666667
BatchActor:0.17333333333333334
