JsonSchemaValidator:0.6666666666666666
URIBuilder:0.5088888888888888
JsonSchemaValidatorFactory:0.2633333333333333
