GedcomListener:0.5566666666666666
Gedcom:0.4766666666666667
PropertyChange:0.4633333333333333
Entity:0.43333333333333335
Content:0.39666666666666667
PropertyXRef:0.39666666666666667
GedcomMetaListener:0.395
Property:0.38666666666666666
GedcomListenerAdapter:0.34365079365079365
Evaluator:0.3272804232804233
PropertySex:0.305
PropertyDate:0.29333333333333333
PropertyName:0.29144444444444445
Stats:0.2733333333333333
PropertyForeignXRef:0.258
Add:0.24666666666666667
Invocation:0.23
EditView:0.22666666666666666
EntityView:0.22333333333333333
Spin:0.22
TreeView:0.22
BasicEditor:0.21666666666666667
Report:0.21555555555555553
Model:0.21333333333333335
UnitOfWork:0.21166666666666667
PropertyEvent:0.20977777777777776
PropertyPlace:0.20333333333333334
PropertyAge:0.20333333333333334
PropertyFile:0.20333333333333334
PropertyBlob:0.2
TimelineView:0.2
NavigatorView:0.2
PropertyHusband:0.19666666666666666
PropertyReader:0.19666666666666666
PropertyFamilySpouse:0.19666666666666666
GeoLocation:0.19666666666666666
PropertyWife:0.19666666666666666
PropertyMultilineValue:0.19333333333333333
PropertyTreeWidget:0.19166666666666668
AbstractChange:0.19
GedcomDelTest:0.19
PropertySimpleValue:0.18666666666666668
ContextListWidget:0.18666666666666668
PropertyFamilyChild:0.18333333333333332
PropertyChild:0.18333333333333332
PropertyMedia:0.18
PropertyAlias:0.18
Undo:0.17666666666666667
GeoModel:0.17666666666666667
ControlCenter:0.17333333333333334
AdvancedEditor:0.17
ActionRun:0.17
Redo:0.17
PropertyNumericValue:0.17
ReportView:0.16666666666666666
SearchView:0.16333333333333333
ReportValidate:0.16
Results:0.16
PropertyAssociation:0.15666666666666668
PropertyNote:0.15666666666666668
ActionStart:0.15333333333333332
PropertySource:0.14333333333333334
PropertySubmitter:0.13333333333333333
InteractionListener:0.13333333333333333
PropertyRepository:0.13333333333333333
OK:0.12333333333333334
AbstractPropertyTableModel:0.11666666666666667
Overview:0.11666666666666667
SpinOverEvaluator:0.10666666666666667
Propagate:0.10666666666666667
PropertyTest:0.09666666666666666
JDKProxyFactory:0.09222222222222222
Cut:0.09
CreateRelationship:0.08666666666666667
AddTab:0.08666666666666667
DelEntity:0.07666666666666666
PIT:0.07666666666666666
DelTab:0.07333333333333333
CreateEntity:0.07083333333333333
ProxyFactory:0.06916666666666667
Example:0.06333333333333334
Paste:0.06333333333333334
TogglePrivate:0.056666666666666664
Tracker:0.05
Monitor:0.04666666666666667
SetPlaceHierarchy:0.03
ActionStop:0.03
SetSubmitter:0.025833333333333333
SwapSpouses:0.023333333333333334
PropertyTableModelListener:0.013333333333333334
