ResourceDriver:0.5397777777777778
Binder:0.5366666666666666
ResourceDriverManager:0.4294444444444444
AbstractBinderProcessor:0.35
NullResourceDriverManager:0.1
