GetExpression:0.4527777777777777
Index:0.45
IndexAwarePredicate:0.31666666666666665
CMap:0.27666666666666667
MProxyImpl:0.2733333333333333
SerializationHelper:0.2633333333333333
IMap:0.23
Predicates:0.21
ConcurrentMapManager:0.18333333333333332
InitialState:0.17333333333333334
EqualPredicate:0.16333333333333333
AddMapIndex:0.15
AndOrPredicate:0.13
BetweenPredicate:0.10666666666666667
GetExpressionImpl:0.10666666666666667
QueryService:0.09666666666666666
GreaterLessPredicate:0.09333333333333334
