CommChannel:0.61
CommMessage:0.5433333333333333
JavaService:0.3027420634920635
Location:0.20253968253968255
StreamingCommChannel:0.15666666666666668
SocketListener:0.13
SolicitResponseProcess:0.12
NotificationProcess:0.12
JavaCommChannel:0.07666666666666666
