Config:0.7766666666666666
HazelcastInstance:0.5216666666666666
XmlConfigBuilder:0.3433333333333333
ProxyManager:0.3333333333333333
HazelcastInstanceImpl:0.2633333333333333
HazelcastClient:0.20416666666666666
HazelcastInstanceProxy:0.20333333333333334
ServiceManager:0.2
HazelcastClientProxy:0.19
HazelcastTestSupport:0.12
