Display:0.38666666666666666
Add:0.2833333333333333
Summary:0.27166666666666667
Search:0.25
User:0.24
Hits:0.23
Results:0.23
Terms:0.22333333333333333
Term:0.22
Update:0.19
Annotation:0.19
GeneSearcher:0.18666666666666668
AddArticle:0.18
Gene:0.17666666666666667
SearchTerms:0.17666666666666667
SearchGenes:0.16333333333333333
SearchHits2:0.16
Sequence:0.15
PropagateAnnotation:0.14666666666666667
UpdateGermplasm:0.14666666666666667
UpdateAllele:0.14666666666666667
RequestHandler:0.14666666666666667
AddAllele:0.14666666666666667
Genes:0.14333333333333334
UpdateAnnotation:0.14
Articles:0.13333333333333333
Germplasm:0.13
Article:0.12666666666666668
Phenotype:0.12333333333333334
Allele:0.12333333333333334
Communication:0.12
Hit:0.12
Locus:0.10666666666666667
TestAgricolaFetcher:0.10666666666666667
DisplayPubSource:0.10333333333333333
SearchAllObjects:0.09
AddGermplasm:0.09
AnnotationsFragmentWithPropagation:0.09
Comment:0.09
AnnotationList:0.08666666666666667
AddGene:0.08333333333333333
PubSource:0.08333333333333333
UpdateTerm:0.08333333333333333
RequestHandlerState:0.08
AddCommunication:0.08
SearchArticles:0.08
AddProtocol:0.08
AddPubSource:0.08
CommentList:0.07333333333333333
AddSequence:0.07
AddUrl:0.07
Locus_AnnotationStatus:0.06666666666666667
UpdateProtocol:0.06333333333333334
UpdateComment:0.06333333333333334
AddBulkGoTerm:0.06333333333333334
UpdateSequence:0.06333333333333334
UpdateHistoryList:0.06333333333333334
AddPhenotype:0.06333333333333334
UpdateArticleWithId:0.06333333333333334
UpdatePhenotype:0.06
Term_Graph:0.06
UpdatePubSource:0.06
UpdateLocus:0.06
DisplayDefault:0.056666666666666664
Reference:0.056666666666666664
AddAttribution:0.056666666666666664
SearchPubSource:0.05333333333333334
SearchPhenotype:0.05333333333333334
SearchGermplasm:0.05333333333333334
UpdateURL:0.05
Locus_Hits:0.05
DisplayHit:0.05
AllAnnotationTasks:0.04666666666666667
AttributionList:0.04
URL:0.03428571428571429
Pubsourcealias:0.03333333333333333
TemporaryGenes:0.03333333333333333
Term_Annotations:0.03333333333333333
ArticleActions:0.03333333333333333
AliasList:0.02666666666666667
Protocol:0.016666666666666666
JspRequestHandler:0.006666666666666667
BackToSearch:0.0
UploadFile:0.0
