SurfaceFeatures:0.5966666666666667
GlobeDisplay:0.39666666666666667
CollectResourcesMission:0.3
ShadingMapLayer:0.11777777777777776
