ElasticsearchIntegrationTest:0.7866666666666666
RecoverySettings:0.37333333333333335
