ca:0.32166666666666666
BaseCaAdminCommand:0.29333333333333333
CaAdminCommandFactory:0.18666666666666668
CaListCAsCommand:0.15
CaGetRootCertCommand:0.11777777777777776
CaInfoCommand:0.09444444444444444
