CasAuthenticationFilter:0.44666666666666666
CasAuthenticationEntryPoint:0.30333333333333334
ServiceProperties:0.3022222222222222
CasAuthenticationProvider:0.23333333333333334
AbstractAuthenticationProcessingFilter:0.22
CasAuthenticationFailureHandler:0.15888888888888889
CasAuthenticationFilterTests:0.11
CasAuthenticationProviderTests:0.02
ServicePropertiesTests:0.013333333333333334
