FlatFileItemReader:0.66
FlatFileItemWriter:0.6033333333333334
FlatFileItemWriterTests:0.34
FlatFileItemReaderAdvancedTests:0.2866666666666667
