RuntimeConfigurationFile:0.6372222222222222
ShamResource:0.46166666666666667
ShamLaunchConfigurationType:0.37333333333333335
