ShardDeleteByQueryRequest:0.7216666666666667
ShardDeleteRequest:0.4997222222222223
