FlowExecutionImpl:0.6333333333333333
FlowExecutionImplFactory:0.38
MockFlowExecutionContext:0.22333333333333333
