INDArray:0.7253333333333333
IComplexNDArray:0.65
NDArrays:0.44
JCUBlasNDArray:0.37333333333333335
DummyNDArray:0.37333333333333335
ComplexNDArray:0.37
NDArray:0.33
ArrayUtil:0.29333333333333333
