IndexModifier:0.57
RESTImpl:0.5416666666666666
Statement:0.32083333333333336
