XMPPChatTransmitter:0.6466666666666666
GiveDriverRoleAction:0.5433333333333333
