BlojsomFetcher:0.765
StandardFetcher:0.5255555555555556
BlojsomBaseServlet:0.27666666666666667
