App:0.43333333333333335
AbstractNioChannel:0.38333333333333336
NioReactor:0.29333333333333333
NioDatagramChannel:0.16
AppTest:0.15333333333333332
NioServerSocketChannel:0.13
