Script:0.6966666666666667
ScriptTestSuiteTest:0.3933333333333333
