BootstrapBaseThumbnail:0.5733333333333334
BootstrapCircleThumbnail:0.47333333333333333
BorderView:0.31047619047619046
BootstrapThumbnail:0.18666666666666668
BootstrapThumbnailExample:0.18
BootstrapCircleThumbnailExample:0.16
BootstrapDrawableFactory:0.09666666666666666
