AbstractTestQueries:0.6566666666666666
FunctionRegistry:0.31666666666666665
TestDeterminismEvaluator:0.24666666666666667
Visitor:0.12666666666666668
