Marshaller:0.6733333333333333
XmlBeansMarshallerTest:0.35333333333333333
Jaxb2Marshaller:0.29333333333333333
XStreamMarshaller:0.28
CastorMarshaller:0.19666666666666666
JibxMarshaller:0.17777777777777778
XmlBeansMarshaller:0.16111111111111112
Jaxb2MarshallerTest:0.13666666666666666
Unmarshaller:0.11666666666666667
Jaxb1Marshaller:0.08833333333333332
JibxMarshallerTest:0.07666666666666666
Jaxb1MarshallerTest:0.06
