BandwidthManager:0.52
BandwidthController:0.49666666666666665
DownloadEngine:0.22916666666666666
ChatEngine:0.22583333333333333
BandwidthPane:0.17666666666666667
BrowseHostConnection:0.10666666666666667
