ClusterAllocationExplanation:0.8266666666666667
ClusterAllocationExplanationTests:0.22333333333333333
ClusterAllocationExplainTests:0.21333333333333335
ClusterAllocationExplainIT:0.14666666666666667
