FooBarTest:0.6633333333333333
SQLServer2005Dialect:0.4570000000000001
SQLServer2005DialectTestCase:0.2775
