ChronicleMapBuilder:0.725
CHMUseCasesTest:0.2733333333333333
ChronicleMapTest:0.27
ChronicleSet:0.25
TCPSocketReplicationNativeTest:0.23333333333333334
TCPSocketReplicationBootStrapTest:0.14333333333333334
TCPSocketReplication3wayPutReturnsNullTest:0.14
SetForTCPSocketReplication3wayTest:0.14
ChronicleMapImportExportTest:0.14
KeyValueInstanceTest:0.13666666666666666
TestReplication:0.12
BuildVersionTest:0.11333333333333333
TcpReplicationWithAcquireContextTest:0.10666666666666667
DoubleArrayTest:0.10666666666666667
Issue37Test:0.09333333333333334
BooleanValuesTest:0.09333333333333334
KeySizesTest:0.09333333333333334
ChronicleSetBuilderTest:0.08333333333333333
