RotatableBondsCountDescriptor:0.5416666666666666
WeightDescriptor:0.4927777777777777
