CCClient:0.48
WebdavSiteScape:0.38666666666666666
SiteScapeFileSystemImpl:0.37333333333333335
CrossContextConstants:0.22033333333333333
SiteScapeFileSystem:0.2172777777777778
DispatchServer:0.12
