Ioc:0.7286666666666667
NutIoc:0.37666666666666665
ComboIocLoader:0.3466666666666667
Ioc2:0.3175
