MTGRoot:0.7133333333333334
MTGBranchElement:0.2833333333333333
MTGTranslator:0.1811111111111111
