ResourceBundleResourceManager:0.5666666666666667
BlojsomServlet:0.295
JSPDispatcher:0.14666666666666667
