UserContainer:0.6033333333333334
IUserManager:0.5630555555555556
UserManager:0.48333333333333334
