MappingGenerator:0.5833333333333334
ReactionBoxGenerator:0.31333333333333335
ProductsBoxGenerator:0.11333333333333333
ReactantsBoxGenerator:0.11333333333333333
