Context:0.7444444444444445
Mvcs:0.39
Loading:0.3638095238095238
SimpleContext:0.34
NutServlet:0.28
StringParamConvertor:0.2633333333333333
NutFilter:0.19444444444444445
MvcBaseTest:0.17333333333333334
MvcErrorCatchTest:0.12333333333333334
