DropSilentlyPacketExtension:0.49333333333333335
PacketExtensionUtils:0.3988888888888889
ActivitiesExtensionProvider:0.14333333333333334
