FluxBlendItem:0.4766666666666667
FluxBlend:0.4533333333333333
FluxChannelMapBuilder:0.4033333333333333
FluxChannelMap:0.2336111111111111
