ConnectorMetadata:0.5233333333333333
MetadataManager:0.41
HandleResolver:0.25916666666666666
ConnectorHandleResolver:0.2425
GlobalSystemConnector:0.22
SplitManager:0.22
ClassLoaderSafeConnectorSplitManager:0.205
ConnectorSplitManager:0.20333333333333334
LegacyConnectorSplitManager:0.17166666666666666
RemoteHandleResolver:0.12
