ProxettaAsmUtil:0.7366666666666667
ProxyTarget:0.38166666666666665
ProxettaMethodBuilder:0.20333333333333334
ProxettaWrapperClassBuilder:0.16666666666666666
