ARINCRuntimeException:0.54
ARINC661App:0.36666666666666664
ARINCSettings:0.33666666666666667
JFXPainterUtils:0.2833333333333333
ARINCRuntimeMessage:0.25
