BackendBean:0.54
BackendBeanRemote:0.3933333333333333
Validator:0.33
RemoteObjectLight:0.20333333333333334
ObjectList:0.16666666666666666
GenericPhysicalConnection:0.043333333333333335
GenericPort:0.02
WirelessLinkType:0.0
OpticalLink:0.0
OpticalLinkType:0.0
RadioLink:0.0
GenericPhysicalLinkType:0.0
ElectricalLink:0.0
ElectricalLinkType:0.0
