DataManager:0.5205555555555557
ArcSDEHarvester:0.2633333333333333
LocalFilesystemHarvester:0.2633333333333333
Aligner:0.25333333333333335
JODAISODate:0.24305555555555552
Harvester:0.19
