Py:0.6566666666666666
PyFile:0.5133333333333333
StdoutWrapper:0.2188888888888889
PyFileCloser:0.14333333333333334
FixedFileWrapper:0.13
FileDescriptors:0.08
FileUtil:0.05333333333333334
