JSON:0.44
JSONSerializer:0.37333333333333335
TypeUtils:0.26666666666666666
FieldInfo:0.2633333333333333
ASMUtils:0.22722222222222224
JavaBeanSerializer:0.20666666666666667
ASMSerializerFactory:0.20333333333333334
FilterUtils:0.19666666666666666
FieldSerializer:0.16333333333333333
