FileModule:0.5466666666666666
EntryBuilder:0.48333333333333334
AbstractEntryProcessor:0.35333333333333333
AbstractFolderCoreProcessor:0.35
FileModuleImpl:0.15333333333333332
