NumRecognition:0.67
NlpAnalysis:0.24666666666666667
DicAnalysis:0.21333333333333335
IndexAnalysis:0.19805555555555557
ToAnalysis:0.19805555555555557
JianFanZhuanhuanDemo:0.16333333333333333
