ModuleTestBase:0.6766666666666666
Liferay6Style:0.5233333333333333
