AbstractTestHiveClient:0.4033333333333333
TestCachingHiveMetastore:0.36333333333333334
MockFileStatusCallback:0.2434285714285714
TestJsonHiveHandles:0.23
TestAsyncRecursiveWalker:0.17666666666666667
TestSuspendingExecutor:0.17333333333333334
