Formatter:0.4666666666666667
AstVisitor:0.39
DefaultTraversalVisitor:0.3333333333333333
ScalarFunctionModule:0.32
DataTypes:0.24280158730158727
ExpressionAnalyzerTest:0.19333333333333333
