DFISimilarityProvider:0.4866666666666667
DFRSimilarityProvider:0.47688888888888886
SimilarityTests:0.4066666666666667
