AtomContainer:0.4222222222222222
SingleElectron:0.35333333333333333
Ring:0.29
