AnnotationDiffGUI:0.6333333333333333
HTMLExportAction:0.20666666666666667
