Euler:0.7033333333333334
Parser:0.5066666666666667
