Element:0.58
Elements:0.4633333333333333
Node:0.44666666666666666
ElementTest:0.11666666666666667
ElementsTest:0.08
