Qedeq2LatexTest:0.32666666666666666
FormulaCheckerContextTest:0.29333333333333333
DummyInternalKernalServices:0.2733333333333333
SimpleProofFinderPluginTest:0.2733333333333333
KernelFacade:0.20688888888888887
HeuristicCheckerExecutor:0.20333333333333334
DynamicHeuristicCheckerPluginTest:0.19666666666666666
HeuristicCheckerPluginTest:0.11666666666666667
QedeqBoFormalLogicCheckerDirectTest:0.11666666666666667
