XmlBeansMarshaller:0.6133333333333333
AbstractMarshaller:0.6066666666666667
XmlBeansUnmarshallerTest:0.23666666666666666
