ControlSession:0.5833333333333334
ReplaySession:0.3233333333333333
RecordingFragmentReader:0.31166666666666665
