ImportModule:0.37333333333333335
TSResult:0.30666666666666664
Match:0.2966666666666667
TSMatch:0.24333333333333335
CwbProcess:0.20555555555555555
CwbEncode:0.16333333333333333
Compiler:0.09666666666666666
Pager:0.09666666666666666
MatchUtils:0.09
