QueryTest:0.4866666666666667
TransactionTest:0.4766666666666667
DefaultBookService:0.24044444444444446
