MockUtil:0.6133333333333333
PollerTest:0.46
OutageTest:0.38666666666666666
MockLogAppender:0.19333333333333333
MockLogAppenderTest:0.08666666666666667
