View:0.6733333333333333
MovieTest:0.43333333333333335
ProductExpensesTest:0.25
