MacOSXDisplay:0.6466666666666666
MouseEventQueue:0.5866666666666667
