NodeList:0.4766666666666667
Node:0.47
HTMLElement:0.4533333333333333
HTMLCollection:0.37
SimpleScriptableTest:0.2866666666666667
HTMLCollectionTest:0.21333333333333335
NodeListTest:0.0033333333333333335
