PPSModel:0.4266666666666667
DicomEditLocal:0.4144722222222222
ContentEditService:0.29333333333333333
StudyListPage:0.2633333333333333
DicomEditBean:0.20666666666666667
ContentEditDelegate:0.18583333333333332
PPSListView:0.15333333333333332
