UserServiceBeanDefinitionParserTests:0.9088888888888887
UserMap:0.3022222222222222
