PubServlet:0.49666666666666665
TreeRenderer:0.36333333333333334
HtmlTableTreeRenderer:0.31666666666666665
Term_Graph:0.07666666666666666
