KuromojiAnalysisTests:0.5166666666666667
KuromojiTokenizerFactory:0.14333333333333334
AnalysisKuromojiPlugin:0.10666666666666667
KuromojiBaseFormFilterFactory:0.07333333333333333
KuromojiIndicesAnalysis:0.06388888888888888
KuromojiIterationMarkCharFilterFactory:0.023333333333333334
KuromojiPartOfSpeechFilterFactory:0.023333333333333334
KuromojiReadingFormFilterFactory:0.02
KuromojiKatakanaStemmerFactory:0.02
KuromojiAnalyzerProvider:0.015
KuromojiIndicesAnalysisModule:0.0
