StepRunner:0.6366666666666667
ScriptEditorFunctionalSuite:0.4166666666666667
