FileProcessor:0.4666666666666667
TexturePackerFileProcessor:0.18333333333333332
ScissorStack:0.18
Entry:0.13333333333333333
ETC1FileProcessor:0.12
HeaderFileProcessor:0.051111111111111114
