JChemPaintModel:0.7466666666666667
JChemPaintPanel:0.4266666666666667
JChemPaintEditorPanel:0.3333333333333333
SaveAction:0.19333333333333336
JChemPaintViewerOnlyPanel:0.16666666666666666
MoleculeTest:0.14277777777777778
AppCloser:0.023333333333333334
PopupListener:0.023333333333333334
