ProfileSearchServiceImpl:0.4033333333333333
PagedListDataModel:0.38333333333333336
ProjectBackingBean:0.37333333333333335
FreelancerBackingBean:0.295
ProfileSearchService:0.15833333333333333
ProfileAnalyzer:0.13333333333333333
