View:0.6
SearchBar:0.43
SplashScreen:0.30666666666666664
ActionHandler:0.17111111111111113
KeyHandler:0.17111111111111113
