AbstractChronicleMapBuilder:0.5733333333333334
OffHeapUpdatableChronicleMapBuilder:0.33666666666666667
PrepareValueBytesAsWriter:0.28
ZeroOutValueBytes:0.24666666666666667
