IAtomTypeTest:0.32666666666666666
IChemModelTest:0.3
ICrystalTest:0.2966666666666667
IAtomTest:0.2966666666666667
IBioPolymerTest:0.27
IChemSequenceTest:0.21333333333333335
IChemFileTest:0.21333333333333335
