LogUtils:0.8133333333333334
JavaManagerMethodDispatcher:0.30666666666666664
