Datastream:0.46907142857142875
DatastreamReferencedContent:0.44333333333333336
METSDODeserializer:0.32666666666666666
METSEventHandler:0.27666666666666667
