AnalyzerGuru:0.5633333333333334
Indexer:0.37333333333333335
Matcher:0.29333333333333333
TroffAnalyzerFactory:0.21333333333333335
DocumentMatcher:0.14666666666666667
JarAnalyzerFactory:0.14
MandocAnalyzerFactory:0.08333333333333333
ZipAnalyzerFactory:0.013333333333333334
JavaClassAnalyzerFactory:0.013333333333333334
