id:0.7930555555555554
Robolectric:0.5266666666666666
ViewNode:0.37666666666666665
layout:0.04666666666666667
