WLFilter:0.41333333333333333
DicomImageFilter:0.38333333333333336
MemoryCacheFilter:0.3138888888888889
XsltFilter:0.22333333333333333
DisplayMode:0.21
TestUrlRetrieve:0.11333333333333333
RenameAttributeFilter:0.06333333333333334
