JCPPage:0.6844444444444444
MDLMolfileEditor:0.3333333333333333
JCPMultiPageEditorContributor:0.30833333333333335
