LearnTool:0.6216666666666667
MyStaticValue:0.4766666666666667
NlpAnalysis:0.3566666666666667
