Material:0.6166666666666667
PrototypeRendererGL20:0.35333333333333333
HybridLightTest:0.3
