FlowExecutionListener:0.6966666666666667
FlowExecutionControlContextImpl:0.4066666666666667
FlowExecutionListenerList:0.4033333333333333
FlowExecutionListenerAdapter:0.1825
