OptionSet:0.5569999999999999
OptionsView:0.49333333333333335
FederationView:0.31333333333333335
