CertTools:0.73
DnComponents:0.5633333333333334
DNFieldExtractor:0.305
EditUserDataSourceJSPHelper:0.18666666666666668
CertToolsTest:0.13666666666666666
