Status:0.6333333333333333
AbstractStream:0.47361111111111104
AbstractClientStream:0.2833333333333333
