Node:0.5433333333333333
IStack:0.2683333333333333
IQueue:0.215
IList:0.215
SkipList:0.21333333333333335
LinkedStack:0.19666666666666666
LinkedQueue:0.19666666666666666
ArrayQueue:0.16333333333333333
ArrayStack:0.16333333333333333
ArrayList:0.15333333333333332
LinkedList:0.12666666666666668
