EditorPanel:0.73
AppliConfiguration:0.4033333333333333
ClientOutputMessageProcessor:0.22666666666666666
ARINCSettings:0.2225
ServerConfigurationParser:0.22
ScriptHelper:0.22
ClientConfigurationParser:0.19666666666666666
AbstractEditorPanel:0.19333333333333333
ApplyScriptJFXAction8Test:0.19
ARINC661AppPrefsTest:0.14333333333333334
UACDSModel:0.13666666666666666
ApplyScriptJFXAction9Test:0.08666666666666667
