Document:0.8672222222222221
DocumentTest:0.07333333333333333
