GwtTeamingMessages:0.47
NetFolderSyncStatusCell:0.4372222222222222
GwtTeamingImageBundle:0.37333333333333335
