Event:0.74
EventsViewHelper:0.33666666666666667
Find:0.33
AjaxController:0.32
Constants:0.24666666666666667
ListFolderHelper:0.2
WebKeys:0.17777777777777776
SearchUtils:0.17
RelevanceDashboardHelper:0.16333333333333333
AbstractIntervalView:0.13333333333333333
Eventeditor:0.13
Eventtext:0.11
EventHelper:0.09666666666666666
TypeToFindAjaxController:0.07916666666666666
FieldBuilderEvent:0.06666666666666667
VisibleIntervalFormattedDates:0.052222222222222225
StartEndDatesView:0.006666666666666667
