Configuration:0.41333333333333333
ServerConfiguration:0.38166666666666665
ModuleConfiguration:0.27
DatastoreConfiguration:0.27
