AtmosphereServlet:0.42333333333333334
Filter:0.4
DefaultBroadcaster:0.33
DefaultBroadcasterFactory:0.29
BroadcasterConfig:0.26666666666666666
AtmosphereFilter:0.10333333333333333
