ModelBuilder:0.4033333333333333
Matrix4:0.39
MeshBuilder:0.38
Rectangle:0.30666666666666664
MeshPartBuilder:0.235
