Property:0.7133333333333334
Renderer:0.31333333333333335
PropertyRenderer:0.24
PropertyView:0.19666666666666666
EditView:0.18333333333333332
PropertyTableCellRenderer:0.15333333333333332
Secret:0.05
