LuceneQueryBuilderTest:0.6933333333333334
LuceneQueryBuilder:0.38333333333333336
DocReferenceConverter:0.36527777777777787
Visitor:0.15333333333333332
