FluxScene:0.53
FluxJOCLScene:0.36
GPUFluxLightModel:0.35
JOCLDevice:0.33666666666666667
JOCLContext:0.2733333333333333
BVHBuilderMiddle:0.2644444444444445
BVHAnalyzer:0.25666666666666665
ComputeContext:0.23666666666666666
BVHBuilderSAH:0.22666666666666666
JOCLPlatform:0.22333333333333333
FluxLightBuilder:0.22
DeviceMonitor:0.13333333333333333
GPUFluxLightTracer:0.10666666666666667
GPUFluxWhittedTracer:0.085
