ProcessInfo:0.6366666666666667
ProcessInfoKey:0.2825
DataLoaderService:0.24333333333333335
DataExtractorService:0.23333333333333334
IDataLoaderService:0.21559523809523815
FileSyncService:0.20333333333333334
PushUriHandler:0.20333333333333334
DataLoaderWorker:0.17333333333333334
NodeChannelExtractForPushWorker:0.14
NodeChannelTransportForPushWorker:0.10666666666666667
