HazelcastClient:0.41
Connection:0.38666666666666666
NetworkRunnable:0.38
Call:0.34
OutRunnable:0.26
HazelcastClientTest:0.17666666666666667
ClientProxy:0.17666666666666667
PacketReader:0.07
InRunnable:0.06
PacketWriter:0.056666666666666664
