Detector:0.4166666666666667
ErrorCorrection:0.3466666666666667
PDF417Reader:0.31333333333333335
MultiFormatReader:0.2833333333333333
DecoderResult:0.17
PDF417BlackBox2TestCase:0.15666666666666668
PDF417BlackBox3TestCase:0.15666666666666668
PDF417BlackBox1TestCase:0.15666666666666668
DecodeWorker:0.14666666666666667
DecodedBitStreamParser:0.09333333333333334
