MaterialViewPager:0.5466666666666666
MaterialViewPagerAnimator:0.31333333333333335
ListFragment:0.15944444444444444
MainActivity:0.15666666666666668
WebViewFragment:0.14555555555555555
MaterialViewPagerHeaderView:0.14333333333333334
ScrollFragment:0.13888888888888887
