SeqAlignPanel:0.6482222222222223
EnsCGIAdapter:0.5972222222222223
