PA:0.4633333333333333
InlineMapping:0.43333333333333335
MethodInline:0.24111111111111114
InlineSelectedCalls:0.20777777777777778
