CertificateProfile:0.5766666666666667
CertificateValidity:0.33666666666666667
PrivateKeyUsagePeriod:0.31166666666666665
SignSessionTest:0.19
