MaterializedResult:0.8416666666666667
H2QueryRunner:0.30666666666666664
