Link:0.5733333333333334
Acceptor:0.2633333333333333
Connector:0.25666666666666665
