Condition:0.6166666666666667
Materialisation:0.37333333333333335
Abstraction:0.2733333333333333
Matcher:0.25333333333333335
PlanData:0.21333333333333335
TestMatching:0.14
ReverseMatcherStore:0.06666666666666667
