RubyScript:0.5133333333333333
ActionMessages:0.3830555555555556
OpenAction:0.27666666666666667
ActionUtil:0.25333333333333335
Openable:0.20666666666666667
SelectionConverter:0.18
ICodeAssist:0.1778888888888889
OpenActionUtil:0.13333333333333333
EditorUtility:0.06666666666666667
SelectionEngine:0.03
