MatcherBuilder:0.4852380952380953
MessageSecurityMetadataSourceRegistry:0.36
PreBuiltMatcherBuilder:0.24
Constraint:0.22666666666666666
MessageSecurityMetadataSourceRegistryTests:0.19333333333333333
SimpDestinationMessageMatcher:0.12666666666666668
PathMatcherMessageMatcherBuilder:0.06666666666666667
