DataManager:0.7066666666666667
EditLib:0.3933333333333333
Params:0.2720555555555556
GetAdminOper:0.18666666666666668
Worker:0.18333333333333332
Snippet:0.15666666666666668
GetCategories:0.05
