ContainerIterator:0.6133333333333333
MList:0.31
MMultiPanel:0.3025
AbstractRequestManager:0.2611111111111111
LinkEditor:0.25333333333333335
MRating:0.235
PropertiesBar:0.22666666666666666
Pager:0.19666666666666666
ToolManager:0.13666666666666666
ItemRowFilterEntry:0.08666666666666667
Filter:0.043333333333333335
