IncrementedPayment:0.7365555555555554
PaymentChannelClient:0.44
PaymentChannelClientState:0.4
PaymentChannelServer:0.2833333333333333
PaymentChannelStateTest:0.2733333333333333
