RepositoryInfo:0.7583333333333333
Harvester:0.38222222222222224
