ReportsDashboardWidget:0.31333333333333335
NavigationTreeExplorerDashboardWidget:0.20333333333333334
ServiceManagerDashboard:0.18666666666666668
NavigationTreeComponent:0.16333333333333333
DynamicTree:0.10333333333333333
WelcomeView:0.10333333333333333
ShelfDashboardLayout:0.1
NavigationTreeDashboard:0.09333333333333334
DummyCoverDashboardWidget:0.04
DummyContentDashboardWidget:0.04
