FindClass:0.6633333333333333
ClasspathScanner:0.38666666666666666
PropertiesUtil:0.3333333333333333
