Flyway:0.6233333333333333
MetaDataTable:0.5400000000000001
H2ConcurrentMigrationMediumTest:0.31
MySQLConcurrentMigrationMediumTest:0.31
DbSchemas:0.29444444444444445
ConcurrentMigrationTestCase:0.24666666666666667
MetaDataTableImpl:0.22333333333333333
PostgreSQLAdvisoryLockTemplate:0.17666666666666667
PostgreSQLDbSupport:0.17666666666666667
