Graph:0.48
GraphBase:0.2966666666666667
GraphQueueImpl:0.22333333333333333
QueueCollection:0.21666666666666667
ProducerBase:0.21
FieldListPredicate:0.18
QState:0.14
GraphImpl:0.14
