UnannotatedLocusStrategy:0.5033333333333333
AssignTasks:0.2866666666666667
LocusTypePair:0.2733333333333333
GeneIdCountPair:0.26666666666666666
UnannotatedLocusStrategyTest:0.19166666666666668
