DescribeRecordValidation:0.6423253968253968
CSW202ServiceImpl:0.5366666666666666
DescribeRecordValidationTest:0.06333333333333334
