Group:0.5166666666666667
DBCollection:0.3933333333333333
GroupCommand:0.3233333333333333
GroupTest:0.21333333333333335
