CouchbaseTicketRegistry:0.20333333333333334
EhCacheTicketRegistry:0.20333333333333334
HazelcastTicketRegistry:0.20333333333333334
JpaTicketRegistry:0.20333333333333334
IgniteTicketRegistry:0.20333333333333334
JwtTicketRegistry:0.18666666666666668
DefaultTicketRegistry:0.18
InfinispanTicketRegistry:0.18
