StatsHandler:0.5
NodeDataPanelManager:0.2833333333333333
JobDataPanel:0.2658333333333333
ChannelWrapperRemote:0.24666666666666667
JVMHealthPanel:0.2086111111111111
JobAccumulator:0.20666666666666667
JobAccumulatorBranch:0.19444444444444445
NodeRefreshHandler:0.19333333333333333
JobDataPanelManager:0.18333333333333332
StatsRefreshTask:0.18
NewConnectionTask:0.16666666666666666
LoadBalancingInformation:0.10833333333333334
