CDKMolecule:0.48333333333333334
QsarManager:0.30666666666666664
MoleculesFromSMI:0.21666666666666667
NewSdfWizard:0.19
CalculateTanimotoHandler:0.18333333333333332
TanimotoWizard:0.16244444444444442
Create2dHandlerWithReset:0.12
StochasticStructureElucidationJob:0.03333333333333333
