MainFrame:0.6566666666666666
CellRenderer:0.28
RefreshHandler:0.22666666666666666
