TedUpdateWindow:0.4533333333333333
TedIO:0.41733333333333333
TedMainDialog:0.3738888888888889
