ClassDescriptor:0.6866666666666666
SymbolTable:0.3933333333333333
ObjectInitParentStep:0.3630555555555555
Linker:0.2733333333333333
