SizeFieldMapper:0.4
GetActionTests:0.37333333333333335
PercolatorTests:0.27666666666666667
SizeMappingTests:0.18333333333333332
SearchFieldsTests:0.18
UpdateMappingTests:0.18
TypeParser:0.15666666666666668
