SemanticVerifier:0.5833333333333334
PortInfo:0.405
OutputPortInfo:0.39
OLParser:0.3233333333333333
