AbstractCasWebflowConfigurer:0.67
CasWebflowConfigurer:0.43333333333333335
WsFederationWebflowConfigurer:0.22333333333333333
