MethodDescription:0.6
UnloadedTypeDescription:0.36111904761904756
TypePool:0.31333333333333335
AbstractMethodDescription:0.31
Default:0.3
UnloadedMethodDescription:0.25666666666666665
ForLoadedMethod:0.22666666666666666
ForLoadedAnnotation:0.20666666666666667
AnnotationToken:0.17666666666666667
UnloadedFieldDescription:0.13333333333333333
FieldToken:0.13333333333333333
MethodToken:0.12
EnumerationValue:0.07666666666666666
AnnotationValue:0.03666666666666667
UnloadedAnnotationDescription:0.023333333333333334
