MagicMimeTypeIdentifier:0.7166666666666667
MimeTypeDescription:0.35333333333333333
Condition:0.2866666666666667
TestAll:0.2594444444444445
TestMagicMimeTypeIdentifier:0.16
MagicMimeTypeIdentifierFactory:0.01111111111111111
ApertureTestBase:0.0
