Latex2Utf8Parser:0.7482777777777778
BinaryLogical:0.3663888888888889
