Blog:0.92
BlojsomBloggerAPIHandler:0.2966666666666667
BlojsomServlet:0.20333333333333334
AbstractBlojsomAPIHandler:0.165
BlojsomXMLRPCServlet:0.07833333333333334
BlojsomConstants:0.0
