BusinessObjectFactoryTestCase:0.5266666666666666
BusinessObjectFactoryTestCaseTest:0.33
Interceptor:0.21333333333333335
Action:0.1837777777777778
ActionTestCase:0.15333333333333332
ActionTestCaseTest:0.11666666666666667
