In:0.46
InjectorsManager:0.4166666666666667
RequestScopeInjector:0.34722222222222227
ArgsAction:0.2733333333333333
ServletConfigInterceptor:0.21666666666666667
ArgsTestBase:0.17333333333333334
