PartitionMap:0.5266666666666666
Bisimulator:0.39
DefaultIsoChecker:0.34
IsoSimulation:0.2535952380952381
IsoMatcher:0.10916666666666666
