CountDownLatchBasicTest:0.6922222222222222
CountDownLatchProxy:0.5141111111111112
