Node:0.8433333333333334
NodeGenerator:0.39666666666666667
