BasicCrawler:0.545
PoolWorker:0.24255555555555555
UniqueFilter:0.17
FileUtils:0.10666666666666667
WorkQueue:0.04
Page:0.013333333333333334
