ResponseSpecification:0.865
ResponseSpecBuilder:0.4066666666666667
RootPathITest:0.3566666666666667
