WellFormedCheckerExecutor:0.49666666666666665
ModuleConstantsExistenceCheckerTest:0.39666666666666667
LogicErrors:0.0
