Image:0.3566666666666667
Renderer:0.3466666666666667
Table:0.33
FlickScrollPane:0.225
Button:0.21666666666666667
ParticleEditor:0.194
