EntityBinding:0.91
AbstractEntityBinder:0.4066666666666667
MetadataImpl:0.3233333333333333
EntityBinder:0.30666666666666664
RootEntityBinder:0.23
