JCPToolBar:0.5022222222222222
JCPEditorAppletTest:0.4514444444444445
