FlowExecutionContext:0.7666666666666667
FlowExecutionImpl:0.6033333333333334
FlowExecutionImplStateRestorer:0.22
MockFlowExecutionContext:0.17666666666666667
AbstractConversationFlowExecutionRepository:0.16
FlowRequestHandlerTests:0.15666666666666668
FlowExecutorIntegrationTests:0.12
FlowRedirectSelector:0.10666666666666667
FlowExecutionImplStateRestorerTests:0.09333333333333334
TestAction:0.07666666666666666
ContinuationFlowExecutorIntegrationTests:0.02
ClientContinuationFlowExecutorIntegrationTests:0.02
