ObjectiveCImplementationGenerator:0.49666666666666665
ObjectiveCSourceFileGenerator:0.45666666666666667
ObjectiveCHeaderGenerator:0.365
