StackAwareMethodVisitor:0.33666666666666667
ForParameter:0.31666666666666665
ForReturnValue:0.275
ForOrigin:0.24137301587301588
ForThisReference:0.21692857142857142
ForField:0.18726190476190477
