MigrationOperation:0.38666666666666666
BeforePromotionTask:0.3377777777777778
FinalizeMigrationOperation:0.27666666666666667
MigrationRequestOperation:0.27
PromotionCommitOperation:0.25333333333333335
FailingOperationResponseHandler:0.24666666666666667
DummyOperation:0.21
