Jdk:0.6333333333333333
TestJdk:0.29
SunCompiler:0.16555555555555557
StringClassFile:0.09
