PacketEncoder:0.6166666666666667
PacketDecoder:0.39
PacketListener:0.2297222222222222
