MessageSecurityMetadataSourceRegistry:0.5
AbstractSecurityWebSocketMessageBrokerConfigurer:0.35333333333333333
WebSocketMessageSecurityMetadataSourceRegistry:0.24666666666666667
AbstractSecurityWebSocketMessageBrokerConfigurerTests:0.20666666666666667
OverrideMsmsRegistryCustomPatternMatcherConfig:0.18266666666666664
DelegatingPathMatcher:0.17666666666666667
DefaultPatternMatcherConfig:0.15933333333333333
MsmsRegistryCustomPatternMatcherConfig:0.156
