MDateSpinner:0.20907944
MCalendar:0.179532
DateProperty:0.122618996
MCalendarPanel:0.095053285
Config:0.08157435
TK:0.05587533
MText:0.053198863
MTip:0.039592993
MLogger:0.024070138
MMessage:0.01983994
Property:0.018376157
