Lifecycle:0.7566666666666667
UserContext:0.41333333333333333
StringUtils:0.2966666666666667
TestingEnvironment:0.17916666666666667
TestUserContext:0.05333333333333334
TestConstants:0.0
