DBCollection:0.5333333333333333
DBObjectCodec:0.41333333333333333
DefaultDBCallback:0.32666666666666666
Tweet:0.18266666666666664
DatabaseTestCase:0.17666666666666667
CollectibleDBObjectCodec:0.13666666666666666
DBCollectionTest:0.12
