InsertTextPanel:0.5066666666666667
JChemPaintAbstractApplet:0.4622222222222222
CopyPasteAction:0.22666666666666666
