Tds:0.6866666666666666
PacketRowResult:0.36666666666666664
SAfeTest:0.28
CursorResultSet:0.22666666666666666
ParameterUtils:0.11666666666666667
