ServerWindow:0.7233333333333334
ServerDisplay:0.5533333333333333
MapItemsPaneRenderer:0.39
WidgetsRefHandler:0.38
ServerXMLWidget:0.3433333333333333
WindowElement:0.2773333333333333
AbstractWindowElement:0.27666666666666667
ARINCModelFactory:0.27
AbstractServerCockpit:0.26
JFXServerDisplay:0.26
RendererKey:0.255
JFXRenderersHandler:0.23666666666666666
SwingRenderersHandler:0.23666666666666666
Selector:0.20666666666666667
SuperLayerGenerator:0.19333333333333333
AbstractServerEngine:0.19
WindowConnector:0.16666666666666666
JFXServerCockpitWithExtensionsTest:0.16
GenerateWORDAction:0.13333333333333333
ARINCDataScalingULong:0.11333333333333333
ARINCDataScalingLong:0.11333333333333333
