RippleDrawable:0.8066666666666666
Carbon:0.48
ViewHolder:0.12666666666666668
LogInterpolator:0.013333333333333334
