Parser:0.6066666666666667
ParserRuleContext:0.5066666666666667
DefaultErrorStrategy:0.25666666666666665
TraceListener:0.2377777777777778
Recognizer:0.22333333333333333
FailedPredicateException:0.1811111111111111
RecognitionException:0.13
