SwingUIManager:0.8166666666666667
SwingServerWindow:0.2866666666666667
Selector:0.23666666666666666
