ClientCallImpl:0.49333333333333335
AsyncClient:0.38666666666666666
ClientStreamListenerImpl:0.26666666666666666
ClientCallImplTest:0.19333333333333333
