WordVectors:0.6566666666666666
BasicModelUtils:0.44333333333333336
WordVectorSerializer:0.2966666666666667
WordVectorsImpl:0.24333333333333335
Word2VecTests:0.20333333333333334
FlatModelUtilsTest:0.04
FlatModelUtils:0.016666666666666666
