JsonPath:0.42
JsonPathTest:0.3333333333333333
PathTokenizer:0.25
FieldFilter:0.16444444444444445
ConditionStatement:0.15
FilterFactory:0.12666666666666668
ArrayIndexFilter:0.09
