SingleTaskActivity:0.5016666666666667
DownloadTarget:0.4533333333333333
HttpFileInfoThread:0.2633333333333333
AbsTaskEntity:0.15
