RunCommandTest:0.3044444444444444
DefaultCommand:0.3
ServiceCommandLookupTest:0.11333333333333333
