MouseHandler:0.66921574
TextArea:0.3743814
SelectionManager:0.19301204
TextAreaPainter:0.16778587
ChunkCache:0.16358751
Gutter:0.15443818
StandaloneTextArea:0.113298185
GUIUtilities:0.09249317
JEditBuffer:0.08842094
TextUtilities:0.058969375
Selection:0.022546059
OperatingSystem:0.011204689
AbstractInputHandler:0.0058564264
StandardUtilities:0.004816253
