DescriptorExposerTest:0.5966666666666667
ExposedTypeProcessorTest:0.42333333333333334
InstanceMethodExposer:0.38333333333333336
