AllocationDecider:0.6866666666666666
PrimaryShardAllocatorTests:0.3333333333333333
AllocationDeciders:0.32
MaxRetryAllocationDeciderTests:0.28
MaxRetryAllocationDecider:0.21177777777777776
PrimaryShardAllocator:0.19
PrimaryAllocationIT:0.03
