BootstrapTheme:0.65
FontAwesomeText:0.4166666666666667
BootstrapDrawableFactory:0.25666666666666665
BootstrapLabel:0.25
BootstrapButton:0.2
MainActivity:0.15
