Mapper:0.6372222222222222
MapperAnnotationBuilder:0.4033333333333333
MultipleResultSetTest:0.25
