FGProvider:0.48333333333333334
PlaybackReader:0.4533333333333333
