PubConnection:0.8133333333333334
ConnectionFactory:0.5677777777777777
Hits:0.3
SqlSearcher:0.28
ConnectionFactoryTest:0.20166666666666666
