CrewEditorFX:0.6866666666666666
Delta:0.4442619047619048
SimuLoggingFormatter:0.21333333333333335
