GwtTeamingMessages:0.668888888888889
SearchFilter:0.32666666666666666
ConfigureUserMobileAppsDlg:0.2733333333333333
DefaultProfileCoreProcessor:0.2305555555555555
Constants:0.23
ConfigureUserFileSyncAppDlg:0.21666666666666667
GwtServerHelper:0.2
ProfileIndexUtils:0.2
GwtUserMobileAppsConfig:0.12
GwtSearchHelper:0.10666666666666667
GwtUserFileSyncAppConfig:0.056666666666666664
