UserDAOImplTest:0.8094444444444445
ProjectDAOImplTest:0.36333333333333334
