StructureDiagramGenerator:0.42333333333333334
GeometryTools:0.3433333333333333
MoleculeViewer2D:0.31666666666666665
AtomPlacer:0.3
RingSet:0.24666666666666667
StructureDiagramGeneratorTest:0.21333333333333335
MoleculeListViewer:0.13
MoleculeFactory:0.12
CDKTests:0.05288888888888889
