Client:0.5852777777777778
IndexRequest:0.38666666666666666
Node:0.3233333333333333
BulkRequest:0.32
IndicesAdmin:0.31333333333333335
ThreadPool:0.2966666666666667
BulkProcessor:0.25666666666666665
Builder:0.215
IndexRequestBuilder:0.20666666666666667
FileScriptTests:0.19
LoggingRunnable:0.19
UpdateThreadPoolSettingsTests:0.18333333333333332
ClusterAdmin:0.17666666666666667
SimpleIndexTemplateIT:0.17333333333333334
AbstractClient:0.15
Fields:0.12333333333333334
Names:0.12
ActionModule:0.11666666666666667
RestIndexAction:0.08333333333333333
NetworkModule:0.03666666666666667
RestBulkAction:0.006666666666666667
