Domain:0.8033333333333333
SubmissionAction:0.22333333333333333
