GeoDistanceSortBuilderTests:0.4066666666666667
NestedQueryBuilderGenerator:0.3839444444444445
ScriptSortBuilderTests:0.37333333333333335
FieldSortBuilderTests:0.37
