AtmosphereFramework:0.49666666666666665
AtmosphereServlet:0.41200000000000003
TomcatCometSupport:0.22333333333333333
JBossWebCometSupport:0.22333333333333333
DefaultAsyncSupportResolver:0.21
Servlet30CometSupport:0.20444444444444446
BlockingIOCometSupport:0.20233333333333334
Tomcat7CometSupport:0.15
MeteorServlet:0.14
AtmosphereFilter:0.11333333333333333
