KerasGaussianNoise:0.49666666666666665
KerasGaussianDropout:0.48333333333333334
KerasAlphaDropout:0.48333333333333334
KerasGaussianDropoutTest:0.13333333333333333
KerasGaussianNoiseTest:0.13333333333333333
KerasAlphaDropoutTest:0.11333333333333333
