RestAssured:0.5366666666666666
RestAssuredConfig:0.37333333333333335
CertificateAuthSettings:0.36
RequestSpecBuilder:0.2991666666666667
SpecificationBuilderITest:0.21333333333333335
AuthenticationSpecification:0.17
AuthConfig:0.04666666666666667
