AntScript:0.75
AntScriptTest:0.4866666666666667
AntOutputLogger:0.11333333333333333
AntOutputLoggerTest:0.03
