RE:0.7733333333333333
REMatchEnumeration:0.30666666666666664
REToken:0.22916666666666666
REMatch:0.22666666666666666
RETokenLookAhead:0.17666666666666667
UncheckedRE:0.04666666666666667
