Mirror:0.55
Scans:0.5466666666666666
AnnotationIocLoader:0.25666666666666665
StructureConvert:0.21333333333333335
AbstractLog:0.21333333333333335
MethodParamNamesScaner:0.19666666666666666
UploadAdaptor:0.14
ArrayRandom:0.11333333333333333
ClassTools:0.11
Html5Uploading:0.11
AbstractOpt:0.09666666666666666
