RecordStore:0.6728333333333333
DefaultRecordStore:0.47333333333333333
MapService:0.45
Merger:0.19111111111111112
PartitionCallable:0.11
