FormattedLines:0.5033333333333333
ContextFormatter:0.33666666666666667
Results:0.3233333333333333
PlainAnalyzer:0.21666666666666667
PrintPlainFinalArgs:0.15666666666666668
