MapService:0.5233333333333333
DefaultRecordStore:0.4
MapStoreTest:0.37666666666666665
MapContainer:0.31333333333333335
PutBackupOperation:0.26666666666666666
EvictionTest:0.24666666666666667
MapReplicationOperation:0.19666666666666666
BasePutOperation:0.18333333333333335
MapLoadAllTask:0.10666666666666667
