EChain:0.4533333333333333
LDefArray:0.3655555555555556
ArrayTests:0.3466666666666667
