FooBarTest:0.42333333333333334
ParentChildTest:0.3458333333333333
SQLFunctionsInterSystemsTest:0.3313888888888889
MultiTableTest:0.32916666666666666
MasterDetailTest:0.3263888888888889
SQLFunctionsTest:0.3163888888888889
FumTest:0.31333333333333335
ASTParserLoadingTest:0.30277777777777776
ABCProxyTest:0.26872222222222225
DynamicFilterTest:0.23022222222222222
CustomSQLTest:0.19205555555555556
IJ2Test:0.19187878787878787
ABCTest:0.18838888888888888
IJTest:0.1632121212121212
LegacyTestCase:0.12
