imp:0.6433333333333333
importer:0.3333333333333333
APIReader:0.3144444444444444
Matryoshka:0.20666666666666667
