Atom:0.4866666666666667
AtomContainer:0.4033333333333333
ChemFile:0.2966666666666667
ElectronContainer:0.295
Molecule:0.295
Bond:0.27
Crystal:0.25
Isotope:0.23333333333333334
Element:0.23
PseudoAtom:0.21666666666666667
AtomContainerSet:0.20333333333333334
Strand:0.20333333333333334
ChemSequence:0.19666666666666666
ChemModel:0.19333333333333333
LonePair:0.19
Association:0.17333333333333334
AminoAcid:0.17
AtomType:0.17
RingSet:0.16
Fragment:0.09333333333333334
Monomer:0.08666666666666667
FragmentAtom:0.06666666666666667
