Context:0.7866666666666666
DOManager:0.5833333333333334
ReadOnlyContext:0.4633333333333333
Server:0.42
SimpleDOWriter:0.30833333333333335
DefaultDOManager:0.29333333333333333
WritableContext:0.29
SimpleDOReader:0.2733333333333333
FastDOReader:0.27
FastBdefReader:0.24666666666666667
FastBmechReader:0.23666666666666666
DisseminationService:0.22833333333333333
DynamicAccessModule:0.22
JAASRealm:0.21
FieldSearchTest:0.20666666666666667
PolicyFinderModule:0.20333333333333334
DefaultAccess:0.20333333333333334
GetNextPIDServlet:0.20333333333333334
FedoraAPIABindingSOAPHTTPImpl:0.20166666666666666
DefaultManagement:0.2
FedoraAPIMBindingSOAPHTTPImpl:0.2
UploadServlet:0.19333333333333333
RepositoryReaderTest:0.19333333333333333
FieldSearchServlet:0.19333333333333333
FieldSearchResultSQLImpl:0.18666666666666668
ReportServlet:0.18333333333333332
SQLRebuilder:0.18333333333333332
OAIProviderServlet:0.17666666666666667
FedoraAccessServlet:0.17
FieldSearchSQLImpl:0.16666666666666666
GetObjectHistoryServlet:0.16333333333333333
DescribeRepositoryServlet:0.16333333333333333
RepositoryReader:0.15861111111111112
ListMethodsServlet:0.15
ListDatastreamsServlet:0.14666666666666667
ResourceAttributeFinderModule:0.13
DatastreamResolverServlet:0.12666666666666668
DirectoryBasedRepositoryReader:0.12
ServerController:0.10666666666666667
