RunToCursorAction:0.6364814814814815
RunBackToCursorAction:0.13777777777777778
