UdpTransport:0.3466666666666667
ControlFrameHandler:0.2866666666666667
NioSelector:0.25
NakFrameHandler:0.0011111111111111111
DataFrameHandler:0.0011111111111111111
StatusMessageFrameHandler:0.0011111111111111111
