SearchDialog:0.5166666666666667
SelectionWindow:0.5
MainWindow:0.4666666666666667
