PgCatalog:0.2769444444444445
PgType:0.22
PgConstraint:0.22
PgInherits:0.22
PgClass:0.22
PgNamespace:0.22
PgCursor:0.21666666666666667
PgAttrdef:0.16
PgEnum:0.16
PgDescription:0.16
PgProc:0.16
PgAttribute:0.16
PgCollation:0.16
PostgresDatabase:0.14333333333333334
Tables:0.14
Routines:0.12833333333333333
DefaultCatalog:0.06666666666666667
