BackendBean:0.6033333333333334
BackendBeanRemote:0.55
KuwaibaWebservice:0.5066666666666667
