StringUtil:0.42333333333333334
SpecVisitor:0.3416666666666667
XML2Java:0.25666666666666665
XMLBinder:0.24666666666666667
H2DSMetadata:0.19666666666666666
LangUtil:0.19
Java2XML:0.18
