XmlConfigBuilder:0.36333333333333334
MapStoreTest:0.3233333333333333
XMLConfigBuilderTest:0.2633333333333333
Task:0.25333333333333335
IdGeneratorProxy:0.225
TestFullApplicationContext:0.20666666666666667
BasicMapTest:0.20333333333333334
PartitionCallableRequest:0.20055555555555557
ClientIdGeneratorProxy:0.2
ExecutionDelayTest:0.19333333333333333
RemainingCapacityRequest:0.16
IdGeneratorTest:0.14
ClientIdGeneratorTest:0.0033333333333333335
