ConfigUtils:0.45
SecurityNamespaceHandler:0.14666666666666667
BeanIds:0.014444444444444444
Elements:0.014444444444444444
