ShamProject:0.3933333333333333
ShamLaunchConfiguration:0.3930793650793651
ShamResource:0.3333333333333333
ShamIPath:0.32
ShamLaunchConfigurationWorkingCopy:0.31
ShamLaunchManager:0.30666666666666664
