CaSession:0.8111111111111111
CAAdminSessionBean:0.5533333333333333
CaSessionBean:0.3977777777777778
