ImportColumn:0.3933333333333333
XPersistence:0.38
LoadCSVAction:0.35333333333333333
Import:0.2833333333333333
LoadImageAction:0.20666666666666667
