FlowController:0.6116666666666667
FlowExecutorImpl:0.29388888888888887
