ExonI:0.4741666666666667
Config:0.41333333333333333
Transcript:0.3455555555555555
ApolloPanel:0.3333333333333333
DrawableSeqFeature:0.33
Exon:0.24333333333333335
Gene:0.23333333333333334
AnnotationView:0.22333333333333333
AnnotatedFeatureSet:0.21333333333333335
ApolloFrame:0.21333333333333335
ExonHolder:0.21
AnnotationMenu:0.2
