CodeWriter:0.4
TypeSpecTest:0.36333333333333334
CodeBlock:0.3466666666666667
TypeName:0.33
AnnotationSpec:0.3
CodeBlockTest:0.25333333333333335
MethodSpec:0.24333333333333335
TypeSpec:0.24333333333333335
JavaFile:0.16333333333333333
MethodSpecTest:0.16
ParameterSpec:0.07
FieldSpec:0.06
ParameterSpecTest:0.03666666666666667
IsAnnotated:0.03666666666666667
FieldSpecTest:0.03666666666666667
