MaterialCalendarView:0.4766666666666667
DayView:0.28
CalendarPagerView:0.19805555555555557
SavedState:0.16666666666666666
MonthView:0.1411111111111111
DynamicSettersActivity:0.13
WeekView:0.07
