ChunkOrientedTasklet:0.7133333333333334
StatefulRetryTasklet:0.24333333333333335
