Packet:0.4266666666666667
ConcurrentMapManager:0.38666666666666666
Node:0.35
Request:0.3433333333333333
PartitionManager:0.29333333333333333
HazelcastTest:0.29
TransactionTest:0.28
QueryTest:0.2733333333333333
ClusterTest:0.22666666666666666
BaseManager:0.22
NoneStrictObjectPool:0.19305555555555554
LongRunningTest:0.16333333333333333
MapStoreTest:0.14
ResponsiveOperationHandler:0.13333333333333333
ReadHandler:0.12333333333333334
TargetAwareOperationHandler:0.11
RemoveMultiOperationHandler:0.05333333333333334
AddRemoveListenerOperationHandler:0.006666666666666667
MTargetAwareOperationHandler:0.0
