Util:0.5833333333333334
ValidationProcessor:0.32
ModuleAdapterProcessor:0.24666666666666667
GraphAnalysisProcessor:0.2428888888888889
CodeGenerationIncompleteException:0.11333333333333333
