TriggerRouterService:0.44
SequenceService:0.39666666666666667
ClusterService:0.3466666666666667
RedshiftSymmetricDialect:0.30666666666666664
RedshiftTriggerTemplate:0.22
RedshiftJdbcSqlTemplate:0.08666666666666667
SequenceServiceSqlMap:0.02666666666666667
