FrameDescriptor:0.5266666666666666
LogScannerTest:0.44666666666666666
LogReaderTest:0.36
