AspectGraph:0.48333333333333334
GraphvizToInstance:0.37333333333333335
EcoreToInstance:0.3
GxlToInstance:0.27666666666666667
GrooveToInstance:0.17666666666666667
InstanceImporter:0.17666666666666667
DotPorter:0.12666666666666668
