Peer:0.72
PeerLifecycleListener:0.43111111111111106
PeerGroup:0.38333333333333336
PeerHandler:0.23666666666666666
PeerGroupTest:0.21666666666666667
PeerStartupListener:0.11666666666666667
