EditText:0.6377777777777777
ContactSuggestionAdapter:0.33
ContactEditText:0.31666666666666665
Builder:0.31
ContactTextWatcher:0.18666666666666668
RecipientSpan:0.14666666666666667
ContactChipSpan:0.14
RecipientMovementMethod:0.13777777777777775
ContactReplaceAdapter:0.10666666666666667
