InternalMDDParser:0.4633333333333333
InternalMDDLexer:0.26666666666666666
MDDGrammarAccess:0.21
DFA112:0.17355555555555555
IdentPrimaryElements:0.17333333333333334
DFA97:0.14266666666666666
DFA41:0.14266666666666666
IdentPrimary_Alternatives:0.12333333333333334
IdentPrimary_NILParserRuleCall_2:0.06333333333333334
NILElements:0.02
