ThreadStateMapping:0.39
SyspathArchive:0.35
ReflectedArgs:0.29333333333333333
SysPackageManager:0.2833333333333333
ThreadState:0.26
ReflectedCallData:0.24
StdoutWrapper:0.18666666666666668
SoftIInternalTables:0.13666666666666666
WeakInternalTables:0.13666666666666666
StderrWrapper:0.13666666666666666
SyspathJavaLoader:0.12666666666666668
