XTestConfig:0.5483333333333333
AssertionEngine:0.42333333333333334
XCAIGRetrieveTransaction:0.31166666666666665
