XmlRpcProtocol:0.7322222222222222
JsonRpcProtocol:0.46416666666666667
