Value:0.7105555555555555
SOAPProtocol:0.4166666666666667
