CacheTest:0.3466666666666667
AsyncLoadingCacheTest:0.31666666666666665
GuavaLoadingCache:0.26666666666666666
LoadingCacheTest:0.16666666666666666
