ISecurityService:0.6666666666666667
SecurityService:0.5366666666666666
SymmetricLauncher:0.4088888888888889
