ProxyFile:0.4866666666666667
ProxyBlob:0.47111111111111104
