FormatImageActionTag:0.6797222222222223
FormatCustomFieldTag:0.44527777777777783
