Binding:0.5653333333333334
ConstructorBinding:0.37
Linker:0.31333333333333335
ObjectGraph:0.28
