ScheduleTest:0.5283333333333333
ModificationSetTest:0.49333333333333335
