QuestionForm:0.6066666666666667
QuestionAction:0.37666666666666665
AnswerRow:0.34
KeyWordAction:0.31333333333333335
QuestionnaireAction:0.19333333333333333
