Robot:0.67
ComponentTester:0.55
ComponentReference:0.3466666666666667
AbstractButtonTester:0.18
ContextTracker:0.08666666666666667
