IBioResource:0.9216666666666666
BioResource:0.5933333333333334
BioResourceView:0.4033333333333333
