ID:0.45642857142857146
PatientRecordMessage:0.25666666666666665
HealthServicesProvisionEventMessage:0.08666666666666667
PatientCareResourceAssignmentMessage:0.08666666666666667
MedicationEventMessage:0.08666666666666667
PatientCareEpisodeMessage:0.08666666666666667
PatientCareProtocolMessage:0.08666666666666667
