NativeSQLQueryNonScalarReturn:0.36666666666666664
NativeSQLQueryCollectionReturn:0.22333333333333333
NativeSQLQueryJoinReturn:0.22333333333333333
NativeSQLQueryRootReturn:0.20666666666666667
NativeSQLQueryScalarReturn:0.20666666666666667
