BitmapFontCache:0.5822222222222222
CircularBuffer:0.4533333333333333
CircularFloatBuffer:0.3363888888888889
