LinkToUrlProperties:0.35333333333333333
LinkToUrlWidgetDlgBox:0.3466666666666667
GwtTeamingMessages:0.3
ListProperties:0.25666666666666665
ListWidgetDlgBox:0.24
LinkToUrlDropWidget:0.18666666666666668
LinkUrlPaletteItem:0.12
