View:0.7733333333333333
BaseAction:0.36
ServiceBean:0.33666666666666667
CustomerBean:0.32666666666666666
ViewInfo:0.30053174603174604
InvoicesTest:0.29
DeleteSelectedAction:0.24
ViewDetailAction:0.23333333333333334
ChangeLenguageAction:0.20666666666666667
ReferenceSearchAction:0.20166666666666666
OnChangePropertyBaseAction:0.19666666666666666
CreateNewFromReferenceAction:0.19333333333333333
GoListAction:0.14333333333333334
SaveElementInCollectionAction:0.14
LoadImageAction:0.13666666666666666
CollectionElementViewBaseAction:0.13666666666666666
ViewBaseAction:0.13666666666666666
SaveNewAction:0.13666666666666666
CollectionBaseAction:0.13333333333333333
DeleteAction:0.12666666666666668
EditElementInCollectionAction:0.12333333333333334
SetCustomViewAction:0.11
SearchByViewKeyAction:0.09333333333333334
ConfirmDeleteAction:0.09333333333333334
RemoveElementFromCollectionAction:0.09333333333333334
ChooseReferenceAction:0.09
