OpenIdServletContextListener:0.5638055555555556
AbstractServletContextInitializer:0.55
OAuthServletContextListener:0.17666666666666667
