ListRecordingsSession:0.7166666666666667
ReplaySession:0.6866666666666666
ArchiveAndReplaySystemTest:0.4166666666666667
ArchiveConductor:0.26666666666666666
