ClientExecutionServiceImpl:0.43333333333333335
ClientPartitionServiceImpl:0.34
RefreshTask:0.33666666666666667
ClientRegressionWithMockNetworkTest:0.21533333333333332
