DefaultRecordStore:0.5633333333333334
AbstractEvictableRecordStore:0.36666666666666664
MapContainer:0.3233333333333333
ExpirationTimeSetter:0.21333333333333335
