ESGetNode:0.37
TestingTableInfo:0.25
ESGetTask:0.24666666666666667
TransportExecutorTest:0.22666666666666666
Visitor:0.17333333333333334
Planner:0.16666666666666666
TestModule:0.16666666666666666
Builder:0.11333333333333333
TransportExecutor:0.10666666666666667
PlannerTest:0.03333333333333333
MultiGetResponseListener:0.0033333333333333335
