MergePolicyConfig:0.6666666666666666
IndexStatsIT:0.37666666666666665
MergePolicySettingsTests:0.29
UpdateSettingsIT:0.26666666666666666
ClusterModule:0.20666666666666667
