QueryRetrieveScpService:0.4533333333333333
RetrieveInfo:0.4266666666666667
AbstractFileCopyService:0.41333333333333333
FindScp:0.225
MultiCFindRsp:0.17833333333333334
FileSystemMgtService:0.15333333333333332
FileCopyService:0.14
FTPArchiverService:0.12666666666666668
MoveTask:0.10333333333333333
VMFFindScp:0.07333333333333333
BlockedFindScp:0.0033333333333333335
VMFBuilder:0.0033333333333333335
