PaletteItem:0.51
LandingPageEditor:0.4533333333333333
Palette:0.44666666666666666
DragProxy:0.22333333333333333
