GLContext:0.4397619047619048
GL11:0.4322222222222223
EXTPalettedTexture:0.15
SUNSliceAccum:0.0011111111111111111
HPOcclusionTest:0.0011111111111111111
IBMRasterposClip:0.0011111111111111111
