BaseSetup:0.3566666666666667
Setup:0.35
AbstractGenericClient:0.2966666666666667
TestJPPFClient:0.26
JMXHandler:0.18944444444444444
JMXThreadsRunner:0.16333333333333333
