ClassUtils:0.66
RedissonObjectBuilder:0.30666666666666664
AccessorInterceptor:0.30666666666666664
LiveObjectInterceptor:0.12666666666666668
RExpirableInterceptor:0.11666666666666667
RMapInterceptor:0.11666666666666667
FieldAccessorInterceptor:0.09333333333333334
RIdResolver:0.036166666666666666
UUIDGenerator:0.0
RObjectInterceptor:0.0
