GenericConversionService:0.43
DefaultConversionServiceTests:0.37333333333333335
ObjectToArray:0.328
ArrayToCollection:0.26666666666666666
ObjectToCollection:0.2
DefaultConversionService:0.10433333333333332
