TableEditorView:0.5333333333333333
Dialect:0.479
TableEditor:0.31666666666666665
MySQLDialect:0.21333333333333335
ERDesignerBundle:0.12111111111111111
