StructureResonanceGenerator:0.6633333333333333
StructureResonanceGeneratorTest:0.5666666666666667
