CoreDao:0.7416666666666667
BinderHelper:0.48333333333333334
TemplateModuleImpl:0.30333333333333334
CoreDaoImpl:0.28
TemplateModule:0.26666666666666666
ConfigureConfigurationController:0.22666666666666666
ConfigurePostingJobController:0.15666666666666668
