WhiteRectangleDetector:0.6966666666666667
Detector:0.455
DataMatrixBlackBox2TestCase:0.18666666666666668
DataMatrixBlackBox1TestCase:0.14333333333333334
