DictionaryBlock:0.32133333333333336
AbstractFixedWidthBlock:0.2866666666666667
AbstractArrayBlock:0.25666666666666665
AbstractMapBlock:0.25666666666666665
VariableWidthBlockBuilder:0.24300000000000002
LongArrayBlockBuilder:0.24300000000000002
AbstractInterleavedBlock:0.21666666666666667
IntArrayBlockBuilder:0.20033333333333334
ShortArrayBlockBuilder:0.20033333333333334
ByteArrayBlockBuilder:0.20033333333333334
