Operation:0.5733333333333334
Translation:0.5462619047619047
Rotation:0.46626190476190477
Shape:0.4447619047619048
UnitCell:0.4066666666666667
Symmetry:0.40626190476190477
Viewer:0.3933333333333333
Function:0.35667460317460314
Text:0.32666666666666666
NbrowseGoose:0.3233333333333333
Labels:0.31666666666666665
SpaceGroup:0.30333333333333334
Compiler:0.23531746031746034
RotationTerm:0.20055555555555554
MeasuresRenderer:0.19333333333333333
Measures:0.17666666666666667
HallInfo:0.1630952380952381
SymmetryInfo:0.14111111111111113
LabelsRenderer:0.09666666666666666
FlowContext:0.06666666666666667
