QueryCompletionEvent:0.67
SplitCompletionEvent:0.5166666666666667
QueryMonitor:0.5
SqlTaskExecution:0.3933333333333333
