IReactionScheme:0.8133333333333334
ReactionScheme:0.44666666666666666
ReactionSchemeTest:0.08333333333333333
