ParsedReaderResultTestCase:0.38666666666666666
GeoParsedResult:0.25
ZXingMIDlet:0.24083333333333334
EmailAddressParsedResult:0.23666666666666666
DecodeServlet:0.22611111111111115
NDEFRecord:0.22611111111111115
UPCParsedResult:0.22
MobileTagRichWebParsedResult:0.21666666666666667
AbstractDoCoMoParsedResult:0.21
BarcodeReaderCaptureActivity:0.19833333333333333
SMSParsedResult:0.19333333333333333
AndroidIntentParsedResult:0.18444444444444444
URIParsedResult:0.17666666666666667
ResultHandler:0.16666666666666666
TelParsedResult:0.13666666666666666
NDEFSmartPosterParsedResult:0.10333333333333333
TextParsedResult:0.09333333333333334
