NodeRenderer:0.5685714285714286
HtmlTableTreeRenderer:0.37
TreeRenderer:0.2733333333333333
AsciiTreeRenderer:0.21
DefaultNodeRenderer:0.10666666666666667
