XmlFlowBuilder:0.53
Mapping:0.3233333333333333
BookingService:0.308
GenericConversionService:0.25
BindAction:0.24833333333333332
JpaBookingService:0.21333333333333335
BindActionTests:0.14666666666666667
BindBean:0.05416666666666667
