CommunicationsStub:0.8033333333333333
ChildrenViewScene:0.38
AuditTrailTopComponent:0.31666666666666665
AuditTrailService:0.18444444444444444
