BaseActionDelegate:0.5316666666666666
BSHDecisionProvider:0.29
ParamChange:0.20333333333333334
BotsXmlContentProvider:0.18666666666666668
