Player:0.49666666666666665
SLTime:0.43
Counter:0.41888888888888887
Nationality:0.3933333333333333
Action:0.335
Infantry:0.3333333333333333
Game:0.30666666666666664
Gun:0.30333333333333334
Vehicle:0.2733333333333333
Weapon:0.27
Radio:0.25666666666666665
DesignedScenario:0.24333333333333335
Transport:0.23333333333333334
Scenario5:0.19
GamesMasterRemote:0.18666666666666668
MapCanvas:0.18333333333333332
Tables:0.13666666666666666
Germany:0.12
Rumania:0.11333333333333333
America:0.09666666666666666
Russia:0.04666666666666667
