LinuxDisplay:0.780888888888889
KeyboardEventQueue:0.38333333333333336
LinuxAWTInput:0.2833333333333333
