Tab:0.6036111111111111
MovieTest:0.32
InvoiceTest:0.2833333333333333
Movie:0.28
CarrierWithSectionsTest:0.23
