TypeViewList:0.71
StoredGrammarView:0.4166666666666667
RuleSystem:0.23
GenericGrammarView:0.17638888888888887
PreviewTypeAction:0.12333333333333334
SetTypeRoleAction:0.12333333333333334
