EntityIndexUtils:0.4633333333333333
FieldFactory:0.3625
FieldBuilderGeneric:0.22666666666666666
VibeIndexAnalyzerTest:0.08333333333333333
FieldBuilderGenericAnalyzed:0.0
