Client:0.6396666666666667
Jedis:0.5933333333333334
JedisCommandTestBase:0.1
