OkClient:0.4766666666666667
UrlConnectionClient:0.4633333333333333
ApacheClient:0.44
