Permission:0.616388888888889
AdminProcessor:0.4
RoleQueryService:0.21666666666666667
