ComputationGraph:0.7066666666666667
MultiLayerNetwork:0.5333333333333333
ConvolutionLayer:0.31777777777777777
BaseLayer:0.28
