Tuple:0.41333333333333333
BlockAssertions:0.3433333333333333
AggregationTestUtils:0.25333333333333335
Builder:0.25
FunctionAssertions:0.19
TestInterpretedProjectionFunction:0.15666666666666668
TestFileBlocksSerde:0.09333333333333334
