VAdjMaDescriptor:0.32
ZagrebIndexDescriptor:0.32
WeightDescriptor:0.10666666666666667
RotatableBondsCountDescriptor:0.10666666666666667
GravitationalIndexDescriptor:0.10666666666666667
BondCountDescriptor:0.10666666666666667
AtomCountDescriptor:0.10666666666666667
