AbstractContextOptionPane:0.24080051
ActionSet:0.11594031
jEdit:0.092069656
JEditActionSet:0.080608055
GUIUtilities:0.07264634
EditAction:0.067665465
JEditAbstractEditAction:0.036129124
EnhancedDialog:0.025376858
