CliTest:0.53
Command:0.27666666666666667
Cli:0.19333333333333333
CheckCommand:0.15333333333333332
BadAppException:0.08888888888888889
CustomCommand:0.07333333333333333
