SSADefinition:0.5333333333333333
EfficientDefinitionGraph:0.25666666666666665
Query:0.22666666666666666
SSABuilder:0.21
SSAValue:0.19
Phi:0.18166666666666667
IPSSABuilder:0.1611111111111111
SSABinding:0.14666666666666667
FormalIn:0.11833333333333333
SSABindingAnnote:0.10333333333333333
ActualOut:0.09333333333333334
Application:0.09333333333333334
Helper:0.05
ApplicationLaunchingPad:0.03333333333333333
