CollectionUtils:0.42333333333333334
ReturnMappedAttributeReleasePolicy:0.38333333333333336
AbstractResourceBasedServiceRegistryDaoTests:0.28
JasigRegisteredServiceDeserializationProblemHandler:0.2733333333333333
RegisteredServiceAttributeReleasePolicyTests:0.20666666666666667
AbstractRegisteredServiceTests:0.19666666666666666
ReturnMappedAttributeReleasePolicyTests:0.08
JsonServiceRegistryDaoTests:0.043333333333333335
