XLParser:0.59
Compiler:0.41333333333333333
XLTokenizer:0.38333333333333336
Producer:0.2966666666666667
JavaTokenizer:0.15666666666666668
CliqueEdges:0.10333333333333333
CompilerTokenTypes:0.0
XLTokenTypes:0.0
