TableAlias:0.7233333333333334
MetadataUtil:0.20666666666666667
Utils:0.1583730158730159
Rewriter:0.13666666666666666
AliasDao:0.1338888888888889
TableAliasMapper:0.12666666666666668
