IntervalSet:0.38733333333333336
DOTGenerator:0.38
TestATNConstruction:0.36
ParserATNFactory:0.2633333333333333
ATNPrinter:0.26
TestATNLexerInterpreter:0.17666666666666667
