AbstractInstrumentedTypeTest:0.43666666666666665
ImplementationContextDefaultTest:0.3566666666666667
Empty:0.32476190476190475
LazyFieldDescription:0.20916666666666667
ForLoadedField:0.20916666666666667
Latent:0.1825
AbstractFieldDescription:0.15666666666666668
FieldToken:0.13333333333333333
GenericTypeList:0.1162777777777778
AbstractBase:0.11166666666666666
