RedisAsyncConnection:0.581111111111111
RScript:0.45438888888888895
RedissonScript:0.18333333333333332
RedissonScriptTest:0.056666666666666664
