SecureContext:0.8366666666666667
MockHttpServletRequest:0.5
SecureContextImpl:0.36666666666666664
AbstractProcessingFilter:0.33666666666666667
BasicProcessingFilterTests:0.19666666666666666
JbossIntegrationFilterTests:0.18333333333333332
AbstractProcessingFilterTests:0.18
BasicProcessingFilter:0.18
HttpSessionContextIntegrationFilterTests:0.15
SecureContextUtils:0.14666666666666667
HttpRequestIntegrationFilter:0.13666666666666666
MockFilterChain:0.125
ContextHolderAwareRequestWrapperTests:0.09666666666666666
JbossIntegrationFilter:0.09
AuthenticationSimpleHttpInvokerRequestExecutor:0.09
HttpRequestIntegrationFilterTests:0.07666666666666666
ContextHolderAwareRequestWrapper:0.07666666666666666
HttpSessionContextIntegrationFilter:0.056666666666666664
ContextHolderAwareRequestFilter:0.03
ContextHolderAwareRequestFilterTests:0.025
AuthenticationSimpleHttpInvokerRequestExecutorTests:0.023333333333333334
ContextPropagatingRemoteInvocationTests:0.013333333333333334
ContextPropagatingRemoteInvocation:0.0033333333333333335
ContextPropagatingRemoteInvocationFactory:0.0033333333333333335
