MockResponse:0.6533333333333333
SpdyStream:0.58
SpdyConnection:0.30666666666666664
SpdySocketHandler:0.24666666666666667
HttpOverHttp20Draft09Test:0.04666666666666667
