SesameRDFContainer:0.87
PdfExtractorTest:0.3466666666666667
FileInspectorPanel:0.16666666666666666
OpenDocumentExtractorTest:0.15666666666666668
PlainTextExtractorTest:0.15333333333333332
TestAll:0.14333333333333334
ExtractorTestBase:0.14333333333333334
SesameRDFContainerFactory:0.14333333333333334
FileInspector:0.133
HtmlExtractorTest:0.08333333333333333
TestSesameRDFContainer:0.03
