SubscriptionData:0.5833333333333334
GwtTeamingMessages:0.481388888888889
GwtServerHelper:0.33
ActivityStreamCtrl:0.29333333333333333
GwtRpcService:0.27615079365079365
ActivityStreamUIEntry:0.2511111111111111
GwtRpcServiceAsync:0.23666666666666666
SubscribeToEntryDlg:0.23
PopupMenuItem:0.22
GwtRpcServiceImpl:0.2
