IUndoRedoable:0.8333333333333334
IControllerModel:0.5816666666666667
IUndoRedoFactory:0.5533333333333333
IChemModelEventRelayHandler:0.41305555555555556
ControllerModel:0.3566666666666667
IUndoListener:0.3272804232804233
AddBondModule:0.2633333333333333
IChemModelRelay:0.2525
ControllerHub:0.25
ControllerModuleAdapter:0.24666666666666667
IMouseEventRelay:0.24666666666666667
IControllerModule:0.22337301587301586
JChemPaintEditorWidget:0.20666666666666667
UndoRedoHandler:0.20666666666666667
AddAtomsAndBondsEdit:0.19
SwingMouseEventRelay:0.18333333333333332
AddRingModule:0.16
AlterBondStereoModule:0.13666666666666666
MoveModule:0.12333333333333334
SWTMouseEventRelay:0.11833333333333333
AddAtomModule:0.09666666666666666
ChangeFormalChargeModule:0.08333333333333333
CycleSymbolModule:0.08333333333333333
ChangeChargeEdit:0.055
MoveAtomEdit:0.055
RemoveAtomsAndBondsEdit:0.05333333333333334
RemoveModule:0.03333333333333333
ChangeCoordsEdit:0.023333333333333334
AdjustBondOrdersEdit:0.016666666666666666
ChangeAtomSymbolEdit:0.016666666666666666
ZoomModule:0.006666666666666667
CleanUpEdit:0.0025
FlipEdit:0.0
