Rect:0.3933333333333333
Registers:0.29
VFSDirectoryEntryTable:0.2833333333333333
VFSFileNameField:0.23611111111111113
SearchDialog:0.23
VFSFileChooserDialog:0.2
PositionManager:0.15333333333333332
ButtonActionHandler:0.10861111111111109
