ProxyHelper:0.44666666666666666
MapClientProxy:0.33666666666666667
MPut:0.27
MRemove:0.19
HazelcastClientMapTest:0.18333333333333332
ClientOperationHandler:0.14333333333333334
MRemoveItem:0.14
