TLSConfigService:0.36333333333333334
XDSIService:0.3333333333333333
HttpUserInfo:0.3333333333333333
MPPSScpService:0.308
ExportManagerService:0.26
StoreScpService:0.25
AbstractScpService:0.23
QueryRetrieveScpService:0.20333333333333334
