JSON:0.8766666666666667
EnumTest:0.26
JSONSerializerTest2:0.22666666666666666
MaterializedInterfaceTest:0.11
