Key:0.53
TypeLiteral:0.5233333333333333
AnnotationTypeStrategy:0.3460952380952381
Multibinder:0.21055555555555555
MapBinder:0.19583333333333333
TypeLiteralTest:0.12333333333333334
