Report:0.6033333333333334
ActionRun:0.22333333333333333
ActionStart:0.19
ReportGedcomStatistics:0.17666666666666667
ReportViewFactory:0.17277777777777778
ReportAncestors:0.14666666666666667
ReportDescendants:0.14666666666666667
ReportListSameChoices:0.09333333333333334
