AbstractEntityPersister:0.55
InsertGeneratedIdentifierDelegate:0.2352063492063492
Delegate:0.21
AbstractReturningDelegate:0.14194444444444446
AbstractSelectingDelegate:0.12666666666666668
InsertSelectDelegate:0.12666666666666668
GetGeneratedKeysDelegate:0.07333333333333333
PostInsertIdentityPersister:0.013333333333333334
