GwtGraphics:0.4866666666666667
GwtApplication:0.39
Skin:0.33
PreloaderBundleGenerator:0.26888888888888884
