VanillaChronicleMap:0.5783333333333334
AbstractChronicleMapBuilder:0.5758333333333333
ByteArray:0.35700793650793644
OSResizesMain:0.22333333333333333
DirectBytesBuffer:0.1807777777777778
RecursiveRefereneChMapTest:0.1
