Server:0.44333333333333336
SupervisorActor:0.4088888888888889
RequestReplyHelper:0.29333333333333333
GenServerTest:0.29
GenEventTest:0.2866666666666667
PeerTKB:0.205
Actor3:0.1627777777777778
Client:0.14
