SWDownloadFile:0.6233333333333333
DownloadEngine:0.43333333333333335
