QueueBinaryClientTest:0.44666666666666666
AddAllRequest:0.36333333333333334
PollRequest:0.32
QueuePortableHook:0.314
