HeapAnalyzer:0.53
Builder:0.44333333333333336
AnalysisResult:0.4033333333333333
HeapAnalyzerService:0.19777777777777777
ExcludedRefs:0.17
