AbstractTestFunctions:0.41333333333333333
TestExpressionInterpreter:0.32666666666666666
TestMapOperators:0.29
TestRowOperators:0.2833333333333333
TestExpressionCompiler:0.28
TestJoinUsing:0.23333333333333334
TestConditions:0.23333333333333334
TestArrayOperators:0.21333333333333335
TestFeaturesConfig:0.19
TestGrouping:0.18333333333333332
TestLegacyJoinUsing:0.17666666666666667
