Record:0.7633333333333333
CMap:0.30333333333333334
ConcurrentMapManager:0.24
DefaultRecord:0.23166666666666666
PartitionManager:0.22
SimpleRecord:0.21333333333333335
SemaphoreOperationHandler:0.1588888888888889
CountDownLatchOperationHandler:0.12333333333333334
AtomicNumberOperationHandler:0.10666666666666667
