Saros:0.6466666666666666
SarosContext:0.5933333333333334
SarosContextBuilder:0.23666666666666666
