ZipFileEntry:0.7033333333333334
SelectableEntryNode:0.3333333333333333
SaveSIPAction:0.2633333333333333
LoadSIPAction:0.23
