Targets:0.3933333333333333
Triggers:0.3933333333333333
Compound:0.37666666666666665
PluginRegistryTest:0.25
PluginRegistry:0.20666666666666667
CompoundTest:0.02666666666666667
TargetsTest:0.0075
TriggersTest:0.0075
