ArchiverConductor:0.5433333333333333
ArchiveAndReplaySystemTest:0.45
StreamInstanceArchiveWriter:0.4033333333333333
