Deliver:0.7163333333333335
BroadcasterListenerServiceProcessor:0.21333333333333335
