Keyword:0.5133333333333333
UserDefineLibrary:0.3333333333333333
DicManager:0.31
KeyWordComputer:0.3
