Injector:0.5433333333333334
Binding:0.49333333333333335
Key:0.4033333333333333
TypeLiteral:0.31333333333333335
InjectorImpl:0.30666666666666664
BindingImpl:0.14777777777777776
Bob:0.10838095238095237
BindingTest:0.1
