DefaultObjectDeserializer:0.45666666666666667
JSONSerializer:0.4033333333333333
ParserConfig:0.28
DefaultObjectDeserializerTest:0.20333333333333334
DefaultObjectDeserializerTest1:0.20333333333333334
ColorDeserializer:0.19444444444444445
SerializeConfig:0.1568888888888889
FontDeserializer:0.14777777777777776
Bug_for_Johnny:0.12
ColorSerializer:0.030396825396825394
