ButtonSupport:0.7766666666666666
ToolBarModel:0.2633333333333333
MenuModel:0.2633333333333333
MenuModelBase:0.25
