HtmlPage:0.7
HTMLElementTest:0.35
DomNodeTest:0.31333333333333335
HTMLInputElement:0.31333333333333335
HtmlUnitDOMBuilder:0.24333333333333335
HTMLParserTest:0.07666666666666666
ExtJS22Test:0.06
