AttributeSet:0.6466666666666666
IntHashtable:0.43333333333333335
Itr:0.3233333333333333
BasicAttributeSet:0.27
FilterAttributeSet:0.20666666666666667
