MapperService:0.4044444444444445
IndexService:0.4033333333333333
DocumentParser:0.37
DocumentMapper:0.36333333333333334
MapperServiceTests:0.34
