ExtensionLoader:0.49
FutureFilter:0.28
AbstractConfig:0.27
CollectionUtils:0.24944444444444447
MulticastRegistry:0.21833333333333332
JavaBeanDescriptor:0.21666666666666667
TelnetCodec:0.20666666666666667
HttpProtocol:0.2
MergeableClusterInvoker:0.13333333333333333
