RecordStore:0.6525
MapConfig:0.6066666666666667
MapContainer:0.3233333333333333
EvictionChecker:0.26
EvictorImpl:0.24666666666666667
SpringXmlConfigBuilder:0.22
XmlConfigBuilder:0.20777777777777778
AbstractEvictableRecordStore:0.20333333333333334
EvictionMaxSizePolicyTest:0.17666666666666667
TestFullApplicationContext:0.16666666666666666
XMLConfigBuilderTest:0.16
UpdateMapConfigOperation:0.13333333333333333
TestEvictor:0.02
