Dao:0.9
NutDao:0.44
FieldMatcher:0.25333333333333335
EntityService:0.22666666666666666
