MyExtendedCAService:0.48333333333333334
CaCacheTest:0.25333333333333335
SernoGeneratorTest:0.18
CaCertificateCacheTest:0.17666666666666667
MyExtendedCAServiceInfo:0.15
CertificateValidityTest:0.12666666666666668
MyExtendedCAServiceResponse:0.052
MyExtendedCAServiceRequest:0.02
