GraphViewI:0.6633333333333333
JnetManager:0.4633333333333333
NodeMover:0.38666666666666666
GraphData:0.3333333333333333
NBrowseApplet:0.24583333333333332
FormulaView:0.24111111111111114
LayoutThread:0.18833333333333332
