StateTracker:0.7238333333333333
Conf:0.5533333333333333
RunJob:0.38
WorkerActor:0.35
HazelCastStateTracker:0.28
ActorNetworkRunner:0.2633333333333333
Job:0.23666666666666666
ActorNetworkRunnerApp:0.18416666666666667
MasterActor:0.17
