PortabilityRefactoring:0.6933333333333334
NamedGraphElement:0.44666666666666666
RenameSwimlaneSelectionListener:0.16666666666666666
RenameVariableSelectionListener:0.16
