StepParser:0.58
FlowJob:0.5297222222222222
JobParser:0.26666666666666666
