DeepAutoEncoder:0.51
HazelCastStateTracker:0.39666666666666667
ConvolutionalDBN:0.27
DeepAutoEncoderTest:0.14666666666666667
DeepAutoEncoderExample:0.06333333333333334
MnistExampleMultiThreaded:0.05333333333333334
