Lexer:0.6366666666666667
TestLexerActions:0.33666666666666667
TestSemPredEvalParser:0.25
TestLexerExec:0.24333333333333335
TestSemPredEvalLexer:0.13666666666666666
