DomNode:0.7941666666666667
DomChangeListenerTestImpl:0.4877777777777778
DomNodeTest:0.35
