Util:0.4533333333333333
Cache:0.44333333333333336
WebSocket:0.4166666666666667
HttpEngine:0.3
WebSocketWriter:0.24333333333333335
ReaderRunnable:0.23833333333333334
WebSocketReader:0.23666666666666666
Call:0.23333333333333334
OkHttpClient:0.2
CacheTest:0.19333333333333333
HttpURLConnectionImpl:0.19
WebSocketReaderTest:0.18666666666666668
AsyncCall:0.18166666666666667
UrlConnectionCacheTest:0.17
FrameCallback:0.03666666666666667
