BinderImpl:0.6766666666666666
ErrorMessages:0.6533333333333334
InjectorTest:0.3233333333333333
