WebKeys:0.560484126984127
BinderHelper:0.5566666666666666
EditController:0.24
ViewController:0.24
GeneratePortletProperties:0.18
