ModelCommonPanel:0.54
TargetPanel:0.3433333333333333
ModelNameListener:0.3325
ConsoleSample:0.32666666666666666
TargetDirListener:0.21
ConsolePanel:0.17666666666666667
TargetNameListener:0.14003703703703704
UIUtils:0.07666666666666666
