TestInstanceLifecycleTests:0.645
ClassUtilsTests:0.5638055555555556
ClassUtils:0.42380555555555555
