FlowExecutionManager:0.78
JsfFlowExecutionManager:0.4033333333333333
JsfFlowExecutionManagerTests:0.31333333333333335
FlowPhaseListener:0.22
SaleValidator:0.15333333333333332
OldSellItemAction:0.06333333333333334
ViewIdResolver:0.0011111111111111111
