TextEditorWriter:0.15058437
TextEditorDocument:0.06354755
TextEditorCore:0.04390357
TextEditor:0.029653864
