FunctionScoreQueryBuilder:0.49666666666666665
MovAvgPipelineAggregatorBuilder:0.42
SearchModuleTests:0.29083333333333333
AllocationCommands:0.2633333333333333
QueryParseContext:0.2
ParseFieldRegistry:0.15
