Conflict:0.7466666666666667
DatabaseWriter:0.39
DatabaseWriterSettings:0.32666666666666666
DatabaseWriterTest:0.28
DataLoaderService:0.25083333333333335
TableConstants:0.24833333333333332
DefaultDatabaseWriterConflictResolver:0.21333333333333335
AbstractDataLoaderServiceTest:0.20666666666666667
DefaultDataLoaderFactory:0.15
DataLoaderServiceSqlMap:0.1375
ConflictSettingsNodeGroupLinkMapper:0.13416666666666666
IDataLoaderFactory:0.07666666666666666
