ViewState:0.43333333333333335
FlowArtifactFactory:0.37666666666666665
AbstractFlowBuilder:0.37333333333333335
XmlFlowBuilder:0.31
