Operation:0.7
Invocation:0.45861111111111114
OperationServiceImpl:0.31666666666666665
LongRunningOperation:0.13666666666666666
InvocationTimeoutTest:0.08
