DBObjectCodec:0.5366666666666666
DBCollection:0.38333333333333336
DBObjectCodecTest:0.2866666666666667
CollectibleDBObjectCodec:0.17666666666666667
