SingleEntityStoreFromBlocking:0.525
RxTest:0.2833333333333333
SingleEntityStore:0.2833333333333333
