Builder:0.5733333333333334
MongoClientOptions:0.5466666666666666
MongoClientOptionsTest:0.31333333333333335
MongoClientURI:0.2561111111111111
MongoOptionsOldTest:0.13333333333333333
