MakumbaSystem:0.5033333333333333
TransactionProvider:0.43666666666666665
table:0.39666666666666667
Database:0.38333333333333336
config:0.35333333333333333
TransactionProviderInterface:0.336984126984127
delete:0.26666666666666666
ptrEditor:0.24666666666666667
DbConnectionProvider:0.22666666666666666
FormResponder:0.20666666666666667
RequestAttributes:0.2
ListHQLTest:0.19666666666666666
ListOQLTest:0.19666666666666666
OQLQueryProvider:0.19666666666666666
FormsHQLTest:0.19
FormsOQLTest:0.19
Responder:0.18333333333333332
copy:0.18
lock:0.17666666666666667
Configuration:0.17
HQLQueryProvider:0.16
HibernateSFManager:0.14444444444444446
open:0.1288888888888889
DataTypeListerServlet:0.12333333333333334
ObjectToRecord:0.11333333333333333
MakumbaInfoTag:0.11
DataQueryServlet:0.08
DataObjectViewerServlet:0.07666666666666666
GenericListTag:0.07666666666666666
DataPointerValueConverter:0.07666666666666666
CharsetFilter:0.06666666666666667
HtmlTableImporter:0.06666666666666667
GeneratedCodeViewer:0.06
MakumbaTransactionProvider:0.05
