FigureTester:0.6266666666666667
FigureFormatter:0.43666666666666665
EditPartFormatter:0.42333333333333334
FigureCanvasTester:0.23666666666666666
PaletteTester:0.19333333333333333
EditPartHierarchyPrinter:0.05
WidgetEditPartHierarchyPrinter:0.05
WidgetFigureHierarchyPrinter:0.04666666666666667
ListFormatter:0.016666666666666666
FigureHierarchyPrinter:0.013333333333333334
ViewerTester:0.0
