FlowDefinitionHolder:0.66
FlowDefinitionRegistryImpl:0.35333333333333333
FlowRegistryPopulationTests:0.28
DefaultFlowServiceLocator:0.1938888888888889
RefreshableFlowDefinitionHolder:0.19
RefreshableFlowHolderTests:0.16666666666666666
FlowExecutorImpl:0.14
FlowExecutionImplTests:0.14
StaticFlowDefinitionHolder:0.13
FlowDefinitionLocator:0.07666666666666666
