AjaxViewRoot:0.8066666666666666
AjaxViewRootTests:0.16666666666666666
