Flow:0.6683333333333333
FlowTests:0.3433333333333333
FlowExecutionImplStateRestorer:0.27
