Saros:0.7482777777777778
AddContactWizard:0.4238888888888889
