Generator:0.7466666666666667
Generate:0.6466666666666666
JavaWriter:0.34
JavaGenerator:0.32666666666666666
GenerationTool:0.22111111111111115
AbstractGenerator:0.17
