OracleSchema:0.6133333333333333
OracleMigrationMediumTest:0.43333333333333335
OracleDbSupport:0.3466666666666667
