EjbcaWS:0.58
CertificateProfile:0.57
CommonEjbcaWS:0.4633333333333333
IEjbcaWS:0.2500396825396825
EjbcaWSNonAdminTest:0.25
UserAdminSession:0.24253968253968253
ObjectFactory:0.22333333333333333
UserAdminSessionBean:0.22
StressTestCommand:0.21733333333333335
RevokeCertBackdatedResponse:0.2063968253968254
EjbcaWSTest:0.18166666666666667
MyCommandFactory:0.14
CaImportCRLCommand:0.14
CrmfRARequestTest:0.11
RevokeCertCommand:0.10666666666666667
RevokeBackDateNotAllowedForProfileException:0.06333333333333334
P12TestUser:0.053888888888888896
RevokeBackDateNotAllowedForProfileException_Exception:0.05
RevokeCertBackdated:0.02666666666666667
DateNotValidException:0.015
DateNotValidException_Exception:0.013333333333333334
RevokeCertBackdatedCommand:0.006666666666666667
