TypeUtility:0.54
Authorization:0.43666666666666665
ActionNamespace:0.32666666666666666
DefaultManagement:0.31
FedoraAPIMBindingSOAPHTTPImpl:0.25
DefaultAuthorization:0.23333333333333334
