AuthenticationService:0.6859444444444445
TxmUser:0.51
SubscribeForm:0.31666666666666665
AuthenticationServiceImpl:0.31
Selector:0.19666666666666666
UserData:0.16333333333333333
AuthenticationServiceAsync:0.14416666666666667
