MapData:0.6633333333333333
CannedMarsMap:0.35333333333333333
MapDataUtil:0.35
Simulation:0.3333333333333333
TerrainElevation:0.2866666666666667
SurfMarsMap:0.13
TopoMarsMap:0.13
SurfaceMapData:0.08273352573352574
TopoMapData:0.07305555555555555
IntegerMapData:0.05333333333333334
MapDataFactory:0.01861111111111111
