Simulation:0.49
MarsNode:0.43333333333333335
MarsProject:0.4066666666666667
SettlementTransparentPanel:0.27666666666666667
DragDrop3:0.17
Story:0.14666666666666667
ScriptEngineSample:0.06333333333333334
LuaTest:0.056666666666666664
App:0.03666666666666667
ConsoleApp:0.013333333333333334
