GL11:0.58
ContextCapabilitiesGenerator:0.33666666666666667
GL20:0.3233333333333333
GL12:0.3233333333333333
GL14:0.3233333333333333
GeneratorVisitor:0.30333333333333334
GL13:0.2816666666666667
GL15:0.2816666666666667
EXTFramebufferObject:0.2733333333333333
ARBTextureCompression:0.2733333333333333
ATIFragmentShader:0.2733333333333333
NVHalfFloat:0.2733333333333333
ARBImaging:0.2733333333333333
ARBShaderObjects:0.2733333333333333
NVVertexProgram:0.2733333333333333
ARBMultitexture:0.2733333333333333
ATIVertexStreams:0.2733333333333333
NVRegisterCombiners:0.2733333333333333
EXTPalettedTexture:0.2733333333333333
ARBBufferObject:0.2733333333333333
ATIVertexArrayObject:0.2733333333333333
ARBProgram:0.2733333333333333
NVFence:0.23
ARBOcclusionQuery:0.23
NVProgram:0.23
ARBWindowPos:0.23
NVVertexArrayRange:0.23
NVOcclusionQuery:0.23
NVEvaluators:0.23
ATIEnvmapBumpmap:0.215
ARBVertexShader:0.215
NVPixelDataRange:0.215
ATIVertexAttribArrayObject:0.215
ARBPointParameters:0.205
EXTCompiledVertexArray:0.205
NVFragmentProgram:0.205
NVPointSprite:0.205
NVPrimitiveRestart:0.205
ATIMapObjectBuffer:0.205
ARBTransposeMatrix:0.205
ATISeparateStencil:0.205
ATIPnTriangles:0.205
NVRegisterCombiners2:0.205
EXTPointParameters:0.205
ARBVertexProgram:0.17666666666666667
EXTVertexShader:0.17666666666666667
ARBVertexBlend:0.17666666666666667
ATIElementArray:0.15
ARBMatrixPalette:0.15
EXTSecondaryColor:0.15
EXTFogCoord:0.105
EXTDrawRangeElements:0.105
EXTVertexWeighting:0.105
ATIDrawBuffers:0.05
ARBDrawBuffers:0.05
EXTStencilTwoSide:0.05
ARBMultisample:0.05
EXTMultiDrawArrays:0.05
EXTDepthBoundsTest:0.05
ARBColorBufferFloat:0.05
EXTBlendEquationSeparate:0.05
EXTBlendFuncSeparate:0.05
