BSONBinaryWriter:0.5066666666666667
ByteBufferInput:0.48
OutputBuffer:0.41333333333333333
