AnalyzedColumnDefinition:0.3566666666666667
DocIndexMetaData:0.3566666666666667
CreateAlterTableStatementAnalyzerTest:0.33666666666666667
TransportSQLActionTest:0.31333333333333335
Setup:0.26
AnalyzedTableElements:0.2541111111111111
ObjectColumnTest:0.24666666666666667
TestingHelpers:0.23333333333333334
SQLPlugin:0.21
AlterTableAddColumnAnalyzerTest:0.20666666666666667
DocIndexMetaDataTest:0.14
ColumnPolicyIntegrationTest:0.10666666666666667
CopyIntegrationTest:0.06777777777777777
MetaDataDocModule:0.047380952380952385
CauseMatcher:0.0033333333333333335
