GeometricMath:0.3933333333333333
DocumentManager:0.39
OnScreenBox:0.32
PickingInteractor:0.2633333333333333
Scale:0.26
LineProjector:0.18333333333333332
NoneUniformScale:0.050833333333333335
Decomposition:0.04
