DatePicker:0.5833333333333334
YearPicker:0.45
PositionScroller:0.37333333333333335
DatePickerLayout:0.35333333333333333
