DODeserializer:0.6633333333333333
DOSerializer:0.6633333333333333
