CapsdConfig:0.7
OpenNMSProvisioner:0.49
CapsdConfigFactory:0.49
OpenNMSProvisionerTest:0.2866666666666667
XmlRpcTest:0.26
CapsdConfigManager:0.22333333333333333
CapsdTest:0.10666666666666667
ProtocolInfo:0.1
LightWeightIfEntry:0.019444444444444445
TestCapsdConfigManager:0.006666666666666667
