Actor:0.54
ActorRegistry:0.33
Store:0.3000833333333333
ThreadAccess:0.3
StoreImpl:0.23
GlobalRegistry:0.14068253968253966
GlxGlobalRegistry:0.13
