WeekendsAndHolidaysConfig:0.5833333333333334
AdminModule:0.4533333333333333
GwtTeamingMessages:0.31666666666666665
UIData:0.29027777777777775
ZoneConfig:0.26666666666666666
GwtServerHelper:0.2611111111111111
AbstractAdminModule:0.16666666666666666
WebKeys:0.03
ConfigureScheduleController:0.021388888888888888
