C3DDialog:0.7233333333333334
DialogController:0.6666666666666666
DialogTransitionConverter:0.21333333333333335
StyleableProperties:0.02
