IStructuredbManager:0.6333333333333333
StructuredbManager:0.5233333333333333
StructuredbManagerTest:0.24
ForConsoleDecoratedStructuredbManager:0.18333333333333332
