TypesTest:0.7966666666666666
ParameterizedTypeImpl:0.5044444444444444
AllTests:0.23666666666666666
