JettyNpnProvider:0.41111111111111115
ExternalHttp2Example:0.18444444444444444
ExternalSpdyExample:0.12666666666666668
