Global:0.37666666666666665
PartitioningProperties:0.3333333333333333
PartitioningScheme:0.30666666666666664
ExchangeNode:0.30333333333333334
ActualProperties:0.23
Visitor:0.22
PreferredProperties:0.19666666666666666
Rewriter:0.11
