MDIDesktopPane:0.10144394
Desktop:0.045695454
