HtmlStyle:0.4716666666666667
HtmlMeta:0.4716666666666667
