ExecutionContext:0.7669444444444444
FormSubmissionUtils:0.4486111111111111
