FileTriggerRouter:0.6033333333333334
FileSyncService:0.3933333333333333
FileSyncZipDataWriter:0.27666666666666667
FileSyncServiceSqlMap:0.19777777777777777
FileTriggerRouterMapper:0.1877777777777778
