AtomTypeFactoryTest:0.4066666666666667
CDKBasedAtomTypeConfiguratorTest:0.38
TXTBasedAtomTypeConfiguratorTest:0.38
IsotopeHandlerTest:0.31333333333333335
AtomTypeHandlerTest:0.31333333333333335
