EditViewFactory:0.47
ReportView:0.3433333333333333
ReportViewFactory:0.26666666666666666
CreateRelationship:0.20666666666666667
ActionRun:0.11666666666666667
CopyIndividual:0.09666666666666666
OpenForEdit:0.08333333333333333
SetSubmitter:0.056666666666666664
TogglePrivate:0.056666666666666664
SwapSpouses:0.05
SetPlaceHierarchy:0.04
