ApplicationPreferences:0.6333333333333333
DockingHelper:0.5483333333333333
ERDesignerMainFrame:0.3333333333333333
