Mapping:0.4533333333333333
AttributeMapperAction:0.44333333333333336
MappingBuilder:0.3933333333333333
DefaultFlowAttributeMapper:0.31
XmlFlowBuilder:0.30666666666666664
StateTests:0.19666666666666666
XmlFlowBuilderTests:0.13666666666666666
SharedAttributeMap:0.13
DefaultFlowAttributeMapperTests:0.06666666666666667
AttributeMapperActionTests:0.043333333333333335
DefaultAttributeMapper:0.04
