AllRingsFinder:0.43
Path:0.33
KabschAlignment:0.30333333333333334
PDBReader:0.29333333333333333
GaussiansBasis:0.29333333333333333
Bspt:0.2922222222222222
GIMatrix:0.25333333333333335
ProteinPocketFinder:0.25333333333333335
ClosedShellJob:0.25
GeometryToolsInternalCoordinates:0.24944444444444444
PDBWriter:0.24666666666666667
Java2DRenderer:0.24666666666666667
NumericalSurface:0.24666666666666667
GravitationalIndexDescriptor:0.23333333333333334
ArrowRenderer2D:0.23333333333333334
HOSECodeGenerator:0.22666666666666666
RingPartitioner:0.22333333333333333
BCUTDescriptor:0.22166666666666668
SimpleCycleBasis:0.21666666666666667
AtomicProperties:0.21333333333333335
SpanningTree:0.21
EnumerateNear:0.20227777777777778
EnumerateAll:0.20227777777777778
ModelBuilder3D:0.2
RDFProtonDescriptor_G3R:0.19666666666666666
RDFProtonDescriptor_GHR:0.19666666666666666
RDFProtonDescriptor_GDR:0.19666666666666666
RDFProtonDescriptor_GSR:0.19666666666666666
WeightDescriptor:0.19666666666666666
EnumerateSphere:0.19622222222222221
RandomGenerator:0.185
IsomorphismTester:0.18333333333333332
GenerateFragments:0.18333333333333332
RDFProtonDescriptor_GHR_topol:0.17333333333333334
HuLuIndexTool:0.16
IntArray:0.14333333333333334
CycleBasis:0.14333333333333334
CDKBasedAtomTypeConfigurator:0.13666666666666666
Primes:0.09333333333333334
SimpleBasisSet:0.08333333333333333
