Chunk:0.6283333333333333
KeyHandler:0.41333333333333333
BufferPrinter1_4:0.3416666666666667
