LotteryServiceImpl:0.535
LotteryAdministrationImpl:0.5316666666666666
LotteryNotificationsImpl:0.34
App:0.19666666666666666
