FeaturesConfig:0.8033333333333333
SystemSessionProperties:0.43111111111111117
TestFeaturesConfig:0.20333333333333334
