Rate:0.3433333333333333
UpdateCategories:0.12333333333333334
GetAdminOper:0.12333333333333334
GetCategories:0.12333333333333334
Validate:0.12333333333333334
UpdateAdminOper:0.12333333333333334
Delete:0.11666666666666667
