WebKeys:0.8566666666666667
ICBroker:0.605
DashboardHelper:0.38666666666666666
Find:0.35
SiteScapeFileSystemImpl:0.3433333333333333
AbstractFacade:0.3433333333333333
SAbstractController:0.29333333333333333
AllBusinessServicesInjected:0.2833333333333333
PresenceInfo:0.17666666666666667
ListFolderController:0.15333333333333332
SendMailController:0.08666666666666667
SendEntryMailController:0.08666666666666667
AjaxController:0.07666666666666666
WorkspaceTreeController:0.03666666666666667
ViewEntryController:0.03333333333333333
MeetingController:0.03166666666666667
ICException:0.006666666666666667
