AstBuilder:0.5166666666666667
TestStringFunctions:0.3933333333333333
TestSqlParser:0.31
