HistoricalEvent:0.5333333333333333
Treatment:0.43333333333333335
Mission:0.42333333333333334
Task:0.37666666666666665
MedicalManager:0.30666666666666664
HealthProblem:0.2783333333333333
ArrivingSettlement:0.24333333333333335
ConstructedBuildingTableModel:0.2397222222222222
SalvageProcessInfo:0.22337301587301586
VehicleMission:0.22333333333333333
RescueSalvageVehicle:0.22
Resupply:0.21699999999999997
PhysicalCondition:0.21333333333333335
EventTableModel:0.20666666666666667
AllJUnitTests:0.20333333333333334
MedicalAssistance:0.20333333333333334
RepairEmergencyMalfunction:0.19
TransportManager:0.18666666666666668
Medication:0.18642857142857144
ConstructionProjectPanel:0.17666666666666667
TabPanelManufacture:0.16666666666666666
ResupplyDetailPanel:0.16666666666666666
ArrivingSettlementDetailPanel:0.15833333333333333
MedicalStation:0.15444444444444444
IncomingListModel:0.14333333333333334
ArrivedListModel:0.14333333333333334
EventFilter:0.11833333333333333
TabPanelCrew:0.11333333333333333
TabPanelPopulation:0.11333333333333333
TabPanelResourceProcesses:0.09333333333333334
VehicleWindow:0.09
TabPanelAssociatedPeople:0.09
SettlementWindow:0.08666666666666667
MalfunctionEvent:0.08333333333333333
MedicalEvent:0.03
MissionHistoricalEvent:0.013333333333333334
TransportEvent:0.013333333333333334
TaskEvent:0.013333333333333334
ConstructedBuildingsPanel:0.0
