AndroidTranslator:0.6566666666666666
ShadowPaintForTests:0.37333333333333335
AndroidTranslatorUnitTest:0.27666666666666667
AndroidTranslatorTest:0.15
ItemizedOverlayForTests:0.07666666666666666
