BootstrapSize:0.6141666666666666
BootstrapButton:0.3433333333333333
BootstrapButtonGroup:0.3333333333333333
BootstrapDrawableFactory:0.30666666666666664
BootstrapLabel:0.23466666666666663
BootstrapButtonExample:0.16666666666666666
BootstrapButtonGroupExample:0.12333333333333334
