FeatureLocImplementation:0.56
ChromosomeFeatureLocImp:0.38066666666666665
FlybaseChadoInstance:0.36333333333333334
