IssueUtilities:0.8533333333333334
WorkflowUtilities:0.36666666666666664
EditIssueFormAction:0.17666666666666667
