GameOver:0.6266666666666667
MainMenu:0.6266666666666667
GdxInvaders:0.25666666666666665
