LinkToEntryProperties:0.6966666666666667
LinkToEntryWidget:0.35
LinkToEntryDropWidget:0.24
LinkToEntryConfig:0.19666666666666666
