FeaturesConfig:0.5905555555555556
TestFeaturesConfig:0.31666666666666665
TestArrayAggregation:0.24666666666666667
