Planner:0.37666666666666665
Visitor:0.37
TransportExecutor:0.31666666666666665
PlannerTest:0.2966666666666667
AstVisitor:0.27
PlanVisitor:0.25333333333333335
TransportExecutorTest:0.22333333333333333
Analyzer:0.19416666666666665
TestStatementBuilder:0.17333333333333334
TransportSQLAction:0.14
DefaultTraversalVisitor:0.12
