DefaultDOManager:0.5633333333333334
DefaultDOReplicator:0.365
DOValidatorImpl:0.2966666666666667
DBPathRegistry:0.24083333333333334
