RawLog:0.5666111111111111
DriverPublication:0.37
SenderTest:0.36
RawLogPartition:0.29
MappedRawLog:0.20333333333333334
LogBufferHelper:0.07333333333333333
