XmlActions:0.5
GeneralOptionPane:0.3566666666666667
ActionHandler:0.20444444444444446
XmlPlugin:0.195
