Utils:0.6777777777777778
RSSFeedCreator10:0.31666666666666665
