TextView:0.8733333333333333
ButtonsActivity:0.32666666666666666
Samples:0.31
