QueryStateMachine:0.4533333333333333
StateMachine:0.43333333333333335
Query:0.41333333333333333
RemoteTask:0.29
SqlStageExecution:0.26666666666666666
ExchangeClient:0.24
HttpRemoteTask:0.23
SqlQueryExecution:0.20333333333333334
CurrentRequest:0.19333333333333333
FailedQueryExecution:0.15
SqlQueryManager:0.13333333333333333
QueryManager:0.11753968253968256
StageExecutionNode:0.11753968253968256
QueryResource:0.11666666666666667
DropTableExecution:0.11666666666666667
DropAliasExecution:0.10666666666666667
CreateAliasExecution:0.10666666666666667
QueryExecution:0.09753968253968254
MockQueryManager:0.08
DropAliasExecutionFactory:0.015833333333333335
CreateAliasExecutionFactory:0.015833333333333335
DropTableExecutionFactory:0.015833333333333335
