MgFullTextSearch:0.5084444444444445
LovinsStemmer:0.4633333333333333
SearchFullText:0.39
