DelayedStream:0.44666666666666666
DelayedStreamTest:0.29333333333333333
ClientCallsTest:0.26666666666666666
AbstractClientStreamTest:0.23666666666666666
DelayedClientTransportTest:0.18
DelayedStreamListener:0.09166666666666666
