AttributeSet:0.5733333333333334
StringUtils:0.55
BasicAttribute:0.32666666666666666
VR:0.31333333333333335
FilteredAttributeSet:0.25
SpecificCharacterSet:0.22666666666666666
BasicAttributeSet:0.22666666666666666
AbstractAttributeSet:0.20666666666666667
FD:0.2
FL:0.18666666666666668
ShortVR:0.15333333333333332
AT:0.13333333333333333
ASCIIVR:0.12333333333333334
StringVR:0.12333333333333334
OF:0.10333333333333333
TextVR:0.09666666666666666
OW:0.07166666666666667
UL:0.06
SL:0.06
US:0.051666666666666666
UN:0.04
OB:0.03666666666666667
SS:0.03333333333333333
SAXWriterTest:0.023333333333333334
ISO2022:0.01
SAXWriter:0.0033333333333333335
