Departure:0.8266666666666667
Element:0.31666666666666665
