BasicCdiTest:0.3233333333333333
NonConversationalPersistenceContextExtendedTest:0.3233333333333333
ManualFlushConversationalPersistenceContextExtendedTest:0.3233333333333333
ConversationalPersistenceContextExtendedTest:0.3233333333333333
