ParameterizedTestTest:0.49666666666666665
TestClassRunnerForParameters:0.44
FibonacciWithParameterizedFieldTest:0.09333333333333334
BadNumberOfAnnotedFieldTest:0.09333333333333334
BadIndexForAnnotedFieldTest:0.09333333333333334
