DroolsEngineFactoryBean:0.6166666666666667
DroolsCorrelationEngineTest:0.5566666666666666
DroolsEngineFactoryBeanTest:0.30833333333333335
