DataManager:0.7466666666666667
Importer:0.22666666666666666
EditUtils:0.17333333333333334
UpdateCategories:0.17
GetCategories:0.17
