Log:0.5733333333333334
ComponentTester:0.37333333333333335
Reflector:0.24333333333333335
Robot:0.13
JComponentRecorder:0.0
