StandardServiceRegistryImpl:0.42
Ejb3Configuration:0.41333333333333333
AbstractServiceRegistryImpl:0.34
BaseEntityManagerFunctionalTestCase:0.2595555555555556
ServiceRegistryBuilder:0.24777777777777776
BaseCoreFunctionalTestCase:0.24
AbstractEntityTest:0.24
BootstrapServiceRegistryImpl:0.22555555555555556
