CallGraph:0.48333333333333334
BDDPointerAnalysis:0.3933333333333333
ControlFlowGraph:0.34
MethodSummary:0.2966666666666667
BuildMethodSummary:0.22666666666666666
AndersenPointerAnalysis:0.22666666666666666
ContextSensitiveBDD:0.19666666666666666
RootedCHACallGraph:0.19333333333333333
PointerExplorer:0.18
Visitor:0.17
CHACallGraph:0.11
CachedCallGraph:0.08
BDDCallGraph:0.07166666666666667
AndersenCallGraph:0.05444444444444444
ControlFlowGraphNavigator:0.03333333333333333
CallSiteMap:0.03333333333333333
CallTargetMap:0.03333333333333333
CallGraphMap:0.0033333333333333335
CallGraphNavigator:0.0
