ElasticsearchException:0.5233333333333333
ExceptionSerializationTests:0.4633333333333333
StreamOutput:0.42
