ClientConductor:0.6
Subscription:0.4266666666666667
Aeron:0.2866666666666667
