CoreIsoMetadataDaoTest:0.6082222222222222
CoreIsoMetadataDao:0.5793888888888888
