MInvoice:0.545
PosModel:0.5033333333333333
PosPanel:0.3933333333333333
