LazyCsrfToken:0.5233333333333333
WebSessionServerCsrfTokenRepositoryTests:0.39666666666666667
CsrfWebFilter:0.2633333333333333
DefaultCsrfToken:0.23666666666666666
WebSessionServerCsrfTokenRepository:0.2
CustomLoginPageController:0.06
