SubstFree:0.7733333333333333
RenameVo:0.2966666666666667
Rename:0.29083333333333333
SubstFreeVo:0.28
SubstFuncVo:0.24666666666666667
SubstPredVo:0.24666666666666667
ExistentialVo:0.20472222222222225
UniversalVo:0.20472222222222225
