PropertyXRef:0.59
ReportKML:0.27666666666666667
ReportGedcomStatistics:0.25333333333333335
ReportToDo:0.23333333333333334
PropertyFamilySpouse:0.23
ReportGoogleMap:0.21333333333333335
ReportSameValues:0.20666666666666667
PlaceBean:0.19805555555555554
ReportEventsByMonths:0.19666666666666666
TestSpouseGender:0.19027777777777777
Cut:0.19027777777777777
ChoiceBean:0.19027777777777777
DelEntity:0.18694444444444444
PropertyChild:0.18416666666666667
TestDate:0.18333333333333332
TestAge:0.17
TestFamilyClone:0.17
TestUniqueIDs:0.16666666666666666
TestCardinality:0.16666666666666666
ReportValidate:0.16666666666666666
PropertyHusband:0.16333333333333333
PropertyWife:0.16333333333333333
TestExists:0.14666666666666667
TestPlace:0.14666666666666667
PropertyFamilyChild:0.14661111111111108
CreateSpouse:0.14333333333333334
EntityBean:0.14333333333333334
CreateXReference:0.13333333333333333
CreateAssociation:0.10666666666666667
