WeakBumpyStack:0.8933333333333333
TestBumpyStack:0.47361111111111115
