LoggingITest:0.6966666666666667
RequestPrinter:0.3441666666666667
StatusCodeBasedLoggingFilter:0.2866666666666667
RequestLogSpecification:0.15
