HopVirtualMachine:0.4633333333333333
CompilerEvent:0.2966666666666667
HopEditorParser:0.2633333333333333
VirtualMachineEventAdapater:0.18666666666666668
VirtualMachineEvent:0.1
