MddToClass:0.5266666666666666
MddToMapping:0.5133333333333333
