SdkVersion:0.49
RobolectricTestRunner:0.42333333333333334
SdkConfig:0.36666666666666664
RobolectricTestRunnerSelfTest:0.32666666666666666
