WebSocket:0.6566666666666666
Draft:0.37666666666666665
Draft_76:0.35333333333333333
