SimpleJob:0.5533333333333333
SimpleJobTests:0.43333333333333335
CompositeJobListener:0.28833333333333333
