FsTranslog:0.8
BufferingFsTranslogFile:0.4533333333333333
SimpleFsTranslogFile:0.4066666666666667
