FilteredBlock:0.62
Peer:0.6066666666666667
VersionMessage:0.46
PeerGroup:0.3233333333333333
PeerGroupTest:0.28
TestWithPeerGroup:0.22
BitcoinSerializer:0.15
FilteredBlockAndPartialMerkleTreeTests:0.12
