DataExtractorService:0.5066666666666667
DataService:0.3788888888888889
IDataExtractorService:0.31355555555555553
