Configuration:0.48333333333333334
ServerConfiguration:0.2733333333333333
