Role:0.5333333333333333
Permission:0.4866666666666667
Domain:0.42
UserAction:0.17
UserTest:0.15
GroupTest:0.14333333333333334
PermissionTest:0.14
