XAResourceImpl:0.42333333333333334
ClientXACompatibilityTest:0.28
XAResourceProxy:0.26666666666666666
XATransactionImpl:0.25333333333333335
HazelcastXACompatibilityTest:0.25
XATransactionProxy:0.23111111111111116
