ManyManyLinkField:0.42333333333333334
OneLinkField:0.17666666666666667
FieldMacroInfo:0.09666666666666666
ManyLinkField:0.08666666666666667
