Factory:0.6333333333333333
ExecuteContext:0.5400000000000001
Configuration:0.53
DefaultConfiguration:0.29444444444444445
AbstractQuery:0.2544444444444445
FactoryProxy:0.20333333333333334
GeneralTests:0.18333333333333332
AbstractConfiguration:0.17333333333333334
ConnectionProviderListener:0.03916666666666667
