RegexpQueryBuilder:0.6633333333333333
BaseQueryTestCase:0.5633333333333334
RegexpQueryParser:0.31
