MapSerializer:0.47333333333333333
JSONFieldTest_unwrapped_1:0.43333333333333335
FieldSerializer:0.41333333333333333
VO:0.014444444444444444
