HtmlSelect:0.6766666666666666
HtmlForm:0.43
HtmlSelectTest:0.2866666666666667
