LinkSet:0.9283333333333333
CompositeDataHolder:0.6666666666666666
