Field:0.74
MoreLikeThisQuery:0.56
Item:0.45666666666666667
MoreLikeThisQueryBuilder:0.34
MoreLikeThisIT:0.22333333333333333
MoreLikeThisQueryParser:0.18666666666666668
ContextAndHeaderTransportIT:0.18666666666666668
ItemSerializationTests:0.11666666666666667
MoreLikeThisFetchService:0.09333333333333334
MockMoreLikeThisFetchService:0.06277777777777778
