Rule:0.38333333333333336
DFAState:0.32277777777777783
Target:0.2866666666666667
ATNFactory:0.2833333333333333
LexerATNSimulator:0.2833333333333333
Action:0.24666666666666667
ATNConfig:0.24666666666666667
v2ParserATNSimulator:0.20888888888888887
ParserATNFactory:0.20333333333333334
LexerATNFactory:0.19
OutputModelController:0.17666666666666667
TestLexerExec:0.17
TailEpsilonRemover:0.11
