SubselectRewriter:0.3566666666666667
SubselectRewriterTest:0.35333333333333333
SubSelectIntegrationTest:0.31333333333333335
FieldReplacer:0.2813333333333334
SubSelectAnalyzerTest:0.25
Visitor:0.22
