SFMTUniformRng:0.5633333333333334
UniformRng_0_1:0.31333333333333335
SampleGenerator:0.25333333333333335
AaronsInverseCumulativeRng:0.18666666666666668
