BulletWorld:0.44666666666666666
CollisionJNI:0.44
BaseBulletTest:0.4
Version:0.3466666666666667
