TestUtil:0.5366666666666666
XmlMetaEntity:0.2833333333333333
AccessTypeTest:0.2633333333333333
XmlMappingTest:0.2
InheritanceTest:0.19
ArrayTest:0.19
Boy:0.15
ElementCollectionTest:0.14666666666666667
GenericsTest:0.14
RawTypesTest:0.14
CompilationTest:0.11666666666666667
