X_C_POSLog:0.6866666666666666
Transaction:0.3933333333333333
Replication:0.31
X_C_BPartner_Points:0.24666666666666667
MBPartner_Points:0.21
PosProcessor:0.1877777777777778
PosModel:0.15666666666666668
