WorkerActor:0.7482777777777778
MnistExampleMultiThreaded:0.3258333333333333
