BroadcasterFuture:0.63
DefaultBroadcaster:0.5166666666666667
AbstractBroadcasterProxy:0.20666666666666667
SimpleBroadcaster:0.18666666666666668
ExcludeSessionBroadcaster:0.18333333333333332
