ModifyNetFolderRootDlg:0.38
GwtTeamingMessages:0.31666666666666665
NetFolderRoot:0.24333333333333335
GwtPrincipal:0.19
GwtUser:0.18666666666666668
GwtGroup:0.15333333333333332
PrincipalNameWidget:0.11777777777777776
GwtNetFolderHelper:0.10666666666666667
RemovePrincipalWidget:0.09666666666666666
