Initializer:0.33666666666666667
CollectionSet:0.31
SnmpCollector:0.3
SnmpIfCollector:0.29333333333333333
IfInfo:0.25666666666666665
SnmpIfCollectorTest:0.2425
CollectionInterface:0.22666666666666666
