ScopeType:0.8021825396825396
ScopeRegistrar:0.33666666666666667
