AbstractPlugin:0.5466666666666666
PluginManager:0.54
LookAndFeelPlugin:0.3111111111111111
