GraphElement:0.6866666666666666
DelegableProvider:0.583984126984127
EmbeddedFileUtils:0.4633333333333333
DocxHandlerCellEditorProvider:0.21666666666666667
