Builder:0.53
ColumnStatistics:0.47
Visitor:0.36333333333333334
MetastoreHiveStatisticsProvider:0.3233333333333333
