List:0.44333333333333336
Iterator:0.36666666666666664
Value:0.3466666666666667
Array:0.2833333333333333
AbstractValueTest:0.2633333333333333
Queue:0.24666666666666667
IteratorTest:0.22666666666666666
Node:0.18666666666666668
BenchmarkState:0.15
