Context:0.77
DriverConductor:0.3
Sender:0.2905555555555555
ArchivingMediaDriver:0.17111111111111113
