DefaultModuleAddress:0.7924603174603174
ProofFinderTest:0.2833333333333333
