ListTemplate:0.4205555555555555
ListContainsMessageTask:0.4155555555555555
ListContainsAllMessageTask:0.28833333333333333
