TestDateTimeFormatter:0.38
TestDateTimeFormat:0.37
DateTimeFormatter:0.36
DateTimeParserBucket:0.2633333333333333
SavedField:0.16666666666666666
