ManageUsersDlg:0.36
GwtTeamingMessages:0.32666666666666666
BinderInfo:0.31333333333333335
EntryMenuPanel:0.26666666666666666
EventHelper:0.24666666666666667
GwtRpcServiceImpl:0.22333333333333333
GwtServerHelper:0.19333333333333333
ManageUsersStateRpcResponseData:0.18
ManageUserFilterItems:0.12166666666666667
ManageUsersFilterEvent:0.03
GetManageUsersStateCmd:0.0
