Router:0.5288888888888889
IoManager:0.4766666666666667
BrokenRouter:0.24111111111111114
LowMemoryProtectionFilter:0.11
RouterOptionSet:0.08666666666666667
