Channel:0.6633333333333333
ProtocolInputDecoder:0.41
AbstractProtocol:0.22333333333333333
LimitedEventQueue:0.189
