GwtTeamingMessages:0.3922222222222222
ManageMenuPopup:0.3433333333333333
BinderViewsHelper:0.3
EntityId:0.27666666666666667
GwtServerHelper:0.27
CopyMoveEntriesDlg:0.24166666666666667
GwtMenuHelper:0.22666666666666666
CalendarFolderView:0.22666666666666666
DataTableFolderViewBase:0.22333333333333333
ContentControl:0.21666666666666667
UIData:0.21666666666666667
GwtRpcServiceImpl:0.13833333333333334
ContextItemCommand:0.13666666666666666
GetParentBinderPermalinkCmd:0.025
