BeanMapEmitter:0.5166666666666667
TestBeanMap:0.4666666666666667
BeanMap:0.4222222222222222
