WebKeys:0.6283333333333334
ObjectKeys:0.4727777777777778
SearchUtils:0.4666666666666667
DashboardHelper:0.36666666666666664
ListFolderHelper:0.30666666666666664
AbstractEntryProcessor:0.30666666666666664
TaskHelper:0.13666666666666666
