ReflectionUtils:0.8433333333333334
ReflectionSupport:0.4633333333333333
ReflectionSupportTests:0.2733333333333333
