Channel:0.6
OutgoingBatchService:0.3466666666666667
ConfigurationService:0.3
IConfigurationService:0.17472222222222222
IntegrationTest:0.12666666666666668
TestConstants:0.006666666666666667
