AbstractRegistry:0.42333333333333334
AbstractZookeeperClient:0.37666666666666665
ZkclientZookeeperClient:0.3466666666666667
CuratorZookeeperClient:0.3466666666666667
