AjaxController:0.47333333333333333
ListFolderController:0.33
WebKeys:0.2881666666666666
FieldBuilderUserlist:0.17333333333333334
FieldBuilderUserListSelect:0.17333333333333334
