Inventory:0.8183333333333334
CollectResourcesMission:0.36333333333333334
