SqlStatementBuilder:0.43
SqlScript:0.4033333333333333
MySQLSqlStatementBuilder:0.21333333333333335
MySQLMigrationTestCase:0.17666666666666667
SqlScriptSmallTest:0.11
