C3DDialog:0.49
C3DPopup:0.45
SideMenuController:0.21
PopupDemo:0.19666666666666666
BottomTransition:0.12766666666666665
RightTransition:0.12766666666666665
LeftTransition:0.12766666666666665
TopTransition:0.12766666666666665
CenterTransition:0.12766666666666665
PopupTransition:0.11
