ZipSubCrawler:0.46
GZipSubCrawler:0.19666666666666666
GZipSubCrawlerTest:0.16333333333333333
ZipSubCrawlerTest:0.15
BZip2SubCrawler:0.15
CoreImplementationsActivator:0.12222222222222222
AbstractSubcrawlerTest:0.11333333333333333
ZipSubCrawlerEntry:0.09166666666666666
TarSubCrawlerActivator:0.08333333333333333
BZip2SubCrawlerActivator:0.08333333333333333
TarSubCrawler:0.07055555555555557
BZip2SubCrawlerTest:0.06227777777777779
TarSubCrawlerTest:0.06227777777777779
TestDefaultSubCrawlerRegistry:0.056666666666666664
TestSubCrawlers:0.056666666666666664
AbstractArchiverSubCrawler:0.04666666666666667
TarSubCrawlerFactory:0.04666666666666667
DeliciousCrawlerTest:0.04
AbstractCompressorSubCrawler:0.03666666666666667
ZipSubCrawlerInputStream:0.03
BZip2SubCrawlerFactory:0.024880952380952382
