ConverterTarget:0.56
ArrayReadWriteGenerator:0.43
ParcelMatcher:0.250920634920635
Generators:0.19916666666666666
ParcelerModule:0.17333333333333334
ParcelCodeRepository:0.14
