AnnotationBinder:0.6361111111111112
QueryAndSQLTest:0.22822222222222222
