DBCollection:0.49333333333333335
ClusterDescription:0.4866666666666667
Mongo:0.4633333333333333
MultiServerCluster:0.33666666666666667
ServerStateNotifier:0.32666666666666666
TaggableReadPreference:0.29
DBCollectionImpl:0.20777777777777778
DBTest:0.15
ReadPreferenceTest:0.08666666666666667
DBCollectionTest:0.07666666666666666
ReplicaSetStatus:0.044444444444444446
ClusterDescriptionTest:0.04
Loggers:0.006666666666666667
