UdpChannel:0.5733333333333334
NetworkUtilTest:0.48333333333333334
NetworkUtil:0.35333333333333333
