SimpleValue:0.5994444444444443
SerializableTypeDescriptor:0.3011111111111111
JavaTypeDescriptorRegistry:0.27111111111111114
AttributeConverterTest:0.23666666666666666
Instant:0.10666666666666667
Tester:0.07333333333333333
Tester4:0.06
IrrelevantInstantEntity:0.055
IntegerToVarcharConverter:0.03
InstantConverter:0.023333333333333334
