WSConnectionSettings:0.5833333333333334
WebScriptExecutor:0.29
AlfExecuteWebScriptHandler:0.28
AlfSessionWrapper:0.1872222222222222
AlfDownloadContentTag:0.15333333333333332
JavaObjectAccessor:0.11333333333333333
