BinaryLogProviderTest:0.36
ServerImplTest:0.34
ServerCallImplTest:0.31333333333333335
ManagedChannelReference:0.29444444444444445
Channelz:0.18416666666666667
