TestFileUtils:0.41
TestSWDownloadFile:0.35333333333333333
TestAlternateLocation:0.34
PhexTestSuite:0.30333333333333334
TestStrUtil:0.17444444444444446
