Vehicle:0.7366666666666667
SkillManager:0.37
Person:0.3566666666666667
VehicleDialog:0.25666666666666665
UnitDialog:0.25333333333333335
TendGreenhouse:0.19666666666666666
TaskManager:0.18666666666666668
DriveGroundVehicle:0.15666666666666668
MaintainVehicle:0.15
PersonDialog:0.13666666666666666
RepairMechanicalFailure:0.13333333333333333
