Tds:0.77
TdsDataSource:0.25
Driver:0.19
TdsObjectFactory:0.1577777777777778
ParameterUtils:0.11
TdsDefinitions:0.014285714285714285
