TreeVisitor:0.3933333333333333
Type:0.3433333333333333
DebugASTPrinter:0.31666666666666665
StatementGenerator:0.29333333333333333
TreeConverter:0.26
