EjbcaWSTest:0.35333333333333333
CVCCA:0.3
CommonEjbcaWS:0.2966666666666667
CAAdminSessionBean:0.295
