MCalendar:0.61
RepeatRule:0.52
TaskModel:0.42
TaskTable:0.36
SetColorAction:0.13666666666666666
RepeatPanel:0.10666666666666667
SetValueAction:0.07666666666666666
TestRepeatRule:0.05
SetNextDateAction:0.03
SetRepeatRuleAction:0.02694444444444444
