SoapMessage:0.6433333333333333
Attachment:0.6332222222222222
SaajSoapMessage:0.26
SaajAttachment:0.15666666666666668
SaajAttachmentIterator:0.056666666666666664
AttachmentException:0.02666666666666667
SaajAttachmentException:0.02666666666666667
SaajAttachmentTest:0.02
SaajSoapMessageTest:0.0
