IUIManager:0.7922222222222222
UIManager:0.6383333333333333
