DialogActionTypes:0.7666666666666667
MessageDescriptionViewer:0.35
SearchResultViewer:0.3233333333333333
BindingDirectoryEntryViewer:0.31333333333333335
