InternalAggregationTestCase:0.22
InternalDerivativeTests:0.15666666666666668
InternalCardinalityTests:0.15666666666666668
InternalSimpleValueTests:0.13666666666666666
InternalHDRPercentilesRanksTests:0.12666666666666668
InternalMaxTests:0.11
InternalMinTests:0.11
InternalTDigestPercentilesRanksTests:0.10666666666666667
InternalSumTests:0.08333333333333333
InternalAvgTests:0.08333333333333333
InternalValueCountTests:0.0033333333333333335
