WebSpherePortal6Style:0.5066666666666667
ModuleTestBase:0.5
PropertiesManager:0.38666666666666666
XavaPortlet:0.38333333333333336
