AccessInfo:0.71
ClassGen:0.5066666666666667
TestAnnotations2:0.16333333333333333
TestClassGen:0.16333333333333333
