HtmlPage:0.5666666666666667
HtmlElement:0.49666666666666665
DomHtmlAttributeChangeListenerImpl:0.24666666666666667
