NoClipLabeledSkinBase:0.8233333333333334
DecoratedLabelSkin:0.24666666666666667
DecoratedButtonSkin:0.24666666666666667
