GUI:0.77
LoginHelper:0.47111111111111104
TasksCheckerTask:0.2633333333333333
