ITransmitter:0.52
ISharedProject:0.505452380952381
SharedProject:0.45
SarosPacketCollector:0.4401190476190476
OutgoingInvitationProcess:0.43333333333333335
IncomingInvitationProcess:0.4266666666666667
InvitationProcess:0.41
InvitationDialog:0.4
JoinSessionWizard:0.33666666666666667
XMPPChatTransmitter:0.26
VersionManager:0.24333333333333335
ISessionManager:0.23833333333333334
IInvitationProcess:0.22642857142857142
SarosUI:0.22
SessionManager:0.21666666666666667
InvitationDialogLabelProvider:0.20333333333333334
JoinSessionWizardUtils:0.15
ShowDescriptionPage:0.13166666666666665
InviterData:0.12666666666666668
InvitationHandler:0.08333333333333333
ISessionListener:0.07
ScanRunner:0.07
InvitationInfo:0.056666666666666664
XMPPChatReceiver:0.05
AbstractSessionListener:0.05
