EventUtils:0.86
ParmsWrapper:0.17333333333333334
SnmpWrapper:0.17333333333333334
