WebSocketServer:0.44333333333333336
WebSocketClient:0.36333333333333334
WebSocket:0.31
ChatClient:0.2866666666666667
ChatServer:0.27666666666666667
WebSocketListener:0.19661111111111113
