BookToBookStoreRecord:0.36666666666666664
BookStoreRecord:0.30666666666666664
Public:0.2866666666666667
AuthorRecord:0.22333333333333333
Sequences:0.12666666666666668
BookRecord:0.08866666666666667
