Workstation:0.4322222222222223
MangoTargetLauncher:0.4166666666666667
JPF_MIRROR:0.38333333333333336
