Bootstrap:0.7933333333333333
BootstrapTest:0.30666666666666664
Application:0.30666666666666664
