LogFactory:0.44
Log4jLoggerAdapter:0.2633333333333333
AbstractLogAdapter:0.13333333333333333
JdkLoggerAdapter:0.13333333333333333
