FieldInfo:0.5566666666666666
TypeUtils:0.38666666666666666
ParserConfig:0.31333333333333335
DeserializeBeanInfo:0.27
SerializeConfig:0.2
