ArticleMgmtService:0.43
ArticleChannel:0.37333333333333335
CommentMgmtService:0.23333333333333334
NotificationRepository:0.14666666666666667
