ComponentFinder:0.5281111111111111
Platform:0.43166666666666664
DefaultComponentFinder:0.31666666666666665
JComponentTester:0.27777777777777773
JComponentTesterTest:0.27
RobotTest:0.20805555555555558
WindowRecorder:0.18
PlatformTest:0.11666666666666667
