RelationCrawler:0.49333333333333335
JSPRelationMiner:0.3144444444444444
LineViewer:0.30333333333333334
JavaRelationMiner:0.24444444444444446
MDDRelationMiner:0.2111111111111111
