RowImpl:0.49333333333333335
AbstractField:0.43333333333333335
Subquery:0.23666666666666666
InCondition:0.12666666666666668
InRows:0.12333333333333334
SelectQueryAsSubQueryCondition:0.07666666666666666
