InstallerDb:0.57
Installer:0.44
AutoIntegerIdMapStore:0.26666666666666666
EventDaoTest:0.20142857142857143
UserNotificationDaoTest:0.19
SnmpInterfaceDaoTest:0.17
PopulatedTemporaryDatabaseTestCase:0.17
CollectionTest:0.17
AvailabilityReportLocatorDaoTest:0.16
OutageDaoTest:0.12666666666666668
NotificationDaoTest:0.06833333333333333
ServiceTypeDaoTest:0.06
