StackFrame:0.5833333333333334
TestNativePeer:0.2866666666666667
InputStreamReader:0.27
TestJavaLangStringJPF:0.27
OutputStreamWriter:0.25333333333333335
TestJavaLangString:0.22416666666666665
DirectCallStackFrame:0.21
TestNativePeerJPF:0.18
JPF_gov_nasa_jpf_jvm_TestNativePeer:0.11333333333333333
JPF_java_lang_String:0.043333333333333335
JPF_java_io_OutputStreamWriter:0.006666666666666667
JPF_java_io_InputStreamReader:0.006666666666666667
