DeadlockRunner:0.5466666666666666
RegexRunner:0.4
JobStreamImpl:0.3466666666666667
MyTask:0.11
