WebserviceBean:0.4633333333333333
WebserviceBeanRemote:0.43333333333333335
Constants:0.2720555555555556
MPLSModule:0.26
Reports:0.21
TempBusinessRulesEngine:0.14666666666666667
