SBMLResource:0.53
SBMLMasterDetailBlock:0.3433333333333333
SBMLEditor:0.23666666666666666
XMLList:0.23666666666666666
