IndiWriter:0.8416666666666667
ReportNarrative:0.31666666666666665
