ReplacementStrategy:0.44095634920634924
ReusableObjManager:0.36
ExtentsStrategy:0.24333333333333335
KeywordsStrategy:0.23
AddXLink:0.23
FormatsStrategy:0.21666666666666667
ContactsStrategy:0.21666666666666667
