ElasticsearchIntegrationTest:0.52
ElasticsearchAssertions:0.38166666666666665
CircuitBreakerServiceTests:0.25333333333333335
QueryRescorerTests:0.18
