PropertyDate:0.8488888888888888
PropertyDateTest:0.24333333333333335
