Offer:0.6266666666666667
PayTest:0.30666666666666664
