RaptorColumnHandle:0.45666666666666667
RaptorMetadata:0.36
OrcPageSource:0.2833333333333333
IndexInserter:0.19333333333333333
TestRaptorMetadata:0.18666666666666668
ShardPredicate:0.17944444444444446
TestRaptorDistributedQueries:0.07333333333333333
UuidUtil:0.056666666666666664
