Simulation:0.5966666666666667
MasterClock:0.49
MainScene:0.4033333333333333
MainMenu:0.26
MainWindow:0.23111111111111116
UnitWindow:0.21111111111111108
LoadSimulationTask:0.016666666666666666
