PosPanel:0.5777777777777777
PosModel:0.5066666666666667
