EjbcaWS:0.5733333333333334
CreateCA:0.41333333333333333
IEjbcaWS:0.3466666666666667
EjbcaWSTest:0.31666666666666665
EnterpriseEditionWSBridgeSessionLocal:0.24133333333333334
CreateCryptoToken:0.22666666666666666
EnterpriseEditionWSBridgeSessionBean:0.15666666666666668
