Nerc:0.7669444444444444
ReloadAction:0.3663888888888889
