ShardCleaner:0.5533333333333333
ShardDao:0.54
ShardCleanerConfig:0.2633333333333333
TestingDao:0.2617777777777778
TestShardCleaner:0.22333333333333333
TestShardCleanerConfig:0.17333333333333334
H2ShardDao:0.14492063492063492
MySqlShardDao:0.013333333333333334
