GPSPSBean:0.44
SeriesBean:0.4266666666666667
SeriesRequestBean:0.24666666666666667
GPSPSRequestBean:0.24666666666666667
GPSPSPerformerBean:0.18333333333333332
