SimplePublisher:0.4877222222222222
BasicPublisher:0.4877222222222222
