QualifiersTest:0.7609999999999999
Bootstrap:0.21677777777777776
