View:0.67
SaveAction:0.28
SellersTest:0.28
InvoicesTest:0.25666666666666665
SaveElementInCollectionAction:0.20333333333333334
ViewParser:0.18333333333333332
XavaSuite:0.16
MetaCollectionView:0.12
SellersWithCustomersAsAggregateTest:0.11333333333333333
DeliveryTypesTest:0.10833333333333334
CreateNewElementInCollectionAction:0.07666666666666666
RemoveElementFromCollectionAction:0.07666666666666666
XmlElementsNames:0.0
