ElasticsearchIntegrationTest:0.6866666666666666
ElasticsearchRestTests:0.29333333333333333
CorsRegexDefaultTests:0.15333333333333332
UnicastZen:0.15
DirectBufferNetworkTests:0.12666666666666668
