GLFrameBuffer:0.6133333333333333
FrameBuffer:0.4033333333333333
FrameBufferCubemapTest:0.2633333333333333
FrameBufferCubemap:0.16
