HTMLAnchorElement:0.43333333333333335
WindowTest:0.4266666666666667
EventTest:0.32666666666666666
StyleTest:0.32666666666666666
UIEventTest:0.2733333333333333
HTMLParser:0.22166666666666668
SelectTest:0.21333333333333335
NamedNodeMapTest:0.19
MouseEventTest:0.14333333333333334
StyleSheetListTest:0.13666666666666666
HTMLAnchorElementTest:0.07666666666666666
SimpleScriptableTest:0.07
