AuthenticationExceptionHandler:0.7766666666666666
AuthenticationExceptionHandlerTests:0.056666666666666664
