Content:0.5166666666666667
EntityRenderer:0.5033333333333333
TreeViewPrinter:0.28
MyHTMLDocument:0.14666666666666667
