CommonConfiguration:0.5066666666666667
Widget:0.44666666666666666
TransformUI:0.31
MultiAppliGenerator:0.2990555555555556
ARINC661App:0.2866666666666667
ARINCClippableRenderer:0.27051984126984113
SyntheticWidget:0.27
StylableSizableArea:0.27
JFXSymbolContext:0.25
SwingPainterUtils:0.2422222222222222
OSSpecific:0.23333333333333334
HexaConverter:0.23333333333333334
ScenarioViewer:0.20333333333333334
ServerXMLWidget:0.20222222222222222
JFXSymbolCommand:0.2
AbstractFXMLRenderer:0.19333333333333333
JFXRepresentation:0.18
UpdateRunnable:0.17233333333333334
RendererFactory:0.17138888888888887
HexaDecoder:0.15333333333333332
XMLMapsDefinitionParser:0.15
DefTriangle:0.13999999999999999
ParsedWidget:0.13666666666666666
ApplyScriptAction:0.13333333333333333
DefPolyLine:0.11599999999999999
AbstractScenarioViewer:0.11333333333333333
DefFont:0.11
SetTranslation:0.11
DefLineStyle:0.11
DefColor:0.11
AbstractInteractiveWidget:0.10833333333333334
DefTriangleFan:0.08055555555555555
DefTriangleStrip:0.08055555555555555
GCSymbolRenderer:0.07
AltPushButtonController:0.06666666666666667
DefArcEllipse:0.05333333333333334
ConfigCockpitAction:0.05333333333333334
DefArcCircle:0.05333333333333334
SetRotation:0.043333333333333335
DefHalo:0.04
GCSymbolAnimatedRenderer:0.03666666666666667
DefText:0.03666666666666667
AbstractFXMLController:0.02
DefLine:0.013333333333333334
DefLinePolar:0.013333333333333334
DefRectangle:0.013333333333333334
EndGroup:0.006666666666666667
StartGroup:0.006666666666666667
ARINCSizedRenderer:0.0
