Viewer:0.5033333333333333
NodeView:0.36
NodeViewI:0.28837301587301584
GraphNodeIter:0.25
ColorManager:0.23777777777777775
CategoryCheckBoxListener:0.2111111111111111
JnetManager:0.18333333333333332
NodeAttrQueryView:0.17333333333333334
AttrGui:0.14333333333333334
