AttributeBuilderDescriptor:0.42
ThirdPartyStaticBuilderStrategy:0.3433333333333333
AttributeBuilderTest:0.30666666666666664
AttributeBuilderReflection:0.26666666666666666
UsingName:0.19
NeapolitanAttributeBuilderParent:0.18527777777777776
Scheme:0.0
