AsyncTestFunction:0.6866666666666666
DelayedAsyncTestFunction:0.41333333333333333
