TypeOverrides:0.7133333333333334
InfinispanRegionFactory:0.38333333333333336
InfinispanRegionFactoryTestCase:0.26
