SimpleTedSerie:0.51
TedSerie:0.45666666666666667
DailyDate:0.36333333333333334
EpguidesParser:0.3566666666666667
SeasonEpisode:0.27666666666666667
AddShowDialog:0.26666666666666666
TedParser:0.25666666666666665
EpisodeChooserPanel:0.21333333333333335
EpisodeParserThread:0.21
EditShowDialog:0.20666666666666667
EpisodesTableModel:0.17666666666666667
SearchTextField:0.16333333333333333
StandardStructure:0.14666666666666667
TedTableRowRenderer:0.14333333333333334
TedConfigDialog:0.11833333333333333
tedEpguidesParserTester:0.09
