FormSubmissionUtils:0.8066666666666666
WFFormTag:0.2733333333333333
