AspectJSecurityInterceptorTests:0.6733333333333333
AbstractMethodSecurityMetadataSource:0.3424444444444445
