AppliConfiguration:0.48
ARINCSettings:0.4033333333333333
ARINC661App:0.33666666666666667
MenuFactory:0.22333333333333333
