ARINCFont:0.71
J2DPrismGraphics:0.4166666666666667
SwingFont:0.37
AbstractFonts:0.31666666666666665
PPTRTTexture:0.31333333333333335
JFXFont:0.3
PPTGraphics2D:0.29333333333333333
MultiLineLabelUI:0.26666666666666666
Executor:0.2657777777777777
PPTPresentable:0.26
SwingUIDefinition:0.24666666666666667
AbstractARINCHandler:0.24666666666666667
GraphicProperties:0.24
Synth:0.23666666666666666
BasicClientEngineTest:0.20722222222222222
ServerXMLSymbolsHandler:0.20666666666666667
SynthMultiLineLabelUI:0.20555555555555557
JFXServerGraphicsConfigHandler:0.20333333333333334
SwingUtilities2:0.19166666666666668
ClientGraphicsConfigHandler:0.19
SwingServerGraphicsConfigHandler:0.19
GraphicsConfigHandler:0.17333333333333334
PPTResourceFactory:0.16666666666666666
SavePPTAction:0.125
PPTSwingExporter:0.056666666666666664
TextureHelper:0.05
PPTJFXExporter:0.03
PPTTexturePool:0.016666666666666666
