Property:0.7966666666666666
PropertyView:0.32666666666666666
PropertyXRef:0.30333333333333334
