ShadowApplication:0.6133333333333333
ShadowParcel:0.42333333333333334
ParcelTest:0.19666666666666666
