FileRepositorySession:0.6333333333333333
PostFiles:0.31833333333333336
AddEntryController:0.3016666666666667
