BinderModule:0.6966666666666667
DashboardHelper:0.39666666666666667
AjaxController:0.30666666666666664
WebKeys:0.2911111111111111
BinderModuleImpl:0.24333333333333335
WorkAreaOperation:0.23038888888888892
EditController:0.14
ViewController:0.13555555555555557
EmailConfigController:0.13333333333333333
