RaCertificateSearchRequest:0.7366666666666667
RaMasterApiSessionBean:0.30666666666666664
RaSearchCertsBean:0.19333333333333333
