CodeGenerationUtils:0.5766666666666667
CodecModel:0.4744444444444444
CodecCodeGenerator:0.2733333333333333
