LocalizedTextUtil:0.5716666666666667
PrepareOperations:0.25666666666666665
VelocityDecoratorServlet:0.25666666666666665
TextFieldHandler:0.18666666666666668
VelocityTemplateEngine:0.14666666666666667
