GedcomWriter:0.5033333333333333
ActionSave:0.2
AnselWriter:0.19777777777777777
SaveOptionsWidget:0.19666666666666668
GedcomReader:0.18666666666666668
ActionOpen:0.1791666666666667
InputStreamSniffer:0.043333333333333335
