SplitManager:0.5305555555555556
NodeManager:0.42
ServerMainModule:0.3566666666666667
