DefaultShader:0.42
TmxMapLoader:0.32666666666666666
ClassReflection:0.32
Field:0.3046666666666667
AtlasTmxMapLoader:0.2966666666666667
GLES10Shader:0.2552222222222222
Constructor:0.24666666666666667
BaseShader:0.23666666666666666
DefaultTextureBinder:0.23666666666666666
BlendingAttribute:0.23333333333333334
LwjglApplication:0.22833333333333333
Skin:0.2175
Setter:0.21333333333333335
LwjglApplicationConfiguration:0.20666666666666667
TestShader:0.19666666666666666
RenderContext:0.18666666666666668
DefaultShaderProvider:0.17
GwtTestStarter:0.11333333333333333
Validator:0.0867222222222222
DefaultRenderableSorter:0.03666666666666667
Setters:0.023888888888888887
Inputs:0.023888888888888887
Uniform:0.013333333333333334
