StatementAnalyzer:0.6105555555555555
RelationPlanner:0.5066666666666667
AbstractTestDistributedQueries:0.24666666666666667
