NodeProvider:0.7721111111111112
PreviewGeneratorImpl:0.3486666666666667
