VertexStyle:0.5366666666666666
ColorThemingStyle:0.39666666666666667
SLDImporter:0.32
LayerStyle2SLDPlugIn:0.30666666666666664
OpenJumpConfiguration:0.20666666666666667
BitmapVertexStyle:0.19
ImportSLDPlugIn:0.18666666666666668
CustomTexturePaint:0.016666666666666666
