IngestDocumentTests:0.5433333333333333
IngestDocument:0.5166666666666667
IngestService:0.37
SimulatePipelineRequest:0.31666666666666665
PipelineStore:0.23666666666666666
PipelineStoreTests:0.22
IngestServiceTests:0.17
