DescriptorEngine:0.74
DescriptorEngineTest:0.22333333333333333
DictDBTest:0.18
OWLFile:0.15444444444444444
