MailTransportMonitor:0.4066666666666667
MockSnmpAgentTest:0.30333333333333334
JiraTicketerPlugin:0.2866666666666667
IfSnmpCollectorTestCase:0.08666666666666667
SNMP4JV3IfSnmpCollectorTest:0.0
JoeSnmpV1IfSnmpCollectorTest:0.0
SNMP4JV1IfSnmpCollectorTest:0.0
SNMP4JV2IfSnmpCollectorTest:0.0
JoeSnmpV2IfSnmpCollectorTest:0.0
