SqlBuilder:0.8866666666666667
QueryCmd:0.4166666666666667
MWLQueryCmd:0.15666666666666668
MPPSQueryCmd:0.15333333333333332
QueryStudiesCmd:0.14666666666666667
HPQueryCmd:0.14333333333333334
GPWLQueryCmd:0.14333333333333334
GPPPSQueryCmd:0.14
QueryPrivateStudiesCmd:0.12
