GwtViewHelper:0.5133333333333333
FolderEntryDetails:0.42833333333333334
FolderEntryDocument:0.3433333333333333
