AnnotationSpec:0.43333333333333335
ParameterSpec:0.38666666666666666
MethodSpec:0.32666666666666666
MethodSpecTest:0.30333333333333334
Builder:0.29
