MediaDriver:0.5933333333333334
Aeron:0.25666666666666665
ExampleUtil:0.19333333333333333
PubAndSubTest:0.19333333333333333
Configuration:0.17333333333333334
PubMulticastTest:0.17
SubUnicastTest:0.17
SubMulticastTest:0.17
PubUnicastTest:0.17
ExamplePublisher:0.11666666666666667
MediaDriverAdminSoakTestRunner:0.11
ClientAdminSoakTestRunner:0.08
SystemTestHelper:0.059166666666666666
RateReporter:0.043333333333333335
