AlfSerializerDesc:0.5533333333333333
AlfSession:0.38333333333333336
AlfHelper:0.25333333333333335
Mappings:0.24916666666666668
IAlfObject:0.10504761904761904
AlfObjectCallbackFilter:0.09
