DefaultScenario:0.859888888888889
InvariantViolatedAcceptor:0.6333333333333333
