HistoryGuru:0.37666666666666665
SCCSget:0.34
HistoryCache:0.28
SCCSHistoryParser:0.27
ExternalRepository:0.2678730158730158
MercurialRepository:0.22
SubversionRepository:0.22
IndexDatabase:0.21916666666666668
