RxBus:0.41
MediaGridFragment:0.34
RxGalleryFinalApi:0.34
RxGalleryFinal:0.33666666666666667
MainActivity:0.19333333333333333
ImageLoaderActivity:0.16000000000000003
