BoundedLocalCache:0.6116666666666667
BoundedLocalCacheTest:0.2966666666666667
PolicyBuilder:0.2733333333333333
