Configuration:0.5983333333333334
XMLMapperBuilder:0.42333333333333334
DefaultResultSetHandler:0.3616666666666667
