Transaction:0.5233333333333333
Block:0.48
Message:0.31333333333333335
ChildMessage:0.19666666666666666
BlockTest:0.07
