LangUtils:0.6033333333333334
Add:0.31333333333333335
Update:0.2675
