GeneratedVariableElement:0.5233333333333333
GeneratedExecutableElement:0.4166666666666667
Binding:0.32666666666666666
GeneratedElement:0.2866666666666667
OuterReferenceResolver:0.25
LambdaGenerator:0.22333333333333333
GeneratedTypeElement:0.21444444444444447
JdtTypeElement:0.19
