StopStartSecondSubscriberTest:0.37666666666666665
MultiDestinationCastTest:0.2866666666666667
PongTest:0.22
ReceiverTest:0.205
MultiDriverTest:0.18333333333333332
