AbstractNNMEvent:0.5991666666666666
OVsDaemon:0.4766666666666667
OpenNMSDaemon:0.4166666666666667
