ScriptEditor:0.6866666666666666
ScriptEditorFrame:0.4066666666666667
TesterMethodAction:0.33444444444444443
Costello:0.03
