Atom:0.46
Molecule:0.37
Renderer2D:0.30333333333333334
AtomContainer:0.25633333333333336
SSSRFinder:0.21666666666666667
RingSet:0.15666666666666668
Ring:0.15222222222222223
MDLReader:0.11
