Mongo:0.68
DBTCPConnector:0.32666666666666666
ReplicaSetStatus:0.31333333333333335
Node:0.29
MongoURI:0.23666666666666666
