MakingSoy:0.39
Cooking:0.30333333333333334
PhysicalCondition:0.2733333333333333
MakeSoy:0.25166666666666665
MakeSoyMeta:0.18444444444444444
TabPanelScience:0.1811111111111111
DrinkSoymilkMeta:0.14
TabPanelBuildings:0.12833333333333333
NotificationBox:0.12666666666666668
