WindowTest:0.45416666666666666
XMLDocumentTest:0.25666666666666665
XMLElementTest:0.2225
XMLHttpRequestTest:0.22
XPathResultTest:0.20916666666666667
XMLSerializerTest:0.1775
XSLTProcessorTest:0.15083333333333335
