Dao:0.7766666666666666
NutDao:0.5
EntityService:0.21666666666666667
IdEntityService:0.2
IdNameEntityService:0.2
NameEntityService:0.19
SimpleDaoTest:0.1
