Grammar:0.5866666666666667
LexerInterpreter:0.5466666666666666
ParserInterpreter:0.31333333333333335
TestTokenStreamRewriter:0.22666666666666666
TestUnbufferedCharStream:0.22
TestATNParserPrediction:0.2
TestBufferedTokenStream:0.17166666666666666
TestPerformance:0.1680952380952381
TestATNInterpreter:0.16666666666666666
TestUnbufferedTokenStream:0.14666666666666667
