ReportModule:0.6233333333333333
MailModule:0.533888888888889
MailModuleImpl:0.36
EmailLog:0.33666666666666667
AbstractAdminModule:0.33666666666666667
ReportModuleImpl:0.17666666666666667
