StringStatisticsBuilder:0.4166666666666667
OrcWriteValidation:0.30666666666666664
TestStringStatisticsBuilder:0.27
OrcWriteValidationBuilder:0.26
SliceDictionaryColumnWriter:0.24333333333333335
StatisticsValidation:0.1911111111111111
