JvmInfo:0.6166666666666667
BootstrapCheck:0.30333333333333334
MightForkCheck:0.22666666666666666
BootstrapCheckTests:0.15166666666666667
Check:0.12333333333333334
OnErrorCheck:0.09
OnOutOfMemoryErrorCheck:0.09
