FreetypeFontLoader:0.45388888888888884
FreeTypeFontGeneratorLoader:0.3575
LwjglDebugStarter:0.1701666666666667
