VehicleMission:0.8405555555555555
MainDetailPanel:0.36666666666666664
