FolderEntryDetails:0.43666666666666665
FolderEntryComposite:0.35
GwtViewHelper:0.3466666666666667
FolderEntryHeader:0.22333333333333333
GwtTeamingDataTableImageBundle:0.19416666666666665
FolderEntryCallback:0.013333333333333334
