BreadthGenerator:0.6511111111111112
UniqueFilter:0.48
BreadthRunnable:0.35333333333333333
BreadthCrawler:0.11
