ParquetColumnReader:0.7466666666666667
ParquetReader:0.42333333333333334
