AllCoreTestsSuite:0.894626984126984
AllCorePluginTestsSuit:0.894626984126984
