Actor:0.45666666666666667
Type:0.31
Pool:0.23666666666666666
ClassReflection:0.22333333333333333
ReflectionCacheSourceCreator:0.18666666666666668
Colors:0.14
