UncompressedBlockSerde:0.365
TupleInfoSerde:0.3566666666666667
BlockSerdeSerde:0.35650000000000004
BlockSerdes:0.30666666666666664
DatabaseStorageManager:0.24333333333333335
PagesSerde:0.23622222222222225
BlocksSerde:0.20666666666666667
ConvertCsv:0.12666666666666668
