Scanner:0.7
HttpParser:0.3566666666666667
HttpScanner:0.3466666666666667
