LWJGLUtil:0.56
MacOSXDisplay:0.34
Display:0.34
MacOSXApplicationListener:0.3044444444444444
GLContext:0.24
Sys:0.24
MacOSXFrame:0.2226111111111111
LinuxCanvasImplementation:0.15666666666666668
LinuxSysImplementation:0.10666666666666667
MacOSXSysImplementation:0.10666666666666667
