WorkflowUtils:0.4866666666666667
CoreDaoImpl:0.4033333333333333
DefinitionModuleImpl:0.32
Notify:0.30333333333333334
EnterExitEvent:0.15
