ModuleAdapterProcessor:0.7669444444444444
ObjectGraph:0.5951111111111111
