Plugin:0.38
NamespaceManager:0.33
Listener:0.2866666666666667
KnopflerfishPlatform:0.2833333333333333
AsyncNoWaitTest:0.13333333333333333
