DbSqlBuilder:0.5233333333333333
SqlChunk:0.31666666666666665
ColumnsSelectChunk:0.20777777777777776
MatchChunk:0.19444444444444442
TableChunk:0.19277777777777777
ReferenceChunk:0.16333333333333333
ValueChunk:0.15
InsertChunk:0.15
ColumnValueChunk:0.15
UpdateSetChunk:0.13
RawSqlChunk:0.13
