TestEarlyStoppingSpark:0.5266666666666666
BaseSparkTest:0.4866666666666667
TestTrainingStatsCollection:0.3988888888888889
