RasterImageLayer:0.5311111111111111
StretchedPanel:0.4266666666666667
IntervalPanel:0.365
SingleValuesPanel:0.3616666666666667
RasterStylesDialog:0.23333333333333334
