AbstractJPPFSnapshot:0.6255952380952382
AbstractNodeContext:0.5549999999999999
CumulativeSnapshot:0.3333333333333333
JPPFDriverAdmin:0.29
NonCumulativeSnapshot:0.27
