TrashView:0.5133333333333333
GwtTeamingMessages:0.40944444444444444
BinderViewsHelper:0.37444444444444447
