OperationServiceImpl:0.8033333333333333
InvocationTest:0.38
OpThread:0.3433333333333333
InvocationImpl:0.33
HazelcastTestSupport:0.22
