RedisCommands:0.5910000000000001
RedissonExpirable:0.41333333333333333
RedissonExpirableReactive:0.28
