Node:0.8044444444444445
Shapes:0.36444444444444446
