MainScene:0.5488888888888889
CrewEditorFX:0.44333333333333336
PersonConfig:0.32388888888888884
