AtmosphereFramework:0.9066666666666666
AtmosphereConfig:0.31333333333333335
AtmosphereFrameworkTest:0.05333333333333334
