DataTableFolderViewBase:0.51
DlgBox:0.49666666666666665
ManageCommentsDlg:0.3466666666666667
CommentsInfo:0.21
