Factory:0.7039444444444446
RetrofitTest:0.48
Builder:0.2833333333333333
Retrofit:0.22666666666666666
OkHttpCall:0.21333333333333335
MethodHandler:0.16666666666666666
RequestFactory:0.07944444444444444
