DateTime:0.5833333333333334
TestInstant_Basics:0.3
TestMutableDateTime_Basics:0.27
TestDateTime_Basics:0.27
TestDateMidnight_Basics:0.26666666666666666
AbstractInstant:0.23666666666666666
