DataHandler:0.71
QueryHandler:0.6161111111111112
AdminVirtualWikiServlet:0.3333333333333333
AnsiDataHandler:0.3233333333333333
Environment:0.2966666666666667
WikiUtil:0.2866666666666667
AnsiQueryHandler:0.28
TestDataHandler:0.2633333333333333
WikiUtilTest:0.23333333333333334
WikiDatabase:0.1811111111111111
