ActionMethodParserTest:0.38166666666666665
ActionsManagerTest:0.2833333333333333
ActionResultTest:0.18333333333333332
ManualRegistrationTest:0.16
ServletDispatcherResultTest:0.13666666666666666
MyActionRequest:0.13666666666666666
