HitemUtil:0.5177777777777778
ParamSym:0.4033333333333333
Instantiated:0.26666666666666666
Automatic:0.23333333333333334
NEWARRAY:0.22666666666666666
NEW:0.21
ANEWARRAY:0.18
InstantiatedLocalVar:0.18
InstantiatedOpVar:0.18
InstantiatedThis:0.18
AutomaticThis:0.18
AutomaticLocalVar:0.18
ShowTypeRequestMsg:0.16
AASTORE:0.15333333333333332
ARRAYLENGTH:0.14666666666666667
MULTIANEWARRAY:0.14666666666666667
