JSONObject:0.8466666666666667
JSONArray:0.6433333333333333
Property:0.22666666666666666
