Member:0.7933333333333333
PromoteFromBackupOperation:0.3233333333333333
SimpleMemberImpl:0.3
TopicProxySupport:0.23083333333333333
