CSSStyleDeclaration:0.9066666666666666
ComputedCSSStyleDeclaration:0.4633333333333333
CSSStyleDeclarationTest:0.27
