GwtServerHelper:0.5555555555555555
GwtMainPage:0.5166666666666667
ViewPermalinkController:0.5066666666666667
