BatchIngest:0.49333333333333335
BatchTool:0.48333333333333334
BatchXforms:0.41
