TestDateTimeComparator:0.5483333333333333
TestParseISO:0.5483333333333333
TestDateTimeConstants:0.3616666666666667
