ConditionChecker:0.4166666666666667
ReteNetworkNode:0.36333333333333334
ReteMatch:0.3333333333333333
ReteStaticMapping:0.29611111111111116
SearchEngineFactory:0.2866666666666667
ReteSearchEngine:0.28555555555555556
ReteNetwork:0.26
SubgraphCheckerNode:0.23
DisconnectedSubgraphChecker:0.22333333333333333
EdgeCheckerNode:0.20333333333333334
LookupTable:0.19
NodeCheckerNode:0.17666666666666667
ReteMatchSetCollector:0.16333333333333333
ReteLinearStrategy:0.13666666666666666
RootNode:0.1
CompositeConditionChecker:0.09666666666666666
ReteJGraph:0.0
