RefreshAction:0.7766666666666666
ActionMessages:0.39533333333333337
BuildActionGroup:0.02666666666666667
