CDKHydrogenAdderTest:0.7466666666666667
MvalencycheckTests:0.16666666666666666
