TxmUser:0.5666666666666667
TxmSessionListener:0.29
SubscribeForm:0.24666666666666667
CriteraPanel:0.23
TextTable:0.19666666666666666
ConcordanceServiceImpl:0.1877777777777778
PrintSessionsServlet:0.04
