SimpleAllMapperTests:0.52
ParseMappingTypeLevelTests:0.29333333333333333
UpdateMappingTests:0.21666666666666667
