Inventory:0.38666666666666666
MainDesktopPane:0.37333333333333335
UnitWindow:0.21
UnitUIProxy:0.17666666666666667
SettlementWindow:0.11333333333333333
InventoryTabPanel:0.08333333333333333
VehicleTabPanel:0.06666666666666667
PopulationTabPanel:0.06666666666666667
MarsPanelBorder:0.04833333333333333
PersonCollection:0.043333333333333335
LocationTabPanel:0.03333333333333333
TabPanel:0.023333333333333334
