XJBSWDownloadCandidate:0.5622222222222222
XJBSWDownloadCandidateImpl:0.4
Unmarshaller:0.23333333333333334
