HtmlForm:0.39944444444444444
HtmlAnchor:0.27666666666666667
DefaultPageCreator:0.25666666666666665
ClickableElement:0.24333333333333335
HtmlImage:0.21166666666666667
HtmlOption:0.20333333333333334
HtmlButton:0.19333333333333333
HtmlCheckBoxInput:0.15666666666666668
HtmlArea:0.14333333333333334
CollectingPageCreator:0.14
HtmlRadioButtonInput:0.12666666666666668
HtmlImageInput:0.10666666666666667
HtmlSubmitInput:0.09333333333333334
HtmlResetInput:0.05
