StorageManager:0.47961111111111115
OrcStorageManager:0.38666666666666666
RaptorSplitManager:0.2633333333333333
TestOrcStorageManager:0.25666666666666665
RaptorPageSink:0.21388888888888885
RaptorSplitSource:0.19944444444444445
TestRaptorSplitManager:0.15666666666666668
RaptorPageSinkProvider:0.14333333333333334
BackupModule:0.12294444444444444
