VanillaChronicleMap:0.67
ChronicleMapTest:0.32
XStreamConverter:0.26666666666666666
AbstractChannelReplicator:0.20333333333333334
ChronicleMapImportExportTest:0.19
