HttpEngine:0.69
AsyncApiTest:0.3233333333333333
HttpURLConnectionImpl:0.27666666666666667
Job:0.2661111111111111
Dispatcher:0.22333333333333333
