TXTDetailReport:0.23833333333333334
TXTJournalReport:0.23833333333333334
CSVReport:0.23833333333333334
CSVJournalReport:0.23833333333333334
CustomReport:0.12666666666666668
CSVTimesheetTableReport:0.12666666666666668
TimesheetTableReport:0.12666666666666668
