FeatureEditorDialog:0.5033333333333333
Commentator:0.4666666666666667
CommentTextFocusListener:0.27
CannedListItemListener:0.24
