NewCDKTestCase:0.32
BooleanArrayDifference:0.30333333333333334
AtomDiff:0.26
ChemObjectDifference:0.24333333333333335
Point3dDifference:0.21333333333333335
Point2dDifference:0.21333333333333335
BondDiff:0.18333333333333332
ElectronContainerDiff:0.18
MdiffTests:0.16666666666666666
AtomContainerDiff:0.14
LonePairDiff:0.13166666666666665
SingleElectronDiff:0.13166666666666665
BooleanDifferenceTest:0.12666666666666668
DoubleDifferenceTest:0.12666666666666668
IntegerDifferenceTest:0.12666666666666668
AtomTypeHybridizationDifferenceTest:0.12666666666666668
BondOrderDifferenceTest:0.12666666666666668
StringDifferenceTest:0.12666666666666668
BondDiffTest:0.07
AtomDiffTest:0.05
Point2dDifferenceTest:0.04666666666666667
BooleanArrayDifferenceTest:0.04666666666666667
Point3dDifferenceTest:0.04666666666666667
ElementDiffTest:0.03666666666666667
AtomTypeDiffTest:0.03666666666666667
ChemObjectDiffTest:0.03666666666666667
IsotopeDiffTest:0.03666666666666667
AbstractDifferenceTest:0.03333333333333333
AtomContainerDiffTest:0.03
LonePairDiffTest:0.02666666666666667
AbstractDifferenceListTest:0.013333333333333334
ElectronContainerDiffTest:0.01
ChemObjectDifferenceTest:0.006666666666666667
SingleElectronDiffTest:0.0
