QedeqController:0.4805555555555555
QedeqMenuBar:0.32666666666666666
RemoveModuleAction:0.31555555555555553
