AggregationFunction:0.8966666666666666
DoubleAverageAggregation:0.20472222222222225
LongAverageAggregation:0.20472222222222225
DoubleSumAggregation:0.18472222222222223
LongSumAggregation:0.18472222222222223
CountAggregation:0.08333333333333333
