AnnotationActionValidatorManager:0.5866666666666667
AnnotationActionValidatorManagerTest:0.45666666666666667
ValidationInterceptor:0.32
