FeatureProperty:0.6066666666666667
Region:0.29
CommandLine:0.2833333333333333
GenericFileAdapterGUI:0.27
