JCPMultiPageEditor:0.4866666666666667
JCPEditor:0.4533333333333333
AddHydrogenAction:0.3655555555555556
JCPControlListener:0.26944444444444443
JCPScrollBar:0.2633333333333333
JCPMultiPageEditorContributor:0.13333333333333333
