TestServerConfiguration:0.5266666666666666
ResourceIndexDatePrecisionIntegrationTest:0.38333333333333336
AllUnitTests:0.31
AllSystemTestsConfigB:0.15666666666666668
