SystemInformationAction:0.2866666666666667
JMXDriverConnectionWrapper:0.2833333333333333
NodeDataPanel:0.265
NodeConfigurationAction:0.26166666666666666
NodeThreadsAction:0.26166666666666666
ResetTaskCounterAction:0.23833333333333334
ShutdownNodeAction:0.23833333333333334
RestartNodeAction:0.23833333333333334
JPPFNodeAdminMBean:0.21305555555555555
GraphOption:0.20333333333333334
JPPFAdminMBean:0.18844444444444444
JPPFDriverAdmin:0.16666666666666666
JMXConnectionWrapper:0.13444444444444445
AbstractTopologyAction:0.11666666666666667
