StatusBar:0.5333333333333333
MainFrame:0.5133333333333333
UploadZone:0.09666666666666666
DownloadZone:0.09666666666666666
ConnectionsZone:0.09666666666666666
