IConfigurationService:0.49666666666666665
ConfigurationService:0.49666666666666665
HttpTransportManager:0.4166666666666667
NodeConcurrencyFilter:0.36777777777777776
NodeConcurrencyFilterTest:0.21333333333333335
TransportManagerFactoryBean:0.17666666666666667
ConfigurationServiceTest:0.03
