HttpQueryProvider:0.5566666666666666
StaticQueryManager:0.31333333333333335
SumFragmentMaster:0.28
TestHttpQueryProvider:0.23666666666666666
Execute:0.16333333333333333
