LanguageDAOImplTest:0.5902777777777777
ConfigurationDAOImplTest:0.5038888888888889
