TransportSQLActionTest:0.6594444444444444
ShardProjectorChain:0.2733333333333333
PartitionedTableIntegrationTest:0.25277777777777777
