Utils:0.91
BlockFileLoader:0.25666666666666665
DnsDiscovery:0.22333333333333333
