Internal:0.6333333333333333
OkHttpClient:0.5366666666666666
RouteSelector:0.37
RouteSelectorTest:0.30666666666666664
FakeDns:0.11666666666666667
