TransportSQLActionTest:0.5266666666666666
QueryPlanner:0.31333333333333335
TableVisitor:0.31
TableExecutionContext:0.22
TableVisitorTest:0.17
