View:0.62
Module:0.3466666666666667
ModuleManager:0.25666666666666665
Result:0.23
TreeViewTestBase:0.19333333333333333
AJAXTest:0.18666666666666668
EditorTag:0.18333333333333332
NewTreeViewItemAction:0.05
