SoapProtocol:0.5066666666666667
JsonRpcProtocol:0.42
XmlRpcProtocol:0.3433333333333333
