TierProperty:0.4350555555555557
PropertyScheme:0.41333333333333333
DrawableResultSeqFeature:0.28555555555555556
