CertificateProfile:0.6658333333333334
LocalCertificateStoreSessionBean:0.27666666666666667
CertificateDataUtil:0.25333333333333335
