Processor:0.5017698412698413
NutActionChain:0.2733333333333333
ActionFiltersProcessor:0.056666666666666664
MethodInvokeProcessor:0.03333333333333333
AdaptorProcessor:0.03
DynamicModuleProcessor:0.03
ViewProcessor:0.03
StaticModuleProcessor:0.02
EncodingProcessor:0.02
UpdateRequestAttributesProcessor:0.0033333333333333335
