ARCWriter:0.45
ARCReader:0.3933333333333333
Heritrix:0.27599999999999997
ARCRecordMetaData:0.21333333333333335
GZIPMemberPushbackInputStream:0.2
ARCWriterProcessor:0.15333333333333332
ARCRecord:0.09777777777777777
ARCTest:0.05333333333333334
ARCWriterTest:0.04
ARCConstants:0.0
