Uri:0.6166666666666667
RequestBuilderBase:0.33666666666666667
HttpUtils:0.28
HttpUtilsTest:0.26666666666666666
ChannelPoolPartitioning:0.2527777777777778
Redirect30xInterceptor:0.22
UriTest:0.15666666666666668
AuthenticatorUtils:0.14333333333333334
NettyRequestFactory:0.14
NettyConnectListener:0.13333333333333333
