DateEntry:0.5133333333333333
Events:0.4866666666666667
