FOXMLDOSerializer:0.37333333333333335
METSFedoraExtDOSerializer:0.35333333333333333
DOTranslationUtility:0.3
TestXMLDOSerializer:0.14583333333333334
TestXMLDODeserializer:0.13333333333333333
