ChadoInstance:0.7808333333333334
AbstractChadoInstance:0.33
TigrChadoInstance:0.30666666666666664
FlybaseChadoInstance:0.2866666666666667
XmlConfigFileParser:0.24111111111111114
