JPPFNode:0.54
JMXMPServer:0.30666666666666664
ConfigurationHelper:0.24333333333333335
JMXServerFactory:0.23666666666666666
