MockNetwork:0.49333333333333335
MockService:0.39666666666666667
PollAnticipator:0.38
MockPollerConfig:0.25666666666666665
MockEventIpcManager:0.25
MockNetworkTest:0.19333333333333333
PollerTest:0.17666666666666667
ListenerKeeper:0.17666666666666667
