TestCassandraDistributed:0.33916666666666667
TestKafkaDistributed:0.25666666666666665
TestRedisDistributed:0.25666666666666665
TestRedisDistributedHash:0.25666666666666665
