MemberState:0.7286666666666667
MemberStateImpl:0.52
ReplicatedMapService:0.2966666666666667
TimedMemberStateFactory:0.24333333333333335
