SerializeWriter:0.77
JSONReader:0.34
JSONStreamContext:0.31
JSONWriter:0.2966666666666667
BenchmarkMain:0.23666666666666666
FastjsonCodec:0.23072222222222222
FastjsonSCodec:0.1
