twoDJframe:0.5375
Structure2DView:0.44333333333333336
MultiViewAction:0.38333333333333336
