XSLTag:0.545
MockPageContext:0.51
MockServletContext:0.2733333333333333
XSLTagTest:0.17666666666666667
