Processor:0.49333333333333335
CrawlController:0.41333333333333333
FetchHTTP:0.3466666666666667
ARCWriterProcessor:0.33666666666666667
