ExampleController:0.42333333333333334
FormSerializer:0.3566666666666667
YesNoController:0.22
DumpNodeHandler:0.14746825396825397
ExampleForm:0.10944444444444443
YesNoForm:0.0
