Robolectric:0.5016666666666667
ParallelUniverseInterface:0.5005555555555556
ParallelUniverse:0.37
RobolectricTestRunner:0.37
ShadowMessageTest:0.26
ParallelUniverseTest:0.21194444444444446
RobolectricTestRunnerTest:0.2111111111111111
MyParallelUniverse:0.07
