QueueCodecTemplate:0.4216666666666667
ClientQueueProxy:0.42
ClientQueueTest:0.41333333333333333
