Listener:0.5366666666666666
ElementMatchers:0.3933333333333333
AgentBuilderListenerResubmittingTest:0.36666666666666664
ByThrowableType:0.24666666666666667
Compound:0.23666666666666666
PoolStrategy:0.22166666666666668
ForResubmission:0.12333333333333334
ForRedefinition:0.11416666666666667
InstallationListener:0.08
CompoundIterable:0.012222222222222221
