ApkInspectionsBag:0.8266666666666667
ApkTranslator:0.2561111111111111
DexMethodsDumper:0.22666666666666666
