JmolView:0.55
StructureEntitySelection:0.37333333333333335
JmolPanel:0.30333333333333334
StructureTablePage:0.22666666666666666
