Validator:0.6433333333333333
ViewDataAdapter:0.532888888888889
CustomViewDataAdapterActivity:0.15
CheckBoxBooleanAdapter:0.11
SeekBarIntegerAdapter:0.11
FletStringAdapter:0.11
RadioGroupBooleanAdapter:0.11
RadioButtonBooleanAdapter:0.11
TextViewIntegerAdapter:0.08666666666666667
TextViewStringAdapter:0.08666666666666667
TextViewDoubleAdapter:0.08666666666666667
TextViewFloatAdapter:0.08666666666666667
FletIntegerAdapter:0.06
SpinnerIndexAdapter:0.04
