ImageArchivingSession:0.41333333333333333
SystemTest:0.37
Context:0.22
ArchiverConductor:0.19
ReplaySession:0.18105555555555555
ArchiveFileUtil:0.17
ArchiveIndex:0.11944444444444442
ImageArchivingSessionTest:0.02666666666666667
