CCClient:0.54
WebdavSiteScape:0.4
OpenSessionInViewInterceptor:0.25666666666666665
AuthenticationManager:0.19755555555555554
DispatchServer:0.11
CrossContextConstants:0.10333333333333333
CCExecutionTemplate:0.08666666666666667
UserReloadInterceptor:0.056666666666666664
UserPreloadInterceptor:0.01
LoggingInterceptor:0.0
