RrCSG:0.48
BooleanExpression:0.4033333333333333
FunctionTable:0.33666666666666667
Variable:0.27666666666666667
TableRow:0.25666666666666665
Main:0.24333333333333335
LineSegment:0.17333333333333334
CodeGenerator:0.13666666666666666
ExtensionFileFilter:0.0
