HazelcastClientInstanceImpl:0.4766666666666667
ProxyManager:0.28724603174603175
HazelcastClientProxy:0.2833333333333333
ClientInvocationFuture:0.24666666666666667
GenericOperation:0.20333333333333334
FactoryIdHelper:0.19333333333333333
