Table:0.5833333333333334
PropertyTableWidget:0.4866666666666667
