ResupplyDetailPanel:0.5424444444444445
ResupplyWindow:0.3566666666666667
ResupplyManager:0.31666666666666665
