DebugAtomParity:0.6333333333333333
NNAtomParity:0.3641666666666667
