BinaryLogProvider:0.48
BinaryLogTest:0.44333333333333336
SinkWriter:0.31087301587301586
BinaryLog:0.3
AbstractServerImplBuilder:0.22666666666666666
AbstractManagedChannelImplBuilder:0.19666666666666666
SinkWriterImpl:0.18666666666666668
CallId:0.17
BinaryLogProviderTest:0.12666666666666668
