RuleFormula:0.2733333333333333
StateCondition:0.27051984126984113
TransitionCondition:0.27051984126984113
ScenarioMenu:0.25333333333333335
IsRuleApplicableCondition:0.24
ConditionalScenario:0.23666666666666666
StringConsumer:0.18666666666666668
InvariantViolatedAcceptor:0.18
RuleApplicableCondition:0.13333333333333333
RuleApplicationAcceptor:0.13333333333333333
AcceptorEnumerator:0.13
EncodedRuleFormula:0.11
OldExploreCondition:0.09333333333333334
GeneratorScenarioFactory:0.08583333333333333
StrategyEnumerator:0.08333333333333333
PAll:0.06
TransitionAcceptor:0.04
OldConditionalAcceptor:0.03833333333333333
ConditionalBFSStrategy:0.03333333333333333
ScenarioFactory:0.029166666666666667
StateAcceptor:0.02666666666666667
ConditionalStrategy:0.006944444444444445
RuleAppliedCondition:0.0
