SampleNode:0.55
SampleOperator:0.22666666666666666
RelationPlanner:0.21916666666666668
RewritingVisitor:0.2
SampleOperatorFactory:0.2
Visitor:0.2
