Response:0.39
DBPort:0.38
Result:0.3383333333333333
DBCursor:0.32166666666666666
DBTCPConnector:0.28
DBConnector:0.24166666666666667
ServerAddress:0.23
Node:0.21
MyCollection:0.18
ReplicaSetStatus:0.16333333333333333
DBPortPool:0.15
Holder:0.14333333333333334
MyPort:0.09666666666666666
