TagElement:0.36666666666666664
MediaSeriesGroupNode:0.32
DicomExplorer:0.2866666666666667
ArrayListComboBoxModel:0.2866666666666667
WeasisLauncher:0.28
DownloadManager:0.25666666666666665
