FuncGooseTest:0.4633333333333333
FuncGoose:0.4
Table:0.32
Table_both:0.27666666666666667
GeneListFileFilter:0.15333333333333332
