IMap:0.8266666666666667
MapProxySupport:0.5
MapServiceContextEventListenerSupport:0.33605555555555555
AbstractMapServiceContextSupport:0.20333333333333334
ClientMapProxy:0.2
MapProxyImpl:0.19333333333333333
