Config:0.6533333333333333
Style:0.4
DisplayPrefsI:0.34703968253968254
DefaultDisplayPrefs:0.22333333333333333
TierPopupMenu:0.21777777777777782
FlyDisplayPrefs:0.17333333333333334
