MultiSourceSelect:0.6666666666666666
NormalizerVisitor:0.35
Rewriter:0.31333333333333335
SubselectRewriter:0.30666666666666664
