CtrlPar:0.6753333333333333
CtrlAut:0.37333333333333335
CtrlFactory:0.33
CtrlCall:0.31666666666666665
CtrlLabel:0.30666666666666664
