AbstractDbDialect:0.5566666666666666
TriggerRouterService:0.38333333333333336
SqlTemplate:0.36666666666666664
IDbDialect:0.30333333333333334
