Interpreter:0.35333333333333333
ThreeDynamicModelOne:0.25666666666666665
ThreeModel:0.25
DynamicInterpreter:0.24666666666666667
UnaryModel:0.21666666666666667
DynamicModel:0.2
ThreeDynamicModelTwo:0.19333333333333333
Model:0.18744444444444444
