FlowExecutionListener:0.8111111111111111
RequestControlContextImpl:0.3233333333333333
MockFlowExecutionListener:0.31333333333333335
FlowExecutionListeners:0.23333333333333334
FlowExecutionListenerAdapter:0.18416666666666667
