WhiteboardEditor:0.6
SarosWhiteboardView:0.46
ExportToImageAction:0.23666666666666666
WhiteboardMessages:0.22666666666666666
