HttpWebConnection:0.62
HtmlUnitSSLConnectionSocketFactory:0.2633333333333333
HttpWebConnectionTest:0.17666666666666667
HtmlUnitBrowserCompatCookieSpec2:0.11333333333333333
SocksSocketFactory:0.08333333333333333
InsecureTrustManager2:0.06666666666666667
