DefaultGrammarView:0.5366666666666666
CAPanel:0.48833333333333334
ToggleButtonListener:0.36333333333333334
