UIData:0.4766666666666667
GwtTeamingMessages:0.4680555555555556
TaskListing:0.4066666666666667
TaskTable:0.30127777777777776
GwtMainPage:0.28
TaskMenuOption:0.28
GwtClientHelper:0.27666666666666667
ListFolderHelper:0.27666666666666667
TaskButton:0.26
TaskPopupMenu:0.25333333333333335
GwtTeaming:0.24
ContentControl:0.20444444444444443
EventWrapper:0.08
