RedissonScoredSortedSet:0.43
RedissonMap:0.42
RedissonListMultimapValues:0.37666666666666665
RedissonMultimap:0.35
RedissonSetMultimapValues:0.32666666666666666
