BoundedLocalCache:0.5933333333333334
NodeGenerator:0.3566666666666667
LocalCacheGenerator:0.28
IsCacheReserializable:0.25666666666666665
KeySet:0.22
BoundedLocalCacheTest:0.21
BoundedLocalAsyncLoadingCache:0.16883333333333334
UpdateTask:0.14666666666666667
AddTask:0.14666666666666667
BoundedPolicy:0.12666666666666668
BoundedLocalManualCache:0.12416666666666666
IsValidBoundedLocalCache:0.12083333333333333
EntryIterator:0.10666666666666667
Specifications:0.016666666666666666
