FindCtrl:0.38333333333333336
GwtTeamingMessages:0.31666666666666665
SearchOptionsComposite:0.29333333333333333
LandingPageEditor:0.21333333333333335
MainMenuControl:0.21194444444444446
ProfileAttributeWidget:0.18666666666666668
SearchOptionsCompositeClient:0.08316666666666667
