RBatch:0.7080000000000001
CommandBatchExecutorService:0.5133333333333333
Entry:0.45876587301587307
RedissonBatch:0.27666666666666667
RedissonBatchTest:0.19333333333333333
CommandEntry:0.09333333333333334
