CriteriaImpl:0.44666666666666666
CriteriaQueryTranslator:0.38
QueryTranslatorImpl:0.22333333333333333
ComponentCollectionCriteriaInfoProvider:0.20944444444444446
SessionFactoryHelper:0.20777777777777778
JavaConstantConverter:0.16444444444444445
CriteriaJoinWalker:0.15333333333333332
