Balancer:0.4533333333333333
BalancedShardsAllocator:0.37333333333333335
RoutingAllocation:0.3
ShardsAllocators:0.22
PrimaryShardAllocator:0.19333333333333333
ClusterRebalanceRoutingTests:0.02666666666666667
