DomNode:0.5416666666666666
DomText:0.2966666666666667
DocumentTest:0.23333333333333334
