HOSECodeGenerator:0.5066666666666667
SwissArmyKnife:0.45
MorganNumberToolsTest:0.43666666666666665
CDKTests:0.23333333333333334
MorganNumbersTools:0.06
