RuleJTree:0.68
StateJList:0.31666666666666665
MyTreeCellRenderer:0.2377777777777778
MySelectionListener:0.1841666666666667
MyMouseListener:0.16444444444444445
RuleSelectionListener:0.15444444444444444
MyCellRenderer:0.1311111111111111
