WikiFormatter:0.8334920634920635
NameCase:0.39666666666666667
JspWikiFormatter:0.2175
