Options:0.7933333333333333
ObjectiveCHeaderGeneratorTest:0.24333333333333335
TranslationProcessor:0.22666666666666666
Import:0.22611111111111115
GenerationTest:0.21666666666666667
SourceFileGenerator:0.19333333333333333
J2ObjC:0.18333333333333332
FileProcessor:0.18
