DBView:0.7966666666666666
DBRecordDialog:0.24666666666666667
