gUnitParser:0.38
SourceGenTriggers:0.37333333333333335
ASTVerifier:0.3416666666666667
gUnitLexer:0.33
jUnitGen:0.31833333333333336
Semantics:0.20833333333333334
