BiomartQueryEditor:0.43333333333333335
FiltersPage:0.32666666666666666
ValueEditingSupport:0.24944444444444444
AttributesPage:0.21666666666666667
IBiomartEditorPage:0.11105555555555555
