OperationService:0.68
EventService:0.6066666666666667
ProxyService:0.49333333333333335
ClientEngine:0.46711904761904766
OperationServiceImpl:0.4533333333333333
EventServiceImpl:0.23666666666666666
ClientEngineImpl:0.19
InstanceMBean:0.19
ProxyRegistry:0.18166666666666667
ProxyServiceImpl:0.11333333333333333
EventServiceMBean:0.09
