Settlement:0.5533333333333333
TransportWizard:0.4066666666666667
MainDesktopPane:0.33
MainScene:0.31333333333333335
MainWindow:0.23
