MongoDb:0.75
MongoDbTicketRegistry:0.38333333333333336
MetricsProperties:0.24
InfluxDbConnectionFactory:0.17666666666666667
GoogleAuthenticatorMongoDbConfiguration:0.11333333333333333
MongoDbYubiKeyConfiguration:0.11
MongoDbMultifactorAuthenticationTrustConfiguration:0.11
MongoDbEventsConfiguration:0.11
MongoDbTicketRegistryConfiguration:0.09666666666666666
MongoDbServiceRegistryConfiguration:0.09333333333333334
MongoDbCloudConfigBootstrapConfiguration:0.09333333333333334
CasAcceptableUsagePolicyMongoDbConfiguration:0.09333333333333334
MongoDbMonitoringConfiguration:0.09333333333333334
CasSupportMongoDbAuditConfiguration:0.09333333333333334
CasConsentMongoDbConfiguration:0.09333333333333334
CasMetricsRepositoryConfiguration:0.06833333333333333
MongoDbMetric:0.04
InfluxDb:0.0
