Materialisation:0.44388888888888883
ShapePreviewDialog:0.36
ShapeGenerator:0.32666666666666666
