Article:0.6527777777777777
ArticleQueryService:0.36
ChatRoomProcessor:0.24333333333333335
