Installer:0.52
InstallerDBTest:0.4066666666666667
Constraint:0.3
Index:0.22666666666666666
IndexDao:0.02666666666666667
