ConfigLib:0.3308333333333333
DatabaseLib:0.29333333333333333
MetadataLib:0.27
ProfileLib:0.22333333333333333
Gast:0.208
