CouchbaseTicketRegistry:0.6783333333333333
ConditionalSpringRunner:0.22333333333333333
