QueryBuilders:0.6233333333333333
HighlighterSearchTests:0.33
SimpleIndexQueryParserTests:0.31666666666666665
IndicesQueriesModule:0.228
MatchQueryParser:0.2188888888888889
DeleteByQueryTests:0.15333333333333332
SimpleValidateQueryTests:0.12
