RxSupport:0.5708333333333333
TypeChangeListener:0.38
RxTest:0.33666666666666667
