JCPPage:0.6966666666666667
IJCPBasedEditor:0.4066666666666667
MDLMolfileEditor:0.32666666666666666
JCPMultiPageEditorContributor:0.31666666666666665
