TypeWriter:0.6566666666666666
ClassWriter:0.48333333333333334
JavaWriter:0.35333333333333333
InterfaceWriter:0.1927777777777778
