App:0.8066666666666666
GedcomTable:0.36666666666666664
HelpBridgeImpl:0.31
