DashboardConfig:0.9333333333333333
DashboardXMLManager:0.20333333333333334
