StringTools:0.4866666666666667
PackageBasedActionConfigBuilder:0.4633333333333333
ResultInfo:0.21
SEOActionNameBuilder:0.14666666666666667
DefaultActionNameBuilder:0.14666666666666667
