ComponentTester:0.6466666666666666
ScriptEditor:0.3333333333333333
Robot:0.26666666666666666
EventRecorder:0.25
ComponentBrowser:0.23
ComponentRecorder:0.22
ComponentNode:0.19333333333333333
ArgumentParser:0.185
ComponentRecorderTest:0.18
RobotTest:0.17
Costello:0.10666666666666667
AWTCode:0.0
