TmxMapLoader:0.43333333333333335
TextureLoader:0.4
AtlasTmxMapLoader:0.2733333333333333
