AnnotationTable:0.81
UpdateAnnotation:0.30666666666666664
AnnotationBeanTest:0.17666666666666667
