Aspect:0.7233333333333334
LabelParser:0.422
DefaultLabel:0.42
ExprParser:0.42
GraphInfo:0.4
GraphProperties:0.4
RegExprLabel:0.36666666666666664
AspectParser:0.36333333333333334
RegExpr:0.3433333333333333
AspectGraph:0.29
Editor:0.27666666666666667
AspectParseData:0.2744444444444445
Wildcard:0.2733333333333333
AbstractAspect:0.25333333333333335
AspectEdge:0.25333333333333335
AspectualRuleView:0.23
PropertiesDialog:0.22
StateJVertex:0.19666666666666666
GraphJVertex:0.19
GraphJEdge:0.19
RuleAspect:0.1877777777777778
RegExprLabelParser:0.18333333333333332
AspectualGraphView:0.18333333333333332
CellEditor:0.17666666666666667
DefaultGxl:0.16666666666666666
AspectJEdge:0.15
AspectJVertex:0.15
AspectGxl:0.14666666666666667
DefaultStringAlgebra:0.14
Version:0.11666666666666667
FreeLabelParser:0.10666666666666667
EditRulePropertiesAction:0.09
NumberLabelParser:0.08
ComposedLabelParser:0.06
OperationLabelParser:0.056666666666666664
AspectualView:0.04
EraserParser:0.023055555555555555
NestingLabelParser:0.006666666666666667
CreatorParser:0.006666666666666667
