BdbFrontier:0.6566666666666666
BdbWorkQueue:0.6316666666666667
