RestTestClient:0.44333333333333336
RestTestExecutionContext:0.3933333333333333
DoSection:0.38333333333333336
ESRestTestCase:0.35
