BlobStoreRepository:0.8166666666666667
SharedClusterSnapshotRestoreIT:0.14600000000000002
