DefaultDOManager:0.46
JMSManagerTest:0.325
TestRelationships:0.2966666666666667
DefaultManagement:0.2866666666666667
TestMessagingClient:0.26233333333333336
TestManagementNotifications:0.224
