Renderer2D:0.5977777777777779
JChemPaintAbstractApplet:0.38666666666666666
SaturationChecker:0.30333333333333334
