AnnotationDiff:0.6133333333333333
AnnotDiffDialog:0.45666666666666667
