Grammar:0.4633333333333333
Tool:0.4033333333333333
BasicSemanticChecks:0.35
