GwtServerHelper:0.6066666666666667
ASEntryData:0.31333333333333335
GwtRpcServiceImpl:0.3
GwtActivityStreamHelper:0.29
GwtTaskHelper:0.21333333333333335
ActivityStreamEntry:0.21333333333333335
AssignmentInfo:0.18333333333333332
ASAuthorInfo:0.16666666666666666
