ConfigXmlFileService:0.5566666666666666
Configuration:0.48333333333333334
Projects:0.4533333333333333
BuildLoopQueryService:0.39
ConfigXmlFileServiceTest:0.2866666666666667
BuildSummariesServiceTest:0.20666666666666667
BuildLoopQueryServiceStub:0.18666666666666668
ConfigurationTest:0.18333333333333332
BuildServiceTest:0.17333333333333334
ForceBuildValidatorTest:0.14
WidgetPluginServiceTest:0.12666666666666668
DownloadArtifactControllerTest:0.12666666666666668
DownloadLogControllerTest:0.12666666666666668
BuildLoopQueryServiceStubTest:0.12666666666666668
ConfigInterceptorTest:0.10333333333333333
UpdateConfigXmlLocationControllerTest:0.10333333333333333
AdminControllerTest:0.10333333333333333
UpdateConfigXmlContentControllerTest:0.1
ForceBuildControllerTest:0.1
ProjectsTest:0.06666666666666667
BuildLoopQueryServiceTest:0.03666666666666667
