RegressionEvaluation:0.5466666666666666
EvalTest:0.4
GradientCheckTests:0.24666666666666667
GradientCheckTestsComputationGraph:0.14
RegressionEvalTest:0.11
