JFXMapChangeLayoutTest:0.5133333333333333
ServerCockpitMultiLayerTest:0.4844444444444444
ServerCockpitMultiLayer3Test:0.23666666666666666
