HealpixBase:0.7133333333333334
RingSphere:0.15666666666666668
ZoneSphere:0.15666666666666668
NestSphere:0.14333333333333334
