TCPProtocol:0.5466666666666666
DummyProtocol:0.42333333333333334
ConnectionThread:0.2537777777777778
AbstractSocketProtocol:0.24666666666666667
NetworkTCPUniquePortTest:0.03333333333333333
