ItemOrientedStepTests:0.7993333333333333
SimpleJobTests:0.3566666666666667
