DocumentMapper:0.49666666666666665
Builder:0.32
ESIntegTestCase:0.2866666666666667
SimpleAllMapperTests:0.20333333333333334
GetActionIT:0.20333333333333334
DocumentMapperParser:0.2
SearchFieldsIT:0.19666666666666666
UpdateMappingTests:0.18333333333333332
PercolatorIT:0.17
ShardGetService:0.12666666666666668
ParseMappingTypeLevelTests:0.08333333333333333
