ManifestIdentifier:0.47
ShadowPackageParser:0.3566666666666667
AndroidManifest:0.31333333333333335
ShadowAssetInputStream:0.31
CppAssetManager:0.27
ShadowArscAssetManager:0.2658333333333333
RobolectricFrameworkMethod:0.24666666666666667
RobolectricTestRunner:0.24333333333333335
ShadowLegacyAssetManager:0.24
string:0.22333333333333333
ShadowXmlBlock:0.20472222222222225
ShadowBitmapFactory:0.2
DefaultManifestFactory:0.08
layout:0.0
