Period:0.7938888888888889
Thirty360:0.37
TermStructuresTest:0.30666666666666664
