Graphics:0.8066666666666666
LwjglTexture:0.37333333333333335
AndroidTexture:0.32666666666666666
JoglGraphicsBase:0.21
LwjglGraphics:0.21
JoglTexture:0.20333333333333334
AndroidGraphics:0.2
