OutgoingBatch:0.575
IncomingBatch:0.5566666666666666
OutgoingBatchService:0.32
IncomingBatchService:0.2866666666666667
