DbTaxon:0.5937777777777777
DataLoader:0.5627777777777778
