Index:0.7153333333333333
IndexImpl:0.37
ClientSortLimitTest:0.35
AbstractRecordStore:0.31
Indexes:0.2733333333333333
