TranslogTests:0.5866666666666667
InternalEngineTests:0.48
MultiDataPathUpgraderTests:0.2822222222222222
ExplainableScriptPlugin:0.18333333333333332
