ExecHarness:0.7683333333333333
Testdb:0.3466666666666667
SqlToolHarness:0.22666666666666666
