PropertyPG:0.31
CalculatedCollectionPG:0.26
CalculatorsPG:0.26
MethodsPG:0.26
EJBeanPG:0.23666666666666666
Jetspeed2FolderPG:0.2006666666666667
Jetspeed2PsmlPG:0.2006666666666667
PortletCodeGenerator:0.17333333333333334
Jetspeed2DsPG:0.14444444444444446
