BinaryTreeInOrder:0.41
BinaryTreeInOrderTest:0.33666666666666667
SortedArrayToBSTTest:0.29333333333333333
SortedArrayToBST:0.2866666666666667
