ElasticsearchException:0.6033333333333334
ExceptionSerializationTests:0.3466666666666667
SearchPhaseExecutionException:0.31333333333333335
ScriptImpl:0.21666666666666667
ReplicationResponseTests:0.20666666666666667
ElasticsearchExceptionTests:0.19
NotSerializableExceptionWrapper:0.17833333333333334
BytesRestResponseTests:0.11
UnknownException:0.08273352573352574
PainlessExplainError:0.043333333333333335
WithHeadersException:0.03777777777777778
