TagQueryService:0.6377777777777777
Tag:0.45118253968253963
ArticleAddValidation:0.18666666666666668
