HazelcastTestSupport:0.36666666666666664
EvictionTest:0.3433333333333333
SetTransactionTest:0.31
ClientTxnSetTest:0.21333333333333335
