TODHandler:0.6295
DefaultExecutionTracker:0.39666666666666667
DefaultTODHandler:0.26
VariablesWatcher:0.2378333333333333
DefaultVariablesWatcher:0.18
