TimestampFieldMapper:0.6833333333333333
TimestampMappingTests:0.18333333333333332
SimpleTimestampTests:0.17333333333333334
UpdateMappingOnClusterTests:0.15666666666666668
