EntityIndexUtils:0.59
AbstractBinderProcessor:0.3566666666666667
BinderModuleImpl:0.2966666666666667
AdminModuleImpl:0.2733333333333333
