Trace:0.45666666666666667
Result:0.4266666666666667
Table:0.4033333333333333
Session:0.38333333333333336
Column:0.38
Transaction:0.27
TextDatabaseRowInput:0.22
Expression:0.21666666666666667
jdbcConnection:0.21
TextTable:0.21
jdbcPreparedStatement:0.20666666666666667
QuotedTextDatabaseRowInput:0.19666666666666666
UnifiedTable:0.19666666666666666
TextCache:0.18333333333333332
DatabaseObjectNames:0.17333333333333334
ServerConnection:0.16666666666666666
ScriptRunner:0.06666666666666667
