SecuredObjectDAO:0.40888888888888886
JbpmCommonLogic:0.36
CommonLogic:0.2866666666666667
SecuredObjectDAOHibernateImpl:0.25
HibernateSessionFactory:0.23833333333333334
InitializerDAOHibernateImpl:0.15
WFDbPersistenceServiceFactory:0.14333333333333334
