JsonXContentGenerator:0.44333333333333336
CompletionSuggestSearchTests:0.33666666666666667
CompletionFieldMapper:0.20666666666666667
SmileXContentGenerator:0.13
YamlXContentGenerator:0.13
BuilderRawFieldTests:0.08
