Polarizability:0.6687777777777778
GasteigerMarsiliPartialCharges:0.5736666666666667
