WorkspaceTreeControl:0.52
TreeDisplayVertical:0.4
MainMenuControl:0.2816666666666667
TreeDisplayHorizontal:0.24111111111111114
