ReplicatedMapConfig:0.6283333333333333
DynamicConfigTest:0.6033333333333334
ReplicatedMapService:0.30333333333333334
