Orientation:0.48333333333333334
TreeLayout:0.2866666666666667
NodeLayout:0.2625
truefalse:0.26
falsefalse:0.26
truetrue:0.26
falsetrue:0.26
DefaultNodeOptions:0.18666666666666668
AlignNodeOptions:0.11
