ScriptEditor:0.4266666666666667
ComponentTester:0.42333333333333334
ComponentPropertyModel:0.31
ComponentBrowser:0.27666666666666667
