ServerMapItemsRenderer:0.65
Logging:0.45
Channel:0.3933333333333333
Network:0.31
SharedMemoryProtocol:0.23
DatagramProtocol:0.21666666666666667
TCPReceptionThread:0.19666666666666666
ConnectionThread:0.19666666666666666
TCPProtocol:0.19333333333333333
LimitedEventQueue:0.19166666666666668
DebugLoggerStream:0.19
ScenarioManagerImplTest:0.185
AbstractEventQueue:0.17333333333333334
AbstractConfigurationParser:0.15666666666666668
LoggingTest:0.15
ProcessingEventThread:0.14
MapItemSymbolRendererInteractive4Test:0.13666666666666666
MapItemLineSegmentRendererInteractiveTest:0.13666666666666666
DefaultEventQueue:0.13666666666666666
MapItemClickOnMap2Test:0.13666666666666666
MapItemSymbolRendererInteractiveTest:0.13666666666666666
MapItemClickOnMapTest:0.13666666666666666
MapItemSymbolRendererInteractive2Test:0.13666666666666666
MapItemClickOnMapVertTest:0.13666666666666666
MapItemLineSegmentRendererInteractive2Test:0.13666666666666666
MapItemLegendRenderer4Test:0.13666666666666666
MapItemSymbolRendererInteractive3Test:0.13666666666666666
ScenarioManagerImpl_2Test:0.08
LoggerProvider:0.016666666666666666
