HorizontalGroup:0.67
VerticalGroup:0.6083333333333333
GroupTest:0.35333333333333333
