Expression:0.5133333333333333
PathCondition:0.49333333333333335
SymbolicInteger:0.31666666666666665
