HttpClientBuilder:0.6033333333333334
HttpClientBuilderTest:0.34
JerseyClientBuilderTest:0.30666666666666664
