Fiducial:0.5908333333333333
GraphicCoordinatesData:0.44666666666666666
FiducialSet:0.25333333333333335
