BitmapFontData:0.39
TextField:0.37666666666666665
GlyphLayout:0.3466666666666667
BitmapFont:0.31816666666666665
TextFieldClickListener:0.29
ActorGestureListener:0.2733333333333333
GLFrameBuffer:0.2633333333333333
ScrollPane:0.26
FreeTypeFontGenerator:0.21333333333333335
TextArea:0.21
TexturePacker:0.20333333333333334
Label:0.19333333333333333
SelectBoxList:0.15
BitmapFontDistanceFieldTest:0.15
Rect:0.1211111111111111
BitmapFontTest:0.10333333333333333
LwjglDebugStarter:0.09333333333333334
FreeTypeFontParameter:0.07
Alias:0.03888888888888889
