Builder:0.49
JavaInstance:0.31333333333333335
MethodType:0.2677777777777778
AbstractDelegatingBuilder:0.26
AbstractBase:0.25
ByteBuddy:0.21333333333333335
