BatchNormalization:0.7633333333333333
DefaultLayerFactory:0.22
LayerFactories:0.16
MultiLayerTest:0.10333333333333333
