DataHandler:0.6711111111111111
AnsiQueryHandler:0.33666666666666667
ItemsServlet:0.3
TestDataHandler:0.2966666666666667
AnsiDataHandler:0.19333333333333333
