MDLWriter:0.7952777777777779
MDLReader:0.4519444444444445
