SessionFactoryImpl:0.5466666666666666
EntityNonEntityTest:0.17666666666666667
GetLoadTest:0.11666666666666667
FindTest:0.1
