XEGImport:0.8333333333333334
XEGExport:0.5266666666666666
ExportModule:0.14333333333333334
ImportModule:0.13333333333333333
