RecordReaderMultiDataSetIteratorTest:0.47944444444444445
DataSetIteratorTest:0.4377777777777777
LossFunctionGradientCheck:0.2783333333333333
