ContentEditDelegate:0.38333333333333336
ContentEditService:0.2966666666666667
EntityTree:0.29
StudyListPage:0.23333333333333334
DicomEditBean:0.22
DicomActionNotification:0.03333333333333333
