GroupServiceImpl:0.5177777777777777
GroupService:0.37333333333333335
GroupServiceTest:0.35333333333333333
