JsUtils:0.5433333333333333
HttpProtocol:0.4066666666666667
