LdapFacade:0.5266666666666666
LdapFilter:0.425
Configuration:0.4166666666666667
AbstractLdapProvider:0.20666666666666667
