SpriteBatch:0.65
AlphaTest:0.38333333333333336
SpriteCache:0.35333333333333333
LwjglDebugStarter:0.16666666666666666
