FormNode:0.7066666666666667
VariableSearchVisitor:0.35333333333333333
FormNodePresentation:0.29333333333333333
