ForParameter:0.4633333333333333
ForField:0.4633333333333333
Default:0.35333333333333333
ForThisReference:0.35
MethodCallTest:0.31
MethodCall:0.29333333333333333
Appender:0.27
ForExplicitMethod:0.27
MethodLocator:0.24333333333333335
ForReturnValue:0.23026190476190475
ForElementMatcher:0.22333333333333333
ForOrigin:0.20142857142857143
