ElasticsearchTestCase:0.5083333333333333
IndexDeleteByQueryResponseTests:0.36333333333333334
PercolatorQueriesRegistry:0.25
