WriteHandler:0.49
TcpIpConnectionManager:0.3933333333333333
TcpIpConnection:0.37333333333333335
ReadHandler:0.24
OutSelectorImpl:0.2277777777777778
AbstractSelectionHandler:0.19
