SyntaxTreeViewer:0.4533333333333333
STreeNode:0.3933333333333333
OkCancelDialog:0.3566666666666667
SchemaAnnotationEditor:0.2866666666666667
UnrestrictedAnnotationEditor:0.28
NewAnnotationAction:0.14
EditAnnotationAction:0.12
