DashboardService:0.75
FileSystemModel:0.5566666666666666
DashboardDelegator:0.2966666666666667
DashboardMainPage:0.22666666666666666
FileSystemPanel:0.17777777777777778
ReportPanel:0.1577777777777778
