JcaClassServerDelegate:0.33666666666666667
JcaSubmissionManager:0.32
JPPFResourceAdapter:0.25
JPPFJcaClientConnection:0.23833333333333334
JcaJobSubmission:0.18666666666666668
JobSubmissionImpl:0.14666666666666667
AbstractJobSubmission:0.09166666666666666
