ArticleQueryService:0.45666666666666667
CommentQueryService:0.3
Article:0.28977777777777775
IndexProcessor:0.15333333333333332
