CreateValue:0.4766666666666667
CreateObjectComponent:0.38166666666666665
ExpressionPathPlaceholder:0.37
MakumbaCreateELResolver:0.23666666666666666
ReadExpressionPathPlaceholder:0.22333333333333333
MakumbaELResolver:0.21583333333333332
CreateExpressionPathPlaceholder:0.19
ValueSavingPhaseListener:0.11
