CreateServiceAction:0.43
CustomersPoolNode:0.31333333333333335
CustomerNode:0.2866666666666667
CreateCustomerAction:0.2675
ServiceManagerTopComponent:0.2654444444444444
ServiceChildren:0.18833333333333332
ServicesPoolNode:0.14666666666666667
MyNode:0.09
CreateCustomersPoolAction:0.08
DeleteServicesPoolAction:0.07333333333333333
DeleteCustomersPoolAction:0.03666666666666667
