BasicAccessRuleSetEncoder:0.44666666666666666
RolesManagedBean:0.4266666666666667
BasicAccessRuleSetDecoder:0.2733333333333333
InternalKeybindingRulesReference:0.06666666666666667
