ValueAttribute:0.6266666666666667
ValueType:0.44333333333333336
Annotations:0.3
ObjectMappedTest:0.13666666666666666
