ResultParser:0.56
AddressBookAUResultParser:0.3244444444444444
ParsedReaderResultTestCase:0.3
ZXingMIDlet:0.26666666666666666
AbstractDoCoMoResultParser:0.22166666666666668
BarcodeReaderCaptureActivity:0.21666666666666667
DecodeServlet:0.19944444444444445
MobileTagSimpleContactResultParser:0.11
