CoordinateArrays:0.48333333333333334
SegmentsExtracter:0.3466666666666667
ParameterList:0.3
AffineTransformationPlugIn:0.28
ParameterListSchema:0.15833333333333333
AllTestCases:0.15666666666666668
