Matrix4f:0.7383333333333333
Matrix3f:0.6576666666666667
