Report:0.9466666666666667
Callback:0.3933333333333333
