ByteArrayObjectDataInput:0.5416666666666666
ByteBufferObjectDataInput:0.5416666666666666
ResponseQueue:0.2633333333333333
