IJChemPaintGlobalPropertiesManager:0.52
JChemPaintGlobalPropertiesManager:0.49666666666666665
PreferenceConstants:0.33644444444444443
JChemPaintPreferencePage:0.25
PreferenceInitializer:0.11666666666666667
