HttpSecurityBeanDefinitionParserTests:0.61
Elements:0.5405555555555556
HttpSecurityBeanDefinitionParser:0.2866666666666667
