PythonGrammar:0.4033333333333333
PythonGrammarTokenManager:0.39716666666666667
LookaheadSuccess:0.12166666666666667
