RegistryPatientIdentityFeed:0.49666666666666665
Repository:0.33666666666666667
AdhocQueryRequest:0.3016666666666667
SubmitObjectsRequest:0.3016666666666667
XDSRepositoryStorage:0.17444444444444446
