Resolver:0.56
Handler:0.4633333333333333
CatalogManager:0.27666666666666667
GeneralOptionPane:0.25
XercesParserImpl:0.14333333333333334
