SarosRmiSWTWorkbenchBot:0.5333333333333333
ISarosRmiSWTWorkbenchBot:0.43333333333333335
IsChatMessageExist:0.25
TestChatViewFunctions:0.23
SarosConditions:0.2132777777777778
TestRosterView:0.11
