HazelcastInstance:0.8366666666666667
HazelcastInstanceImpl:0.31333333333333335
HazelcastClient:0.30666666666666664
HazelcastInstanceProxy:0.2733333333333333
