Robolectric:0.6233333333333333
ResourceLoader:0.3233333333333333
ShadowParcel:0.25
ShadowResources:0.23611111111111113
NotifiedUri:0.22685185185185186
ParcelTest:0.2
ResourcesTest:0.14666666666666667
ShadowContentResolver:0.13333333333333333
ShadowAbstractCursor:0.11
ContentResolverTest:0.04
