SQLMapperResultRequest:0.6033333333333334
ReceivePartialResultHandler:0.3333333333333333
RowsSerializationTest:0.32666666666666666
TransportSQLReduceHandler:0.32666666666666666
SQLReduceJobFailedException:0.07333333333333333
