DNSJavaProtocolSocketFactory:0.47333333333333333
FetchHTTP:0.4266666666666667
ConfigurableTrustManagerProtocolSocketFactory:0.33666666666666667
DNSJavaUtil:0.20666666666666667
