ScanHeader:0.58
Scan:0.58
MSXMLParser:0.36666666666666664
SAX2ScanHandler:0.23
SAX2ScanHeaderHandler:0.19666666666666666
