Recipient:0.4633333333333333
ContactReplaceAdapter:0.39666666666666667
ContactEditText:0.35
SavedState:0.32666666666666666
