DBView:0.29296634
DBTableModel:0.06578765
DBRecord:0.04777292
