JFlexXrefTest:0.6966666666666667
Ctags:0.5305555555555557
