Node:0.49
TokenQueue:0.2833333333333333
Or:0.26666666666666666
QueryParser:0.22166666666666668
And:0.22
CombiningEvaluator:0.18
NodeTraversor:0.12777777777777777
