SearchEntryFilter:0.7483333333333333
FilterHelper:0.5766666666666667
WebKeys:0.03
