DefaultCommandHandler:0.615
MonitorCommand:0.3933333333333333
HelpCommand:0.32666666666666666
VersionCommand:0.12333333333333334
