LookupSource:0.6522777777777777
AbstractTestQueries:0.42333333333333334
LookupJoinOperator:0.31666666666666665
SharedLookupSource:0.26666666666666666
InMemoryJoinHash:0.26666666666666666
PartitionedLookupSource:0.18666666666666668
EmptyLookupSource:0.17666666666666667
IndexLookupSource:0.17666666666666667
