PPTGraphics2D:0.5644444444444444
PPTJFXGraphics2D:0.55
SVGJFXExporter:0.24333333333333335
PPTExporter:0.17666666666666667
PPTJFXExporter:0.11666666666666667
PPTJFXServerExporter:0.10666666666666667
