IndexShard:0.55
Engine:0.4633333333333333
InternalSettingsPlugin:0.34777777777777774
IndexService:0.25972222222222224
InternalEngine:0.23666666666666666
IndexServiceTests:0.09666666666666666
AsyncTrimTranslogTask:0.09666666666666666
