Context:0.7066666666666667
Archiver:0.3433333333333333
