DB:0.47
DBObjectSerializer:0.4033333333333333
DocumentSerializer:0.38
CollectibleDocumentSerializer:0.18333333333333332
DocumentSerializerTest:0.14
CollectibleDBObjectSerializer:0.09333333333333334
