ObjectWrapper:0.6133333333333333
FastResultSetHandler:0.3466666666666667
MetaObject:0.30333333333333334
MapWrapper:0.2866666666666667
BeanWrapper:0.23
CamelCaseMappingTest:0.07666666666666666
