DeterministicKeyChain:0.6
KeyChainGroup:0.4266666666666667
KeyChainGroupTest:0.4166666666666667
WalletTest:0.31666666666666665
DeterministicKeyChainTest:0.27666666666666667
