ItemSkipPolicyItemHandler:0.7719444444444444
RollbackJobFunctionalTests:0.5442777777777777
