CertificateProfile:0.49333333333333335
CertificatePolicy:0.4666666666666667
X509CA:0.4
CaInitCommand:0.11333333333333333
