ValueOracle:0.5466666666666666
BasicEvent:0.30666666666666664
MatchApplier:0.28
RuleApplicationTest:0.25666666666666665
DeltaStore:0.2397222222222222
GTS:0.22666666666666666
RuleModel:0.22
RuleApplication:0.21666666666666667
GrammarProperties:0.21333333333333335
OracleParser:0.21
Simulator:0.20166666666666666
CellEditor:0.18666666666666668
ValueOracleFactory:0.1736111111111111
RuleEffect:0.17333333333333334
NoValueOracle:0.15666666666666668
SwingTarget:0.15
DialogOracle:0.09333333333333334
DefaultOracle:0.07333333333333333
RandomOracleFactory:0.05333333333333334
RandomOracle:0.05
ReaderOracleFactory:0.03666666666666667
ReaderOracle:0.03333333333333333
