Cache:0.8333333333333334
UnboundedLocalCache:0.44666666666666666
LocalManualCache:0.37
SingleConsumerBenchmark:0.22111111111111115
LocalCache:0.18527777777777776
Caffeine:0.15805555555555556
