NettyTransport:0.45
NodeChannels:0.4396666666666667
ClusterIndexHealth:0.42333333333333334
JNAKernel32Library:0.23666666666666666
