XDSConstants:0.426626984126984
WSAddressingHandler:0.42
XDSbSourceService:0.35333333333333333
