CassandraAuthenticationProperties:0.5083333333333333
CouchbaseAuthenticationProperties:0.45666666666666667
CassandraAuthenticationConfiguration:0.35
CouchbaseAuthenticationConfiguration:0.31333333333333335
