HttpClient:0.8666666666666667
WebsocketTest:0.22166666666666668
HttpClientImpl:0.16
