BusinessEntityManager:0.84
BusinessEntityManagerImpl:0.4266666666666667
HTMLDiv:0.32666666666666666
NumericSequence:0.30333333333333334
