MainWindow:0.5666666666666667
MainDesktopPane:0.32
MainWindowMenu:0.24666666666666667
ToolWindow:0.23
SearchWindow:0.19777777777777777
MonitorWindow:0.19111111111111112
NavigatorWindow:0.185
UnitToolBar:0.15
TimeWindow:0.15
ToolToolBar:0.13333333333333333
ToolFrameListener:0.023333333333333334
