Queue:0.5719444444444445
AbstractsQueue:0.4860555555555555
