Constants:0.66
MulticastRegistry:0.38666666666666666
ZookeeperRegistry:0.38333333333333336
FailbackRegistry:0.2966666666666667
Page:0.2733333333333333
SimpleRegistryService:0.24666666666666667
