Credentials:0.5933333333333334
IRemoteRepository:0.4906111111111111
GITRemoteRepository:0.31
NewTeamProject:0.31
SVNRemoteRepository:0.28
MyCredentialsProvider:0.2633333333333333
RepositoryUtils:0.23666666666666666
ProjectUICommands:0.23333333333333334
FileUtil:0.1511111111111111
AskCredentials:0.11
RepoTypeChecker:0.056666666666666664
