ExistsPredicate:0.5466666666666666
TestSqlParser:0.43
AstBuilder:0.3433333333333333
SubqueryPlanner:0.2833333333333333
Formatter:0.23666666666666666
