SingleConsumerNonblockingProducerDelayQueue:0.6819444444444444
ScheduledSingleThreadExecutorTest:0.23166666666666666
