ClassLoaderUtil:0.41333333333333333
ServiceLoaderTest:0.29
ServiceLoader:0.26
URLDefinition:0.2111111111111111
LoadClassIterator:0.19666666666666668
NewInstanceIterator:0.195
FilteringClassLoader:0.16
ClassLoaderWeakCache:0.13333333333333333
