ResourceProcess:0.8766666666666667
GoodsManager:0.31666666666666665
