EventHandler:0.6733333333333333
ProxyManager:0.35333333333333333
ClientMapProxy:0.33
ClientMultiMapProxy:0.27777777777777773
ClientQueueProxy:0.27777777777777773
ClientTopicProxy:0.25333333333333335
CacheRecord:0.22
ClientCallFuture:0.21916666666666668
AbstractClientCollectionProxy:0.20666666666666667
ClientNearCache:0.20666666666666667
ClientIssueTest:0.11666666666666667
