XmlParser:0.417
XmlHandler:0.23555555555555557
HandlerBase:0.22
XmlException:0.21666666666666667
