PercolateQuery:0.44333333333333336
ExtractQueryTermsService:0.28
Builder:0.24333333333333335
PercolatorFieldType:0.24333333333333335
LuceneTests:0.22166666666666668
PercolateQueryBuilder:0.20416666666666666
ExtractQueryTermsServiceTests:0.2
Result:0.19333333333333333
PercolatorFieldMapper:0.17666666666666667
PercolatorFieldMapperTests:0.175
PercolatorQuerySearchIT:0.13666666666666666
PercolateQueryTests:0.12
ControlQuery:0.03666666666666667
