DriverConnection:0.766888888888889
LossHandler:0.5233333333333333
