ROC:0.5233333333333333
ROCTest:0.33666666666666667
EvalTest:0.17533333333333334
