ChadoInstance:0.8733333333333333
JdbcChadoAdapter:0.37666666666666665
XmlConfigFileParser:0.33
AbstractChadoInstance:0.26666666666666666
