RAInterfaceBean:0.3466666666666667
TestCertificateData:0.29
Authorizer:0.2833333333333333
LocalCertificateStoreSessionBean:0.25
CAInterfaceBean:0.21666666666666667
EjbcaAuthorization:0.19
CertDistServlet:0.15
