AdviceWeaver:0.5666666666666667
InvokeTraceable:0.5154166666666666
ReflectAdviceTracingListenerAdapter:0.41333333333333333
AgentLauncher:0.33666666666666667
TraceCommand:0.11
