Cell:0.5033333333333333
Table:0.35333333333333333
Container:0.2866666666666667
Fixed:0.2
