AbstractPrincipalAttributesRepository:0.5822222222222223
AbstractJacksonBackedStringSerializer:0.44166666666666665
RegisteredServiceJsonSerializer:0.31333333333333335
