MultiLayerNetwork:0.4666666666666667
BaseLayer:0.36666666666666664
BaseOptimizer:0.3566666666666667
OutputLayer:0.308
RNTN:0.29333333333333333
BaseUpdater:0.14666666666666667
