ShadowApplication:0.6033333333333334
ShadowSmsManager:0.3333333333333333
ShadowTelephonyManager:0.32666666666666666
SmsManagerTest:0.26
