HierarchicalTestExecutorTests:0.3333333333333333
MethodTestDescriptor:0.21666666666666667
DynamicTestTestDescriptor:0.21
Node:0.17946825396825394
TestFactoryTestDescriptor:0.17333333333333334
DemoHierarchicalTestDescriptor:0.15333333333333332
MyLeaf:0.1488888888888889
TestTemplateTestDescriptor:0.13916666666666666
