RecordingLog:0.59
SequencerAgent:0.41333333333333333
SnapshotLoader:0.24533333333333332
