CommunicationsStub:0.52
LocalReport:0.47
LocalReportLight:0.4666666666666667
TemplateElementNode:0.31
ExecuteClassLevelReportAction:0.31
LocalObject:0.22333333333333333
ObjectNode:0.22
ReportParameterProperty:0.2
ReportNode:0.17666666666666667
CreateInventoryLevelReportAction:0.16333333333333333
CreateClassLevelReportAction:0.16333333333333333
SubnetNode:0.14
ContractPoolNode:0.14
ServiceNode:0.08666666666666667
AddParameterToReportAction:0.04055555555555555
ExecuteInventoryLevelReportAction:0.02666666666666667
RemoveParameterFromReportAction:0.02666666666666667
ReportActionsFactory:0.023333333333333334
ScriptEditorProperty:0.0033333333333333335
