VanillaContext:0.7166666666666667
ChronicleMapTest:0.37333333333333335
ReplicatedContext:0.3233333333333333
