PatientUpdateCtrl:0.6277777777777778
PatientEditCtrl:0.2488888888888889
