PostGISConnection:0.5766666666666667
PostGISSaveDriverPanel:0.35
PostGISOpenWizard:0.3233333333333333
PostGISConfiguration:0.2608333333333333
PostGISLoadDataSourceQueryChooser:0.14666666666666667
