AbstractJPPFClient:0.48333333333333334
JPPFClient:0.28
SubmissionManagerClient:0.23333333333333334
TaskQueueChecker:0.22333333333333333
JPPFJcaClient:0.215
JPPFPriorityQueue:0.20472222222222225
LoadBalancer:0.19
ClientTaskBundle:0.17805555555555558
AbstractGenericClient:0.12333333333333334
AbstractSubmissionManager:0.10333333333333333
LocalExecutionThread:0.09333333333333334
WaitingJobState:0.08333333333333333
CompletionListener:0.06333333333333334
