Atom03Feed:0.38666666666666666
Atom03FeedEntry:0.30666666666666664
RSS10Feed:0.30666666666666664
RSS10FeedEntry:0.24333333333333335
IFeedEntry:0.09916666666666667
IFeed:0.065
