LoadPermissionsRequestBean:0.5583333333333333
LoadUsersRequestBean:0.5583333333333333
LoadRolesRequestBean:0.32
