CassandraSession:0.3466666666666667
CassandraMetadata:0.30666666666666664
CassandraRecordSet:0.26666666666666666
MockCassandraSession:0.22333333333333333
CassandraClientModule:0.19666666666666666
CassandraRecordSink:0.19333333333333333
CassandraRecordCursor:0.16666666666666666
SessionCallable:0.14772222222222223
CassandraRecordSetProvider:0.1391111111111111
