Cookie:0.56
DocumentTest:0.41333333333333333
HTMLDocument:0.35333333333333333
CookieManagerTest:0.18666666666666668
HtmlMeta:0.15333333333333332
