MapConfigTest:0.6499999999999999
MapStoreTest:0.4321111111111111
