ClassySharkPanel:0.37
ToolbarController:0.32466666666666666
Toolbar:0.32
FilesTree:0.27
TranslatorFactory:0.22666666666666666
ArchiveFileReader:0.19
ShellMode:0.16666666666666666
DexInfoTranslator:0.14333333333333334
Multidex:0.11333333333333333
