BaseQueryImpl:0.42
StoredProcedureQueryImpl:0.3233333333333333
ParameterRegistrationImpl:0.30666666666666664
QueryImpl:0.30333333333333334
