BaseRecognizer:0.5033333333333333
DefaultANTLRErrorStrategy:0.4033333333333333
Parser:0.335
