SurveillanceGroup:0.49
Dashboard:0.4166666666666667
SurveillanceListener:0.2694444444444445
SurveillanceData:0.22
SurveillanceIntersection:0.10666666666666667
SurveillanceDashlet:0.105
SurveillanceServiceAsync:0.10005555555555554
SurveillanceService:0.0867222222222222
SurveillanceListenerCollection:0.036944444444444446
NotificationDashlet:0.03222222222222222
GraphDashlet:0.03222222222222222
OutageDashlet:0.03222222222222222
AlarmDashlet:0.01
NodeStatusDashlet:0.006666666666666667
DefaultSurveillanceService:0.0033333333333333335
