CheckedFunction7:0.33666666666666667
CheckedFunction8:0.33666666666666667
CheckedFunction4:0.33666666666666667
CheckedFunction5:0.33666666666666667
CheckedFunction6:0.33666666666666667
CheckedFunction0:0.3
CheckedFunction1:0.3
CheckedFunction2:0.3
CheckedFunction3:0.3
Function8:0.28
Function1:0.24333333333333335
Function0:0.24333333333333335
Function3:0.24333333333333335
Function2:0.24333333333333335
Function5:0.24333333333333335
Function4:0.24333333333333335
Function7:0.24333333333333335
Function6:0.24333333333333335
