AjaxController:0.5533333333333333
ListFolderController:0.44666666666666666
WebKeys:0.18833333333333332
