OAuth2LoginAuthenticationFilter:0.44666666666666666
OAuth2LoginConfigurer:0.3466666666666667
FilterComparator:0.2833333333333333
OAuth2LoginAuthenticationFilterTests:0.22
OAuth2LoginAuthenticationProvider:0.2061111111111111
ImplicitGrantConfigurer:0.18666666666666668
