DefaultTypeGraph:0.7366666666666667
TypeReconstructor:0.3566666666666667
