DesktopAppDownloadDlg:0.32
GwtTeamingMessages:0.31666666666666665
GwtServerHelper:0.25333333333333335
DesktopAppDownloadInfoRpcResponseData:0.23666666666666666
GwtRpcServiceImpl:0.22111111111111115
GetDesktopAppDownloadInfoCmd:0.0575
