StatsStorageListener:0.7408333333333333
MapDBStatsStorage:0.6166666666666667
CountingListener:0.27666666666666667
UIModule:0.24666666666666667
TestMapDBStatsStore:0.20333333333333334
PlayUIServer:0.03333333333333333
