DocumentCodec:0.6733333333333333
DBObjectCodec:0.38666666666666666
BsonTypeClassMap:0.2227777777777778
QueryAcceptanceTest:0.18333333333333332
FindAndReplaceAcceptanceTest:0.17666666666666667
MongoCollectionTest:0.15666666666666668
FindAndUpdateAcceptanceTest:0.12666666666666668
