FeedsPanel:0.3933333333333333
TedConfigDialog:0.36
EpisodeChooserPanel:0.33666666666666667
AddShowDialog:0.33
