RemovalListener:0.7266666666666667
UnboundedLocalCache:0.4266666666666667
CacheExpirationTest:0.2733333333333333
CountingRemovalListener:0.24333333333333335
CacheBuilderGwtTest:0.19666666666666666
GuavaRemovalListener:0.13
AsyncRemovalListener:0.06444444444444446
ConsumingRemovalListener:0.03
QueuingRemovalListener:0.01
RejectingRemovalListener:0.01
NullRemovalListener:0.006944444444444445
