InsnNode:0.6766666666666666
TestArgInline:0.38666666666666666
PrepareForCodeGen:0.33666666666666667
