ErrorCorrection:0.55
ErrorCorrectionTestCase:0.4066666666666667
Decoder:0.31666666666666665
PDF417BlackBox2TestCase:0.19
AbstractErrorCorrectionTestCase:0.08666666666666667
