CudaGradientsAccumulator:0.48333333333333334
ParallelWrapper:0.35333333333333333
SharedTrainingMaster:0.29
SilentTrainingDriver:0.17333333333333334
DefaultTrainer:0.14333333333333334
Builder:0.11944444444444442
SharedTrainingWrapper:0.07666666666666666
WiredEncodingHandler:0.006666666666666667
