PatternNodeSearchItem:0.44666666666666666
MyLayouter:0.33
PatternNodeMultipleRecord:0.21333333333333335
LineLayout:0.11333333333333333
