ChangeWanStateRequest:0.41333333333333333
ThreadDumpOperation:0.28
AbstractPromotionOperation:0.25666666666666665
GetMapConfigOperation:0.25666666666666665
ChangeWanStateOperation:0.2525396825396825
ChangeWanStateRequestTest:0.21666666666666667
ClearExpiredOperation:0.21666666666666667
ManagementDataSerializerHook:0.12666666666666668
ParkedOperation:0.056666666666666664
AbstractManagementOperation:0.016666666666666666
AbstractPartitionOperation:0.0
