JobCollectContext:0.4066666666666667
PageDownstreamContext:0.3566666666666667
ESJobContext:0.13666666666666666
CountContext:0.13666666666666666
UpsertByIdContext:0.13666666666666666
SymbolBasedBulkShardProcessorContext:0.13666666666666666
