DeeChangeStylesPlugIn:0.7411111111111112
CopyStylesPlugIn:0.7397777777777778
