ShareThisDlg2:0.37333333333333335
GwtMainPage:0.3333333333333333
ModifyNetFolderDlg:0.27666666666666667
ShareThisDlgInitAndShowParams:0.27
BinderViewsHelper:0.26
EditBrandingDlg:0.24333333333333335
AdminControl:0.21333333333333335
ManageNetFoldersDlg:0.2088888888888889
EditBrandingDlgInitAndShowParams:0.10666666666666667
ModifyNetFolderDlgInitAndShowParams:0.10666666666666667
