View:0.5533333333333333
MetaCollectionView:0.32
ViewParser:0.22333333333333333
XavaSuite:0.16666666666666669
InvoicesDeliveriesTest:0.06333333333333334
ViewDeliveryFromInvoiceAction:0.02
XmlElementsNames:0.0
