TransportSQLActionTest:0.766888888888889
InnerValidator:0.30333333333333334
