NeuralNetConfiguration:0.52
MultiLayerNetwork:0.37333333333333335
BarnesHutTsne:0.29
BaseOptimizer:0.2783333333333333
Builder:0.27
Layer:0.26666666666666666
TestUpdaters:0.26
Model:0.2500396825396825
StochasticGradientDescent:0.23
RastriginFunctionModel:0.22166666666666668
SphereFunctionModel:0.22166666666666668
RosenbrockFunctionModel:0.22166666666666668
BatchNormalization:0.20833333333333334
BaseLayer:0.20333333333333334
ScoreIterationListener:0.18666666666666668
RNTN:0.1575
NesterovsUpdater:0.12
BaseUpdater:0.0825
NoOpGradientUpdater:0.04
