Dictionary:0.4
BaseParameters:0.3
TextualPlansSection:0.2866666666666667
TokenizerSection:0.23333333333333334
EntryPropertyType:0.22
EntryId:0.21
EntryPropertyPK:0.19222222222222224
EntryProperty:0.13333333333333333
Messages:0.04816666666666666
FixMilestoneDeclarations:0.023333333333333334
EntryPropertyKey:0.0
