Interpret:0.57
Morph:0.5083333333333333
TestMorph:0.3433333333333333
