Filter:0.5666666666666667
RouteMatcher:0.38383333333333336
RouteMatcherImpl:0.30333333333333334
MatcherFilter:0.2833333333333333
RouteMatcherFactory:0.15666666666666668
FilterExample:0.12
