CtrlState:0.5833333333333334
CtrlAut:0.5266666666666666
