DisplacementChargeReaction:0.83
DisplacementChargeReactionTest:0.5533333333333333
MreactionTests:0.3466666666666667
ReactionTypeTest:0.18
