GFF3Adapter:0.5166666666666667
GenericFileAdapterGUI:0.3
GAMEAdapterGUI:0.25
ChadoXmlAdapterGUI:0.19333333333333333
