SMARTCYPRuleRank1:0.48333333333333334
SMARTCypTreeResult:0.29
MetaboliteGenerator:0.24666666666666667
SMIRKSTest:0.20333333333333334
