Translog:0.5733333333333334
TranslogTests:0.3933333333333333
InternalEngineTests:0.26666666666666666
