DocAction:0.642
MPayment:0.38666666666666666
InfoBOE:0.36666666666666664
X_C_BOE:0.2633333333333333
MBOE:0.25666666666666665
MAllocationLine:0.14
CalloutPayment:0.08
