DynamicConfigurationAwareConfig:0.7733333333333333
Node:0.2791111111111111
DynamicConfigRollingUpgradeTest:0.25666666666666665
