GeometryCollectionBuilder:0.6341666666666667
MultiPolygonBuilder:0.4866666666666667
MultiPointBuilder:0.43666666666666665
