UpdateNotificationContent:0.8083333333333333
PIXRequestHandler:0.37333333333333335
BaseEMPIAdapter:0.3466666666666667
UpdateNotificationHandler:0.16666666666666666
AddSubjectHandler:0.13666666666666666
MergeSubjectsHandler:0.056666666666666664
UpdateSubjectHandler:0.03166666666666667
