PluralAttributeBinding:0.4
AbstractBasicBindingTests:0.33
BasicAnnotationBindingTests:0.2833333333333333
AbstractEntityBinder:0.25666666666666665
