ComponentDescriptionContent:0.8
ComponentDescriptionParser:0.48333333333333334
GenerateDescription:0.23444444444444448
ComponentDescriptionXMLWriter:0.12333333333333334
