QueueContainer:0.5133333333333333
TxQueueItem:0.4266666666666667
TransactionalQueueProxySupport:0.23333333333333334
TxnPrepareBackupOperation:0.23
TxnPrepareOperation:0.20333333333333334
QueueTransactionLog:0.19333333333333333
QueueDataSerializerHook:0.09333333333333334
