SimpleJob:0.4816666666666667
StubTasklet:0.4166666666666667
SimpleJobTests:0.34
TaskletStepTests:0.30333333333333334
