DateTruncFunction:0.4266666666666667
Symbol:0.39
TestingHelpers:0.28
TimestampFormat:0.24
DateTruncFunctionTest:0.20666666666666667
AnyOperator:0.20666666666666667
Scalar:0.20166666666666666
CmpOperator:0.11666666666666667
ScalarFunctionModule:0.09
