LwjglApplication:0.5333333333333333
LwjglGraphics:0.43666666666666665
LwjglApplicationConfiguration:0.33944444444444444
SpriteBatchTest:0.26666666666666666
LwjglDebugStarter:0.11
