GraphJModel:0.4766666666666667
AJCell:0.395
Converter:0.35
LTSJModel:0.29333333333333333
AspectGraph:0.26527777777777783
AJModel:0.25333333333333335
EditableJVertex:0.25
StringObject:0.24666666666666667
AJVertex:0.19333333333333333
GraphJEdge:0.19333333333333333
EditableJEdge:0.17666666666666667
GraphJVertex:0.17333333333333334
AJEdge:0.16666666666666666
AJObject:0.15666666666666668
