StateCache:0.4802777777777777
MatchesIterator:0.42333333333333334
ExploreStrategyParser:0.42333333333333334
