Graph:0.77
ModelHelper:0.43333333333333335
EditableGraph:0.2833333333333333
TreeGraphAdapter:0.28
GraphWriter:0.24
TreeLayoutAlgorithm:0.20416666666666666
RandomLayoutAlgorithm:0.19666666666666666
Animation:0.18333333333333332
RadialLayoutAlgorithm:0.18
SwingTree:0.17222222222222222
DirectedGraphFactory:0.16333333333333333
CircularGraph:0.11577777777777779
CircularLayoutAlgorithm:0.11333333333333333
HierarchicalLayoutAlgorithm:0.0033333333333333335
