MultiMapContainer:0.55
MultiMapValue:0.36333333333333334
MultiMapSplitBrainTest:0.34
MultiMapMergingEntryImpl:0.3333333333333333
MergingValueFactory:0.21333333333333335
MultiMapMergeContainer:0.19666666666666666
MergeBackupOperation:0.19444444444444445
Merger:0.09166666666666666
MergeOperation:0.07666666666666666
