Theories:0.5033333333333333
AllMembersSupplier:0.3433333333333333
ErrorWhenTestHasParametersDespiteTheories:0.24944444444444447
ParallelMethodTest:0.22666666666666666
WithOnlyTestAnnotations:0.19333333333333333
TwoUnEqualTests:0.15333333333333332
StaticPublicNonDataPoints:0.04
HasATwoParameterTheory:0.04
