ExploredLocation:0.5533333333333333
Exploration:0.32666666666666666
Mining:0.23
