DefaultShader:0.5366666666666666
BaseLight:0.37666666666666665
Inputs:0.3542857142857143
PointLight:0.30666666666666664
SpotLight:0.30666666666666664
DirectionalLight:0.23333333333333334
