Carbon:0.43333333333333335
FrameLayout:0.30333333333333334
Button:0.29333333333333333
SVGView:0.23666666666666666
GridLayout:0.23
RelativeLayout:0.21666666666666667
DrawerLayout:0.21666666666666667
LinearLayout:0.21666666666666667
TouchMarginView:0.215
TextView:0.21
ImageView:0.21
CheckBox:0.20166666666666666
RecyclerAdapter:0.18333333333333332
EditText:0.18166666666666667
RadioButton:0.16666666666666666
