Netty4HttpServerTransport:0.6266666666666667
HttpChannelHandler:0.43
Netty4HttpServerTransportTests:0.2866666666666667
HttpTransportSettings:0.08842857142857143
