ResourceGroup:0.7837698412698413
InternalResourceGroup:0.4766666666666667
ResourceGroupSpec:0.43213888888888885
