IndexWriterProjector:0.49666666666666665
ProjectionToProjectorVisitor:0.37
AbstractIndexWriterProjector:0.29333333333333333
IndexWriterProjectorUnitTest:0.18
IndexWriterProjectorTest:0.15333333333333332
