ClientReplicatedMapNearCacheBasicTest:0.3833888888888889
TxnMapNearCacheBasicTest:0.34838888888888886
AbstractNearCacheBasicTest:0.31666666666666665
