DatabaseShardManager:0.48
ShardPredicate:0.4533333333333333
TestShardPredicate:0.44666666666666666
TestRaptorIntegrationSmokeTest:0.2633333333333333
ShardIterator:0.2588888888888889
