SimpleLayer:0.7886111111111112
AbstractFigure:0.4619444444444445
