DBPatchBase:0.8833333333333333
BytesRefactoringPatch:0.25333333333333335
