InterbaseDdlBuilder:0.30333333333333334
FirebirdDdlBuilder:0.30333333333333334
Db2DdlBuilder:0.2866666666666667
InformixDdlBuilder:0.28
H2DdlBuilder:0.27
HsqlDb2DdlBuilder:0.27
MySqlDdlBuilder:0.2633333333333333
HsqlDbDdlBuilder:0.25666666666666665
OracleDdlBuilder:0.25666666666666665
MsSql2000DdlBuilder:0.25333333333333335
SqlAnywhereDdlBuilder:0.24333333333333335
AseDdlBuilder:0.22
DerbyDdlBuilder:0.19666666666666666
SqliteDdlBuilder:0.19666666666666666
