SuggestContextParser:0.19333333333333333
PhraseSuggestParser:0.16
TransportSuggestAction:0.14666666666666667
SuggestParseElement:0.03666666666666667
ContextAndSuggest:0.02666666666666667
CustomSuggester:0.023333333333333334
TermSuggestParser:0.016666666666666666
CompletionSuggestParser:0.0
