NeuralNetwork:0.5416666666666666
RangeNormalizer:0.25
NeuralNetworkCalculatedEvent:0.21722222222222223
DecimalScaleNormalizer:0.17
MaxMinNormalizer:0.16333333333333333
MaxNormalizer:0.16333333333333333
