MaxSizeConfig:0.4866666666666667
CacheConfig:0.38
CacheRecordHashMap:0.3466666666666667
AbstractCacheRecordStore:0.34
MapConfig:0.2833333333333333
CacheSimpleConfig:0.24
XmlConfigBuilder:0.23333333333333334
BasicMapStoreContext:0.20666666666666667
CacheRecordStore:0.17
MapConfigAdapter:0.17
CacheSimpleConfigReadOnly:0.17
EvictionOperator:0.16666666666666666
MaxSizeChecker:0.07690476190476189
FreeHeapPercentageMaxSizeChecker:0.0725
CacheConfigTest:0.06666666666666667
FreeHeapMaxSizeChecker:0.0425
UsedHeapPercentageMaxSizeChecker:0.0425
UsedHeapMaxSizeChecker:0.0425
PerNodeMaxSizeChecker:0.0
PerPartitionMaxSizeChecker:0.0
