ShaderProgram:0.46
VertexArray:0.24333333333333335
IndexBufferObjectSubData:0.22
IndexBufferObject:0.22
VertexBufferObjectSubData:0.2
VertexBufferObject:0.2
ScreenUtils:0.17666666666666667
