DiscoveryRequest:0.515
JUnit5:0.31666666666666665
DiscoveryRequestBuilder:0.26666666666666666
DiscoveryRequestBuilderTests:0.2025
LauncherTests:0.16333333333333333
EngineFilterBuilder:0.0033333333333333335
