KeywordsSearcher:0.5766666666666667
LangUtils:0.4083333333333333
UpdateElement:0.2342539682539683
AddElement:0.18666666666666668
DeleteElement:0.13666666666666666
GetKeywords:0.11
