SchemaUpdateTask:0.5552777777777778
ExceptionConverterImpl:0.3233333333333333
ExplodedArchiveDescriptor:0.26
JarFileBasedArchiveDescriptor:0.22333333333333333
