HTMLElement:0.45666666666666667
HTMLAnchorElement:0.37666666666666665
HtmlSerializer:0.37666666666666665
HTMLInputElement:0.37666666666666665
Location:0.35
IEConditionalCommentExpressionEvaluator:0.33
HtmlImageInput:0.3
HTMLTableCellElement:0.28
HTMLTextAreaElement:0.28
HtmlUnitDOMBuilder:0.2377777777777778
