HibernateMapFacade:0.4066666666666667
Invoice:0.37
Delivery:0.3566666666666667
Carrier:0.27
Subfamily:0.2675
HibernateMapFacadeImpl:0.24666666666666667
Product2:0.23333333333333334
State:0.23111111111111116
Product:0.225
HibernateBaseAction:0.14333333333333334
POJOPropertiesContainerAdapter:0.08666666666666667
