JSON:0.6533333333333333
TypeUtils:0.58
ASMSerializerFactory:0.3333333333333333
JavaBeanSerializer:0.31666666666666665
