RuntimeObject:0.84
CreateObjectStep:0.21
ObjectInitPopStep:0.19333333333333333
HopDataStorage:0.18666666666666668
ObjectInitParentStep:0.18
ModeChangeStep:0.18
CreateMainObjectStep:0.12666666666666668
