ConfiguredClass:0.6266666666666667
ComponentAttributeSourceImpl:0.4866666666666667
EmbeddableBindingTest:0.25
