SWDownloadFile:0.435
SwarmingManager:0.43
GUIRegistry:0.2866666666666667
SWDownloadSegment:0.26666666666666666
FWTableColumn:0.2633333333333333
SWDownloadCandidate:0.25666666666666665
SaveDownloadListJob:0.21666666666666667
LoadDownloadListJob:0.19777777777777777
FWTableColumnModel:0.17666666666666667
