RobolectricInternals:0.4033333333333333
FullStackDirectCallPolicy:0.27666666666666667
OneShotDirectCallPolicy:0.2633333333333333
DirectCallPolicyTest:0.23
SafeDirectCallPolicy:0.05333333333333334
