StatisticQueryService:0.49666666666666665
LoginProcessor:0.49333333333333335
ErrorProcessor:0.25333333333333335
