BotTask:0.6833333333333333
Messages:0.317
BotTasksForm:0.30633333333333335
BotTaskRowBuilder:0.29333333333333333
BotTaskConfigurationFileDownLoader:0.25333333333333335
UpdateBotTasksAction:0.22666666666666666
BotTaskForm:0.16166666666666665
CreateBotTaskAction:0.15333333333333332
BotTaskListTag:0.14333333333333334
WorkflowBotInvoker:0.13333333333333333
