PubReferenceTable:0.7666666666666667
UpdateGene:0.36666666666666664
