CachingExecutor:0.49666666666666665
BaseExecutor:0.4633333333333333
BindingTest:0.18333333333333332
