ChartsEngine:0.42333333333333334
RChartsEngine:0.39666666666666667
JFCChartsEngine:0.3333333333333333
CAH:0.31333333333333335
