ReferencedEntryEditor:0.3933333333333333
ObjectDirectoryMapperImplTest:0.38666666666666666
ReferencedEntryEditorFactory:0.19
ObjectDirectoryMapperImpl:0.18472222222222223
AnnotationObjectDirectoryMap:0.16333333333333333
UnitTestRole:0.15333333333333332
AbstractObjectDirectoryMap:0.14333333333333334
ReferencedEntryEditorFactoryTest:0.11666666666666667
ReferencedEntryEditorTest:0.09
