TigerParser:0.5633333333333334
JavaCompletionFinder:0.35
MethodNode:0.24
ConstructorNode:0.24
JavaParser:0.22666666666666666
