Reaction:0.7733333333333333
ReactionTest:0.5233333333333333
