RelationCrawler:0.8533333333333334
LineViewer:0.4033333333333333
RelationCrawlerTool:0.14
