SettlementMapPanel:0.38333333333333336
SettlementTransparentPanel:0.35333333333333333
MainDesktopPane:0.32666666666666666
SettlementWindow:0.27
BuildingPanelFarming:0.24611111111111114
PopUpBuildingMenu:0.22666666666666666
TransportWizard:0.043333333333333335
JCustomCheckBoxMenuItem:0.013055555555555556
