MWebBrowserPanel:0.46
MDisposable:0.3316666666666667
Browser:0.32666666666666666
StopAction:0.2088888888888889
BackAction:0.2088888888888889
WebBrowserEditor:0.2
BrowserViewFactory:0.17666666666666667
StaticHTMLViewer:0.0725
StaticHTMLEditorKit:0.06666666666666667
