Visitor:0.5333333333333333
ForWildcardType:0.4766666666666667
Dispatcher:0.3316666666666667
OfParameter:0.20666666666666667
GenericTypeDescriptionVisitorTypeErasingTest:0.18
GenericTypeDescriptionVisitorNoOpTest:0.18
ForSignatureVisitor:0.12083333333333333
Substitutor:0.10666666666666667
