NodeGatewayStartedShards:0.43666666666666665
ReplicaShardAllocatorTests:0.27666666666666667
PrimaryShardAllocatorTests:0.2733333333333333
TransportNodesListGatewayStartedShards:0.25333333333333335
TestAllocator:0.25333333333333335
