AnnotatedFeatureI:0.9233333333333333
AnnotatedFeature:0.5433333333333333
TestApollo:0.4866666666666667
