SenderUdpChannelTransport:0.5466666666666666
SendChannelEndpoint:0.49666666666666665
SelectorAndTransportTest:0.41333333333333333
