WebserviceBean:0.35333333333333333
Kuwaiba:0.30333333333333334
BusinessEntityManagerImpl:0.2833333333333333
Util:0.25
WebserviceBeanRemote:0.235
