EndState:0.4866666666666667
AbstractFlowBuilder:0.48333333333333334
ViewState:0.41333333333333333
StateTests:0.23666666666666666
RequestPathFlowExecutorParameterExtractor:0.21
XmlFlowBuilderTests:0.18444444444444444
FlowExecutionTests:0.18
