Http2ServerResponseImpl:0.6266666666666667
VertxHttp2Handler:0.42
Http2ServerRequestImpl:0.37
Http2Test:0.27166666666666667
VertxHttp2HandlerBuilder:0.15333333333333332
UriUtils:0.1
CustomCompressor:0.0
