ElasticsearchIntegrationTest:0.5766666666666667
ElasticsearchTestCase:0.3566666666666667
PluginManagerTests:0.32
IndexStatsTests:0.26666666666666666
VersionTests:0.23666666666666666
