RequestLoggingFilter:0.48
LogConfig:0.4533333333333333
RequestSpecBuilder:0.29
MockMvcRequestSpecBuilder:0.23666666666666666
MockMvcRequestLogSpecificationImpl:0.18666666666666668
LoggingITest:0.16333333333333333
