PainterFactory:0.08801359
AbstractPainter:0.02394882
