ActivityStreamUIEntry:0.59
FilrAction:0.4166666666666667
ManageCommentsDlg:0.18166666666666667
CommentsWidget:0.18
FilrActionsCtrl:0.16666666666666666
ActivityStreamComment:0.14333333333333334
