FeedableBodyGenerator:0.7533333333333333
NettyBodyBody:0.32666666666666666
FeedableBodyGeneratorTest:0.23333333333333334
