TabPanelStructure:0.6833333333333333
RadiationExposure:0.5466666666666666
