StudyListPage:0.6283333333333333
TrashListPage:0.49
ModalityWorklistPanel:0.37333333333333335
PPSListView:0.13666666666666666
