Fact:0.8583333333333333
Doc_Allocation:0.44333333333333336
