AbstractApertureInOsgiTest:0.64
ApertureRuntimeActivator:0.30333333333333334
TestDefaultCrawlerRegistry:0.17333333333333334
