ConsoleRequestConstants:0.801
TaskPollThread:0.5077777777777777
HttpPostCommandProcessor:0.5021666666666667
