FileUtil:0.5933333333333334
SystemUtil:0.31
FileEx:0.30333333333333334
StreamUtil:0.3
FindFile:0.2633333333333333
FileUtilTest:0.23333333333333334
JoddWot:0.19
Jodd:0.16944444444444445
NetUtil:0.07
