TikaMimeTypeIdentifier:0.5133333333333333
IdentificationTestCase:0.29333333333333333
ApertureDetector:0.24
TikaMimeTypeIdentifierTest:0.18
EnhancedMTUnresolvedProblemsTest:0.15333333333333332
EnhancedMTWorkingTest:0.14
