EngineEventLogger:0.49788888888888894
MessageProcessor:0.45
LoggerArea:0.2866666666666667
DefaultEventLogger:0.2833333333333333
AbstractServerEngine:0.26666666666666666
ConcreteLayerPainter:0.24666666666666667
ScenarioOptions:0.21
ScenarioPanel:0.19666666666666666
ScenarioReaderImpl:0.19333333333333333
ReaderEventQueue:0.12666666666666668
EventProcessor:0.12666666666666668
