ActionManager:0.60720855
FreeColAction:0.2218477
