MongoOptions:0.6666666666666666
MongoClientOptions:0.5133333333333333
Builder:0.44333333333333336
DefaultClusterableServerFactory:0.15
MongoClientOptionsTest:0.12333333333333334
MongoOptionsTest:0.03
