AdmobAdapter:0.53
admobdfpadapter:0.38333333333333336
TestAdMob:0.35333333333333333
UltimateViewAdapter:0.2633333333333333
SampleDataboxset:0.1
