SQLPlugin:0.36
SysShardsExpressionsTest:0.30666666666666664
TestShardModule:0.2633333333333333
SysShardExpressionModule:0.21027777777777776
LocalDataCollectOperation:0.13333333333333333
TestFunction:0.12333333333333334
GlobalReferenceResolver:0.11333333333333333
