EnvironmentChecker:0.7866666666666666
ControlCenter:0.4166666666666667
App:0.12666666666666668
