QedeqMainFrame:0.7316111111111112
KernelFacade:0.4622777777777777
