Condition:0.5873333333333333
StringUtils:0.44666666666666666
GenerationConditionAdapter:0.36
ColumnNamingConvention:0.33666666666666667
