Installation:0.56
InstallerCommandLine:0.5283333333333333
InstallerCommandLineTest:0.21333333333333335
