DataHandler:0.7766666666666666
AnsiQueryHandler:0.34
LuceneSearchEngine:0.2966666666666667
AnsiDataHandler:0.2866666666666667
TestSearchEngine:0.25166666666666665
QueryHandler:0.20127777777777778
ItemsServlet:0.18666666666666668
UpgradeServlet:0.15666666666666668
DatabaseUpgrades:0.13555555555555554
LinkToServlet:0.13
SearchEngine:0.10777777777777776
