EncodingUtils:0.8166666666666667
SamlAttributeEncoder:0.3933333333333333
