DefaultEventBus:0.5777777777777778
TestUtils:0.38555555555555554
