WebappJSPQueryCrawler:0.38333333333333336
JavaFileFilter:0.25666666666666665
