PlanMatchPattern:0.7966666666666666
PlanBuilder:0.2643333333333333
