FlowExecutionImpl:0.37
FlowExecutionImplTests:0.32
DefaultMessageContext:0.31
StateManageableMessageContext:0.29983333333333334
MockExternalContext:0.29333333333333333
MockRequestContext:0.23
Booking:0.22027777777777782
DefaultMessageContextFactoryTests:0.20333333333333334
FlowExecutionImplFactory:0.15
DefaultTextFallbackMessageSource:0.06322222222222224
