Unit:0.37333333333333335
Hex:0.33827777777777773
Location:0.33
TerrainType:0.32
Game:0.31333333333333335
Move:0.25666666666666665
Map:0.25
ScenarioBeta:0.22
ScenarioBetaTwoComputerPlayer:0.14
Reinforcements:0.10333333333333333
ScenarioBetaOneComputerPlayer:0.10333333333333333
DeployReinforcements:0.08666666666666667
ReinforcementEntryPoint:0.05
