AfterEachExtensionPoint:0.5533333333333333
AfterAllExtensionPoint:0.5533333333333333
ExtensionPoint:0.25666666666666665
