CharSeq:0.6633333333333333
CharSeqTest:0.53
Repeat:0.2433333333333333
CharSeqBenchmark:0.24
