BaseCfgDelegate:0.8766666666666667
WebCfgDelegate:0.36
GroupedChoices:0.21666666666666667
WebLoginContext:0.2
BaseMBeanDelegate:0.16
