ControlResponseAdapter:0.29333333333333333
ControlResponseListener:0.29333333333333333
AeronArchive:0.2633333333333333
SessionWorker:0.24666666666666667
ListRecordingsForUriSessionTest:0.23
ControlResponsePoller:0.22666666666666666
ControlRequestListener:0.215
DedicatedModeSessionWorker:0.205
ControlSession:0.2
ArchiveConductor:0.2
ListRecordingsSession:0.19666666666666666
ListRecordingsForUriSession:0.19666666666666666
ControlSessionProxy:0.18
ListRecordingsSessionTest:0.15
FailControlResponseListener:0.013333333333333334
