AnnotationBeanTest:0.7902777777777779
AllJUnitTests:0.7033333333333334
