Library:0.4033333333333333
Frustum:0.2866666666666667
F:0.26
Utils:0.22666666666666666
Parallelogram:0.205
Cylinder:0.18333333333333332
ShadedNull:0.18333333333333332
Box:0.18
Sphere:0.15333333333333332
Cone:0.15
_Field:0.10333333333333333
