UpdatePriceResult:0.5366666666666666
ShoppingCartController:0.36333333333333334
