UpgradeSessionBean:0.35333333333333333
HardTokenData:0.30666666666666664
AdminPreferencesData:0.2866666666666667
LogConfigurationData:0.2733333333333333
UpgradeSession:0.2175
UpgradeSessionLocal:0.13166666666666665
