HighlightBuilder:0.35
AbstractHighlighterBuilder:0.2966666666666667
WordDelimiterTokenFilterFactoryTests:0.25333333333333335
HighlighterSearchIT:0.25
AwsS3ServiceImplTests:0.19666666666666666
Factory:0.19333333333333333
IngestGeoIpPlugin:0.18666666666666668
HighlightBuilderTests:0.18
InternalAwsS3Service:0.15944444444444444
GeoIpProcessorFactoryTests:0.13
FieldOptions:0.12
FastVectorHighlighter:0.07
PrivilegedInstanceProfileCredentialsProvider:0.035
