PathTokenizer:0.55
JsonPathTest:0.37
SplitPathFragmentsTest:0.27666666666666667
ArrayEvalFilter:0.24333333333333335
HasFieldFilter:0.19333333333333333
