AbstractChemObjectDiffTest:0.6733333333333333
AtomDiff:0.38666666666666666
AbstractChemObjectDiff:0.3466666666666667
