AbstractTestQueries:0.5766666666666667
QueryAssertions:0.26666666666666666
AbstractTestDistributedQueries:0.26
AbstractTestIntegrationSmokeTest:0.23
