BinderService:0.6477777777777778
DefinitionService:0.6272222222222222
ZoneModule:0.6116666666666667
TeamingServiceClientWithCall:0.4066666666666667
FacadeClient:0.36
TeamingServiceEndpoint:0.2966666666666667
DefinitionServiceInternal:0.26666666666666666
JaxRpcFacade:0.21666666666666667
BaseZoneModule:0.21666666666666667
AbstractZoneModule:0.21333333333333335
WSClientBase:0.21333333333333335
ZoneServiceImpl:0.14
BinderServiceImpl:0.12333333333333334
ManageZonesController:0.08
