MarshallingPayloadEndpointTest:0.3711111111111111
PayloadLoggingInterceptor:0.35
AbstractSaxPayloadEndpoint:0.14333333333333334
PayloadEndpointAdapter:0.13666666666666666
MapBasedSoapEndpointMappingTest:0.1311111111111111
AbstractDomPayloadEndpoint:0.09666666666666666
PayloadRootQNameEndpointMapping:0.09666666666666666
