OCSPCAService:0.8122222222222222
SigningEntity:0.3466666666666667
