Word2Vec:0.6966666666666667
Word2VecDataSetIterator:0.23333333333333334
MatrixUtil:0.16
CRBMTest:0.10666666666666667
Word2VecQuizzer:0.09666666666666666
ModelReader:0.09666666666666666
