AnonymousClassConverterTest:0.5316666666666666
TranslationProcessor:0.31333333333333335
GwtConverterTest:0.31222222222222223
