CertificateStoreSessionLocal:0.4769285714285714
OcspResponseGeneratorSessionBean:0.43333333333333335
CAAdminSessionBean:0.39
CertStoreServlet:0.28
CRLStoreServlet:0.26666666666666666
StoreServletBase:0.2658333333333333
StartServicesServlet:0.19911111111111113
CertificateStoreSessionBean:0.16333333333333333
