Request:0.57
ESRestTestCase:0.31
CreateIndexRequestTests:0.28
IndicesClient:0.24666666666666667
CreateIndexResponse:0.2105952380952381
RecoveryIT:0.18
IndicesClientIT:0.17666666666666667
RandomAliasActionsGenerator:0.16166666666666665
RequestTests:0.155
PutMappingRequestTests:0.14333333333333334
ResizeRequest:0.12666666666666668
IndicesClientDocumentationIT:0.07666666666666666
ResizeResponse:0.043333333333333335
