ReferenceImplementation:0.7133333333333334
SysShardsExpressionsTest:0.3566666666666667
EvaluatingNormalizerTest:0.20333333333333334
TestGlobalSysExpressions:0.17666666666666667
PartitionReferenceResolverTest:0.16666666666666666
SysObjectArrayReference:0.15333333333333332
NullFieldSysObjectReference:0.1502777777777778
TestExpression:0.1275
NullSysObjectArrayReference:0.09583333333333334
BytesRefNullSysExpression:0.07833333333333334
