FluxSettings:0.44666666666666666
ThreadedBVHBuilderSAH:0.42
FluxScene:0.36333333333333334
ThreadedBVHBuilderMiddle:0.18444444444444444
TaskMonitor:0.11
