Java2DRenderer:0.4880000000000001
ISimpleRenderer2D:0.333531746031746
