Graphics:0.7233333333333334
LwjglGraphics:0.27666666666666667
AndroidGraphics:0.27
JoglGraphics:0.26555555555555554
AndroidApplication:0.24666666666666667
LwjglApplication:0.23
JoglApplication:0.23
GwtGraphics:0.22333333333333333
AndroidInput:0.20916666666666667
AndroidMultiTouchHandler:0.10833333333333334
AndroidSingleTouchHandler:0.08333333333333333
