RackInsideViewScene:0.3933333333333333
RackInsideViewTopComponent:0.35833333333333334
NestedDeviceWidget:0.2786666666666667
SimpleConnectionWidget:0.25666666666666665
RackInsideViewService:0.19
ShowConnectionsInRackViewAction:0.1
