Add3DGeometryAttributesPlugIn:0.6383333333333333
AddGeometryAttributesPlugIn:0.4997222222222223
