CircuitIO:0.42333333333333334
ConnectionImpl:0.42333333333333334
CircuitManagerImpl:0.38666666666666666
