ServerXMLDFHandler:0.4866666666666667
ApplyScriptAction:0.35
ServerXMLSymbolsHandler:0.30666666666666664
ServerWrapper:0.28
AbstractConfigurationParser:0.27
ServerConfigurationParser:0.22888888888888886
EmbeddedWindowsManager:0.21666666666666667
AbstractXMLDFHandler:0.12333333333333334
ScriptHelper:0.07333333333333333
