ApplicationConfig:0.38666666666666666
AbstractInterfaceConfig:0.30333333333333334
DubboBeanDefinitionParser:0.2833333333333333
ConsumerConfig:0.26
AbstractConfig:0.22333333333333333
AbstractServiceConfig:0.17666666666666667
ClusterUtils:0.14
