Robolectric:0.61
DirectCallPolicyTest:0.29333333333333333
SafeDirectCallPolicy:0.21
AndroidTranslator:0.2088888888888889
OneShotDirectCallPolicy:0.20666666666666667
FullStackDirectCallPolicy:0.18
Foo:0.12666666666666668
ShadowFoo:0.10333333333333333
AndroidTranslatorTest:0.07
