TriggerRouterService:0.8433333333333334
ITriggerRouterService:0.6938095238095238
SymmetricEngineHolder:0.27
