FormatImageActionTag:0.33
FormatLinkTag:0.33
FormatDateTag:0.23666666666666666
FormatIssueOwnerTag:0.22666666666666666
FormatCustomFieldTag:0.18666666666666668
FormatResolutionTag:0.18333333333333332
FormatHistoryEntryTag:0.17333333333333334
