Enhancer:0.6544444444444445
MethodProxy:0.5233333333333333
