HeliosClient:0.5733333333333334
HostsResourceTest:0.26666666666666666
HostListCommand:0.24133333333333334
LabelTest:0.23
HostListCommandTest:0.17333333333333334
HeliosClientTest:0.13666666666666666
