Request:0.39666666666666667
RestHighLevelClientTests:0.35333333333333333
Params:0.35
RestHighLevelClient:0.33666666666666667
RequestTests:0.16
