BigDecimalConverter:0.5666666666666667
BigIntegerConverter:0.5666666666666667
BigIntegerConverterTest:0.18333333333333332
BigDecimalConverterTest:0.18333333333333332
