AdvancedEditor:0.4
EditView:0.30333333333333334
Tree:0.28
Add:0.25722222222222224
Callback:0.2
