Native:0.65
Pointer:0.5633333333333334
CallbacksTest:0.35
CallbackReference:0.2633333333333333
TestLibrary:0.23120634920634922
NativeLibrary:0.22944444444444448
CallbackThreadInitializer:0.13666666666666666
DefaultCallbackProxy:0.11666666666666667
JavaVMAttachArgs:0.0525
