Facade:0.7512222222222222
PWCallback:0.32666666666666666
AbstractFacade:0.31333333333333335
WsDomTreeBuilder:0.26777777777777784
JaxRpcFacade:0.23
FacadeClient:0.21444444444444447
RemoteFacade:0.14416666666666667
