SharedMap:0.8195833333333333
SharedAttributeMap:0.49666666666666665
