GraphEditorTab:0.6733333333333333
ActionStore:0.4
SnapToGridAction:0.37166666666666665
