CloseablesManager:0.55
AbstractConnector:0.5066666666666667
Issue42:0.27666666666666667
