ThreadQueue:0.7233333333333334
P4:0.36333333333333334
ProjectController:0.35
BuildQueue:0.2252777777777778
