Version:0.8483333333333334
DefaultElementFactory:0.22333333333333333
