IDatabasePlatform:0.6977777777777778
AbstractDatabasePlatform:0.44333333333333336
DbImport:0.29333333333333333
ISymmetricDialect:0.2866666666666667
DbExportImportTest:0.06
