ShadowCopyThread:0.5416666666666666
AsyncIteratorReader:0.45666666666666667
AbstractCoOccurrences:0.34
PrefetchingSentenceIteratorTest:0.17
