MultiLayerNetwork:0.6533333333333333
SubsamplingLayer:0.4
LSTM:0.30333333333333334
ConvolutionLayer:0.29194444444444445
CnnToFeedForwardPreProcessor:0.2505555555555556
ListenerTest:0.22
ConvolutionLayerTest:0.18333333333333332
