DocumentWriter:0.55
SpreadsheetWriter:0.3543888888888889
TextWriter:0.3543888888888889
