JBossWebCometSupport:0.4166666666666667
TomcatCometSupport:0.4033333333333333
Tomcat7CometSupport:0.38666666666666666
