RealWebSocket:0.45
WebSocketReader:0.4216666666666667
WebSocketWriter:0.37666666666666665
RealWebSocketTest:0.2833333333333333
FrameSink:0.2
FramedMessageSource:0.17666666666666667
