InternalQueryFacet:0.4266666666666667
InternalFilterFacet:0.4266666666666667
QueryFacetExecutor:0.3002222222222222
Collector:0.2971666666666667
FilterFacetExecutor:0.25633333333333336
