Carbon:0.33666666666666667
LayoutParams:0.29333333333333333
RangeSeekBar:0.28
GridLayout:0.24333333333333335
FrameLayout:0.23666666666666666
FlowLayout:0.23
RelativeLayout:0.20666666666666667
LinearLayout:0.20333333333333334
SeekBar:0.18
RippleDrawableLollipop:0.115
ViewHolder:0.09333333333333334
