winLocalVariableTopComponent:0.31333333333333335
CompilerView:0.23
Speak:0.18111111111111108
TextToSpeechImpl:0.16666666666666666
LeftKeyHandler:0.16666666666666666
KeyHandler:0.16666666666666666
RightKeyHandler:0.16666666666666666
ToggleBreakpointAction:0.13
HopKeyListener:0.12
JMenuItemReader:0.11333333333333333
BuildProjectAction:0.09
DebugMainProjectAction:0.09
RunProjectAction:0.09
