TestParserErrors:0.5133333333333333
TestSemPredEvalParser:0.4266666666666667
TestCompositeParsers:0.28
