AtomContainerSetManipulator:0.36333333333333334
AtomContainerComparator:0.3566666666666667
ReactionManipulator:0.31133333333333335
ChemModelManipulator:0.2733333333333333
ChemSequenceManipulator:0.22233333333333336
RingSizeComparator:0.21333333333333335
ReactionManipulatorTest:0.18666666666666668
RingSetManipulator:0.18
ChemFileManipulator:0.12333333333333334
