Queries:0.49333333333333335
MatchQuery:0.38333333333333336
MatchQueryBuilderTests:0.26666666666666666
IdsQueryBuilderTests:0.19333333333333333
MatchPhrasePrefixQueryBuilderTests:0.18666666666666668
MatchPhraseQueryBuilderTests:0.18666666666666668
TermsQueryBuilderTests:0.15333333333333332
MatchNoneQueryBuilderTests:0.15
