JoinSequence:0.6066666666666667
EntityJoinJoinFragment:0.5333333333333333
EntityJoinJoinSequenceImpl:0.32
JoinOnClauseTest:0.13744444444444445
