LookDefinition:0.48333333333333334
LookHandler:0.37
Constant:0.29
LookModelConfiguration:0.25
Table:0.23333333333333334
LookModelPlugin:0.21333333333333335
Property:0.18666666666666668
LookCapacitiesDialog:0.11
ValuedElement:0.10642857142857143
OpenLookDefinitionAction:0.08666666666666667
OpenLookCapacitiesAction:0.07333333333333333
LookDefinitionDialog:0.055
PropertyParser:0.006666666666666667
