KerasAtrousConvolution2DTest:0.6833333333333333
KerasCropping2DTest:0.5766666666666667
