Help:0.48
Simulator:0.4633333333333333
StringDialog:0.3933333333333333
CtrlDocumentation:0.31333333333333335
Input:0.20133333333333334
PrologQuery:0.18
GroovePredicates:0.16666666666666666
FormulaParser:0.16666666666666666
MyCellRenderer:0.03
