NodeUtil:0.5233333333333333
ListIndexProperty:0.48
NodeImpl:0.32666666666666666
DAMLAdapter:0.30666666666666664
DefaultOperationModel:0.30333333333333334
AbstractDatatype:0.2833333333333333
HistoryWrappedNode:0.25333333333333335
PropertyImpl:0.24333333333333335
RestrictionImpl:0.23333333333333334
ListImpl:0.23
DefaultTreeModel:0.20666666666666667
NodeClassImpl:0.20666666666666667
DefaultGestureRecognizer:0.15333333333333332
DefaultMenuFactory:0.15333333333333332
DefaultNodeComparator:0.14666666666666667
