Button:0.37333333333333335
FrameLayout:0.36833333333333335
RelativeLayout:0.36833333333333335
LinearLayout:0.36833333333333335
Toolbar:0.26
