Search:0.7066666666666667
ResearchSetting:0.38666666666666666
ResearchService:0.31666666666666665
