WebServiceTemplate:0.7233333333333334
WebServiceOperations:0.4266666666666667
WebServiceTemplateTest:0.3466666666666667
WebServiceTemplateIntegrationTest:0.32666666666666666
