MappedFieldType:0.47
CompletionFieldType:0.3566666666666667
CompletionSuggestSearchIT:0.3333333333333333
FieldSortBuilder:0.2833333333333333
