ClusterService:0.6127777777777778
IClusterService:0.30742063492063487
