Enhancer:0.6566666666666666
EnhancementContext:0.6005555555555555
EnhancementTask:0.23666666666666666
EnhancerTest:0.18666666666666668
FieldVirtualReadWritePair:0.056666666666666664
