JMXCollector:0.6366666666666667
JMXNodeInfo:0.57
Jsr160Collector:0.04
JBossCollector:0.013333333333333334
