ComponentDescriptionFont:0.6933333333333334
LoadDescription:0.43666666666666665
