EditViewFactory:0.6583333333333333
PropertyAssociation:0.25666666666666665
