FormatterPropertyEditor:0.5811111111111111
PropertyEditorFormatter:0.2272222222222222
