Writer:0.4
Http20Draft09Test:0.36333333333333334
Http20Draft09:0.22666666666666666
ContinuationInputStream:0.225
Reader:0.21666666666666667
ContinuationInputStreamTest:0.14333333333333334
