AbstractFlowExecutionTests:0.49333333333333335
FlowExecutionImplFactory:0.4066666666666667
AbstractExternalizedFlowExecutionTests:0.39
StaticFlowExecutionListenerLoader:0.27133333333333337
FlowExecutionImplStateRestorer:0.11333333333333333
