Column:0.7522222222222222
DerivedValue:0.43
SimpleValue:0.30333333333333334
