GwtTaskHelper:0.6283333333333333
AddEntryController:0.37833333333333335
ModifyEntryController:0.37
