IConfigurationService:0.7256944444444445
AbstractDbDialect:0.5333333333333333
ConfigurationService:0.4533333333333333
CrossCatalogSyncTest:0.3566666666666667
MultiDatabaseTest:0.22
