LayerMemoryReport:0.6
MemoryReport:0.5133333333333333
GlobalPoolingLayer:0.24
SubsamplingLayer:0.24
ZeroPaddingLayer:0.21666666666666667
DropoutLayer:0.21666666666666667
DenseLayer:0.20333333333333334
LossLayer:0.08666666666666667
BaseOutputLayer:0.016666666666666666
