BaseAST:0.5133333333333333
TreePatternAST:0.46907142857142875
TreeParserATNFactory:0.19666666666666666
MatchTree:0.10666666666666667
