Dataset:0.7933333333333333
ChartPanel:0.7016825396825397
