RazorHistoryParser:0.2833333333333333
Handler:0.27
SubversionHistoryParser:0.22333333333333333
SubversionHistoryParserTest:0.2
ClearCaseHistoryParser:0.19666666666666666
CVSHistoryParser:0.19666666666666666
MonotoneHistoryParser:0.19666666666666666
GitHistoryParser:0.19
MercurialHistoryParser:0.19
BazaarHistoryParser:0.19
AccuRevHistoryParser:0.18333333333333332
SCCSHistoryParser:0.16333333333333333
