Block:0.55
ExpressionCompiler:0.43333333333333335
CompilerContext:0.24
FunctionBootstrap:0.22333333333333333
