KeyBasedPersistenceTokenService:0.29333333333333333
LdapUtils:0.27
PasswordEncoderUtils:0.22355555555555554
SpringSecurityLdapTemplateTests:0.18333333333333332
PasswordComparisonAuthenticator:0.1638888888888889
MessageDigestPasswordEncoder:0.16
LdapShaPasswordEncoder:0.16
TokenBasedRememberMeServices:0.14333333333333334
Md4PasswordEncoder:0.11666666666666667
