User:0.54
Report:0.5166666666666667
IssueAttachment:0.36
IssueServiceImpl:0.2866666666666667
ConfigurationServiceImpl:0.24
ProjectServiceImpl:0.22333333333333333
UserServiceImpl:0.20666666666666667
LanguageForm:0.19
ApplicationInitialization:0.15
ReportServiceImpl:0.14
EditLanguageFormAction:0.07666666666666666
EditReportAction:0.043333333333333335
