Evaluation:0.67
IEvaluation:0.23327777777777778
BaseEvaluation:0.12666666666666668
ROCTest:0.12
