ClassInfo:0.6533333333333333
MethodCoverage:0.32
CoverageAnalyzer:0.24333333333333335
IDIV:0.16333333333333333
IREM:0.13
FREM:0.13
DREM:0.13
LREM:0.13
ClassCoverage:0.12
