GedcomReader:0.7576666666666667
GedcomWriter:0.4326666666666667
