State:0.6683333333333333
TransitionExecutingStateExceptionHandlerTests:0.27666666666666667
