Activator:0.39666666666666667
IJavaJmolManager:0.12166666666666667
IJavaScriptJmolManager:0.12166666666666667
