TemporaryJob:0.5066666666666667
Builder:0.42
HeliosClient:0.3466666666666667
TemporaryJobs:0.29
JobValidatorTest:0.21333333333333335
JobValidator:0.19000000000000003
SimpleTest:0.17666666666666667
JobNamePrefixTest:0.16
ConfigTest:0.15
