Main:0.41333333333333333
BuildLoopMonitor:0.30666666666666664
CruiseControlControllerJMXAdaptor:0.24666666666666667
BuildLoopMonitorHolder:0.16333333333333333
CruiseControlMBean:0.14416666666666667
MainTest:0.07666666666666666
CruiseControlControllerJMXAdaptorTest:0.056666666666666664
