Button:0.56
Stage:0.4
Window:0.28
Stack:0.24277777777777781
TouchFocus:0.19026984126984126
GwtTestWrapper:0.17333333333333334
