Tab:0.5666666666666667
ServiceContext:0.37666666666666665
TabControllerTest:0.32
BuildSummariesService:0.31
DashboardXmlConfigService:0.18
HelloVelocityTab:0.14666666666666667
DashboardXmlConfigServiceTest:0.13333333333333333
TabController:0.12333333333333334
DashboardTabTest:0.1
HelloVelocityTabTest:0.09
HelloWorldTab:0.08
HelloWorldTabTest:0.07
BuildSummaryStatistics:0.07
VelocityTab:0.06666666666666667
MvcTab:0.03
ServiceContextTest:0.013333333333333334
DashboardTab:0.006666666666666667
