AggregatorOption:0.68
ComponentContainer:0.22666666666666666
ComponentReport:0.15666666666666668
MultipleChoiceUI:0.14333333333333334
