ToStringArrayFunction:0.6833333333333333
Resolver:0.36666666666666664
ToStringArrayFunctionTest:0.27
ScalarFunctionModule:0.14666666666666667
