MethodGenerator:0.7533333333333333
AndroidTranslator:0.2733333333333333
