RedissonReactiveClient:0.6466666666666666
RQueueReactive:0.2857777777777778
RedissonReactive:0.27
