RedisOutputStream:0.6633333333333333
Protocol:0.3
JedisTest:0.16166666666666665
