Messages:0.8833333333333333
AbstractFilterEntryDialog:0.43666666666666665
RSEFilter:0.37
AbstractEntryDialog:0.29333333333333333
AbstractFilterEditingDialog:0.21333333333333335
AbstractEditingDialog:0.18666666666666668
AbstractEditingArea:0.16
RSEFilterPool:0.14666666666666667
FilterEditingAreaBothDifferent:0.12666666666666668
AbstractFilterEditingArea:0.056666666666666664
ProfileLabelProvider:0.05333333333333334
ProfileContentProvider:0.03916666666666667
RSEProfile:0.02666666666666667
FilterQualifier:0.025833333333333333
FilterEditingAreaWorkspace:0.023333333333333334
FilterEditingAreaRepository:0.023333333333333334
FilterEditingAreaBothEqual:0.023333333333333334
