DelayedPrepareBulkRequest:0.47333333333333333
WorkingBulkByScrollTask:0.37333333333333335
TransportRethrottleAction:0.345
