IndexShard:0.59
IndexShardTests:0.3933333333333333
ShardRouting:0.33666666666666667
ShadowIndexShard:0.16333333333333333
IndicesClusterStateService:0.15666666666666668
RecoveriesCollection:0.1211111111111111
RecoveryTargetService:0.09111111111111111
RecoveriesCollectionTests:0.09
RecoveryListener:0.043333333333333335
