PythonGrammar:0.5966666666666667
PythonGrammarTokenManager:0.5633333333333334
