MiscUtilities:0.27475154
VFS:0.2242045
MirrorList:0.14803779
BufferLoadRequest:0.11022609
MarkersSaveRequest:0.089530654
Roster:0.08651352
BufferAutosaveRequest:0.08480928
VFSFile:0.07852108
JEditHistoryModelSaver:0.074477285
PluginJAR:0.07341916
Log:0.071115546
BufferSaveRequest:0.061114658
jEdit:0.05798837
ManagePanel:0.05540146
PluginList:0.045204528
ModeProvider:0.041755926
JEditKillRing:0.04144726
JEditRegisterSaver:0.03955553
PerspectiveManager:0.0388125
DockableWindowManagerImpl:0.038679462
PluginManagerOptionPane:0.038317826
BufferHistory:0.033850435
BufferInsertRequest:0.03365776
StandaloneTextArea:0.031484403
AppearanceOptionPane:0.024880458
ProgressObserver:0.014036647
FilePropertiesDialog:0.0077475556
