FileVFS:0.22808398
VFS:0.22070879
StandardUtilities:0.20973809
jEdit:0.18282224
JEditBuffer:0.14495586
PluginJAR:0.12426006
Buffer:0.12181878
VFSManager:0.11333471
IOUtilities:0.108389534
GUIUtilities:0.10679721
VFSFile:0.10451998
VFSBrowser:0.09486072
Macros:0.08925857
XMLUtilities:0.08526934
View:0.08084225
BufferIORequest:0.080311246
JARClassLoader:0.08025929
ManagePanel:0.07606456
VFSFileChooserDialog:0.07549692
HelpIndex:0.068948306
PluginList:0.06714194
Log:0.06700658
OperatingSystem:0.06458037
MirrorList:0.06398189
JEditHistoryModelSaver:0.06372281
SearchDialog:0.063530825
Abbrevs:0.060437262
VFSDirectoryEntryTableModel:0.057778597
Roster:0.056714255
InstallPanel:0.056540594
EncodingServer:0.052805282
AutoDetection:0.05247545
BufferHistory:0.051920947
BufferSaveRequest:0.051191308
HyperSearchFileNode:0.04978811
HyperSearchResult:0.04819129
BrowserView:0.045967348
SettingsXML:0.043659825
PerspectiveManager:0.042779088
DockableWindowFactory:0.04177094
UrlVFS:0.041522026
FileRootsVFS:0.038853887
VFSFileNameField:0.03724164
PluginResURLConnection:0.03691902
HelpViewer:0.036627814
BrowserCommandsMenu:0.03564289
VFSDirectoryEntryTable:0.035158418
SettingsReloader:0.034998212
HelpTOCPanel:0.03348697
RecentFilesProvider:0.031315755
BufferOptionPane:0.030326575
CompleteWord:0.028950112
EncodingsOptionPane:0.028199527
ReloadWithEncodingProvider:0.027702916
PluginManagerOptionPane:0.026070887
ModeCatalogHandler:0.021211863
ProgressObserver:0.020927966
FilePropertiesDialog:0.019316794
LatestVersionPlugin:0.018118303
ToolBarEditDialog:0.017544009
MenuItemTextComparator:0.01752209
ActionBar:0.017476873
RecentDirectoriesProvider:0.017337646
LogViewer:0.015906649
BufferPrinter1_4:0.013343229
TipOfTheDay:0.009799066
TextAreaDialog:0.0028700782
