MiscUtilities:0.3034297
JEditBuffer:0.25114414
TextUtilities:0.2338661
Selection:0.1099243
EditingOptionPane:0.08273677
SearchAndReplace:0.07858999
KeyEventTranslator:0.077008605
StatusBar:0.07290809
TokenMarker:0.06491866
BufferOptionPane:0.0640641
TextArea:0.0625367
Mode:0.057388023
Macros:0.056934427
CompleteWord:0.052952453
jEdit:0.047425065
View:0.045144428
VFS:0.039813552
SyntaxUtilities:0.038130004
PluginJAR:0.03753152
AbstractContextOptionPane:0.032243274
CloseBracketIndentRule:0.030148417
ManagePanel:0.029831842
VFSManager:0.029746903
InstallPanel:0.029688263
TextAreaInputHandler:0.02874923
AllBufferSet:0.028457142
HelpTOCPanel:0.028347699
VFSDirectoryEntryTableModel:0.027058756
JEditActionContext:0.026994405
BufferSet:0.02674559
InputHandler:0.024379876
BufferListSet:0.021044984
PanelWindowContainer:0.020485334
TextAreaMouseHandler:0.019531175
PluginList:0.018959632
ActionBar:0.018029312
ToolBarOptionPane:0.01757334
ServiceManager:0.016485753
AbbrevsOptionPane:0.015828
JEditHistoryModelSaver:0.014889071
SyntaxHiliteOptionPane:0.0129169095
EncodingsOptionPane:0.012491875
MacOSXPlugin:0.012348216
WindowTableModel:0.012030823
QuickNotepad:0.012010863
ShortcutsOptionPane:0.01176456
IndentAction:0.011283295
MenuItemTextComparator:0.010622749
DirectoryListSet:0.010565039
DirectoryProvider:0.009000744
GlobVFSFileFilter:0.008265456
