Tiger:0.47
UploadEngine:0.44333333333333336
QueryHitHost:0.19
SharedFilesTableModel:0.09916666666666667
GnutellaHeaderNames:0.07333333333333333
TigerTree:0.04
Base32:0.02
