ClassLoaderByteArrayInjector:0.6966666666666667
ClassLoadingStrategy:0.33
ProtectionDomainInjection:0.22
ClassLoaderByteArrayInjectorTest:0.07666666666666666
