Seq:0.35
List:0.3466666666666667
IndexedSeq:0.321984126984127
Stream:0.31333333333333335
Array:0.2833333333333333
CharSeqTest:0.23666666666666666
LinearSeq:0.2180952380952381
AbstractSeqTest:0.20333333333333334
Queue:0.19666666666666666
Vector:0.18333333333333332
CharSeq:0.17666666666666667
