TimelineEngine:0.29277852
TimelineScenario:0.051877137
TimelinePropertyBuilder:0.048259404
TridentConfig:0.04114016
UIToolkitHandler:0.035465065
