PackageResourceLoader:0.45
DrawableResourceLoader:0.3933333333333333
DrawableResourceLoaderNoRunnerTest:0.36666666666666664
TestUtil:0.36
PackageResourceLoaderTest:0.12333333333333334
DirectoryMatchingFilter:0.006666666666666667
