JingleFileTransferSession:0.5061111111111112
FileMediaManager:0.43666666666666665
JingleFileTransferManager:0.33
