QueryHintEntityGraphTest:0.35333333333333333
Oracle10gDialect:0.2966666666666667
Company:0.264
Location:0.264
