Overlay:0.58
EditorOverlay:0.4666666666666667
AppliConfiguration:0.38
EditorLayer:0.37333333333333335
EditorLayerWrapper:0.30666666666666664
CommonConfiguration:0.2733333333333333
BackgroundImage:0.26666666666666666
SymbolsEditor:0.23666666666666666
EditorEngine:0.23666666666666666
EditorPanel:0.23333333333333334
ARINCSettings:0.23333333333333334
SymbolEditorRenderer:0.21333333333333335
GenericDialog:0.18666666666666668
MenuFactory:0.18555555555555556
EditorMenuFactory:0.14
ClickListener:0.14
EditorGrid:0.10333333333333333
BackgroundTranspDialog:0.01
BackgroundDialog:0.01
