BaseCAToken:0.7833333333333333
SoftCAToken:0.27666666666666667
