ClientTypeSignatureParameter:0.7233333333333334
ClientTypeSignature:0.7066666666666667
TestExecuteResource:0.23333333333333334
ClientTypeSignatureParameterDeserializer:0.02666666666666667
