Checkout:0.5866666666666667
CheckoutFinishingTask:0.48
CheckoutController:0.36
FinishUnfinishedOrdersJoblet:0.19666666666666666
SendEmailsTask:0.15333333333333332
UpdateStockTask:0.02666666666666667
