Version:0.52
TransportExecutorTest:0.38666666666666666
ShardStatsTest:0.30333333333333334
UnassignedShardsCollectService:0.22666666666666666
