DBPort:0.5333333333333333
DBTCPConnector:0.2733333333333333
JavaClientTest:0.26666666666666666
SecondaryReadTest:0.25333333333333335
Position:0.22333333333333333
OutputBuffer:0.21666666666666667
PoolOutputBuffer:0.21
DBApiLayer:0.19666666666666666
MyCollection:0.19
DBTCPConnectorTest:0.17666666666666667
DBTests:0.15
InUseConnectionBean:0.13333333333333333
ActiveState:0.13333333333333333
MongoClientTest:0.12
DBPortTest:0.115
DBTest:0.11111111111111109
MongoDuplicateKeyException:0.11
WriteConcernException:0.056666666666666664
DuplicateKey:0.03527777777777778
Operation:0.02
