Person:0.39
Task:0.38333333333333336
TaskManager:0.36333333333333334
PersonDialog:0.28
DriveGroundVehicle:0.25666666666666665
TravelToSettlement:0.11333333333333333
VirtualMars:0.10833333333333334
RepairMechanicalFailure:0.08
MaintainVehicle:0.07333333333333333
TendGreenhouse:0.06666666666666667
EatMeal:0.04
Relax:0.03666666666666667
Sleep:0.03666666666666667
