PseudoEpsgFactory:0.49666666666666665
Key:0.34888888888888886
Series2000Test:0.31666666666666665
ObjectFactoryTest:0.26
