SaveOptionsWidget:0.48333333333333334
GedcomWriter:0.4796666666666667
ActionSave:0.2866666666666667
