PerformanceNavigation:0.801
JavaScriptEngine:0.6047222222222223
HostConstantsTest:0.31333333333333335
