Gate:0.6466666666666666
OrthoMatcher:0.35
TestBumpyStack:0.30333333333333334
Parameter:0.24916666666666668
TestGate:0.16777777777777778
NodeRenderer:0.13666666666666666
