ImgurOAuthServiceImpl:0.24055555555555552
FacebookApi:0.20333333333333334
ImgurApi:0.17666666666666667
OdnoklassnikiApi:0.17666666666666667
TutByApi:0.16333333333333333
MailruApi:0.16333333333333333
MailruOAuthServiceImpl:0.1162777777777778
OdnoklassnikiServiceImpl:0.1162777777777778
TutByOAuthServiceImpl:0.07722222222222222
