Connection:0.43
HazelcastClient:0.41333333333333333
Call:0.3933333333333333
HazelcastClientClusterTest:0.36
ConnectionManager:0.3333333333333333
DynamicClusterTest:0.2733333333333333
OutRunnable:0.22333333333333333
ClusterClientProxy:0.21333333333333335
InRunnable:0.20666666666666667
SelectorBase:0.16
PacketReader:0.14833333333333334
PacketWriter:0.14666666666666667
IORunnable:0.13
DefaultClientBinder:0.07333333333333333
PacketHandler:0.0
