FGProvider:0.5333333333333333
PlaybackReader:0.4766666666666667
TICDialog:0.3933333333333333
CycleRunnable:0.0
