IInterpreter:0.84
RubyRuntime:0.45
RubyInterpreter:0.4066666666666667
EditInterpreterDialog:0.23
RubyEnvironmentTab:0.22333333333333333
PreferenceConstants:0.21666666666666667
RubyInterpreterLabelProvider:0.185
TC_RubyApplicationShortcut:0.18
RubyInterpreterPreferencePage:0.17666666666666667
RubyInvoker:0.16
RIView:0.14666666666666667
InterpreterRunner:0.11333333333333333
TC_RubyRuntime:0.10666666666666667
FTC_DebuggerLaunch:0.09666666666666666
ShamRubyRuntime:0.09
TC_RubyInterpreter:0.06666666666666667
RiDocHoverProvider:0.06666666666666667
