BoundedLocalCache:0.7366666666666667
CacheContext:0.46
BoundedLocalCacheTest:0.26666666666666666
CacheValidationListener:0.23333333333333334
