RealmBuilder:0.42333333333333334
NettyAsyncHttpProvider:0.3566666666666667
NTLMEngine:0.31
AuthenticatorUtils:0.2271111111111111
PostWithQSTest:0.21333333333333335
RequestImpl:0.19111111111111112
RequestBuilderBase:0.17666666666666667
EchoHandler:0.14666666666666667
AsyncHttpUrlConnection:0.1
