Notify:0.6955555555555555
FileNotify:0.39666666666666667
DatabaseNotify:0.38666666666666666
AbstractNotify:0.3466666666666667
