NameTable:0.4533333333333333
StatementGeneratorTest:0.36666666666666664
ObjectiveCHeaderGeneratorTest:0.2866666666666667
Types:0.27
StatementGenerator:0.26666666666666666
CastResolverTest:0.25
TypeDeclarationGenerator:0.21333333333333335
