XacmlName:0.8533333333333334
RDFName:0.4166666666666667
