WebKeys:0.7266666666666667
AbstractEntryProcessor:0.41333333333333333
WebHelper:0.3
ListFolderController:0.26
ViewEntryController:0.18333333333333332
WorkspaceTreeController:0.18333333333333332
ViewFileController:0.11333333333333333
