AbstractCacheRecordStore:0.5433333333333333
CacheConfig:0.41
CacheRecordStore:0.25
ICacheRecordStore:0.2275
CacheService:0.22333333333333333
