AbstractExtensionContext:0.3466666666666667
MethodTestDescriptor:0.30666666666666664
ClassTestDescriptor:0.30666666666666664
AfterEachMethodAdapter:0.13217857142857142
BeforeEachMethodAdapter:0.13217857142857142
