ShamFile:0.49
ShamFolder:0.4533333333333333
ShamProject:0.4266666666666667
ShamResource:0.38666666666666666
ShamContainer:0.36666666666666664
Location:0.36333333333333334
IndexUpdater:0.3566666666666667
Predicate:0.3272804232804233
IFileProvider:0.27051984126984113
TC_SymbolIndex:0.26
SymbolIndex:0.26
CleanRdtCompiler:0.22666666666666666
TC_IndexUpdater:0.21333333333333335
ShamSymbolIndex:0.20111111111111113
ShamMarkerManager:0.17
ShamResourceDelta:0.17
ListUtil:0.16666666666666666
RubyCodeAnalyzer:0.16
RubySearchResultPage:0.15333333333333332
RubyBuilder:0.14
TC_GroupByScopeStrategy:0.13333333333333333
TC_MassIndexUpdater:0.12666666666666668
AbstractRdtTestCase:0.12666666666666668
TC_SymbolIndexResourceEventListener:0.12333333333333334
ShamMonitor:0.11333333333333333
ShamSingleCompiler:0.10666666666666667
TC_Location:0.09
IncrementalRdtCompiler:0.08666666666666667
GroupByPathStrategy:0.08333333333333333
AbstractRdtCompiler:0.05333333333333334
TC_CleanRdtCompiler:0.04
TC_RubySearchTreeContentProvider:0.03666666666666667
TC_IncrementalRdtCompiler:0.02666666666666667
TC_RubyCodeAnalyzer:0.01
TS_InternalCoreBuilder:0.0033333333333333335
ContainedByProject:0.0033333333333333335
SetUtil:0.0
PathEqualsPredicate:0.0
