I18NPlug:0.75
SextanteToolboxPlugin:0.21
SextanteHistoryPlugin:0.1813888888888889
SextanteResultsPlugin:0.1813888888888889
SextanteCommandLinePlugin:0.1813888888888889
SextanteModelerPlugin:0.1813888888888889
