MetaModel:0.5655555555555556
JPAPersistenceProvider:0.36333333333333334
BasePOJOPersistenceProvider:0.2633333333333333
HibernatePersistenceProvider:0.23666666666666666
