WaveFormBuffer:0.3678888888888889
WaveformArea:0.3566666666666667
WaveFormChannel:0.35
SVGCreator:0.2966666666666667
WaveformTemplate:0.29503968253968255
WaveformGroup:0.25333333333333335
FOPCreator:0.21
WaveForm8Buffer:0.15666666666666668
WaveformFlowTemplate:0.14944444444444444
TwelveLeadTemplate:0.14944444444444444
WaveformTemplateFactory:0.12
WaveForm16Buffer:0.11333333333333333
WaveformScalingInfo:0.06666666666666667
