VanillaChronicleMap:0.34
AbstractChronicleMapBuilder:0.3
Segment:0.27666666666666667
ReplicatedChronicleMap:0.22666666666666666
EntryCountMapTest:0.17
