PendingPut:0.58
PutFromLoadValidator:0.39
PutFromLoadValidatorUnitTestCase:0.2633333333333333
OptimisticTransactionalAccessDelegate:0.26
TransactionalAccessDelegate:0.23666666666666666
PendingPutMap:0.17722222222222223
