HTMLElement:0.71
ComputedCSSStyleDeclaration:0.3933333333333333
HTMLElementTest:0.38666666666666666
HTMLElement2Test:0.23
