EventHelper:0.47
InvokeEditShareRightsDlgEvent:0.44666666666666666
ShareThisDlg:0.42
ShareRightsWidget:0.22666666666666666
