GwtClientHelper:0.8833333333333333
FileFolderWidget:0.22
FolderWidget:0.19333333333333333
EntryWidget:0.12
MyTasksWidget:0.05333333333333334
TaskFolderWidget:0.05
ListWidget:0.04666666666666667
