ClientConductor:0.5566666666666666
MappingBufferUsageStrategy:0.4
IdentifiedBuffer:0.3566666666666667
BufferUsageStrategy:0.16083333333333333
