FileUploadPlugin:0.25888888888888884
EditBlogTemplatesPlugin:0.23
EditBlogPluginsPlugin:0.15
EditBlogFlavorsPlugin:0.15
EditBlogAuthorizationPlugin:0.15
EditBlogUsersPlugin:0.013333333333333334
