JtdsResultSet:0.6233333333333333
JtdsCallableStatement:0.4766666666666667
JtdsStatement:0.31666666666666665
JtdsPreparedStatement:0.27
