Builder:0.6133333333333333
ZooKeeperRegistrarService:0.48
ZooKeeperRegistrarServiceTest:0.31666666666666665
AgentService:0.2
MasterService:0.17333333333333334
Update:0.14333333333333334
