ConvolutionLayer:0.6966666666666667
ConvolutionUtils:0.43333333333333335
TestInvalidConfigurations:0.22333333333333333
