Jedis:0.8466666666666667
BinaryJedis:0.45666666666666667
Pool:0.44333333333333336
JedisShardInfo:0.28
JedisPool:0.18
ShardedJedisPoolTest:0.06666666666666667
JedisTest:0.02666666666666667
JedisPoolTest:0.02
