PropagateAnnotation:0.7233333333333334
PropagateAnnotationsToGenes:0.6366666666666667
