InvitationDialog:0.7216666666666667
ChatView:0.5666666666666667
