LoopRegionVisitor:0.45666666666666667
InsnGen:0.43666666666666665
CodeArea:0.22666666666666666
SSATransform:0.22666666666666666
