Table:0.5028333333333334
SelectImpl:0.4533333333333333
AbstractTable:0.36
JoinTable:0.36
SelectJoinStep:0.24666666666666667
