AbsTaskQueue:0.2733333333333333
DownloadGroupTaskQueue:0.24666666666666667
DownloadTaskQueue:0.24666666666666667
FtpDownloadActivity:0.24666666666666667
ITaskQueue:0.24666666666666667
SimpleDownloadUtil:0.24666666666666667
AbsSchedulers:0.24666666666666667
DownloadReceiver:0.24666666666666667
UploadTaskQueue:0.24666666666666667
AbsFtpInfoThread:0.24666666666666667
FtpDownloadTarget:0.24333333333333335
WaitTaskThread:0.19333333333333333
AbsNormalCmd:0.16
ResumeAllCmd:0.15333333333333332
StartCmd:0.13666666666666666
