Keyboard:0.8716666666666667
KeyboardTest:0.2966666666666667
