QueryTest:0.39666666666666667
MProxyReal:0.35
AddMapIndex:0.2966666666666667
MapIndexService:0.23444444444444448
QueryException:0.2
