SearchSourceBuilder:0.5233333333333333
AggregatorParsers:0.2866666666666667
MovAvgPipelineAggregationBuilder:0.2866666666666667
AllocationCommands:0.18666666666666668
ParseFieldRegistry:0.16
