HopDataManager:0.44333333333333336
AssignmentStep:0.28
MoveStep:0.28
SodbeansSoundMap:0.18222222222222223
