ScriptService:0.4825
ESIntegTestCase:0.4633333333333333
ESSingleNodeTestCase:0.2966666666666667
AbstractSortTestCase:0.2833333333333333
ScriptServiceTests:0.16333333333333333
