Materialisation:0.7466666666666667
PatternShape:0.4633333333333333
PatternShapeMorphism:0.16666666666666666
MySortedList:0.07333333333333333
