TransactionTransformer:0.45
ChadoTransactionTransformer:0.3566666666666667
Transaction:0.3333333333333333
TransactionManager:0.32
AnnotationEditor:0.28833333333333333
TransactionOutputAdapter:0.22333333333333333
CompoundTransaction:0.21333333333333335
ChadoXmlWrite:0.21333333333333335
JDBCTransactionWriter:0.2
ChadoAdapter:0.19666666666666666
ChadoTransactionXMLWriter:0.19
GAMEAdapter:0.1875
JDBCTransactionLoader:0.17
TestTransactions:0.14
TestJDBCTransactions:0.11
