SpatialFilter:0.5266666666666666
SpatialIndexWriter:0.38333333333333336
WithinUpdater:0.3781693121693122
ReprojectingFilterVisitor:0.2941666666666667
FullScanFilter:0.29194444444444445
RenameGeometryPropertyNameVisitor:0.213
Geonetwork:0.17333333333333334
OgcGenericFilters:0.10333333333333333
ContainsFilter:0.006666666666666667
TouchesFilter:0.006666666666666667
OverlapsFilter:0.006666666666666667
WithinFilter:0.006666666666666667
IsFullyOutsideOfFilter:0.006666666666666667
CrossesFilter:0.006666666666666667
EqualsFilter:0.006666666666666667
IntersectionFilter:0.006666666666666667
