MetaWeblogAPIHandler:0.7183333333333334
BloggerAPIHandler:0.49694444444444447
