ExecutionService:0.7233333333333334
ExecutionServiceDelegate:0.31166666666666665
JbpmExecutionServiceBean:0.2866666666666667
JbpmHtmlTaskFormParser:0.26
JbpmExecutionLogic:0.21
ExecutionServiceDelegateLocalImpl:0.19
ExecutionServiceDelegateRemoteImpl:0.19
EnvBaseImpl:0.15666666666666668
