ReplaySession:0.48
ArchiveUtil:0.4266666666666667
ArchiveConductor:0.36666666666666664
ReplaySessionTest:0.3333333333333333
