displayStructureAsPDFTable:0.3333333333333333
CreatePDFWith2DStructures:0.2833333333333333
SimpleKMeansWorker:0.25666666666666665
ReactionEnumerator:0.25133333333333335
displayStructure:0.22
CreatePNGWith2DStructures:0.21666666666666667
CreateJPGWith2DStructures:0.21666666666666667
EMClusterWorker:0.19666666666666666
ExtractClusterResultWorker:0.19666666666666666
