BasicAclEntryVoterTests:0.5666666666666667
AbstractAclVoter:0.3933333333333333
