Constants:0.66
ConfigManager:0.5066666666666667
RESTConnector:0.37333333333333335
ExternalConfigManager:0.21333333333333335
RESTPreferencePage:0.14666666666666667
RESTServices:0.14
RESTStartStopHandler:0.13333333333333333
RuntimeRESTConnector:0.11333333333333333
PreferencesHandler:0.07666666666666666
ExternalConnector:0.03666666666666667
PreferencesDialog:0.02666666666666667
