ClasspathHelper:0.41
Utils:0.3616666666666667
ConfigurationBuilder:0.3204444444444444
Vfs:0.31333333333333335
Reflections:0.30666666666666664
Store:0.26666666666666666
JavaCodeSerializer:0.205
ReflectionUtils:0.2
VfsTest:0.19333333333333333
TypeElementsScanner:0.13166666666666665
