Settings:0.6233333333333333
EmailTest:0.3466666666666667
AbstractBurster:0.27444444444444444
SettingsTest:0.13
BursterSettings:0.03333333333333333
