ThriftIndexPageSource:0.59
ThriftPageSource:0.5466666666666666
ThriftIndexProvider:0.23
ThriftConnectorIndex:0.22666666666666666
ThriftModule:0.20666666666666667
ThriftPageSourceProvider:0.19333333333333333
TestThriftIndexPageSource:0.17666666666666667
