EntityBinding:0.5866666666666667
DiscriminatorBindingState:0.43444444444444447
EntityDiscriminator:0.31333333333333335
RootEntityBinder:0.22
EntityBinder:0.03666666666666667
HbmDiscriminatorBindingState:0.019444444444444445
DiscriminatorBindingStateImpl:0.0
