DualNodeJtaTransactionManagerImpl:0.6233333333333333
BasicRegionAdapter:0.38916666666666666
PessimisticIsolatedClassLoaderTest:0.34
ClassLoaderTestDAO:0.27249999999999996
IsolatedCacheTestSetup:0.2
