Val:0.8633333333333333
UDTConstant:0.2833333333333333
