User:0.44555555555555554
UserActionTestBase:0.33
UserAction:0.22333333333333333
RestActionConfig:0.06
