BackupAlg:0.4866666666666667
Graph:0.36
ClassUtil:0.2966666666666667
HandlerInfo:0.26666666666666666
TargetChoiceGenerator:0.26027777777777783
ExceptionHandlerUtil:0.24
INVOKESPECIAL:0.15444444444444444
NewWorkerMsg:0.1
INVOKETARGET:0.07
ClassProxy:0.0033333333333333335
