TestClassMethodsRunner:0.5422222222222222
RunNotifier:0.2833333333333333
ErrorReportingRunner:0.2783333333333333
