Repository:0.4633333333333333
Net:0.4033333333333333
DeskletLoader:0.30666666666666664
DownloadInfo:0.26
PluginInstaller:0.17333333333333334
