TableViewSetupFormActionTest:0.4533333333333333
AddOpenTasksTable:0.22666666666666666
WfScriptServiceTestHelper:0.21333333333333335
WFRunaHibernateInterceptor:0.2
ExecutionServiceDelegateTimerTest:0.14333333333333334
DynamicFieldsTableRename:0.09666666666666666
