WebClient:0.81
HtmlForm:0.2833333333333333
HTMLIFrameElementTest:0.21666666666666667
