TabbedPane:0.36333333333333334
JClass:0.36
MainWindow:0.2833333333333333
JNode:0.27666666666666667
Position:0.27
Link:0.2517063492063492
JRoot:0.22
LineNumbers:0.21333333333333335
OverlayIcon:0.17
JadxWrapper:0.14666666666666667
