MathUtils:0.83
VPTree:0.5066666666666667
VpTreeNodeTest:0.06666666666666667
