EventTableModel:0.52
MissionTab:0.4166666666666667
MonitorWindow:0.3466666666666667
UnitTab:0.17314814814814813
