CudnnLocalResponseNormalizationHelper:0.31333333333333335
CudnnConvolutionHelper:0.29
CudnnSubsamplingHelper:0.26666666666666666
CudnnBatchNormalizationHelper:0.26
