Alarm:0.7
Dashboard:0.39666666666666667
SurveillanceLoader:0.2833333333333333
SurveillanceDashlet:0.20333333333333334
AlarmView:0.15666666666666668
SurveillanceServiceAsync:0.14333333333333334
AlarmLoader:0.11333333333333333
Dashlet:0.09
SurveillanceService:0.08866666666666667
AlarmDashlet:0.07666666666666666
NodeStatusDashlet:0.05333333333333334
DefaultSurveillanceService:0.04666666666666667
NotificationDashlet:0.03333333333333333
GraphDashlet:0.03333333333333333
OutageDashlet:0.023333333333333334
SurveillanceSet:0.017388888888888888
