ActualProperties:0.5633333333333334
Rewriter:0.46
TableScanNode:0.20333333333333334
AddExchanges:0.14
