MetaDataCreateIndexService:0.4766666666666667
MetaDataIndexTemplateServiceTests:0.3466666666666667
ClusterModuleTests:0.30333333333333334
MetaDataCreateIndexServiceTests:0.27
ClusterModule:0.24
