MockHiveMetastoreClient:0.4666666666666667
CachingHiveMetastore:0.41333333333333333
ShardDropJob:0.19666666666666666
DropJob:0.18083333333333335
