User:0.7433333333333333
ServiceRequestImpl:0.2188888888888889
TestingServiceRequest:0.20666666666666667
Authentication:0.2
TestUser:0.16
VFSServlet:0.12666666666666668
