FileUtils:0.5233333333333333
ElasticsearchRestTestCase:0.47333333333333333
RestSpec:0.26666666666666666
FileUtilsTests:0.25333333333333335
