HTMLElement:0.73
Document:0.45666666666666667
PrototypeTest:0.3233333333333333
HTMLElementTest:0.23
