LocusTable:0.6216666666666667
GeneTable:0.5633333333333334
