NDArray:0.71
NDArrayFactory:0.6141666666666666
NDArrays:0.4266666666666667
ArrayUtil:0.4166666666666667
RBMTest:0.28
JblasNDArrayFactory:0.17
NDArrayTests:0.06666666666666667
