UpdateQuery:0.5261666666666667
jOOQAbstractTest:0.41333333333333333
UpdateQueryImpl:0.37
InsertUpdateTests:0.27
BaseTest:0.16333333333333333
UpdateImpl:0.1
