jOOQAbstractTest:0.49
AbstractRecord:0.38333333333333336
FetchTests:0.2866666666666667
TransferRecordState:0.17666666666666667
