HelpGenerator:0.41333333333333333
ItemResource:0.37333333333333335
MaintenanceEntity:0.22666666666666666
Part:0.21666666666666667
GoodsUtil:0.19666666666666666
PartConfig:0.14333333333333334
TestItemResource:0.09166666666666666
