Buffer:0.58
TokenHandler:0.4852380952380953
TokenMarker:0.36333333333333334
DummyTokenHandler:0.24940873015873027
TextUtilities:0.22111111111111115
TokenList:0.17
DefaultTokenHandler:0.07
