ArgumentTransformations:0.7283333333333334
ProduceImplicit:0.43083333333333335
