TypeDescriptor:0.3826111111111111
HopLexer:0.37666666666666665
HopParser:0.30666666666666664
HopSymbolTableWalker:0.22916666666666666
DFA27:0.19000000000000003
TypeCheckerResult:0.15333333333333332
TypeChecker:0.14333333333333334
DFA10:0.08666666666666667
Result:0.06666666666666668
