TabHttpSessionHelper:0.7166666666666667
TabHeaderTag:0.37666666666666665
LoginAction:0.21
