WebKeys:0.560484126984127
AjaxController:0.47333333333333333
EventsViewHelper:0.42333333333333334
ListFolderHelper:0.35333333333333333
Grid:0.08333333333333333
