SamplesUtil:0.4766666666666667
Ping:0.4766666666666667
EmbeddedPingPong:0.4
NewConnectionHandler:0.3687222222222222
