AddGeneAlleleLinking:0.7033333333333334
AlleleBeanTest:0.4866666666666667
GeneAlleleLinkingTable:0.21173015873015874
