MTGExport:0.6966666666666667
MTGKeys:0.5666666666666667
