CSPA:0.5366666666666666
PathNumbering:0.3566666666666667
CSPAResults:0.32666666666666666
ThreadRootMap:0.14666666666666667
