A:0.46
InjectorImpl:0.41333333333333333
B:0.412
CircularDependencyTest:0.3433333333333333
D2:0.3272804232804233
C2:0.3272804232804233
Scoping:0.20666666666666667
InternalFactoryToProviderAdapter:0.19333333333333333
BoundProviderFactory:0.18
E:0.15666666666666668
BindingProcessor:0.14
AImpl:0.05888888888888888
BImpl:0.043333333333333335
C2P:0.03333333333333333
D2P:0.03333333333333333
BP:0.02666666666666667
AP:0.02666666666666667
AutoAP:0.0
