GwtMainPage:0.44
InvokeSimpleProfileEvent:0.33666666666666667
InvokeHelpEvent:0.2633333333333333
EventHelper:0.25733333333333336
ActivityStreamUIEntry:0.22
MastHead:0.18472222222222223
