BlobStoreRepository:0.6119444444444444
MockAmazonS3:0.31333333333333335
SnapshotStateExecutor:0.23666666666666666
