StandardStructure:0.43333333333333335
DailyDate:0.41
SeasonEpisodeScheduler:0.35333333333333333
SeasonEpisode:0.3233333333333333
