EndEntityProfileSession:0.6730555555555556
EndEntityProfileSessionBean:0.38
RAInterfaceBean:0.36
InformationMemory:0.27666666666666667
RAAuthorization:0.25666666666666665
