PaymentChannelServerState:0.5644444444444445
WalletProtobufSerializerTest:0.4766666666666667
TestWithWallet:0.4166666666666667
