Redisson:0.5
RedissonClient:0.42
CommandDecoder:0.2966666666666667
JsonJacksonCodec:0.19666666666666666
ThrowableMixIn:0.0961111111111111
