AggregationTest:0.3933333333333333
SumAggregationTest:0.25
AverageAggregationTest:0.25
AnyAggregationTest:0.24333333333333335
MinimumAggregationTest:0.24333333333333335
CountAggregationTest:0.24333333333333335
MaximumAggregationTest:0.24333333333333335
