SeqFeature:0.61
GenomicRange:0.38666666666666666
GAMESequence:0.3333333333333333
