JsfViewFactory:0.3933333333333333
FlowFacesContext:0.38333333333333336
JsfView:0.36666666666666664
JSFMockHelper:0.225
FlowViewHandler:0.17666666666666667
JSFMock:0.17666666666666667
JsfViewFactoryTests:0.17
JsfViewTests:0.16666666666666666
JSFFlowExecutionTests:0.16
FlowLifecycle:0.15166666666666667
FlowFacesContextTests:0.13666666666666666
FlowActionListener:0.13666666666666666
JsfUtils:0.12666666666666668
JsfViewFactoryCreator:0.10666666666666667
FlowViewStateManager:0.03666666666666667
TreeStructureManager:0.03666666666666667
JsfFinalResponseActionTests:0.016666666666666666
JsfFinalResponseAction:0.016666666666666666
