ShapeRenderer:0.7163333333333335
LwjglDebugStarter:0.21333333333333335
