ReverseEngineeringTest:0.4116666666666667
RepositioryHelper:0.4033333333333333
DictionarySubjectAreaSerializer:0.38
AbstractConnectionTest:0.07333333333333333
RepositoryIOTest:0.008888888888888889
