VssElement:0.7483333333333333
VSSElementTest:0.37333333333333335
