NameBearerHandle:0.47333333333333333
ReloadClassAction:0.38777777777777783
SaveCorpusAsXmlAction:0.34
