HtmlTextArea:0.4266666666666667
HtmlTextInput:0.34
HtmlPasswordInputTest:0.28
HtmlPasswordInput:0.25666666666666665
HtmlTextInputTest:0.24666666666666667
HtmlTextInput2Test:0.22666666666666666
SelectionDelegate:0.2
HtmlTextArea2Test:0.18
