InputType:0.5933333333333334
EarlyStoppingListener:0.26411111111111113
GraphBuilder:0.24333333333333335
ElementWiseVertex:0.1888888888888889
SubsetVertex:0.1888888888888889
LayerVertex:0.17777777777777778
MergeVertex:0.17777777777777778
PreprocessorVertex:0.17555555555555558
LastTimeStepVertex:0.17555555555555558
