SessionFactoryFactory:0.5733333333333334
MockDAO:0.3333333333333333
AbstractDAO:0.32
HibernateBundle:0.25333333333333335
PersonDAO:0.16666666666666666
