WanSyncStateImpl:0.7166666666666667
WanSyncState:0.5736666666666667
MemberStateImplTest:0.18333333333333332
