BooleanObj:0.16666666666666666
SphereObj:0.08444444444444445
CSObj:0.051111111111111114
