Trigger:0.48
TriggerRouterService:0.41
FormatUtils:0.33666666666666667
TriggerHistory:0.31666666666666665
