SubscriptVisitorTest:0.42
SelectStatementAnalyzerTest:0.3761111111111111
SubscriptVisitor:0.32666666666666666
