WorkspaceOperations:0.43933333333333335
RenameBotStationDialog:0.4033333333333333
ImportBotElementWizardPage:0.35333333333333333
ImportBotWizardPage:0.32
ImportBotTaskWizardPage:0.23333333333333334
ConfigChange:0.17333333333333334
ImportBotStationWizardPage:0.12666666666666668
