Responder:0.8522222222222222
FormResponder:0.42333333333333334
