Location:0.67
MatchApplier:0.6133333333333333
Simulator:0.43666666666666665
StateGenerator:0.41333333333333333
ControlState:0.4066666666666667
LTLBenchmarker:0.36
MatchSetCollector:0.3433333333333333
Generator:0.34
AbstractModelCheckingStrategy:0.29
ExploreStateStrategy:0.2733333333333333
SystemRecord:0.26666666666666666
ControlStateCache:0.25244444444444447
AutomatonBuilder:0.25
TypePanel:0.24666666666666667
AbstrStateGenerator:0.24
BranchingStrategy:0.19666666666666666
ExploreSingleTransitionDFStrategy:0.19
LinearStrategy:0.18166666666666667
AbstractStrategy:0.18
BoundedNestedDFSStrategy:0.17
ControlledStrategy:0.14333333333333334
ExploreRuleDFStrategy:0.14333333333333334
ExploreStateDFStrategy:0.13666666666666666
ClosingStrategy:0.13333333333333333
LinearConfluentRules:0.12
ControlAttributeParametersTest:0.08666666666666667
NestedDFSStrategy:0.08
BoundedNestedDFSPocketStrategy:0.05333333333333334
StrategyEnumerator:0.023333333333333334
RuleEventApplier:0.006666666666666667
