TestFragmentTransaction:0.68
TestFragmentManager:0.5066666666666667
FragmentManagerTest:0.15666666666666668
FragmentTransactionTest:0.12333333333333334
