EditMissionDialog:0.2733333333333333
NewTransportItemDialog:0.26666666666666666
CreateMissionWizard:0.2633333333333333
ModalInternalFrame:0.20666666666666667
ModifyTransportItemDialog:0.14
