IssueServiceImpl:0.7483333333333333
ProjectServiceImpl:0.4511111111111111
