CannotContinueConversationException:0.5830555555555555
ContinuationFlowExecutionRepository:0.38333333333333336
SimpleFlowExecutionRepository:0.31333333333333335
