Commentator:0.6833333333333333
GeneEditPanel:0.5733333333333334
