UIComponentsFactory:0.7669444444444444
JFXComponentsExtractor:0.5597222222222222
