Target:0.41833333333333333
Template:0.36
ReferenceAbstract:0.35333333333333333
ReferenceDDLUtils:0.3277777777777778
TemplateTarget:0.32666666666666666
BusinessModel:0.22666666666666666
ReferenceUtils:0.22
EnrichmentUtils:0.20666666666666667
TechnologyCatalogUtils:0.19
