WebApplication:0.49333333333333335
ActionConfigSet:0.44333333333333336
ActionsManager:0.41
ActionPathMacroInjector:0.11666666666666667
