OkApacheClient:0.5966666666666667
HttpEntityBody:0.39
OkApacheClientTest:0.19333333333333333
