LoadVehicle:0.9166666666666666
UnloadVehicle:0.16666666666666666
