DistributedPollerService:0.7533333333333333
LocationMonitorIdCommand:0.5366666666666666
LocationMonitorDetailsController:0.38
LocationMonitorListModel:0.19
DefaultDistributedPollerService:0.17
LocationMonitorPauseController:0.08638888888888888
LocationMonitorDeleteController:0.08638888888888888
LocationMonitorResumeController:0.06305555555555555
LocationMonitorIdValidator:0.02666666666666667
LocationMonitorListController:0.0
