NodeExtension:0.75
MemoryStats:0.6033333333333334
LocalMemoryStatsImpl:0.36666666666666664
HazelcastInstanceImpl:0.32666666666666666
HealthMetrics:0.2325
HealthMonitorThread:0.20333333333333334
HealthMonitor:0.2
LocalMemoryStatsImplTest:0.15666666666666668
DefaultNodeExtension:0.15
DefaultMemoryStats:0.12666666666666668
BaseMemoryStats:0.10666666666666667
HeapMemoryStats:0.03333333333333333
