OutputModelFactory:0.5533333333333333
BlankOutputModelFactory:0.3233333333333333
OutputModelController:0.28
CodeGeneratorExtension:0.21666666666666667
ParserFactory:0.16666666666666666
RewriteRuleRef:0.04833333333333333
