IndexMetaData:0.61
Builder:0.42833333333333334
SharedClusterSnapshotRestoreTests:0.24
RestoreService:0.22
MetaDataCreateIndexService:0.18333333333333332
MetaDataUpdateSettingsService:0.17666666666666667
MetaDataIndexTemplateService:0.17333333333333334
IndexSettingsService:0.16666666666666666
ImmutableSettingsTests:0.11
