DefaultBroadcaster:0.5722222222222222
IOUtils:0.4033333333333333
HeartbeatInterceptor:0.3566666666666667
