Actor:0.6733333333333333
Mailbox:0.33666666666666667
Migrator:0.2652380952380952
ActorImpl:0.24333333333333335
RemoteActor:0.20666666666666667
JMXActorsMonitor:0.2
BasicActor:0.18333333333333332
SelectiveReceiveHelper:0.17333333333333334
Migrant:0.16
GlxMigrator:0.14333333333333334
Main:0.07666666666666666
MigrationService:0.056666666666666664
SerializedMailbox:0.05
