ExternalValueTests:0.6577777777777778
ExternalValueMethodInterceptor:0.3854444444444444
