BeanFactory:0.42333333333333334
ConstraintException:0.32666666666666666
Login:0.28
DbConnectionBroker:0.2625
DisplayArticle:0.21000000000000002
PubServlet:0.16666666666666666
DatabaseAccessException:0.1025
Main:0.043333333333333335
DatabaseDriverNotFoundException:0.0325
