Connection:0.47
URLConnectionTest:0.3566666666666667
Policy:0.2678730158730158
HttpURLConnectionImpl:0.2633333333333333
HttpEngine:0.26
HttpsURLConnectionImpl:0.24666666666666667
HttpsEngine:0.20666666666666667
