PercolateStats:0.5766666666666667
PercolatorQueriesRegistry:0.37666666666666665
PercolatorTests:0.37333333333333335
ShardPercolateService:0.19666666666666666
Fields:0.14622222222222223
ShardLifecycleListener:0.12666666666666668
