Select:0.34
RangeIterator:0.29777777777777775
Parser:0.29333333333333333
RangeVariableResolver:0.28444444444444444
FullRangeIterator:0.2277777777777778
RangeVariable:0.20333333333333334
DateTimeType:0.20333333333333334
