ClientRegistration:0.6666666666666666
Builder:0.4266666666666667
NimbusAuthorizationCodeTokenExchanger:0.32
OAuth2LoginAuthenticationFilter:0.30333333333333334
