SeqPanel:0.36666666666666664
SeqFillPanel:0.29333333333333333
AlignmentPanel:0.23
SeqCanvas:0.22333333333333333
IdCanvas:0.14333333333333334
ScrollFillPanel:0.14
