JUnitMatchers:0.53
WithDataPointMethod:0.3233333333333333
Assume:0.24833333333333332
