ParContentProvider:0.741388888888889
ProcessDefinition:0.5533333333333333
ProcessEditorBase:0.33666666666666667
OpenFormJSAction:0.1
DeleteFormJSAction:0.1
