ParserConfig:0.525
DefaultJSONParser:0.5166666666666667
MapSerializerTest:0.26666666666666666
SerializeConfig:0.2
