VideoResource:0.5915021
FAFileResource:0.4939167
AudioResource:0.43012226
ColorResource:0.41763452
FontResource:0.390251
SZAResource:0.33231124
ImageResource:0.23933318
ChipResource:0.21267936
ResourceFactory:0.1895607
ResourceManager:0.03560063
ResourceMapping:0.02165896
