Resource:0.24426769
FontResource:0.2082192
VideoResource:0.20470586
ColorResource:0.1838345
FAFileResource:0.1714064
AudioResource:0.16792737
SZAResource:0.11306044
ChipResource:0.108514525
ImageResource:0.10357445
