SearchContext:0.83
SearchService:0.3433333333333333
SearchServiceTransportAction:0.23666666666666666
SearchWarmer:0.17055555555555554
Reaper:0.1025
