SimpleAttribute:0.36666666666666664
EntityBinder:0.36666666666666664
ConfiguredClass:0.2866666666666667
MappedAttribute:0.25333333333333335
AttributeOverride:0.22666666666666666
MappedSuperclassTests:0.14
