Library:0.47333333333333333
SessionInterface:0.4172222222222222
CharacterType:0.3433333333333333
Session:0.30333333333333334
StatementDMQL:0.2833333333333333
Routine:0.25333333333333335
FunctionCustom:0.25333333333333335
BooleanType:0.24666666666666667
TestMultiInsert:0.24166666666666667
ClientConnection:0.23333333333333334
TestUtil:0.22
StringUtil:0.19
LobManager:0.17333333333333334
