MOrder:0.52
PrinterDriver:0.501984126984127
X_C_Order:0.43
PayDialog:0.35
X_C_POSQueue:0.22333333333333333
PosPanel:0.19
PosProcessor:0.18
CalloutTicket:0.15
PosModel:0.10666666666666667
EpsonPrinterDriver:0.04833333333333333
PayCashTicketFormatter:0.017777777777777778
