ParserATNSimulator:0.5033333333333333
DefaultErrorStrategy:0.4066666666666667
NoViableAltException:0.28
ParserInterpreter:0.15333333333333332
