Tab:0.7066666666666667
ModuleTestBase:0.5466666666666666
TabProviderBase:0.3
Invoice2Test:0.19333333333333333
