ServerConfiguration:0.5938888888888889
DecoratedLabel:0.36833333333333335
DecoratedButton:0.36833333333333335
