UnlimitedInteger:0.6033333333333334
GenericName:0.235
Record:0.22611111111111115
RecordType:0.16166666666666665
RecordSchema:0.11994444444444445
LocalName:0.11994444444444445
ScopedName:0.08666666666666667
AttributeName:0.04666666666666667
MemberName:0.0011111111111111111
