LayerPainter:0.7166666666666667
ServerDisplay:0.6033333333333334
RenderingLayerPainter:0.5633333333333334
ServerLayout:0.49166666666666664
LayerRef:0.44666666666666666
ServerLayer:0.44333333333333336
Display:0.43333333333333335
LayerRendererBridge:0.43
Layout:0.39666666666666667
RendererKey:0.37333333333333335
JFXServerDisplay:0.32666666666666666
SwingServerDisplay:0.2966666666666667
ImagePainter:0.2966666666666667
JFXRendererBridge:0.2866666666666667
ARINCLayer:0.2733333333333333
ARINCVisitor:0.2636150793650792
Selector:0.2633333333333333
DefaultServerXMLDFHandler:0.2633333333333333
AbstractUnsizedWidget:0.255
JFXLayerRenderer:0.25333333333333335
AbstractRenderingLayer:0.24666666666666667
AbstractBehavior:0.24333333333333335
JFXServerWindow:0.24333333333333335
SwingRendererBridge:0.24
JFXServerCockpit:0.23
LayerListener:0.22361111111111115
NodePropertiesHelper:0.22337301587301586
ServerLayoutImpl:0.21666666666666667
JFXLayerPainter:0.21666666666666667
ARINCNumericReadout:0.215
AbstractWindowElement:0.21333333333333335
DefaultConnectorRenderer:0.21
AbstractServerCockpitConfigurationHandler:0.21
SwingFactory:0.21
WindowsWindowManager:0.20666666666666667
JFXFactory:0.20666666666666667
JFXUIManager:0.20666666666666667
BasicWindowManager:0.20666666666666667
SuperLayerCockpitConfigurationHandler:0.20333333333333334
AbstractRenderingPainter:0.19666666666666666
JFXServerWrapper:0.19666666666666666
SwingLayerPainter:0.19
SuperLayerGenerator:0.19
AbstractEditorEngine:0.18666666666666668
AbstractServerWindow:0.18333333333333332
SuperLayerPainterImpl:0.18
PropertyOverride:0.18
AbstractServerDisplay:0.18
PushButtonRenderer:0.14666666666666667
JFXEditorDFRenderer:0.13666666666666666
AbstractLayerPainter:0.12666666666666668
JFXWindowConnector:0.12333333333333334
ServerPrintVisitor:0.11333333333333333
SwingEditorDFRenderer:0.09666666666666666
NewPushButton2:0.0
TestWidget2:0.0
TestBehavior:0.0
TestWidget:0.0
