SMARTSSearchTest:0.5866666666666667
SmartsQueryVisitor:0.36
OrderQueryBond:0.31666666666666665
AromaticOrSingleQueryBond:0.2833333333333333
