ServerConfiguration:0.5666666666666667
Configuration:0.24
ModuleConfiguration:0.16666666666666666
