UserAccessReportComposite:0.6341666666666667
UserActivityReportComposite:0.42333333333333334
GwtSearchHelper:0.41333333333333333
