AccessTokenRequestDataHolder:0.39
OAuth20AccessTokenResponseGenerator:0.32066666666666666
OidcConfiguration:0.3
OAuth20AuthorizeEndpointController:0.27666666666666667
CasOAuthConfiguration:0.27666666666666667
Pac4jAuthenticationEventExecutionPlanConfiguration:0.22333333333333333
OAuth20AccessTokenEndpointController:0.20333333333333334
BaseOAuth20Controller:0.19333333333333333
AccessTokenAuthorizationCodeGrantRequestExtractor:0.16333333333333333
OidcAuthorizeEndpointController:0.15
AccessTokenRefreshTokenGrantRequestExtractor:0.12666666666666668
OidcAccessTokenEndpointController:0.023333333333333334
