Field:0.8733333333333333
Table:0.6766666666666666
AbstractField:0.3433333333333333
TableFieldImpl:0.25333333333333335
AbstractTable:0.24666666666666667
JavaGenerator:0.23333333333333334
TableAlias:0.21944444444444447
TableImpl:0.18333333333333332
