Element:0.6633333333333333
Selector:0.5233333333333333
