RescueSalvageVehicle:0.405
TravelToSettlement:0.38666666666666666
CollectResourcesMission:0.25
Exploration:0.18733333333333335
RoverMission:0.16666666666666666
CollectIce:0.16533333333333333
