Channel:0.47
Logging:0.44
AppliConfiguration:0.27
ARINC661App:0.25666666666666665
MutuExclRenderer:0.25333333333333335
JFXImage:0.24666666666666667
DefaultProcessingListener:0.23666666666666666
ClientWrapper:0.23333333333333334
HexaDecoder:0.22777777777777777
MaskContainerRenderer:0.22583333333333333
SwingServerWrapper:0.21666666666666667
ARINCSettings:0.20333333333333334
JFXServerWrapper:0.19333333333333333
ServerMessageProcessor:0.18333333333333332
AbstractConfigurationParser:0.17333333333333334
JFXMutuallyExclRenderer3Test:0.14666666666666667
LimitedEventQueue:0.14666666666666667
GraphicsUtils:0.10333333333333333
Logging3Test:0.05333333333333334
Logging4Test:0.016666666666666666
