MyInfoAction:0.5066666666666667
ShowTodosAction:0.22666666666666666
WelcomeAction:0.16666666666666666
