MultiLayerNetwork:0.5066666666666667
FrozenLayer:0.47
ComputationGraph:0.4533333333333333
LayerValidation:0.29333333333333333
