Log:0.7
App:0.26666666666666666
WelcomePanel:0.20666666666666667
