OnbeforeunloadHandler:0.595
WebClient:0.46
Event:0.24666666666666667
HtmlPage:0.24
HtmlPageTest:0.20333333333333334
