Environment:0.53
ServerFactory:0.35333333333333333
ServletEnvironment:0.33166666666666667
