StageInfo:0.5633333333333334
SplitManager:0.42333333333333334
SqlStageExecution:0.39666666666666667
SimpleQuery:0.15333333333333332
