Transformer:0.4533333333333333
ApolloFrame:0.36666666666666664
FeatureTreePanel:0.35
SiteView:0.3333333333333333
GenbankAdapter:0.22694444444444448
ScaleView:0.21666666666666667
FeatureEditorDialog:0.21333333333333335
AnnotationMenu:0.18333333333333332
TreeMenu:0.1811111111111111
LinearView:0.18
