CORBAAdapter:0.5983333333333334
AnnotationMenu:0.4166666666666667
AnnotationView:0.37833333333333335
