PointInTime:0.58
Calendar:0.42
HebrewCalendar:0.23333333333333334
FrenchRCalendar:0.16
GregorianCalendar:0.11666666666666667
JulianCalendar:0.06666666666666667
