Mirror:0.7666666666666667
MirrorTest:0.3233333333333333
CastorTest:0.20333333333333334
Castors:0.18666666666666668
Pss:0.16
