TimeSlotTracker:0.6833333333333333
Configuration:0.48
Starter:0.35333333333333333
VersionManager:0.18
ConfigurationWindow:0.12
MainMenuBar:0.11666666666666667
TimeslotsTablePopupMenu:0.06
VersionInfo:0.04
TrayIconManager:0.03666666666666667
CheckNewVersionConfigTab:0.023333333333333334
TrayIconManagerImp:0.023333333333333334
TrayIconConfigTab:0.023333333333333334
