Csw:0.65
AccessManager:0.32
Aligner:0.2833333333333333
GetRecordsRequest:0.23
GetRecordById:0.20333333333333334
CswServer:0.17666666666666667
CswOperation:0.14333333333333334
DescribeRecordRequest:0.08666666666666667
OutputSchemaPreference:0.013055555555555556
