Texture:0.67
TextureDescriptor:0.44
BaseShader:0.32
Material:0.2833333333333333
AmbientCubemap:0.2733333333333333
DefaultTextureBinder:0.23
TextureBinder:0.22166666666666668
Model:0.19
GLES10Shader:0.18666666666666668
FrameBuffer:0.18666666666666668
BaseShaderProvider:0.03333333333333333
