RecordStore:0.7966666666666666
MapService:0.4866666666666667
DefaultRecordStore:0.42333333333333334
Merger:0.1811111111111111
PartitionCallable:0.11333333333333333
