TypeResolutionStrategy:0.48
Nexus:0.42333333333333334
InitializationStrategy:0.39
Default:0.38
Active:0.27666666666666667
NexusAccessor:0.24
PoolStrategy:0.2292063492063492
AgentBuilderInitializationStrategySelfInjectionDispatcherTest:0.19
NexusTest:0.18666666666666668
AgentBuilderDefaultTest:0.18666666666666668
SelfInjection:0.14333333333333334
ByteBuddyTest:0.13
AgentBuilderInitializationStrategyTest:0.12333333333333334
TypeResolutionStrategyTest:0.1
