NameTable:0.49333333333333335
FunctionizerTest:0.32
JdtTypes:0.31333333333333335
FunctionBinding:0.3
JdtElements:0.2925
DefaultMethodsTest:0.26
ElementUtil:0.24666666666666667
TypeUtil:0.23333333333333334
DefaultMethodShimGenerator:0.19666666666666666
TypeFixer:0.19333333333333333
Functionizer:0.19166666666666668
ExecutablePair:0.03222222222222222
