StyleFactory:0.4766666666666667
OnlineResource:0.22666666666666666
Metadata:0.22166666666666668
SLDFactory:0.19916666666666666
CitationFactory:0.19661111111111113
