MetaData:0.44666666666666666
Version:0.34
BlobStoreRepository:0.29
AbstractQueryTestCase:0.2833333333333333
VersionTests:0.28
BlobStoreFormatIT:0.22333333333333333
OldIndexBackwardsCompatibilityIT:0.215
RemoteRequestBuildersTests:0.14666666666666667
MetaStateService:0.12333333333333334
