CertTools:0.6366666666666667
TestCertificateCache:0.36666666666666664
CertificateCache:0.3233333333333333
CacheExceptionHandler:0.09555555555555555
CacheTester:0.043333333333333335
