DBCollection:0.5733333333333334
MongoDatabase:0.37587301587301586
DB:0.36
MongoDatabaseImpl:0.34
