variables:0.5433333333333333
BooleanExpression:0.4033333333333333
FunctionTable:0.3433333333333333
CodeGenerator:0.13
