StructuredbInstanceManager:0.6657777777777778
FolderDaoTest:0.36833333333333335
