SysNodesExpressionsOnHandlerTest:0.27
CrateCircuitBreakerService:0.22666666666666666
ByteSizeSettingsApplier:0.22333333333333333
DiskWatermarkNodesSysCheck:0.16666666666666666
ApplySettings:0.16333333333333333
ByteSizeSetting:0.16
BlobRecoverySourceHandler:0.13666666666666666
NodeMemoryStatsExpression:0.13333333333333333
NodeHeapStatsExpression:0.12666666666666668
NodeMemoryExpression:0.12333333333333334
TestModule:0.12333333333333334
NodeHeapExpression:0.12
