QuorumDebugger:0.6698888888888889
QuorumBreakpointActionProvider:0.5442777777777777
