Person:0.38666666666666666
Settlement:0.35333333333333333
PhysicalCondition:0.30666666666666664
BuildingManager:0.27
TabPanelAirComposition:0.23666666666666666
EVASuit:0.17
Robot:0.16333333333333333
