Namematch:0.7266666666666667
TestNamematch:0.4866666666666667
