Word2Vec:0.6466666666666666
KMeansClustering:0.37
SentenceActor:0.26666666666666666
DBNExample:0.14333333333333334
IrisExample:0.13
