CSSStyleDeclaration:0.5983333333333334
ComputedCSSStyleDeclaration:0.4077777777777778
CSSStyleDeclarationTest:0.31666666666666665
ComputedCSSStyleDeclarationTest:0.17333333333333334
