ResourceParametersEditor:0.6666666666666666
ParameterValueRenderer:0.36833333333333335
