ContextInstance:0.45666666666666667
AbstractFigure:0.38666666666666666
GraphConverter:0.33666666666666667
DrawProperties:0.29333333333333333
StartStateFigure:0.29
Delegation:0.24666666666666667
ProcessState:0.21333333333333335
RenderHits:0.19333333333333333
JbpmCommonLogic:0.19138888888888891
JbpmExecutionLogic:0.18333333333333332
FigureFactory:0.17666666666666667
BSFDecisionHandler:0.13333333333333333
AssignmentHandler:0.11666666666666667
StateFigure:0.11277777777777777
GraphImage:0.08333333333333333
EndStateFigure:0.05333333333333334
Rhomb:0.04666666666666667
DecisionFigure:0.04
