DSLContext:0.5747222222222222
ContainerFactory:0.5138888888888888
jOOQAbstractTest:0.44333333333333336
JSONReader:0.3333333333333333
JSONParser:0.24111111111111114
InsertUpdateTests:0.23444444444444448
LoaderImpl:0.23
FormatTests:0.16
DefaultDSLContext:0.15
CSVReader:0.14666666666666667
