VanillaChronicleMap:0.4866666666666667
ChronicleHashResources:0.41
CountedStringReader:0.3180952380952381
Throwables:0.19633333333333333
ThreadLocalState:0.18666666666666668
PersistedChronicleHashResources:0.12
MemoryLeaksTest:0.09333333333333334
InMemoryChronicleHashResources:0.05861111111111112
