MapProxySupport:0.5266666666666666
PartitionContainer:0.30883333333333335
MapStoreTest:0.21
SimpleMapLoader:0.20666666666666667
