ClusterMember:0.6283333333333333
SequencerAgent:0.5933333333333334
TestUtil:0.2377777777777778
MemberStatusPublisher:0.21
MemberStatusAdapter:0.18944444444444444
ArchiveRecordingLoadTest:0.16333333333333333
