FiltersAggregator:0.5633333333333334
FiltersParser:0.32111111111111107
Factory:0.31333333333333335
FiltersTests:0.29333333333333333
FiltersAggregationBuilder:0.26
