CacheKey:0.57
CacheImpl:0.3466666666666667
AbstractSessionImpl:0.31861904761904764
