GwtTeamingImageBundle:0.7438888888888888
ShareItemCell:0.31
GwtTeamingFilrImageBundle:0.2833333333333333
SearchResultItemWidget:0.25666666666666665
