Parser:0.62
TestBufferedTokenStream:0.35833333333333334
TestCommonTokenStream:0.24666666666666667
