OldLogDevice:0.5483333333333333
LogEntryView:0.5416666666666666
SubjectDNProxy:0.43666666666666665
