ServerGUI:0.5466666666666666
EmbedClient:0.37333333333333335
ServerWrapper:0.33
AbstractServerGUI:0.2633333333333333
BasicWindowManager:0.25333333333333335
NativeWindowManager:0.24666666666666667
EmbeddedWindowsManager:0.24666666666666667
WindowsWindowManager:0.22666666666666666
ServerWrapperTest:0.14666666666666667
StandAloneServerGUI2Test:0.13333333333333333
StandAloneServerGUITest:0.13333333333333333
ServerApplet:0.07
ServerAppletTest:0.06
EmbedClientConfigDefaultTest:0.023333333333333334
