Buffer:0.6477777777777778
StatusBar:0.28444444444444444
BufferIORequest:0.24666666666666667
VFSFileChooserDialog:0.2
EditPane:0.18666666666666668
HyperSearchRequest:0.17
