MongoServiceRegistryDao:0.6886111111111111
GoogleAccountsServiceFactory:0.5855555555555556
