Numbers:0.5433333333333333
NumberFieldMapper:0.42333333333333334
AbstractXContentParser:0.36333333333333334
NumberFieldMapperTests:0.3
NumberFieldTypeTests:0.25
ReindexFailureTests:0.14
NumbersTests:0.09166666666666666
