TranslationProcessor:0.44666666666666666
FileUtil:0.37666666666666665
GenerationTest:0.33666666666666667
JdtParser:0.3233333333333333
J2ObjCTest:0.2733333333333333
J2ObjC:0.21
