ConfigurationProcessor:0.5566666666666666
ConfigurationProcessorTests:0.27666666666666667
AspectJConfigurationProcessorTests:0.19777777777777777
PropagateBeanNamingTest:0.17
SpringAopConfigurationProcessorTests:0.17
J2eeHelperTests:0.14
ScopingTest:0.13666666666666666
ConfigurationPostProcessor:0.12666666666666668
LifecycleTests:0.10666666666666667
HibernateTests:0.07666666666666666
CglibConfigurationEnhancer:0.03666666666666667
