TaskletStep:0.5033333333333333
ItemOrientedStep:0.42333333333333334
AbstractStep:0.4066666666666667
StubStep:0.2833333333333333
