LinkableNode:0.6433333333333333
DiscoveryLink:0.44333333333333336
Linkd:0.31
SnmpCollection:0.29
LinkdEventProcessor:0.26888888888888884
Scheduler:0.22111111111111115
NodeToNodeLink:0.17666666666666667
DbEventWriter:0.14722222222222223
