ChoiceWidget:0.38
PopupWidget:0.3
DateWidget:0.29
FileChooserWidget:0.25333333333333335
PropertyBean:0.25333333333333335
TextAreaWidget:0.24333333333333335
TextFieldWidget:0.20777777777777778
Preview:0.13666666666666666
