DataUtils:0.51
BuildDetail:0.5066666666666667
LogFile:0.46
BuildService:0.3566666666666667
CompositeExtractor:0.33
BuildSummary:0.24833333333333332
BuildCommandTest:0.22333333333333333
ErrorsAndWarningsMessagesWidget:0.21666666666666667
BuildServiceTest:0.20333333333333334
BuildDetailTest:0.18666666666666668
GetActiveBuildInfoControllerTest:0.15666666666666668
ZippedLogTest:0.13
WidgetPluginServiceTest:0.12333333333333334
CompositeExtractorTest:0.09666666666666666
ErrorsAndWarningsMessagesWidgetTest:0.015833333333333335
LogFileTest:0.0
