SerializationBuilder:0.6166666666666667
SetFromMap:0.36
ChronicleMap:0.2857777777777778
