RubyModelManager:0.49
RubyElement:0.46
RubyElementInfo:0.44
RubyType:0.43333333333333335
RubyModel:0.4266666666666667
RubyScriptStructureBuilder:0.36
Openable:0.29
RubyScript:0.29
RubyProject:0.2733333333333333
RubyElementAdapterFactory:0.23
OpenableElementInfo:0.2063968253968254
ImportContainer:0.19666666666666666
SourceRefElement:0.19
RubyImport:0.18333333333333332
RubyTypeElementInfo:0.17
SourceRefElementInfo:0.17
RubyField:0.14666666666666667
RubyMethod:0.13666666666666666
DiscardWorkingCopyOperation:0.08333333333333333
InfoStack:0.07527777777777778
ElementCache:0.07333333333333333
RubyModelCache:0.07
Member:0.05777777777777779
RubyProjectElementInfo:0.055
RubyGlobal:0.05333333333333334
RubyClassVar:0.05333333333333334
RubyBlock:0.05333333333333334
RubyInstVar:0.05333333333333334
BecomeWorkingCopyOperation:0.05
RubyLocalVar:0.043333333333333335
RubyModelInfo:0.035
RubyScriptElementInfo:0.03333333333333333
HandleStack:0.03333333333333333
RubyMethodElementInfo:0.03166666666666667
RubyDynamicVar:0.02
RubyModule:0.01
RubyFieldElementInfo:0.01
NamedMember:0.006666666666666667
MemberElementInfo:0.006666666666666667
ReconcileWorkingCopyOperation:0.0033333333333333335
ImportDeclarationElementInfo:0.0
