ModuleErrorAndWarningListPane:0.4166666666666667
QedeqPane:0.37166666666666665
UpperTabbedView:0.37
WarningSelectionListener:0.27051984126984113
SelectionListener:0.25666666666666665
HtmlPane:0.23166666666666666
QedeqTreeModel:0.23083333333333333
LowerTabbedView:0.21666666666666667
QedeqMainPane:0.19
DocumentMarker:0.16444444444444442
ModuleErrorAndWarningListModel:0.09666666666666666
SelectionListenerList:0.0811111111111111
