UserIdleDetector:0.4766666666666667
LinuxIdleTime:0.37333333333333335
Win32IdleTime:0.34
MacIdleTime:0.11333333333333333
