Suggestion:0.4033333333333333
RestSearchAction:0.35792857142857143
InternalAggregation:0.35333333333333333
Suggest:0.27666666666666667
PhraseSuggestion:0.19666666666666666
CompletionSuggestion:0.17
TermSuggestion:0.16
