GraphAnalysisLoader:0.6833333333333333
Entry$Point:0.44555555555555554
FailoverLoaderTest:0.31
InjectAdapterGenerationTest:0.23
