Callback:0.64
Retrofit:0.4166666666666667
CallBehaviorAdapter:0.35333333333333333
RetrofitTest:0.33
CallTest:0.23
BehaviorCall:0.21
OkHttpCall:0.20333333333333334
MockRetrofitTest:0.18
ExecutorCallAdapterFactoryTest:0.15
MethodHandler:0.13666666666666666
Calls:0.09666666666666666
SimpleMockService:0.07666666666666666
CallOnSubscribe:0.07333333333333333
MockGitHub:0.03666666666666667
ExecutorCallback:0.016666666666666666
