ClassEvent:0.5495555555555557
ConfigurationProcessor:0.39666666666666667
ClassConfigurationListener:0.2966666666666667
Sjc63Tests:0.07
