StreamOutput:0.7266666666666667
SearchSourceBuilder:0.5033333333333333
PhraseSuggestionBuilder:0.31333333333333335
SearchSourceBuilderTests:0.21666666666666667
BytesStreamsTests:0.1775
