GenericBackupOperation:0.72
PutOperation:0.5966666666666667
MapProxy:0.14666666666666667
