Repository:0.5391666666666667
HistoryCache:0.5241666666666667
JDBCHistoryCache:0.31333333333333335
FileHistoryCache:0.24
