MetaDataStateFormat:0.47
MetaDataStateFormatTest:0.37666666666666665
Format:0.36
PathAndVersion:0.345
LocalGatewayMetaState:0.32666666666666666
LocalGatewayShardsState:0.16333333333333333
VersionAndLegacyPredicate:0.043333333333333335
