ESIndexTask:0.58
ESIndexNode:0.33666666666666667
ESBulkIndexTask:0.28
TransportExecutorTest:0.26666666666666666
Visitor:0.25
InsertAnalysis:0.23666666666666666
LocalDataCollectTest:0.22666666666666666
PlannerTest:0.21333333333333335
InsertAnalyzerTest:0.18666666666666668
InsertStatementAnalyzer:0.14333333333333334
AbstractESIndexTask:0.07
AbsFunction:0.03333333333333333
