EvictionTest:0.586388888888889
EvictionCheckerImpl:0.46
MapKeyLoaderUtil:0.30666666666666664
