Aeron:0.5766666666666667
AeronTest:0.3933333333333333
PubAndSubTest:0.27666666666666667
PubMulticastTest:0.22
PubUnicastTest:0.22
