Sender:0.44
Agent:0.3678888888888889
ClientConductor:0.31
Context:0.3
DriverConductor:0.26
SenderProxy:0.24666666666666667
ReceiverProxy:0.22666666666666666
Receiver:0.22
MediaDriver:0.21
DriverConductorProxy:0.19666666666666666
RemoveConnectionCmd:0.08666666666666667
AgentRunner:0.04
CompositeAgent:0.03
