WritableDataStoreDataSource:0.75
AddWritableDataStoreLayerWizard:0.30333333333333334
PostGISDataStoreDataSource:0.15055555555555555
DataStoreDataSourceFactory:0.12666666666666668
H2DSMetadata:0.08333333333333333
