MasterSlaveConnectionManager:0.4633333333333333
RedissonScoredSortedSet:0.36333333333333334
RScoredSortedSet:0.3000833333333333
ClusterConnectionManager:0.27944444444444444
ConnectionPool:0.2572222222222223
RedissonScoredSortedSetTest:0.23
RScoredSortedSetAsync:0.19416666666666665
RedisCommands:0.043333333333333335
