JackrabbitLirsPolicy:0.5916666666666667
Synthetic:0.5388888888888889
PolicyBuilder:0.22666666666666666
