SecureSetting:0.5641666666666667
SecureString:0.44166666666666665
ScopedSettingsTests:0.14
