HistoryManager:0.6341666666666667
InactivityTimer:0.42333333333333334
ClipboardInterface:0.38666666666666666
