TestSSL:0.13333333333333333
TestSSL3:0.13333333333333333
TestSSL2:0.13333333333333333
NotSerializableTask:0.13333333333333333
NotSerializableObject:0.10666666666666667
AbstractSSLSetup:0.03666666666666667
