SessionImpl:0.7427777777777778
OrmVersionTest:0.17666666666666667
CriteriaHQLAlignmentTest:0.17666666666666667
TransactionTimeoutTest:0.17333333333333334
