IConcurrentManager:0.7766666666666666
SharedProject:0.5533333333333333
EditorListener:0.4
ActivitySequencer:0.36666666666666664
