NeurophArrayList:0.5766666666666667
Neuron:0.4033333333333333
Layer:0.32666666666666666
NeuralNetwork:0.30666666666666664
SigmoidDeltaRule:0.24666666666666667
NeuronProperties:0.23222222222222225
FeatureMapsLayer:0.20666666666666667
LayerFactory:0.15333333333333332
BackPropagation:0.06333333333333334
