PainterUtils:0.45666666666666667
MapSymbol:0.38666666666666666
SwingMapSymbol:0.31666666666666665
JFXGeomUtils:0.295
MapItemShapes:0.27
JFXMapSymbol:0.25333333333333335
MapItemsUIHandler2Test:0.22
MapItemsUIHandler:0.22
JFXLineArcRenderer:0.20333333333333334
JFXMapItemSymbolRenderer2Test:0.16333333333333333
JFXMapItemSymbolRendererTest:0.12
