OkHttpClient:0.45666666666666667
MockResponse:0.38333333333333336
AutobahnTester:0.3566666666666667
WebSocketEcho:0.31
RecordedResponse:0.29
RealWebSocketTest:0.2833333333333333
WebSocketHttpTest:0.2833333333333333
MockWebServer:0.23
WebSocketReaderTest:0.20083333333333334
RtmSession:0.16333333333333333
SlackApi:0.06666666666666667
