ServiceProcessManager:0.6966666666666667
PluginManager:0.37833333333333335
