ViewHolder:0.43
SwipeAndDragAdapter:0.4266666666666667
SimpleAdapter:0.36333333333333334
SwipeAndDragActivity:0.30333333333333334
