XmlUtils:0.4279444444444444
GORDFReader:0.42
GoRdfHandlerTest:0.38333333333333336
