WorkspaceOperations:0.6922222222222222
ApplicationWorkbenchAdvisor:0.32555555555555554
