HeliosClient:0.47
HostListCommandTest:0.31333333333333335
HostListCommand:0.2966666666666667
HostsResource:0.2302777777777778
TemporaryJobBuilder:0.17666666666666667
LabelTest:0.17333333333333334
HeliosConfig:0.15666666666666668
DeploymentGroupCreateCommand:0.13666666666666666
HeliosClientTest:0.03666666666666667
