SubsamplingLayer:0.5913333333333334
TestConvolutionLayer:0.37666666666666665
