Packet:0.6288888888888888
ClientEngineImpl:0.29333333333333333
ClientConnectionManagerImpl:0.27
