WebKeys:0.735
AjaxController:0.4533333333333333
ListFolderController:0.25666666666666665
ViewController:0.2544444444444445
WorkspaceTreeController:0.14666666666666667
AccessControlController:0.11166666666666666
