FolderResource:0.7366666666666667
FileResource:0.42333333333333334
