Gate:0.6666666666666666
TestConfig:0.36333333333333334
ConfigXmlHandler:0.28
TestGate:0.1311111111111111
