TinySetIndexing:0.4633333333333333
CacheTesting:0.42
TinyCacheSketch:0.32
CountMin64TinyLfu:0.16666666666666666
MultiThreadedTest:0.06
