InternalMDDParser:0.4511111111111111
InternalMDDLexer:0.33
MDDFactoryImpl:0.23277777777777775
Aggregate_Alternatives:0.19333333333333333
PrimaryExpression_Group_0:0.19333333333333333
IdentPrimary_AggregateParserRuleCall_1:0.18949999999999997
DFA41:0.18666666666666668
DFA97:0.17065656565656565
DFA112:0.17065656565656565
MDDStandaloneSetupGenerated:0.13666666666666666
DFA4:0.11777777777777779
PrimaryExpression_Alternatives:0.11333333333333333
IdentPrimary_Alternatives:0.11333333333333333
