Shader:0.46
ShadersTest:0.3761111111111111
StringUtils:0.31
ShaderUNI:0.28
GeneratorVisitor:0.21333333333333335
NativeMethodStubsGenerator:0.17361111111111113
InfiniteCharSequence:0.145
ShaderFSH:0.08666666666666667
ShaderVSH:0.08666666666666667
ShaderFP:0.08666666666666667
ShaderVP:0.08666666666666667
