ShortRangeFieldValidatorTest:0.30333333333333334
LongRangeFieldValidatorTest:0.30333333333333334
IntRangeFieldValidatorTest:0.30333333333333334
DateRangeFieldValidatorTest:0.30333333333333334
RequiredStringValidatorTest:0.15666666666666668
