Cockpit:0.52
WindowConnector:0.35333333333333333
AbstractRenderingLayer:0.3333333333333333
AbstractServerWindow:0.29
AbstractServerCockpitConfigurationHandler:0.22333333333333333
ARINCDataConnector:0.13666666666666666
ConnectorWidget:0.07666666666666666
