Util:0.6433333333333333
Ctags:0.5466666666666666
Indexer:0.2733333333333333
