AbstractJdbcDdlReader:0.44111111111111106
JdbcSqlTransaction:0.2966666666666667
JdbcSqlReadCursor:0.28014285714285714
DatabaseWriterTest:0.24666666666666667
MySqlDdlReader:0.23333333333333334
DatabasePlatformTest:0.19466666666666665
