NettyWebSocket:0.5933333333333334
EagerNettyResponseBodyPart:0.25666666666666665
LazyNettyResponseBodyPart:0.24333333333333335
HttpResponseBodyPart:0.16083333333333333
