WarScanner:0.49083333333333334
WarLoaderListener:0.37666666666666665
AbstractWarDeployer:0.31666666666666665
DefaultContextPathStrategy:0.11
DefaultWarScanner:0.043333333333333335
