ShadowResources:0.7102777777777777
ParallelUniverseTest:0.3466666666666667
ParallelUniverse:0.29
