EntityView:0.7166666666666667
EntityViewPlugin:0.08333333333333333
