ElasticsearchIntegrationTest:0.5633333333333334
BlockClusterStatsTests:0.45666666666666667
NoMasterNodeTests:0.26666666666666666
