CronetClientStream:0.4866666666666667
CronetClientStreamTest:0.37
CronetClientTransport:0.35
CronetChannelBuilder:0.17411111111111108
TransportState:0.14444444444444446
CronetClientTransportTest:0.10333333333333333
CronetTransportFactory:0.09333333333333334
