DecompressCmd:0.3933333333333333
MoveCmd:0.37833333333333335
ItemParser:0.37666666666666665
IANScuService:0.27666666666666667
MoveScuService:0.22666666666666666
MultiCFindRsp:0.15
