ClientPagingPredicateTest:0.6066666666666667
SortingUtil:0.5433333333333333
PagingPredicateTest:0.2
