CommentQueryService:0.5
TagQueryService:0.20666666666666667
AdminProcessor:0.08533333333333334
