StatsHandler:0.4166666666666667
ChartConfigurationPanel:0.36
OptionsPanel:0.25833333333333336
JPPFChartBuilder:0.22666666666666666
FieldsPanel:0.2
MonitoringPanel:0.19444444444444445
AdminPanel:0.18833333333333332
DriverLauncher:0.15
ChartConfiguration:0.1
TabConfiguration:0.07
