PayloadValidatingInterceptor:0.7844444444444444
PayloadValidatingInterceptorTest:0.4266666666666667
