TcpTransport:0.5733333333333334
Netty3Transport:0.2833333333333333
Netty4Transport:0.25666666666666665
Netty4HttpServerTransport:0.21666666666666667
Netty3HttpServerTransport:0.21666666666666667
