Assert:0.7833333333333333
AssertionTest:0.43
TestedOnSupplier:0.20166666666666666
