Classifier:0.8816666666666667
ExceptionClassifierRetryContext:0.26666666666666666
ExceptionClassifierRetryPolicy:0.22
RethrowOnThresholdExceptionHandler:0.20333333333333334
LogOrRethrowExceptionHandler:0.07666666666666666
LimitCheckingItemSkipPolicy:0.011666666666666667
