ESIntegTestCase:0.46
ESTestCase:0.3
DateProcessorFactoryTests:0.27
DateRangeIT:0.26666666666666666
QueryStringQueryBuilderTests:0.26666666666666666
AbstractQueryTestCase:0.2633333333333333
TimeZoneRoundingTests:0.24666666666666667
RangeQueryBuilderTests:0.23333333333333334
DateRangeTests:0.10666666666666667
