InfinispanRegionFactory:0.5866666666666667
EvictAllCommand:0.51
CacheCommandFactory:0.23666666666666666
CacheCommandInitializer:0.14833333333333334
