MailProvider:0.7929999999999999
LabelPresenter:0.37333333333333335
