HtmlPage:0.7033333333333334
HtmlPageTest:0.3333333333333333
DomNodeTest:0.21
