SamlMetadataUIInfo:0.42333333333333334
AbstractSamlProfileHandlerController:0.32
SamlIdPConstants:0.31666666666666665
SamlIdPConfiguration:0.19
SamlIdPEndpointsConfiguration:0.16666666666666666
