ShadowBitmap:0.5266666666666666
ShadowCanvas:0.38
ShadowBitmapFactory:0.2833333333333333
BitmapFactoryTest:0.27666666666666667
ImageViewTest:0.18666666666666668
BitmapDrawableTest:0.16666666666666666
BitmapTest:0.14
