AudioService:0.5716666666666667
AudioReceiverAction:0.5133333333333333
AudioEncoder:0.32
