ChronicleMapBuilder:0.7083333333333334
NoTcpReplicationSoakTest:0.21333333333333335
