Price:0.48
ShopContent:0.3433333333333333
TaxGroup:0.3283333333333333
ShopSettings:0.30666666666666664
ShopVariant:0.24
