UserDAO:0.5952777777777778
IssueServiceImpl:0.44333333333333336
UserDAOImpl:0.26666666666666666
