DataScan3:0.5566666666666666
MaskedBlockCursor:0.48
TestExample:0.37333333333333335
TestDataScan3:0.17
