SelectionHandler:0.4266666666666667
NonBlockingWriteHandler:0.37333333333333335
AbstractSelectionHandler:0.3233333333333333
NonBlockingReadHandler:0.26
ClientWriteHandler:0.24666666666666667
AbstractClientSelectionHandler:0.19
ClientReadHandler:0.17666666666666667
ClientNonBlockingOutputThread:0.11
NonBlockingOutputThread:0.11
NonBlockingInputThread:0.10333333333333333
