Acceptor:0.68
FederationClasses:0.5
JUTestFederation:0.31333333333333335
FederationManager:0.18333333333333332
StandardFederatorSetup:0.17666666666666667
JUTestFederationTLS:0.15666666666666668
JUTestFederationManager:0.15333333333333332
