AlleleBean:0.4
AttributionTable:0.37666666666666665
AttributionBean:0.3233333333333333
AttributionListBean:0.31333333333333335
AttributionList:0.19333333333333333
AttributionListBeanTest:0.13
AddAttribution:0.08
AttributionTypeTable:0.02666666666666667
