AllMembersSupplier:0.5466666666666666
WithDataPointMethod:0.29
TheoryTestUtils:0.14666666666666667
AssumingInTheoriesTest:0.14666666666666667
