IActivity:0.5072222222222222
Utils:0.49333333333333335
SarosSession:0.43
FileActivity:0.37666666666666665
Util:0.3566666666666667
SarosSessionStub:0.29333333333333333
NullSarosSession:0.29
FileUtils:0.2866666666666667
ISuperBot:0.2833333333333333
ISarosSession:0.2500396825396825
SarosProjectMapper:0.24666666666666667
ISarosPreferences:0.24666666666666667
ProgressActivity:0.23333333333333334
StopActivity:0.23333333333333334
SuperBot:0.22333333333333333
ISarosMenu:0.22166666666666668
EditorManager:0.21
IncomingProjectNegotiation:0.20333333333333334
OutgoingProjectNegotiation:0.19666666666666666
SharedResourcesManager:0.19
GeneralPreferencePage:0.18666666666666668
PreferenceUtils:0.18666666666666668
OutgoingSessionNegotiation:0.18
SarosPreferences:0.17777777777777776
SarosMenu:0.16666666666666666
ActivitySequencer:0.16
SharedProjectFileDecorator:0.15666666666666668
Messages:0.15333333333333332
ChangeColorActivity:0.15166666666666667
PingPongActivity:0.15166666666666667
ChecksumErrorActivity:0.15166666666666667
PermissionActivity:0.14666666666666667
ProjectsAddedActivity:0.14666666666666667
EditorPool:0.13
Constants:0.13
FileActivityDataObject:0.12666666666666668
CollaborationUtils:0.11666666666666667
PreferenceConstants:0.07
NeedBasedSyncTest:0.06
PreferenceInitializer:0.04666666666666667
RememberDecisionMessageDialog:0.013333333333333334
