DatabaseMetaData:0.44666666666666666
Tds:0.41
ParameterUtils:0.28
CallableStatement_base:0.26
PacketRowResult:0.235
TdsResultSet:0.21
TdsStatement:0.205
TdsConnection:0.20333333333333334
Procedure:0.18
PreparedStatement_base:0.17333333333333334
ParameterListItem:0.06
Microsoft7MetaData:0.055
PacketOutputParamResult:0.05
TdsDefinitions:0.013333333333333334
