AbstractCasView:0.3233333333333333
AuthyConfiguration:0.15333333333333332
GoogleAuthenticatorConfiguration:0.15333333333333332
RadiusMultifactorConfiguration:0.15333333333333332
YubiKeyConfiguration:0.13666666666666666
DuoSecurityConfiguration:0.13666666666666666
