JChemPaintMenuBar:0.5483333333333333
JChemPaintEditorPanel:0.5466666666666666
