JPF_gov_nasa_jpf_complexcoverage_Debug:0.4633333333333333
MCDCTracker:0.4066666666666667
StartJPFManager:0.2733333333333333
MCDCTrackerRemote:0.2622222222222222
ReceiveRemoteOutput:0.23666666666666666
