DescribeInstances:0.5
AwsConfig:0.47333333333333333
XmlConfigBuilder:0.26666666666666666
EC2RequestSigner:0.22
TcpIpJoiner:0.20666666666666667
CloudyUtility:0.1988888888888889
SingleHazelcastClient:0.19
TcpIpJoinerOverAWS:0.14
TcpIpJoinerOverAWSTest:0.12333333333333334
AWSClient:0.09555555555555557
