SocketClientDataReader:0.5733333333333334
NonBlockingReadHandler:0.4066666666666667
