AnnotationServiceInterceptor:0.6333333333333333
AsynchronousProcessor:0.5991666666666666
DefaultAnnotationProcessor:0.2733333333333333
