ConnectionJDBC2:0.53
JtdsPreparedStatement:0.31666666666666665
StatementCache:0.30666666666666664
NonCachingStatementCache:0.28
Support:0.26666666666666666
DefaultStatementCache:0.10333333333333333
AbstractStatementCache:0.1
ProcEntry:0.01988095238095238
