BGPTopComponent:0.36
BGPModuleScene:0.31
EmptyNodeWidget:0.2966666666666667
MPLSModuleScene:0.26944444444444443
BGPModuleService:0.14
