RobolectricTestRunner:0.6
ShadowLog:0.5183333333333333
ParallelUniverse:0.25333333333333335
