StringUtils:0.45166666666666666
DcmObjectHandlerImpl:0.44333333333333336
SAXHandlerAdapter2:0.4266666666666667
SAXHandlerAdapter:0.29
