Tabs:0.8966666666666666
ListFolderController:0.2966666666666667
WebKeys:0.18833333333333332
