SqlStatementBuilder:0.44
MySQLSqlStatementBuilder:0.20666666666666667
OracleSqlScriptSmallTest:0.19666666666666666
OracleSqlStatementBuilderSmallTest:0.18
MySQLSqlStatementBuilderSmallTest:0.09666666666666666
