PyComplex:0.3455555555555555
PyTimeTuple:0.25666666666666665
PyPropertyDerived:0.24333333333333335
PyComplexDerived:0.24333333333333335
PySuperDerived:0.24333333333333335
PySuper:0.22333333333333333
PyDictionaryDerived:0.22
PyTupleDerived:0.22
PyUnicodeDerived:0.22
PyObjectDerived:0.22
PyTypeDerived:0.22
PyIntegerDerived:0.22
PyStringDerived:0.22
PyClassMethodDerived:0.22
PyFileDerived:0.22
PyLongDerived:0.22
PyFloatDerived:0.22
PyListDerived:0.22
PyProperty:0.20666666666666667
