WmiAgentConfig:0.8112698412698413
WmiManager:0.49666666666666665
WmiPeerFactory:0.49
