WebTestCase:0.5316666666666666
HtmlUnitRegExpProxy:0.52
HtmlUnitRegExpProxyTest:0.2966666666666667
StringTest:0.016666666666666666
