ShareRights:0.3466666666666667
EditShareRightsDlg:0.34
GwtTeamingMessages:0.31333333333333335
GwtShareItem:0.2833333333333333
GwtShareHelper:0.28
ShareRightsWidget:0.2633333333333333
ShareThisDlg:0.21
ShareRightsPopupMenu:0.20666666666666667
GwtViewHelper:0.18
