StudyBean:0.4033333333333333
SeriesBean:0.3933333333333333
PrivateSeriesBean:0.3233333333333333
ContentManagerBean:0.29
ContentEditBean:0.2633333333333333
PatientBean:0.23166666666666666
InstanceBean:0.23166666666666666
QueryStudiesCmd:0.21
QueryPrivateStudiesCmd:0.18
