InternalEngine:0.49666666666666665
IndexRequest:0.4533333333333333
DeleteRequest:0.37666666666666665
InternalEngineTests:0.35
