HopSymbolTableWalker:0.4766666666666667
HopLexer:0.38333333333333336
HopParser:0.38
HopLanguageHierarchy:0.21
DFA12:0.18866666666666668
DFA18:0.14
DFA17:0.14
