GwtRpcServiceImpl:0.43333333333333335
EmailNotificationDlg:0.41333333333333333
GetEmailNotificationInfoCmd:0.4
GwtEmailHelper:0.2
