FlowExecutionRepository:0.5397777777777778
SimpleFlowExecutionRepository:0.31
ClientContinuationFlowExecutionRepository:0.19333333333333333
ContinuationFlowExecutionRepository:0.19333333333333333
FlowExecutorImpl:0.19
FlowExecutor:0.052388888888888895
