GEFFigureTester:0.47
GEFHierarchyPrinter:0.43666666666666665
GEFFinderImpl:0.24
FigureHierarchyImpl:0.21666666666666667
FigureHierarchy:0.06333333333333334
