ServerWidget:0.7166666666666667
Char:0.3933333333333333
Byte:0.35
LayerTreeEditor:0.28
AbstractBehavior:0.25333333333333335
DefaultARINCUtils:0.22333333333333333
UACDSEditor:0.22333333333333333
ServerDevices:0.21666666666666667
AbstractRenderingLayer:0.21333333333333335
AbstractServerCockpit:0.21333333333333335
UACDSDataProviderParserHandler:0.19
JFXEditorOverlay:0.18666666666666668
AbstractMapItemList:0.18666666666666668
ARINCLabel:0.17333333333333334
UACDSHandler:0.17
DefaultParamStructConverter:0.16666666666666666
UACDSModel:0.13333333333333333
ServerElement:0.13
ARINCWatchDog:0.13
ARINCConnector:0.11666666666666667
LinksTreeRenderer:0.10833333333333334
OpenUACDSAction:0.1
AbstractInterface:0.07166666666666667
ARINCNoServiceMonitor:0.06666666666666667
ARINCRadioBox:0.06666666666666667
CommandInterface:0.05544444444444444
NotificationInterface:0.05544444444444444
