ServiceManager:0.6283333333333333
ServiceInfo:0.355
Processor:0.34833333333333333
