RedisConnection:0.6533333333333333
ConnectionWatchdog:0.35333333333333333
