Constants:0.5166666666666667
ProfileModuleImpl:0.38333333333333336
DefinitionHelper:0.27
ResolveIds:0.26
WorkflowProcessUtils:0.25
WebKeys:0.22
BuildDefinitionDivs:0.21333333333333335
DefinitionModuleImpl:0.20333333333333334
MashupTag:0.19666666666666666
SearchUtils:0.19
AbstractBinderProcessor:0.18666666666666668
EntityIndexUtils:0.17722222222222223
WorkAreaHelper:0.11666666666666667
MakeWrapableTag:0.0
