StepListener:0.5266666666666666
TaskletStep:0.41388888888888886
TaskletStepTests:0.23
StepListenerSupport:0.22
CompositeStepListener:0.19666666666666666
CompositeStepListenerTests:0.19333333333333333
