Http:0.6633333333333333
HttpTransfer:0.64
HttpTunnelConnection:0.22666666666666666
HttpTunnel:0.17111111111111113
