Assert:0.69
AssertionTest:0.4066666666666667
ExpectedExceptionMatcher:0.30666666666666664
JUnitMatchers:0.15333333333333332
ExpectedExceptionTest:0.14333333333333334
