GwtRpcServiceImpl:0.48333333333333334
TreeDisplayVertical:0.35
GetRootWorkspaceIdCmd:0.31666666666666665
LongRpcResponseData:0.20333333333333334
