Options:0.44333333333333336
ProcessingContext:0.35
GenerationUnit:0.32666666666666666
FileUtil:0.25
J2ObjCTest:0.21
J2ObjC:0.20666666666666667
GenerationBatch:0.16333333333333333
