ParameterMap:0.4066666666666667
PortletRequestMapTests:0.24
PortletContextMapTests:0.24
AbstractAttributeMap:0.23666666666666666
PortletSessionMapTests:0.23666666666666666
HttpSessionMapTests:0.22
HttpServletContextMapTests:0.18666666666666668
PortletRequestParameterMapTests:0.15
ServletExternalContextTests:0.1
PortletExternalContextTests:0.1
