AsyncDataSetIterator:0.7533333333333333
MagicQueue:0.58
MagicQueueTest:0.21666666666666667
