DB:0.5383333333333333
Mongo:0.4266666666666667
DBApiLayer:0.32666666666666666
