LabelTree:0.61
GraphJGraph:0.45666666666666667
LabelTreeNode:0.3
GraphTab:0.26
LTSJGraph:0.25666666666666665
MyMouseListener:0.17966666666666667
CtrlJGraph:0.14
FilterAction:0.11
MyTreeCellRenderer:0.10333333333333333
LabelFilter:0.1
