ScriptEditor:0.5383333333333333
StepRunner:0.36333333333333334
StepRunnerTest:0.30333333333333334
WindowTracker:0.2377777777777778
AbstractEventExceptionHandler:0.22666666666666666
