ChronicleMapBuilder:0.36
AbstractChronicleMapBuilder:0.33666666666666667
ChronicleMapTest:0.3
OffHeapUpdatableChronicleMapBuilder:0.22333333333333333
