Grammar:0.4533333333333333
Property:0.44333333333333336
MetaProperty:0.41333333333333333
Gedcom:0.39
BasicEditor:0.23
OK:0.23
PropertyEvent:0.22666666666666666
PropertyMultilineValueTest:0.19666666666666666
PropertyChange:0.19333333333333333
ReportValidate:0.16333333333333333
GedcomReader:0.15666666666666668
Renderer:0.145
TableViewSettings:0.14
Example:0.13
Note:0.13
PropertyTagPathTest:0.12583333333333332
ChoosePropertyBean:0.11
Propagate:0.10333333333333333
Sort:0.10333333333333333
ActionInsert:0.08666666666666667
ActionPath:0.08333333333333333
