JbpmExecutionLogic:0.7083333333333334
XMLHelper:0.5066666666666667
ValidationXmlParser:0.4
