SortOrder:0.3233333333333333
PathType:0.31333333333333335
CodeListTest:0.27
ClassScanner:0.19
InitiativeType:0.089
VectorPathType:0.06
UnprojectedPathType:0.06
GlobalPathType:0.05333333333333334
