Field:0.9366666666666666
AbstractField:0.36
Expression:0.3433333333333333
BitCount:0.14
