WebKeys:0.5910000000000001
ImportDefinitionController:0.45666666666666667
ViewController:0.33666666666666667
