ClientProxy:0.5033333333333333
ClientQueueProxy:0.4033333333333333
ClientQueueTest:0.21333333333333335
HazelcastTestSupport:0.20666666666666667
