PersonDetailFlowBuilder:0.6233333333333333
SearchPersonFlowBuilder:0.6041666666666666
