Utils:0.49333333333333335
DetailsTableModel:0.3
OntologyEditor:0.27666666666666667
PropertyDetailsTableModel:0.2733333333333333
TopClassAction:0.26166666666666666
ValuesSelectionAction:0.26
DeleteOntologyResourceAction:0.25
OntologyItemComparator:0.22666666666666666
SubClassAction:0.21666666666666667
InstanceAction:0.18333333333333332
OntoTreeCellRenderer:0.16333333333333333
DetailsTableCellRenderer:0.14666666666666667
PropertyDetailsTableCellRenderer:0.14333333333333334
DetailsGroup:0.13333333333333333
ObjectPropertyAction:0.06444444444444444
DatatypePropertyAction:0.06444444444444444
SymmetricPropertyAction:0.06444444444444444
TransitivePropertyAction:0.06444444444444444
RDFPropertyAction:0.06444444444444444
PropertyValue:0.05333333333333334
AnnotationPropertyAction:0.05333333333333334
TreeNodeSelectionListener:0.0425
