TimeBasedReplicationTest:0.4033333333333333
ReplicatedContext:0.4
Builder:0.38666666666666666
System:0.25666666666666665
