MovAvgPipelineAggregator:0.45
MovAvgPipelineAggregatorBuilder:0.38666666666666666
AbstractModelParser:0.332
SearchModule:0.2966666666666667
LinearModel:0.27666666666666667
HoltWintersModel:0.26
MovAvgUnitTests:0.21166666666666667
EwmaModel:0.20666666666666667
SimpleModel:0.19666666666666666
HoltLinearModel:0.15
