ShadowCursorAdapter:0.5966666666666667
Robolectric:0.49222222222222217
RobolectricPackageManager:0.3233333333333333
