GwtServerHelper:0.45666666666666667
CalendarFolderView:0.31333333333333335
CalendarNavigationPanel:0.31
GwtCalendarHelper:0.30333333333333334
GwtRpcServiceImpl:0.2375
MiscUtil:0.23333333333333334
SaveCalendarDayViewCmd:0.16333333333333333
GetCalendarNextPreviousPeriodCmd:0.15333333333333332
GetCalendarAppointmentsCmd:0.15333333333333332
GetCalendarDisplayDataCmd:0.14
SaveCalendarHoursCmd:0.08666666666666667
SaveCalendarShowCmd:0.08666666666666667
GetCalendarDisplayDateCmd:0.08666666666666667
UpdateCalendarEventCmd:0.08666666666666667
