DBCollection:0.40222222222222226
Index:0.37666666666666665
IndexTest:0.25
AddIndexAcceptanceTest:0.20333333333333334
DBCollectionOldTest:0.16
CollectionAdmin:0.15833333333333333
CollectionAdminImpl:0.06333333333333334
