TestRunListener:0.49
TextResultRenderer:0.39666666666666667
JPPFTestRunner:0.38
JPPFTestServlet:0.20333333333333334
