ExtractSegmentsPlugIn:0.6933333333333334
LineNoderPlugIn:0.6466666666666666
Features2SegmentStringsWithData:0.255
