Vector:0.6166666666666667
BitMappedTrie:0.43666666666666665
ArrayType:0.36
VectorTest:0.24
