Permission:0.77
MetadataPermissions:0.5233333333333333
OperationFactory:0.18666666666666668
MetadataPermissionsFactory:0.12666666666666668
