Integers:0.78
Numbers:0.3566666666666667
GCD:0.31
NumbersTiming:0.24666666666666667
