Country:0.54
Gazetteer:0.43
GeoService:0.35
NGAImport:0.21
SelectImportWidget:0.18666666666666668
Import:0.18333333333333332
GeoMap:0.16333333333333333
GeoViewSettings:0.15666666666666668
GeoView:0.09333333333333334
