ShadowAssetManager:0.6361111111111111
ActivityController:0.4
ShadowTypeface:0.3466666666666667
