ByteBuffer:0.51
ParcelTest:0.4766666666666667
ShadowParcel:0.33
AccountTest:0.11333333333333333
