TestSVN:0.39666666666666667
PEViewComponent:0.37
PEViewComponentImp:0.34
MainMenuComponent:0.2874444444444444
MainMenuComponentImp:0.2
STFTest:0.013333333333333334
