FileMetaInfo:0.5466666666666666
Dataset:0.54
DcmParser:0.4233333333333333
DcmObject:0.3963888888888889
DcmHandlerAdapter2:0.30333333333333334
Xml2Dcm:0.2916666666666667
Dcm2Xml:0.28
BaseDatasetImpl:0.26666666666666666
SAXHandlerAdapter2:0.2633333333333333
DcmDir:0.25
DcmParserImpl:0.20388888888888887
FileMetaInfoImpl:0.16333333333333333
DcmObjectImpl:0.15666666666666668
TagFilter:0.11
