Info:0.4033333333333333
MNotification:0.29833333333333334
InternetSearchPanel:0.27133333333333337
SearchBar:0.2511111111111111
MInternalFrame:0.22
WikiPanel:0.20361111111111113
SyntaxProvider:0.1836111111111111
MFontButton:0.15666666666666668
Action:0.15
