DISPPARAMS:0.27
COMObject:0.25
OleAut32Util:0.24
Oleaut32Test:0.21666666666666667
SAFEARRAYBOUND:0.1811111111111111
SAFEARRAY:0.17466666666666666
COMUtils:0.17444444444444446
OleAut32UtilTest:0.1725
IUknownTest:0.1486111111111111
MSOfficeDemo:0.14444444444444443
