MockEventIpcManager:0.5666666666666667
TransactionAwareEventIpcManagerProxy:0.49
OpenNMSIntegrationTestCase:0.30666666666666664
PendingEventsHolder:0.12666666666666668
PendingEventsSynchronization:0.03666666666666667
TransactionAwareEventIpcManagerProxyTest:0.03666666666666667
