Conf:0.5433333333333333
BaseMultiLayerNetwork:0.5422222222222222
ActorNetworkRunnerTest:0.29333333333333333
MasterActor:0.2833333333333333
ActorNetworkRunner:0.19
LFWDataFetcher:0.1
