LinkSet:0.5766666666666667
Transcript:0.5566666666666666
AbstractLinker:0.26
ResultPeptidePair:0.25666666666666665
GameSynteny:0.24555555555555558
