ClusterWideMapTest:0.6377777777777777
FakeAsyncMap:0.25666666666666665
AsyncMap:0.25666666666666665
WrappedAsyncMap:0.21666666666666667
