MultiLayerNetwork:0.35
NeuralNetConfiguration:0.27
TestOptimizers:0.25
BaseLayer:0.23666666666666666
OutputLayer:0.22666666666666666
SimpleOptimizableModel:0.21666666666666667
BaseOptimizer:0.18
UpdaterCreator:0.056111111111111105
