Element:0.5
HTMLElementTest:0.44388888888888894
HTMLListElement:0.2833333333333333
