Binder:0.58
SourceProviders:0.36
RecordingBinder:0.3433333333333333
CommandReplayer:0.24
Names:0.21666666666666667
BuiltInModule:0.05333333333333334
