XContentParserUtils:0.8221031746031746
Suggestion:0.5166666666666667
XContentParserUtilsTests:0.19
