BuildAgentServiceImpl:0.52
DistributedMasterBuilder:0.49666666666666665
ZipUtilTest:0.35333333333333333
