Groove:0.8733333333333333
GrooveFileChooser:0.3433333333333333
FromFileAction:0.30666666666666664
