MultiLayerNetwork:0.7466666666666667
VariationalAutoencoder:0.4866666666666667
StatsListener:0.37
TestPlayUI:0.19666666666666666
