FindClass:0.64
ff:0.3566666666666667
fc:0.3433333333333333
