GUIUtilities:0.03068492
View:0.028874643
jEdit:0.02853971
Log:0.010424385
