View:0.08215744
AbstractOptionPane:0.080675095
BufferOptionPane:0.066771075
jEdit:0.054321934
FoldWidgetFactory:0.05283578
EncodingWidgetFactory:0.038460992
ModeWidgetFactory:0.03846099
EnhancedDialog:0.03806881
Buffer:0.02964982
