AbstractInputHandler:0.39414743
InputHandler:0.16521464
KeyEventTranslator:0.16056314
View:0.038088597
KeyEventWorkaround:0.035135597
jEdit:0.035076067
EditAction:0.02564355
ShortcutPrefixActiveEvent:0.025245892
StatusBar:0.016470324
