DockingFrameworkProvider:0.58777386
DockableWindowManagerImpl:0.13782004
DockableWindowManager:0.08515148
View:0.083219625
DockableWindowFactory:0.0464101
