PluginManager:0.08492434
VFSManager:0.05410613
jEdit:0.04653347
Log:0.020812988
EnhancedDialog:0.009896645
TextUtilities:0.008146495
