RubyPartitionScanner:0.4655
RubyTextTools:0.3933333333333333
RubySourceViewerConfiguration:0.31333333333333335
RubyCodeScanner:0.20666666666666667
