FeatureList:0.54
SeqExport:0.4533333333333333
Selection:0.42
Link:0.39666666666666667
FeatureSelectionEvent:0.36
ApolloPanel:0.33
StrandedZoomableApolloPanel:0.27666666666666667
SelectionSet:0.25916666666666666
BaseFineEditor:0.22333333333333333
TierPopupMenu:0.215
BaseEditorPanel:0.21333333333333335
AnnotationEditor:0.21
SeqExportFeatureListener:0.21
FeatureEditorDialog:0.20333333333333334
TranslationStartStopSelectionListener:0.18666666666666668
FeatureTreeFrame:0.18333333333333332
GameSynteny:0.18
AnnotationMenu:0.17333333333333334
LinkSet:0.16666666666666666
TranslationView:0.14333333333333334
SetDetailPanel:0.13666666666666666
SyntenyLinkPanel:0.12666666666666668
ApolloFeatureSelectionListener:0.05
BookmarkMenu:0.02666666666666667
