Builder:0.49666666666666665
BaseMultiLayerNetwork:0.36
Conf:0.31666666666666665
ActorNetworkRunnerApp:0.30333333333333334
DBN:0.23
SdaTest:0.15666666666666668
BaseNeuralNetwork:0.15083333333333335
HiddenLayerTests:0.13
LogisticTest:0.11666666666666667
AkkaSdaRunnerTest:0.11333333333333333
SdaRunnerTest:0.11333333333333333
HiddenLayerTest:0.09
DenoisingTests:0.08
DAMnistTest:0.07333333333333333
SDALFWTest:0.07333333333333333
MnistSdaTest:0.07333333333333333
