MessageDescription:0.7266666666666667
Messages:0.37333333333333335
MessageDescriptionDetail:0.33666666666666667
MessageDescriptionViewer:0.26
QMHRTVM:0.18333333333333332
MessageDescriptionDetailDialog:0.15333333333333332
