IExecutorDAO:0.6766666666666666
IBatchPresentationCompiler:0.605
ISubstitutionLogic:0.5533333333333333
DefinitionService:0.5
Entry:0.4533333333333333
ProcessDefinition:0.4266666666666667
Node:0.39
Messages:0.3516666666666667
IBatchPresentationCompilerFactory:0.27051984126984113
IGenericDAO:0.27051984126984113
DefinitionServiceBean:0.27
NodeTypeDefinition:0.26666666666666666
ContentComposite:0.25666666666666665
Artifact:0.25333333333333335
GenericDAO:0.24666666666666667
DeploymentDAO:0.24472222222222223
ProcessDAO:0.24
GraphitiEntry:0.23666666666666666
AdminScriptRunner:0.23333333333333334
LocalFileSystemVariable:0.20900000000000002
ExecutionContext:0.1988888888888889
NodeFigure:0.19722222222222222
DurationEditDialog:0.19666666666666666
ParContentProvider:0.19555555555555554
DefinitionLogic:0.18666666666666668
GefEntry:0.18333333333333332
AdminActionLog:0.1822222222222222
DefinitionServiceDelegate:0.17666666666666667
TaskListBuilder:0.17
ParamDefConfig:0.16666666666666666
TaskStateFigure:0.16333333333333333
ProcessEditorBase:0.16333333333333333
IProcessLogDAO:0.16333333333333333
IExecutorContextFactory:0.16333333333333333
ReceiveMessageFigure:0.15333333333333332
BulkDeployDefinitionControlHideableBlockAjaxTag:0.15333333333333332
ViewControlsHideableBlockAjaxTag:0.15333333333333332
WorkflowThreadPoolBotInvoker:0.15333333333333332
LocalFileSystemStorage:0.14666666666666667
TransitionDeleteCommand:0.14333333333333334
DefaultAssignmentHandler:0.13666666666666666
NodeDeleteCommand:0.13333333333333333
TemporaryGroup:0.13
ApplicationWorkbenchAdvisor:0.12666666666666668
EscalationGroup:0.12222222222222223
ExportDataFileTag:0.11666666666666667
ManualSwimlaneElement:0.11333333333333333
BaseDeployProcessDefinitionAction:0.11
PrefConstants:0.10666666666666667
AdminScriptConstants:0.10666666666666667
LanguageElementPreferenceNode:0.1
BotTaskRowBuilder:0.09666666666666666
StateFigure:0.09
WaitStateFigure:0.09
BotTaskHeaderBuilder:0.08666666666666667
MultiSubprocess:0.08666666666666667
ForkJoinFigure:0.08666666666666667
BotDataFileBuilder:0.08583333333333333
DelegateTaskServlet:0.08
RedeployDefinitionFormTag:0.075
ProcessDefinitionUpdateLog:0.065
EmailConfigWizardPage:0.043333333333333335
RedeployProcessDefinitionAction:0.043333333333333335
ChooseVariableLabelDialog:0.03333333333333333
LanguageElementPreferencePage:0.03333333333333333
DeployProcessDefinitionAction:0.025833333333333333
DefaultExecutorContextFactory:0.02
IWfTaskFactory:0.006666666666666667
AddColumnsToSubstituteEscalatedTasksPatch:0.0033333333333333335
BatchPresentationHibernateCompilerFactory:0.0
