ReaderException:0.7166666666666667
DecodeServlet:0.4766666666666667
URIParsedResult:0.4633333333333333
