CertificateData:0.57
CertificateStoreSessionBean:0.31333333333333335
RAInterfaceBean:0.29
CertificateStoreSession:0.24972222222222218
CaListExpiredCommand:0.19666666666666666
CertificateDataTest:0.18666666666666668
