Materialisation:0.7666666666666667
PatternShape:0.57
TestMaterialisation:0.23
TestPatternShapeGenerator:0.19333333333333333
