FileReadingCollector:0.47
TransportSQLActionTest:0.4066666666666667
MapSideDataCollectOperation:0.32
IndexWriterProjector:0.28
FileUriCollectNode:0.24666666666666667
LocalDataCollectTest:0.19333333333333333
FileReadingCollectorTest:0.18333333333333332
LineContext:0.18333333333333332
MapSideDataCollectOperationTest:0.09
MockedS3FileInput:0.08239417989417991
DistributingCollectOperation:0.03666666666666667
