LowerTextToSpeechSpeed:0.16333333333333333
LowerTextToSpeechVolume:0.16333333333333333
RaiseTextToSpeechVolume:0.16
