RequestLogger:0.6466666666666666
Sniffer:0.29333333333333333
