ClientReplicatedMapTest:0.7030555555555555
ClientReplicatedMapGetRequest:0.518888888888889
ClientReplicatedMapProxy:0.3466666666666667
