SyslogMsg:0.48333333333333334
ArrServiceImpl:0.31333333333333335
UDPServerImpl:0.28
ISO8601DateFormat:0.22
InvalidSyslogMsgException:0.10666666666666667
