Literal:0.4066666666666667
SelectAnalyzerTest:0.36
StatementAnalyzer:0.3433333333333333
SQLTypeMappingTest:0.25
SelectStatementAnalyzer:0.18666666666666668
