Request:0.8133333333333334
RequestBuilderBase:0.32666666666666666
RequestImpl:0.28
PerRequestTimeoutTest:0.24666666666666667
AsyncHttpProviderUtils:0.22666666666666666
NettyRequestThrottleTimeoutTest:0.13333333333333333
