MultiResourceItemReader:0.8033333333333333
MultiResourceItemReaderIntegrationTests:0.3722222222222222
