Analysis:0.5066666666666667
StatementAnalyzer:0.4033333333333333
ExpressionAnalyzer:0.29333333333333333
Visitor:0.2866666666666667
RelationPlanner:0.2633333333333333
ExpressionInterpreter:0.23666666666666666
AnalysisContext:0.21666666666666667
QueryPlanner:0.21
Analyzer:0.17733333333333334
RelationPlan:0.17333333333333334
LogicalPlanner:0.17
AggregationAnalyzer:0.09333333333333334
