RouterService:0.4633333333333333
DataService:0.4
IDataService:0.2833333333333333
MockDataService:0.23666666666666666
