NeurophProject:0.5233333333333333
IMRVisualPanel1:0.46
NeurophProjectLogicalView:0.19833333333333336
CreateNeuralNetworkFileService:0.18
CreateTrainingSetFileService:0.15666666666666668
