LookCapacities:0.7066666666666667
LookCapacitiesHandler:0.4533333333333333
LookCapacitiesHandlerCheckKOTest:0.4166666666666667
LookDefinitionHandler:0.3466666666666667
UIDefinitionHandler:0.23666666666666666
PropertyParser:0.13
