MethodSelector:0.43666666666666665
UniqueIdSelector:0.30666666666666664
ClassSelector:0.2833333333333333
PackageSelector:0.2633333333333333
NameBasedSelector:0.16666666666666666
