SWDownloadFile:0.5266666666666666
SWDownloadCandidate:0.47
Cfg:0.43333333333333335
GeneratePreviewAction:0.16666666666666666
