InterceptFieldTransformer:0.5207777777777778
TestAll:0.52
TransformDemo:0.31333333333333335
