MetaModel:0.7533333333333333
View:0.52
DescriptionsCalculator:0.2866666666666667
PojoPG:0.11111111111111109
