QueryUtil:0.63
StudyListPage:0.45
StudyListBean:0.29333333333333333
StudyListFilter:0.21333333333333335
