JOCLContext:0.82
ComputeContext:0.30366666666666664
JOCLSource:0.22111111111111115
