EditGpwl:0.35
MWLItemBean:0.32666666666666666
MWLManagerBean:0.20666666666666667
PatientBean:0.20083333333333334
ContentEditBean:0.19666666666666666
PatientUpdateBean:0.19
RefRequestBean:0.18333333333333332
GPSPSBean:0.13666666666666666
GPSPSPriority:0.06111111111111111
GPSPSStatus:0.06111111111111111
InputAvailabilityFlag:0.06111111111111111
GPWLManagerBean:0.01
