NutFilePool:0.81
UploadingContext:0.47
JdbcExpertConfigFile:0.2733333333333333
UploadAdaptor:0.25666666666666665
