NumericValueType:0.4166666666666667
DataCollectionConfigFactory:0.3775
ValueType:0.36666666666666664
AttributeType:0.33666666666666667
RrdRepository:0.09666666666666666
StringValueType:0.03
