Simulator:0.57
GuiState:0.31333333333333335
NewSimulationListener:0.28272619047619046
ControlPanel:0.26
LTSPanel:0.22333333333333333
