Content:0.5733333333333334
ContentPlugin:0.2866666666666667
Attachment:0.2833333333333333
View:0.24333333333333335
FilterMatches:0.21587301587301586
Filter:0.2125
Variant:0.20333333333333334
AbstractBasicContent:0.19666666666666666
AbstractBasicVariant:0.18666666666666668
HttpBasicAuthentication:0.17
SitemapSectionTag:0.14
AbstractSummaryDescriptionVariant:0.12333333333333334
