CmpConfiguration:0.695
CmpTestCase:0.24333333333333335
CmpRAAuthenticationTest:0.22333333333333333
CmpRaThrowAwayTest:0.056666666666666664
