ObjectWrapper:0.545
MetaObject:0.4666666666666667
ObjectFactory:0.3233333333333333
DefaultObjectFactory:0.29333333333333333
BeanWrapper:0.21333333333333335
BaseExecutor:0.21333333333333335
MapperMethod:0.19333333333333333
NestedResultSetHandler:0.18333333333333332
MapWrapper:0.18
ResultLoader:0.17666666666666667
ResultObjectFactoryImpl:0.15666666666666668
DeferredLoad:0.14666666666666667
