ReplicatedChronicleMap:0.36666666666666664
TcpReplicator:0.34
AbstractChannelReplicator:0.31
ServerConnector:0.22666666666666666
ClientConnector:0.19
CloseablesManager:0.15833333333333333
