LoadPlan:0.6561111111111111
SingleRootReturnLoadPlanBuilderStrategy:0.55
LoadPlanBuilderTest:0.4066666666666667
LoadPlanImpl:0.31666666666666665
