VirtualMethodRegistrar:0.6466666666666666
SCANNER:0.4716666666666667
