Node:0.37333333333333335
CMap:0.3333333333333333
ConcurrentMapManager:0.22
ClusterManager:0.22
QueryService:0.21
SelectorBase:0.19666666666666666
ReadHandler:0.19
NodeShutdownHookThread:0.13666666666666666
QueryServiceState:0.09277777777777778
