PropertyBean:0.45666666666666667
InteractionListener:0.18666666666666668
SimpleValueBean:0.12
EventBean:0.07333333333333333
FileBean:0.05333333333333334
XRefBean:0.043333333333333335
NameBean:0.043333333333333335
DateBean:0.03666666666666667
AgeBean:0.02
ChoiceBean:0.016666666666666666
MLEBean:0.016666666666666666
SexBean:0.016666666666666666
EntityBean:0.013333333333333334
