FlatFileItemReader:0.7066666666666667
LineCallbackHandler:0.5647698412698412
FlatFileItemReaderBasicTests:0.5233333333333333
