Node:0.5666666666666667
ClusterManager:0.5633333333333334
ClusterService:0.51
