WxService:0.6466666666666666
WxUserAPITest:0.23666666666666666
WxServiceImpl:0.19966666666666666
