RendererModel:0.5933333333333334
Renderer:0.5033333333333333
IChemObjectSelection:0.47
IncrementalSelection:0.3253333333333333
ControllerHub:0.32
BasicBondGenerator:0.2833333333333333
AbstractSelection:0.2833333333333333
HighlightModule:0.25
MakeReactantOrProductInExistingReactionEdit:0.2397222222222222
ZoomModule:0.23333333333333334
IUndoRedoFactory:0.22337301587301586
IChemModelRelay:0.19583333333333333
AddRingModule:0.18
RenderingParameters:0.17111111111111113
ControllerModuleAdapter:0.16333333333333333
SelectAtomGenerator:0.15194444444444447
SelectBondGenerator:0.15194444444444447
AlterBondStereoModule:0.14666666666666667
MoveModule:0.13166666666666665
MakeReactantOrProductInNewReactionEdit:0.115
AddBondModule:0.11
ReactionBoxGenerator:0.09333333333333334
LoadNewModelEdit:0.02
