MemberState:0.6966666666666667
MemberStateImpl:0.5433333333333333
PartitionServiceImpl:0.3433333333333333
ManagementCenterService:0.3333333333333333
CollectionService:0.2733333333333333
TopicService:0.26
MapMigrationOperation:0.24666666666666667
StateSender:0.23048989898989902
DynamicClusterTest:0.19
TaskPoller:0.18666666666666668
MapProxySupport:0.17666666666666667
TopicProxySupport:0.13666666666666666
ConsoleRequestConstants:0.0
