MetaWeblogAPIHandler:0.46
BloggerAPIHandler:0.4533333333333333
AbstractBlojsomAPIHandler:0.26666666666666666
