XmlFlowBuilder:0.7966666666666666
XmlFlowBuilderTests:0.12666666666666668
