AdminProcessor:0.5333333333333333
SearchProcessor:0.31333333333333335
SearchQueryService:0.28
