BeanUtilBean:0.6525
BeanUtilUtil:0.36333333333333334
JspResolver:0.2816666666666667
