MetadataCheck:0.4352380952380952
XSSCheck:0.38
MetadataCheckUtil:0.23333333333333334
XSSCheckException:0.21166666666666667
MetadataCheckException:0.11
