RedissonSet:0.44
RSet:0.3487380952380953
RedissonSetReactive:0.18666666666666668
RSetReactive:0.14492063492063492
RedissonSetTest:0.12666666666666668
RedisCommands:0.12169841269841271
RedissonSetReactiveTest:0.06666666666666667
RSetAsync:0.013333333333333334
