Coordinates:0.5133333333333333
MainWindow:0.3433333333333333
MarsCalendarDisplay:0.235
MalfunctionFactory:0.22333333333333333
UnitTableModel:0.22
MedicalAssistance:0.2
MasterClock:0.19666666666666666
SettlementTemplate:0.19666666666666666
GlobeDisplay:0.19
MonitorWindow:0.18666666666666668
UnitDialog:0.18666666666666668
MapDisplay:0.18333333333333332
DeathInfo:0.17666666666666667
TimeWindow:0.11666666666666667
