SqlLiteral:0.48333333333333334
OracleJdbcExpert:0.32666666666666666
AbstractJdbcExpert:0.20333333333333334
MysqlJdbcExpert:0.19333333333333333
NutDaoExecutor:0.14666666666666667
