PopupBean:0.6066666666666667
BasicEditor:0.3933333333333333
