UpdateableImpl:0.4033333333333333
HazelCastStateTracker:0.39666666666666667
MasterActor:0.2866666666666667
WorkerActor:0.27
LocalFileUpdateSaver:0.14666666666666667
