GeneEditPanel:0.4866666666666667
TestApollo:0.41333333333333333
IDFocusListener:0.3333333333333333
GeneNameFocusListener:0.23666666666666666
