Packet:0.5933333333333334
ClusterService:0.4066666666666667
ResponsiveRemoteProcess:0.14666666666666667
AsyncRemotelyBooleanCallable:0.14666666666666667
AsyncRemotelyObjectCallable:0.14666666666666667
