MockTransportClient:0.49333333333333335
ESTestCase:0.42
InternalTestClusterTests:0.34
TransportClientHeadersTests:0.21333333333333335
TransportClientIT:0.15
TransportClientFactory:0.14
