PatientBean:0.6033333333333334
PatientUpdateBean:0.3933333333333333
MWLManagerBean:0.29333333333333333
StudyMgtBean:0.25
GPWLManagerBean:0.25
GPPPSManagerBean:0.25
MPPSManagerBean:0.23333333333333334
StorageBean:0.23
