JmxMessageNotifier:0.6533333333333333
JmxLogger:0.5902380952380952
JmxAppender:0.17333333333333334
JPPFLogFormatter:0.1
JmxLoggerImpl:0.07833333333333334
JmxHandler:0.07666666666666666
JPPFMBeanProvider:0.03
JPPFDriverMBeanProvider:0.0011111111111111111
JPPFNodeMBeanProvider:0.0011111111111111111
