MockService:0.5966666666666667
MockUtil:0.3933333333333333
PollerTest:0.25333333333333335
MockDatabase:0.23666666666666666
MockNetworkTest:0.22
OutageTest:0.16333333333333333
JDBCTemplate:0.14333333333333334
MockDatabaseTest:0.12333333333333334
Querier:0.10333333333333333
SingleResultQuerier:0.02666666666666667
Updater:0.023333333333333334
OutageChecker:0.02
