StepExecution:0.4766666666666667
JobExecutionTests:0.31666666666666665
JobSupport:0.30333333333333334
Entity:0.28
EntityTests:0.21
JobParametersTests:0.19
PropertiesConverterTests:0.16666666666666666
JobSupportTests:0.07666666666666666
JobInstanceTests:0.07
StepExecutionTests:0.06333333333333334
PropertiesConverter:0.05333333333333334
StepSupportTests:0.04
SimpleJobLauncherTests:0.03666666666666667
StepContributionTests:0.0033333333333333335
