InitialFlowSetupAction:0.45
YubiKeyMultifactorWebflowConfigurer:0.2815873015873015
RadiusClientFactory:0.21333333333333335
YubiKeyAuthenticationHandler:0.21333333333333335
JRadiusServerImpl:0.20333333333333334
RadiusAuthenticationHandler:0.13666666666666666
YubiKeyMultifactorAuthenticationProvider:0.04
