JenaModel:0.6716666666666666
IRDFManager:0.46
RDFManager:0.38666666666666666
