EncryptUtil:0.5166666666666667
ProfileModuleImpl:0.46
AuthenticationManagerImpl:0.2866666666666667
ModifyEntryController:0.21666666666666667
