SPredictionVisualPanel2:0.39666666666666667
SPredictionVisualPanel1:0.3566666666666667
SPredictionWizardIterator:0.33
SPredictionWizardPanel2:0.24333333333333335
SPredictionWizardPanel1:0.21333333333333335
