SerializationUtils:0.4166666666666667
BaseUseAttributesAuthorizationGenerator:0.38
ServiceWarningAction:0.20333333333333334
Pac4jErrorViewResolver:0.17666666666666667
