VFSManager:0.6366666666666667
ErrorEntry:0.37
BufferLoadRequest:0.30333333333333334
