JMagnifier:0.6133333333333333
JMagnifierDialog:0.5533333333333333
JMagnifierInterface:0.43333333333333335
