Default:0.54
Nexus:0.4866666666666667
ClassReloadingStrategy:0.39166666666666666
