BopException:0.8633333333333333
NoOutputException:0.23222222222222225
