ElvinURI:0.8516666666666667
JUTestElvinURI:0.3466666666666667
