DescriptionStrategy:0.44666666666666666
AgentBuilder:0.41
Default:0.3433333333333333
Delegator:0.32666666666666666
AgentBuilderDefaultTest:0.31333333333333335
InstallationStrategy:0.22333333333333333
Ignoring:0.22044444444444447
Transforming:0.22044444444444447
ExecutingTransformer:0.22044444444444447
Qux:0.2063968253968254
AgentBuilderDefaultApplicationTest:0.19666666666666666
