Column:0.6333333333333333
jdbcPreparedStatement:0.3566666666666667
Function:0.21666666666666667
