ExecutorConfig:0.5066666666666667
XmlConfigBuilder:0.33555555555555555
ExecutorConfigTest:0.23
ClusterTest:0.21666666666666667
ExecutorManager:0.19
GetOwnerCallable:0.08
