AdvancedConfig:0.4633333333333333
Builder:0.43333333333333335
HttpProtocol:0.3466666666666667
BasicHttpsTest:0.29333333333333333
