AbstractTicketRegistry:0.5433333333333333
JpaTicketRegistry:0.4658333333333333
DefaultTicketRegistry:0.4166666666666667
