RegressionEvaluation:0.5833333333333334
MultiLayerNetwork:0.44888888888888895
RegressionEvalTest:0.02
