HtmlElement:0.5366666666666666
HtmlUnitDOMBuilder:0.33
AttributesTest:0.23666666666666666
HTMLParser:0.22
ElementFactory:0.1997777777777778
RowContainer:0.19666666666666666
HTMLTableRowElement:0.19666666666666666
HTMLImageElement:0.16666666666666666
XmlUtil:0.12333333333333334
