UsernameGenerator:0.54
CrmfRequestMessage:0.5
UsernameGeneratorParams:0.39666666666666667
UsernameGeneratorTest:0.25
CmpServlet:0.2
BaseCmpMessage:0.14444444444444446
CmpMessageDispatcher:0.12666666666666668
CrmfMessageHandler:0.05
ConfirmationMessage:0.04
