Loader:0.52
Parser:0.4
Token:0.31476190476190474
Generator:0.30666666666666664
ClassProperties:0.2733333333333333
