RolloverRequest:0.23666666666666666
TransportRolloverAction:0.12333333333333334
RolloverResponse:0.11666666666666667
Condition:0.08
RolloverRequestBuilder:0.03666666666666667
MaxDocsCondition:0.03
MaxAgeCondition:0.03
