IResponseMessage:0.5227777777777778
ScepRequestMessage:0.39
IRequestMessage:0.29003968253968254
ProtocolScepHttpTest:0.29
TestMessages:0.23
X509ResponseMessage:0.20833333333333334
ScepResponseMessage:0.20666666666666667
PKCS10RequestMessage:0.18333333333333332
RSASignSessionBean:0.18
ScepServlet:0.17
ScepPkiOpHelper:0.14666666666666667
