ExtendedInformation:0.35333333333333333
X509CA:0.35
BasicCertificateExtensionTest:0.27666666666666667
CertificateExtension:0.25666666666666665
BasicCertificateExtension:0.23
