ImageIcon:0.41333333333333333
Preview:0.41
ProxyFile:0.24
ActionZoom:0.19666666666666666
