BootstrapTest:0.7669444444444444
BaseValidator:0.3383333333333333
