WriteBehindStore:0.30333333333333334
WriteThroughStore:0.26
MapDataStore:0.21666666666666667
EmptyMapDataStore:0.19333333333333333
ClientExtensionTest:0.11
