FlowExecutionRepository:0.5866666666666667
ConversationLock:0.4977777777777777
FlowExecutorImpl:0.33666666666666667
SimpleFlowExecutionRepository:0.24666666666666667
ContinuationFlowExecutionRepository:0.18666666666666668
ClientContinuationFlowExecutionRepository:0.18666666666666668
SimpleFlowExecutionRepositoryFactory:0.18525
SharedMapFlowExecutionRepositoryFactory:0.1
NoOpConversationLock:0.07800000000000001
AbstractFlowExecutionRepository:0.05
DelegatingFlowExecutionRepositoryFactory:0.016666666666666666
FlowExecutionRepositoryServices:0.016666666666666666
AbstractFlowExecutionRepositoryCreator:0.006666666666666667
AbstractFlowExecutionRepositoryFactory:0.006666666666666667
SingletonFlowExecutionRepositoryFactory:0.0
Jdk15ConversationLock:0.0
