CliAuthenticationToken:0.8266666666666667
X509CertificateAuthenticationToken:0.3333333333333333
CliAuthenticationTokenTest:0.22333333333333333
