Credentials:0.5235714285714286
ClusterManager:0.4655555555555555
GroupProperties:0.20666666666666667
