JFXRadioBoxRendererTest:0.7433333333333333
JFXRadioBoxRenderer2Test:0.7433333333333333
