ClassAuditingData:0.6683333333333333
AuditedPropertiesHolder:0.42380555555555555
ComponentAuditingData:0.2966666666666667
