HtmlPageTest:0.27666666666666667
HTMLAnchorElementTest:0.2733333333333333
WebClientTest:0.25
JavaScriptEngineTest:0.24
FocusableElementTest:0.22133333333333335
HTMLIFrameElementTest:0.19666666666666666
HtmlUnitXPathTest:0.19666666666666666
CacheTest:0.15333333333333332
