Encoder:0.49666666666666665
ByteArray:0.4766666666666667
EncoderTestCase:0.3566666666666667
ReedSolomonEncoder:0.24
