FieldEditor:0.5894444444444444
booleanEditor:0.4033333333333333
