ResourceLoader:0.5433333333333333
XmlLoader:0.39666666666666667
ViewLoaderTest:0.31333333333333335
TestAttributeSetTest:0.23
AttrResourceLoaderTest:0.13333333333333333
ColorResourceLoaderTest:0.13333333333333333
StringResourceLoaderTest:0.13333333333333333
StringArrayResourceLoaderTest:0.12666666666666668
