Installation:0.7
InstallerCommandLine:0.49111111111111105
InstallerCommandLineTest:0.22666666666666666
InstallationTest:0.13
