MatrixUtil:0.83
Builder:0.5433333333333333
NeuralNetworkOptimizer:0.25333333333333335
BaseMultiLayerNetwork:0.23333333333333334
DBN:0.22833333333333333
StackedDenoisingAutoEncoder:0.22833333333333333
MultiLayerNetworkOptimizer:0.22833333333333333
SdaTest:0.17333333333333334
DBNTest:0.12
