InMemoryLookupTable:0.7033333333333334
WordVectorSerializer:0.6566666666666666
WordVectorSerializerTest:0.22333333333333333
CSVReader:0.21444444444444447
