Management:0.5433333333333334
DefaultDOManager:0.37333333333333335
AutoExporter:0.3433333333333333
Administrator:0.3
FedoraAPIMBindingSOAPHTTPImpl:0.24333333333333335
DefaultManagement:0.23
ExportObject:0.17777777777777778
ViewObjectXML:0.16000000000000003
