ResonancePositiveChargeDescriptorTest:0.5516666666666666
PartialPiChargeDescriptorTest:0.5433333333333333
PiElectronegativityDescriptorTest:0.47833333333333333
