ClassPath:0.5183888888888888
MemoryLocation:0.37833333333333335
AbstractLocation:0.2833333333333333
NotifyingOutputStream:0.2405793650793651
JobSLA:0.235
NotifyingInputStream:0.22333333333333333
URLLocation:0.18
TestOfflineNode:0.16666666666666666
