Gedcom:0.47333333333333333
Indi:0.4633333333333333
Entity:0.4166666666666667
MetaProperty:0.3466666666666667
Model:0.31333333333333335
BlueprintManager:0.2866666666666667
EntityTableModel:0.26666666666666666
TreeView:0.25333333333333335
Blueprint:0.23666666666666666
PropertyEvent:0.23166666666666666
Content:0.22055555555555553
TableView:0.22
PropertyMedia:0.21
NavigatorView:0.20333333333333334
FilterByType:0.20333333333333334
ActionDel:0.2
Bookmark:0.2
ViewManager:0.19666666666666666
Report:0.19666666666666666
GedcomWriter:0.19333333333333333
ReportMakeHTMLTable:0.19
ReportBirthdays:0.18333333333333332
GedcomReader:0.18333333333333332
Report4Generations:0.18333333333333332
ReportAncestorStatistics:0.18333333333333332
EntityView:0.17333333333333334
PropertyHusband:0.17
ActionAdd:0.17
PropertyWife:0.17
PropertyChild:0.17
Relationship:0.17
PropertyFamilyChild:0.16666666666666666
ReportGedcomStatistics:0.16333333333333333
PropertySubmitter:0.16
Example:0.16
PropertyRepository:0.16
PropertyAssociation:0.16
ActionSearch:0.16
XRefBy:0.15666666666666668
TableViewSettings:0.15666666666666668
TreeWidget:0.15333333333333332
DelEntity:0.15333333333333332
VisibleFilter:0.15333333333333332
ReportValidate:0.15333333333333332
PropertyFamilySpouse:0.14766666666666667
CreateRelationship:0.14666666666666667
ReportTrees:0.14666666666666667
SelectionFilter:0.14666666666666667
SetSubmitter:0.14333333333333334
GrammerParser:0.14
GedcomTableWidget:0.14
PropertySource:0.13666666666666666
ReportDescendants:0.13666666666666666
ReportAges:0.13666666666666666
ReportAncestors:0.13666666666666666
PropertyNote:0.13666666666666666
ControlCenter:0.13333333333333333
EditViewFactory:0.13333333333333333
I18NView:0.12333333333333334
Note:0.12333333333333334
CreateEntity:0.11333333333333333
BlueprintList:0.11
ActionChooseEntity:0.1075
Filter:0.10666666666666667
TreeViewPrinter:0.09333333333333334
SaveOptionsWidget:0.09333333333333334
ActionInsert:0.08666666666666667
Preview:0.08666666666666667
ActionChangeType:0.08
Source:0.07
AbstractTreeModel:0.059722222222222225
