Index:0.5133333333333333
QueryEntry:0.44666666666666666
Indexes:0.34
QueryBasicTest:0.25333333333333335
DefaultRecordStore:0.25333333333333335
IndexImpl:0.22333333333333333
PredicatesTest:0.21
SqlPredicateTest:0.20666666666666667
AbstractRecordStore:0.205
DummyEntry:0.19666666666666666
MapContainer:0.19166666666666668
IndexTest:0.19
ClientSortLimitTest:0.18666666666666668
QueryRecord:0.15
AddIndexOperation:0.14666666666666667
MapMigrationAwareService:0.14666666666666667
IndexesTest:0.14666666666666667
QueryIndexTest:0.04666666666666667
