Timer:0.5433333333333333
LossHandler:0.4166666666666667
TimerWheel:0.33
RetransmitHandlerTest:0.28
