DeepLearningConfigurable:0.6666666666666666
BaseNeuralNetwork:0.66
Conf:0.3
Builder:0.17333333333333334
