BondPartialPiChargeDescriptor:0.12666666666666668
IPBondLearningDescriptor:0.12666666666666668
BondPartialSigmaChargeDescriptor:0.12666666666666668
BondPartialTChargeDescriptor:0.12666666666666668
BondSigmaElectronegativityDescriptor:0.12666666666666668
MassNumberDifferenceDescriptor:0.12666666666666668
