AbstractTypeDeclaration:0.34
VariableRenamer:0.2966666666666667
JdtTypeElement:0.29333333333333333
NameTable:0.25666666666666665
JdtTypes:0.255
BindingConverter:0.25333333333333335
ElementUtil:0.24666666666666667
TreeConverter:0.21333333333333335
LambdaGenerator:0.18333333333333332
JdtExecutableElement:0.18
LambdaExpression:0.17666666666666667
