Project:0.71
ProjectController:0.39666666666666667
Main:0.26
ProjectControllerAgent:0.24
ProjectControllerMBean:0.21916666666666668
