ExecutionSubContext:0.47944444444444445
PageDownstreamContext:0.45
JobExecutionContext:0.2733333333333333
TransportKeepAliveAction:0.20333333333333334
JobCollectContext:0.18333333333333332
JobExecutionContextTest:0.15666666666666668
AbstractExecutionSubContext:0.14944444444444446
PageDownstreamContextTest:0.07666666666666666
KeepAliveSubContext:0.05
SubContextModeResetListener:0.0
