Incident:0.6966666666666667
UploadFileAction:0.5433333333333333
IncidentTest:0.17333333333333334
