DcmSnd:0.27466666666666667
HPQRScu:0.23555555555555557
MediaCreationMgtScu:0.23555555555555557
MoveStudy:0.20533333333333334
DcmRcv:0.19666666666666666
DcmGen:0.19666666666666666
MppsSnd:0.18666666666666668
MoveScu:0.1827777777777778
Hl7Rcv:0.15944444444444444
Hl7Snd:0.15944444444444444
