Event:0.53
ConstField:0.4063730158730159
Script:0.31666666666666665
Field:0.11555555555555558
TestScript:0.043333333333333335
