HttpClientRequestImpl:0.58
HttpClientImpl:0.44
TLSTest:0.30333333333333334
HttpTestBase:0.26
Http1xTLSTest:0.17833333333333334
