NettyAsyncHttpProvider:0.49666666666666665
JDKAsyncHttpProvider:0.44666666666666666
ApacheAsyncHttpProvider:0.29444444444444445
AsyncHttpUrlConnection:0.2811111111111111
