CassandraSession:0.7966666666666666
CassandraRecordCursor:0.39
CassandraMetadata:0.36666666666666664
