Inventory:0.5133333333333333
Vehicle:0.39666666666666667
Settlement:0.3581666666666667
ArrivingSettlement:0.32
VehicleConfig:0.3
