ShadowContext:0.49666666666666665
ShadowContextWrapper:0.4266666666666667
ShadowActivityTest:0.28
ShadowLooperTest:0.24666666666666667
ShadowServiceTest:0.23666666666666666
ShadowContentResolverTest:0.23416666666666666
DefaultPackageManager:0.23
ShadowContextTest:0.22
CoreShadowsAdapter:0.19716666666666666
ShadowsAdapter:0.16166666666666665
ParallelUniverse:0.07
