Operation:0.569555315055315
Repository:0.5066666666666667
BsonEncoding:0.38
Repositories:0.35
BsonReader:0.3466666666666667
BsonWriter:0.33
MongoContext:0.30333333333333334
RepositorySetup:0.29333333333333333
Ent:0.2866666666666667
Builder:0.22
Support:0.195
Finder:0.14333333333333334
Indexer:0.14333333333333334
Modifier:0.10333333333333333
Replacer:0.06
MongoAsserts:0.05333333333333334
Criteria:0.045
UpdatatingOperation:0.0033333333333333335
Updater:0.0033333333333333335
FinderWithDelete:0.0
