CommunicationsStub:0.8733333333333333
AuthenticationPanel:0.39666666666666667
Installer:0.17666666666666667
Refresh:0.17
