GuavaCache:0.5833333333333334
AsyncLoadingCacheTest:0.3466666666666667
CacheTest:0.28
CacheGenerator:0.21666666666666667
CacheValidationListener:0.19333333333333333
Thrasher:0.14333333333333334
