FeatureView:0.4633333333333333
DrawableSeqFeature:0.44333333333333336
DrawableFeatureSet:0.39666666666666667
ApolloPanel:0.38666666666666666
