JPPFConnectionInformation:0.5933333333333334
BaseJPPFClientConnection:0.49
JPPFMulticastReceiverThread:0.24666666666666667
