PIXRequestHandler:0.5933333333333334
PIXUpdateNotificationHandler:0.39
PDSRequestHandler:0.2633333333333333
