FileUtils:0.4766666666666667
CodeWriter:0.3488888888888889
ClsSet:0.2633333333333333
InputFile:0.2633333333333333
IntegrationTest:0.25666666666666665
JavaToDex:0.19944444444444445
ManifestAttributes:0.18555555555555556
AsmUtils:0.17777777777777778
ResourcesLoader:0.15666666666666668
