DiagnosticsContext:0.5881666666666665
DiagnosticsListener:0.4874444444444444
DiagnosticsResultSet:0.41
DiagnosticsStatement:0.31
DiagnosticsConnection:0.26666666666666666
AbstractContext:0.19333333333333333
DefaultDiagnosticsContext:0.16333333333333333
DiagnosticsListeners:0.1443333333333333
LRU:0.08
DefaultDiagnosticsListener:0.013333333333333334
