AbstractCreateNodeFeature:0.3566666666666667
ProjectFinder:0.2708333333333333
DiagramCreator:0.25
DiagramFeatureProvider:0.22666666666666666
GpdXmlContentProvider:0.22
ProcessEditor:0.19
AddTransitionFeature:0.17333333333333334
ElementEntry:0.17333333333333334
DiagramToolBehaviorProvider:0.15666666666666668
DiagramTypeProvider:0.11333333333333333
StyleUtil:0.11333333333333333
AddNodeFeature:0.1
TextUtil:0.09546164021164023
DiagramImageProvider:0.07333333333333333
DirectEditNodeFeature:0.07333333333333333
CreateTransitionFeature:0.07333333333333333
ExtDiagramEditorInput:0.06333333333333334
CreateEndEventFeature:0.02
MoveNodeFeature:0.02
CreateStartNodeFeature:0.02
DeleteNodeFeature:0.016666666666666666
IndependenceSolver:0.0033333333333333335
ResizeNodeFeature:0.0033333333333333335
