JOCLDevice:0.36333333333333334
FluxSceneSerializer:0.35
FluxJOCLScene:0.33
Device:0.30666666666666664
GPUFlux:0.29
GPUFluxLightModel:0.2733333333333333
Buffer:0.22666666666666666
JOCLContext:0.21333333333333335
ComputeContext:0.17
GPUFluxTracer:0.16333333333333333
JOCLPlatformVersion:0.115
GPUFluxWhittedTracer:0.11333333333333333
JOCLSingleDeviceFilter:0.10333333333333333
GPUFluxPathTracer:0.1
JOCLMultiDeviceFilter:0.07666666666666666
GPUFluxLightTracer:0.02666666666666667
