ExecutorNameValue:0.5638055555555556
Timer:0.5276666666666667
TaskNode:0.39166666666666666
