Expression:0.38333333333333336
ExprTree:0.37
Variable:0.33
Parameter:0.30666666666666664
CallExpr:0.26
Constant:0.21
Assignment:0.19666666666666668
Operator:0.19
FieldExpr:0.19
