Response:0.53
Utils:0.25666666666666665
RestAdapterTest:0.23333333333333334
ApacheClient:0.18
ApacheClientTest:0.16
MockHttpException:0.15555555555555556
UrlConnectionClientTest:0.12
UrlConnectionClient:0.11333333333333333
MockInvalidResponseClient:0.08333333333333333
