QueryPartList:0.54
AlterTableImpl:0.3433333333333333
ConstraintImpl:0.2633333333333333
AlterTableStep:0.19138888888888891
ConstraintTypeStep:0.06
