TestT:0.34
ParserATNFactory:0.28
ATNFactory:0.235
TestSets:0.18333333333333332
LexerATNFactory:0.18333333333333332
