ParserDocument:0.49666666666666665
WikiCache:0.49
DatabaseHandler:0.43666666666666665
ServletUtil:0.2833333333333333
