DisseminatingDOReader:0.6633333333333333
FastDOReader:0.66
DefaultAccess:0.42083333333333334
