TestHelpers:0.4166666666666667
AndroidAppPluginTest:0.36666666666666664
AndroidLibPluginTest:0.3566666666666667
JavaPluginTest:0.19666666666666666
