MClient:0.44
MPeriod:0.43
X_AD_Client:0.38666666666666666
MGLBookPeriod:0.22333333333333333
AcctProcessor:0.14333333333333334
