HopLexer:0.38
HopParser:0.31666666666666665
HopSymbolTableWalker:0.26666666666666666
DFA23:0.17333333333333334
DFA44:0.15333333333333332
DFA22:0.14
DFA20:0.14
DFA31:0.14
DFA4:0.13866666666666666
root_expression_return:0.03922222222222223
