FlybaseChadoInstance:0.6751111111111111
RiceChadoInstance:0.5566111111111112
