ProxyObject:0.6966666666666667
MsWordApp:0.35333333333333333
