RetrofitTest:0.5233333333333333
Retrofit:0.4866666666666667
Builder:0.44
ServiceMethod:0.2023333333333333
