SecuredModel:0.4633333333333333
ViewStateModel:0.4633333333333333
TransitionModel:0.44666666666666666
EndStateModel:0.44333333333333336
DecisionStateModel:0.42333333333333334
ActionStateModel:0.3933333333333333
FlowModel:0.38666666666666666
AttributeModel:0.38
SubflowStateModel:0.37333333333333335
VarModel:0.37
IfModel:0.36333333333333334
XmlFlowModelBuilder:0.3566666666666667
EvaluateModel:0.35333333333333333
InputModel:0.3466666666666667
SetModel:0.3433333333333333
OutputModel:0.33666666666666667
RenderModel:0.3233333333333333
ExceptionHandlerModel:0.27
BeanImportModel:0.27
FlowModelFlowBuilder:0.27
FlowModelTests:0.23666666666666666
FlowModelFlowBuilderTests:0.19666666666666666
AbstractModel:0.19
SetModelTests:0.12
EvaluateModelTests:0.12
VarModelTests:0.12
SecuredModelTests:0.10666666666666667
ExceptionHandlerModelTests:0.10666666666666667
RenderModelTests:0.10666666666666667
BeanImportModelTests:0.10666666666666667
EndStateModelTests:0.10666666666666667
AttributeModelTests:0.10666666666666667
IfModelTests:0.10666666666666667
InputModelTests:0.10666666666666667
OutputModelTests:0.10666666666666667
ActionStateModelTests:0.105
DecisionStateModelTests:0.105
ViewStateModelTests:0.105
TransitionModelTests:0.1
SubflowStateModelTests:0.08833333333333333
AbstractActionModel:0.05333333333333334
PersistenceContextModelTests:0.0
