CrateSettingsPreparer:0.5233333333333333
NodeSettingsTest:0.37
CrateSettingsPreparerTest:0.36666666666666664
CrateDB:0.36333333333333334
