TestDriver:0.5183333333333333
TestJdbcResultSet:0.45
ColumnInfo:0.4033333333333333
