RankEvalResponse:0.6866666666666666
RankEvalRequestTests:0.31333333333333335
TransportRankEvalAction:0.19666666666666666
RankEvalActionListener:0.19555555555555554
