HeightLightTest2:0.6033333333333334
NumRecognitionTest:0.30666666666666664
PersonRecognitionTest:0.23099999999999998
