Mining:0.6283333333333333
CollectIce:0.3416666666666667
CollectRegolith:0.3416666666666667
