RaCertificateDetails:0.5366666666666666
RaSearchCertsBean:0.43333333333333335
RaCertDistServlet:0.14333333333333334
RaViewCertBean:0.12
