SeleniumTestCase:0.6066666666666667
MultiBuildLoopTest:0.59
ElapsedTimeTest:0.32666666666666666
