GwtTeamingMessages:0.4
EntryMenuPanel:0.38333333333333336
FilterPanel:0.35333333333333333
GwtTeamingImageBundle:0.2866666666666667
