CommChannel:0.6533333333333333
CommCore:0.38666666666666666
SelectorThread:0.2733333333333333
CommChannelHandlerRunnable:0.21444444444444447
