Trigger:0.67
Data:0.5233333333333333
AbstractDataRouter:0.23666666666666666
SqlTemplate:0.20333333333333334
DataExtractorService:0.2
DataService:0.18333333333333332
DerbyFunctions:0.13333333333333333
XmlPublisherDataRouter:0.10333333333333333
TriggerRouterMapper:0.02
