UncompressedSliceBlockCursor:0.33444444444444443
UncompressedLongBlockCursor:0.33444444444444443
UncompressedBlockCursor:0.33444444444444443
UncompressedDoubleBlockCursor:0.33444444444444443
