ClassIntrospector:0.3933333333333333
AccessibleIntrospector:0.33666666666666667
WeakIntrospector:0.2966666666666667
Introspector:0.19
