QueryParserSettings:0.6333333333333333
QueryStringQueryBuilder:0.51
QueryStringQueryBuilderTests:0.31666666666666665
MapperQueryParser:0.29333333333333333
