DBPatchBase:0.705
StringInstance:0.6233333333333333
ByteArrayUpdateLog:0.32
StringMatcher:0.15
ChangeStringVariableMaxSize:0.006666666666666667
