FeatureFetcher:0.7516111111111111
StructureBuilder:0.44527777777777783
