JPPFNodeTaskMonitorMBean:0.5627777777777778
NodeTaskWrapper:0.5566666666666666
JPPFNodeTaskMonitor:0.43666666666666665
TestJPPFNodeTaskMonitorMBean:0.08
