Ep:0.5726666666666667
Ec:0.5726666666666667
