ClientConfig:0.6133333333333333
TestApp:0.36050000000000004
ClientClusterServiceImpl:0.22
BasicSSLContextFactory:0.21666666666666667
AsyncTest:0.20333333333333334
AbstractRecord:0.20333333333333334
DistributedExecutorService:0.2
ServiceLoader:0.19
XMLConfigBuilderTest:0.18666666666666668
ClientConfigBuilder:0.15333333333333332
Record:0.1527777777777778
CallableProcessor:0.13
TestClientApplicationContext:0.11
