GTS:0.7333333333333333
SimulatorModel:0.37333333333333335
StateCache:0.2966666666666667
StartGraphState:0.2733333333333333
