EjbcaWebBean:0.51
LocalUserAdminSessionBean:0.43333333333333335
OldLogSessionBean:0.21666666666666667
