BlobTableInfo:0.6
OptimizeTableAnalyzerTest:0.37666666666666665
TableAnalyzer:0.32666666666666666
OptimizeTableIntegrationTest:0.2733333333333333
OptimizeTableAnalyzer:0.13333333333333333
RefreshTableAnalyzer:0.07666666666666666
