InterceptorsManagerTest:0.6266666666666667
OneTwoActionTestBase:0.49666666666666665
MadvocParamsInjectorTest:0.13
