ExtentHelper:0.5666666666666667
Get:0.29333333333333333
ExtentsStrategy:0.28
Add:0.24733333333333335
Update:0.13444444444444445
