MapItemListUpdater:0.6194444444444444
ServerMapItemList:0.6
MapItemsRenderer:0.54
AbstractMapItemList:0.4766666666666667
GraphicFactory:0.2733333333333333
MapItemsPaneRenderer:0.24333333333333335
SwingFactory:0.23666666666666666
SwingLayerPainter:0.23
LayerRendererBridge:0.23
MapItemListRenderer:0.22666666666666666
StandAloneServerExtMapsTest:0.22611111111111115
ServerMapItemsUtilities:0.2
JFXLayerPainter:0.12
ServerMapItemsTestUtilities:0.11666666666666667
AbstractMapItemListUpdater:0.11333333333333333
SwingMapItemListUpdater:0.05333333333333334
DefaultMapItemListUpdater:0.03
