ConfigurationServiceImpl:0.57
NamingUtilites:0.4866666666666667
ConfigurationServiceImplTest:0.3883333333333333
EmailService:0.25
TestInitialContextFactory:0.0
