RubySourceViewerConfiguration:0.538888888888889
RubyEditor:0.39666666666666667
RubyActionGroup:0.18333333333333332
RubyEditorActionDefinitionIds:0.08333333333333333
