TranslateModuleAgent:0.5855555555555555
AssumeEquivRule:0.48
AutoAssumeEquivalenceAgent:0.30666666666666664
