StringUtil:0.6383333333333333
Jerry:0.4066666666666667
StringUtilTest:0.19666666666666666
