JSONGetITest:0.6833333333333333
CookieITest:0.36333333333333334
HeaderITest:0.285
