Hibernate4CacheEntrySerializerHook:0.7983333333333333
Hibernate4CacheKeySerializer:0.4766666666666667
