ByteBuddy:0.4066666666666667
AbstractBase:0.31333333333333335
DefaultOptionalMatchedMethodInterception:0.30666666666666664
Proxy:0.29
MethodToken:0.22733333333333333
MethodAnnotationTarget:0.2
OptionalMethodInterception:0.18666666666666668
RedefinitionDynamicTypeBuilder:0.17666666666666667
