DataEnvironment:0.49
Linker:0.3
ClassDescriptor:0.26666666666666666
CallStep:0.25
HopCompilerVariable:0.22
HopDataManager:0.20666666666666667
MainCallStep:0.19
CompilerVariable:0.15666666666666668
MainMethod:0.08611111111111111
