SyncReplicaVersion:0.43
PartitionStateGeneratorTest:0.37666666666666665
PartitionImpl:0.35
MigrationRequestOperation:0.18666666666666668
GroupPartitionState:0.1
