Store:0.5033333333333333
InternalEngine:0.44333333333333336
InternalEngineTests:0.27666666666666667
RecoveryDuringReplicationTests:0.22666666666666666
CombinedDeletionPolicy:0.18666666666666668
CombinedDeletionPolicyTests:0.15833333333333333
