Resolver:0.6166666666666667
NFAContext:0.5344444444444445
