HsqldbUtil:0.5866666666666667
StructuredbManager:0.4175
HsqldbTest:0.38333333333333336
