EnhancerEmitter:0.6633333333333333
MethodInterceptorGenerator:0.32666666666666666
