KeySelection:0.4166666666666667
KeyObjectBean:0.36
KeyObjectFilter:0.24
EJBServiceLocator:0.1927777777777778
HierarchicalSearchFilter:0.17333333333333334
FileSystemMgtResolver:0.14333333333333334
AEProperties:0.12666666666666668
FileLocationUtils:0.09
