AttributeBuilderBuilderI:0.8683333333333333
AttributeBuilderValueI:0.42380555555555555
AttributeBuilderTest:0.2733333333333333
