GwtFileHandle:0.51
Texture:0.43333333333333335
Reader:0.3466666666666667
BufferedReader:0.25
