Tds:0.5466666666666666
CursorResultSet:0.31333333333333335
ClobImpl:0.30333333333333334
TdsResultSet:0.28222222222222226
CallableStatement_base:0.26666666666666666
PreparedStatement_base:0.22
TdsConnection:0.21777777777777782
TdsStatement:0.20666666666666667
SAfeTest:0.19055555555555556
