Rectangle:0.7399999999999999
ScrollPane:0.49694444444444447
