TypeProxy:0.4866666666666667
Appender:0.2966666666666667
InvocationFactory:0.27666666666666667
ByReflectionFactory:0.19916666666666666
ByConstructor:0.19916666666666666
ForDefaultMethod:0.14333333333333334
