ConsoleAppenderFactory:0.43333333333333335
SyslogAppenderFactory:0.4266666666666667
FileAppenderFactory:0.3433333333333333
LoggingFactory:0.3233333333333333
