CodeEmitter:0.6966666666666667
ComplexOps:0.31666666666666665
EnhancerEmitter:0.26
Generator:0.25666666666666665
ReflectOps:0.25333333333333335
