Key:0.6666666666666666
Annotations:0.3233333333333333
AllTests:0.30333333333333334
Jsr330Test:0.27
Jsr330:0.25333333333333335
