BinderHelper:0.47
WorkflowProcessUtils:0.44333333333333336
AbstractFolderModule:0.34
AbstractFolderCoreProcessor:0.32
EntryProcessor:0.23327777777777778
AbstractEntryProcessor:0.17666666666666667
