SpaceToBatch:0.7333333333333333
Builder:0.3433333333333333
ConvolutionLayerSetupTest:0.24666666666666667
CNNGradientCheckTest:0.16666666666666666
