RegionStack:0.6083333333333333
RegionMaker:0.4066666666666667
ErrorsCounter:0.385
