Template:0.43666666666666665
Configuration:0.37666666666666665
QueryUtilsTest:0.2866666666666667
QueryUtils:0.2733333333333333
ModelGenerator:0.2425
AbstractGenerator:0.21666666666666667
Application:0.19666666666666666
Hibernate3:0.15333333333333332
