HazelcastTestSupport:0.5866666666666667
JsrTestUtil:0.24666666666666667
JsrClientTestUtil:0.20333333333333334
