GraphicFactory:0.56
ServerConfiguration:0.39
BufferLogger:0.37
ClientMessageProcessor:0.27666666666666667
DefaultEventLogger:0.2733333333333333
AbstractRenderingLayer:0.26666666666666666
SwingFactory:0.2633333333333333
JFXEventLogger:0.26
LoggerArea:0.26
BufferState:0.26
MapItemsUIHandler:0.24944444444444444
ServerNotificationReinitOnConnectionTest:0.24666666666666667
EditBoxTextRenderer:0.24666666666666667
AbstractServerEngine:0.24
MapItemsUIHandler2Test:0.23
ServerNotificationOnFirstConnectionTest:0.22666666666666666
ServerDevices:0.215
AbstractInteractiveWidget:0.21333333333333335
ServerNotificationOnConnection2Test:0.21
JFXFactory:0.1880952380952381
ServerMessageProcessor:0.18333333333333332
ServerDebugMessageProcessor:0.17666666666666667
A661Constants:0.17333333333333334
ServerNotificationNeverTest:0.165
EngineEventLogger:0.1608730158730159
TestUtilities:0.16
ServerNotificationDefaultTest:0.14
ServerNotificationOnConnectionTest:0.14
ProtocolInputDecoderClientTest:0.13666666666666666
Focus2Test:0.07083333333333333
FocusTest:0.07083333333333333
