COMUtils:0.43
IUknownTest:0.3933333333333333
COMObject:0.3466666666666667
OleAut32UtilTest:0.28
MSOfficeDemo:0.12133333333333333
