Management:0.7366666666666667
ManagementMBean:0.3466666666666667
ConfigurationsFrame:0.30666666666666664
JMXConfiguration:0.07666666666666666
