ComputationGraph:0.82
IterativeReduceFlatMap:0.2733333333333333
SparkComputationGraph:0.25666666666666665
HistogramIterationListener:0.24
SparkDl4jMultiLayer:0.2325
IterativeReduceFlatMapCG:0.08
