GwtViewHelper:0.59
AssignmentInfo:0.45666666666666667
GwtTeamingDataTableImageBundle:0.2833333333333333
AssignmentCell:0.15666666666666668
