Pump:0.59
EventBusImpl:0.5166666666666667
EventBus:0.3450555555555555
