Route:0.45666666666666667
RouteSelector:0.36
RouteSelectorTest:0.3466666666666667
RouteDatabase:0.24666666666666667
