Size:0.5833333333333334
Duration:0.5733333333333334
DurationTest:0.27666666666666667
SizeTest:0.25666666666666665
