GwtTeamingItem:0.6683333333333333
FindCtrl:0.2833333333333333
SearchResultItemWidget:0.2633333333333333
GwtFolder:0.23
GwtFolderEntry:0.23
SearchResultsWidget:0.21333333333333335
GwtRpcServiceImpl:0.18
EntryWidgetDlgBox:0.17666666666666667
GwtSearchResults:0.16666666666666666
