GwtViewHelper:0.6933333333333334
GwtServerHelper:0.5466666666666666
DeleteSelectedUsersDlg:0.32
