GwtTeamingMessages:0.71
MastHead:0.34
FilrActionsCtrl:0.25333333333333335
GwtTeamingImageBundle:0.23666666666666666
UserActionsPopup:0.21
MastheadPopupMenu:0.12444444444444443
