OptionsDialog:0.74070746
OptionGroup:0.16260953
OptionPane:0.040158026
AbstractOptionPane:0.038462058
jEdit:0.024117788
Log:0.01733021
BeanShell:0.013684956
OperatingSystem:0.005297233
StringModel:0.003808804
