CopyFileWorker:0.056767028
BufferAutosaveRequest:0.029143313
HelpIndex:0.027562095
