Set:0.41333333333333333
Delete:0.29
Add:0.24666666666666667
