DependencyWaiterApplicationContextExecutor:0.5
ScopingTest:0.44666666666666666
CompleteRefreshTask:0.3238888888888889
ContextLoaderListener:0.24
SyncWaitWithoutDependencyTest:0.21666666666666667
BaseListener:0.13666666666666666
