LightUtilityVehicle:0.64
UnitManager:0.5566666666666666
LUVDisplayInfoBean:0.17
UnitDisplayInfoFactory:0.15333333333333332
