LocalLib:0.7933333333333333
Info:0.33111111111111113
