ShamResource:0.5983333333333334
AbstractRdtTestCase:0.30666666666666664
AbstractRdtCompiler:0.2866666666666667
TC_IncrementalRdtCompiler:0.14333333333333334
MultipleFileCompiler:0.1267222222222222
CodeDuplicationDetector:0.06
