AbstractExecutorThreadFactory:0.5222222222222223
ManagedThread:0.3443333333333333
