AssetServletTest:0.44
AbstractServerFactory:0.3333333333333333
AsyncAppender:0.2966666666666667
WrappedServletInputStream:0.15333333333333332
RoutingHandlerTest:0.11333333333333333
AdminEnvironmentTest:0.10333333333333333
