SQLiteCursorTest:0.4766666666666667
SQLiteDatabaseTest:0.47361111111111104
ShadowIntentFilterTest:0.43333333333333335
