FunctionRegistry:0.4855555555555555
ApproximateDoublePercentileAggregations:0.43833333333333335
TestApproximatePercentileAggregation:0.25333333333333335
