DataLoaderService:0.6341666666666667
PushService:0.43666666666666665
PullService:0.2866666666666667
