AdaGrad:0.5
Builder:0.41
MatrixUtil:0.41
DataSet:0.4033333333333333
BaseMultiLayerNetwork:0.3933333333333333
MultiLayerNetworkOptimizer:0.2325
LFWLoader:0.23
MasterActor:0.17333333333333334
DBNTest:0.15333333333333332
RBM:0.14
CRBM:0.08666666666666667
RawMnistGradientDescent:0.08
MnistExample:0.08
AdaGradTest:0.07666666666666666
MnistDataFetcher:0.07666666666666666
Distributions:0.02666666666666667
RawMnistRBMExample:0.023333333333333334
RawDBNMnistExample:0.02
LFWDataFetcher:0.0
