SWDownloadFile:0.4266666666666667
RatedDownloadScope:0.26666666666666666
DownloadScope:0.25333333333333335
RatedDownloadScopeList:0.25
