CallStep:0.5466666666666666
StepFactory:0.48
Linker:0.22333333333333333
AbstractVirtualMachine:0.17
