ForeignKeyMetadata:0.4666666666666667
TableMetadata:0.4633333333333333
Configuration:0.39222222222222225
