ExtendedMultipartFile:0.5866666666666667
FolderUtils:0.44
FileExtendedSupport:0.4027777777777778
FileModuleImpl:0.3433333333333333
FileUploadItem:0.24333333333333335
FileUtils:0.24
AxisMultipartFile:0.23333333333333334
FolderServiceImpl:0.2
KablinkFileSystemInternal:0.19333333333333333
AttachmentsHelper:0.16111111111111112
