EventCountingListener:0.42
ReplicatedMapListenerTest:0.3
ClientReplicatedMapListenerTest:0.23666666666666666
ReplicatedMapEventPublishingService:0.19333333333333333
