ImplementationContextDefaultOtherTest:0.3333333333333333
ImplementationContextDefaultTest:0.3333333333333333
TypeWriterDefaultTest:0.31666666666666665
MethodRegistryDefaultTest:0.25333333333333335
ImplementationContextDisabledTest:0.22
