DefaultLayerFactory:0.5733333333333334
LayerFactories:0.22333333333333333
MultiLayerTestRNN:0.19333333333333333
GradientCheckUtil:0.16333333333333333
GradientCheckTests:0.10333333333333333
