StudyListLocal:0.66
PPSModel:0.2833333333333333
SeriesModel:0.26
InstanceModel:0.24333333333333335
EditDicomObjectPanel:0.24
PatientModel:0.23666666666666666
StudyModel:0.21666666666666667
StudyListBean:0.14666666666666667
SeriesListView:0.13
StudyListView:0.12333333333333334
PPSListView:0.12333333333333334
InstanceListView:0.11666666666666667
PatientListView:0.09333333333333334
EditPatientPage:0.023333333333333334
EditInstancePage:0.013333333333333334
EditStudyPage:0.013333333333333334
EditPPSPage:0.013333333333333334
EditSeriesPage:0.013333333333333334
