QueryVisitor:0.30666666666666664
TransportSQLActionTest:0.29
XContentGenerator:0.2733333333333333
TransportSQLAction:0.27
ParsedStatement:0.14666666666666667
IndexResponseListener:0.07333333333333333
