RequestScopeInjector:0.6966666666666667
MadvocConfig:0.61
MoveResult:0.3466666666666667
