ClusterService:0.6638888888888889
ClusterServiceImpl:0.6566666666666666
VersionCheck:0.30666666666666664
UrlActionParameterCreator:0.10333333333333333
