JCPMenuTextMaker:0.8877777777777779
ChangeModeAction:0.2882222222222222
