Oracle8iDialect:0.5233333333333333
Oracle9Dialect:0.515
SybaseDialect:0.31833333333333336
