FileList:0.4666666666666667
SharedProject:0.44333333333333336
VCSAdapter:0.4326746031746032
FileListDiff:0.31
IncomingInvitationProcess:0.2833333333333333
ISharedProject:0.2535396825396825
VCSProjectInformation:0.20806349206349206
FileListData:0.20666666666666667
ISessionManager:0.205
FileListTest:0.20166666666666666
OutgoingInvitationProcess:0.18
SessionManager:0.15666666666666668
VCSAdapterFactory:0.13566666666666669
SubclipseAdapter:0.12666666666666668
PartialNewSessionAction:0.09333333333333334
NewSessionAction:0.09333333333333334
GeneralNewSessionAction:0.08
NewSessionActionWithVCS:0.0
