Definitions:0.5866666666666667
Context:0.4633333333333333
Ctags:0.36
SearchEngine:0.30333333333333334
Results:0.14333333333333334
PlainAnalyzer:0.13666666666666666
