HibernateDaoTestConfig:0.5122222222222222
DaoTestConfig:0.3
JdbcDaoTestConfig:0.26666666666666666
AbstractDaoTestCase:0.23666666666666666
AvailabilityReportLocatorDaoTest:0.16666666666666666
