Source:0.7766666666666666
ProcessorTestSuite:0.42333333333333334
