ShadowContextImpl:0.4633333333333333
ShadowApplicationTest:0.43
ShadowSensorManagerTest:0.21666666666666667
ShadowSensorManager:0.15
