FileUtils:0.4033333333333333
NodeJobInformation:0.3451111111111112
JPPFJobManager:0.2833333333333333
DriverJobManagement:0.26
TaskQueueChecker:0.16333333333333333
JobDataPanel:0.15666666666666668
