ForwardingFileSystem:0.49333333333333335
FileSystemWrapper:0.46
ForwardingFileStatus:0.23111111111111116
SlowDatanodeSwitchingInputStream:0.19666666666666666
FileSystemWrapperProvider:0.11666666666666667
NoOpDNSwitchMapping:0.013333333333333334
