NodeMulticastListener:0.43333333333333335
JoinMessageTrustCheckerTest:0.2633333333333333
JoinMessageTrustChecker:0.24333333333333335
MulticastService:0.2
SplitBrainMulticastListener:0.17666666666666667
MulticastJoiner:0.17166666666666666
SlowMulticastJoinTest:0.15333333333333332
AbstractJoinTest:0.14
