WsBPartner:0.6133333333333333
ImportBillOfExchange:0.5075158730158731
