Attribute:0.7033333333333334
PatientId:0.33
UniqueId:0.25
Validator:0.21
CodeValidation:0.20333333333333334
