SerialCorpusImpl:0.644888888888889
TestPersist:0.43333333333333335
