HierarchicalTestExecutorTests:0.5666666666666667
Executable:0.5612142857142858
SingleTestExecutor:0.27666666666666667
