EAXBufferProperties:0.4051111111111111
ALTest:0.4033333333333333
EAXListenerProperties:0.4
