ConfigurationService:0.3466666666666667
PullResourceHandler:0.31333333333333335
HttpOutgoingTransport:0.2921666666666667
HttpTransportManager:0.29
DataExtractorService:0.2733333333333333
SimpleIntegrationTest:0.17333333333333334
