Configuration:0.6080555555555556
TypeHandlerRegistry:0.34
TypeAliasRegistry:0.31333333333333335
