Article:0.7425
ArticleQueryService:0.45
ArticleMgmtService:0.2633333333333333
VoteMgmtService:0.25
VoteProcessor:0.20666666666666667
