CloseFrame:0.5766666666666667
Framedata:0.5433333333333333
Draft:0.48333333333333334
FramedataImpl1:0.39666666666666667
WebSocketImpl:0.3433333333333333
Draft_10:0.25666666666666665
WebSocketAdapter:0.19666666666666666
Draft_76:0.19333333333333333
Draft_75:0.18333333333333332
AutobahnClientTest:0.17333333333333334
AutobahnServerTest:0.14
