Tool:0.5266666666666666
BaseTest:0.39
SymbolChecks:0.2877777777777777
SemanticPipeline:0.26666666666666666
ErrorManager:0.22744444444444445
TestCompositeGrammars:0.06333333333333334
