Link:0.62
SyntenyLinkPolygon:0.44666666666666666
PeptideLinker:0.15
LocationLinker:0.14333333333333334
AbstractLinker:0.04666666666666667
