Robolectric:0.7233333333333334
ShadowView:0.5366666666666666
ViewTest:0.15333333333333332
TestAnimation:0.10305555555555555
