GenericConversionService:0.5783333333333334
ConversionService:0.5478214285714285
DefaultConversionServiceTests:0.2966666666666667
BeanWrapperExpression:0.24
FormattedStringToNumber:0.15333333333333332
CustomConverter:0.08333333333333333
