RemoteBotShell:0.5866666666666667
RemoteBotTree:0.3
NewC:0.2966666666666667
SuperBot:0.2833333333333333
SarosPreferences:0.23
TestLinkFinder:0.22666666666666666
SarosViewTest:0.16
RefactorC:0.14666666666666667
