XMPPTransmitter:0.3
OutgoingInvitationProcess:0.29333333333333333
SessionManager:0.26
InvitationProcess:0.25333333333333335
IncomingInvitationProcess:0.24666666666666667
ISessionManager:0.23166666666666666
ITransmitter:0.20583333333333334
UncloseableInputStream:0.16
AdvancedPreferencePage:0.12666666666666668
InvitationInfo:0.09333333333333334
InvitationHandler:0.08
PreferenceConstants:0.06
ArchiveStreamService:0.02
