ReportAncestors:0.43833333333333335
ReportDescendants:0.43833333333333335
ReportValidate:0.415
