SqlImpl:0.6797222222222223
EntityCallback:0.3663888888888889
