ITrackerResources:0.6333333333333333
ITrackerResourcesProvider:0.35166666666666674
