StatementGenerator:0.5633333333333334
AutoboxerTest:0.32666666666666666
ObjectiveCImplementationGenerator:0.2866666666666667
InnerClassExtractorTest:0.26
InitializationNormalizerTest:0.26
StatementGeneratorTest:0.26
ObjectiveCImplementationGeneratorTest:0.23
AnonymousClassConverterTest:0.20333333333333334
GwtConverterTest:0.1
