RaMasterApi:0.44484523809523807
RaMasterApiProxyBean:0.3333333333333333
RaMasterApiSessionBean:0.31333333333333335
StepControl:0.26
Step:0.25166666666666665
RaManageRequestBean:0.19333333333333333
RaApprovalResponseRequest:0.11
