Webviewer:0.5666666666666667
TCResultPanel:0.22666666666666666
SeriesListView:0.19666666666666666
PatientListView:0.19666666666666666
WebviewerSelectionPage:0.16611111111111113
InstanceListView:0.11277777777777777
StudyListView:0.11277777777777777
