FeaturesConfig:0.69
Visitor:0.36333333333333334
SystemSessionProperties:0.30666666666666664
TestFeaturesConfig:0.23
PlanOptimizersFactory:0.16333333333333333
