Layer:0.4633333333333333
MultiLayerNetwork:0.36666666666666664
Builder:0.3333333333333333
ConvolutionLayer:0.22666666666666666
GravesLSTM:0.22333333333333333
ImageLSTM:0.215
GRU:0.21166666666666667
BaseLayer:0.20333333333333334
NeuralNetConfigurationTest:0.18666666666666668
BaseUpdater:0.12
RmsPropUpdater:0.11666666666666667
SgdUpdater:0.11666666666666667
GradientAdjustment:0.09666666666666666
LayerConfigTest:0.08666666666666667
AdaGradUpdater:0.08333333333333333
AdaDeltaUpdater:0.08333333333333333
NesterovsUpdater:0.08333333333333333
