FiberAsync:0.5283333333333333
FiberAsyncIO:0.2966666666666667
AsyncCompletableFuture:0.25333333333333335
AsyncListenableFuture:0.25333333333333335
