MatchQuery:0.44333333333333336
MultiMatchQueryBuilder:0.38333333333333336
MultiMatchQueryTests:0.3433333333333333
QueryBuilder:0.20666666666666667
MultiMatchQuery:0.20333333333333334
MatchQueryBuilder:0.12666666666666668
MultiMatchQueryParser:0.043333333333333335
CrossFieldsQueryBuilder:0.03
FieldAndMapper:0.02
