ElementDecl:0.39
XmlActions:0.31666666666666665
CatalogManager:0.30333333333333334
Handler:0.26
XmlInsert:0.21833333333333332
XmlParsedData:0.20666666666666667
SAXParserImpl:0.19666666666666666
XmlPlugin:0.19
TagHighlight:0.16666666666666666
TagMouseHandler:0.12333333333333334
XmlTag:0.11333333333333333
XmlSideKickParser:0.09666666666666666
SwingHTMLParserImpl:0.04666666666666667
