InputTypeConvolutionalFlat:0.65
FeedForwardToRnnPreProcessor:0.3566666666666667
FeedForwardToCnnPreProcessor:0.29333333333333333
