SimpleMethodEndpointMapping:0.6233333333333333
PayloadMethodEndpointAdapterTest:0.37333333333333335
MessageMethodEndpointAdapterTest:0.2966666666666667
SimpleMethodEndpointMappingTest:0.17333333333333334
