UpdateBotTasksAction:0.14333333333333334
CreateBotTaskAction:0.12666666666666668
CreateBotAction:0.12666666666666668
UpdateBotAction:0.12666666666666668
UpdateBotStationAction:0.08
CreateBotStationAction:0.08
