AsyncConsumer:0.5726666666666667
AsyncProvider:0.5726666666666667
