SAbstractForumController:0.73
ModifyBinderController:0.5166666666666667
AddFolderController:0.45666666666666667
