ClientEngineImpl:0.5666666666666667
ClientInvocationServiceSupport:0.43
ServiceManagerImpl:0.37333333333333335
