CacheProxy:0.5441666666666667
CacheLoaderAdapter:0.43
LoadingCacheProxy:0.30027777777777775
