AtmosphereServlet:0.6844444444444445
BroadcasterFactory:0.41333333333333333
BlockingIOCometSupportTest:0.32
AsynchronousProcessor:0.26666666666666666
Filter:0.25
DefaultBroadcaster:0.24666666666666667
DefaultBroadcasterFactory:0.23333333333333334
JettyCometSupport:0.13
TomcatCometSupport:0.11666666666666667
JBossWebCometSupport:0.11666666666666667
GlassFishv2CometSupport:0.11333333333333333
GrizzlyCometSupport:0.11333333333333333
Broadcastable:0.10833333333333334
BroadcasterProvider:0.10666666666666667
