PPTRTTexture:0.5566666666666666
J2DPrismGraphics:0.41
TextureHelper:0.38666666666666666
InitCreateScreenAction:0.13333333333333333
