QueriesView:0.7133333333333334
IImageKeys:0.6666666666666666
ApplicationWorkbenchAdvisor:0.3933333333333333
DeleteObject:0.2633333333333333
