RubyPlugin:0.5733333333333334
RubySourceViewerConfiguration:0.47
RubyTextTools:0.2833333333333333
RubyPartitionScanner:0.27777777777777773
RubyTokenScanner:0.22666666666666666
IRubyColorConstants:0.12883333333333333
AbstractRubyTokenScanner:0.10666666666666667
