MediaDriver:0.32666666666666666
Subscriber:0.25333333333333335
Publisher:0.22733333333333333
StreamingPublisher:0.15
EmbeddedThroughput:0.15
Ping:0.11
