WebFilter:0.5633333333333334
HazelcastHttpSession:0.5555555555555556
RequestWrapper:0.4033333333333333
