NativePluginConfig:0.7333333333333333
Platform:0.33666666666666667
ShlibModuleType:0.2833333333333333
