AddNewFolderDlg:0.3811111111111111
GwtConstants:0.36577777777777787
RenameEntityDlg:0.3377777777777778
GwtTeamingMessages:0.31333333333333335
FileIconsHelper:0.19
