CrlStoreSessionTest:0.4666666666666667
CrlStoreSession:0.3747619047619048
CrlCreateSessionCRLTest:0.35
InternalCertificateStoreSessionBean:0.28
CrlStoreSessionBean:0.24
CaSessionTestBase:0.16333333333333333
CrlCreateSessionDeltaCRLTest:0.14333333333333334
InternalCertificateStoreSessionRemote:0.12666666666666668
