Path:0.7066666666666667
Properties:0.42
GraphWidget:0.34
Content:0.26666666666666666
DnDMoveNode:0.25333333333333335
DnDResizeNode:0.21666666666666667
Shell:0.18583333333333332
DnDCreateArc:0.11666666666666667
DnDIdle:0.11
