LoggingConfigController:0.7993333333333333
AuthenticationEventsController:0.3433333333333333
