Operation:0.7533333333333333
BaseLockOperation:0.2733333333333333
WaitingOp:0.2633333333333333
BasicInvocation:0.21
QueueOperation:0.21
TryPutOperation:0.20666666666666667
MultiMapBackupAwareOperation:0.2
LockAwareOperation:0.2
TryRemoveOperation:0.2
TxnReservePollOperation:0.19666666666666666
TxnReserveOfferOperation:0.19666666666666666
OfferOperation:0.19333333333333333
PollOperation:0.19333333333333333
AcquireOperation:0.19333333333333333
AwaitOperation:0.19
TxnLockAndGetOperation:0.18
WaitNotifyServiceImpl:0.15333333333333332
InvocationTest:0.13333333333333333
LockOperation:0.11333333333333333
WaitSupport:0.09833333333333333
