DbSqlBuilder:0.67
DbEntitySql:0.29083333333333333
ColumnsSelectChunk:0.20111111111111113
ReferenceChunk:0.20111111111111113
TemplateData:0.11083333333333334
MappingTest:0.06333333333333334
Foo:0.014285714285714285
