AbstractTestQueries:0.5266666666666666
EnforceSingleRowOperatorFactory:0.47
EnforceSingleRowOperator:0.38
Visitor:0.2966666666666667
EnforceSingleRowNode:0.20333333333333334
