SaveToPostGISDataSource:0.6366666666666667
WritableDataStoreDataSource:0.49833333333333335
PostGISDataStoreDataSource:0.4266666666666667
