Security:0.6633333333333333
RestIndicesAction:0.31
SecurityTests:0.29333333333333333
