EventTarget:0.7516111111111111
BrowserVersionTest:0.38083333333333336
