InterpolationTest:0.22333333333333333
Vector2dTest:0.18333333333333332
PolygonRegionDebugRenderer:0.18333333333333332
MultitouchTest:0.16666666666666666
GwtInputTest:0.16666666666666666
PolygonSpriteTest:0.16
BitmapFontMetricsTest:0.16
BitmapFontTest:0.14333333333333334
ShapeRendererAlphaTest:0.14333333333333334
Box2DTest:0.14
TextureAtlasTest:0.13666666666666666
