ExchangeNode:0.37
SystemPartitioningHandle:0.33
TestAddExchanges:0.28
StreamPreferredProperties:0.2733333333333333
Rewriter:0.21666666666666667
LocalExchange:0.21666666666666667
TestLocalExchange:0.19333333333333333
TestHashJoinOperator:0.18
