Configuration:0.62
EncoderHandler:0.52
PollingTransport:0.30333333333333334
SocketIOChannelInitializer:0.26
DecoderBaseTest:0.15333333333333332
DecoderEventPacketTest:0.13
PayloadTest:0.013333333333333334
EncoderBaseTest:0.0
