ActionDelegate:0.39
MenuHelper:0.33666666666666667
ViewManager:0.3333333333333333
Change:0.2
