ViewGroupMvpViewStateDelegateImpl:0.6233333333333333
ViewGroupMvpViewStateDelegateImplTest:0.32666666666666666
MvpViewStateFrameLayout:0.19666666666666666
MvpViewStateLinearLayout:0.19666666666666666
MvpViewStateRelativeLayout:0.19666666666666666
ViewGroupMvpDelegateImpl:0.17333333333333334
