List:0.5633333333333334
SelectBox:0.43333333333333335
Tree:0.3933333333333333
ShaderCollectionTest:0.23
GamepadTest:0.16666666666666666
MipMapTest:0.16333333333333333
ListScroll:0.15833333333333333
ProjectiveTextureTest:0.15666666666666668
BaseG3dHudTest:0.14666666666666667
InterpolationTest:0.14666666666666667
UITest:0.12166666666666667
