AjaxController:0.4338888888888889
FileOpen:0.31333333333333335
WebKeys:0.0
