StatsHandler:0.6083333333333333
NodeHandler:0.54
NodeDataPanel:0.25333333333333335
