Node:0.6283333333333333
UsernamePasswordCredentials:0.4033333333333333
PutAllCallable:0.19
ClientAuthenticateHandler:0.18
XMLConfigBuilderTest:0.17333333333333334
