CurrentBufferSet:0.63193613
BufferListSet:0.5649909
SearchAndReplace:0.16900432
SearchDialog:0.11681469
HyperSearchRequest:0.10016078
HyperSearchResults:0.09305958
View:0.07351698
SettingsReloader:0.06105863
