MultipleWidgetsFoundException:0.6866666666666666
WidgetNotFoundException:0.5432380952380953
