JFCChartsEngine:0.47333333333333333
Theme:0.35333333333333333
HighchartsDefaultTheme:0.23666666666666666
ItemSelectionXYStepRenderer:0.19
