PagesIndex:0.5366666666666666
CacheKey:0.33666666666666667
SimplePagesHashStrategy:0.31
JoinCompiler:0.30666666666666664
