MetaCADEvaluatorEngine:0.6249444444444445
InsetObj:0.44166666666666665
