StoreScpService:0.5033333333333333
AbstractScpService:0.3233333333333333
QueryRetrieveScpService:0.2833333333333333
