WSFederationValidateRequestCallbackController:0.49333333333333335
JWTTokenTicketBuilder:0.31666666666666665
CasRegisteredServicesTestConfiguration:0.16333333333333333
