ShadowMapView:0.5933333333333334
ShadowMapController:0.29
ShadowPaint:0.2833333333333333
