LogicalPlanner:0.32666666666666666
Update:0.2833333333333333
CopyFrom:0.25666666666666665
CopyTo:0.25666666666666665
DependencyCarrier:0.18666666666666668
Delete:0.18333333333333332
