FileReaderTask:0.8486666666666667
ImportPanel:0.26666666666666666
CreateClassesTask:0.19666666666666666
