TrapQueueProcessor:0.4266666666666667
TrapInformation:0.35333333333333333
TrapIdentity:0.3
TrapHandler:0.29
SnmpPeerFactoryTest:0.24
V2TrapInformation:0.23666666666666666
V1TrapInformation:0.21777777777777782
TrapdTest:0.10666666666666667
EventCreator:0.0
