Cockpit:0.4633333333333333
GenerateCockpitDialog:0.26
AbstractServerCockpit:0.25666666666666665
SuperLayerServerCockpit:0.24666666666666667
SuperLayerCockpitConfigurationHandler:0.23666666666666666
WindowConnector:0.23666666666666666
SuperLayerGenerator:0.20666666666666667
ShortPanel:0.19305555555555554
IntPanel:0.19305555555555554
CockpitPlugin:0.18333333333333332
MessagePanelFactory:0.17333333333333334
AbstractServerCockpitConfigurationHandler:0.17
ConnectorXMLDFHandler:0.14333333333333334
LongPanel:0.09666666666666666
ConfigCockpitAction:0.08666666666666667
