DataStructureAdapter:0.7333333333333333
IMapDataStructureAdapterTest:0.20666666666666667
TransactionalMapDataStructureAdapterTest:0.18333333333333332
ReplicatedMapDataStructureAdapterTest:0.18333333333333332
ReplicatedMapDataStructureAdapter:0.15833333333333333
ICacheDataStructureAdapter:0.15833333333333333
IMapDataStructureAdapter:0.15833333333333333
TransactionalMapDataStructureAdapter:0.15833333333333333
ICacheDataStructureAdapterTest:0.08666666666666667
