FilterableRequestSpecification:0.8052222222222223
Cookies:0.5
FilterITest:0.19833333333333333
