SelectAnalyzerTest:0.4666666666666667
SysShardsTest:0.39666666666666667
InformationSchemaTest:0.32666666666666666
InformationSchemaQueryTest:0.2708333333333333
TransportSQLActionSingleNodeTest:0.26666666666666666
CopyIntegrationTest:0.25
TransportSQLActionClassLifecycleTest:0.23666666666666666
FieldResolverTest:0.23333333333333334
PlannerTest:0.22666666666666666
TestModule:0.22666666666666666
ExpressionAnalyzer:0.22
UpdateAnalyzerTest:0.205
FieldResolver:0.1
DeleteAnalyzerTest:0.09833333333333333
TestMetaDataModule:0.09
