BinaryTransaction:0.6166666666666667
Connection:0.2866666666666667
Response:0.25
Protocol:0.19
PipeliningTest:0.14
TransactionCommandsTest:0.12
