VariableNameChecker:0.5466666666666666
VariableNamePage:0.5433333333333333
