AbstractSBMLDetailsPage:0.7166666666666667
SBMLContentProvider:0.5133333333333333
SBMLMasterDetailBlock:0.3433333333333333
ModelDetailsPage:0.25333333333333335
