RubyProject:0.55
RubyModel:0.31666666666666665
RubyCore:0.2866666666666667
ExternalSourceFolderRoot:0.26666666666666666
ExternalSourceFolderRootInfo:0.1425
ExternalSourceFolder:0.08666666666666667
