Annotation:0.4533333333333333
AnnotationPK:0.26
TemporaryAnnotationService:0.24666666666666667
KnowledgeRepositoryManager:0.24333333333333335
AnnotationService:0.19666666666666666
TypedValue:0.19
KnowledgeRepositoryService:0.07
TypedValuePK:0.06
