PaymentSession:0.6066666666666667
PkiVerificationData:0.3361111111111111
PaymentSessionTest:0.23333333333333334
X509UtilsTest:0.18222222222222223
