StaxEventItemReader:0.51
MultiResourceItemReader:0.4633333333333333
BufferredResultSetReader:0.26666666666666666
CommonItemReaderTests:0.18
