Factory:0.6633333333333333
AbstractField:0.32
Cast:0.24333333333333335
DataTypeTests:0.21333333333333335
Degrees:0.16666666666666666
Radians:0.16666666666666666
BitCount:0.16666666666666666
Contains:0.16666666666666666
ExoticTests:0.16333333333333333
Ln:0.14666666666666667
Euler:0.12333333333333334
Pi:0.12333333333333334
DerbyTableDefinition:0.11
