AbstractServerEngine:0.6211111111111112
AbstractMapSource:0.44666666666666666
