Rule:0.5
Grammar:0.47333333333333333
NFA:0.36
IntervalSet:0.2633333333333333
Tool:0.2633333333333333
LabelElementPair:0.26
CollectSymbols:0.24333333333333335
ParserNFAFactory:0.23
NFASerializer:0.22333333333333333
DFA1:0.20333333333333334
BasicSemanticChecks:0.19666666666666666
BaseTest:0.18666666666666668
TestNFAConstruction:0.17
LexerNFAFactory:0.12777777777777777
TestLexerDFAConstruction:0.12666666666666668
AnalysisPipeline:0.1
LexerNFAToDFAConverter:0.06
DFA5:0.013333333333333334
