NettyResponseFuture:0.676
HttpHandler:0.42333333333333334
NettyRequestSender:0.4033333333333333
