Utils:0.7766666666666666
I18NBundle:0.23666666666666666
MimeType:0.23666666666666666
