WorkThread:0.12676805
IOProgressMonitor:0.10677393
StatusBar:0.09217194
VFSFileChooserDialog:0.08261997
VFSManager:0.08183336
WorkThreadProgressListener:0.068883486
Log:0.025311343
