WorkThread:0.28856465
ProgressObserver:0.09547556
BufferIORequest:0.051625963
MarkersSaveRequest:0.05117257
HyperSearchRequest:0.05098397
BufferLoadRequest:0.041510023
BrowserIORequest:0.038456984
PluginManagerOptionPane:0.035258535
BufferInsertRequest:0.029986102
BufferAutosaveRequest:0.024520675
PluginManager:0.021816086
BufferSaveRequest:0.016347345
TextAreaTransferHandler:0.012675097
PluginList:0.008379161
CopyFileWorker:0.006294252
