EmergencySupplyMission:0.8133333333333334
MissionManager:0.30333333333333334
Astronomer:0.19
Technician:0.19
Trader:0.19
Chef:0.19
Chemist:0.19
Botanist:0.19
Doctor:0.19
Mathematician:0.19
Architect:0.19
Engineer:0.19
Physicist:0.19
Meteorologist:0.19
Areologist:0.02
Biologist:0.02
Driver:0.02
