WxService:0.6980555555555557
WxServiceImpl:0.64
WxServiceTest:0.38333333333333336
WxConsts:0.016666666666666666
