Console:0.5433333333333333
DefaultShellBuiltIns:0.22333333333333333
DefaultShell:0.19333333333333333
ViewState:0.19
ProcessManager:0.19
BeanShell:0.1786111111111111
ConsoleProcess:0.09333333333333334
