Attribute:0.6
GenericDataTypeImpl:0.37666666666666665
JDBCReverseEngineeringStrategy:0.30666666666666664
PostgresDialect:0.19333333333333333
