DOReader:0.69
TestAPIM:0.4477777777777777
DefaultDOManager:0.30666666666666664
RelationshipTuple:0.24
SimpleDOReader:0.22333333333333333
BasicDigitalObject:0.22
DefaultManagement:0.2
JRDF:0.11666666666666667
SimpleURIReference:0.02666666666666667
