ParseTreeMatch:0.5433333333333333
ParseTreePatternMatcher:0.4666666666666667
TestParseTreeMatcher:0.32666666666666666
ParseTreePattern:0.19666666666666666
