Handle:0.54
SmileSection:0.35
OptionletVolatilityStructure:0.31
Libor:0.26666666666666666
LocalConstantVol:0.18666666666666668
FloatingRateBond:0.15333333333333332
ZeroCouponBond:0.15333333333333332
CapletVarianceCurve:0.12333333333333334
