GwtHtml5Helper:0.7691111111111112
EntryTitleCell:0.4166666666666667
