HazelcastClient:0.5133333333333333
ConnectionManager:0.38666666666666666
HazelcastClientMapTest:0.20333333333333334
AbstractSerializer:0.19777777777777777
