StructureDiagramGeneratorTest:0.6108333333333333
FingerprinterTest:0.5466666666666666
