ChecksumActivityDataObject:0.5666666666666667
FileActivityDataObject:0.5633333333333334
ISharedProject:0.4766666666666667
TextEditActivityDataObject:0.45666666666666667
EditorManager:0.42
Jupiter:0.41333333333333333
ViewportActivityDataObject:0.41
IActivityDataObject:0.4066666666666667
IActivityDataObjectReceiver:0.35642857142857143
IActivityDataObjectConsumer:0.35642857142857143
StopActivityDataObject:0.35333333333333333
JupiterActivity:0.35
TimedActivity:0.3433333333333333
FolderActivityDataObject:0.32
EditorActivityDataObject:0.31666666666666665
Document:0.31
TransformationResult:0.3016666666666667
InsertOperation:0.2966666666666667
XMPPChatTransmitter:0.29333333333333333
TextSelectionActivityDataObject:0.27
RoleActivityDataObject:0.26666666666666666
DeleteOperation:0.2633333333333333
StopManager:0.24333333333333335
SharedProject:0.23666666666666666
PingPongActivityDataObject:0.23666666666666666
ConcurrentDocumentClient:0.2
ActivitySequencer:0.2
SplitOperation:0.19833333333333333
AbstractActivityDataObjectReceiver:0.19
ActivitiesExtensionProviderTest:0.19
UndoManager:0.18
Handler:0.16666666666666666
SplitOperationTest:0.16333333333333333
RemoteDriverManager:0.16333333333333333
ConsistencyWatchdogHandler:0.15666666666666668
RemoteEditorState:0.15166666666666667
AbstractActivityDataObjectConsumer:0.14333333333333334
ResourceDeltaVisitor:0.13666666666666666
ActivityQueue:0.13333333333333333
RemoteEditorManager:0.13333333333333333
SharedResourcesManager:0.12333333333333334
JupiterClient:0.12333333333333334
ActivitiesHandler:0.12333333333333334
ActivityQueuesManager:0.1075
ConsistencyWatchdogClient:0.10666666666666667
ConcurrentDocumentServer:0.10666666666666667
JupiterServer:0.10333333333333333
ConsistencyWatchdogServer:0.10333333333333333
IActivityListener:0.10222222222222223
ActivitiesExtensionProvider:0.09666666666666666
QueueItem:0.09333333333333334
IActivityProvider:0.07
AbstractActivityProvider:0.06666666666666667
JupiterDocumentServer:0.06333333333333334
PingPongCentral:0.06
AbstractActivityDataObject:0.04666666666666667
IResourceActivityDataObject:0.03666666666666667
RoleManager:0.02666666666666667
PingStats:0.01
