Response:0.5
Operation:0.37
Swagger:0.3233333333333333
SecurityRequirement:0.3233333333333333
OAuth2Definition:0.24666666666666667
BodyParameter:0.24666666666666667
JsonSerializationTest:0.16
