IndicesAdminClient:0.47333333333333333
AbstractIndicesAdminClient:0.3131111111111111
IndexAliasesTests:0.29
ActionModule:0.17
RestActionModule:0.16666666666666666
