AdminModule:0.5520555555555555
GwtTeamingMessages:0.5422222222222223
AbstractAdminModule:0.31666666666666665
AbstractBinderProcessor:0.26777777777777784
ManageDatabasePruneDlg:0.23333333333333334
GwtServerHelper:0.18666666666666668
ZoneConfig:0.18666666666666668
GwtDatabasePruneConfiguration:0.15666666666666668
