Node:0.7966666666666666
LinkedArray:0.3566666666666667
SimpleNode:0.34
IntRange:0.27
Tag:0.24666666666666667
SimpleNodeTest:0.24333333333333335
Disks:0.06666666666666667
IntRangeTest:0.023333333333333334
