RemoteStrategy:0.6866666666666666
EncodedHostName:0.37333333333333335
