Mongo:0.6133333333333333
MonotonicallyConsistentMongoServerBinding:0.2733333333333333
MongoConnectionManagerForWrites:0.2188888888888889
MongoConnectionManagerForReads:0.20277777777777778
SaslAuthenticator:0.14
CachingAuthenticatorAsyncTest:0.12
GSSAPIAuthenticator:0.11666666666666667
