UserServiceImplTest:0.5066666666666667
IssueServiceTest:0.44666666666666666
UserServiceImpl:0.26
ConfigurationServiceImplTest:0.18666666666666668
