Scans:0.75
LocalResourceScan:0.4058333333333333
AbstractResourceScan:0.2611111111111111
