IndicesService:0.53
IndicesStoreIntegrationTests:0.3466666666666667
ShardActiveResponseHandler:0.3416666666666667
