ConfigurationClass:0.52
Sjc56Tests:0.26666666666666666
Sjc55Tests:0.17
RepositoryConfigWithPrivateExternalBean:0.1688888888888889
Sjc57Tests:0.16
RepositoryConfigWithPackagePrivateExternalBean:0.13735317460317462
RepositoryConfigWithProtectedExternalBean:0.13735317460317462
RepositoryConfigWithPublicExternalBean:0.13735317460317462
InfrastructureConfig:0.10045634920634922
BeansAndPostprocessorTests:0.09
