GISViewScene:0.6866666666666666
GISViewTopComponent:0.5183333333333333
SceneLookup:0.24666666666666667
