C3DTabPaneSkin:0.5583333333333333
RecursiveTreeItem:0.30742063492063487
