Model:0.62
View:0.44666666666666666
Controller:0.4066666666666667
EnsJAdapterGUI:0.2683333333333333
