SimpleResultSpecification:0.5233333333333333
FormHandlingAction:0.4880555555555555
AbstractAction:0.41
XmlFlowBuilder:0.3546666666666667
ResultObjectBasedEventFactory:0.31666666666666665
FormObjectAccessor:0.26
AbstractFlowBuilder:0.21333333333333335
FormActionTests:0.21333333333333335
MultiAction:0.19666666666666666
MementoBeanStatePersister:0.17333333333333334
ScopeBeanStatePersister:0.13666666666666666
LocalBeanInvokingActionTests:0.12666666666666668
PojoActionXmlFlowBuilderTests:0.09
