Reaction:0.54
BasicValidator:0.24666666666666667
SetOfAtomContainers:0.24666666666666667
ReactionManipulator:0.24
ReactionTest:0.22666666666666666
MDLRXNReader:0.215
CMLWriter:0.21
ValidatorEngine:0.2
Renderer2D:0.18333333333333332
MDLRXNReaderTest:0.14333333333333334
IDCreator:0.12333333333333334
