EditSettingsTag:0.5633333333333334
TitledFormTag:0.3566666666666667
FormTag:0.34
GrantPermissionsOnRelationGroupLinkTag:0.20666666666666667
SystemSettingsTag:0.15333333333333332
