Mapper:0.6661111111111111
LanguageTest:0.4033333333333333
XMLScriptBuilder:0.36
XMLLanguageDriver:0.24333333333333335
