TedTable:0.5766666666666667
TedMainDialog:0.43666666666666665
TedTablePopupMenu:0.43333333333333335
TedMainMenuBar:0.31666666666666665
