ShadowTextView:0.85
TextViewTest:0.25
EditTextTest:0.15666666666666668
ShadowEditText:0.12333333333333334
