Request:0.6633333333333333
RequestBuilder:0.34
AsyncHttpClient:0.25666666666666665
NettyAsyncHttpProvider:0.25333333333333335
AsyncProvidersBasicTest:0.22
RemoteSiteTest:0.20666666666666667
RequestImpl:0.2
RequestBuilderBase:0.18
BoundRequestBuilder:0.16
MultipleHeaderTest:0.13666666666666666
Head302Test:0.08
RequestBuilderTest:0.07333333333333333
