FilterInvocation:0.8133333333333334
DefaultSecurityFilterChain:0.35
DefaultFilterChainValidator:0.26666666666666666
