PatientBean:0.6766666666666666
SqlBuilder:0.48
QueryCmd:0.4533333333333333
StringRange:0.20333333333333334
