Person:0.47333333333333333
SimulationConfigEditor:0.3933333333333333
TabPanelSponsorship:0.38333333333333336
MissionAgenda:0.128
PersonWindow:0.11333333333333333
ReportingAuthority:0.10444444444444444
FindingLife:0.07333333333333333
NASAMissionControl:0.06111111111111111
AdvancingSpaceKnowledge:0.01
ResearchingHealthHazard:0.01
DevelopingAdvancedTechnology:0.01
DevelopingSpaceActivity:0.01
FindingMineral:0.01
DeterminingHabitability:0.01
ResearchingSpaceApplication:0.01
CNSAMissionControl:0.0033333333333333335
ESAMissionControl:0.0033333333333333335
CSAMissionControl:0.0033333333333333335
ISROMissionControl:0.0033333333333333335
RKAMissionControl:0.0033333333333333335
JAXAMissionControl:0.0033333333333333335
MarsSocietyMissionControl:0.0033333333333333335
