ReleasablePagedBytesReference:0.35
ReleasableBytesStreamOutput:0.3333333333333333
TcpTransport:0.33
BytesRestResponse:0.32
Streams:0.22333333333333333
TestResponse:0.21944444444444447
NoOp:0.19333333333333333
Translog:0.19333333333333333
RestController:0.18666666666666668
AbstractRestChannel:0.17333333333333334
DeflateCompressor:0.15
Netty4HttpChannelTests:0.13333333333333333
FlushOnCloseOutputStream:0.06666666666666667
