AnnotationEditor:0.3933333333333333
FineFeatureEditorPanel:0.24666666666666667
StrandedZoomableApolloPanel:0.24
EvidencePanel:0.18666666666666668
TypeRenderer:0.17777777777777778
FeatureTypes:0.17733333333333334
AnnotationMenu:0.16
EvidenceFinder:0.13666666666666666
