AtmosphereGwtHandler:0.5866666666666667
MyCometListener:0.3416666666666667
GWTDemo:0.26666666666666666
WebSocketCometTransport:0.20333333333333334
