Aeron:0.49
ClientAdminThread:0.4766666666666667
BasicBufferUsageStrategy:0.26666666666666666
Source:0.21
Builder:0.13333333333333333
BufferUsageStrategy:0.11348809523809524
