QueueContainer:0.5133333333333333
TxQueueItem:0.4266666666666667
TransactionalQueueProxySupport:0.24333333333333335
TxnPrepareBackupOperation:0.23
QueueTransactionLog:0.20333333333333334
TxnPrepareOperation:0.20333333333333334
QueueDataSerializerHook:0.09333333333333334
