PersistentClass:0.88
EntityTypeImpl:0.3511111111111111
EntityBinder:0.27666666666666667
MetamodelImpl:0.27111111111111114
