EventUtil:0.6933333333333334
NotificationManager:0.4222222222222222
EventUtilTest:0.18
