AircompressorDecompressor:0.5442777777777777
HadoopDecompressor:0.5442777777777777
