JpdlSerializer_3_2:0.5166666666666667
DesignerEditor:0.4633333333333333
ElementSerializer:0.25333333333333335
ErrorLogView:0.24944444444444444
BSHEditorDialog:0.18
ElementTreeEditPart:0.17
ElementGraphicalEditPart:0.08
