Status:0.69
GrpcUtil:0.36666666666666664
OkHttpClientTransport:0.33666666666666667
AbstractBenchmark:0.25666666666666665
ServerImplTest:0.24333333333333335
