GetUserRequest:0.3233333333333333
DeleteUserRequest:0.3233333333333333
GetGroupRequest:0.3233333333333333
DeleteGroupRequest:0.3233333333333333
