Qedeq2Latex:0.635
PluginManager:0.44777777777777783
ControlVisitor:0.3433333333333333
