Namespace:0.58
JsonSupport:0.33383333333333337
ClientListeners:0.308
SocketIOServer:0.27
JacksonJsonSupport:0.2633333333333333
NamespacesHub:0.10388888888888889
DecoderEventPacketTest:0.1
EventDeserializer:0.07333333333333333
