Version:0.7394444444444445
NamingConventionTests:0.27166666666666667
