AutoCommit:0.6183333333333333
LockResponse:0.48833333333333334
LockRequest:0.20666666666666667
