InternalStreamConnection:0.74
CommandHelper:0.4266666666666667
TestInternalConnection:0.23666666666666666
DefaultClusterableServerFactory:0.11333333333333333
