ClassReloadingStrategy:0.7966666666666666
ExtractionClassFileTransformer:0.3155555555555556
ClassReloadingStrategyTest:0.26666666666666666
