TemporaryJobs:0.45666666666666667
TemporaryJobBuilder:0.45
Builder:0.3
DefaultDeployer:0.24333333333333335
ProfileTest:0.07666666666666666
