AbstractSecurityExpressionHandler:0.6977777777777778
DefaultWebSecurityExpressionHandlerTests:0.2486111111111111
