TileMapRenderer:0.5366666666666666
TileAtlas:0.4033333333333333
AtlasRegion:0.3111111111111111
