SnmpCollector:0.3466666666666667
Collectd:0.2946666666666667
Poller:0.265
Eventd:0.22444444444444447
OutageManager:0.22444444444444447
Capsd:0.21733333333333335
DataManager:0.21666666666666667
Threshd:0.20166666666666666
Discovery:0.19777777777777777
Vulnscand:0.19777777777777777
