URL:0.6766666666666666
ConditionRouter:0.3233333333333333
UrlUtils:0.24666666666666667
ConditionRouterTest:0.17333333333333334
MatchPair:0.15
