RModel:0.7755555555555556
LinearRegressionModel:0.7433333333333333
LinearRegressionModelTest:0.18166666666666667
