Shape:0.44666666666666666
Simulator:0.36333333333333334
ShapeJModel:0.3
ActionStore:0.2633333333333333
ToggleExplorationStateAction:0.24333333333333335
ShapePreviewDialog:0.23111111111111116
