EventConstants:0.5586666666666666
Asset:0.51
RescanProcessor:0.2966666666666667
DbIfServiceEntry:0.27
ManagedService:0.25083333333333335
AssetModel:0.24666666666666667
BroadcastEventProcessor:0.22333333333333333
ElementUtil:0.2227777777777778
CapsdConfigFactory:0.215
PollableService:0.215
ManageNodesServlet:0.12333333333333334
ModifyAssetServlet:0.10666666666666667
ImportAssetsServlet:0.10333333333333333
ExportAssetsServlet:0.015
