ClassLoaderResolver:0.39
ByteBuddyExtension:0.38333333333333336
TransformationAction:0.25333333333333335
PostCompilationAction:0.2377777777777778
PrefixIterable:0.20666666666666667
