NodeExecutionManager:0.5333333333333333
JPPFThreadFactory:0.37666666666666665
JMXServerImpl:0.25333333333333335
JPPFThread:0.05333333333333334
NodeExecutionInfo:0.04
