DefaultExpressionParserFactory:0.36666666666666664
WebFlowOgnlExpressionParser:0.14746825396825397
RequestContextELResolver:0.06333333333333334
ScopeSearchingELResolver:0.03333333333333333
DefaultExpressionParserFactoryTests:0.016666666666666666
WebFlowELExpressionParser:0.006666666666666667
