ShardStats:0.61
TransportIndicesStatsAction:0.38333333333333336
InternalIndicesService:0.3466666666666667
TransportClusterStatsAction:0.31666666666666665
