BinaryComparator:0.605
ClientBinaryDFHandlerTest:0.581111111111111
DefaultBinaryExporterTest:0.33166666666666667
