SPropsUtil:0.4802777777777778
RssModuleImpl:0.35333333333333333
