LayerConfigValidationTest:0.5266666666666666
GradientCheckUtil:0.445
GradientCheckTestsComputationGraph:0.24333333333333335
