MainActivity:0.7886111111111112
ButtonFragment:0.5858333333333332
