Script:0.48333333333333334
Step:0.3333333333333333
ScriptEditor:0.33
Sequence:0.32666666666666666
StepRunner:0.30666666666666664
Call:0.2925
Launch:0.2733333333333333
ScriptTestCase:0.20333333333333334
ScriptModel:0.18333333333333332
ScriptTestSuiteTest:0.12333333333333334
ScriptFixture:0.11666666666666667
MyScriptFixture:0.0033333333333333335
