HtmlSerializer:0.53
HtmlUnorderedListTest:0.37666666666666665
HTMLUListElementTest:0.30333333333333334
