TargetUrlResolver:0.4722222222222221
SavedRequest:0.4533333333333333
AbstractProcessingFilter:0.43
AbstractProcessingFilterTests:0.2733333333333333
SavedRequestAwareWrapper:0.2555555555555556
ExceptionTranslationFilter:0.23222222222222225
ExceptionTranslationFilterTests:0.20666666666666667
TargetUrlResolverImpl:0.20333333333333334
SavedRequestAwareWrapperTests:0.16666666666666666
