DownloadGroupActivity:0.41333333333333333
AbsTarget:0.32666666666666666
AbsTaskQueue:0.26
CancelAllCmd:0.26
SingleTaskActivity:0.25666666666666665
BaseExecutePool:0.23
DownloadReceiver:0.21666666666666667
BaseCachePool:0.2
