Types:0.6
ASTFactory:0.3933333333333333
StatementGenerator:0.38
IOSArrayTypeBinding:0.3333333333333333
ArrayRewriter:0.23
ImplementationImportCollector:0.18
