Tomcat7CometSupport:0.38333333333333336
TomcatCometSupport:0.2966666666666667
ApplicationConfig:0.28977777777777775
JerseyBroadcasterUtil:0.26
