Block:0.7166666666666667
SnappyBlock:0.35050000000000003
ScanFilterAndProjectOperator:0.25
RunLengthEncodedBlock:0.24666666666666667
ServerMainModule:0.22333333333333333
DictionaryEncodedBlock:0.21333333333333335
Page:0.17666666666666667
GroupByIdBlock:0.1475
AbstractVariableWidthBlock:0.1475
AbstractFixedWidthBlock:0.1475
TestingBlockEncodingManager:0.13666666666666666
