DefaultEndpoint:0.5
DefaultRequestDispatcher:0.3933333333333333
EndpointsTest:0.35333333333333333
VersionCommandTest:0.18666666666666668
