CallContext:0.86
Util:0.37666666666666665
GetAllCallable:0.29333333333333333
MGet:0.25
