IOContext:0.48333333333333334
XEGImport:0.43666666666666665
MappleTXEGImport:0.30333333333333334
XEGExport:0.27
XEGCylinder:0.18333333333333332
ImportModule:0.13833333333333334
ExportModule:0.1101111111111111
XEGImportAdapter:0.06666666666666667
PropertyNode:0.033650793650793646
XEGSphere:0.03333333333333333
XEGPropertyNode:0.0
