RubyEnvironmentTab:0.31333333333333335
RubyRuntime:0.27
RdtDebugUiPlugin:0.26
RubyEntryPointTab:0.22666666666666666
RubyArgumentsTab:0.21
LoadPathEntryLabelProvider:0.19166666666666668
RubyApplicationShortcut:0.18
RubyApplicationLaunchConfigurationDelegate:0.1
RdtDebugUiConstants:0.07333333333333333
TC_RubyProject:0.05333333333333334
TS_CoreAllTests:0.05
TS_Core:0.04666666666666667
RubyKeywordsPreferencePage:0.021111111111111112
TS_InternalCore:0.016666666666666666
