ZenDiscovery:0.5566666666666666
DiscoveryWithNetworkFailuresTests:0.27666666666666667
UnicastZen:0.22333333333333333
