ClassInfo:0.46
ClassInfoLight:0.4066666666666667
WebserviceBean:0.36
Kuwaiba:0.2833333333333333
