DayToSecond:0.5866666666666667
Interval:0.5227777777777777
jOOQTest:0.48333333333333334
YearToMonth:0.44666666666666666
DateExpression:0.15666666666666668
Extract:0.13666666666666666
DateDiff:0.13666666666666666
DefaultBindContext:0.12666666666666668
Expression:0.11666666666666667
TimestampDiff:0.10666666666666667
