JMEVisualizationTopComponent:0.47333333333333333
JMEVisualization:0.44
JMEDatasetScatter3D:0.2733333333333333
JMEScatter3DFactory:0.16333333333333333
