ControlLocation:0.66
ExploreStateStrategy:0.41333333333333333
AbstractStrategy:0.35333333333333333
