RevisionInfoConfiguration:0.4633333333333333
DefaultTrackingEntitiesTest:0.36333333333333334
RevisionInfoConfigurationResult:0.27
DefaultTrackingModifiedTypesRevisionEntity:0.25666666666666665
SimpleQuery:0.23
AnnotatedTrackingRevisionEntity:0.18
EntitiesModifiedAtRevisionQuery:0.07666666666666666
AuditQueryCreator:0.04666666666666667
