ScriptEditor:0.42333333333333334
ComponentTester:0.42
Call:0.3933333333333333
Action:0.378
Launch:0.3433333333333333
ArgumentParser:0.31333333333333335
AWT:0.30333333333333334
Assert:0.2633333333333333
ComponentPropertyModel:0.25333333333333335
CallEditor:0.25333333333333335
EventRecorder:0.24666666666666667
ComponentBrowser:0.20333333333333334
AllTests:0.17111111111111113
AbstractEventExceptionHandler:0.16666666666666666
UnitTestSuite:0.16666666666666666
ScriptEditorFrame:0.15333333333333332
TesterMethodAction:0.12
CallTest:0.11111111111111109
ArgumentParserTest:0.056666666666666664
