TemporaryJobs:0.5133333333333333
Builder:0.4766666666666667
TemporaryJobBuilder:0.37666666666666665
ConfigTest:0.14333333333333334
TemporaryJobsTestBase:0.013333333333333334
