BatchIngest:0.55
BatchBuildIngestGUI:0.34
BatchTool:0.33666666666666667
BatchIngestGUI:0.20666666666666667
