JPF:0.4066666666666667
Listener:0.36333333333333334
Publisher:0.29333333333333333
Reporter:0.2633333333333333
ConsolePublisher:0.2511111111111111
TSVM:0.24
TestUnprotectedRW:0.20666666666666667
XMLPublisher:0.19
CheckPolicy:0.13333333333333333
NEW:0.0033333333333333335
INVOKESTATIC:0.0
INVOKESPECIAL:0.0
INVOKECLINIT:0.0
INVOKEVIRTUAL:0.0
