TestPlan:0.5466666666666666
Launcher:0.4
JUnit5TestTree:0.21333333333333335
JUnit5RunnerListener:0.2
TestPlanScannerFilter:0.14333333333333334
