TextField:0.42333333333333334
DefaultShader:0.2547222222222222
LightsTest:0.25
AndroidApplication:0.24666666666666667
MeshBuilder:0.24
Skin:0.23799999999999996
JglfwApplication:0.23694444444444443
IOSMusic:0.18833333333333332
AndroidMusic:0.1688888888888889
Keys:0.14777777777777779
VehicleTest:0.08333333333333333
AndroidApplicationConfiguration:0.06333333333333334
