IndiWriter:0.75
Utterance:0.5866666666666667
ReportNarrative:0.22116666666666665
