MyStaticValue:0.6966666666666667
UserDefineLibrary:0.38
DicManager:0.3333333333333333
