MultibinderTest:0.5333333333333333
BindResult:0.23666666666666666
SpiUtils:0.18666666666666668
Collector:0.17
Visitor:0.08
MultibindingsTargetVisitor:0.013333333333333334
