Layout:0.7766666666666666
DrawVisitor:0.2866666666666667
