NonBlockingIOThread:0.6266666666666667
NonBlockingSocketWriter:0.34
NonBlockingIOThreadingModel:0.31666666666666665
NonBlockingSocketReader:0.25472222222222224
AbstractHandler:0.17833333333333334
