EntitySource:0.62
SimpleAttribute:0.38666666666666666
ColumnSourceImpl:0.37666666666666665
DiscriminatorSource:0.31677777777777777
EntityDiscriminator:0.27
Binder:0.23333333333333334
EntitySourceImpl:0.20666666666666667
RootEntitySourceImpl:0.19666666666666666
SingleTableEntityPersister:0.19
EntityClass:0.18666666666666668
AbstractEntitySourceImpl:0.18
DiscriminatorSourceImpl:0.07333333333333333
