Event:0.6333333333333333
EventManager:0.40323015873015877
ResultAwareEvent:0.3272804232804233
DownloadEvent:0.27666666666666667
MetaData:0.24333333333333335
XMLOutputEvent:0.22
ForbiddenEvent:0.22
RedirectEvent:0.19
NotFoundEvent:0.18333333333333332
ExcelOutputEvent:0.17333333333333334
PDFOutputEvent:0.17
BundleInvoker:0.16
RedirectSafelyEvent:0.14666666666666667
XSLTOutputEvent:0.12
JFreeChartPNGOutputEvent:0.12
JSONOutputEvent:0.12
PlainTextOutputEvent:0.12
JSONOutputAsHtmlEvent:0.12
EventManagerImpl:0.043333333333333335
