Rule:0.6633333333333333
SPORule:0.35333333333333333
SPOEvent:0.31333333333333335
SystemRecord:0.30333333333333334
AbstractGraphState:0.24
GTS:0.21666666666666667
StateCache:0.19333333333333333
StateReference:0.17666666666666667
TreeHashStateSet:0.16
StartGraphState:0.16
AbstractStrategy:0.13666666666666666
NACTest:0.12
GossipRule:0.07333333333333333
