AddSequence:0.63
AddSequenceI:0.4666666666666667
UpdateSequence:0.18666666666666668
AddSequenceTest:0.16333333333333333
