Marshaller:0.5433333333333333
ServerMethodDefinition:0.4633333333333333
MethodDescriptor:0.26985714285714296
ClientCall:0.18416666666666667
ServerCall:0.1075
Listener:0.08833333333333333
ServerInterceptor:0.036166666666666666
ClientInterceptor:0.036166666666666666
