TestLeftRecursion:0.5333333333333333
RuleFunction:0.33
GoTarget:0.26666666666666666
TestListeners:0.26666666666666666
TestParserExec:0.24
TestGenerator:0.23
LeftRecursiveRuleFunction:0.19333333333333333
RuleSempredFunction:0.10333333333333333
