RecordStore:0.7866666666666666
EntryProcessorTest:0.32
DefaultRecordStore:0.31333333333333335
AbstractRecordStore:0.28
AbstractRecord:0.24911111111111112
EntryOperator:0.23166666666666666
