Date:0.59
Period:0.5433333333333333
Currency:0.37333333333333335
ExchangeRate:0.2633333333333333
Money:0.23333333333333334
Libor:0.20388888888888887
CurrencyTest:0.19666666666666666
DayCounter:0.18666666666666668
ExchangeRateManager:0.14333333333333334
DatesTest:0.10666666666666667
DayCountersTest:0.01
PeriodTest:0.0
