RandomTimeSlot:0.4666666666666667
BootstrapService:0.4266666666666667
HttpTransportManager:0.38333333333333336
RegistrationServlet:0.16
PushService:0.13666666666666666
PullService:0.04
