VariableExtractionHelper:0.3933333333333333
StartProcessTDBuilder:0.38
DefinitionUrlStrategy:0.37333333333333335
ListProcessesDefinitionsFormTag:0.29333333333333333
TaskUrlStrategy:0.07666666666666666
SubmitInfoPathFormAction:0.02
