FlowArtifactParameters:0.6033333333333334
AbstractFlowBuilder:0.37
XmlFlowBuilder:0.32666666666666666
