MethodAttributeAppenderForAnnotationTest:0.23666666666666666
OnMethod:0.20333333333333334
AbstractInstrumentedTypeTest:0.19333333333333333
AbstractEnumerationValueTest:0.18333333333333332
AbstractAnnotationDescriptionTest:0.15333333333333332
OnMethodParameter:0.14333333333333334
MethodAttributeAppenderForLoadedMethodTest:0.14
MethodAttributeAppenderForLoadedConstructorTest:0.14
MethodAttributeAppenderForInstrumentedMethodTest:0.1
OnField:0.06666666666666667
OnType:0.06666666666666667
FieldAttributeAppenderForLoadedFieldTest:0.04
