HtmlPage:0.67
HtmlTextInput:0.26666666666666666
ClickableElement:0.24333333333333335
HtmlImageInputTest:0.22583333333333333
HtmlTextArea:0.21333333333333335
ClickableElementTest:0.20333333333333334
SimpleWebDriverTest:0.18666666666666668
TextRange:0.15
SimpleRange:0.12666666666666668
FixedWebDriverHtmlUnitWebElement:0.05333333333333334
