EmbeddableSet:0.47
CollectionMetadataGenerator:0.30333333333333334
AbstractCollectionMapper:0.24666666666666667
MapCollectionMapper:0.22111111111111115
ListCollectionMapper:0.22111111111111115
AuditEntitiesConfiguration:0.21
SortedSetCollectionMapper:0.13333333333333333
BasicCollectionMapper:0.11444444444444443
EnversSettings:0.006666666666666667
