Context:0.5966666666666667
Arguments:0.3433333333333333
ContextFactory:0.3
ArgumentsTest:0.16333333333333333
FunctionCaller:0.14333333333333334
