WfNotify:0.4533333333333333
DefinitionModuleImpl:0.4033333333333333
WorkflowUtils:0.26
Notify:0.23333333333333334
