LocalVariable:0.7733333333333333
RubyScriptStructureBuilder:0.38333333333333336
