PluginManager:0.51
PluginList:0.33
InstallPanel:0.24
SaveButton:0.19666666666666666
ManagePanel:0.18666666666666668
ChoosePluginSet:0.13
PluginManagerOptionPane:0.13
RestoreButton:0.10333333333333333
ManagePanelRestoreHandler:0.04
