BotTask:0.54
Bot:0.5
BotStation:0.4266666666666667
Native2AsciiHelper:0.28
InitializerLogic:0.24666666666666667
BotLogic:0.21666666666666667
GenericDAO:0.21333333333333335
WfeScriptRunner:0.21333333333333335
ExecutorDAO:0.21333333333333335
WorkflowBot:0.19666666666666666
PresentationCompilerHelper:0.19
BotBean:0.18
BotTaskListTag:0.15333333333333332
WfeScriptForBotStations:0.12666666666666668
BotTaskConfigurationDownloadAction:0.12
UpdateBotTaskConfigurationAction:0.12
BotTag:0.11666666666666667
GroupClassPresentation:0.11333333333333333
UpdateBotAction:0.11166666666666666
WorkflowBotInvoker:0.09333333333333334
