Utils:0.6366666666666667
JTBMessageTemplate:0.37666666666666665
JTBConnection:0.34
ConfigManager:0.3233333333333333
ScriptExecutionEngine:0.16333333333333333
JTBMessageViewPart:0.13555555555555557
SessionConnectHandler:0.09333333333333334
RESTStartStopHandler:0.09333333333333334
