LogEntry:0.5627777777777778
EndEntityProfile:0.505
LocalHardTokenSessionBean:0.39
StringTools:0.16333333333333333
