SearchAndReplace:0.1497426
SearchMatcher:0.08170558
