ICDKManager:0.6566666666666666
CDKManager:0.6566666666666666
