Table:0.9
TableDDLUtils:0.4533333333333333
ViewPrimaryKeyConvention:0.33666666666666667
TableUMLNotation:0.15166666666666667
TableDefaultPrimaryKeyConvention:0.06666666666666667
