XmlConfigBuilder:0.42
AbstractCacheService:0.36666666666666664
CacheProxyUtil:0.35333333333333333
AbstractHazelcastCacheManager:0.3466666666666667
CacheCreationTest:0.3433333333333333
XMLConfigBuilderTest:0.2866666666666667
ConfigValidatorTest:0.26
ConfigValidator:0.18
