DefaultLabel:0.8003333333333333
AGTS:0.40444444444444444
