NetworkConfig:0.63
ConnectionManager:0.2866666666666667
SpringXmlConfigBuilder:0.2866666666666667
XmlConfigBuilder:0.25
TestFullApplicationContext:0.23666666666666666
IOService:0.19416666666666665
NodeIOService:0.16333333333333333
SocketConnector:0.15333333333333332
