JUnit4TestEngine:0.8166666666666667
RunnerTestDescriptor:0.6238888888888889
