Transition:0.8316666666666667
TransitionGraphicalEditPart:0.2866666666666667
