XEGImport:0.42333333333333334
XEGExport:0.31333333333333335
ImportModule:0.15333333333333332
NullGrowthUnit:0.14
NullInternode:0.14
NullMetamer:0.14
NullTree:0.14
XEGPointCloud:0.12333333333333334
XEGRO:0.12333333333333334
XEGCylinder:0.1
ExportModule:0.04666666666666667
XEGNURBSCurve:0.03194444444444445
XEGMTGVertex:0.03
XEGNURBSSurface:0.0033333333333333335
XEGGrowthUnit:0.0033333333333333335
XEGTree:0.0033333333333333335
XEGMetamer:0.0033333333333333335
XEGBezierSurface:0.0033333333333333335
XEGInternode:0.0033333333333333335
Vertex:0.0
