ITimed:0.63
TimerDuration:0.5333333333333333
GraphElement:0.46
State:0.38333333333333336
TransitionGraphicalEditPart:0.23
JpdlSerializer_2:0.19333333333333333
JpdlSerializer_3_2:0.19333333333333333
DurationEditDialog:0.17666666666666667
WaitState:0.16333333333333333
VariablesXmlContentProvider:0.16333333333333333
TimerActionEditDialog:0.14333333333333334
CopyGraphCommand:0.10666666666666667
GpdXmlContentProvider:0.10333333333333333
PhraseDecliner:0.03238095238095238
PhraseDecliner_ru:0.03
Unit:0.013333333333333334
ActionDescriptionContentProvider:0.0
