KernelFacade:0.4822222222222223
QedeqBoFactoryAssert:0.3433333333333333
QedeqBoFactoryTest:0.28
LoadRequiredModulesTest:0.27666666666666667
GenerateLatexTest:0.24666666666666667
Xml2Latex:0.2038888888888889
CheckLogicTest:0.18
