Config:0.8433333333333334
ApolloFrame:0.4
CompositeApolloFrame:0.24333333333333335
