PublicationImage:0.7266666666666667
Receiver:0.33666666666666667
ReceiveChannelEndpoint:0.3233333333333333
DataPacketDispatcher:0.245
PendingSetupMessageFromSource:0.15944444444444442
