Actor:0.6633333333333333
ActorTest:0.42
ExitMessage:0.34
LifecycleListener:0.32
RingBenchmark:0.08333333333333333
