Parameters:0.5617777777777777
DynamoDBMapper:0.47888888888888886
InternalConfig:0.33
AmazonHttpClient:0.22666666666666666
TransformerParameters:0.22
