Printer:0.5833333333333334
Reprap:0.42333333333333334
Main:0.37333333333333335
Producer:0.29
NullCartesianMachine:0.23
