InternalSearchHits:0.4
TopHitsBuilder:0.30333333333333334
InternalTopHits:0.25
InternalSearchResponse:0.19638888888888892
TopHitsTests:0.18666666666666668
TopHitsAggregator:0.17666666666666667
