RunnerListener:0.5930555555555556
ReportView:0.48
ReportLoader:0.43
ReportSelector:0.07888888888888888
Runner:0.07666666666666666
