JPPFTaskBundle:0.7033333333333334
Bundler:0.44333333333333336
JPPFStatsUpdater:0.38333333333333336
JPPFDriver:0.32
AnnealingTuneProfile:0.2833333333333333
JPPFQueue:0.20666666666666667
JPPFNodeServer:0.2
AutoTunedBundler:0.19166666666666668
PeerNode:0.18666666666666668
ApplicationConnection:0.18666666666666668
FixedSizedBundler:0.1288888888888889
CWaitingResult:0.08
