SearchQueryIT:0.6566666666666666
MultiMatchQueryIT:0.30333333333333334
SimpleNestedIT:0.25
DecayFunctionScoreIT:0.23
ExplainableScriptIT:0.14333333333333334
