ValueSourcesAdapter:0.6366666666666667
AttributeContainer:0.47711904761904766
EntityReferencingAttributeBinding:0.24666666666666667
ManyToOneAttributeSource:0.24333333333333335
PropertyAttributeSource:0.24333333333333335
SingularIdentifierAttributeSource:0.24333333333333335
Formula:0.24
BindingCreator:0.23666666666666666
VersionAttributeSource:0.22333333333333333
TimestampAttributeSource:0.22333333333333333
BindingContext:0.2105952380952381
AbstractAttributeContainer:0.19666666666666666
ComponentAttributeContainerDelegate:0.17333333333333334
ManyToOneAttributeBinding:0.16666666666666666
HbmBindingContext:0.13333333333333333
ColumnAttributeSource:0.09666666666666666
ColumnSource:0.09666666666666666
