Set:0.5301666666666667
HashSet:0.42
TreeSet:0.31
Traversable:0.23837301587301588
SortedSet:0.23666666666666666
Iterator:0.22333333333333333
TraversableOnce:0.22050000000000003
SerializationProxy:0.10666666666666667
