Simulator:0.7208333333333333
GraphJModel:0.43666666666666665
AspectJGraph:0.17333333333333334
