SemaphoreDeadMemberOperation:0.29333333333333333
TrackableJobFuture:0.2866666666666667
SemaphoreDataSerializerHook:0.2818333333333333
InitOperation:0.27666666666666667
DrainOperation:0.27666666666666667
ReduceOperation:0.27666666666666667
ReleaseOperation:0.27666666666666667
ClientCompletableFuture:0.26666666666666666
AcquireOperation:0.2633333333333333
AcquireBackupOperation:0.12666666666666668
DeadMemberBackupOperation:0.12666666666666668
InitBackupOperation:0.12666666666666668
ReleaseBackupOperation:0.12666666666666668
ReduceBackupOperation:0.12666666666666668
DrainBackupOperation:0.12666666666666668
SemaphoreReplicationOperation:0.11666666666666667
AvailableOperation:0.10666666666666667
