MapService:0.5633333333333334
ScheduledEntry:0.3933333333333333
MapStoreTest:0.31333333333333335
SecondsBasedEntryTaskScheduler:0.2633333333333333
Merger:0.25666666666666665
NoDuplicateMapStore:0.21333333333333335
TestMapStore:0.20472222222222225
EntryProcessorExecutor:0.16
MapStoreWriteProcessor:0.08666666666666667
ProcessingStore:0.017388888888888888
MapStoreWithStoreCount:0.013333333333333334
BasicMapStoreFactory:0.0
