GwtRpcService:0.6377777777777778
GwtServerHelper:0.5633333333333334
GwtRpcServiceImpl:0.4766666666666667
GwtTaskHelper:0.25666666666666665
GwtRpcServiceAsync:0.235
