PartitionManager:0.52
MapStoreTest:0.41
MigrationService:0.21666666666666667
PartitionProxy:0.19777777777777777
Migrator:0.17777777777777778
