ServiceRegistryDao:0.8833333333333333
ServiceRegistryInitializer:0.32
AbstractServiceRegistryDao:0.21333333333333335
