XEGImport:0.3333333333333333
XEGExport:0.26
XEGUnknown:0.20333333333333334
XEGNode:0.15
XEGD:0.016666666666666666
XEGRU:0.016666666666666666
XEGRV:0.016666666666666666
XEGRH:0.016666666666666666
XEGRL:0.016666666666666666
XEGM:0.016666666666666666
XEGL:0.016666666666666666
XEGP:0.016666666666666666
XEGM0:0.006666666666666667
XEGFrustum:0.006666666666666667
XEGAdjustLU:0.006666666666666667
XEGRG:0.006666666666666667
XEGF0:0.006666666666666667
XEGF:0.0033333333333333335
XEGSphere:0.0033333333333333335
XEGBox:0.0033333333333333335
XEGCone:0.0033333333333333335
XEGCylinder:0.0033333333333333335
