DataDefinitionProvider:0.4066666666666667
NameResolver:0.39666666666666667
Logic:0.36666666666666664
QueryFragmentFunction:0.32666666666666666
HqlAnalyzer:0.2966666666666667
CRUDOperationProvider:0.29333333333333333
DataServlet:0.2633333333333333
ParserTest:0.21972222222222218
TransactionImplementation:0.21666666666666667
RecordFormatter:0.21
ObjectImporter:0.20666666666666667
CodeGenerator:0.20666666666666667
TableTest:0.205
RecordViewer:0.20333333333333334
HibernateCRUDOperationProvider:0.19666666666666666
FunctionInliner:0.17166666666666666
ReferenceChecker:0.17
MddToClass:0.16166666666666665
RecordEditor:0.16
MDDComparator:0.14
FunctionNode:0.14
JavaRelationMiner:0.13666666666666666
MDDTypeConverter:0.12666666666666668
ObjectToRecord:0.12333333333333334
MddToMapping:0.12333333333333334
InlineVisitor:0.11
MDDRelationMiner:0.10666666666666667
MDDRelationVisualiser:0.10666666666666667
DataTypeListerServlet:0.10333333333333333
checkForeignKeys:0.08333333333333333
RegexpTester:0.08333333333333333
