Wallet:0.6366666666666667
KeyChainGroup:0.40166666666666667
WalletTest:0.25
