MappedFieldType:0.52
DateFieldType:0.41333333333333333
SimpleDateMappingTests:0.21333333333333335
IndexedGeoBoundingBoxQuery:0.21333333333333335
MapperQueryParser:0.2
IndicesTTLService:0.17333333333333334
LongFieldType:0.13333333333333333
IntegerFieldType:0.13333333333333333
DoubleFieldType:0.13333333333333333
FloatFieldType:0.13333333333333333
ByteFieldType:0.13333333333333333
ShortFieldType:0.13333333333333333
RangeQueryParser:0.11666666666666667
IpFieldType:0.11666666666666667
ExistsQueryParser:0.09666666666666666
MissingQueryParser:0.09666666666666666
