ScreenScale:0.4766666666666667
ScaleStylePanel:0.44666666666666666
ShowScaleRenderer:0.30666666666666664
ZoomToScalePlugIn:0.2866666666666667
OpenJumpConfiguration:0.09333333333333334
