DownloadTarget:0.68
AbsTarget:0.25333333333333335
SingleTaskActivity:0.22666666666666666
DownloadStateConstance:0.20444444444444446
UploadActivity:0.19666666666666666
DownloadFragment:0.18666666666666668
DownloadUtil:0.15
SimpleNotification:0.14333333333333334
BtClickListener:0.14333333333333334
DownloadPopupWindow:0.13666666666666666
DownloadDialog:0.13666666666666666
