CategoryValidator:0.5266666666666666
CategoryValidatorTest:0.43333333333333335
AnnotationValidator:0.34
ExampleAnnotationValidator:0.34
