EditText:0.555
Switch:0.41333333333333333
SnackBar:0.31666666666666665
TextView:0.2833333333333333
ThemeUtil:0.27
CompoundButton:0.23333333333333334
Button:0.21333333333333335
ProgressView:0.19
TabPageIndicator:0.175
ImageButton:0.16333333333333333
CheckedTextView:0.15611111111111112
Spinner:0.13333333333333333
RadioButton:0.09777777777777777
CheckBox:0.09777777777777777
