SimpleFeature:0.315
SimpleFeatureType:0.14416666666666667
FilterFactory2:0.14416666666666667
ChoiceType:0.09166666666666666
BooleanAttribute:0.013333333333333334
TextAttribute:0.013333333333333334
BoundingBoxAttribute:0.013333333333333334
SequenceType:0.013333333333333334
NumericAttribute:0.013333333333333334
TemporalAttribute:0.013333333333333334
