IImageKeys:0.43066666666666664
Metadatas:0.3566666666666667
TxmBrowser:0.32666666666666666
CoocMatrix:0.30666666666666664
Query:0.25333333333333335
PartsSize:0.19777777777777777
MetadataPage:0.19111111111111112
LabPerspective:0.07333333333333333
ExportLexicalTable:0.006666666666666667
