Log:0.59
Json:0.25
LoggingBean:0.24833333333333332
LoggingFactory:0.23666666666666666
TaskServletTest:0.19
HttpConfigurationTest:0.18666666666666668
RenderCommand:0.14333333333333334
Dispatcher:0.12
FileConfiguration:0.11777777777777779
LoggingConfigurationTest:0.11666666666666667
AsyncRequestLog:0.11666666666666667
RequestLogConfiguration:0.09
LogFormatter:0.07
RequestLogHandlerFactory:0.03333333333333333
