JPPFDriver:0.58
JPPFJobManager:0.3333333333333333
JPPFQueue:0.30333333333333334
JPPFPriorityQueue:0.27111111111111114
AbstractJPPFQueue:0.2
AbstractJPPFClientConnection:0.17666666666666667
NodeNioServer:0.17666666666666667
NonBlockingMatrixRunner:0.14666666666666667
JobManagerEventTask:0.12
RemoteExecutionThread:0.11333333333333333
MatrixRunner:0.11166666666666666
SendingBundleState:0.08333333333333333
WaitingResultsState:0.08333333333333333
ApplicationConnection:0.08333333333333333
