CollectionConfig:0.5866666666666667
CollectionContainer:0.4766666666666667
ListTest:0.32
CollectionOperation:0.23666666666666666
SetTest:0.12
ListAddAllOperation:0.04666666666666667
CollectionAddOperation:0.016666666666666666
CollectionAddAllOperation:0.016666666666666666
ListAddOperation:0.016666666666666666
