MainScene:0.6
SkillTableModel:0.29
TabPanelScience:0.17666666666666667
TabPanelHealth:0.17
TabPanelFavorite:0.13466666666666666
