StatementGeneratorTest:0.45666666666666667
NilCheckResolver:0.3466666666666667
RewriterTest:0.33666666666666667
Enum:0.32666666666666666
