PostgreSqlDbDialect:0.41333333333333333
SqlTemplate:0.36666666666666664
DataLoaderTest:0.27
TriggerRouterServiceTest:0.26
