GwtViewHelper:0.3233333333333333
GwtRpcServiceImpl:0.3233333333333333
SaveColumnWidthsCmd:0.27
SizeColumnsDlg:0.2306666666666667
GetFolderDisplayDataCmd:0.23
DataTableFolderViewBase:0.23
FolderViewBase:0.19
GetColumnWidthsCmd:0.06333333333333334
