CompressCmd:0.3233333333333333
FileSystemMgtService:0.29333333333333333
FileDataSource:0.2833333333333333
DecompressCmd:0.2733333333333333
StoreScpService:0.24666666666666667
StoreScp:0.24666666666666667
QueryRetrieveScpService:0.23
MoveTask:0.20333333333333334
FileCopyService:0.19666666666666666
CompressionService:0.11333333333333333
