ISharedProject:0.8166666666666667
SharedProject:0.6433333333333333
SessionManager:0.3433333333333333
InviteAction:0.2633333333333333
OpenInviteInterface:0.16333333333333333
