IncomingInvitationProcess:0.6366666666666667
JoinSessionWizard:0.5633333333333334
