StudyListPage:0.5466666666666666
ModalityWorklistPanel:0.4266666666666667
TrashListPage:0.39166666666666666
