EulerRunner:0.61
EulerListener:0.5966666666666667
Codd:0.5733333333333334
