Priority:0.77
ClusterServiceTests:0.33
PrioritizedExecutorsTests:0.24666666666666667
RestClusterHealthAction:0.19333333333333333
