RegisteredServiceAccessStrategyUtils:0.42333333333333334
CentralAuthenticationServiceImplTests:0.38333333333333336
DefaultCentralAuthenticationService:0.3566666666666667
