OutputNode:0.5733333333333334
LogicalPlanner:0.23
Rewriter:0.22333333333333333
RewritingVisitor:0.21888888888888886
Visitor:0.18
