FNode:0.54
EftarFileReader:0.31666666666666665
TimerFilter:0.15333333333333332
SubversionHistoryParser:0.14333333333333334
Results:0.11666666666666667
