Utils:0.56
SendResponseHeadersCommand:0.37
NettyClientStream:0.27
AbstractClientStream:0.24333333333333335
NettyServerStreamTest:0.21666666666666667
NettyServerHandler:0.19555555555555554
NettyServerStream:0.14
NettyClientTransport:0.12333333333333334
