OnmsIpInterface:0.5366666666666666
OnmsSnmpInterface:0.49666666666666665
SurveillanceTable:0.3433333333333333
