Main:0.6633333333333332
DB2SqlStatementBuilder:0.4
DB2SqlStatementBuilderSmallTest:0.35333333333333333
