AliasedGroup:0.4802777777777777
AttributeGroup:0.4802777777777777
GroupPersister:0.43666666666666665
