Interpreter:0.7366666666666667
JavaService:0.26111111111111107
JavaCommChannel:0.21
CommChannelHandlerRunnable:0.20333333333333334
