WxMpConfigStorage:0.4869841269841271
WxMpUser:0.45
WxMpOAuth2AccessToken:0.37333333333333335
WxMpInMemoryConfigStorage:0.2966666666666667
WxMpServiceImpl:0.2866666666666667
WxMpDemoServer:0.14666666666666667
