ScreenReaderFactory:0.47
EditorReader:0.44666666666666666
TopComponentReader:0.2733333333333333
