FlowControlContext:0.61
StateExceptionHandler:0.4527777777777777
Flow:0.38
FlowExecutionImpl:0.2866666666666667
Transition:0.25666666666666665
TransitionableState:0.23333333333333334
FlowControlContextImpl:0.22666666666666666
ViewState:0.21666666666666667
EndState:0.21333333333333335
State:0.20666666666666667
TransitionExecutingStateExceptionHandlerTests:0.19
SubflowState:0.18666666666666668
ActionState:0.16833333333333333
FlowControllerTests:0.16
TransitionExecutingStateExceptionHandler:0.1
DecisionState:0.016666666666666666
MyCustomStateExceptionHandler:0.006666666666666667
