EditText:0.8833333333333333
PagerTabStrip:0.4166666666666667
ListView:0.38333333333333336
