Project:0.79
MockPublisher:0.23666666666666666
ProjectTest:0.18666666666666668
