CasEvent:0.7333333333333333
MockTicketGrantingTicketCreatedEventProducer:0.30333333333333334
DefaultCasEventListener:0.24
AbstractCasEventRepositoryTests:0.16333333333333333
