AbstractTicket:0.39416666666666667
AbstractSaml20ObjectBuilder:0.3233333333333333
AbstractClientAuthenticationHandler:0.29444444444444445
Saml10ObjectBuilder:0.2633333333333333
