IOCommons:0.6966666666666667
ErrorHandler:0.6466666666666666
WfeScriptClient:0.44
AdminkitScriptsAction:0.21
WfeScriptServiceBean:0.16
WfeScriptServiceDelegateRemoteImpl:0.0811111111111111
AdminkitScriptsTag:0.016666666666666666
