MakumbaSystem:0.4866666666666667
Text:0.315
HibernateSFManager:0.31
version:0.2633333333333333
copy:0.2071111111111111
