GeoDistanceSortBuilderTests:0.5829444444444444
RandomSortDataGenerator:0.30027777777777775
