ClusteredServiceAgent:0.5621666666666667
SequencerAgent:0.5544444444444445
