PartitionedTableIntegrationTest:0.7030555555555555
DocIndexMetaData:0.49666666666666665
InsertFromValuesAnalyzer:0.33666666666666667
