DSL:0.6466666666666666
jOOQAbstractTest:0.39666666666666667
PredicateTests:0.34
