PatientConsentDirectives:0.56
PIPClient:0.30333333333333334
PatientConsentRule:0.29
PIPResponseBuilder:0.2866666666666667
PIPResourceContentFinder:0.27
