MDDUtils:0.8666666666666667
MQLProposalProvider:0.5966666666666667
MakumbaJSPCompletionProposalComputer:0.24333333333333335
