Management:0.5308849206349207
DefaultDOReplicator:0.44333333333333336
DefaultBehaviorImpl:0.2816666666666667
DefaultManagement:0.26
FedoraAPIMBindingSOAPHTTPImpl:0.24666666666666667
DatastreamConduit:0.18333333333333332
DatastreamPanel:0.11
DeleteDatastreamListener:0.05
WithdrawDatastreamListener:0.05
