ImportFromCSVAction:0.57
LoadCSVAction:0.4666666666666667
Import:0.016666666666666666
ImportColumn:0.016666666666666666
