Url:0.5133333333333333
NettyAsyncHttpProvider:0.3933333333333333
Headers:0.2633333333333333
NettyResponseFuture:0.25027777777777777
Part:0.24
BasicHttpsTest:0.2088888888888889
UnmodifiableHeaders:0.19333333333333333
ComplexClientTest:0.14
Head302handler:0.1
ConnectListener:0.08333333333333333
