TxnMultiMapRemoveRequest:0.5333333333333333
ClientTxnMultiMapProxy:0.36666666666666664
ClientTxnMultiMapTest:0.15333333333333332
MultiMapPortableHook:0.14
