CollectdConfigFactory:0.5166666666666667
CapsdConfig:0.49666666666666665
CollectdConfig:0.37
CollectdPackage:0.36
CollectionSpecification:0.24
RescanProcessor:0.23166666666666666
SuspectEventProcessor:0.21
CollectorConfigDaoImpl:0.20666666666666667
CollectdTest:0.19
Filter:0.15333333333333332
CollectdConfigFactoryTest:0.12
CapsdConfigManager:0.11333333333333333
IncludeURL:0.10166666666666667
