GwtProfileHelper:0.5516666666666666
GwtRpcServiceImpl:0.535
ProfileRequestInfo:0.33916666666666667
ProfileSidePanel:0.18
