Generator:0.43333333333333335
AGTS:0.4166666666666667
ShapeGenerator:0.33666666666666667
GraphReporter:0.2966666666666667
ReteTool:0.23333333333333334
CTLModelChecker:0.21333333333333335
Imager:0.20333333333333334
CommandLineTool:0.2
TestShapeGenerator:0.14666666666666667
CollapsingAnalyser:0.11333333333333333
CTLTest:0.10666666666666667
LTLTest:0.10666666666666667
ZeroOneBranchTest:0.012666666666666666
