State:0.65
FieldInfo:0.2966666666666667
SimStateMachine:0.25
NativeStateMachine:0.24333333333333335
JPF_gov_nasa_jpf_sc_State:0.16333333333333333
