DeepAutoEncoder:0.5466666666666666
RBM:0.47333333333333333
BackPropOptimizer:0.18
DeepAutoEncoderFromFile:0.15666666666666668
WindowConverter:0.14
DistributedDeepAutoEncoderExample:0.13333333333333333
ModelSavingActor:0.13333333333333333
MovingWindowSingleThreaded:0.023333333333333334
