InjectorGrapher:0.38533333333333336
ImplementationNode:0.25333333333333335
TransitiveDependencyVisitor:0.24333333333333335
GraphvizEdge:0.17666666666666667
GraphvizModule:0.16766666666666669
DependencyEdge:0.16666666666666666
BindingEdge:0.16333333333333333
GraphvizNode:0.16
InterfaceNode:0.14333333333333334
AllTests:0.12333333333333334
AssistedInjectModule:0.09
InjectorGrapherDemo:0.09
DeLorian:0.0
