GaStringUtils:0.78
TableView:0.43
HelpCommand:0.22
GaReflectUtils:0.20333333333333334
ColumnDefine:0.19
TimeTunnelCommand:0.18333333333333332
SearchClassCommand:0.11333333333333333
WatchCommand:0.09333333333333334
JstackCommand:0.09333333333333334
SearchMethodCommand:0.09333333333333334
SessionCommand:0.09333333333333334
MonitorCommand:0.09
