TransactionConfidence:0.465
Builder:0.39666666666666667
Transaction:0.3566666666666667
TransactionInput:0.26111111111111107
WalletProtobufSerializer:0.2511111111111111
TransactionInputOrBuilder:0.15833333333333333
WalletTest:0.10666666666666667
