DrawableFeatureSet:0.5733333333333334
DrawableAnnotatedFeatureSet:0.3433333333333333
AnnotationEditor:0.3333333333333333
SetDetailPanel:0.25
AnnotationView:0.24666666666666667
FeatureView:0.24
StrandedZoomableApolloPanel:0.18416666666666667
