CDKManagerPluginTest:0.6797222222222223
CDKManagerTest:0.5414444444444444
