Actor:0.6066666666666667
Label:0.5133333333333333
UITest:0.22666666666666666
StageTest:0.15666666666666668
TouchFocus:0.13333333333333333
