Channels:0.7366666666666667
ResponseBodyPart:0.43
HttpProtocol:0.24
WebSocketProtocol:0.16333333333333333
