FloatingRateCoupon:0.51
InterestRateIndex:0.42333333333333334
FraRateHelper:0.33166666666666667
