CDKMolecule:0.81
ICDKMolecule:0.6666666666666666
SDFIndexEditorModel:0.29333333333333333
MoleculeTableContentProvider:0.23666666666666666
MoleculeTableManager:0.23
CDKMoleculeUtils:0.03666666666666667
