ClickableElement:0.5033333333333333
Event:0.4455555555555556
ClickableElementTest:0.4066666666666667
