HttpMessage:0.7166666666666667
HttpParser:0.46
HttpProtocol:0.3933333333333333
