WebKeys:0.5910000000000001
SAbstractForumController:0.4266666666666667
AjaxController:0.36666666666666664
