Field:0.93
AbstractField:0.4266666666666667
SortFieldImpl:0.4166666666666667
