Trigger:0.9033333333333333
CsvLoader:0.24666666666666667
ConfigurationService:0.24333333333333335
TriggerMapper:0.08
