FilesSupplierConfig:0.36333333333333334
DelegateProcessVariableProvider:0.33666666666666667
DocxFileChanger:0.2833333333333333
IFileDataProvider:0.26985714285714296
OfficeFilesSupplierHandler:0.15666666666666668
DelegateFileDataProvider:0.14135714285714285
DocxHandler:0.02666666666666667
ExcelSaveHandler:0.02
ExcelReadHandler:0.02
