Util:0.7133333333333334
XMPPChatTransmitter:0.30666666666666664
InvitationProcess:0.29333333333333333
FileUtil:0.2833333333333333
Saros:0.27
ActivitySequencer:0.25
ActivityQueue:0.2
RosterView:0.19333333333333333
IBBTransferListener:0.11
