FeatureList:0.6366666666666667
BlockAlignment:0.5133333333333333
FeatureBlock:0.42333333333333334
CondensedAlignment:0.19833333333333333
BlockAlignmentList:0.12333333333333334
