AsyncHttpProvider:0.6386666666666666
AsyncHttpClient:0.5333333333333333
AsyncProvidersBasicTest:0.3466666666666667
NettyAsyncHttpProvider:0.33
