WellFormedCheckerExecutor:0.8333333333333334
ProofCheckerImpl:0.5761111111111111
