BaseLayer:0.6566666666666666
ConvolutionLayer:0.415
BaseOutputLayer:0.38666666666666666
