FunctionRegistry:0.54
Visitor:0.47
TestHiveIntegrationSmokeTest:0.41333333333333333
ResolveFunctionAssertion:0.31333333333333335
TestFunctionRegistry:0.09666666666666666
ApplicableFunction:0.013333333333333334
