InMemoryGraphLookupTable:0.6366666666666667
GraphVectorLookupTable:0.5533333333333333
GraphWalkIterator:0.47333333333333333
DeepWalk:0.3
GraphVectorsImpl:0.11166666666666666
GraphWalkIteratorProvider:0.0867222222222222
VertexFactory:0.0867222222222222
GraphVectorSerializer:0.05194444444444444
TestDeepWalk:0.013333333333333334
RandomWalkGraphIteratorProvider:0.01
DeepWalkGradientCheck:0.006666666666666667
