URLConnectionTest:0.54
ChunkedSink:0.34
MockResponse:0.2644444444444445
DiskLruCache:0.25666666666666665
ChunkedSource:0.24277777777777781
Cache:0.19666666666666666
Entry:0.17744444444444446
MultipartRequestBody:0.15333333333333332
HttpConnection:0.13666666666666666
