JPPFNode:0.48333333333333334
LifeCycleEventHandler:0.45666666666666667
NodeRunner:0.4166666666666667
JPPFNodeAdmin:0.3
