CDimseService:0.5333333333333333
SampleApplication:0.39666666666666667
StorageService:0.37
