ConnectionProviderInitiator:0.6633333333333333
C3P0ConnectionProvider:0.25583333333333336
ProxoolConnectionProvider:0.25583333333333336
Environment:0.24666666666666667
DriverManagerConnectionProviderImpl:0.19
HikariConfigurationUtil:0.14333333333333334
