AnnotationBean:0.6466666666666666
AnnotationBeanImpl:0.6466666666666666
NullAnnotationBean:0.42380555555555555
