ChooseContainerLinkResourcesStep:0.29333333333333333
AvailableTransportLinkPosition:0.26666666666666666
ChooseTributaryLinkResourcesStep:0.26
AvailableContainerLinkPosition:0.23666666666666666
PhysicalPathTopComponent:0.2075
RelateToContractAction:0.13666666666666666
RemoveSDHBusinessObjectFromView:0.11333333333333333
DeleteNodeAction:0.11333333333333333
RemoveMPLSBusinessObjectFromView:0.11333333333333333
ShowSDHContainersInTransportLink:0.08333333333333333
SDHLinkStructureTopComponent:0.053611111111111116
