CasOAuthConfiguration:0.53
JpaBeans:0.30666666666666664
OAuthProtocolTicketCatalogConfiguration:0.25
CasMetricsConfiguration:0.21
WebflowExecutorFactory:0.18333333333333332
CasCookieConfiguration:0.18333333333333332
JpaTicketRegistryConfiguration:0.17666666666666667
