Pixmap:0.49333333333333335
LwjglGraphics:0.35
OrthoCachedTiledMapRenderer:0.2866666666666667
TmxMapLoader:0.28
Box2DDebugRenderer:0.23416666666666666
BatchTiledMapRenderer:0.22666666666666666
BaseTmxMapLoader:0.22333333333333333
IsometricTiledMapRenderer:0.19666666666666666
IsometricStaggeredTiledMapRenderer:0.19
OrthogonalTiledMapRenderer:0.19
HexagonalTiledMapRenderer:0.19
FreeTypeFontGeneratorLoader:0.16666666666666666
TiledMapRenderer:0.11
