Lwjgl3Window:0.56
Lwjgl3Application:0.41
Lwjgl3WindowListener:0.23644444444444446
Lwjgl3DebugStarter:0.21666666666666667
Lwjgl3WindowConfiguration:0.18666666666666668
Lwjgl3WindowAdapter:0.15833333333333333
