JCPController2D:0.72
ChemModelManipulator:0.28833333333333333
CDKInputAdapter:0.17333333333333334
