TemporaryJobs:0.6466666666666666
JobListTest:0.2833333333333333
JobListCommand:0.24333333333333335
JobWatchCommand:0.22
Utils:0.20666666666666667
JobStatusCommand:0.17
HostListCommand:0.14
