AuthenticationRequest:0.5666666666666667
ClientEndpointImpl:0.5274444444444445
AuthenticationBaseMessageTask:0.31
