PrivateTags:0.4494444444444445
SeriesBean:0.41333333333333333
StorageBean:0.2633333333333333
StorageBeanTest:0.24444444444444446
MPPSBean:0.15
AttributeCoercions:0.13333333333333333
SeriesBeanTest:0.13
InstanceBeanTest:0.09666666666666666
