IPTextField:0.54
NewSecurityRuleDialog:0.27666666666666667
IPDocument:0.25333333333333335
TextFieldFocusHandler:0.09333333333333334
