TransactionalMap:0.56
MapTransactionTest:0.29333333333333333
TransactionalMapProxy:0.23666666666666666
TransactionalMapProxySupport:0.15
DummyUncheckedHazelcastTestException:0.0961111111111111
