FtpListingParser:0.7966666666666666
FileCheck:0.37666666666666665
