Lines:0.9
MultiLineSupport:0.64
PropertyMultilineValue:0.3433333333333333
PasswordProvider:0.3272804232804233
GedcomReader:0.2733333333333333
PropertyBlob:0.2733333333333333
ActionOpen:0.22666666666666666
PropertyChange:0.21333333333333335
EnigmaImpl:0.19666666666666666
ReportHTMLSheets:0.18333333333333332
Enigma:0.17
Copy:0.17
MLE:0.16333333333333333
Continuation:0.162
FilterProperties:0.15666666666666668
Init:0.15333333333333332
GedcomWriter:0.13666666666666666
ActionSearch:0.13333333333333333
Renderer:0.12
Note:0.09583333333333334
Source:0.09333333333333334
ProxyMLE:0.09333333333333334
Base64Lines:0.03666666666666667
MyContinuation:0.03666666666666667
MyLines:0.02
