FileHandle:0.8033333333333333
Pixmap:0.6566666666666666
