GEFActionBarContributor:0.5533333333333333
ProcessEditorContributor:0.49
DiagramActionBarContributor:0.31333333333333335
