Trust:0.9604444444444444
HttpTLSTest:0.36666666666666664
