Builder:0.38333333333333336
MongoClientSettings:0.3466666666666667
NettyStreamFactory:0.29333333333333333
MongoClients:0.25333333333333335
AsynchronousSocketChannelStreamFactory:0.17333333333333334
