MainDesktopPane:0.41333333333333333
MainScene:0.3333333333333333
DesktopPane:0.3233333333333333
SettlementWindow:0.2833333333333333
LabelMapLayer:0.25666666666666665
StructureMapLayer:0.25666666666666665
MainSceneMenu:0.22
AutoFillTextBox:0.19166666666666668
SettlementMapPanel:0.1877222222222222
