FieldResolver:0.6916666666666667
HtmlTag:0.4533333333333333
FormTagTest:0.41
FormTag:0.37
HtmlFormUtil:0.18333333333333332
