AbstractScene:0.663888888888889
ViewScene:0.36333333333333334
ObjectViewTopComponent:0.31333333333333335
CustomMoveControlPointAction:0.25
ObjectViewService:0.25
ObjectNode:0.22083333333333333
CustomAddRemoveControlPointAction:0.04666666666666667
