JavaObject:0.4166666666666667
Column:0.3566666666666667
jdbcResultSet:0.3233333333333333
DatabaseRowOutput:0.25
BinaryServerRowOutput:0.24
ArrayUtil:0.24
BinaryServerRowInput:0.20666666666666667
TestSelf:0.20333333333333334
BinaryDatabaseRowOutput:0.19666666666666666
TextDatabaseRowInput:0.18666666666666668
TextDatabaseRowOutput:0.18666666666666668
WebServerConnection:0.18333333333333332
BinaryDatabaseRowInput:0.17666666666666667
Function:0.16666666666666666
