MessageStream:0.6133333333333333
RateController:0.33
RateControllerTest:0.03666666666666667
