ProjectFinder:0.5066666666666667
ElementMatch:0.38666666666666666
FormNode:0.36
GPDSearchResult:0.29333333333333333
DesignerEditor:0.23333333333333334
XmlContentView:0.1988888888888889
ImportParWizardPage:0.16333333333333333
DesignerVariableEditorPage:0.15666666666666668
InfoWithDetailsDialog:0.15333333333333332
GPDTreeContentProvider:0.15333333333333332
SQLActionHandlerConfigDialog:0.15333333333333332
DesignerSwimlaneEditorPage:0.11777777777777776
SearchSwimlaneAction:0.09
GPDSearchPage:0.06333333333333334
XSNFormType:0.05333333333333334
OpenFormValidationDelegate:0.043333333333333335
GPDTreeLabelProvider:0.02666666666666667
GPDSearchQuery:0.016666666666666666
ProcessDefinitionSearchVisitor:0.016666666666666666
SearchVariableUsageSelectionListener:0.0033333333333333335
