AbstractReplicatedRecordStorage:0.61
ReplicatedMapService:0.4
ReplicationListener:0.16333333333333333
ReplicatedMapTest:0.12666666666666668
