EventTableModel:0.5966666666666667
ColumnSelector:0.47333333333333333
BarChartTab:0.20333333333333334
EventFilter:0.14777777777777779
