IndexMetaData:0.7033333333333334
SimpleRoutingIT:0.33666666666666667
PartitionedRoutingIT:0.27
SimpleValidateQueryIT:0.24666666666666667
MetaDataCreateIndexService:0.2274444444444444
IndicesRequestCacheIT:0.16666666666666666
SharedSignificantTermsTestMethods:0.13666666666666666
SplitIndexIT:0.11666666666666667
AliasRoutingIT:0.07666666666666666
TransportResizeActionTests:0.06333333333333334
MetaDataCreateIndexServiceTests:0.023333333333333334
