Builder:0.5433333333333333
GeoShapeFieldMapper:0.41333333333333333
TypeParser:0.15444444444444444
GeoShapeFieldMapperTests:0.14666666666666667
Defaults:0.12883333333333333
GeoShapeIntegrationIT:0.03
