BlojsomListener:0.44963888888888887
SimpleBlojsomEventBroadcaster:0.2966666666666667
BlojsomEventBroadcaster:0.29
