AlterTableStep:0.7911111111111111
AlterTableImpl:0.6163333333333334
