HttpClientRequest:0.4683333333333333
VertxClientHandler:0.32
HttpServerResponseImpl:0.27666666666666667
Http2ClientStream:0.26
Http2ServerRequestImpl:0.25333333333333335
Http2ClientTest:0.24666666666666667
HttpServerResponse:0.20583333333333334
ConnQueue:0.18333333333333332
Http2ServerResponseImpl:0.17
UriUtils:0.12444444444444445
Http2Pool:0.12
HttpClientRequestImpl:0.10333333333333333
