InvoicesTest:0.5633333333333334
Family:0.3333333333333333
DataSourceConnectionProvider:0.27666666666666667
ProductsValuesOfSubfamilyCalculator:0.2733333333333333
FamilyProductsReportAction:0.12
