Mango:0.6533333333333333
MethodUtil:0.49333333333333335
MangoInvokeInstruction:0.32
BackupAlg:0.24333333333333335
INVOKEVIRTUAL:0.17666666666666667
InvocationUtil:0.16333333333333333
ATHROW:0.13666666666666666
