CertProfileBean:0.61
CertProfilesBean:0.3416666666666667
BaseManagedBean:0.2833333333333333
