ClientMapProxy:0.4066666666666667
ClientProxy:0.37
ClientInvocationFuture:0.2041111111111111
ClientMapEventHandler:0.1927777777777778
MapGetEntryViewMessageTask:0.18
ClientListenerServiceImpl:0.17244444444444446
GenericResultParameters:0.14166666666666666
