Settings:0.4633333333333333
SpdyConnection:0.34
Http2ConnectionTest:0.24333333333333335
SettingsTest:0.22333333333333333
InFrame:0.21194444444444446
Main:0.18916666666666668
