MoleculeKU:0.5033333333333333
SMARTSnEnergiesTable:0.37
SMARTCyp:0.36666666666666664
SMARTSData:0.32666666666666666
