CMLWriter:0.7666666666666667
CMLRoundTripTest:0.37666666666666665
CMLCoreModule:0.3333333333333333
ChemFileCDO:0.22
