RevisionInfoConfiguration:0.37333333333333335
RevisionInfoGenerator:0.2812222222222222
RevisionInfoQueryCreator:0.28
GlobalConfiguration:0.27
AuditProcess:0.18333333333333332
AuditQueryCreator:0.16333333333333333
EntitiesAtRevisionQuery:0.15333333333333332
AuditReader:0.14416666666666667
AuditReaderImpl:0.09333333333333334
DefaultRevisionInfoGenerator:0.09
