FilterToLucene:0.5933333333333334
TypeNamesMapper:0.49616666666666676
FilterSearchEngine:0.22333333333333333
TypeNamesMapperTest:0.19333333333333333
ElementNameProcessor:0.17666666666666667
FindServicesQuery:0.15
