Kernel32:0.7283333333333334
Kernel32Util:0.37333333333333335
Kernel32UtilTest:0.2833333333333333
SYSTEM_LOGICAL_PROCESSOR_INFORMATION:0.25
LOGICAL_PROCESSOR_RELATIONSHIP:0.0
CACHE_DESCRIPTOR:0.0
PROCESSOR_CACHE_TYPE:0.0
