Environment:0.5633333333333334
Command:0.4266666666666667
Service:0.28
ServerCommand:0.17333333333333334
UsagePrinter:0.13
ConfiguredCommand:0.10666666666666667
JacksonMessageBodyProvider:0.06666666666666667
ConfigurationException:0.04210317460317461
ManagedCommand:0.02
SplodyCommand:0.016666666666666666
SayCommand:0.013333333333333334
