LockStore:0.5633333333333334
LockResourceImpl:0.45
LockStoreImpl:0.3433333333333333
RecordStore:0.3156111111111111
TxnUnlockBackupOperation:0.22666666666666666
LockStoreProxy:0.21
MapTransactionTest:0.20666666666666667
DefaultRecordStore:0.06666666666666667
