Flyway:0.6133333333333333
DbSupportFactory:0.45
MigrationTestCase:0.29333333333333333
ConcurrentMigrationTestCase:0.15666666666666668
SQLServerCaseSensitiveMigrationTestCase:0.14
