Internal:0.5366666666666666
URLConnectionTest:0.44333333333333336
HttpUrl:0.37666666666666665
Builder:0.29333333333333333
HttpURLConnectionImpl:0.22333333333333333
HttpUrlTest:0.17
