CertTools:0.6966666666666667
PKIXCertRevocationStatusChecker:0.44666666666666666
CertRevocationStatusCheckerTest:0.3466666666666667
