TypeConverterTestHelper:0.695
ConvertTest:0.28
StringArrayConverterTest:0.19666666666666666
ClassArrayConverterTest:0.19666666666666666
