DataToRouteReader:0.5833333333333334
RouterService:0.44888888888888895
RouterDataReaderUnitTest:0.21
