AbstractConfigBuilder:0.43
XmlConfigImportVariableReplacementTest:0.3433333333333333
XmlClientConfigImportVariableReplacementTest:0.2833333333333333
