APIUtil:0.5233333333333333
Utils:0.4533333333333333
JavaMethodsGenerator:0.43666666666666665
GLESTypeMap:0.3566666666666667
GLTypeMap:0.3566666666666667
ALTypeMap:0.3566666666666667
GLCapabilitiesGenerator:0.31333333333333335
CLTypeMap:0.25666666666666665
TypeMap:0.2
