AddTransitionFeature:0.6633333333333333
DiagramEditorPage:0.42
UpdateTransitionFeature:0.1872222222222222
