VcardSubCrawler:0.5466666666666666
VcardSubCrawlerTest:0.37333333333333335
VcardSubCrawlerFactory:0.33
ByteArrayCharSequence:0.21
ByteArrayCharSequenceTest:0.02
