NaturalOrderComparator:0.5766666666666667
NaturalOrderComparatorTest:0.2833333333333333
