ModalityWorklistLocal:0.8111111111111111
ModalityWorklistBean:0.5283333333333333
ModalityWorklistPanel:0.5166666666666667
