SessionImpl:0.65
SessionBuilderImpl:0.26
EntityManagerFactoryImpl:0.18
SharedSessionBuilderImpl:0.17666666666666667
EntityManagerImpl:0.15333333333333332
TransactionJoiningTest:0.09666666666666666
