DrawableFeatureSet:0.7
FineFeatureEditorPanel:0.32
StrandedZoomableApolloPanel:0.27
FeatureTier:0.26666666666666666
SiteView:0.24777777777777782
AnnotationEditor:0.24666666666666667
FeatureTierManager:0.21
DisplayTool:0.19305555555555554
FlexibleFeatureTierManager:0.18666666666666668
TypePanel:0.17666666666666667
EditMenu:0.13666666666666666
AnnotationMenu:0.12333333333333334
FeatureTreeVector:0.02666666666666667
