TestIcalCrawler:0.39
IcalTestIncrementalCrawlerHandler:0.3566666666666667
SimpleCrawlerHandler:0.29688888888888887
IcalTestSimpleCrawlerHandler:0.29688888888888887
AppleAddressbookCrawlerTest:0.25666666666666665
ApertureTestBase:0.23666666666666666
ThunderbirdCrawlerTest:0.23666666666666666
TestModelAccessData:0.18333333333333332
TestIcalCrawlerIncremental:0.11666666666666667
