SqlQueryWorker:0.58
SqlQueryTask:0.3233333333333333
QueryTaskResource:0.31666666666666665
StaticQueryManager:0.23333333333333334
