RWorkspace:0.6733333333333333
Lexicon:0.33
CqiServer:0.2833333333333333
CA:0.20333333333333334
SpecificitesResult:0.19666666666666666
