SubjectPrincipalsHelper:0.7466666666666667
AuthenticationLogic:0.30333333333333334
EjbTransactionSupport:0.17333333333333334
