Utils:0.6266666666666667
DetectOld:0.29333333333333333
Delete:0.26666666666666666
DeletedObjects:0.24
Reject:0.23666666666666666
