HazelcastClientInstanceImpl:0.6077777777777779
ClientConnectionManagerImpl:0.3422222222222222
