CMap:0.35
ClusterTest:0.3466666666666667
ClusterManager:0.29
BaseManager:0.2733333333333333
ResponseQueueCall:0.22333333333333333
MulticastJoiner:0.19666666666666666
MultiCall:0.17244444444444446
JoinRunnable:0.13666666666666666
