Harvester:0.5966666666666667
Util:0.4633333333333333
