PutFromLoadValidator:0.38666666666666666
ConcurrentWriteTest:0.37
ReadOnlyAccess:0.3433333333333333
Caches:0.24
ClusterAwareRegionFactory:0.23666666666666666
CollectionRegionImpl:0.23333333333333334
DualNodeJtaPlatformImpl:0.23333333333333334
BaseRegion:0.20166666666666666
CacheTestUtil:0.19666666666666666
EntityRegionImpl:0.18583333333333332
InfinispanRegionFactoryTestCase:0.18
BatchModeTransactionCoordinator:0.17666666666666667
CorrectnessTestCase:0.16666666666666666
JBossStandaloneJtaExampleTest:0.15666666666666668
NaturalIdRegionImpl:0.13
BatchModeTransaction:0.08333333333333333
ForceNonTxInfinispanRegionFactory:0.056666666666666664
EqualityTest:0.05
FailingInfinispanRegionFactory:0.0
