Map:0.7733333333333333
Mission:0.29333333333333333
SimpleMapGenerator:0.23666666666666666
TerrainGenerator:0.20583333333333337
DefendSettlementMission:0.19
MapTest:0.19
