Shader:0.8
DefaultShader:0.5566666666666666
BaseShader:0.23666666666666666
GLES10Shader:0.1852222222222222
TestShader:0.15
BaseShaderProvider:0.13666666666666666
Input:0.12777777777777777
