SoapProtocol:0.5991666666666666
XmlRpcProtocol:0.42333333333333334
JsonRpcProtocol:0.4166666666666667
