AwsS3Service:0.5933333333333334
AwsS3ServiceImplTests:0.4166666666666667
Builder:0.4066666666666667
InternalAwsS3Service:0.30666666666666664
S3Repository:0.2773333333333333
ESTestCase:0.27
AffixSetting:0.26
SecureSetting:0.21333333333333335
SecureString:0.19
AbstractS3SnapshotRestoreTest:0.18
CLOUD_S3:0.15666666666666668
InternalSettingsPreparer:0.14277777777777778
Repositories:0.135
Repository:0.135
S3RepositoryTests:0.08333333333333333
EnvironmentCredentialsTests:0.08
SyspropCredentialsTests:0.08
DummyS3Service:0.07777777777777778
TestAwsS3Service:0.05333333333333334
InternalSettingsPreparerTests:0.052222222222222225
