MongosStatus:0.5866666666666667
ReplicaSetHolder:0.4066666666666667
DynamicConnectionStatus:0.3233333333333333
