Images:0.37
Scans:0.36333333333333334
Email:0.3383333333333333
JdbcExpertConfigFile:0.30333333333333334
Pager:0.14416666666666667
QueryResult:0.12666666666666668
