AbstractTestQueries:0.5533333333333333
RelationPlanner:0.38666666666666666
SemanticExceptions:0.37333333333333335
