ShortArray:0.4633333333333333
LongArray:0.20333333333333334
CharArray:0.20333333333333334
FloatArray:0.20333333333333334
IntArray:0.20333333333333334
