GPUFluxRenderer:0.8066666666666666
FluxPhongShader:0.22333333333333333
