HtmlPage:0.81
JavaScriptEngine:0.36333333333333334
HtmlImage:0.30333333333333334
HTMLImageElementTest:0.20333333333333334
