StringUtils:0.5333333333333333
Event:0.41
MyContentHandler:0.35333333333333333
EventsWithoutWhitespaceIterator:0.23694444444444449
XmlUtils:0.19
XmlUtilsTest:0.0033333333333333335
