SuggestionBuilder:0.7233333333333334
TermSuggestionBuilder:0.5266666666666666
StreamInput:0.36333333333333334
SuggestSearchTests:0.35
CompletionSuggestionBuilder:0.32666666666666666
SuggestBuilder:0.26
DirectSpellcheckerSettings:0.2
SearchModule:0.17333333333333334
AbstractSuggestionBuilderTestCase:0.16333333333333333
RestSearchAction:0.12666666666666668
