StepExecutionMessageHandler:0.44333333333333336
StubStep:0.3333333333333333
SimpleJobTests:0.31333333333333335
SimpleJob:0.24592063492063498
ChunkMessageChannelItemWriter:0.22333333333333333
StepExecutionMessageHandlerTests:0.19
