Stack:0.6372222222222222
LightweightThread:0.47
InstrumentMethod:0.31333333333333335
Classes:0.18333333333333332
