MetaDataIndexTemplateService:0.5066666666666667
MetaDataCreateIndexService:0.48833333333333334
MetaDataIndexTemplateServiceTests:0.43
