User:0.6233333333333333
TodoListsDwrImpl:0.2866666666666667
TodoListsManagerImpl:0.24
TodoListsManagerImplTest:0.24
RecoverPasswordAction:0.13333333333333333
RegisterAction:0.13333333333333333
AuthenticationDAOImpl:0.13
