RoundedBackgroundPainter:0.5416666666666666
GlassPainter:0.5416666666666666
LinearGradientPainter:0.5416666666666666
