QueryState:0.6833333333333333
Extent:0.33916666666666667
EdgeDirection:0.3333333333333333
EdgePredicate:0.23
