LogBufferDescriptor:0.5305555555555556
RawLogFactory:0.41
MappedRawLog:0.3516666666666667
