HTMLElement:0.41333333333333333
Element:0.31333333333333335
ElementTest:0.26
DOMTokenList:0.23
DOMTokenListTest:0.0
