jEdit:0.7933333333333333
BufferPrintable:0.3466666666666667
PrintPreview:0.29
HyperSearchRequest:0.26
BufferPrinter1_3:0.12333333333333334
BufferPrinter1_4:0.11
