DrawableFeatureSet:0.4533333333333333
ApolloFrame:0.41333333333333333
BaseFineEditor:0.33666666666666667
BaseEditorPanel:0.33666666666666667
TranscriptComboBoxItemListener:0.0
