Weight:0.6733333333333333
LMS:0.3233333333333333
SupervisedLearning:0.30333333333333334
