AppliedMigration:0.5933333333333334
MigrationInfoImpl:0.4633333333333333
MigrationInfoServiceImpl:0.26
MigrationInfoContext:0.21333333333333335
ResolvedMigrationImpl:0.21
MetaDataTableImpl:0.21
MigrationInfoHelper:0.2
ResolvedMigrationComparator:0.18
SqlMigrationResolver:0.16666666666666666
MigrationInfoDumper:0.14
DbMigrate:0.13666666666666666
CompositeMigrationResolver:0.11
DbRepair:0.10666666666666667
MigrationInfoHelperSmallTest:0.056666666666666664
