MethodTestDescriptor:0.45
AnnotationUtils:0.36666666666666664
MethodTestDescriptorTests:0.2733333333333333
ClassTestDescriptor:0.26
AnnotationUtilsTests:0.16666666666666666
DoubleAnnotationClass:0.03444444444444444
