Sequence:0.3933333333333333
Protocol:0.31333333333333335
PubSource:0.31333333333333335
URL:0.31
