DataService:0.45
CsvLoader:0.42333333333333334
AbstractDbDialect:0.34
IDbDialect:0.27166666666666667
CsvConstants:0.22872222222222216
StreamDDLDataCommand:0.04666666666666667
