TestUtils:0.51
PolicyBasedAuthenticationManager:0.49333333333333335
AbstractAuthenticationManager:0.3233333333333333
