CacheStatsHandler:0.45
ClientCacheProxy:0.44666666666666666
AbstractClientInternalCacheProxy:0.43
AbstractClientCacheProxy:0.42333333333333334
ClientCachePartitionLostEventHandler:0.3168888888888889
