ClientCallImpl:0.5366666666666666
TransportSetTest:0.37666666666666665
ClientCallImplTest:0.30333333333333334
UncancellableTransportFuture:0.2897619047619048
TransportSet:0.2
ClientStreamListenerImpl:0.1927777777777778
TransportListener:0.07666666666666666
BlankFutureProvider:0.06666666666666667
FulfillmentBatch:0.060833333333333336
