Client:0.5933333333333334
BinaryClient:0.36
PipelineBase:0.35333333333333333
