VirtualBundleFactoryBean:0.6252777777777777
MockBundleContext:0.5333333333333333
VirtualBundleBeanDefinitionParser:0.18666666666666668
