Workbench:0.5633333333333334
StatusBar:0.5
Toolbar:0.36666666666666664
