ReportEntry:0.56
ExtensionContextTests:0.3541666666666667
XmlReportWriter:0.27666666666666667
ColoredPrintingTestListener:0.27
JUnit5RunnerListener:0.21
