BootstrapCircleThumbnail:0.6533333333333333
BootstrapEditText:0.34
BootstrapCircleThumbnailExample:0.24833333333333332
