View:0.76
AJAXTest:0.26
TrainingTest:0.21333333333333335
QuoteTest:0.17333333333333334
