Duration:0.58
StringUtils:0.26666666666666666
DurationSplitter:0.24
DAOResult:0.22666666666666666
DurationJSONWrapper:0.20666666666666667
AbstractUserBase:0.19666666666666666
CalendarJAXBOutputWrapper:0.17944444444444446
