DependencyBank:0.5233333333333333
GdxSetup:0.4666666666666667
BuildScriptHelper:0.2733333333333333
ProjectFile:0.2633333333333333
