MacOSXDisplay:0.5633333333333334
MacOSXDisplayPeerInfo:0.23833333333333334
MacOSXAWTGLCanvasPeerInfo:0.21333333333333335
MacOSXCanvasImplementation:0.12
MacOSXCanvasPeerInfo:0.11
