OOITBuilder:0.49666666666666665
OutputPort:0.42
Interpreter:0.33666666666666667
NotificationProcess:0.33
SolicitResponseProcess:0.3
