GeneBean:0.4766666666666667
BeanFactory:0.36666666666666664
AnnotationTable:0.3433333333333333
PubConnection:0.21666666666666667
AnnotationBeanTest:0.21
UpdateAnnotation:0.18333333333333332
