Statistics:0.49333333333333335
ArticleProcessor:0.31
FrontRenderer:0.19238095238095237
StatisticMgmtService:0.17333333333333334
ArticleMgmtService:0.16
RemoveCacheListener:0.12888888888888886
StatProcessor:0.10666666666666667
