FOXMLDOSerializer:0.4533333333333333
METSLikeDODeserializer:0.38666666666666666
METSLikeDOSerializer:0.33
DOValidatorImpl:0.29
METSLikeExportDOSerializer:0.26666666666666666
METSInOutTest:0.17333333333333334
FOXMLDeserializeTest:0.15333333333333332
METSToFOXMLTest:0.10333333333333333
