LinuxDisplay:0.64
MacOSXDisplay:0.31666666666666665
AbstractAWTInput:0.24333333333333335
WindowsAWTInput:0.21666666666666667
LinuxAWTInput:0.18
MacOSXAWTInput:0.07333333333333333
