ArticleQueryService:0.38333333333333336
CommentQueryService:0.2833333333333333
UserQueryService:0.27666666666666667
ArticleProcessor:0.20666666666666667
CommentNotifier:0.20133333333333334
