Sequence:0.44333333333333336
DM:0.3333333333333333
SequenceElement:0.2269285714285714
Builder:0.22
VectorsConfiguration:0.18844444444444444
SequenceVectors:0.15333333333333332
ParagraphVectorsTest:0.08333333333333333
VectorCalculationsThread:0.04
