SvgAnimateTest:0.12666666666666668
SvgAnimateTransformTest:0.12666666666666668
SvgAltGlyphTest:0.12666666666666668
SvgAnimateMotionTest:0.12666666666666668
SvgAltGlyphDefTest:0.06333333333333334
SvgAltGlyphItemTest:0.06333333333333334
SvgAnimateColorTest:0.06333333333333334
