AbstractDependencyManagerTests:0.59
IOUtils:0.31333333333333335
WeatherServiceBundleTest:0.24166666666666667
