UdpChannel:0.5266666666666666
InterfaceSearchAddress:0.38666666666666666
UdpChannelTest:0.32
SocketAddressUtil:0.24666666666666667
SocketAddressUtilTest:0.17
