EjbcaConfiguration:0.8533333333333334
ProtocolScepHttpTest:0.57
ScepServlet:0.3433333333333333
