ImageDownloader:0.48333333333333334
MHTMLViewer:0.4666666666666667
MWebBrowserPanel:0.29
FeedComponent:0.27666666666666667
NotepadEditorDesigner:0.20333333333333337
CachedImageView:0.14333333333333334
