RubyTokenScanner:0.6766666666666666
TC_RubyTokenScanner:0.2633333333333333
