Codd:0.5466666666666666
Euler:0.5388888888888889
Process:0.31
