JarBundler:0.5166666666666667
PropertyListWriter:0.3466666666666667
DocumentType:0.275
AppBundleProperties:0.26
