ItemWriterRetryCallback:0.5733333333333334
ItemWriterRetryCallbackTests:0.39666666666666667
ItemWriterRetryContext:0.36333333333333334
