Config:0.8833333333333333
HazelcastInstance:0.598
XmlConfigBuilder:0.5333333333333333
HazelcastClient:0.24333333333333335
HazelcastClientProxy:0.22666666666666666
