RenderAndBindTests:0.4066666666666667
jOOQAbstractTest:0.40555555555555556
Val:0.31
