NodeView:0.8066666666666666
JnetFilterObserver:0.31333333333333335
