Stream:0.7366666666666667
Status:0.44
AbstractStream:0.27666666666666667
AbstractClientStream:0.2733333333333333
NettyClientHandler:0.24
OkHttpClientTransport:0.20666666666666667
NettyClientHandlerTest:0.19666666666666666
AbstractServerStream:0.19666666666666666
NettyServerStreamTest:0.19
NettyClientStreamTest:0.18666666666666668
OkHttpClientStream:0.16
InProcessClientTransport:0.10666666666666667
Http2ClientStream:0.09916666666666667
