TypeUtil:0.5933333333333334
Types:0.45
Autoboxer:0.30666666666666664
OperatorRewriter:0.24333333333333335
StaticVarRewriter:0.22666666666666666
ArrayRewriter:0.18666666666666668
DestructorGenerator:0.14333333333333334
