Post:0.6866666666666666
TestRunner:0.4116666666666667
TestEventBus:0.29333333333333333
TestRunnerActivity:0.2633333333333333
