Management:0.6028333333333333
DefaultDOManager:0.4666666666666667
DefaultManagement:0.34
UploadServlet:0.04666666666666667
