NeuralNetworkScene:0.59
NeuralLayerWidget:0.45
NeuralNetworkWidget:0.27666666666666667
LearningRuleWidget:0.06333333333333334
