R:0.4166666666666667
Response:0.3205555555555556
DBTCPConnector:0.30333333333333334
ReplicaSetStatus:0.2833333333333333
DBPort:0.2733333333333333
OutMessage:0.22444444444444447
Node:0.15
ReplSetTest:0.08666666666666667
