Terminal:0.53
CliTool:0.3333333333333333
SystemTerminal:0.2633333333333333
ConsoleTerminal:0.22666666666666666
CliToolTests:0.17333333333333334
CaptureOutputTerminal:0.09333333333333334
MockTerminal:0.07666666666666666
