MappingUpdatedAction:0.5666666666666667
Node:0.4633333333333333
IndexShardGateway:0.35
TransportIndexAction:0.22
ShardTermVectorsService:0.20333333333333334
RecoverySourceHandler:0.2
TransportShardBulkAction:0.19
MetaDataMappingService:0.12333333333333334
