ClusterInfo:0.4766666666666667
DiskThresholdDecider:0.35333333333333333
Builder:0.3233333333333333
InternalClusterInfoService:0.20416666666666666
ClusterInfoServiceTests:0.19666666666666666
CancelAllocationCommand:0.19666666666666666
AllocationService:0.17666666666666667
AllocateAllocationCommand:0.16
ThrottlingAllocationDecider:0.15
ClusterInfoUpdateJob:0.1487777777777778
