NumberFieldMapper:0.57
RangeFieldMapper:0.30333333333333334
ScaledFloatFieldType:0.2377777777777778
NumberFieldType:0.2277777777777778
ScaledFloatFieldMapper:0.19777777777777777
TypeParser:0.12444444444444443
NumberFieldTypeTests:0.06
