Messages:0.7833333333333333
DeployBotAction:0.3025
DeployBotStationAction:0.3025
DeployBotForm:0.2633333333333333
DeployBotStationTag:0.21333333333333335
DeployBotTag:0.21333333333333335
SaveBotStationAction:0.023333333333333334
SaveBotStationLinkTag:0.01
