OgnlValueStackTest:0.61
OgnlUtilTest:0.5577777777777777
AnnotationXWorkConverterTest:0.3333333333333333
