ZenPing:0.4953333333333333
Node:0.3466666666666667
UnicastZenPing:0.3333333333333333
DiscoveryWithServiceDisruptionsIT:0.3
MockZenPing:0.28
AbstractLifecycleComponent:0.24666666666666667
ZenDiscovery:0.24333333333333335
ZenDiscoveryUnitTests:0.15
DiscoveryModuleTests:0.13916666666666666
TribeService:0.12666666666666668
DiscoveryModule:0.125
TribeUnitTests:0.11666666666666667
MockNode:0.09666666666666666
UnicastZenPingTests:0.09666666666666666
TestPlugin:0.023333333333333334
