Formatter:0.7733333333333333
ExpressionFormatter:0.37666666666666665
Expression:0.23
ExpressionToStringVisitor:0.23
InnerExpressionAnalyzer:0.22
ShowIntegrationTest:0.18
SubscriptValidatorTest:0.17
SqlFormatter:0.15444444444444444
