ProjectedMap3DItemRenderer:0.6256666666666667
ServerMap3DItemsUtilities:0.55
Map3DItemListRenderer:0.36333333333333334
AbstractProjectedMap3DItemRenderer:0.23
