BinderModule:0.7416666666666667
AdminModule:0.42388888888888887
AbstractEntryProcessor:0.39666666666666667
AdminModuleImpl:0.3466666666666667
WorkflowModuleImpl:0.21666666666666667
AbstractAccessControlController:0.18333333333333332
CommaSeparatedValue:0.15833333333333333
AbstractFilterController:0.12
BinderModuleImpl:0.09666666666666666
SearchFieldResult:0.07777777777777778
