ClusterModule:0.7866666666666666
ClusterModuleTests:0.4166666666666667
ShardsAllocatorModuleIT:0.22333333333333333
