OrcStoragePageSink:0.5266666666666666
OrcStorageManager:0.42
TestOrcStorageManager:0.31666666666666665
StorageManagerConfig:0.25666666666666665
