Node:0.5866666666666667
LinkedPolicy:0.43
SamplingPolicy:0.33666666666666667
ClairvoyantPolicy:0.29
