Query:0.6
KuwaibaWebservice:0.36
BackendBeanRemote:0.3466666666666667
BackendBean:0.30333333333333334
