JCPAction:0.7958333333333333
PeriodicTablePanel:0.4691666666666667
JCPToolBar:0.3566666666666667
