TransactionProvider:0.5166666666666667
MakumbaSystem:0.5033333333333333
table:0.36666666666666664
HibernateTransactionProvider:0.3588888888888889
tableHibernate:0.26666666666666666
copy:0.20111111111111113
MakumbaInfoTag:0.19666666666666666
HtmlTableImporter:0.19333333333333333
