OidcRegisteredService:0.35333333333333333
AbstractServiceValidateController:0.3433333333333333
DefaultAcceptableUsagePolicyRepository:0.22666666666666666
CoreSamlConfiguration:0.20333333333333334
AbstractSamlObjectBuilder:0.15666666666666668
IdPInitiatedProfileHandlerController:0.14083333333333334
