BookCustomFragment:0.6766666666666666
OneFragment:0.5977777777777779
