Parser:0.5066666666666667
ParseTreePatternMatcher:0.45
ParseTreeMatch:0.35333333333333333
Lexer:0.33666666666666667
ParseTreePattern:0.22333333333333333
TestParseTreeMatcher:0.22
Recognizer:0.21194444444444446
RuleTagToken:0.19666666666666666
ListTokenSource:0.16666666666666666
TagChunk:0.13833333333333334
TokenTagToken:0.12833333333333333
TextChunk:0.06333333333333334
