ECKey:0.561111111111111
ECDSASignature:0.5066666666666667
TransactionSignature:0.38666666666666666
ECKeyTest:0.23
