IANNotificationVO:0.5166666666666667
FileSystemMgtService:0.4166666666666667
StoreScpService:0.34
FileSystemMgtBean:0.30666666666666664
IANScuService:0.29333333333333333
ForwardService:0.23666666666666666
FileSystemMgtSupportBean:0.04666666666666667
