DocumentMapper:0.48333333333333334
ObjectMapper:0.42
DocumentFieldMappers:0.36
MapperService:0.33
SmartIndexNameSearchAnalyzer:0.23
SmartIndexNameSearchQuoteAnalyzer:0.23
FieldNameAnalyzer:0.08111111111111112
