WebTestCase:0.41333333333333333
CodeStyleTest:0.3333333333333333
CodeChecker:0.31333333333333335
JavaScriptConfigurationTest:0.28
Sarissa0993Test:0.25
ClassConfigurationTest:0.18
HtmlTableRowTest:0.15333333333333332
HtmlImageDownloadTest:0.13
HtmlAttrTest:0.12666666666666668
Dojo102Test:0.05333333333333334
DebugFrameImplTest:0.02
