ObjectFactory:0.64
EjbcaWS:0.5553452380952381
IEjbcaWS:0.5553452380952381
CommonEjbcaWSTest:0.42
TestEjbcaWS:0.29333333333333333
GetEjbcaVersionResponse:0.17555555555555558
GetEjbcaVersion:0.043055555555555555
