SerializeWriter:0.6233333333333333
JSONObject:0.43333333333333335
MapSerializerTest:0.2
ByteArraySerializerTest:0.16333333333333333
ByteArrayTest:0.15
ByteArrayFieldSerializerTest:0.14
TypeUtils:0.12
