CountPlan:0.5266666666666666
Visitor:0.3333333333333333
GroupByPlannerTest:0.2966666666666667
InsertPlannerTest:0.26
SelectPlannerTest:0.25333333333333335
NodeOperationTreeGenerator:0.23333333333333334
TaskCollectingVisitor:0.21333333333333335
PageDownstreamFactory:0.18666666666666668
UpdatePlannerTest:0.18333333333333332
InnerPreparer:0.14
PageDownstreamFactoryTest:0.08333333333333333
