AbstractEvent:0.5166666666666667
CompositeEvent:0.4633333333333333
Proof:0.3933333333333333
SystemRecord:0.24333333333333335
