BuildMessage:0.5933333333333334
BuildMessageExtractor:0.32666666666666666
ErrorsAndWarningsMessagesWidget:0.16333333333333333
Localhost:0.11444444444444443
BuildMessageTest:0.11333333333333333
BuildMessageExtractorTest:0.11
ErrorsAndWarningsMessagesWidgetTest:0.09666666666666666
