JGraphPanel:0.7482777777777778
MouseHandler:0.5597222222222222
