ObjectFactory:0.5166666666666667
RemoteBusinessRule:0.4
LocalClassMetadataLight:0.35333333333333333
KuwaibaService:0.31437301587301586
CommunicationsStub:0.23
LocalBusinessRule:0.15666666666666668
LocalBusinessRuleConstraint:0.10333333333333333
ConfigureConnectorMatchingAction:0.08333333333333333
CreateBusinessRule:0.07666666666666666
MatchingRulesFrame:0.07111111111111112
RemoteBusinessRuleConstraint:0.02666666666666667
DeleteBusinessRuleResponse:0.023888888888888887
DeleteBusinessRule:0.013333333333333334
GetBusinessRules:0.013333333333333334
GetBusinessRulesResponse:0.0
CreateBusinessRuleResponse:0.0
