EditorManager:0.54
ContributionAnnotationManager:0.26
ContributionAnnotation:0.25333333333333335
AbstractSharedProjectListener:0.13555555555555554
