AbstractBlackBoxTestCase:0.48333333333333334
Detector:0.4533333333333333
AllPositiveBlackBoxTester:0.41
LocalBlockBinarizer:0.37333333333333335
