Context:0.5266666666666666
Archiver:0.4
ArrayListUtil:0.06333333333333334
