DefaultExcludedPatternsChecker:0.6208333333333333
MockConfiguration:0.46
XWorkConfigurationProvider:0.41333333333333333
