MonitorThread:0.5833333333333334
InvocationRegistry:0.28
PendingInvocationsPlugin:0.245
Invocation_RetryTest:0.22333333333333333
OnMemberLeftTask:0.2088888888888889
InvocationMonitor:0.16
