ConversionRules:0.4666666666666667
FOXMLMaker:0.4066666666666667
Relationship:0.12
RelSpec:0.08333333333333333
SIP2FOX:0.07
TargetSpec:0.043333333333333335
