DefaultNodeContext:0.575
Select_NonBlockingIOThreadingModelFactory:0.12666666666666668
SelectNow_NonBlockingIOThreadingModelFactory:0.12666666666666668
SelectWithSelectorFix_NonBlockingIOThreadingModelFactory:0.12666666666666668
Spinning_IOThreadingModelFactory:0.12666666666666668
