Builder:0.5033333333333333
AsyncHttpClientConfig:0.42333333333333334
JDKAsyncHttpProvider:0.3277777777777778
AsyncHttpUrlConnection:0.2111111111111111
NettyConnectListener:0.14666666666666667
