BuildingManager:0.5066666666666667
Malfunction:0.45666666666666667
PersonConfig:0.2966666666666667
MalfunctionManager:0.27
SettlementConfig:0.26916666666666667
Building:0.25333333333333335
BuildingConfig:0.24444444444444446
NaturalAttributeManager:0.2413888888888889
PhysicalCondition:0.24
PersonalityType:0.21166666666666667
TerrainElevation:0.19666666666666666
LandmarkConfig:0.11333333333333333
BuildingsTabPanel:0.10666666666666667
MalfunctionFactory:0.1
MalfunctionConfig:0.08333333333333333
MaintenanceTabPanel:0.08
MockBuilding:0.07666666666666666
