DataService:0.5033333333333333
PurgeService:0.27666666666666667
IPurgeService:0.22401587301587308
OutgoingBatchService:0.20333333333333334
IOutgoingBatchService:0.14416666666666667
MockOutgoingBatchService:0.14416666666666667
