Segment:0.8202222222222223
CharSegment:0.6
StringInputStream:0.4866666666666667
