HttpClient:0.6733333333333332
HttpUtils:0.2966666666666667
Builder:0.29
JokeFragment:0.2733333333333333
WanAndroidFragment:0.2425
ImgLoadUtil:0.19527777777777777
JokeNavigator:0.18833333333333332
WanAndroidViewModel:0.1811111111111111
OneFragment:0.14416666666666667
JokeModelNavigator:0.04666666666666667
