History:0.49333333333333335
StoredGrammarView:0.43666666666666665
Simulator:0.4266666666666667
DefaultFileSystemStore:0.30666666666666664
