Part:0.6433333333333333
NettyAsyncHttpProvider:0.45888888888888885
FilePartSource:0.25666666666666665
