SectionTag:0.7533333333333333
ErrorControllerHandler:0.3416666666666667
AJAXDataControllerHandler:0.26
