Record:0.5366666666666666
Model:0.49333333333333335
CPI:0.31
DbPro:0.28
PostgreSqlDialect:0.23333333333333334
Dialect:0.20666666666666667
