DataManager:0.47222222222222227
SearchManager:0.3433333333333333
CatalogConfiguration:0.31666666666666665
GetDomain:0.25
GetCapabilities:0.24111111111111114
LuceneIndexWriterFactory:0.15666666666666668
