Data:0.74
ExecutorManager:0.31166666666666665
ClusterService:0.23666666666666666
SimpleDataEntry:0.19333333333333333
