SimpleJobLauncherTests:0.7366666666666667
JobRepositoryFactoryBeanTests:0.45166666666666666
