DatabaseAcceptanceTest:0.5266666666666666
UpdateAcceptanceTest:0.465
FindAndRemoveAcceptanceTest:0.2833333333333333
