ExecuteScriptImport:0.7052380952380953
AddBase:0.3883333333333333
