NotifierConfigurationTest:0.5033333333333333
HazelcastStoreConfiguration:0.15666666666666668
InfoUpdateTriggerTest:0.11333333333333333
StatusUpdateTriggerTest:0.10333333333333333
FilteringNotifierWebConfiguration:0.016666666666666666
MailNotifierConfiguration:0.016666666666666666
NotifierTriggerConfiguration:0.0
