Catalog:0.6666666666666666
RecordingSession:0.39666666666666667
ArchiveConductor:0.30333333333333334
