SerializeWriter:0.5166666666666667
CharTypesTest:0.28
CharTypes:0.27544444444444444
CollectionDeserializer:0.15666666666666668
