JChemPaintEditor:0.7966666666666666
IJChemPaintManager:0.31333333333333335
JChemPaintManager:0.24
