Version:0.44666666666666666
IssueServiceImpl:0.4116666666666667
Component:0.39
VersionForm:0.16666666666666666
ComponentForm:0.16666666666666666
EditIssueAction:0.16333333333333333
EditComponentAction:0.12666666666666668
EditIssueFormAction:0.12333333333333334
ExportAttachmentsAction:0.11
EditVersionFormAction:0.09
EditVersionAction:0.07666666666666666
EditComponentFormAction:0.07666666666666666
