DPhex:0.49333333333333335
PhexXmlSaxWriter:0.37833333333333335
UpdateCheckRunner:0.31333333333333335
