StatefulRetryTasklet:0.56
SkipLimitStepFactoryBean:0.35
StatefulRetryTaskletTests:0.2966666666666667
ItemTrackingItemWriterTests:0.19333333333333333
ItemTrackingItemWriter:0.16666666666666666
