PortletServletRequest:0.4988888888888889
PortletActionConstants:0.45359523809523816
Jsr168Dispatcher:0.3933333333333333
Jsr168DispatcherTest:0.36333333333333334
PortletActionContext:0.25666666666666665
