GraphElement:0.2866666666666667
CellEditorListener:0.2816666666666667
IOUtils:0.25333333333333335
Decision:0.22666666666666666
FormNode:0.22
TransitionFigure:0.21333333333333335
DefaultDecisionFlowDecoration:0.21
TransitionGraphicalEditPart:0.19833333333333333
NodeGraphicalEditPart:0.19666666666666666
BSHEditorDialog:0.15
BSHDecisionModel:0.14444444444444443
PropertiesView:0.13
DecisionGraphicalEditPart:0.006666666666666667
