CodeFormatter:0.6433333333333333
TC_CodeFormatter:0.37666666666666665
TS_RdtAllTests:0.18
