Printer:0.65
Extruder:0.49333333333333335
GenericExtruder:0.43333333333333335
ExtruderState:0.30333333333333334
GenericRepRap:0.24
SNAPExtruder:0.24
GCodeRepRap:0.21
XYZTabPanel:0.2
StepperPositionJPanel:0.19333333333333333
GCodeExtruder:0.16666666666666666
ExtruderPanel:0.12333333333333334
