MultiLayerNetwork:0.7166666666666667
BasePretrainNetwork:0.36333333333333334
ComputationGraph:0.25666666666666665
