LockBasicTest:0.6919444444444444
UnlockIfLeaseExpiredOperation:0.46844444444444433
LockEvictionProcessor:0.2966666666666667
