Builder:0.51
ResourceTestJerseyConfiguration:0.41333333333333333
ResourceTestRule:0.3933333333333333
PersonResourceTest:0.21
DummyExceptionMapper:0.05333333333333334
