WorkspaceOperations:0.5266666666666666
ProcessEditorBase:0.5266666666666666
ProcessExplorerTreeView:0.30333333333333334
DrawAfterPasteCommand:0.18
CopyGraphCommand:0.17666666666666667
