Util:0.61
DefaultExecuteContext:0.43
CursorImpl:0.24666666666666667
FieldTypeHelper:0.23666666666666666
