Project:0.7
Application:0.69
DefaultSDIApplication:0.33916666666666667
ToggleProjectPropertyAction:0.29
DefaultOSXApplication:0.25333333333333335
PrintAction:0.17077777777777778
AbstractProject:0.17
OSXPaletteHandler:0.16333333333333333
PrintableProject:0.15276190476190485
AbstractApplication:0.14416666666666667
