AbstractSharedClusterTest:0.44333333333333336
SuggestSearchTests:0.4266666666666667
PhraseSuggestionBuilder:0.4
ElasticsearchAssertions:0.17666666666666667
