JerryTest:0.7966666666666666
HAS:0.2966666666666667
