CaptureInfo:0.47
Capture:0.43333333333333335
OuterReferenceResolver:0.25666666666666665
MethodReferenceTest:0.24333333333333335
InitializationNormalizer:0.20333333333333334
LocalCapture:0.19666666666666666
RewriteContext:0.18666666666666668
InnerClassExtractor:0.13666666666666666
