AndroidManifest:0.55
RobolectricTestRunner:0.45666666666666667
ParallelUniverseTest:0.2966666666666667
AndroidManifestTest:0.25333333333333335
ShadowNonAppLibraryTest:0.23
Runner:0.17333333333333334
TestRunnerSequenceTest:0.14333333333333334
TestRunnerWithManifest:0.08
WithoutDefaults:0.07333333333333333
WithDefaults:0.04666666666666667
