StorageManager:0.6448888888888888
StorageOutputHandle:0.36
RaptorMetadata:0.35333333333333333
OrcStorageManager:0.35
RaptorPageSink:0.31333333333333335
TestStorageManagerConfig:0.16333333333333333
TestRaptorSplitManager:0.15333333333333332
StorageManagerConfig:0.09333333333333334
