Invocation:0.57
NodeEngineImpl:0.3433333333333333
InvocationMonitor:0.31333333333333335
InvocationMonitorThread:0.26666666666666666
ItemCounterTest:0.19666666666666666
GroupProperty:0.19026984126984126
ItemCounter:0.18666666666666668
