AbstractRenderingLayer:0.5616666666666666
OutputMessageProcessor:0.33916666666666667
OutputEventQueue:0.33355555555555555
EventProcessor:0.3333333333333333
