CropImageView:0.4666666666666667
OverlayView:0.39666666666666667
TransformImageView:0.31333333333333335
UCropView:0.3
