Maths:0.7833333333333333
CompareSomeThing:0.4928809523809524
MathsTest:0.3233333333333333
