MultiLayerNetwork:0.5355555555555556
RBM:0.37
Builder:0.25
BaseLayer:0.22
BasePretrainNetwork:0.09666666666666666
RBMTests:0.08333333333333333
