VirtualListViewResultsCookie:0.45866666666666667
SortControlDirContextProcessor:0.3983333333333333
VirtualListViewRequestControl:0.09333333333333334
