GaapServiceException:0.7216666666666667
GaapExceptionData:0.24222222222222223
