TestCDKQsar:0.5466666666666666
CDKDebugManagerTest:0.37111111111111117
TestCDKMolecule:0.3511111111111111
