CTETests:0.5163888888888889
jOOQAbstractTest:0.4133333333333334
CommonTableExpressionImpl:0.30333333333333334
