Articles:0.6366666666666667
TagQueryService:0.42
UserRepositoryImplTestCase:0.1872222222222222
