WsFederationHelper:0.43666666666666665
WsFederationConfiguration:0.36333333333333334
WsFederationWebflowConfigurer:0.34
WsFederationAuthenticationConfiguration:0.24666666666666667
DelegatedSessionCookieCipherExecutor:0.15666666666666668
WsFederationAuthenticationWebflowConfiguration:0.09666666666666666
CasWebflowConstants:0.013333333333333334
WsFederationDelegationProperties:0.0
