KeyedQueue:0.894626984126984
SimpleStore:0.5466666666666666
