Connection:0.4644841269841271
Tag:0.43333333333333335
HtmlTreeBuilder:0.36333333333333334
HttpConnection:0.24333333333333335
HtmlParserTest:0.15666666666666668
