Bookmarks:0.5944444444444444
TagsMenu:0.27166666666666667
