TodoList:0.7133333333333334
ShowTodoListsAction:0.36333333333333334
TodoListsDwrImpl:0.17666666666666667
ShowRssFeedAction:0.16666666666666666
TodoListsDwr:0.135
