HttpBlobHandler:0.5488888888888889
BlobService:0.45666666666666667
CrateHttpChannelPipelineFactory:0.23333333333333334
CrateNettyHttpServerTransport:0.1
SslHttpServerTransport:0.06
