Model:0.66
AbstractPropertyTableModel:0.35533333333333333
Callback:0.07833333333333334
