TranslogTests:0.52
DeleteByQuery:0.38333333333333336
BufferedChecksumStreamOutput:0.2916666666666667
RecoveryTranslogOperationsRequest:0.26666666666666666
