LdapTemplate:0.57
LdapTemplateTest:0.25
LdapOperations:0.24833333333333332
SearchControlsMatcher:0.19611111111111112
LdapTemplateSearchCountITest:0.03666666666666667
