LogicResources:0.7266666666666667
InitializerLogic:0.2733333333333333
InitializerDAOHibernateImpl:0.18
ConstantDAO:0.10333333333333333
