GroupServiceImpl:0.24
GroupService:0.2213888888888889
PersonServiceImpl:0.21
PersonService:0.19333333333333333
