HSInvestigationSaveTest:0.6504444444444444
HSInvestigationSearchTest:0.5566666666666666
