TestHTTPStatusCodesConfigC:0.5966666666666667
TestREST:0.58
TestPolicies:0.4033333333333333
AllSystemTestsConfigC:0.38333333333333336
