GrammarAST:0.62
RuleFunction:0.5133333333333333
OutputModelController:0.3933333333333333
ParserFactory:0.2733333333333333
