ChromosomePanel:0.7333333333333333
ChromosomeDrawer:0.35777777777777775
FullSyntenyPanel:0.26
