Layer:0.5433333333333333
Builder:0.3933333333333333
MultiLayerNetwork:0.36333333333333334
GraphVertex:0.34045238095238095
ComputationGraph:0.33
LayerVertex:0.30333333333333334
LayerUpdater:0.21666666666666667
BaseGraphVertex:0.17333333333333334
TestComputationGraphNetwork:0.15
MultiLayerTest:0.12666666666666668
GraphBuilder:0.12
