DBTest:0.4166666666666667
NettyByteBuf:0.39666666666666667
Fixture:0.3
NettyStream:0.25
InternalStreamConnectionTest:0.20666666666666667
SingleServerClusterTest:0.14333333333333334
