VerboseHashMap:0.7719444444444444
NewDocumentAction:0.3917222222222222
