HistoryGuru:0.5155555555555555
HistoryCache:0.5066666666666667
Repository:0.45666666666666667
