EventHandler:0.7833333333333333
ProxyManager:0.35333333333333333
ClientMapProxy:0.32
ClientMultiMapProxy:0.2711111111111111
ClientQueueProxy:0.2711111111111111
ClientTopicProxy:0.23333333333333334
ClientCallFuture:0.22583333333333333
AbstractClientCollectionProxy:0.19333333333333333
ClientNearCache:0.16244444444444445
ClientIssueTest:0.12333333333333334
