WriteToMDLMolFile:0.6833333333333333
SmilesTools:0.39166666666666666
WriteToMDLMolFileTest:0.37
CDKTavernaTests:0.2833333333333333
