EpgAutoAddDataRes:0.48333333333333334
DataStore:0.4766666666666667
EpgMatch:0.3933333333333333
GuideStore:0.26566666666666666
SystemDataRes:0.23583333333333337
ChannelDataRes:0.23333333333333334
EpgMatchList:0.20666666666666667
