Mvcs:0.8166666666666667
Email:0.2733333333333333
ComboIocLoader:0.25
