LwjglTestStarter:0.5366666666666666
GwtGL20:0.5316666666666666
BuildTarget:0.25666666666666665
