Schema:0.42380555555555555
SimpleTypeFactory:0.42380555555555555
TypeFactory:0.4105555555555555
