Robot:0.42
ScriptTestSuite:0.4166666666666667
MyCode:0.17
ScriptTestSuiteTest:0.16444444444444445
