ATNConfigSet:0.4766666666666667
AltAndContextMap:0.37
Array2DHashSet:0.36666666666666664
FlexibleHashMap:0.3466666666666667
AltAndContextConfigEqualityComparator:0.2966666666666667
ConfigHashSet:0.19333333333333333
ConfigEqualityComparator:0.08666666666666667
LexerConfigHashSet:0.03666666666666667
