StructureTablePage:0.38666666666666666
StructureSaveHelper:0.3566666666666667
SDFEditor:0.35
CDK10Manager:0.2966666666666667
