PasswordComparisonAuthenticatorTests:0.3933333333333333
DefaultInitialDirContextFactoryTests:0.32666666666666666
DefaultLdapAuthoritiesPopulatorTests:0.2866666666666667
FilterBasedLdapUserSearchTests:0.20333333333333334
BindAuthenticatorTests:0.17333333333333334
LdapTemplateTests:0.16333333333333333
