WSClientBase:0.5441666666666667
BaseService:0.45916666666666667
TeamingServiceClientWithCall:0.43
