ResourceService:0.6933333333333334
DefaultResourceDao:0.37666666666666665
DefaultResourceService:0.32
BroadcastEventProcessor:0.30666666666666664
ResourceDao:0.257
DefaultKscReportService:0.24333333333333335
CustomGraphChooseResourceController:0.13333333333333333
CustomGraphChooseParentResourceController:0.12333333333333334
