MockFacebookClient:0.57
ClientAction:0.5233333333333333
ClientActionTests:0.3566666666666667
Pac4jConfiguration:0.34
ClientAuthenticationHandler:0.21
