Caffeine:0.9133333333333333
CaffeineTest:0.3566666666666667
