SessionView:0.68
OpenCImp:0.4533333333333333
OpenC:0.39166666666666666
SessionViewImp:0.3333333333333333
TestMenuRefactor:0.31333333333333335
TestBasicSarosElements:0.3
STFTest:0.29
TestRosterView:0.25666666666666665
TestMenuFile:0.24333333333333335
EclipseComponentImp:0.23666666666666666
TestBasicWidgetsByAlice:0.22333333333333333
TestSarosPreferences:0.20333333333333334
TestEditorByAlice:0.20333333333333334
TestSessionView:0.14333333333333334
TestMenuEdit:0.1
TestBasicWidgetsByAliceAndBob:0.1
TestContextMenuOpen:0.08
RmiTest:0.08
TestEditorByAliceAndBob:0.08
TestPackageExplorerView:0.07333333333333333
TestEditor2:0.0025
STF:0.0
AllTestsForSarosViews:0.0
AllTestsForBasicWidgets:0.0
AllTestsForMenuBar:0.0
AllTestsForContextMenu:0.0
AllTestsForEditor:0.0
