CommunicationsStub:0.8266666666666667
SyncService:0.21666666666666667
PhysicalConnectionsService:0.12333333333333334
