FreelancerController:0.5
FreelancerForm:0.4
TableNodeHandler:0.30666666666666664
NodeHandler:0.14666666666666667
ComboboxNodeHandler:0.1
Column:0.05333333333333334
