ApplicationRouteLocator:0.4866666666666667
RevereseZuulProxyConfiguration:0.3333333333333333
ProxyRouteSpec:0.27
RegistryController:0.2061111111111111
AdminApplicationTest:0.17666666666666667
ApplicationRouteLocatorTest:0.16
