MultiResourceItemReader:0.6
ResourceAwareItemReaderItemStream:0.27051984126984113
AbstractBufferedItemReaderItemStream:0.16
SortedMultiResourceItemReader:0.14666666666666667
MultiResourceItemReaderIntegrationTests:0.09666666666666666
ExecutionContextUserSupportTests:0.03666666666666667
SortedMultiResourceItemReaderTests:0.009166666666666667
AbstractItemReader:0.006666666666666667
AbstractItemWriter:0.006666666666666667
ExecutionContextUserSupport:0.006666666666666667
MultiResourceItemReaderXmlTests:0.0033333333333333335
MultiResourceItemReaderFlatFileTests:0.0033333333333333335
AbstractItemStreamItemWriter:0.0
AbstractItemStreamItemReader:0.0
