TinySetIndexing:0.75
TinyCacheSketch:0.35333333333333333
HashFunctionParser:0.2733333333333333
TinyLfu:0.18333333333333332
