ReciprocalRank:0.4
RatedRequest:0.33666666666666667
DocumentKey:0.33
Precision:0.32666666666666666
ReciprocalRankTests:0.16
DiscountedCumulativeGainTests:0.07333333333333333
RatedDocumentTests:0.051111111111111114
RatedRequestsTests:0.04666666666666667
DocumentKeyTests:0.03333333333333333
PrecisionTests:0.03333333333333333
