BasicMapStoreContext:0.6466666666666666
MapStoreEvictionTest:0.41333333333333333
SimpleMapLoader:0.19
