Setting:0.6866666666666666
Settings:0.6
DeprecationLogger:0.26666666666666666
EvilLoggerTests:0.25333333333333335
SettingTests:0.24333333333333335
DeprecationHttpIT:0.08666666666666667
