Transport:0.695
HiveMetastoreClientFactory:0.43666666666666665
MockHiveMetastoreClientFactory:0.2583333333333333
