InfluxDbConnectionFactory:0.3433333333333333
InfluxDbCasEventRepository:0.33666666666666667
ChainingAWSCredentialsProviderTests:0.23666666666666666
