NetSocketImpl:0.46
ServerConnection:0.39666666666666667
HttpClientRequestImpl:0.37363888888888885
VertxInternal:0.32466666666666666
ConnectionBase:0.28194444444444444
VertxImpl:0.28
ClientConnection:0.24111111111111114
ContextImpl:0.21666666666666667
HttpClientImpl:0.18666666666666668
EventLoopContext:0.17277777777777778
