ObjectKeys:0.7930555555555554
DirPath:0.4066666666666667
DefinitionHelper:0.37666666666666665
MashupTag:0.29333333333333333
