Script:0.73
ScriptBuilder:0.41333333333333333
KeyChainGroup:0.35
RedeemData:0.34
ScriptTest:0.16333333333333333
CustomTransactionSigner:0.12666666666666668
LocalTransactionSigner:0.10666666666666667
