TransportReindexAction:0.44333333333333336
ReindexFromRemoteWhitelistTests:0.38666666666666666
RetryTests:0.27
ReindexFromRemoteWithAuthTests:0.16
