TypedProperties:0.6666666666666666
StringUtils:0.38666666666666666
JPPFBundlerFactory:0.36333333333333334
