WicketApplicationTest:0.4266666666666667
DummyWebCfgMBean:0.30666666666666664
DummyServerConfigMBean:0.2966666666666667
WASPTestUtil:0.28
AEMgtApplication:0.2077777777777778
AEMgtTest:0.13333333333333333
