NaturalIdLoadAccess:0.7233333333333334
SimpleNaturalIdLoadAccess:0.6672222222222223
NaturalIdLoadAccessImpl:0.52
SimpleNaturalIdLoadAccessImpl:0.2833333333333333
