ISpectrumConvertor:0.6733333333333333
SpectrumResource:0.4855555555555555
MZDataConvertor:0.21333333333333335
