PopupMenuItem:0.5266666666666666
ActionsPopupMenu:0.32
GwtTeamingImageBundle:0.31333333333333335
PopupMenu:0.31
ShowSettingPopupMenu:0.19666666666666666
