Access:0.69
FedoraAccessServlet:0.5566666666666666
DefaultAccess:0.35
FedoraAPIABindingSOAPHTTPImpl:0.2866666666666667
DynamicAccessImpl:0.24333333333333335
DynamicAccessModule:0.21
