JobExecution:0.6966666666666667
BatchStatus:0.6133333333333333
JobExecutionTests:0.24333333333333335
SimpleMessageApplicationEvent:0.19
SimpleJob:0.15333333333333332
SimpleJobRepositoryIntegrationTests:0.14666666666666667
InfiniteLoopTasklet:0.12333333333333334
GracefulShutdownFunctionalTests:0.11333333333333333
MethodExecutionApplicationEventAdvice:0.06333333333333334
JobExecutionNotificationPublisher:0.016666666666666666
JobExecutionNotificationPublisherTests:0.0
