InternalStats:0.55
InternalExtendedStats:0.3466666666666667
ParsedSingleValueNumericMetricsAggregation:0.3433333333333333
InternalAggregationTestCase:0.30666666666666664
ParsedDerivative:0.21666666666666667
ParsedAggregation:0.11666666666666667
InternalStatsTests:0.006666666666666667
