MigrationVersion:0.6166666666666667
Flyway:0.6066666666666667
MigrationVersionSmallTest:0.22
