AuthorizationField:0.45666666666666667
CVCertificateBody:0.2833333333333333
CVCAuthorizationTemplate:0.27666666666666667
PublicKeyEC:0.22666666666666666
CertificateGenerator:0.17666666666666667
KeyFactory:0.12
