Corpus:0.6633333333333333
Cooccurrence:0.42333333333333334
SpecificitesResult:0.3433333333333333
