XMLHttpRequest:0.5733333333333334
MockWebConnection:0.5033333333333333
XMLHttpRequestTest:0.3566666666666667
XMLHttpRequest2Test:0.31666666666666665
