ShadowApplication:0.78
ShadowContextWrapper:0.5066666666666667
ApplicationTest:0.25666666666666665
ContextWrapperTest:0.25666666666666665
