BitmapFont:0.5266666666666666
Table:0.33666666666666667
TableLayout:0.2688888888888889
Button:0.26
BitmapFontCache:0.26
LibgdxToolkit:0.25666666666666665
AssetManager:0.23333333333333334
Label:0.23333333333333334
Skin:0.22666666666666666
BitmapFontTest:0.22333333333333333
