CommunicationInterface:0.6033333333333334
ClientDebugger:0.3433333333333333
ClientStatementExecutor:0.2811111111111111
ServerDebugger:0.21
