JobPersistence:0.7533333333333333
JPPFJob:0.5233333333333333
DefaultFilePersistenceManager:0.25
ObjectSerializerImpl:0.15666666666666668
JPPFResultCollector:0.14
Runner:0.04666666666666667
MyTask:0.04
JobPersistenceException:0.04
JobResults:0.013333333333333334
