ConcordancesEditor:0.45
SpecificitiesResultEditor:0.4033333333333333
TableEditor:0.33
TableSorter:0.18333333333333332
SVGGraphicEditorActionBarContributor:0.07611111111111112
