JCublasComplexNDArray:0.4266666666666667
BaseNDArray:0.3933333333333333
SimpleJCublas:0.37
JCublasNDArray:0.34
NDArrayTests:0.25
Word2Vec:0.22333333333333333
JCublasWrapper:0.22
RBMTests:0.19
JCublasNDArrayFactory:0.17
JCublasNDArrayTests:0.03333333333333333
