CharacterDataImplTest:0.6666666666666666
ActiveXObjectTest:0.44
ComputedCSSStyleDeclarationTest:0.4033333333333333
