MyComponent:0.5766666666666667
MyComponentConnector:0.31
MyComponentWidget:0.1943968253968254
MyComponentClientRpc:0.18883333333333338
DemoUI:0.08
MyComponentState:0.07222222222222223
MyComponentServerRpc:0.0011111111111111111
MyComponentTest:0.0
