Cookie:0.5766666666666667
WebClient:0.4322222222222223
HtmlUnitCookieStore:0.18333333333333332
