DefaultFiberScheduler:0.9566666666666667
DefaultFiberPool:0.14666666666666667
