Window:0.5366666666666666
NavigatorTest:0.36
WebTestCase:0.27666666666666667
Navigator:0.26722222222222225
WindowTest:0.22666666666666666
