TypeUtils:0.61
JavaBeanSerializer:0.29333333333333333
SerializeBeanInfo:0.26666666666666666
JavaBeanInfo:0.24583333333333332
JavaBeanDeserializer:0.20166666666666666
ASMSerializerFactory:0.19666666666666666
