DiscoveryNode:0.46
InternalTestCluster:0.4066666666666667
Builder:0.32888888888888884
Node:0.31666666666666665
NoDataNoMasterNodePredicate:0.21944444444444444
TribeService:0.18222222222222223
Wrapper:0.13666666666666666
DiscoveryNodeService:0.11666666666666667
ListenerActionIT:0.1
