IMoleculesEditorModel:0.6243333333333333
MoleculesEditor:0.46
MoleculeTableContentProvider:0.31333333333333335
MoleculesFromSDF:0.20666666666666667
MoleculesFromSMI:0.20666666666666667
DBMoleculesEditorModel:0.09166666666666666
