BroadcasterCache:0.64
AtmosphereResourceImpl:0.5033333333333333
DefaultBroadcaster:0.45666666666666667
UUIDBroadcasterCache:0.32666666666666666
AbstractBroadcasterCache:0.24
HeaderBroadcasterCache:0.21
DefaultBroadcasterCache:0.19527777777777777
BroadcasterCacheTest:0.16666666666666666
SessionBroadcasterCache:0.15333333333333332
