Caches:0.5483333333333333
TransactionalExtraAPITestCase:0.49666666666666665
ClusteredTimestampsRegionImpl:0.30666666666666664
