DateTimeFormatterBuilder:0.47333333333333333
TimeZoneOffset:0.43666666666666665
TestDateTimeFormat:0.3566666666666667
DateTimeFormat:0.26666666666666666
