AssertionUtils:0.6766666666666666
LocalException:0.6586666666666667
AssertThrows:0.20666666666666667
EnigmaClassLoader:0.2
AssertionsAssertThrowsTests:0.155
