BaseGetRequest:0.13333333333333333
GetUserRequest:0.09666666666666666
FilterMetadataRequest:0.09666666666666666
DeleteUserRequest:0.09666666666666666
GetGroupRequest:0.09666666666666666
AuthenticationRequest:0.09666666666666666
DeleteGroupRequest:0.09666666666666666
UnknownRequest:0.07666666666666666
GetGroupsRequest:0.07666666666666666
GetUsersRequest:0.07666666666666666
GetRequestFactory:0.06
