DebugChannelEndpointConfiguration:0.5166666666666667
EventLogger:0.44666666666666666
DebugReceiveChannelEndpoint:0.2833333333333333
DebugSendChannelEndpoint:0.2833333333333333
