Style:0.5933333333333334
XavaStyle:0.35
Liferay6Style:0.2821111111111111
XavaPreferences:0.28
WebSpherePortal61Style:0.27877777777777774
Liferay43Style:0.23655555555555557
NaviOXServlet:0.14
Browsers:0.015
