RedissonList:0.5988888888888889
RListAsync:0.43213888888888885
RList:0.33166666666666667
