AnalyzedView:0.36333333333333334
StatementVisitor:0.3566666666666667
User:0.30333333333333334
StatementPrivilegeValidatorTest:0.2866666666666667
UserManagerService:0.2188888888888889
RelationVisitor:0.19666666666666666
RelationAnalyzer:0.18666666666666668
NormalizerVisitor:0.13666666666666666
StatementPrivilegeValidator:0.07333333333333333
