InvertedIndex:0.5103333333333333
VocabWork:0.49666666666666665
BaseTextVectorizer:0.35
VocabActor:0.19777777777777777
LuceneInvertedIndex:0.17333333333333334
