TestAgent:0.4266666666666667
Redirect:0.2555555555555556
TestAgentTest:0.24
BulkPdu:0.15333333333333332
RequestPdu:0.11333333333333333
AgentTooBigException:0.05
