Advapi32:0.6144444444444445
Advapi32Test:0.46
FE_EXPORT_FUNC:0.2
FE_IMPORT_FUNC:0.2
WinBase:0.06333333333333334
