SuspectEventProcessor:0.38
OutageConstants:0.3542857142857143
BroadcastEventProcessor:0.34
OutageWriter:0.2866666666666667
RescanProcessor:0.28
XmlrpcUtil:0.25666666666666665
HttpMonitor:0.16777777777777778
OutageManagerConfigFactory:0.10333333333333333
