ResourceIndex:0.6133333333333333
TripleGenerator:0.4
BaseTripleGenerator:0.3433333333333333
SQLRebuilder:0.33666666666666667
ResourceIndexIntegrationTest:0.3233333333333333
ResourceIndexImpl:0.29333333333333333
Ingest:0.2866666666666667
ResourceIndexModule:0.26
ResourceIndexDatePrecisionIntegrationTest:0.21666666666666667
Rebuilder:0.215
DefaultDOManager:0.19333333333333333
ResourceIndexRebuilder:0.18333333333333332
