ReplaySession:0.38333333333333336
Catalog:0.37666666666666665
ArchiveConductor:0.35
RecordingFragmentReader:0.33666666666666667
TestUtil:0.22333333333333333
ReplaySessionTest:0.21666666666666667
ArchiveUtil:0.18
