LagartoParser:0.6322222222222222
XmlDeclaration:0.47333333333333333
