ForClassLoader:0.6666666666666666
WeaklyReferenced:0.3933333333333333
ClassFileLocatorForClassLoaderTest:0.2866666666666667
ClassFileLocatorForClassLoaderWeaklyReferencedTest:0.23666666666666666
