AmazonAppStream:0.6663888888888889
AmazonAppStreamAsync:0.4144722222222222
AmazonAppStreamClient:0.4066666666666667
AbstractAmazonAppStream:0.37333333333333335
AbstractAmazonAppStreamAsync:0.36333333333333334
AmazonAppStreamAsyncClient:0.2966666666666667
