RetryTemplate:0.48333333333333334
ServiceDynamicInterceptor:0.41333333333333333
OsgiServiceDependency:0.395
DynamicCollection:0.35
ServiceProxyCreator:0.3272804232804233
ExporterInternalActions:0.3153333333333333
OsgiServiceFactoryBean:0.30333333333333334
CollectionProxy:0.27051984126984113
ServiceReferenceProvider:0.27051984126984113
ImporterInternalActions:0.25
OsgiServiceList:0.22
OsgiServiceCollection:0.20666666666666667
AbstractOsgiServiceImportFactoryBean:0.20666666666666667
ServiceWrapper:0.2
OsgiServiceProxyEqualityTest:0.18666666666666668
OsgiServiceDynamicInterceptorTest:0.18333333333333332
AbstractOsgiServiceExporter:0.17333333333333334
ControllerRegistry:0.16333333333333333
ProxyPlusCallback:0.15798280423280425
OsgiServiceProxyFactoryBean:0.15666666666666668
DynamicList:0.14666666666666667
ServiceTCCLInterceptor:0.14
OsgiServiceDynamicInterceptorListenerTest:0.12666666666666668
DynamicSortedSet:0.12
OsgiServiceDynamicInterceptorSyntheticEventsTest:0.11333333333333333
ServiceDependency:0.09666666666666666
OsgiServiceSortedList:0.09
DefaultMandatoryDependencyManager:0.07666666666666666
DynamicSortedList:0.075
ExporterRegistry:0.07333333333333333
InfrastructureOsgiProxyAdvice:0.06333333333333334
StaticServiceReferenceProxy:0.056666666666666664
ServiceStaticInterceptor:0.056666666666666664
SwappingServiceReferenceProxy:0.056666666666666664
ImporterController:0.04
ImporterRegistry:0.04
DynamicSet:0.03666666666666667
DefaultServiceDependency:0.03666666666666667
ImporterStateListener:0.03666666666666667
RetryCallback:0.03666666666666667
OsgiServiceSortedSet:0.02666666666666667
ExporterController:0.02666666666666667
ServiceProviderTCCLInterceptor:0.02
ServiceReferenceComparator:0.02
ServiceInvoker:0.02
ImportedOsgiServiceProxyAdvice:0.016666666666666666
Executor:0.015
OsgiServiceSet:0.01
MandatoryDependencyBeanPostProcessor:0.006666666666666667
MandatoryServiceDependencyManager:0.006666666666666667
DefaultRetryCallback:0.0025
OsgiServiceDependencyWaitingEvent:0.0
OsgiServiceDependencyTimedOutEvent:0.0
ProxyUtils:0.0
OsgiBundleContextFailedEvent:0.0
OsgiServiceDependencySatisfiedEvent:0.0
GenericRegistry:0.0
OsgiServiceBindingUtils:0.0
