MorphingPortableReader:0.5333333333333333
PortableSerializer:0.25
ByteArrayObjectDataOutputTest:0.25
ClassAndFieldDefinitionTest:0.23333333333333334
SerializationServiceV1:0.14
SerializationTest:0.023333333333333334
TestSerializationConstants:0.0
