JTreeTester:0.7138888888888889
JTreeTesterTest:0.44333333333333336
