Query:0.48333333333333334
Relation:0.4033333333333333
QueryPlanner:0.37333333333333335
StatementAnalyzer:0.36333333333333334
Analysis:0.29333333333333333
AbstractTestQueries:0.28
AstVisitor:0.25
TestSqlParser:0.21
DefaultTraversalVisitor:0.17333333333333334
TupleAnalyzer:0.17333333333333334
Formatter:0.155
RewritingVisitor:0.145
LogicalPlanner:0.10333333333333333
TreePrinter:0.10333333333333333
RelationPlanner:0.08
