AbstractDbDialect:0.5
SqlTemplate:0.34
IDbDialect:0.2966666666666667
DataService:0.26666666666666666
AbstractEmbeddedDbDialect:0.14333333333333334
