FluxSceneBuilder:0.77
FluxJOCLScene:0.44
FluxLightBuilder:0.23333333333333334
FluxSkyLight:0.21777777777777782
GPUFluxLightModel:0.18583333333333332
GPUFluxWhittedTracer:0.1511111111111111
GPUFluxLightTracer:0.12333333333333334
GPUFluxPathTracer:0.12333333333333334
