GetSetTooManyMethods:0.669222222222222
Setters:0.5178452380952381
ElementMatchersTest:0.5166666666666667
GetSetNonPublic:0.47172222222222226
GetSetGetIncorrect:0.47172222222222226
GetSetSetIncorrect:0.47172222222222226
MethodDelegationFieldProxyTest:0.44
ClassFileLocatorForModuleWeaklyReferencedTest:0.2733333333333333
Getters:0.14666666666666667
SetterIncompatibleDuplex:0.1336921596921597
GetterIncompatibleDuplex:0.1336921596921597
SetInterceptorDuplex:0.1336921596921597
ClassFileLocatorForModuleTest:0.12
JavaVersionRule:0.11333333333333333
SwapDuplex:0.07948941798941801
GetInterceptorDuplex:0.07948941798941801
SwapSerializableDuplex:0.07948941798941801
FieldProxyBinderTest:0.06333333333333334
GetSetInherited:0.020833333333333332
