DefaultServicesManager:0.37666666666666665
ServiceThemeResolver:0.3380952380952381
ServiceThemeResolverTests:0.31
AbstractServicesManager:0.25666666666666665
CasThemesConfiguration:0.24333333333333335
CasWebAppConfiguration:0.15666666666666668
