ComponentFinder:0.5216666666666666
AbbotHelper:0.48
ComponentTester:0.46
ComponentReference:0.4033333333333333
Wait:0.39
Action:0.37666666666666665
Assert:0.31333333333333335
ComponentSearchException:0.3
Script:0.29
Step:0.28
ComponentTesterTest:0.245
SendEvent:0.21333333333333335
JTableTesterTest:0.21333333333333335
ScriptTestCase:0.20666666666666667
ComponentBrowser:0.20333333333333334
ComponentRecorderTest:0.2
AbstractButtonTesterTest:0.19333333333333333
DefaultComponentFinder:0.18666666666666668
MethodInvocation:0.18666666666666668
JComponentTesterTest:0.16666666666666666
EventRecorderTest:0.16333333333333333
NoSuchReferenceException:0.15
JComponentTester:0.14833333333333334
JListTesterTest:0.11666666666666667
JListTester:0.10333333333333333
TesterMethodAction:0.08333333333333333
JTableTester:0.043333333333333335
JComboBoxTester:0.043333333333333335
ComponentNotShowingException:0.0425
ActionFailedException:0.0425
ComponentMissingException:0.0425
DefaultComponentFinderTest:0.013333333333333334
MultipleComponentsFoundException:0.01
Tags:0.0
ArrowButtonTester:0.0
