RedisCrawler:0.5233333333333333
FSInjector:0.4113888888888889
BreadthCrawler:0.3433333333333333
