BSONCallback:0.91
BasicBSONCallback:0.47333333333333333
BSONDecoder:0.37333333333333335
BSONTest:0.31
