GeolocationContextMapping:0.43333333333333335
ContextSuggestSearchTests:0.3233333333333333
SuggestionBuilder:0.25
GeoConfig:0.21733333333333335
FieldConfig:0.14777777777777779
PrefixTokenFilter:0.08
