BundleDelegatingClassLoader:0.33666666666666667
ContextLoaderListener:0.27
BundleDependencyComparator:0.24333333333333335
BundleDependencyComparatorTest:0.21333333333333335
RankingComparator:0.14527777777777778
IdComparator:0.10861111111111109
