URLConnectionTest:0.4866666666666667
HttpResponseCacheTest:0.4066666666666667
DiskLruCacheTest:0.4
RouteSelectorTest:0.3433333333333333
SpdyConnectionTest:0.3433333333333333
HttpsURLConnectionImpl:0.2633333333333333
SettingsTest:0.21
HttpAuthenticator:0.19
RawHeadersTest:0.09666666666666666
StrictLineReaderTest:0.05
