TestingHelpers:0.5411111111111111
EvaluatingNormalizerTest:0.19333333333333333
ExpressionAnalyzerTest:0.15666666666666668
TransportShardUpsertActionTest:0.15333333333333332
AggregationTest:0.15
GroupingProjectorTest:0.14666666666666667
