MultiLayerNetwork:0.7966666666666666
ComputationGraph:0.7333333333333333
GravesLSTM:0.24
