WebSocketServer:0.6211111111111111
SSLSocketChannel2:0.5333333333333333
DefaultSSLWebSocketServerFactory:0.25
WebSocketServerFactory:0.06
DefaultWebSocketServerFactory:0.06
