BaseCaAdminCommand:0.5133333333333333
CaImportCACertCommand:0.35333333333333333
CaInitCommand:0.345
