ComparisonValidationRule:0.4266666666666667
MDDAnalyzeWalker:0.25583333333333336
ValidationRuleNode:0.20137301587301587
MDDParser:0.18666666666666668
MDDFactory:0.15
MDDPostProcessorWalker:0.15
MultiUniquenessValidationRule:0.14
ComparisonExpressionNode:0.11
MDDParserTest:0.1
MDDExpressionParser:0.07333333333333333
