Mirror:0.8833333333333333
Loadings:0.4166666666666667
NutLoading:0.23666666666666666
NutEntryDeterminer:0.11177777777777777
