ClassNameReader:0.57
AbstractProcessTask:0.4033333333333333
AbstractTransformTask:0.36666666666666664
