TestCaseUtil:0.485
NullComputationStrategy:0.2633333333333333
MolecularMechanicsTestCase:0.22666666666666666
QuantumMechanicsTestCase:0.22666666666666666
