WebApplication:0.6303333333333333
AutomagicMadvocConfigurator:0.4666666666666667
