PathCompiler:0.52
Criteria:0.41
FilterTest:0.31666666666666665
ArrayPathToken:0.31
IssuesTest:0.30333333333333334
Utils:0.2833333333333333
WildcardPathToken:0.2773333333333333
AndFilter:0.2733333333333333
JsonPathTest:0.25666666666666665
PredicatePathToken:0.24666666666666667
PropertyPathToken:0.24133333333333334
ArraySlicingTest:0.22666666666666666
ArrayPathTokenTest:0.22666666666666666
OrFilter:0.19666666666666666
CharacterIndex:0.19333333333333333
ScanPathTokenTest:0.17333333333333334
ComplianceTest:0.14333333333333334
SingleFilter:0.13666666666666666
RootPathToken:0.12444444444444443
ScanPathToken:0.11166666666666666
