ValidatorMessageLabel:0.40166666666666667
ImageRenderableColumn:0.33714285714285713
DynamicLinkPanel:0.31666666666666665
CreateOrEditReportForm:0.23
FileSystemPanel:0.15666666666666668
ReportPanel:0.12666666666666668
SystemInfoPanel:0.12
LabelAdaptingCategoryAxis:0.08666666666666667
