Repartition:0.8033333333333333
RepartitionDialog:0.5566666666666666
ComputeRepartition:0.12666666666666668
