CollectPhase:0.36
Downstream:0.3233333333333333
MergePhase:0.2916666666666667
CountPhase:0.25833333333333336
ExecutionPhaseVisitor:0.18666666666666668
InnerPreparer:0.13
ExecutionPhaseStreamerVisitor:0.06861111111111111
NodeOperationGrouper:0.02
