Log:0.5466666666666666
Tee:0.30333333333333334
RobotTest:0.21861111111111114
LogTest:0.19666666666666666
Step:0.18083333333333335
LogThread:0.06666666666666667
Context:0.05333333333333334
StdErrTee:0.03
StdOutTee:0.03
SizeOf:0.019444444444444445
