MapReduceCommand:0.5166666666666667
MapReduce:0.41333333333333333
MapReduceOutputOptions:0.36
