LocalHardTokenSessionBean:0.47333333333333333
HardTokenData:0.4533333333333333
HardTokenPropertyData:0.43666666666666665
HardTokenIssuerData:0.41333333333333333
