FieldNode:0.39
FieldDefinitionImpl:0.3267222222222222
DataDefinitionImpl:0.2833333333333333
MDDFactory:0.22333333333333333
MDDAnalyzeWalker:0.22
MDDNode:0.21333333333333335
MDDBuildWalker:0.19874603174603173
MDDASTFactory:0.09333333333333334
TitleFieldNode:0.0
