AbstractServerCockpit:0.49333333333333335
JFXMapRenderer:0.3333333333333333
ARINCMapHorz:0.29
JFXWindowManagerExtensionsTest:0.27666666666666667
WindowManagerExtensionTest:0.27
MapEventHandler:0.26866666666666666
MutuExclRenderer:0.22
ItemEventHandler:0.20866666666666667
JFXServerCockpitWithExtensionsTest:0.17305555555555555
MouseWheelEventHandler:0.14533333333333331
TestServerDisplay:0.1336921596921597
TestCockpitProvider:0.02666666666666667
