Cfg:0.5966666666666667
PhexSecurityManager:0.5252777777777778
