Robolectric:0.45666666666666667
ShadowView:0.33666666666666667
ShadowIntent:0.3233333333333333
ShadowListView:0.2733333333333333
ListViewTest:0.27
ShadowAdapterView:0.25
ShadowDrawable:0.22333333333333333
TextViewTest:0.18666666666666668
IntentTest:0.18666666666666668
ViewTest:0.18166666666666667
ShadowTextView:0.17
ShadowContext:0.15
ShadowIntentFilter:0.09944444444444445
ContextTest:0.07
