Attribute:0.79
Type:0.6866666666666666
BaseAttribute:0.27666666666666667
EntityGenerator:0.25666666666666665
AttributeDescriptor:0.2535396825396825
AttributeMember:0.23333333333333334
EntityDescriptor:0.22337301587301586
EntityType:0.2
EntityReader:0.19
AttributeBuilder:0.18333333333333332
BaseType:0.16833333333333333
TypeBuilder:0.14333333333333334
ImmutableAttribute:0.09222222222222222
ImmutableType:0.016666666666666666
