AtmosphereGwtHandler:0.5983333333333334
CometdAtmosphereInterceptor:0.51
CometdServlet:0.40166666666666667
