LwjglAWTCanvas:0.7766666666666666
LwjglCanvas:0.5733333333333334
