StructuredbInstanceManager:0.4066666666666667
StructuredbInstanceManagerTest:0.4033333333333333
ITextPropertyDao:0.35055555555555556
IChoicePropertyDao:0.35055555555555556
IRealNumberPropertyDao:0.35055555555555556
StructuredbManagerTest:0.25333333333333335
StructuredbManager:0.21666666666666667
TextAnnotationDao:0.14277777777777778
ChoicePropertyDao:0.11666666666666667
RealNumberPropertyDao:0.06666666666666667
TextPropertyDao:0.03666666666666667
ChoicePropertyDaoTest:0.03333333333333333
RealNumberPropertyDaoTest:0.013333333333333334
TextPropertyDaoTest:0.013333333333333334
