ObjectKeys:0.7172777777777777
AbstractZoneModule:0.62
ConfigureConfigurationController:0.15666666666666668
ImportDefinitionController:0.14666666666666667
ManageSearchIndexController:0.12333333333333334
