Package:0.4866666666666667
ObjectiveCImplementationGeneratorTest:0.461111111111111
ObjectiveCImplementationGenerator:0.3233333333333333
ObjectiveCSourceFileGenerator:0.25666666666666665
