MergeOperation:0.59
CacheMergeOperation:0.3333333333333333
CacheMergeOperationFactory:0.30333333333333334
MergeOperationFactory:0.21333333333333335
QueueMergeOperation:0.11666666666666667
CollectionMergeOperation:0.11666666666666667
