OperationHelper:0.6966666666666667
CreateIndexesOperation:0.2633333333333333
BaseWriteOperation:0.2633333333333333
UserExistsOperation:0.24
DropUserOperation:0.16
CreateUserOperation:0.16
UpdateUserOperation:0.16
