ClientConductor:0.4033333333333333
DriverConductor:0.36
DriverPublication:0.2833333333333333
CorrelatedMessageFlyweight:0.23
EventCodec:0.21666666666666667
SubscriptionMessageFlyweight:0.20944444444444443
DriverProxy:0.19333333333333333
ClientProxy:0.17661111111111108
DriverConductorTest:0.16333333333333333
DriverSubscription:0.14
ControlProtocolEvents:0.0
