MossModel:0.6966666666666667
ParametersPage3:0.3377777777777778
MossWizard:0.2633333333333333
ParametersPage2:0.056666666666666664
