Frontier:0.72
URIFrontier:0.4989841269841272
ToeThread:0.22166666666666668
Waker:0.1101111111111111
