GridCoverage:0.5766666666666667
Coverage:0.52
GridRange:0.18083333333333335
GridGeometry:0.17355555555555557
