GroovyScriptBinding:0.6783333333333333
BackCompatibilityBinding:0.43333333333333335
