attr:0.7266666666666667
ShadowAssetManagerTest:0.32666666666666666
XmlResourceParserImpl:0.30333333333333334
StyleResolver:0.23666666666666666
AttributeSetBuilderTest:0.22666666666666666
StyleData:0.17944444444444446
AttributeSetBuilder:0.14
ThemeStyleSet:0.06555555555555555
