GrpcUtil:0.43666666666666665
OkHttpClientTransport:0.33
NettyChannelBuilder:0.3
KeepAliveManager:0.2677777777777778
OkHttpChannelBuilder:0.23583333333333334
NettyClientTransport:0.23
OkHttpTransportFactory:0.21333333333333335
NettyTransportFactory:0.21000000000000002
