Detector:0.7166666666666667
FinderPatternFinder:0.53
QRCodeReader:0.22333333333333333
