OjOsmPrimitive:0.84
Tagged:0.5533333333333333
LoadOSMFilePlugIn:0.2966666666666667
User:0.24
OJOsmReader:0.23666666666666666
UTFInputStreamReader:0.11
OsmParsingException:0.058333333333333334
OjOsmRelationMember:0.051666666666666666
DateUtils:0.03333333333333333
OjOsmWay:0.016666666666666666
IllegalDataException:0.006666666666666667
OjOsmRelation:0.0033333333333333335
OjOsmNode:0.0
