FolderForm:0.7366666666666667
FolderSubmitCtrl:0.35
BasicFolderForm:0.20333333333333334
