SqlDecimal:0.46
TestMinMaxByAggregation:0.22333333333333333
BlockAssertions:0.17666666666666667
TestLongDecimalMaxAggregation:0.14333333333333334
TestShortDecimalMaxAggregation:0.14333333333333334
TestLongDecimalMinAggregation:0.14333333333333334
TestShortDecimalMinAggregation:0.14333333333333334
