FactoryImpl:0.5633333333333334
MProxy:0.37666666666666665
IdGeneratorProxy:0.29333333333333333
IRemoveAwareProxy:0.27051984126984113
LockProxy:0.25166666666666665
Hazelcast:0.22
ListProxy:0.21666666666666667
SetProxy:0.19222222222222224
IMap:0.19031746031746033
MultiMapProxy:0.18333333333333332
TopicProxy:0.1761111111111111
QProxy:0.15944444444444444
IdGenerator:0.15333333333333332
ITopic:0.13166666666666665
ICollection:0.06444444444444446
IncrementTask:0.03
ILock:0.0
