ParameterConstants:0.48333333333333334
NodeService:0.30333333333333334
INodeService:0.27166666666666667
ParameterService:0.25333333333333335
MockNodeService:0.23666666666666666
ParameterManagementService:0.22333333333333333
DatabaseParameter:0.15583333333333332
