TaskOutput:0.5026666666666667
SqlTaskExecution:0.4666666666666667
SqlTaskManager:0.27
SplitWorker:0.24333333333333335
