GenerateKMeanClusterTest:0.28300000000000003
GenerateSMOregModelTest:0.20033333333333334
GenerateSMOModelTest:0.20033333333333334
GenerateNaiveBayesModelTest:0.20033333333333334
GenerateLinearRegressionWModelTest:0.20033333333333334
WFilterUnSupervisedRandomizeTest:0.20033333333333334
GenerateEMClusterTest:0.20033333333333334
GenerateJ48WModelTest:0.20033333333333334
GenerateDensityBasedClustererModelTest:0.20033333333333334
GenerateSimpleLinearRegressionModelTest:0.20033333333333334
WFilterUnSupervisedResampleTest:0.20033333333333334
GenerateMultilayerPerceptronModelTest:0.20033333333333334
WFilterSupervisedResampleTest:0.20033333333333334
