LogBufferDescriptor:0.48555555555555563
LogBufferPartition:0.37666666666666665
LogBuffers:0.24
