Window2Test:0.6633333333333333
WebWindowImpl:0.6177222222222223
