VariableWidthBlockBuilder:0.5733333333333334
DictionaryBuilder:0.23666666666666666
AbstractVariableWidthType:0.19
TestLongArrayBlock:0.18666666666666668
TestBlockRetainedSizeBreakdown:0.18666666666666668
TestVariableWidthBlock:0.18333333333333332
TestDecimalSumAggregation:0.14333333333333334
BlockUtil:0.11666666666666667
TestVariableWidthBlockBuilder:0.07333333333333333
