LocalQueryRunner:0.41333333333333333
LocalExecutionPlanner:0.4033333333333333
Visitor:0.38333333333333336
DistributedQueryRunner:0.24666666666666667
StandaloneQueryRunner:0.24666666666666667
CompilerConfig:0.22666666666666666
TestCompilerConfig:0.11666666666666667
