HazelcastInstanceFactory:0.5533333333333333
Hazelcast:0.5233333333333333
HazelcastTest:0.24666666666666667
