Node:0.53
EC2RequestSigner:0.4
AWSClient:0.26
TcpIpJoinerOverAWS:0.229
DescribeInstances:0.19166666666666668
AwsURLEncoder:0.11592063492063491
