HighlighterSearchIT:0.5494444444444444
ExternalMapperPlugin:0.5352777777777779
ExternalValuesMapperIntegrationIT:0.05333333333333334
