Layer:0.7633333333333333
MultiLayerNetwork:0.49666666666666665
BaseLayer:0.3233333333333333
ConvolutionLayer:0.30666666666666664
SimpleOptimizableModel:0.29333333333333333
LSTM:0.265
SubsamplingLayer:0.25
OutputLayer:0.24777777777777782
RNTN:0.21
MultiLayerNeuralNetConfigurationTest:0.13333333333333333
