Element:0.6633333333333333
Node:0.3777777777777778
TextNode:0.22083333333333333
Comment:0.20666666666666667
OutputSettings:0.17666666666666667
ElementTest:0.14666666666666667
