BlobStoreRepository:0.38666666666666666
BlobStoreIndexShardSnapshot:0.31
FileInfo:0.2833333333333333
BlobStoreIndexShardRepository:0.23
Fields:0.21333333333333335
BlobStoreIndexShardSnapshots:0.20666666666666667
Context:0.20333333333333334
SnapshotContext:0.1761111111111111
ParseFields:0.10838095238095237
