ConfigureImportAction:0.6866666666666666
ImportAction:0.29005555555555557
