Flow:0.67
FlowAction:0.3025
NoSuchStateException:0.2733333333333333
FlowRequestHandler:0.25666666666666665
FlowTests:0.22
FlowController:0.20733333333333334
