AbstractWsAddressingVersion:0.46
WsAddressing200408:0.36333333333333334
WsAddressing200605:0.36333333333333334
AbstractAddressingEndpointMapping:0.2966666666666667
