UnscaledDecimal128Arithmetic:0.73
DecimalOperators:0.43
TestDecimalOperators:0.29333333333333333
TestUnscaledDecimal128Arithmetic:0.2833333333333333
