WebKeys:0.4976111111111112
GwtServerHelper:0.48333333333333334
GwtViewHelper:0.3433333333333333
ViewInfo:0.26
ContentControl:0.22666666666666666
ViewPermalinkController:0.21333333333333335
InvokeEmailNotificationEvent:0.17333333333333334
