MockHttpServletResponse:0.5033333333333333
Resources:0.48333333333333334
DefaultLoading:0.28333333333333327
