Target:0.45
ResourceTarget:0.38666666666666666
FileUtils:0.36
AbstractGenerator:0.2833333333333333
AbstractConfiguration:0.25333333333333335
GeneratorBean:0.23666666666666666
ReferenceDDLUtils:0.21333333333333335
EnrichmentUtils:0.20666666666666667
