CountRequest:0.6933333333333334
CountRequestBuilderTests:0.21933333333333332
CountRequestTests:0.12650793650793649
