AbstractTestQueries:0.59
SampleNode:0.32466666666666666
Visitor:0.26666666666666666
TupleAnalyzer:0.2227777777777778
TestStatementBuilder:0.17666666666666667
Rewriter:0.16666666666666666
