SyntenyComparaAdapter:0.5466666666666666
SyntenyComparaAdapterGUI:0.39666666666666667
SyntenyAdapterGUI:0.36333333333333334
