FilterChainProxy:0.49833333333333335
FilterChainProxyTests:0.28
VirtualFilterChain:0.2581785714285714
RegExpBasedFilterInvocationDefinitionMap:0.21333333333333335
PathBasedFilterInvocationDefinitionMap:0.16333333333333333
