X_C_Currency:0.49333333333333335
MCurrency:0.4633333333333333
VBoeGen:0.27
