QuickFormVariableWizardPage:0.6733333333333333
QuickFormVariableWizard:0.36333333333333334
