InGameController:0.565
GUI:0.48333333333333334
DebugMenu:0.22
LootCargoSwingTask:0.13666666666666666
ShowMonarchPanelSwingTask:0.13666666666666666
ShowModelMessageSwingTask:0.13666666666666666
ShowVictoryPanelSwingTask:0.10666666666666667
