RWorkspace:0.49
Corpus:0.43
Toolbox:0.35
Selection:0.29333333333333333
InternalView:0.29333333333333333
Repartition:0.28
EmpantWidget:0.27
StructuralUnitProperty:0.24
Cooccurrence:0.21666666666666667
Concordance:0.21
TxmPreferences:0.2
Referencer:0.19666666666666666
Vocabulary:0.19333333333333333
CooccurrencesEditor:0.19
DeleteObject:0.14333333333333334
SetSearchEngine:0.08333333333333333
