QueryStateMultiScale:0.539345238095238
QueryState:0.46
Producer:0.38333333333333336
FirstLastScale:0.29333333333333333
QStateMultiScale:0.19333333333333333
