LayerTreeEditor:0.7766666666666666
ARINCModelFactory:0.4483333333333333
CSSCheckerParser:0.3333333333333333
