Option:0.5666666666666667
Options:0.41333333333333333
OptionUI:0.395
FileAssociation:0.37333333333333335
Registry:0.32666666666666666
MetaProperty:0.30833333333333335
Report:0.30666666666666664
PropertyFile:0.2821666666666667
TextFieldWidget:0.26
UI:0.25333333333333335
SearchView:0.25333333333333335
RunExternal:0.24944444444444447
Model:0.23666666666666666
PropertyOption:0.22666666666666666
ReportView:0.21
ViewManager:0.19666666666666666
EditViewFactory:0.19666666666666666
ScreenResolutionScale:0.19666666666666666
ConcContIterator:0.19333333333333333
App:0.18666666666666668
Callback:0.16666666666666666
AboutWidget:0.14666666666666667
PropertyMultilineValue:0.14
Table:0.14
LnF:0.14
MultipleChoiceOption:0.12333333333333334
OptionsWidget:0.12333333333333334
Preview:0.11666666666666667
ActionOptions:0.09
OptionProvider:0.06
CustomOption:0.0
