Lang:0.5733333333333334
TedIO:0.4483333333333333
