InMemoryLookupCache:0.37
BaseTextVectorizer:0.16666666666666666
TextVectorizer:0.15833333333333333
TfidfVectorizer:0.1277777777777778
Builder:0.12427777777777776
BagOfWordsVectorizer:0.10666666666666667
