PID:0.62
TestPID:0.25666666666666665
AllUnitTests:0.20666666666666667
