HazelcastInstance:0.5572222222222222
DeleteOperation:0.3466666666666667
MapService:0.32
TransactionalMapProxy:0.30333333333333334
HazelcastClient:0.26
TxRemoveOperation:0.25333333333333335
TransactionalOperation:0.23333333333333334
TxPutOperation:0.23333333333333334
PartitionRecordStore:0.22333333333333333
PartitionContainer:0.2227777777777778
TransactionManagerServiceImpl:0.19833333333333333
TransactionalMapProxySupport:0.18666666666666668
TransactionImpl:0.18444444444444444
HazelcastInstanceImpl:0.18055555555555558
HazelcastInstanceProxy:0.18
MapTransactionTest:0.15
TransactionManagerService:0.14333333333333334
TransactionContextImpl:0.11777777777777779
