PollerBackEnd:0.7666666666666667
DefaultPollerBackEnd:0.39666666666666667
PollerBackEndIntegrationTest:0.36333333333333334
DefaultPollerFrontEnd:0.2991666666666667
PollerBackEndTest:0.29
ServerUnreachableAdaptor:0.2525
PollerFrontEndTest:0.17
PollerFrontEndIntegrationTest:0.10666666666666667
