SMIRKSTest:0.8965555555555557
MetaboliteGenerator:0.31888888888888883
