FileHandler:0.5733333333333334
DatabaseHandler:0.4766666666666667
PersistencyHandler:0.37666666666666665
