EditorLayer:0.5666666666666667
FrameworkConfiguration:0.41333333333333333
EditorContainerWidgetImpl:0.2633333333333333
ElementContainer:0.20904761904761904
DefaultEditorBinaryDFHandler:0.17333333333333334
ElementContainerImpl:0.15
JFXRunnable:0.06333333333333334
