BaseFlowServiceLocator:0.6433333333333333
DefaultExpressionParserFactory:0.5166666666666667
DefaultExpressionParserFactoryTests:0.22666666666666666
