Netty4Plugin:0.6258333333333334
Netty3Plugin:0.3411111111111111
HttpSmokeTestCase:0.2733333333333333
RetryTests:0.25
ReindexFromRemoteWithAuthTests:0.22333333333333333
