ErrorDialogManager:0.41
SupportManagerFragment:0.3933333333333333
HoneycombManagerFragment:0.34
ErrorDialogFragmentFactory:0.27666666666666667
ThrowableFailureEvent:0.16333333333333333
