Extruder:0.8366666666666667
GenericExtruder:0.37666666666666665
NullExtruder:0.3466666666666667
LayerProducer:0.3
