AnnotationUtilsTests:0.49
AnnotationUtils:0.2
StringUtils:0.06333333333333334
SingleTaggedClass:0.03444444444444444
MultiTaggedClass:0.03444444444444444
ContainerTaggedClass:0.03444444444444444
