ConfiguredClass:0.5366666666666666
EntityClass:0.31
ConfiguredClassHierarchy:0.31
ReflectionHelper:0.20333333333333334
GenericTypeDiscoveryTest:0.07333333333333333
EmbeddedClass:0.03
UnresolvedType:0.01
