RedissonReadWriteLockTest:0.52
RedissonFairLock:0.4066666666666667
RedissonReadLock:0.30666666666666664
RedissonWriteLock:0.25666666666666665
