CrateSettings:0.7433333333333333
CrateSettingsTest:0.46
SysClusterSettingsTest:0.33
TestGlobalSysExpressions:0.30333333333333334
