ProxyAutoConfig:0.5233333333333333
WebClient:0.43888888888888894
ProxyAutoConfigTest:0.056666666666666664
