RedisPubSubConnection:0.5366666666666666
PubSubConnectionEntry:0.5333333333333333
RedissonTopic:0.48
