Rule:0.38333333333333336
WxServiceImpl:0.36
WxServiceTest:0.22
WxMessageRouter:0.17244444444444446
WxConsts:0.14622222222222223
WxMessageRouterTest:0.10666666666666667
