IssueServiceImpl:0.5066666666666667
Notification:0.48333333333333334
NotificationUtilities:0.30333333333333334
RoleComparator:0.09333333333333334
WatchIssueAction:0.07916666666666666
