Environment:0.5533333333333333
HttpConfiguration:0.32
ViewBundle:0.21
ServerFactory:0.18666666666666668
HelloWorldService:0.17166666666666666
HttpConfigurationTest:0.16333333333333333
HibernateBundle:0.13
HibernateBundleTest:0.12333333333333334
EnvironmentCommand:0.10333333333333333
DBIExceptionsBundle:0.09666666666666666
TestService:0.08
ViewBundleTest:0.0125
