HtmlParserTest:0.6919444444444444
DocumentType:0.6777777777777778
DocumentTypeTest:0.3233333333333333
