Node:0.55
NodeStatus:0.37666666666666665
RestService:0.37333333333333335
