EditView:0.5366666666666666
PropertyTreeWidget:0.29
ActionBack:0.22333333333333333
TreeWidget:0.09
SelectionHandler:0.07333333333333333
