Scene2dTest:0.5766666666666667
TTFFactoryTest:0.3433333333333333
