SystemBuilder:0.75
Command:0.44333333333333336
PermCommand:0.22
CommandState:0.15333333333333332
PermCommander:0.08333333333333333
ScheduleAutoCommand:0.01
RulebaseMsg:0.0
