NilCheckResolver:0.6466666666666666
TranslationProcessor:0.2833333333333333
NilCheckResolverTest:0.23
