Treatment:0.7066666666666667
XmlReader:0.3333333333333333
