Elements:0.8816666666666667
ElementsTest:0.17333333333333334
