BulkRequest:0.6966666666666667
LegacyChildQuerySearchIT:0.26
BulkWithUpdatesIT:0.22333333333333333
RestMultiSearchAction:0.195
BulkRequestTests:0.16083333333333333
MultiSearchRequestTests:0.12333333333333334
