Short:0.5233333333333333
Int:0.5
Char:0.5
Str:0.45
Bool:0.42
Long:0.4
Byte:0.31666666666666665
Float:0.3
ClientPictures:0.295
ARINCModelFactory:0.24
AbstractARINCDecoder:0.23666666666666666
XMLValue:0.22
DefaultBufferOfItemsConverter:0.20666666666666667
ServerPictures:0.20666666666666667
TabbedPanelGroupRenderer:0.20666666666666667
TreeEditorCopyHelper:0.20333333333333334
DefaultARINCUtils:0.20333333333333334
ServerXMLSymbolsHandler:0.2
ServerXMLDFHandler:0.2
ClientXMLDFHandler:0.2
TreeEditorHelper:0.2
ARINClientWidgetFactory:0.19666666666666666
WidgetListener:0.19
AttrString:0.19
BlockingEventQueue:0.17666666666666667
ARINCWidgetEvent:0.16666666666666666
GUIUtilities:0.15333333333333332
ScenarioMessageProcessor:0.12666666666666668
