JFXTicsArrayExtensionTest:0.43
ClientXMLDFHandlerWithExtension4Test:0.42333333333333334
XMLMessageTest:0.3233333333333333
JFXTicsArrayExtensionKOTest:0.2
ExtractSupplementAction2Test:0.1816111111111111
WidgetEventStruct4Test:0.14666666666666667
ClientXMLDFHandlerWithExtension4KOTest:0.02666666666666667
