CA:0.54
CertificateProfile:0.43666666666666665
X509CA:0.27
CrmfRAPbeMultipleKeyIdRequestTest:0.24666666666666667
CrmfRequestTest:0.16
CrmfRATcpRequestTest:0.16
RSASignSessionBean:0.14833333333333334
CrmfRAPbeRequestTest:0.14666666666666667
CmpTestCase:0.14333333333333334
CrmfRARequestTest:0.12333333333333334
