CheckLogicTest:0.6711111111111111
TestParser:0.6277777777777778
