WarmerContext:0.565
InternalIndicesWarmer:0.49666666666666665
FieldDataLoadingTests:0.26666666666666666
