SimpleRecord:0.5966666666666667
RecordType:0.3
DynamicRecord:0.2811111111111111
ClassInfo:0.19333333333333333
