SrsQueryBuilder:0.7166666666666667
DirectorySrs:0.35333333333333333
