Trainer:0.75
ParallelWrapper:0.43
Builder:0.34
SymmetricTrainer:0.2633333333333333
TrainerContext:0.16444444444444442
SymmetricTrainerContext:0.15666666666666668
DefaultTrainerContext:0.15
ParameterServerTrainerContext:0.06
