LocalJPFManager:0.42333333333333334
ReceiveRemoteOutput:0.2966666666666667
MCDCTracker:0.2966666666666667
PathTrimSymbolicSearch:0.2633333333333333
