DynamicAccessImpl:0.4766666666666667
DynamicAccessModule:0.43333333333333335
DeploymentDSBindSpec:0.34111111111111114
FOXMLDODeserializer:0.26
FedoraOAIProvider:0.23333333333333334
DefaultDisseminatorImpl:0.23333333333333334
DisseminationService:0.23166666666666666
DSInputSpecParser:0.22666666666666666
Report:0.20892857142857144
FieldSearchServlet:0.20333333333333334
ServiceMapper:0.20333333333333334
DatastreamResolverServlet:0.18633333333333332
DefaultAccess:0.1775
SimpleServiceDeploymentReader:0.13666666666666666
DeploymentDSBindRule:0.11333333333333333
