PyList:0.625
PyStringMapIter:0.20027777777777778
PyCallIter:0.20027777777777778
PySequenceIter:0.20027777777777778
PyDictionaryIter:0.19583333333333333
PyIterator:0.15666666666666668
