Migrator:0.52
MediaWikiXmlTopicFactory:0.4066666666666667
AnsiDataHandler:0.4066666666666667
ImportServlet:0.27
MigrationException:0.18666666666666668
