MockHttpServletRequest:0.5735555555555556
AuthenticationProcessingFilterEntryPointTests:0.4066666666666667
AuthenticationProcessingFilterEntryPoint:0.31666666666666665
SecurityEnforcementFilterTests:0.31
SecurityEnforcementFilter:0.19333333333333333
