InsertIntoIntegrationTest:0.7030555555555555
InsertFromSubQueryAnalyzedStatement:0.48333333333333334
ScalarFunctionModule:0.2833333333333333
