Flyway:0.5722222222222222
DbInfoAggregator:0.37333333333333335
DbInfoAggregatorSmallTest:0.31666666666666665
MigrationInfosImpl:0.29
FlywayMediumTest:0.15
