CompareNode:0.48
CompareDialog:0.4066666666666667
CompareInput:0.3233333333333333
CompareDifferencer:0.22666666666666666
