DataType:0.7366666666666667
Dialect:0.36666666666666664
Domain:0.29333333333333333
CustomType:0.2866666666666667
TableEditorView:0.2833333333333333
GenericDataTypeImpl:0.25333333333333335
MSSQLSQLGenerator:0.18166666666666667
SQL92SQLGenerator:0.17333333333333334
TableEditor:0.17333333333333334
H2SQLGenerator:0.16333333333333333
HSQLDBSQLGenerator:0.15333333333333332
ERDesignerBundle:0.14666666666666667
PostgresDialect:0.09
OracleDialect:0.08666666666666667
MySQLDialect:0.08666666666666667
MSSQLDialect:0.07333333333333333
ModelChecker:0.04666666666666667
SpatialIndexWithoutSpatialType:0.0025
