ParameterHandler:0.36666666666666664
Parameter:0.32666666666666666
ParameterContainer:0.3233333333333333
Branch:0.2833333333333333
ParameterHandlerTest:0.26
CommandBase:0.20333333333333334
CommandBaseStub:0.10666666666666667
PasswordUsingCommandBase:0.1
CommandLibraryTest:0.013333333333333334
CliUsernameException:0.006666666666666667
JavaSourceFromString:0.0033333333333333335
