WADOCache:0.783047619047619
WADOService:0.4266666666666667
WADOCacheImpl:0.3883333333333333
