HopLexer:0.43666666666666665
HopParser:0.42
multiply_return:0.3021624579124578
if_statement_return:0.3021624579124578
equality_return:0.3021624579124578
atom_return:0.3021624579124578
method_declaration_return:0.3021624579124578
add_return:0.3021624579124578
start_return:0.3021624579124578
class_declaration_return:0.3021624579124578
statement_return:0.3021624579124578
expression_return:0.3021624579124578
HopParserAPITest:0.18666666666666668
DFA5:0.17015656565656564
