DefaultRecordStore:0.5066666666666667
MapKeyLoader:0.3466666666666667
FailingMapLoader:0.2966666666666667
MapLoaderTest:0.19
