ExecuteListeners:0.5366666666666666
DefaultDSLContext:0.36333333333333334
CursorImpl:0.2733333333333334
BatchMultiple:0.24000000000000005
AbstractRoutine:0.2
AbstractQuery:0.2
AbstractDMLQuery:0.17333333333333334
BatchSingle:0.17222222222222225
