GetDistributedObjectMessageTask:0.9011111111111112
GetDistributedObjectsRequest:0.5933333333333334
