TextMouseListener:0.5466666666666666
AnnotationSetsView:0.5
MouseStoppedMovingAction:0.23666666666666666
