TreeView:0.7366666666666667
PropertyTreeWidget:0.335
AdvancedEditor:0.24333333333333335
