ReflectorServletProcessor:0.8633333333333333
MeteorServlet:0.23333333333333334
DefaultAnnotationProcessor:0.23333333333333334
