JFXTextField:0.29333333333333333
JFXTextArea:0.2866666666666667
JFXTextAreaSkin:0.28
JFXTextAreaSkinAndroid:0.28
JFXButton:0.2041666666666667
JFXPasswordField:0.19
