BaseCostDecider:0.7259784
CostDeciders:0.36385363
