DownloadCell:0.4533333333333333
DataTableFolderViewBase:0.42
VibeDataTable:0.36577777777777787
GwtTeamingMessages:0.31333333333333335
DownloadColumn:0.24142592592592593
