Farming:0.4766666666666667
MarsClock:0.4633333333333333
TabPanel:0.26416666666666666
BeeHive:0.26
Bee:0.23666666666666666
BeeGrowing:0.20666666666666667
CropTableModel:0.16805555555555557
UnitWindow:0.14333333333333334
