AccessData:0.83
FileAccessData:0.4033333333333333
CrawlerBase:0.38666666666666666
ImapCrawler:0.27
WebCrawler:0.25
FileSystemCrawler:0.19666666666666666
TestFileAccessor:0.1927777777777778
Crawler:0.15833333333333333
