IntrospectorTest:0.9761111111111113
Properties:0.7933333333333333
