FlowRegistryImpl:0.5733333333333334
ExternalizedFlowDefinition:0.5016666666666667
FlowRegistry:0.2341111111111111
Indexed:0.2
