ParametersInterceptor:0.49666666666666665
ParametersInterceptorTest:0.44666666666666666
StrutsConstants:0.3333333333333333
XWorkConfigurationProvider:0.20777777777777778
DefaultBeanSelectionProvider:0.13
