ConnectionManager:0.3566666666666667
CommandsQueue:0.33666666666666667
CommandDecoder:0.21444444444444447
CommandAsyncService:0.19
CommandBatchService:0.18
MasterSlaveConnectionManager:0.17666666666666667
QueueCommandHolder:0.07333333333333333
