ClearOperation:0.4166666666666667
MapService:0.41333333333333333
BasicTest:0.17333333333333334
PartitionContainer:0.16333333333333333
