ProcessDefinition:0.6216666666666667
ProcessArchive:0.31333333333333335
