AuditPrincipalIdProvider:0.5736111111111111
SamlIdPConfiguration:0.3233333333333333
CasCoreAuditConfiguration:0.27
ThreadLocalPrincipalResolver:0.24
SurrogateAuthenticationConfiguration:0.18666666666666668
ThreadLocalPrincipalResolverTests:0.16333333333333333
SurrogateAuditPrincipalIdProvider:0.06333333333333334
