ParseCpsl:0.48333333333333334
State:0.36666666666666664
FSMInstance:0.3333333333333333
FSM:0.2966666666666667
SinglePhaseTransducer:0.27666666666666667
