AuthenticationTag:0.5833333333333334
AuthenticationTagTests:0.4533333333333333
AuthzImpl:0.3362857142857143
