PageDownstreamContext:0.5533333333333333
ESJobContext:0.37
ExecutionNodesTask:0.28
JobContextServiceTest:0.22333333333333333
ESDeleteTask:0.13
ESDeleteByQueryTask:0.13
InnerPreparer:0.13
PageDownstreamContextTest:0.12666666666666668
