RingSet:0.57
RingPlacer:0.25
SMARTSQueryTool:0.19666666666666666
RDFProtonDescriptor_G3R:0.18333333333333332
RDFProtonDescriptor_GSR:0.18333333333333332
RDFProtonDescriptor_GHR_topol:0.18333333333333332
RDFProtonDescriptor_GHR:0.18333333333333332
RDFProtonDescriptor_GDR:0.18333333333333332
RingSetTest:0.15
RotatableBondsCountDescriptor:0.14
RingPartitioner:0.12
RingSetManipulator:0.11
