CodeCompiler:0.4755555555555555
ExceptHandler:0.47333333333333333
Raise:0.41
