JoglGL20:0.47333333333333333
ShaderProgram:0.44666666666666666
ImmediateModeRenderer20:0.2633333333333333
SpriteBatch:0.2633333333333333
SpriteCache:0.23333333333333334
InputTest:0.15833333333333333
LwjglDebugStarter:0.14
JoglDebugStarter:0.13333333333333333
