IDSManager:0.5111111111111112
DSManager:0.31333333333333335
