Dataset:0.6333333333333333
BaseDatasetImpl:0.43333333333333335
UL:0.3283333333333333
TM:0.29
DA:0.29
IS:0.27666666666666667
DT:0.27
DS:0.25666666666666665
DcmImageWriter:0.2175
ImageDisplay:0.215
ImageBox:0.12333333333333334
