AddProjectToSessionWizard:0.5666666666666667
AddToSessionAction:0.45666666666666667
GeneralNewSessionAction:0.41333333333333333
