OrcTester:0.4633333333333333
OrcRecordReader:0.45666666666666667
RowGroup:0.22666666666666666
StripeReader:0.21
TestOrcFileRewriter:0.19
OrcPageSource:0.18333333333333332
TestShardWriter:0.12333333333333334
TestOrcReaderPositions:0.04666666666666667
