Context:0.5733333333333334
ClientProxy:0.3844444444444444
ArchiveClient:0.3433333333333333
ArchiveConductor:0.29333333333333333
ArchiverLoadTest:0.2866666666666667
