Transaction:0.83
ChadoTransactionTransformer:0.3933333333333333
TransactionUtil:0.20666666666666667
