StrandedZoomableApolloPanel:0.7866666666666666
FindPanel:0.4766666666666667
