OsgiTestCase:0.36
OsgiTestActivator:0.31
TestIntegrator:0.23333333333333334
TestTypeContributor:0.08333333333333333
TestStrategyRegistrationProvider:0.08333333333333333
