AgentBuilder:0.5966666666666667
Listener:0.4083333333333333
ByteBuddy:0.36666666666666664
Default:0.3333333333333333
InvocationHandlerAdapter:0.31666666666666665
Initialized:0.27977777777777774
Transformable:0.27051984126984113
AssignerConfigurable:0.27051984126984113
ClassFileLocator:0.25333333333333335
ForInstanceDelegation:0.23333333333333334
ForStaticDelegation:0.22333333333333333
Compound:0.17666666666666667
RawMatcher:0.0867222222222222
ForClassLoader:0.07666666666666666
BinaryLocator:0.05
Transformer:0.030873737373737373
