PathTraceCommand:0.34
SearchMethodCommand:0.26
Matcher:0.23416666666666666
RelationOrMatcher:0.1943968253968254
CacheMatcher:0.1
TrueMatcher:0.02805555555555556
RelationMatcher:0.023333333333333334
GlobalOptions:0.006666666666666667
RelationAndMatcher:0.0
