JChemPaintPanel:0.43166666666666664
DrawingPanel:0.3566666666666667
PopupListener:0.3
