VocabularyHolder:0.4033333333333333
Builder:0.36666666666666664
ParagraphVectors:0.27666666666666667
WordVectorSerializer:0.24333333333333335
Word2Vec:0.23
VocabSource:0.14666666666666667
VocabConstructor:0.13666666666666666
VectorCalculationsThread:0.13666666666666666
AsyncIteratorDigitizer:0.12333333333333334
ParagraphVectorsTest:0.08
VocabConstructorTest:0.02
LabelledAsyncIteratorDigitizer:0.016666666666666666
