RLock:0.8766666666666667
RedissonMultiLock:0.6166666666666667
RedissonMultiLockTest:0.23333333333333334
