Model:0.4633333333333333
Content:0.3408333333333333
TreeView:0.32666666666666666
TreeNode:0.23
DescendantsWithFams:0.20944444444444446
Parser:0.19333333333333333
AncestorsNoFams:0.17555555555555558
DescendantsNoFams:0.16111111111111112
ContentRenderer:0.16
FoldUnfold:0.09
