Default:0.44333333333333336
AgentBuilder:0.33666666666666667
LambdaInstanceFactory:0.3233333333333333
Appender:0.27
AgentBuilderDefaultTest:0.26
BridgeMethodImplementation:0.21777777777777782
InitializationStrategy:0.21666666666666667
Matched:0.21333333333333335
LambdaMethodImplementation:0.19444444444444445
AgentBuilderDefaultApplicationTest:0.18333333333333332
SerializationImplementation:0.16333333333333333
