FluxChannelMapBuilder:0.61
GPUFluxLightModel:0.4066666666666667
GPUFluxLightTracer:0.19
GPUFluxPathTracer:0.18333333333333332
GPUFluxWhittedTracer:0.14577777777777778
