SmtpServer:0.6266666666666667
SmtpSslServer:0.3872222222222222
SmtpServerTest:0.09666666666666666
