LocalExecutorStats:0.5166666666666667
ExecutorServiceProxy:0.3933333333333333
Config:0.33666666666666667
DistributedExecutorService:0.31
LocalExecutorStatsImpl:0.26
BaseCallableTaskOperation:0.20666666666666667
ExecutorTest:0.16666666666666666
DelegatingFuture:0.16444444444444445
TargetCallableRequest:0.12333333333333334
LocalTargetCallableRequest:0.12333333333333334
RemoteInvocationResponseHandler:0.11333333333333333
LocalInvocationResponseHandler:0.11333333333333333
CallableTaskOperation:0.11333333333333333
CallableProcessor:0.1
MemberCallableTaskOperation:0.07777777777777778
