StaxEventItemReader:0.4666666666666667
StaxEventItemReaderTests:0.41333333333333333
AbstractBufferedItemReaderItemStream:0.4033333333333333
