X_C_DocType:0.41
MRetention:0.32
PosPanel:0.2966666666666667
X_C_Retention:0.27
InOutLineGenerate:0.20333333333333334
VRetentionConsolidate:0.06333333333333334
