SetOfMoleculesManipulator:0.30333333333333334
SetOfReactionsManipulator:0.28
ChemModelManipulator:0.24333333333333335
ReactionManipulator:0.23333333333333334
SetOfAtomContainersManipulator:0.11666666666666667
ChemSequenceManipulator:0.11
ChemFileManipulator:0.07
