QueryRunner:0.5766666666666667
TableNameCompleter:0.44666666666666666
Console:0.36
