HttpTaskClient:0.5033333333333333
DatabaseStorageManager:0.35333333333333333
CreatedResponseHandler:0.34
PartitionOperationTracker:0.33
PageResponseHandler:0.30666666666666664
TestHttpQueryProvider:0.20333333333333334
TaskScheduler:0.20333333333333334
CountedReference:0.19666666666666666
