CelsiusConverter:0.7272222222222223
CelsiusConverterTest:0.47333333333333333
