MagicQueue:0.6066666666666667
ParallelWrapper:0.35333333333333333
Builder:0.33666666666666667
