StatisticsDialog:0.3433333333333333
FragmentMvpDelegateImplTest:0.2833333333333333
ActivityMviDelegateImpl:0.24666666666666667
FragmentMvpDelegateImpl:0.23444444444444448
FragmentMvpViewStateDelegateImplTest:0.23333333333333334
ActivityMvpDelegateImpl:0.22833333333333333
ViewGroupMvpViewStateDelegateImpl:0.2280555555555555
ViewGroupMvpDelegateImpl:0.2280555555555555
FragmentMviDelegateImpl:0.21333333333333335
ViewGroupMviDelegateImpl:0.11666666666666667
ViewGroupMvpDelegateImplTest:0.04
ViewGroupMvpViewStateDelegateImplTest:0.04
