AwesomeTextView:0.44666666666666666
BootstrapButton:0.42333333333333334
BootstrapProgressBar:0.30333333333333334
BootstrapLabel:0.2733333333333333
