Util:0.9366666666666666
AppearanceExport:0.21333333333333335
BackgroundExport:0.17333333333333334
ImageTextureImport:0.13666666666666666
BackgroundImport:0.1
