UIRepeatListComponent:0.6966666666666667
MakumbaELResolver:0.29333333333333333
