PowerstaffSystemParameterService:0.51
ProfileIndexerServiceImpl:0.44
ProfileBackingBean:0.4033333333333333
FSCache:0.25666666666666665
ProfileSearchServiceImpl:0.24666666666666667
StartupServletContextListener:0.21
FreelancerFieldBridge:0.16
