AudioTools:0.5495000000000001
BuildExecutor:0.4293730158730159
GdxAudioBuild:0.31333333333333335
