Address:0.49
EmailPublisher:0.44333333333333336
EmailMapping:0.20166666666666666
Always:0.11666666666666667
Failure:0.11666666666666667
Success:0.11666666666666667
