Molecule:0.4766666666666667
SmilesMolecule:0.41333333333333333
IMolecule:0.33
