JTBMessageTemplate:0.5766666666666667
ValueEditingSupport:0.5
ScriptExecutionEngine:0.31666666666666665
ScriptEditViewPart:0.31666666666666665
MessageDialogAbstract:0.2633333333333333
