MapDataSerializerHook:0.5433333333333333
ClearOperation:0.29
RemoveIfSameOperation:0.24333333333333335
DeleteOperation:0.18833333333333332
ReplaceOperation:0.18833333333333332
MapSizeOperation:0.145
ClearNearCacheOperation:0.145
ClearBackupOperation:0.10266666666666667
