MemoryManagerConfig:0.606388888888889
TestingPrestoServer:0.4266666666666667
TestMemoryManager:0.33666666666666667
LocalMemoryManager:0.33666666666666667
TestMemoryManagerConfig:0.22666666666666666
