FolderModule:0.798611111111111
SharingModule:0.5584444444444443
GwtViewHelper:0.43666666666666665
SharingModuleImpl:0.37666666666666665
AbstractFolderModule:0.2733333333333333
