RBM:0.7766666666666666
RNTN:0.5116666666666667
MultiThreadedTweetOpinionMining:0.17333333333333334
