MetaData:0.9533333333333334
LineParser:0.25666666666666665
