HTMLScanner:0.6766666666666666
HTMLTagBalancer:0.3933333333333333
ContentScanner:0.36
HTMLConfiguration:0.29
