ValueType:0.35
Proto:0.3233333333333333
Protoclass:0.2758333333333333
DeclaringType:0.22111111111111115
SourceFile:0.21777777777777782
Styles:0.19
MetaAnnotated:0.18744444444444444
DeclaringPackage:0.17277777777777778
AbstractDeclaring:0.13
Environment:0.11333333333333333
