MetaProperty:0.42333333333333334
Entity:0.42
Property:0.42
Gedcom:0.37333333333333335
PropertySex:0.2833333333333333
Preview:0.2816666666666667
PropertyXRef:0.2733333333333333
PropertyDate:0.2733333333333333
PropertyChange:0.26666666666666666
PointInTime:0.26666666666666666
Context:0.26666666666666666
PropertyFile:0.25333333333333335
PropertyEvent:0.22666666666666666
PropertyName:0.22333333333333333
PropertyBlob:0.215
PropertyAge:0.19833333333333333
PropertySimpleValue:0.19666666666666666
Model:0.19666666666666666
Transaction:0.19333333333333333
EditView:0.17333333333333334
ViewManager:0.16666666666666666
PropertyMultilineValue:0.165
AdvancedEditor:0.1511111111111111
PropertyChoiceValue:0.15
PropertyBean:0.14333333333333334
InteractionListener:0.11333333333333333
PropertyMedia:0.11333333333333333
PIT:0.11333333333333333
ReportValidate:0.11
Loader:0.10666666666666667
XRefBean:0.08416666666666667
PropertyNote:0.08333333333333333
PropertySource:0.08333333333333333
SexBean:0.07333333333333333
EventBean:0.056666666666666664
DateBean:0.056666666666666664
AgeBean:0.054444444444444455
NameBean:0.051111111111111114
FileBean:0.05
MLEBean:0.043333333333333335
EntityBean:0.0425
ChoiceBean:0.034444444444444444
SimpleValueBean:0.03
BasicEditor:0.013333333333333334
