JmhRunner:0.5466666666666666
ArrayBenchmark:0.14555555555555555
HashSetBenchmark:0.14555555555555555
BitSetBenchmark:0.14555555555555555
PriorityQueueBenchmark:0.14555555555555555
ListBenchmark:0.14555555555555555
Iterate:0.12
Append:0.07666666666666666
Head:0.056666666666666664
Get:0.056666666666666664
Base:0.04
Prepend:0.0033333333333333335
Update:0.0
Tail:0.0
