CropImageView:0.48333333333333334
UCropActivity:0.38333333333333336
TransformImageView:0.30666666666666664
SampleActivity:0.17333333333333334
