DefaultResultSetHandler:0.6166666666666667
AutoMappingUnknownColumnBehaviorTest:0.4633333333333333
