id:0.7266666666666667
ShadowView:0.44333333333333336
ViewNode:0.32
RobolectricTestRunner:0.25
ViewLoaderTest:0.24
RobolectricTest:0.21166666666666667
ViewLoader:0.1622222222222222
XmlLoader:0.15166666666666667
ViewGroupTest:0.06333333333333334
