HtmlPage:0.6366666666666667
WebClient:0.6366666666666667
EventTarget:0.25333333333333335
HtmlScript:0.23333333333333334
Location:0.22
HtmlImage:0.21066666666666667
