GraphHistoryBuilder:0.5966666666666667
ShowGraphHistoryFormTag:0.40294444444444444
