Element:0.36333333333333334
Node:0.36
Entities:0.31333333333333335
Attributes:0.26
OuterHtmlVisitor:0.24333333333333335
Attribute:0.18666666666666668
DocumentTest:0.16333333333333333
Comment:0.15666666666666668
TextNode:0.15333333333333332
DataNode:0.14111111111111113
XmlDeclaration:0.1
DocumentType:0.06333333333333334
