Undoable:0.6264444444444445
MText:0.4188888888888889
MUndoManager:0.4066666666666667
