HiveSplitSource:0.57
ConnectorSplitSource:0.22666666666666666
RaptorSplitSource:0.16333333333333333
QueuedSplitSource:0.12083333333333333
ThriftSplitSource:0.12083333333333333
FixedSplitSource:0.11
