QueryBuilder:0.94
Xrefer:0.6738888888888889
FileAnalyzer:0.4766666666666667
TroffAnalyzer:0.19666666666666666
MandocAnalyzer:0.19666666666666666
XMLAnalyzer:0.16666666666666666
PlainAnalyzer:0.16333333333333333
