HTTPCommunicator:0.5566666666666666
RestTest:0.36666666666666664
MemcacheTest:0.32666666666666666
TextReadHandler:0.29333333333333333
