Controller:0.59
TreeConfiguration:0.5746666666666667
TreeConfigurationFactory:0.5415714285714286
GOETEditorKit:0.54
DefaultEditorKit:0.45666666666666667
GraphTree:0.36666666666666664
DefaultTreeConfiguration:0.24666666666666667
DAGView:0.19333333333333333
DefaultMenuNameResolver:0.17333333333333334
DefaultTreeModel:0.15333333333333332
CoreNameResolver:0.15
TreeDropListener:0.14333333333333334
SubSelector:0.14333333333333334
TreeKeyListener:0.08333333333333333
DefaultDAMLRenderer:0.043333333333333335
DefaultTreeConfigurationFactory:0.0025
