Display:0.55
Query:0.48
CommandLine:0.25333333333333335
Jpdbi:0.24666666666666667
