FedoraNode:0.59
Utility:0.35333333333333333
XMLPrintWriter:0.31333333333333335
