AtomicLongBasicTest:0.2833333333333333
AtomicReferenceBasicTest:0.2833333333333333
ClientAtomicLongTest:0.21666666666666667
FailingFunction:0.21333333333333335
