Permission:0.4266666666666667
ExecutorLogic:0.32666666666666666
FormTag:0.2966666666666667
UpdatePasswordFormTag:0.20333333333333334
IdentifiableFormTag:0.16666666666666666
ExecutorPermission:0.09666666666666666
SystemPermission:0.09333333333333334
DAOFactory:0.09
ActorPermission:0.05333333333333334
GroupPermission:0.02666666666666667
ProcessDefinitionPermission:0.01
WorkflowSystemPermission:0.006666666666666667
ProcessInstancePermission:0.0033333333333333335
BotStationConfigurePermission:0.0033333333333333335
