LuceneReadSession:0.6833333333333333
BinderModuleImpl:0.41333333333333333
SsfIndexInterface:0.2763333333333334
LocalLuceneReadSession:0.25666666666666665
NilLuceneReadSession:0.17666666666666667
LuceneProvider:0.14333333333333334
AbstractLuceneSession:0.04
