ResidueProperties:0.5177777777777778
CGI:0.45
ColourChooserPanel:0.26
TreePanel:0.23333333333333334
IdPanel:0.21266666666666667
ClustalwCGI:0.14666666666666667
PostalCGI:0.14
RemoteAlignAction:0.09333333333333334
AnalAction:0.043333333333333335
LocalAlignAction:0.03333333333333333
ClustalwThread:0.03
JNetAction:0.023333333333333334
PostalAnalAction:0.01
RemoteAction:0.006944444444444445
