ContainerHostNameTest:0.37333333333333335
BindVolumeTest:0.37333333333333335
EnvironmentVariableTest:0.37333333333333335
SyslogRedirectionTest:0.29
TerminationTest:0.29
MultiplePortJobTest:0.20333333333333334
DnsServerTest:0.11666666666666667
