ShadowLooper:0.7966666666666666
ShadowHandler:0.46
ShadowHandlerTest:0.29333333333333333
AdapterViewBehavior:0.19333333333333333
ShadowMessengerTest:0.14
ShadowSslErrorHandlerTest:0.11333333333333333
