RefreshHandler:0.7233333333333334
MainFrame:0.5033333333333333
