AbstractDelegatedExecutionApplicationContext:0.5566666666666666
DependencyWaiterApplicationContextExecutor:0.49666666666666665
DelegatedExecutionOsgiBundleApplicationContext:0.42380555555555555
