BinaryChannel:0.676111111111111
JingleTransferListener:0.4216666666666667
IncomingTransferObject:0.2725555555555556
