NonSortingBucketMerger:0.6533333333333333
SortingBucketMergerTest:0.6416666666666667
NonSortingBucketMergerTest:0.18333333333333332
