BaseParameters:0.45666666666666667
ConcordancesEditor:0.37333333333333335
Pager:0.29
IEditionEditor:0.27977777777777774
AnnotationInjector:0.27166666666666667
TemporaryAnnotationManager:0.27
ConsoleProgressBar:0.23333333333333334
AnnotationWriter:0.21333333333333335
ImportModule:0.20666666666666667
CQPAnnotationManager:0.19666666666666666
SaveAnnotations:0.18333333333333332
TextToConcordance:0.0925
Compiler:0.09
ImportSelectedText:0.06666666666666667
