HelpScreen:0.49
HelpScreen2:0.22666666666666666
HelpScreen4:0.22666666666666666
HelpScreen3:0.22666666666666666
HelpScreen5:0.16333333333333333
HighscoresScreen:0.16333333333333333
