DownloadTableModel:0.5322222222222223
UploadTableModel:0.5133333333333333
