SnapshotsInProgress:0.35
ShardSnapshotStatus:0.34
SnapshotShardFailure:0.32
MockRepository:0.31333333333333335
SharedClusterSnapshotRestoreIT:0.28
AbstractSnapshotIntegTestCase:0.17333333333333334
SnapshotsInProgressTests:0.14333333333333334
DedicatedClusterSnapshotRestoreIT:0.13333333333333333
SnapshotsInProgressSerializationTests:0.13
