MozPowerManager:0.5902380952380952
HostTypeOfTest:0.37333333333333335
HostParentOfATest:0.29
HostParentOfSTest:0.24333333333333335
HostParentOfITest:0.22
HostClassNameTest:0.21666666666666667
InstallTrigger:0.13283333333333333
