AgentConfig:0.5338888888888889
Endpoint:0.4666666666666667
AgentParser:0.41
