TransformService:0.4633333333333333
ITransformService:0.37883333333333336
AbstractSymmetricEngine:0.3566666666666667
