RmiSWTWorkbenchBot:0.4633333333333333
Musician:0.44333333333333336
SarosState:0.3433333333333333
TestBasicSarosElements:0.21666666666666667
TestSVN:0.18333333333333332
SarosRmiSWTWorkbenchBot:0.17666666666666667
TestHandleContacts:0.14
