Key:0.5533333333333333
ContainerImpl:0.38666666666666666
BindingBuilder:0.2733333333333333
AbstractModule:0.22333333333333333
AllTests:0.16333333333333333
KeyTest:0.16333333333333333
ContainerBuilder:0.16083333333333333
FactoryTest:0.1
GenericInjectionTest:0.08666666666666667
SimpleKey:0.04
