IDataService:0.5846666666666667
DataService:0.48
MockDataService:0.3333333333333333
InternalTransportManager:0.27
PullResourceHandler:0.25666666666666665
PushService:0.25666666666666665
