Push:0.5906111111111111
Http2ServerResponseImpl:0.53
HttpServerResponseImpl:0.32
VertxHttp2Stream:0.2812222222222222
HttpConnection:0.27666666666666667
Http2ServerRequestImpl:0.25
HttpServerResponse:0.19416666666666665
VertxHttp2Handler:0.17333333333333334
Http2Test:0.1475
