DependencyTest:0.38666666666666666
Cardinality0to1Test:0.31666666666666665
ReferenceProxyTest:0.26
ServiceListenerTest:0.26
PropertyPlaceholderTest:0.19333333333333333
LifecycleTest:0.07666666666666666
