WebTestCase2:0.7066666666666667
HttpWebConnectionTest:0.43333333333333335
SimpleScriptableTest:0.26
CacheTest:0.15416666666666667
DefaultCredentialsProviderTest:0.12055555555555557
FailingHttpStatusCodeExceptionTest:0.07722222222222222
ImmediateRefreshHandlerTest:0.07722222222222222
DefaultPageCreatorTest:0.07722222222222222
IncorrectnessListenerTest:0.07722222222222222
