OcspConfiguration:0.7366666666666667
ProtocolOcspHttpTest:0.46
OcspJunitHelper:0.33
OCSPServletBase:0.23333333333333334
