EncodeImage:0.3466666666666667
SeriesRun:0.3233333333333333
WadoRun:0.2733333333333333
TestUrlRetrieve:0.2633333333333333
DicomImageServletResponse:0.23666666666666666
