Configuration:0.8033333333333333
ReportConfiguration:0.4266666666666667
RootTaskFilter:0.24833333333333332
ReportTitleFilter:0.24
DateFilter:0.23
DateStartFilter:0.12
DateStopFilter:0.12
