Writer:0.51
Reader:0.36666666666666664
Http20Draft10Test:0.32666666666666666
Platform:0.25666666666666665
