IOUtils:0.7933333333333333
FormNode:0.3566666666666667
ValidationUtil:0.24
ValidatorParser:0.20166666666666666
OpenFormValidationDelegate:0.15444444444444444
CreateFormDelegate:0.15333333333333332
