SupportedFieldTypeTest:0.5066666666666667
Db2JdbcExpert:0.4266666666666667
AutoGenerateValueTest:0.4266666666666667
