Config:0.6366666666666667
StrandedZoomableApolloPanel:0.36333333333333334
SetDetailPanel:0.32
SyntenyLinkPanel:0.26
TranslationView:0.25
EvidencePanel:0.22
DetailInfo:0.22
EnsCGIAdapter:0.21666666666666667
DrawableGeneSeqFeature:0.17833333333333334
DrawableGeneFeatureSet:0.16666666666666666
EnsemblDbDialog:0.16
SyntenyPanel:0.16
EvidenceMenu:0.11333333333333333
MultiController:0.04
