CDKAtomTypeMatcherTest:0.7966666666666666
AbstractAtomTypeTest:0.33666666666666667
