ProfileBackingBeanDataModel:0.5633333333333334
IndexExtractor:0.48111111111111116
ProfileSearchDAOHibernateImpl:0.22166666666666668
