AutoFinder:0.6966666666666667
Ingest:0.37666666666666665
SourceRepoDialog:0.2633333333333333
AutoPurger:0.22666666666666666
