CAsTest:0.5833333333333334
CaTestCase:0.43
RsaSignSessionTest:0.3566666666666667
DsaSignSessionTest:0.3466666666666667
XKMSKISSTest:0.2966666666666667
PrivateKeyUsageSignSessionTest:0.2866666666666667
EjbcaWSNonAdminTest:0.25333333333333335
EllipticCurveDsaSignSessionTest:0.21666666666666667
Mfg1SignSessionTest:0.14777777777777779
SignSessionCommon:0.07333333333333333
