BinderChange:0.2733333333333333
FileChange:0.2733333333333333
FolderEntryChange:0.2733333333333333
BaseBinderChange:0.2633333333333333
