JobConfiguration:0.5466666666666666
JobConfigurationTests:0.31555555555555553
SimpleStepConfigurationTests:0.3
StepConfigurationSupport:0.3
SpringBeanJobConfigurationTests:0.21666666666666667
