StaxEventItemReader:0.6166666666666667
MultipleColumnJdbcKeyGeneratorIntegrationTests:0.2733333333333333
ColumnMapExecutionAttributesRowMapperTests:0.24666666666666667
