StatusEvent:0.35333333333333333
StatusLis:0.285
DataLoader:0.26
StatusManager:0.23
DatabaseList:0.22666666666666666
DbActLis:0.15333333333333332
StatLis:0.041666666666666664
