DataManager:0.4888888888888889
SearchManager:0.3333333333333333
Set:0.23666666666666666
OptimizeTask:0.19416666666666668
Geonetwork:0.17666666666666667
SettingInfo:0.16055555555555553
