SemiJoins:0.8166666666666667
SubSelectIntegrationTest:0.42
Visitor:0.31
AnyIntegrationTest:0.2733333333333333
SemiJoinsTest:0.16666666666666666
