ResTable_config:0.84
BootstrapTest:0.26666666666666666
Bootstrap:0.22666666666666666
