ParquetColumnReader:0.3233333333333333
ParquetPrimitiveColumnConverter:0.31666666666666665
HiveUtil:0.21333333333333335
ParquetPrimitiveConverter:0.20666666666666667
ParquetBinaryColumnReader:0.16333333333333333
ParquetTimestampColumnReader:0.16333333333333333
ParquetDoubleColumnReader:0.16333333333333333
ParquetIntColumnReader:0.16333333333333333
ParquetLongColumnReader:0.16333333333333333
ParquetFloatColumnReader:0.16333333333333333
ParquetBooleanColumnReader:0.16333333333333333
