DlgBox:0.5233333333333333
CopyMoveEntriesDlg:0.45666666666666667
CopyEntriesCmd:0.3333333333333333
MoveEntriesCmd:0.3333333333333333
CopyMoveEntriesCmdBase:0.20166666666666666
