PersonNameImpl:0.7733333333333333
DcmObjectFactoryImpl:0.31666666666666665
DcmObjectFactory:0.31333333333333335
