AbstractOsgiTests:0.39
AbstractDependencyManagerTests:0.3433333333333333
ScopingTest:0.28
DependencyTest:0.2733333333333333
IoTests:0.2733333333333333
RawIoTest:0.25
AnnotationProxyTest:0.19666666666666666
SimpleServiceBundleTest:0.19333333333333333
AbstractOptionalDependencyInjectionTests:0.18666666666666668
PropertyPlaceholderTest:0.18
InvalidLocationsTest:0.18
ServiceCollectionTest:0.16333333333333333
ServiceBaseTest:0.16333333333333333
ServiceProxyTest:0.16333333333333333
DynamicIterator:0.13333333333333333
BaseIoTest:0.11333333333333333
ExtenderTest:0.11
ConfigTest:0.08333333333333333
WeatherServiceBundleTest:0.06333333333333334
ReferenceProxyTest:0.05333333333333334
ServiceListenerTest:0.05333333333333334
Cardinality0to1Test:0.05333333333333334
MavenArtifactLookupTest:0.05333333333333334
LifecycleTest:0.016666666666666666
