NNMEvent:0.72
Filter:0.30333333333333334
OVsnmpPduUtils:0.25666666666666665
OpenNMSDaemon:0.20222222222222222
DefaultNNMEventFactory:0.11666666666666667
