Molecule:0.32
LonePair:0.30333333333333334
Monomer:0.2633333333333333
ChemModel:0.25333333333333335
