Context:0.65
Name:0.45866666666666667
DSLContext:0.44156349206349205
DSL:0.36333333333333334
SelectQueryImpl:0.35333333333333333
DefaultDSLContext:0.32666666666666666
AbstractQueryPart:0.25666666666666665
SelectImpl:0.24333333333333335
QueryPartInternal:0.2105952380952381
jOOQAbstractTest:0.19666666666666666
AbstractContext:0.17666666666666667
NameImpl:0.10111111111111112
