Map2DItemListRenderer:0.46
AbstractMapItemListUpdater:0.3333333333333333
DefaultMapItemListUpdater:0.25833333333333336
