CommandoHandler:0.44666666666666666
CommandoCheckBox:0.24111111111111114
CommandoDialog:0.23333333333333334
CommandoTextField:0.21733333333333335
ErrorMatcher:0.20333333333333334
CommandoCommand:0.13
CommandoComboBox:0.1
