Hits:0.69
LuceneProvider:0.36333333333333334
LocalLuceneReadSession:0.32666666666666666
SearchUtils:0.2966666666666667
SsfIndexInterface:0.2425
LuceneReadSession:0.17922222222222223
NilLuceneReadSession:0.17333333333333334
