SystemShell:0.5433333333333333
SystemShellBuiltIn:0.32666666666666666
Windows9x:0.3233333333333333
run:0.15333333333333332
WindowsNT:0.14666666666666667
