SignatureParser:0.7222222222222223
WildcardType:0.37666666666666665
InternalJadxTest:0.29
