Grammar:0.76
Tool:0.38
ToolANTLRParser:0.2833333333333333
GrammarASTAdaptor:0.22666666666666666
ParserATNPathFinder:0.21
LogManager:0.16833333333333333
SymbolChecks:0.16666666666666666
LeftRecursiveRuleTransformer:0.14
ATNPrinter:0.13
RuleCollector:0.11333333333333333
TestRig:0.10666666666666667
