Utility:0.72
EqualsTests:0.30333333333333334
Analyzer:0.3
PainlessParser:0.29333333333333333
PainlessParserBaseVisitor:0.2833333333333333
PainlessParserVisitor:0.25166666666666665
BasicExpressionTests:0.24666666666666667
Transform:0.23333333333333334
AnalyzerExpression:0.21
WriterExpression:0.21
AnalyzerExternal:0.20333333333333334
Writer:0.20222222222222222
AnalyzerCaster:0.17
StringTests:0.12333333333333334
