ExecuteScriptRequest:0.44
ConsoleCommandRequest:0.3288888888888889
ConsoleApp:0.23666666666666666
