GFF3Entry:0.7644444444444445
GFF3Adapter:0.6166666666666667
