PosPanel:0.4166666666666667
Doc_Invoice:0.26944444444444443
X_C_POSLine:0.22666666666666666
MPOS:0.22333333333333333
PosModel:0.22
MSequence:0.21916666666666668
Doc_Allocation:0.21666666666666667
posThread:0.15333333333333332
