RemoteChannelReceiver:0.6433333333333333
RemoteChannel:0.4633333333333333
GalaxyRemoteActorFactory:0.27
