MSAccessReverseEngineeringStrategy:0.5433333333333333
QueryProperty:0.42333333333333334
JoinTypes:0.0033333333333333335
QueryOptions:0.0033333333333333335
QueryType:0.0033333333333333335
InputTables:0.0
CreationType:0.0
EndOfDefinition:0.0
HavingExpression:0.0
GroupByExpression:0.0
SourceDatabase:0.0
ColumnOrder:0.0
InputFields:0.0
WhereExpression:0.0
