ClassMetadata:0.54
BackendBean:0.34
HierarchyUtils:0.3
KuwaibaWebservice:0.29833333333333334
ObjectList:0.23333333333333334
