Path:0.6033333333333334
Geometry:0.49333333333333335
GraphWriter:0.2833333333333333
Recursion:0.20666666666666667
EdgeHandler:0.18666666666666668
