Request:0.6566666666666666
Route:0.5433333333333333
SparkUtils:0.23444444444444448
MatcherFilter:0.21333333333333335
RouteMatcherImpl:0.1675
RouteMatcherFactory:0.13333333333333333
