Locus_Hits:0.4977777777777777
UpdateHistoryList:0.4777777777777777
Locus_AnnotationStatus:0.4777777777777777
UserBean:0.43333333333333335
MissingParameterException:0.013333333333333334
ConstraintException:0.013333333333333334
