Context:0.64
SequencerAgent:0.3433333333333333
LogAdapter:0.2866666666666667
IngressAdapter:0.2812222222222222
LogAppender:0.2786111111111111
Configuration:0.17
