DigitalObject:0.7133333333333334
ServiceDeploymentReader:0.51
DOManager:0.4766666666666667
ResourceIndex:0.4766666666666667
RelsExtValidator:0.32133333333333336
DefaultAccess:0.3
METSFedoraExtDODeserializer:0.2733333333333333
FOXMLDOSerializer:0.2633333333333333
FOXMLDODeserializer:0.2633333333333333
SimpleDOReader:0.25666666666666665
METSFedoraExtDOSerializer:0.25
DefaultDOManager:0.23
BaseTripleGenerator:0.22666666666666666
DefaultManagement:0.205
TripleGenerator:0.20255555555555557
ResourceIndexModule:0.19
FieldSearchResultSQLImpl:0.18833333333333332
DisseminationService:0.18333333333333332
FieldSearchSQLImpl:0.18
ResourceIndexImpl:0.18
DigitalObjectTest:0.17666666666666667
ServiceDefinitionReader:0.16866666666666666
RepositoryReaderTest:0.16666666666666666
SQLRebuilder:0.16333333333333333
ResourceIndexRebuilder:0.13666666666666666
ResourceNamespace:0.13333333333333333
DirectoryBasedRepositoryReader:0.12333333333333334
FedoraModelNamespace:0.11666666666666667
Constants:0.07333333333333333
SimpleServiceDefinitionReader:0.056666666666666664
RepositoryReader:0.05
SimpleServiceDeploymentReader:0.03833333333333333
ServiceDeploymentNamespace:0.0
ServiceDefinitionNamespace:0.0
