ScriptingTools:0.8733333333333333
RunRhinoScriptInThreadAction:0.20333333333333334
