JMSManager:0.7933333333333333
MessagingModule:0.37666666666666665
NotificationInvocationHandler:0.21333333333333335
