HostAddress:0.4766666666666667
ServiceManager:0.45666666666666667
QueryManager:0.43
HostManager:0.4266666666666667
MainFrame:0.37666666666666665
NetworkManager:0.37666666666666665
ShareFile:0.37
ShareManager:0.37
NetworkListener:0.33449999999999996
IncomingListener:0.3233333333333333
SwarmingManager:0.3233333333333333
SearchFilter:0.31
ResearchSetting:0.28833333333333333
QueryRoutingTable:0.23833333333333334
MsgManager:0.23666666666666666
NetworkTab:0.22666666666666666
SearchTab:0.22333333333333333
MonitorTab:0.22333333333333333
SWDownloadFile:0.21666666666666667
MsgQueryResponse:0.21333333333333335
QueryHitHost:0.20333333333333334
JobsRunner:0.19333333333333333
DownloadEngine:0.19333333333333333
ConnectNetworkAction:0.19
DisconnectNetworkAction:0.19
ConnectionEngine:0.19
BrowseHostAction:0.1811111111111111
QueryHistoryMonitorTableModel:0.18
SharedFilesTableModel:0.18
SearchComboBoxModel:0.175
ProxyPane:0.17333333333333334
ShareTab:0.17
SearchFilterComboBoxModel:0.17
DirectoriesPane:0.17
OptionsDialog:0.16666666666666666
NetworkPane:0.16666666666666666
UploadEngine:0.16666666666666666
SearchHistoryTableModel:0.16
PushWorker:0.12333333333333334
SwitchNetworkAction:0.11333333333333333
Environment:0.11
ActionConfigRescan:0.11
ShareRescanHandler:0.1075
IncomingConnectionDispatcher:0.10333333333333333
ExitPhexAction:0.09333333333333334
BrowseHostConnection:0.08666666666666667
IPChangedListener:0.006666666666666667
