SimpleQueryStringBuilder:0.5755555555555555
SimpleQueryStringParser:0.33833333333333326
SimpleQueryStringTests:0.09333333333333334
