HttpResponse:0.548888888888889
StaticResourceTest:0.23
BaseWebIntegrationTest:0.21
CoreTaglibTest:0.17666666666666667
SimpleJSPTest:0.17666666666666667
HttpConnectionsTest:0.16138888888888892
ExtenderConfiguration:0.15333333333333332
SimpleServletTest:0.13333333333333333
