Config:0.6033333333333334
GrammarVisitor:0.27666666666666667
GrooveToType:0.27555555555555555
GrooveToConstraint:0.2688888888888889
ConstraintToGroove:0.2633333333333333
TypeToGroove:0.22666666666666666
GrooveToInstance:0.22555555555555556
InstanceToGroove:0.21666666666666667
MetaToGroove:0.21
