MppsToMwlLinkLocal:0.5886111111111112
ContentEditService:0.5233333333333333
MppsToMwlLinkBean:0.24
