Wallet:0.7266666666666667
TransactionOutput:0.5766666666666667
PaymentChannelServerState:0.24666666666666667
PaymentChannelV2ClientState:0.23333333333333334
PaymentChannelV1ClientState:0.23333333333333334
