Delegate:0.5266666666666666
VoidAwareAssigner:0.2277777777777778
UnboxingResponsible:0.18
ReferenceTypeAwareAssignerTest:0.16666666666666666
MethodDelegation:0.15333333333333332
DownCastAssignment:0.15
PrimitiveUnboxingDelegateTest:0.13333333333333333
PrimitiveTypeAwareAssigner:0.12
PrimitiveUnboxingDelegateWideningTest:0.10666666666666667
ByteBuddyTest:0.09333333333333334
Bar:0.05
