RuntimeStatisticsMBean:0.6466666666666666
DSConnectionProvider:0.5711111111111111
RuntimeStatistics:0.42111111111111116
