If:0.46111111111111114
StrutsModels:0.32
ElseIf:0.2966666666666667
