ClassMultiMatcher:0.5988888888888889
TextMultiMatcher:0.5166666666666667
ClassMultiMatcherTest:0.2966984126984127
