ArtifactLookupException:0.7733333333333333
CompositeFlowArtifactLocator:0.25
CompositeFlowLocatorTests:0.17
TestFlowArtifactLocator:0.165
BeanFactoryFlowArtifactLocator:0.15
JsfFlowExecutionManagerTests:0.13333333333333333
FlowActionTests:0.13333333333333333
FlowExecutionImplTests:0.12333333333333334
CompositeFlowLocator:0.12166666666666667
FlowArtifactLocatorChainExaustedException:0.12166666666666667
AbstractFlowBuilderTests:0.09333333333333334
NoSuchArtifactException:0.07916666666666666
