Administrator:0.59
NewObjectDialog:0.3566666666666667
XMLBuilder:0.16333333333333333
CreateAction:0.14444444444444446
