SpanTermQueryBuilderTest:0.7533333333333333
SpanNotQueryBuilderTest:0.2866666666666667
SpanFirstQueryBuilderTest:0.21666666666666667
SpanWithinQueryBuilderTest:0.21666666666666667
SpanContainingQueryBuilderTest:0.21666666666666667
SpanOrQueryBuilderTest:0.15
SpanNearQueryBuilderTest:0.15
