ProjectTest:0.4266666666666667
MockBuilderChangesProjectConfig:0.39666666666666667
ModificationSetTest:0.2966666666666667
MockSourceControl:0.2487777777777778
MockModificationSet:0.2487777777777778
AlienBrainTest:0.23666666666666666
