CollectionUtils:0.5466666666666666
CollectionUtilsTests:0.34
TestCase:0.2733333333333333
PrimitiveArrays:0.19666666666666666
