SPSStatus:0.5566666666666666
MWLItemBean:0.41333333333333333
SqlBuilder:0.3035555555555556
MPPSManagerBean:0.2866666666666667
MWLQueryCmd:0.2
ListOfInt:0.16666666666666666
MWLManagerBean:0.14666666666666667
GPWLManagerBean:0.13666666666666666
