ScriptStats:0.5666666666666667
ScriptService:0.42
ScriptMetrics:0.36666666666666664
RestNodesAction:0.15666666666666668
NodeStatsTests:0.14666666666666667
Fields:0.06333333333333334
