XSLTLogPublisher:0.6466666666666666
PluginRegistryTest:0.37333333333333335
PluginRegistry:0.36666666666666664
