Errors:0.4033333333333333
NetworkUtils:0.22333333333333333
InternalFullDateHistogramFacet:0.22033333333333333
InternalTermsStatsStringFacet:0.22033333333333333
InternalTermsStatsLongFacet:0.22033333333333333
InternalFullHistogramFacet:0.22033333333333333
InternalTermsStatsDoubleFacet:0.22033333333333333
CommitPoints:0.19666666666666666
HotThreads:0.19666666666666666
ElectMasterService:0.19666666666666666
MetaDataCreateIndexService:0.19666666666666666
