Event:0.6666666666666666
CloseEvent:0.5
HTMLDocument:0.36
CloseEventTest:0.043333333333333335
