BehaviorBaseTest:0.13333333333333333
AsyncWaitTest:0.12333333333333334
SyncNoWaitWithReverseQueueTest:0.11333333333333333
SyncWaitTest:0.11333333333333333
AsyncNoWaitTest:0.1
SyncWaitWithoutDependencyTest:0.09666666666666666
SyncNoWaitTest:0.07333333333333333
NoPublishTest:0.07333333333333333
