TaskHelper:0.6466666666666666
GwtTaskHelper:0.5133333333333333
