CMap:0.7966666666666666
MigrationRequestTask:0.32666666666666666
PartitionStateGeneratorTest:0.2733333333333333
TestFullApplicationContext:0.26
