IncomingBatch:0.635
OutgoingBatchService:0.37333333333333335
IncomingBatchService:0.36333333333333334
IIncomingBatchService:0.17833333333333334
IncomingBatchMapper:0.1257777777777778
