Advapi32:0.7855555555555556
Winsvc:0.461111111111111
W32Service:0.38333333333333336
ENUM_SERVICE_STATUS:0.195
W32ServiceManager:0.16
W32ServiceTest:0.07
ENUM_SERVICE_STATUS_PROCESS:0.06333333333333334
W32ServiceManagerTest:0.03333333333333333
