DefinitionService:0.7166666666666667
JbpmDefinitionLogic:0.3333333333333333
DefinitionServiceDelegate:0.31916666666666665
JbpmDefinitionServiceBean:0.23333333333333334
DefinitionServiceDelegateLocalImpl:0.22666666666666666
DefinitionServiceDelegateRemoteImpl:0.22666666666666666
