Function:0.5916666666666667
AggregateWindowFunctionTests:0.33555555555555555
