CA:0.6766666666666666
CmsCAService:0.37666666666666665
XKMSCAService:0.37666666666666665
CAAdminSessionBean:0.2733333333333333
