Script:0.5366666666666666
ComponentTester:0.4666666666666667
ScriptTest:0.31666666666666665
StepRunner:0.30666666666666664
ScriptEditor:0.29333333333333333
StepRunnerTest:0.2816666666666667
MyCode:0.17666666666666667
