LoadProcessDefinitionXsnFileAction:0.5366666666666666
InfoPathFormHelper:0.46
LoadXsnVariablesAction:0.3566666666666667
