AbstractHttpAdaptor:0.37333333333333335
UploadHttpAdaptor:0.16
JsonHttpAdaptor:0.04666666666666667
PairHttpAdaptor:0.013333333333333334
VoidHttpAdaptor:0.013333333333333334
