FieldSerializer:0.6566666666666666
SerializeConfig:0.37666666666666665
