SdkEnvironment:0.5233333333333333
TestUtil:0.39666666666666667
RobolectricTestRunner:0.3255555555555556
