Py:0.79
PyType:0.4033333333333333
PythonInterpreter:0.3
PyServlet:0.2633333333333333
jython:0.2544444444444445
