IRequestMessage:0.8112698412698413
PKCS10RequestMessage:0.4716666666666667
RSASignSessionBean:0.29
