UnboundedQueueBuffer:0.5866666666666667
BoundedLocalCache:0.5266666666666666
ReadBufferBenchmark:0.25666666666666665
OneShotBuffer:0.1877777777777778
BoundedQueueBuffer:0.16333333333333333
RelaxedAtomicInt:0.10333333333333333
RelaxedAtomic:0.07
PerThreadBuffer:0.07
PTLBuffer:0.06333333333333334
