MGLBookPeriod:0.43
Doc_BOEStatement:0.31
MBOE:0.30333333333333334
X_C_BOEStatement:0.29333333333333333
X_C_BOELine:0.25666666666666665
Doc_Invoice:0.23666666666666666
VBoeGen:0.19666666666666666
X_C_BOE_Acct:0.19
Doc_Allocation:0.17666666666666667
Doc_InOut:0.13666666666666666
Doc_Movement:0.12333333333333334
Doc_Payment:0.12333333333333334
Doc_Cash:0.12333333333333334
Doc_GLJournal:0.12333333333333334
DocLine_BOEStatement:0.0033333333333333335
