Transaction:0.6433333333333333
Config:0.56
PureJDBCTransactionWriter:0.3333333333333333
UpdateTransaction:0.29
DeleteTransaction:0.29
AddTransaction:0.19333333333333333
