ScriptEngine:0.5766666666666667
MustacheTests:0.31333333333333335
PainlessScriptEngine:0.2833333333333333
ScriptEngineTests:0.2633333333333333
MustacheScriptEngine:0.26
MyExpertScriptEngine:0.21666666666666667
MockScriptEngine:0.20666666666666667
ScriptTestCase:0.2
DummyTemplateScriptEngine:0.16
ExpressionScriptEngine:0.14
MustacheScriptEngineTests:0.13666666666666666
CustomMustacheFactoryTests:0.12333333333333334
ExpressionTests:0.12
ScriptService:0.08666666666666667
NeedsScoreTests:0.08
