Connection:0.66
ConnectionPool:0.35333333333333333
HttpEngine:0.29
ConnectionPoolTest:0.20333333333333334
