ScriptEditor:0.61
Recorder:0.49333333333333335
ScriptModel:0.2733333333333333
UnitTestSuite:0.10333333333333333
