EmbeddingLayer:0.7283333333333334
Builder:0.6566666666666666
