Configuration:0.4817619047619048
SequencerAgent:0.4066666666666667
ConsensusModule:0.34
TimerService:0.29
