HtmlCheckBoxInput:0.5733333333333334
HtmlRadioButtonInput:0.4766666666666667
HtmlCheckBoxInputTest:0.20333333333333334
HtmlRadioButtonInputTest:0.02
