View:0.6466666666666666
Module:0.32
Product2Test:0.27
InvoiceTest:0.23
MetaView:0.23
MetaDescriptionsList:0.22333333333333333
AJAXTest:0.18777777777777777
AnnotatedClassParser:0.16666666666666666
TransportChargeWithDescriptionsListShowingReferenceViewTest:0.095
CustomerSellerAsDescriptionsListShowingReferenceViewTest:0.008333333333333333
CustomerSellerAsDescriptionsListShowingReferenceViewNoKeyTest:0.0016666666666666668
