easyRegularAdapter:0.38
SampleDataboxset:0.37333333333333335
AdmobAdapter:0.33666666666666667
TestAdMobClassicActivity:0.28
