Curve:0.735
Surface:0.735
BSplineCurve:0.6766666666666666
ArcString:0.6766666666666666
Clothoid:0.6766666666666666
Arc:0.6766666666666666
AggregateFactory:0.6766666666666666
Complex:0.6766666666666666
Primitive:0.6766666666666666
SurfacePatch:0.6766666666666666
BicubicGrid:0.6766666666666666
Tin:0.6766666666666666
ArcStringByBulge:0.605
ParametricCurveSurface:0.605
Geometry:0.5816666666666667
GeometryFactory:0.5616666666666666
BoundingBox:0.5616666666666666
GenericCurve:0.5616666666666666
DirectPosition:0.5533333333333333
CurveSegment:0.5533333333333333
Conic:0.5533333333333333
PositionFactory:0.5533333333333333
Envelope:0.5533333333333333
TransfiniteSet:0.5533333333333333
PrimitiveFactory:0.5533333333333333
Knot:0.4066666666666667
SplineCurve:0.4066666666666667
Point:0.4066666666666667
PointArray:0.39166666666666666
PointGrid:0.39166666666666666
BSplineSurface:0.375
Precision:0.375
MultiPoint:0.27051984126984113
OrientableSurface:0.27051984126984113
Triangle:0.27051984126984113
Boundary:0.27051984126984113
Position:0.27051984126984113
OrientableCurve:0.27051984126984113
CompositeSurface:0.27051984126984113
Shell:0.27051984126984113
CompositeCurve:0.27051984126984113
Composite:0.27051984126984113
PolyhedralSurface:0.27051984126984113
Ring:0.27051984126984113
TriangulatedSurface:0.27051984126984113
Aggregate:0.27051984126984113
SplineCurveForm:0.26666666666666666
BSplineSurfaceForm:0.26666666666666666
ModelComparator:0.21666666666666667
PrecisionType:0.20416666666666666
SurfaceInterpolation:0.18333333333333332
CurveInterpolation:0.18333333333333332
KnotType:0.18333333333333332
OffsetCurve:0.16333333333333333
Placement:0.16333333333333333
GenericSurface:0.16333333333333333
CubicSpline:0.16333333333333333
PolynomialSpline:0.16333333333333333
ComplexFactory:0.16333333333333333
GriddedSurface:0.16333333333333333
GeodesicString:0.16333333333333333
MismatchedReferenceSystemException:0.013333333333333334
UnmodifiableGeometryException:0.013333333333333334
MismatchedDimensionException:0.013333333333333334
AffinePlacement:0.006666666666666667
MultiCurve:0.006666666666666667
Polygon:0.006666666666666667
SurfaceBoundary:0.006666666666666667
MultiSurface:0.006666666666666667
SolidBoundary:0.006666666666666667
ParamForPoint:0.006666666666666667
Solid:0.006666666666666667
Bearing:0.006666666666666667
OrientablePrimitive:0.006666666666666667
CurveBoundary:0.006666666666666667
LineString:0.006666666666666667
ArcByBulge:0.0
Sphere:0.0
MultiPrimitive:0.0
Bezier:0.0
BilinearGrid:0.0
Circle:0.0
CompositePoint:0.0
PrimitiveBoundary:0.0
ComplexBoundary:0.0
LineSegment:0.0
Cone:0.0
Cylinder:0.0
Geodesic:0.0
