Listener:0.6266666666666667
Project:0.5833333333333334
ProjectState:0.3595555555555555
ProjectXMLHelper:0.21
PluginRegistryTest:0.13
ProjectTest:0.06333333333333334
ProjectXMLHelperTest:0.06
CurrentBuildStatusListener:0.04666666666666667
MockListener:0.02666666666666667
ProjectStateChangedEvent:0.0
ProjectEvent:0.0
