SerializedFlowExecutionSnapshot:0.5
FlowExecutionSnapshot:0.3647777777777778
AbstractSnapshottingFlowExecutionRepository:0.21333333333333335
SnapshotNotFoundException:0.11333333333333333
FlowExecutionSnapshotFactory:0.08316666666666667
SerializedFlowExecutionSnapshotFactory:0.07333333333333333
SnapshotCreationException:0.04
SerializedFlowExecutionContinuationFactoryTests:0.03666666666666667
SnapshotUnmarshalException:0.01
