NBrowseApplet:0.56
CheckBoxTreeCellRenderer:0.42
EdgeSetControlState:0.3198888888888889
TreeEdgeSetControlState:0.1
GuiEdgeSetControlState:0.06333333333333334
