ReplayCharSequence:0.4633333333333333
RecordingOutputStream:0.4066666666666667
