Future:0.7533333333333333
Promise:0.68
FutureTest:0.33449999999999996
