Style:0.8666666666666667
FeatureEditorDialog:0.4
TranscriptEditPanel:0.31666666666666665
GuiCurationState:0.2733333333333333
FeatureEditPanel:0.24
