CassandraAuthenticationProperties:0.866111111111111
CassandraAuthenticationHandler:0.4166666666666667
CassandraAuthenticationConfiguration:0.2966666666666667
