Mission:0.8066666666666666
RescueSalvageVehicle:0.39
TravelToSettlement:0.2966666666666667
