CMLResource:0.605
CMLEditor:0.3933333333333333
CMLTagRule:0.25666666666666665
CMLRuleScanner:0.22666666666666666
