PathHelper:0.48333333333333334
GraphFactory:0.33666666666666667
AbstractFactory:0.26466666666666666
Geometry:0.19
TreeFactory:0.17333333333333334
DnD:0.17333333333333334
DnDCreateArc:0.17333333333333334
DefaultArcLayout:0.16333333333333333
