XEGNode:0.3233333333333333
XEGF:0.18333333333333332
XEGLl:0.013333333333333334
XEGVl:0.013333333333333334
XEGDlMul:0.013333333333333334
XEGDlAdd:0.013333333333333334
XEGLlMul:0.013333333333333334
XEGVAdd:0.013333333333333334
XEGLlAdd:0.013333333333333334
XEGDl:0.013333333333333334
XEGVlAdd:0.013333333333333334
XEGVMul:0.013333333333333334
XEGVlMul:0.013333333333333334
