ElementUtil:0.4666666666666667
StatementGenerator:0.4266666666666667
TypeUtil:0.37666666666666665
OuterReferenceResolver:0.21333333333333335
