BaseNDArray:0.5066666666666667
ArrayUtil:0.49333333333333335
BaseMultiLayerNetwork:0.38
