ImagePanel:0.63
Canvas:0.40166666666666667
SeriesPanel:0.25777777777777783
WindowingImagePanel:0.23333333333333334
