ClassPath:0.39666666666666667
CompilerBase:0.39
Compiler:0.33666666666666667
CompilationUnit:0.2683333333333333
CompilationUnitScope:0.24
Main:0.19777777777777777
