Node:0.54
CacheEvent:0.48333333333333334
AbstractLinkedPolicy:0.23333333333333334
Simulator:0.18166666666666667
Fifo:0.1
Lru:0.1
