BitcoinURI:0.4033333333333333
DiskBlockStore:0.30333333333333334
GetBlocksMessage:0.25833333333333336
HeadersMessage:0.2568095238095238
GetHeadersMessage:0.164
WalletExtensionSerializer:0.13666666666666666
