Path:0.49333333333333335
XmlVars:0.39666666666666667
PathElement:0.36
CswTest:0.13666666666666666
