Mode:0.6233333333333333
JEditBuffer:0.48
EditingOptionPane:0.27
ModeProperties:0.13666666666666666
