NDArray:0.5741666666666667
ComplexNDArray:0.38333333333333336
NDArrays:0.37666666666666665
UimaSentenceIterator:0.20944444444444446
NDArrayTests:0.19166666666666668
