FeatureSchema:0.83
PostgisFeatureInputStream:0.3333333333333333
PostgisDSConnection:0.27666666666666667
