JSON:0.45166666666666666
SerializeWriter:0.43666666666666665
JSONSerializer:0.25
SerialContext:0.24666666666666667
ASMSerializerFactory:0.21666666666666667
JavaBeanSerializer:0.15333333333333332
ExceptionSerializer:0.06
