MLabel:0.06909107
UI:0.03316474
MAction:0.016458482
