SeqFeatureI:0.83
SeqFeature:0.51
AnnotationEditor:0.41333333333333333
StrandedFeatureSetI:0.26722222222222225
StrandedFeatureSet:0.2633333333333333
