JDBCReverseEngineeringStrategy:0.5166666666666667
SQLUtils:0.47583333333333333
OracleReverseEngineeringStrategy:0.27
