ParcelTarget:0.42
ParcelSecondTarget:0.41333333333333333
ParcelableGeneratorTest:0.36333333333333334
ParcelableIntegrationTest:0.29
ParcelsTestUtil:0.12333333333333334
