MobyViewContainer:0.5013888888888889
MobyViewService:0.45666666666666667
MobyViewServiceType:0.36
