WebRequest:0.5466666666666666
WebClient:0.3933333333333333
HttpWebConnection:0.34
ProxyConfig:0.20666666666666667
SocksSocketFactory:0.11
