Tester:0.7166666666666667
STFTest:0.35333333333333333
InitMusician:0.34
TestSVNStateUpdates:0.26666666666666666
MakeOperationConcurrently:0.20666666666666667
TesterConfigurationInfos:0.157
TestSVNStateInitialization:0.12
