DataLoaderServiceTest:0.5141666666666667
DataLoaderTest:0.4775
TestClassRunnerForParameters:0.39666666666666667
