MessageFramer:0.33
ByteBufInputStream:0.3233333333333333
AbstractBenchmark:0.185
ByteBufOutputMarshaller:0.15333333333333332
ProtoUtils:0.14333333333333334
NanoUtils:0.14
