SeqFeatureI:0.9066666666666666
SeqFeature:0.49
SeqExport:0.44666666666666666
DrawableSeqFeature:0.36666666666666664
SeqExportSelectionListener:0.24166666666666667
AnnotationMenu:0.22666666666666666
FastaActionListener:0.15
