Http2ServerResponseImpl:0.3933333333333333
HttpClientRequestImpl:0.38
VertxHttp2Stream:0.36
HttpClientResponseImpl:0.33
ClientConnection:0.28
VertxHttp2NetSocket:0.2633333333333333
Http2ClientStream:0.23833333333333334
Push:0.22666666666666666
Http2ServerRequestImpl:0.20333333333333334
HttpClientStream:0.19142857142857145
