RColt:0.4
ContingencyTable:0.3933333333333333
RWorkspace:0.38
TestRengine:0.22
TestRWorkspace:0.13333333333333333
FrequencyList:0.10666666666666667
