TestUtils:0.76
OkHttpTransportTest:0.39666666666666667
Http2NettyTest:0.26666666666666666
Http2OkHttpTest:0.24666666666666667
