FragmentMviDelegateImpl:0.5966666666666667
RetainingFragmentContainerActivity:0.4166666666666667
RetainingFragmentContainerActivityTest:0.20666666666666667
SimpleFragmentContainerActivityTest:0.17333333333333334
