MqlNode:0.7327777777777779
SQLUpdate:0.3377777777777778
