RedisConnector:0.6066666666666667
RedisHandleResolver:0.38
TestRedisPlugin:0.21666666666666667
RedisPlugin:0.19111111111111112
RedisSplitManager:0.07666666666666666
RedisRecordSetProvider:0.07666666666666666
