MulticastRegistry:0.39666666666666667
ZookeeperRegistry:0.2875
DubboRegistry:0.28
FailbackRegistry:0.27
AbstractRegistryService:0.27
MockRegistry:0.2683333333333333
SimpleRegistryService:0.25333333333333335
RegistryProtocol:0.23
PerformanceRegistryTest:0.2148232323232323
AbstractRegistry:0.20333333333333334
RegistryService:0.15166666666666667
MulticastRegistryTest:0.14666666666666667
