TextView:0.4866666666666667
Carbon:0.35
EditText:0.3233333333333333
RecyclerView:0.2475
