SqlTaskExecution:0.5066666666666667
DriverFactory:0.48
TestDistributedQueries:0.3433333333333333
InMemoryExchangeSinkOperatorFactory:0.17
