VectorsConfiguration:0.5266666666666666
AbstractElementFactory:0.45666666666666667
ElementPair:0.43333333333333335
