EditableGraphWidget:0.6133333333333333
ActionExecuteLayout:0.511388888888889
