table:0.5519444444444445
MakumbaTestSetup:0.27255555555555555
