TrainingMaster:0.49683333333333335
ParameterAveragingTrainingMaster:0.4
TestSparkComputationGraph:0.36
TestTrainingStatsCollection:0.34
SparkComputationGraph:0.25333333333333335
SparkDl4jMultiLayer:0.25333333333333335
