ShadowView:0.5166666666666667
layout:0.2720555555555556
id:0.2720555555555556
ShadowResources:0.25
ResourcesTest:0.22333333333333333
ViewLoaderTest:0.10666666666666667
ClickActivity:0.03
