OAuth20AccessTokenControllerTests:0.5466666666666666
OAuthUserAuthenticator:0.31333333333333335
DelegatedClientAuthenticationActionTests:0.22666666666666666
