NettyResponseFuture:0.6833333333333333
HttpProtocol:0.2866666666666667
NettyRequestSender:0.2733333333333333
NettyResponseFutures:0.24277777777777781
