Processor:0.31666666666666665
ContactsStrategy:0.28
ExtentsStrategy:0.27
KeywordsStrategy:0.22333333333333333
FindXLinks:0.20333333333333334
FormatsStrategy:0.17333333333333334
