Magnifier:0.6854444444444444
MagnifierFactory:0.25666666666666665
