MetricsRegistry:0.83
MetricsRegistryImpl:0.5733333333333334
PeriodicStatistics:0.27666666666666667
