DefaultProperties:0.38
MSCursorResultSet:0.37333333333333335
Driver:0.3383333333333333
TdsCore:0.3
ConnectionJDBC2:0.3
JtdsDataSource:0.25333333333333335
JtdsPreparedStatement:0.24444444444444446
JtdsStatement:0.24
DefaultPropertiesTestLibrary:0.15166666666666667
JtdsObjectFactory:0.11
DriverUnitTest:0.10666666666666667
