Server:0.7233333333333334
ModelBasedTripleGenerator:0.4633333333333333
ResourceIndexRebuilder:0.34
ResourceIndexModule:0.2866666666666667
