ConcurrentMapManager:0.5233333333333333
Packet:0.42
Record:0.4033333333333333
Entries:0.3566666666666667
MAdd:0.33666666666666667
ThreadContext:0.31666666666666665
Block:0.30666666666666664
CMap:0.29
BufferUtil:0.27
ClusterService:0.24833333333333332
MRemove:0.24
TestApp:0.24
BaseManager:0.23666666666666666
MultiMap:0.22337301587301586
ListenerManager:0.22333333333333333
CollectionProxy:0.21666666666666667
MPutMulti:0.21611111111111114
FactoryImpl:0.21333333333333335
TransactionImpl:0.2122222222222222
KeyValue:0.20666666666666667
SimpleDataEntry:0.19
MProxy:0.19
MPut:0.18666666666666668
MultiMapProxy:0.17333333333333334
TargetAwareOp:0.15976190476190477
AddressPicker:0.15333333333333332
MBackupSync:0.14333333333333334
TopicInstance:0.14333333333333334
BlockBackupSyncRunner:0.10333333333333333
MRemoveItem:0.09666666666666666
EventTask:0.07333333333333333
Pairs:0.04
DefaultPacketProcessor:0.016666666666666666
MIterate:0.013333333333333334
ConcurrentMapOperations:0.0
