CollectionAgent:0.6566666666666666
SnmpCollectionSet:0.41
SnmpCollector:0.37166666666666665
DefaultCollectionAgent:0.21333333333333335
ObjIdMonitor:0.15333333333333332
IfNumberTracker:0.043333333333333335
SysUpTimeTracker:0.043333333333333335
