AbstractBundleXmlApplicationContext:0.5883333333333334
VirtualBundleFactoryBean:0.4266666666666667
NamespacePlugins:0.285
