GaReflectUtils:0.5858333333333333
DefaultReflectAdviceTracingListenerAdapter:0.22333333333333333
DefaultReflectAdviceListenerAdapter:0.22333333333333333
TraceCommand:0.15
