Condition:0.7105555555555555
FlexibleDateParser:0.5577777777777777
