RubyScript:0.39666666666666667
BufferManager:0.2866666666666667
RubyCore:0.2633333333333333
DefaultWorkingCopyOwner:0.2605555555555556
WorkingCopyManager:0.2394444444444445
RubyPlugin:0.21333333333333335
DocumentAdapter:0.21305555555555558
RubyAbstractEditor:0.17666666666666667
