ActivityLogEntry:0.5400000000000001
Util:0.37666666666666665
ApplicationEntityManagerImpl:0.3566666666666667
DefaultReports:0.31
ToolsBeanRemote:0.24151587301587307
BusinessEntityManagerImpl:0.22333333333333333
ToolsController:0.056666666666666664
ToolsBean:0.023333333333333334
