MemberImpl:0.5833333333333334
Member:0.5566666666666666
IOUtil:0.27666666666666667
MemberAttributeConfig:0.2733333333333333
MemberAttributeEvent:0.2066666666666667
ClientMembershipEvent:0.20333333333333334
ClientMemberAttributeTest:0.18333333333333332
MemberAttributeTest:0.18
ClusterListenerThread:0.17666666666666667
AddMembershipListenerRequest:0.13
