Util:0.66
AccuRevRepository:0.38666666666666666
JFlexXref:0.33
Ctags:0.23333333333333334
AccuRevHistoryParser:0.1811111111111111
