JcpSelection:0.6922222222222222
CreateSmilesAction:0.26311111111111113
