ConvertUtils:0.5933333333333334
BslaLibraryUtils:0.3566666666666667
MinuteProjectUtils:0.34
