DrawableFeatureSet:0.5133333333333333
StrandedZoomableApolloPanel:0.35
ApolloPanel:0.3333333333333333
CORBAAdapter:0.26666666666666666
GFFAdapter:0.25333333333333335
TestLoader:0.21
SerialDiskAdapter:0.19666666666666668
