RasterImageLayer:0.7
RasterColorEditorPanel:0.4066666666666667
WarpImageToFencePlugIn:0.3233333333333333
RasterColorEditor:0.21444444444444447
