MigrationInfo:0.41333333333333333
MigrationRequestOperation:0.37333333333333335
MigrationOperation:0.37
MapConfig:0.32
QueueService:0.29
PartitionService:0.26
MigrationServiceEvent:0.25666666666666665
MigrationEventOperation:0.23333333333333334
PartitionStateGeneratorImpl:0.21666666666666667
MapService:0.20083333333333334
MapMigrationOperation:0.18333333333333332
Migrator:0.18166666666666667
FinalizeMigrationOperation:0.12333333333333334
