GoogleToken:0.4066666666666667
OAuth2AccessTokenJsonExtractor:0.3333333333333333
OAuth2AccessTokenExtractorTest:0.31666666666666665
GoogleJsonTokenExtractor:0.22666666666666666
OAuth2AccessTokenExtractor:0.22333333333333333
