Response:0.7133333333333334
NettyAsyncHttpProvider:0.3233333333333333
NettyResponseFuture:0.31666666666666665
NettyAsyncResponse:0.27666666666666667
RequestImpl:0.23333333333333334
Relative302Test:0.20666666666666667
ResponseBodyPart:0.17666666666666667
HttpResponseStatus:0.16333333333333333
HttpContent:0.15333333333333332
ResponseHeaders:0.13666666666666666
HttpResponseHeaders:0.1
ResponseStatus:0.0911111111111111
HttpResponseBodyPart:0.02
