Array:0.7383333333333333
ReflectionCacheSourceCreator:0.44
LwjglDebugStarter:0.2
TextButtonTest:0.17666666666666667
