HttpEngine:0.5566666666666666
InterceptorTest:0.33666666666666667
RealCall:0.31333333333333335
Http1xStream:0.18666666666666668
Http2xStream:0.18
CallServerInterceptor:0.16333333333333333
RetryAndFollowUpInterceptor:0.1288333333333333
