Poller:0.5966666666666667
DefaultPollerFrontEnd:0.49
ServerUnreachableAdaptor:0.28
Main:0.26666666666666666
