Workbench:0.7883333333333333
ViewDockable:0.37666666666666665
ContextHook:0.30666666666666664
