JobRepository:0.7666666666666667
SimpleJobRepository:0.32
AbstractStep:0.3
SimpleJobRepositoryIntegrationTests:0.2833333333333333
ItemOrientedStep:0.24666666666666667
StubStep:0.19
SimpleJobRepositoryTests:0.16666666666666666
JobRepositorySupport:0.14416666666666667
MessageOrientedStep:0.14333333333333334
