MockServiceReference:0.6766666666666666
MockBundleContext:0.39666666666666667
MockServiceRegistration:0.2833333333333333
