Breakpoint:0.64
BreakpointEditor:0.38666666666666666
BreakpointHit:0.2966666666666667
DebuggerPane:0.17166666666666666
