AbstractDateTime:0.6188888888888888
CalendarConverter:0.26166666666666666
DateConverter:0.22333333333333333
