AtomPlacer:0.43
FragmentAtom:0.4066666666666667
Renderer2DModel:0.3933333333333333
AbstractRenderer2D:0.28
AbstractController2D:0.27
