DeliveriesTest:0.535
CarriersTest:0.3933333333333333
Products2Test:0.36666666666666664
