HTTPCommunicator:0.48333333333333334
RestTest:0.3566666666666667
MemcacheTest:0.31
TextReadHandler:0.25666666666666665
ConnectionResponse:0.19894444444444442
