Execution:0.45666666666666667
DataEnvironment:0.36333333333333334
Compiler:0.27
DataScope:0.2611111111111111
TimeStamp:0.19
AbstractVirtualMachine:0.16333333333333333
DataHistory:0.15
DataTimeline:0.03666666666666667
