User:0.6133333333333333
UserBuilder:0.26666666666666666
InMemoryUserDetailsManager:0.2569285714285714
UserDetailsBuilder:0.23666666666666666
SecurityConfig:0.10333333333333333
