TimerAction:0.64
PropertiesView:0.37333333333333335
JpdlSerializer_3_2:0.35333333333333333
WaitState:0.34
TimerActionPropertyDescriptor:0.2537777777777778
ITimed:0.23644444444444446
TimerActionEditDialog:0.19666666666666666
WaitStateFigure:0.17
