UserAccountNotActiveException:0.7666666666666667
AuthenticationManagerImpl:0.44
ZoneAwareLocalAuthenticationProviderImpl:0.18
DigestBasedHardAuthenticationFilter:0.16333333333333333
DigestBasedSoftAuthenticationFilter:0.16333333333333333
AuthenticationBridge:0.13333333333333333
