ByteUtils:0.5433333333333333
VR:0.49666666666666665
DicomInputStream:0.46
TransferSyntax:0.28
FD:0.22666666666666666
DicomOutputStream:0.22
FL:0.17
DicomObjectTest:0.16666666666666666
DicomInputStreamTest:0.14
SAXWriterTest:0.14
AT:0.11444444444444443
IntVR:0.11333333333333333
ContentHandlerAdapterTest:0.11
DicomDirReaderTest:0.10333333333333333
DicomOutputStreamTest:0.08
ShortVR:0.08
TranscoderInputHandler:0.013333333333333334
SAXReader:0.0
