BandwidthController:0.8133333333333334
UploadEngine:0.5533333333333333
