StatementGeneratorTest:0.45
Autoboxer:0.3333333333333333
CastExpression:0.32666666666666666
CastResolver:0.3
AutoboxerTest:0.25
