Action2:0.7466666666666667
EditSource:0.2866666666666667
BasicEditor:0.18666666666666668
Edit:0.15666666666666668
Del:0.13538888888888886
Add:0.0825
