GwtApplication:0.6016666666666667
GwtTest:0.31333333333333335
AssetsFileGenerator:0.2816666666666667
