AssetManager:0.5033333333333333
BaseBulletTest:0.33
TextureLoader:0.23347619047619048
GdxBuild:0.22
QuickSelect:0.19
IOSRobovmTests:0.14466666666666667
