Configuration:0.43333333333333335
IKSegmenter:0.4066666666666667
IKAnalyzer:0.34
IKTokenizer:0.31666666666666665
ConfiguredExampleModule:0.27051984126984113
IkAnalysisBinderProcessor:0.18333333333333332
IkAnalyzerProvider:0.17
SWMCQueryBuilder:0.13666666666666666
IkTokenizerFactory:0.12333333333333334
AnalysisIkPlugin:0.11666666666666667
LuceneIndexAndSearchDemo:0.09
