List:0.81
DataCollection:0.55
Tool:0.5358333333333334
DAMLAdapter:0.53
NodeUtil:0.51
PropertyClass:0.42333333333333334
NodeImpl:0.37333333333333335
ClassSignature:0.3566666666666667
TypeClass:0.35333333333333333
SCHEMA:0.34
RestrictionClass:0.33666666666666667
GO:0.31333333333333335
AbstractDatatype:0.2733333333333333
Region:0.26666666666666666
ListImpl:0.26666666666666666
NodePropertyValue:0.24666666666666667
DAMLAdapterGUI:0.24666666666666667
Positionable:0.24666666666666667
Controller:0.24
RegionEditor:0.23666666666666666
DefaultOperationModel:0.22666666666666666
DataCollectionImpl:0.22222222222222218
DefaultEditorKit:0.20666666666666667
DefaultTreeModel:0.20333333333333334
AddHistoryItem:0.20333333333333334
DefaultGestureRecognizer:0.19333333333333333
NodeClassImpl:0.19333333333333333
PenTool:0.19
EditorKit:0.18666666666666668
GOFlatFileAdapter:0.18666666666666668
PropertyImpl:0.18366666666666664
IDWrapper:0.18333333333333332
Arrow:0.17666666666666667
DefaultMenuFactory:0.17333333333333334
PrimitiveTypeClass:0.14944444444444444
CoreMenuNameResolver:0.14833333333333334
DefaultMenuNameResolver:0.14666666666666667
GOMenuNameResolver:0.13833333333333334
GraphTree:0.13
CustomParser:0.11666666666666667
Initializer:0.10888888888888888
ImageTreeModel:0.09833333333333333
ScaleItem:0.08700000000000001
ShapeCreationItem:0.08166666666666665
AddPointItem:0.08
PointTranslationItem:0.07166666666666667
TranslationItem:0.07166666666666667
PointRangeDeleteItem:0.06833333333333333
ListIndexProperty:0.06
CoreNameResolver:0.056666666666666664
SelectTool:0.04666666666666667
ZoomTool:0.045
IntegerType:0.04
ListClass:0.035
ImageEditor:0.01
ImageEditorFactory:0.0033333333333333335
DoubleType:0.0033333333333333335
ImageMenuNameResolver:0.0025
ListInsertItem:0.0
