Writer:0.7366666666666667
Utility:0.45
WhenThingsGoWrongTests:0.17666666666666667
Compiler:0.1225
