GraphModMine:0.8333333333333334
DataAdapterManager:0.4033333333333333
ModMineAdapter:0.36
