MongoCollectionImpl:0.4766666666666667
DBCursor:0.47333333333333333
FindOptions:0.37333333333333335
MongoCollection:0.35
