MultiLayerNetwork:0.7666666666666667
TestOptimizers:0.30333333333333334
BackPropMLPTest:0.30333333333333334
StochasticGradientDescent:0.2277777777777778
NegativeDefaultStepFunction:0.2188888888888889
IrisUtils:0.14
