Manager:0.77
NetworkManager:0.32383333333333336
HostManager:0.32
QueryHistoryMonitor:0.2633333333333333
MsgManager:0.25333333333333335
Environment:0.25333333333333335
SwarmingManager:0.24
UploadManager:0.23026190476190475
ChatManager:0.22476190476190477
QueryManager:0.22333333333333333
ExitPhexAction:0.19333333333333333
ShareManager:0.19
