AEnv:0.47
AssociationStore:0.36
XendrianPlugin:0.2966666666666667
ProcessCtl:0.2833333333333333
PrintServerCreator:0.24777777777777782
IAssociationStore:0.24166666666666667
PluginManager:0.23833333333333334
AMenu:0.23333333333333334
VCreditMemoGen:0.21216666666666667
PrintServerStep:0.19
PrintHandler:0.17333333333333334
RuleXMLParser:0.13333333333333333
PrintFormatXMLParser:0.12
PrintServerWizardLauncher:0.10666666666666667
PrintRenderer:0.1
PrintConstants:0.0
