AxiomSoapFault:0.45666666666666667
SoapElement:0.44666666666666666
AxiomSoapHeader:0.35333333333333333
AxiomSoapHeaderElement:0.32
AxiomSoapBody:0.30333333333333334
AxiomSoap11Fault:0.24
AxiomSoapFaultDetail:0.23333333333333334
SaajImplementation:0.20083333333333334
AxiomSoapFaultDetailElement:0.19666666666666666
AxiomSoap11Body:0.18
AxiomSoap12Fault:0.17666666666666667
AxiomSoap12Body:0.17333333333333334
Saaj13Implementation:0.17
AxiomSoap12Header:0.17
AxiomSoapHeaderElementIterator:0.14166666666666666
AxiomSoapFaultDetailElementIterator:0.14
AbstractSoapHeaderTestCase:0.13
AbstractSoapBodyTestCase:0.13
AxiomSoapEnvelope:0.12333333333333334
SaajSoapElement:0.11666666666666667
Saaj12Implementation:0.10666666666666667
Saaj11Implementation:0.10666666666666667
AbstractSoapEnvelopeTestCase:0.056666666666666664
AbstractSoapElementTestCase:0.05
AxiomSoapElement:0.03
SoapElementException:0.016666666666666666
SaajSoapElementException:0.013333333333333334
AxiomSoapElementException:0.013333333333333334
