AttributeConverterSqlTypeDescriptorAdapter:0.7080000000000001
SimpleValue:0.38333333333333336
