FlowExecutionException:0.5522222222222222
FlowExecutionManager:0.4533333333333333
FlowExecutionImpl:0.38
FlowExecutionStorageException:0.24333333333333335
