LazyEntryView:0.46416666666666667
SimpleEntryView:0.4216666666666667
RecordInfo:0.33
