JFXEditorOverlay:0.8066666666666666
JFXEditorLayerManager:0.2833333333333333
