XmlFileBuilder:0.4066666666666667
LayoutInflaterTest:0.4044444444444445
layout:0.0
