FederationClasses:0.7833333333333333
JUTestFederation:0.2733333333333333
