JaasAuthenticationProvider:0.7133333333333334
LoginExceptionResolver:0.5612142857142858
DefaultLoginExceptionResolver:0.30133333333333334
