RequestUtil:0.42
WmcServlet:0.4166666666666667
HttpProxyServlet:0.31333333333333335
ServletConfigUtil:0.23
