RemoteBackgroundJob:0.4533333333333333
JobManager:0.39
WebserviceBean:0.35
KuwaibaService:0.32666666666666666
WebserviceBeanRemote:0.2866666666666667
