Blend:0.5566666666666666
ImageEditorCore:0.5
NoteWidget:0.4633333333333333
