Aeron:0.44
PubAndSubTest:0.25
SubUnicastTest:0.21333333333333335
SubMulticastTest:0.21333333333333335
AeronTest:0.20333333333333334
ExampleUtil:0.19333333333333333
PubMulticastTest:0.16333333333333333
PubUnicastTest:0.16333333333333333
