Extruder:0.7366666666666667
Reprap:0.28
NullExtruder:0.2633333333333333
GenericExtruder:0.2633333333333333
Panel3D:0.2475
Previewer:0.21661111111111112
NullCartesianMachine:0.21
PreviewPanel:0.2
LinePrinter:0.14666666666666667
PreviewWindow:0.09
