SubclassDynamicTypeBuilder:0.46
ByteBuddyCommonsTest:0.3433333333333333
MethodToken:0.31666666666666665
MethodDelegationOriginTest:0.21
OriginBinderTest:0.12666666666666668
ByteBuddyCommons:0.09
OriginString:0.008981481481481483
