DefaultAsyncHttpClient:0.7482777777777778
RequestBuilderTest:0.39555555555555555
