ConfigurationHolder:0.7466666666666667
EjbcaConfiguration:0.5533333333333333
EjbcaConfigurationHolder:0.5033333333333333
InternalConfiguration:0.20666666666666667
CmpConfiguration:0.19333333333333333
XkmsConfiguration:0.19
RequestInstance:0.18
WebConfiguration:0.18
ConfigurationSessionBean:0.16
WebServiceConfiguration:0.15
CertificateCacheTest:0.12
MailConfiguration:0.11333333333333333
ExtendedKeyUsageConfiguration:0.11
DatabaseConfiguration:0.09333333333333334
LogConfiguration:0.08666666666666667
