Language:0.8066666666666666
TableViewAdapter:0.4726666666666667
