Layer:0.61
LongestPathLA:0.35333333333333333
LayerImpl:0.18333333333333332
Assignment:0.18
HierarchicalLayoutAlgorithm:0.16666666666666666
LayerByLayerSweepCR:0.12583333333333332
Connection:0.05333333333333334
