FlowExecution:0.6466666666666666
FlowExecutionImpl:0.39
ContinuationFlowExecutionRepository:0.33666666666666667
Conversation:0.19666666666666666
ContinuationFlowExecutionRepositoryCreator:0.19333333333333333
AbstractFlowExecutionRepository:0.17333333333333334
ContinuationFlowExecutionRepositoryFactory:0.10333333333333333
