SizeableFutureFilter:0.32666666666666666
FilterUtil:0.3
FileLocationMgtFilter:0.2568095238095238
DicomFilter:0.215
UrlServletResponseItem:0.18666666666666668
DicomImageFilter:0.17666666666666667
