DynamoDBMapper:0.5633333333333334
DynamoDBScanExpression:0.37
DynamoDBQueryExpression:0.24
ScanResultPage:0.09333333333333334
QueryResultPage:0.09333333333333334
