LocalUserAdminSessionBean:0.43666666666666665
LocalRaAdminSessionBean:0.4266666666666667
LocalUserDataSourceSessionBean:0.3433333333333333
