WriteConcern:0.7966666666666666
SingleChannelMongoOperations:0.42333333333333334
CommandResult:0.32
SingleChannelMongoClient:0.2966666666666667
