Messages:0.6653333333333334
WarningMessage:0.2833333333333333
Warning:0.0
