Node:0.5833333333333334
Element:0.4033333333333333
TextNode:0.21333333333333335
Comment:0.15333333333333332
XmlDeclaration:0.15333333333333332
ElementTest:0.13333333333333333
