Interpreter:0.5466666666666666
CommandLineParser:0.5316666666666666
