CoreDao:0.7933333333333333
CoreDaoImpl:0.3433333333333333
BinderModuleImpl:0.34
ProfileDaoImpl:0.34
