QueryShardContext:0.83
SortBuilder:0.36866666666666664
AbstractSortTestCase:0.2633333333333333
