PersonConfig:0.4033333333333333
CropType:0.32
Farming:0.30333333333333334
PhysicalCondition:0.27666666666666667
Cooking:0.2525
Crop:0.24666666666666667
CropConfig:0.15666666666666668
