Mol2Writer:0.7771111111111112
CDKHueckelAromaticityDetector:0.43833333333333335
