JUnit5TestEngine:0.6466666666666666
DummyTestEngine:0.45666666666666667
