Py:0.67
imp:0.49333333333333335
parser:0.35333333333333333
codeop:0.15
CommandLineOptions:0.13888888888888887
jython:0.13
CompilerFlags:0.03666666666666667
