ASTParserLoadingTest:0.6777777777777778
Constraint:0.5766666666666667
