AndroidGraphics:0.47333333333333333
AndroidGL30:0.45666666666666667
LwjglGL30:0.41333333333333333
Lwjgl3GL30:0.41333333333333333
