DicomDirWriter:0.44
DicomDirReader:0.41333333333333333
FilesetInformation:0.3933333333333333
FileMetaInformation:0.38333333333333336
