ReportFlashList:0.5266666666666666
ReportToDo:0.4683333333333333
ReportDemography:0.3055555555555556
