SystemProperties:0.6066666666666667
GrammarModel:0.45666666666666667
DefaultFileSystemStore:0.29
PutPropertiesEdit:0.23333333333333334
ControlAttributeParametersTest:0.10666666666666667
ControlVariablesTest:0.10666666666666667
