Association:0.8440873015873016
AssociationImpl:0.43333333333333335
FsmImpl:0.4066666666666667
