RepairEmergencyMalfunction:0.5133333333333333
RepairMalfunction:0.4033333333333333
EVAOperation:0.4033333333333333
RepairEmergencyMalfunctionEVA:0.38
RepairEVAMalfunction:0.26
TaskManager:0.20333333333333334
Technician:0.1811111111111111
