Daos:0.5133333333333333
JdbcExpert:0.41002777777777777
AbstractJdbcExpert:0.32666666666666666
QueryTest:0.31666666666666665
OracleJdbcExpert:0.25333333333333335
Sqlserver2005JdbcExpert:0.16333333333333333
CallbackTest:0.15666666666666668
