ZooKeeperMasterModel:0.5333333333333333
HostInfoReporter:0.25333333333333335
Update:0.20583333333333334
AgentZooKeeperRegistrar:0.14666666666666667
ZooKeeperNodeUpdater:0.12666666666666668
NodeUpdater:0.013333333333333334
