MainMenuBar:0.39666666666666667
FavouritesAddTaskAction:0.32380952380952377
FavouritesRemoveTaskAction:0.32380952380952377
TreePopupMenu:0.31
ChooseFileToOpenPanel:0.2633333333333333
RemoveFromFavouritesAction:0.12333333333333334
