TypeReconstructor:0.5866666666666667
TypePanel:0.44
CreateButtonListener:0.18333333333333332
