Block:0.5833333333333334
Script:0.49
NetworkParameters:0.26
FullPrunedBlockChain:0.24
AbstractBlockChain:0.2
ScriptTest:0.2
BlockTest:0.18
CoinbaseBlockTest:0.10666666666666667
LocalTransactionSigner:0.09333333333333334
