DocumentManager:0.63
LayoutFrame:0.38666666666666666
Decomposition:0.23
PrintLayoutPlugin:0.15666666666666668
RulerOverlay:0.12666666666666668
RulerAction:0.016666666666666666
