WebUrlUtil:0.8533333333333334
Constants:0.39533333333333337
MarkupUtil:0.26
