ToolStageInjector:0.6333333333333333
InjectorBuilder:0.42333333333333334
InjectorTest:0.36666666666666664
