ManyToOneRingBuffer:0.6505555555555557
ManyToOneRingBufferTest:0.245
MediaConductorTest:0.23333333333333334
