StatementGenerator:0.7116666666666667
StatementGeneratorTest:0.36333333333333334
