FunctionRegistry:0.5188888888888888
ArrayConcatFunction:0.49
ArrayConcatUtils:0.45666666666666667
