RestAssured:0.5133333333333333
SSLConfig:0.38333333333333336
CertificateAuthSettings:0.38333333333333336
SSLITest:0.24333333333333335
