Future:0.41333333333333333
CompositeFuture:0.36249999999999993
CompositeFutureImpl:0.36
FutureTest:0.31
FutureImpl:0.26666666666666666
