TestControllers:0.7953333333333333
SentenceSplitter:0.5616666666666666
