AspectParseData:0.5033333333333333
RegExprLabelParser:0.27666666666666667
LabelParser:0.24587301587301585
CreatorParser:0.12
FreeLabelParser:0.10666666666666667
EraserParser:0.08666666666666667
NodeTypeLabelParser:0.07666666666666666
