TC_DebuggerCommunicationTest:0.5366666666666666
TS_Debug:0.31
TC_NonBlockingSocketReader:0.23666666666666666
