ProjectControllerMBean:0.7911111111111111
ProjectController:0.6916666666666668
