NettyClientStreamTest:0.38333333333333336
TestServiceServer:0.26
NettyServerStreamTest:0.22
Http2OkHttpTest:0.20333333333333334
TestServiceClient:0.18333333333333332
NettyServerHandlerTest:0.18333333333333332
OkHttpClientTransportTest:0.17
