DefaultArgumentsAccessor:0.5833333333333334
Person:0.24666666666666667
AggregatorTests:0.18666666666666668
ParameterizedTestParameterResolver:0.18666666666666668
MapAggregator:0.07611111111111112
