PlatformColumn:0.5933333333333334
AbstractDdlBuilder:0.43
AbstractJdbcDdlReader:0.2633333333333333
DatabaseXmlUtil:0.23666666666666666
H2DdlReader:0.15
H2DdlTypesTest:0.13666666666666666
