Jedis:0.6933333333333334
JedisCommands:0.35
ShardedJedis:0.19666666666666666
