CertTools:0.49666666666666665
CertToolsTest:0.38333333333333336
X509CA:0.34
PrintableStringNameStyle:0.16666666666666666
