Configuration:0.5683333333333334
RuntimeEnvironment:0.5
FileHistoryCache:0.3
RuntimeEnvironmentTest:0.23666666666666666
FileHistoryCacheTest:0.09666666666666666
