JdbcSqlTemplate:0.5966666666666667
AseJdbcSqlTemplate:0.25666666666666665
SqlAnywhereJdbcSqlTemplate:0.25333333333333335
SqlAnywhereDdlReader:0.20277777777777778
SqlAnywhereDatabasePlatform:0.19666666666666666
AseDatabasePlatform:0.17
