PlainComponent:0.7566666666666667
SanityCheckTest:0.23
AuditedDynamicComponentsAdvancedCasesTest:0.18333333333333332
