ProcessLogDAO:0.7466666666666667
CreateAggregatedLogsTables:0.45361111111111113
