AcknowledgeService:0.47
PushService:0.32
HttpTransportManager:0.31666666666666665
WebConstants:0.24444444444444444
MockTransportManager:0.22333333333333333
InternalTransportManager:0.22333333333333333
ITransportManager:0.12666666666666668
AbstractTransportManager:0.12333333333333334
AckServlet:0.08
