Config:0.79
TransactionXMLAdapter:0.37666666666666665
GAMEAdapter:0.3
ChadoTransactionTransformer:0.21
NoChildException:0.10838095238095237
SubpartException:0.023055555555555555
