ExecutionPolicy:0.6
ScriptedPolicy:0.27
AbstractClientJob:0.24333333333333335
NotRule:0.22833333333333333
TestScriptedPolicy:0.21333333333333335
TaskQueueChecker:0.19
PolicyContext:0.13666666666666666
Preference:0.10333333333333333
LogicalRule:0.09666666666666666
TestExecutionPolicy:0.01
