Indi:0.4666666666666667
Gedcom:0.45666666666666667
Fam:0.45
Model:0.2833333333333333
TableView:0.25666666666666665
EditView:0.25666666666666665
TreeModel:0.23333333333333334
GedcomReader:0.21666666666666667
GedcomWriter:0.21666666666666667
EditViewFactory:0.20666666666666667
TreeView:0.205
ReportImportDatabase:0.20333333333333334
PropertyIndi:0.19666666666666666
Note:0.19666666666666666
MatchModel:0.19666666666666666
Source:0.19333333333333333
Submitter:0.19333333333333333
Media:0.19333333333333333
Repository:0.19333333333333333
PropertyNote:0.19
ReportMakeHTMLTable:0.19
ReportGedcomStatistics:0.17666666666666667
ReportAppletDetails:0.17333333333333334
PropertyChild:0.16666666666666666
ProxySex:0.16
PropertyFamilySpouse:0.14666666666666667
PropertySubmitter:0.14333333333333334
PropertySource:0.14333333333333334
PropertyRepository:0.14333333333333334
PropertyMedia:0.14333333333333334
EntityViewSettings:0.14
PropertyFamilyChild:0.13977777777777778
PropertyHusband:0.13977777777777778
PropertyWife:0.13977777777777778
TableViewSettings:0.13666666666666666
ProxyEntity:0.13666666666666666
NavigatorView:0.13
ReportEarliestAncestor:0.12333333333333334
IDMap:0.11833333333333333
