Processor:0.5933333333333334
XslProcessing:0.4766666666666667
MassiveXslMetadataReindexer:0.3933333333333333
Harvester:0.3333333333333333
