Word2Vec:0.5833333333333334
Word2VecLoaderTest:0.3433333333333333
UimaSentenceIterator:0.31
FileCorpusBreaker:0.28
UimaTokenizerFactory:0.21333333333333335
FileCorpusBreakerTest:0.14
UimaTokenizer:0.11333333333333333
LabelAwareUimaSentenceIterator:0.05333333333333334
