SenderThread:0.7309920634920635
MediaDriverAdminThread:0.4522222222222222
SrcFrameHandler:0.41333333333333333
