OAuth2LoginAuthenticationFilter:0.45666666666666667
OAuth2AuthorizationRequestRedirectFilter:0.4166666666666667
OAuth2LoginAuthenticationFilterTests:0.3
OAuth2LoginConfigurer:0.27666666666666667
OAuth2AuthorizationRequestRedirectFilterTests:0.22333333333333333
ImplicitGrantConfigurer:0.14333333333333334
