EntryListener:0.71
IMap:0.6466666666666666
MapServiceContextEventListenerSupport:0.28833333333333333
MapService:0.28
IssuesTest:0.23666666666666666
AbstractMapServiceContextSupport:0.22
AddEntryListenerRequest:0.21666666666666667
ClientMapProxy:0.19333333333333333
MapEventPublishingService:0.17
MapProxySupport:0.16666666666666666
AbstractMapAddEntryListenerRequest:0.15333333333333332
MapProxyImpl:0.11
ClientMapEventHandler:0.051666666666666666
