ClassConfiguration:0.6733333333333333
JavaScriptEngine:0.4266666666666667
AbstractJavaScriptConfiguration:0.3433333333333333
Notification:0.15666666666666668
