CompositeRunner:0.7833333333333333
ErrorReportingRequest:0.2833333333333333
Suite:0.27
ClassesRequest:0.25333333333333335
