Common:0.6114047619047619
ArticleProcessor:0.4866666666666667
LoginProcessor:0.28
UpdateProfilesValidation:0.20666666666666667
ErrorProcessor:0.12333333333333334
