Helper:0.49666666666666665
RestMethodInfo:0.4
RequestBuilder:0.29
RequestFacade:0.20077777777777778
