PopupMenuArrowAnimation:0.6916666666666667
MButton:0.6666666666666666
DayButton:0.32666666666666666
StaticHoverTimeline:0.2111111111111111
StaticRolloverHandler:0.14333333333333334
