Corpus:0.5394444444444443
SimpleCorpus:0.4766666666666667
