AbstractServletContextInitializer:0.7336666666666667
HostNameSpnegoKnownClientSystemsFilterAction:0.5439722222222223
