TestCls:0.77
EncValueParser:0.38333333333333336
AbstractTest:0.2966666666666667
TestAnnotations:0.14
