PseudoEpsgFactory:0.51
TransformTestCase:0.43
SamplePoints:0.35333333333333333
MathTransformTest:0.25666666666666665
