PredicatesTest:0.4
ShouldExecuteOncePredicate:0.28
AbstractPredicate:0.2733333333333333
TestPredicate:0.26666666666666666
FalsePredicate:0.21666666666666667
