Model:0.9
Console:0.47
ConsoleConfig:0.44333333333333336
EnumProperty:0.2733333333333333
