ModifyNetFolderDlg:0.43666666666666665
GwtMainPage:0.3933333333333333
EditBrandingDlg:0.37
AdminControl:0.30333333333333334
ManageNetFoldersDlg:0.22333333333333333
