ReferenceChecker:0.6866666666666666
MakumbaToolsControllerHandler:0.24369841269841275
