GrammarAST:0.45
GrammarASTAdaptor:0.29
AltAST:0.22666666666666666
TerminalAST:0.22666666666666666
ActionAST:0.22666666666666666
GrammarASTVisitor:0.15083333333333335
GrammarRootAST:0.13855555555555554
BlockAST:0.13855555555555554
TreePatternAST:0.09666666666666666
PredAST:0.09
DownAST:0.07333333333333333
UpAST:0.07333333333333333
