Algebra:0.79
Signature:0.6266666666666667
Expression:0.5
Constant:0.48
ValueNode:0.45666666666666667
Operator:0.44
VariableNode:0.43333333333333335
Const:0.38666666666666666
Aspect:0.38
Variable:0.33666666666666667
HostFactory:0.29333333333333333
AspectGraph:0.2833333333333333
IntSignature:0.27166666666666667
Assignment:0.25333333333333335
Parameter:0.24666666666666667
Operation:0.24
AbstractStringAlgebra:0.235
AbstractBoolAlgebra:0.235
ReteNetwork:0.23333333333333334
ExprTree:0.23333333333333334
Algebras:0.23
RealSignature:0.23
AbstractRuleEvent:0.23
LabelPattern:0.22666666666666666
STS:0.22666666666666666
PointIntAlgebra:0.22666666666666666
ValueNodeChecker:0.22666666666666666
PointStringAlgebra:0.22333333333333333
AlgebraTest:0.22
FieldExpr:0.21666666666666667
AspectEdge:0.21666666666666667
StringSignature:0.21166666666666667
BoolSignature:0.21166666666666667
QuantifierCountChecker:0.21
GrammarProperties:0.21
PointBoolAlgebra:0.21
JavaIntAlgebra:0.20666666666666667
HostModel:0.20666666666666667
STSTest:0.20666666666666667
PointRealAlgebra:0.19666666666666666
BigIntAlgebra:0.19166666666666668
BigRealAlgebra:0.19
JavaRealAlgebra:0.19
Level2:0.18666666666666668
DefaultHostGraph:0.18422222222222223
CallExpr:0.18
ValueNodeSearchItem:0.18
TermBoolAlgebra:0.17333333333333334
TermStringAlgebra:0.17333333333333334
TermIntAlgebra:0.17
GrooveToInstance:0.17
TermRealAlgebra:0.16666666666666666
RuleFactory:0.16666666666666666
GraphConverter:0.16444444444444445
QuantifierRecord:0.15666666666666668
PointAlgebraTest:0.14666666666666667
LabelPatternTest:0.14333333333333334
ColImporter:0.14333333333333334
DataOperatorChecker:0.13333333333333333
NonFinalAlgebraTest:0.12666666666666668
RuleInspector:0.12166666666666667
ValueQueryRecord:0.08666666666666667
IntAlgebra:0.06
ExprTreeAdaptor:0.03
BoolAlgebra:0.025
StringAlgebra:0.025
RealAlgebra:0.025
OpValue:0.006666666666666667
Keywords:0.0
