AWSAuthConnection:0.7033333333333334
AmazonS3Storage:0.24333333333333335
