ImportManager:0.4766666666666667
PatternsProcessor:0.37
$:0.21333333333333335
Elements:0.19
Generator:0.16333333333333333
