FWAction:0.6133333333333333
ActionChangedListener:0.23444444444444448
FWToogleAction:0.22
FWToolBar:0.22
ToogleTabViewAction:0.06
