PrinterService:0.5
PrinterServiceMBean:0.4658333333333333
PrintScpService:0.3933333333333333
GrayStep:0.2733333333333333
PrintScpServiceMBean:0.2546666666666667
ScannerCalibration:0.14
PrinterCalibration:0.11666666666666667
