Resolver:0.59
ComponentReference:0.5166666666666667
Script:0.48333333333333334
ScriptEditor:0.3933333333333333
TextField:0.3333333333333333
ScriptTestCollector:0.32611111111111113
StepEditor:0.2966666666666667
ComponentReferenceTest:0.2866666666666667
ComponentTestFixtureTest:0.28
Bugs:0.26666666666666666
ComponentBrowser:0.2633333333333333
ComponentTesterTest:0.22
Decorator:0.21
BugsTest:0.20666666666666667
EditorAction:0.18333333333333332
AssertEditor:0.18
HierarchyWriter:0.13666666666666666
ScriptTestCollectorTest:0.13
StepEditorTest:0.12666666666666668
AbstractComponentDecoratorTest:0.08333333333333333
AbstractComponentDecorator:0.04666666666666667
Highlighter:0.0
