Corpus:0.5866666666666667
Lexicon:0.45
LexicalTable:0.42461111111111116
SpecificitesResult:0.2866666666666667
Concordance:0.2633333333333333
Specificites:0.25777777777777783
Subcorpus:0.23666666666666666
MainCorpus:0.2277777777777778
LexicalTableImpl:0.08
