Material:0.5333333333333333
PrototypeRendererGL20:0.44
HybridLightTest:0.39
SkeletonSubMesh:0.38
StillModelViewerGL20:0.2966666666666667
StillSubMesh:0.24666666666666667
KeyframedSubMesh:0.24666666666666667
SubMesh:0.165
ShaderFactory:0.11
