WebSocket:0.51
AtmosphereServlet:0.5
WebSocketProtocol:0.345
WebSocketProcessor:0.30666666666666664
AtmosphereHandlerWrapper:0.26
WebSocketAdapter:0.25
EchoProtocol:0.13666666666666666
SimpleHttpProtocol:0.13
SimpleWebSocketAtmosphereHandler:0.13
WebSocketPubSub:0.11666666666666667
WebSocketException:0.08666666666666667
