GroupByAggregateTest:0.5333333333333333
ESQueryBuilder:0.5033333333333333
ESQueryBuilderTest:0.44
CountStarIntegrationTest:0.17666666666666667
