AtomType:0.5472222222222223
BioPolymer:0.2650396825396825
