SearchTransportService:0.6405555555555555
TransportClearScrollAction:0.3278888888888889
