Context:0.86
IngressAdapter:0.38666666666666666
SequencerAgent:0.30333333333333334
