SyndicationFeedImportPlugin:0.7266666666666667
ExportBlogPlugin:0.5733333333333334
