ClassLoaderUtil:0.6416666666666667
SubclassTest:0.28444444444444444
Base64:0.27666666666666667
FinalizableReferenceQueue:0.27666666666666667
