SwingPainterUtils:0.55
Layer:0.43
SwingUIManager:0.4266666666666667
SwingFactory:0.39666666666666667
LoaderUtilities:0.37333333333333335
Synth2Parser:0.32666666666666666
AttributedMultiLineLabel:0.29
SwingLineStyles:0.29
SynthToolTipUI:0.28
ARINCCSSDocumentHandler:0.27666666666666667
SwingLineStyle:0.25
SynthMenuItemUI:0.24666666666666667
TestUtilities:0.24666666666666667
SwingClippings:0.24333333333333335
SwingZoomManager:0.24
SwingRendererBridge:0.23666666666666666
SwingServerGraphicsConfigHandler:0.23666666666666666
ClientComUtilities:0.23333333333333334
ClientMessageDecoder:0.23
SwingRenderersHandler:0.21972222222222218
MessageDecoder:0.21833333333333332
FrameworkManager:0.21666666666666667
SwingServerWrapper:0.20555555555555555
ServerMapItemsUtilities:0.19666666666666666
EditorUtilities:0.19666666666666666
JFXColorExtensionRenderer4:0.19
ClientAPIUtilities:0.19
SwingLayerPainter:0.18533333333333335
MaskContainerRenderer:0.18333333333333332
BlinkingContainerRenderer:0.16333333333333333
ServerComUtilities:0.16
UnclippingPanel:0.15333333333333332
SwingServerWindow:0.15
ServerApplet:0.13333333333333333
TestARINCUtils:0.12788035113035118
AbstractARINCPanel:0.11
PropertiesConfiguration:0.044880952380952376
TestPropertyLoader:0.016666666666666666
TestClientFactory:0.01
TestServerFactory:0.01
DefLineStyle:0.0033333333333333335
DependencyUtilities:0.0
DependencyPrinter:0.0
