UURI:0.7466666666666667
ARCWriter:0.23666666666666666
FPUURISet:0.21666666666666667
PreconditionEnforcer:0.17
ExtractorHTML:0.16333333333333333
UriProcessingFormatter:0.15333333333333332
FetchDNS:0.12
URIRegExpFilter:0.10666666666666667
SeedExtensionFilter:0.10333333333333333
