Task:0.69
DataSource:0.57
SearchEngine:0.4190079365079365
Starter:0.37
TasksTree:0.35
XmlTask:0.17333333333333334
LuceneSearch:0.11666666666666667
ResultsTableModel:0.07666666666666666
SearchPanel:0.07333333333333333
ResultWindow:0.01
