ProfileModule:0.7638888888888888
AjaxController:0.44666666666666666
ProfileModuleImpl:0.23333333333333334
