JFXPainterUtils:0.5233333333333333
JFXLayer:0.41
Widget:0.37333333333333335
JFXClippings:0.355
JFXPictures:0.35333333333333333
JFXUtilsFactory:0.34
JFXServerLayout:0.32666666666666666
JFXServerWindow:0.31666666666666665
JFXServerDisplay:0.2733333333333333
Selector:0.27
JFXFont:0.24833333333333332
JFXServerGraphicsConfigHandler:0.24333333333333335
JFXServerCockpit:0.24
JFXLayerPainter:0.23666666666666666
JFXRenderersHandler:0.23333333333333334
ComboBoxRenderer:0.23
WindowsWindowManager:0.21666666666666667
ComboBoxEditRenderer:0.21666666666666667
JFXFactory:0.21333333333333335
JFXServerWrapper:0.21
JFXWindowConnector:0.21
JFXRendererBridge:0.2
JFXLayerRenderer:0.19666666666666666
ToggleButtonRenderer:0.18
StyleRange:0.17333333333333334
ScrollListRenderer:0.16333333333333333
TriangleRenderer:0.15333333333333332
ArcCircleRenderer:0.15333333333333332
BasicContainerRenderer:0.12
TranslationContainerRenderer:0.12
MutuExclRenderer:0.11333333333333333
RotationContainerRenderer:0.11333333333333333
LabelRenderer:0.11
JFXSymbolContext:0.09333333333333334
JFXSymbolDefinition:0.06333333333333334
SymbolRenderer:0.06
JFXSymbolCommand:0.006666666666666667
