SyntaxPoint:0.6833333333333333
TagData:0.4
ErrorFormatter:0.3233333333333333
AnalysableTag:0.30333333333333334
