MainCorpus:0.6033333333333334
Subcorpus:0.5666666666666667
SubcorpusTest:0.26
Partition:0.25666666666666665
QueryResult:0.17
