NameTable:0.5833333333333334
FunctionDeclaration:0.38666666666666666
TypeDeclarationGenerator:0.3283333333333333
TypePrivateDeclarationGenerator:0.21611111111111114
Functionizer:0.2
TypeGenerator:0.19
EnumRewriter:0.15666666666666668
