ItemHandler:0.88
ItemOrientedStep:0.49333333333333335
NeverSkipItemSkipPolicy:0.3534941077441077
SimpleItemHandler:0.2966666666666667
Tasklet:0.27051984126984113
StepExecutionSynchronizer:0.18666666666666668
StepInterruptionPolicy:0.16716137566137568
ExitStatusExceptionClassifier:0.16716137566137568
SimpleStepFactoryBean:0.16083333333333333
MockItemReader:0.13666666666666666
TaskletAdapterTests:0.13666666666666666
LimitCheckingItemSkipPolicy:0.12
StepExecutionSyncronizerFactory:0.10555555555555554
ItemOrientedStepTests:0.10333333333333333
SkipLimitExceededException:0.09333333333333334
SimpleStepFactoryBeanTests:0.08333333333333333
SimpleRetryExceptionHandler:0.07333333333333333
StatefulRetryStepFactoryBean:0.07305555555555555
SkipLimitReadFailurePolicyTests:0.07027777777777777
BatchListenerFactoryHelper:0.07
RepeatOperationsStepFactoryBean:0.06583333333333333
SimpleExitStatusExceptionClassifierTests:0.05
SkipLimitStepFactoryBean:0.03805555555555556
TaskletAdapter:0.03
ThreadStepInterruptionPolicy:0.03
SkipLimitStepFactoryBeanTests:0.026944444444444448
StatefulRetryStepFactoryBeanTests:0.02666666666666667
SimpleRetryExceptionHandlerTests:0.02666666666666667
BackportConcurrentStepExecutionSynchronizer:0.024761904761904763
JdkConcurrentStepExecutionSynchronizer:0.024761904761904763
StepExecutorInterruptionTests:0.02
ThreadStepInterruptionPolicyTests:0.016666666666666666
ItemSkipPolicyItemHandler:0.006666666666666667
DefaultItemFailureHandler:0.0
AlwaysSkipItemSkipPolicy:0.0
RepeatOperationsStepFactoryBeanTests:0.0
SimpleExitStatusExceptionClassifier:0.0
