TaskSelection:0.36666666666666664
TimeSlotSelection:0.245
XmlTask:0.24333333333333335
XmlTimeSlot:0.24333333333333335
TaskEditDialog:0.23666666666666666
TaskHandler:0.19111111111111112
TasksTree:0.19
DataFlavors:0.18
Listener:0.16333333333333333
TimeSlotTransferData:0.16
ActionAddTask:0.11333333333333333
TasksInterface:0.04
SaveAction:0.02
