X509CertificateAuthenticationToken:0.6666666666666666
UserMatch:0.5933333333333334
TestX509CertificateAuthenticationToken:0.38333333333333336
