SitemapNode:0.7033333333333334
View:0.5733333333333334
