GeoDistanceSortBuilder:0.5166666666666667
SortBuilders:0.35333333333333333
SimpleSortTests:0.27
GeoDistanceTests:0.26
SearchSourceBuilderTests:0.20994444444444443
GeoDistanceSortParser:0.13
