LuceneProvider:0.49333333333333335
AbstractLuceneWriteSession:0.36
LocalLuceneReadSession:0.28
LocalLuceneWriteSession:0.2633333333333333
AbstractLuceneSession:0.25416666666666665
AbstractLuceneReadSession:0.11333333333333333
