El:0.315
BooleanElValue:0.30333333333333334
NullElValue:0.30333333333333334
UndefinedElValue:0.26666666666666666
FloatElValue:0.25333333333333335
LongElValue:0.25333333333333335
IntegerElValue:0.25333333333333335
StringElValue:0.24666666666666667
Obj:0.24
ElOperator:0.2105952380952381
AbstractOperator:0.17666666666666667
ElTest:0.16666666666666666
NutElAnalyzer:0.10333333333333333
NutElAnalyzerTest:0.08666666666666667
NutElValueMaker:0.07666666666666666
NutElSpliter:0.03333333333333333
