MemberVersion:0.43666666666666665
ClusterStateChange:0.35
DefaultNodeExtension:0.25666666666666665
ClusterStateManager:0.23083333333333333
StateManagerExceptionHandler:0.22666666666666666
ClusterJoinManager:0.19666666666666666
DefaultNodeExtensionTest:0.16666666666666666
