DefaultCipherExecutor:0.7066666666666667
AbstractCipherExecutor:0.5233333333333333
