MQLFunctionRegistry:0.5766666666666667
QueryAnalysisProvider:0.5472222222222222
MqlSqlWalker:0.37
