DropwizardTestSupport:0.7833333333333333
DropwizardSSLConnectionSocketFactoryTest:0.41333333333333333
DropwizardAppRule:0.36333333333333334
