SingleIdMapper:0.5566666666666666
SinglePropertyMapper:0.27666666666666667
EmbeddedIdMapper:0.24666666666666667
MultiPropertyMapper:0.20666666666666667
MiddleEmbeddableComponentMapper:0.18333333333333332
ComponentPropertyMapper:0.18333333333333332
MultipleIdMapper:0.17666666666666667
DefaultRevisionInfoGenerator:0.16666666666666666
EntityInstantiator:0.16333333333333333
AbstractToOneMapper:0.16333333333333333
AbstractCollectionMapper:0.16
MiddleMapKeyPropertyComponentMapper:0.13
BasicCollectionInitializor:0.13
MapCollectionInitializor:0.13
AbstractCompositeIdMapper:0.06666666666666667
