ClientConfig:0.5766666666666667
XmlClientConfigBuilder:0.37333333333333335
HazelcastClient:0.32
SmartClientConnectionManager:0.2388888888888889
ClientExecutionServiceImpl:0.15
