ReactionSchemeManipulator:0.47333333333333333
ReactionSetManipulator:0.34
ReactionSetManipulatorTest:0.24
ReactionSchemeManipulatorTest:0.09333333333333334
