Py:0.5833333333333334
PyArray:0.3
JavaImportHelper:0.29
codecs:0.24666666666666667
ArrayDelegate:0.1888888888888889
ReflectedArgs:0.18666666666666668
JavaFunc:0.12861111111111112
