Data:0.73
CsvDataReader:0.38333333333333336
SqlDataWriter:0.3333333333333333
CsvUtils:0.27
TableCopy:0.21333333333333335
