GdxEglConfigChooser:0.645
AndroidGraphics:0.4633333333333333
GdxTestActivity:0.2866666666666667
