Viewer:0.4033333333333333
GraphPreviewDialog:0.39
NodeIdsButton:0.30666666666666664
JGraphPanel:0.23
GraphPreviewPanel:0.16333333333333333
