Setup:0.5833333333333334
GetCapabilities:0.4
Boot:0.21333333333333335
ElementLib:0.19333333333333333
