FileFsFile:0.4866666666666667
RobolectricTestRunner:0.32666666666666666
MavenManifestFactory:0.28194444444444444
GradleManifestFactoryTest:0.26666666666666666
GradleManifestFactory:0.21444444444444447
RobolectricTestRunnerTest:0.2113888888888889
FileFsFileTest:0.05
