ConnectionPanel:0.6477777777777778
IconLoader:0.5433333333333333
