SNAPExtruder:0.30666666666666664
GenericCartesianPrinter:0.2733333333333333
GenericExtruder:0.2733333333333333
CartesianGCode:0.26666666666666666
GCodeWriter:0.2654444444444445
GCodeExtruder:0.25925396825396824
Producer:0.13411111111111113
