Failure:0.57
TransportIndexAction:0.476388888888889
TransportDeleteAction:0.47222222222222227
