TestMutablePeriod_Updates:0.6033333333333334
TestInterval_Basics:0.43333333333333335
TestDateTimeUtils:0.29
TestMutableInterval_Basics:0.28
