BasicInvocation:0.59
BasicInvocationFuture:0.47
TimedOutBackupAwareOperation:0.16666666666666666
BasicOperationServiceTest:0.09666666666666666
