Optimize:0.4755555555555556
InternalEngine:0.31666666666666665
ElasticsearchBackwardsCompatIntegrationTest:0.31
InternalEngineTests:0.2966666666666667
TransportOptimizeAction:0.19333333333333333
ShardOptimizeRequest:0.19333333333333333
OptimizeRequest:0.19
ElasticsearchMergePolicy:0.17333333333333334
RestActionModule:0.11
Defaults:0.0
