ARINCDefinition:0.4266666666666667
AbstractWidgetRefHandler:0.4166666666666667
AbstractConfigurationParser:0.2866666666666667
KeywordsGenerator:0.2733333333333333
ServerExtensionLoader:0.23333333333333334
GestureInterpreter:0.23166666666666666
XMLSAXParser:0.22333333333333333
AbstractClientEngine:0.21333333333333335
WidgetEventStruct3Test:0.20855555555555558
JFXServerDisplay:0.2075
AbstractServerEngine:0.2
EditBoxTextRenderer:0.19666666666666666
SliderRenderer:0.19333333333333333
ServerPropertiesLoaderTest:0.16666666666666666
GroovyScript:0.16333333333333333
ARINCDefinitionParser:0.12666666666666668
GesturesManager:0.12333333333333334
AbstractGestureInterpreter:0.04666666666666667
