Name:0.6819444444444445
QualifiedName:0.41333333333333333
QualifiedField:0.24666666666666667
UnqualifiedName:0.19
