NewDownloadDialog:0.5833333333333334
NewDownloadAction:0.41333333333333333
MacOsxHandler:0.35333333333333333
FileDialogHandler:0.22666666666666666
