Fiber:0.6566666666666666
Stack:0.3566666666666667
ReflectionUtil:0.2966666666666667
BasicActor:0.25333333333333335
InitialSizeTest:0.14666666666666667
