Person:0.3933333333333333
Vehicle:0.3776666666666667
PhysicalCondition:0.26
EnterAirlock:0.23
TaskManager:0.20666666666666667
