OsgiBundleResourcePatternResolver:0.49333333333333335
BaseIntegrationTest:0.36
AbstractDependencyManagerTests:0.3113888888888889
ClientOnlyTcclTest:0.3
ServiceTcclTest:0.3
PrivilegedUtils:0.29333333333333333
AbstractDelegatedExecutionApplicationContext:0.29333333333333333
AbstractOnTheFlyBundleCreatorTests:0.28488888888888897
LocalFileSystemMavenRepository:0.27666666666666667
SingleExportDependingOnMultipleImportTest:0.2733333333333333
CollectionImporterTest:0.2733333333333333
AbstractOsgiBundleApplicationContext:0.23111111111111116
OsgiBundleXmlApplicationContext:0.23
AbstractServiceImporterProxyFactoryBean:0.21333333333333335
PackageAdminResolver:0.21277777777777776
BundleClassPathWildcardTest:0.20333333333333334
ScopingTest:0.2
DependencyWaiterApplicationContextExecutor:0.195
ClassDependenciesVisibilityTest:0.19333333333333333
ChainedClassLoader:0.18666666666666668
MultipleExportersDependingOnOneImporterTest:0.18666666666666668
DependencyServiceManager:0.18333333333333332
BaseIoTest:0.15333333333333332
ServiceProviderTCCLInterceptor:0.1522222222222222
OsgiUtils:0.14333333333333334
ServiceTCCLInterceptor:0.14222222222222222
CompleteRefreshTask:0.13833333333333334
ExtenderTest:0.12
CallingResourceOnDifferentBundlesTest:0.12
BaseWebIntegrationTest:0.11
DuplicateClassTest:0.10333333333333333
NamespacePlugins:0.1
OsgiLifecycleNotificationTest:0.09666666666666666
ProxyCreatorTest:0.07666666666666666
OsgiServiceHandler:0.07
ServiceListenerTest:0.06333333333333334
DependencyTest:0.05333333333333334
FactoryDependencyTest:0.05333333333333334
MavenArtifactLookupTest:0.05333333333333334
PermissionManager:0.05
PropertyPlaceholderTest:0.043333333333333335
ReferenceProxyTest:0.04
Cardinality0to1Test:0.03666666666666667
DeadlockHandlingTest:0.03333333333333333
ExtenderVersionTest:0.03333333333333333
BehaviorBaseTest:0.03333333333333333
ProxyUtils:0.03333333333333333
ErrorHandlingTest:0.03
LifecycleTest:0.006666666666666667
