DomNode:0.7466666666666667
DomChangeListener:0.5553333333333333
HtmlPage:0.48333333333333334
HtmlElement:0.29333333333333333
DomNodeTest:0.14333333333333334
DomChangeListenerTestImpl:0.05
DomChangeEvent:0.01
