Project:0.5333333333333333
FileAnalyzer:0.38666666666666666
AnalyzerGuru:0.3566666666666667
PlainAnalyzer:0.21666666666666667
