HostParentOfATest:0.5266666666666666
HostParentOfHTest:0.41333333333333333
HostParentOfITest:0.19333333333333333
