ClassInstrumentor:0.43666666666666665
Builder:0.30333333333333334
CustomRobolectricTestRunner:0.23111111111111116
Runner:0.23
RobolectricGeneratorAdapter:0.05
