DefaultCompensatingTransactionOperationManager:0.35333333333333333
DefaultCompensatingTransactionOperationManagerTest:0.3466666666666667
DistinguishedNameTest:0.27
LdapUtils:0.23
TransactionAwareContextSourceProxy:0.20777777777777778
SingleContextSource:0.13666666666666666
TransactionAwareContextSourceProxyTest:0.023333333333333334
