ListenerManager:0.5033333333333333
OutRunnable:0.44666666666666666
ConnectionManager:0.2833333333333333
MapClientProxy:0.23
TopicClientProxy:0.21333333333333335
ClusterClientProxy:0.20166666666666666
MultiMapClientProxy:0.19666666666666666
CollectionClientProxy:0.18333333333333332
EntryListenerManager:0.056666666666666664
InstanceListenerManager:0.04
MembershipListenerManager:0.04
MessageListenerManager:0.0033333333333333335
ItemListenerManager:0.0
