AbstractManagedChannelImplBuilder:0.4666666666666667
OkHttpChannelBuilderTest:0.24333333333333335
NettyChannelBuilderTest:0.22666666666666666
OverrideAuthorityNameResolverFactory:0.21666666666666667
AbstractManagedChannelImplBuilderTest:0.08666666666666667
