EnhancedMenuItem:0.8159385
GUIUtilities:0.14479423
EditAction:0.1176476
StatusBar:0.045381594
jEdit:0.043429192
ActionContext:0.038002916
View:0.029469984
OperatingSystem:0.024469715
Log:0.008710053
