DrivingQueryItemReader:0.8233333333333334
DrivingQueryItemReaderTests:0.25666666666666665
