JavaScriptEngine:0.45
SimpleScriptable:0.37333333333333335
JavaScriptEngineTest:0.23666666666666666
HtmlUnitContextFactory:0.15333333333333332
TimeoutError:0.05564814814814814
