FieldError:0.54
FieldErrorTagTest:0.36333333333333334
FieldErrorTag:0.22333333333333333
