MArrayList:0.13055697
MMultiPanel:0.08923686
ContainerScanner:0.08186001
AbstractIterator:0.054981526
MMessage:0.028198445
MFileChooser:0.027788552
MRating:0.021720247
