Tag:0.42
Definitions:0.36333333333333334
Util:0.2966666666666667
Scopes:0.24555555555555553
Scope:0.24
JFlexScopeParser:0.21083333333333334
JFlexXref:0.21
PlainAnalyzer:0.18
Ctags:0.13666666666666666
