Interactive:0.5
CodeCompiler:0.43333333333333335
TreeBuilder:0.25733333333333336
Future:0.2235555555555556
Visitor:0.14944444444444446
