Hash:0.48333333333333334
Kons:0.44333333333333336
Hitem:0.38666666666666666
Rule:0.36666666666666664
CallBack:0.36333333333333334
Sym:0.36333333333333334
Csym:0.35333333333333333
Event:0.3
WorkerControl:0.28
InterpretableSym:0.2733333333333333
RewriteEvent:0.25666666666666665
SymbolHash:0.22666666666666666
RuleBase:0.22333333333333333
Worker:0.2
UnifyEvent:0.19
AssumeHypoRule:0.17
AssumeEquivRule:0.15666666666666668
VariableBinding:0.11
TemplateRuleManager:0.1
Req:0.09333333333333334
ActionCallBack:0.013333333333333334
