Translog:0.4666666666666667
TranslogWriter:0.3233333333333333
Delete:0.3015
TranslogTests:0.2966666666666667
InternalEngine:0.20666666666666667
