METSLikeDOSerializer:0.8566666666666667
METSInOutTest:0.1488888888888889
