Response:0.6866666666666666
OkHttpCall:0.24
CallTest:0.12666666666666668
