PerlSymbolTokenizerTest:0.4816666666666667
RubySymbolTokenizerTest:0.28
AdaSymbolTokenizerTest:0.28
CustomAssertions:0.17333333333333334
