JPPFClassLoader:0.5933333333333334
LocalResourceRequest:0.44666666666666666
RemoteResourceRequest:0.33
JPPFLocalClassLoader:0.25333333333333335
