HttpConfiguration:0.633888888888889
ServerFactory:0.41
HttpConfigurationTest:0.32
ServletEnvironment:0.2733333333333333
