MultipleAttributeParametrizer:0.7886111111111112
MA:0.3466666666666667
