View:0.63
MapFacade:0.5033333333333333
PropertiesManager:0.43333333333333335
Classes:0.3333333333333333
MapFacadeBean:0.2866666666666667
CarrierTest:0.24666666666666667
AnnotatedClassParser:0.22333333333333333
ModuleManager:0.20666666666666667
AddElementsToCollectionAction:0.19666666666666666
POJOPersistenceProviderBase:0.18
SearchByViewKeyAction:0.12333333333333334
Community:0.08
EditElementInCollectionAction:0.03666666666666667
Toto:0.0
