DynamicBean:0.5366666666666666
NodeHandler:0.39416666666666667
KIASServlet:0.3
ButtonNodeHandler:0.10666666666666667
TextAreaNodeHandler:0.10666666666666667
TextFieldNodeHandler:0.10666666666666667
PasswordFieldNodeHandler:0.10666666666666667
