RelativeToCurrentDateRangeFieldValidator:0.5233333333333333
AbstractRangeValidator:0.37
NumberRangeFieldValidator:0.21333333333333335
DateRangeFieldValidator:0.09
