MapFacade:0.6133333333333333
MapFacadeBean:0.4855555555555555
HibernateMapFacade:0.31666666666666665
