Global:0.8266666666666667
Host1:0.4666666666666667
PrototypeTest:0.23333333333333334
