WriterProjection:0.3933333333333333
CopyAnalyzerTest:0.34
CopyToAnalyzedStatement:0.32666666666666666
PlannerTest:0.3
CopyIntegrationTest:0.29333333333333333
ReadOnlyNodeIntegrationTest:0.24
ProjectionBuilder:0.16333333333333333
WriterProjectionTest:0.10666666666666667
CopyStatementPlanner:0.10666666666666667
CopyStatementAnalyzer:0.07666666666666666
