ImageLoader:0.6516666666666666
PlotFiltersIterationListener:0.36333333333333334
PlotFilters:0.18305555555555555
