Driver:0.6551666666666667
HttpExchangeConnection:0.49666666666666665
HttpServerFactoryBean:0.45
HttpServerFactoryBeanTest:0.3433333333333333
HttpTransportConstants:0.22033333333333333
WebServiceHttpHandler:0.023333333333333334
DummyHandler:0.018888888888888886
