SqlBuilder:0.4666666666666667
QueryPermissionNestedMatch:0.45666666666666667
QueryCmd:0.3
QueryStudiesCmd:0.2544444444444445
