RLexSortedSet:0.7533333333333333
RLexSortedSetAsync:0.33916666666666667
RedissonScoredSortedSetTest:0.27666666666666667
RedissonLexSortedSet:0.18
