Reader:0.49666666666666665
HpackDraft05Test:0.35333333333333333
ExternalHttp2Example:0.16666666666666666
