MapService:0.52
MapProxySupport:0.29
NearCacheKeySetInvalidationOperation:0.28833333333333333
NearCache:0.28
ClearOperation:0.25166666666666665
NearCacheTest:0.03
