DownloadInfo:0.44333333333333336
FeedsFS:0.4083333333333333
FeedViewer:0.4072222222222222
Favicon:0.24
FaviconRequestManager:0.16333333333333333
