AbstractTransportTest:0.47
MetadataUtils:0.45
StubConfigTest:0.19666666666666666
AbstractStub:0.16666666666666666
