AccessUtils:0.5155555555555555
NetFolderHelper:0.39
GwtNetFolderHelper:0.26666666666666666
