CalendarNavigationPanel:0.37666666666666665
EventButton:0.3333333333333333
GwtTeamingMessages:0.31666666666666665
GwtTeamingImageBundle:0.23666666666666666
CalendarFolderView:0.18
EventHelper:0.16
CalendarViewDaysEvent:0.09
CalendarSettingsEvent:0.07333333333333333
