GwtServerHelper:0.5566666666666666
AssignmentInfo:0.4033333333333333
Constants:0.36083333333333334
DataTableFolderViewBase:0.2866666666666667
PrincipalInfo:0.24
FolderRow:0.24
GwtViewHelper:0.19666666666666666
FolderRowAsyncProvider:0.15444444444444444
