AvailCalculations:0.6233333333333333
AvailabilityData:0.47333333333333333
AvailabilityReport:0.3333333333333333
