StepFactory:0.6566666666666666
TypeChecker:0.38333333333333336
HopSymbolTableWalker:0.36666666666666664
