FeaturesSchemaEditor:0.6
FeaturesTableModel:0.5121111111111111
FeatureEditorRenderer:0.43666666666666665
