Protocol:0.5933333333333334
Connection:0.49333333333333335
JedisPool:0.2866666666666667
JedisFactory:0.2633333333333333
