ShareManager:0.7433333333333333
ExportDialog:0.22666666666666666
SharedFilesPipeFiller:0.16
