ViewFolderEntryInfo:0.38333333333333336
GwtViewHelper:0.38
ObjectKeys:0.31666666666666665
GwtTeamingMessages:0.31666666666666665
GwtServerHelper:0.2866666666666667
FolderEntryDlg:0.26
GwtRpcServiceImpl:0.21444444444444447
GwtMenuHelper:0.19333333333333333
UserInfo:0.15
SaveFolderEntryDlgPositionCmd:0.11
