NDArray:0.49333333333333335
ComplexNDArray:0.39666666666666667
Shape:0.2833333333333333
ArrayUtil:0.27416666666666667
NDArrayUtil:0.25666666666666665
ComplexNDArrayUtil:0.14
NDArrayTests:0.13
ComplexNDArrayTests:0.12333333333333334
ComplexNDArrayUtilTests:0.03333333333333333
