Http1xTest:0.7333333333333333
HttpServerResponseImpl:0.44333333333333336
HttpTest:0.35333333333333333
Http2ServerResponseImpl:0.25666666666666665
