JedisCommands:0.5296666666666667
Jedis:0.45
Transaction:0.44333333333333336
Commands:0.3358333333333333
BinaryClient:0.28
Client:0.28
Pipeline:0.25333333333333335
ShardedJedis:0.15333333333333332
BinaryTransaction:0.15333333333333332
