ServerAddress:0.59
JavaClientTest:0.3713888888888889
DBTCPConnector:0.3121666666666667
DBAddressTest:0.202
UpdatableNode:0.19866666666666666
