VPTree:0.52
BarnesHutTsne:0.38333333333333336
TreeModelUtils:0.15
NearestNeighbor:0.14688888888888887
VpTreeNodeTest:0.13
