Trace:0.43333333333333335
Like:0.33666666666666667
Expression:0.3333333333333333
Parser:0.3333333333333333
Select:0.26666666666666666
CompiledStatement:0.2611111111111111
TableFilter:0.24211111111111114
Session:0.215
Function:0.19
DatabaseInformationFull:0.19
