ErrorReportingRunner:0.5666666666666667
Request:0.2966666666666667
ClassRequest:0.27166666666666667
Parameterized:0.2633333333333333
FilterRequest:0.12444444444444443
