Region:0.6666666666666666
NutMap:0.6088888888888888
DisksTest:0.31333333333333335
