StackFrame:0.6016666666666667
Fields:0.47
SimpleDateFormat:0.21
JPF_java_text_SimpleDateFormat:0.17333333333333334
