NetworkHostsContainer:0.57
NLoggerNames:0.45359523809523816
IPUtils:0.355
MsgPing:0.3333333333333333
MsgPong:0.33
