SymbolRotatedRenderer:0.4166666666666667
SymbolTargetRenderer:0.4166666666666667
SymbolOvalRenderer:0.25666666666666665
SymbolRectangleRenderer:0.25666666666666665
