RestModelInputData:0.43
UserResource:0.30333333333333334
FolderEntryResource:0.25333333333333335
CustomField:0.23666666666666666
AbstractBinderResource:0.22666666666666666
DefinableEntity:0.22
Locale:0.08
