B:0.6216666666666667
C:0.5794444444444444
InjectionPoint:0.3933333333333333
Errors:0.3566666666666667
ElementsTest:0.23333333333333334
LinkedBindingBuilder:0.22166666666666668
BindingBuilder:0.22
ExternalFailureVisitor:0.2063968253968254
ConstructorBindingImpl:0.15666666666666668
ConstructorInjector:0.15666666666666668
InjectionPointTest:0.02
