SeleniumManager:0.54
AbstractSeleniumTestCase:0.25333333333333335
EditIssueTest:0.23
ViewProjectIssueListTest:0.18666666666666668
ViewProjectListTest:0.17333333333333334
ViewIssueTest:0.15666666666666668
LoginTest:0.12666666666666668
CreateIssueTest:0.12666666666666668
