FormulaEditingPanel:0.4816666666666667
EditAttributeByFormulaDialog:0.36666666666666664
EditAttributeByFormulaPlugIn:0.3233333333333333
