MultiLayerNetwork:0.7733333333333333
ComputationGraph:0.6333333333333333
ConvolutionalIterationListener:0.24355555555555555
