ConnectorMetadata:0.6166666666666667
JdbcMetadata:0.37
BlackHoleMetadata:0.33666666666666667
TestingMetadata:0.30666666666666664
CassandraMetadata:0.3
SystemTablesMetadata:0.24666666666666667
TpchMetadata:0.24666666666666667
ExampleMetadata:0.24666666666666667
InformationSchemaMetadata:0.21333333333333335
KafkaMetadata:0.21333333333333335
JmxMetadata:0.2
