ConnectionPool:0.26666666666666666
ResponseHeaders:0.24666666666666667
URLConnectionTest:0.24333333333333335
ConnectionPoolTest:0.23333333333333334
HttpURLConnectionImpl:0.19444444444444445
HttpResponseCacheTest:0.18666666666666668
HttpEngine:0.18333333333333332
