UnassignedInfo:0.5433333333333333
UnassignedInfoTests:0.31
RoutingService:0.205
TransportClusterHealthAction:0.18666666666666668
ReplicaShardAllocator:0.15071428571428572
ClusterRerouteIT:0.13666666666666666
RoutingServiceTests:0.13333333333333333
GatewayAllocator:0.13
