LDAPInfo:0.7930555555555554
LDAPContext:0.44333333333333336
Login:0.29
ShibLogin:0.19
