DocxUtils:0.44666666666666666
TableExpansionOperation:0.2633333333333333
Operation:0.26
AbstractIteratorOperation:0.24666666666666667
OfficeProperties:0.20666666666666667
DocxFileChangerTest:0.14666666666666667
ListSubstitutionCriteriasFormTag:0.14333333333333334
EmailUtils:0.14
FileExtensionValidator:0.1
