Applet:0.6041666666666666
Init:0.5666666666666667
