PomBuilder:0.5366666666666666
SpecVisitor:0.4220674603174603
Mavenize:0.3
MavenizeTest:0.2733333333333333
ProjectBuildingVisitor:0.24
AbstractSpecVisitor:0.14416666666666667
