MeshPart:0.52
DefaultShader:0.4166666666666667
BaseShader:0.33
ParticleShader:0.32
Renderable:0.29800000000000004
NodePart:0.2733333333333333
MeshBuilder:0.2633333333333333
DepthShader:0.24
HeightMapTest:0.22666666666666666
ModelInstance:0.20666666666666667
Model:0.20166666666666666
TestShader:0.19666666666666666
PointSpriteParticleBatch:0.18666666666666668
BillboardParticleBatch:0.18666666666666668
ModelBatch:0.17666666666666667
VoxelWorld:0.15333333333333332
ModelCache:0.15
RenderablePool:0.14666666666666667
Sorter:0.12
MultiPassShader:0.11333333333333333
