GraphJCell:0.6452222222222223
VisualMap:0.56
VisualAttributeMap:0.3611111111111111
GraphJModel:0.31666666666666665
AbstractJCell:0.2866666666666667
