DocumentManager:0.6666666666666666
LayoutFrame:0.4166666666666667
PickingInteractor:0.30333333333333334
GroupAction:0.11333333333333333
