Criteria:0.52
JsonAssertTest:0.3566666666666667
InlineFilterTest:0.3333333333333333
FilterTest:0.29
ValueCompareException:0.1575793650793651
JsonValue:0.1321111111111111
