HttpServerOptions:0.5266666666666666
SSLHelper:0.4066666666666667
TCPSSLOptions:0.4
NetServerOptions:0.32
Http2Test:0.17666666666666667
