AbstractScreenReader:0.6627777777777778
JComboBoxReader:0.3566666666666667
