Launcher:0.5766666666666667
Workbench:0.5322222222222222
DialogHelper:0.36
