AnticollisionHashMap:0.7933333333333333
Bug_for_wangran:0.24333333333333335
AnticollisionHashMapTest:0.21
