ThriftHiveMetastore:0.6517777777777779
HiveMetastore:0.4287619047619048
CachingHiveMetastore:0.33
BridgingHiveMetastore:0.33
MockHiveMetastoreClient:0.3233333333333333
ThriftHiveMetastoreStats:0.28
InMemoryHiveMetastore:0.27
ExtendedHiveMetastore:0.23666666666666666
HiveMetastoreClient:0.23666666666666666
ThriftHiveMetastoreClient:0.2
