TableProperties:0.4766666666666667
TableWidgetDlgBox:0.36
GwtTeamingMessages:0.31333333333333335
TableDropWidget:0.21333333333333335
TableConfig:0.15
