ClassySharkPanel:0.5944444444444444
PanelUtils:0.4166666666666667
Main:0.26
