ProxettaAsmUtil:0.5544444444444445
ProxyMethodBuilder:0.49333333333333335
ProxettaClassBuilder:0.4
