RedissonBitSet:0.4633333333333333
BitSetReplayConvertor:0.30666666666666664
RedissonBloomFilter:0.30333333333333334
RedissonBitSetReactive:0.28
RedisCommands:0.22033333333333333
BitsSizeReplayConvertor:0.1
