ViewRenderer:0.7733333333333333
UnitOfWorkApplicationListenerTest:0.3233333333333333
MustacheViewRenderer:0.27055555555555555
ViewBundle:0.2375
FileAppenderFactory:0.22
FreemarkerViewRenderer:0.21333333333333335
HelloWorldApplication:0.2
MyConfiguration:0.195
HelloWorldConfiguration:0.18666666666666668
UnitOfWorkEventListener:0.16333333333333333
ViewBundleTest:0.12666666666666668
