DateUtility:0.56
DefaultManagement:0.4066666666666667
Report:0.31666666666666665
FedoraAccessServlet:0.22055555555555556
FieldSearchServlet:0.21666666666666667
FieldSearchResultSQLImpl:0.20333333333333334
ObjectInfoAsXML:0.20333333333333334
ListMethodsServlet:0.19666666666666666
ListDatastreamsServlet:0.1522222222222222
