ClusterTest:0.44
Serializer:0.36666666666666664
TestHazelcastInstanceAwareTask:0.3250555555555556
