NonStrictReadWriteAccessDelegate:0.28
ReadWriteAccessDelegate:0.28
LocalRegionCache:0.24
AbstractAccessDelegate:0.24
IMapRegionCache:0.23
AbstractHazelcastRegion:0.20333333333333334
AbstractGeneralRegion:0.19666666666666666
RegionCache:0.13916666666666666
