Formatter:0.5233333333333333
StatementAnalyzer:0.44
AstBuilder:0.36
TestHiveIntegrationSmokeTest:0.32666666666666666
TestRaptorIntegrationSmokeTest:0.05
SqlFormatter:0.043333333333333335
