JPPFTask:0.44
JPPFTaskBundle:0.2816666666666667
CallableTaskWrapper:0.2678888888888889
PojoTaskWrapper:0.2678888888888889
RunnableTaskWrapper:0.2678888888888889
JPPFSchedule:0.23777777777777775
JPPFJobMetadata:0.16166666666666665
JobInformation:0.15083333333333335
JPPFJobSLA:0.15083333333333335
CommandLineTask:0.15083333333333335
AnnotatedTaskWrapper:0.11444444444444443
JPPFAnnotatedTask:0.07
