HtmlElement:0.6666666666666666
HtmlPage:0.6066666666666667
HTMLDocument:0.22333333333333333
HtmlFormTest:0.2
HtmlElementTest:0.2
HtmlLabel:0.185
DomTextTest:0.16333333333333333
DomNodeTest:0.14333333333333334
JQueryTestBase:0.13333333333333333
DisabledElementTest:0.13333333333333333
JQueryExtractorSample:0.12
