DashboardHelper:0.45666666666666667
GwtViewHelper:0.39
GwtTeamingMessages:0.32666666666666666
GwtUIHelper:0.32
GwtServerHelper:0.3
GwtMenuHelper:0.2833333333333333
FolderDisplayDataRpcResponseData:0.27666666666666667
GwtHtml5Helper:0.23666666666666666
FolderViewBase:0.23333333333333334
UserListPanel:0.22333333333333333
GwtRpcServiceImpl:0.20666666666666667
CopyMoveTarget:0.14
ViewPermalinkController:0.11666666666666667
UserListInfoRpcResponseData:0.06
VibeCalendar:0.050555555555555555
GetFolderHasUserListCmd:0.03333333333333333
GetUserListInfoCmd:0.008333333333333333
