FinalizableReferenceQueue:0.47333333333333333
BytecodeGen:0.4266666666666667
FinalizableReferenceQueueTest:0.30333333333333334
ProxyFactory:0.2003174603174603
AllTests:0.12666666666666668
FinalizerLoader:0.10666666666666667
DecoupledLoader:0.09
MockReference:0.023333333333333334
FinalizableWeakReference:0.023333333333333334
DecoupledClassLoader:0.006666666666666667
SystemLoader:0.0
DirectLoader:0.0
FailableCache:0.0
Function:0.0
FinalizableSoftReference:0.0
