Config:0.7566666666666667
ApolloDataAdapterI:0.6933333333333334
GAMEAdapter:0.5633333333333334
DataListener:0.4431269841269841
SerialDiskAdapter:0.35333333333333333
DummySequenceAdapter:0.24666666666666667
EnsCGIAdapterGUI:0.24
FeatureView:0.23
EnsCGIAdapter:0.22666666666666666
CORBAAdapter:0.22
EfetchSequenceAdapter:0.20142857142857143
GFFAdapter:0.2
GAMEAdapterGUI:0.19
ApolloFrame:0.16666666666666666
GFFAdapterGUI:0.16333333333333333
AbstractApolloAdapter:0.09333333333333334
