ViewState:0.44666666666666666
TransitionModel:0.36666666666666664
ViewStateModel:0.3333333333333333
FlowModelFlowBuilder:0.32666666666666666
XmlFlowModelBuilder:0.20666666666666667
FlowArtifactFactory:0.19
