WebviewerLinkProvider:0.62
WebviewerLinkProviderSPI:0.3
StudyListPage:0.2966666666666667
OviyamLinkProvider:0.2833333333333333
