JsfView:0.5466666666666666
FlowActionListenerTests:0.33
FlowActionListener:0.32666666666666666
JsfViewTests:0.27666666666666667
MockViewState:0.195765873015873
