Model:0.385
PrintTask:0.26
ContentRenderer:0.22333333333333333
EmptyHintKey:0.18666666666666668
Apply:0.16
PrintWidget:0.1
