Action:0.47333333333333333
Sequence:0.23666666666666666
Actor:0.23166666666666666
UITest:0.21333333333333335
RotateBy:0.18666666666666668
RotateTo:0.18666666666666668
Delay:0.18666666666666668
MoveBy:0.18666666666666668
MoveTo:0.18666666666666668
FadeIn:0.18666666666666668
FadeOut:0.18666666666666668
ScaleTo:0.18666666666666668
Parallel:0.15
FadeTo:0.10833333333333334
