SqlBuilder:0.5566666666666666
QueryCmd:0.5033333333333333
ImageQueryCmd:0.2833333333333333
SeriesQueryCmd:0.24
HPQueryCmd:0.23666666666666666
SeriesDAOImpl:0.23333333333333334
StudyQueryCmd:0.22666666666666666
BaseCmd:0.22333333333333333
GPWLQueryCmd:0.21666666666666667
BaseReadCmd:0.19666666666666666
QueryPermissionNestedMatch:0.19333333333333333
PatientQueryCmd:0.1211111111111111
BaseDSQueryCmd:0.11666666666666667
MWLQueryCmd:0.03333333333333333
