FrameworkField:0.38333333333333336
RuleFieldValidatorTest:0.31333333333333335
ParentRunnerTest:0.2733333333333333
TestWithNonStaticClassRule:0.11055555555555555
TestWithProtectedClassRule:0.11055555555555555
TestWithNonStaticTestRule:0.03333333333333333
TestWithArbitraryObjectWithRuleAnnotation:0.03333333333333333
TestWithMethodRule:0.03333333333333333
