Principal:0.5866666666666667
LdapModuleImpl:0.45
ObjectKeys:0.27165079365079364
UserCoordinator:0.26
DefaultProfileCoreProcessor:0.26
