FileSystem:0.54
RedeploymentTest:0.35333333333333333
FileSystemImpl:0.33666666666666667
KeyStoreTest:0.30666666666666664
FileResolverTest:0.19666666666666666
FileResolver:0.19
