CubemapAttribute:0.49
GLTexture:0.4630555555555555
TextureLoader:0.2816666666666667
