JoinHash:0.5416666666666666
PagesIndex:0.5222222222222221
IsolatedClass:0.33
