SubnetsFrame:0.5333333333333333
ReleaseFromIPAddresAction:0.44
RelateToIPAddressAction:0.23666666666666666
