DecodeEmailTask:0.5766666666666667
DecodeServlet:0.5766666666666667
EmailAuthenticator:0.39666666666666667
