CsvLoader:0.5644444444444445
DataLoaderTest:0.4266666666666667
AbstractDataLoaderTest:0.4266666666666667
