CollectionCacheInvalidator:0.6633333333333333
CollectionCacheEvictionTest:0.43333333333333335
CollectionCacheEvictionWithoutMappedByTest:0.34
