AbstractDatabaseTest:0.5961111111111111
RoutingServiceTest:0.2876666666666667
