SymmetricManagementService:0.44666666666666666
INodeService:0.38333333333333336
NodeService:0.38333333333333336
