RoverMission:0.6483333333333333
Trade:0.5183333333333333
