ListRecordingsForUriSessionTest:0.41333333333333333
ArchiveReplayLoadTest:0.37
ArchiveRecordingLoadTest:0.27666666666666667
RecordingSessionTest:0.25666666666666665
