StatusUpdater:0.43
ApplicationRouteLocator:0.37
StatusUpdaterTest:0.34
AdminServerWebConfiguration:0.2866666666666667
RevereseZuulProxyConfiguration:0.14333333333333334
ApplicationRoute:0.06333333333333334
