SharedSocket:0.5766666666666667
SharedNamedPipe:0.41333333333333333
ConnectionJDBC2:0.36333333333333334
NamedPipeUnitTest:0.05
