Factory:0.51
SerialDiffParser:0.29194444444444445
BasePipelineAggregationTestCase:0.24550000000000002
BaseAggregationTestCase:0.24550000000000002
