ElasticsearchAssertions:0.41888888888888887
SearchSourceBuilder:0.41
ScriptField:0.2966666666666667
LocalTransport:0.2625
SearchService:0.25
AssertingLocalTransport:0.14
