DSL:0.7394444444444445
AggregateWindowFunctionTests:0.37111111111111117
