IssueTracker:0.4866666666666667
SwingUtils:0.31333333333333335
TasksTree:0.29
JiraTracker:0.27666666666666667
TreePopupMenu:0.27666666666666667
AbstractSimplePanelDialog:0.21666666666666667
TaskTreeKeyAdapter:0.21666666666666667
IssueTrackerException:0.06666666666666667
ActionGotoIssueTrackerTask:0.0475
