IRUnitDriver:0.6966666666666667
IRUnitIrisDBNWorkerTests:0.3233333333333333
IRUnitSVMLightWorkerTest:0.23666666666666666
