AttributeMap:0.3911111111111111
UnmodifiableAttributeMap:0.33666666666666667
AnnotatedAction:0.32666666666666666
XmlFlowBuilder:0.2633333333333333
AbstractFlowBuilder:0.23333333333333334
AbstractAttributeMap:0.20833333333333334
AttributeCollection:0.013333333333333334
