TestCase:0.5483333333333333
NaturalIdTest:0.30666666666666664
QueryAndSQLTest:0.28
NaturalIdOnSingleManyToOneTest:0.2633333333333333
