HASearchNode:0.5566666666666666
ConfigService:0.43
LucenePage:0.31
NewLuceneHANodeDialog:0.25333333333333335
