CompilerContext:0.6033333333333334
Parameter:0.5116666666666667
