El2Test:0.76
StringParse:0.25666666666666665
IdentifierObj:0.22
CustomMake:0.18666666666666668
