SqlScript:0.5833333333333334
MySQLDbSupport:0.39666666666666667
MySQLMigrationMediumTest:0.25
