IsProtonInConjugatedPiSystemDescriptor:0.6933333333333334
IsProtonInAromaticSystemDescriptorTest:0.30666666666666664
IsProtonInConjugatedPiSystemDescriptorTest:0.18666666666666668
