EventConstants:0.5913888888888889
EventUtils:0.3433333333333333
DataManager:0.34
DataUpdater:0.31
ModifyAssetServlet:0.17
BroadcastEventProcessor:0.12333333333333334
RTCConstants:0.014285714285714285
