SegmentStages:0.6555555555555556
VanillaChronicleMap:0.4583333333333333
HashSegmentIteration:0.36333333333333334
