HandlerRegistration:0.4166666666666667
FakeEventBusMetrics:0.35
MetricsTest:0.29333333333333333
EventBusMetrics:0.2132777777777778
DummyEventBusMetrics:0.1475
