SyntenyLinkMenu:0.6866666666666666
SyntenyLinkPanel:0.37333333333333335
