Installer:0.5566666666666666
InstallerDb:0.43888888888888894
ConfigFileConstants:0.31666666666666665
