StressThread:0.4633333333333333
BackpressureRegulatorStressTest:0.36333333333333334
TestThread:0.35333333333333333
ReliableTopicStressTest:0.16666666666666666
