SyntenyLinkPanel:0.7066666666666667
LinkMouseListener:0.39666666666666667
