Bidirectional:0.72
KerasWeightSettingTests:0.4766666666666667
KerasBidirectional:0.33666666666666667
