MockServiceReference:0.8766666666666667
MockServiceReferenceTest:0.19666666666666666
