Namespace:0.7066666666666667
CtrlFactory:0.3466666666666667
