TagW:0.6266666666666667
AnnotationsLayer:0.4514444444444445
DefaultView2d:0.36
ModalityPrefView:0.26888888888888884
InfoLayer:0.21
ViewTransferHandler:0.19111111111111112
DicomFieldsView:0.16555555555555557
DisplayTool:0.13666666666666666
AnonymCheckNode:0.12666666666666668
