GeomUtil:0.4166666666666667
AbstractDragGraphic:0.38
MeasureTool:0.30333333333333334
AdvancedShape:0.3
ImageTool:0.25666666666666665
View2dContainer:0.25
DisplayTool:0.16
MouseHandler:0.10333333333333333
PerpendicularLineGraphic:0.09
eHandlePoint:0.0011111111111111111
