PrimitiveCodecs:0.45666666666666667
DBCollection:0.44333333333333336
Builder:0.36333333333333334
DocumentCodecTest:0.2833333333333333
