PackageManager:0.556984126984127
PySystemState:0.5166666666666667
SysPackageManager:0.36333333333333334
SyspathArchive:0.18444444444444444
