ShadowActivity:0.6065555555555555
ShadowPreferenceActivity:0.3466666666666667
