Key:0.5666666666666667
MapBinderTest:0.4866666666666667
Annotations:0.375
RealMultibinder:0.31666666666666665
Multibinder:0.27666666666666667
MultibinderTest:0.25666666666666665
