MockMvcRequestSpecificationImpl:0.5066666666666667
RestAssuredMockMvc:0.41333333333333333
MockMvcRequestSenderImpl:0.31666666666666665
RequestLoggingTest:0.07
