WebTestCase:0.6366666666666667
HtmlRadioButtonInputTest:0.3566666666666667
