TooltipBehaviour:0.5066666666666667
BaseForm:0.43
StudyListPage:0.38666666666666666
