WebUrlUtil:0.61
WebKeys:0.5910000000000001
DispatchServer:0.18577777777777776
