JpaCompliance:0.5906111111111111
AbstractLazyInitializer:0.43
GetLoadTest:0.2733333333333333
JpaComplianceImpl:0.25
JavassistLazyInitializer:0.14
JpaComplianceTestingImpl:0.14
AvailableSettings:0.07333333333333333
