Utils:0.44333333333333336
ObjectConnectionWidget:0.39
ViewScene:0.36333333333333334
NavigationTreeTopComponent:0.28
ListManagerTopComponent:0.23666666666666666
PoolsTopComponent:0.23333333333333334
TopologyViewScene:0.20333333333333334
DataModelManagerTopComponent:0.18
PhysicalConnectionProvider:0.16333333333333333
ObjectViewService:0.16166666666666665
ViewBuilder:0.12
DataModelManagerService:0.04
