ImageArchivingSessionTest:0.7133333333333334
SystemTest:0.5266666666666666
ArchiveIndexTest:0.15
