Param:0.4633333333333333
MethodTag:0.4266666666666667
FreemarkerUtil:0.30333333333333334
