DelaunayTriangulator:0.5166666666666667
DelaunayTriangulatorTest:0.43055555555555564
LwjglDebugStarter:0.19
