PeriodFormatterBuilder:0.5466666666666666
FieldFormatter:0.41333333333333333
PeriodFieldAffix:0.3441666666666667
CompositeAffix:0.32666666666666666
PluralAffix:0.2227777777777778
SimpleAffix:0.2227777777777778
