Vertex:0.6233333333333333
Edge:0.4633333333333333
WeightedGraph:0.39
Dijsktra:0.14333333333333334
AStar:0.056666666666666664
