Version:0.5233333333333333
Node:0.31666666666666665
VersionTests:0.25
Elasticsearch:0.22
