CustomersTest:0.32
CarriersTest:0.25
Products2Test:0.23333333333333334
SubfamilyPureRemarksCalculator:0.18333333333333332
WarehouseFormatter:0.15666666666666668
ProductsTest:0.14666666666666667
ProductsWithSectionTest:0.14
DefaultWarehouseCalculator:0.14
