ArticleProcessor:0.3566666666666667
MetaWeblogAPI:0.3466666666666667
TagProcessor:0.2733333333333333
ArticleMgmtService:0.21333333333333335
Filler:0.21333333333333335
InitService:0.21333333333333335
IndexProcessor:0.19
PageCacheFilter:0.13666666666666666
LoginProcessor:0.12666666666666668
AdminConsole:0.12666666666666668
StatProcessor:0.11333333333333333
UserTemplateProcessor:0.09333333333333334
PageProcessor:0.09333333333333334
InitProcessor:0.04666666666666667
