PurgeService:0.54
ParameterConstants:0.44333333333333336
StatisticFlushJob:0.2833333333333333
PurgeServiceSqlMap:0.20333333333333334
IPurgeService:0.155
