ParameterizedTransformTest:0.46
PJOperation:0.3616666666666667
AuthorityFactoryTest:0.31666666666666665
