DataDefinitionImpl:0.7661111111111112
QueryFragmentFunctions:0.36222222222222217
