RBM:0.71
MasterActor:0.31666666666666665
ImageLoader:0.26666666666666666
