Mirror:0.9866666666666667
_Infos:0.30333333333333334
