GwtTeamingMessages:0.506388888888889
ObjectKeys:0.461111111111111
NetFolderHelper:0.32666666666666666
NetFolder:0.22
AbstractBinderProcessor:0.21761111111111112
Binder:0.20666666666666667
ModifyNetFolderDlg:0.2
GwtNetFolderHelper:0.19
