RobolectricModel:0.5783333333333334
ImplementsValidator:0.43666666666666665
ImplementsValidatorTest:0.25
