RequestBuilderBase:0.6011111111111112
StackTraceInspector:0.29444444444444445
