AttrUtils:0.53
MPPSManagerBean:0.31666666666666665
SeriesBean:0.30666666666666664
PatientBean:0.27666666666666667
StudyBean:0.25
MWLManagerBean:0.25
StudyMgtBean:0.21666666666666667
InstanceBean:0.2088888888888889
PatientUpdateBean:0.20333333333333334
