RaMasterApi:0.5966666666666667
RaApprovalRequestInfo:0.48333333333333334
RaManageRequestsBean:0.37333333333333335
RaMasterApiSessionBean:0.3
RaRequestsSearchResponse:0.21666666666666667
RaMasterApiProxyBean:0.17
RaRequestsSearchRequest:0.018333333333333333
