BinarySearchTree:0.4766666666666667
DataStructures:0.42
SkipListMap:0.41333333333333333
RedBlackTree:0.36666666666666664
