ReferenceDDLUtils:0.6333333333333333
ReferenceUtils:0.5133333333333333
TableDDLUtils:0.3933333333333333
JooqUtils:0.18333333333333332
