ShadowBitmap:0.4166666666666667
ReflectionHelpers:0.36
ShadowBitmapDrawableTest:0.3466666666666667
RoboWebSettingsTest:0.3333333333333333
Robolectric:0.33
RobolectricTestRunner:0.25333333333333335
ShadowBitmapDrawable:0.22333333333333333
ParallelUniverse:0.21777777777777782
ShadowResources:0.18416666666666667
ShadowEnvironmentTest:0.17666666666666667
ShadowBitmapTest:0.17333333333333334
TestClassRunnerForParameters:0.15944444444444442
FromCharSequence:0.13666666666666666
ShadowMediaStore:0.0
