EmoticonsPlugin:0.23666666666666666
MacroExpansionPlugin:0.23666666666666666
SimpleSearchPlugin:0.13333333333333333
ShowMeMorePlugin:0.08333333333333333
HyperlinkURLPlugin:0.07666666666666666
