WorkerActor:0.5366666666666666
ActorNetworkRunnerApp:0.5033333333333333
