Workstation:0.6633333333333333
Application:0.33666666666666667
ApplicationWorkbenchAdvisor:0.28
