ptrEditor:0.435
RecordEditor:0.4033333333333333
BasicValueTag:0.3566666666666667
