PluginDescriptor:0.47333333333333333
Main:0.30333333333333334
Root:0.264
Plugin:0.26
XMLRegistryReader:0.21527777777777782
LibraryClassLoader:0.195
