WebSocketImpl:0.6824603174603174
SSLServer:0.44333333333333336
