UnmodifiableLazyListTest:0.5866666666666667
IntHashSetTest:0.5066666666666667
ExceptionUtilTest:0.32666666666666666
