ParserATNSimulator:0.44
Predicate:0.395
PrecedencePredicate:0.27
OR:0.17333333333333334
AND:0.17
ProfilingATNSimulator:0.16333333333333333
PredicateEvalInfo:0.13
