BaseMultiLayerNetwork:0.9133333333333333
MasterActor:0.3466666666666667
ActorNetworkRunner:0.34
