Mapper:0.9066666666666666
DocumentMapper:0.47333333333333333
NumberFieldMapper:0.3416666666666667
MapperBuilders:0.34
SimpleStringMappingTests:0.11666666666666667
IndexFieldDataServiceTests:0.09222222222222222
SimpleMapperTests:0.07722222222222222
MultiFieldTests:0.07333333333333333
AbstractFieldDataTests:0.07305555555555555
FieldDataTermsFilterTests:0.06333333333333334
