Util:0.76
StoppWatch:0.37333333333333335
FileZipper:0.3233333333333333
