Context2SimpleXPath:0.5833333333333334
SimpleXPath:0.32666666666666666
XmlQedeqFileDao:0.3
