MsgPong:0.6733333333333333
MsgPing:0.4483333333333333
