CMap:0.71
PartitionManager:0.33
ConcurrentMapManager:0.2866666666666667
MapStoreTest:0.19
EvictOperationHandler:0.18555555555555558
GetOperationHandler:0.15555555555555556
CMapTest:0.14
GroupProperties:0.1
