GraphVertex:0.5078452380952382
ComputationGraph:0.39666666666666667
LayerVertex:0.13333333333333333
PreprocessorVertex:0.13333333333333333
DuplicateToTimeSeriesVertex:0.13333333333333333
ElementWiseVertex:0.13333333333333333
LastTimeStepVertex:0.13333333333333333
MergeVertex:0.13333333333333333
SubsetVertex:0.13333333333333333
InputVertex:0.10666666666666667
