OpenDialog:0.58
DataLoader:0.4866666666666667
NBrowseFrame:0.32666666666666666
