FileResource:0.6044444444444443
NearestNeighborsResource:0.5480555555555555
