DefaultUACDSEditor:0.4033333333333333
NewWidgetEventDialog:0.32666666666666666
NewLayerNotificationDialog:0.2903333333333334
NewLayerRequestDialog:0.2896666666666667
NewSetParameterDialog:0.2866666666666667
AbstractCommandDialog:0.07666666666666666
