AuthorizationEvent:0.42333333333333334
EditBlogPermissionsPlugin:0.35333333333333333
EditBlogAuthorizationPlugin:0.32666666666666666
AddAuthorizationEvent:0.03333333333333333
DeleteAuthorizationEvent:0.03333333333333333
