RingbufferCacheEventJournalImpl:0.8966666666666666
RingbufferMapEventJournalImpl:0.67
EventJournalReader:0.19527777777777777
