WhitelistYubiKeyAccountRegistry:0.2833333333333333
YubiKeyAuthenticationHandler:0.27
OpenYubiKeyAccountRegistry:0.23666666666666666
YubiKeyAuthenticationHandlerTests:0.23333333333333334
BaseYubiKeyAccountRegistry:0.145
MongoDbYubiKeyAccountRegistry:0.07
JsonYubiKeyAccountRegistry:0.03333333333333333
WSFederationConstants:0.0
