DateTimePicker:0.7708333333333334
DateTimePickerTag:0.5066666666666667
DateTimePickerTagTest:0.2633333333333333
