Saros:0.5466666666666666
EditorAPI:0.42333333333333334
SharedProject:0.31
JoinSessionWizard:0.2733333333333333
SubscriptionListener:0.21
RegisterAccountPage:0.20333333333333334
FileUtil:0.20333333333333334
SarosUI:0.16666666666666666
ErrorMessageDialog:0.14
ScanRunner:0.12333333333333334
DeleteContactAction:0.11666666666666667
NewSessionAction:0.11
RenameContactAction:0.10666666666666667
NewContactAction:0.10333333333333333
WarningMessageDialog:0.07666666666666666
