BackgroundTask:0.44
FeedsFS:0.38333333333333336
FeedDownloader:0.37666666666666665
BackgroundTaskManager:0.37
FetchAllFeedsAction:0.0375
CancelFeedDownloadAction:0.03277777777777778
