PermissionEditorController:0.38333333333333336
EditorControllerRequestBean:0.32455555555555554
LoadRolesController:0.23865079365079367
LoadPermissionsRequestBean:0.22633333333333336
LoadUsersRequestBean:0.22633333333333336
LoadPermissionsForRequestBean:0.22166666666666668
LoadRolesForRequestBean:0.22166666666666668
LoadUsersForRequestBean:0.22166666666666668
LoadRolesRequestBean:0.1980952380952381
PermissionEditor:0.16
PermissionResult:0.07
