JSONObject:0.63
XML:0.31333333333333335
JSONTokener:0.27166666666666667
HTTP:0.18244444444444444
JSONML:0.17333333333333334
