Simulator:0.5355555555555556
SystemProperties:0.485
Options:0.4163888888888889
History:0.31666666666666665
LoadGrammarAction:0.18
