Visitor:0.5933333333333334
AbstractInsertAnalyzedStatement:0.37666666666666665
InsertFromValuesAnalyzedStatement:0.32
InsertFromSubQueryAnalyzedStatement:0.31
