AggregateStatus:0.706111111111111
DefaultAggregateStatusService:0.36
AggregateStatusService:0.29422222222222216
