TestClass:0.5533333333333333
FrameworkField:0.35333333333333333
Theories:0.18
TestClassRunnerForParameters:0.18
FrameworkMember:0.16
TestClassTest:0.13333333333333333
SubclassWithField:0.052
SuperclassWithField:0.0
