Configuration:0.5233333333333333
WebSocketTransport:0.36
FlashSocketTransport:0.33
SocketIOChannelInitializer:0.2511111111111111
