ParticleEmitter:0.6883333333333334
SpriteCacheTest:0.2866666666666667
ParticleEmitterTest:0.23
