VibeIndexAnalyzer:0.39666666666666667
VibeQueryAnalyzer:0.39666666666666667
VibeIndexAnalyzerTest:0.27666666666666667
VibeQueryAnalyzerTest:0.22333333333333333
VibeAnalyzer:0.18666666666666668
StandardIndexAnalyzerTest:0.06
VibeSnowballFilter:0.056666666666666664
StandardQueryAnalyzerTest:0.056666666666666664
VibeASCIIFoldingFilter:0.05
LetterOrDigitTokenizer:0.03333333333333333
