VanillaChronicleMap:0.7166666666666667
ChronicleMapImportExportTest:0.27666666666666667
XStreamConverter:0.27
