Dealer:0.5988888888888888
DealerEditor:0.41
DealerEditorConfiguration:0.21666666666666667
