Tag:0.59
Node:0.4166666666666667
ParsedTag:0.4
LagartoParser:0.38666666666666666
LagartoDOMBuilderTagVisitor:0.3333333333333333
CharScanner:0.21
