Jedis:0.5
Protocol:0.43333333333333335
BinaryRedisPipeline:0.2833333333333333
JedisCommands:0.2833333333333333
MultiKeyCommandsPipeline:0.2833333333333333
BinaryJedisCommands:0.2833333333333333
MultiKeyBinaryCommands:0.2833333333333333
MultiKeyBinaryRedisPipeline:0.2833333333333333
RedisPipeline:0.2833333333333333
Commands:0.2833333333333333
MultiKeyCommands:0.2833333333333333
Pipeline:0.24666666666666667
ShardedJedisPipeline:0.23666666666666666
BinaryClient:0.22
ShardedJedis:0.21333333333333335
Client:0.17333333333333334
BinaryShardedJedis:0.16666666666666666
BinaryJedis:0.16
BitCommandsTest:0.03333333333333333
