LoginView:0.30666666666666664
ResourcesDashboardWidget:0.22330952380952382
ServiceManagerDashboard:0.21333333333333335
AbstractDashboardWidget:0.19333333333333333
MainView:0.17
DummyDashboardWidget:0.09666666666666666
TheaterDashboardLayout:0.09666666666666666
AbstractDashboard:0.07666666666666666
ServiceViewsDashboardWidget:0.043333333333333335
