JUnit5TestEngine:0.3566666666666667
EngineTestExecutionNode:0.32666666666666666
TestExecutionContext:0.2866666666666667
