CAAdminSessionBean:0.6311111111111112
RSASignSessionBean:0.4008333333333333
ViewCAInfoJSPHelper:0.28305555555555556
