TextureAtlas:0.5266666666666666
AtlasRegion:0.5233333333333333
AtlasSprite:0.27666666666666667
