RequestTemplate:0.575
Contract:0.45
TestInterface:0.40996031746031747
RequestTemplateTest:0.32666666666666666
Defaults:0.18666666666666668
ParseHandlersByName:0.16333333333333333
FeignTest:0.11333333333333333
DefaultContract:0.09211111111111112
