Request:0.8019999999999999
FilterableTest:0.17333333333333334
