IHEDocumentList:0.54
WADOSupport:0.4166666666666667
RIDSupport:0.36333333333333334
RIDExport:0.25666666666666665
RIDService:0.25666666666666665
