OperationService:0.6933333333333334
BasicOperationService:0.46
Operation:0.45
InternalOperationService:0.3647222222222222
BackupResponse:0.33666666666666667
Response:0.2833333333333333
PartitionIteratingOperation:0.25666666666666665
Backup:0.21666666666666667
NodeEngineImpl:0.2075
BasicInvocation:0.2
ResponseHandlerFactory:0.18444444444444444
LocalInvocationResponseHandler:0.14666666666666667
SpiDataSerializerHook:0.13666666666666666
RemoteInvocationResponseHandler:0.08
