Http2ServerResponseImpl:0.44333333333333336
Http2ServerRequestImpl:0.36666666666666664
VertxHttp2Handler:0.34
Push:0.2866666666666667
HttpServerResponseImpl:0.27166666666666667
VertxHttp2Stream:0.23214285714285712
Http2Test:0.21027777777777776
HttpServerResponse:0.19416666666666665
