TypeDescription:0.9166666666666666
Raw:0.4866666666666667
Latent:0.38333333333333336
GenericTypeDescriptionTest:0.15666666666666668
