ClusterDescription:0.54
ClusterableServer:0.3906666666666666
BaseCluster:0.33
DefaultServer:0.22333333333333333
ClusterDescriptionTest:0.21666666666666667
MultiServerCluster:0.18333333333333332
ServerMonitor:0.13
TestServer:0.12333333333333334
TestClusterableServerFactory:0.07
SingleServerCluster:0.06
DefaultClusterableServerFactory:0.03
ClusterableServerFactory:0.0
