BasicMapStoreContext:0.57
DefaultRecordStore:0.47333333333333333
MapStoreEvictionTest:0.3466666666666667
