TranslationGestureListener:0.3433333333333333
CropIwaOverlayConfig:0.33
CropIwaDynamicOverlayView:0.2866666666666667
CropIwaImageView:0.22666666666666666
CropIwaView:0.2
CropIwaOverlayView:0.19361111111111112
TensionInterpolator:0.12333333333333334
CropIwaLog:0.10333333333333333
TensionBorder:0.08161111111111112
GestureProcessor:0.006666666666666667
