GoTerm:0.7533333333333333
GoTermParsedListener:0.4431269841269841
AddTerm:0.35333333333333333
GoRdfReaderTest:0.24
GoRdfHandler:0.20666666666666667
BulkTermLoader:0.19333333333333333
GoRdfHandlerTest:0.16333333333333333
LoadingRelationshipsListener:0.13666666666666666
GoRdfReader:0.13
AddBulkGoTerm:0.12666666666666668
AllJUnitTests:0.11666666666666667
GoTermCollection:0.11333333333333333
PubContentHandler:0.06333333333333334
LoadingTermsListener:0.03
