DefaultPollerFrontEnd:0.5066666666666667
DefaultPollerSettings:0.36666666666666664
PollerFrontEndIntegrationTest:0.3566666666666667
