Robolectric:0.5833333333333334
Scheduler:0.48
RobolectricInternals:0.35333333333333333
ShadowSystemClock:0.3433333333333333
ShadowHandler:0.24333333333333335
RoboWindow:0.24
ShadowWrangler:0.19666666666666666
Setup:0.19666666666666666
ViewTest:0.18
ShadowViewGroup:0.17333333333333334
HandlerTest:0.12666666666666668
SchedulerTest:0.12
ShadowChoreographer:0.11666666666666667
SystemClockTest:0.09333333333333334
