MultiMapTransactionLog:0.5683333333333334
TransactionalMultiMapProxySupport:0.5133333333333333
TransactionalMultiMap:0.42380555555555555
