MockedClientConnection:0.5066666666666667
ClientInvocationFuture:0.38666666666666666
MockClientConnectionManager:0.2966666666666667
ClientInvocationServiceSupport:0.20666666666666667
TestClientRegistry:0.043333333333333335
