IonizationPotentialTool:0.5533333333333333
ProtonAffinityTool:0.5277777777777778
