AbstractCacheMap:0.43666666666666665
CachedValue:0.41333333333333333
LFUCacheMap:0.37
MapKey:0.2833333333333333
NoneCacheMap:0.12416666666666666
LFUCachedValue:0.06333333333333334
