ReceiveChannelEndpoint:0.6427777777777778
SendChannelEndpoint:0.4766666666666667
UdpChannelTransport:0.43
