RepeatableRead:0.48
QueryCompany_ReadCommitted:0.38666666666666666
Transaction:0.2966666666666667
TransLevelTest:0.23
