InstanceTracker:0.3587619047619048
SnmpCollectionTrackerTest:0.35333333333333333
GetBulkBuilder:0.2577777777777778
SnmpColumn:0.21333333333333335
SnmpCollectionTracker:0.21333333333333335
SpecificInstanceTracker:0.10777777777777776
ColumnInstanceTracker:0.08666666666666667
