JobSupervisor:0.6733333333333333
MapReduceUtil:0.44333333333333336
GetResultOperation:0.35
