FileUtil:0.6933333333333334
FindFile:0.27666666666666667
ClassLoaderUtil:0.2733333333333333
URLConverter:0.15
