AtmosphereServlet:0.48333333333333334
Filter:0.4533333333333333
JettyWebSocketSupport:0.2966666666666667
AtmosphereResourceImpl:0.2633333333333333
BroadcasterProvider:0.2041666666666667
AtmosphereFilter:0.17194444444444446
AtmosphereResourceConfigurator:0.15
TrackableResourceProvider:0.07583333333333334
