AttributeTab:0.47
JUMPConfiguration:0.3233333333333333
LayerPropertiesPlugIn:0.30666666666666664
FeatureInfoTool:0.2833333333333333
