Def:0.66
Struct:0.4633333333333333
Definition:0.39
NodeToStringTests:0.27
FunctionRef:0.21333333333333335
ScriptClassInfo:0.19
EFunctionRef:0.16
ELambda:0.16
PainlessExplainError:0.12666666666666668
