HTML:0.6666666666666666
StandardPage:0.5366666666666666
