Property:0.59
Context:0.53
ViewContext:0.5133333333333333
Model:0.2833333333333333
Workbench:0.28
EditView:0.21666666666666667
TreeView:0.21
ViewDockable:0.20666666666666667
PropertyTableWidget:0.19333333333333333
Propagate:0.1811111111111111
Table:0.17833333333333334
ContextHook:0.17666666666666667
ReportPlugin:0.16666666666666666
EditPlugin:0.16
PropertyTreeWidget:0.15833333333333333
PropertiesActionGroup:0.15333333333333332
Content:0.15
Tree:0.14833333333333334
AdvancedEditor:0.13
EntitiesActionGroup:0.13
InteractionListener:0.11666666666666667
AnnotationsReport:0.11333333333333333
ActionNew:0.11333333333333333
ResultWidget:0.11
ContextListWidget:0.10666666666666667
Warning:0.10333333333333333
ReportValidate:0.09666666666666666
Callback:0.08333333333333333
TogglePrivate:0.02666666666666667
DelProperty:0.02
