ScriptUtils:0.49
Prototype:0.26
Constructor:0.21583333333333332
ObjectHost2:0.17888888888888888
ObjectHost1:0.17888888888888888
FunctionHost1:0.12333333333333334
FunctionHost2:0.12333333333333334
