SimpleHttpClientFactoryBean:0.43333333333333335
PasswordPolicyConfiguration:0.2966666666666667
AccessTokenRequestDataHolder:0.2866666666666667
MockTicketGrantingTicket:0.2633333333333333
WsFederationConfiguration:0.24666666666666667
TicketGrantingTicketImpl:0.20666666666666667
HttpMessage:0.17
DefaultAuthenticationResult:0.16
AbstractCasProtocolValidationSpecification:0.13666666666666666
OidcIntrospectionAccessTokenResponse:0.03333333333333333
