Variable:0.44666666666666666
AnalyzerCaster:0.30333333333333334
FunctionRefTests:0.2866666666666667
LambdaTests:0.2866666666666667
FunctionTests:0.14583333333333334
