BuildingConfig:0.5266666666666666
Function:0.5266666666666666
Research:0.37
Cooking:0.22444444444444442
LoadVehicleGarage:0.22333333333333333
ObserveAstronomicalObjects:0.22
Manufacture:0.22
UnloadVehicleGarage:0.21666666666666667
MaintainGroundVehicleGarage:0.21666666666666667
MedicalAssistance:0.20333333333333334
AstronomicalObservation:0.20333333333333334
TendGreenhouse:0.20333333333333334
CookMeal:0.20333333333333334
MedicalCare:0.2
Workout:0.2
Farming:0.2
PerformMathematicalModeling:0.19666666666666666
ManufactureGood:0.19666666666666666
PerformLaboratoryExperiment:0.19666666666666666
StudyFieldSamples:0.19666666666666666
ManufactureConstructionMaterials:0.19666666666666666
SalvageGood:0.19666666666666666
PerformLaboratoryResearch:0.19666666666666666
AssistScientificStudyResearcher:0.19333333333333333
ToggleResourceProcess:0.19333333333333333
Sleep:0.19333333333333333
EatMeal:0.19
LivingAccommodations:0.18666666666666668
Communication:0.16666666666666666
Relax:0.16
ResourceProcessing:0.115
Exercise:0.10333333333333333
Management:0.10333333333333333
Dining:0.09666666666666666
Recreation:0.09666666666666666
