FileUploadItem:0.3138888888888889
AbstractFacade:0.30666666666666664
AbstractEntryProcessor:0.2966666666666667
FileModuleImpl:0.2833333333333333
DefaultFolderEmailFormatter:0.28
AbstractFolderCoreProcessor:0.21666666666666667
IndexSynchronizationManagerInterceptor:0.15333333333333332
FacadeImpl:0.13666666666666666
