RNTN:0.4866666666666667
Builder:0.22666666666666666
TreeParser:0.21
LineSentenceIterator:0.18666666666666668
TweetOpinionMining:0.12666666666666668
UimaTokenizerFactory:0.11666666666666667
TreeVectorizer:0.07666666666666666
