TemplatesService:0.5866666666666667
CommunicationsStub:0.5433333333333333
ObjectNode:0.27666666666666667
TemplatesTopComponent:0.22
CreateBusinessObjectFromTemplateAction:0.056666666666666664
ClassNode:0.0
TemplateElementNode:0.0
