Property:0.6366666666666667
Options:0.44333333333333336
PrivacyPolicy:0.23
PropertyTest:0.22
ReportMultDesc:0.16333333333333333
