HyperSearchOperationNode:0.20272884
HyperSearchRequest:0.111724496
HyperSearchFileNode:0.036432475
HyperSearchResult:0.028995642
HyperSearchTreeNodeCallback:0.028894233
jEdit:0.027907267
SearchAndReplace:0.026718639
GUIUtilities:0.026514366
View:0.02490333
Buffer:0.018703107
SearchMatcher:0.018416993
SearchDialog:0.01621354
JEditBuffer:0.016036691
EditPane:0.0148920575
HtmlUtilities:0.012955994
DockableWindowManager:0.011230937
EnhancedTreeCellRenderer:0.009364593
StyleEditor:0.008742301
SyntaxUtilities:0.008444494
EditBus:0.008018662
BufferUpdate:0.006539217
DirectoryListSet:0.006431126
HyperSearchFolderNode:0.0058049886
OperatingSystem:0.0052675875
HyperSearchNode:0.0037301756
RolloverButton:0.0036069592
DefaultFocusComponent:0.0033473538
SearchFileSet:0.0028539053
SyntaxStyle:0.0018108328
