TextUtilities:0.28643337
SearchAndReplace:0.19050014
PatternSearchMatcher:0.15770142
HyperSearchRequest:0.12677896
BoyerMooreSearchMatcher:0.12121475
HyperSearchOperationNode:0.09988445
HyperSearchResults:0.035212662
