WebSocketProcessor:0.8316666666666667
JettyWebSocketSupport:0.22333333333333333
