BinderHelper:0.7966666666666666
ViewController:0.33666666666666667
ListFolderController:0.27
AdvancedSearchController:0.21333333333333335
EditController:0.20666666666666667
ViewEntryController:0.16666666666666666
WorkspaceTreeController:0.15
ListProfilesController:0.15
