MockRequestContext:0.5633333333333334
MockFlowSession:0.51
MockStateContext:0.2
FlowTests:0.16666666666666666
