ServerMapItemList:0.49
XMLType:0.44
ARINCDefinition:0.42
ServerWidgetDefinition:0.37333333333333335
ClientWidget:0.3433333333333333
ClientMapItemList:0.33666666666666667
BufferOfItems:0.3333333333333333
ProxyServerWidget:0.3272804232804233
MapVertPanelRenderer:0.2866666666666667
XMLDFExporter:0.2833333333333333
ServerMapDataWidget:0.2796190476190476
GraphicsConfigHandler:0.275
AbstractDataScalingWidget:0.2733333333333333
ARINCMapHorzSource:0.2638888888888889
ARINCMapVertItems:0.25666666666666665
ARINCMapHorzItems:0.25666666666666665
ClientDebugMessageProcessor:0.25333333333333335
MessagePanel:0.24666666666666667
ARINCComUtils:0.24444444444444444
EditorWidgetTableConstructor:0.23666666666666666
WidgetEvent:0.23333333333333334
ServerMessageProcessor:0.22666666666666666
AbstractWidgetRefHandler:0.22666666666666666
DefaultBinaryDFDecoder:0.22666666666666666
XMLSAXParser:0.225
ARINCModelFactory:0.22333333333333333
AbstractWidgetFactory:0.22333333333333333
WidgetListener:0.21666666666666667
ARINCMapVertSource:0.21666666666666667
AbstractClientEngine:0.21666666666666667
ServerXMLDFHandler:0.21333333333333335
MapsPanel:0.21
ARINC661App:0.20333333333333334
ARINClientWidgetFactory:0.20333333333333334
ProtocolInputDecoder:0.2
StandAloneServerGUI2Test:0.19666666666666666
ServerBinaryDFHandler:0.19333333333333333
MapDataWidget:0.18666666666666668
MapHorzPanelRenderer:0.18
DefaultXMLExporter:0.18
DefaultBufferOfItemsConverter:0.18
AbstractServerEngine:0.17666666666666667
TextureFontRenderer:0.17666666666666667
ClientWidgetsRefHandler:0.17666666666666667
ARINCMapVertPanel:0.17333333333333334
ARINCMapHorzPanel:0.17333333333333334
ClientXMLDFHandler:0.17333333333333334
LoaderUtilities:0.16666666666666666
ClientBinaryDFHandler:0.16333333333333333
AbstractARINCHandler:0.16333333333333333
BufferOfItemsConverter:0.16055555555555556
DefaultARINCUtils:0.16
MapItemListWidget:0.07666666666666666
ClientMapDataWidget:0.06666666666666667
ClientXMLWidget:0.035
ARINCDataScalingFR180:0.0
ARINCDataScalingULong:0.0
ARINCDataScalingLong:0.0
