Tds:0.6366666666666667
TdsComm:0.3144444444444444
SQLWarningChain:0.28
AbstractResultSet:0.22333333333333333
TdsStatement:0.22
PreparedStatement_base:0.21666666666666667
TdsResultSet:0.21666666666666667
TdsConnection:0.19333333333333333
CancelController:0.15666666666666668
TimeoutHandler:0.14333333333333334
