Builder:0.8266666666666667
RecordReaderDataSetIterator:0.37
ConvolutionDownSampleLayer:0.2633333333333333
ConvolutionDownSampleLayerTest:0.17333333333333334
