EAX:0.5438888888888888
BaseEAXConstants:0.4592619047619047
CoreEAX:0.26666666666666666
BaseEAX:0.23
