Data:0.47
Pkcs11SlotLabel:0.32666666666666666
Sign:0.26666666666666666
HSMKeyTool:0.2633333333333333
KeyStoreContainerTest:0.25666666666666665
StressTest:0.2
Crypto:0.1713888888888889
