X509CertificateAuthenticationToken:0.5
DNFieldExtractor:0.4533333333333333
AuditExporterXmlTest:0.09666666666666666
X509CertificateAuthenticationTokenTest:0.06666666666666667
AccessRuleDataTest:0.03333333333333333
