Template:0.5733333333333334
RestUtils:0.30333333333333334
LicenceUtils:0.15666666666666668
