StrandedZoomableApolloPanel:0.6797222222222223
GFFFile:0.40388888888888885
