View:0.5866666666666667
ModuleTestBase:0.38666666666666666
TabBaseAction:0.25333333333333335
CustomerWithSectionTest:0.15666666666666668
TransportChargeTest:0.08666666666666667
