JSONWriter:0.6841666666666667
JSONResultTest:0.44555555555555554
JSONEnumTest:0.16
