CorpusActionService:0.5866111111111111
PartitionForm:0.3233333333333333
TxmI18N:0.31666666666666665
TreeContextMenu:0.31666666666666665
CorpusActionServiceImpl:0.30333333333333334
CorpusActionServiceAsync:0.15833333333333333
