ExportParWizardPage:0.5633333333333334
ValidatorWizard:0.35
BSHParamsComposite:0.2733333333333333
