JDateTime:0.38
MutableBoolean:0.25666666666666665
JtxTransactionMode:0.24333333333333335
MutableByte:0.23333333333333334
MutableDouble:0.23333333333333334
MutableInteger:0.23333333333333334
MutableShort:0.23333333333333334
MutableFloat:0.23333333333333334
MutableLong:0.23333333333333334
DbEntityColumnDescriptor:0.21
Entry:0.21
Type:0.202
JulianDateStamp:0.202
DateTimeStamp:0.202
DbTransactionMode:0.18333333333333332
NameValue:0.18333333333333332
