JdbcTradeDao:0.48
InitializingDataSourceFactoryBean:0.4766666666666667
JdbcJobRepositoryTests:0.375
JdbcTradeWriterTests:0.2633333333333333
