RubyEditor:0.86
RubyEditorMessages:0.4633333333333333
RubyEditorActionContributor:0.3333333333333333
