BasicServerEngine_2Test:0.3233333333333333
Extension7Test:0.30333333333333334
ARINCScrollListTest:0.29
ProtocolInputDecoderServer_2Test:0.2733333333333333
MessagePanelFactoryTest:0.2033888888888889
ConcreteLayerPainterTest:0.19333333333333333
JFXLayerPainterTest:0.19333333333333333
MessagePanelFactory2Test:0.18
GUIUtilities2Test:0.17049999999999998
StatefullAPIImpl4Test:0.11333333333333333
