LayoutManager:0.4
Timeslots:0.37333333333333335
TaskInfo:0.26
TimeSlotFilterData:0.18333333333333332
TimeSlotFilterListener:0.10838095238095237
TimeSlotFilterAction:0.10722222222222223
