TestHazelcastInstanceFactory:0.75
TestNodeRegistry:0.35333333333333333
TestHazelcastFactory:0.29333333333333333
MockJoiner:0.25666666666666665
