CompressionCodec:0.5621428571428572
DeflateCompressionCodec:0.3
GzipCompressionCodec:0.25
CompressionCodecs:0.10666666666666667
DefaultCompressionCodecResolver:0.09
CompressionCodecResolver:0.0011111111111111111
