ReplicatedChronicleMap:0.5541825396825397
EntryExternalizable:0.2735873015873016
