SpectrumResource:0.42333333333333334
SpectrumUtils:0.37
JcampParser:0.24666666666666667
CMLToJcampSpectrumMapper:0.24333333333333335
MySelectionAdapter:0.20777777777777778
ContinuousSpectrumView:0.18305555555555558
JcampToCMLSpectrumMapper:0.17666666666666667
PeakTableViewer:0.15416666666666667
