RedisClient:0.7433333333333333
ClusterConnectionManager:0.45666666666666667
DNSMonitor:0.22
ReplicatedConnectionManager:0.19333333333333333
