GoodsManager:0.7766666666666666
Cooking:0.3933333333333333
