QueryVisitorTest:0.6777777777777778
SQLReduceJobStatusTest:0.2683333333333333
