JedisSentinelTest:0.5966666666666667
JedisSentinelPoolTest:0.3433333333333333
JedisSentinelTestUtil:0.34
