CliToolTests:0.37
CliTool:0.33666666666666667
PluginManagerTests:0.3233333333333333
PluginManagerCliParser:0.28
Builder:0.27
Cmd:0.2633333333333333
Bootstrap:0.2
PluginManagerCliTests:0.14
