ImageBean:0.5233333333333333
StudyBean:0.31
GspsDiscover:0.3
SeriesBean:0.2966666666666667
ImageRun:0.29333333333333333
KeyObjectBean:0.29333333333333333
DicomObjectInterface:0.24651587301587308
ReportBean:0.2397222222222222
GspsEncode:0.23666666666666666
MinMaxPixelInfo:0.21944444444444447
GspsUid:0.20166666666666666
ImageBeanFrame:0.19333333333333333
FileLocationMgtFilter:0.19
SearchableDicomObject:0.18833333333333332
GspsBean:0.18666666666666668
PagedImageFilter:0.16333333333333333
KeyObjectFilter:0.15333333333333332
DicomObjectComparator:0.09333333333333334
SeriesRun:0.08333333333333333
