JsonParserReader:0.6533333333333333
JsonGeneratorWriter:0.4577777777777778
GsonMessageBodyProvider:0.25833333333333336
