RxDialogSure:0.6866666666666666
RxDialogEditSureCancel:0.405
ActivityDialog:0.27166666666666667
