Project:0.72
ProjectPosition:0.48
NavigatingBackingBean:0.31666666666666665
ProjectBackingBeanDataModel:0.21
FreelancerBackingBeanDataModel:0.12333333333333334
ProjectSearch:0.0
