DeleteBusinessObjectAction:0.88
DeleteMPLSConnection:0.35333333333333333
MPLSModuleActions:0.26666666666666666
