Vertx:0.44666666666666666
VertxOptions:0.37666666666666665
Buffer:0.31666666666666665
JsonArray:0.30333333333333334
RouteMatcher:0.2352777777777778
SockJSServer:0.21444444444444444
Pump:0.21444444444444444
EventBus:0.2
EventBusImpl:0.17333333333333334
VertxOptionsTest:0.06333333333333334
