DataEnvironment:0.6266666666666667
DataScope:0.4166666666666667
HopDataManager:0.22333333333333333
BinaryOperationStep:0.21333333333333335
VariableMoveStep:0.14666666666666667
AssignmentStep:0.14666666666666667
