ViewInfo:0.35
GwtTeamingMessages:0.31666666666666665
BinderViewsHelper:0.3111111111111111
CommentsWidget:0.25
ContentControl:0.21861111111111114
GwtViewHelper:0.1811111111111111
