RetryDriver:0.57
RetryingPrestoThriftServiceProvider:0.33194444444444443
ThriftConnectorConfig:0.25333333333333335
TestThriftConnectorConfig:0.21666666666666667
ThriftModule:0.17333333333333334
RetryStatus:0.04
