MultiinstanceGraphElementPresentation:0.43666666666666665
SubprocessPermissionVisitor:0.3255555555555556
StartedSubprocessesVisitor:0.32222222222222224
