StoredProcedureQueryImpl:0.45666666666666667
BaseQueryImpl:0.4266666666666667
ResultImpl:0.24333333333333335
ProcedureResultImpl:0.23666666666666666
CurrentReturnState:0.23666666666666666
ProcedureCurrentReturnState:0.23
