KeyDataPair:0.45
HttpWebConnection:0.37333333333333335
HtmlFileInput:0.27
FormData:0.2235555555555556
FormDataTest:0.18666666666666668
