ModuleProperties:0.6066666666666667
DefaultModuleProperties:0.4166666666666667
QedeqVoBuilder:0.37666666666666665
XmlModuleLoader:0.16666666666666666
SimpleHandler:0.14666666666666667
DefaultKernelServices:0.09
QedeqBoFactory:0.06333333333333334
ModuleLoader:0.0011111111111111111
