Listener:0.49916666666666665
CruiseControlController:0.48333333333333334
BuildQueue:0.30333333333333334
CruiseControlControllerTest:0.3
BuildQueueTest:0.21666666666666667
TestListener:0.15333333333333332
BuildQueueListener:0.14666666666666667
