ValidationAction:0.4266666666666667
DoubleRangeFieldValidator:0.2966666666666667
ValidatorSupport:0.24666666666666667
RegexFieldValidator:0.22
StringLengthFieldValidator:0.22
RangeValidatorSupport:0.21333333333333335
FieldValidatorSupport:0.17
StringLengthFieldValidatorTest:0.16
InternalActionSupport:0.15666666666666668
URLValidator:0.15333333333333332
RequiredStringValidator:0.13
RequiredFieldValidator:0.09333333333333334
MyObject:0.09
RegexFieldValidatorTest:0.08333333333333333
MyTestPerson:0.08333333333333333
URLValidatorTest:0.07666666666666666
IntRangeFieldValidatorTest:0.04666666666666667
RequiredStringValidatorTest:0.03333333333333333
