CachingGoogleAuthenticatorTokenRepository:0.35
BaseGoogleAuthenticatorTokenRepository:0.29333333333333333
JpaGoogleAuthenticatorTokenRepository:0.2833333333333333
GoogleAuthenticatorTokenRepositoryCleaner:0.20416666666666666
