TreeTag:0.4633333333333333
WebKeys:0.28977777777777775
ConfigureConfigurationController:0.18333333333333332
ViewController:0.18
