SharedLockService:0.5266666666666666
LockService:0.4666666666666667
ManagedService:0.36111904761904756
ServiceManager:0.26666666666666666
MapService:0.25666666666666665
LockStoreContainer:0.22333333333333333
PartitionRecordStore:0.21666666666666667
CollectionContainer:0.20666666666666667
ClusterServiceImpl:0.20333333333333334
CollectionService:0.19333333333333333
PartitionServiceImpl:0.17777777777777778
