GetActorsOrgFunctionBase:0.5153333333333333
ExecutorByNameFunction:0.1511111111111111
SQLFunction:0.1511111111111111
