RxDataUtils:0.46
ActivityRxExifTool:0.39
RxTitle:0.3406666666666667
ActivityMain:0.22666666666666666
RxUtils:0.21333333333333335
RxDialogSureCancel:0.20333333333333334
ActivityRxPhoto:0.17666666666666667
ActivityDialog:0.17
