CollectionService:0.44333333333333336
CollectionContainer:0.4166666666666667
ObjectMultiMapProxy:0.18666666666666668
CollectionPartitionContainer:0.10333333333333333
CollectionMigrationOperation:0.07333333333333333
