AbstractTransportTest:0.37833333333333335
GoogleAuthLibraryCallCredentials:0.37
OkHttpChannelBuilderTest:0.30222222222222217
ServerImpl:0.18333333333333332
ClientCallsTest:0.18333333333333332
