LocalAttributeMetadata:0.7455555555555556
LocalObjectLight:0.65
LocalClassMetadataImpl:0.31333333333333335
LocalAttributeMetadataImpl:0.2833333333333333
LocalObjectLightImpl:0.25333333333333335
NavigationTreeTopComponent:0.19583333333333333
ObjectNode:0.19
ObjectNodeProperty:0.18666666666666668
Edit:0.17666666666666667
