WebCfgService:0.4522222222222223
WebLoginContext:0.2916666666666667
BaseCfgDelegate:0.27666666666666667
SecureSession:0.24333333333333335
StudyListPage:0.23111111111111116
