ReportModule:0.6861111111111111
AuditTrail:0.30333333333333334
ReportModuleImpl:0.2833333333333333
ViewFileController:0.21333333333333335
