QuantumMechanicsComputationJobTestCase:0.894626984126984
MolecularMechanicsComputationJobTestCase:0.894626984126984
