CacheLoadingTest:0.38333333333333336
RelaxedFields:0.38333333333333336
CacheBuilderTest:0.29
MoreRelaxedFields:0.23166666666666666
UnsafeAccessTest:0.23
ConcurrentTestHarness:0.23
EntryIterator:0.17333333333333334
