ShareThisDlg:0.42333333333333334
BinderViewsHelper:0.3233333333333333
GwtTeamingMessages:0.3
ActivityStreamCtrl:0.23444444444444448
ShareThisDlgClient:0.1811111111111111
