FOXMLDODeserializer:0.7416666666666667
METSLikeDODeserializer:0.6576666666666667
