EventTest:0.37666666666666665
HtmlAttr:0.32916666666666666
HtmlElementTest:0.31
DocumentNavigator:0.31
HtmlAttrTest:0.21888888888888886
