TransportSQLActionTest:0.4166666666666667
UpdateStatementAnalyzer:0.26666666666666666
UpdateAnalyzerTest:0.23666666666666666
Comparison:0.22666666666666666
RegexpMatchOperatortest:0.22333333333333333
RegexMatcher:0.22
OperatorModule:0.21333333333333335
LuceneQueryBuilderTest:0.13333333333333333
RegexpIntegrationTest:0.05
