ThreadContext:0.4266666666666667
Request:0.30333333333333334
Node:0.3
ClusterQueueTest:0.25666666666666665
Record:0.24666666666666667
BaseManager:0.23666666666666666
ResponseQueueCall:0.20666666666666667
FactoryImpl:0.2
ClusterManager:0.19333333333333333
TargetAwareOp:0.18333333333333332
ClusterTest:0.15
MapStoreTest:0.13333333333333333
CallContext:0.12666666666666668
StoreAwareOperationHandler:0.12333333333333334
MGet:0.09666666666666666
GetState:0.05
