ApolloFrame:0.5166666666666667
StrandedZoomableApolloPanel:0.51
ApolloFrameManager:0.3711111111111111
ApolloPanelHolderI:0.23555555555555557
