Jedis:0.6633333333333333
Client:0.47
PersistenceControlCommandsTest:0.19666666666666666
