DeploymentGroupEvent:0.4766666666666667
RollingUpdateCommandTest:0.36
ZooKeeperMasterModel:0.31
Builder:0.30333333333333334
HeliosClient:0.23633333333333334
ReportingZooKeeperClient:0.21666666666666667
KafkaClientProvider:0.19333333333333333
DeploymentGroupEventTest:0.05333333333333334
