CodecCmd:0.6708333333333333
CompressCmd:0.4716666666666667
DecompressCmd:0.365
