ERDesignerComponent:0.5033333333333333
ERDesignerGraphLayout:0.315
ElectricSpringLayout:0.19666666666666666
LayoutThread:0.09583333333333334
