CommunicationsStub:0.693888888888889
ObjectNode:0.3233333333333333
