ResourceLoader:0.4533333333333333
LogTest:0.2833333333333333
ShadowLog:0.25333333333333335
DefaultRequestDirectorTest:0.24333333333333335
RobolectricTestRunner:0.21
ResourceExtractor:0.2
ShadowResources:0.2
ShadowContext:0.17666666666666667
LogItem:0.17
dimen:0.06
ShadowEnvironment:0.043333333333333335
integer:0.023888888888888887
ResourceExtractorTest:0.023333333333333334
