WebsocketTest:0.43333333333333335
ServerWebSocketImpl:0.42
Http1xServerConnection:0.3433333333333333
WebSocketImplBase:0.3
Http1xClientConnection:0.29
Http1xConnectionBase:0.20666666666666667
WebSocketBase:0.19416666666666665
