Kernel:0.56
SunshineOctree:0.4666666666666667
SunshineBidirPathtracer:0.2
OctreeKernel:0.16333333333333333
InterruptableTraceRayKernel:0.14333333333333334
OctreeInitKernel:0.11333333333333333
AccelerationKernel:0.0
