View:0.7666666666666667
ModuleTestBase:0.39666666666666667
WarehousesTest:0.25333333333333335
ChangeLabelAction:0.08333333333333333
