RestClientTestUtil:0.7366666666666667
RestClientSingleHostTests:0.42333333333333334
RestClientSingleHostIntegTests:0.3466666666666667
RestClientTestCase:0.15
