Iterator:0.4196666666666667
Empty:0.4066666666666667
CharSeq:0.3566666666666667
Node:0.3466666666666667
HashMap:0.30666666666666664
TraversableOnce:0.24415079365079365
CharUnaryOperator:0.0011111111111111111
CharFunction:0.0011111111111111111
