Planner:0.4866666666666667
TransportExecutor:0.3466666666666667
Visitor:0.2966666666666667
PlanVisitor:0.28
TransportExecutorTest:0.23666666666666666
PlannerTest:0.10333333333333333
