StackFrame:0.5233333333333333
Contract:0.5047619047619049
ThreadInfo:0.4533333333333333
DirectCallStackFrame:0.38
ContractSpecParser:0.32
ContractSpecLexer:0.29333333333333333
Reporter:0.28800000000000003
JVM:0.28
ClassInfo:0.2733333333333333
ContractVerifier:0.21333333333333335
DFA9:0.18
TestContracts:0.13777777777777775
InfoObject:0.11
Predicate:0.0867222222222222
FCMPL:0.06333333333333334
DCMPL:0.06333333333333334
DCMPG:0.06333333333333334
LCMP:0.06333333333333334
FCMPG:0.06333333333333334
Satisfies:0.06
IsValidDate:0.03333333333333333
ContractContext:0.0
