MultiFormatReader:0.35333333333333333
GenericGF:0.3
BitMatrix:0.29
BarcodeFormat:0.27944444444444444
CommandLineRunner:0.26
