QueryOptions:0.53
Query:0.47333333333333333
DBCursor:0.3933333333333333
QueryOperation:0.26111111111111107
