BeanMap:0.6266666666666667
Generator:0.5266666666666666
BeanMapEmitter:0.25333333333333335
TestBeanMap:0.19
