AliasMatchesIterator:0.5666666666666667
ExplorationTest:0.525
AbstractStrategy:0.36666666666666664
