ConstraintViolationExceptionMapperTest:0.6688888888888889
ValidatingResource:0.45666666666666667
ParamValidatorUnwrapper:0.24555555555555553
