ReportView:0.6433333333333333
ActionSave:0.43666666666666665
