Main:0.6966666666666667
CruiseControlControllerAgent:0.3566666666666667
MainTest:0.11666666666666667
