CachingHiveMetastore:0.4766666666666667
BridgingHiveMetastore:0.32666666666666666
HiveWriteUtils:0.31333333333333335
TestingHiveMetastore:0.21666666666666667
MetastoreUtil:0.20333333333333334
