Window:0.62
DocumentTest:0.45666666666666667
HtmlFrameTest:0.3333333333333333
Window2Test:0.23
HTMLFrameElementTest:0.17
