Csw:0.83
CatalogRequest:0.5366666666666666
MainFrame:0.32666666666666666
GetRecordsRequest:0.12333333333333334
GetCapabilitiesRequest:0.11333333333333333
GetRecordByIdRequest:0.11
DescribeRecordRequest:0.08666666666666667
Xml:0.07666666666666666
