DistributedResultRequest:0.47333333333333333
PageDownstreamContext:0.39666666666666667
Downstream:0.26
DistributingDownstream:0.21666666666666667
TransportDistributedResultAction:0.19777777777777777
PageBucketReceiver:0.18066666666666667
InterceptingRowReceiver:0.16666666666666666
DistributedResultRequestTest:0.056666666666666664
DistributingDownstreamTest:0.04666666666666667
