ConfigurationClass:0.5366666666666666
AutoBeanMethod:0.44666666666666666
ReflectiveConfigurationParser:0.39666666666666667
ConfigurationClassTests:0.21666666666666667
BeanMethodTests:0.21177777777777776
BasicConstructorAutowiring:0.18883333333333338
CglibConfigurationEnhancer:0.15
AutoBeanTests:0.12
AutoBeanMethodTests:0.050833333333333335
