FOXMLMaker:0.638888888888889
Converter:0.4033333333333333
SIP2FOX:0.21666666666666667
