PathNode:0.7566666666666667
ActionInvokerImpl:0.51
PathNodeTest:0.18666666666666668
