SimpleJsonIocTest:0.5344444444444444
RecurReferJsonIocTest:0.24666666666666667
PropertiesIocLoaderTest:0.18333333333333332
XmlIocLoaderTest:0.15333333333333332
JsonAopConfigrationTest:0.15333333333333332
IocCustomizedValueTypeTest:0.15333333333333332
PlugsTest:0.15333333333333332
AopJsonIocTest:0.15333333333333332
