Setting:0.55
Transport:0.5433333333333333
TimeValue:0.3566666666666667
NettyTransport:0.35333333333333333
Builder:0.35
InternalTestCluster:0.30666666666666664
Security:0.20333333333333334
UnicastZen:0.16666666666666666
NettyTransportMultiPortTests:0.16
ClientChannelPipelineFactory:0.12
UnicastBackwardsCompatibilityIT:0.12
ServerChannelPipelineFactory:0.12
NettyTransportIT:0.10333333333333333
UnicastZenPingIT:0.09
SimpleNettyTransportTests:0.08
