TransportInstanceSingleOperationAction:0.7877777777777778
SimpleRoutingIT:0.32666666666666666
TransportInstanceSingleOperationActionTests:0.26
TransportBulkAction:0.25666666666666665
TransportDeleteAction:0.24
OperationRouting:0.21
TransportUpdateAction:0.14
TestTransportInstanceSingleOperationAction:0.10666666666666667
