Index:0.6866666666666666
IndexStore:0.595
PartitionRecordStore:0.4
QueryTest:0.28
IndexImpl:0.18666666666666668
UnsortedIndexStore:0.15916666666666668
PartitionContainer:0.15666666666666668
SortedIndexStore:0.15
IndexService:0.13555555555555557
