RedissonSetCacheTest:0.4066666666666667
CommandsQueue:0.37333333333333335
RedissonSetCacheReactiveTest:0.28
CommandDecoder:0.2733333333333333
ConnectionWatchdog:0.16
