QueryTag:0.5133333333333333
ValueComputer:0.31
FormTagBase:0.24
BasicValueTag:0.20666666666666667
ValueTag:0.20333333333333334
InputTag:0.19527777777777777
IfTag:0.16333333333333333
ListFormDataProvider:0.15333333333333332
SetValueComputer:0.13
QueryValueComputer:0.06666666666666667
NullableValueComputer:0.03
