CreateTableImpl:0.6283333333333333
CreateTableColumnStep:0.5638055555555556
CreateTableAsStep:0.42380555555555555
