Extruder:0.57
Printer:0.5116666666666667
Reprap:0.32
GenericExtruder:0.28
LinePrinter:0.2733333333333333
GCodeWriter:0.25333333333333335
LayerProducer:0.24
NullExtruder:0.20333333333333334
Producer:0.15333333333333332
NullCartesianMachine:0.14916666666666667
