Updater:0.71
ParameterAveragingTrainingWorker:0.29
ParameterAveragingTrainingMaster:0.2833333333333333
MultiLayerUpdater:0.23
ParameterAveragingTrainingResult:0.23
TestUpdaters:0.22333333333333333
ComputationGraphUpdater:0.1822222222222222
ParameterAveragingAggregationTuple:0.12
ParameterAveragingElementCombineFunction:0.11666666666666667
AdaGradUpdater:0.11666666666666667
RmsPropUpdater:0.11666666666666667
SgdUpdater:0.11666666666666667
AdamUpdater:0.11666666666666667
NesterovsUpdater:0.11666666666666667
ParallelWrapper:0.11333333333333333
AdaDeltaUpdater:0.10666666666666667
NoOpUpdater:0.09333333333333334
ParameterAveragingElementAddFunction:0.05333333333333334
