GwtTeamingMessages:0.506388888888889
ChangeEntryTypesDlg:0.34
GwtServerHelper:0.264
GetEntryTypesCmd:0.25666666666666665
GwtViewHelper:0.24333333333333335
GwtRpcServiceImpl:0.21777777777777782
GwtClientHelper:0.21666666666666667
BinderViewsHelper:0.18666666666666668
EntryTypesRpcResponseData:0.18
