ConvolutionUtils:0.5216666666666666
ConvolutionLayer:0.4533333333333333
MultiLayerTest:0.37666666666666665
