FedoraOAIDriver:0.6661111111111111
TestFedoraOAIDriver:0.5833333333333334
