JolieDocCommandLineParser:0.7866666666666666
JolieDoc:0.38
JolieDocArgumentHandler:0.11333333333333333
