GeoDistanceSortBuilder:0.4766666666666667
ScriptSortBuilder:0.38
FieldSortBuilder:0.34
GeoDistanceSortBuilderIT:0.30333333333333334
FieldSortIT:0.27666666666666667
ScriptSortBuilderTests:0.25666666666666665
AbstractSortTestCase:0.15666666666666668
