Ini:0.43
PosModel:0.3766666666666666
X_C_DocType:0.3466666666666667
Preference:0.30333333333333334
PosPanel:0.2866666666666667
PayDialog:0.2711111111111111
MPOS:0.24666666666666667
