EndEntityInformation:0.5266666666666666
RaMasterApi:0.5105555555555557
RaEndEntitySearchRequest:0.29333333333333333
RaSearchEesBean:0.16
RaMasterApiProxyBean:0.15333333333333332
RaMasterApiSessionBean:0.12
RaEndEntitySearchResponse:0.07
