InternalFactory:0.7533333333333333
InternalContext:0.5
ProvisionException:0.42
InjectorImpl:0.35
InvalidBindingImpl:0.24777777777777782
ProviderBindingImpl:0.2377777777777778
BindingBuilderImpl:0.23
ConstructorInjector:0.20111111111111113
SingleFieldInjector:0.19666666666666666
BinderImpl:0.18666666666666668
SingleMethodInjector:0.18666666666666668
ClassBindingImpl:0.17
BoundProviderFactory:0.15
BindingPreloader:0.14666666666666667
SingleParameterInjector:0.14
ProviderToInternalFactoryAdapter:0.11
ConstantFactory:0.09666666666666666
FactoryProxy:0.07333333333333333
InternalFactoryToProviderAdapter:0.04
AllTests:0.016666666666666666
LateBoundConstructor:0.01
LoggerFactory:0.0033333333333333335
