CertTools:0.5733333333333334
StringTools:0.55
X509CAInfo:0.27
StringToolsTest:0.24666666666666667
CAAdminSessionBean:0.23
LocalUserAdminSessionBean:0.21333333333333335
LocalCertificateStoreSessionBean:0.19666666666666666
CertToolsTest:0.18666666666666668
CertificateDataUtil:0.17333333333333334
CVCCAInfo:0.15
CaInitCommand:0.10666666666666667
HwCaInitCommand:0.10666666666666667
EjbcaWSTest:0.07333333333333333
