Setters:0.8933333333333333
Inputs:0.8933333333333333
Vector3:0.5533333333333333
DefaultShader:0.36
MathUtils:0.3556666666666667
