WindowsDisplay:0.43666666666666665
Keyboard:0.39
WindowsKeyboard:0.3
LinuxKeyboard:0.25
KeyboardEventQueue:0.18666666666666668
KeyboardTest:0.18000000000000002
KeyEvent:0.06333333333333334
