InternalSearchHits:0.5383333333333333
ElasticsearchAssertions:0.5016666666666667
SimpleSortTests:0.40111111111111114
