ScriptUtils:0.5266666666666666
MainWindow:0.39666666666666667
Bookmarks:0.21777777777777782
ScriptIDE:0.21444444444444447
PluginSettingsPage:0.2116666666666667
Vars:0.19026984126984126
PluginSettings:0.1813888888888889
ScriptPlugin:0.13
