AccuRevHistoryParser:0.34
ClearCaseHistoryParser:0.33
CVSHistoryParser:0.33
MonotoneHistoryParser:0.33
SCCSHistoryParser:0.32666666666666666
RazorHistoryParser:0.31333333333333335
GitHistoryParser:0.30666666666666664
Handler:0.30666666666666664
MercurialHistoryParser:0.30666666666666664
BazaarHistoryParser:0.30666666666666664
