JPPFNode:0.51
AbstractNodeContext:0.39555555555555555
AbstractJPPFClassLoaderLifeCycle:0.2175
PeerNode:0.21594444444444444
AbstractClassLoaderManager:0.2
AbstractNode:0.17444444444444443
JPPFNodeMaintenance:0.13253968253968254
JPPFNodeMaintenanceMBean:0.08159523809523808
JPPFNodeMaintenanceMBeanProvider:0.06666666666666667
AbstractCommonNode:0.06666666666666667
