Domain:0.5933333333333334
DataType:0.34
Dialect:0.3233333333333333
DomainEditor:0.28
RelationList:0.24666666666666667
GraphvizLayout:0.22
BaseUseCases:0.19333333333333333
ReverseEngineerDataModel:0.08333333333333333
DomainList:0.04
