JacksonMappedWithExtraAnnotation:0.6376031746031745
Annotations:0.57
JsonAnnotationTest:0.20666666666666667
