ProcessDefinition:0.88
JpdlSerializer_3_2:0.4166666666666667
ExportParWizardPage:0.2633333333333333
