ProfileDaoImpl:0.575
WebKeys:0.5405555555555556
ManageQuotasController:0.2966666666666667
