FolderModule:0.7533333333333333
AccessUtils:0.49
AbstractFolderModule:0.38666666666666666
MobileAjaxController:0.22333333333333333
WorkflowUtils:0.19944444444444445
ViewEntryController:0.14777777777777779
