BinderHelper:0.6533333333333333
WebKeys:0.5475000000000001
DashboardHelper:0.31666666666666665
AdvancedSearchController:0.3
Place:0.2633333333333333
MobileAjaxController:0.25333333333333335
Person:0.07333333333333333
