DateProcessorFactoryTests:0.5133333333333333
LocaleUtils:0.4107936507936508
Factory:0.25666666666666665
