RunAsManagerImpl:0.9066666666666666
RoleVoter:0.4338888888888889
