BaseJPPFClientConnection:0.33
JPPFNode:0.31333333333333335
SendingHandshakeResultsState:0.20333333333333334
PeerNode:0.19416666666666665
TaskServerConnectionHandler:0.19
WaitingHandshakeState:0.17466666666666666
AbstractJPPFAndroidNode:0.16333333333333333
WaitInitialBundleState:0.13666666666666666
WaitingResultsState:0.13666666666666666
ClientServerFactory:0.13333333333333333
