Poller:0.5133333333333333
DefaultPollerFrontEnd:0.33666666666666667
PollService:0.3236666666666667
PollerFrontEndTest:0.26
DefaultPollService:0.20666666666666667
DemoPollService:0.15833333333333333
PollerTest:0.14333333333333334
DefaultServiceMonitorLocator:0.04666666666666667
