AbstractClientInternalCacheProxy:0.36666666666666664
AbstractClientCacheProxy:0.36
AbstractClientCacheProxyBase:0.3233333333333333
ClientCacheProxy:0.31666666666666665
ClientCachePartitionLostEventHandler:0.229031746031746
HazelcastClientCachingProvider:0.208
