Planner:0.46
Visitor:0.25476190476190474
SingleRowSubselectAnalyzerTest:0.24666666666666667
ExecutionPlanSymbolVisitor:0.16666666666666666
DeletePlanner:0.14333333333333334
DeleteAnalyzer:0.14
SubqueryPlanner:0.08666666666666667
DeleteIntegrationTest:0.07
