Robolectric:0.6666666666666666
TestAttributeSet:0.36333333333333334
ShadowContext:0.21777777777777782
TestAttributeSetTest:0.18666666666666668
ShadowTypeface:0.15888888888888889
ShadowTypedArray:0.15
ContextTest:0.13
ShadowTypefaceTest:0.07
TypedArrayTest:0.05
