LoginDlg:0.4
GwtTeamingMessages:0.31333333333333335
RequestInfo:0.2684285714285714
GwtServerHelper:0.24
GwtMainPage:0.23666666666666666
WebKeys:0.225
CompleteExternalUserSelfRegistrationCmd:0.22333333333333333
GwtRpcServiceImpl:0.21777777777777782
LoginController:0.16333333333333333
