EvaluationUtils:0.6933333333333334
EvalTest:0.655
BaseEvaluation:0.3566666666666667
