ShadowListActivity:0.6366666666666667
ListActivityTest:0.08666666666666667
