ShardDao:0.83
ShardCleaner:0.4166666666666667
TestShardCleaner:0.2733333333333333
TestShardDao:0.2733333333333333
