MessageContext:0.7866666666666666
SoapVersion:0.72
WebServiceMessage:0.5133333333333333
SoapHeaderElement:0.44
SaajSoapMessage:0.4033333333333333
AxiomSoapMessage:0.30666666666666664
MockWebServiceMessage:0.29
AbstractSoap11BodyTestCase:0.27
AxiomSoapHeaderElement:0.21666666666666667
Saaj13SoapHeaderElement:0.21666666666666667
Saaj12SoapHeaderElement:0.21666666666666667
MessageContextFactory:0.20333333333333334
MessageEndpointHandlerAdapter:0.1988888888888889
PayloadValidatingInterceptorTest:0.19666666666666666
SaajSoapMessageContext:0.19333333333333333
StringBufferWriter:0.19305555555555554
SoapMessageDispatcher:0.165
MockTransportContext:0.16
MessageEndpointHandlerAdapterTest:0.16
AbstractMarshallingPayloadEndpoint:0.15333333333333332
SoapFaultMappingExceptionResolverTest:0.15
AbstractSoapMessageTestCase:0.14333333333333334
SoapMessageDispatcherTest:0.13333333333333333
AxiomSoapMessageContextFactory:0.13
AbstractSoapHeaderTestCase:0.12666666666666668
MockMessageContext:0.11666666666666667
AxiomSoapMessageContext:0.11333333333333333
AbstractSoapBodyTestCase:0.10333333333333333
AbstractSoap11HeaderTestCase:0.08666666666666667
AbstractSoap11MessageTestCase:0.07
AbstractSoap12MessageTestCase:0.07
AbstractSoap12MessageContextFactoryTestCase:0.06333333333333334
AbstractSoap11MessageContextFactoryTestCase:0.06333333333333334
AbstractSoap11EnvelopeTestCase:0.05333333333333334
HttpTransportContext:0.03666666666666667
AbstractSoap12MessageContextTestCase:0.035
AbstractSoap11MessageContextTestCase:0.035
AbstractSoapMessageContextFactoryTestCase:0.03
SaajSoapMessageContextFactory:0.03
MockTransportRequest:0.023333333333333334
AbstractSoapMessageContextTestCase:0.023055555555555555
AxiomSoap12MessageContextFactoryTest:0.013333333333333334
MockTransportResponse:0.01
SaajSoap11MessageContextTest:0.0
