AbstractTestQueries:0.5991666666666666
CanonicalizeExpressionRewriter:0.37666666666666665
TestFunctionRegistry:0.37
