ShadowApplication:0.56
ShadowContext:0.3933333333333333
ActivityController:0.2833333333333334
ShadowToast:0.27666666666666667
ShadowResources:0.27
DrawableResourceLoaderTest:0.27
ShadowContextWrapper:0.24333333333333335
RoboMenuItem:0.23966666666666664
ShadowResourcesTest:0.22666666666666666
ShadowActivityTest:0.21666666666666667
ShadowContextWrapperTest:0.20333333333333334
ResourceLoaderTest:0.19666666666666666
ShadowPreferenceActivity:0.19
RobolectricTest:0.18666666666666668
CoreShadowsAdapter:0.18055555555555555
ShadowApplicationTest:0.17666666666666667
DefaultRobolectricPackageManagerTest:0.17666666666666667
RoboMenuTest:0.13666666666666666
ParallelUniverse:0.13666666666666666
ShadowViewConfigurationTest:0.08
