DbMigration:0.6333333333333333
SchemaVersion:0.5633333333333334
