ChartLogPresentationBuilder:0.5933333333333333
SubProcessLogComparator:0.47
GanttChartImageAction:0.23666666666666666
