RedissonBlockingFairQueue:0.4672222222222222
RedisCommands:0.426626984126984
RedissonQueueSemaphore:0.33222222222222225
