Trace:0.39666666666666667
Table:0.35
RoleManager:0.3433333333333333
User:0.3
Grantee:0.3
UserManager:0.2966666666666667
Tokenizer:0.28833333333333333
DIProcedureInfo:0.2833333333333333
Log:0.23333333333333334
Session:0.23111111111111116
DataFileCache:0.21
GranteeManager:0.21
DatabaseInformationMain:0.20333333333333334
Expression:0.20194444444444445
SchemaManager:0.19666666666666666
Database:0.19
