GL:0.6033333333333334
GLContext:0.37666666666666665
GL20:0.37
IGL:0.2866666666666667
GLImpl:0.16666666666666666
