CompressionUtils:0.65
EncryptedMapDecorator:0.30333333333333334
AbstractSaml20ObjectBuilder:0.23333333333333334
LdaptiveResourceCRLFetcher:0.23333333333333334
SpnegoCredentialsAction:0.15
FrontChannelLogoutActionTests:0.15
Cas30ResponseViewTests:0.13333333333333333
