AbstractTestQueries:0.45
AbstractTestApproximateQueries:0.42333333333333334
AbstractTestQueryFramework:0.38333333333333336
TestRaptorDistributedQueries:0.19333333333333333
