BiojavaResource:0.5966666666666667
BiojavaResourceFormat:0.3933333333333333
