PostgreSQL81Dialect:0.5033333333333333
ValidityAuditStrategy:0.47
Oracle9iDialect:0.30333333333333334
