FlowExecutionKeyStateHolder:0.7405555555555555
FlowNavigationHandler:0.5543333333333333
