Datastream:0.47
TestXACMLPolicies:0.36333333333333334
TestCommandLineUtilities:0.27666666666666667
ExecUtility:0.27499999999999997
