MoleculeKU:0.57
GenerateImages:0.36666666666666664
WriteResultsAsHTML:0.29333333333333333
rankedlabelgenerator:0.14333333333333334
SMARTCypAppTest:0.10272222222222221
