ChadoInstance:0.9
JDBCTransactionWriter:0.4533333333333333
XmlConfigFileParser:0.4166666666666667
AbstractChadoInstance:0.41333333333333333
