Controller2D:0.6266666666666667
StructureDiagramGeneratorTest:0.5566666666666666
