AbstractJPPFClient:0.5616666666666666
AbstractGenericClient:0.38
SubmissionManagerClient:0.35333333333333333
