Sender:0.6911111111111111
TestFacade:0.3457936507936508
