ConsoleServerHandler:0.6641666666666667
GreysAnatomyConsole:0.4266666666666667
MonitorCommand:0.33
