DelEntity:0.7327777777777779
Cut:0.5852777777777778
