RebuildServer:0.6133333333333333
PathRegistry:0.5066666666666667
SQLRebuilder:0.45
