DeleteContactAction:0.5833333333333334
RosterView:0.37333333333333335
