OAuth20Service:0.5666666666666667
FacebookApi:0.23333333333333334
OdnoklassnikiApi:0.23333333333333334
VkontakteApi:0.23333333333333334
DefaultApi20:0.22
HHApi:0.21333333333333335
