ClassDescriptor:0.56
Methods:0.48333333333333334
Fields:0.36666666666666664
Properties:0.19
