ByteBuddy:0.4066666666666667
Suffixing:0.3433333333333333
Default:0.33
InlineDynamicTypeBuilder:0.24833333333333332
InvocationHandlerAdapter:0.24333333333333335
Prepared:0.21333333333333335
AgentBuilder:0.19253968253968257
ForRebaseInstrumentation:0.16666666666666666
InlineDynamicTypeBuilderTest:0.15666666666666668
MethodRebaseResolverMethodNameTransformerSuffixingTest:0.12666666666666668
Prefixing:0.055
