AbstractMvcView:0.6316666666666667
ActionExecutingView:0.42333333333333334
