QuasiShape:0.35
PatternGraph:0.33666666666666667
PatternNode:0.3333333333333333
AbstractPatternNode:0.28
PatternShapeGxl:0.2733333333333333
PatternEdge:0.25666666666666665
PatternShape:0.21333333333333335
