UrlComponentEncodingTester:0.37
URLConnectionTest:0.34
HttpUrl:0.32666666666666666
Builder:0.2866666666666667
HttpUrlTest:0.19666666666666666
