SeriesModel:0.48
StudyModel:0.48
AbstractModel:0.385
InstanceModel:0.3466666666666667
PatientModel:0.33666666666666667
FolderSubmitCtrl:0.26666666666666666
FolderMoveDelegate:0.22
TrashFolderCtrl:0.19666666666666666
SeriesUpdateCtrl:0.18666666666666668
StudyUpdateCtrl:0.16666666666666666
KeyObjectViewCtrl:0.14
ExpandSeriesCtrl:0.13333333333333333
ExpandStudyCtrl:0.11333333333333333
ExpandPatientCtrl:0.11
