AttributeDescriptor:0.2633333333333333
OpperationDescriptor:0.24
PropertyDescriptor:0.24
TypeName:0.19377777777777777
AttributeName:0.19377777777777777
AssociationDescriptor:0.11277777777777778
Namespace:0.11161111111111112
