ContextPropagatingRemoteInvocation:0.6266666666666667
RemoteAuthenticationProvider:0.5941666666666666
ContextPropagatingRemoteInvocationTests:0.29333333333333333
RemoteAuthenticationProviderTests:0.25333333333333335
