AbstractTestIndexedQueries:0.6795555555555556
AppendingRecordSet:0.41999999999999993
