Builder:0.8466666666666667
PersonMapper:0.6920833333333334
ComplexColumnTest:0.11
