LocalQueryRunner:0.5233333333333333
FunctionAssertions:0.4066666666666667
ApproximateDouble:0.2633333333333333
DualTableDataStreamProvider:0.2
DualTableMetadata:0.02
