AtmosphereResourceImpl:0.4666666666666667
DefaultBroadcaster:0.43666666666666665
AsynchronousProcessor:0.27666666666666667
AtmosphereServlet:0.26
TrackableSession:0.23472222222222225
Filter:0.22333333333333333
Servlet30CometSupport:0.21
AbstractReflectorAtmosphereHandler:0.1841666666666667
BroadcasterCacheBase:0.16
