ISharedProject:0.5733333333333334
IInvitationProcess:0.5283333333333333
Util:0.5133333333333333
Saros:0.42
ITransmitter:0.38666666666666666
InvitationProcess:0.35
SharedProject:0.3466666666666667
XMPPChatTransmitter:0.3
OutgoingInvitationProcess:0.26
ConcurrentDocumentManager:0.23311111111111113
SarosUI:0.22
DataTransferManager:0.2180952380952381
ISessionManager:0.205
TimedActivity:0.18666666666666668
JoinSessionWizard:0.18666666666666668
SessionManager:0.18333333333333332
SharedResourcesManager:0.16833333333333333
InvitationDialog:0.16
IncomingInvitationProcess:0.15666666666666668
RoleManager:0.14333333333333334
JingleTransferListener:0.13833333333333334
InviteExtension:0.12333333333333334
IBBTransferListener:0.12
CancelInviteHandler:0.09
ActivitiesHandler:0.08666666666666667
Handler:0.08333333333333333
JoinSessionWizardUtils:0.08
ShowDescriptionPage:0.05333333333333334
InvitationProcessObservable:0.019166666666666665
RequestForFileListHandler:0.0
JoinHandler:0.0
