NettyAsyncHttpProvider:0.7833333333333333
WebSocketUpgradeHandler:0.37
WebSocketProtocol:0.056666666666666664
HttpProtocol:0.02666666666666667
