AtomicBuffer:0.63
AtomicArray:0.2783333333333333
Long2ObjectHashMapTest:0.2733333333333333
OneToOneConcurrentArrayQueue:0.26666666666666666
Int2ObjectHashMap:0.24166666666666667
LogRebuilder:0.2375
AtomicBufferTest:0.21
ClientProxy:0.20666666666666667
Int2ObjectHashMapTest:0.20333333333333334
PublicationTest:0.19666666666666666
FlyweightTest:0.15333333333333332
ConnectionTest:0.14666666666666667
EntryIterator:0.14333333333333334
LogRebuilderTest:0.12333333333333334
