StepContribution:0.49333333333333335
StepExecution:0.4722222222222222
ItemSkipPolicyItemHandler:0.30666666666666664
