CommercialDocumentTest:0.46866666666666673
OrderTest:0.12666666666666668
