BasicOperationScheduler:0.47
OperationHandler:0.3144444444444444
PostJoinOperation:0.31
NodeEngineImpl:0.2966666666666667
BasicOperationService:0.25333333333333335
