Planner:0.4533333333333333
AnalyzedStatementVisitor:0.4075
ShowCreateTableAnalyzedStatement:0.2833333333333333
PlanVisitor:0.22
TaskCollectingVisitor:0.19333333333333333
TransportExecutor:0.052388888888888895
