Dropout:0.6233333333333333
BaseLayer:0.41
SubsamplingLayer:0.2488888888888889
RBM:0.24222222222222223
AutoEncoder:0.21666666666666667
