Sequences:0.5405555555555556
Public:0.44
H2TableDefinition:0.3616666666666667
