TestQueues:0.6933333333333334
ResourceGroupManager:0.4
SqlQueryQueueManager:0.3383333333333333
