Settlement:0.8166666666666667
MainScene:0.27666666666666667
Sleep:0.25666666666666665
ChatBox:0.25666666666666665
MaterialDesignButton:0.24
