AbstractEntityPersister:0.64
MutableEntityEntry:0.5166666666666667
EntityEntryContext:0.3566666666666667
NoopEntityPersister:0.2088888888888889
GoofyProvider:0.18666666666666668
CustomPersister:0.18666666666666668
EnhancerTestUtils:0.17888888888888888
