BinaryFileSpiller:0.4894444444444444
HashAggregationOperatorFactory:0.4626666666666667
SpillerFactory:0.32875
BinarySpillerFactory:0.23
SpillerFactoryWithStats:0.16333333333333333
