HopParser:0.5133333333333333
HopLexer:0.44333333333333336
HopSymbolTableWalker:0.38666666666666666
DFA11:0.2
MethodDescriptor:0.2
DFA33:0.13544444444444442
DFA19:0.13544444444444442
