ConsolePlugin:0.4533333333333333
CommandoHandler:0.27666666666666667
SettingsPane:0.26666666666666666
CommandoDialog:0.24
CommandoToolBar:0.2125
TextAreaPane:0.2111111111111111
Option:0.03666666666666667
CommandoTextField:0.03
CommandoCommandsChanged:0.023333333333333334
CommandoCheckBox:0.023333333333333334
