HTMLElement:0.5938888888888889
HTMLElementTest:0.4633333333333333
HTMLDocument:0.37666666666666665
HTMLDocumentTest:0.2733333333333333
