SearchManager:0.605
SearchResult:0.5405555555555556
SearchDefaults:0.36666666666666664
