PropertiesTest:0.8233333333333334
HTMLFontElement:0.513888888888889
