ClusterServiceImpl:0.5933333333333334
LocalReplicatedMapStatsImpl:0.5416666666666666
NodeShutdownLatch:0.44666666666666666
