Function:0.92
CallbacksTest:0.34222222222222226
Handler:0.32666666666666666
