DoubleConstant:0.6343333333333334
FloatConstant:0.6343333333333334
