MultiLayerNetwork:0.6433333333333333
ComputationGraph:0.5433333333333333
VariableTimeseriesGenerator:0.25777777777777783
AsyncPrefetchThread:0.24
AsyncMultiDataSetIteratorTest:0.16666666666666666
