Management:0.8112698412698413
FedoraAPIMBindingSOAPHTTPImpl:0.2966666666666667
DefaultManagement:0.2833333333333333
