ShadowView:0.42333333333333334
AnimationRunner:0.37333333333333335
ShadowChoreographer:0.35
MavenDependencyResolver:0.2833333333333333
