FunctionAssertions:0.35
TestStringFunctions:0.28
TestMathFunctions:0.28
AbstractTestFunctions:0.21333333333333335
VarArgsToArrayAdapterGenerator:0.1791111111111111
VarArgsToMapAdapterGenerator:0.1791111111111111
TryCodeGenerator:0.14333333333333334
