MagicQueue:0.6233333333333333
Builder:0.31
AsyncMultiDataSetIterator:0.2733333333333333
ParallelWrapper:0.2633333333333333
MagicQueueTest:0.17
QueueHandler:0.14666666666666667
