ShadowActivityManager:0.9033333333333333
ShadowActivityManagerTest:0.13333333333333333
