layout:0.6283333333333334
ResourceLoader:0.62
ViewLoader:0.2866666666666667
RobolectricTestRunner:0.24333333333333335
ViewLoaderTest:0.13
ResourceLoaderTest:0.06
