Worker:0.59
UserDialog:0.4666666666666667
MainPanel:0.2966666666666667
Entity:0.08
Owner:0.07666666666666666
