HostsFileParser:0.6483333333333333
HostsFileParserTest:0.25333333333333335
DefaultHostsFileEntriesResolver:0.1761111111111111
