Atom:0.6433333333333333
Element:0.3933333333333333
AtomType:0.29583333333333334
ChemObject:0.29333333333333333
LonePair:0.27166666666666667
Isotope:0.20666666666666667
