FeatureDetector:0.5433333333333333
ClassPathScanner:0.46
EnvInfoServlet:0.20666666666666667
EquinoxCommonResourceUrlResolver:0.18
