DataType:0.6866666666666666
Constant:0.2833333333333333
AbstractDataType:0.22
jOOQH2Test:0.20333333333333334
jOOQOracleTest:0.20333333333333334
jOOQDerbyTest:0.20333333333333334
jOOQHSQLDBTest:0.20333333333333334
jOOQSybaseTest:0.20333333333333334
jOOQSQLServerTest:0.20333333333333334
jOOQDB2Test:0.20333333333333334
jOOQIngresTest:0.20333333333333334
jOOQPostgresTest:0.20333333333333334
jOOQMySQLTest:0.20333333333333334
jOOQHSQLDBTest2:0.20333333333333334
jOOQSQLiteTest:0.20333333333333334
jOOQAbstractTest:0.16666666666666666
