ARCWriter:0.8066666666666666
ARCWriterProcessor:0.2966666666666667
