FlowDefinitionRegistryImpl:0.8533333333333334
FlowDefinitionRegistryImplTests:0.26666666666666666
