StringBuilder:0.5333333333333333
GdxSetup:0.37
FileHandle:0.35
MeshBuilder:0.25
Matrix4:0.22666666666666666
DataInputStream:0.20833333333333334
UBJsonReader:0.20666666666666667
FilesTest:0.19333333333333333
Frustum:0.07
