NonDelegatingClassLoaderTest:0.44
ComponentTesterTest:0.42
AppClassLoaderTest:0.35333333333333333
AllTests:0.1311111111111111
