StructureResonanceGenerator:0.7616666666666667
StructureResonanceGeneratorTest:0.4266666666666667
