ExportParWizardPage:0.48
MappingContentProvider:0.35
GraphElement:0.27466666666666667
DesignerPlugin:0.2633333333333333
ParContentProvider:0.21333333333333335
IOUtils:0.11666666666666667
ClassLoaderUtil:0.10666666666666667
ParFileExportOperation:0.07833333333333334
