BaseMultiLayerNetwork:0.52
MatrixUtil:0.5166666666666667
ActorNetworkRunner:0.30333333333333334
HiddenLayer:0.20666666666666667
DBNTest:0.18333333333333332
MultiLayerNetworkOptimizer:0.18166666666666667
Distributions:0.15333333333333332
IrisUtils:0.11666666666666667
