Cursors:0.58
CursorAssertions:0.43
Blocks:0.32666666666666666
GenericTupleStream:0.32666666666666666
TestRunLengthEncodedCursor:0.32
DictionaryEncodedTupleStream:0.20666666666666667
UncompressedBlock:0.19333333333333333
YieldingIterators:0.18333333333333332
RunLengthEncodedSerde:0.15666666666666668
