DOSerializer:0.5
DefaultDOManager:0.36
Management:0.30916666666666665
DefinitiveDOWriter:0.29333333333333333
DefaultManagement:0.2633333333333333
METSDODeserializer:0.25
FedoraAPIMBindingSOAPHTTPImpl:0.20666666666666667
METSDOSerializer:0.20333333333333334
DOManager:0.16833333333333333
METSInOutTest:0.09
DODeserializer:0.06333333333333334
