Mvcs:0.6216666666666667
UTF8JsonView:0.37
DaoUp:0.33666666666666667
DefaultViewMaker:0.15333333333333332
EjectByGetter:0.13666666666666666
