TODSessionImpl:0.4533333333333333
JVMHandler:0.45
ThreadInfo:0.33666666666666667
DefaultJVMHandler:0.2866666666666667
TODHandler:0.2511507936507936
DefaultTODHandler:0.21
JVMEventManager:0.15
DefaultThreadTracker:0.12333333333333334
