SynthLookGenerator:0.39
SynthModelVisitor:0.38333333333333336
LookModelPlugin:0.3233333333333333
SynthXMLLookParser:0.3233333333333333
WidgetsGenerator:0.19
SynthConverterAction:0.14333333333333334
ConvertFromSynth2Dialog:0.13666666666666666
