Node:0.22184433
BaseMemoryNode:0.113114074
Row:0.062063888
Trace:0.032531206
HsqlException:0.012538515
