Metadata:0.78
InformationSchemaMetadata:0.30333333333333334
AstVisitor:0.26666666666666666
InformationSchemaData:0.23666666666666666
TestingMetadata:0.22333333333333333
NativeMetadata:0.2
StatementAnalyzer:0.17
AbstractMetadata:0.17
MetadataManager:0.15
ImportMetadata:0.10333333333333333
