StatistikBackingBean:0.52
StatistikBackingBeanDataModel:0.41
AdditionalDataServiceImpl:0.2866666666666667
AdditionalDataDAOHibernateImpl:0.20333333333333334
AdditionalDataDAO:0.013333333333333334
AdditionalDataService:0.013333333333333334
