SetupFlyweight:0.6766666666666666
NetworkPublication:0.31333333333333335
ReceiveChannelEndpoint:0.2633333333333333
UdpChannelTransport:0.22333333333333333
EventDissector:0.22
DataPacketDispatcher:0.16333333333333333
