CustomUnifiedHighlighter:0.6976666666666667
PlainHighlighter:0.38333333333333336
