LdapAuthenticationProvider:0.8066666666666666
MockAuthenticator:0.38666666666666666
LdapAuthenticationProviderTests:0.24666666666666667
