Euler:0.8333333333333334
Parser:0.5366666666666666
