TdsUtil:0.55
Tds:0.36333333333333334
Columns:0.334
TdsConnection:0.25333333333333335
AbstractResultSet:0.23666666666666666
PreparedStatement_base:0.21
ClobImpl:0.20666666666666667
CursorResultSet:0.20333333333333334
BlobImpl:0.19666666666666666
Driver:0.19333333333333333
TdsStatement:0.19333333333333333
ParameterUtils:0.13
