LuceneProvider:0.52
LocalLuceneWriteSession:0.42333333333333334
LocalLuceneReadSession:0.25333333333333335
SearchLock:0.03666666666666667
RWLock:0.03333333333333333
LuceneException:0.02
