TableInfo:0.7675
DocTableInfo:0.48
InformationTableInfo:0.37666666666666665
SysShardsTableInfo:0.24666666666666667
DocIndexMetaData:0.23666666666666666
SysNodesTableInfo:0.21333333333333335
SysTableInfo:0.17
DocTableInfoTest:0.15666666666666668
DocTableInfoBuilder:0.15666666666666668
SysClusterTableInfo:0.14444444444444443
ReferenceInfosITest:0.13333333333333333
HandlerSideLevelCollectTest:0.11666666666666667
