AtomAPIServlet:0.6066666666666667
BlojsomXMLRPCServlet:0.3433333333333333
CommentAPIServlet:0.30333333333333334
