OcspResponseGeneratorSessionBean:0.5255555555555556
OcspSigningCacheEntry:0.49666666666666665
OcspResponseGeneratorTestSessionBean:0.16333333333333336
