ITQLQueryFactory:0.535
MPTQueryFactory:0.47833333333333333
FedoraOAIDriverTest:0.25333333333333335
TransientFedoraSession:0.19333333333333333
