User:0.7833333333333333
UserImpl:0.6033333333333334
