LineStringBuilder:0.52
PolygonBuilder:0.46
MultiPointBuilder:0.3
GeoShapeQueryBuilderTests:0.24666666666666667
AbstractShapeBuilderTestCase:0.15666666666666668
MultiLineStringBuilderTests:0.09833333333333333
MultiPointBuilderTests:0.09833333333333333
PolygonBuilderTests:0.08333333333333333
GeometryCollectionBuilderTests:0.07666666666666666
PointBuilderTests:0.07
EnvelopeBuilderTests:0.065
MultiPolygonBuilderTests:0.06333333333333334
LineStringBuilderTests:0.055
CircleBuilderTests:0.04833333333333333
