RestGetMappingAction:0.4633333333333333
RestGetWarmerAction:0.4633333333333333
RestGetFieldMappingAction:0.4633333333333333
