AbstractCacheRecordStore:0.5066666666666667
CacheRecord:0.43333333333333335
CacheRecordHashMap:0.29333333333333333
CacheRecordFactory:0.24
CacheRecordStore:0.22944444444444448
AbstractCacheRecord:0.17333333333333334
CacheDataRecord:0.0911111111111111
CacheObjectRecord:0.0911111111111111
