DBCursor:0.8333333333333334
DBCursorTest:0.2966666666666667
MyDBDecoderFactory:0.14
MyDBDecoder:0.07
