EndEntityProfile:0.7233333333333334
ExtendedInformation:0.52
LocalUserAdminSessionBean:0.25666666666666665
CAAdminSessionBean:0.22333333333333333
CertReqServlet:0.215
ApplyBean:0.18666666666666668
TestUserData:0.15666666666666668
TestSignSession:0.15333333333333332
TestEndEntityProfile:0.14666666666666667
LocalAuthenticationSessionBean:0.14
TestUserFullfillEndEntityProfile:0.04000000000000001
