ClassExtensionContext:0.5766666666666667
ClassTestDescriptor:0.32
ExtensionContextTests:0.2733333333333333
BeforeAndAfterAllTests:0.27
BeforeAndAfterEachTests:0.24333333333333335
ExceptionInBeforeAllMethodTestCase:0.21222222222222223
JupiterEngineExecutionContextTests:0.16333333333333333
FooClassLevelCallbacks:0.15666666666666668
ExceptionThrowingBeforeAllCallback:0.14
