Flow:0.7933333333333333
BeanFactoryFlowVariable:0.30666666666666664
XmlFlowBuilderTests:0.28
