EditorComponent:0.5822222222222222
SarosWorkbenchComponent:0.4583333333333333
EditorComponenttImp:0.42333333333333334
PEViewComponentImp:0.39666666666666667
STFTest:0.30333333333333334
SarosConditions:0.2866666666666667
STFController:0.2733333333333333
RmiTest:0.25666666666666665
SarosWorkbenchComponentImp:0.23666666666666666
TestDriverSavesFiles:0.22333333333333333
SarosPEViewComponentImp:0.22222222222222218
TestHostAsDriverInvitesBelatedly:0.21333333333333335
TestDriverResetsFiles:0.21333333333333335
TestAllParticipantsFollowDriver:0.21333333333333335
MainMenuComponentImp:0.21333333333333335
TestFollowMode:0.20666666666666667
TestFileOperations:0.20333333333333334
TestSVNStateInitialization:0.19666666666666666
IsFileContentsSame:0.18666666666666668
EclipseComponent:0.11333333333333333
