CertificateStoreSession:0.5866666666666667
CertTools:0.51
InternalKeyBindingMgmtSessionBean:0.21333333333333335
NestedMessageContentTest:0.21
OcspResponseGeneratorSessionBean:0.20666666666666667
AuthenticationModulesTest:0.20666666666666667
EndEntityCertAuthModuleTest:0.20333333333333334
CrmfKeyUpdateTest:0.20333333333333334
CrmfRAPbeMultipleKeyIdRequestTest:0.20333333333333334
CmpTestCase:0.19333333333333333
CertificateStoreSessionBean:0.18833333333333332
StandaloneOcspResponseGeneratorSessionTest:0.18333333333333332
ClientX509TrustManager:0.056666666666666664
