UpdateRequest:0.5433333333333333
XContentFactory:0.54
XContentFactoryTests:0.19333333333333333
UpdateRequestTests:0.10666666666666667
