Jedis:0.65
Protocol:0.4033333333333333
Client:0.2833333333333333
