GTS:0.56
GTSListener:0.30333333333333334
AbstractGraphState:0.2633333333333333
ExplorePoint:0.23
LTSJModel:0.22
CycleAcceptor:0.21861111111111114
GenerateProgressListener:0.205
MinimaxStrategy:0.19583333333333333
ProductListener:0.12666666666666668
GTSChangeListener:0.12666666666666668
AnyStateAcceptor:0.11666666666666667
MyLTSListener:0.11666666666666667
RandomNewStateChooser:0.11666666666666667
GTSCounter:0.10333333333333333
FinalStateAcceptor:0.06666666666666667
