IncomingBatch:0.7533333333333333
DataLoaderService:0.32666666666666666
DataLoaderServiceTest:0.31666666666666665
IncomingBatchService:0.2122222222222222
IBatchListener:0.21177777777777776
ConfigurationChangedFilter:0.2
AbstractTextPublisherFilter:0.19416666666666665
XmlPublisherFilter:0.19416666666666665
TransactionalLoadDelegate:0.17888888888888888
