GetFieldMappingsRequest:0.36
BroadcastOperationRequest:0.31333333333333335
SearchScrollRequest:0.2866666666666667
ZenPingService:0.21
TransportGetIndexAction:0.17
RestExplainAction:0.15
