ESIntegTestCase:0.6355555555555557
IndicesOptionsIntegrationIT:0.4266666666666667
DedicatedClusterSnapshotRestoreIT:0.34
