FileSyncService:0.6533333333333333
FileSyncZipDataWriter:0.3611111111111111
FileSyncTest:0.19333333333333333
