AbstractListenableActionFuture:0.5766666666666667
Names:0.4283888888888888
ListenableActionFuture:0.3869761904761903
ThreadedActionListener:0.32
TransportActionNodeProxy:0.21333333333333335
