MockHttpServletRequest:0.6516666666666666
FilterInvocation:0.4066666666666667
FilterInvocationTests:0.31666666666666665
