SessionManagementFilter:0.7866666666666666
SessionManagementFilterTests:0.4166666666666667
