RedisInterceptor:0.5666666666666667
TxByMethods:0.43083333333333335
