EmailProperty:0.27666666666666667
UUIDProperty:0.22
IntegerProperty:0.21333333333333335
LongProperty:0.21333333333333335
DoubleProperty:0.21333333333333335
FloatProperty:0.21333333333333335
DateProperty:0.06666666666666667
DateTimeProperty:0.06666666666666667
