Notification:0.5883333333333334
Filler:0.45666666666666667
NotificationMgmtService:0.19
NotificationProcessor:0.17
TagQueryService:0.14333333333333334
NotificationQueryService:0.12666666666666668
ErrorProcessor:0.11
CommentMgmtService:0.1
