RestAssured:0.44666666666666666
SSLConfig:0.41333333333333333
CertificateAuthSettings:0.3333333333333333
AuthConfig:0.18666666666666668
