NeuronWidget:0.5366666666666666
GraphViewTopComponent:0.49833333333333335
NeuronConnectionWidget:0.20666666666666667
MainPopupMenuProvider:0.16666666666666666
