Scanner:0.5333333333333333
BitType:0.39
TestMerge:0.36
ResultMetaData:0.2966666666666667
BooleanType:0.25666666666666665
