SimpleNode:0.57
PyReflectedFunction:0.4166666666666667
parser:0.2966666666666667
ReflectedCallData:0.2811111111111111
