UnitOfWorkAspect:0.8466666666666667
UnitOfWorkAwareProxyFactoryTest:0.38
UnitOfWorkAwareProxyFactory:0.23
CustomAspect:0.17333333333333334
