Node:0.8733333333333333
AbstractJoiner:0.2877777777777778
SmartClientConnectionManager:0.26666666666666666
