Command:0.4633333333333333
Elasticsearch:0.37333333333333335
EnvironmentAwareCommand:0.19333333333333333
EvilCommandTests:0.17666666666666667
NoopCommand:0.17
DummySubCommand:0.16
UserErrorCommand:0.15666666666666668
UsageErrorCommand:0.15666666666666668
DummyMultiCommand:0.11
MultiCommand:0.07666666666666666
