GwtBrandingData:0.49666666666666665
BrandingPanel:0.41333333333333333
GwtRpcServiceImpl:0.32
MastHead:0.2733333333333333
