FileActivity:0.4155555555555555
RoleActivity:0.39555555555555555
SharedResourcesManager:0.37
FolderActivity:0.2833333333333333
RoleManager:0.21
