PerformLaboratoryExperiment:0.6633333333333333
PerformLaboratoryResearch:0.5047222222222223
