MapperAnnotationBuilder:0.5466666666666666
MethodSignature:0.38
MapperTypeParameterTest:0.24333333333333335
