Props:0.62
PropsData:0.5233333333333333
PropsTest:0.13666666666666666
