DispatchConfiguration:0.52
Checkout:0.39666666666666667
CheckoutLocaleConfiguration:0.25666666666666665
ExtendedDispatchConfiguration:0.20666666666666667
