MockWebServer:0.37
JavaApiConverterTest:0.34
CallTest:0.3233333333333333
InterceptorTest:0.28
URLConnectionTest:0.25666666666666665
FakeProxySelector:0.20944444444444446
SpdySocketHandler:0.20744444444444443
ResponseCacheTest:0.19333333333333333
