Unresolvable:0.6628333333333333
Utils:0.4166666666666667
MethodInfo:0.39
RestAdapterTest:0.23333333333333334
