Subscription:0.36333333333333334
MediaDriverContext:0.33
DataFrameHandler:0.32
Receiver:0.22555555555555556
MediaConductor:0.20915079365079367
DriverSubscription:0.19666666666666666
