View:0.62
ViewState:0.25666666666666665
MvcView:0.25
MockView:0.24
JsfViewFactoryTests:0.15
ActionExecutingView:0.14333333333333334
NullView:0.14333333333333334
JsfViewTests:0.14
MvcViewTests:0.13666666666666666
JsfView:0.13333333333333333
MvcViewFactoryTests:0.13333333333333333
PortletMvcView:0.02666666666666667
MockMvcView:0.01
ServletMvcView:0.006666666666666667
