Report:0.7233333333333334
ReportView:0.36
ReportAppletDetails:0.28
ReportGedcomStatistics:0.28
ReportMakeHTMLTable:0.28
ReportEarliestAncestor:0.22666666666666666
ReportMigrateToMedias:0.22333333333333333
ReportImportDatabase:0.21416666666666667
ReportRenderer:0.185
ReportBirthdays:0.15305555555555558
