IBioResource:0.78
BioResource:0.6266666666666667
IBioclipseConstants:0.5377777777777778
BioResourceView:0.32
BioResourceEditorInput:0.2522222222222222
CDKResource:0.23333333333333334
CDKConstants:0.19026984126984126
CMLResource:0.14666666666666667
