Alignment:0.605
DrawableAlignment:0.36333333333333334
AlignViewport:0.33666666666666667
GapCharAction:0.2911111111111111
AlignmentI:0.27166666666666667
EditMenu:0.20333333333333334
