SchemaTool:0.6466666666666666
AnnotatedClassParser:0.6161111111111112
