Unit:0.6666666666666666
Inventory:0.6266666666666667
