TemporalFactory:0.31333333333333335
Calendar:0.21666666666666667
OrdinalEra:0.2127777777777778
OrdinalReferenceSystem:0.1162777777777778
CalendarEra:0.08333333333333333
TemporalPosition:0.013333333333333334
