JEditVisitorAdapter:0.94258887
View:0.24555588
jEdit:0.104598045
EditPane:0.1038634
JEditTextArea:0.042707622
