ValueConverter:0.6566666666666666
ComparisonPredicate:0.4066666666666667
