ReteMatch:0.3933333333333333
SubgraphCheckerNode:0.38666666666666666
ReteNetwork:0.37333333333333335
ConditionChecker:0.31
DisconnectedSubgraphChecker:0.2733333333333333
CompositeConditionChecker:0.25666666666666665
ReteNetworkNode:0.24333333333333335
NodeCheckerNode:0.19333333333333333
EdgeCheckerNode:0.16
ReteStrategy:0.13166666666666665
ReteState:0.11833333333333333
ProductionNode:0.11777777777777776
RootNode:0.1
