HtmlElement:0.38
DomNode:0.3688888888888889
SimpleScriptable:0.3233333333333333
Location:0.25666666666666665
JavaScriptEngine:0.22666666666666666
HTMLAnchorElement:0.21666666666666667
XmlElement:0.21666666666666667
Node:0.20666666666666667
DescendantElementsIterator:0.20666666666666667
EventTest:0.2
Stylesheet:0.19666666666666666
PrimitivePrototypeBugFixer:0.19666666666666666
NodeTest:0.18666666666666668
HTMLTableElement:0.18333333333333332
ScriptableWrapper:0.16666666666666666
AttachmentTest:0.11333333333333333
EventHandler:0.10777777777777776
HtmlUnitWrapFactory:0.060833333333333336
