MediaTypeRequestMatcher:0.36333333333333334
AndRequestMatcher:0.22666666666666666
OrRequestMatcher:0.22666666666666666
NegatedRequestMatcher:0.21333333333333335
DelegatingAuthenticationEntryPoint:0.18
