TaskListBuilder:0.6033333333333334
BatchPresentationHibernateCompilerFactory:0.27444444444444444
IBatchPresentationCompilerFactory:0.15694444444444444
IBatchPresentationCompiler:0.15333333333333332
