View:0.8866666666666667
WarehousesTest:0.36333333333333334
CustomersTest:0.26
