FlowExecution:0.6366666666666667
FlowExecutionListener:0.5766666666666667
ExternalContext:0.5133333333333333
FlowExecutionListenerAdapter:0.5033333333333333
FlowBuilder:0.5
Flow:0.46
FlowExecutionImpl:0.31666666666666665
FlowExecutionException:0.29333333333333333
ServletExternalContext:0.24666666666666667
FlowSessionImpl:0.23
LocalFlowServiceLocator:0.21666666666666667
BarFlow:0.2105952380952381
FooFlow:0.2105952380952381
FlowExecutionImplTests:0.21
XmlFlowBuilder:0.20666666666666667
FlowDefinitionRegistryImplTests:0.2
DefaultFlowServiceLocator:0.2
MockFlowExecutionListener:0.19666666666666666
ViewStateTests:0.18333333333333332
AbstractFlowBuilder:0.18
FlowExecutionListeners:0.17
FlowDefinitionResource:0.16666666666666666
FlowTests:0.16666666666666666
FlowDefinitionLocator:0.15333333333333332
TextToTransitionCriteriaTests:0.15333333333333332
XmlFlowBuilderTests:0.15333333333333332
SubflowStateTests:0.15
ActionStateTests:0.14333333333333334
StaticFlowExecutionListenerLoaderTests:0.14
ConditionalFlowExecutionListenerLoaderTests:0.13333333333333333
FlowArtifactFactory:0.13333333333333333
DecisionStateTests:0.13333333333333333
TransitionTests:0.13333333333333333
ServletExternalContextTests:0.13
EnterStateVetoException:0.13
NoSuchFlowDefinitionException:0.13
FlowExecutionStateRestorerImplTests:0.12666666666666668
FlowExecutionListenerCriteriaFactoryTests:0.125
AnnotedActionTests:0.11666666666666667
RefreshableFlowDefinitionHolderTests:0.11666666666666667
SerializedFlowExecutionContinuationFactoryTests:0.115
FlowExecutorImpl:0.11333333333333333
StateTests:0.11333333333333333
NoMatchingTransitionException:0.11333333333333333
ActionExecutorTests:0.11333333333333333
FlowDefinitionRegistryImpl:0.11333333333333333
XmlFlowRegistrarTests:0.11
FlowExecutionImplFactoryTests:0.10833333333333334
EndStateTests:0.105
DefaultFlowExecutionRepositoryTests:0.105
FlowAssemblerTests:0.10166666666666667
FlowAssembler:0.07333333333333333
FlowExecutionHandlerSetTests:0.06666666666666667
FlowDefinitionConstructionException:0.06333333333333334
FlowExecutionListenerCriteriaFactory:0.03666666666666667
FlowIdFlowExecutionListenerCriteria:0.02666666666666667
SimpleFlowBuilder:0.02666666666666667
FlowExecutor:0.02
ActionExecutionException:0.02
SimpleFlowDefinitionLocator:0.01
StubFlowExecutor:0.0
