GwtTeamingMessages:0.31666666666666665
ActivityStreamTopEntry:0.27666666666666667
GwtActivityStreamHelper:0.25666666666666665
GwtServerHelper:0.22333333333333333
GetEntryCommentsCmd:0.21
GwtRpcServiceImpl:0.18
ActivityStreamEntryListRpcResponseData:0.11666666666666667
