MapThroughputPanel:0.2866666666666667
MapTimesPanel:0.27
HazelcastServiceImpl:0.24666666666666667
MapEntryOwnerShipPanel:0.23666666666666666
MemberEventHandler:0.16333333333333333
