TransportService:0.6433333333333333
MockTransportService:0.43666666666666665
NetworkModuleTests:0.31
ReindexPlugin:0.23333333333333334
InterceptingTransportService:0.15666666666666668
NetworkModule:0.1522222222222222
ZenFaultDetectionTests:0.11
TestIteration:0.08
TestNode:0.08
InternalTransportService:0.043333333333333335
FakeTransportService:0.013333333333333334
CancelTestUtils:0.013333333333333334
DummyTaskStatus:0.006666666666666667
