XMLConfigBuilder:0.6372222222222222
XmlConfigBuilderTest:0.3933333333333333
