Extruder:0.6933333333333334
Reprap:0.5166666666666667
NullExtruder:0.46
Printer:0.46
NullCartesianMachine:0.35333333333333333
GenericExtruder:0.22666666666666666
MachineFactory:0.12
GenericCartesianPrinter:0.11333333333333333
CartesianGCode:0.11333333333333333
GCodeExtruder:0.11277777777777777
