SimpleQueryStringBuilder:0.6933333333333334
Settings:0.36333333333333334
SimpleQueryParser:0.3566666666666667
SimpleQueryStringBuilderTests:0.30333333333333334
SimpleQueryParserTests:0.08333333333333333
