RequestFactoryParser:0.4033333333333333
RequestBuilderTest:0.35333333333333333
RequestBuilder:0.23722222222222225
PartMap:0.18
