TreeUtil:0.47333333333333333
TreeVisitor:0.31
DebugASTPrinter:0.29
OuterReferenceResolver:0.27666666666666667
TranslationProcessor:0.2633333333333333
StatementGenerator:0.24
VariableRenamer:0.2
DeadCodeEliminator:0.15833333333333333
