Product3:0.7233333333333334
Product3Value:0.31666666666666665
View:0.31666666666666665
Product3Data:0.27666666666666667
Product3CMP:0.25
IProduct3:0.2
Product3Bean:0.06
SubfamilyInfo:0.01
Products3Test:0.006666666666666667
