InputFile:0.49333333333333335
FileUtil:0.4533333333333333
NameTable:0.38
BuildClosureQueue:0.22
GenerationBatch:0.19416666666666665
RegularInputFile:0.12
JarredInputFile:0.12
TreeConverter:0.11666666666666667
