SnmpPeerFactory:0.5466666666666666
SnmpConfiguration:0.5133333333333333
SnmpEventInfo:0.38666666666666666
SnmpConfigDao:0.24300000000000002
SnmpAgentConfig:0.21666666666666667
FactoryBasedSnmpConfigDao:0.07
