Server:0.6733333333333333
ConnectionOptionSet:0.3566666666666667
JUTestServer:0.2866666666666667
