NFAContext:0.61
LexerNFAToDFAConverter:0.44666666666666666
DFAMinimizer:0.37333333333333335
AnalysisPipeline:0.2633333333333333
