NotificationManager:0.61
SnmpThresholder:0.4166666666666667
NotificationWizardServlet:0.36333333333333334
