Key:0.5266666666666666
TypeLiteral:0.38666666666666666
AnnotationTypeStrategy:0.3616666666666667
ProvisionExceptionTest:0.32
InjectionPoint:0.2733333333333333
AllTests:0.26
TypeWithArgument:0.25666666666666665
KeyTest:0.22666666666666666
AnnotationInstanceStrategy:0.225
NamedImpl:0.20666666666666667
InternalFactoryToProviderAdapter:0.14
