Properties:0.7366666666666667
ExploreConfig:0.36
PolicyMapParser:0.27666666666666667
