TrashFolderForm:0.30666666666666664
TFModel:0.28
MPPSModel:0.2683333333333333
MWLModel:0.24833333333333332
MCMModel:0.245
GPWLModel:0.245
MCMConsoleCtrl:0.245
MWLConsoleCtrl:0.23333333333333334
GPPPSModel:0.205
MPPSConsoleCtrl:0.195
GPWLConsoleCtrl:0.195
TrashFolderCtrl:0.17
TFSelectorCtrl:0.09
