Files:0.44
Pet:0.4266666666666667
Images:0.28
SimpleDaoTest:0.23666666666666666
QueryTest:0.14666666666666667
FailProcessor:0.14
