PetiteContainer:0.37666666666666665
PetiteBeans:0.35333333333333333
PropertyInjectionPoint:0.3016666666666667
PetiteRegistry:0.27666666666666667
