WalletTest:0.6930555555555558
ProtobufParser:0.4066666666666667
