IJudgeFactory:0.5593333333333332
Bc_senecaPlugin:0.36
WCCHOSECodeJudge:0.3466666666666667
JudgePage:0.28
SenecaJobResourceEditor:0.23666666666666666
EnableJudgeListener:0.14
MissingInformationException:0.008981481481481483
WCCHOSECodeJudgeFactory:0.0033333333333333335
