SBMLDocument:0.7755555555555556
SBMLDocumentTest:0.36666666666666664
KineticLaw:0.21
