DataService:0.43333333333333335
IReloadListener:0.39611111111111114
BootstrapService:0.36
IDataService:0.24333333333333335
