Emitter:0.5822222222222222
TypeUtils:0.56
EmittingTransformer:0.26666666666666666
TestTransformingLoader:0.23666666666666666
CollectionUtils:0.22666666666666666
ExampleTransformer:0.15333333333333332
