CertTools:0.5666666666666667
OCSPUnidClient:0.34
OcspResponseGeneratorSessionBean:0.31
Ocsp:0.2791111111111111
StressTest:0.05172222222222222
