Row:0.7633333333333333
PosPanel:0.26666666666666666
ProductThread:0.23666666666666666
