RootScope:0.5766666666666667
UtilGUI:0.39666666666666667
PreviewPanel:0.34
MainPanel:0.2966666666666667
ResultPanel:0.2633333333333333
SearchPanel:0.2544444444444445
DocFetcher:0.20666666666666667
BrowserPanel:0.18666666666666668
ScopeGroup:0.18
ListDocumentsAction:0.12
ThinArrowButton:0.03
CheckAllAction:0.015
