EnsCGIAdapter:0.8177777777777778
MovementPanel:0.44527777777777783
