ParseCpsl:0.5533333333333333
Batch:0.5
XmlDocumentHandler:0.20333333333333334
DocumentViewer:0.19333333333333333
WaitDialog:0.18666666666666668
