XmlContentHandler:0.5064444444444445
XmlSchemaValidator:0.4633333333333333
XmlFileHandler:0.38333333333333336
