ColonialAIPlayer:0.6427777777777778
REFAIPlayer:0.4166666666666667
IndianAIPlayer:0.4166666666666667
