jOOQAbstractTest:0.44333333333333336
Utils:0.3466666666666667
PlainSQLTests:0.29333333333333333
SelectQueryImpl:0.19333333333333333
