DefaultCasEventListener:0.69
CasCoreEventsConfiguration:0.45666666666666667
CasConfigurationPropertiesEnvironmentManager:0.30666666666666664
