CompositeBuilder:0.6066666666666667
CruiseControlConfigIncludeTest:0.42388888888888887
CompositeBuilderTest:0.36666666666666664
