DBMolecule:0.6766666666666666
DBAtom:0.44333333333333336
AdminPanel:0.17
