TransactionalQueueProxySupport:0.34
TransactionalMultiMapProxySupport:0.27666666666666667
AbstractTransactionalCollectionProxy:0.24
TransactionalMapProxySupport:0.21666666666666667
TransactionalMultiMapProxy:0.20027777777777778
TransactionalSetProxy:0.19333333333333333
