RowsBatchIterator:0.37333333333333335
CollectingBatchIterator:0.37333333333333335
IndexWriterCountBatchIterator:0.3516666666666667
BatchPagingIterator:0.27666666666666667
