TreeTag:0.43666666666666665
FilterHelper:0.4166666666666667
Datepicker:0.38666666666666666
Htmleditor:0.18666666666666668
AbstractFilterController:0.15333333333333332
