SizeCtrl:0.6383333333333333
GraphicWidgetDlgBox:0.49333333333333335
GraphicWidget:0.4066666666666667
