JSON:0.7466666666666667
ThreadLocalCacheTest:0.35
IOUtils:0.33666666666666667
TestUTF8_2:0.15333333333333332
