Sjc74Tests:0.4
Cache:0.3466666666666667
BootstrapThisConfigFromXml:0.16
NonStringExternalValue:0.06
PrivateConstructor:0.04666666666666667
