Reaction:0.3455555555555555
IMapping:0.33666666666666667
Mapping:0.32
DebugMapping:0.2833333333333333
MappingTest:0.27666666666666667
Renderer2D:0.21
ReactionManipulator:0.19333333333333333
ChemObjectIterator:0.05
