IMap:0.7186111111111111
QueryEntry:0.4
EntListener:0.27666666666666667
ClientMapTest:0.23666666666666666
