PostgresITest:0.6887777777777777
PGTypesTest:0.38333333333333336
