DispatcherTest:0.49
BeanSelectionProvider:0.48333333333333334
ContainerHolder:0.31666666666666665
