Jaxb2Marshaller:0.5566666666666666
MimeContainer:0.19499999999999998
AbstractMarshallingPayloadEndpoint:0.16333333333333333
Jaxb2MarshallerTest:0.14
MimeUnmarshaller:0.10005555555555554
MimeMarshaller:0.0867222222222222
Jaxb2AttachmentUnmarshaller:0.06666666666666667
Jaxb2AttachmentMarshaller:0.056666666666666664
ByteArrayDataSource:0.056666666666666664
BinaryObject:0.03
Jaxb2UnmarshallerTest:0.02666666666666667
MimeMessageContainer:0.016666666666666666
