Filter:0.48
JUnit4TestAdapterCache:0.44666666666666666
CategoryFilter:0.37666666666666665
SuiteMethodTest:0.15333333333333332
