AbstractRecord:0.7482777777777778
FetchTests:0.4352777777777778
