ChannelConnectionTest:0.36666666666666664
PeerGroupTest:0.36333333333333334
KeyChainGroupTest:0.3433333333333333
WalletTest:0.34
TestWithPeerGroup:0.33
TestWithNetworkConnections:0.31
ScriptTest:0.30666666666666664
DefaultRiskAnalysisTest:0.30333333333333334
BlockTest:0.2966666666666667
TestWithWallet:0.29
TransactionBroadcastTest:0.29
PaymentSessionTest:0.29
PaymentChannelStateTest:0.27666666666666667
PeerTest:0.2733333333333333
DefaultCoinSelectorTest:0.27
TransactionOutputTest:0.25666666666666665
TxConfidenceTableTest:0.25
WalletProtobufSerializerTest:0.22666666666666666
FilteredBlockAndPartialMerkleTreeTests:0.21
AbstractFullPrunedBlockChainTest:0.13333333333333333
