CA:0.6166666666666667
X509CA:0.30666666666666664
KeyRecoverySessionBean:0.2733333333333333
KeyRecoveryData:0.26
CAAdminSessionBean:0.205
KeyRecoveryCAService:0.18666666666666668
CvcCA:0.17666666666666667
KeyRecoveryCAServiceResponse:0.10333333333333333
KeyRecoveryCAServiceRequest:0.08
KeyRecoveryTest:0.05333333333333334
