GeneTable:0.37222222222222223
ConnectionFactory:0.36333333333333334
DefineBeanTag:0.23333333333333334
UserListInApplicationContext:0.18883333333333333
Login:0.17777777777777778
TermTable:0.16416666666666666
DisplayGoTerm:0.13438888888888886
PubServlet:0.12666666666666668
UncachedConnectionSource:0.12333333333333334
ConnectionSourceI:0.03
