DataStore:0.75
SystemDataRes:0.2633333333333333
EpgDataRes:0.23583333333333334
CaptureTask:0.19666666666666666
SchGuideLoaderTread:0.17750000000000002
HTTPRequest:0.11666666666666667
