BlojsomBloggerAPIHandler:0.7886111111111112
MetaWeblogAPIHandler:0.5736666666666667
