MainFrame:0.7333333333333333
DefaultResourceHandle:0.31666666666666665
ResourceTreeCellRenderer:0.23444444444444448
DSHandle:0.12666666666666668
SaveAsXmlAction:0.11666666666666667
CloseAction:0.10666666666666667
NewApplicationAction:0.06333333333333334
SaveToAction:0.043333333333333335
SaveAction:0.02
