FolderModule:0.8366666666666667
WorkspaceModule:0.7733333333333333
SiteScapeFileSystemLibrary:0.35
WebdavSiteScape:0.31333333333333335
AbstractFolderCoreProcessor:0.3
FolderModuleImpl:0.18333333333333332
AddFolderController:0.16333333333333333
WorkspaceModuleImpl:0.13666666666666666
