ClearCase:0.6883333333333334
ClearCaseTest:0.22666666666666666
