CompositeRunner:0.5633333333333334
Parameterized:0.44333333333333336
BeforeAndAfter:0.3466666666666667
