InnerHitBuilder:0.5
InnerHitsBuilder:0.48333333333333334
InnerHitsBuilderTests:0.33666666666666667
