AbstractServerEngine:0.42333333333333334
AbstractRenderingLayer:0.38333333333333336
Engine:0.33166666666666667
