SnmpObjId:0.6333333333333333
InstanceTracker:0.42333333333333334
SnmpTableTest:0.31666666666666665
SpecificInstanceTracker:0.2833333333333333
ColumnInstanceTracker:0.20666666666666667
SnmpColumn:0.12583333333333332
SnmpInstId:0.10333333333333333
