OperationHelper:0.41333333333333333
UserExistsOperation:0.24333333333333335
DropUserOperation:0.21666666666666667
CreateUserOperation:0.13333333333333333
UpdateUserOperation:0.12333333333333334
