ServerFactory:0.7016666666666668
DefaultServerFactoryTest:0.2866666666666667
DefaultServerFactory:0.26
SimpleServerFactoryTest:0.21666666666666667
SimpleServerFactory:0.19666666666666666
EnvironmentCommand:0.15666666666666668
TestServerFactory:0.1162777777777778
