SunshineRaytracer:0.5222222222222221
SunshineSceneVisitor:0.48911111111111116
