DomElement:0.8166666666666667
ElementTest:0.2454444444444444
