IOSInput:0.48094444444444445
IOSApplication:0.43666666666666665
IOSApplicationConfiguration:0.014071428571428572
