SimpleDrawingView:0.34
SimpleLabelFigure:0.30333333333333334
GroupFigure:0.25333333333333335
TextFigure:0.24666666666666667
SimpleStyleablePropertyBean:0.22166666666666668
CssSVGPathConverter:0.20333333333333334
CssPaintConverter:0.19666666666666666
TextableFigure:0.16
CssFontConverter:0.15666666666666668
CssInsetsConverter:0.13
CssPoint2DConverter:0.13
LabelFigure:0.11
InsetsStyleableFigureKey:0.043333333333333335
Point2DStyleableFigureKey:0.043333333333333335
SVGPathStyleableFigureKey:0.043333333333333335
