JtxTransaction:0.65
JtxTransactionManager:0.43
LeanJtxWorker:0.25777777777777783
AnnotationTxAdviceManager:0.22333333333333333
DbPropagationTest:0.17666666666666667
DbJtxTransaction:0.15666666666666668
DbJtxTransactionManager:0.14
AnnotationTxAdvice:0.11333333333333333
