SparkDM:0.2833333333333333
SparkDBOW:0.2833333333333333
SparkSkipGram:0.25666666666666665
