MultiDbMapper:0.6866666666666666
XMLMapperBuilder:0.6433333333333333
MultiDbTest:0.26
