ResTable:0.43333333333333335
ResTableConfig:0.4033333333333333
Asset:0.2633333333333333
ResStringPool:0.26
CppAssetManager:0.18333333333333332
DynamicRefTable:0.12
CompressedAsset:0.10944444444444446
ResXMLTree:0.10861111111111112
FileAsset:0.03944444444444445
ResTableEntry:0.03333333333333333
ResourceTypes:0.016666666666666666
ResTableMapEntry:0.006666666666666667
IdmapEntries:0.0033333333333333335
