InsertFromValuesAnalyzerTest:0.32
PlannerTest:0.31
ExpressionAnalyzer:0.24
InnerExpressionAnalyzer:0.23111111111111116
Planner:0.18583333333333332
InsertFromValuesAnalyzer:0.17333333333333334
InsertFromValuesAnalyzedStatement:0.15666666666666668
ValuesAwareExpressionAnalyzer:0.10333333333333333
