AtomAPIServlet:0.4677777777777778
BloggerAPIHandler:0.32416666666666666
MetaWeblogAPIHandler:0.32416666666666666
