CompletionFieldMapper:0.4633333333333333
Fields:0.33322222222222225
CompletionSuggestSearchTests:0.31333333333333335
Builder:0.25333333333333335
ElasticsearchAssertions:0.23666666666666666
CompletionPostingsFormatTest:0.22333333333333333
SuggestField:0.16
Defaults:0.12666666666666668
CompletionFieldMapperTests:0.08916666666666667
TypeParser:0.06
