MqsarBondTests:0.4477777777777777
MqsarMolecularTests:0.33311111111111114
