Connection:0.48333333333333334
HazelcastClient:0.4766666666666667
PacketReader:0.2377777777777778
HazelcastClientListTest:0.21666666666666667
DynamicClusterTest:0.19
MapEntryIterator:0.15666666666666668
LightEntrySet:0.12333333333333334
NewIdHandler:0.09416666666666666
ClientService:0.07333333333333333
