NeuralNetworkEditor:0.7166666666666667
NeuronPopupMenuProvider:0.24333333333333335
NeuralLayerPopupMenuProvider:0.17
