ForwardingBatchIterator:0.5966666666666667
FilterProjector:0.47
SkippingBatchIterator:0.4066666666666667
