XmlFlowRegistrar:0.8052222222222223
XmlFlowRegistryFactoryBean:0.4633333333333333
SellItemFlowExecutionTests:0.3333333333333333
