BulkItemRequest:0.6266666666666667
TransportShardReplicationOperationAction:0.36666666666666664
TransportShardBulkAction:0.33
AsyncShardOperationAction:0.27
BulkShardRequest:0.2388888888888889
