BinderHelper:0.75
WebKeys:0.5040555555555557
ListFolderController:0.25
GeneratePortletProperties:0.19666666666666668
WorkspaceTreeController:0.12666666666666668
ViewController:0.035
