ClassTestDescriptor:0.5333333333333333
NestedClassTestDescriptor:0.42380555555555555
MethodTestDescriptor:0.24
