SmilesGeneratorTest:0.7966666666666666
AtomContainerPermutorTest:0.43666666666666665
