Std:0.56
E_IUnaryFunction:0.5096666666666667
E_IBinaryFunction:0.2650595238095238
E_BinaryFunction:0.15444444444444444
UnaryFunction:0.10348809523809524
BinaryFunction:0.10348809523809524
