SelectStatementAnalyzerTest:0.5966666666666667
InnerExpressionAnalyzer:0.3433333333333333
ExpressionAnalyzerTest:0.30666666666666664
AnyResolver:0.29
