SWTRenderer:0.8133333333333334
JChemPaintWidget:0.32
JChemPaintSWTWidget:0.30333333333333334
MoleculesEditorLabelProvider:0.2833333333333333
