TextureHandler:0.4633333333333333
SunshineRaytracer:0.34833333333333333
Kernel:0.23333333333333334
SunshineObject:0.2105952380952381
SunshineCone:0.20333333333333334
Sunshine:0.18666666666666668
SunshineSceneVisitor:0.16333333333333333
SunshineCFC:0.11666666666666667
Testumgebung:0.08666666666666667
SunshineFrustum:0.08666666666666667
SunshinePlane:0.0
