Interceptor:0.7233333333333334
Builder:0.35333333333333333
Interceptors:0.34
AndroidInterceptors:0.10333333333333333
