PollerTest:0.30333333333333334
PollableInterface:0.3
PollableNode:0.29333333333333333
Outage:0.24
OutageAnticipator:0.24
BroadcastEventProcessor:0.2125
