ClassReloadingStrategy:0.38
Illegal:0.30666666666666664
ChildFirst:0.25333333333333335
MethodSortMatcherTest:0.23666666666666666
ClassRedefinitionTransformer:0.20666666666666667
ClassReloadingStrategyTest:0.20333333333333334
Legal:0.18666666666666668
FieldProxyBinderTest:0.16666666666666666
ForJava7CapableVm:0.16666666666666666
LookupStrategy:0.12333333333333334
SynchronizationStrategy:0.043333333333333335
