ContainerBuilder:0.5233333333333333
Scopes:0.48611111111111116
BindingBuilder:0.31666666666666665
FactoryTest:0.18666666666666668
PreloadingTest:0.18
FactoryInjectionTest:0.17333333333333334
