Dataset:0.73
Int:0.43
DirRecordImpl:0.31666666666666665
BaseDatasetImpl:0.22333333333333333
SQElement:0.20333333333333334
DcmElementImpl:0.18
AT:0.10333333333333333
FD:0.10333333333333333
SS:0.1
FL:0.1
US:0.1
