ArchiveClient:0.51
NotificationsProxy:0.40797222222222224
ControlSessionProxy:0.31333333333333335
