QueryStringQueryBuilder:0.6066666666666667
MapperQueryParser:0.5566666666666666
QueryStringQueryBuilderTests:0.22666666666666666
