DrawableSeqFeature:0.56
SequenceSelector:0.41
StrandedZoomableApolloPanel:0.39
GraphView:0.2633333333333333
CurationSet:0.25333333333333335
ExpandableFeatureSet:0.24666666666666667
EnsCGIAdapterGUI:0.24
ApolloFrame:0.2305555555555555
ScaleView:0.23
ScrollableTierView:0.21333333333333335
GCScoreCalculator:0.21333333333333335
FindPanel:0.2
EnsCGIAdapter:0.16
