Node:0.44666666666666666
SimpleScriptableProxy:0.44
WebClient:0.43666666666666665
Window:0.39666666666666667
TreeWalker:0.39166666666666666
Range:0.33666666666666667
HTMLCollection:0.31333333333333335
HTMLElement:0.2733333333333333
SimpleScriptableTest:0.21333333333333335
WindowConcurrencyTest:0.20666666666666667
HTMLFrameElement:0.20666666666666667
SimpleScriptable:0.20666666666666667
HTMLDocument:0.20333333333333334
HTMLDocumentWriteTest:0.18833333333333332
HTMLDocumentTest:0.18
HTMLHtmlElement:0.10666666666666667
WindowProxy:0.09
HTMLDocumentProxy:0.04666666666666667
