HttpTest:0.4
HttpServerRequestImpl:0.38666666666666666
DeploymentImpl:0.2966666666666667
HttpServerRequest:0.2866666666666667
