FileUtil:0.4533333333333333
ClassLoaderUtil:0.45
JoddDefault:0.2733333333333333
Proxetta:0.22
ResourceBundleMessageResolver:0.19666666666666666
PropertiesUtil:0.19666666666666666
AdaptiveFileUpload:0.18666666666666668
ClasspathScanner:0.17
AutomagicMadvocConfigurator:0.11666666666666667
PetiteExample:0.11
AutomagicPetiteConfigurator:0.09666666666666666
AutomagicDbOrmConfigurator:0.09333333333333334
PropsUtil:0.09
