ConnectionWizardWizardPanel1:0.39
ObjectNode:0.3233333333333333
ConnectionWizardWizardAction:0.25333333333333335
ConnectionWizardVisualPanel2:0.23916666666666667
ObjectNodeProperty:0.2061111111111111
ConnectionWizardWizardPanel2:0.19333333333333333
