Schedule:0.545
Project:0.438
Commandline:0.41833333333333333
Modification:0.41333333333333333
ModificationSet:0.3794444444444445
Main:0.34833333333333333
LinkEmailPublisher:0.32022222222222224
PVCS:0.30333333333333334
DefaultLabelIncrementer:0.2811111111111111
CVS:0.2733333333333333
Vss:0.22142857142857145
Upgrader:0.21142857142857144
P4:0.20476190476190476
StarTeam:0.20476190476190476
EmailPublisher:0.20142857142857143
AntBuilder:0.18642857142857144
VssJournal:0.18476190476190477
ProjectController:0.18476190476190477
MKS:0.1830952380952381
ProjectXMLHelper:0.1780952380952381
CVSLabelIncrementer:0.15333333333333332
ClearCase:0.13833333333333334
CVSBootstrapper:0.11833333333333333
AntBuilderTest:0.056666666666666664
PluginXMLHelper:0.03666666666666667
