FunctionInfo:0.5933333333333334
SelectAnalyzerTest:0.31333333333333335
Planner:0.23
SelectStatementAnalyzer:0.21
AbstractDataAnalysis:0.20666666666666667
TransportExecutorTest:0.20666666666666667
SymbolFormatterTest:0.20666666666666667
LocalDataCollectTest:0.17666666666666667
AverageAggregation:0.17205555555555554
AnyEqOperatorTest:0.16666666666666666
SumAggregation:0.16516666666666666
CollectSetAggregation:0.16233333333333333
ArbitraryAggregation:0.145
SelectSymbolValidator:0.14
MaximumAggregation:0.13833333333333334
MinimumAggregation:0.13833333333333334
DeleteAnalyzerTest:0.13666666666666666
AggregationSearcher:0.12
GroupBySymbolValidator:0.10666666666666667
PlannerAggregationSplitter:0.08333333333333333
CountAggregationFunctionResolver:0.07666666666666666
TestFunction:0.06666666666666667
