PdfBurster:0.7833333333333333
Facade:0.38666666666666666
TestFacade:0.21666666666666667
TestSenderFactory:0.12666666666666668
TestPdfBurster:0.023333333333333334
