ViewUtil:0.7633333333333333
DisplayListUserVariablesTag:0.29
MultipleSelectFromListUserVariablesTag:0.24444444444444446
