ESRequestBuilder:0.53
NodeExecutionContext:0.39
CopyVisitorTest:0.3233333333333333
InsertVisitor:0.23666666666666666
ExceptionHelper:0.23666666666666666
