MaintenanceTabPanel:0.5466666666666666
BuildingMalfunctionPanel:0.35333333333333333
