ArticleQueryService:0.5991666666666666
CommentQueryService:0.42333333333333334
CommentNotifier:0.41
