PyTraceback:0.5466666666666666
PyBeanEvent:0.42333333333333334
ReflectedCallData:0.06
PySlice:0.023333333333333334
PyRunnable:0.0011111111111111111
InitModule:0.0011111111111111111
PySingleton:0.0
PyEllipsis:0.0
