JChemPaintEditorPanel:0.6466666666666666
JChemPaintPanel:0.6066666666666667
InsertStructureAction:0.16
