InstallerConfig:0.4266666666666667
ConfigService:0.3433333333333333
AppResource:0.31666666666666665
ConfigSummaryPage:0.30666666666666664
ClusteringPage:0.16
SaveConfigInformationCallback:0.08
