RegistryPatientIdentityFeed:0.6266666666666667
SubmitObjectsRequest:0.4033333333333333
XDSbRegistry:0.27666666666666667
