Node:0.35333333333333333
ReplicaSetStatus:0.35
DBTCPConnector:0.35
MyPort:0.2916666666666667
ReplicaSet:0.27666666666666667
LazyBSONObject:0.2683333333333333
Tag:0.22333333333333333
Updater:0.11666666666666667
DBTCPConnectorTest:0.10666666666666667
UpdatableNode:0.07
ReplicaSetStatusTest:0.04683333333333334
ReplicaSetHolder:0.0
