BasicFunctions:0.4533333333333333
UltimateViewAdapter:0.44666666666666666
DebugLoadMoreActivity:0.30333333333333334
easyRegularAdapter:0.24
