DefaultResultSetHandler:0.6033333333333334
Product:0.32
Mapper:0.2701111111111111
ProductId:0.26666666666666666
ProductIdTypeHandler:0.24666666666666667
ResultSetWrapper:0.18333333333333332
TypeHandlerTest:0.10666666666666667
