TypeDescription:0.6633333333333333
Raw:0.3233333333333333
AbstractTypeDescription:0.26
OfPotentiallyRawType:0.25666666666666665
ForParameterizedType:0.20666666666666667
GenericTypeToken:0.20333333333333334
Resolution:0.20277777777777778
