AgentBuilder:0.6466666666666666
Default:0.51
ClassInjectorUsingReflectionTest:0.4
ClassLoadingStrategy:0.32666666666666666
Delegator:0.32666666666666666
ClassInjector:0.24666666666666667
PoolStrategy:0.23587301587301587
UsingReflection:0.21
InjectionDispatcher:0.17666666666666667
WrappingDispatcher:0.16
UsingUnsafe:0.15666666666666668
AgentBuilderDefaultApplicationRedefineTest:0.14333333333333334
ForUnsafeInjection:0.05333333333333334
Enabled:0.05
