Privilege:0.5533333333333333
User:0.3933333333333333
PrivilegeTest:0.2833333333333333
Role:0.20666666666666667
SubjectTest:0.16666666666666666
