WebClient:0.8033333333333333
FailingHttpStatusCodeExceptionTest:0.3233333333333333
WithWebClientTest:0.1488888888888889
