Metadata:0.9066666666666666
MetadataManager:0.4
ConnectorMetadata:0.37666666666666665
ClassLoaderSafeConnectorMetadata:0.3
AbstractMockMetadata:0.29
