Document:0.7266666666666667
XMLHTTPRequest:0.49833333333333335
UrlFetchWebConnection:0.4166666666666667
