Flyway:0.6633333333333333
FlywayConfiguration:0.5176468253968255
MigrationInfoContext:0.43
MigrationInfoServiceImpl:0.3933333333333333
MigrationInfoImpl:0.38666666666666666
ConfigUtils:0.1730952380952381
DbValidate:0.16666666666666666
DbMigrate:0.15
DbRepair:0.15
DbInfo:0.13333333333333333
