LdapUserDetails:0.8927777777777777
LdapUserDetailsImpl:0.7572222222222222
LdapUserDetailsMapper:0.13333333333333333
