MainWindow:0.56
MainScene:0.4533333333333333
Crop:0.4033333333333333
