ConvertUtils:0.7028888888888889
PrimaryKeyPolicyPattern:0.6966666666666667
