Mouse:0.52
Controller:0.4066666666666667
Keyboard:0.35333333333333333
