User:0.8166666666666667
UserFactory:0.45
Credentials:0.2866666666666667
Group:0.22666666666666666
