Building:0.5466666666666666
RadiationExposure:0.38333333333333336
WalkOutside:0.30666666666666664
EVAOperation:0.22666666666666666
RadiationEvent:0.043333333333333335
