HAManager:0.42
ClusteredEventBus:0.39666666666666667
FakeAsyncMultiMap:0.22166666666666668
AsyncMultiMap:0.195
