SeriesBean:0.53
StoreScpService:0.4666666666666667
StorageBean:0.39
StoreScp:0.36333333333333334
