PredAST:0.5533333333333333
TestASTStructure:0.5177777777777778
