Shape:0.5575
EdgeMultVar:0.4794444444444444
Multiplicity:0.45666666666666667
EquationSystem:0.44
RuleToShapeMap:0.4030952380952381
Materialisation:0.21
Solution:0.16
Equation:0.13666666666666666
EdgeBundle:0.013333333333333334
