ArchiveTest:0.5233333333333333
TestUtil:0.44666666666666666
RecordingSessionTest:0.2733333333333333
CatalogTest:0.25666666666666665
