TestClass:0.7733333333333333
Parameterized:0.37666666666666665
TestClassRunnerForParameters:0.3233333333333333
TestClassTest:0.07666666666666666
