InformationMemory:0.5133333333333333
CertProfilesBean:0.4666666666666667
CAAuthorization:0.42
EjbcaJSFHelper:0.26
