JavaBeanSerializer:0.7666666666666667
ASMSerializerFactory:0.48333333333333334
FieldSerializer:0.3433333333333333
MapSerializer:0.15666666666666668
