Setting:0.6866666666666666
ESIntegTestCase:0.41
IndicesRequestCache:0.32
UnassignedInfo:0.2277777777777778
ClusterModule:0.21222222222222223
IndexStatsIT:0.2
ShardsLimitAllocationDecider:0.16333333333333333
IndicesRequestCacheIT:0.14
