BioResourceView:0.6466666666666666
CDKResource:0.5666666666666667
