Skill:0.6466666666666666
Trader:0.38
Job:0.32666666666666666
SkillManager:0.32
JobManager:0.31666666666666665
