AuthenticationManager:0.7
LdapModule:0.41666666666666663
SelfResource:0.3566666666666667
AuthenticationManagerImpl:0.35
LdapModuleImpl:0.3233333333333333
AuthenticationManagerUtil:0.25333333333333335
NullLdapModuleImpl:0.24666666666666667
ZoneAwareLocalAuthenticationProviderImpl:0.22
AbstractAuthenticationProviderModule:0.21333333333333335
HomeFolderCreateException:0.02666666666666667
HomeFolderDeleteException:0.02666666666666667
LdapReadException:0.02666666666666667
