ZookeeperRegistry:0.45666666666666667
Main:0.30333333333333334
RegistryContainer:0.25
SpringContainer:0.18
Log4jContainer:0.18
JettyContainer:0.15666666666666668
ServicesPageHandler:0.13666666666666666
Admin:0.11333333333333333
