AbstractServerFactory:0.4166666666666667
Worker:0.2966666666666667
SimpleServerFactory:0.2
LifeCycleListener:0.1908333333333333
DefaultServerFactory:0.18333333333333332
LoggingFactory:0.14
ServerCommand:0.13
Slf4jRequestLog:0.11666666666666667
AsyncAppender:0.11
ConfiguredCommand:0.1
