JPFConfigEditor:0.6666666666666666
Environment:0.395
JPFConfigEditorSupport:0.34
JPFConfigDataObject:0.32666666666666666
JPFConfigTextView:0.14
