SAXWriterTest:0.3433333333333333
DicomOutputStreamTest:0.34
DicomObjectTest:0.3333333333333333
DicomDirReaderTest:0.3
DicomInputStreamTest:0.2866666666666667
ContentHandlerAdapterTest:0.22642857142857142
ResourceLocator:0.19666666666666666
