IndexShard:0.7066666666666667
IndexShardTests:0.41333333333333333
IndexService:0.2833333333333333
ShadowIndexShard:0.16333333333333333
RecoveryTarget:0.12333333333333334
StoreRecovery:0.11166666666666666
IndexSettingsService:0.10265873015873016
