XContentHelper:0.6933333333333334
XContentFactory:0.5066666666666667
IndexShard:0.36333333333333334
SimulatePipelineRequest:0.23
TermVectorsRequest:0.21833333333333332
Item:0.21666666666666667
PercolateQueryBuilder:0.20666666666666667
PipelineConfiguration:0.20333333333333334
DecayFunctionBuilder:0.20333333333333334
PutStoredScriptRequest:0.19666666666666666
SourceFieldMapperTests:0.18666666666666668
PutPipelineRequest:0.18
RawTaskStatus:0.16333333333333333
ClientHit:0.14333333333333334
TranslogHandler:0.12333333333333334
XContentFactoryTests:0.12333333333333334
