Engine:0.4666666666666667
InternalEngine:0.43666666666666665
Index:0.2966666666666667
IndexingOperationListener:0.255
CompositeListener:0.255
TransportWriteAction:0.25333333333333335
Delete:0.22333333333333333
WritePrimaryResult:0.22
Result:0.21
Operation:0.17
WriteReplicaResult:0.16666666666666666
IndexResult:0.031111111111111114
DeleteResult:0.031111111111111114
