CommonConfiguration:0.62
ExtensionManager:0.36666666666666664
WebServerProtocol:0.27666666666666667
TCPProtocol:0.27666666666666667
ProjectionScaledIntTypes:0.2633333333333333
DefaultARINCUtils:0.25
PropertiesHandler:0.23333333333333334
XMLLayer:0.23
XMLA661SAXParser:0.22
AbstractXMLDFHandler:0.21
SizeKey:0.09333333333333334
