Bond:0.43
CDKConstants:0.4032222222222222
JCPController2D:0.2966666666666667
Renderer2D:0.27166666666666667
SmilesGenerator:0.23
MDLReader:0.11333333333333333
