Class:0.52
Type:0.4625000000000001
ReflectiveType:0.30333333333333334
ModelMethod:0.17
