StartReduceJobHandler:0.5591666666666667
ReceivePartialResultHandler:0.34
TransportSQLReduceHandler:0.31666666666666665
NodeSettings:0.21333333333333335
