UserContainer:0.45666666666666667
Account:0.39
UserContainerTest:0.09333333333333334
UserManagerTest:0.048333333333333325
