TriangleDouble:0.6833333333333333
Triangle:0.5733333333333334
TriangleEndDoubleRenderer:0.2633333333333333
TriangleSegmentDoubleRenderer:0.17333333333333334
