UrlConnectTest:0.6033333333333334
DataUtil:0.39666666666666667
