Page:0.8633333333333333
TopNRowNumberOperator:0.35
TopNBuilder:0.24333333333333335
SavedRow:0.17666666666666667
