RubyScript:0.4633333333333333
RubyBuilder:0.38666666666666666
WorkQueue:0.31
RdtWarnings:0.22444444444444447
