LayerTreeEditor:0.6266666666666667
ConcreteLayerPainter:0.4266666666666667
TreeEditorCopyHelper:0.2633333333333333
LayerTreeEditorCopyPasteTest:0.19
LayerTreeEditorCopyPaste3Test:0.14333333333333334
LayerTreeEditorCopyPaste1Test:0.14333333333333334
LayerTreeEditorGroupUngroupTest:0.14333333333333334
