SelectAnalyzerTest:0.5533333333333333
InformationSchemaTest:0.3875
RowsResponseBuilder:0.33355555555555555
CrateClientTest:0.20666666666666667
RowsResponseBuilderTest:0.14
