ServletUtil:0.7033333333333334
JspResolver:0.25666666666666665
CsrfShield:0.24666666666666667
JoddJspFunctions:0.24666666666666667
