QueryAnalysis:0.6166666666666667
QueryParameters:0.5516666666666666
QueryAnalysisProvider:0.37666666666666665
MqlQueryAnalysis:0.29
MqlParameterTransformer:0.2633333333333333
MqlSqlWalker:0.25
HqlAnalyzer:0.20666666666666667
MqlNode:0.19333333333333333
MqlAnalyzerTest:0.18666666666666668
