Node:0.48333333333333334
PatriciaTrie:0.3566666666666667
RadixNode:0.21333333333333335
RadixTree:0.21
TreePrinter:0.09
RadixTreePrinter:0.04666666666666667
TrieMapPrinter:0.03666666666666667
TriePrinter:0.03
