JFXEventLogger:0.5133333333333333
J2DPrismGraphics:0.28
RendererKey:0.26
PopUpPanelButtonRenderer:0.25
Map2DItemListRenderer:0.24666666666666667
GrowableTablePanel:0.23666666666666666
ShortPanel:0.21333333333333335
FloatFloatPanel:0.21333333333333335
FloatPanel:0.21333333333333335
BooleanPanel:0.21333333333333335
LongLongPanel:0.21333333333333335
IntPanel:0.21333333333333335
PicturePanel:0.20333333333333334
EditDebugDialog:0.19
EditBoxNumericRenderer:0.15
LabelEditBoxNumericRenderer:0.15
GraphicsUtils:0.13666666666666666
PublicReflectionTest:0.11666666666666667
TreeEditorScaleHelper:0.07
