Main:0.6066666666666667
AbstractFlywayTask:0.5783333333333334
AbstractFlywayMojo:0.30333333333333334
