NDArray:0.6833333333333333
ComplexNDArray:0.44666666666666666
FFT:0.2966666666666667
ArrayUtil:0.2733333333333333
SliceOp:0.21722222222222223
NDArrayTests:0.20333333333333334
ComplexNDArrayTests:0.10666666666666667
FFTTest:0.055
