Default:0.45666666666666667
MethodPool:0.38666666666666666
ImplementationContextDefaultTest:0.25
Compiled:0.23666666666666666
MethodRegistryDefaultTest:0.23
AbstractDelegationRecord:0.205
RedefinitionClassVisitor:0.15
MethodRegistryHandlerTest:0.14
FieldRegistryDefaultTest:0.11666666666666667
FieldRegistryCompiledNoOpTest:0.09333333333333334
