Parameter:0.8266666666666667
ParameterValueEditor:0.24
ParameterValueRenderer:0.23666666666666666
