Flyweight:0.29333333333333333
Channel:0.2866666666666667
AeronTest:0.25333333333333335
AtomicBuffer:0.23
ConsumerSession:0.2289285714285714
Aeron:0.22
Consumer:0.20666666666666667
RcvFrameHandler:0.19
UnicastTest:0.15666666666666668
ConsumerChannel:0.14333333333333334
