SaturationChecker:0.7444444444444445
SaturationCheckerTest:0.6633333333333333
