AbstractNodeWidget:0.5033333333333333
TopologyViewScene:0.33666666666666667
GeoPositionedNodeWidget:0.3233333333333333
GISViewScene:0.25
NodeMenu:0.23633333333333334
ChildrenViewScene:0.19
ReleaseFromServiceAction:0.15666666666666668
NewPoolAction:0.14
