Builder:0.4533333333333333
ESIntegTestCase:0.35
Settings:0.3233333333333333
AwsEc2Service:0.32022222222222224
AbstractScopedSettings:0.23666666666666666
Analysis:0.21333333333333335
SettingsFilter:0.16666666666666666
InternalSettingsPreparer:0.15333333333333332
SettingsTests:0.11666666666666667
ListSetting:0.11666666666666667
AwsEc2UnicastHostsProvider:0.10666666666666667
LoggingSettingUpdater:0.1
FilteredMap:0.08
