EntityTypeImpl:0.38333333333333336
SingularAttributeImpl:0.33
MetadataContext:0.3233333333333333
Identifier:0.26666666666666666
Version:0.26666666666666666
MetamodelImpl:0.25666666666666665
Builder:0.19666666666666666
PluralAttributeImpl:0.18666666666666668
EmbeddableTypeImpl:0.06333333333333334
