TestRESTAPI:0.43333333333333335
WebXMLOptions:0.32
InstallOptions:0.29333333333333333
DefaultAccess:0.23
FedoraWebXML:0.22
TestFedoraWebXML:0.12666666666666668
ObjectProfile:0.1163888888888889
FilterRestApiAuthn:0.1
FilterRestApiFlash:0.03
