BuildingManager:0.7466666666666667
ProduceFood:0.37333333333333335
EatMeal:0.29333333333333333
MainDesktopManager:0.25
UnitWindow:0.25
ManufactureGood:0.22333333333333333
TabPanelPersonality:0.20744444444444443
Chatter:0.0011111111111111111
