Cursor:0.44
Win32Display:0.3433333333333333
LinuxDisplay:0.3433333333333333
DisplayImplementation:0.3
CursorElement:0.16333333333333333
