InitializationStrategy:0.6633333333333333
AgentBuilderInitializationStrategyTest:0.30333333333333334
DefinedShapeMatcherTest:0.25
AgentBuilderDefaultApplicationTest:0.21
QuxBaz:0.18937698412698412
QuxBazTransformer:0.18937698412698412
