Tile:0.63
TileImprovement:0.37166666666666665
RiverSection:0.31833333333333336
River:0.30333333333333334
TileItemContainer:0.27
ScaleMapAction:0.12666666666666668
RiverTransform:0.09
