StreamAllocation:0.58
RealWebSocket:0.48
RealConnection:0.4033333333333333
ConnectionPoolTest:0.29333333333333333
