DnDTreeModel:0.8466666666666667
Model:0.4866666666666667
DropHandler:0.36333333333333334
DragHandler:0.30666666666666664
DefaultDnDTreeModel:0.2
