Tab:0.5966666666666667
Style:0.5566666666666666
ModuleTestBase:0.39666666666666667
CarrierTest:0.31333333333333335
CustomerTest:0.2833333333333333
CustomerWithSectionTest:0.2833333333333333
CarrierWithSectionsTest:0.2833333333333333
ColorTest:0.2781666666666667
InvoiceTest:0.25333333333333335
SellerTest:0.22333333333333333
InvoiceDetailsWithTotalsTest:0.19666666666666666
Invoice2002Test:0.19666666666666666
ServiceInvoiceTest:0.19
OnlyReadDetailsInvoiceTest:0.18333333333333332
OnlyEditDetailsInvoiceTest:0.16666666666666666
InvoiceNoSectionsTest:0.11666666666666667
WarehouseSpecialNewTest:0.10333333333333333
HumanTest:0.07
