AntScript:0.36666666666666664
BuildOutputBuffer:0.31666666666666665
AntBuilder:0.2866666666666667
ScriptRunner:0.19333333333333333
BuildOutputBufferTest:0.06666666666666667
