PdfBurster:0.57
TestBursterFactory:0.4
UtilsTest:0.3233333333333333
SettingsTest:0.2866666666666667
LifeSpanTest:0.24333333333333335
EmailAddress:0.2168730158730159
AttachmentsTest:0.18666666666666668
UploadTest:0.18666666666666668
EmailTest:0.18166666666666667
DistributeExternalTest:0.14166666666666666
MultipleTokensTest:0.12833333333333333
