JdtVariableAdapter:0.5516666666666666
RubyVariable:0.3933333333333333
