CertificateData:0.785
CAAdminTestSessionRemote:0.38666666666666666
CertificateRetrievalTest:0.11
CAAdminTestSessionBean:0.03666666666666667
