ActionInvoker:0.5466666666666666
UploadingContext:0.365
NutActionChain:0.34
UrlMappingImpl:0.17
NutActionChainMaker:0.14
FailProcessor:0.14
ActionHandler:0.12333333333333334
String2Number:0.1
