ServerServiceDefinition:0.48
Builder:0.3011111111111111
ServerInterceptorsTest:0.30050000000000004
MutableHandlerRegistryImplTest:0.2966666666666667
