Storage:0.6733333333333333
DefaultRecordStore:0.5566666666666666
StorageImpl:0.2966666666666667
