MetaAttribute:0.7233333333333334
AnnotationMetaEntity:0.36666666666666664
AnnotationMetaAttribute:0.2733333333333333
XmlMetaAttribute:0.26666666666666666
AnnotationEmbeddable:0.2511111111111111
XmlMetaMap:0.15
AnnotationMetaMap:0.13666666666666666
