HiveClientConfig:0.58
HiveMetadata:0.46
HivePartitionManager:0.30333333333333334
AbstractTestHiveClient:0.29333333333333333
HiveWriteUtils:0.2833333333333333
HiveConnector:0.26166666666666666
HiveMetadataFactory:0.22
TestHiveClientConfig:0.11333333333333333
