BuildAgent:0.4633333333333333
SearchablePropertyEntries:0.33666666666666667
ReggieUtil:0.2644444444444445
PropertyTableModel:0.245
ZipUtil:0.21666666666666667
BuildAgentTest:0.17416666666666666
JiniLookUpUtility:0.15444444444444444
BuildAgentEntryOverrideUI:0.11666666666666667
