ITrackerResources:0.7466666666666667
EditCustomFieldValueFormAction:0.14333333333333334
EditLanguageFormAction:0.14333333333333334
EditLanguageAction:0.14333333333333334
ITrackerMessageResourcesFactory:0.08666666666666667
