Report:0.5316666666666666
Impl:0.38666666666666666
ReportWebsite:0.30666666666666664
MultilineUI:0.16333333333333333
BeanPropertyImpl:0.13555555555555557
FieldImpl:0.13555555555555557
