CompStyle:0.44
SynthLookGenerator:0.33666666666666667
WidgetsGenerator:0.2633333333333333
UIComponentsFactory:0.22666666666666666
SynthConverterAction:0.17
SynthStyleSet:0.06333333333333334
