Tool:0.46
Option:0.38666666666666666
OutputModelFactory:0.3466666666666667
InvokeRule:0.16777777777777778
MatchToken:0.16777777777777778
LexerFactory:0.135
SerializedATN:0.1211111111111111
ThrowRecognitionException:0.11
Sync:0.11
ParserFactory:0.085
