SimpleIntegrationTest:0.5866666666666667
NodeServiceTest:0.37111111111111117
BootstrapService:0.36
