ModuleManager:0.5416666666666666
DescriptionsCalculator:0.4166666666666667
IJDBCAction:0.40944444444444444
DeleteAllAction:0.20333333333333334
CarriersTest:0.19666666666666666
