Decimals:0.7672222222222221
TestDecimalCasts:0.48
DecimalCasts:0.4533333333333333
