CoreWsSecuritySecurityTokenServiceConfiguration:0.6866666666666666
UriRealmParser:0.3825555555555555
DefaultRelyingPartyTokenProducer:0.21
