MockService:0.4633333333333333
MockEventIpcManager:0.30333333333333334
MockNetworkTest:0.2866666666666667
MockNode:0.2833333333333333
MockInterface:0.25
MockNetwork:0.24333333333333335
MockElement:0.20333333333333334
MockQueryManager:0.13666666666666666
PollerTest:0.04666666666666667
