ComplexNDArray:0.6066666666666667
NDArray:0.5566666666666666
MatrixUtil:0.37
VectorFFT:0.21588888888888894
NDArrayTests:0.20333333333333334
BaseElementWiseOp:0.19666666666666666
VectorIFFT:0.12333333333333334
VectorFFTTest:0.11666666666666667
ComplexNDArrayTests:0.1
