DashboardService:0.4422222222222223
DatabaseUtils:0.38
DisplayReportTablePanel:0.35
DashboardDelegator:0.3466666666666667
DisplayReportDiagramPanel:0.13
