Factory:0.39
Transducer:0.39
DocumentFormat:0.36666666666666664
XmlDocumentHandler:0.35333333333333333
DocumentImpl:0.33666666666666667
Gate:0.32666666666666666
GateFormatXmlDocumentHandler:0.30666666666666664
MultiPhaseTransducer:0.305
DataStoreRegister:0.3
SinglePhaseTransducer:0.3
AnnotationSetImpl:0.29333333333333333
DefaultGazetteer:0.27666666666666667
HtmlDocumentHandler:0.2733333333333333
EmailDocumentHandler:0.24666666666666667
CreoleProxy:0.24333333333333335
POSTagger:0.24333333333333335
SimpleTokeniser:0.23666666666666666
CorpusImpl:0.23
DefaultTokeniser:0.22666666666666666
Batch:0.22333333333333333
ParseCpsl:0.22
SerialDataStore:0.22
SentenceSplitter:0.2
Nerc:0.18333333333333332
AnnotationSetIterator:0.16
VerboseIterator:0.16
XmlDocumentFormat:0.13333333333333333
VerboseHashMap:0.12
SgmlDocumentFormat:0.11333333333333333
HtmlDocumentFormat:0.11333333333333333
EmailDocumentFormat:0.10666666666666667
