XmlFlowBuilder:0.5833333333333334
FlowDefinitionRedirectAction:0.51
FlowDefinitionRedirectActionTests:0.19666666666666666
ViewFactoryActionAdapter:0.18444444444444444
