Structure:0.6166666666666667
StructureTest:0.44666666666666666
Platform:0.39166666666666666
