IUndoRedoFactory:0.5505555555555556
ControllerHub:0.5333333333333333
MergeMoleculesEdit:0.5266666666666666
SwingUndoRedoFactory:0.19666666666666666
SwingMergeMoleculesEdit:0.13666666666666666
