Http2ServerResponseImpl:0.4666666666666667
VertxHttp2ConnectionHandler:0.4066666666666667
Http2Pool:0.39
Http2ServerRequestImpl:0.26
HttpClientRequestPushPromise:0.25
