ArticleProcessor:0.5066666666666667
AdminProcessor:0.4066666666666667
ArticleMgmtService:0.3233333333333333
