JFXComponent:0.4533333333333333
RendererFactory:0.37
ExtensionManager:0.31333333333333335
AbstractServerEngine:0.28
AbstractWidgetRefHandler:0.24333333333333335
RenderersHandler:0.23333333333333334
AbstractConfigurationParser:0.20666666666666667
AbstractClientEngine:0.18666666666666668
LookModelPlugin:0.15333333333333332
JFXRenderersHandler:0.15
XMLEvent:0.13753968253968255
SwingRenderersHandler:0.13666666666666666
WidgetComponentsWriter:0.09
XMLValue:0.09
JFXComponentsExtractor:0.08666666666666667
JFXComponentsExtractionAction:0.07666666666666666
ExtractJFXComponentsDialog:0.06666666666666667
