IMap:0.6089722222222222
MProxyImpl:0.37333333333333335
ClientService:0.27666666666666667
MapClientProxy:0.27666666666666667
ReplicatedMap:0.23
MapFlushHandler:0.14055555555555554
