ConnectionJDBC2:0.58
Support:0.3444444444444445
SharedNamedPipe:0.25666666666666665
SharedLocalNamedPipe:0.22333333333333333
