NodeExecutionContext:0.4166666666666667
QueryVisitorTest:0.37666666666666665
TableExecutionContext:0.37
QueryVisitor:0.23916666666666667
SQLFields:0.21666666666666667
SQLParseService:0.16333333333333333
InsertVisitor:0.1622222222222222
ITableExecutionContext:0.15833333333333333
InformationSchemaTableExecutionContext:0.10666666666666667
BaseVisitor:0.09
