Rule:0.5666666666666667
ParserRuleContext:0.4033333333333333
OutputModelController:0.30666666666666664
RuleFunction:0.2966666666666667
LeftRecursiveRule:0.19666666666666666
CodeGenPipeline:0.14
TestA:0.03
Do:0.02
