DomainImpl:0.6166666666666667
TestURL:0.6133333333333333
EntityTest:0.26666666666666666
RoleFactory:0.20666666666666667
