DefaultAtmosphereObjectFactory:0.6055555555555555
JSR356AsyncSupport:0.5433333333333333
ContainerInitializer:0.2
