RandomObjects:0.4127777777777778
UpdateRequest:0.3527777777777778
UpdateRequestTests:0.23333333333333334
