Util:0.64
GEFHierarchyTest:0.47333333333333333
GEFFigureTesterTest:0.18666666666666668
AllTests:0.16
