CrmfRAPbeMultipleKeyIdRequestTest:0.36
CrmfRAPbeRequestTest:0.2966666666666667
CrmfRARequestTest:0.23
CrmfRATcpRequestTest:0.22333333333333333
CmpPbeVerifyer:0.17666666666666667
CmpTestCase:0.16666666666666666
