PEPConfig:0.2833333333333333
Handler:0.25333333333333335
OptionDefinition:0.21
PolicyFinderModule:0.20166666666666666
Installer:0.17666666666666667
ContextHandlerImpl:0.17
AuthFilterJAAS:0.16333333333333333
ObjectFactory:0.12333333333333334
Option:0.11
RelationshipResolver:0.06333333333333334
HandlersWs:0.06333333333333334
ResponseCache:0.043333333333333335
EvaluationEngine:0.029166666666666667
PdpClient:0.016666666666666666
HandlersObjects:0.0033333333333333335
HandlersRest:0.0033333333333333335
