LdapUtils:0.8033333333333333
LdapUtilsTests:0.05333333333333334
