CasValidationConfiguration:0.6308333333333334
Cas30ResponseViewTests:0.44666666666666666
Cas30JsonResponseViewTests:0.20333333333333334
ViewProperties:0.02
