CertDistServlet:0.49166666666666664
CACertServlet:0.41
GetCRLServlet:0.3255555555555556
