Robot:0.73
ScriptEditor:0.4
KeyStrokeMapTest:0.2966666666666667
InputState:0.2866666666666667
ComponentTesterTest:0.23833333333333334
RobotTest:0.18666666666666668
RobotAWTModeTest:0.16666666666666666
EnterExitListener:0.14555555555555558
