ExecUtility:0.7066666666666667
TestIngestDemoObjects:0.3466666666666667
FedoraHome:0.25666666666666665
ExecUtilityTest:0.023333333333333334
