Engine:0.6633333333333333
ShadowEngine:0.5166666666666667
InternalEngine:0.3577777777777778
