WorkflowProcessUtils:0.5866666666666667
BinderHelper:0.46388888888888885
ShowUser:0.2966666666666667
