PosDocument:0.8933333333333333
PosModel:0.42
PosOrder:0.32
PosPanel:0.31333333333333335
