FolderWidgetDlgBox:0.3233333333333333
GwtTeamingMessages:0.31333333333333335
LinkToEntryWidgetDlgBox:0.29333333333333333
LinkToFolderWidgetDlgBox:0.2866666666666667
EntryWidgetDlgBox:0.20666666666666667
