AdminProcessor:0.6433333333333333
Permission:0.5016666666666667
RoleQueryService:0.33416666666666667
UserQueryService:0.2733333333333333
InitMgmtService:0.15333333333333332
