SocketChannelTest:0.6816666666666666
FileChannelTest:0.44666666666666666
ServerSocketChannelTest:0.445
SinkChannelTest:0.2866666666666667
