Tds:0.6766666666666666
TestBase:0.25666666666666665
TimestampTest:0.2213888888888889
AsTest:0.21666666666666667
PreparedStatement_base:0.2
ConnectionThread:0.19777777777777777
ParameterUtils:0.19333333333333333
TdsStatement:0.18666666666666668
SqlForwarder:0.13872222222222222
