GroupByHash:0.8333333333333334
ArrayDistinctFunction:0.30666666666666664
ChannelSetBuilder:0.2966666666666667
GroupByHashAggregationBuilder:0.24333333333333335
TestGroupByHash:0.22
