PageConfig:0.6455555555555555
DirectoryListing:0.48
DirectoryListingTest:0.29777777777777775
