URLConnectionTest:0.38333333333333336
Route:0.34
OkHttpClient:0.29333333333333333
Platform:0.29333333333333333
RouteSelectorTest:0.26666666666666666
Connection:0.25666666666666665
Android:0.25666666666666665
RouteSelector:0.25333333333333335
MockWebServer:0.23666666666666666
ConnectionPoolTest:0.2
SpdyServer:0.16
JdkWithJettyBootPlatform:0.05333333333333334
FakeProxySelector:0.03
