AriaManager:0.4166666666666667
SimpleSchedulerListener:0.27416666666666667
CheckUtil:0.27
DownloadCallback:0.15
MySchedulerListener:0.14666666666666667
MyDialogDownloadCallback:0.13333333333333333
DownloadListener:0.12666666666666668
