HttpBase:0.61
RawTest:0.33
HeadersMultiMap:0.29333333333333333
HttpBrowser:0.2
HttpRequestTest:0.17666666666666667
