CudaGradientsAccumulator:0.5066666666666667
SharedTrainingMaster:0.47
SharedTrainingWorker:0.4266666666666667
SharedTrainingWrapper:0.25333333333333335
Builder:0.19111111111111112
