DataMapProxy:0.45666666666666667
ObjectMapProxy:0.45666666666666667
MapProxySupport:0.20666666666666667
