MapperAnnotationBuilder:0.6266666666666667
XMLStatementBuilder:0.2833333333333333
LanguageDriver:0.24587301587301585
XMLDynamicLanguageDriver:0.06333333333333334
VelocityLanguageDriver:0.04666666666666667
StaticSqlLanguageDriver:0.04666666666666667
