ServiceConfigUtil:0.6066666666666667
DnsNameResolver:0.3433333333333333
RetryPolicy:0.29333333333333333
