ServerJob:0.48333333333333334
AbstractServerJob:0.42333333333333334
ClientContext:0.4066666666666667
CompletionListener:0.30666666666666664
