AdminModule:0.4166666666666667
SetUserSharingRightsInfoCmd:0.37
GwtTeamingMessages:0.31333333333333335
UserShareRightsDlg:0.30666666666666664
AbstractAdminModule:0.23
GwtServerHelper:0.22
GwtRpcServiceImpl:0.21777777777777782
