ServerCallInfo:0.46311111111111114
ServerImplTest:0.33
StatsTraceContext:0.30333333333333334
TestServerStreamTracer:0.2966666666666667
CensusModulesTest:0.24333333333333335
AbstractTransportTest:0.22666666666666666
ReadOnlyServerCall:0.13666666666666666
ServerTransportListenerImpl:0.13333333333333333
ServerStreamTracer:0.12
ServerTracer:0.08
