FileMappingConvention:0.7302777777777778
ClientAdminThread:0.5941666666666666
ChannelNotifiable:0.29333333333333333
SharedDirectories:0.28
