AmountResource:0.5366666666666666
MainMenu:0.44333333333333336
VehicleTableModel:0.3111111111111111
MainWindowFXMenu:0.26666666666666666
MarsViewer:0.24333333333333335
