AbstractCompletableFutureTest:0.3433333333333333
SingleNodeTest:0.32666666666666666
CompletableFutureTest:0.32
PortablePositionFactoryTest:0.31333333333333335
HazelcastXACompatibilityTest:0.31
SerializationTest:0.31
CacheStatsTest:0.29333333333333333
StringSerializationTest:0.2833333333333333
MigrationCommitServiceTest:0.26666666666666666
QueryRunnable:0.26
ReplicatedMapTest:0.25666666666666665
DurableSingleNodeTest:0.24666666666666667
QueryBounceTest:0.18666666666666668
AllAsPublicConstructorStrategy:0.16666666666666666
InternalMigrationListenerTest:0.12
