ListFolderHelper:0.5966666666666667
Constants:0.5239047619047619
TrashHelper:0.45666666666666667
WorkspaceTreeHelper:0.3466666666666667
