HttpUrl:0.5133333333333333
Builder:0.34
UrlComponentEncodingTester:0.315
HttpUrlTest:0.16333333333333333
WebPlatformUrlTest:0.09
