Template:0.4766666666666667
CommonUtils:0.47333333333333333
Configuration:0.45
ModelGenerator:0.25
WebUtils:0.20444444444444446
DatabaseDDLUtils:0.19666666666666666
