PropsUtil:0.6566666666666666
SsfIndexInterface:0.44333333333333336
SPropsUtil:0.32666666666666666
