EquinoxTest:0.5133333333333333
FelixTest:0.5133333333333333
KfTest:0.5133333333333333
