StatisticsTracker:0.38666666666666666
CrawlController:0.38
BdbFrontier:0.27666666666666667
FetchHTTP:0.27666666666666667
ServerCache:0.2733333333333333
BdbMultipleWorkQueues:0.24111111111111114
StatisticsTracking:0.18066666666666667
CachedBdbBigMap:0.07
