WebWindowImpl:0.6166666666666667
IFrameTest:0.30666666666666664
FrameWindow:0.29333333333333333
TopLevelWindow:0.26
