JnetConstants:0.5788888888888889
LayoutNode:0.44666666666666666
Layout:0.39
NodeMover:0.20333333333333334
LayoutThread:0.03666666666666667
