MoleculeFile:0.7166666666666667
PcorePage:0.4033333333333333
