ExpandPatientCtrl:0.5466666666666666
ExpandSeriesCtrl:0.3233333333333333
ExpandStudyCtrl:0.3233333333333333
