Catalog:0.54
RecordingSession:0.3
Recorder:0.2833333333333333
ArchiveClient:0.24333333333333335
ArchiveAndReplaySystemTest:0.24
ArchiveRecordingLoadTest:0.22666666666666666
ArchiveReplayLoadTest:0.22166666666666668
ArchiveConductor:0.21
ResponseListener:0.205
CatalogTest:0.17666666666666667
Builder:0.16
FailResponseListener:0.15666666666666668
ArchiveUtil:0.12111111111111111
ReplaySessionTest:0.11666666666666667
RecordingSessionTest:0.11
RecordingEventsListener:0.05
NotificationsProxy:0.05
FailRecordingEventsListener:0.016666666666666666
