IndirectField:0.8021111111111112
ArrayPath:0.39666666666666667
