InternalSearchResponse:0.82
BaseAsyncAction:0.31333333333333335
SearchPhaseController:0.27666666666666667
