Default:0.5266666666666666
Builder:0.3466666666666667
DefaultFieldValueTarget:0.23333333333333334
ImplementationContextDefaultTest:0.22
Processor:0.1963888888888889
ForStaticField:0.1963888888888889
ConstructorStrategy:0.1822222222222222
MethodRebaseResolverEnabledTest:0.15666666666666668
MethodRebaseResolverMethodsOnlyTest:0.15666666666666668
MethodRebaseResolverResolutionForRebasedConstructorTest:0.11333333333333333
