State:0.57
Transition:0.56
FlowServiceLocator:0.53
FlowBuilder:0.53
Flow:0.48
FlowRegistrar:0.40552380952380945
ActionList:0.36666666666666664
AbstractFlowExecutionTests:0.36666666666666664
RequestControlContext:0.34365079365079365
ViewSelector:0.3336111111111111
ExternalizedFlowRegistrar:0.325
MockRequestContext:0.31833333333333336
AbstractFlowRegistryFactoryBean:0.31833333333333336
BaseFlowBuilder:0.29722222222222217
FlowExecutionListeners:0.2833333333333333
RefreshableFlowDefinitionHolder:0.24
ViewState:0.24
MockFlowSession:0.23666666666666666
MockFlowExecutionContext:0.23666666666666666
FlowSessionImpl:0.23
RequestControlContextImpl:0.23
XmlFlowBuilder:0.23
TransitionSet:0.21
FlowExecutionImpl:0.21
FlowExecutionExceptionHandler:0.19583333333333333
AnnotatedAction:0.18
TargetStateResolver:0.17805555555555558
AbstractFlowBuilder:0.16777777777777778
BaseFlowServiceLocator:0.16666666666666666
LocalFlowServiceLocator:0.15666666666666668
FlowArtifactFactory:0.14666666666666667
AnnotatedObject:0.13666666666666666
NullViewSelector:0.13333333333333333
FlowAttributeMapper:0.1302777777777778
ActionExecutor:0.12
XmlFlowRegistryFactoryBean:0.12
FlowExecutionExceptionHandlerSet:0.115
TransitionCriteria:0.11166666666666666
TextToTransitionTargetStateResolver:0.09333333333333334
EndState:0.07333333333333333
SubflowState:0.07333333333333333
FlowVariable:0.07333333333333333
DefaultFlowServiceLocator:0.07
TextToTransitionCriteria:0.06777777777777777
FlowArtifactLookupException:0.06666666666666667
FlowRegistrarSupport:0.06666666666666667
TransitionableState:0.06
AbstractExternalizedFlowExecutionTests:0.058333333333333334
FlowAssembler:0.05333333333333334
MockRequestControlContext:0.05166666666666667
LocalFlowServiceRegistry:0.05
ActionState:0.05
TextToViewSelector:0.04666666666666667
XmlFlowRegistrar:0.03777777777777778
DecisionState:0.03
MockFlowServiceLocator:0.03
NoMatchingTransitionException:0.023333333333333334
FlowRegistryFactoryBean:0.0225
FlowExecutionImplFactory:0.019166666666666665
AbstractXmlFlowExecutionTests:0.006666666666666667
ImmutableFlowAttributeMapper:0.006666666666666667
ActionExecutionException:0.0
WebFlowDtdResolver:0.0
WildcardTransitionCriteria:0.0
FlowBuilderException:0.0
