InspectAction:0.6458333333333334
CodeReloadJob:0.43333333333333335
