ConnectionPool:0.44666666666666666
MasterSlaveEntry:0.33666666666666667
LoadBalancerManager:0.3233333333333333
MasterSlaveConnectionManager:0.26
ClusterConnectionManager:0.21472222222222223
SentinelConnectionManager:0.20666666666666667
