ScratchScratch:0.6266666666666667
TestJdk:0.6166666666666667
