PlatformUtils:0.5455555555555556
Column:0.44055555555555564
DefaultValueHelper:0.21666666666666667
