TODHandler:0.4005555555555555
DefaultExecutionTracker:0.36333333333333334
MethodCallStep:0.27555555555555555
JVMEventManager:0.21833333333333332
ProgramStepFactory:0.21666666666666667
MirrorFactory:0.20333333333333334
DefaultTODHandler:0.17333333333333334
MirroredObjectInstanceTODImpl:0.08
FieldVariableTODImpl:0.05
LocalVariableTODImpl:0.05
AssignmentStep:0.02666666666666667
MirroredPrimitiveTODImpl:0.013333333333333334
