HTMLHeadElement:0.49083333333333334
ClickableElementTest:0.4766666666666667
SimpleScriptableTest:0.30666666666666664
DefaultElementFactory:0.18333333333333332
HtmlHeadTest:0.14
