CryptoToken:0.69
BaseCryptoToken:0.27666666666666667
CryptoTokenTestBase:0.2733333333333333
PKCS11CryptoTokenTest:0.26666666666666666
CachedCryptoToken:0.22333333333333333
P11Slot:0.21666666666666667
PKCS11CryptoToken:0.20666666666666667
SlotDataParam:0.12
