AuthenticationManagerImpl:0.45666666666666667
AuthenticationContextHolder:0.44333333333333336
AbstractAuthenticationProviderModule:0.36333333333333334
LdapAuthenticationProvider:0.17688888888888887
DummyPreAuthenticatedProcessingFilter:0.0
