AddAllele:0.7466666666666667
ListUtils:0.5766666666666667
