MetaCADParser:0.645
MetaCADObjectCollection:0.2566666666666667
MetaCADParserTokenManager:0.2544444444444445
VariableAssignment:0.23555555555555557
MetaCADContext:0.22666666666666666
MetaCADEngine:0.19
MacroObj:0.14
MetaCADParserTreeConstants:0.0
