DSLContext:0.6205555555555556
DSL:0.4666666666666667
CreateIndexImpl:0.34
DefaultDSLContext:0.23
