ConsolePlugin:0.55
StreamThread:0.3566666666666667
CommandOutputParser:0.30333333333333334
ConsoleProcess:0.245
