FolderModule:0.5466666666666666
FixupFolderDefsThread:0.43
BinderHelper:0.39666666666666667
AjaxController:0.2866666666666667
AbstractFolderModule:0.16333333333333333
ModuleAccess:0.04666666666666667
