ServiceDependency:0.5533333333333333
AnnotatedBean:0.3333333333333333
ServiceReferenceInjectionBeanPostProcessor:0.3233333333333333
ContextLoaderListener:0.21666666666666667
DependencyServiceManager:0.17
DependentImpl:0.15333333333333332
DependencyServiceListener:0.15188888888888888
OsgiServiceAnnotationTest:0.13666666666666666
