NonSkippableException:0.46
StatefulRetryItemHandler:0.31333333333333335
StatefulRetryStepFactoryBeanTests:0.30333333333333334
SkipLimitStepFactoryBean:0.26666666666666666
SkipLimitStepFactoryBeanTests:0.26
