DriverConnection:0.6166666666666667
LossDetector:0.2833333333333333
TermGapScanner:0.26666666666666666
TermGapScannerTest:0.22666666666666666
DriverConnectionPadding3:0.0
DriverConnectionPadding1:0.0
DriverConnectionPadding2:0.0
