Builder:0.4633333333333333
SimpleQueryTests:0.36666666666666664
UpdateRequestBuilder:0.35
UpdateRequest:0.27666666666666667
IndexRequest:0.26777777777777784
UpdateTests:0.22
CreateIndexRequest:0.20333333333333334
IndexRequestBuilder:0.17444444444444446
CreateIndexRequestBuilder:0.16555555555555557
PutMappingRequestBuilder:0.16111111111111112
PutMappingRequest:0.16
BulkTests:0.15333333333333332
AliasRoutingTests:0.13666666666666666
ActionRequestBuilder:0.07
