NameTable:0.5466666666666666
ObjectiveCImplementationGeneratorTest:0.32666666666666666
TypeImplementationGenerator:0.32
TranslationProcessor:0.2633333333333333
TypeGenerator:0.26
TreeUtilTest:0.10666666666666667
