CacheConfig:0.5933333333333334
AbstractCacheConfig:0.3044444444444444
HazelcastServerCacheManager:0.30333333333333334
HazelcastClientCacheManager:0.24
AbstractHazelcastCacheManager:0.056666666666666664
