ScaledRAFileHybrid:0.23172075
ScaledRAFileInJar:0.16668996
ScaledRAFile:0.1640929
ScaledRAFileNIO:0.14286783
