AbstractView:0.6533333333333333
OSPConstants:0.44838888888888895
ObjectView:0.3933333333333333
OSPView:0.2833333333333333
GoogleMapsMapProvider:0.2733333333333333
AbstractMapProvider:0.19420634920634922
SimpleMapDashboardWidget:0.12333333333333334
