GLFrameBuffer:0.5966666666666667
FrameBuffer:0.38333333333333336
FrameBufferCubemap:0.2
FloatFrameBuffer:0.15333333333333332
