Discovery:0.7633333333333333
DiscoveryRequestCreatorTests:0.34
DiscoveryFilterApplier:0.24333333333333335
DefaultDiscoveryRequest:0.1822222222222222
EngineDiscoveryRequest:0.14984920634920637
ClasspathScanningSupport:0.14333333333333334
