GwtViewHelper:0.6333333333333333
FileIconsHelper:0.4866666666666667
GwtActivityStreamHelper:0.35
