Migration:0.5733333333333334
MetaDataTable:0.37666666666666665
MigrationDumper:0.24333333333333335
BaseMigration:0.16333333333333333
BaseJavaMigration:0.13333333333333333
MigrationRowMapper:0.1288333333333333
