TestHTTPStatusCodes:0.6466666666666666
DefaultAccess:0.36666666666666664
GetNextPIDServlet:0.21066666666666667
ListMethodsServlet:0.17200000000000001
ListDatastreamsServlet:0.17200000000000001
GetObjectHistoryServlet:0.16866666666666666
FilterSetup:0.16866666666666666
