DebuggerRunner:0.5066666666666667
InterpreterRunner:0.33666666666666667
InterpreterRunnerConfiguration:0.32666666666666666
PreferenceConstants:0.13166666666666665
