NetSocketImpl:0.51
HttpServerResponseImpl:0.44666666666666666
ServerConnection:0.39666666666666667
ConnectionBase:0.37
