Indi:0.5933333333333334
Fam:0.4766666666666667
PropertyFamilyChild:0.2866666666666667
PropertyChild:0.2816666666666667
