Pattern:0.5752777777777778
DestructorGenerator:0.5161111111111111
