CommandResult:0.5033333333333333
SingleChannelSyncMongoConnection:0.38666666666666666
GetLastError:0.21466666666666667
ReplicaSetStateGenerator:0.19333333333333333
CollectionAdminImpl:0.15333333333333332
MongoReplyMessageWriteResultCallback:0.14666666666666667
ErrorHandling:0.14666666666666667
MongoReplyMessageCommandResultCallback:0.14666666666666667
