Selection:0.69
GroupsAction:0.3144444444444444
GroupEditAction:0.3144444444444444
PCAPanel:0.14
EditMenu:0.10333333333333333
DeselectAllSeqAction:0.09666666666666666
InvertSeqSelAction:0.09333333333333334
SelectAllSeqAction:0.09333333333333334
