MetaService:0.6033333333333334
MetaServiceChannel:0.54
EmbeddedMetaService:0.3566666666666667
