NaturalIdHelper:0.85
PersistenceContext:0.65
NaturalIdLoadAccess:0.5183333333333333
StatefulPersistenceContext:0.4066666666666667
EntityEntry:0.4033333333333333
CachedNaturalId:0.37666666666666665
EntityMetamodel:0.2966666666666667
DefaultFlushEntityEventListener:0.21
SimpleNaturalIdLoadAccess:0.19333333333333333
DefaultLoadEventListener:0.17333333333333334
NaturalIdLoadAccessImpl:0.15666666666666668
AbstractEntityInsertAction:0.15333333333333332
MutableNaturalIdTest:0.14333333333333334
NaturalIdTest:0.14
NaturalIdXrefDelegate:0.13666666666666666
DefaultResolveNaturalIdEventListener:0.13333333333333333
ImmutableEntityNaturalIdTest:0.13333333333333333
EntityUpdateAction:0.11333333333333333
SimpleNaturalIdLoadAccessImpl:0.11
TwoPhaseLoad:0.09
NaturalIdResolutionCache:0.07666666666666666
EntityInsertAction:0.07666666666666666
EntityDeleteAction:0.0725
NaturalIdOnSingleManyToOneTest:0.05
BaseNaturalIdLoadAccessImpl:0.043333333333333335
