Headers:0.37
NettyAsyncHttpProvider:0.36333333333333334
AsyncProvidersBasicTest:0.3333333333333333
AsyncCompletionHandlerAdapter:0.19777777777777777
Relative302Test:0.17
UnmodifiableHeaders:0.16111111111111112
