LeaderType:0.32166666666666666
InfantryType:0.32166666666666666
WeaponUnitType:0.32166666666666666
