Constants:0.5040555555555557
WebserviceBeanRemote:0.5033333333333333
WebserviceBean:0.43
Reports:0.33666666666666667
MPLSModule:0.31333333333333335
IPAMModule:0.28
TempBusinessRulesEngine:0.25333333333333335
