FastByteArrayOutputStream:0.64
FastByteArrayInputStream:0.3433333333333333
AbstractSelectionHandler:0.2733333333333333
