Pair2:0.48333333333333334
Chain:0.2866666666666667
AbstractClassAgent:0.27666666666666667
DefaultClassDefiner:0.26666666666666666
FieldMatcher:0.26
AsmHelper:0.23333333333333334
InterceptorChain:0.21
AopMethodAdapter:0.19
DefaultChain:0.18444444444444444
AsmClassAgent:0.1465295815295815
FastClassFactoryTest:0.11666666666666667
