BlackHoleMetadata:0.5533333333333333
BlackHoleConnector:0.5033333333333333
BlackHoleConnectorFactory:0.21666666666666667
BlackHolePlugin:0.2
TestBlackHoleSmoke:0.13
BlackHoleHandleResolver:0.07666666666666666
