ForLoop:0.4666666666666667
DumpByteCodeVisitor:0.4166666666666667
AccumulatorCompiler:0.34
PageProcessorCompiler:0.22666666666666666
CursorProcessorCompiler:0.16666666666666666
