DocumentImpl:0.67
NodeRenderer:0.37666666666666665
AnnotationSetImpl:0.35
AnnotationEditor:0.33666666666666667
TestPersist:0.19333333333333336
