Types:0.8633333333333333
Rewriter:0.42333333333333334
RewriterTest:0.11
