Driver:0.4376111111111111
TdsData:0.41
TdsCore:0.31333333333333335
RequestStream:0.27666666666666667
SharedSocket:0.2733333333333333
ConnectionJDBC2:0.27
ResponseStream:0.21333333333333335
