NmrshiftdbManager:0.5533333333333333
Activator:0.5233333333333333
