ProjectXMLHelper:0.6233333333333333
DefaultLabelIncrementerTest:0.31666666666666665
ProjectXMLHelperTest:0.29333333333333333
