MetadataManager:0.6233333333333333
AbstractTestQueryFramework:0.21666666666666667
ConnectorManager:0.19666666666666666
TestDistributedQueries:0.16
TestSqlStageExecution:0.15
TestSqlTaskManager:0.14333333333333334
TestSqlTaskExecution:0.13
