VanillaChronicleMap:0.5533333333333333
StatelessServerConnector:0.51
ReadValueToOutputBytes:0.36
TcpSocketChannelEntryWriter:0.25333333333333335
