MarshalingSupport:0.48
SillyManualFixture:0.4266666666666667
JaxrsService:0.4033333333333333
