SenderThread:0.606388888888889
BasicBufferManagementStrategy:0.4066666666666667
MediaDriverAdminThread:0.4
TripleLevelMap:0.38
BufferManagementStrategy:0.18416666666666667
