PomBuilder:0.7066666666666667
Mavenize:0.37
ProjectBuildingVisitor:0.2966666666666667
AbstractSpecVisitor:0.2275
SpecVisitor:0.2275
