ExampleOptions:0.5933333333333334
ToolOptions:0.14333333333333334
EcOptions:0.08
Ec:0.06333333333333334
Ep:0.06
EpOptions:0.05333333333333334
WallReceiver:0.05
WallBroadcaster:0.04666666666666667
HelloWorld:0.04666666666666667
SecureSender:0.04
SecureReceiver:0.03333333333333333
