AtmosphereResourceImpl:0.5933333333333334
AtmosphereResourceEventImpl:0.53
Filter:0.43333333333333335
