Channel:0.59
ConfigurationService:0.37
IConfigurationService:0.3584285714285714
ModelObjectTableModel:0.3233333333333333
DbTriggerTest:0.2811111111111111
ChannelTableModel:0.24666666666666667
ChannelEditScreen:0.16444444444444445
IAppController:0.09166666666666666
AppFrame:0.07
