Groove:0.7966666666666666
JaxbGxlIO:0.37666666666666665
TypeGraph:0.29
AntlrGrapher:0.26666666666666666
