MainFrame:0.6733333333333333
OptionsDialog:0.3233333333333333
NewCorpusEvalAction:0.22666666666666666
GateConstants:0.205
CleanMarkedCorpusEvalAction:0.1788888888888889
StoredMarkedCorpusEvalAction:0.1788888888888889
GenerateStoredCorpusEvalAction:0.15333333333333332
VerboseModeCorpusEvalToolAction:0.13333333333333333
OKAction:0.1
