GraphToTikz:0.57
Style:0.4033333333333333
TikzStylesExtractor:0.32666666666666666
