OpenWizardPlugIn:0.25
OpenFileWizard:0.24666666666666667
WizardDialog:0.24
OpenRecentPlugIn:0.23733333333333334
SelectFileLoaderPanel:0.22666666666666666
OpenProjectWizard:0.22333333333333333
OpenProjectPlugIn:0.21
OpenFilePlugIn:0.19666666666666666
SelectFilesPanel:0.14333333333333334
AbstractWizardPlugin:0.14333333333333334
SelectProjectFilesPanel:0.14
SelectFileOptionsPanel:0.13666666666666666
