WebClientTest:0.45666666666666667
WebWindowEvent:0.4066666666666667
JavaScriptURLConnection:0.26305555555555554
AboutURLConnection:0.15
CollectingPageCreator:0.14
