OgnlExpressionParser:0.7327777777777779
BeanWrapperExpressionParser:0.5357380952380953
