IfInfo:0.5333333333333333
RescanProcessor:0.49666666666666665
SnmpCollector:0.435
