State:0.61
WeakKeySet:0.43666666666666665
InjectorImpl:0.35
MultibinderTest:0.26666666666666666
OptionalBinderTest:0.26666666666666666
MapBinderTest:0.26666666666666666
AllTests:0.22333333333333333
KeyAndSource:0.21666666666666667
InheritingState:0.18666666666666668
AbstractBindingProcessor:0.13333333333333333
