DomNode:0.6633333333333333
Node:0.44333333333333336
Node2Test:0.10666666666666667
