JSONScanner:0.5433333333333333
DefaultJSONParser:0.39
ArraySerializer:0.31
JSONSerializer:0.27166666666666667
JavaBeanDeserializer:0.22
