PluginJAR:0.85
Entry:0.32
Install:0.18833333333333332
ManagePanel:0.18
FindOrphan:0.1211111111111111
