RosterViewComponent:0.39178571428571424
Musician:0.37333333333333335
PEViewComponentImp:0.3433333333333333
SessionViewComponent:0.2991666666666667
SessionViewComponentImp:0.26
PEViewComponent:0.2535396825396825
TestPackageExplorerViewComponent:0.23666666666666666
EclipseComponent:0.22166666666666668
RosterViewComponentImp:0.22
TestSVNStateUpdates:0.21
TestDriverSavesFiles:0.19333333333333333
TestSessionViewComponent:0.19
ViewPart:0.18666666666666668
SarosWorkbenchComponentImp:0.185
TestCreatingNewFile:0.15
TestFileOperations:0.14333333333333334
TestAllParticipantsFollowDriver:0.13666666666666666
TestFolderOperations:0.12333333333333334
TestChangingDriverWhileOtherFollow:0.10666666666666667
TestDriverResetsFiles:0.10666666666666667
TestShare3UsersConcurrently:0.10666666666666667
STFTest:0.10333333333333333
