XContentGenerator:0.51
QueryVisitor:0.3433333333333333
ParsedStatement:0.26
TableExecutionContext:0.22
TransportSQLActionTest:0.18333333333333332
TransportSQLAction:0.12666666666666668
IndexResponseListener:0.05333333333333334
