AclImpl:0.6666666666666666
BasicLookupStrategy:0.3466666666666667
AclImplTests:0.3233333333333333
EhCacheBasedAclCache:0.2888888888888889
BasicLookupStrategyTests:0.18666666666666668
ProcessResultSet:0.16555555555555554
EhCacheBasedAclCacheTests:0.15666666666666668
AclImplementationSecurityCheckTests:0.13
