JPPFDriver:0.4166666666666667
JPPFServer:0.3566666666666667
ClassServer:0.31333333333333335
MonitoringPanel:0.14666666666666667
AdminPanel:0.13333333333333333
JPPFClient:0.125
JPPFConnection:0.11277777777777777
ApplicationConnection:0.09
ShutdownRestartTask:0.03833333333333333
DriverLauncher:0.0033333333333333335
