SWTChartsComponentProvider:0.51
ChartEditorPart:0.43666666666666665
ChartComposite:0.4033333333333333
___CustomHTMLToolTip:0.2633333333333333
