SpecificitiesTableEditor:0.37
ComputeSpecificities:0.36666666666666664
TableSorter:0.30666666666666664
TableEditor:0.30333333333333334
ReverseComparator:0.2555555555555556
ComputeCorrespondanceAnalysis:0.19666666666666666
CreatePartition:0.17833333333333334
SpecificitesTableLines:0.11
