SwitchUserProcessingFilter:0.5583333333333333
SwitchUserProcessingFilterTests:0.48333333333333334
AuthenticationEventTests:0.43566666666666665
