HigherLowerGame:0.7886111111111112
MastermindGame:0.576388888888889
