JSON:0.7366666666666667
DateParserTest:0.21
ArrayListStringDeserializerTest:0.14666666666666667
DateParserTest_sql:0.14333333333333334
DateParserTest_sql_timestamp:0.14333333333333334
BooleanFieldSerializerTest:0.13333333333333333
BooleanFieldSerializerTest_primitive:0.13333333333333333
