Xml2Latex:0.6633333333333333
GenerateLatexTest:0.35
Xml2Wiki:0.3433333333333333
