FragmentMolecule:0.75
ExtractorProbability:0.35333333333333333
Fragmenter:0.24833333333333332
AdministratorFilesReader:0.22444444444444447
ExtractorSetReactions:0.16444444444444445
