SessionImpl:0.6633333333333333
TransactionImpl:0.335
AbstractSharedSessionContract:0.2544444444444445
