BulkRequest:0.5083333333333333
RestRequest:0.43
RestRequestTests:0.26666666666666666
BulkRequestTests:0.1775
AbstractBulkByQueryRestHandler:0.05
