GLFrameBuffer:0.49333333333333335
ParticleController:0.46
Emitter:0.34
ParticleEffect:0.3233333333333333
Lwjgl3WindowListener:0.26105555555555554
Lwjgl3WindowAdapter:0.2
