ScrollPane:0.5833333333333334
SplitPane:0.3566666666666667
Stack:0.3433333333333333
TableLayout:0.23
