Element:0.6266666666666667
HTMLElementTest:0.425
HTMLHtmlElement:0.29333333333333333
