Vertx:0.6444444444444445
Future:0.48
FutureImpl:0.37333333333333335
TestVerticle:0.2633333333333333
MyVerticle:0.24333333333333335
DeploymentTest:0.20333333333333334
AbstractVerticle:0.19666666666666666
AsyncFileImpl:0.19333333333333333
VertxImpl:0.18666666666666668
FutureTest:0.16
RetryChannelFutureListener:0.13666666666666666
ContextTest:0.11333333333333333
