Constants:0.5475000000000001
WrapperException:0.5416666666666666
WrapperService:0.47333333333333333
WindowsService:0.35333333333333333
Kernel32Ex:0.19026984126984126
UnixService:0.1525
Wrapper:0.11733333333333335
