FileSystemModel:0.74
DashboardDelegator:0.24333333333333335
DashboardService:0.22666666666666666
FileSystemPanel:0.16666666666666666
