Messages:0.58
Session:0.5133333333333333
ConnectionContext:0.41333333333333333
ResultSetReceiver:0.22833333333333333
RowCountReceiver:0.22833333333333333
MessageHandler:0.10666666666666667
