AdminControl:0.4666666666666667
ConfigureAdhocFoldersDlg:0.3566666666666667
ConfigureFileSyncAppDlg:0.3566666666666667
NameCompletionSettingsDlg:0.3566666666666667
