ApproximatePercentileAggregation:0.27666666666666667
ApproximatePercentileWeightedAggregation:0.27666666666666667
ApproximateCountAggregation:0.23
CountAggregation:0.19666666666666666
