TargetDisconnectedException:0.5633333333333334
ClientMembershipListener:0.41333333333333333
ClusterListenerSupport:0.38
CleanResourcesTask:0.17333333333333334
