IBootstrapService:0.71
BootstrapService:0.5566666666666666
IConfigurationService:0.31137301587301586
SymmetricEngine:0.2833333333333333
ModelObjectTableModel:0.27
ChannelTableModel:0.25666666666666665
SymmetricDatabase:0.25
SymmetricLauncher:0.23
InteractiveTableModelListener:0.20666666666666667
ChannelEditScreen:0.16333333333333333
AdminTreeControl:0.13666666666666666
AbstractIntegrationTest:0.12333333333333334
AbstractDatabaseTest:0.12333333333333334
ConfigurationService:0.10666666666666667
