VarcharType:0.8033333333333333
TestBlackHoleSmoke:0.39666666666666667
BlackHolePageSourceProvider:0.31
