JsonProvider:0.8258333333333333
JsonReader:0.26
EvaluationContextImpl:0.23333333333333334
ReturnTypeTest:0.22666666666666666
ScanPathToken:0.22
PredicatePathToken:0.20966666666666667
AbstractJsonProvider:0.2
ReadContext:0.15833333333333333
