ChemFileCDO:0.8333333333333334
CMLReader:0.2966666666666667
