JavaTimeArgumentConverterTests:0.3933333333333333
ParamsApiPlayground:0.3433333333333333
CsvFileArgumentsProvider:0.14666666666666667
JavaTimeArgumentConverter:0.14333333333333334
ValueArgumentsProvider:0.08738888888888888
AnnotationInitializer:0.06333333333333334
CsvArgumentsProvider:0.06
MethodArgumentsProvider:0.05333333333333334
EnumArgumentsProvider:0.052388888888888895
