OkHostnameVerifier:0.8144444444444445
OkHttpClient:0.5266666666666666
