ProcessDefinitionDeprecatedFormatException:0.5033333333333333
JbpmDefinitionLogic:0.5
Messages:0.38666666666666666
ActionExceptionHelper:0.25
