IDSTest:0.6333333333333333
DSView:0.4066666666666667
TestRun:0.30666666666666664
AbstractDSTest:0.16
TestHelper:0.12777777777777777
