CountingMigrationListener:0.3800873015873016
TerminateOtherMemberOnMigrationCommit:0.24555555555555553
PartitionedCluster:0.24
MigrationCommitTest:0.20666666666666667
CollectMigrationTaskOnCommit:0.15091269841269842
PartitionMigrationListenerTest:0.10666666666666667
InternalMigrationListenerTest:0.09333333333333334
