ModuleManager:0.4766666666666667
IssueWebTest:0.28
ImageFormatter:0.20666666666666667
CommunityEditableMembersTest:0.18666666666666668
EditElementInManyToManyCollectionAction:0.15666666666666668
UpdateElementInManyToManyCollectionAction:0.01
