TestArrayMaxNAggregation:0.24666666666666667
AbstractMinMaxByNAggregationFunction:0.22
AbstractMinMaxNAggregationFunction:0.22
TestMinMaxByNAggregation:0.21333333333333335
TestLongMaxNAggregation:0.15333333333333332
