Rule21Test:0.20666666666666667
Rule22Test:0.20666666666666667
Rule23Test:0.20666666666666667
Rule24Test:0.20666666666666667
