WirecardCCPayment:0.3433333333333333
WirecardEFTPayment:0.3433333333333333
PaymentDataProcessor:0.24
ShipmentMethodSelectionProcessor:0.22
OrderStorageProcessor:0.15333333333333332
PaymentMethodSelectionProcessor:0.15
PaymentAuthorizationProcessor:0.11666666666666667
LegalNoticeCheckProcessor:0.056666666666666664
