ConfigTest:0.6533333333333333
PojoUtilsTest:0.6333333333333333
ListResult:0.33
InjvmProtocol:0.23333333333333334
