ErrorCollector:0.39666666666666667
VerifierRuleTest:0.38333333333333336
PrintableResult:0.37
ResultMatchers:0.36
PassesAssumptionViolatedExceptionToErrorCollector:0.1645185185185185
UsesErrorCollectorCheckSucceedsWithAssumptionViolatedException:0.1645185185185185
