CtrlState:0.49666666666666665
CtrlSchedule:0.4066666666666667
ExplorationStatistics:0.3933333333333333
CtrlPreviewAction:0.2866666666666667
