WebClient:0.7482777777777778
FilePartPageCharSet:0.39499999999999996
