TransImageFilter:0.5
NewDownloadDialog:0.4166666666666667
NLoggerNames:0.3333333333333333
NewDownloadAction:0.27666666666666667
IPUtils:0.26666666666666666
