AEService:0.36333333333333334
MoveTask:0.30722222222222223
StgCmtScuScpService:0.25666666666666665
QueryRetrieveScpService:0.24
EchoService:0.22
MoveScp:0.20666666666666667
HPScpService:0.18666666666666668
StgCmtScuScp:0.14
HPMoveScp:0.09333333333333334
