ARINCImage:0.6532777777777777
JFXEditorPanel:0.41
JFXImage:0.30333333333333334
PictureRenderer:0.3
PicturesHandler:0.21666666666666667
