BindingTest:0.47333333333333333
RuntimeReflection:0.38
PrivateNoArg:0.31128571428571433
PublicNoArgAnnotated:0.31128571428571433
PackagePrivateNoArgAnnotated:0.31128571428571433
PrivateNoArgAnnotated:0.31128571428571433
ProtectedNoArg:0.31128571428571433
PackagePrivateNoArg:0.31128571428571433
PublicNoArg:0.31128571428571433
ProtectedNoArgAnnotated:0.31128571428571433
