Transaction:0.5933333333333334
Wallet:0.5366666666666666
WalletTest:0.3933333333333333
