AtmosphereResourceImpl:0.7216666666666667
BaseTest:0.4633333333333333
