JbpmCommonLogic:0.47333333333333333
CacheReader:0.47
CacheReaderExclusiveAccess:0.31166666666666665
CacheWriter:0.19666666666666666
