Configuration:0.84
FastResultSetHandler:0.47333333333333333
XMLConfigBuilder:0.2744444444444445
