PainterFactory:0.07737668
AbstractPainter:0.027121946
