Window:0.6366666666666667
HTMLElement:0.5033333333333333
HTMLElementTest:0.22
WindowTest:0.20333333333333334
