MURLButton:0.72
AbstractPlugin:0.4033333333333333
LookAndFeelPlugin:0.3616666666666667
