Shape:0.5866666666666667
EquivClass:0.3933333333333333
EdgeSignature:0.32666666666666666
Materialisation:0.30333333333333334
EquivRelation:0.3
ShapeMorphism:0.23444444444444448
GraphNeighEquiv:0.20666666666666667
ShapeIsoChecker:0.19666666666666666
ShapeNeighEquiv:0.06666666666666667
