Packet:0.9666666666666667
PacketHandler:0.38333333333333336
PacketHandlerTest:0.31333333333333335
