Network:0.7766666666666666
InstallServiceImpl:0.45
NetworkInformationPage:0.19333333333333333
MainUILayoutPanel:0.15333333333333332
