LockTest:0.63
BeforeAwaitOperation:0.2866666666666667
SignalOperation:0.2683333333333333
