StatisticMgmtService:0.64
StatisticRepositoryImpl:0.33666666666666667
ArticleMgmtService:0.29
ArticleQueryService:0.285
CommentMgmtService:0.28
SoloServletListener:0.2777777777777778
PageMgmtService:0.24555555555555558
InitService:0.23333333333333334
TopBars:0.22
AbstractTestCase:0.17333333333333334
RepairProcessor:0.15333333333333332
CommentReceiver:0.14
StatisticQueryService:0.12333333333333334
StatProcessor:0.11333333333333333
FrontRenderer:0.11333333333333333
PageCacheFilter:0.08333333333333333
