AccessTreeNode:0.5766666666666667
LocalAuthorizationSessionBean:0.37505555555555553
IAuthorizationSessionLocal:0.3211111111111111
IAuthorizationSessionLocalHome:0.07611111111111112
AuthenticationFailedException:0.0
