SettlementRegistry:0.69
MultiplayerTray:0.24
MultiplayerMode:0.14666666666666667
MultiplayerClient:0.14
CentralRegistry:0.09666666666666666
MultiplayerServer:0.043333333333333335
