GetAsyncCallback:0.39666666666666667
ICacheDataStructureAdapter:0.32
AbstractClientCacheProxy:0.32
NearCachedClientCacheProxy:0.2833333333333333
AbstractNearCacheBasicTest:0.2833333333333333
CacheStatsHandler:0.18
