ConditionChecker:0.39666666666666667
SubgraphCheckerNode:0.3466666666666667
ReteNetworkNode:0.34
ReteNetwork:0.33066666666666666
DisconnectedSubgraphChecker:0.20666666666666667
EdgeCheckerNode:0.16666666666666666
NodeCheckerNode:0.16
RootNode:0.13666666666666666
CompositeConditionChecker:0.11666666666666667
ProductionNode:0.09333333333333334
