Project:0.7872222222222222
ProjectTest:0.26666666666666666
