RunCommand:0.49333333333333335
Watcher:0.47333333333333333
FileInfo:0.2571666666666667
