LayerSets:0.7833333333333333
Network:0.47
A661ClientFactory:0.4552301587301588
Synth2Parser:0.34
DefaultLayerSets:0.32666666666666666
SynthMultiLineLabelUI:0.2833333333333333
SynthButtonUI:0.27
SynthLabelUI:0.27
ClientMessageProcessor:0.25333333333333335
NetworkHandler:0.23
ClientWrapper:0.22333333333333333
AbstractCockpitConfigurationHandler:0.22166666666666668
DefaultClientXMLDFHandler:0.22
AppliConfiguration:0.2111111111111111
DefaultA661ClientFactory:0.20222222222222225
OutputEventQueue:0.19666666666666666
DefaultDataTypeHandler:0.19305555555555554
MultiAppliGeneratorTest:0.18
MultiAppliGenerator2Test:0.18
MultiAppliGenerator3Test:0.18
ApplyScriptAction6Test:0.16333333333333333
ApplyScriptAction7Test:0.16333333333333333
ClientConfigurationParser:0.16
ClientMultiApplis:0.12444444444444443
ApplyScriptJFXAction7Test:0.11333333333333333
ConfigCockpitAction:0.09
