Store:0.7
MetadataSnapshot:0.49333333333333335
TransportNodesListShardStoreMetaData:0.30666666666666664
StoreTest:0.26
RestoreContext:0.15
