UpdaterBlock:0.55
RBMTests:0.30333333333333334
ModelSerializerTest:0.27
SimpleOptimizableModel:0.2633333333333333
CNNProcessorTest:0.24833333333333332
RastriginFunctionModel:0.22333333333333333
TestUpdaters:0.19333333333333333
ParamState:0.17
BatchNormalizationTest:0.16333333333333333
BaseMultiLayerUpdater:0.16
SphereFunctionModel:0.15333333333333332
AutoEncoderTest:0.03333333333333333
SeedTest:0.016666666666666666
