FluxScene:0.5333333333333333
Device:0.44666666666666666
FluxSceneVisitor:0.3
FluxLightModelTracer:0.3
FluxLightBuilder:0.24333333333333335
FluxShaderBuilder:0.13333333333333333
FluxPathTracer:0.09333333333333334
FluxLightTracer:0.08666666666666667
FluxWhittedTracer:0.08666666666666667
FluxLightVisitor:0.03
