SelectComputationWizard:0.4166666666666667
ComputationPlugin:0.37666666666666665
ComputationWizardRegistry:0.2833333333333333
WizardFilter:0.12666666666666668
