Subscription:0.75
SubscriptionFields:0.6666666666666666
ClientConductor:0.43333333333333335
SubscriptionTest:0.25
