DrawApplication:0.6866666666666666
PolyLineFigure:0.38
ImageFigure:0.23666666666666666
MDI_DrawApplication:0.21777777777777782
