Actor:0.5666666666666667
ObjectChannel:0.4033333333333333
ActorTest:0.23388888888888887
