HistoryDialog:0.44333333333333336
ActionProperties:0.41
HistoryAction:0.2866666666666667
StaticHandler:0.15
SaveAsDefaultAction:0.056666666666666664
