ClassExecutionNode:0.8766666666666667
NestedClassExecutionNode:0.31666666666666665
