IndexShard:0.6033333333333334
IndexSettings:0.45
EngineConfig:0.3455555555555555
OldIndexBackwardsCompatibilityIT:0.18
IndexService:0.17
ClusterModule:0.16
IndexServiceTests:0.10666666666666667
AsyncTranslogFSync:0.1
BaseAsyncTask:0.07
RefreshTasks:0.06
