Graph:0.78
GraphShapeCache:0.37333333333333335
NewDeltaGraph:0.3
AbstractGraphShape:0.23
ExplorationTest:0.21666666666666667
Aut:0.10666666666666667
SwingTarget:0.09
GraphFactory:0.08976190476190475
DataTarget:0.08333333333333333
CopyTarget:0.08333333333333333
