AddVo:0.35333333333333333
ModusPonensVo:0.2744444444444445
ConditionalProofVoTest:0.26
ImportVoTest:0.19666666666666666
ModusPonensVoTest:0.19666666666666666
AddVoTest:0.16666666666666666
DefaultModuleAddressTest:0.14
FormalProofLineVoTest:0.06
FunctionDefinitionVoTest:0.043333333333333335
