StatementGeneratorTest:0.6061111111111112
JavaToIOSMethodTranslatorTest:0.38333333333333336
