JobRepository:0.6683333333333333
SimpleJobRepository:0.29
JdbcStepExecutionDao:0.24333333333333335
SimpleJob:0.24333333333333335
StepExecutionDao:0.215
ItemOrientedStep:0.19
ChunkedStep:0.18916666666666668
AbstractStepDaoTests:0.17666666666666667
ChunkedStepTests:0.16333333333333333
MapStepDao:0.16333333333333333
MockStepDao:0.16333333333333333
JobRepositorySupport:0.14
