integer:0.5910000000000001
IntegerResolver:0.29333333333333333
ResourceLoaderTest:0.29
