Persistence:0.8366666666666667
PersistenceManager:0.6333333333333333
CorpusPersistence:0.4473333333333331
SerialAnalyserControllerPersistence:0.4473333333333331
LanguageAnalyserPersistence:0.4473333333333331
ControllerPersistence:0.2378333333333333
PRPersistence:0.2378333333333333
MapPersistence:0.16794444444444445
CollectionPersistence:0.16794444444444445
ResourcePersistence:0.16794444444444445
LRPersistence:0.04777777777777778
GateObjectOutputStream:0.03
DSPersistence:0.009166666666666667
