AbstractJPPFClientConnection:0.28
JPPFClientConnectionImpl:0.23583333333333334
JcaClassServerDelegate:0.22333333333333333
ClassServerDelegateImpl:0.2175
Task2:0.19666666666666666
JPPFContainer:0.18833333333333332
AbstractClassServerDelegate:0.15833333333333333
WaitingJobState:0.14
Task1:0.12666666666666668
ClassLoaderTest:0.06333333333333334
