ContextLoaderListener:0.6233333333333333
ExtenderShutdownBundleTest:0.3466666666666667
ExtenderBootstrapTest:0.24
ChainActivator:0.14333333333333334
