PostgreSQLDialect:0.5466666666666666
StandardDialectResolver:0.4553333333333334
DialectFactoryTest:0.4066666666666667
