RangeI:0.61
SeqFeatureI:0.5833333333333334
SeqFeature:0.44
Range:0.4266666666666667
FeatureSet:0.37
ApolloNameAdapterI:0.33666666666666667
SeqExport:0.2866666666666667
GAMEAdapter:0.25
GAMESave:0.20333333333333334
FlyNameAdapter:0.2
DefaultNameAdapter:0.14666666666666667
