Execution:0.49666666666666665
InputHandler:0.43888888888888894
ExecutionThread:0.37
InputProcess:0.33922222222222226
OOITBuilder:0.3333333333333333
InputOperation:0.2833333333333333
OperationDeployInfo:0.22
CommChannel:0.19666666666666666
OneWayProcess:0.18333333333333332
CommCore:0.1775
RequestResponseProcess:0.17333333333333334
SleepProcess:0.17
NDChoiceProcess:0.16666666666666666
JavaCommChannel:0.16666666666666666
InProcess:0.14666666666666667
InternalLink:0.12333333333333334
CommChannelHandler:0.11666666666666667
SleepInputHandler:0.11333333333333333
InInputHandler:0.10333333333333333
LinkInProcess:0.09666666666666666
