AbstractGraphState:0.5166666666666667
GTS:0.47333333333333333
SystemRecord:0.44
StateCache:0.23666666666666666
AGTS:0.2
ExploreStrategyParser:0.19666666666666666
StatisticsListener:0.18333333333333332
TreeHashStateSet:0.15333333333333332
AliasMatchesIterator:0.14
