WalkingSteps:0.43
Walk:0.38333333333333336
Robot:0.33666666666666667
TabPanelDeath:0.30333333333333334
TimeWindow:0.2066666666666667
Main:0.18333333333333332
Hello:0.05333333333333334
TabPanelActivity:0.043333333333333335
