ShowHideColumnsAction:0.45
JobDataPanel:0.26166666666666666
JPPFTreeTable:0.26
JVMHealthPanel:0.25666666666666665
AbstractTreeTableOption:0.23333333333333334
TreeTableCellRenderer:0.2227777777777778
JTreeTable:0.19333333333333333
TreeTableHeader:0.1811111111111111
NodeDataPanel:0.17
