PPTGraphics2D:0.53
MapItemPaint:0.37666666666666665
MapItemPaints:0.28
MapItemsUIHandler:0.26
SVGJFXExporter:0.22666666666666666
JFXPainterUtils:0.21388888888888885
AbstractSVGServerExporter:0.16666666666666666
JFXMapItemColor:0.15444444444444444
