ContentRegistryNode:0.53
LocaleJSONWrapper:0.4166666666666667
ContentRegistryNodeJSONWrapper:0.33666666666666667
SitemapNodeEditorController:0.3333333333333333
SitemapNodeEditor:0.31333333333333335
IHasLocale:0.27051984126984113
SitemapNodeJSONWrapper:0.26
SitemapNodeEditorRequestBean:0.22166666666666668
AbstractSitemapNodeJSONResult:0.22
LifecycleHibernateTasks:0.21333333333333335
AdminErrorResult:0.18166666666666667
ContentRegistryNodeEditor:0.17333333333333334
AbstractNodeJSONWrapper:0.16833333333333333
ViewportControllerResult:0.16
SitemapNodeEditorControllerResult:0.14333333333333334
ContentJSONWrapper:0.135
SitemapNodeEditorControllerCommandURLGenerator:0.12888888888888891
BundleJSONWrapper:0.10666666666666667
ContentRegistryNodeLoader:0.09
TimeZoneJSONWrapper:0.075
ContentRegistryNodeEditorRequestBean:0.05333333333333334
ContentRegistryNodeEditorControllerResult:0.04666666666666667
ViewportController:0.03333333333333333
ContentRegistryNodeLoaderResult:0.02666666666666667
ContentRegistryNodeEditorController:0.013333333333333334
BundleMatchingException:0.006666666666666667
ViewportControllerConfiguration:0.0
RewriteContentRegistryController:0.0
AbstractNamedEntityJSONWrapper:0.0
IHasLocaleComparator:0.0
ViewportControllerRequestBean:0.0
