Request:0.49166666666666664
ResponseWrapper:0.25666666666666665
Response:0.25333333333333335
RequestWrapper:0.18333333333333332
