IBioResource:0.84
BioResource:0.6966666666666667
CDKResource:0.26666666666666666
BioResourceDocumentProvider:0.14666666666666667
BioResourceTransfer:0.13333333333333333
RunScriptAction:0.11666666666666667
PasteOrDrop:0.11333333333333333
