StreamAllocation:0.7466666666666667
Internal:0.5566666666666666
ConnectionPoolTest:0.2966666666666667
ConnectionPool:0.24333333333333335
