Gedcom:0.55
Undo:0.4533333333333333
EditView:0.34
Redo:0.33
PropertyBean:0.30333333333333334
Callback:0.25666666666666665
BasicEditor:0.25333333333333335
EditViewFactory:0.18666666666666668
BeanPanel:0.17333333333333334
ChildrenBean:0.16666666666666666
ParentsBean:0.16666666666666666
LinkedByBean:0.16666666666666666
SpousesBean:0.16666666666666666
PlaceBean:0.16333333333333333
FamiliesBean:0.13
NameBean:0.1
FileBean:0.08666666666666667
ChoiceBean:0.08666666666666667
XRefBean:0.07333333333333333
MLEBean:0.06333333333333334
SexBean:0.06
EventBean:0.056666666666666664
SimpleValueBean:0.056666666666666664
DateBean:0.056666666666666664
EntityBean:0.023333333333333334
AgeBean:0.02
