ThreadContext:0.5633333333333334
ThreadContextStruct:0.47333333333333333
ThreadContextTests:0.21333333333333335
TransportActionProxy:0.16833333333333333
TransportActionProxyTests:0.15666666666666668
