ParcelableAnalysisTest:0.5766666666666667
ParcelableAnalysis:0.4266666666666667
ParcelTransactionWorker:0.28
ParcelReadWriteGenerator:0.22333333333333333
ParcelableIntegrationTest:0.16
ExternalParcelTransactionWorker:0.12333333333333334
ParcelTransactionWorkerTest:0.04666666666666667
