Config:0.6133333333333333
TransactionTest:0.4
FactoryImpl:0.35333333333333333
XmlConfigBuilder:0.3433333333333333
MPut:0.2866666666666667
