CertificateProfileSessionBean:0.40777777777777774
AdminEntitySessionBean:0.30666666666666664
LogSessionBean:0.30333333333333334
AdminGroupSessionBean:0.3
AuthorizationTreeUpdateDataSessionBean:0.12333333333333334
