HazelcastTicketRegistry:0.5066666666666667
DefaultTicketCatalog:0.43
TicketCatalog:0.31333333333333335
