FlowBuilder:0.6
ViewState:0.5833333333333334
FlowArtifactFactory:0.57
State:0.5066666666666667
Transition:0.49
XmlFlowBuilder:0.46
SubflowState:0.43333333333333335
EndState:0.42
DefaultFlowArtifactFactory:0.36
FlowAssembler:0.3233333333333333
Flow:0.2833333333333333
AbstractFlowBuilder:0.27
DecisionState:0.2577777777777778
RefreshableFlowHolder:0.25666666666666665
ActionState:0.25666666666666665
BaseFlowBuilder:0.25
ExternalizedFlowRegistrar:0.23666666666666666
TransitionableState:0.20583333333333334
ExternalizedFlowDefinition:0.2
XmlFlowBuilderTests:0.19666666666666666
LocalFlowArtifactFactory:0.18
FlowTests:0.17666666666666667
FlowExecutionListenerCriteriaFactoryTests:0.17333333333333334
TransitionTests:0.16
TransitionExecutingStateExceptionHandlerTests:0.15666666666666668
FlowRegistrarSupport:0.15333333333333332
AbstractExternalizedFlowExecutionTests:0.15
ViewStateTests:0.14666666666666667
SubflowStateTests:0.14333333333333334
StateTests:0.14333333333333334
FlowExecutionTests:0.14166666666666666
ActionStateTests:0.14
EndStateTests:0.14
FlowRegistryPopulationTests:0.13
MyFlowRegistrar:0.12666666666666668
XmlFlowBuilderCustomTypeTests:0.12333333333333334
ActionExecutionException:0.12
SimpleFlow:0.11666666666666667
ConditionalFlowExecutionListenerLoaderTests:0.11666666666666667
FlowExecutionImplTests:0.11333333333333333
ActionExecutorTests:0.10666666666666667
AbstractFlowBuilderTests:0.10333333333333333
DecisionStateTests:0.08666666666666667
XmlFlowBuilderNestingTests:0.08
PojoActionXmlFlowBuilderTests:0.08
ActionExecutionExceptionTests:0.04972222222222222
CustomFlowArtifactFactory:0.02
