AbstractInvocationFuture:0.6766666666666666
ClusterListenerSupport:0.5033333333333333
ShutdownNodeOperation:0.2733333333333333
