AssertStatement:0.37666666666666665
ArrayAccess:0.36666666666666664
Expression:0.3433333333333333
ArrayCreation:0.34
TreeConverter:0.29333333333333333
ChildList:0.25333333333333335
TreeNode:0.24666666666666667
