ClusterTest:0.30333333333333334
MapStoreTest:0.26666666666666666
TransactionTest:0.24666666666666667
HazelcastTest:0.24666666666666667
HazelcastClusterTest:0.23333333333333334
ListenerManager:0.23333333333333334
MRemoveMulti:0.13666666666666666
