Region:0.81
SessionFactory:0.58
SessionFactoryImpl:0.44333333333333336
JPACache:0.23666666666666666
SessionFactoryStub:0.21666666666666667
BaseRegionAdapter:0.2
BasicRegionAdapter:0.19333333333333333
CacheImpl:0.08666666666666667
