Array:0.69
Std:0.5566666666666666
TimeGrid:0.2966666666666667
