StatsStorage:0.8366666666666667
StatsStorageListener:0.4862222222222222
SessionWorkerIdSerializer:0.39888888888888885
MapDBStatsStore:0.32666666666666666
SessionMetaData:0.31666666666666665
TestMapDBStatsStore:0.16
CountingListener:0.09
SessionMetaDataSerializer:0.05
