HivePartitionKey:0.36333333333333334
HiveColumn:0.3
HiveClient:0.26666666666666666
BytesHiveRecordCursor:0.25333333333333335
AbstractTestHiveClient:0.24
HiveUtil:0.21666666666666667
GenericHiveRecordCursor:0.20916666666666667
HiveChunkReader:0.17666666666666667
