Channel:0.6766666666666666
Source:0.4
ConsumerChannel:0.31333333333333335
ChannelNotifiable:0.21
