CacheManager:0.6983333333333334
MetadataEntityManagerImpl:0.3333333333333333
