Subprocess:0.46
GPDSearchResult:0.25333333333333335
GPDSearchPage:0.2122222222222222
GPDTreeLabelProvider:0.19444444444444445
SubprocessDialog:0.18694444444444444
BSHCellEditor:0.17544444444444443
ProcessDefinitionSearchVisitor:0.16666666666666666
IDialogBasedEditorProvider:0.15276190476190485
SubprocessDelegate:0.04666666666666667
BSHCellEditorProvider:0.043333333333333335
