DFAState:0.6166666666666667
LexerState:0.5066666666666667
LexerNFAToDFAConverter:0.37333333333333335
StackLimitedNFAToDFAConverter:0.3233333333333333
DOTGenerator:0.2595555555555556
