SubnetPoolNode:0.4266666666666667
DeleteSubnetPoolAction:0.4033333333333333
RelateIPAddressAction:0.07
ReleaseIPaddressAction:0.06666666666666667
DeleteSubnetAction:0.06333333333333334
