Vertex:0.5266666666666666
Graphic:0.4
InstructionFactory:0.345
Edge:0.27
SimpleLoopPath:0.21777777777777782
JPFrewriter:0.21333333333333335
LoopSym:0.195
NewWorkerMsg:0.19333333333333333
Launcher:0.10838095238095237
