Kernel32:0.37
User32:0.31666666666666665
LowLevelKeyboardProc:0.0011111111111111111
MSG:0.0
KBDLLHOOKSTRUCT:0.0
HHOOK:0.0
HOOKPROC:0.0
