SMARTCYPPlugin:0.5466666666666666
CategoriesRenderer:0.48
SMARTCYPRuleRank1:0.461111111111111
