UIRepeatListComponent:0.6633333333333333
SetIterationContext:0.2866666666666667
SetList:0.18666666666666668
MakumbaSetELResolver:0.15333333333333332
