ProfileModuleImpl:0.44666666666666666
BridgeServer:0.28444444444444444
EditUserAction:0.27777777777777773
AuthenticationBridge:0.1675
