CalendarDay:0.6533333333333333
MaterialCalendarView:0.5066666666666667
MonthPagerAdapter:0.3233333333333333
MonthView:0.24666666666666667
