MessageFramer:0.52
MessageFramerTest:0.4766666666666667
AbstractStreamBase:0.3933333333333333
AbstractStreamTest:0.09333333333333334
