FileService:0.7952777777777779
RuntimeService:0.5736666666666667
