Binder:0.6255952380952382
InjectorImpl:0.5
ErrorMessages:0.45622222222222214
BinderImpl:0.35333333333333333
AbstractModule:0.16777777777777778
