WYSIWYGPlugin:0.7933333333333333
IOUtils:0.48333333333333334
VarTagSupportServlet:0.02666666666666667
