GwtClientHelper:0.5933333333333334
BinderViewsHelper:0.4066666666666667
DataTableFolderViewBase:0.24333333333333335
FolderEntryComposite:0.23
FolderViewBase:0.19333333333333333
CollectionView:0.185
MobileDevicesView:0.185
ActionMenuCell:0.17
MailToPanel:0.16944444444444443
FolderEntryMenu:0.14666666666666667
MailToPublicLinkEntityEvent:0.12
