BotScriptUtils:0.6714285714285715
BotStationExportCommand:0.44
BotExportCommand:0.3933333333333333
