ElementModel:0.5566666666666666
CheckDefinitionAction:0.41
ObjectGenerator:0.31
ElementType:0.26666666666666666
ARINCDefHandler:0.24666666666666667
ARINCDefinitionVerifier:0.23
KeywordsGenerator:0.22
WidgetDefinitionModel:0.2
WidgetDefViewer:0.15666666666666668
WidgetDefPlugin:0.11
SwingComponentNode:0.10333333333333333
UIPropertiesDialog:0.08166666666666667
AbstractWidgetDefComponent:0.04666666666666667
SwingPropertiesConstructor:0.04666666666666667
ExtensionsDialog:0.04
UsedRangeComponent:0.03
UIComponentNode:0.02666666666666667
UIPropertiesConstructor:0.01
AvailableRangeComponent:0.006666666666666667
