BindingUtil:0.38
Types:0.36
BindingMapVerifier:0.3466666666666667
Import:0.3333333333333333
ObjectiveCHeaderGeneratorTest:0.32
NodeCopier:0.31
ObjectiveCImplementationGenerator:0.29333333333333333
BindingMapBuilder:0.2633333333333333
ObjectiveCHeaderGenerator:0.2633333333333333
ObjectiveCImplementationGeneratorTest:0.23666666666666666
ImplementationImportCollector:0.20666666666666667
HeaderImportCollector:0.20333333333333334
DeadCodeEliminator:0.18666666666666668
InnerClassExtractor:0.17666666666666667
Rewriter:0.17333333333333334
InitializationNormalizer:0.16666666666666666
DeadCodeEliminatorTest:0.16666666666666666
ObjectiveCSourceFileGenerator:0.16
BindingUtilTest:0.06
