Lifecycle:0.45666666666666667
XLSXRetailerExporter:0.38
Retailer:0.32
RetailerUtilityEditor:0.31333333333333335
RetailerUtilityEditorResult:0.19
RetailerUtilityEditorRequestBeans:0.0
