SequenceFragmentAssemblyOffsetTagHandler:0.54
ResponseTagHandler:0.49333333333333335
OtterContentHandler:0.42888888888888893
