ModelMapping:0.43333333333333335
ViewParser:0.33
PropertyMapping:0.315
MetaCollectionView:0.31333333333333335
