CmpMessageHelper:0.44
CmpErrorResponseMessage:0.3566666666666667
CmpResponseMessage:0.24666666666666667
CmpRevokeResponseMessage:0.17
CmpConfirmResponseMessage:0.17
CrmfMessageHandler:0.16333333333333333
CrmfRAPbeRequestTest:0.13
