FormResponder:0.6477777777777778
DeleteTag:0.2966666666666667
