DicomObject:0.89
SequenceDicomElement:0.3933333333333333
BasicDicomObject:0.38333333333333336
ElementSerializer:0.1511111111111111
