TextArea:0.28960088
Selection:0.18823443
TextAreaPainter:0.15806532
TextAreaMouseHandler:0.10813094
MouseHandler:0.08326963
JEditBuffer:0.06844614
DisplayManager:0.066730596
Buffer:0.03331751
