MapService:0.46
PutAllOperation:0.2511111111111111
BasePutOperation:0.22444444444444447
MergeOperation:0.214
MapReplicationOperation:0.20777777777777778
TxnSetOperation:0.18
