Window:0.6666666666666666
WindowTest:0.51
ElementArray:0.2966666666666667
