InstallOptions:0.5066666666666667
FedoraWebXML:0.47
WebXMLOptions:0.38333333333333336
TestFedoraWebXML:0.35
Installer:0.23166666666666666
