Grammar:0.5866666666666667
Parser:0.36
BasicSemanticChecks:0.2733333333333333
Target:0.25666666666666665
LeftRecursiveRuleAnalyzer:0.21666666666666667
CodeGenerator:0.21166666666666667
ParserATNFactory:0.18333333333333332
GrammarASTWithOptions:0.16666666666666666
SymbolCollector:0.16
RuleFunction:0.15
GrammarTransformPipeline:0.15
SemPred:0.11333333333333333
ScopeParser:0.10333333333333333
TestScopeParsing:0.08333333333333333
ParserFile:0.08333333333333333
TreeParserModel:0.07666666666666666
