ClientMapProxy:0.39
MapProxySupport:0.36333333333333334
MapPreconditionsTest:0.33
MapProxyImpl:0.31
EntryProcessorTest:0.13666666666666666
NoOpEntryProcessor:0.10333333333333333
