Jetty8WebSocket:0.42333333333333334
TomcatWebSocket:0.4166666666666667
GrizzlyWebSocket:0.3233333333333333
