SharedImages:0.5766666666666667
GPDChangeNode:0.31
ChangeElementLabelProvider:0.27
PortabilityRefactoring:0.17
FormNodePresentation:0.1638888888888889
NodeTreeEditPart:0.16333333333333333
GPDTreeLabelProvider:0.12666666666666668
RenameRefactoringWizard:0.04
