SingleConsumerQueueTest:0.5133333333333333
AsMapTest:0.5125
IsEmptyIterable:0.24
IsEmptyMap:0.2
IsValidSingleConsumerQueue:0.15133333333333332
