Button:0.45666666666666667
MainWindow:0.31
Sidebar:0.2966666666666667
ChartPainter:0.27
CachedImageView:0.22
Pager:0.1991666666666667
