AntScriptGenerator:0.4866666666666667
BuildTarget:0.45
SharedLibraryLoader:0.3233333333333333
JniGenSharedLibraryLoader:0.21666666666666667
SharedLibraryFinder:0.17222222222222222
DesktopControllersBuild:0.09666666666666666
FreetypeBuild:0.01
AudioBuild:0.006666666666666667
BulletBuild:0.0033333333333333335
ImageBuild:0.0033333333333333335
GdxBuild:0.0
