DataManager:0.49
OwnershipUtils:0.36
Editors:0.27666666666666667
MassiveNewOwner:0.22333333333333333
UserGroups:0.21333333333333335
OperationNotAllowedEx:0.15666666666666668
Params:0.12169841269841271
PrepareMassiveOwnership:0.014166666666666666
