NodeEngineImpl:0.5266666666666666
SimpleMapTest:0.4533333333333333
WrongTargetException:0.24666666666666667
