WebResponseImpl:0.6066666666666667
WebResponseData:0.49333333333333335
WebResponseDataTest:0.15
