ValidationErrorsView:0.5966666666666667
ProcessDefinition:0.5533333333333333
ExportParWizardPage:0.2758333333333333
DesignerEditor:0.18333333333333332
DesignerPerspectiveFactory:0.11333333333333333
OpenValidationErrorsView:0.0
OpenErrorLogView:0.0
