CudnnLocalResponseNormalizationHelper:0.5044444444444445
CudnnBatchNormalizationHelper:0.5044444444444445
CudnnConvolutionHelper:0.49444444444444446
