Page:0.8233333333333334
AggregationTestUtils:0.33
TypeUtils:0.31666666666666665
MarkDistinctOperator:0.29
HashSemiJoinOperator:0.24333333333333335
