Rule:0.6666666666666666
Condition:0.49
TreeMatch:0.4166666666666667
RuleMatch:0.37666666666666665
Search:0.24333333333333335
Materialisation:0.22666666666666666
ConditionSearchItem:0.22
Collector:0.21666666666666667
RuleDependencies:0.21
PreMatch:0.13333333333333333
ForallConditionRecord:0.04666666666666667
RuleMatchWrapperVisitor:0.03777777777777777
ForallCondition:0.023333333333333334
NotCondition:0.016666666666666666
RuleMatchWrapperCollector:0.015
