AEMgtTest:0.5933333333333334
DicomEchoPanel:0.33666666666666667
AEListPanel:0.2633333333333333
UserRolesAuthorizer:0.11666666666666667
