PDBReader:0.8155555555555555
PDBReaderTest:0.11333333333333333
