HsmFile:0.5866666666666667
HsmRetrieveService:0.4
HsmUtils:0.3433333333333333
HsmRetrieveOrder:0.2733333333333333
HsmAwareQueryRetrieveScpService:0.2611111111111111
HsmCopyService:0.24666666666666667
HsmAwareMoveScpTests:0.14333333333333334
HsmFileTests:0.09333333333333334
HsmCopyServiceTests:0.08
