JsonOperators:0.26666666666666666
TypeJsonUtils:0.26666666666666666
TestMapOperators:0.2633333333333333
TestArrayOperators:0.21333333333333335
TestJsonOperators:0.13333333333333333
