MapService:0.4666666666666667
BasicMapTest:0.37333333333333335
ListenerTest:0.33
Merger:0.3021904761904761
EntryProcessorTest:0.24666666666666667
ClientMapTest:0.24333333333333335
EntryCreate:0.23335714285714285
EntListener:0.21333333333333335
