ClusterCommandsTest:0.8094444444444445
JedisClusterTest:0.6633333333333333
