Node:0.5433333333333333
Entry:0.4066666666666667
GraphitiEntry:0.34
NodeTypeDefinition:0.25666666666666665
TaskStateFigure:0.22666666666666666
NodeFigure:0.20666666666666667
GefEntry:0.18
ReceiveMessageFigure:0.16333333333333333
PrefConstants:0.16
ApplicationWorkbenchAdvisor:0.15
StateFigure:0.09666666666666666
WaitStateFigure:0.09666666666666666
ForkJoinFigure:0.09333333333333334
LanguageElementPreferencePage:0.09
LanguageElementPreferenceNode:0.06
