MasterActor:0.5333333333333333
BaseMultiLayerNetwork:0.32
WorkerActor:0.30333333333333334
MultiLayerNetworkOptimizer:0.215
ModelSavingActor:0.14666666666666667
BatchActor:0.14
NeuralNetworkOptimizer:0.12666666666666668
