Jedis:0.7866666666666666
JedisSentinelPoolTest:0.29
BinaryJedis:0.2833333333333333
ShardedJedisPoolTest:0.24666666666666667
JedisTest:0.24333333333333335
ShardedJedis:0.23
JedisPoolTest:0.21333333333333335
PoolBenchmark:0.11
