DesignerGraphicalEditorPart:0.6766666666666666
DesignerEditor:0.41333333333333333
FieldValidatorsWizardPage:0.4
PasteAction:0.19
