JFlexXrefTest:0.45666666666666667
AnalyzerGuru:0.36666666666666664
JavaClassAnalyzerFactory:0.32866666666666666
