ResXMLParser:0.3933333333333333
ResXMLTree:0.25666666666666665
ResTable:0.255
ResXMLTree_attrExt:0.21
XmlBuffer:0.20666666666666667
ResChunk_header:0.20333333333333334
ResStringPool_ref:0.18
ResXMLTree_attribute:0.17666666666666667
ResXMLTree_node:0.16333333333333333
ResourceTypes:0.12
ResStringPool_header:0.11333333333333333
ResXMLTree_endElementExt:0.023333333333333334
ResXMLTree_cdataExt:0.01
ResXMLTree_namespaceExt:0.006666666666666667
ResXMLTree_header:0.0033333333333333335
WithOffset:0.0
