AttributeMetadata:0.4766666666666667
MetadataEntityManagerImpl:0.41
ClassMetadata:0.34
ClassMetadataLight:0.23333333333333334
GenericObjectList:0.15333333333333332
CategoryMetadata:0.08666666666666667
