Submission:0.49
Answer:0.19666666666666666
Customer:0.14333333333333334
Campaign:0.14333333333333334
Survey:0.13666666666666666
Sorting:0.09666666666666666
Condition:0.07333333333333333
Quota:0.07333333333333333
Status:0.056666666666666664
KeyWord:0.05
Group:0.006666666666666667
Sample:0.006666666666666667
Type:0.0
