SqlStageExecution:0.7166666666666667
StageStateMachine:0.4066666666666667
TestSqlStageExecution:0.3182222222222222
