AppUtils:0.5233333333333333
ParameterService:0.48
IParameterService:0.3466666666666667
CsvExtractor:0.24
