EvidencePanel:0.5294444444444445
SequenceTextPanel:0.5266666666666666
ShowMenu:0.305
AnnotationMenu:0.27666666666666667
