SVGMPathElement:0.6144444444444443
SvgMPath:0.5266666666666666
SvgElementFactory:0.36333333333333334
SvgMPathTest:0.06333333333333334
