Neuron:0.6366666666666667
Layer:0.56
NeuralNetwork:0.44333333333333336
