Display:0.6866666666666666
GLContext:0.38666666666666666
PbufferTest:0.25
