Manager:0.65
Socket:0.5633333333333334
IO:0.2767777777777778
