ReferenceCountExchangeClient:0.4946666666666667
DubboProtocol:0.35
DubboInvoker:0.3333333333333333
AbstractProxyInvoker:0.25333333333333335
