BlendingAttribute:0.38333333333333336
FloatAttribute:0.37
Model:0.36666666666666664
DefaultShader:0.32
