GraphElement:0.36
FieldValidatorsWizardPage:0.33666666666666667
FormEditor:0.32
QuickFormVariableWizardPage:0.25333333333333335
FormType:0.25333333333333335
MultiTaskState:0.22333333333333333
ValidatorWizard:0.15666666666666668
