Visitor:0.385
LocalExecutionPlanner:0.37333333333333335
SqlTaskManager:0.36666666666666664
SplitWorker:0.30666666666666664
SqlTaskExecution:0.2966666666666667
LocalQueryRunner:0.19611111111111112
TestSqlTaskManager:0.17666666666666667
ServerMainModule:0.13333333333333333
LocalExecutionPlanContext:0.036111111111111115
