Listener:0.6166666666666667
MessageDeframerTest:0.2966666666666667
MessageDeframer:0.29333333333333333
AbstractServerStream:0.23
AbstractClientStream:0.20333333333333334
NettyServerHandler:0.20333333333333334
NettyClientStreamTest:0.20333333333333334
AbstractStream:0.19333333333333333
NettyServerHandlerTest:0.18333333333333332
StreamListener:0.17
MockStreamListener:0.13333333333333333
ServerImplTest:0.12666666666666668
NettyStreamTestBase:0.12333333333333334
JumpToApplicationThreadServerStreamListener:0.09333333333333334
NoopListener:0.016666666666666666
