Iconkit:0.6266666666666667
ToolButton:0.30333333333333334
ImageFigure:0.2866666666666667
UndoActivity:0.15666666666666668
MiniMapDesktop:0.11
