CAAdminSessionBean:0.5266666666666666
CaSessionBean:0.3566666666666667
CADataHandler:0.33666666666666667
EndEntityManagementSessionLocal:0.21333333333333335
EndEntityManagementSessionBean:0.18333333333333332
