RedisConnection:0.58
RedisClient:0.38666666666666666
ConnectionPool:0.2866666666666667
ClusterConnectionManager:0.21833333333333332
RedisNodes:0.16333333333333333
