Host:0.7266666666666667
MsgHeader:0.4633333333333333
ReadWorker:0.26
MsgManager:0.24333333333333335
RouteTableUpdateMsg:0.19333333333333336
