IMoney:0.6231666666666668
MoneyBag:0.49333333333333335
MoneyTest:0.4166666666666667
Money:0.24666666666666667
