RobolectricTestRunner:0.5133333333333333
ShadowLog:0.43666666666666665
LogItem:0.3233333333333333
LogTest:0.28
