Blueprint:0.6033333333333334
BlueprintEditor:0.38333333333333336
Insert:0.16666666666666666
Preview:0.12
Add:0.11333333333333333
ShowHTML:0.04416666666666667
