AbstractS3SnapshotRestoreTest:0.3433333333333333
DefaultS3OutputStream:0.25
S3BlobStore:0.23472222222222225
S3Repository:0.22333333333333333
RepositoryS3SettingsTests:0.22
AwsS3Service:0.21666666666666667
S3RepositoryPlugin:0.18333333333333332
InternalAwsS3Service:0.15
Repositories:0.08
Repository:0.08
TestAwsS3Service:0.043333333333333335
