ElectMasterService:0.32666666666666666
AbstractSearchAsyncAction:0.3
SearchScrollQueryAndFetchAsyncAction:0.22
RelocationIT:0.18333333333333332
SearchScrollQueryThenFetchAsyncAction:0.18333333333333332
IndicesStoreIntegrationIT:0.17333333333333334
AbstractAsyncBulkByScrollAction:0.17333333333333334
PrimaryTermsTests:0.17333333333333334
