LimitCheckingItemSkipPolicy:0.6566666666666666
SimpleLimitExceptionHandler:0.49
SkipLimitStepFactoryBean:0.39666666666666667
SkipLimitReadFailurePolicyTests:0.15
SkipLimitStepFactoryBeanTests:0.023333333333333334
FatalRuntimeException:0.008981481481481483
