DBCursor:0.6833333333333333
DBCollection:0.6058333333333333
DBPort:0.31666666666666665
