PlannerTest:0.43666666666666665
FetchPushDownTest:0.33666666666666667
SortingTopNProjector:0.26666666666666666
CollectionBucket:0.26
NestedLoopConsumerTest:0.23666666666666666
SortingTopNProjectorTest:0.22333333333333333
SortingProjector:0.22
Visitor:0.14
SortingProjectorTest:0.11
ESGetTask:0.11
Constants:0.05
