PainterUtils:0.51
NumericFormatterTest:0.5
LoaderUtilities:0.47
NumericFormatter:0.43
DefaultXMLExporter:0.28444444444444444
AbstractWidgetRefHandler:0.2733333333333333
AbstractClientEngine:0.27
AbstractEditBoxNumericRenderer:0.21
ARINCDefinitionParser:0.20666666666666667
ARINC661App:0.205
NumericReadoutRenderer:0.19722222222222222
NumericReadoutTextRenderer:0.19666666666666666
EditBoxNumericSpinnerRenderer:0.19666666666666666
LabelEditBoxNumericRenderer:0.19305555555555554
AbstractServerEngine:0.19
JFXNumericReadoutTest:0.17666666666666667
EditBoxNumericBCDRenderer:0.16333333333333333
JFXEditBoxNumericTest:0.16333333333333333
ExtensionMapsTest:0.16166666666666665
ExtensionKOTest:0.16166666666666665
JFXEditBoxNumericBCDTest:0.15666666666666668
LayerTreeEditorCopyPaste2Test:0.13666666666666666
JFXLabelEditBoxNumericTest:0.13333333333333333
NumericReadoutRendererTest:0.11333333333333333
JavaNumericFormatter2Test:0.10666666666666667
JavaNumericFormatterTest:0.10666666666666667
JavaNumericFormatter:0.09333333333333334
EditorOpenDFSpecialCharsTest:0.0875
NumericFormatter2Test:0.07749999999999999
