SunshineRaytracer:0.41
Kernel:0.38
SunshineBidirPathtracer:0.35
ComplementKernel:0.3433333333333333
CombineKernel:0.2061111111111111
SunshineLightHandler:0.16577777777777777
IsVisibleInitKernel:0.16444444444444445
