Elements:0.9604444444444444
SecurityNamespaceHandler:0.36666666666666664
