JmolEditor:0.6080555555555556
JmolOutlineContentProvider:0.39666666666666667
