BackTrackLineSearch:0.4033333333333333
TestOptimizers:0.36666666666666664
LBFGS:0.34
ConjugateGradient:0.29333333333333333
LineGradientDescent:0.29333333333333333
