EventBus:0.69
SubscriberMethodFinder:0.2833333333333333
EventBusBuilder:0.25666666666666665
PerfTestEventBus:0.18166666666666667
