GwtViewHelper:0.6283333333333333
AbstractFolderModule:0.4766666666666667
GwtHtml5Helper:0.385
