RendererModel:0.38666666666666666
RenderingParameters:0.38333333333333336
BasicBondGenerator:0.37666666666666665
RenderPanel:0.35333333333333333
SelectBondGenerator:0.17266666666666666
SelectAtomGenerator:0.16599999999999998
