Window:0.8033333333333333
JavaScriptJobManagerImpl:0.4066666666666667
JavaScriptJobManager:0.32172222222222224
