TextField:0.45
MeshBuilder:0.30333333333333334
AndroidApplication:0.24333333333333335
JglfwApplication:0.22166666666666668
Skin:0.22166666666666668
Keys:0.19580952380952382
AndroidMusic:0.16333333333333333
IOSMusic:0.163
AndroidApplicationConfiguration:0.03305555555555555
