ActivitySequencer:0.54
ActivityFlushTask:0.5066666666666667
ByteStreamConnectionTest:0.34
ITransmitter:0.27444444444444444
XMPPTransmitter:0.18333333333333332
TransmitterStub:0.1275
