IsotopeFactory:0.7933333333333333
MoleculeFactory:0.27
SmilesGenerator:0.23555555555555557
MDLReader:0.19722222222222224
CDKTests:0.19
VicinitySamplerTest:0.19
IsotopeFactoryTest:0.15666666666666668
Convertor:0.14333333333333334
