AttributeEntry:0.5433333333333333
SchemaLoader:0.4066666666666667
