PersistentObject:0.43
PersistenceServiceImpl:0.38666666666666666
FreelancerController:0.34
PersistenceService:0.2841666666666667
FormController:0.19333333333333333
YesNoController:0.17666666666666667
SearchResultController:0.13333333333333333
YesNoFormBean:0.09
FreelancerHistoryController:0.056666666666666664
FreelancerHistoryFormBean:0.0
