NeuralNetConfiguration:0.5541666666666667
MultiLayerConfiguration:0.355
ComputationGraphConfiguration:0.355
BaseOptimizer:0.3
StochasticGradientDescent:0.27111111111111114
