AspectJModel:0.5366666666666666
AspectJGraph:0.4766666666666667
RefreshGraphListener:0.37211111111111106
ResourceDisplay:0.24666666666666667
