STLObject:0.6366666666666667
Producer:0.3233333333333333
RepRapBuild:0.3233333333333333
STLSlice:0.30666666666666664
