KeyStoreContainer:0.64
Sign:0.4122222222222222
ICAToken:0.3754523809523809
P11Slot:0.25333333333333335
CATokenContainerImpl:0.24333333333333335
KeyStoreContainerBase:0.24
KeyTools:0.20666666666666667
BaseCAToken:0.20483333333333334
PKCS11CAToken:0.19000000000000003
HwCaInitCommand:0.09333333333333334
