DBCollection:0.37166666666666665
DB:0.3233333333333333
CollectionHelper:0.2866666666666667
NewMongoCollectionImpl:0.26666666666666666
DBCursor:0.22333333333333333
MongoCollectionView:0.21
