JChemPaintPanel:0.7482222222222222
SaveAsAction:0.3563888888888889
