FileLockBasedLock:0.5733333333333334
FileLockCondition:0.3
PingPongBenchmark:0.25
Ponger:0.16777777777777778
FileLockBenchmark:0.16
Runner:0.14666666666666667
