BioclipseConstants:0.74
BioResourceUtils:0.18666666666666668
BioclipseFilters:0.056666666666666664
UnwantedNamesFilter:0.043333333333333335
