MediaPageFragment:0.5433333333333333
MediaActivity:0.5166666666666667
ActivityFragmentComponent:0.31333333333333335
ActivityFragmentModule:0.15666666666666668
BaseActivity:0.12333333333333334
