SpectrumItem:0.8066666666666666
ContinuousSpectrumView:0.26666666666666666
PeakSpectrumView:0.23666666666666666
