TimeUtils:0.7666666666666667
Timeslots:0.29
XmlTimeSlot:0.28
TimeSlotStartedInPeriod:0.2688888888888889
TimeSlotValue:0.25666666666666665
TodayTableModel:0.24666666666666667
DaysTree:0.20666666666666667
TodayDialog:0.12333333333333334
