XKMSKRSSTest:0.6611111111111111
XKMSKISSTest:0.4583333333333333
