Molecule:0.6393333333333334
Monomer:0.4513888888888888
