Options:0.7766666666666666
TypeImplementationGenerator:0.28
TypeDeclarationGenerator:0.25666666666666665
TypeGenerator:0.21333333333333335
TypeDeclarationGeneratorTest:0.03666666666666667
TypeImplementationGeneratorTest:0.03
