CMap:0.43333333333333335
PartitionProxy:0.37333333333333335
ExecutorManager:0.23333333333333334
PartitionServiceImpl:0.215
HazelcastTest:0.09333333333333334
