XmlConfigBuilder:0.3933333333333333
EvictionConfig:0.31666666666666665
AbstractCacheRecordStore:0.3
NearCacheConfigReadOnly:0.27
SpringXmlBuilderHelper:0.19666666666666666
ConfigValidatorTest:0.14333333333333334
ConfigValidator:0.115
