OutlookCrawler:0.42333333333333334
UriUtil:0.34
DataSourceDetectorRegistry:0.335
DataSourceDetector:0.157
DataSourceDescription:0.14333333333333334
DefaultDataSourceDetectorRegistry:0.11666666666666667
AppleAddressbookDetector:0.10805555555555557
OutlookDataSourceDetector:0.04655555555555556
ThunderbirdAddressbookDetector:0.043333333333333335
RunDetectors:0.04000000000000001
RegistryReader:0.016666666666666666
HomeFolderDetector:0.011111111111111112
DataSourceDetectorRegistryImpl:0.006666666666666667
