NetworkedImage:0.41333333333333333
DriverConductor:0.30333333333333334
NetworkPublication:0.25333333333333335
SubscriptionLink:0.22666666666666666
PublicationLink:0.18666666666666668
AeronClient:0.18
NetworkPublicationDriverManagedResource:0.12
NetworkedImageDriverManagedResource:0.11333333333333333
SubscriptionLinkDriverManagedResource:0.10666666666666667
AeronClientManagedResource:0.09333333333333334
PublicationLinkManagedResource:0.09333333333333334
