DataManager:0.6133333333333333
SettingManager:0.38666666666666666
Set:0.36
LocalLib:0.30333333333333334
QueryInfo:0.25333333333333335
SearchManager:0.25333333333333335
DbLib:0.24666666666666667
SchemaManager:0.23666666666666666
LuceneSearcher:0.21666666666666667
Csw:0.20333333333333334
Harvester:0.18666666666666668
ThesaurusManager:0.18666666666666668
GetRecordsRequest:0.18
Importer:0.18
GetCapabilities:0.16666666666666666
MetadataNotifierControl:0.16666666666666666
XslProcessing:0.16
ImportFromDir:0.15
CatalogSearcher:0.14
Geonetwork:0.13333333333333333
GetInfo:0.12666666666666668
Download:0.12
Import:0.11666666666666667
MassiveXslMetadataReindexer:0.10666666666666667
Insert:0.09333333333333334
CswDispatcher:0.09
GetEditableData:0.01
