Default:0.6588888888888889
AccessBridgeWrapper:0.3566666666666667
AbstractDynamicTypeBuilderTest:0.3466666666666667
AbstractAnnotationDescriptionTest:0.29333333333333333
