UserManager:0.5233333333333333
User:0.5066666666666667
IUserManagerListener:0.4282380952380953
EditUserDialog:0.33
CreateAccountDialog:0.19333333333333333
UserManagerTest:0.17333333333333334
LoginAction:0.14333333333333334
CreateUserDialog:0.11
UserManagerLoginDialog:0.04
UserManagerPreferencePage:0.013333333333333334
