TestRaceJPF:0.5433333333333333
TestRace:0.5
PreciseRaceDetector:0.30333333333333334
