Selection:0.45666666666666667
TexturePacker:0.4166666666666667
ClickListener:0.3233333333333333
List:0.31666666666666665
AtlasTmxMapLoader:0.31
TextFieldClickListener:0.24666666666666667
TextField:0.24105555555555555
AndroidInput:0.20666666666666667
Tree:0.2
TextArea:0.19333333333333333
ArraySelection:0.18333333333333332
TexturePackerFileProcessor:0.16333333333333333
SetIterator:0.15333333333333332
Pools:0.14444444444444446
