ARINC661App:0.41
AbstractServerEngine:0.27
SaveAsAction:0.2511111111111111
ExtractSupplementDialog:0.21666666666666667
DefaultBufferOfItemsConverter:0.21361111111111114
ServerXMLObjectAttribute:0.20583333333333334
FrameworkManager:0.2
ARINCWidgetParameters:0.19666666666666666
MDIApplicationHandler:0.18333333333333332
Sequence:0.16944444444444445
