JBossConnectorFinder:0.5033333333333333
ConnectorFinder:0.4928809523809524
JBossConnectorChoicePanel:0.41333333333333333
