CommonSettings:0.43666666666666665
LongFieldDataTests:0.2633333333333333
DoubleFieldDataTests:0.17666666666666667
FloatFieldDataTests:0.17666666666666667
PagedSingleSparse:0.1
IndexFieldData:0.09333333333333334
GeoPointCompressedIndexFieldData:0.08333333333333333
GeoPointDoubleArrayIndexFieldData:0.08333333333333333
PagedSingle:0.06333333333333334
AbstractNumericFieldDataTests:0.056666666666666664
PackedArrayIndexFieldData:0.05333333333333334
