ErrorResourceLocation:0.27
JsonFormat:0.25333333333333335
JsonRenderImpl:0.25333333333333335
ResourceLocation:0.22666666666666666
Sender:0.19250000000000003
Scans:0.18666666666666668
UrlMappingImpl:0.16666666666666666
JarResourceLocation:0.16333333333333333
