Advapi32:0.67
Advapi32Util:0.56
Netapi32:0.5133333333333333
PSID:0.4166666666666667
PSIDByReference:0.3644444444444444
Advapi32Test:0.35333333333333333
Advapi32UtilTest:0.26
HANDLE:0.26
HANDLEByReference:0.24
SID_AND_ATTRIBUTES:0.23
UserInfo:0.2063968253968254
Kernel32Util:0.20638888888888887
FILE_NOTIFY_INFORMATION:0.175
Netapi32Util:0.17333333333333334
User32Test:0.16
ACL:0.13666666666666666
ACCESS_ACEStructure:0.06222222222222223
SECURITY_DESCRIPTOR_RELATIVE:0.03333333333333333
ACEStructure:0.03
WinNT:0.03
SECURITY_DESCRIPTOR:0.006666666666666667
USER_INFO_23:0.0033333333333333335
ACCESS_ALLOWED_ACE:0.0025
ACCESS_DENIED_ACE:0.0025
ACE_HEADER:0.0
