File:0.89
JavaJPF:0.4066666666666667
RunJava:0.19333333333333333
RunJPF:0.02
