SenecaJobSpecification:0.6383333333333333
AdaptiveAnnealingEngine:0.4929444444444444
StochasticStructureElucidationJob:0.36
SJSCheckWizardPage:0.25666666666666665
StructureGeneratorSettingsPage:0.25666666666666665
EnableGeneratorListener:0.19555555555555557
