AbstractPersistentCollection:0.3433333333333333
CustomPersister:0.29
SingleTableEntityPersister:0.2833333333333333
WhereParser:0.27666666666666667
JoinedSubclassEntityPersister:0.2633333333333333
