NewProjectDialog:0.645
ProjectProperties:0.4533333333333333
SearchWindow:0.3433333333333333
