ProjectController:0.5933333333333334
Main:0.45666666666666667
CruiseControl:0.21333333333333335
