StandardTestClassTests:0.6844444444444445
ReportingTest:0.6404444444444445
