PropertyRenderer:0.5466666666666666
Entity:0.3466666666666667
Secret:0.28
XRef:0.11666666666666667
