CharacterIndex:0.61
FilterCompiler:0.4633333333333333
OptionsTest:0.31
PathCompiler:0.22333333333333333
DeepScanTest:0.10333333333333333
FilterCompilerTest:0.1
