IndexShard:0.62
Store:0.39666666666666667
IndexShardTests:0.24083333333333334
