TestRunner:0.5022222222222222
BaseTestRunner:0.4166666666666667
TestCase:0.38666666666666666
ActiveTestSuite:0.2733333333333333
TestCaseClassLoaderTest:0.17
