SerializeWriter:0.79
JSON:0.37333333333333335
JSONSerializer:0.37
ASMSerializerFactory:0.30333333333333334
Context:0.24
BenchmarkMain:0.09333333333333334
ImageSerializer:0.09333333333333334
MediaSerializer:0.09
EnumSerializer:0.07666666666666666
ArmoryTest:0.04
PayDO:0.0
