RememberMeAuthenticationToken:0.5043333333333333
RememberMeAuthenticationTokenTests:0.49166666666666664
