SettingParser:0.36666666666666664
ExploreConfig:0.33666666666666667
SettingsPanel:0.19
AbstractIntParser:0.18333333333333332
TextFieldEditor:0.15333333333333332
KindMap:0.15194444444444444
NewAction:0.15
CommandLineField:0.11
