Setting:0.59
AbstractScopedSettings:0.39
ScopedSettingsTests:0.21666666666666667
AzureStorageSettings:0.21666666666666667
AbstractSimpleTransportTestCase:0.2
DummySettingPlugin:0.19
SettingTests:0.17333333333333334
SettingsUpdater:0.15
MetaDataIndexTemplateService:0.13
AffixSetting:0.12333333333333334
GoogleCloudStorageService:0.11
UpdateSettingsIT:0.10944444444444443
