ModuleTestBase:0.6833333333333333
View:0.56
Training:0.07333333333333333
TrainingTest:0.056666666666666664
TrainingSession:0.056666666666666664
