MappingUpdatedAction:0.4666666666666667
MappingChange:0.42333333333333334
LocalGatewayIndexStateTests:0.35333333333333333
LocalIndexShardGateway:0.29
MasterMappingUpdater:0.25666666666666665
MappingUpdateListener:0.24666666666666667
