Model:0.49666666666666665
TreeView:0.47
Parser:0.25333333333333335
DescendantsWithFams:0.22333333333333333
AncestorsNoFams:0.18333333333333332
AncestorsWithFams:0.17333333333333334
DescendantsNoFams:0.16666666666666666
Images:0.12666666666666668
