Advapi32:0.7875
Advapi32Test:0.4766666666666667
FE_EXPORT_FUNC:0.35
FE_IMPORT_FUNC:0.35
Advapi32Util:0.27
LPSTR:0.25666666666666665
LPWSTR:0.25666666666666665
WinBase:0.225
Advapi32UtilTest:0.21666666666666667
