IssueService:0.8333333333333334
IssueServiceImpl:0.48
IssueAttachmentDAOImpl:0.18333333333333332
IssueAttachmentDAO:0.17833333333333334
AdminHomeAction:0.17333333333333334
