CrawlURI:0.9005555555555554
AdaptiveRevisitFrontier:0.3566666666666667
