TestJournalRoundTrip:0.4926666666666667
TestRelationships:0.44666666666666666
MockManagementDelegate:0.37333333333333335
APIMStubWrapper:0.2866666666666667
FedoraMethod:0.25
TestManagementNotifications:0.20733333333333334
