AbstractTestQueries:0.6869444444444444
TopNOperator:0.49333333333333335
FieldOrderedTupleComparator:0.36
TestTopNOperator:0.21333333333333335
Visitor:0.19333333333333333
Top100Benchmark:0.16777777777777778
