GrpcUtil:0.5866666666666667
NettyServerHandler:0.39666666666666667
OkHttpClientTransportTest:0.31
NettyClientStreamTest:0.27666666666666667
NettyServerHandlerTest:0.19666666666666666
Http2ClientStream:0.15333333333333332
GrpcUtilTest:0.10333333333333333
