ModuleTestBase:0.86
TasksTest:0.31166666666666665
XavaSuite:0.30333333333333334
