ShardRouting:0.6233333333333333
RoutingNodes:0.5233333333333333
Balancer:0.21666666666666667
UnassignedInfoTests:0.19666666666666666
AllocateAllocationCommand:0.15333333333333332
BalanceConfigurationTests:0.15333333333333332
ShardRoutingTests:0.12
