GraphState:0.4477777777777777
StateGenerator:0.38666666666666666
AbstractGraphState:0.38166666666666665
BuchiGraphState:0.3333333333333333
ShapeGraphState:0.23666666666666666
