CertTools:0.5933333333333334
TestCertTools:0.32666666666666666
X509CA:0.2733333333333333
