DBRef:0.51
DBRefBase:0.37333333333333335
DBRefOldTest:0.3333333333333333
DBRefTest:0.06
