FrozenLayer:0.4633333333333333
ComputationGraph:0.45666666666666667
MultiLayerNetwork:0.45666666666666667
SharedTrainingMaster:0.41333333333333333
Builder:0.38
CudaGradientsAccumulator:0.32
BasicModelUtils:0.2725
VPTree:0.26
SilentTrainingDriver:0.25333333333333335
WordVectorSerializer:0.22416666666666665
SharedTrainingConfiguration:0.2061111111111111
DefaultTrainer:0.17666666666666667
EncodingHandler:0.17666666666666667
SharedTrainingWrapper:0.15666666666666668
WiredEncodingHandler:0.15611111111111112
LayerValidation:0.12333333333333334
InferenceWorker:0.11333333333333333
ParallelInference:0.10666666666666667
