HostConstants:0.894626984126984
HostInfo:0.6033333333333334
