PropertyIsLike:0.31
PropertyIsBetween:0.18833333333333332
FeatureId:0.013333333333333334
Not:0.013333333333333334
PropertyIsNull:0.013333333333333334
BinaryLogicOperator:0.013333333333333334
BinaryComparisonOperator:0.013333333333333334
