FetchPhase:0.7466666666666667
FetchContextTest:0.26666666666666666
FetchPhaseTest:0.24666666666666667
InnerPreparer:0.17666666666666667
