BlogCalendar:0.5838888888888889
CalendarPlugin:0.3516666666666667
BlojsomConstants:0.0
