LightShaderConfiguration:0.5166666666666667
OpenGLState:0.4633333333333333
GLSLDisplay:0.44
GLDisplay:0.33666666666666667
ShaderOGL:0.25333333333333335
GLSLShader:0.23333333333333334
RenderPass:0.21666666666666667
GLSLChannelMap:0.2
GLSLLightShader:0.19666666666666666
GLSLMandel:0.1955
GLSLVisitor:0.19333333333333333
ExtractLayerPass:0.16333333333333333
GLSLDirectionalLight:0.14
GLSLPointLight:0.14
GLSLSpotLight:0.14
GLSLRGBAShader:0.12833333333333333
GLSLCachedMaterial:0.11
GLSLPhong:0.1
Drawable:0.08333333333333333
ShadowMapGenerationPass:0.07
LayerSavePass:0.06666666666666667
ReduceImagePass:0.06333333333333334
ZeroStencil1stBit:0.06333333333333334
GLSLPointLightShadow:0.04777777777777778
GLSLSpotLightShadow:0.04777777777777778
GLSLDirectionalLightShadow:0.04777777777777778
DrawBackgroundPass:0.04666666666666667
GLSLTurbulence:0.04
SkyMaterialConfiguration:0.04
PresentImagePass:0.03666666666666667
LightCollection:0.023333333333333334
LightingProcessPass:0.016666666666666666
FloatToFloatCollection:0.013333333333333334
ToneMappingPass:0.013333333333333334
PreprocessPass:0.013333333333333334
Transform3DCollection:0.013333333333333334
SolidRenderPass:0.01
CachedRenderPass:0.006666666666666667
MaterialCollection:0.006666666666666667
ChannelMapCollection:0.0033333333333333335
DrawTranspBackgroundPass:0.0033333333333333335
PresentScenePass:0.0033333333333333335
FrameBufferObject:0.0
ToolRenderPass:0.0
ClassCollection:0.0
