ModelSelector:0.2886666666666666
FaceNetHelper:0.19333333333333333
VGG16:0.17
InceptionResNetV1:0.15666666666666668
FaceNetNN4Small2:0.15666666666666668
ResNet50:0.15
AlexNet:0.06666666666666667
LeNet:0.06666666666666667
ZooModel:0.05333333333333334
InceptionResNetHelper:0.04
