Administrator:0.55
Ingest:0.27
FieldSearchServlet:0.23666666666666666
FedoraOAIProvider:0.23666666666666666
Export:0.19
FTypeDialog:0.15444444444444444
SelectFieldsDialog:0.11
