SummaryBuilder:0.455
RrdSummaryController:0.43666666666666665
SummarySpecification:0.26166666666666666
MarshalledView:0.22199999999999998
DefaultRrdSummaryService:0.13
RrdSummaryService:0.1162777777777778
