Transaction:0.44333333333333336
AnnotationEditor:0.42
AnnotationChangeEvent:0.31666666666666665
TransactionOperation:0.2833333333333333
FeatureTreeFrame:0.25333333333333335
FeatureEditorDialog:0.24666666666666667
GeneEditPanel:0.22833333333333333
FeatureChangeEvent:0.18
FlybaseWrite:0.1
FeatureTypeItemListener:0.03
TransactionSubpart:0.0
