CollectionConfig:0.5547222222222223
SetConfig:0.34833333333333333
ListConfig:0.34833333333333333
