MetadataUpdateContext:0.79
MetadataUpdateCommand:0.36666666666666664
MetadataUpdateCommandValidator:0.22194444444444447
UpdateDocumentEntryMetadataCommand:0.21333333333333335
UpdateDocumentSetRequest:0.15333333333333332
UpdateDocumentEntryMetadataCommandValidator:0.14
DeleteDocumentSetRequest:0.13333333333333333
SubmitAssociationCommandValidator:0.13
UpdateStatusCommandValidator:0.13
DeleteDocumentSetCommandValidator:0.10666666666666667
UpdateFolderMetadataCommandValidator:0.08333333333333333
