MapperService:0.6366666666666667
ElasticsearchIntegrationTest:0.37666666666666665
FieldMappersLookup:0.28
HighlightPhase:0.14333333333333334
MissingFilterParser:0.13
ExistsFilterParser:0.13
