TypeDescription:0.6333333333333333
AbstractTypeDescriptionTest:0.36666666666666664
AgentBuilderDefaultApplicationTest:0.27166666666666667
TypeExtractor:0.19333333333333336
ArrayProjection:0.1813888888888889
PrivateStaticClass:0.10838095238095237
PrivateClass:0.10838095238095237
StaticClass:0.10838095238095237
DeprecatedClass:0.10838095238095237
