DashboardMainPage:0.6133333333333333
ConfigureReportForm:0.3466666666666667
DynamicLinkPanel:0.185
ConfigureReportPage:0.13666666666666666
DisplayLink:0.11666666666666667
CreateOrEditReportPage:0.10333333333333333
ImageRenderableColumn:0.09333333333333334
