UIBean:0.58
AbstractUITag:0.47333333333333333
TextfieldTest:0.27666666666666667
