VRML97Export:0.4658333333333333
ClassicVRMLExport:0.4658333333333333
X3DExport:0.44333333333333336
