NutElAnalyzerTest:0.36666666666666664
ElTest:0.36333333333333334
VarNormalizer:0.25
AbstractOperator:0.16666666666666666
ElOperator:0.14583333333333334
