ZooKeeperMasterModel:0.6355555555555555
ServiceParser:0.31333333333333335
AgentZooKeeperRegistrar:0.23666666666666666
