TextField:0.37666666666666665
Box2DDebugRenderer:0.3233333333333333
OgreXmlLoader:0.31666666666666665
SkeletonModelViewer:0.19833333333333333
SkeletonModelGpuSkinningTest:0.17777777777777778
