ExecutionContext:0.7033333333333334
BeanWrapperFieldSetMapper:0.3466666666666667
StepExecutionMessageHandlerTests:0.3233333333333333
DrivingQueryItemReaderTests:0.24
