TermBean:0.8366666666666667
TermBeanImpl:0.5566666666666666
NullTermBean:0.37
TermTreeBrowserTest:0.14
