OpenResourceWizardPage:0.5666666666666667
EBIWSDbfetchWizardPage:0.4622222222222222
WebservicesTools:0.31666666666666665
