BlockAssertions:0.4033333333333333
TestArbitraryAggregation:0.4033333333333333
TestChecksumAggregation:0.38333333333333336
TestApproximatePercentileAggregation:0.36333333333333334
TestMinMaxByAggregation:0.3433333333333333
TestArrayAggregation:0.26666666666666666
TestMapAggAggregation:0.25
TestHistogram:0.25
AggregationTestUtils:0.22333333333333333
AbstractTestAggregationFunction:0.22
TestMultimapAggAggregation:0.19666666666666666
