UACDSHandler:0.6866666666666666
NewSetParameterDialog:0.31666666666666665
TypeChecker:0.31
StoredMessageType:0.29333333333333333
