RegistryObjectValidator:0.5733333333333334
SubmitAssociationCommandValidator:0.31666666666666665
UpdateStatusCommandValidator:0.23666666666666666
UpdateDocumentEntryMetadataCommandValidator:0.13333333333333333
UpdateFolderMetadataCommandValidator:0.13333333333333333
