StructureElucidationWizard:0.3933333333333333
DeterministicStructureElucidationWizard:0.20666666666666667
StructureElucidationJob:0.18
DeterministicStructureElucidationJob:0.13333333333333333
ICASEJob:0.06333333333333334
