HashMap:0.43666666666666665
TreeMap:0.4
AbstractMapTest:0.37
LinkedHashMap:0.30666666666666664
API:0.2966666666666667
HashMapTest:0.22333333333333333
TreeMapTest:0.18333333333333332
LinkedHashMapTest:0.18333333333333332
