RuntimeAdapter:0.6433333333333333
ActivityController:0.4766666666666667
ShadowActivity:0.4266666666666667
ShadowsAdapter:0.215
CoreShadowsAdapter:0.12333333333333334
Api16RuntimeAdapter:0.056666666666666664
Api24RuntimeAdapter:0.056666666666666664
Api23RuntimeAdapter:0.056666666666666664
Api17RuntimeAdapter:0.056666666666666664
Api22RuntimeAdapter:0.056666666666666664
Api21RuntimeAdapter:0.056666666666666664
Api19RuntimeAdapter:0.056666666666666664
Api26RuntimeAdapter:0.056666666666666664
