DefaultConfiguration:0.5433333333333333
Configuration:0.3963888888888889
EnumConverter:0.31333333333333335
Converters:0.18111111111111108
ConverterTest:0.17
C:0.057222222222222216
D:0.057222222222222216
A:0.05305555555555556
B:0.05305555555555556
E:0.05305555555555556
F:0.05305555555555556
