BlojsomServlet:0.8310000000000001
BlojsomXMLRPCServlet:0.48333333333333334
