ExportParWizardPage:0.3988888888888889
SimpleErrorHandler:0.3
CustomSAXException:0.27666666666666667
