NearCachedClientCacheProxy:0.49666666666666665
ClientCacheStatsTest:0.4533333333333333
CacheStatsTest:0.24
