StorageBean:0.38333333333333336
WadoPrefetchService:0.31666666666666665
ForwardService:0.29
AbstractFileCopyService:0.2866666666666667
ForwardService2:0.21
