OkHttpsConnection:0.5566666666666666
URLConnectionTest:0.47
OkHttpConnection:0.4483333333333333
ExternalSpdyExample:0.15666666666666668
