Config:0.5733333333333334
NetworkConfig:0.5266666666666666
Node:0.29333333333333333
TcpIpJoiner:0.26166666666666666
XmlConfigBuilder:0.22666666666666666
ConfigLoader:0.20666666666666667
SpringXmlConfigBuilder:0.20333333333333334
LocalRegionCache:0.19666666666666666
HazelcastClientClusterTest:0.19666666666666666
DefaultAddressPicker:0.19333333333333333
ConfigXmlGenerator:0.13
TopicTest:0.12
HazelcastTimestamper:0.10333333333333333
TcpIpJoinerOverAWSTest:0.08333333333333333
