AclDetailsHolder:0.42
JdbcDaoImplTests:0.34
JdbcDaoImpl:0.34
PopulatedDatabase:0.2888888888888889
AclsByObjectIdentityMapping:0.22666666666666666
ObjectPropertiesMapping:0.056666666666666664
