IndexSettings:0.6866666666666666
ESIntegTestCase:0.39666666666666667
CorruptedFileIT:0.24333333333333335
IndexWithShadowReplicasIT:0.2
IndexSettingsTests:0.19666666666666666
ClusterModule:0.17222222222222225
CorruptedTranslogIT:0.14333333333333334
FlushIT:0.13666666666666666
