ObjectFactory:0.5766666666666667
KuwaibaService:0.54
CommunicationsStub:0.26
RemoteSynchronizationGroup:0.19
CreateSynchronizationGroup:0.15
LocalSyncGroup:0.14666666666666667
LaunchAutomatedSynchronizationTask:0.14333333333333334
CreateSynchronizationDataSourceConfig:0.08666666666666667
RelateSyncDataSourceConfigToSyncGroupResponse:0.075
RelateSyncDataSourceConfigFromSyncGroupResponse:0.075
LaunchAdHocAutomatedSynchronizationTaskResponse:0.025555555555555557
RelateSyncDataSourceConfigToSyncGroup:0.016666666666666666
LaunchAdHocAutomatedSynchronizationTask:0.016666666666666666
RelateSyncDataSourceConfigFromSyncGroup:0.016666666666666666
GetSyncDataSourceConfiguration:0.016666666666666666
GetSyncDataSourceConfigurationResponse:0.01
