JPPFTaskBundle:0.6066666666666667
JPPFTestRunner:0.39666666666666667
ManyJobsRunner:0.31333333333333335
LongTask:0.27
