PyFrozenSetDerived:0.35
PySetDerived:0.35
PyRandomDerived:0.3466666666666667
ReferenceTypeDerived:0.23333333333333334
