OCSPUtil:0.5466666666666666
OCSPCAService:0.3977777777777778
OCSPCAServiceRequest:0.39
OCSPServletBase:0.38333333333333336
SigningEntity:0.16333333333333333
