AgentFactory:0.2683333333333333
HibernateDaoTestConfig:0.2633333333333333
JdbcDaoTestConfig:0.22333333333333333
AbstractDaoTestCase:0.18333333333333332
AgentDaoJdbc:0.16494444444444445
AgentDaoTest:0.11333333333333333
FindAllAgents:0.10527777777777778
DaoTestConfig:0.1
