DefaultRenderContext:0.7383333333333333
DefaultBinding:0.6576666666666667
