FieldDescriptor:0.41333333333333333
ExecutorDAOHibernateImpl:0.35333333333333333
BatchPresentationHibernateCompiler:0.32
TitledFormTag:0.21
TableViewSetupFormTag:0.19333333333333333
Messages:0.17333333333333334
TableViewSetupFormAction:0.16333333333333333
RedeployDefinitionFormTag:0.13666666666666666
SortingHeaderBuilder:0.12666666666666668
RelationClassPresentation:0.08333333333333333
ClassPresentationResources:0.06333333333333334
Store:0.006666666666666667
