MailModule:0.6153333333333333
EmailHelper:0.48333333333333334
AbstractAdminModule:0.41
