BasicInferenceTest:0.5272222222222223
UnionSailTest:0.47
UnionNativeSailTest:0.18666666666666668
