PhysicalCondition:0.4766666666666667
RoverMission:0.3475
MarsProjectFX:0.29333333333333333
ExitAirlock:0.28805555555555556
VehicleMission:0.2816666666666667
Sleep:0.2633333333333333
HealthProblem:0.2361111111111111
MarsProjectStarter:0.11333333333333333
