Graph:0.43166666666666664
UserDefineLibrary:0.3516666666666667
ToAnalysis:0.275
