ChannelProcessingFilter:0.5966666666666667
HttpSecurityBeanDefinitionParser:0.44777777777777783
SecurityNamespaceHandler:0.2966666666666667
ChannelProcessingFilterTests:0.21333333333333335
Elements:0.19061111111111112
