Actor:0.7033333333333334
Store:0.4976746031746032
RemoteChannelReceiver:0.37
StoreImpl:0.33
GlxGlobalChannelId:0.2633333333333333
RemoteActor:0.26
GlxRemoteChannel:0.26
GlxGlobalRegistry:0.16666666666666666
GlxRemoteActor:0.13333333333333333
GlxRemoteActorProxyFactory:0.08
MigrationService:0.07
Migrator:0.05
GlxMigrator:0.04
