DnsNameResolver:0.5433333333333333
DnsQueryContext:0.36
DnsNameResolverBuilder:0.3433333333333333
DnsResponseHandler:0.06666666666666667
