SamplerAggregator:0.36666666666666664
AggregationBuilders:0.22333333333333333
BestDocsDeferringCollector:0.18666666666666668
DiversifiedBytesHashSamplerAggregator:0.10333333333333333
DiversifiedOrdinalsSamplerAggregator:0.10333333333333333
DiversifiedNumericSamplerAggregator:0.10333333333333333
DiversifiedMapSamplerAggregator:0.06
SamplerTests:0.056666666666666664
