FlowExecutorArgumentExtractorTests:0.43666666666666665
FlowExecutorIntegrationTests:0.25333333333333335
RefreshableFlowHolderTests:0.16333333333333333
FlowRegistryPopulationTests:0.15
TransitionExecutingStateExceptionHandlerTests:0.15
