DwrfMetadataReader:0.6797222222222223
OrcReader:0.39555555555555555
