TransitionExecutingFlowExecutionExceptionHandler:0.6766666666666666
XmlFlowBuilder:0.46888888888888886
FlowExecutionImplTests:0.23
FlowTests:0.20666666666666667
XmlFlowBuilderTests:0.18611111111111112
TestFlowBuilder:0.11333333333333333
TransitionExecutingFlowExecutionExceptionHandlerTests:0.05
