CacheProxy:0.7533333333333333
ClientCacheProxy:0.5666666666666667
HazelcastClientCacheManager:0.21333333333333335
