Exists:0.7141666666666666
ValidateTransformationTest:0.25
Finder:0.21666666666666667
