KeyGenerator:0.77
BindingTest:0.36666666666666664
BaseStatementHandler:0.30666666666666664
SelectKeyGenerator:0.25
BoundAuthorMapper:0.23644444444444446
Jdbc3KeyGenerator:0.1942222222222222
CallableStatementHandler:0.18333333333333332
PreparedStatementHandler:0.18
NoKeyGenerator:0.08738888888888888
