JSONLexer:0.6121666666666666
SerializeWriter:0.6066666666666667
JSONLexerBase:0.36333333333333334
JSONScanner:0.31
ListSerializer:0.14
LongCodec:0.12666666666666668
IntegerCodec:0.12666666666666668
