ProjectionProvider:0.2633333333333333
Albers:0.25
Transverse:0.25
Perspective:0.25
Ortho:0.25
Flat:0.25
LambertAzimuthal:0.25
NetcdfTransformFactoryTest:0.21666666666666667
Mercator2SP:0.16
RotatedSouth:0.16
ObliqueStereographic:0.16
LambertConic1SP:0.16
RotatedNorth:0.16
UTM:0.15083333333333335
