StringUtils:0.52
JRobinRrdStrategy:0.37
ModelImporterTest:0.27666666666666667
HttpMonitorTest:0.2633333333333333
JRobinRrdStrategyTest:0.2
