RetryWithHttpsEntryPointTests:0.4526666666666667
RetryWithHttpEntryPointTests:0.3433333333333333
RetryWithHttpsEntryPoint:0.32666666666666666
RetryWithHttpEntryPoint:0.32666666666666666
AbstractRetryEntryPoint:0.17333333333333334
