DebugEventListener:0.7933333333333333
DefaultVariablesWatcher:0.37666666666666665
