AlarmDaoJdbc:0.43666666666666665
EventMappingQuery:0.28
FindByAlarmId:0.26666666666666666
AlarmMappingQuery:0.25666666666666665
AlarmSaveOrUpdate:0.18333333333333332
