Resolved:0.4503333333333333
Default:0.3933333333333333
ForMethodExit:0.3233333333333333
ForMethodEnter:0.26
StackMapFrameHandler:0.22337301587301586
CompoundList:0.21333333333333335
AdviceVisitor:0.20333333333333334
MethodSizeHandler:0.20003968253968255
ForOrigin:0.16642857142857143
Simple:0.15333333333333332
ForAdvice:0.15
ForThisReference:0.15
Copying:0.13666666666666666
ForArgument:0.13666666666666666
ForInstrumentedMethod:0.11
