ElementUtil:0.6433333333333333
GeneratedVariableElement:0.58
CaptureInfo:0.24666666666666667
