Bc_jmolPlugin:0.6888888888888889
EmptyResource:0.6086666666666667
