SearchUtils:0.35
ResourceUtil:0.30333333333333334
UserBrief:0.2833333333333333
User:0.26
AbstractResource:0.23
PrincipalBrief:0.21666666666666667
UserResource:0.19666666666666666
UserBriefBuilder:0.13333333333333333
PrincipalBriefBuilder:0.12
