RedissonAtomicLong:0.5966666666666667
AsyncOperation:0.38961111111111113
RedissonAtomicLongTest:0.2833333333333333
