ElasticsearchAssertions:0.35333333333333333
RangeTests:0.3
IPv4RangeTests:0.3
NestedTests:0.2966666666666667
LongTermsTests:0.29333333333333333
DoubleTermsTests:0.29333333333333333
DateRangeTests:0.29333333333333333
GeoDistanceTests:0.28
MissingTests:0.28
DateHistogramTests:0.26
FilterTests:0.25333333333333335
HistogramTests:0.25
StringTermsTests:0.24333333333333335
GlobalTests:0.14333333333333334
