InternalEngineTests:0.3566666666666667
DiscoveryNodeFiltersTests:0.28
AbstractSimpleTransportTestCase:0.24
ZenFaultDetectionTests:0.23333333333333334
SimpleStringMappingTests:0.18333333333333332
DynamicMappingTests:0.18333333333333332
ExistsMissingIT:0.15333333333333332
CopyOnWriteHashMapTests:0.15333333333333332
SameShardRoutingTests:0.13333333333333333
