Booking:0.7633333333333333
Hotel:0.33
BookingService:0.18833333333333332
SerializableListDataModel:0.11666666666666667
User:0.11
SearchCriteria:0.05333333333333334
ValidateBookingAction:0.03
MainActions:0.03
JpaBookingService:0.024444444444444442
