RooColumn:0.6633333333333333
MpAntTask:0.5077777777777777
RooUtils:0.43333333333333335
SqlUtils:0.16
