XContentGenerator:0.5566666666666666
ParsedStatement:0.5533333333333333
QueryVisitor:0.37
InsertVisitor:0.35777777777777775
