Builder:0.59
CoOccurrenceActor:0.34
Glove:0.24777777777777776
CoOccurrences:0.20333333333333334
