Receiver:0.5533333333333333
DataFrameHandler:0.46
RcvChannelState:0.3933333333333333
RcvFrameHandlerFactory:0.08666666666666667
