WebUtils:0.71
RegisteredServiceAuthenticationPolicy:0.43361111111111106
AuthenticationViaFormAction:0.2833333333333333
JsonServiceRegistryDaoTests:0.11666666666666667
DefaultRegisteredServiceAuthenticationPolicy:0.06666666666666667
AbstractCasWebflowEventResolver:0.06
DuoAuthenticationWebflowEventResolver:0.05
InitialAuthenticationAttemptWebflowEventResolver:0.035555555555555556
RegisteredServiceAuthenticationPolicyWebflowEventResolver:0.015
CasWebflowEventResolver:0.006666666666666667
LoginTicketRequestValidationWebflowEventResolver:0.0011111111111111111
ServiceTicketRequestWebflowEventResolver:0.0011111111111111111
DuoAuthenticationWebflowAction:0.0
