NodeEnvironment:0.38333333333333336
Security:0.23333333333333334
HttpServer:0.21
SecurityTests:0.18
Environment:0.18
