PluginInfo:0.4866666666666667
PluginManagerTests:0.41333333333333333
JarHell:0.3566666666666667
PluginInfoTests:0.35
