FastCharBuffer:0.45666666666666667
FastShortBuffer:0.21333333333333335
FastBooleanBuffer:0.21333333333333335
FastFloatBuffer:0.21333333333333335
FastByteBuffer:0.21333333333333335
FastDoubleBuffer:0.21333333333333335
FastIntBuffer:0.21333333333333335
FastLongBuffer:0.21333333333333335
