Unit:0.6766666666666666
ClientMessageCreator:0.23
Server:0.22333333333333333
ServerMessageCreator:0.21
GUI:0.20333333333333334
ImageLibrary:0.16666666666666666
InGameMessageHandler:0.09666666666666666
ServerGame:0.08833333333333333
GameData:0.043333333333333335
