Netty4MqttServerTransport:0.5366666666666666
SQLPlugin:0.41333333333333333
CrateMqttSslTransportIntegrationTest:0.2733333333333333
MqttIntegrationTest:0.20666666666666667
MqttModule:0.20666666666666667
