BlockScope:0.8166666666666667
CClass:0.7233333333333334
