ReferenceSystem:0.5638055555555556
CoordinateOperation:0.3433333333333333
Datum:0.2633333333333333
