OpenIDConsumer:0.6483333333333333
OpenIDAuthenticationToken:0.44
OpenIDConstants:0.2063968253968254
PasswordPolicyResponseControl:0.14
MockOpenIDConsumer:0.13333333333333333
OpenIDAuthenticationStatus:0.13
OracleIDBindAuthenticator:0.11749999999999995
OpenIDConsumerException:0.11333333333333333
OpenIDAuthenticationProviderTests:0.09333333333333334
OpenIDLoginInitiationServlet:0.06833333333333333
OpenIdAuthenticationProcessingFilter:0.06666666666666667
PasswordPolicyControl:0.05333333333333334
OpenIDResponseProcessingFilter:0.04361111111111111
OpenIDAuthenticationProvider:0.03361111111111111
PasswordPolicyResponseControlTests:0.02666666666666667
JanRainOpenIDConsumer:0.016666666666666666
AuthenticationCancelledException:0.015
OpenIDResponseProcessingFilterTests:0.013333333333333334
OpenId4JavaConsumer:0.0033333333333333335
OpenIdAuthenticationRequiredException:0.0033333333333333335
PasswordPolicyControlFactory:0.0025
MockAuthoritiesPopulator:0.0025
FilterDispatcher:0.0
AccountLockedException:0.0
AcegiDispatcherUtils:0.0
PasswordExpiredException:0.0
PasswordPolicyException:0.0
OracleIDPasswordPolicyControl:0.0
PasswordInHistoryException:0.0
