CalendarParsedResult:0.42333333333333334
ResultHandler:0.33666666666666667
VCardResultParser:0.24833333333333332
CalendarResultHandler:0.18333333333333332
CalendarParsedResultTestCase:0.15666666666666668
VEventResultParser:0.15333333333333332
