AccessPath:0.5766666666666667
NullAwayTest:0.5283333333333333
Handlers:0.25
