Value:0.5333333333333333
Content:0.3433333333333333
PluginManager:0.3233333333333333
PluginInfo:0.31333333333333335
Model:0.23111111111111116
ConsoleConfig:0.19111111111111112
ColumnManager:0.18
