DownloadedContent:0.4968888888888889
WebResponseData:0.41
WebResponseDataTest:0.26666666666666666
InMemory:0.23
OnFile:0.09
