CMap:0.76
ClusterLockTest:0.27666666666666667
MMultiGet:0.22333333333333333
