JSONSerializer:0.49666666666666665
JSON:0.4166666666666667
FilterUtils:0.3333333333333333
MapSerializer:0.2544444444444445
