MySQL56SpatialDialect:0.495
MySQL56ExpectationsFactory:0.36
DataSourceUtils:0.32666666666666666
TestSupportFactories:0.2633333333333333
