HostInfo:0.42
HostInfoReporter:0.30666666666666664
Builder:0.2633333333333333
AgentService:0.15333333333333332
