Book:0.5910000000000001
BookProcessor:0.44333333333333336
BookQueryService:0.16333333333333333
