AbstractApertureInOsgiTest:0.8166666666666667
ZipSubCrawlerTest:0.35277777777777775
