TypeRegistry:0.5833333333333334
TypeSignature:0.5266666666666666
TestTypeRegistry:0.31
