Cache:0.84
ClassMetadataProperty:0.2833333333333333
ClassAttributeMetadataProperty:0.27666666666666667
AttributeMetadataProperty:0.19
