LabelledDocument:0.7466666666666667
SentenceIteratorConverter:0.23333333333333334
DocumentIteratorConverter:0.23333333333333334
FileLabelAwareIterator:0.23333333333333334
SimpleLabelAwareIterator:0.23333333333333334
FilenamesLabelAwareIterator:0.23333333333333334
SentenceTransformer:0.18333333333333332
