OperationServiceImpl:0.5833333333333334
BackupFuture:0.5437222222222222
SpinLock:0.23
DataSerializerSpiHook:0.13666666666666666
