Edge:0.8
WeightedGraph:0.3466666666666667
AStar:0.2966666666666667
BellmanFord:0.2
PrimsMST:0.13
