MspCollectionEventListener:0.8334920634920635
MspCollection:0.64
MspCollectionEvent:0.19333333333333333
