ScriptEditor:0.7266666666666667
ScriptEditorFrame:0.31333333333333335
EditorEmailAction:0.25666666666666665
CaptureComponentAction:0.25666666666666665
SelectComponentAction:0.25666666666666665
EditorUserGuideAction:0.25666666666666665
CaptureImageAction:0.25666666666666665
EditorWebsiteAction:0.25666666666666665
EditorBugReportAction:0.25666666666666665
Costello:0.18
LookAndFeelPreserver:0.07666666666666666
LookAndFeelPreserverTest:0.07666666666666666
