MDDAnalyzeWalker:0.36666666666666664
ValidationRuleNode:0.35333333333333333
ComparisonValidationRule:0.25333333333333335
RangeValidationRule:0.09166666666666666
RegExpValidationRule:0.09166666666666666
