ControlSession:0.6533333333333333
ArchiveConductor:0.31
ControlSessionTest:0.19333333333333333
ListRecordingsForUriSession:0.16633333333333333
ListRecordingsSession:0.16633333333333333
