InvoiceTest:0.6816666666666666
JasperReportBaseAction:0.4866666666666667
GenerateCustomReportServlet:0.20444444444444446
