Log:0.8075
AbstractLog:0.4766666666666667
SystemLog:0.28
Log4JLogger:0.23333333333333334
