IdNameHashMap:0.9166666666666666
RaMasterApiSessionBean:0.4066666666666667
