PPTGraphics2D:0.4
BufferArrayCellPanel:0.31666666666666665
DefaultXMLExporter:0.31666666666666665
OutputEventQueue:0.31
ServerWidgetDefinition:0.3
OutputMessageProcessor:0.23666666666666666
SwingUtilities2:0.23666666666666666
EventProcessor:0.19666666666666666
DefaultServerXMLDFHandler:0.19333333333333333
BufferArrayPanel:0.17333333333333334
NewExtension3Renderer:0.16333333333333333
ARINCAnimationRotation:0.16166666666666665
CutGroupHelper:0.11
