Library:0.5266666666666666
RO:0.31
RD:0.299
RP:0.2955555555555555
LSystem:0.29333333333333333
Analysis:0.23
Shoot:0.20333333333333334
RN:0.19333333333333333
AdjustLU:0.19222222222222224
