Expression:0.43
Call:0.31833333333333336
AspectEdge:0.30333333333333334
Const:0.2966666666666667
Field:0.24
Assignment:0.22666666666666666
