Config:0.86
DataLoader:0.38666666666666666
AnnotationMenu:0.26666666666666666
TestApollo:0.2577777777777778
