HtmlPage2Test:0.76
DebuggingWebConnection:0.36333333333333334
XmlSerializer:0.3433333333333333
