ForeignKeyDDLUtils:0.6233333333333333
TableDDLUtils:0.37666666666666665
AdfUtils:0.27666666666666667
AbstractGenerator:0.24
ForeignKeyUtils:0.2
