TimingDemoFragment:0.23333333333333334
ConcurrencyWithSchedulersDemoFragment:0.2
DoubleBindingTextViewFragment:0.19666666666666666
DebounceSearchEmitterFragment:0.19333333333333333
MainFragment:0.18
PseudoCacheMergeFragment:0.17333333333333334
RotationPersist1Fragment:0.16666666666666666
PseudoCacheConcatFragment:0.16666666666666666
VolleyDemoFragment:0.12666666666666668
FormValidationCombineLatestFragment:0.12333333333333334
RetrofitFragment:0.09333333333333334
BufferDemoFragment:0.09333333333333334
ExponentialBackoffFragment:0.09333333333333334
RetrofitAsyncTaskDeathFragment:0.04666666666666667
