ClientCallImpl:0.6166666666666667
DelayedStream:0.37
ClientCallImplTest:0.31666666666666665
