AbstractEntityManagerImpl:0.6225
AvailableSettings:0.5910000000000001
AbstractQueryImpl:0.3216746031746032
