HibernateFailureJobFunctionalTests:0.46
HibernateCreditWriter:0.2633333333333333
AbstractValidatingBatchLauncherTests:0.24333333333333335
AbstractBatchLauncherTests:0.19
GracefulShutdownFunctionalTest:0.17666666666666667
