KeywordsGenerator:0.52
GenerateWORDAction:0.42
CheckDefinitionAction:0.25
TestProjection:0.17666666666666667
GenericRendererExtension:0.09333333333333334
