CVS:0.8305555555555555
CVSTest:0.25333333333333335
