AnnotationGraphImpl:0.6533333333333333
AnnotationImpl:0.43333333333333335
NodeImpl:0.30666666666666664
DocumentImpl:0.15333333333333332
