MnonotifyTests:0.06666666666666667
MextraTests:0.06666666666666667
MdictTests:0.06666666666666667
MinchiTests:0.06666666666666667
MsmartsTests:0.06666666666666667
Mbuilder3dTests:0.06666666666666667
MsmilesTests:0.06666666666666667
MpdbTests:0.06666666666666667
MqmTests:0.06666666666666667
MforcefieldTests:0.06666666666666667
MlibiomdTests:0.06666666666666667
MvalencycheckTests:0.06666666666666667
MlibiocmlTests:0.06666666666666667
MqsarproteinTests:0.06666666666666667
