UnitManager:0.64
TravelToSettlement:0.32666666666666666
TabPanelMission:0.2511111111111111
ExitAirlock:0.23
Walk:0.22
ArrivingSettlement:0.21666666666666667
