ClusterCncFile:0.7886111111111112
ClusterTool:0.4619444444444445
