TemporaryDatabase:0.4633333333333333
CategoryList:0.42
RTCPostSubscriberTimerTask:0.37666666666666665
InitializerServletContextListener:0.24333333333333335
