TestCF3:0.4766666666666667
BlockUtils:0.41527777777777775
RegionMaker:0.33666666666666667
