Reflection:0.3566666666666667
Constructor:0.3466666666666667
DefaultConstructor:0.2966666666666667
Method:0.22333333333333333
