TeamingServiceEndpoint:0.44333333333333336
AdminService:0.4378174603174603
TeamingServiceClientWithCall:0.33444444444444443
WSClientBase:0.2966666666666667
AdminServiceImpl:0.13333333333333333
