SetLiteral:0.5966666666666667
StatementAnalyzer:0.38333333333333336
DataTypeVisitor:0.23333333333333334
InOperator:0.23
TransportSQLAction:0.18
