AbstractResultQuery:0.38
AbstractSelect:0.29333333333333333
SQLResultQuery:0.2702777777777778
FetchCount:0.2702777777777778
