jq_StaticField:0.3933333333333333
jq_InstanceMethod:0.33666666666666667
jq_InstanceField:0.33666666666666667
jq_StaticMethod:0.27666666666666667
