Example:0.5466666666666666
Preview:0.541111111111111
