MakumbaTLDGenerator:0.5666666666666667
TaglibDocGenerator:0.5666666666666667
