Json:0.61
JsonEntity:0.3933333333333333
JsonEntityField:0.3
JsonEntityTest:0.05333333333333334
