JPPFClient:0.31333333333333335
JPPFClientConnection:0.31333333333333335
NioServer:0.2833333333333333
JPPFClassLoader:0.23833333333333334
PermissionsFactory:0.23166666666666666
SocketInitializer:0.09133333333333332
