ProvidersCodecRegistry:0.5733333333333334
CommandResultDocumentCodec:0.3255555555555556
BsonValueCodec:0.32
