TransactionCoordinator:0.6153333333333333
TransactionCoordinatorImpl:0.5
SessionImpl:0.4766666666666667
