MapFacadeBean:0.6066666666666667
DeliveryTest:0.17933333333333332
