KeyRingPreferencePage:0.5033333333333333
EditSuperUserDialog:0.4633333333333333
CreateSuperUserDialog:0.3342777777777778
