ShadowGenerator:0.45666666666666667
FloatRenderer:0.24666666666666667
IntegerRenderer:0.18333333333333332
