ProfileDao:0.65
ProfileModuleImpl:0.34
ProfileDaoImpl:0.26
FileModuleImpl:0.21
GwtNetFolderHelper:0.20944444444444446
SharingModuleImpl:0.19333333333333333
FullSyncStats:0.17
