CaretStatus:0.5633333333333334
View:0.46
StatusBar:0.4166666666666667
SearchDialog:0.27666666666666667
Registers:0.22333333333333333
EditPane:0.16
ScrollHandler:0.12
StatusBarOptionPane:0.12
GlobalOptions:0.10666666666666667
CaretHandler:0.10666666666666667
