MultiException:0.72
Result:0.30333333333333334
MultiExceptionTest:0.2436031746031746
