GwtViewHelper:0.41833333333333333
GwtMenuHelper:0.38666666666666666
ContentControl:0.26666666666666666
ViewInfo:0.2633333333333333
GwtProfileHelper:0.14333333333333334
