NameTable:0.5733333333333334
ElementUtil:0.5
GeneratedExecutableElement:0.42
Functionizer:0.2866666666666667
TypeFixer:0.17666666666666667
EnumRewriter:0.17666666666666667
AnnotationRewriter:0.14333333333333334
DestructorGenerator:0.14333333333333334
SuperMethodInvocationRewriter:0.13666666666666666
