ComputeFrequencyList:0.5166666666666667
Perspective:0.37
AddBase:0.18666666666666668
