SwingUtils:0.6033333333333334
PainterUtils:0.5133333333333333
GraphicUtils:0.34365079365079365
SymbolRenderer:0.29333333333333333
MaskContainerRenderer:0.29333333333333333
PanelRenderer:0.26111111111111107
PopUpPanelRenderer:0.23666666666666666
TabPanelRenderer:0.23666666666666666
DefaultConnectorRenderer:0.22666666666666666
TriangleRenderer:0.22666666666666666
CrownRenderer:0.22
RectangleRenderer:0.22
SymbolAnimatedRenderer:0.21666666666666667
PolarLineRenderer:0.21666666666666667
ArcCircleRenderer:0.21333333333333335
ArcEllipseRenderer:0.21333333333333335
GraphicFactory:0.2105952380952381
LineRenderer:0.21
PolylineRenderer:0.21
CursorOverRenderer:0.21
TabbedPanelGroupRenderer:0.21
PopUpMenuRenderer:0.2045
PushButtonRenderer:0.2045
EditBoxNumericRenderer:0.20166666666666666
ComboBoxRenderer:0.20166666666666666
PictureToggleButtonRenderer:0.20166666666666666
ComboBoxEditRenderer:0.20166666666666666
SymbolRendererUI:0.20166666666666666
MapVertRenderer:0.19666666666666666
EditBoxNumericBCDRenderer:0.19666666666666666
EditBoxTextRenderer:0.19666666666666666
RadioBoxRenderer:0.19666666666666666
MapHorzRenderer:0.19666666666666666
ServerConfigurationParser:0.19666666666666666
BlinkingContainerRenderer:0.19666666666666666
MenuBarRenderer:0.19666666666666666
WatchDogRenderer:0.19666666666666666
ActiveAreaRenderer:0.19333333333333333
PopUpPanelButtonRenderer:0.18333333333333332
PopUpMenuButtonRenderer:0.18333333333333332
SwingFactory:0.18166666666666667
NumericReadoutRenderer:0.17333333333333334
ScrollPanelRenderer:0.17333333333333334
ScrollListRenderer:0.17333333333333334
EditBoxMultilineRenderer:0.17333333333333334
PicturePushButtonRenderer:0.16833333333333333
CursorPosRenderer:0.16333333333333333
ToggleButtonRenderer:0.16183333333333333
CheckButtonRenderer:0.16166666666666665
LabelRenderer:0.16
ExtendedLayerRenderer:0.15666666666666668
SliderRenderer:0.155
MutuExclRenderer:0.14333333333333334
ScaledTranslationRenderer:0.13666666666666666
MapVertSourceRenderer:0.13666666666666666
MapLegacyRenderer:0.13666666666666666
TranslationContainerRenderer:0.13666666666666666
MapHorzSourceRenderer:0.13666666666666666
LabelComplexRenderer:0.13666666666666666
BasicContainerRenderer:0.13666666666666666
PictureRenderer:0.12333333333333334
PictureAnimatedRenderer:0.12333333333333334
SynthSymbolUI:0.12333333333333334
ShuffleToFitContainerRenderer:0.12333333333333334
SizeToFitContainerRenderer:0.12333333333333334
RotationContainerRenderer:0.12333333333333334
DefFont:0.08333333333333333
DefLineStyle:0.08333333333333333
DefColor:0.08333333333333333
