InvokeInstruction:0.36
SCANNER:0.3566666666666667
VirtualInvocation:0.25
MangoTargetLauncher:0.24333333333333335
BytecodeUtils:0.21
INVOKECG:0.21
INVOKESPECIAL:0.18666666666666668
INVOKESTATIC:0.18
INVOKECLINIT:0.14666666666666667
MethodInfoAdapter:0.13581349206349208
ALOAD:0.13
ScannerModeTrigger:0.095
INVOKEVIRTUAL:0.05333333333333334
ReturnInstructionAdapter:0.006666666666666667
