EjbcaWS:0.40166666666666667
CAAdminSessionBean:0.40166666666666667
CAsTest:0.21666666666666667
