MPLSLink:0.64
WebserviceBean:0.56
WebserviceBeanImpl:0.4266666666666667
SnmpCpwVcMplsTeMappingTableMibResourceDefinition:0.3534941077441077
KuwaibaService:0.27
ComponentConnectionCreator:0.26
SnmpCpwVcMplsInboundTableResourceDefinition:0.2485800865800865
BridgeDomainSyncProvider:0.24399999999999997
MplsSyncProvider:0.23666666666666666
SnmpCpwVcTableMibResourceDefinition:0.19364285714285714
BGPSynchronizer:0.19333333333333333
MplsSyncDefaultParser:0.09555555555555555
SnmpMplsSyncProvider:0.07277777777777777
MplsSyncASR9001Parser:0.02255555555555555
CpwVcMplsSynchronizer:0.007777777777777778
