CaTestCase:0.39666666666666667
CAAdminSessionBean:0.3466666666666667
CaSessionTest:0.31
CommonEjbcaWS:0.30333333333333334
CAsTest:0.28222222222222226
