TextureData:0.7433333333333333
ETC1TextureData:0.29333333333333333
PixmapTextureData:0.23333333333333334
FloatTextureData:0.23
FileTextureData:0.20333333333333334
GLTexture:0.19333333333333333
Hiero4:0.18222222222222223
