ResourceUtil:0.4066666666666667
Share:0.36666666666666664
LinkUriUtil:0.20444444444444446
NoShareItemByTheIdException:0.19
AbstractResource:0.13666666666666666
AbstractBinderResource:0.11
ShareResource:0.10333333333333333
FolderEntryResource:0.08666666666666667
