TaskResult:0.6483333333333333
TransportExecutorTest:0.4533333333333333
RowCountResult:0.28
TransportExecutorDDLTest:0.23666666666666666
QueryResult:0.19472222222222224
