HtmlElementTest:0.38333333333333336
DomTextTest:0.30333333333333334
HtmlFormTest:0.3
DomNodeTest:0.2833333333333333
HtmlFileInputTest:0.26666666666666666
DisabledElementTest:0.19666666666666666
HtmlLabel:0.19666666666666666
HtmlIsIndexTest:0.1
