DownloadGroupUtil:0.7133333333333334
DownloadGroupActivity:0.43100000000000005
