RrPolygonList:0.7533333333333333
Producer:0.36333333333333334
TestMain:0.18
STLSlice:0.06333333333333334
