AbstractStreamDataCommand:0.26666666666666666
Db2DbDialect:0.23
Db2zSeriesDbDialect:0.22666666666666666
InformixDbDialect:0.22666666666666666
MySqlDbDialect:0.19666666666666666
SqLiteDbDialect:0.19333333333333333
