SodbeansOutputTopComponent:0.555
SodbeansBuildAction:0.28188888888888886
SodbeansAction:0.23333333333333334
SodbeansDebugAction:0.18
SodbeansRunAction:0.17666666666666667
SodbeansCleanAction:0.15666666666666668
SodbeansCleanBuildAction:0.15
SodbeansStopDebuggerAction:0.1
