HarvestManager:0.5905555555555555
Server:0.49666666666666665
Geonetwork:0.3566666666666667
