Activator:0.6166666666666667
IExampleManager:0.3373769841269841
ExampleManager:0.33166666666666667
ExampleManagerFactory:0.06
