RemoteBusinessObjectLight:0.6775396825396826
RemoteBusinessObject:0.4866666666666667
BusinessEntityManagerImpl:0.3933333333333333
Util:0.35333333333333333
