MasterSlaveConnectionManager:0.45
MasterSlaveEntry:0.43666666666666665
RedissonTopicTest:0.33
ConnectionManager:0.30666666666666664
PublishSubscribe:0.21800000000000003
