ServiceBean:0.38666666666666666
ServiceData:0.36
Detail:0.34
ServiceCMP:0.2966666666666667
AggregateReferencePG:0.22166666666666668
