ExecutorServiceProxy:0.42
ExecutionCallbackAdapterFactory:0.38333333333333336
CancellableDelegatingFuture:0.3044444444444444
ShutdownOperation:0.2611111111111111
