Schedule:0.5566666666666666
TestPersistentDateTime:0.23666666666666666
TestPersistentYearMonthDay:0.13666666666666666
HibernateTestCase:0.12
PersistentTimeOfDayExact:0.07
PersistentTimeOfDay:0.07
TestPersistentTimeOfDayExact:0.0038888888888888883
TestPersistentTimeOfDay:0.0038888888888888883
