JavaScriptConfiguration:0.5433333333333333
ClassConfiguration:0.35333333333333333
JavaScriptConfigurationTest:0.2833333333333333
SimpleScriptable:0.24833333333333332
