ChemObjectDiff:0.48333333333333334
AbstractChemObjectDiff:0.4755555555555556
ElementDiff:0.29
MdiffTests:0.24333333333333335
ChemObjectDiffTest:0.06333333333333334
AtomDiffTest:0.06
