AntScript:0.4766666666666667
AntBuilder:0.44666666666666666
AntBuilderTest:0.28
