ElementDesc:0.7302777777777778
ParamStructDefinition:0.4033333333333333
WidgetsDescription:0.3433333333333333
WidgetsDescriptionHandler:0.33666666666666667
