WindowsWindowManager:0.6797222222222223
WindowPanel:0.41833333333333333
