MessageBuilder:0.59
MvcView:0.3566666666666667
DefaultMessageContextFactoryTests:0.25333333333333335
ResolvableArgument:0.17666666666666667
