CAToken:0.75
CaSessionBean:0.30666666666666664
CaSessionTestBase:0.21333333333333335
CATokenTestBase:0.17666666666666667
