FindSuppressedOutages:0.5030555555555555
OutageDaoJdbc:0.4533333333333333
OutageDao:0.44333333333333336
