ISharedProject:0.6525
SharedProject:0.29
User:0.26
ActivitySequencer:0.24333333333333335
PacketExtensions:0.24
XMPPChatTransmitter:0.22333333333333333
SessionLabelProvider:0.18
ActivitySequencerTest:0.16333333333333333
RequestTransmitterTest:0.15333333333333332
GiveDriverRoleAction:0.14666666666666667
Serializer:0.12
UserListExtensionTest:0.056666666666666664
