CDKResource:0.61
NewMoleculeFromSMILESWizard:0.4166666666666667
NewMoleculeFromSMILESWizardPage:0.31666666666666665
