SqlPredicate:0.47
Predicates:0.44333333333333336
LikePredicate:0.3933333333333333
PredicatesTest:0.26666666666666666
