Hit:0.6833333333333333
ResultsDialog:0.26
ListContentPvider:0.25333333333333335
ListLabelProvider:0.23666666666666666
ToolBarControl:0.2
