ColumnIdent:0.7533333333333333
Analysis:0.382
DocTableInfo:0.2733333333333333
