SchemaExport:0.55
SessionFactoryImpl:0.4855555555555555
ImportSqlCommandExtractorInitiator:0.3466666666666667
