ShadowPackageManager:0.5844444444444444
ShadowPackageManagerTest:0.47333333333333333
ShadowApplicationPackageManager:0.3177777777777778
