ProvideAndRegisterDocumentSet:0.4533333333333333
XDSbRegistry:0.38
SubmitObjectsRequest:0.35333333333333333
AdhocQueryRequest:0.29333333333333333
UpdateDocumentSetRequest:0.20666666666666667
RetrieveDocumentSet:0.20666666666666667
XDSbRepository:0.20333333333333334
DeleteDocumentSetRequest:0.2
