Blinking:0.57
EngineEventLogger:0.5
Logging:0.4866666666666667
CommonConfiguration:0.48333333333333334
JFXPainterUtils:0.44666666666666666
Channel:0.3466666666666667
DefaultEventLogger:0.31
AppliConfiguration:0.2966666666666667
AbstractMapSource:0.29
ServerDebugMessageProcessor:0.29
JFXMapRenderer:0.28
MutuExclRenderer:0.2733333333333333
StylableSizableArea:0.26
JFXTriangleEndDoubleRenderer:0.24666666666666667
MapVertRenderer:0.24666666666666667
ARINCMapGrid:0.24666666666666667
JFXTriangleEndRenderer:0.24666666666666667
MapHorzRenderer:0.24666666666666667
LoggerArea:0.23333333333333334
AbstractMapItemListUpdater:0.23
JFXLineArcRenderer:0.22333333333333333
BlinkingContext:0.22
FrameworkConfiguration:0.21699999999999997
AbstractMapRenderer:0.21333333333333335
ARINCSettings:0.20666666666666667
ClientGUIWrapper:0.20666666666666667
EditorPreferences:0.2063968253968254
NumberPanel:0.19666666666666666
JFXEventLogger:0.19666666666666666
BooleanPanel:0.19666666666666666
JFXMutuallyExclRenderer4Test:0.19
JFXMaskRendererTest:0.18666666666666668
AbstractClientEngine:0.18666666666666668
JFXSymbolCircleRenderer:0.18333333333333332
JFXSymbolRunwayRenderer:0.18333333333333332
MaskContainerRenderer:0.18166666666666667
JFXTriangleSegmentRenderer:0.18
JFXTriangleSegmentDoubleRenderer:0.18
ServerMessageProcessor:0.18
AbstractConfigurationParser:0.17666666666666667
JFXLineSegmentRenderer:0.17666666666666667
JFXSymbolRectangleRenderer:0.17333333333333334
JFXSymbolOvalRenderer:0.17333333333333334
JFXSymbolRotatedRenderer:0.17
JFXSymbolTargetRenderer:0.17
JFXSymbolGenericRenderer:0.17
JFXDrawLineToCursorRenderer:0.16666666666666666
MapLibraryManager2Test:0.165
ServerConfigurationParser:0.15833333333333333
JFXLegendRenderer:0.15333333333333332
BlinkingContainerRenderer:0.14833333333333334
ServerMapSourceWidget:0.1308730158730159
AbstractSwingProjectedMapItemRenderer:0.12833333333333333
AbstractJFXProjectedMapItemRenderer:0.10833333333333334
BlinkingTask:0.09333333333333334
JFXMutuallyExclRendererTest:0.06333333333333334
BlinkingRenderer:0.03666666666666667
DefaultBlinkingRenderer:0.016666666666666666
