MBeanNode:0.49333333333333335
DateEditor:0.44666666666666666
ObjectNameEditor:0.2966666666666667
CalendarComboBox:0.26361111111111113
AttributeNode:0.23666666666666666
AttributeProperty:0.18333333333333332
AttributeSetNode:0.1811111111111111
DateEditorInplace:0.15666666666666668
AttributePropertyFactory:0.07
ObjectNameSelector:0.06
