MultiLayerNetwork:0.7433333333333333
ComputationGraph:0.5233333333333333
MultiLayerConfiguration:0.254
MultiLayerTest:0.22
TestComputationGraphNetwork:0.18
TransferLearningComplex:0.12666666666666668
