Block:0.75
InvokeDynamicByteCodeExpression:0.30333333333333334
ByteCodeExpressions:0.2833333333333333
ByteCodeUtils:0.25166666666666665
ConstantByteCodeExpression:0.14182539682539683
