HazelcastInstance:0.6433333333333333
MemberState:0.415
MemberStateImpl:0.38
ProxyManager:0.2569444444444445
ClientNearCache:0.24666666666666667
ServiceManager:0.22944444444444448
ManagementService:0.22166666666666668
HazelcastClientProxy:0.2175
HazelcastInstanceImpl:0.2075
HazelcastClient:0.20333333333333334
TimedMemberStateFactory:0.19333333333333333
HazelcastInstanceProxy:0.15333333333333332
