DBCollection:0.51
DB:0.46
BasicOutputBuffer:0.30666666666666664
PoolOutputBuffer:0.2866666666666667
DBCursor:0.22
OutputBuffer:0.15333333333333332
DBCollectionAdapter:0.13666666666666666
DBAdapter:0.03
MongoServer:0.0011111111111111111
MongoServerImpl:0.0
