SocketIOEncoder:0.32
PacketHandler:0.15
OnConnectScanner:0.15
OnDisconnectScanner:0.15
OnEventScanner:0.12666666666666668
OnJsonObjectScanner:0.12666666666666668
OnMessageScanner:0.11
