Record:0.81
CallbackFactory:0.36333333333333334
QueryMapCallback:0.19733333333333333
