GeneratedMethodBinding:0.64
Rewriter:0.39666666666666667
MethodInvocation:0.39666666666666667
SuperMethodInvocation:0.37666666666666665
