AccessUtils:0.571111111111111
SharingModule:0.42380555555555555
SharingModuleImpl:0.36333333333333334
