RuntimePermissionsAnnotatedElement:0.44666666666666666
Utils:0.4266666666666667
PermissionsProcessorTest:0.35
JavaFileBuilder:0.27
Validator:0.24333333333333335
DuplicatedPermissions:0.0033333333333333335
NeedsPermissionsIsPrivate:0.0033333333333333335
ShowsRationalesIsPrivate:0.0033333333333333335
WrongClassName:0.0033333333333333335
PermissionUtils:0.0033333333333333335
DuplicatedRationales:0.0033333333333333335
ConstantsProvider:0.0
