ParserConfig:0.5933333333333334
NumberDeserializer:0.51
TestNull:0.22666666666666666
DoubleDeserializerTest:0.13
