EncodingServer:0.04649941
EncodingDetector:0.03364717
