AbstractRoutine:0.4533333333333333
JavaGenerator:0.44333333333333336
ParameterImpl:0.37
UDTImpl:0.35333333333333333
UDTFieldImpl:0.17
