ErrorMessages:0.7033333333333334
ProvisionException:0.5533333333333333
NullableInjectionPointTest:0.35333333333333333
ConstructorInjector:0.16
BoundProviderFactory:0.15666666666666668
InternalContext:0.15555555555555556
SingleFieldInjector:0.09333333333333334
SingleParameterInjector:0.09333333333333334
SingleMethodInjector:0.09333333333333334
