BuildServiceTest:0.7416666666666667
TestSuiteExtractor:0.4266666666666667
