AgentBuilder:0.5866666666666667
Matched:0.42
Default:0.39
AgentBuilderDefaultTest:0.2733333333333333
AgentBuilderDefaultApplicationTest:0.24333333333333335
