Robolectric:0.7133333333333334
ShadowView:0.43333333333333335
DrawableResourceLoader:0.30666666666666664
DrawableResourceLoaderTest:0.23666666666666666
