SWTFontManager:0.49
JChemPaintWidget:0.36666666666666664
MoleculesEditorLabelProvider:0.36
FontTest:0.18666666666666668
