AsynchronousProcessor:0.6183333333333333
DefaultWebSocketProcessor:0.4766666666666667
PathTest:0.15
ArrayBaseWebSocket:0.07333333333333333
WebSocketHandlerPath:0.0
