FingerprinterTest:0.5333333333333333
Fingerprinter:0.47822222222222216
