Buffer:0.8433333333333334
MarkersSaveRequest:0.3511111111111111
BufferIORequest:0.19777777777777777
BufferSaveRequest:0.15
