JPPFNodeState:0.7133333333333334
NodeExecutionManager:0.26
JPPFNodeAdmin:0.25666666666666665
JPPFNodeTreeTableModel:0.23
JMXNodeConnectionWrapper:0.20216666666666666
TreeTableMouseListener:0.17
NodeThreadPoolSizeAction:0.1575
JPPFNodeAdminMBean:0.09166666666666666
