AvailableAccessRules:0.5033333333333333
Approval:0.5033333333333333
BasicAccessRuleSetEncoder:0.35333333333333333
Query:0.2966666666666667
LogEntry:0.22337301587301586
ApprovalDataBean:0.22
ApprovalRequest:0.20333333333333334
BasicAccessRuleSet:0.19666666666666666
ApprovalDataVO:0.19666666666666666
TimeMatch:0.19333333333333333
LocalApprovalSessionBean:0.15666666666666668
BasicAccessRuleSetDecoder:0.14333333333333334
ApprovalDataUtil:0.058333333333333334
ApprovalException:0.029166666666666667
ApprovalRequestExpiredException:0.029166666666666667
ApprovalMatch:0.013333333333333334
ApprovalRequestExecutionException:0.0
