Base64PutHashMap:0.48476190476190484
Base64GetHashMap:0.42809523809523814
TestHashMap:0.23333333333333334
