AtmosphereRequest:0.7933333333333333
Tomcat7AsyncSupportWithWebSocket:0.2833333333333333
JettyWebSocketUtil:0.27
