Version:0.6633333333333333
OldIndexBackwardsCompatibilityIT:0.36
ZenDiscoveryIT:0.3566666666666667
RestoreBackwardsCompatIT:0.25333333333333335
