IntArgHistoryMethodAdapter:0.6066666666666667
ProxyAspectData:0.3933333333333333
ProxettaCtorBuilder:0.30666666666666664
ProxettaMethodBuilder:0.27
