BoundedLocalCache:0.7733333333333333
Sync:0.4166666666666667
IsValidBoundedLocalCache:0.19111111111111112
SerializationProxy:0.1511111111111111
