NettyAsyncHttpProvider:0.65
JDKAsyncHttpProvider:0.4866666666666667
AsyncHttpUrlConnection:0.1927777777777778
MaxTotalConnectionTest:0.18666666666666668
