WebKeys:0.8366666666666667
ListFolderController:0.44666666666666666
ViewEntryController:0.2733333333333333
WorkspaceTreeController:0.15333333333333332
ReloadOpenerController:0.13333333333333333
ViewPermalinkController:0.12666666666666668
ListProfilesController:0.10666666666666667
