EventHandler:0.5633333333333334
CloseCodeReasonMessageTest:0.32666666666666666
WebSocketProtocol:0.3188888888888889
