Stream:0.5316666666666666
Seq:0.48111111111111104
List:0.43666666666666665
Array:0.31666666666666665
Vector:0.28
IndexedSeq:0.23666666666666666
Stack:0.22365079365079368
CharSeq:0.21333333333333335
LinearSeq:0.21142857142857144
Queue:0.21
