Gedcom:0.5133333333333333
Model:0.37
TreeView:0.23666666666666666
EntityView:0.23333333333333334
NavigatorView:0.22666666666666666
SearchView:0.22666666666666666
Content:0.18333333333333332
TableView:0.18
EntityTableModel:0.17
PropertyTreeWidget:0.16333333333333333
TimelineView:0.14666666666666667
ActionStart:0.14333333333333334
TreeWidget:0.12666666666666668
Overview:0.10666666666666667
ReportValidate:0.10666666666666667
ActionRun:0.09666666666666666
