TaskHistoryWriter:0.6033333333333334
ZooKeeperAgentModel:0.34
TaskHistoryWriterTest:0.25333333333333335
