CSSCheckerActionTest:0.44666666666666666
CSSConverterTest:0.43333333333333335
LookDefinitionHandler4Test:0.30666666666666664
LookDefinitionHandlerCheckKO7Test:0.21333333333333335
