GwtTeamingMessages:0.506388888888889
MoveEntriesDlg:0.29333333333333333
DataTableFolderViewBase:0.29
GwtMenuHelper:0.2733333333333333
BinderViewsHelper:0.26666666666666666
UIData:0.23916666666666667
GwtClientHelper:0.22333333333333333
SearchOptionsComposite:0.22111111111111115
FinderRB:0.19777777777777777
