Connection:0.6966666666666667
HazelcastClientPerformanceTest:0.2866666666666667
