Condition:0.62
Rule:0.5366666666666666
AbstractCondition:0.4866666666666667
SPORule:0.4033333333333333
PositiveCondition:0.35
EdgeEmbargo:0.26
NotCondition:0.24333333333333335
AspectualRuleView:0.24333333333333335
DefaultGraphResult:0.23666666666666666
MergeEmbargo:0.22666666666666666
AbstractRuleApplier:0.22666666666666666
PlanData:0.18333333333333332
ConditionSearchPlanFactory:0.16
InjectionSearchItem:0.14666666666666667
ConditionSearchItem:0.14333333333333334
OldGrammarPlanData:0.13166666666666665
GrammarPlanData:0.13
ForallCondition:0.1125
ExistsCondition:0.09
AnchorSearchItem:0.07
ItemTypeComparator:0.02666666666666667
GraphRecord:0.0
