EditVersionFormAction:0.5633333333333334
EditComponentFormAction:0.5633333333333334
EditProjectFormAction:0.18666666666666668
