DynamicReference:0.4866666666666667
ColumnIdent:0.37333333333333335
Analysis:0.34
DocTableInfo:0.19555555555555554
InsertAnalysis:0.18333333333333332
TimestampFormat:0.15
