HiveClient:0.7166666666666667
HiveClientModule:0.37666666666666665
HiveConnectorFactory:0.28
