ClusterDataSerializerHook:0.30666666666666664
MigrationInfo:0.28
MemberInfo:0.26666666666666666
JoinRequest:0.25666666666666665
JoinRequestOperation:0.20333333333333334
RestValue:0.19333333333333333
JoinMessage:0.16333333333333333
MemcacheEntry:0.16
ManagementDataSerializerHook:0.11333333333333333
MapConfigDTO:0.10333333333333333
FactoryIdHelper:0.07666666666666666
