User:0.6433333333333333
Group:0.5166666666666667
