SarosRmiSWTWorkbenchBot:0.4166666666666667
isDisConnected:0.37333333333333335
SarosConditions:0.30333333333333334
IsConnect:0.21333333333333335
