ManageIndexException:0.7719444444444444
NoDashboardByTheIdException:0.3917222222222222
