LabelBasedAclVoterTests:0.4166666666666667
LabelBasedAclVoter:0.31
LabeledData:0.24046031746031743
SampleBlockOfData:0.19666666666666666
SampleServiceImpl:0.034166666666666665
SampleService:0.03
LabelParameterStrategy:0.03
InterfaceBasedLabelParameterStrategy:0.013333333333333334
