BufferStructureCell:0.45666666666666667
DefaultARINCUtils:0.37333333333333335
AbstractXMLDFHandler:0.26666666666666666
ARINCLayer:0.2025
