GammaDistribution:0.8133333333333334
GammaFunction:0.32384920634920633
GammaDistributionTest:0.06666666666666667
