ApplicationContext:0.56
MainScreen:0.33666666666666667
DatabaseHandler:0.31333333333333335
DcmRcv:0.21666666666666667
LayeredCanvas:0.20333333333333334
AnnotationDelegate:0.16333333333333333
ImportDcmDirDelegate:0.16322222222222224
