Rule:0.6766666666666666
CoreMangoActiveObject:0.3255555555555556
CoreRule:0.2966666666666667
CoreTier:0.21
CoreRuleBase:0.20666666666666667
AddCoreMangoObjectMsg:0.17666666666666667
