Matrix4f:0.7933333333333333
Matrix2f:0.44
Matrix3f:0.4066666666666667
