EventHandler:0.3
ApplyAttributesAction:0.2733333333333333
FigureHandler:0.16333333333333333
ConnectionHandler:0.15666666666666668
QuadTreeEventHandler:0.12666666666666668
