AnalyzedRelation:0.5578333333333333
AnalyzerDispatcher:0.3433333333333333
SymbolFormatter:0.28
SelectAnalyzedStatement:0.27
InsertFromValuesAnalyzer:0.25666666666666665
SymbolVisitor:0.21333333333333335
RelationVisitor:0.11
