ClientYamlSuiteRestApiParserFailingTests:0.7066666666666667
ClientYamlSuiteRestApiParserTests:0.2844444444444445
