ConcurrentDocumentManager:0.36
EditorManager:0.32666666666666666
FileList:0.25333333333333335
ActivitySequencer:0.24
ConcurrentManager:0.22166666666666668
DriverDocument:0.21666666666666667
EditorActivity:0.20333333333333334
RequestExtensionProvider:0.19666666666666666
FileUtil:0.17666666666666667
DriverDocumentManager:0.17333333333333334
IDriverManager:0.16166666666666665
JupiterDocumentClient:0.10277777777777777
IDriverDocumentManager:0.04
