SqlExpressions:0.49666666666666665
LuceneQueryBuilderTest:0.3433333333333333
