ConsolePlugin:0.4633333333333333
detach:0.2633333333333333
run:0.22
CommandoDialog:0.13
CommandoTextField:0.12
CommandoCheckBox:0.12
ActionHandler:0.11583333333333333
ConsoleBeanShell:0.06666666666666667
kill:0.06666666666666667
