MathFunctions:0.5822222222222223
FunctionRegistry:0.4655555555555556
TestMathFunctions:0.16666666666666666
Ceiling:0.10333333333333333
