Builder:0.44
InjectionPoint:0.4266666666666667
InjectorImpl:0.35333333333333333
FactoryProvider2Test:0.31
InjectorBuilder:0.2733333333333333
InjectorTest:0.21777777777777782
MembersInjectorImpl:0.155
InjectableReference:0.14
StaticInjection:0.14
ConstructorInjector:0.11666666666666667
AllTests:0.11
