Resupply:0.7033333333333334
TransportWizard:0.38
ResupplyMissionEditingPanel:0.25333333333333335
ResupplyConfig:0.24666666666666667
TimeWindow:0.24666666666666667
