HTMLButtonElement:0.6533333333333333
DocumentFragmentTest:0.25
HtmlBaseFontTest:0.11666666666666667
HtmlIsIndex2Test:0.11666666666666667
