TestContainerResolver:0.4827777777777778
TestMethodResolver:0.4777777777777778
DiscoverySelectorResolver:0.4533333333333333
