Segments:0.43666666666666665
EntityField:0.38
NutzServlet:0.32666666666666666
Mvcs:0.24
TableName:0.13
ServerRedirectView:0.12666666666666668
