Message:0.47888888888888886
BreadthCrawler:0.4705555555555555
FetcherThread:0.20666666666666667
