ReflectionUtils:0.69
IsTestableMethod:0.43166666666666664
LifecycleMethodUtils:0.3333333333333333
