Blueprint:0.6133333333333333
BlueprintManager:0.4066666666666667
BlueprintEditor:0.17666666666666667
Add:0.11666666666666667
Del:0.11666666666666667
