DirectorySpec:0.5366666666666666
DirectorySpecSnapshot:0.41333333333333333
SyncJob:0.32
DirectoryChangeTracker:0.31
DirectoryChangeTrackerTest:0.23
NodeDirectoryKey:0.17333333333333334
SyncStatus:0.10666666666666667
FileSystemSyncStatusPersisterTest:0.09333333333333334
SyncConfig:0.056666666666666664
FileSystemSyncStatusPersister:0.023333333333333334
FileSystemDirectorySpecSnapshotPersister:0.023333333333333334
LocalTransportConnector:0.023333333333333334
