MapProxySupport:0.48
MapServiceContextImpl:0.41
IncrementStatsExecutionCallback:0.26666666666666666
LocalMapStatsTest:0.16666666666666666
