FolderEntryComposite:0.6283333333333333
FolderEntrySharing:0.42333333333333334
FolderEntryCallback:0.33166666666666667
