ConfigurationProcessor:0.7466666666666667
ProcessingContext:0.6826388888888889
ConfigurationPostProcessor:0.43333333333333335
