TypePanel:0.5383333333333333
ApolloFrame:0.4855555555555555
PropertyPanel:0.45666666666666667
