Node:0.5766666666666667
DefaultNodeInitializer:0.2966666666666667
InstanceMBean:0.27666666666666667
LoggingServiceImpl:0.23666666666666666
ManagementCenterService:0.20333333333333334
NodeInitializer:0.19694444444444445
ClusterPropsRequest:0.19666666666666666
DefaultLogger:0.19333333333333333
