LogAppender:0.58
Channel:0.49666666666666665
ClientConductor:0.32666666666666666
LogAppenderTest:0.2733333333333333
SenderChannel:0.20333333333333334
