PublishClusterStateAction:0.44
SendingController:0.3433333333333333
PendingClusterStatesQueueTests:0.3
PublishClusterStateActionTests:0.2866666666666667
MockPublishAction:0.11666666666666667
