PropertyName:0.47
PropertyChoiceValue:0.31666666666666665
ProxyName:0.28
Proxy:0.1975
ProxyChoice:0.16333333333333333
JComboBox:0.15333333333333332
ReferenceSet:0.09333333333333334
