AssignmentPage:0.4766666666666667
AssignmentController:0.44666666666666666
SpecMolTableComposite:0.29333333333333333
SpecMolPeackChartComposite:0.19666666666666666
SpecMolListener:0.14772222222222223
SpecMolDrawingComposite:0.08
