LockStoreImpl:0.5733333333333334
LockServiceImpl:0.38666666666666666
LockStoreImplTest:0.3566666666666667
LockStoreContainer:0.23
