InternalEngine:0.56
ShardUtils:0.5066666666666667
FieldBased:0.23666666666666666
IndexFieldCache:0.23666666666666666
