MethodParameterInjectionTestCase:0.6980555555555557
JUnit5TestEngineTests:0.43666666666666665
MethodArgumentResolverEngine:0.4266666666666667
MethodTestExecutionNode:0.3566666666666667
