DefaultRecordStore:0.5933333333333334
AbstractRecordStore:0.32
MapDataStores:0.30666666666666664
