InformationSchemaData:0.4977777777777777
StatementAnalyzer:0.43111111111111106
QueryUtil:0.29
