Tab:0.68
MetaProperty:0.6766666666666666
TableModelDecorator:0.21666666666666667
AppointmentTest:0.08333333333333333
Appointment:0.03
