History:0.6858333333333333
HistoryTest:0.45666666666666667
History2Test:0.08666666666666667
