TlsConfiguration:0.6138888888888889
DropwizardSSLConnectionSocketFactory:0.4066666666666667
DropwizardSSLConnectionSocketFactoryTest:0.2633333333333333
