KerasLayerUtils:0.77
KerasWeightSettingTests:0.30666666666666664
KerasConvolutionUtils:0.2966666666666667
