StoreScp:0.46
FindScp:0.43833333333333335
QueryRetrieveScpService:0.3566666666666667
StoreScpService:0.23333333333333334
