MissionManager:0.5066666666666667
QNotification:0.3466666666666667
TabPanelDashboard:0.19666666666666666
Application:0.17666666666666667
BigButtonDemo:0.09
MemberSummaryMapper:0.03
MemberDetailsMapper:0.0011111111111111111
