QueryResult:0.5566666666666666
OperationHelper:0.39666666666666667
AggregateOperation:0.29333333333333333
MapReduceWithInlineResultsOperation:0.29
GroupOperation:0.29
