FilterBuilders:0.4
IndicesQueriesModule:0.2833333333333333
GeoPointFieldMapper:0.2833333333333333
GeoFilterTests:0.15
