DriverConductor:0.6375555555555555
ClientProxy:0.4866666666666667
DriverConductorTest:0.39
