GlobalConfiguration:0.7566666666666667
EjbcaWebBean:0.31666666666666665
SetupCommandFactory:0.16777777777777778
SetupSetBaseURLCommand:0.14444444444444446
setup:0.12444444444444443
