BaseTest:0.5466666666666666
MeteorTest:0.18333333333333332
TomcatJerseyTest:0.14333333333333334
Jetty7JerseyTest:0.13666666666666666
Jetty7CometSupportTest:0.13666666666666666
GrizzlyCometSupportTest:0.13666666666666666
TomcatCometSupportTest:0.13666666666666666
BlockingIOCometSupportTest:0.12
Jetty6CometSupportTest:0.11666666666666667
BuilderResponseTest:0.11333333333333333
Jetty6JerseyTest:0.11333333333333333
