SciXMLResource:0.7966666666666666
SciXMLResourceFactory:0.3233333333333333
