MethodHandle:0.44
Default:0.3433333333333333
Dispatcher:0.3233333333333333
ClassReloadingStrategy:0.31
MetaFactoryRedirection:0.2966666666666667
AgentBuilderDefaultApplicationTest:0.11083333333333334
