ScriptEditor:0.44666666666666666
Assert:0.35
CallEditor:0.32666666666666666
ComponentPropertyModel:0.3
DefaultComponentFinder:0.24
AllTests:0.17666666666666667
CallEditorTest:0.17444444444444446
EditorTestSuite:0.14666666666666667
