CollectNode:0.5
PlanNode:0.3711111111111111
FromImpl:0.3
ToImpl:0.27051984126984113
LocalDataCollectOperation:0.25133333333333335
Routing:0.24666666666666667
ShardCollectService:0.20666666666666667
Context:0.20333333333333334
LocalDataCollectTest:0.18666666666666668
MergeNode:0.17666666666666667
Planner:0.17666666666666667
AggregationCollector:0.14333333333333334
SplittingPlanNodeVisitor:0.13
DocLevelCollectTest:0.09666666666666666
PlanPrinter:0.09666666666666666
ToFinal:0.09333333333333334
PlanVisitor:0.07666666666666666
TestMetaDataModule:0.06333333333333334
FromPartial:0.03222222222222222
FromIter:0.017388888888888888
ToPartial:0.017388888888888888
PlannerTest:0.016666666666666666
