AnnotationSetImpl:0.555
NoDupAnnotationSetImpl:0.2633333333333333
DatabaseAnnotationSetImpl:0.22333333333333333
