RackViewTopComponent:0.6066666666666667
RackViewService:0.45
RackWidget:0.44666666666666666
ShowRackViewAction:0.15
