IChemObjectTest:0.46
IAtomTest:0.36333333333333334
IAtomTypeTest:0.35333333333333333
IIsotopeTest:0.30333333333333334
IElementTest:0.26
