ChainParsing:0.5339444444444444
ChainParsingTest:0.36333333333333334
TFunc:0.2
