ViewBuilder:0.6766666666666666
ObjectNodeWidget:0.23333333333333334
