Malfunction:0.38333333333333336
Farming:0.36
Part:0.30666666666666664
RepairEVAMalfunction:0.30666666666666664
RepairMalfunction:0.23333333333333334
