TestEngine:0.9133333333333333
DefaultPackageTestCase:0.44963888888888887
ServiceLoaderTestEngineRegistry:0.26666666666666666
