JSON:0.5766666666666667
SerializeWriter:0.48
JavaBeanSerializer:0.36666666666666664
JSONPath:0.24166666666666667
FastJsonHttpMessageConverterTest:0.08666666666666667
