ManagedChannelImpl:0.43666666666666665
AbstractManagedChannelImplBuilder:0.33
NettyChannelBuilder:0.25666666666666665
OkHttpChannelBuilder:0.25666666666666665
DnsNameResolverFactory:0.14333333333333334
FakeNameResolverFactory:0.13
ManagedChannelImplTest:0.10583333333333333
