BusinessCalendar:0.6966666666666667
Timer:0.24333333333333335
BusinessCalendarImpl:0.22666666666666666
BusinessCalendarImplTest:0.21333333333333335
DefaultBusinessCalendarTest:0.18666666666666668
ExpressionEvaluator:0.17333333333333334
AbstractBusinessCalendar:0.13666666666666666
RelativeToCurrentDateRangeFieldValidator:0.12666666666666668
