FlowFacesContext:0.4866666666666667
AjaxHandler:0.4666666666666667
SpringJavascriptAjaxHandler:0.32
JsfView:0.31
FlowHandlerAdapter:0.19666666666666666
FlowController:0.19666666666666666
JsfViewFactory:0.16
JsfViewTests:0.13666666666666666
JsfViewFactoryCreator:0.1
JsfViewFactoryTests:0.09
FlowLifecycle:0.08
RichFacesAjaxHandler:0.006666666666666667
JsfController:0.0
