StatementGenerator:0.3466666666666667
AutoboxerTest:0.34
AnonymousClassConverterTest:0.32666666666666666
FunctionizerTest:0.31
ImplementationImportCollector:0.31
ArrayCreationTest:0.27666666666666667
StatementGeneratorTest:0.25
InitializationNormalizerTest:0.24666666666666667
InnerClassExtractorTest:0.23333333333333334
ObjectiveCImplementationGeneratorTest:0.21333333333333335
GwtConverterTest:0.19666666666666666
