InsertCommandMessage:0.39666666666666667
UpdateMessage:0.34
DeleteMessage:0.30333333333333334
ReplaceMessage:0.28
WriteProtocol:0.215
UpdateOperation:0.20666666666666667
WriteCommandProtocol:0.18333333333333332
ReplaceProtocol:0.17666666666666667
RemoveOperation:0.17
UpdateProtocol:0.17
UpdateCommandProtocol:0.11666666666666667
AsyncUpdateOperation:0.11333333333333333
AsyncRemoveOperation:0.11333333333333333
RemoveUserOperation:0.11333333333333333
AsyncReplaceOperation:0.11333333333333333
ReplaceOperation:0.09666666666666666
InsertCommandProtocol:0.09333333333333334
ReplaceUserOperation:0.09333333333333334
InsertProtocol:0.09
ReplaceCommandProtocol:0.08666666666666667
