DefaultScriptLogger:0.4802777777777777
OutputBind:0.42333333333333334
WidgetEquationBind:0.42333333333333334
