SimpleDrawingView:0.4816666666666667
SimpleXmlIO:0.2846666666666667
GrapherView:0.25
TextAreaView:0.23333333333333334
URLConverter:0.17666666666666667
DefaultFigureFactory:0.06549999999999999
