IndexMetaData:0.6833333333333333
RecoverySource:0.33
IndexRoutingTable:0.26666666666666666
IndexScopedSettings:0.23111111111111116
FilterAllocationDecider:0.21666666666666667
DedicatedClusterSnapshotRestoreIT:0.19
