JEdgeView:0.5166666666666667
JVertexView:0.38666666666666666
