HtmlPage:0.6666666666666666
HtmlTable:0.38666666666666666
WebTestCase:0.36
HtmlImage:0.23666666666666666
JQueryTestBase:0.14333333333333334
TableRowGroup:0.14333333333333334
