AJAXTest:0.5209444444444442
SyncCarriersSelectionAction:0.13333333333333333
