SunshineRaytracer:0.5633333333333334
Sunshine:0.44333333333333336
SunshinePlugin:0.20333333333333334
GenRayKernel:0.17777777777777778
SunshineAction:0.006666666666666667
