BaseEditorPanel:0.7266666666666667
SelectableDNARenderer:0.49666666666666665
TranslationViewer:0.25222222222222224
