HTTPProtocol:0.37333333333333335
HTTPMessage:0.36333333333333334
SOAPProtocol:0.35333333333333333
HTTPParser:0.26
OutputPort:0.22
CommChannel:0.17666666666666667
SocketCommChannel:0.17666666666666667
CommProtocol:0.17333333333333334
JavaCommChannel:0.14
InternalCommChannel:0.14
ByteArrayCommChannel:0.13333333333333333
SocketListener:0.07666666666666666
