PropertyTableWidget:0.3933333333333333
ViewManager:0.3
Report:0.29
EditView:0.2833333333333333
Content:0.25416666666666665
BeanPanel:0.24
InteractionHandler:0.22666666666666666
UI:0.22
TableView:0.21333333333333335
InteractionListener:0.15555555555555556
PropertyBean:0.14833333333333334
Callback:0.12666666666666668
AdvancedEditor:0.12
ContextSelectionEvent:0.10333333333333333
ChildrenBean:0.08333333333333333
ParentsBean:0.08333333333333333
FamiliesBean:0.08333333333333333
ContextHook:0.08
