Endpoint:0.6466666666666666
DefaultEndpoint:0.35
EndpointIterator:0.31
EndpointIteratorTest:0.26
Endpoints:0.20666666666666667
EndpointsTest:0.14666666666666667
DefaultRequestDispatcher:0.13
