TextPipeline:0.48
Word2Vec:0.3566666666666667
Glove:0.2733333333333333
TextPipelineTest:0.22
NearestNeighborsResource:0.19
Builder:0.16
CoOccurrenceCalculator:0.13333333333333333
WordsListToVocabWordsFunction:0.13
GloveTest:0.08666666666666667
VocabWordPairs:0.05333333333333334
