DefaultBeanSelectionProvider:0.5033333333333333
DefaultAcceptedPatternsChecker:0.3466666666666667
DefaultExcludedPatternsChecker:0.3466666666666667
XWorkConstants:0.33644444444444443
StrutsConstants:0.01
