HazelcastTestSupport:0.6394444444444445
OnMemberLeftTask:0.4066666666666667
