HopMethodIterator:0.31666666666666665
HopClassDescriptor:0.31333333333333335
HopMethodDescriptor:0.23666666666666666
CompilerDescriptor:0.18833333333333332
HopFileDescriptor:0.12
CompilerClassDescriptor:0.013333333333333334
CompilerMethodDescriptor:0.0011111111111111111
