SimpleStreamedAsyncHandler:0.5166666666666667
SimpleSubscriber:0.37
HttpStaticFileServer:0.3233333333333333
ReactiveStreamsDownLoadTest:0.26
HttpStaticFileServerInitializer:0.2036111111111111
