ASTParserLoadingTest:0.8933333333333333
SqlASTFactory:0.3466666666666667
