XMPPTransmitter:0.5816666666666667
DataTransferManager:0.42133333333333334
RosterTracker:0.30666666666666664
SubscriptionListener:0.20666666666666667
