SerializeWriter:0.93
StringSerializerTest:0.30666666666666664
BenchmarkTest:0.24333333333333335
FastjsonCodec:0.18888888888888888
MapSerializer:0.14
