DefaultWebSocketFrame:0.48333333333333334
DefaultWebSocket:0.31333333333333335
ClientConnection:0.24333333333333335
JavaWebsocketTest:0.23333333333333334
WebSocketBase:0.22166666666666668
ServerConnection:0.22
WebsocketsTestClient:0.21333333333333335
VertxHttpHandler:0.16333333333333333
WebSocketImplBase:0.16333333333333333
DefaultServerWebSocket:0.14444444444444446
ServerHandler:0.12666666666666668
ClientHandler:0.09333333333333334
