ImplementationDetails:0.5812777777777778
TransformTestCase:0.31333333333333335
TransformCaseTest:0.28
TestCase:0.23333333333333334
AffineTransformTest:0.23333333333333334
ToleranceModifiers:0.22666666666666666
AuthorityFactoryTest:0.20666666666666667
Series2000Test:0.13
ConformanceTest:0.03
