FlowExecutionImpl:0.5919444444444445
FlashMap:0.3864444444444444
