CacheRecordStore:0.6797222222222223
CachePushStatsRequest:0.35555555555555557
