AbstractQueryTestCase:0.43
NestedQueryBuilder:0.4
QueryShardContext:0.35333333333333333
SimpleNestedIT:0.3433333333333333
PercolatorIT:0.3333333333333333
MultiPercolatorIT:0.19666666666666666
NestedQueryParser:0.13
