FSound:0.5666666666666667
FMOD:0.5133333333333333
FMusic:0.49666666666666665
FMusicCallback:0.4666666666666667
FSoundStreamCallback:0.3272804232804233
FSoundDSPCallback:0.3272804232804233
FSoundSeekCallback:0.3272804232804233
FSoundOpenCallback:0.3272804232804233
FSoundCloseCallback:0.3272804232804233
FSoundTellCallback:0.3272804232804233
FSoundReadCallback:0.3272804232804233
FSoundMetaDataCallback:0.27051984126984113
FSoundSample:0.20322594997594998
FSoundSampleLock:0.13666666666666666
FSoundTagField:0.13666666666666666
StreamPlayer:0.105
FMusicModule:0.07111904761904762
FSoundStream:0.07111904761904762
FMODException:0.07
CDPlayer:0.0656111111111111
SyncTest:0.06333333333333334
MusicPlayer:0.06166666666666667
CDDAPlayer:0.019999999999999997
FSoundDSPUnit:0.0025
FSoundSyncPoint:0.0025
FSoundTocTag:0.0
FSoundReverbProperties:0.0
FSoundReverbChannelProperties:0.0
