LightweightBreakpointMessage:0.43666666666666665
BreakpointResponseActivityDataObject:0.31666666666666665
BreakpointRequestActivity:0.31
BreakpointRequestActivityDataObject:0.24333333333333335
BreakpointActivityProvider:0.23
BreakpointResponseActivity:0.21
AbstractActivityReceiver:0.20333333333333334
BP_HashMap:0.19666666666666666
AbstractActivityConsumer:0.19
BreakpointConsumer:0.16333333333333333
BreakpointAcknowledgmentDO:0.15
IActivityReceiver:0.14503968253968255
IActivityConsumer:0.14503968253968255
ActivitiesExtensionProvider:0.09666666666666666
