ParserATNSimulator:0.5366666666666666
TestSemPredEvalParser:0.16333333333333333
TestU:0.15666666666666668
