Vector3:0.4766666666666667
SpriteBatch:0.46
PerspectiveCamera:0.275
Group:0.24
OrthographicCamera:0.23833333333333334
Matrix3:0.23333333333333334
Ray:0.19
ShaderProgram:0.16
Renderer:0.15666666666666668
BoundingBox:0.15333333333333332
GameOver:0.065
MainMenu:0.065
MeshShaderTest:0.06333333333333334
