DirectCandidateGeneratorBuilder:0.7233333333333334
TermSuggestionBuilder:0.51
StringDistanceImplTests:0.29333333333333333
DirectCandidateGeneratorTests:0.28
