STFBot:0.8266666666666667
Workbench:0.6333333333333333
SarosC:0.5966666666666667
STFBotShell:0.5733333333333334
STFBotTree:0.5625
EclipseComponent:0.5616666666666666
STFBotTreeItem:0.5525
STFBotStyledText:0.4288571428571428
ProgressView:0.41305555555555556
STFBotLabel:0.41305555555555556
STFBotView:0.3976190476190476
RosterView:0.37976190476190474
SessionView:0.37976190476190474
STFBotEditor:0.37976190476190474
STFBotMenu:0.37761904761904763
STFWorkbenchBot:0.37761904761904763
OpenC:0.3680555555555556
RSView:0.3680555555555556
PEView:0.3680555555555556
WindowM:0.35642857142857143
TeamC:0.35642857142857143
ChatView:0.35642857142857143
SarosPreferences:0.35642857142857143
STFBotTable:0.35642857142857143
RefactorM:0.34365079365079365
EditM:0.34365079365079365
FileM:0.34365079365079365
STFBotButton:0.34365079365079365
STFBotToolbarButton:0.34365079365079365
SarosM:0.3272804232804233
STFBotImp:0.27
SarosCImp:0.2633333333333333
SessionViewImp:0.22666666666666666
RosterViewImp:0.22333333333333333
EclipseComponentImp:0.2038888888888889
STFBotToolbarButtonImp:0.19777777777777777
STFBotEditorImp:0.19666666666666666
WindowMImp:0.19333333333333333
TeamCImp:0.19
STFBotTreeItemImp:0.18666666666666668
STFBotTableImp:0.18333333333333332
ChatViewImp:0.18333333333333332
STFBotShellImp:0.16333333333333333
SarosComponent:0.16333333333333333
EditMImp:0.16
FileMImp:0.15333333333333332
SarosPreferencesImp:0.12666666666666668
Perspective:0.1
ProgressViewImp:0.08666666666666667
RSViewImp:0.08666666666666667
PEViewImp:0.08666666666666667
STFBotMenuImp:0.08083333333333333
STFBotLabelImp:0.07027777777777777
STFBotButtonImp:0.06694444444444445
WorkbenchImp:0.05694444444444444
RefactorMImp:0.05694444444444444
SarosComponentImp:0.05583333333333333
STFBotViewImp:0.043333333333333335
OpenCImp:0.043333333333333335
STFWorkbenchBotImp:0.04083333333333333
STFBotTreeImp:0.04
STFBotList:0.03666666666666667
ConsoleView:0.03666666666666667
STFBotText:0.03666666666666667
ConsoleViewImp:0.025
SarosMImp:0.015277777777777777
STFBotStyledTextImp:0.014166666666666666
STFBotTextImp:0.014166666666666666
STFBotListImp:0.014166666666666666
SarosBotImp:0.0
SarosBot:0.0
