EditorLayer:0.48
AbstractEditorOverlay:0.4
JFXEditorOverlay:0.37666666666666665
SwingSymbolsEditor:0.2708333333333333
AbstractEditorPanel:0.25
SwingEditorPanel:0.24333333333333335
SwingEditorLayerManager:0.23666666666666666
AbstractEditorLayerManager:0.23666666666666666
JFXEditorPanel:0.23333333333333334
FrameworkConfiguration:0.22
JFXEditorLayerManager:0.21
FrameworkManager:0.185
ClickListener:0.16666666666666666
JFXLayerRenderer:0.14666666666666667
JFXEditorOpenDFTest:0.12333333333333334
