InstrumentingClassLoaderTest:0.5433333333333333
AsmInstrumentingClassLoader:0.3466666666666667
Setup:0.31
ClassInstrumentor:0.23388888888888887
AClassThatRefersToAForgettableClass:0.13166666666666665
ClassRemappingSetup:0.043333333333333335
