ManageRegisteredServicesMultiActionController:0.5633333333333334
WebAppContextConfigurationTests:0.45666666666666667
ManageRegisteredServicesMultiActionControllerTests:0.4066666666666667
