FlushAndTransactionTest:0.5233333333333333
HHH3949TestTask4:0.12
HHH3949TestTask3:0.12
HHH3949TestTask2:0.08333333333333333
HHH3949TestTask1:0.08333333333333333
