RubyLintVisitor:0.61
NodeUtil:0.41333333333333333
RubyCodeAnalyzer:0.36
RubyScriptProblemFinder:0.14333333333333334
IMarkerManager:0.09916666666666667
MarkerManager:0.08
