ConvertToSynth2Dialog:0.5566666666666666
ConvertFromSynth2Dialog:0.40116666666666667
