SDefEach:0.7066666666666667
SEach:0.2633333333333333
