AsMapTest:0.66
Sync:0.42542857142857143
UnboundedLocalCache:0.3433333333333333
BoundedLocalCache:0.34
HasStats:0.17133333333333334
CacheValidationListener:0.16666666666666666
