CardinalityAggregatorBuilder:0.44666666666666666
GlobalAggregatorBuilder:0.21666666666666667
LeafOnly:0.17333333333333334
MissingParser:0.11333333333333333
ValueCountParser:0.11333333333333333
CardinalityParser:0.11333333333333333
ValueCountAggregatorBuilder:0.056666666666666664
MissingAggregatorBuilder:0.056666666666666664
