TxmI18N:0.41333333333333333
ActionFactory:0.38333333333333336
ConcordanceResult:0.32
TxmUser:0.31666666666666665
EditionPanel:0.28
TreeContextMenu:0.24666666666666667
TxmLoginModule:0.22333333333333333
TXM_RIA:0.22
TxmMenuBar:0.20333333333333334
Profile:0.2
VocabularyServiceImpl:0.13333333333333333
ContextTab:0.09555555555555555
ConcordanceTab:0.09555555555555555
ConcordanceServiceImpl:0.04
