Rule:0.5947777777777777
Validator:0.49
AnnotationRule:0.19333333333333333
QuickRule:0.18666666666666668
