DefaultAuthenticationBuilder:0.49166666666666664
CollectionUtils:0.45666666666666667
DefaultTicketGrantingTicketFactory:0.24666666666666667
Saml10SuccessResponseView:0.17333333333333334
JwtTicketRegistry:0.14666666666666667
JwtTicketGrantingTicketFactory:0.0
