Installer:0.35
HazelSession:0.3466666666666667
ConnectionManager:0.26
BuffersOutputStream:0.24666666666666667
ResponseQueueCall:0.24666666666666667
Config:0.23577777777777773
WriteHandler:0.2227777777777778
IteratorEnumeration:0.22
WebFilter:0.21966666666666665
Offer:0.21944444444444447
Poll:0.21944444444444447
QueueBasedCall:0.21333333333333335
RequestWrapper:0.21333333333333335
SnapshotEvent:0.19333333333333333
Acceptor:0.18333333333333332
Controller:0.15944444444444442
AddressPicker:0.14666666666666667
SelectorBase:0.14666666666666667
LongSerializer:0.13666666666666666
IntegerSerializer:0.13666666666666666
