Const:0.5986666666666667
DocFetcher:0.49
FSEventHandler:0.30666666666666664
ExceptionHandler:0.27666666666666667
ErrorDialog:0.1577777777777778
MSPowerPointParser:0.12
CustomError:0.05333333333333334
