ObjectNode:0.6333333333333333
CreateBusinessObjectAction:0.4266666666666667
createObjectForm:0.35333333333333333
