ScheduledTaskStatisticsImpl:0.51
ScheduledTaskDescriptor:0.4
ScheduledExecutorContainer:0.2833333333333333
ScheduledExecutorServiceSlowTest:0.16333333333333333
AllTasksRunningWithinNumOfNodes:0.056666666666666664
