CheckBoxListModel:0.6333333333333333
JTypeNameList:0.5266666666666666
DeleteAction:0.3063888888888889
