DocIndexMetaData:0.4533333333333333
CreateTableAnalyzedStatement:0.31355555555555553
CreateAlterTableStatementAnalyzerTest:0.29333333333333333
InformationSchemaTest:0.25333333333333335
PartitionedTableIntegrationTest:0.25
DocTableInfoTest:0.16666666666666666
TestingTableInfo:0.15
TestingBlobTableInfo:0.13666666666666666
TestDocTableInfo:0.1
