Builder:0.4866666666666667
LegacyBaseTextVectorizer:0.39666666666666667
BagOfWordsVectorizer:0.31333333333333335
TextVectorizer:0.28
BaseTextVectorizer:0.08666666666666667
