SettlementMapPanel:0.4583333333333333
SettlementTransparentPanel:0.4166666666666667
KeyboardDetection:0.23333333333333334
QuotationPopup:0.23333333333333334
MaintainGroundVehicleGarageMeta:0.21
UnloadVehicleGarageMeta:0.21
MouseDetection:0.17666666666666667
