AstBuilder:0.445
LocalQueryRunner:0.35
AstVisitor:0.2833333333333333
Formatter:0.20333333333333334
