Representation:0.6033333333333334
ServerBinaryDFHandler:0.37666666666666665
ServerXMLSymbolsHandler:0.3566666666666667
