TdsCore:0.44333333333333336
JtdsPreparedStatement:0.30666666666666664
JtdsCallableStatement:0.3
TimestampTest:0.29333333333333333
CallableStatementTest:0.29333333333333333
SAfeTest:0.29333333333333333
Support:0.2633333333333333
JtdsStatement:0.23333333333333334
ConnectionJDBC2:0.23
SharedSocket:0.21833333333333332
MSCursorResultSet:0.21333333333333335
CallableStatementJDBC3Test:0.19833333333333333
Tds8Test:0.18166666666666667
