DefaultShader:0.6133333333333333
Lights:0.3555555555555555
DefaultShaderProvider:0.18444444444444444
FogTest:0.1
