Answer:0.5666666666666667
Questionnaire:0.5666666666666667
SubmissionTest:0.25
QuotaTest:0.21333333333333335
Group:0.2075
QuestionForm:0.19
QuestionTest:0.12666666666666668
AnswerTest:0.12666666666666668
QuestionnaireTest:0.12666666666666668
SurveyTest:0.12666666666666668
KeyWordAction:0.11666666666666667
GroupTest:0.11333333333333333
