SearchUtils:0.4766666666666667
GwtViewHelper:0.44555555555555554
SelfResource:0.4033333333333333
