JSONScanner:0.5833333333333334
DefaultJSONParser:0.35333333333333333
Root:0.31333333333333335
Child:0.27666666666666667
ASMDeserializerFactory:0.25666666666666665
Bug_for_wangran2:0.0033333333333333335
