CheckedProviderTest:0.5433333333333333
SecondaryBinder:0.3433333333333333
CheckedProvideUtils:0.27666666666666667
ThrowingArrayList:0.2
NormalInjectableFoo:0.15083333333333335
