TimeTunnelCommand:0.3566666666666667
DefaultCommandHandler:0.30666666666666664
AgentLauncher:0.18
SessionCommand:0.17
SearchMethodCommand:0.14
DefaultSessionManager:0.12
OptionsCommand:0.12
