JPF_java_lang_reflect_Field:0.4533333333333333
JPF_java_lang_reflect_Method:0.44333333333333336
Pattern:0.24
Matcher:0.23666666666666666
JPF_java_util_regex_Matcher:0.07333333333333333
