AnnotationView:0.8833333333333333
FineAnnotationView:0.3463888888888889
