ICalUtils:0.7533333333333333
CalendarDataSource:0.32666666666666666
ViewICalController:0.31
GetController:0.31
ElementBuilderEvent:0.2
