FinderPatternFinder:0.36666666666666664
AbstractUPCEANReader:0.22333333333333333
AlignmentPatternFinder:0.13333333333333333
UPCEReader:0.1
EAN13Reader:0.09666666666666666
EAN8Reader:0.09
