Email:0.8516666666666667
SendingTask:0.14666666666666667
