PackageBasedActionConfigBuilder:0.6558333333333334
ActionConfigBuilder:0.30333333333333334
ClasspathConfigurationProvider:0.3
