VehicleDisplayInfoBean:0.6466666666666666
UnitMapLayer:0.4666666666666667
UnitLabelMapLayer:0.22222222222222218
