MockMvcRequestSpecificationImpl:0.56
RestAssuredMockMvc:0.44
MockMvcRequestSenderImpl:0.3233333333333333
MockMvcRequestSpecBuilder:0.2633333333333333
ValidatableMockMvcResponseImpl:0.2504444444444444
