AnalysableExpression:0.8066666666666666
ValueFunction:0.36333333333333334
CountFunctions:0.3175
ParseStatus:0.30666666666666664
