RxDialogScaleView:0.6833333333333333
ActivityRxPhoto:0.38666666666666666
RxDialogLoading:0.37666666666666665
ActivityDialog:0.22666666666666666
