Structure:0.6733333333333333
StructureTest:0.55
UnionTest:0.18333333333333335
StructureWithPointers:0.03333333333333333
PublicTestStructure:0.03333333333333333
