ConcurrentMapManager:0.5316666666666666
ClusterManager:0.27
AllOp:0.20333333333333334
SelectorBase:0.18
TargetAwareOp:0.17333333333333334
