IcalCrawler:0.4266666666666667
WordExtractor:0.37666666666666665
PdfExtractor:0.3191111111111111
PdfExtractorTest:0.30666666666666664
TestBasicSubCrawlerHandler:0.27666666666666667
