LibraryDef:0.43
Helper:0.36666666666666664
ProjectSetup:0.3233333333333333
ResultTree:0.3
BaseProjectConfiguration:0.011111111111111112
