DSLContext:0.6205555555555556
DSL:0.6166666666666667
DefaultDSLContext:0.2733333333333333
CreateViewImpl:0.16666666666666666
