DummyAuthentication:0.5233333333333333
RequestContextAndSessionSetupFilter:0.4633333333333333
DummyAuthenticationProvider:0.3566666666666667
OptionsProcessingFilter:0.17166666666666666
