JPPFJob:0.5466666666666666
JobSubmission:0.43333333333333335
JPPFClient:0.4033333333333333
SubmissionStatusListener:0.27051984126984113
SubmissionManager:0.24666666666666667
OptimizedJobTask:0.24666666666666667
JPPFResultCollector:0.23666666666666666
LoadBalancer:0.22333333333333333
OptimizedJobRunner:0.10666666666666667
SubmissionManagerImpl:0.06333333333333334
RemoteExecutionThread:0.06
AbstractJobSubmission:0.043333333333333335
JobSubmissionImpl:0.04
ExecutionThread:0.03
LocalExecutionThread:0.02
SubmissionStatusEvent:0.0
