Structure:0.38333333333333336
Property:0.22333333333333333
RealNumberProperty:0.20333333333333334
ChoiceAnnotation:0.18333333333333332
RealNumberAnnotation:0.18333333333333332
TextAnnotation:0.18333333333333332
TextProperty:0.15333333333333332
ChoiceProperty:0.12333333333333334
