DeviceLayout01:0.33888888888888885
GenericPatch:0.2633333333333333
