JumpToUserWithWriteAccessPositionAction:0.3875
GiveWriteAccessAction:0.25666666666666665
VideoSharingAction:0.25666666666666665
RestrictToReadOnlyAccessAction:0.25666666666666665
