Inventory:0.6166666666666667
Settlement:0.51
LivingAccommodations:0.4511111111111111
Crop:0.27666666666666667
InflatableGreenhouse:0.18
ERVBase:0.15
LanderHab:0.13
