JSONObject:0.78
DefaultObjectDeserializerTest2:0.25333333333333335
MapDeserializer:0.22333333333333333
AnticollisionHashMapTest:0.17444444444444446
