AbstractEntryProcessor:0.3433333333333333
AbstractFolderModule:0.2733333333333333
WebKeys:0.2603888888888889
FolderUtils:0.19
AddAttachmentController:0.19
PostFiles:0.18
