ClassLoaderUtil:0.5966666666666667
Proxetta:0.5066666666666667
MethrefProxetta:0.15666666666666668
JoddDefault:0.04666666666666667
