GspsEncode:0.6411111111111112
KeyObjectSeries:0.30222222222222217
SearchFilterUtils:0.30222222222222217
