DynamicTestTestDescriptor:0.5566666666666666
DynamicTest:0.5155555555555555
