HomeFolderDetector:0.53
DefaultExtractorServiceActivator:0.2966666666666667
DefaultLinkExtractorServiceActivator:0.013333333333333334
DataOpenerServiceActivator:0.013333333333333334
DefaultDataSourceDetectorServiceActivator:0.013333333333333334
DataSourceDetectorServiceActivator:0.013333333333333334
DefaultDataOpenerServiceActivator:0.013333333333333334
LinkExtractorServiceActivator:0.013333333333333334
FileSystemDetectorActivator:0.006666666666666667
HtmlLinkExtractorActivator:0.0
HttpOpenerActivator:0.0
FileOpenerActivator:0.0
EmailOpenerActivator:0.0
