BaseMultiLayerNetwork:0.49666666666666665
DeepAutoEncoderDataSetReconstructionRender:0.35
DBN:0.34
DeepAutoEncoder:0.28
ConvolutionalDBN:0.24666666666666667
DrawReconstruction:0.20944444444444443
MnistDataFetcher:0.19
StackedDenoisingAutoEncoder:0.17333333333333334
DeepAutoEncoderExample:0.14
RBMUtil:0.14
DeepAutoEncoderFromFile:0.08333333333333333
NeuralNetPlotter:0.07682539682539682
BaseActivationFunction:0.043333333333333335
