PIPathElement:0.35
Visit:0.3466666666666667
DataAggregationJoblet:0.23666666666666666
PIPathAggregationTreeUtil:0.21333333333333335
AbstractAggregation:0.18666666666666668
PIPathAggregation:0.17666666666666667
StatisticsServer:0.1361111111111111
PIUserAgent:0.10333333333333333
DataAggregationJobletConfiguration:0.07666666666666666
UserAgent:0.06333333333333334
PIPathTreeDataAggregator:0.0033333333333333335
PIClientInfoDataAggregator:0.0
PIClientInfoAggregation:0.0
