CustomersTest:0.61
Invoices2004Test:0.23666666666666666
BaseContextFilter:0.19666666666666666
MySearchAction:0.15333333333333332
