A:0.7266666666666667
B:0.7266666666666667
C:0.7266666666666667
D:0.7266666666666667
InjectorImpl:0.5066666666666667
E:0.38
BinderTest:0.2833333333333333
ImplicitBindingTest:0.16333333333333333
