WidgetMessage:0.4266666666666667
ClientPictures:0.37
ClientClippings:0.35
ClientBlinkings:0.33
WidgetEvent:0.30666666666666664
ARINClientWidgetFactory:0.2966666666666667
GrowableTable:0.29
StringPanel:0.27972222222222226
BooleanPanel:0.27972222222222226
LongLongPanel:0.27972222222222226
BooleanStringPanel:0.27972222222222226
PicturePanel:0.27666666666666667
ClientMessageProcessor:0.27666666666666667
ClientWidgetsRefHandler:0.2725
ClientBinaryDFHandler:0.2633333333333333
ClientSymbols:0.2630555555555556
ConnectorXMLDFHandler:0.2569444444444445
AbstractARINCTextEditor:0.25666666666666665
LayerListeners:0.25083333333333335
MultiAppliGenerator:0.24666666666666667
ClientCockpitConfigurationHandler:0.24666666666666667
ClientWrapper:0.2394444444444445
ClientXMLDFHandler:0.22333333333333333
ShortPanel:0.21333333333333335
GUIClientEngineGUI:0.21333333333333335
WidgetTableConstructor:0.21333333333333335
AbstractClientEngine:0.21333333333333335
ClientMultiApplis:0.2
MessagePanelFactory:0.2
XMLMapsDefinitionParser:0.19666666666666666
StatefullAPIImpl:0.19333333333333333
BasicClientEngine:0.17333333333333334
CockpitConfigurationHandler:0.15333333333333332
LayerPanel:0.145
ElementPanel:0.14333333333333334
ClientWidgetPanel:0.14333333333333334
