KeywordBean:0.67
DataManager:0.48
EditLib:0.46
KeywordsSearcher:0.2838888888888889
GetList:0.006666666666666667
GetKeywordById:0.005555555555555555
