GwtMainPage:0.42888888888888893
BrowseHierarchyExitEvent:0.3233333333333333
OnBrowseHierarchyInfo:0.2833333333333333
