SearchFragment:0.6341666666666667
RandomMailGenerator:0.4266666666666667
AboutFragment:0.2866666666666667
