MainScene:0.52
Task:0.4633333333333333
SettlementWindow:0.41333333333333333
TabPanelDashboard:0.21777777777777782
HistoricalEventManager:0.15833333333333333
SettlementTask:0.11333333333333333
