OLSyntaxNode:0.85
OLParser:0.45666666666666667
OptimizerVisitor:0.32
OLVisitor:0.2758333333333333
SemanticValidator:0.2633333333333333
Scanner:0.24333333333333335
Token:0.18666666666666668
Procedure:0.11666666666666667
AbstractParser:0.10666666666666667
SumExpressionNode:0.10666666666666667
ProductExpressionNode:0.10666666666666667
IfStatement:0.06666666666666667
CompensateStatement:0.06666666666666667
VariableExpressionNode:0.06666666666666667
StateInfo:0.06666666666666667
CorrelationSetInfo:0.06666666666666667
OutStatement:0.06666666666666667
ExpressionConditionNode:0.06666666666666667
ConstantIntegerExpression:0.06666666666666667
SleepStatement:0.06666666666666667
NotConditionNode:0.06666666666666667
InStatement:0.06666666666666667
ProcedureCallStatement:0.06666666666666667
LinkInStatement:0.06666666666666667
ExecutionInfo:0.06666666666666667
ThrowStatement:0.06666666666666667
LinkOutStatement:0.06666666666666667
ConstantStringExpression:0.06666666666666667
NullProcessStatement:0.059166666666666666
SolicitResponseOperationStatement:0.058333333333333334
InstallCompensationStatement:0.056666666666666664
ParallelStatement:0.056666666666666664
SequenceStatement:0.056666666666666664
NDChoiceStatement:0.056666666666666664
Program:0.05333333333333334
ExitStatement:0.05
OutputPortTypeInfo:0.05
InputPortTypeInfo:0.05
OneWayOperationDeclaration:0.05
SolicitResponseOperationDeclaration:0.043333333333333335
RequestResponseOperationDeclaration:0.043333333333333335
NotificationOperationDeclaration:0.043333333333333335
NotificationOperationStatement:0.04
CompareConditionNode:0.04
WhileStatement:0.03333333333333333
PortInfo:0.03333333333333333
InstallFaultHandlerStatement:0.03333333333333333
RequestResponseOperationStatement:0.03333333333333333
Scope:0.03333333333333333
ServiceInfo:0.03
AndConditionNode:0.03
OrConditionNode:0.03
OneWayOperationStatement:0.03
AssignStatement:0.03
OperationDeclaration:0.011666666666666667
PortTypeInfo:0.006666666666666667
