Edge:0.7966666666666666
DataStructures:0.27
Knapsack:0.26666666666666666
