Transcoder:0.5333333333333333
PixelDataParam:0.48333333333333334
DcmImageReader:0.45666666666666667
