DataEnvironment:0.5666666666666667
Descriptor:0.4866666666666667
Linker:0.3566666666666667
ExecutionStep:0.22666666666666666
CreateObjectStep:0.21666666666666667
MainCallStep:0.21666666666666667
SodbeansSoundMap:0.1
CreateMainObjectStep:0.04666666666666667
