CoreMessageLogger:0.47
AttributeConverterTypeAdapter:0.4633333333333333
SimpleValue:0.31666666666666665
