IMsg:0.5533333333333333
Res:0.4
DlgConfigUpload:0.38333333333333336
MsgHeader:0.3466666666666667
MsgUnknown:0.2733333333333333
IMonitorSearch:0.27051984126984113
IHostChanged:0.27051984126984113
DlgNetwork:0.23
DlgConfigDownload:0.20333333333333334
ActionConfigEnableUpload:0.19
HostMsg:0.17666666666666667
HttpContentRange:0.15333333333333332
ActionBase:0.14333333333333334
Invoker:0.07333333333333333
DataChanger:0.07333333333333333
ActionConfigRescan:0.07333333333333333
SignalPanel:0.065
SortUtil:0.056666666666666664
DlgConfigDisconnect:0.056666666666666664
MsgInit:0.051666666666666666
DlgPassword:0.05
SendManager:0.03666666666666667
FlexBuf:0.03
ActionNetworkJoin:0.019444444444444445
SplashWindow:0.01611111111111111
ActionConfigUpload:0.007222222222222222
URLUtil:0.0033333333333333335
ActionViewAbout:0.0033333333333333335
ActionHostClearPasswords:0.0
