DefaultComponentFinder:0.8066666666666666
ComponentTesterTest:0.4277777777777777
