ImageReaderTestCase:0.6910000000000001
ImageReaderCaseTest:0.4266666666666667
