JSONScanner:0.49
DefaultJSONParser:0.45
JSONScannerTest_scanFieldLong:0.3688888888888889
FieldInfo:0.3
JSONLexer:0.27166666666666667
QueueEntity:0.2147222222222222
Bug_for_wangran:0.14333333333333334
