MapProxyTool:0.8733333333333333
MapProxyTest:0.14666666666666667
