STLSlice:0.47333333333333333
LineSegment:0.26666666666666666
MaterialLists:0.2
trackPolygon:0.17333333333333334
AandT:0.03666666666666667
