MossWizard:0.45388888888888884
ParametersPage:0.42
MossContextProvider:0.30333333333333334
