FileSystemDTO:0.5197222222222222
StoreScp:0.3433333333333333
FileSystemMgt2Service:0.33666666666666667
