ShardMetadata:0.81
ShardCompactionManager:0.3433333333333333
CompactionSet:0.3433333333333333
