InvoicesTest:0.4605555555555556
SellersTest:0.44
CarriersTest:0.17333333333333334
