MapService:0.6466666666666666
PartitionRecordStore:0.34
MapStoreTest:0.28
ContainsKeyOperation:0.245
GetEntryViewOperation:0.20333333333333337
