SpecMolResource:0.6066666666666667
SpectraView:0.45666666666666667
