Configuration:0.81
ApplicantTest:0.37666666666666665
InvoiceFromCustomersTest:0.18333333333333332
