IndexShard:0.59
RecoveryStatus:0.44333333333333336
DiscoveryNode:0.44
RecoverySettings:0.32666666666666666
ShardRecoveryHandler:0.31
RecoveriesCollection:0.18444444444444444
RecoveryTarget:0.18
RecoverySource:0.17
ClusterDynamicSettingsModule:0.13
RoutingService:0.08
IndexRecoveryTests:0.07666666666666666
ShardStateAction:0.07333333333333333
ApplySettings:0.02666666666666667
RecoveryMonitor:0.0
RecoveryActionBlocker:0.0
