TrustedAuthenticationProperties:0.5166666666666667
TrustedAuthenticationConfiguration:0.2833333333333333
TrustedAuthenticationWebflowConfigurer:0.18
BasePrincipalFromNonInteractiveCredentialsAction:0.15666666666666668
