IoFactoryBuilder:0.5233333333333333
BindingManager:0.32666666666666666
BatchBinder:0.17666666666666667
