HtmlLinkExtractorTest:0.24166666666666667
ThunderbirdAddressbookDataSourceFactory:0.23166666666666666
IcalDataSourceFactory:0.23166666666666666
WebDataSourceFactory:0.23166666666666666
FileSystemDataSourceFactory:0.23166666666666666
AppleAddressbookDataSourceFactory:0.23166666666666666
ImapDataSourceFactory:0.23166666666666666
ExtractorTestBase:0.142
