SVGRectRadiusUndoableEdit:0.44333333333333336
RoundRectangleRadiusUndoableEdit:0.44333333333333336
RoundRectangleRadiusHandle:0.43
SVGRectRadiusHandle:0.36
SouthEastHandle:0.06666666666666667
WestHandle:0.06666666666666667
NorthWestHandle:0.06666666666666667
SouthHandle:0.06666666666666667
SouthWestHandle:0.06666666666666667
NorthEastHandle:0.06666666666666667
NorthHandle:0.06666666666666667
EastHandle:0.06666666666666667
