SimpleProofFinderPluginTest:0.8366666666666667
KernelBoServiceLogicTestSuite:0.45666666666666667
