FunctionRegistry:0.43166666666666664
TimestampNthValueFunction:0.4066666666666667
TestNthValueFunction:0.25666666666666665
