FolderModule:0.6877777777777778
BaseFolderModule:0.30666666666666664
