IgnoredNames:0.6033333333333334
RuntimeEnvironment:0.46
Configuration:0.29
Indexer:0.2
Index:0.19
DirectoryListing:0.14333333333333334
raw:0.13
PatternList:0.07666666666666666
