BeanFactory:0.86
AnnotationBeanTest:0.26
AddAnnotationTest:0.25
DatabaseTestCase:0.24666666666666667
Login:0.17333333333333334
CommentTableTest:0.16333333333333333
TermBeanFactory:0.11749999999999998
TermBeanTest:0.056666666666666664
GenerateHits:0.056666666666666664
TermBeanIterator:0.04
