ReportMultDesc:0.7166666666666667
ReportSosa:0.5033333333333333
