Robolectric:0.5433333333333333
ShadowSQLiteCursor:0.38
ShadowSQLiteDatabase:0.32666666666666666
SQLiteDatabaseTest:0.27
SQLiteCursorTest:0.27
