MetaApplication:0.7833333333333333
Jetspeed2CodeGenerator:0.33666666666666667
Jetspeed2FolderPG:0.18333333333333332
Jetspeed2PsmlPG:0.18333333333333332
Jetspeed2DsPG:0.18333333333333332
