UnknownHandler:0.54
DefaultActionProxy:0.41
ActionInvocationTest:0.3233333333333333
ConventionUnknownHandler:0.2633333333333333
SomeUnknownHandler:0.20333333333333334
DefaultUnknownHandlerManager:0.19666666666666666
UnknownHandlerManager:0.1942222222222222
