AbstractCollectionMapper:0.24333333333333335
SubclassPropertyMapper:0.24333333333333335
SinglePropertyMapper:0.23333333333333334
EnversPostUpdateEventListenerImpl:0.22333333333333333
AbstractToOneMapper:0.22333333333333333
AuditProcess:0.18
EnversIntegrator:0.17111111111111113
ComponentPropertyMapper:0.15666666666666668
MultiPropertyMapper:0.14
