Stats:0.5633333333333334
InternalEngine:0.3433333333333333
StatsHolder:0.22444444444444447
IndexThrottle:0.19
ShardIndexingService:0.19
IndexStatsTests:0.11333333333333333
Fields:0.016666666666666666
