MetadataUpdateCommand:0.55
MetadataUpdateCommandValidator:0.32
UpdateRegistryObjectMetadataCommand:0.24333333333333335
UpdateDocumentEntryMetadataCommandValidator:0.23333333333333334
UpdateStatusCommandValidator:0.22666666666666666
UpdateDocumentSetRequest:0.17666666666666667
UpdateFolderMetadataCommand:0.17666666666666667
UpdateDocumentEntryMetadataCommand:0.17666666666666667
SubmitAssociationCommand:0.17444444444444446
SubmitAssociationCommandValidator:0.16
UpdateFolderMetadataCommandValidator:0.15666666666666668
DeleteDocumentSetRequest:0.15
DeleteDocumentSetCommandValidator:0.11666666666666667
