HopVirtualMachine:0.7866666666666666
HopVirtualMachineTest:0.26666666666666666
