ShadowAlertDialog:0.5083333333333333
ShadowAdapterView:0.38333333333333336
ShadowBuilder:0.36
ShadowDialog:0.33666666666666667
AlertDialogTest:0.30333333333333334
ShadowCursorAdapter:0.18333333333333332
