FakeCall:0.4266666666666667
DeferredCall:0.41333333333333333
NetworkBehavior:0.3333333333333333
Calls:0.29
BehaviorCall:0.23166666666666666
NetworkBehaviorTest:0.11333333333333333
