NullLog:0.5366666666666666
SystemLog:0.4633333333333333
LogFactory:0.4066666666666667
LogAdapter:0.22609523809523813
AbstractLogAdapter:0.20333333333333334
JdkAdapterPerformanceTest:0.16333333333333333
