Logs:0.5433333333333333
Log4jTest:0.4533333333333333
