FragmentList:0.5533333333333333
DeterministcGeneratorTest:0.31
GenerationList:0.30666666666666664
DeterministicGenerator:0.26666666666666666
IResultListener:0.07277777777777779
