Coordinates:0.72
ScenarioConfigEditorFX:0.49333333333333335
TableViewCombo:0.36666666666666664
