Mongo:0.6833333333333333
MongoAuthority:0.45
DBTCPConnector:0.2966666666666667
JavaClientTest:0.27666666666666667
StrongestAuthenticationProtocolExample:0.0881111111111111
GSSAPICredentialsExample:0.07505555555555554
DBTCPConnectorTest:0.06777777777777778
