Array:0.6033333333333334
BitmapFont:0.51
IndexBufferObjectSubData:0.21333333333333335
AtomicQueue:0.2
