MapService:0.5466666666666666
AtomicLongService:0.30666666666666664
MapClientProxy:0.2966666666666667
MapTest:0.21666666666666667
HazelcastClientMapTest:0.21666666666666667
MapLockHandler:0.19
MapEvictTask:0.18555555555555558
MapGetEntryHandler:0.16111111111111112
