DicomEchoPanel:0.47
StudyListPage:0.31333333333333335
EditAETPanel:0.2833333333333333
ModuleTab:0.2
DicomElementModel:0.13666666666666666
