Constants:0.7094444444444444
ConfigManager:0.5833333333333334
PreferencesDialog:0.3935
AutoRefreshJob:0.29333333333333333
JTBQueuesContentViewPart:0.22333333333333333
PreferencesHandler:0.056666666666666664
