AbstractAggregationTest:0.3433333333333333
MapBaseAggregationTest:0.11666666666666667
MultiMapBaseAggregationTest:0.11666666666666667
Extractor:0.016666666666666666
