CommandReactiveExecutor:0.6066666666666667
RedissonDequeReactive:0.35333333333333333
RedissonObjectReactive:0.3433333333333333
RedissonHyperLogLogReactive:0.32666666666666666
RedissonMapReactive:0.32666666666666666
RedissonSetReactive:0.3233333333333333
RedissonScriptReactive:0.3233333333333333
RedissonBitSetReactive:0.3233333333333333
RedissonAtomicLongReactive:0.32
RedissonLexSortedSetReactive:0.31666666666666665
RedissonExpirableReactive:0.31333333333333335
RedissonListReactive:0.31
RedissonBucketReactive:0.30333333333333334
RedissonKeysReactive:0.29333333333333333
RedissonBlockingQueueReactive:0.29333333333333333
RedissonQueueReactive:0.25333333333333335
RedissonScoredSortedSetReactive:0.24333333333333335
CommandReactiveService:0.24
RedissonTopicReactive:0.19666666666666666
