TabHostTest:0.4066666666666667
ShadowTabHost:0.33
layout:0.31316666666666665
ShadowTabActivity:0.14333333333333334
TabActivityTest:0.06
