MongoCollection:0.5816666666666667
Mongo:0.5333333333333333
DB:0.49666666666666665
MongoClient:0.45666666666666667
DBCollection:0.44666666666666666
DBAddress:0.3
ReflectionDBObject:0.3
LazyBSONObject:0.27666666666666667
GridFSInputFile:0.25
DBCursor:0.23333333333333334
GridFS:0.21
MongoURI:0.17722222222222223
GridFSFile:0.16833333333333333
ReplicaSetStatus:0.056666666666666664
CommandResult:0.043333333333333335
