LongTaskRunner:0.6333333333333333
MatrixRunner:0.54
NodeProvisioningRunner:0.14333333333333334
