ListFolderController:0.48333333333333334
WebKeys:0.416984126984127
AjaxController:0.37
ViewEntryController:0.3
