TaskManagerConfig:0.67
SqlTask:0.44333333333333336
MockRemoteTask:0.42
TestSqlTask:0.23733333333333334
TestTaskManagerConfig:0.13
