JournalEntry:0.4266666666666667
JournalHelper:0.41333333333333333
Transport:0.37
JournalWriter:0.34
JournalReader:0.30666666666666664
JournalEntrySizeEstimator:0.29444444444444445
MultiFileJournalHelper:0.2866666666666667
MockRmiJournalReceiver:0.27666666666666667
JournalRecoveryLog:0.27666666666666667
MockTransport:0.2733333333333333
ParameterHelper:0.24
TestJournalRoundTrip:0.23666666666666666
MulticastJournalWriter:0.23666666666666666
JournalCreator:0.23333333333333334
JournalConsumer:0.22666666666666666
RmiJournalReceiver:0.22255555555555556
TransportOutputFile:0.21666666666666667
ContextXmlReader:0.21333333333333335
RmiJournalReceiverArguments:0.20833333333333334
TestRmiTransport:0.20666666666666667
TestPasswordCipher:0.19666666666666666
StreamEater:0.19666666666666666
TestContextXmlWriterAndReader:0.16666666666666666
TestLockingFollowingJournalReader:0.16666666666666666
Journaller:0.15666666666666668
TestJournalEntrySizeEstimator:0.15
CloseFileTimerTask:0.14833333333333334
AbstractJournalTester:0.14333333333333334
RenamingJournalRecoveryLog:0.12333333333333334
MockJournalWriter:0.10333333333333333
MockJournalReader:0.10333333333333333
JournalConsumerThread:0.1
SingleFileJournalReader:0.08666666666666667
MultiFileJournalReader:0.08
LockingFollowingJournalReader:0.06333333333333334
SingleFileJournalWriter:0.06
UnbufferedJournalRecoveryLog:0.06
MultiFileJournalWriter:0.04666666666666667
MockJournalRecoveryLog:0.041666666666666664
MultiFileFollowingJournalReader:0.03916666666666667
BufferedJournalRecoveryLog:0.02
FilenameComparator:0.01
