SerializableProxyTest:0.38333333333333336
FastResultSetHandler:0.36666666666666664
ResultObjectProxy:0.3138888888888889
EnhancedResultObjectProxyImpl:0.27
MapperProxy:0.12555555555555556
