Context:0.47
MenuHelper:0.44666666666666666
Group:0.42861111111111116
