LoaderImpl:0.6613333333333333
LoaderOptionsStep:0.3374206349206349
