ProcessDefinition:0.5333333333333333
SQLQueryModel:0.4533333333333333
DesignerEditor:0.36583333333333334
SQLTasksModel:0.2733333333333333
SQLQueryParameterModel:0.23666666666666666
SQLTaskModel:0.2
ConstructorView:0.15333333333333332
SQLHandlerCellEditorProvider:0.11333333333333333
XmlBasedConstructorProvider:0.06833333333333333
