Script:0.6133333333333333
ScriptTest:0.36333333333333334
JTextComponentRecorderTest:0.25777777777777783
AbstractSemanticRecorderTest:0.22333333333333333
JTextComponentRecorder:0.20777777777777778
