JsonTest:0.5927777777777777
Sender:0.48333333333333334
CodeTest:0.30333333333333334
