Rule:0.44333333333333336
RuleFunction:0.3333333333333333
Alternative:0.2733333333333333
BlankOutputModelFactory:0.27
OutputModelController:0.26
AttributeChecks:0.23333333333333334
ParserRuleContext:0.22166666666666668
OutputModelFactory:0.18837301587301591
ParserFactory:0.17
AltAST:0.1580952380952381
StructDecl:0.12666666666666668
ListenerFile:0.12333333333333334
CharSupport:0.03
