TestRuleSupport:0.6299999999999999
ExternalResourceSupportForMultipleMethodRulesTests:0.33666666666666667
EnableRuleMigrationSupportWithBothRuleTypesTests:0.32666666666666666
