JEdgeView:0.5933333333333334
JVertexView:0.5066666666666667
