winOutputTopComponent:0.8605555555555554
WindowServiceImpl:0.33666666666666667
