SoftCAToken:0.7566666666666667
CATokenInfo:0.5745
TestCAs:0.24666666666666667
CaInitCommand:0.22333333333333333
