BadAsyncHttpClient:0.515
TestAsyncHttpClient:0.44583333333333336
ClientStatsTest:0.3233333333333333
