Fiber:0.6533333333333333
FiberScheduler:0.32666666666666666
FiberTimedScheduler:0.20333333333333334
SupervisorTest:0.19
ActorTest:0.19
GenServerTest:0.19
FiberInfo:0.12
FiberTest:0.11333333333333333
