ClasspathAvailability:0.6666666666666666
ValueType:0.65
ValueAttribute:0.5566666666666666
INst:0.18333333333333332
