SQLFunctionsInterSystemsTest:0.4066666666666667
SQLFunctionsTest:0.4066666666666667
BlobLocatorTest:0.29833333333333334
ClobLocatorTest:0.295
InterfaceProxyTest:0.20400000000000001
MixedTest:0.20400000000000001
