View:0.66
Tab:0.4275555555555555
Module:0.32
InvoiceTest:0.27
InvoiceCalculatedDetailsInSectionTest:0.22666666666666666
