ExceptionThrowingItemReaderProxy:0.3333333333333333
ItemTrackingItemWriter:0.3
DummyItemWriter:0.25493650793650796
LogAdvice:0.09333333333333334
