InjectionPoint:0.42333333333333334
ConstructorBindingImpl:0.35333333333333333
InjectorImpl:0.32666666666666666
C:0.25333333333333335
BindingProcessor:0.18333333333333332
BindingTest:0.15333333333333332
ConstructorInjectorStore:0.15
