EndEntityProfileData:0.6966666666666667
EjbcaWS:0.49
LocalRaAdminSessionBean:0.043333333333333335
