ConfiguredClass:0.5666666666666667
JandexHelper:0.49333333333333335
ConfiguredClassHierarchyBuilderTest:0.31333333333333335
ConfiguredClassHierarchy:0.2025
EntityBinder:0.2
GenericTypeDiscoveryTest:0.14333333333333334
