Autotest:0.5733333333333334
InstallationListener:0.5415714285714286
InstallationDriver:0.43666666666666665
Installation:0.3
Wizard:0.23666666666666666
FrameInstaller:0.22333333333333333
SilentAutotest:0.20333333333333334
JarInstaller:0.18
GuiAutotest:0.17666666666666667
ProgressPage:0.175
SimpleWizardListener:0.14666666666666667
ProgressListener:0.11666666666666667
ConsoleAutotest:0.04
AutotestTest:0.006666666666666667
