TicketProperties:0.5366666666666666
ProtocolTicketCipherExecutor:0.33666666666666667
PasswordResetTokenCipherExecutor:0.33666666666666667
HazelcastConfigurationFactory:0.19
