ExecTracker:0.5166666666666667
TestThreadJPF:0.44333333333333336
JPF_java_lang_Thread:0.41
