Tian:0.23666666666666666
EqualJumpsBinomialTree:0.23
EqualProbabilitiesBinomialTree:0.22666666666666666
Joshi4:0.21333333333333335
AdditiveEQPBinomialTree:0.15333333333333332
CoxRossRubinstein:0.12666666666666668
BinomialTree:0.04
Tree:0.023333333333333334
JarrowRudd:0.0
