ProfileModule:0.8933333333333333
ProfileModuleImpl:0.5
SelfResource:0.31666666666666665
UserResource:0.17333333333333334
