JOCLKernel:0.62
JOCLCore:0.6133333333333333
GPUFluxLightTracer:0.17333333333333334
GPUFluxPathTracer:0.17333333333333334
GPUFluxWhittedTracer:0.12
