EntryBackupOperation:0.4266666666666667
EntryOperation:0.3933333333333333
ClientMapBasicTest:0.3333333333333333
MapTransactionTest:0.27
MapProxySupport:0.23333333333333334
EntryProcessorTest:0.16333333333333333
WaitTimeoutSetterMapOperationProvider:0.14135714285714285
UuidSetterEntryProcessor:0.08433333333333333
