JChemPaintEditorWidget:0.5866666666666667
JChemPaintEditor:0.49
JCPOutlinePage:0.27777777777777773
