GraphicFactory:0.79
JFXFactory:0.34
SwingFactory:0.34
RendererKey:0.3233333333333333
AbstractServerEngine:0.30333333333333334
JFXClippings:0.255
SwingClippings:0.25
AbstractClippings:0.24666666666666667
ARINCBlinkings:0.22166666666666668
BasicServerEngine:0.19666666666666666
AbstractEditorEngine:0.15666666666666668
EngineHints:0.10244444444444444
