ThreadSafeDoubleCheckLocking:0.42
SmartTroll:0.3566666666666667
Troll:0.24333333333333335
Hostile:0.22666666666666666
