XMLHttpRequestTest:0.7533333333333333
XMLHttpRequest3Test:0.37333333333333335
