RearrangementAnion3ReactionTest:0.38333333333333336
RearrangementCation3ReactionTest:0.36
SharingChargeMechanism:0.3566666666666667
RearrangementRadical3ReactionTest:0.33666666666666667
RearrangementCation3Reaction:0.21333333333333335
RearrangementAnion3Reaction:0.21333333333333335
RearrangementRadical3Reaction:0.21333333333333335
RearrangementCharge2Mechanism:0.09333333333333334
