SaveContextOnUpdateOrErrorResponseWrapper:0.3872222222222222
SaveToSessionResponseWrapper:0.375
HttpSessionSecurityContextRepository:0.29333333333333333
HttpSessionSecurityContextRepositoryTests:0.22666666666666666
