ClientConnection:0.7266666666666667
TargetDisconnectedException:0.42333333333333334
ClusterListenerSupport:0.23
ClientInvocationServiceSupport:0.22333333333333333
ClientMembershipListener:0.21666666666666667
ClientHeartbeatTest:0.15333333333333332
CleanResourcesTask:0.06
