DirtyTrackerTest:0.63
TestCompositeOwner:0.31377777777777777
EnhancerFileNotFoundTest:0.19877777777777778
