ProtocolScepHttpTest:0.49666666666666665
CommonEjbcaWSTest:0.4666666666666667
CrmfRARequestTest:0.41333333333333333
TestXKMSKRSS:0.33666666666666667
