CommunicationsStub:0.4988888888888889
ConnectionWizardVisualPanel2:0.39666666666666667
Constants:0.3365714285714286
ConnectionWizardWizardPanel2:0.25777777777777783
ConnectionWizardWizardAction:0.22666666666666666
