JChemPaintAbstractApplet:0.7482777777777778
CopyPasteAction:0.35555555555555557
