Transcript:0.61
SelectableDNARenderer:0.32
CORBAAdapter:0.29050000000000004
BaseMouseListener:0.2733333333333333
BaseEditorPanel:0.22666666666666666
TranslationViewer:0.19
