RequestBuilderTest:0.43
RestMethodInfoTest:0.3333333333333333
RequestBuilder:0.31333333333333335
RestMethodInfo:0.26466666666666666
TestingUtils:0.20333333333333334
