ClientExecutorServiceProxy:0.6133333333333333
TargetCallableRequest:0.30333333333333334
ClientCallFuture:0.22333333333333333
ClientExecutorServiceTest:0.18333333333333332
ExecutorPortableHook:0.16544444444444445
CancellationAwareTask:0.13666666666666666
