ReportModel:0.6133333333333333
DashboardService:0.4533333333333333
DashboardDelegator:0.29333333333333333
FileSystemModel:0.29333333333333333
CreateOrEditReportForm:0.15333333333333332
ImageRenderableColumn:0.14666666666666667
DashboardMainPage:0.13
DisplayReportTablePage:0.08
DynamicRenderableColumn:0.08
DisplayReportDiagramPage:0.08
AddGroupForm:0.043888888888888894
ReportPanel:0.04
DynamicLinkPanel:0.03666666666666667
SystemInfoPanel:0.03
CreateOrEditReportPage:0.02
FileSystemPanel:0.02
ToggleFormLink:0.01
ReportTreeTable:0.006666666666666667
ToggleFormImage:0.0033333333333333335
