LazySliceArrayBlock:0.7733333333333333
SliceDictionaryStreamReader:0.37
TestLazySliceArrayBlock:0.09666666666666666
