DocTableInfo:0.41
TableInfo:0.3970952380952381
TableAliasIntegrationTest:0.29
BlobTableInfo:0.17
SupportsOperationVisitor:0.14
StaticTableInfo:0.13333333333333333
Relations:0.056666666666666664
