LayoutElement:0.7966666666666666
XavaPreferences:0.44666666666666666
ILayoutParser:0.43333333333333335
ILayoutPainter:0.4083333333333333
AbstractBasePainter:0.3466666666666667
DefaultLayoutParser:0.25
LayoutFactory:0.18333333333333332
AbstractJspPainter:0.14333333333333334
LayoutJspKeys:0.0867222222222222
LayoutKeys:0.06
DefaultLayoutPainter:0.056666666666666664
LayoutPainterManager:0.02861111111111111
