ProjectNegotiation:0.4866666666666667
InvitationProcess:0.45530158730158726
