RemoteCentralAuthenticationServiceTests:0.6127777777777778
PolicyBasedAuthenticationManagerTests:0.5280555555555556
