ValueType:0.4533333333333333
Annotations:0.4166666666666667
PassAnnotationTest:0.20666666666666667
AbstractValForPass:0.19
