GreetingsServer:0.43333333333333335
GreetingsClient:0.25083333333333335
Helloworld:0.21666666666666667
