TimeIntervalSequence:0.5066666666666667
OwnedInterval:0.5
Owner:0.44333333333333336
OwnedIntervalSequence:0.24777777777777782
