RcvSessionState:0.7755555555555556
Receiver:0.6266666666666667
RcvFrameHandler:0.36666666666666664
