TextToExpression:0.4633333333333333
TextToExpressions:0.3433333333333333
TextToClass:0.20333333333333334
AbstractConverter:0.20333333333333334
