MapConfigReadOnly:0.38
EntryListenerConfig:0.20333333333333334
PartitioningStrategyConfig:0.19333333333333333
MapIndexConfig:0.19333333333333333
MaxSizeConfig:0.18333333333333332
WanReplicationRef:0.18333333333333332
