Wallet:0.7433333333333333
WalletTool:0.32666666666666666
WalletTest:0.29333333333333333
