System:0.47
MJIEnv:0.41333333333333333
JPF_java_lang_System:0.38
JVM:0.368
OutputStreamWriter:0.25333333333333335
JPF_gov_nasa_jpf_ConsoleOutputStream:0.24333333333333335
InputStreamReader:0.14333333333333334
ConsoleOutputStream:0.13
JPF_java_lang_String:0.04666666666666667
JPF_java_io_OutputStreamWriter:0.006666666666666667
JPF_java_io_InputStreamReader:0.006666666666666667
