DmlStatement:0.44333333333333336
DataService:0.4266666666666667
DbExportImportTest:0.36666666666666664
IDataService:0.30333333333333334
WriterWrapper:0.17
PostgreSqlDmlStatement:0.16527777777777777
