OrthoMatcher:0.49666666666666665
Files:0.41333333333333333
SearchDialog:0.29333333333333333
BootStrap:0.24666666666666667
TagHighlighter:0.16
