Configuration:0.42333333333333334
MediaBean:0.38333333333333336
UCropActivity:0.36333333333333334
UCrop:0.36
MediaGridFragment:0.26166666666666666
RxGalleryFinal:0.23333333333333334
MediaActivity:0.21666666666666667
BaseComponent:0.18066666666666667
