MultiMapClientProxy:0.39
MultiMapCommandHandler:0.20333333333333334
CollectionService:0.18666666666666668
ClientEndpoint:0.18416666666666667
MapListenHandler:0.14666666666666667
