Snippet:0.43666666666666665
MethodWriter:0.32
EnumWriter:0.25333333333333335
ClassWriter:0.24333333333333335
ConstructorWriter:0.22666666666666666
BlockWriter:0.22666666666666666
InterfaceWriter:0.22333333333333333
IntersectionTypeName:0.2
WildcardName:0.19333333333333333
TypeVariableName:0.19333333333333333
ParameterizedTypeName:0.19333333333333333
ConstantWriter:0.17333333333333334
FieldWriter:0.11666666666666667
