Position3D:0.47333333333333333
DefaultServerXMLDFHandler:0.46
Map3DScreenCoordinate:0.36
LayerRenderer:0.14416666666666667
ServerMap3DProjection:0.115
DirectionalTabbingExtension:0.0
