Form:0.5933333333333334
Bean:0.48333333333333334
ActionTest:0.25666666666666665
DateConverter:0.19000000000000003
DateTimeConverter:0.19000000000000003
ConverterManager:0.16444444444444445
