ProjectForm:0.6022222222222222
AdminProjectUtilities:0.48333333333333334
EditProjectAction:0.21666666666666667
