PyComplex:0.72
__builtin__:0.4166666666666667
ArgParser:0.3253333333333333
