Content:0.52
ShopContent:0.2833333333333333
CMSContent:0.2833333333333333
AbstractBasicContent:0.25333333333333335
FileContent:0.20666666666666667
FilterContent:0.20666666666666667
URLContent:0.20666666666666667
StoreContent:0.20333333333333334
LinkCorrector:0.18
ContentGroup:0.17666666666666667
AbstractSummaryDescriptionContent:0.10333333333333333
