BlojsomConfiguration:0.8566666666666667
BlojsomConstants:0.25594227994228
