RobolectricTestRunner:0.5166666666666667
InstrumentingClassLoaderConfig:0.49333333333333335
ResourceExtractor:0.36
SdkEnvironment:0.31333333333333335
EnvHolder:0.09333333333333334
