SsfsLibraryFileUrlTag:0.4866666666666667
SsfsFileUrlTag:0.4866666666666667
SsfsAttachmentUrlTag:0.4866666666666667
