PerceiveMMFF94AtomTypes:0.5130555555555556
PerceiveMM2AtomTypes:0.5130555555555556
