CountRequest:0.7133333333333334
CountRequestBuilder:0.39
RestCountAction:0.11666666666666667
