GwtTeamingMessages:0.4166666666666667
GwtShareHelper:0.4066666666666667
ShareRights:0.37666666666666665
PerShareInfoComparator:0.3477777777777778
SharingModule:0.3337857142857143
GwtShareItem:0.23666666666666666
EditShareRightsDlg:0.23666666666666666
GwtSharingInfo:0.20333333333333334
ShareThisDlg:0.19666666666666666
GwtViewHelper:0.19333333333333333
ShareRightsWidget:0.06666666666666667
