Naming:0.8005555555555556
NamingTest:0.10666666666666667
