Handler:0.58
ConsistencyWatchdogHandler:0.42333333333333334
ConsistencyWatchdogClient:0.39666666666666667
ChecksumHandler:0.15333333333333332
