MetaDataServlet:0.52
DicomImageFilter:0.43809523809523815
ImageServletResponseItem:0.3488888888888889
