ScriptNewDataFileDialog:0.5433333333333333
DataFileChooserDialog:0.53
ScriptDataFileAddOrEditHandler:0.2833333333333333
ScriptNewStepDialog:0.27
