ListProxyImpl:0.3933333333333333
CollectionRemoveBackupOperation:0.23666666666666666
ListSetOperation:0.23333333333333334
CollectionDataSerializerHook:0.20666666666666667
CollectionClearBackupOperation:0.16666666666666666
ListContainer:0.16111111111111112
