jEdit:0.5033333333333333
Buffer:0.4257142857142857
View:0.37666666666666665
GeneralOptionPane:0.30977777777777776
EditServer:0.25083333333333335
SearchAndReplace:0.21694444444444447
EditPane:0.21666666666666667
WindowHandler:0.14666666666666667
