ColumnMetadata:0.6366666666666667
Rewriter:0.2733333333333333
