MultiLayerNetwork:0.8066666666666666
WordVectorsImpl:0.22666666666666666
TreeParser:0.20666666666666667
ConvolutionDownSampleLayerTest:0.14333333333333334
