RestNodesAction:0.5133333333333333
RestIndicesAction:0.5033333333333333
RestShardsAction:0.3433333333333333
