QueryCompletionTable:0.37666666666666665
GraphJdbc:0.37333333333333335
DataLoader:0.37333333333333335
StatusEvent:0.3333333333333333
StatLis:0.18666666666666668
