VertxHttp2NetSocket:0.4
Http2ClientTest:0.32
VertxHttp2Stream:0.25666666666666665
Http2ServerTest:0.17666666666666667
