TableCreator:0.5680000000000001
FormStructure:0.47333333333333333
FormDashboardWidget:0.47
