GedcomWriter:0.49222222222222217
GedcomReader:0.3566666666666667
PropertyReader:0.33
