Printer:0.7166666666666667
PrintTabFrame:0.36666666666666664
GCodeStepperMotor:0.31333333333333335
GCodeRepRap:0.3
Main:0.2525
RepRapBuild:0.21666666666666667
SNAPReprap:0.21
Simulator:0.16
GCodeExtruder:0.15777777777777777
EstimationProducer:0.15
MachineFactory:0.15
GCodeReaderAndWriter:0.14333333333333334
GenericRepRap:0.04666666666666667
