GroupByHelper:0.52
AbstractInformationSchemaTable:0.41333333333333333
AsyncBroadcastAction:0.37666666666666665
