TC_RubyWordFinder:0.8591111111111112
TS_InternalUiText:0.3
TS_Ui:0.27666666666666667
