NBrowseJnlp:0.7344444444444445
ExportChoiceListener:0.15333333333333332
