AdminProcessor:0.5508333333333333
Filler:0.2866666666666667
IndexProcessor:0.22
OptionQueryService:0.18
StatisticProcessor:0.15
