MetadataUtils:0.6133333333333333
SpectrumMetadataView:0.3466666666666667
SwitchEditToDisplayAction:0.2733333333333333
