CopyrightPanel:0.13723809523809524
AuthorsPanel:0.13723809523809524
