DataManager:0.6933333333333334
Update:0.31416666666666665
