FakeHelper:0.49333333333333335
FakeActivity:0.38666666666666666
FakeApplication:0.37
AppSingletonizer:0.27
