AsyncDataSetIterator:0.5733333333333334
MagicQueue:0.48561111111111105
Builder:0.07666666666666666
