ReportModule:0.8166666666666667
ReportModuleImpl:0.48333333333333334
ReportDownloadController:0.3333333333333333
ViewEntryController:0.29333333333333333
