GPUFluxTracer:0.6033333333333334
GPUFluxWhittedTracer:0.4
GPUFluxPathTracer:0.13
GPUFluxLightTracer:0.08333333333333333
