ApplicationEntityManagerImpl:0.55
NewContainerWizard:0.2472222222222222
NewLinkWizard:0.2472222222222222
ContainerInformationStep:0.12666666666666668
LinkInformationStep:0.12666666666666668
ContainerEndpointsStep:0.12666666666666668
LinkEndpointsStep:0.12666666666666668
ExistingWireContainerStep:0.12666666666666668
