InstancesProxyController:0.5666666666666667
ServletRestApiConfirguation:0.30666666666666664
