ObjectMapper:0.6566666666666666
DocumentMapper:0.61
SimpleMapperTests:0.12333333333333334
