SingletonHolder:0.5936111111111111
ResponderFactory:0.2733333333333333
ListFormDataProvider:0.2633333333333333
TransactionProvider:0.24333333333333335
DataDefinitionProvider:0.20916666666666667
ResponderCacheManager:0.16333333333333333
JspRelationsAnalyzer:0.14666666666666667
JspWikiFormatter:0.13
