QueryManager:0.7938888888888889
TestQueues:0.35333333333333333
MockQueryManager:0.27
