FileSystemMgtBean:0.44
FileSystemMgtService:0.35333333333333333
PurgeStudyOrder:0.26666666666666666
StudyBean:0.22666666666666666
TimerOrder:0.0
