VocabWord:0.45666666666666667
InMemoryLookupCache:0.30333333333333334
TextPipelineTest:0.22333333333333333
SequenceElement:0.21333333333333335
Word2Vec:0.20333333333333334
AbstractCache:0.20333333333333334
TextPipeline:0.17666666666666667
Huffman:0.14333333333333334
WordsListToVocabWordsFunction:0.07
