Translog:0.59
InternalEngine:0.4066666666666667
ElasticsearchIntegrationTest:0.2966666666666667
InternalEngineTests:0.29
IndexDynamicSettingsModule:0.18388888888888888
Sync:0.13976984126984127
FsView:0.06833333333333333
InternalChannelReference:0.03
ApplySettings:0.0033333333333333335
