BondCountDescriptor:0.7266666666666667
BondCountDescriptorTest:0.29333333333333333
QSARDescriptorTests:0.17666666666666667
