BasicSemanticTriggers:0.6266666666666667
BasicSemanticChecks:0.33
TestSyntaxErrors:0.18333333333333332
DFA1:0.17
