NettyResponse:0.6797222222222223
WebSocketUpgradeHandler:0.44527777777777783
