FilterUtils:0.5346666666666667
FieldSerializer:0.5336785714285714
JavaBeanSerializer:0.43666666666666665
FieldInfo:0.33466666666666667
SerializeConfig:0.24666666666666667
ObjectFieldSerializer:0.19914285714285715
