TestCommandLineFormats:0.7933333333333333
FedoraObjectTripleGenerator_3_0:0.3477777777777778
