GwtTeamingMessages:0.7283333333333334
EditLdapSearchDlg:0.43333333333333335
LdapModuleImpl:0.31333333333333335
AuthenticationSearchInfoUserType:0.27
GwtHomeDirConfig:0.27
EditLdapServerConfigDlg:0.19111111111111112
GwtLdapHelper:0.15
