Shape:0.8266666666666667
TestMaterialisation:0.29
TestShapeGenerator:0.23666666666666666
