ImagePanel:0.5433333333333333
DcmSnd:0.41
QueryRetrive:0.24333333333333335
AEManagementDialog:0.22666666666666666
ServerManager:0.19333333333333333
