RasterImageLayer:0.57
RasterSymbology:0.36333333333333334
GUIUtils:0.3466666666666667
ColorsTablePanel:0.3233333333333333
AddRasterImageLayerWizard:0.2866666666666667
NoDataValueDialog:0.24
TreeLayerNamePanel:0.23666666666666666
RasterStylesDialog:0.23
RasterStyleValueIntv:0.22666666666666666
GradientTablePanel:0.22444444444444447
SingleValuesPanel:0.22
IntervalPanel:0.2
CustomGradientColorsDialog:0.19333333333333333
RasterStylesExtension:0.15333333333333332
LayerTreeModel:0.15
RasterStylesPlugIn:0.15
RasterStyleValueRamp:0.12666666666666668
RasterRampIcon:0.01
