LowercaseProcessor:0.30333333333333334
TrimProcessor:0.30333333333333334
SimulatePipelineResponseTests:0.18
SimulateProcessorResultTests:0.13666666666666666
