ShadowNetworkInfo:0.71
ConnectivityManagerTest:0.3333333333333333
ShadowConnectivityManager:0.3333333333333333
