Node:0.63
Visitor:0.5233333333333333
SimpleNode:0.4533333333333333
JJTPythonGrammarState:0.3566666666666667
CtxVisitor:0.29
ParseException:0.29
TreeBuilder:0.24
IdentityNode:0.08666666666666667
IntStack:0.042777777777777776
DefaultArg:0.03222222222222222
ExtraArgValue:0.0033333333333333335
ExtraArg:0.0033333333333333335
