Example:0.49611111111111106
RestMethodInfoTest:0.3333333333333333
RestMethodInfo:0.29
RestHandler:0.27
RestAdapter:0.22333333333333333
MockHandler:0.12
Platform:0.1
ObservableExample:0.0867222222222222
RestAdapterTest:0.08666666666666667
MockRestAdapterTest:0.043333333333333335
RxSupport:0.02666666666666667
