Script:0.6933333333333334
ScriptExecutionCondition:0.34
ExtensionConfigurationException:0.18
ScriptTests:0.17833333333333334
