TLSSocketSupport:0.6466666666666666
AuditMessageBuilder:0.4422222222222223
SysLogAdapter:0.29333333333333333
