Unit:0.6033333333333334
Canvas:0.35333333333333333
UserInputHandler:0.26
PanelContainer:0.24972222222222218
InGameMessageHandler:0.21722222222222223
ToEuropePanel:0.20472222222222222
EuropePanel:0.18666666666666668
DropListener:0.13333333333333333
ToAmericaPanel:0.1311111111111111
