CollectionBinaryClientTest:0.43333333333333335
RemoveIndexBackupOperation:0.3218888888888889
CompareAndRemoveOperation:0.25666666666666665
GetOperation:0.22
SetBackupOperation:0.19
RemoveIndexOperation:0.14666666666666667
CollectionPortableHook:0.13666666666666666
EntrySetResponse:0.13333333333333333
MultiMapOperationFactory:0.12666666666666668
