InitService:0.7669444444444444
UpgradeProcessor:0.3383333333333333
