SearchLookup:0.3433333333333333
PositionIterator:0.31666666666666665
AbstractSearchScript:0.20333333333333334
CachedPositionIterator:0.13333333333333333
NativePayloadSumNoRecordScoreScript:0.13
NativePayloadSumScoreScript:0.13
NativeNaiveTFIDFScoreScript:0.13
