KuwaibaService:0.6216666666666667
ObjectFactory:0.55
CommunicationsStub:0.29
ConnectLogicalLinks:0.09666666666666666
GetLogicalConnectionEndpoints:0.07
DisconnectLogicalConnection:0.06333333333333334
DisconnectLogicalConnectionResponse:0.043055555555555555
ConnectLogicalLinksResponse:0.043055555555555555
GetLogicalConnectionEndpointsResponse:0.024722222222222222
