TestCluster:0.6266666666666667
InternalTestCluster:0.5433333333333333
ElasticsearchIntegrationTest:0.36333333333333334
CompositeTestCluster:0.2825
ExternalTestCluster:0.24333333333333335
TribeTests:0.19333333333333333
InternalTestClusterTests:0.18666666666666668
Features:0.11333333333333333
ActionNamesTests:0.10666666666666667
Names:0.09666666666666666
