UniqueIdFormat:0.35400000000000004
ReflectionUtilsTests:0.3466666666666667
ReflectionUtils:0.3433333333333333
PreconditionsTests:0.3333333333333333
AnnotationUtilsTests:0.3333333333333333
ExceptionUtilsTests:0.24666666666666667
InterfaceWithAnnotatedDefaultMethod:0.23159523809523813
ClasspathScannerTests:0.19333333333333333
FirstClass:0.043055555555555555
