CommonUtil:0.7033333333333334
DownloadTask:0.41
AbsNormalTarget:0.41
DListener:0.36666666666666664
UListener:0.3466666666666667
ConfigHelper:0.26666666666666666
AbsGroupTarget:0.26
AbsGroupEntity:0.17
UploadTask:0.17
DownloadReceiver:0.16666666666666666
BaseConfig:0.14333333333333334
StartCmd:0.14
CancelCmd:0.14
StopCmd:0.14
ResumeAllCmd:0.13
AddCmd:0.11333333333333333
DownloadGroupTarget:0.08666666666666667
CheckUtil:0.08666666666666667
GroupStartCmd:0.006666666666666667
