IRubyElement:0.57
IRubyScript:0.5533333333333333
Buffer:0.49
RubyScript:0.48
IRubyModelStatus:0.4658333333333333
RubyModel:0.43
ILoadpathEntry:0.38888888888888884
Util:0.37
RubyPlugin:0.32
RubyModelStatus:0.31333333333333335
RubyProject:0.31
RubyModelException:0.2966666666666667
IRubyProject:0.2756746031746032
IOpenable:0.2756746031746032
RubyModelManager:0.27
RubyMethod:0.2633333333333333
RdtUiPlugin:0.25666666666666665
Openable:0.24666666666666667
RubyCore:0.24
ObjectClass:0.22333333333333333
MyVisitor:0.22
RubyClass:0.20666666666666667
IRubyPartitions:0.2063968253968254
DocumentAdapter:0.2
RubyElement:0.2
RubyModule:0.19333333333333333
RubyAbstractEditor:0.18
DefaultRubyFoldingStructureProvider:0.17666666666666667
RubyTextTools:0.17666666666666667
SourceRefElementInfo:0.17
TestSearchEngine:0.15
IRubyModelStatusConstants:0.1461111111111111
WorkingCopyManager:0.14
CharOperation:0.14
RubyReconcilingStrategy:0.14
BufferManager:0.13666666666666666
ElementCache:0.13333333333333333
PartiallySynchronizedDocument:0.11333333333333333
RubyDocumentProvider:0.10333333333333333
PerWorkingCopyInfo:0.10333333333333333
DefaultWorkingCopyOwner:0.09333333333333334
RubyDocumentFactory:0.08666666666666667
RubyProjectElementInfo:0.06666666666666667
MemberElementInfo:0.058333333333333334
SourceRefElement:0.056666666666666664
RubyBlock:0.056666666666666664
RubyImport:0.05333333333333334
RubyVariable:0.05333333333333334
RubyLocalVar:0.05333333333333334
Member:0.05
BecomeWorkingCopyOperation:0.03777777777777778
RubyDocumentSetupParticipant:0.035833333333333335
RubyScriptElementInfo:0.03333333333333333
DiscardWorkingCopyOperation:0.03333333333333333
HandleStack:0.03333333333333333
InfoStack:0.03333333333333333
PerProjectInfo:0.03
RubyGlobal:0.02666666666666667
RubyClassVar:0.02666666666666667
RubyInstVar:0.02666666666666667
RubyDynamicVar:0.023333333333333334
ReconcileWorkingCopyOperation:0.016666666666666666
NamedMember:0.006666666666666667
