HibernateJobDao:0.47
EntityNameInterceptorTests:0.17
HibernateJobDaoTests:0.11333333333333333
EntityNameInterceptor:0.023333333333333334
