Ejb3Configuration:0.6133333333333333
AnnotationBinder:0.37166666666666665
HibernatePersistence:0.20333333333333334
AvailableSettings:0.02
