RawState:0.6
StylePropertiesList:0.42333333333333334
SynthModelVisitor:0.25333333333333335
SynthLookGenerator:0.24333333333333335
SynthWriter:0.24
SynthStyleSet:0.16666666666666666
WidgetsGenerator:0.15833333333333333
ToSynthGenerator:0.13666666666666666
RawSynthStyle:0.12666666666666668
