JavaDocumentCreator:0.4866666666666667
JavaGWTDocumentCreator:0.4266666666666667
BestSellerList:0.23
GetHierarchyRequest:0.23
Jolie2Java:0.21666666666666667
Jolie2JavaCommandLineParser:0.21666666666666667
GetERPAccountProfileRequest:0.14666666666666667
GetProductListResponse:0.14666666666666667
Date:0.1
JolieDummyArgumentHandler:0.07460714285714287
