TreeSet:0.44333333333333336
TreeMap:0.39
AbstractMapTest:0.2633333333333333
SortedMap:0.2275
SortedSet:0.2275
