EditorPanel:0.7866666666666666
EditorOverlay:0.6533333333333333
EditorLayerManager:0.56
LayerTreeEditor:0.5533333333333333
EditorLayer:0.41
FrameworkConfiguration:0.3933333333333333
ChangeWidgetEdit:0.37666666666666665
EditorEngine:0.32
SwingEditorOverlay:0.31666666666666665
JFXEditorOverlay:0.2633333333333333
AbstractEditorOverlay:0.25666666666666665
AbstractEditorEngine:0.24833333333333332
TreeEditorCopyHelper:0.24
ARINC661App:0.23888888888888885
TreeEditorHelper:0.23666666666666666
PropertyPanelFactory:0.23
DeleteCreateWidgetEdit:0.22666666666666666
SwingSymbolsEditor:0.22333333333333333
WidgetListener:0.21333333333333335
SwingEditorPanel:0.21333333333333335
JFXEditorPanel:0.21
AbstractMoveWidgetEdit:0.19666666666666666
EditorMenuFactory:0.19333333333333333
AbstractEditorLayerManager:0.185
EditorUtilities:0.18333333333333332
SwingEditorLayerManager:0.18
JFXEditorLayerManager:0.18
JFXLayerEventHandler:0.17666666666666667
SwingLayerEventHandler:0.17666666666666667
GroupUngroupWidgetEdit:0.16
TreeEditorScaleHelper:0.16
AbstractEditorPanel:0.16
CutAndPasteWidgetEdit:0.15333333333333332
ClickListener:0.12
EditorResizer:0.10333333333333333
SearchAction:0.09666666666666666
BackgroundTranspDialog:0.08
SearchResultDialog:0.07666666666666666
SaveWidgetSnapshotAction:0.06666666666666667
