BuildingConfig:0.5946666666666667
PersonConfig:0.37333333333333335
