ClientMultiMapProxy:0.56
MapLockTest:0.33222222222222225
ValidationUtil:0.2866666666666667
