Robolectric:0.6133333333333333
ShadowPreference:0.38666666666666666
PreferenceTest:0.24666666666666667
ShadowDialogPreference:0.1311111111111111
