View:0.7133333333333334
ModuleTestBase:0.31666666666666665
MetaView:0.25666666666666665
InvoicesTest:0.22666666666666666
Labels:0.2
ReferenceSearchAction:0.19
SellersTest:0.1
