KeyTools:0.7988888888888889
CrmfRARequestTest:0.3433333333333333
