GeneratorProcessor:0.6033333333333334
BaseReferences:0.48333333333333334
