CATokenContainerImpl:0.37333333333333335
KeyStoreContainerP11:0.31333333333333335
CAAdminSessionBean:0.2966666666666667
CVCCA:0.2733333333333333
KeyStoreContainer:0.24
CACacheManager:0.15666666666666668
CATokenManager:0.15666666666666668
