Publication:0.46
ClientConductorTest:0.2833333333333333
DriverConductor:0.26666666666666666
DriverConductorTest:0.24666666666666667
DriverPublication:0.21
DriverListener:0.205
ClientConductor:0.16333333333333333
DriverListenerAdapter:0.12333333333333334
PublicationTest:0.12333333333333334
AeronClient:0.11
DriverProxy:0.11
PublicationRegistration:0.03
