Doc:0.7033333333333334
FactLine:0.37
Doc_Invoice:0.25666666666666665
Doc_Allocation:0.19666666666666666
Doc_MatchInv:0.18222222222222223
Doc_MatchPO:0.18222222222222223
