DefaultS3OutputStream:0.49666666666666665
S3BlobStore:0.46
S3BlobContainer:0.31
InternalAwsS3Service:0.17
AwsS3Service:0.04666666666666667
S3Repository:0.03666666666666667
