PersistedDBSpectrumResource:0.6052222222222221
Bc_SpectrumDBWrapperPlugin:0.39666666666666667
