BaseOptimizer:0.6383333333333334
SparkUtils:0.4766666666666667
StochasticGradientDescent:0.32
