Manufacture:0.45666666666666667
Settlement:0.41
Farming:0.38
Building:0.34
ManufactureUtil:0.34
LifeSupport:0.32666666666666666
BrowserJFX:0.2833333333333333
Walk:0.27
VehicleMission:0.25
Storage:0.24666666666666667
RoverMission:0.23333333333333334
RoboticStation:0.23
Heating:0.23
FoodProduction:0.22666666666666666
FuelPowerSource:0.22333333333333333
Crop:0.21666666666666667
ManufactureGood:0.21333333333333335
FuelHeatSource:0.21333333333333335
ResourceProcessing:0.21
BuildingAirlock:0.21
LivingAccommodations:0.21
PowerGeneration:0.20333333333333334
FoodProductionUtil:0.20333333333333334
SalvageGood:0.20333333333333334
BeeHive:0.2
ManufactureConstructionMaterials:0.19
TabPanelManufacture:0.18666666666666668
BeeGrowing:0.16333333333333333
Potting:0.15333333333333332
BuildingPanelManufacture:0.15
Bee:0.14777777777777779
Makerbot:0.14777777777777779
CropConfig:0.14666666666666667
Engineer:0.12
