HostnameResolverOptions:0.6733333333333333
CoreExamples:0.40666666666666673
HostnameResolutionTest:0.39333333333333337
