BlobTypeDescriptor:0.58
ClobTypeDescriptor:0.55
NClobTypeDescriptor:0.43166666666666664
SybaseDialect:0.27666666666666667
