Discovery:0.7133333333333334
NodeJoinController:0.45666666666666667
ZenDiscovery:0.42333333333333334
JoinTaskExecutor:0.22333333333333333
RoutingService:0.21583333333333332
LocalDiscovery:0.21333333333333335
NodeJoinControllerTests:0.20333333333333334
NoopDiscovery:0.13916666666666666
