FindDocuments:0.35333333333333333
RetrieveDocumentSet:0.31666666666666665
XDSbRegistry:0.30333333333333334
ProvideAndRegisterDocumentSet:0.21666666666666667
SubmitObjectsRequest:0.21666666666666667
AdhocQueryRequest:0.20666666666666667
XDSbRepository:0.20666666666666667
Repository:0.2
StoredQueryFactory:0.1866666666666667
