XMLHttpRequest:0.8366666666666667
BasicAuthenticationServlet:0.26
XMLHttpRequest3Test:0.21666666666666667
