SimpleClient:0.5666666666666667
Elvin:0.44
JUTestServer:0.31333333333333335
FloodTask:0.12666666666666668
SendTask:0.12666666666666668
