MapService:0.5366666666666666
ObjectMapProxy:0.3
TransactionalMapProxy:0.29
EvictOperation:0.2733333333333333
Merger:0.25666666666666665
GetOperation:0.24666666666666667
SimpleMapTest:0.24277777777777781
BasePutOperation:0.23111111111111116
BaseRemoveOperation:0.2227777777777778
EntryOperation:0.21833333333333332
MapProxySupport:0.21333333333333335
DataMapProxy:0.2127777777777778
GetEntryViewOperation:0.18166666666666667
EntryBackupOperation:0.17833333333333334
