Node:0.6866666666666666
HTMLDocument:0.5033333333333333
XMLDocument:0.23333333333333334
XMLDocument2Test:0.05333333333333334
