DocumentManager:0.5866666666666667
Processor:0.3027420634920635
PreviewData:0.22
Map2SVG:0.21333333333333335
PreviewMap:0.18
PreviewMapReplacer:0.08333333333333333
OpenJumpRenderingSync:0.056666666666666664
