BatchResourceFactoryBean:0.6066666666666667
BatchResourceFactoryBeanTests:0.5866666666666667
