KeyChainGroup:0.5266666666666666
Wallet:0.4388888888888889
KeyChainGroupTest:0.3
