ShadowActivity:0.6733333333333333
ActivityController:0.48333333333333334
ShadowsAdapter:0.26855555555555555
CoreShadowsAdapter:0.155
