JobHistoryReaper:0.5566666666666666
DeadAgentReaper:0.5566666666666666
ExpiredJobReaper:0.52
