HttpTestClient:0.4666666666666667
DefaultHttpServerResponse:0.26
DefaultHttpClient:0.23333333333333334
DefaultHttpClientRequest:0.22333333333333333
JavaHttpTest:0.22333333333333333
