IMap:0.6333333333333333
MapProxySupport:0.5166666666666667
ClientMapProxy:0.435
MapProxyImpl:0.35
