ParserConfig:0.7033333333333334
DefaultJSONParser:0.24777777777777776
DefaultExtJSONParser:0.23666666666666666
