BooleanGrid:0.6666666666666666
iPoint:0.3938888888888889
