EditZoneShareSettingsDlg:0.3466666666666667
GwtShareHelper:0.32666666666666666
GwtTeamingMessages:0.32666666666666666
GwtServerHelper:0.23666666666666666
GwtRpcServiceImpl:0.23333333333333334
EditZoneShareListsTab:0.23
EditZoneShareRightsTab:0.21666666666666667
SaveShareListsCmd:0.19333333333333333
ValidateShareListsRpcResponseData:0.18
EditZoneShareTabBase:0.11
ValidateShareListsCmd:0.03
