CartoonAction:0.24333333333333335
Bonds15Action:0.24333333333333335
WireframeAction:0.24333333333333335
RibbonsAction:0.24333333333333335
Bonds10Action:0.24333333333333335
Bonds20Action:0.24333333333333335
BondsNoneAction:0.24333333333333335
AbstractToggleScriptAction:0.22666666666666666
Spacefill25Action:0.16
Spacefill100Action:0.16
Spacefill0Action:0.16
SelectAllAction:0.16
Spacefill20Action:0.16
DeselectAllAction:0.16
