Queue:0.8666666666666667
MemQueue:0.7283333333333334
DiskBackedQueue:0.4
DiskQueue:0.2833333333333333
