Publication:0.595
Image:0.5183333333333333
LogBuffers:0.4166666666666667
