ElementsLearningAlgorithm:0.6538095238095238
SequenceLearningAlgorithm:0.6538095238095238
SequenceVectors:0.4266666666666667
DBOW:0.38
SkipGram:0.2975
GloVe:0.10666666666666667
