TransactionManager:0.6966666666666667
TestApollo:0.5666666666666667
