SpriteCache:0.4866666666666667
SpriteCacheTest:0.32
IndexBufferObjectSubData:0.25666666666666665
IndexBufferObject:0.25666666666666665
VertexBufferObjectSubData:0.18333333333333332
VertexBufferObject:0.18333333333333332
