HttpClientImpl:0.4866666666666667
HttpClientMetrics:0.4778333333333334
ConnQueue:0.4073333333333333
DummyHttpClientMetrics:0.38666666666666666
FakeHttpClientMetrics:0.3586666666666667
ConnectionManager:0.27666666666666667
MetricsTest:0.24333333333333335
Http1xPool:0.24
Http2Pool:0.17333333333333334
