AggState:0.5533333333333333
MinAggState:0.46
MinAggFunction:0.16333333333333333
RecievePartialResultHandler:0.14333333333333334
InformationSchemaStringColumn:0.14333333333333334
InformationSchemaIntegerColumn:0.13
SQLGroupingCollector:0.09916666666666667
