CommonEjbcaWS:0.5991666666666666
InitializeHardTokenIssuing:0.43
UserDataTest:0.30666666666666664
