IColumnTransform:0.4287619047619048
TransformService:0.37666666666666665
BshColumnTransform:0.25
LookupColumnTransform:0.25
VariableColumnTransform:0.14666666666666667
AdditiveColumnTransform:0.14666666666666667
MultiplierColumnTransform:0.14666666666666667
SubstrColumnTransform:0.14666666666666667
ConstantColumnTransform:0.11333333333333333
CopyColumnTransform:0.11333333333333333
IdentityColumnTransform:0.11333333333333333
