BoolQueryBuilder:0.5466666666666666
SearchQueryIT:0.4166666666666667
BoolQueryBuilderTests:0.3
MatchedQueriesIT:0.20666666666666667
