ShowEndToEndSimpleViewAction:0.7719444444444444
DeleteCustomerPoolAction:0.5442777777777777
