Context:0.56
GlobalAggregateConsumer:0.23333333333333334
Visitor:0.22944444444444448
