JbpmDefinitionLogic:0.5166666666666667
DefinitionServiceDelegateRemoteImpl:0.3844444444444444
DefinitionServiceDelegateLocalImpl:0.3575
JbpmDefinitionServiceBean:0.3575
