Builder:0.31333333333333335
VectorsConfiguration:0.2215
BasicModelUtils:0.22
SimilarityComparator:0.1425
WordSimilarity:0.10838095238095237
Word2VecTest:0.1
ArrayComparator:0.03666666666666667
