CacheTesting:0.6266666666666667
CacheLoadingTest:0.33
CacheBuilderGwtTest:0.2866666666666667
CaffeinatedGuavaLoadingCache:0.23333333333333334
CacheBuilderTest:0.22333333333333333
CacheEvictionTest:0.19666666666666666
NullCacheTest:0.17666666666666667
CacheReferencesTest:0.12666666666666668
