Word2Vec:0.5633333333333334
FirstIterationFunction:0.44666666666666666
BasicModelUtils:0.27
Word2VecTest:0.18
