MreactionTests:0.4877222222222222
MformulaTests:0.4877222222222222
