Tsne:0.4666666666666667
Word2Vec:0.37666666666666665
InMemoryLookupCache:0.36666666666666664
VocabCache:0.235
TsneExample:0.13666666666666666
