DeleteColumnCellRendererEditor:0.7933333333333333
PluginManagerUI:0.4766666666666667
