CrawlURI:0.62
CandidateURI:0.44
Frontier:0.38666666666666666
CrawlController:0.24
CrawlScope:0.194
Postselector:0.18666666666666668
StatisticsTracker:0.18472222222222223
ExtractorHTTP:0.1766666666666667
