FraRateHelper:0.5166666666666667
FixedRateBondHelper:0.45
Event:0.31666666666666665
CommonVars:0.2733333333333333
RelativeDateRateHelper:0.24666666666666667
