AvailCalculations:0.5666666666666667
AvailabilityData:0.43666666666666665
OutageSvcTimesList:0.31666666666666665
AvailabilityReportLocatorServiceTest:0.11
