MainFrame:0.8566666666666667
DataStoreRegister:0.51
NewDSAction:0.12444444444444443
OpenDSAction:0.12444444444444443
