FormsOQLTest:0.7616666666666667
MakumbaJspTestCase:0.3933333333333333
