MainScene:0.43333333333333335
CrewEditorFX:0.4144722222222222
TransportWizard:0.41
ScenarioConfigEditorFX:0.175
LocationTabPanel:0.13
ComparatorOfBuildingID:0.008981481481481483
MaterialDesignToggleButton:0.006666666666666667
