IType:0.7353333333333333
IMethod:0.65
Openable:0.35333333333333333
HierarchyScope:0.32666666666666666
SearchEngine:0.28
RubyMethod:0.22666666666666666
RubyType:0.20666666666666667
BasicSearchEngine:0.18
NodeMethod:0.17666666666666667
