Activator:0.4634761904761905
EchoListener:0.36892857142857144
RubyConsoleView:0.3433333333333333
JsConsoleView:0.2833333333333333
EchoEvent:0.12666666666666668
ConsoleEchoer:0.12
