PosDocument:0.6238095238095238
PosOrder:0.57
PosModel:0.36666666666666664
