Survey:0.4066666666666667
AbstractBasicObject:0.34
StatisticsServer:0.25666666666666665
AbstractQuestion:0.21444444444444447
Questionnaire:0.2
PIRecord:0.19333333333333333
AbstractTypedAnswer:0.19166666666666668
