JavaScriptConfiguration:0.6333333333333333
ClassConfiguration:0.49
JavaScriptConfigurationTest:0.29333333333333333
ClassConfigurationTest:0.2633333333333333
JavaScriptEngine:0.21333333333333335
