X3DParser:0.5333333333333333
IndexedFaceSetImport:0.4533333333333333
TriangleFanSetImport:0.07
TriangleStripSetImport:0.07
TriangleSetImport:0.056666666666666664
