MetadataType:0.44
SchemaLoader:0.4166666666666667
MetadataSchema:0.3
ElementEntry:0.25666666666666665
EditLib:0.22666666666666666
ComplexContentEntry:0.15
