CustomersTest:0.6797222222222223
CarriersTest:0.5414444444444444
