FeatureDrawingUtil:0.49333333333333335
EditSelectedFeaturePlugIn:0.425
LineSimplifyJTS15AlgorithmPlugIn:0.35
ChangeCoordinateSystemPlugIn:0.16333333333333333
