Point3D:0.9866666666666667
PolyLine3D:0.4533333333333333
