NNAdductFormulaTest:0.42
NNAtomTypeTest:0.39
NNElementTest:0.31
NNAtomTest:0.30666666666666664
NNMoleculeTest:0.30666666666666664
NNRingTest:0.2966666666666667
NNPseudoAtomTest:0.2866666666666667
NNChemModelTest:0.17
NNPDBPolymerTest:0.05
