RedisConnection:0.65
ClusterConnectionManager:0.33666666666666667
MasterSlaveEntry:0.32666666666666666
LoadBalancerManagerImpl:0.27666666666666667
LoadBalancerManager:0.2678730158730158
ConnectionPool:0.24666666666666667
