TransferCompletionHandler:0.6716666666666666
ProgressListener:0.30833333333333335
TransferListenerTest:0.11666666666666667
