AsyncFile:0.6866666666666666
FileSystemTest:0.47
AsyncFileImpl:0.2866666666666667
