JwtTicketRegistryTests:0.4231111111111111
JwtProxyGrantingTicketFactory:0.06666666666666667
JwtProxyTicketFactory:0.06666666666666667
