FlowExecutorFactoryBean:0.7583333333333333
FlowExecutorFactoryBeanTests:0.3433333333333333
