SourceAsset:0.6133333333333333
SourceParser:0.37666666666666665
SourceParsedData:0.23266666666666666
PackageMap:0.21333333333333335
SideKickParsedData:0.20722222222222222
