XmlFlowBuilder:0.6751111111111111
AbstractFlowBuilder:0.40377777777777774
