FormTagBase:0.6261111111111112
ValueTag:0.4033333333333333
ControllerFilter:0.36666666666666664
