ItemStream:0.67
FlatFileItemWriter:0.27
MockItemReader:0.2633333333333333
SimpleStreamManager:0.2548888888888889
StagingItemReader:0.25
FooItemReader:0.24666666666666667
DrivingQueryItemReader:0.24333333333333335
DefaultFlatFileItemReader:0.23666666666666666
JdbcCursorItemReader:0.23333333333333334
AbstractJdbcItemReaderIntegrationTests:0.22666666666666666
AbstractDataSourceItemReaderIntegrationTests:0.22666666666666666
DelegatingItemReader:0.22
StaxEventItemWriter:0.21
SimpleStreamManagerTests:0.20666666666666667
StaxEventItemReaderTests:0.20333333333333334
FlatFileItemWriterTests:0.2
HibernateCursorItemReader:0.19666666666666666
StaxEventItemReader:0.19333333333333333
DrivingQueryItemReaderTests:0.19333333333333333
StaxEventWriterItemWriterTests:0.16
DefaultFlatFileItemReaderTests:0.15666666666666668
AbstractTransactionalIoSourceTests:0.13
AbstractTransactionalIoSource:0.12666666666666668
StagingItemReaderTests:0.12333333333333334
ItemStreamAdapter:0.11333333333333333
MockIoSource:0.04
