UnitGroup:0.7366666666666667
Map:0.5833333333333334
TransportGroup:0.16944444444444443
FireMachineGuns:0.15
