SessionImplementor:0.5150555555555555
SessionDelegatorBaseImpl:0.5033333333333333
AbstractEntityManagerImpl:0.3233333333333333
AbstractSessionImpl:0.29333333333333333
AbstractQueryImpl:0.20577777777777778
AddNamedQueryTest:0.17
