SessionContext:0.46
ConnectionContext:0.4166666666666667
AuthenticationIntegrationTest:0.25
SQLOperations:0.21333333333333335
ConnectionContextTest:0.17666666666666667
TestAuthentication:0.15666666666666668
TableStatsServiceTest:0.12333333333333334
QueryStatsTest:0.12333333333333334
AuthenticationMethod:0.10666666666666667
TrustAuthentication:0.08738888888888888
