DefaultServerConnection:0.49333333333333335
DefaultServer:0.47
DefaultClusterableServerFactory:0.36666666666666664
CommandProtocol:0.23
ConnectionFactory:0.1388888888888889
SingleServerClusterTest:0.13333333333333333
DefaultClusterFactory:0.12333333333333334
DefaultConnectionFactory:0.09722222222222222
TestConnectionFactory:0.0
