KeySet:0.6466666666666666
DualKeySet:0.46
Keys:0.36
EmptyKeys:0.24333333333333335
EmptySingleKeys:0.18
