MultiDocumentPercolatorIndex:0.44
PercolatorService:0.36
DocSearcher:0.31666666666666665
SingleDocumentPercolatorIndex:0.15666666666666668
PercolatorIndex:0.13217857142857142
