MonitorConfig:0.7
ApplicationConfig:0.38333333333333336
AbstractConfig:0.26
ServiceConfig:0.24694444444444444
ReferenceConfig:0.2325
AbstractReferenceConfig:0.21333333333333335
ReferenceBean:0.17333333333333334
ServiceBean:0.14
DubboBeanDefinitionParser:0.1
