DaoAuthenticationProvider:0.6183333333333333
DaoAuthenticationProviderTests:0.5833333333333334
