ReportAncestorStatistics:0.66
ConsanguinityInfo:0.12166666666666667
GenerationInfo:0.04833333333333333
