StreamPositionCounter:0.43333333333333335
SequencerAgent:0.31666666666666665
RecordingPos:0.2833333333333333
ChannelEndpointStatus:0.25666666666666665
SendChannelStatus:0.14
ReceiveChannelStatus:0.14
SubscriberPos:0.13544444444444442
PerImageIndicator:0.12666666666666668
