TestAnalyzer:0.7508888888888889
Visitor:0.5744444444444444
