User:0.45666666666666667
Role:0.42333333333333334
Group:0.4066666666666667
Permission:0.3233333333333333
AccessControlEditor:0.2833333333333333
PermissionEditor:0.27
GroupEditor:0.25666666666666665
RoleEditor:0.24666666666666667
SignUpController:0.21333333333333335
UserEditor:0.19666666666666666
Bundle:0.19
AccessControlEditorResult:0.14666666666666667
TestGroup:0.14333333333333334
TestUser:0.11583333333333333
AbstractAccessControlObject:0.056666666666666664
