MethodDefinitionSourceMapping:0.66
MethodDefinitionMap:0.48833333333333323
MethodDefinitionSourceEditor:0.17333333333333334
