ConfigData:0.47333333333333333
GwtRpcServiceImpl:0.35
GwtServerHelper:0.31666666666666665
LandingPage:0.22
GetLandingPageDataCmd:0.17
