AndroidUtils:0.7533333333333333
AndroidUtilsFactory:0.4533333333333333
FrodoActivity:0.31
AbstractUnsizedRenderer:0.09666666666666666
RectangleRenderer:0.04
