ClassMetadata:0.48888888888888893
LoadDataFromFile:0.4633333333333333
BusinessEntityManagerImpl:0.33666666666666667
