ScanningHibernateBundle:0.553611111111111
AuthFactoryProvider:0.4166666666666667
