CmpTestCase:0.5858333333333333
CrmfRATcpRequestTest:0.4166666666666667
CrmfRAPbeRequestTest:0.23
