BinaryJedisCluster:0.46
JedisCluster:0.29333333333333333
MultiKeyPipelineBase:0.24333333333333335
MultiKeyBinaryJedisClusterCommands:0.23666666666666666
MultiKeyBinaryCommands:0.23666666666666666
MultiKeyBinaryRedisPipeline:0.23666666666666666
MultiKeyCommands:0.23666666666666666
MultiKeyCommandsPipeline:0.23666666666666666
MultiKeyJedisClusterCommands:0.23666666666666666
