Viewer:0.5866666666666667
Jnet:0.43666666666666665
MouseManager:0.30777777777777776
ZoomObserver:0.23994444444444446
ZoomObs:0.14333333333333334
