DesktopAppDownloadDlg:0.41333333333333333
DesktopAppDownloadInfoRpcResponseData:0.39666666666666667
GwtServerHelper:0.3333333333333333
GwtTeamingMessages:0.31333333333333335
FileDownloadInfo:0.13
