ConsolePlugin:0.4
ErrorMatcher:0.3933333333333333
ErrorMatcherDialog:0.3
ConsoleOptionPane:0.26666666666666666
MouseHandler:0.1691666666666667
ActionHandler:0.11
