MemCqiServer:0.6238888888888889
TSResult:0.3566666666666667
PatchCwbRegistry:0.27666666666666667
Base:0.26
