TestDocument:0.9566666666666667
TestGate:0.36333333333333334
