CrlDistributionPoints:0.8055555555555555
TestCertificateExtensionManager:0.2633333333333333
