XLogPDescriptor:0.6016666666666667
AromaticBondsCountDescriptor:0.37166666666666665
BondCountDescriptor:0.3122222222222222
BPolDescriptor:0.19333333333333333
