Unit:0.4866666666666667
Tile:0.47
IndianSettlement:0.4066666666666667
FreeColServer:0.30333333333333334
