EjbcaWS:0.4066666666666667
AddEndEntityApprovalRequest:0.30333333333333334
LocalUserAdminSessionBean:0.25
CreateCRLSessionTest:0.24333333333333335
CrmfRATcpRequestTest:0.23333333333333334
ProtocolLookupServerHttpTest:0.23333333333333334
UserAdminSessionTest:0.23333333333333334
CertRequestHttpTest:0.23333333333333334
AuthorizationSessionTest:0.22166666666666668
ProtocolOcspSignedHttpTest:0.2
SignLotsOfCertsTest:0.19
CrmfMessageHandler:0.16333333333333333
