FeaturePair:0.7183333333333334
PostgresChadoAdapter:0.31666666666666665
JdbcChadoAdapter:0.2733333333333333
SybaseChadoAdapter:0.18666666666666668
