Node:0.6033333333333334
CodeStyleTest:0.38666666666666666
HTMLSelectElement:0.32
