WebUtils:0.5566666666666666
CasCoreWebflowConfiguration:0.35
CasEventRepository:0.2701111111111111
AdaptiveMultifactorAuthenticationWebflowEventResolver:0.26
AdaptiveAuthenticationProperties:0.22333333333333333
CasCoreEventsConfiguration:0.10666666666666667
AbstractCasEventRepository:0.013333333333333334
