CommandAsyncService:0.6527777777777777
CommandBatchService:0.4066666666666667
CommandDecoder:0.38333333333333336
