FactoryProvider2:0.4866666666666667
FactoryProvider2Test:0.39
FactoryProviderTest:0.23666666666666666
AssistedConstructor:0.22199999999999998
FactoryProvider:0.19666666666666666
FactoryModuleBuilder:0.18188888888888888
