Session:0.6966666666666667
DefaultCommandHandler:0.38
Configure:0.31
GreysConsole:0.27666666666666667
GaServer:0.2733333333333333
GreysLauncher:0.14333333333333334
SessionCommand:0.12666666666666668
GlobalOptions:0.0
