MapKeyValueSource:0.41
MultiMapKeyValueSource:0.4
KeyValueSource:0.37333333333333335
MapReduceSimpleEntry:0.2866666666666667
MapReduceDataSerializerHook:0.21333333333333335
Combiner:0.013333333333333334
