PredictionContext:0.4166666666666667
TestGraphNodes:0.33
SingletonPredictionContext:0.2966666666666667
ArrayPredictionContext:0.28
ATNConfigSet:0.23666666666666666
PredictionContextCache:0.1588888888888889
