UidFieldMapper:0.24666666666666667
TypeFieldMapper:0.23083333333333333
BooleanFieldMapper:0.23083333333333333
IndexFieldMapper:0.23083333333333333
StringFieldMapper:0.23083333333333333
RoutingFieldMapper:0.22
GeoPointFieldMapper:0.2075
ParentFieldMapper:0.2075
ObjectMapper:0.20333333333333334
IdFieldMapper:0.19
SuggestField:0.17687301587301588
SourceScoreOrderFragmentsBuilder:0.13
SourceSimpleFragmentsBuilder:0.11
