AbstractInvocationFuture:0.26666666666666666
ClientDelegatingFuture:0.25
DelegatingFuture:0.24
AbstractInvocationFuture_GetSafely:0.23
FakeCompletableFuture:0.20666666666666667
CompletedFuture:0.20666666666666667
InternalCompletableFuture:0.08738888888888888
