DocumentCodec:0.4166666666666667
DBCollection:0.4033333333333333
MongoDatabase:0.2683333333333333
DocumentCodecTest:0.22
MongoCollectionView:0.21
DBCollectionTest:0.2
DBObjectCodec:0.2
MongoCollectionImpl:0.19333333333333333
BSONDocumentBufferCodecTest:0.17666666666666667
ConcreteCodec:0.17333333333333334
WorkerCodec:0.17333333333333334
PersonCodec:0.17333333333333334
BulkWriteOperation:0.16
Run:0.15666666666666668
BSONDocumentBufferCodec:0.14333333333333334
InsertOperation:0.10111111111111111
CompoundDBObjectCodec:0.09333333333333334
MongoDatabaseImpl:0.08833333333333333
QueryFieldNameValidator:0.04
