BinderModule:0.69
AbstractBinderProcessor:0.35333333333333333
AbstractEntryProcessor:0.3433333333333333
BinderModuleImpl:0.24333333333333335
AbstractAdminModule:0.24
IndexHelper:0.09666666666666666
