CMap:0.51
DistributedLock:0.46
ConcurrentMapManager:0.37333333333333335
PartitionInfo:0.3406666666666667
PartitionManager:0.21833333333333332
MapStoreTest:0.15
