ConcreteLayerPainter:0.6133333333333333
WindowManager:0.6
AbstractServerEngine:0.33
EditorEngine:0.26
ServerDFHandler:0.23166666666666666
DFHandler_3Test:0.19333333333333333
EmbeddedWindowManager:0.17333333333333334
ServerXMLDFHandler:0.16333333333333333
WindowsWindowManager:0.14
AbstractWindowManager:0.14
ServerBinaryDFHandler:0.13333333333333333
