ExecutionService:0.7830555555555556
ExecutionServiceDelegateLocalImpl:0.3333333333333333
ExecutionServiceDelegateRemoteImpl:0.3333333333333333
JbpmExecutionServiceBean:0.29333333333333333
JbpmExecutionLogic:0.25666666666666665
ExecutionServiceDelegate:0.19416666666666665
AjaxFreemarkerTag:0.17666666666666667
ProcessInstanceVariablesRowBuilder:0.16
