WindowsDisplay:0.5766666666666667
WindowsKeyboard:0.5733333333333334
