MapMBean:0.31666666666666665
ReplicatedMapMBean:0.30333333333333334
QueueMBean:0.22333333333333333
ListMBean:0.20333333333333334
TopicMBean:0.20333333333333334
SetMBean:0.20333333333333334
