BoundedLocalCache:0.5266666666666666
FrequencySketch:0.49333333333333335
FrequencySketchTest:0.36
TCachePolicy:0.22333333333333333
HashClashTest:0.18333333333333332
FrequencySketchBenchmark:0.13
RandomSeedEnforcer:0.023333333333333334
