WWMMatrixReader:0.39666666666666667
DADMLReader:0.2733333333333333
DBReader:0.16
XindiceReader:0.16
DBWriter:0.16
