XContentGenerator:0.33666666666666667
QueryVisitorTest:0.32
QueryVisitor:0.2866666666666667
TransportSQLActionTest:0.19666666666666666
TransportSQLAction:0.16333333333333333
ParsedStatement:0.16
DeleteResponseListener:0.06666666666666667
