SqlScript:0.38
MySQLMigrationMediumTest:0.23333333333333334
OracleMigrationMediumTest:0.22666666666666666
MigrationTestCase:0.22333333333333333
MySQLSqlScript:0.12666666666666668
