GwtRpcService:0.7366666666666667
GwtRpcServiceAsync:0.5233333333333333
GwtRpcServiceImpl:0.31833333333333336
GwtMainPage:0.28
MainMenuControl:0.26666666666666666
ActivityStreamCtrl:0.25666666666666665
LoginDlg:0.24333333333333335
WorkspaceTreeControl:0.194
HasActivityStreamChangedCmd:0.14
GetDefaultActivityStreamCmd:0.14
PersistActivityStreamSelectionCmd:0.14
GetBinderInfoCmd:0.14
GetActivityStreamParamsCmd:0.006666666666666667
GetLoginInfoCmd:0.006666666666666667
