Attributes:0.59
EntityReader:0.3233333333333333
EntityWriter:0.32
GenericMapping:0.24666666666666667
SelectResult:0.13666666666666666
PreparedQueryOperation:0.12666666666666668
