SNMPDataProcessor:0.5933333333333334
SyncAction:0.4766666666666667
