MovAvgModel:0.5033333333333333
MovAvgTests:0.46777777777777774
MovAvgUnitTests:0.19666666666666666
MovAvgPipelineAggregator:0.195
MovAvgModelModule:0.16666666666666666
MovAvgParser:0.11666666666666667
AbstractModelParser:0.07666666666666666
TransportMovAvgModelModule:0.07333333333333333
SingleExpModelParser:0.056666666666666664
DoubleExpModelParser:0.05
MovAvgModelParserMapper:0.043333333333333335
SimpleModelParser:0.013333333333333334
LinearModelParser:0.013333333333333334
