JPPFConnection:0.53
JPPFJcaClient:0.33
JcaClassServerDelegate:0.2644444444444445
DemoTest:0.25666666666666665
JcaResultProcessor:0.16
