ClusterTest:0.4241666666666667
TcpIpJoiner:0.36333333333333334
AbstractJoiner:0.2833333333333333
HazelcastClusterTest:0.2633333333333333
MasterAnswer:0.18244444444444444
MasterQuestion:0.14777777777777776
