Builder:0.7533333333333333
DocumentMapper:0.41
MetaDataMappingService:0.2833333333333333
UpdateMappingTests:0.16
