ConfigTest:0.52
ServiceConfig:0.4902222222222223
Parent1:0.23159523809523813
WrapperTest:0.18
Son:0.043055555555555555
Parent2:0.0011111111111111111
