FileSystem:0.8755555555555554
FileSystemTest:0.09666666666666666
