IOUtil:0.33
Address:0.28
BufferObjectDataOutput:0.23327777777777778
SocketTextWriter:0.22944444444444448
TcpIpConnection:0.22333333333333333
QuickMath:0.22
WriteHandler:0.21333333333333335
UTFEncoderDecoder:0.21
UnsafeHelper:0.013333333333333334
