Transformer:0.38333333333333336
StrandedZoomableApolloPanel:0.37
FeatureTier:0.35
FeatureView:0.2966666666666667
FeatureTypes:0.2866666666666667
ApolloPanel:0.2833333333333333
ColumnApolloLayout:0.2833333333333333
Config:0.23
LinearView:0.21666666666666667
AnnotationView:0.14333333333333334
ExpandedFeatureTierManager:0.10333333333333333
FeatureTierManager:0.08333333333333333
