MethodSpec:0.6066666666666667
MethodSpecTest:0.34
ParameterSpec:0.2138888888888889
