HeadersBeanDefinitionParser:0.49666666666666665
HttpConfigurationBuilder:0.38666666666666666
InMemoryXmlApplicationContext:0.2633333333333333
HeaderWriterFilter:0.2624444444444444
SecurityNamespaceHandler:0.16
