AbstractDashboardWidget:0.6166666666666666
SimpleMapDashboardWidget:0.33
SimpleLabelDashboardWidget:0.24666666666666667
