ClientsideValidationProvider:0.6766666666666666
table:0.4533333333333333
NamedResources:0.4033333333333333
StringUtils:0.39666666666666667
MakumbaSystem:0.37
choiceEditor:0.36666666666666664
MultipleKey:0.3566666666666667
Database:0.33666666666666667
Query:0.33
RuntimeWrappedException:0.2866666666666667
ResourcePool:0.2733333333333333
NameValueReturner:0.27051984126984113
WrappedException:0.26666666666666666
ClassResource:0.24666666666666667
InputTag:0.24666666666666667
Logic:0.23666666666666666
ArrayMap:0.23
dateEditor:0.22
RecordParser:0.21888888888888886
FormTagBase:0.2180952380952381
MakumbaDataDefinitionFactory:0.21666666666666667
FieldEditor:0.21333333333333335
ObjectImporter:0.2
LineViewer:0.19333333333333333
TomcatJsp:0.19111111111111112
FieldFormatter:0.18333333333333332
BasicValueTag:0.18333333333333332
ptrEditor:0.18
FormResponder:0.17666666666666667
version:0.16766666666666666
TagExceptionServlet:0.15333333333333332
javaViewer:0.15333333333333332
NewTag:0.14
LongData:0.13666666666666666
setcharEnumEditor:0.13333333333333333
GeneratedCodeViewer:0.13
charEnumEditor:0.09333333333333334
Base64:0.07666666666666666
charEditor:0.075
textEditor:0.075
NameValue:0.07333333333333333
dateFormatter:0.07
LiveValidationProvider:0.06333333333333334
intEditor:0.058333333333333334
setEditor:0.058333333333333334
RecordFormatter:0.057222222222222216
ErrorReturner:0.05333333333333334
RecordEditor:0.05
ProducerReturner:0.043333333333333335
KruseCalendarEditor:0.04
ReadableFormatter:0.04
HtmlTagEnumerator:0.035
StalePreventionThread:0.03333333333333333
RegExpUtils:0.03333333333333333
SoftNamedResources:0.03333333333333333
DbConnectionProvider:0.02666666666666667
ChoiceSet:0.023333333333333334
NamedResourceFactory:0.015
ReservedKeywords:0.013333333333333334
NamedResourcesContextListener:0.01
timestampFormatter:0.01
ptrFormatter:0.006666666666666667
errorEditor:0.006666666666666667
realEditor:0.006666666666666667
CalendarEditorProvider:0.006666666666666667
intEnumFormatter:0.006666666666666667
setintEnumEditor:0.0033333333333333335
intEnumEditor:0.0033333333333333335
