jOOQAbstractTest:0.6916666666666667
JooqUtil:0.3566666666666667
TypeUtils:0.2966666666666667
