FormSerializer:0.3
TextAreaNodeHandler:0.21
TextFieldNodeHandler:0.21
BlockNodeHandler:0.20666666666666667
ComboboxNodeHandler:0.20666666666666667
ExampleFormObject:0.19
GridNodeHandler:0.18777777777777777
ExampleFormController:0.17333333333333334
ComponentNodeHandler:0.17
NodeHandlerContext:0.16777777777777778
ConvertorFactory:0.11666666666666667
KIASServlet:0.1
FormLocator:0.08444444444444445
PasswordFieldNodeHandler:0.08333333333333333
RadiobuttonNodeHandler:0.016666666666666666
CheckboxNodeHandler:0.013333333333333334
BooleanValueConvertor:0.0
