ClassTestDescriptor:0.6205555555555555
MethodTestDescriptor:0.5166666666666667
