Table:0.7733333333333333
TableAbstract:0.2966666666666667
Field:0.29333333333333333
Entity:0.28
Ordering:0.24666666666666667
ModelGenerator:0.24333333333333335
OrderingUtils:0.013333333333333334
