Resource:0.45092857142857146
AmountResource:0.41333333333333333
UnknownResourceName:0.4063730158730159
ItemResource:0.38666666666666666
ResourceAbstract:0.16
