WADOSupport:0.7705555555555555
WADORequestObject:0.43213888888888885
WADORequestObjectImpl:0.39666666666666667
