DocumentMetadataRecord:0.5716666666666667
PatientRecord:0.56
DocumentList:0.3
PatientList:0.25666666666666665
