ServerSynchronizedDocument:0.35333333333333333
ClientSynchronizedDocument:0.33666666666666667
SimulatedNetworkTest:0.31333333333333335
NetworkConnection:0.16333333333333333
SimulateNetzwork:0.10333333333333333
