FlowNavigationHandler:0.6033333333333334
FlowPhaseListener:0.41
EmptyFlowExecutionListenerLoader:0.09799999999999999
