KeyEventWorkaround:0.6866666666666666
DefaultInputHandler:0.37666666666666665
TextAreaInputHandler:0.3433333333333333
