ArticleBean:0.57
BeanFactory:0.5666666666666667
TermBean:0.27666666666666667
ArticleBeanFactory:0.25333333333333335
ArticleIterator:0.19444444444444445
RegenerateFullTextIndices:0.18444444444444444
ArticleIterator2:0.08
TermIterator:0.08
JointIterator:0.01
