MemoryStats:0.6666666666666666
LocalMemoryStatsImpl:0.3466666666666667
DefaultMemoryStats:0.2966666666666667
BaseMemoryStats:0.23333333333333334
LocalMemoryStatsImplTest:0.2
HealthMetrics:0.14666666666666667
DummyMemoryStats:0.06666666666666667
HeapMemoryStats:0.06666666666666667
