JCell:0.7366666666666667
GraphJVertex:0.5333333333333333
JEdge:0.44333333333333336
JVertex:0.43666666666666665
Options:0.41
JGraph:0.37666666666666665
JModel:0.3466666666666667
JVertexView:0.3383333333333333
LabelList:0.32666666666666666
GraphJModel:0.32666666666666666
AspectGraph:0.30083333333333334
AspectParser:0.28
MyRenderer:0.27666666666666667
GraphJEdge:0.27
Atom:0.2683333333333333
AspectJEdge:0.25666666666666665
Editor:0.25666666666666665
JEdgeView:0.21666666666666667
AspectJVertex:0.21666666666666667
Simulator:0.21
MyFileChooser:0.20333333333333334
LTSJModel:0.19333333333333333
JAttr:0.17333333333333334
JCellEditAction:0.15333333333333332
SetLineStyleAction:0.14333333333333334
RealCellEditor:0.14333333333333334
MyGraphLayoutCache:0.13333333333333333
EditableJEdge:0.13333333333333333
EditableJVertex:0.12333333333333334
LabelAction:0.12333333333333334
JCellViewFactory:0.12333333333333334
ResetLabelPositionAction:0.12166666666666667
MultiLinedEditor:0.12
MyCellRenderer:0.11416666666666667
MyEdgeRenderer:0.08666666666666667
RegExprAction:0.08666666666666667
TransitionJEdge:0.08333333333333333
JCellContent:0.08333333333333333
StateJVertex:0.05333333333333334
EdgeContent:0.043333333333333335
EditableContent:0.03666666666666667
RefreshListener:0.0025
