SQLOperations:0.37
AlterTableOperation:0.29
TablesNeedUpgradeSysCheck:0.2544444444444445
TableStatsServiceTest:0.21333333333333335
SQLTransportIntegrationTest:0.17833333333333334
SQLTransportExecutor:0.12
SQLDirectExecutor:0.1188888888888889
BaseUsersIntegrationTest:0.11333333333333333
