ActionProvider:0.82
Workbench:0.61
Menu:0.2544444444444445
TreeView:0.24666666666666667
ContextHook:0.24
Toolbar:0.18
ReportPlugin:0.15333333333333332
TrackerPlugin:0.15
EditPlugin:0.15
HelpPluginFactory:0.043333333333333335
