Column:0.4766666666666667
Installer:0.45
InstallerDBTest:0.35333333333333333
Constraint:0.31666666666666665
Table:0.2733333333333333
