QueryCompletionTable:0.5833333333333334
GraphJdbc:0.41333333333333333
GraphModMine:0.3933333333333333
