TestFullApplicationContext:0.44666666666666666
MemcacheTest:0.30333333333333334
HTTPCommunicator:0.18333333333333332
TestHibernateApplicationContext:0.16666666666666666
