OracleSqlStatementBuilder:0.515
SqlStatementBuilder:0.5
SqlStatementBuilderSmallTest:0.2633333333333333
MySQLSqlStatementBuilder:0.19666666666666666
