Spark:0.4766666666666667
SslStores:0.4766666666666667
Service:0.45
SocketConnectorFactory:0.31333333333333335
