Euler:0.6433333333333333
EulerExt:0.2733333333333333
EulerRunner:0.22666666666666666
