PrivateManagerBean:0.37
DeleteStudyService:0.35333333333333333
FileSystemMgt2Service:0.30333333333333334
FileSystemMgt2Bean:0.2633333333333333
FileUtils:0.18
FileDeleter:0.17
JndiHelper:0.11333333333333333
