LiveVersionMap:0.6133333333333333
KeyedLock:0.37333333333333335
InternalEngineTests:0.31333333333333335
LiveVersionMapTests:0.13166666666666665
KeyedLockTests:0.04666666666666667
