BusinessObjectFactoryTestCase:0.7669444444444444
ModelTestCase:0.5836666666666667
