Component:0.6451111111111112
IssueAttachment:0.63
NameComparator:0.24666666666666667
ProjectNameComparator:0.17333333333333334
CustomFieldValueTest:0.15
ComponentTest:0.11
OriginalFilenameComparator:0.10333333333333333
IssueTest:0.056666666666666664
IssueAttachmentTest:0.04666666666666667
