HttpBase:0.6066666666666667
Echo2Servlet:0.27
EchoServlet:0.24333333333333335
EncodingTest:0.13333333333333333
Data:0.09
