Viewer:0.5866666666666667
JnetConstants:0.45844444444444443
Token:0.45844444444444443
Eval:0.3933333333333333
PropertyManager:0.2472222222222222
StatusManager:0.24333333333333335
GlobalSettings:0.20333333333333334
