GhemicalPlugin:0.6833333333333333
ComputationStrategyFactory:0.34
ComputeEnergyJob:0.30666666666666664
ComputationException:0.12
