PySystemState:0.8733333333333333
JavaClass:0.33
JavaImportHelper:0.25
SyspathArchive:0.23666666666666666
