Metadata:0.6666666666666666
MetadataSupport:0.4822222222222223
SqParams:0.25333333333333335
