UtilTargetError:0.4613571
BSHAmbiguousName:0.20738702
BSHPrimarySuffix:0.19132435
BSHAllocationExpression:0.18990664
EvalError:0.18121697
Name:0.1746416
BshMethod:0.17097002
NameSpace:0.16717294
Interpreter:0.1540775
BSHMethodInvocation:0.15106988
BSHPrimaryExpression:0.14913203
This:0.14524554
BSHCastExpression:0.13969472
BSHImportDeclaration:0.13910261
BSHArrayInitializer:0.13293037
Reflect:0.13128787
BSHAssignment:0.12829025
BSHBinaryExpression:0.12220688
BSHMethodDeclaration:0.12104526
BSHSwitchStatement:0.12002161
BSHTypedVariableDeclaration:0.11989451
BSHEnhancedForStatement:0.11934596
BSHTryStatement:0.11888484
BSHUnaryExpression:0.11801227
BSHClassDeclaration:0.11726666
ClassGeneratorImpl:0.106352024
XThis:0.090473786
ClassPathException:0.087819226
BshClassManager:0.08583267
ClassGenerator:0.081849776
BlockNameSpace:0.074137375
SimpleNode:0.07105631
ClassGeneratorUtil:0.058150403
JThis:0.04852885
Types:0.047753032
BeanShell:0.04653443
Variable:0.0452475
LHS:0.04352417
Primitive:0.042112496
Capabilities:0.029184435
VFSBrowser:0.021930426
jEdit:0.012904978
BeanShellAction:0.012849208
CallStack:0.012190672
DockableWindowManager:0.008595395
EditServer:0.0038100968
