JdbcEventdServiceManager:0.5841666666666666
EventdSpringTest:0.56
JdbcEventWriterTest:0.30666666666666664
