MediaConductorTest:0.5466666666666666
AtomicArrayTest:0.4633333333333333
AtomicArray:0.41333333333333333
ArrayIterator:0.2633333333333333
