TransportActionProvider:0.45666666666666667
ProjectionToProjectorVisitor:0.37
QueryThenFetchTask:0.31
GetResponseFieldExtractorFactory:0.27051984126984113
ESGetTask:0.2683333333333333
UpdateProjection:0.24333333333333335
QTFScrollTaskResult:0.18333333333333332
SearchHitExtractorContext:0.16413167388167385
QueryShardResponseListener:0.15333333333333332
MultiGetResponseListener:0.12666666666666668
TransportExecutorModule:0.056666666666666664
GetResponseListener:0.04
UpdateProjector:0.03666666666666667
UpdateConsumer:0.0025
GetResponseContext:0.0
SearchHitFieldExtractorFactory:0.0
