FlowExecutionContextHolder:0.36666666666666664
FlowNavigationHandler:0.22
FlowPhaseListener:0.20666666666666667
FlowExecutionHolderUtils:0.19
EnableScopesBeanDefinitionParser:0.14333333333333334
StubObjectFactory:0.10333333333333333
FlashScope:0.08273352573352574
FlowScope:0.08273352573352574
WebFlowConfigNamespaceHandler:0.07333333333333333
ScopedBeanException:0.04
ConversationScope:0.03222222222222223
ScopeRegistrar:0.03138888888888889
ConversationScopeTests:0.03
FlashScopeTests:0.03
FlowScopeTests:0.03
AbstractWebFlowScope:0.011111111111111112
