SupervisedLearning:0.48333333333333334
IterativeLearning:0.46
LearningRule:0.31333333333333335
