CorrelationAliasInfo:0.6566666666666666
CorrelationVariableInfo:0.6566666666666666
