ObjectInfoAsXML:0.4633333333333333
ProfileSerializerThread:0.12333333333333334
ObjectMethodsSerializerThread:0.12333333333333334
BehaviorMethodsSerializerThread:0.12333333333333334
BehaviorDefinitionsSerializerThread:0.12333333333333334
