RrInterval:0.43333333333333335
LineSegment:0.41777777777777775
RrBox:0.37333333333333335
Rr2Point:0.37333333333333335
RrGraphics:0.36
RrPolygonList:0.25
RrHalfPlane:0.24333333333333335
STLSlice:0.23333333333333334
RrCSGPolygon:0.22
TestMain:0.17
myMouse:0.11666666666666667
myKB:0.006666666666666667
