RenderPanel:0.39
JCPToolBar:0.31333333333333335
JChemPaint:0.24333333333333335
JChemPaintPanel:0.23666666666666666
JChemPaintMenuBar:0.23
