JoeSnmpAgentConfig:0.5988888888888889
JoeSnmpWalker:0.5633333333333334
JoeSnmpStrategy:0.395
