ModelWithBeanValidations:0.5083333333333333
PropertyBuilder:0.26
BeanValidator:0.22666666666666666
