OperatorContext:0.6133333333333333
DriverContext:0.45666666666666667
DecoratedLocalMemoryContext:0.2833333333333333
DriverStats:0.24666666666666667
TestDriverStats:0.18
TestMemoryTracking:0.14333333333333334
SplitStatistics:0.14333333333333334
