KeyTools:0.43
KeyStoreTools:0.41333333333333333
AlgorithmTools:0.32
Sign:0.30333333333333334
SignWithWorkingAlgorithm:0.25666666666666665
CAAdminSessionBean:0.25666666666666665
LegacyKeyStoreTools:0.2
InternalKeyBindingMgmtSessionBean:0.185
AlgorithmToolsTest:0.17833333333333334
KeyStoreContainerTest:0.16666666666666666
TestData:0.16333333333333333
NormalTest:0.15666666666666668
SignOperation:0.04666666666666667
SignO:0.03666666666666667
SignWithWorkingAlgorithmTest:0.03
MyOperation:0.011666666666666667
SizeAlgorithmParameterSpec:0.0025
MyException:0.0
KeyStoreCertSignOperation:0.0
GetCSROperation:0.0
