MainScene:0.44
MainDesktopPane:0.4
DesktopPane:0.37333333333333335
SettlementMapPanel:0.25
ArrivingSettlement:0.24
SettlementTransparentPanel:0.18666666666666668
