UsageMessageFormatter:0.5133333333333333
RunCommand:0.3466666666666667
DefaultCLITest:0.3333333333333333
