EntryMenuPanel:0.44333333333333336
UIData:0.42277777777777775
GwtMenuHelper:0.30333333333333334
TaskListing:0.2966666666666667
DataTableFolderViewBase:0.2733333333333333
