MoleculesPage:0.5466666666666666
ToolbarHelper:0.5097222222222222
DescriptorsPage:0.33
