AuthenticationRepositoryDependenciesConfigurer:0.4083333333333333
RemeberMeServicesDependenciesConfigurer:0.3563888888888889
