Configuration:0.8
RuntimeEnvironment:0.5166666666666667
Indexer:0.21777777777777782
WebappListener:0.12333333333333334
