ProjectServiceImplTest:0.4666666666666667
ConfigurationServiceImplTest:0.44
WorkflowScriptDAOImplTest:0.18666666666666668
ITrackerResourceBundleTest:0.10666666666666667
