HashMapTest:0.4
AbstractMapTest:0.3933333333333333
TreeMapTest:0.35
LinkedHashMapTest:0.35
HashMultimapTest:0.3333333333333333
LinkedHashMultimapTest:0.3333333333333333
TreeMultimapTest:0.3333333333333333
