LDAPAuthenticationHandler:0.5033333333333333
LDAPClient:0.48333333333333334
LDAPConnectionControl:0.2733333333333333
MockAuthHandler:0.21
