SerializeWriter:0.6222222222222222
ASMSerializerFactory:0.5066666666666667
