Queries:0.68
MapperQueryParser:0.4655555555555555
QueryStringQueryParser:0.19666666666666666
TermsQueryParser:0.15333333333333332
BoolQueryParser:0.15333333333333332
