RasterImageLayer:0.78
OpenJUMPSextanteRasterLayer:0.21333333333333335
AddRasterImageLayerWizard:0.2
LoadSextanteRasterImagePlugIn:0.18666666666666668
SaveRasterImageAsImagePlugIn:0.16666666666666666
ExtractSelectedPartOfImage:0.13
