BulletBuild:0.21333333333333335
GdxBuild:0.16666666666666666
FreetypeBuild:0.14
ImageBuild:0.14
