Adapter:0.6766666666666666
AgentBuilder:0.6266666666666667
Default:0.43333333333333335
ExecutingTransformer:0.32666666666666666
Delegator:0.31
DescriptionStrategy:0.26666666666666666
TypeDescriptionForLoadedTypeTest:0.25
Compound:0.22666666666666666
Listener:0.22333333333333333
PoolStrategy:0.21642857142857144
AgentBuilderDefaultTest:0.20666666666666667
ByThrowableType:0.20333333333333334
Ignoring:0.19
Transforming:0.16
Foo:0.14833333333333334
AgentBuilderDescriptionStrategyTest:0.13416666666666666
FallbackStrategy:0.10666666666666667
Factory:0.10666666666666667
TypeStrategy:0.10333333333333333
StreamWriting:0.10277777777777777
ModuleReadEdgeCompleting:0.06333333333333334
