MetadataPermissionsServiceSkeleton:0.6466666666666666
MetadataPermissionsMessageReceiverInOut:0.3233333333333333
