Param:0.51
ProcessDefinition:0.45666666666666667
Swimlane:0.3466666666666667
Variable:0.2733333333333333
UpdateVariableDialog:0.27
ChooseItemDialog:0.2683333333333333
WYSIWYGHTMLEditor:0.25
OrgFunctionDefinition:0.22866666666666666
UserInputDialog:0.22666666666666666
ArtifactPreferencePage:0.21666666666666667
TypedUserInputCombo:0.21333333333333335
ConstraintsModel:0.21333333333333335
FieldValidatorsWizardPage:0.20666666666666667
MultiInstanceDialog:0.19666666666666666
DateInputDialog:0.19
VariableEditorPage:0.18666666666666668
OrgFunctionsRegistry:0.18
WFEServerConnector:0.18
MessageNodeDialog:0.18
LDAPConnector:0.18
ValidatorWizard:0.17666666666666667
BackCompatibilityUtils:0.16666666666666666
ExplorerTreeView:0.165
BotExplorerTreeView:0.165
BSHEditorDialog:0.16
EmailConfigWizardPage:0.15666666666666668
TreeViewSelectionDialog:0.15333333333333332
BSHDecisionProvider:0.15
DurationEditDialog:0.13333333333333333
CreateVariableSelectionListener:0.12666666666666668
ChangeVariableSelectionListener:0.12666666666666668
BSHTypeSupport:0.12666666666666668
VariablesXmlContentProvider:0.12333333333333334
CKEditorDialogCreatorHelper:0.12166666666666667
MoveVariableSelectionListener:0.12
ChooseDateVariableDialog:0.12
PhraseDecliner:0.12
DefaultParamsComposite:0.12
FreemarkerUtil:0.11666666666666667
XmlBasedConstructorProvider:0.11666666666666667
ConfigurationDialog:0.11
ChooseClassDialogCellEditor:0.11
ConfigurationWizardPage:0.10666666666666667
SwimlaneGeneralElement:0.1
SwimlaneRelationsElement:0.1
LoggingDoubleClickAdapter:0.09666666666666666
FtlTagSupportServlet:0.08
MultiTaskExecutorsActionsDelegate:0.06
CommonPreferencePage:0.03333333333333333
LoggingSelectionAdapter:0.03
EditorHashModel:0.02666666666666667
NumberType:0.019166666666666665
PreferenceInitializer:0.016666666666666666
PrefConstants:0.0
DoubleInputDialog:0.0
LongInputDialog:0.0
