IChIGenerator:0.36666666666666664
WWMMCDKPlugin:0.33
Utils:0.2966666666666667
SDF2IChI:0.21333333333333335
TextFrame:0.18333333333333332
LookupWWMMEvent:0.18055555555555555
WWMMCDKPluginQueryFrame:0.16666666666666666
CreateIChIEvent:0.13666666666666666
QueryWWMMEvent:0.1211111111111111
AddWWMMEvent:0.07083333333333333
CreateCMLEvent:0.05333333333333334
