LifeCycleEventHandler:0.4066666666666667
NodeExecutionManagerImpl:0.34
JPPFNode:0.265
ChannelWrapperLocal:0.20416666666666666
NodeListener:0.16333333333333333
NodeLifeCycleListenerEx:0.15276190476190485
NodeLifeCycleEvent:0.12666666666666668
RemoteNodeIO:0.11666666666666667
LocalNodeIO:0.11666666666666667
MyTask:0.1
