ReceiveChannelEndpoint:0.5033333333333333
SetupMessageHandler:0.45429365079365075
ReceiverTest:0.29333333333333333
SendChannelEndpoint:0.28
DataPacketDispatcherTest:0.28
DataPacketDispatcher:0.19333333333333333
