AeronArchive:0.49333333333333335
ControlResponsePoller:0.4216666666666667
ArchiveReplayLoadTest:0.33
ArchiveTest:0.31333333333333335
