TestCompositeGrammars:0.5896666666666667
TestATNSerialization:0.5444444444444444
