Level:0.7482777777777778
PlanData:0.3988888888888889
