Compiler:0.6966666666666667
SymbolTable:0.41
HopCompiler:0.22666666666666666
HopFileDescriptorIterator:0.22
