JdtTypes:0.615
JdtParserEnvironment:0.3933333333333333
NullTypeBinding:0.18333333333333332
