ReportModule:0.5919444444444445
FolderServiceImpl:0.38333333333333336
TeamingServiceClientWithCall:0.31333333333333335
ReportModuleImpl:0.2966666666666667
NullReportModule:0.2866666666666667
WSClientBase:0.23666666666666666
