TCRVisualPanel1:0.6233333333333333
TCRWizardPanel1:0.32666666666666666
TCRWizardIterator:0.30866666666666664
