BibtexmlPackage:0.83
PhdthesisType:0.54
IncollectionType:0.54
ArticleType:0.54
InproceedingsType:0.54
BookType:0.54
ConferenceType:0.54
DocumentRoot:0.54
BibTeXMLEntriesClass:0.54
BookletType:0.54
UnpublishedType:0.54
InbookType:0.54
ManualType:0.54
MastersthesisType:0.54
MiscType:0.54
TechreportType:0.54
ProceedingsType:0.54
QsarPackage:0.5333333333333333
BibtexmlAdapterFactory:0.4533333333333333
QsarPackageImpl:0.39666666666666667
ResourceTypeImpl:0.37333333333333335
Literals:0.3677777777777778
ResourceType:0.3675
BibtexmlFactory:0.3190079365079365
BibtexmlPackageImpl:0.31
TechreportTypeImpl:0.2966666666666667
ProceedingsTypeImpl:0.2966666666666667
MiscTypeImpl:0.2966666666666667
UnpublishedTypeImpl:0.2966666666666667
MastersthesisTypeImpl:0.2966666666666667
BookletTypeImpl:0.2966666666666667
PhdthesisTypeImpl:0.2966666666666667
ArticleTypeImpl:0.2966666666666667
ManualTypeImpl:0.2966666666666667
BookTypeImpl:0.29
ConferenceTypeImpl:0.29
InproceedingsTypeImpl:0.29
InbookTypeImpl:0.29
IncollectionTypeImpl:0.29
MetadataTypeImpl:0.26
QsarFactoryImpl:0.25666666666666665
QsarSwitch:0.25666666666666665
QsarAdapterFactory:0.23
QsarFactory:0.22777777777777777
BibtexmlSwitch:0.20111111111111113
BibtexmlValidator:0.18333333333333332
EntryType:0.18
BibtexmlFactoryImpl:0.17333333333333334
DocumentRootImpl:0.17333333333333334
BibTeXMLEntriesClassImpl:0.17333333333333334
FileType:0.13333333333333333
EntryTypeImpl:0.12
FileTypeImpl:0.08944444444444445
BibtexmlXMLProcessor:0.02861111111111111
BibtexmlResourceFactoryImpl:0.015
BibtexmlResourceImpl:0.0025
