GenerationUnit:0.6066666666666667
ObjectiveCHeaderGeneratorTest:0.36
GenerationBatch:0.30333333333333334
GenerationTest:0.2833333333333333
TranslationProcessor:0.2633333333333333
FileProcessor:0.20333333333333334
