ArticleBean:0.43666666666666665
BeanFactory:0.37333333333333335
HitTable:0.30666666666666664
SearchHits2:0.18333333333333332
AddComment:0.17833333333333334
ArticleTable:0.17666666666666667
DisplayHit:0.15666666666666668
HitBeanTests:0.15333333333333332
HitBeanFactory:0.11666666666666667
ArticleReferenceListAsTable:0.10333333333333333
MassValidateHits:0.10333333333333333
SelfUrlTag:0.09333333333333334
UpdateArticleWithId:0.08
