Evaluation:0.8233333333333334
EvalTest:0.21666666666666667
