EvidencePanel:0.48
SequenceTextPanel:0.4766666666666667
LinearView:0.37
FeatureTreePanel:0.24333333333333335
ViewI:0.2
Controller:0.18666666666666668
LinearViewI:0.15833333333333333
ScaleView:0.11
