Style:0.72
FeatureProperty:0.6333333333333333
StyleWizard:0.30666666666666664
TierProperty:0.24
ColorButtonListener:0.23
TypesWizard:0.2
AnnotationMenu:0.195
TierPopupMenu:0.18666666666666668
PreferenceWindow:0.12666666666666668
EditMenu:0.11666666666666667
BottomPanelButtonListener:0.1075
PreferenceWindowListener:0.016666666666666666
CollectionUtil:0.0
