TestHazelcastInstanceFactory:0.48833333333333334
BasicMapTest:0.36
SizeEstimatorTest:0.35333333333333333
SizeEstimatorTestMapBuilder:0.2733333333333333
JmxTestDataHolder:0.23333333333333334
MBeanTest:0.18666666666666668
MapInstanceSharingTest:0.15
AtomicReferenceInstanceSharingTest:0.15
MapEvictAllTest:0.13333333333333333
