WorkAreaFunctionMembershipManager:0.6019444444444445
AbstractAdminModule:0.54
WorkAreaFunctionMembershipManagerImpl:0.36333333333333334
