Fiber:0.4766666666666667
Actor:0.39
Strand:0.31777777777777777
TypeInterpreter:0.3
FrameInfo:0.275
EventSourceActor:0.25333333333333335
ServerActor:0.25333333333333335
InstrumentMethod:0.21833333333333332
TypeFrame:0.19666666666666666
SupervisorActor:0.18666666666666668
BehaviorActor:0.18333333333333332
ThreadStrand:0.18
FiberStrand:0.1711111111111111
TypeAnalyzer:0.14666666666666667
ActorTest:0.11
