KerasEmbedding:0.5633333333333334
MaskZeroLayer:0.48333333333333334
Keras2ModelConfigurationTest:0.4766666666666667
KerasEmbeddingTest:0.2
