StringUtil:0.5016666666666667
XmlConfigBuilder:0.35333333333333333
LoadTracker:0.29
AbstractXmlConfigHelper:0.2633333333333333
TimedMemberState:0.23333333333333334
XmlClientConfigBuilder:0.21666666666666667
HealthMonitorThread:0.13666666666666666
