GraphicFactory:0.8333333333333334
ServerXMLDFHandler:0.39
ServerBinaryDFHandler:0.2733333333333333
