ArticleBean:0.6133333333333333
ArticleBeanImpl:0.4033333333333333
ArticleBeanFactory:0.3933333333333333
NullArticleBean:0.32666666666666666
