TypeGraph:0.8438888888888889
RuleLevel2:0.24666666666666667
