ResourcesTest:0.49833333333333335
FileFsFile:0.3933333333333333
AndroidManifestTest:0.31
