Worker:0.5933333333333334
GlobalViewModel:0.31666666666666665
GlobalViewWindow:0.26666666666666666
SystemBuilder:0.24666666666666667
WorkerControl:0.215
CommandState:0.18
Command:0.16666666666666666
NewWorkerMsg:0.14666666666666667
RulebaseMsg:0.14333333333333334
PermCommand:0.13666666666666666
Commander:0.09333333333333334
