StateGenerator:0.42333333333333334
MyForestLayouter:0.36333333333333334
LocationTransition:0.2511111111111111
DefaultGrammarView:0.24
CAPanel:0.19666666666666666
GCLParser:0.18
GCLBuilder:0.17
