Sequence:0.4533333333333333
SequenceService:0.36
TableConstants:0.31666666666666665
AbstractSqlMap:0.29
ParameterConstants:0.2617777777777778
SequenceServiceSqlMap:0.15333333333333332
ISequenceService:0.13666666666666666
