InfixExpression:0.32666666666666666
TypeUtil:0.2966666666666667
JdtTypes:0.29
Rewriter:0.27666666666666667
EnhancedForRewriter:0.14666666666666667
JdtParserEnvironment:0.11333333333333333
