Constants:0.5583333333333335
AttributeMetadata:0.4666666666666667
Util:0.37
ClassMetadata:0.335
MetadataEntityManagerImpl:0.25333333333333335
BusinessEntityManagerImpl:0.22
ApplicationEntityManagerImpl:0.18333333333333332
XMLBackupReader:0.16333333333333333
