HashSet:0.6433333333333333
BinaryTree:0.45666666666666667
