ComplexNDArray:0.65
BaseComplexElementWiseOp:0.2733333333333333
BaseTwoArrayElementWiseOp:0.25666666666666665
BaseComplexTwoArrayElementWiseOp:0.25666666666666665
ComplexNDArrayTests:0.25
BaseElementWiseOp:0.23333333333333334
ComplexNDArrayUtil:0.1822222222222222
