DBView:0.5166666666666667
DBTableModel:0.46
DBRecordDialog:0.25333333333333335
