SharedConfigFileChecker:0.7333333333333333
PropertiesFileModificationListener:0.275
SharedConfigFileCheckerMBean:0.181212962962963
