IndexService:0.5133333333333333
DefaultSearchContext:0.29
IndexServicesProvider:0.26666666666666666
IndicesService:0.2633333333333333
IndicesClusterStateService:0.23
ModuleTestCase:0.19666666666666666
PercolatorService:0.185
IndexShardTests:0.18333333333333332
IndexModuleTests:0.17666666666666667
MetaDataCreateIndexService:0.14333333333333334
IndicesLifecycleListenerIT:0.14333333333333334
MetaDataMappingService:0.14
IndexServiceTests:0.08333333333333333
MetaDataIndexAliasesService:0.08333333333333333
IndexModule:0.056666666666666664
