Block:0.46
WriteHandler:0.30333333333333334
BaseManager:0.2733333333333333
MapIndexService:0.2733333333333333
HazelcastTest:0.21666666666666667
PartitionManager:0.21333333333333335
Request:0.19
GroupProperties:0.13833333333333334
QueryOperationHandler:0.13666666666666666
MapIndexServiceTest:0.07666666666666666
SizeOperationHandler:0.016666666666666666
