PA:0.8666666666666667
PAMethodSummary:0.4066666666666667
