CopticChronology:0.5433333333333333
BuddhistChronology:0.3466666666666667
BasicSingleEraDateTimeField:0.14333333333333334
