HiveClientConfig:0.6188888888888889
HiveSplitManager:0.375
TestHiveClientConfig:0.2866666666666667
