IBioResource:0.6433333333333333
BioResource:0.5233333333333333
FolderResource:0.39166666666666666
BioResourceView:0.31333333333333335
folderUtils:0.19
BioResourceLabelProvider:0.1411111111111111
RootFolderResource:0.1311111111111111
RootFolderResourceFactory:0.02666666666666667
