HistoryEntry:0.4
DirectoryHistoryReader:0.33
HistoryReader:0.33
MercurialRepository:0.23333333333333334
HistoryCache:0.17733333333333334
HistoryGuru:0.17666666666666667
MercurialHistoryParser:0.07
