MultiLayerNetwork:0.55
CifarDataSetIterator:0.36333333333333334
LFWDataSetIterator:0.3433333333333333
DataSetIteratorTest:0.29333333333333333
MultipleEpochsIterator:0.16333333333333333
