ProtectionDomainKey:0.6586666666666667
PluginManager:0.5233333333333333
Tracker:0.5033333333333333
MPasswordField:0.37666666666666665
Armor:0.27666666666666667
