Descriptor:0.6633333333333333
DescriptorParameter:0.46
TestQsarManager:0.32666666666666666
QsarManager:0.29333333333333333
