Protocol:0.5777777777777778
Jedis:0.44333333333333336
BinaryClient:0.34
Client:0.2966666666666667
PublishSubscribeCommandsTest:0.19333333333333333
