Project:0.65
ProjectGUI:0.46
RunAction:0.21444444444444447
RDFAction:0.21444444444444447
