MongoStream:0.65
MongoCollectionStream:0.44333333333333336
MongoFind:0.28
DBCollection:0.27
MongoAsyncReadTest:0.25666666666666665
DBCursor:0.25666666666666665
DBObjects:0.24666666666666667
MongoCollectionImpl:0.23666666666666666
MongoCursorTest:0.22333333333333333
MongoFindAndModify:0.20333333333333334
MongoQueryMessage:0.19666666666666666
FilterAcceptanceTest:0.17333333333333334
MongoStreamTest:0.16333333333333333
FindAndRemoveAcceptanceTest:0.15
MongoFindAndRemove:0.14333333333333334
MongoFindAndUpdate:0.14333333333333334
MongoFindAndReplace:0.14333333333333334
BsonDocumentBufferSerializerTest:0.13666666666666666
