DicomObject:0.5082857142857143
DicomElement:0.4737857142857143
VR:0.4
AbstractDicomObject:0.23333333333333334
BasicDicomElement:0.18666666666666668
FD:0.16
FL:0.14666666666666667
IntVR:0.13
AT:0.11333333333333333
ASCIIVR:0.06666666666666667
StringVR:0.06666666666666667
ShortVR:0.06333333333333334
