NodeState:0.68
Node:0.56
NodeStateImpl:0.38333333333333336
TimedMemberStateFactory:0.20666666666666667
GroupProperty:0.19026984126984126
MemberStateImplTest:0.13666666666666666
NodeStateImplTest:0.12666666666666668
