Set:0.7433333333333333
Get:0.4046666666666667
