Encoding:0.30755758
EncodingServer:0.18756966
EncodingWithBOM:0.1514244
