CharsetEncoding:0.35153696
EncodingServer:0.2653999
EncodingWithBOM:0.24935298
BufferLoadRequest:0.13139588
BufferIORequest:0.10801012
ServiceManager:0.020384138
