AbstractDataRouter:0.5233333333333333
BshDataRouter:0.3933333333333333
SubSelectDataRouter:0.16
ColumnMatchDataRouter:0.1441666666666667
