DBCollection:0.7333333333333333
JSON:0.2833333333333333
ByteEncoder:0.23666666666666666
MyCollection:0.21
DBTCP:0.21
JSONTest:0.19333333333333333
BasicDBObjectTest:0.18
MyPort:0.17
DBBase:0.16333333333333333
DBCursorTest:0.14666666666666667
JavaClientTest:0.1
DBTimestamp:0.1
DuplicateKey:0.08273352573352574
DBBaseTest:0.05
