StreamingProtocolResponseWriter:0.54
HTTPRequestCometTransport:0.37666666666666665
HTTPRequestResponseWriter:0.37333333333333335
