BuildAgent:0.7633333333333333
BuildAgentTest:0.424
DistributedMasterBuilderTest:0.36
BuildAgentEntryOverrideUITest:0.16666666666666666
