AnimationHandler:0.55
JFXTreeTableView:0.4816666666666667
JFXAnimationTimer:0.35333333333333333
JFXTreeTableRowSkin:0.13666666666666666
JFXNodeUtils:0.135
