Builder:0.42333333333333334
IndexRequest:0.4
TimestampMappingTests:0.28
Timestamp:0.2733333333333333
SimpleDateMappingTests:0.24333333333333335
DateFieldType:0.19722222222222222
PercolatorTests:0.18666666666666668
DecayFunctionScoreTests:0.16666666666666666
SimpleCountTests:0.12
TypeParser:0.11
