CodecCmd:0.52
BufferedImagePool:0.4633333333333333
CompressionService:0.36666666666666664
