XContentBuilder:0.6322222222222222
RestXContentBuilder:0.2866666666666667
JsonXContentGenerator:0.27
XContentGenerator:0.19416666666666665
SmileXContentGenerator:0.15833333333333333
YamlXContentGenerator:0.15833333333333333
