Common:0.8833333333333333
Notification:0.8133333333333334
UserProcessor:0.25
NotificationMgmtService:0.23666666666666666
ArticleMgmtService:0.18
NotificationProcessor:0.17666666666666667
ActivityMgmtService:0.14333333333333334
PointtransferQueryService:0.11333333333333333
CommentMgmtService:0.1
PointtransferMgmtService:0.09333333333333334
NotificationQueryService:0.02666666666666667
