AuthenticationManagerDelegator:0.5233333333333333
HttpSecurityBeanDefinitionParser:0.3566666666666667
GlobalMethodSecurityBeanDefinitionParser:0.2966666666666667
AuthenticationManagerBeanDefinitionParser:0.24333333333333335
