IUIManager:0.7688888888888888
UIManager:0.6638888888888889
