ProtocolOcspHttpTest:0.3466666666666667
OCSPUtil:0.30666666666666664
OCSPServletBase:0.2966666666666667
ProtocolOcspSignedHttpTest:0.25333333333333335
OcspJunitHelper:0.20333333333333334
ProtocolOcspHttpStandaloneTest:0.19750000000000004
