TAGGING:0.2892063492063492
ImapDataSource:0.26666666666666666
FlickrCrawler:0.2611111111111111
AbstractExampleCrawler:0.26
ExampleWebCrawler:0.23333333333333334
ExampleImapCrawler:0.22666666666666666
BibsonomyDataSource:0.22333333333333333
FlickrDataSource:0.22333333333333333
ImapCrawler:0.22194444444444447
BibsonomyCrawler:0.19666666666666666
AppleAddressbookCrawler:0.18
BIBSONOMYDS:0.17833333333333334
FLICKRDS:0.17833333333333334
ExampleThunderbirdCrawler:0.17666666666666667
ThunderbirdCrawler:0.1761111111111111
ExampleBibsonomyCrawler:0.16833333333333333
ExampleAppleAddressbookCrawler:0.16333333333333333
ExampleIPhotoCrawler:0.16333333333333333
IPhotoKeywordCrawler:0.16
DataSourceClassGenerator:0.15666666666666668
ExampleIcalCrawler:0.1411111111111111
ExampleFileCrawler:0.1411111111111111
ExampleDeliciousCrawler:0.12666666666666668
ExampleOutlookCrawler:0.12444444444444443
ExampleFlickrCrawler:0.12166666666666667
AbstractTagCrawler:0.10666666666666667
DeliciousDataSource:0.07
