SharedSocket:0.69
TdsTlsSocketFactory:0.4577777777777778
TdsTlsOutputStream:0.28833333333333333
