QueryParsers:0.5866666666666667
MultiMatchQueryBuilder:0.2966666666666667
QueryStringQueryBuilder:0.2866666666666667
MatchQueryBuilder:0.23
WildcardQueryBuilder:0.2188888888888889
PrefixQueryBuilder:0.2188888888888889
RegexpQueryBuilder:0.2188888888888889
FuzzyQueryBuilder:0.21222222222222223
