TextToSpeech:0.9166666666666666
TextToSpeechImpl:0.43666666666666665
