Constants:0.8566666666666667
OrderedValidateTest:0.27
UnorderedValidateTest:0.22333333333333333
CustomAnnotationTest:0.18
QuickRuleUnorderedTest:0.17333333333333334
CustomViewDataAdapterTest:0.17
UnorderedValidateBeforeTest:0.16
UnorderedValidateTillTest:0.16
QuickRuleOrderedTest:0.15333333333333332
OrderedValidateTillTest:0.15333333333333332
CustomMultipleViewDataAdaptersTest:0.13
OrderedValidateBeforeTest:0.13
QuickRuleUnorderedInOrderedTest:0.09666666666666666
