JnetManager:0.85
NBrowseApplet:0.44333333333333336
NBrowseFrame:0.25333333333333335
