BasicPatternElement:0.39
State:0.35
FSM:0.3433333333333333
SinglePhaseTransducer:0.31666666666666665
FSMInstance:0.2733333333333333
