ServiceConfig:0.6797222222222223
ReferenceConfig:0.6754444444444445
