SearchFS:0.72
IconSelection:0.29888888888888887
EditorQuickFind:0.29333333333333333
SearchBar:0.26666666666666666
