DmlStatement:0.43333333333333335
ProtocolDataReader:0.3433333333333333
HsqlDb2DdlBuilder:0.21333333333333335
OracleDmlStatement:0.18666666666666668
