HopCompilerVariable:0.6738888888888889
HopCompilerHistory:0.37666666666666665
DataTimeline:0.31
HopCompilerVariableHistory:0.29333333333333333
DataHistory:0.19277777777777777
HopCompilerVariableHistoryIterator:0.19
HopCompilerVariableIterator:0.17
