Mesh:0.8333333333333334
Material:0.46
TextureDict:0.22
KeyframedModel:0.21666666666666667
