ControllerHub:0.5166666666666667
GT:0.4533333333333333
JChemPaintAbstractApplet:0.29333333333333333
JChemPaint:0.29333333333333333
RenderPanel:0.22666666666666666
TemplateBrowser:0.20333333333333334
JCPMenuTextMaker:0.09166666666666666
