AbstractFlowExecutionRepository:0.7482222222222222
AbstractFlowExecutionContinuationRepository:0.48033333333333333
