MinIT:0.30666666666666664
MaxIT:0.30666666666666664
AvgIT:0.30666666666666664
StatsIT:0.30666666666666664
SumIT:0.30666666666666664
ExtendedStatsIT:0.30666666666666664
HDRPercentileRanksIT:0.3
TDigestPercentileRanksIT:0.3
TDigestPercentilesIT:0.29
SimpleSortIT:0.29
HDRPercentilesIT:0.29
ValueCountIT:0.25333333333333335
