JVM:0.4033333333333333
StackFrame:0.37666666666666665
StringSetMatcher:0.2966666666666667
TestNumeric:0.26883333333333337
ConsolePublisher:0.2592222222222222
Config:0.21666666666666667
StateMachine:0.19555555555555554
CoverageAnalyzer:0.18333333333333332
NumericInstructionFactory:0.08
DefaultInstructionFactory:0.04
InstructionFactory:0.0
