NeuralNetworkViewFrameTopComponent:0.6188888888888888
VisualTopComponent:0.38
NeuralGraphRenderer:0.35333333333333333
