CodeGenerator:0.9566666666666667
KeyFactoryGenerator:0.30333333333333334
TestAll:0.22666666666666666
