DBObjectSerializer:0.5533333333333333
DBCollection:0.5133333333333333
DBCollectionTest:0.22
DBObjectSerializerTest:0.13333333333333333
CollectibleDBObjectSerializer:0.09333333333333334
NestedOneDBObject:0.006666666666666667
TopLevelDBObject:0.006666666666666667
NestedTwoDBObject:0.006666666666666667
