ForwardingSink:0.7886111111111112
ForwardingSource:0.5736666666666667
