PrestoDriver:0.5366666666666666
PrestoDatabaseMetaData:0.41
TestDriver:0.30333333333333334
