AsyncHttpClientConfig:0.7266666666666667
Builder:0.48333333333333334
DefaultAsyncHttpClientConfig:0.3566666666666667
ChannelManager:0.28
AsyncHttpClientConfigDefaults:0.2633333333333333
