ConstructionStageInfo:0.6333333333333333
BuildingConfig:0.35
Building:0.21
ConstructionSiteTest:0.17
ConstructionStageInfoTest:0.14333333333333334
ConstructionStageTest:0.14333333333333334
ConstructionConfig:0.13
