ResultParser:0.67
VCardResultParser:0.41800000000000004
ParsedReaderResultTestCase:0.11333333333333333
