Constants:0.6586666666666667
ClassInfo:0.5233333333333333
ClassInfoLight:0.38333333333333336
Kuwaiba:0.31333333333333335
ClassMetadataLight:0.2833333333333333
