SideKick:0.6533333333333333
RolloverButton:0.5638055555555556
ActionHandler:0.14
