Translog:0.43333333333333335
TranslogConfig:0.35
InternalEngineTests:0.32666666666666666
TranslogTests:0.2833333333333333
