BaseCluster:0.5833333333333334
MongoClientSettings:0.45666666666666667
ServerMonitor:0.43666666666666665
MongoClientOptions:0.4066666666666667
ServerSettings:0.36
MongoClientOptionsTest:0.03333333333333333
