BatchModifyValidator:0.5333333333333333
BatchModify:0.5033333333333333
BatchModifyValidate:0.2833333333333333
BatchModifyValidatorErrorHandler:0.28
