EnsJConnectionUtil:0.63
SelectNewEnsemblDatabaseHandler:0.2866666666666667
ShowDitagFeatureCountsByTypeHandler:0.20333333333333334
ShowGeneCountsByTypeHandler:0.20333333333333334
