FileResource:0.54
FolderUtils:0.3233333333333333
EipFileNameResource:0.30333333333333334
BinderResource:0.2966666666666667
RootResource:0.29
SharedWithMeResource:0.2833333333333333
EipResource:0.26666666666666666
MyFilesResource:0.25
DavResource:0.23333333333333334
NetFoldersResource:0.22
EipFileIdResource:0.21777777777777782
WebdavResourceFactory:0.21666666666666667
SimpleNameResource:0.21333333333333335
WebdavResource:0.19666666666666666
WebdavCollectionResource:0.15666666666666668
ContainerResource:0.07833333333333334
