GetNextPIDServlet:0.6754444444444445
UploadServlet:0.5414444444444444
