ExpectedException:0.5133333333333333
ExpectedExceptionInterceptorTest:0.36333333333333334
ExpectedExceptionStatement:0.23111111111111116
ExpectsMatcherFails:0.18
ExpectsMatcher:0.11111111111111109
