FloatArrayConverter:0.36666666666666664
DoubleArrayConverter:0.36666666666666664
DoubleConverter:0.3171428571428571
FloatConverter:0.3171428571428571
FloatConverterTest:0.31666666666666665
DoubleConverterTest:0.31666666666666665
DoubleArrayConverterTest:0.19666666666666666
FloatArrayConverterTest:0.19666666666666666
