JdbcChadoAdapter:0.9038888888888887
FlybaseChadoInstance:0.36333333333333334
