FooBarTest:0.48333333333333334
CoreMessageLogger:0.47
HbmBinder:0.4622222222222223
