GUIUtils:0.6433333333333333
LookAndFeelUtils:0.27666666666666667
