OfGenericMethod:0.5233333333333333
OfGenericField:0.38333333333333336
MethodInvocationTest:0.27166666666666667
AbstractImplementationTargetTest:0.24333333333333335
TypeProxyCreationTest:0.19666666666666666
RebaseImplementationTargetTest:0.18666666666666668
MethodInvocationOtherTest:0.16666666666666666
RebaseImplementationTargetSpecialMethodInvocationTest:0.14666666666666667
SubclassImplementationTargetTest:0.14666666666666667
