DelayedStream:0.5966666666666667
ClientCallImpl:0.4033333333333333
DelayedStreamTest:0.27666666666666667
