AdminProcessor:0.4266666666666667
ArticleMgmtService:0.25
UserMgmtService:0.25
ActivityMgmtService:0.23666666666666666
UserProcessor:0.21666666666666667
CommentMgmtService:0.20333333333333334
LoginProcessor:0.19666666666666666
PointtransferMgmtService:0.19281746031746033
CommentNotifier:0.178
PostExportService:0.1
