CertificateProfile:0.6833333333333333
X509CA:0.35
OCSPSignerCertificateProfile:0.22333333333333333
