ReflectionHelpers:0.6066666666666667
RobolectricTestRunner:0.31666666666666665
ParallelUniverse:0.3011111111111111
ShadowResources:0.24
