HealpixIndex:0.8066666666666666
HealpixTest:0.38333333333333336
TestSixFourBit:0.15666666666666668
