Database:0.8333333333333334
JavaGenerator:0.43666666666666665
AbstractDatabase:0.35333333333333333
