Equation:0.4666666666666667
EquationSystem:0.4066666666666667
Var:0.3433333333333333
Materialisation:0.33
Materialiser:0.3
OldEquationSystem:0.08
