ValueTag:0.6366666666666667
QueryExecution:0.6266666666666667
