CombineDicomObject:0.5566666666666666
ItemParser:0.2633333333333333
DicomImageReader:0.2633333333333333
DicomImageWriter:0.24
SizeSkipInputHandler:0.21777777777777782
