NettyWebSocket:0.85
WebSocketHandler:0.4266666666666667
WebSocketUpgradeHandler:0.38166666666666665
