HazelcastTestSupport:0.67
XMLConfigBuilderTest:0.5283333333333333
RemoveValuesMergePolicy:0.22
MergeCollectionOfIntegerValuesMergePolicy:0.21666666666666667
