FileDialog:0.7669444444444444
StatLis:0.2891666666666667
