FilterDao:0.8666666666666667
DefaultResourceDaoTest:0.35
FilterDaoFactory:0.2866666666666667
NotificationManager:0.22666666666666666
AvailabilityData:0.21333333333333335
PollerConfigManager:0.2
CollectdPackage:0.19666666666666666
SQLTranslation:0.19
ThreshdConfigManager:0.17333333333333334
JdbcFilterDao:0.16666666666666666
NotificationWizardServlet:0.16
JdbcFilterDaoTest:0.13666666666666666
MonitoredServiceDaoHibernate:0.12666666666666668
RTCNodeProcessor:0.12666666666666668
OutageDaoHibernate:0.11
RrdTestUtils:0.0
