InputTag:0.6724444444444445
FormResponder:0.4205555555555555
