MiscUtilities:0.9366666666666666
PropertyManager:0.30333333333333334
KeymapImpl:0.2866666666666667
