Tab:0.5633333333333334
Configuration:0.4866666666666667
ModuleTestBase:0.38
InvoiceListManyTypesTest:0.3
CollaboratorProfileTest:0.14666666666666667
