FakeView:0.7566666666666667
FakeListView:0.2733333333333333
FakeTextView:0.26666666666666666
ListViewTest:0.08
FakeViewGroup:0.01
