DecisionMethodData:0.4633333333333333
DecisionMethodsDataModule:0.41
ToxForestDataModule:0.23666666666666666
CMEntry:0.21666666666666667
EstimateAllAction:0.1577777777777778
ToxForestData:0.13
