GrammarView:0.63
RuleSystemSource:0.5616666666666666
Simulator:0.44666666666666666
DefaultGrammarView:0.36666666666666664
ControlView:0.25333333333333335
AspectualViewGps:0.21666666666666667
RuleSystem:0.19666666666666666
FileGps:0.18333333333333332
AutomatonBuilder:0.18
Edge2SingularRecord:0.17
RuleJTree:0.15
AspectualSource:0.09333333333333334
Namespace:0.09111111111111111
