RouterService:0.5733333333333334
DataService:0.3333333333333333
MockDataService:0.28
IDataService:0.235
RouterServiceTest:0.20083333333333334
