DeterministicStructureElucidationJob:0.47
SimplePredictionTool:0.23333333333333334
SimCom:0.20083333333333334
SpectrumComparator:0.06666666666666667
