ExecutorBeanDefinitionParser:0.5265555555555554
ExecutionListenersBeanDefinitionParser:0.42
FlowNamespaceHandler:0.22333333333333333
