StopClock:0.5066666666666667
CRRDividendOptionTest:0.2866666666666667
HelloOptions:0.25333333333333335
FDDividendOptionTest:0.19333333333333333
CRRDividendOptionHelper:0.06666666666666667
CRREuropeanDividendOptionHelper:0.05
CRRAmericanDividendOptionHelper:0.023333333333333334
