GiveExclusiveDriverRoleAction:0.5666666666666667
GiveDriverRoleAction:0.5408333333333334
