CrawlScope:0.44
Processor:0.37
Frontier:0.37
Filter:0.31333333333333335
ARCWriterProcessor:0.27
Postselector:0.24333333333333335
CrawlController:0.225
FetchHTTP:0.22333333333333333
TransclusionFilter:0.19666666666666666
CrawlOrder:0.19622222222222221
FetchDNS:0.15666666666666668
ExtractorHTML:0.155
OrFilter:0.14777777777777776
PreconditionEnforcer:0.14333333333333334
Preselector:0.14333333333333334
ExtractorPDF:0.12833333333333333
HopsFilter:0.08333333333333333
DomainScope:0.0033333333333333335
HostScope:0.0033333333333333335
PathScope:0.0033333333333333335
FilterScope:0.0033333333333333335
