StackFrame:0.5366666666666666
LDC:0.38333333333333336
LDC2_W:0.26
LDC_W:0.215
