GwtTeamingMessages:0.37
DropWidget:0.30333333333333334
ListProperties:0.25666666666666665
LandingPageEditor:0.2
ListDropWidget:0.19
TableDropWidget:0.18666666666666668
ListPaletteItem:0.14333333333333334
ListWidgetDlgBox:0.10333333333333333
TablePaletteItem:0.10333333333333333
