ChemGraph:0.5988888888888888
PartialFilledStructureMerger:0.51
CrossoverMachine:0.24333333333333335
