ShadowArscAssetManager:0.61
ShadowAssetManager:0.42333333333333334
ShadowTypedArrayTest:0.37
FromFile:0.24666666666666667
Converter:0.24333333333333335
QualifiersTest:0.22333333333333333
ResourceHelper:0.19666666666666666
ResourceLoaderTest:0.19666666666666666
FromInt:0.17333333333333334
StaxPluralsLoaderTest:0.14333333333333334
ResourceHelper2:0.12666666666666668
Converter2:0.04
AttributeSetBuilderImpl:0.03833333333333333
