IDataLoader:0.7833333333333333
DataLoaderService:0.43666666666666665
TableTemplate:0.30666666666666664
DataLoaderMappingTest:0.29333333333333333
CsvLoader:0.27666666666666667
DataLoaderTest:0.20666666666666667
AbstractDataLoaderTest:0.13333333333333333
