StreamImpl:0.5433333333333333
HttpUtils:0.43
Http1xClientConnection:0.41
Http1xClientHandler:0.18666666666666668
