Http2ServerResponseImpl:0.5333333333333333
Push:0.4266666666666667
Http2ServerConnection:0.37242857142857144
DummyHttpServerMetrics:0.22333333333333333
HttpServerMetrics:0.21661111111111112
FakeHttpServerMetrics:0.20333333333333334
