WriteBehindStore:0.47333333333333333
MapDataStores:0.38
CoalescedWriteBehindQueue:0.25
WriteBehindWithEntryProcessorTest:0.18333333333333332
TestObject:0.13377777777777777
EmptyStoreHolder:0.03444444444444444
