DbSqlTemplateTest:0.2966666666666667
DbOomTest:0.2966666666666667
DbSqlBuilderTest:0.24333333333333335
DbOom2Test:0.18333333333333332
DbNoTableTest:0.17
LiveDatabaseTest:0.12333333333333334
