ReportStarter:0.37666666666666665
MD5Bean:0.3144444444444444
ReportCtl:0.31
AbstractExcelExporter:0.30333333333333334
JasperData:0.2701111111111111
Barbecue:0.24666666666666667
ReportData:0.1988888888888889
GetMD5FileServlet:0.17666666666666667
MD5EjbTest:0.1391111111111111
