SystemState:0.5266666666666666
JVM:0.39666666666666667
ThreadList:0.32666666666666666
DefaultSchedulerFactory:0.31
JPF_gov_nasa_jpf_jvm_Verify:0.23916666666666667
Memento:0.225
TestAtomic:0.20666666666666667
ReturnInstruction:0.19666666666666666
KernelState:0.10333333333333333
PrioritySchedulerFactory:0.09666666666666666
TestAtomicJPF:0.02
