TedSerie:0.5866666666666667
EpguidesPair:0.42
TedMainDialog:0.2955
EpguidesParser:0.26
SeasonEpisodeScheduler:0.25666666666666665
