NodeGraphicalEditPart:0.5591666666666667
TransitionFigure:0.31
DecisionGraphicalEditPart:0.29833333333333334
