WxCpService:0.7947222222222223
WxCpServiceImpl:0.6333333333333333
WxCpDemoServer:0.2833333333333333
