JPPFDriver:0.52
ClassNioServer:0.21666666666666667
JPPFNode:0.20444444444444446
NodeNioServer:0.18333333333333332
IdleProviderState:0.16333333333333333
ClassServerFactory:0.10333333333333333
SendingProviderRequestState:0.09666666666666666
SendingNodeResponseState:0.09666666666666666
SendingProviderInitialResponseState:0.09666666666666666
SendInitialBundleState:0.09666666666666666
SendingBundleState:0.09666666666666666
SendingInitialResponseState:0.09666666666666666
WaitingProviderResponseState:0.09666666666666666
WaitingResultsState:0.09666666666666666
TaskQueueChecker:0.09333333333333334
WaitingNodeRequestState:0.07666666666666666
NodeServerFactory:0.05
WaitInitialBundleState:0.04
DefiningChannelTypeState:0.04
