AlterTableStatement:0.39
ForeignKeyGenerationTest:0.27666666666666667
JoinedInheritanceForeignKeyTest:0.27666666666666667
UniqueConstraintDropTest:0.14666666666666667
UniqueConstraintGenerationTest:0.1
SchemaCreationTest:0.08
