ComponentNode:0.5566666666666666
ComponentBrowser:0.4166666666666667
ComponentTree:0.34
SelectionModel:0.22333333333333333
HierarchyMonitor:0.15083333333333335
