AuthorizeTag:0.5166666666666667
DefaultMethodSecurityExpressionHandler:0.30666666666666664
DefaultWebSecurityExpressionHandler:0.16666666666666666
WebExpressionVoter:0.14333333333333334
MethodSecurityExpressionHandler:0.059333333333333335
ExpressionBasedFilterInvocationSecurityMetadataSource:0.04666666666666667
WebSecurityExpressionHandler:0.0
