MappingFastJsonValue:0.39166666666666666
FastJsonHttpMessageConverter:0.38
JSONPObject:0.24966666666666668
FastJsonpHttpMessageConverter4Case1Test:0.23
FastJsonpHttpMessageConverter4Case3Test:0.23
FastJsonpHttpMessageConverter4Case2Test:0.23
FastJsonHttpMessageConverterJSONPCaseTest:0.16666666666666666
JSONPResponseBodyAdvice:0.16
FastJsonViewAndJSONPControllerTest:0.13333333333333333
FastJsonpHttpMessageConverter4Test:0.11666666666666667
