JSONUtil:0.56
JSONWriter:0.35333333333333333
JSONResult:0.33666666666666667
JSONResultTest:0.2866666666666667
JSONUtilTest:0.13
