Fiber:0.7383333333333333
ThreadStrand:0.4083333333333333
