DecodedBitStreamParser:0.39666666666666667
VCardResultParser:0.33
PDF417Reader:0.3233333333333333
ExpandedProductResultParser:0.17333333333333334
