ClassDescriptor:0.5333333333333333
Ctors:0.47333333333333333
PetiteBeans:0.33
IntrospectorTest:0.31
CtorResolver:0.12
