PropertyMultilineValueTest:0.7466666666666667
ConcContIterator:0.39666666666666667
