JSONGetITest:0.6963888888888888
ResponseITest:0.3333333333333333
XMLGetITest:0.21
