Statistic:0.7783333333333333
Common:0.46
SymphonyServletListener:0.26666666666666666
StatisticQueryService:0.25
ArticleMgmtService:0.21
IndexProcessor:0.16666666666666666
Filler:0.11666666666666667
InitProcessor:0.10666666666666667
