ServletDefinition:0.5466666666666666
VarargsServletDispatchIntegrationTest:0.37666666666666665
ServletDispatchIntegrationTest:0.2833333333333333
ServletsModuleBuilder:0.24
EdslTest:0.14
