RedisCommand:0.66
RedissonList:0.4633333333333333
RedissonBlockingQueue:0.35333333333333333
RBlockingQueue:0.17833333333333334
RedisCommands:0.043333333333333335
