SwingUtilities2:0.4666666666666667
Synth2Parser:0.37666666666666665
DefaultSynthStyle:0.31
SynthStyle:0.28
SynthLabelUI:0.26666666666666666
SynthGraphicsUtils:0.18666666666666668
