TimeSlotInputDialog:0.5966666666666667
ScreenshotMonitoringTask:0.36
Starter:0.3488888888888889
