ArrayMap:0.36666666666666664
TransactionImplementation:0.30666666666666664
Query:0.27666666666666667
HibernateTransaction:0.2633333333333333
Table:0.2
