ParamDefConfig:0.38333333333333336
ParamDef:0.37
TaskState:0.30216666666666664
BotTaskEditor:0.27
BotsXmlContentProvider:0.16
