Connection:0.5366666666666666
Subscription:0.34
DriverConductor:0.2633333333333333
DriverListener:0.23166666666666666
EventCodec:0.21
ClientConductor:0.20142857142857143
ConnectionBuffersReadyFlyweight:0.19444444444444445
DriverConnection:0.18305555555555558
ConnectionTest:0.14666666666666667
ClientConductorTest:0.13666666666666666
SubscriptionTest:0.13666666666666666
DriverListenerAdapter:0.13
ClientProxy:0.1
