PublishThread:0.5133333333333333
TopicTest:0.49333333333333335
TopicStressTest:0.30333333333333334
TopicDestroyTest:0.19
