ClassInstrumentor:0.4066666666666667
RobolectricContext:0.38666666666666666
JavassistInstrumentingClassLoader:0.24333333333333335
Setup:0.22666666666666666
AndroidTranslator:0.17333333333333334
