Rule:0.64
SymbolCollector:0.32
AttributeChecks:0.24666666666666667
RuleFunction:0.21666666666666667
