ElementTest:0.678611111111111
DataUtil:0.305
Or:0.28555555555555556
