LazyBSONObject:0.39
BasicBSONEncoder:0.3
BsonTypeClassMap:0.2568095238095238
DBObjectCodec:0.24666666666666667
LazyDBObjectOldTest:0.15333333333333332
DocumentCodecProvider:0.14666666666666667
