DownloadFile:0.7033333333333334
DownloadManager:0.38666666666666666
