TestCluster:0.6533333333333333
RobinEngineIntegrationTest:0.42
ByteBufferDirectory:0.36666666666666664
