StaxEventItemWriter:0.7453333333333333
StaxEventItemWriterTests:0.29
InputCheckMarshaller:0.14666666666666667
