NetworkingUtils:0.38
DataTransferManager:0.35333333333333333
TransferDescription:0.3
UPnPUIUtils:0.26666666666666666
SarosNet:0.2302777777777778
AdvancedPreferencePage:0.23
UPnPManager:0.22
ConfigurationSettingsWizardPage:0.20883333333333332
XMPPReceiver:0.13111111111111112
StunHelper:0.12333333333333334
SarosTestNet:0.10666666666666667
