HazelcastClientClusterTest:0.4766666666666667
DefaultClientBinder:0.26
MembershipListenerManagerTest:0.25
ClientAuthenticateHandler:0.23666666666666666
