ShadowPowerManager:0.38976190476190475
ShadowUserManager:0.37666666666666665
ShadowSettingsTest:0.2966666666666667
ShadowSystem:0.27
ShadowSystemProperties:0.26
ShadowSystemPropertiesTest:0.24
ShadowPowerManagerTest:0.23666666666666666
ShadowUserManagerTest:0.22
