JsfView:0.6333333333333333
AjaxViewRoot:0.53
JsfViewFactory:0.2966666666666667
JsfViewFactoryTests:0.25
