BinderModule:0.5866666666666667
FolderModule:0.5866666666666667
TrashHelper:0.43
TrashResponse:0.36666666666666664
AbstractFolderModule:0.32
BinderModuleImpl:0.26666666666666666
TrashCheckRestoreACLs:0.2377777777777778
TrashCheckPreDeleteACLs:0.2377777777777778
TrashPreDelete:0.2377777777777778
TrashRestore:0.09111111111111111
