AbstractClientInternalCacheProxy:0.38666666666666666
DefaultNearCache:0.3433333333333333
CacheInvalidationListener:0.33133333333333337
CacheAddInvalidationListenerTask:0.2733333333333333
CacheInvalidationEventListener:0.20933333333333332
