JclassSym:0.75
HeapModel:0.37666666666666665
ACATCHHANDLER:0.2966666666666667
InstanceOfAgent:0.17666666666666667
