PropertiesView:0.6341666666666667
PhraseDecliner_ru:0.41333333333333333
ImageCellEditor:0.38666666666666666
