BuildDetailController:0.38
DownloadArtifactsFileTest:0.2866666666666667
BuildDetailExceptionController:0.26666666666666666
SpecificLogFileFilter:0.26
BuildDetailTest:0.25666666666666665
BuildDetailControllerTest:0.21333333333333335
DownloadTest:0.18333333333333332
BuildServiceTest:0.14
BaseMultiActionController:0.10333333333333333
SpecificLogFileFilterTest:0.06
BuildDetailExceptionControllerTest:0.01
