StepwiseActionProgress:0.7633333333333333
AbstractStepwiseActionController:0.4166666666666667
TestStepwiseActionProgress:0.3933333333333333
