Operator:0.37
ExprParser:0.32666666666666666
Variable:0.31333333333333335
Parameter:0.31333333333333335
Expression:0.29333333333333333
CallExpr:0.2833333333333333
ExprTree:0.2633333333333333
Constant:0.24
FieldExpr:0.18666666666666668
par_expr_return:0.06322222222222224
