StupidBackoff:0.35
Laplace:0.35
PhraseSuggestionBuilder:0.25666666666666665
LinearInterpolation:0.24333333333333335
PhraseSuggestParser:0.19333333333333333
SmoothingModel:0.18
AbstractShapeBuilderTestCase:0.14333333333333334
