AuditReaderImpl:0.5933333333333334
AuditQueryCreator:0.5483333333333333
Tools:0.23
