MyLayouter:0.7953333333333333
PatternNodeMultipleRecord:0.3933333333333333
