SubjectDAO:0.6766666666666666
SubjectCitizenshipDAO:0.5766666666666667
BaseHandler:0.20666666666666667
