JPPFScreenSaverImpl:0.53
NodePanel:0.35
ImageData:0.32
LogoPaintTask:0.24666666666666667
ScreenSaverMain:0.23583333333333334
NodeState:0.17
LogoUpdateTask:0.13777777777777775
