TopicEvent:0.6433333333333333
TopicProxySupport:0.43666666666666665
PublishOperation:0.29
TopicDataSerializerHook:0.17333333333333334
