HtmlImage:0.5266666666666666
HtmlMap:0.5066666666666667
HtmlImage2Test:0.31
HtmlArea:0.25333333333333335
HtmlArea2Test:0.15333333333333332
HtmlMapTest:0.023333333333333334
