Tool:0.6316666666666667
TestPerformance:0.4066666666666667
LexerATNConfig:0.36
