Definition:0.5433333333333333
DefinitionHelper:0.4266666666666667
TaskHelper:0.36333333333333334
SearchFilterRequestParser:0.3616666666666667
AjaxController:0.29
ObjectKeys:0.28833333333333333
ListFolderController:0.27
DashboardHelper:0.22333333333333333
EntityIndexUtils:0.21666666666666667
Statistics:0.19333333333333333
IcalModuleImpl:0.19333333333333333
ViewEntryController:0.14
AddEntryController:0.14
