Settings:0.85
ClusterSettingsTests:0.42333333333333334
InternalSettingsPreparer:0.19666666666666666
