OperatorInfo:0.51
FunctionRegistry:0.31666666666666665
TestBigintOperators:0.30333333333333334
TimeOperators:0.16333333333333333
DateOperators:0.16333333333333333
DoubleOperators:0.16333333333333333
TimestampOperators:0.16333333333333333
TimestampWithTimeZoneOperators:0.16333333333333333
BooleanOperators:0.16333333333333333
TimeWithTimeZoneOperators:0.16333333333333333
VarcharOperators:0.16333333333333333
BigintOperators:0.16333333333333333
TestFunctionRegistry:0.03666666666666667
