XmlFlowRegistrar:0.7111111111111111
FlowRegistrarSupport:0.22333333333333333
