GL:0.5416666666666666
IGL:0.3466666666666667
GLImpl:0.33666666666666667
ARBBufferObject:0.22333333333333333
GL15:0.22333333333333333
