MsgPong:0.8716666666666667
MsgPing:0.41333333333333333
