OperatorModule:0.5466666666666666
ESQueryBuilderTest:0.43666666666666665
LuceneQueryBuilderTest:0.37666666666666665
SQLPlugin:0.31666666666666665
