IMap:0.7933333333333333
MultiMap:0.5338888888888889
HazelcastClientMapTest:0.2966666666666667
MapProxySupport:0.29
ObjectMapProxy:0.26
