TagValidationFrame:0.52
MainWindow:0.5188888888888888
XMLStreamReader:0.33666666666666667
