FrequencySketch:0.52
TimeBenchmark:0.24333333333333335
GetPutBenchmark:0.22
SynchronizedBenchmark:0.21666666666666667
ConcurrentQueueBenchmark:0.21333333333333335
SingleConsumerQueueBenchmark:0.21333333333333335
ComputeBenchmark:0.19333333333333333
DelegationBenchmark:0.18666666666666668
ReadBufferBenchmark:0.15
FrequencySketchBenchmark:0.10666666666666667
