FindCurrentOutages:0.5966666666666667
OutageDaoJdbc:0.46
OutageDao:0.44333333333333336
