ExistsFilterParser:0.5566666666666666
MissingFilterParser:0.5366666666666666
MissingFieldQueryExtension:0.18
ExistsFieldQueryExtension:0.18
