CodecService:0.5566666666666666
IndexShard:0.4666666666666667
InternalEngineTests:0.34
ShadowEngineTests:0.25666666666666665
CodecTests:0.19666666666666666
IndexServicesProvider:0.16333333333333333
