DriverPublication:0.5927777777777778
DriverConnection:0.4977777777777778
