Generator:0.42333333333333334
Rule:0.38666666666666666
TestParserExec:0.32
TestSemPredEvalParser:0.32
ActionTranslator:0.27
