pwiz_swigbindingsJNI:0.7497222222222222
ScanHeaderStruct:0.42
pwiz_swigbindings:0.41333333333333333
e_contentType:0.21087301587301588
pwiz_swigbindingsConstants:0.011111111111111112
