MapChangeListener:0.6466666666666666
NativeCanvas:0.4877777777777778
MapPanel:0.32
MapLink:0.2733333333333333
MapElement:0.18666666666666668
Map:0.12333333333333334
MapChangeListenerCollection:0.08333333333333333
MapFrame:0.08
