FindCtrl:0.4266666666666667
GwtRpcServiceImpl:0.32
GwtRpcServiceAsync:0.27011111111111114
GwtRpcService:0.27011111111111114
EntryWidgetDlgBox:0.15666666666666668
GwtSearchCriteria:0.14
SearchResultsWidget:0.08
GwtSearchResults:0.06
