Namespace:0.6566666666666666
PubSubStore:0.22966666666666669
BaseStoreFactory:0.2
BroadcastOperations:0.18055555555555555
AuthorizeHandler:0.17722222222222223
SocketIOChannelInitializer:0.15333333333333332
