Context:0.5966666666666667
JSONLexerBase:0.5966666666666667
FieldInfo:0.49666666666666665
JavaBeanDeserializer:0.37333333333333335
TypeUtils:0.37
JavaBeanSerializer:0.22
ASMDeserializerFactory:0.21
ASMSerializerFactory:0.21
FieldSerializer:0.21
JavaBeanInfo:0.1927777777777778
MediaGenDecoder:0.11
ImageGenDecoder:0.11
MediaContentGenDecoder:0.11
DepartmentCodec:0.10666666666666667
FieldInfoTest:0.05
