ParentRunnerTest:0.32
ParentRunner:0.31333333333333335
UnsuccessfulWithDataPointFields:0.24666666666666667
ParameterizedTestTest:0.23
WithUnresolvedGenericTypeVariablesOnTheoryParms:0.19666666666666666
BadlyFormedClassesTest:0.15333333333333332
ValidationTest:0.13666666666666666
ErrorReportingRunner:0.11777777777777776
TestClassWithErrors:0.11116666666666669
ErrorReportingRunnerTest:0.10666666666666667
