RxDataTool:0.5866666666666667
RxTool:0.5333333333333333
ActivityRxPhoto:0.25
RxShapeView:0.23666666666666666
ActivityRxCaptcha:0.18
AdapterRecyclerViewMain:0.15333333333333332
