FileUpload:0.5166666666666667
FileUploadFactory:0.3272804232804233
MultipartRequestInputStream:0.21
AdaptiveFileUploadFactory:0.17
MultipartStreamParser:0.12
FileUploadHeader:0.11333333333333333
AdaptiveFileUpload:0.10666666666666667
MemoryFileUploadFactory:0.09333333333333334
DiskFileUpload:0.058333333333333334
DiskFileUploadFactory:0.03
MemoryFileUpload:0.01
