MapClientProxy:0.38
HazelcastClient:0.33
ProxyHelper:0.32666666666666666
ObjectLockProxy:0.31
HazelcastInstanceImpl:0.25333333333333335
