GraphicsOutput:0.47172222222222226
AlignLeftArranger:0.27466666666666667
AlignRightArranger:0.27466666666666667
GraphicsWriter:0.27051984126984113
TreeFilter:0.27051984126984113
OutputFactory:0.26066666666666666
BasicTreeBuilder:0.25666666666666665
GraphicsOutputFactory:0.23666666666666666
GraphicsTreeRenderer:0.21666666666666667
GraphicsRenderer:0.16333333333333333
CenteredArranger:0.14333333333333334
AbstractArranger:0.11333333333333333
AbstractTreeRenderer:0.09
GraphicsTreeOutput:0.07666666666666666
SvgWriter:0.059537037037037034
PdfWriter:0.051259259259259254
ScreenOutput:0.05
GraphicsFileOutput:0.05
NoSpouseFilter:0.006666666666666667
