ChemSequence:0.6983333333333334
ChemFile:0.48333333333333334
