SQL:0.5055555555555556
UrlLoader:0.36
UrlAttribute:0.32666666666666666
EdgeAttributeExtent:0.30333333333333334
LoaderConfig:0.21
Param:0.07666666666666666
