BsonReader:0.5150555555555555
DBObjectCodec:0.3566666666666667
BsonBinaryReader:0.31666666666666665
BsonDocumentReader:0.30333333333333334
JsonReader:0.2866666666666667
LazyBSONObject:0.27666666666666667
DocumentCodec:0.25666666666666665
AbstractBsonReader:0.17333333333333334
