HiveClientConfig:0.7
PrestoS3InputStream:0.3566666666666667
PrestoS3FileSystem:0.3433333333333333
RetryDriver:0.33
TestHiveClientConfig:0.22
HdfsConfiguration:0.13333333333333333
