FlowExecutorArgumentExtractor:0.76
FlowAction:0.3566666666666667
FlowNavigationHandler:0.31
FlowPhaseListener:0.30666666666666664
FlowRequestHandler:0.24
PortletFlowController:0.20666666666666667
FlowController:0.16333333333333333
RequestPathFlowExecutorArgumentExtractorTests:0.14472222222222228
RequestPathFlowExecutorArgumentExtractor:0.04
FlowNavigationHandlerParameterExtractorTests:0.04
FlowExecutorArgumentExtractorTests:0.03666666666666667
FlowNavigationHandlerArgumentExtractor:0.009166666666666667
