Factory:0.79
FactoryOperations:0.450138888888889
FactoryProxy:0.31333333333333335
