OAuthConstants:0.8566666666666667
OAuthCallbackAuthorizeService:0.29444444444444445
OAuthUtils:0.2833333333333333
OAuth20AccessTokenControllerTests:0.2633333333333333
LdapServiceRegistryDaoTests:0.22666666666666666
OAuth20ProfileControllerTests:0.20333333333333334
OAuth20AuthorizeControllerTests:0.17333333333333334
OAuth20ProfileController:0.15555555555555556
BaseOAuthWrapperController:0.15
DefaultRegisteredServiceMapper:0.14333333333333334
OAuth20AccessTokenController:0.12916666666666668
MongoServiceRegistryDaoCloudTests:0.12
JpaServiceRegistryDaoImplTests:0.09333333333333334
OAuth20AuthorizeController:0.08
OAuthServletContextListener:0.05333333333333334
OAuth20CallbackAuthorizeController:0.04666666666666667
