ScriptEditor:0.5133333333333333
ScriptEditorFrame:0.415
WindowTrackerTest:0.28
EventRecorderTest:0.26022222222222224
StepRunnerTest:0.24688888888888888
TestHierarchyTest:0.24688888888888888
ComponentRecorderTest:0.2286111111111111
FontChooser:0.20172222222222222
Annotation:0.17777777777777778
SimpleApplet:0.15083333333333335
ShowDialog:0.13666666666666666
MyCode:0.11333333333333333
AWTCode:0.09333333333333334
