NearCache:0.58
NearCacheSizeEstimator:0.42333333333333334
ClientHeapNearCache:0.27666666666666667
