OobChannel:0.5433333333333333
ManagedChannelImplTest:0.44666666666666666
Channelz:0.3
LbHelperImpl:0.19444444444444445
