HtmlPage:0.6133333333333333
HtmlScript:0.41333333333333333
HtmlPageTest:0.30333333333333334
HtmlScript2Test:0.17333333333333334
HtmlPage2Test:0.16333333333333333
