ElementGroup:0.46
TextElement:0.36333333333333334
Renderer:0.34
LineElement:0.33666666666666667
IGenerator:0.3272804232804233
Controller2DModuleAddAtom:0.2866666666666667
ControllerModuleAdapter:0.27666666666666667
Controller2DHub:0.25666666666666665
BasicBondGenerator:0.23666666666666666
AbstractFontManager:0.21333333333333335
IRenderingVisitor:0.205
Controller2DModuleChangeFormalC:0.19666666666666666
Controller2DModuleRemove:0.19
Controller2DModuleHighlight:0.15
BasicGenerator:0.15
IntermediateRenderer:0.13333333333333333
OvalElement:0.12333333333333334
Controller2DModuleMove:0.11333333333333333
TransformingDrawVisitor:0.10666666666666667
HighlightGenerator:0.1
ControllerFeedbackGenerator:0.09
WedgeLineElement:0.08666666666666667
RingGenerator:0.07416666666666667
AWTFontManager:0.06666666666666667
AtomMassSymbolElement:0.056666666666666664
AtomSymbolElement:0.056666666666666664
RingElement:0.056666666666666664
PrintVisitor:0.055
DistanceSearchVisitor:0.05333333333333334
BasicAtomGenerator:0.04666666666666667
AtomMassGenerator:0.023333333333333334
AbstractAWTRenderingVisitor:0.023333333333333334
IRenderer:0.006666666666666667
