ResourceData:0.71
TestCreole:0.4533333333333333
CreoleRegisterImpl:0.33666666666666667
CreoleXmlHandler:0.24333333333333335
TestGate:0.1577777777777778
