MouseEvent:0.64
UIEvent:0.43333333333333335
MouseEventTest:0.31666666666666665
KeyboardEvent:0.285
KeyboardEventTest:0.06666666666666667
