Transaction:0.63
TransactionInput:0.52
WalletProtobufSerializer:0.33666666666666667
BitcoinSerializerTest:0.24
FullBlockTestGenerator:0.16666666666666666
