ObjectView:0.4683333333333333
JvmCommand:0.27666666666666667
GroovyExpress:0.2
UnsafeBindSupport:0.15666666666666668
TimeFragmentDetailView:0.14333333333333334
TimeFragmentTableView:0.12333333333333334
MonitorCommand:0.12
