DataTransferManager:0.5719444444444445
InvitationDialogLabelProvider:0.4477777777777777
