DescriptionsCalculator:0.5066666666666667
HibernatePersistenceProvider:0.33666666666666667
ProductsWithSectionTest:0.19666666666666666
ChangeDefaultZoneAction:0.18333333333333332
