AbstractNearCachePreloaderTest:0.45666666666666667
ClientCacheNearCachePreloaderTest:0.37666666666666665
ClientMapNearCachePreloaderTest:0.37666666666666665
