ApolloDataAdapterI:0.78
AbstractApolloAdapter:0.33
GenbankAdapter:0.2733333333333333
ChadoAdapter:0.24
EnsJAdapter:0.23333333333333334
SampleAdapter:0.22
AnalysisAdapter:0.20666666666666667
SerialDiskAdapter:0.20666666666666667
BaseGFFAdapter:0.19333333333333333
