ServerConnection:0.43666666666666665
FileSystemTest:0.4266666666666667
HAManager:0.26666666666666666
HttpServerImpl:0.25333333333333335
NetServerImpl:0.24333333333333335
