QueryState:0.5166666666666667
PatternWrapper:0.3233333333333333
Query:0.2733333333333333
AttributeListPattern:0.17444444444444446
WrappedTypePattern:0.16027777777777785
CompoundPattern:0.15
NumericConversionPattern:0.1452777777777778
TransitiveTraversal:0.14
Graph:0.13753968253968255
SupplyConstantsPattern:0.10583333333333333
Pattern:0.09333333333333334
EdgePattern:0.024444444444444442
TypePattern:0.0033333333333333335
AbstractExpressionPattern:0.0033333333333333335
BuiltInPattern:0.0
