JPF_MIRROR:0.55
Workstation:0.47333333333333333
Mango:0.45666666666666667
ClassParsingAlg:0.2866666666666667
