ResultImpl:0.38666666666666666
ResultQuery:0.2916666666666667
AbstractStore:0.2866666666666667
AbstractDelegatingSelect:0.28
FieldTypeHelper:0.27666666666666667
AbstractResultQuery:0.24666666666666667
ArrayRecordImpl:0.24666666666666667
AbstractField:0.24
AbstractRecord:0.24
AbstractDataType:0.23799999999999996
AbstractRoutine:0.23666666666666666
