SelectStatementAnalyzerTest:0.7482222222222222
RelationAnalyzer:0.3597222222222222
