PollStatus:0.46
CollectionMath:0.33666666666666667
Column:0.2966666666666667
PollerConfig:0.2775396825396825
LatencyStoringServiceMonitorAdaptor:0.2733333333333333
HttpMonitor:0.24333333333333335
CollectionMathTest:0.24
PollerConfigManager:0.23333333333333334
MockPollerConfig:0.21666666666666667
Pinger:0.20333333333333334
LocationStatusComparator:0.19
MultiIcmpMonitor:0.09666666666666666
