RequestBuilderBase:0.5583333333333333
NettyResponse:0.35333333333333333
RequestBuilderTest:0.29
RemoteSiteTest:0.25333333333333335
NettyAsyncResponseTest:0.20666666666666667
NettyRequestFactory:0.19666666666666666
Redirect30xInterceptor:0.13666666666666666
