LSTM:0.6166666666666667
LSTMHelper:0.3888888888888889
LSTMHelpers:0.24333333333333335
CudnnLSTMHelper:0.05
