ChannelOrBuilder:0.4866666666666667
SubchannelOrBuilder:0.4866666666666667
Builder:0.41
Subchannel:0.2633333333333333
Channel:0.2633333333333333
