JbossSpringSecurityLoginModuleTests:0.32805555555555554
CatalinaSpringSecurityUserRealmTests:0.32805555555555554
ResinAcegiAuthenticatorTests:0.32805555555555554
AclTagTests:0.32666666666666666
BasicProcessingFilterTests:0.32
BasicAclEntryAfterInvocationCollectionFilteringProviderTests:0.31666666666666665
JettyAcegiUserRealmTests:0.31272222222222223
InMemoryDaoTests:0.3113888888888889
BasicAclEntryVoterTests:0.30666666666666664
DaoCasAuthoritiesPopulatorTests:0.30333333333333334
BasicAclEntryAfterInvocationProviderTests:0.30333333333333334
MockAuthenticationDaoUserrodWithSalt:0.3021624579124578
SimpleAclEntryTests:0.3
SiteminderAuthenticationProviderTests:0.3
AuthzImplTest:0.2866666666666667
TicketResponseTests:0.2853888888888889
DigestProcessingFilterTests:0.27666666666666667
GrantedAuthorityEffectiveAclsResolverTests:0.27
SecurityContextHolderAwareRequestWrapperTests:0.26
ContextPropagatingRemoteInvocationTests:0.25333333333333335
AspectJSecurityInterceptorTests:0.25333333333333335
UserTests:0.25
AclProviderManagerTests:0.23555555555555552
EhCacheBasedAclEntryCacheTests:0.23333333333333334
UserMapEditorTests:0.23333333333333334
AuthenticationProcessingFilterTests:0.23333333333333334
StringSplitUtilsTests:0.23
GetAllContactsTests:0.23
JdbcDaoImplTests:0.22666666666666666
MockProvider:0.22
RemoteAuthenticationProviderTests:0.20922222222222223
RemoteAuthenticationManagerImplTests:0.20894444444444443
DataSourcePopulator:0.20666666666666667
EhCacheBasedX509UserCacheTests:0.19666666666666666
JdbcExtendedDaoImplTests:0.19666666666666666
FilterBasedLdapUserSearchTests:0.19666666666666666
EhCacheBasedTicketCacheTests:0.19666666666666666
InterceptorStatusTokenTests:0.19227777777777777
CasPasswordHandlerProxyTests:0.1856111111111111
SecurityContextImplTests:0.1856111111111111
ClientApplication:0.18265656565656566
DaoAuthenticationProviderTests:0.17666666666666667
PopulatedDatabase:0.17333333333333334
AuthenticationTagTests:0.17333333333333334
UserMapTests:0.15666666666666668
SiteminderAuthenticationProcessingFilterTests:0.15555555555555556
MockTicketValidator:0.13666666666666666
NullStatelessTicketCacheTests:0.13666666666666666
MyAclTag:0.09333333333333334
MockAuthenticationDaoUserrod:0.056666666666666664
MockUserDetailsServiceUserrod:0.02
MockUserDetailsServiceUserrodWithSalt:0.0
