DriverPublication:0.65
StatusBufferManager:0.4666666666666667
MediaConductor:0.32
SenderTest:0.25666666666666665
