ExpandedApertureRuntime:0.6333333333333333
TextExtractingSubCrawlerHandler:0.42300000000000004
ExpandedApertureRuntimeMain:0.17616666666666667
