RubyPlugin:0.7066666666666667
RubyCore:0.5833333333333334
