DescriptorsPage:0.6366666666666667
DescriptorContentProvider:0.35122222222222227
DescriptorLabelProvider:0.2528888888888889
