WhereClauseAnalyzerTest:0.43333333333333335
NestedLoopConsumerTest:0.28
ManyTableConsumerTest:0.2225
Planner:0.18
SQLExecutor:0.15333333333333332
Builder:0.14666666666666667
ConsumingPlanner:0.11333333333333333
