Factory:0.5177777777777778
Executor:0.5
Library:0.28833333333333333
InsertUpdateTests:0.26666666666666666
SelectTests:0.19
ExoticTests:0.19
JoinTests:0.16666666666666666
RowValueExpressionTests:0.15
GroupByTests:0.13
