EventListenerTest:0.5866666666666667
StreamAllocation:0.4766666666666667
ConnectionPool:0.24666666666666667
ConnectionPoolTest:0.18333333333333332
