AbstractFlowBuilder:0.4266666666666667
XmlFlowBuilder:0.3883333333333333
TextToViewSelector:0.27055555555555555
AbstractFlowBuildingFlowRegistryFactoryBean:0.27
TextToViewSelectorTests:0.24
BaseFlowServiceLocator:0.22
