OrdinalEra:0.6197222222222222
TemporalCoordinateSystem:0.5922222222222222
