JFXLayerRenderer:0.36
ExtensionManager:0.32
SuperLayerCockpitConfigurationHandler:0.2733333333333333
AbstractServerCockpitConfigurationHandler:0.25333333333333335
MenuFactory:0.24666666666666667
LayerRenderer:0.24333333333333335
OutputEventQueue:0.24
LayerRendererBridge:0.23
SwingLayerRenderer:0.22
