AdviceTest:0.4266666666666667
Advice:0.38666666666666666
CodeTranslationVisitor:0.2625
ForOrigin:0.25166666666666665
ForThisReference:0.24944444444444447
ForAllArguments:0.24666666666666667
WithExplicitType:0.24333333333333335
ForArgument:0.23611111111111113
AnnotationValue:0.23142857142857143
Bound:0.21333333333333335
ReadOnly:0.20333333333333334
ReadWrite:0.20333333333333334
ForFieldValue:0.19
ForReturnValue:0.17944444444444446
ForUnusedValue:0.17944444444444446
LongInlineAdvice:0.15
DoubleInlineAdvice:0.15
ByteInlineAdvice:0.15
ReferenceInlineAdvice:0.15
CharacterInlineAdvice:0.15
ShortInlineAdvice:0.15
BooleanInlineAdvice:0.15
IntegerInlineAdvice:0.15
FloatInlineAdvice:0.15
VoidInlineAdvice:0.15
ForSerializedValue:0.14666666666666667
ForDefaultValue:0.12666666666666668
AbstractBase:0.11
ForField:0.056666666666666664
WithImplicitType:0.023333333333333334
ForMethodExit:0.02
