NeuralNetwork:0.6452777777777778
MathUtils:0.3333333333333333
StackedDenoisingAutoEncoder:0.2866666666666667
BaseNeuralNetwork:0.2866666666666667
DBN:0.2683333333333333
BaseMultiLayerNetwork:0.24333333333333335
Builder:0.19
NeuralNetPlotter:0.12333333333333334
MnistDbnTest:0.09833333333333333
PlotTester:0.041666666666666664
