IChemModelRelay:0.5266666666666666
ControllerHub:0.48
MoveModule:0.29333333333333333
