AbstractTestQueries:0.5411111111111111
RelationPlanner:0.38333333333333336
TestAnalyzer:0.32
StatementAnalyzer:0.2
TranslationMap:0.18
