Configurator:0.5166666666666667
CountMin4:0.39666666666666667
IncrementalResetCountMin4:0.15333333333333332
PeriodicResetCountMin4:0.14666666666666667
