BaseNeuralNetwork:0.7516666666666667
MnistExample:0.24333333333333335
