FtpListing:0.7766666666666666
FileCheck:0.36333333333333334
FtpListingParser:0.31833333333333336
