DataStructureAdapter:0.6975000000000001
IMapDataStructureAdapterTest:0.3433333333333333
ICacheDataStructureAdapterTest:0.19666666666666666
ICacheDataStructureAdapter:0.10333333333333333
IMapDataStructureAdapter:0.10333333333333333
