SubstitutionService:0.6266666666666667
SubstitutionDAO:0.5666666666666667
SubstitutionServiceDelegate:0.51
SubstitutionForm:0.31333333333333335
TerminatorSubstitution:0.29800000000000004
WfeScriptRunner:0.25666666666666665
SubstitutionServiceBean:0.22
JbpmExecutionLogic:0.21333333333333335
SubstitutionBean:0.21
UpdateSubstitutionFormTag:0.16333333333333333
SubstitutionDescr:0.16
SubstitutionServiceDelegateLocalImpl:0.13666666666666666
SubstitutionServiceDelegateRemoteImpl:0.13666666666666666
UpdateSubstitutionAction:0.13333333333333333
SubstitutionDAOHibernateImpl:0.12333333333333334
SubstitutionHeaderBuilder:0.12
SubstitutionLogic:0.1
DeleteSubstitutionsAction:0.07
SubstitutionTableBuilder:0.07
TableSubstitutionFunction:0.05333333333333334
SubstitutionRowBuilder:0.05
