Utils:0.48222222222222216
HeaderConfig:0.33644444444444443
JBossAsyncSupportWithWebSocket:0.24666666666666667
TomcatWebSocketUtil:0.24333333333333335
WebSocketHandshakeFilter:0.17666666666666667
