EntryListenerConfigTest:0.6766666666666666
TestEntryListener:0.536904761904762
TestMapListener:0.36777777777777776
