S3Repository:0.7066666666666667
SecureSetting:0.6533333333333333
AwsS3ServiceImplTests:0.34
InternalAwsS3Service:0.2966666666666667
