Shape:0.54
ModelLayoutScene:0.5066666666666667
PolygonShape:0.4266666666666667
LabelShape:0.35
CircleShape:0.2633333333333333
PredefinedShape:0.26
ObjectNode:0.24666666666666667
Utils:0.24333333333333335
ModelLayoutTopComponent:0.24
RectangleShape:0.22333333333333333
ShowModelLayoutTopComponent:0.20333333333333334
Binary:0.20333333333333334
RenderModelLayout:0.20166666666666666
ShapeHierarchyTopComponent:0.2
ShapeNode:0.19
RackViewService:0.18
ShapeSelectProvider:0.16
ShapeGeneralProperty:0.14
SelectableShapeWidget:0.13333333333333333
AssociateLayoutAction:0.12333333333333334
ShapeWidgetUtil:0.12333333333333334
ModelLayoutService:0.11666666666666667
LabelShapeWidget:0.11666666666666667
ModelLayoutAcceptProvider:0.08333333333333333
PredefinedShapeNode:0.07
ResizableLabelWidget:0.06833333333333333
CreateLayoutAction:0.05
CircleWidget:0.04
PredefinedShapesTopComponent:0.03833333333333333
PredefinedShapeChildren:0.03666666666666667
ShapeHierarchyChildren:0.03666666666666667
ShapeFactory:0.03333333333333333
PolygonWidget:0.03333333333333333
PolygonShapeWidget:0.01777777777777778
CircleShapeWidget:0.01777777777777778
SetPaletteIconAction:0.015
ImageFileFilter:0.0033333333333333335
