CalendarParsedResult:0.5680000000000001
CalendarParsedResultTestCase:0.30333333333333334
ResultHandler:0.27666666666666667
CalendarEventGenerator:0.25
ParsedReaderResultTestCase:0.19333333333333333
CalendarResultHandler:0.11666666666666667
