Element:0.5833333333333334
HTMLElement:0.44333333333333336
