Lifecycle:0.6433333333333333
SignUpController:0.38666666666666666
MockRequest:0.215
UserEditor:0.21222222222222223
LinkCorrectorJoblet:0.18
TestCMSFormProcessorConfiguration:0.16333333333333333
UserSelfEditController:0.15333333333333332
RequestRewriter:0.15
