GasteigerPEPEPartialCharges:0.48333333333333334
PiElectronegativityDescriptorTest:0.4633333333333333
MqsarTests:0.2833333333333333
PiElectronegativityDescriptor:0.26666666666666666
PartialPiChargeDescriptor:0.24
