EditorManager:0.4766666666666667
SelectionAnnotation:0.43
AnnotationSaros:0.41333333333333333
ContributionHelper:0.17
