InternalHistogram:0.4633333333333333
Bucket:0.4166666666666667
AggregationBuilder:0.3333333333333333
Factory:0.22666666666666666
TransportAggregationModule:0.14666666666666667
ReducerBuilder:0.09666666666666666
