RedissonSet:0.4633333333333333
RedissonSetMultimapValues:0.3466666666666667
RedissonSetTest:0.3233333333333333
RSet:0.23666666666666666
RSetAsync:0.15833333333333333
RedisCommands:0.14622222222222223
