PcoreQueryResult:0.5
PcoreHitSet:0.29333333333333333
PcorePage:0.2866666666666667
PcoreConformer:0.17333333333333334
