ClusterFactory:0.6205714285714286
Mongo:0.44333333333333336
MongoClients:0.39666666666666667
DefaultClusterFactory:0.2966666666666667
