CoolHeader:0.37333333333333335
MTogglePanel:0.3
TodoEditor:0.3
RenameEditor:0.20333333333333334
Widget2Help:0.19
TreeFS:0.16777777777777778
ToggleButton:0.1411111111111111
TaskPanel:0.11666666666666667
