BlogEntry:0.9366666666666666
FileBackedBlogEntry:0.29
EditBlogEntriesPlugin:0.22333333333333333
