AtmosphereFramework:0.6047777777777777
DefaultAtmosphereObjectFactory:0.4
IOUtils:0.26666666666666666
AtmosphereFrameworkInitializer:0.25
InstallMetaServiceProcedure:0.12
