RecordStore:0.8933333333333333
DefaultRecordStore:0.37
IndexService:0.23333333333333334
RecordStoreTest:0.18
MapReplicationOperation:0.14
MapSplitBrainHandlerService:0.12
