FieldMapper:0.43333333333333335
IndexShard:0.36666666666666664
ExternalMapper:0.32666666666666666
AbstractFieldMapper:0.2966666666666667
TypeFieldMapper:0.2677777777777778
CompletionFieldMapper:0.24333333333333335
SearchService:0.21
GeoPointFieldMapper:0.20666666666666667
UidFieldMapper:0.19333333333333333
AllFieldMapper:0.19333333333333333
DocValuesIndexFieldData:0.13666666666666666
TokenCountFieldMapper:0.1075
ContentPath:0.09333333333333334
TransportGetFieldMappingsIndexAction:0.06666666666666667
CompletionPostingsFormatTest:0.03
DisabledIndexFieldData:0.023333333333333334
HighlightUtils:0.006666666666666667
SourceSimpleFragmentsBuilder:0.0025
SourceScoreOrderFragmentsBuilder:0.0
