JavaGWTDocumentCreator:0.6133333333333333
Jolie2Java:0.11333333333333333
