TestRESTAPI:0.6311111111111111
DatastreamFilenameHelper:0.38333333333333336
BaseRestResource:0.27
DatastreamResource:0.14666666666666667
RestParam:0.011111111111111112
