LocalLoadingCache:0.44666666666666666
LocalCache:0.3933333333333333
UnboundedLocalLoadingCache:0.23666666666666666
BoundedLocalLoadingCache:0.23666666666666666
