JettyTlsUtil:0.49
OkHttpProtocolNegotiator:0.38666666666666666
AndroidNegotiator:0.35333333333333333
GrpcSslContexts:0.27666666666666667
