AdminProcessor:0.495
DomainProcessor:0.21333333333333335
IndexProcessor:0.20666666666666667
DomainMgmtService:0.20333333333333334
Filler:0.19666666666666666
TimelineProcessor:0.10333333333333333
CityProcessor:0.10333333333333333
SearchProcessor:0.09333333333333334
DomainTagRepository:0.06333333333333334
