ComputedCSSStyleDeclaration:0.5566666666666666
StyleElement:0.5266666666666666
Stylesheet:0.4766666666666667
StyleSheetTest:0.19666666666666666
