DataManager:0.64
XmlSerializer:0.33305555555555555
Login:0.22333333333333333
Update:0.2
Upload:0.19666666666666666
Set:0.17
Download:0.14
PwUpdate:0.11333333333333333
Remove:0.09666666666666666
Unset:0.09
GetAdminOper:0.08333333333333333
