ArrayMapper:0.5708333333333333
ArrayMapperTest:0.48
SQLTypeMappingTest:0.18866666666666668
