AbstractAllModulesInjected:0.31
SSimpleFormController:0.31
AllModulesInjected:0.30666666666666664
SAbstractController:0.09333333333333334
