Printer:0.6977777777777778
Reprap:0.47
Producer:0.4166666666666667
LayerProducer:0.36666666666666664
NullCartesianMachine:0.235
