SwingComponentNode:0.3433333333333333
JFXPropertiesConstructor:0.33666666666666667
SwingPropertiesConstructor:0.3
UIPropertiesDialog:0.24
UIComponentNode:0.18333333333333332
JFXComponentNode:0.17333333333333334
