DefaultRecordStore:0.6433333333333333
ExpirationTimeSetter:0.3233333333333333
AbstractRecordStore:0.29333333333333333
