El2:0.4633333333333333
El2Test:0.43
MethodOpt:0.33666666666666667
Converter:0.29333333333333333
RPNCalculate:0.1813888888888889
