UserServiceImpl:0.44333333333333336
UserService:0.39
UserServiceTest:0.3566666666666667
