Metaphone:0.25333333333333335
Soundex:0.22333333333333333
Nysiis:0.21
Phonex:0.15
Phonetics:0.14772222222222223
DoubleMetaphone:0.14333333333333334
ReportPhonetics:0.12333333333333334
