ControlJModel:0.6633333333333333
StateJVertex:0.33666666666666667
CAPanel:0.26
TransitionJEdge:0.19
MyForestLayouter:0.17666666666666667
AutomatonPanel:0.13666666666666666
