Type:0.8633333333333333
SchemaModifier:0.28555555555555556
EntityType:0.22666666666666666
BaseType:0.22
TypeBuilder:0.22
EntityDescriptor:0.19416666666666665
SchemaUpdater:0.19
