BinaryFile:0.7365555555555555
ServiceConfig:0.38666666666666666
