MoveTask:0.4266666666666667
FileDataSource:0.2911111111111111
MoveScpService:0.2866666666666667
MoveScp:0.13
RetrieveInfo:0.04
