DefaultLauncher:0.71
ServiceLoaderTestEngineRegistry:0.42833333333333334
LauncherFactoryForTestingPurposesOnly:0.24333333333333335
LauncherFactory:0.13666666666666666
