ChronicleMap:0.76
VanillaChronicleMap:0.31
CHMUseCasesTest:0.3
ReplicationCheckingMap:0.24333333333333335
ReplicatedMapEntryStages:0.23
AbstractChronicleMap:0.20666666666666667
MapEntryStages:0.2
StringPrefixUnaryOperator:0.14416666666666667
EventListenerWithTCPSocketReplicationTest:0.13
