HashMap:0.37
Queue:0.2966666666666667
Vector:0.2833333333333333
TreeSetTest:0.26666666666666666
AbstractTraversableTest:0.25666666666666665
