DefaultConversionService:0.5925
TextToNumber:0.49
AbstractFormattingConverter:0.22333333333333333
DefaultConversionServiceTests:0.22333333333333333
