DummyProtocol:0.5933333333333334
ClientAPIUtilities:0.27666666666666667
JUnitCategoryWrapper:0.275
ClientComUtilities:0.25333333333333335
EditorPreferencesSetter:0.21666666666666667
XMLParserWrapper:0.21
ClientLoaderUtilities:0.14666666666666667
