InputTypeUtil:0.3933333333333333
SubsamplingLayer:0.37666666666666665
FeedForwardLayer:0.22
DuplicateToTimeSeriesVertex:0.195
SubsetVertex:0.195
RnnOutputLayer:0.13444444444444442
BaseRecurrentLayer:0.13333333333333333
