ReportKML:0.5866666666666667
PlacemarkWriter:0.28
FolderWriter:0.27216666666666667
DetailedPlacemarkWriter:0.17333333333333334
CompactPlacemarkWriter:0.16666666666666666
