DicomEditBean:0.3566666666666667
EntityTree:0.30666666666666664
AbstractScuService:0.27166666666666667
MessageWindowPanel:0.25666666666666665
ConfirmationWindow:0.20666666666666667
UpdateDerivedFieldsUtil:0.18666666666666668
DicomEditLocal:0.14416666666666667
BaseWicketApplication:0.13722222222222225
SelectionException:0.11333333333333333
