IOService:0.653888888888889
MockIOService:0.2866666666666667
HttpGetCommandProcessor:0.22333333333333333
TextReadHandler:0.21333333333333335
NodeIOService:0.20666666666666667
HTTPCommunicator:0.2
GroupProperty:0.16955555555555554
HttpCommandProcessor:0.16955555555555554
Protocols:0.13333333333333333
RestTest:0.12333333333333334
TextCommandConstants:0.11
