TextConverter:0.6733333333333333
FileResource:0.48333333333333334
TextOpenOfficeConverter:0.4166666666666667
