ShadowArscAssetManager:0.5183333333333333
AttributeSetBuilderTest:0.37666666666666665
Converter:0.21333333333333335
attr:0.15333333333333332
AttributeSetBuilderImpl:0.09
FromCharSequence:0.04666666666666667
FlagConverter:0.03333333333333333
FromAttrData:0.02666666666666667
EnumConverter:0.023333333333333334
FromFile:0.016666666666666666
FromBoolean:0.016666666666666666
FromFilePath:0.016666666666666666
FromFraction:0.01
FromColor:0.01
FromInt:0.01
FromFloat:0.01
FromDimen:0.01
styleable:0.0
