AggregationBuilders:0.673
TopHitsIT:0.49611111111111106
ChildrenIT:0.31214285714285717
