IntegerExpression:0.9233333333333333
LADD:0.12444444444444443
LSUB:0.12444444444444443
LMUL:0.12444444444444443
