TiledMapRenderer:0.7433333333333333
TiledMap:0.2733333333333333
TiledMapTileSet:0.2683333333333333
TiledMapDirectLoaderTest:0.02
TiledMapBench:0.013333333333333334
TiledMapAssetManagerTest:0.01
