NotificationUtil:0.6966666666666667
GroupsEditorSupport:0.38
AuthenticationPanel:0.23
LocalUserObject:0.20944444444444446
UserManagerService:0.20333333333333334
LocalUserObjectImpl:0.19666666666666666
QueryBuilderFrame:0.17138888888888887
Delete:0.16666666666666666
UserProperty:0.13
AddGroup:0.09333333333333334
NotificationUtilImpl:0.056666666666666664
