AbstractFolderCoreProcessor:0.5533333333333333
FolderCoreProcessor:0.42542857142857143
WorkspaceTreeController:0.24
FolderModuleImpl:0.23666666666666666
FolderModule:0.14416666666666667
WebKeys:0.05333333333333334
