CertificateStoreSessionLocal:0.6313095238095238
UniqueSernoHelper:0.5466666666666666
CertificateStoreSessionBean:0.4766666666666667
