TableSpec:0.58
StringUtility:0.29
ThreadMonitorModule:0.16333333333333333
TableCreatingConnection:0.16
MySQLDDLConverter:0.11333333333333333
OracleDDLConverter:0.11333333333333333
PostgresDDLConverter:0.11333333333333333
McKoiDDLConverter:0.11333333333333333
