TreePrintingListener:0.6366666666666667
FlatPrintingListener:0.5366666666666666
VerboseTreePrintingListener:0.36666666666666664
ExecuteTestsTask:0.3333333333333333
