SideKickPlugin:0.39
SideKickTree:0.38
SideKickParsedData:0.25333333333333335
SideKickOptionPane:0.12666666666666668
SideKickActions:0.03333333333333333
