MainScreen:0.38666666666666666
DatabaseHandler:0.31
SeriesListUpdator:0.30333333333333334
DicomVolumeRendering:0.26
DicomMPR3DSlider:0.26
DicomMIP:0.26
SeriesPanel:0.25666666666666665
ImageToolbar:0.24333333333333335
SurfaceRendering:0.22333333333333333
DicomMPR2D:0.21444444444444447
ShowViewerDelegate:0.19333333333333333
SeriesThumbUpdator:0.18666666666666668
