ObjectKeys:0.6543333333333333
DashboardHelper:0.36333333333333334
WebKeys:0.33322222222222225
SAbstractForumController:0.2195555555555556
WorkspaceTreeController:0.2028888888888889
ModifyDashboardController:0.19333333333333333
ListProfilesController:0.18666666666666668
DashboardTag:0.15333333333333332
