FileUtils:0.7166666666666667
TypedProperties:0.5133333333333333
JPPFConfiguration:0.27777777777777773
VersionUtils:0.20777777777777778
