PageDownstreamContext:0.48
SymbolBasedBulkShardProcessor:0.41333333333333333
UpsertByIdContext:0.26777777777777784
UpsertByIdContextTest:0.24
PageDownstreamContextTest:0.17666666666666667
