NodeGroup:0.4866666666666667
IConfigurationService:0.41333333333333333
ConfigurationService:0.33666666666666667
NodeGroupLink:0.25
NodeGroupLinkMapper:0.13111111111111112
NodeGroupMapper:0.04
