ReportAppletDetails:0.8066666666666666
ReportDescendants:0.4533333333333333
