ShardManager:0.8208333333333333
DatabaseShardManager:0.4533333333333333
RaptorMetadata:0.4266666666666667
TestRaptorSplitManager:0.26
TestDatabaseShardManager:0.22
