AuthenticationModuleImpl:0.6116666666666667
ManageRuntimeStatisticsController:0.40166666666666667
SessionListener:0.32
