FileHandle:0.52
UBJsonTest:0.37333333333333335
PixmapPacker:0.36133333333333334
UBJsonReader:0.29133333333333333
Matrix3:0.17
AnimationDesc:0.14
PixmapPackerTest:0.10666666666666667
