Visitor:0.5066666666666667
SubqueryPlanner:0.39666666666666667
Scope:0.3566666666666667
SemanticExceptions:0.25666666666666665
