BlockEncodingManager:0.6366666666666667
MockExchangeRequestProcessor:0.22583333333333333
TestExchangeOperator:0.2
TestPagesSerde:0.2
TestExchangeClient:0.19666666666666666
TestHttpPageBufferClient:0.19333333333333333
HttpClientHandler:0.16444444444444445
TestRaptorPlugin:0.13333333333333333
ServerMainModule:0.12333333333333334
RaptorBenchmarkQueryRunner:0.11
