ClassMetadata:0.4744444444444445
ClassInfo:0.4266666666666667
BackendBean:0.3566666666666667
KuwaibaWebservice:0.27666666666666667
BackendBeanRemote:0.18416666666666667
