Tab:0.6
MetaTab:0.45
EntityTab:0.3233333333333333
AJAXTest:0.27666666666666667
ITabProvider:0.255
JPATabProvider:0.15333333333333332
DescriptionsCalculator:0.14
JDBCTabProvider:0.12333333333333334
TabProviderBase:0.12333333333333334
EntityTabDataProvider:0.11666666666666667
IEntityTabDataProvider:0.07
EntityTabBean:0.05333333333333334
