NettyHttpChannel:0.45
NettyHttpServerTransport:0.3433333333333333
CorsRegexIT:0.22333333333333333
HttpRequestHandler:0.1491111111111111
HttpChannelPipelineFactory:0.13405555555555557
NettyHttpChannelTests:0.10666666666666667
RestUtils:0.09916666666666667
