KeyStoreContainerBase:0.5466666666666666
CMS:0.36666666666666664
HSMKeyTool:0.275
VerifyResult:0.14
