SameDiffLayer:0.5366666666666666
BaseSameDiffLayer:0.45
SameDiffParamInitializer:0.43333333333333335
