AbstractCharsetNamingStrategyTest:0.44333333333333336
Iso88591CharsetNamingStrategyTest:0.40444444444444444
Utf8CharsetNamingStrategyTest:0.40444444444444444
