MultiLayerNetwork:0.7
ComputationGraph:0.4666666666666667
ModelGuesser:0.21333333333333335
MultiLayerTest:0.17333333333333334
