SharedSocket:0.47
ConnectionJDBC2:0.31666666666666665
TimerThread:0.2733333333333333
