EventIpcManager:0.5898888888888889
EventIpcManagerDefaultImpl:0.58
ListenerThread:0.31333333333333335
EventIpcBroadcastProcessor:0.2633333333333333
TransactionAwareEventIpcManagerProxy:0.26
OpenNMSTestCase:0.23333333333333334
Eventd:0.20333333333333334
EventIpcManagerDefaultImplTest:0.15
EventIpcBroadcaster:0.10666666666666667
MockEventListener:0.07333333333333333
DefaultEventHandlerImpl:0.03666666666666667
