MetaModel:0.6466666666666666
Strings:0.39666666666666667
InvoiceDetail:0.35
AnnotatedClassParser:0.31
WarehousesTest:0.26666666666666666
DataSourceConnectionProvider:0.20444444444444446
AccessTrackingCalculator:0.17
AccessTrackingListener:0.07666666666666666
