TaskCreateLog:0.7966666666666666
TaskCreateLogSeverityChangedPatch:0.38666666666666666
