MyLinkedList:0.45
Test2:0.44666666666666666
MyLinkedListNode:0.24666666666666667
Testapp:0.016666666666666666
Test1:0.013333333333333334
