Client:0.4066666666666667
Connection:0.30333333333333334
JedisTest:0.2857777777777778
AllKindOfValuesCommandsTest:0.27666666666666667
SortedSetCommandsTest:0.24
