AbstractDbDialect:0.51
IDbDialect:0.235
PostgreSqlDbDialect:0.22666666666666666
MySqlDbDialect:0.22666666666666666
OracleDbDialect:0.22666666666666666
