JUTestClient:0.4633333333333333
Listener:0.4056666666666667
GeneralNotificationEvent:0.38
