TokenPKCS10RequestWS:0.04666666666666667
TokenKeyStoreRequestWS:0.04
PINDataWS:0.04
HardTokenDataWS:0.016666666666666666
ITokenCertificateRequestWS:0.0
ITokenCertificateResponseWS:0.0
