IsotopeTest:0.37333333333333335
BondTest:0.31666666666666665
CrystalTest:0.2966666666666667
MonomerTest:0.20666666666666667
ChemObjectTest:0.20666666666666667
AtomTypeTest:0.19
PseudoAtomTest:0.18666666666666668
ChemModelTest:0.17666666666666667
ElectronContainerTest:0.17333333333333334
ElementTest:0.16333333333333333
