NettyChannelBuilder:0.6138888888888888
OkHttpChannelBuilder:0.6133333333333333
KeepAliveManager:0.25833333333333336
