CarrierTest:0.5512222222222222
ReferenceBaseAction:0.43666666666666665
