TextInput:0.9066666666666666
TextInputTest:0.29333333333333333
