TestPredicate:0.5933333333333334
QueryAdvancedTest:0.45
EntryProcessorTest:0.4066666666666667
