SoftSettingsHash:0.42333333333333334
SettingsHandler:0.3566666666666667
SettingsCache:0.2866666666666667
SettingsEntry:0.26666666666666666
