OmDocument:0.5966666666666667
SegmentElementsDescription:0.4866666666666667
