BinderService:0.545
TeamingServiceEndpoint:0.49
TeamingServiceClientWithCall:0.32666666666666666
BinderServiceImpl:0.22666666666666666
