AuthenticatorUtils:0.5266666666666666
Unauthorized401Interceptor:0.37333333333333335
ProxyUnauthorized407Interceptor:0.37333333333333335
