DFHandler_MapsTest:0.2966666666666667
ServerCockpitMultiAppli7_Test:0.21166666666666667
ServerCockpitMultiAppli6_Test:0.21166666666666667
XMLMapsDefinitionParserTest:0.21166666666666667
ClientXMLDFHandlerMapsTest:0.19
ProtocolInputDecoderClient_6Test:0.15
ProtocolInputDecoderClient_5Test:0.12
