XPathLocationParser:0.5266666666666666
LocationFoundException:0.09083333333333334
XPathLocationFoundException:0.09083333333333334
Context2SimpleXPathTest:0.04
