ScriptingConsoleView:0.5991666666666666
JsThread:0.5616666666666666
JsConsoleView:0.31333333333333335
