InformationSchemaTest:0.5666666666666667
RowContextDocLevelReferenceResolver:0.4533333333333333
SQLPlugin:0.23666666666666666
SysSchemaInfo:0.19666666666666666
TableSettingsTest:0.16333333333333333
SystemCollectSource:0.10333333333333333
