Constants:0.45118253968253963
SearchUtils:0.42
ReportModuleImpl:0.3933333333333333
