AzureStorageServiceMock:0.61
AzureStorageService:0.595
AzureBlobContainer:0.3433333333333333
AzureStorageServiceImpl:0.31666666666666665
AzureRepository:0.14
AzureComputeServiceTwoNodesMock:0.07333333333333333
AzureUnicastHostsProvider:0.06333333333333334
AzureComputeServiceSimpleMock:0.056666666666666664
AzureSnapshotRestoreITest:0.04
CloudAzurePlugin:0.03333333333333333
