DefaultStrategiesHelper:0.8883333333333333
DefaultStrategiesHelperTest:0.0033333333333333335
