AnnotationList:0.5653888888888888
ElementMatchers:0.5633333333333334
WithCustomMapping:0.36333333333333334
DynamicValue:0.3233333333333333
Advice:0.28
AbstractBase:0.14333333333333334
Empty:0.11333333333333333
ForUserValue:0.02
