jOOQAbstractTest:0.5855555555555555
SelectQueryImpl:0.37
OrderByTests:0.3466666666666667
