Duplicate:0.47333333333333333
MyTitledISSNArticle:0.12333333333333334
MyTitledNumberedArticle:0.12333333333333334
MyTitledNumberedISSNArticle:0.11666666666666667
MyTitledArticle:0.1
