ShadowContentResolver:0.48
Robolectric:0.46
AccountTest:0.27666666666666667
ContentResolverTest:0.24333333333333335
Status:0.11944444444444442
ShadowAccount:0.03333333333333333
