GeoServerRest:0.8266666666666667
Do:0.4655555555555555
