WorkflowProcessUtils:0.5233333333333333
BinderHelper:0.4033333333333333
AbstractFolderModule:0.34
AbstractBinderProcessor:0.23666666666666666
AbstractEntryProcessor:0.22555555555555556
