Bookmarks:0.6123055555555555
InfoViewer:0.49333333333333335
IndexBuilder:0.2633333333333333
MyScrollPane:0.2555555555555556
EnhancedJEditorPane:0.16666666666666666
ArrowKeyHandler:0.11333333333333333
