LaunchFlowRedirect:0.59
FlowExecutorArgumentExtractor:0.27
ResponseInstruction:0.26666666666666666
AbstractFlowExecutionTests:0.21666666666666667
FlowPhaseListener:0.21
FlowExecutorArgumentExtractorTests:0.20666666666666667
PortletFlowController:0.16333333333333333
FlowAction:0.16333333333333333
TextToViewSelector:0.14666666666666667
TextToViewSelectorTests:0.14333333333333334
RequestPathFlowExecutorArgumentExtractor:0.13666666666666666
RequestPathFlowExecutorArgumentExtractorTests:0.13
FlowController:0.12
LaunchFlowRedirectSelector:0.09
LaunchFlowRedirectSelectorTests:0.036111111111111115
LaunchFlowRedirectTests:0.0033333333333333335
