DataSerializableConventionsTest:0.6433333333333333
ReflectionsHelper:0.22666666666666666
