Deployment:0.79
DeploymentOptions:0.49333333333333335
DeploymentTest:0.29
StarterTest:0.2733333333333333
HAManager:0.27111111111111114
MessageImpl:0.2569444444444445
DeploymentManager:0.21
VerticleHolder:0.19666666666666666
VertxImpl:0.19333333333333333
DeploymentImpl:0.15333333333333332
