CastorMarshaller:0.8666666666666667
CastorMarshallerTest:0.19666666666666666
