MaxBucketReducer:0.47333333333333333
MinBucketReducer:0.47333333333333333
MaxBucketBuilder:0.24333333333333335
MinBucketBuilder:0.24333333333333335
TransportAggregationModule:0.23666666666666666
AggregationModule:0.18666666666666668
ReducerBuilders:0.13666666666666666
MinBucketParser:0.11666666666666667
MaxBucketParser:0.11666666666666667
