MapService:0.49333333333333335
DefaultRecordStore:0.4766666666666667
GroupProperties:0.35
BoundedArrayWriteBehindQueue:0.3233333333333333
WriteBehindQueueManager:0.24
StoreProcessor:0.23
MapStoreTest:0.18166666666666667
