ExpressionCompiler:0.49
Visitor:0.37333333333333335
FunctionAssertions:0.34
OperatorCacheKey:0.30333333333333334
ByteCodeExpressionVisitor:0.30333333333333334
LocalQueryRunner:0.2608333333333333
BootstrapFunctionBinder:0.21333333333333335
Expressions:0.15333333333333332
TestSqlTaskManager:0.13666666666666666
TestSqlTaskExecution:0.12333333333333334
ByteCodeGeneratorContext:0.07444444444444445
SqlToRowExpressionTranslator:0.043333333333333335
