Node:0.6433333333333333
DesignerGraphicalEditorPart:0.30666666666666664
NodeGraphicalEditPart:0.24333333333333335
ElementTreeEditPart:0.14
