WebSocketFrame:0.5670555555555555
WebsocketTest:0.4
ServerHandlerWithWebSockets:0.36666666666666664
WebSocketFrameImpl:0.2966666666666667
