VariableWidthBlockBuilder:0.5733333333333334
VariableWidthBlock:0.5583333333333333
