GraphEltSet:0.52
NBrowseApplet:0.44
NyuWormRnai:0.31666666666666665
StepExpansionThread:0.25666666666666665
NbrowseJdbcAdapter:0.23
DataLoader:0.23
StepManager:0.19333333333333333
MouseManager:0.18333333333333332
EdgeFilterTypeGui:0.17333333333333334
DBReader:0.16333333333333333
TouchGraphXmlAdapter:0.15333333333333332
NodeInfo:0.08666666666666667
EdgeFilterView:0.04
StepExpansionObserver:0.0033333333333333335
