DriverContext:0.645
MediaDriver:0.44666666666666666
Context:0.20166666666666666
EventReader:0.14
