JSONUtil:0.48
JSONResultTest:0.4033333333333333
JSONResult:0.32
JSONInterceptorTest:0.25666666666666665
JSONInterceptor:0.24666666666666667
JSONUtilTest:0.19666666666666666
