NameTable:0.45
Options:0.4166666666666667
StatementGenerator:0.3933333333333333
ObjectiveCHeaderGenerator:0.2
