CacheEventListenerAdaptor:0.3933333333333333
AbstractClientCacheProxyBase:0.31333333333333335
AbstractCacheRecordStore:0.27
CacheHazelcastInstanceAwareTest:0.2633333333333333
HazelcastInstanceAwareCacheEntryListenerConfiguration:0.2473888888888889
AbstractInternalCacheProxy:0.24333333333333335
ClientCacheProxy:0.24
CacheProxy:0.23
AbstractCacheProxyBase:0.23
CacheWriterWithDependencies:0.07444444444444444
ExpiryPolicyWithDependencies:0.06444444444444446
CacheEntryListenerFactoryWithDependencies:0.05444444444444444
ExpiryPolicyFactoryWithDependencies:0.05444444444444444
CacheLoaderFactoryWithDependencies:0.05444444444444444
CacheWriterFactoryWithDependencies:0.05444444444444444
CompletionListenerWithDependencies:0.043333333333333335
CacheLoaderWithDependencies:0.016666666666666666
CachePartitionLostListenerWithDependencies:0.01
CacheEntryListenerWithDependencies:0.01
EntryProcessorWithDependencies:0.006666666666666667
