ERDesignerComponent:0.6733333333333333
ERDesigner:0.42333333333333334
ERDesignerMainFrame:0.29333333333333333
OpenFromFileCommand:0.25
