StoreScp:0.49
StorageBean:0.37666666666666665
CopyCoerce:0.18333333333333332
GeneralCoerce:0.18
