BufferResponseWrapper:0.5311111111111111
SystemUtil:0.49333333333333335
MadvocResponseWrapper:0.32416666666666666
