Fields:0.4669444444444444
CommonStats:0.38333333333333336
CommonStatsFlags:0.3566666666666667
TransportIndicesStatsAction:0.29
ShardStats:0.26666666666666666
OsStats:0.1975
NodeStats:0.19666666666666666
IndicesStatsResponse:0.19333333333333333
InternalIndicesService:0.14333333333333334
