URLDecoder:0.6233333333333333
URLCoderTest:0.5266666666666666
HttpUtil:0.36666666666666664
