ConvolutionLayerSetupTest:0.6883333333333334
WeightInitUtilTest:0.35555555555555557
