ConnectionPool:0.45
ConnectionEntry:0.43333333333333335
CommandExecutorService:0.34
MasterSlaveConnectionManager:0.2633333333333333
CommandBatchExecutorService:0.25
MasterSlaveEntry:0.22472222222222224
BaseLoadBalancer:0.20333333333333334
