WithQuery:0.5633333333333334
AbstractTestQueries:0.4166666666666667
Formatter:0.29333333333333333
AnalysisContext:0.2633333333333333
AstBuilder:0.22
TestSqlParser:0.21666666666666667
StatementAnalyzer:0.19944444444444445
