WindowServiceImpl:0.2633333333333333
CommandLineImpl:0.26
CommandLineNode:0.24
ContinueAction:0.016666666666666666
StepOverAction:0.016666666666666666
RewindDebuggerAction:0.016666666666666666
RunBackToCursorAction:0.016666666666666666
RunToCursorAction:0.016666666666666666
StepBackInto:0.016666666666666666
StepIntoAction:0.016666666666666666
StepBackOverAction:0.016666666666666666
