FrameHandler:0.43
ClientFrameHandler:0.2814285714285714
OkHttpClientTransport:0.22733333333333333
AsyncFrameWriter:0.21333333333333335
OkHttpSession:0.19333333333333333
Http2Request:0.16777777777777778
Http2Response:0.15733333333333335
OkHttpClientStream:0.154
