FluxSceneSerializer:0.6033333333333334
FluxLightModel:0.5366666666666666
