CollectionAdminImpl:0.39
DatabaseAcceptanceTest:0.31333333333333335
DatabaseAdminImpl:0.24
Create:0.14833333333333334
CollStats:0.13265608465608464
DatabaseAdmin:0.065
CollectionAdmin:0.008333333333333333
