MurmurHash:0.58
LinearCounting:0.3566666666666667
LogLog:0.2966666666666667
HyperLogLog:0.27
TestLinearCounting:0.21
