LookupSource:0.7833333333333333
OuterPositionIterator:0.3272804232804233
LookupSourceSupplier:0.3233333333333333
StreamProperties:0.31666666666666665
StreamPreferredProperties:0.2966666666666667
HashBuilderOperator:0.27577777777777784
LookupJoinOperator:0.22333333333333333
PartitionedLookupSource:0.21666666666666667
Rewriter:0.21
TestHashJoinOperator:0.20333333333333334
LookupOuterOperator:0.19
Visitor:0.18666666666666668
LookupJoinOperatorFactory:0.16333333333333333
SettableLookupSourceSupplier:0.14333333333333334
HashBuilderOperatorFactory:0.12333333333333334
LookupOuterOperatorFactory:0.10666666666666667
IndexLookupSourceSupplier:0.1
LocalPartitionGenerator:0.095
PartitionedLookupOuterPositionIterator:0.03
OnSuccessFutureCallback:0.006666666666666667
