MapContextSource:0.6466666666666666
AbstractMapSource:0.35333333333333333
