Preferences:0.37333333333333335
Reprap:0.36666666666666664
SNAPCommunicator:0.2733333333333333
Main:0.2633333333333333
GenericExtruder:0.24
NullCartesianMachine:0.22
Panel3D:0.21
StepperPanel:0.18666666666666668
Producer:0.16666666666666666
GenericStepperMotor:0.11333333333333333
MachineFactory:0.11
EstimationProducer:0.08
