jEdit:0.09560808
AbstractOptionPane:0.04220887
