PingPongList:0.063426614
jEdit:0.04647463
JEditBuffer:0.03472439
AbstractOptionPane:0.022851018
MiscUtilities:0.021233479
StandardUtilities:0.0066838358
