ToolBarEditDialog:0.27067277
GUIUtilities:0.23565133
EditAction:0.093485445
jEdit:0.084695116
RolloverButton:0.041471843
AbstractOptionPane:0.039114226
StandardUtilities:0.020268474
