MatchTest:0.36666666666666664
TryTest:0.25833333333333336
Match:0.24666666666666667
Function1:0.24333333333333335
Function3:0.2
CheckedFunction2:0.2
Function2:0.2
CheckedFunction3:0.2
CheckedFunction6:0.2
Function6:0.2
Function5:0.19333333333333333
CheckedFunction4:0.19333333333333333
Function4:0.19333333333333333
CheckedFunction5:0.19333333333333333
CheckedFunction1:0.19
CheckedFunction7:0.17333333333333334
Function7:0.17333333333333334
CheckedFunction8:0.16333333333333333
Function8:0.16333333333333333
