Visitor:0.2966666666666667
DocReferenceConverter:0.2846666666666667
ReferenceToLiteralConverter:0.26666666666666666
InsertFromValuesAnalyzer:0.26
InverseDocReferenceConverter:0.24333333333333335
CopyAnalyzer:0.16333333333333333
ReferenceToLiteralConverterTest:0.15333333333333332
ComparisonReplaceVisitor:0.14666666666666667
InverseDocReferenceConverterTest:0.12333333333333334
LuceneQueryBuilder:0.12333333333333334
GeneratedExpressionContext:0.02666666666666667
ReplaceIfMatch:0.0
