SystemShell:0.38
Shell:0.3333333333333333
Console:0.3075
ConsoleTextField:0.18333333333333332
ConsoleToolBar:0.13333333333333333
ConsoleBeanShell:0.13
