Config:0.7333333333333333
ApolloFrame:0.3022222222222222
Style:0.2833333333333333
GeneEditPanel:0.24777777777777782
CommentEditPanel:0.23333333333333334
