BinderHelper:0.6833333333333333
AbstractBinderProcessor:0.32
BinderModuleImpl:0.25
AjaxController:0.22383333333333336
