InternalPartitionService:0.6855000000000001
PartitionReplicaVersions:0.47333333333333333
InternalPartitionServiceImpl:0.42333333333333334
Backup:0.2833333333333333
