ClassInstrumentor:0.47333333333333333
SandboxClassLoader:0.44666666666666666
Decorator:0.23159523809523813
InvokeDynamicClassInstrumentor:0.18
Subject:0.16333333333333333
OldClassInstrumentor:0.15666666666666668
