OutputLayer:0.71
ConvolutionalRBM:0.5683333333333334
ConvolutionalDBN:0.39666666666666667
