JpaFinderProxy:0.5516666666666666
DynamicFinder:0.2733333333333333
JpaTestEntity:0.23333333333333334
JpaPersistModule:0.22
