EditionService:0.5566666666666666
Commands:0.38666666666666666
EditionServiceImpl:0.27
ContextParaPanel:0.25666666666666665
ContextParaTab:0.15333333333333332
EditionServiceAsync:0.14416666666666667
ParametersPanel:0.1
