Pet:0.59
QueryTest:0.36333333333333334
PropertiesProxy:0.21333333333333335
DoInsertLinkVisitor:0.19
ManyTest:0.14
