OptimizerFactory:0.53
OptimizerUnitTest:0.33
CoreMessageLogger:0.31666666666666665
SequenceStyleGenerator:0.27944444444444444
InitialValueAwareOptimizer:0.2733333333333333
TableGenerator:0.21333333333333335
SequenceStyleConfigUnitTest:0.14333333333333334
