PharmacophoreMatcher:0.6483333333333333
PharmacophoreMatcherTest:0.5833333333333334
