DnParser:0.9766666666666667
DefaultDnParserFactory:0.07333333333333333
