Shape:0.7433333333333333
AdmissibilityConstraint:0.29477777777777775
EquationSystem:0.27666666666666667
