Migration:0.51
MetaDataTable:0.23333333333333334
BaseMigration:0.21
H2DbSupport:0.16333333333333333
DbMigrator:0.13666666666666666
SqlMigration:0.07666666666666666
BaseJavaMigration:0.02
