HopLexer:0.38333333333333336
HopParser:0.37
CompilerErrorManager:0.18666666666666668
HopVirtualMachine:0.18416666666666667
DFA33:0.15444444444444444
DFA18:0.15444444444444444
DFA4:0.15444444444444444
DFA14:0.15444444444444444
