WebKeys:0.45359523809523816
WebHelper:0.4166666666666667
DefinableEntity:0.39666666666666667
ViewEntryController:0.33
MarkupTag:0.22
