Device:0.5066666666666667
TransferCapability:0.41
NetworkConnection:0.28
NetworkApplicationEntity:0.13333333333333333
