StatementGenerator:0.65
StatementGeneratorTest:0.6233333333333333
RewriterTest:0.35083333333333333
TranslationProcessor:0.29
