CastorMarshaller:0.4633333333333333
AbstractMarshaller:0.4033333333333333
XmlBeansMarshaller:0.2633333333333333
