FederationManager:0.7433333333333333
Main:0.37333333333333335
JUTestFederationIntegration:0.20666666666666667
