RequiredStringValidator:0.4766666666666667
ValidationAction:0.2572222222222222
RequiredStringValidatorTest:0.12666666666666668
