EntryProcessorTest:0.6011111111111112
QueryRunner:0.39266666666666666
