Structure:0.6166666666666667
StructureTest:0.3333333333333333
FFIType:0.29
CallbacksTest:0.21
ReturnTypesTest:0.19333333333333333
DirectCallbacksTest:0.13666666666666666
SmallTestStructure:0.02666666666666667
NonAllocatingTestStructure:0.02666666666666667
PublicTestStructure:0.02666666666666667
