ElementUtil:0.5633333333333334
FunctionDeclaration:0.4766666666666667
NameTable:0.43333333333333335
StatementGenerator:0.38
Functionizer:0.20333333333333334
TypeImplementationGenerator:0.2
RewriteContext:0.19666666666666666
VariableRenamer:0.19666666666666666
MetadataGenerator:0.19666666666666666
OuterReferenceResolver:0.19
SwitchRewriter:0.13666666666666666
AnnotationRewriter:0.13
AnonymousClassConverter:0.10666666666666667
