TestDuration_Constructors:0.44666666666666666
TestInterval_Constructors:0.4033333333333333
TestDuration_Basics:0.3933333333333333
Duration:0.36666666666666664
MockInterval:0.2833333333333333
MockChangeDuration:0.28
AbstractDuration:0.24666666666666667
MockDuration:0.19222222222222224
TestAll:0.05
