WhereClause:0.45
WhereClauseAnalyzer:0.44666666666666666
WhereClauseAnalyzerTest:0.37
PartitionResult:0.2325
CopyAnalyzer:0.2
QueriedDocTable:0.14277777777777778
UpdatePlanner:0.14
DeleteAnalyzer:0.11666666666666667
WhereClauseValidator:0.04666666666666667
