Common:0.7366666666666667
SendReceiveUdpPing:0.23333333333333334
