ProfileModuleImpl:0.5116666666666667
WebKeys:0.47560317460317453
ModifyEntryController:0.24333333333333335
AddEntryController:0.17333333333333334
