Namespace:0.7482777777777778
MemoryStoreFactory:0.4238888888888889
