SerializationMatchers:0.5666666666666667
CompositionTest:0.31666666666666665
ReferenceTest:0.30666666666666664
GuavaTest:0.12444444444444443
