ZooKeeperClient:0.8366666666666667
DefaultZooKeeperClient:0.5733333333333334
MasterService:0.3333333333333333
ReportingZooKeeperClient:0.2733333333333333
