DeploymentType:0.5633333333333334
ISymmetricEngine:0.5176468253968255
Constants:0.5166666666666667
Node:0.43
DataService:0.29333333333333333
NodeService:0.2833333333333333
SymmetricWebServer:0.23
AbstractSymmetricEngine:0.2
SymmetricServlet:0.14
NodeRowMapper:0.11666666666666667
