DatabaseAuthorizationProvider:0.7752777777777778
PermalinkFilter:0.5703333333333334
