HtmlPortlet:0.5432936507936508
ImageFormatter:0.5432936507936508
