IntegerResult:0.5566666666666666
DoubleArrayResult:0.36666666666666664
ConnectivityOrderOneDescriptor:0.22333333333333333
BCUTDescriptor:0.17833333333333334
AromaticBondsCountDescriptor:0.17
AtomCountDescriptor:0.15944444444444444
BCUTDescriptorTest:0.15666666666666668
AtomCountDescriptorTest:0.15666666666666668
AromaticAtomsCountDescriptorTest:0.15666666666666668
AromaticAtomsCountDescriptor:0.155
ConnectivityOrderOneDescriptorTest:0.14666666666666667
BondCountDescriptor:0.13666666666666666
DoubleResult:0.03333333333333333
DescriptorResult:0.0
