Node:0.47
ConcurrentMapManager:0.27666666666666667
TopicInstance:0.24666666666666667
Util:0.18944444444444444
TopicManager:0.1811111111111111
DistributedExecutorAction:0.17666666666666667
AbstractOperationHandler:0.14
LogFormatter:0.10666666666666667
