MCalendar:0.5066666666666667
MButton:0.43
ImageEditorDesigner:0.26666666666666666
IconSizePreview:0.16444444444444445
MTableHeader:0.15333333333333332
MStatusBar:0.15333333333333332
Watermark:0.15333333333333332
DayButton:0.14333333333333334
PluginSettingsPage:0.1
