Renderer:0.6533333333333333
JChemPaintEditorWidget:0.4266666666666667
JChemPaintWidget:0.305
