Criteria:0.605
IssuesTest:0.39
FilterTest:0.27666666666666667
InlineFilterTest:0.25666666666666665
