IndexShard:0.44333333333333336
Suggest:0.34
CompletionSuggestionBuilder:0.28
CompletionSuggester:0.18444444444444444
CompletionSuggestionContext:0.15333333333333332
PerFieldMappingPostingFormatCodec:0.14333333333333334
Contexts2x:0.11333333333333333
TypeParser:0.11
CompletionSuggestSearchIT:0.10666666666666667
ScoreComparator:0.0
