Credential:0.72
CredentialStore:0.49666666666666665
FetchHTTP:0.32666666666666666
PreconditionEnforcer:0.20333333333333334
