HTMLElement:0.5955555555555556
HTMLInputElement:0.25333333333333335
HTMLImageElement:0.23333333333333334
HTMLIFrameElement:0.23333333333333334
HTMLInputElementTest:0.22
RowContainer:0.20333333333333334
HTMLAppletElement:0.18
HTMLParagraphElement:0.13666666666666666
HTMLDivElement:0.13666666666666666
