InternalPartitionService:0.6859444444444445
InternalPartitionServiceImpl:0.48
PartitionStateManager:0.41333333333333333
PartitionServiceBeanDTOTest:0.27416666666666667
PartitionServiceBeanDTO:0.19944444444444445
PartitionServiceMBean:0.1811111111111111
InternalPartitionServiceImplTest:0.18
