AbstractTestQueries:0.47
DefaultTraversalVisitor:0.31
PlanVisitor:0.29
StatementAnalyzer:0.2841666666666667
IntersectNode:0.2733333333333333
Visitor:0.2633333333333333
RelationPlanner:0.23666666666666666
ChildReplacer:0.22666666666666666
Rewriter:0.14333333333333334
PlanOptimizersFactory:0.13333333333333333
SetOperationPlan:0.05
TestGroups:0.0
