ClassNode:0.5966666666666667
MethodNode:0.46
MethodInfo:0.39666666666666667
