Email:0.7266666666666667
SendMail:0.26666666666666666
SendMailSession:0.23833333333333334
