Mode:0.16415367
XModeHandler:0.10568047
JEditBuffer:0.104168616
ModeCatalogHandler:0.085545726
jEdit:0.084516935
Buffer:0.067434974
StandaloneTextArea:0.06539447
IOUtilities:0.03352309
Log:0.03161751
TokenMarker:0.026772534
JEditEmbeddedTextArea:0.021915006
