Client:0.4
AbstractClient:0.34
ClusterAdminClient:0.27166666666666667
IngestClientIT:0.25
ClusterAdmin:0.18333333333333332
RestSimulatePipelineAction:0.15
