BitMatrix:0.56
EncoderTest:0.2966666666666667
ReaderException:0.24666666666666667
Decoder:0.20444444444444446
AbstractErrorCorrectionTestCase:0.17666666666666667
ChecksumException:0.12333333333333334
ErrorCorrectionTestCase:0.12333333333333334
FormatException:0.12333333333333334
BitMatrixTestCase:0.04
