FWTab:0.6
MonitorTab:0.2733333333333333
NetworkTab:0.24666666666666667
SearchTab:0.23916666666666667
BanHostAction:0.23333333333333334
StatisticsTab:0.18
SWDownloadTab:0.17666666666666667
DisconnectHostAction:0.16666666666666666
SecurityTab:0.15666666666666668
ShareTab:0.14333333333333334
SelectionHandler:0.1311111111111111
