TwlRenderer:0.6066666666666667
TextAreaTest:0.37333333333333335
ButtonTest:0.31
ButtonTestDesktop:0.15666666666666668
TextAreaTestDesktop:0.15666666666666668
