DOReader:0.6833333333333333
Access:0.6533333333333333
DefaultAccess:0.43
FastDOReader:0.30666666666666664
SimpleDOReader:0.3
FedoraAPIABindingSOAPHTTPImpl:0.26
FedoraAccessServlet:0.25777777777777783
DynamicAccessImpl:0.24
DefaultDisseminatorImpl:0.23444444444444448
DynamicAccessModule:0.22333333333333333
