IssueUtilitiesTest:0.33
UserServiceImplTest:0.32666666666666666
ProjectServiceImplTest:0.30333333333333334
AbstractEntityTest:0.30333333333333334
ImportExportUtilities:0.2833333333333333
ConfigurationServiceImplTest:0.27
IssueAttachmentTest:0.25333333333333335
UserDAOImplTest:0.24666666666666667
AbstractDependencyInjectionTest:0.19666666666666666
ProjectDAOImplTest:0.19666666666666666
ImportExportUtilitiesTest:0.17
CreateIssueTest:0.11
WorkflowUtilitiesTest:0.07333333333333333
