OgnlExpressionParser:0.7283333333333334
ELExpressionParserTests:0.2793333333333333
