NodeIOService:0.6797222222222223
CountingCountdownLatch:0.4238888888888889
