StyledLayerDescriptor:0.22166666666666668
RasterSymbolizer:0.22166666666666668
TextSymbolizer:0.22166666666666668
Style:0.215
LinePlacement:0.215
Graphic:0.215
FeatureTypeStyle:0.215
UserLayer:0.215
Font:0.205
Stroke:0.205
ExternalMark:0.205
Rule:0.205
NamedLayer:0.205
PolygonSymbolizer:0.16166666666666665
Mark:0.16166666666666665
ExternalGraphic:0.16166666666666665
Fill:0.11666666666666667
PointPlacement:0.11666666666666667
Symbolizer:0.11666666666666667
FeatureTypeConstraint:0.11666666666666667
RemoteOWS:0.05
RangeAxis:0.05
Description:0.05
Extent:0.05
CoverageExtent:0.05
SelectedChannelType:0.05
SLDLibrary:0.05
NamedStyle:0.05
ShadedRelief:0.05
Displacement:0.05
AnchorPoint:0.05
ContrastEnhancement:0.05
ChannelSelection:0.05
CoverageConstraint:0.05
Halo:0.05
LayerFeatureConstraints:0.04666666666666667
ColorMap:0.04666666666666667
InlineFeature:0.04666666666666667
ColorReplacement:0.04666666666666667
LayerCoverageConstraints:0.04666666666666667
GraphicStroke:0.04
LineSymbolizer:0.04
GraphicalSymbol:0.0
PointSymbolizer:0.0
GraphicLegend:0.0
GraphicFill:0.0
