OldTestClassRunner:0.5033333333333333
OldTestClassAdaptingListener:0.44666666666666666
BadSuiteMethod:0.37211111111111106
AllTestsTest:0.22333333333333333
