Scans:0.6666666666666666
NutLoading:0.39
BorningException:0.3383333333333333
