ApplicationEntityManager:0.571888888888889
ScriptQuery:0.4866666666666667
WebserviceBean:0.31
ApplicationEntityManagerImpl:0.30666666666666664
WebserviceBeanLocal:0.25833333333333336
Util:0.22
KuwaibaService:0.16333333333333333
RemoteScriptQuery:0.10666666666666667
Constants:0.08
I18N:0.017388888888888888
ScriptQueryResult:0.013333333333333334
RemoteScriptQueryResult:0.006666666666666667
