NewDataProjectWizard:0.7266666666666667
ExtendedSampleDataAction:0.44
SelectDataFoldersPage:0.34
SampleDataAction:0.24666666666666667
