CookieClearingLogoutHandler:0.7966666666666666
LogoutBeanDefinitionParser:0.35333333333333333
CookieClearingLogoutHandlerTests:0.10666666666666667
