MapService:0.8133333333333334
MultiMapService:0.37
CollectionService:0.33666666666666667
QueueService:0.3233333333333333
