Parameters:0.7449444444444445
ControlAttributeParametersTest:0.3466666666666667
