RequestContextUtil:0.66
SSStatefulJob:0.26666666666666666
RunasTemplate:0.22333333333333333
DispatchServer:0.14333333333333334
DigestBasedHardAuthenticationFilter:0.14333333333333334
DigestBasedSoftAuthenticationFilter:0.14333333333333334
InitRequestContextInterceptor:0.14333333333333334
