JtdsResultSet:0.5033333333333333
ClobImpl:0.42333333333333334
BlobImpl:0.37
SharedSocket:0.26
LOBTest:0.255
TestBase:0.22333333333333333
ReaderInputStream:0.12666666666666668
JtdsInputStream:0.07666666666666666
JtdsReader:0.07666666666666666
ReadTextTest:0.07333333333333333
WriterOutputStream:0.04666666666666667
