AbstractCacheRecordStore:0.43
AbstractClientCacheProxyBase:0.38666666666666666
AbstractCacheProxyBase:0.35333333333333333
CacheProxy:0.31333333333333335
ClientCacheProxy:0.20333333333333334
ServerSideCacheLoaderFactory:0.16388888888888892
ClientReadWriteThroughJCacheTests:0.14
ServerSideCacheLoader:0.07333333333333333
