ValueMirrors:0.4542619047619048
ValueAttribute:0.4533333333333333
ValueType:0.425
StyleInfo:0.3416666666666667
Proto:0.2611111111111111
