Builder:0.5933333333333334
NeuralNetConfiguration:0.5
OutputLayer:0.3
Parallelization:0.2611111111111111
BaseLayer:0.26
Word2Vec:0.22
MultiLayerTest:0.12
MultiLayerNeuralNetConfigurationTest:0.08
OutputLayerTest:0.04611111111111111
