Field:0.82
Factory:0.38666666666666666
DayToSecond:0.36333333333333334
AbstractField:0.24333333333333335
DataTypeTests:0.22666666666666666
Expression:0.22
CustomField:0.21
YearToMonth:0.13333333333333333
Interval:0.013333333333333334
