JavaReflectionManager:0.56
AnnotationConfiguration:0.47888888888888886
JavaXAnnotatedElement:0.41333333333333333
