DataAdapterI:0.5205555555555557
NBEdge:0.45
NBNode:0.37
TouchGraphXmlAdapter:0.30666666666666664
LineParser:0.30333333333333334
TabFileAdapter:0.2633333333333333
NbrowseJdbcAdapter:0.23666666666666666
DataLoader:0.21
OpenDialog:0.06666666666666667
