DatabaseUtils:0.74
DashboardService:0.47
DashboardMainPage:0.3788888888888889
DynamicDisplayPage:0.22333333333333333
CreateOrEditReportForm:0.19166666666666668
ConfigureReportPage:0.17666666666666667
ConfigureReportForm:0.16333333333333333
CreateOrEditReportPage:0.11
DisplayReportTablePanel:0.03
DisplayReportDiagramPanel:0.03
