ByteBuddy:0.4116666666666667
Default:0.3566666666666667
ByteBuddyCommons:0.3466666666666667
AbstractBase:0.30333333333333334
ClassRedefinitionTransformer:0.22
