FeedFactory:0.8966666666666666
FeedDownloader:0.29333333333333333
