ConsoleCommand:0.6033333333333334
ServiceConsoleCommandFactory:0.3044444444444444
ConsoleSendButtonListener:0.17333333333333334
