AbstractProcessingFilter:0.57
UrlUtils:0.55
ConfigUtils:0.28
LogoutFilter:0.23333333333333334
ConcurrentSessionFilter:0.21333333333333335
AccessDeniedHandlerImpl:0.16666666666666666
