Key:0.4666666666666667
SimpleNameFactory:0.38333333333333336
NameTest:0.35
SimpleNameTest:0.08333333333333333
ConformanceTest:0.006666666666666667
