ParameterRule:0.6166666666666667
DefaultXMLExporter:0.44
WidgetRule:0.39666666666666667
JFXEditorOverlay:0.34
TreeEditorHelper:0.24666666666666667
ServerXMLFieldAttribute:0.2316111111111111
DefaultServerBinaryDFHandler:0.21333333333333335
DefaultServerXMLDFHandler:0.21333333333333335
EditorPanel:0.20083333333333334
SymbolConverter:0.2
ConverterConfigHandler:0.11333333333333333
