MultiLayerUpdater:0.6316666666666667
ComputationGraphUpdater:0.5266666666666666
UpdaterCreator:0.16666666666666666
