JVMHandler:0.6872222222222223
DefaultActionHandler:0.49
DefaultJVMHandler:0.30333333333333334
DefaultExecutionTracker:0.18333333333333332
