HttpServerResponseImpl:0.4766666666666667
HttpTest:0.45666666666666667
HttpServerResponse:0.36266666666666664
FileSystemImpl:0.3
ServerConnection:0.26666666666666666
ConnectionBase:0.23666666666666666
FileResolver:0.19
