TestServerConfiguration:0.7357777777777779
FieldSearchServlet:0.6844444444444445
