Router:0.5533333333333333
Elvin:0.47333333333333333
Connector:0.4166666666666667
IoManager:0.30666666666666664
RequestTrackingFilter:0.2783333333333333
JUTestClient:0.23666666666666666
JUTestFederation:0.21333333333333335
MultiThreadClientThread:0.18666666666666668
Fuzz:0.14
JUTestFederationTLS:0.11
AcceptorConnectorSetup:0.10333333333333333
