AttributeResource:0.6833333333333333
Converter:0.30666666666666664
PackageResourceLoader:0.23666666666666666
StyleResourceLoader:0.17333333333333334
