StatementGenerator:0.7033333333333334
StatementGeneratorTest:0.5133333333333333
OperatorRewriter:0.30333333333333334
OperatorRewriterTest:0.06
