ResourceTableModel:0.6844444444444445
ResourceProcessPanel:0.3933333333333333
