Logger:0.7604444444444445
MapStoreDataLoadingContinuesWhenNodeJoins:0.4519444444444445
