CsvLoader:0.43
SymmetricWebServer:0.42
DataLoaderContext:0.30333333333333334
ILog:0.2833333333333333
CommonsResourceLog:0.2733333333333333
DuplicateTableDataLoaderFilter:0.24666666666666667
RouterContext:0.24666666666666667
ConfigurationChangedFilter:0.24666666666666667
AppUtils:0.22
SymmetricEngineContextLoaderListener:0.22
CsvUtils:0.21333333333333335
JobManager:0.20666666666666667
SqlUpgradeTask:0.20666666666666667
AbstractInetAddressAuthorizerCompiler:0.20666666666666667
Inet4AddressAuthorizerCompiler:0.19333333333333333
AdditiveDataLoaderFilter:0.1897222222222222
SqlDrivenUpgradeTask:0.14
NotificationService:0.11666666666666667
