FolderEmailFormatter:0.6433333333333333
DefaultFolderEmailFormatter:0.37333333333333335
NotificationDef:0.3433333333333333
MailModuleImpl:0.32
EmailConfigController:0.28
MimeHelper:0.20666666666666667
