Spy:0.5466666666666666
Enhancer:0.36666666666666664
AdviceWeaver:0.3566666666666667
InvokeTraceable:0.254
TraceCommand:0.24666666666666667
AgentLauncher:0.23666666666666666
ReflectAdviceTracingListenerAdapter:0.19666666666666666
Entity:0.014285714285714285
