TypeDefinition:0.6872222222222223
TypeChoiceDefinition:0.3433333333333333
