WorkAreaOperation:0.4633333333333333
RightSet:0.2833333333333333
BinderModuleImpl:0.27
ObjectKeys:0.24794444444444447
AbstractZoneModule:0.22
SharingModuleImpl:0.21
AbstractFolderModule:0.20333333333333334
