GeometryTools:0.71
JChemPaintPanel:0.5
JavaHelpDialog:0.2733333333333333
HelpAction:0.19666666666666666
