TcpTransportUtils:0.5433333333333333
HttpUrlConnection:0.5066666666666667
TcpSenderConnection:0.3233333333333333
TcpReceiverConnection:0.23666666666666666
