StaticsNode:0.35
NoFieldsAbstractor:0.3466666666666667
NullAbstractor:0.29
StaticFieldsAbstractor:0.22666666666666666
IStaticAbstractor:0.08738888888888888
ClassesNode:0.03
RootNode:0.008333333333333333
