ResourceDisplay:0.5133333333333333
RecipeTreeNode:0.29
TypeTree:0.2866666666666667
RecipeTransitionTreeNode:0.26116666666666666
StateTreeNode:0.257
MatchTreeNode:0.24666666666666667
RuleTreeNode:0.19733333333333333
DisplayTreeCellRenderer:0.17666666666666667
