SpooledFileFilter:0.611111111111111
SpooledFileBaseFilterStringEditPane:0.3
SPLF_setName:0.18666666666666668
SpooledFileFactory:0.11
