PropertyPanel:0.20243631
FormPanel:0.11652395
SimpleForm:0.022748603
