WebSocket:0.78
NettyWebSocket:0.4866666666666667
TextMessageTest:0.28
GrizzlyWebSocketAdapter:0.26666666666666666
ProxyTunnellingTest:0.16333333333333333
