FrameGrabber:0.4166666666666667
FFmpegFrameGrabber:0.3933333333333333
FFmpegFrameRecorder:0.34
FrameRecorder:0.3
FrameFilter:0.18333333333333332
WriteCallback:0.0
ReadCallback:0.0
