SearchObject:0.3413333333333334
AbstractEntryProcessor:0.29333333333333333
FrontbaseLobCreator:0.24
FileModuleImpl:0.22666666666666666
DefaultWorkflowTimeout:0.20833333333333334
BinderModuleImpl:0.2
FolderModuleImpl:0.2
ProfileModuleImpl:0.19333333333333333
WorkflowModuleImpl:0.18333333333333332
ViewPermalinkController:0.11
MethodInvocationTraceInterceptor:0.09
