HtmlFormTest:0.4766666666666667
HtmlForm2Test:0.36666666666666664
HtmlAnchor2Test:0.26666666666666666
