ShardManager:0.5898888888888889
DropTableExecution:0.41
ShardManagerDao:0.33988888888888885
PeriodicImportManager:0.25666666666666665
LocalStorageManager:0.25666666666666665
DatabaseShardManager:0.24666666666666667
DatabaseLocalStorageManager:0.21
ServerMainModule:0.19333333333333333
TableWriter:0.1881111111111111
MockPeriodicImportManager:0.17333333333333334
MockLocalStorageManager:0.17333333333333334
DropTableExecutionFactory:0.16666666666666666
ShardCleanerRunnable:0.09666666666666666
DatabasePeriodicImportManager:0.07416666666666667
DropJob:0.06433333333333334
