IosMD5MessageDigest:0.30333333333333334
IosSHAMessageDigestTest:0.28
SHA256:0.26666666666666666
SHA384:0.26666666666666666
SHA512:0.26666666666666666
IosSHAMessageDigest:0.26
SHA1:0.17333333333333334
