Session:0.8066666666666666
SessionTest:0.3175
PostgresWireProtocolTest:0.2
ClientMessages:0.15333333333333332
