Robot:0.5944444444444443
EditorAction:0.29
ResourceLoader:0.23666666666666666
EditorTestSuite:0.23333333333333334
ScriptEditorTest:0.19666666666666666
TestHelper:0.18
Resources:0.1163888888888889
