User:0.6566666666666666
PasswordEncryptor:0.43333333333333335
EncryptUtil:0.30666666666666664
AuthenticationManagerImpl:0.22
PWCallback:0.15666666666666668
PasswordCallbackDigest:0.11333333333333333
