MultiLayerNetwork:0.8205555555555555
BidirectionalTest:0.3233333333333333
