MoveOrder:0.5466666666666666
StoreScp:0.41333333333333333
JMSDelegate:0.3333333333333333
MoveScuService:0.27
MPPSForwardCmd:0.21666666666666667
MoveCmd:0.09
RetryIntervalls:0.07111111111111112
