CCClient:0.38666666666666666
WebdavSiteScape:0.36333333333333334
CrossContextConstants:0.2720555555555556
AuthenticationManager:0.14333333333333334
DispatchServer:0.11
CCClientException:0.06416666666666666
