Get:0.5366666666666666
GetRequest:0.45666666666666667
Item:0.3466666666666667
MultiGetShardRequest:0.3233333333333333
MultiGetRequest:0.2733333333333333
ShardGetService:0.20333333333333334
RobinEngine:0.15333333333333332
GetRequestBuilder:0.15333333333333332
UpdateHelper:0.13
TransportGetAction:0.12333333333333334
TransportShardMultiGetAction:0.12333333333333334
TransportMultiGetAction:0.09
GetActionTests:0.05333333333333334
RestGetAction:0.009166666666666667
