BloggerAPIHandler:0.8666666666666667
MetaWeblogAPIHandler:0.5133333333333333
