SampleTestCase:0.39
JUnit5TestableFactory:0.36666666666666664
JUnit5Testable:0.35333333333333333
SpecificationResolver:0.16333333333333333
IsNestedTestClass:0.043333333333333335
TestExecutionNodeBuilder:0.0033333333333333335
