Event:0.48
HtmlPage:0.47333333333333333
EventNode:0.38
HTMLScriptElementTest:0.24333333333333335
EventTest:0.23333333333333334
HTMLDocument:0.23
MouseEvent:0.20833333333333334
Prototype160Test:0.19
UIEvent:0.18888888888888888
