CodeBlock:0.55
TypeSpec:0.30333333333333334
ParameterSpec:0.24
MethodSpec:0.21
FieldSpec:0.20583333333333337
AnnotationSpec:0.20472222222222225
