DocumentType:0.4066666666666667
HtmlPage:0.37333333333333335
Element:0.37333333333333335
Node:0.2633333333333333
Document:0.23666666666666666
XSLTProcessor:0.23666666666666666
HTMLDocument:0.23333333333333334
XmlPage:0.21
HtmlUnitDOMBuilder:0.19
XmlUtil:0.18333333333333332
SgmlPage:0.17
DocumentTypeTest:0.13
DomDocumentType:0.11
