ClientZoomManager:0.7833333333333333
ClientGraphicsConfigHandler:0.3677777777777778
ClientConfigurationParser:0.33
