SelectStatementAnalyzerTest:0.6591666666666667
RelationAnalyzer:0.3933333333333333
GroupByAggregateTest:0.19333333333333333
