Provider:0.63
Tool:0.43666666666666665
SyncUtils:0.32
RegistryServerSync:0.25666666666666665
