CompletionEngine:0.37
ExperimentalIndex:0.36333333333333334
CompletionContext:0.3
ExperimentalIndexJob:0.20777777777777778
