MBOE:0.52
MPayment:0.5133333333333333
MAllocationLine:0.35333333333333333
