Advice:0.41333333333333333
WeaklyReferenced:0.32611111111111113
WithLazyResolution:0.32611111111111113
AgentBased:0.31666666666666665
Default:0.2866666666666667
ForParameter:0.261984126984127
ClassReloadingStrategy:0.255
WithCustomMapping:0.25
LocationStrategy:0.22333333333333333
ForOrigin:0.20476190476190476
ForReturnValue:0.18476190476190477
TypeLocator:0.18476190476190477
ForField:0.1830952380952381
AgentProvider:0.16
ForThisReference:0.15976190476190477
Enabled:0.15666666666666668
AgentBuilderLambdaInstrumentationStrategyTest:0.14
AndroidClassLoadingStrategy:0.13
BootstrapInjection:0.09666666666666666
LambdaInjector:0.09333333333333334
BootstrapInjectionStrategy:0.043333333333333335
