X509CertificateCredentialsNonInteractiveAction:0.6325
X509AuthenticationWebflowConfiguration:0.49666666666666665
X509Properties:0.014071428571428572
