PingbackPlugin:0.8166666666666667
PingbackHandler:0.26666666666666666
EditBlogPropertiesPlugin:0.21
