UTFEncoderDecoder:0.38333333333333336
HazelcastCache:0.22666666666666666
User:0.22
UTFEncoderDecoderTest:0.13666666666666666
DummyBean:0.04
IDummyBean:0.013333333333333334
TestCacheManager:0.01
