GraphToTikz:0.5877777777777777
Converter:0.5366666666666666
