NioReactor:0.6233333333333333
LoggingClient:0.26666666666666666
Command:0.23159523809523813
App:0.19
AppClient:0.18333333333333332
UDPLoggingClient:0.11333333333333333
ChangeKeyOpsCommand:0.06666666666666667
