JAttr:0.5616666666666666
SimulatorModel:0.49
Options:0.47333333333333333
TypePanel:0.3433333333333333
Simulator:0.3277222222222222
StateJList:0.27666666666666667
Layouter:0.2756746031746032
EditorPanel:0.2733333333333333
ControlPanel:0.22666666666666666
GraphJGraph:0.22333333333333333
RuleJTree:0.22333333333333333
LabelTree:0.21666666666666667
SaveGraphAction:0.21444444444444447
TypeJList:0.21333333333333335
Editor:0.21333333333333335
RulePanel:0.21
JGraphPanel:0.20666666666666667
AbstractLayouter:0.2
MyCellRenderer:0.2
SimulatorPanel:0.2
StatePanel:0.19
SaveControlAction:0.16666666666666666
LayoutAction:0.14333333333333334
Icons:0.13666666666666666
StepHistory:0.06
