StatefulPersistenceContext:0.5316666666666666
CacheAdapterImpl:0.49333333333333335
CacheHelper:0.3696666666666667
ProxoolConnectionProvider:0.19
AuditReaderImpl:0.18333333333333332
TimestampsRegionImpl:0.17333333333333334
