ConnectionManager:0.45666666666666667
HazelcastClient:0.35333333333333333
AsyncClientCall:0.2733333333333333
ListenerManager:0.23
OutRunnable:0.21333333333333335
LifecycleServiceClientImpl:0.20777777777777778
ClientEndpoint:0.2
ProxyHelper:0.19666666666666666
ConnectionManagerTest:0.12666666666666668
IORunnable:0.12
