ClassLoadingStrategy:0.38666666666666666
Configurable:0.37290476190476185
ClassByExtensionBenchmark:0.21666666666666667
WrappingDispatcher:0.18083333333333335
InjectionDispatcher:0.18083333333333335
ClassLoadingStrategyDefaultTest:0.16666666666666666
ClassByImplementationBenchmark:0.16333333333333333
