Concept:0.49333333333333335
KeywordsSearcher:0.4066666666666667
KeywordsStrategy:0.25
GetKeywords:0.12
SortKeywords:0.12
GetNarrowerBroader:0.12
EditElement:0.12
PrioritizedLangComparator:0.03666666666666667
