ConfigurationProcessor:0.51
Sjc74Tests:0.42333333333333334
JavaConfigApplicationContext:0.41333333333333333
MalformedJavaConfigurationException:0.35481349206349205
JavaConfigWebApplicationContext:0.2733333333333333
WellFormedConfig:0.18365079365079368
Cache:0.11222222222222221
ConfigurableJavaConfigApplicationContext:0.04666666666666667
SimpleDataSource:0.023333333333333334
IDataSource:0.0
