Reports:0.6633333333333333
TempBusinessRulesEngine:0.3233333333333333
