RuntimeEnvironment:0.5466666666666666
Configuration:0.5266666666666666
IndexDatabase:0.3433333333333333
