BlockBuilder:0.44
Dictionary:0.36
HashJoinIterator:0.31333333333333335
LongSequenceCursor:0.25333333333333335
DoubleSequenceCursor:0.25333333333333335
RunLengthEncodedBlockCursor:0.25333333333333335
BlockCursor:0.24666666666666667
UncompressedLongBlockCursor:0.23666666666666666
UncompressedBlockCursor:0.23666666666666666
UncompressedDoubleBlockCursor:0.23666666666666666
UncompressedSliceBlockCursor:0.23666666666666666
AlternatingNullsBlockCursor:0.22333333333333333
DictionaryEncodedBlockCursor:0.20666666666666667
