Settlement:0.43333333333333335
Rover:0.4066666666666667
EVASuit:0.4066666666666667
SimulationConfig:0.4033333333333333
AmountResource:0.3933333333333333
PhysicalCondition:0.3566666666666667
ExitAirlock:0.30333333333333334
GoodsManager:0.27
TestAmountResourcePhaseStorage:0.2633333333333333
TestAmountResourceTypeStorage:0.25666666666666665
Crop:0.25
TestAmountResourceStorage:0.24
Exploration:0.24
ExploreSite:0.22666666666666666
CollectResources:0.22666666666666666
Mining:0.22666666666666666
CollectResourcesMission:0.22666666666666666
TestInventory:0.22333333333333333
RescueSalvageVehicle:0.22333333333333333
TestItemResource:0.22
Cooking:0.21666666666666667
RoverMission:0.21333333333333335
LoadVehicle:0.20333333333333334
CookMeal:0.20333333333333334
TendGreenhouse:0.2
SpecimenContainer:0.19
ResearchAreology:0.19
EnterAirlock:0.18
TestGoods:0.17666666666666667
TradeUtil:0.16666666666666666
Farming:0.16666666666666666
EatMeal:0.16333333333333333
EVAOperation:0.16333333333333333
UnloadVehicleTest:0.14666666666666667
VehicleTableModel:0.14333333333333334
Areologist:0.14111111111111113
SettlementTableModel:0.13333333333333333
CollectIce:0.12666666666666668
CollectRegolith:0.12333333333333334
LoadVehicleTest:0.12333333333333334
Botanist:0.12333333333333334
LivingAccommodations:0.09333333333333334
AmountResourceConfig:0.03666666666666667
