ElasticsearchAssertions:0.6974444444444445
SimpleNodesInfoTests:0.4
PluginManagerTests:0.39
PluginsService:0.25333333333333335
