DataManager:0.5133333333333333
ResourceManager:0.42333333333333334
Dbms:0.3933333333333333
SearchManager:0.38
IncreasePopularityTask:0.37
QueryInfo:0.32
SearcherLogger:0.27666666666666667
RepositoryInfo:0.23333333333333334
LuceneSearcher:0.23
ThreadPool:0.18333333333333332
IndexMetadataTask:0.16333333333333333
SettingInfo:0.14277777777777775
DownloadArchive:0.13666666666666666
Geonetwork:0.13666666666666666
Download:0.11666666666666667
Show:0.08333333333333333
ApacheDBCPool:0.08333333333333333
Config:0.06333333333333334
SearchLoggerTask:0.018333333333333333
