RasterImageLayer:0.48333333333333334
TiffTags:0.45666666666666667
RasterImageIO:0.31666666666666665
TiffUtils:0.25333333333333335
