Stream:0.4866666666666667
List:0.4666666666666667
Stack:0.4666666666666667
Queue:0.2633333333333333
