FileModule:0.5833333333333334
RepositorySession:0.43011904761904757
RepositoryUtil:0.38333333333333336
SiteScapeFileSystemLibrary:0.3433333333333333
FileAttachment:0.3333333333333333
FileUploadItem:0.30666666666666664
JCRRepositorySession:0.2866666666666667
WebdavRepositorySession:0.27666666666666667
FileModuleImpl:0.25666666666666665
FolderModule:0.2500396825396825
FileHelper:0.24333333333333335
FolderModuleImpl:0.22
AbstractBinderProcessor:0.19666666666666666
InputDataAccessor:0.19333333333333333
FileRepositorySession:0.175
DomInputData:0.17333333333333334
SsfsMultipartFile:0.16666666666666666
MapInputData:0.11
DefaultFileFolderCoreProcessor:0.04805555555555556
EmptyInputData:0.03
