VibeRuntimeException:0.36666666666666664
VibeRuntimeMapper:0.17333333333333334
AclChangeException:0.09333333333333334
OutsideOfBinderChangesWindowException:0.09333333333333334
AuditTrailPurgedException:0.09333333333333334
