LocalConversationService:0.8433333333333334
ConversationProxy:0.31266666666666665
ConversationBackedFlowExecutionLock:0.24833333333333332
