LdapTemplate:0.7566666666666667
LdapTemplateTests:0.10333333333333333
