ApplicationEntityManager:0.5533333333333333
ApplicationEntityManagerImpl:0.38666666666666666
BusinessEntityManager:0.35666666666666663
WebserviceBean:0.35333333333333333
DefaultReports:0.35
HTMLReport:0.33
RemoteBusinessObjectLight:0.29
BusinessEntityManagerImpl:0.17
HTMLMessage:0.14333333333333334
InventoryReport:0.1311111111111111
HTMLRow:0.09777777777777778
HTMLTable:0.06666666666666667
HTMLComponent:0.06444444444444446
RawReport:0.018888888888888886
HTMLColumn:0.013333333333333334
HTMLImage:0.0
