TestMySqlDistributedQueries:0.4866666666666667
TestPostgreSqlDistributedQueries:0.4866666666666667
TestJdbcDistributedQueries:0.4266666666666667
