Disks:0.43666666666666665
AccessOpt:0.2866666666666667
PropertiesProxy:0.26666666666666666
ObjConvertImpl:0.25666666666666665
ForwardView:0.20666666666666667
