FPGenerator:0.6983333333333334
BdbUriUniqFilter:0.5727777777777777
BdbUriUniqFilterTest:0.43333333333333335
