WLFilter:0.6066666666666667
WadoParams:0.5910000000000001
AEModel:0.11333333333333333
