Alignment:0.5227777777777777
RedundancyPopup:0.2733333333333333
RemoveRedundancyAction:0.27
RedundancyAction:0.19333333333333333
ThresholdPanel:0.15333333333333332
Selection:0.10333333333333333
FormatFactoryDriver:0.02
