ShadowSession:0.40376190476190477
ShadowPackageInstallerTest:0.3233333333333333
DefaultPackageManager:0.32
ShadowPackageInstaller:0.24
DefaultPackageManagerTest:0.18333333333333332
ShadowPackageManagerTest:0.16666666666666666
