RequestInstance:0.42833333333333334
ServletDebug:0.39
CertDistServlet:0.31222222222222223
