Simple:0.4166666666666667
Builder:0.38666666666666666
Compound:0.3433333333333333
TypeInitializer:0.33
