JedisSentinelPool:0.37666666666666665
JedisSentinelPoolTest:0.3433333333333333
JedisSentinelTestUtil:0.3233333333333333
JedisSentinelTest:0.31666666666666665
JedisFactory:0.16666666666666666
