TestBursterFactory:0.52
UploadTest:0.4033333333333333
EmailTest:0.2633333333333333
DistributeExternalTest:0.17333333333333334
MultipleTokensTest:0.14666666666666667
