Person:0.4766666666666667
MainScene:0.31666666666666665
JobHistory:0.30666666666666664
Mind:0.2833333333333333
JobManager:0.27666666666666667
MarsClock:0.27666666666666667
TabPanelActivity:0.23
TabPanelSchedule:0.20777777777777778
UnitManager:0.20416666666666666
TableTab:0.14666666666666667
TabPanelCareer:0.07666666666666666
MarsNode:0.056666666666666664
PersonWindow:0.05
JobAssignment:0.0033333333333333335
