Capabilities:0.4033333333333333
MapStyle:0.35333333333333333
AbstractCursorTool:0.33666666666666667
AbstractWMSRequest:0.32
FeatureInfoRequest:0.2227777777777778
Parser:0.20444444444444446
AbstractParser:0.19555555555555554
MapRequest:0.18666666666666668
FeatureInfoTool:0.11333333333333333
