DatabaseHandler:0.3433333333333333
WikiBase:0.3411111111111111
PersistencyHandler:0.32666666666666666
JAMWikiServlet:0.30666666666666664
AdminServlet:0.21
AbstractSearchEngine:0.20333333333333334
LoginServlet:0.18
RegisterServlet:0.12
