Request:0.59
Action:0.5166666666666667
RoutingTable:0.36
ReplicationPhase:0.27666666666666667
TransportReplicationActionTests:0.27
OperationRouting:0.25666666666666665
PrimaryPhase:0.23333333333333334
ReplicationRequest:0.22
IndicesRequestTests:0.22
TransportReplicationAction:0.21
TransportShardBulkAction:0.20666666666666667
TransportIndexAction:0.17
TransportDeleteAction:0.16
MapperServiceTests:0.15
TransportBulkAction:0.14666666666666667
TransportShardFlushAction:0.14666666666666667
TransportShardRefreshAction:0.14
WriteConsistencyLevelIT:0.14
AsyncReplicaAction:0.12666666666666668
TransportFlushAction:0.10333333333333333
TransportRefreshAction:0.10333333333333333
BulkShardRequest:0.1
ActionWithDelay:0.09
ShardFlushRequest:0.08666666666666667
ActionWithExceptions:0.08
TransportMultiTermVectorsAction:0.07333333333333333
ReroutePhase:0.056666666666666664
PrimaryOperationTransportHandler:0.0033333333333333335
