AbstractPreAuthenticatedProcessingFilter:0.58
PreAuthenticatedProcessingFilterTests:0.26666666666666666
ConcretePreAuthenticatedProcessingFilter:0.11333333333333333
J2eePreAuthenticatedProcessingFilter:0.06333333333333334
FilterChainOrder:0.06333333333333334
