GEFHierarchyImpl:0.4166666666666667
GEFFinderImpl:0.3933333333333333
GEFHierarchy:0.287
