CodeGenerator:0.48
BCELBackend:0.3933333333333333
CodeGeneratorBackend:0.3933333333333333
KeyFactoryGenerator:0.3333333333333333
