MetaClass:0.8466666666666667
BeanWrapper:0.30333333333333334
NestedResultSetHandler:0.30333333333333334
