Collection:0.7066666666666667
CollectionPersister:0.65
AbstractCollectionPersister:0.30666666666666664
AvailableSettings:0.24666666666666667
CollectionBinder:0.22
NoopCollectionPersister:0.21666666666666667
Settings:0.17666666666666667
IntegratorServiceImpl:0.14666666666666667
SettingsFactory:0.14
