StatsReport:0.8607539682539683
StatsListenerConfiguration:0.8285555555555556
StatsListener:0.3933333333333333
