HttpUrl:0.595
Builder:0.48333333333333334
UrlComponentEncodingTester:0.3933333333333333
HttpUrlTest:0.31666666666666665
