Block:0.55
Transaction:0.4033333333333333
VersionMessage:0.3211111111111111
BlockChain:0.27
Sha256Hash:0.25333333333333335
Wallet:0.21
Peer:0.20666666666666667
BitcoinSerializer:0.14666666666666667
BlockChainTest:0.14333333333333334
WalletTest:0.14333333333333334
DiskBlockStore:0.12666666666666668
