Robolectric:0.4888888888888889
ShadowTranslateAnimation:0.4022222222222222
TranslateAnimationTest:0.03333333333333333
