PKCS10RequestMessage:0.5233333333333333
ScepRequestMessage:0.39666666666666667
IRequestMessage:0.3175
PKCS7RequestMessage:0.20666666666666667
