Robolectric:0.6333333333333333
AttributeSetBuilderImpl:0.38333333333333336
XmlResourceParserImpl:0.3333333333333333
