ISarosSession:0.5516666666666666
Utils:0.5433333333333333
SarosSession:0.42
FileUtils:0.33
SarosSessionStub:0.32666666666666666
NullSarosSession:0.31
ImageTileEncoder:0.24666666666666667
OutgoingProjectNegotiation:0.21333333333333335
XMPPTransmitter:0.205
EnterProjectNamePage:0.205
SubscriptionManager:0.20166666666666666
SarosProjectMapper:0.2
SarosNet:0.19333333333333333
OutgoingSessionNegotiation:0.17333333333333334
IncomingProjectNegotiation:0.16666666666666666
ResourceSelectionComposite:0.16166666666666665
CollaborationUtils:0.15333333333333332
ConnectionStateComposite:0.14666666666666667
FollowModeInformationTreeElement:0.14333333333333334
OutgoingProjectJob:0.14
