AnnotationTable:0.513888888888889
UpdateAnnotation:0.49
EvidenceDescriptionBean:0.4533333333333333
