BasicTest:0.4666666666666667
MockTest:0.268
DataTypeTest:0.26
AbstractTest:0.23666666666666666
VisitContextTest:0.21666666666666667
SettingsTest:0.14333333333333334
CastTest:0.13
