KeyframedModel:0.4766666666666667
Keyframe:0.416984126984127
KeyframeAnimation:0.39
KeyframeAnimator:0.23666666666666666
