Data:0.5014285714285714
Unit:0.49
Player:0.43333333333333335
Market:0.35333333333333333
FreeColGameObject:0.3333333333333333
ModelMessage:0.26066666666666666
Canvas:0.22
ReportTurnPanel:0.17333333333333334
InGameMenuBar:0.14333333333333334
