Management:0.7766666666666666
DOReader:0.5433333333333333
Authorization:0.37
FedoraAPIMBindingSOAPHTTPImpl:0.32666666666666666
JournalConsumer:0.28
DefaultAuthorization:0.2733333333333333
DefaultManagement:0.25333333333333335
AutoIngestor:0.24666666666666667
SourceRepoDialog:0.23
MockManagementDelegateForJournalTesting:0.22333333333333333
JournalCreator:0.20333333333333334
AutoExporter:0.19666666666666666
MockDOReader:0.19055555555555556
LoginDialog:0.19
TestLockingFollowingJournalReader:0.18
Journaller:0.14333333333333334
IngestObjectMethod:0.11333333333333333
ActionNamespace:0.10333333333333333
ManagementMethod:0.1
SimpleDOReader:0.08666666666666667
IngestMethod:0.006666666666666667
JournalConstants:0.0
