State:0.54
StateMachine:0.36
ChoiceGenerator:0.2966666666666667
SimStateMachine:0.25666666666666665
JPF_gov_nasa_jpf_sc_StateMachine:0.22666666666666666
ChoiceTracker:0.19527777777777777
