JChemPaintPanel:0.45
SaveAsAction:0.4
JCPSaveFileFilter:0.3933333333333333
SaveAction:0.14111111111111113
