WapitiCRFModel:0.5233333333333333
MyStaticValue:0.49
Element:0.44333333333333336
LearnToolDemo:0.16
