SubsamplingLayer:0.49333333333333335
Keras2ModelConfigurationTest:0.35
EarlyStoppingConfiguration:0.26666666666666666
KerasFlatten:0.22333333333333333
Builder:0.20666666666666667
