ProjectConfig:0.7
CruiseControlController:0.55
ProjectInterface:0.3133888888888889
CruiseControlControllerTest:0.24666666666666667
ProjectConfigTest:0.08
