Script:0.6033333333333334
ScriptEditor:0.41
ExpressionEditor:0.27
StepRunner:0.22166666666666668
ScriptEditorFrame:0.19833333333333333
Expression:0.17333333333333334
Interpreter:0.11333333333333333
