MLLibUtil:0.5683333333333334
RDDMiniBatches:0.20833333333333334
MiniBatchTests:0.16
TestSparkMultiLayer:0.1
DataSetAssertionFunction:0.08333333333333333
MiniBatchFunction:0.08
