RGG:0.7482777777777778
Scale:0.4238888888888889
