RelationAnalyzer:0.6797222222222223
SelectSymbol:0.5378888888888889
