TimeZone:0.6533333333333333
SimpleTimeZoneTest:0.43666666666666665
TimeZoneTest:0.4033333333333333
OldTimeZoneTest:0.25833333333333336
