DataTypes:0.52
ScalarFunctionModule:0.37333333333333335
TestStatementBuilder:0.37
TestingHelpers:0.3333333333333333
