JobValidatorTest:0.45666666666666667
JobValidator:0.42333333333333334
SystemTestBase:0.4
DeploymentTest:0.18666666666666668
