SecurityConstants:0.5997777777777777
Constants:0.4666666666666667
SymmetricWebServer:0.37
NodeManagementService:0.33666666666666667
SymmetricLauncher:0.3233333333333333
SecurityService:0.25
ISecurityService:0.08316666666666667
PasswordFactory:0.0033333333333333335
