IExtension:0.6230555555555556
DefaultExtension:0.5375
Draft_6455:0.38333333333333336
