Citation:0.5633333333333334
Role:0.5372222222222222
OnLineResource:0.36666666666666664
ApplicationSchemaInformation:0.22
