JsConsoleManager:0.8933333333333333
IJsConsoleManager:0.5366666666666666
