SubjectFactory:0.49833333333333335
Credentials:0.33
SubjectFactoryTest:0.30333333333333334
