Extruder:0.8233333333333334
GenericExtruder:0.52
GCodeWriter:0.09666666666666666
SNAPExtruder:0.08666666666666667
GCodeExtruder:0.05333333333333334
