TestShape:0.7033333333333334
TestMaterialisation:0.5855555555555555
