JdbcChadoAdapter:0.6466666666666666
FlybaseChadoInstance:0.43
TigrSybilChadoInstance:0.41444444444444445
