ExplorablePanel:0.4
ConnectLinksFrame:0.31666666666666665
Refreshable:0.24046031746031743
BtnConnectActionListener:0.13416666666666666
ConnectLinksAction:0.05333333333333334
RefreshComponentAction:0.04
GenericObjectNodeAction:0.03333333333333333
