LwjglGraphics:0.7041111111111111
JglfwGraphics:0.6633333333333333
