TestUtils:0.5683333333333334
TicketsResource:0.31666666666666665
AbstractNonInteractiveCredentialsAction:0.2833333333333333
AuthenticationViaFormAction:0.27
MultifactorAuthenticationTests:0.25666666666666665
ClientAction:0.21333333333333335
AbstractServiceValidateController:0.21333333333333335
DefaultAuthenticationSystemSupport:0.21333333333333335
WsFederationAction:0.19
AuthenticationSystemSupport:0.1875
GenerateServiceTicketAction:0.17833333333333334
GenerateServiceTicketActionTests:0.15333333333333332
TokenAuthenticationAction:0.11333333333333333
