GrpcUtil:0.44
NettyClientHandler:0.39
OkHttpClientTransport:0.35333333333333333
OkHttpClientTransportTest:0.26666666666666666
NettyClientTransport:0.21333333333333335
MessageFramer:0.19666666666666666
NettyClientHandlerTest:0.19666666666666666
ServerCallImpl:0.19666666666666666
ProtoInputStream:0.185
ProtoLiteUtils:0.055
IoUtils:0.043333333333333335
