MapDataSerializerHook:0.49333333333333335
LoadAllOperation:0.2966666666666667
LoadStatusOperation:0.24333333333333335
LoadMapOperation:0.24333333333333335
