SerDeUtils:0.6433333333333333
TestSerDeUtils:0.37333333333333335
TestHiveFileFormats:0.2733333333333333
AbstractTestHiveFileFormats:0.20333333333333334
