ViewFactoryCreator:0.5685714285714286
XmlFlowBuilder:0.5133333333333333
FlowServiceLocator:0.40277777777777773
DefaultFlowServiceLocator:0.26
FlowBuilderServices:0.19666666666666666
