ColumnIndexWriterProjection:0.4766666666666667
AbstractInsertAnalyzer:0.22
ProjectionToProjectorVisitor:0.2
ColumnIndexWriterProjector:0.19
InsertFromValuesAnalyzer:0.16166666666666665
InsertFromSubQueryAnalyzedStatement:0.14666666666666667
InsertFromSubQueryAnalyzerTest:0.14666666666666667
Visitor:0.13777777777777778
InsertFromSubQueryAnalyzer:0.13333333333333333
InsertIntoIntegrationTest:0.09
ValuesResolver:0.02
