AbstractAuthenticationProviderModule:0.6566666666666666
FailedAuthenticationHistory:0.47
LoginController:0.3233333333333333
FailedAuthenticationMonitor:0.21494444444444444
