AndOperator:0.5066666666666667
RelationSplitter:0.4866666666666667
ComparisonReplaceVisitor:0.4666666666666667
