Polymer:0.49
Strand:0.38
PolymerTest:0.32666666666666666
PDBReader:0.32
PDBReaderTest:0.20583333333333334
StrandTest:0.06333333333333334
