ClientMapProxy:0.5333333333333333
DefaultMapAggregateMessageTask:0.2633333333333333
MapAggregateTest:0.19
MapAggregateMessageTask:0.17333333333333334
