MemoryTableHandle:0.44666666666666666
TestMemoryPagesStore:0.31666666666666665
MemoryMetadata:0.25333333333333335
TestMemorySmoke:0.23333333333333334
MemoryPagesStore:0.2
MemorySplit:0.15
MemoryTableLayoutHandle:0.13666666666666666
MemoryPageSink:0.11666666666666667
MemoryPageSinkProvider:0.09
MemorySplitManager:0.08333333333333333
TableData:0.03
TestMemoryMetadata:0.006666666666666667
