TestResource:0.63
DropwizardClientRuleTest:0.29333333333333333
FakeApplication:0.22944444444444448
