UserManager:0.6633333333333333
UserContainerTest:0.44666666666666666
Activator:0.2866666666666667
UserManagerLoginDialog:0.23333333333333334
LoginAction:0.15666666666666668
UserManagerTest:0.10333333333333333
