ViewUtil:0.6666666666666666
DisplayListUserVariablesTag:0.5466666666666666
VariableLogic:0.38166666666666665
