MURLAction:0.6333333333333333
FeedViewer:0.42
SDK:0.24666666666666667
DeskletWidget:0.16
