SubstitutionService:0.5666666666666667
SubstitutionServiceDelegate:0.5616666666666666
SubstitutionCriteria:0.53
SubstitutionDAO:0.505
Substitution:0.27666666666666667
JbpmExecutionLogic:0.23
ServiceTestHelper:0.22
SubstitutionForm:0.2
WfeScriptRunner:0.19333333333333333
SubstitutionDAOProxy:0.18
SubstitutionServiceBean:0.18
GetNewSubstitutorTaskListTest:0.18
TerminatorSubstitution:0.16
SubstitutionServiceDelegateLocalImpl:0.14333333333333334
SubstitutionServiceDelegateRemoteImpl:0.14333333333333334
SubstitutionRowBuilder:0.14
UpdateSubstitutionAction:0.12666666666666668
SubstitutionDAOHibernateImpl:0.12666666666666668
ExecutionServiceDelegateSubstitutionAssignTaskTest:0.12
SubstitutionLogic:0.12
SubstitutionTableBuilder:0.11833333333333333
SubstitutionBean:0.08666666666666667
DeleteSubstitutionsAction:0.07666666666666666
TableSubstitutionFunction:0.06333333333333334
SubstitutionCriteriaSwimlane:0.06333333333333334
SubstitutionCriteriaPatch:0.013333333333333334
SubstitutionCriteriaNotEquals:0.006666666666666667
