MultiUserChatManager:0.5833333333333334
XMPPChatTransmitter:0.3466666666666667
MessagingManager:0.30666666666666664
MultiChatSession:0.30333333333333334
