LanguageTaster:0.49633333333333335
LuceneUtil:0.37333333333333335
SearchObject:0.35
QueryBuilder:0.26
