NodeExecutionManager:0.4766666666666667
JPPFNode:0.43666666666666665
AbstractProportionalBundler:0.3233333333333333
ExtMatrixTask:0.2733333333333333
MatrixRunner:0.23666666666666666
AbstractSocketWrapper:0.21
BootstrapSocketClient:0.19
LoadBalancer:0.15333333333333332
