TimelineChannel:0.7266666666666667
ArticleListChannel:0.5733333333333334
