Listener:0.5233333333333333
ComponentTestFixture:0.3566666666666667
Bugs:0.25972222222222224
ChoiceTester:0.23
WindowTrackerTest:0.22
ChoiceTesterTest:0.15333333333333332
RobotVerifier:0.11333333333333333
