ConfigurationSupport:0.5766666666666667
ConfigurationSupportTests:0.3466666666666667
TypeSafeConfigWithStringQualifier:0.20483333333333337
TypeSafeConfig:0.20483333333333337
