Tree:0.5433333333333333
AdvancedEditor:0.425
EditView:0.3566666666666667
