Transaction:0.63
MapService:0.5566666666666666
TransactionImpl:0.37
TestApp:0.3643333333333334
MapProxySupport:0.35
HazelcastHttpSession:0.32666666666666666
AtomicLongTest:0.2833333333333333
XAResourceImpl:0.23666666666666666
ServiceLoader:0.21576767676767672
TxnPrepareOperation:0.14
WebfilterTestCase:0.09666666666666666
