FedoraUtil:0.5766666666666667
TestREST:0.485
TestPolicies:0.2866666666666667
