InvoicesTest:0.6194444444444445
DeliveriesTest:0.2773333333333333
