InformationExtractorJdbcDatabaseMetaDataImpl:0.45666666666666667
NormalizingIdentifierHelperImpl:0.3233333333333333
MigrationTest:0.17
StandardIndexExporter:0.16666666666666666
EntityWithIndex:0.13333333333333333
DisabledForeignKeyTest:0.07
