DateTimeFormatTest:0.88
TestCaseCorrector:0.2633333333333333
DateTimeFormat:0.23333333333333334
BrowserVersionTest:0.15333333333333332
