SessionImpl:0.44333333333333336
CollectionEntry:0.32
EntityEntry:0.2966666666666667
CollectionKey:0.24
StatelessSessionImpl:0.22666666666666666
EntityKey:0.22
SessionImplementor:0.19416666666666665
