Default:0.7266666666666667
TypeWriter:0.6975
RedefinitionDynamicTypeBuilder:0.3144444444444444
RebaseDynamicTypeBuilder:0.24916666666666668
SubclassDynamicTypeBuilder:0.24916666666666668
DynamicTypeDefaultUnloadedTest:0.051666666666666666
