Flow:0.6
BaseFlowServiceLocator:0.30666666666666664
AbstractFlowExecutionTests:0.2733333333333333
ContinuationFlowExecutionRepository:0.24666666666666667
DefaultFlowServiceLocator:0.19666666666666666
AbstractFlowRegistryFactoryBean:0.18
Conversation:0.14666666666666667
FlowNavigationHandler:0.13666666666666666
FlowTests:0.12666666666666668
SharedMapFlowExecutionRepositoryFactory:0.08333333333333333
ContinuationFlowExecutionRepositoryCreator:0.07333333333333333
FlowRegistryPopulationTests:0.016666666666666666
