AsynchronousSocketChannelStream:0.7466666666666667
AsynchronousSocketChannelStreamFactory:0.4266666666666667
Builder:0.15333333333333332
AsynchronousSocketChannelStreamFactoryFactory:0.11666666666666667
