CallSyncPostExecute:0.6486666666666666
ActionDelegate:0.6005555555555555
CallAsyncExecute:0.38333333333333336
