Flyway:0.5666666666666667
MigrationTestCase:0.26
OracleDbSupport:0.25633333333333336
OracleSchema:0.25633333333333336
Command:0.25333333333333335
DerbyDbSupport:0.24666666666666667
PostgreSQLDbSupport:0.24666666666666667
SQLServerDbSupport:0.24666666666666667
DB2DbSupport:0.24666666666666667
MySQLDbSupport:0.24666666666666667
H2Schema:0.225
HsqlDbSupport:0.19333333333333333
H2DbSupport:0.19333333333333333
OracleDbSupportMediumTest:0.14333333333333334
FlywaySmallTest:0.12
