FragmentTest:0.5166666666666667
IoTest:0.44666666666666666
CallingResourceOnDifferentBundlesTest:0.2783333333333333
ServiceAvailableDuringUnregistrationTest:0.17
