DaoAuthenticationProviderTests:0.36
DaoAuthenticationProvider:0.35333333333333333
AuthenticationProviderBeanDefinitionParserTests:0.19666666666666666
AuthenticationConfigurationGh3935Tests:0.14
DataSourcePopulator:0.13
SessionManagementDefaultSessionFixationServlet31Config:0.11333333333333333
SecurityConfig:0.09333333333333334
Config:0.0
