RealWebSocket:0.6366666666666667
MockWebServer:0.3
RealWebSocketTest:0.2966666666666667
