User:0.6866666666666666
ResourceUtil:0.4533333333333333
SelfResource:0.31
FsaConfig:0.2733333333333333
