CompilerErrorIterator:0.5616666666666666
HopCompilerErrorManager:0.4666666666666667
TotalErrorsIterator:0.4166666666666667
