Fiber:0.5466666666666666
InstrumentMethod:0.39
ASMUtil:0.35
ReflectionUtil:0.32666666666666666
QuasarInstrumentor:0.2833333333333333
SuspendableHelper:0.18
SuspOffsetsAfterInstrClassVisitor:0.12333333333333334
