Tasklet:0.79
ChunkOrientedTasklet:0.6166666666666667
TaskletStep:0.47333333333333333
StepHandlerAdapterTests:0.37
SimpleStepFactoryBean:0.33666666666666667
StepExecutorInterruptionTests:0.18
SkipLimitStepFactoryBean:0.15333333333333332
ChunkOrientedTaskletTests:0.09749999999999999
TasketStepTests:0.08333333333333333
StatefulRetryTaskletTests:0.08277777777777777
SystemCommandTaskletIntegrationTests:0.07666666666666666
CallableTaskletAdapter:0.07333333333333333
SystemCommandTasklet:0.07333333333333333
SimpleChunkOrientedTasklet:0.06333333333333334
DummyMessageReceivingTasklet:0.06166666666666667
ChunkOrientedStepIntegrationTests:0.034722222222222224
StatefulRetryTasklet:0.016666666666666666
CallableTaskletAdapterTests:0.016666666666666666
MethodInvokingTaskletAdapter:0.006666666666666667
DummyMessageSendingTasklet:0.0033333333333333335
TestTasklet:0.0
FileDeletingTasklet:0.0
JobExecutionContextSampleFunctionalTests:0.0
