FlowExecutionContinuation:0.87
FlowExecutionRepository:0.5933333333333334
FlowExecutionManager:0.4506746031746032
FlowExecutionContinuationKey:0.38
ExternalMapLocator:0.3272804232804233
FlowExecutionRepositoryCreator:0.3272804232804233
FlowExecutionRepositoryFactory:0.3272804232804233
ContinuationFlowExecutionRepository:0.31333333333333335
Conversation:0.30333333333333334
FlowExecutionContinuationFactory:0.27051984126984113
FlowExecutionManagerTests:0.25666666666666665
ClientContinuationFlowExecutionRepository:0.20333333333333334
FlowSessionImpl:0.19666666666666666
FlowExecutionManagerImpl:0.18333333333333332
FlowExecutionImpl:0.18
FlowExecutionListenerList:0.17333333333333334
FlowExecutionManagerParameterExtractor:0.15333333333333332
FlowExecutionControlContextImpl:0.13666666666666666
FlowExecutionContinuationKeyFormatter:0.09805555555555555
InvalidConversationContinuationException:0.08666666666666667
ParameterizedFlowControllerHelper:0.0825
AbstractFlowExecutionContinuation:0.08
FlowExecutionByteArray:0.075
AbstractFlowExecutionRepositoryFactory:0.07333333333333333
ServletExternalContext:0.061111111111111116
PortletExternalContext:0.061111111111111116
HttpSessionMap:0.058333333333333334
PortletSessionMap:0.058333333333333334
SimpleFlowExecutionRepository:0.055000000000000014
HttpRequestMap:0.05333333333333334
PortletRequestMap:0.05333333333333334
PortletContextMap:0.05333333333333334
HttpServletContextMap:0.05333333333333334
NoSuchConversationException:0.043333333333333335
PortletRequestParameterMap:0.03333333333333333
HttpRequestParameterMap:0.03333333333333333
SerializedFlowExecutionContinuation:0.03333333333333333
ExternalMapFlowExecutionRepositoryFactory:0.016666666666666666
ContinuationFlowExecutionRepositoryCreator:0.016666666666666666
ClientContinuationFlowExecutionRepositoryFactory:0.01
ExternalMapContinuationFlowExecutionRepositoryFactory:0.01
FlowExecutionSerializationException:0.01
SerializedFlowExecutionContinuationFactory:0.009444444444444445
FlowExecutionRepositoryException:0.0
SingletonFlowExecutionRepositoryFactory:0.0
SessionMapLocator:0.0
