Builder:0.55
MultiLayerNetwork:0.5266666666666666
MultiLayerTest:0.2
StochasticGradientDescent:0.18666666666666668
ListBuilder:0.17
HistogramIterationListener:0.15
