WxService:0.7621031746031746
WxServiceImpl:0.625
WxServiceTest:0.44666666666666666
