SystemPropertyTreeTable:0.42333333333333334
ReportTreeTable:0.42333333333333334
FileSystemTreeTable:0.42333333333333334
