Util:0.37666666666666665
PatternShapeMatchApplier:0.2733333333333333
PatternGraphMatchApplier:0.22333333333333333
PatternRuleEventApplier:0.18661111111111114
