Variable:0.6766666666666666
VariableUtils:0.49
FormNode:0.32
CopyGraphCommand:0.21333333333333335
CopyUserTypeAttributeAction:0.21
CopyVariableAction:0.2
