RuntimeError:0.5533333333333333
VirtualMachineErrorState:0.35
ExecutionStep:0.33666666666666667
VirtualMachineEvent:0.29333333333333333
AbstractVirtualMachine:0.24333333333333335
AssignmentStep:0.16333333333333333
CallStep:0.15333333333333332
StepBackInto:0.12333333333333334
StepInto:0.11333333333333333
StepOver:0.11333333333333333
UnaryIntegerTextCastStep:0.08
RuntimeErrorManager:0.056666666666666664
