NekoHtmlDocumentHandler:0.7333333333333333
NekoHtmlDocumentFormat:0.24566666666666662
