Parser:0.5666666666666667
BaseRecognizer:0.49666666666666665
ParserATNSimulator:0.36333333333333334
