MsgPong:0.4666666666666667
ConnectionEngine:0.41333333333333333
