WordVectorsImpl:0.46
Word2VecTests:0.43666666666666665
AsyncSequencer:0.4066666666666667
SequenceVectors:0.19111111111111112
