BinderModule:0.8666666666666667
BinderModuleImpl:0.6433333333333333
ElementBuilderAttachments:0.14
