JournalHelper:0.66
ParameterHelper:0.55
MultiFileJournalWriter:0.47333333333333333
MultiFileJournalHelper:0.36333333333333334
JournalOutputFile:0.2225
MultiFileJournalReader:0.18333333333333332
RenamingJournalRecoveryLog:0.13
