MediaActivity:0.5633333333333334
MediaGridFragment:0.5133333333333333
MediaGridAdapter:0.21333333333333335
OnCheckBoxClickListener:0.21333333333333335
