LayerNameRenderer:0.6266666666666667
AbstractMultiInputDialog:0.3566666666666667
AttributeTablePanel:0.3233333333333333
WarpingPanel:0.28833333333333333
QueryDialog:0.23222222222222225
