NumberConverter:0.7719444444444444
TomcatConfigurationStrategy:0.20905555555555555
