RMap:0.8233333333333334
RedissonMap:0.5233333333333333
RedissonMapCache:0.4266666666666667
RedissonMapCacheTest:0.31333333333333335
RedissonLocalCachedMap:0.30666666666666664
RedissonMapTest:0.22333333333333333
RedissonLocalCachedMapTest:0.21333333333333335
RedissonMapCacheReactive:0.17333333333333334
BaseMapTest:0.09
