ForAttachment:0.59
ForTokenNormalization:0.45666666666666667
TypeDescriptionGenericVisitorSubstitutorForTokenNormalizationTest:0.2733333333333333
Legal:0.26666666666666666
TypeDescriptionGenericVisitorSubstitutorForAttachmentTest:0.11666666666666667
