Report:0.5166666666666667
ReportList:0.3233333333333333
ReportCalendar:0.2866666666666667
ReportKML:0.2833333333333333
ReportToDo:0.27666666666666667
ReportFlashList:0.27666666666666667
ReportPlugin:0.24333333333333335
ReportSummaryOfRecords:0.22333333333333333
ReportNarrative:0.22333333333333333
ReportMultDesc:0.21333333333333335
ReportDemography:0.2
ReportPhonetics:0.2
ReportGoogleMap:0.2
ReportCGW:0.2
ReportNameHistory:0.2
ReportEventsByMonths:0.19
ReportPlaceHistory:0.19
Callback:0.15333333333333332
ActionRun:0.15
ReportSameValues:0.12666666666666668
ReportDateCalculator:0.12666666666666668
ReportGraphicalTree:0.12666666666666668
ReportValidate:0.1
ReportSelector:0.09
ReportExec:0.056666666666666664
