OutRunnable:0.39
ListenerManager:0.35444444444444445
MapClientProxy:0.28
CollectionWrapper:0.23666666666666666
HazelcastClientMapTest:0.23333333333333334
MultiMapClientProxy:0.21666666666666667
CollectionClientProxy:0.15333333333333332
TopicClientProxy:0.14
ClusterClientProxy:0.14
IORunnable:0.13666666666666666
InstanceListenerManager:0.10666666666666667
ItemListenerManager:0.10666666666666667
MessageListenerManager:0.10333333333333333
CollectionClientProxyTest:0.1
EntryListenerManager:0.06666666666666667
InRunnable:0.06
