SimpleJobIdentifier:0.6288888888888889
JobIdentifier:0.3352777777777778
