LwjglInput:0.9066666666666666
LwjglApplication:0.31
LwjglCanvas:0.2633333333333333
