ProcessError:0.6466666666666666
ProcessExecutionErrors:0.3433333333333333
