RetransmitHandler:0.6941666666666667
RetransmitHandlerTest:0.5466666666666666
LogScanner:0.4077777777777778
