Chunk:0.8333333333333334
AlmostStatefulRetryChunkTests:0.056666666666666664
StatelessRetryChunkTests:0.04
