Request:0.5833333333333334
SparkServer:0.32
GenericIntegrationTest:0.30333333333333334
GenericSecureIntegrationTest:0.30333333333333334
SparkApplication:0.27
SparkFilter:0.25
MockedHttpServletRequest:0.19333333333333333
ServletTest:0.18333333333333332
BodyAvailabilityTest:0.17666666666666667
RequestWrapper:0.1486111111111111
SparkBase:0.14166666666666666
JettyLogger:0.13376984126984126
FilterExampleAttributes:0.016666666666666666
StringMatch:0.016666666666666666
