RunAsyncManager:0.4766666666666667
BinderModuleImpl:0.41
PoolThreadFactory:0.17333333333333334
SimpleTriggerJob:0.14
