Factory:0.688888888888889
RowValueExpressionTests:0.6400000000000001
jOOQAbstractTest:0.4166666666666667
