IndexNameExpressionResolver:0.6233333333333333
IndexNameExpressionResolverTests:0.5133333333333333
WildcardExpressionResolver:0.42916666666666664
WildcardExpressionResolverTests:0.26666666666666666
