PerlLexHelper:0.43333333333333335
RubyLexHelper:0.4
AdaLexHelper:0.08
PerlLexer:0.03
RubyLexer:0.0011111111111111111
AdaLexer:0.0
