MangoInterface:0.63
ExceptionHandlerUtil:0.4066666666666667
SyntheticInstruction:0.35777777777777775
MangoInstruction:0.34
ACATCHHANDLER:0.30333333333333334
MethodUtil:0.25666666666666665
BeginningOfTime:0.25333333333333335
INVOKETARGET:0.25
ATHROWCREATOR:0.22
ATHROW:0.21666666666666667
ATHROWHANDLER:0.2
MangoInvokeInstruction:0.195
INVOKESTATIC:0.1877777777777778
AbstractUconPlace:0.18666666666666668
OSplace:0.18666666666666668
BadPlace:0.18666666666666668
INVOKECLINIT:0.18666666666666668
INVOKESPECIAL:0.12666666666666668
INVOKEINTERFACE:0.12666666666666668
INVOKEVIRTUAL:0.12666666666666668
OSmethod:0.08666666666666667
AbstractUconMethod:0.08666666666666667
BadMethod:0.08666666666666667
