LockFileListener:0.57
LockFileBootstrapper:0.26
LockFileListenerTest:0.043333333333333335
LockFileBootstrapperTest:0.03333333333333333
