Catalog:0.4766666666666667
ArchiveUtil:0.36333333333333334
ArchiverSystemTest:0.3233333333333333
ArchiveConductor:0.28
ReplaySessionTest:0.26666666666666666
RecordingEventsProxy:0.22444444444444447
DedicatedModeSessionWorker:0.20333333333333334
