Email:0.7766666666666666
TestMailQueue:0.25666666666666665
EmailConfiguration:0.25
SignUpController:0.225
CMSFormMailer:0.19666666666666666
StockUpdaterJoblet:0.18666666666666668
SendEmailsTask:0.18
UserSelfEditController:0.17666666666666667
PaymentControllerUtils:0.16333333333333333
EmailStatisticsPDFReportsJoblet:0.13666666666666666
TestEmail:0.08
