BuildOutputLoggerRemote:0.6666666666666666
DistributedMasterBuilder:0.46388888888888885
BuildOutputLoggerRemoteTest:0.24333333333333335
