Script:0.51
ScriptEditor:0.48
ToggleAWTModeAction:0.22333333333333333
EditorConstants:0.011111111111111112
XMLConstants:0.011111111111111112
