BulkArticleLoader:0.42333333333333334
GeneBeanTest:0.2866666666666667
GeneParsedListener:0.27
TermBeanTest:0.2633333333333333
ConnectionFactoryTest:0.24666666666666667
GeneSaxReaderTest:0.21333333333333335
GeneSaxReader:0.205
ArticleBeanTest2:0.13333333333333333
HitBeanTests:0.11666666666666667
