AbstractDatabase:0.49333333333333335
GenerationTool:0.2966666666666667
Plugin:0.19
JPADatabase:0.18
AbstractTypedElementDefinition:0.17666666666666667
