TestDate:0.8366666666666667
ReportValidate:0.3466666666666667
