PluginInfo:0.44
InstallPluginCommandTests:0.29
InstallPluginCommand:0.27666666666666667
ListPluginsCommandTests:0.27
PluginsService:0.23833333333333334
PluginInfoTests:0.22
RemovePluginCommandTests:0.21
Security:0.195
Spawner:0.18666666666666668
PluginTestUtil:0.18
SpawnerNoBootstrapTests:0.05333333333333334
ListPluginsCommand:0.023333333333333334
