MongoCollectionStream:0.4666666666666667
Fixture:0.30666666666666664
MongoClientImpl:0.2966666666666667
MongoAsyncQueryCursor:0.29333333333333333
AsyncGetMoreOperation:0.2866666666666667
MongoAsyncQueryCursorTest:0.2733333333333333
AsyncQueryOperation:0.17333333333333334
QueryResultSingleResultCallback:0.13666666666666666
TestBlock:0.12444444444444443
AsyncCommandOperation:0.07333333333333333
AsyncWriteOperation:0.05333333333333334
