GwtClientHelper:0.4266666666666667
UIData:0.42333333333333334
GwtTaskHelper:0.38666666666666666
TaskDueDateDlg:0.3244444444444444
