EmbedClient:0.5266666666666666
ARINCStarter:0.3688888888888889
DataProviderHandler:0.30333333333333334
EmbedClientConfiguration:0.26
ServerStarter:0.18166666666666667
HelpPrinter:0.1811111111111111
ClientCockpitConfigurationHandler:0.14
ScriptBind:0.056666666666666664
LayerRep:0.03333333333333333
DataProviderRep:0.016666666666666666
