PDU:0.6733333333333333
AAssociateRJ:0.2633333333333333
AAssociateRQACEncoder:0.25
AAbort:0.2
PDataTF:0.12333333333333334
DULProtocolDecoder:0.12
PDUEncoder:0.09333333333333334
AAssociateRQEncoder:0.08666666666666667
AAssociateACEncoder:0.08666666666666667
AAssociateRQ:0.07466666666666666
AReleaseRPEncoder:0.05583333333333333
AReleaseRQEncoder:0.05583333333333333
PDUType:0.05333333333333334
AAbortEncoder:0.05
PDataTFEncoder:0.05
AAssociateRJEncoder:0.05
AAssociateAC:0.04666666666666667
AReleaseRQ:0.04
AReleaseRP:0.04
