PainlessParser:0.45
PainlessParserBaseVisitor:0.32666666666666666
PainlessParserVisitor:0.31437301587301586
LambdaTests:0.27666666666666667
PainlessLexer:0.26
Walker:0.23666666666666666
BasicStatementTests:0.21666666666666667
Locals:0.21333333333333335
SSource:0.17333333333333334
SFunction:0.16333333333333333
IneachContext:0.15333333333333332
WriterConstants:0.14333333333333334
