KBAutoAddRes:0.38333333333333336
KBScheduleDataRes:0.3333333333333333
KBFileManagerRes:0.31333333333333335
KBEpgDataRes:0.29333333333333333
KBEpgItemsRes:0.24666666666666667
