IBioclipseItem:0.7525555555555555
FileView:0.5833333333333334
BioclipseItem:0.54
NewFolderWizard:0.15333333333333332
FileNameValidator:0.12916666666666668
NewFileWizard:0.09333333333333334
