Value:0.53
ValueVector:0.36333333333333334
VariablePath:0.35
OOITBuilder:0.3333333333333333
SessionThread:0.225
CompareCondition:0.2111111111111111
ValueLink:0.19666666666666666
JavaCommChannel:0.19
ValueVectorImpl:0.17666666666666667
ValueImpl:0.17666666666666667
ValueVectorLink:0.16666666666666666
PostIncrementProcess:0.15333333333333332
ProductExpression:0.11666666666666667
SumExpression:0.11666666666666667
JavaService:0.04666666666666667
