SrsResultSet:0.4066666666666667
DirectoryManagerSoapBindingImpl:0.36
DirectorySrs:0.33666666666666667
SrsCommand:0.2677777777777778
SrsQueryEngineSoapBindingImpl:0.2633333333333333
IcarusWrapper:0.25666666666666665
SrsQueryBuilder:0.21666666666666667
