Sequence:0.6466666666666666
AbstractSequence:0.3433333333333333
