Console:0.5633333333333334
Shell:0.52
ProcessRunner:0.2773333333333333
SystemShell:0.26166666666666666
CommandOutputParserThread:0.25
ConsoleProcess:0.20333333333333334
StreamThread:0.19444444444444445
ProjectTreeListener:0.1527777777777778
