CanonicalContentHandler:0.5966666666666667
HTMLScanner:0.4666666666666667
TagBalancer:0.29
CanonicalTest:0.12
