IntegerProperty:0.29833333333333334
ArrayProperty:0.29833333333333334
BooleanProperty:0.29833333333333334
LongProperty:0.29833333333333334
DoubleProperty:0.29833333333333334
FloatProperty:0.29833333333333334
StringProperty:0.2916666666666667
UUIDProperty:0.2783333333333333
MapProperty:0.2683333333333333
RefProperty:0.26
RefPropertyTest:0.07
