CertTools:0.7033333333333334
X509CA:0.43666666666666665
CertificateExtensionTest:0.15333333333333332
