MetadataImpl:0.49333333333333335
HbmBinder:0.44
MetadataImplementor:0.25
AuxiliaryDatabaseObject:0.2098730158730159
TypeDefBinder:0.20666666666666667
