IndexTemplateMetaData:0.7666666666666667
GatewayMetaStateTests:0.33
ClusterStateToStringTests:0.2
ClusterSerializationTests:0.17666666666666667
TemplateUpgradeServiceTests:0.14833333333333334
IndexTemplateMetaDataTests:0.07
