ObjectiveCImplementationGenerator:0.4266666666666667
ObjectiveCHeaderGeneratorTest:0.36333333333333334
ImplementationImportCollector:0.325
ObjectiveCImplementationGeneratorTest:0.30333333333333334
ObjectiveCHeaderGenerator:0.2833333333333333
EnumRewriter:0.21333333333333335
