AnnotationEditor:0.6141666666666666
SetDetailPanel:0.3233333333333333
