ProgressDialog:0.4066666666666667
DialogBase:0.4033333333333333
Dialog:0.36
ListDialog:0.28
DialogsActivity:0.22333333333333333
