MapEntryOperations:0.33666666666666667
MapAbsentEntryOperations:0.23333333333333334
MapAbsentEntry:0.15333333333333332
HashEntry:0.06333333333333334
MapEntry:0.06333333333333334
