VanillaChronicleMap:0.6366666666666667
XStreamConverter:0.42
ChronicleMapImportExportTest:0.3333333333333333
