Cooking:0.6333333333333333
PreparingDessert:0.37666666666666665
CookMeal:0.37666666666666665
CookMealMeta:0.16666666666666666
PrepareDessertMeta:0.16333333333333333
