BeanIds:0.5910000000000001
HttpSecurityBeanDefinitionParserTests:0.5133333333333333
HttpSecurityBeanDefinitionParser:0.29
