Attachment:0.52
FolderService:0.4716666666666667
TeamingServiceEndpoint:0.38333333333333336
FolderServiceImpl:0.22333333333333333
ElementBuilderAttachments:0.11
