Files:0.5133333333333333
DefaultGazetteer:0.39
DefaultTokeniser:0.38333333333333336
TestTokeniser:0.21555555555555558
TestFSM:0.19444444444444445
TestJape:0.17444444444444446
TestGazetteer:0.10111111111111111
GateRuntimeException:0.07333333333333333
