FormalProofLine:0.5526666666666668
ReasonType:0.49
FormalProofLineVo:0.45666666666666667
AbstractModuleVisitor:0.27166666666666667
QedeqVisitor:0.27166666666666667
ModusPonensVo:0.23222222222222225
ReasonTypeVo:0.22666666666666666
QedeqNotNullTraverser:0.22666666666666666
QedeqTraverser:0.19416666666666665
