DeadProperty:0.5033333333333333
VFSDAVStore:0.4166666666666667
AbstractDAVServlet:0.41
IMultiStatusElement:0.4
IProperty:0.38666666666666666
VirtualFile:0.37666666666666665
VirtualFileSystem:0.37666666666666665
LiveProperty:0.33666666666666667
PropFindResponse:0.27666666666666667
DAVStore:0.19253968253968257
TestDeadProperties:0.10333333333333333
WebDAVFilter:0.07916666666666666
StatusResponseElement:0.07666666666666666
PropPatchRequest:0.07333333333333333
PropFindResponseElement:0.06
PropNameResponse:0.055
MultiStatusResponse:0.05333333333333334
HttpDAVServletRequest:0.05
PropFindRequest:0.043333333333333335
PropPatchResponse:0.043333333333333335
PropNameResponseElement:0.04
VFSPropNameResponse:0.02
HttpDAVServletResponse:0.016666666666666666
VFSPropFindResponse:0.013333333333333334
AbstractResponseElement:0.0033333333333333335
IfHeader:0.0033333333333333335
PropPatchResponseElement:0.0
