GFF3Adapter:0.7433333333333333
DataInput:0.7066666666666667
