ObjectKeys:0.8566666666666667
Problem:0.47333333333333333
AbstractBinderProcessor:0.32
AbstractEntryProcessor:0.29333333333333333
DefinitionModuleImpl:0.27
TemplateModuleImpl:0.23666666666666666
BinderServiceImpl:0.22
ProfileModuleImpl:0.21
DefaultProfileCoreProcessor:0.20666666666666667
ExportHelper:0.20666666666666667
KablinkFileSystemLibrary:0.20666666666666667
MigrationServiceImpl:0.18
ModifyEntryController:0.12333333333333334
TidyMessageListener:0.0
