NFA:0.5633333333333334
TestNFABytecodeInterp:0.28
NFABytecodeGenerator:0.2733333333333333
SemPredInstr:0.17777777777777778
TestNFABytecodeGeneration:0.17
