Node:0.78
DataExtractorService:0.4866666666666667
BootstrapService:0.3233333333333333
NodeUnitTest:0.06333333333333334
