Reports:0.5366666666666666
WebserviceBean:0.42333333333333334
TempBusinessRulesEngine:0.17333333333333334
