Segment:0.8019444444444443
CharSegment:0.36
Relation:0.26777777777777784
Files:0.23666666666666666
DynamicEntityName:0.17333333333333334
