EventBus:0.55
EventBusBasicTest:0.47333333333333333
SubscriberMethodFinder:0.29833333333333334
EventBusStickyEventTest:0.26
EventBusBackgroundThreadTest:0.16
