Mode:0.17845236
jEdit:0.11458572
AbstractOptionPane:0.051245537
StandardUtilities:0.050259307
FoldHandler:0.041803174
GUIUtilities:0.037915297
