WorkbenchListener:0.5415714285714286
View:0.49666666666666665
PropertyTableWidget:0.26
Workbench:0.25
ReportList:0.24333333333333335
ViewDockable:0.24
TableView:0.21
ContextHook:0.17
Table:0.17
ActionOpenView:0.13333333333333333
InteractionListener:0.09
Jump:0.09
