Property:0.7366666666666667
MetaProperty:0.6166666666666667
PropertyTree:0.21
ActionChangeType:0.14
TagPathRenderer:0.12666666666666668
NodeRenderer:0.11333333333333333
ActionPropertyAdd:0.11333333333333333
EntryRenderer:0.11333333333333333
