ProtonAffinityHOSEDescriptor:0.30666666666666664
IPAtomicHOSEDescriptor:0.30666666666666664
Affinitydb:0.22333333333333333
IPdb:0.22333333333333333
