GwtServerHelper:0.36333333333333334
CustomJspProperties:0.32666666666666666
GwtTeamingMessages:0.31666666666666665
ConfigData:0.2865555555555555
CustomJspWidgetDlgBox:0.22
GwtRpcServiceImpl:0.2111111111111111
CustomJspWidget:0.16
CustomJspConfig:0.15
ExecuteLandingPageCustomJspCmd:0.11
