Server:0.5449444444444445
DefaultConnectionPool:0.38666666666666666
ConnectionPool:0.2701111111111111
TestServer:0.23666666666666666
TestConnectionPool:0.22666666666666666
DefaultServer:0.16
