MongoCollection:0.7266666666666667
MongoCollectionImpl:0.5133333333333333
MapReduceAcceptanceTest:0.33666666666666667
MongoDatabaseImpl:0.2833333333333333
MongoClient:0.21083333333333334
CollectionAcceptanceTest:0.19
MongoClientImpl:0.18
