JobParametersPropertyEditor:0.5733333333333334
ScheduledJobParametersFactory:0.4633333333333333
DefaultJobParametersFactory:0.28
ScheduledJobParametersFactoryTests:0.23333333333333334
