RemoteTask:0.73
SqlStageExecution:0.28
HttpRemoteTask:0.27666666666666667
NodeScheduler:0.23666666666666666
NodeSelector:0.23
MockRemoteTask:0.22666666666666666
StateMachine:0.19311111111111112
NodeTasks:0.12666666666666668
