Connection:0.49333333333333335
SubscriptionTest:0.31
ConnectionTest:0.2833333333333333
Subscription:0.2633333333333333
ReceiverTest:0.155
