MarsProject:0.7477777777777778
SoundConstants:0.25594227994228
