ObjectBuilder:0.6966666666666667
ResourceIndexIntegrationTest:0.4
FieldSearchSQLImplIntegrationTest:0.2866666666666667
FieldSearchSQLImpl:0.2811111111111111
FieldSearchResultSQLImpl:0.2502777777777778
SQLUtilityImpl:0.25
ResourceIndexModMiscIntegrationTest:0.22111111111111115
ResourceIndexModDSIntegrationTest:0.21333333333333335
ResourceIndexAddDelDSIntegrationTest:0.20444444444444446
AllIntegrationTests:0.05333333333333334
