IndexStore:0.595
Index:0.5233333333333333
QueryTest:0.3466666666666667
Value:0.33
IndexTest:0.23
GreaterLessPredicate:0.19333333333333333
NotEqualPredicate:0.17666666666666667
SortedIndexStore:0.13333333333333333
UnsortedIndexStore:0.11
