JMXFibersMonitor:0.4033333333333333
FiberTimedScheduler:0.3933333333333333
FiberTest:0.29
FiberExecutorScheduler:0.25
MetricsFibersMonitor:0.24
