ProjectXMLHelper:0.8533333333333334
ProjectXMLHelperTest:0.15333333333333332
