ReportPhonetics:0.37333333333333335
DoubleMetaphone:0.25666666666666665
Nysiis:0.2
Phonetics:0.19333333333333333
Soundex:0.15333333333333332
Phonex:0.11666666666666667
Metaphone:0.06666666666666667
