NettyResponse:0.6533333333333333
HttpStatusWrapper:0.31777777777777777
WebDavCompletionHandlerBase:0.31666666666666665
NettyResponseStatus:0.22
HttpResponseStatus:0.17472222222222222
ResponseBuilder:0.12333333333333334
