DebugASTPrinter:0.61
GenerationTest:0.39
ClassFileConverter:0.21333333333333335
ClassFileConverterTest:0.20666666666666667
