OAuth2LoginConfigurer:0.46
OAuth2LoginAuthenticationFilter:0.4
OAuth2LoginAuthenticationProvider:0.26966666666666667
OidcAuthorizationCodeAuthenticationProvider:0.26966666666666667
InMemoryAccessTokenRepository:0.21666666666666667
TokenEndpointConfig:0.11
