Main:0.5933333333333334
PrintTabPanel:0.33
GenericExtruderTabPanel:0.325
BotConsoleFrame:0.20333333333333334
