WSWSFederationValidateRequestController:0.4166666666666667
SecurityTokenTicket:0.37166666666666665
Beans:0.3522222222222222
CoreWsSecurityIdentityProviderConfiguration:0.29333333333333333
BaseSpnegoKnownClientSystemsFilterAction:0.18
DefaultSecurityTokenTicket:0.1577777777777778
DefaultSecurityTokenTicketFactory:0.12666666666666668
WSFederationValidateRequestCallbackController:0.09111111111111111
BaseWSFederationRequestController:0.07333333333333333
SecurityTokenTicketFactory:0.013333333333333334
