HibernateCursorItemReader:0.38333333333333336
ItemWriter:0.38333333333333336
HibernateCursorItemReaderIntegrationTests:0.17
PropertyExtractingDelegatingItemWriter:0.15333333333333332
AsynchronousRepeatTests:0.12
ItemTransformerItemWriterTests:0.11
PropertyExtractingDelegatingItemProccessorIntegrationTests:0.03666666666666667
ItemWriterAdapterTests:0.03666666666666667
ItemWriterAdapter:0.013333333333333334
BarWriter:0.013333333333333334
FoobarWriter:0.013333333333333334
TradeWriter:0.006666666666666667
