AttributeType:0.2866666666666667
ComplexType:0.24666666666666667
FeatureCollectionType:0.1663888888888889
Namespace:0.16333333333333333
