RefModel:0.645
RefParameter:0.3516666666666667
RefProperty:0.3516666666666667
