QueryPhase:0.41333333333333333
SearchSourceBuilder:0.38333333333333336
SearchContext:0.35333333333333333
DefaultSearchContext:0.32666666666666666
