FreemarkerConfiguration:0.72
FormHashModel:0.25666666666666665
InitializeDBListener:0.2377777777777778
