StandardVMType:0.6333333333333333
StandardVM:0.5666666666666667
