ClassReader:0.4866666666666667
ClassWriter:0.47333333333333333
MethodWriter:0.3333333333333333
Attribute:0.25333333333333335
