ParsedReaderResult:0.24833333333333332
EmailDoCoMoResult:0.18
URIParsedResult:0.17666666666666667
AbstractDoCoMoResult:0.16916666666666666
BookmarkDoCoMoResult:0.12333333333333334
AddressBookDoCoMoResult:0.11666666666666667
UPCParsedResult:0.10666666666666667
TextParsedResult:0.10333333333333333
URLTOResult:0.08333333333333333
EmailAddressResult:0.07333333333333333
