InvocationBuilder:0.7466666666666667
InvocationBuilderTest:0.22666666666666666
