MatrixUtil:0.69
DataSet:0.3933333333333333
SoftMax:0.31
Activations:0.19666666666666666
Word2Vec:0.19666666666666666
