Access:0.8266666666666667
AccessTrackingCalculator:0.23666666666666666
