IndirectField:0.7933333333333333
XMLPersistenceWriter:0.43666666666666665
XMLPersistenceReader:0.27666666666666667
ArrayPath:0.2733333333333333
