Buffer:0.6366666666666667
BufferedSource:0.5595396825396827
RealBufferedSource:0.20333333333333334
BufferedSourceTest:0.11666666666666667
