LayoutElement:0.79
DefaultLayoutParser:0.37333333333333335
DefaultLayoutPainter:0.2966666666666667
LayoutFactory:0.2422222222222222
AbstractBasePainter:0.23
AbstractJspPainter:0.19
