NeuralNetConfiguration:0.5733333333333334
Builder:0.5066666666666667
RBM:0.35333333333333333
BaseLayer:0.2633333333333333
LSTM:0.22666666666666666
GravesLSTM:0.21666666666666667
SubsamplingLayer:0.20666666666666667
Dropout:0.20666666666666667
LayerwiseConfigurationTest:0.20333333333333334
ConvolutionLayer:0.19666666666666666
AutoEncoder:0.19666666666666666
BackTrackLineSearchTest:0.19
BackPropMLPTest:0.18333333333333332
ListenerTest:0.17
RenderTest:0.09333333333333334
GradientCheckTests:0.07666666666666666
