SystemTableHandle:0.38
SystemSplit:0.27666666666666667
SystemColumnHandle:0.25666666666666665
SystemConnector:0.24
ConnectorManager:0.23333333333333334
LocalQueryRunner:0.17333333333333334
SystemTablesMetadata:0.1625
SystemHandleResolver:0.12666666666666668
TestJsonTableHandle:0.11666666666666667
SystemSplitManager:0.11666666666666667
SystemTablesModule:0.08333333333333333
TestInternalSplit:0.08
SystemTableLayoutHandle:0.06666666666666667
SystemTablesRegistrar:0.006666666666666667
