OkBuffer:0.5166666666666667
BufferedSink:0.4666666666666667
OkBufferTest:0.25666666666666665
