TestPlanSpecification:0.7533333333333333
TestPlanSpecificationCreatorTests:0.3233333333333333
JUnit5TestEngine:0.27
JUnit4TestPlanSpecificationResolver:0.11833333333333333
