CustomTexturePaint:0.5133333333333333
BitmapVertexStyle:0.38
XSLUtility:0.3233333333333333
FillPatternFactory:0.17
