DBExactMatchTest:0.7518888888888888
DBNearestNeighborTest:0.5136666666666667
