Window:0.568888888888889
Invokee:0.49333333333333335
MacOSX:0.26666666666666666
