TupleDomainParquetPredicate:0.6108333333333333
TestTupleDomainParquetPredicate:0.5533333333333333
ParquetPredicateUtils:0.32666666666666666
