BoundedLocalCache:0.5766666666666667
CacheContext:0.31333333333333335
BoundedLocalCacheTest:0.25
CacheFromContext:0.18333333333333332
Awaits:0.13
