Finding:0.7666666666666667
Default:0.32666666666666666
SubclassInstrumentationContextDelegate:0.3233333333333333
MethodLookupEngine:0.27666666666666667
MethodLookupEngineDefaultTest:0.26666666666666666
SubclassDynamicTypeBuilder:0.23333333333333334
MethodDelegation:0.22333333333333333
ConflictingInterfaceMethod:0.19666666666666666
AbstractCachingBase:0.18666666666666668
MethodCallProxy:0.16833333333333333
BridgeMethodResolverSimpleTest:0.16166666666666665
SubclassInstrumentationContextDelegateTest:0.14666666666666667
MethodBucket:0.14
AuxiliaryType:0.07
MethodAccessorFactory:0.02
