RBTreeMap:0.6516666666666666
AnnotationImpl:0.42333333333333334
NodeImpl:0.36
AbstractLanguageResource:0.18333333333333332
