ZenDiscovery:0.48
UnicastZenPing:0.47
ZenDiscoveryModule:0.36333333333333334
ZenPingService:0.29333333333333333
DiscoveryWithServiceDisruptions:0.22333333333333333
ElectMasterService:0.15
UnicastZenPingTests:0.07333333333333333
NodeComparator:0.06
