BytesRestResponse:0.7333333333333333
ResourceHandlingHttpChannel:0.33666666666666667
HttpServer:0.26666666666666666
RestController:0.2
RestClusterAllocationExplainAction:0.13666666666666666
RestMainAction:0.1
RestAliasesExistAction:0.08
RestIndicesExistsAction:0.08
RestHeadIndexTemplateAction:0.08
RestTypesExistsAction:0.08
RestHeadAction:0.08
