JsonValue:0.38333333333333336
AndroidInput:0.30527777777777776
World:0.2825
Joint:0.23666666666666666
PrismaticJoint:0.15666666666666668
WheelJoint:0.14333333333333334
GearJoint:0.13666666666666666
FrictionJoint:0.11
DistanceJoint:0.11
RopeJoint:0.08666666666666667
WeldJoint:0.08666666666666667
