SimpleIntegrationTest:0.38333333333333336
MySqlDbDialect:0.36333333333333334
AbstractDataRouter:0.24333333333333335
CrossCatalogSyncTest:0.22666666666666666
RouterServiceTest:0.22666666666666666
