WanReplicationTest:0.478888888888889
WanEventWrapper:0.465
AbstractMultipleEntryBackupOperation:0.4166666666666667
