HopParser:0.41333333333333333
HopSymbolTableWalker:0.41
HopLexer:0.39
DFA43:0.25333333333333335
DFA16:0.15911111111111112
DFA54:0.14
DFA70:0.14
DFA4:0.12833333333333333
