DocumentManager:0.7666666666666667
LayoutFrame:0.45666666666666667
PaperSizes:0.37
SwitchPaperSizeAction:0.09666666666666666
