CBOW:0.5366666666666666
DM:0.37555555555555553
Word2VecTests:0.36866666666666664
