GeoShapeQueryBuilder:0.5766666666666667
SingleShardRequest:0.27666666666666667
SimpleRecoveryIT:0.2733333333333333
SingleShardOperationRequestBuilder:0.18087301587301588
DocumentActionsIT:0.16333333333333333
TransportHandler:0.11333333333333333
