TransportSQLActionTest:0.32666666666666666
Planner:0.24
UpdateAnalysis:0.234
DeleteAnalysis:0.234
NestedDeleteAnalysis:0.07333333333333333
NestedAnalysis:0.07
