Config:0.5433333333333333
GTransformer:0.42
OperationsImpl:0.3233333333333333
IndexModifier:0.2788888888888889
GenericOperationsImpl:0.17333333333333334
SOAPImpl:0.15333333333333332
RESTImpl:0.15
FedoraObjectNotFoundException:0.10333333333333333
