Builder:0.6833333333333333
SharedClusterSnapshotRestoreIT:0.44
RestoreService:0.31
MetaDataCreateIndexService:0.30333333333333334
CreateIndexIT:0.10666666666666667
