Protocol:0.6499444444444444
BinaryClient:0.37666666666666665
BinaryJedis:0.2966666666666667
Commands:0.27166666666666667
ControlCommandsTest:0.22
BasicCommands:0.2
