PersonMapper:0.71
MapperAnnotationBuilder:0.5366666666666666
ComplexColumnTest:0.06333333333333334
