SwingUIManager:0.7166666666666667
SwingPainterUtils:0.6933333333333334
