GetCapabilities:0.5583333333333333
Aligner:0.455
MetadataLib:0.38333333333333336
