SNAPCommunicator:0.6
Reprap:0.47888888888888886
Main:0.17
AxisRepeatabilityTest:0.14666666666666667
MaintenancePositionsFrame:0.13
WorkingVolumeFrame:0.12333333333333334
