Property:0.8166666666666667
AttributeFactory:0.29
BinderHelper:0.28
Backref:0.24666666666666667
IndexBackref:0.16
