XContentBuilder:0.7233333333333334
XContentParser:0.6966666666666667
JsonXContentParser:0.27
AbstractXContentParser:0.24666666666666667
CompletionFieldMapper:0.24
PhraseSuggestParser:0.13333333333333333
IdsQueryParser:0.11666666666666667
IdsFilterParser:0.11666666666666667
TypeFilterParser:0.11666666666666667
SuggestParseElement:0.11666666666666667
