JSR356Endpoint:0.7033333333333334
JSR356ServerApplicationConfig:0.31333333333333335
