Factory:0.5066666666666667
NewPRAction:0.28
GateIMDescriptor:0.25083333333333335
Batch:0.22666666666666666
MainFrame:0.21
NewResourceDialog:0.20333333333333334
Transducer:0.19666666666666666
DefaultGazetteer:0.15666666666666668
LocaleHandler:0.07
ParameterValueEditor:0.05333333333333334
CustomEditor:0.023333333333333334
ResourceLoader:0.016666666666666666
