Event:0.5544444444444445
AddGermplasmPhenotypeLinkingTest:0.2733333333333333
ObsoletePubSourceTest:0.25666666666666665
GeneBeanTest:0.23
XmlRowWriter:0.22333333333333333
AddAlleleGermplasmLinkingTest:0.18666666666666668
AddGeneTest:0.18333333333333332
MyContentHandler:0.16833333333333333
DatabaseTestCase:0.16166666666666665
SaxPullParser:0.15333333333333332
UnannotatedLocusStrategyTest:0.11333333333333333
XmlRowWriterTest:0.0875
