TypeGraph:0.39
PatternFactory:0.35333333333333333
ReteNetwork:0.32
RuleFactory:0.30666666666666664
PatternGraph:0.26
HostFactory:0.20583333333333337
RuleNodeFactory:0.03
PatternNodeFactory:0.03
