TestParameterHelper:0.4033333333333333
MockRmiJournalReceiver:0.33
TestRmiJournalReceiver:0.2966666666666667
TestMulticastJournalWriterInitializations:0.28
TestLocalDirectoryTransport:0.22666666666666666
TestRmiTransport:0.22333333333333333
MockManagementDelegate:0.21
TestMulticastJournalWriterOperation:0.21
TestRmiTransportWriter:0.19666666666666666
MockServerForJournalTesting:0.19333333333333333
TestJournalEntrySizeEstimator:0.13333333333333333
MockMulticastJournalWriter:0.11666666666666667
AllUnitTests:0.10616666666666667
MockTransport:0.08333333333333333
SampleJournalEntries:0.06
AllIntegrationTests:0.02666666666666667
SampleJournalFile1:0.023888888888888887
AbstractJournalTester:0.0033333333333333335
