AtmosphereServlet:0.6433333333333333
AtmosphereResourceImpl:0.36666666666666664
AtmosphereHandlerWrapper:0.31333333333333335
Meteor:0.30666666666666664
ConcurrentBroadcastTest:0.24333333333333335
Meteor1:0.11666666666666667
