MongoCollection:0.71
ReplaceOneModel:0.30666666666666664
MongoCollectionImpl:0.2966666666666667
Operations:0.2866666666666667
AsyncOperations:0.21666666666666667
SyncOperations:0.20666666666666667
JsonPoweredCrudTestHelper:0.19
CrudTest:0.17666666666666667
