Corpus:0.8833333333333333
SpecificitesResult:0.45
OpenLocalizedWebPage:0.20666666666666667
TestCommands:0.17333333333333334
TestImports:0.12666666666666668
