TaskTable:0.35650000000000004
TaskDueDateDlg:0.35333333333333333
TimePicker:0.33
GwtTeamingMessages:0.31666666666666665
TaskPopupMenu:0.30666666666666664
UIData:0.26
TaskListing:0.24333333333333335
ValueSpinner:0.14666666666666667
