Option:0.7094444444444444
AdminProcessor:0.32666666666666666
UserProcessor:0.2866666666666667
SymphonyServletListener:0.22666666666666666
LoginProcessor:0.22666666666666666
UserMgmtService:0.20388888888888887
