ScalarAggregationToJoinRewriter:0.4766666666666667
Rewriter:0.45
PlanOptimizers:0.30666666666666664
TransformCorrelatedScalarAggregationToJoin:0.22666666666666666
