LayerSource:0.605
Param:0.5733333333333334
Style:0.5533333333333333
Layer:0.5333333333333333
MetadataURL:0.27051984126984113
LayerException:0.21666666666666667
LayerSourceFactory:0.19777777777777777
Attribution:0.16333333333333333
LayerSourceException:0.013333333333333334
AbstractURL:0.006666666666666667
AuthorityURL:0.006666666666666667
AbstractSizedURL:0.006666666666666667
FeatureListURL:0.0
LogoURL:0.0
StyleURL:0.0
StyleSheetURL:0.0
DataURL:0.0
LegendURL:0.0
