AbstractCacheRecordStore:0.5366666666666666
EvictionPolicyEvaluator:0.4266666666666667
ICacheRecordStore:0.20083333333333334
SamplingEvictionStrategy:0.17666666666666667
EvictionPolicyEvaluatorTest:0.17
EvictionTest:0.16666666666666666
CacheRecordHashMap:0.16
EvictionOperator:0.14333333333333334
EvictionStrategyTest:0.10333333333333333
QueryCacheRecordHashMap:0.07333333333333333
HeapNearCacheRecordMap:0.02666666666666667
EvictableStore:0.0
