ValueComputer:0.5266666666666666
MakumbaResourceServlet:0.4
ValueTag:0.33666666666666667
