FolderModule:0.7638888888888888
SiteScapeFileSystemImpl:0.3566666666666667
FolderModuleImpl:0.19
