DataManager:0.7833333333333333
File:0.426626984126984
Importer:0.24666666666666667
