StatelessChronicleMap:0.7733333333333333
StatelessServerConnector:0.39666666666666667
StatelessClientTest:0.2966666666666667
TCPSocketReplicationBootStrapTest:0.16333333333333333
