Jaxb2MarshallerBeanDefinitionParser:0.38
MarshallingEndpointsBeanDefinitionParser:0.2966666666666667
XPathEndpointsBeanDefinitionParser:0.29
SwsNamespaceHandlerTigerTest:0.043333333333333335
DummyMarshaller:0.03666666666666667
SwsNamespaceHandlerTest:0.023333333333333334
SwsNamespaceHandler:0.013333333333333334
