PartialPiChargeDescriptorTest:0.33133333333333337
PartialSigmaChargeDescriptorTest:0.33133333333333337
PiElectronegativityDescriptorTest:0.31200000000000006
SigmaElectronegativityDescriptorTest:0.3053333333333333
AtomHybridizationVSEPRDescriptorTest:0.29533333333333334
StabilizationPlusChargeDescriptorTest:0.2836666666666666
PartialTChargeMMFF94DescriptorTest:0.2753333333333333
PartialTChargePEOEDescriptorTest:0.2753333333333333
ProtonAffinityHOSEDescriptorTest:0.26972222222222225
AtomicDescriptorTest:0.24333333333333335
RDFProtonDescriptor_GDRTest:0.24033333333333332
RDFProtonDescriptor_GSRTest:0.24033333333333332
RDFProtonDescriptor_G3RTest:0.24033333333333332
RDFProtonDescriptor_GHR_topolTest:0.24033333333333332
RDFProtonDescriptor_GHRTest:0.24033333333333332
AtomHybridizationDescriptorTest:0.18083333333333335
IsProtonInConjugatedPiSystemDescriptorTest:0.16077777777777777
VdWRadiusDescriptorTest:0.16077777777777777
PeriodicTablePositionDescriptorTest:0.16077777777777777
InductiveAtomicHardnessDescriptorTest:0.16077777777777777
IsProtonInAromaticSystemDescriptorTest:0.16077777777777777
ProtonTotalPartialChargeDescriptorTest:0.16077777777777777
BondsToAtomDescriptorTest:0.16077777777777777
InductiveAtomicSoftnessDescriptorTest:0.16077777777777777
AtomDegreeDescriptorTest:0.16077777777777777
AtomValenceDescriptorTest:0.16077777777777777
MqsarproteinTests:0.09333333333333334
MqsarionpotTests:0.09333333333333334
