ExtensionManager:0.53
DefaultARINCUtils:0.5266666666666666
ExtensionLoader:0.17833333333333334
ModelConstants:0.011111111111111112
ConfigProperties:0.011111111111111112
