AccessUtils:0.6133333333333333
AccessControlManagerImpl:0.3
AbstractFolderModule:0.25333333333333335
AbstractAdminModule:0.25
EntityIndexUtils:0.24666666666666667
AccessControlController:0.16
