Collection:0.49
Map:0.4033333333333333
List:0.25666666666666665
OneToMany:0.23111111111111116
Array:0.21666666666666667
OneToOne:0.19666666666666666
HibernateTypeResolver:0.18333333333333332
Set:0.16
ManyToOne:0.14
Bag:0.11
IdentifierBag:0.11
