XmlConfigBuilder:0.7433333333333333
XMLConfigBuilderTest:0.42833333333333334
ConfigLoader:0.29
