FieldInstruction:0.6866666666666666
PreciseRaceDetector:0.3466666666666667
StaticFieldInstruction:0.15
InstanceFieldInstruction:0.14666666666666667
