IndexSettings:0.8266666666666667
SearchQueryIT:0.2733333333333333
SuggestSearchIT:0.23
NGramTokenizerFactoryTests:0.21666666666666667
HighlighterWithAnalyzersTests:0.13333333333333333
ShingleTokenFilterFactory:0.09666666666666666
NGramTokenFilterFactory:0.09666666666666666
NGramTokenizerFactory:0.09666666666666666
ShingleTokenFilterFactoryTests:0.08
