StoreScpService:0.7266666666666667
StoreScp:0.3566666666666667
AbstractScpService:0.32
