MoleculesPage:0.7666666666666667
QSARFormEditor:0.6666666666666666
