QedeqBoFactoryAssert:0.8066666666666666
QedeqBoFactoryTest:0.3233333333333333
