FieldValidatorsWizardPage:0.38666666666666666
GlobalValidatorsWizardPage:0.26666666666666666
OrgFunctionsRegistry:0.2633333333333333
FormNode:0.26
ValidatorWizard:0.25333333333333335
OrgFunctionParameter:0.23333333333333334
ExplorerTreeView:0.23
OrgFunctionDefinition:0.22666666666666666
MarkerContentProvider:0.21333333333333335
DeleteButtonSelectionListener:0.21333333333333335
BSHParamsComposite:0.19666666666666666
ConcurrentNode:0.19666666666666666
DesignerSwimlaneEditorPage:0.18666666666666668
AddActionDelegate2:0.12833333333333333
AddActionCommand:0.105
