Transaction:0.8307539682539683
TransactionImplementation:0.6402777777777778
ExternalSetAPITest:0.4033333333333333
