SubscriptionRemovedCmd:0.45666666666666667
DriverConductor:0.44
DataFrameDispatcher:0.33
DriverConductorProxy:0.18666666666666668
