ARINC661AppUndoRedo2Test:0.47333333333333333
ARINC661AppUndoRedo5Test:0.38666666666666666
FullMetaDefinitionAction2Test:0.38
FullMetaDefinitionActionTest:0.38
LayerTreeEditorCopyPaste4Test:0.32666666666666666
LayerTreeEditorCopyPasteTest:0.32
LayerTreeEditorCopyPaste2Test:0.31666666666666665
LayerTreeEditorCopyPaste1Test:0.31666666666666665
LayerTreeEditorCopyPaste5Test:0.31666666666666665
LayerTreeEditorCopyPaste3Test:0.31333333333333335
SearchActionTest:0.30938888888888894
LayerTreeEditorCreateTest:0.30666666666666664
EditorTreeRendererTest:0.3027222222222223
JFXLayerTreeEditorCreateZOrderTest:0.2966666666666667
LayerTreeEditorAlignWidgetsTest:0.2966666666666667
LayerTreeEditorCreateZOrderTest:0.2966666666666667
AbstractWidgetRefHandler5Test:0.2893888888888889
PropertyPanelFactory2Test:0.2886666666666666
JFXTreeEditorCopyPaste2Test:0.28005555555555556
JFXTreeEditorCutPasteTest:0.28005555555555556
JFXEditorSaveDFTest:0.28005555555555556
PropertyPanelFactory4Test:0.28
JFXLayerTreeEditorCreate6Test:0.2767222222222222
JFXLayerTreeEditorCreate5Test:0.2767222222222222
JFXEditorOverlayTest:0.2767222222222222
JFXLayerTreeEditorCreateMutuallyTest:0.2767222222222222
JFXEditorDeleteTest:0.26388888888888884
LayerTreeEditorDeleteTest:0.26388888888888884
EditorScaleLayerTest:0.26388888888888884
JFXLayerTreeEditorCreate4Test:0.25888888888888884
ARINC661AppUndoRedo4Test:0.25372222222222224
LayerTreeEditorCreateAllow2Test:0.25333333333333335
LayerTreeEditorCutPasteKeysTest:0.25333333333333335
LayerTreeEditorCreateAllowTest:0.25333333333333335
JFXEditorOverlay3Test:0.24372222222222226
PropertyPanelFactoryTest:0.24372222222222226
LayerTreeEditorGroupUngroupTest:0.24
ARINC661AppUndoRedoTest:0.23338888888888884
DefaultXMLConverter2Test:0.2328333333333333
LayerTreeEditorCreate2Test:0.22666666666666666
LayerTreeEditorModifyRectangleTest:0.22444444444444442
JFXTreeEditorCopyPasteTest:0.22444444444444442
ApplyScriptJFXAction5Test:0.22444444444444442
JFXEditorOpenDFTest:0.22444444444444442
JFXEditorRefreshLayerTest:0.22444444444444442
EditorPanelTest:0.22444444444444442
JFXEditorModifyWidgetTest:0.22444444444444442
LayerTreeEditorCopyPasteAllowTest:0.22222222222222224
JFXTreeEditorCreateWidget2Test:0.22222222222222224
LayerTreeEditorCreate1Test:0.22
LayerTreeEditorCreate3Test:0.22
JFXLayerTreeEditorCreateMenuBarTest:0.21555555555555553
PublicReflectionTest:0.21333333333333335
LayerTreeEditorDistribWidgetsTest:0.2122222222222222
JFXLayerTreeEditorDistribWidgetsTest:0.2122222222222222
ARINC661SaveAsTest:0.20888888888888887
JFXEditorOpenDF2Test:0.20638888888888887
JFXEditorOverlay2Test:0.20638888888888887
LayerTreeEditorModifyDFTest:0.20638888888888887
JFXTreeEditorCreateWidgetTest:0.20638888888888887
EditorOpenDFSynthTest:0.20638888888888887
LayerTreeEditorModifyLayerTest:0.20638888888888887
LayerTreeEditorSelectWidgetTest:0.20638888888888887
JFXLayerTreeEditorCreate3Test:0.1988888888888889
JFXStylesEngine3Test:0.19666666666666666
ScenarioHandler:0.19666666666666666
LayerTreeEditorCreateSymbolTest:0.1947222222222222
LayerTreeEditorCreate4Test:0.19
ARINCDefinitionParserTest:0.18888888888888888
ARINCDefinitionParser4Test:0.18888888888888888
FullMetaDefinitionAction3Test:0.18666666666666668
FullMetaDefinitionAction4Test:0.18666666666666668
JFXLayerTreeEditorAlignWidgetsTest:0.17666666666666667
ARINC661AppUndoRedo3Test:0.17333333333333334
PropertyPanelFactory5Test:0.16333333333333333
PropertyPanelFactory3Test:0.16
JFXTreeEditorCreateWidget3Test:0.13333333333333333
LayerTreeEditorCopyPasteAllow2Test:0.13333333333333333
JFXLayerTreeEditorGroupUngroupTest:0.12722222222222224
JFXLayerTreeEditorCreate1Test:0.12722222222222224
JFXLayerTreeEditorCreate2Test:0.12722222222222224
JFXEditorModifySymbolTest:0.11333333333333333
SwingEditorModifySymbolTest:0.11333333333333333
