Collections:0.48333333333333334
Map:0.3933333333333333
CharSeq:0.2555
TreeSet:0.23583333333333334
Multimap:0.20805555555555558
Maps:0.20333333333333334
