Response:0.74
AllChannelHandler:0.24666666666666667
ConnectionOrderedChannelHandler:0.24666666666666667
ExecutionChannelHandler:0.24333333333333335
MessageOnlyChannelHandler:0.16333333333333333
