LookupSource:0.710388888888889
JoinHash:0.32
LookupJoinOperator:0.29333333333333333
EmptyLookupSource:0.28
IndexLookupSource:0.28
Counter:0.2736111111111111
OuterLookupSource:0.23666666666666666
PartitionedLookupSource:0.18333333333333332
