Stream:0.55
HashSet:0.4066666666666667
Array:0.4033333333333333
List:0.36333333333333334
Vector:0.3233333333333333
AbstractSeqTest:0.31
IteratorTest:0.28
AbstractTraversableTest:0.25666666666666665
HashSetTest:0.23
AbstractValueTest:0.2
