StoreScp:0.4066666666666667
StoreScpService:0.3933333333333333
MWLFindScpService:0.3566666666666667
MultiCFindRsp:0.20222222222222222
MWLFindScp:0.2
AbstractScpService:0.19666666666666666
FindScp:0.17111111111111113
