Action2:0.8333333333333334
EditPlugin:0.3233333333333333
Menu:0.2833333333333333
ReportPlugin:0.23333333333333334
