Filter:0.7933333333333333
AsynchronousExecution:0.24333333333333335
AtmosphereFilter:0.23333333333333334
