CompareNode:0.6563888888888889
CompareEditorConfiguration:0.5366666666666666
