Node:0.6741666666666667
NodeInitializer:0.6719999999999999
DefaultNodeInitializer:0.23
