ServerFactory:0.49366666666666675
ServerCommand:0.4
AbstractService:0.19333333333333333
