MultiLayerTestRNN:0.4166666666666667
GradientCheckUtil:0.31333333333333335
GRUParamInitializer:0.2
GradientCheckTests:0.06666666666666667
GRUTest:0.043333333333333335
