BlockHandler:0.6816666666666666
Connection:0.4066666666666667
FileBlockHandler:0.29422222222222216
