Element:0.7533333333333333
Attributes:0.2733333333333333
ElementTest:0.07333333333333333
