Decimals:0.5744444444444444
TestLocalQueries:0.31333333333333335
TestDecimals:0.24666666666666667
