ProcessInstance:0.7166666666666667
Token:0.45
ArchiveProcessesInstancesFormTag:0.20205555555555554
ChartLogPresentationBuilder:0.17888888888888888
ListProcessesInstancesFormTag:0.15333333333333332
ArchiveProcessInstanceClassPresentation:0.11
GanttChartImageAction:0.11
ProcessInstanceClassPresentation:0.11
AddRootProcessInstance:0.04666666666666667
