ColonialAIPlayer:0.5
AIPlayer:0.44333333333333336
StandardAIPlayer:0.36
NewAIPlayer:0.32
EuropeanAIPlayer:0.25666666666666665
