PluginDetail:0.37666666666666665
SourceControlDetail:0.34
ConfigurationAware:0.3272804232804233
PluginsAware:0.3272804232804233
DetailsAware:0.3272804232804233
Configuration:0.3233333333333333
PublisherDetail:0.2786666666666667
BootstrapperDetail:0.2786666666666667
ProjectConfigurationPageWebTest:0.27666666666666667
CruiseControlMBean:0.24666666666666667
Attribute:0.24
CruiseControlController:0.22666666666666666
ConfigurationServlet:0.21333333333333335
CruiseControlControllerJMXAdaptor:0.20333333333333334
SourceControlDetailsWebTest:0.18666666666666668
BootstrapperDetailsWebTest:0.17333333333333334
PublisherDetailsWebTest:0.17333333333333334
CruiseControlControllerTest:0.16333333333333333
PluginsServlet:0.13666666666666666
CruiseControlControllerJMXAdaptorTest:0.13666666666666666
PluginConfiguration:0.13666666666666666
GenericBootstrapperDetail:0.12788035113035118
GenericPublisherDetail:0.12788035113035118
PluginsWebTest:0.12
ConfigurationTest:0.1
ConfigurationInterceptor:0.09666666666666665
PluginDetailsServlet:0.08666666666666667
GenericSourceControlDetailsTest:0.0775
GenericBootstrapperDetailTest:0.0775
GenericPluginDetail:0.07666666666666666
PluginLocator:0.07333333333333333
GenericPublisherDetailTest:0.06416666666666666
GenericSourceControlDetail:0.06322222222222224
DetailsInterceptor:0.05083333333333334
PluginsInterceptor:0.008333333333333333
AttributeTest:0.006666666666666667
PluginConfigurationTest:0.0
PluginLocatorTest:0.0
