Stylesheet:0.53
HTMLStyleElement:0.335
StyleSheetList:0.27666666666666667
StyleSheetTest:0.25
CacheTest:0.24333333333333335
HTMLStyleElementTest:0.02
