BasicTest:0.48333333333333334
MapProxyImpl:0.45
MapStoreTest:0.43666666666666665
MapProxySupport:0.15333333333333332
