BioResource:0.6833333333333333
FolderResource:0.38
BioResourceView:0.28
InstallSampleDataAction:0.22666666666666666
TypeAndNameSorter:0.17777777777777778
