DefaultNameAdapter:0.6711111111111111
Triangle:0.41583333333333333
