ShadowObjectAnimator:0.8666666666666667
ObjectAnimatorTest:0.18333333333333332
