EntityBinding:0.5666666666666667
SingularAttributeSource:0.5616666666666666
ToOneAttributeSource:0.27977777777777774
ManyToOneAttributeBinding:0.2633333333333333
BindingCreator:0.2633333333333333
EntityBinder:0.20333333333333334
VersionAttributeSource:0.18666666666666668
PropertyAttributeSource:0.18666666666666668
TimestampAttributeSource:0.18666666666666668
ManyToOneAttributeSource:0.12
SingularIdentifierAttributeSource:0.11
