UnixTimeFunctions:0.45
TestUnixTimeFunctions:0.33
TestExpressionInterpreter:0.31666666666666665
TimestampLiteral:0.2708333333333333
