JGraph:0.5333333333333333
JModel:0.4766666666666667
LayouterItem:0.26
PatternJModel:0.26
AspectJGraph:0.25333333333333335
LoopRouting:0.24666666666666667
SpringLayouter:0.23837301587301588
JVertexView:0.22916666666666666
AspectJModel:0.22888888888888886
LTSJGraph:0.21555555555555553
LTSJModel:0.21444444444444444
AJVertex:0.21333333333333335
CtrlJGraph:0.21
ForestLayouter:0.20666666666666667
AbstractLayouter:0.18
SetLayoutMenu:0.17666666666666667
ShapeJModel:0.17333333333333334
