Block:0.5366666666666666
InvokeInstruction:0.38
FieldInstruction:0.33
JumpInstruction:0.27666666666666667
TypeInstruction:0.25333333333333335
JoinCompiler:0.20666666666666667
GetElementByteCodeExpression:0.11333333333333333
