Runner:0.6733333333333333
PingPongBenchmark:0.5266666666666666
FileLockBasedLock:0.38333333333333336
Pinger:0.17
FileLockBenchmark:0.17
InProcessBenchmark:0.12333333333333334
Ponger:0.1
