List:0.37333333333333335
Collections:0.37
Stream:0.3566666666666667
Array:0.3433333333333333
Seq:0.32666666666666666
IndexedSeq:0.3136507936507937
FutureTest:0.2833333333333333
LinearSeq:0.24142857142857144
CharSeqTest:0.23
Vector:0.21666666666666667
Queue:0.17666666666666667
CharSeq:0.15333333333333332
AbstractSeqTest:0.15
