Scans:0.49333333333333335
FieldInjector:0.4633333333333333
IocField:0.25333333333333335
DefaultClassDefiner:0.2519444444444444
QueryTest:0.21666666666666667
AnnotationIocLoader:0.19666666666666666
ScansTest:0.19333333333333333
SimpleDaoTest:0.18666666666666668
MultiLineProperties:0.18333333333333332
XmlIocLoader:0.16666666666666666
ObjectMakerImpl:0.08333333333333333
