JSONTokener:0.72
CDL:0.3311111111111111
XMLTokener:0.31083333333333335
