RmiTest:0.3
TestHandleContacts:0.2833333333333333
TestShareProjectConcurrently:0.2733333333333333
TestSVN:0.19
TestBasicSarosElements:0.18666666666666668
TestShare3UsersSequentially:0.15333333333333332
TestShare2UsersSequentially:0.15
TestFollowMode:0.13333333333333333
TestFileOperations:0.13333333333333333
TestChangingNameInRosterView:0.12666666666666668
TestShareProjectUsingExistingProject:0.11666666666666667
TestParallelInvitationWithTerminationByHost:0.11
TestPattern:0.10666666666666667
TestEditDuringInvitation:0.10333333333333333
TestShare3UsersConcurrently:0.09666666666666666
TestChatViewFunctions:0.09333333333333334
