IDSManager:0.8322222222222223
DSManager:0.5
TestsView:0.45555555555555555
