RobotTest:0.5483333333333333
ComponentTesterTest:0.5066666666666667
JListTesterTest:0.37333333333333335
