RGGProducer:0.55
VVQueue:0.47333333333333333
VVProducer:0.31666666666666665
