Main:0.8866666666666667
Launcher:0.28
MainTest:0.2733333333333333
