ISharedProject:0.6
SharedProject:0.43
EditorManager:0.37666666666666665
SessionManager:0.31777777777777777
IncomingInvitationProcess:0.27444444444444444
