KeyRing:0.4666666666666667
EditSuperUserDialog:0.3933333333333333
Account:0.37
KeyRingTest:0.30666666666666664
Property:0.215
CreateAccountDialog:0.19
AccountType:0.16
DummyAccount:0.014285714285714285
