HeapAnalyzer:0.5988888888888889
HeapDump:0.41
RefWatcher:0.30333333333333334
LeakCanary:0.28
AndroidExcludedRefs:0.22666666666666666
HeapAnalyzerService:0.20333333333333334
