SslConfiguration:0.34
HttpConfiguration:0.32666666666666666
GzipConfiguration:0.2946666666666667
Configuration:0.27666666666666667
LoggingConfiguration:0.27
ServerFactory:0.23
RequestLogConfiguration:0.20777777777777778
GzipConfigurationTest:0.17
