ClientHttpRequest:0.41333333333333333
FreelancerBackingBean:0.38666666666666666
PartnerBackingBean:0.37666666666666665
PartnerBackingBeanDataModel:0.20444444444444446
