Util:0.83
AllTests:0.2833333333333333
WorkbenchUtilitiesTest:0.16666666666666666
EditPartVisitor:0.15694444444444444
