Binding:0.35
TreeConverter:0.31666666666666665
NativeType:0.31333333333333335
TypeUtil:0.3
BindingConverter:0.26666666666666666
PointerType:0.23333333333333334
Types:0.23111111111111116
Import:0.19333333333333333
