BookFlightEndpoint:0.69
BookFlightEndpointTest:0.3433333333333333
GetFlightsEndpoint:0.26
AirlineServiceImpl:0.22666666666666666
