Window:0.5966666666666667
Node:0.37333333333333335
HtmlFormTest:0.29
Range:0.26
