QueryExecutor:0.6166666666666667
PrestoDriverUri:0.4766666666666667
PrestoDriver:0.45
TestQueryExecutor:0.24666666666666667
