MultiSearchRequest:0.6816666666666666
MultiSearchRequestTests:0.4066666666666667
RestMultiSearchAction:0.16
