IAdHocProcess:0.49333333333333335
Config:0.48333333333333334
AdHocCommandAsync:0.43
IqDefault:0.205
Component:0.16666666666666666
Logger:0.14666666666666667
IqDisco:0.14
AdHocCommandSync:0.14
TestFunction:0.11666666666666667
MessageDefault:0.1075
IAdHocCommand:0.10642857142857143
IqAdHocCommands:0.08666666666666667
AdHocCommandFactory:0.07666666666666666
