TestClass:0.535
ParentRunner:0.53
ParentRunnerTest:0.20666666666666667
TestClassTest:0.18333333333333332
FrameworkMember:0.145
FieldAnnotated:0.06666666666666667
MethodsAnnotated:0.06333333333333334
AnnotationValidatorFactory:0.05
MethodComparator:0.0
FieldComparator:0.0
