Entries:0.6
ClusterService:0.4033333333333333
MapIterateKeysHandler:0.32666666666666666
NodeBaseVariables:0.145
