ListFolderController:0.37333333333333335
AbstractEntryProcessor:0.36333333333333334
CalendarViewRangeDates:0.2866666666666667
CalendarHelper:0.2
Datepicker:0.18
ObjectKeys:0.14622222222222223
