GwtRpcService:0.48
GwtServerHelper:0.44
GwtRpcServiceImpl:0.36666666666666664
GwtRpcServiceAsync:0.27166666666666667
ProfileTeamsPanel:0.21
GwtProfileHelper:0.19333333333333333
