Parser:0.8333333333333334
Script:0.48333333333333334
ArgumentParser:0.38
ArgumentParserTest:0.24333333333333335
AppClassLoader:0.19833333333333333
TreePathParser:0.17444444444444443
UnitTestSuite:0.13
AllTests:0.08666666666666667
TreePathParserTest:0.08333333333333333
FileParser:0.03
ColorParser:0.006666666666666667
