PcoreHitMolecule:0.7666666666666667
HitsPage:0.4066666666666667
PcorePage:0.2833333333333333
HitsLabelProvider:0.2577777777777778
MWSorter:0.07666666666666666
