OidcAuthorizeEndpointController:0.33
DigestUtils:0.32666666666666666
OidcConstants:0.27666666666666667
OAuth20AccessTokenController:0.23333333333333334
OidcIdTokenGenerator:0.12
AccessTokenResponseGenerator:0.1162777777777778
OidcTokenSigningService:0.1
OAuth20AccessTokenResponseGenerator:0.07666666666666666
OidcAccessTokenResponseGenerator:0.06666666666666667
