HistoricalBuildSummariesService:0.7166666666666667
BuildSummaryUIService:0.4766666666666667
BuildDetailControllerTest:0.20666666666666667
GetProjectBuildStatusControllerTest:0.18166666666666667
ServiceContext:0.17
GetActiveBuildInfoControllerTest:0.14333333333333334
GetProjectBuildStatusXmlControllerTest:0.14333333333333334
BuildSummaryUIServiceTest:0.14333333333333334
LatestBuildsListingControllerTest:0.12666666666666668
BuildDetailController:0.11666666666666667
BuildListingControllerTest:0.11666666666666667
BuildListingController:0.08
HistoricalBuildSummariesServiceTest:0.07666666666666666
GetProjectBuildStatusXmlController:0.07
ServiceContextTest:0.06
GetProjectBuildStatusController:0.03
LatestBuildsListingController:0.03
BuildsController:0.016666666666666666
DashboardController:0.016666666666666666
