ParseCpsl:0.5166666666666667
SimpleCharStream:0.49666666666666665
LookaheadSuccess:0.4666666666666667
ParseCpslTokenManager:0.38666666666666666
ParseException:0.23722222222222225
