MoleculeFactory:0.37666666666666665
MDLReader:0.33
HueckelAromaticityDetectorTest:0.32
HueckelAromaticityDetector:0.22333333333333333
SaturationCheckerTest:0.1713888888888889
AromaticityCalculator:0.16
