FixedEndpoint:0.48
Endpoints:0.37
Builder:0.36666666666666664
Response:0.31333333333333335
