Util:0.53
Operation:0.29333333333333333
EmbeddedSCLib:0.22
ServerPanel:0.21
Worker:0.20666666666666667
Gast:0.15666666666666668
MainFrame:0.1527777777777778
AccessManager:0.15
Params:0.14
Remove:0.09
Update:0.06333333333333334
Get:0.013333333333333334
PwUpdate:0.0075
