XContentBuilder:0.7966666666666666
AbstractFilteringJsonGeneratorTestCase:0.4266666666666667
JsonXContentGenerator:0.2633333333333333
FilterPathBasedFilter:0.22666666666666666
JsonXContent:0.17666666666666667
CborXContent:0.17333333333333334
SmileXContent:0.17333333333333334
YamlXContent:0.17333333333333334
FilterPathGeneratorFilteringTests:0.13333333333333333
SmileXContentGenerator:0.09833333333333333
CborXContentGenerator:0.09833333333333333
YamlXContentGenerator:0.09833333333333333
