Madvoc:0.72
WebApp:0.665
ManualRegistrationTest:0.13666666666666666
MyWebApplication:0.06333333333333334
