PagerdutyNotifier:0.5533333333333333
MailNotifier:0.4766666666666667
MailNotifierTest:0.27
AdminServerWebConfigurationTest:0.23666666666666666
PagerdutyNotifierTest:0.12333333333333334
AdminServerImportSelector:0.1
