HazelcastTestSupport:0.4533333333333333
RemoveOnCancelFuture:0.4
Latch:0.30666666666666664
LoggingScheduledExecutorTest:0.16
LoggingScheduledExecutor:0.15666666666666668
ICountdownLatchAdapter:0.02666666666666667
CountdownLatchAdapter:0.02666666666666667
