SelectionWindow:0.475
SearchDialog:0.44333333333333336
MainWindow:0.30333333333333334
