Advice:0.44333333333333336
ShutdownCommand:0.33
GroovyExpress:0.18666666666666668
Spy:0.17333333333333334
UnsafeBindSupport:0.15666666666666668
ExpressFactory:0.13666666666666666
