BaseJdbcClient:0.30333333333333334
JdbcHandleResolver:0.22666666666666666
JdbcRecordSinkProvider:0.18
TestMySqlIntegrationSmokeTest:0.16666666666666666
JdbcClient:0.14416666666666667
JdbcMetadata:0.14
TestPostgreSqlIntegrationSmokeTest:0.05333333333333334
