ParserATNSimulator:0.6044444444444445
InvokeRule:0.37444444444444447
