MetaDataTable:0.5633333333333334
ResourceUtils:0.27
MySQLSqlScript:0.17333333333333334
MySQLMigrationMediumTest:0.14333333333333334
Token:0.04
