WADOSupport:0.5066666666666667
WADOService:0.45
WADODatasourceResponseObjectImpl:0.3333333333333333
WADOImageResponseObjectImpl:0.2633333333333333
WADOStreamResponseObjectImpl:0.24333333333333335
WADOTransformResponseObjectImpl:0.24333333333333335
BasicWADOResponseObject:0.02666666666666667
