VoidAtmosphereResource:0.4033333333333333
BroadcastFilterTest:0.35
TrackMessageSizeFilter:0.29333333333333333
