TransformService:0.45
DataExtractorService:0.29333333333333333
DataLoaderService:0.29333333333333333
ITransformService:0.13083333333333333
