Reader:0.5233333333333333
BeanConfig:0.41
ModelConverterContextImpl:0.27
ModelResolver:0.24666666666666667
ModelConverterContext:0.135
