DelegableConfigurationDialog:0.48
HelpDialog:0.38
FormulaConfigurationDialog:0.31333333333333335
ChooseFunctionDialog:0.07333333333333333
