HopParser:0.4766666666666667
HopLexer:0.47
HopParserAPITest:0.27666666666666667
DFA5:0.1811111111111111
HopParserAPI:0.16
