BarrierOption:0.7083333333333334
BarrierOptionTest:0.3566666666666667
ContinuousAveragingAsianOptionArguments:0.2966666666666667
ContinuousAveragingAsianOption:0.24666666666666667
