MockDatabase:0.44583333333333336
Notifd:0.4033333333333333
NotificationManager:0.36666666666666664
BroadcastEventProcessor:0.27666666666666667
NotifdTest:0.17
