T_639NumbersTable:0.37
T_639NumbersTableRecord:0.36666666666666664
IT_639NumbersTable:0.3525
XUnusedRecord:0.31666666666666665
XUnused:0.21
IXUnused:0.18916666666666668
MetaTable:0.18333333333333332
