Query:0.2945875
SortComparator:0.17131983
