CommonContext:0.8866666666666667
DriverConductor:0.49
PublicationParams:0.4766666666666667
