HTMLOptionElementTest:0.32
FormField:0.29
HTMLLegendElement:0.16448412698412695
HTMLFieldSetElement:0.16333333333333333
HTMLLabelElementTest:0.09333333333333334
FormChild:0.06666666666666667
HTMLObjectElementTest:0.056666666666666664
