JPPFTask:0.6233333333333333
JPPFSchedule:0.45
JPPFPriorityQueue:0.25666666666666665
CancelJobTask:0.19777777777777777
JPPFScheduleHandler:0.19222222222222224
CommandLineTask:0.18333333333333332
DriverJobManagement:0.17972222222222223
JobExpirationAction:0.14444444444444443
TestJPPFJobSLA:0.11666666666666667
OneDriverOneNodeSetup:0.09333333333333334
