AtomCountDescriptor:0.9833333333333333
AtomCountDescriptorTest:0.43333333333333335
