jdbcPreparedStatement:0.34994063
jdbcResultSet:0.2706304
Util:0.052909937
