jdbcPreparedStatement:0.36320093
Util:0.046619233
