CertTools:0.7066666666666667
CertificateRequestSessionBean:0.3466666666666667
CommonEjbcaWS:0.34
SecConst:0.2633333333333333
CertificateHelper:0.06416666666666666
