Period:0.6
MutablePeriod:0.4033333333333333
TestMutablePeriod_Constructors:0.36
TestPeriod_Constructors:0.2833333333333333
BasePeriod:0.20166666666666666
