Property:0.7133333333333334
TagPath:0.46
BeanPanel:0.22
PropertyTagPathTest:0.18333333333333332
