FlowHandler:0.8133333333333334
FlowHandlerAdapter:0.49666666666666665
FlowHandlerAdapterTests:0.45
AbstractFlowHandler:0.11666666666666667
