TsQueryServiceAsync:0.605
TsQueryService:0.5326666666666667
TreeContextMenu:0.41333333333333333
TsQueryForm:0.3566666666666667
Services:0.32
TsQueryTab:0.17666666666666667
ActionFactory:0.17666666666666667
TsQueryServiceImpl:0.12666666666666668
TsQueryPermission:0.02
TsQueryResult:0.006666666666666667
TsQueryParam:0.0
