VerifierConfig:0.4422222222222223
HumanReadableEventClient:0.31
TestVerifierConfig:0.30333333333333334
Verifier:0.24333333333333335
