Seq:0.49666666666666665
AbstractSeqTest:0.3933333333333333
LinearSeq:0.1952222222222222
IndexedSeq:0.1952222222222222
Search:0.05333333333333334
