Spider:0.7088888888888889
LinkForgeMgmtService:0.15666666666666668
