InvocationRegistry_NotifyTest:0.5166666666666667
ResponsePacketHandlerImpl:0.3333333333333333
InvocationRegistry:0.31
