LoggingTool:0.56
IsotopeFactory:0.44333333333333336
AtomTypeFactory:0.38
SaturationChecker:0.23
RebondToolTest:0.17633333333333334
CDKTests:0.15916666666666668
IsotopeFactoryTest:0.15666666666666668
Convertor:0.14666666666666667
AtomTypeFactoryTest:0.07666666666666666
ConfigTests:0.07
ToolsTests:0.04
IsotopeHandler:0.03833333333333333
AtomTypeHandler:0.03666666666666667
AtomTypeConfigurator:0.03666666666666667
AtomTypeReader:0.013333333333333334
IsotopeReader:0.013333333333333334
TXTBasedAtomTypeConfigurator:0.013333333333333334
CDKBasedAtomTypeConfigurator:0.006666666666666667
