SharedOutputBuffer:0.5
TestSharedOutputBuffer:0.42333333333333334
OutputBufferMemoryManager:0.32
LazyOutputBuffer:0.29333333333333333
