ClassUtils:0.8566666666666667
OsgiServiceFactoryBean:0.33
AbstractOsgiBundleApplicationContext:0.26666666666666666
AbstractDelegatedExecutionApplicationContext:0.21
OsgiServiceUtilsTest:0.19666666666666666
ThreadTest:0.013333333333333334
