MipMapGenerator:0.5266666666666666
GLTexture:0.42333333333333334
ETC1TextureData:0.3333333333333333
LwjglDebugStarter:0.21333333333333335
