FeatureSet:0.5533333333333333
Gene:0.5383333333333333
Transcript:0.39666666666666667
AnnotationView:0.35333333333333333
