ParameterMap:0.5633333333333334
ConnectionConfig:0.5488888888888889
HttpPlugin:0.32
