LagartoParser:0.67
LagartoParserTest:0.23333333333333334
DOMBuilderTagVisitor:0.23
DecoratorTagVisitor:0.22333333333333333
PageRegionExtractor:0.17666666666666667
TagTypeTest:0.16333333333333333
LagartoDOMBuilder:0.13416666666666666
TagAdapterTest:0.13
