URLConnectionTest:0.461111111111111
HttpsEngine:0.37666666666666665
HttpEngine:0.36333333333333334
HttpsURLConnectionImpl:0.3
HttpURLConnectionImpl:0.24666666666666667
OkHttpClient:0.17333333333333334
HttpUrlConnectionDelegate:0.15
