ExpandingFetchSource:0.5504285714285715
AbstractLoadPlanBuildingAssociationVisitationStrategy:0.41
AbstractEntityReference:0.33
AbstractCompositeFetch:0.30666666666666664
AbstractCompositeEntityIdentifierDescription:0.19166666666666668
