Origin:0.36333333333333334
PropertyFile:0.3466666666666667
EditViewFactory:0.31
AboutWidget:0.21
ZipOrigin:0.19
FileAssociation:0.11
AssociationPanel:0.043333333333333335
External:0.03333333333333333
