SimulationConfigEditor:0.4066666666666667
MarsProject:0.2833333333333333
MainScene:0.28
MainWindow:0.27666666666666667
MainMenu:0.24333333333333335
CrewEditor:0.22
MarsProjectFX:0.21
ScenarioConfigEditorFX:0.19333333333333333
CrewEditorFX:0.07333333333333333
