RubyProject:0.44666666666666666
LibraryPathsFile:0.43666666666666665
RubyEnvironmentTab:0.3433333333333333
RubyRuntime:0.22666666666666666
RubyProjectLibraryPage:0.19666666666666666
EditInterpreterDialog:0.15666666666666668
InterpreterRunner:0.14416666666666667
TC_RubyProject:0.12833333333333333
RubyApplicationLaunchConfigurationDelegate:0.09
ShamRubyProject:0.06333333333333334
RubyLaunchConfigurationAttribute:0.0
