Robot:0.5566666666666666
ComponentRecorder:0.31333333333333335
AWT:0.30833333333333335
RobotTest:0.30333333333333334
ComponentRecorderTest:0.27
