ArchiveDate:0.8833333333333333
ArticleMgmtService:0.22333333333333333
MetaWeblogAPI:0.22
Comment:0.21333333333333335
InitService:0.20333333333333334
ArchiveDateRepositoryImplTestCase:0.2
TimeZones:0.19
ArticleProcessor:0.18666666666666668
Filler:0.18666666666666668
CommentMgmtService:0.18
LoginProcessor:0.13
SitemapProcessor:0.11333333333333333
ArchiveDateQueryServiceTestCase:0.11333333333333333
ArchiveDateRepositoryImpl:0.11333333333333333
CommentReceiver:0.1
