IsotopeTest:0.37666666666666665
PseudoAtomTest:0.35
AtomContainerSetTest:0.34
CrystalTest:0.32666666666666666
PDBStructureTest:0.2966666666666667
PDBAtomTest:0.27
ReactionTest:0.25
ElementTest:0.25
ElectronContainerTest:0.18333333333333332
