ResourceIndexModule:0.44333333333333336
WSDLGenerator:0.33666666666666667
BaseTripleGenerator:0.2733333333333333
RDFXSDNamespace:0.25333333333333335
RelsExtValidator:0.20666666666666667
ReposInfoSerializerThread:0.12
Constants:0.06333333333333334
XMLXSDNamespace:0.016666666666666666
