UtilFile:0.5566666666666666
UtilList:0.5066666666666667
ParserRegistry:0.41333333333333333
DocFetcher:0.30666666666666664
CommandLineHandler:0.24666666666666667
ExceptionHandler:0.24333333333333335
PDFParser:0.14666666666666667
