AstVisitor:0.37666666666666665
NodeRewriter:0.2733333333333333
RewritingVisitor:0.25
Formatter:0.24
