FieldDefinition:0.6866666666666666
ClassDefinitionBuilder:0.37333333333333335
FieldDefinitionImpl:0.29333333333333333
PortableTest:0.2733333333333333
NamedPortableV2:0.22
PortableContextImpl:0.21666666666666667
PortablePositionFactoryTest:0.21333333333333335
ClassAndFieldDefinitionTest:0.16666666666666666
PortableClassVersionTest:0.14666666666666667
