Manager:0.5833333333333334
Socket:0.5533333333333333
ConnectionTest:0.2733333333333333
