DefaultDataType:0.44666666666666666
Factory:0.3566666666666667
PostgresTest:0.29333333333333333
