WebXML:0.42333333333333334
TestRESTAPI:0.35
FedoraWebXML:0.31333333333333335
TestFedoraWebXML:0.29333333333333333
AuthFilterJAAS:0.29027777777777775
InstallOptions:0.24444444444444446
RmiTransportWriter:0.21944444444444447
RmiTransport:0.21666666666666667
TestRmiTransport:0.21666666666666667
FilterMappingComparator:0.07666666666666666
