Constants:0.76
ProfileDao:0.63
SearchFilter:0.28
DefaultProfileCoreProcessor:0.25
ProfileIndexUtils:0.25
AbstractEntryProcessor:0.22333333333333333
GwtViewHelper:0.20666666666666667
SearchFilterToSearchBooleanConverter:0.19666666666666666
ProfileDaoImpl:0.19666666666666666
ObjectKeys:0.14333333333333334
