SimpleHttpClientFactoryBean:0.5977777777777779
JsonServiceRegistryDao:0.43666666666666665
