IgniteTicketRegistry:0.6711111111111111
TicketsCache:0.2866666666666667
IgniteTicketRegistryConfiguration:0.22666666666666666
