HopSymbolTableWalker:0.4266666666666667
IntermediateExecutionBuilder:0.4266666666666667
LinearExecution:0.24
JumpBaseStep:0.1927777777777778
BinaryGreaterEqualsStep:0.1486111111111111
ClassExecution:0.13666666666666666
ConditionalJumpStep:0.13
MethodExecution:0.07
ConditionalFalseJumpStep:0.06
