Request:0.57
SplitOperation:0.47333333333333333
DeleteOperation:0.4633333333333333
Jupiter:0.36
InsertOperation:0.36
JupiterVectorTime:0.32
RequestPacketExtension:0.24666666666666667
Algorithm:0.215
ConcurrentDocumentManager:0.21
RequestExtensionProviderTest:0.19333333333333333
JupiterDocumentServer:0.1877777777777778
RequestExtensionProvider:0.17
NetworkRequest:0.16
ProxySynchronizedQueue:0.13
