Artifact:0.58
ArtifactRegistry:0.4266666666666667
HandlerRegistry:0.41
OrgFunctionDefinition:0.39666666666666667
GraphElement:0.33666666666666667
OrgFunctionsRegistry:0.31666666666666665
LocalizationPreferencePage:0.31666666666666665
Action:0.3
EditArtifactDialog:0.27
Swimlane:0.25
HandlerArtifact:0.23
LocalizationRegistry:0.22666666666666666
TransitionGraphicalEditPart:0.22666666666666666
Activator:0.22
SwimlaneElement:0.21
NewProcessProjectWizard:0.18166666666666667
Decision:0.17922222222222223
BpmnSerializer:0.17666666666666667
ArtifactPreferencePage:0.17333333333333334
EscalationConfigurationDialog:0.16666666666666666
CreateVariableDialog:0.16
ChooseHandlerClassDialog:0.15
SwimlaneWFElement:0.15
SwimlaneManualElement:0.14666666666666667
EscalationActionEditDialog:0.14333333333333334
SwimlaneADElement:0.13666666666666666
SwimlaneRelationsElement:0.13666666666666666
AddActionCommand:0.13
TimerActionEditDialog:0.13
GPDSearchPage:0.12666666666666668
DelegableClassPropertyDescriptor:0.12
ShowAction:0.12
ParamBasedProvider:0.11333333333333333
DelegableCellEditor:0.11
TableViewerLabelProvider:0.11
AddActionHandlerAction:0.10666666666666667
VariableFormatArtifact:0.10333333333333333
DecisionGraphicalEditPart:0.09333333333333334
ConfigurationFieldEditor:0.09
VariableFormatRegistry:0.0875
FormatClassPropertyDescriptor:0.08666666666666667
OpenDelegableConfigurationDelegate:0.08333333333333333
EscalationActionHandlerProvider:0.07333333333333333
ArtifactContentProvider:0.07333333333333333
HandlerContentProvider:0.04666666666666667
VariableFormatContentProvider:0.03944444444444445
LocalizationLabelProvider:0.0033333333333333335
OrgFunctionPreferencePage:0.0
VariableFormatPreferencePage:0.0
HandlerPreferencePage:0.0
