ReportDownloadController:0.7327777777777779
DownloadReportAction:0.5357380952380953
