LandingPageEditor:0.4188888888888889
TableDropWidget:0.4
DropZone:0.3883333333333333
