Foo:0.5133333333333333
CruiseControlConfigPreConfTest:0.38666666666666666
