ProcessCache:0.5133333333333333
SearchResult:0.37666666666666665
WorkspaceOperations:0.37333333333333335
ElementMatch:0.27666666666666667
Subprocess:0.23666666666666666
MultiInstanceDialog:0.21333333333333335
CopyProcessDefinitionWizardPage:0.20333333333333334
SearchTreeContentProvider:0.20333333333333334
SubprocessDialog:0.18666666666666668
NewProcessDefinitionWizard:0.16333333333333333
SearchPage:0.14666666666666667
VariableSearchVisitor:0.12666666666666668
ProcessDefinitionsVisitor:0.10666666666666667
OpenSubProcessFeature:0.09333333333333334
SubprocessGraphicalEditPart:0.09333333333333334
BotSearchVisitor:0.016666666666666666
BotTaskSearchVisitor:0.016666666666666666
