ConnectionPool:0.4533333333333333
FieldSearchTest:0.3088888888888889
TestResourceIndex:0.295
ResourceIndexRebuilder:0.2733333333333333
ConnectionPoolManagerImpl:0.14
