Network:0.57
ConfigService:0.42333333333333334
ReverseProxyPage:0.25333333333333335
NetworkInformationPage:0.21666666666666667
