StructuredbManager:0.6033333333333334
Label:0.3
DataBase:0.24666666666666667
