DBManager:0.5991666666666666
OpenMapServlet:0.30666666666666664
ModifyMapServlet:0.30666666666666664
