DropwizardAppExtension:0.48
DropwizardAppRule:0.48
DropwizardAppRuleTest:0.18666666666666668
DropwizardAppExtensionTest:0.18666666666666668
TestResource:0.14333333333333334
