CryptoToken:0.5919444444444445
EjbcaWSMock:0.4633333333333333
BaseCryptoToken:0.37333333333333335
CachedCryptoToken:0.23666666666666666
CryptoTokenAndChain:0.2
OcspKeyRenewalTest:0.17
