S3BlobContainer:0.31133333333333335
AzureBlobContainer:0.31133333333333335
GoogleCloudStorageBlobContainer:0.31133333333333335
BlobPath:0.2966666666666667
S3BlobStore:0.23333333333333334
AzureBlobStore:0.22666666666666666
GoogleCloudStorageBlobStore:0.22666666666666666
