ERDesignerBundle:0.5040555555555557
Index:0.4866666666666667
TableEditor:0.32666666666666666
TableEditorView:0.3233333333333333
JDBCReverseEngineeringStrategy:0.18666666666666668
RelationEditorView:0.17
