JChemPaintModel:0.5166666666666667
Vector:0.4666666666666667
Matrix:0.46
GeometryTools:0.42333333333333334
JCPPropertyHandler:0.3566666666666667
MDLReader:0.35333333333333333
JChemPaint:0.31333333333333335
JChemPaintEditorPanel:0.3
HydrogenAdder:0.29
RModel:0.28833333333333333
ConnectivityChecker:0.2866666666666667
IsomorphismTester:0.2756746031746032
IVector:0.2733333333333333
RingPlacer:0.27
ReactionBalancerTest:0.26666666666666666
Fingerprinter:0.26666666666666666
HueckelAromaticityDetectorTest:0.26
MMFF94BasedParameterSetReader:0.26
LineSearchForTheWolfeConditions:0.25666666666666665
DrawingPanel:0.25567460317460305
IChIGenerator:0.25
FormatStringBuffer:0.24666666666666667
ClosedShellJob:0.24666666666666667
PolymerTest:0.24666666666666667
ReactionTest:0.24666666666666667
JCPAction:0.24644444444444447
SmilesGenerator:0.24333333333333335
PLSRegressionModel:0.24333333333333335
ConjugatedPiSystemsDetector:0.24333333333333335
HOSECodeGenerator:0.24
AtomPlacer:0.24
StatusBar:0.2305555555555555
GENMDeterministicGenerator:0.22333333333333333
IteratingMDLReaderTest:0.22333333333333333
TextViewDialog:0.22166666666666668
XLogPDescriptor:0.22
HOSECodeTest:0.22
BremserPredictorTest:0.22
HINWriter:0.21666666666666667
IMatrix:0.21666666666666667
ArrowRenderer2D:0.2125
JChemPaintMenuBar:0.21142857142857144
MDLWriter:0.20833333333333334
Gaussian98ReaderTest:0.20833333333333334
StructureDiagramGenerator:0.20666666666666667
PeriodicTablePanel:0.20476190476190476
CPSADescriptor:0.20333333333333334
GraphRenderer:0.20166666666666666
RDFProtonDescriptor:0.19833333333333333
ValenceCarbonConnectivityOrderOneDescriptor:0.19666666666666666
ForceFieldConfigurator:0.19666666666666666
FiguerasSSSRFinder:0.19666666666666666
ForceField:0.19333333333333333
RandomGenerator:0.1930952380952381
OneElectronJob:0.1925
ShelXReader:0.19
DatabaseTest:0.18666666666666668
OverlapResolver:0.185
BondsToAtomDescriptor:0.185
IsProtonInConjugatedPiSystemDescriptor:0.18333333333333332
ForceFieldTests:0.18333333333333332
SigmaElectronegativityDescriptor:0.18166666666666667
PathToolsTest:0.18
DBAdmin:0.17666666666666667
HydrogenPlacer:0.17
GeometricMinimizer:0.17
VicinitySampler:0.16583333333333333
ZMatrixReader:0.16333333333333333
KabschAlignmentTest:0.16
ToolBarMaker:0.1577777777777778
RuleOfFiveDescriptorTest:0.15666666666666668
ProtonTotalPartialChargeDescriptorTest:0.15666666666666668
AtomTypeHandler:0.15333333333333332
HuLuIndexTool:0.15
ElementAction:0.15
SingleStructureRandomGenerator:0.15
PartialFilledStructureMerger:0.15
PetitjeanShapeIndexDescriptorTest:0.14666666666666667
JChemPaintPopupMenu:0.145
StructureResonanceGenerator:0.14
GenerateFragments:0.14
LargestChainDescriptorTest:0.135
ValenceConnectivityOrderZeroDescriptorTest:0.13166666666666665
CDK2DAtomColors:0.12
SmilesViewerforDeterministicGenerator:0.11666666666666667
PCA:0.11
LicenseDialog:0.10666666666666667
MlibiowekaTests:0.09333333333333334
MMFF94ParametersCall:0.085
AddHydrogenAction:0.05333333333333334
CleanupAction:0.021111111111111112
JChemPaintViewerOnlyPanel:0.013333333333333334
ChemAction:0.012888888888888889
