XMLType:0.5533333333333333
DefaultARINCUtils:0.3933333333333333
AbstractARINCHandler:0.21
ARINCComUtils:0.20833333333333334
ARINCBroadcastReceiver:0.18
DefaultBufferFormatUtils:0.09666666666666666
DefaultBroadcastReceiverUtils:0.043333333333333335
