Row:0.49366666666666675
RowImpl:0.43333333333333335
jOOQAbstractTest:0.35
RowValueExpressionTests:0.25666666666666665
