ScaledRAFile:0.46142857142857147
Log:0.42333333333333334
HsqlDatabaseProperties:0.3933333333333333
Logger:0.36333333333333334
DataFileCache:0.31
DataFileDefrag:0.2011111111111111
