Actor:0.53
Table:0.44333333333333336
Button:0.25
Window:0.21333333333333335
ScaleByAction:0.19666666666666666
SizeByAction:0.19666666666666666
MoveByAction:0.19666666666666666
RotateByAction:0.13666666666666666
StageTest:0.13333333333333333
Scene2dTest:0.12666666666666668
MyActor:0.11333333333333333
