TxnRemoveAllOperation:0.35333333333333333
TxnRemoveOperation:0.35333333333333333
TxnRemoveAllBackupOperation:0.32666666666666666
TxnRemoveBackupOperation:0.32666666666666666
TxnPutOperation:0.26
