SerializationUtils:0.54
FileUtils:0.43666666666666665
Serializer:0.25333333333333335
Deserializer:0.19333333333333333
GenericObjectStreamBuilder:0.0
