HelloWorldService:0.5033333333333333
PersonResource:0.32666666666666666
PeopleResource:0.24
