ProductTest:0.8897222222222223
OrderTest:0.14333333333333334
