FlowArtifactException:0.6141666666666666
LocalFlowArtifactFactory:0.44
XmlFlowBuilderNestingTests:0.29333333333333333
