Gedcom:0.54
Change:0.38
TagPath:0.37
MatchModel:0.32666666666666666
TreeModel:0.30333333333333334
ReportGedcomStatistics:0.24333333333333335
IDHashtable:0.24333333333333335
PropertyTreeModel:0.22166666666666668
ReportBirthdays:0.21833333333333332
VerifyTransaction:0.21277777777777776
EditView:0.19666666666666666
MergeTransaction:0.19
ReportMakeHTMLTable:0.18333333333333332
GedcomWriter:0.18
ReportMigrateToMedias:0.17666666666666667
Event:0.16333333333333333
EntityTableModel:0.15666666666666668
ReportEarliestAncestor:0.15333333333333332
ReportAppletDetails:0.14666666666666667
ProxyXRef:0.13666666666666666
Content:0.11666666666666667
NavigatorView:0.10666666666666667
Model:0.10666666666666667
ControlCenter:0.09333333333333334
