AbstractDashboardWidget:0.5333333333333333
ResourcesDashboardWidget:0.25333333333333335
ContactsDashboardWidget:0.25333333333333335
TrafficDashboardWidget:0.19333333333333333
ServiceManagerDashboard:0.03666666666666667
AbstractDashboard:0.03
