View:0.5366666666666666
AbstractPainter:0.43588888888888905
Cache:0.4266666666666667
