Skin:0.6533333333333333
Table:0.4766666666666667
GwtInput:0.31
TableLayoutTest:0.2833333333333333
Scene2dTest:0.16333333333333333
