MapItemsRenderer:0.5666666666666667
AbstractMapItemList:0.31333333333333335
BufferOfItems:0.29
PropertySetter:0.2833333333333333
DefaultBufferOfItemsConverter:0.23333333333333334
ARINCModelFactory:0.22
Message:0.20666666666666667
XMLMapsDefinitionParserTest:0.20111111111111113
ARINCMapGrid:0.19583333333333333
ServerMapItemList:0.18587301587301588
MapItemListRenderer:0.18333333333333332
ApplyScriptAction:0.18
MapItemsPaneRenderer:0.17
ScriptHelper:0.14
DefaultScriptLogger:0.13
PropertySetterDialog:0.11666666666666667
ScriptPropertyDialog:0.04
