Result:0.7133333333333334
RpcResult:0.64
FutureFilter:0.18
CompatibleFilterFilterTest:0.17
MergeableClusterInvoker:0.15333333333333332
EchoFilterTest:0.13
TraceFilter:0.11
FutureFilterTest:0.10333333333333333
DubboCodec:0.1
GenericImplFilter:0.08333333333333333
GenericFilter:0.08333333333333333
CompatibleFilter:0.08333333333333333
