TestCreateCRLSession:0.7011111111111111
CRLStoreServletBase:0.38333333333333336
