ChronicleMap:0.81
VanillaChronicleMap:0.38333333333333336
StatelessChronicleMap:0.3566666666666667
ReplicationCheckingMap:0.3433333333333333
SingleCloseMap:0.3433333333333333
CHMUseCasesTest:0.3
TcpSocketChannelEntryWriter:0.2833333333333333
Entry:0.25122222222222224
StatelessServerConnector:0.25
StatelessClientTest:0.18333333333333332
TcpReplicator:0.18
BGChronicleTest:0.1780952380952381
