LdapUserDetails:0.6566666666666666
LdapUserDetailsImpl:0.4755555555555555
Essence:0.4
