DataEnvironment:0.9366666666666666
CallStep:0.3233333333333333
ModeChangeStep:0.24333333333333335
ObjectInitPopStep:0.17666666666666667
ParentCallStep:0.09333333333333334
