GLContext:0.67
ARBColorBufferFloat:0.2966666666666667
ARBTextureFloat:0.15694444444444444
ARBHalfFloatPixel:0.15694444444444444
