IStructuredbInstanceManager:0.7866666666666666
StructuredbInstanceManager:0.62
StructuredbInstanceManagerTest:0.38
AbstractStructuredbInstanceManager:0.20333333333333334
AuditCreationAdvice:0.02777777777777778
IAuditAdvice:0.0
