NioSelector:0.66
UdpChannelTransport:0.42
ReceiverUdpChannelTransport:0.17666666666666667
SenderUdpChannelTransport:0.17666666666666667
