AuthenticationModulesTest:0.44666666666666666
ApprovalEnforcedByCertificateProfileTest:0.44
CrmfRARequestTest:0.25333333333333335
CrmfRequestTest:0.25
