DeadlockAnalyzer:0.54
Path:0.3616666666666667
SingleFieldLockInfo:0.32666666666666666
StatisticFieldLockInfo:0.3233333333333333
