DashboardWidgetUtilities:0.42333333333333334
DashBoardTopComponent:0.39
ExecuteTaskResultTopComponent:0.38
TaskResultWidget:0.22666666666666666
CreateAttributeAction:0.16
ClassMetadataChildren:0.14333333333333334
Utils:0.08
RoundedBorder:0.03666666666666667
