GwtMainPage:0.8266666666666667
ViewPermalinkController:0.2966666666666667
LoginController:0.20333333333333334
