Intersector:0.49333333333333335
GdxSetup:0.44333333333333336
GdxSetupUI:0.31333333333333335
ClassReflection:0.25666666666666665
Form:0.16666666666666666
