EnabledOnOsIntegrationTests:0.3466666666666667
DisabledOnOsIntegrationTests:0.2633333333333333
DisabledOnJreIntegrationTests:0.22
EnabledOnJreIntegrationTests:0.20333333333333334
