Class:0.6366666666666667
TestClass:0.33144444444444443
ClassLoader:0.29333333333333333
TestJavaLangClass:0.23
JPF_java_lang_Class:0.21666666666666667
TestJavaLangClassJPF:0.20333333333333334
TestClassBase:0.08316666666666667
