CommChannel:0.5505555555555556
ResponseReceiver:0.44666666666666666
CommChannelHandler:0.37333333333333335
