HDUtils:0.6566666666666666
HDKeyDerivation:0.2966666666666667
HDUtilsTest:0.2744444444444445
