Node:0.5433333333333333
ClusterService:0.38333333333333336
FactoryImpl:0.30666666666666664
Poll:0.2677777777777778
ExecutorManager:0.15666666666666668
TransactionTest:0.05
RejectionHandler:0.013055555555555556
