Private:0.6933333333333334
ContainerTest:0.44
MethodInvoker:0.351515873015873
MethodInjector:0.26
DefaultConstructionProxyFactory:0.14333333333333334
