ConvolutionUtils:0.37666666666666665
CNNGradientCheckTest:0.36333333333333334
Builder:0.22333333333333333
Cropping2D:0.22333333333333333
ZeroPaddingLayer:0.22
