PDABytecodeTriggers:0.7933333333333333
PDABytecodeGenerator:0.4
DFA10:0.24777777777777782
DFA16:0.24777777777777782
