DefaultBroadcaster:0.565
JQueryPubSub:0.34111111111111114
PubSub:0.31333333333333335
