UltimateRecyclerView:0.8566666666666667
MainActivity:0.34
CustomSwipeToRefreshRefreshActivity:0.28088095238095245
