DataEnvironment:0.4766666666666667
BinaryOperationStep:0.37666666666666665
ExpressionValue:0.32
Execution:0.3
SymbolTable:0.29
AbstractVirtualMachine:0.22333333333333333
MoveStep:0.16333333333333333
TimeStamp:0.013055555555555556
