JFlexTokenizer:0.55
TroffAnalyzer:0.44333333333333336
UuencodeAnalyzer:0.44333333333333336
