JavaToIOSMethodTranslator:0.36666666666666664
MethodInvocation:0.35333333333333333
SingleVariableDeclaration:0.2633333333333333
JavaToIOSTypeConverter:0.25833333333333336
MethodDeclaration:0.21666666666666667
TranslationProcessor:0.16333333333333333
SuperMethodInvocation:0.15777777777777777
TypeDeclaration:0.14166666666666666
