AbstractTraversableTest:0.47333333333333333
SortedSet:0.3466666666666667
TreeMapTest:0.28
SortedMap:0.24333333333333335
AbstractSortedSetTest:0.16
