BaseMultiLayerNetwork:0.48833333333333334
MasterActor:0.36333333333333334
HazelCastStateTracker:0.3
StateTracker:0.19416666666666665
Test2sAnd4s:0.17
BatchActor:0.15
Classify2sAnd4s:0.11
