PubProperties:0.5247222222222223
BulkArticleLoader:0.3933333333333333
JEntrezReader:0.3088888888888889
