jq_Thread:0.7
jq_NativeThread:0.53
Monitor:0.36666666666666664
jq_ThreadQueue:0.18333333333333332
