QuerySpec:0.44666666666666666
Visitor:0.33
SubsetVisitor:0.2866666666666667
JoinIntegrationTest:0.15144444444444444
