HtmlPage:0.6933333333333334
DomNode:0.4533333333333333
HTMLFormElement:0.32111111111111107
HTMLElement:0.32
HtmlForm:0.25666666666666665
NodeRelativeNavigator:0.23
