RendererModel:0.49666666666666665
IFontManager:0.45876587301587307
RenderingParameters:0.44666666666666666
Renderer:0.29
AbstractFontManager:0.20666666666666667
AWTFontManager:0.2
