DBMolecule:0.68
DBAtomPeer:0.3616666666666667
DBAtom:0.2733333333333333
DBBondPeer:0.21
BrowseDatabaseAction:0.16
