ErrorManager:0.8003333333333333
ToolANTLRParser:0.35333333333333333
