Preferences:0.7133333333333334
Main:0.5833333333333334
MachineFactory:0.18666666666666668
