HybridLightTest:0.6211111111111111
ShaderLoader:0.3933333333333333
ModelViewerActivity:0.16333333333333333
