Date:0.56
Period:0.4866666666666667
FDDividendAmericanEngine:0.27
TrinomialTree:0.25333333333333335
TreeLattice:0.24666666666666667
Impl:0.22666666666666666
TimeGrid:0.22333333333333333
DayCounter:0.21
Schedule:0.20333333333333334
DividendVanillaOption:0.18333333333333332
CloseEnough:0.1724920634920635
BlackConstantVol:0.15666666666666668
LeisenReimer:0.14333333333333334
Joshi4:0.14333333333333334
TermStructuresTest:0.13666666666666666
EqualJumpsBinomialTree:0.13666666666666666
EqualProbabilitiesBinomialTree:0.13666666666666666
ImplISDA:0.09666666666666666
FDDividendEuropeanEngine:0.07666666666666666
ImplAFB:0.055
ImplISMA:0.051666666666666666
