Native:0.7933333333333333
DefaultCallbackProxy:0.39666666666666667
CallbacksTest:0.38333333333333336
UncaughtExceptionHandler:0.3373769841269841
