FluxSceneBuilder:0.5933333333333334
FluxSceneSerializer:0.39666666666666667
GPUFluxLightModel:0.2833333333333333
GPUFlux:0.24333333333333335
BVHTree:0.24
GPUFluxTracer:0.22166666666666668
JOCLContext:0.18
GPUFluxPathTracer:0.16
GPUFluxLightTracer:0.14666666666666667
GPUFluxWhittedTracer:0.14333333333333334
