Source:0.44333333333333336
TransportSQLActionTest:0.37333333333333335
SQLTypeMappingTest:0.32666666666666666
ArithmeticIntegrationTest:0.29
UpdateIntegrationTest:0.2633333333333333
ObjectColumnTest:0.24666666666666667
PagingTasksTest:0.24666666666666667
InsertIntoIntegrationTest:0.24333333333333335
WherePKIntegrationTest:0.23333333333333334
ColumnPolicyIntegrationTest:0.18666666666666668
ESFieldExtractorTest:0.09333333333333334
GetResultFieldExtractorFactory:0.09333333333333334
SearchHitFieldExtractorFactory:0.08
QueryThenFetchIntegrationTest:0.05333333333333334
