WebserviceBeanRemote:0.7122222222222222
WebserviceBean:0.6233333333333333
