RegExpr:0.5166666666666667
RuleLabel:0.3566666666666667
Atom:0.356
Sharp:0.2866666666666667
Empty:0.27
Wildcard:0.25166666666666665
Composite:0.06333333333333334
