GCLNewParser:0.5533333333333333
JEdge:0.32466666666666666
GCLNewLexer:0.3233333333333333
GCLNewChecker:0.26
JModel:0.25333333333333335
AlgebraRegister:0.24
Triple:0.22611111111111115
TreeHashSet:0.22194444444444447
DFA5:0.21333333333333335
DFA4:0.21333333333333335
DFA3:0.21333333333333335
StateGenerator:0.21333333333333335
dqText_return:0.20666666666666667
cond_return:0.20666666666666667
real_return:0.20666666666666667
rule_return:0.20666666666666667
expr2_return:0.20666666666666667
call_return:0.20666666666666667
functions_return:0.20666666666666667
rule_name_return:0.20666666666666667
integer_return:0.20666666666666667
arg_list_return:0.20666666666666667
expr_return:0.20666666666666667
literal_return:0.20666666666666667
cond_atom_return:0.20666666666666667
dqContent_return:0.20666666666666667
var_type_return:0.20666666666666667
dqTextChar_return:0.20666666666666667
expr_atom_return:0.20666666666666667
EditableJVertex:0.19666666666666666
function_return:0.14
stat_return:0.14
block_return:0.14
arg_return:0.14
program_return:0.14
var_decl_return:0.14
SetOfDisjointSets:0.13666666666666666
RefreshListener:0.08666666666666667
