HttpResponse:0.20333333333333334
HttpClientResponse:0.14666666666666667
IosHttpResponse:0.14666666666666667
