ValidateSomeEntityColumns:0.5033333333333333
ValidateRowCount:0.4091666666666667
BasicOperationsTest:0.32
