FileCheck:0.6633333333333333
FilenamePatternSelector:0.28523809523809524
