EditorUtilities:0.5233333333333333
LookModelPlugin:0.498
UIComponentsFactory:0.32666666666666666
