Builder:0.61
HeliosSoloDeployment:0.53
HttpHealthChecker:0.20444444444444446
Utils:0.18
HeliosSoloIT:0.13366666666666668
TcpHealthChecker:0.11904761904761905
HealthCheckerFactory:0.03
