GraphInfo:0.43666666666666665
RuleGraph:0.43
Condition:0.4033333333333333
RuleModel:0.33666666666666667
Level4:0.2544444444444445
CriticalPair:0.2275
Level3:0.19444444444444445
Level2:0.18333333333333332
RuleTreeNode:0.14
EditRulePropertiesAction:0.13666666666666666
