PlaceholderMatch:0.5466666666666666
DocxUtils:0.4533333333333333
