OptionsPageBuilder:0.3433333333333333
OptionDescriptor:0.24277777777777776
OptionDescriptorParser:0.23833333333333334
ActionsInitializer:0.17666666666666667
WindowClosingListener:0.17
OptionProperties:0.155
AbstractOptionProperties:0.15
ActionHolder:0.14772222222222223
AbstractTreeTableOption:0.13333333333333333
