DefaultHazelcastInstanceConfigurationTests:0.44944444444444437
ProvidedHazelcastInstanceConfigurationTests:0.44944444444444437
