LogAppender:0.5233333333333333
LogAppenderTest:0.4666666666666667
LogBufferPartition:0.25333333333333335
TermReader:0.19666666666666666
