RuleName:0.73
GrammarModel:0.4622222222222222
FreshNameDialog:0.3566666666666667
