Skill:0.8666666666666667
SkillTest:0.006666666666666667
