ServicesManager:0.45666666666666667
DefaultServicesManager:0.4033333333333333
DomainServicesManager:0.4033333333333333
