IntegerLiteral:0.36
Null:0.27
BooleanLiteral:0.25333333333333335
DoubleLiteral:0.25333333333333335
SymbolVisitor:0.24666666666666667
StringLiteral:0.21666666666666667
ImplementationSymbolVisitor:0.21666666666666667
OperatorModule:0.09333333333333334
Operator:0.08
