Sql:0.5666666666666667
NutDao:0.41333333333333333
VarSet:0.41
SimpleVarSet:0.29833333333333334
Dao:0.23281746031746028
SqlImpl:0.21666666666666667
SqlLiteral:0.19333333333333333
ComboSql:0.17333333333333334
Chain:0.16666666666666666
ComboVarSet:0.1461111111111111
DefaultFieldTypeAdapter:0.13666666666666666
