SocketIOEncoder:0.47333333333333333
XHRClientEntry:0.43
XHRPollingClient:0.29333333333333333
WebSocketClient:0.2866666666666667
