JtdsResultSet:0.5055555555555555
MSCursorResultSet:0.29333333333333333
ColData:0.25666666666666665
JtdsStatement:0.24916666666666668
CachedResultSet:0.24666666666666667
ClientSideCursorTest:0.056666666666666664
