JSONObject:0.65
JSONWriter:0.26
XMLTokener:0.2488888888888889
JSONML:0.22
XML:0.20333333333333334
JSONPointer:0.18555555555555556
Property:0.14555555555555555
HTTP:0.11
CookieList:0.10666666666666667
