IndexMappings:0.6176190476190476
InformationSchemaTest:0.48333333333333334
