ResourceGroupIdTemplate:0.64
TestFileResourceGroupConfigurationManager:0.2966666666666667
AbstractResourceConfigurationManager:0.2733333333333333
