ClientLayer:0.7066666666666667
StatefullAPIImpl:0.36
StatefullAPI:0.3233333333333333
