SFEEFrsPublisherTest:0.5566666666666666
ConcurrentVersionsSystem:0.5016666666666667
ConcurrentVersionsSystemTest:0.38333333333333336
