GwtTeamingMessages:0.4
UserPropertiesDlg:0.38666666666666666
AccountInfo:0.27
GwtViewHelper:0.23444444444444448
