DefaultPackageManager:0.9266666666666666
IntentComparator:0.24666666666666667
RoboPackageInstaller:0.20666666666666667
