SwimlaneInitializer:0.64
RelationSwimlaneInitializer:0.45
EscalationConfigurationDialog:0.31666666666666665
TimerAction:0.25333333333333335
RelationSwimlaneElement:0.23333333333333334
OrgFunctionsRegistry:0.22666666666666666
SwimlaneConfigDialog:0.19661111111111113
OrgFunctionSwimlaneInitializer:0.18333333333333332
OrgFunctionDefinition:0.16666666666666666
EscalationActionHandlerProvider:0.08333333333333333
EscalationActionPropertyDescriptor:0.08333333333333333
RelationComposite:0.06666666666666667
EscalationGlobalPreferencePage:0.03666666666666667
EventSupport:0.03333333333333333
View:0.03
EscalationActionDialogCellEditor:0.0033333333333333335
PropertyNames:0.0
