OClass:0.42888888888888893
ObjectProperty:0.38333333333333336
Literal:0.31666666666666665
