TierPopupMenu:0.41
AnnotationEditor:0.3933333333333333
AlignFrame:0.36666666666666664
Selection:0.35333333333333333
TranslationStartStopSelectionListener:0.18333333333333335
