JUnit4ClassRunner:0.5433333333333333
ExpectingException:0.4708333333333333
Theories:0.24666666666666667
