HtmlSelect:0.5733333333333334
Select:0.4166666666666667
SelectTest:0.30666666666666664
