TupleInfo:0.5133333333333333
UncompressedCursor:0.32666666666666666
Cursor:0.31333333333333335
