ContentEditService:0.5666666666666667
DicomEditBean:0.2833333333333333
MppsToMwlLinkBean:0.28
MoveScuService:0.27
