TestWindow:0.49333333333333335
ShadowApplication:0.43333333333333335
ShadowCursorWrapper:0.22333333333333333
TestSharedPreferencesEditor:0.20777777777777778
ApplicationTest:0.2
TestSharedPreferences:0.1877777777777778
TextViewTest:0.17
TestMovementMethod:0.043333333333333335
