ParameterDefinition:0.623
Parameter:0.575
jOOQAbstractTest:0.4766666666666667
AbstractRoutine:0.4166666666666667
RoutineAndUDTTests:0.19333333333333333
DefaultGenerator:0.18
OracleRoutineDefinition:0.13333333333333333
ParameterImpl:0.12777777777777777
Routines:0.12333333333333334
DefaultParameterDefinition:0.08
