IncomingInvitationProcess:0.5848888888888888
OutgoingInvitationProcess:0.5627777777777778
