BinaryClient:0.5866666666666667
RedisOutputStream:0.24666666666666667
SSLJedisTest:0.23666666666666666
RedisInputStream:0.17833333333333334
JedisClusterCRC16:0.135
