LTSJVertex:0.6533333333333333
LTSJGraph:0.38333333333333336
