Document:0.8366666666666667
CustomDocumentHandler:0.37333333333333335
TestXml:0.2866666666666667
DocumentImpl:0.2733333333333333
TestGate:0.15333333333333332
TextualDocumentFormat:0.1488888888888889
XmlDocumentFormat:0.12333333333333334
ExtendedMimeType:0.056666666666666664
