AdminUIFrontpageAction:0.5566666666666666
CrateRestMainAction:0.5333333333333333
RestMainActionListener:0.33666666666666667
AdminUIPlugin:0.21
