Context2XPath:0.6366666666666667
Context2SimpleXPath:0.20666666666666667
