NodeEnvironment:0.5766666666666667
FsDirectoryService:0.37666666666666665
IndexWithShadowReplicasTests:0.31
IndexShardTests:0.21333333333333335
