ParameterValue:0.3477777777777778
ParameterValueGroup:0.21833333333333332
OperationParameterGroup:0.05333333333333334
GeneralParameterValue:0.013333333333333334
OperationParameter:0.013333333333333334
Cloneable:0.0011111111111111111
