ApolloPanel:0.39
FeatureView:0.3566666666666667
Transformer:0.34
StrandedZoomableApolloPanel:0.30666666666666664
FeatureTierManager:0.2733333333333333
TierViewI:0.2678730158730158
LinearViewI:0.2678730158730158
TierManager:0.22333333333333333
AnnotationView:0.06
