Cookie:0.43333333333333335
Realm:0.34
MultipartUtils:0.30333333333333334
Uri:0.26666666666666666
WebSocketUpgradeHandler:0.2525
AdvancedConfig:0.23333333333333334
UriParser:0.21083333333333334
NettyRequestSender:0.2075
ProxyServer:0.20333333333333334
FileBodyGenerator:0.20166666666666666
DefaultAsyncHttpClient:0.1975
IdleChannel:0.19333333333333333
Protocol:0.19
StringPart:0.18666666666666668
FilePart:0.17833333333333334
BodyFileRegion:0.16333333333333333
CookieDecoder:0.14
BodyChunkedInput:0.13
ExecutionList:0.12
ByteArrayPart:0.11333333333333333
