SearchService:0.5916666666666667
TermVectorsFetchParseElement:0.2733333333333333
FetchSubPhasePluginIT:0.22
