CDKAtomTypeMatcherTest:0.5316666666666666
CDKAtomTypeMatcher:0.4891666666666667
