ZipUtilTest:0.6844444444444445
BuildAgentUtility:0.6837777777777778
