StepListener:0.64
MapStepExecutionDao:0.38
ItemOrientedStepTests:0.25888888888888884
BatchListenerSupport:0.24333333333333335
StagingItemReader:0.24333333333333335
ListenerMulticaster:0.24333333333333335
ItemOrientedStep:0.19777777777777777
TaskletStep:0.18
StagingItemWriter:0.12444444444444443
MockRestartableItemReader:0.12333333333333334
CompositeStepListenerTests:0.12
MapStepExecutionDaoTests:0.10333333333333333
CompositeStepListener:0.07666666666666666
StepListenerSupport:0.06
