ContentEditDelegate:0.49666666666666665
BasicFolderForm:0.38333333333333336
PatientUpdateCtrl:0.30666666666666664
PatientEditCtrl:0.2733333333333333
