SmilesGeneratorTest:0.53
AtomContainerPermutorTest:0.4166666666666667
AtomContainerPermutor:0.3672222222222222
AtomContainerAtomPermutor:0.13666666666666666
