Options:0.7333333333333333
Startup:0.44
App:0.41833333333333333
CustomOption:0.19333333333333333
