TypeUtils:0.6933333333333334
TypeJsonUtils:0.26666666666666666
