ApertureServer:0.8541666666666666
ServerImpl:0.5366666666666666
DRUPALCRAWLERHANDLERCONFIG:0.4666666666666667
DrupalCrawlerHandler:0.3566666666666667
ConfigRESTServlet:0.08
