LogSession:0.68
LogSessionRemote:0.4866666666666667
LocalLogSessionBean:0.30333333333333334
LogConfiguration:0.2775
StartServicesServlet:0.2733333333333333
EjbRemoteHelper:0.1988888888888889
EjbLocalHelper:0.16333333333333333
InterfaceCache:0.15666666666666668
