AbstractStorageTest:0.5233333333333333
JarUtils:0.36
ManifestUtils:0.14666666666666667
MemoryStorage:0.10333333333333333
MemoryStorageTest:0.07333333333333333
ConfigurableByteArrayOutputStream:0.03666666666666667
ManifestUtilsTest:0.03
