GLGraphics2D:0.4888888888888889
G2DGLStringDrawer:0.4522222222222223
FontRenderCache:0.2733333333333333
