SimpleTopNProjectorTest:0.4533333333333333
SimpleTopNProjector:0.36666666666666664
SortingTopNProjectorTest:0.33666666666666667
SortingTopNCollector:0.32666666666666666
