PromiseRejectionEvent:0.63
IIRFilterNode:0.63
HostClassNameTest:0.35333333333333333
HostParentOfHTest:0.3333333333333333
HostParentOfATest:0.30333333333333334
HostParentOfITest:0.30333333333333334
