TermNode:0.6666666666666666
TermTreeBrowser:0.3233333333333333
TermTreeBrowserTest:0.10666666666666667
