Property:0.4533333333333333
Entity:0.44333333333333336
PropertyDate:0.37333333333333335
PropertyFile:0.31666666666666665
PropertyBean:0.26
PropertyPlace:0.22
PropertyXRef:0.20333333333333334
PropertyAge:0.20333333333333334
PropertyName:0.20333333333333334
PropertySex:0.20083333333333334
BeanPanel:0.2
PropertyBlob:0.19333333333333333
PropertyRenderer:0.18666666666666668
PropertyMultilineValue:0.17166666666666666
PropertyChoiceValue:0.16
PropertyTest:0.15666666666666668
BeanFactory:0.14
PropertyEvent:0.13333333333333333
PropertyView:0.13
DateBean:0.12333333333333334
ChoiceBean:0.12
NameBean:0.11
PlaceBean:0.10666666666666667
FileBean:0.10666666666666667
SimpleValueBean:0.1
ChildrenBean:0.08
InteractionListener:0.08
ParentsBean:0.08
SpousesBean:0.08
AgeBean:0.07666666666666666
XRefBean:0.07666666666666666
FamiliesBean:0.07666666666666666
RenderSecret:0.07333333333333333
SexBean:0.07333333333333333
EntityBean:0.07333333333333333
EventBean:0.07
RenderXRef:0.06527777777777777
MLEBean:0.06333333333333334
RenderPlace:0.05138888888888889
RenderFile:0.02
RenderDate:0.017222222222222222
RenderSex:0.014166666666666666
RenderEntity:0.006666666666666667
RenderMLE:0.0016666666666666668
