AbstractTriggerTemplate:0.5233333333333333
MsSqlTriggerTemplate:0.2733333333333333
SybaseTriggerTemplate:0.25333333333333335
