NearCacheInvalidator:0.57
MapServiceContextImpl:0.49333333333333335
MapContainer:0.45666666666666667
EventServiceSegment:0.4
NearCacheInvalidatorImpl:0.33
MapServiceContext:0.23837301587301588
MapService:0.22
NearCacheProvider:0.16
MapOperation:0.14
ClientNearCacheBatchInvalidationTest:0.07333333333333333
CleaningNearCacheInvalidation:0.049166666666666664
NearCacheBatchInvalidationTest:0.03
