AuthenticationContextTransform:0.5833333333333334
DocViewer:0.54
AuthenticationRemoteServiceImpl:0.23666666666666666
