ParameterService:0.43666666666666665
OracleSymmetricDialect:0.30666666666666664
Db2SymmetricDialect:0.20333333333333334
MySqlSymmetricDialect:0.20333333333333334
TestSetupUtil:0.19444444444444445
