Simulation:0.6833333333333333
LifeSupport:0.2633333333333333
Crop:0.23555555555555557
MedicalAssistance:0.23555555555555557
Botanist:0.20333333333333337
