SystemInterface:0.8833333333333333
jq_NativeThread:0.41
RandomAccessFile:0.33
jq_InterrupterThread:0.09333333333333334
