SearchPlanEngine:0.43
ReteSearchEngine:0.39
SearchEngine:0.28
ReteStrategy:0.25333333333333335
SearchEngineFactory:0.23916666666666667
ItemTypeComparator:0.17
GrammarPlanData:0.12333333333333334
NeededPartsComparator:0.043333333333333335
ConnectedPartsComparator:0.03666666666666667
FrequencyComparator:0.03666666666666667
IndegreeComparator:0.03
ItemComparatorComparator:0.023333333333333334
BoundPartsComparator:0.0
