NBEdge:0.56
GraphEltSet:0.52
GraphJdbc:0.5066666666666667
NbrowseJdbcAdapter:0.30333333333333334
