LookupSource:0.6466666666666666
LookupJoinOperator:0.47333333333333333
AbstractTestQueries:0.42333333333333334
TupleAnalyzer:0.2833333333333333
JoinNode:0.25333333333333335
InMemoryJoinHash:0.25333333333333335
EffectivePredicateExtractor:0.215
TestHashJoinOperator:0.19333333333333333
JoinOperatorCacheKey:0.19333333333333333
Visitor:0.18
EmptyLookupSource:0.17333333333333334
IndexLookupSource:0.17333333333333334
Rewriter:0.17
JoinCompiler:0.16
JoinProbeCompiler:0.14333333333333334
LookupJoinOperators:0.11666666666666667
HashJoinOperatorFactoryFactory:0.08666666666666667
LookupJoinOperatorFactory:0.08
UnvisitedJoinPositionIterator:0.016666666666666666
