Address:0.5133333333333333
BIP38PrivateKey:0.30666666666666664
VersionedChecksummedBytes:0.29
DumpedPrivateKey:0.2833333333333333
AddressTest:0.14833333333333334
VersionedChecksummedBytesTest:0.12
VersionedChecksummedBytesToTest:0.09333333333333334
