CorsHandler:0.6077777777777778
RestUtils:0.39
NettyHttpChannelTests:0.2866666666666667
