Action:0.49333333333333335
MAction:0.48
Help:0.32666666666666666
Message:0.2966666666666667
MMenu:0.26666666666666666
MNotification:0.25333333333333335
ScriptYourself:0.22333333333333333
MLinkAction:0.18333333333333332
Reminder:0.16333333333333333
BookmarksMenu:0.16333333333333333
MetaInfoMenu:0.15666666666666668
MMenuItem:0.15333333333333332
TreePanel:0.15333333333333332
ShowTaskAction:0.12333333333333334
BrushTypeAction:0.11333333333333333
TreeSettingsButton:0.11
ColorAction:0.08666666666666667
LinkButton:0.03333333333333333
MetaInfoAction:0.03333333333333333
ScriptEvent:0.006944444444444445
