ParserConfig:0.7993333333333333
EnumSerializer:0.22666666666666666
