WebSocketImpl:0.54
Draft_6455:0.44666666666666666
Draft:0.37
AbstractWebSocket:0.16333333333333333
TextFrame:0.06333333333333334
