Condition:0.49
RuleEvent:0.41333333333333333
TransPredicates:0.38
DefaultRuleTransition:0.34
RuleApplication:0.32666666666666666
DefaultGraphNextState:0.25666666666666665
RecipeTransition:0.24166666666666667
ValueNodeSearchItem:0.23666666666666666
AbstractRuleEvent:0.23
PredicateTests:0.22333333333333333
PlanData:0.22
MatchApplier:0.20333333333333334
