Binder:0.77
BinderModule:0.71
ExportHelper:0.28
TemplateModuleImpl:0.22
WebKeys:0.15833333333333333
BinderModuleImpl:0.15
ManageVersionControlsController:0.12333333333333334
FileUtils:0.11
