SpdyStream:0.5133333333333333
HttpOverSpdyTest:0.35333333333333333
SpdyConnectionTest:0.3433333333333333
Handler:0.3337857142857143
InFrame:0.32666666666666666
SpdyConnection:0.2866666666666667
BaseTestHandler:0.25333333333333335
SpdyDataOutputStream:0.22666666666666666
Http20Draft09:0.22
Spdy3:0.1822222222222222
Reader:0.13
