Element:0.6866666666666666
OutputSettings:0.36
TextNode:0.36
ElementTest:0.2833333333333333
