WebUrlUtil:0.5166666666666667
BinderServiceImpl:0.44
UrlUtil:0.35333333333333333
FolderBrief:0.31666666666666665
