JavaEchoTest:0.4
LocalEchoPeer:0.36333333333333334
LocalEchoClient:0.2962222222222222
