TestCommandLineUtilities:0.55
TestAPIM:0.37166666666666665
TestManagedDatastreams:0.3466666666666667
