ParsedStatement:0.6033333333333334
SQLGrammar:0.6
TransportSQLActionTest:0.30666666666666664
AnalyzerService:0.3055555555555555
QueryVisitorTest:0.24666666666666667
QueryVisitor:0.21
TableVisitorTest:0.20333333333333334
SQLFields:0.19666666666666666
CrateClusterSettingsActionTest:0.19
TableVisitor:0.14333333333333334
