PortletResult:0.5533333333333333
PortletActionConstants:0.5405555555555556
PortletStateInterceptor:0.53
