ProgressListener:0.41333333333333333
StatusListener:0.27166666666666667
