FrameBound:0.5766666666666667
PlanPrinter:0.3566666666666667
RewritingVisitor:0.3433333333333333
