QsarPackageImpl:0.7766666666666666
MoleculeResourceTypeImpl:0.35333333333333333
