JSONReader:0.5833333333333334
JSONReaderTest:0.4266666666666667
JSONScanner:0.3022222222222222
