Doc_Invoice:0.4266666666666667
Doc_Allocation:0.4066666666666667
Doc_Cash:0.12666666666666668
Doc_Movement:0.12666666666666668
Doc_GLJournal:0.12666666666666668
Doc_Payment:0.12666666666666668
Doc_InOut:0.12666666666666668
