Viewer:0.9416666666666667
JnetFilterLis:0.37333333333333335
