CameraPreviewFragment:0.43
OnRequestPermissionsResultChecker:0.38333333333333336
MainActivity:0.3566666666666667
AnnotationChecker:0.16333333333333333
CallOnRequestPermissionsResultDetectorTest:0.13666666666666666
