FunctionRegistry:0.6066666666666667
TestDomainTranslator:0.44333333333333336
SqlScalarFunctionBuilder:0.2425
TestDecimalOperators:0.11
