GemManager:0.5633333333333334
AptanaRDTPlugin:0.4633333333333333
GemsMessages:0.1325
