DeviceLayoutScene:0.4166666666666667
MoveContainerShapeProvider:0.29444444444444445
DeviceLayoutRender:0.2833333333333333
ResizeShapeWidgetProvider:0.2683333333333333
DeviceLayoutService:0.2633333333333333
DeviceLayoutTopComponent:0.24
ShowDeviceLayoutTopComponent:0.20333333333333334
RackWidget:0.19
GroupShapesAction:0.1877777777777778
UngroupShapesAction:0.1877777777777778
ResizeContainerShapeProvider:0.18444444444444444
PasteShapeAction:0.13666666666666666
ShapeNameAcceptProvider:0.11
BringToBackOneStepAction:0.09333333333333334
BringToBackAction:0.08666666666666667
BringToFrontAction:0.08666666666666667
MoveShapeWidgetProvider:0.08333333333333333
BringToFrontOneStepAction:0.08
ShapeWidgetMenu:0.07666666666666666
ShowDeviceLayoutScene:0.06833333333333333
BringToBackContainerAction:0.043333333333333335
BringToFrontContainerAction:0.043333333333333335
DeviceLayoutAcceptProviderToShapes:0.03333333333333333
DeviceLayoutAcceptProviderToDevices:0.03333333333333333
