CustomScriptPlugin:0.43333333333333335
Atomic:0.30333333333333334
SearchFieldsIT:0.285
IpFieldType:0.25194444444444447
SortedSetDVOrdinalsIndexFieldData:0.22666666666666666
AbstractAtomicOrdinalsFieldData:0.18
IndexAtomicFieldData:0.15
PagedBytesAtomicFieldData:0.15
Builder:0.14333333333333334
AbstractIndexOrdinalsFieldData:0.13666666666666666
FieldDataCacheTests:0.11666666666666667
InternalGlobalOrdinalsIndexFieldData:0.08
SortedSetDVBytesAtomicFieldData:0.07777777777777778
IpTermsIT:0.03
