Builder:0.5433333333333333
AsyncHttpClientConfig:0.5066666666666667
AsyncHandlerExtensions:0.4066666666666667
NettyConnectListener:0.285
AsyncHttpClientConfigBean:0.26
NettyRequestSender:0.25666666666666665
EventCollectingHandler:0.17333333333333334
NettyBasicHttpsTest:0.13333333333333333
BasicHttpsTest:0.12
MaxConnectionsInThreads:0.10333333333333333
DefaultSSLEngineFactory:0.09666666666666666
