Node:0.6233333333333333
EntityViewSettings:0.4
TagPathTree:0.36666666666666664
NodeRenderer:0.16444444444444445
BlueprintEditor:0.15
Blueprint:0.02
