Shape:0.6066666666666667
Util:0.3
Parameters:0.26666666666666666
GraphNeighEquiv:0.22333333333333333
HostToShapeMap:0.2091666666666667
RuleToShapeMap:0.20166666666666666
PreMatch:0.15444444444444444
