ClassUtils:0.5733333333333334
ConfigurationProcessorTests:0.3933333333333333
AnnotationApplicationContext:0.37
ProcessUtils:0.2633333333333333
ExternalBeanProvidingConfiguration:0.1943968253968254
AnnotationApplicationContextTests:0.15666666666666668
AbstractSingletonCountingAdvice:0.0011111111111111111
SingletonCountingAdvice:0.0
