ClientWiredStatelessChronicleMap:0.6233333333333333
ClientWiredStatelessTcpConnectionHub:0.52
MapWireHandler:0.37583333333333335
ClientWiredChronicleMapStatelessBuilder:0.30333333333333334
