JUnit5TestEngineTests:0.5226666666666667
MethodArgumentResolverEngine:0.3566666666666667
MethodTestExecutionNode:0.2866666666666667
MethodParameterInjectionTestCase:0.26
MethodArgumentResolver:0.12333333333333334
