BuildingConnectorManager:0.4633333333333333
BuildingManager:0.41333333333333333
LocalAreaUtil:0.4066666666666667
ConstructionSite:0.37666666666666665
BuildingConstructionMission:0.35
WalkOutside:0.25333333333333335
Resupply:0.22
WalkingStepsTest:0.20166666666666666
WalkInteriorTest:0.14333333333333334
WalkOutsideTest:0.14333333333333334
BuildingConnectorManagerTest:0.12333333333333334
MockSettlement:0.11333333333333333
TestLocalAreaUtil:0.09
