TaskReturnListener:0.5415714285714286
JPPFJobManager:0.33666666666666667
JPPFManagementInfo:0.31666666666666665
ServerTask:0.30333333333333334
ServerTaskBundleNode:0.27666666666666667
JPPFDriver:0.25666666666666665
ServerDebugMBean:0.24666666666666667
DriverJobManagement:0.21666666666666667
AbstractNodeContext:0.2
JobEventTask:0.19
TaskExecutionEvent:0.18
ServerDebug:0.16333333333333333
TaskInformation:0.13
NodeDispatchTimeoutAction:0.11333333333333333
WaitingResultsState:0.11333333333333333
TaskReturnEvent:0.07166666666666667
ServerTaskInformation:0.05
TaskReturnManager:0.006666666666666667
