Document:0.7166666666666667
Format:0.36
ReportFlashList:0.19
ReportSummaryOfRecords:0.18
HTMLFormat:0.14
CSVFormat:0.12333333333333334
