Definition:0.6466666666666666
ObjectKeys:0.461111111111111
BinderModuleImpl:0.33666666666666667
RelevanceDashboardHelper:0.3258333333333333
WorkspaceTreeHelper:0.26
SearchUtils:0.24
WebKeys:0.155
Counter:0.03333333333333333
