StringWebResponse:0.5266666666666666
TextUtil:0.43666666666666665
MockWebConnection:0.42333333333333334
