SerializeConfig:0.49333333333333335
DefaultObjectDeserializer:0.46
ObjectFieldSerializer:0.31666666666666665
