CertTools:0.5366666666666666
KeyStoreContainer:0.41333333333333333
KeyStoreContainerJCE:0.3411111111111111
PKCS11CAToken:0.3044444444444444
KeyStoreContainerTest:0.2907222222222222
KeyStoreContainerP11:0.2436666666666667
CATokenContainerImpl:0.18333333333333332
HSMKeyTool:0.08666666666666667
HwCaInitCommand:0.08666666666666667
