Net:0.46583333333333343
IOSApplication:0.4066666666666667
AndroidApplication:0.37666666666666665
GwtNet:0.20333333333333334
LwjglNet:0.15
IOSNet:0.11
AndroidNet:0.11
