PropertiesPanel:0.122946024
ImportExport:0.12113431
NewFolderDialog:0.05088807
