Context:0.6033333333333334
XmlMetaEntity:0.38
XmlParser:0.32666666666666666
JPAMetaModelEntityProcessor:0.19666666666666666
CompilationTest:0.16
