SequencerAgent:0.6072222222222222
RecordingCatchUp:0.5333333333333333
