AnalysisRegistry:0.39
PreConfiguredTokenFilter:0.39
AnalysisModule:0.31333333333333335
CommonAnalysisPlugin:0.2773333333333333
PrebuiltAnalysis:0.24333333333333335
AnalysisRegistryTests:0.22666666666666666
IndexModuleTests:0.18333333333333332
AnalysisModuleTests:0.14666666666666667
AnalysisFactoryTestCase:0.14
MultiTermAwareTokenizerFactory:0.09333333333333334
AnalysisPlugin:0.08333333333333333
CommonAnalysisFactoryTests:0.08
AppendTokenFilter:0.03333333333333333
