RouterContext:0.5416666666666666
Constants:0.47350000000000014
RouterService:0.43
