Report:0.5466666666666666
ReportDemography:0.29
DSWrapper:0.26666666666666666
CategorySheet:0.11
