ProxyObject:0.7766666666666666
Convert:0.36666666666666664
