GenericExtruder:0.5433333333333333
NullCartesianMachine:0.45666666666666667
CartesianGCode:0.39666666666666667
CartesianSNAP:0.2866666666666667
CartesianBot:0.24
SNAPExtruder:0.043333333333333335
