Timeslots:0.5066666666666667
Updater:0.35
LayoutManager:0.33666666666666667
DaysTree:0.31
TasksByDaysSelectionAction:0.24666666666666667
DialogPanel:0.23666666666666666
TodayTableModel:0.15166666666666667
TodayImpl:0.14
