PluginManager:0.47333333333333333
ConnectorManager:0.36333333333333334
Main:0.2006666666666667
ServerMainModule:0.17666666666666667
PrestoTestingServer:0.17
TestingPrestoServer:0.17
