OrderItemProvider:0.44666666666666666
CollectionItemProvider:0.42
SimpleTradeTasklet:0.3221428571428571
FixedLengthImportJobFunctionalTests:0.2866666666666667
OrderItemProviderTests:0.22
SimpleTradeTaskletTests:0.14666666666666667
CollectionItemProviderTests:0.14666666666666667
PassThroughFieldSetMapper:0.023333333333333334
