DefinitionModuleImpl:0.5716666666666667
ElementBuilderMashupCanvas:0.25333333333333335
ElementBuilderUtil:0.22666666666666666
