BoundsService:0.5555555555555556
Utils:0.5366666666666666
MethodInfo:0.36
RestAdapterTest:0.27
