Storage:0.7033333333333334
StoredDocument:0.4666666666666667
StorageImpl:0.4066666666666667
RIDStorageImpl:0.25333333333333335
DcmStorageImpl:0.11
StoredDocumentAsFile:0.05
AbstractStoredDocument:0.043333333333333335
StoredDocumentAsDcm:0.01
