UserAdminModel:0.67
UserEditCtrl:0.21333333333333335
UserDeleteCtrl:0.20666666666666667
