MultiMatchQueryBuilder:0.4633333333333333
QueryStringQueryParser:0.38666666666666666
Settings:0.33666666666666667
SimpleQueryStringQueryParser:0.2911111111111111
SimpleQueryStringBuilder:0.2733333333333333
QueryStringQueryBuilder:0.25666666666666665
SimpleQueryStringBuilderTests:0.19
QueryStringQueryBuilderTests:0.16333333333333333
MultiMatchQueryBuilderTests:0.14333333333333334
