AlignFrame:0.8077777777777778
ApolloJalviewEventBridge:0.46777777777777774
