SQLGrammar:0.44
SQLGrammarTokenManager:0.32666666666666666
NodeTypes:0.14622222222222223
NodeFactoryImpl:0.12333333333333334
NodeNames:0.07333333333333333
SQLGrammarConstants:0.0
