Repartition:0.4
ParaBrowserEditor:0.30333333333333334
RepartitionDialog:0.29333333333333333
CreateSubcorpusDialog:0.26666666666666666
CreatePartitionDialog:0.24833333333333332
ComputeRepartition:0.16333333333333333
