AlfObjectFactory:0.46888888888888886
AlfSession:0.46888888888888886
AlfHelper:0.30333333333333334
