Mongo:0.64
ReplicaSetStatus:0.5333333333333333
DBTCPConnector:0.5066666666666667
