AbstractStepDaoTests:0.44
SqlStepDao:0.39666666666666667
DefaultStepExecutorTests:0.2633333333333333
SimpleStepExecutor:0.18666666666666668
SimpleExitCodeExceptionClassifierTests:0.07666666666666666
SimpleExitCodeExceptionClassifier:0.03
