RDFProtonDescriptor_G3RTest:0.3233333333333333
RDFProtonDescriptor_GDRTest:0.3233333333333333
RDFProtonDescriptor_GHRTest:0.3233333333333333
RDFProtonDescriptor_GHR_topolTest:0.3233333333333333
RDFProtonDescriptor_GSRTest:0.3233333333333333
