LinearApproximator:0.44333333333333336
BaseRecognizer:0.43333333333333335
NFA:0.23
TestLinearApproximateLookahead:0.12666666666666668
AnalysisPipeline:0.11
Choice:0.11
LL1PlusBlockSingleAlt:0.09333333333333334
LL1StarBlockSingleAlt:0.09333333333333334
InvokeRule:0.07666666666666666
MatchToken:0.07666666666666666
LL1Loop:0.06
Sync:0.013333333333333334
