Worker:0.5266666666666666
EmbeddedSCLib:0.48555555555555563
MainPanel:0.43944444444444447
