JFXLayer:0.4
JFXFactory:0.3433333333333333
JFXLayerRenderer:0.3333333333333333
JFXUtilsFactory:0.32666666666666666
JFXConfiguration:0.26666666666666666
JFXClippings:0.26666666666666666
JFXPainterUtils:0.25333333333333335
JFXPictures:0.24
JFXFonts:0.22
JFXColors:0.21666666666666667
JFXLineStyles:0.21
JFXLayerPainter:0.19666666666666666
JFXImage:0.18
JFXRendererBridge:0.14333333333333334
JFXFont:0.13666666666666666
JFXServerWrapper:0.13666666666666666
JFXHalos:0.08277777777777778
JFXLineStyle:0.042777777777777776
JFXColor:0.03944444444444445
JFXPropertiesChooser:0.02
