I18N:0.44
PropertyCriteriaPanel:0.39666666666666667
WFSPanel:0.32666666666666666
WFSOptionsPanel2:0.23333333333333334
SpatialCriteriaPanel:0.23
RequestTextArea:0.22833333333333333
PropertySelectionPanel:0.20333333333333334
LoginDialog:0.19
WFSPlugIn:0.15666666666666668
WFSFrame:0.15333333333333332
WFSPanelButtons:0.11666666666666667
