TinyLfu:0.5966666666666667
BoundedPolicy:0.4444444444444445
AdaptiveWindowTinyLfuPolicy:0.36333333333333334
