DefinitiveDOReader:0.5333333333333333
WSDLEventHandler:0.31
METSEventHandler:0.29333333333333333
DefinitiveBMechReader:0.24
