SegmentBuilder:0.118167736
EditorController:0.06100037
DocumentFilter3:0.057176124
EditorTextArea3:0.048689116
TranslationUndoManager:0.0250146
MarkerController:0.018101882
ViewLabel:0.007232406
