SpectrumChartFactory:0.4816666666666667
ContinuousSpectrumView:0.3438888888888889
SpectrumItemPropertySource:0.3016666666666667
