BitmapFont:0.31
SkeletonModel:0.26666666666666666
Decal:0.2633333333333333
SubMesh:0.25333333333333335
StillSubMesh:0.25
KeyframedSubMesh:0.20333333333333334
OgreXmlLoader:0.19
Faces:0.18
SkeletonSubMesh:0.18
StillModel:0.16333333333333333
SkeletonModelViewer:0.14
G3dLoader:0.10333333333333333
ShapeRenderer:0.09
Face:0.07
Geometry:0.05333333333333334
Sharedgeometry:0.03
