SemaphoreProxy:0.5066666666666667
AtomicNumberProxy:0.42333333333333334
QueueProxySupport:0.36333333333333334
