ExpressionAnalyzer:0.7133333333333334
InsertFromValuesAnalyzer:0.38333333333333336
