MapContainer:0.5666666666666667
EvictionChecker:0.38333333333333336
EvictionMaxSizePolicyTest:0.3433333333333333
