StepRunner:0.7483333333333333
StepRunnerTest:0.3333333333333333
