CatalogRequest:0.54
CswServer:0.26666666666666666
Harvester:0.25027777777777777
GetCapabilitiesRequest:0.22666666666666666
CswOperation:0.22216666666666668
DescribeRecordRequest:0.19666666666666666
GetRecordByIdRequest:0.195
GetRecordsRequest:0.17333333333333334
Aligner:0.16666666666666666
