TedXMLParser:0.6833333333333333
TedMainDialog:0.5522222222222222
ShowInfoThread:0.156
