Constants:0.4816666666666667
ScriptExecutionLogViewPart:0.4033333333333333
JTBSessionsViewPart:0.18
ScriptClearLogHandler:0.15333333333333332
