Translator2Java:0.36666666666666664
FilesTree:0.3466666666666667
ClassySharkPanel:0.3333333333333333
Export2FileWriter:0.2611111111111111
TranslatorFactory:0.22666666666666666
DexInfoTranslator:0.19305555555555554
MetaObjectFactory:0.185
Multidex:0.16333333333333333
ShellMode:0.15166666666666667
Analyzer:0.11333333333333333
StressTestClass:0.08333333333333333
StressTestDex:0.08333333333333333
