ConsolePlugin:0.7
Console:0.5986666666666667
set:0.22333333333333333
aliases:0.17333333333333334
alias:0.17333333333333334
CommandoToolBar:0.15666666666666668
ConsoleToolBar:0.13
unalias:0.10333333333333333
env:0.10333333333333333
unset:0.10333333333333333
ConsoleMenuProvider:0.017222222222222222
