DefaultSerializer:0.7533333333333333
FedoraObjectResource:0.41333333333333333
