MultiViewTypesRecyclerViewAdapter:0.8466666666666667
UltimateDifferentViewTypeAdapter:0.5233333333333333
MultiViewTypesActivity:0.18
