ScriptHelper:0.5371111111111112
ScriptContext:0.43666666666666665
ApplyScriptAction:0.24
