Rule:0.66
FormalTypes:0.5
TranslateModuleAgent:0.3333333333333333
RuleFilterManager:0.2633333333333333
RuleFilter:0.24333333333333335
MethodInstanceSym:0.195
LoopInvocationSymReq:0.10666666666666667
ModuleInvocationSymReq:0.10666666666666667
MethodInvocationSymReq:0.10666666666666667
UserInvocationSymReq:0.10666666666666667
FunctionReq:0.07666666666666666
TranslateLoopUcon:0.07666666666666666
MethodInstanceSymReq:0.07666666666666666
TranslateReturnUcon:0.07666666666666666
NewWorkerMsg:0.05333333333333334
SymbolHashTyping:0.043333333333333335
