Util:0.58
RuntimeEnvironment:0.49333333333333335
Fifo:0.3
Summarizer:0.23111111111111116
Consts:0.22333333333333333
IndexerWizard:0.2175
Context:0.21166666666666667
CommandLineOptions:0.20333333333333334
UtilTest:0.18666666666666668
ZipAnalyzer:0.10666666666666667
TarAnalyzer:0.10666666666666667
