Builder:0.7266666666666667
JobId:0.5366666666666666
JobCreateCommand:0.32666666666666666
JobValidator:0.3
JobTest:0.23
