DataDefinition:0.89
MakumbaSystem:0.6066666666666667
RecordInfo:0.4033333333333333
