ConvolutionLayer:0.5604285714285714
OCRExample:0.4266666666666667
InputMapsLayer:0.36916666666666664
PoolingLayer:0.2643095238095238
SimpleLearningExample:0.17666666666666667
LearningListener:0.15
