TypeGraph:0.7766666666666666
ShapeGenerator:0.43333333333333335
