ImagePanel:0.49
WindowingImagePanel:0.42333333333333334
ImageOrientation:0.38333333333333336
QueryRetrive:0.3377777777777778
Canvas:0.30333333333333334
WindowingCanvas:0.09333333333333334
