WrappingDispatcher:0.44
InjectionDispatcher:0.4266666666666667
ClassLoadingStrategyDefaultTest:0.38333333333333336
TypeVariableSourceVisitorNoOpTest:0.16333333333333333
AnnotationDescriptionAnnotationValueLoadedStateTest:0.16333333333333333
