DataConnection:0.6766666666666666
Util:0.5833333333333334
BinaryChannel:0.47
Saros:0.4
IBytestreamConnection:0.37317460317460316
ITransport:0.3680555555555556
DataTransferManager:0.35333333333333333
ITransferModeListener:0.33789682539682536
JingleFileTransferSession:0.3333333333333333
SarosState:0.25666666666666665
PreferenceUtils:0.23666666666666666
Socks5Transport:0.22666666666666666
BinaryPacketProto:0.20666666666666667
EnterProjectNamePage:0.20166666666666666
RosterView:0.19
ContactItem:0.18533333333333335
IBytestreamConnectionListener:0.16333333333333333
TransferModeDispatch:0.16
DataTransferCollector:0.1
ConnectionSessionManager:0.08333333333333333
RosterViewTransferModeListener:0.08
BinaryChannelConnection:0.07666666666666666
AdvancedPreferencePage:0.05333333333333334
LoggingTransferObject:0.05
BinaryChannelTransferObject:0.043333333333333335
BytestreamTransport:0.03666666666666667
IBBTransport:0.03
PreferenceConstants:0.02666666666666667
JingleTransport:0.023333333333333334
PreferenceInitializer:0.01
