TransportAddress:0.6866666666666666
InternalTestCluster:0.38666666666666666
DiscoveryNode:0.34
NetworkUtils:0.34
InternalClusterService:0.23333333333333334
InetSocketTransportAddress:0.23333333333333334
LocalTransportAddress:0.21333333333333335
MockDiskUsagesIT:0.16
DummyTransportAddress:0.13166666666666665
