RrdFileConstants:0.5866666666666667
ResponseTimeModel:0.35
PerformanceModel:0.2866666666666667
RRDAdHocGraphServlet:0.14666666666666667
RRDGraphServlet:0.11666666666666667
