Commandline:0.7266666666666667
CVSTest:0.27666666666666667
AntBuilderTest:0.18666666666666668
