Client:0.47333333333333333
AbstractClient:0.4066666666666667
ClusterAdminClient:0.27166666666666667
IngestClientIT:0.27
ClusterAdmin:0.19
RestGetPipelineAction:0.14
RestPutPipelineAction:0.14
RestDeletePipelineAction:0.14
