ProblemCVC3:0.8066666666666666
SymbolicConstraintsGeneral:0.26666666666666666
