WidgetTester:0.7033333333333334
MenuTester:0.5066666666666667
