Node:0.68
InternalPartitionServiceImpl:0.5188888888888888
BackupTest:0.14333333333333334
