SummaryComputer:0.7011111111111111
IDCardRecognitionTest:0.1827777777777778
