SlowOperationDetectorAbstractTest:0.4266666666666667
DetectorThread:0.42
SlowOperationDetector:0.2683333333333333
SlowOperationDetector_purgeTest:0.19333333333333333
NestedSlowOperationOnPartitionAndGenericOperationThreads:0.1811111111111111
SlowOperationDetectorBasicTest:0.15
