ExprTree:0.7357777777777779
LabelValue:0.5627777777777778
