jDuration:0.8066666666666666
jDateTime:0.22666666666666666
