ExecutionService:0.8166666666666667
ProcessRowBuilder:0.2833333333333333
ExecutionServiceBean:0.26
ExecutionServiceDelegate:0.26
ExecutionLogic:0.18666666666666668
