Reprap:0.7383333333333333
Preferences:0.4583333333333333
