MathTransform1D:0.6566666666666666
MathTransform2D:0.47333333333333333
