Repositories:0.5533333333333333
Server:0.48111111111111116
Geonetwork:0.2833333333333333
