AntBuilder:0.7833333333333333
AntBuilderTest:0.24666666666666667
