Subject:0.5766666666666667
SubjectIdentifier:0.48333333333333334
SubjectBuilder:0.31666666666666665
