GwtViewHelper:0.45666666666666667
GwtReportsHelper:0.2711111111111111
CloudFolderHelper:0.25333333333333335
CreateCFRootResult:0.20666666666666667
