TomcatWarDeployer:0.5866666666666667
WarListenerConfiguration:0.3566666666666667
JettyWarDeployer:0.25
AbstractWarDeployer:0.18666666666666668
