AbstractServiceValidateControllerTests:0.5930555555555556
AbstractServiceValidateController:0.5566666666666666
AuthenticationHandler:0.36333333333333334
