AnnotationSetImpl:0.6233333333333333
TestAnnotation:0.3933333333333333
AnnotationSetIterator:0.3283333333333333
