NewFileAction:0.37666666666666665
InternetSearchAction:0.30666666666666664
NewWidgetAction:0.2633333333333333
PluginAction:0.21
