IProblem:0.6466666666666666
CategorizedProblem:0.22
Warning:0.20166666666666666
Error:0.20166666666666666
DefaultProblem:0.18333333333333332
TaskTag:0.17666666666666667
