ParserConfig:0.5666666666666667
StringCodec:0.5277777777777777
StringDeserializerTest:0.21333333333333335
