IMessageProcessor:0.6766666666666666
DB:0.4533333333333333
PO:0.38666666666666666
Util:0.32666666666666666
MClient:0.3233333333333333
CConnection:0.2966666666666667
Listener:0.28
X_Test:0.25333333333333335
CLogMgt:0.25
RowBase:0.24666666666666667
X_Laboratorio:0.24
MInvoice:0.23333333333333334
X_AD_Process_Machine:0.23
Env:0.2277777777777778
X_AD_Plugin:0.22666666666666666
X_AD_Rule:0.22666666666666666
MMovementConfirm:0.22333333333333333
MOrder:0.22
X_AD_ReplicationFile:0.21333333333333335
GenerateModelView:0.21
MScheduler:0.21
X_AD_Process:0.20666666666666667
Replication:0.20666666666666667
MBPartner:0.2
MStore:0.2
X_A_Association:0.19666666666666666
CLogger:0.18
XendraServerMgr:0.16333333333333333
Policy:0.03666666666666667
