Tabs:0.8566666666666667
MenuTag:0.2733333333333333
AjaxController:0.2633333333333333
ListFolderController:0.14666666666666667
ListProfilesController:0.13333333333333333
SearchController:0.13333333333333333
ViewEntryController:0.13
WorkspaceTreeController:0.13
