CqiClient:0.71
Subcorpus:0.39666666666666667
Corpus:0.38666666666666666
Property:0.2833333333333333
Partition:0.20166666666666666
AbstractCorpus:0.18333333333333332
PartitionTest:0.17333333333333334
SubcorpusTest:0.15666666666666668
CorpusTest:0.15
CorpusManagerTest:0.11
