Column:0.5266666666666666
AstBuilder:0.37666666666666665
PlanPrinter:0.25333333333333335
StatementAnalyzer:0.22555555555555556
QueryExplainer:0.20833333333333334
TestInput:0.13
TestColumn:0.13
InputExtractor:0.12666666666666668
