SystemTestBase:0.44
TaskRunner:0.36333333333333334
TaskConfig:0.27666666666666667
SupervisorFactory:0.25333333333333335
Builder:0.18
AgentService:0.17666666666666667
JobCreateCommand:0.11333333333333333
TaskRunnerFactory:0.08
