LocalClassMetadata:0.8144444444444445
Cache:0.5366666666666666
