PVCS:0.8488888888888888
PVCSTest:0.2633333333333333
