KernelQedeqBo:0.7466666666666667
QedeqBo:0.5633333333333334
DefaultSourceFileExceptionList:0.5233333333333333
DefaultKernelQedeqBo:0.35
StateManager:0.2966666666666667
PluginResultManager:0.225
Qedeq2LatexPlugin:0.2111111111111111
DefaultInternalKernelServices:0.21
Qedeq2Latex:0.21
GenerateLatexTest:0.18333333333333332
QedeqBoFactoryAssert:0.16666666666666666
Xml2Xml:0.15
DefaultKernelQedeqBoTest:0.14666666666666667
ModuleEventListenerLog:0.14333333333333334
CharsetParserTest:0.14
