SeqAlignPanel:0.5133333333333333
BaseEditorPanel:0.4033333333333333
BaseFineEditor:0.34
SelectableDNARenderer:0.28
FeatureWrapper:0.2438888888888889
