QsarPackage:0.8366666666666667
QsarPackageImpl:0.4666666666666667
DescriptorTypeImpl:0.37666666666666665
Literals:0.3333333333333333
DescriptorType:0.2916666666666667
