ElementRange:0.4666666666666667
ElementModel:0.38666666666666666
ExtensionManager:0.36666666666666664
AppLoggerArea:0.24333333333333335
AvailableRangeComponent:0.14
ElementCellRenderer:0.13444444444444442
CheckDefinitionAction:0.07333333333333333
ElementType:0.0
