JobExecutionContext:0.53
KillAllResponse:0.43
JobContextServiceTest:0.20333333333333334
TransportKillAllNodeAction:0.1841666666666667
KillTask:0.1
JobExecutionContextTest:0.07
KillTaskTest:0.06666666666666667
