AuditService:0.8333333333333334
BotTask:0.5066666666666667
ExecutionService:0.4866666666666667
ProcessError:0.45
ProcessExecutionErrors:0.4166666666666667
Delegates:0.35
GraphElement:0.27666666666666667
ProcessDAO:0.27166666666666667
SystemProperties:0.23666666666666666
TaskDefinition:0.23
ExecutionServiceDelegate:0.21
Timer:0.20666666666666667
ExecutionLogic:0.20333333333333334
ExecutionServiceBean:0.2
BotSwimlaneInitializer:0.17333333333333334
AdminScriptRunner:0.17
BotTaskUtils:0.17
ShowGraphHistoryFormTag:0.17
ShowTasksHistoryTag:0.16916666666666666
BpmnXmlReader:0.16333333333333333
JpdlXmlReader:0.16333333333333333
ErrorDetailsAction:0.15333333333333332
ShowSystemLogFormTag:0.13666666666666666
ProcessFilter:0.12666666666666668
BotSwimlaneElement:0.12333333333333334
GraphImageHelper:0.12
SwimlaneDefinition:0.11777777777777779
ShowHistoryTag:0.11666666666666667
ShowGanttDiagramTag:0.11666666666666667
SwimlaneInitializerHelper:0.115
HistoryGraphImageAction:0.11166666666666666
ShowProcessAction:0.09
ShowProcessErrorsTag:0.07333333333333333
AdminScriptConstants:0.07
VariableDownloaderAction:0.06666666666666667
AuditServiceBean:0.05333333333333334
AuditServiceDelegate:0.03333333333333333
SwimlaneInitializerParser:0.016666666666666666
AuditServiceLocal:0.0
AuditServiceRemote:0.0
