MockPageContext:0.6433333333333333
CruiseControlTagSupport:0.34
NavigationTagTest:0.3333333333333333
CurrentBuildStatusTag:0.23333333333333334
XSLTagTest:0.23
