VLookup:0.5033333333333333
TableView:0.41333333333333333
PosPanel:0.36333333333333334
LookupEditor:0.23666666666666666
