DefaultErrorSource:0.4866666666666667
ErrorSource:0.47333333333333333
DefaultError:0.38
ErrorOverview:0.2633333333333333
ErrorHighlight:0.17333333333333334
