WADOSupport:0.35
ExtendedWADOSupport:0.29
WADORequestObjectImpl:0.2544444444444445
WADOServiceDelegate:0.21333333333333335
WADOServlet:0.18666666666666668
BasicRequestObjectImpl:0.17
WADODatasourceResponseObjectImpl:0.16
WADOExtRequestObject:0.09
WADOService:0.07333333333333333
RequestObjectFactory:0.06666666666666667
ExtendedWADOService:0.05
