TestIcalCrawler:0.38666666666666666
ThunderbirdCrawlerTest:0.25666666666666665
AppleAddressbookCrawlerTest:0.25666666666666665
TestConfigurationUtil:0.22
TestOutlookCrawler:0.2
TestOutlookCrawlAll:0.18
TestFileSystemCrawler:0.18
ApertureTestBase:0.16666666666666666
TestRdf2GoRdfContainer:0.16333333333333333
SimpleRDFContainerFactory:0.14
