PageConfig:0.6011111111111112
Hash2TokenStream:0.36444444444444446
Getopt:0.21333333333333335
