HasModel:0.24
AbstractDocumentTest:0.18333333333333332
Car:0.08777777777777777
Part:0.08777777777777777
HasPrice:0.03666666666666667
