CSGHelper:0.9133333333333333
ExtrudeObj:0.33666666666666667
ObjFactory:0.29444444444444445
