OOITBuilder:0.5366666666666666
Type:0.4633333333333333
Execution:0.37333333333333335
CommandLineParser:0.31
SolicitResponseProcess:0.2
OneWayProcess:0.12333333333333334
RequestResponseProcess:0.12
NotificationProcess:0.11
RequestResponseOperation:0.09666666666666666
TypeCheckingException:0.042222222222222223
OneWayOperation:0.016666666666666666
RequestResponseTypeDescription:0.016666666666666666
