SuperUser:0.6233333333333333
KeyRing:0.6066666666666667
