PyBuiltinMethod:0.5066666666666667
PyBuiltinMethodNarrow:0.45
MethodExposer:0.4266666666666667
PyBuiltinFunction:0.16666666666666666
