AlfGetObjectPropertiesByUuid:0.7327777777777779
AlfGetObjectPropertiesAsStringsByUuid:0.5357380952380953
