Setting:0.6333333333333333
ApplySettings:0.2866666666666667
ClusterSettingsExpression:0.17666666666666667
NestedSettingExpression:0.16
SetStatementAnalyzer:0.13333333333333333
SettingExpression:0.07666666666666666
SysClusterSettingsTest:0.06
ApplySettingsTest:0.056666666666666664
