RubyPartitionScanner:0.41333333333333333
TC_RubyPartitionScanner:0.20333333333333334
HereDocPatternRule:0.12
NumberSignDetector:0.05333333333333334
