GwtRpcService:0.68
GwtRpcServiceAsync:0.525
GwtMainPage:0.31666666666666665
GwtRpcServiceImpl:0.31
GwtQuickViewDlg:0.19666666666666666
ProfileMainPanel:0.19333333333333333
IsPersonTrackedCmd:0.16333333333333333
TrackBinderCmd:0.16333333333333333
UntrackPersonCmd:0.16333333333333333
UntrackBinderCmd:0.13333333333333333
