Times:0.81
String2Datetime:0.20346031746031742
String2Calendar:0.20346031746031742
