RrPolygonList:0.6633333333333333
STLSlice:0.34
Producer:0.2966666666666667
LayerProducer:0.2577777777777778
TestMain:0.22
