SonOfWrongTypedField:0.4666666666666667
Interceptors:0.38
FrameworkField:0.3233333333333333
TestClass:0.29
InterceptorTest:0.17666666666666667
