HtmlPage:0.67
HtmlElement:0.4166666666666667
HtmlForm:0.33666666666666667
HTMLDocument:0.22833333333333333
Window:0.205
HTMLFormElement:0.2
StyleSheetTest:0.2
HtmlPageTest:0.18666666666666668
HtmlIsIndexTest:0.12333333333333334
