SnmpCollector:0.5016666666666667
DefaultCollectdInstrumentation:0.4666666666666667
CollectdInstrumentation:0.44333333333333336
