Layer:0.45
VariationalAutoencoder:0.38666666666666666
LayerConstraint:0.3794444444444445
AbstractLayer:0.3466666666666667
NonNegativeConstraint:0.23666666666666666
BaseConstraint:0.20333333333333334
