CmdFactory:0.3466666666666667
IDownloadCmd:0.31666666666666665
DownloadTaskQueue:0.25666666666666665
DownloadManager:0.25
ITaskQueue:0.245
BtClickListener:0.21666666666666667
DownloadAdapter:0.21333333333333335
SingleTaskActivity:0.18333333333333332
AddCmd:0.05
StartCmd:0.043333333333333335
CancelCmd:0.043333333333333335
StopCmd:0.04
Builder:0.03
