JbpmCommonLogic:0.6238888888888888
SubstringDBSource:0.43666666666666665
