TimeslotsTableModel:0.59
Timeslots:0.42333333333333334
SetConfigurationActionListener:0.22
SetColumnListener:0.20333333333333334
