BinderService:0.6833333333333333
TeamingServiceEndpoint:0.4177777777777778
BinderServiceImpl:0.29333333333333333
