QRPatchTableMsg:0.5633333333333334
RouteTableUpdateMsg:0.3566666666666667
QueryRoutingTable:0.2866666666666667
