DicomImageReader:0.53
DicomElementCombineIterator:0.35333333333333333
CombineDicomObjectTest:0.15333333333333332
