Cluster:0.7933333333333333
MongoQueryCursor:0.38333333333333336
Mongo:0.2594444444444444
MongoCollectionStream:0.24333333333333335
MongoQueryCursorTest:0.23333333333333334
DBCursor:0.22666666666666666
MongoClientImpl:0.21
QueryResultSingleResultCallback:0.19666666666666666
DB:0.19166666666666668
Clusters:0.19
DefaultMultiServerCluster:0.18
MongoClients:0.17
MongoAsyncQueryCursorTest:0.14666666666666667
MongoQueryCursorExhaustTest:0.12
DefaultCluster:0.11
DefaultSingleServerClusterTest:0.10333333333333333
DefaultSingleServerCluster:0.08666666666666667
MongoAsyncQueryCursor:0.056666666666666664
