InternalScriptedMetric:0.38
InternalCardinality:0.36666666666666664
InternalGeoCentroid:0.36666666666666664
CardinalityAggregationBuilder:0.34
SearchModule:0.31333333333333335
ScriptedMetricAggregationBuilder:0.2866666666666667
GeoCentroidAggregationBuilder:0.2327777777777778
AggregationSpec:0.14333333333333334
