ClusteredServiceAgent:0.4766666666666667
ClientSession:0.47333333333333333
ClusteredService:0.2553730158730158
SnapshotLoader:0.22
ServiceSnapshotTaker:0.1811111111111111
StubClusteredService:0.1613888888888889
