MethodNode:0.5588888888888889
BlockUtils:0.4816666666666667
RegionMaker:0.3233333333333333
