MLLibUtil:0.5133333333333333
MultiLayerNeuralNetConfigurationTest:0.16
ConvolutionLayerSetupTest:0.15666666666666668
