Producer:0.6066666666666667
LayerProducer:0.4766666666666667
