RunListener:0.6453333333333333
JUnitCore:0.32
RunNotifier:0.22666666666666666
Filter:0.21733333333333335
CategoryFilter:0.17472222222222225
SingleMethodTest:0.17
TestListenerTest:0.1
