StatsPanel:0.46
TodoEditorPlugin:0.45
SummaryPanel:0.44
StatsPlugin:0.2966666666666667
TreeStatsPanel:0.24666666666666667
SystemStatsPanel:0.12666666666666668
TreeStatsAction:0.07666666666666666
TabStatsAction:0.03
