ConsoleController:0.61
DefaultOsgiConsole:0.3566666666666667
SelectionCommand:0.23333333333333334
