PersonDAO:0.809484126984127
DBIFactory:0.43
JDBITest:0.3233333333333333
