TagPathTree:0.7233333333333334
PropertyView:0.5766666666666667
ActionInsert:0.16
