LocalReplicatedMapStatsImpl:0.43666666666666665
LocalMapStatsImpl:0.4266666666666667
CacheStatisticsImpl:0.41
ConcurrencyUtil:0.22
LocalTopicStatsImpl:0.21333333333333335
