DBN:0.455
WorkerActor:0.43666666666666665
MasterActor:0.37333333333333335
