AbstractDependencyManagerTests:0.59
ClassSpaceTest:0.5566666666666666
RawIoTest:0.3466666666666667
