AuditableExecutionResult:0.7133333333333334
DefaultCentralAuthenticationService:0.46
CentralAuthenticationServiceImplWithMockitoTests:0.31666666666666665
InitialAuthenticationAttemptWebflowEventResolver:0.15333333333333332
AbstractCentralAuthenticationService:0.14416666666666667
RegisteredServiceAccessStrategyAuditableEnforcer:0.12666666666666668
CasCoreConfiguration:0.12666666666666668
BaseAuditableExecution:0.013333333333333334
