AbstractDatabasePlatform:0.5433333333333333
ISqlTemplate:0.43333333333333335
JdbcSqlTemplate:0.31
