XMLConfigBuilderTest:0.72
WanTargetClusterConfig:0.3933333333333333
TestFullApplicationContext:0.32666666666666666
WanAcknowledgeTypeTest:0.02
