MapTransactionTest:0.6216666666666667
TxnDeleteOperation:0.47
MapLoadAllTask:0.19333333333333333
