Stream:0.6933333333333334
PropertyTest:0.39666666666666667
StreamTest:0.2
ProjectEulerTest:0.16
