ParsedStatement:0.4066666666666667
QueryVisitorTest:0.4066666666666667
QueryPlanner:0.40499999999999997
