WADOCache:0.8666666666666667
WADOCacheImpl:0.5933333333333334
CacheJournal:0.45666666666666667
AbstractCacheService:0.31
