DiversifiedAggregatorBuilder:0.6866666666666666
SamplerAggregatorBuilder:0.4266666666666667
DiversifiedSamplerParser:0.20233333333333334
