Entries:0.38666666666666666
BaseManager:0.26666666666666666
TransactionImpl:0.19333333333333333
TransactionTest:0.19
MIterate:0.13
MIterateLocal:0.12666666666666668
Thing:0.04416666666666667
