Classifier1D:0.42333333333333334
RangeColorThemingState:0.38666666666666666
MeanSTDevColorThemingState:0.15333333333333332
QuantileColorThemingState:0.15333333333333332
JenksBreaksColorThemingState:0.15333333333333332
MaximalBreaksColorThemingState:0.15333333333333332
