Connection:0.6433333333333333
Protocol:0.5658333333333333
ProtocolTest:0.2633333333333333
