FWImagePanel:0.9011111111111112
MacOsxHandler:0.22333333333333333
