JdbcStepDaoTests:0.7327777777777779
JdbcJobDaoTests:0.5357380952380953
