GL10:0.84
JoglGL10:0.41
MD5Quaternion:0.2966666666666667
Mesh:0.2633333333333333
AppletGL10:0.22
AndroidGL10:0.21666666666666667
MD5Mesh:0.14333333333333334
MD5Model:0.09333333333333334
