ConnectionManager:0.6727777777777778
MasterSlaveConnectionManager:0.4633333333333333
Redisson:0.44666666666666666
RedissonClient:0.2833333333333333
