Store:0.8666666666666667
StoreImpl:0.3333333333333333
GlxGlobalRegistry:0.30666666666666664
