AbstractMultimapTest:0.5266666666666666
HashMultimapTest:0.23916666666666667
LinkedHashMultimapTest:0.23916666666666667
TreeMultimapTest:0.23916666666666667
