JbpmDefinitionLogic:0.4866666666666667
HibernateCompilerParameters:0.45666666666666667
HibernateCompilerHQLBuider:0.4033333333333333
HibernateCompilerQueryBuilder:0.20333333333333334
BatchPresentationHibernateCompiler:0.18
