ElementMatchers:0.5883333333333334
ElementMatchersTest:0.43666666666666665
