GUID:0.49
User32:0.32666666666666666
W32Errors:0.32
PVOID:0.3
HDEVNOTIFY:0.3
HBRUSH:0.3
WindowProc:0.27051984126984113
DWORD:0.26
WNDCLASSEX:0.07333333333333333
POINT:0.006666666666666667
WinUser:0.0
LPVOID:0.0
ATOM:0.0
SCODE:0.0
USHORT:0.0
UINT:0.0
