HostParentOfTest:0.48333333333333334
NodeList:0.2866666666666667
HTMLFormElement:0.2658333333333333
BrowserParameterizedRunner:0.22333333333333333
DOMStringMap:0.19611111111111112
HTMLOptionsCollection:0.16
