ModuleTestBase:0.5666666666666667
Module:0.33944444444444444
CustomerTest:0.3233333333333333
ModuleManager:0.31333333333333335
AJAXTest:0.19333333333333333
FormulaTest:0.19
SeveralModulesTest:0.19
EnumStringType:0.09666666666666666
