BindingBuilder:0.7233333333333334
InterceptingInjectorBuilder:0.31666666666666665
BindCommand:0.2783333333333333
CommandRewriter:0.23333333333333334
