Keys:0.48
Linker:0.43333333333333335
KeysTest:0.2866666666666667
ProvidesProcessor:0.22333333333333333
