Interpreter:0.32
SourceFileException:0.30666666666666664
DefaultInternalKernelServices:0.30333333333333334
DefaultModuleAddress:0.28
Model:0.23833333333333334
ControlVisitor:0.23
CalculateTruth:0.18333333333333332
QedeqHeuristicChecker:0.14
HeuristicErrorCodes:0.06
HeuristicCheckerPlugin:0.0575
HeuristicException:0.030873737373737373
RuntimeVisitorException:0.017388888888888888
