ResponseInstruction:0.9166666666666666
FlowExecutorImpl:0.35333333333333333
