StackTraceLine:0.6866666666666666
StandardFileExistanceChecker:0.28777777777777774
RubyConsoleTracker:0.21
TC_StackTraceLine:0.17333333333333334
