CATokenContainer:0.7290277777777778
CAAdminSessionBean:0.4633333333333333
CATokenContainerImpl:0.38333333333333336
CaExportCACommand:0.21666666666666667
CAExportServlet:0.15
