AnnotationStrategyI:0.5416666666666666
TairAnnotationStrategy:0.41
AssignTasks:0.32
SimpleAnnotationStrategy:0.25083333333333335
