StylePropertiesList:0.36333333333333334
SynthProperty:0.36042857142857143
RendererFactory:0.3333333333333333
SACParser:0.32
Synth2Parser:0.31333333333333335
LabelRenderer:0.2833333333333333
WindowsWindowManager:0.26
GLGraphics2D:0.26
RawState:0.2524444444444444
FontElement:0.25083333333333335
PropertyGenerator:0.25
MutuExclRenderer:0.24666666666666667
DefaultConnectorRenderer:0.24666666666666667
SynthLookGenerator:0.2327777777777778
CSSImportRuleImpl:0.23111111111111116
DefaultSynthStyle:0.22444444444444442
AbstractProtocol:0.22
AbstractCockpitWindowManager:0.21333333333333335
Network:0.2091111111111111
SynthModelConstants:0.15833333333333333
ToSynthGenerator:0.15666666666666668
ServerAppletTest:0.15333333333333332
SynthLookGeneratorTest:0.15
SynthModelVisitor:0.14333333333333334
ServerTestApplet:0.0936789321789322
ARINCGraphics2D:0.0867222222222222
WidgetPropertiesList:0.07666666666666666
AppletTestStub:0.07333333333333333
AbstractPanel:0.06333333333333334
ServerApplet2Test:0.02666666666666667
