GwtServerHelper:0.5066666666666667
GwtServerProfiler:0.4866666666666667
GwtViewHelper:0.3566666666666667
GwtActivityStreamHelper:0.22
EventStatistics:0.16
