View:0.6833333333333333
CarrierWithSectionsTest:0.26
ConfigureImportAction:0.19666666666666666
EditorTag:0.19
Product5Test:0.18
ImportAction:0.16
