Netty4Transport:0.4572222222222222
Netty4HttpServerTransport:0.41083333333333333
Netty4HttpClient:0.3230555555555556
