ResourceLoader:0.5266666666666666
ApplicationResolverTest:0.35
RobolectricConfig:0.2733333333333333
RobolectricTestRunner:0.2683333333333333
ViewGroupTest:0.12333333333333334
ResourceLoaderTest:0.09333333333333334
