DefaultFileSystemStore:0.5183333333333333
SystemProperties:0.47
Version:0.32166666666666666
