FieldInfo:0.5266666666666666
charEditor:0.31666666666666665
RecordEditor:0.28
FormResponder:0.27666666666666667
intEditor:0.17666666666666667
