Dispatcher:0.7272222222222222
FakeChannelHandlers:0.49666666666666665
