MapProxyImpl:0.6482222222222223
MapProxySupport:0.5378333333333333
