Http2ServerResponseImpl:0.5222222222222221
HttpServerResponse:0.5133333333333333
HttpServerResponseImpl:0.43333333333333335
