SJavaEnvironmentTest:0.4533333333333333
CNNRegressionModelTest:0.3516666666666667
LinearRegressionModelTest:0.3516666666666667
