Viewer:0.47
Overlap:0.4533333333333333
Pill:0.31333333333333335
MouseManager:0.25333333333333335
FrameRenderer:0.18666666666666668
BallsRenderer:0.16333333333333333
ShapeRenderer:0.14833333333333334
