Wallet:0.59
ListenerRegistration:0.44666666666666666
PeerGroup:0.43333333333333335
