Tracker:0.35
LogFailTester:0.21
JUTestElvinURI:0.2
Net:0.19277777777777777
RequestTrackingFilter:0.18
JUTestRequestTrackingFilter:0.14333333333333334
TestingIoHandler:0.03666666666666667
Request:0.025
LivenessFailureMessage:0.01
