Flow:0.5533333333333333
Transition:0.42333333333333334
StateTests:0.2833333333333333
TransitionableState:0.25333333333333335
BaseFlowBuilder:0.22
SimpleFlow:0.11333333333333333
FlowExecutionTests:0.07
