CockroachDBSchema:0.39
CockroachDBConnection:0.3566666666666667
CockroachDBDatabase:0.35
CockroachDBTable:0.31666666666666665
