Client:0.49870634920634926
ArticleProcessor:0.35
CommentSender:0.33
Comment:0.25571428571428567
