PlatformManager:0.5453333333333333
Starter:0.4533333333333333
DefaultVertx:0.2966666666666667
DefaultPlatformManager:0.27666666666666667
JULLogDelegate:0.19666666666666666
