Connection:0.59
Subscription:0.3933333333333333
ClientConductor:0.2644444444444444
ReceiverTest:0.22166666666666668
Context:0.21333333333333335
Aeron:0.15976190476190477
ClientConductorTest:0.145
TermReaderTest:0.10833333333333334
SubscriptionTest:0.10833333333333334
ConnectionTest:0.10833333333333334
TermReader:0.09
