CliAuthenticationToken:0.37666666666666665
EjbRemoteHelper:0.2833333333333333
CliAuthenticationTest:0.2633333333333333
AccessControlSessionBean:0.23
RoleManagementSessionBean:0.21333333333333335
EjbBridgeSessionLocal:0.20694444444444446
EjbLocalHelper:0.20666666666666667
EjbBridgeSessionBean:0.17666666666666667
BaseCommand:0.11666666666666667
CliAuthenticationProviderSessionBean:0.09333333333333334
CliAuthenticationTokenTest:0.04
