XMLSettingsHandler:0.74
CrawlSettingsSAXHandler:0.26666666666666666
SimpleElementHandler:0.25666666666666665
