Factory:0.5361666666666668
ShardProjectorChain:0.3933333333333333
ShardCollectSource:0.36666666666666664
ShardProjectorChainTest:0.3433333333333333
ShardCollectService:0.27
