ObjectKeys:0.5496507936507937
GwtServerHelper:0.42
BinderHelper:0.4
GwtViewHelper:0.38666666666666666
