DocumentParserTests:0.5633333333333334
Defaults:0.47904761904761906
DocumentParser:0.4533333333333333
SimpleNestedIT:0.3466666666666667
