drawable:0.6543333333333333
Robolectric:0.59
ShadowImageView:0.30333333333333334
ResourceLoader:0.27666666666666667
DrawableResourceLoaderTest:0.21
DrawableResourceLoader:0.14
ImageViewTest:0.13
