FsRepository:0.22333333333333333
CollectionMap:0.19
AwsEc2ServiceImpl:0.19
ArrayMap:0.19
InternalAwsS3Service:0.16666666666666666
GradleMessageBuilder:0.14666666666666667
DateHistogramOffsetIT:0.14666666666666667
ShardStateAction:0.14666666666666667
MustacheTests:0.11
