CollectionAgent:0.62
HttpCollector:0.30333333333333334
SnmpIfCollectorTest:0.3
IfResourceType:0.2866666666666667
OpenNMSTestCase:0.24333333333333335
NSClientCollector:0.23
CollectableService:0.22666666666666666
SnmpCollectorTest:0.20666666666666667
SnmpCollectorTestCase:0.20333333333333334
BasePersisterTest:0.18666666666666668
CollectionSpecification:0.1836111111111111
PersistOperationBuilderTest:0.17
HttpCollectorTest:0.12
MockTransactionTemplate:0.035833333333333335
