PhraseSuggestionContext:0.43666666666666665
SuggestSearchTests:0.38333333333333336
ElasticsearchAssertions:0.3566666666666667
PhraseSuggestionBuilder:0.31
PhraseSuggester:0.24
PhraseSuggestParser:0.20111111111111113
