TaskSchedule:0.45666666666666667
Settlement:0.43333333333333335
Person:0.41
Robot:0.4
MissionMember:0.2834523809523809
Mission:0.27
Sleep:0.25666666666666665
TaskManager:0.255
UnitManager:0.25
MetaTaskUtil:0.22666666666666666
ChainOfCommand:0.21666666666666667
PersonTableModel:0.21
PlayHoloGame:0.20333333333333334
SettlementTable:0.2
Preference:0.2
SimulationConfig:0.19666666666666666
ListenToMusic:0.19333333333333333
RadiationTableModel:0.19305555555555554
MaintenanceTabPanel:0.18166666666666667
UnitWindow:0.17388888888888887
CrewEditorFX:0.17333333333333334
TabPanelCareer:0.16666666666666666
TabPanelTow:0.13666666666666666
TabPanelHealth:0.13333333333333333
PersonTableUpdater:0.12
TabPanelSchedule:0.11
CheckBoxRenderer:0.11
NavigationTabPanel:0.08666666666666667
PlayHoloGameMeta:0.02666666666666667
ListenToMusicMeta:0.02
FXInSwing:0.01
