Table:0.6133333333333333
AbstractTable:0.5266666666666666
UpdatableTableImpl:0.30333333333333334
MetaUpdatableTable:0.2733333333333333
UpdatableTable:0.21661111111111112
