DeleteOperation:0.3933333333333333
SplitOperation:0.3466666666666667
Jupiter:0.30666666666666664
NoOperation:0.28
TimestampOperation:0.26666666666666666
GOTOInclusionTransformation:0.19916666666666666
