SelectStatementAnalyzerTest:0.5216666666666666
RelationAnalysisContext:0.37333333333333335
DeleteAnalyzerTest:0.25
SysShardsTest:0.21666666666666667
FieldProviderTest:0.21666666666666667
RelationAnalyzer:0.21333333333333335
FullQualifedNameFieldProvider:0.20222222222222222
