MetadataPanel:0.45
ControlPanel:0.31666666666666665
FileInspector:0.22666666666666666
FileInspectorFrame:0.10333333333333333
StatementsPanel:0.08666666666666667
MetadataModel:0.03666666666666667
