FlowDefinitionRedirect:0.62
ResponseInstruction:0.26666666666666666
FlowExecutorArgumentExtractor:0.2633333333333333
AbstractFlowExecutionTests:0.21666666666666667
FlowPhaseListener:0.21
FlowExecutorArgumentExtractorTests:0.2
PortletFlowController:0.16333333333333333
RequestPathFlowExecutorArgumentExtractorTests:0.16333333333333333
FlowAction:0.16333333333333333
TextToViewSelector:0.14666666666666667
TextToViewSelectorTests:0.14666666666666667
RequestPathFlowExecutorArgumentExtractor:0.12666666666666668
FlowRedirectTests:0.12333333333333334
FlowController:0.12
FlowRedirectSelectorTests:0.11333333333333333
FlowDefinitionRedirectSelector:0.09333333333333334
