Indi:0.42
Fam:0.4166666666666667
Entity:0.35333333333333333
XRef:0.26
Note:0.19666666666666666
Media:0.13666666666666666
Repository:0.13
Source:0.13
Submitter:0.1
