Location:0.7482777777777778
HtmlIsIndex2Test:0.3258333333333333
