DistinguishedName:0.6666666666666666
DistinguishedNameTest:0.39666666666666667
LdapTemplateLookupITest:0.21666666666666667
DefaultDirObjectFactoryTest:0.20666666666666667
LdapTemplateNoBaseSuffixITest:0.16
DefaultTempEntryRenamingStrategyTest:0.13333333333333333
DistinguishedNameEditorTest:0.13333333333333333
InvalidBackslashITest:0.12
DifferentSubtreeTempEntryRenamingStrategyTest:0.10666666666666667
