LandingPageEditor:0.29
LandingPageConfig:0.27977777777777774
TableDropWidget:0.18
ConfigItem:0.15833333333333333
UtilityElementDropWidget:0.14333333333333334
LinkToUrlDropWidget:0.14333333333333334
CustomJspDropWidget:0.14333333333333334
TableConfig:0.12333333333333334
ConfigData:0.11666666666666667
UtilityElementPaletteItem:0.09666666666666666
CustomJspPaletteItem:0.09666666666666666
LinkUrlPaletteItem:0.09666666666666666
TablePaletteItem:0.09666666666666666
UtilityElementConfig:0.03666666666666667
LinkToUrlConfig:0.023333333333333334
CustomJspConfig:0.023333333333333334
ListConfig:0.0
