SqlScript:0.4825
H2DbSupport:0.41
MigrationTestCase:0.35333333333333333
HsqlMigrationMediumTest:0.18187301587301588
PostgreSQLMigrationMediumTest:0.15833333333333333
OracleMigrationMediumTest:0.09916666666666667
MySQLMigrationMediumTest:0.09916666666666667
H2MigrationMediumTest:0.09333333333333334
