CDKManager:0.7166666666666667
ICDKManager:0.43333333333333335
CDKManagerTest:0.26
