IOBalancer:0.6533333333333333
MigrationStrategy:0.5083333333333333
