RendererModel:0.528888888888889
Renderer:0.4166666666666667
AWTDrawVisitor:0.36
ArrowElement:0.16
ReactionArrowGenerator:0.11
ProductsBoxGenerator:0.02
ReactantsBoxGenerator:0.02
ReactionBoxGenerator:0.02
