Settlement:0.65
RelationshipManager:0.52
JobManager:0.24333333333333335
TravelToSettlement:0.23666666666666666
RelationshipTableModel:0.2
