Enable:0.47
SosaIndexation:0.4
SosaPlugin:0.37
Root:0.24666666666666667
Indexation:0.24
Index:0.17666666666666667
SosaPluginFactory:0.006666666666666667
