GetMoleculesFromDB:0.7669444444444444
IterativeGetMoleculeFromDB:0.5736666666666667
