GeneralUIPane:0.47
LAFThemeListCellRenderer:0.07666666666666666
LAFItemListener:0.04833333333333333
