ManifestIdentifier:0.7733333333333333
GradleManifestFactory:0.2866666666666667
DefaultManifestFactory:0.2633333333333333
BuckManifestFactory:0.07333333333333333
