StepHandlerStep:0.515888888888889
StepHandlerStepTests:0.4266666666666667
JobRepositoryFailedUpdateStub:0.056666666666666664
