BlockCursor:0.3680952380952381
UncompressedPositionBlockCursor:0.3030952380952381
DictionaryEncodedBlockCursor:0.24666666666666667
RunLengthEncodedBlockCursor:0.24
RangePositionBlockCursor:0.19666666666666666
UncompressedSliceBlockCursor:0.19333333333333333
UncompressedBlockCursor:0.19333333333333333
UncompressedLongBlockCursor:0.19
MaskedBlockCursor:0.17333333333333334
