HibernateAwareItemWriter:0.7333333333333333
HibernateFailureJobFunctionalTests:0.37801587301587297
