EditIssueActionUtil:0.5166666666666667
IssueForm:0.5
WorkflowUtilities:0.41
SessionManager:0.38333333333333336
ProjectForm:0.33666666666666667
CustomFieldForm:0.27666666666666667
ViewIssueActivityAction:0.24666666666666667
Constants:0.2211111111111111
EditIssueAction:0.22
AttachmentUtilities:0.19
EditProjectFormActionUtil:0.18333333333333332
SearchIssuesAction:0.16333333333333333
EditReportFormAction:0.16
ListProjectsAction:0.16
MoveIssueFormAction:0.15666666666666668
EditCustomFieldFormAction:0.15333333333333332
WorkflowUtilitiesIT:0.15
EditWorkflowScriptFormAction:0.14
InitializeLanguagesAction:0.14
EditProjectScriptAction:0.14
ExportReportAction:0.14
DownloadReportAction:0.14
ListReportsAction:0.14
EditIssueFormAction:0.12666666666666668
EditProjectFormAction:0.12303968253968255
ExportLanguageAction:0.12
RemoveCustomFieldAction:0.12
UnlockUserAction:0.12
RemoveWorkflowScriptAction:0.12
OrderCustomFieldValueAction:0.12
RemoveIssueAttachmentAction:0.12
EditConfigurationFormAction:0.12
ExportAttachmentsAction:0.12
EditVersionFormAction:0.11166666666666666
EditComponentFormAction:0.11166666666666666
ShowHelpAction:0.11
EditProjectAction:0.1075
EditCustomFieldValueFormAction:0.1
LockUserAction:0.09333333333333334
OrderConfigurationItemAction:0.09333333333333334
AddIssueRelationAction:0.09333333333333334
EditComponentAction:0.09333333333333334
DownloadAttachmentAction:0.09333333333333334
CreateLanguageKeyFormAction:0.09333333333333334
ListProjectsAdminAction:0.09333333333333334
RemoveReportAction:0.09333333333333334
ListConfigurationAction:0.09333333333333334
CreateLanguageKeyAction:0.09333333333333334
ForgotPasswordAction:0.09333333333333334
ListLanguagesAction:0.09333333333333334
EditUserFormAction:0.09333333333333334
ListTasksAction:0.09333333333333334
RemoveCustomFieldValueAction:0.09333333333333334
EditProjectScriptFormAction:0.09
EditPreferencesAction:0.08666666666666667
EditPreferencesFormAction:0.08666666666666667
EditCustomFieldActionUtil:0.08666666666666667
EditUserAction:0.08666666666666667
EditLanguageAction:0.08666666666666667
EditVersionAction:0.08666666666666667
WatchIssueAction:0.08333333333333333
SearchIssuesFormAction:0.08333333333333333
AssignIssueAction:0.08333333333333333
ListUsersAction:0.08333333333333333
SelfRegisterAction:0.08333333333333333
RemoveHistoryEntryAction:0.08333333333333333
PortalHomeAction:0.08
CreateIssueAction:0.07333333333333333
EditReportAction:0.07333333333333333
EditCustomFieldAction:0.07333333333333333
EditWorkflowScriptAction:0.07333333333333333
LoginAction:0.07333333333333333
CreateIssueFormAction:0.06666666666666667
ViewIssueAction:0.04
EditLanguageFormAction:0.02666666666666667
