CommandExecutor:0.738
RubyInterpreter:0.48
TC_ArgumentSplitter:0.13333333333333333
EvaluateRubyProcessOutput:0.10666666666666667
ShamProcess:0.07777777777777778
TC_RunnerLaunching:0.07
StandardCommandExecutor:0.06322222222222224
TC_RubyInterpreter:0.06
TC_RubyRuntime:0.02
TS_Launching:0.018888888888888886
