Wallet:0.6233333333333333
WalletTransaction:0.5344444444444445
WalletProtobufSerializer:0.32
WalletTest:0.31
