DnsNameResolver:0.5866666666666667
DnsNameResolverContext:0.48333333333333334
ListResolverContext:0.28
DnsNameResolverBuilder:0.22666666666666666
SingleResolverContext:0.21333333333333335
DnsNameResolverTest:0.14666666666666667
