OkHttpClientStream:0.49666666666666665
OkHttpClientTransportTest:0.42
OkHttpClientTransport:0.33
ClientFrameHandler:0.22222222222222224
PendingData:0.21
