XDSIDocument:0.6866666666666666
XDSIModel:0.5
TeachingFileDelegate:0.4
XDSIService:0.39
FolderSubmitCtrl:0.3
CodeItem:0.2833333333333333
XDSMetadata:0.25
XDSIExportDelegate:0.23333333333333334
GPWLFeedDelegate:0.21666666666666667
XDSIExportCtrl:0.11388888888888886
XDSIFileDocument:0.07
UUID:0.06
XDSIDatasetDocument:0.042777777777777776
FolderUtil:0.03944444444444445
