JOCLCore:0.44666666666666666
FluxShader:0.443734126984127
IORShader:0.36666666666666664
FluxShaderBuilder:0.31
FluxIORShader:0.12666666666666668
