UserExt:0.7861111111111111
UserMgmtService:0.33666666666666667
ArticleMgmtService:0.3
ArticleProcessor:0.3
CommentMgmtService:0.22666666666666666
CommentProcessor:0.12333333333333334
