Publication:0.5266666666666666
LogAppender:0.3566666666666667
LogAppenderTest:0.25333333333333335
SenderTest:0.24
PublicationTest:0.19666666666666666
EmbeddedPingPong:0.15333333333333332
Ping:0.15
Pong:0.12
PongTest:0.10666666666666667
BasicPublisher:0.07666666666666666
FragmentedMessageTest:0.07666666666666666
