TypeUtils:0.48
JSONLexerBase:0.2833333333333333
JavaBeanDeserializer:0.27666666666666667
MapDeserializer:0.24444444444444446
JSONScanner:0.22
IncomingDataPointTest:0.14
TypeUtilsTest_castToJavaBean_JSONType:0.13333333333333333
Model:0.09333333333333334
JSONTypeTest_orders_arrayMapping_2:0.023333333333333334
