FeatureSet:0.7383333333333333
SeqExport:0.4083333333333333
