OsgiServiceDynamicInterceptor:0.2966666666666667
AbstractBundleXmlApplicationContext:0.265
OsgiServiceStaticInterceptor:0.22444444444444447
RetryTemplate:0.17666666666666667
Listener:0.17
OsgiServiceDynamicInterceptorTest:0.13
OsgiServiceStaticInterceptorTest:0.13
