GeneTable:0.45
TermBeanImpl:0.32666666666666666
AddGene:0.31333333333333335
GeneParsedListener:0.18333333333333332
ObsoleteGene:0.18
UpdateAllele:0.18
UnobsoleteGene:0.12666666666666668
TermBeanFactory:0.06666666666666667
