ObjectNode:0.57
QueryEditorScene:0.49
GraphicalQueryBuilderService:0.33666666666666667
NotificationUtilImpl:0.21666666666666667
