SellerTest:0.53
CarrierTestBase:0.26666666666666666
CarrierTest:0.08533333333333334
