DBTest:0.37666666666666665
DBCursorTest:0.30333333333333334
DBPortTest:0.27
JavaClientTest:0.26
DBCollectionTest:0.21666666666666667
WriteConcernTest:0.21033333333333334
DBTCPConnectorTest:0.19533333333333333
