StatisticsCollector:0.45
DefaultConversionService:0.43333333333333335
ConversionServiceAwareConverter:0.3933333333333333
