EnvelopeBuilder:0.4677777777777778
CircleBuilder:0.4677777777777778
MultiPointBuilder:0.4633333333333333
PointBuilder:0.4066666666666667
AbstractShapeBuilderTestCase:0.38
