HtmlUnitRegExpProxy:0.5733333333333334
FixedSubString:0.2783333333333333
HtmlUnitRegExpProxyInstancePropertiesTest:0.20666666666666667
HtmlUnitRegExpProxyGlobalPropertiesTest:0.20666666666666667
HtmlUnitRegExpProxyGlobalPropertiesStringFunctionsTest:0.09333333333333334
