Output:0.6633333333333333
WriterProjection:0.5333333333333333
CopyToAnalyzedStatement:0.24333333333333335
EmptyStringRoutingIntegrationTest:0.19666666666666666
WriterProjectorTest:0.16
ProjectionBuilder:0.14666666666666667
CopyStatementAnalyzer:0.13666666666666666
CopyIntegrationTest:0.13666666666666666
CopyStatementPlanner:0.10666666666666667
CopyAnalyzerTest:0.1
WriterProjector:0.07
OutputFile:0.04
OutputS3:0.03333333333333333
