TestLinearCounting:0.49666666666666665
TestAdaptiveCounting:0.43
TestHyperLogLog:0.25333333333333335
MurmurHash:0.23333333333333334
