MethodArgumentResolverRegistry:0.7766666666666666
MethodTestExecutionNode:0.5566666666666666
