ResourcesTest:0.37833333333333335
ShadowMessageQueue:0.33666666666666667
ShadowResourcesTest:0.24666666666666667
ActivityController:0.23666666666666666
ShadowLooper:0.22916666666666666
TranscriptActivity:0.20666666666666667
ActivityControllerTest:0.18
RoboMonitoringInstrumentation:0.13333333333333333
MyActivity:0.10904761904761905
ShadowViewRootImpl:0.03333333333333333
ActivityTestRuleTest:0.023333333333333334
