NativeStateMachine:0.47333333333333333
StateMachine:0.39
VisualModel:0.21666666666666667
VisualSimStateMachine:0.14666666666666667
R1:0.08577777777777777
R2:0.08383333333333333
