MultiLayerNetwork:0.5755555555555555
LayerVertex:0.43166666666666664
BaseLayer:0.34
