AbstractReteMatch:0.5983333333333334
SequenceOperatorPathChecker:0.30333333333333334
ClosurePathChecker:0.29333333333333333
InversionPathChecker:0.18
