Vertx:0.5531111111111111
DefaultDatagramSocket:0.45666666666666667
DatagramSocket:0.4066666666666667
DatagramTest:0.3333333333333333
NetClientOptions:0.32666666666666666
NetServerOptions:0.32666666666666666
HttpServerOptions:0.31666666666666665
HttpClientOptions:0.28
DefaultVertx:0.23
