Cfg:0.8133333333333334
DlgNetwork:0.30666666666666664
DlgResultFind:0.30666666666666664
ActionViewAbout:0.20666666666666667
