BaseEPObjectPropertySource:0.9766666666666667
BaseEPObject:0.5933333333333334
