MasterConfig:0.495
MasterService:0.29
MasterParser:0.23333333333333334
VersionStringChoice:0.19666666666666666
MastersResource:0.18
