Compiler:0.41333333333333333
XLParser:0.35333333333333333
CompilerBase:0.32
CClass:0.2997619047619048
RGG:0.23333333333333334
LSYTokenizer:0.23
ArrayInit:0.22666666666666666
DoubleProperty:0.22166666666666668
GraphProperty:0.15833333333333333
GetPropertyInstance:0.14333333333333334
XLTokenizer:0.13
JavaTokenizer:0.03666666666666667
ClsEntry:0.023888888888888887
RateEntry:0.023888888888888887
XLTokenTypes:0.0
CompilerTokenTypes:0.0
BasicODE:0.0
