TemplatesUtils:0.7158333333333333
CopyDirVisitor:0.42333333333333334
RuntimeStep:0.38666666666666666
