ExecuteListener:0.6730555555555556
AbstractRoutine:0.42
ExecuteListeners:0.3466666666666667
DefaultExecuteListener:0.18416666666666667
StopWatchListener:0.13333333333333333
