ResourceUtil:0.5333333333333333
LinkUriUtil:0.5033333333333333
SearchResultList:0.31
SearchResultBuilderUtil:0.30666666666666664
UserResource:0.23666666666666666
GroupBriefBuilder:0.13666666666666666
GroupsResource:0.11333333333333333
GroupMember:0.07
GroupResource:0.06333333333333334
WebApplicationExceptionMapper:0.0
AbstractPrincipalResource:0.0
