ValueType:0.4066666666666667
ValueAttribute:0.3566666666666667
Environment:0.2833333333333333
DeclaringType:0.2833333333333333
Proto:0.26666666666666666
Processor:0.16444444444444445
