BundleListener:0.65
ClassUtils:0.49
ContextLoaderListener:0.43
OsgiBundleResourcePatternResolver:0.26666666666666666
OsgiServiceFactoryBean:0.24666666666666667
MockBundleContext:0.20666666666666667
OsgiPlatformDetector:0.19
AbstractOsgiBundleApplicationContext:0.16666666666666666
TestTaskExecutor:0.13833333333333334
ContextLoaderListenerTest:0.10666666666666667
FelixPlatform:0.09333333333333334
KnopflerfishPlatform:0.06666666666666667
AbstractOsgiPlatform:0.05333333333333334
EquinoxPlatform:0.05
