UserProfile:0.5966666666666667
LDAPAuthenticationHandler:0.38
MockAuthHandler:0.30333333333333334
