ComponentTester:0.5033333333333333
Platform:0.30333333333333334
WindowTester:0.2966666666666667
SendEvent:0.26
FrameTesterTest:0.25333333333333335
JComponentTester:0.25083333333333335
FrameTester:0.20333333333333334
ScriptEditorJMenuBar:0.19666666666666666
EventRecorder:0.17666666666666667
TesterTestSuite:0.17666666666666667
ComponentRecorder:0.16666666666666666
Robot:0.16333333333333333
DialogTester:0.13333333333333333
