FirstOrderDifferentialEquationsAdapter:0.49666666666666665
FirstOrderIntegratorAdapter:0.20333333333333334
SolverBase:0.155
Solver:0.15
MonitorFunction:0.07611111111111112
