ResultSetOutputImpl:0.4146666666666667
AbstractParameterRegistrationImpl:0.4066666666666667
OracleStoredProcedureTest:0.30333333333333334
CurrentReturnState:0.29333333333333333
PostgreSQLStoredProcedureTest:0.26666666666666666
MySQLStoredProcedureTest:0.24
ProcedureCurrentReturnState:0.15333333333333332
IdHolder:0.15333333333333332
