MapReduceCursor:0.5183333333333333
MapReduceOutput:0.49333333333333335
MongoCollectionView:0.45666666666666667
MapReduceWithInlineResultsOperation:0.3146666666666667
