Config:0.8866666666666667
Style:0.5766666666666667
PostgresChadoAdapter:0.2733333333333333
