EMPIAdapter:0.6166666666666667
FindSubjectsHandler:0.4666666666666667
PIXRequestHandler:0.35
BaseEMPIAdapter:0.24666666666666667
