Util:0.6133333333333333
JFlexXref:0.35333333333333333
AccuRevRepository:0.2733333333333333
Ctags:0.22666666666666666
AccuRevHistoryParser:0.17111111111111113
CtagsParserTest:0.09333333333333334
