HttpServerOptions:0.6066666666666667
HttpServerRequest:0.35
HttpServerRequestImpl:0.33666666666666667
