View:0.6
DataSourceConnectionProvider:0.2511111111111111
ModuleTestBase:0.24666666666666667
CustomersTest:0.21666666666666667
CreateNewFromReferenceAction:0.20666666666666667
Maps:0.14666666666666667
ChooseReferenceAction:0.13666666666666666
OnChangeVoidAction:0.03666666666666667
