ESIntegTestCase:0.6283333333333333
StoreRecovery:0.3466666666666667
SharedClusterSnapshotRestoreIT:0.17666666666666667
