FeatureInstaller:0.7066666666666667
MenuNames:0.4032222222222222
JUMPConfiguration:0.29333333333333333
SynchronizationPlugIn:0.23333333333333334
MosaicInternalFramesPlugIn:0.18666666666666668
OpenJumpConfiguration:0.13333333333333333
