DomNode:0.45
HTMLElement:0.44333333333333336
Node:0.32
XmlElement:0.30666666666666664
SgmlPage:0.30333333333333334
Window:0.2966666666666667
Document:0.29333333333333333
Style:0.26266666666666666
EventListenersContainer:0.26
BaseFrame:0.26
EventHandler:0.25166666666666665
ClickableElement:0.23583333333333334
SimpleScriptable:0.23
DocumentNavigator:0.20333333333333334
HtmlUnitDOMBuilder:0.19
DescendantElementsIterator:0.18
RowContainer:0.16333333333333333
