Association:0.5566666666666666
State:0.49
ApplicationEntity:0.3566666666666667
CommandUtils:0.31
Connector:0.30333333333333334
DcmSnd:0.22666666666666666
PDUDecoder:0.20666666666666667
Sta1:0.18666666666666668
Sta6:0.18166666666666667
Sta7:0.175
PDUEncoder:0.17
DcmRcv:0.17
Sta13:0.15
Sta11:0.15
Sta10:0.15
Sta8:0.14666666666666667
Sta5:0.11333333333333333
Sta3:0.1075
Sta4:0.04666666666666667
Sta2:0.03
