LBrace:0.4866666666666667
LField:0.4866666666666667
STrap:0.44
