TestUtils:0.6433333333333333
EhCacheTicketRegistryTests:0.29333333333333333
FileAuthenticationHandlerTests:0.23666666666666666
LdapServiceRegistryDaoTests:0.23
AbstractArgumentExtractor:0.2
DefaultArgumentExtractor:0.18
ClientActionTests:0.16333333333333333
RejectUsersAuthenticationHandlerTests:0.15
