TreeConverter:0.79
DebugASTDump:0.4766666666666667
JavadocGeneratorTest:0.31666666666666665
