TheEntity:0.5016666666666667
UpdateTimestampGeneration:0.32666666666666666
CreationTimestampGeneration:0.32666666666666666
TimestampGenerators:0.21555555555555553
DefaultGeneratedValueTest:0.14
