FileHandle:0.9433333333333334
Button:0.4066666666666667
AndroidFileHandle:0.35
