DefaultSurveillanceService:0.6366666666666667
SurveillanceViewConfigDao:0.5638055555555556
DefaultSurveillanceViewConfigDao:0.27666666666666667
