HiveColumnHandle:0.38222222222222224
HiveClient:0.3566666666666667
HiveRecordSink:0.2627777777777778
AbstractTestHiveClient:0.18
