ValueAttribute:0.5866666666666667
ImportsTypeStringResolver:0.5133333333333333
