IntegrityProtectedDevice:0.6605555555555557
IntegrityProtectedLoggerSessionBean:0.25166666666666665
