PopupWidget:0.5966666666666667
Model:0.44666666666666666
NavigatorView:0.2733333333333333
