ReaderFactoryTest:0.4633333333333333
ReaderFactory:0.4483333333333333
WriterFactory:0.25666666666666665
WriterFactoryTest:0.25666666666666665
