ClientMapProxy:0.5833333333333334
DefaultQueryCache:0.37333333333333335
MapProxyImpl:0.34
ClientQueryCacheCreateDestroyTest:0.21
