Origin:0.5522222222222222
ByteArray:0.54
ImageIcon:0.38333333333333336
