Flow:0.54
Transition:0.49666666666666665
TransitionExecutingStateExceptionHandler:0.2633333333333333
