EntityTest:0.33
AddressTest:0.26
WebAddressTest:0.24333333333333335
PhoneAddressTest:0.19333333333333333
MessengerAddressTest:0.19
CountryTest:0.05
RelationshipTest:0.01
