IborIndex:0.7333333333333333
DepositRateHelper:0.6333333333333333
TermStructuresTest:0.19
