HttpResponseCacheTest:0.5766666666666667
HttpResponseCache:0.46777777777777774
JavaApiConverterTest:0.41
