NetworkManipulatorImpl:0.62
INetworkManipulator:0.3333333333333333
OutgoingPacketHolder:0.13166666666666665
NetworkManipulatorTest:0.11666666666666667
