ResourceData:0.6591666666666667
CreoleRegister:0.57
TestAnnotation:0.25
Resource:0.23333333333333334
TestGate:0.22333333333333333
DocumentImpl:0.21
TestCreole:0.21
CreoleXmlHandler:0.19666666666666666
Gate:0.18666666666666668
ResourceDataImpl:0.18666666666666668
TextualDocumentFormat:0.10666666666666667
CreoleRegisterImpl:0.10666666666666667
CorpusImpl:0.07333333333333333
