JUnit5TestableFactory:0.31
SpecificationResolver:0.30666666666666664
SpecificationResolverTest:0.2966666666666667
Visitor:0.2617777777777778
JUnit5Testable:0.215
JUnit5Class:0.10888888888888891
JUnit5Context:0.06666666666666667
TestCaseWithContexts:0.0011111111111111111
