InterceptAllAdvice:0.5533333333333333
SpringAroundPerInstanceAdvice:0.5
AdvisedBaseConfiguration:0.37666666666666665
SpringAopConfigurationProcessorTests:0.2966666666666667
