Unit:0.5166666666666667
Infantry:0.43666666666666665
UnitGroup:0.41333333333333333
MakeSmoke:0.19111111111111112
