TriggerRouterService:0.7766666666666666
ParameterConstants:0.567
ConfigurationChangedFilter:0.30333333333333334
