Vector:0.62
BitMappedTrie:0.51
Prepend:0.4746666666666667
Append:0.4746666666666667
Create:0.4746666666666667
Filter:0.3466666666666667
Map:0.23333333333333334
VectorPropertyTest:0.16666666666666666
NodeModifier:0.029444444444444447
