BitmapFont:0.5533333333333333
Label:0.4066666666666667
Button:0.39
Image:0.30333333333333334
WidgetGroup:0.23
BitmapFontCache:0.19555555555555554
