Stylesheet:0.6733333333333333
CSSStyleRule:0.48333333333333334
StyleSheetTest:0.31666666666666665
CSSStyleRuleTest:0.19333333333333333
