Content:0.59
SitemapNode:0.44666666666666666
FullTextSearchEntry:0.33
FullTextSearchEventListener:0.27666666666666667
ContentFullTextSearchEntry:0.14
FullTextSearchIntegrator:0.12666666666666668
