SpringLoadedTests:0.4133333333333334
Java8Tests:0.4066666666666667
Java8:0.32166666666666666
