ClassInfo:0.6666666666666666
ElementInfo:0.6266666666666667
FieldInfo:0.36333333333333334
Area:0.3466666666666667
FieldLockInfoFactory:0.3272804232804233
FieldInstruction:0.28
FieldLockInfo:0.21666666666666667
AnotherSharedObject:0.2063968253968254
TestRace:0.17333333333333334
ConfigAttributor:0.16
StaticFieldInstruction:0.11583333333333333
InstanceFieldInstruction:0.10666666666666667
EmptyFieldLockInfo:0.10666666666666667
DefaultAttributor:0.04666666666666667
StatisticFieldLockInfoFactory:0.01611111111111111
