ShareThisDlg:0.39666666666666667
ValidateEmailAddressCmd:0.37333333333333335
GwtServerHelper:0.34
GwtTeamingMessages:0.31333333333333335
GwtRpcServiceImpl:0.24777777777777782
