PoStagger:0.5633333333333334
PosUimaTokenizer:0.365
PosUimaTokenizerFactory:0.25666666666666665
TokenizerAnnotator:0.25333333333333335
EvalTweetOpinonMining:0.17
