StepContribution:0.6166666666666667
ChunkOrientedTasklet:0.4533333333333333
StepExecutionTests:0.41
ChunkOrientedTaskletTests:0.24
