BatchMakeP12:0.43
TestCertificateData:0.4266666666666667
TestPublisherQueue:0.2733333333333333
TestGlobalConfiguration:0.26
TestPublisher:0.24333333333333335
RequestInstance:0.19666666666666666
TestApprovalSession:0.18333333333333332
KRSSResponseGenerator:0.18333333333333332
TestUserData:0.17333333333333334
KeyStoreRetrievalRequestProcessor:0.13666666666666666
