AbstractTicketDelegator:0.5866666666666667
CouchbaseTicketRegistry:0.5166666666666667
MemCacheTicketRegistry:0.39
