WifiParsedResult:0.53
WifiConfigManager:0.5133333333333333
WifiResultHandler:0.23333333333333334
WifiResultParser:0.22666666666666666
