Stream:0.83
Util:0.5166666666666667
StreamSession:0.4533333333333333
StreamServiceManager:0.44666666666666666
StreamPath:0.32666666666666666
Packet:0.29333333333333333
VideoDisplay:0.2796190476190476
VideoSharing:0.25666666666666665
CircularByteBuffer:0.25333333333333335
Encoder:0.24666666666666667
Activity:0.24333333333333335
EncoderManager:0.24333333333333335
Statistics:0.23805555555555552
StreamService:0.23
XugglerEncoder:0.21666666666666667
Screen:0.21666666666666667
StreamSessionOutputStream:0.20333333333333334
VideoSharingService:0.185
SendFileStreamService:0.17
ConnectionFactory:0.17
StreamSessionInputStream:0.16333333333333333
DecodingStatisticManager:0.16333333333333333
VideoSharingSession:0.16
Decoder:0.15333333333333332
SendFileAction:0.15
XugglerDecoder:0.15
VideoPlayerView:0.14
DecodingStatisticPacket:0.125
ConnectionManager:0.11666666666666667
VideoCanvas:0.11
VideoSharingAction:0.11
StreamClose:0.09928174603174604
ScreenPreferencePage:0.09388888888888888
VideoSharingPreferencePage:0.09222222222222222
ActivityManagerReceiver:0.08333333333333333
PreferenceConstants:0.07666666666666666
DevelVideoPlayer:0.056666666666666664
SessionListener:0.04666666666666667
SharedProjectListener:0.04
EncoderPreferencePage:0.03666666666666667
PreferenceInitializer:0.03444444444444444
PacketReceiver:0.03333333333333333
VideoPlayerPreferencePage:0.03
XugglerEncoderPreferencePage:0.03
SessionKiller:0.028333333333333332
Initiation:0.025
PacketSender:0.023333333333333334
SessionViewToolBar:0.02
ActivityManager:0.02
ConnectionListener:0.013333333333333334
InfoText:0.009166666666666667
MouseWheeled:0.006666666666666667
MouseClicked:0.0033333333333333335
KeyPressed:0.0033333333333333335
ImageSource:0.0
