AuthUtil:0.6666666666666666
AuthAction:0.48
AuthTag:0.3
AppAction:0.2866666666666667
