JbpmExecutionLogic:0.2966666666666667
ExecutionServiceDelegateLocalImpl:0.2866666666666667
ExecutionServiceDelegateRemoteImpl:0.2866666666666667
ProcessInstanceInfoFormTag:0.27666666666666667
HandlerData:0.22666666666666666
