SimpleHttpClientFactoryBean:0.49833333333333335
CentralAuthenticationServiceImplTests:0.43333333333333335
JpaServiceRegistryDaoImplTests:0.33111111111111113
