Formula:0.6066666666666667
Input:0.32
FormulaParser:0.26666666666666666
LTLParser:0.17555555555555558
FormulaTest:0.06666666666666667
