PEP:0.515
PDPClient:0.3561111111111111
PIPResourceContentFinder:0.3233333333333333
