ServiceProcess:0.652
ServiceCall:0.612
InternalServiceCall:0.5105555555555557
ServiceCallImpl:0.38
DefaultInternalKernelServices:0.36
ServiceProcessManager:0.2833333333333333
ServiceProcessImpl:0.19666666666666666
