ISignSessionRemote:0.41002777777777777
IResponseMessage:0.3697222222222222
ScepRequestMessage:0.2966666666666667
ScepResponseMessage:0.26666666666666666
RSASignSessionBean:0.23333333333333334
X509ResponseMessage:0.17
ScepServlet:0.1577777777777778
ISignSessionLocal:0.14416666666666667
