MultiInstanceTest:0.5366666666666666
JbpmExecutionLogic:0.5233333333333333
ExecutionServiceDelegateGetSwimlaneExecutorMapTest:0.3333333333333333
