TermsLookup:0.5166666666666667
IndicesTermsFilterCache:0.4033333333333333
TermsFilterParser:0.39666666666666667
TermsLookupFilterBuilder:0.38
