TypeDeclarationGenerator:0.49333333333333335
AutoboxerTest:0.42333333333333334
Autoboxer:0.41333333333333333
