ExistsQueryBuilder:0.5466666666666666
MapperQueryParser:0.44666666666666666
QueryStringQueryBuilderTests:0.28
ExistsFieldQueryExtension:0.11777777777777776
