ClassLoaderSafeConnectorMetadata:0.6372222222222222
ClassLoaderSafeConnectorHandleResolver:0.4666666666666667
ClassLoaderSafeConnectorSplitManager:0.3233333333333333
