DefinitionService:0.775
DefinitionServiceBean:0.37666666666666665
DefinitionLogic:0.3566666666666667
ProcessDefCacheImpl:0.25666666666666665
DefinitionServiceDelegate:0.22666666666666666
StartProcessPermissionCheckCallback:0.18
AjaxProcessDefinitionVersionsList:0.18
DeploymentDAO:0.12666666666666668
ListDefinitionsHistoryFormTag:0.10333333333333333
ProcessDefinitionLoader:0.09333333333333334
ProcessDefinitionCache:0.08444444444444445
ProcessDefCacheCtrl:0.06666666666666667
IProcessDefinitionLoader:0.06444444444444446
DefinitionIdentifiable:0.057777777777777775
