Variable:0.6033333333333334
VariableUserType:0.53
VariableFormatPage:0.2833333333333333
VariableWizard:0.17666666666666667
VariablesXmlContentProvider:0.15333333333333332
MoveToTypeAttributeSelectionListener:0.10333333333333333
