GrpcUtil:0.6833333333333333
Utils:0.35
Headers:0.19
Sink:0.13666666666666666
UtilsTest:0.03333333333333333
