AbstractBurster:0.5766666666666667
Variables:0.43666666666666665
LifeSpanTest:0.27
MergeExternalFilesTest:0.15333333333333332
AddFormatPageNumbersTest:0.15333333333333332
FetchDistributionDetailsFileTest:0.043333333333333335
FetchDistributionDetailsDbTest:0.04
