WebserviceBeanImpl:0.5341111111111111
ProcessDefinitionLoader:0.36333333333333334
LoadDataFromFile:0.27
