EndEntityProfile:0.7133333333333334
DNFieldExtractor:0.70875
RaAddUserCommand:0.12222222222222222
