Default:0.5808333333333333
TypeWriterDefaultTest:0.43333333333333335
RedefinitionClassVisitor:0.4033333333333333
