BuildOutputLogger:0.5933333333333334
ProjectController:0.36333333333333334
BuildOutputLoggerManager:0.23
BuildOutputBufferManagerTest:0.18666666666666668
ScriptRunner:0.14666666666666667
