EventManager:0.5233333333333333
Event:0.43
App:0.20666666666666667
ThreadCompleteListener:0.07611111111111112
EventAsynchronousTest:0.04
