AntBridge:0.5888888888888889
AntFarm:0.37
ProjectBridge:0.33666666666666667
PluginBridge:0.3027420634920635
AntFarmPlugin:0.15333333333333332
SimpleAntBridge:0.14
IntegrationManager:0.09333333333333334
jEditException:0.0
