Command:0.58
RedirectEvent:0.3
ContentNode:0.23
ContentResult:0.22333333333333333
RegistryLocaleNode:0.22
SearchSiteResult:0.21
CMSFormMailer:0.20666666666666667
UserSelfEditController:0.20666666666666667
ViewEditor:0.2
SitemapEditor:0.2
SignUpController:0.2
AttributeRegistryEditor:0.19666666666666666
ContentFolderNode:0.19666666666666666
CMSContentDisplayer:0.16111111111111112
RegistryBundleNode:0.16
StoreContentDisplayer:0.15666666666666668
RegistryEditorResult:0.14666666666666667
ContentRegistryEditorConfig:0.14333333333333334
Authentication:0.14333333333333334
ShopContentDisplayerResult:0.14
StoreContentDisplayerResult:0.14
ShopContentDisplayer:0.13666666666666666
FilterContentDisplayerResult:0.12666666666666668
MenuResult:0.12666666666666668
GetFullSitemap:0.12333333333333334
RedirectToLastViewEvent:0.12
RuleBasedRedirector:0.12
CommandGenerator:0.10666666666666667
CommandGeneratorResult:0.1
MetaData:0.08
CommandGeneratorConfig:0.07333333333333333
