ConstructorComparator:0.6466666666666666
JPPFObjectOutputStream:0.35333333333333333
ClassDescriptor:0.31
ReflectionHelper:0.30666666666666664
SerializationCaches:0.29
JPPFObjectInputStream:0.27666666666666667
ConstructorWithParameters:0.15055555555555558
Serializer:0.13
Deserializer:0.07666666666666666
DeserializationCaches:0.04666666666666667
