FileModule:0.5072222222222222
ResourceUtil:0.36
FileModuleImpl:0.31666666666666665
LinkUriUtil:0.31333333333333335
DefinableEntityBrief:0.29333333333333333
DefinableEntity:0.28
FolderResource:0.24833333333333332
DefinableEntityBriefBuilder:0.18
AbstractBinderResource:0.02
MiscResource:0.0033333333333333335
AbstractResource:0.0
