LOBTest:0.5633333333333334
JtdsStatement:0.3233333333333333
Test_JtdsDataSource_getConnection:0.24
TdsTlsSocketFactory:0.23
EncodingTest:0.15133333333333332
