JAttr:0.6473333333333333
StateDisplay:0.6366666666666667
