ReplicatedRecord:0.38
ReplicationMessage:0.37
AbstractReplicatedRecordStore:0.35333333333333333
ReplicatedMapTest:0.3433333333333333
ReplicatedMapDataSerializerHook:0.22333333333333333
ReplicatedMapInitChunkOperation:0.18444444444444444
WatchedOperationExecutor:0.18222222222222223
ReplicationPublisher:0.17333333333333334
RemoteProvisionTask:0.16555555555555554
