EndToEndViewSimpleScene:0.5566666666666666
EndToEndViewTopComponent:0.46
TopologyViewScene:0.3233333333333333
