Result:0.5961666666666666
jOOQAbstractTest:0.44333333333333336
ResultImpl:0.36
FormatTests:0.27666666666666667
