SsfsUtil:0.76
WebKeys:0.47904761904761906
ListFolderController:0.3433333333333333
ViewEntryController:0.2966666666666667
