Fragment:0.7033333333333334
FragmentList:0.44
DeterministcGeneratorTest:0.27
DeterministicGenerator:0.20333333333333334
