Property:0.45
PropertyChoice:0.34
ChoiceAnnotation:0.24
ChoiceAnnotationTest:0.15
ChoiceProperty:0.14333333333333334
RealNumberAnnotationTest:0.12333333333333334
TextAnnotationTest:0.12333333333333334
