InstallationType:0.6
ConsoleInstaller:0.46
Installation:0.4244444444444444
FrameInstaller:0.3233333333333333
InstallerCommandLineTest:0.14666666666666667
FrameInstallerTest:0.11333333333333333
InstallationTypeTest:0.04666666666666667
