WebRole:0.6333333333333333
GroupManager:0.36666666666666664
ManagedRole:0.2733333333333333
DestinationWizardServlet:0.19666666666666666
CalendarEntry:0.17333333333333334
WebSchedEntry:0.17
Day:0.17
RoleServlet:0.15666666666666668
SaveDetailsAction:0.11666666666666667
AddEntryAction:0.11083333333333334
SaveEntryAction:0.08333333333333333
EditEntryAction:0.02666666666666667
