ConnectionTest:0.527
ServerConnectionTest:0.41333333333333333
SSLConnectionTest:0.2733333333333333
