Context:0.61
Configuration:0.49
MultiDriverTest:0.23666666666666666
EventConfiguration:0.15333333333333332
