SessionFactoryOptions:0.5085555555555555
LogicalConnectionManagedImpl:0.36666666666666664
AbstractDelegatingSessionFactoryOptions:0.32666666666666666
AbstractDelegatingSessionFactoryBuilder:0.29333333333333333
SessionFactoryBuilder:0.2833333333333333
SessionFactoryOptionsStateStandardImpl:0.24666666666666667
JdbcSessionContext:0.24333333333333335
AvailableSettings:0.23666666666666666
AbstractLogicalConnectionImplementor:0.23333333333333334
SessionFactoryOptionsState:0.2277777777777778
JdbcSessionContextImpl:0.21
SessionFactoryOptionsImpl:0.20333333333333334
SessionFactoryBuilderImpl:0.17
AbstractSkipAutoCommitTest:0.14333333333333334
JdbcCoordinatorTest:0.10333333333333333
HikariCPSkipAutoCommitTest:0.09666666666666666
