TreeItem:0.5566666666666666
PropertiesFile:0.4766666666666667
