PreviewPanel:0.35333333333333333
WadoRetriever:0.32
ImagePreviewPanel:0.29333333333333333
ViewerJPanel:0.29333333333333333
ImportDcmDir:0.2733333333333333
ApplicationContext:0.2633333333333333
MainScreen:0.25333333333333335
DatabaseHandler:0.24666666666666667
DcmQR:0.23666666666666666
TreeTableMouseListener:0.21666666666666667
DcmRcv:0.20666666666666667
CreateButtonsDelegate:0.17
DirectLaunch:0.14666666666666667
ImportByFolder:0.023333333333333334
