Mem:0.5166666666666667
Cpu:0.39
ProcessProbe:0.3233333333333333
ProcessInfo:0.27666666666666667
Bootstrap:0.2
RestThreadPoolAction:0.19666666666666666
ProcessStats:0.16733333333333333
RestNodesAction:0.13
MonitorModule:0.08666666666666667
Fields:0.03
ProcessProbeHolder:0.023888888888888887
