DeadlockRunner:0.5666666666666667
ProvisioningThread:0.38
MyTask:0.3333333333333333
MasterNodeMonitoringThread:0.3
