CutAndPasteWidgetEdit:0.47333333333333333
GroupUngroupWidgetEdit:0.33
CutHelper:0.26
AbstractMoveWidgetEdit:0.19
GroupHelper:0.043333333333333335
CutGroupHelper:0.0
