DocumentStore:0.6066666666666667
DocumentFileStorage:0.45
BaseDocumetStorage:0.30666666666666664
