BufferImpl:0.35
JsonArray:0.32666666666666666
JsonObject:0.32666666666666666
JsonObjectTest:0.2633333333333333
Json:0.26
JsonMapperTest:0.24333333333333335
JsonArrayTest:0.08666666666666667
