TreeLayout:0.5733333333333334
Branch:0.55
EuclideanShortestPathLayout:0.33
GraphWrapper:0.29333333333333333
