Context:0.79
SequencerAgent:0.5266666666666666
SequencerAgentTest:0.11833333333333333
