AbstractBinderProcessor:0.49666666666666665
AbstractEntryProcessor:0.41333333333333333
AbstractFolderCoreProcessor:0.3
