QueryCmd:0.49333333333333335
RetrieveCmd:0.28488888888888897
ImageQueryCmd:0.25666666666666665
RetrieveStudyDatesCmd:0.2519444444444444
QueryStudiesCmd:0.2519444444444444
QueryRolesForUserCmd:0.24826767676767678
QueryPasswordForUserCmd:0.24826767676767678
BaseReadCmd:0.24
WadoQueryCmd:0.24
QueryUsersCmd:0.23048989898989902
QueryOldARRCmd:0.23048989898989902
QueryFilesCmd:0.2
HPQueryCmd:0.19666666666666666
GPWLQueryCmd:0.19666666666666666
QueryPrivateStudiesCmd:0.16333333333333333
BaseDSQueryCmd:0.16
MPPSQueryCmd:0.13666666666666666
MWLQueryCmd:0.13666666666666666
GPPPSQueryCmd:0.13666666666666666
HPRetrieveCmd:0.11333333333333333
QueryStudyPermissionCmd:0.11333333333333333
