LocationMonitorDetailsModel:0.6733333333333333
DefaultDistributedPollerService:0.4
CustomViewController:0.35
DistributedStatusDetailsValidator:0.26666666666666666
DistributedPollerService:0.14492063492063492
LocationMonitorDetailsCommand:0.10333333333333333
LocationMonitorDetailsController:0.04
LocationMonitorDetailsValidator:0.03166666666666667
