XmlAttr:0.5066666666666667
XMLDocument:0.35583333333333333
XmlElement:0.30666666666666664
XmlPage:0.22916666666666666
XMLDocumentTest:0.21333333333333335
XMLAttribute:0.17333333333333334
XMLElementTest:0.06333333333333334
