WebSocket:0.61
WebSocketImpl:0.47333333333333333
CloseFrameBuilder:0.26944444444444443
WebSocketServer:0.24666666666666667
WebSocketClient:0.24
SocketChannelIOHelper:0.23222222222222225
WebSocketListener:0.2
WebSocketWorker:0.16777777777777778
