Dialect:0.6116666666666667
AbstractHHH3949TestTask:0.25333333333333335
MetadataBuildingOptionsImpl:0.17333333333333334
PostgreSQL81Dialect:0.17333333333333334
HHH3949TestTask2:0.16666666666666666
HHH3949TestTask1:0.16666666666666666
DefaultIdentifierGeneratorFactory:0.16
HHH3949TestTask4:0.15666666666666668
HHH3949TestTask3:0.15666666666666668
