SecurityTestTask:0.53
ExceptionTestTask:0.38166666666666665
TestTaskRunner:0.16333333333333333
JPPFTestTask:0.013333333333333334
