EditorLayer:0.7508888888888889
SymbolsEditor:0.6233333333333333
