MethodNode:0.8083333333333333
SqlASTFactory:0.29
BasicSimpleCaseTest:0.22333333333333333
