Base2ModelObject:0.49333333333333335
Assay:0.42
TreeView:0.33666666666666667
