MetaEntity:0.712
XmlMetaEntity:0.43333333333333335
AnnotationMetaEntity:0.3333333333333333
