Request:0.4766666666666667
Item:0.44
MultiGetRequest:0.4066666666666667
GetResult:0.2728611111111111
Failure:0.25666666666666665
RestHighLevelClient:0.14416666666666667
RequestTests:0.1375
MultiGetResponse:0.11333333333333333
CrudIT:0.11166666666666666
MultiGetRequestTests:0.03666666666666667
