TriggerRouterService:0.5033333333333333
ProcessInfo:0.35
ConfigurationChangedDataRouter:0.33698412698412694
ProcessInfoKey:0.22
PushService:0.13333333333333333
RouterService:0.13083333333333333
ThreadData:0.03666666666666667
