Kablink:0.6033333333333334
SiteEditor:0.4166666666666667
ExitDialog:0.19666666666666666
