ARINCMapHorzItems:0.40166666666666667
ARINCMapVertItems:0.40166666666666667
ARINCMapVertSource:0.38666666666666666
ARINCMapHorzSource:0.3466666666666667
