NodeContext:0.515
PeerNode:0.48333333333333334
JPPFNode:0.4411111111111111
TaskQueueChecker:0.25666666666666665
WaitInitialBundleState:0.13
