BuildInfoTest:0.7766666666666666
ClearCaseElementTest:0.3433333333333333
