IndiNode:0.37333333333333335
Model:0.32
ContentRenderer:0.29333333333333333
Content:0.27666666666666667
MouseGlue:0.27
TreeView:0.12
