JPPFExecutorService:0.43666666666666665
FutureResultCollector:0.3308333333333333
BaseSetup:0.29
AbstractJPPFClient:0.2833333333333333
JPPFTaskFuture:0.25666666666666665
SimpleTask:0.24826767676767678
SimpleRunnable:0.24826767676767678
JPPFResultCollector:0.24666666666666667
SimpleCallable:0.23826767676767677
JPPFDriver:0.2366111111111111
JPPFNode:0.2316111111111111
TaskQueueChecker:0.19666666666666666
TestJPPFExecutorService:0.19333333333333333
BatchHandler:0.1875
AbstractJPPFFuture:0.16166666666666665
TestJPPFJobSLA:0.14
Setup1D1N1C:0.12666666666666668
Setup1D1N:0.11
