RepositoryData:0.47333333333333333
IndexId:0.4266666666666667
BlobStoreRepository:0.38666666666666666
SnapshotId:0.3433333333333333
Context:0.3233333333333333
SnapshotInfo:0.25333333333333335
SnapshotsService:0.23666666666666666
RestoreOnlyRepository:0.21
BlobStoreRepositoryTests:0.21
IndexShardTests:0.2
Sets:0.115
SnapshotContext:0.1
RepositoryDataTests:0.09666666666666666
RestoreContext:0.03666666666666667
