MDLV3000Reader:0.5766666666666667
MACiEReader:0.395
MDLRXNV3000Reader:0.2833333333333333
