ZooKeeperAgentModel:0.48333333333333334
MillisecondPrecisionSyslogAppender:0.39
MillisecondPrecisionSyslogStartConverter:0.26666666666666666
Listener:0.26048809523809524
JobStatusCommand:0.13666666666666666
JobsListener:0.11333333333333333
JobListCommand:0.1
