Symbol:0.551111111111111
WithinFunctionTest:0.35333333333333333
