Http2Settings:0.54
HttpUtils:0.32666666666666666
Http2SettingsConverter:0.28111111111111114
Http2TestBase:0.24666666666666667
VertxHttp2ConnectionHandlerBuilder:0.20666666666666667
