NumericFormatter:0.5233333333333333
EditBoxNumericRenderer:0.44666666666666666
NumericReadoutRenderer:0.29333333333333333
EditBoxNumericBCDRenderer:0.29333333333333333
