DefaultARINCUtils:0.5166666666666667
AbstractXMLDFHandler:0.25333333333333335
WidgetListener:0.23666666666666666
BasicClientEngine:0.23666666666666666
DefaultClientXMLDFHandler:0.23666666666666666
