TreeView:0.6044444444444445
ActionBookmark:0.2911111111111111
ActionRoot:0.2111111111111111
TreeViewFactory:0.15333333333333332
