JMXServerImpl:0.5933333333333334
JPPFDriver:0.4188888888888889
JPPFBroadcaster:0.27666666666666667
