AtomEditor:0.5833333333333334
EditChemObjectPropsAction:0.27666666666666667
