Container:0.52
Converter:0.43333333333333335
ContainerImpl:0.37333333333333335
ContainerBuilder:0.35
Key:0.35
ReferenceCache:0.3466666666666667
FieldInjector:0.19333333333333333
ContainerTest:0.19111111111111112
InternalContext:0.16333333333333333
ReferenceCacheTest:0.13
PrimitiveConverters:0.06305555555555555
AllTests:0.03
