UndirectedGraph:0.5533333333333333
Dijsktra:0.4266666666666667
Pair:0.2866666666666667
