PosOrder:0.44333333333333336
PosModel:0.39599999999999996
PosPanel:0.36
ProductStructure:0.016666666666666666
