OutputLayer:0.5233333333333333
LSTM:0.41
GravesLSTM:0.3466666666666667
GravesLSTMTest:0.3233333333333333
