HttpRequest:0.6905555555555555
FileSystemOutput:0.3883333333333333
