ScriptsUtils:0.43666666666666665
ConfigManager:0.41333333333333333
ScriptsRenameDuplicateDeleteHandler:0.20333333333333334
TemplatesBrowserViewPart:0.2
ScriptsBrowserViewPart:0.2
ScriptsImportHandler:0.07666666666666666
ScriptsExportHandler:0.07666666666666666
