ClientReplicatedMapTest:0.4819999999999999
ClientReplicatedMapGetRequest:0.32422222222222224
ClientReplicatedMapProxy:0.27
