CrawlHost:0.47333333333333333
SimpleStore:0.37666666666666665
ARCWriter:0.3466666666666667
InvalidRecordException:0.2897619047619048
HostCache:0.1618888888888889
SimplePolitenessEnforcer:0.15333333333333332
SimpleDNSFetcher:0.11666666666666667
HostInfoUpdater:0.09666666666666666
SimpleHTTPFetcher:0.09666666666666666
