DbOomQuery:0.8366666666666667
DbOomUtil:0.24166666666666667
EntityCacheTest:0.10666666666666667
