Library:0.7166666666666667
Compiletime:0.3566666666666667
GRSProducer:0.3433333333333333
GRSQueue:0.3333333333333333
LSYTokenizer:0.2833333333333333
XLFilter:0.27
LSYParser:0.24
RGGProducer:0.16666666666666666
RGGFilter:0.13333333333333333
CompilerExtension:0.02892857142857143
LSYTokenTypes:0.0
