SitemapNodeJSONWrapper:0.35
AbstractBasicEntityJSONWrapper:0.26666666666666666
AbstractNodeJSONWrapper:0.26666666666666666
ContentRegistryNodeJSONWrapper:0.24666666666666667
ViewJSONWrapper:0.2396666666666667
ContentJSONWrapper:0.23333333333333334
RoleJSONWrapper:0.2188888888888889
AbstractNamedEntityJSONWrapper:0.15
ContentLocalizationMapJSONWrapper:0.11666666666666667
