AutoRepaint:0.5733333333333334
Tree:0.48333333333333334
TaskTable:0.42
SummaryTree:0.22333333333333333
