UnboundedLocalCache:0.7208333333333333
Ticker:0.4633333333333333
Caffeine:0.3333333333333333
