CMLCoreModule:0.6005555555555555
AminoAcids:0.3616666666666667
ChemFileCDO:0.27666666666666667
