Configuration:0.48
ClientConductor:0.47
CommonContext:0.34
ClientProxy:0.31333333333333335
Context:0.29333333333333333
DriverConductor:0.28
PublicationReadyFlyweight:0.25666666666666665
DriverListener:0.23166666666666666
DriverConductorTest:0.21
Aeron:0.2
ClientConductorTest:0.19666666666666666
DriverListenerAdapter:0.19666666666666666
