GlobalMethodSecurityConfiguration:0.30333333333333334
SecurityContextHolderAwareRequestFilter:0.2866666666666667
DefaultLdapAuthoritiesPopulator:0.24
LdapUserDetailsMapper:0.22333333333333333
LdapAuthenticationProviderConfigurer:0.22
DefaultWebSecurityExpressionHandler:0.19666666666666666
SecurityContextHolderAwareRequestFilterTests:0.16
DefaultWebSecurityExpressionHandlerTests:0.14333333333333334
FilterConfiguration:0.06888888888888887
LdapUserDetailsMapperConfiguration:0.06888888888888887
LdapUserDetailsMapperTests:0.006666666666666667
