ExploreConfigDialog:0.36666666666666664
SettingKey:0.2733333333333333
HelpFactory:0.22333333333333333
SettingKind:0.22
EditorFactory:0.21611111111111114
CheckBoxEditor:0.2
DefaultSetting:0.12333333333333334
