AbstractSBMLDetailsPage:0.3466666666666667
Reaction:0.31333333333333335
KineticLaw:0.23
SBMLMasterDetailBlock:0.16
SpeciesDetailsPage:0.14833333333333334
ReactionDetailsPage:0.14333333333333334
ParameterDetailsPage:0.125
Parameter:0.09
