Layer:0.57
HierarchicalLayoutAlgorithm:0.4266666666666667
LongestPathLA:0.36
LayerByLayerSweepCR:0.2
LayerAssignment:0.15055555555555558
