Lib:0.5533333333333333
ListRecords:0.21333333333333335
GetRecord:0.20333333333333334
