FileMenu:0.44333333333333336
ScaleView:0.34
FeatureEditPanel:0.22333333333333333
GAMEAdapterGUI:0.20333333333333334
TranscriptEditPanel:0.18666666666666668
