TagW:0.5833333333333334
DicomMediaIO:0.39666666666666667
CIELab:0.21
ShutterOperation:0.15
