AbstractServerFactory:0.5266666666666666
Application:0.4
Configuration:0.3516666666666667
LogConfigurationTask:0.30666666666666664
