Server:0.6566666666666666
DefaultMultiServerCluster:0.30333333333333334
DefaultCluster:0.24666666666666667
DefaultSingleServerCluster:0.18
Clusters:0.16333333333333333
DefaultSingleServerClusterTest:0.16333333333333333
DefaultServer:0.14666666666666667
WrappedServer:0.11333333333333333
