CA:0.4766666666666667
OCSPCAServiceInfo:0.41333333333333333
OCSPCAService:0.36333333333333334
OCSPCAServiceRequest:0.3233333333333333
CAAdminSessionBean:0.28
ProtocolOcspHttpTest:0.23
CADataHandler:0.22333333333333333
EjbcaConfiguration:0.215
TestTools:0.21166666666666667
OcspConfiguration:0.20944444444444446
OCSPServletBase:0.20333333333333334
TestCAs:0.20333333333333334
CAInfoView:0.18
TestProtectedLog:0.15333333333333332
CertDistServlet:0.13666666666666666
TestOcspUtil:0.11666666666666667
CaInitCommand:0.11
ViewCAInfoJSPHelper:0.10333333333333333
