Corpus:0.7566666666666667
CA:0.44166666666666665
ComputeCorrespondanceAnalysis:0.19
