KeyedQueue:0.6482222222222223
HostnameQueueAssignmentPolicy:0.3833333333333333
