Dao:0.8133333333333334
Daos:0.4766666666666667
JdbcExpert:0.4144722222222222
MysqlJdbcExpert:0.30666666666666664
OracleJdbcExpert:0.22
AbstractJdbcExpert:0.17
