AstBuilder:0.5233333333333333
CastFunctionTest:0.31333333333333335
TestStatementBuilder:0.2733333333333333
