Multiplicity:0.8433333333333334
Materialisation:0.42333333333333334
Solution:0.3433333333333333
