AndroidManifest:0.6866666666666666
ActivityController:0.33
FileFsFile:0.31
ParallelUniverseTest:0.2733333333333333
DefaultTestLifecycleTest:0.22333333333333333
Logger:0.043333333333333335
