Common:0.6319642857142858
CommentSender:0.3383333333333333
EmotionQueryService:0.1375
