CacheTest:0.30666666666666664
UrlConnectionCacheTest:0.30666666666666664
CacheStrategy:0.2966666666666667
ResponseCacheTest:0.28
