CacheProxy:0.5233333333333333
Expirable:0.4188888888888889
EventDispatcher:0.31666666666666665
CaffeineCachingProvider:0.18333333333333332
EntryIterator:0.1761111111111111
JCacheProfiler:0.13111111111111112
LoadingCacheProxy:0.10666666666666667
JCacheLoaderAdapter:0.1
