MapperService:0.61
ParentFieldMapper:0.54
ParentChildIndexFieldData:0.22083333333333333
IndicesLeaksTests:0.18333333333333332
RecoverySource:0.18333333333333332
IndicesClusterStateService:0.17666666666666667
FieldDataWarmer:0.13333333333333333
MetaDataCreateIndexService:0.12666666666666668
HasParentFilterParser:0.1
HasParentQueryParser:0.1
NormsWarmer:0.08666666666666667
