Reference:0.7866666666666666
DisplayReference:0.17333333333333334
