RoverDialog:0.39
MainDesktopPane:0.24333333333333335
MonitorWindow:0.23
VehicleDialog:0.20333333333333334
PersonDialog:0.2
ToolButton:0.19
LivingQuartersPanel:0.18666666666666668
SettlementDialog:0.18666666666666668
ToolToolBar:0.10333333333333333
ExplorerRoverUIProxy:0.08333333333333333
TransportRoverUIProxy:0.08333333333333333
