IPBondDescriptor:0.6041666666666666
IPBondDescriptorTest:0.46166666666666667
