AbstractFigure:0.4216666666666667
NodeModel:0.4
JbpmDefinitionLogic:0.2966666666666667
DiagramModel:0.19833333333333333
FormFiller:0.19666666666666666
JbpmExecutionLogic:0.19666666666666666
GraphImage:0.18666666666666668
GraphConverter:0.17333333333333334
FigureFactory:0.16666666666666666
EndStateFigure:0.09
DecisionFigure:0.07666666666666666
StartStateFigure:0.06
StateFigure:0.04
DrawProperties:0.04
ForkJoinFigure:0.03
