DisplayAnnotation:0.6316666666666667
UpdateAnnotation:0.39555555555555555
