Launch:0.54
Assert:0.39666666666666667
AssertTest:0.2866666666666667
StepRunner:0.265
ExitException:0.25666666666666665
LaunchTest:0.25
ComponentTesterTest:0.20916666666666667
NonDelegatingClassLoaderTest:0.18333333333333332
PathClassLoaderTest:0.155
ComponentClassForLoading:0.006666666666666667
ClassForReloading:0.006666666666666667
