ProgressiveCommandLinkRenderer:0.6366666666666667
ProgressiveCommandButtonRenderer:0.61
ProgressiveCommandLinkRendererTests:0.10666666666666667
