ImageIcon:0.7433333333333333
PropertyFile:0.3933333333333333
