avcodec:0.505452380952381
AVFilter:0.4666666666666667
avutil:0.44345238095238093
avformat:0.4116666666666667
AVFilterLink:0.3747619047619048
AVFilterContext:0.2980952380952381
avfilter:0.2833333333333333
AVFormatContext:0.26916666666666667
FFmpegFrameRecorder:0.2633333333333333
swresample:0.24666666666666667
Blobs:0.23666666666666666
AVCodecContext:0.225
BlobDemo:0.22333333333333333
AVClass:0.22142857142857145
AVIOContext:0.22142857142857145
AVOption:0.22142857142857145
AVFrame:0.22142857142857145
AVBPrint:0.21666666666666667
AVFilterPad:0.19476190476190477
AVFilterBufferRefVideoProps:0.19476190476190477
FFmpegFrameGrabber:0.19
AVFilterGraph:0.1780952380952381
AVCodecDescriptor:0.16
MatVector:0.13
StringVector:0.13
AVPacketList:0.12
