Async:0.5333333333333333
BoundedLocalCache:0.4666666666666667
ExpireAfterVarTest:0.27166666666666667
AsyncExpiry:0.2594444444444445
AsyncTest:0.19666666666666666
AddTask:0.12666666666666668
