PrimeNumbers:0.5466666666666666
Sieve:0.5
Euler07Test:0.10666666666666667
