CodeGenerator:0.6066666666666667
Target:0.5066666666666667
OutputModelController:0.33
OutputModelWalker:0.15
CodeGenPipeline:0.07333333333333333
