AbstractInteropTest:0.47
ClientCallTracer:0.35
ClientTracer:0.31666666666666665
CensusStreamTracerModuleTest:0.26
CensusStreamTracerModule:0.16444444444444445
