ServerSynchronizedDocument:0.6933333333333334
DOptPuzzleTest:0.44333333333333336
TwoWayJupiterClientDocument:0.33297883597883593
SimpleServerProxyTest:0.24333333333333335
CounterExampleTest:0.19
TwoWayJupiterServerDocument:0.14083333333333334
JupiterTestCase:0.1
InclusionTransformationTest:0.04861111111111111
UITest:0.006666666666666667
