EditorOpenBinaryDFTest:0.43333333333333335
EditorRewriteBinaryDFTest:0.32
NumericFormatterTest:0.31
JFXSavePPT4Test:0.2866666666666667
JFXSavePPT3Test:0.2866666666666667
ScenarioAutoStartTest:0.2227777777777778
JFXInitialFocusTest:0.2227777777777778
JFXNextFocusWidget2NULLTest:0.19
DefaultBinaryExporterTest:0.1861111111111111
JFXEditorOpenBinaryDF2Test:0.15666666666666668
JFXEditorOpenBinaryDFTest:0.13
