XmlActions:0.41333333333333333
TagParser:0.27777777777777773
TreeSelectionHandler:0.275
XmlPlugin:0.22333333333333333
CompletionInfo:0.20333333333333334
XmlTree:0.2
XmlParser:0.18438888888888888
TagHighlight:0.16883333333333336
CustomTree:0.15444444444444444
