DefaultBroadcaster:0.6
DestroyListener:0.31536507936507924
BaseTest:0.29
SuspendListener:0.2833333333333333
ConcurrentResourceTest:0.11333333333333333
ConcurrentResource:0.06666666666666667
