Json:0.73
JsonEntityField:0.30333333333333334
Objs:0.25666666666666665
NutConf:0.25666666666666665
ObjectNavlPairInjector:0.14666666666666667
