SamlIdPConfiguration:0.5955555555555555
SamlRegisteredServiceTests:0.40611111111111114
