ServerImpl:0.6466666666666666
AbstractTransportTest:0.33666666666666667
ServerImplTest:0.25
TestServiceServer:0.19
ClosureHook:0.1
ServerListenerImpl:0.1
AbstractServerBuilder:0.07333333333333333
AbstractChannelBuilder:0.013333333333333334
