PresenterManager:0.38666666666666666
Product:0.24
HomeFragment:0.23333333333333334
PresenterManagerFragment:0.2113888888888889
SearchActivity:0.20666666666666667
MainActiviy:0.18666666666666668
DependencyInjection:0.1275
SearchPresenter:0.08333333333333333
