RobolectricModel:0.6633333333333333
ImplementsValidator:0.44666666666666666
DocumentedElement:0.4
RobolectricProcessorTest:0.18333333333333332
RobolectricProcessor:0.16666666666666666
ImplementsValidatorTest:0.13666666666666666
ShadowProviderGenerator:0.10666666666666667
