Collapse:0.73
OpenBracketIndentRule:0.38666666666666666
RegexpIndentRule:0.2866666666666667
