DesktopAppDownloadDlg:0.49
GwtTeamingMessages:0.4205555555555555
GwtTeamingFilrImageBundle:0.37333333333333335
