PublicJmol:0.7433333333333333
Viewer:0.25666666666666665
