ManufactureProcessInfo:0.6133333333333333
Manufacture:0.57
ManufactureUtil:0.2833333333333333
ManufactureConfig:0.22299999999999998
ManufacturePanel:0.15333333333333332
