RestMethodInfo:0.31666666666666665
MultipartTypedOutput:0.31
Helper:0.29
RestMethodInfoTest:0.24666666666666667
RequestBuilder:0.18666666666666668
MimePart:0.15333333333333332
RequestBuilderTest:0.11333333333333333
MultipartTypedOutputTest:0.013333333333333334
