Collectd:0.5233333333333333
CollectdInstrumentation:0.341484126984127
CollectionSpecification:0.30666666666666664
SnmpCollector:0.22666666666666666
DefaultCollectionAgent:0.21333333333333335
IpInterfaceDaoHibernate:0.18
SnmpCollectorTest:0.14
DefaultCollectdInstrumentation:0.10333333333333333
