WebClient:0.6766666666666666
SimpleScriptable:0.43
Window:0.37333333333333335
WindowTest:0.2833333333333333
HtmlForm:0.27666666666666667
