PollStatus:0.8166666666666667
LocationMonitorDaoHibernate:0.3433333333333333
PollerBackEndTest:0.31333333333333335
