ChronicleHashBuilder:0.5458888888888889
ChronicleMapBuilder:0.5233333333333333
VanillaChronicleHash:0.47
ChronicleSetBuilder:0.4166666666666667
TierRecovery:0.2733333333333333
VanillaChronicleMap:0.24333333333333335
IterationContext:0.1927777777777778
SegmentsRecovery:0.13333333333333333
ReplicatedTierRecovery:0.056666666666666664
RecoverTest:0.013333333333333334
