CoreDaoImpl:0.5183333333333333
FolderDaoImpl:0.5105555555555557
ProfileDaoImpl:0.4008333333333333
