TestBlackHoleSmoke:0.6487777777777778
BlackHolePageSourceProvider:0.44333333333333336
