TestEngine:0.5133333333333333
ServiceLoaderTestEngineRegistry:0.2633333333333333
VintageTestEngineBasicTests:0.24333333333333335
JupiterTestEngineBasicTests:0.24333333333333335
VintageTestEngine:0.14666666666666667
JupiterTestEngine:0.11666666666666667
