RedisClient:0.5213333333333333
PubSubConnectionEntry:0.35
MasterSlaveConnectionManager:0.29
ReclosableLatch:0.24750000000000005
BaseLoadBalancer:0.15333333333333332
BaseTest:0.15333333333333332
SentinelConnectionManager:0.14666666666666667
RedissonTopic:0.13666666666666666
RoundRobinLoadBalancer:0.1
