HttpTLSTest:0.6202777777777778
VertxTestBase:0.4261111111111111
