RequestInfo:0.6247222222222223
GwtServerHelper:0.4622222222222222
GwtUIHelper:0.41333333333333333
HistoryHelper:0.374
GwtHistoryHelper:0.24777777777777782
WebKeys:0.13111111111111112
