DefaultFlowExecutionRepositoryTests:0.47333333333333333
ContinuationFlowExecutionRepositoryTests:0.47333333333333333
ClientContinuationFlowExecutionRepositoryTests:0.47333333333333333
