IndexShard:0.67
Engine:0.6533333333333333
FailedEngineListener:0.3342936507936507
InternalIndexShard:0.2966666666666667
InternalEngine:0.2866666666666667
TransportShardReplicationOperationAction:0.22
AsyncShardOperationAction:0.2127777777777778
ReplicaOperationTransportHandler:0.19944444444444445
FailEngineOnMergeFailure:0.16109523809523807
FailedEngineHandler:0.13666666666666666
