RemoteExecutorServiceImpl:0.49444444444444446
RedissonRemoteService:0.3408333333333333
CommandBatchService:0.2833333333333333
