ChartView:0.45666666666666667
ChartUtils:0.37333333333333335
ColumnData:0.22555555555555556
ChartSelection:0.2077777777777778
CellSelection:0.14
ChartDialog:0.07583333333333334
