Keys:0.48333333333333334
BuiltInBinding:0.40611111111111114
Binding:0.38
GeneratorKeys:0.36
Linker:0.32666666666666666
ProviderMethodBinding:0.23
ProblemDetector:0.21666666666666667
CodeGen:0.21666666666666667
KeysTest:0.21
ObjectGraph:0.19333333333333333
ModuleAdapter:0.17777777777777778
StaticInjection:0.17444444444444446
ProvidesProcessor:0.15333333333333332
InjectProcessor:0.12333333333333334
MembersInjectorTest:0.11666666666666667
Modules:0.07666666666666666
InjectedClass:0.06
DeferredBinding:0.04
UniqueMap:0.0033333333333333335
