NameBearerHandle:0.6633333333333333
ActionsPublisher:0.502797619047619
MainFrame:0.4666666666666667
