DataExtractorService:0.47333333333333333
IOutgoingTransport:0.19661111111111113
HttpOutgoingTransport:0.17666666666666667
InternalOutgoingTransport:0.17
InternalOutgoingWithResponseTransport:0.17
MockOutgoingTransport:0.17
