CommonConfiguration:0.6333333333333333
JFXScenarioViewer:0.33
SwingServerWrapper:0.27666666666666667
TCPProtocol:0.23666666666666666
ClientWrapper:0.22222222222222224
JFXPerformanceDialog:0.22
JFXServerWrapper:0.2
ARINC661App:0.19333333333333333
JFXScenarioPanel:0.16333333333333333
TCPReceptionThread:0.16333333333333333
JFXServerWrapperTest:0.13
