CommMessage:0.6166666666666667
SOAPProtocol:0.26
HTTPProtocol:0.24333333333333335
CommProtocol:0.2
SODEPProtocol:0.1988888888888889
