AttributeMetadata:0.6094444444444443
ValueContext:0.5327777777777777
AbstractManagedType:0.37
AttributeContext:0.35
AttributeFactory:0.34
SingularAttributeMetadata:0.30333333333333334
MemberResolver:0.27051984126984113
MetadataTest:0.25666666666666665
PluralAttributeMetadataImpl:0.23666666666666666
PluralAttributeMetadata:0.19499999999999998
SingularAttributeMetadataImpl:0.15
StaticMetadataTest:0.14666666666666667
BaseAttributeMetadata:0.03333333333333333
EmbeddedTypeTest:0.01
