SimpleScriptable:0.62
WindowTest:0.5166666666666667
SimpleScriptableTest:0.22333333333333333
