UpdaterBlock:0.36666666666666664
BaseMultiLayerUpdater:0.3433333333333333
LayerUpdater:0.31
ComputationGraphUpdater:0.21333333333333335
MultiLayerUpdater:0.19
TestMultiModelGradientApplication:0.09666666666666666
ParamState:0.03
