BioResourceView:0.5733333333333334
ExternalApplicationDialog:0.44666666666666666
ApplicationsPreferencePage:0.3
EditExternalApplicationDialog:0.16666666666666666
