RrInterval:0.61
RrCSGPolygon:0.38666666666666666
RrLine:0.31333333333333335
RrGraphics:0.31
RrQContents:0.27
TestMain:0.19666666666666666
