BufferedTokenStream:0.47361111111111104
UnbufferedTokenStream:0.4266666666666667
IntTokenStream:0.42
