Flight:0.6333333333333333
AirlineService:0.51
Airport:0.47
Ticket:0.31
Passenger:0.29333333333333333
BookFlightEndpoint:0.22666666666666666
AirlineServiceImplTest:0.19666666666666666
HibernateFlightDaoTest:0.19333333333333333
MessageHandlerAdapter:0.19
GetFlightsEndpoint:0.16666666666666666
BookFlightEndpointTest:0.15666666666666668
HibernateTicketDaoTest:0.13
AirlineServiceImpl:0.13
HibernateFlightDao:0.10416666666666667
FlightDao:0.07333333333333333
TicketDao:0.0625
NoSeatAvailableException:0.043333333333333335
GetFlightsEndpointTest:0.03666666666666667
NoSuchFlightException:0.023333333333333334
HibernateTicketDao:0.02
