RunJPF:0.48
JPFProperties:0.4533333333333333
TopicPublisher:0.3333333333333333
ProgressTrackerTopComponent:0.3141666666666666
AnnotationParser:0.25333333333333335
MainOptionsPanelController:0.25
PathListPanel:0.22666666666666666
MainPanel:0.19333333333333333
IORedirector:0.04
