FactoryProvider:0.5566666666666666
Parameter:0.4633333333333333
FactoryProvider2Test:0.39666666666666667
CamaroInsuranceFactory:0.39561111111111114
GenericColoredCarFactory:0.39561111111111114
MustangInsuranceFactory:0.39561111111111114
InsuranceFactory:0.39561111111111114
FactoryProviderTest:0.27666666666666667
FactoryProvider2:0.15333333333333332
AssistedConstructor:0.09
Insurance:0.08333333333333333
CamaroInsurance:0.0
AutoInsurance:0.0
MustangInsurance:0.0
