FileSystemPanel:0.36
DashboardPanel:0.3
QueuePanel:0.2611111111111111
FileSystemTreeTable:0.25
DashboardMainPage:0.18333333333333332
ImageAnchor:0.03333333333333333
