PluginInfo:0.5033333333333333
PluginsService:0.35333333333333333
InstallPluginCommand:0.32
InstallPluginCommandTests:0.29
PluginInfoTests:0.17333333333333334
Fields:0.014285714285714285
DummyPluginInfo:0.0
