LogFactory:0.47
UnpooledDataSource:0.39666666666666667
PooledDataSource:0.37
DriverProxy:0.30777777777777776
