ResultImpl:0.6083333333333333
FormatTests:0.30666666666666664
DataTypeTests:0.26
CUBRIDDatabase:0.25333333333333335
FirebirdTableDefinition:0.14
PostgresTableDefinition:0.14
