LSTM:0.7266666666666667
LSTMParamInitializer:0.2966666666666667
LSTMTest:0.18
