DiskLruCache:0.6066666666666667
Cache:0.4411111111111111
DiskLruCacheTest:0.42
CacheTest:0.13333333333333333
