RecoveryPlan:0.48
SequencerAgent:0.35333333333333333
Entry:0.3
AeronCluster:0.2866666666666667
ReplayStep:0.18
ClusterTest:0.08333333333333333
