DisplayReportTablePanel:0.5619047619047619
DisplayReportDiagramPanel:0.5619047619047619
