BlogEntry:0.8566666666666667
AtomUtils:0.36333333333333334
AtomAPIServlet:0.2833333333333333
