UserDeserializerTests:0.52
SavedCookieMixinTests:0.30333333333333334
DefaultCsrfTokenMixinTests:0.2866666666666667
WebAuthenticationDetailsMixinTests:0.2733333333333333
DefaultSavedRequestMixinTests:0.2733333333333333
SimpleGrantedAuthorityMixinTests:0.22666666666666666
RememberMeAuthenticationTokenMixinTests:0.22666666666666666
UsernamePasswordAuthenticationTokenMixinTests:0.21
CasAuthenticationTokenMixinTests:0.19666666666666666
AbstractMixinTests:0.19
CookieMixinTests:0.19
AnonymousAuthenticationTokenMixinTests:0.08
SecurityContextMixinTests:0.06333333333333334
