BreakpointActivityProvider:0.37
BreakpointConsumer:0.2833333333333333
LightweightBreakpointMessage:0.2833333333333333
BreakpointRequestActivity:0.25
BreakpointResponseActivity:0.24666666666666667
BreakpointRequestActivityDataObject:0.20333333333333334
BreakpointAcknowledgmentDO:0.19666666666666668
BreakpointResponseActivityDataObject:0.1
