SamlRegisteredService:0.5888888888888889
Response:0.42
BaseSamlObjectSigner:0.27666666666666667
