Layer:0.6666666666666666
MultiLayerNetwork:0.4166666666666667
Builder:0.39
BaseOutputLayer:0.31333333333333335
BaseLayer:0.29333333333333333
RNTN:0.24666666666666667
RnnOutputLayer:0.23
SimpleOptimizableModel:0.19416666666666665
GravesLSTMTest:0.056666666666666664
TimeSeriesUtils:0.043333333333333335
