ESIntegTestCase:0.4
Leaf:0.32666666666666666
InnerNode:0.2906666666666667
CopyOnWriteHashMap:0.25
Edge:0.234
BasePolygonBuilder:0.20666666666666667
ParseFieldTests:0.14
