StoreScp:0.44666666666666666
FileBean:0.43333333333333335
FileBeanTest:0.33320634920634923
StorageBeanTest:0.2753333333333333
StorageBean:0.19333333333333333
FileDTO:0.11
PurgeFilesService:0.0
