LdapEncoder:0.6033333333333334
DnParsePerformanceITest:0.49627777777777776
