VicinitySamplerTest:0.7733333333333333
RandomStructureGeneratorTest:0.5566666666666666
MoreAction:0.28
