HopParser:0.33
StepFactory:0.295
HopLexer:0.2866666666666667
HopSymbolTableWalker:0.27
DFA20:0.24666666666666667
DFA15:0.24666666666666667
NativeLibraryStep:0.20666666666666667
SodbeansLibrary:0.19333333333333333
DFA19:0.16666666666666666
DFA18:0.16666666666666666
DFA29:0.16666666666666666
PrintStep:0.15333333333333332
SodbeansLibraryManager:0.08
print_statement_return:0.017388888888888888
speak_statement_return:0.017388888888888888
