Connection:0.55
Net:0.2966666666666667
HTML:0.2833333333333333
ClientsView:0.15
