IDbDialect:0.8440873015873016
AbstractDbDialect:0.6866666666666666
SymmetricLauncher:0.3933333333333333
