GwtTeamingMessages:0.6238888888888889
ShareRights:0.39666666666666667
CopyPublicLinkDlg:0.31666666666666665
MailToMultiplePublicLinksSelectDlg:0.2733333333333333
UserShareRightsDlg:0.2633333333333333
PerUserZoneShareRightsInfo:0.22
UserPropertiesDlg:0.21666666666666667
GwtViewHelper:0.21333333333333335
BinderViewsHelper:0.19666666666666666
EmailPublicLinkDlg:0.18833333333333332
PerUserRightsInfo:0.18666666666666668
EditShareWidget:0.18
ShareItemCell:0.17666666666666667
EditNetFolderRightsDlg:0.15333333333333332
EditUserZoneShareRightsDlg:0.15333333333333332
