TableManager:0.5
RecordParser:0.44333333333333336
QueryContext:0.27133333333333337
NameResolver:0.2553333333333333
PageCache:0.2553333333333333
StringLengthValidationRule:0.2174761904761905
MqlSqlWalker:0.19
MDDLiveValidationProvider:0.14
MakumbaResponseWrapper:0.13
