AuditLogger:0.6466666666666666
IHEYr4:0.3933333333333333
AuditLoggerImpl:0.14
