MapperService:0.41833333333333333
IdFieldMapper:0.30333333333333334
ParentFieldMapper:0.2841666666666667
AbstractFieldMapper:0.2816666666666667
SimpleChildQuerySearchTests:0.27666666666666667
XBooleanFilterLuceneTests:0.27666666666666667
SimpleIndexQueryParserTests:0.26
HighlighterSearchTests:0.21333333333333335
IdsQueryParser:0.13666666666666666
IdsFilterParser:0.13666666666666666
TermsFilterTests:0.11666666666666667
TermsFilterParser:0.09666666666666666
