ConverterManager:0.45666666666666667
StringConverter:0.36
IntervalConverter:0.22666666666666666
ReadableIntervalConverter:0.13666666666666666
