Builder:0.7366666666666667
ExecutorTestHelper:0.37333333333333335
MapperBuilderAssistant:0.37333333333333335
