RevisionInfoConfiguration:0.7449444444444445
EntitiesConfigurator:0.2891666666666667
