JsonValue:0.7166666666666667
LwjglApplication:0.41333333333333333
