Connection:0.5733333333333334
ConnectionOptionSet:0.41333333333333333
ClientConnectionOptions:0.22
JUTestRouterOptions:0.20333333333333334
RouterOptionSet:0.16333333333333333
ClientConnectionOptionSet:0.05333333333333334
JUTestClientConnectionOptions:0.016666666666666666
