Structure:0.4766666666666667
IStructuredbManager:0.37123412698412694
ForConsoleDecoratedStructuredbManager:0.22666666666666666
StructuredbManager:0.21666666666666667
StructuredbManagerTest:0.19333333333333333
StructureTest:0.13666666666666666
LabelTest:0.09
