ShareActivity:0.6555555555555556
BookmarkPickerActivity:0.27638888888888885
AppPickerActivity:0.27638888888888885
