EventsViewHelper:0.48333333333333334
ListFolderController:0.42333333333333334
AjaxController:0.29866666666666664
