EntryIndexUtils:0.5944444444444444
DefinitionModule:0.42916666666666664
DefinitionModuleImpl:0.2633333333333333
AbstractFacade:0.22
BuildDefinitionDivs:0.21333333333333335
DefaultFolderEmailFormatter:0.21333333333333335
FieldBuilderUserlist:0.13666666666666666
FieldBuilderSelect:0.11333333333333333
FieldBuilderElement:0.11333333333333333
FieldBuilderCheck:0.11333333333333333
FieldBuilderDate:0.11333333333333333
SAbstractForumController:0.11
FieldBuilderEvent:0.08
