DatabaseTask:0.6132777777777778
DatabaseTaskXmlParser:0.49333333333333335
HibernateSessionFactory:0.46
SQLActionHandler:0.32666666666666666
