TestFragmentTransaction:0.6633333333333333
TestFragmentManager:0.43
FragmentTransactionTest:0.15
ShadowFragment:0.12333333333333334
FragmentManagerTest:0.09333333333333334
