STF:0.7233333333333334
SuperBot:0.48333333333333334
SuperBotImp:0.36666666666666664
WindowMImp:0.32666666666666666
TestSarosPreferences:0.30666666666666664
STFTest:0.29333333333333333
SarosMImp:0.2833333333333333
BuddiesViewImp:0.22666666666666666
MenuBarImp:0.2
RefactorCImp:0.17944444444444446
TestBuddiesViewByAlice:0.14333333333333334
MenuBar:0.13666666666666666
STFController:0.13
TestMenuSaros:0.11666666666666667
TestStrictSequentialInvitationWithoutTermination:0.06666666666666667
