Rule:0.4666666666666667
GrammarProperties:0.43666666666666665
Action:0.4166666666666667
Parser:0.39055555555555554
Recipe:0.39
Step:0.39
Property:0.37
Grammar:0.3433333333333333
Line:0.3433333333333333
GTS:0.33
Groove:0.3288888888888889
Frame:0.32
Location:0.29
StateMatches:0.24333333333333335
LTSJEdge:0.22333333333333333
RuleTransitionLabel:0.22333333333333333
DefaultRuleTransition:0.22
DefaultGraphNextState:0.22
StateCache:0.22
AbstractGraphState:0.21833333333333332
PropertyKey:0.21444444444444447
LTSJGraph:0.20333333333333334
Exploration:0.2
LTSJModel:0.19333333333333333
TableModel:0.19
LabelValue:0.18666666666666668
ShapeNextState:0.18333333333333332
GraphProperties:0.18
RuleTreeNode:0.17333333333333334
MatchTreeNode:0.17
CellRenderer:0.14
IsEnumValue:0.13666666666666666
DisplayTreeCellRenderer:0.12333333333333334
DisplayTreeNode:0.10666666666666667
Choice:0.08666666666666667
StepAttempt:0.03
