RxGalleryFinal:0.6083333333333333
BitmapUtils:0.2833333333333333
ExampleUnitTest:0.23
MediaUtils:0.19666666666666666
MainActivity:0.08666666666666667
