CDKAtomTypeMatcherTest:0.5866666666666667
CDKAtomTypeMatcher:0.5344444444444444
