TestAPIALiteOpen:0.41
TestAPIALite:0.28
ObjectProfileTest:0.25
ListMethodsTest:0.17
IndividualTest:0.155
ObjectHistoryTest:0.12
DatastreamDisseminationTest:0.08333333333333333
ListDatastreamsTest:0.08333333333333333
DisseminationTest:0.08
IterableTest:0.013333333333333334
