CAHChartEditor:0.3933333333333333
SingularValuesEditor:0.35133333333333333
CorrespondanceAnalysisEditorInput:0.33
CAFactorialMapChartEditor:0.2353333333333333
CASingularValueLabelProvider:0.22333333333333333
OpenFile:0.22166666666666668
BaseSelectionListener:0.17333333333333334
CAHSelectionListener:0.14366666666666664
ExportChartEditorView:0.13333333333333333
ExportChart:0.11
CAPointMouseSingleClickedCallBack:0.11
