FormType:0.7933333333333333
ExplorerTreeView:0.43
ValidationUtil:0.3933333333333333
XSNFormType:0.26
