Relations:0.56
ColumnDefinition:0.56
JavaGenerator:0.41333333333333333
DefaultRelations:0.24
DefaultColumnDefinition:0.21
DefaultForeignKeyDefinition:0.20333333333333337
