DataUpdater:0.5466666666666666
EventConstants:0.5408888888888889
DataManager:0.4633333333333333
BroadcastEventProcessor:0.22
