Callback:0.6466666666666666
ReportView:0.49333333333333335
