QueryBuilderTopComponent:0.6
QueryEditorScene:0.5666666666666667
AttributePinWidget:0.23666666666666666
