RuntimeEnvironment:0.4866666666666667
Configuration:0.4266666666666667
HistoryGuru:0.42
Repository:0.41333333333333333
ConfigurationsFrame:0.35333333333333333
MercurialRepository:0.2733333333333333
PerforceRepository:0.25333333333333335
GitRepository:0.24333333333333335
BazaarRepository:0.24333333333333335
ClearCaseRepository:0.23666666666666666
SCCSRepository:0.21666666666666667
SubversionRepository:0.20333333333333334
Indexer:0.18666666666666668
RazorRepository:0.16333333333333333
CVSRepository:0.16333333333333333
RCSRepository:0.15666666666666668
RepositoryFactory:0.08666666666666667
