RenameAction:0.5233333333333333
NameBearerHandle:0.37666666666666665
CorpusSaver:0.35
