HandleResolver:0.5666666666666667
InternalTypeResolver:0.49333333333333335
InternalTypeSerializer:0.21666666666666667
TransactionHandleJacksonModule:0.08333333333333333
ColumnHandleJacksonModule:0.08333333333333333
SplitJacksonModule:0.08333333333333333
OutputTableHandleJacksonModule:0.08333333333333333
TableHandleJacksonModule:0.08333333333333333
IndexHandleJacksonModule:0.08333333333333333
TableLayoutHandleJacksonModule:0.08333333333333333
InsertTableHandleJacksonModule:0.08333333333333333
AbstractTypedJacksonModule:0.06666666666666667
