RaptorMetadata:0.47333333333333333
OrcStorageManager:0.36666666666666664
OrcPageSource:0.36
RaptorColumnHandle:0.27
IndexInserter:0.24
