OAuth20AccessTokenControllerTests:0.43666666666666665
OAuth20AuthorizeEndpointController:0.35
OAuth20AuthorizeControllerTests:0.27
OAuth20ProfileControllerTests:0.25666666666666665
OidcAuthorizeEndpointController:0.24666666666666667
OAuth20AccessTokenEndpointController:0.23333333333333334
OAuth20UserProfileControllerController:0.19
