UserPreferences:0.5533333333333333
View:0.5222222222222221
Tab:0.4533333333333333
Users:0.15666666666666668
XCollections:0.08611111111111112
