PasswordPolicyResponseControl:0.7566666666666667
PasswordPolicyControl:0.25333333333333335
PasswordPolicyResponseControlTests:0.11666666666666667
PasswordPolicyControlFactory:0.03666666666666667
