ClientEndpointImpl:0.6566666666666666
ClientDisconnectionOperation:0.38666666666666666
AuthenticationBaseMessageTask:0.35333333333333333
