HopParser:0.52
HopSymbolTableWalker:0.35333333333333333
DFA42:0.1811111111111111
DFA4:0.16566666666666668
DFA36:0.14777777777777776
DFA51:0.08166666666666667
DFA67:0.08166666666666667
ScopeSelector:0.03
parent_return:0.012222222222222223
