PropsUtil:0.51
FolderUtils:0.38666666666666666
WebdavResource:0.3466666666666667
FolderResource:0.24
AddEntryController:0.2188888888888889
WebdavResourceFactory:0.21666666666666667
FileResource:0.21333333333333335
KablinkFileSystemLibrary:0.2
WorkspaceResource:0.1
