BootstrapButton:0.5383333333333333
BootstrapThumbnail:0.42
BootstrapEditText:0.33166666666666667
