Record:0.6233333333333333
RecordTest:0.30333333333333334
DCMIRecord:0.23
RecordFactory:0.12
