ParcelAnnotationProcessor:0.5616666666666666
ParcelProcessor:0.49
ParcelerModule:0.43666666666666665
