TableAbstract:0.6161111111111112
TableUtils:0.17933333333333332
