DbSnmpInterfaceEntry:0.5866666666666667
NtpMessage:0.37
RescanProcessor:0.32
IfSnmpCollector:0.29
SuspectEventProcessor:0.23666666666666666
PerformanceModel:0.21333333333333335
EventHandler:0.14
NtpPlugin:0.005
NtpMonitor:0.0
