ModuleTestBase:0.7966666666666666
CarrierTest:0.35833333333333334
