MonitorModel:0.4446785714285715
MonitorWindow:0.4
PersonTableModel:0.27366666666666667
EventTableModel:0.24666666666666667
TableSorter:0.19
UnitTableModel:0.19
MissionTableModel:0.18666666666666668
MonitorTab:0.16333333333333333
