DOWriter:0.7911111111111111
SimpleDOWriter:0.7378333333333335
