ApplicationPreferences:0.6533333333333333
UsageDataCollector:0.4633333333333333
ERDesignerMainFrame:0.32666666666666666
UsageDataEditor:0.27666666666666667
ERDesignerBundle:0.043333333333333335
