Stage:0.6766666666666666
Attempt:0.52
Switch:0.5
Template:0.49333333333333335
Frame:0.4766666666666667
DerivationStack:0.45
Step:0.4166666666666667
Location:0.37333333333333335
Derivation:0.36666666666666664
Term:0.35333333333333333
Program:0.32666666666666666
Procedure:0.32
CtrlSchedule:0.24666666666666667
Automaton:0.23333333333333334
MatchResult:0.22666666666666666
CtrlLoader:0.22
ForestLayouter:0.21666666666666667
TemplateBuilder:0.20666666666666667
RecipeTest:0.20666666666666667
CompositeControlModel:0.18666666666666668
TermDerivationTest:0.18333333333333332
CallStack:0.17666666666666667
OrTerm:0.17666666666666667
ProgramBuildTest:0.17666666666666667
TemplateBuildTest:0.17666666666666667
AtomTerm:0.17333333333333334
BodyTerm:0.17
UntilTerm:0.17
CallTerm:0.17
TransitTerm:0.17
WhileTerm:0.17
StarTerm:0.17
CtrlTester:0.15666666666666668
PatternGraphFrameMatchCollector:0.15333333333333332
SeqTerm:0.15333333333333332
SwitchStack:0.15333333333333332
AutomatonBuildTest:0.14666666666666667
TestConfluence:0.14333333333333334
DerivationAttempt:0.08666666666666667
CtrlStep:0.05
SwitchAttempt:0.05
ControlEdge:0.04666666666666667
ControlGraph:0.043333333333333335
ControlNode:0.041666666666666664
StepAttempt:0.016666666666666666
