JFlexXref:0.7333333333333333
JFlexNonXref:0.41333333333333333
Tag:0.41031746031746036
Definitions:0.35
