IOSSound:0.7133333333333334
IOSMusic:0.32111111111111107
IOSAudio:0.17333333333333334
