Callback:0.8288095238095238
CallbackResponseHandler:0.5344444444444444
UiCallback:0.3016666666666667
