WebSocketServer:0.4375
WebSocketServerFactory:0.30522222222222223
WebSocketFactory:0.24016666666666667
DefaultSSLWebSocketServerFactory:0.13333333333333333
DefaultWebSocketServerFactory:0.11333333333333333
