JSONCallback:0.615
JSONSerializersTest:0.4266666666666667
JSONCallbackTest:0.3333333333333333
