CA:0.7
JFreeChartsEngineMessages:0.6243333333333333
ChartsEngineMessages:0.5
RChartsEngine:0.36333333333333334
JFCChartsEngine:0.35333333333333333
ChartsEngine:0.25
Toolbox:0.22316666666666668
JFCChartsSwingComponentsProvider:0.17
FCAItemSelectionRenderer:0.15333333333333332
RChartsEngineMessages:0.0
