BenchmarkQueryResult:0.5766666666666667
BenchmarkQueryRunner:0.43
BenchmarkResultsPrinter:0.4066666666666667
