SetAnalyzerTest:0.38666666666666666
InformationSchemaTest:0.38
StringSetting:0.2633333333333333
ExpressionToTimeValueVisitor:0.19333333333333333
CrateSettings:0.12666666666666668
ClusterSettingsExpression:0.11
ByteSizeSettingsApplier:0.03
FloatSettingsApplier:0.03
DoubleSettingsApplier:0.03
