OpenWelcomePage:0.42333333333333334
OpenLocalizedWebPage:0.42333333333333334
OpenManual:0.42333333333333334
