SparkUtils:0.48833333333333334
ParameterAveragingTrainingMaster:0.3855555555555556
TransferLearningHelper:0.2733333333333333
