SearchRequest:0.4866666666666667
SearchRequestBuilder:0.36333333333333334
RestActions:0.36
TransportDeleteByQueryActionTests:0.35
ChildQuerySearchIT:0.25333333333333335
SearchService:0.23
RestSearchAction:0.15666666666666668
MultiSearchRequestTests:0.1561111111111111
SearchWarmer:0.14
RestCountAction:0.09
RestMultiSearchAction:0.08666666666666667
RestDeleteByQueryAction:0.07666666666666666
RestPutWarmerAction:0.06333333333333334
