Manager:0.4666666666666667
Socket:0.45
Packet:0.4083888888888889
IO:0.25
SocketTest:0.13
