JavaScriptEngineTest:0.5958333333333333
WebResponseData:0.5933333333333334
StyleSheetListTest:0.20666666666666667
WebResponseDataTest:0.09333333333333334
