DefaultLayoutParser:0.6777777777777778
DefaultLayoutPainter:0.44666666666666666
