XSDNativeType:0.67
LookCapacitiesHandler:0.5
PropertyParser:0.37666666666666665
AbstractLookHandler:0.27
XSDTypeRestriction:0.23666666666666666
NOT_RELEVANT:0.16666666666666666
LookDefinitionHandler:0.13666666666666666
UnsignedLong:0.11333333333333333
OpenLookCapacitiesAction:0.11333333333333333
AbstractXSDNativeType:0.11333333333333333
UnsignedInt:0.11333333333333333
SynthConverterAction:0.11
AnyURI:0.11
OpenLookDefinitionAction:0.10666666666666667
SpecialValues:0.10444444444444444
