ClientConductor:0.38666666666666666
MappedRawLog:0.38
TermBuffers:0.3414285714285714
EventCodec:0.30666666666666664
FlyweightTest:0.29
ClientProxy:0.27666666666666667
DriverListener:0.275
MappedTermBuffers:0.22666666666666666
ClientConductorTest:0.18916666666666668
DriverListenerAdapter:0.16166666666666665
BufferAndFrameHelper:0.09
