GenbankRead:0.7366666666666667
GenbankReport:0.6633333333333333
