ParseCpsl:0.4533333333333333
SyntaxTreeViewer:0.35
ParseCpslTokenManager:0.29333333333333333
AnnotationSetImpl:0.27
TestJdk:0.2
