FlowUrlHandler:0.6166666666666667
MvcView:0.48333333333333334
FlowHandler:0.45
PortletExternalContext:0.33666666666666667
DefaultFlowUrlHandler:0.29
AjaxHandler:0.25
FlowControllerTests:0.21
MvcViewTests:0.20166666666666666
PortletExternalContextTests:0.19666666666666666
PortletMvcViewTests:0.18000000000000005
FlowHandlerAdapterTests:0.17666666666666667
InternalFlowResourceMvcViewFactory:0.16
ServletMvcViewTests:0.1480555555555556
FlowHandlerAdapter:0.14333333333333334
FlowController:0.14333333333333334
ViewResolvingMvcViewFactory:0.13166666666666665
ServletMvcView:0.10333333333333333
MvcViewFactoryCreator:0.10333333333333333
DefaultFlowUrlHandlerTests:0.09666666666666666
PortletMvcView:0.06333333333333334
AbstractFlowHandler:0.023333333333333334
SpringJavascriptAjaxHandler:0.0033333333333333335
MockMvcView:0.0
