MessageImpl:0.5266666666666666
VertxOptionsTest:0.4066666666666667
VertxOptions:0.4066666666666667
EventBusImpl:0.2966666666666667
TestUtils:0.24666666666666667
ClusteredEventBusTest:0.15416666666666667
