InformationMemory:0.5666666666666667
EjbcaWebBean:0.5366666666666666
AuditorManagedBean:0.49
StartServicesServlet:0.16
