SQLRequest:0.5566666666666666
XContentGenerator:0.32666666666666666
ParsedStatement:0.23666666666666666
HttpBlobHandler:0.20666666666666667
TransportSQLActionTest:0.16
QueryVisitor:0.15
SQLRequestBuilder:0.10633333333333334
TransportSQLAction:0.08666666666666667
RestSQLAction:0.08666666666666667
RestSqlActionTest:0.04666666666666667
SQLXContentSourceContext:0.03
Fields:0.0033333333333333335
