HttpClientConnection:0.5433333333333334
Pool:0.5022222222222222
ClientConnection:0.47
HttpClientRequestImpl:0.33666666666666667
Http1xPool:0.31666666666666665
Http2ClientConnection:0.25333333333333335
Http2Pool:0.24
ConnQueue:0.14
