Reflection:0.5033333333333333
jq_Class:0.39666666666666667
jq_Type:0.36666666666666664
MethodInterpreter:0.27
jq_Member:0.25333333333333335
MethodInvocation:0.19333333333333336
Hello:0.17
ObjectTraverser:0.1
jq_RegisterState:0.0
