CustomErrorPages:0.7016666666666667
CustomErrorPagesTest:0.20666666666666667
