Visitor:0.5666666666666667
PlanPrinter:0.43666666666666665
LocalQueryRunner:0.29
QueryExplainer:0.2511111111111111
