JEditBuffer:0.15037532
IndentRule:0.10110064
Mode:0.057242516
IndentAction:0.056036696
TextUtilities:0.050136007
TokenMarker:0.040226545
TokenHandler:0.022467108
Token:0.012088489
