TransferHandler:0.21423288
PasteSpecialDialog:0.19657204
TextArea:0.19119598
MouseHandler:0.116847254
JEditBuffer:0.11247649
JEditRegisterSaver:0.08421026
RegisterViewer:0.07326206
jEdit:0.060965266
JEditDataFlavor:0.053350244
RegisterChanged:0.046900406
Selection:0.0388243
RegisterSaver:0.033069346
Mode:0.028205324
HistoryModel:0.028145878
RegistersListener:0.025860129
Log:0.01974269
LogViewer:0.019506674
JEditRichText:0.011945177
