VFSBrowser:0.3159254
VFSFileNameField:0.1545782
VFS:0.1400243
VFSFile:0.12218577
GUIUtilities:0.118925706
BrowserListener:0.1134768
VFSManager:0.09610952
FileVFS:0.09307252
jEdit:0.09039345
Buffer:0.080272384
ManagePanel:0.07478673
View:0.058560092
MiscUtilities:0.049565505
JEditBuffer:0.022979904
HistoryTextField:0.018642746
WorkThreadPool:0.018409226
EnhancedDialog:0.012111795
WorkThreadProgressListener:0.010887897
