ImageView:0.5366666666666666
VectorDrawable:0.3566666666666667
Adapter:0.23111111111111116
NavigationViewActivity:0.17
SVGView:0.16666666666666666
ViewHolder:0.13777777777777775
CarbonContextWrapper:0.10333333333333333
