IMolecularFormula:0.6566666666666666
MolecularFormula:0.5766666666666667
IMolecularFormulaSet:0.4922222222222223
MolecularFormulaSet:0.2866666666666667
AdductFormulaTest:0.24666666666666667
AdductFormula:0.23194444444444448
IAdductFormula:0.22509523809523804
MolecularFormulaSetTest:0.16333333333333333
