XmlConfigBuilder:0.39666666666666667
SpringXmlConfigBuilder:0.32666666666666666
TopicTest:0.31
GroupProperties:0.16
