TopNProjection:0.4033333333333333
Merge:0.37333333333333335
ProjectionBuilder:0.30666666666666664
PlannerTest:0.24333333333333335
ProjectionVisitor:0.20333333333333334
GroupByPlannerTest:0.19666666666666666
NestedLoopConsumerTest:0.18
Visitor:0.17666666666666667
GlobalAggregateConsumer:0.14
ProjectionToProjectorVisitor:0.14
