PollerBackEndTest:0.43666666666666665
EventBuilder:0.39
DefaultPollerBackEnd:0.36666666666666664
Main:0.23333333333333334
