PersistOperationBuilder:0.45
BasePersister:0.37666666666666665
DefaultCollectionAgentService:0.36666666666666664
RrdRepository:0.21
SnmpAttributeTest:0.03666666666666667
