StringFunctions:0.47833333333333333
FunctionRegistry:0.36666666666666664
TestStringFunctions:0.31666666666666665
