Group:0.4033333333333333
Widget:0.35
Actor:0.3333333333333333
Skin:0.27666666666666667
LibgdxToolkit:0.26
WidgetGroup:0.25333333333333335
FlickScrollPane:0.25
