Entry:0.77
Dictionary:0.25
DictionaryHandler:0.21861111111111114
DictionaryDatabase:0.19
CDKDictionaryReferences:0.17666666666666667
