Task:0.5066666666666667
AbstractClientConnectionHandler:0.27
AbstractJPPFClientConnection:0.24
ClassServerDelegateImpl:0.19666666666666666
MatrixRunner:0.19333333333333333
LocalExecutionRunner:0.17333333333333334
DataSizeRunner:0.11666666666666667
SubmissionManager:0.10666666666666667
Runner:0.10416666666666667
DeadlockRunner:0.09666666666666666
TestObject:0.027936507936507933
