BaseTest:0.5266666666666666
RedissonTest:0.39
BaseReactiveTest:0.33
RedissonTwoLockedThread:0.24666666666666667
