BibtexResourceContentProvider:0.39666666666666667
ChooseIdWizardPage:0.32
SpecMolEditorContributor:0.3
AssignBibtexWizard:0.22666666666666666
SpecMolEditor:0.19
ChooseBibtexWizardPage:0.14333333333333334
AssignBibtexAction:0.016666666666666666
