TestGroups:0.801
PrestoLdapCliTests:0.6366666666666667
ImmutableLdapObjectDefinitions:0.31333333333333335
