Record:0.6305555555555555
RecordArray:0.5433333333333334
SimpleRecord:0.38666666666666666
RecordType:0.32666666666666666
RecordDelegate:0.32
AbstractRecord:0.21666666666666667
SimpleRecordArray:0.2
DynamicRecord:0.19666666666666666
AccessorRecord:0.06333333333333334
