FragmentIoTests:0.6466666666666666
RawIoTest:0.44
BaseIoTest:0.17833333333333334
RawIoFragmentTest:0.07666666666666666
