ClusterSearchShardsGroup:0.7511111111111111
ClusterSearchShardsIT:0.18666666666666668
ClusterSearchShardsResponseTests:0.1426190476190476
