JsonSupport:0.6866666666666666
Namespace:0.48333333333333334
JacksonJsonSupport:0.39666666666666667
PacketDecoder:0.34
JsonSupportWrapper:0.22333333333333333
DecoderEventPacketTest:0.17333333333333334
DecoderBaseTest:0.17333333333333334
SocketIOChannelInitializer:0.14666666666666667
