ShardStateAction:0.4033333333333333
ReplicationPhase:0.33
TransportReplicationAction:0.27
TransportReplicationActionTests:0.26666666666666666
TestShardStateAction:0.20333333333333334
ShardStateActionTests:0.11666666666666667
