GUIUtilities:0.86
EnhancedMenuItem:0.3311111111111111
GrabKeyDialog:0.29333333333333333
ShortcutsModel:0.19333333333333333
EnhancedCheckBoxMenuItem:0.14555555555555558
ActionHandler:0.13666666666666666
InputPane:0.1
