IsotopeDiff:0.5933333333333334
DoubleDifferenceTest:0.30833333333333335
MdiffTests:0.2733333333333333
