WebServiceTemplate:0.6166666666666667
WebServiceGatewaySupport:0.26
WebServiceOperations:0.16777777777777778
WebServiceMessageCallback:0.15333333333333332
WebServiceTemplateTest:0.06666666666666667
