ViewUtil:0.5266666666666666
HierarchyTypeSelectUtils:0.45666666666666667
DeployReportFormTag:0.19666666666666666
BaseDeployProcessDefinitionAction:0.19
BaseDeployReportAction:0.17333333333333334
BulkDeployDefinitionFormTag:0.17222222222222225
DeployBotTag:0.16
BulkDeployProcessDefinitionAction:0.15333333333333332
AnalizeReportAction:0.14666666666666667
