DefaultTraversalVisitor:0.44
BindingRewritingTraversal:0.25
BindingVisitorTest:0.20666666666666667
MetaDataModule:0.18707936507936507
TestModule:0.15333333333333332
BindingRewritingVisitor:0.10333333333333333
