ReadValueToBytes:0.7366666666666667
ReadValueToLazyBytes:0.35777777777777775
