AbstractListenersOnReconnectTest:0.5733333333333334
ReplicatedMapEntryListenerOnReconnectTest:0.19
EntryListenerOnReconnectTest:0.12333333333333334
MultiMapEntryListenerOnReconnectTest:0.12333333333333334
QueueItemListenerOnReconnectTest:0.12333333333333334
SetItemListenerOnReconnectTest:0.12333333333333334
ListItemListenerOnReconnectTest:0.12333333333333334
TopicOnReconnectTest:0.12333333333333334
