BasicAttribute:0.6033333333333334
ExpectedValue:0.23833333333333334
LobBindingTests:0.2
ExplicitHibernateTypeSourceImpl:0.09333333333333334
