BasicEditor:0.5066666666666667
BeanPanel:0.4093333333333333
Proxy:0.35333333333333333
AdvancedEditor:0.19333333333333333
Cancel:0.14333333333333334
