Saros:0.6833333333333333
SkypeManager:0.2866666666666667
RosterView:0.26
PreferenceConstants:0.20055555555555557
PreferenceInitializer:0.18
AdvancedPreferencePage:0.16333333333333333
SkypeAction:0.06666666666666667
