Tab:0.8227777777777778
TabController:0.18333333333333332
HelloWorldTab:0.18
TabControllerTest:0.05
HelloWorldTabTest:0.02666666666666667
TabbedMainPageTest:0.025333333333333333
