ConnectorIndexResolver:0.5666666666666667
IndexManager:0.36666666666666664
ConnectorManager:0.3
TpchIndexResolver:0.20333333333333334
ServerMainModule:0.19666666666666666
ClassLoaderSafeConnectorIndexResolver:0.13333333333333333
