WebClientTest:0.5061111111111111
WindowConcurrencyTest:0.2841666666666667
Geolocation:0.23800000000000002
MimeTypeTest:0.22333333333333333
DisabledElementTest:0.18333333333333332
DebugFrameImplTest:0.14333333333333334
