HackPlanFragmentSourceProvider:0.44
TestQueries:0.37333333333333335
TaskScheduler:0.31666666666666665
AbstractSqlBenchmark:0.15
ServerMainModule:0.14333333333333334
