PageDownstreamContext:0.5366666666666666
PageDownstream:0.45616666666666666
IteratorPageDownstreamTest:0.22666666666666666
IteratorPageDownstream:0.19333333333333333
PageDownstreamContextTest:0.14333333333333334
