TestRun:0.5
RunListenerAdapter:0.48333333333333334
JUnit4TestEngineExecutionTests:0.26666666666666666
