CommunicationsStub:0.66
LocalApplicationLogEntry:0.4166666666666667
AuditTrailTopComponent:0.2733333333333333
PopupProvider:0.22111111111111115
LocalAttributeMetadata:0.1902777777777778
ComplexQueryResultTopComponent:0.17
AuditTrailTableModel:0.06611111111111112
DeleteListTypeAction:0.06333333333333334
DeleteBusinessObjectAction:0.06333333333333334
AuditTrailService:0.05944444444444444
