MultifactorAuthenticationProperties:0.48
Swivel:0.27666666666666667
U2FAuthenticationHandler:0.22333333333333333
GoogleAuthenticatorAuthenticationHandler:0.22333333333333333
