AdminModule:0.5866666666666667
SecurityDao:0.5822222222222223
AbstractAdminModule:0.4633333333333333
Condition:0.2966666666666667
SecurityDaoImpl:0.24
