JPPFNode:0.48333333333333334
SlaveNodeManager:0.41333333333333333
NioServer:0.35333333333333333
Diagnostics:0.27
WaitInitialBundleState:0.22666666666666666
