GlobalValidatorsWizardPage:0.44666666666666666
GroovyParamsComposite:0.43666666666666665
ValidatorInfoControl:0.43333333333333335
DefaultValidatorInfoControl:0.1624761904761905
GroovyValidationModel:0.11592063492063491
