JUnitCommandLineParseResult:0.30333333333333334
FilterFactoryParams:0.2833333333333333
JUnitCommandLineParseResultTest:0.25
FilterFactoriesTest:0.19
FilterFactoryStub:0.18509523809523812
FilterFactories:0.17666666666666667
CategoryFilterFactoryTest:0.15666666666666668
DummyTest:0.15276190476190485
DummyFilter:0.08333333333333333
DummySuite:0.03631746031746032
