KablinkFileSystem:0.7733333333333333
WebdavKablink:0.34
KablinkFileSystemLibrary:0.30666666666666664
KablinkFileSystemInternal:0.2833333333333333
KablinkSecurity:0.27051984126984113
DispatchServer:0.19333333333333333
BasicLoginModule:0.18333333333333332
KablinkFileSystemImpl:0.14666666666666667
KablinkGroup:0.14333333333333334
KablinkLoginModule:0.13888888888888887
KablinkPrincipal:0.11666666666666667
KablinkFileSystemException:0.09
KablinkServlet:0.0
KablinkRole:0.0
