LuceneWriteSession:0.5516666666666666
IndexSynchronizationManager:0.51
LocalLuceneWriteSession:0.32666666666666666
SsfIndexInterface:0.24
