Euler:0.7266666666666667
Parser:0.5033333333333333
EulerRunner:0.17666666666666667
