Cluster:0.6276111111111111
DBTCPConnector:0.6
BaseCluster:0.21333333333333335
DefaultClusterableServerFactory:0.05333333333333334
TestClusterableServerFactory:0.05
ClusterableServerFactory:0.03
