DeterministicSeed:0.7233333333333334
Builder:0.27166666666666667
