DefaultCategory:0.2633333333333333
CategoryPositiveAlertAmes:0.20277777777777775
CategoryNoGenotoxicAlert:0.20277777777777775
CategoryNoNongenotoxicAlert:0.20277777777777775
CategoryPositiveAlertGenotoxic:0.20277777777777775
CategoryPositiveAlertNongenotoxic:0.20277777777777775
MutantTreeResult:0.2
ProteinBindingTreeResult:0.17333333333333334
DNABindingTreeResult:0.17333333333333334
SkinSensitisationTreeResult:0.17333333333333334
SMARTCypTreeResult:0.17333333333333334
AmesMutagenicityTreeResult:0.13333333333333333
NoAlerts:0.06666666666666667
SkinSensitisationCategory:0.06666666666666667
DNABindingCategory:0.06666666666666667
ProteinBindingCategory:0.06666666666666667
