CongestionControl:0.6028333333333333
PublicationImage:0.43
CubicCongestionControl:0.26
StaticWindowCongestionControl:0.17416666666666666
