Caches:0.5266666666666666
BeginInvalidationCommand:0.4633333333333333
ClusteredTimestampsRegionImpl:0.3233333333333333
CacheCommandInitializer:0.25333333333333335
