AsyncProvidersBasicTest:0.37333333333333335
ChunkingTest:0.2866666666666667
RedirectConnectionUsageTest:0.22333333333333333
BodyDeferringAsyncHandlerTest:0.19666666666666666
WebDavBasicTest:0.19666666666666666
ByteMessageTest:0.19
RemoteSiteTest:0.18
SimpleAsyncHttpClientTest:0.17666666666666667
