Data:0.6066666666666667
DataService:0.36666666666666664
RoutingService:0.27
DataExtractorService:0.2277777777777778
RoutingContext:0.19666666666666666
HsqlDbTrigger:0.19666666666666666
AcknowledgeServiceTest:0.18333333333333332
DataExtractorTest:0.17
OutgoingBatchServiceTest:0.14333333333333334
DataExtractorServiceTest:0.14333333333333334
TestConstants:0.016666666666666666
