LogFile:0.5366666666666666
XmlServlet:0.42
StatusHelper:0.19666666666666666
LogFileReader:0.09666666666666666
XmlServletTest:0.04666666666666667
LogFileReaderTest:0.02666666666666667
