FtpVFS:0.7133333333333334
DirectoryCache:0.44333333333333336
SFtpConnection:0.30333333333333334
