DefaultAuthorization:0.4766666666666667
JAASRealm:0.44
ReducedPolicyEnforcementPoint:0.4166666666666667
ReducedPolicyFinderModule:0.11333333333333333
Transom:0.10333333333333333
ActionNamespace:0.09
JAASNullLoginModule:0.043333333333333335
