OutputHandler:0.5812777777777778
Query:0.4533333333333333
StatusPrinter:0.4066666666666667
AlignedTuplePrinter:0.35
OutputProcessor:0.20333333333333334
TestOutputProcessor:0.18
TestAlignedTuplePrinter:0.15666666666666668
CollectingHandler:0.08666666666666667
DelimitedTuplePrinter:0.056666666666666664
