StudyListLocal:0.6569444444444444
StudyModel:0.45666666666666667
StudyListPage:0.32
ContentEditDelegate:0.3
StudyListBean:0.17666666666666667
