AuthenticationRiskNotifier:0.38333333333333336
AuthenticationRiskTwilioSmsNotifier:0.15666666666666668
AuthenticationRiskEmailNotifier:0.15666666666666668
