Visitor:0.6183333333333333
ExpressionInterpreter:0.5433333333333333
ApproximateAverageAggregation:0.31666666666666665
