TaskManager:0.7516111111111111
PopupContent:0.38333333333333336
