OptionsView:0.59
ConfigurationView:0.31333333333333335
ClientsView:0.29
FederationView:0.26666666666666666
