TestSemPredEvalParser:0.5333333333333333
TestFullContextParsing:0.4166666666666667
TestNonGreedyLoops:0.36333333333333334
