GL31:0.6333333333333333
NV_explicit_multisample:0.605
GLContext:0.38333333333333336
EXT_provoking_vertex:0.27051984126984113
AMD_performance_monitor:0.21777777777777782
NV_transform_feedback2:0.19777777777777777
ARB_uniform_buffer_object:0.19777777777777777
AMD_vertex_shader_tesselator:0.006666666666666667
EXT_Cg_shader:0.0
ARB_compatibility:0.0
AMD_texture_texture4:0.0
EXT_vertex_array_bgra:0.0
EXT_texture_swizzle:0.0
ATI_meminfo:0.0
