Function:0.43333333333333335
CurrentTimestamp:0.13666666666666666
CurrentUser:0.13666666666666666
CurrentTime:0.13666666666666666
TimestampDiff:0.13666666666666666
DateDiff:0.13666666666666666
CurrentDate:0.13666666666666666
DateExpression:0.13333333333333333
SQLClause:0.13
