NettyWebSocket:0.6033333333333334
NettyRequestSender:0.44
NettyBodyBody:0.24333333333333335
NettyInputStreamBody:0.24333333333333335
NettyFileBody:0.24
