Structure:0.82
UnionTest:0.3933333333333333
Union:0.32166666666666666
