Transaction:0.56
Wallet:0.4955555555555555
WalletTest:0.17
TestRiskAnalysis:0.04666666666666667
TestCoinSelector:0.03388888888888889
