Robolectric:0.5466666666666666
ShadowNetworkInfo:0.3566666666666667
FakeHttpLayer:0.27666666666666667
TestHttpResponse:0.18
TestHttpEntity:0.12666666666666668
DefaultRequestDirectorTest:0.09
