RequestAttributes:0.8066666666666666
PageAttributes:0.3233333333333333
