StaticInfoDecoder:0.5
StaticInfoEncoder:0.34
SbeStatsInitializationReport:0.23666666666666666
HwDeviceInfoGroupDecoder:0.21022222222222223
ModelParamNamesDecoder:0.15333333333333332
ModelParamNamesEncoder:0.11333333333333333
