BulkRequest:0.5283333333333334
AsyncDeleteByQueryAction:0.32666666666666666
SearchScrollRequest:0.225
ClearScrollRequest:0.205
