ServerConfiguration:0.7233333333333334
JFXServerWrapper:0.33666666666666667
ServerConfigurationParser:0.31666666666666665
ARINC661App:0.2816666666666667
JFXPainterUtils:0.22583333333333333
SwingServerWrapper:0.18583333333333332
ConfigProperties:0.0
