BinderModule:0.8966666666666666
WebKeys:0.4494444444444445
BinderModuleImpl:0.4266666666666667
WorkspaceTreeController:0.19666666666666666
SendEntryMailController:0.16
SendMailController:0.16
TeamMemebersController:0.043333333333333335
