ToolBarMaker:0.5494444444444445
ChemAction:0.52
JCPMultiPageEditorContributor:0.2633333333333333
