RefProperty:0.78
PropertyBuilder:0.30916666666666665
Reader:0.26666666666666666
