MoveOrderValue:0.6066666666666667
StoreScpService:0.41
StoreScp:0.3233333333333333
MoveOrderBean:0.2733333333333333
EJBHomeFactory:0.27
DataSourceFactory:0.16
MoveScuService:0.06
MillisecondArrayEditor:0.05333333333333334
MoveOrderQueueBean:0.03333333333333333
HomeFactoryException:0.02
