Types:0.6033333333333334
ASTFactory:0.5633333333333334
Rewriter:0.23666666666666666
DestructorGenerator:0.17
GwtConverter:0.14666666666666667
