Key:0.58
ContainerBuilder:0.4033333333333333
ContainerImpl:0.3333333333333333
FieldInjector:0.12666666666666668
AllTests:0.11333333333333333
ManualKey:0.0875
KeyTest:0.043333333333333335
