BrowserCapabilitiesException:0.7366666666666667
WFFormTag:0.28
InfoPathFormHelper:0.24
ActionExceptionHelper:0.20333333333333334
Messages:0.20111111111111113
