BeanCopy:0.6866666666666666
BeanVisitor:0.2833333333333333
Source:0.2733333333333333
BeanCopyTest:0.14333333333333334
