Text:0.4866666666666667
DataDefinitionProvider:0.4533333333333333
MakumbaSystem:0.42
mdd:0.42
Query:0.41
RecordParser:0.38666666666666666
DBConnection:0.36666666666666664
Database:0.36
DataDefinitionProviderInterface:0.34365079365079365
Logic:0.33666666666666667
version:0.32
ResourcePool:0.2966666666666667
JavaParseData:0.2966666666666667
ControllerFilter:0.28833333333333333
TableManager:0.2866666666666667
SourceSyntaxPoints:0.2783333333333333
JspParseData:0.27666666666666667
RecordInfo:0.26311111111111113
FieldCursor:0.24666666666666667
table:0.24333333333333335
MakumbaDataDefinitionFactory:0.24
Responder:0.22666666666666666
CodeGenerator:0.22
DBConnectionWrapper:0.22
QueryAST:0.21333333333333335
ptrEditor:0.21
FormTagBase:0.21
HqlAnalyzer:0.19333333333333333
LineViewer:0.19333333333333333
SQLPointer:0.19305555555555554
GeneratedCodeViewer:0.18333333333333332
copy:0.17666666666666667
HibernateSFManager:0.17333333333333334
ObjectImporter:0.17333333333333334
javaViewer:0.17
errorViewer:0.17
MddToMapping:0.17
jspViewer:0.16666666666666666
MultipartHttpParameters:0.16666666666666666
DataHolder:0.16666666666666666
TagExceptionServlet:0.16333333333333333
Configuration:0.16
HtmlTableImporter:0.16
ValidationDefinitionViewer:0.1577777777777778
OQLQueryProvider:0.15666666666666668
mddViewer:0.15444444444444444
NamedResourcesContextListener:0.15333333333333332
SourceViewServlet:0.15
BoundaryInputStream:0.14666666666666667
ObjectToRecord:0.14
NameCase:0.12
FileStrategy:0.11666666666666667
Grouper:0.11
MddToClass:0.10333333333333333
MysqlTableManager:0.09333333333333334
DataTypeListerServlet:0.08333333333333333
SQLUpdate:0.07333333333333333
DataObjectViewerServlet:0.07
MddObjectType:0.05333333333333334
