OidcIdTokenGeneratorService:0.5333333333333333
OidcServiceJsonWebKeystoreCacheLoader:0.5322222222222223
