PayloadTransformingInterceptor:0.37333333333333335
SimpleWsdl11Definition:0.34555555555555556
ResourceSource:0.30666666666666664
SchemaLoaderUtils:0.26
WsdlDefinitionHandlerAdapterTest:0.06666666666666667
