GeoDistanceSortBuilder:0.5166666666666667
GeoPolygonQueryBuilder:0.3077777777777778
GeoDistanceSortBuilderTests:0.2633333333333333
ESTestCase:0.26
GeoDistanceQueryBuilderTests:0.23666666666666666
GeoPolygonQueryBuilderTests:0.2
GeoDistanceRangeQueryTests:0.2
GeoBoundingBoxQueryBuilderTests:0.19416666666666665
GeoDistanceSortBuilderIT:0.13333333333333333
