KeyStoreWrapper:0.57
PluginInfo:0.36
Bootstrap:0.31666666666666665
ListPluginsCommandTests:0.26666666666666666
InstallPluginCommandTests:0.22333333333333333
PluginsService:0.195
InstallPluginCommand:0.19333333333333333
PluginSecurityTests:0.16666666666666666
NodeInfoStreamingTests:0.10666666666666667
DummyPluginInfo:0.09333333333333334
BootstrapTests:0.07583333333333334
KeyStoreWrapperTests:0.06333333333333334
