StreamUtils:0.5633333333333334
FileUtils:0.4866666666666667
IOHelper:0.27666666666666667
TypedProperties:0.2733333333333333
ObjectSerializerImpl:0.21333333333333335
ServerDebug:0.20333333333333334
ApplicationConnection:0.15333333333333332
JPPFConfiguration:0.15
VersionUtils:0.15
LocalNodeMessage:0.14333333333333334
ClientMessage:0.13333333333333333
RemoteNodeMessage:0.13
LocalNodeIO:0.12333333333333334
ObjectDeserializationTask:0.08333333333333333
