NetworkPublication:0.5033333333333333
NetworkUtil:0.4666666666666667
ReceiveChannelEndpoint:0.2866666666666667
