Property:0.5166666666666667
Gedcom:0.44
Entity:0.29333333333333333
PropertyName:0.20666666666666667
PropertyAge:0.20666666666666667
PropertyXRef:0.2
PropertyChoiceValue:0.17
