FileBrowser:0.39666666666666667
VFSFileDescriptor:0.3
VFSBrowsingAdapter:0.25733333333333336
VFSPermissionEditor:0.23333333333333334
VFSDirectoryDescriptor:0.22666666666666666
VFSPermissionEditorConfig:0.2066666666666667
FileBrowserConfig:0.18000000000000002
NamedComparator:0.11333333333333333
FileBrowserResult:0.11
