StringUtil:0.53
CustomAttribute:0.46
DefinitionModuleImpl:0.33
Statistics:0.27444444444444444
AbstractElementBuilder:0.13333333333333333
PackTools:0.07666666666666666
PackedValue:0.07666666666666666
FieldBuilderExternalUserlist:0.03666666666666667
ElementBuilderPackedString:0.0
ElementBuilderExternalUserlist:0.0
