ShoppingCart:0.6066666666666667
ShoppingCartController:0.44666666666666666
ShoppingCartResult:0.21166666666666667
