MockServiceReference:0.36666666666666664
MockBundle:0.36277777777777775
MockBundleContext:0.2733333333333333
MockBundleTest:0.19333333333333333
MockServiceRegistration:0.16333333333333333
EmptyEnumeration:0.16333333333333333
MockBundleActivatorTest:0.023055555555555555
MockBundleContextTest:0.02
MockServiceRegistrationTest:0.013333333333333334
MockServiceReferenceTest:0.013333333333333334
MockFilterTest:0.0033333333333333335
DefaultBundleContextProperties:0.0
