CConnection:0.38666666666666666
X_C_POSLog:0.38333333333333336
Ini:0.32666666666666666
Replication:0.31
Transaction:0.29333333333333333
CConnectionDialog:0.2277777777777778
PosModel:0.21444444444444447
PosPanel:0.17333333333333334
AboutBox:0.08333333333333333
