TestUtilities:0.6233333333333333
Renderer_2Test:0.31
RendererUITest:0.2633333333333333
RendererTest:0.25833333333333336
