SubstitutionService:0.5866666666666667
SubstitutionServiceDelegate:0.5366666666666666
Substitution:0.26666666666666666
Messages:0.25166666666666665
SubstitutionDAOHibernateImpl:0.24333333333333335
SubstitutionDAO:0.24083333333333334
ServiceTestHelper:0.23666666666666666
JbpmExecutionLogic:0.23
SubstitutionForm:0.22666666666666666
SubstitutionServiceDelegateLocalImpl:0.22333333333333333
SubstitutionDAOProxy:0.20333333333333334
SubstitutionServiceBean:0.20333333333333334
ExecutionServiceDelegateSubstitutionAssignTaskTest:0.19333333333333333
SubstitutionServiceDelegateRemoteImpl:0.19333333333333333
GetNewSubstitutorTaskListTest:0.18666666666666668
SubstitutionLogic:0.17666666666666667
UpdateSubstitutionFormTag:0.16333333333333333
WfeScriptRunner:0.16
TerminatorSubstitution:0.16
SubstitutionBean:0.14333333333333334
UpdateSubstitutionAction:0.13666666666666666
SubstitutionDescr:0.12
SubstitutionTableBuilder:0.09
SubstitutionHeaderBuilder:0.08333333333333333
SubstitutionRowBuilder:0.07333333333333333
DeleteSubstitutionsAction:0.07
TableSubstitutionFunction:0.056666666666666664
