TreeViewer:0.7383333333333333
XPath:0.3983333333333333
