Trace:0.4533333333333333
Table:0.35333333333333333
Index:0.3433333333333333
Logger:0.3075
Database:0.25
Cache:0.22666666666666666
TableWorks:0.14666666666666667
TestTextTables:0.11
