SubclassDynamicTypeBuilderTest:0.45
InstrumentableMatcher:0.2866666666666667
PackagePrivateArgumentType:0.23159523809523813
PrivateMethod:0.23159523809523813
AbstractDynamicTypeBuilderTest:0.1
PackagePrivateReturnType:0.043111111111111114
