FilterDialog:0.4066666666666667
IconTheme:0.27666666666666667
MColorChooser:0.25
VersionPanel:0.25
ResizeDialog:0.16
