Scheduler:0.44333333333333336
ShadowChoreographer:0.43666666666666665
ScheduledRunnable:0.3466666666666667
SchedulerTest:0.31
