AuditConfiguration:0.43666666666666665
MultipleIdMapper:0.39
DefaultRevisionInfoGenerator:0.21666666666666667
BasicCollectionInitializor:0.17666666666666667
AbstractCompositeIdMapper:0.17666666666666667
MapCollectionInitializor:0.17666666666666667
