GenericRef:0.4533333333333333
GenericRefTest:0.3333333333333333
RefModel:0.32661111111111113
RefProperty:0.3043888888888888
RefParameter:0.2838333333333333
