QuasarInstrumentor:0.6466666666666667
Fiber:0.5888888888888889
InstrumentMethod:0.41
