ViewUtil:0.98
ObjectViewMigrator:0.4
DatabaseMigrationStage2:0.2833333333333333
EndToEndViewMigrator:0.21666666666666667
