Context:0.6444444444444445
EventLogger:0.36666666666666664
DissectFunction:0.24
