SelectComputationPage:0.5816666666666667
IComputationContextIds:0.5351825396825398
SelectComputationAction:0.2866666666666667
