ShadowMatrix:0.4666666666666667
ShadowCanvas:0.39
ShadowBitmap:0.3333333333333333
