ArchiveIndex:0.48
ArchiverConductor:0.43
Session:0.3353333333333333
ArchiveFileUtil:0.31
ReplaySession:0.30666666666666664
ImageArchivingSession:0.2833333333333333
StreamInstanceArchiveWriter:0.17666666666666667
StreamInstanceArchiveFragmentReader:0.15333333333333332
ArchiveAndReplaySystemTest:0.14333333333333334
ArchiveIndexTest:0.13333333333333333
ImageArchivingSessionTest:0.12666666666666668
ReplaySessionTest:0.11
