jOOQAbstractTest:0.6266666666666667
ResultImpl:0.37333333333333335
FetchTests:0.3044444444444444
BaseTest:0.27666666666666667
DebuggerTests:0.16111111111111112
