LinuxDisplay:0.64
LinuxMouse:0.25333333333333335
LinuxPbufferPeerInfo:0.20955555555555555
LinuxDisplayPeerInfo:0.20955555555555555
