SessionFactoryFactory:0.4633333333333333
HelloWorldApplication:0.3466666666666667
JerseyIntegrationTest:0.19666666666666666
HibernateBundleTest:0.17333333333333334
SessionFactoryFactoryTest:0.17
HibernateBundle:0.15833333333333333
HelloWorldConfiguration:0.15666666666666668
JDBITest:0.12916666666666668
AbstractLiquibaseCommand:0.10666666666666667
DBIFactory:0.08666666666666667
ManagedLiquibase:0.05
ConfigurationStrategy:0.006944444444444445
