MatrixResource:0.41333333333333333
IMatrixImplementationResource:0.24666666666666667
MatrixImplementationResource:0.19666666666666666
