MultiMap:0.5553452380952381
ListenerItem:0.44
Record:0.4266666666666667
MProxyImpl:0.33
ReplicatedMap:0.32
IMap:0.23666666666666666
MultiMapProxy:0.20666666666666667
ListenerManager:0.18666666666666668
