Qedeq2Latex:0.63
GenerateLatexTest:0.4066666666666667
Qedeq2Utf8Plugin:0.32666666666666666
