Relation:0.47
Solver:0.2966666666666667
BDDInferenceRule:0.2733333333333333
BDDRelation:0.24666666666666667
InferenceRule:0.19333333333333333
