JsonBuffer:0.6
JsonScannerTest:0.3566666666666667
JsonScanner:0.2733333333333333
