AdministrationAction:0.34
UserManagerImpl:0.31333333333333335
RecoverPasswordAction:0.22666666666666666
ConfigurationManager:0.22401587301587308
ConfigurationManagerImpl:0.16
UserManager:0.065
