FlowRegistryImpl:0.45666666666666667
FlowLocatorException:0.25333333333333335
NoSuchFlowDefinitionException:0.20483333333333337
FlowConstructionException:0.20483333333333337
