MyWindowTest:0.6366666666666667
ObjectConstructor:0.6166666666666667
FunctionConstructor:0.16666666666666666
