Questionnaire:0.4766666666666667
Vote:0.44
Status:0.30666666666666664
