TrashHelper:0.5166666666666667
ListFolderHelper:0.38666666666666666
WebKeys:0.2911111111111111
ProfilesBinderHelper:0.2833333333333333
PresenceInfo:0.25
WorkspaceTreeHelper:0.20277777777777778
ListFolderController:0.19333333333333333
ListProfilesController:0.14333333333333334
ShowUser:0.11666666666666667
