Downstream:0.5533333333333333
DistributingDownstream:0.4266666666666667
ResultProviderBase:0.2633333333333333
