CommunicationsStub:0.7661111111111112
AddParameterToReportAction:0.22083333333333333
ExecuteInventoryLevelReportAction:0.18333333333333332
RefreshLocalCache:0.14
