StatementExecutionException:0.8066666666666666
SelectResult:0.32666666666666666
RawEntityQuery:0.30333333333333334
InsertReturningOperation:0.30333333333333334
RawTupleQuery:0.30333333333333334
