CalendarDisplayDataRpcResponseData:0.39
GwtMenuHelper:0.36666666666666664
CalendarFolderView:0.35
GwtViewHelper:0.28833333333333333
CalendarNavigationPanel:0.2644444444444445
EventHelper:0.20333333333333334
EntryMenuPanel:0.17333333333333334
CalendarShowEvent:0.13333333333333333
CalendarHoursEvent:0.13333333333333333
