ApplicationEntityManagerImpl:0.4166666666666667
ActivityDefinition:0.38333333333333336
MessageBox:0.325
ProcessCache:0.24666666666666667
ActivityDefinitionLight:0.23333333333333334
ConditionalActivityDefinition:0.23
RemoteActivityDefinition:0.22333333333333333
ProcessDefinitionLoader:0.16722222222222222
ConditionalArtifactRender:0.14333333333333334
ProcessInstanceView:0.08666666666666667
RemoteConditionalActivityDefinition:0.06666666666666667
Attribute:0.03
