ARINCInteractiveWidget:0.4347619047619048
ConcreteLayerPainter:0.36666666666666664
ARINCPopUpPanelButton:0.2633333333333333
AbstractInteractiveWidget:0.23333333333333334
ARINCPopUpPanel:0.15638888888888888
