Utils:0.4266666666666667
BinderModuleImpl:0.35333333333333333
ObjectKeys:0.18833333333333332
