TaskContext:0.5133333333333333
OperatorContext:0.4
DriverContext:0.36666666666666664
PipelineContext:0.2733333333333333
SqlTaskManager:0.17666666666666667
SqlTaskExecution:0.17666666666666667
AbstractOperatorBenchmark:0.14
MockTask:0.14
