AbstractTestQueries:0.4533333333333333
Analysis:0.37
Visitor:0.36666666666666664
Context:0.34
ExpressionAnalyzer:0.22444444444444447
