Printer:0.84
GenericRepRap:0.28
GCodeReaderAndWriter:0.27
XYZTabPanel:0.27
GCodeRepRap:0.26666666666666666
BotConsoleFrame:0.26
GCodeExtruder:0.25777777777777783
Simulator:0.21777777777777776
