PrismClientProvider:0.47866666666666674
ScribeClientProvider:0.47866666666666674
