OperationRunnerFactory:0.6443333333333333
OperationExecutorImpl:0.55
OperationServiceImpl:0.4066666666666667
OperationRunnerFactoryImpl:0.25
OperationThreadTest:0.20333333333333334
DummyOperationRunnerFactory:0.08666666666666667
