SWDownloadFile:0.5533333333333333
SwarmingManager:0.37333333333333335
RangePriorityRefreshJob:0.17666666666666667
RangePriorityRefreshTimer:0.06333333333333334
