Formatter:0.7666666666666667
TestSqlParser:0.34
TestStatementBuilder:0.33666666666666667
