ClientNearCacheTestSupport:0.52
SerializationCountingData:0.4246666666666667
ClientNearCacheInvalidationTest:0.38666666666666666
ClientCacheSerializationCountTest:0.35
