GZIPResponseWrapper:0.7933333333333333
CompressionFilter:0.26666666666666666
