RenderState:0.63
GLDisplay:0.31833333333333336
WireframeCanvas:0.26666666666666666
VolumeBuilder:0.23666666666666666
Attributes:0.21666666666666667
GLSLVolumeBuilder:0.19416666666666665
FluxVolumeBuilder:0.19416666666666665
GL20DisplayVisitor:0.1475
PrismRectangular:0.12666666666666668
