LdapTemplate:0.5633333333333334
LdapOperations:0.2866666666666667
SubsetPersonAttributesMapper:0.18794444444444441
LdapTemplateLookupITest:0.12333333333333334
LdapTemplateLookupTest:0.11666666666666667
