LoggedPreparedStatement:0.41833333333333333
HitCollection:0.29333333333333333
Terms:0.23333333333333334
AllFetcher:0.22666666666666666
GenesWithSequences:0.1927777777777778
Genes:0.19111111111111112
BulkTermLoader:0.19111111111111112
Articles:0.19
