DefaultBroadcaster:0.7233333333333334
SimpleBroadcaster:0.30666666666666664
AbstractBroadcasterProxy:0.295
