SaveModelAction:0.5432936507936508
LoadModelAction:0.5432936507936508
