CSSStyleDeclarationTest:0.5033333333333333
ComputedCSSStyleDeclarationTest:0.31666666666666665
CSSStyleRuleTest:0.26
CSSImportRuleTest:0.24666666666666667
CSSPrimitiveValueTest:0.18
CSSValueTest:0.1
