ApplicationEntityManager:0.7166666666666667
KuwaibaService:0.4533333333333333
WebserviceBean:0.38666666666666666
WebserviceBeanRemote:0.3566666666666667
ApplicationEntityManagerImpl:0.32
DefaultSyncReader:0.08333333333333333
