CollisionTest:0.45666666666666667
CollisionDetection:0.36833333333333335
BoundingBox:0.3333333333333333
JoglGraphics:0.29333333333333333
Intersector:0.19666666666666666
