DiagnosticsListener:0.5478214285714285
DiagnosticsContext:0.5336785714285714
DiagnosticsResultSet:0.41333333333333333
DefaultDiagnosticsContext:0.17333333333333334
DiagnosticsListeners:0.12
DefaultDiagnosticsListener:0.09166666666666666
