FlowExecutionManagerImpl:0.44666666666666666
StrutsExternalContext:0.41
FlowAction:0.29333333333333333
ActionFormAdapter:0.20333333333333334
FlowExecutionManager:0.16333333333333333
EmptyFlowExecutionListenerLoader:0.023333333333333334
