DataHandler:0.8833333333333333
AnsiDataHandler:0.5366666666666666
WikiDatabase:0.4066666666666667
RolesServlet:0.15666666666666668
