TransportSQLActionTest:0.6027777777777777
CreateIndexResponseListener:0.3333333333333333
TableVisitor:0.2966666666666667
TransportSQLAction:0.21
