SpdyStream:0.43666666666666665
SpdyConnectionTest:0.32666666666666666
BaseTestHandler:0.30666666666666664
Http20Draft09:0.2966666666666667
InFrame:0.28
SpdyConnection:0.24666666666666667
Handler:0.24392857142857144
Reader:0.23333333333333334
Spdy3:0.22333333333333333
