BoundBlogMapper:0.5631111111111111
TypeHandlerRegistry:0.3566666666666667
BaseExecutor:0.32
MapperAnnotationBuilder:0.29
BindingTest:0.2733333333333333
CacheBuilder:0.25333333333333335
TypeHandlerRegistryTest:0.12333333333333334
