TextUtils:0.6133333333333333
UURI:0.5233333333333333
ExtractorJS:0.34444444444444444
LogReader:0.22666666666666666
ExtractorHTML:0.2127222222222222
ServerCache:0.15666666666666668
ExtractorHTML2:0.1530952380952381
ExtractorUniversal:0.13976190476190478
URIRegExpFilter:0.12333333333333334
ExtractorCSS:0.043333333333333335
