SubversionRepository:0.4222222222222222
SubversionHistoryParser:0.4166666666666667
Handler:0.4033333333333333
