Localized:0.43
Content:0.4266666666666667
VirtualFile:0.3566666666666667
StoreContent:0.24333333333333335
Variant:0.24
StoreVariant:0.22
CMSContent:0.19333333333333333
AbstractImageGroup:0.19
StoreContentImageGroup:0.19
ContentLocalizationMap:0.18666666666666668
SitemapNode:0.18666666666666668
