DSLContext:0.7911111111111111
DefaultDSLContext:0.6796666666666666
