IRingSet:0.8066666666666666
RingSet:0.42333333333333334
SSSRFinder:0.37666666666666665
HueckelAromaticityDetector:0.3433333333333333
AllRingsFinder:0.30666666666666664
GeometryTools:0.30666666666666664
RingSetManipulator:0.2866666666666667
RingSetTest:0.25666666666666665
HOSECodeGenerator:0.25666666666666665
SpanningTree:0.23333333333333334
HueckelAromaticityDetectorTest:0.23
ModelBuilder3D:0.22666666666666666
XLogPDescriptor:0.22666666666666666
SmilesGenerator:0.22333333333333333
StructureDiagramGenerator:0.22333333333333333
RingPlacer:0.22333333333333333
Fingerprinter:0.21333333333333335
ForceFieldConfigurator:0.21
RingSearchTest:0.20666666666666667
RDFProtonDescriptor:0.20333333333333334
RingPartitioner:0.2
GenerateFragments:0.19666666666666666
FiguerasSSSRFinder:0.19333333333333333
AllRingsFinderTest:0.18333333333333332
SaturationCheckerTest:0.17666666666666667
TPSADescriptor:0.17
RingSetManipulatorTest:0.11666666666666667
AtomTypeTools:0.11666666666666667
