ConstraintRules:0.5166666666666667
Transform:0.47333333333333333
ModelHandler:0.4477777777777777
