DefaultExecutionTracker:0.3738888888888889
SourceInfo:0.3622222222222222
LoopScope:0.3
