ManagementService:0.4346666666666667
MapMBean:0.32166666666666666
MultiMapMBean:0.23333333333333334
QueueMBean:0.16666666666666666
AtomicLongMBean:0.16
TopicMBean:0.13333333333333333
SemaphoreMBean:0.13
SetMBean:0.13
CountDownLatchMBean:0.08333333333333333
LockMBean:0.07666666666666666
