Builder:0.43333333333333335
AsyncHttpClientConfig:0.3233333333333333
CookieDecoder:0.31333333333333335
NettyResponse:0.26
Protocol:0.24
NettyResponseStatus:0.23333333333333334
NettyAsyncResponseTest:0.20333333333333334
KeyValuePairsParser:0.2
