BrowserVersion:0.79
JavaScriptConfiguration:0.32666666666666666
GWT15Test:0.25666666666666665
HtmlSpanTest:0.20666666666666667
ObjectsTest:0.18666666666666668
