PlainGxl:0.74
Groove:0.5566666666666666
DefaultFileSystemStore:0.32666666666666666
AbstractGxl:0.26
SaveAction:0.20666666666666667
GraphTest:0.20470634920634923
NativePorter:0.18666666666666668
SaveStateAction:0.175
RegExprTyperTest:0.15333333333333332
AbstractAutomatonTest:0.1475
Xml:0.14079365079365078
SaveLTSAsAction:0.11333333333333333
LoadStartGraphAction:0.10666666666666667
