HttpConfiguration:0.73
Environment:0.5666666666666667
ServerCommand:0.24777777777777782
ManagedCommand:0.16
