JSONScanner:0.4633333333333333
HashMapDeserializer:0.24333333333333335
LinkedHashMapDeserializer:0.20666666666666667
CollectionDeserializer:0.15666666666666668
