MoveByAction:0.7188888888888889
Scene2dTest:0.6255555555555556
