DataEntryListResultParameters:0.45
CacheService:0.43666666666666665
CacheInvalidationListener:0.43333333333333335
CacheTemplate:0.3822222222222222
