DTOFactory:0.44666666666666666
StudyQueryCmd:0.33666666666666667
SqlBuilder:0.27666666666666667
StudyBean:0.26666666666666666
SeriesBean:0.24666666666666667
WildCard:0.23666666666666666
CountStudiesCmd:0.18833333333333332
InstanceBean:0.18
DatasetUtil:0.17
QueryStudiesCmd:0.15333333333333332
ContentManagerBean:0.13333333333333333
EJBHomeFactory:0.13
HomeFactoryException:0.006666666666666667
