FunctionsTest:0.63
VariablesTest:0.26666666666666666
CalculatorBaseTest:0.15333333333333332
