DicomDirDOM:0.7366666666666667
FilesetBuilder:0.3933333333333333
MediaComposerService:0.38
