ALTest:0.6133333333333333
PlayTestMemory:0.35777777777777775
PlayTest:0.34
ALCTest:0.2644444444444445
BasicTest:0.043333333333333335
