BinderHelper:0.7366666666666667
ListFolderController:0.30333333333333334
WebKeys:0.2911111111111111
AdvancedSearchController:0.22333333333333333
WorkspaceTreeController:0.21
ViewEntryController:0.13333333333333333
ListProfilesController:0.13333333333333333
ViewController:0.10333333333333333
