IntMap:0.601111111111111
LinkedHashMap:0.5466666666666666
AbstractMapTest:0.39
