Permissions:0.5466666666666666
ServiceTestHelper:0.4266666666666667
UpdatePermissionsOnIdentifiableForm:0.29777777777777775
TableViewSetupForm:0.2575
DefinitionDelegateGetLatestProcessDefinitionStubsTest:0.24666666666666667
ExecutionDelegateGetAllProcessInstanceStubsTest:0.24666666666666667
ReflectionRowBuilder:0.24666666666666667
HideableBlockTag:0.24666666666666667
ExecutionDelegateGetTasksTest:0.24666666666666667
UpdatePermissionsTaskHandler:0.24333333333333335
VariablesMultipartRequestHandler:0.23333333333333334
AuthorizationDelegateGetExecutorsWithPermissionTest:0.20333333333333334
ExecutorDelegateGetAllTest:0.20333333333333334
TableViewSetupFormActionTest:0.20166666666666666
InstanceGraphFormTag:0.19666666666666666
AuthorizationDelegateGetExecutorWithoutPermissionTest:0.19666666666666666
ProcessInstanceSwimlaneRowBuilder:0.19
SubstitutionForm:0.19
ViewControlsHideableBlockTag:0.19
SetSortingActionTest:0.19
UpdatePermissionOnProcessDefinitionActionTest:0.18
UpdatePermissionOnProcessInstanceActionTest:0.18
RedeployProcessDefinitionActionTest:0.16833333333333333
UpdatePermissionOnSystemActionTest:0.16833333333333333
SubmitStartProcessFormActionTest:0.16833333333333333
DeployProcessDefinitionActionTest:0.16833333333333333
GrantReadPermissionOnProcessInstanceActionTest:0.16833333333333333
UpdatePermissionsOnExecutorActionTest:0.16833333333333333
GrantReadPermissionOnProcessDefinitionActionTest:0.16833333333333333
CancelProcessInstanceActionTest:0.16833333333333333
SetPasswordActionTest:0.16833333333333333
RemoveExecutorFromGroupsActionTest:0.16166666666666665
RemoveExecutorsActionTest:0.16166666666666665
RemoveExecutorsFromGroupActionTest:0.16166666666666665
AddChildrenToGroupActionTest:0.16166666666666665
CreateExecutorActionTest:0.16166666666666665
GrantLoginPermissionOnSystemActionTest:0.16166666666666665
GrantReadPermissionOnExecutorActionTest:0.16166666666666665
AddExecutorToGroupsActionTest:0.16166666666666665
UpdateExecutorActionTest:0.16166666666666665
SubmitTaskFormActionTest:0.15666666666666668
ExecutorDelegateGetExecutorsCanBeAddedToGroupTest:0.155
ExecutorDelegateGetGroupsInThatExecutorNotPresentTest:0.155
ExecutorDelegateGetExecutorGroupsTest:0.155
ExecutorDelegateGetGroupChildrenTest:0.155
ExecutorDelegateGetActorsTest:0.155
UndeployProcessDefinitionActionTest:0.15166666666666667
StartProcessInstanceActionTest:0.15
HideableBlockActionTest:0.14333333333333334
TabHeaderForwardActionTest:0.13666666666666666
SubstitutionRowBuilder:0.13
GroupMembersComboboxVarTag:0.11666666666666667
FileVariableValueDownloadVarTag:0.11
TaskRoleTDBuilder:0.10333333333333333
PermissionTableBuilder:0.10333333333333333
UpdatePermissionOnIdentifiableAction:0.09666666666666666
GroupMembersAutoCompletionVarTag:0.09333333333333334
ProcessDefinitionEvaluation:0.09333333333333334
UpdateSubstitutionAction:0.07666666666666666
FilterFormatsFactory:0.0
