DriverConductor:0.6972222222222222
MediaDriver:0.5975000000000001
DataFrameDispatcher:0.44
