JobInstance:0.6566666666666666
JdbcJobDao:0.31666666666666665
AbstractJobDaoTests:0.2833333333333333
SimpleJobLauncher:0.19333333333333333
JobParametersBuilder:0.1877777777777778
SimpleJobRepository:0.16
DefaultJobInstanceLabelGenerator:0.14666666666666667
MapJobDao:0.12666666666666668
