Target:0.64
Utils:0.24666666666666667
InvokeRule:0.22
LL1Loop:0.14333333333333334
MatchToken:0.14
BitSetDecl:0.11
LL1OptionalBlockSingleAlt:0.1
ParserFile:0.013333333333333334
