XorTests:0.2866666666666667
OrTests:0.24333333333333335
DivisionTests:0.24
MultiplicationTests:0.24
RemainderTests:0.24
ShiftTests:0.19416666666666665
SubtractionTests:0.18666666666666668
StringTests:0.15833333333333333
IncrementTests:0.05
