Model:0.5933333333333334
Controller:0.47333333333333333
View:0.38
