ProxyServerActor:0.39166666666666666
EventSourceActor:0.32166666666666666
BehaviorActor:0.32
ActorModule:0.31666666666666665
