ModelResolver:0.48
JAXBAnnotationsHelper:0.4766666666666667
XMLInfoTest:0.2
XmlDecoratedBean:0.014444444444444444
