AppAction:0.75
I18nInterceptor:0.21333333333333335
VtorJsonResult:0.21333333333333335
