AtomTypeHandler:0.55
ValencyHybridChecker:0.5
ValencyHybridCheckerTest:0.4766666666666667
ToolsTests:0.13666666666666666
