LdapTemplate:0.7933333333333333
LdapTemplateTest:0.36333333333333334
