RWorkspace:0.43333333333333335
MemCqiClient:0.36333333333333334
CA:0.3
NetCqiClient:0.26666666666666666
ValidateXml:0.23666666666666666
SpecificitesResult:0.23111111111111116
