SunshineRaytracer:0.6977777777777778
SunshineStandardRaytracer:0.5166666666666667
ObjectHandler:0.44
Kernel:0.38
IntersectionKernel:0.2966666666666667
