HashMap:0.7133333333333334
LinkedHashMap:0.4866666666666667
TreeMap:0.43333333333333335
HashMapTest:0.11
TreeMapTest:0.1
LinkedHashMapTest:0.1
