IndexRequest:0.7266666666666667
UpdateRequest:0.6433333333333333
RobinEngine:0.35333333333333333
AbstractSharedClusterTest:0.35333333333333333
ElasticsearchAssertions:0.33666666666666667
RestUpdateAction:0.29572222222222205
BulkRequest:0.26666666666666666
UpdateRequestBuilder:0.24333333333333335
UpdateTests:0.09666666666666666
UpdateHelper:0.02
BulkTests:0.016666666666666666
