ELFAnalyzer:0.6877777777777778
CVSHistoryParserTest:0.44888888888888884
