MakumbaSystem:0.9483333333333334
NamedResourcesContextListener:0.30666666666666664
