ResultPoint:0.6933333333333334
FinderPattern:0.33666666666666667
AlignmentPattern:0.31666666666666665
Detector:0.23666666666666666
Encoder:0.22666666666666666
FinderPatternFinder:0.20333333333333334
AbstractUPCEANReader:0.18333333333333332
Code39Reader:0.13666666666666666
AbstractOneDReader:0.13666666666666666
ITFReader:0.13666666666666666
MonochromeRectangleDetector:0.10666666666666667
Code128Reader:0.10333333333333333
