Servlet:0.8483333333333334
VFSServlet:0.22666666666666666
