SamlUtils:0.46
SamlRegisteredServiceServiceProviderMetadataFacade:0.42
AbstractSamlProfileHandlerController:0.24666666666666667
ECPProfileHandlerController:0.22666666666666666
SamlProfileSamlSoap11ResponseBuilder:0.12666666666666668
SamlProfileSaml2ResponseBuilder:0.11666666666666667
SamlIdPConstants:0.053888888888888896
