NettyServerHandler:0.4866666666666667
NettyServerHandlerTest:0.3
NettyServerTransport:0.23
FrameListener:0.19666666666666666
KeepAlivePinger:0.023333333333333334
