Ticket:0.9066666666666666
TicketGrantingTicket:0.73
MockServiceTicket:0.42333333333333334
AbstractTicket:0.28
TicketGrantingTicketImpl:0.20666666666666667
EncodedTicket:0.0925
