MvpDelegateCallback:0.6033333333333334
ActivityMvpDelegate:0.54
ActivityMvpDelegateImpl:0.37666666666666665
FragmentMviDelegateImpl:0.3566666666666667
FragmentMvpDelegateImpl:0.3466666666666667
ViewGroupMvpDelegateImpl:0.3333333333333333
MvpFragment:0.26666666666666666
MvpFrameLayout:0.19666666666666666
MvpLinearLayout:0.19666666666666666
MvpRelativeLayout:0.19666666666666666
ActivityMvpDelegateImplTest:0.19333333333333333
MvpActivity:0.18833333333333332
FragmentMvpDelegateImplTest:0.12666666666666668
ViewGroupMvpDelegateImplTest:0.11
ActivityMvpDelegateCallback:0.013333333333333334
