HttpTLSTest:0.5
Cert:0.48611111111111116
PemKeyCertOptions:0.3933333333333333
KeyStoreHelper:0.33666666666666667
PemKeyCertOptionsConverter:0.24333333333333335
KeyStoreTest:0.18333333333333332
