FlowExecutionEntry:0.819111111111111
UtilConcurrentConversationLock:0.21333333333333335
