RWorkspace:0.71
LexicalTableImpl:0.42333333333333334
MatrixImpl:0.29333333333333333
Cooccurrence:0.23666666666666666
LexicalTablePreferencePage:0.22333333333333333
ContingencyTableImpl:0.17333333333333334
DeleteDir:0.08333333333333333
