ObsoleteArticle:0.5346666666666667
AddHit:0.33666666666666667
TermObsoletion:0.31333333333333335
ArticleTable:0.27
