ProcessDefinition:0.52
Swimlane:0.4766666666666667
SwimlaneConfigDialog:0.3566666666666667
SubprocessDefinition:0.30333333333333334
SwimlaneGUIContentProvider:0.19666666666666666
VariablesXmlContentProvider:0.19
SwimlaneEditorPage:0.17666666666666667
SwimlaneAssignerConfigurationDialog:0.13666666666666666
ChangeSwimlaneSelectionListener:0.12
SwimlaneInitializerProvider:0.09
PropertyNames:0.07
