GeoUtils:0.5066666666666667
GeoDistanceSortBuilder:0.3566666666666667
GeoDistanceQueryBuilder:0.23333333333333334
GeoDistanceQueryBuilderTests:0.21666666666666667
GeoDistanceSortBuilderTests:0.21
GeoDistanceSortBuilderIT:0.18333333333333332
DistanceSource:0.16
GeoDistanceTests:0.15666666666666668
