CertificateProfile:0.6866666666666666
CrmfRequestMessage:0.30333333333333334
LocalUserAdminSessionBean:0.29
RSASignSessionBean:0.27
CertReqHistoryDataBean:0.25
UserDataBean:0.19666666666666666
CmpMessageHelper:0.19
CmpResponseMessage:0.18
