Analyzer:0.48333333333333334
AnalyzedStatementVisitor:0.44
UpdateAnalyzer:0.31666666666666665
UnboundDispatcher:0.21666666666666667
SessionTest:0.09166666666666666
UnboundAnalyzer:0.09
AssignmentNameValidator:0.013333333333333334
