ManageRegisteredServicesMultiActionController:0.5466666666666666
RegisteredServiceSimpleFormControllerTests:0.44666666666666666
ManageRegisteredServicesMultiActionControllerTests:0.38666666666666666
