View:0.6433333333333333
Is:0.48
Product2:0.33
ModuleTestBase:0.31333333333333335
ModuleManager:0.29333333333333333
MetaEditor:0.2733333333333333
AJAXTest:0.24666666666666667
Module:0.24333333333333335
WebEditors:0.22333333333333333
CustomerTest:0.16666666666666666
EditorTag:0.12666666666666668
AverageSpeedTest:0.0
