TestMatching:0.8094444444444445
PlanData:0.6633333333333333
