BaseOAuthWrapperController:0.5166666666666667
OAuth20AccessTokenController:0.38333333333333336
OAuth20AccessTokenControllerTests:0.21666666666666667
