WindowsKeyboard:0.51
WindowsDisplay:0.47888888888888886
WindowsKeycodes:0.04833333333333333
