JsonExtract:0.4866666666666667
JsonFunctionBinder:0.25
TestJsonExtract:0.20666666666666667
JsonFunctions:0.20333333333333334
TestJsonFunctions:0.18666666666666668
JsonExtractCache:0.18
JsonSizeExtractor:0.1425
ObjectFieldJsonExtractor:0.06666666666666667
ArrayElementJsonExtractor:0.06333333333333334
