Tuple:0.41905555555555557
Iterable:0.25222222222222224
Convertible:0.21
Tuple0:0.16666666666666666
Tuple4:0.15333333333333332
Tuple5:0.15333333333333332
Tuple6:0.15333333333333332
Tuple7:0.15333333333333332
Tuple1:0.15333333333333332
Tuple2:0.15333333333333332
Tuple3:0.15333333333333332
Tuple8:0.15333333333333332
