SearchModule:0.7333333333333333
ServiceHolder:0.2966666666666667
SearchSourceBuilderTests:0.25666666666666665
BaseAggregationTestCase:0.24666666666666667
BasePipelineAggregationTestCase:0.17333333333333334
AggregatorParsingTests:0.12333333333333334
