IQueue:0.6877777777777778
QueueProxySupport:0.48833333333333334
