Record:0.5966666666666667
ConcurrentMapManager:0.30333333333333334
ThreadBoundInvocationHandler:0.23111111111111116
SchedulableOperationHandler:0.18
AbstractOperationHandler:0.14666666666666667
StoreAwareOperationHandler:0.14666666666666667
TransactionTest:0.11333333333333333
