AuthenticationModulesTest:0.6433333333333333
CrmfMessageHandler:0.5533333333333333
CrmfMessageHandlerTest:0.21333333333333335
