JGraphEditor:0.6427777777777778
XMLAttributeSerializer:0.30666666666666664
ContextMenuFactory:0.30666666666666664
