BindingTest:0.7224444444444444
ParamNameResolver:0.36333333333333334
