MemoryUtil:0.6533333333333333
WindowsDisplay:0.43
ALC10:0.31333333333333335
SignatureTranslator:0.25
ALC11:0.22
CL:0.21666666666666667
GLContext:0.20666666666666667
WindowsSysImplementation:0.18666666666666668
