EditInterpreterDialog:0.63
RubyInterpreterPreferencePage:0.31666666666666665
RubyEnvironmentTab:0.30666666666666664
RubyEntryPointTab:0.24333333333333335
RubyBasePreferencePage:0.18599999999999997
RubyExecutionArgumentsPage:0.18333333333333332
