Activator:0.79
JmolManagerFactory:0.30416666666666664
IJSJmolManager:0.12166666666666667
