UserService:0.93
UserServiceImpl:0.45666666666666667
EditProjectAction:0.15666666666666668
EditUserAction:0.15666666666666668
