HtmlOption:0.7166666666666667
FormField:0.3566666666666667
HtmlOptionGroup:0.31666666666666665
HtmlOptionTest:0.16
HtmlOptionGroupTest:0.09
