ScanResult:0.6433333333333333
AllKindOfValuesCommandsTest:0.3466666666666667
SortedSetCommandsTest:0.3466666666666667
HashesCommandsTest:0.2733333333333333
SetCommandsTest:0.2733333333333333
