ElasticsearchIntegrationTest:0.4666666666666667
ShardActiveRequest:0.4166666666666667
ShardActiveRequestHandler:0.32
IndicesStore:0.2633333333333333
IndicesStoreIntegrationTests:0.17333333333333334
