LayoutFrame:0.45
PathOptimizer:0.4033333333333333
PreviewMap:0.25666666666666665
PathCompactor:0.23333333333333334
IncoreImageProtocolHandler:0.23
Entry:0.1791666666666667
PrintLayoutPlugin:0.17666666666666667
AddPreviewAction:0.043333333333333335
