ComplexNDArray:0.54
NDArray:0.5133333333333333
FFT:0.31333333333333335
ComplexNDArrayUtil:0.27166666666666667
Convolution:0.23666666666666666
