CryptoTokenManagementSessionBean:0.5122222222222222
StartServicesServlet:0.4766666666666667
CryptoTokenManagementSessionLocal:0.24688888888888888
