DesktopAppDownloadDlg:0.4033333333333333
GwtTeamingMessages:0.39888888888888885
GwtServerHelper:0.2866666666666667
DesktopAppDownloadInfoRpcResponseData:0.26
