MaterialCalendarView:0.5833333333333334
State:0.31666666666666665
DynamicSettersActivity:0.31
StateBuilder:0.28
SwappableBasicActivityDecorated:0.17666666666666667
BasicActivityDecorated:0.175
DisableDaysActivity:0.10333333333333333
CustomizeCodeActivity:0.1
