BusinessCalendar:0.5711111111111111
DayPart:0.54
BusinessCalendarImpl:0.49333333333333335
Day:0.37666666666666665
