TaskExecution:0.5599999999999999
ExecutionStats:0.43333333333333335
ExecutionStatsSnapshot:0.37
QueryStats:0.30666666666666664
SqlTaskManager:0.24666666666666667
SqlTaskExecution:0.21666666666666667
TaskSystemTable:0.19666666666666666
AbandonedException:0.18833333333333332
SqlQueryManager:0.18
QuerySystemTable:0.09333333333333334
