HttpQueryClient:0.5266666666666666
HttpTaskClient:0.4766666666666667
QueryRunner:0.19805555555555557
TestHttpQueryProvider:0.18
QueryExecutor:0.17472222222222222
PageResponseHandler:0.15333333333333332
ExecuteResource:0.14777777777777776
ServerMainModule:0.13
HackPlanFragmentSourceProvider:0.09666666666666666
