BinderModule:0.6866666666666666
BinderHelper:0.45666666666666667
ListFolderHelper:0.35
LuceneProvider:0.27666666666666667
GwtServerHelper:0.23333333333333334
GwtViewHelper:0.22666666666666666
ExportHelper:0.225
AbstractEntryProcessor:0.21666666666666667
AbstractBinderProcessor:0.21666666666666667
ProfileModuleImpl:0.21333333333333335
MobileAjaxController:0.20333333333333334
BinderModuleImpl:0.2
WorkspaceTreeHelper:0.2
EditController:0.10666666666666667
GwtBlogHelper:0.10333333333333333
