Robolectric:0.5891111111111111
UriMatcherTest:0.43555555555555564
