BlockNode:0.61
BlockMakerVisitor:0.29
LoopAttr:0.23666666666666666
RegionGen:0.19666666666666666
TestCls:0.1761111111111111
TestLoopCondition:0.16666666666666666
RegionMaker:0.16333333333333333
TypeResolver:0.14666666666666667
ConstInlinerVisitor:0.14
