WebFilter:0.6366666666666667
RequestWrapper:0.45
HazelcastInstanceLoader:0.2833333333333333
