WxCpMessageTest:0.31
WxCpMessageRouterTest:0.18
WxMenuAPITest:0.16666666666666666
WxCpXmlOutVideoMessage:0.14666666666666667
WxCpMediaAPITest:0.14333333333333334
WxCpXmlOutMewsMessage:0.14333333333333334
WxCpXmlOutTextMessage:0.13666666666666666
WxCpXmlOutVoiceMessage:0.13666666666666666
WxCpXmlOutImageMessage:0.13666666666666666
WxCpMessageGsonAdapter:0.10666666666666667
WxCpXmlMessageTest:0.09333333333333334
WxCpMessageAPITest:0.09333333333333334
