PainterUtils:0.4533333333333333
JFXPainterUtils:0.4166666666666667
SwingPainterUtils:0.4066666666666667
JFXEditorPanel:0.37666666666666665
SwingLayerRenderer:0.2966666666666667
JFXLayerRenderer:0.2833333333333333
JFXEditorOverlay:0.28
AbstractEditorOverlay:0.27666666666666667
AbstractEditorPanel:0.27666666666666667
AbstractServerDisplay:0.24
SwingServerDisplay:0.23555555555555552
JFXEditorLayerManager:0.22
PopUpMenuButtonRenderer:0.22
SwingServerWindow:0.21
LineRenderer:0.20333333333333334
NumericReadoutRenderer:0.19666666666666666
ScrollPanelRenderer:0.19666666666666666
PolylineRenderer:0.19666666666666666
DefTriangle:0.19555555555555554
EditBoxNumericRenderer:0.19333333333333333
ComboBoxRenderer:0.19333333333333333
LineRendererUI:0.19333333333333333
ComboBoxEditRenderer:0.19333333333333333
PolarLineRendererUI:0.18666666666666668
JFXClippings:0.17666666666666667
TriangleRenderer:0.17333333333333334
PopUpPanelButtonRenderer:0.17333333333333334
PictureRenderer:0.17166666666666666
DefPolyLine:0.17
PolarLineRenderer:0.16872222222222222
PictureAnimatedRenderer:0.16666666666666666
DefTriangleFan:0.15666666666666668
DefTriangleStrip:0.15666666666666668
CrownRenderer:0.14666666666666667
ArcEllipseRenderer:0.14666666666666667
RotationContainerRenderer:0.14666666666666667
RectangleRenderer:0.14333333333333334
ActiveAreaRenderer:0.14333333333333334
SymbolAnimatedRenderer:0.12333333333333334
ShuffleToFitContainerRenderer:0.12333333333333334
SwingEditorOverlay:0.12333333333333334
SizeToFitContainerRenderer:0.12333333333333334
SynthPolarLineUI:0.11666666666666667
DefArcEllipse:0.11666666666666667
SynthLineUI:0.11333333333333333
JFXWrapper:0.10333333333333333
DefArcCircle:0.09333333333333334
DefLine:0.08333333333333333
SetSymbolRef:0.08333333333333333
SetRotation:0.08333333333333333
DrawLineToCursorRenderer:0.08333333333333333
DefLinePolar:0.08333333333333333
DefRectangle:0.08333333333333333
SetTranslation:0.07666666666666666
ClickListener:0.06583333333333333
