JobExecutionContext:0.6666666666666666
DistributedResultRequestHandler:0.3433333333333333
PageDownstreamContextFutureCallback:0.10666666666666667
JobExecutionContextTest:0.09666666666666666
