SpringMongoDBConverter:0.61
SpringXmlBuilderHelper:0.3744444444444444
MongoMapStore:0.26666666666666666
SpringXmlBuilder:0.21666666666666667
