Context:0.5066666666666667
ViewManager:0.29333333333333333
SearchView:0.21666666666666667
EntityView:0.21
TableView:0.21
ControlCenter:0.20333333333333334
TreeView:0.2
EntityTableModel:0.19666666666666666
TimelineView:0.17833333333333334
Content:0.17666666666666667
EditView:0.16666666666666666
InteractionListener:0.14
Row:0.12666666666666668
AdvancedEditor:0.1
ItemList:0.08
PropagateContext:0.06194444444444444
ResultWidget:0.043333333333333335
TableCallback:0.02
