Nerc:0.7033333333333334
SentenceSplitter:0.25666666666666665
NewResourceDialog:0.24333333333333335
RunAction:0.15666666666666668
