MongoAsyncBatchInsertTest:0.23
Fixture:0.20333333333333334
MongoBatchInsertTest:0.17666666666666667
MongoClientConnectedAcceptanceTest:0.16666666666666666
CachingAuthenticatorAsyncTest:0.15666666666666668
