SimpleValueBinder:0.49333333333333335
AnnotationBinder:0.37
CollectionBinder:0.30333333333333334
PropertyBinder:0.23
MapBinder:0.21333333333333335
