MultiSearchRequest:0.5
ThreadPool:0.4533333333333333
TransportMultiSearchAction:0.26
Info:0.21916666666666668
RestMultiSearchAction:0.18555555555555556
SearchRequestSlot:0.11583333333333333
MultiSearchRequestTests:0.1
MultiSearchRequestBuilder:0.08666666666666667
