XEGImport:0.6713888888888889
XEGAxiom:0.3033333333333333
