Context:0.6466666666666666
ClassWriter:0.4066666666666667
JPAMetaModelEntityProcessor:0.3111111111111111
GeneratedAnnotationTest:0.17111111111111113
