AntOutputLogger:0.9033333333333333
AntOutputLoggerTest:0.07333333333333333
