Template:0.5466666666666666
BehaviorUtils:0.3466666666666667
Target:0.21333333333333335
TemplateTarget:0.20333333333333334
