AddEntryController:0.5966666666666667
WebKeys:0.5910000000000001
ManageUserAccountsController:0.32666666666666666
