OperationServiceImpl:0.4533333333333333
InboundResponseHandler:0.42333333333333334
GroupProperty:0.32022222222222224
NodeEngineImpl:0.31
ClientConnection:0.2733333333333333
AbstractClientInvocationService:0.25
OperationExecutorImpl:0.24333333333333335
Backup:0.18333333333333332
InboundResponseHandler_NotifyTest:0.17
ReplicateUpdateToCallerOperation:0.15333333333333332
ClientInvocationService:0.12420634920634922
JetPacketHandler:0.03333333333333333
ClientProperty:0.0
MutableInteger:0.0
