SQLDirectExecutor:0.3555555555555555
SQLOperations:0.3466666666666667
SQLTransportExecutor:0.3333333333333333
SQLTransportIntegrationTest:0.24
AlterTableOperation:0.21333333333333335
PostgresWireProtocol:0.19666666666666666
PostgresWireProtocolTest:0.16333333333333333
SessionTest:0.15333333333333332
BaseUsersIntegrationTest:0.135
TableStatsServiceTest:0.13333333333333333
