TopologyData:0.8233333333333334
NodeDataPanel:0.31
NodeConfigurationAction:0.22055555555555556
ShutdownNodeAction:0.1988888888888889
RestartNodeAction:0.1988888888888889
ResetTaskCounterAction:0.1988888888888889
NodeThreadsAction:0.19222222222222224
ForwarderSettingTask:0.16222222222222224
