JsonWriterSettings:0.33666666666666667
JsonReader:0.33
BsonBinaryReader:0.30416666666666664
BsonTimestamp:0.26666666666666666
BsonBinaryWriter:0.25333333333333335
JsonWriter:0.25333333333333335
GenericBsonTest:0.21
JsonToken:0.205
ExtendedJsonDateTimeConverter:0.12
ExtendedJsonTimestampConverter:0.10333333333333333
ExtendedJsonDecimal128Converter:0.09333333333333334
ExtendedJsonInt64Converter:0.09333333333333334
