Style:0.61
Config:0.5833333333333334
AbstractApolloAdapter:0.37333333333333335
