HazelcastClientInstanceImpl:0.5733333333333334
TcpIpConnectionManager:0.42
MetricsRegistryImpl:0.38333333333333336
NodeEngineImpl:0.3233333333333333
