EquiJoinClause:0.5733333333333334
Rewriter:0.27666666666666667
Visitor:0.18
