PrinterService:0.5566666666666666
PrinterServiceMBean:0.5466666666666666
ScannerCalibration:0.33666666666666667
Annotation:0.31666666666666665
PrinterCalibration:0.25333333333333335
FilmSessionService:0.25
PrintScpService:0.20666666666666667
