PomBuilder:0.6633333333333333
ProjectBuildingVisitor:0.2966666666666667
Platform:0.23
MavenizeTest:0.18
ShlibModuleType:0.17
FileTestCase:0.043333333333333335
