TermBean:0.7633333333333333
TermTable:0.38666666666666666
GeneTable:0.36
AddAnnotation:0.33666666666666667
AllJUnitTests:0.32
TermBeanImpl:0.25333333333333335
AddAnnotationTest:0.11666666666666667
