Inventory:0.7466666666666667
DigLocalRegolith:0.27222222222222225
DigLocalIce:0.27222222222222225
CollectIce:0.24
CollectRegolith:0.24
