HealpixBaseTest:0.5
TestingQueryPolygon:0.33
QuadArrayExt:0.23333333333333334
pstack:0.21
Fits2HealpixMapImp:0.19
SimplePanel:0.17666666666666667
