Base:0.7666666666666667
Project:0.4666666666666667
TxmBrowser:0.25333333333333335
NLPPreferencePage:0.21333333333333335
RunScript:0.14666666666666667
TxmObjectTreeProvider:0.13
DeleteObject:0.11333333333333333
