UCrop:0.5341666666666667
UCropActivity:0.4533333333333333
BitmapCropCallback:0.375
BitmapCropTask:0.33
