Job:0.7733333333333333
Step:0.54
JobInstance:0.3566666666666667
StepExecutor:0.29833333333333334
JobLocator:0.27051984126984113
ListableJobRegistry:0.27051984126984113
JobInstanceTests:0.27
JobRepository:0.23166666666666666
StepSupport:0.19666666666666666
JobException:0.07
JobTests:0.02666666666666667
JobExceptionTests:0.026388888888888885
DuplicateJobException:0.024761904761904763
NoSuchJobException:0.024761904761904763
SpringBeanJobTests:0.016666666666666666
StepExecutorFactory:0.006944444444444445
JobExecutor:0.006944444444444445
JobRegistry:0.006666666666666667
DuplicateJobExceptionTests:0.006666666666666667
NoSuchJobExceptionTests:0.006666666666666667
StepSupportTests:0.006666666666666667
