OAuthRegisteredService:0.55
OAuthConstants:0.48611111111111116
OAuth20AccessTokenControllerTests:0.37666666666666665
OAuth20AccessTokenController:0.24
OAuthServletContextListener:0.18333333333333332
OAuth20ProfileController:0.11
