TaskFolderView:0.33
GwtTeamingMessages:0.31666666666666665
EventHelper:0.27066666666666667
TaskGraphsPanel:0.26666666666666666
ContentControl:0.22333333333333333
ShowTaskFolderEvent:0.009444444444444443
