ReportLauncher:0.5266666666666666
LogFormatter:0.5233333333333333
ReportRunner:0.43
