Command:0.57
Bundle:0.4666666666666667
BundleInvoker:0.3
ActionConfiguration:0.3
UploadProgress:0.27666666666666667
ControllerMethodConfiguration:0.23666666666666666
Controller:0.16333333333333333
LifecycleBundleTasks:0.15
Authentication:0.13
CommandGenerator:0.10333333333333333
