GISViewScene:0.42888888888888893
GeoPositionedNodeWidget:0.37333333333333335
MoveAction:0.29
