Seq:0.44333333333333336
Array:0.4033333333333333
Stream:0.4033333333333333
List:0.38
Vector:0.3
ArrayTest:0.27666666666666667
StreamTest:0.27666666666666667
StackTest:0.27666666666666667
ListTest:0.27666666666666667
Queue:0.25333333333333335
CharSeqTest:0.23833333333333334
QueueTest:0.17666666666666667
Stack:0.17666666666666667
VectorTest:0.17666666666666667
CharSeq:0.16666666666666666
AbstractSeqTest:0.15416666666666667
