ICDKManager:0.8716666666666667
JChemPaintEditor:0.41333333333333333
