AddIndexAcceptanceTest:0.81
CollectionAdminImpl:0.3
IndexThingies:0.2846111111111111
CollectionAdmin:0.13666666666666666
