ShadowBitmapTest:0.39
ConfigDescription:0.31666666666666665
ShadowLayoutInflaterTest:0.30666666666666664
ShadowAlertDialogTest:0.24333333333333335
CachedDependencyResolverTest:0.19916666666666666
