App:0.3516666666666667
MongoTicketRepository:0.3333333333333333
CakeBakingServiceImpl:0.26666666666666666
ServantTest:0.18333333333333332
LruCache:0.16666666666666666
MongoBank:0.14333333333333334
FruitBowl:0.043333333333333335
ObjectPool:0.013333333333333334
