PropertiesManager:0.4766666666666667
MapFacadeBean:0.38666666666666666
EJBPersistenceProvider:0.30666666666666664
MessageTag:0.26666666666666666
IPersistenceProvider:0.257
BasePOJOPersistenceProvider:0.25333333333333335
