JavaScriptConfiguration:0.45666666666666667
HTMLElement:0.42
FormTest:0.29
Style:0.25666666666666665
SimpleScriptable:0.25333333333333335
SimpleScriptableTest:0.17
