Wallet:0.7
TransactionBroadcast:0.5333333333333333
PeerGroup:0.315
PaymentChannelServerState:0.3
WalletTool:0.21666666666666667
ChannelConnectionTest:0.18666666666666668
PaymentChannelStateTest:0.14666666666666667
SendResult:0.14666666666666667
MockTransactionBroadcaster:0.13666666666666666
ProgressCallback:0.13357142857142856
TestFeeLevel:0.08333333333333333
TransactionBroadcastTest:0.06
ConfidenceChange:0.05333333333333334
