DefaultEmailService:0.5648888888888888
EmailService:0.33375
