HttpUtils:0.43333333333333335
TestREST:0.3566666666666667
DataUtils:0.34
TestRESTDeny:0.26
PreemptiveAuth:0.2175
RemoveDataset:0.21638888888888896
TestPolicies:0.19444444444444445
