SeriesBean:0.5233333333333333
StudyBean:0.5066666666666667
StorageBean:0.31
StudyMgtBean:0.26
FileSystemBean:0.21666666666666667
PatientUpdateBean:0.21666666666666667
