TrackbackPlugin:0.8310000000000001
CommentPlugin:0.48333333333333334
