JdbcSqlTemplate:0.5966666666666667
SqlAnywhereSymmetricDialect:0.25333333333333335
SqlAnywhereJdbcSqlTemplate:0.24666666666666667
SqlAnywhereDdlBuilder:0.23333333333333334
SqlAnywhereDatabasePlatform:0.21666666666666667
SqlAnywhereTriggerTemplate:0.12333333333333334
JdbcSymmetricDialectFactory:0.11666666666666667
SqlAnywhereDdlReader:0.10333333333333333
DatabaseNamesConstants:0.045182539682539685
