Query:0.44333333333333336
FindModel:0.4
QueryOperation:0.3466666666666667
Find:0.31333333333333335
DBCursor:0.2733333333333333
QueryProtocol:0.24
WriteProtocol:0.23
MongoView:0.23
MongoCollectionView:0.19
CommandOperationHelper:0.18666666666666668
NewMongoCollectionImpl:0.18
CommandMessage:0.16
CommandHelper:0.13666666666666666
UserExistsOperation:0.12666666666666668
GetCollectionNamesOperation:0.12333333333333334
CommandProtocol:0.12333333333333334
GetIndexesOperation:0.12333333333333334
MongoQueryCursorExhaustTest:0.09666666666666666
QueryMessage:0.04
BaseQueryMessage:0.03333333333333333
