ArchiveIndex:0.41
ArchiveIndexTest:0.41
ArchiveStreamWriter:0.3566666666666667
ArchivingSession:0.2125
ArchiveStreamWriterBuilder:0.20333333333333334
ArchivingSessionTest:0.16
