SimpleNeatParameters:0.4533333333333333
SimpleTerminationCondition:0.3466666666666667
