RawIoFragmentTest:0.36666666666666664
ClassSpaceTest:0.3380952380952381
RawIoTest:0.32666666666666666
BundleJarTest:0.24611111111111109
ServiceListenerTest:0.19333333333333333
BaseIoTest:0.15666666666666668
