DuoConfiguration:0.3233333333333333
DuoMultifactorAuthenticationProvider:0.30333333333333334
DuoApiAuthenticationService:0.26
DuoApiAuthenticationHandler:0.09
DuoWebAuthenticationService:0.09
DuoAuthenticationHandler:0.08666666666666667
BaseDuoAuthenticationService:0.044444444444444446
