CSSStyleDeclaration:0.83
ComputedCSSStyleDeclaration:0.43666666666666665
ComputedCSSStyleDeclarationTest:0.24333333333333335
CssValue:0.16333333333333333
