SessionViewComponentImp:0.5066666666666667
SarosStateImp:0.38666666666666666
PEViewComponentImp:0.3466666666666667
TestPackageExplorerViewComponent:0.20333333333333334
TestSessionViewObject:0.15833333333333333
IsShellClosed:0.14333333333333334
AllSTFTests:0.0
