FilterFactory:0.38666666666666666
DataIdentification:0.31666666666666665
Identification:0.24666666666666667
Element:0.22166666666666668
MaintenanceInformation:0.22166666666666668
OnLineResource:0.22166666666666668
ScopeDescription:0.22166666666666668
MetaData:0.20583333333333334
BinaryComparisonOperator:0.16166666666666665
Usage:0.13
ConformanceResult:0.11
GmlObjectId:0.08444444444444445
CoverageDescription:0.06444444444444446
Scope:0.04
TemporalExtent:0.0
