RubyResourcesView:0.5816666666666667
RubyActionSetIds:0.44555555555555554
RubyWordDetector:0.3566666666666667
RdtPerspectiveFactory:0.24333333333333335
