RcvFrameHandler:0.7766666666666666
EventLoopTest:0.22333333333333333
