ParcelProcessor:0.44
ParcelerModule:0.26
ParcelableGeneratorTest:0.26
ParcelableGenerator:0.24333333333333335
ExternalParcelTransactionWorker:0.22666666666666666
ParcelableIntegrationTest:0.15333333333333332
ParcelTransactionWorkerTest:0.15
ParcelTransactionWorker:0.14222222222222222
