SimpleItemHandler:0.7266666666666667
ItemSkipPolicyItemHandler:0.31666666666666665
SkipLimitStepFactoryBeanTests:0.30333333333333334
