Robot:0.5766666666666667
ComponentTester:0.5
PlatformTest:0.37333333333333335
RobotTest:0.32
ArgumentParser:0.24
