Mvcs:0.75
NutLoading:0.235
AbstractNutConfig:0.22333333333333333
FilterNutConfig:0.17666666666666667
ServletNutConfig:0.17666666666666667
ActionContext:0.16333333333333333
AbstractPathView:0.11333333333333333
NutFilter:0.09833333333333333
IocObjInjector:0.09333333333333334
IocInjector:0.09
NutServlet:0.041666666666666664
