DataLoader:0.5066666666666667
NBrowseApplet:0.41
StatusEvent:0.37666666666666665
StatusManager:0.35333333333333333
StatLis:0.11333333333333333
