BigFatJoe:0.75
ProxettaClassBuilder:0.5733333333333334
BigClassTest:0.12666666666666668
