SOAPProtocol:0.7416666666666667
HTTPProtocol:0.6576666666666667
