SparkDl4jMultiLayer:0.64
UpdaterElementCombiner:0.25666666666666665
UpdaterAggregatorCombiner:0.23333333333333334
TestSparkMultiLayer:0.08
