View:0.5633333333333334
DescriptionsCalculator:0.45
ViewParser:0.32666666666666666
MetaDescriptionsList:0.24666666666666667
FamilyXProductsReportTest:0.12666666666666668
