LifecycleBundleTasks:0.56
LifecycleHibernateTasks:0.4683333333333333
LifecycleJAXBTasks:0.1872222222222222
