XmlConfigBuilder:0.3977777777777778
AbstractXmlConfigHelper:0.38333333333333336
SpringXmlConfigBuilder:0.2833333333333333
XmlClientConfigBuilder:0.27666666666666667
QueryCacheConfigBuilderHelper:0.27666666666666667
SpringXmlBuilder:0.25
