Device:0.5533333333333333
Association:0.47
TransferCapability:0.39
NetworkConnection:0.37333333333333335
CommandUtils:0.36
NetworkApplicationEntity:0.3333333333333333
DicomServiceRegistry:0.25666666666666665
DcmSnd:0.19666666666666666
DcmRcv:0.18666666666666668
DcmEcho:0.18166666666666667
