ResourceGroup:0.7366666666666667
ResourceGroupId:0.49666666666666665
TestQueues:0.44666666666666666
ResourceGroupManager:0.27
