CustomPropertiesTest:0.7344444444444445
RegionFactoryDefaultTest:0.4511111111111111
