GwtViewHelper:0.44333333333333336
FolderEntrySharing:0.31333333333333335
GwtEventHelper:0.31
PrincipalInfo:0.23666666666666666
AssignmentCell:0.21666666666666667
