Option:0.37
Try:0.36333333333333334
Either:0.35333333333333333
Future:0.32
Validation:0.25666666666666665
Lazy:0.23333333333333334
Promise:0.21666666666666667
Value:0.21333333333333335
