ILog:0.44916666666666666
Message:0.44
CommonsResourceLog:0.42333333333333334
SymmetricEngine:0.34800000000000003
PostgreSqlDbDialect:0.19666666666666666
MessageTest:0.06
