CommonSparkTrainingStats:0.7033333333333334
IteratorDataSetIterator:0.57
ExecuteWorkerFlatMap:0.25
TestTrainingStatsCollection:0.21666666666666667
