FileReaderTask:0.5
DataModelManagerTopComponent:0.45666666666666667
ImportPanel:0.44666666666666666
UpdateProcessPanel:0.43666666666666665
CreateClassesTask:0.18666666666666668
