Message:0.7466666666666667
MessageImpl:0.5
LocalEventBusTest:0.31666666666666665
EventBusImpl:0.25333333333333335
ClusteredEventBus:0.23666666666666666
SendContextImpl:0.21000000000000002
ClusteredEventBusTestBase:0.16333333333333333
