LoggedConnection:0.4
ConnectionFactory:0.37777777777777777
ConnectionHolderI:0.2
ReadOnlyStatement:0.09
ReadOnlyPreparedStatement:0.06333333333333334
