Listener:0.4599444444444445
ReplicationPhase:0.44333333333333336
IndicesClusterStateService:0.42
ShardStateAction:0.18
