GISViewScene:0.6533333333333333
LocalObjectViewLight:0.5566666666666666
GISViewService:0.32777777777777783
