PatientMatching:0.6066666666666667
PatientBean:0.3433333333333333
PatientUpdateBean:0.28
StudyMgtBean:0.27
MPPSManagerBean:0.25666666666666665
MWLManagerBeanTest:0.25333333333333335
MWLManagerBean:0.24333333333333335
StorageBean:0.23
GPPPSManagerBean:0.22
ContentManagerBean:0.21
GPWLManagerBean:0.19333333333333333
StudyReconciliationBean:0.19
EditMwl:0.16666666666666666
