PeakSorter:0.5166666666666667
PeakTableViewer:0.3788888888888889
MySelectionAdapter:0.19666666666666666
