IbatisKeyGenerator:0.35
HibernateInputSource:0.3491666666666667
IbatisInputSourceIntegrationTests:0.08333333333333333
IbatisInputSource:0.04666666666666667
HibernateInputSourceIntegrationTests:0.013333333333333334
