ObjectViewTopComponent:0.6333333333333333
ObjectConnectionWidget:0.42
PhysicalConnectionProvider:0.30333333333333334
