Configuration:0.9033333333333333
XmlConfigBuilderTest:0.25666666666666665
BaseExecutorTest:0.23666666666666666
ExecutorTestHelper:0.21694444444444444
XMLConfigBuilder:0.21666666666666667
BaseStatementHandler:0.20666666666666667
