RealMultibinder:0.48
BindingSelection:0.41
MultibinderTest:0.38
RealMultibinderProvider:0.2833333333333333
RealMultibinderCollectionOfProvidersProvider:0.23333333333333334
