MultiLayerNetwork:0.47333333333333333
Builder:0.41333333333333333
NeuralNetConfiguration:0.34
TestUtils:0.16
