ISphereConnectionPropertyPageDelegate:0.68
ISphereLibrary:0.5666666666666667
Messages:0.39533333333333337
