TermsQueryBuilder:0.356
MatchQuery:0.31333333333333335
IdsQueryBuilder:0.2633333333333333
ExistsQueryBuilder:0.2633333333333333
MatchNoneQueryBuilder:0.24
