Entity:0.5433333333333333
ConvertUtils:0.37666666666666665
Field:0.37
BusinessPackage:0.36666666666666664
BusinessModel:0.34
ColumnUtils:0.33
TableDDLUtils:0.25666666666666665
ModelGenerator:0.21666666666666667
TableUtils:0.19666666666666666
ModelServiceGenerator:0.18666666666666668
AbstractGenerator:0.1775
ModelViewGenerator:0.15
