SocketChannelClient:0.34
NioServer:0.30333333333333334
AbstractSocketWrapper:0.30333333333333334
IO:0.28977777777777775
