AbstractFigure:0.7833333333333333
GraphConverter:0.2866666666666667
