ConcordancesEditor:0.57
ParaBrowserEditor:0.36333333333333334
VocabularyEditor:0.27
SpecificitiesTableEditor:0.25
ComputeRepartition:0.15
ExportSVG:0.14666666666666667
DeleteObject:0.13383333333333333
ComputeSpecifities:0.11333333333333333
ComputeCorrespondanceAnalysis:0.09133333333333332
ComputeFrequencyList:0.09133333333333332
ExportResult:0.09133333333333332
ComputeConcordance:0.08666666666666667
OpenParaBrowser:0.08666666666666667
ComputeVocabulary:0.08666666666666667
