DBCollection:0.43666666666666665
DB:0.41
DBObjectSerializer:0.2866666666666667
CollectibleDBObjectSerializer:0.14833333333333334
MyDBObject:0.10838095238095237
DBCollectionTest:0.06
