ConstructionManager:0.53
BuildingConstructionMission:0.27
BuildingSalvageMission:0.25333333333333335
SettlementMapPanel:0.22666666666666666
