OperationThread:0.55
ClassicOperationExecutor:0.44333333333333336
OperationThreadTest:0.24333333333333335
PartitionOperationThread:0.14666666666666667
GenericOperationThread:0.06333333333333334
