WorkerActor:0.6833333333333333
NeuralNetworkOptimizer:0.49333333333333335
