WebKeys:0.47904761904761906
ListFolderHelper:0.43
WorkspaceTreeHelper:0.31666666666666665
PresenceListener:0.24666666666666667
