ParamsDef:0.48
ValidationException:0.43333333333333335
HandlerData:0.365
BaseProcessFormAction:0.24333333333333335
