GetLinkConnectedToPortResponse:0.5866666666666667
KuwaibaService:0.5466666666666666
ObjectFactory:0.4666666666666667
CommunicationsStub:0.19666666666666666
SpliceBoxViewScene:0.17666666666666667
PortWidget:0.08333333333333333
GetLinkConnectedToPort:0.043333333333333335
InventoryException:0.036388888888888894
SpliceBoxViewTopComponent:0.0
