HazelcastClient:0.81
SpringXmlConfigBuilder:0.48333333333333334
SpringXmlBuilder:0.14833333333333334
HazelcastNamespaceHandler:0.12333333333333334
