Notification:0.7533333333333333
SurveillanceService:0.54
Dashboard:0.26
AlarmLoader:0.24
SurveillanceServiceAsync:0.23777777777777775
NotificationDashlet:0.19
Dashlet:0.17166666666666666
DefaultSurveillanceService:0.11
PageableTableView:0.10333333333333333
AlarmView:0.023333333333333334
NotificationLoader:0.013333333333333334
NotificationView:0.006666666666666667
