HopSymbolTableWalker:0.6566666666666666
SymbolTable:0.4633333333333333
RuntimeScope:0.2866666666666667
