ObjectFields:0.54
Util:0.35333333333333333
TypeUtility:0.26
BatchModifyParser:0.24333333333333335
FieldSearchResultSQLImpl:0.22333333333333333
GeneralPane:0.22
ObjectPane:0.18
ObjectEditorFrame:0.17833333333333334
AutoFinder:0.16166666666666665
ResultFrame:0.16
FieldSearchSQLImpl:0.15666666666666668
