TermHelper:0.47
Publication:0.4666666666666667
DriverConnection:0.26666666666666666
SystemCounters:0.26
ClientConductor:0.23666666666666666
PublicationTest:0.22555555555555554
