ShareItem:0.54
ShareResource:0.37666666666666665
ResourceUtil:0.36333333333333334
AbstractResource:0.22333333333333333
AbstractBinderResource:0.20666666666666667
FolderEntryResource:0.15333333333333332
SharedBinderBrief:0.08333333333333333
SharedFileProperties:0.08333333333333333
SharedFolderEntryBrief:0.08333333333333333
