ConeMesh:0.3466666666666667
Map3DRenderer:0.3233333333333333
SpheroidMesh:0.2833333333333333
TorusMesh:0.2633333333333333
SymbolRotated3D:0.2396666666666667
MapItem3D:0.2396666666666667
CubeMesh:0.2
ShapeContainerBase:0.19333333333333333
SphereSegment:0.06333333333333334
UpdateableTimer:0.04666666666666667
