NameInjector:0.4666666666666667
AbstractAdaptor:0.3
ArrayInjector:0.19333333333333333
AdaptorTestModule:0.17666666666666667
QueryStringNameInjector:0.09333333333333334
QueryStringAdaptor:0.08333333333333333
PairAdaptor:0.07666666666666666
SimpleAdaptorTest:0.04666666666666667
MapItemInjector:0.03666666666666667
