CAAdminSessionBean:0.6616666666666666
CaInitCommand:0.23666666666666666
HwCaInitCommand:0.21333333333333335
