IntegerConverter:0.26066666666666666
LongConverter:0.26066666666666666
ShortConverter:0.26066666666666666
ByteConverter:0.26066666666666666
DoubleConverter:0.26066666666666666
FloatConverter:0.26066666666666666
FloatConverterTest:0.03666666666666667
DoubleConverterTest:0.03666666666666667
ByteConverterTest:0.03
IntegerConverterTest:0.03
ShortConverterTest:0.03
LongConverterTest:0.03
