AbstractJChemPaintPanel:0.4866666666666667
JChemPaintPanel:0.3333333333333333
JChemPaintPopupMenu:0.26
JChemPaintMenuHelper:0.19666666666666666
