Toolbox:0.7433333333333333
CwbProcess:0.29
CwbEncode:0.26
ImportKeys:0.24666666666666667
ParametersDialog:0.22222222222222224
ImportModule:0.22
CwbMakeAll:0.20055555555555557
CopyFileFromBundle:0.08333333333333333
