PyLong:0.54
PyString:0.5275
PyInteger:0.4452777777777777
FormatDef:0.20666666666666667
