RegionFactoryInitiator:0.5633333333333334
SettingsFactory:0.32666666666666666
EhCacheTest:0.28
EhCacheRegionFactoryImpl:0.13
EhCacheRegionTest:0.13
