RuleBenzene:0.09333333333333334
RuleIminomethyl:0.09333333333333334
RuleNMethylol:0.09333333333333334
RuleEther:0.09333333333333334
RulePhosphoricGroups:0.09333333333333334
RuleAlcohol:0.09333333333333334
RuleHydrazine:0.09333333333333334
RuleNitrogenMustard:0.09333333333333334
