DefaultDataType:0.69
JavaGenerator:0.4066666666666667
MetaDataTests:0.20333333333333334
MetaDataFieldProvider:0.16666666666666666
