Parser:0.52
XmlTreeBuilder:0.44666666666666666
XmlTreeBuilderTest:0.20666666666666667
