ReportForYEd:0.6335555555555555
Filter:0.25594227994228
