Record:0.93
AbstractRecord:0.4088888888888889
DefaultRecordMapper:0.36666666666666664
