JavaBeanSerializer:0.4425
JSONPath:0.4
PropertySegement:0.1924761904761905
ArrayAccessSegement:0.17580952380952383
Entity:0.12666666666666668
WildCardSegement:0.06338888888888888
