ContainerImpl:0.3333333333333333
Dispatcher:0.32666666666666666
OgnlValueStackFactory:0.2227777777777778
DefaultFileManagerFactory:0.21466666666666667
DefaultConfiguration:0.20666666666666667
DefaultUnknownHandlerManager:0.18333333333333332
ShowBeansAction:0.17333333333333334
DummyContainer:0.13
