GeoPointFieldMapperTests:0.6161111111111112
GeoDistanceIT:0.29266666666666663
