FastJsonHttpMessageConverterTest:0.3933333333333333
FastJsonHttpMessageConverter4Test:0.3933333333333333
FastJsonControllerTest:0.23
