CaInitCommandTest:0.42333333333333334
InternalCertificateStoreSessionRemote:0.31333333333333335
InternalCertificateStoreSessionBean:0.2966666666666667
