ConnectionManager:0.6633333333333333
BaseRedisPubSubListener:0.47
PubSubConnectionEntry:0.41
RedissonSetMultimapTest:0.2833333333333333
MasterSlaveEntry:0.25666666666666665
CommandDecoder:0.23666666666666666
MasterSlaveConnectionManager:0.22
PublishSubscribe:0.18666666666666668
PubSubMessageListener:0.17333333333333334
SentinelConnectionManager:0.17
RedissonTopicTest:0.16333333333333333
PubSubMessage:0.15333333333333332
RedissonPatternTopicReactive:0.14
PubSubMessageDecoder:0.10666666666666667
RedissonTopicReactive:0.1
RedissonTopic:0.09666666666666666
RedissonPatternTopic:0.07666666666666666
RedissonTopicPatternTest:0.03333333333333333
