TestBasicSubCrawlerHandler:0.38
DataObjectFactory:0.35333333333333333
AbstractApertureInOsgiTest:0.30666666666666664
TestIncrementalCrawlerHandler:0.22
ApertureRuntimeActivator:0.21333333333333335
SubCrawlerTestBase:0.12333333333333334
ApertureTestBase:0.056666666666666664
ExtractorTestBase:0.056666666666666664
MailProcessingTest:0.02
FileExtractorTestBase:0.006666666666666667
