ImageBuffersReadyFlyweight:0.44
ClientConductor:0.3933333333333333
EventDissector:0.31
DriverEventsAdapter:0.2757777777777778
ClientProxy:0.18666666666666668
