AbstractS3SnapshotRestoreTest:0.20444444444444446
AbstractAwsTest:0.06333333333333334
Ec2DiscoveryUpdateSettingsITest:0.03666666666666667
S3SnapshotRestoreOverHttpsTest:0.0
Ec2DiscoveryITest:0.0
S3SnapshotRestoreOverHttpTest:0.0
