ProfileModule:0.83
BinderHelper:0.4166666666666667
ProfileModuleImpl:0.3233333333333333
ListFolderHelper:0.27111111111111114
WebKeys:0.043333333333333335
