FileUtils:0.5533333333333333
StoreScp:0.5222222222222221
CompressionService:0.39666666666666667
