MockRequest:0.5133333333333333
SitemapEditor:0.5033333333333333
CMSFormProcessorMailTaskEmailError:0.3045555555555556
