Target:0.49666666666666665
AbstractGenerator:0.36
Configuration:0.34
Technology:0.33666666666666667
MinuteProjectException:0.30666666666666664
ModelGenerator:0.2966666666666667
CatalogUtils:0.26666666666666666
WsdlGenerator:0.2175
TechnologyCatalogUtils:0.20333333333333334
