DetailsFragment:0.5866666666666667
MailsFragment:0.3233333333333333
MailClickedListener:0.30046031746031737
DetailsActivity:0.26666666666666666
MainActivity:0.25
MailsAdapter:0.1888888888888889
Intentomat:0.1411111111111111
