BrowserVersion:0.6866666666666666
WebDriverTestCase:0.38
BrowserConfiguration:0.30666666666666664
BrowserVersionClassRunner:0.28
BrowserRunner:0.19111111111111112
