LoaderUtilities:0.46
CommonConfiguration:0.38666666666666666
PainterUtils:0.30333333333333334
NetworkTest:0.30333333333333334
ScenarioDebuggerAction:0.22666666666666666
BasicServerEngineBinaryEncodingTest:0.21666666666666667
ServerComUtilities:0.21666666666666667
NetworkWebProtocolTest:0.2131111111111111
ServerMapItemsUtilities:0.20666666666666667
JFXUtilsFactory:0.205
SwingUtilsFactory:0.205
NetworkConfigBasicTest:0.20333333333333334
GUITestUtilities:0.185
BasicServerEngineEncodingTest:0.18366666666666664
ServerMessageProcessor:0.18333333333333332
NetworkCloneDecoderTest:0.16833333333333333
NetworkTCPTest:0.16183333333333333
NetworkUDPMultiOutputPortTest:0.16183333333333333
NetworkRedirect3Test:0.14333333333333334
NetworkRedirectTest:0.14333333333333334
NetworkRedirect2Test:0.14333333333333334
UpdateRunnable:0.1312222222222222
NetworkWebProtocolConfigTest:0.12333333333333334
ServerMessageProcessorTest:0.12333333333333334
ScenarioManagerImpl_2Test:0.12333333333333334
NetworkDisableTest:0.12333333333333334
NetworkUDPMultiOutputPort2Test:0.12333333333333334
OverlayRenderer2Test:0.12333333333333334
NetworkWebProtocolConfig2Test:0.12333333333333334
OverlayRendererTest:0.12333333333333334
NetworkTCPUniquePortTest:0.12333333333333334
NetworkWithConfigurationTest:0.12333333333333334
MainLibrariesDependencyTest:0.09666666666666666
HelpPrinter:0.02
