AmazonDynamoDB:0.6751111111111112
AbstractAmazonDynamoDB:0.37333333333333335
AmazonDynamoDBClient:0.19666666666666666
AmazonDynamoDBAsync:0.19416666666666665
AmazonDynamoDBAsyncClient:0.11
AbstractAmazonDynamoDBAsync:0.11
