TedParser:0.7671111111111112
DatePanel:0.43333333333333335
