ValidationResultNotation:0.9238888888888888
ObjectValidator:0.2866666666666667
