Drawable:0.7333333333333333
ViewI:0.6033333333333334
TierManagerI:0.54
ApolloPanelI:0.5358333333333334
FeatureTierManagerI:0.5291666666666667
DrawableSetI:0.49333333333333335
DrawableSeqFeature:0.43333333333333335
Tier:0.4166666666666667
TierManager:0.39666666666666667
PropertyScheme:0.38333333333333336
SiteView:0.38
FeatureView:0.37666666666666665
AnnotationView:0.36333333333333334
FeatureTierManager:0.3566666666666667
DrawableUtil:0.35333333333333333
ApolloFrame:0.35
StrandedZoomableApolloPanel:0.3466666666666667
DrawableFeatureSet:0.33
DrawableTierManagerI:0.3272804232804233
ContainerViewI:0.32505555555555554
ApolloPanel:0.31333333333333335
ScaleView:0.31
GraphView:0.2866666666666667
ContainerView:0.2866666666666667
FeatureTier:0.2833333333333333
TierPopupMenu:0.25333333333333335
TranslationView:0.25166666666666665
SplitterView:0.23
CompositeApolloFrame:0.22666666666666666
TiersIO:0.22333333333333333
LaidoutViewContainer:0.22
AnnotationMenu:0.21666666666666667
LinearView:0.21666666666666667
DragView:0.21333333333333335
BaseEditorPanel:0.20666666666666667
ResultView:0.20666666666666667
ManagedView:0.19
ColumnApolloLayout:0.1877777777777778
TierView:0.18333333333333332
Triangle:0.18
DrawableSpliceSite:0.18
DrawableAnnotatedFeatureSet:0.17333333333333334
SiteTierManager:0.14
DrawableAnnotatedSeqFeature:0.13333333333333333
TranslationStartStopSelectionListener:0.13
DrawableEnsemblFeatureSet:0.12
DrawableGeneFeatureSet:0.11666666666666667
TierViewI:0.11420634920634921
ScrollAdjustedView:0.11333333333333333
ShowMenu:0.09
DrawableResultSeqFeature:0.08
DrawableResultFeatureSet:0.0675
DrawableGeneSeqFeature:0.06666666666666667
DoubleHeadedArrow:0.06333333333333334
DragSourceViewI:0.0625
DrawableTierManager:0.05444444444444444
ScaleMenu:0.03333333333333333
SiteTier:0.025
ThinRectangle:0.013333333333333334
ManagedViewI:0.006666666666666667
