PropertyAction:0.45666666666666667
SubPropertyAction:0.2733333333333333
InstanceAction:0.23666666666666666
TopClassAction:0.16333333333333333
SubClassAction:0.16333333333333333
