MetadataContext:0.59
MetamodelImpl:0.36
MetadataTest:0.31333333333333335
AttributeFactory:0.19333333333333333
