CMap:0.5833333333333334
BaseManager:0.25
PartitionManager:0.23666666666666666
MultiCall:0.21888888888888886
ConcurrentMapManager:0.21666666666666667
EvictOperationHandler:0.18555555555555558
Request:0.16666666666666666
GetOperationHandler:0.15555555555555556
StoreAwareOperationHandler:0.10666666666666667
