QueryRunner:0.6452222222222223
LocalQueryRunner:0.5066666666666667
TestingPrestoServer:0.47333333333333333
DistributedQueryRunner:0.29
StandaloneQueryRunner:0.26666666666666666
