JbpmExecutionLogic:0.5880555555555556
TaskCacheCtrl:0.3555555555555555
