WebEditors:0.8266666666666667
Product2OnlySoftwareTest:0.21666666666666667
