Fiber:0.6266666666666667
MonitoredForkJoinPool:0.4066666666666667
JMXFibersMonitor:0.24333333333333335
FibersMonitor:0.23777777777777775
TimeoutChannel:0.23048989898989902
ThreadUtil:0.20944444444444443
ConditionSynchronizer:0.20333333333333334
FiberAsync:0.19333333333333333
NoopFibersMonitor:0.17333333333333334
ForkJoinPoolMonitor:0.13666666666666666
MetricsFibersMonitor:0.056666666666666664
DefaultFiberPool:0.03333333333333333
