FeatureSet:0.8216666666666667
GFFFile:0.30333333333333334
