ModuleErrorListPane:0.5166666666666667
ModuleErrorListModel:0.46
IconCellRenderer:0.2863888888888889
