BaseAdminPlugin:0.7886111111111112
BookmarkletPlugin:0.2991666666666667
