DerbyTriggerTemplate:0.49
H2TriggerTemplate:0.17111111111111113
HsqlDbTriggerTemplate:0.17111111111111113
