ApolloPanel:0.6666666666666666
KeyViewI:0.5747698412698412
ResultView:0.21666666666666667
