Transaction:0.48
TransactionManager:0.43
UpdateTransaction:0.3428174603174603
AddTransaction:0.3
DeleteTransaction:0.13666666666666666
