FinderTest:0.49444444444444446
GetBoundsTest:0.4866666666666667
SWTPatchTest1:0.27666666666666667
