CoreDao:0.7833333333333333
CoreDaoImpl:0.3433333333333333
ParameterNames:0.3333333333333333
BinderModuleImpl:0.31
ProfileDaoImpl:0.27
