Result:0.7666666666666667
ResultImpl:0.4033333333333333
XMLFormat:0.38
