DataObjectFactory:0.88
DataObjectFactoryTest:0.5233333333333333
ImapCrawler:0.2866666666666667
DataObjectFactoryTestRDFContainerFactory:0.2
