JdbcJobDao:0.86
JdbcStepDao:0.5866666666666667
JdbcJobDaoTests:0.06838888888888889
JdbcStepDaoPrefixTests:0.06666666666666667
JdbcStepDaoTests:0.05416666666666667
JdbcJobDaoQueryTests:0.050555555555555555
