Codd:0.7416666666666667
Parser:0.6576666666666667
