ProtocolScepHttpTest:0.45666666666666667
EjbcaWS:0.39666666666666667
X509CAInfo:0.3333333333333333
TestXKMSKRSS:0.31666666666666665
RSASignSessionBean:0.25333333333333335
AdminCertReqServlet:0.25
CmpTestCase:0.22666666666666666
CrmfRARequestTest:0.19333333333333333
CrmfMessageHandler:0.13666666666666666
CVCCAInfo:0.06
