RBlockingQueue:0.5259444444444444
RBlockingQueueAsync:0.3175
RedissonBlockingQueue:0.2833333333333333
RedissonBlockingQueueTest:0.27666666666666667
