SamlIdPConfiguration:0.4666666666666667
BaseDuoAuthenticationService:0.3933333333333333
ECPProfileHandlerController:0.33666666666666667
LdapAuthenticationConfiguration:0.19
SamlIdPConstants:0.06333333333333334
