AbstractCasWebflowConfigurer:0.6877777777777778
LdapSpnegoKnownClientSystemsFilterAction:0.33666666666666667
