MetadataTools:0.32666666666666666
RevisionInfoConfigurationResult:0.3233333333333333
AuditEntitiesConfiguration:0.31666666666666665
AuditMetadataGenerator:0.22333333333333333
ValidityAuditStrategy:0.22333333333333333
RevisionInfoConfiguration:0.16733333333333333
AuditConfiguration:0.13666666666666666
