Lucene:0.5833333333333334
Store:0.5533333333333333
MetadataSnapshot:0.4766666666666667
SnapshotContext:0.17666666666666667
