StateRemoval:0.5866666666666667
DigestBlob:0.44333333333333336
BlobTransferTarget:0.31666666666666665
BlobRecoveryHandler:0.22333333333333333
RecoveryTests:0.14
BlobRecoverySource:0.14
