IA:0.55
IB:0.55
PEView:0.37333333333333335
BasicWidgetTreeTest:0.29333333333333333
IPEView:0.25833333333333336
ContextMenusInSessionArea:0.25
Editing3ProjectsTest:0.18333333333333332
CreatingNewFileTest:0.18333333333333332
InviteBuddiesByAliceBobCarlTest:0.12333333333333334
AB:0.12222222222222223
MenuSarosByAliceBobCarlTest:0.12
UnderstandingPico:0.09
RosterComparatorTest:0.07666666666666666
EditWithReadAccessOnlyTest:0.03
SarosSWTBotPreferences:0.0033333333333333335
