StatementGenerator:0.51
MethodReferenceRewriter:0.43333333333333335
Rewriter:0.415
MethodReferenceTest:0.31666666666666665
