FlowFacesContext:0.5388888888888889
FlowViewStateManager:0.5166666666666667
ExternalContextWrapper:0.4300555555555555
FlowExternalContext:0.27666666666666667
