UniqueId:0.74
DiscoverySelectorResolverTests:0.36666666666666664
DiscoverySelectorResolver:0.35777777777777775
