RecordingWriter:0.7633333333333333
RecordingSession:0.2594444444444445
Marker:0.1877777777777778
