SharingBreakpointListener:0.5666666666666667
BreakpointActivityProvider:0.5333333333333333
BreakpointConsumer:0.5233333333333333
BreakpointSynchronizer:0.25333333333333335
