BioResourceDocumentProvider:0.7669444444444444
CMLValidationAction:0.5597222222222222
