Method:0.36
AndroidDaydream:0.33
Matcher:0.3
Ship:0.28488888888888897
AndroidApplication:0.26666666666666666
StreamUtils:0.25
GwtApplication:0.24633333333333335
ReflectionPool:0.24333333333333335
AndroidLiveWallpaper:0.21
Settings:0.16333333333333333
HttpClientResponse:0.15666666666666668
ReflectionTest:0.11333333333333333
