TTriggers:0.48
jOOQAbstractTest:0.44666666666666666
Keys:0.3175555555555555
InsertQueryImpl:0.31
