EhCacheTicketRegistry:0.6666666666666666
JpaTicketRegistry:0.4266666666666667
TicketRegistryDecoratorTests:0.2
EhcacheTicketRegistryConfiguration:0.18666666666666668
