Gate:0.43555555555555564
ResourceDataImpl:0.3504444444444444
AnnotationSchema:0.30777777777777776
TestCreole:0.3
Factory:0.25
TestGate:0.2
CreoleXmlHandler:0.19666666666666666
CreoleRegisterImpl:0.15
TestXSchema:0.056666666666666664
