DBCollection:0.43
ByteDecoder:0.38666666666666666
JavaWrapper:0.22333333333333333
ReflectionDBObject:0.18666666666666668
ReflectionTest:0.12333333333333334
FieldInfo:0.08
Inner:0.05
Outer:0.03
