TypeGraph:0.7861111111111111
AbstractPatternGraph:0.41888888888888887
