Config:0.49333333333333335
FrameManager:0.41333333333333333
Extension:0.38
X_C_Contact:0.3566666666666667
DB:0.35
Options:0.34
Env:0.3233333333333333
X_C_ContactCategory:0.3233333333333333
Costaveragemonth0:0.31333333333333335
DefaultFrameController:0.3
View:0.2833333333333333
MaterialManager:0.28
PluginManager:0.28
Tool:0.26
X_M_MaterialPolicy:0.25666666666666665
X_C_ContactAddress:0.24777777777777776
Gui:0.24666666666666667
DefaultContainer:0.24666666666666667
MaterialPolicy:0.24333333333333335
DockFrameController:0.23
Window:0.23
GlobalResourceLoader:0.21666666666666667
X_M_MaterialProcessor:0.21333333333333335
MPrintTableFormat:0.20333333333333334
TagManager:0.20333333333333334
StockWorker:0.2
X_C_ContactEmail:0.19333333333333333
Text:0.19
Font:0.18333333333333332
VAdvanceBills:0.18333333333333332
Toolbar:0.17333333333333334
MCity:0.17
GeneralOptionsDialog:0.17
ExternalToolsWizardModelListener:0.16
MaterialProcessor:0.16
DefaultXmlConfig:0.155
PlasticLookAndFeelConfigPlugin:0.15333333333333332
ExternalToolsManager:0.14166666666666666
FontProperties:0.13666666666666666
PlasticLookAndFeelPlugin:0.12333333333333334
SwitchPerspectiveSubmenu:0.12333333333333334
Bootstrap:0.12333333333333334
REF_EMailType:0.12333333333333334
ScriptingXmlConfig:0.11333333333333333
ToolBarButtonFactory:0.10333333333333333
Theme:0.10333333333333333
Main:0.10333333333333333
ShowHideViewSubmenu:0.09333333333333334
ConfigFacade:0.09333333333333334
XendraFrameMediator:0.08
Views:0.06666666666666667
Constants:0.06333333333333334
ThemeSwitcher:0.06
ViewList:0.04666666666666667
DefaultViews:0.03333333333333333
Locale:0.03166666666666667
viewsXmlConfig:0.03166666666666667
Proxy:0.021666666666666667
Invoiceadvanceopen0:0.013333333333333334
Resetcostproduct0:0.013333333333333334
Toolbars:0.011666666666666667
Tags:0.01
jaxbobject:0.006666666666666667
Custom:0.0033333333333333335
VIEW_C_invoice_advance:0.0025
MContact:0.0
