Capsd:0.5633333333333334
CapsdMBean:0.4066666666666667
CapsdTest:0.37666666666666665
ScanSuspectTest:0.23666666666666666
