HighlighterSearchIT:0.6963888888888888
PlainHighlighter:0.32666666666666666
UnifiedHighlighter:0.30666666666666664
