Tabs:0.727
DefinitionModuleImpl:0.45666666666666667
ViewController:0.22333333333333333
ConfigureConfigurationController:0.20333333333333334
