MetaDataTable:0.7166666666666667
Table:0.6166666666666667
MetaDataTableImpl:0.2966666666666667
MySQLTable:0.27666666666666667
DbMigrate:0.2733333333333333
