MainMenuComponent:0.4420952380952381
BasicComponent:0.42209523809523813
RosterViewComponent:0.3780952380952381
PEViewComponentImp:0.37333333333333335
RosterViewComponentImp:0.36
TestPackageExplorerViewComponent:0.34
MainMenuComponentImp:0.32666666666666666
TestRosterViewComponent:0.31333333333333335
WindowPart:0.29
TestDriverSavesFiles:0.2833333333333333
TestFileOperations:0.2833333333333333
SarosPEViewComponentImp:0.2833333333333333
TestSessionViewComponent:0.2833333333333333
TestCreatingNewFile:0.2733333333333333
TestAllParticipantsFollowDriver:0.2733333333333333
TestBasicSarosElements:0.27
TestChangingDriverWhileOtherFollow:0.2633333333333333
STFTest:0.2633333333333333
TestDriverChangeAndImmediateWrite:0.2633333333333333
TestDriverResetsFiles:0.2633333333333333
TestFolderOperations:0.2633333333333333
TestEditDuringInvitation:0.2633333333333333
TestFollowMode:0.2633333333333333
TestHostAsDriverInvitesBelatedly:0.2633333333333333
TestChatViewFunctions:0.2633333333333333
SessionViewComponentImp:0.26
RmiTest:0.23333333333333334
TestHandleContacts:0.22666666666666666
SarosMainMenuComponentImp:0.22333333333333333
TestShare3UsersSequentially:0.20666666666666667
TestParallelInvitationWithTerminationByInvitees:0.20666666666666667
TestShare2UsersSequentially:0.20666666666666667
TestStrictSequentialInvitationWithoutTermination:0.20666666666666667
TestParallelInvitationWithTerminationByHost:0.20666666666666667
TestShareProjectUsingExistingProject:0.20666666666666667
TestShare3UsersConcurrently:0.20666666666666667
EditorComponenttImp:0.20388888888888887
BasicComponentImp:0.19666666666666666
TestChangingNameInRosterView:0.16666666666666666
TestMainMenuComponent:0.13666666666666666
MenuPart:0.023333333333333334
