TaskDrive:0.6616666666666666
AboutDialog:0.37666666666666665
