HazelcastInstanceImpl:0.5372222222222222
TestUtil:0.5033333333333333
ClusterJoinConfigCheckTest:0.31
