PropertyRenderer:0.44333333333333336
Printer:0.41
UnitGraphics:0.37333333333333335
MyView:0.35333333333333333
Dimension2d:0.2833333333333333
Preview:0.24
TreeView:0.23333333333333334
Cell:0.22222222222222218
AutoCompleteSupport:0.19333333333333333
RootView:0.185
PrintTask:0.18
TableView:0.17333333333333334
ControlCenter:0.17166666666666666
Entity:0.17
I18NView:0.17
PropertyView:0.14666666666666667
File:0.12666666666666668
EntityRenderer:0.115
PrintRegistry:0.11333333333333333
PrintManager:0.08666666666666667
MLE:0.07333333333333333
PropertyTableCellRenderer:0.07333333333333333
ActionPrint:0.07
TreeViewPrinter:0.04666666666666667
XRef:0.043333333333333335
PrintWidget:0.04
Sex:0.02
Secret:0.02
TableViewPrinter:0.008333333333333333
Settings:0.0
