BytecodeWriter:0.5144444444444445
CompilationFilter:0.36666666666666664
ASMTypeLoader:0.2866666666666667
CompilationUnit:0.24666666666666667
XLFilter:0.15666666666666668
RGGJarFilter:0.04027777777777777
