MapStepDao:0.4266666666666667
JdbcStepInstanceDao:0.36666666666666664
AbstractStepDaoTests:0.3466666666666667
SimpleJobRepository:0.3433333333333333
MockStepDao:0.2966666666666667
JdbcStepDaoPrefixTests:0.28
StepExecutionDao:0.25666666666666665
StepInstanceDao:0.20666666666666667
SimpleJobRepositoryTests:0.19666666666666666
StepInstanceRowMapper:0.17666666666666667
JdbcStepExecutionDao:0.08
