Csw:0.26777777777777784
RecordInfo:0.26
CatalogRequest:0.24333333333333335
WebDavRetriever:0.23666666666666666
GetRecordsRequest:0.21333333333333335
SpatialIndexWriter:0.19333333333333333
Aligner:0.17
Harvester:0.17
CswServer:0.16333333333333333
CswOperation:0.13333333333333333
OutputFormatPreference:0.017388888888888888
OgcGenericFilters:0.016666666666666666
