Pbuffer:0.4866666666666667
MacOSXDisplay:0.31333333333333335
Win32Display:0.235
LinuxDisplay:0.235
DisplayImplementation:0.235
