Context:0.5038888888888888
SequencerAgent:0.3433333333333333
SessionProxy:0.25333333333333335
SequencerAgentTest:0.19666666666666666
Configuration:0.18
