CrewEditor:0.47333333333333333
SimulationConfigEditor:0.4633333333333333
