TestThread:0.5793333333333334
UpdateThread:0.35333333333333333
RepartitioningStressTest:0.30333333333333334
RestartThread:0.11333333333333333
