SWDownloadCandidate:0.7533333333333333
DownloadEngine:0.3711111111111111
HTTPCodes:0.12166666666666667
