HandlerManager:0.49
HttpServerImpl:0.43666666666666665
HttpServer:0.41002777777777777
HttpHandler:0.41
Http2ServerTest:0.4
ServerHandler:0.26277777777777783
NetServerImpl:0.19416666666666665
HandlerHolder:0.17333333333333334
VertxHttp2HandlerBuilder:0.16333333333333333
