Gene:0.87
GORDFReader:0.31333333333333335
GeneParsedListener:0.3027420634920635
GeneSaxHandler:0.2733333333333333
GeneSaxReader:0.14666666666666667
MyListener:0.013055555555555556
GeneSaxReaderTest:0.012222222222222221
