ShadowPackageManagerTest:0.5983333333333334
ResourcesTest:0.4794444444444444
AssetManagerTest:0.33
