AbstractHazelcastClassRunner:0.26666666666666666
ListAbstractTest:0.26
RingbufferAbstractTest:0.26
HazelcastParallelClassRunner:0.24333333333333335
TransactionalSetAbstractTest:0.22
SetAbstractTest:0.21666666666666667
QueueAbstractTest:0.21666666666666667
TestRunner:0.20666666666666667
HazelcastSerialClassRunner:0.14333333333333334
