ExceptionSerializationTests:0.41333333333333333
StoreTests:0.33
PluginManagerTests:0.33
ESExceptionTests:0.19333333333333333
ESTestCase:0.15
