FeatureSet:0.8133333333333334
FeatureSetI:0.8044444444444445
