ERDesignerBundle:0.45359523809523816
ERDesignerMainFrame:0.38
DefaultValueEditor:0.36333333333333334
DomainEditor:0.18666666666666668
TableList:0.07666666666666666
