BuildAgentService:0.5366666666666666
UI:0.5033333333333333
Commandline:0.47
RemoteResult:0.4033333333333333
Project:0.38333333333333336
DistributedMasterBuilder:0.35555555555555557
ModificationSet:0.35
AntBuilder:0.35
PropertiesHelper:0.33666666666666667
TestUtil:0.30333333333333334
BuildAgentServiceImplTest:0.29333333333333333
DataUtils:0.29333333333333333
MBeanServerErrorConnectionStub:0.27666666666666667
DistributedMasterBuilderTest:0.27666666666666667
CompositeBuilder:0.27666666666666667
Maven2Builder:0.2733333333333333
PVCS:0.26
AntBuilderTest:0.24833333333333332
CommandExecutor:0.24666666666666667
NantBuilderTest:0.23833333333333334
CVSBootstrapper:0.23
CruiseControlControllerTest:0.23
ClearCaseViewstrapper:0.23
P4:0.23
FilesystemUtils:0.22305555555555553
Maven2Script:0.21166666666666667
MavenScript:0.21
LogTest:0.21
ExecScript:0.20333333333333334
ModificationSetTest:0.20333333333333334
P4Bootstrapper:0.2
VssBootstrapper:0.19333333333333333
CruiseControlConfigTest:0.19166666666666668
ExecBuilder:0.19
PVCSTest:0.19
MavenBuilder:0.18833333333333332
SVNBootstrapper:0.18
BuildAgentServiceImpl:0.17
ProjectTest:0.17
RakeScript:0.16666666666666666
StatusHelperTest:0.16666666666666666
PlasticSCMBootstrapper:0.16666666666666666
TFSBootstrapper:0.16333333333333333
SnapshotCMBootstrapper:0.16
CMSynergyModification:0.16
ClearCaseBootstrapper:0.15333333333333332
InteractiveBuildUtility:0.14666666666666667
RakeBuilder:0.14666666666666667
RemoteResultTest:0.14
GetActiveBuildInfoControllerTest:0.12666666666666668
MockSourceControl:0.125
GitBootstrapper:0.12
BuildAgentUI:0.12
MercurialBootstrapper:0.11666666666666667
XMLConfigManagerTest:0.11333333333333333
BuildAgentEntryOverrideUI:0.09833333333333333
MavenScriptTest:0.09666666666666666
MyLogStreamListener:0.09333333333333334
ProjectConfigTest:0.09333333333333334
MockModificationSet:0.09166666666666666
FileUtilTest:0.08666666666666667
CruiseControlControllerStub:0.08666666666666667
SVNLabelIncrementerTest:0.08
CruiseControlControllerJMXAdaptorTest:0.07916666666666666
CruiseControlConfigPreConfTest:0.07666666666666666
ProjectStateTest:0.075
SVNLabelIncrementer:0.06166666666666667
FailedBuildDetailStub:0.058333333333333334
DistributedMasterBuilderNoLookupTest:0.03666666666666667
AbstractXslOutputWidget:0.03
PvcsStreamConsumer:0.028333333333333332
AbstractXslOutputWidgetTest:0.02361111111111111
CCDistMockChildBuilder:0.013333333333333334
CommandExecutorTest:0.0033333333333333335
AntOutputWidgetTest:0.0033333333333333335
AntOutputWidget:0.0
MockProgress:0.0
