RRMDSIFunction:0.6233333333333333
IteratorUtils:0.5433333333333333
