PropertySelector:0.5633333333333334
LexicalTableDialog:0.4066666666666667
ComputeLexicalTable:0.36142857142857143
