ScreenReader:0.6736666666666665
FocusController:0.36666666666666664
DefaultReader:0.24666666666666667
AbstractScreenReader:0.24333333333333335
EditorProcessor:0.23
EditorReader:0.10333333333333333
ScreenReaderFactory:0.07666666666666666
JTreeReader:0.05
