ObjectNode:0.7482777777777778
ObjectWidgetMenu:0.3258333333333333
