Connection:0.7486666666666667
HttpConnection:0.34
Response:0.24333333333333335
UrlConnectTest:0.22666666666666666
Request:0.21333333333333335
