XmlTransformUtility:0.5733333333333334
DefaultAuthorization:0.2866666666666667
DCFields:0.22666666666666666
FedoraTestCase:0.22666666666666666
FedoraAccessSoapServlet:0.2
DefaultDisseminatorImpl:0.19
XMLWriter:0.18333333333333332
DOValidatorSchematronResult:0.16833333333333333
SaxonServlet:0.16333333333333333
FedoraAccessServlet:0.15666666666666668
BatchXforms:0.15666666666666668
DOValidatorSchematron:0.15333333333333332
ListMethodsServlet:0.14666666666666667
GetNextPIDServlet:0.14666666666666667
DescribeRepositoryServlet:0.14666666666666667
GetObjectHistoryServlet:0.13666666666666666
ListDatastreamsServlet:0.11333333333333333
TransformerWriter:0.07333333333333333
