ParsedTag:0.6566666666666666
LagartoParser2:0.5233333333333333
LagartoParserTest:0.2966666666666667
