GiveWriteAccessAction:0.5703333333333334
RestrictToReadOnlyAccessAction:0.5703333333333334
