Dialect:0.7033333333333334
HQLTest:0.38666666666666666
CriteriaQueryTest:0.26
ScrollableCollectionFetchingTest:0.2577777777777778
CriteriaHQLAlignmentTest:0.21777777777777782
HSQLDialect:0.20166666666666666
H2Dialect:0.20166666666666666
