SWDownloadTab:0.41333333333333333
SearchTab:0.32
ShareTab:0.13666666666666666
MouseHandler:0.13666666666666666
BanHostAction:0.10333333333333333
