ResourcesManager:0.49666666666666665
GUI:0.35
InfoPathFormView:0.2633333333333333
ViewChangeListener:0.21888888888888886
SystemTray:0.16111111111111112
LoginDialog:0.14333333333333334
UrlHelper:0.11666666666666667
BrowserView:0.06666666666666667
