Application:0.53
MainWindow:0.4666666666666667
Backup:0.22583333333333333
Main:0.19066666666666668
TagsEditor:0.15333333333333332
DayButton:0.12333333333333334
