ThreadInfo:0.43333333333333335
HeuristicState:0.3433333333333333
JVM:0.3
DynamicArea:0.28
Search:0.2733333333333333
VMState:0.25666666666666665
SparseIntVector:0.17666666666666667
SparseObjVector:0.17666666666666667
HeuristicSearch:0.15
RandomSearch:0.14388888888888887
BeamSearch:0.1
PathSensitiveHeuristic:0.023888888888888887
