Packet:0.5233333333333333
ClusterManager:0.31
BlockingQueueManager:0.2833333333333333
ListenerManager:0.28222222222222226
ListenerRegistrationProcess:0.17777777777777778
