OsgiServiceCollectionProxyFactoryBean:0.35333333333333333
OsgiServiceCollection:0.33666666666666667
AbstractOsgiServiceImportFactoryBean:0.3333333333333333
OsgiReferenceCollectionNamespaceHandlerTest:0.2833333333333333
OsgiServiceDynamicInterceptor:0.28
OsgiServiceProxyFactoryBean:0.15333333333333332
DynamicCollection:0.13416666666666666
OsgiServiceCollectionProxyFactoryBeanTest:0.05333333333333334
