ConnectionNode:0.46
MBeanNode:0.4166666666666667
ManagementNode:0.32
GlobalDashboardSetNode:0.24333333333333335
GlobalDashboardChildren:0.23444444444444448
DomainNode:0.2
IConnectionNode:0.18170634920634923
GlobalDashboardNode:0.18
OpenDashboardAction:0.13555555555555557
LoadingNode:0.08
