Database:0.8666666666666667
AbstractDatabase:0.48
AbstractTypedElementDefinition:0.23333333333333334
