ProjectNode:0.5116666666666667
EffectivePredicateExtractor:0.3333333333333333
RewritingVisitor:0.21333333333333335
NodePrinter:0.21
Visitor:0.1877777777777778
Rewriter:0.17733333333333334
IndexSourceRewriter:0.15333333333333332
