BoostFieldMapper:0.7266666666666667
DocumentMapper:0.5022222222222222
BoostMappingTests:0.09666666666666666
