ListProxyImpl:0.6733333333333333
ListContainer:0.32
CollectionDataSerializerHook:0.19333333333333333
