JTBSession:0.5866666666666667
Constants:0.41333333333333333
Property:0.32166666666666666
NodeJTBSession:0.26666666666666666
NodeFolder:0.25
TreeLabelProvider:0.16333333333333333
JTBSessionsBrowserViewPart:0.15333333333333332
SessionDef:0.14277777777777778
NodeAbstract:0.12
ObjectFactory:0.08333333333333333
SessionFilterApplyHandler:0.03444444444444444
SessionFilterEditHandler:0.027222222222222228
DestinationFilter:0.025
