Generic:0.5966666666666667
ProxyMaker:0.33
PyUnicode:0.29
PyType:0.2866666666666667
BytecodeLoader:0.1811111111111111
PyPartial:0.15666666666666668
StripIterator:0.15
AdapterMaker:0.14333333333333334
TypeExposer:0.12666666666666668
NameUnionAntType:0.10666666666666667
