FeatureSetI:0.6047777777777777
FeatureSet:0.41333333333333333
AnnotationEditor:0.3566666666666667
GAMEAdapter:0.27
DrawableFeatureSet:0.24
