Plugin:0.71
PluginManager:0.4766666666666667
HopVirtualMachine:0.34
ArrayPlugin:0.20666666666666667
MathPlugin:0.20142857142857143
SpeechPlugin:0.18444444444444444
ArrayDebugPlugin:0.18333333333333332
HopCompiler:0.14333333333333334
Run:0.11666666666666667
SodbeansAudioListener:0.09333333333333334
StepInto:0.05
StepBackInto:0.05
StepOver:0.05
StepBackOver:0.04666666666666667
UnstepToBreakpoint:0.04666666666666667
StepToBreakpoint:0.04666666666666667
RunToCursor:0.04666666666666667
RunBackToCursor:0.04666666666666667
