InitialValueAwareOptimizer:0.6916666666666667
TableGenerator:0.42333333333333334
OptimizerFactory:0.3233333333333333
SequenceStyleGenerator:0.30333333333333334
PooledOptimizer:0.16333333333333333
