ApplicationEntityManager:0.6833333333333333
WebserviceBeanRemote:0.41333333333333333
ApplicationEntityManagerImpl:0.35333333333333333
BookmarkFolder:0.33666666666666667
KuwaibaService:0.31
WebserviceBean:0.24666666666666667
RemoteBookmarkFolder:0.08
