DisplayArea:0.6333333333333333
ClassySharkPanel:0.4572222222222222
ColorScheme:0.39533333333333337
