EditorManager:0.5433333333333333
JingleFileTransferSession:0.37666666666666665
Receive:0.31333333333333335
FileMediaManager:0.255
EditorPool:0.17333333333333334
JingleFileTransferManager:0.15333333333333332
RudpMessageDispatcher:0.0475
