WebClient:0.67
DomNode:0.33
Version:0.32366666666666666
BaseFrame:0.31
DefaultPageCreator:0.2733333333333333
HtmlForm:0.25
HtmlUnitDOMBuilder:0.21
HtmlButton:0.18333333333333332
