ActivitySequencer:0.37333333333333335
FileActivity:0.32
TimedActivity:0.28
SharedProject:0.28
ActivityQueue:0.07333333333333333
ActivityQueuesManager:0.05
