FlowExecutionImplStateRestorer:0.6166666666666667
FlowExecutionImplFactory:0.37333333333333335
