OrcTester:0.44333333333333336
TestLearnAggregations:0.2733333333333333
TypeManager:0.23166666666666666
OrcStorageManager:0.22
TestingProcedures:0.22
Visitor:0.21
TypeRegistry:0.20583333333333334
TestingTypeManager:0.18333333333333332
MapConstructor:0.16333333333333333
TransactionsSystemTable:0.16333333333333333
ArrayToJsonCast:0.13
JsonToArrayCast:0.13
JsonToMapCast:0.13
