Request:0.71
Params:0.3566666666666667
IndicesClient:0.19416666666666665
RequestTests:0.18666666666666668
IndicesClientIT:0.15333333333333332
GetIndexRequest:0.11
IndicesClientDocumentationIT:0.09
