LwjglApplication:0.4066666666666667
ShaderProgram:0.3827777777777778
JoglApplicationConfiguration:0.3794444444444444
LwjglApplicationConfiguration:0.3591666666666667
JoglGraphics:0.32
