EditorManager:0.46
ITransmitter:0.38438888888888895
ConcurrentDocumentManager:0.3466666666666667
XMPPChatTransmitter:0.2966666666666667
ActivitySequencer:0.2025
PacketExtensions:0.19666666666666666
EditorPool:0.08583333333333333
ErrorMessageDialog:0.08333333333333333
DocumentListener:0.03333333333333333
ConsistencyWatchdog:0.03
