Documentation:0.52
HopParser:0.43
HopLexer:0.4033333333333333
Descriptor:0.1625
DFA80:0.11577777777777779
DFA4:0.11577777777777779
DFA58:0.11577777777777779
DFA35:0.11577777777777779
