ManagedChannel:0.6686666666666666
ManagedChannelImpl:0.43333333333333335
ManagedChannelImplTest:0.39666666666666667
IdleModeTimer:0.2644444444444445
