CouchbaseClientFactory:0.4766666666666667
CouchbaseServiceRegistryDao:0.3333333333333333
CouchbaseTicketRegistry:0.29333333333333333
CouchbaseTicketRegistryConfiguration:0.22
CouchbaseServiceRegistryConfiguration:0.18666666666666668
DigestAuthenticationConfiguration:0.12666666666666668
EhCacheMonitor:0.029444444444444447
