Lwjgl3Application:0.6733333333333333
Lwjgl3Input:0.5466666666666666
LwjglDebugStarter:0.14
Lwjgl3DebugStarter:0.11666666666666667
