Step:0.46
Transition:0.44333333333333336
Config:0.41333333333333333
Search:0.4066666666666667
JVM:0.36666666666666664
Source:0.36
Path:0.36
JPF:0.3
ObjArray:0.29
Error:0.22666666666666666
ExecTracker:0.21333333333333335
Publisher:0.20333333333333334
SystemState:0.2
TestSearchListener:0.19333333333333333
StateSpaceDot:0.19333333333333333
VMState:0.18
TestListener:0.17333333333333334
JPFAdapter:0.17333333333333334
HeuristicSearch:0.16333333333333333
SourceRef:0.15333333333333332
TestJPF:0.15
Statistics:0.15
ConsolePublisher:0.14666666666666667
Reporter:0.14
XMLPublisher:0.13
GlobalSwitchThread:0.10666666666666667
Interleaving:0.10666666666666667
RepositoryEntry:0.06333333333333334
StepIterator:0.0033333333333333335
