InternalTestCluster:0.42
IndexStore:0.37666666666666665
IndexService:0.3333333333333333
IndexStoreModule:0.25333333333333335
TransportNodesListShardStoreMetaData:0.21444444444444447
IndexStatsTests:0.21333333333333335
DedicatedClusterSnapshotRestoreTests:0.17111111111111113
MockFSIndexStore:0.14333333333333334
MockDirectoryHelper:0.13777777777777783
UpdateSettingsTests:0.10333333333333333
IndicesStore:0.1
SharedClusterSnapshotRestoreTests:0.08333333333333333
IndexDynamicSettingsModule:0.07333333333333333
MockFSDirectoryService:0.055
TransportClientTests:0.0033333333333333335
