CommunicationsStub:0.53
LocalObjectLight:0.4266666666666667
NewConnectionParentsTree:0.4066666666666667
CheckConnectionsIntegrityAction:0.33666666666666667
NewConnectionParentsTreeCellRenderer:0.09333333333333334
