HttpClientOptions:0.5933333333333334
HttpServerOptions:0.36333333333333334
VertxHttp2ConnectionHandler:0.35
Http2ClientTest:0.2833333333333333
Http2ServerTest:0.27166666666666667
Http1xTest:0.24
ConnectionManager:0.22666666666666666
TestClient:0.22666666666666666
HttpServerImpl:0.19
Http1xOrHttp2Handler:0.02
