Tab:0.8466666666666667
Invoice2Test:0.3333333333333333
FilterAction:0.16446031746031745
