NodeChannel:0.678888888888889
FileSyncZipDataWriter:0.44333333333333336
FileSyncService:0.2966666666666667
