ControlFrameHandler:0.3233333333333333
SubscribedSession:0.31333333333333335
UdpTransport:0.30333333333333334
NioSelectorTest:0.25333333333333335
PubUnicastTest:0.17666666666666667
FrameHandler:0.14916666666666667
DataFrameHandler:0.14333333333333334
TermRebuilder:0.0575
