PageRequest:0.5466666666666666
DbPager:0.15666666666666668
MySqlPager:0.07333333333333333
HsqlDbPager:0.07333333333333333
