IngestPlugin:0.4766666666666667
IngestActionFilter:0.41
IngestActionFilterTests:0.08
IngestRestFilter:0.07333333333333333
IngestClientIT:0.05
