ClientConductor:0.6630555555555556
Sender:0.49813888888888885
