ZoomToWMSPlugIn:0.48333333333333334
AffineTransformPlugIn:0.23833333333333334
SaveImageAsSVGPlugIn:0.23833333333333334
AddSIDLayerPlugIn:0.19533333333333333
SimpleQueryPlugIn:0.15
ToolboxPlugIn:0.11
