ElementMatchers:0.5633333333333334
ElementMatchersTest:0.48333333333333334
MethodSortMatcher:0.29333333333333333
IsTypeVariableReturnTypeBridge:0.008981481481481483
IsTypeVariableReturnTypeOverrideBridge:0.008981481481481483
TypeVariableReturnTypeBridgeBase:0.0
TypeVariableReturnTypeOverrideBridgeBase:0.0
