ActionExceptionHelper:0.7752777777777778
SubmitTaskDispatcherAction:0.20905555555555555
