IMap:0.7366666666666667
ClientMapProxy:0.33
MapProxySupport:0.28
NearCachedMapProxyImpl:0.27666666666666667
MapProxyImpl:0.22
NearCachedClientMapProxy:0.2
LazyMapEntry:0.15
