JmolView:0.5916666666666667
Structure2DView:0.49666666666666665
PeakView:0.4866666666666667
