InternalKeyBinding:0.59
OcspConfiguration:0.41
OcspResponseGeneratorSessionBean:0.2866666666666667
InternalKeyBindingMBean:0.24666666666666667
InternalKeyBindingInfo:0.24333333333333335
ProtocolOcspHttpStandaloneTest:0.23666666666666666
InternalKeyBindingTrustEntry:0.23333333333333334
InternalKeyBindingDataSessionBean:0.21666666666666667
InternalKeyBindingBase:0.18
OcspKeyRenewalSessionBean:0.17166666666666666
StandaloneOcspResponseGeneratorSessionTest:0.11333333333333333
ClearCacheServlet:0.10333333333333333
OcspTestUtils:0.09111111111111111
