AnnotationDescription:0.7266666666666667
EnumerationValue:0.5826111111111111
ForLoadedMethod:0.47333333333333333
Default:0.3566666666666667
ForLoadedAnnotation:0.2633333333333333
AbstractAnnotationDescription:0.16
