CollectionManager:0.83909523
CollectionIterator:0.4780871
CollectionManagerImpl:0.23850074
BSHEnhancedForStatement:0.220973
