NameSpace:0.4726008
Name:0.36694923
XThis:0.34178546
BshMethod:0.26034892
BlockNameSpace:0.22410403
ClassGeneratorUtil:0.21475631
Reflect:0.20405442
Interpreter:0.20172927
BSHAllocationExpression:0.17562142
ClassGeneratorImpl:0.15263635
CallStack:0.14731428
JThis:0.1118395
SimpleNode:0.09415441
Types:0.08234915
Primitive:0.078348435
UtilEvalError:0.06297527
EvalError:0.053505555
Capabilities:0.046932053
StringUtil:0.0070528667
InterpreterError:0.0040382207
