JglfwGraphics:0.5258333333333334
JglfwApplication:0.4533333333333333
JglfwInput:0.3883333333333333
