UdpChannelTransport:0.6333333333333333
ReceiverUdpChannelTransport:0.25333333333333335
SenderUdpChannelTransport:0.25333333333333335
