UserThread:0.44333333333333336
SWTTestCase:0.31
SWTTestSuite:0.2866666666666667
Displays:0.17
SWTTestSetup:0.11333333333333333
Threads:0.013055555555555556
