ConfigConstructor:0.5627777777777778
HazelcastTestSupport:0.48833333333333334
ConfigTest:0.16333333333333333
