RedissonClient:0.5966666666666667
Redisson:0.56
RedissonBlockingFairQueue:0.4066666666666667
RedissonExecutorService:0.33
QueueTransferService:0.04666666666666667
RBlockingFairQueue:0.0
