SqlTaskExecution:0.5233333333333333
SqlTaskManager:0.33
ServerMainModule:0.19333333333333333
QueryMonitor:0.18666666666666668
SplitWorker:0.18
