GCLParser:0.41833333333333333
DFA2:0.21
DFA1:0.195
DFA9:0.15111111111111108
DFA8:0.15111111111111108
DFA7:0.15111111111111108
DFA6:0.15111111111111108
DFA22:0.14111111111111113
DFA17:0.14111111111111113
DFA23:0.14111111111111113
