BaseMultiLayerNetwork:0.8166666666666667
HazelCastStateTracker:0.31
ConvolutionalDBN:0.21666666666666667
WorkerActor:0.2111111111111111
ModelSavingActor:0.17
DeepAutoEncoderFromFile:0.14666666666666667
