EjbcaWebBean:0.44166666666666665
HardTokenProfileDataHandler:0.3566666666666667
LocalHardTokenSessionBean:0.22300000000000003
