Element:0.8366666666666667
ElectricSpringLayout:0.36333333333333334
ElectricSpringLayoutExample:0.23
CachingElectricSpringLayoutImpl:0.13
