DefaultAuthenticationResult:0.6033333333333334
RankedAuthenticationProviderWebflowEventResolver:0.25
DefaultAuthenticationSystemSupport:0.21333333333333335
AuthenticationSystemSupport:0.14583333333333334
AbstractCasWebflowEventResolver:0.056666666666666664
