WxConsts:0.8416666666666667
WxServiceImpl:0.37666666666666665
WxService:0.3478333333333334
WxServiceTest:0.27666666666666667
WxCustomMessageTest:0.25
WxMessageRouterTest:0.15
MediaUploadRequestExecutor:0.13694444444444445
WxXmlMessageTest:0.12333333333333334
WxCustomMessageGsonAdapter:0.10666666666666667
