TransactionImpl:0.4
MGet:0.3761111111111111
MRemove:0.34111111111111114
MRemoveMulti:0.33666666666666667
MPut:0.30333333333333334
Entries:0.29
TransactionTest:0.26666666666666666
MPutMulti:0.23
BlockingQueueManager:0.23
MProxyReal:0.23
ConcurrentMapManager:0.1975
BaseManager:0.16944444444444445
MBackupAwareOp:0.13666666666666666
MBackup:0.13
TransactionRecord:0.10333333333333333
