AbstractTestQueries:0.4266666666666667
GroupIdOperator:0.39
Visitor:0.34
GroupIdOperatorFactory:0.3233333333333333
GroupIdNode:0.29
ChildReplacer:0.19333333333333333
TestGroupIdOperator:0.16666666666666666
