PasteOrDrop:0.5133333333333333
GadgetTreeDropAdapter:0.37666666666666665
PasteTreeGadgetAction:0.27666666666666667
CutGadgetAction:0.22666666666666666
