GraphJModel:0.5133333333333333
JAttr:0.49666666666666676
AspectJModel:0.3383333333333333
TypedLabelParser:0.23666666666666666
