OneTwoActionTestBase:0.48444444444444446
RestActionTestBase:0.27666666666666667
MoveTestBase:0.24666666666666667
