StructureMapLayer:0.4766666666666667
SettlementMapPanel:0.44
SettlementMapLayer:0.24
LabelMapLayer:0.23
BuildingPanel:0.21
PersonMapLayer:0.2
VehicleMapLayer:0.12333333333333334
BackgroundTileMapLayer:0.08333333333333333
