SoundType:0.9427777777777779
Game:0.54
Nationality:0.18055555555555555
SLSound:0.17333333333333334
FireSmallArms:0.16666666666666666
Germany:0.14666666666666667
Russia:0.14666666666666667
FireAP:0.10666666666666667
FirePanzerfaust:0.10666666666666667
FireFlameThrower:0.10333333333333333
