JdbcEnvironment:0.7302777777777778
JdbcEnvironmentImpl:0.3933333333333333
InformationExtractorJdbcDatabaseMetaDataImpl:0.3233333333333333
InformationExtractor:0.3175
