Keyframe:0.47904761904761906
Animator:0.4066666666666667
KeyframeAnimator:0.3566666666666667
KeyframedModel:0.35333333333333333
