CqiServer:0.645
Application:0.39
SubcorpusTest:0.24333333333333335
CqpRelatedTest:0.19666666666666666
DeleteInCorporaView:0.17666666666666667
