TextCommandService:0.4525
TextCommandServiceImpl:0.4066666666666667
GetCommand:0.36
BetweenVisitor:0.29
GetCommandProcessor:0.2633333333333333
OrToInVisitor:0.21333333333333335
TextReadHandler:0.2
GetCommandParser:0.14
