Document:0.5733333333333334
RootScope:0.26
DocFetcher:0.24916666666666668
HotkeyDialog:0.24666666666666667
PrefDialog:0.22
HTMLPair:0.22
FileWrapper:0.21777777777777782
ResultPanel:0.20416666666666666
ScopeRegistry:0.2
HotkeyListenerWindowsImpl:0.18333333333333332
HotkeyListenerLinuxImpl:0.18333333333333332
HotkeyHandler:0.06
