Robolectric:0.6366666666666667
ShadowDialog:0.3433333333333333
TestFragmentTransaction:0.33694444444444444
DialogTest:0.18
TestFragmentManager:0.17
ShadowFragment:0.125
