CastorExceptionTranslator:0.63
SurveillanceViewConfigDao:0.48436507936507933
DefaultSurveillanceViewConfigDao:0.37
DefaultSurveillanceServiceIntegrationTest:0.3433333333333333
CastorUtils:0.09666666666666666
DefaultSurveillanceViewConfigDaoTest:0.06
