NodeRequest:0.3566666666666667
NodesRequest:0.2733333333333333
Task:0.26666666666666666
RequestFilterChain:0.23333333333333334
TransportTestTaskAction:0.16666666666666666
TasksIT:0.15833333333333333
TransportAction:0.15
ActionRequest:0.15
TaskManager:0.13666666666666666
ClusterModule:0.11555555555555555
NodesResponse:0.11333333333333333
PersistentActionListener:0.02666666666666667
NodesRequestBuilder:0.0
