DefinitionModuleImpl:0.485
DefinitionHelper:0.4066666666666667
ObjectKeys:0.18833333333333332
