LSTM:0.8544444444444446
RecursiveAutoEncoder:0.4483333333333333
