X_AD_PrintFormatItem:0.3466666666666667
Ini:0.32666666666666666
PrintData:0.32666666666666666
MPrintFormatItem:0.2833333333333333
DataEngine:0.20333333333333334
VBoeGen:0.19
LayoutEngine:0.14333333333333334
