NodeServiceImpl:0.94
MigrationRequestOperation:0.44666666666666666
WaitNotifyService:0.31666666666666665
