KeyStoreContainer:0.89
KeyStoreContainerBase:0.59
HSMKeyTool:0.2966666666666667
CliTools:0.16666666666666666
