AspectJEdge:0.5366666666666666
GraphJGraph:0.4266666666666667
GraphToTikz:0.42333333333333334
