UnitGraphics:0.4066666666666667
TreeView:0.4
ImageIcon:0.3333333333333333
Content:0.2773333333333333
PrintTask:0.23666666666666666
PropertyView:0.23666666666666666
ContentRenderer:0.21
EntityRenderer:0.17666666666666667
File:0.14333333333333334
MyHTMLDocument:0.09333333333333334
SettingsPanel:0.08333333333333333
PageSetup:0.08
PrinterSetup:0.01
