MapFacadeBean:0.54
MetaCollection:0.49166666666666664
Training:0.3933333333333333
TrainingTest:0.16333333333333333
