ChecksumActivity:0.6566666666666666
Jupiter:0.45
PingPongActivity:0.27
ConsistencyWatchdogClient:0.25
IActivityReceiver:0.22337301587301586
IActivityConsumer:0.22337301587301586
AbstractActivityReceiver:0.2
SharedResourcesManager:0.18333333333333332
ConsistencyWatchdogHandler:0.17666666666666667
JupiterClient:0.16833333333333333
AbstractActivityConsumer:0.16
JupiterServer:0.12333333333333334
ConcurrentDocumentServer:0.08833333333333333
ConcurrentDocumentClient:0.07777777777777778
JupiterDocumentServer:0.07
ConsistencyWatchdogServer:0.06
