TestSetupUtil:0.5533333333333333
ClientSymmetricEngine:0.38333333333333336
ConfigurationService:0.37666666666666665
TestUtils:0.200712962962963
NullOutputStream:0.095
ConcurrentConnectionManagerUnitTest:0.09
DefaultNodeIdGeneratorTest:0.043333333333333335
MeteredOutputStreamTest:0.006666666666666667
AppUtilsUnitTest:0.006666666666666667
JarBuilderUnitTest:0.006666666666666667
SqlScriptUnitTest:0.0033333333333333335
CsvUtilsTest:0.0025
