UIManager:0.5866666666666667
DicomExplorer:0.29333333333333333
ViewerToolBar:0.27777777777777773
WeasisLauncher:0.25472222222222224
ImageViewerPlugin:0.23666666666666666
WtoolBar:0.22166666666666668
LoadSeries:0.195
