RGBColor:0.6088888888888889
Graytone:0.3233333333333333
ChannelMap:0.15
ChannelMapVisitor:0.13555555555555554
