FeaturesConfig:0.6727777777777777
PlanOptimizersFactory:0.4266666666666667
TestFeaturesConfig:0.30666666666666664
