BasicFetcher:0.43666666666666665
Fetcher:0.4302777777777778
BreadthCrawler:0.37666666666666665
FSDbUpdater:0.36333333333333334
FSSegmentWriter:0.19611111111111112
DbUpdater:0.19055555555555556
FetcherTest:0.016666666666666666
