ViewGroupMviDelegateImpl:0.31666666666666665
SelectedCountToolbar:0.2619444444444445
ActivityMviDelegateImpl:0.22666666666666666
MviFragment:0.21333333333333335
CheckoutButton:0.21216666666666667
ShoppingCartLabel:0.21216666666666667
MviActivity:0.20666666666666667
MviLinearLayout:0.20666666666666667
MviRelativeLayout:0.20666666666666667
MviFrameLayout:0.20666666666666667
FragmentMviDelegateImpl:0.18666666666666668
MviDelegateCallback:0.04
