DemoProcessSimpleTestSelenium:0.5666666666666667
BaseSeleniumTestClass:0.49333333333333335
