Function:0.5766666666666667
VarArgsChecker:0.3529285714285714
VarArgsTest:0.27
VarArgsCheckerTest:0.26666666666666666
TestLibrary:0.2561111111111111
NoVarArgsChecker:0.11666666666666667
RealVarArgsChecker:0.11666666666666667
