CacheBuilderGwtTest:0.6033333333333334
CacheEvictionTest:0.32549999999999996
