Dialect:0.8066666666666666
SQLGenerator:0.53
PostgresDialect:0.24333333333333335
ReverseEngineeringTest:0.13
