AbstractActionTests:0.43
FlowExecutionControlContext:0.405
MapAccessor:0.3933333333333333
Flow:0.34
ParameterMapTests:0.3
ParameterMap:0.26
AbstractAttributeMap:0.25333333333333335
FlowTests:0.22666666666666666
SubflowState:0.22333333333333333
AbstractAction:0.21916666666666668
FlowExecutionListeners:0.21333333333333335
FlowExecutionControlContextImpl:0.19666666666666666
FlowExecutionImpl:0.17333333333333334
AttributeMapTests:0.14333333333333334
ReturnValuedBasedEventFactoryTests:0.14
MultiActionTests:0.11666666666666667
MultiAction:0.11333333333333333
MockFlowExecutionControlContext:0.08333333333333333
StatefulBeanInvokingActionTests:0.02
TestAction:0.013333333333333334
TestMultiAction:0.0033333333333333335
