A:0.5923333333333333
B:0.567611111111111
InjectorImpl:0.5166666666666667
BindingBuilderImpl:0.30666666666666664
BindingTest:0.07333333333333333
