Dialect:0.65
SQLServerDialect:0.4533333333333333
TypeNames:0.23333333333333334
