Platform:0.43
Kernel32:0.4280079365079365
Native:0.37666666666666665
Pointer:0.36666666666666664
Structure:0.36333333333333334
CallbackReference:0.29333333333333333
StructureTest:0.22666666666666666
SYSTEM_LOGICAL_PROCESSOR_INFORMATION:0.22333333333333333
Shell32:0.2105952380952381
LibraryLoadTest:0.21
NativeLibraryTest:0.2
Advapi32Util:0.18
CallbacksTest:0.17
Advapi32UtilTest:0.16
Shell32Test:0.15666666666666668
WinNT:0.13
PlatformTest:0.12
ShellAPI:0.07
APPBARDATA:0.01
