TranslationUtil:0.6532777777777777
StatementGeneratorTest:0.4
Rewriter:0.30416666666666664
Autoboxer:0.30333333333333334
OperatorRewriter:0.29
OperatorRewriterTest:0.17
