Mongo:0.5466666666666666
DB:0.54
DBApiLayer:0.31666666666666665
DBCleanerThread:0.12333333333333334
