IFragmentAtomTest:0.30666666666666664
IIsotopeTest:0.2866666666666667
ISingleElectronTest:0.20333333333333334
ILonePairTest:0.2
IMappingTest:0.18
IRingTest:0.16
