ConnectionFactory:0.2966666666666667
SearchArticles:0.24833333333333332
AnnotationTests:0.24333333333333335
GeneTableTest:0.24333333333333335
PubProperties:0.17666666666666667
PdfRedirector:0.13333333333333333
