OutputModelFactory:0.5033333333333333
Rewrite:0.37333333333333335
ParserFactory:0.33666666666666667
OutputModelController:0.29333333333333333
BlankOutputModelFactory:0.27666666666666667
SrcOp:0.25333333333333335
Target:0.24416666666666667
CodeBlockForAlt:0.21666666666666667
RewriteIteratorDecl:0.18333333333333332
DefaultOutputModelFactory:0.16666666666666666
RootDecl:0.16333333333333333
ParserASTExtension:0.16
TreeRewrite:0.06333333333333334
