DocumentParser:0.6733333333333333
DynamicMappingTests:0.33
SourceFieldMapperTests:0.22666666666666666
PercolatorQuerySearchIT:0.22666666666666666
