Http2Codec:0.48333333333333334
ByteBufDeframer:0.2658333333333333
Http2Operation:0.16666666666666666
Http2Session:0.14666666666666667
Http2Server:0.12666666666666668
Http2Response:0.12
Http2Request:0.11333333333333333
Http2Client:0.11333333333333333
Http2Writer:0.09333333333333334
