LuceneSearch:0.55
Directory:0.4683333333333333
DirectoryLucene:0.33
LuceneSearcher:0.2866666666666667
Connection:0.17527777777777778
LuceneIndexer:0.16166666666666665
LuceneSocket:0.08
