Role:0.35333333333333333
Permission:0.35333333333333333
User:0.34
Group:0.3
GroupAction:0.26
Scope:0.22
UserAction:0.18333333333333332
