DOTranslationUtility:0.5233333333333333
FOXMLDOSerializer:0.37666666666666665
