Entity:0.43666666666666665
Query:0.39
Field:0.38222222222222224
QueryParam:0.29
StatementModel:0.27
ModelGenerator:0.2633333333333333
QueryParams:0.25
QueryAdapter:0.04666666666666667
QueryParamLink:0.01
