ResourceManager:0.68
ResourceManagerServlet:0.34
TermOntology:0.3333333333333333
RequestHandlerState:0.32666666666666666
ResourceManagerTest:0.2866666666666667
