ViewManager:0.6166666666666667
EditViewFactory:0.41
ActionCreate:0.3566666666666667
ActionDelete:0.11666666666666667
