RootScope:0.5366666666666666
PreviewPanel:0.35
ScopeRegistry:0.3233333333333333
DocFetcher:0.29
ResultDocument:0.27666666666666667
