SearchedCaseExpression:0.43
AstBuilder:0.3
RewritingVisitor:0.24666666666666667
Formatter:0.24333333333333335
DefaultTraversalVisitor:0.22666666666666666
Visitor:0.20666666666666667
CanonicalizeExpressionRewriter:0.13666666666666666
