MethodKey:0.6833333333333333
Parameters:0.45
Parameter:0.29333333333333333
DispatchMethodInvoker:0.24
MethodInvokerTests:0.18666666666666668
BeanInvokingActionFactory:0.15
MethodInvoker:0.13666666666666666
MethodKeyTests:0.06666666666666667
InvalidMethodKeyException:0.016666666666666666
