OkHttpClientStream:0.38
AbstractStream:0.2966666666666667
OutboundFlowController:0.24
MockStreamListener:0.13333333333333333
OkHttpClientTransportTest:0.11333333333333333
OutboundFlowState:0.11166666666666666
