NetSocketImpl:0.43
Http1xServerHandler:0.4066666666666667
Http1xServerConnection:0.4
ConnectionBase:0.23666666666666666
VertxHandler:0.23327777777777778
Http1xClientHandler:0.15333333333333332
DatagramServerHandler:0.08333333333333333
ServerHandlerWithWebSockets:0.07444444444444444
