ModificationsConsumer:0.56
MKS:0.5333333333333333
UserAndCommentConsumer:0.24805555555555553
