WindowManager:0.5227777777777778
GridBagHelper:0.44666666666666666
DefaultWindowManager:0.29
LightweightWindowManager:0.23
ActionSave:0.21333333333333335
AbstractWindowManager:0.17
ProgressWidget:0.16
ControlCenter:0.15666666666666668
NavigatorView:0.13666666666666666
TableViewSettings:0.13333333333333333
FontChooser:0.13
ActionOpen:0.12666666666666668
