ExtensionValuesStore:0.5066666666666667
CompositeKey:0.4866666666666667
ExtensionStoreConcurrencyTests:0.2966666666666667
ExtensionValuesStoreTests:0.2627777777777778
