JobExecution:0.6866666666666666
FlowExecutionListener:0.5415714285714286
FlowExecutionListenerSupport:0.5415714285714286
BasicFlowTests:0.36666666666666664
JobExecutionTests:0.33
JobFlowExecutor:0.2931111111111111
FlowJobTests:0.20666666666666667
SimpleFlow:0.18333333333333332
EndState:0.16666666666666666
DecisionState:0.12
FlowJob:0.10666666666666667
SimpleJobFlowExecutor:0.05
JobExecutionDecider:0.0425
EndStateTests:0.023333333333333334
JobFlowExecutorSupport:0.01
TestDecider:0.0
