Tooltip:0.6633333333333333
TooltipManager:0.47333333333333333
UITest:0.22
