ArticleSender:0.5744444444444444
CommentReceiver:0.45
CommentSender:0.22333333333333333
ArticleReceiver:0.15
