RegisteredServiceAttributeReleasePolicyEditBean:0.6983333333333334
DefaultRegisteredServiceAccessStrategy:0.4944444444444444
RegisteredServiceEditBean:0.39
JsonServiceRegistryDao:0.29083333333333333
