ArrayUtil:0.5433333333333333
BaseNDArray:0.37333333333333335
NDArrayIndex:0.37333333333333335
Indices:0.21333333333333335
BaseNDArrayFactory:0.19
DBNTest:0.18666666666666668
WeightInitUtil:0.13
