EmnistFetcher:0.4975000000000001
EmnistDataSetIterator:0.45
EmnistDataFetcher:0.42
MnistFetcherTest:0.04666666666666667
