SnmpManager:0.8366666666666667
IPAddressesSyncProvider:0.23666666666666666
SnmpIPResourceDefinition:0.21
