AbstractChronicleMap:0.5888888888888889
TimeBasedReplicationTest:0.5091666666666667
