InvitationProcess:0.4666666666666667
StreamServiceImpl:0.32
RosterEntryElement:0.27416666666666667
SarosUI:0.26666666666666666
DiscoveryManager:0.25416666666666665
OutgoingSessionNegotiation:0.20333333333333334
VersionManager:0.19333333333333333
IncomingProjectNegotiation:0.18666666666666668
OutgoingProjectNegotiation:0.16
CancelHandler:0.02666666666666667
LeaveHandler:0.02
UserListHandler:0.016666666666666666
InvitationHandler:0.0033333333333333335
