Material:0.6133333333333333
LightManager:0.3433333333333333
HybridLightTest:0.2625
PerspectiveCamController:0.24666666666666667
PrototypeRendererGL20:0.23666666666666666
StillModelViewerGL20:0.22916666666666666
