UpdateRequest:0.86
UpdateRequestBuilder:0.5133333333333333
UpdateTests:0.07666666666666666
UpdateHelper:0.06
RestUpdateAction:0.04555555555555556
