BinderHelper:0.58
ListFolderHelper:0.38333333333333336
AjaxController:0.29333333333333333
WorkspaceTreeHelper:0.21333333333333335
ProfilesBinderHelper:0.15333333333333332
