HTMLElement:0.591388888888889
HTMLTableColElement:0.4
HTMLTableCaptionElement:0.21
HTMLTableCaptionElementTest:0.023333333333333334
