JChemPaintPanel:0.6166666666666667
JChemPaintViewerOnlyApplet:0.3933333333333333
JChemPaintAbstractApplet:0.39
