TemporaryJob:0.5466666666666666
TemporaryJobs:0.38666666666666666
TemporaryJobsTest:0.36
TempJobFailureTest:0.2886666666666666
