FsStats:0.72
NodeStats:0.4522222222222222
NodesInfoResponse:0.33666666666666667
