Person:0.6053333333333333
GoodsManager:0.33
PhysicalCondition:0.31
AmountResource:0.26
Farming:0.21666666666666667
LoadVehicleGarage:0.15666666666666668
AmountResourceConfig:0.15333333333333332
