AllFusionHarvest:0.6666666666666666
PluginRegistry:0.52
AllFusionHarvestBootstrapper:0.38333333333333336
AllFusionHarvestBootstrapperTest:0.023333333333333334
AllFusionHarvestTest:0.006666666666666667
