TermBean:0.7766666666666666
GenerateHits:0.38333333333333336
TermBeanImpl:0.33666666666666667
NullTermBean:0.32
LongRunningConnectionFactory:0.21
