MasterClock:0.68
Settlement:0.45555555555555555
ClockListenerTask:0.15666666666666668
