MetaModel:0.5866666666666667
InvoicesTest:0.44666666666666666
