MapService:0.5266666666666666
ClusterServiceImpl:0.36666666666666664
NearCache:0.36
DefaultRecordStore:0.31333333333333335
AbstractTxnMapRequest:0.23
Merger:0.19777777777777777
PutAllOperation:0.18666666666666668
PartitionWideEntryOperation:0.18666666666666668
BasePutOperation:0.1788888888888889
RecordStatistics:0.17333333333333334
