JFXPopup:0.5633333333333334
JFXPopupSkin:0.5533333333333333
