Word2Vec:0.49833333333333335
TextPipeline:0.36666666666666664
TextPipelineTest:0.12666666666666668
VocabCacheFunction:0.12333333333333334
BaseSparkTest:0.12
WordFreqAccumulator:0.02666666666666667
MaxPerPartitionAccumulator:0.02666666666666667
