PortletUrlHelper:0.5783333333333334
Form:0.3933333333333333
Jsr168Dispatcher:0.37
PortletResult:0.20333333333333334
