UIPropertiesPlugin:0.44333333333333336
JFXShrinkingAction:0.39666666666666667
AbstractShrinkingAction:0.35333333333333333
