BioResourceView:0.59
NewFolderWizard:0.28
StringResource:0.27666666666666667
EditorUtils:0.27666666666666667
DeleteResourceProgressDialog:0.22
