ScriptEditor:0.5366666666666666
ScriptTable:0.4533333333333333
EventNormalizer:0.32
ScriptEditorFrame:0.22666666666666666
