Sink:0.62
MessageFramer:0.3933333333333333
AbstractServerStream:0.32666666666666666
OkHttpClientStream:0.29333333333333333
MessageFramerTest:0.27
AbstractClientStream:0.27
NettyServerStreamTest:0.21
NettyClientStreamTest:0.2
NettyServerHandlerTest:0.17
OutboundFlowController:0.17
AbstractStream:0.16333333333333333
NettyClientStream:0.12666666666666668
NettyServerStream:0.12
