OuterReferenceResolver:0.47333333333333333
CaptureInfo:0.46
InnerClassExtractorTest:0.28
RewriteContext:0.2652777777777778
InnerClassExtractor:0.25
ReferenceGraph:0.25
LocalCapture:0.24222222222222223
AnonymousClassConverterTest:0.23
OuterReferenceResolverTest:0.22
OuterReferenceFixerTest:0.15333333333333332
