JUnit4TestEngineDiscoveryTests:0.7033333333333334
RunnerTestDescriptor:0.4027777777777778
JUnit4TestDescriptor:0.3622222222222222
