CoreDaoImpl:0.6111111111111112
WebKeys:0.5405555555555556
DisplayConfiguration:0.28
