Position:0.6433333333333333
Map:0.57
AdjacentIterator:0.3405555555555555
CircleIterator:0.31777777777777777
InGameController:0.2633333333333333
River:0.21777777777777782
TerrainGenerator:0.21666666666666667
LandGenerator:0.19444444444444445
PrivateerMission:0.18666666666666668
BorderAdjacentIterator:0.17666666666666667
