Euler:0.9166666666666666
EulerRunner:0.21333333333333335
