Game:0.5616666666666666
PlayerSummary:0.34
JdbcJobRepositoryTests:0.3233333333333333
DerbyDataSourceFactoryBean:0.25333333333333335
