BitArray:0.5502222222222222
AbstractUPCEANReader:0.5033333333333333
BitArrayTestCase:0.05
