Keywords:0.7016825396825397
CreateIndexImpl:0.5696666666666667
