IOHelper:0.49666666666666665
AbstractNodeIO:0.3933333333333333
OverflowDetectorCallback:0.17055555555555557
SerializationExceptionHook:0.14772222222222223
ObjectSerializationTask:0.12
SerializationOverflowRunner:0.07333333333333333
SerializationOverflowTask:0.04
SerializationOverflowException:0.03333333333333333
DefaultSerializationExceptionHook:0.008981481481481483
