ReaderEventQueue:0.2833333333333333
ScenarioReaderImpl:0.28
ScenarioManagerImpl:0.278
ScenarioWriter:0.22666666666666666
QueuedEvent:0.21666666666666667
ScenarioManagerImplTest:0.21444444444444447
WriterEventQueue:0.16666666666666666
DefaultEventQueue:0.14
ScenarioQueuedEvent:0.10333333333333333
