HazelcastClientMapTest:0.5066666666666667
MapClientProxy:0.43666666666666665
HazelcastClientTopicTest:0.30333333333333334
