ItemEvent:0.32666666666666666
AbstractMapAddEntryListenerRequest:0.29
QueueService:0.27666666666666667
CollectionAddListenerRequest:0.25666666666666665
TopicService:0.23333333333333334
CollectionService:0.22666666666666666
MultiMapService:0.22666666666666666
AddEntryListenerRequest:0.043333333333333335
AddMessageListenerRequest:0.03
AddListenerRequest:0.016666666666666666
