Response:0.5133333333333333
OtherTestInterface:0.4282380952380953
HystrixInvocationHandler:0.27
Logger:0.255
HystrixBuilderTest:0.22333333333333333
DefaultClientTest:0.17333333333333334
Default:0.15333333333333332
ApacheHttpClientTest:0.06333333333333334
OkHttpClientTest:0.056666666666666664
ReasonPhraseOptional:0.0033333333333333335
