InstallService:0.735
AppResource:0.5122222222222222
InstallServiceImpl:0.33
InstallServiceAsync:0.30411111111111105
TomcatRestartPanel:0.20666666666666667
UpdateDatabaseCallback:0.17333333333333334
