Cache:0.5033333333333333
CommunicationsStub:0.4066666666666667
