Builder:0.53
TcpTransportAndNetworkConfig:0.49
TcpReplicator:0.25333333333333335
AbstractReplication:0.23333333333333334
ChronicleMapTest:0.23
StatelessClientTest:0.22666666666666666
CHMUseCasesTest:0.18333333333333332
BGChronicleTest:0.16333333333333333
ChannelProvider:0.16
TcpReplicationLargeEntryTest:0.14666666666666667
TcpReplicationSoakTest:0.14666666666666667
Replicators:0.14333333333333334
TCPSocketReplicationBootStrapTest:0.08333333333333333
