HazelCastStateTracker:0.5705555555555555
ActorNetworkRunner:0.5416666666666666
ActorNetworkRunnerTest:0.19333333333333333
