SqlScript:0.6341666666666667
SqlScriptSmallTest:0.4266666666666667
OracleSqlScript:0.2866666666666667
