AddXMPPAccountWizard:0.7641111111111112
ConfigurationWizard:0.5261111111111112
