RoboAttributeSet:0.47
RoboAttributeSetTest:0.35
ShadowViewTest:0.26666666666666666
ShadowContext:0.21333333333333335
ShadowMapView:0.20666666666666667
ShadowResources:0.20333333333333334
ShadowContextTest:0.20333333333333334
ShadowEditTextTest:0.19333333333333333
ShadowPreferenceGroupTest:0.16666666666666666
ShadowProgressBarTest:0.14333333333333334
PreferenceBuilder:0.13666666666666666
