DrawableSeqFeature:0.52
DrawableFeatureSet:0.44666666666666666
TierManager:0.43333333333333335
FeatureTypes:0.38
ApolloPanel:0.36333333333333334
DrawableAnnotatedSeqFeature:0.31
FeatureView:0.26
DrawableAnnotatedFeatureSet:0.22333333333333333
StrandedZoomableApolloPanel:0.22
FeatureTierManager:0.20333333333333334
SiteView:0.20111111111111113
FlexibleFeatureTierManager:0.19666666666666666
DrawableTerminalCodon:0.19
DrawableSpliceSite:0.19
AnnotationView:0.18666666666666668
CollapsedFeatureTierManager:0.175
TreeMenu:0.13666666666666666
ViewMenu:0.13666666666666666
PropertyPanel:0.1211111111111111
TypePanel:0.1
