AtmosphereResource:0.8044444444444445
AtmosphereRequest:0.6183333333333333
AtmosphereResourceImpl:0.4327777777777777
