World:0.36
Joint:0.29
PrismaticJoint:0.23333333333333334
WheelJoint:0.22666666666666666
GearJoint:0.15333333333333332
FrictionJoint:0.11
DistanceJoint:0.11
RopeJoint:0.05333333333333334
WeldJoint:0.05333333333333334
