FlowExecutionImpl:0.63
ContinuationFlowExecutionRepository:0.44
DefaultFlowExecutionRepository:0.3433333333333333
ClientContinuationFlowExecutionRepository:0.3433333333333333
FlowExecutionImplStateRestorer:0.16333333333333333
