ConfigurationUtil:0.5483333333333333
TestConfigurationUtil:0.16333333333333333
DATASOURCE_GEN:0.0
