Convertor:0.6433333333333333
RssWriter:0.31666666666666665
CMLWriter:0.31
