PartitionedTableIntegrationTest:0.3641666666666667
PositionalBucketMergerTest:0.20666666666666667
JobCollectContextTest:0.20333333333333334
PositionalRowMergerTest:0.2
SourceInjectorRow:0.15
NodeFetchOperationTest:0.13666666666666666
