CacheTest:0.6066666666666667
UrlConnectionCacheTest:0.43333333333333335
PlatformTest:0.31666666666666665
