SelectPlannerTest:0.5066666666666667
GroupHashAggregate:0.47333333333333333
SubQueryPlannerTest:0.3433333333333333
