SamlIdPConfiguration:0.49666666666666665
ECPProfileHandlerController:0.24666666666666667
SamlProfileSaml2ResponseBuilder:0.206
SamlProfileSamlSoap11ResponseBuilder:0.206
CasEmbeddedContainerConfiguration:0.14666666666666667
BaseSamlProfileSamlResponseBuilder:0.06
