FetchOwner:0.74
Fetch:0.6933333333333334
FetchOwnerDelegate:0.44333333333333336
CompositeFetchOwnerDelegate:0.28
FetchMetadata:0.26199999999999996
LoadQueryAliasResolutionContextImpl:0.22
AbstractIdentifierAttributeCollector:0.21666666666666667
AbstractFetchOwner:0.19666666666666666
CompositeIndexGraph:0.19333333333333333
CompositeElementGraph:0.19333333333333333
CompositeFetch:0.19333333333333333
EntityFetchOwnerDelegate:0.16
AbstractSingularAttributeFetch:0.15666666666666668
CollectionFetch:0.13666666666666666
EncapsulatedIdentifierAttributeCollector:0.12
NonEncapsulatedIdentifierAttributeCollector:0.12
PropertyMappingDelegate:0.07690476190476189
FetchMetadataImpl:0.02
NonEncapsulatedIdentifierAttributeFetchMetadata:0.016666666666666666
NonIdentifierAttributeFetchMetadata:0.013333333333333334
