Utils:0.52
SarosSession:0.5
ProjectNegotiation:0.5
FileList:0.37333333333333335
IncomingProjectNegotiation:0.3566666666666667
ITransmitter:0.3466666666666667
EnterProjectNamePage:0.3333333333333333
XMPPTransmitter:0.2966666666666667
OutgoingProjectNegotiation:0.28
ProjectExchangeInfo:0.26
TransferDescription:0.24666666666666667
SarosSessionManager:0.23666666666666666
FileListActivity:0.22333333333333333
SarosUI:0.18333333333333332
GeneralNewSessionAction:0.175
PacketExtensionUtils:0.16666666666666666
AddProjectToSessionWizard:0.16
AddToSessionAction:0.14333333333333334
FileListManager:0.13333333333333333
TransferDescriptionTest:0.12666666666666668
OutgoingProjectJob:0.12333333333333334
FileListActivityDataObject:0.12
ProjectNegotiationObservable:0.11333333333333333
ProjectExchangeInfoDataObject:0.04666666666666667
MappedList:0.016666666666666666
