XmlActions:0.56
XmlPlugin:0.4266666666666667
CompletionInfo:0.3566666666666667
