StepRunner:0.6633333333333333
StepRunnerTest:0.30666666666666664
ProtectedStream:0.22333333333333333
