SqlTypeDescriptorRegistry:0.7566666666666667
JavaTypeDescriptorRegistry:0.7566666666666667
