CrawlController:0.33666666666666667
WebCrawler:0.31
URLCanonicalizer:0.30633333333333335
Parser:0.24
HtmlContentHandler:0.2327777777777778
WorkQueues:0.11666666666666667
Counters:0.11666666666666667
