WebSocketProcessor:0.8533333333333334
Servlet30CometSupportWithWebSocket:0.3333333333333333
JettyCometSupportWithWebSocket:0.3333333333333333
