FieldRegistry:0.52
Entry:0.3933333333333333
Resolution:0.32017460317460317
Compiled:0.24666666666666667
FlatDynamicTypeBuilder:0.24333333333333335
Default:0.24333333333333335
Handler:0.17666666666666667
SubclassDynamicTypeBuilder:0.15666666666666668
Prepared:0.148
TypeWriterBuilderTest:0.14333333333333334
FieldRegistryDefaultTest:0.12666666666666668
RebaseInstrumentationTarget:0.12
Simple:0.06666666666666667
AccessorMethodDelegation:0.056666666666666664
MethodFlatteningResolver:0.016666666666666666
