HiveClient:0.56
AbstractTestHiveClient:0.29
HiveSplitSourceProvider:0.23333333333333334
TestAsyncRecursiveWalker:0.22333333333333333
AsyncRecursiveWalker:0.22333333333333333
HiveClientModule:0.16
AbstractTestHiveClientS3:0.13666666666666666
