ViewHelper:0.4
AnimUtils:0.31333333333333335
LinearLayout:0.25666666666666665
GridLayout:0.25333333333333335
FrameLayout:0.25333333333333335
RelativeLayout:0.25333333333333335
DrawerLayout:0.25333333333333335
ImageView:0.21166666666666667
TransitionLayout:0.16111111111111112
MainActivity:0.14
ImageActionButton:0.095
SVGActionButton:0.095
