Jupiter:0.5433333333333333
JupiterClient:0.47556349206349213
ConcurrentDocumentManager:0.35
ActivitySequencer:0.27666666666666667
Algorithm:0.27222222222222225
XMPPChatTransmitter:0.22333333333333333
RequestPacketExtension:0.2
JupiterServer:0.2
TimestampOperation:0.19
JupiterDocumentServer:0.17
ProxyJupiterDocument:0.12166666666666667
JupiterDocumentClient:0.12166666666666667
RequestExtensionProvider:0.09333333333333334
