Binder:0.63
BasicIndexUtils:0.5
EntityIndexUtils:0.32
AbstractBinderProcessor:0.31
AccessControlManagerImpl:0.2966666666666667
AccessUtils:0.2966666666666667
WorkflowControlledEntry:0.27
WorkflowUtils:0.23666666666666666
MailModuleImpl:0.20666666666666667
QueryBuilder:0.20666666666666667
BinderHelper:0.19333333333333333
ViewEntryController:0.16333333333333333
ViewPermalinkController:0.07333333333333333
