VCSActivity:0.5572222222222223
IResourceActivity:0.4275555555555555
FolderActivity:0.41
