FuzzyOptions:0.43666666666666665
RegexOptions:0.42
CompletionSuggestionBuilder:0.29
CompletionSuggestionContext:0.27
CompletionSuggesterBuilderTests:0.22
CompletionSuggester:0.20333333333333337
