InjectorImpl:0.41333333333333333
BindingImpl:0.4066666666666667
BindingTest:0.2966666666666667
ConvertedConstantBindingImpl:0.2833333333333333
InstanceBindingImpl:0.2594444444444444
ClassBindingImpl:0.2594444444444444
ProviderBindingImpl:0.24333333333333335
ProviderInstanceBindingImpl:0.23944444444444443
LinkedProviderBindingImpl:0.21333333333333335
LinkedBindingImpl:0.21333333333333335
LoggerInjectionTest:0.20333333333333334
InvalidBindingImpl:0.08666666666666667
