ObjectFactory:0.5566666666666666
ModelLayoutService:0.30666666666666664
ShowModelLayoutTopComponent:0.29333333333333333
RenderModelLayout:0.29
ModelLayoutTopComponent:0.27666666666666667
TemplatesTopComponent:0.2546111111111111
RelateSubnetToVFRAction:0.23826767676767677
RelateSubnetToVlanAction:0.23826767676767677
PredefinedShapesTopComponent:0.23083333333333333
KuwaibaService:0.20083333333333334
RelateIPToBDIInterfaceAction:0.14333333333333334
RelateVFRToVlanAction:0.14333333333333334
DeleteListTypeAction:0.13666666666666666
ModelLayoutAcceptProvider:0.056666666666666664
ShowDeviceLayoutView:0.014444444444444444
