HttpTest:0.6877777777777778
ServerConnection:0.4633333333333333
