DocIndexMetaData:0.5366666666666666
Schemas:0.36333333333333334
AlterTableOperation:0.19666666666666666
