IHistory:0.595
History:0.41333333333333333
JsScriptGenerator:0.25666666666666665
ScriptRecord:0.19666666666666666
IScriptGenerator:0.1317222222222222
