TPSADescriptor:0.37666666666666665
VdWRadiusDescriptor:0.31333333333333335
GhemicalReaderTest:0.2569444444444444
IChIHandler:0.24333333333333335
ChangeAtomSymbolAction:0.18666666666666668
MDLRXNReader:0.17666666666666667
INChIPlainTextReader:0.15666666666666668
PluginInfoDialog:0.013333333333333334
