Robolectric:0.63
ShadowSQLiteCursor:0.36333333333333334
SQLiteDatabaseTest:0.31666666666666665
SQLiteCursorTest:0.22
RobolectricTestRunnerInterface:0.2
ShadowSQLiteDatabase:0.18666666666666668
ShadowOverlayItem:0.16944444444444443
RobolectricTestRunner:0.16
TestUtil:0.13666666666666666
ShadowAbstractCursor:0.13333333333333333
CursorAdapterTest:0.10333333333333333
WithTestDefaultsRunner:0.02
Strings:0.02
