FolderEntryResource:0.49
FileResource:0.2633333333333333
AbstractFolderEntryResource:0.22416666666666665
AbstractFileResource:0.18666666666666668
