ApolloPanel:0.57
SiteView:0.31666666666666665
StrandedZoomableApolloPanel:0.29333333333333333
FeatureView:0.29
SeqFeatureUtil:0.2633333333333333
SetDetailPanel:0.26
GAMEAdapter:0.22666666666666666
EvidencePanel:0.22055555555555553
ScrollableTierView:0.21333333333333335
TierMenu:0.18
DrawableSpliceSite:0.16333333333333333
FineAnnotationView:0.12333333333333334
