FileAttachment:0.3933333333333333
InputStreamAttachment:0.30666666666666664
ByteArrayAttachment:0.30666666666666664
DataSourceAttachment:0.15333333333333332
