Serializer:0.5666666666666667
Deserializer:0.43333333333333335
JPPFObjectOutputStream:0.2733333333333333
JPPFObjectInputStream:0.2733333333333333
