BaseCryptoToken:0.7482777777777778
CryptoTokenTestBase:0.41861111111111116
