Round:0.6972222222222222
ProtoclassCollecter:0.5433333333333333
Processor:0.20666666666666667
