Mapping:0.8666666666666667
GenericMapping:0.45
TupleResult:0.35333333333333333
