Robolectric:0.7366666666666667
RobolectricTest:0.2633333333333333
ShadowAsyncTask:0.17
AsyncTaskTest:0.13333333333333333
