QueryStateMachine:0.5183333333333333
StageInfo:0.5016666666666667
