Params:0.9604444444444444
GetLinkedSrv:0.41333333333333333
