OAuth20AccessTokenControllerTests:0.4533333333333333
OAuth20AccessTokenController:0.31
OAuth20ProfileController:0.2866666666666667
OAuth20ProfileControllerTests:0.21333333333333335
