LocalCheckpointTracker:0.5466666666666666
SequenceNumbersService:0.35133333333333333
LocalCheckpointTrackerTests:0.2733333333333333
