PyReflectedFunction:0.5566666666666666
ProxyMaker:0.46
ReflectedArgs:0.22333333333333333
CollectingCallback:0.07333333333333333
BeanImplementation:0.023333333333333334
BeanInterface:0.0011111111111111111
