Connection:0.7233333333333334
Response:0.4766666666666667
HttpConnection:0.28833333333333333
UrlConnectTest:0.28
Request:0.2733333333333333
