Sergeant:0.47833333333333333
Commander:0.47833333333333333
Soldier:0.39
App:0.31666666666666665
