SPropsUtil:0.4533333333333333
FileRepositorySession:0.32
RssGenerator:0.25666666666666665
MailManagerImpl:0.21
RepositoryUtil:0.20333333333333334
WebdavRepositorySessionFactory:0.2
FileRepositorySessionFactory:0.14666666666666667
LocalLuceneSessionFactory:0.13
