NetworkHostsContainer:0.5266666666666666
DynamicQueryEngine:0.28488888888888897
NetworkTab:0.27
UploadManager:0.2675
SWDownloadTab:0.25666666666666665
BrowserLauncher:0.2519444444444444
AnimatorThread:0.24826767676767678
RemoveDownloadAction:0.24826767676767678
TreeTableModelAdapter:0.24666666666666667
DisconnectHostAction:0.235
RemoveCandidateAction:0.235
SearchListPanel:0.2
TestIPAccessRule:0.19666666666666666
GURLHandler:0.19666666666666666
SharedFilesService:0.19333333333333333
StatusBar:0.17
DynamicQueryWorker:0.15666666666666668
ConnectionObserver:0.15027777777777776
FWPopupMenu:0.14333333333333334
GUIUserMessageListener:0.14333333333333334
CloseSearchAction:0.13666666666666666
RunnerQueueWorker:0.07361111111111111
NLoggerNames:0.02666666666666667
