Encoding:0.14360036
CharsetEncoding:0.04126431
EncodingDetector:0.0385755
