NotificationManager:0.64
MockNotification:0.36333333333333334
BroadcastEventProcessor:0.2521666666666667
NotifdTest:0.23666666666666666
