VertxLifecycleHooks:0.47711904761904766
JsonObject:0.4166666666666667
JsonArray:0.4033333333333333
Json:0.26
BufferImpl:0.26
RunCommand:0.24666666666666667
EventBusTestBase:0.20083333333333334
BareCommand:0.19333333333333333
SendContext:0.19333333333333333
Launcher:0.1580952380952381
ClientOptionsBase:0.15666666666666668
JsonObjectTest:0.15
StringLengthCodec:0.12666666666666668
JsonMapperTest:0.12
JsonArrayTest:0.08666666666666667
SendContextImpl:0.07
