DatabaseMetaData:0.44333333333333336
TdsConnection:0.18
CallableStatement_base:0.16333333333333333
PreparedStatement_base:0.15333333333333332
AbstractResultSet:0.12333333333333334
TdsStatement:0.12333333333333334
