GrizzlyAsyncHttpProvider:0.4666666666666667
AsyncHttpClientEventFilter:0.3877777777777778
AsyncHttpClientFilter:0.38
EventHandler:0.32
