JavaBeanDeserializer:0.7516111111111111
Issue900:0.3258333333333333
