GeoLocation:0.6533333333333333
Model:0.35333333333333333
GeoList:0.29333333333333333
Renderer:0.2866666666666667
Update:0.1822222222222222
LayerPanel:0.12666666666666668
