Errors:0.5966666666666667
InjectionPoint:0.4766666666666667
InjectorImpl:0.3
ProviderLookup:0.27
Binder:0.2683730158730159
ProviderMethodsTest:0.26
ProviderMethodsModule:0.25777777777777783
RecordingBinder:0.22
LookupProcessor:0.11
InternalFlags:0.06166666666666667
