WebserviceBean:0.5505555555555556
SNMPDataProcessor:0.55
BusinessEntityManagerImpl:0.2966666666666667
