FilesetComponent:0.44333333333333336
FilesetBuilder:0.43
CDRecordService:0.2866666666666667
AbstractMediaWriterService:0.19666666666666666
FileUtils:0.11666666666666667
