PeerGroup:0.8266666666666667
PeerTableModel:0.23666666666666666
PeerMonitor:0.16333333333333333
PeerGroupTest:0.12666666666666668
PeerTableRenderer:0.05
