FileUtil:0.5058333333333334
FileList:0.4666666666666667
