Action2:0.58
MenuHelper:0.52
Workbench:0.5066666666666667
Paste:0.3511111111111111
Copy:0.3511111111111111
ActionSave:0.30666666666666664
ActionExit:0.30666666666666664
Menu:0.25666666666666665
TableView:0.23
PopupWidget:0.20666666666666667
ActionOpen:0.20666666666666667
Cut:0.19777777777777777
ReportPlugin:0.19666666666666666
ActionNew:0.18333333333333332
NextMode:0.16333333333333333
ViewDockable:0.11444444444444445
AdvancedEditor:0.09444444444444444
ActionCloseView:0.0
