AllocatedChunks:0.7066666666666667
SearchAllocatedChunks:0.2866666666666667
