JChemPaintPanel:0.62
JChemPaintEditorPanel:0.4066666666666667
StructureDiagramGeneratorTest:0.3933333333333333
