Holder:0.5533333333333333
ButtonTypeConverter:0.4
JFXDecorator:0.3566666666666667
