Captain:0.6133333333333333
FishingBoat:0.5966666666666667
AdapterPatternTest:0.27
App:0.22666666666666666
