AsyncStreamLifecycleTest:0.7327777777777779
EmptyBodyTest:0.5357380952380953
