AbstractDdlBuilder:0.46
OracleDdlBuilder:0.2833333333333333
InterbaseDdlBuilder:0.25666666666666665
MySqlDdlBuilder:0.25
FirebirdDdlBuilder:0.23
SybaseDdlBuilder:0.22
PostgreSqlDdlBuilder:0.21666666666666667
MsSqlDdlBuilder:0.18333333333333332
HsqlDb2DdlBuilder:0.12333333333333334
HsqlDbDdlBuilder:0.12333333333333334
