SCEvent:0.39
ESParser:0.38333333333333336
PathConstraint:0.3333333333333333
SystemState:0.29333333333333333
ChoiceGenerator:0.2733333333333333
JPF_gov_nasa_jpf_sc_StateMachine:0.25
ScriptElementContainer:0.24111111111111114
