DummyInternalKernalServices:0.6877777777777778
Latex2Utf8Test:0.35055555555555556
