CtrlLexer:0.3566666666666667
CtrlParser:0.32666666666666666
Namespace:0.32666666666666666
CtrlChecker:0.25053968253968256
CtrlHelper:0.24
DFA14:0.15
