AddShowView:0.5433333333333333
TedMessages:0.4033333333333333
AddShowControllerTest:0.20666666666666667
AddShowController:0.18333333333333332
