XStreamMarshaller:0.7838888888888889
XStreamMarshallerTest:0.16666666666666666
