TextTester:0.7482777777777778
SWTPatchTest1:0.39222222222222225
