GeneratedProperty:0.5566666666666666
EntityGenerator:0.44333333333333336
EntityMetaGenerator:0.27
