List:0.57
ExtentHelper:0.41333333333333333
Add:0.32
Get:0.23666666666666666
Update:0.18444444444444444
Search:0.16666666666666666
Delete:0.11
