ConsoleSample:0.44
TableAbstract:0.4266666666666667
ColumnAbstract:0.42
TechnologyConventionPanel:0.3146666666666667
ColumnUMLNotation:0.17
GrailsUtils:0.16333333333333333
