SqlStatementBuilder:0.5533333333333333
PostgreSQLSqlStatementBuilder:0.24666666666666667
OracleSqlScriptSmallTest:0.21666666666666667
H2SqlStatementBuilder:0.21
HsqlDbSupport:0.20666666666666667
H2SqlScriptSmallTest:0.14
MySQLSqlStatementBuilder:0.13666666666666666
OracleSqlStatementBuilder:0.13333333333333333
DerbySqlStatementBuilder:0.12
PostgreSQLSqlScriptSmallTest:0.11333333333333333
DB2SqlStatementBuilder:0.09333333333333334
HsqlSqlStatementBuilder:0.08333333333333333
