PatternShape:0.43416666666666665
Materialisation:0.39
PatternGraph:0.36333333333333334
Solution:0.24
QuasiShape:0.19333333333333333
Constraint:0.17333333333333334
TestMaterialisation:0.09
