NodeService:0.5666666666666667
INodeIdCreator:0.427
RegistrationService:0.38
INodeService:0.3566666666666667
MockNodeService:0.24
DefaultNodeIdCreator:0.16666666666666666
ExtensionPointManager:0.16666666666666666
DbExportImportTest:0.14333333333333334
DefaultNodeIdCreatorTest:0.05
NodeIdCreatorAdaptor:0.016666666666666666
