GetObjectHistoryServlet:0.5266666666666666
DescribeRepositoryServlet:0.5066666666666667
