ApplicationEntityManager:0.6652777777777779
WebserviceBean:0.34
ApplicationEntityManagerImpl:0.33666666666666667
KuwaibaService:0.24666666666666667
WebserviceBeanRemote:0.235
