ValidateTransformationTest:0.4533333333333333
Not:0.25333333333333335
EqualText:0.25333333333333335
