HTMLDocumentTest:0.51
HtmlScript:0.3466666666666667
HTMLScriptElement:0.2966666666666667
HTMLScriptElementTest:0.2866666666666667
