GUI:0.7722222222222221
ChatAction:0.15666666666666668
EuropeAction:0.15666666666666668
AboutAction:0.15
FindSettlementAction:0.15
