Router:0.5533333333333333
Elvin:0.4166666666666667
ClientFrameCodec:0.26666666666666666
JUTestRouter:0.19666666666666666
IoHandler:0.18
FederationFrameCodec:0.17666666666666667
