NoOp:0.3566666666666667
Translog:0.35
TranslogTests:0.31666666666666665
View:0.31
InternalEngine:0.28
InternalEngineTests:0.21666666666666667
