NutConf:0.48
NutEntity:0.36666666666666664
FastClassFactory:0.36
FastMethodFactory:0.27
FastClassImpl:0.19750000000000004
EmptyArgsConstructorBorning:0.12
EjectByGetter:0.09333333333333334
InjectBySetter:0.09333333333333334
MethodInvokeProcessor:0.09333333333333334
