AtmosphereRequest:0.66
AtmosphereResourceImpl:0.4033333333333333
Body:0.3333333333333333
Builder:0.27666666666666667
AsynchronousProcessor:0.18
IOUtils:0.16
SimpleHttpProtocol:0.15
AtmosphereRequestTest:0.04
