Bundler:0.5633333333333334
FixedSizedBundler:0.45
AutoTunedBundler:0.3858333333333333
