ControllerListener:0.4599444444444445
AbstractController:0.45666666666666667
SerialController:0.41333333333333333
ControllerEvent:0.2866666666666667
