Search:0.4166666666666667
BinarySearch:0.41333333333333333
InterpolationSearch:0.4
