ReplicatedChronicleMap:0.5
StatelessClientTest:0.3466666666666667
DiscoveryNodeBytesMarshallable:0.24333333333333335
BasicCopyingMetaBytesInterop:0.18666666666666668
