DBCollection:0.6433333333333333
DB:0.5133333333333333
Mongo:0.45666666666666667
