MetaModel:0.6
MetaTab:0.42333333333333334
CustomersTest:0.32666666666666666
CustomersWithSectionTest:0.31
MetaConsult:0.2277777777777778
ModelMapping:0.21972222222222224
ComparatorValidator:0.18
DateUtilSQLConverter:0.15333333333333332
