ProtocolConfig:0.6033333333333334
ProviderConfig:0.4033333333333333
PerformanceServerTest:0.2572063492063492
Constants:0.016666666666666666
