MockServletContext:0.5566666666666666
MockHttpServletResponse:0.4633333333333333
servlet:0.2791111111111111
MultipartInputStream:0.20666666666666667
