OneFragment:0.4633333333333333
GankIoDataBean:0.245
WelfareFragment:0.21333333333333335
ResultBean:0.09666666666666666
ViewHolder:0.08
