PosPanel:0.5266666666666666
PosTicketFormatter:0.42333333333333334
PayDialog:0.39
PosModel:0.28
