FormSubmissionUtils:0.6977777777777778
OptionsMultipleSelectTag:0.2791666666666667
