ApplicationEntityManager:0.7566666666666667
WebserviceBean:0.2966666666666667
ApplicationEntityManagerImpl:0.2833333333333333
KuwaibaService:0.26
WebserviceBeanRemote:0.25666666666666665
