RouterService:0.54
XmlPublisherDataLoaderFilter:0.4166666666666667
DefaultDataRouter:0.37290476190476185
SubSelectDataRouter:0.308
TemplatedPublisherDataLoaderFilter:0.27
RouterContext:0.26
ColumnMatchDataRouter:0.24151587301587307
IDataRouter:0.21587301587301586
XmlPublisherFilterTest:0.13666666666666666
AbstractTextPublisherDataLoaderFilter:0.13333333333333333
