Image:0.5228888888888888
ImageTextButton:0.5
GeometryUtils:0.23333333333333334
