Configuration:0.49333333333333335
IKSegmenter:0.47333333333333333
IkAnalyzerProvider:0.21
