CacheEvent:0.5733333333333334
AsyncTracer:0.38666666666666666
Simulator:0.30333333333333334
AsyncTracerTest:0.19666666666666666
Lru:0.02
