SlidingTableTag:0.7133333333333334
WebKeys:0.5405555555555556
AjaxController:0.2633333333333333
