CertTools:0.6433333333333333
DNFieldExtractor:0.42380555555555555
LocalUserAdminSessionBean:0.29
