JerryTest:0.635
JerryMiscTest:0.2733333333333333
ParsingProblemsTest:0.24333333333333335
SpringApiTest:0.17333333333333334
StuckTest:0.16
