Coordinates:0.8016666666666666
TempSimulationConfigEditor:0.22666666666666666
