DriverConnection:0.5633333333333334
DriverConductor:0.31333333333333335
Receiver:0.25666666666666665
ReceiverProxy:0.22666666666666666
ReceiverTest:0.15833333333333333
SubscriptionPosition:0.13666666666666666
DataFrameDispatcher:0.11
DriverSubscription:0.09333333333333334
