Domain:0.42
Scope:0.3433333333333333
Permission:0.3333333333333333
Privilege:0.3
Type:0.27666666666666667
Group:0.2725
ScopeFactory:0.21666666666666667
RoleFactory:0.19
TypeFactory:0.13333333333333333
SessionListener:0.12666666666666668
PermissionFactory:0.1
