Materialisation:0.49333333333333335
Solution:0.4633333333333333
Equation:0.45666666666666667
TestShapeGenerator:0.21
