SearchModule:0.64
Node:0.2633333333333333
SearchModuleTests:0.22
BrokenModule:0.18883333333333338
Builder:0.18666666666666668
CustomSignificanceHeuristicPlugin:0.16333333333333333
FailOnModule:0.12666666666666668
PluginsServiceTests:0.12333333333333334
