Script:0.5766666666666667
Template:0.42333333333333334
PhraseSuggestionBuilder:0.33666666666666667
TemplateQueryBuilder:0.2633333333333333
RenderSearchTemplateRequest:0.19666666666666666
