ParameterAveragingTrainingMaster:0.5933333333333334
SparkUtils:0.39
AssignIndexFunction:0.20666666666666667
SplitPartitions:0.16
