RestoreRequisitionDrafted:0.13666666666666666
RestoreJournalDrafted:0.13666666666666666
RestoreOrderDrafted:0.13666666666666666
RestoreBankStatementDrafted:0.13666666666666666
RestoreShipment:0.13666666666666666
RestoreInvoiceDrafted:0.10333333333333333
RestoreCashDrafted:0.10333333333333333
DocumentModify:0.10333333333333333
RestorePaymentDrafted:0.10333333333333333
