JsonCompileImpl:0.7669444444444444
Nutz:0.3258333333333333
