AABBNearFarAnalyzer:0.5466666666666666
ShadowSystem:0.36333333333333334
LightFilter:0.1162777777777778
NearFarAnalyzer:0.09853968253968254
FrustumLightFilter:0.07
AllLightFilter:0.0
