SqlTaskManager:0.31333333333333335
ClusterMemoryManager:0.29
SystemSessionProperties:0.24666666666666667
TestMemoryManager:0.21666666666666667
QueryContext:0.12666666666666668
