Transition:0.5066666666666667
FlowExecutionImpl:0.3433333333333333
StateContextImpl:0.3141666666666666
FlowSessionImpl:0.29333333333333333
ActionExecutor:0.22666666666666666
TransitionableState:0.2213888888888889
