TestResult:0.45666666666666667
AbstractBlackBoxTestCase:0.3466666666666667
Code39ExtendedBlackBox2TestCase:0.12
EAN13BlackBox1TestCase:0.12
Code128BlackBox1TestCase:0.12
EAN13BlackBox2TestCase:0.12
Code39BlackBox1TestCase:0.12
Code39BlackBox3TestCase:0.12
UPCEBlackBox1TestCase:0.12
UPCABlackBox2TestCase:0.12
EAN8BlackBox1TestCase:0.12
Code128BlackBox2TestCase:0.12
UPCABlackBox1TestCase:0.12
QRCodeBlackBox2TestCase:0.11666666666666667
QRCodeBlackBox1TestCase:0.11666666666666667
DataMatrixBlackBox1TestCase:0.09333333333333334
