ShadowArscAssetManager:0.5716666666666667
Util:0.5633333333333334
ParallelUniverse:0.18666666666666668
ShadowThemeTest:0.14333333333333334
