TestTransformingLoader:0.49666666666666665
TransformDemo:0.3
AbstractTransformTest:0.26
AbstractPreProcessor:0.10666666666666667
AbstractTransformTask:0.10333333333333333
ExampleTask:0.10333333333333333
