KeyShieldConfig:0.5866666666666667
GwtTeamingMessages:0.506388888888889
GwtServerHelper:0.28
CoreDaoImpl:0.23
GwtRpcServiceImpl:0.22444444444444447
EditKeyShieldConfigDlg:0.21444444444444447
SaveKeyShieldConfigRpcResponseData:0.18
KeyShieldModuleImpl:0.13666666666666666
KeyShieldModule:0.12833333333333333
