MagnificationProperties:0.5077777777777778
ToggleMagnification:0.13
IncreaseZoom:0.06666666666666667
DecreaseZoom:0.06666666666666667
