Block:0.65
Visitor:0.39666666666666667
FlowControl:0.32022222222222224
WhileLoop:0.2633333333333333
Formatter:0.25
TestExpressionCompiler:0.23666666666666666
DumpByteCodeVisitor:0.2311111111111111
ByteCodeVisitor:0.21
ExpressionCompiler:0.19666666666666666
ForLoopBuilder:0.19
IfStatement:0.18333333333333332
LookupSwitchBuilder:0.18
MethodDefinition:0.17666666666666667
SliceConstant:0.15166666666666667
ForLoop:0.13777777777777775
IfStatementBuilder:0.13444444444444445
WhileLoopBuilder:0.11333333333333333
DoWhileLoopBuilder:0.10666666666666667
DoWhileLoop:0.08666666666666667
LookupSwitch:0.07777777777777778
