SQLServerDialectTest:0.5166666666666667
SQLServer2005DialectTestCase:0.5155555555555557
SQLServer2005LimitHandler:0.4533333333333333
