SimpleValueBinder:0.46
AnnotationBinder:0.36
AnnotationConfiguration:0.34833333333333333
PropertyBinder:0.32
ColumnsBuilder:0.25416666666666665
DerivedIdentitySimpleParentEmbeddedIdDepTest:0.20666666666666667
