GenerateAttribute:0.5655555555555555
GenerateType:0.47333333333333333
ValuesTest:0.39666666666666667
