AdminModule:0.6759444444444445
Node:0.46583333333333343
AjaxController:0.36
AdminModuleImpl:0.2966666666666667
LuceneSessionFactory:0.2812222222222222
LocalLuceneSessionFactory:0.26666666666666666
ViewController:0.21333333333333335
WebKeys:0.12169841269841271
