SynthStyle:0.6033333333333334
Synth2Parser:0.5066666666666667
ColorFilter:0.24
