TaskHistoryWriter:0.5966666666666667
ZooKeeperAgentModel:0.3933333333333333
TaskHistoryWriterTest:0.32
