BioMobyResultWizard:0.5066666666666667
testBiomoby:0.43
ReviewContentProvider:0.3616666666666667
ReviewResultPage:0.3566666666666667
