Sys:0.54
Mouse:0.36
Controller:0.27777777777777773
Keyboard:0.24444444444444446
ALC:0.24444444444444446
Cursor:0.22666666666666666
AL:0.22333333333333333
EAX:0.2
