ApolloPanel:0.4533333333333333
StrandedZoomableApolloPanel:0.43333333333333335
ScaleView:0.3433333333333333
GraphView:0.26733333333333337
GCScoreCalculator:0.26111111111111107
ScoreCalculator:0.21333333333333335
