ConnectionManager:0.4533333333333333
MProxyImpl:0.365
ListProxyImpl:0.29333333333333333
QProxyReal:0.2683333333333333
TopicProxyReal:0.26166666666666666
SetProxyImpl:0.25666666666666665
MultiMapReal:0.25
MProxyReal:0.24694444444444447
SetProxyReal:0.24333333333333335
CMap:0.24022222222222225
QProxyImpl:0.235
MultiMapProxyImpl:0.235
TopicProxyImpl:0.23166666666666666
WebFilter:0.22666666666666666
MapStoreWrapper:0.20333333333333334
SocketConnector:0.15
TcpIpJoiner:0.14666666666666667
