IndexReplicationOperationRequest:0.5066666666666667
IndexDeleteByQueryRequest:0.38333333333333336
ActionNames:0.18666666666666668
TransportIndexReplicationOperationAction:0.18666666666666668
TransportIndexDeleteByQueryAction:0.17
BasicBackwardsCompatibilityTest:0.043333333333333335
