EditorResizer:0.5736666666666667
ClickListener:0.5736666666666667
