RrPolygon:0.6333333333333333
RrPolygonList:0.43
RrCSGPolygon:0.36666666666666664
LayerProducer:0.15333333333333332
TestMain:0.15
Producer:0.13
