FileUtil:0.4166666666666667
WebStartLoader:0.33
LoadSeries:0.3233333333333333
DownloadManager:0.30666666666666664
WeasisLauncher:0.29
LookAndFeels:0.20333333333333334
GeneralSetting:0.19333333333333336
