IndexStore:0.7466666666666667
Index:0.5666666666666667
GreaterLessPredicate:0.2866666666666667
SortedIndexStore:0.25
UnsortedIndexStore:0.19333333333333333
NotEqualPredicate:0.17666666666666667
