ClassInstrumentor:0.5733333333333334
InstrumentationConfigurationTest:0.57
SdkEnvironment:0.2866666666666667
