TypeDescription:0.55
GenericTypeDescription:0.44333333333333336
Visitor:0.3933333333333333
Raw:0.26
LazyProjection:0.23
ForGenericArray:0.19
ForParameterizedType:0.18
ForTypeVariable:0.17333333333333334
ForWildcardType:0.16333333333333333
Substitutor:0.13
ForTypeVariableBinding:0.10666666666666667
ForSignatureVisitor:0.10333333333333333
OfParameter:0.09666666666666666
ForAttachment:0.09666666666666666
ForDetachment:0.06666666666666667
