ExecutorServiceTest:0.6041666666666666
DistributedExecutorService:0.5566666666666666
CallableProcessor:0.4266666666666667
ExecutorServiceTestSupport:0.17
