ConfigurationListener:0.7679166666666667
ConfigurationProcessor:0.53
Main:0.22666666666666666
BeanDefinitionRegistration:0.18666666666666668
StandardBeanConfigurationListener:0.15666666666666668
