StatefullAPIImplTest:0.38333333333333336
UACDSHandlerTest:0.34
JFXLayerTreeEditorGroupUngroupTest:0.17
LayerTreeEditorGroupUngroupTest:0.15666666666666668
JFXUACDSEmbedClientStatefulBare3Test:0.08666666666666667
