ExtensionProcessor:0.2966666666666667
RoutingService:0.2633333333333333
ColumnMatchDataRouter:0.2633333333333333
RegistrationService:0.2633333333333333
MockRegistrationService:0.13333333333333333
IRegistrationService:0.09916666666666667
IRoutingService:0.013333333333333334
