Utils:0.8066666666666666
ChainSplitTest:0.24333333333333335
ChannelConnectionTest:0.24333333333333335
PaymentChannelStateTest:0.22333333333333333
TransactionBroadcastTest:0.14666666666666667
DefaultCoinSelectorTest:0.14
