RoleManagementSession:0.8033333333333333
RolesManagedBean:0.5766666666666667
RoleManagementSessionBean:0.41
RoleManagementSessionBeanTest:0.34
