DownloadFile:0.6833333333333333
DownloadManager:0.5077777777777777
