ClassInfo:0.55
Constructor:0.5466666666666666
Method:0.54
Field:0.5333333333333333
MethodInfo:0.35333333333333333
JPF_java_lang_reflect_Field:0.29333333333333333
JPF_java_lang_Math:0.29
JPF_java_lang_reflect_Method:0.28
JPF_java_lang_Class:0.26666666666666666
TestContext:0.23666666666666666
MethodTester:0.21666666666666667
MemoryGoal:0.175
StackTraceElement:0.13
JPF_java_lang_reflect_Constructor:0.043333333333333335
