StormpathAuthenticationHandler:0.6866666666666666
UsernamePasswordWrapperAuthenticationHandler:0.53
StormpathAuthenticationConfiguration:0.3233333333333333
DefaultOAuthCasClientRedirectActionBuilder:0.15333333333333332
