StringUtils:0.9566666666666667
LiveValidationProvider:0.3233333333333333
