GenericStepperMotor:0.6777777777777778
StepperPanel:0.42
RequestOneStep:0.19333333333333333
