Value:0.57
QueryTest:0.56
GetExpressionImpl:0.29333333333333333
AbstractValue:0.20666666666666667
