DataManager:0.4881111111111112
SchemaManager:0.42333333333333334
