Flyway:0.6833333333333333
AbstractFlywayTask:0.3566666666666667
AbstractFlywayMojo:0.19646031746031742
