ConnectionManager:0.5666666666666667
OutRunnable:0.38666666666666666
InRunnable:0.24666666666666667
