View:0.6033333333333334
ViewImp:0.4633333333333333
Tester:0.2966666666666667
RSView:0.28
STF:0.24666666666666667
TeamCImp:0.22
SarosCImp:0.21666666666666667
SessionViewImp:0.20333333333333334
RSViewImp:0.19333333333333333
WorkbenchImp:0.19166666666666668
TestBasicWidgetTree:0.19
RosterViewImp:0.19
ChatViewImp:0.19
CommonWidgetsWrapper:0.18666666666666668
TestRosterView:0.18666666666666668
TestSessionView:0.18333333333333332
LabelImp:0.17833333333333334
STFTest:0.17666666666666667
OpenCImp:0.17333333333333334
ProgressViewImp:0.15333333333333332
PEViewImp:0.15333333333333332
EclipseComponentImp:0.14666666666666667
ConsoleViewImp:0.14666666666666667
TestBasicWidgetsTable:0.14
RmiTest:0.12
TestBasicSarosElements:0.12
Wrapper:0.0025
