PropertyAuditingData:0.6666666666666666
AuditedPropertiesReader:0.57
CollectionMetadataGenerator:0.2733333333333333
