Carrier:0.54
AJAXTest:0.3566666666666667
Formula:0.3433333333333333
PruebasInstantaneas:0.25666666666666665
FormulaTest:0.18
OnSelectIngredientAction:0.07666666666666666
CarrierWithCalculatedFellowsTest:0.01
OnSelectFellowCarriersCalculatedAction:0.01
