Math:0.52
Sys:0.52
MatrixOpClassification:0.23666666666666666
MatrixOpSubtract:0.05333333333333334
MatrixOpAdd:0.05333333333333334
UnaryMatrixOperation:0.05333333333333334
MatrixOpMultiply:0.01
BinaryMatrixOperation:0.006666666666666667
MatrixOpCopy:0.0
MatrixOpNegate:0.0
MatrixOpNormalise:0.0
MatrixOpInvert:0.0
