RemoteObject:0.4033333333333333
Kuwaiba:0.31
BackendBeanRemote:0.30333333333333334
BackendBean:0.2866666666666667
RemoteObjectLight:0.25333333333333335
MetadataUtils:0.24333333333333335
Tools:0.17444444444444446
NotViewableObjectException:0.07655555555555556
ToolsBean:0.03333333333333333
ToolsBeanRemote:0.013333333333333334
