CallbacksTest:0.5033333333333333
NativeString:0.42
NativeLibraryTest:0.32666666666666666
StringArray:0.21333333333333335
