ConsoleConfiguration:0.37333333333333335
LoggingFactory:0.35
HttpConfigurationTest:0.3466666666666667
AsyncRequestLog:0.26
RequestLogConfiguration:0.23
RequestLogHandlerFactory:0.21333333333333335
Dispatcher:0.16111111111111112
RequestLogConfigurationTest:0.15666666666666668
