BotsService:0.65
BotsServiceBean:0.3233333333333333
WfeScriptRunner:0.3233333333333333
BotsServiceDelegate:0.3196666666666667
BotsLogic:0.31666666666666665
BotsServiceDelegateLocalImpl:0.24333333333333335
BotsServiceDelegateRemoteImpl:0.24333333333333335
WfeScriptForBotStations:0.21666666666666667
XMLHelper:0.15666666666666668
