ConnectionManager:0.47333333333333333
HazelcastClient:0.3933333333333333
OutRunnable:0.33666666666666667
InRunnable:0.2633333333333333
