Trampoline:0.5172222222222222
TrampolineApp:0.13666666666666666
TrampolineAppTest:0.06
