FederationManager:0.625
JUTestFederationOptions:0.38555555555555554
JUTestFederationManager:0.25
FederationOptionSet:0.20333333333333334
