ProxyHelper:0.6566666666666666
ConnectionPool:0.3933333333333333
ExecutorServiceClientProxy:0.37666666666666665
