TransportInstanceSingleOperationAction:0.8433333333333334
TransportUpdateAction:0.27
TestTransportInstanceSingleOperationAction:0.2633333333333333
