ResultQuery:0.6132777777777779
jOOQAbstractTest:0.52
SelectImpl:0.47333333333333333
AbstractResultQuery:0.41333333333333333
