RepositoryService:0.7533333333333333
AbstractFolderCoreProcessor:0.48333333333333334
FileRepositoryService:0.3433333333333333
AbstractModuleImpl:0.26
RepositoryServiceUtil:0.24666666666666667
GenericWebdavRepositoryService:0.24333333333333335
FileAttachment:0.20666666666666667
UncheckedCodedException:0.17
CheckedCodedException:0.17
ViewFileController:0.1
ErrorCodeSupport:0.04
