HttpServerOptions:0.2866666666666667
HttpClientOptions:0.2866666666666667
SSLHelper:0.28444444444444444
TCPSSLOptions:0.2833333333333333
SSLHelperTest:0.26
ClientOptionsBase:0.22
NetClientOptions:0.2
NetServerOptions:0.2
HttpTLSTest:0.19666666666666666
NetExamples:0.18
