Sales:0.47
SalesMessageProcessor:0.3566666666666667
ServerRules:0.285
BuyerMessageProcessor:0.2833333333333333
Listening:0.24
MessageProcessor:0.22
SalesPolicyRequest:0.16
BuyPolicyRequest:0.15666666666666668
posmessageListener:0.14666666666666667
Replication:0.14666666666666667
Transfer:0.14
Master:0.135
Acceptor:0.13333333333333333
Server:0.12333333333333334
ListenSales:0.12
IMessageProcessor:0.11666666666666667
AcceptPurchases:0.09822222222222221
replmessageListener:0.08333333333333333
TransferMessageProcessor:0.04666666666666667
popmessageListener:0.04
voidmessageListener:0.03
AcceptSales:0.025722222222222223
transfermessage:0.016666666666666666
ResendMessages:0.0033333333333333335
ExecuteRule:0.0
