Symphonys:0.7333333333333333
CaptchaProcessor:0.31333333333333335
IndexProcessor:0.24666666666666667
Markdowns:0.21666666666666667
FileUploadProcessor:0.16
AudioMgmtService:0.11666666666666667
Spider:0.1
FetchUploadProcessor:0.09333333333333334
PostExportService:0.09333333333333334
