BeanPanel:0.7952777777777779
InteractionListener:0.2991666666666667
