ArchiveConductor:0.48333333333333334
ArchivingMediaDriver:0.43333333333333335
ArchiveRecordingLoadTest:0.34
ArchiveReplayLoadTest:0.23666666666666666
SharedModeArchiveConductor:0.14777777777777779
LightweightArchivingMediaDriver:0.14666666666666667
DedicatedModeArchiveConductor:0.12666666666666668
