GeneratedReferenceInfo:0.48333333333333334
RelationSplitterTest:0.38
SqlExpressions:0.09333333333333334
T3:0.014444444444444444
