Tds:0.54
CallableStatement_base:0.2733333333333333
TdsConnection:0.22
ParameterUtils:0.22
PreparedStatement_base:0.21666666666666667
AsTest:0.2088888888888889
CursorResultSet:0.20666666666666667
Procedure:0.20666666666666667
SAfeTest:0.18666666666666668
