ScenarioAlpha:0.4766666666666667
ScenarioDelta:0.4766666666666667
ScenarioGamma:0.4766666666666667
