LazyBSONObject:0.6322222222222222
LazyWriteableDBObjectTest:0.23666666666666666
LazyWriteableDBObject:0.23333333333333334
