TaskGraphsPanel:0.3933333333333333
GwtTeamingMessages:0.38388888888888884
TaskStatusGraph:0.26
TaskFolderCell:0.25
TaskPriorityGraph:0.10333333333333333
TaskGraphBase:0.07
