CommonEjbcaWS:0.4977777777777777
EjbcaWSTest:0.41333333333333333
CertificateExtensionFactory:0.33666666666666667
EjbcaWSNonAdminTest:0.30666666666666664
CustomCertSerialnumberWSTest:0.22
CertificateExtensionTest:0.05333333333333334
