Protocol:0.8285555555555556
Channel:0.43333333333333335
NetworkClient:0.3018888888888889
