jOOQAbstractTest:0.55
BatchSingleListener:0.5066666666666667
BatchMultipleListener:0.3433333333333333
ExecuteListenerTests:0.24666666666666667
