Matrix4:0.57
Vector3:0.3433333333333333
MathUtils:0.27666666666666667
Vector2:0.25
