WebSocketImplBase:0.6344444444444444
WebSocketBase:0.5641666666666667
