InputTypeConvolutionalFlat:0.4266666666666667
InputType:0.41
BatchNormalization:0.24333333333333335
ElementWiseVertex:0.24
MergeVertex:0.2188888888888889
BaseRecurrentLayer:0.16666666666666666
