ReceiveChannelEndpoint:0.4166666666666667
DriverConductor:0.32666666666666666
EventLogger:0.2752777777777778
DriverConductorTest:0.26
EventDissector:0.26
SendChannelEndpoint:0.25833333333333336
UdpChannelTransport:0.24333333333333335
EventConfigurationTest:0.23
