IOUtils:0.6566666666666666
JSON:0.6433333333333333
BenchmarkMain:0.31666666666666665
