CustomAnnotationTest:0.5966666666666667
TypeJsonVisitor:0.31077777777777776
