TypeResolver:0.7155555555555555
PostTypeResolver:0.3788888888888889
