VerifierInterceptorTest:0.38
Version:0.31
ErrorCollector:0.22083333333333333
UsesErrorCollectorCheckThat:0.06722222222222222
UsesErrorCollectorCheckSucceeds:0.06722222222222222
UsesErrorCollectorCheckSucceedsPasses:0.043111111111111114
