JPPFClient:0.5616666666666666
ReflectionUtils:0.4633333333333333
RhinoScriptRunner:0.27555555555555555
