OpenIdConstants:0.6569087301587302
OpenIdPostUrlHandlerMapping:0.43333333333333335
OAuthConstants:0.014071428571428572
