ActionSave:0.36666666666666664
Model:0.3466666666666667
GedcomTableWidget:0.33
ControlCenter:0.32266666666666666
ActionOpen:0.19333333333333333
ActionView:0.1877777777777778
ActionExit:0.16111111111111112
ActionClose:0.14777777777777779
