PropertyBinder:0.48333333333333334
AnnotationBinder:0.4766666666666667
CollectionBinder:0.3516666666666667
ComponentPropertyHolder:0.25333333333333335
ClassPropertyHolder:0.18
OneToOneSecondPass:0.14
