FunctionInfo:0.5133333333333333
WindowFunction:0.44666666666666666
FunctionRegistry:0.29333333333333333
WindowOperator:0.26
Signature:0.24
FunctionListBuilder:0.23333333333333334
PagesIndex:0.13666666666666666
TestWindowOperator:0.11166666666666666
WindowOperatorFactory:0.09333333333333334
PercentRankFunction:0.05
RankFunction:0.04
CumulativeDistributionFunction:0.04
DenseRankFunction:0.02666666666666667
RowNumberFunction:0.02666666666666667
CustomRank:0.016666666666666666
