Crop:0.49666666666666665
Farming:0.44666666666666666
