Builder:0.51
StandardClaimAccessor:0.3933333333333333
IdTokenClaimAccessor:0.37666666666666665
JwtClaimAccessor:0.21333333333333335
ClaimAccessor:0.14583333333333334
