WriteHandler:0.41
IOSelector:0.36027777777777775
AbstractIOSelector:0.31
ReadHandler:0.2
AbstractSelectionHandler:0.18
AbstractClientSelectionHandler:0.17
MigrationTask:0.16777777777777778
