Default:0.45
TypeDescription:0.4033333333333333
Token:0.36333333333333334
Generic:0.34788888888888886
Builder:0.31
Substitutor:0.29333333333333333
AbstractTypeDescriptionGenericTest:0.26
ForAttachment:0.22166666666666668
AbstractBase:0.22
DefaultExceptionDeclarableMethodInterception:0.20666666666666667
SimpleGenericArrayType:0.2063968253968254
AbstractAnnotationDescriptionTest:0.20333333333333334
InstrumentedTypeTest:0.20333333333333334
MethodCallProxy:0.2
TransformedMethod:0.19333333333333333
MethodGraphCompilerDefaultTest:0.18666666666666668
SubclassDynamicTypeBuilder:0.17
RebaseDynamicTypeBuilder:0.16
RedefinitionDynamicTypeBuilder:0.16
Latent:0.14666666666666667
MethodTransformerSimpleTest:0.14
PreparedMethod:0.07666666666666666
TypeDescriptionGenericVisitorForAttachmentTest:0.006666666666666667
