Context:0.44333333333333336
ClusteredServiceAgent:0.22111111111111115
ArchiveConductor:0.21
SequencerAgent:0.17916666666666667
CatalogTool:0.12666666666666668
ClusterTool:0.085
SequencerAgentTest:0.051666666666666666
