ParsedStatement:0.6
QueryVisitor:0.36666666666666664
InformationSchemaServiceTest:0.25666666666666665
ShardStatsTest:0.21666666666666667
