ReplaceIfSameOperation:0.39666666666666667
MapProxySupport:0.39
ListenerTest:0.3566666666666667
DefaultRecordStore:0.33
