WebTestCase:0.53
HtmlElementTest:0.33
HtmlDivisionTest:0.2733333333333333
HtmlTextAreaTest:0.25333333333333335
DomTextTest:0.25333333333333335
HtmlTableTest:0.22
HTMLTextAreaElementTest:0.22
ExtJS22Test:0.20666666666666667
MouseEventTest:0.12
HtmlBreakTest:0.11
HtmlUnorderedListTest:0.11
HtmlOrderedListTest:0.11
