TestingHelpers:0.6077777777777779
SubscriptFunctionTest:0.4172222222222222
