VanillaChronicleMap:0.47333333333333333
StatelessChronicleMap:0.43666666666666665
XStreamConverter:0.32666666666666666
ReplicationCheckingMap:0.31333333333333335
SingleCloseMap:0.31333333333333335
