Fiber:0.8266666666666667
SupervisorActor:0.29333333333333333
