Map:0.6787222222222222
SortedMap:0.4746666666666667
CharSeqTest:0.38333333333333336
LinkedHashMapTest:0.15833333333333333
