UserCache:0.4866666666666667
ArticleCache:0.27666666666666667
PageCache:0.27666666666666667
