Selector:0.44333333333333336
TokenQueue:0.4235555555555555
SelectorTest:0.21
