ProfileModule:0.6525
User:0.43333333333333335
ZoneConfig:0.32
ObjectKeys:0.31333333333333335
ProfileModuleImpl:0.21
DefaultProfileCoreProcessor:0.21
LdapModuleImpl:0.20333333333333334
AbstractZoneModule:0.2
ProfileDaoImplTests:0.19666666666666666
AbstractEntryProcessor:0.18666666666666668
ProfileDaoImpl:0.18333333333333332
AbstractTestBase:0.10333333333333333
OpenIDConfig:0.07
AuthenticationManagerImplTests:0.03
