ChartView:0.8133333333333334
ChartUtils:0.5033333333333333
