WeightDescriptor:0.7533333333333333
WeightDescriptorTest:0.49333333333333335
QSARDescriptorTests:0.23666666666666666
