FileHandle:0.6
AndroidInput:0.37333333333333335
AssetManager:0.3433333333333333
PixmapIO:0.21666666666666667
