Lucene:0.6616666666666666
Version:0.6
Analysis:0.2866666666666667
LuceneTests:0.24333333333333335
