Constraint:0.31333333333333335
MappingsImpl:0.31333333333333335
PersistenceMetadata:0.2966666666666667
Ejb3Column:0.2866666666666667
BinderHelper:0.25333333333333335
Ejb3Configuration:0.25333333333333335
Ejb3JoinColumn:0.21077777777777779
PersistenceXmlLoader:0.1741111111111111
ResultsetMappingSecondPass:0.13
UniqueKey:0.10833333333333334
