Builder:0.36333333333333334
SkipGram:0.305
CBOW:0.26277777777777783
VectorsConfiguration:0.07788888888888888
