CertTools:0.6033333333333334
CAAdminSessionBean:0.31333333333333335
ca:0.2658333333333333
CaAdminCommandFactory:0.16333333333333333
CaImportCertCommand:0.11
BaseCaAdminCommand:0.07
