GraphTransition:0.6333333333333333
RuleEvent:0.41666666666666663
SPOEvent:0.41333333333333333
Derivation:0.41
Condition:0.37333333333333335
SPORule:0.3333333333333333
RuleMatch:0.2633333333333333
AbstractCondition:0.25666666666666665
CompositeEvent:0.24666666666666667
AliasRuleApplier:0.22388888888888886
StatePanel:0.22
DefaultApplication:0.21
DefaultGraphNextState:0.19666666666666666
SPOApplication:0.19
DefaultGraphTransition:0.17666666666666667
Fixable:0.16333333333333333
DefaultGraphResult:0.16333333333333333
GossipEvent:0.11333333333333333
