PartitionClientRequest:0.32666666666666666
ClientMapTest:0.3233333333333333
MapRemoveRequest:0.27
MapGetRequest:0.2633333333333333
MapPutRequest:0.24333333333333335
IncrementorEntryProcessor:0.16666666666666666
