AbstractRegisteredServiceAttributeReleasePolicy:0.8733333333333333
RegisteredServiceAttributeReleasePolicyTests:0.21666666666666667
