Flow:0.48
FlowExecutionListener:0.4781111111111111
StateContextImpl:0.39
FlowExecutionListenerList:0.30333333333333334
FlowExecutionImpl:0.27666666666666667
FlowExecutionListenerAdapter:0.2763333333333334
MockFlowExecutionListener:0.23666666666666666
SubflowState:0.2
StateContext:0.14287301587301587
