ShadowConfig:0.5233333333333333
ShadowWrangler:0.31666666666666665
ShadowMap:0.30333333333333334
SandboxTestRunner:0.3
Builder:0.21
