MultiplexerContext:0.7766666666666666
ByteBufferWrapper:0.45666666666666667
ReceivingState:0.17666666666666667
SendingState:0.16666666666666666
