SideKick:0.68
SideKickParser:0.6133333333333333
SideKickPlugin:0.36666666666666664
SideKickActions:0.28
