ObjectConnectionWidget:0.7133333333333334
EndToEndViewScene:0.5833333333333334
