HazelcastCache:0.5433333333333333
IDummyBean:0.35
TestCacheManager:0.18333333333333332
DummyBean:0.13333333333333333
