DefinitionModule:0.6533333333333333
ForumActionModuleImpl:0.4666666666666667
ViewController:0.30333333333333334
BuildDefinitionDivs:0.2866666666666667
DefinitionModuleImpl:0.2866666666666667
