Property:0.6833333333333333
PrivacyPolicy:0.35
PropertyTest:0.11333333333333333
