TestRuleFieldSupport:0.2966666666666667
TestRuleMethodSupport:0.2866666666666667
RuleAnnotatedField:0.2633333333333333
RuleAnnotatedMethod:0.2633333333333333
AbstractTestRuleSupport:0.24
ExternalResourceAdapter:0.05
AbstractTestRuleAdapter:0.04666666666666667
VerifierAdapter:0.04666666666666667
ExternalResourceSupport:0.013333333333333334
VerifierSupport:0.0
