HttpProtocol:0.49083333333333334
ResponseBuilder:0.17
TransferListenerTest:0.16333333333333333
AsyncStreamLifecycleTest:0.15
EmptyBodyTest:0.15
