CSGEvaluatorDialog:0.5533333333333333
CSGEvaluatorTool:0.4866666666666667
CSGEvaluatorPlugin:0.23044444444444448
