MetadataManager:0.39
HiveClient:0.3466666666666667
AbstractTestHiveClient:0.31
CachingHiveMetastore:0.21666666666666667
