Toolkit:0.38333333333333336
Cell:0.37666666666666665
Actor:0.37333333333333335
Group:0.28733333333333333
Value:0.2733333333333333
Label:0.25
WidgetGroup:0.23333333333333334
Table:0.2
Tree:0.19333333333333333
TemporalAction:0.18666666666666668
BaseTableLayout:0.18333333333333332
TableLayout:0.14444444444444446
