BlockBuilderStatus:0.48
VariableWidthBlockBuilder:0.37666666666666665
FixedWidthBlockBuilder:0.37666666666666665
AbstractVariableWidthRandomAccessBlock:0.31333333333333335
