IServiceImpl:0.7733333333333333
ServiceView:0.29333333333333333
InvisibleCategoriesRoot:0.28
ServiceManager:0.23333333333333334
ServiceType:0.22666666666666666
Smi23D:0.19
bogusActiveSite:0.19
bogusActiveSite3:0.19
bogusActiveSite2:0.19
ClustalWAtEBIHandler:0.17
ClustalWLocalHandler:0.17
ServicesLabelProvider:0.15
ServiceCategory:0.10666666666666667
ClustalwLocal:0.03888888888888889
ClustalwAtEBI:0.03
ServiceImplType:0.029166666666666667
AbstractServiceImpl:0.02
InvisibleServiceRoot:0.02
