ScenarioDebuggerActionTest:0.33
ServerWrapperTest:0.30333333333333334
JFXServerWrapperTest:0.20666666666666667
ScenarioDebuggerAction3Test:0.20666666666666667
JFXLayerTreeEditorRenameTest:0.20666666666666667
JFXLayerTreeEditorRename2Test:0.18666666666666668
ScenarioDebuggerAction2Test:0.16333333333333333
ARINC661AppTest:0.15
DFHandler_KO8Test:0.08666666666666667
DFHandler_KO7Test:0.08666666666666667
ClientXMLDFHandler_KO5Test:0.08666666666666667
ClientXMLDFHandler_KO6Test:0.08666666666666667
NameNormalizer2Test:0.08333333333333333
NameNormalizerTest:0.08333333333333333
