AttributeDao:0.6866666666666666
OnmsAttribute:0.47333333333333333
PaletteCategory:0.25666666666666665
PaletteBuilder:0.24
Palette:0.23
DefaultPerfGraphBuilderService:0.21333333333333335
PerfGraphBuilderServiceTest:0.18333333333333332
PaletteItem:0.12666666666666668
PaletteTestUtils:0.056666666666666664
NodeBuilder:0.02666666666666667
IfBuilder:0.02
PaletteBuilderTest:0.016666666666666666
AttributeBuilder:0.0033333333333333335
