Calendar:0.7866666666666666
FrenchRCalendar:0.27
HebrewCalendar:0.21883333333333335
SwitchCalendar:0.12
