Role:0.3933333333333333
Handler:0.3595555555555555
Domain:0.3333333333333333
Privilege:0.25
User:0.2
RoleFactory:0.19666666666666666
DateTimeHandler:0.17333333333333334
PasswordAuthenticationHandler:0.17333333333333334
ModalAuthenticationHandler:0.17333333333333334
ConcurrencyHandler:0.17333333333333334
ChainHandler:0.17333333333333334
RoleAction:0.16333333333333333
ScopeFactory:0.07333333333333333
