MetadataPermissionsServiceSkeleton:0.7033333333333334
MetadataPermissionsMessageReceiverInOut:0.11666666666666667
