CollectionAgent:0.58
SnmpCollector:0.33
IfInfo:0.23
CollectionResource:0.20781746031746035
AliasedResource:0.19333333333333333
NodeInfo:0.1522222222222222
ServiceParameters:0.12
