DiscoveryRequest:0.7733333333333333
TestDiscoveryRequest:0.6833333333333333
DiscoveryRequestCreatorTests:0.32
Root:0.13083333333333333
