ClassMethodKey:0.64
ClassMethodKeyTests:0.35
MethodInvoker:0.24
MethodInvocationException:0.17333333333333334
InvalidMethodSignatureException:0.08333333333333333
