TpchConnectorFactory:0.625
TestTpchDistributedStats:0.4802777777777777
TestTpchLocalStats:0.31333333333333335
