ShadowWifiManager:0.5066666666666667
ShadowWifiManagerTest:0.29
ShadowTelephonyManagerTest:0.20666666666666667
ShadowWifiInfoTest:0.19333333333333333
ShadowWifiInfo:0.05333333333333334
