AbstractDatabaseWriter:0.4866666666666667
ConflictException:0.47833333333333333
DefaultDatabaseWriter:0.46
AbstractDatabaseWriterConflictResolver:0.2633333333333333
