MetaDataStateFormatTests:0.6133333333333333
MetaDataStateFormat:0.58
Format:0.45666666666666667
