EventKey:0.3333333333333333
EventExpander:0.29333333333333333
EventWriter:0.23666666666666666
ViewFactory:0.22166666666666668
EventUtil:0.20666666666666667
RTCCategory:0.20666666666666667
Parameter:0.20333333333333334
IPPollRangeGenerator:0.16333333333333333
AddPollerConfigServlet:0.15666666666666668
PollerConfigServlet:0.15
EventHandler:0.08
