JsonObjectTest:0.5233333333333333
FileSystemTest:0.39
JsonArrayTest:0.29333333333333333
VertxImpl:0.2866666666666667
RedeploymentTest:0.21333333333333335
VertxLoggerFormatter:0.18
