InsertVisitor:0.5166666666666667
ParsedStatement:0.38333333333333336
TransportSQLActionTest:0.34
TransportSQLAction:0.10666666666666667
BulkResponseListener:0.08
