InFrame:0.37
SpdyConnectionTest:0.3233333333333333
Writer:0.2633333333333333
SpdyConnection:0.23666666666666666
Reader:0.23
MockSpdyPeer:0.18444444444444444
