OrderBy:0.46866666666666673
Cnd:0.41333333333333333
SimpleCriteria:0.2966666666666667
OrderBySet:0.26
