HttpEngine:0.4033333333333333
Response:0.36666666666666664
URLConnectionTest:0.35333333333333333
RawHeaders:0.3466666666666667
Connection:0.34
Request:0.30666666666666664
Builder:0.23
HttpURLConnectionImpl:0.21333333333333335
Job:0.21
RawHeadersTest:0.17666666666666667
HttpTransport:0.15333333333333332
Entry:0.13666666666666666
Policy:0.11753968253968256
SpdyTransport:0.07666666666666666
HttpAuthenticator:0.06
TunnelRequest:0.043333333333333335
