CheckUtil:0.5266666666666666
DownloadReceiver:0.29333333333333333
SingleTaskActivity:0.2563888888888889
FtpUploadActivity:0.25
FtpDownloadActivity:0.23666666666666666
FtpThreadTask:0.21
AbsFtpInfoThread:0.18666666666666668
FtpUploadTarget:0.17666666666666667
HttpFileInfoThread:0.14
AbsUploadTarget:0.11333333333333333
