ExprTypeAST:0.9
HqlAnalyzeWalker:0.37333333333333335
HqlAnalyzer:0.18666666666666668
ObjectTypeAST:0.13
