AddUpdateHistory:0.7166666666666667
LocusTable:0.5433333333333333
ObsoleteGene:0.37
UpdateHistoryTest:0.15333333333333332
