RealBufferedSource:0.61
RealBufferedSink:0.52
Okio:0.29333333333333333
OkioTest:0.24333333333333335
