HTMLConverter:0.6233333333333333
Groove:0.5133333333333333
TypeLabel:0.4033333333333333
GraphToTikz:0.3466666666666667
GraphJVertex:0.26722222222222225
Aut:0.25333333333333335
LayoutIO:0.23666666666666666
LTSJVertex:0.23
StatePanel:0.21666666666666667
AspectJVertex:0.21666666666666667
GraphToKth:0.21333333333333335
LabelTree:0.21
RulePanel:0.20666666666666667
LTSJEdge:0.20166666666666666
MyCellRenderer:0.20166666666666666
RelabelDialog:0.19
AspectJEdge:0.1897777777777778
GraphJEdge:0.18333333333333332
CtrlJEdge:0.17166666666666666
ErrorListPanel:0.15333333333333332
RuleTreeNode:0.15333333333333332
FsmFormat:0.14
KthFormat:0.14
AutFormat:0.13
ShapeJVertex:0.12
TikzFormat:0.11666666666666667
LabelAction:0.09
GraphToAut:0.04666666666666667
ColToGraph:0.03666666666666667
GraphToFsm:0.01
AutToGraph:0.006666666666666667
