RrPolygonList:0.6833333333333333
RrPolygon:0.49
TestMain:0.32
chPair:0.18666666666666668
