GwtMainPage:0.52
JspLayoutChangedEvent:0.45666666666666667
EventHelper:0.35
AccessoriesPanel:0.2966666666666667
