GwtTeamingMessages:0.9166666666666666
EditLdapServerConfigDlg:0.42
EditLdapSearchDlg:0.3566666666666667
