EverydayFragment:0.5066666666666667
BookDetailActivity:0.415
BaseHeaderActivity:0.24
CloudReaderApplication:0.17666666666666667
