QueryContentProvider:0.4866666666666667
QueryLabelProvider:0.4533333333333333
FiltersPage:0.39
ConnectionTest:0.12333333333333334
