GestureDetector:0.49333333333333335
Window:0.3755555555555556
BulletTest:0.19416666666666665
BulletTestCollection:0.16416666666666666
GestureListener:0.15833333333333333
GestureAdapter:0.15833333333333333
Box2DTestCollection:0.14416666666666667
CameraController:0.115
