RestoreDefaultApplicationAction:0.4434047619047619
LoadAllDocumentAction:0.3772222222222222
