InsnNode:0.6155555555555556
InvokeNode:0.2633333333333333
ConstClassNode:0.16933333333333334
ConstStringNode:0.16933333333333334
IndexInsnNode:0.1513888888888889
LineAttrNode:0.14666666666666667
