Document:0.5666666666666667
AnnotationSet:0.5633333333333334
Transducer:0.4116666666666667
DocumentEditor:0.37
TableSorter:0.2925
AnnotationSetImpl:0.2866666666666667
TextAttributesChooser:0.2833333333333333
Batch:0.25333333333333335
DocumentImpl:0.23333333333333334
MultiPhaseTransducer:0.2
Rule:0.2
SinglePhaseTransducer:0.18333333333333332
XJTable:0.1261111111111111
