WinNT:0.9666666666666667
Advapi32Util:0.3566666666666667
Kernel32Util:0.14333333333333334
