UserUtilities:0.5933333333333334
IssueUtilities:0.5433333333333333
CustomFieldUtilities:0.5333333333333333
CustomField:0.5333333333333333
ProjectUtilitiesIT:0.45
UserUtilitiesIT:0.42333333333333334
EditIssueActionUtil:0.32666666666666666
IssueForm:0.30666666666666664
ProjectUtilities:0.2733333333333333
IssueAttachmentUtilities:0.27051984126984113
WorkflowUtilities:0.22333333333333333
AbstractDependencyInjectionTest:0.21666666666666667
UserServiceImpl:0.21666666666666667
SystemConfigurationException:0.20666666666666667
NotificationServiceImpl:0.20333333333333334
ImportHandler:0.2
NotificationUtilitiesIT:0.18666666666666668
ImportExportUtilities:0.18333333333333332
SystemConfigurationUtilities:0.18333333333333332
IssueUtilitiesIT:0.16333333333333333
ImportHandlerIT:0.15333333333333332
ImportExportUtilitiesIT:0.15
EditIssueFormAction:0.14666666666666667
EditCustomFieldAction:0.14333333333333334
ApplicationInitialization:0.12055555555555557
SystemConfigurationUtilitiesTest:0.11666666666666667
EditReportFormAction:0.11666666666666667
EditVersionFormAction:0.11166666666666666
EditVersionAction:0.1
IssueException:0.09333333333333334
PortalHomeAction:0.09333333333333334
EditUserFormAction:0.09333333333333334
WorkflowException:0.09
EditProjectAction:0.09
EditProjectScriptAction:0.08666666666666667
Convert:0.08666666666666667
DownloadReportAction:0.08666666666666667
HTMLUtilities:0.08333333333333333
ImportExportException:0.07333333333333333
OrderConfigurationItemAction:0.07333333333333333
OrderCustomFieldValueAction:0.07333333333333333
InitializeLanguagesAction:0.07333333333333333
EditCustomFieldValueAction:0.07333333333333333
EditWorkflowScriptFormAction:0.07
ImportExportTags:0.06761904761904762
WorkflowUtilitiesIT:0.05777777777777779
MimeType:0.055
ReportException:0.05333333333333334
IssueSearchException:0.05333333333333334
UserException:0.043333333333333335
ProjectException:0.0425
WorkflowExceptionTest:0.03783333333333333
SystemConfigurationExceptionTest:0.03783333333333333
IssueExceptionTest:0.03783333333333333
NotificationUtilities:0.03666666666666667
ImportExportExceptionTest:0.034499999999999996
IssueSearchExceptionTest:0.034499999999999996
UserExceptionTest:0.025333333333333333
ReportExceptionTest:0.025333333333333333
ProjectExceptionTest:0.006666666666666667
ReportUtilities:0.0
