BaseMultiLayerNetwork:0.6266666666666667
MasterActor:0.38666666666666666
StateTracker:0.27166666666666667
HazelCastStateTracker:0.26666666666666666
WorkerActor:0.23
LocalWorkRetriever:0.21
BatchActor:0.1975
LocalDataSetCache:0.16
MnistExampleMultiThreaded:0.12
WorkRetriever:0.013333333333333334
