ContextAccessor:0.35333333333333333
OgnlCache:0.30333333333333334
PropertyNamer:0.22333333333333333
PropertyCopier:0.13
SystemMetaObject:0.13
