ComponentParser:0.5233333333333333
ParsingUtils:0.2633333333333333
ComponentsBeanDefinitionParser:0.23
ComponentSubElementTest:0.22666666666666666
TypeConverterBeanDefinitionParser:0.1388888888888889
BlueprintNamespaceHandler:0.10666666666666667
CoverterPropertyEditorRegistrar:0.09
ComponentHolder:0.07
TestComponent:0.06666666666666667
MixedRfc124BeansTest:0.043333333333333335
ConverterPropertyEditorAdapter:0.03
ComponentBeanDefinitionParser:0.02666666666666667
TypeConverterTest:0.0033333333333333335
TestComponentConverter:0.0
ComponentHolderConverter:0.0
