ComponentTester:0.6133333333333333
AbstractButtonTester:0.18333333333333332
WindowTester:0.18
FrameTester:0.17666666666666667
JComponentTester:0.17666666666666667
JLabelTester:0.11666666666666667
JRootPaneTester:0.11666666666666667
DialogTester:0.11666666666666667
JMenuItemTester:0.11666666666666667
