DiscoveryNodeBytesMarshallable:0.5633333333333334
NodeDiscovery:0.4666666666666667
KnownNodes:0.4166666666666667
NodeDiscoveryBroadcasterTest:0.09666666666666666
