PolicyIndex:0.6308333333333334
PolicyUtils:0.51
FedoraPolicyStore:0.37
DbXmlPolicyIndex:0.34
TestPolicies:0.31
FilePolicyIndex:0.195
PolicyIndexInvocationHandler:0.17
PopulatePolicyDatabase:0.07666666666666666
PolicyIndexRebuilder:0.07666666666666666
