WebResponse:0.56
HtmlImageDownloadTest:0.36333333333333334
WebResponseData:0.3
NetworkErrorWebResponse:0.24666666666666667
DummyWebResponse:0.24666666666666667
WebResponseWrapper:0.21666666666666667
DefaultPageCreator:0.19666666666666666
BinaryPage:0.19
MemoryInputStreamTest:0.16333333333333333
MemoryInputStream:0.13666666666666666
WebResponseDataTest:0.05416666666666667
BinaryPageTest:0.006666666666666667
