MultiSearchTemplateRequest:0.8033333333333333
MultiSearchTemplateRequestBuilder:0.22666666666666666
MultiSearchTemplateRequestTests:0.22060317460317463
