Parameter:0.4364285714285715
OAuthRequest:0.22666666666666666
OAuthEncoder:0.205
ParameterListTest:0.18333333333333332
Base64Encoder:0.1613888888888889
MapUtilsTest:0.15333333333333332
TokenExtractorTest:0.13666666666666666
JsonTokenExtractorTest:0.13666666666666666
ResponseTest:0.13
HMACSha1SignatureServiceTest:0.12333333333333334
TokenExtractor20Test:0.12333333333333334
OAuthEncoderTest:0.11
StreamUtils:0.09333333333333334
ForceTypeOfHttpRequestTest:0.09
TimestampServiceTest:0.023333333333333334
