ExtensionContext:0.6045555555555556
TestDescriptor:0.5
MethodBasedTestExtensionContext:0.29
ClassTestDescriptor:0.22333333333333333
RootTestDescriptor:0.21666666666666667
MethodTestDescriptor:0.21333333333333335
ClassBasedContainerExtensionContext:0.20333333333333334
DummyTestDescriptor:0.17333333333333334
MyLeaf:0.17333333333333334
JUnit4TestDescriptor:0.17333333333333334
LeafDescriptor:0.16333333333333333
MyContainer:0.16333333333333333
GroupDescriptor:0.16333333333333333
EngineDescriptor:0.13666666666666666
TestDescriptorStub:0.13
