FilterFactory:0.37555555555555553
ComparisonOperators:0.2810555555555555
SpatialOperators:0.09277777777777778
Functions:0.09277777777777778
