ShadowAlertDialog:0.85
AlertDialogTest:0.2966666666666667
ShadowProgressDialog:0.2633333333333333
ProgressDialogTest:0.25666666666666665
