HtmlPage:0.6733333333333333
HtmlMeta:0.31833333333333336
HtmlPageTest:0.18
