FlowArtifactFactory:0.6166666666666667
FlowArtifactException:0.5
AbstractFlowArtifactFactory:0.44666666666666666
XmlFlowBuilder:0.38333333333333336
BeanFactoryFlowArtifactFactory:0.21
BaseFlowBuilder:0.20333333333333334
JsfFlowExecutionManagerTests:0.19666666666666666
TestFlowArtifactLocator:0.19666666666666666
LocalFlowArtifactFactory:0.16666666666666666
FlowActionTests:0.13666666666666666
XmlFlowBuilderCustomTypeTests:0.13
FlowExecutionManagerTests:0.12333333333333334
AbstractFlowBuilderTests:0.11333333333333333
FlowExecutionImplTests:0.11
SimpleFlowLocator:0.11
FlowRegistryPopulationTests:0.09333333333333334
BeanFactoryFlowLocator:0.08333333333333333
