Rule:0.5422222222222222
Namespace:0.43666666666666665
CtrlHelper:0.35333333333333333
