RedisAsyncConnection:0.6766666666666666
ConnectionWatchdog:0.31666666666666665
SentinelConnectionManager:0.25
RedisClient:0.24
MasterSlaveConnectionManager:0.22
