Trigger:0.6525
TriggerRouterService:0.28
TriggerRouterServiceTest:0.25666666666666665
TriggerRouterMapper:0.12333333333333334
