StatusListener:0.6883333333333334
CdkJmolAdapter:0.4866666666666667
JmolPanel:0.25333333333333335
