ConvertorMultiPageEditor:0.5333333333333333
ConvertorMultiPageEditorContributor:0.49333333333333335
ConvertorView:0.3433333333333333
OpenFile:0.17666666666666667
ChargerFormats:0.16333333333333333
GroupPanel:0.11
OutputPanel:0.07
InputPanel:0.05
AddMoleculeToAction:0.02666666666666667
RunningConvertor:0.016666666666666666
