JavaScriptEngine:0.6
Intl:0.31666666666666665
AbstractJavaScriptConfiguration:0.22666666666666666
JavaScriptConfigurationTest:0.17666666666666667
V8BreakIterator:0.056666666666666664
V8BreakIteratorTest:0.01
