DefinitionLogic:0.33666666666666667
AbstractWebServicesConnector:0.26
DefinitionServiceBean:0.25666666666666665
FormHashModel:0.19
BulkDeployProcessDefinitionAction:0.16
ExecutionLogic:0.15333333333333332
