WebClientTag:0.5291666666666667
HtmlUnitTagSupport:0.5066666666666667
GetPageTag:0.3333333333333333
MockResponseTag:0.16
JellyTest:0.12666666666666668
