GeoLocation:0.76
GeoView:0.31666666666666665
GeoService:0.2866666666666667
LayerPanel:0.24611111111111114
GeoList:0.23611111111111113
