CtrlHelper:0.48333333333333334
CtrlLoader:0.37333333333333335
ControlModel:0.37
CompositeControlModel:0.31666666666666665
