LabelStyle:0.6933333333333334
LineStringStyle:0.29
WKBGeometryValueConverter:0.21
PostgisSQLBuilder:0.20333333333333334
