MetricsRegistryImpl:0.56
HazelcastClientInstanceImpl:0.4066666666666667
NodeEngineImpl:0.3
TcpIpConnectionManager:0.25333333333333335
