JnetManager:0.4633333333333333
GraphJdbc:0.3233333333333333
TouchGraphXmlAdapter:0.29333333333333333
NbrowseJdbcAdapter:0.25666666666666665
ModMineAdapter:0.23
DataLoader:0.22333333333333333
TabFileAdapter:0.19166666666666668
SIFFileAdapter:0.19166666666666668
DataAdapterI:0.18587301587301588
SyncThread:0.16666666666666666
RamAdapter:0.16333333333333333
