LocalMapStats:0.6866666666666666
MapContainer:0.528
MapService:0.41
SizeEstimatorTest:0.26
PutBackupOperation:0.26
MapMBean:0.22333333333333333
MapTransactionTest:0.20666666666666667
MapEvictTask:0.19000000000000003
RemoveBackupOperation:0.15
