MultiLayerNetwork:0.6477777777777778
NegativeGradientStepFunction:0.2688888888888889
StochasticGradientDescent:0.24888888888888885
