PropertiesOptionPane:0.4583333333333333
DndTableModel:0.42333333333333334
TargetRunner:0.41333333333333333
