ConsolePlugin:0.6433333333333333
ErrorMatcherDialog:0.51
ProjectTreeListener:0.49666666666666665
