TransactionCoordinator:0.5433333333333333
AbstractSharedSessionContract:0.45666666666666667
JdbcResourceLocalTransactionCoordinatorImpl:0.33666666666666667
FlushAndTransactionTest:0.20333333333333334
