VFS:0.37361205
Buffer:0.2384535
BufferIORequest:0.19776481
VFSFile:0.15978934
VFSManager:0.1581921
jEdit:0.14325611
IOUtilities:0.08151822
WorkThread:0.069835104
JEditBuffer:0.06623869
View:0.05282456
WorkRequest:0.04724048
TextArea:0.041050125
Log:0.04072848
SegmentBuffer:0.014793206
