Qedeq2Xml:0.5238888888888888
Qedeq2Latex:0.38666666666666666
Qedeq2Wiki:0.25
