IndicesService:0.3566666666666667
AbstractScopedSettings:0.3466666666666667
IndexSettingsTests:0.2275
MetaDataIndexUpgradeService:0.18666666666666668
CreateIndexIT:0.18416666666666667
