Some:0.41833333333333333
List:0.4033333333333333
Traversable:0.36
Left:0.3377777777777778
Right:0.3377777777777778
Success:0.2377777777777778
RightProjection:0.21
LeftProjection:0.21
Failure:0.19444444444444445
RoseTree:0.11666666666666667
