SequencerAgent:0.4166666666666667
ClusteredServiceAgent:0.3433333333333333
RecordingLog:0.3333333333333333
Entry:0.33
RecoveryPlan:0.25
QuorumPos:0.18333333333333332
ReplayStep:0.17733333333333334
RecoveryState:0.15
RecordingLogTest:0.02666666666666667
