FormSupport:0.7555555555555555
Content:0.48333333333333334
MCheckBox:0.18
