Builder:0.6066666666666667
VocabConstructor:0.16722222222222222
BaseTextVectorizer:0.16
BagOfWordsVectorizerTest:0.14
TfidfVectorizerTest:0.11666666666666667
