ServerMapItem:0.5166666666666667
MapSymbol:0.47333333333333333
MapContext:0.46
ItemsRenderersHelper:0.45666666666666667
MapItemRenderer:0.44055555555555564
BlinkingContext:0.4266666666666667
GraphicalProperties:0.42
XMLType:0.3433333333333333
MapLibraryManager:0.28
ScrollListRenderer:0.25
EditBoxNumericRenderer:0.24666666666666667
WidgetDefaultsHandler:0.24666666666666667
ARINCModelFactory:0.23
ARINCMapHorz:0.22333333333333333
AbstractARINCHandler:0.21666666666666667
ServerBlinkings:0.2
LabelRenderer:0.19666666666666666
ARINCMapVertSource:0.19333333333333333
ItemDef:0.19305555555555554
MapItemShapes:0.19
MultiLineLabel:0.18666666666666668
SynthMultiLineLabelUI:0.18333333333333332
ARINCMapHorzSource:0.18
AbstractMapItem:0.18
MapVertItemsRenderer:0.17666666666666667
MapHorzItemsRenderer:0.17333333333333334
ARINCScrollList:0.16666666666666666
InnerMouseInputAdapter:0.15666666666666668
MapVertRenderer:0.15
MapHorzRenderer:0.13666666666666666
LegendRenderer:0.13666666666666666
MapItemsUIHandler:0.13333333333333333
AbstractLegendRenderer:0.12333333333333334
LineArcRenderer:0.09833333333333333
TriangleEndRenderer:0.09666666666666666
TriangleEndDoubleRenderer:0.09666666666666666
LineSegmentRenderer:0.09
SymbolRotatedRenderer:0.06666666666666667
SymbolTargetRenderer:0.06666666666666667
SymbolGenericRenderer:0.06666666666666667
TriangleSegmentDoubleRenderer:0.05333333333333334
SymbolRectangleRenderer:0.05333333333333334
SymbolOvalRenderer:0.05333333333333334
TriangleSegmentRenderer:0.05333333333333334
SymbolCircleRenderer:0.05
SymbolRunwayRenderer:0.04666666666666667
DrawLineToCursorRenderer:0.03333333333333333
LabelHaloLayoutOffset:0.023333333333333334
BlinkingTask:0.02
AbstractMapItemRenderer:0.02
LabelLayoutOffset:0.006666666666666667
RepaintRunnable:0.0
