Migration:0.5533333333333333
SchemaVersion:0.46
MetaDataTable:0.26666666666666666
SqlMigration:0.21
Flyway:0.16666666666666666
DbMigrator:0.16666666666666666
SqlMigrationResolver:0.13333333333333333
OracleMediumTest:0.08333333333333333
MySQLMediumTest:0.08333333333333333
BaseMigration:0.08
Main:0.07333333333333333
HsqlMediumTest:0.030666666666666665
