SqlStageExecution:0.6433333333333333
OutputBuffer:0.6033333333333334
SourcePartitionedScheduler:0.22333333333333333
PartitionedOutputBufferManager:0.19
