AbstractAuditQuery:0.3566666666666667
ThreeEntityQueryGenerator:0.22333333333333333
OneEntityQueryGenerator:0.18333333333333332
EntitiesAtRevisionQuery:0.18333333333333332
OneAuditEntityQueryGenerator:0.18333333333333332
TwoEntityOneAuditedQueryGenerator:0.17666666666666667
TwoEntityQueryGenerator:0.17
ValidityAuditStrategy:0.17
DefaultAuditStrategy:0.14666666666666667
