FakeEventBusMetrics:0.31
MetricsTest:0.235
HandlerRegistration:0.18140476190476187
EventBusMetrics:0.12666666666666668
DummyEventBusMetrics:0.09916666666666667
