XYZWriter:0.29
HINWriter:0.29
Mol2Writer:0.2866666666666667
MDLWriter:0.26
PDBWriter:0.20333333333333334
