NotificationMgmtService:0.4533333333333333
Notification:0.3028333333333333
Common:0.3028333333333333
NotificationProcessor:0.3
NotificationQueryService:0.24333333333333335
