View:0.6733333333333333
Module:0.39666666666666667
InvoiceCalculatedDetailsInSectionTest:0.30333333333333334
AJAXTest:0.26
ApplicantTest:0.2
