BackgroundJob:0.9533333333333334
JobManager:0.2833333333333333
