BMechBuilder:0.44333333333333336
JournalConsumer:0.43333333333333335
BDefBuilder:0.38333333333333336
BMechMETSSerializer:0.30666666666666664
BDefMETSSerializer:0.2733333333333333
FedoraModelNamespace:0.08333333333333333
FedoraRelsExtNamespace:0.08333333333333333
RecoveryNamespace:0.08333333333333333
FedoraViewNamespace:0.08333333333333333
ResourceNamespace:0.06
Constants:0.0
