ChemObjectReader:0.4241111111111111
ReaderFactory:0.4066666666666667
ReaderSetting:0.23666666666666666
DBReader:0.19944444444444445
FileFormatGuesser:0.15666666666666668
ReaderListener:0.14772222222222223
DefaultChemObjectReader:0.013333333333333334
ReaderEvent:0.008981481481481483
