MainScene:0.5133333333333333
LocationTabPanel:0.2966666666666667
TabPanelPopulation:0.2856666666666667
MarsNode:0.2733333333333333
TabPanelAssociatedPeople:0.25733333333333336
TabPanelFoodProduction:0.23333333333333334
TabPanelBots:0.16333333333333333
TabPanelCooking:0.15666666666666668
