IndexSettings:0.9
RegexpQueryBuilder:0.41333333333333333
IndexSettingsTests:0.25333333333333335
SimpleSearchIT:0.22916666666666666
