BarnesHutTsne:0.46777777777777774
SpTree:0.38
VPTree:0.2111111111111111
Cell:0.08666666666666667
BarnesHutTsneTest:0.06666666666666667
