AbstractGraph:0.7766666666666666
SwingDeltaGraph:0.4066666666666667
StatePanel:0.33
Target:0.25333333333333335
