XmlPathTest:0.7046666666666667
PresentationExamplesITest:0.3383333333333333
