CacheProxy:0.33666666666666667
CacheService:0.3333333333333333
HazelcastCacheManager:0.30666666666666664
HazelcastExpiryPolicy:0.2733333333333333
ICacheRecordStore:0.21583333333333332
CacheStatisticsMXBeanImpl:0.20333333333333334
CacheEntryProcessorEntry:0.1577777777777778
CacheDataSerializerHook:0.08
CacheRecordStore:0.06333333333333334
AbstractClusterWideIterator:0.06333333333333334
