ModuleTestBase:0.8233333333333334
ModuleManager:0.2448888888888889
