FedoraAccessServlet:0.44333333333333336
FedoraUsers:0.4066666666666667
TomcatServerXML:0.34
GenericFileSystem:0.31
FieldSearchServlet:0.14333333333333334
TestTomcatServerXML:0.056666666666666664
TestFedoraUsers:0.03666666666666667
