MercurialRepository:0.6233333333333333
JDBCHistoryCacheTest:0.48
MercurialHistoryParser:0.25333333333333335
