GenericTypeList:0.405
GenericTypeRegistrant:0.27051984126984113
LazyParameterDescription:0.25666666666666665
Latent:0.14333333333333334
RejectingSignatureVisitor:0.11666666666666667
Empty:0.09333333333333334
GenericTypeExtractor:0.08
AbstractBase:0.0
