CollectionBeanDefinitionParser:0.39666666666666667
BlueprintCollectionBeanDefinitionParser:0.32476190476190475
SpringServiceExportComponentMetadata:0.25
ComponentsBeanDefinitionParser:0.20666666666666667
SpringCollectionBasedServiceReferenceComponentMetadata:0.14666666666666667
BlueprintNamespaceHandler:0.08666666666666667
BlueprintServiceDefinitionParser:0.08666666666666667
ExporterMetadataTest:0.07666666666666666
ImporterMetadataTest:0.02666666666666667
BlueprintAttrCallback:0.01
DummyComparator:0.0
ExporterListener:0.0
