ElementMatchers:0.7533333333333333
StreamWriting:0.3233333333333333
AgentBuilderDefaultTest:0.25333333333333335
AgentBuilderListenerTest:0.22
AgentBuilderRawMatcherForElementMatchersTest:0.17333333333333334
AgentBuilderRawMatcherConjunctionTest:0.13333333333333333
AgentBuilderRawMatcherDisjunctionTest:0.13333333333333333
