ExecutingTransformer:0.43666666666666665
ExtractionClassFileTransformer:0.4083333333333333
ClassRedefinitionTransformer:0.35
