MetaAction:0.74
ModuleManager:0.51
MapFacadeBean:0.2833333333333333
Maps:0.26416666666666666
LinkTag:0.15666666666666668
ButtonTag:0.14333333333333334
ImageTag:0.14
