SQLUtility:0.5133333333333333
RowInsertion:0.5
DefaultDOReplicator:0.38666666666666666
