InfinispanRegionFactory:0.53
IsolatedClassLoaderTest:0.33666666666666667
QueryResultsRegionImpl:0.2346666666666667
BaseRegion:0.23
CacheAccessListener:0.21166666666666667
InfinispanRegionFactoryTestCase:0.19333333333333333
IsolatedCacheTestSetup:0.19
DualNodeJtaTransactionImpl:0.18333333333333332
SessionRefreshTestCase:0.09
