Proxetta:0.7766666666666666
AllTests:0.17
ProxettaNaming:0.014071428571428572
