SmilesMolecule:0.6933333333333334
MoleculeManager:0.2475
IMolecule:0.18666666666666668
