Type:0.4766666666666667
Const:0.4066666666666667
JUTestEvaluation:0.3433333333333333
KeyScheme:0.28
Field:0.27661111111111114
SingleKeySet:0.27661111111111114
JUTestIO:0.19666666666666666
MathBitInvert:0.18
Text:0.17111111111111113
IllegalChildException:0.17
Compare:0.15333333333333332
MathParentNode:0.14
ParentNode:0.13833333333333334
MathIntParentNode:0.12333333333333334
BoolParentNode:0.12
Require:0.10666666666666667
Size:0.10666666666666667
ParentBiNode:0.105
Nodes:0.07666666666666666
SubscriptionParserBase:0.06333333333333334
