DriverContext:0.6153333333333333
DriverStats:0.47
SplitStatistics:0.27
TestDriverStats:0.20333333333333334
