QueueContainer:0.7933333333333333
QueueService:0.43666666666666665
BasicQueueTest:0.16
TxnRemoveOperation:0.09
