JDBCReverseEngineeringStrategy:0.6333333333333333
ReverseEngineerEditor:0.24583333333333332
PostgresReverseEngineeringStrategy:0.17666666666666667
CompleteCompareCommand:0.17333333333333334
ReverseEngineerCommand:0.17333333333333334
DatabaseConnectionEditor:0.16777777777777778
RepositoryConnectionEditor:0.16777777777777778
DatabaseConnectionEditorView:0.16333333333333333
RepositoryConnectionEditorView:0.16333333333333333
ReverseEngineeringTest:0.13333333333333333
