Indi:0.4766666666666667
Property:0.45666666666666667
Gedcom:0.45
Entity:0.43666666666666665
MetaProperty:0.4033333333333333
PropertyChange:0.3566666666666667
PropertyName:0.35333333333333333
PropertyXRef:0.33
PropertyDate:0.3
PropertyEvent:0.2866666666666667
Fam:0.27
PropertyBean:0.26
PropertySimpleValue:0.24666666666666667
PropertyFile:0.24333333333333335
Note:0.24
PropertySex:0.22333333333333333
PropertyForeignXRef:0.21333333333333335
PropertyAge:0.21
PropertyMultilineValueTest:0.21
SexBean:0.20666666666666667
BeanPanel:0.20333333333333334
PropertyPlace:0.20333333333333334
Grammar:0.19666666666666666
BlobIterator:0.19305555555555554
PropertyChoiceValue:0.18666666666666668
PropertyMultilineValue:0.17333333333333334
Repository:0.17333333333333334
PropertyRelationship:0.16333333333333333
Monitor:0.16333333333333333
PropertyChild:0.15666666666666668
XRefBean:0.15333333333333332
Parser:0.14333333333333334
NameBean:0.14333333333333334
EventBean:0.14
ChoiceBean:0.14
MLEBean:0.13666666666666666
PropertyBlob:0.13333333333333333
FooterRenderer:0.13333333333333333
AgeBean:0.13
PropertyHusband:0.12666666666666668
PropertyWife:0.12666666666666668
Media:0.12333333333333334
PropertyNumericValue:0.12333333333333334
PropertyAssociation:0.12
PrivacyPolicy:0.11666666666666667
PlaceBean:0.10666666666666667
PropertySource:0.10583333333333333
PropertyNote:0.10583333333333333
PropertyFamilyChild:0.1
Callback:0.1
PropertyFamilySpouse:0.09666666666666666
Source:0.09666666666666666
PropertyMedia:0.09333333333333334
PropertyAlias:0.09
GedcomConstructorsTest:0.08694444444444444
PropertySubmitter:0.08666666666666667
Submitter:0.07333333333333333
PropertySimpleReadOnly:0.07
FileBean:0.05333333333333334
PropertyRepository:0.03
