GetAllOperation:0.4766666666666667
MapProxyImpl:0.43333333333333335
MapCodecTemplate:0.30333333333333334
MapGetAllOperationFactory:0.26166666666666666
DefaultMapOperationProvider:0.24666666666666667
MapGetAllRequest:0.21333333333333335
MapOperationProvider:0.19916666666666666
