MainScreen:0.61
ServerListDialog:0.31
ServerManager:0.23666666666666666
SendReceiveFrame:0.18666666666666668
SendReceivePanel:0.15666666666666668
WindowingManagerPanel:0.15333333333333332
LayoutManagerPanel:0.15
