Map3DRenderer:0.5133333333333333
Camera3DRenderer:0.43666666666666665
BillBoardManagerAutoUpdate:0.4166666666666667
Model3D:0.39
ImagePaneRenderer:0.3433333333333333
ARINCMap3D:0.3333333333333333
JFXMapSymbol3D:0.2977777777777778
BillboardBehavior:0.2966666666666667
Camera3DController:0.27666666666666667
SymbolRotated3D:0.26
Map3DItemListRenderer:0.24666666666666667
Ribbon3D:0.24666666666666667
Symbol3D:0.24666666666666667
WayPointMenu:0.23666666666666666
Line3DSegmentRenderer:0.21833333333333332
Map3DProjection:0.21666666666666667
Ribbon3DSegmentRenderer:0.21
Pyramid:0.19666666666666666
PolyLine3D:0.19333333333333333
SymbolRotated3DRendererTest:0.18666666666666668
FlightPlanPart:0.17105555555555557
SymbolRotated3DRenderer:0.15666666666666668
DropLine3DRenderer:0.15333333333333332
Ribbon3DStart:0.15333333333333332
FlightPlanPartRenderer:0.15
AbstractProjectedMap3DItemRenderer:0.13666666666666666
ApproachSymbols:0.12633333333333333
CloudCell3DRenderer:0.11
JFXModel3DProvider:0.11
AbstractProjectedMap3DModelItemRenderer:0.10694444444444443
Scaler3D:0.1
ARINCCamera3D:0.1
WinderRose3DRenderer:0.09666666666666666
ApproachSymbolsRenderer:0.08333333333333333
Map3DSelecter:0.07666666666666666
RotatedMapItem3D:0.07666666666666666
PyramidMesh:0.075
BillBoardManagerManualUpdate:0.06777777777777778
AbstractSymbolProjectedMap3DModelItemRenderer:0.06777777777777777
Map3DSourceRenderer:0.056666666666666664
CloudCell3D:0.05333333333333334
Selecter3D:0.04
NavItem:0.02666666666666667
Math3D:0.0025
AbstractMap3DWidget:0.0
DefaultBlinkingRenderer3D:0.0
