PA:0.6
MethodSummary:0.49666666666666665
GenRelations:0.2733333333333333
SummaryToTuples:0.2633333333333333
PAMethodSummary:0.20666666666666667
PlaceholderNode:0.2
