AbstractServiceContainer:0.49
IDatabase:0.3819047619047619
Structuredb:0.38
ServiceViewDropAdapter:0.27
DataBase:0.19333333333333333
