CallTest:0.5866666666666667
RecordedResponse:0.4066666666666667
HttpOverHttp2Test:0.3566666666666667
FramedSocketHandler:0.21
