FieldHandler:0.5533333333333333
Enumerator:0.4752619047619047
FieldCursor:0.38
intEnumHandler:0.13
intEnumPrinter:0.10666666666666667
