Settlement:0.5366666666666666
Vehicle:0.52
Unit:0.4866666666666667
Inventory:0.47
MalfunctionManager:0.4633333333333333
Rover:0.4266666666666667
UnitManager:0.41333333333333333
EVASuit:0.4066666666666667
PhysicalCondition:0.4
VehicleMission:0.39666666666666667
ResourceProcess:0.355
AmountResourceTypeStorage:0.33
ExitAirlock:0.3233333333333333
GoodsManager:0.31
AmountResourcePhaseStorage:0.28833333333333333
AmountResourceStorage:0.27666666666666667
TestInventory:0.26666666666666666
FuelPowerSource:0.26
TestAmountResourceStorage:0.26
ResourceTableModel:0.25666666666666665
Crop:0.25333333333333335
Mining:0.25166666666666665
Storage:0.24333333333333335
CollectResources:0.23666666666666666
CookMeal:0.22666666666666666
Farming:0.22333333333333333
CollectMinedMinerals:0.22333333333333333
ExploreSite:0.22333333333333333
ManufactureUtil:0.22
RescueSalvageVehicle:0.21666666666666667
BiologyStudyFieldMission:0.21333333333333335
AreologyStudyFieldMission:0.21333333333333335
LoadVehicle:0.21333333333333335
RoverMission:0.21
UnloadVehicle:0.21
ConstructionValues:0.21
Exploration:0.21
TestAmountResourceTypeStorage:0.20666666666666667
TravelToSettlement:0.20333333333333334
TradeUtil:0.20333333333333334
OperateVehicle:0.20333333333333334
BuildingConstructionMission:0.2
TestAmountResourcePhaseStorage:0.2
ConstructBuilding:0.2
ToggleFuelPowerSource:0.2
ToggleResourceProcess:0.2
MineSite:0.2
StudyFieldSamples:0.2
Cooking:0.19666666666666666
TestItemResource:0.19666666666666666
Manufacture:0.19666666666666666
EVAOperation:0.19666666666666666
CollectResourcesMission:0.195
EnterAirlock:0.19333333333333333
LivingAccommodations:0.18666666666666668
DigLocalRegolith:0.18333333333333332
EatMeal:0.18
ResupplyManager:0.18
SalvageBuilding:0.17666666666666667
MaterialsTableModel:0.16666666666666666
PersonTableModel:0.16333333333333333
ResourceAmount:0.1525
TradeGoodsPanel:0.14333333333333334
ConstructionProjectPanel:0.14333333333333334
CollectResourcesMissionCustomInfoPanel:0.13666666666666666
VehicleTableModel:0.12666666666666668
SettlementTableModel:0.12333333333333334
JUnitTests:0.1025
UnloadVehicleTest:0.08333333333333333
PersonTableUpdater:0.035
