TableConstants:0.6332777777777776
TriggerRouterService:0.31333333333333335
IDataExtractorService:0.28633333333333333
DataExtractorService:0.2733333333333333
ITriggerRouterService:0.25666666666666665
