DemoService:0.6609444444444444
PojoUtils:0.5933333333333334
DemoServiceImpl:0.185
GenericServiceTest:0.14
GenericImplFilter:0.12
GenericFilter:0.12
UnserializableBoxDemoServiceImpl:0.06333333333333334
DemoServiceImpl_LongWaiting:0.06333333333333334
