ElementMatchers:0.7327777777777779
SubTypeMatcherTest:0.3477777777777778
