CodeWriter:0.32
Builder:0.26
AnnotationSpec:0.21666666666666667
TypeSpecTest:0.19
TypeSpec:0.18666666666666668
JavaFile:0.18444444444444444
MethodSpec:0.17
FieldSpec:0.14666666666666667
