Builder:0.67
Environment:0.61
InternalSettingsPreparerTests:0.28
InternalSettingsPreparer:0.21333333333333335
EnvironmentTests:0.06333333333333334
