SearchUtils:0.68
AbstractResource:0.41333333333333333
SearchFilterRequestParser:0.2966666666666667
SearchWildCardException:0.23333333333333334
