TestManyDisseminations:0.5833333333333334
FedoraAccessServlet:0.3433333333333333
MIMETypedStream:0.16
AllCommonSystemTests:0.12333333333333334
