Router:0.8483333333333334
RouterOptionSet:0.19666666666666666
