Scope:0.49
Parser:0.44333333333333336
Transformer:0.31
IterationGenerator:0.16955555555555554
Build:0.13777777777777775
Specify:0.13666666666666666
CaseStructure:0.10333333333333333
TemplateScope:0.09666666666666666
RunParser:0.08333333333333333
ResolvedType:0.08333333333333333
BoundAccessExpression:0.0770595238095238
Identifier:0.041111111111111105
TypeIdentifier:0.024444444444444442
UnitScope:0.023333333333333334
Comment:0.006666666666666667
