FileDataLocation:0.5333333333333333
NioServer:0.36666666666666664
NioContext:0.25666666666666665
ClassContext:0.22833333333333333
IOHelper:0.20333333333333334
ResourceProvider:0.19333333333333333
MatrixRunner:0.18733333333333335
AbstractNioContext:0.17
WaitingNodeRequestState:0.12666666666666668
TemporaryFileHolder:0.07333333333333333
AnnotatedTask:0.016666666666666666
AnnotatedRunner:0.0033333333333333335
