VCSActivity:0.52
VCSAdapter:0.42950000000000005
SharedResourcesManager:0.25666666666666665
SubclipseAdapter:0.22666666666666666
VCSActivityDataObject:0.20333333333333334
