Visitor:0.44
ProjectionBuilder:0.30666666666666664
SubQueryPlannerTest:0.25666666666666665
QueryAndFetchConsumer:0.24333333333333335
FetchDecider:0.18666666666666668
ResultDescription:0.17666666666666667
