AndroidInput:0.6311666666666665
Controllers:0.5433333333333333
ControllerListener:0.32116666666666666
