PrepareOperations:0.6933333333333334
InitOperations:0.45
StrutsExecuteFilter:0.3333333333333333
StrutsPrepareFilter:0.25666666666666665
StrutsPrepareAndExecuteFilter:0.22
StrutsPrepareAndExecuteFilterIntegrationTest:0.16333333333333333
StrutsConstants:0.014285714285714285
