NetProject:0.5866666666666667
NetApplet:0.5
NetPanel:0.3811111111111111
