MapServiceContext:0.5466666666666666
MapContainer:0.36666666666666664
PartitioningStrategyFactoryTest:0.2833333333333333
MapProxySupport:0.2733333333333333
PartitionContainer:0.23
MapServiceContextImpl:0.22
PartitioningStrategyFactory:0.18
