WebClientTest:0.6633333333333333
WebClient5Test:0.30333333333333334
