WebViewActivity:0.43666666666666665
DensityUtil:0.4066666666666667
TitleHolder:0.3144444444444444
CommonUtils:0.24
EverydayAdapter:0.16
OneHolder:0.11
TwoHolder:0.07666666666666666
ThreeHolder:0.06
