TryCatchBlock:0.44666666666666666
ProcessTryCatchRegions:0.43666666666666665
BlockUtils:0.35333333333333333
ExceptionHandler:0.31
RegionUtils:0.25
MethodGen:0.22
RegionGen:0.21333333333333335
MethodNode:0.18833333333333332
BlockMakerVisitor:0.17333333333333334
BlockProcessingHelper:0.16
RegionStack:0.1211111111111111
RegionMaker:0.11666666666666667
RegionMakerVisitor:0.10333333333333333
ProcessVariables:0.08666666666666667
TestLineNumbers2:0.08333333333333333
TestCls:0.04
TestWrongCode:0.03
