SSOSamlProfileCallbackHandlerController:0.475
SamlIdPEndpointsConfiguration:0.24
MetadataUIUtils:0.20666666666666667
SamlProfileSamlSubjectBuilder:0.12
AbstractSaml10ResponseView:0.11333333333333333
SamlProfileSaml2ResponseBuilder:0.10666666666666667
SamlIdPConstants:0.0
