LogicalPlanner:0.49333333333333335
LocalExecutionPlanContext:0.38333333333333336
MetadataUtil:0.24333333333333335
PeriodicImportRunnable:0.22
