ValidatingItemReaderTests:0.51
DelegatingItemWriterTests:0.4066666666666667
CompositeItemWriterTests:0.20333333333333334
HibernateCursorItemReaderStatefulIntegrationTests:0.14333333333333334
