Ord:0.3933333333333333
OrdinalValue:0.32777777777777783
ImmutableOrdinalSet:0.31666666666666665
RegularImmutableOrdinalSet:0.26
Id:0.25333333333333335
OrdinalDomain:0.23111111111111116
ValuesTest:0.20333333333333334
