DrawApplication:0.5983333333333334
AbstractLineDecoration:0.37666666666666665
PertApplication:0.2966666666666667
