GlobeDisplay:0.38666666666666666
SettlementMapPanel:0.37333333333333335
MapPanel:0.3333333333333333
NavigatorWindow:0.24
SettlementTransparentPanel:0.2
DustStorm:0.19777777777777777
mouseMotionListener:0.15666666666666668
mapListener:0.14666666666666667
MarsCalendarDisplay:0.12
