SDHPosition:0.6448888888888888
WebserviceBean:0.46
WebserviceBeanLocal:0.35
RemoteSDHPosition:0.33666666666666667
BusinessEntityManagerImpl:0.26
RemoteSDHContainerLinkDefinition:0.24333333333333335
KuwaibaService:0.20666666666666667
RemoteObjectLightList:0.14666666666666667
BusinessObjectLightList:0.12
