GeoDistanceSortBuilder:0.4866666666666667
FieldSortBuilder:0.41
GeoDistanceSortBuilderTests:0.35
ScoreSortBuilder:0.31
ScoreSortBuilderTests:0.19666666666666666
FieldSortBuilderTests:0.13333333333333333
