KerasZeroPadding1D:0.6186666666666667
KerasZeroPadding2D:0.57
KerasZeroPadding2DTest:0.023333333333333334
KerasZeroPadding1DTest:0.02
