HzClusterUtil:0.7166666666666667
ClientIOExecutorPoolSizeLowTest:0.48333333333333334
SplitBrainReplicatedMapTest:0.29333333333333333
