FedoraAccessServlet:0.29333333333333333
GetNextPIDServlet:0.2833333333333333
GetObjectHistoryServlet:0.19
DescribeRepositoryServlet:0.19
ListMethodsServlet:0.17111111111111113
ProfileSerializerThread:0.11333333333333333
ObjectMethodsDefSerializerThread:0.11333333333333333
ObjectHistorySerializerThread:0.09333333333333334
GetNextPIDSerializerThread:0.08333333333333333
ReposInfoSerializerThread:0.08333333333333333
