DescriptorCalculatorTest:0.6633333333333333
EffectiveAtomPolarizabilityTest:0.3933333333333333
