OutRunnable:0.4
TcpIpConfig:0.39
MulticastConfig:0.32666666666666666
Connection:0.31333333333333335
ExecutorManager:0.3
Node:0.3
Join:0.29333333333333333
ClusterClientProxy:0.26166666666666666
HazelcastClient:0.25105555555555553
NetworkConfig:0.25
ProxyHelper:0.24666666666666667
PacketReader:0.165
PacketWriter:0.14666666666666667
TestUtility:0.12
TestBasicApplicationContext:0.11
TestClientApplicationContext:0.11
TestFullApplicationContext:0.09333333333333334
InRunnable:0.08666666666666667
