Catalog:0.6333333333333333
ArchiveConductor:0.3408888888888889
RecordingSession:0.29333333333333333
