InsnGen:0.4866666666666667
ConstInlinerVisitor:0.24
JadxUpdate:0.21666666666666667
BlockFinallyExtract:0.18333333333333332
