OkBufferTest:0.37
BufferedSource:0.36
InflaterSource:0.2327777777777778
OkBuffers:0.15
GzipSource:0.14333333333333334
