MethodDefinitionSourceAdvisor:0.4533333333333333
MethodDefinitionSourceAdvisorTests:0.37
SecurityNamespaceHandler:0.34
InterceptMethodsBeanDefinitionDecorator:0.23333333333333334
BusinessServiceImpl:0.15333333333333332
Elements:0.07333333333333333
BusinessService:0.065
MethodDefinitionSourcePointcut:0.043333333333333335
BeanIds:0.0
