Column:0.7733333333333333
AbstractDdlBuilder:0.57
AbstractJdbcDdlReader:0.4066666666666667
