UserServiceFactory:0.32455555555555554
AuthenticationMethod:0.32455555555555554
RestSQLAction:0.32
CrateNettyHttpServerTransport:0.2833333333333333
AuthenticationProvider:0.25666666666666665
ConnectionContext:0.23333333333333334
SQLPlugin:0.23
CrateHttpChannelPipelineFactory:0.18
TestAuthentication:0.14
TrustAuthentication:0.12666666666666668
UserServiceFactoryImpl:0.04
