FolderColumnsRpcResponseData:0.44
GwtServerHelper:0.34
GwtTeamingMessages:0.32666666666666666
DataTableFolderViewBase:0.2833333333333333
GwtRpcServiceImpl:0.25
DiscussionFolderView:0.23333333333333334
FolderColumn:0.2
FolderDisplayDataRpcResponseData:0.18666666666666668
GwtViewHelper:0.16
GetFolderDisplayDataCmd:0.02666666666666667
FolderRow:0.02666666666666667
