OrcMetadataReader:0.6797222222222223
StripeReader:0.44527777777777783
