DatastreamManagedContent:0.44
XMLDatastreamProcessor:0.38666666666666666
DefaultDOManager:0.32722222222222225
