Robolectric:0.6488888888888888
drawable:0.61
ShadowView:0.4066666666666667
ResourceLoader:0.27666666666666667
ShadowImageView:0.21666666666666667
ListViewTest:0.16333333333333333
ShadowListView:0.16277777777777777
DrawableResourceLoaderTest:0.15666666666666668
ShadowAbsListView:0.11166666666666666
DrawableResourceLoader:0.08666666666666667
ViewTest:0.07333333333333333
ImageViewTest:0.016666666666666666
TouchableView:0.0033333333333333335
