LocalQueryRunner:0.7333333333333333
PlanMatchPattern:0.31333333333333335
TestLogicalPlanner:0.31333333333333335
PlanMatchingVisitor:0.18333333333333332
