PojoTaskWrapper:0.31666666666666665
AnnotatedTaskWrapper:0.30333333333333334
TaskObjectWrapper:0.24
PrivilegedConstructorAction:0.16266666666666665
PrivilegedMethodAction:0.12933333333333333
JPPFAnnotatedTask:0.12333333333333334
AbstractPrivilegedAction:0.0823888888888889
CallableTaskWrapper:0.043333333333333335
RunnableTaskWrapper:0.03666666666666667
AbstractTaskObjectWrapper:0.0
