ATNConfigSet:0.7333333333333333
LexerATNSimulator:0.35333333333333333
ParserATNSimulator:0.26
