PropertyFile:0.6066666666666667
ProxyFile:0.31666666666666665
