Matrix4:0.49
Transform:0.2876666666666667
NetAPITest:0.2866666666666667
MeshPartBuilder:0.27166666666666667
TiledMapPacker:0.19333333333333333
IOSNet:0.19
MeshBuilder:0.15666666666666668
GwtNet:0.14666666666666667
NetJavaImpl:0.14
