CollectionContainer:0.6366666666666667
PutOperation:0.21666666666666667
ListService:0.19
SetService:0.19
ListContainer:0.14083333333333334
CollectionReplicationOperation:0.14
SetContainer:0.12416666666666666
