AuthorizationFramework:0.5066666666666667
AuthorizationStack:0.45666666666666667
AuthorizationEntity:0.39666666666666667
AuthorizationFrameworkTest:0.3933333333333333
AuthorizationPlugin:0.39
ProjectHelperTestBase:0.24666666666666667
TestCase:0.03
StackSetup:0.016666666666666666
