Pool:0.7933333333333333
ConnQueue:0.5966666666666667
