AjaxController:0.6533333333333333
EventsViewHelper:0.4766666666666667
WebKeys:0.18833333333333332
