JavaConfigWebApplicationContext:0.7566666666666667
JavaConfigContextLoaderListener:0.4063148148148148
NestedClassTypeFilter:0.1943968253968254
ClassPathScanningConfigurationProviderFactory:0.07755555555555556
JavaConfigDispatcherServletTests:0.06838888888888889
JavaConfigWebApplicationContextTests:0.06333333333333334
JavaConfigContextLoaderListenerTests:0.04666666666666667
JavaConfigDispatcherServlet:0.0
