CommentModerationPlugin:0.7886111111111112
MathCommentAuthenticationPlugin:0.576388888888889
