Version:0.5633333333333334
VersionUtils:0.4166666666666667
JPPFDriver:0.32
NodeRunner:0.31
JPPFSystemInformation:0.23
AbstractJPPFClient:0.22
