Script:0.6533333333333333
SearchTemplateRequest:0.30333333333333334
ScriptServiceTests:0.2966666666666667
ScriptModesTests:0.2213888888888889
ScriptModes:0.20666666666666667
NativeScriptTests:0.17
