LineSegmentRenderer:0.5066666666666667
LineArcRenderer:0.3
SymbolRotatedRenderer:0.13666666666666666
SymbolGenericRenderer:0.13666666666666666
SymbolTargetRenderer:0.13666666666666666
LineStartRenderer:0.12
TriangleEndRenderer:0.11
TriangleEndDoubleRenderer:0.06666666666666667
SymbolOvalRenderer:0.05333333333333334
SymbolCircleRenderer:0.05333333333333334
SymbolRectangleRenderer:0.05333333333333334
FilledPolyStartRenderer:0.043333333333333335
SymbolRunwayRenderer:0.03333333333333333
TriangleStripStartRenderer:0.006666666666666667
TriangleSegmentDoubleRenderer:0.006666666666666667
TriangleSegmentRenderer:0.006666666666666667
TriangleFanStartRenderer:0.006666666666666667
AbstractTriangleStartRenderer:0.0025
DrawLineToCursorRenderer:0.0
