BulkShardProcessor:0.5933333333333334
ReadWriteLock:0.3
BulkShardProcessorTest:0.25666666666666665
RetryResponseListener:0.21466666666666667
NodeFsDiskChildExpression:0.14333333333333334
