ProfileModule:0.865
ProfileModuleImpl:0.6077777777777778
MiscUtil:0.32666666666666666
