ExpandableTermTreeRenderer:0.5633333333333334
TermTreeRenderer:0.5318888888888889
TermOntology:0.4266666666666667
