Groove:0.43333333333333335
DefaultNode:0.38333333333333336
DefaultGraphCalculator:0.35
AlgebraGraph:0.24666666666666667
ProductNode:0.22333333333333333
ValueNode:0.17400000000000002
