RuleContext:0.63
Trees:0.35
Target:0.2866666666666667
ParseTreeVisitor:0.18666666666666668
TestT:0.15
Parser:0.10333333333333333
