NativeWindowManager:0.5566666666666666
OGLPlugin:0.43333333333333335
EmbeddedWindowsManager:0.38333333333333336
