ClientEndpoint:0.82
ExecutorServiceClientProxy:0.42
ClientService:0.21
MyRunnable:0.1943968253968254
CancelExecutionHandler:0.15222222222222223
ExecutorServiceHandler:0.14888888888888888
HazelcastClientExecutorServiceTest:0.14666666666666667
