Builder:0.3051666666666666
GeoShapeFieldType:0.30333333333333334
RandomShapeGenerator:0.27666666666666667
MultiPointBuilder:0.16666666666666666
GeoShapeFieldMapper:0.11666666666666667
XShapeCollection:0.09333333333333334
TypeParser:0.08333333333333333
GeoShapeIntegrationIT:0.07333333333333333
GeoShapeFieldMapperTests:0.06666666666666667
Defaults:0.03
Names:0.02666666666666667
