AbstractTestQueries:0.5133333333333333
NodePrinter:0.29
Explain:0.25333333333333335
AstVisitor:0.24333333333333335
GraphvizPrinter:0.23333333333333334
StatementAnalyzer:0.18333333333333332
PlanPrinter:0.13333333333333333
QueryExplainer:0.11666666666666667
EdgePrinter:0.11333333333333333
PlanNodeIdGenerator:0.07333333333333333
