ReportLinesCirc:0.33666666666666667
Callback:0.29333333333333333
ReportMultDesc:0.22666666666666666
ReportEventsByMonths:0.22666666666666666
ReportCGW:0.22666666666666666
ReportPlaceHistory:0.22666666666666666
ReportDateCalculator:0.21666666666666667
ReportLinesFan:0.21666666666666667
ReportSosa:0.18333333333333332
