ReflectAdviceListenerAdapter:0.5563333333333333
TimeTunnelCommand:0.36
TTimeFragmentDetail:0.35333333333333333
GlobalOptions:0.016666666666666666
