RobolectricTestRunnerInterface:0.7466666666666667
RobolectricTestRunner:0.6033333333333334
WithTestDefaultsRunner:0.18
