Advapi32Test:0.48333333333333334
ACCESS_ACEStructure:0.42
Advapi32Util:0.4066666666666667
SECURITY_DESCRIPTOR:0.23666666666666666
WinNT:0.2
ACL:0.18666666666666668
SECURITY_DESCRIPTOR_RELATIVE:0.14333333333333334
ACCESS_ALLOWED_ACE:0.10666666666666667
ACEStructure:0.07666666666666666
ACCESS_DENIED_ACE:0.06666666666666667
PACLByReference:0.03333333333333333
