TestConverterManager:0.43333333333333335
GJChronology:0.4066666666666667
ImpreciseCutoverField:0.3333333333333333
CutoverField:0.32133333333333336
TestDateTimeZone:0.26666666666666666
TestDateTimeUtils:0.26666666666666666
