Table:0.68
DbImport:0.36
Batch:0.26666666666666666
DatabaseWriter:0.2633333333333333
AbstractTableDataReader:0.21
AbstractXmlPublisherExtensionPoint:0.19
BatchXmlDataReader:0.16666666666666666
ProtocolDataReader:0.16333333333333333
XmlPublisherDatabaseWriterFilter:0.14666666666666667
DbExportImportTest:0.10666666666666667
XmlPublisherDataRouter:0.08916666666666667
AbstractDataReader:0.0
