ApacheResponseFuture:0.6633333333333333
JDKFuture:0.5583333333333333
