QueryUtil:0.7566666666666667
StudyListBean:0.29
StudyListPage:0.27666666666666667
StudyListFilter:0.22666666666666666
