Table:0.6233333333333333
Util:0.5933333333333334
AbstractRecord:0.44666666666666666
TableRecordImpl:0.26
UDT:0.254
UDTRecordImpl:0.19333333333333333
