LayerTreeEditor:0.6433333333333333
GroupUngroupWidgetEdit:0.34
AbstractMoveWidgetEdit:0.25333333333333335
GroupHelper:0.14666666666666667
