MethodInfo:0.6066666666666667
MethodSignatureVisitor:0.4266666666666667
ClassInfo:0.42333333333333334
AnnotationReader:0.37666666666666665
WorkData:0.254
TargetClassInfoReader:0.24666666666666667
ProxettaClassBuilder:0.24333333333333335
BigClassTest:0.13
