Domain:0.5966666666666667
QuestionnaireAction:0.37333333333333335
QuestionFactory:0.22666666666666666
