Jdk:0.62
SunCompiler:0.24666666666666667
TestJdk:0.22333333333333333
