SubcorpusTest:0.44333333333333336
CorpusTest:0.35
CorpusManagerTest:0.23666666666666666
PartitionTest:0.20666666666666667
