Transition:0.8166666666666667
TransitionableState:0.3566666666666667
ActionExecutor:0.34
