SetupFlyweight:0.6433333333333333
DriverPublication:0.3566666666666667
SenderTest:0.26666666666666666
EventCodec:0.26666666666666666
ReceiverTest:0.21
DataFrameDispatcher:0.17666666666666667
