OptionElementFactory:0.4666666666666667
OptionsPageBuilder:0.38166666666666665
GraphOption:0.31666666666666665
JPPFVertexLabelRenderer:0.24666666666666667
TabbedPaneOption:0.24666666666666667
