ClassTestDescriptor:0.38333333333333336
JUnit5TestDescriptorTests:0.38
MethodTestDescriptor:0.37
TestInfoParameterResolverTests:0.36333333333333334
JUnit5TestDescriptor:0.2652222222222222
NestedClassTestDescriptor:0.1
StaticTestCase:0.043055555555555555
NestedTestCase:0.043055555555555555
