InnerMouseInputAdapter:0.645
Map2DItemListRenderer:0.3333333333333333
MapHorzContainerRenderer:0.3333333333333333
AbstractMapRenderer:0.2833333333333333
