Jedis:0.71
ShardInfo:0.5266666666666666
ShardedJedisTest:0.30333333333333334
Sharded:0.2866666666666667
ShardedJedis:0.27666666666666667
Connection:0.2
JedisTest:0.11333333333333333
JedisPool:0.08333333333333333
