CSSStyleDeclaration:0.8733333333333333
ComputedCSSStyleDeclaration:0.62
ComputedCSSStyleDeclarationTest:0.32666666666666666
CSSStyleDeclarationTest:0.3233333333333333
CSSStyleRule:0.2833333333333333
CSSImportRule:0.2633333333333333
Stylesheet:0.23666666666666666
CSSRule:0.2
CSSRuleList:0.08277777777777778
CSSImportRuleTest:0.014222222222222221
CSSStyleRuleTest:0.0
