AbstractQueryTestCase:0.4166666666666667
IndexModule:0.3933333333333333
SimilarityService:0.30666666666666664
TestSimilarity:0.21333333333333335
IndexModuleTests:0.0925
SimilarityModuleTests:0.08
