JPPFClient:0.6366666666666667
AbstractJPPFClient:0.3933333333333333
NewConnectionTask:0.31
ThreadSynchronization:0.27
