Node:0.81
PromotionCommitOperation:0.4033333333333333
MigrationManager:0.3566666666666667
ClusterMergeTask:0.21666666666666667
