BinaryFile:0.5383333333333333
Download:0.4066666666666667
PrepareFileDownload:0.17666666666666667
Insert:0.14333333333333334
AddLimitations:0.09
