HighlighterSearchTests:0.4266666666666667
CustomFieldQuery:0.41
VectorHighlighterTests:0.26
FastVectorHighlighter:0.24666666666666667
HighlighterEntry:0.07333333333333333
MapperHighlightEntry:0.07333333333333333
