LocalObjectLightImpl:0.37833333333333335
HierarchyCustomizerTopComponent:0.3425
ClassMetadataNode:0.31333333333333335
HierarchyCustomizerService:0.30666666666666664
CommunicationsStub:0.30333333333333334
TransferManager:0.23666666666666666
ClassMetadataChildren:0.20666666666666667
LocalClassMetadataLightImpl:0.19
