CommandLineOptions:0.5533333333333333
JOptSimpleCommandLineOptionsParserTests:0.34
DiscoveryRequestCreatorTests:0.21333333333333335
DiscoveryRequestCreator:0.21333333333333335
AvailableOptions:0.17
