ApprovalDataBean:0.43333333333333335
LogEntryDataBean:0.36333333333333334
RAAuthorization:0.315
ProtectedLogEventRow:0.27666666666666667
UserDataBean:0.2633333333333333
LocalUserAdminSessionBean:0.25
ProtectedLogDataBean:0.22333333333333333
LocalCertificateStoreSessionBean:0.21333333333333335
LocalAuthenticationSessionBean:0.19666666666666666
LocalApprovalSessionBean:0.19666666666666666
LogAuthorization:0.19
