AggregatorFactory:0.49
TopHitsAggregatorBuilder:0.48
TopHitsIT:0.38666666666666666
ValuesSourceAggregatorBuilder:0.23666666666666666
ParentToChildrenAggregator:0.15833333333333333
ChildrenAggregatorBuilder:0.15
ValuesSourceAggregatorFactory:0.1211111111111111
BaseAggregationTestCase:0.03666666666666667
TopHitsTests:0.036166666666666666
