AbstractHazelcastCacheManager:0.44
ClientCacheConfigTest:0.38333333333333336
CacheConfigTest:0.30666666666666664
CacheGetConfigOperation:0.22666666666666666
