Py:0.7166666666666667
exceptions:0.36333333333333334
cPickle_exceptions:0.20333333333333334
