Editor:0.3933333333333333
ChoiceWidget:0.3466666666666667
DateWidget:0.25333333333333335
Sort:0.23444444444444448
TextFieldWidget:0.21
