TimeSeries:0.6416666666666667
IntervalPrice:0.47
AbstractCalendar:0.37666666666666665
DefaultObservable:0.3233333333333333
