MainScene:0.69
MainDesktopPane:0.47
BotTaskManager:0.26666666666666666
TaskManager:0.25666666666666665
SettlementTransparentPanel:0.21777777777777782
JobHistory:0.21666666666666667
EventTableModel:0.19605555555555554
SubmitButtonDemo:0.08333333333333333
