DiscoveryNodes:0.4533333333333333
Builder:0.29
ZenDiscovery:0.27666666666666667
ShardStateActionTests:0.25666666666666665
ClusterStateDiffIT:0.19
DiscoveryNodesTests:0.18333333333333332
SimpleClusterStateIT:0.16333333333333333
AsyncAction:0.16166666666666665
TransportNodesActionTests:0.11333333333333333
