NetworkModule:0.49666666666666665
ClusterRerouteRequestTests:0.47333333333333333
AllocationCommands:0.43333333333333335
AllocationCommandsTests:0.38
RestClusterRerouteAction:0.23333333333333334
