RedshiftDbSupport:0.55
DriverDataSource:0.48333333333333334
RedshiftSchema:0.3333333333333333
RedshiftMigrationMediumTest:0.18
RedshiftDbSupportMediumTest:0.16333333333333333
RedshiftDbSupportSmallTest:0.15333333333333332
DbSupportFactory:0.14
RedshiftTable:0.07238095238095238
