Convertor:0.6433333333333333
CMLWriter:0.4033333333333333
