ThumbnailWidget:0.58
MediaBean:0.22
FileBean:0.17333333333333334
Callback:0.12333333333333334
