AggregateOperation:0.49666666666666665
DBCollection:0.43666666666666665
AggregateToCollectionOperation:0.30833333333333335
OperationHelper:0.275
