DistributedScheduledExecutorService:0.45
ScheduledFutureProxy:0.44333333333333336
ScheduledExecutorSplitBrainTest:0.31333333333333335
ClientScheduledExecutorServiceBasicTest:0.29577777777777775
ScheduledExecutorServiceBasicTest:0.2733333333333333
