SeqFeatureI:0.7527777777777779
FeaturePairI:0.4464444444444445
SeqFeature:0.35333333333333333
DrawableSeqFeature:0.29
FeaturePair:0.2866666666666667
TierPopupMenu:0.26666666666666666
Selection:0.26
GAMEAdapter:0.22666666666666666
