ObjectFactory:0.49
ServiceLevelCorrelatedInformation:0.3333333333333333
AssetLevelCorrelatedInformation:0.22333333333333333
GetAffectedServicesResponse:0.13666666666666666
