Matrix4:0.6866666666666666
Vector2:0.31833333333333336
Vector3:0.2866666666666667
Matrix3:0.24666666666666667
