Editor:0.5
Simulator:0.49666666666666665
PreviewTypeAction:0.3233333333333333
UncheckAllAction:0.29333333333333333
CheckAllAction:0.29333333333333333
TypeViewList:0.29
TypePanel:0.27
CellRenderer:0.24666666666666667
EditorDialog:0.23
CopyAction:0.21444444444444447
DeleteAction:0.21444444444444447
RenameAction:0.21
StoredGrammarView:0.19666666666666666
JTypeNameList:0.19333333333333333
SetTypeRoleAction:0.18
CheckBoxListModel:0.14333333333333334
