MergePolicyProvider:0.6133333333333333
Merger:0.29944444444444446
