BatchPresentation:0.49333333333333335
BatchPresentationHibernateCompiler:0.4266666666666667
ClassPresentation:0.33
DefaultDBSource:0.19333333333333333
