DeviceLayoutRenderer:0.5933333333333334
RackViewTopComponent:0.43
RackWidget:0.3333333333333333
RackViewService:0.22944444444444448
RackViewScene:0.21
ShowDeviceLayoutTopComponent:0.17805555555555558
ShapeGeneralProperty:0.07
ShapeNamePropertyEditor:0.0
