LwjglApplication:0.6233333333333333
LwjglAWTCanvas:0.41
LwjglCanvas:0.27666666666666667
