Module:0.6466666666666666
ScopesCompiler:0.4073333333333333
LineNumberTable:0.25333333333333335
