Producer:0.6666666666666666
QState:0.5055555555555556
