JavaScriptEngine:0.5633333333333334
StringCustom:0.5097222222222222
NativeStringTest:0.37666666666666665
