ClassInstanceCreation:0.33666666666666667
AnonymousClassDeclaration:0.33
TypeDeclaration:0.33
OuterReferenceResolver:0.3233333333333333
OuterReferenceResolverTest:0.20666666666666667
NilCheckResolver:0.19666666666666666
AnonymousClassConverter:0.19333333333333333
AnonymousClassConverterTest:0.16333333333333333
AbstractTypeDeclaration:0.15666666666666668
CommonTypeDeclaration:0.09166666666666666
