TabPanelPowerGrid:0.30666666666666664
TabPanelMission:0.3
TabPanelCredit:0.24
TabPanelGoods:0.24
TabPanelMaintenance:0.21666666666666667
SettlementWindow:0.21666666666666667
