ClientConnectionManagerImpl:0.5266666666666666
OwnerConnectionFuture:0.17
SocketChannelWrapperFactory:0.14772222222222223
ConnectionProcessor:0.12333333333333334
SSLSocketChannelWrapperFactory:0.11
HeartBeat:0.10527777777777778
DefaultSocketChannelWrapperFactory:0.008981481481481483
