DebugFrameImpl:0.6966666666666667
EventHandler:0.3566666666666667
DebugFrameImplTest:0.10666666666666667
