BasicOperationService:0.4266666666666667
BasicInvocation:0.4166666666666667
BasicInvocationFuture:0.29
ResponseProcessor:0.16444444444444445
