GlobalConfiguration:0.7166666666666667
PublishingCrlSessionBean:0.25333333333333335
GuiInfo:0.25
SystemConfigMBean:0.23666666666666666
CAAdminSessionBean:0.2063888888888889
RenewCATest:0.14333333333333334
