LdapAuthenticationConfiguration:0.7066666666666667
JpaGoogleAuthenticatorAccountRegistry:0.37333333333333335
