Preconditions:0.67
OAuthConstants:0.4063730158730159
MapUtils:0.13
OAuthEncoder:0.1
StreamUtils:0.08333333333333333
