GlobalMethodSecurityConfiguration:0.35333333333333333
WebSecurityConfigurerAdapter:0.3433333333333333
WebSecurityConfiguration:0.2966666666666667
AbstractConfiguredSecurityBuilder:0.2866666666666667
WebSecurity:0.21333333333333335
UserDetailsServiceDelegator:0.09333333333333334
