DefaultAuthorization:0.5222222222222223
TestXACMLPolicies:0.47
ResourceAttributeFinderModule:0.32166666666666666
