Example:0.6733333333333333
BlueprintEditor:0.59
ChooseBlueprintAction:0.24217460317460318
