MappedBufferRotator:0.58
SenderChannel:0.4166666666666667
RcvSessionState:0.30666666666666664
MappedBufferRotatorTest:0.18333333333333332
