AE:0.74
AEDAO:0.32605555555555554
AEDAOImpl:0.20666666666666667
