SingleConsumerQueue:0.81
SerializationProxy:0.26666666666666666
SingleConsumerQueueBenchmark:0.24333333333333335
SingleConsumerQueueTests:0.15666666666666668
ValidatingQueueListener:0.08333333333333333
