CacheProxy:0.5
AbstractCacheProxy:0.4666666666666667
ClientCacheProxy:0.33666666666666667
CacheRecordStore:0.33666666666666667
AbstractBaseCacheProxy:0.27666666666666667
ClusterWideIterator:0.22833333333333333
