NetworkPublication:0.57
FlowControl:0.32666666666666666
PreferredMulticastFlowControl:0.11666666666666667
MinMulticastFlowControl:0.10666666666666667
MaxMulticastFlowControl:0.056666666666666664
UnicastFlowControl:0.056666666666666664
