EditView:0.30666666666666664
Cancel:0.21
BasicEditor:0.21
Sticky:0.19416666666666665
Preview:0.19
OK:0.11
Images:0.06
FileBean:0.03333333333333333
Mode:0.02666666666666667
