ConnectionProviderInitiator:0.4666666666666667
BootstrapServiceRegistryBuilder:0.2966666666666667
StrategySelectorBuilder:0.2866666666666667
