Base64:0.5633333333333334
JSONScanner:0.4866666666666667
ByteArrayFieldTest_2:0.21666666666666667
ByteArrayFieldTest_3:0.21666666666666667
IOUtils:0.20916666666666667
