DataEnvironment:0.49666666666666665
HopSymbolTableWalker:0.44333333333333336
LinearExecution:0.24333333333333335
VariableMoveStep:0.18666666666666668
BinaryOperationStep:0.17
IntermediateExecutionBuilder:0.14666666666666667
