CMap:0.6666666666666666
AbstractRecord:0.47333333333333333
ConcurrentMapManager:0.44333333333333336
ManagementCenterService:0.32666666666666666
MapStoreTest:0.07333333333333333
