AbstractEntryDialog:0.6866666666666666
Messages:0.616388888888889
AbstractFilterEntryDialog:0.3933333333333333
