JChemPaintEditorPanel:0.7833333333333333
JChemPaint:0.41333333333333333
