SearchView:0.5733333333333334
ActionPattern:0.44
ActionPath:0.21666666666666667
