CMap:0.43
ClusterManager:0.31666666666666665
WriteHandler:0.3016666666666667
ClusterTest:0.22666666666666666
SymmetricCipherPacketWriter:0.16111111111111112
MPut:0.14333333333333334
