Table:0.8083333333333333
InformationExtractorJdbcDatabaseMetaDataImpl:0.41333333333333333
NormalizingIdentifierHelperImpl:0.30833333333333335
