BackendBean:0.5033333333333333
ViewableObject:0.4583333333333333
KuwaibaWebservice:0.39
BackendBeanRemote:0.37
