ClientConductorTest:0.69
ClientConductor:0.48972222222222217
DriverListenerAdapter:0.30666666666666664
