XmlConfigurationProvider:0.5483333333333333
URLTagTest:0.36
FreemarkerResultMockedTest:0.28777777777777774
RadioTest:0.22666666666666666
