AbstractServlet:0.6566666666666666
AckServlet:0.17666666666666667
PullServlet:0.15666666666666668
PushServlet:0.14
AlertServlet:0.14
SymmetricFilterChain:0.13666666666666666
