Game:0.6466666666666666
ScenarioAlpha:0.3566666666666667
ScenarioRoot:0.22
Scenario2:0.19
Scenario1:0.18666666666666668
ScenarioBeta:0.17666666666666667
ScenarioGamma:0.17666666666666667
Scenario4:0.17666666666666667
ActionSequenceTest:0.16666666666666666
MoveTest:0.1
FireSmallArmsTest:0.1
