CommunicationsStub:0.7233333333333334
LocalObjectLight:0.26
ClassMetadataNode:0.24777777777777782
ExportTablePanel:0.23
DeleteAttributeAction:0.23
ChooseRouteStep:0.19333333333333333
