TransportSQLActionTest:0.5966666666666667
RegexMatcher:0.3522222222222222
TransportSQLActionSingleNodeTest:0.29333333333333333
MatchesFunctionTest:0.2633333333333333
RegexMatcherTest:0.1
