ITrackerServices:0.6122222222222222
ProjectService:0.6122222222222222
ConfigurationService:0.6122222222222222
ProjectScriptForm:0.48
ITrackerServicesImpl:0.3433333333333333
ProjectServiceImpl:0.30666666666666664
ProjectScriptDAO:0.12
EditProjectScriptAction:0.11
EditProjectScriptFormAction:0.10666666666666667
ConfigurationServiceImpl:0.10666666666666667
Constants:0.0515
