MultiDerivation:0.7366666666666667
Derivation:0.5066666666666667
Template:0.37
Location:0.36666666666666664
Frame:0.3383333333333333
Term:0.31333333333333335
TemplateBuildTest:0.26
RecipeTest:0.24666666666666667
GraphPredicates:0.24
CtrlLoader:0.22666666666666666
Program:0.2161111111111111
MultiSwitch:0.19666666666666666
TermDerivationTest:0.17333333333333334
GraphPreviewDialog:0.15166666666666667
AutomatonBuildTest:0.14333333333333334
DeltaTerm:0.12
OrTerm:0.11
IfTerm:0.10666666666666667
EpsilonTerm:0.10333333333333333
CallTerm:0.09666666666666666
AtomTerm:0.09
StarTerm:0.08666666666666667
SeqTerm:0.07666666666666666
DerivationStack:0.06666666666666667
UntilTerm:0.05333333333333334
TransitTerm:0.05333333333333334
WhileTerm:0.05333333333333334
BodyTerm:0.02666666666666667
Predicate_show_graph:0.02666666666666667
Predicate_save_graph:0.02
