ServerMapSourceWidget:0.6433333333333333
PainterUtils:0.6166666666666667
ServerMapItemList:0.33166666666666667
GraphicalProperties:0.29333333333333333
ServerConfiguration:0.2811111111111111
ARINCMapHorzItems:0.23666666666666666
ARINCMapVertItems:0.23666666666666666
ARINCMapVertSource:0.23
ARINCMapGrid:0.23
ServerMapItemsUtilities:0.22166666666666668
LineSegmentRenderer:0.22
MapVertItemsRenderer:0.19666666666666666
MapHorzItemsRenderer:0.19666666666666666
ARINCMapHorzSource:0.19333333333333333
MapVertRenderer:0.19
InnerMouseInputAdapter:0.18333333333333332
AbstractLegendRenderer:0.17333333333333334
MapHorzRenderer:0.17
LegendRenderer:0.13666666666666666
TriangleEndRenderer:0.13
TriangleEndDoubleRenderer:0.13
MapItemRendererTest:0.13
LineArcRenderer:0.105
LoaderUtilities:0.09666666666666666
TriangleSegmentRenderer:0.07666666666666666
TriangleSegmentDoubleRenderer:0.07333333333333333
SymbolRectangleRenderer:0.06
SymbolOvalRenderer:0.06
SymbolRotatedRenderer:0.056666666666666664
SymbolGenericRenderer:0.056666666666666664
SymbolTargetRenderer:0.056666666666666664
SymbolCircleRenderer:0.056666666666666664
AbstractMapItemRenderer:0.04
Drawing:0.03
SymbolRunwayRenderer:0.016666666666666666
DrawLineToCursorRenderer:0.0033333333333333335
