JCPActionChangeMode:0.6633333333333333
JCPToolBar:0.5733333333333334
