UnionByAttributePlugIn:0.37333333333333335
OpenJumpConfiguration:0.36666666666666664
JUMPConfiguration:0.3566666666666667
IntersectPolygonLayersPlugIn:0.28
JoinAttributesSpatiallyPlugIn:0.28
