SessionImpl:0.6066666666666667
AbstractSharedSessionContract:0.2833333333333333
Box:0.20333333333333334
CloseEntityManagerWithActiveTransactionTest:0.18666666666666668
Action:0.14772222222222223
Container:0.13666666666666666
Muffin:0.10666666666666667
