Data:0.51
SimulatePipelineResponse:0.32666666666666666
SimulateProcessorResult:0.25666666666666665
SimulateDocumentResult:0.18
ParsedSimulateRequest:0.16333333333333333
SimulatePipelineRequest:0.12
SimulateExecutionServiceTests:0.07333333333333333
SimulateExecutionService:0.025
ParsedSimulateRequestParserTests:0.016666666666666666
IngestClientIT:0.007777777777777778
