BankService:0.6505555555555556
BankTests:0.19666666666666666
BankServiceImpl:0.08
Main:0.023333333333333334
