WindowedFrame:0.45013252
GUI:0.13640143
Canvas:0.028706215
WindowedFrameListener:0.023591153
