FullScreenFrame:0.5644959
GUI:0.14705522
WindowedFrameListener:0.095704004
Canvas:0.03784311
