EntityMetamodel:0.5155555555555555
PropertyFactory:0.48
PropertyAccessorFactory:0.22444444444444447
