Nerc:0.6466666666666666
SentenceSplitter:0.315
LoadAction:0.23666666666666666
