ReportMultDesc:0.7655555555555555
ReportSosa:0.5866666666666667
