Native:0.5766666666666667
Pointer:0.52
Function:0.4533333333333333
PerformanceTest:0.11
