StateStack:0.47633333333333333
ReferencesStack:0.4533333333333333
StateTracker:0.3433333333333333
