DriverConductor:0.44333333333333336
DriverListener:0.4410119047619048
ClientConductor:0.365
ImageMessageFlyweight:0.2886666666666667
EventCodec:0.2733333333333333
DriverListenerAdapter:0.21033333333333334
ClientConductorTest:0.21
ClientProxy:0.18333333333333332
