ReportSoundex:0.46
DoubleMetaphone:0.4
Nysiis:0.30666666666666664
Phonex:0.27666666666666667
Soundex:0.25
MetaPhone:0.045
