Context:0.51
TermBuffersFactory:0.4533333333333333
MappedTermBuffers:0.2
FileMappingConvention:0.13666666666666666
Configuration:0.10666666666666667
TermBuffersFactoryTest:0.07333333333333333
