InstanceContainer:0.4866666666666667
WebViewService:0.38
LaunchProperties:0.37333333333333335
WebViewerProperties:0.14
