AnnotationTableModel:0.5233333333333333
AnnotationListView:0.39666666666666667
TypeHandler:0.32166666666666666
