Compiler:0.6797222222222223
MEPImplicit:0.39499999999999996
