MapItemsUIHandler:0.5366666666666666
LayerUtils:0.3933333333333333
ServerCockpit:0.23
