Lib:0.7133333333333334
MyModule:0.26666666666666666
FunctionTest:0.26666666666666666
