Printer:0.8133333333333334
GCodeWriter:0.44333333333333336
Producer:0.33
CartesianGCode:0.30333333333333334
Reprap:0.2546666666666667
NullCartesianMachine:0.2
