FullStackDirectCallPolicy:0.39
RobolectricInternals:0.3433333333333333
OneShotDirectCallPolicy:0.3333333333333333
DirectCallPolicyTest:0.12333333333333334
