TowTabPanel:0.65
TabPanel:0.5258333333333334
VehicleWindow:0.18666666666666668
