ClientConnection:0.6566666666666666
ClientConnectionManagerImpl:0.32666666666666666
ClientInvocationServiceSupport:0.25
HeartBeat:0.23
ResponseThread:0.21722222222222223
CleanResourcesTask:0.13888888888888887
InitConnectionTask:0.056666666666666664
BlockingCallback:0.05333333333333334
AuthenticationCallback:0.03
