WebserviceBean:0.7433333333333333
SyncAction:0.6033333333333334
SyncFinding:0.5166666666666667
EntPhysicalSynchronizer:0.26666666666666666
BridgeDomainSyncProvider:0.23111111111111116
ReferenceSnmpSyncProvider:0.23
IPSynchronizer:0.23
WebserviceBeanImpl:0.21
IPAddressesSyncProvider:0.20666666666666667
CiscoVlansSinchronizer:0.20666666666666667
KuwaibaService:0.17333333333333334
SnmpCiscoVlansSyncProvider:0.08694444444444444
SnmpIPResourceDefinition:0.07333333333333333
SnmpMplsSyncProvider:0.05277777777777778
SnmpCpwVcTableMibResourceDefinition:0.03333333333333333
SnmpVlanTrunkPortsTableResourceDefinition:0.03333333333333333
ServiceViewsDashboardWidget:0.03333333333333333
SnmpCpwVcMplsInboundTableResourceDefinition:0.03222222222222222
CpwVcMplsSynchronizer:0.02666666666666667
SnmpVtpVlanTableResourceDefinition:0.017388888888888888
SnmpCpwVcMplsTeMappingTableMibResourceDefinition:0.017388888888888888
