InstrumentMethod:0.5891666666666666
Classes:0.44
Transformer:0.25666666666666665
