EftarFile:0.3433333333333333
Summarizer:0.27
Context:0.23
CommandLineOptions:0.22194444444444447
EftarFileReader:0.20972222222222223
HistoryContext:0.1436111111111111
DirectoryListing:0.11666666666666667
