SearchSourceBuilder:0.51
SearchRequestBuilder:0.5
SimpleQueryTests:0.36666666666666664
TestSearchContext:0.33
QueryPhase:0.32666666666666666
ContextIndexSearcher:0.29
MatchedQueriesTests:0.2633333333333333
DefaultSearchContext:0.25333333333333335
MatchedQueriesFetchSubPhase:0.25
SearchContext:0.24916666666666668
SimpleSortTests:0.24666666666666667
GeoFilterTests:0.24333333333333335
PercolateContext:0.24
GeoDistanceTests:0.19666666666666666
HighlighterSearchTests:0.19666666666666666
GeoShapeIntegrationTests:0.19666666666666666
SimpleFacetsTests:0.18333333333333332
CacheTests:0.18333333333333332
FilterBinaryParseElement:0.155
RefreshStressTest1:0.09333333333333334
