GeneratedElement:0.5616666666666666
JavaToIOSMethodTranslator:0.3488888888888889
JavaToIOSMethodTranslatorTest:0.23333333333333334
