Jedis:0.6533333333333333
Client:0.4066666666666667
ControlCommandsTest:0.11666666666666667
