FunctionInfo:0.5066666666666667
FunctionRegistry:0.38333333333333336
FunctionListBuilder:0.30666666666666664
CastCodeGenerator:0.11333333333333333
NullIfCodeGenerator:0.10333333333333333
FunctionCallCodeGenerator:0.09666666666666666
BootstrapFunctionBinder:0.05
