FlowExecutionImpl:0.5744444444444444
FlowExecutionImplFactory:0.3233333333333333
FlowSessionFlowLocator:0.23666666666666666
