LayerTreeEditor:0.57
MetaDatasForCSS:0.3566666666666667
JFXItemEventHandler:0.30333333333333334
ARINC661App:0.29333333333333333
MapHorzContainerRendererTest:0.29
FrameworkConfiguration:0.29
DefaultServerBinaryDFHandler:0.27666666666666667
SearchAction:0.25333333333333335
CSSMetaDataFactory:0.25
MapHorzPanelRenderer:0.24666666666666667
JFXCursor:0.21966666666666668
DefPolyLine:0.21576767676767672
JFXLegendRenderer:0.21333333333333335
PictureAnimatedRenderer:0.21333333333333335
StatefullAPIImpl:0.21333333333333335
JFXLayerTreeEditorCreate3Test:0.19
JFXLayerTreeEditorCreate1Test:0.17666666666666664
JFXLayerTreeEditorCreate2Test:0.17666666666666664
ARINC661AppTestPrefs:0.12
NodePropertiesHelper:0.11333333333333333
SymbolRef:0.0033333333333333335
