PullToRefreshActivity:0.6366666666666667
BasicFunctions:0.4766666666666667
MainList:0.23
