AstVisitor:0.44
AnalyzedStatementVisitor:0.32
InnerVisitor:0.30666666666666664
TransportBaseSQLAction:0.30666666666666664
DropSnapshot:0.27
AnalyzerDispatcher:0.18
TransportActionProvider:0.15
SnapshotAnalyzerTest:0.08
DDLStatementDispatcher:0.030833333333333334
