XMPPChatTransmitter:0.43333333333333335
JingleFileTransferManager:0.4266666666666667
SessionConnection:0.06
