AtomicArray:0.5666666666666667
Subscription:0.4266666666666667
AtomicArrayTest:0.3466666666666667
ToIntLimitedFunction:0.15694444444444444
