SelectStatementAnalyzerTest:0.5833333333333334
RelationAnalyzer:0.3333333333333333
GroupByAggregateTest:0.22
