ClassDefinition:0.6533333333333333
JoinProbeCompiler:0.23666666666666666
JoinCompiler:0.21
ExpressionCompiler:0.14666666666666667
OrderingCompiler:0.13
ByteCodeExpressionAssertions:0.13
