JobExecutorFacade:0.8133333333333334
SimpleJobExecutorFacade:0.5033333333333333
SimpleJobExecutorFacadeTests:0.34
SimpleJobLauncher:0.31
InterruptJobTests:0.18333333333333332
InterruptibleFacade:0.16861111111111113
TaskExecutorJobLauncherTests:0.16333333333333333
InterruptibleContainer:0.09194444444444444
