ReserveRover:0.5333333333333333
CollectResourcesMission:0.33
TravelToSettlement:0.31666666666666665
Exploration:0.18055555555555558
CollectIce:0.15333333333333332
