WebWindow:0.6866666666666666
Window:0.62
WindowTest:0.3333333333333333
HTMLElement:0.3
ThreadManager:0.25
JavaScriptBackgroundJob:0.14333333333333334
TopLevelWindow:0.12666666666666668
FrameWindow:0.09333333333333334
SimpleScriptableTest:0.07666666666666666
WebWindowImpl:0.07666666666666666
ThreadManagerTest:0.06
