SimulatorModel:0.6566666666666666
Icons:0.5466666666666666
ForestLayouter:0.3433333333333333
StateTab:0.33666666666666667
ExplorationDialogAction:0.27777777777777773
LTSDisplay:0.2733333333333333
StateList:0.23333333333333334
LTSTab:0.19333333333333333
LTSJGraph:0.19
RuleDisplay:0.15666666666666668
StateTreeNode:0.08944444444444444
RuleTreeNode:0.08083333333333333
LTSDisplayPanel:0.04
MatchTreeNode:0.03666666666666667
RangeTreeNode:0.03666666666666667
StateCellRenderer:0.03
