RoleData:0.77
RoleManagementSessionBean:0.36333333333333334
RoleManagementSessionBeanTest:0.14333333333333334
RoleDataTest:0.01
