KernelBoServiceLogicTestSuite:0.4533333333333333
KernelBoLogicProofFinderTestSuite:0.4533333333333333
ProofFinderTest:0.37
