ClipboardDlg:0.39
Clipboard:0.3333333333333333
GwtTeamingMessages:0.31666666666666665
ClipboardUsersRpcResponseData:0.2833333333333333
DlgBox:0.215
GwtRpcServiceImpl:0.2111111111111111
GwtServerHelper:0.19666666666666666
MainMenuControl:0.195
GetClipboardUsersCmd:0.10666666666666667
