FeatureLayer:0.8166666666666667
FeatureCanvas:0.22666666666666666
FeatureLayerEvent:0.2
FeatureLayerListener:0.09277777777777778
