AtmosphereResourceImpl:0.72
Meteor:0.44666666666666666
Utils:0.42
AsynchronousProcessor:0.25333333333333335
