List:0.30333333333333334
Quaternion:0.2866666666666667
ImageProcessor:0.28583333333333333
StreamUtils:0.2725
TexturePacker:0.25333333333333335
TextFieldClickListener:0.25
SharedLibraryLoader:0.24333333333333335
MaxRectsPacker:0.22666666666666666
Packer:0.2061111111111111
GdxSetup:0.2055
GridPacker:0.19666666666666666
Lwjgl3Application:0.18083333333333335
TexturePackerFileProcessor:0.11111111111111109
ProgressListener:0.08
