ImplementationSymbolVisitor:0.41
Context:0.39
SimpleCollector:0.26
TestExpression:0.21014285714285716
LocalDataCollectorTest:0.18666666666666668
TestFunction:0.16305555555555556
