RedisCommands:0.7266666666666667
RedissonList:0.35333333333333333
RedissonListReactive:0.27
RedissonLexSortedSet:0.23333333333333334
RedissonSetCache:0.22666666666666666
RedissonLexSortedSetReactive:0.20666666666666667
RedissonSetReactive:0.19333333333333333
