NetSocketImpl:0.5333333333333333
NetTest:0.47
NetServerImpl:0.38333333333333336
