ElasticsearchIntegrationTest:0.4633333333333333
SyncedFlushService:0.35
IndicesAdminClient:0.27166666666666667
ActionModule:0.24
RestActionModule:0.23666666666666666
IndicesAdmin:0.18666666666666668
FlushTest:0.04
