Partner:0.6166666666666667
FreelancerController:0.41333333333333333
PersistenceServiceImpl:0.17
Profile:0.16333333333333333
FormController:0.15833333333333333
PersistenceService:0.15833333333333333
SearchResultController:0.11333333333333333
TextAreaNodeHandler:0.1
NavigatableController:0.09
