AbstractDataSpaceEditorDesigner:0.3566666666666667
DEditor:0.34
DataSpaceEditorManager:0.3233333333333333
ISpherePlugin:0.26
IDialogEditor:0.24666666666666667
TreeViewerSelectionChangedListener:0.22666666666666666
DEditorDialog:0.22333333333333333
ChangeDataSpaceEditorPropertiesListener:0.125
RenameDataSpaceEditorListener:0.125
DEditorRenameDialog:0.12333333333333334
Messages:0.11666666666666667
PopupTreeViewer:0.06666666666666667
