Async:0.38880952380952377
AsyncTest:0.38
FixedExpiry:0.25333333333333335
ConsumingRemovalListener:0.1853015873015873
RejectingRemovalListener:0.18174603174603174
RemovalListeners:0.13333333333333333
