ILayoutRowBeginElement:0.5553452380952381
XavaPreferences:0.41333333333333333
DefaultLayoutParser:0.36333333333333334
DefaultLayoutRowBeginElement:0.23666666666666666
DefaultLayoutPainter:0.21333333333333335
DefaultLayoutCollectionBeginElement:0.18
DefaultLayoutColumnBeginElement:0.14333333333333334
DefaultLayoutCollectionEndElement:0.14333333333333334
