FormTagBase:0.52
ComposedQuery:0.36
BasicValueTag:0.2866666666666667
InputTag:0.26666666666666666
