AggregationTestUtils:0.5533333333333333
TestMapOperators:0.37666666666666665
TestRegrInterceptAggregation:0.24666666666666667
TestCovarianceSampAggregation:0.21666666666666667
