InternalPartitionServiceImpl:0.56
Invocation:0.4
OperationRunnerImpl:0.29
LocalPartitionListener:0.24277777777777776
MigrateTask:0.22
SendClusterStateTask:0.1841666666666667
RepartitioningTask:0.15
SyncReplicaVersionTask:0.1411111111111111
