TestXSchema:0.5766666666666667
TestAnnotationDiff:0.5726666666666667
