Messages:0.4527936507936508
MessageDescriptionViewer:0.27
MessageFileEditor:0.23
AbstractViewMessageDescriptionPreview:0.18333333333333332
SWTResourceManager:0.15
TableViewerSelectionAdapter:0.10444444444444444
AbstractMessageFormatter:0.08666666666666667
