CacheProxyUtil:0.65
CacheProxy:0.5166666666666667
HazelcastAbstractCachingProvider:0.35333333333333333
HazelcastCacheManager:0.23
HazelcastClientCachingProvider:0.21666666666666667
HazelcastCachingProvider:0.19666666666666666
GroupProperties:0.19026984126984126
HazelcastClientCacheManager:0.16
HazelcastServerCacheManager:0.08666666666666667
