GAuth:0.8766666666666667
GoogleAuthenticatorAuthenticationEventExecutionPlanConfiguration:0.43666666666666665
