BasicSemanticChecks:0.4666666666666667
SymbolCollector:0.3333333333333333
RuleCollector:0.25333333333333335
