ExpectedExceptionSupport:0.46
ExternalResourceSupport:0.4166666666666667
TestRuleAnnotatedMemberFactory:0.31333333333333335
VerifierSupport:0.16333333333333333
