ComparisonValidationRule:0.7083333333333334
BasicValidationRule:0.35333333333333333
NumberRangeValidationRule:0.3516666666666667
RegExpValidationRule:0.3516666666666667
StringLengthValidationRule:0.305
