ClientConductor:0.6133333333333333
Aeron:0.4633333333333333
ClientProxy:0.2633333333333333
ClientConductorTest:0.205
ControlProtocolEvents:0.011111111111111112
