SequenceBean:0.6866666666666666
BeanFactory:0.4088888888888889
SequenceToTwoGenesConstraintException:0.2783333333333333
SequenceBeanTest:0.17333333333333334
SequenceBeanFactory:0.15666666666666668
