TypeGraph:0.73
TestPatternShapeGenerator:0.3433333333333333
TestMaterialisation:0.29
TestPatternGraphGenerator:0.27666666666666667
TestPatternShape:0.13666666666666666
TestPatternEquiv:0.13666666666666666
