RubyTokenScanner:0.5566666666666666
RubySourceViewerConfiguration:0.52
RubyPartitionScanner:0.40444444444444444
