Builder:0.5033333333333333
InstrumentedTypeDefaultTest:0.44333333333333336
TypeDescriptionForLoadedTypeTest:0.22666666666666666
TypeDescriptionArrayProjectionTest:0.22666666666666666
TypeDescriptionGenericBuilderTest:0.21833333333333332
OfNonGenericType:0.18333333333333332
ExceptionType:0.17
OfGenericArrayType:0.12333333333333334
OfParameterizedType:0.11666666666666667
OfTypeVariable:0.05
PackagePrivateType:0.0
InterfaceType:0.0
