SVGGraphicEditor:0.45166666666666666
CwbProcess:0.3566666666666667
ObjectExplorer:0.35333333333333333
Repartition:0.27666666666666667
LanguageSwitchHandler:0.19244444444444445
ExportSVG:0.07333333333333333
