AnnotationsHelper:0.5433333333333333
ModelResolver:0.47
ParameterProcessor:0.15666666666666668
ParameterProcessorTest:0.11333333333333333
