GrantedAuthoritiesContainer:0.49
PreAuthenticatedGrantedAuthoritiesWebAuthenticationDetails:0.4766666666666667
JdbcDaoImpl:0.27416666666666667
J2eeBasedPreAuthenticatedWebAuthenticationDetailsSource:0.24333333333333335
PasswordComparisonAuthenticator:0.23826767676767677
J2eeBasedPreAuthenticatedWebAuthenticationDetailsSourceTests:0.22333333333333333
FilterBasedLdapUserSearch:0.19666666666666666
PreAuthenticatedGrantedAuthoritiesUserDetailsService:0.1855952380952381
PreAuthenticatedGrantedAuthoritiesWebAuthenticationDetailsTests:0.17
XmlMappableAttributesRetriever:0.16333333333333333
UserMap:0.14333333333333334
PreAuthenticatedGrantedAuthoritiesUserDetailsServiceTests:0.09666666666666666
WebAuthenticationDetailsSource:0.07
AuthenticationDetailsSource:0.05333333333333334
MutableGrantedAuthoritiesContainer:0.045
