CesecoreConfiguration:0.8366666666666667
StartServicesServlet:0.26666666666666666
InternalSecurityEventsLoggerSessionBean:0.21
