Level0Mapper:0.3586111111111111
TypeParameterResolverTest:0.29333333333333333
BaseMapper:0.28800000000000003
TypeParameterResolver:0.27666666666666667
Person:0.27
MapperTypeParameterTest:0.15666666666666668
WildcardTypeImpl:0.05
StatementProvider:0.04111111111111111
ParameterizedTypeImpl:0.02666666666666667
