UploadTab:0.3283333333333333
SecurityTab:0.3283333333333333
StatisticsTab:0.295
