HTMLDocumentTest:0.41
XMLSerializerTest:0.30333333333333334
HTMLImageElementTest:0.3
SimpleWebDriverTest:0.25666666666666665
ComputedCSSStyleDeclarationTest:0.24666666666666667
CSSStyleDeclarationTest:0.24
HtmlPasswordInputTest:0.23666666666666666
HtmlRadioButtonInput2Test:0.22333333333333333
HTMLElement2Test:0.21333333333333335
HtmlCheckBoxInput2Test:0.21333333333333335
HTMLInputElementTest:0.19666666666666666
KeyboardEventTest:0.19
HTMLOptionElement2Test:0.13666666666666666
