HttpServletContextMap:0.3466666666666667
HttpServletContextMapTests:0.33
HttpSessionMap:0.24666666666666667
PortletSessionMap:0.24666666666666667
AbstractStringKeyedAttributeMap:0.23333333333333334
HttpRequestMap:0.23
PortletRequestMap:0.23
PortletContextMap:0.23
HttpRequestParameterMap:0.22333333333333333
PortletRequestParameterMap:0.21
ServletExternalContext:0.17666666666666667
PortletExternalContext:0.17666666666666667
EmptyEnumeration:0.06433333333333334
