JavaGenerator:0.6133333333333333
MessageType:0.37333333333333335
CodegenSample:0.3566666666666667
Pruner:0.22666666666666666
WireCompiler:0.22111111111111115
PrunerTest:0.20666666666666667
WireCompilerTest:0.20666666666666667
WireGenerateSourcesMojo:0.14666666666666667
