BloggerAPIHandler:0.6733333333333333
MetaWeblogAPIHandler:0.5933333333333334
