Label0Lexer:0.38
Label0Parser:0.36
Label0Checker:0.2733333333333333
DFA1:0.2175
DFA7:0.20666666666666667
DFA4:0.20666666666666667
DFA2:0.20666666666666667
sequence_return:0.18844444444444444
dqText_return:0.18844444444444444
ruleLabel_return:0.18844444444444444
graphDefault_return:0.18844444444444444
simpleRuleLabel_return:0.18844444444444444
sqText_return:0.18844444444444444
choice_return:0.18844444444444444
wildcard_return:0.18844444444444444
atomLabel_return:0.18844444444444444
unary_return:0.18844444444444444
graphLabel_return:0.18844444444444444
ruleDefault_return:0.18844444444444444
DFA5:0.18
DFA14:0.17666666666666667
tokenseq_return:0.16666666666666666
quantPrefix_return:0.15833333333333333
quantLabel_return:0.15833333333333333
atom_return:0.15833333333333333
label_return:0.15833333333333333
roleLabel_return:0.15833333333333333
specialLabel_return:0.15833333333333333
actualLabel_return:0.15833333333333333
regExpr_return:0.15833333333333333
rnumber_return:0.15833333333333333
text_return:0.15833333333333333
rolePrefix_return:0.15833333333333333
sqChar_return:0.021555555555555557
dqContent_return:0.021555555555555557
sqContent_return:0.021555555555555557
dqTextChar_return:0.021555555555555557
