Node:0.5733333333333334
Content:0.435
Group:0.29333333333333333
Role:0.27
TaxGroup:0.25666666666666665
User:0.25333333333333335
Filter:0.25
AbstractExtendedAddress:0.24666666666666667
Option:0.24333333333333335
Permission:0.23555555555555552
View:0.22333333333333333
CommandMatcher:0.22
Variant:0.22
VirtualFile:0.21
AbstractImageGroup:0.20333333333333334
Attachment:0.19777777777777777
SitemapSectionTag:0.15666666666666668
MySQL5InnoDBDialectUTF8:0.09333333333333334
AbstractBasicEntity:0.05333333333333334
AbstractNamedEntity:0.0
AbstractNamableEntity:0.0
