ServerTask:0.49
ServerTaskBundleClient:0.2733333333333333
JobSLA:0.21947222222222224
RemoteNodeIO:0.21666666666666667
JPPFJobSLA:0.20333333333333334
AbstractNodeIO:0.16
ServerJob:0.14666666666666667
AbstractTask:0.11666666666666667
TestJPPFTask:0.09333333333333334
ResubmittingTask:0.016666666666666666
