SessionChooserDialog:0.5733333333333334
ScriptsNewStepDialog:0.43666666666666665
