BooleanGrid:0.4322222222222223
iPoint:0.3566666666666667
LayerProducer:0.34
iPolygon:0.3333333333333333
DDA:0.11333333333333333
