ApplicationEntityManager:0.83
ApplicationEntityManagerImpl:0.5
MetadataEntityManager:0.4977777777777777
MetadataEntityManagerImpl:0.3566666666666667
ToolsBean:0.23666666666666666
