Action:0.49666666666666665
TransportShardBulkAction:0.3433333333333333
TransportIndexAction:0.30333333333333334
TransportShardReplicationOperationAction:0.25333333333333335
TransportDeleteAction:0.15666666666666668
WriteResult:0.15444444444444444
RetryOnPrimaryException:0.0875
RareClusterStateTests:0.06333333333333334
