ServerUtilities:0.6383333333333333
ServerPrintVisitor:0.43888888888888894
