RobolectricConfig:0.6394444444444445
ViewGroupTest:0.4866666666666667
ResourceLoaderTest:0.2866666666666667
