MailAddress:0.58
Email:0.4866666666666667
MailAddressTest:0.21333333333333335
