GwtTeamingMessages:0.4680555555555556
AdminModule:0.4172222222222222
ManageDatabasePruneDlg:0.2966666666666667
GwtServerHelper:0.23333333333333334
TemplateBinder:0.21
ZoneConfig:0.18333333333333332
GwtDatabasePruneConfiguration:0.15333333333333332
RepositorySessionFactoryUtil:0.13333333333333333
AbstractAdminModule:0.11333333333333333
ConfigureConfigurationController:0.10333333333333333
WebKeys:0.04
