ErrorManager:0.53
Antlr4ErrorLog:0.31333333333333335
Antlr4Mojo:0.27
ANTLRMessage:0.26666666666666666
CustomTool:0.24666666666666667
