AbstractTestQueries:0.5566666666666666
HashBuilderOperator:0.34800000000000003
SimpleJoinProbe:0.22666666666666666
HashBuilderOperatorFactory:0.21333333333333335
SimplePagesHashStrategy:0.21333333333333335
