NodeExtension:0.7933333333333333
MembershipManager:0.37
SamplingNodeExtension:0.25666666666666665
DefaultNodeExtension:0.2
