AndroidManifest:0.7766666666666666
RobolectricTestRunner:0.37333333333333335
AndroidManifestTest:0.3433333333333333
DefaultTestLifecycleTest:0.19
ParallelUniverseTest:0.18666666666666668
LibraryHandlingTest:0.06666666666666667
