Seq:0.44
List:0.32666666666666666
Stream:0.32666666666666666
Queue:0.32666666666666666
QueueTest:0.15333333333333332
AbstractSeqTest:0.15
