Files:0.7566666666666667
Resources:0.35
Uploading:0.19
AsString:0.11666666666666667
AsChar:0.11666666666666667
