HazelcastTicketRegistry:0.27666666666666667
JpaTicketRegistry:0.27666666666666667
OAuthProtocolTicketMetadataRegistrationConfiguration:0.2633333333333333
HazelcastTicketRegistryMapsConfiguration:0.17333333333333334
JpaTicketRegistryTicketMetadataConfiguration:0.1
TicketMetadataProperties:0.0
