FrequencySketch:0.3883333333333333
BoundedLocalCache:0.37666666666666665
AsMapTest:0.26666666666666666
EntryIterator:0.21666666666666667
FrequencySketchTest:0.19
KeyIterator:0.16666666666666666
KeySetView:0.13
ValuesView:0.13
EntrySetView:0.08666666666666667
RandomSeedEnforcer:0.05333333333333334
ValueIterator:0.029166666666666667
