DataTransferManager:0.6033333333333334
InvitationProcess:0.34
OutgoingInvitationProcess:0.3333333333333333
IncomingInvitationProcess:0.24333333333333335
IInvitationProcess:0.23166666666666666
RosterView:0.19666666666666666
EnterProjectNamePage:0.19583333333333333
ViewLabelProvider:0.18
IFileTransferCallback:0.16
ConsistencyWatchdogHandler:0.08333333333333333
AbstractFileTransferCallback:0.06444444444444446
