BaseNeuralNetwork:0.5266666666666666
AdaGrad:0.31916666666666665
RBMMnistExample:0.21
RBMTest:0.19
DenoisingAutoEncoderMnistExample:0.18
