SimpleTableCellRenderer:0.62
CompleteRenderer:0.29333333333333333
DoneComponent:0.29333333333333333
SummaryRenderer:0.15333333333333332
DateTimeRenderer:0.09
