RenderingManager:0.6033333333333334
RendererFactory:0.5374603174603174
JUMPConfiguration:0.46
LayerRendererFactory:0.12666666666666668
WmsLayerRendererFactory:0.05722222222222222
