MappingUpdatedAction:0.6266666666666667
RecoverySource:0.2866666666666667
