EmbedClient:0.57
ARINCStarter:0.3133888888888889
EmbedClientConfigTest:0.25
ServerStarter:0.14182539682539683
EmbedClientRuntimeTest:0.11666666666666667
