TeamingPopupPanel:0.49666666666666665
MainMenuControl:0.3933333333333333
GwtClientHelper:0.33666666666666667
GwtMainPage:0.3333333333333333
