XMLLogHelper:0.8033333333333333
XMLLogHelperTest:0.5533333333333333
