LuceneInvertedIndex:0.5666666666666667
ParagraphVectors:0.38333333333333336
LabelAwareUimaSentenceIterator:0.25
BaseTextVectorizer:0.24
Word2Vec:0.23
ParagraphVectorsTest:0.17
