U_AUTHOR_TYPE:0.49333333333333335
Routines:0.43111111111111106
LIBRARY:0.4266666666666667
