CheckConsentRequiredAction:0.6633333333333333
CasConsentWebflowConfiguration:0.3233333333333333
CasConsentCoreConfiguration:0.06666666666666667
