TypeConfiguration:0.36666666666666664
SessionFactoryOptionsBuilder:0.36
Scope:0.27666666666666667
AnyType:0.22666666666666666
TypeFactorySerializationTest:0.22666666666666666
TypeFactory:0.20666666666666667
EntityType:0.19805555555555557
TypeScope:0.1162777777777778
