Request:0.8366666666666667
RequestBuilderBase:0.4633333333333333
DefaultRequest:0.38333333333333336
TimeoutsHolder:0.2633333333333333
