ServerApplications:0.4666666666666667
ConcreteLayer:0.43666666666666665
ServerWindow:0.4066666666666667
Connector:0.36333333333333334
ServerCockpit:0.3566666666666667
LayerSet:0.35
AbstractLayer:0.26916666666666667
ServerMessageProcessor:0.25
CockpitConfigurationHandler:0.24666666666666667
ServerCockpitMultiAppli2_Test:0.22666666666666666
UAManagerHelper:0.22333333333333333
EditorLayer:0.22333333333333333
CockpitConfigurationHandlerTest:0.22333333333333333
APIScriptContext:0.22166666666666668
ServerDevices:0.20333333333333334
UAScriptManager:0.20333333333333334
EventProcessor:0.19666666666666666
MultiAppliGenerator:0.19
DefaultConnectorRenderer:0.18333333333333332
LegendRenderer:0.16666666666666666
ConnectorXMLDFHandler:0.16333333333333333
AbstractCockpitConfigurationHandler:0.15333333333333332
CockpitConfigurationHandlerKOTest:0.08555555555555554
ServerCockpitMultiAppli3_Test:0.08333333333333333
ServerCockpitMultiAppli4_Test:0.08333333333333333
