XmlContext:0.5533333333333333
TypedResource:0.49666666666666665
QualifiersTest:0.31666666666666665
ResMap:0.2833333333333333
ResourceTestUtil:0.18
