PutBackupOperation:0.3333333333333333
MapContainer:0.29800000000000004
RemoveBackupOperation:0.25
UnlockOperation:0.24333333333333335
MapRecordStateOperation:0.23333333333333334
BaseRemoveOperation:0.21666666666666667
EvictOperation:0.21666666666666667
BasePutOperation:0.2
ReplaceOperation:0.19833333333333333
LockAwareOperation:0.19666666666666666
DataSerializerMapHook:0.19133333333333333
TryRemoveOperation:0.185
TryLockOperation:0.17333333333333334
GetMapEntryOperation:0.15
GetOperation:0.14666666666666664
LockBackupOperation:0.12333333333333334
UnlockBackupOperation:0.12333333333333334
