Preferences:0.6533333333333333
Producer:0.6266666666666667
