MJIEnv:0.8433333333333334
JPF_java_lang_Class:0.3433333333333333
