ConnectorServlet:0.6477777777777778
ConnectorServletHelper:0.4266666666666667
VarTagSupportServlet:0.19
FtlTagSupportServlet:0.15666666666666668
