ParameterAction:0.6089603174603175
DefaultActionMapperTest:0.5233333333333333
DefaultActionMapper:0.4166666666666667
StrutsConstants:0.02
