CSSStyleSheetTest:0.38333333333333336
CSSRuleList:0.34
CSSStyleSheet:0.19666666666666666
CSSKeyframesRule:0.17666666666666667
CSSRule:0.17
CSSRuleListTest:0.09333333333333334
CSSKeyframesRuleTest:0.06
