XContentGenerator:0.6133333333333333
QueryVisitorTest:0.39666666666666667
TransportSQLActionTest:0.37666666666666665
