ResourcesManager:0.5533333333333333
ClassLoaderUtil:0.43666666666666665
LoginHelper:0.23333333333333334
WFEConnection:0.22666666666666666
TasksChecker:0.13333333333333333
KerberosAuthenticator:0.12666666666666668
SSPIKerberosAuthenticator:0.12666666666666668
UserInputAuthenticator:0.11333333333333333
PropertyResources:0.10666666666666667
