TypeGraph:0.33666666666666667
AbstractPatternNode:0.24666666666666667
PatternPreviewDialog:0.24666666666666667
AbstractPatternEdge:0.24333333333333335
AbstractPatternGraph:0.20333333333333334
PatternShape:0.20333333333333334
PatternJGraph:0.17
PatternJVertex:0.14333333333333334
PatternJEdge:0.12333333333333334
SimpleMorphism:0.10904761904761905
PatternNode:0.07682539682539682
TypeNode:0.07682539682539682
PatternJModel:0.05
