SearchResultsDataModel:0.6866666666666666
SearchTreeCellRenderer:0.29255555555555557
