JpaIntegrator:0.3016666666666667
StandardServiceInitiators:0.20666666666666667
NonConversationalPersistenceContextExtendedTest:0.09666666666666666
ManualFlushConversationalPersistenceContextExtendedTest:0.09666666666666666
ConversationalPersistenceContextExtendedTest:0.09666666666666666
ExtendedBeanManager:0.08
