BaseMultiLayerNetwork:0.7233333333333334
HazelCastStateTracker:0.4066666666666667
StateTracker:0.37916666666666665
WorkerActor:0.2966666666666667
ActorNetworkRunner:0.2633333333333333
MasterActor:0.21
GradientChangerExample:0.09333333333333334
