KuwaibaWebservice:0.5033333333333333
BackendBeanRemote:0.31
UserSession:0.19583333333333333
BackendBean:0.18333333333333332
RemoteSession:0.05
NotAuthorizedException:0.008981481481481483
