NameTable:0.44333333333333336
PackageDeclaration:0.38333333333333336
ObjectiveCImplementationGeneratorTest:0.31666666666666665
GenerationTest:0.31666666666666665
ObjectiveCImplementationGenerator:0.27166666666666667
