Context:0.5366666666666666
ViewManager:0.3688888888888889
Content:0.22
