GwtTeamingMessages:0.37888888888888883
AddFilesHtml5Popup:0.31
GwtServerHelper:0.21288888888888888
GwtViewHelper:0.20666666666666667
GwtRpcServiceImpl:0.20111111111111113
AbortFileUploadCmd:0.12
SpinnerPopup:0.10333333333333333
