CacheProxy:0.5633333333333334
JCacheStatisticsMXBean:0.25666666666666665
CacheManagerImpl:0.21
JCacheRemovalListener:0.1988888888888889
LoadingCacheProxy:0.17666666666666667
JCacheLoaderAdapter:0.16333333333333333
