CudaGradientsAccumulator:0.6627777777777778
SilentTrainingDriver:0.6066666666666667
