CDKResourceAdapter:0.63
ScaleFactorContentProvider:0.36
ScaleFactorLabelProvider:0.23666666666666666
ChooseScaleMethodWizardPage:0.12333333333333334
AutoScaleFactorWizardPage:0.056666666666666664
ManualScaleFactorWizardPage:0.02666666666666667
