DicomMediaIO:0.6144444444444445
MediaReader:0.43213888888888885
ImageElementIO:0.43111111111111117
