CAAdminSessionBean:0.4266666666666667
ApprovalUtils:0.4
EndEntityManagementSessionBean:0.35333333333333333
RevocationApprovalTest:0.2833333333333333
KeyRecoveryApprovalRequest:0.28
KeyRecoverySessionBean:0.20666666666666667
KeyRecoveryNewestCommand:0.19
KeyRecoveryCommand:0.19
