BulkRequestHandler:0.4866666666666667
Retry:0.4633333333333333
BulkProcessor:0.3333333333333333
