OCSPCAService:0.43166666666666664
LocalLogSessionBean:0.39
SoftCAToken:0.3616666666666667
