ExtendedLayerRenderer:0.7516111111111111
ClickListener:0.4486111111111111
