LockStore:0.5633333333333334
LockResourceImpl:0.42333333333333334
LockStoreImpl:0.3433333333333333
RecordStore:0.3156111111111111
MapTransactionTest:0.29
TxnUnlockBackupOperation:0.22
LockStoreProxy:0.20666666666666667
DefaultRecordStore:0.06666666666666667
