WxMpUser:0.3566666666666667
WxCpInMemoryConfigStorage:0.3233333333333333
WxMpServiceImpl:0.27666666666666667
WxCpServiceImpl:0.27
WxMpInMemoryConfigStorage:0.24666666666666667
WxCpMessageRouter:0.241
WxMpMessageRouter:0.241
WxCpConfigStorage:0.2
WxCpService:0.19416666666666665
WxUserListGsonAdapter:0.14333333333333334
