LookupTable:0.7075
ShortLookupTable:0.2833333333333333
ByteLookupTable:0.2833333333333333
