ServerHeartbeatFailedEvent:0.4533333333333333
ServerHeartbeatSucceededEvent:0.4533333333333333
CommandFailedEvent:0.27
CommandSucceededEvent:0.27
