DataSink:0.4766666666666667
SsfsUtil:0.4166666666666667
FileOpen:0.28
BrowserSniffer:0.23333333333333334
IfSupportsEditInPlaceTag:0.15
