DenoisingAutoEncoder:0.46166666666666667
RBM:0.46166666666666667
CRBM:0.35333333333333333
