NetTest:0.465
Http1xTest:0.32
TCPSSLOptions:0.29333333333333333
SSLHelper:0.2866666666666667
SSLHelperTest:0.07666666666666666
