LocalObjectListItem:0.7333333333333333
ListTypeFilter:0.3566666666666667
CommunicationsStub:0.31666666666666665
LocalObjectListItemImpl:0.27666666666666667
SimpleCriteriaNodeWidget:0.23611111111111113
QueryEditorScene:0.23333333333333334
QueryBuilderTopComponent:0.22583333333333333
GraphicalQueryBuilderService:0.22583333333333333
ObjectFactory:0.07
ObjectActionFactory:0.03333333333333333
