MultiTaskActivity:0.41333333333333333
DownloadNumDialog:0.41333333333333333
MainActivity:0.37666666666666665
BaseDialog:0.10666666666666667
