Descriptor:0.57
DescriptorProvider:0.31333333333333335
BaseEPObjectPropertySource:0.16666666666666666
DescriptorPropertySource:0.11
DescriptorProviderPropertySource:0.09333333333333334
DescriptorCategory:0.04666666666666667
DescriptorCategoryPropertySource:0.03666666666666667
