TypeUtils:0.5366666666666666
MethodInfo:0.3933333333333333
ClassInfo:0.3566666666666667
Enhancer:0.3233333333333333
ReflectUtils:0.2966666666666667
EnhancerTransformer:0.19111111111111112
