ManagedServiceFactoryFactoryBean:0.33666666666666667
ConfigurationWatcher:0.3233333333333333
DefaultManagedServiceBeanManagerTest:0.28
DefaultManagedServiceBeanManager:0.24666666666666667
CMUtils:0.24333333333333335
BeanManagedUpdate:0.09666666666666666
ManagedServiceFactoryDefinitionParser:0.09333333333333334
UpdateCallback:0.0867222222222222
ManagedServiceFactoryTest:0.07333333333333333
UpdateStrategyAttributeCallback:0.056666666666666664
ContainerManagedUpdate:0.043333333333333335
