MethodArgumentResolver:0.45
MethodTestExecutionNode:0.35333333333333333
TestNameArgumentResolver:0.20666666666666667
SimpleAnnotationBasedMethodArgumentResolver:0.15666666666666668
PrimitiveMethodArgumentResolverRegistry:0.10666666666666667
SimpleTypeBasedMethodArgumentResolver:0.10666666666666667
