Index:0.5466666666666666
DatabaseAcceptanceTest:0.28
DatabaseAdminImpl:0.27666666666666667
DatabaseAdmin:0.21666666666666667
Create:0.19333333333333333
CollectionAdminImpl:0.13
