TestAnalyzer:0.6795555555555556
TupleAnalyzer:0.6488888888888888
