RawBsonDocument:0.7466666666666667
BasicOutputBuffer:0.5066666666666667
SerializationProxy:0.25
RawBsonDocumentCodec:0.11
