AbstractClientInternalCacheProxy:0.5833333333333334
ConfiguredBehaviourTest:0.32666666666666666
ProxyManagerTest:0.32
