BaseCoreFunctionalTestCase:0.64
ASTParserLoadingOrderByTest:0.3233333333333333
CustomRunner:0.2833333333333333
