RequestStream:0.4866666666666667
Support:0.47
ParamInfo:0.33666666666666667
ClobWriter:0.19
BlobOutputStream:0.19
