Management:0.7968253968253968
FedoraAPIMBindingSOAPHTTPImpl:0.4166666666666667
DefaultManagement:0.4066666666666667
