FunctionIdent:0.4866666666666667
FunctionInfo:0.42
ReferenceInfo:0.37666666666666665
Value:0.2833333333333333
SymbolVisitor:0.21333333333333335
