ViewSelection:0.6433333333333333
Conversation:0.45
ExternalRedirect:0.35
ApplicationViewSelection:0.33
FormObjectAccessor:0.3233333333333333
ConversationRedirect:0.2866666666666667
FlowRedirect:0.26666666666666666
SimpleViewSelector:0.2633333333333333
ClientContinuationFlowExecutionRepository:0.25
FormActionTests:0.23666666666666666
ResponseInstruction:0.23
TextToViewSelectorTests:0.22666666666666666
FlowPhaseListener:0.21666666666666667
StateTests:0.215
ContinuationFlowExecutionRepository:0.21333333333333335
FlowExecutorImpl:0.2
FlowController:0.19666666666666666
FlowExecutorParameterExtractor:0.19666666666666666
AbstractFlowExecutionTests:0.18666666666666668
FlowAction:0.18333333333333332
FlowTests:0.18333333333333332
FlowExecutionEntry:0.18
TextToViewSelector:0.17666666666666667
FlowRequestHandler:0.17333333333333334
FlowNavigationHandler:0.15
FlowExecutionTests:0.15
SimpleFlow:0.13666666666666666
SimpleFlowExecutionRepository:0.12333333333333334
PortletFlowController:0.11
FormActionBindingTests:0.08333333333333333
ExternalRedirectSelector:0.03666666666666667
NullViewSelection:0.0
