SURT:0.54
UURI:0.40555555555555556
SURTTest:0.25666666666666665
