TxmDialog:0.59
AuthenticationServiceImpl:0.3
NavigationToolStrip:0.23666666666666666
SubscribeForm:0.18333333333333332
ManageUserTab:0.16333333333333333
ProfileForm:0.16
TextTable:0.15333333333333332
Selector:0.13
