HTMLTagBalancer:0.43333333333333335
Info:0.4066666666666667
