QedeqBo:0.632
KernelQedeqBo:0.6203333333333333
StateManager:0.45
DefaultKernelQedeqBo:0.3466666666666667
WellFormedCheckerExecutor:0.23583333333333334
