JedisCluster:0.7366666666666667
JedisClusterInfoCache:0.41
BinaryJedisCluster:0.37333333333333335
JedisClusterTest:0.2633333333333333
JedisClusterConnectionHandler:0.18333333333333332
JedisSlotBasedConnectionHandler:0.11944444444444442
