GL11:0.5166666666666667
BufferChecks:0.51
Utils:0.42
GL20:0.3433333333333333
GL13:0.3388888888888889
GLContext:0.33
GL12:0.3288888888888889
GL15:0.3155555555555556
GL14:0.3088888888888889
ContextCapabilities:0.29
ARBMultitexture:0.2627777777777778
ATIVertexStreams:0.2627777777777778
ARBTextureCompression:0.26166666666666666
ARBImaging:0.24666666666666667
EXTPalettedTexture:0.245
ARBShaderObjects:0.23833333333333334
ATIFragmentShader:0.23166666666666666
NVVertexProgram:0.23166666666666666
ContextCapabilitiesGenerator:0.23
JavaMethodsGenerator:0.22
EXTFramebufferObject:0.21833333333333332
NVHalfFloat:0.215
EXTVertexShader:0.21333333333333335
NVEvaluators:0.205
GeneratorVisitor:0.20333333333333334
ARBWindowPos:0.20277777777777775
ATIEnvmapBumpmap:0.20166666666666666
ARBMatrixPalette:0.20166666666666666
ARBOcclusionQuery:0.20166666666666666
NVProgram:0.20166666666666666
NVVertexArrayRange:0.20166666666666666
NVOcclusionQuery:0.20166666666666666
NVRegisterCombiners:0.19833333333333333
ARBVertexBlend:0.19833333333333333
ARBProgram:0.19833333333333333
ARBBufferObject:0.195
ARBVertexProgram:0.19166666666666668
EXTSecondaryColor:0.19166666666666668
ATIVertexArrayObject:0.19166666666666668
NVFence:0.185
ATIElementArray:0.17833333333333334
EXTDrawRangeElements:0.17833333333333334
ARBVertexShader:0.17166666666666666
NVFragmentProgram:0.165
ARBTransposeMatrix:0.165
NVRegisterCombiners2:0.165
NativeMethodStubsGenerator:0.16333333333333333
TypedefsGenerator:0.16
ATIDrawBuffers:0.13666666666666666
ARBDrawBuffers:0.13666666666666666
EXTMultiDrawArrays:0.13666666666666666
ATIVertexAttribArrayObject:0.13166666666666665
EXTFogCoord:0.12833333333333333
EXTVertexWeighting:0.12833333333333333
ContextGeneratorProcessorFactory:0.11333333333333333
NVPixelDataRange:0.10833333333333334
ARBPointParameters:0.095
NVPointSprite:0.095
ATIMapObjectBuffer:0.095
EXTPointParameters:0.095
RegisterStubsGenerator:0.09
GeneratorProcessor:0.07666666666666666
EXTCompiledVertexArray:0.0761111111111111
NVPrimitiveRestart:0.0761111111111111
ATISeparateStencil:0.0761111111111111
ATIPnTriangles:0.0761111111111111
EXTStencilTwoSide:0.03916666666666667
ARBMultisample:0.03916666666666667
EXTDepthBoundsTest:0.03916666666666667
ARBColorBufferFloat:0.03916666666666667
EXTBlendEquationSeparate:0.03916666666666667
EXTBlendFuncSeparate:0.03916666666666667
