Maintenance:0.4
EVAOperation:0.2833333333333333
DriveGroundVehicle:0.28
MaintainGroundVehicleEVA:0.22666666666666666
RepairMalfunction:0.22333333333333333
RepairEmergencyMalfunction:0.20666666666666667
MedicalAssistance:0.205
StudyRockSamples:0.17833333333333334
TendGreenhouse:0.17833333333333334
MaintainGroundVehicleGarage:0.16333333333333333
RepairEVAMalfunction:0.15
CollectResources:0.13666666666666666
