Window:0.6122222222222222
DefaultCredentialsProvider:0.3383333333333333
DefaultCredentialsProviderTest:0.05
