WCCNMRShiftDBJudge:0.7416666666666667
WCCHOSECodeJudge:0.6576666666666667
