Swagger:0.74
Tag:0.43333333333333335
PojosTest:0.3
License:0.23666666666666666
