DefaultExecutionTracker:0.6216666666666667
DefaultTODHandler:0.34833333333333333
ExecutionListener:0.17
