SourceToParse:0.4633333333333333
GetResult:0.455
InternalEngineTests:0.32
StoreRecovery:0.2911111111111111
InternalEngine:0.275
MockAppender:0.21777777777777782
TransportShardBulkAction:0.19666666666666666
IndexShardTestCase:0.18333333333333332
PeerRecoveryTargetServiceTests:0.11
IndexShardTests:0.08333333333333333
