JOCLDevice:0.45666666666666667
ComputeContext:0.3566666666666667
GPUFluxInit:0.3433333333333333
ComputeByteBuffer:0.3433333333333333
FluxLightModel:0.2966666666666667
JOCLContext:0.25333333333333335
FluxLightTracer:0.09
FluxPathTracer:0.09
FluxWhittedTracer:0.09
