WebServiceTemplate:0.5833333333333334
WebServiceTemplateTest:0.32666666666666666
WebServiceOperations:0.12555555555555556
ResponseMessageSender:0.056666666666666664
NoResponseMessageSender:0.05564814814814814
