ExtensionContext:0.8433333333333334
ExtensionContextTests:0.3466666666666667
MockitoExtension:0.33666666666666667
AbstractExtensionContext:0.31333333333333335
