HTMLSelectElementTest:0.5533333333333333
HtmlSelect:0.29944444444444446
