TagHandler:0.7966666666666666
OtterContentHandler:0.29
OtterXMLRenderingVisitor:0.24333333333333335
SequenceSetTagHandler:0.235
SequenceFragmentTagHandler:0.235
SequenceFragmentAssemblyEndTagHandler:0.23333333333333334
SequenceFragmentAssemblyStartTagHandler:0.23333333333333334
TranscriptRemarkTagHandler:0.19666666666666666
ExonEndTagHandler:0.19666666666666666
TranscriptNameTagHandler:0.19666666666666666
LocusTypeTagHandler:0.19666666666666666
SequenceFragmentVersionTagHandler:0.19666666666666666
SequenceFragmentAccessionTagHandler:0.19666666666666666
ExonStrandTagHandler:0.19666666666666666
EvidenceNameTagHandler:0.19666666666666666
SequenceFragmentKeywordTagHandler:0.19666666666666666
SequenceFragmentChromosomeTagHandler:0.19666666666666666
ExonStableIdTagHandler:0.19666666666666666
SequenceFragmentRemarkTagHandler:0.19666666666666666
TranscriptClassTagHandler:0.19666666666666666
ExonFrameTagHandler:0.19666666666666666
SequenceSetAssemblyTypeTagHandler:0.19666666666666666
ExonStartTagHandler:0.19666666666666666
EvidenceTypeTagHandler:0.19666666666666666
LocusStableIdTagHandler:0.19666666666666666
LocusSynonymTagHandler:0.19666666666666666
LocusNameTagHandler:0.19666666666666666
LocusRemarkTagHandler:0.19666666666666666
TranscriptCdsEndNotFoundTagHandler:0.19666666666666666
TranscriptStableIdTagHandler:0.19666666666666666
EvidenceTagHandler:0.18333333333333332
LocusTagHandler:0.18333333333333332
ExonTagHandler:0.18333333333333332
TranscriptTagHandler:0.16
LocusAuthorEmailTagHandler:0.14666666666666667
TranscriptTranslationEndTagHandler:0.14666666666666667
LocusAuthorTagHandler:0.14666666666666667
TranscriptMRNAStartNotFoundTagHandler:0.14666666666666667
TranscriptMRNAEndNotFoundTagHandler:0.14666666666666667
TranscriptTranslationStartTagHandler:0.14666666666666667
SequenceSetAuthorTagHandler:0.14666666666666667
TranscriptCdsStartNotFoundTagHandler:0.14666666666666667
EvidenceDBXrefIdTagHandler:0.13666666666666666
EvidenceDBXrefDbTagHandler:0.13666666666666666
SequenceFragmentFragmentOrientationTagHandler:0.016666666666666666
TranscriptTranslationStableIdTagHandler:0.016666666666666666
SequenceFragmentIdTagHandler:0.016666666666666666
SequenceFragmentAuthorTagHandler:0.01
TranscriptAuthorTagHandler:0.01
TranscriptAuthorEmailTagHandler:0.01
LocusKnownTagHandler:0.01
SequenceFragmentAuthorEmailTagHandler:0.01
