LoadSeqRegionByHistoryHandler:0.5566666666666666
EventHandler:0.5424999999999999
