AsyncHttpClientConfig:0.5966666666666667
Builder:0.48333333333333334
HttpProtocol:0.2633333333333333
AsyncHttpClientConfigDefaults:0.25666666666666665
BasicHttpsTest:0.2
ChannelManager:0.19805555555555557
TestUtils:0.19333333333333333
NoNullResponseTest:0.1875
DefaultAsyncHttpClientConfig:0.18
