Protocol:0.5866666666666667
HazelcastClient:0.3566666666666667
OutRunnable:0.3433333333333333
SocketProtocolReader:0.3
DefaultClientBinder:0.22
InRunnable:0.18333333333333332
HazelcastClientPerformanceTest:0.16333333333333333
CollectionClientProxyTest:0.13
ReadHandler:0.12666666666666668
