Block:0.76
VariableInstruction:0.37333333333333335
DumpByteCodeVisitor:0.35
ForLoop:0.2866666666666667
CompilerContext:0.27666666666666667
ByteCodeVisitor:0.21666666666666667
IfStatementBuilder:0.2
ForLoopBuilder:0.07
IncrementVariableInstruction:0.02666666666666667
ByteCodeNodes:0.0
