AttachmentMapper:0.7566666666666667
MapperTestUtils:0.5233333333333333
SimpleAttachmentIntegrationTests:0.17
SimpleAttachmentMapperTests:0.1277777777777778
VariousDocTest:0.1
MetadataMapperTest:0.07
EncryptedAttachmentIntegrationTests:0.04666666666666667
MultifieldAttachmentMapperTests:0.03777777777777778
EncryptedDocMapperTest:0.034444444444444444
AttachmentUnitTestCase:0.0
