MethodUtil:0.5766666666666667
ExceptionHandlerUtil:0.38333333333333336
try3:0.016666666666666666
lptry1:0.016666666666666666
hypo2:0.009166666666666667
try1:0.006666666666666667
try2:0.006666666666666667
trychk6:0.006666666666666667
trychk2:0.0033333333333333335
trychk1:0.0033333333333333335
trychk7:0.0033333333333333335
lptry2:0.0
trychk3:0.0
arrayCopyShell:0.0
trychk8:0.0
