CDKManager:0.8533333333333334
ICDKManager:0.39
CDKManagerTest:0.23666666666666666
