AuthenticationProperties:0.6851111111111111
GraphicalUserAuthenticationConfiguration:0.31333333333333335
