WeldJoint:0.4
World:0.38
PolygonSprite:0.32666666666666666
SelectBox:0.31
AnimatedTiledMapTile:0.30083333333333334
TiledMapTile:0.2683333333333333
DebugDrawer:0.25333333333333335
I18NBundle:0.2147222222222222
IntIntMap:0.21333333333333335
IntFloatMap:0.21333333333333335
ScreenUtils:0.15
WeldJointDef:0.12833333333333333
StaticTiledMapTile:0.1175
