IndexSettings:0.6233333333333333
SimpleSearchIT:0.38
DefaultSearchContext:0.36666666666666664
ClusterModule:0.21449999999999997
IndexSettingsTests:0.20333333333333334
