Options:0.52
JModel:0.48333333333333334
Simulator:0.39
DeleteRuleAction:0.3744444444444444
Editor:0.32666666666666666
JVertex:0.2966666666666667
EditorPaneRenderer:0.2966666666666667
EditRuleAction:0.2511111111111111
GraphJVertex:0.24666666666666667
JGraphPanel:0.24
StatePanel:0.22666666666666666
LTSPanel:0.20333333333333334
BehaviourOption:0.2
RuleJTree:0.2
RulePanel:0.19666666666666666
LTSJGraph:0.19
MatchTreeNode:0.16
JVertexView:0.13833333333333334
EditGraphAction:0.13666666666666666
