AdminScriptRunner:0.5116666666666667
DefinitionLogic:0.25666666666666665
ApplicationContextFactory:0.21666666666666667
InitializeDBListener:0.21
ProcessDefinitionsMassUpdate:0.21
AdminScriptClient:0.21
BotStationStatusTag:0.19666666666666666
