FoodProduction:0.52
Building:0.47
BuildingManager:0.3933333333333333
FoodProductionProcessInfo:0.39
Settlement:0.3566666666666667
ProduceFood:0.32
BuildingConfig:0.30333333333333334
FoodProductionProcess:0.3
SimulationConfig:0.27
FoodProductionUtil:0.22333333333333333
BuildingPanelVehicleMaintenance:0.2
FoodProductionProcessItem:0.18333333333333332
TabPanelFoodProduction:0.09666666666666666
FoodProductionPanel:0.07
MetaTaskUtil:0.06333333333333334
FoodProductionConfig:0.061111111111111116
BuildingPanelFoodProduction:0.05333333333333334
BuildingPanel:0.05
SettlementWindow:0.043333333333333335
Chef:0.03666666666666667
Chemist:0.03666666666666667
Biologist:0.03
ProduceFoodMeta:0.006666666666666667
