Log4jAdapter:0.6522222222222223
Log4jAdapterPerformanceTest:0.36333333333333334
JdkAdapterPerformanceTest:0.255
