JsonArray:0.54
JsonObject:0.5083333333333333
JsonObjectTest:0.17666666666666667
