URIBuilder:0.46
LoggingITest:0.36666666666666664
PathParamITest:0.30666666666666664
JSONGetITest:0.29
URLEncodingParamITest:0.21333333333333335
URLITest:0.14666666666666667
URLEncodingITest:0.06
