Messages:0.66
LexicalTable:0.59
Cooccurrence:0.4866666666666667
MatrixImpl:0.3566666666666667
CooccurrencesEditor:0.23666666666666666
ValidateXml:0.17333333333333334
CreateMacro:0.12333333333333334
CooccurrencesToConcordances:0.11333333333333333
CoocPreferencePage:0.11111111111111109
ExportResult:0.11
TestCommands:0.08333333333333333
NameSpaceXmlNodePrinter:0.07666666666666666
