BitmapFont:0.43333333333333335
Sprite:0.38333333333333336
Glyph:0.34777777777777774
TwlInputListener:0.2966666666666667
GdxTexture:0.2966666666666667
LwjglGraphics:0.2866666666666667
GdxFont:0.2833333333333333
Mesh:0.2816666666666667
OrthographicCamera:0.27666666666666667
PerspectiveCamera:0.27666666666666667
SpriteBatch:0.2633333333333333
BitmapFontCache:0.25666666666666665
TwlRenderer:0.22666666666666666
ImmediateModeRenderer:0.185
GdxFontCache:0.18166666666666667
BitmapFontTest:0.15166666666666667
GdxCacheContext:0.14666666666666667
TextAreaTest:0.13666666666666666
GDXTester:0.12333333333333334
