GwtAtmosphereResource:0.6566666666666666
GwtAtmosphereResourceImpl:0.43666666666666665
AtmosphereGWTSerializer:0.2633333333333333
AtmosphereGwtHandler:0.22666666666666666
GwtResponseWriterImpl:0.21666666666666667
BaseCometTransport:0.14
SerializerGenerator:0.11333333333333333
