HibernateTestCase:0.5233333333333333
PersistTest:0.43
JarVisitorTest:0.2833333333333333
XMLContext:0.20666666666666667
NativeScannerTest:0.11333333333333333
