RenameEntityDlg:0.5433333333333333
GwtTeamingMessages:0.31666666666666665
MainMenuControl:0.3
GwtServerHelper:0.2633333333333333
EventHelper:0.23666666666666666
GwtMenuHelper:0.22111111111111115
ManageMenuPopup:0.20333333333333334
ContextItemCommand:0.12333333333333334
InvokeRenameBinderEvent:0.12
RenameBinderCmd:0.013333333333333334
