LwjglApplication:0.52
EffectPanel:0.31666666666666665
LwjglCanvas:0.29
OptionsPanel:0.17
CountPanel:0.13666666666666666
ImagePanel:0.1
