CorpusManager:0.6866666666666666
DeleteObject:0.3333333333333333
ExportCorpus:0.18333333333333332
