Options:0.7733333333333333
GenerationBatch:0.3883333333333333
ArgProcessor:0.23666666666666666
J2ObjC:0.22
