ShadowView:0.48333333333333334
layout:0.45359523809523816
ViewLoaderTest:0.17333333333333334
ClickActivity:0.04666666666666667
id:0.043333333333333335
