VertxNetHandler:0.4033333333333333
HttpServerImpl:0.36666666666666664
ServerConnection:0.32666666666666666
VertxHandler:0.29333333333333333
ClientConnection:0.19666666666666666
ConnQueue:0.18333333333333332
VertxHttpHandler:0.15666666666666668
DatagramServerHandler:0.14
ClientHandler:0.05333333333333334
ServerHandler:0.03
