ParameterValueEditor:0.7333333333333333
LoadANNIEWithoutDefaultsAction:0.36666666666666664
