AddressBookParsedResult:0.7633333333333333
AddressBookParsedResultTestCase:0.37666666666666665
VCardResultParser:0.29088888888888886
