Address:0.6366666666666667
InternalPartitionServiceImpl:0.36666666666666664
ConfigMemberGroupFactory:0.17
