Result:0.7233333333333334
DecoderResult:0.5733333333333334
Decoder:0.31
AztecReader:0.17666666666666667
GenericMultipleBarcodeReader:0.11333333333333333
DecoderTest:0.06666666666666667
