Node:0.5766666666666667
HtmlInput:0.47
HtmlRadioButtonInput2Test:0.26
HtmlRadioButtonInput:0.23666666666666666
HTMLInputElement:0.22666666666666666
Document:0.21333333333333335
