FlowExecutionMBeanAdapter:0.6638888888888889
FlowExecutionMBean:0.2863095238095238
