MapProxyImpl:0.47
NearCacheProvider:0.46
MapExecutionCallbackAdapter:0.3218888888888889
MapProxySupport:0.2633333333333333
