GraphData:0.8183333333333334
JnetManager:0.30333333333333334
