VocabularyEditor:0.4033333333333333
ViewPropertySelectionDialog:0.2633333333333333
DictionnaryEditor:0.25666666666666665
Query:0.245
CorporaView:0.22333333333333333
ComputeFrequencyList:0.16111111111111112
PropertiesSelector:0.15
