DBRecord:0.5233333333333333
PropertyPanel:0.35
DBTable:0.2833333333333333
StaticPropertyHandler:0.235
DBTableModel:0.18666666666666668
StaticHandler:0.17666666666666667
DBRecordPanel:0.15833333333333333
