HopSymbolTableWalker:0.45
ConditionalJumpIfStep:0.33
ConditionalJumpLoopStep:0.30333333333333334
SodbeansSoundMap:0.08666666666666667
ConditionalJumpIfAction:0.05
ConditionalJumpLoopAction:0.05
