HiveClientConfig:0.8233333333333334
HiveSplitManager:0.43
AbstractTestHiveClient:0.36
TestHiveClientConfig:0.16333333333333333
