TicketRegistryProperties:0.27166666666666667
CasServerProperties:0.235
TokenAuthenticationProperties:0.15833333333333333
InfinispanProperties:0.15833333333333333
InMemory:0.15833333333333333
MemcachedTicketRegistryProperties:0.09916666666666667
Cleaner:0.09166666666666666
MaxmindProperties:0.013333333333333334
