TargetExceptionWrapper:0.6466666666666666
ReflectionUtils:0.48333333333333334
MethodTestDescriptor:0.31
ClassTestDescriptor:0.26
TrackingEngineExecutionListener:0.22
