InMemoryLookupTable:0.6133333333333333
SequenceElement:0.43666666666666665
Word2VecPerformerVoid:0.33666666666666667
Word2VecPerformer:0.2522222222222222
SentenceBatch:0.20666666666666667
FirstIterationFunction:0.19666666666666666
SkipGram:0.1627777777777778
Word2VecTests:0.14333333333333334
