GridFS:0.67
GridFSFile:0.4866666666666667
GridFSDBFile:0.29333333333333333
CLI:0.13333333333333333
