Simulation:0.53
Job:0.31
Mind:0.25333333333333335
Doctor:0.2
Driver:0.19666666666666666
Engineer:0.18333333333333332
Botanist:0.18333333333333332
JobManager:0.18333333333333332
Areologist:0.17333333333333334
