Log:0.64
ScriptEditor:0.4
Recorder:0.36
EventRecorder:0.32
DefaultComponentFinder:0.25
ComponentRecorder:0.24
ComponentBrowser:0.23
EventWatcher:0.175
FrameworkTestSuite:0.17
EventRecorderTest:0.16
Platform:0.15
AbstractRecorderTest:0.12666666666666668
EventListener:0.10333333333333333
AbstractSemanticRecorderTest:0.07333333333333333
BrowserHierarchyListener:0.023333333333333334
