MockTask:0.5933333333333334
P4ElementTest:0.27666666666666667
VssElementTest:0.27666666666666667
ClearCaseElementTest:0.27666666666666667
StarTeamElementTest:0.27666666666666667
CVSElementTest:0.20666666666666667
