Transformer:0.5566666666666666
GeonetworkTransformerException:0.25666666666666665
TransformerTest:0.02
