CallTest:0.5166666666666667
Platform:0.49333333333333335
AndroidPlatform:0.43333333333333335
RealConnection:0.24666666666666667
