Wallet:0.6433333333333333
KeyChainGroupTest:0.2733333333333333
DeterministicKeyChain:0.22333333333333333
KeyChainGroup:0.22
PeerGroupTest:0.21
WalletTest:0.19
DeterministicKeyChainTest:0.18
