VFSDirectoryEntryTable:0.18908907
BrowserView:0.17045718
VFSBrowser:0.1697251
VFSFileChooserDialog:0.15326875
VFSFile:0.07584312
MiscUtilities:0.07037807
HistoryTextField:0.06951188
VFS:0.05817251
VFSManager:0.04205934
Log:0.0076707895
