WorkThread:0.123187415
IOProgressMonitor:0.103358164
VFSManager:0.09567009
ThreadUtilities:0.08666834
StatusBar:0.08315539
VFSFileChooserDialog:0.08223955
WorkThreadProgressListener:0.069612496
Log:0.024964703
