DataManager:0.5633333333333334
SearchManager:0.44
LuceneSearcher:0.35
CatalogSearcher:0.23666666666666666
GetDomain:0.22333333333333333
MetadataLib:0.19
SelectionSearch:0.09
SearchUnused:0.09
Geonetwork:0.07333333333333333
Gast:0.06333333333333334
LuceneIndexReaderFactory:0.06166666666666667
JODAISODate:0.03333333333333333
MimeTypeFinder:0.006666666666666667
