VFSBrowser:0.31174675
VFSFileNameField:0.1511683
VFS:0.13218877
GUIUtilities:0.12002424
VFSFile:0.11890958
BrowserListener:0.11061429
VFSManager:0.09326537
Buffer:0.09292668
FileVFS:0.09240952
jEdit:0.088522285
ManagePanel:0.075764656
MiscUtilities:0.060546726
View:0.059243914
JEditBuffer:0.022957826
HistoryTextField:0.018653063
WorkThreadPool:0.01808764
EnhancedDialog:0.011909796
WorkThreadProgressListener:0.0105831865
