LocalClassMetadataLight:0.51
LocalClassMetadataLightImpl:0.43
ObjectViewService:0.38
LocalClassMetadataImpl:0.31333333333333335
ClassManagerFrame:0.23666666666666666
AttributeMetadataNode:0.14
