ClusterIndexHealth:0.5766666666666667
IndexRoutingTable:0.5716666666666667
TransportClusterHealthAction:0.25666666666666665
