BSHParamsComposite:0.7433333333333333
FormulaConfigurationDialog:0.39166666666666666
