Spinner:0.5366666666666666
ContainerFrameLayout:0.26666666666666666
InternalAdapter:0.21333333333333335
MainActivity:0.21333333333333335
RecycleBin:0.19
Builder:0.15333333333333332
ButtonFragment:0.12565656565656566
LabelView:0.09333333333333334
