DbSession:0.6366666666666667
CoreConnectionPool:0.35
DbJtxResourceManager:0.2
ThreadDbSessionProvider:0.19
DbJtxSessionProvider:0.18333333333333332
