TreeSet:0.38
TupleTest:0.2866666666666667
Tuple0:0.1761111111111111
Tuple2:0.16
Tuple4:0.12
Tuple5:0.12
Tuple3:0.12
Tuple6:0.11666666666666667
Tuple1:0.11333333333333333
Tuple7:0.05
Tuple8:0.05
