Model:0.64
SQLGenerator:0.2457777777777778
SQL92SQLGenerator:0.21666666666666667
RelationEdge:0.19333333333333333
ModelIOUtilities:0.18333333333333332
MSSQLDialectTest:0.1671031746031746
MySQLInnoDBDialectTest:0.1671031746031746
PostgresDialectTest:0.1671031746031746
OracleDialectTest:0.1671031746031746
MySQLDialectTest:0.1671031746031746
XMLDomainSerializer:0.16666666666666666
DomainEditor:0.1413888888888889
XMLAttributeSerializer:0.08333333333333333
AbstractDialectTestCase:0.04
XMLIOTest:0.02033333333333333
SQLGeneratorTestSuite:0.01577777777777778
BaseERDesignerTestCaseImpl:0.006666666666666667
