Customer:0.6166666666666667
CustomerDaoImpl:0.29333333333333333
CustomerDao:0.2142063492063492
CustomerDaoImplTest:0.05333333333333334
CustomerTest:0.05
