DBCollection:0.47333333333333333
WriteResult:0.3566666666666667
MongoCollectionStream:0.24166666666666667
WriteOperation:0.23472222222222225
MongoCollectionTest:0.21
WriteResultCallback:0.18333333333333332
AsyncWriteOperation:0.18
