FlowModel:0.8033333333333333
XmlFlowModelBuilder:0.3933333333333333
FlowModelFlowBuilder:0.37666666666666665
FlowModelFlowBuilderTests:0.19333333333333333
