UniqueIndex:0.44333333333333336
NonUniqueIndex:0.38
SQLiteDbDialect:0.3566666666666667
ColumnMapper:0.16615079365079366
SQLiteTableBuilder:0.06666666666666667
AbstractSqlRowMapper:0.03333333333333333
IndexMapper:0.02666666666666667
IndexColumnMapper:0.02666666666666667
