RequestUtils:0.7733333333333333
DefaultActionMapper:0.3333333333333333
RestActionMapper:0.32
PrepareOperations:0.31666666666666665
PrefixBasedActionMapper:0.21444444444444447
