CachingHiveMetastore:0.45
PartitionColumnStatisticsCacheKey:0.4066666666666667
TableColumnStatisticsCacheKey:0.4066666666666667
BridgingHiveMetastore:0.27166666666666667
MetastoreUtil:0.26
ExtendedHiveMetastore:0.19416666666666665
