PosModel:0.5366666666666666
PosPanel:0.4066666666666667
