OnPanelSlideListener:0.5925
Slidr:0.5233333333333333
SlidrListenerAdapter:0.18666666666666668
SlidrListener:0.18666666666666668
