MetaCollection:0.49666666666666665
SaveElementInCollectionAction:0.4033333333333333
ModelParser:0.27
ValidationException:0.23583333333333334
DeliveriesTest:0.08
XmlElementsNames:0.0
