MapHorzContainerRenderer:0.7366666666666668
JFXMapHorzContainerTest:0.38333333333333336
