OkBufferTest:0.54
OkBuffers:0.30333333333333334
ByteString:0.25
InflaterSource:0.22666666666666666
