RedissonBuckets:0.44666666666666666
RedissonBucketsTest:0.2833333333333333
CommandSyncService:0.28
CommandSyncExecutor:0.18333333333333332
