ContainerBuilder:0.5666666666666667
MethodAspect:0.56
ProxyFactoryBuilder:0.3
AllTests:0.14333333333333334
