HttpUrl:0.6725
FormEncodingBuilder:0.32666666666666666
FormEncodingBuilderTest:0.18666666666666668
