RequestContextELContextFactory:0.49
WebFlowOgnlExpressionParser:0.49
ELExpression:0.31333333333333335
ELExpressionParserTests:0.2833333333333333
EvaluationException:0.20666666666666667
TestELContextFactory:0.10527777777777778
EventAttributesElResolver:0.09
EventPropertyAccessor:0.08666666666666667
