TagParser:0.49666666666666665
XmlActions:0.4655555555555555
CompletionInfo:0.4066666666666667
