DiscoveryNode:0.5633333333333334
Booleans:0.54
BooleansTests:0.10333333333333333
