Aligner:0.4866666666666667
DataManager:0.4533333333333333
GeonetParams:0.30666666666666664
Geonet20Harvester:0.27666666666666667
GeonetHarvester:0.24666666666666667
AbstractParams:0.19
Remove:0.12133333333333333
Delete:0.09
