Submit:0.7033333333333334
SubmitTest:0.4266666666666667
Reset:0.4266666666666667
