StringUtils:0.5266666666666666
Assertions:0.48
Preconditions:0.27
JUnit5:0.23333333333333334
