ICommandListener:0.5812777777777778
ProcessStatus:0.5333333333333333
ProcPipes:0.33
IIoSchemataListener:0.2327777777777778
IoSchemataPipes:0.19111111111111112
SyncProcListener:0.10666666666666667
SyncIoSchemataListener:0.1
