TestMenuItem:0.53
id:0.48611111111111116
TestMenu:0.48
ShadowBuilder:0.23
MenuInflaterTest:0.15333333333333332
AlertDialogTest:0.03805555555555555
array:0.014285714285714285
