NodeModel:0.4166666666666667
JbpmExecutionLogic:0.37
InvocationLogImpl:0.2966666666666667
StateFigure:0.24361111111111108
GraphConverter:0.22111111111111115
FigureFactory:0.20777777777777778
CreateTimerActionHandler:0.20666666666666667
WaitStateFigure:0.11
