Node:0.66
NodeEnvironment:0.49
Security:0.3233333333333333
NodeTests:0.16333333333333333
