CAAdminSessionBean:0.616111111111111
AdminsListGroupsCommand:0.38
CaInitCommand:0.3169444444444444
