OperatingSystem:0.09057796
InstallThread:0.07135722
ConsoleInstall:0.07135031
NonInteractiveInstall:0.07050896
SwingInstall:0.04408819
Progress:0.009104963
