SwarmingManager:0.44
SWDownloadSegment:0.3566666666666667
LoadDownloadListJob:0.32666666666666666
Worker:0.23666666666666666
SWDownloadWorker:0.2
