JbpmCommonLogic:0.6144444444444445
JbpmExecutionLogic:0.47138888888888897
