TransactionImpl:0.54
TransactionalQueue:0.3453333333333334
Offer:0.31666666666666665
TransactionTest:0.27
QIterator:0.25333333333333335
TransactionRecord:0.20194444444444445
MSize:0.08
QSize:0.05333333333333334
