ReadOnlyContext:0.6566666666666666
DefaultAuthorization:0.23333333333333334
FedoraPolicyActionNamespace:0.23
FedoraAPIABindingSOAPHTTPImpl:0.18666666666666668
GetNextPIDServlet:0.17666666666666667
ListMethodsServlet:0.15666666666666668
ReportServlet:0.15666666666666668
GetObjectHistoryServlet:0.14666666666666667
DescribeRepositoryServlet:0.14666666666666667
FedoraAccessServlet:0.145
FedoraPolicyEnvironmentNamespace:0.13666666666666666
ListDatastreamsServlet:0.13666666666666666
DatastreamResolverServlet:0.12666666666666668
ResourceAttributeFinderModule:0.12333333333333334
