Bootstrap:0.6033333333333334
Elasticsearch:0.47
InstallPluginCommand:0.25
RemovePluginCommand:0.16
Command:0.14666666666666667
ElasticsearchCliTests:0.13916666666666666
ESElasticsearchCliTestCase:0.13333333333333333
InitConsumer:0.1162777777777778
