AL10:0.6222222222222222
ALC:0.4683333333333333
