HTMLElement:0.5866666666666667
HTMLDocument:0.48
HTMLBodyElement:0.45666666666666667
