ChronicleMapBuilder:0.44333333333333336
VanillaChronicleHash:0.42333333333333334
ReplicatedChronicleMap:0.29
Builder:0.23666666666666666
ModificationIterator:0.2277777777777778
OldDeletedEntriesCleanup:0.16666666666666666
TestNesterInterfaceMarshal:0.11
