Drawable:0.6
DrawableSeqFeature:0.34
FeatureTypeItemListener:0.29777777777777775
TransactionSubpart:0.29
TranscriptEditPanel:0.26666666666666666
AnnotationView:0.25666666666666665
DrawableFeatureSet:0.24333333333333335
GeneEditPanel:0.23166666666666666
