MWLFilter:0.5711111111111111
MWLEntry:0.57
MWLModel:0.41333333333333333
MWLConsoleCtrl:0.17444444444444446
SpsDSComparator:0.023333333333333334
