ComponentPropertiesList:0.59
SynthModelVisitor:0.27666666666666667
SynthModel:0.22666666666666666
WidgetPropertiesList:0.22333333333333333
SynthLookGenerator:0.15666666666666668
