Fields:0.49666666666666665
Cache:0.48
Tools:0.36
Settings:0.25333333333333335
DefaultRecordMapperProvider:0.2
