Processor:0.4266666666666667
Contact:0.3933333333333333
Thesaurus:0.35333333333333333
