NameInjector:0.41333333333333333
AdaptorTestModule:0.2866666666666667
Params:0.24666666666666667
ArrayInjector:0.24166666666666667
ObjectPairInjector:0.18616666666666665
ArrayParamConvertor:0.18616666666666665
AbstractAdaptor:0.17666666666666667
NameInjectorTest:0.15333333333333332
PairAdaptor:0.12333333333333334
MapItemInjector:0.12
DateParamConvertor:0.07666666666666666
SimpleAdaptorTest:0.05333333333333334
