AbstractTestQueries:0.3433333333333333
PlanFragment:0.31666666666666665
NodePrinter:0.30666666666666664
SourceVisitor:0.2833333333333333
PlanVisitor:0.2833333333333333
SubPlanBuilder:0.25
Visitor:0.24333333333333335
SqlTaskExecution:0.22666666666666666
LocalQueryRunner:0.20666666666666667
PlanPrinter:0.2
LocalExecutionPlanner:0.19666666666666666
TestSqlStageExecution:0.16
MockRemoteTaskFactory:0.14666666666666667
