TransformTestCase:0.7633333333333333
TransformCaseTest:0.5166666666666667
BogusAffineTransform2D:0.14
