WindowMenu:0.5133333333333333
ViewMenu:0.33666666666666667
MenuManager:0.17666666666666667
WindowMenuListener:0.12333333333333334
MenuActionListener:0.09666666666666666
