Hitem:0.4866666666666667
FormalTypes:0.39666666666666667
Kons:0.3933333333333333
SymbolHash:0.35
Sym:0.34027777777777773
Hash:0.33666666666666667
Worker:0.30666666666666664
DefinitionManager:0.20333333333333334
JclassSym:0.19666666666666666
ParamSym:0.19333333333333333
RulebaseMsg:0.19
FrameSym:0.18333333333333332
StatSym:0.18
StackSym:0.17333333333333334
HeapSym:0.17333333333333334
ParameterExpAgent:0.15333333333333332
SymbolHashTyping:0.12666666666666668
