Attribute:0.44666666666666666
ShadowViewTest:0.2833333333333333
ShadowResourcesTest:0.24
RoboAttributeSetTest:0.21666666666666667
ShadowTypedArrayTest:0.21
ShadowContextTest:0.2
ShadowEditTextTest:0.19
PreferenceLoader:0.16
ViewStubTest:0.12
