DeadlineTest:0.35333333333333333
TrafficControlProxy:0.3516666666666667
ProxyTest:0.23333333333333334
ScheduledExecutorImpl:0.21666666666666667
TransportBenchmark:0.18333333333333332
FakeClockTest:0.12
ResponseDispatcher:0.12
