DataStructureAdapter:0.6266666666666667
TransactionalMapDataStructureAdapterTest:0.27
ICacheDataStructureAdapter:0.2633333333333333
ReplicatedMapDataStructureAdapterTest:0.23
TransactionalMapDataStructureAdapter:0.20666666666666667
IMapDataStructureAdapterTest:0.2
ReplicatedMapDataStructureAdapter:0.17833333333333334
IMapDataStructureAdapter:0.17833333333333334
ICacheDataStructureAdapterTest:0.07
