OfflineGet:0.48861111111111116
ExtractorDOCTest:0.42333333333333334
