ElementDecl:0.45666666666666667
IDDecl:0.4166666666666667
XmlActions:0.3333333333333333
SwingHTMLParserImpl:0.21
EditTagDialog:0.18666666666666668
AttributeTableModel:0.17
XmlComplete:0.16666666666666666
MouseHandler:0.11534126984126986
XmlListCellRenderer:0.10666666666666667
