Builder:0.53
URLConnectionTest:0.45666666666666667
ResponseCacheTest:0.41333333333333333
Http2ConnectionTest:0.30333333333333334
CertificatePinnerChainValidationTest:0.23666666666666666
ConnectionReuseTest:0.22
