RuleSMARTSubstructureTest:0.43666666666666665
RuleSMARTSubstructure:0.39
TestMutantRules:0.30333333333333334
SmartsPatternFactory:0.22166666666666668
SmartsPatternsTest:0.22
StructureAlert:0.18
SMARTSTree:0.14
