AbstractPathImpl:0.45
TreatedRoot:0.32
TreatedCollectionAttributeJoin:0.22333333333333333
TreatedMapAttributeJoin:0.22333333333333333
TreatedListAttributeJoin:0.22333333333333333
TreatedSetAttributeJoin:0.22333333333333333
TreatKeywordTest:0.06333333333333334
