WebClient:0.37
UrlUtils:0.3433333333333333
Url:0.21
StringUtils:0.20666666666666667
UrlUtilsTest:0.04666666666666667
