RendererKey:0.41333333333333333
ServerDefinitionFile:0.4066666666666667
SymbolDefinition:0.39666666666666667
ServerApplication:0.3466666666666667
AbstractContainer:0.3433333333333333
SymbolCommand:0.33666666666666667
DefaultServerXMLDFHandler:0.31333333333333335
RenderingLayerImpl:0.31333333333333335
PropertyGenerator:0.30333333333333334
ServerXMLSymbolsHandler:0.2966666666666667
AbstractServerWidget:0.29333333333333333
Triangle:0.2557777777777777
ServerXMLSymbolCommand:0.2525
JFXUtilsFactory:0.24666666666666667
TriangleDouble:0.24166666666666667
LayerRendererBridge:0.24
FontElement:0.2397222222222222
DefaultServerWidgetsHandler:0.23666666666666666
AbstractRepresentation:0.23333333333333334
AbstractRenderingLayer:0.22666666666666666
ARINCModelFactory:0.21333333333333335
AbstractServerCockpit:0.21166666666666667
TriangleContext:0.205
AbstractRenderingPainter:0.19333333333333333
DefaultServerBinaryDFHandler:0.19
UIComponentsFactory:0.16666666666666666
ParsedExtension:0.155
SymbolTable:0.13666666666666666
JFXComponentsExtractor:0.13333333333333333
JFXTextAttribute:0.05333333333333334
SelectionListener:0.006666666666666667
