InMemoryLookupTable:0.7333333333333333
RNTN:0.5933333333333334
SentenceBatch:0.16333333333333333
