JsfViewFactory:0.6266666666666667
RichFacesAjaxHandler:0.24666666666666667
