EncodedTicket:0.53
MongoDbTicketRegistry:0.33666666666666667
AbstractTicketRegistryTests:0.31666666666666665
BaseTicketSerializers:0.24
MongoDbTicketRegistryTests:0.17333333333333334
