DSLContext:0.7046666666666667
DSL:0.5533333333333333
AlterSequenceImpl:0.33666666666666667
DefaultDSLContext:0.31
jOOQAbstractTest:0.25666666666666665
VisitContextTest:0.16666666666666666
DDLTests:0.12
