ShoppingCart:0.5833333333333334
TestingServiceRequest:0.41333333333333333
ShoppingCartController:0.2783333333333333
TestOrder:0.21166666666666667
