SemaphoreConfig:0.7066666666666667
ClientDynamicClusterConfig:0.51
DefaultMessageTaskFactoryProvider:0.11666666666666667
ClientCompatibilityTest_1_5:0.06333333333333334
BinaryCompatibilityFileGenerator:0.06333333333333334
ClientCompatibilityNullTest_1_5:0.06333333333333334
ServerCompatibilityNullTest_1_5:0.06333333333333334
ServerCompatibilityTest_1_5:0.06333333333333334
BinaryCompatibilityNullFileGenerator:0.06333333333333334
EncodeDecodeCompatibilityNullTest:0.06333333333333334
EncodeDecodeCompatibilityTest:0.06333333333333334
