ClassNode:0.5833333333333334
Gaze:0.4266666666666667
MappingTreeView:0.3705555555555555
OntologyLoadListener:0.11444444444444443
InsertAL:0.11111111111111109
