Cylinder3D:0.6613333333333333
Cylinder2D:0.3853333333333333
