TransferTemplate:0.69
TransferJTBMessage:0.69
JTBSessionsBrowserViewPart:0.22
TemplatesBrowserViewPart:0.21333333333333335
JTBQueuesContentViewPart:0.21333333333333335
JTBMessageDropListener:0.15966666666666665
JTBMessageDragListener:0.15333333333333332
TemplateDragListener:0.15333333333333332
TemplateDropListener:0.13666666666666666
