JFXSandbox:0.8766666666666667
SandboxConfigurationHandler:0.4066666666666667
