Groups:0.39666666666666667
AuthorizationPlugin:0.34
AuthorizationFramework:0.33
AuthorizationPluginClassLoader:0.2633333333333333
Messages:0.21666666666666667
