RuleStartState:0.8733333333333333
NFABuilder:0.4166666666666667
NFA:0.34
ParserNFAFactory:0.31666666666666665
Tool:0.24333333333333335
FASerializer:0.16
DFA10:0.11333333333333333
DFA7:0.11333333333333333
DFA6:0.11333333333333333
DFA17:0.11333333333333333
LoopbackState:0.04
