TestCluster:0.6066666666666667
AsyncShardOperationAction:0.3933333333333333
SearchWhileCreatingIndexTests:0.33
