FFmpegFrameGrabber:0.5833333333333334
FFmpegFrameRecorder:0.5733333333333334
FFmpegFrameFilter:0.3333333333333333
FrameGrabberTest:0.15
