SignatureBinder:0.3433333333333333
TestSignatureBinder:0.32666666666666666
PolymorphicScalarFunction:0.23
DecimalSumAggregation:0.19333333333333333
ParametricScalar:0.19
DecimalAverageAggregation:0.18
TypeImplementationDependency:0.14
ScalarImplementationDependency:0.13666666666666666
