MongoCollectionStream:0.4266666666666667
MongoCollectionImpl:0.25
DatabaseAdminImpl:0.24333333333333335
QueryResultSingleResultCallback:0.18233333333333335
CollectionAdminImpl:0.18
MongoClientImpl:0.17333333333333334
MongoDatabaseImpl:0.16
