BindingUtil:0.7166666666666667
NilCheckResolver:0.2966666666666667
InitializationNormalizerTest:0.28
InitializationNormalizer:0.26
StaticVarRewriter:0.23333333333333334
