ClientConfig:0.8033333333333333
HazelcastClientInstanceImpl:0.4166666666666667
ClientInvocationServiceSupport:0.30666666666666664
ResponseThread:0.2327777777777778
ProxyManager:0.21166666666666667
