Euler:0.6133333333333333
BuiltinManager:0.36
Codd:0.3566666666666667
