Discussion:0.4766666666666667
SellerTest:0.43
QuoteTest:0.29
EmailNotificationsTestUtil:0.20666666666666667
