DataObjectFactory:0.51
ExampleImapCrawler:0.44333333333333336
ImapCrawler:0.4166666666666667
AbstractJavaMailCrawler:0.2633333333333333
ImapStreamPool:0.05333333333333334
PartStreamFactory:0.0011111111111111111
