CountMinTinyLfu:0.5066666666666667
AsyncLoadingCacheTest:0.4766666666666667
TinyLfu:0.19666666666666666
Ehcache3:0.15666666666666668
