UserServiceImplTest:0.32666666666666666
ListAttachmentsActionTest:0.19666666666666666
UserDAOImplTest:0.19666666666666666
PermissionDAOImplTest:0.19666666666666666
NotificationDAOImplTest:0.19
EditIssueActionTest:0.19
AuthenticatorForProjectPermissionTest:0.16666666666666666
UserPreferencesDAOImpl:0.15
IssueDAOImplTest:0.14666666666666667
DisplayReportActionTest:0.14333333333333334
UserPreferencesDAOImplTest:0.13666666666666666
