Xendra:0.68
Env:0.52
Ini:0.5033333333333333
DB:0.49666666666666665
Msg:0.4633333333333333
Info:0.44
PO:0.44
CLogMgt:0.4166666666666667
EMail:0.4066666666666667
CConnection:0.37
Invoice:0.3566666666666667
Product:0.35333333333333333
ADialog:0.35
AEnv:0.3233333333333333
ConfigurationData:0.3
Account:0.2966666666666667
PrintData:0.2916666666666667
Login:0.2866666666666667
Currency:0.28
Translation:0.27666666666666667
Splash:0.27
CLogFile:0.2683333333333333
Tree:0.26666666666666666
StatusBean:0.24333333333333335
AMenu:0.24
WebEnv:0.23333333333333334
PaymentTerm:0.22333333333333333
AWindow:0.22333333333333333
MIssue:0.22
Payment:0.22
AdempiereMonitor:0.21833333333333332
MWorkflow:0.21666666666666667
MAccount:0.21666666666666667
MPrintFormat:0.21666666666666667
DB_Oracle:0.21333333333333335
IniDialog:0.21333333333333335
MAttachment:0.21333333333333335
Find:0.21333333333333335
ReportEngine:0.21
PackInHandler:0.20666666666666667
FormFrame:0.20666666666666667
AcctViewer:0.20666666666666667
WFPanel:0.20666666666666667
ServerBean:0.20666666666666667
KeyStoreMgt:0.20666666666666667
AdempiereServerMgr:0.20666666666666667
CreateAdempiere:0.20333333333333334
MSequence:0.20333333333333334
HTMLEditor:0.20333333333333334
ALogin:0.20333333333333334
MCost:0.20333333333333334
VLocator:0.20333333333333334
VAttributeGrid:0.20333333333333334
GenerateModel:0.2
VAccountDialog:0.2
MLanguage:0.2
EMailProcessor:0.2
AccessSqlParserTest:0.2
MRegion:0.2
MContactInterest:0.2
LayoutEngine:0.19333333333333333
Generator:0.19333333333333333
GenerateModelJPA:0.19
LdapProcessor:0.1877777777777778
EMailTest:0.18666666666666668
Setup:0.18
MPrintFont:0.18
MPrintColor:0.18
MChangeLog:0.18
MPrintPaper:0.17666666666666667
AlertProcessor:0.17666666666666667
JDBCInfo:0.17666666666666667
ConvertDialog:0.17333333333333334
VSetup:0.17333333333333334
AApplet:0.17
PrintFormatUtil:0.16777777777777778
MTest:0.16666666666666666
DataEngine:0.16666666666666666
MClick:0.16666666666666666
MigrateData:0.16444444444444445
AImage:0.16333333333333333
PackIn:0.16111111111111112
AboutBox:0.16
MRoleTest:0.15333333333333332
PP_PayFlowPro:0.15
BPartner:0.15
ATask:0.14333333333333334
VFileImport:0.14
TranslationDialog:0.13666666666666666
CImage:0.13333333333333333
OrderTest:0.12333333333333334
ConfigJBoss:0.12
PerformanceDetail:0.11333333333333333
WebImageFactory:0.11
PostgresConvertTest:0.10333333333333333
Utils:0.08666666666666667
