ServerAddress:0.5466666666666666
SocketChannelStream:0.37666666666666665
Builder:0.2733333333333333
SocketStreamFactory:0.14333333333333334
