Caffeine:0.5166666666666667
BoundedLocalCache:0.36666666666666664
UnboundedLocalCache:0.3086111111111111
LocalCache:0.2608888888888889
CaffeineTest:0.24333333333333335
CaffeineCache:0.15666666666666668
