Searcher:0.74
Engine:0.73
IndexShard:0.5866666666666667
InternalIndexShard:0.2866666666666667
RobinEngine:0.26666666666666666
RobinEngineTests:0.24666666666666667
PercolateContext:0.18333333333333332
SearchService:0.18333333333333332
TransportIndicesStatusAction:0.17333333333333334
TransportSuggestAction:0.17333333333333334
TransportValidateQueryAction:0.17333333333333334
TransportCountAction:0.17333333333333334
AssertingSearcher:0.135
IndicesTTLService:0.12666666666666668
ShardLifecycleListener:0.09666666666666666
SimpleSearcher:0.09
ShardTermVectorService:0.09
RobinSearcher:0.08666666666666667
RobinSearchFactory:0.07333333333333333
MockRobinEngine:0.03
