FetchContext:0.4666666666666667
JobCollectContext:0.4666666666666667
DistributingConsumer:0.34
JobContextCallback:0.15666666666666668
