QueryStructure:0.38333333333333336
FromImplementor:0.3030952380952381
TreatedSingularAttributeJoin:0.22333333333333333
TreatedCollectionAttributeJoin:0.18
TreatedMapAttributeJoin:0.18
TreatedListAttributeJoin:0.18
TreatedSetAttributeJoin:0.18
