ScrollPane:0.8366666666666667
Tree:0.45666666666666667
ScrollPaneTest:0.33666666666666667
