Metadata:0.8440873015873016
MetadataManager:0.5033333333333333
PluginManager:0.4166666666666667
