HttpSessionMap:0.44666666666666666
HttpServletContextMap:0.44666666666666666
