TaskStats:0.55
StageStats:0.5233333333333333
PipelineStats:0.4866666666666667
PipelineContext:0.36
QueryStateMachine:0.24583333333333332
TaskContext:0.23666666666666666
QueryStats:0.22
SqlStageExecution:0.18416666666666667
TaskSystemTable:0.13666666666666666
TestPipelineStats:0.11333333333333333
TestStageStats:0.10333333333333333
TestQueryStats:0.08333333333333333
TestTaskStats:0.07333333333333333
