Configurator:0.7833333333333333
TypesafeConfigurator:0.4583333333333333
TypesafeConfigurationTest:0.3333333333333333
CacheFactory:0.23
