TestTablePartitioningSelect:0.551111111111111
AllSimpleTypesTableDefinitions:0.49555555555555564
