ClassDescriptor:0.4866666666666667
Properties:0.42333333333333334
PropertyDescriptor:0.36333333333333334
BeanPrefixTest:0.27
CachingIntrospector:0.18333333333333332
LifeBean:0.03666666666666667
