Configuration:0.4
CruiseControlController:0.24666666666666667
CruiseControlMBean:0.24666666666666667
CruiseControlControllerJMXAdaptor:0.24333333333333335
PluginsServlet:0.21666666666666667
ConfigurationInterceptor:0.19
PluginLocator:0.17666666666666667
Schedule:0.16083333333333333
ModificationSet:0.1486111111111111
PluginDetailsServlet:0.13333333333333333
DetailsInterceptor:0.09
ConfigurationServlet:0.07
PluginsAware:0.07
PluginsInterceptor:0.05333333333333334
