Keys:0.6733333333333333
DualKeySet:0.45666666666666667
EmptyKeys:0.20333333333333334
DualKeyScheme:0.09888888888888889
