InjectionPoint:0.5833333333333334
Signature:0.43
ProviderMethodsModule:0.3433333333333333
MultibindingsMethodScanner:0.20333333333333334
DaggerMethodScanner:0.17
