ClusterServiceImpl:0.6566666666666666
SilentOperation:0.5556111111111112
InternalPartitionServiceImpl:0.49333333333333335
BasicClusterStateTest:0.38333333333333336
