WebSocketClient:0.6966666666666667
WebsocketWriteThread:0.36
SSLClientExample:0.20666666666666667
ProxyClientExample:0.1688888888888889
