RedissonClient:0.6066666666666667
Redisson:0.5766666666666667
RedissonBlockingQueueTest:0.45666666666666667
RedissonQueueTest:0.3233333333333333
RedissonPriorityQueueTest:0.29
