LibraryInfo:0.3433333333333333
SelfResource:0.31333333333333335
BinderBrief:0.23333333333333334
Binder:0.23
BinderResource:0.21333333333333335
AbstractBinderResource:0.20333333333333334
ShareResource:0.2
AbstractResource:0.14666666666666667
