StringDialog:0.48333333333333334
Simulator:0.4772222222222222
MyComboBoxModel:0.33
