MinaContext:0.7166666666666667
NodeMessage:0.37
DataLocation:0.29503968253968255
ByteBufferLocation:0.2833333333333333
NodeIoHandler:0.2544444444444445
ByteBufferOutputStream:0.25083333333333335
SerializationUtils:0.24333333333333335
SocketChannelClient:0.24
NodeNioServer:0.22361111111111115
FileLocation:0.22333333333333333
MinaNodeServer:0.20333333333333334
ByteBufferOutputDestination:0.19666666666666666
NioObject:0.19333333333333333
NodeIoFilter:0.18
NioContext:0.14333333333333334
IoSessionWrapper:0.14
ChannelInputSource:0.13666666666666666
SendingBundleState:0.11333333333333333
JobQueueChecker:0.1
ChannelTransitionTask:0.0033333333333333335
