VarEdgeMultipleRecord:0.5733333333333334
ExplorationTest:0.48
VarEdgeSingularRecord:0.37577777777777777
VarEdgeSearchItem:0.22
WildcardEdgeSearchItem:0.15666666666666668
