MenuHelper:0.5633333333333334
Model:0.305
ViewManager:0.3
PopupWidget:0.22166666666666668
Tree:0.20777777777777778
