InternalPartitionService:0.5811111111111111
BasicOperationService:0.47333333333333333
LocalOperationProcessor:0.3
BasicOperationScheduler:0.3
InternalPartitionServiceImpl:0.29
ResponseThread:0.29
OperationProcessor:0.26666666666666666
OperationThread:0.20666666666666667
OperationBackupHandler:0.10666666666666667
InvokeOnPartitions:0.09666666666666666
BasicDispatcherImpl:0.03222222222222222
OperationPacketProcessor:0.02666666666666667
ResponsePacketProcessor:0.01
