BlockIterableBuilder:0.4725
BlockAssertions:0.31
OperatorAdapter:0.26266666666666666
TestAverage:0.22333333333333333
OperatorAssertions:0.13333333333333333
