Settlement:0.6233333333333333
DriveGroundVehicle:0.37
EmbarkFromSettlement:0.27666666666666667
MaintainVehicle:0.18333333333333332
