Result:0.7166666666666667
Fields:0.48333333333333334
SelectImpl:0.35333333333333333
ResultImpl:0.32
Cursor:0.31337301587301586
TableLike:0.29003968253968254
UDT:0.29003968253968254
AbstractTable:0.15
SelectQueryImpl:0.15
CursorImpl:0.12333333333333334
UDTImpl:0.10666666666666667
