GestureDetector:0.5433333333333333
BulletTest:0.27166666666666667
BulletTestCollection:0.19166666666666668
GestureListener:0.15833333333333333
GestureAdapter:0.15833333333333333
Box2DTestCollection:0.14416666666666667
CameraController:0.115
