NodeJoinController:0.6588888888888889
ClusterBlocks:0.39
NodeJoinControllerTests:0.3333333333333333
Custom:0.2733333333333333
ZenDiscovery:0.27166666666666667
