NewItemAction:0.48583333333333334
AddItemAction:0.4780555555555555
