BasicOperationScheduler:0.43666666666666665
OperationHandler:0.28
OperationThread:0.27
BasicOperationService:0.27
ResponseThread:0.22333333333333333
BasicInvocationFuture:0.22333333333333333
LocalOperationProcessor:0.19777777777777777
IsStillExecutingOperation:0.12
ResponseHandler:0.10333333333333333
