Term:0.5366666666666666
TermUtil:0.3233333333333333
KeyWordComputer:0.27
NatureLibrary:0.24666666666666667
NatureRecognition:0.21166666666666667
NgramLibrary:0.21
ForeignPersonRecognition:0.19
Graph:0.18
SummaryComputer:0.155
FilterModifWord:0.15333333333333332
NewWordRecognition:0.12333333333333334
UserDefineRecognition:0.11666666666666667
AsianPersonRecognition:0.11333333333333333
AnsjServlet:0.10333333333333333
DefineDemo:0.08666666666666667
NameFix:0.08
MathUtil:0.07666666666666666
UserDefinedAnalysisTest:0.07666666666666666
NewWordFindDemo:0.07333333333333333
NumRecognition:0.07
