MviBasePresenter:0.44
DisposableIntentObserver:0.37333333333333335
IntentRelayBinderPair:0.3566666666666667
HomeFragment:0.33
