TransitionSet:0.6333333333333333
TransitionableState:0.37666666666666665
Flow:0.37
XmlFlowBuilder:0.27666666666666667
AbstractFlowBuilder:0.25666666666666665
NoMatchingTransitionException:0.22
ActionState:0.20333333333333334
XmlFlowBuilderTests:0.17333333333333334
