AdjustBondOrdersEdit:0.44333333333333336
IUndoRedoFactory:0.2633333333333333
AddBondModule:0.24
ChangeChargeEdit:0.18666666666666668
MoveAtomEdit:0.17666666666666667
MolecularFormulaManipulator:0.14666666666666667
CycleSymbolModule:0.14666666666666667
AddAtomModule:0.14666666666666667
AlterBondStereoModule:0.14
MoveModule:0.13333333333333333
ChangeFormalChargeModule:0.10333333333333333
