Processor:0.5733333333333334
ExtractorHTML:0.20333333333333334
Postselector:0.19666666666666666
FetchHTTP:0.16333333333333333
ExtractorUniversal:0.16333333333333333
CrawlOrder:0.16
ExtractorCSS:0.143
ExtractorJS:0.143
PreconditionEnforcer:0.13666666666666666
FetchDNS:0.13666666666666666
ExtractorDOC:0.13333333333333333
ExtractorSWF:0.13333333333333333
ExtractorPDF:0.13333333333333333
ExtractorHTTP:0.13333333333333333
Preselector:0.11
