OrFilter:0.7449444444444445
PathDepthFilter:0.4333888888888888
