Groove:0.49
StructuralFormat:0.35
Converter:0.3
Generator:0.2866666666666667
AutFormat:0.19666666666666666
Exporter:0.13666666666666666
FsmFormat:0.13666666666666666
