Administrator:0.71
SingleKeyBindingPanel:0.21333333333333335
DatastreamPane:0.21
ObjectPane:0.18333333333333332
DatastreamBindingPane:0.17333333333333334
DisseminatorPane:0.16
FieldSearchSQLImpl:0.14333333333333334
CurrentVersionPane:0.13666666666666666
