PrismClient:0.6266666666666667
PrismNamespace:0.23
HiveNamespace:0.17333333333333334
PrismConfig:0.15333333333333332
TestPrismConfig:0.14
PrismImportClientFactory:0.12666666666666668
