ConfigurationClass:0.5966666666666667
ConfigurationModel:0.23
JavaConfigApplicationContextTypeSafeGetBeanMethodTests:0.22333333333333333
ConfigurationClassTests:0.20333333333333334
JavaConfigApplicationContextTests:0.18333333333333332
PotentialConfigurationClass:0.13
ReflectingConfigurationParser:0.10666666666666667
ConfigurationParserTests:0.04666666666666667
OuterConfig:0.04
ConfigurationModel_ValidationTests:0.03916666666666667
BeanDefinitionRegisteringConfigurationModelRenderer:0.013333333333333334
DeclaringClassInclusionPolicy:0.013333333333333334
