AtomDiffTest:0.11666666666666667
IsotopeDiffTest:0.11666666666666667
ChemObjectDiffTest:0.11666666666666667
ElementDiffTest:0.11666666666666667
AtomTypeDiffTest:0.11666666666666667
BondDiffTest:0.10666666666666667
ElectronContainerDiffTest:0.09333333333333334
