Block:0.5066666666666667
VersionMessage:0.4862222222222222
Message:0.4705555555555556
GetBlocksMessage:0.04
AddressMessage:0.04
InventoryMessage:0.04
UnknownMessage:0.013333333333333334
