Processor:0.6733333333333333
Pipeline:0.41
PipelineStore:0.2966666666666667
GrokProcessor:0.09
PipelineExecutionServiceTests:0.07
SimpleProcessor:0.06333333333333334
GeoIpProcessor:0.05333333333333334
IngestModule:0.046944444444444455
IngestActionFilterTests:0.016666666666666666
PipelineStoreTests:0.013333333333333334
