Property:0.5766666666666667
PropertyTest:0.3333333333333333
