Glossary:0.5233333333333333
ExportBuilder:0.36666666666666664
Container:0.35
Class:0.35
ConstraintToGroove:0.32666666666666666
Config:0.32
Enum:0.2866666666666667
Field:0.2833333333333333
Object:0.28
GrooveToMeta:0.24333333333333335
GrammarVisitor:0.23333333333333334
MetaToGroove:0.23
Design:0.20666666666666667
GlossaryToEcore:0.19333333333333333
EcoreToInstance:0.19333333333333333
GlossaryToGroove:0.19
GrooveToConstraint:0.18666666666666668
GlossaryToGxl:0.18666666666666668
ContainerValue:0.18333333333333332
GrooveToType:0.18333333333333332
DesignToEcore:0.18
GxlToGlossary:0.18
Tuple:0.18
DesignToGxl:0.17333333333333334
OppositeProperty:0.17
Importers:0.16666666666666666
StringType:0.16666666666666666
Exporters:0.16666666666666666
RealType:0.16666666666666666
EcoreToType:0.16666666666666666
IntType:0.16666666666666666
TypeImporter:0.16333333333333333
StringValue:0.16
DesignToGroove:0.16
BoolType:0.15666666666666668
TupleValue:0.15333333333333332
EnumValue:0.15
DefaultValueProperty:0.14666666666666667
InstanceImporter:0.14666666666666667
CustomDataValue:0.14
GrooveToInstance:0.13666666666666666
IntValue:0.13666666666666666
RealValue:0.13666666666666666
CustomDataType:0.13666666666666666
KeysetProperty:0.13333333333333333
ConceptualPorter:0.13333333333333333
ContainmentProperty:0.13333333333333333
BoolValue:0.12333333333333334
IdentityProperty:0.12333333333333334
EcoreExport:0.12
EcorePorter:0.11333333333333333
AbstractProperty:0.10666666666666667
DesignExportBuilder:0.10388888888888888
GxlPorter:0.09666666666666666
Export:0.09666666666666666
GlossaryExportBuilder:0.08888888888888888
GxlExport:0.058333333333333334
GrooveExport:0.056666666666666664
GxlToDesign:0.04666666666666667
GrooveExportThreaded:0.03777777777777778
Messenger:0.0033333333333333335
Acceptor:0.0
