Pointtransfer:0.7094444444444444
PointtransferQueryService:0.2733333333333333
Common:0.26666666666666666
ActivityProcessor:0.15666666666666668
Activity1A0001Validation:0.11333333333333333
ActivityMgmtService:0.05333333333333334
ActivityQueryService:0.016666666666666666
