Term:0.72
TermUtil:0.29
ToAnalysis:0.27666666666666667
ToAnalysisTest:0.15
PersonRecognitionTest:0.13333333333333333
