MPanel:0.05394903
MMessage:0.047786262
ContainerIterator:0.039475746
MButton:0.0313422
MSmallButton:0.03133312
TK:0.018859163
UI:0.018187024
MActionInfo:0.014658136
MScrollPane:0.012324958
MHighlighter:0.010656132
MIcon:0.009562097
WTFError:0.0036810946
