MockTransportService:0.6266666666666667
DiscoveryWithServiceDisruptionsIT:0.27666666666666667
NetworkPartition:0.2633333333333333
IndicesStoreIntegrationIT:0.25
CorruptedFileIT:0.23333333333333334
IndexWithShadowReplicasIT:0.20666666666666667
IndexRecoveryIT:0.20666666666666667
NetworkDelaysPartition:0.19
RelocationIT:0.13666666666666666
NetworkUnresponsivePartition:0.13333333333333333
ClusterInfoServiceIT:0.11
TruncatedRecoveryIT:0.10666666666666667
ExceptionRetryIT:0.10666666666666667
NetworkDisconnectPartition:0.08
IndexingMasterFailoverIT:0.07
