SingleSignOnSessionsReportController:0.36666666666666664
ConfigurationStateController:0.21
StatisticsController:0.19333333333333333
LoggingConfigController:0.17666666666666667
SingleSignOnSessionStatusController:0.15333333333333332
MetricsController:0.15333333333333332
AuthenticationEventsController:0.11333333333333333
TrustedDevicesController:0.08
PersonDirectoryAttributeResolutionController:0.05
