Configuration:0.45
MainFrame:0.44666666666666666
RuntimeEnvironment:0.37666666666666665
Config:0.3466666666666667
SearchEngine:0.25333333333333335
