ModuleLabels:0.5466666666666666
Qedeq2LatexExecutor:0.51
ModuleLabelsCreator:0.4166666666666667
