CsvUtils:0.56
DataExtractorService:0.2633333333333333
CsvExtractor14:0.25
DataExtractorContext:0.14777777777777779
CsvExtractor:0.14
ParameterConstants:0.09666666666666666
StreamInsertDataCommand:0.08
StreamCreateDataCommand:0.08
StreamUpdateDataCommand:0.08
StreamDeleteDataCommand:0.08
CsvExtractor16:0.07333333333333333
