ByteUtil:0.6233333333333333
Config:0.4666666666666667
IOUtil:0.2633333333333333
MapConfig:0.24333333333333335
SymmetricEncryptionConfig:0.2377777777777778
Interfaces:0.22722222222222224
TcpIpConfig:0.21
NetworkConfig:0.17333333333333334
ByteUtilTest:0.15666666666666668
