Robot:0.49
AWT:0.41333333333333333
ComponentReference:0.27666666666666667
ScriptEditor:0.2733333333333333
ScriptEditorFrame:0.21333333333333335
ComponentReferenceTest:0.17
AbstractMatcher:0.07666666666666666
NameMatcher:0.04666666666666667
BugChecker:0.02666666666666667
ClassMatcher:0.023333333333333334
WindowMatcher:0.023333333333333334
