TestCase:0.55
TestListener:0.5233333333333333
Runner:0.5
ReportEntry:0.46
TestEvent:0.02666666666666667
