AnalyzerService:0.6433333333333333
AnalyzerVisitor:0.31666666666666665
SQLService:0.2824444444444444
TableVisitorTest:0.2633333333333333
CrateClusterSettingsActionTest:0.22666666666666666
