RoutingNodes:0.7033333333333334
AllocationService:0.39
FailedShardsRoutingTests:0.30666666666666664
