AbstractTestQueries:0.4266666666666667
ArrayHashCodeOperator:0.30666666666666664
AbstractTestFunctions:0.30666666666666664
ArrayType:0.2966666666666667
MapType:0.2555555555555556
TestArrayOperators:0.10666666666666667
TestMapOperators:0.07333333333333333
TestRowOperators:0.043333333333333335
