ITransmitter:0.4225
TransferDescription:0.4166666666666667
User:0.38
OutgoingInvitationProcess:0.37333333333333335
XMPPChatTransmitter:0.32
IncomingInvitationProcess:0.2733333333333333
ISessionManager:0.23833333333333334
DataTransferManager:0.23666666666666666
JoinSessionWizard:0.23666666666666666
InvitationDialog:0.20666666666666667
SessionManager:0.19666666666666666
DiscoveryManager:0.18166666666666667
SessionLabelProvider:0.14666666666666667
InvitationInfo:0.14333333333333334
LocalPresenceTracker:0.13666666666666666
IBBTransferListener:0.115
CancelInviteHandler:0.11333333333333333
PacketExtensionUtils:0.11111111111111109
InvitationHandler:0.08333333333333333
UserListHandler:0.06666666666666667
DefaultInvitationInfo:0.06333333333333334
UserListInfo:0.0033333333333333335
ArchiveInfo:0.0
FileListInfo:0.0
UserListConfirmationExtensionProvider:0.0
