CorpusActionService:0.6566666666666666
TxmI18N:0.47333333333333333
TreeContextMenu:0.3333333333333333
SideNavTree:0.23666666666666666
UIService:0.2305555555555555
CorpusActionServiceImpl:0.21666666666666667
CorpusActionServiceAsync:0.205
ConcordanceForm:0.18333333333333332
SignInForm:0.18333333333333332
VocabularyForm:0.14
ProfileForm:0.14
SubcorpusForm:0.13
LoginForm:0.08333333333333333
UIServiceImpl:0.07333333333333333
ActionFactory:0.06333333333333334
UIServiceAsync:0.04
DeletePermission:0.029166666666666667
VocabularyParam:0.023333333333333334
VocabularyPermission:0.0
