Multimap:0.5766666666666667
AbstractMultimap:0.51
AbstractMultimapTest:0.49666666666666665
