CdkJmolAdapter:0.7066666666666667
JmolView:0.26666666666666666
JmolPanel:0.23333333333333334
StructureIterator:0.18
