Configuration:0.7365555555555555
LossDetector:0.4693333333333334
