TrainingTest:0.5583333333333333
QuoteTest:0.34199999999999997
