JpaTicketRegistry:0.4033333333333333
TicketGrantingTicketDelegator:0.36
JpaTicketRegistryTests:0.3233333333333333
ServiceTicketDelegator:0.22333333333333333
AbstractDistributedTicketRegistry:0.22
ProxyGrantingTicketImpl:0.013333333333333334
