WebKeys:0.6543333333333333
AjaxController:0.5533333333333333
UserAppConfig:0.36333333333333334
ObjectKeys:0.33322222222222225
SsfsUtil:0.27
ListFolderHelper:0.20333333333333334
ViewEntryController:0.15
WorkspaceTreeHelper:0.15
ListProfilesController:0.12333333333333334
