Facade:0.7933333333333333
WSClient:0.5033333333333333
JaxRpcFacade:0.26
AbstractFacade:0.19333333333333333
