Sql:0.7866666666666666
SqlImpl:0.2975
ComboSql:0.2975
EntityParsingTest:0.18333333333333332
FieldQueryImpl:0.14666666666666667
AutoGenerateValueTest:0.12333333333333334
