Node:0.5566666666666666
HTMLElement:0.38333333333333336
Range:0.31333333333333335
ClassConfiguration:0.29555555555555557
TreeWalker:0.28555555555555556
HTMLDocument:0.22666666666666666
HTMLSelectElement:0.22
HTMLScriptElement:0.19
