DefaultComponentFinder:0.43666666666666665
ComponentRecorder:0.43666666666666665
TestHierarchy:0.27
EventNormalizer:0.21666666666666667
LocalHierarchy:0.21666666666666667
ThreadTerminatingSecurityManager:0.18333333333333332
