Substream:0.6012777777777778
RetriableStream:0.5966666666666667
BufferEntry:0.34
State:0.29333333333333333
RetriableStreamTest:0.17666666666666667
Sublistener:0.09777777777777777
