Iterator:0.5733333333333334
RedBlackTree:0.42
RedBlackTreeTest:0.2633333333333333
TreeUtil:0.19944444444444445
IteratorModule:0.0
RedBlackTreeModule:0.0
