Convolution:0.6066666666666667
CSVDataFetcher:0.49833333333333335
SdaTest:0.22555555555555554
