TableView:0.4533333333333333
TimeTunnelCommand:0.3566666666666667
GreysConsole:0.2866666666666667
GroovyExpress:0.26
GaStringUtils:0.25
WatchCommand:0.11333333333333333
ExpressFactory:0.05
