ProgressiveCommandLinkRenderer:0.24333333333333335
ResourceServlet:0.19333333333333333
BaseDojoParentComponentRenderer:0.15
ValidateAllRenderer:0.15
BaseSpringFacesParentComponentRenderer:0.15
ExtJsRenderer:0.15
SpringFacesRenderer:0.15
DojoRenderer:0.15
AjaxEventInterceptorRenderer:0.14666666666666667
ExtAdvisorRenderer:0.14666666666666667
DojoAdvisorRenderer:0.11666666666666667
