BaseLayer:0.525
TestGradientNormalization:0.3755555555555556
BaseMultiLayerUpdater:0.35555555555555557
