JdbcExtendedDaoImpl:0.4880000000000001
BasicAclExtendedDao:0.26430555555555557
