ClientConnection:0.6866666666666666
Http1xTest:0.46972222222222226
Http1xPool:0.27
ClientHandler:0.2277777777777778
