AdminModule:0.73
WorkAreaFunctionMembershipManager:0.45438888888888895
AbstractAdminModule:0.36333333333333334
WorkAreaFunctionMembershipManagerImpl:0.28
