ByteString:0.7466666666666667
SegmentedByteString:0.45666666666666667
ByteStringTest:0.08666666666666667
