TupleInfo:0.3566666666666667
BenchmarkSuite:0.3006666666666667
ColumnImportSpec:0.22333333333333333
SampleTcphBenchmark:0.22
Sample:0.21833333333333332
JMeterOutputWriter:0.2
ColumnDefinition:0.19666666666666666
TupleStreamSerdes:0.19333333333333333
LineReaderIterator:0.18333333333333332
ForwardingBenchmarkResultWriter:0.17
JsonBenchmarkResultWriter:0.11666666666666667
JMeterBenchmarkResultWriter:0.11555555555555558
SimpleLineBenchmarkResultWriter:0.11
BlockDataImporter:0.043333333333333335
