ArgumentReplacer:0.5333333333333333
ComposedQuery:0.38
AttributeParametrizer:0.31666666666666665
MultipleAttributeParametrizer:0.2866666666666667
