Robot:0.58
Platform:0.43666666666666665
Step:0.4033333333333333
Call:0.36666666666666664
Script:0.3566666666666667
ScriptEditor:0.35333333333333333
Sequence:0.32666666666666666
ComponentReference:0.2866666666666667
JTextComponentTesterTest:0.25666666666666665
JTreeLocationTest:0.25666666666666665
JTreeTester:0.25
JTableTester:0.22333333333333333
StringsTest:0.22166666666666668
ScriptEditorFrame:0.21333333333333335
ScriptTable:0.21333333333333335
AbstractRecorderFixture:0.21
CallTestClass:0.1830952380952381
TreePathParserTest:0.18
AppClassLoaderTest:0.17666666666666667
JTextComponentTester:0.17
StepCutAction:0.16333333333333333
FileDialogRecorderTest:0.16333333333333333
CallTest:0.16166666666666665
JComboBoxTester:0.16166666666666665
JTableTesterTest:0.15
RecordingFailedException:0.10666666666666667
ActionTest:0.09
JTabbedPaneTester:0.07
WeakAWTEventListenerTest:0.056666666666666664
StepPasteAction:0.05333333333333334
MyAction:0.03
WeakAWTEventListener:0.03
StepDeleteAction:0.0033333333333333335
EditorConstants:0.0
StepCopyAction:0.0
