LevelIndex:0.4680952380952382
RuleModel:0.42083333333333334
RuleLevel2:0.39
LevelMap:0.38666666666666666
RuleLevel1:0.32
Parameters:0.1866666666666667
