RecordCursor:0.52
FilterAndProjectOperator:0.5
BytesHiveRecordCursor:0.32666666666666666
GenericHiveRecordCursor:0.2966666666666667
DelimitedRecordCursor:0.25333333333333335
MappedRecordCursor:0.25333333333333335
FilterAndProjectOperatorFactory:0.24666666666666667
InMemoryRecordCursor:0.21
PredicateFilterBenchmark:0.20666666666666667
TupleInputResolver:0.18
ScanFilterAndProjectOperator:0.13333333333333333
InMemoryRecordSet:0.13
InfiniteRecordSet:0.11
TestFilterAndProjectOperator:0.11
ScanFilterAndProjectOperatorFactory:0.07
