Common:0.7466666666666667
Pointtransfer:0.29333333333333333
UserProcessor:0.27666666666666667
ArticleProcessor:0.22666666666666666
FollowProcessor:0.2
Filler:0.18666666666666668
LoginProcessor:0.16
NotificationProcessor:0.11666666666666667
ActivityQueryService:0.11666666666666667
CommentProcessor:0.11333333333333333
PointtransferQueryService:0.04833333333333333
Markdowns:0.03432539682539683
ActivityProcessor:0.03333333333333333
ActivityMgmtService:0.0033333333333333335
