ThreadContext:0.40777777777777774
ConcurrentMapManager:0.3233333333333333
CProxy:0.2633333333333333
CMap:0.25333333333333335
SimpleDataEntry:0.21
MIterator:0.19
MAdd:0.18
MRead:0.13666666666666666
ConcurrentMapOperations:0.0
