ServiceProperties:0.5966666666666667
DefaultServiceAuthenticationDetailsTests:0.37333333333333335
DefaultServiceAuthenticationDetails:0.32
ServiceAuthenticationDetailsSource:0.24333333333333335
ServicePropertiesTests:0.14333333333333334
