OutlineComponent:0.33666666666666667
JDBCReverseEngineeringStrategy:0.28
ERDesignerBundle:0.24277777777777776
MSSQLReverseEngineeringStrategy:0.14666666666666667
PostgresReverseEngineeringStrategy:0.14666666666666667
H2ReverseEngineeringStrategy:0.14333333333333334
OutlineMouseListener:0.10527777777777778
