GUI:0.8233333333333334
LoginHelper:0.4666666666666667
TasksCheckerTask:0.21
