SingleProducerCircularBuffer:0.44333333333333336
SingleProducerCircularObjectBuffer:0.1
SingleProducerCircularFloatBuffer:0.07666666666666666
SingleProducerCircularLongBuffer:0.07666666666666666
SingleProducerCircularDoubleBuffer:0.07666666666666666
SingleProducerCircularIntBuffer:0.07666666666666666
SingleProducerCircularWordBuffer:0.05
SingleProducerCircularDWordBuffer:0.05
