StateTracker:0.8375
HazelCastStateTracker:0.4866666666666667
DeepAutoEncoderHazelCastStateTracker:0.4666666666666667
ModelSavingActor:0.25333333333333335
DeepAutoEncoderTest:0.22333333333333333
DeepAutoEncoderDistributedTrainer:0.21194444444444446
WorkerActor:0.21066666666666667
ActorNetworkRunner:0.2
DistributedDeepAutoEncoderExample:0.13
