RaSearchCertificate:0.38
RaSearchEndEntity:0.37666666666666665
RaSearchCertsBean:0.33
RaMasterApiSessionBean:0.31333333333333335
RaMasterApiProxyBean:0.2866666666666667
RaSearchEesBean:0.2733333333333333
