LongDecimalType:0.5196666666666667
ShortDecimalType:0.3908333333333333
DecimalType:0.38
