Dbms:0.9604444444444444
DbmsPool:0.36333333333333334
