DiscreteAveragingAsianOption:0.3933333333333333
BjerksundStenslandApproximationEngine:0.22666666666666666
JuQuadraticApproximationEngine:0.21666666666666667
BaroneAdesiWhaleyApproximationEngine:0.19
AsianOptionTest:0.13
BarrierOptionArguments:0.1
IntegralEngine:0.04666666666666667
