EntityEntry:0.32
EntityType:0.31333333333333335
HbmBinder:0.295
AbstractEntityTuplizer:0.29333333333333333
Cascade:0.29
TypeFactory:0.23666666666666666
CustomPersister:0.23666666666666666
ManyToOneType:0.22333333333333333
ManyToOne:0.17666666666666667
