LuceneSearcher:0.36666666666666664
SearchManager:0.36
LuceneUtils:0.33666666666666667
CatalogSearcher:0.24333333333333335
MainUtil:0.15666666666666668
XmlSerializer:0.14333333333333334
SearchResult:0.12169841269841271
MailWmcContext:0.08333333333333333
