TextEditor:0.1348448
TextEditorKit:0.08026722
TextEditorDocument:0.035975415
TextEditorDesigner:0.029315682
