WxCpUserAPITest:0.28
NewsBuilder:0.18333333333333332
TextBuilder:0.18333333333333332
FileBuilder:0.18333333333333332
ImageBuilder:0.18333333333333332
VoiceBuilder:0.18333333333333332
WxCpDepartAPITest:0.17
VideoBuilder:0.12
