DBMolecule:0.71
GeneralUtils:0.3333333333333333
AnalyzeAction:0.19
Render3DAction:0.16333333333333333
DisplayAction:0.16
