TextAreaPainter:0.30215836
ExtensionManager:0.18150896
TextArea:0.15692036
StructureMatcher:0.14237763
EditPane:0.1285157
TextAreaExtension:0.110620625
ChunkCache:0.08776328
DisplayManager:0.084030725
ShapedFoldPainter:0.082166545
TriangleFoldPainter:0.08123413
FoldPainter:0.08108898
StandaloneTextArea:0.06886772
TextAreaMouseHandler:0.06763898
JEditBuffer:0.06398613
View:0.06164446
Selection:0.02949849
BufferListener:0.02932618
BufferAdapter:0.025546297
Log:0.010082863
GutterPopupHandler:0.0096184695
MouseActionsProvider:0.002266469
