TextArea:0.08710346
TextAreaPainter:0.07288135
TextAreaExtension:0.043036427
JEditBuffer:0.009831938
Selection:0.008741096
