JEditTextArea:0.24766105
SelectionManager:0.15983027
JEditBuffer:0.14730309
TextAreaMouseHandler:0.13186075
EditPane:0.13105397
Gutter:0.12679139
DisplayManager:0.12292184
ChunkCache:0.12117761
TextAreaPainter:0.1197948
BufferHandler:0.11701204
Selection:0.109444596
TextUtilities:0.10800045
Registers:0.09384926
Buffer:0.07914024
Anchor:0.07730577
StructureMatcher:0.07654498
CompleteWord:0.07536309
jEdit:0.06744737
SearchAndReplace:0.06523501
View:0.063499875
InputMethodSupport:0.06113697
FirstLine:0.059653953
HyperSearchResult:0.05616183
Abbrevs:0.055785887
ScrollLineCount:0.05521787
StandaloneTextArea:0.053135734
HyperSearchRequest:0.05013776
SelectionLengthWidgetFactory:0.04849607
ExtensionManager:0.048326373
StatusBar:0.04619718
JEditActionSet:0.04310292
BeanShell:0.04289037
MouseHandler:0.041044462
TextAreaTransferHandler:0.03972063
FoldPainter:0.03800838
StandardUtilities:0.037567474
SelectLineRange:0.03615531
StatusListener:0.03386008
Chunk:0.032536086
Log:0.031413436
SearchBar:0.030065678
TextAreaInputHandler:0.029895546
DefaultTokenHandler:0.029143414
CompletionPopup:0.02795806
AbstractInputHandler:0.02731945
MarkerViewer:0.02642405
SearchDialog:0.025850657
PasteFromListDialog:0.025395745
TriangleFoldPainter:0.024263969
MarkersProvider:0.02384471
BufferPrintable:0.023506891
Token:0.023242975
TextAreaDropHandler:0.021176169
Debug:0.021150341
InputHandler:0.020872852
BeanShellFacade:0.020380618
JEditActionContext:0.020332111
JEditBeanShellAction:0.016692344
MultiSelectWidgetFactory:0.01583008
RegisterViewer:0.014791117
RectSelectWidgetFactory:0.013540781
PositionChanging:0.012643007
QuickNotepad:0.012271552
BufferInsertRequest:0.009426807
JEditEmbeddedTextArea:0.007431489
OverwriteWidgetFactory:0.007279904
ScrollListener:0.0067677577
TextAreaBorder:0.0039198888
ScrollLayout:0.0016426734
IPropertyManager:0.0015726886
TextAreaException:8.71453E-4
MouseActions:8.7037106E-4
DefaultInputHandlerProvider:4.5505335E-4
InputHandlerProvider:4.1876297E-4
