PropertyExtractingDelegatingItemWriter:0.39
ItemWriterAdapter:0.17666666666666667
PropertyExtractingDelegatingItemProccessorIntegrationTests:0.15666666666666668
ItemWriterAdapterTests:0.15666666666666668
ItemReaderAdapter:0.15333333333333332
ItemReaderAdapterTests:0.14666666666666667
