LocalExchange:0.6
LocalExchangeSinkFactory:0.44666666666666666
TestLocalExchange:0.26666666666666666
LocalExchangeSourceOperator:0.16333333333333333
LocalExchangeSinkOperator:0.16333333333333333
PageReference:0.15
