PackagePrivateParent:0.5411111111111111
NumberResolver:0.27666666666666667
ShortTestCase:0.14333333333333334
ByteTestCase:0.14333333333333334
