TaskConfig:0.41555555555555557
Builder:0.28
AgentConfig:0.2633333333333333
SupervisorFactory:0.25
AgentService:0.18333333333333332
AgentParser:0.13666666666666666
