MultiPhrasePrefixQuery:0.5533333333333333
PSubDefCall:0.17
ModulesBuilder:0.15666666666666668
CandidateSet:0.15666666666666668
IndexWarmer:0.15
