Messages:0.8666666666666667
AbstractWrappedDataSpace:0.37
AbstractDataSpaceEditorDelegate:0.3433333333333333
AbstractDataSpaceEditor:0.34
DataSpaceEditorDelegate:0.32
CharacterDataAreaEditorDelegate:0.27666666666666667
DataAreaText:0.24333333333333335
ObjectLock:0.20333333333333334
UnsupportedDataAreaEditorDelegate:0.19166666666666668
LogicalDataAreaEditorDelegate:0.18
DecimalDataAreaEditorDelegate:0.18
AbstractObjectLockManager:0.12333333333333334
