CollectionItem:0.5
CollectionContainer:0.34
TxCollectionItem:0.33666666666666667
ListContainer:0.20333333333333334
SetContainer:0.13666666666666666
AbstractTransactionalCollectionProxy:0.13666666666666666
