ReceiveChannelEndpoint:0.73
SendChannelEndpoint:0.36666666666666664
UdpChannelTransport:0.2866666666666667
SelectorAndTransportTest:0.18666666666666668
