ConnectionJDBC2:0.4866666666666667
SharedSocket:0.42333333333333334
AbstractDataSource:0.29
SharedNamedPipe:0.19666666666666666
Driver:0.15333333333333332
JtdsObjectFactory:0.10527777777777778
