LongestPathLA:0.39
LayerAssignment:0.38616666666666666
HierarchicalLayoutAlgorithm:0.36666666666666664
Layer:0.36
VertexByXPositionComparator:0.01
