GetActionTests:0.6466666666666666
RoutingFieldMapper:0.58
TypeParser:0.20333333333333334
RoutingTypeMapperTests:0.16333333333333333
