Block:0.6566666666666666
NetworkParameters:0.4266666666666667
BlockChainTest:0.08666666666666667
