TestServiceClient:0.7669444444444444
TestServiceServer:0.6721111111111112
