HttpMessage:0.7633333333333333
HttpProtocol:0.5066666666666667
HttpParser:0.2833333333333333
Parameters:0.02
