Flags:0.17717269
ConfigFile:0.13736188
MActionInfo:0.09254053
