GwtTeamingMessages:0.6677777777777777
GwtMainPage:0.4766666666666667
LoginDlg:0.43666666666666665
