AbstractSimpleTranslogTests:0.7383333333333333
ChecksummedTranslogStream:0.52
IndexShardGateway:0.37333333333333335
TranslogVersionTests:0.2733333333333333
