CommandRecorder:0.5066666666666667
CommandRecorderTest:0.41
RecordingBinder:0.37333333333333335
InterceptingInjectorBuilder:0.24666666666666667
CommandReplayerTest:0.13333333333333333
