IDbDialect:0.48
DerbyDbDialect:0.35
AbstractDbDialect:0.34
SqlTemplate:0.30666666666666664
SimpleIntegrationTest:0.3
TableTemplate:0.2833333333333333
MsSqlDbDialect:0.16666666666666666
