Gedcom:0.6116666666666667
ActionNew:0.19666666666666666
