BlockJUnit4ClassRunnerWithParameters:0.48
Categories:0.4633333333333333
CategoriesAndParameterizedTest:0.31333333333333335
ParameterizedTestWithCategory:0.14888888888888888
ParameterizedTestWithoutCategory:0.14888888888888888
ParameterizedTestWithMethodWithCategory:0.13
SuiteWithParameterizedTestWithoutCategory:0.024166666666666666
SuiteWithParameterizedTestWithCategory:0.024166666666666666
SuiteWithParameterizedTestWithMethodWithCategory:0.024166666666666666
TestThatAvoidsNoTestRemainsException:0.0
