StructuredbManager:0.74
IStructuredbManager:0.6933333333333334
TestData:0.36333333333333334
StructuredbManagerTest:0.18
