Enhancer:0.6733333333333333
TestEnhancer:0.37
EnhancerKey:0.3473888888888889
Constants:0.02
