Delta:0.49333333333333335
Indi:0.49333333333333335
PointInTime:0.42333333333333334
ReportGedcomStatistics:0.38666666666666666
PropertyAge:0.3
TestAge:0.15
ProxyEvent:0.10666666666666667
ActionUpdate:0.09
