RobolectricTestRunner:0.4822222222222223
LocalDependencyResolver:0.33911111111111114
ShadowWifiManager:0.21666666666666667
ShadowWifiManagerTest:0.21333333333333335
ShadowTelephonyManagerTest:0.14
ShadowParcelTest:0.12
ShadowWifiInfoTest:0.11333333333333333
ShadowWifiInfo:0.023333333333333334
