MaintainGroundVehicleEVA:0.8233333333333334
MaintenanceEVA:0.7266666666666667
