ResultImpl:0.74
AbstractRecord:0.4633333333333333
JSONValue:0.3794444444444444
