WirecardCCPayment:0.7416666666666667
WirecardEFTPayment:0.6576666666666667
