SystemProperties:0.6166666666666667
Fork:0.2866666666666667
