PPTGraphics2D:0.7266666666666667
PPTSwingServerExporter:0.21044444444444443
PPTJFXExporter:0.2
PPTJFXServerExporter:0.19444444444444445
JFXSnapshotInitializer:0.13333333333333333
SwingSnapshotInitializer:0.13333333333333333
