ClassMetadata:0.6766666666666666
MetadataEntityManagerImpl:0.5266666666666666
BusinessEntityManagerImpl:0.38666666666666666
CacheManager:0.31333333333333335
ClassMetadataLight:0.2552777777777778
Util:0.17333333333333334
ObjectNotFoundException:0.03666666666666667
RemoteObject:0.03
