WebDriverTestCase:0.615
HTMLDocumentTest:0.5991666666666666
JQueryExtractor:0.25666666666666665
