MembersView:0.6966666666666667
MembershipManager:0.4077777777777778
MembersViewTest:0.17666666666666667
