MBOEConfirm:0.6666666666666666
X_C_BOEConfirm:0.6133333333333333
