GraphCondition:0.6166666666666667
DefaultGraphCondition:0.49333333333333335
AbstractCondition:0.44
DefaultMatching:0.30333333333333334
SPORule:0.30333333333333334
DefaultRuleMatch:0.29
ExistentialMatch:0.23
TypeDiscoverer:0.23
AspectualRuleView:0.20083333333333334
GossipRule:0.19666666666666666
NACTest:0.19333333333333333
ExistentialCondition:0.19111111111111112
UniversalCondition:0.08944444444444444
CompositeMatch:0.07
NegativeCondition:0.0
