CAAdminSessionBean:0.4066666666666667
CreateCRLSessionBean:0.2966666666666667
TestDeltaCRL:0.2633333333333333
CAInterfaceBean:0.26
LocalCertificateStoreSessionBean:0.21333333333333335
BaseCaAdminCommand:0.19666666666666666
