RunListenerAdapter:0.5
JUnitPlatformProviderTests:0.39666666666666667
JUnitPlatformProvider:0.3333333333333333
RunListenerAdapterTests:0.32
TestClass2:0.19222222222222224
TestClass1:0.1827777777777778
