AbstractOpenSamlTests:0.5733333333333334
Pac4jConfiguration:0.4033333333333333
SamlServletContextListener:0.33666666666666667
SamlAuthenticationRequestTests:0.25333333333333335
