ShadowActivity:0.6066666666666667
ShadowWrangler:0.5433333333333333
ShadowLooper:0.3566666666666667
InvocationPlan:0.21666666666666667
Setup:0.06
TestRunners:0.0
