HtmlRadioButtonInput2Test:0.5433333333333333
HtmlCheckBoxInput2Test:0.5433333333333333
HtmlRadioButtonInput:0.4633333333333333
