DbIpInterfaceEntry:0.54
EventConstants:0.45866666666666667
RescanProcessor:0.36333333333333334
IfLabel:0.35111111111111115
CollectdConfigFactory:0.35
IfCollector:0.3333333333333333
SnmpCollector:0.2733333333333333
SuspectEventProcessor:0.2325
CapsdConfigFactory:0.23
BroadcastEventProcessor:0.19666666666666666
LightWeightIfEntry:0.15
SnmpThresholder:0.13
