ThreadInfo:0.47
StateNode:0.33666666666666667
ObjVector:0.33
NoRecurse:0.27051984126984113
Default:0.23666666666666666
ThreadNode:0.2305555555555555
FilterBasedAbstractorConfiguration:0.21666666666666667
AbstractorBasedBuilder:0.21333333333333335
RootNode:0.19666666666666666
Process:0.18666666666666668
FramePolicy:0.18666666666666668
AmmendableFilterConfiguration:0.18333333333333332
IncludesFromAnnotations:0.13666666666666666
IgnoresFromAnnotations:0.13666666666666666
FrameLocalAbstractors:0.13
FilteringSerializer:0.10333333333333333
AbstractingSerializer:0.08666666666666667
StateGraphLinearizerSkeleton:0.06666666666666667
StateGraph:0.056230158730158734
StackTailAbstractors:0.05333333333333334
PolicyBased:0.02
