LossyCompressionService:0.5166666666666667
CompressCmd:0.3333333333333333
CompressionRule:0.31777777777777777
JpegLossy:0.29333333333333333
CompressionRules:0.15
Entry:0.056666666666666664
