JTreeReader:0.3844444444444445
TopComponentReader:0.365
EditorReader:0.2966666666666667
ScreenReaderFactory:0.24666666666666667
