FolderEntryDetails:0.64
ViewFolderEntryInfo:0.5133333333333333
FolderEntryComposite:0.33666666666666667
GwtTeamingMessages:0.31666666666666665
GwtServerHelper:0.3
GwtViewHelper:0.2733333333333333
GwtRpcServiceImpl:0.22444444444444447
FolderEntryHeader:0.056666666666666664
FolderEntryDetailsRpcResponseData:0.04666666666666667
GetFolderEntryDetailsCmd:0.04
