IndexCommitRef:0.43666666666666665
Engine:0.4166666666666667
EngineConfig:0.36333333333333334
IndexShard:0.35333333333333333
InternalEngineTests:0.29
LocalShardSnapshot:0.24333333333333335
IndexShardTests:0.21333333333333335
InternalEngine:0.20333333333333334
SnapshotShardsService:0.19666666666666666
