Q:0.5266666666666666
ClusterTest:0.33666666666666667
CMap:0.32
ClusterManager:0.24666666666666667
MemberStatsImpl:0.22333333333333333
ConcurrentMapManager:0.21
BlockingQueueManager:0.19666666666666666
HazelcastClientTest:0.18333333333333332
FactoryImpl:0.18333333333333332
MemberStatsPublisher:0.04
