ValueMirrors:0.6909444444444445
ValueType:0.4633333333333333
Constitution:0.42
StyleInfo:0.4066666666666667
Extractions:0.2711111111111111
Proto:0.2377777777777778
Scheme:0.0
