SSLHandler:0.5233333333333333
SocketClient:0.38666666666666666
DefaultSSLAsyncConnection:0.2711111111111111
BasicCompletionHandler:0.25333333333333335
ResponseHeaderCallback:0.14333333333333334
