WADOSupport:0.7066666666666667
BasicRequestObjectImpl:0.36666666666666664
WADOService:0.31
