Farming:0.39
Crop:0.38666666666666666
MainMenu:0.3433333333333333
QNotification:0.34
Person:0.34
MainScene:0.3233333333333333
CropType:0.3
Bee:0.26
Phase:0.22
BeeHive:0.21
GoodsManager:0.18
CropConfig:0.14666666666666667
CropTableModel:0.14
BeeGrowing:0.11444444444444443
Potting:0.1
