CustomLoginRequestBuilderAuthenticationTests:0.4766666666666667
CustomConfigAuthenticationTests:0.4766666666666667
AuthenticationTests:0.47
