FileAnalyzer:0.25666666666666665
RCSget:0.25666666666666665
RCSHistoryParser:0.25
StringPipe:0.24
FileHistoryCache:0.21333333333333335
GZIPAnalyzer:0.21333333333333335
PlainAnalyzer:0.21333333333333335
RCSRepository:0.20666666666666667
BazaarHistoryParser:0.2
DirectoryHistoryReader:0.17
BZip2Analyzer:0.16
Executor:0.16
SubversionRepository:0.15666666666666668
PerforceRepository:0.10333333333333333
JarAnalyzer:0.09333333333333334
