CommunicationsStub:0.7133333333333334
ObjectNode:0.31
PoolRootNode:0.22666666666666666
NavigationTreeTopComponent:0.21
ObjectChildren:0.20333333333333334
ServicesFrame:0.19
ObjectEditorTopComponent:0.13666666666666666
CellRenderer:0.12234126984126985
ShowPhysicalPathAction:0.11666666666666667
ConnectLinksAction:0.11666666666666667
BtnConnectActionListener:0.11
PhysicalPathTopComponent:0.10666666666666667
ShowObjectAuditTrailAction:0.10583333333333332
ReleaseFromServiceAction:0.10333333333333333
ReleaseMirrorPortAction:0.10333333333333333
RelateToServiceAction:0.09
ShowObjectSpecialRelationshipsAction:0.06805555555555555
GenericObjectNodeAction:0.05
ConnectMirrorPortAction:0.04
ObjectAuditTrailTopComponent:0.03
SpecialRelationshipsTopComponent:0.006666666666666667
