Config:0.8166666666666667
Joiner:0.6466666666666666
ClusterServiceImpl:0.3933333333333333
ConfigCheck:0.3466666666666667
NodeMulticastListener:0.23
AbstractJoiner:0.19666666666666666
MulticastJoiner:0.13
ConfigMismatchOperation:0.06666666666666667
