DefaultLoginPageGeneratingFilter:0.6133333333333333
RememberMeConfigurer:0.21333333333333335
LogoutConfigurer:0.2066666666666667
OpenIDLoginConfigurer:0.17333333333333334
FilterComparator:0.14
FormLoginConfigurer:0.13333333333333333
DefaultLoginPageConfigurer:0.11333333333333333
