InputDataAccessor:0.5553452380952381
ExportHelper:0.4866666666666667
DefinitionModuleImpl:0.48
ModelInputData:0.26666666666666666
EmptyInputData:0.26666666666666666
ElementInputData:0.26666666666666666
DomInputData:0.21333333333333335
MapInputData:0.21
ChainedInputData:0.14666666666666667
