DefinitiveDOReader:0.6433333333333333
METSEventHandler:0.5483333333333333
