HiveClientConfig:0.6766666666666666
HiveMetadata:0.44666666666666666
ClassLoaderSafeConnectorMetadata:0.35
AbstractTestHiveClient:0.3233333333333333
TestHiveDistributedQueries:0.20716666666666667
HiveQueryRunner:0.20666666666666667
TestHiveClientConfig:0.11666666666666667
