TimeSlot:0.8066666666666666
Task:0.79
XmlTask:0.23666666666666666
Listener:0.15
XmlTimeSlot:0.043333333333333335
