BindingUtil:0.5166666666666667
Options:0.40444444444444444
CycleFinderTest:0.32666666666666666
ReferenceGraph:0.2966666666666667
TypeUseAnnotationTest:0.07333333333333333
