ExecutionService:0.49599999999999983
OperationServiceImpl:0.47
ExecutionServiceImpl:0.23666666666666666
InvocationImpl:0.20333333333333334
IncrementorEntryProcessor:0.18666666666666668
EntryProcessorTest:0.09333333333333334
PartitionAwareTestEntryProcessor:0.02666666666666667
