Relation:0.49333333333333335
SCComponent:0.4622222222222222
InferenceRule:0.34611111111111115
BDDSolver:0.3233333333333333
Stratify:0.2966666666666667
DependenceNavigator:0.12444444444444443
