Binder:0.5166666666666667
IdGenerator:0.5
IdentifierGeneratorTest:0.29
AbstractOperationTestCase:0.19666666666666666
