GwtShareItem:0.6216666666666667
ShareThisDlg:0.38333333333333336
GwtShareHelper:0.30666666666666664
