BaseManager:0.54
DataAwareEntryEvent:0.5097222222222222
ListenerManager:0.38666666666666666
