PromiseSupport:0.6066666666666667
Promise:0.5683333333333334
App:0.41
