Options:0.76
BindingUtil:0.43333333333333335
TypeDeclarationGenerator:0.29
ObjectiveCHeaderGeneratorTest:0.16333333333333333
