IndexShard:0.6666666666666666
IndexingMemoryController:0.395
IndexingMemoryControllerTests:0.2633333333333333
