MainFrame:0.7266666666666667
NewResourceDialog:0.35833333333333334
