ParserImpl:0.5283333333333333
DefaultDSLContext:0.44666666666666666
Settings:0.30333333333333334
