DrawableSeqFeature:0.41
Selection:0.3933333333333333
Transcript:0.37
Exon:0.35333333333333333
Gene:0.30666666666666664
DrawableFeatureSet:0.2966666666666667
FeatureTreePanel:0.2833333333333333
ExpandableFeatureSet:0.2544444444444445
FeatureView:0.25333333333333335
ApolloPanel:0.24583333333333332
StrandedZoomableApolloPanel:0.23333333333333334
AnnotationView:0.22666666666666666
AnnotationMenu:0.21
CORBAAdapter:0.18666666666666668
GenericAnnotation:0.135
FeatureEditorDialog:0.11777777777777776
