DataStructuresTiming:0.5416666666666666
MathematicsTiming:0.33666666666666667
NumbersTiming:0.17666666666666667
