QueuingRrdStrategy:0.48
Queued:0.28
ZeroUpdateOperation:0.214
QueuedMBean:0.185
UpdateOperation:0.18133333333333332
CreateOperation:0.17777777777777778
