NodeManager:0.3992380952380952
DiscoveryNodeManager:0.39166666666666666
TestDiscoveryNodeManager:0.3333333333333333
ServerMainModule:0.21666666666666667
InMemoryNodeManager:0.18666666666666668
TestingNodeManager:0.10666666666666667
