Person:0.48333333333333334
MatrixRunner:0.32666666666666666
LargeInt:0.32666666666666666
TestTaskRunner:0.30666666666666664
LongTask:0.18333333333333332
XstreamTask:0.13
PrimeTask:0.11666666666666667
PhoneNumber:0.09
XstreamRunner:0.03333333333333333
MyCustomPolicy:0.006666666666666667
AllInOne:0.0
PrimeRunner:0.0
