StaticFilesTest:0.5266666666666666
WebSocketServletContextHandlerFactory:0.3966111111111111
WebSocketServletContextHandlerFactoryTest:0.27666666666666667
