DefaultKernelQedeqBo:0.42333333333333334
InternalServiceCall:0.4083333333333333
QedeqVoBuilder:0.3333333333333333
StateManager:0.3233333333333333
ServiceCallImpl:0.2733333333333333
ModuleLabelsCreator:0.25666666666666665
ServiceProcessImpl:0.19333333333333333
DefaultInternalKernelServices:0.18666666666666668
ServiceProcessManager:0.17444444444444443
ModuleArbiter:0.16
Element2LatexImpl:0.10944444444444446
ServiceExecutor:0.0867222222222222
ServiceResultImpl:0.08611111111111112
PluginResultManager:0.08611111111111112
ServiceErrors:0.06
KernelQedeqBoStorage:0.056666666666666664
PluginManager:0.03944444444444445
Element2Utf8Impl:0.03666666666666667
ModuleFileNotFoundException:0.017388888888888888
