SystemTestBase:0.37
JobCreateCommandTest:0.2733333333333333
HeliosIT:0.18333333333333332
ConfigTest:0.18
PredefinedPortImageDeploymentTest:0.14666666666666667
IdMismatchJobCreateTest:0.14
JobsTest:0.14
