RouterContext:0.49333333333333335
XmlPublisherDataLoaderFilter:0.43333333333333335
RouterService:0.31
DataExtractorService:0.2633333333333333
SimpleRouterContext:0.24333333333333335
AbstractXmlPublisherExtensionPoint:0.16
ICacheContext:0.013333333333333334
