MultiLayerNetwork:0.6066666666666667
LSTMHelpers:0.48
BaseLayer:0.4266666666666667
GravesLSTM:0.35444444444444445
GravesBidirectionalLSTM:0.21444444444444447
