JingleFileTransferSession:0.7336666666666667
JingleFileTransferManager:0.5302777777777778
