OleAut32:0.9133333333333333
OleAut32Util:0.36
Variant:0.09666666666666666
COMObject:0.07666666666666666
