EditAttributeByFormulaPlugIn:0.7666666666666667
FormulaEditingPanel:0.4583333333333333
GenericNames:0.0
