BlobIndices:0.9233333333333333
CustomBlobPathTest:0.33
BlobEnvironment:0.3227777777777778
