Msg:0.4375
Unit:0.31166666666666665
MainWindowMenu:0.3044444444444444
UnitManager:0.2733333333333333
Simulation:0.25333333333333335
MainWindow:0.24
Airlock:0.2291507936507937
MainDesktopPane:0.17
UpdateThread:0.13888888888888887
