OpenIDAuthenticationProvider:0.5133333333333333
MockOpenIDAuthenticationManager:0.5019841269841269
OpenIDAuthenticationProviderTests:0.4066666666666667
DaoCasAuthoritiesPopulator:0.2733333333333333
CasAuthoritiesPopulator:0.0
