FileSystemMgt2Service:0.48
FileSystemMgt2Bean:0.3433333333333333
FileMoveService:0.32666666666666666
AbstractDeleterService:0.11666666666666667
