TxmMenuBar:0.23666666666666666
ComplexSortForm:0.23666666666666666
ProfileForm:0.23666666666666666
SubscribeForm:0.21666666666666667
AccessForm:0.21666666666666667
LoginForm:0.21666666666666667
LexiconForm:0.19666666666666666
UserTools:0.16333333333333333
IndexForm:0.16333333333333333
SubcorpusForm:0.11
PartitionForm:0.11
TxmConsole:0.11
ConcordanceForm:0.09333333333333334
