InterimTransport:0.61
LoadBalancer:0.5433333333333333
TransportManager:0.44666666666666666
DelayedClientTransport:0.34
ClientCallImplTest:0.3333333333333333
ClientCallImpl:0.27
GrpclbLoadBalancerTest:0.25666666666666665
GrpclbLoadBalancer:0.24333333333333335
TransportListener:0.24333333333333335
DelayedClientTransportTest:0.23333333333333334
TransportSet:0.21116666666666664
LbResponseObserver:0.19133333333333333
ManagedChannelImplTest:0.19
ManagedChannelImpl:0.17777777777777778
TransportSetTest:0.17
SimpleLoadBalancer:0.135
RoundRobinServerList:0.13333333333333333
ManagedChannelImplTransportManagerTest:0.12
ClientStreamListenerImpl:0.09333333333333334
SimpleLoadBalancerTest:0.07666666666666666
InterimTransportImpl:0.03333333333333333
