BooleanGrid:0.6733333333333333
PCB:0.5066666666666667
GerberGCode:0.41333333333333333
