DOMBuilderTagVisitor:0.6161111111111112
MalformedTest:0.15266666666666664
