VocabWord:0.7133333333333334
DefaultStreamTokenizer:0.3
Word2VecExample:0.18244444444444444
DefaulTokenizerTests:0.14666666666666667
Huffman:0.11666666666666667
