Processor:0.54
Frontier:0.5333333333333333
Scope:0.33666666666666667
RobotsHonoringPolicy:0.33
AbstractTracker:0.3
ToeThread:0.28
ServerCache:0.2733333333333333
ARCWriter:0.2633333333333333
Filter:0.24333333333333335
StatisticsTracker:0.23333333333333334
CrawlController:0.23333333333333334
CrawlScope:0.23222222222222225
CrawlOrder:0.18
Heritrix:0.17955555555555555
Postselector:0.17666666666666667
ExtractorHTML2:0.16333333333333333
ExtractorPDF:0.15333333333333332
FetchHTTP:0.12
ExtractorHTTP:0.11
ExtractorSWF:0.11
OrFilter:0.09
PreconditionEnforcer:0.08333333333333333
PathDepthFilter:0.08333333333333333
ExtractorHTML:0.07916666666666666
ExtractorCSS:0.07666666666666666
URIRegExpFilter:0.06333333333333334
ExtractorJS:0.04666666666666667
TransclusionFilter:0.04
Preselector:0.03666666666666667
FetchDNS:0.03
HopsFilter:0.03
ExtractorDOC:0.02666666666666667
SeedExtensionFilter:0.02666666666666667
CrawlStateUpdater:0.02
