LuceneHighAvailabilityPanel:0.4666666666666667
AppResource:0.4
LucenePage:0.30666666666666664
ConfigSummaryPage:0.24666666666666667
