AwsConfig:0.3933333333333333
XmlConfigBuilder:0.37666666666666665
TcpIpJoinerOverAWSTest:0.26666666666666666
NodeHolder:0.26666666666666666
DescribeInstances:0.23333333333333334
CloudyUtility:0.21333333333333335
TcpIpJoinerOverAWS:0.14333333333333334
AWSClient:0.09833333333333333
