HotkeyHandler:0.43666666666666665
ScopeRegistry:0.4166666666666667
IndexingDialog:0.38
MainPanel:0.3433333333333333
DocFetcher:0.2833333333333333
ResultPanel:0.26666666666666666
BrowserPanel:0.21305555555555558
PrefDialog:0.20333333333333334
CreateSubfolderAction:0.19666666666666666
PasteIntoFolderAction:0.19666666666666666
ScopeGroup:0.19333333333333333
FileExtensionChooser:0.18333333333333332
ProgressPanel:0.17
PreviewPanel:0.16444444444444445
RenameFolderAction:0.12666666666666668
ScopeFilter:0.12
RemoveIndexAction:0.12
DeleteFolderAction:0.11
FolderWatcher:0.05
