TriggerRouter:0.6928333333333333
TriggerRouterService:0.42
RouterService:0.35
ITriggerRouterService:0.2769841269841269
RestService:0.26666666666666666
AbstractSymmetricEngine:0.21666666666666667
