ProjectConfiguration:0.5183333333333333
Callback:0.37749999999999995
Res:0.37333333333333335
LibrarySetupPanel:0.31
ProjectSetup:0.2866666666666667
LibraryDef:0.22333333333333333
GoPanel:0.17666666666666667
TemplateManager:0.17333333333333334
ConfigPanel:0.17333333333333334
ResultTree:0.16166666666666665
DownloadDialog:0.15333333333333332
GoDialog:0.15
AdvancedSettingsDialog:0.13833333333333334
ImportHelpDialog:0.12
FixHtmlHelpDialog:0.12
Main:0.11
MainPanel:0.08
LibraryInfoDialog:0.07666666666666666
Libraries:0.03333333333333333
BrowseMouseListener:0.0033333333333333335
