AbstractJobLauncher:0.5933333333333334
TaskExecutorJobLauncher:0.22333333333333333
