AbstractNearCacheSerializationCountTest:0.4
LiteMemberMapNearCacheSerializationCountTest:0.2833333333333333
MapNearCacheSerializationCountTest:0.2833333333333333
ClientCacheNearCacheSerializationCountTest:0.2833333333333333
ClientMapNearCacheSerializationCountTest:0.2833333333333333
ClientReplicatedMapNearCacheSerializationCountTest:0.22333333333333333
TxnMapNearCacheSerializationCountTest:0.22333333333333333
