KeywordType:0.33
TopicCategory:0.33
Identification:0.21944444444444444
DataIdentification:0.18944444444444442
Usage:0.13666666666666666
Keywords:0.04666666666666667
BrowseGraphic:0.04666666666666667
Resolution:0.03
ServiceIdentification:0.0
