PeerGroup:0.7666666666666667
MainController:0.21666666666666667
WalletTool:0.21333333333333335
WalletAppKit:0.21333333333333335
BitcoinUIModel:0.20666666666666667
RestoreFromSeed:0.18333333333333332
