TypeDeclarationGenerator:0.47833333333333333
RewriterTest:0.28
TypeDeclarationGeneratorTest:0.28
StatementGeneratorTest:0.27666666666666667
ObjectiveCSourceFileGeneratorTest:0.27
ObjectiveCHeaderGeneratorTest:0.24333333333333335
ObjectiveCImplementationGeneratorTest:0.24
VariableRenamerTest:0.15333333333333332
