WmiManager:0.8666666666666667
WmiClient:0.5172222222222222
CheckWmi:0.3277777777777778
