Request:0.48333333333333334
Node:0.44
MLock:0.44
ConcurrentMapManager:0.31666666666666665
AbstractCall:0.29
MPut:0.26666666666666666
TargetAwareOp:0.25
SubCall:0.23166666666666666
PartitionManager:0.23
MRemove:0.225
BaseManager:0.22
RequestBasedCall:0.21666666666666667
MSemaphore:0.21666666666666667
Migrator:0.21194444444444446
ResponseQueueCall:0.20666666666666667
MulticastJoiner:0.2
PutOperationHandler:0.18333333333333332
SchedulableOperationHandler:0.17666666666666667
ContainsEntryOperationHandler:0.17166666666666666
ConnectionAwareOp:0.16833333333333333
ContainsKeyOperationHandler:0.16333333333333333
MergeOperationHandler:0.16333333333333333
EvictOperationHandler:0.16333333333333333
GetDataRecordEntryOperationHandler:0.16333333333333333
RemoveOperationHandler:0.16
MAtomicNumber:0.15333333333333332
IsKeyLockedOperationHandler:0.14833333333333334
LockOperationHandler:0.14666666666666667
PrepareRepartitioningTask:0.145
ClusterBackupTest:0.13333333333333333
MBackupAwareOp:0.12666666666666668
MRemoveMulti:0.12666666666666668
MContainsKey:0.125
GroupProperties:0.12333333333333334
AsyncBackupProcessable:0.12
MigrationAwareExecutedOperationHandler:0.12
LostPartitionsAssignmentProcess:0.12
MGet:0.11833333333333333
PutTransientOperationHandler:0.11666666666666667
MGetMapEntry:0.11
ResponsiveOperationHandler:0.10333333333333333
MTargetAwareOperationHandler:0.09333333333333334
AbstractOperationHandler:0.09
MRemoveItem:0.08666666666666667
MPutMulti:0.08
MBackup:0.06833333333333333
TargetAwareOperationHandler:0.05333333333333334
MMultiGet:0.043333333333333335
BackupOperationHandler:0.03333333333333333
MValueCount:0.03
MigrationAwareOperationHandler:0.01
