PayloadValidatingInterceptorTest:0.5566666666666666
PayloadLoggingInterceptor:0.40303174603174596
PayloadValidatingInterceptor:0.3021904761904761
AbstractValidatingInterceptor:0.22333333333333333
PayloadTransformingInterceptor:0.106
EndpointInterceptorAdapter:0.05
PayloadTransformingInterceptorTest:0.03333333333333333
PayloadLoggingInterceptorTest:0.01
