FluxSceneBuilder:0.5066666666666667
FluxSceneSerializer:0.37666666666666665
GPUFluxLightModel:0.29
FluxLightBuilder:0.2866666666666667
FluxJOCLScene:0.23333333333333334
GPUFluxWhittedTracer:0.09
TransformVisitor3D:0.08333333333333333
GPUFluxLightTracer:0.08
GPUFluxPathTracer:0.07666666666666666
