AbstractCollectionPersister:0.5655555555555555
SimpleSelect:0.32666666666666666
ExtraLazyTest:0.27666666666666667
