Tool:0.47333333333333333
BaseTest:0.44666666666666666
TokenVocabParser:0.2866666666666667
BuildDependencyGenerator:0.21777777777777782
TestParserExec:0.20333333333333334
