AuthenticationResult:0.5533333333333333
VirtualFileSystem:0.54
ContentResult:0.28
SearchSiteResult:0.27666666666666667
CreateEditRetailerRequestBean:0.14416666666666667
LinkCorrectorConfiguration:0.09166666666666666
CMSContentDisplayerResult:0.09166666666666666
ThemesControllerResult:0.013333333333333334
GetFullSitemapResult:0.013333333333333334
CMSFormMailerResult:0.013333333333333334
