PointInTime:0.59
Options:0.5794444444444444
Calendar:0.42333333333333334
Format:0.36
PropertyChange:0.20333333333333334
PropertyTest:0.17333333333333334
DateWidget:0.15666666666666668
Interpreted:0.14
FrenchRCalendar:0.1
PropertyDateTest:0.04666666666666667
