DataEnvironment:0.58
StepFactory:0.33
CallStep:0.21583333333333332
ReturnStep:0.19
ConditionalFalseJumpStep:0.14
StackMoveStep:0.08666666666666667
