TestAnalyzer:0.5566666666666666
MetadataManager:0.36
SystemTables:0.22666666666666666
ServerMainModule:0.21
InformationSchemaMetadata:0.14182539682539683
