SimpleFeatureMapImpl:0.773888888888889
DefaultGazetteer:0.528611111111111
