Mongo:0.6666666666666666
DefaultConnection:0.33666666666666667
DefaultConnectionFactory:0.3333333333333333
MongoClients:0.19333333333333333
DefaultSocketChannelConnection:0.19
AuthenticatingConnectionTest:0.17
PlainAuthenticatorTest:0.12333333333333334
DefaultSingleServerClusterTest:0.12333333333333334
DefaultSocketConnection:0.07666666666666666
