TranslogRecoveryPerformer:0.46
TranslogHandler:0.4266666666666667
DateHistogramIT:0.42333333333333334
InternalEngineTests:0.4166666666666667
