Simulator:0.5166666666666667
BasicSettings:0.38333333333333336
Admittor:0.22911111111111113
LogReaderTest:0.21
TinyLfu:0.12666666666666668
SamplingSettings:0.03
