LinkdConfigFactory:0.7033333333333334
CdpCacheTable:0.43666666666666665
CdpCacheTableEntry:0.35777777777777775
