CommanderExtension:0.46638888888888885
Sergeant:0.34
Commander:0.34
App:0.18
Soldier:0.08666666666666667
