RubyOutlineContentProvider:0.5733333333333334
RubyOutlineLabelProvider:0.5377777777777778
