UpdateStatementAnalyzer:0.6033333333333334
UpdateAnalyzerTest:0.36
TestMetaDataModule:0.28638888888888886
