SpanningTree:0.46
AtomContainerBondPermutor:0.19333333333333333
AtomContainerAtomPermutor:0.19333333333333333
ConnectivityChecker:0.18666666666666668
RebondTool:0.16666666666666666
EquivalentClassPartitioner:0.16333333333333333
CanonicalLabeler:0.13666666666666666
HuLuIndexTool:0.12
