ISymmetricEngine:0.7733333333333333
AbstractDataLoaderServiceTest:0.43333333333333335
DataLoaderServiceTest:0.2733333333333333
ExtensionPointManager:0.27
AbstractServiceTest:0.2511111111111111
AbstractSymmetricEngine:0.16
MockTransportManager:0.13
TestDataWriterFilter:0.07
TestConstants:0.05
IExtensionPointManager:0.04
TestSetupUtil:0.017388888888888888
JdbcDataLoaderServiceTest:0.0
