UploadHttpAdaptor:0.4266666666666667
DaoProvider:0.3342936507936507
AbstractHttpAdaptor:0.22
Mvcs:0.14666666666666667
NutzServlet:0.13333333333333333
JsonHttpAdaptor:0.08666666666666667
PairHttpAdaptor:0.04666666666666667
