PaginatedList:0.5566666666666666
PaginatedListIterator:0.5133333333333333
