NetSocketImpl:0.42
ClientConnection:0.38
ConnectionBase:0.27
DatagramSocketImpl:0.23972222222222223
Http2ClientStream:0.2361111111111111
ServerConnection:0.2313888888888889
Http2ServerConnection:0.2
Http2ClientConnection:0.18333333333333332
Http1xPool:0.17666666666666667
