CodeWriter:0.36666666666666664
Util:0.3333333333333333
Builder:0.33
AnnotationSpec:0.31
Visitor:0.27
IsAnnotated:0.16361111111111112
