EmailFilter:0.6566666666666666
EMLComposer:0.44031746031746033
RFC2822AddressParser:0.3433333333333333
EmailMessage:0.20333333333333334
SimpleAuthenticator:0.14333333333333334
