CashFlows:0.7433333333333333
Coupon:0.4568888888888889
Leg:0.2833333333333333
