SwingUndoRedoFactory:0.49333333333333335
JCPMenuTextMaker:0.4766666666666667
SwingConvertToRadicalEdit:0.47
ChangeSingleElectronAction:0.4666666666666667
