PersonDAO:0.4288888888888889
PeopleResource:0.31
PersonResource:0.30777777777777776
