FileModule:0.7875
FileModuleImpl:0.5133333333333333
ViewFileController:0.3433333333333333
