DatabaseHandler:0.5233333333333333
ApplicationFacade:0.4166666666666667
ImportDcmDirDelegate:0.22333333333333333
