ViewState:0.9066666666666666
ViewStateManager:0.33
MvpLceViewStateFragment:0.22
ViewStateSupport:0.19255555555555556
NotRetainingCountriesFragment:0.18333333333333332
RetainingCountriesFragment:0.18333333333333332
MvpViewStateFragment:0.13
MvpLceView:0.09166666666666666
AbsLceViewState:0.08666666666666667
