SessionImpl:0.30333333333333334
AbstractDelegatingSessionFactoryOptions:0.29
SessionFactoryOptionsState:0.27615079365079365
SessionFactoryOptionsImpl:0.25666666666666665
SessionFactoryBuilderImpl:0.24333333333333335
SessionFactoryOptionsStateStandardImpl:0.21333333333333335
SessionFactoryOptions:0.21
SessionFactoryBuilderImplementor:0.19344444444444447
EntityManagerFactoryBuilderImpl:0.18333333333333332
AvailableSettings:0.10436507936507938
