SeriesModel:0.6166666666666667
PPSModel:0.4066666666666667
StudyModel:0.26699999999999996
