ConnectionManager:0.66
SocketConnector:0.31333333333333335
TcpIpJoiner:0.26666666666666666
