TermTable:0.63
StringUtils:0.45666666666666667
ObsoleteTerm:0.2966666666666667
UnobsoleteTerm:0.25333333333333335
UpdateTerm:0.17
