FieldInfo:0.6344444444444444
FieldSerializer:0.37333333333333335
RuntimeSerializerInfo:0.33
ObjectFieldSerializer:0.2866666666666667
