CA:0.62
CAAdminSession:0.3952777777777778
CAAdminSessionBean:0.31
CmsCAService:0.29333333333333333
XKMSCAService:0.29333333333333333
CAsTest:0.2633333333333333
CrlCreateSessionCRLTest:0.19666666666666666
CADataHandler:0.18666666666666668
CaSessionTestBase:0.16
CaTokenSessionTest:0.16
CrlCreateSessionDeltaCRLTest:0.13666666666666666
RenewCATest:0.12
RenewCAWorker:0.07333333333333333
