PageDownstreamContext:0.6133333333333333
PageDownstreamContextTest:0.23666666666666666
PageDownstreamContextFutureCallback:0.23
DirectResponseListener:0.22666666666666666
