GlobalConfiguration:0.6627777777777778
TypeRegistry:0.5533333333333333
ReloadingJVM:0.32
SpringLoadedTests:0.30333333333333334
ReloadableTypeTests:0.2733333333333333
SpringLoadedPreProcessor:0.21
SpringLoadedTestsInSeparateJVM:0.13666666666666666
ReloadingJVMCommandProcess:0.10666666666666667
ReloadableTypeNameDecision:0.08333333333333333
