Item:0.8083333333333335
ImageEditorCore:0.4
Info:0.37333333333333335
MGraphics:0.25666666666666665
ChartView:0.24333333333333335
ChartPainter:0.22333333333333333
MWhatsThis:0.22333333333333333
