SequenceDB:0.8633333333333333
SequenceDBTreeItem:0.6666666666666666
