DBRecord:0.19779076
DBManager:0.15420258
DBRecordPanel:0.08037078
DBView:0.0689746
DBException:0.055151254
DBRecordDialog:0.050093893
DBTable:0.045144513
DBNavigationActionGroup:0.004925017
