User:0.7533333333333333
TieredFeatureToggleVersionTest:0.2966666666666667
UserGroupTest:0.27666666666666667
TieredFeatureToggleVersion:0.11666666666666667
