ExecutionStats:0.6066666666666667
QueryStats:0.31666666666666665
StatusPrinter:0.25666666666666665
QueryCompletionEvent:0.19
