HtmlElement:0.5733333333333334
XmlElement:0.4083333333333333
DomElement:0.26
