LockServiceImpl:0.6133333333333333
LockStoreContainer:0.32666666666666666
LockReplicationOperation:0.24333333333333335
AbstractLockOperation:0.20666666666666667
