Model:0.5766666666666667
ViewManager:0.4766666666666667
TreeView:0.28
Context:0.2633333333333333
Bookmark:0.26
PopupButton:0.23333333333333334
TableView:0.18666666666666668
EditView:0.18083333333333335
TimelineView:0.18
ActionMenu:0.13
EntityPopupMouseListener:0.10333333333333333
ActionClearBookmarks:0.05333333333333334
ActionBookmark:0.05
