ObjectKeys:0.426626984126984
AjaxController:0.37666666666666665
WorkspaceTreeHelper:0.36
