ResourceLoader:0.7633333333333333
PackageResourceLoader:0.37333333333333335
ResourceExtractor:0.31666666666666665
RobolectricTestRunner:0.27
ViewNode:0.25166666666666665
ShadowContext:0.24333333333333335
PreferenceNode:0.17833333333333334
ShadowRelativeLayout:0.14666666666666667
ShadowMenuInflater:0.14333333333333334
ShadowTheme:0.11333333333333333
