Edge:0.38
EdgeFilterState:0.37333333333333335
EdgeFilterTypeGui:0.3233333333333333
DatasetFilter:0.29
MetaDataIO:0.25
TypeActionListener:0.18083333333333335
