Configuration:0.5033333333333333
Context:0.30833333333333335
DriverConductor:0.29
