PVCS:0.8483333333333334
PVCSTest:0.04666666666666667
