ColorThemingStylePanel:0.5883333333333334
PythonToolsPlugIn:0.26
StatisticOverViewTableModel:0.24333333333333335
StatisticOverViewPlugIn:0.20333333333333334
