EventRecorderTest:0.41
EventRecorder:0.41
SendEvent:0.3333333333333333
AbbotHelper:0.31666666666666665
ComponentRecorder:0.20666666666666667
