OkBuffer:0.735
BufferedSource:0.6879563492063492
RealBufferedSource:0.41333333333333333
