Configuration:0.6133333333333333
Activator:0.5533333333333333
