AbstractScalarFunctionsTest:0.5266666666666666
DateTruncFunctionTest:0.4633333333333333
