CMLCoreModule:0.41
CMLHandler:0.32
ModuleInterface:0.308
CMLStack:0.25333333333333335
PMPConvention:0.16333333333333333
PDBConvention:0.15666666666666668
MDLMolConvention:0.14333333333333334
CMLReactionModule:0.13666666666666666
JMOLANIMATIONConvention:0.13333333333333333
CDKConvention:0.11333333333333333
