ModelUtil:0.5866666666666667
RDFContainerImpl:0.4066666666666667
DataObjectFactory:0.31333333333333335
MP3FileExtractor:0.18666666666666668
