ManagementService:0.47
MProxyImpl:0.30333333333333334
AtomicNumber:0.29003968253968254
DataMBean:0.26
ClusterMBean:0.22666666666666666
AtomicNumberReal:0.22333333333333333
QueueMBean:0.21333333333333335
ListMBean:0.21333333333333335
SetMBean:0.21333333333333335
AbstractMBean:0.20111111111111113
MultiMapMBean:0.15
MapMBean:0.13833333333333334
