Poller:0.4266666666666667
PollableService:0.36666666666666664
PollerEventProcessor:0.33666666666666667
PollerTest:0.32
PollerService:0.2833333333333333
PollablesTest:0.24666666666666667
PollerNode:0.22
PollerNetwork:0.21666666666666667
Pollerd:0.18
InitCause:0.023333333333333334
