WfeScriptRunner:0.5533333333333333
BotsLogic:0.30333333333333334
BotsDAOHibernateImpl:0.18333333333333332
BotTaskDoesnotExistsException:0.023333333333333334
BotTaskAlreadyExistsException:0.023333333333333334
BotDoesnotExistsException:0.023333333333333334
BotAlreadyExistsException:0.023333333333333334
BotStationAlreadyExistsException:0.023333333333333334
BotStationDoesnotExistsException:0.023333333333333334
