FrameHandler:0.6739999999999999
SrcFrameHandler:0.4105555555555555
NioSelectorTest:0.35
