WebClient:0.6433333333333333
HtmlUnitContextFactory:0.49666666666666665
JavaScriptEngine:0.34138888888888885
ThreadManager:0.21861111111111114
TimeoutContext:0.19777777777777777
DebugFrameImplTest:0.15666666666666668
