Operation:0.5
NodeEngineImpl:0.3433333333333333
MemberImpl:0.28
ClusterJoinManager:0.25666666666666665
ExecutorServiceTest:0.25333333333333335
EntryOperation:0.23666666666666666
AbstractCallableTaskOperation:0.22
OperationRunnerImpl:0.21333333333333335
SplitBrainMergeValidationOp:0.15666666666666668
JetPacketHandler:0.023333333333333334
CallableWithDeserializationError:0.006666666666666667
