AtmosphereResourceImpl:0.6766666666666666
DefaultBroadcaster:0.5166666666666667
AsynchronousProcessor:0.2966666666666667
JettyCometSupport:0.17
Jetty7CometSupport:0.11
