ValidationReport:0.6533333333333333
ValidatorEngine:0.5933333333333334
