Wallet:0.5666666666666667
KeyChainFactory:0.5366666666666666
WalletAppKit:0.2633333333333333
KeyChainGroup:0.23333333333333334
DeterministicKeyChain:0.21666666666666667
DeterministicKeyChainTest:0.11333333333333333
DefaultKeyChainFactory:0.06666666666666667
AccountTwoChain:0.02666666666666667
