API:0.7533333333333333
APITest:0.39666666666666667
Collections:0.23666666666666666
