ImageBean:0.6266666666666667
DicomCFindFilter:0.5266666666666666
GspsDiscover:0.35833333333333334
