ZipFileEntry:0.6666666666666666
OpenFileAction:0.31666666666666665
MetadataEntryTask:0.29333333333333333
FileSelectTask:0.25
SaveSIPAction:0.23666666666666666
