OsgiServiceFactoryBean:0.6797222222222223
ExtenderBootstrapTest:0.4238888888888889
