PyString:0.6566666666666666
PyLong:0.5566666666666666
PyInteger:0.49666666666666665
PySlice:0.2744444444444445
