Wizard:0.54
Goblin:0.43
ShrinkSpell:0.38666666666666666
InvisibilitySpell:0.31666666666666665
