Skins:0.6366666666666667
FrontRenderer:0.6033333333333334
ArticleProcessor:0.43
TagProcessor:0.20666666666666667
UserTemplateProcessor:0.16
PageProcessor:0.16
IndexProcessor:0.14333333333333334
