HiddenLayer:0.6083333333333333
LFWExample:0.21
LFWRBMExample:0.17083333333333334
RectifiedLinearHiddenLayer:0.16
MultiThreadedLFW:0.12333333333333334
