UpdateRequest:0.49666666666666665
BulkRequest:0.43
BulkProcessor:0.34
Fields:0.3333333333333333
RestBulkAction:0.18666666666666668
