TransactionImpl:0.5933333333333334
TransactionalObjectKey:0.33666666666666667
XAResourceWrapper:0.27972222222222226
TransactionProxy:0.18666666666666668
TransactionContextImpl:0.18
