ESCreateTemplateTask:0.33666666666666667
ESCreateIndexTask:0.27
ESCreateAliasTask:0.17666666666666667
AbstractESIndexTask:0.11
ESBulkIndexTask:0.023333333333333334
ESIndexTask:0.023333333333333334
