AnalysisResult:0.55
ExecutionPlanner:0.24666666666666667
StatementAnalyzer:0.23333333333333334
PlanVisitor:0.22666666666666666
Planner:0.2057142857142857
TestQueries:0.14
Visitor:0.08682539682539682
