Tuple8:0.2866666666666667
Tuple7:0.18666666666666668
Tuple4:0.18333333333333332
Tuple3:0.18
Tuple6:0.17666666666666667
Tuple2:0.17333333333333334
Tuple5:0.16333333333333333
Tuple1:0.163
