CSSStyleDeclaration:0.6166666666666667
HtmlScript:0.3566666666666667
HtmlRp:0.21333333333333335
HtmlRt:0.21333333333333335
