Converter:0.565
FileHandler:0.43666666666666665
ViewFileController:0.39111111111111113
