IOSGraphics:0.5888888888888889
OgreXmlLoader:0.3333333333333333
Submeshnames:0.26866666666666666
