ReflectionHelper:0.45666666666666667
QueryEntry:0.38
EntryObject:0.37666666666666665
TestHazelcastInstanceFactory:0.295
