NoopQueue:0.47333333333333333
StatsTables:0.36333333333333334
ClusterId:0.30333333333333334
BlobShardSizeExpression:0.16666666666666666
ShardSizeExpression:0.16666666666666666
TimestampFormat:0.1275
StatsTablesTest:0.12333333333333334
PingTaskTest:0.11333333333333333
