FormulaUtilityReplaceSubjectVariableQuantifierTest:0.6644444444444445
KernelBoTestSuite:0.4766666666666667
FormulaUtilityReplaceOperatorVariableTest:0.3775
