Build:0.6866666666666666
BuildCommand:0.36
BuildSummary:0.33
ConfigXmlFileServiceTest:0.26
BuildDetail:0.20277777777777778
BuildCommandTest:0.19666666666666666
BuildSummaryUIService:0.15333333333333332
CruiseControlJMXServiceStub:0.15
Localhost:0.12333333333333334
LatestBuildsListingController:0.11666666666666667
BaseFunctionalTest:0.07333333333333333
LatestBuildsTest:0.05
BuildSummaryTest:0.02666666666666667
