JnetManager:0.5122222222222222
QueryCompletionTable:0.44166666666666665
GraphJdbc:0.32
