ExtRACAProcess:0.5533333333333333
ProtocolScepHttpTest:0.54
RACAProcess:0.42333333333333334
