NettyClientHandler:0.4066666666666667
NettyClientStreamTest:0.37666666666666665
NettyClientStream:0.36333333333333334
NettyClientTransport:0.20666666666666667
NettyClientHandlerTest:0.17
NettyClientTransportFactory:0.12666666666666668
HttpUtil:0.09
Http2Response:0.08666666666666667
