Builder:0.5633333333333334
MultiLayerNetwork:0.38333333333333336
BaseOptimizer:0.2866666666666667
WordVectorSerializerTest:0.2866666666666667
NeuralNetConfiguration:0.25333333333333335
WordVectorSerializer:0.20666666666666667
ConvexOptimizer:0.2
