PluginManagerTests:0.7066666666666667
SimpleDistributorTests:0.3
IndicesStoreTests:0.16333333333333333
FullRollingRestartTests:0.06333333333333334
IndicesLeaksTests:0.06
