Element:0.5566666666666666
Parser:0.4166666666666667
TextNode:0.2902777777777778
HtmlTreeBuilder:0.2866666666666667
OutputSettings:0.22666666666666666
HtmlParserTest:0.22
ElementTest:0.17333333333333334
XmlTreeBuilder:0.11666666666666667
XmlTreeBuilderTest:0.09
