LongGCDisruption:0.49
DiscoveryWithServiceDisruptionsIT:0.38333333333333336
IntermittentLongGCDisruption:0.29
BackgroundWorker:0.14111111111111113
LongGCDisruptionTest:0.07
