Server:0.51
Connection:0.19333333333333333
Subscription:0.18
NoConnectionException:0.06322222222222224
ConnectionOptionSet:0.056666666666666664
ServerOptions:0.05333333333333334
SubscriptionMatch:0.03333333333333333
Main:0.032777777777777774
InvalidSubscriptionException:0.03
ConnectionOptions:0.0033333333333333335
