TypeHandler:0.44333333333333336
AnnotationListView:0.35444444444444445
TextualDocumentView:0.33
AnnotationSetsView:0.2866666666666667
