Display:0.65
Mouse:0.36
Keyboard:0.2633333333333333
Controller:0.2633333333333333
Sys:0.24733333333333335
DisplayMode:0.24333333333333335
Pbuffer:0.24333333333333335
PixelFormat:0.2
