ServerDescription:0.68
MultiServerCluster:0.2866666666666667
ServerStateNotifier:0.23444444444444448
DefaultServer:0.21777777777777782
Builder:0.21333333333333335
ServerDescriptionTest:0.19333333333333333
TestServer:0.12333333333333334
