NodeStats:0.57
SearchTransportService:0.2966666666666667
NodesStatsRequest:0.23
DiskUsageTests:0.18666666666666668
NodeService:0.18333333333333332
NodeStatsTests:0.17833333333333334
MockInternalClusterInfoService:0.13666666666666666
ResponseCollectorService:0.125
TransportClusterStatsAction:0.12
TransportNodesStatsAction:0.10666666666666667
ComputedNodeStats:0.1
