IRingSet:0.8966666666666666
RingSet:0.54
RingSetTest:0.29333333333333333
