SenecaJobSpecification:0.5533333333333333
MetadataPage:0.44
SJSCheckWizardPage:0.25333333333333335
