ObjectNode:0.6933333333333334
ObjectEditorTopComponent:0.31333333333333335
NavigationTreeTopComponent:0.29383333333333334
EditObject:0.173
