SyncFileStatusService:0.4633333333333333
FileCopyService:0.31333333333333335
AbstractFileCopyService:0.30333333333333334
TarRetrieverService:0.28
HSMFileBasedModule:0.24666666666666667
AbstractHSMModule:0.21666666666666667
HSMException:0.2098015873015873
HSMCommandModule:0.19333333333333333
