Pointer:0.7333333333333333
NestedTypeInfoStructure:0.6201507936507936
FFIType:0.30333333333333334
Structure:0.26666666666666666
StructureTest:0.23666666666666666
Union:0.20777777777777778
ReturnTypesTest:0.19555555555555557
ShapedWindowDemo:0.1
UnionTest:0.03666666666666667
