XavaSuite:0.5733333333333334
CarrierWithReadOnlyCalculatedFellowsTest:0.4766666666666667
