AdminProcessor:0.37
ArticleQueryService:0.2833333333333333
Filler:0.17333333333333334
CommentQueryService:0.07
