Path:0.39666666666666667
ChildNodesDifferenceListener:0.28
LocalServiceRequest:0.19
LocalJeeves:0.18666666666666668
XmlVars:0.17333333333333334
PathElement:0.13
AllTests:0.09666666666666666
TestConfig:0.07611111111111112
ProtocolTestCase:0.04
StringBufferOutputStream:0.013333333333333334
HarvestTest:0.013333333333333334
SuiteRunner:0.0033333333333333335
HasChildNodesDifferenceListener:0.0025
MetaDataTest:0.0
