HazelcastClient:0.35
ClientContext:0.3233333333333333
ProxyManager:0.25666666666666665
MapStoreTest:0.21666666666666667
MapContainer:0.19
PutFromLoadOperation:0.1706666666666667
ClientProxy:0.15
MapLoadAllTask:0.1411111111111111
