HelpDialog:0.6166666666666667
HelpAction:0.2733333333333333
JarFileFilter:0.17944444444444443
ExtractCoprightInfo:0.10888888888888888
