ProofChecker2Impl:0.3933333333333333
WellFormedCheckerExecutor:0.37333333333333335
Latex2UnicodeParser:0.34833333333333333
ModuleConstantsExistenceCheckerImpl:0.308
ProofChecker1Impl:0.17333333333333334
ProofFinderImpl:0.17333333333333334
