AbstractEvictableRecordStore:0.5866666666666667
MapStoreTest:0.48333333333333334
DefaultRecordStore:0.19583333333333333
