Compiler:0.8166666666666667
HopCompiler:0.4633333333333333
HopEditorParser:0.26666666666666666
