OrcReader:0.6333333333333333
OrcTester:0.47333333333333333
OrcTestingUtil:0.31333333333333335
OrcStorageManager:0.2966666666666667
