CrateRestMainAction:0.6933333333333334
HttpAuthUpstreamHandler:0.36333333333333334
HttpAuthUpstreamHandlerTest:0.36
RestSQLAction:0.2966666666666667
HostBasedAuthentication:0.17666666666666667
RestSQLActionTest:0.14333333333333334
CrateRestMainActionTest:0.06333333333333334
