GetMore:0.42
MongoGetMoreMessage:0.25666666666666665
MongoKillCursorsMessage:0.22333333333333333
MongoCursor:0.21666666666666667
OutputBuffer:0.20833333333333334
MongoRequestMessage:0.18333333333333332
MongoChannel:0.18
MongoKillCursor:0.15333333333333332
SingleChannelMongoOperations:0.15333333333333332
QueryResult:0.14
MongoCursorNotFoundException:0.13666666666666666
MongoChannelTest:0.12
SingleServerMongoClientTest:0.11666666666666667
MongoGetMoreTest:0.09
GetMoreResult:0.03
