ScriptingUtils:0.7633333333333333
ScriptedRegisteredServiceUsernameProvider:0.23333333333333334
ScriptedRegisteredServiceAttributeReleasePolicy:0.22666666666666666
