EmailPublisher:0.5466666666666666
P4:0.35
ProjectController:0.3333333333333333
SnapshotCM:0.26166666666666666
