BaseFineEditor:0.4066666666666667
SeqAlignPanel:0.39666666666666667
Sequence:0.37666666666666665
BaseEditorPanel:0.3466666666666667
SeqWrapper:0.27
TranslationViewer:0.21388888888888885
FeatureWrapper:0.045
