ReadHandler:0.5966666666666667
MessageHandlerContext:0.3
ClientMessage:0.21083333333333334
Protocols:0.2064285714285714
AbstractMessageHandler:0.1275
MessageHandler:0.1162777777777778
