ChronicleMapBuilder:0.4633333333333333
ReplicationHub:0.30333333333333334
UdpReplicator:0.2633333333333333
ChannelProvider:0.26
UdpChannelReplicator:0.21333333333333335
Replicators:0.21
Builder:0.21
NodeDiscovery:0.1877777777777778
NodeDiscoveryBroadcaster:0.12
MapByNameTest:0.11333333333333333
SingleMapChannelTest:0.10666666666666667
