PersistencyHandler:0.41
WikiPageInfo:0.41
Utilities:0.4033333333333333
LuceneSearchEngine:0.2377777777777778
UploadServlet:0.23444444444444448
JAMWikiParser:0.2
MoveServlet:0.04
