LoginProcessor:0.33666666666666667
ArticleProcessor:0.3333333333333333
AdminProcessor:0.3233333333333333
NotificationProcessor:0.32
ActivityProcessor:0.27
IndexProcessor:0.25666666666666665
UserProcessor:0.25333333333333335
TagProcessor:0.25
TopProcessor:0.23333333333333334
DomainProcessor:0.21
ChatRoomProcessor:0.20666666666666667
CityProcessor:0.2
StatisticProcessor:0.15333333333333332
TimelineProcessor:0.11666666666666667
ChargeProcessor:0.11666666666666667
SearchProcessor:0.11666666666666667
LinkForgeProcessor:0.11333333333333333
ErrorProcessor:0.09333333333333334
