ComponentReference:0.49
DefaultComponentFinder:0.41
ComponentRecorder:0.30666666666666664
EventNormalizer:0.16577777777777777
JComboBoxTester:0.10666666666666667
SimpleApplet:0.043333333333333335
