Tuple:0.38822222222222225
Tuple8:0.21
Tuple4:0.21
Tuple5:0.21
Tuple6:0.21
Tuple7:0.21
Tuple2:0.21
Tuple3:0.21
Tuple0:0.19
Tuple1:0.18333333333333332
Tuple8Test:0.18333333333333332
Tuple3Test:0.17
Tuple7Test:0.17
Tuple5Test:0.17
Tuple2Test:0.17
Tuple4Test:0.17
Tuple6Test:0.17
Tuple1Test:0.16
