Common:0.9266666666666666
ArticleQueryService:0.35
CommentQueryService:0.2833333333333333
UserProcessor:0.20666666666666667
ArticleProcessor:0.19666666666666666
LoginProcessor:0.13
ArticleNotifier:0.12833333333333333
CommentNotifier:0.12833333333333333
ActivityMgmtService:0.09
