PagesIndex:0.5566666666666666
TestHashJoinOperator:0.21333333333333335
ParallelHashBuildOperator:0.20333333333333334
HashBuilderOperator:0.2
JoinFilterFunctionCompiler:0.17666666666666667
IndexSnapshotBuilder:0.17333333333333334
ParallelHashBuildOperatorFactory:0.14666666666666667
JoinCompiler:0.14583333333333334
HashBuilderOperatorFactory:0.11
JoinFilterFunctionFactory:0.045
IsolatedJoinFilterFunctionFactory:0.033650793650793646
