GraphJEdge:0.6711111111111111
RelabelAction:0.37333333333333335
