SA13:0.5726666666666667
SA31b:0.5726666666666667
