ExecuteListener:0.6233333333333333
ExecuteContext:0.5433333333333333
Factory:0.38666666666666666
Util:0.3566666666666667
ExecuteListeners:0.3433333333333333
DefaultExecuteContext:0.32
DefaultExecuteListener:0.25666666666666665
CursorResultSet:0.24
CursorImpl:0.24
AbstractResultQuery:0.23666666666666666
AbstractRoutine:0.2
InsertQueryImpl:0.19
StopWatchListener:0.16
AbstractQuery:0.15111111111111108
