WithUserDetailsSecurityContextFactory:0.42
WithUserDetailsSecurityContextFactoryTests:0.22666666666666666
Config:0.17333333333333334
WithUserDetailsTests:0.15
