ScriptExecution:0.7183333333333334
JarClasspathLoader:0.5144444444444444
RunRhinoScriptAsJobAction:0.25
