ServiceManager:0.5833333333333334
SocketProvider:0.5733333333333334
ConnectionEngine:0.26666666666666666
PushWorker:0.22100000000000003
ChatEngine:0.20666666666666667
DownloadEngine:0.20666666666666667
BrowseHostConnection:0.11666666666666667
