RemoveOperation:0.5088888888888888
DBCollection:0.4655555555555555
MongoCollectionView:0.29333333333333333
