TextSelectionTab:0.38333333333333336
TxmI18N:0.31666666666666665
TsQueryForm:0.24666666666666667
TsQueryServiceImpl:0.24
TextTable:0.2188888888888889
TreeContextMenu:0.18333333333333332
Selector:0.17333333333333334
