JConsole:0.8933333333333333
ColorWriter:0.13517460317460314
