SimpleJobExecutorFacadeTests:0.6127777777777778
SimpleJobExecutorFacade:0.5280555555555556
