MigrationService:0.7633333333333333
MigrationServiceEndpoint:0.4266666666666667
MigrationServiceImpl:0.2
