Join:0.4633333333333333
AbstractTestQueries:0.43
TupleAnalyzer:0.29333333333333333
JoinNode:0.29
TestAnalyzer:0.23666666666666666
DefaultTraversalVisitor:0.19333333333333333
EffectivePredicateExtractor:0.1927777777777778
Formatter:0.19
RelationPlanner:0.18333333333333332
Rewriter:0.17
