FedoraTestCase:0.6633333333333333
FedoraTestConstants:0.25594227994228
