Versions:0.6633333333333333
Index:0.2966666666666667
DeleteRequest:0.28
GetRequest:0.25333333333333335
Item:0.24
ShardDeleteRequest:0.23666666666666666
MultiGetShardRequest:0.23666666666666666
Delete:0.22666666666666666
Create:0.22666666666666666
UpdateRequest:0.22333333333333333
IndexRequest:0.21833333333333332
IndexDeleteRequest:0.21166666666666667
TransportDeleteAction:0.20333333333333334
RestActions:0.18333333333333332
VersionTypeTests:0.17666666666666667
