ExtensionInfo:0.56
ExtensionViewDetailsDlg:0.3019444444444444
ExtensionInfoClient:0.2866666666666667
ExtensionManager:0.27059523809523806
ExtensionDeployerImpl:0.27
ExtensionsConfig:0.26
ExtensionManagerImpl:0.21
GwtRpcServiceImpl:0.20333333333333334
