JFXMapChangeLayoutTest:0.35
JFXComboBoxRendererTest:0.25666666666666665
DefaultXMLExporter2Test:0.25333333333333335
JFXComponentsExtractionActionTest:0.24699999999999997
DefaultXMLExporterTest:0.24666666666666667
JFXDefaultXMLExporterTest:0.24666666666666667
LookCapacitiesWriterTest:0.24666666666666667
SuperLayerGeneratorTest:0.23866666666666664
JFXPopupMenuButtonTest:0.22933333333333336
JFXStyleSetExtractionActionTest:0.22894444444444445
DefaultBinaryExporter2Test:0.22888888888888886
SwingStyleSetExtractionActionTest:0.22672222222222221
ARINC661SaveAsTest:0.22672222222222221
WidgetComponentsWriterTest:0.22672222222222221
UtilitiesTest:0.22672222222222221
EditorRewriteBinaryDFTest:0.22672222222222221
Logging3Test:0.2255
MapLibraryManagerTest:0.21694444444444444
MapLibraryManager2Test:0.21694444444444444
LookDefinitionWriterTest:0.21333333333333335
JFXMenuBarRendererTest:0.21333333333333335
ScenarioAutoStartTest:0.20327777777777778
DefaultBinaryExporterTest:0.20327777777777778
DefaultXMLExporterExtensionsTest:0.19666666666666666
JFXDefaultXMLExporter4Test:0.19666666666666666
DefaultXMLExporter4Test:0.19666666666666666
SynthToLookModelParser:0.19
JFXPolylineTest:0.17416666666666664
JFXLabelRendererTest:0.14222222222222222
Logging4Test:0.13666666666666666
DefaultXMLExporter3Test:0.13666666666666666
ScenarioAutoStart2Test:0.13666666666666666
DefaultBinaryExporter1_Test:0.13666666666666666
DefaultBinaryExporter3Test:0.12
