SpectrumChartFactory:0.32666666666666666
PeakTableViewer:0.3
SpokChartPanel:0.2633333333333333
ContinuousSpectrumView:0.2
PeakSpectrumView:0.2
PeakSorter:0.17666666666666667
