TokenVerificationException:0.4755555555555556
ZooKeeperMasterModel:0.38
MasterModel:0.3478333333333334
HostsResource:0.22666666666666666
Responses:0.19
ExpiredJobReaperTest:0.17666666666666667
ExpiredJobReaper:0.16855555555555554
JobsResource:0.13666666666666666
