DecoderEventPacketTest:0.7327777777777779
DecoderBaseTest:0.20438888888888887
