Util:0.6066666666666667
BusinessEntityManagerImpl:0.38333333333333336
