SystemProperties:0.6
Setting:0.5866666666666667
SystemService:0.53
ApplicationContextFactory:0.25666666666666665
ExecutorLogic:0.21
PropertyResources:0.20333333333333334
InitializerLogic:0.18
CommonLogic:0.16666666666666666
TaskFactory:0.16666666666666666
TabHeaderTag:0.13666666666666666
SystemServiceDelegate:0.11333333333333333
RestoreDefaultPropertiesAction:0.10333333333333333
SystemServiceBean:0.09666666666666666
SettingDAO:0.09333333333333334
SavePropertiesAction:0.09
Settings:0.07666666666666666
AddSettingsTable:0.0033333333333333335
