FoldVisibilityManager:0.6266666666666667
JEditTextArea:0.5188888888888888
PanelWindowContainer:0.43333333333333335
