SynthPainter:0.4066666666666667
SynthSpinnerUI:0.3333333333333333
SynthComboBoxUI:0.3333333333333333
SynthTableUI:0.3333333333333333
SynthOptionPaneUI:0.3333333333333333
SynthButtonUI:0.32666666666666666
SynthSeparatorUI:0.32666666666666666
SynthProgressBarUI:0.32666666666666666
SynthTreeUI:0.32666666666666666
SynthToolBarUI:0.32666666666666666
SynthLabelUI:0.32666666666666666
SynthColorChooserUI:0.3233333333333333
SynthTableHeaderUI:0.3233333333333333
SynthPanelUI:0.3233333333333333
SynthToolTipUI:0.3233333333333333
SynthRootPaneUI:0.3233333333333333
SynthListUI:0.3233333333333333
SynthScrollPaneUI:0.3233333333333333
SynthMenuBarUI:0.3233333333333333
SynthTabbedPaneUI:0.32
SynthSliderUI:0.32
SynthScrollBarUI:0.32
SynthArrowButtonUI:0.2966666666666667
SynthSplitPaneUI:0.2952222222222223
SynthPopupMenuUI:0.2846666666666667
SynthPasswordFieldUI:0.2794444444444445
SynthTextPaneUI:0.2794444444444445
SynthRadioButtonUI:0.27611111111111114
SynthRadioButtonMenuItemUI:0.27611111111111114
SynthCheckBoxMenuItemUI:0.27611111111111114
SynthMenuUI:0.2733333333333333
SynthEditorPaneUI:0.27
SynthTextAreaUI:0.27
SynthInternalFrameTitlePane:0.27
SynthDesktopIconUI:0.27
SynthFormattedTextFieldUI:0.2683333333333333
SynthToggleButtonUI:0.2683333333333333
SynthCheckBoxUI:0.2683333333333333
SynthDesktopPaneUI:0.268
BackgroundPainter:0.26666666666666666
SynthMenuItemUI:0.26522222222222225
SynthViewportUI:0.26
DelegatingPainter:0.25
SynthTextFieldUI:0.24800000000000003
SynthInternalFrameUI:0.24
AggregatePainter:0.23333333333333334
SynthSplitPaneDivider:0.21666666666666667
Synth2CSSParser:0.21333333333333335
ImagePainter:0.19666666666666666
