ChartView:0.52
ChartUtils:0.5133333333333333
ChartManager:0.2733333333333333
JFreeChartActionFactory:0.21444444444444447
