RequestBuilder:0.7366666666666667
RequestBuilderBase:0.42333333333333334
BoundRequestBuilder:0.37333333333333335
