QueryAST:0.6483333333333333
QueryAnalysis:0.42380555555555555
HqlAnalyzer:0.33666666666666667
