ProfileModule:0.93
ProfileModuleImpl:0.39666666666666667
FolderDaoImpl:0.3744444444444444
SearchUtils:0.24666666666666667
