EntityNameResolver:0.7616666666666667
JoinEntityGenerator:0.31166666666666665
