Unmarshaller:0.28400000000000003
XJBGUITableImpl:0.21666666666666667
XJBGUITabImpl:0.21
XJBSWDownloadCandidateImpl:0.20666666666666667
XJBOldDownloadFileImpl:0.20333333333333334
XJBGUITableColumnImpl:0.2
XJBSWDownloadSegmentImpl:0.2
XJBSWDownloadFileImpl:0.2
XJBSharedFileImpl:0.19666666666666666
XJBOldRemoteFileImpl:0.19666666666666666
XJBGUISettingsImpl:0.17333333333333334
