AngleBending:0.33666666666666667
GeometricMinimizer:0.25
ForceFieldTools:0.22
BondStretching:0.18
VanDerWaalsInteractions:0.14666666666666667
StretchBendInteractions:0.14666666666666667
