MethodCall:0.5666666666666667
MethodCallTest:0.45666666666666667
MethodInvoker:0.38666666666666666
ForStaticField:0.30666666666666664
ForVirtualInvocation:0.30333333333333334
ForVirtualMethods:0.18333333333333332
WithoutSpecifiedTarget:0.16
PackagePrivateType:0.09305555555555556
