StringMappingUpgradeTests:0.6233333333333333
DynamicTemplate:0.6233333333333333
