SqlBuilder:0.4266666666666667
JdbcProperties:0.32
MWLItemBean:0.29
PatientBean:0.27666666666666667
SeriesBean:0.26666666666666666
StudyBean:0.26666666666666666
