Node:0.6466666666666666
AttrValueSetI:0.52
NodeAttrControlPanel:0.43666666666666665
CategoryActionListener:0.19
AttrValueRangeSet:0.0
