Preferences:0.5433333333333333
STLObject:0.48333333333333334
Main:0.3
RepRapBuild:0.2833333333333333
