NutMappingField:0.6033333333333334
JsonTest:0.36
EntityOperator:0.3566666666666667
RelationObjectMap:0.25666666666666665
ManyManyLinkField:0.20633333333333334
AnnotationEntityMaker:0.15666666666666668
EntityHolder:0.12
