HtmlElement:0.6766666666666666
KeyboardEvent:0.375
HtmlTextInputTest:0.2966666666666667
KeyboardEventTest:0.13666666666666666
