UpdateQuery:0.6333333333333333
UpdateQueryImpl:0.48
UpdateSetFirstStep:0.37583333333333335
UpdateImpl:0.3433333333333333
