ApolloPanel:0.8066666666666666
StrandedZoomableApolloPanel:0.37333333333333335
ViewMenu:0.3233333333333333
