JSONObject:0.61
JSONArray:0.45
Null:0.32416666666666666
JSONPointer:0.28
XML:0.20777777777777778
Builder:0.2
JSONWriter:0.17333333333333334
