DocSchemaInfo:0.5866666666666667
ReferenceInfos:0.43
DocIndexMetaDataTest:0.3933333333333333
ReferenceInfosTest:0.12333333333333334
