OrcRecordReader:0.6066666666666667
OrcReader:0.41
OrcStorageManager:0.2966666666666667
OrcTestingUtil:0.27
OrcPageSourceFactory:0.15666666666666668
