PollerConfig:0.5666666666666667
RescanProcessor:0.32666666666666666
CapsdConfigFactory:0.32
PollerConfigFactory:0.27
OpenNMSProvisionerTest:0.27
CapsdConfigManager:0.21
SuspectEventProcessor:0.19333333333333333
MockPollerConfig:0.18
CapsdTest:0.12333333333333334
PollerConfigServlet:0.11833333333333333
AddPollerConfigServlet:0.11833333333333333
