Configuration:0.634888888888889
BasicPublisher:0.18333333333333332
