CompositeFuture:0.44166666666666665
CompositeFutureImpl:0.36333333333333334
FutureImpl:0.3566666666666667
FutureTest:0.22666666666666666
