A:0.44666666666666666
SCEvent:0.38
SCEventFromSet:0.30666666666666664
ESParser:0.29
StringSetMatcher:0.28
SimStateMachine:0.25666666666666665
SCEventGenerator:0.22666666666666666
SCEventGeneratorFactory:0.22444444444444447
SCEventSingleChoice:0.22
StateMachine:0.2111111111111111
EventGeneratorFactory:0.19666666666666666
NativeStateMachine:0.17666666666666667
Jump:0.03666666666666667
Wildcards:0.0
