DecoderEventPacketTest:0.6180555555555555
DecoderBaseTest:0.34977777777777774
