GenericConversionService:0.6783333333333333
DefaultConversionServiceTests:0.21333333333333335
