Specificites:0.41
Cooccurrence:0.36
MatrixImpl:0.33666666666666667
LexicalTableImpl:0.3333333333333333
