AbstractDbDialect:0.59
IDbDialect:0.5066666666666667
BootstrapService:0.21333333333333335
TableTemplate:0.18666666666666668
DbDialectFactory:0.18666666666666668
MsSqlDbDialect:0.11333333333333333
