ClusterService:0.5533333333333333
ClusterManager:0.49
TargetAwareOp:0.30666666666666664
