Tuple2:0.7766666666666666
TupleTest:0.4066666666666667
Tuple2Test:0.2866666666666667
