QueryParseContext:0.9333333333333333
TemplateQueryParser:0.165
WrapperQueryParser:0.018333333333333333
WrapperFilterParser:0.018333333333333333
