ResourceSelector:0.44333333333333336
RubyContentOutlinePage:0.24333333333333335
RubyElementLabelProvider:0.13333333333333333
TwoArrayQuickSorter:0.10666666666666667
PixelConverter:0.09333333333333334
StringMatcher:0.07666666666666666
RubyElementSorter:0.0757037037037037
ExceptionHandler:0.07333333333333333
RubyElementVisitor:0.07
FilteredList:0.05333333333333334
SWTUtil:0.02
TableLayoutComposite:0.016666666666666666
RubyFileSelector:0.016666666666666666
RubyProjectSelector:0.0033333333333333335
DirectorySelector:0.0
