Jedis:0.5833333333333334
Client:0.38666666666666666
Protocol:0.38
ClusterCommandsTest:0.33666666666666667
ClusterCommands:0.21333333333333335
