DbQuery:0.5333333333333333
DbSqlException:0.5033333333333333
DbQueryBase:0.30666666666666664
DbQueryParser:0.21344444444444444
