Validator:0.6633333333333333
Query:0.5233333333333333
QueryPairMapper:0.22333333333333333
