CacheRecordStore:0.5033333333333333
AbstractCacheProxyInternal:0.43
AbstractCacheService:0.37333333333333335
AbstractCacheProxyExtension:0.34
DefaultOperationProvider:0.30666666666666664
AbstractClientCacheProxyInternal:0.27666666666666667
AbstractCacheProxyBase:0.25
AbstractMutatingCacheOperation:0.22166666666666668
CacheClearOperation:0.14472222222222222
AbstractCacheOperation:0.11333333333333333
AbstractCacheRecordStore:0.08
