Utf8UrlEncoder:0.7666666666666667
OAuthSignatureCalculator:0.5466666666666666
OAuthSignatureCalculatorTest:0.15333333333333332
TestUTF8UrlCodec:0.04
