GISViewTopComponent:0.4266666666666667
GISViewScene:0.31666666666666665
TagLabelWidget:0.24361111111111108
GISViewService:0.2402777777777778
MapComponentWidget:0.21777777777777782
Constants:0.13666666666666666
