WebSocket:0.46
Draft:0.37
Draft_10:0.36333333333333334
FramedataImpl1:0.2733333333333333
WebSocketClient:0.21888888888888886
WebSocketServer:0.21861111111111114
WebSocketListener:0.15833333333333333
WebSocketAdapter:0.15833333333333333
Draft_75:0.11777777777777776
IncompleteException:0.03
