CoordinateOperation:0.6533333333333333
OperationMethod:0.33
ParameterDescriptorGroup:0.23666666666666666
