TestTimestamp:0.31666666666666665
TestTimestampWithTimeZone:0.31666666666666665
TestTime:0.21666666666666667
TestTimeWithTimeZone:0.21666666666666667
TestDate:0.21666666666666667
