ModuleManager:0.49333333333333335
MapFacade:0.4033333333333333
Module:0.31333333333333335
ModuleContext:0.28444444444444444
ViewDetailAction:0.28
NewAction:0.19
ViewBaseAction:0.18
InvoiceNoSectionsTest:0.15666666666666668
NewTreeViewItemAction:0.10666666666666667
