GrammarModel:0.8633333333333333
ExploreAction:0.29
ApplyMatchAction:0.19
StartSimulationAction:0.19
ExplorationDialogAction:0.16666666666666666
