GeneralStatistics:0.5566666666666666
CapHelper:0.47333333333333333
SwaptionHelper:0.42333333333333334
BlackKarasinski:0.28
ShortRateTree:0.26666666666666666
CoxIngersollRoss:0.18333333333333332
Std:0.11666666666666667
HullWhite:0.10333333333333333
ShortRateDynamics:0.09
CalibrationHelper:0.08333333333333333
ExtendedCoxIngersollRoss:0.0
