JsonObject:0.6108333333333333
JsonArray:0.5266666666666666
Json:0.43666666666666665
