SHFILEOPSTRUCT:0.6666666666666666
HANDLEByReference:0.38333333333333336
Kernel32:0.3822222222222222
FLASHWINFO:0.02
