TicketGrantingTicketExpirationPolicy:0.425
SimpleHttpClient:0.31333333333333335
AuthenticationViaFormAction:0.29
DefaultServicesManagerImpl:0.23333333333333334
SendTicketGrantingTicketAction:0.22416666666666665
MemCacheTicketRegistry:0.22333333333333333
JcifsSpnegoAuthenticationHandler:0.21666666666666667
TicketOrCredentialPrincipalResolver:0.21666666666666667
LogoutManagerImpl:0.21666666666666667
CentralAuthenticationServiceImpl:0.2
TicketGrantingTicketExpirationPolicyTests:0.19666666666666666
DefaultTicketRegistryCleaner:0.19333333333333333
ShibbolethCompatiblePersistentIdGenerator:0.19166666666666668
SendTicketGrantingTicketActionTests:0.18666666666666668
KryoTranscoder:0.11666666666666667
JcifsConfig:0.09333333333333334
RejectUsersAuthenticationHandler:0.09
HttpBasedServiceCredentialsAuthenticationHandler:0.08666666666666667
