Trees:0.5333333333333333
XPath:0.43
XPathRuleElement:0.3016666666666667
TestXPath:0.22333333333333333
