Button:0.33
TransitionLayout:0.24666666666666667
LinearLayout:0.23
GridLayout:0.20333333333333334
CheckBox:0.20333333333333334
FrameLayout:0.20333333333333334
RelativeLayout:0.20333333333333334
RadioButton:0.20333333333333334
DrawerLayout:0.20333333333333334
EditText:0.19333333333333333
TextView:0.19333333333333333
ImageView:0.18666666666666668
