GraphData:0.38666666666666666
DataLoader:0.37777777777777777
EdgeView:0.3646666666666667
MouseManager:0.35
NodeView:0.325
