Simulator:0.43
TextTraceReader:0.3233333333333333
TraceFileSettings:0.13333333333333333
CaffeineTextTraceReader:0.1
CaffeineBinaryTraceReader:0.1
LirsTraceReader:0.06333333333333334
AddressTraceReader:0.06333333333333334
WikipediaTraceReader:0.06333333333333334
