XavaPreferences:0.8533333333333334
ButtonTag:0.41333333333333333
ActionTag:0.27
