Broadcaster:0.5
DefaultBroadcaster:0.4166666666666667
BroadcasterFuture:0.3566666666666667
AtmosphereResourceEventImpl:0.23333333333333334
AtmosphereResourceImpl:0.23
BaseTest:0.20333333333333334
Entry:0.19666666666666666
AsynchronousProcessor:0.17333333333333334
ChatAtmosphereHandler:0.16333333333333333
GAEDefaultBroadcaster:0.13666666666666666
SimpleBroadcaster:0.12
