CacheContext:0.6444444444444445
AsMapTest:0.41
BoundedLocalCacheTest:0.3466666666666667
LoadingCacheTest:0.31666666666666665
GuavaCache:0.2866666666666667
RefreshAfterWriteTest:0.2833333333333333
ExpireAfterWriteTest:0.2833333333333333
ExpireAfterAccessTest:0.2833333333333333
EvictionTest:0.23666666666666666
CacheValidationListener:0.19333333333333333
UnboundedLocalCacheTest:0.016666666666666666
