MColorButton:0.110000275
MColorPicker:0.09500808
MDialog:0.041084737
UI:0.036241423
CoolHeader:0.033559207
MPanel:0.031261407
MLabel:0.028238056
MColorChooserPanel:0.027472597
MLineBorder:0.026567064
MText:0.026071364
MColorIcon:0.022669993
ColorProperty:0.019750215
MUndoManager:0.019216044
MLayout:0.017314311
MLogger:0.014237891
MTextField:0.014177242
MActionInfo:0.013225547
Config:0.012923961
MIcon:0.012914711
MAction:0.011684137
TK:0.010099779
MSmallButton:0.0095570255
ActionGroup:0.008885712
MButtonPanel:0.008322824
Property:0.007816616
MTimer:0.0042044343
MCheckBox:0.0040637446
BooleanProperty:0.0026050734
Kiosk:6.2306295E-4
