FileContentEditor:0.53
CoreContentRegistryEditor:0.42333333333333334
ShopContentRegistryEditor:0.12333333333333334
CMSContentRegistryEditor:0.12333333333333334
StoreContentRegistryEditor:0.12333333333333334
