Tag:0.9227777777777779
UserMgmtService:0.38666666666666666
UserProcessor:0.31
ArticleProcessor:0.25
ArticleAddValidation:0.17
UpdateProfilesValidation:0.09666666666666666
