BulletConstructor:0.6166666666666667
BulletWorld:0.38666666666666666
FrustumCullingTest:0.23333333333333334
MotionState:0.19166666666666668
ContactCallbackTest:0.19094444444444444
RayCastTest:0.16666666666666666
RayPickRagdollTest:0.14666666666666667
TestPairCachingGhostObject:0.14666666666666667
InternalTickTest:0.14333333333333334
TestContactProcessedListener:0.14
VehicleTest:0.14
ImportTest:0.13666666666666666
SoftBodyTest:0.13333333333333333
SoftMeshTest:0.13
ConvexHullTest:0.12666666666666668
ConstraintsTest:0.1
BasicBulletTest:0.1
TestContactResultCallback:0.09333333333333334
MeshShapeTest:0.08
