ParserContextImpl:0.6633333333333333
JsfViewFactoryTests:0.29333333333333333
ELExpressionParserTests:0.25666666666666665
JsfFinalResponseActionTests:0.24
