DB:0.75
TestCase:0.37333333333333335
DBTests:0.30333333333333334
