MailsAdapter:0.4533333333333333
IntentStarter:0.38666666666666666
BaseMailsFragment:0.3566666666666667
SearchFragment:0.3466666666666667
SearchResultAdapter:0.2733333333333333
MailProvider:0.20333333333333334
PersonClickListener:0.0011111111111111111
