Medium:0.31333333333333335
BoundingPolygon:0.26344444444444437
QuantitativeResult:0.2
Extent:0.15333333333333332
