Preferences:0.75
JoglPreferences:0.4266666666666667
AndroidPreferences:0.21666666666666667
JoglApplication:0.2125
LwjglApplication:0.1927222222222222
AngleApplication:0.1927222222222222
LwjglCanvas:0.18
