SVMLightWrapper:0.5466666666666666
SaveModelAction:0.45866666666666667
LoadModelAction:0.45866666666666667
