RedisCommand:0.5866666666666667
RedissonCache:0.39666666666666667
Redisson:0.30333333333333334
RedissonClient:0.2833333333333333
