DeploymentOptions:0.5830555555555557
JsonArray:0.4166666666666667
DeploymentOptionsImpl:0.4166666666666667
Deployment:0.41
DeploymentTest:0.31
DeploymentImpl:0.22666666666666666
DeploymentManager:0.18666666666666668
