NBrowseApplet:0.7333333333333333
StatusLis:0.3566666666666667
NbrowseToolbar:0.30666666666666664
