Validation:0.78
ValidationBuilder:0.23666666666666666
ValidationTest:0.19333333333333333
Applicative:0.09277777777777778
