GenericConversionService:0.43333333333333335
DataModelConverter:0.34
FacesFlowBuilderServicesBeanDefinitionParserTests:0.22888888888888886
DataModelConverterTests:0.19666666666666666
JsfViewFactoryCreator:0.18666666666666668
FacesConversionService:0.18333333333333332
FacesFlowBuilderServicesBeanDefinitionParser:0.14
TestViewFactoryCreator:0.10666666666666667
