Graphics:0.8533333333333334
AndroidGraphics:0.37666666666666665
LwjglGraphics:0.30666666666666664
JoglGraphics:0.16583333333333333
