RealResponseBody:0.5033333333333333
CallTest:0.46
Http1Codec:0.25
Http2Codec:0.19333333333333333
CacheInterceptor:0.16666666666666666
BridgeInterceptor:0.13333333333333333
