ClassWrapper:0.5433333333333333
HierarchyUtils:0.39666666666666667
BackendBean:0.3433333333333333
