Mango:0.47
LoopGraph:0.38333333333333336
BackupVertex:0.34
LoopSym:0.33666666666666667
VertexSym:0.33666666666666667
HitemUtil:0.3333333333333333
Edge:0.30333333333333334
BackupEdge:0.2733333333333333
VertexData:0.25666666666666665
BackupAlg:0.25333333333333335
SuperVertexSym:0.25333333333333335
MethodSym:0.205
LoopVertex:0.18666666666666668
SourceLineSym:0.17
AlphaSym:0.15
CodeData:0.14666666666666667
MultiGraph3DViewCreateRequestMsg:0.14666666666666667
InstallResult:0.13416666666666666
Path:0.12333333333333334
UconData:0.11666666666666667
MethodDefinitionLocatorMsg:0.08666666666666667
IconIndex:0.05
SimpleLoopPath:0.03666666666666667
ItsAWrap:0.03
SuperPathSym:0.016666666666666666
