MQLFunctionDefinition:0.6983333333333334
MQLFunctionRegistry:0.37333333333333335
