App:0.6133333333333333
Startup:0.5266666666666666
