Array:0.35
Image:0.3
Actor:0.29
InputEvent:0.27666666666666667
BooleanArray:0.24555555555555553
LongArray:0.24555555555555553
CharArray:0.24555555555555553
FloatArray:0.24555555555555553
IntArray:0.24555555555555553
ShortArray:0.24555555555555553
Group:0.22333333333333333
ArrayMap:0.22333333333333333
Stage:0.22333333333333333
ScrollPane:0.22
InputListener:0.2
TextButtonStyle:0.056666666666666664
ImageTextButtonStyle:0.043333333333333335
