XKMSInvoker:0.45
XKMSUtil:0.29
XKMSCAService:0.27416666666666667
XKMSKRSSTest:0.27
RequestAbstractTypeResponseGenerator:0.24666666666666667
XKMSSigTest:0.22333333333333333
XKMSKISSTest:0.21333333333333335
KISSResponseGenerator:0.19
LocateResponseGenerator:0.18833333333333332
XKMSProvider:0.15
ReissueResponseGenerator:0.07043650793650794
