JQuery182Test:0.6211111111111112
HTMLElement2Test:0.36666666666666664
