MessagingClient:0.6159444444444444
TestMessagingClient:0.43666666666666665
TestManagementNotifications:0.37333333333333335
AllUnitTests:0.20666666666666667
JmsMessagingClient:0.023333333333333334
MessagingListener:0.0011111111111111111
