Store:0.72
InternalEngineTests:0.3933333333333333
StoreTest:0.25666666666666665
MergePolicySettingsTest:0.15333333333333332
