Resource:0.6333333333333333
Handle:0.5466666666666666
ProcessingResource:0.5433333333333333
Gate:0.48333333333333334
Factory:0.4633333333333333
JDBCDataStore:0.29333333333333333
AbstractResource:0.28
MainFrame:0.2633333333333333
DefaultGazetteer:0.25333333333333335
SerialDataStore:0.25
SimpleTokeniser:0.25
POSTagger:0.24666666666666667
NameBearerHandle:0.24666666666666667
DefaultTokeniser:0.24
TestCreole:0.23333333333333334
AnnotationDiff:0.21666666666666667
AbstractLanguageResource:0.215
CorpusImpl:0.21333333333333335
SerialDatastoreViewer:0.20666666666666667
Transducer:0.20333333333333334
ModulesTableModel:0.20333333333333334
Nerc:0.20166666666666666
TestCorpus:0.18666666666666668
AbstractProcessingResource:0.18666666666666668
TestJape:0.18
DocumentEditor:0.17666666666666667
SentenceSplitter:0.17333333333333334
TestTokeniser:0.17
TestGazetteer:0.17
ApplicationEditor:0.16666666666666666
Executable:0.16333333333333333
TestConfig:0.16333333333333333
NewResourceDialog:0.16
SerialController:0.15666666666666668
TestSplitterTagger:0.15333333333333332
ResourceTreeCellRenderer:0.15333333333333332
ProfileNerc:0.15
FeaturesEditor:0.14976190476190476
ParameterValueRenderer:0.14833333333333334
VisualResource:0.1297777777777778
AbstractVisualResource:0.12333333333333334
TestPR2:0.12333333333333334
TestPR1:0.12333333333333334
TestGate:0.12333333333333334
TestControllers:0.11666666666666667
LoadAction:0.10333333333333333
RunAction:0.10333333333333333
NewApplicationAction:0.10333333333333333
AbstractFeatureBearer:0.09666666666666666
CloseViewAction:0.03333333333333333
FeatureBearer:0.013333333333333334
AbstractNameBearer:0.0
