AbstractAccessDelegate:0.4
AbstractGeneralRegion:0.33444444444444443
NonStrictReadWriteAccessDelegate:0.2633333333333333
ReadWriteAccessDelegate:0.2633333333333333
