Vehicle:0.7266666666666667
MarsClock:0.38
VehicleDialog:0.3233333333333333
MainDesktopPane:0.18333333333333332
DriveGroundVehicle:0.18
MainWindowMenu:0.17666666666666667
GroundVehicleDialog:0.14333333333333334
