LdapModuleImpl:0.47333333333333333
DefaultLdapSynchronization:0.3911111111111111
ConfigureLdapController:0.37333333333333335
