GetMoleculeIDsForGivenClasses:0.33666666666666667
GenerateRandomCentroidVectors:0.22
LeafOneOutIteratorGetNextFingerprintItemList:0.21333333333333335
LeafOneOutIteratorHasNext:0.21333333333333335
LeafOneOutIteratorInitializer:0.21333333333333335
GetInterAngleBetweenClassesAsCSV:0.16333333333333333
GetART2AClassificationResultAsPDF:0.16333333333333333
GetART2AClassificationResultAsCSV:0.16333333333333333
CompareART2AClassificationResults:0.15
