ShadowResourcesTest:0.5483333333333333
ShadowArscAssetManager:0.4666666666666667
ShadowStringBlock:0.4430555555555556
