AbstractEntityPersister:0.5966666666666667
SessionFactoryImpl:0.37333333333333335
SingleTableEntityPersister:0.3566666666666667
