XmlConfigBuilder:0.5855555555555555
Parser:0.5522222222222223
XMLConfigBuilderTest:0.5033333333333333
