PyLong:0.47333333333333333
PyTuple:0.43
PyImmutableSet:0.4266666666666667
PySet:0.42333333333333334
PySlice:0.38666666666666666
PyProperty:0.29
__builtin__:0.2833333333333333
PySuper:0.25
thread:0.20111111111111113
PyLocal:0.18666666666666668
PyNewWrapper:0.17333333333333334
Sets:0.09666666666666666
