PeerDiscovery:0.68
PeerGroup:0.4266666666666667
PeerGroupTest:0.29
TorDiscovery:0.22
PrintPeers:0.14666666666666667
SeedPeers:0.13333333333333333
HttpDiscovery:0.12666666666666668
SeedPeersTest:0.11666666666666667
MultiplexingDiscovery:0.06666666666666667
DnsSeedDiscovery:0.03
