MappingUpdatedRequest:0.4633333333333333
MappingUpdatedAction:0.27
MetaDataMappingService:0.24333333333333335
TransportIndexAction:0.23333333333333334
TransportShardBulkAction:0.23333333333333334
UpdateMappingTests:0.13666666666666666
UpdateTask:0.043333333333333335
