VertxImpl:0.45666666666666667
ContextImpl:0.4533333333333333
VertxMetrics:0.2683333333333333
MetricsTest:0.24666666666666667
FakeVertxMetrics:0.23666666666666666
DummyVertxMetrics:0.16416666666666666
VertxThreadFactory:0.15333333333333332
FakeThreadPoolMetrics:0.15
WorkerPool:0.14933333333333332
DummyWorkerPoolMetrics:0.05
SharedWorkerPool:0.04666666666666667
