Main:0.6283333333333333
DbMigrate:0.29
FlywayInfoTask:0.25
InfoMojo:0.24333333333333335
