UnionNode:0.4766666666666667
AbstractTestQueries:0.3433333333333333
PlanVisitor:0.26
Rewriter:0.22
Visitor:0.18666666666666668
RewritingVisitor:0.18333333333333332
LocalExecutionPlanner:0.13666666666666666
RelationPlanner:0.13666666666666666
SinkNode:0.08666666666666667
