DateProcessor:0.5266666666666666
DateFormatTests:0.24666666666666667
DateProcessorTests:0.05333333333333334
