LocalExecutionPlanContext:0.4633333333333333
Visitor:0.3
SqlTaskExecution:0.26
TaskManagerConfig:0.24666666666666667
LocalExecutionPlanner:0.23
LocalQueryRunner:0.22916666666666666
TestingPrestoServer:0.18
SystemSessionProperties:0.15666666666666668
TestTaskManagerConfig:0.13
