ClassPathResource:0.61
Main:0.37666666666666665
CommandLineLargeTest:0.2833333333333333
StringUtils:0.20333333333333334
V1_2__Another_user:0.03
