PartitionManager:0.6416666666666667
AbstractAccessDelegate:0.44333333333333336
AbstractHazelcastRegion:0.29333333333333333
HazelcastRegion:0.15
