VectorSizeMismatchException:0.5433333333333333
NeuralNetwork:0.45666666666666667
TrainingSet:0.43333333333333335
ImageRecognitionPlugin:0.21805555555555556
ImageRecognitionSample:0.20666666666666667
TrainingSetImport:0.12
PerceptronSample:0.11666666666666667
ImageSizeMismatchException:0.11333333333333333
