Constant:0.4166666666666667
LookHandler:0.38666666666666666
Element:0.3666666666666667
LookDefinition:0.3233333333333333
LookCapacities:0.31666666666666665
StringDrawer:0.31
Table:0.28
ComponentCapacities:0.27666666666666667
Property:0.26666666666666666
EmbeddedWindowsManager:0.24666666666666667
TypeDefinition:0.23666666666666666
Connector:0.22666666666666666
ComponentDefinition:0.22166666666666668
LookCapacitiesWriter:0.21
LookDefinitionWriter:0.20333333333333334
Enumerate:0.18666666666666668
ElementImpl:0.18333333333333332
LookDefinitionGenerator:0.17333333333333334
LookModule:0.16333333333333333
LookDefinitionDialog:0.1525
ValuedElement:0.15166666666666667
CapacitiesAttribute:0.1311111111111111
TableEntry:0.13
SynthConverterAction:0.12333333333333334
CheckLookDefinitionAction:0.11666666666666667
StyleSet:0.115
NamedElementImpl:0.11
AbstractLookWriter:0.06666666666666667
CheckLookCapacitiesAction:0.06333333333333334
SpecialValue:0.043333333333333335
NamedElement:0.03666666666666667
