ResourceLoader:0.6233333333333333
ShadowApplication:0.5
RobolectricConfig:0.37666666666666665
ApplicationResolver:0.20333333333333334
ViewGroupTest:0.2
TestUtil:0.15
