Dialect:0.93
ModelHistory:0.4033333333333333
SQL92Dialect:0.32
Table:0.2946666666666667
