ChannelSetBuilder:0.64
GroupByHash:0.3497777777777778
DictionaryEncoder:0.31666666666666665
StatsBuilder:0.22666666666666666
