Factory:0.42333333333333334
COMUtils:0.4166666666666667
ProxyObject:0.37333333333333335
RunningObjectTable:0.27666666666666667
COMBindingBaseObject:0.24333333333333335
EnumMoniker:0.20833333333333334
HybdridCOMInvocationTest:0.195
ITypeInfoTest:0.13333333333333333
IShellFolderTest:0.11333333333333333
ShellApplicationWindowsTest:0.10666666666666667
ComEventCallbacks_Test:0.09
ProxyObject_Test:0.08666666666666667
RunningObjectTable_Test:0.08583333333333333
EnumMoniker_Test:0.085
