Parser:0.3933333333333333
Euler:0.36333333333333334
ETC3:0.33
ETC2:0.25666666666666665
ETC1:0.24333333333333335
ETC5:0.17666666666666667
