TransportResponse:0.5916666666666667
TransportRequest:0.5786666666666667
AxiomSoapMessage:0.36333333333333334
MessageEndpointHandlerAdapterTest:0.29333333333333333
SaajSoapMessage:0.2833333333333333
MockWebServiceMessage:0.26
AbstractSoapMessageContextFactoryTestCase:0.25
MessageContextFactory:0.17333333333333334
MessageEndpointHandlerAdapter:0.17
WebServiceMessage:0.13166666666666665
AbstractSoapMessage:0.09333333333333334
AxiomSoapMessageContextFactory:0.07416666666666667
SaajSoapMessageContextFactory:0.06
AbstractSoap12MessageTestCase:0.06
AbstractSoap11MessageTestCase:0.04083333333333333
HttpTransportResponse:0.023333333333333334
MockTransportRequest:0.021944444444444447
MockTransportResponse:0.016666666666666666
AxiomSoapMessageTest:0.013333333333333334
HttpTransportRequest:0.013333333333333334
