AssumptionTest:0.46
MethodRoadie:0.37
ClassRoadie:0.3233333333333333
HasFailingAssumeInBefore:0.2548888888888889
HasFailingAssumeInBeforeClass:0.2548888888888889
