Transaction:0.5733333333333334
AnnotationEditor:0.36666666666666664
TransactionSubpart:0.30333333333333334
DefaultNameAdapter:0.25333333333333335
TransactionManager:0.23666666666666666
TransactionUtil:0.2
