ServerDebugMessageProcessor:0.51
DecoderMessageDialog:0.37666666666666665
DebugPlugin:0.32
MessageDecoderAction:0.2866666666666667
EngineConfigurator:0.2833333333333333
