FingerprintCoverageTest:0.6866666666666666
MextraTests:0.24333333333333335
MexperimentalTests:0.24
MfingerprintTests:0.016666666666666666
