Root:0.5716666666666667
TestFactoryTestDescriptor:0.42833333333333334
