RobolectricTestRunner:0.8466666666666667
TestRunnerForApiVersion:0.4033333333333333
MultiApiRobolectricTestRunnerTest:0.2733333333333333
MultiApiRobolectricTestRunner:0.19111111111111112
