UnicodeFont:0.57
TextField:0.37666666666666665
UnicodeFontTest:0.29777777777777775
ParallelAction:0.19333333333333333
SequenceAction:0.19
