ScriptStepResult:0.7433333333333333
ScriptExecutionEngine:0.24333333333333335
ScriptExecutionLogViewPart:0.1811111111111111
LogDataColumnProvider:0.15233333333333332
