RedissonSortedSet:0.5533333333333333
ConcurrentRedissonSortedSetTest:0.37105555555555547
BinarySearchResult:0.3566666666666667
