TransferDescription:0.5566666666666666
XMPPChatTransmitter:0.43666666666666665
JingleFileTransferSession:0.3
PacketExtensions:0.2633333333333333
CancelInviteExtension:0.25333333333333335
IBBTransferListener:0.18666666666666668
JingleFileTransferManager:0.18
NetworkView:0.12
Transmitter:0.1
ReceiverThread:0.07666666666666666
IJingleFileTransferListener:0.04
JingleTransferListener:0.03333333333333333
