Qedeq2Utf8Executor:0.52
GenerateUtf8Test:0.35333333333333333
Qedeq2Utf8Plugin:0.31666666666666665
Qedeq2UnicodeTextPlugin:0.30333333333333334
