MultiMapContainer:0.56
MultiMapService:0.4666666666666667
MultiMapTest:0.3466666666666667
MultiMapMigrationOperation:0.21
RemoveOperation:0.15
PutOperation:0.13
TxnLockAndGetOperation:0.12666666666666668
RemoveAllOperation:0.12666666666666668
TxnRemoveAllOperation:0.12
TxnRemoveOperation:0.12
TxnPutOperation:0.12
