ScriptEditor:0.6133333333333333
ThreadTerminatingSecurityManager:0.30333333333333334
ThreadTerminatingSecurityManagerTest:0.3
AllTests:0.1311111111111111
