Node:0.45666666666666667
Layout:0.3566666666666667
ComponentViewHierarchicalGraphModeEventHandler:0.33
ComponentView2D:0.3
