JCPMultiPageEditor:0.7316666666666667
JCPControlListener:0.4266666666666667
