RequestBuilderTest:0.54
MethodInfo:0.4533333333333333
RequestBuilder:0.4033333333333333
