DiscoveryManager:0.86
DiscoveryManagerListener:0.5897777777777777
RosterView:0.47333333333333333
