BufferManagementStrategy:0.8533333333333334
BasicBufferManagementStrategy:0.7216666666666667
