ReplicatedRecordStore:0.7066666666666667
ReplicationPublisher:0.36666666666666664
ReplicatedMapProxy:0.3433333333333333
AbstractReplicatedRecordStore:0.3333333333333333
ReplicatedMapService:0.225
ReplicatedMapDataSerializerHook:0.21
ClientReplicatedMapClearRequest:0.12666666666666668
