AsMapTest:0.5284444444444444
EntrySetView:0.3466666666666667
