Table:0.8566666666666667
BitmapFontCache:0.37666666666666665
LabelTest:0.2966666666666667
