JSONReaderScanner:0.38333333333333336
ObjectFieldSerializer:0.31333333333333335
JavaBeanSerializer:0.2833333333333333
SymbolTable:0.21
MapSerializer:0.14666666666666667
