SpdyConnection:0.7166666666666667
SpdyConnectionTest:0.34
SpdyReader:0.31833333333333336
Reader:0.30666666666666664
