JavaConfigApplicationContextConstructionTests:0.6608333333333334
AnnotationApplicationContextTests:0.27722222222222226
