UserProcessor:0.27666666666666667
UserMgmtService:0.23666666666666666
DomainProcessor:0.23
IndexProcessor:0.17
TagProcessor:0.15666666666666668
SearchProcessor:0.11333333333333333
CityProcessor:0.1
