StrutsConstants:0.47904761904761906
Dispatcher:0.39
I18n:0.27666666666666667
BeanSelectionProvider:0.26
