AbstractQueryTestCase:0.61
RangeQueryBuilderTests:0.37333333333333335
TermsQueryBuilderTests:0.31666666666666665
SearchQueryIT:0.20666666666666667
