Renderer:0.5466666666666666
ReportCommonAncestor:0.47333333333333333
Step:0.36
