DefaultAuthenticationHandlerExecutionResult:0.6133333333333333
PolicyBasedAuthenticationManager:0.6066666666666667
RemoteAddressAuthenticationHandler:0.3644444444444444
