Formatter:0.7066666666666667
NumberFormatter:0.38
GenericConversionService:0.23416666666666666
DefaultFormatterRegistry:0.23333333333333334
GenericFormatterRegistry:0.22666666666666666
CustomTypeFormatter:0.19222222222222224
NumberFormatterTests:0.17666666666666667
GenericFormatterRegistryTests:0.17333333333333334
BooleanFormatter:0.16666666666666666
PropertyEditorFormatter:0.16333333333333333
DateFormatter:0.13444444444444445
DefaultConversionServiceTests:0.02
