CertTools:0.6133333333333333
LdapPublisher:0.3
CertificateDataBean:0.27416666666666667
CRLDataBean:0.19
SqlExecutor:0.1852777777777778
RSASignSessionBean:0.17333333333333334
TemplateMimeMessage:0.16333333333333333
JDBCUtil:0.16333333333333333
UpgradeableDataHashMap:0.16333333333333333
JKStoPEM:0.14333333333333334
ViewCAInfoJSPHelper:0.13
EditPublisherJSPHelper:0.12666666666666668
SimpleSequenceGenerator:0.11
CertDistServlet:0.11
