StudyListBean:0.5066666666666667
StudyListPage:0.48
StudyListFilter:0.39633333333333337
