MetadataBuilder:0.9233333333333333
MetadataSources:0.6366666666666667
MetadataBuilderImpl:0.27666666666666667
