ResourcePool:0.5766666666666667
StalePreventionTask:0.4666666666666667
