Flyway:0.8466666666666667
Main:0.29333333333333333
AbstractMigrationLoadingTask:0.2633333333333333
AbstractMigrationLoadingMojo:0.19
MigrateMojo:0.18333333333333332
MigrateTask:0.12
