AtmosphereResource:0.6877777777777778
SessionBroadcasterCache:0.34833333333333333
