RobolectricTestRunner:0.5133333333333333
InstrumentingClassLoaderTestBase:0.45
TestTestIsPrepared:0.25666666666666665
Runner:0.23800000000000002
CustomRobolectricTestRunnerTest:0.18
CustomRobolectricTestRunner:0.16333333333333333
WithCustomClassList:0.13666666666666666
WithDefaults:0.13666666666666666
MyConfig:0.06
ClassRemappingConfig:0.05333333333333334
MethodInterceptingConfig:0.006666666666666667
MethodInterceptingClassRemappingConfig:0.006666666666666667
