XLink:0.6066666666666667
ReusableObjManager:0.48
Add:0.4633333333333333
DataManager:0.43
List:0.39666666666666667
Thesaurus:0.3566666666666667
Replace:0.25666666666666665
Utils:0.25333333333333335
ReusableObjectLogger:0.20444444444444446
SummaryComparator:0.18666666666666668
Geonetwork:0.1
Processor:0.07
ContactsStrategy:0.06333333333333334
ExtentsStrategy:0.04
ProcessParams:0.03833333333333333
KeywordsStrategy:0.01
ReplacementStrategy:0.006666666666666667
LocaleUtil:0.0033333333333333335
FormatsStrategy:0.0
