MongoQueryFailureException:0.5466666666666666
MongoCursorNotFoundException:0.3086111111111111
