ClassMetadataNode:0.6573333333333333
ClassMetadataChildren:0.5166666666666667
HierarchyCustomizerService:0.15333333333333332
Delete:0.14777777777777779
