Activator:0.7666666666666667
Function:0.5612142857142858
Predicate:0.5612142857142858
