VariablePathNode:0.44333333333333336
OOITBuilder:0.42333333333333334
SemanticVerifier:0.42
CommandLineParser:0.37333333333333335
CorrelationSet:0.3466666666666667
TypeChecker:0.2966666666666667
Interpreter:0.25333333333333335
SimpleCorrelationEngine:0.22666666666666666
VariablePathSet:0.22333333333333333
MultiMap:0.1761111111111111
CorrelationFunctionInfo:0.10666666666666667
CorrelationAliasingFunction:0.0
