XMLDocument:0.5033333333333333
XmlPage:0.4666666666666667
XSLTProcessor:0.2966666666666667
SimpleScriptableTest:0.22333333333333333
XMLSerializer:0.17666666666666667
