JoinPair:0.4266666666666667
ManyTableConsumer:0.38666666666666666
SelectPlannerTest:0.3566666666666667
ManyTableConsumerTest:0.2966666666666667
JoinPairs:0.1736111111111111
SplitVisitor:0.15666666666666668
QuerySplitter:0.1
