JobRepository:0.5933333333333334
SimpleJobRepositoryIntegrationTests:0.27
SimpleJobTests:0.24333333333333335
JobExecutionTests:0.23
StubStep:0.22611111111111115
SimpleJobRepository:0.17
AbstractStepExecutionDaoTests:0.14666666666666667
JobRepositorySupport:0.13666666666666666
AbstractJobExecutionDaoTests:0.09333333333333334
SimpleJob:0.09
