GeometryCollectionBuilder:0.41
PolygonBuilder:0.35333333333333333
EnvelopeBuilder:0.27666666666666667
ShapeBuilder:0.25333333333333335
StreamOutput:0.23666666666666666
MultiPolygonBuilder:0.23
StreamInput:0.23
