PutBackupOperation:0.45
MergeOperation:0.34
BackupTest:0.31
DefaultRecordStore:0.2833333333333333
SplitBrainHandlerTest:0.26
MapStoreWithStoreCount:0.19571428571428573
TxnSetOperation:0.18333333333333332
MapStoreTest:0.17333333333333334
SizeEstimatorTest:0.14
ConnectionTest:0.12666666666666668
MemberListTest:0.08333333333333333
