CodeStyleTest:0.41333333333333333
HtmlScript:0.37
SimpleScriptable:0.37
HTMLSpanElement:0.2922222222222222
