Step:0.5133333333333333
Script:0.47
ScriptEditor:0.355
ComponentReference:0.2866666666666667
Sequence:0.27666666666666667
Action:0.24666666666666667
MethodInvocation:0.23666666666666666
AbbotHelper:0.22666666666666666
SendEvent:0.22666666666666666
XMLEditor:0.18333333333333332
InvalidScriptException:0.16
ReferencesModel:0.13333333333333333
ScriptTest:0.10666666666666667
ScriptFilter:0.08666666666666667
Entry:0.07333333333333333
XMLifiable:0.03666666666666667
