AbstractJdbcDdlReader:0.47333333333333333
InterbaseDdlReader:0.27
FirebirdDdlReader:0.27
Row:0.22333333333333333
SqliteDdlReader:0.14333333333333334
IDdlReader:0.013333333333333334
