RubyProjectPropertyPage:0.575
NewProjectCreationWizard:0.47833333333333333
RubyDocumentProvider:0.30666666666666664
