GeometricMinimizer:0.39
BondStretching:0.38666666666666666
AngleBending:0.36
MMFF94EnergyFunction:0.31
ForceFieldTests:0.2633333333333333
TestPotentialFunction:0.15833333333333333
PotentialFunction:0.09166666666666666
