Fiber:0.68
Strand:0.4716666666666667
FiberStrand:0.31666666666666665
ThreadStrand:0.2833333333333333
FiberTest:0.17666666666666667
