JsfExternalContext:0.59
FlowPhaseListener:0.4166666666666667
FlowNavigationHandler:0.3233333333333333
FlowNavigationHandlerArgumentExtractorTests:0.3
