MethodDeclaration:0.7866666666666666
GeneratedMethodBinding:0.49222222222222217
AbstractMethodRewriter:0.2866666666666667
