Mapping:0.49333333333333335
RemoteRepositoryProvider:0.41333333333333333
RealProject:0.34
RemoteRepositoryProviderTest:0.23333333333333334
IRebase:0.2
TestTeamIntegration:0.16333333333333333
TMXReaderTest:0.16
RebaseAndCommit:0.13333333333333333
TMXReader2:0.08666666666666667
VirtualRemoteRepositoryProvider:0.03333333333333333
GlossaryReaderTSVTest:0.0
