AtmosphereFramework:0.49333333333333335
AtmosphereResponse:0.43
AsynchronousProcessor:0.26666666666666666
FrameworkConfig:0.19061111111111112
JSONPTransportFilter:0.14666666666666667
