SimpleHandler:0.5766666666666667
CrawlJob:0.32666666666666666
CrawlJobHandler:0.20083333333333334
User:0.18333333333333332
