Gate:0.7533333333333333
OkAction:0.21666666666666667
DeleteColumnCellRendererEditor:0.21333333333333335
