DefaultComponentFinder:0.5233333333333333
ScriptEditor:0.51
DynamicClassLoader:0.41333333333333333
MyCode:0.1411111111111111
