ServiceSessionBean:0.43333333333333335
HardTokenIssuerData:0.4
Log4jDevice:0.31333333333333335
AutoEnrollServletTest:0.20666666666666667
