ClusterServiceImpl:0.5866666666666667
ClusterHeartbeatManager:0.43
MembershipFailureTest:0.31333333333333335
PromoteLiteMemberTest:0.23
MasterConfirmationOp:0.18611111111111112
DecideNewMembersViewTask:0.14
