SubstitutionCriteria:0.7177777777777778
SubstitutionCriteriaNotEquals:0.2866666666666667
UpdateSubstitutionAction:0.26666666666666666
SubstitutionCriteriaSwimlane:0.10333333333333333
