ClientWiredStatelessChronicleMap:0.5833333333333334
ClientWiredStatelessTcpConnectionHub:0.34
MapWireHandler:0.2966666666666667
