GL:0.6066666666666667
Sys:0.5066666666666667
CoreGL11:0.4766666666666667
CoreGL14:0.34
Window:0.3
CoreGL12:0.25333333333333335
Pbuffer:0.25
VBOTest:0.15666666666666668
VBOTracker:0.14333333333333334
VBOIndexTest:0.056666666666666664
StateStack:0.03333333333333333
Util:0.025555555555555554
