RMapReactive:0.7046666666666667
RedissonMapReactive:0.4
RedissonMapCacheReactive:0.39666666666666667
RedissonReactive:0.38333333333333336
RedissonBatchReactive:0.24916666666666668
RedissonReactiveClient:0.19416666666666665
RMapCacheReactive:0.15833333333333333
