Planner:0.48
ESCountNode:0.37
ConsumingPlanner:0.30666666666666664
ESGetNode:0.28
ESDQLPlanNode:0.22666666666666666
Visitor:0.035
