BasicReflectionImpl:0.6283333333333333
QuadInterpreter:0.42333333333333334
ReflectiveInterpreter:0.3616666666666667
