NettyResponseFuture:0.5733333333333334
NettyAsyncHttpProvider:0.49
FutureImpl:0.30333333333333334
