PropertyRenderer:0.5566666666666666
MyView:0.37333333333333335
PropertyView:0.22333333333333333
File:0.20055555555555557
I18NView:0.15166666666666667
MLE:0.14
