SecureContextLoginModule:0.8466666666666667
SecureContextLoginModuleTest:0.03333333333333333
