RubyRuntime:0.52
TC_RubyRuntime:0.26666666666666666
TS_DebugUiAllTests:0.19333333333333333
TS_CoreAllTests:0.1
TS_Launcher:0.1
TS_LaunchingAllTests:0.1
TS_RdtAllTests:0.07333333333333333
