GraphConverter:0.7669444444444444
GraphHelper:0.39222222222222225
