Slidr:0.72
SliderPanel:0.5438888888888889
ViewerActivity:0.25666666666666665
