FeatureCollectionTools:0.7166666666666667
AttributeOp:0.43333333333333335
StatisticOverViewTableModel:0.42
