LocalGatewayMetaState:0.39
LocalGatewayShardsState:0.26666666666666666
PropertiesSettingsLoader:0.21
ChecksumBenchmarkTest:0.18333333333333332
MetaDataCreateIndexService:0.11666666666666667
AbstractFsBlobContainer:0.11666666666666667
