Model:0.7033333333333334
ModelIOUtilities:0.44333333333333336
ERDesignerMainFrame:0.37
ModelProperties:0.23666666666666666
