SnmpNodeCollectorTest:0.5433333333333333
OnmsSnmpCollection:0.5266666666666666
SnmpCollectorTestCase:0.37
