HibernatePersistence:0.7071944444444443
PersistenceUtilHelper:0.4066666666666667
HibernatePersistenceUnitUtil:0.29
EntityManagerFactoryImpl:0.27
MetadataCache:0.14333333333333334
