GenericExtruder:0.5366666666666666
GenericStepperMotor:0.49666666666666665
CommsLock:0.22666666666666666
