MergeImpl:0.6066666666666667
Executor:0.5966666666666667
MergeNotMatchedStep:0.2866666666666667
InsertUpdateTests:0.24666666666666667
