Version:0.37666666666666665
Attachment:0.36666666666666664
SingleValue:0.31333333333333335
ComplexBase:0.3005555555555556
DBReference:0.28
Persist2Jet:0.21
