CarriersTest:0.7212222222222222
RegionsConverter:0.42833333333333334
