Shape:0.7433333333333333
Materialisation:0.5366666666666666
TestShape:0.17666666666666667
TestMaterialisation:0.17666666666666667
Transform:0.10333333333333333
