TransportSQLActionTest:0.42333333333333334
PlanForNode:0.38
SQLTransportIntegrationTest:0.3433333333333333
PartitionedTableConcurrentIntegrationTest:0.24666666666666667
