ErrorListPlugin:0.5133333333333333
DefaultErrorSource:0.38666666666666666
ErrorOverview:0.25
ErrorHighlight:0.17666666666666667
