Gedcom:0.69
Property:0.49
PropertySource:0.35
Repository:0.29333333333333333
Source:0.29333333333333333
PropertyRepository:0.10666666666666667
