ServerImpl:0.5633333333333334
AbstractServerImplBuilder:0.2866666666666667
ServerBuilder:0.26666666666666666
ServerImplTest:0.26666666666666666
ServerTransportListenerImpl:0.18
