LoginDialog:0.9666666666666667
Installer:0.27666666666666667
