Matrix4:0.43
Vector:0.4233333333333333
Slider:0.39
Camera:0.34
SliderStyle:0.33
AnimationController:0.29333333333333333
MathUtils:0.25
Vector3:0.23666666666666666
SkinLoader:0.2
Vector2:0.1961111111111111
BaseAnimationController:0.14333333333333334
SkinParameter:0.13
