Request:0.5666666666666667
DropBoxApi:0.33111111111111113
OAuthSignatureException:0.20333333333333334
