BasicClusterStateTest:0.35333333333333333
TaskPollThread:0.23333333333333334
EvictorImpl:0.2
LockClusterStateOperation:0.11666666666666667
RollbackClusterStateOperation:0.11666666666666667
