TermVectorsService:0.8433333333333334
TransportTermVectorsAction:0.31666666666666665
TransportShardMultiTermsVectorAction:0.2966666666666667
IndicesModule:0.28
TermVectorsFetchSubPhase:0.2733333333333333
