RedisProcess:0.5933333333333334
RedissonTest:0.2966666666666667
RedissonBoundedBlockingQueueTest:0.29
RedissonBlockingQueueTest:0.24
RedissonRedLockTest:0.21
RedissonTopicTest:0.19666666666666666
RedissonTopicPatternTest:0.08666666666666667
RedissonMultiLockTest:0.07333333333333333
WeightedRoundRobinBalancerTest:0.02666666666666667
