JdbcUserDetailsManager:0.7833333333333333
JdbcUserDetailsManagerTests:0.3933333333333333
