AttributeDescriptor:0.6866666666666666
Descriptor:0.5494444444444445
