Map2DSourceContext:0.6855555555555555
Vertex:0.4666666666666667
