AbstractMvcView:0.44
BindingModel:0.35
XmlFlowModelBuilder:0.31333333333333335
MvcViewFactoryCreator:0.26
AbstractMvcViewFactory:0.23
PortletMvcViewFactory:0.22444444444444447
ServletMvcViewFactory:0.22444444444444447
MvcViewTests:0.13666666666666666
