HtmlTextInput:0.32666666666666666
HtmlPasswordInput:0.32666666666666666
HtmlButtonTest:0.2633333333333333
HtmlSubmitInputTest:0.22666666666666666
HtmlPasswordInputTest:0.22
HtmlTextInput2Test:0.17666666666666667
HtmlResetInputTest:0.17333333333333334
HtmlImageInput:0.17
HtmlSubmitInput:0.17
HtmlHiddenInputTest:0.07666666666666666
HtmlHiddenInput:0.03333333333333333
HtmlResetInput:0.03333333333333333
HtmlImageInput2Test:0.03
HtmlButtonInput2Test:0.03
HtmlButtonInput:0.0
HtmlResetInput2Test:0.0
