MCalendar:0.7966666666666666
MCalendarPanel:0.30333333333333334
MButton:0.2633333333333333
RepeatRule:0.2088888888888889
DayButton:0.2
DayLabel:0.17
TasksSettings:0.12
