ExecuteFormulaActionHandlerOperations:0.7458333333333335
ExecuteFormulaActionHandler:0.3722222222222222
