ComponentTester:0.44444444444444436
ArgumentParser:0.44
Script:0.4033333333333333
ScriptEditor:0.36666666666666664
Call:0.26
Assert:0.23
AppClassLoader:0.22611111111111115
ScriptTest:0.19
ImageComparator:0.18666666666666668
ArgumentParserTest:0.15111111111111108
FileConverter:0.09666666666666666
FileComparator:0.0
