RetailerEditor:0.51
RetailerEditorConfiguration:0.45888888888888885
TestRetailerEditorConfiguration:0.23333333333333334
RetailerEditorResult:0.11555555555555555
FilterSizeConfiguration:0.03
