Actor:0.5966666666666667
ScrollPane:0.3933333333333333
Group:0.2733333333333333
Tree:0.2733333333333333
ArrayMap:0.27
Node:0.21666666666666667
