ProcessDefinitionCache:0.5616666666666666
ExecutorCache:0.52
SubstitutionCache:0.4666666666666667
ProcessDefCacheCtrl:0.3233333333333333
TaskCache:0.31666666666666665
ExecutorCacheCtrl:0.27666666666666667
SubstitutionCacheCtrl:0.26666666666666666
ExecutorCacheImpl:0.26
JbpmCommonLogic:0.22587301587301586
ExecutorDAOHibernateImpl:0.20833333333333334
JbpmExecutionLogic:0.20083333333333334
TaskCacheCtrl:0.19333333333333333
SubstitutionLogic:0.16333333333333333
TaskCacheImpl:0.14666666666666667
SubstitutionCacheImpl:0.14333333333333334
ProcessDefCacheImpl:0.11666666666666667
SubprocessPermissionVisitor:0.043333333333333335
