DatabaseMeta:0.7657777777777778
DefaultPagerMaker:0.20144444444444443
