DoubleBigArray:0.3333333333333333
LongBigArray:0.3333333333333333
ByteBigArray:0.3333333333333333
ObjectBigArray:0.3333333333333333
BooleanBigArray:0.3333333333333333
StateCompiler:0.3
SliceBigArray:0.2080952380952381
