StepExecution:0.8733333333333333
JdbcStepExecutionDao:0.29333333333333333
AbstractStepExecutionDaoTests:0.25333333333333335
StepExecutionRowMapper:0.11333333333333333
