Soap:0.47
XAbstractService:0.43
XATNALogger:0.35333333333333333
Hl7Date:0.2227777777777778
XBaseTransaction:0.19
XServiceProvider:0.18733333333333335
