Workstation:0.6166666666666667
MangoScriptWindow:0.37333333333333335
MangoScriptModel:0.3333333333333333
CustomizableIntroPart:0.22
ScriptSaveAction:0.21
ScriptOpenAction:0.20666666666666667
StatisticManager:0.20666666666666667
ScriptRunAction:0.1877777777777778
CloseCaseAction:0.18444444444444444
InstanceWindow:0.18
MainPanel:0.17666666666666667
GenSpecAction:0.17
LogAction:0.17
ScriptAction:0.17
CloseBothAction:0.08666666666666667
GenSpecWindow:0.05111111111111111
StatisticsWindow:0.04
LogWindow:0.04
Perspective:0.023333333333333334
