Result:0.77
Exploration:0.5366666666666666
ExplorationDialog:0.3333333333333333
