GwtRpcService:0.7416666666666667
GwtRpcServiceAsync:0.48
MastHead:0.39666666666666667
GwtRpcServiceImpl:0.36666666666666664
GetBinderBrandingResponse:0.21666666666666667
GetBinderBrandingCmd:0.21666666666666667
GwtClientHelper:0.13
VibeRpcCmd:0.0
VibeRpcResponse:0.0
