Translation:0.6566666666666666
TranslationHandler:0.5033333333333333
