RedissonScoredSortedSet:0.45
RedissonScoredSortedSetReactive:0.31
RedissonScoredSortedSetTest:0.30333333333333334
RedissonScoredSortedSetReactiveTest:0.27666666666666667
RedisCommands:0.2148333333333333
ScoredSortedSetReplayDecoder:0.19
