ComplexVariable:0.5966666666666667
UserTypeFormat:0.36222222222222217
ViewUtil:0.27666666666666667
FormSubmissionUtils:0.26666666666666666
VariableLogic:0.17
ExecutionVariableProvider:0.11
