JChemPaintPanel:0.47
JChemPaint:0.39
RenderPanel:0.29333333333333333
JChemPaintAbstractApplet:0.21666666666666667
OpenAction:0.20333333333333334
JChemPaintEditorApplet:0.13166666666666665
JChemPaintViewerApplet:0.12
NewAction:0.12
JChemPaintViewerPanel:0.05333333333333334
