Server:0.7744444444444445
Row:0.49333333333333335
Util:0.46
PosPanel:0.4
PosModel:0.35
PayDialog:0.3411111111111111
DocLine:0.24333333333333335
ServerBean:0.19166666666666668
Preference:0.14444444444444443
