ConnectionSpec:0.49333333333333335
Builder:0.43333333333333335
ConnectionSpecTest:0.24666666666666667
Util:0.22666666666666666
