RealWebSocket:0.49333333333333335
WebSocketReaderTest:0.33
WebSocketReader:0.2891111111111111
RealWebSocketTest:0.23
WebSocketProtocol:0.07
