ObjectiveCHeaderGenerator:0.5133333333333333
ObjectiveCSegmentedHeaderGenerator:0.4266666666666667
TranslationProcessor:0.25333333333333335
ObjectiveCSourceFileGenerator:0.24666666666666667
ObjectiveCSourceFileGeneratorTest:0.10666666666666667
