HazelcastClientInstanceImpl:0.63
ScheduledFutureProxy:0.29
ProxyManager:0.24666666666666667
HazelcastClientProxy:0.24666666666666667
DefaultMessageTaskFactoryProvider:0.15666666666666668
ClientProtocolErrorCodes:0.14267857142857143
ClientExceptionFactory:0.12333333333333334
