ChadoInstance:0.88
JdbcChadoAdapter:0.44
PureJDBCTransactionWriter:0.37333333333333335
JdbcChadoWriter:0.2966666666666667
AbstractChadoInstance:0.20666666666666667
