JSONWriter:0.37666666666666665
JSONReader:0.3466666666666667
JSONReaderTest:0.21
JSONWriterTest:0.13
