NettyWebSocket:0.7
GrizzlyTextMessageTest:0.2633333333333333
GrizzlyByteMessageTest:0.2633333333333333
