ZipSecurity:0.7433333333333333
CodeWriter:0.5966666666666667
