Wallet:0.7066666666666667
WalletEventListener:0.6025555555555555
WalletTest:0.3233333333333333
AbstractWalletEventListener:0.29
ChainSplitTest:0.18
