Element:0.53
HTMLScanner:0.36666666666666664
TagBalancer:0.32666666666666666
