Stats:0.7933333333333333
InternalStats:0.35333333333333333
ExtendedStatsIT:0.28
StatsIT:0.27666666666666667
