ScopeRegistry:0.7953333333333333
PrefDialog:0.35933333333333334
