HazelcastClientInstanceImpl:0.5866666666666667
ClientExceptionFactory:0.4266666666666667
ClientProtocolErrorCodes:0.4063730158730159
ClientInvocationServiceSupport:0.3
ResponseThread:0.24777777777777782
