AbstractProcessingFilter:0.6683333333333333
RememberMeProcessingFilter:0.4166666666666667
X509ProcessingFilter:0.27
