SymmetricMessageDispatcher:0.5466666666666666
SymmetricMessageReceiver:0.5366666666666666
SymmetricMessageReceiverTestCase:0.36
SymmetricMessageDispatcherFactory:0.20666666666666667
