CertificateProfile:0.74
CertTools:0.5266666666666666
CaTestCase:0.33
CAsTest:0.27
CAAdminSessionBean:0.1913888888888889
CertToolsTest:0.19
CertificateView:0.18
