Wallet:0.7966666666666666
WalletTest:0.29
WalletProtobufSerializerTest:0.2
FilteredBlockAndPartialMerkleTreeTests:0.18666666666666668
BloomFilterTest:0.17666666666666667
