DictionaryBlock:0.6333333333333333
BlockAssertions:0.32666666666666666
TestDictionaryAwarePageFilter:0.21666666666666667
TestDictionaryBlock:0.18333333333333332
BenchmarkData:0.12666666666666668
TestPage:0.12666666666666668
TestPageProcessorCompiler:0.12666666666666668
TestDictionaryBlockEncoding:0.10666666666666667
