DubboCodec:0.51
DubboCountCodec:0.31
DecodeableRpcInvocation:0.30333333333333334
DecodeableRpcResult:0.26666666666666666
