Job:0.7266666666666667
Probes:0.39666666666666667
ProbeJobs:0.27666666666666667
GreysAnatomyClassFileTransformer:0.20666666666666667
ScriptListener:0.19226190476190477
ProfilerCommand:0.14666666666666667
JavaScriptCommand:0.11333333333333333
MonitorCommand:0.11333333333333333
