JPPFTaskBundle:0.5566666666666666
GenericProcessLauncher:0.23666666666666666
SimpleTask:0.18666666666666668
Setup1D1N:0.18666666666666668
Setup1D1N1C:0.18
CancelJobTask:0.16666666666666666
DriverProcessLauncher:0.16333333333333333
NodeProcessLauncher:0.16333333333333333
TestJPPFJobSLA:0.15333333333333332
AbstractNodeContext:0.14333333333333334
JPPFStartupLoader:0.09333333333333334
DriverJobManagement:0.09
RemoteNodeIO:0.09
WaitingResultsState:0.07333333333333333
TestEncryption:0.0
