UserData:0.52
BaseCmpMessage:0.4666666666666667
CmpResponseMessage:0.25
CmpTestCase:0.22333333333333333
CrmfRequestMessageTest:0.13
