ReferenceAnnotationBeanPostProcessor:0.44666666666666666
DubboClassPathBeanDefinitionScanner:0.2966666666666667
DubboComponentScanRegistrar:0.2833333333333333
BeanFactoryUtils:0.19
BeanFactoryUtilsTest:0.13
Ancestor:0.08333333333333333
Child:0.08333333333333333
Parent:0.07666666666666666
DubboComponentScanRegistrarTest:0.07
ConsumerConfiguration:0.06333333333333334
TestBean2:0.023888888888888887
