PeakTableViewer:0.5933333333333334
PeakContentProvider:0.4
PeakCellModifier:0.30333333333333334
PeakView:0.21666666666666667
