ExecutePool:0.5116666666666667
DbUtil:0.35333333333333333
DownLoadTask:0.26972222222222225
CachePool:0.26666666666666666
DownloadModule:0.25083333333333335
IDownloadCmd:0.24
ITaskQueue:0.22166666666666668
DownloadUtil:0.22
DbEntity:0.21833333333333332
DownloadSchedulers:0.20333333333333334
SingleTaskActivity:0.18
DownloadAdapter:0.16
DownloadTaskQueue:0.13166666666666665
