SoapFaultDefinition:0.46
SoapFaultDefinitionEditor:0.23
SimpleSoapExceptionResolver:0.16
SoapFaultMappingExceptionResolver:0.12027777777777779
SoapEnvelopeLoggingInterceptorTest:0.09
SoapFaultMappingExceptionResolverTest:0.07
SoapFaultDefinitionEditorTest:0.04
SoapEnvelopeLoggingInterceptor:0.016666666666666666
SoapActionEndpointMapping:0.016666666666666666
DelegatingSoapEndpointMapping:0.016666666666666666
DelegatingSoapEndpointMappingTest:0.0125
SimpleSoapExceptionResolverTest:0.011666666666666667
SoapActionEndpointMappingTest:0.0033333333333333335
