Style:0.8666666666666667
GAMEAdapter:0.37
MovementPanel:0.23666666666666666
