AbstractEntityPersister:0.5066666666666667
BatchFetchQueue:0.38333333333333336
EntityUpdateAction:0.34
NaturalIdXrefDelegate:0.25666666666666665
EntityInsertAction:0.25
Loader:0.25
DefaultLoadEventListener:0.21333333333333335
DefaultInitializeCollectionEventListener:0.14
