ParameterConstants:0.6205555555555555
IIncomingBatchService:0.4220674603174603
IncomingBatchService:0.38666666666666666
FileSyncService:0.33
DataLoaderService:0.24833333333333332
ManageIncomingBatchListener:0.24333333333333335
RouterService:0.22805555555555557
