VersionedChecksummedBytes:0.6966666666666667
AddressTest:0.43416666666666665
VersionedChecksummedBytesTest:0.15333333333333332
