ShardRequest:0.2866666666666667
Item:0.2833333333333333
TransportShardUpsertAction:0.20333333333333334
ShardUpsertRequest:0.19
TransportShardDeleteAction:0.15
ShardDeleteRequest:0.13666666666666666
