DatabaseXmlUtil:0.47333333333333333
DatabaseWriter:0.42333333333333334
XmlDataReader:0.34777777777777774
AbstractDatabasePlatform:0.23333333333333334
DatabaseWriterSettings:0.22333333333333333
IDatabasePlatform:0.19416666666666665
DbImport:0.19
DatabaseXmlUtilTest:0.0033333333333333335
