InterfaceCache:0.32
EjbcaWS:0.28
UserAdminSessionBean:0.28
RSASignSessionBean:0.25333333333333335
SignSessionTest:0.22333333333333333
CAInterfaceBean:0.21333333333333335
CARepublishCommand:0.19
