DbPropsQueryMap:0.7188888888888889
QueryMap:0.4266666666666667
EmptyQueryMap:0.38638888888888884
