JPPFJob:0.42
AbstractJPPFClientConnection:0.25666666666666665
LoadBalancer:0.25666666666666665
LocalExecutionThread:0.2111111111111111
JPPFClient:0.20666666666666667
AsynchronousResultProcessor:0.19666666666666668
JPPFClientConnectionImpl:0.17333333333333334
AbstractGenericClient:0.16666666666666666
RemoteExecutionThread:0.14666666666666667
