Config:0.83
CardinalityEstimatorService:0.31
SpringXmlConfigBuilder:0.24333333333333335
ConfigXmlGenerator:0.23666666666666666
XmlConfigBuilder:0.22666666666666666
CardinalityEstimatorContainer:0.22666666666666666
XMLConfigBuilderTest:0.19666666666666666
CardinalityEstimatorBackupAwareOperation:0.15666666666666668
