StyleInfo:0.82
Proto:0.41333333333333333
Protoclass:0.3333333333333333
