KeyStoreWrapper:0.5933333333333334
Bootstrap:0.3333333333333333
ListKeyStoreCommandTests:0.20666666666666667
RemoveSettingKeyStoreCommandTests:0.14666666666666667
Randomness:0.10861111111111112
KeyStoreWrapperTests:0.01
