Message:0.47
NetworkParameters:0.4448333333333333
PeerAddress:0.27
VersionMessage:0.26666666666666666
NetworkConnection:0.24333333333333335
AddressMessage:0.19683333333333336
GetBlocksMessage:0.19666666666666668
Peer:0.19
