TopPanel:0.49666666666666665
opennmsSession:0.45311111111111113
opennmsPage:0.34
