CollisionJNI:0.48333333333333334
btDbvtNode:0.42333333333333334
Node:0.40422222222222215
btDbvt:0.3069444444444444
btDbvtAabbMm:0.2633333333333333
sStkNP:0.22333333333333333
sStkNN:0.21333333333333335
Cluster:0.20333333333333334
sStkCLN:0.20333333333333334
sStkNPS:0.2
Face:0.19666666666666666
Tetra:0.19666666666666666
btDbvtProxy:0.19
btCompoundShapeChild:0.19
