Resource:0.48333333333333334
XMLLib:0.3
ServerLib:0.2833333333333333
Cli:0.13666666666666666
