DatabaseLib:0.5566666666666666
DbLib:0.3933333333333333
DB2Panel:0.24
