DocumentStore:0.6633333333333333
BaseDocument:0.48333333333333334
DocumentFileStorage:0.30666666666666664
