DBObjectCodec:0.52
DBCollectionTest:0.39
DBObjectCodecTest:0.24666666666666667
CollectibleDBObjectCodec:0.19666666666666666
NestedOneDBObject:0.14666666666666667
TopLevelDBObject:0.14666666666666667
NestedTwoDBObject:0.14666666666666667
TypeMapperTest:0.055
