Ontology:0.6466666666666666
Property:0.5666666666666667
OntologyResource:0.5533333333333333
OClass:0.38
TClassImpl:0.32
OntologyResourceImpl:0.28
OInstance:0.2633333333333333
TClass:0.25
ObjectProperty:0.2
OClassImpl:0.18666666666666668
OInstanceImpl:0.16
DatatypePropertyImpl:0.12666666666666668
PropertyImpl:0.12
ObjectPropertyImpl:0.09
TransitivePropertyImpl:0.0
OntologyConstants:0.0
DatatypeProperty:0.0
SymmetricPropertyImpl:0.0
