StaxXmlReader:0.39666666666666667
SaajSoapMessage:0.31933333333333336
Saaj12XmlReader:0.28
Saaj11Soap11Body:0.27
Saaj11SoapEnvelope:0.24666666666666667
Saaj11Soap11Fault:0.19
AbstractXmlReader:0.18333333333333332
Saaj11SoapMessage:0.06888888888888887
Saaj11Soap11MessageTest:0.05
Saaj11Soap11EnvelopeTest:0.006666666666666667
Saaj12SoapMessage:0.006666666666666667
Saaj12XmlReaderTest:0.006666666666666667
Saaj13SoapMessage:0.006666666666666667
Saaj11SoapElement:0.0033333333333333335
Saaj11Soap11BodyTest:0.0
