IndexRequest:0.6066666666666667
SourceToParse:0.44666666666666666
UpdateRequestBuilder:0.31666666666666665
UpdateHelper:0.24333333333333335
IndexRequestBuilder:0.24
TransportReplicationAction:0.22666666666666666
TTLMappingTests:0.18333333333333332
TransportShardBulkAction:0.18
TransportIndexAction:0.12666666666666668
IndexRequestTests:0.12666666666666668
RestIndexAction:0.08
RestUpdateAction:0.08
UpdateRequestTests:0.07666666666666666
