CtrlBuilder:0.38611111111111107
CtrlChecker:0.38611111111111107
CtrlParser:0.35333333333333333
CtrlLexer:0.30333333333333334
TemplateBuildTest:0.2866666666666667
ProgramBuildTest:0.24
DFA12:0.18866666666666668
