JadxWrapper:0.7886111111111112
JadxGUI:0.30527777777777776
