Util:0.5733333333333334
HsqlDatabaseProperties:0.49
JDBCPreparedStatement:0.34
QuerySpecification:0.32666666666666666
ExpressionArithmetic:0.2538888888888889
FunctionSQL:0.24777777777777782
FunctionCustom:0.22444444444444447
Logger:0.22050000000000003
LobManager:0.1877222222222222
