Pointer:0.6197777777777778
ArgumentsMarshalTest:0.36333333333333334
Native:0.3516666666666667
TestLibrary:0.3337857142857143
Structure:0.2823333333333333
Platform:0.22666666666666666
StructureTest:0.21333333333333335
Function:0.20833333333333334
PointerTest:0.19333333333333333
CallbacksTest:0.15333333333333332
