PyObject:0.6266666666666667
__builtin__:0.42333333333333334
PySlice:0.34
BuiltinFunctions:0.23666666666666666
