HTMLEmailPublisher:0.8266666666666667
HTMLEmailPublisherTest:0.4066666666666667
