StructureResonanceGenerator:0.8455555555555556
StructureResonanceGeneratorTest:0.44333333333333336
