Mvcs:0.57
Nums:0.30333333333333334
MaplTest:0.2733333333333333
ArrayInjector:0.24333333333333335
Sender:0.24283333333333337
Loadings:0.19666666666666666
AnnotationIocLoader:0.195
Pojos:0.19
PairAdaptor:0.12333333333333334
XmlsTest:0.10333333333333333
