Form:0.7533333333333333
FormTag:0.3433333333333333
ServletUrlRenderer:0.33666666666666667
FormTagTest:0.20333333333333334
