HighLevelClient:0.7072222222222223
RestHighLevelClient:0.59
RestHighLevelClientTests:0.33
RestClientTests:0.3233333333333333
MigrationDocumentationIT:0.22
CustomRestClient:0.20666666666666667
RestHighLevelClientExt:0.15333333333333332
ESRestHighLevelClientTestCase:0.11333333333333333
MainDocumentationIT:0.013333333333333334
