SizeColumnsDlg:0.44333333333333336
DataTableFolderViewBase:0.4066666666666667
ColumnWidth:0.33666666666666667
ApplyColumnWidths:0.15694444444444444
