LayoutParams:0.5066666666666667
ProgressBar:0.31333333333333335
RelativeLayout:0.29333333333333333
Button:0.2866666666666667
GridLayout:0.28
FrameLayout:0.26
EditText:0.25
TextView:0.25
ImageView:0.25
LinearLayout:0.24666666666666667
DrawerLayout:0.2111111111111111
RadioButton:0.20666666666666667
CheckBox:0.20666666666666667
FeaturesActivity:0.07666666666666666
