GlassPainter:0.4766666666666667
MDialog:0.43
CoolHeader:0.42333333333333334
AddRemovePanel:0.1311111111111111
MMultiPanel:0.11777777777777779
