DownloadFile:0.8633333333333333
DownloadManager:0.6066666666666667
ResearchSetting:0.25
DownloadConfigDialog:0.19666666666666666
DlgAddAsCandidate:0.19666666666666666
