SimpleJob:0.4533333333333333
ItemOrientedStep:0.3466666666666667
SimpleJobTests:0.3
StubStep:0.2644444444444445
ItemOrientedStepTests:0.22
