URIFrontier:0.59
Queue:0.5677777777777777
Frontier:0.49666666666666665
CrawlURI:0.37666666666666665
CandidateURI:0.36
ToeThread:0.31666666666666665
URIStoreable:0.29503968253968255
ArchiveUtils:0.2733333333333333
CrawlController:0.24
HttpClient:0.23666666666666666
KeyedQueue:0.22666666666666666
DiskQueue:0.18666666666666668
CrawlJobHandler:0.18333333333333332
MemQueue:0.1761111111111111
DiskBackedQueue:0.15333333333333332
ToePool:0.1411111111111111
CompositeIterator:0.03944444444444445
Waker:0.013333333333333334
MultiHttpConnectionProvider:0.0033333333333333335
