BaseHibernateDAOImpl:0.6597222222222222
BaseDAO:0.6566666666666666
