TigerParser:0.5233333333333333
TigerNode:0.36666666666666664
Location:0.25666666666666665
Type:0.25
JavaParser:0.21
ClassNode:0.20111111111111113
JavaCompletionFinder:0.19333333333333333
JavaSideKickParsedData:0.17666666666666667
ImplementsNode:0.17666666666666667
ExtendsNode:0.17666666666666667
