FormTagBase:0.59
MakumbaTag:0.4266666666666667
FormResponder:0.31666666666666665
InputTag:0.31
