MyStaticValue:0.42
MathUtil:0.4033333333333333
AsianPersonRecognition:0.35547619047619045
IndexAnalysis:0.2733333333333333
Test:0.2
BigramdictMake:0.16333333333333333
