UserProfile:0.4220674603174603
MetadataEntityManagerImpl:0.4
BusinessEntityManagerImpl:0.24666666666666667
CacheManager:0.24666666666666667
AttributeMetadata:0.24333333333333335
ApplicationEntityManagerImpl:0.22666666666666666
Util:0.15333333333333332
ApplicationEntityManager:0.14068253968253966
CacheStrategy:0.13666666666666666
