HttpTransportManager:0.8433333333333334
HttpOutgoingTransport:0.37888888888888883
TransportManagerFactoryBean:0.37444444444444447
