WindowConcurrencyTest:0.6516666666666666
MimeTypeTest:0.3577777777777778
