DefaultZooKeeperClient:0.5533333333333333
ZooKeeperTestingServerManager:0.4033333333333333
ZooKeeperTestingClusterManager:0.29333333333333333
ZooKeeperUpdatingPersistentDirectoryTest:0.26
SystemTestBase:0.25666666666666665
ZooKeeperHeliosFailoverTest:0.19666666666666666
ZooKeeperRestoreTest:0.19
ZooKeeperTestManager:0.17833333333333334
ZooKeeperCuratorFailoverTest:0.16333333333333333
PersistentPathChildrenCacheTest:0.16333333333333333
ZooKeeperClusterIdTest:0.14333333333333334
TaskHistoryWriterTest:0.12333333333333334
JobRemoveTest:0.11333333333333333
UndeployFilteringTest:0.11333333333333333
ZooKeeperHealthCheckerTest:0.11
MasterRespondsWithNoZKTest:0.09
