FileAdministration:0.7333333333333333
FileRescanRunner:0.34
JobsRunner:0.25633333333333336
DirectoriesPane:0.17333333333333334
ActionConfigRescan:0.13333333333333333
