MockX509AuthenticationManager:0.6197222222222222
X509ProcessingFilterTests:0.2966666666666667
