FalsePositionTest:0.04666666666666667
RidderTest:0.04666666666666667
SimpsonIntegralTest:0.04666666666666667
SecantTest:0.04666666666666667
InverseCumulativePoissonTest:0.04666666666666667
MoroInverseCumulativeNormalTest:0.04666666666666667
SegmentIntegralTest:0.04666666666666667
