AsyncHttpClient:0.6366666666666667
Builder:0.44333333333333336
BoundRequestBuilder:0.3
