Robot:0.58
Log:0.5566666666666666
ComponentTester:0.39
FileDialogTesterTest:0.26
ComponentTestFixture:0.20666666666666667
ComponentTestFixtureTest:0.2
InputState:0.18
AnnotationTest:0.16
Costello:0.09666666666666666
WindowReadyTracker:0.09333333333333334
AWTConstants:0.07
LogThread:0.0033333333333333335
