GL20:0.7766666666666666
AndroidSound:0.38
ShaderProgram:0.36666666666666664
Mesh:0.3233333333333333
GLTexture:0.2862777777777778
AndroidGL20:0.2833333333333333
IOSSound:0.27
VertexArray:0.23555555555555552
GL20Profiler:0.22666666666666666
IOSGLES20:0.20933333333333332
LwjglGL20:0.2
JglfwGL20:0.19333333333333333
OALSimpleAudio:0.19166666666666668
VertexData:0.19166666666666668
ALSource:0.17833333333333334
GL30Profiler:0.17666666666666667
IOSRobovmTests:0.17622222222222222
GwtGL20:0.16
