CeSecoreNameStyle:0.5544444444444445
CertToolsTest:0.5166666666666667
DNFieldExtractor:0.3983333333333333
DnComponentsTest:0.37666666666666665
DnFieldExtractorTest:0.22666666666666666
