TestFutureImpl:0.569555315055315
AbstractCompletableFutureTest:0.48333333333333334
BasicCompletableFuture:0.36
AbstractCompletableFuture:0.26
BasicCompletableFutureTest:0.23
ClientCompletableFuture:0.22666666666666666
TestCurrentThreadExecutor:0.21277777777777776
LoadFinishedFuture:0.19
TrackableJobFuture:0.17333333333333334
ExecutionCallbackRunnable:0.09333333333333334
CompletableFutureEntry:0.08
UncancellableFuture:0.02666666666666667
