DomNode:0.54
HtmlPage:0.49
HtmlElement:0.37333333333333335
SimpleScriptable:0.25333333333333335
Document:0.24666666666666667
DocumentTest:0.24333333333333335
CharacterDataImpl:0.22
NodeImpl:0.16333333333333333
SimpleHtmlElementCreator:0.16333333333333333
TextImpl:0.16333333333333333
DomText:0.15
SimpleScriptableTest:0.056666666666666664
