TemporalAction:0.2966666666666667
RunnableAction:0.22
ParallelAction:0.20333333333333334
SequenceAction:0.16333333333333333
DelegateAction:0.15333333333333332
DelayAction:0.13333333333333333
RepeatAction:0.11111111111111109
AfterAction:0.05
TimeScaleAction:0.044444444444444446
