ModelGenerator:0.49666666666666665
FileUtils:0.47333333333333333
FormatUtils:0.31
