ServerConfiguration:0.48333333333333334
ServerXMLFieldAttribute:0.42333333333333334
ServerXMLFieldHandleAttribute:0.35
ServerXMLExtension:0.325
ARINCSettings:0.3233333333333333
ServerXMLMapItemAttribute:0.28
ServerXMLWidget:0.28
ServerConfigurationParser:0.26666666666666666
ServerXMLMapItem:0.24400000000000002
AppliConfiguration:0.22333333333333333
WidgetsRefHandler:0.21
ARINCModelFactory:0.1975
ServerXMLWidgetMethodHandlesTest:0.13666666666666666
ServerXMLMapItemHandleAttribute:0.06166666666666667
ConfigProperties:0.0
