HazelcastClientInstanceImpl:0.5266666666666666
HazelcastClientCacheManager:0.43333333333333335
ClientCacheProxy:0.31333333333333335
AbstractClientCacheProxy:0.26666666666666666
ClientProxy:0.2633333333333333
HazelcastClientProxy:0.24333333333333335
ProxyManager:0.24
ClientContext:0.23666666666666666
AbstractClientCacheProxyBase:0.23
AbstractClientInternalCacheProxy:0.22666666666666666
ClientClusterWideIterator:0.175
HazelcastClientCachingProvider:0.08
