JSONOutputEvent:0.49333333333333335
PathTreeAggregationsNode:0.36333333333333334
GroupAnalysisViewController:0.29
RefererAnalysisViewController:0.22
RefererAnalysisViewControllerResult:0.09666666666666666
GroupAnalysisViewControllerResultData:0.08383333333333333
RefererAnalysisViewControllerResultData:0.04666666666666667
PathTreeAggregationsNodeComparator:0.02
RefererAnalysisViewControllerConfiguration:0.0
