StaticRequestProcessor:0.31
MockExchangeRequestProcessor:0.2733333333333333
HttpClientHandler:0.17333333333333334
