ClientConfigurationParser:0.355
WidgetDefaultsHandler:0.25
DefaultClientXMLDFHandler:0.25
ServerConfigurationParser:0.24
ARINC661App:0.22666666666666666
ClientWidgetsRefHandler:0.22
EditorEngine:0.20777777777777778
ARINCModelFactory:0.20416666666666666
DefaultServerXMLDFHandler:0.19333333333333333
WidgetsRefHandler:0.19333333333333333
ClientWrapper:0.19
