TreeParser:0.548
TreeVectorizer:0.42333333333333334
BasicRNTNTest:0.2966666666666667
