TestRelationships:0.7116666666666667
SimpleDOWriter:0.6072222222222222
