AsyncHttpClientConfig:0.52
Channels:0.45809523809523817
SslUtils:0.3547619047619048
AsyncHttpClientConfigBean:0.30666666666666664
NettyAsyncHttpProviderConfig:0.2966666666666667
Builder:0.28
