JobCollectContext:0.6033333333333334
JobContextServiceTest:0.5255555555555557
