Builder:0.6166666666666667
Job:0.45
JobValidator:0.21
MasterConfig:0.17
TaskConfig:0.16666666666666666
JobValidatorTest:0.12333333333333334
JobTest:0.09
JobsResource:0.085
IdMismatchJobCreateTest:0.07666666666666666
MasterParser:0.0625
TaskConfigTest:0.006666666666666667
