ClassTestDescriptor:0.5922222222222222
BeforeAndAfterEachTests:0.28
MethodTestDescriptor:0.22666666666666666
