BuildService:0.63
BuildServiceTest:0.2833333333333333
InactiveProjectTest:0.27666666666666667
DiscontinuedProjectTest:0.18666666666666668
