WebSocket:0.752
WebSocketImpl:0.3933333333333333
WebSocketServer:0.2816666666666667
WebSocketClient:0.25333333333333335
ServerStressTest:0.1811111111111111
