CacheTest:0.37333333333333335
UrlConnectionCacheTest:0.37333333333333335
ResponseCacheTest:0.37333333333333335
HttpEngine:0.27
CallTest:0.25
URLConnectionTest:0.09333333333333334
