Inventory:0.52
Settlement:0.49666666666666665
UnitManager:0.41
Rover:0.38333333333333336
MalfunctionManager:0.37333333333333335
EVASuit:0.35333333333333333
PhysicalCondition:0.34
Crop:0.31166666666666665
GoodsManager:0.30666666666666664
Cooking:0.2633333333333333
UnloadVehicleEVA:0.26
ResourceProcess:0.23916666666666667
Farming:0.22666666666666666
PreparingDessert:0.22
LoadVehicleEVA:0.21666666666666667
FoodProduction:0.21666666666666667
UnloadVehicleGarage:0.21333333333333335
ManufactureUtil:0.21333333333333335
BuildingConstructionMission:0.21
FoodProductionUtil:0.21
ExitAirlock:0.20666666666666667
LoadVehicleGarage:0.20666666666666667
Manufacture:0.20666666666666667
DigLocalRegolith:0.20333333333333334
DigLocalIce:0.20333333333333334
FuelPowerSource:0.20333333333333334
ExploreSite:0.2
Resupply:0.2
EmergencySupplyMission:0.19833333333333333
EnterAirlock:0.19666666666666666
ArrivingSettlement:0.19333333333333333
LivingAccommodations:0.19
CollectResources:0.18333333333333332
EatMeal:0.17333333333333334
ReturnLightUtilityVehicle:0.14
