EditionService:0.86
EditionPanel:0.5133333333333333
EditionServiceImpl:0.37333333333333335
EditionServiceAsync:0.30333333333333334
