ParagraphVectors:0.5466666666666666
DBOW:0.41
SkipGram:0.38333333333333336
ParagraphVectorsTest:0.06333333333333334
