RestAssured:0.52
JSONGetITest:0.4866666666666667
PathParamITest:0.31333333333333335
JSONPostITest:0.31
CustomAuthFilter:0.09
