Parser:0.4033333333333333
Loader:0.36333333333333334
Token:0.3
Generator:0.26666666666666666
Tokenizer:0.13666666666666666
InfoMap:0.12333333333333334
Type:0.11666666666666667
Declarator:0.014285714285714285
