AnnotationEditor:0.5733333333333334
SelectionSet:0.4866666666666667
AnnotationMenu:0.29333333333333333
