Customer:0.4266666666666667
Order:0.38333333333333336
CheckoutController:0.38
OrderDetails:0.32666666666666666
ShoppingCartController:0.23
OrderMetaData:0.22
WirecardCCPaymentController:0.21
CustomerBuilder:0.20666666666666667
PayPalPaymentController:0.20333333333333334
PaymentControllerUtils:0.18
WirecardEFTPaymentController:0.17666666666666667
InvoicePaymentController:0.11333333333333333
OrderPosition:0.10333333333333333
OrderContents:0.043333333333333335
