Channels:0.7233333333333334
TransformingReceivePort:0.4
TransformingSendPort:0.3433333333333333
