SearchResultList:0.49
SearchResultBuilderUtil:0.43333333333333335
AbstractResource:0.2966666666666667
FolderEntryResource:0.23
AbstractBinderResource:0.22
FolderResource:0.195
WorkspaceResource:0.195
SelfResource:0.18666666666666668
ShareResource:0.16666666666666666
GroupResource:0.16333333333333333
BinderResource:0.14333333333333334
MiscResource:0.12333333333333334
UserResource:0.08333333333333333
