ComparisonExpression:0.3566666666666667
ArithmeticExpression:0.3566666666666667
QualifiedName:0.3233333333333333
