EachTestNotifier:0.7388888888888888
IgnoredClassRunner:0.4033333333333333
