ResultMap:0.4422222222222223
ResultMapping:0.4422222222222223
CacheBuilder:0.31666666666666665
ParameterMapping:0.12666666666666668
Builder:0.04
ParameterMap:0.013333333333333334
