Execution:0.7866666666666666
AbstractVirtualMachine:0.37666666666666665
HopVirtualMachine:0.3
