AcquireRequest:0.5533333333333333
ReleaseRequest:0.3908333333333333
SemaphoreClientRequestTest:0.27666666666666667
ClientSemaphoreProxy:0.26
