MethodDescription:0.59
Default:0.29
Token:0.2833333333333333
MethodGraphCompilerDefaultTest:0.24333333333333335
MethodGraphCompilerDefaultHarmonizerForJVMMethodTest:0.24333333333333335
Store:0.21666666666666667
TypeToken:0.20666666666666667
AbstractBase:0.19666666666666666
Harmonized:0.19666666666666666
MethodGraphCompilerDefaultHarmonizerForJavaMethodTest:0.15333333333333332
Entry:0.13333333333333333
Simple:0.12666666666666668
AccessBridgeWrapper:0.10333333333333333
Detached:0.08
