ValueAttribute:0.5933333333333334
Line:0.5801666666666667
Canvas:0.14
