SyntenyLinkPanel:0.4033333333333333
SyntenyChoiceMenu:0.35333333333333333
FlexibleFeatureTierManager:0.26666666666666666
SyntenyPanel:0.25666666666666665
SyntenyLinkPolygon:0.2377777777777778
CompositeApolloFrame:0.18
