Flyway:0.7066666666666667
SqlScriptCallback:0.2966666666666667
SqlMigrationResolver:0.23666666666666666
SqlScriptFlywayCallbackFactory:0.22
