AbstractStatisticsViewController:0.30333333333333334
GroupAnalysisViewController:0.27666666666666667
RefererAnalysisViewController:0.26
TechnicalInformationViewController:0.25666666666666665
OverViewGFXController:0.2
OverViewController:0.18666666666666668
OverViewReportController:0.17
GroupAnalysisViewReportController:0.16333333333333333
TimeAnalysisViewController:0.16
TimeAnalysisViewGFXController:0.13666666666666666
AbstractStatisticsController:0.12333333333333334
RefererAnalysisViewReportController:0.11333333333333333
TechnicalInformationViewReportController:0.09333333333333334
TimeAnalysisViewReportController:0.09333333333333334
