AsMapTest:0.39666666666666667
BoundedLocalCacheTest:0.3199444444444444
CacheTest:0.31666666666666665
LoadingCacheTest:0.25333333333333335
ExpireAfterAccessTest:0.19666666666666666
ExpireAfterWriteTest:0.17666666666666667
CacheValidationListener:0.15333333333333332
