AttributeSet:0.5833333333333334
VR:0.53
FilteredAttributeSet:0.32666666666666666
BasicAttributeSet:0.29333333333333333
SAXWriter:0.25333333333333335
DicomOutputStream:0.24333333333333335
AT:0.20333333333333334
OF:0.19
FL:0.17666666666666667
SAXWriterTest:0.17666666666666667
ContentHandlerAdapter:0.17
FD:0.14666666666666667
ASCIIVR:0.13666666666666666
StringVR:0.13666666666666666
US:0.12333333333333334
IntVR:0.12
ShortVR:0.12
OW:0.10666666666666667
TextVR:0.1
OB:0.07
UN:0.05
SL:0.043333333333333335
SS:0.043333333333333335
UL:0.03333333333333333
ContentHandlerAdapterTest:0.006666666666666667
