FileResource:0.5666666666666667
WorkspaceResource:0.5145555555555554
WebdavResourceFactory:0.38666666666666666
FolderResource:0.345
BinderResource:0.1225
