Uid:0.5033333333333333
HasChildFilter:0.3333333333333333
ChildSearchBenchmark:0.3
ChildrenQuery:0.28
ParentDocSet:0.27133333333333337
HasParentFilter:0.15
ParentQuery:0.15
MatchDocIdSet:0.14
ParentWeight:0.09666666666666666
HasChildQueryBuilder:0.06333333333333334
HasChildFilterBuilder:0.0625
HasChildFilterParser:0.04
HasChildQueryParser:0.027222222222222228
