MethodDelegation:0.8483333333333334
FieldValueBinderTest:0.3566666666666667
