HTMLCollectionTest:0.6216666666666667
HTMLCollection:0.38
HTMLAllCollection:0.20333333333333334
