JPPFStats:0.5433333333333333
JMXDriverConnectionWrapper:0.24333333333333335
JPPFDriverAdmin:0.22666666666666666
JPPFDriverStatsUpdater:0.21333333333333335
JPPFDriverListener:0.20355555555555555
JPPFDriverAdminMBean:0.15833333333333333
JPPFDriverStatsManager:0.13333333333333333
