ArticleProcessorTestCase:0.3711111111111111
LoginProcessorTestCase:0.15666666666666668
PageProcessorTestCase:0.15
ErrorProcessorTestCase:0.13666666666666666
IndexProcessorTestCase:0.13666666666666666
TagProcessorTestCase:0.13666666666666666
StatProcessorTestCase:0.13666666666666666
InitProcessorTestCase:0.13666666666666666
