DatabaseWriter:0.5566666666666666
AbstractDataLoaderServiceTest:0.43666666666666665
MsSqlTriggerTemplate:0.18666666666666668
MsSqlJdbcSqlTransaction:0.1624761904761905
SimpleIntegrationTest:0.15666666666666668
MsSqlJdbcSqlTemplate:0.13333333333333333
DatabaseNamesConstants:0.03305555555555555
