WrappedEntityStore:0.43666666666666665
RxSupport:0.41333333333333333
SingleEntityStoreFromBlocking:0.41
RxTest:0.27666666666666667
