Set:0.5015555555555556
Traversable:0.42333333333333334
AbstractTraversableTest:0.38333333333333336
Seq:0.3383333333333333
TraversableOnce:0.19333333333333333
AbstractSeqTest:0.14666666666666667
