EditorOverlay:0.47
EditorPanel:0.41
EditorGrid:0.37166666666666665
EditorEngine:0.3466666666666667
