Cache:0.7233333333333334
Loader:0.22333333333333333
