DataStore:0.6666666666666666
SerialDataStore:0.3911111111111111
OracleDataStore:0.3
JDBCDataStore:0.18
