AbstractDragGraphic:0.4666666666666667
ExtremaRangeLimitOpImage:0.37666666666666665
DicomImageElement:0.36333333333333334
DefaultView2d:0.36333333333333334
ImageFiler:0.3566666666666667
Statistics:0.31666666666666665
AdvancedShape:0.2875
View2d:0.2833333333333333
MeasureTool:0.26666666666666666
DicomMediaIO:0.24
ImageStatistics2OpImage:0.21333333333333335
PolygonGraphic:0.19666666666666666
SequenceHandler:0.17
MouseHandler:0.16166666666666665
AbstractDragGraphicArea:0.16166666666666665
FocusHandler:0.11333333333333333
ImageStatistics2Descriptor:0.07888888888888888
ExtremaRangeLimitDescriptor:0.06833333333333333
ContextMenuHandler:0.06666666666666667
FormatBinaryDescriptor:0.016666666666666666
