OidcServerDiscoverySettings:0.6822222222222223
CasServerProperties:0.4266666666666667
OidcServerDiscoverySettingsFactory:0.2633333333333333
CasProtocolConstants:0.014444444444444444
