XLSXRetailerExporter:0.7886111111111112
CSVRetailerExporter:0.3466666666666667
