CircuitBreaker:0.6366666666666667
CircuitBreakerService:0.6297222222222222
Name:0.56
ChildMemoryCircuitBreaker:0.2431111111111111
ApplySettings:0.19333333333333333
HierarchyCircuitBreakerService:0.17666666666666667
NoneCircuitBreakerService:0.055
CircuitBreakerUnitTests:0.043333333333333335
