Word2Vec:0.33
VocabularyHolder:0.32
Builder:0.23333333333333334
VectorCalculationsThread:0.22222222222222224
WordVectorSerializer:0.18
VocabularyWord:0.12333333333333334
VocabularyHolderTest:0.08666666666666667
