Strings:0.9266666666666666
StringsTest:0.31666666666666665
