Batch:0.8033333333333333
Parameters:0.6155555555555556
SqlDataWriter:0.27
TableCopy:0.22916666666666666
JdbcSqlTransaction:0.19666666666666666
Settings:0.014285714285714285
