NodeConnection:0.44
GraphEltSet:0.43666666666666665
SessionConvertor:0.38333333333333336
