LayoutInflaterTest:0.63
AttrData:0.275
EnumOrFlagConverter:0.19666666666666666
layout:0.013333333333333334
id:0.013333333333333334
integer:0.0
