DefinitionModuleImpl:0.4844444444444444
ProfileModuleImpl:0.465
WebKeys:0.3088888888888889
ManageGroupsController:0.18666666666666668
