FeatureEditorDialog:0.6666666666666666
GeneEditPanel:0.4766666666666667
CommentEditPanel:0.31499999999999995
FeatureEditPanel:0.23666666666666666
