PySystemState:0.44
BytecodeLoader:0.3
imp:0.3
Options:0.2995555555555556
ProxyMaker:0.26
SyspathJavaLoader:0.24
MakeProxies:0.21666666666666667
