Channel:0.6533333333333333
Actor:0.28
IntChannel:0.1988888888888889
DoubleChannel:0.1988888888888889
FloatChannel:0.1988888888888889
LongChannel:0.1988888888888889
InstrumentClass:0.18833333333333332
