Property:0.58
Gedcom:0.39666666666666667
Submitter:0.2733333333333333
Annotation:0.22
