Discovery:0.51
ValuesTest:0.2633333333333333
MarshallingTest:0.24333333333333335
Imports:0.23333333333333334
TemplateWriter:0.20666666666666667
Values:0.18
BuiltinMarshalingRoutines:0.15666666666666668
CaseStructure:0.09333333333333334
AnnotationPrinting:0.08666666666666667
NestedOne:0.0
ByPackageGrouper:0.0
Marshalers:0.0
MarshalingContributor:0.0
ValuesTemplate:0.0
