Data:0.6166666666666667
ClientEngine:0.5752222222222223
Packet:0.34
ClientEngineImpl:0.31666666666666665
ClientInvocation:0.30333333333333334
ClientPacket:0.21
DataAdapter:0.2086111111111111
ClientPacketProcessor:0.17666666666666667
SocketClientDataWriter:0.16
PortableContext:0.11
FactoryIdHelper:0.0
