Model:0.5066666666666667
TreeMetrics:0.38666666666666666
Parser:0.32666666666666666
DescendantsWithFams:0.22999999999999995
AncestorsWithFams:0.21472222222222223
TreeViewSettings:0.17888888888888888
