Constants:0.7266666666666667
WebserviceBeanImpl:0.38666666666666666
MPLSModule:0.24222222222222223
MplsSyncProvider:0.2288888888888889
BGPSynchronizer:0.22333333333333333
EntPhysicalSynchronizer:0.20555555555555557
IPSynchronizer:0.19333333333333333
QinQModule:0.14333333333333334
