SampleApp:0.6233333333333333
TreeSample:0.4188888888888889
VisibleTest:0.3433333333333333
