Advapi32Test:0.5388888888888889
Netapi32Test:0.43666666666666665
Advapi32UtilTest:0.3233333333333333
