HtmlParserTest:0.766888888888889
HtmlTreeBuilder:0.7333333333333333
