MatrixUtil:0.4633333333333333
BaseMultiLayerNetwork:0.38666666666666666
OutputLayer:0.36666666666666664
RBM:0.2733333333333333
DBN:0.2511111111111111
DeepAutoEncoder:0.24444444444444446
HazelCastStateTracker:0.22333333333333333
DeepAutoEncoderFromFile:0.08666666666666667
