Music:0.5676388888888889
AndroidMusic:0.48333333333333334
OpenALMusic:0.3333333333333333
IOSMusic:0.24
OnCompletionListener:0.23159523809523813
GwtMusic:0.13916666666666666
AndroidOnCompletionListener:0.11666666666666667
AudioDelegate:0.11666666666666667
