Catalog:0.6533333333333333
ArchiveConductor:0.5211111111111112
CatalogTest:0.24
