Compound:0.51
TypeInitializer:0.4533333333333333
Simple:0.37
LatentMatcherCompoundTest:0.20333333333333334
