SpecialChildrenTopComponent:0.4866666666666667
SpecialRelationshipsTopComponent:0.31333333333333335
CreateSoftwareAssetAction:0.25333333333333335
SpecialRootNode:0.18666666666666668
ShowObjectSpecialChildrenAction:0.016666666666666666
ShowObjectSpecialRelationshipsAction:0.016666666666666666
