ElasticsearchResponseException:0.5333333333333333
RestClient:0.29333333333333333
Sniffer:0.29333333333333333
SnifferTests:0.23333333333333334
