Element:0.5933333333333334
Node:0.5733333333333334
Parser:0.3233333333333333
AttributeParseTest:0.23333333333333334
Cleaner:0.14666666666666667
