CommunicationsStub:0.5033333333333333
SDHModuleScene:0.35333333333333333
AbstractScene:0.28444444444444444
ChooseContainerLinkResourcesStep:0.25333333333333335
ChildrenViewScene:0.2
GISViewScene:0.19
SDHModuleService:0.15666666666666668
SDHLinkStructureTopComponent:0.14333333333333334
SDHModuleActions:0.11666666666666667
