Xml:0.42333333333333334
Log:0.39
Config:0.32022222222222224
Attr:0.27
Elem:0.27
IO:0.24833333333333332
Processor:0.20692857142857143
Text:0.19633333333333333
Util:0.18692857142857144
Path:0.16666666666666666
Param:0.16666666666666666
Child:0.16666666666666666
BinaryFile:0.1575
ServiceRequestFactory:0.14833333333333334
Jeeves:0.13805555555555557
BLOB:0.13166666666666665
SOAPUtil:0.085
DBUtils:0.02666666666666667
Dbms:0.0
Prefix:0.0
