TestAPIALite:0.7516111111111111
ReposInfoSerializerThread:0.38083333333333336
