Server:0.6383333333333333
ServerConfigServlet:0.25666666666666665
ServerHandler:0.2
XMLFileHandler:0.15333333333333332
ReadXMLFile:0.13666666666666666
InstanceServlet:0.13666666666666666
WadoServlet:0.13
ReceiveDelegate:0.125
