DevelUtils:0.8366666666666667
SourceViewControllerHandler:0.2633333333333333
MakumbaResourceServlet:0.17
javaViewer:0.16833333333333336
mddViewer:0.16833333333333336
DataServlet:0.16611111111111113
DataTypeListerServlet:0.15
DataObjectViewerServlet:0.12666666666666668
