Formatter:0.2866666666666667
AnalysisResult:0.28
LogicalPlanner:0.24666666666666667
LocalExecutionPlanner:0.22
Window:0.21333333333333335
AstVisitor:0.17666666666666667
InMemoryWindowOperator:0.17333333333333334
FrameBound:0.16833333333333333
InMemoryWindowOperatorIterator:0.14333333333333334
WindowFrame:0.1288888888888889
