ApplicationEntityManagerImpl:0.6155555555555555
AbstractView:0.38333333333333336
AbstractViewNode:0.37333333333333335
