VectorizedDeepLearningGradientAscent:0.43666666666666665
VectorizedNonZeroStoppingConjugateGradient:0.43666666666666665
NeuralNetworkOptimizer:0.43333333333333335
GaussianRectifiedLinearRBM:0.29
LFWRBMExample:0.22333333333333333
MultiThreadedLFW:0.11
