ProfileIndexerService:0.76
WrongDataServiceImpl:0.38666666666666666
ProfileSearchServiceImpl:0.3333333333333333
FSCache:0.23666666666666666
ProfileIndexerServiceImpl:0.21
StartupServletContextListener:0.21
FreelancerFieldBridge:0.16333333333333333
