IQueue:0.555
DuplicateInstanceNameException:0.3433333333333333
ICondition:0.27722222222222226
