LagartoParser:0.5266666666666666
TagVisitor:0.4272222222222223
LagartoDOMBuilder:0.2783333333333333
LagartoDOMBuilderTagVisitor:0.2563888888888889
TagWriter:0.25
TagAdapterWrapper:0.23
LagartoParserTest:0.22111111111111115
TagAdapter:0.21833333333333332
EmptyTagVisitor:0.19142857142857145
SriptEscape:0.0
