GwtRpcService:0.8366666666666667
GwtRpcServiceAsync:0.61
MastHead:0.32
GwtRpcServiceImpl:0.31333333333333335
