ServerDescription:0.68
Builder:0.35
ConnectionString:0.33666666666666667
TaggableReadPreference:0.2833333333333333
DescriptionHelper:0.19
ServerSelectionSelectionTest:0.18
ServerDescriptionTest:0.15333333333333332
