RelationshipManager:0.5466666666666666
Simulation:0.4
Relationship:0.31333333333333335
UnitManager:0.28
Resupply:0.1877777777777778
AboutDialog:0.14333333333333334
