HostQueuesFrontier:0.68
NewFrontier:0.42333333333333334
InvalidFrontierMarkerException:0.17666666666666667
