OsgiServiceFactoryBean:0.42
AbstractDelegatedExecutionApplicationContext:0.41
DependencyWaiterApplicationContextExecutor:0.2866666666666667
DelegatedExecutionOsgiBundleApplicationContext:0.26105555555555554
ServiceReferenceDependencyBeanFactoryPostProcessor:0.12333333333333334
CompleteRefreshTask:0.1059206349206349
DependencyInitializationAwareBeanPostProcessor:0.043055555555555555
DependencyAwareBeanFactoryPostProcessor:0.043055555555555555
BeanPostProcessorChecker:0.04
