SenderChannel:0.37666666666666665
MediaDriverAdminThread:0.37333333333333335
BasicBufferManagementStrategy:0.2733333333333333
SenderThread:0.2733333333333333
BufferManagementStrategy:0.25
