CCDistMockChildBuilder:0.3566666666666667
UI:0.33666666666666667
DistributedMasterBuilder:0.33
BuildAgentServiceImplTest:0.3
BuildAgentEntryOverrideUI:0.27
BuildAgentUI:0.22666666666666666
