UnitWindow:0.5433333333333333
TitlePanel:0.5033333333333333
NavigatorWindow:0.42333333333333334
SlidingPanel:0.12666666666666668
