ConfigUtils:0.5766666666666667
HeaderConstantsTest:0.33666666666666667
OsgiServiceProxyFactoryBean:0.32
OsgiBundleResource:0.31666666666666665
ApplicationContextConfiguration:0.22666666666666666
