ClassificationSchemeTest:0.41333333333333333
ClassificationNodeTest:0.41333333333333333
ClassificationSchemeFactory:0.24333333333333335
ClassificationNodeFactory:0.23666666666666666
