Config:0.9266666666666666
RESTImpl:0.26666666666666666
