PartitionComposer:0.5233333333333333
CreateSubcorpusDialog:0.32666666666666666
CA:0.30666666666666664
CreatePartitionDialog:0.2833333333333333
