Expression:0.4766666666666667
SystemState:0.30333333333333334
JPF_gov_nasa_jpf_symbolic_integer_SymbolicConstraints:0.26666666666666666
JPF_gov_nasa_jpf_symbolic_integer_SymbolicConstraintsSolver:0.23
StringExpression:0.21707142857142855
Heap:0.2
BooleanChoiceGenerator:0.19305555555555554
ArrayBoolStructure:0.19
Reconstruction:0.18
ArrayIntStructure:0.17666666666666667
ArrayIntCheckStructure:0.17666666666666667
Subsumption:0.14333333333333334
RandomOrderCGs:0.08333333333333333
RandomOrderIntCG:0.056666666666666664
RandomOrderDoubleCG:0.056666666666666664
RandomOrderThreadCG:0.016666666666666666
RandomOrderBooleanCG:0.0033333333333333335
RandomOrderSchedulingCG:0.0025
