State:0.5
Errors:0.43
Elements:0.31333333333333335
Scoping:0.3046666666666667
ParentInjectorTest:0.25
PrivateModuleTest:0.23
TypeConverterBinding:0.22466666666666668
TypeListenerTest:0.21333333333333335
BinderTest:0.21
InheritingState:0.21
ProviderMethodsTest:0.21
ScopesTest:0.20666666666666667
TypeConversionTest:0.20333333333333334
ElementsTest:0.20333333333333334
InnerDeprecatedModule:0.20322594997594998
InnerRuntimeModule:0.20322594997594998
Ambiguous2Module:0.20322594997594998
InnerErrorModule:0.20322594997594998
Ambiguous1Module:0.20322594997594998
CustomSingletonModule:0.20322594997594998
CustomNoScopeModule:0.20322594997594998
ModuleWriter:0.19666666666666666
BarModule:0.18399675324675321
InnerThrowsModule:0.15798280423280425
Asserts:0.14333333333333334
ScopeBindingProcessor:0.14
InnerAmbiguousModule:0.12649603174603175
RealOverriddenModuleBuilder:0.11
InnerCoreModule:0.09158597883597885
FooModule:0.09040945165945166
OuterModule:0.05333333333333334
ConstantModule:0.05
OuterScopeModule:0.04666666666666667
ParentModule:0.04666666666666667
OverrideModule:0.04
InnerModule:0.006666666666666667
OuterRuntimeModule:0.0033333333333333335
OuterThrowsModule:0.0033333333333333335
OuterAmbiguousModule:0.0033333333333333335
OuterDeprecatedModule:0.0033333333333333335
OuterCoreModule:0.0033333333333333335
OuterErrorModule:0.0033333333333333335
ConverterNullModule:0.0025
ConverterCustomModule:0.0025
ElementsAsModule:0.0
