Context:0.6630555555555555
ArchiveConductor:0.47333333333333333
Archive:0.30333333333333334
