AsyncAction:0.39666666666666667
AsyncShardFetch:0.36666666666666664
TransportNodesListGatewayStartedShards:0.21333333333333335
TransportNodesListShardStoreMetaData:0.21333333333333335
TransportNodesAction:0.19666666666666666
RareClusterStateTests:0.07333333333333333
