KeyRing:0.6133333333333333
ListLabelProvider:0.42
KeyRingLoginDialog:0.31333333333333335
AccountsPreferencePage:0.13
ContentProvider:0.10333333333333333
