Person:0.81
MainWindowMenu:0.38333333333333336
GeneralTabPanel:0.08666666666666667
