TcpTransport:0.58
MockChannel:0.44333333333333336
TcpTransportTests:0.2833333333333333
Netty4Transport:0.23327777777777778
MockTcpTransport:0.16611111111111113
MockNioTransport:0.12333333333333334
NioTransport:0.12333333333333334
