FileBackedBlogEntry:0.36333333333333334
BloggerAPIHandler:0.31333333333333335
AtomAPIServlet:0.31333333333333335
MetaWeblogAPIHandler:0.24
BlojsomConstants:0.011111111111111112
