PlanMatchPattern:0.5033333333333333
ColumnReference:0.49333333333333335
TableScanMatcher:0.36
PlanOptimizers:0.21666666666666667
PlanBuilder:0.20666666666666667
