Quad:0.49666666666666665
BasicBlock:0.4166666666666667
Register:0.39666666666666667
ExceptionHandlerIterator:0.32
ControlFlowGraph:0.31
ExceptionHandlerList:0.29333333333333333
Operator:0.27
BytecodeToQuad:0.25333333333333335
RegisterFactory:0.22833333333333333
LookupSwitch:0.22
ExceptionHandler:0.21
MemLoad:0.16333333333333333
Getfield:0.16333333333333333
Move:0.16333333333333333
CheckCast:0.16333333333333333
Unary:0.16333333333333333
ALength:0.16333333333333333
InstanceOf:0.16333333333333333
Binary:0.16333333333333333
ALoad:0.16333333333333333
BoundsCheck:0.14333333333333334
ZeroCheck:0.14333333333333334
NullCheck:0.14333333333333334
StoreCheck:0.14333333333333334
TableSwitch:0.14
AStore:0.14
IntIfCmp:0.14
ParamListOperand:0.14
Putfield:0.14
NewArray:0.13333333333333333
New:0.12666666666666668
Getstatic:0.12666666666666668
Jsr:0.12666666666666668
Monitor:0.12
Putstatic:0.12
MemStore:0.12
Ret:0.1
Invoke:0.09666666666666666
