HopParser:0.6533333333333333
HopLexer:0.5066666666666667
DFA86:0.26416666666666666
