ConjugateGradientMethod:0.6366666666666667
GeometricMinimizer:0.3566666666666667
