Elvin:0.35333333333333333
JUTestEvaluation:0.31
SimpleClient:0.31
JUTestNotification:0.25333333333333335
JUTestClient:0.24666666666666667
JUTestServer:0.21666666666666667
FloodTask:0.1
SendTask:0.1
