AndroidApplication:0.6866666666666666
AndroidGraphics:0.62
AndroidFragmentApplication:0.4166666666666667
