Assert:0.49666666666666665
TestRunner:0.41055555555555556
CounterPanel:0.37916666666666665
