Button:0.3466666666666667
TextView:0.30666666666666664
ImageView:0.2866666666666667
Toolbar:0.27666666666666667
EditText:0.26666666666666666
CarbonResources:0.26666666666666666
CheckBox:0.25333333333333335
RadioButton:0.25333333333333335
GridLayout:0.22194444444444447
FrameLayout:0.22194444444444447
RelativeLayout:0.22194444444444447
LinearLayout:0.22194444444444447
