PluginsAction:0.48333333333333334
MainWindow:0.43666666666666665
ChartView:0.4166666666666667
AppSettings:0.29
