EditorAPI:0.4033333333333333
ViewportAnnotation:0.36333333333333334
SelectionAnnotation:0.2833333333333333
User:0.21
SarosAnnotation:0.19111111111111112
ContributionAnnotation:0.16777777777777778
