ArchiveConductor:0.38
ListRecordingsForUriSession:0.36
ListRecordingsSession:0.30666666666666664
ListRecordingsForUriSessionTest:0.2866666666666667
ListRecordingsSessionTest:0.15
AbstractListRecordingsSession:0.12666666666666668
