LocalUserAdminSessionBean:0.5066666666666667
TestApprovalExecutorUtil:0.43
ChangeStatusEndEntityApprovalRequest:0.3333333333333333
ApprovalExecutorUtil:0.32666666666666666
