TestActionTranslation:0.6266666666666667
Rule:0.5233333333333333
Alternative:0.31
