IndicesStore:0.49599999999999983
ESIntegTestCase:0.4533333333333333
IndicesRequestCache:0.28800000000000003
HunspellService:0.22611111111111115
IndexStatsIT:0.2
HunspellServiceIT:0.19666666666666666
IndicesFieldDataCache:0.19
IndicesStoreIntegrationIT:0.17666666666666667
