DesignerContentProvider:0.8266666666666667
DesignerGraphicalEditorPart:0.38666666666666666
