CMPValidationTestBaseCommand:0.7
CrmfRequestTestCommand:0.27666666666666667
CrmfRequestMissingStoredCertTestCommand:0.25333333333333335
CrmfRequestWrongSignatureTestCommand:0.24666666666666667
