ClusterFixture:0.43
ShutdownHook:0.37833333333333335
CollectionHelper:0.33666666666666667
Fixture:0.3
