SSource:0.6766666666666666
PainlessScript:0.47333333333333333
WriterConstants:0.2585555555555555
Compiler:0.22333333333333333
