StringGrid:0.6016666666666667
Word2Vec:0.23
SentenceIteratorTest:0.16333333333333333
StopWords:0.13666666666666666
