Multiplicity:0.61
Equation:0.3433333333333333
Materialisation:0.33666666666666667
EquationSystem:0.33
BoundVar:0.13
EdgeBundle:0.02666666666666667
