EditorAPI:0.5922222222222222
SarosUI:0.45
NewSessionAction:0.31166666666666665
