ILayoutCollectionBeginElement:0.4377222222222223
DefaultLayoutPainter:0.41333333333333333
DefaultLayoutCollectionBeginElement:0.375
DefaultLayoutParser:0.33
