ProcessDefinition:0.6233333333333333
SubProcessState:0.5233333333333333
SubprocessDefinition:0.3566666666666667
