MTGKeys:0.6686666666666666
MTGRoot:0.5066666666666667
MTGBranchElement:0.2833333333333333
MTGNode:0.2733333333333333
