Fmt:0.43
FileUtil:0.42333333333333334
CollectionWrapper:0.2966666666666667
FlexibleDateParser:0.27666666666666667
FileUtilTestCase:0.25333333333333335
DebugTimer:0.24666666666666667
DatePattern:0.24666666666666667
ListWrapper:0.24
StringUtil:0.21666666666666667
