IntHashSet:0.38333333333333336
LongHashSet:0.37
Long2ObjectHashMap:0.3377777777777778
Int2ObjectHashMap:0.31777777777777777
Long2LongHashMap:0.3
Hashing:0.25
LongHashSetTest:0.24666666666666667
IntHashSetTest:0.24666666666666667
Long2ObjectHashMapTest:0.18666666666666668
Int2ObjectHashMapTest:0.18666666666666668
