RecordParser:0.5583333333333333
RecordParserImpl:0.5533333333333333
RecordParserTest:0.19
