NodeList:0.5633333333333334
HTMLCollection:0.49666666666666665
HTMLFormElement:0.26666666666666666
