NbrowseToolbar:0.5516666666666666
NBrowseApplet:0.4816666666666667
