Enhancer:0.49333333333333335
TestEnhancer:0.44333333333333336
BridgedFinder:0.2644444444444445
BridgeMethodResolver:0.26
Context:0.24
MethodInterceptorGenerator:0.21666666666666667
NoOpGenerator:0.16333333333333333
