RuleContext:0.445
BaseRecognizer:0.42333333333333334
ParseTree:0.39
TokenNode:0.25622222222222224
RuleNode:0.25622222222222224
TokenNodeImpl:0.23666666666666666
