KeyRecoverySessionBean:0.47
DeleteEndEntityCommand:0.15
KeyRecoveryCommand:0.15
KeyRecoveryNewestCommandTest:0.13333333333333333
RevokeCertificateCommandTest:0.07333333333333333
KeyRecoveryCommandTest:0.056666666666666664
SetCleartextPasswordCommandTest:0.05333333333333334
DeleteEndEntityCommandTest:0.05333333333333334
