HttpTest:0.43
KeyStoreHelper:0.37666666666666665
KeyCertOptions:0.25666666666666665
CaOptions:0.25333333333333335
NetServerImpl:0.17666666666666667
HttpServerImpl:0.17666666666666667
JKSOptions:0.16
PKCS12Options:0.14666666666666667
CA:0.12333333333333334
KeyCert:0.10666666666666667
KeyStoreTest:0.1
JKSOrPKCS12:0.02666666666666667
