Gedcom:0.7933333333333333
GedcomWriter:0.3
GedcomReader:0.2966666666666667
PropertyPlace:0.23
PlaceBean:0.03666666666666667
