CA:0.61
X509CA:0.5966666666666667
CAAdminSessionBean:0.31333333333333335
