ARBFragmentProgram:0.894626984126984
GLCaps:0.48757936507936506
