AbstractPersistentCollection:0.59
LazyInitializationWork:0.3538333333333334
AbstractLazyInitializer:0.30666666666666664
LazyLoadingTest:0.25
