ErrorListPane:0.7886111111111112
RemoveAction:0.5785555555555555
