GwtServerHelper:0.44
GetSystemBinderPermalinkCmd:0.38666666666666666
GwtRpcServiceImpl:0.31666666666666665
MastHead:0.31333333333333335
GwtTeamingImageBundle:0.2866666666666667
