TedParser:0.4266666666666667
TedMainDialog:0.33666666666666667
TedParseHandler:0.31333333333333335
