TransitionLayout:0.5233333333333333
FrameLayout:0.2633333333333333
LinearLayout:0.2633333333333333
GridLayout:0.22194444444444447
RelativeLayout:0.22194444444444447
DrawerLayout:0.22194444444444447
ImageActionButton:0.21944444444444447
SVGActionButton:0.21944444444444447
PowerMenuActivity:0.09666666666666666
CalculatorActivity:0.08
RadialTransitionActivity:0.07333333333333333
