RequestSpecification:0.7966666666666666
ResponseSpecification:0.43333333333333335
RequestSender:0.4083333333333333
RequestSpecBuilder:0.3333333333333333
