LinkedDequeTest:0.6216666666666667
AbstractLinkedDeque:0.45
LinkedDeque:0.33166666666666667
