ReceiverThread:0.38666666666666666
RcvFrameHandler:0.37
MediaDriverAdminThread:0.33666666666666667
ReceiverThreadTest:0.22666666666666666
RcvChannelState:0.12
