DefaultCasProtocolAttributeEncoder:0.6033333333333334
AbstractProtocolAttributeEncoder:0.5416666666666666
