GroovePredicates:0.4533333333333333
DefinitionListener:0.42
GrooveEnvironment:0.32666666666666666
PrologQuery:0.23
GraphPredicates:0.10333333333333333
