NeuralNetwork:0.6833333333333333
Conf:0.5866666666666667
DeepAutoEncoder:0.49333333333333335
BaseNeuralNetwork:0.25333333333333335
DeepAutoEncoderDistributedTrainer:0.22333333333333333
NeuralNetPlotter:0.19666666666666666
ModelSavingActor:0.17833333333333334
DistributedDeepAutoEncoderExample:0.12666666666666668
MnistExampleMultiThreaded:0.08
DeepAutoEncoderExample:0.056666666666666664
MasterActor:0.05333333333333334
DeepAutoEncoderFromFile:0.013333333333333334
