AndroidMusic:0.5416666666666666
Music:0.5183888888888888
FrameBuffer:0.38333333333333336
OpenALMusic:0.33666666666666667
IOSMusic:0.2
GwtMusic:0.14416666666666667
