Database:0.76
Generator:0.4572222222222223
AbstractDatabase:0.3933333333333333
GenerationTool:0.26666666666666666
DefaultGenerator:0.25333333333333335
GenerationUtil:0.25333333333333335
DefaultMasterDataTableDefinition:0.24666666666666667
AbstractTypedElementDefinition:0.12666666666666668
