AbstractBinderResource:0.49
ShareResource:0.28
AbstractResource:0.2733333333333333
SelfResource:0.23666666666666666
