Node:0.8233333333333334
Graph:0.39666666666666667
