SkillManager:0.6066666666666667
Greenhouse:0.2733333333333333
MaintenanceGarage:0.2377777777777778
Laboratory:0.2377777777777778
InsituResourceProcessor:0.17666666666666667
MaintainEquipment:0.09666666666666666
CollectRockSamples:0.08666666666666667
StudyRockSamples:0.08333333333333333
TendGreenhouse:0.08333333333333333
MaintainSettlement:0.056666666666666664
MedicalAssistance:0.05333333333333334
MaintainVehicle:0.05333333333333334
