GrpcUtil:0.6255555555555555
AbstractInteropTest:0.39666666666666667
NettyServerStream:0.39
