JCPEditor:0.8233333333333334
JCPMultiPageEditor:0.49666666666666665
