EmailSubscription:0.42333333333333334
EmailNotifications:0.4166666666666667
QuoteTest:0.3
SellerTest:0.25666666666666665
Discussion:0.17111111111111113
