ApplicationEntityManager:0.7046666666666667
ClassMetadata:0.5266666666666666
Util:0.3566666666666667
ApplicationEntityManagerImpl:0.31
WebserviceBeanRemote:0.27166666666666667
MetadataEntityManagerImpl:0.22333333333333333
KuwaibaService:0.21
WebserviceBean:0.17333333333333334
