MetaboliteGenerator:0.4066666666666667
IMetaboliteGenerator:0.4066666666666667
SMARTCYPPlugin:0.35333333333333333
HazardPanel:0.2833333333333333
DataModule:0.2561111111111111
SMARTCYPRuleRank1:0.11666666666666667
ToxTreeModule:0.10333333333333333
