Node:0.6633333333333333
TextTable:0.36333333333333334
PointerNode:0.30333333333333334
DatabaseScript:0.21
