RefactoringMessages:0.6634722222222222
MethodUpPullerSelectionPage:0.30666666666666664
