ArrayInjector:0.5966666666666667
PairAdaptor:0.25666666666666665
