DeleteByQueryTests:0.5033333333333333
ShardInfoTests:0.465
DocumentActionsTests:0.44333333333333336
