BlocksHash:0.4866666666666667
StaticQueryManager:0.4166666666666667
HashJoinIterator:0.33666666666666667
HashJoinOperator:0.31666666666666665
HashJoinBenchmark:0.24066666666666667
TestHashJoinOperator:0.13333333333333333
JoinFragmentMaster:0.10333333333333333
JoinBuildTableWorker:0.09666666666666666
JoinWorker:0.0033333333333333335
