ValidationErrorsView:0.6166666666666667
ProcessDefinition:0.5066666666666667
ExportParWizardPage:0.2625
CopyGraphCommand:0.19
DesignerEditor:0.18666666666666668
DesignerPerspectiveFactory:0.11333333333333333
OpenValidationErrorsView:0.0
OpenErrorLogView:0.0
