Simulation:0.6824603174603174
MarsProjectFX:0.37666666666666665
