ShowFileFolderEvent:0.34833333333333333
GwtTeamingMessages:0.31666666666666665
ContentControl:0.29
FileFolderView:0.26666666666666666
CustomCell:0.25666666666666665
EventHelper:0.22733333333333333
