Heritrix:0.64
AuthChallengeParser:0.4633333333333333
SimpleHttpServer:0.27666666666666667
