Notification:0.36
NotificationMgmtService:0.2966666666666667
NotificationProcessor:0.22
ArticleNotifier:0.16333333333333333
FollowQueryService:0.1
Common:0.08666666666666666
