ClassName:0.32666666666666666
TypeSpecTest:0.32
CodeWriter:0.31666666666666665
AnnotationSpec:0.30333333333333334
TypesTest:0.3
MethodSpec:0.19
TypeSpec:0.19
ParameterSpec:0.16
Builder:0.16
FieldSpec:0.15333333333333332
JavaFile:0.09333333333333334
