MPayment:0.6055555555555555
MJournalBatch:0.49
MInOut:0.48333333333333334
