ConfigurationClass:0.5466666666666666
NonJavaConfigMethod:0.27666666666666667
CglibConfigurationEnhancer:0.26666666666666666
ReflectiveConfigurationParser:0.19666666666666666
ExternalValueTests:0.19
ConfigurationClassTests:0.18333333333333332
ScopingTests:0.18333333333333332
ConfigurationEnhancingBeanFactoryPostProcessor:0.13
ExternalValueMethod:0.06666666666666667
ExternalValueMethodInterceptor:0.06
