AbstractEntityPersister:0.5233333333333333
LazyAttributeLoader:0.37333333333333335
LazyCollectionWithClearedSessionTestTask:0.36333333333333334
StatefulPersistenceContext:0.24333333333333335
AbstractPersistentCollection:0.22083333333333333
AbstractHHH3949TestTask:0.19
EnhancerTest:0.1888888888888889
