AbstractBatchImpl:0.39888888888888885
CoreMessageLogger:0.39055555555555554
NonBatchingBatch:0.23666666666666666
