JSONGetITest:0.6311111111111112
URIBuilder:0.5966666666666667
