StringUtils:0.54
StringGrid:0.39666666666666667
LegacyTsne:0.24666666666666667
SWN3:0.21388888888888885
BarnesHutTsne:0.21333333333333335
LocalUnstructuredDataFormatter:0.21333333333333335
Tsne:0.19666666666666666
ZookeeperPathBuilder:0.19666666666666666
DefaultStreamTokenizer:0.19666666666666666
HeadWordFinder:0.1613888888888889
InputHomogenization:0.14333333333333334
BinarizeTreeTransformer:0.09
