StepFactory:0.6966666666666667
TypeChecker:0.4766666666666667
