ARINCModelFactory:0.44
MapItemModel3D:0.3466666666666667
EditorUtilities:0.26416666666666666
AbstractMapItemListUpdater:0.25333333333333335
StringPanel:0.23333333333333334
MapItemBinding:0.22
WidgetDefaultsHandler:0.21333333333333335
EditorWidgetTableConstructor:0.21333333333333335
GrowableArrayPanel:0.20333333333333334
SearchResultDialog:0.19
RangeSymbols3D:0.16666666666666666
MapSymbol3D:0.16166666666666665
ExtensionsHelper:0.09666666666666666
GrowableTable:0.04
