DataManager:0.6466666666666666
XmlSerializer:0.4066666666666667
LuceneSearcher:0.25333333333333335
DatabaseLib:0.25
Aligner:0.2237777777777778
Worker:0.14
Importer:0.14
ImportFromDir:0.12333333333333334
Insert:0.12
Create:0.11666666666666667
