BinderHelper:0.4866666666666667
Ejb3JoinColumn:0.42
TableBinder:0.37666666666666665
CollectionBinder:0.35
EntityBinder:0.24
IndexColumn:0.21333333333333335
Ejb3DiscriminatorColumn:0.18
ResultsetMappingSecondPass:0.175
QueryBinder:0.17
IdBagBinder:0.16333333333333333
MapBinder:0.16333333333333333
OneToOneSecondPass:0.11666666666666667
CopyIdentifierComponentSecondPass:0.09333333333333334
