HashPagePartitionFunction:0.4066666666666667
PagePartitionFunction:0.32
UnpartitionedPagePartitionFunction:0.26666666666666666
