ReactionTest:0.36666666666666664
ChemObjectTest:0.36666666666666664
IsotopeTest:0.2633333333333333
ElementTest:0.2633333333333333
RingSetTest:0.2633333333333333
