HttpClientImpl:0.538
HttpServerImpl:0.3413333333333334
VertxImpl:0.33
NetServerImpl:0.322
NetClientImpl:0.2786666666666667
VertxInternal:0.2
