IAllModulesNamesProvider:0.6916666666666667
NaviOXPreferences:0.5333333333333333
MetaModuleFactory:0.44666666666666666
BaseAllModulesNamesProvider:0.21
AllModulesNamesProvider:0.18411111111111111
