QueryBounceTest:0.5466666666666666
MemberUpDownMonkey:0.3998888888888889
