GwtProfileHelper:0.5133333333333333
ProfileStatsPanel:0.435111111111111
ProfileSidePanel:0.26666666666666666
