Database:0.7333333333333333
Tables:0.32777777777777783
GenerationTool:0.2811111111111111
H2Test:0.2733333333333333
JavaGenerator:0.25
AbstractElementContainerDefinition:0.21666666666666667
AbstractDatabase:0.20666666666666667
Public:0.13
