TestExecutionNode:0.7133333333333334
JavaClassTestExecutionNode:0.38333333333333336
JavaMethodTestExecutionNode:0.20333333333333334
EngineExecutionContext:0.02
