IColumnFilter:0.5438888888888888
DataLoaderContext:0.45666666666666667
IDataLoaderContext:0.25666666666666665
ColumnDataFilters:0.10666666666666667
