FormActionBindingTests:0.6484814814814815
StatefulActionProxyTests:0.23666666666666666
