MethodReturnAction:0.37666666666666665
AudioActionMap:0.31333333333333335
QuorumDebugger:0.31222222222222223
