JdbcUtils:0.69
Column:0.5333333333333333
JdbcSqlTemplate:0.38333333333333336
JdbcSqlTransaction:0.24333333333333335
DefaultValueHelper:0.22666666666666666
SybaseBuilder:0.18333333333333332
MsSqlBuilder:0.18333333333333332
Db2Builder:0.17666666666666667
FirebirdBuilder:0.17666666666666667
InterbaseBuilder:0.17666666666666667
OracleBuilder:0.17666666666666667
JdbcSqlReadCursor:0.15
DerbyBuilder:0.13
