CompressCmd:0.38333333333333336
FileInfo:0.35
LossyCompressionService:0.3433333333333333
FileSystemMgt2Bean:0.33
RetrieveCmd:0.2633333333333333
Sql:0.20666666666666667
