IDbDialect:0.48438888888888887
AbstractDbDialect:0.4533333333333333
PostgreSqlDbDialect:0.31666666666666665
HsqlDbDialect:0.30666666666666664
MsSqlDbDialect:0.2866666666666667
OracleDbDialect:0.26
FirebirdDbDialect:0.24666666666666667
DerbyDbDialect:0.21666666666666667
MySqlDbDialect:0.21666666666666667
HsqlDbTrigger:0.16
DerbyFunctions:0.13
DbTriggerTest:0.08666666666666667
