RNTN:0.2833333333333333
BaseLayer:0.2733333333333333
ScoreIterationListener:0.27014285714285713
SubsamplingLayer:0.25666666666666665
ConvolutionLayer:0.25666666666666665
LSTM:0.25
ListenerTest:0.20333333333333334
