Project:0.7433333333333333
MainTest:0.3433333333333333
ProjectTest:0.31333333333333335
