Address:0.5566666666666666
AddressMatcher:0.44
InternalPartitionServiceImpl:0.37
Ip4AddressMatcher:0.3
AddressHolder:0.21666666666666667
AddressUtil:0.21333333333333335
Ip6AddressMatcher:0.17
AddressUtilTest:0.16
MigrateTask:0.15666666666666668
RepartitioningTask:0.145
SyncReplicaVersionTask:0.11
