MWebBrowser:0.39
FeedViewer:0.27666666666666667
ImageDownloader:0.26666666666666666
HTMLViewFactory:0.24333333333333335
CachedImageView:0.23
BrowserViewFactory:0.1311111111111111
