ScriptingConsoleView:0.7178888888888889
JsConsoleView:0.5977222222222223
