Robot:0.9166666666666666
ComponentReferenceTest:0.2633333333333333
