ValueAttribute:0.71
ValueTypeComposer:0.27
AccessorAttributesCollector:0.26
TypeIntrospectionBase:0.2394444444444445
FactoryMethodAttributesCollector:0.17777777777777778
