SPDCurve:0.4661904761904762
ChannelSPD:0.33666666666666667
ConstantSPD:0.2733333333333333
IORShader:0.24333333333333335
BlackbodySPD:0.15666666666666668
SPDResource:0.12333333333333334
