WebSocketTransport:0.4766666666666667
XHRPollingClient:0.44333333333333336
XHRPollingTransport:0.44
