RouteEntryTest:0.6533333333333333
SparkUtilsTest:0.27666666666666667
MimeParseTest:0.22166666666666668
