Dataset:0.7893888888888889
TagFilter:0.52
BaseDatasetImpl:0.33222222222222225
