QueryCmd:0.31
IssuerBean:0.29
InstanceBean:0.27
SqlBuilder:0.26666666666666666
StudyBean:0.25333333333333335
ImageQueryCmd:0.22444444444444447
SeriesRequestBean:0.21666666666666667
ContentItemBean:0.21666666666666667
