ReadPreference:0.37333333333333335
MongoOptions:0.37
MongoURI:0.27666666666666667
TaggableReadPreference:0.2633333333333333
TaggedReadPreference:0.18083333333333335
PrimaryReadPreference:0.17
MongoURITest:0.08333333333333333
MongoOptionsTest:0.06
ReadPreferenceTest:0.023333333333333334
