BoundedLocalCache:0.7416666666666667
CacheTesting:0.51
CacheProxy:0.26666666666666666
CacheManagerImpl:0.20666666666666667
AdaptiveResetCountMin4:0.2
BoundedLocalCacheTest:0.19666666666666666
PeriodicResetCountMin4:0.19
CacheEvictionTest:0.18
RandomSeedEnforcer:0.15333333333333332
OSGiTest:0.14666666666666667
