EndEntityManagementSession:0.6061666666666666
UserData:0.49
EndEntityManagementSessionTest:0.43
EndEntityManagementSessionBean:0.12666666666666668
RenameEndEntityCommand:0.043333333333333335
