Floor:0.47044444444444444
jOOQAbstractTest:0.39666666666666667
Ceil:0.31333333333333335
