Strand:0.48
Polymer:0.47333333333333333
AminoAcid:0.2633333333333333
BioPolymer:0.19
