BinaryDFHandler:0.6866666666666666
ParserException:0.38333333333333336
AbstractBinaryDFHandler:0.29333333333333333
ClientBinaryDFHandler_KOTest:0.21333333333333335
XMLSAXParser:0.21333333333333335
ServerBinaryDFHandler_KOTest:0.19111111111111112
BinaryDFParser:0.14666666666666667
SizedTextPane:0.11333333333333333
