InsnGen:0.6366666666666667
TestTypeResolver2:0.30666666666666664
TestCls:0.22222222222222218
AbstractTest:0.21333333333333335
TestFieldIncrement:0.15666666666666668
CodeShrinker:0.14
