JsonServiceRegistryDao:0.37333333333333335
AbstractResourceBasedServiceRegistryDao:0.34
CasCoreBootstrapStandaloneConfiguration:0.2966666666666667
CasCoreServicesConfiguration:0.19666666666666666
CasServicesStreamingHazelcastConfiguration:0.15
SamlRegisteredServiceTests:0.13333333333333333
CasRegisteredServiceHazelcastStreamPublisher:0.12333333333333334
OAuthRegisteredServiceTests:0.12
EmbeddedServiceRegistryDao:0.11333333333333333
OidcRegisteredServiceTests:0.11
JsonServiceRegistryDaoTests:0.11
YamlServiceRegistryDao:0.1
RegisteredServicesQueuedEvent:0.09238095238095238
GrouperRegisteredServiceAccessStrategyRegistryTests:0.09
JsonServiceRegistryConfiguration:0.08333333333333333
YamlServiceRegistryConfiguration:0.08333333333333333
YamlServiceRegistryDaoTests:0.08333333333333333
ResourceBasedServiceRegistryDao:0.04
