HandlerManager:0.575
HandlerEntry:0.44
ServerHandler:0.2733333333333333
ClientHandler:0.19333333333333333
