CommMessage:0.42
OOITBuilder:0.42
HTTPProtocol:0.22666666666666666
SOAPProtocol:0.22666666666666666
SODEPProtocol:0.21
InputOperation:0.20666666666666667
InputOperationProcess:0.18666666666666668
State:0.15333333333333332
NDChoiceProcess:0.13666666666666666
OneWayProcess:0.12
RequestResponseProcess:0.11333333333333333
SolicitResponseProcess:0.06
NotificationProcess:0.03333333333333333
