IQsarManager:0.37333333333333335
QsarManager:0.36333333333333334
DescriptorModel:0.17
