CacheProxy:0.5666666666666667
CaffeineConfiguration:0.4533333333333333
CacheManagerImpl:0.3933333333333333
