CasProtocolViewsConfiguration:0.7669444444444444
OAuth20AccessTokenController:0.4486111111111111
