VertxHttp2NetSocket:0.6083333333333333
Http2ServerRequestImpl:0.44166666666666665
Http2ConnectionBase:0.42
