TaskInfo:0.55
TaskOutput:0.5033333333333333
StatusPrinter:0.3433333333333333
SplitWorker:0.17666666666666667
