DefaultContractTest:0.4
Util:0.34
MethodHandler:0.2633333333333333
AWSSignatureVersion4:0.26
JAXRSModule:0.12666666666666668
