MigrationInfoImpl:0.7133333333333334
MigrationInfoServiceImplSmallTest:0.5033333333333333
ResolvedMigrationComparator:0.17333333333333334
MigrationInfoImplSmallTest:0.11
