InternalPartitionImpl:0.5233333333333333
InternalPartitionServiceImpl:0.48333333333333334
MigrationThread:0.35111111111111115
PromoteFromBackupOperation:0.26
ServiceConfig:0.23666666666666666
ReplicaSyncRetryResponse:0.20333333333333334
ReplicaSyncRequest:0.19666666666666666
LocalPartitionListener:0.19666666666666666
ReplicaSyncResponse:0.19333333333333333
SyncReplicaVersionTask:0.12333333333333334
ReplicaSyncEntryProcessor:0.12
ResetReplicaVersionOperation:0.11166666666666666
ClearReplicaOperation:0.08333333333333333
