SQLTransportExecutor:0.38333333333333336
SQLTransportIntegrationTest:0.3233333333333333
CopyIntegrationTest:0.30333333333333334
Setup:0.2966666666666667
ShardingUpsertExecutor:0.27666666666666667
