CDKAtomTypeMatcher:0.48694444444444446
CDKAtomTypeMatcherTest:0.3566666666666667
