ArticleQueryService:0.49666666666666665
ArticleProcessor:0.31
CommentQueryService:0.2833333333333333
SymphonyServletListener:0.24666666666666667
