SimpleFlatFileItemReaderTests:0.27
StaxEventReaderItemReaderTests:0.17
SimpleFlatFileItemReader:0.14333333333333334
StaxEventItemReader:0.14333333333333334
NonExistentResource:0.07333333333333333
