Request:0.4166666666666667
RequestTests:0.32666666666666666
Params:0.31666666666666665
CreateIndexResponse:0.26666666666666666
AcknowledgedResponse:0.22666666666666666
RestHighLevelClient:0.21333333333333335
CreateIndexResponseTests:0.08666666666666667
DeleteIndexResponse:0.08666666666666667
