Graphics3D:0.8566666666666667
GraphNodeIter:0.39666666666666667
NodeViewI:0.37583333333333335
NodeView:0.29333333333333333
