Distribution:0.85
WebXML:0.39
WebXMLOptions:0.37333333333333335
InstallOptions:0.27
FedoraHome:0.26
XACMLPolicy:0.24
Database:0.21
Installer:0.19666666666666666
TestRESTAPI:0.19
FileUtils:0.17333333333333334
FedoraWebXML:0.16333333333333333
TestFedoraWebXML:0.0033333333333333335
