SessionFactoryOptions:0.5458888888888889
SessionImpl:0.43
AbstractDelegatingSessionFactoryOptions:0.31333333333333335
AbstractDelegatingSessionFactoryBuilder:0.2833333333333333
SessionFactoryOptionsState:0.27444444444444444
SessionFactoryBuilder:0.23666666666666666
SessionFactoryOptionsStateStandardImpl:0.22
SessionFactoryOptionsImpl:0.19
SessionFactoryBuilderImpl:0.14666666666666667
AvailableSettings:0.11622222222222224
