Constants:0.48611111111111116
ShowModelLayoutTopComponent:0.3
AssociateLayoutAction:0.2644444444444445
TemplatesTopComponent:0.23333333333333334
TemplatesService:0.19666666666666668
ShowLayoutView:0.19666666666666666
ModelLayoutService:0.14666666666666667
