TestMboxCrawler:0.4266666666666667
MboxSubCrawler:0.2633333333333333
MboxSubCrawlerFactory:0.21666666666666667
TestDefaultSubCrawlerRegistry:0.20333333333333334
FromLineFilterStream:0.17666666666666667
MboxSubCrawlerTest:0.04
MboxSubCrawlerActivator:0.022777777777777775
FromLineFilterStreamTest:0.011388888888888888
