OkHttpClient:0.6533333333333333
Internal:0.4033333333333333
WebSocketEcho:0.24
