TestCluster:0.61
RestClient:0.35
ElasticsearchIntegrationTest:0.3233333333333333
RestTestSuiteRunner:0.24583333333333332
RestTestExecutionContext:0.20666666666666667
TribeTests:0.13
