RLiveObject:0.6966666666666667
RedissonReference:0.3466666666666667
ExpirableInterceptor:0.345
RAttachedLiveObjectService:0.3027420634920635
AccessorInterceptor:0.13333333333333333
LiveObjectTemplate:0.10838095238095237
RedissonAttachedLiveObjectService:0.03333333333333333
RedissonAttachedLiveObjectServiceTest:0.023333333333333334
