Vehicle:0.41333333333333333
Person:0.32666666666666666
Settlement:0.29
LivingQuartersFacility:0.26
InsituResourceProcessorFacility:0.25
UnitManager:0.24
SettlementsXmlReader:0.23333333333333334
PeopleXmlReader:0.22666666666666666
FacilityManager:0.21
Facility:0.19333333333333333
VehiclesXmlReader:0.17333333333333334
GreenhouseFacility:0.14
SettlementTableModel:0.13333333333333333
LivingQuartersFacilityPanel:0.12666666666666668
Unit:0.11
GroundVehicle:0.08333333333333333
Rover:0.02666666666666667
Structure:0.0
