GraphBuilder:0.7566666666666667
DumpTest:0.17666666666666667
Main:0.13666666666666666
