StudyPermissionHelper:0.5366666666666666
WebCfgService:0.49
WebCfgDelegate:0.31666666666666665
WicketApplication:0.2277777777777778
