GraphicsTreeElements:0.7416666666666667
DetermineIndiboxSize:0.4066666666666667
