Setting:0.7233333333333334
Settings:0.595
DeprecationHttpIT:0.24
SettingTests:0.23666666666666666
