DashboardPanel:0.36666666666666664
FileSystemPanel:0.25666666666666665
QueuePanel:0.22111111111111115
SystemInfoPanel:0.22111111111111115
ReportPanel:0.22111111111111115
DynamicDisplayPage:0.18
ConfigureReportPage:0.15666666666666668
CreateOrEditReportPage:0.15333333333333332
