WebUrlUtil:0.7916666666666666
NotifyVisitor:0.35333333333333333
ViewPermalinkController:0.3233333333333333
