DirPath:0.4033333333333333
RssModuleImpl:0.38333333333333336
FileOnlyFilter:0.33297883597883593
LockFile:0.17333333333333334
ExtensionDeployerImpl:0.16666666666666666
ExtensionDeployer:0.08738888888888888
