AbstractSymmetricEngine:0.5944444444444443
ClientSymmetricEngine:0.3233333333333333
SymmetricEngineHolder:0.31333333333333335
DefaultParameterParser:0.24333333333333335
EngineStarter:0.19666666666666666
