AbstractDdlBuilder:0.5466666666666666
PlatformColumn:0.41333333333333333
Database:0.38666666666666666
AbstractDdlBuilderTest:0.08666666666666667
