JPPFChartBuilder:0.41
OptionsHandler:0.35333333333333333
UILauncher:0.30333333333333334
FileChooserOption:0.25333333333333335
PreferencesStorage:0.14111111111111113
