ObjectiveCHeaderGeneratorTest:0.5266666666666666
GeneratedMethodBinding:0.4866666666666667
Whitelist:0.3466666666666667
