Gedcom:0.8533333333333334
ButtonHelper:0.4091666666666667
BlueprintManager:0.2644444444444445
Handler:0.14666666666666667
BlueprintList:0.11
