EditorManager:0.47
FileUtil:0.3333333333333333
EditorPool:0.26
FileActivity:0.25666666666666665
ConsistencyWatchdogClient:0.25
ResourceDeltaVisitor:0.21
SharedResourcesManager:0.18444444444444444
FolderActivity:0.18333333333333332
UndoManager:0.17333333333333334
