NeuralNetConfiguration:0.3933333333333333
ConvolutionDownSampleLayer:0.21666666666666667
ConvolutionParamInitializer:0.18333333333333332
Builder:0.14333333333333334
Dl4jReflection:0.115
OutputLayer:0.11333333333333333
NesterovsUpdater:0.11333333333333333
RBM:0.11333333333333333
AutoEncoder:0.11333333333333333
Layer:0.10833333333333334
LSTM:0.10666666666666667
SubsamplingLayer:0.08666666666666667
SubsampleTests:0.08666666666666667
TestConvolutionLayer:0.08
DenseLayer:0.06
GravesLSTM:0.06
EvalTest:0.06
RecursiveAutoEncoder:0.06
ListBuilder:0.043333333333333335
