Generator:0.5366666666666666
TestLexerExec:0.461111111111111
TestLexerErrors:0.30666666666666664
TestSemPredEvalLexer:0.2733333333333333
TestCompositeLexers:0.18
LexerTestMethod:0.09444444444444444
