ValueAttribute:0.6233333333333333
Constitution:0.38333333333333336
AppliedNameForms:0.2905555555555555
NullabilityAnnotationInfo:0.185
NameForms:0.16333333333333333
ValueTypeComposer:0.15
Generics:0.14
