FormTagBase:0.32
QueryTag:0.31333333333333335
MakumbaTag:0.31
ValueComputer:0.25
NewTag:0.23
InputTag:0.21333333333333335
AddTag:0.19
QueryValueComputer:0.18666666666666668
EditTag:0.17
