PeriodicTableView:0.6366666666666667
CDKChemObject:0.6233333333333333
