ValueAttribute:0.66
NullableElements:0.4293888888888889
NullableAttributesTest:0.26
CustomImmutableAnnotations:0.23333333333333334
