ParamDef:0.49
EmailConfigWizardPage:0.38666666666666666
ContentComposite:0.32
ParamDefConfig:0.2633333333333333
MessagesRefactoringUtil:0.24826767676767678
ParamDefComposite:0.20805555555555558
ConnectorServlet:0.20805555555555558
FreemarkerUtil:0.19666666666666666
PluginMessagesRefactoringUtil:0.13666666666666666
FtlFormType:0.09333333333333334
SendEmailActionHandlerProvider:0.06333333333333334
EmailAttachmentsConfig:0.006666666666666667
