OperationContext:0.5466666666666666
FuncExpression:0.27294444444444443
SummitsContext:0.2
RowContextCollectorExpression:0.17
JobContext:0.07666666666666666
