GenericStepperMotor:0.5111111111111111
LinePrinter:0.07666666666666666
RequestDDAMaster:0.03
RequestDDAMasterResponse:0.03
