Assert:0.58
Description:0.37333333333333335
TestMethod:0.2733333333333333
JUnit4ClassRunner:0.27
MethodRoadie:0.24666666666666667
AssertionTest:0.22333333333333333
Version:0.14333333333333334
