SVGCreator:0.6133333333333333
IHEDocumentList:0.36
FOPCreator:0.27666666666666667
RIDServiceDelegate:0.26
ECGSupport:0.21666666666666667
