WebDriverTestCase:0.6797222222222223
TestCaseCorrector:0.39222222222222225
