AbstractStatisticsBuilderTest:0.2866666666666667
AggregateColumnStatistics:0.23
DateStatistics:0.10666666666666667
DoubleStatistics:0.10666666666666667
TestLongDecimalStatisticsBuilder:0.07333333333333333
DecimalStatistics:0.0475
IntegerStatistics:0.0475
TestIntegerStatisticsBuilder:0.03
TestDoubleStatisticsBuilder:0.02666666666666667
TestShortDecimalStatisticsBuilder:0.016666666666666666
TestDateStatisticsBuilder:0.0
