QueryRetrieveScpService:0.4866666666666667
FileDataSource:0.44333333333333336
DecompressCmd:0.36666666666666664
