CompletableFutureTask:0.6966666666666667
ExecutionServiceImpl:0.4066666666666667
ClientExecutionServiceImpl:0.30333333333333334
