Convertor:0.5633333333333334
CML2WriterTest:0.51
CMLWriter:0.28
ReactionSetManipulatorTest:0.16666666666666666
