DistributedLock:0.5233333333333333
LockStoreImpl:0.30666666666666664
MapContainer:0.27
LockService:0.17333333333333334
CountOperation:0.16333333333333333
LockStoreContainer:0.13333333333333333
