ColumnMetadata:0.8477777777777779
ExchangeOperator:0.5688888888888889
