ViewLoaderTest:0.46
ViewLoader:0.45388888888888895
AbstractAndroidTestRunner:0.36333333333333334
