TestDocument:0.44
TestEmail:0.3333333333333333
TestXml:0.32
TestHtml:0.31333333333333335
TestSgml:0.31333333333333335
TestGate:0.24333333333333335
TestCreole:0.22333333333333333
