EncodedElement:0.41
Type:0.4088888888888889
Encoding:0.29333333333333333
Linker:0.2916666666666667
TypeExtractor:0.2866666666666667
Term:0.27666666666666667
TableEncoding:0.16
Structurizer:0.155
Producer:0.14666666666666667
Other:0.11
Param:0.09666666666666666
WhitespaceEnabler:0.07333333333333333
Statement:0.06111111111111111
CodeTest:0.03916666666666667
TypeParam:0.035
Code:0.018888888888888886
