Element:0.44666666666666666
Response:0.34
Attributes:0.33666666666666667
Elements:0.30333333333333334
Base:0.27666666666666667
Node:0.27
Request:0.23583333333333334
HtmlTreeBuilder:0.22666666666666666
FormElement:0.22111111111111115
Document:0.21666666666666667
Whitelist:0.2
Dataset:0.19666666666666666
CombiningEvaluator:0.19
TreeBuilder:0.18666666666666668
Selector:0.16333333333333333
