VLocator:0.45
MLocatorLookup:0.43333333333333335
VLocatorDialog:0.4166666666666667
Loader:0.17333333333333334
CalloutMovement:0.07666666666666666
