ClientMessage:0.8666666666666667
ClientProtocolErrorCodes:0.41031746031746036
ClientMessageTest:0.35
ClientExceptionFactory:0.22666666666666666
