AccessManager:0.7866666666666666
Importer:0.33666666666666667
