SharingBreakpointListener:0.5583333333333333
BreakpointConsumer:0.5466666666666666
BreakpointActivityProvider:0.5366666666666666
