CreateAction:0.20222222222222222
SearchAction:0.18444444444444444
UpdateAction:0.06333333333333334
