Groove:0.5966666666666667
ExtensionFilter:0.4266666666666667
Simulator:0.37666666666666665
Editor:0.31
ExternalFileFormat:0.30789682539682545
RedoAction:0.3011111111111111
CopyRuleAction:0.3011111111111111
EditRuleAction:0.3011111111111111
NewRuleAction:0.3011111111111111
DeleteRuleAction:0.3011111111111111
UndoAction:0.3011111111111111
RenameRuleAction:0.29444444444444445
AbsExternalFileFormat:0.2755555555555555
GraphToTikz:0.2733333333333333
GraphToKth:0.2633333333333333
GrooveFileView:0.25
NewGraphAction:0.24333333333333335
LabelTree:0.23388888888888887
Generator:0.23333333333333334
DefaultFileSystemStore:0.23166666666666666
MyFileChooser:0.23
EditorPanel:0.22888888888888886
Imager:0.22666666666666666
ImagerFrame:0.21333333333333335
RuleJTree:0.21333333333333335
SaveGraphAction:0.19666666666666666
Icons:0.19666666666666666
SimulatorPanel:0.19622222222222221
DeleteAction:0.19111111111111112
SaveAction:0.19111111111111112
RelabelAction:0.18666666666666668
ExportAction:0.18266666666666664
NewAction:0.17944444444444446
CtrlPreviewAction:0.16
EnableAction:0.16
MyTreeCellRenderer:0.16
EditAction:0.15333333333333332
ShapeDialog:0.15333333333333332
SaveDialog:0.15285714285714286
LayedOutXml:0.14666666666666667
EditGraphAction:0.14666666666666667
RenameGraphAction:0.14666666666666667
DeleteGraphAction:0.14666666666666667
SetStartGraphAction:0.14666666666666667
CopyGraphAction:0.14666666666666667
StartSimulationAction:0.14666666666666667
DefaultExplorationAction:0.14666666666666667
ShowAllLabelsAction:0.14666666666666667
SnapToGridAction:0.14333333333333334
CopyAction:0.13166666666666665
AspectGxl:0.12916666666666668
OpenGraphAction:0.12
SetTypeRoleAction:0.12
SetGraphRoleAction:0.12
SetRuleRoleAction:0.12
FromFileAction:0.11333333333333333
DisableAction:0.11333333333333333
UncheckAllAction:0.11
CheckAllAction:0.11
CancelAction:0.11
RenameAction:0.09
FilterList:0.09
Importer:0.08138888888888889
EpsFormat:0.06833333333333333
JpgFormat:0.065
PngFormat:0.065
ColFormat:0.06166666666666667
FsmFormat:0.06166666666666667
AutFormat:0.06166666666666667
CompositeExtensionFilter:0.05333333333333334
TikzFormat:0.051666666666666666
KthFormat:0.051666666666666666
Exporter:0.04833333333333333
SimpleExtensionFilter:0.006666666666666667
