RetryNonBlockingIssue:0.5933333333333334
BasicHttpsTest:0.55
MockExceptionServlet:0.32666666666666666
