RestActionInvocation:0.49694444444444436
RestWorkflowInterceptor:0.38
ContentTypeHandlerManager:0.33166666666666667
ContentTypeInterceptor:0.20333333333333334
