Service:0.43666666666666665
ShibbolethCompatiblePersistentIdGenerator:0.3
OidcRegisteredService:0.25
DefaultWebflowConfigurer:0.24333333333333335
BaseRegisteredServiceUsernameAttributeProvider:0.21333333333333335
OAuthRegisteredService:0.21
AbstractWebApplicationService:0.21
PrincipalAttributeRegisteredServiceUsernameProvider:0.18333333333333332
OidcClientRegistrationRequest:0.17666666666666667
DefaultRegisteredServiceUsernameProvider:0.13
OidcDynamicClientRegistrationEndpointController:0.10666666666666667
AnonymousRegisteredServiceUsernameAttributeProvider:0.09333333333333334
GroovyRegisteredServiceUsernameProvider:0.09333333333333334
Principal:0.08333333333333333
ScriptedRegisteredServiceUsernameProvider:0.06666666666666667
OidcRegisteredServiceTests:0.0325
