Tag:0.665
Common:0.665
ArticleMgmtService:0.2966666666666667
TagQueryService:0.2866666666666667
TagProcessor:0.14666666666666667
TagMgmtService:0.09666666666666666
