CacheEventDataImpl:0.7133333333333334
CacheKeyIteratorResult:0.6947777777777778
