AtmosphereResourceImpl:0.6
Filter:0.43666666666666665
EventsLogger:0.3144444444444444
AsynchronousProcessor:0.23666666666666666
JQueryPubSub:0.18
Jetty8WebSocketSupport:0.17333333333333334
GlassFishWebSocketSupport:0.17333333333333334
JerseyBroadcasterUtil:0.17
CometSupport:0.09166666666666666
