Strings:0.5666666666666667
El2Test:0.38666666666666666
StringsTest:0.29333333333333333
Converter:0.2633333333333333
MethodOpt:0.22944444444444448
GetSender:0.14
