Join:0.6822777777777778
QueryElement:0.4533333333333333
JoinOnElement:0.33
QueryGenerator:0.30333333333333334
JoinElement:0.24333333333333335
