TableSource:0.5655555555555555
ModelBinder:0.4
Helper:0.33133333333333337
InLineViewSourceImpl:0.22333333333333333
TableSpecificationSource:0.07
