RequestHelper:0.9633333333333334
CertDistServlet:0.3
CACertServlet:0.2733333333333333
