DefinitionModuleImpl:0.5766666666666667
DefinitionUtils:0.4683333333333333
DisplayConfiguration:0.3386111111111111
