JFXItemsRenderersHelper:0.42333333333333334
JFXServerWrapper:0.26694444444444443
JFXEventLogger:0.26694444444444443
JFXClippings:0.2513333333333333
JFXServerCockpit:0.2513333333333333
JFXServerDisplay:0.2513333333333333
JFXRendererBridge:0.24666666666666667
JFXFont:0.24666666666666667
DefaultConnectorRenderer:0.24666666666666667
SuperLayerGenerator:0.21333333333333335
JFXLineSegmentRenderer:0.2
PicturePushButtonRenderer:0.19666666666666666
