MapService:0.6066666666666667
NearCache:0.43
MapProxySupport:0.29333333333333333
