Search:0.38666666666666666
Record:0.3353333333333333
DefaultMatching:0.28
RegExprGraph:0.27666666666666667
SPOEvent:0.25666666666666665
PlanData:0.22666666666666666
DefaultGraphCondition:0.22666666666666666
DefaultIsoChecker:0.22337301587301586
GraphTest:0.22333333333333333
NodeRecord:0.20833333333333334
GraphSearchPlanFactory:0.20333333333333334
EdgeRecord:0.2
VarEdgeRecord:0.18666666666666668
SearchPlanStrategy:0.14642857142857144
ValueNodeRecord:0.08333333333333333
ConditionRecord:0.07666666666666666
OperatorEdgeRecord:0.07666666666666666
