SubstructureFingerprinter:0.5433333333333333
StandardSubstructureSets:0.39
StandardSubstructureSetsTest:0.25
SubstructureFingerprinterTest:0.23333333333333334
