ServerConnection:0.31333333333333335
HttpClientRequestImpl:0.30666666666666664
FutureFactoryImpl:0.28
EventBusImpl:0.25
PackageHelper:0.23333333333333334
ClusteredEventBusTest:0.21666666666666667
HandlerManager:0.19
DatagramServerHandler:0.15333333333333332
TextDecoder:0.1
