ParcelableGenerator:0.4633333333333333
ConverterTarget:0.4033333333333333
ReadWriteGenerator:0.27167857142857144
ListOfParcelsReadWriteGenerator:0.19666666666666666
ParcelReadWriteGenerator:0.11333333333333333
ClassloaderReadWriteGenerator:0.09333333333333334
SimpleReadWriteGenerator:0.09
ParcelableReadWriteGenerator:0.09
SerializableReadWriteGenerator:0.09
ConverterTest:0.08333333333333333
ListOfParcelsMatcher:0.02666666666666667
