StudyStatusService:0.4266666666666667
CompressionRules:0.3233333333333333
ForwardingRules:0.31666666666666665
StorageRules:0.25666666666666665
