AsymmetricEncryptionConfig:0.35
WriteHandler:0.2833333333333333
ReadHandler:0.27
Connection:0.25133333333333335
AsymmetricCipherPacketWriter:0.22666666666666666
AsymmetricCipherPacketReader:0.16666666666666666
SymmetricCipherPacketWriter:0.15333333333333332
AbstractSelectionHandler:0.11
SymmetricCipherPacketReader:0.023333333333333334
ComplexCipherPacketReader:0.017388888888888888
ComplexCipherPacketWriter:0.013333333333333334
