SenderFlowControlStrategy:0.45429365079365075
UdpTransport:0.42
NioSelectorTest:0.39
FrameHandler:0.2812222222222222
SenderChannel:0.24333333333333335
SrcFrameHandler:0.21
DefaultSenderFlowControlStrategy:0.043333333333333335
