InvocationBuilder:0.6133333333333333
MapContainer:0.4533333333333333
InterceptorRegistry:0.2396666666666667
InvocationBuilderTest:0.20833333333333334
