Mvcs:0.7433333333333333
NutIoc:0.4
ModuleProcessor:0.19333333333333333
