FreemarkerManager:0.5933333333333334
VelocityManager:0.5066666666666667
DojoTagLibrary:0.14666666666666667
DefaultTagLibrary:0.14666666666666667
