ObserveAstronomicalObjects:0.5483333333333333
AstronomicalObservation:0.43933333333333335
