ConnectionManager:0.6759444444444445
Redisson:0.51
MasterSlaveConnectionManager:0.4
RedissonReactive:0.25666666666666665
InfinitySemaphoreLatch:0.22666666666666666
RedissonClient:0.19416666666666665
RedissonReactiveClient:0.19416666666666665
