MetadataPermissionsService:0.5666666666666667
MetadataPermissionsServiceStub:0.4766666666666667
MetadataPermissionsServiceImpl:0.30666666666666664
PermissionDao:0.2866666666666667
GaapServicesClient:0.24
MetadataPermissionsMessageReceiverInOut:0.185
MetadataPermissionsServiceSkeleton:0.09682539682539683
