LayerStatisticsPlugIn:0.615
FeatureStatisticsPlugIn:0.4866666666666667
StatisticOverViewPlugIn:0.4266666666666667
