AeronPing:0.32666666666666666
Stats:0.31333333333333335
AeronLatencyUnderLoadPublisher:0.27666666666666667
AeronPong:0.24277777777777781
AeronLatencyUnderLoadSubscriber:0.16
