Builder:0.4766666666666667
AbstractVectors:0.22753968253968254
