XCPDInitiatingGatewayRequestHandler:0.5866666666666667
XCPDGatewayRequestHandler:0.2633333333333333
XCPDInitiatingGateway:0.25666666666666665
XCPDRespondingGateway:0.20666666666666667
XCPDRespondingGatewayRequestHandler:0.17500000000000002
