DependencyTest:0.5466666666666666
ScopingTest:0.4266666666666667
ServiceListenerTest:0.15333333333333332
Cardinality0to1Test:0.15333333333333332
MavenArtifactLookupTest:0.15333333333333332
LifecycleTest:0.15
ReferenceProxyTest:0.15
PropertyPlaceholderTest:0.14
ServiceProxyFactoryBeanTest:0.14
