ESQueryBuilderTest:0.4066666666666667
OperatorModule:0.40166666666666667
EvaluatingNormalizerTest:0.37333333333333335
LuceneQueryBuilderTest:0.31666666666666665
