BridgeDomainSyncProvider:0.49666666666666665
ProcessFlowchart:0.48333333333333334
ProcessInstanceView:0.47
ProcessInstanceToolsView:0.19666666666666666
