EditView:0.53
PropertyTreeWidget:0.5033333333333333
Callback:0.24
PropertyBean:0.18
XRefBean:0.10333333333333333
SexBean:0.07
SimpleValueBean:0.06666666666666667
EventBean:0.023333333333333334
FileBean:0.016666666666666666
NameBean:0.016666666666666666
DateBean:0.006666666666666667
ChoiceBean:0.0
AgeBean:0.0
MLEBean:0.0
EntityBean:0.0
