CasSupportJdbcAuditConfiguration:0.39666666666666667
CasConsentJdbcConfiguration:0.39666666666666667
JpaServiceRegistryConfiguration:0.30666666666666664
JpaTicketRegistryConfiguration:0.30666666666666664
