Gedcom:0.685
Submitter:0.4666666666666667
PropertySubmitter:0.4266666666666667
