Tools:0.5666666666666667
AbstractField:0.41
AbstractTable:0.3233333333333333
TableAlias:0.26944444444444443
InsertQueryImpl:0.19
Coerce:0.16444444444444445
CreateViewImpl:0.12333333333333334
