TransportSQLActionTest:0.4866666666666667
Resolver:0.19444444444444445
LnFunction:0.182
Log10Function:0.182
LogBaseFunction:0.17533333333333334
SquareRootFunction:0.12844444444444447
CeilFunction:0.08666666666666667
FloorFunction:0.08666666666666667
RoundFunction:0.08666666666666667
LogFunction:0.056666666666666664
