NewLinkWizardPanel0:0.39666666666666667
NewLinkWizard:0.37333333333333335
CreatePhysicalConnectionAction:0.30666666666666664
NewLinkVisualPanel0:0.19
