Main:0.5466666666666666
BotConsoleFrame:0.47333333333333333
GCodeReaderAndWriter:0.28
PrintTabFrame:0.26666666666666666
