ActivityLogEntry:0.5400000000000001
WebserviceBeanRemote:0.37
KuwaibaService:0.33
ProjectsModule:0.31666666666666665
PersistenceService:0.27666666666666667
Constants:0.26944444444444443
WebserviceBean:0.22
ToolsBean:0.2
