AnnotationExtractionUtils:0.32666666666666666
ReflectiveConfigurationParser:0.3
MethodAnnotationPrototype:0.15694444444444444
ConfigurationParser:0.15694444444444444
