PrestoStatement:0.5163333333333333
TestDriver:0.4666666666666667
