PixelOrientation:0.49
GeographicExtent:0.3869761904761903
GridCoverageProcessor:0.24666666666666667
Complex:0.15666666666666668
DigitalTransferOptions:0.15666666666666668
