HazelcastHttpSession:0.5316666666666666
TestServlet:0.17333333333333334
WebFilterSlowTests:0.15333333333333332
