DefaultJSONParser:0.64
FieldInfo:0.37333333333333335
ASMDeserializerFactory:0.37
JavaBeanDeserializer:0.34
ASMJavaBeanDeserializer:0.22444444444444442
