AbstractMessageTask:0.6667777777777778
TopicAddMessageListenerMessageTask:0.34933333333333333
