JCPPage:0.7566666666666667
PopUpListener:0.1691111111111111
AdjustBondOrdersAction:0.16333333333333333
