QueryPlanner:0.4666666666666667
XContentGenerator:0.4166666666666667
ParsedStatement:0.35
NodeExecutionContext:0.27666666666666667
TransportSQLActionTest:0.2733333333333333
AsyncBroadcastAction:0.25333333333333335
QueryVisitor:0.23333333333333334
SearchResponseListener:0.21666666666666667
GetResponseListener:0.21666666666666667
DeleteByQueryResponseListener:0.21666666666666667
MultiGetResponseListener:0.21666666666666667
DeleteResponseListener:0.21666666666666667
IndexResponseListener:0.21666666666666667
BulkResponseListener:0.21666666666666667
CreateIndexResponseListener:0.21666666666666667
CountResponseListener:0.21666666666666667
DeleteIndexResponseListener:0.21666666666666667
InsertVisitor:0.19666666666666666
TableVisitor:0.19333333333333333
QueryPlannerTest:0.18333333333333332
QueryVisitorTest:0.17333333333333334
SQLFields:0.1211111111111111
TableVisitorTest:0.08
InsertVisitorTest:0.08
XContentVisitor:0.01
ESResponseToSQLResponseListener:0.006666666666666667
