Util:0.7633333333333333
JingleFileTransferManager:0.33
OutgoingInvitationProcess:0.2966666666666667
JingleFileTransferSession:0.29
DataTransferManager:0.25666666666666665
