Evidence:0.73
GenericAnnotation:0.3233333333333333
AnnotationEditor:0.26
StrandedZoomableApolloPanel:0.25333333333333335
ViewMenu:0.24666666666666667
FeatureTreePanel:0.23
TierMenu:0.22333333333333333
GenericAnnotationSet:0.21666666666666667
DrawableAnnotatedSeqFeature:0.20666666666666667
EvidenceConstants:0.0
