CaptchaSecurityContext:0.7066666666666667
CaptchaServiceProxy:0.43333333333333335
CaptchaChannelProcessor:0.31
CaptchaEntryPoint:0.28
CaptchaEntryPointTests:0.22333333333333333
CaptchaSecurityContextImpl:0.15333333333333332
CaptchaValidationProcessingFilter:0.12194444444444442
CaptchaSecurityContextImplTests:0.0861111111111111
CaptchaChannelProcessorTests:0.04666666666666667
MockCaptchaServiceProxy:0.03222222222222222
CaptchaValidationProcessingFilterTests:0.03194444444444445
