WebKeys:0.8416666666666667
ListFolderController:0.33
SearchController:0.31666666666666665
WorkspaceTreeController:0.22666666666666666
ViewEntryController:0.21
MeetingController:0.17333333333333334
