SQLMapperResultRequest:0.7588888888888888
TransportSQLReduceHandler:0.5033333333333333
