DrawableSeqFeature:0.8033333333333333
DrawableFeatureSet:0.49666666666666665
ApolloPanel:0.27666666666666667
DrawableAnnotatedSeqFeature:0.23
SiteView:0.1877777777777778
SequenceTierManager:0.17
TierMenu:0.13666666666666666
CollapsedFeatureTierManager:0.11333333333333333
EditMenu:0.11
