View:0.705
Module:0.49222222222222217
CustomerTest:0.29
AJAXTest:0.2833333333333333
InvoiceTest:0.23666666666666666
CarrierTest:0.22
MapFacadeBean:0.19666666666666666
CustomerWithSectionTest:0.19
OnlyEditDetailsInvoiceTest:0.16666666666666666
Product5Test:0.14666666666666667
AverageSpeedTest:0.14
TeamTest:0.09333333333333334
