JtxTransaction:0.9033333333333333
DbTransactionTest:0.14666666666666667
