ChadoInstance:0.6566666666666666
ChadoTransactionTransformer:0.49333333333333335
ChadoAdapter:0.23555555555555557
JDBCTransactionWriter:0.18833333333333332
TigrSybilChadoInstance:0.18666666666666668
FlybaseChadoInstance:0.18333333333333332
XmlConfigFileParser:0.18
AbstractChadoInstance:0.15666666666666668
ChadoTransactionXMLWriter:0.15
RiceChadoInstance:0.13083333333333333
