Array:0.8433333333333334
LfmCovarianceParameterization:0.31333333333333335
Var_Helper:0.23
LmCorrelationModel:0.21666666666666667
LmVolatilityModel:0.12333333333333334
LfmCovarianceProxy:0.07333333333333333
