PersonDetailFlowBuilder:0.8666666666666667
PhonebookFlowRegistrar:0.5166666666666667
