BatchNormalizationTest:0.4166666666666667
TestPreProcessors:0.38
CNNProcessorTest:0.25666666666666665
ActivationLayerTest:0.19666666666666666
