id:0.7633333333333333
Robolectric:0.47
ShadowView:0.33
ShadowAdapterView:0.2966666666666667
ShadowLocation:0.27666666666666667
ShadowListView:0.23
ShadowResources:0.21666666666666667
ResourcesTest:0.20333333333333334
ShadowBundle:0.16666666666666666
ShadowBaseAdapter:0.15166666666666667
ShadowOverlayItem:0.15
ViewLoaderTest:0.15
layout:0.12
CountingAdapter:0.11833333333333333
ClickActivity:0.09
AdapterViewBehavior:0.07666666666666666
