SPOEvent:0.47833333333333333
RandomLinearStrategy:0.3824444444444444
DefaultGraphTransition:0.35
ExploreStrategyParser:0.33666666666666667
AbstractEvent:0.29
