FileSystemMgtService:0.69
DeleterThresholds:0.41
FileSystemMgtBean:0.3188888888888889
FileSystemBean:0.3
DeleterThreshold:0.19666666666666666
