StructureDao:0.27666666666666667
FetchIntroductionInterceptor:0.18333333333333332
CreateStructureDatabaseDialog:0.16333333333333333
Activator:0.13666666666666666
TableCreator:0.13666666666666666
AnnotationDao:0.13333333333333333
LoggedInUserKeeper:0.12666666666666668
