QueryStateMultiScale:0.7466666666666667
Graph:0.6533333333333333
