XMLHttpRequest:0.56
XMLHttpRequestCORSTest:0.3433333333333333
WebDriverTestCase:0.30666666666666664
XMLHttpRequestTest:0.29333333333333333
