GeoDistanceSortBuilder:0.4766666666666667
GeoPolygonQueryBuilder:0.3077777777777778
ESTestCase:0.25333333333333335
GeoDistanceSortBuilderTests:0.22333333333333333
GeoDistanceQueryBuilderTests:0.21833333333333332
GeoPolygonQueryBuilderTests:0.2
GeoDistanceRangeQueryTests:0.2
GeoBoundingBoxQueryBuilderTests:0.19416666666666665
GeoDistanceSortBuilderIT:0.13333333333333333
