GwtDeleteHelper:0.5211111111111112
GwtViewHelper:0.5005555555555555
AbstractFolderModule:0.34
