Metadata:0.41
HideablePanel:0.34
ConversionRules:0.3
SaveSIPAction:0.23333333333333334
DCFields:0.2302777777777778
SIPCreator:0.20666666666666667
ObjectTemplate:0.20666666666666667
SIPEntryPanel:0.19333333333333333
ConversionRulesTask:0.19
DCFieldsPanel:0.17555555555555558
MinimalMetadata:0.16
SIPEntry:0.15
EventHandler:0.10666666666666667
DatastreamTemplate:0.09666666666666666
MetadataPanelWrapper:0.04
