Tab:0.8066666666666666
InvoiceListManyTypesTest:0.36666666666666664
CarrierWithSectionsTest:0.3466666666666667
WarehouseSpecialNew2Test:0.14
GoChangeListConfigurationAction:0.023333333333333334
RemoveListConfigurationAction:0.0033333333333333335
