AdminPreferenceDataHandler:0.35083333333333333
DemoCertReqServlet:0.19
ValidateCertUseCRL:0.18466666666666667
ValidateCertUseOCSP:0.17
LogEntriesView:0.16416666666666666
LogAuthorization:0.14
