GraphEltSet:0.9266666666666666
GraphJdbc:0.43333333333333335
GoThread:0.29533333333333334
