IMap:0.7166666666666667
MapProxySupport:0.4633333333333333
AsyncTest:0.4066666666666667
ClientMapProxy:0.30666666666666664
ClientMapNearCacheTest:0.30666666666666664
MapProxyImpl:0.29333333333333333
NearCachedMapProxyImpl:0.29333333333333333
NearCachedClientMapProxy:0.29333333333333333
ClientMapTest:0.22
NearCacheLocalInvalidationTest:0.21333333333333335
ClientMapBasicTest:0.08666666666666667
