XavaPreferences:0.5883333333333334
MetaApplication:0.3566666666666667
