CtrlState:0.6416666666666667
CtrlAut:0.4533333333333333
