Metadata:0.6783333333333333
MetadataSourceQueue:0.4866666666666667
BasicHbmBindingTests:0.10333333333333333
