Tab:0.4766666666666667
MetaReference:0.37
ApplicantTest:0.26
Profile:0.09666666666666666
ProfileApplication:0.06666666666666667
CollaboratorProfileTest:0.056666666666666664
Collaborator:0.04666666666666667
CollaboratorProfile:0.04666666666666667
