RegExpJsToJavaConverter:0.635
HtmlUnitRegExpProxyTest:0.5383333333333333
RegExpJsToJavaConverterTest:0.23333333333333334
