ModelBatch:0.4866666666666667
NinePatch:0.41333333333333333
RenderContext:0.3433333333333333
ParticleEffect:0.25333333333333335
