Config:0.72
ApolloDataAdapterI:0.5983333333333334
CompositeApolloFrame:0.3933333333333333
ApolloRunner:0.2833333333333333
DataLoader:0.25777777777777783
AbstractApolloAdapter:0.22333333333333333
SyntenyAdapter:0.22
CompositeApolloFrameManager:0.1866666666666667
LoadUtil:0.13666666666666666
