DefaultPollerBackEnd:0.5366666666666666
PollerBackEndTest:0.5333333333333333
PollerConfiguration:0.45092857142857146
DemoPollerConfiguration:0.23666666666666666
SimplePollerConfiguration:0.15666666666666668
