OOITBuilder:0.5
Interpreter:0.3244444444444445
HTTPScanner:0.30777777777777776
State:0.215
HTTPMessage:0.15666666666666668
GlobalVariablePath:0.15333333333333332
HTTPParser:0.10333333333333333
PointerProcess:0.02666666666666667
DeepCopyProcess:0.02666666666666667
