JavaWriter:0.75
CodeGen:0.48
ProvidesProcessor:0.2733333333333333
JavaWriterTest:0.27
InjectProcessor:0.25333333333333335
