Balancer:0.41333333333333333
RoutingNodes:0.4066666666666667
ModelIndex:0.39666666666666667
ModelNode:0.36666666666666664
WeightFunction:0.22611111111111115
BalancedShardsAllocator:0.07944444444444444
