JavaScriptConfiguration:0.38666666666666666
JavaScriptConfigurationTest:0.30666666666666664
SimpleScriptable:0.2955555555555555
HTMLElementTest:0.28
ClassConfiguration:0.26666666666666666
JavaScriptEngine:0.21666666666666667
DefaultElementFactory:0.15
SimpleScriptableTest:0.13666666666666666
