AnnotationEditor:0.4666666666666667
AnnotationUpdateEvent:0.39444444444444443
AnnotationDeleteEvent:0.38333333333333336
AnnotationChangeEvent:0.2733333333333333
SynonymEditor:0.19
