StringTools:0.71
Base64PutHashMap:0.3255555555555556
Base64GetHashMap:0.3255555555555556
TestHashMap:0.24333333333333335
TestStringTools:0.21333333333333335
