TypeTableModel:0.27666666666666667
SaveAction:0.2675793650793651
AttributeEditDialog:0.25666666666666665
IntegerAttribute:0.23333333333333334
SimpleTextAttribute:0.21333333333333335
AttributeCategory:0.13833333333333334
ChangeEditComponentAction:0.11083333333333334
