TransportTasksActionTests:0.5066666666666667
AsyncAction:0.46
TestNode:0.2833333333333333
