SQLResponse:0.56
SQLRequest:0.2777777777777778
SQLBaseRequest:0.2733333333333333
SQLResponseTest:0.22666666666666666
SQLBulkRequest:0.21
SQLRequestTest:0.14
