ClassNode:0.4033333333333333
StringUtils:0.36
JadxSettingsWindow:0.31
MethodNode:0.30333333333333334
TypeGen:0.2866666666666667
IJadxArgs:0.24666666666666667
InsnGen:0.24666666666666667
JadxSettings:0.24
DexNode:0.22666666666666666
JadxCLIArgs:0.22666666666666666
ClassGen:0.22
RegionGen:0.21
AnnotationGen:0.18333333333333332
JadxArgs:0.18
RootNode:0.16333333333333333
JadxGUI:0.08333333333333333
