DriverConductor:0.4866666666666667
ClientCommandAdapter:0.4066666666666667
ClientConductor:0.37333333333333335
DriverProxy:0.18333333333333332
ControlProtocolEvents:0.011111111111111112
