ShadowAccountManagerTest:0.35
ShadowAccountManager:0.32666666666666666
ShadowContextImpl:0.28
BaseRoboAccountManagerFuture:0.176
TestAccountManagerCallback:0.1461111111111111
