ReflectionUtils:0.7966666666666666
TestPlanSpecification:0.46
TestPlanSpecificationVisitor:0.308
ConsoleRunner:0.30777777777777776
JUnit4SpecificationResolver:0.273
AllTestsSpecification:0.16444444444444445
