AWSSimpleSystemsManagement:0.49788888888888894
AbstractAWSSimpleSystemsManagementAsync:0.3433333333333333
AWSSimpleSystemsManagementAsync:0.33988888888888885
AWSSimpleSystemsManagementClient:0.31
AWSSimpleSystemsManagementAsyncClient:0.3
AbstractAWSSimpleSystemsManagement:0.29
StopAssessmentRunRequest:0.2733333333333333
ApacheDefaultHttpRequestFactoryTest:0.25333333333333335
AmazonS3Exception:0.25333333333333335
ApacheHttpRequestFactory:0.20666666666666667
StopAssessmentRunRequestMarshaller:0.13333333333333333
