HttpSessionContextIntegrationFilter:0.5666666666666667
HttpSessionContextIntegrationFilterTests:0.4633333333333333
MockFilterChain:0.22
