Storage:0.4126666666666667
DefaultRecordStore:0.3933333333333333
StorageImpl:0.30666666666666664
AbstractRecordStore:0.24333333333333335
AbstractEvictableRecordStore:0.21666666666666667
