LinuxDisplay:0.5733333333333334
LinuxKeyboard:0.5666666666666667
