MembershipManager:0.65
ClusterJoinManager:0.3566666666666667
ClusterHeartbeatManager:0.23666666666666666
MembershipManagerCompat:0.2
