Router:0.5566666666666666
IoManager:0.5266666666666666
