MeshBuilder:0.4066666666666667
ModelBuilder:0.3566666666666667
MeshPartBuilder:0.27166666666666667
ModelInstance:0.26
VertexInfo:0.14666666666666667
BoundingBox:0.11
NodePart:0.10333333333333333
BasicShapesTest:0.08333333333333333
