ESIntegTestCase:0.45
IndexService:0.4266666666666667
IndexServiceTests:0.23666666666666666
TransportMasterNodeReadAction:0.22444444444444447
TranslogTests:0.21333333333333335
TranslogConfig:0.21
TribeService:0.12666666666666668
AutoCreateIndex:0.12666666666666668
AutoCreate:0.09
