ResourceIndexModule:0.6133333333333333
DefaultDOManager:0.6033333333333334
