I:0.38333333333333336
HeapItemModel:0.3541666666666667
INVOKECLINIT:0.33
ATHROWCREATOR:0.27
MutableSet:0.25666666666666665
HeapObjectModel:0.22
MutableHitem:0.14
