Builder:0.5466666666666666
StreamingHttpProtocol:0.2733333333333333
SimpleHttpProtocol:0.23666666666666666
FrameworkConfig:0.19061111111111112
ProtocolUtil:0.16333333333333333
