Datastream:0.8566666666666667
Access:0.6066666666666667
Management:0.44666666666666666
DateUtility:0.43333333333333335
ObjectFields:0.38333333333333336
DefaultAccess:0.2866666666666667
Disseminator:0.2833333333333333
TypeUtility:0.25333333333333335
DynamicAccessModule:0.24666666666666667
DynamicAccessImpl:0.24666666666666667
ExportActionListener:0.24333333333333335
PurgeButtonListener:0.24333333333333335
DefaultBehaviorImpl:0.23666666666666666
BObjMETSSerializer:0.23666666666666666
FedoraAPIMBindingSOAPHTTPImpl:0.23
BatchModifyParser:0.22666666666666666
ObjectInfoAsXML:0.22666666666666666
CurrentVersionPane:0.21777777777777782
Report:0.21333333333333335
FedoraAPIABindingSOAPHTTPImpl:0.21
DefaultDOManager:0.20142857142857143
FedoraAccessServlet:0.2
DefaultManagement:0.19666666666666666
PriorVersionPane:0.18
DatastreamConduit:0.17666666666666667
FieldSearchServlet:0.17666666666666667
ObjectPane:0.17
DatastreamPane:0.16666666666666666
ResultFrame:0.16
DisseminatorPane:0.15666666666666668
AutoFinder:0.15333333333333332
Downloader:0.14666666666666667
ObjectEditorFrame:0.14333333333333334
DateTimeInputPanel:0.12
TestClientAPIA:0.09333333333333334
InputPanelFactory:0.08333333333333333
