AbstractMap:0.42333333333333334
Multimap:0.4
HashMap:0.39666666666666667
TreeMap:0.35
LinkedHashMap:0.21333333333333335
AbstractMultimap:0.11
