Column:0.5233333333333333
JavaObject:0.46
Binary:0.43
jdbcPreparedStatement:0.29333333333333333
RowInputBinary:0.22333333333333333
RowInputLegacy:0.21
RowInputText:0.21
