DiscoveryNodes:0.39
Builder:0.34444444444444444
ElasticsearchIntegrationTest:0.32
BasicBackwardsCompatibilityTest:0.2866666666666667
SimpleQueryTests:0.21333333333333335
ElasticsearchRestTests:0.14
MetaDataCreateIndexService:0.13
TypeParser:0.11333333333333333
