SuggestionBuilder:0.75
MapperService:0.42333333333333334
AbstractSuggestionBuilderTestCase:0.30666666666666664
CompletionSuggesterBuilderTests:0.29
