Authorization:0.4866666666666667
DefaultAuthorization:0.41333333333333333
AttributeFinderModule:0.37333333333333335
PolicyFinderModule:0.34
ContextAttributeFinderModule:0.3233333333333333
ResourceAttributeFinderModule:0.31333333333333335
