View2dContainer:0.54
EventManager:0.49333333333333335
WeasisWin:0.41333333333333333
Activator:0.3433333333333333
