RAInterfaceBean:0.43
TestCertificateData:0.29
LocalCertificateStoreSessionBean:0.25
OCSPServlet:0.20133333333333334
EjbcaAuthorization:0.19
CAInterfaceBean:0.18333333333333332
CertDistServlet:0.15
