FlowModelHolder:0.64
FlowModelFlowBuilder:0.47333333333333333
XmlFlowModelBuilder:0.38666666666666666
FlowModelRegistry:0.3333333333333333
DefaultFlowModelHolder:0.31
XmlFlowModelBuilderTests:0.24666666666666667
FlowExecutionListenerAdapter:0.22337301587301586
FlowExecutionListener:0.22337301587301586
FlowModelFlowBuilderTests:0.20666666666666667
FlowRegistryBeanDefinitionParserTests:0.19666666666666666
FlowDefinitionRegistryImpl:0.19305555555555554
FlowModelRegistryImpl:0.19
FlowRegistryFactoryBean:0.18666666666666668
AbstractXmlFlowExecutionTests:0.15333333333333332
StaticFlowModelHolder:0.11166666666666666
DefaultFlowModelHolderTests:0.11
FlowModelRegistryImplTests:0.10666666666666667
