DefaultCommandHandler:0.5433333333333333
Commands:0.37777777777777777
GaServer:0.32666666666666666
