MetadataUtil:0.48
StatementAnalyzer:0.24
QuerySystemTable:0.20666666666666667
TaskSystemTable:0.20666666666666667
NodesSystemTable:0.20666666666666667
InformationSchemaMetadata:0.20666666666666667
CatalogSystemTable:0.2
SystemTablesMetadata:0.18666666666666668
DelimitedRecordSet:0.14
SystemRecordSetProvider:0.12
