StockUpdaterJobletLocaleConfig:0.5866666666666667
StockUpdaterJobletExtraActivationValue:0.43
StockUpdaterJoblet:0.33
StockUpdaterJobletConfig:0.23666666666666666
