SimulatorModel:0.8333333333333334
RuleJTree:0.2966666666666667
MatchTreeNode:0.22111111111111115
TraceAction:0.19666666666666666
