Network:0.5566666666666666
Channel:0.39
GraphicsConfigHandler:0.37333333333333335
LayerTreeEditor:0.2833333333333333
SwingFont:0.27
JFXFont:0.2625
WidgetListChooser:0.23938888888888887
ClientGraphicsConfigHandler:0.23666666666666666
PropertyPanelFactory2Test:0.22333333333333333
TCPProtocol:0.21333333333333335
PictureRenderer:0.19666666666666666
JFXServerGraphicsConfigHandler:0.19666666666666666
DatagramProtocol:0.19666666666666666
SwingServerGraphicsConfigHandler:0.19666666666666666
DummyProtocol:0.18333333333333332
TCPReceptionThread:0.18
GraphicsConfigHandlerTest:0.17666666666666667
EmptyProtocol:0.17333333333333334
NodePropertiesHelper:0.14
ConnectionThread:0.12
