ForField:0.3637619047619048
WithExplicitType:0.314
ForOrigin:0.28998412698412696
ForAllArguments:0.28998412698412696
ForArgument:0.28053968253968253
Disabled:0.24666666666666667
IllegalContext:0.18666666666666668
ForReturnValue:0.18253968253968256
ForThisReference:0.18253968253968256
