MapService:0.3566666666666667
TxBackupLog:0.29
TransactionManagerServiceImpl:0.2733333333333333
QueueService:0.22466666666666668
TransactionQueueTest:0.2
TransactionImpl:0.2
CollectionService:0.19416666666666665
ReplicateTxOperation:0.17777777777777778
TransactionalService:0.013333333333333334
