ConcordancesEditor:0.44333333333333336
InitializeKnowledgeRepository:0.3433333333333333
TypedValue:0.3433333333333333
KnowledgeRepository:0.3333333333333333
AnnotationManager:0.31333333333333335
CQPAnnotationManager:0.23
TypedValuePK:0.2272222222222222
AnnotationLookUp:0.17333333333333334
LocalKnowledgeRepository:0.11333333333333333
Test:0.05333333333333334
TestCQP:0.05333333333333334
