TestDecayPolicies:0.53
TestUpdaters:0.3566666666666667
BackPropMLPTest:0.35333333333333333
