LookaheadEventInfo:0.5066666666666667
ProfilingATNSimulator:0.41333333333333333
