MPLSModuleScene:0.47333333333333333
ChildrenViewScene:0.4266666666666667
SDHModuleScene:0.36333333333333334
TopologyViewScene:0.3466666666666667
EndToEndViewScene:0.18666666666666668
