NestedDeleteAnalysis:0.4266666666666667
TransportSQLActionTest:0.42
Planner:0.24333333333333335
ESDeleteByQueryTask:0.24333333333333335
DeleteAnalysis:0.23333333333333334
ESDeleteTask:0.17
DeleteAnalyzerTest:0.16
TransportSQLAction:0.11
DeleteStatementAnalyzer:0.10916666666666666
