AWT:0.5422222222222222
ComponentTestFixtureTest:0.3333333333333333
BugsTest:0.29333333333333333
Bugs:0.26666666666666666
ComponentBrowserTest:0.20777777777777778
KeyWatcher:0.056666666666666664
