ScopeTest:0.5866666666666667
AllTests:0.29333333333333333
