GarmanKlassAbstract:0.49666666666666665
LocalVolatilityEstimator:0.3624999999999999
GarmanKlassOpenClose:0.14333333333333334
