Domain:0.5983333333333334
EmailVerifierRegistrationHandler:0.38666666666666666
ConcurrencyHandler:0.2816666666666667
