RedissonLiveObjectService:0.37666666666666665
Customer:0.19666666666666666
RedissonLiveObjectServiceTest:0.18333333333333332
RedissonObjectFactory:0.17333333333333334
ClassUtils:0.13333333333333333
Order:0.062222222222222213
