GridTab:0.5
Env:0.38333333333333336
CDialog:0.24666666666666667
CTable:0.22
APanel:0.21666666666666667
XendraPLAF:0.20333333333333334
VTable:0.2
ExtendedTheme:0.19420634920634922
CColumnControlButton:0.11666666666666667
Setup:0.11666666666666667
CTableMouseListener:0.10777777777777776
VTableExcelAdapter:0.034166666666666665
ColumnAttributes:0.023888888888888887
createDesktop:0.0033333333333333335
