AppletGL10:0.36333333333333334
AppletMusic:0.31
AppletGraphics:0.30666666666666664
AppletFiles:0.27777777777777773
AppletFileHandle:0.2633333333333333
AppletSound:0.21
AppletGL11:0.16
AppletApplication:0.07333333333333333
