GwtViewHelper:0.5033333333333333
WorkflowProcessUtils:0.44
AbstractEntryProcessor:0.2866666666666667
ModifyEntryController:0.18
