Appender:0.5033333333333333
ForBeanProperty:0.29
ForInstrumentedTypeHierarchy:0.26666666666666666
StackManipulation:0.215
SpecialMethodInvocation:0.17666666666666667
ParameterBinding:0.14
Getter:0.043333333333333335
Setter:0.043333333333333335
Lookup:0.023333333333333334
