FieldLocator:0.8366666666666667
FieldBinderTest:0.29333333333333333
