AtmosphereResourceSessionFactory:0.5415119047619047
DefaultAtmosphereObjectFactory:0.5366666666666666
AtmosphereConfig:0.21666666666666667
AtmosphereFramework:0.21640079365079365
DefaultAtmosphereResourceSessionFactory:0.16
