StringUtil:0.6233333333333333
ArraysUtilTest:0.41
StringUtilTest:0.2833333333333333
