AdminModule:0.61
WorkAreaOperation:0.3383333333333333
AbstractAdminModule:0.33666666666666667
AjaxController:0.32666666666666666
AbstractZoneModule:0.27666666666666667
AccessControlManagerImpl:0.25666666666666665
AccessControlController:0.24611111111111114
