Coordinates:0.4
Complaint:0.28
Treatment:0.274
SimulationConfig:0.25666666666666665
MedicalManager:0.22333333333333333
UnitManager:0.19361111111111112
Mars:0.18066666666666667
SurfaceFeatures:0.15444444444444444
MedicalConfig:0.08
LandmarkConfig:0.043333333333333335
