HttpClientMetrics:0.34
WebSocketImplBase:0.32
ServerConnection:0.32
NetSocketImpl:0.32
HttpClientRequestImpl:0.30666666666666664
NetServerImpl:0.2833333333333333
ConnectionBase:0.25333333333333335
DatagramSocketImpl:0.22666666666666666
DummyDatagramMetrics:0.22333333333333333
DummyVertxMetrics:0.21
HttpClientResponseImpl:0.20666666666666667
NetClientImpl:0.17666666666666667
DummyHttpClientMetrics:0.17333333333333334
DummyHttpServerMetrics:0.17333333333333334
ClientConnection:0.12333333333333334
HttpServerMetrics:0.10666666666666667
DummyTCPMetrics:0.10666666666666667
DatagramSocketMetrics:0.03
