ExceptionHandlerUtil:0.32
ATHROWCREATOR:0.31333333333333335
Worker:0.2966666666666667
HandlerInfo:0.29333333333333333
JclassSym:0.285
JmethodSym:0.2783333333333333
Invocation:0.27666666666666667
BackupAlg:0.2633333333333333
ACATCHHANDLER:0.24333333333333335
ATHROWHANDLER:0.21333333333333335
INVOKESTATIC:0.17222222222222225
INVOKESPECIAL:0.17222222222222225
