Result:0.8733333333333333
jOOQAbstractTest:0.39
ResultImpl:0.32
FormatTests:0.2866666666666667
