ImageIcon:0.525
PrintTask:0.32666666666666666
Dimension2d:0.21
File:0.19833333333333333
TreeViewPrinter:0.18333333333333332
Preview:0.17666666666666667
TableViewPrinter:0.16333333333333333
Settings:0.13666666666666666
