MoleculeCandidateFactory:0.5766666666666667
GAStructureElucidationJob:0.57
MoleculeMutation:0.1988888888888889
