XMLObjectAttribute:0.5566666666666666
WidgetFactory:0.5566666666666666
XMLObject:0.5266666666666666
ARINCComUtils:0.52
XMLMapSource:0.49666666666666665
ServerXMLObjectAttribute:0.4866666666666667
XMLWidget:0.4666666666666667
Message:0.45
ServerExtension:0.41305555555555556
Decoder:0.4
WidgetMessage:0.36
ARINCModelFactory:0.33666666666666667
Parameter:0.33
ServerXMLWidget:0.3233333333333333
AbstractWidgetFactory:0.27666666666666667
AbstractDFHandler:0.27
WidgetsRefHandler:0.25
WidgetListener:0.24666666666666667
AbstractARINCDecoder:0.23333333333333334
BinaryDFHandler:0.22777777777777777
BasicClientEngine:0.22666666666666666
ServerWidgetsHandler:0.21666666666666667
ClientMessageConstructor:0.21666666666666667
ARINClientWidgetFactory:0.21333333333333335
EditorWidgetTableConstructor:0.21333333333333335
AbstractBinaryDFHandler:0.21333333333333335
ServerXMLDFHandler:0.21166666666666667
DefaultXMLExporter:0.21
AbstractWidgetRefHandler:0.21
WidgetTableConstructor:0.20333333333333334
ARINCDefinition:0.20333333333333334
MessagePanel:0.2
GUIUtilities:0.2
MessagePanelFactory:0.19666666666666666
TreeEditorCopyHelper:0.19
ProtocolInputDecoder:0.19
ClientXMLDFHandler:0.18833333333333332
DefaultARINCUtils:0.18333333333333332
TreeEditorHelper:0.18333333333333332
AbstractServerEngine:0.18
ARINCBufferFormat:0.17666666666666667
ClientBinaryDFHandler:0.17666666666666667
DefaultBinaryDFDecoder:0.17666666666666667
StatefullAPIImpl:0.17666666666666667
DefaultBinaryExporter:0.17333333333333334
BufferFormatTablePanel:0.17
WidgetDefaultsHandler:0.16666666666666666
PropertyPanelFactory:0.16666666666666666
MapsPanel:0.16666666666666666
ServerBinaryDFHandler:0.165
ClientWidgetsRefHandler:0.15333333333333332
MapSource:0.15333333333333332
WidgetEvent:0.15333333333333332
DefaultBufferOfItemsConverter:0.15
ClientWidgetPanel:0.13
ExtensionTest:0.12666666666666668
AbstractWidgetFactoryTest:0.12666666666666668
AbstractEditorListener:0.11753968253968256
ScenarioMessageProcessor:0.10333333333333333
ServerXMLExtension:0.06111111111111111
AbstractExtension:0.023333333333333334
LegendAlignExtension:0.0
CursorEventsExtension:0.0
ChildIndexExtension:0.0
