PerforceRepository:0.5833333333333334
HistoryGuru:0.49
PerforceHistoryParser:0.35
PerforceChecker:0.21666666666666667
