Burster:0.45666666666666667
Exploder:0.43666666666666665
TestSimpleExploder:0.36666666666666664
Helpers:0.25422222222222224
