LineStringBuilder:0.49666666666666665
BasePolygonBuilder:0.3333333333333333
Edge:0.30333333333333334
PolygonBuilder:0.2733333333333333
ShapeBuilderTests:0.24333333333333335
BaseLineStringBuilder:0.22
RandomShapeGenerator:0.21666666666666667
GeoFilterIT:0.18
GeoShapeQueryTests:0.17666666666666667
MultiPolygonBuilder:0.16333333333333333
MultiLineStringBuilder:0.13
GeometryCollectionBuilder:0.09666666666666666
