UserService:0.46777777777777774
GroupService:0.46777777777777774
GroupServiceStub:0.31
UserServiceStub:0.31
GaapServiceFault:0.22333333333333333
GaapServicesClient:0.15833333333333333
