ServletDefinitionPathsTest:0.8166666666666667
ServletPipelineRequestDispatcherTest:0.33
ServletDefinitionTest:0.17666666666666667
