Csw:0.6983333333333334
MetadataSchema:0.5833333333333334
DataManager:0.38
SchemaLoader:0.32666666666666666
