Fam:0.4866666666666667
PropertyComparator:0.31666666666666665
CHILComparator:0.30666666666666664
