InternalPartitionServiceImpl:0.6566666666666666
InternalPartitionImpl:0.18
InternalPartitionServiceImplTest:0.15666666666666668
TestPartitionListener:0.14564814814814814
