Input:0.6866666666666666
AndroidInput:0.24666666666666667
LwjglInput:0.24333333333333335
JglfwInput:0.24333333333333335
GwtApplication:0.24
IOSInput:0.21666666666666667
LwjglAWTInput:0.21666666666666667
InputWrapper:0.21666666666666667
MockInput:0.21666666666666667
GwtInput:0.21
RemoteInput:0.17111111111111113
EventTrigger:0.14
