JadxDecompiler:0.66
IntegrationTest:0.34
ConvertToClsSet:0.15666666666666668
JadxVisitorsOrderTest:0.14333333333333334
