JDBCReverseEngineeringStrategy:0.46
PostgresDialect:0.46
AbstractDialectTestCase:0.29333333333333333
ReverseEngineeringTest:0.21333333333333335
