NodeFactory:0.5866666666666667
NodeProvider:0.49666666666666665
ExtractMethodPage:0.2633333333333333
InsertMethodEditProvider:0.20666666666666667
SelectionNodeProvider:0.19
DelegateMethodEditProvider:0.16666666666666666
ExtractedMethodCall:0.15333333333333332
PreviewGeneratorImpl:0.15
