CmpConfiguration:0.6
UnidFnrHandler:0.32
StressTest:0.28833333333333333
MyStorage:0.15411111111111112
ExtendedUserDataHandler:0.13214285714285712
CrmfMessageHandler:0.11666666666666667
