Enhancer:0.47
TestEnhancer:0.3566666666666667
CallbackInfo:0.2733333333333333
AbstractClassGenerator:0.27
EnhancerFactoryKey:0.24940873015873027
ClassLoaderData:0.18333333333333332
Source:0.15792063492063488
EnhancerFactoryData:0.01888888888888889
