Utils:0.6766666666666666
SchemaMapping:0.31666666666666665
AbstractPackageDefinition:0.21666666666666667
DefaultDomainDefinition:0.21666666666666667
SchemaImpl:0.21666666666666667
DefaultUniqueKeyDefinition:0.21666666666666667
DefaultEnumDefinition:0.21666666666666667
DefaultForeignKeyDefinition:0.21666666666666667
AbstractRoutineDefinition:0.20666666666666667
AbstractElementContainerDefinition:0.16666666666666666
DefaultCheckConstraintDefinition:0.15666666666666668
DefaultArrayDefinition:0.14
