HtmlTreeBuilder:0.56
DataUtil:0.26
LeafNode:0.25333333333333335
Tokeniser:0.23833333333333334
XmlTreeBuilder:0.23
XmlTreeBuilderTest:0.22
DataUtilTest:0.20666666666666667
BomCharset:0.20333333333333334
HtmlParserTest:0.15
ConnectTest:0.14333333333333334
TextNodeTest:0.06666666666666667
TokeniserTest:0.023333333333333334
