IPBondDescriptor:0.6333333333333333
IPBondDescriptorTest:0.5633333333333334
