CtrlParser:0.5033333333333333
CtrlChecker:0.47
CtrlHelper:0.4066666666666667
CtrlTree:0.37666666666666665
CtrlBuilder:0.36
CtrlVar:0.3194444444444445
CtrlLexer:0.28
Namespace:0.2633333333333333
CtrlFactory:0.24
DFA12:0.20333333333333334
FormatException:0.1577777777777778
SymbolTable:0.11333333333333333
Scope:0.10666666666666667
par_decl_return:0.01
par_list_return:0.01
priority_return:0.0025
