ComputationGraph:0.6066666666666667
LayerVertex:0.41333333333333333
BidirectionalTest:0.34
