SearchAllObjects:0.57
SearchAllLucene:0.21133333333333332
SearchAllGenes:0.11766666666666666
SearchAllAlleles:0.11766666666666666
SearchAllArticles:0.11766666666666666
SearchAllTerms:0.11766666666666666
SearchAllLoci:0.11766666666666666
SearchAllPubSourceAlias:0.09
SearchAllPhenotypes:0.09
SearchAllGermplasms:0.09
SearchAllPubSource:0.09
