DocumentEditor:0.4166666666666667
LogAreaOutputStream:0.2708333333333333
NodeRenderer:0.27
CorefListRenderer:0.16333333333333333
LogArea:0.15
ParameterValueEditor:0.14333333333333334
SerialAnalyserController:0.13
SaveToAction:0.11333333333333333
Handler:0.09722222222222221
CorefListModel:0.09333333333333334
SwingWriter:0.006666666666666667
