HTMLConfiguration:0.36666666666666664
DefaultFilter:0.33
HTMLScanner:0.30333333333333334
HTMLTagBalancer:0.21
