WriterOutputStream:0.56
WriterOutputStreamTest:0.33666666666666667
XmlSafetyUtils:0.2866666666666667
TestUtils:0.23
