ListFolderHelper:0.37333333333333335
FolderEntry:0.3466666666666667
AjaxController:0.3433333333333333
BinderHelper:0.33133333333333337
WorkspaceTreeHelper:0.2966666666666667
Workspace:0.25333333333333335
Folder:0.24666666666666667
TrashHelper:0.2063968253968254
WebKeys:0.18555555555555558
WorkspaceTreeController:0.11333333333333333
ListFolderController:0.07916666666666666
