TODSessionImpl:0.5388888888888889
DefaultJVMHandler:0.37
RequestQueueManager:0.3566666666666667
DefaultBreakpointHandler:0.15333333333333332
TODSessionFactory:0.11
JVMEventManager:0.043333333333333335
