ArrayMerger:0.29
ListMerger:0.14666666666666667
SetMerger:0.14666666666666667
MapMerger:0.14333333333333334
