StreamInsertDataCommand:0.31
StreamSQLDataCommand:0.31
StreamCreateDataCommand:0.31
StreamUpdateDataCommand:0.31
StreamDeleteDataCommand:0.31
IStreamDataCommand:0.2434285714285714
CsvExtractor:0.24333333333333335
StreamReloadDataCommand:0.19333333333333333
StreamConfigDataCommand:0.04
