VisualMap:0.6
Attributes:0.5333333333333333
StateGraphPanel:0.2625
LTSJEdge:0.22666666666666666
LTSJVertex:0.21333333333333335
GraphJModel:0.21333333333333335
AbstractJCell:0.21
AspectJGraph:0.18666666666666668
