StringWrapper:0.59
TreeEditorCopyHelper:0.32666666666666666
ARINCComplexString:0.26666666666666666
