Http2Codec:0.72
HeadersTest:0.39666666666666667
HttpOverHttp2Test:0.18533333333333335
