SimpleExitStatusExceptionClassifierTests:0.9027777777777777
SimpleExitStatusExceptionClassifier:0.5133333333333333
