ClientOptions:0.4633333333333333
MapControls:0.42333333333333334
MapViewer:0.39666666666666667
ClassicMapControls:0.30666666666666664
MapControlsAction:0.26
CornerMapControls:0.16333333333333333
