PartialPiChargeDescriptor:0.4066666666666667
GasteigerMarsiliPartialCharges:0.38
PartialPiChargeDescriptorTest:0.29333333333333333
GasteigerPEPEPartialCharges:0.27
