FunctionInfo:0.5133333333333333
TestFunctionRegistry:0.24666666666666667
FunctionListBuilder:0.22833333333333333
Visitor:0.22
MaxBy:0.17888888888888888
CountColumn:0.17888888888888888
