Ring:0.5033333333333333
CoverageTest:0.355
DebugRing:0.33666666666666667
