ExecutionStats:0.5533333333333333
SqlTaskExecution:0.41
TaskOutput:0.35333333333333333
SqlTaskManager:0.29
ServerMainModule:0.14666666666666667
MockTaskManager:0.13666666666666666
TestAlignmentOperator:0.12333333333333334
TestRecordProjectOperator:0.12333333333333334
