ComputationGraph:0.6066666666666667
GraphVertex:0.4033333333333333
MergeNode:0.26
GradientCheckTestsComputationGraph:0.11
