FakeHttpLayer:0.8366666666666667
ShadowDefaultRequestDirector:0.4633333333333333
DefaultRequestDirectorTest:0.16
