ToeThread:0.4266666666666667
CrawlController:0.36333333333333334
Processor:0.2866666666666667
XMLConfig:0.21333333333333335
