Edge:0.34
Link:0.30666666666666664
SuffixTree:0.27
SuffixTrie:0.25777777777777783
TriePrinter:0.20666666666666667
DataStructures:0.18666666666666668
