Setting:0.62
SingleSetting:0.5933333333333334
GrooveFileChooser:0.49666666666666665
UserSettings:0.2966666666666667
MultiSetting:0.11416666666666662
Key:0.07166666666666667
Values:0.03333333333333333
Preference:0.03
FuncSetting:0.0
LocationSetting:0.0
SizeSetting:0.0
