Element:0.5266666666666666
PlaybackInputStream:0.36333333333333334
HTMLScanner:0.32
HTMLTagBalancer:0.31333333333333335
HTMLConfiguration:0.27
ContentScanner:0.19555555555555554
