JPF_gov_nasa_jpf_complexcoverage_Debug:0.9766666666666667
GenericTestSuiteListener:0.27666666666666667
ReduceTestSuiteByMCDC:0.07666666666666666
MeasureTestSuiteByMCDC:0.07666666666666666
