Edge:0.46
Model:0.4066666666666667
GraphEltSet:0.4
Node:0.38666666666666666
NBEdge:0.36333333333333334
EdgeDataset:0.3616666666666667
Polymer:0.3541666666666667
Group:0.3416666666666667
JnetManager:0.32
EdgeView:0.2888888888888889
EdgeDataSetMetaData:0.2834523809523809
StatusManager:0.28
DoubleValue:0.27226190476190476
FileDialog:0.2633333333333333
EdgeFilterState:0.24976190476190477
Chain:0.23642857142857143
NBNode:0.2330952380952381
GraphData:0.22333333333333333
NodeView:0.22142857142857145
StatusEvent:0.21666666666666667
AttrValueRangeSet:0.2105952380952381
StatLis:0.1975
EdgeTypeMetaData:0.19476190476190477
NodeConnection:0.1930952380952381
ModelLoader:0.18666666666666668
NodeInfoJdbc:0.13833333333333334
EdgeInfoJdbc:0.09333333333333334
MidPtCache:0.09
Orientation:0.04
