SWTTestCaseDumpTest:0.6066666666666667
ArgumentParser:0.4666666666666667
