SafetyAutomaton:0.5666666666666667
Visitor:0.5533333333333333
MinimallyAdequateTeacher:0.5533333333333333
SETLearner:0.37
UIInspector:0.2833333333333333
Candidate:0.2733333333333333
SCInspector:0.19666666666666666
ModularTeacher:0.17
TransitionsParser:0.1475
TestInput:0.13333333333333333
TestSafetyAutomaton:0.09666666666666666
FSM:0.09333333333333334
SafetyListener:0.085
TestOutputFailing:0.08
TestOutput:0.056666666666666664
Environment:0.05
MemoizeTable:0.04
RunCV:0.017666666666666664
PropertyTEST1:0.006666666666666667
MethodInvocation:0.0
WEnumeration:0.0
SETException:0.0
