BondType:0.5922222222222222
BondLengthRegistry:0.37666666666666665
