Commandline:0.5366666666666666
CommandExecutor:0.2733333333333333
PVCSTest:0.27
P4:0.24666666666666667
ClearCaseViewstrapper:0.18666666666666668
CVSBootstrapper:0.17666666666666667
VssBootstrapper:0.15666666666666668
SVNBootstrapper:0.15666666666666668
P4Bootstrapper:0.15666666666666668
SnapshotCMBootstrapper:0.13666666666666666
PlasticSCMBootstrapper:0.13333333333333333
TFSBootstrapper:0.12666666666666668
GitBootstrapper:0.12666666666666668
ClearCaseBootstrapper:0.11333333333333333
CommandExecutorTest:0.10666666666666667
MercurialBootstrapper:0.10333333333333333
