Value:0.9038888888888887
RuntimeService:0.11333333333333333
