SoftCryptoToken:0.6566666666666666
CaTestUtils:0.39666666666666667
CryptoTokenTestUtils:0.3433333333333333
