Console:0.63
Shell:0.32
ConsolePlugin:0.3
DefaultShell:0.11333333333333333
ConsoleToolBar:0.11
ConsoleOptionPane:0.07333333333333333
ErrorMatcherDialog:0.06666666666666667
ErrorMatcher:0.025833333333333333
