ConsentDecision:0.8416666666666667
DefaultConsentDecisionBuilder:0.27
DefaultConsentEngine:0.20333333333333334
ConsentEngine:0.15888888888888889
DefaultConsentDecisionBuilderTests:0.15
CasRegisteredServicesTestConfiguration:0.13666666666666666
AbstractConsentAction:0.12666666666666668
ConfirmConsentAction:0.12666666666666668
