Office:0.6666666666666666
View:0.4266666666666667
OfficeKey:0.33
OfficeValue:0.29333333333333333
OfficeData:0.27666666666666667
OfficeCMP:0.25
OfficeBean:0.21
IOffice:0.2
OfficesTest:0.17
