MongoCollectionImpl:0.53
SingleChannelMongoClient:0.44333333333333336
GetLastErrorCommand:0.44333333333333336
