XMLConfigBuilderTest:0.4166666666666667
XmlClientConfigBuilder:0.38
XmlConfigBuilder:0.31
XmlClientConfigBuilderTest:0.18333333333333332
