HttpServerImpl:0.47
NetServerImpl:0.44333333333333336
AsyncResolveBindConnectHelper:0.25666666666666665
