JPPFUuid:0.48
JPPFJob:0.44666666666666666
JPPFPriorityQueue:0.24666666666666667
TestScheduledExecutor:0.21666666666666667
AbstractObjectPoolImpl:0.19
AbstractObjectPoolQueue:0.19
DirectBufferPoolQueue:0.15666666666666668
DirectBufferPoolImpl:0.15333333333333332
JMXMPServer:0.12666666666666668
JMXServerImpl:0.12666666666666668
