TextField:0.6611111111111111
BaseTableLayout:0.5533333333333333
