SyntenyPanel:0.5866666666666667
EvidencePanelContainer:0.37666666666666665
