InputTest:0.3933333333333333
OnscreenKeyboardTest:0.34
InputMultiplexer:0.24333333333333335
