AnnotationEditor:0.44333333333333336
TransactionXMLAdapter:0.42
Transaction:0.38
ChadoTransactionTransformer:0.27
GAMEAdapter:0.26666666666666666
GAMESave:0.23166666666666666
