AbstractAction:0.7609999999999999
StatefulActionProxy:0.46166666666666667
