AbstractContactsTests:0.8466666666666667
ClientApplication:0.6833333333333333
