AbstractTestQueries:0.5633333333333334
Rewriter:0.3233333333333333
ChannelSet:0.273
HashSemiJoinOperator:0.24666666666666667
TestPredicatePushdown:0.23666666666666666
