TestUtils:0.7566666666666667
TicketGrantingTicketImpl:0.2866666666666667
TicketGrantingTicketImplTests:0.24666666666666667
