DateFieldMapperTests:0.2
ScaledFloatFieldMapperTests:0.2
NumberFieldMapperTests:0.2
NumberFieldType:0.195
IpFieldMapper:0.193
DateFieldMapper:0.1766666666666667
GeoShapeFieldMapper:0.1766666666666667
ScaledFloatFieldMapper:0.1766666666666667
GeoPointFieldMapper:0.17
IpFieldMapperTests:0.12666666666666668
