Window:0.65
HTMLSelectElement:0.33666666666666667
HTMLOptionsCollection:0.3244444444444444
HTMLOptionElement:0.3233333333333333
HtmlOptionTest:0.056666666666666664
HTMLOptionElementTest:0.03666666666666667
