GuavaCache:0.7166666666666667
ReferenceTest:0.44666666666666666
CacheGenerator:0.32111111111111107
