LdapTemplateLookupOpenLdapITest:0.4533333333333333
LdapTemplateLookupITest:0.42300000000000004
