Extent:0.49666666666666665
ExtentsStrategy:0.48
FeatureType:0.3333333333333333
Add:0.33
Get:0.3
Info:0.023333333333333334
