JglfwGraphics:0.5633333333333334
JglfwInput:0.5266666666666666
JglfwApplication:0.39666666666666667
JglfwApplicationConfiguration:0.2585555555555555
