ConfigurationHelper:0.6066666666666667
Bc_databasePlugin:0.3845
DatabaseManager:0.3566666666666667
