HeartbeatHandler:0.42
WrappedChannelHandler:0.35
ChannelHandlers:0.2866666666666667
ConnectionOrderedChannelHandler:0.16666666666666666
AllChannelHandler:0.16
MessageOnlyChannelHandler:0.15333333333333332
ExecutionChannelHandler:0.13333333333333333
