Utils:0.33
RequestBuilderTest:0.3
Response:0.2733333333333333
RetrofitTest:0.24333333333333335
RequestBuilder:0.17333333333333334
DefaultCallAdapterFactory:0.13333333333333333
DefaultCallAdapterFactoryTest:0.13
OkHttpCall:0.12666666666666668
Retrofit:0.10666666666666667
OkHttpResponseBodyConverter:0.10333333333333333
EmptyCall:0.02666666666666667
