SelectedCountToolbar:0.5
ShoppingCartOverviewAdapter:0.4266666666666667
ShoppingCartOverviewFragment:0.25666666666666665
ShoppingCartOverviewPresenter:0.20666666666666667
