Grammar:0.4166666666666667
Tool:0.3333333333333333
ErrorManager:0.2866666666666667
ErrorQueue:0.25333333333333335
BasicSemanticChecks:0.19333333333333333
Utils:0.04
ErrorState:0.0
