InfinispanRegionFactory:0.43666666666666665
TombstoneTest:0.36
VersionedTest:0.31
CollectionRegionAccessStrategyTest:0.26
PutFromLoadValidatorUnitTest:0.25666666666666665
BaseRegion:0.17666666666666667
InfinispanRegionFactoryTestCase:0.16666666666666666
TestInfinispanRegionFactory:0.15444444444444444
BaseTransactionalDataRegion:0.14
BaseGeneralDataRegion:0.13333333333333333
QueryResultsRegionImpl:0.12333333333333334
AbstractNonInvalidationTest:0.11166666666666666
ClusteredTimestampsRegionImpl:0.09666666666666666
TimestampsRegionImpl:0.05
EntityRegionImpl:0.043333333333333335
CollectionRegionImpl:0.043333333333333335
NaturalIdRegionImpl:0.01
