ShadowPackageManagerTest:0.5683333333333334
ShadowOpenGLMatrixTest:0.34
AndroidManifestTest:0.24
StringResourcesTest:0.20333333333333334
AndroidInterceptorsTest:0.16
