HtmlResetInput:0.6066666666666667
HtmlImageInput:0.5333333333333333
HtmlSubmitInput:0.5333333333333333
HtmlSubmitInputTest:0.27
HtmlImageInputTest:0.14666666666666667
HtmlResetInputTest:0.06333333333333334
