ExplorerRoverDisplayInfoBean:0.5333333333333333
TransportRoverDisplayInfoBean:0.5333333333333333
RoverDisplayInfoBean:0.16666666666666666
