TestActionTranslation:0.4
Rule:0.32666666666666666
ActionTranslator:0.23666666666666666
Tool:0.20666666666666667
ActionSplitterListener:0.2
BlankActionSplitterListener:0.2
AttributeChecks:0.2
ArgRef:0.18083333333333335
GrammarTransformPipeline:0.18
