PointSymbolizer:0.31333333333333335
LineSymbolizer:0.2866666666666667
PolygonSymbolizer:0.18416666666666667
GraphicStyleEvent:0.17
GraphicStyleListener:0.07611111111111112
