BlockCursor:0.5133333333333333
ValueCursor:0.2733333333333333
AbstractTestUncompressedLongBlockCursor:0.27
FilteredValueCursor:0.22333333333333333
BlockCursorAssertions:0.19666666666666666
UncompressedLongBlockCursor:0.19333333333333333
UncompressedBlockCursor:0.19333333333333333
DictionaryEncodedBlockCursor:0.19333333333333333
UncompressedSliceBlockCursor:0.19333333333333333
RunLengthEncodedBlockCursor:0.18
AbstractTestUncompressedSliceBlockCursor:0.16666666666666666
AbstractTestUncompressedBlockCursor:0.14
ConsolePrinter:0.09
