Decoder:0.79
RedisPubSubConnection:0.38333333333333336
RedisCommand:0.33666666666666667
RedisClient:0.2866666666666667
RedisEncoder:0.2833333333333333
RedisData:0.24
RedisConnection:0.17
RedisDecoder:0.16666666666666666
StringCodec:0.13
PubSubStatusDecoder:0.09
BooleanReplayConvertor:0.09
StringReplayDecoder:0.056666666666666664
RedisCommands:0.03
