AbstractRecordStore:0.31
AbstractEvictableRecordStore:0.29
AbstractRecord:0.28
TestFullApplicationContext:0.26666666666666666
ExpirationTimeTest:0.2633333333333333
LocalMapStatsTest:0.25333333333333335
BasicMapTest:0.21333333333333335
MapConfigTest:0.19666666666666666
ExpirationTimeSetter:0.19666666666666666
