AuthorizationField:0.6533333333333333
PublicKeyEC:0.31333333333333335
TestDatafields:0.27
