AnnotationActionValidatorManagerTest:0.4819444444444444
CompositeTextProviderTest:0.41333333333333333
RepopulateConversionErrorFieldValidatorSupportTest:0.26
AppendingValidatorContextTest:0.25666666666666665
