TransportDeleteMappingAction:0.44
DeleteByQueryRequest:0.30666666666666664
IndicesReplicationOperationRequest:0.25666666666666665
FlushRequest:0.22666666666666666
RefreshRequest:0.20666666666666667
