SpinnerDemo:0.47833333333333333
ToggleButtonDemo:0.4066666666666667
RadioButtonDemo:0.285
