StoreScpService:0.37
AbstractScpService:0.3333333333333333
StoreScp:0.3
QueryRetrieveScpService:0.2633333333333333
MoveTask:0.24333333333333335
