EjbcaWebBean:0.37
StringTools:0.3566666666666667
EjbcaWS:0.29333333333333333
TransactionLogger:0.24333333333333335
StringToolsTest:0.19
OCSPServlet:0.17
