MockAmazonS3:0.47
S3BlobStoreContainerTests:0.4033333333333333
S3BlobStoreTests:0.2833333333333333
