DaoHibernate:0.5566666666666666
DetachmentContextHolder:0.5063888888888889
ValidationManagerImpl:0.26942063492063495
