VertxNetHandler:0.43333333333333335
ClientConnection:0.36666666666666664
ServerConnection:0.33666666666666667
VertxHandler:0.19916666666666666
VertxHttpHandler:0.19666666666666666
DatagramServerHandler:0.13
ServerHandler:0.11333333333333333
ClientHandler:0.10666666666666667
ServerHandleWithWebSockets:0.03666666666666667
