Model:0.74
SubjectArea:0.24666666666666667
TableCell:0.21
CellViewFactory:0.19333333333333333
MyRenderer:0.18
HandTool:0.17666666666666667
ERDesignerGraph:0.10666666666666667
ERDesignerGrapgModelListener:0.08333333333333333
SubjectAreaCell:0.07666666666666666
SubjectAreaCellView:0.03666666666666667
SubjectAreaList:0.0
ERDesignerBundle:0.0
