Pinger:0.53
PingResponseCallback:0.3453333333333334
PingRequest:0.29333333333333333
PingTest:0.17666666666666667
IcmpPlugin:0.13666666666666666
MultiIcmpMonitor:0.11666666666666667
IcmpMonitor:0.10666666666666667
SinglePingResponseCallback:0.029444444444444447
ParallelPingResponseCallback:0.026111111111111113
