CtrlTree:0.64
CtrlBuildTest:0.5033333333333333
CtrlLoader:0.31
CtrlTester:0.2966666666666667
