FeaturePanel:0.7566666666666667
StrandedScrollableFeaturePanel:0.4266666666666667
ApolloFrame:0.25666666666666665
GFFFile:0.21000000000000002
FileAction:0.03666666666666667
