KBClass:0.8438888888888889
KBProperty:0.8044444444444445
KBPropertyImpl:0.49
KnowledgeBase:0.26
KBObjectPropertyImpl:0.21333333333333335
KBClassImpl:0.09333333333333334
KBDatatypePropertyImpl:0.06666666666666667
