AbstractLog:0.47333333333333333
Log4JLogger:0.38333333333333336
JdkLogger:0.36333333333333334
SystemLog:0.24
