DriveGroundVehicle:0.565
CollectResourcesMission:0.24333333333333335
Exploration:0.24
CollectIce:0.21333333333333335
