Compression:0.6978333333333331
TarFileOutputStream:0.47333333333333333
TarGenerator:0.27
TarReader:0.25666666666666665
TarFileInputStream:0.24666666666666667
