Main:0.6433333333333333
RepRapBuild:0.48333333333333334
PrintTabFrame:0.38666666666666666
