Robot:0.72
RobotTest:0.25333333333333335
TestHierarchyTest:0.23
EventRecorderTest:0.23
NamedTimerTest:0.21833333333333332
ComponentRecorderTest:0.21666666666666667
BugsTest:0.2
AppClassLoaderTest:0.17
TextFieldTest:0.17
RobotVerifier:0.12333333333333334
