Net:0.17833333333333334
IOSNet:0.16
AndroidNet:0.16
HttpRequest:0.15666666666666668
GwtNet:0.15333333333333332
LwjglNet:0.15333333333333332
