AndroidFileHandle:0.72
AndroidFiles:0.30666666666666664
AndroidAudio:0.26666666666666666
AndroidTestStarter:0.15666666666666668
