LayerRef:0.6233333333333333
ServerLayer:0.44333333333333336
AbstractBehavior:0.33
ServerDevices:0.3233333333333333
CachedPainter:0.3062777777777778
RawBufferClient:0.3062777777777778
SwingZoomManager:0.28488888888888897
TestUtilities:0.2833333333333333
ARINCPopUpMenuButton:0.27666666666666667
ARINCPopUpPanelButton:0.27666666666666667
Synth2LookAndFeel:0.2766111111111111
AbstractServerCockpit:0.27
WriterEventQueue:0.26
Selector:0.2432777777777778
RenderingLayerImpl:0.20333333333333334
SwingRendererBridge:0.20083333333333334
ARINCCheckButton:0.2
SwingHalos:0.19994444444444445
ReaderEventQueue:0.19666666666666666
SwingServerWindow:0.19333333333333333
SwingServerGraphicsConfigHandler:0.19333333333333333
ARINCSlider:0.19
AbstractServerEngine:0.18333333333333332
AbstractInteractiveContainer:0.18
ARINCCursorOver:0.18
SynthMultiLineLabelUI:0.17333333333333334
ARINCCursorOverlay:0.16333333333333333
AbstractServerWindow:0.16
ServerInteractiveWidget:0.14111111111111113
SwingDevices:0.13444444444444445
Script:0.12
OptionsPanel:0.1
