EditorMarqueeHandler:0.6372222222222222
RemovePointAction:0.32666666666666666
AddPointAction:0.32666666666666666
