ConfigurationException:0.45
ConfigurationFactory:0.37333333333333335
ConfigurationFactoryTest:0.23333333333333334
CachingAuthenticator:0.205
ConfigurationExceptionTest:0.16333333333333333
