DropSequenceImpl:0.503611111111111
AlterSequenceImpl:0.4866666666666667
CreateSequenceImpl:0.44
