NodeService:0.45
INodeService:0.3466666666666667
NodeServiceSqlMap:0.30666666666666664
MockNodeService:0.29333333333333333
