GwtServerHelper:0.6066666666666667
GwtRpcServiceImpl:0.47
ActivityStreamInfo:0.30666666666666664
TreeDisplayVertical:0.2733333333333333
