XmlDocumentHandler:0.6266666666666667
StreamingCharFactory:0.29133333333333333
ConfigXmlHandler:0.22666666666666666
CreoleXmlHandler:0.22333333333333333
XmlPositionCorrectionHandler:0.20666666666666667
XmlDocumentFormat:0.17333333333333334
TestAnnotationDiff:0.13166666666666665
SgmlDocumentFormat:0.11666666666666667
