FileDataSource:0.6433333333333333
MoveTask:0.4
MoveScpService:0.33666666666666667
