CounterObjects:0.53
AbstractObjectModel:0.38333333333333336
AddNameFileWizardPage:0.2733333333333333
CompoundObjectModel:0.26666666666666666
ReactionObjectModel:0.26666666666666666
