Script:0.57
ScriptEditor:0.46
ArgumentParser:0.3288888888888889
ScriptTestSuite:0.26
JTextComponentTesterTest:0.22333333333333333
JTextComponentTester:0.16666666666666666
ScriptTestCollector:0.15333333333333332
JComponentTesterTest:0.10444444444444445
JComponentTester:0.019444444444444445
