Reset:0.5583333333333333
SendAccountInstructionsAction:0.2966666666666667
PasswordManagementConfiguration:0.25
PasswordChangeAction:0.23333333333333334
TicketProperties:0.19
