AuthenticationCredentialsLocalBinder:0.46
AuthenticationBuilder:0.3566666666666667
UnauthorizedAuthenticationException:0.2
AuthenticationException:0.15666666666666668
SamlIdPProperties:0.14666666666666667
CasAuthenticationPolicyFailureEvent:0.04666666666666667
CasAuthenticationTransactionFailureEvent:0.03666666666666667
Any:0.03333333333333333
PrincipalException:0.0
