CLOUD_S3:0.5910000000000001
S3RepositoryPlugin:0.44
InternalAwsS3Service:0.3933333333333333
