KXmlSerializer:0.47333333333333333
Element:0.4533333333333333
KXmlParser:0.3233333333333333
Document:0.16333333333333333
Wbxml:0.10555555555555556
WbxmlSerializer:0.08333333333333333
WbxmlParser:0.06666666666666667
