IOSApplication:0.5533333333333333
FreeTypeFontGenerator:0.49
IOSAudio:0.35
GlyphAndBitmap:0.04
IOSApplicationConfiguration:0.011111111111111112
