MDLRXNReader:0.5133333333333333
MDLRXNWriter:0.45
MDLRXNWriterTest:0.37333333333333335
MDLRXNReaderTest:0.27666666666666667
