SWDownloadCandidate:0.5766666666666667
SWDownloadFile:0.5066666666666667
SWDownloadWorker:0.2891666666666667
SwarmingManager:0.2833333333333333
