ExternalRepository:0.6461507936507936
HistoryGuru:0.30666666666666664
MercurialRepository:0.2733333333333333
SubversionRepository:0.2733333333333333
Indexer:0.16444444444444445
