MainDesktopPane:0.6133333333333333
MainWindow:0.5766666666666667
ToolToolBar:0.35333333333333333
MainWindowMenu:0.30333333333333334
