SystemTestBase:0.48333333333333334
ServiceParser:0.31
MasterParser:0.26666666666666666
AgentParser:0.26666666666666666
