EjbcaWebBean:0.4633333333333333
EjbcaJSFHelper:0.32666666666666666
EjbcaWS:0.31
NotificationParamGen:0.2833333333333333
CAAdminSessionBean:0.2733333333333333
KRSSResponseGenerator:0.24666666666666667
CertificateFinderBean:0.24666666666666667
SigningEntityContainer:0.24666666666666667
CrmfRAPbeMultipleKeyIdRequestTest:0.24666666666666667
ProtectedLogSessionBean:0.21333333333333335
CardCertReqServlet:0.19
RenewServlet:0.14333333333333334
GetCRLServlet:0.10333333333333333
RAAuthorization:0.09666666666666666
