DBCursor:0.45
DBTCPConnector:0.44333333333333336
QueryOpBuilder:0.2866666666666667
SecondaryReadPreference:0.28300000000000003
TaggableReadPreference:0.22333333333333333
NearestReadPreference:0.21666666666666667
ReplicaSet:0.21
PrimaryPreferredReadPreference:0.19
SecondaryPreferredReadPreference:0.19
TaggedReadPreference:0.11666666666666667
