GreenLabPropertyFileReader:0.61
DoubleNumberField:0.6
IntegerNumberField:0.44333333333333336
GreenLabConstComboBox:0.23666666666666666
GreenLabGrowthSinkPanel:0.20333333333333334
GreenLabTopologyPanel:0.18
GreenLabGeometryPanel:0.14
GreenLabGrowthSourcePanel:0.09
GreenLabTooltipPanel:0.06666666666666667
