DocumentFormat:0.4533333333333333
XmlDocumentFormat:0.24611111111111114
Sgml2Xml:0.22666666666666666
SgmlDocumentFormat:0.21944444444444447
MyCustomObject:0.19833333333333333
HtmlDocumentFormat:0.19444444444444445
TestHtml:0.18944444444444444
TestSgml:0.18444444444444444
TestXml:0.18444444444444444
HtmlDocumentHandler:0.17333333333333334
