UploadManager:0.59
ServiceManager:0.5666666666666667
ChatManager:0.4533333333333333
UploadState:0.38333333333333336
ChatEngine:0.21333333333333335
MsgQueryResponse:0.19
UploadEngine:0.18
UploadFilesTableModel:0.18
Environment:0.16666666666666666
JobsRunner:0.16666666666666666
ShareTab:0.14666666666666667
ChatToHostAction:0.14666666666666667
PushWorker:0.12
StatusBar:0.12
ChatReadWorker:0.11666666666666667
ChatFrameManager:0.11666666666666667
IncomingConnectionDispatcher:0.07333333333333333
