MatrixUtil:0.688888888888889
BaseMultiLayerNetwork:0.43333333333333335
MnistDataFetcher:0.30666666666666664
