BeanFactory:0.81
Term_Graph:0.37666666666666665
TermBeanImpl:0.3753333333333333
