PointLight:0.3433333333333333
LightManager:0.31
StillModelViewerGL20:0.2966666666666667
PrototypeRendererGL20:0.25666666666666665
StillModelInstance:0.2491666666666667
HybridLightTest:0.17333333333333334
