AbstractCasWebflowEventResolver:0.7491111111111112
PrincipalAttributeMultifactorAuthenticationPolicyEventResolver:0.3222222222222222
