Process:0.44666666666666666
Token:0.36333333333333334
ExecutionContext:0.23333333333333334
WfProcess:0.23
FormulaActionHandler:0.20333333333333334
JpdlXmlReader:0.19666666666666666
HTMLUtils:0.18333333333333332
ErrorDetailsAction:0.17
Timer:0.16666666666666666
HtmlValue:0.15
ShowHistoryTag:0.14
ProcessFactory:0.13333333333333333
AlfHandlerData:0.11666666666666667
ProcessGraphElementPresentationVisitor:0.11666666666666667
ScriptTask:0.10666666666666667
ReceiveMessageLog:0.10333333333333333
SendMessageLog:0.10333333333333333
VariableContainerNode:0.04
