AbstractStep:0.5583333333333333
ItemOrientedStep:0.4533333333333333
JobRepositoryStub:0.33
