BestDocsDeferringCollector:0.39666666666666667
BestBucketsDeferringCollector:0.32666666666666666
ProfilingLeafBucketCollector:0.16666666666666666
AggregationProfilerIT:0.08
