SWDownloadFile:0.4633333333333333
RatedDownloadScopeList:0.42333333333333334
DownloadScopeList:0.36333333333333334
RandomScopeSelectionStrategy:0.05
