DecodedBitStreamParser:0.6533333333333333
DecodedBitStreamParserTestCase:0.4666666666666667
QRCodeBlackBox2TestCase:0.23
