GraphModMine:0.9066666666666666
ModMineAdapter:0.4666666666666667
