Redisson:0.6033333333333334
RedissonClient:0.38333333333333336
RedissonSetMultiMapTest:0.26666666666666666
RedissonMultiMapIterator:0.20333333333333334
BaseTest:0.13
RedissonMultiMapKeysIterator:0.07
