Attribute:0.39666666666666667
Model:0.3566666666666667
TableEditor:0.3566666666666667
IconFactory:0.24916666666666668
BaseEditor:0.2
ModelItemVector:0.18666666666666668
ERDesignerBundle:0.03
