TitledBoxRenderer:0.4533333333333333
ScrollRenderer:0.2866666666666667
Configuration:0.23333333333333334
ImageRenderer:0.22333333333333333
