RevokedCertInfo:0.6172222222222223
LocalCertificateStoreSessionBean:0.36
CertificateDataBean:0.2966666666666667
TestCertificateRetrival:0.2833333333333333
