ChooseSynsetPanel:0.6933333333333334
NLGLexiconVR:0.6366666666666667
