ConnectionEntry:0.7066666666666667
CommandExecutorService:0.5183333333333333
ConnectionPool:0.4666666666666667
