MyNodeListener:0.8533333333333334
MyTask:0.023333333333333334
