RubyElement:0.4633333333333333
RubyClass:0.44666666666666666
RubyScript:0.31
RubyMethod:0.25
RubyRequires:0.16413167388167385
RubyModule:0.13333333333333333
ParseException:0.07333333333333333
RubyBlock:0.04666666666666667
RubyInstanceVariable:0.0033333333333333335
RubyBegin:0.0
RubyFor:0.0
RubyUnless:0.0
RubyCase:0.0
RubyUntil:0.0
RubyIf:0.0
RubyWhile:0.0
RubyGlobal:0.0
RubyClassVariable:0.0
