Renderer2DModel:0.6233333333333333
Java2DRenderer:0.31
InsertTextPanel:0.2966666666666667
TransformingDrawVisitor:0.2783333333333333
IntermediateRenderer:0.25666666666666665
SelectModule:0.20333333333333334
ShapeSelection:0.11333333333333333
ChangeModeAction:0.09333333333333334
SelectionGenerator:0.08666666666666667
PathElement:0.07333333333333333
LassoSelection:0.03333333333333333
RectangleSelection:0.03333333333333333
