DataManager:0.7482777777777778
EditLib:0.4352777777777778
