LuminanceSource:0.45
BinaryBitmap:0.23666666666666666
BufferedImageLuminanceSource:0.21666666666666667
