CrawlURI:0.48333333333333334
ProcessedCrawlURIRecord:0.28650000000000003
Scope:0.25083333333333335
HttpRecorder:0.25
Frontier:0.24583333333333332
ReplayInputStream:0.22333333333333333
RecordingInputStream:0.19666666666666666
StatisticsTracker:0.19
ARCWriter:0.18666666666666668
RecordingOutputStream:0.17666666666666667
FetcherHTTPSimple:0.08
UriProcessingFormatter:0.0
