VocabWord:0.4633333333333333
TextPipelineTest:0.34
SequenceElement:0.32666666666666666
TextPipeline:0.29333333333333333
WordsListToVocabWordsFunction:0.14
Sequence:0.105
