LocalAttributeMap:0.8566666666666667
LocalParameterMap:0.43333333333333335
CollectionUtils:0.03
