XSLTag:0.6566666666666666
XSLTagTest:0.38666666666666666
