DocumentMetadata:0.59
DocumentContainerCanvas:0.38333333333333336
XUAService:0.31666666666666665
AuthenticationContext:0.25333333333333335
DocumentRemoteServiceImpl:0.18
DocViewServlet:0.17333333333333334
PatientConsentCanvas:0.06416666666666666
PatientContainerCanvas:0.06333333333333334
PatientConsent:0.04416666666666667
