GatewayAllocator:0.23
DelayedShardsMockGatewayAllocator:0.16333333333333333
NoopGatewayAllocator:0.16333333333333333
