MockJournalRecoveryLog:0.5033333333333333
TestLockingFollowingJournalReader:0.38666666666666666
