Filler:0.4766666666666667
Option:0.45
PreferenceConsole:0.27666666666666667
PreferenceMgmtService:0.27
