AggregationBuilder:0.34833333333333333
PipelineAggregationHelperTests:0.3466666666666667
SearchSourceBuilder:0.3
NaNSortingIT:0.29
SearchRequestBuilder:0.25333333333333335
AggregationBuilders:0.24666666666666667
MovAvgIT:0.22
SerialDiffIT:0.14666666666666667
