Filters:0.5233333333333333
OperatorFilter:0.4255555555555555
