BaseInputComponent:0.5183333333333333
DatepickerRenderer:0.37666666666666665
Library:0.21638888888888885
