MessageDialogWindow:0.7766666666666666
BusinessEntityManagerImpl:0.37666666666666665
AbstractTooledComponent:0.18333333333333332
TempBusinessRulesEngine:0.14333333333333334
GoogleMapWrapper:0.14
SaveViewDialog:0.12
DeleteWindow:0.12
CleanViewWindow:0.12
DeleteInventoryObjectWindows:0.12
DeleteListTypeWindows:0.12
DeleteListTypeAction:0.09333333333333334
DeleteInventoryObjectAction:0.09333333333333334
ShowObjectIdWindows:0.08333333333333333
