ClientMapProxy:0.43666666666666665
DelegatingFuture:0.3477777777777778
MapRemoveAsyncMessageTask:0.19666666666666666
MapPutAllMessageTask:0.17666666666666667
MapEvictMessageTask:0.17
MapGetEntryViewMessageTask:0.15
MapReplaceIfSameMessageTask:0.13
MapDeleteMessageTask:0.13
MapSetMessageTask:0.13
MapTryPutMessageTask:0.13
MapContainsKeyMessageTask:0.13
MapTryRemoveMessageTask:0.13
