BucketBean:0.5116666666666667
MediaUtils:0.3433333333333333
BucketAdapter:0.24333333333333335
MediaGridAdapter:0.15
MediaPreviewAdapter:0.14333333333333334
UniversalImageLoader:0.1162777777777778
AbsImageLoader:0.1162777777777778
FrescoImageLoader:0.1162777777777778
GlideImageLoader:0.1162777777777778
PicassoImageLoader:0.11
