PermissionFactory:0.7716666666666666
PermissionFactoryTest:0.31666666666666665
