ChannelRouterContext:0.59
RouterService:0.31
SimpleRouterContext:0.2633333333333333
RouterServiceTest:0.26
AbstractDataToRouteReader:0.23333333333333334
DataRefRouteReader:0.07666666666666666
DataGapRouteReader:0.05333333333333334
DataToRouteReaderFactory:0.03333333333333333
