ReportModule:0.63
User:0.4533333333333333
AbstractAdminModule:0.3466666666666667
ReportModuleImpl:0.33666666666666667
Group:0.3
ProfileDaoImpl:0.2733333333333333
UserPrincipal:0.21333333333333335
ManageQuotasController:0.15666666666666668
ReportDownloadController:0.12666666666666668
ObjectKeys:0.11333333333333333
