Preferences:0.6566666666666666
SpooledFileTransformerPDF:0.36
AbstractSpooledFileTransformer:0.3433333333333333
PageSize:0.31333333333333335
ISphereSpooledFiles:0.24
Messages:0.19026984126984126
PageMargins:0.08777777777777777
