XmlFlowBuilder:0.8966666666666666
XmlFlowBuilderTests:0.31333333333333335
