DefaultSDIApplication:0.4666666666666667
DefaultOSXApplication:0.4666666666666667
DefaultApplicationModel:0.43
UltraMini:0.26
