ShaderProgram:0.52
AssetManager:0.2966666666666667
Basic3DTest:0.24
AssetLoadingTask:0.2327777777777778
ModelLoader:0.23
SuperJumper:0.14333333333333334
BuildTarget:0.12777777777777777
LwjglDebugStarter:0.12666666666666668
VertexAttributes:0.12
