ParamWrapper:0.8119444444444444
ApiParamWrapper:0.5166666666666667
ApiImplicitParamWrapper:0.4716666666666667
AnnotationsHelper:0.37333333333333335
ParameterProcessor:0.26
