AptanaRDTPlugin:0.94
DynamicVariableAliasesLocal:0.4033333333333333
LintOptions:0.30333333333333334
RubyRedLint:0.27666666666666667
