IDbPlatform:0.5366666666666666
JdbcSqlConnection:0.33
JdbcDbPlatformFactory:0.31666666666666665
JdbcModelReader:0.28833333333333333
SqlDataWriter:0.2569444444444445
DataMapper:0.19333333333333333
SqlTableDataReader:0.17833333333333334
H2DbPlatform:0.15333333333333332
TableCopy:0.15
AbstractJdbcDbPlatform:0.15
H2TriggerBuilder:0.13666666666666666
TableCopyTest:0.09666666666666666
JdbcPlatformTest:0.08333333333333333
SqlTableDataReaderTest:0.013333333333333334
AbstractDatabaseTest:0.0
