AntBuilder:0.7166666666666667
AsyncKiller:0.14666666666666667
AntBuilderTest:0.12333333333333334
