FormNode:0.57
ValidatorWizard:0.4444444444444445
XmlUtil:0.2966666666666667
OpenVisualFormEditorDelegate:0.24666666666666667
OpenFormValidationDelegate:0.16
