ConsentDecision:0.82
ConsentProperties:0.3333333333333333
DefaultConsentEngine:0.31666666666666665
AbstractConsentAction:0.22666666666666666
JpaConsentRepository:0.19333333333333333
CasConsentCoreConfiguration:0.12
Rest:0.0
