TestPlan:0.61
Launcher:0.4033333333333333
LauncherTests:0.2966666666666667
