Date:0.7666666666666667
OneAssetOption:0.29
YieldTermStructure:0.2788888888888889
SimpleQuote:0.2511111111111111
Instrument:0.22
InterestRate:0.19722222222222222
EquityOptions:0.17
DayCountersTest:0.15666666666666668
EuropeanOptionTest:0.15666666666666668
OneAssetStrikedOption:0.11666666666666667
