Musician:0.67
TestFollowMode:0.16666666666666666
RmiTest:0.16666666666666666
TestSVN:0.15333333333333332
TestHandleContacts:0.15
TestEditDuringInvitation:0.15
TestBasicSarosElements:0.13333333333333333
TestShareProject3Users:0.13
TestShare3UsersConcurrently:0.125
TestShareProject:0.11333333333333333
