SearchItem:0.6333333333333333
Search:0.4877777777777777
Record:0.47711904761904766
SingularRecord:0.3333333333333333
MultipleRecord:0.22666666666666666
Edge2MultipleRecord:0.16666666666666666
NodeTypeMultipleRecord:0.12
DummyRecord:0.08
VarEdgeMultipleRecord:0.06666666666666667
NodeRecord:0.04
RegExprEdgeMultipleRecord:0.03666666666666667
WildcardEdgeRecord:0.0025
