SoapHeader:0.54
AxiomSoap12MessageFactoryTest:0.2833333333333333
SaajImplementation:0.27166666666666667
AbstractSoapHeaderTestCase:0.25333333333333335
Saaj13Implementation:0.23666666666666666
Saaj11Implementation:0.18666666666666668
Saaj12Implementation:0.18666666666666668
AxiomSoapHeader:0.1375
SaajSoapHeader:0.1375
