PropertyIsLike:0.30333333333333334
PropertyIsBetween:0.19
Function:0.043333333333333335
BinaryExpression:0.043333333333333335
SortBy:0.043333333333333335
BinaryComparisonOperator:0.043333333333333335
FeatureId:0.0
PropertyName:0.0
Not:0.0
PropertyIsNull:0.0
Literal:0.0
BinaryLogicOperator:0.0
