DataValueBytesMarshallers:0.42722222222222217
JSR166TestCase:0.39666666666666667
StatelessChronicleMap:0.39055555555555554
