NameTable:0.5566666666666666
FunctionizerTest:0.42333333333333334
SignatureGenerator:0.37
FunctionDeclaration:0.36666666666666664
TypeImplementationGenerator:0.25666666666666665
Functionizer:0.23
SignatureGeneratorTest:0.02666666666666667
