Aligner:0.6666666666666666
Harvester:0.6666666666666666
