GeneParsedListener:0.41333333333333333
GeneSaxReader:0.4033333333333333
GeneBeanTest:0.36333333333333334
AlleleBeanTest:0.22666666666666666
AnnotationBeanTest:0.20333333333333334
PubMedSaxHandler:0.15666666666666668
GeneSaxReaderTest:0.14
AddAnnotationTest:0.14
LocusBeanTest:0.11
UpdateHistoryTest:0.10666666666666667
UnannotatedLocusStrategyTest:0.09
BulkLoadGenes:0.006666666666666667
