GenericGF:0.39666666666666667
Detector:0.3233333333333333
Decoder:0.26
WhiteRectangleDetector:0.1836111111111111
CommandLineRunner:0.17361111111111113
AztecReader:0.13333333333333333
