NotifyBuilderUtil:0.66
DefaultEmailFormatter:0.4972222222222222
EnterExitEvent:0.20666666666666667
