Search:0.36777777777777776
LuceneSearcher:0.30333333333333334
MetadataLib:0.29
MainUtil:0.15666666666666668
Delete:0.14
