XmlConfigBuilder:0.46
SpringXmlConfigBuilder:0.36333333333333334
SpringXmlBuilderHelper:0.35333333333333333
IterableNodeList:0.35333333333333333
XmlClientConfigBuilder:0.2866666666666667
AbstractConfigBuilder:0.27
NodeHolder:0.25666666666666665
IterableNodeListTest:0.22666666666666666
AbstractXmlConfigHelper:0.22
QueryCacheConfigBuilderHelper:0.22
SpringXmlBuilder:0.13666666666666666
MyServiceConfigParser:0.09333333333333334
