RedissonRemoteService:0.77
RRemoteService:0.6866666666666666
RedissonRemoteServiceTest:0.11666666666666667
