Manager:0.7466666666666667
Environment:0.39666666666666667
HostManager:0.3566666666666667
QueryManager:0.34031746031746035
NetworkManager:0.3333333333333333
BandwidthManager:0.316984126984127
SwarmingManager:0.30666666666666664
MsgManager:0.25081746031746033
UploadManager:0.23026190476190475
ChatManager:0.22476190476190477
PhexSecurityManager:0.20142857142857143
ShareManager:0.1780952380952381
StatisticsManager:0.1630952380952381
Main:0.14
