SecurityNamespaceHandler:0.36333333333333334
JaasAuthenticationProvider:0.21666666666666667
CasAuthenticationProvider:0.20333333333333334
LdapAuthenticationProvider:0.2
DaoAuthenticationProvider:0.19
SiteminderAuthenticationProvider:0.16333333333333333
RemoteAuthenticationProvider:0.16333333333333333
X509AuthenticationProvider:0.15666666666666668
RememberMeAuthenticationProvider:0.15666666666666668
RunAsImplAuthenticationProvider:0.15666666666666668
AuthByAdapterProvider:0.15666666666666668
AnonymousAuthenticationProvider:0.15666666666666668
