WebKeys:0.5910000000000001
AjaxController:0.36666666666666664
ListFolderController:0.23666666666666666
