EventServiceImpl:0.5166666666666667
NodeEngineImpl:0.47
EventPacketProcessor:0.37333333333333335
CompletableFutureTask:0.25333333333333335
SendTask:0.05333333333333334
