Record:0.58
CMap:0.30666666666666664
ConcurrentMapManager:0.25605555555555554
BaseManager:0.24333333333333335
ListenerManager:0.23
