BuildingManager:0.6533333333333333
ThermalGeneration:0.43
PowerGrid:0.2966666666666667
PowerStorage:0.27
PreferenceTableModel:0.19666666666666666
HeatTableModel:0.15
PowerTableModel:0.14333333333333334
