Cfg:0.6066666666666667
LibraryTab:0.53
NetworkManager:0.4066666666666667
BrowserLauncher:0.27
MouseHandler:0.25666666666666665
BandwidthPane:0.22333333333333333
ShareFolderAction:0.21666666666666667
ShareFolderRecursiveAction:0.20666666666666667
ViewOptionsAction:0.13666666666666666
RescanSharedFilesAction:0.13666666666666666
OutgoingConnectionDispatcher:0.12333333333333334
ViewBitziTicketAction:0.08333333333333333
OnlineObserver:0.08333333333333333
NLoggerNames:0.06
OpenFileAction:0.03333333333333333
ExportAction:0.03
RescanAction:0.02
