DisseminationService:0.51
DefaultAccess:0.3
TestXACMLPolicies:0.25
DefaultManagement:0.24111111111111114
BatchModifyParser:0.2305
TestCommandLineUtilities:0.20916666666666667
PolicyFinderModule:0.20666666666666667
ResourceAttributeFinderModule:0.19333333333333333
SimpleDOReader:0.19333333333333333
ListMethodsServlet:0.18949999999999997
FedoraAccessServlet:0.18283333333333332
TestAPIM:0.16333333333333333
