FileModule:0.7705555555555555
FileModuleImpl:0.38666666666666666
WebHelper:0.3433333333333333
