Lock:0.6333333333333333
CMap:0.49333333333333335
ProxyHelper:0.39666666666666667
Request:0.37333333333333335
IMap:0.29678571428571426
AddressPicker:0.28777777777777774
MProxyImpl:0.27666666666666667
ReplicatedMap:0.2733333333333333
QueueClientProxy:0.2633333333333333
Node:0.24333333333333335
QueryOperationHandler:0.23666666666666666
LockClientProxy:0.19
MultiMapClientProxy:0.17666666666666667
ConcurrentMapManager:0.17333333333333334
EvictOperationHandler:0.15666666666666668
GetOperationHandler:0.15666666666666668
UnlockOperationHandler:0.15
MapClientProxy:0.14333333333333334
StoreAwareOperationHandler:0.11333333333333333
ClusterTest:0.08
MLockMap:0.06666666666666667
LockMapOperationHandler:0.006666666666666667
