FormulaChecker:0.6566666666666666
PredicateExistsAlways:0.22583333333333333
FunctionExistenceChecker:0.07611111111111112
PredicateExistenceChecker:0.07611111111111112
FormulaBasicErrors:0.011111111111111112
