StatementClient:0.4766666666666667
JdbcResultSet:0.4633333333333333
StatusPrinter:0.25666666666666665
ExecuteResource:0.2
TestDistributedQueries:0.18333333333333332
ResultsPageIterator:0.17133333333333334
OutputHandler:0.15
