ClusterStateUpdateTask:0.5133333333333333
ZenDiscovery:0.45
UpdateTask:0.25833333333333336
RoutingService:0.17
RejoinClusterRequestHandler:0.16000000000000003
TransportClusterUpdateSettingsAction:0.12
ClusterStateNonMasterUpdateTask:0.10666666666666667
ProcessedClusterStateNonMasterUpdateTask:0.06333333333333334
