Contract:0.49
VarRef:0.24666666666666667
Operand:0.16666666666666666
PostCond:0.13833333333333334
ContractVerifier:0.13
SimpleContract:0.11
EmptyContract:0.07666666666666666
ContractAnd:0.05
Interval:0.05
Functor:0.03666666666666667
ContractOr:0.0033333333333333335
