AbstractSynthGPRenderer:0.9761111111111113
SynthLineUI:0.5733333333333334
