DAS2AdapterGUI:0.49666666666666665
DAS2Adapter:0.4033333333333333
SimpleDASAdapter:0.30333333333333334
SimpleDASSegment:0.28
DAS2FeatureSaxParser:0.27666666666666667
SimpleDASServer:0.18666666666666668
ServerListener:0.1841666666666667
HistoryListener:0.12777777777777777
