CMLExtractor:0.4766666666666667
RSS20FeedEntry:0.3
Atom03FeedEntry:0.3
RSS10FeedEntry:0.3
NamespaceExtractor:0.20666666666666667
