XMLAttribute:0.5961111111111111
RotationContainerRenderer:0.43833333333333335
