GwtShareItem:0.37666666666666665
GwtTeamingMessages:0.3422222222222222
GwtShareHelper:0.29333333333333333
GwtViewHelper:0.21333333333333335
ShareThisDlg:0.20666666666666667
ShareRightsPopupMenu:0.20666666666666667
ShareRightsWidget:0.11555555555555558
