SamlServletContextListener:0.41333333333333333
SamlAuthenticationRequestTests:0.38
AbstractOpenSamlTests:0.18666666666666668
