Mining:0.7383333333333333
BuildingConstructionMission:0.6576666666666667
