UserExt:0.7111111111111111
UserProcessor:0.3566666666666667
Filler:0.25
Pointtransfer:0.16333333333333333
PointtransferQueryService:0.12333333333333334
ActivityMgmtService:0.10666666666666667
