Config:0.65
MadvocConfig:0.4066666666666667
RequestScopeInjector:0.36333333333333334
ServletConfigInterceptor:0.27666666666666667
ServletContextScopeInjector:0.16666666666666666
