SurfaceFeatures:0.48
OrbitInfo:0.3566666666666667
GlobeDisplay:0.31333333333333335
MonitorWindow:0.28
UnitWindow:0.20666666666666667
