MetaProperty:0.7233333333333334
GrammerParser:0.23866666666666664
