EnumConstantDeclaration:0.42
SuperMethodReference:0.33
TreeConverter:0.30333333333333334
DebugASTPrinter:0.27666666666666667
DebugASTDump:0.2625
EnumRewriter:0.17333333333333334
