CheckUtil:0.36333333333333334
Task:0.35
DbEntity:0.31333333333333335
DbUtil:0.2866666666666667
DListener:0.26
AriaManager:0.23333333333333334
MySchedulerListener:0.2227777777777778
AMTarget:0.21666666666666667
SingleTaskActivity:0.21333333333333335
SingleThreadTask:0.19666666666666666
AMReceiver:0.19111111111111112
