BaseJdbcClient:0.5966666666666667
MySqlClient:0.2966666666666667
SqlServerClient:0.15333333333333332
PostgreSqlClient:0.15333333333333332
TestingDatabase:0.15
RedshiftClient:0.15
TestingH2JdbcModule:0.11
