ModuleManager:0.7966666666666666
ForwardToOriginalURIBaseAction:0.3233333333333333
