DistributorDirectory:0.44
Lucene:0.42333333333333334
LenientParser:0.27325396825396825
MockDirectoryHelper:0.21666666666666667
LuceneManagedDirectoryService:0.19333333333333333
DistributorDirectoryTest:0.17666666666666667
AsyncBroadcastAction:0.15666666666666668
