ReflectAdviceListenerAdapter:0.45666666666666667
ReflectAdviceTracingListenerAdapter:0.43333333333333335
Tracing:0.3433333333333333
TraceCommand:0.21
TObject:0.14666666666666667
TTree:0.11333333333333333
