XContent:0.6633333333333333
XContentHelper:0.41
JsonXContentGenerator:0.25
GeoShapeQueryBuilder:0.21333333333333335
PercolateQueryBuilder:0.21
PutIndexTemplateRequest:0.19666666666666666
CreateIndexRequest:0.19666666666666666
RemoteRequestBuilders:0.16
BlobStoreFormat:0.11333333333333333
TransportGetTaskAction:0.11333333333333333
