MEF2Exporter:0.7752777777777778
MEFExporter:0.20905555555555555
