SubnetNode:0.3566666666666667
IPAMModuleTopComponent:0.3433333333333333
RelateSubnetToVFRAction:0.28
RelateSubnetToVlanAction:0.28
SubnetPoolNode:0.27
ReleaseEndPointFromIPAddresAction:0.25
PoolNativeTypeProperty:0.24777777777777782
AddIPAddressFrame:0.24222222222222223
ReleaseSubnetFromVlanAction:0.24133333333333334
ReleaseSubnetFromVFRAction:0.24133333333333334
CreateSubnetAction:0.24
CreateSubnetFrame:0.23666666666666666
DeleteSubnetPoolAction:0.22666666666666666
GeneralProperty:0.21333333333333335
SubnetChildren:0.21333333333333335
ReleaseEndPointFromInterface:0.21333333333333335
DeleteSubnetAction:0.20333333333333334
RelateVFRToVlanAction:0.2
ReleaseVFRFromVlanAction:0.19
InterfaceFrame:0.19
ReleaseGenericPortFromInterfaceAction:0.19
ReleaseIPFromBDIInterfaceAction:0.19
CreateSubnetPoolAction:0.19
IPAddressNode:0.18
IpamSubnetRootPoolChildren:0.18
AddIPAddressAction:0.17833333333333334
BDIsInterfaceFrame:0.14666666666666667
RelateGenericNetworkElementToInterface:0.14666666666666667
RelateEndPointToInterfaceAction:0.14666666666666667
RelateEndPointToIPAddressAction:0.14333333333333334
BtnConnectActionListener:0.14
RelateIPToBDIInterfaceAction:0.12666666666666668
IPAMModuleService:0.11333333333333333
