EditorProcessor:0.6797222222222223
TreeProcessor:0.44527777777777783
