TopologyData:0.6966666666666667
StatsHandler:0.39
ConnectionStatusListener:0.28444444444444444
NodeDataPanelManager:0.25666666666666665
