AbstractBasicContentEditor:0.5366666666666666
AbstractBasicContent:0.5133333333333333
ContentNode:0.45
AbstractBasicContentEditorResult:0.3233333333333333
ShopContentEditor:0.31333333333333335
StoreContentEditor:0.2125
ContentGroupEditor:0.16333333333333333
FilterContentEditor:0.15666666666666668
FileContentEditor:0.14333333333333334
URLContentEditor:0.13666666666666666
CMSContentEditor:0.13666666666666666
AbstractBasicContentEditorConfig:0.11166666666666666
