Transport:0.49666666666666665
JournalEntry:0.43
JournalWriter:0.4166666666666667
JournalEntryContext:0.41
RmiJournalReceiverInterface:0.395
MulticastJournalWriter:0.39
RmiJournalReceiver:0.38666666666666666
JournalHelper:0.3566666666666667
ParameterHelper:0.3333333333333333
JournalConsumer:0.29
TestJournalRoundTrip:0.2866666666666667
JournalReader:0.28
TransportRequest:0.27051984126984113
JournalInputFile:0.26666666666666666
PasswordCipher:0.2633333333333333
TestParameterHelper:0.26
JournalRecoveryLog:0.24333333333333335
TestRmiTransport:0.24
MockRmiJournalReceiver:0.23666666666666666
MultiFileJournalHelper:0.23333333333333334
Journaller:0.22833333333333333
MockTransport:0.22
TestMulticastJournalWriterInitializations:0.21666666666666667
MockServerForJournalTesting:0.21333333333333335
JournalCreator:0.21333333333333335
JournalOutputFile:0.21
BindingMapXmlReader:0.21
TestPasswordCipher:0.21
SampleJournalFile1:0.2063968253968254
CreatorJournalEntry:0.20333333333333334
TestRmiJournalReceiver:0.2
DecodingBase64OutputStream:0.19666666666666666
BindingMapXmlWriter:0.19666666666666666
ContextXmlWriter:0.19333333333333333
TestLockingFollowingJournalReader:0.18666666666666668
RmiTransport:0.18666666666666668
ContextXmlReader:0.18333333333333332
TestContextXmlWriterAndReader:0.18333333333333332
FileMovingUtil:0.17833333333333334
TestRmiTransportWriter:0.17333333333333334
TestLocalDirectoryTransport:0.17333333333333334
MockMulticastJournalWriter:0.17
EncodingBase64InputStream:0.16833333333333333
UnbufferedJournalRecoveryLog:0.16666666666666666
JournalFileFilter:0.16333333333333333
SingleFileJournalReader:0.16
CloseFileTimerTask:0.15833333333333333
RenamingJournalRecoveryLog:0.14333333333333334
TestMulticastJournalWriterOperation:0.13666666666666666
MultiFileJournalWriter:0.13333333333333333
CloseFileRequest:0.13051984126984129
ShutdownRequest:0.13051984126984129
SingleFileJournalWriter:0.11666666666666667
RmiJournalReceiverHelper:0.10730555555555558
MultiFileJournalReader:0.10666666666666667
MockJournalWriter:0.10333333333333333
JournalConsumerThread:0.10333333333333333
MockJournalReader:0.10333333333333333
BufferedJournalRecoveryLog:0.09
AllUnitTests:0.0775
WriteEntryRequest:0.07333333333333333
RmiTransportWriter:0.07
JournalConstants:0.07
OpenFileRequest:0.06666666666666667
RmiJournalReceiverArguments:0.056666666666666664
TransportOutputFile:0.05333333333333334
JournalEntrySizeEstimator:0.05333333333333334
LockingFollowingJournalReader:0.05
SampleJournalEntries:0.043333333333333335
MockJournalRecoveryLog:0.041666666666666664
AllIntegrationTests:0.03
LocalDirectoryTransport:0.02777777777777778
TestJournalEntrySizeEstimator:0.02666666666666667
MultiFileFollowingJournalReader:0.0225
FilenameComparator:0.01
TransportParent:0.006666666666666667
AbstractJournalTester:0.0033333333333333335
MultiFileJournalConstants:0.0
