NBNode:0.51
GraphEltSet:0.44
GOBrowser:0.34
DataReader:0.2833333333333333
XMLio:0.23333333333333334
StatLis:0.013055555555555556
