LdapShaPasswordEncoder:0.33
ProtectPointcutPostProcessor:0.20666666666666667
AclFormattingUtils:0.1988888888888889
PasswordEncoderParser:0.19
Md4PasswordEncoder:0.18333333333333332
BankServiceImpl:0.065
