Params:0.560484126984127
Elem:0.560484126984127
Create:0.37666666666666665
Update:0.25666666666666665
GetEditableData:0.17
