Beans:0.36666666666666664
DefaultServicesManagerImpl:0.32
LdapUtils:0.31
DefaultServicesManagerImplTests:0.23666666666666666
GoogleAuthenticatorAuthenticationHandler:0.18666666666666668
IdPInitiatedProfileHandlerController:0.15
SamlIdPMetadataUIAction:0.15
