View:0.7633333333333333
ModuleTestBase:0.4666666666666667
ServiceExpensesTest:0.17333333333333334
DescriptionsListTag:0.16
