X509CA:0.5966666666666667
CrlDistributionPoints:0.3433333333333333
TestCertificateExtensionManager:0.04666666666666667
