QueryHistoryMonitorTableModel:0.6233333333333333
DebugPane:0.18666666666666668
