Workbench:0.7366666666666667
ReportPlugin:0.26666666666666666
EditPlugin:0.26666666666666666
