MDesktopManager:0.6233333333333333
CalendarWidget:0.3566666666666667
SecurityDialog:0.30666666666666664
