ObjectPlusFilesOutputStream:0.44
ObjectPlusFilesInputStream:0.43333333333333335
Checkpoint:0.42333333333333334
CheckpointContext:0.2
