FlowExecutionManager:0.6466666666666666
FlowExecutionManagerImpl:0.6366666666666667
FlowExecutionManagerTests:0.22333333333333333
JsfFlowExecutionManager:0.20666666666666667
FlowController:0.19666666666666666
FlowActionTests:0.15333333333333332
FlowControllerTests:0.14
FlowExecutionManagerParameterExtractor:0.11166666666666666
FlowAction:0.09666666666666666
ParameterizedFlowControllerHelper:0.07666666666666666
