MouseHandler:0.5266666666666666
SearchTab:0.49666666666666665
