FieldDataValueSource:0.5366666666666666
ExpressionScriptEngineService:0.37666666666666665
ExpressionScriptTests:0.23
