RestReindexAction:0.5933333333333334
ReindexRestIT:0.3
RestUpdateByQueryAction:0.2866666666666667
