Options:0.6416031746031746
ResourceDisplay:0.6366666666666667
