InternalOperationService:0.6952777777777778
BasicOperationService:0.6166666666666667
IsStillExecutingOperation:0.24666666666666667
TraceableIsStillExecutingOperation:0.23
InvokeOnPartitions:0.22666666666666666
