Corpora:0.6433333333333333
TxmUser:0.58
NavigationTree:0.3333333333333333
AuthenticationService:0.3272804232804233
AuthenticationServiceAsync:0.27051984126984113
CorpusActionServiceImpl:0.2633333333333333
SessionManager:0.18333333333333332
HelloServiceImpl:0.09666666666666666
LoginForm:0.08
Services:0.054444444444444455
CRUD:0.05333333333333334
SideNavTree:0.05222222222222222
NavigationServiceImpl:0.04666666666666667
TxmActions:0.03333333333333333
AuthenticationServiceImpl:0.026555555555555554
TxmLoginModule:0.01
LoginModule:0.006666666666666667
DisplayPermission:0.0
