SPORule:0.54
RuleMatch:0.38
CompositeEvent:0.35
SearchPlanStrategy:0.2678730158730158
SystemRecord:0.21333333333333335
MinimalAnchorFactory:0.16333333333333333
NACTest:0.14
