ConfigHelper:0.55
MessageHandlerConfig:0.38333333333333336
SubjectBuilder:0.27666666666666667
