XmlFlowBuilder:0.5466666666666666
FlowServiceLocator:0.5355
AbstractFlowBuilder:0.3
ExternalizedFlowDefinitionRegistrar:0.29333333333333333
XmlFlowRegistrar:0.13333333333333333
FlowArtifactFactory:0.13333333333333333
TextToTransitionCriteria:0.05333333333333334
FlowArtifactLookupException:0.05333333333333334
DefaultFlowServiceLocator:0.043333333333333335
TextToTargetStateResolver:0.03333333333333333
