SubmissionStatusListener:0.5202777777777778
JPPFSubmissionResult:0.3566666666666667
JPPFConnection:0.35
JPPFSubmissionManager:0.24
JcaResultProcessor:0.18
DemoTest:0.15666666666666668
SubmissionStatusEvent:0.06
