AbstractMultimap:0.6966666666666667
HashMultimapTest:0.18333333333333332
LinkedHashMultimapTest:0.18333333333333332
TreeMultimapTest:0.18333333333333332
