Project:0.4033333333333333
Modification:0.39
Builder:0.37333333333333335
ModificationSet:0.31666666666666665
ModifiedFile:0.30333333333333334
Schedule:0.26
