HistoryGuru:0.7866666666666666
Indexer:0.26
DirectoryListing:0.23666666666666666
