DrawableLink:0.6794444444444445
SyntenyLinkPanel:0.51
SyntenyLinkPolygon:0.5
PropertyScorePaint:0.36666666666666664
