ProxettaAsmUtil:0.638888888888889
ProxettaMethodBuilder:0.45166666666666666
ProxettaClassBuilder:0.3
ProxettaWrapperClassBuilder:0.2475
