ClusterServiceImpl:0.53
MemberInfoUpdateOperation:0.41
FinalizeJoinOperation:0.3011111111111111
ClusterJoinManager:0.25166666666666665
ClusterHeartbeatManager:0.23666666666666666
