MetaModel:0.5733333333333334
MetaComponent:0.41
PropertyPG:0.31333333333333335
IMetaModel:0.292595238095238
EntityReferencePG:0.27666666666666667
EJBeanPG:0.19333333333333333
AggregateReferencePG:0.18722222222222223
HCodeGenerator:0.15666666666666668
PojoPG:0.05333333333333334
