DefaultAuthorization:0.4633333333333333
TestXACMLPolicies:0.3466666666666667
AllSystemTestsConfigA:0.27666666666666667
TestManyDisseminations:0.22066666666666668
ResourceAttributeFinderModule:0.21333333333333335
AllCommonSystemTests:0.139
