BioclipseInputDialog:0.5533333333333333
NewFileWizard:0.37666666666666665
NewFolderWizard:0.2733333333333333
ImageUtils:0.19333333333333333
