Key:0.44666666666666666
PortableTest:0.36
ByteArrayObjectDataOutput:0.31333333333333335
DefaultPortableWriter:0.29
ByteBufferObjectDataOutput:0.2833333333333333
BufferObjectDataOutput:0.26666666666666666
