UiServer:0.4533333333333333
SessionStorage:0.3433333333333333
Builder:0.2966666666666667
UiConnectionInfo:0.25666666666666665
DefaultResource:0.24
WeightResource:0.19333333333333333
HistogramIterationListener:0.17666666666666667
