ContextImpl:0.6755555555555556
ContextInternal:0.47
WorkerContext:0.24777777777777782
VertxHandler:0.2425
