AbstractInteropTest:0.5266666666666666
ServerCall:0.5033333333333333
ServerCallImpl:0.31
PartialForwardingServerCall:0.24666666666666667
