StepFactory:0.5680555555555556
HopDataStorage:0.43213888888888885
NativeLibraryStep:0.38333333333333336
