SubscriptionManagerListener:0.5705714285714286
SubscriptionManager:0.53
IncomingSubscriptionEvent:0.51
AddBuddyWizard:0.2633333333333333
