SimpleStepExecutor:0.4866666666666667
AbstractStep:0.44
ScheduledJobParametersFactory:0.2633333333333333
DefaultJobParametersFactory:0.18333333333333332
ScheduledJobParametersFactoryTests:0.12666666666666668
DefaultJobParametersFactoryTests:0.09666666666666666
SimpleExportedJobLauncherTests:0.07666666666666666
