AlternateLocation:0.555
AlternateLocationContainer:0.38666666666666666
AltLocComparator:0.19333333333333333
