Empty:0.6233333333333333
Stream:0.43333333333333335
List:0.4135
Seq:0.4033333333333333
Array:0.35
Vector:0.3433333333333333
Node:0.31333333333333335
Tree:0.2866666666666667
CharSeq:0.2535952380952381
Queue:0.2180952380952381
Stack:0.20976190476190476
LinearSeq:0.20142857142857143
IndexedSeq:0.20142857142857143
AbstractSeqTest:0.19083333333333333
