ProjectService:0.7911111111111111
ProjectServiceImpl:0.7166666666666668
