Saros:0.4033333333333333
IConnectionListener:0.29
EnterXMPPAccountComposite:0.27666666666666667
SkypeManager:0.26666666666666666
ISarosSessionManager:0.23
XMPPTransmitter:0.22333333333333333
SarosSessionManager:0.19666666666666666
DataTransferManager:0.18666666666666668
Socks5Transport:0.17
BuddySessionDisplayComposite:0.145
RosterTracker:0.14333333333333334
RosterUtils:0.13333333333333333
SubscriptionManager:0.13333333333333333
BytestreamTransport:0.11
ConnectionTestManager:0.10333333333333333
JIDFileAppender:0.09666666666666666
ITransport:0.09642857142857142
NewContactAction:0.09
JingleTransport:0.08
ComponentFinder:0.043333333333333335
XMPPUtil:0.04
LocalPresenceTracker:0.02666666666666667
IBBTransport:0.016666666666666666
