HelpScreen:0.29
GameScreen:0.26
HelpScreen2:0.26
MainMenuScreen:0.26
HelpScreen4:0.26
HelpScreen3:0.26
HelpScreen5:0.24333333333333335
HighscoresScreen:0.21666666666666667
