IJChemPaintManager:0.7522222222222222
JChemPaintManager:0.5568888888888889
