EventBus:0.6566666666666666
EventBusBasicTest:0.4266666666666667
EventBusStickyEventTest:0.26666666666666666
