ResultImpl:0.8133333333333334
ResultQuery:0.58
AbstractResultQuery:0.30333333333333334
AbstractDelegatingSelect:0.23333333333333334
