View:0.6033333333333334
InvoiceDetailsWithTotalsTest:0.36333333333333334
InvoiceCalculatedDetailsTest:0.2966666666666667
ProjectMember:0.145
