COMException:0.49666666666666665
Factory:0.3233333333333333
COMUtils:0.17472222222222225
MsWordApp:0.16333333333333333
ProxyObjectFactory_Test:0.013333333333333334
ProxyObjectObjectFactory_Test:0.013333333333333334
