FutureRSP:0.6771666666666666
FsmImpl:0.5
ActiveAssociation:0.4380119047619048
DcmSnd:0.3933333333333333
LF_ThreadPool:0.31
DcmRcv:0.23666666666666666
AssociationImpl:0.2
FutureRSPImpl:0.16
ActiveAssociationImpl:0.15666666666666668
