AggregationFunction:0.7933333333333333
AbstractTestAggregationFunction:0.27666666666666667
TestCountAggregation:0.23666666666666666
FullAggregationFunction:0.22166666666666668
DoubleSumAggregation:0.13666666666666666
DoubleAverageAggregation:0.13666666666666666
LongSumAggregation:0.13666666666666666
LongAverageAggregation:0.13666666666666666
CountAggregation:0.13
AggregationOperator:0.11
SingleNodeAggregationAdapter:0.07
CombinerAggregationAdapter:0.07
FinalAggregationAdapter:0.07
PartialAggregationAdapter:0.07
TestDoubleAverageAggregation:0.02666666666666667
TestLongSumAggregation:0.02666666666666667
TestLongAverageAggregation:0.02666666666666667
TestDoubleSumAggregation:0.02666666666666667
