MACiEReader:0.7482777777777778
INChIPlainTextReader:0.44527777777777783
