JpaFlowExecutionListener:0.4141666666666667
NumberFormatter:0.34
HibernateFlowExecutionListener:0.3333333333333333
DateFormatter:0.33
