Packet:0.5766666666666667
ClientEndpoint:0.37333333333333335
ClientService:0.30333333333333334
HazelcastClientMapTest:0.2966666666666667
HazelcastClient:0.27666666666666667
ConnectionManager:0.25666666666666665
OutRunnable:0.19
ClientCollectionOperationHandler:0.16666666666666666
ListenerManager:0.16
MapContainsHandler:0.14833333333333334
InRunnable:0.14666666666666667
DynamicClusterTest:0.11666666666666667
RemoveListenerHandler:0.1075
MapIterateKeysHandler:0.04
MapSizeHandler:0.03666666666666667
SetAddHandler:0.03333333333333333
QueuePublishHandler:0.03333333333333333
QueueOfferHandler:0.03333333333333333
MapItemRemoveHandler:0.03333333333333333
AddListenerHandler:0.013333333333333334
ClientQueueOperationHandler:0.006666666666666667
QueuePollHandler:0.0025
QueuePeekHandler:0.0025
QueueSizeHandler:0.0025
QueueRemoveHandler:0.0025
