StyleVisitor:0.43666666666666665
StyleFactory:0.43333333333333335
FeatureTypeStyle:0.17333333333333334
LinePlacement:0.15833333333333333
PointPlacement:0.013333333333333334
LabelPlacement:0.0
