WebsocketTest:0.55
ServerWebSocket:0.37583333333333335
ServerWebSocketImpl:0.32
HandshakeInboundHandler:0.24666666666666667
