IAnnealingEngine:0.4220674603174603
ConvergenceAnnealingEngine:0.4166666666666667
SenecaCASEJob:0.3311111111111111
CheckItem:0.31
EnableGeneratorListener:0.2277777777777778
SenecaJobSpecification:0.21666666666666667
SJSCheckWizardPage:0.15333333333333332
StructureGeneratorSettingsPage:0.08333333333333333
