QsarEditor:0.6833333333333333
QSARBuilder:0.5466666666666666
DescriptorsPage:0.30666666666666664
QsarHelper:0.15333333333333332
