PlanBuilder:0.7443333333333333
PlanOptimizers:0.4583333333333333
