GeoLocation:0.55
LayerPanel:0.39666666666666667
Model:0.3466666666666667
GeoList:0.2833333333333333
GeoView:0.19111111111111112
UnFold:0.013333333333333334
