NetworkPublication:0.7233333333333334
Sender:0.44111111111111106
