OAuthCredentialAuthFilter:0.5566666666666666
BasicCredentialAuthFilter:0.24
AuthFilter:0.10783333333333334
