AlgebraRegister:0.55
JavaDoubleAlgebra:0.49
BigDoubleAlgebra:0.16666666666666666
BigIntAlgebra:0.16666666666666666
