NettyServer:0.4766666666666667
Channelz:0.31666666666666665
ChannelzProtoUtil:0.3
NettyClientTransport:0.2733333333333333
NettyServerTransport:0.2733333333333333
ServerImpl:0.2305555555555555
ServerStats:0.23
NettyServerBuilder:0.21216666666666667
ListenSocket:0.2
ChannelzProtoUtilTest:0.19666666666666666
NettyClientTransportTest:0.18666666666666668
InProcessServer:0.17333333333333334
SimpleServer:0.16333333333333333
InternalServer:0.11
NettyServerTest:0.08
TestListenSocket:0.01
