AntBuilder:0.5266666666666666
AntScript:0.47
AntScriptTest:0.3466666666666667
AntBuilderTest:0.34
