JbpmBusinessCalendar:0.48
JbpmDayPart:0.38
JbpmDuration:0.31333333333333335
JbpmDay:0.24
JbpmHoliday:0.24
JbpmBusinessCalendarTest:0.056666666666666664
