ValueType:0.5866666666666667
Proto:0.29777777777777775
Processor:0.22
Environment:0.18333333333333332
