ShadowPackageManagerTest:0.6333333333333333
ShadowAssetManagerTest:0.43666666666666665
ShadowResourcesTest:0.4166666666666667
ContentProviderControllerTest:0.2966666666666667
ClassNameResolverTest:0.29333333333333333
ParallelUniverseCreateApplicationTest:0.25
ShadowContentResolverTest:0.21666666666666667
ShadowContentProviderTest:0.1
