RubyArgumentsTab:0.5033333333333333
StandardVM:0.48333333333333334
StandardVMDebugger:0.2835
TestUnitMainTab:0.2733333333333333
IVMInstall:0.27
