RegistryObjectListDao:0.44333333333333336
RegistryObjectListDaoTest:0.44333333333333336
