OLParser:0.41333333333333333
Scanner:0.2811111111111111
PortInfo:0.28
OLVisitor:0.27166666666666667
DocumentedNode:0.25144444444444447
OptimizerVisitor:0.165
SemanticVerifier:0.165
InterfaceDefinition:0.09682539682539683
DocumentationComment:0.06666666666666667
