NodeTaskWrapper:0.54
ThreadManagerThreadPool:0.48
CpuTimeCollector:0.38666666666666666
ThreadManagerForkJoin:0.09611111111111112
AbstractExecutionManager:0.08666666666666667
AbstractThreadManager:0.043333333333333335
TimeoutTimerTask:0.03333333333333333
