ExternalContext:0.33916666666666667
MockExternalContext:0.31333333333333335
ServletExternalContext:0.3
PortletExternalContext:0.3
