CMap:0.62
ConcurrentMapManager:0.4033333333333333
MapStoreTest:0.38333333333333336
MLock:0.31333333333333335
