Config:0.56
GAMEAdapter:0.35
FeatureEditorDialog:0.28
DrawableAnnotatedFeatureSet:0.2688888888888889
PeptideMenu:0.15333333333333332
