ClientExecution:0.642
JPPFClientConnection:0.6366666666666667
JPPFClient:0.41
AbstractJPPFClient:0.3933333333333333
AbstractJPPFClientConnection:0.23333333333333334
JPPFClientConnectionImpl:0.2
JcaResultProcessor:0.1588888888888889
JPPFJob:0.14444444444444446
JPPFJcaClientConnection:0.13666666666666666
RemoteExecutionThread:0.12
WaitTask:0.08333333333333333
PriorityTestRunner:0.02
PrioritizedTask:0.0
