Log:0.7866666666666666
ResultSetLogger:0.34
BaseJdbcLogger:0.22666666666666666
Log4jImpl:0.20666666666666667
Jdk14LoggingImpl:0.20666666666666667
Slf4jImpl:0.20666666666666667
JakartaCommonsLoggingImpl:0.20666666666666667
StdOutImpl:0.15666666666666668
NoLoggingImpl:0.14666666666666667
