CommandoCommand:0.5533333333333333
ConsolePlugin:0.49666666666666665
CommandoToolBar:0.4766666666666667
