Audio:0.6458888888888888
JoglAudioDevice:0.2966666666666667
JoglAudio:0.18
AppletAudio:0.17333333333333334
AndroidAudio:0.17333333333333334
