Mvcs:0.6533333333333333
NutIoc:0.45
ScopeContext:0.21944444444444447
ComboIocLoader:0.2011111111111111
NutServlet:0.19333333333333333
NutFilter:0.19333333333333333
ForwardView:0.13333333333333333
