NEWARRAY:0.3616666666666667
PUTFIELD:0.27666666666666667
SIPUSH:0.26787878787878794
NEW:0.21
PUTSTATIC:0.19944444444444445
VirtualInvocation:0.19
RUNSTART:0.15
LSTORE:0.14333333333333334
LLOAD:0.14333333333333334
POP2:0.13666666666666666
MONITOREXIT:0.13666666666666666
SWAP:0.13666666666666666
SwitchInstruction:0.13333333333333333
INVOKECG:0.13333333333333333
LDIV:0.11666666666666667
LREM:0.11666666666666667
POP:0.11666666666666667
MONITORENTER:0.11333333333333333
LNEG:0.09666666666666666
LXOR:0.09333333333333334
LUSHR:0.09333333333333334
LSHL:0.09333333333333334
LOR:0.09333333333333334
LSHR:0.09333333333333334
LSUB:0.09333333333333334
LMUL:0.09333333333333334
