RemoteObjectLight:0.6633333333333333
OutsidePlantView:0.46111111111111114
EndToEndViewScene:0.30666666666666664
OutsidePlantViewDashboardWidget:0.17666666666666667
