AbstractSymmetricEngine:0.45666666666666667
BasicDataSourceFactory:0.44
AbstractSymmetricDialect:0.37
ISymmetricDialect:0.27166666666666667
MsSqlSymmetricDialect:0.21333333333333335
BasicDataSourcePropertyConstants:0.18140476190476187
