Recognizer:0.7033333333333334
BaseSwiftTest:0.5666666666666667
ListenerFile:0.14
VisitorFile:0.14
