VanillaChronicleHash:0.3566666666666667
ChronicleMapBuilder:0.3333333333333333
ReplicatedChronicleMap:0.31666666666666665
ChronicleHashResources:0.24
VanillaChronicleMap:0.23666666666666666
MapCloseTest:0.15333333333333332
Throwables:0.12666666666666668
ChronicleHashClosedException:0.1
PersistedChronicleHashResources:0.09
ThreadLocalState:0.08666666666666667
InMemoryChronicleHashResources:0.06333333333333334
