Wallet:0.6316666666666667
PaymentSessionTest:0.2966666666666667
FakeTxBuilder:0.2966666666666667
CoinTest:0.16333333333333333
