CustomFragment:0.5433333333333333
WelfareFragment:0.4116666666666667
AndroidAdapter:0.3433333333333333
