AzureStorageSettings:0.49
Storage:0.416984126984127
AbstractAzureRepositoryServiceTestCase:0.27
AzureSettingsParserTest:0.2633333333333333
