EntityEntry:0.46
StatefulPersistenceContext:0.44666666666666666
CustomerEnhancerTest:0.16333333333333333
EnhancerTest:0.16333333333333333
