Telegram:0.45
Dialog:0.44333333333333336
MessageDispatcher:0.31666666666666665
AtlasSprite:0.2733333333333333
DefaultStateMachine:0.18
TextureAtlasTest:0.14333333333333334
