ConfigurationListener:0.77
ConfigurationProcessor:0.38
BeanMethodMethodInterceptor:0.33666666666666667
CglibConfigurationEnhancer:0.22666666666666666
ConfigurationPostProcessor:0.19666666666666666
ConfigurationListenerSupport:0.19
AspectJAdviceConfigurationListener:0.05333333333333334
InstanceConfigurationTests:0.043333333333333335
BeanCreationCallbackFilter:0.015
AutoBeanConfigurationListener:0.006666666666666667
BytecodeConfigurationEnhancer:0.0
