MainDesktopPane:0.45666666666666667
MapDisplay:0.44333333333333336
SettlementDialog:0.43
