DescriptorCalculator:0.5433333333333333
DescriptorEngine:0.5266666666666666
