CollectResourcesMission:0.7933333333333333
MainDetailPanel:0.37666666666666665
CollectResourcesMissionCustomInfoPanel:0.2733333333333333
MissionEventUpdater:0.18444444444444444
