IControllerModel:0.6833333333333332
ControllerModel:0.6138888888888888
