Mongo:0.48333333333333334
DBCollection:0.42
DB:0.33666666666666667
DBCursor:0.31
DBCollectionTest:0.09666666666666666
MongoExceptions:0.01
