AtmosphereResponse:0.61
Builder:0.21666666666666667
AsyncIOWriter:0.15833333333333333
Jetty8WebSocket:0.12666666666666668
JettyWebSocket:0.12666666666666668
GrizzlyWebSocket:0.12666666666666668
