Robot:0.8433333333333334
Script:0.4633333333333333
ArgumentParser:0.38
