FSMState:0.6833333333333333
CharMap:0.21
Iter:0.181212962962963
