RosterView:0.6708333333333333
PacketExtensionUtils:0.5333333333333333
OutgoingInvitationProcess:0.4266666666666667
