ScriptEditor:0.5066666666666667
ComponentBrowser:0.3933333333333333
JTreeTesterTest:0.2833333333333333
JTreeTester:0.24
CaptureComponentAction:0.17777777777777778
SelectFocusedComponentAction:0.17777777777777778
SelectComponentAction:0.17777777777777778
CaptureFocusedComponentAction:0.17777777777777778
AttributeListener:0.17194444444444446
