ObjectKeys:0.9604444444444444
AbstractZoneModule:0.7733333333333333
