Generator:0.5433333333333333
Acceptor:0.5166666666666667
CTLModelChecker:0.31
CycleAcceptor:0.23
ExploreStateStrategy:0.17666666666666667
CLTFormulaHandler:0.006666666666666667
LTLFormulaHandler:0.006666666666666667
