ReplicaSetStatus:0.5133333333333333
MyPort:0.36
DBTCPConnector:0.3566666666666667
DBApiLayer:0.2111111111111111
