JdbcChadoAdapter:0.37833333333333335
PostgresChadoAdapter:0.37666666666666665
SybaseChadoAdapter:0.335
