Tools:0.8733333333333333
CreateIndexImpl:0.37666666666666665
CreateIndexStep:0.30333333333333334
