View:0.7566666666666667
MetaView:0.5466666666666666
ModuleTestBase:0.30333333333333334
CodeGenerator:0.26666666666666666
Module:0.25333333333333335
XavaPortlet:0.18
