TwoWayChannelMessage:0.62
PaymentChannelClient:0.33
ChannelConnectionTest:0.29333333333333333
PaymentChannelServer:0.23333333333333334
PaymentChannelClientConnection:0.20333333333333334
