ARINCScrollWheelAreaTest:0.45666666666666667
ProtocolInputDecoderClient_6Test:0.38666666666666666
ARINCKeyboardAreaTest:0.36
StatefullAPIImpl3Test:0.31
