CruiseControlConfig:0.5466666666666666
XmlResolver:0.5366666666666666
XMLConfigManager:0.2866666666666667
Resolver:0.20666666666666667
CruiseControlConfigIncludeTest:0.19
XMLConfigManagerTest:0.18666666666666668
