CertificateCache:0.63
CAAdminSessionBean:0.39666666666666667
OCSPUtil:0.25777777777777783
OCSPData:0.22
CertStoreServletBase:0.2
OCSPServletStandAlone:0.18333333333333332
OCSPServlet:0.17333333333333334
OCSPServletBase:0.17333333333333334
SigningEntityContainer:0.17333333333333334
CacheTester:0.16333333333333333
TestCertificateCache:0.11333333333333333
CertStoreServletStandAlone:0.08333333333333333
CertStoreServlet:0.08333333333333333
CertificateCacheFactory:0.07666666666666666
ICertificateCache:0.065
