TestUtil:0.7583333333333333
ArchiverSystemTest:0.6266666666666667
ArchiveReplayLoadTest:0.3733888888888889
