Listener:0.6585714285714286
ServerInterceptor:0.41777777777777775
ServerInterceptorsTest:0.32
ServerCallHandler:0.23
CallImpl:0.21333333333333335
ProcessInterceptorsCallHandler:0.2
InProcessClientTransport:0.11666666666666667
InterceptCallHandler:0.1
NoopInterceptor:0.043333333333333335
