ObjectFactory:0.5433333333333333
KuwaibaService:0.49
RemoteSDHPosition:0.43666666666666665
AbstractScene:0.27
CreateSDHTributaryLink:0.26
CreateSDHContainerLink:0.26
RemoteSDHContainerLinkDefinition:0.25
CommunicationsStub:0.24
FindSDHRoutesUsingTransportLinksResponse:0.20666666666666667
FindSDHRoutesUsingContainerLinksResponse:0.20666666666666667
RemoteArtifactDefinition:0.15666666666666668
GetSDHTransportLinkStructureResponse:0.14
GetSDHContainerLinkStructureResponse:0.14
LocalLogicalConnectionDetails:0.12277777777777776
RemoteArtifact:0.11277777777777777
