Wallet:0.7533333333333333
Sha256Hash:0.35333333333333333
AutosaveEventListener:0.3453333333333334
WalletTool:0.19138888888888891
WalletTest:0.07666666666666666
AutosaveThread:0.011666666666666667
