TranslateAndValidate:0.8538888888888888
GM03Iso19139RountripTest:0.43666666666666665
