CodeComplexityVisitor:0.5066666666666667
TooManyBranchesVisitor:0.24333333333333335
RubyRedLint:0.2
TooManyReturnsVisitor:0.11666666666666667
TooManyLinesVisitor:0.08666666666666667
TooManyArgumentsVisitor:0.08666666666666667
