BiojavaResource:0.3933333333333333
SequenceView:0.36333333333333334
SequenceTableView:0.33
