ResourceLoader:0.82
OverlayResourceLoader:0.28
PackageResourceLoader:0.2733333333333333
RoutingResourceLoader:0.26666666666666666
XResourceLoader:0.25666666666666665
