IEConditionalCompilationScriptPreProcessor:0.6466666666666666
StringScriptPreProcessor:0.5566666666666666
