Cake:0.37666666666666665
CakeLayer:0.36666666666666664
CakeTopping:0.36666666666666664
CakeInfo:0.2916666666666667
CakeBakingServiceImpl:0.23333333333333334
CakeLayerInfo:0.14444444444444446
CakeToppingInfo:0.14444444444444446
CakeBakingService:0.12666666666666668
