HiveType:0.45
HivePageSink:0.37666666666666665
HiveMetadata:0.3566666666666667
HiveClientConfig:0.3333333333333333
HiveBucketing:0.31333333333333335
HivePageSinkProvider:0.2733333333333333
HiveMetadataFactory:0.25666666666666665
AbstractTestHiveClient:0.24
TestHiveIntegrationSmokeTest:0.23666666666666666
HivePartitionManager:0.22666666666666666
AbstractTestHiveFileFormats:0.19666666666666666
TestHiveBucketing:0.18
HiveBucketFunction:0.15
HiveUtil:0.13
TestHivePageSink:0.12666666666666668
TestHiveClientConfig:0.1
HiveNodePartitioningProvider:0.056666666666666664
