ObjectNaviNode:0.7216666666666667
MaplTest:0.36333333333333334
ObjConvertImpl:0.3516666666666667
