Protocol:0.32944444444444443
Jedis:0.2966666666666667
Client:0.23
BinaryJedis:0.21666666666666667
BinaryClient:0.21333333333333335
