Facade:0.7966666666666666
WSClient:0.31333333333333335
TextConverter:0.27666666666666667
JaxRpcFacade:0.24
WSLoadTest:0.19944444444444445
FacadeImpl:0.19333333333333333
AbstractFacade:0.18
