MqlSqlWalker:0.6766666666666666
ParserTest:0.33972222222222226
