SymbolTable:0.6066666666666667
HopParser:0.41333333333333333
ClassDescriptor:0.30444444444444446
HopVirtualMachine:0.20444444444444446
DFA42:0.19000000000000003
HopSymbolTableWalker:0.18
DFA66:0.15444444444444444
DFA41:0.15444444444444444
