ReflectionUtils:0.7966666666666666
TestPlanSpecification:0.41
ClasspathScanner:0.375
MyTestClass:0.2833928571428571
TestPlanSpecificationTests:0.02
