JFXMapChangeLayoutTest:0.30666666666666664
TabbedPanelGroupRendererTest:0.30333333333333334
JFXTabbedPanelGroupRendererTest:0.2833333333333333
MultiLayersMessagesTest:0.26566666666666666
MultiLayersMessages2Test:0.24
ServerCockpitMapHorzPanelTest:0.23
JFXStylesEngine2Test:0.19777777777777777
Logging5Test:0.013333333333333334
