MatchQuery:0.7833333333333333
MultiMatchQueryParser:0.20666666666666667
MatchQueryParser:0.20333333333333334
