Groove:0.6233333333333333
ExtensionFilter:0.39666666666666667
Generator:0.2633333333333333
DefaultGxl:0.25333333333333335
