Writer:0.4533333333333333
Settings:0.3933333333333333
SpdyConnectionTest:0.2866666666666667
Reader:0.27666666666666667
HpackDraft05Test:0.25
FrameWriter:0.24666666666666667
SpdyStream:0.24666666666666667
Variant:0.1972777777777778
SettingsTest:0.15333333333333332
SpdyConnection:0.15
MockSpdyPeer:0.14666666666666667
SpdyDataInputStream:0.12833333333333333
Http20Draft09Test:0.06333333333333334
Spdy3:0.04666666666666667
Http20Draft09:0.04666666666666667
