BootstrapCheck:0.4266666666666667
BootstrapCheckTests:0.3466666666666667
JVMCheck:0.2633333333333333
G1GCCheck:0.23
