PropertyMapping:0.41333333333333333
ICarrier:0.28833333333333333
ProductsTest:0.2633333333333333
Products2Test:0.2633333333333333
InvoicesTest:0.24
DeliveriesTest:0.21333333333333335
EJBeanPG:0.20333333333333334
MetaAggregateBean:0.17777777777777778
WebsphereTblxmiPG:0.17
Generators:0.15
WebsphereCodeGenerator:0.15
InterfacePG:0.12
