ObjectiveCImplementationGenerator:0.6033333333333334
ObjectiveCHeaderGenerator:0.44
ObjectiveCSourceFileGenerator:0.3333333333333333
