HazelcastCacheRegionFactory:0.4633333333333333
CacheEnvironment:0.35333333333333333
AbstractHazelcastRegion:0.34
HazelcastCache:0.2966666666666667
ReadWriteAccessDelegate:0.2866666666666667
HibernateStatisticsTestSupport:0.26
NonStrictReadWriteAccessDelegate:0.25666666666666665
FactoryImpl:0.25333333333333335
AbstractAccessDelegate:0.23
AccessDelegate:0.23
BlockingQueueManager:0.21333333333333335
TopicInstance:0.21333333333333335
BaseManager:0.19666666666666666
CustomPropertiesTest:0.16
TopicManager:0.13666666666666666
AbstractGeneralRegion:0.09666666666666666
RegionFactoryHazelcastAccessor:0.08333333333333333
HazelcastRegion:0.05
AbstractTransactionalDataRegion:0.043333333333333335
