MockFlowSession:0.5366666666666666
MockExternalContext:0.34833333333333333
MockRequestControlContext:0.27666666666666667
