AbstractWidgetRefHandler:0.5466666666666666
DefinitionFile:0.3322222222222222
