QueryStateMachine:0.5466666666666666
SqlQueryExecution:0.31333333333333335
DropAliasExecution:0.30666666666666664
CreateAliasExecution:0.30666666666666664
DropTableExecution:0.2966666666666667
QueryExecution:0.23777777777777775
FailedQueryExecution:0.17333333333333334
SqlQueryExecutionFactory:0.06
DropAliasExecutionFactory:0.06
CreateAliasExecutionFactory:0.06
DropTableExecutionFactory:0.03333333333333333
