RestGetAliasesAction:0.34
RestGetMappingAction:0.30666666666666664
RestGetSettingsAction:0.2866666666666667
RestGetIndicesAction:0.2733333333333333
