Sink:0.7333333333333333
Source:0.69
OkBuffer:0.43333333333333335
BufferedSource:0.41
BufferedSink:0.35
OkBufferTest:0.33
OkBuffers:0.20333333333333334
InflaterSourceTest:0.19333333333333333
GzipSource:0.17666666666666667
DeflaterSink:0.16333333333333333
GzipSourceTest:0.16333333333333333
BufferedSinkTest:0.14833333333333334
DeflaterSinkTest:0.145
InflaterSource:0.10333333333333333
