TextSelectionTab:0.4166666666666667
TreeContextMenu:0.29
CreateSelection:0.1988888888888889
StatPanel:0.15333333333333332
GroupedDateSelector:0.12444444444444445
TextStats:0.06
