Workstation:0.7233333333333334
WorkstationWindow:0.4666666666666667
DefinitionWindow:0.2866666666666667
ModuleWindow:0.21333333333333335
LogWindow:0.17777777777777778
CoreSuperWindow:0.17666666666666667
ApplicationWorkbenchWindowAdvisor:0.15
BooleanCellRenderer:0.09
MangoScriptMessageCellRenderer:0.09
