HtmlPage:0.48
DomElement:0.3
HTMLElement:0.2833333333333333
Element:0.24716666666666667
XMLDocument:0.23444444444444448
HTMLDocument:0.23333333333333334
XMLDocumentTest:0.15333333333333332
