XmlFlowBuilder:0.26666666666666666
JsfViewFactory:0.24111111111111108
MockRequestContext:0.2391111111111111
DefaultTargetStateResolver:0.23666666666666666
ViewResolvingMvcViewFactory:0.23326767676767673
InternalFlowResourceMvcViewFactory:0.23326767676767673
TextToTransitionCriteriaTests:0.21666666666666667
MvcView:0.21
EvaluationException:0.18833333333333332
ELExpression:0.1633333333333333
TextToTransitionCriteria:0.14666666666666667
MockFlowExecutionContext:0.14333333333333334
TextToTargetStateResolver:0.11666666666666667
ViewFactoryCreator:0.10666666666666667
SpringBeanWebFlowELResolver:0.09333333333333334
DefaultTransitionCriteria:0.08333333333333333
MvcViewFactoryCreator:0.08333333333333333
JsfViewFactoryCreator:0.06333333333333334
TestViewFactoryCreator:0.016666666666666666
MockViewFactoryCreator:0.016666666666666666
