LineCurveRenderer:0.43666666666666665
SymbolOvalRenderer:0.18
SymbolRunwayRenderer:0.18
SymbolRectangleRenderer:0.18
SymbolRotatedRenderer:0.17
SymbolTargetRenderer:0.17
SymbolTargetParkableRenderer:0.15666666666666668
SymbolParkableRenderer:0.15666666666666668
SymbolRotatedParkableRenderer:0.15666666666666668
