DescriptorExceptionTest:0.4033333333333333
MqsarTests:0.3466666666666667
