Planner:0.5666666666666667
TestQueries:0.45
StatementAnalyzer:0.31166666666666665
