Mol2Writer:0.7866666666666666
PDBWriter:0.7305555555555555
