NutDao:0.6333333333333333
EvensJsonIocTest:0.33
Iocs:0.30666666666666664
