GridTab:0.5966666666666667
GridTable:0.5533333333333333
APanel:0.36
GridController:0.30833333333333335
