Uid:0.41
Version:0.3466666666666667
InternalParseContext:0.31333333333333335
TransportService:0.29333333333333333
FailAndRetryMockTransport:0.27666666666666667
PipelineExecutionService:0.23333333333333334
NettyTransportServiceHandshakeTests:0.23333333333333334
RestUtils:0.2161111111111111
ParseContext:0.20666666666666667
UnicastZenPing:0.19333333333333333
ParentFieldMapper:0.19
RestUtilsTests:0.19
FilterParseContext:0.16333333333333333
UidFieldMapper:0.13333333333333333
PipelineExecutionServiceTests:0.11
SniffNodesSampler:0.09333333333333334
SimpleNodeSampler:0.07666666666666666
