GwtViewHelper:0.7383333333333333
ContentControl:0.4583333333333333
