QueryManagerConfig:0.58
SqlQueryManager:0.5266666666666666
QueryStarter:0.44333333333333336
TestQueryManagerConfig:0.37666666666666665
