FedoraMethod:0.5166666666666667
AbstractInvocationHandler:0.31255555555555553
ObserverQueue:0.06333333333333334
ProxyFactory:0.03333333333333333
NotificationInvocationHandler:0.02
