JDBCDataStore:0.571111111111111
OracleDataStore:0.5627777777777778
