FeatureSetI:0.74
FeatureSet:0.4866666666666667
FeatureList:0.235
FeatureIterator:0.22666666666666666
