Product:0.5177777777777777
Author:0.29333333333333333
Detail:0.19
