ARCWriterFactory:0.6866666666666666
ARCWriterPoolTest:0.37666666666666665
