GwtUIHelper:0.39666666666666667
ToolbarItem:0.3466666666666667
EventHelper:0.3006666666666667
GwtMenuHelper:0.25333333333333335
MainMenuControl:0.21666666666666667
InvokeSendEmailToTeamEvent:0.14333333333333334
ContextItemClickHandler:0.14
