BuildingManager:0.42333333333333334
PreparingDessert:0.37666666666666665
Cooking:0.2866666666666667
MonitorWindow:0.235
PrepareDessert:0.21333333333333335
MainDesktopPane:0.20333333333333334
PersonTableModel:0.2
BuildingPanel:0.18666666666666668
PopUpBuildingMenu:0.14
PrepareDessertMeta:0.10666666666666667
MarqueeBanner:0.07333333333333333
PersonTableUpdater:0.06333333333333334
