ServerInterceptorsTest:0.41
InterceptCallHandler:0.38333333333333336
ClientInterceptorsTest:0.32666666666666666
ServerInterceptors:0.2633333333333333
InterceptorChannel:0.16333333333333333
ClientInterceptors:0.1491111111111111
