CharsetParserTest:0.5333333333333333
KernelFacade:0.43333333333333335
