MTGNode:0.39666666666666667
MTGKeys:0.38333333333333336
MTGGraphBuilderBodyData:0.31666666666666665
