DefaultJobIdentifier:0.55
ScheduledJobIdentifier:0.49333333333333335
SqlJobDao:0.44
AbstractJobDaoTests:0.37333333333333335
