RobotsExclusionPolicy:0.5583333333333333
CrawlHost:0.45666666666666667
CrawlServer:0.4533333333333333
