SimpleJobExecutorFacade:0.8766666666666667
SimpleJobExecutorFacadeTests:0.2733333333333333
