FrequencySketch:0.72
CountMin4TinyLfu:0.2740396825396825
FrequencySketchTest:0.08666666666666667
