ProgressViewComponent:0.6
RSViewComponent:0.6
SarosWorkbenchComponent:0.6
SessionViewComponent:0.5966666666666667
EditorComponent:0.5966666666666667
SarosState:0.5966666666666667
RosterViewComponent:0.5966666666666667
PEViewComponent:0.5966666666666667
ChatViewComponent:0.59
MainMenuComponent:0.59
State:0.5833333333333334
BasicComponent:0.55
SarosConditions:0.4
ToolbarPart:0.3272804232804233
EditorPart:0.3233333333333333
STFController:0.31333333333333335
ViewPart:0.29
TreePart:0.27666666666666667
WindowPart:0.25666666666666665
RSViewComponentImp:0.25333333333333335
ChatViewComponentImp:0.25333333333333335
SessionViewComponentImp:0.25333333333333335
StateImp:0.24666666666666667
RosterViewComponentImp:0.24333333333333335
SarosStateImp:0.24333333333333335
TablePart:0.24
PEViewComponentImp:0.24
MainMenuComponentImp:0.23333333333333334
EditorComponenttImp:0.23
Musician:0.21666666666666667
BasicPart:0.13333333333333333
SarosMainMenuComponent:0.08333333333333333
isEditorActive:0.07666666666666666
SarosWorkbenchComponentImp:0.07333333333333333
ProgressViewComponentImp:0.06
BasicComponentImp:0.06
IsJavaEditorContentsSame:0.043333333333333335
IsClassContentsSame:0.043333333333333335
EclipseComponent:0.0425
IsEditorContentsSame:0.03666666666666667
IsChatMessageExist:0.03666666666666667
SarosMainMenuComponentImp:0.02944444444444444
IsFollowingUser:0.02666666666666667
IsEditorOpen:0.02666666666666667
IsEditorClosed:0.02666666666666667
ExistsNoParticipants:0.02666666666666667
IsInSession:0.02
isSessionclosed:0.02
PerspectivePart:0.006666666666666667
HelperPart:0.0033333333333333335
MenuPart:0.0033333333333333335
