ISarosSession:0.62
SarosSession:0.5066666666666667
ISarosSessionUserListener:0.41305555555555556
NullSarosSession:0.25
SarosSessionStub:0.25
ParticipantCollector:0.22166666666666668
PermissionChangeCollector:0.22166666666666668
EditorManager:0.21692857142857142
ConcurrentDocumentClient:0.2105952380952381
ConcurrentDocumentServer:0.2105952380952381
FollowModeAction:0.19166666666666668
SharedProjectFileDecorator:0.17476190476190476
RemoteWriteAccessManager:0.1580952380952381
SharedDocumentProvider:0.14642857142857144
RosterSessionContentProvider:0.14642857142857144
BuddySessionDisplayComposite:0.12833333333333333
SarosSessionUserListenerDispatch:0.11666666666666667
GiveWriteAccessAction:0.06333333333333334
ChangeColorManager:0.06333333333333334
RestrictToReadOnlyAccessAction:0.06333333333333334
RemoteProgressManager:0.04
PermissionManager:0.02
HostLeftAloneInSessionHandler:0.006666666666666667
