AtomContainer:0.6933333333333334
RandomGenerator:0.24
ConnectivityChecker:0.23444444444444448
MoleculeViewer2D:0.23
DatabaseReaderTest:0.15666666666666668
CDKTests:0.13666666666666666
