ResultsBean:0.7633333333333333
ImageBean:0.47333333333333333
MinMaxPixelInfo:0.21666666666666667
GspsEncode:0.18666666666666668
