ResourceDriverConfig:0.8733333333333333
ObjectKeys:0.47904761904761906
ResourceDriverModuleImpl:0.3
ManageResourceDriverController:0.17333333333333334
