RetrofitTest:0.5466666666666666
BuiltInConverters:0.31666666666666665
Retrofit:0.23666666666666666
Factory:0.21333333333333335
NonMatchingConverterFactory:0.12333333333333334
