AspectEdge:0.36666666666666664
AlgebraRegister:0.3333333333333333
RuleLabel:0.316
Operator:0.27666666666666667
AspectNode:0.26
Operation:0.25
AttributeAspect:0.15
