PlanFragment:0.5866666666666667
SqlStageExecution:0.34
HashPagePartitionFunction:0.33666666666666667
Visitor:0.25666666666666665
SubPlanBuilder:0.19333333333333333
PlanPrinter:0.16666666666666666
TestSqlStageExecution:0.12666666666666668
TestSqlTaskManager:0.12333333333333334
