FGProtocolHandler:0.49927777777777776
FGProvider:0.49666666666666665
PlaybackReader:0.2966666666666667
