Invocation:0.6666666666666666
InvocationFuture:0.41
PartitionInvocation:0.18333333333333332
TargetInvocation:0.18333333333333332
