Params:0.9604444444444444
Set:0.4033333333333333
