SciXMLResource:0.59
BrowserView:0.35333333333333333
CreateSciXMLJob:0.27666666666666667
CreateSciXMLResourceAction:0.27666666666666667
