NotificationDao:0.6866666666666666
OnmsNotification:0.6166666666666667
OnmsMonitoredService:0.4766666666666667
DaoTestConfig:0.26
HibernateDaoTestConfig:0.21666666666666667
JdbcDaoTestConfig:0.2088888888888889
Cache:0.19666666666666666
AbstractDaoTestCase:0.19333333333333333
LazyNotification:0.16333333333333333
NotificationDaoJdbc:0.14666666666666667
NotificationDaoTest:0.115
NotificationFactory:0.10333333333333333
FindByNotifyId:0.06722222222222221
FindAll:0.03222222222222222
NotificationMappingQuery:0.03
NotificationDelete:0.03
NotificationSaveOrUpdate:0.0033333333333333335
NotificationUpdate:0.0
NotificationSave:0.0
