Buffer:0.6766666666666666
BufferedSink:0.58
RealBufferedSink:0.31666666666666665
BufferedSinkTest:0.24666666666666667
