SymmetricWebServer:0.59
SystemConstants:0.3542857142857143
ParameterConstants:0.3056666666666667
ServerConstants:0.24666666666666667
SymmetricLauncher:0.24444444444444446
TransportManagerFactory:0.12
TypedProperties:0.10333333333333333
