Job:0.7266666666666667
SubmittableJob:0.47711904761904766
AbstractMapReduceOperation:0.36333333333333334
ClientMapReduceRequest:0.31
AbstractJob:0.23
MappingJob:0.2105952380952381
ReducingJob:0.2105952380952381
MappingJobImpl:0.13666666666666666
AbstractMapReduceOperationFactory:0.11666666666666667
ReducingJobImpl:0.10333333333333333
KeyValueMapReduceOperationFactory:0.09666666666666666
SubmittableJobImpl:0.09666666666666665
ClientJob:0.08666666666666667
KeyValueMapReduceOperation:0.08666666666666667
MapReduceService:0.06666666666666667
JobSupervisorKey:0.03333333333333333
