SimpleCycle:0.39666666666666667
StructureDiagramGenerator:0.37666666666666665
SimpleCycleBasis:0.33666666666666667
SSSRFinder:0.22
HueckelAromaticityDetectorTest:0.1902222222222222
CycleBasis:0.17666666666666667
