ElasticsearchGeoAssertions:0.6938095238095238
ShapeBuilder:0.6766666666666666
GeoJSONShapeParserTests:0.25333333333333335
