AbstractJavaMailCrawler:0.45666666666666667
ImapCrawler:0.3433333333333333
MboxCrawler:0.23333333333333334
