TestClient:0.6016666666666667
DefaultDnsClient:0.47333333333333333
DefaultWebSocketFrame:0.38
