GwtUIHelper:0.6
BinderModuleImpl:0.45666666666666667
GwtServerHelper:0.38666666666666666
WsDomTreeBuilder:0.25177777777777777
