MetaEntity:0.5316666666666666
MetaProperty:0.4583333333333333
SearchByViewKeyAction:0.37
