FastJsonProvider:0.6483333333333333
FastJsonConfigTest:0.30333333333333334
FastJsonProviderTest:0.2833333333333333
