Delivery:0.63
DeliveryValue:0.4066666666666667
MetaProperty:0.35
DeliveryCMP:0.29
DeliveryData:0.2733333333333333
IDelivery:0.23666666666666666
MetaEjbImpl:0.19
DeliveryHome:0.15833333333333333
DeliveryBean:0.11666666666666667
