StringTools:0.6333333333333333
CAAdminSessionBean:0.2866666666666667
CmsCAService:0.2831111111111111
OCSPCAService:0.27
XKMSCAService:0.27
BaseCAToken:0.26944444444444443
ProtectedLogSessionBean:0.22
SoftCAToken:0.20166666666666666
CaInitCommand:0.12
