EventService:0.4683333333333333
QueueIterator:0.42333333333333334
EventServiceImpl:0.31666666666666665
MapProxySupport:0.2833333333333333
EntryOperation:0.28
EntryProcessorTest:0.25333333333333335
QueueProxyImpl:0.20333333333333334
ClientQueueProxy:0.19333333333333333
ClientQueueTest:0.19333333333333333
ResourceAdapterImpl:0.16666666666666666
ClientMultiMapListenerStressTest:0.16666666666666666
BasicQueueTest:0.11666666666666667
EventServiceSegment:0.056666666666666664
