GetINSDEntryNewWizardPageEMBL:0.5533333333333333
GetINSDEntryNewWizardPageFinal:0.43666666666666665
GetINSDEntryNewWizardPageDDBJ:0.29
