TedSerie:0.8333333333333334
TedPopupMenu:0.33
FeedsPanel:0.24777777777777782
EditShowDialog:0.22666666666666666
