Word2VecPerformer:0.48
IRUnitIrisDBNWorkerTests:0.46
TokenizerFunction:0.43666666666666665
TextPipeline:0.17
ConjugateGradient:0.13
VocabCacheFunction:0.1
SparkWord2Vec:0.06333333333333334
