AspectNode:0.46
AspectValue:0.4066666666666667
AspectMap:0.38
AspectParser:0.31
RuleAspect:0.2866666666666667
AspectEdge:0.27
AspectGraph:0.25333333333333335
Level:0.19083333333333333
LevelMap:0.19
OperationLabelParser:0.19
TypeAspect:0.18333333333333332
AspectualGraphView:0.15
LabelParser:0.13166666666666665
FreeLabelParser:0.07166666666666667
RegExprLabelParser:0.06666666666666667
ComposedLabelParser:0.01
NumberLabelParser:0.006666666666666667
