ScreenshotAction:0.5019444444444445
TimelineView:0.43666666666666665
CopyIndividual:0.2683333333333333
