CharOperation:0.5033333333333333
MatchLocator:0.38666666666666666
MethodLocator:0.26
TypeReferencePattern:0.23666666666666666
AndPattern:0.02
TypeDeclarationMatch:0.008981481481481483
MethodDeclarationMatch:0.008981481481481483
FieldDeclarationMatch:0.008981481481481483
