ReportModule:0.7046666666666667
WebKeys:0.4494444444444445
AjaxController:0.38
GwtServerHelper:0.33
SearchUtils:0.28
ViewController:0.11666666666666667
ReportModuleImpl:0.07333333333333333
XssReportController:0.01
