Node:0.6766666666666666
DefaultNodeInitializer:0.2966666666666667
InstanceMBean:0.27666666666666667
ClusterPropsRequest:0.22666666666666666
LoggingServiceImpl:0.21
ManagementCenterService:0.20333333333333334
NodeInitializer:0.19694444444444445
DefaultLogger:0.19333333333333333
