ReportModule:0.7066666666666667
FolderService:0.4280555555555555
TeamingServiceEndpoint:0.37666666666666665
TeamingServiceClientWithCall:0.3411111111111111
NullReportModule:0.24
FolderServiceImpl:0.21666666666666667
ReportModuleImpl:0.21666666666666667
