ModelType:0.6433333333333333
TestEvaluateClassifierPredictions:0.36666666666666664
ClassifierType:0.15666666666666668
RegressorType:0.15666666666666668
