Document:0.7968253968253968
DocumentImpl:0.6433333333333333
DumpingPR:0.34
