PingResponse:0.6266666666666667
ZenPing:0.47333333333333333
UnicastZenPing:0.27
ZenDiscovery:0.2633333333333333
DiscoveryWithServiceDisruptions:0.23666666666666666
Receiver:0.17333333333333334
MulticastZenPing:0.14666666666666667
MulticastPingResponseRequestHandler:0.14
MulticastZenPingTests:0.12333333333333334
CompoundPingListener:0.12
ZenPingService:0.1
UnicastZenPingTests:0.07333333333333333
MinimumMasterNodesTests:0.06333333333333334
