Cell:0.31
PropertyTreeWidget:0.26
UI:0.21
Origin:0.20027777777777778
ReportAncestorStatistics:0.19333333333333333
RelativeSource:0.18666666666666668
ChangeFormat:0.15666666666666668
DateTimeCollector:0.14
Range:0.13666666666666666
ConsanguinityInfo:0.0
