PyLong:0.48
PyFloat:0.3466666666666667
PyInteger:0.3466666666666667
PyIntegerDerived:0.25666666666666665
PyLongDerived:0.25666666666666665
PyFloatDerived:0.25666666666666665
