Diagnostic:0.44166666666666665
Messages:0.37505555555555553
BuildCwbEncodeArgs:0.2488888888888889
Convert5To6:0.24333333333333335
ExecuteScriptImport:0.14777777777777779
