NativePluginConfig:0.5133333333333333
PomBuilder:0.35333333333333333
SourceSet:0.3
Platform:0.26666666666666666
ProjectBuildingVisitor:0.20666666666666667
ShlibModuleType:0.13
JniModuleType:0.045
CFileFilter:0.013055555555555556
