QueueStoreWrapper:0.5566666666666666
QueueStore:0.5266666666666666
QueueContainer:0.4166666666666667
DummyQueueStore:0.21666666666666667
