LogConfigurator:0.48333333333333334
Command:0.36
EvilLoggerConfigurationTests:0.31666666666666665
EvilLoggerTests:0.22333333333333333
TranslogToolCli:0.1811111111111111
PluginCli:0.1811111111111111
