Persist:0.5833333333333334
TemporaryDatabase:0.49166666666666664
CapsdTest:0.2866666666666667
