TaskletStep:0.52
AbstractStep:0.49333333333333335
MessageOrientedStep:0.31666666666666665
