IndexShard:0.57
InternalEngineTests:0.4
EngineConfig:0.34
InternalEngine:0.3094444444444444
RecoveryPrepareForTranslogOperationsRequest:0.25333333333333335
RecoveryTarget:0.23333333333333334
RecoveryTargetHandler:0.215
StoreRecovery:0.16666666666666666
RecoverySourceHandler:0.16
PrepareForTranslogOperationsRequestHandler:0.09333333333333334
RemoteRecoveryTargetHandler:0.06333333333333334
