DcmServerService:0.31666666666666665
HL7ServerService:0.31666666666666665
AuditLoggerDelegate:0.29
AuditLoggerService:0.29
WADOSupport:0.28
RIDSupport:0.2633333333333333
GPWLScpService:0.24666666666666667
AbstractScpService:0.23
TLSConfigService:0.22333333333333333
AEService:0.22333333333333333
StoreScpService:0.21333333333333335
MPPSScpService:0.1988888888888889
QueryRetrieveScpService:0.18666666666666668
ExportManagerService:0.18333333333333332
XDSIService:0.18333333333333332
