FileSelector:0.49
StoreScp:0.48
MoveScuService:0.43333333333333335
MoveTask:0.3466666666666667
