RecoverySource:0.5966666666666667
CreateIndexIT:0.5033333333333333
FilterAllocationDecider:0.36
FilterAllocationDeciderTests:0.25666666666666665
