TimePicker:0.48333333333333334
TimePickerLayout:0.3233333333333333
PagerAdapter:0.2961111111111111
CircleCheckedTextView:0.21444444444444447
TimePickerDialog:0.19138888888888891
MainActivity:0.14333333333333334
