Vehicle:0.45666666666666667
Inventory:0.44333333333333336
Salvagable:0.395
Equipment:0.3433333333333333
GoodsUtil:0.30333333333333334
ManufactureGood:0.29
SalvageGood:0.27666666666666667
Manufacture:0.27666666666666667
UnitManager:0.25
ManufactureUtil:0.25
CollectionUtils:0.24
SalvageProcess:0.2
SalvageProcessInfo:0.18
TaskManager:0.17
EquipmentFactory:0.13666666666666666
PartSalvage:0.12333333333333334
ManufactureConfig:0.08666666666666667
SalvageInfo:0.08444444444444445
Engineer:0.04
