UserQueryService:0.6133333333333333
ArticleQueryService:0.5433333333333333
AuthFilter:0.25333333333333335
