SpdyConnection:0.63
SpdyStream:0.5066666666666667
Reader:0.26
Builder:0.15666666666666668
