IPUtils:0.6166666666666667
PushHandler:0.4142222222222222
