HtmlPage:0.6333333333333333
TextUtil:0.3611111111111111
WebResponseData:0.22
HtmlScript2Test:0.15333333333333332
