ExportHelper:0.49666666666666665
BinderModule:0.44484523809523807
WebUrlUtil:0.27666666666666667
UrlBuilder:0.2678730158730158
MarkupUtil:0.2633333333333333
AbstractEntryProcessor:0.20666666666666667
DefinitionModuleImpl:0.19805555555555557
BinderModuleImpl:0.12333333333333334
