IPreferenceConstants:0.5040555555555557
BioResourceView:0.44
ApplicationsPreferencePage:0.28
ApplicationWorkbenchAdvisor:0.25666666666666665
ExternalApplicationAction:0.23
PreferenceInitializer:0.21666666666666667
ImageUtils:0.1577777777777778
