GoogleCloudStorageService:0.5158055555555556
GoogleCloudStorageServiceTests:0.42333333333333334
GoogleCloudStorageRepository:0.41333333333333333
InternalGoogleCloudStorageService:0.4083333333333333
MockGoogleCloudStorageService:0.0033333333333333335
