Driver:0.69
TestDriver:0.3333333333333333
DriverFactory:0.2733333333333333
TestHashSemiJoinOperator:0.25333333333333335
TestNestedLoopJoinOperator:0.23
