LayerStyle2SLDPlugIn:0.685
ImportSLDPlugIn:0.46888888888888886
OpenJumpConfiguration:0.18666666666666668
