UnitNormConstraint:0.43333333333333335
NonNegativeConstraint:0.3616666666666667
BaseConstraint:0.2833333333333333
