SarosRmiSWTWorkbenchBot:0.64
ISarosRmiSWTWorkbenchBot:0.4666666666666667
TestParallelInvitationWithTerminationByHost:0.2866666666666667
TestPattern:0.19666666666666666
SarosConstant:0.09
