SwingPanelBuilder:0.51
SwingResultCellRenderer:0.4844444444444444
SwingFrame:0.36666666666666664
