Guice:0.6116666666666667
ClientServiceWithGuiceDefaults:0.32666666666666666
