StockPredictionManager:0.5333333333333333
SPredictionWizardIterator:0.41333333333333333
SPredictionVisualPanel3:0.25666666666666665
SPredictionVisualPanel2:0.19416666666666668
ShowPredictionAction:0.19
SPredictionVisualPanel1:0.17750000000000002
StockPredictionHelper:0.16666666666666666
