JChemPaintPanel:0.7366666666666667
JChemPaint:0.6033333333333334
JChemPaintApplet:0.33
