UserExt:0.74
UserProcessor:0.2833333333333333
ArticleQueryService:0.25
CommentQueryService:0.21666666666666667
TagQueryService:0.21666666666666667
AdminProcessor:0.21333333333333335
UserQueryService:0.19333333333333333
UserMgmtService:0.19333333333333333
NotificationQueryService:0.18
AvatarQueryService:0.15
ChatRoomProcessor:0.11333333333333333
CommentNotifier:0.11
