GoodsManager:0.6233333333333333
BuildingManager:0.33666666666666667
Farming:0.27
TradeUtil:0.23666666666666666
ManufactureUtil:0.22
ConstructionValues:0.21333333333333335
ResourceProcessing:0.21
Mining:0.20666666666666667
ToggleResourceProcess:0.19666666666666666
ToggleFuelPowerSource:0.19666666666666666
DigLocalRegolith:0.18333333333333332
TendGreenhouse:0.18333333333333332
PowerGeneration:0.18
CollectIce:0.18
CollectRegolith:0.18
Storage:0.17
Botanist:0.13333333333333333
