CropIwaOverlayConfig:0.4
CropIwaImageView:0.2866666666666667
CropIwaResultReceiver:0.24277777777777776
CropIwaView:0.2325
CropArea:0.23
CropIwaOverlayView:0.21333333333333335
CropIwaDynamicOverlayView:0.19805555555555557
ScaleGestureListener:0.17666666666666667
CornerPoint:0.10166666666666667
