AllTests:0.6866666666666666
UnitTestSuite:0.41333333333333333
