Data:0.54
NodeIOService:0.39
IOUtil:0.32
SerializationServiceBuilder:0.31333333333333335
DataAdapter:0.17666666666666667
PortableSerializer:0.14666666666666667
FactoryIdHelper:0.14
