OperatorStats:0.45
Driver:0.36666666666666664
DriverContext:0.3233333333333333
DriverStats:0.31
TaskStats:0.30333333333333334
TaskContext:0.25
QueryContext:0.23333333333333334
OperatorContext:0.21
PipelineStats:0.20666666666666667
PipelineContext:0.18777777777777777
TestOperatorStats:0.145
TestPipelineStats:0.115
TestTaskStats:0.11
TestDriverStats:0.11
