PortletUrlTagTest:0.5016666666666667
NoOpDispatcher:0.35
DefaultBeanSelectionProvider:0.34
CodebehindUnknownHandlerTest:0.33666666666666667
