DefaultExecutionTracker:0.6533333333333333
DefaultJVMHandler:0.41
DefaultTODHandler:0.32666666666666666
ExecutionListener:0.17666666666666667
