AppInfo:0.4
MMessage:0.38666666666666666
Args:0.24666666666666667
MAbout:0.23666666666666666
Main:0.18
