StatementGenerator:0.6166666666666667
OperatorRewriter:0.37666666666666665
StatementGeneratorTest:0.37
