GraphBase:0.6433333333333333
RuntimeModel:0.38333333333333336
ProducerBase:0.36
CompiletimeModel:0.19666666666666666
FieldListPattern:0.18333333333333332
