ClientComUtilities:0.8166666666666667
ServerComUtilities:0.38666666666666666
