EventLogger:0.6066666666666667
UdpChannelTransport:0.4483333333333333
SenderUdpChannelTransport:0.43
