DataAdapterRegistry:0.44333333333333336
XMLMenuBar:0.35333333333333333
XMLLayoutPanel:0.27666666666666667
MenuNameResolver:0.07611111111111112
ComponentNameResolver:0.07
