AbstractJChemPaintPanel:0.63
JChemPaintPanel:0.54
InsertTextPanel:0.4766666666666667
JChemPaintViewerPanel:0.45666666666666667
JChemPaintAbstractApplet:0.22666666666666666
JChemPaintEditorApplet:0.1525
JChemPaintViewerApplet:0.04666666666666667
