IntroductoryTextOnlyListExplanationCompositeDemo:0.5266666666666666
ListExplanationCompositeDemo:0.5266666666666666
ItemsOnlyListExplanationCompositeDemo:0.5266666666666666
