ClientPictures:0.4866666666666667
ClientWidget:0.45666666666666667
ClientClippings:0.4166666666666667
Property:0.38
ClientBlinkings:0.31
ClientMultiApplis:0.28
ClientSymbols:0.27244444444444443
ClientEngineFactory:0.27244444444444443
AbstractClientEngine:0.27
CockpitConfigurationHandler:0.2683333333333333
WidgetMessage:0.268
ShortPanel:0.25333333333333335
ClientGraphicsConfigHandler:0.24333333333333335
StringPanel:0.2397222222222222
BooleanPanel:0.2397222222222222
LongLongPanel:0.2397222222222222
BooleanStringPanel:0.2397222222222222
AbstractARINCTextEditor:0.235
ARINCLayerEvent:0.23333333333333334
ClientConfigurationParser:0.23
ElementPanel:0.23
MultiAppliGenerator:0.22666666666666666
GUIClientEngineGUI:0.22
ClientWidgetsRefHandler:0.21916666666666668
LayerEvent:0.21333333333333335
StylableTextEditor:0.2111111111111111
WidgetEvent:0.20666666666666667
ClientMessageProcessor:0.205
ARINClientWidgetFactory:0.20333333333333334
ClientWrapper:0.2
MessagePanelFactory:0.2
PicturesHandler:0.19666666666666666
ClientBinaryDFHandler:0.19666666666666666
ClientXMLDFHandler:0.19666666666666666
GrowableTable:0.19666666666666666
BasicClientEngine:0.19666666666666666
LayerListeners:0.19305555555555554
CockpitPlugin:0.18666666666666668
StatefullAPIImpl:0.18666666666666668
MapsHandler:0.18333333333333332
ConnectorXMLDFHandler:0.18
WidgetTableConstructor:0.18
XMLMapsDefinitionParser:0.17333333333333334
BackgroundAction:0.16333333333333333
StrikethroughAction:0.16333333333333333
ClientWidgetPanel:0.15
PicturesParser:0.14666666666666667
LayerPanel:0.13833333333333334
EditorListener:0.13666666666666666
PicturePanel:0.12333333333333334
APIFactory:0.09666666666666666
GUIUtilities:0.09
ConfigCockpitAction:0.08666666666666667
FrameworkUtilities:0.07
