ChadoDatabase:0.4866666666666667
JDBCTransactionWriter:0.45
ChadoAdapter:0.448
ChadoAdapterGUI:0.4166666666666667
