Logging:0.5833333333333334
WebServerProtocol:0.3433333333333333
TCPProtocol:0.3433333333333333
AbstractARINCPanel:0.25333333333333335
AbstractTCPSocketProtocol:0.15666666666666668
SocketProperties:0.0
