Loggers:0.8372222222222222
EvilLoggerConfigurationTests:0.27666666666666667
