Select:0.652
SelectImpl:0.47333333333333333
SimpleSelectImpl:0.37333333333333335
AbstractSelect:0.22333333333333333
Union:0.18
