TestHTTPStatusCodes:0.5733333333333334
TestHTTPStatusCodes_APIAAuthNOn:0.4166666666666667
AllSystemTestsAPIAAuthNOn:0.22
AllCommonSystemTests:0.17333333333333334
