NetworkHostsContainer:0.6033333333333334
HostManager:0.5666666666666667
NetworkTableModel:0.24666666666666667
ResearchService:0.16666666666666666
NewConnectedHostListener:0.12
