MvpPresenter:0.4287619047619048
ActivityMviDelegateImpl:0.35333333333333333
ViewGroupMviDelegateImpl:0.29
SecondPresenter:0.29
FragmentMviDelegateImpl:0.2633333333333333
PresenterManagerTest:0.24
MviBasePresenter:0.17
SimpleCountriesPresenter:0.12333333333333334
MvpBasePresenter:0.10666666666666667
MvpNullObjectBasePresenter:0.10666666666666667
FirstPresenter:0.10666666666666667
