UrlUtils:0.5933333333333334
XMLSerializer:0.19333333333333333
URLCreatorStandard:0.14
URLCreatorGAE:0.14
