DefaultBehaviorImpl:0.45
FedoraAccessSoapServlet:0.44333333333333336
ObjectInfoAsXML:0.3566666666666667
DatastreamsAsXML:0.20080952380952383
ProfileSerializerThread:0.16580952380952382
ObjectMethodsSerializerThread:0.16580952380952382
