Node:0.5666666666666667
Element:0.38666666666666666
Text:0.25666666666666665
NodeSelector:0.22666666666666666
CssSelector:0.22333333333333333
DomBuilderTest:0.18333333333333332
CSSellyLexer:0.17805555555555555
DOMBuilderTagVisitor:0.17666666666666667
DomTreeTest:0.14333333333333334
PseudoClassSelector:0.12666666666666668
DomXmlTest:0.12333333333333334
PseudoClass:0.07666666666666666
