PyList:0.5266666666666666
PyArray:0.37333333333333335
PySequence:0.30666666666666664
AstList:0.3
PySequenceList:0.25333333333333335
