Publication:0.6166666666666667
Subscription:0.4533333333333333
ClientConductor:0.27666666666666667
Aeron:0.24666666666666667
PublicationTest:0.18
SubscriptionTest:0.12333333333333334
