Configuration:0.7365555555555554
SemanticVerifier:0.5833333333333333
OLParser:0.46388888888888896
ParsingUtils:0.23666666666666666
JolieDoc:0.16111111111111112
