MetaTab:0.7383333333333333
Module:0.3983333333333333
