Page:0.4866666666666667
WebURL:0.43
CrawlController:0.35
Counters:0.26666666666666666
WebCrawler:0.24
PageFetcher:0.24
RobotstxtServer:0.1877777777777778
Cryptography:0.16333333333333333
RobotstxtParser:0.14833333333333334
ImageCrawler:0.14333333333333334
Parser:0.14333333333333334
LocalDataCollectorCrawler:0.14333333333333334
Downloader:0.13666666666666666
ControllerWithShutdown:0.08
