Binding:0.6866666666666666
ExpressionCompiler:0.55
CallSiteBinder:0.3233333333333333
Bootstrap:0.16333333333333333
