XATNALogger:0.35333333333333333
RegistryErrorList:0.35
XConfig:0.31
XAbstractService:0.2816666666666667
AuditMessageBuilder:0.255
SyslogWriter:0.2438888888888889
BackendRegistry:0.22666666666666666
AuditRecordRepoClient:0.22333333333333333
RetrieveDocumentSetResponse:0.20666666666666667
Codes:0.16
XBaseTransaction:0.14333333333333334
AbstractXDSRawXMLINoutMessageReceiver:0.10333333333333333
