DbHsqldbTestCase:0.5166666666666667
DbIdGeneratorTest:0.2761111111111111
EntityTest:0.2633333333333333
