ElementMatchers:0.5588888888888889
ForGivenType:0.39166666666666666
ForInstrumentedTypeHierarchy:0.3233333333333333
