RecordReaderDataSetIterator:0.5566666666666666
RecordReaderMultiDataSetIterator:0.4866666666666667
SparkSourceDummyReader:0.2833333333333333
RecordReaderDataSetiteratorTest:0.17
