HostManager:0.4633333333333333
ReadWorker:0.3433333333333333
NetworkHostsContainer:0.27
ConnectionRequest:0.20333333333333334
