ToLongArrayFunctionTest:0.2966666666666667
ToIntArrayFunctionTest:0.2966666666666667
ToShortArrayFunctionTest:0.16666666666666666
ToByteArrayFunctionTest:0.16666666666666666
ToDoubleArrayFunctionTest:0.13666666666666666
ToFloatArrayFunctionTest:0.13666666666666666
ToBooleanArrayFunctionTest:0.12
