Exploration:0.5444444444444444
MissionDataBean:0.3466666666666667
ExplorationSitesPanel:0.3466666666666667
