Methods:0.6566666666666666
BeanUtilTest:0.4866666666666667
Properties:0.2
