Airlock:0.6066666666666667
LifeSupport:0.44
BuildingAirlock:0.22333333333333333
