QueryManagerConfig:0.5866666666666667
SplitManager:0.4683333333333333
TestQueryManagerConfig:0.36333333333333334
