TestStringTemplate:0.4533333333333333
AngleBracketTemplateLexer:0.3961111111111111
StringTemplate:0.36
StringTemplateGroup:0.2733333333333333
ASTExpr:0.2733333333333333
ActionEvaluator:0.24666666666666667
Connector3:0.19777777777777777
AutoIndentWriter:0.18666666666666668
NameJSTemplate:0.07333333333333333
Cat:0.07
