CollectionUtils:0.5866666666666667
RegisteredServiceScriptedAttributeFilter:0.31666666666666665
ReturnRestfulAttributeReleasePolicy:0.2966666666666667
LoggingConfigController:0.22666666666666666
GroovySamlRegisteredServiceAttributeReleasePolicy:0.21333333333333335
GroovyScriptAttributeReleasePolicy:0.21333333333333335
DefaultConsentDecisionBuilder:0.21333333333333335
DenyAllAttributeReleasePolicy:0.21333333333333335
JsonResourcePasswordManagementService:0.21333333333333335
RemoteRequestPrincipalAttributesExtractor:0.2
U2FJsonResourceDeviceRepository:0.19666666666666666
U2FRestResourceDeviceRepository:0.19666666666666666
JsonYubiKeyAccountRegistry:0.19666666666666666
PatternMatchingEntityIdAttributeReleasePolicy:0.19666666666666666
CasCoreAuditConfiguration:0.19
ScriptedRegisteredServiceAttributeReleasePolicy:0.14
