Utils:0.7933333333333333
PathToken:0.61
PathCompiler:0.18333333333333332
