WebKeys:0.7172777777777777
UserPreloadInterceptor:0.41
LoginFilter:0.2833333333333333
InitRequestContextInterceptor:0.21
ListUnseenController:0.20333333333333334
