ToOneIdMapper:0.4166666666666667
JoinMulIdNaming:0.37666666666666665
JoinEmbIdNaming:0.37666666666666665
JoinNaming:0.22333333333333333
RelatedAuditExpression:0.14
NotNullAuditExpression:0.14
NullAuditExpression:0.14
SimpleAuditExpression:0.14
ToOneRelationMetadataGenerator:0.13666666666666666
