Lang:0.6866666666666666
Files:0.48333333333333334
Disks:0.27666666666666667
FilesTest:0.08666666666666667
