FeaturesConfig:0.9033333333333333
LocalQueryRunner:0.37
PlanOptimizers:0.34
TestFeaturesConfig:0.24333333333333335
