HttpUtils:0.51
AuthenticationProperties:0.49
JcifsSpnegoAuthenticationHandler:0.24333333333333335
SpnegoWebflowActionsConfiguration:0.19
SurrogateRestAuthenticationService:0.13333333333333333
SpnegoConfiguration:0.13333333333333333
RestMultifactorAuthenticationProviderBypass:0.10666666666666667
RestEndpointInterruptInquirer:0.10666666666666667
RestAcceptableUsagePolicyRepository:0.10666666666666667
