AbstractAccessDelegate:0.49222222222222217
HazelcastRegion:0.42380555555555555
AbstractHazelcastRegion:0.4
