MongoOptions:0.7666666666666667
MongoClientOptions:0.3566666666666667
Builder:0.29
MongoClientOptionsTest:0.15666666666666668
MongoOptionsTest:0.14
Holder:0.13333333333333333
