HelloOpenCL:0.6233333333333333
NV_compiler_options:0.4592619047619047
NV_pragma_unroll:0.4592619047619047
NV_device_attribute_query:0.4592619047619047
