SpectrumListener:0.6916666666666667
AssignmentPage:0.4
SpecMolResource:0.38
SpectraView:0.33
SpecMolEditor:0.30666666666666664
