ProfileSearchServiceImpl:0.39
ProfileIndexerServiceImpl:0.37
FSCache:0.31
ProfileIndexerService:0.2595
WrongDataServiceImpl:0.14333333333333334
FreelancerFieldBridge:0.10666666666666667
DirectoryScannerThread:0.06
