Config:0.6372222222222222
JPF:0.3933333333333333
