RegexpHighlight:0.6
FormulaConfigurationStyling:0.3433333333333333
JavaHighlightTextStyling:0.30333333333333334
XmlHighlightTextStyling:0.24
