ProfileModule:0.642
ProfileDao:0.585
GwtViewHelper:0.3566666666666667
ProfileDaoImpl:0.3433333333333333
GwtServerHelper:0.3333333333333333
ProfileModuleImpl:0.31666666666666665
