AnnotationSetImpl:0.6833333333333333
AnnotationFactory:0.5612142857142858
DefaultAnnotationFactory:0.22
