ProcessInfo:0.5066666666666667
TransformWriter:0.5066666666666667
ProcessInfoDataWriter:0.36666666666666664
DataLoaderService:0.2866666666666667
DataContext:0.28
StatisticManager:0.255
DefaultDataLoaderFactory:0.2227777777777778
NestedDataWriter:0.17666666666666667
DataExtractorService:0.16666666666666666
LoadIntoDatabaseOnArrivalListener:0.11333333333333333
TransformDatabaseWriter:0.08666666666666667
