Retailer:0.85
RetailerEditorConfiguration:0.4066666666666667
RetailerEditor:0.3466666666666667
RetailerEditorResult:0.08944444444444444
TestRetailerEditorConfiguration:0.023333333333333334
