PrincipalAttributeRegisteredServiceUsernameProvider:0.4866666666666667
ResourceUtils:0.4716666666666667
GroovyScriptDao:0.2722222222222222
