GaStringUtils:0.6377777777777777
Entity:0.47904761904761906
TraceCommand:0.16666666666666666
PathTraceCommand:0.15666666666666668
