StepExecutionListenerSupport:0.5597222222222222
TaskletStepTests:0.41333333333333333
TaskletStepExceptionTests:0.34
