RobolectricTestRunner:0.6633333333333333
ConfigMerger:0.42
ConfigMergerTest:0.33666666666666667
