DBPort:0.7566666666666667
DBCollectionImpl:0.4266666666666667
DBApiLayer:0.26
