GaServer:0.7516111111111111
SessionCommand:0.38083333333333336
