MutableFloat:0.20666666666666667
MutableLong:0.20666666666666667
MutableByte:0.20666666666666667
MutableDouble:0.20666666666666667
MutableBoolean:0.20666666666666667
MutableInteger:0.20666666666666667
MutableShort:0.20666666666666667
