SimpleQueryStringBuilder:0.5738888888888889
SimpleQueryStringTests:0.3233333333333333
SimpleQueryStringParser:0.32
