SubscriptContext:0.49666666666666665
Version:0.3364285714285714
AbstractDataAnalysis:0.2633333333333333
Planner:0.24
TransportSQLActionTest:0.22666666666666666
SelectAnalyzerTest:0.20666666666666667
S3ClientHelper:0.18333333333333332
DataStatementAnalyzer:0.17333333333333334
TransportSQLAction:0.16333333333333333
SubscriptVisitor:0.14666666666666667
SubscriptVisitorTest:0.09666666666666666
UpdateStatementAnalyzer:0.08333333333333333
