VariablePath:0.7482777777777778
JavaCommChannel:0.39222222222222225
