AbstractUpdatableAction:0.35
HealthTreeCellRenderer:0.18
JobRenderer:0.17666666666666667
ThresholdSettingsAction:0.11666666666666667
NodeThreadsAction:0.10333333333333333
ServerShutdownRestartAction:0.10333333333333333
