ItemReadListener:0.6966666666666667
SkipListener:0.6766666666666666
MulticasterBatchListenerTests:0.26666666666666666
CompositeItemReadListener:0.2633333333333333
CompositeExecutionJobListener:0.2633333333333333
ItemOrientedStepHandler:0.20833333333333334
CompositeChunkListener:0.17333333333333334
StepListenerSupport:0.16166666666666665
MulticasterBatchListener:0.15666666666666668
ItemListenerSupport:0.1527777777777778
CountingStepListenerSupport:0.14666666666666667
SimpleStepFactoryBeanTests:0.14
CompositeJobExecutionListenerTests:0.13666666666666666
CompositeItemWriteListener:0.07111111111111112
CompositeItemWriteListenerTests:0.07
CompositeSkipListener:0.07
CompositeItemReadListenerTests:0.03
OrderedComposite:0.023333333333333334
