RuleName:0.5566666666666666
GrammarModel:0.4
Version:0.25333333333333335
FreshNameDialog:0.25
HostDisplay:0.2
LoadGrammarAction:0.13
