AbstractDialectTestCase:0.6802777777777778
XML30IOTest:0.23666666666666666
NameCastTypeTest:0.10333333333333333
