DatePicker:0.5266666666666666
MonthView:0.48333333333333334
YearPicker:0.31333333333333335
MainActivity:0.2966666666666667
