List:0.37
Stream:0.3333333333333333
Traversable:0.3
Nil:0.2582222222222222
ProjectEulerTest:0.25188888888888894
StreamTest:0.19083333333333333
Cons:0.10833333333333334
