CmpMessageHelper:0.5433333333333333
CmpResponseMessage:0.36
CmpErrorResponseMessage:0.3233333333333333
CmpRevokeResponseMessage:0.2833333333333333
CmpConfirmResponseMessage:0.2833333333333333
