EditorGrid:0.58
AppliConfiguration:0.37666666666666665
EditorLayerWrapper:0.28
EditorMenuFactory:0.23
EditorOverlay:0.21666666666666667
