FlowExecutionImpl:0.6233333333333333
RequestControlContextImpl:0.43333333333333335
FlowExecutionImplTests:0.31
TransitionExecutingFlowExecutionExceptionHandlerTests:0.21666666666666667
FlowExecutionImplServicesConfigurer:0.12333333333333334
