EventBus:0.49333333333333335
EventBusMultithreadedTest:0.39
Subscription:0.2633333333333333
AbstractEventBusTest:0.18666666666666668
EventBusBackgroundThreadTest:0.15
EventBusMainThreadTest:0.13333333333333333
SubscribeUnsubscribeThread:0.0911111111111111
