PyObject:0.5933333333333334
PyFile:0.4066666666666667
PyLong:0.38666666666666666
PyInteger:0.38
PyFileDerived:0.2633333333333333
DataHandler:0.2277777777777778
__builtin__:0.21666666666666667
JDBC20DataHandler:0.14
