Interpreter:0.5866666666666667
CommandLineParser:0.4066666666666667
Manifest:0.3333333333333333
FileService:0.33
JolieServiceLoader:0.17666666666666667
