HyperLogLog:0.5733333333333334
HyperLogLogPlus:0.4766666666666667
TestHyperLogLogPlus:0.31
TestHyperLogLog:0.13666666666666666
