ScenarioDependencyTest:0.6188888888888889
SnapshotDependencyTest:0.31666666666666665
