URLUtil:0.48333333333333334
UrlSet:0.4066666666666667
FileManager:0.319
ClassFinder:0.31333333333333335
URLUtilTest:0.2833333333333333
