MemoryMetadata:0.5905555555555556
TestMemorySmoke:0.2
TestMemoryMetadata:0.11333333333333333
