TagThisDlg:0.3933333333333333
DlgBox:0.3433333333333333
ShareThisDlg:0.3333333333333333
ActivityStreamCtrl:0.31666666666666665
PopupMenu:0.2388888888888889
