JCPMenuTextMaker:0.6627777777777778
JChemPaintMenuHelper:0.5566666666666666
