ContentEditService:0.7133333333333334
PrivateManagerBean:0.33
StudyMgtScp:0.29
StudyMgtBean:0.2733333333333333
StudyMgtScpService:0.19666666666666666
