JaasAuthenticationProvider:0.6366666666666667
ExceptionTranslationFilter:0.35333333333333333
JaasAuthenticationProviderTests:0.31666666666666665
LdapAuthenticationProviderTests:0.20666666666666667
