Stream:0.7133333333333334
MessageDeframer:0.37333333333333335
MessageFramer:0.36
NettyServerStream:0.26
ChannelImpl:0.25666666666666665
HttpUtil:0.24416666666666667
MessageFramerTest:0.21333333333333335
NoopClientStream:0.2105952380952381
CallOptions:0.18333333333333332
AbstractClientStream:0.17666666666666667
NettyServerHandler:0.17666666666666667
MessageDeframerTest:0.17
AbstractStream:0.15666666666666668
ClientCallImpl:0.09333333333333334
