Index:0.48
QueryTest:0.44666666666666666
TestUtil:0.3466666666666667
UnsortedIndexStore:0.31
