StorageService:0.6098888888888889
TestOrcStorageManager:0.36666666666666664
ShardRecoveryManager:0.36666666666666664
FileStorageService:0.3566666666666667
OrcStorageManager:0.3433333333333333
StorageManagerConfig:0.26666666666666666
TestShardRecovery:0.20666666666666667
TestRaptorSplitManager:0.19666666666666666
StorageManagerStats:0.15
