SmartsMatchingTest:0.7566666666666667
SignSIcRunner:0.6433333333333333
SmartsInclusiveExclusiveTest:0.35
