FileDTO:0.49333333333333335
FileBean:0.34
StudyOnFileSystemBean:0.26666666666666666
