RepositoryService:0.7475
GenericWebdavRepositoryService:0.36333333333333334
FileRepositoryService:0.32666666666666666
