FormatUtils:0.74
PrimaryKeyConvention:0.38333333333333336
Database:0.38
SqlUtils:0.2
ViewPrimaryKeyConvention:0.12
FormatUtilsTest:0.056666666666666664
ViewDefaultPrimaryKeyConvention:0.006666666666666667
