MonthView:0.51
MaterialCalendarView:0.4866666666666667
MonthPagerAdapter:0.32
DynamicSettersActivity:0.22333333333333333
SavedState:0.17
DisableDaysActivity:0.12333333333333334
CustomizeCodeActivity:0.12333333333333334
BasicActivity:0.12333333333333334
CustomizeXmlActivity:0.12333333333333334
BasicActivityDecorated:0.02666666666666667
SimpleCalendarDialogFragment:0.01
Callbacks:0.0
