Factory:0.6133333333333333
Enhancer:0.38666666666666666
InvocationHandlerGenerator:0.34
EnhancerEmitter:0.3333333333333333
DispatcherGenerator:0.32
MethodInterceptorGenerator:0.30333333333333334
TestEnhancer:0.30333333333333334
LazyLoaderGenerator:0.22
Proxy:0.19666666666666666
CallbackUtils:0.19666666666666666
TestNoOp:0.17333333333333334
AbstractClassGenerator:0.16833333333333333
Context:0.16253968253968254
NamingPolicy:0.09
DefaultNamingPolicy:0.03
EnhancerKey:0.0
