VariableNode:0.49
TypeLabel:0.43333333333333335
ValueNode:0.41333333333333333
GraphJVertex:0.39666666666666667
DefaultRuleView:0.30333333333333334
AlgebraFamily:0.2733333333333333
Wildcard:0.25333333333333335
AspectJEdge:0.24666666666666667
NewAspect:0.22666666666666666
TypeGraph:0.22
PlanData:0.21666666666666667
AspectJVertex:0.21666666666666667
OperatorEdgeSearchItem:0.21333333333333335
GraphJEdge:0.20166666666666666
GraphToTikz:0.19
GraphJModel:0.19
ValueNodeSearchItem:0.18
JVertexView:0.17666666666666667
AspectLabel:0.17666666666666667
GraphSearchPlanFactory:0.16333333333333333
ValueNodeRecord:0.16
PositiveCondition:0.15333333333333332
DefaultGraphView:0.14666666666666667
AspectParser:0.13
