OkHttpClientStream:0.46
TransportState:0.35
OkHttpClientTransportTest:0.31666666666666665
ClientFrameHandler:0.25666666666666665
OkHttpClientTransport:0.23666666666666666
Http2ClientStreamTransportState:0.19666666666666666
Http2ClientStreamTransportStateTest:0.18777777777777777
OkHttpClientStreamTest:0.18666666666666668
AbstractClientStream2Test:0.17666666666666667
Sink:0.023333333333333334
