MessageDecoder:0.5633333333333334
ClientMessageDecoder:0.5633333333333334
ServerEngineComm_3Test:0.46
