Window:0.61
EventTarget:0.48333333333333334
JavaScriptEngine:0.44666666666666666
