HazelcastInstance:0.5633333333333334
ClientEndpoint:0.29
Node:0.2866666666666667
ClientRequestHandler:0.22833333333333333
FactoryImpl:0.22
NodeIOService:0.20583333333333337
HazelcastClient:0.20333333333333334
HazelcastInstanceProxy:0.18333333333333332
LifecycleServiceImpl:0.17400000000000002
