LoggingTool:0.74
FileConvertor:0.3
Viewer:0.21666666666666667
SubstructureFinder:0.1988888888888889
IUPACNameGenerator:0.1988888888888889
FileFormatGuesser:0.1988888888888889
FingerPrinter:0.1988888888888889
Validator:0.18222222222222223
