Actor:0.6266666666666667
Group:0.37666666666666665
Tree:0.3433333333333333
Table:0.34
CheckBox:0.2677777777777778
