ViewScene:0.6066666666666667
CustomAddRemoveControlPointAction:0.2833333333333333
ObjectNodeWidget:0.2061111111111111
ObjectConnectionWidget:0.19
FreeMoveControlPointProvider:0.013333333333333334
CustomMoveControlPointAction:0.006666666666666667
