URL:0.7333333333333333
URLTag:0.37
URLTagTest:0.2633333333333333
ServletUrlRenderer:0.22666666666666666
