UltimateRecyclerView:0.8
UltimateViewAdapter:0.3566666666666667
GridTestOnlyOnePage:0.25
GridLayoutRVTest:0.21666666666666667
