TsvPrinter:0.5333333333333333
CsvPrinter:0.47
AlignedTablePrinter:0.16333333333333333
TestCsvPrinter:0.09666666666666666
TestTsvPrinter:0.09666666666666666
