Advapi32:0.528888888888889
W32Service:0.4
Winsvc:0.12169841269841271
W32ServiceTest:0.10166666666666667
SERVICE_FAILURE_ACTIONS_FLAG:0.008981481481481483
SC_ACTION:0.008981481481481483
SERVICE_FAILURE_ACTIONS:0.008981481481481483
