ClientEngine:0.7033333333333334
ClientEngineImpl:0.34
ListenerTest:0.23333333333333334
AuthenticationRequest:0.21666666666666667
AddMessageListenerRequest:0.20555555555555557
AddListenerRequest:0.20555555555555557
AddEntryListenerRequest:0.20555555555555557
AddItemListenerRequest:0.20555555555555557
CallableClientRequest:0.1
