CmdFactory:0.42333333333333334
DownloadSchedulers:0.35
CommonUtil:0.29
AMTarget:0.2825
IDownloadSchedulers:0.2633333333333333
AMReceiver:0.22
DownloadTaskQueue:0.21666666666666667
ITaskQueue:0.215
AriaManager:0.20083333333333334
IDownloadCmd:0.16666666666666666
AddCmd:0.12333333333333334
StopCmd:0.12333333333333334
SingleCmd:0.09333333333333334
StartCmd:0.09333333333333334
CancelCmd:0.09333333333333334
