PluginsInfo:0.46
ElasticsearchAssertions:0.37
NodeInfo:0.36
ClusterStatsNodes:0.27416666666666667
PluginsService:0.2513888888888889
RestPluginsAction:0.13666666666666666
