Constants:0.5986666666666667
InputPort:0.41333333333333333
OOITBuilder:0.37666666666666665
CommCore:0.2633333333333333
ClosedVariablePath:0.25666666666666665
LocalListener:0.18333333333333332
Helpers:0.0
