AbstractJdbcDdlReader:0.6666666666666666
ForeignKey:0.53
SqliteDdlReader:0.3333333333333333
IDdlReader:0.25327777777777777
BasicDataSourceFactory:0.24111111111111114
