ArraysTest:0.7983333333333333
ArraysUtilTest:0.4666666666666667
ConvertTest:0.17
