SimpleDaoTest:0.6733333333333333
DaoSupport:0.3233333333333333
NutMvcListener:0.26666666666666666
JdbcExpertConfigFile:0.20666666666666667
