ModelAndView:0.4866666666666667
Spark:0.4511111111111111
GenericIntegrationTest:0.3566666666666667
TemplateViewRouteImpl:0.17666666666666667
TemplateEngine:0.07
