CertTools:0.9333333333333333
CertificateTransparency:0.46753968253968264
X509CA:0.36
