TypeUtils:0.43333333333333335
DebugEventListener:0.3813888888888889
MethodInfo:0.37333333333333335
DefaultExecutionTracker:0.31666666666666665
ClassInfo:0.2966666666666667
BreakpointInfo:0.25333333333333335
DefaultBreakpointHandler:0.17333333333333334
RequestQueueManager:0.17333333333333334
JVMEventManager:0.16666666666666666
ProgramStep:0.11333333333333333
StateInfo:0.043333333333333335
ProgramStepFactory:0.03666666666666667
MethodCallStep:0.028333333333333332
TypeInfo:0.006666666666666667
