ServiceManager:0.6166666666666667
DownloadManager:0.4033333333333333
UploadFile:0.38666666666666666
UploadFileContainer:0.22333333333333333
JobsRunner:0.17
