GwtRole:0.35333333333333333
PerUserRightsInfo:0.34111111111111103
GwtNetFolderHelper:0.32
ModifyNetFolderDlg:0.2955555555555555
NetFolderSelectPrincipalsWidget:0.21666666666666667
