Wallet:0.8466666666666667
WalletTest:0.24333333333333335
ChannelConnectionTest:0.24
TestWithNetworkConnections:0.21333333333333335
ChainSplitTest:0.21333333333333335
TestWithWallet:0.14333333333333334
