JsonAnnotationManager:0.37333333333333335
JsonParser:0.35
JSONAnnotation:0.33
JSONAnnotationData:0.18555555555555556
BeanSerializer:0.16333333333333333
