PyString:0.7466666666666667
Py:0.6172222222222222
FileWrapper:0.27
PyUnicode:0.22166666666666668
StdoutWrapper:0.22
SHA1:0.20333333333333334
PyArray:0.20333333333333334
zipimporter:0.20333333333333334
parser:0.20333333333333334
RFileWrapper:0.19666666666666666
DataHandler:0.165
IOStreamWrapper:0.13
OutputStreamWrapper:0.13
InputStreamWrapper:0.13
FilelikeInputStream:0.11666666666666667
MySQLDataHandler:0.09333333333333334
JDBC20DataHandler:0.09333333333333334
