ISessionListener:0.7766666666666666
SessionManager:0.5066666666666667
AbstractSessionListener:0.29255555555555557
