TagElement:0.6833333333333333
MediaElement:0.35333333333333333
DicomFieldsView:0.26666666666666666
DicomTag:0.14166666666666666
