Jpdbi:0.6366666666666667
CommandLine:0.42333333333333334
