LineCollectorExpression:0.5266666666666666
FileReadingCollector:0.3433333333333333
ColumnExtractingLineExpression:0.15
SourceLineExpression:0.13333333333333333
SourceAsMapLineExpression:0.13333333333333333
