NodeView:0.7344444444444445
NodeInfoMaker:0.5733333333333334
