SiteView:0.49333333333333335
ApolloPanel:0.44666666666666666
Sites:0.23
SelectionManager:0.11666666666666667
SiteCodon:0.10333333333333333
MouseManager:0.016666666666666666
