BatchNormalization:0.6833333333333333
BatchNormalizationParamInitializer:0.30333333333333334
ConvolutionLayerSetup:0.25333333333333335
BatchNormalizationTest:0.15
