Operation:0.6266666666666667
OperationRunnerImpl:0.39666666666666667
EntryOperation:0.37333333333333335
AbstractCallableTaskOperation:0.27
ExecutorServiceTest:0.21666666666666667
CallableWithDeserializationError:0.16003968253968257
