Hitem:0.5633333333333334
Sym:0.4166666666666667
Rule:0.39166666666666666
Kons:0.38333333333333336
FunctionSym:0.31
InvocationNameSym:0.25
FormalTypes:0.24666666666666667
ExpLevelSym:0.22333333333333333
CoreUtilities:0.21666666666666667
AddEquivalenceRequestMsg:0.20333333333333334
InvariantHypoAgent:0.20333333333333334
InstanceManager:0.2
SymbolHashCoreParser:0.19333333333333333
SubmitStandingHypothesisMsg:0.17666666666666667
AssumeEquivRule:0.16333333333333333
BuildAbstractUcon:0.15
SymbolHashMangoModel:0.12333333333333334
AbstractSymbolReq:0.11666666666666667
SymbolHashRewriter:0.11
BlockedUcon:0.09
CoefficientValue:0.08666666666666667
ArithmeticFieldType:0.08666666666666667
TranslateType:0.08333333333333333
NotAbstractSym:0.08
BuildAbstractSym:0.08
ResolvedAbstractSym:0.08
NotResolvedAbstractUcon:0.08
SymbolHashLogicAndArithmetic:0.06
InvocationNameReq:0.0025
