TypeSubstituting:0.5633333333333334
OfNonGenericType:0.31666666666666665
OfParameterizedType:0.2966666666666667
ForReifiedErasure:0.23666666666666666
