FlushRequest:0.7033333333333334
CorruptedFileTest:0.31
TransportFlushAction:0.25333333333333335
RestFlushAction:0.20333333333333334
ShardFlushRequest:0.19666666666666666
FlushRequestBuilder:0.08666666666666667
