FactoryImpl:0.53
CollectionProxyImpl:0.33666666666666667
QProxyImpl:0.31333333333333335
MultiMapProxy:0.3
HazelcastTest:0.29333333333333333
KeyValue:0.29111111111111115
TopicProxyImpl:0.29
EntryEvent:0.2733333333333333
ListenerManager:0.2633333333333333
MProxyImpl:0.24
CMap:0.23
CMapEntry:0.21666666666666667
BaseManager:0.2055
EventTask:0.18
TransactionRecord:0.15333333333333332
ProxyKey:0.04666666666666667
IO:0.0
Objects:0.0
