XMLConfigBuilderTest:0.79
XmlClientConfigBuilderTest:0.36333333333333334
AbstractConfigBuilder:0.3566666666666667
