MURLButton:0.6658333333333334
Editor:0.4533333333333333
MTip:0.23333333333333334
MSmallButton:0.16166666666666665
