ManagedServiceInterceptor:0.6633333333333333
AtmosphereHandlerServiceInterceptor:0.24833333333333332
MeteorServiceInterceptor:0.24833333333333332
