Corpus:0.7666666666666667
Project:0.31
NullCqiServer:0.28
CorporaView:0.19666666666666666
ApplicationWorkbenchAdvisor:0.16666666666666666
AddBase:0.13666666666666666
