FileMetaInjector:0.07666666666666666
ReaderInjector:0.07666666666666666
MapArrayInjector:0.07666666666666666
MapListInjector:0.07666666666666666
InputStreamInjector:0.07666666666666666
TempFileArrayInjector:0.07666666666666666
TempFileInjector:0.07666666666666666
FileInjector:0.06333333333333334
