Bc_databasePlugin:0.61
DatabaseManager:0.4072222222222222
ConfigurationHelper:0.37
RunDemo:0.20666666666666667
