TransportListener:0.6338888888888888
OkHttpClientTransport:0.5916666666666667
Listener:0.3885555555555556
InProcessTransport:0.38
