AlarmManager:0.5366666666666666
TaskManager:0.5066666666666667
TaskList:0.45
