JdbcMetadata:0.6733333333333333
TestJdbcMetadata:0.33666666666666667
JdbcConnector:0.26666666666666666
TestJdbcRecordSetProvider:0.21
JdbcModule:0.19333333333333333
JdbcRecordSetProvider:0.16333333333333333
JdbcSplitManager:0.08333333333333333
JdbcRecordSinkProvider:0.04666666666666667
