ByteDecoder:0.38166666666666665
JavaClientTest:0.38
ByteEncoder:0.33666666666666667
