ClientExecutionServiceImpl:0.44
HazelcastClientInstanceImpl:0.38
ClientRegressionWithMockNetworkTest:0.35333333333333333
ClusterListenerSupport:0.2966666666666667
ClientSmartListenerService:0.2811111111111111
ClientNonSmartListenerService:0.2611111111111111
ClientListenerServiceImpl:0.11333333333333333
