SerialCorpusImpl:0.8166666666666667
TestPersist:0.42
CorpusEditor:0.20666666666666667
SaveToAction:0.14333333333333334
