Robolectric:0.63
RobolectricInternals:0.37
AndroidTranslator:0.33666666666666667
AndroidTranslatorTest:0.31
Foo:0.17777777777777776
ShadowFoo:0.11666666666666667
Vars:0.014285714285714285
