InstructionList:0.36666666666666664
BranchHandle:0.36042857142857143
InstructionHandle:0.33
PAMethodSummary:0.2833333333333333
NEWARRAY:0.2788888888888889
CribSheetReflectionInformationProvider:0.2733333333333333
UnknownObjectException:0.22166666666666668
RET:0.18337301587301585
BIPUSH:0.18337301587301585
INVOKEINTERFACE:0.18337301587301585
IINC:0.18337301587301585
SIPUSH:0.18337301587301585
MULTIANEWARRAY:0.1717063492063492
DCONST:0.1515
LCONST:0.1515
FCONST:0.1515
ICONST:0.1515
TargetLostException:0.14333333333333334
WrappedException:0.07666666666666666
MonitorExit:0.0
