TableEditor:0.4766666666666667
SpecificitiesTableEditor:0.4066666666666667
TableSorter:0.395
