GroupByAggregateTest:0.6333333333333333
Version:0.39166666666666666
ParameterInfo:0.19
