Dispatcher:0.5233333333333333
OkHttpClient:0.45055555555555554
Job:0.395
