AsianPersonRecognition:0.7752777777777778
NatureDemo:0.20905555555555555
