SequencerAgent:0.56
AeronArchive:0.49666666666666665
ServiceControlAdapter:0.2777777777777778
ServiceControlListener:0.19633333333333333
