WrapperActionMapping:0.47
WrapperModuleConfig:0.32
ActionFormValidationInterceptor:0.11666666666666667
ActionFormResetInterceptor:0.11666666666666667
