Flyway:0.5966666666666667
MigrationVersionSmallTest:0.31666666666666665
MetaDataTableImpl:0.2866666666666667
MigrationTestCase:0.2866666666666667
Locations:0.27666666666666667
AntLargeTest:0.24666666666666667
SQLServerMigrationTestCase:0.19666666666666666
AbstractFlywayTask:0.17666666666666667
DB2MigrationMediumTest:0.16666666666666666
CompositeMigrationResolver:0.16183333333333333
H2MigrationMediumTest:0.155
HsqlMigrationMediumTest:0.13666666666666666
FlywaySmallTest:0.125
MigrateTask:0.12
SQLServerCaseSensitiveMigrationTestCase:0.08666666666666667
PostgreSQLSuperUserMigrationMediumTest:0.07
OsgiActivator:0.06666666666666667
InfoTask:0.0
ValidateTask:0.0
PlaceholderElement:0.0
PlaceholdersElement:0.0
LocationElement:0.0
