DataManager:0.7966666666666666
Update:0.22083333333333333
