Messages:0.5233333333333333
DataSpaceEditorManager:0.3566666666666667
AbstractDWidget:0.31333333333333335
AbstractDialog:0.3
DeleteWidgetListener:0.29
AbstractDataSpaceEditorDesigner:0.26
DWidgetDialog:0.23666666666666666
IDialogEditor:0.22166666666666668
DEditor:0.16666666666666666
PopupWidget:0.13
ChangeWidgetListener:0.08666666666666667
