MapItemsPaneRenderer:0.62
MapItemListRenderer:0.3933333333333333
JFXServerDisplay:0.3933333333333333
MapSourceRenderer:0.33
