GeoShapeQueryBuilder:0.7482777777777778
GeoFilterIT:0.44527777777777783
