HttpSecurityConfigPostProcessor:0.36
HttpSecurityBeanDefinitionParserTests:0.35333333333333333
BeanIds:0.22033333333333333
X509PreAuthenticatedProcessingFilter:0.19555555555555554
HttpSecurityBeanDefinitionParser:0.18666666666666668
FilterChainOrder:0.14194444444444446
Elements:0.006666666666666667
