SqlScript:0.6166666666666667
DbCreator:0.33
MySQLDbSupport:0.25666666666666665
SqlScriptTest:0.20666666666666667
OracleSqlScript:0.18666666666666668
