Native:0.6833333333333333
FFIType:0.33566666666666667
DirectTypeMapperTest:0.24333333333333335
DirectTypeMappedEnumerationTestLibrary:0.09333333333333334
