Instruction:0.4533333333333333
JVM:0.4066666666666667
DeadlockAnalyzer:0.31333333333333335
JPF_java_lang_Object:0.15
ThreadOp:0.09904761904761905
