JoinNode:0.5066666666666667
AnalysisResult:0.4633333333333333
EquiJoinClause:0.36
TestQueries:0.35333333333333333
LogicalPlanner:0.25333333333333335
NodePrinter:0.19666666666666666
Rewriter:0.18333333333333332
RelationAnalyzer:0.175
AnalysisContext:0.15
Visitor:0.13666666666666666
