HttpUtils:0.5433333333333333
SoapProtocol:0.3433333333333333
XmlRpcProtocol:0.19
JsonRpcProtocol:0.17
HttpProtocol:0.03
