IndexWarmersMetaData:0.4
Entry:0.3333333333333333
IndicesOptionsIntegrationIT:0.24333333333333335
RestSearchAction:0.23666666666666666
SearchService:0.21833333333333332
GetIndexResponse:0.21
ClusterStateDiffIT:0.19333333333333333
GetWarmersResponse:0.16666666666666666
SearchWarmer:0.14
TransportPutWarmerAction:0.12333333333333334
RestPutWarmerAction:0.11333333333333333
CountRequestTests:0.11333333333333333
SlowLogSearchContextPrinter:0.11333333333333333
