Binder:0.6233333333333333
WebKeys:0.5011111111111112
Tabs:0.44666666666666666
TabEntry:0.4033333333333333
BinderHelper:0.35
AjaxController:0.3433333333333333
AdvancedSearchController:0.29
ListFolderController:0.25333333333333335
WorkspaceTreeController:0.15
DashboardAjaxController:0.14333333333333334
ViewEntryController:0.14333333333333334
AddEntryController:0.12666666666666668
ListProfilesController:0.10666666666666667
ConfigureConfigurationController:0.10333333333333333
ClipboardController:0.10083333333333333
ReloadOpenerController:0.08666666666666667
