Group:0.7966666666666666
BitmapFontTest:0.4055555555555555
UITest:0.2633333333333333
