Collector:0.4066666666666667
Default:0.38
AgentBuilderDefaultTest:0.36333333333333334
BatchAllocator:0.3466666666666667
PoolStrategy:0.316984126984127
ByThrowableType:0.29
AgentBuilderRedefinitionStrategyListenerTest:0.27666666666666667
Listener:0.24333333333333335
ExecutingTransformer:0.19444444444444445
Ignoring:0.19111111111111112
Transforming:0.1877777777777778
AgentBuilderRedefinitionStrategyBatchAllocatorTest:0.11333333333333333
Redefining:0.08444444444444445
