HiveClientConfig:0.7533333333333333
HiveClientModule:0.31666666666666665
TestHiveClientConfig:0.26666666666666666
StaticHiveCluster:0.22666666666666666
