SWTRenderer:0.6416666666666667
JChemPaintEditor:0.3333333333333333
JChemPaintSWTWidget:0.2966666666666667
JChemPaintEditorWidget:0.24666666666666667
MoleculesEditorLabelProvider:0.13666666666666666
MultiPageMoleculesEditorPart:0.08
