PutFromLoadAllOperation:0.49333333333333335
MapLoaderTest:0.41
DataToEntry:0.29333333333333333
MyIntercepter:0.18666666666666668
