ProcessStatus:0.44333333333333336
ProcessStatusMock:0.38
IProcessStatus:0.2633333333333333
