PackageResourceLoader:0.5733333333333334
DrawableBuilder:0.5433333333333333
DrawableResourceLoaderTest:0.31377777777777777
