CheckConsentRequiredAction:0.5433333333333333
ConsentWebflowConfigurer:0.4533333333333333
DefaultConsentEngine:0.26
