IQsarManager:0.7911111111111111
QsarManager:0.6213333333333334
