ConvolutionLayer:0.79
Convolution1DLayer:0.5133333333333333
CNN1DGradientCheckTest:0.23666666666666666
