DefaultManagement:0.43
MockManagementDelegateForJournalTesting:0.34
TestRelationships:0.3333333333333333
SimpleDOWriter:0.24333333333333335
JournalCreator:0.20666666666666667
FedoraAPIMBindingSOAPHTTPImpl:0.20666666666666667
BuildAxisStubWrapper:0.14333333333333334
