FsDirectoryService:0.4633333333333333
NodeEnvironment:0.44333333333333336
OldIndexBackwardsCompatibilityIT:0.2733333333333333
IndexRecoveryIT:0.22333333333333333
SmbMmapFsDirectoryService:0.13666666666666666
