Function:0.6508333333333334
NativeLibrary:0.61
Handler:0.23666666666666666
