SimulatorModel:0.6266666666666667
DisplayTreeNode:0.47333333333333333
ApplyMatchAction:0.41777777777777775
StateList:0.29
MatchTreeNode:0.285
ResourceTreeNode:0.27666666666666667
ResourceTree:0.26
RuleJTree:0.24
MyMouseListener:0.20111111111111113
DisplayTreeCellRenderer:0.2
NumberedTreeNode:0.19666666666666666
FolderTree:0.19111111111111112
ActionTreeNode:0.19
RuleTreeNode:0.13666666666666666
MySelectionListener:0.12
