InetSocketTransportAddress:0.5133333333333333
ESIntegTestCase:0.4888888888888889
NetworkService:0.23666666666666666
