ExecutionLogic:0.4633333333333333
AdminActionLog:0.46
ProcessInfoFormTag:0.36666666666666664
IAttributes:0.02
