SqlBuilder:0.7133333333333334
StudyBean:0.35333333333333333
QueryCmd:0.31333333333333335
GPSPSPerformerBean:0.29333333333333333
MWLItemBean:0.23333333333333334
PatientBean:0.21333333333333335
WadoQueryCmd:0.20666666666666667
PatientBeanTest:0.15666666666666668
QueryStudiesCmd:0.13
GPWLQueryCmd:0.12
MWLQueryCmd:0.10666666666666667
MPPSQueryCmd:0.10333333333333333
