Cooking:0.67
CookedMeal:0.4266666666666667
EatDessert:0.21
CookMeal:0.2041666666666667
EatMeal:0.18333333333333332
BuildingPanelCooking:0.13666666666666666
TabPanelCooking:0.09666666666666666
