LiferayStyle:0.45
Style:0.4166666666666667
Liferay41Style:0.36333333333333334
