StudyListPage:0.4533333333333333
SelectedEntities:0.41
ConfirmationWindow:0.27666666666666667
MessageWindowPanel:0.21
StudyListView:0.18333333333333332
