JobInstance:0.5166666666666667
StepInstance:0.41
StepInstanceTests:0.22
StepExecutionTests:0.21
JobInstanceTests:0.18666666666666668
JobExecutionTests:0.16333333333333333
