ExtentHelper:0.5966666666666667
ExtentsStrategy:0.36
Get:0.3566666666666667
