DesktopIndicator:0.56
GUIRegistry:0.38666666666666666
ExitPhexAction:0.35333333333333333
SwitchNetworkAction:0.1
