ClientConductor:0.39
ConsumerSession:0.3233333333333333
AeronTest:0.31
LogReader:0.21550000000000002
ConsumerChannel:0.16833333333333333
ChannelNotifiable:0.14068253968253966
