Window:0.5733333333333334
WebClient:0.5433333333333333
WindowTest:0.08666666666666667
