INDArray:0.6433333333333333
IComplexNDArray:0.54
NDArray:0.4266666666666667
ComplexNDArrayTests:0.4166666666666667
NDArrayTests:0.4166666666666667
NDArrays:0.41333333333333333
DummyNDArray:0.4066666666666667
ComplexNDArray:0.39
Builder:0.33666666666666667
BaseNeuralNetwork:0.3
ArrayOps:0.25666666666666665
ArrayUtil:0.25333333333333335
NeuralNetworkOptimizer:0.24833333333333332
DataSet:0.19333333333333333
Transforms:0.17333333333333334
BaseTwoArrayElementWiseOp:0.14333333333333334
Pow:0.11666666666666667
Sigmoid:0.10333333333333333
Sampling:0.059722222222222225
RBMTest:0.03
Stabilize:0.02
