LoadBalance:0.67
Router:0.3818333333333333
AbstractClusterInvoker:0.3466666666666667
AbstractClusterInvokerTest:0.23
AbstractDirectory:0.22333333333333333
LoadBalanceTest:0.17111111111111113
MockInvokersSelector:0.15666666666666668
ScriptRouterEngineTest:0.13666666666666666
AbstractLoadBalance:0.06666666666666667
