Builder:0.485
LSTM:0.44
RNTN:0.32
Tsne:0.24666666666666667
GravesLSTM:0.21666666666666667
SubsamplingLayer:0.21333333333333335
PlotFilters:0.19666666666666666
BaseUpdater:0.14333333333333334
CurvesDataFetcher:0.14333333333333334
GravesLSTMParamInitializer:0.13
TimeSeriesUtils:0.12333333333333334
MultiLayerTestRNN:0.1
