VFSFile:0.9316666666666666
EntryCompare:0.2833333333333333
