XContentHelper:0.5866666666666667
AbstractQueryTestCase:0.48333333333333334
PercolateQueryBuilder:0.37333333333333335
ElasticsearchAssertionsTests:0.15666666666666668
