MoleculeKU:0.5566666666666666
SMARTSnEnergiesTable:0.38333333333333336
