CharArrayResponseWrapperTest:0.7372936507936508
HttpServletRequestParamMapTest:0.22994444444444445
