ArticleQQSender:0.56
TagProcessor:0.3233333333333333
TagCache:0.14333333333333334
