HazelcastInstance:0.7016666666666667
HazelcastClientInstanceImpl:0.3630555555555556
HazelcastInstanceImpl:0.2947222222222222
HazelcastOSGiInstanceImpl:0.2947222222222222
ServiceManagerImpl:0.2711111111111112
ProxyManager:0.24333333333333335
DefaultMessageTaskFactoryProvider:0.20666666666666667
HazelcastClientProxy:0.18333333333333332
HazelcastInstanceProxy:0.18333333333333332
FactoryIdHelper:0.09966666666666667
