Node:0.7233333333333334
GraphEltSet:0.35333333333333333
SticksRenderer:0.30666666666666664
