DataTipManager:0.6466666666666666
DataTipCell:0.5333333333333333
TableDataTipListener:0.4473333333333331
FSHelper:0.30666666666666664
Tree:0.3
TodoEditorCore:0.2633333333333333
DataTipListener:0.13333333333333333
DataTipComponent:0.07666666666666666
ListDataTipListener:0.04750000000000001
TreeDataTipCell:0.03333333333333333
TableDataTipCell:0.013333333333333334
ListDataTipCell:0.006666666666666667
DataTipPopup:0.0033333333333333335
TreeDataTipListener:0.0027777777777777775
