AtomPlacer:0.36
AbstractController2D:0.3233333333333333
AbstractRenderer2D:0.29
StructureDiagramGeneratorTest:0.27
MDLV2000ReaderTest:0.25083333333333335
PharmacophoreMatcher:0.25
WWMMatrixReader:0.24555555555555553
ArrowRenderer2D:0.19666666666666666
MstandardTests:0.11666666666666667
DataFeaturesTool:0.1
