MongoCredential:0.38333333333333336
MongoClientURI:0.36666666666666664
DBPort:0.31666666666666665
GSSAPIAuthenticator:0.3
SaslAuthenticator:0.23333333333333334
MongoClientURITest:0.19333333333333333
MongoCredentialTest:0.15333333333333332
PlainAuthenticator:0.06666666666666667
