SpTree:0.4166666666666667
VocabWord:0.36666666666666664
Builder:0.27666666666666667
BarnesHutTsne:0.26666666666666666
Index:0.26666666666666666
Counter:0.22666666666666666
Word2Vec:0.22333333333333333
InMemoryLookupCache:0.22333333333333333
Word2VecChange:0.21
SentenceBatch:0.1
SPTreeTest:0.07333333333333333
Word2VecTest:0.05333333333333334
