ManyDisseminationsTestSetup:0.5255555555555556
TestManyDisseminations:0.43333333333333335
AllCommonSystemTests:0.42
AllSystemTestsConfigA:0.22666666666666666
