CommitStats:0.44333333333333336
InternalTestCluster:0.42055555555555557
Fields:0.03
