Engine:0.6533333333333333
CommonConfiguration:0.6233333333333333
ClientEngine:0.56
ServerConfiguration:0.43
ARINCUIManager:0.3751190476190476
JFXFactory:0.2791666666666667
WidgetTableConstructor:0.22666666666666666
ConfigParser:0.22
EmbedClient:0.21476190476190476
ServerConfigurationParser:0.20666666666666667
ARINC661App:0.20666666666666667
ARINCSettings:0.20333333333333334
GUIUtilities:0.19666666666666666
ClientConfigurationParser:0.19333333333333333
JFXUIDefinitionParser:0.185
RendererKeyTest:0.18166666666666667
AbstractServerEngine:0.14666666666666667
SwingUIDefinitionParser:0.14666666666666667
AbstractClientEngine:0.13666666666666666
LoaderListenersWrapper:0.09666666666666666
CockpitLoaderListener:0.09166666666666666
ConfigurationSerializer:0.08666666666666667
ClientLookAndFeelHandler:0.03666666666666667
EmbedConfigProperties:0.0
