DefaultTokeniser:0.62
DFSMState:0.43866666666666665
JapeGUI:0.2866666666666667
