AbstractInvocationFuture:0.6333333333333333
ClusterListenerSupport:0.56
ShutdownNodeOperation:0.31333333333333335
