DigestBlob:0.7933333333333333
BlobTransferTarget:0.2733333333333333
BlobContainer:0.215
