ClientWiredStatelessChronicleMap:0.5733333333333334
ClientWiredStatelessChronicleEntrySet:0.5475
MapStatelessClient:0.22333333333333333
