INodeService:0.7035555555555555
NodeSecurity:0.49666666666666665
DataService:0.42333333333333334
IDataService:0.4220674603174603
RegistrationService:0.31666666666666665
NodeService:0.30666666666666664
AbstractServlet:0.20333333333333334
PullServlet:0.17666666666666667
NodeSecurityRowMapper:0.043333333333333335
