Http2ServerTest:0.54
Http2ClientTest:0.2833333333333333
VertxHttp2ConnectionHandler:0.20333333333333334
HttpServerImpl:0.2
