AbstractCacheService:0.5488888888888889
CacheConfigTest:0.42333333333333334
CacheService:0.32666666666666666
