ResponseReport:0.6666666666666666
ResponseReportTest:0.2966666666666667
ResponseReportFactory:0.13333333333333333
