MockMvcRequestSenderImpl:0.7166666666666667
MockMvcRequestSpecificationMergingTest:0.30666666666666664
RequestLoggingTest:0.30333333333333334
LoggingIfValidationFailsTest:0.18666666666666668
