WebSocketProcessor:0.4633333333333333
JettyWebSocket:0.32666666666666666
Jetty8WebSocket:0.2866666666666667
GrizzlyWebSocket:0.2866666666666667
