GwtViewHelper:0.55
AssignmentCell:0.43666666666666665
DataTableFolderViewBase:0.4033333333333333
AssignmentColumn:0.11666666666666667
