SurrogateAuthenticationPostProcessor:0.37333333333333335
Response:0.36333333333333334
SurrogateAuthenticationConfiguration:0.2733333333333333
ElectronicFenceConfiguration:0.24333333333333335
AuthenticationRiskEmailNotifier:0.15411111111111112
SurrogateAuthenticationProperties:0.11666666666666667
