Configuration:0.5266666666666666
CachingExecutor:0.39666666666666667
TransactionalCache:0.26777777777777784
DefaultSqlSession:0.24444444444444446
TransactionalCacheManager:0.23
DefaultSqlSessionFactory:0.20333333333333334
