MapRenderer:0.605
Map:0.24
TextureMapObject:0.20333333333333334
MapProperties:0.14333333333333334
GleedMapRenderer:0.14
MapLayers:0.13111111111111112
MapObjects:0.12333333333333334
MapLayer:0.1
MapObject:0.1
PolygonMapObject:0.006666666666666667
PolylineMapObject:0.006666666666666667
CircleMapObject:0.0
RectangleMapObject:0.0
