DataTableFolderViewBase:0.3333333333333333
GwtTeamingMessages:0.31666666666666665
GwtViewHelper:0.24333333333333335
GwtRpcServiceImpl:0.21777777777777782
EntryMenuPanel:0.21333333333333335
GwtServerHelper:0.2
PurgeFolderEntriesCmd:0.12666666666666668
DeleteFolderEntriesCmd:0.12333333333333334
