PostgreSQLSqlScript:0.5666666666666667
PostgreSQLMigrationMediumTest:0.5633333333333334
PostgreSQLSqlScriptSmallTest:0.11666666666666667
