StepExecution:0.6833333333333333
Entity:0.5066666666666667
StepExecutionTests:0.26666666666666666
ItemChunker:0.26105555555555554
SimpleJobRepositoryTests:0.24666666666666667
Chunker:0.22401587301587308
SimpleStepExecutor:0.18666666666666668
MapStepDao:0.18666666666666668
