MarshalingSupport:0.52
BuiltinMarshalingRoutines:0.3433333333333333
SampleJacksonMapped:0.254
RegularPojo:0.22333333333333333
Marshaling:0.18666666666666668
ObjectMappedTest:0.11
