Administrator:0.7266666666666667
Ingest:0.47833333333333333
