SQLResponse:0.4166666666666667
TransportSQLActionTest:0.4066666666666667
SQLRequest:0.4033333333333333
InformationSchemaTable:0.335
SQLResponseBuilder:0.28
AbstractInformationSchemaTable:0.25333333333333335
AsyncBroadcastAction:0.24666666666666667
InformationSchemaServiceTest:0.22666666666666666
CrateClusterSettingsActionTest:0.21
InformationSchemaQueryTest:0.20666666666666667
InformationSchemaTableTest:0.16333333333333333
InformationSchemaService:0.13666666666666666
UpdateResponseListener:0.13
TransportSQLAction:0.10666666666666667
DeleteResponseListener:0.1
DistributedSQLResponseListener:0.06
ImportResponseListener:0.05333333333333334
SearchResponseListener:0.05333333333333334
GetResponseListener:0.05333333333333334
DeleteByQueryResponseListener:0.05333333333333334
MultiGetResponseListener:0.05333333333333334
IndexResponseListener:0.05333333333333334
BulkResponseListener:0.05333333333333334
CreateIndexResponseListener:0.05333333333333334
ClusterUpdateSettingsResponseListener:0.05333333333333334
CountResponseListener:0.05333333333333334
DeleteIndexResponseListener:0.05333333333333334
ESResponseToSQLResponseListener:0.03916666666666667
