OsgiServiceFactoryBean:0.33666666666666667
ScopingTest:0.3333333333333333
OsgiBundleScope:0.3
DependencyWaiterApplicationContextExecutor:0.2733333333333333
OsgiBundleScopeTest:0.25
BundleScopeServiceFactory:0.15611111111111112
