CakeLayer:0.47
CakeTopping:0.47
Cake:0.30333333333333334
CakeLayerInfo:0.20666666666666667
CakeToppingInfo:0.20666666666666667
CakeBakingServiceImpl:0.12333333333333334
