IocValue:0.4066666666666667
NutIoc:0.35
DefaultValueProxyMaker:0.2511111111111111
AnnotationIocLoader:0.17805555555555558
ObjectProxy:0.11722222222222224
Ioc2:0.09166666666666666
