NotificationStrategy:0.661888888888889
HttpNotificationStrategy:0.39
SnmpTrapNotificationStrategy:0.3466666666666667
SnmpTrapNotificationStrategyTest:0.2633333333333333
MockNotificationStrategy:0.21666666666666667
JavaMailNotificationStrategy:0.05
XMPPGroupNotificationStrategy:0.016666666666666666
XMPPNotificationStrategy:0.016666666666666666
