Invoice:0.39666666666666667
X_C_POS:0.3333333333333333
Order:0.33
Transaction:0.3233333333333333
Payment:0.30333333333333334
MCashBook:0.2833333333333333
Replication:0.24333333333333335
X_C_POSLog:0.23666666666666666
X_C_CashBook:0.23333333333333334
ConfigurationData:0.23
CConnection:0.22
CashBook:0.21333333333333335
PosModel:0.165
PosProcessor:0.1
MPOS:0.05111111111111111
