HttpSessionContextIntegrationFilter:0.6127777777777778
HttpSessionContextIntegrationFilterTests:0.16666666666666666
