SortedHashMap:0.41333333333333333
Entry:0.36833333333333335
TargetAwareOp:0.19666666666666666
MBackupAwareOp:0.17333333333333334
MigrationAwareTargettedCall:0.10333333333333333
MBackupAndTargetAwareOp:0.023333333333333334
