NewFromPubChemWizard:0.7066666666666667
NewFromPubChemWizardPage:0.43666666666666665
DownloadListener:0.11
