ProxyTarget:0.6966666666666667
ProxyTargetReplacement:0.49666666666666665
InvokeReplacerMethodAdapter:0.29
ProxettaMethodBuilder:0.27
