Operation:0.44666666666666666
Variable:0.42
Value:0.4033333333333333
Interpreter:0.33
OOITBuilder:0.3233333333333333
CommMessage:0.31333333333333335
PortType:0.26666666666666666
SODEPProtocol:0.20777777777777778
State:0.20666666666666667
InternalLink:0.19333333333333333
SumExpression:0.19
OneWayProcess:0.18
OutputPortType:0.17
InputPortType:0.16333333333333333
CompareCondition:0.15333333333333332
OutProcess:0.15333333333333332
OutputOperation:0.14333333333333334
SOAPProtocol:0.14
GlobalVariable:0.13333333333333333
RequestResponseProcess:0.12333333333333334
InProcess:0.12333333333333334
InputOperation:0.12
SolicitResponseProcess:0.10666666666666667
ProductExpression:0.10666666666666667
NotificationProcess:0.10666666666666667
Location:0.10333333333333333
InInputHandler:0.08666666666666667
RequestResponseOperation:0.08333333333333333
OneWayOperation:0.07
NotificationOperation:0.07
AssignmentProcess:0.06333333333333334
OperationDeployInfo:0.056666666666666664
SolicitResponseOperation:0.04666666666666667
GlobalVariablePath:0.021111111111111112
