Capsd:0.5
PollerTest:0.3466666666666667
OpenNMSProvisioner:0.33666666666666667
Provisioner:0.27
CapsdTest:0.24666666666666667
ScanSuspectTest:0.23
