JSPDispatcher:0.5442777777777777
VelocityDispatcher:0.5442777777777777
