InitialDirContextFactory:0.7933333333333333
DefaultInitialDirContextFactory:0.5466666666666666
LdapAuthenticator:0.3272804232804233
AbstractLdapServerTestCase:0.3
InitialDirContextFactoryTests:0.20666666666666667
DefaultLdapAuthoritiesPopulator:0.18333333333333332
LdapUserDetails:0.17
BindAuthenticator:0.15416666666666667
LdapUtils:0.15
FilterBasedLdapUserSearch:0.10111111111111111
PasswordComparisonAuthenticatorTests:0.09333333333333334
AbstractLdapAuthenticator:0.08333333333333333
LdapAuthoritiesPopulator:0.07690476190476189
LdapUserSearch:0.07690476190476189
PasswordComparisonAuthenticator:0.06
LdapAuthenticationProvider:0.057777777777777775
LdapDataAccessException:0.043333333333333335
LdapTestServer:0.043333333333333335
PasswordComparisonAuthenticatorMockTests:0.03888888888888889
LdapAuthenticationProviderTests:0.023333333333333334
MockUserSearch:0.015
BindAuthenticatorTests:0.006666666666666667
DefaultLdapAuthoritiesPopulatorTests:0.0033333333333333335
FilterBasedLdapUserSearchTests:0.0
LdapShaPasswordEncoder:0.0
