CommonConfiguration:0.49333333333333335
BasicClientEngine:0.47333333333333333
ExtensionManager:0.3566666666666667
DFHandlerTest:0.31333333333333335
Channel:0.26666666666666666
DFHandler_KOTest:0.25666666666666665
DefaultDataProviderParserHandler:0.25333333333333335
SuperLayerGenerator:0.25
UACockpitConfigurationHandler:0.23333333333333334
JFXServerDisplay:0.22666666666666666
DFHandler_MapsTest:0.21
DFHandlerWithExtensionTest:0.202
DefaultXMLExporterTest:0.2
DFHandlerWithJFXExtensionTest:0.2
ClientXMLDFHandlerWithExtensionTest:0.19333333333333333
JFXServerWindow:0.19333333333333333
DFHandler_KO2Test:0.19166666666666668
ClientXMLDFHandler_3Test:0.18666666666666668
ClientXMLDFHandlerExtensionNotAllowedTest:0.18666666666666668
DFHandler_2Test:0.185
DFHandlerExtensionNotAllowedTest:0.185
DFHandler_3Test:0.185
DFHandlerWithExtension2Test:0.185
ClientXMLDFHandlerTest:0.18333333333333332
ClientXMLDFHandler_KOTest:0.18
ClientXMLDFHandler_2Test:0.18
AbstractServerEngine:0.18
SuperLayerGeneratorTest:0.17666666666666667
EditorXMLDFHandlerKOTest:0.17166666666666666
EditorXMLDFHandlerKO2Test:0.16666666666666666
DFHandlerWithJFXBehaviorTest:0.16666666666666666
GUIClientEngine:0.16666666666666666
ClientXMLDFHandlerSupp5Test:0.16333333333333333
JFXServerTransparentCockpitTest:0.16333333333333333
ClientXMLDFHandlerWithExtension2Test:0.16333333333333333
ClientXMLDFHandlerMapsTest:0.15333333333333332
DefaultXMLExporterExtensionsTest:0.14
ClientXMLDFHandlerWithExtension3Test:0.13666666666666666
DFHandler_5Test:0.12333333333333334
DFHandler_4Test:0.12333333333333334
ClientXMLDFHandler_KO2Test:0.12
