SarosState:0.5545000000000001
SarosStateImp:0.5133333333333333
PEViewComponentImp:0.3566666666666667
EditorComponenttImp:0.30833333333333335
RosterViewComponentImp:0.2816666666666667
WindowPart:0.28
TestSessionViewComponent:0.22666666666666666
SessionViewComponentImp:0.22166666666666668
SarosPEViewComponentImp:0.17
