GwtTeamingMessages:0.6677777777777777
ShareThisDlg2:0.5466666666666666
AdminControl:0.37666666666666665
