Transaction:0.6066666666666667
Wallet:0.42
TestUtils:0.30666666666666664
WalletTest:0.13
