FailOnTimeout:0.8105555555555555
FailOnTimeoutTest:0.23666666666666666
