CollectionMap:0.36
Permission:0.35
WikiPanel:0.24333333333333335
SummaryPanel:0.22916666666666666
PropertiesBar:0.22916666666666666
Language:0.22666666666666666
TreePanel:0.2125
ProxyManager:0.13666666666666666
