TrackbackPlugin:0.37333333333333335
PingbackPluginAsyncCallback:0.31333333333333335
RSSEnclosurePlugin:0.25333333333333335
XSSFilterPlugin:0.24666666666666667
BasicAuthenticationPlugin:0.22444444444444447
DateFormatPlugin:0.20666666666666667
TagCloudPlugin:0.20666666666666667
PingbackPlugin:0.20333333333333334
StandaloneVelocityPlugin:0.19333333333333333
PermissionCheckPlugin:0.16666666666666666
NoFollowPlugin:0.16666666666666666
DaysSincePostedPlugin:0.16666666666666666
MacroExpansionAdminPlugin:0.16333333333333333
ExcerptPlugin:0.16333333333333333
LanguageSelectionPlugin:0.16333333333333333
ConditionalGetPlugin:0.16333333333333333
MathCommentAuthenticationPlugin:0.13
TextilePlugin:0.13
FootnotePlugin:0.13
AutoTrackbackPlugin:0.09666666666666666
