SWTRenderer:0.6777777777777778
JChemPaintEditorWidget:0.6233333333333333
