IOService:0.37
NodeIOService:0.31333333333333335
DefaultAddressPicker:0.25333333333333335
SocketConnector:0.24333333333333335
GroupProperties:0.23666666666666666
AddressDefinition:0.16666666666666666
