WebClient:0.6083333333333333
HtmlPage:0.5933333333333334
WebClientTest:0.38
