Builder:0.38333333333333336
BasicModelUtils:0.2633333333333333
