StatsTable:0.7577777777777778
StatsService:0.5166666666666667
ShardStatsTable:0.36666666666666664
ShardInfo:0.08666666666666667
