Corpus:0.83
StructuralUnitProperty:0.2966666666666667
CreateSubcorpusDialog:0.2833333333333333
Project:0.19333333333333333
CreateFrequencyList:0.17944444444444446
Diagnostic:0.17666666666666667
ExecuteScriptImport:0.15333333333333332
ComputeCorrespondanceAnalysis:0.14666666666666667
CreateSubCorpus:0.14666666666666667
ComputeSpecificities:0.14666666666666667
CreatePartition:0.11
ComputeFrequencyList:0.11
ComputeRepartition:0.1
