TestResourceIndex:0.6366666666666667
TestResourceIndexImpl:0.3466666666666667
TestResourceIndexQueries:0.29
