Main:0.5666666666666667
GCodeWriter:0.4533333333333333
CartesianGCode:0.4266666666666667
GCodeExtruder:0.29
MachineFactory:0.2055
