ProjectConfig:0.7328333333333333
CruiseControlConfigTest:0.26666666666666666
