ExportHelper:0.8233333333333334
MobileAjaxController:0.3333333333333333
WebKeys:0.0
