OrcStorageManager:0.62
StorageModule:0.53
StorageManager:0.5266666666666666
TestOrcStorageManager:0.34
TestShardCompactor:0.27666666666666667
RaptorSessionProperties:0.12333333333333334
ShardCompactor:0.10111111111111111
TestShardCompactionDiscovery:0.013333333333333334
