ServerError:0.48333333333333334
MongoException:0.36
MyCollection:0.3
Response:0.24333333333333335
