JavaBundleTest:0.6322222222222222
ScalaBundle:0.5536111111111112
