MetadataUtils:0.5266666666666666
BackendBean:0.3466666666666667
