BufferBuilder:0.6
BufferBuilderTest:0.29333333333333333
ControlledFragmentAssembler:0.21666666666666667
FragmentAssembler:0.21666666666666667
ImageControlledFragmentAssembler:0.17666666666666667
ImageFragmentAssembler:0.17666666666666667
