Java2DConverter:0.39666666666666667
PolygonShape:0.35333333333333333
AbstractSelectionRenderer:0.25666666666666665
WKTFillPattern:0.14666666666666667
PointConverter:0.14492063492063492
PolygonPath:0.09666666666666666
LineStringPath:0.07
