Flyway:0.5233333333333333
DbSupport:0.461111111111111
PostgreSQLDbSupport:0.29
SQLServerDbSupport:0.29
DerbyDbSupport:0.25333333333333335
H2DbSupport:0.25333333333333335
DB2DbSupport:0.25333333333333335
MySQLDbSupport:0.25333333333333335
DerbyMigrationMediumTest:0.24333333333333335
SQLServerMigrationTestCase:0.22166666666666668
OracleDbSupport:0.21666666666666667
HsqlDbSupport:0.21666666666666667
MigrationTestCase:0.13666666666666666
DerbyConcurrentMigrationMediumTest:0.08666666666666667
