KeyRing:0.38
CreateSuperUserDialog:0.31
EditSuperUserDialog:0.30333333333333334
Account:0.2733333333333333
SuperUser:0.13666666666666666
KeyRingPreferencePage:0.12
ListLabelProvider:0.07
ListContentProvider:0.06583333333333333
TableContentProvider:0.06583333333333333
Sorter:0.017388888888888888
TableLabelProvider:0.0
