HtmlTreeBuilder:0.4166666666666667
HtmlParserTest:0.36666666666666664
StringUtil:0.31666666666666665
UrlConnectTest:0.2733333333333333
