ElementMatchersTest:0.44666666666666666
Visitor:0.43
MethodSortMatcher:0.36666666666666664
DivergentTypeVariableBridge:0.24666666666666667
IsDivergentVisibilityBridge:0.14772222222222223
TypeVariableReturnTypeCombinationBridge:0.008981481481481483
DivergentVisibilityBridgeBase:0.0011111111111111111
