FileMImp:0.58
FileM:0.48276984126984135
STF:0.32666666666666666
TestMenuFile:0.28
TestContextMenuOpen:0.24333333333333335
TestCreatingNewFile:0.23333333333333334
TestMenuRefactor:0.20666666666666667
TestMenuEdit:0.19666666666666666
TestFolderOperations:0.15
