AsyncFile:0.4787619047619048
WebSocketBase:0.24666666666666667
FakeWriteStream:0.22166666666666668
MessageProducer:0.22166666666666668
PacketWriteStreamImpl:0.22166666666666668
ServerWebSocketImpl:0.21666666666666667
NetSocketImpl:0.21666666666666667
NetSocket:0.20083333333333334
AsyncFileImpl:0.19666666666666666
WebSocketImpl:0.18666666666666668
MessageProducerImpl:0.18666666666666668
WriteStream:0.16333333333333333
