ResourceUtil:0.5266666666666666
SelfResource:0.35333333333333333
SAbstractController:0.35333333333333333
MobileDevices:0.31333333333333335
DataTableFolderViewBase:0.2833333333333333
CoreDao:0.27166666666666667
VibeSimplePager:0.1277777777777778
