IEjbcaWS:0.7133333333333334
ObjectFactory:0.41
EjbcaWS:0.2966666666666667
CommonEjbcaWSTest:0.29
GetLastCAChain:0.08
GetLastCAChainResponse:0.06166666666666667
