Synth2ParserTest:0.43
MultiLayersMessagesTest:0.38
MultiLayersMessages2Test:0.2733333333333333
ApplyScriptJFXAction21Test:0.24
Synth2Parser2Test:0.22666666666666666
