LayerTreeEditor:0.6033333333333334
Logger:0.26555555555555554
AbstractWidgetRefHandler:0.25
AbstractMoveWidgetEdit:0.2
MapItemClickOnMapTest:0.19666666666666666
MapItemClickOnMapVertTest:0.19666666666666666
WidgetEventStruct2Test:0.19666666666666666
ProtocolInputDecoder_6Test:0.19666666666666666
LayerTreeEditor6Test:0.18
