Invocation:0.5033333333333333
BackpressureRegulatorTest:0.27666666666666667
Bits:0.27
BackpressureRegulator:0.25333333333333335
InvocationRegistry:0.18666666666666668
OperationBackupHandlerTest:0.18333333333333332
BackpressureRegulatorStressTest:0.13
InspectionThread:0.12333333333333334
StressThread:0.11666666666666667
