CompilerErrorManager:0.5416666666666666
AbstractVirtualMachine:0.525
HopVirtualMachine:0.4266666666666667
