ParameterHandler:0.7952777777777779
BaseCryptoTokenCommand:0.4486111111111111
