GwtMenuHelper:0.4533333333333333
EntityId:0.37666666666666665
ToolbarItem:0.37
BinderInfo:0.34
GwtMainPage:0.32666666666666666
ContextItemCommand:0.22
CopyMoveEntriesDlg:0.21666666666666667
MainMenuControl:0.21666666666666667
FooterPanel:0.20333333333333334
FolderEntryMenu:0.15
ContextMenuItem:0.13
NameEntityIdPair:0.023333333333333334
