ResearchChangeListener:0.6980555555555555
ResearchSetting:0.6833333333333333
