HtmlFormTest:0.35333333333333333
HtmlPageTest:0.30333333333333334
HtmlSelectTest:0.27666666666666667
LiveServerTest:0.21666666666666667
HtmlSubmitInputTest:0.18666666666666668
HtmlInputTest:0.15333333333333332
HtmlTextAreaTest:0.15
