EventCache:0.6466666666666666
EventCacheTest:0.43333333333333335
DefaultMergeEventListener:0.27666666666666667
