UpdateQuery:0.5922777777777778
jOOQAbstractTest:0.41333333333333333
InsertQueryImpl:0.41
UpdateQueryImpl:0.23666666666666666
InsertUpdateTests:0.18333333333333332
StoreQuery:0.15833333333333333
AbstractStoreQuery:0.12333333333333334
UpdateImpl:0.12
