SequenceAnalyzer:0.4066666666666667
SequenceInfo:0.29
Trace:0.17333333333333334
SequenceProcessor:0.15
SequenceOp:0.08
DefaultProcessor:0.07333333333333333
