EmbeddedWindowsManager:0.49
AbstractWindowManager:0.44333333333333336
WindowsWindowManager:0.3
SwingWindowManagerUtilities:0.1443333333333333
FrameworkDependencyTest:0.07333333333333333
