TestEngine:0.6394444444444445
JUnit5TestEngineTests:0.33
MethodTestDescriptorTests:0.2833333333333333
JUnit5TestEngine:0.2633333333333333
ReflectionUtils:0.18444444444444444
EngineDescriptor:0.15
TestClassTester:0.11333333333333333
MethodTestDescriptor:0.11
JUnit4TestEngine:0.09
Launcher:0.08666666666666667
TestEngineStub:0.05333333333333334
ClassTestDescriptor:0.03333333333333333
