AsyncOperationBatchIterator:0.515
UpdateIntegrationTest:0.4633333333333333
IndexWriterCountBatchIterator:0.41333333333333333
DMLProjector:0.21666666666666667
