GwtTeamingMessages:0.8397222222222221
GwtNetFolderHelper:0.37666666666666665
ModifyNetFolderDlg:0.25333333333333335
ManageNetFolderRootsDlg:0.22666666666666666
GwtRpcServiceImpl:0.22444444444444447
GwtServerHelper:0.2006666666666667
ManageNetFoldersDlg:0.17666666666666667
GetNetFolderCmd:0.11333333333333333
