DODeserializer:0.45888888888888885
DOTranslator:0.45888888888888885
DOSerializer:0.45888888888888885
DefaultDOManager:0.43666666666666665
METSDODeserializer:0.23333333333333334
METSDOSerializer:0.21333333333333335
TranslatorTest:0.09333333333333334
DOTranslatorImpl:0.023611111111111114
