ExtensionLoader:0.5666666666666667
RmiProtocol:0.39666666666666667
ProxyFactory:0.2581785714285714
JdkProxyFactory:0.12333333333333334
JavassistProxyFactory:0.12333333333333334
