DispatchConfiguration:0.345
OrderBuilder:0.32666666666666666
PaymentExtraChargePercentage:0.32666666666666666
Checkout:0.2866666666666667
PaymentMethod:0.25
CheckoutController:0.20333333333333334
PaymentConfiguration:0.18666666666666668
