ValueAttribute:0.5966666666666667
Checkers:0.39
ValuesTest:0.26666666666666666
