JobConfiguration:0.7170555555555556
BatchHandler:0.3566666666666667
AbstractJobConfiguration:0.22333333333333333
JPPFAnnotatedTask:0.15166666666666667
DataProviderHolder:0.14772222222222223
MyTask:0.1
TestExecutorServiceConfiguration:0.06666666666666667
