DictionaryBlock:0.35083333333333333
RunLengthEncodedBlock:0.33666666666666667
FixedWidthBlock:0.31
VariableWidthBlockBuilder:0.30666666666666664
AbstractMapBlock:0.29333333333333333
AbstractArrayBlock:0.27
AbstractRowBlock:0.27
BlockUtil:0.24
FixedWidthBlockBuilder:0.22
AbstractFixedWidthBlock:0.19666666666666666
Page:0.19666666666666666
