NutEntity:0.5755555555555555
NutLoading:0.3977777777777778
ModuleProcessor:0.21333333333333335
