Configuration:0.64
DatetimeEditPanel:0.35333333333333333
TaskInfoTimePanel:0.23333333333333334
TaskInfo:0.21333333333333335
ConfigureAction:0.19
TimeSlotEditDialog:0.17333333333333334
TaskTimePanelConfigDialog:0.13333333333333333
SelectAllTextAction:0.04416666666666667
