NeuralNetworkEditor:0.6833333333333333
NeuralNetworkScene:0.4266666666666667
ChangeTransferFunctionDialog:0.31
ChangeInputFunctionDialog:0.17333333333333334
AddCustomLayerDialog:0.15666666666666668
NeuralLayerWidgetAcceptProvider:0.13666666666666666
AddCompetitiveLayerDialog:0.115
AddInputLayerDialog:0.115
AddLayerLabelDialog:0.115
AddNeuronDialog:0.115
AddCompetitiveNeuronDialog:0.115
AddNeuronLabelDialog:0.115
NeuronWidgetAcceptProvider:0.10666666666666667
NeuralNetworkWidgetAcceptProvider:0.08
NeuralLayerPopupMenuProvider:0.06333333333333334
NeuronPopupMenuProvider:0.023333333333333334
NeuronConnectionPopupMenuProvider:0.019166666666666665
ConnectionPopupMenuProvider:0.013333333333333334
MainPopupMenuProvider:0.0075
