GwtTeamingMessages:0.8566666666666667
EditLdapServerConfigDlg:0.4033333333333333
GwtClientHelper:0.2633333333333333
