Evaluation:0.79
RecordReaderDataSetIterator:0.6033333333333334
RecordReaderDataSetiteratorTest:0.30666666666666664
EvalTest:0.14666666666666667
