EditorManager:0.5716666666666667
EditorAPI:0.5
IEditorAPI:0.32172222222222224
