GwtTeamingMessages:0.506388888888889
NetFolderHelper:0.3233333333333333
ModifyNetFolderRootDlg:0.26
ResourceDriverConfig:0.24
NetFolderRoot:0.23333333333333334
GwtNetFolderHelper:0.21666666666666667
ResourceDriverModuleImpl:0.21
ObjectKeys:0.155
