Variant:0.61
ShopVariant:0.39666666666666667
StoreVariant:0.32666666666666666
StoreContent:0.31
AbstractBasicVariant:0.25
ShopContent:0.23333333333333334
