KernelBoServiceTestSuite:0.32
KernelBoServiceLatexTestSuite:0.29
KernelBoTestSuite:0.27666666666666667
Element2LatexImplTest:0.2633333333333333
