IndexShard:0.7921666666666667
ShadowIndexShard:0.36333333333333334
IndexShardModule:0.25333333333333335
