XWorkConverter:0.5233333333333333
XWorkConverterTest:0.36333333333333334
AnnotationXWorkConverterTest:0.3233333333333333
ConversionErrorFieldValidator:0.15333333333333332
ConversionErrorInterceptor:0.14666666666666667
