ConditionRouter:0.6633333333333333
Constants:0.18833333333333332
ConditionRouterTest:0.09666666666666666
