HopCode:0.7933333333333333
HopCompletionProvider:0.5166666666666667
