SparkTrainingStats:0.6453333333333333
StatsUtils:0.46
ParameterAveragingTrainingMasterStats:0.17666666666666667
ParameterAveragingTrainingWorkerStats:0.17666666666666667
CommonSparkTrainingStats:0.15
TupleComparator:0.013055555555555556
