ImmutableTestCluster:0.5766666666666667
IndicesStore:0.47333333333333333
SimpleDistributorTests:0.25
