ChronicleMapTest:0.56
ChronicleSetBuilder:0.4533333333333333
OffHeapUpdatableChronicleMapBuilder:0.37
Issue42:0.15333333333333332
