FormulaUtility:0.9033333333333333
ProofFinderImpl:0.35333333333333333
