BigMap:0.40944444444444444
LowDiskPauseProcessor:0.31333333333333335
BigMapFactory:0.29333333333333333
ServerCacheTest:0.18333333333333332
CachedBdbBigMap:0.13333333333333333
