EventManager:0.6379761904761905
Servlet:0.61
EventManagerImpl:0.3333333333333333
