LoggingExceptionMapper:0.5533333333333333
Environment:0.4766666666666667
LoggingDBIExceptionMapper:0.10666666666666667
LoggingSQLExceptionMapper:0.08333333333333333
