Script:0.5833333333333334
ScriptNewPauseDialog:0.41
Constants:0.4063730158730159
ScriptsUtils:0.3433333333333333
ScriptExecuteHandler:0.19
