AbstractOnTheFlyBundleCreatorTests:0.5
IoTest:0.37333333333333335
JarCreator:0.35333333333333333
FragmentTest:0.25333333333333335
LocalFileSystemMavenRepository:0.24333333333333335
BaseIoTest:0.21666666666666667
ServiceCollectionTest:0.21333333333333335
PropertyPlaceholderTest:0.21333333333333335
BaseIntegrationTest:0.1475
ServiceListenerTest:0.13
ReferenceProxyTest:0.09333333333333334
Cardinality0to1Test:0.09333333333333334
