JChemPaintManager:0.7166666666666667
IJChemPaintManager:0.48333333333333334
JChemPaintManagerTest:0.41
