SizeSnapshot:0.6733333333333333
StatsSnapshot:0.65
JPPFStats:0.41
StatsFormatter:0.30666666666666664
QueueStats:0.30666666666666664
LocalizationUtils:0.18333333333333332
JPPFDriverStatsUpdater:0.16
