AclImplementationSecurityCheckTests:0.47122222222222226
AuditLoggerTests:0.4666666666666667
