CentralAuthenticationServiceImplTests:0.44666666666666666
AbstractTicketRegistryTests:0.4266666666666667
DefaultLogoutManagerTests:0.36666666666666664
