SyncUtils:0.4666666666666667
RegistryServerSync:0.38
Providers:0.3233333333333333
AbstractService:0.12
