JavaConfigApplicationContext:0.5266666666666666
Sjc56Tests:0.31333333333333335
ClassUtils:0.24333333333333335
JdbcContactRepository:0.15666666666666668
RepositoryConfigWithPackagePrivateExternalBean:0.06
RepositoryConfigWithProtectedExternalBean:0.06
RepositoryConfigWithPublicExternalBean:0.06
DataSource:0.03631746031746032
RepositoryConfigWithPrivateExternalBean:0.02
InfrastructureConfig:0.006666666666666667
