JsonContext:0.8433333333333334
ParseContext:0.4230595238095238
