View:0.4866666666666667
WireframeCanvas:0.38666666666666666
GLDisplay:0.38
Type:0.34
MTGRoot:0.2866666666666667
