RestoreInvoiceDrafted:0.42333333333333334
RestoreOrderDrafted:0.42333333333333334
RestoreShipment:0.42333333333333334
