VertxOptions:0.7666666666666667
VertxOptionsTest:0.3233333333333333
BlockedThreadChecker:0.23
