Routes:0.42333333333333334
Routable:0.30333333333333334
Service:0.27666666666666667
RouteImpl:0.25666666666666665
FilterImpl:0.24333333333333335
