MultiDatabaseTest:0.5466666666666666
AbstractIntegrationTest:0.44666666666666666
AbstractDatabaseTest:0.3233333333333333
MeteredOutputStreamTest:0.18333333333333332
