EditorManager:0.4066666666666667
IEditorAPI:0.36388888888888893
SharedProject:0.30666666666666664
TextSelectionActivity:0.25333333333333335
ITransmitter:0.24666666666666667
TextEditActivity:0.24
OutgoingInvitationProcess:0.23333333333333334
User:0.21333333333333335
XMPPChatTransmitter:0.21
PacketExtensions:0.20666666666666667
EditorAPI:0.19
ActivitySequencer:0.18666666666666668
SelectionAnnotation:0.10666666666666667
