BufferRotator:0.6422777777777777
DriverPublication:0.4266666666666667
MappedBufferRotator:0.39
SenderControlStrategy:0.37290476190476185
MappedBufferManagement:0.1325
UnicastSenderControlStrategy:0.12666666666666668
BufferAndFrameUtils:0.12666666666666668
DefaultMulticastSenderControlStrategy:0.12666666666666668
