MovAvgIT:0.5366666666666666
Factory:0.29777777777777775
HistogramTests:0.12200000000000001
