Builder:0.59
PersistentTasksCustomMetaData:0.55
PersistentTasksClusterService:0.31
TransportAction:0.23333333333333334
PersistentTasksExecutorIT:0.1313888888888889
