DelayedClientTransport:0.32222222222222224
TransportSet:0.32
FakeClock:0.2813333333333334
ManagedChannelImplTest:0.27
DelayedClientTransportTest:0.25
ScheduledExecutorImpl:0.23333333333333334
DnsNameResolverTest:0.17
MockResolver:0.15444444444444444
TransportSetTest:0.12333333333333334
InterimTransportImpl:0.11333333333333333
