DrawableSeqFeature:0.6797222222222223
AnnotationEditor:0.5414444444444444
