Request:0.6861111111111111
NettyAsyncHttpProvider:0.5533333333333333
RequestImpl:0.35333333333333333
RequestBuilderBase:0.2866666666666667
