ReportProductionPanel:0.12883435
ReportPanel:0.085008055
FreeColProgressBar:0.042971406
