ReportPanel:0.1432243
ReportUnitPanel:0.11941762
