Node:0.6566666666666666
NodeTest:0.3333333333333333
XMLSerializer:0.30977777777777776
