NutDao:0.5677777777777777
Mvcs:0.4633333333333333
AdaptorTestModule:0.21333333333333335
DaoSupport:0.18666666666666668
ComboIocLoader:0.17833333333333334
MethodInvokeProcessor:0.16
SimpleAdaptorTest:0.15666666666666668
JsonAdaptor:0.14
