QueryRetrieveScpService:0.5991666666666666
VMFMultiCFindRsp:0.37666666666666665
MoveScp:0.37666666666666665
