AsyncHandlerExtensions:0.65
EventCollectingHandler:0.5666666666666667
NettyConnectListener:0.24666666666666667
NettyBasicHttpsTest:0.19333333333333333
