Mission:0.6233333333333333
MissionDetailsMapper:0.5533333333333333
Unit:0.5266666666666666
PagedList:0.3466666666666667
PersonSummary:0.32666666666666666
PersonDetailsMapper:0.27051984126984113
SettlementDetailsMapper:0.27051984126984113
UnitReferenceMapper:0.27051984126984113
CoordinatesMapper:0.27051984126984113
ScientificStudyMapper:0.27051984126984113
MissionReferenceMapper:0.27051984126984113
VehicleDetailsMapper:0.27051984126984113
PersonDetails:0.26
Application:0.22333333333333333
BuildingDetails:0.17666666666666667
NotFoundException:0.16555555555555554
SettlementDetails:0.15666666666666668
VehicleSummary:0.15666666666666668
VehicleDetails:0.14
MissionDetails:0.14
EventDTO:0.13
CoordinateDTO:0.09333333333333334
EntityReference:0.07666666666666666
SettlementSummary:0.07666666666666666
SettlementController:0.07
ScientificStudyDTO:0.056666666666666664
MissionSummary:0.05333333333333334
MarsBootstrap:0.05333333333333334
InventoryMapper:0.05333333333333333
StoredAmount:0.03333333333333333
CoordinatesMapperTest:0.02833333333333334
MissionController:0.02666666666666667
SimulationController:0.02
SimulationDetails:0.016666666666666666
PersonController:0.013333333333333334
VehicleController:0.013333333333333334
BuildingMapper:0.006666666666666667
MissionSummaryMapper:0.006666666666666667
VehicleSummaryMapper:0.006666666666666667
SettlementSummaryMapper:0.006666666666666667
PersonSummaryMapper:0.006666666666666667
StoredItem:0.0033333333333333335
PersonControllerTest:0.0033333333333333335
MarsClockMapper:0.0
CORSResponseFilter:0.0
