ClassInfo:0.49333333333333335
ClassNode:0.4166666666666667
ClassGen:0.30333333333333334
TypedVar:0.27666666666666667
BlockProcessingHelper:0.24777777777777782
BlockMakerVisitor:0.23333333333333334
JadxArgs:0.22166666666666668
IJadxArgs:0.19031746031746033
CodeWriter:0.1761111111111111
RootNode:0.14333333333333334
CodeShrinker:0.135
EnumVisitor:0.05
ClassModifier:0.023333333333333334
