ResourceGroupManager:0.6633333333333333
ResourceGroupConfigurationManager:0.48472222222222217
FileResourceGroupConfigurationManager:0.4066666666666667
FileResourceGroupsModule:0.20333333333333334
