TableInfo:0.7733333333333333
DocTableInfo:0.4633333333333333
TransportSQLActionTest:0.43
TestingTableInfo:0.3333333333333333
SelectStatementAnalyzer:0.27
Builder:0.23
DocIndexMetaData:0.22
InsertAnalyzerTest:0.15333333333333332
DocTableInfoBuilder:0.15333333333333332
ExceptionHelper:0.13333333333333333
TestMetaDataModule:0.11232323232323234
InsertStatementAnalyzer:0.09666666666666666
ReferenceInfosITest:0.02666666666666667
SysTableInfo:0.0
