TestRESTAPIConfigQ:0.7633333333333333
FilterRestApiAuthn:0.5988888888888889
