DateTimeUtils:0.4866666666666667
IntervalYearMonthOperators:0.4266666666666667
SqlIntervalDayTime:0.405
SqlIntervalYearMonth:0.3233333333333333
