OracleDbSupport:0.4666666666666667
OracleSchema:0.37333333333333335
OracleMigrationMediumTest:0.3233333333333333
OracleDbSupportMediumTest:0.20333333333333334
MetaDataTableImpl:0.18333333333333332
OracleConcurrentMigrationMediumTest:0.12
