ThresholdEntity:0.4
ThresholdingConfigFactory:0.29333333333333333
SnmpThresholder:0.27666666666666667
SnmpThresholdConfiguration:0.25333333333333335
Threshd:0.24666666666666667
SnmpThresholdInterface:0.24333333333333335
BroadcastEventProcessor:0.20416666666666666
JDBCTemplate:0.18333333333333332
SnmpThresholdConfig:0.06666666666666667
SnmpThresholdParameters:0.03333333333333333
