CommentProcessor:0.53
LoginAPI2:0.23333333333333334
CommentAddValidation:0.16333333333333333
