Generator:0.42
CommandLineTool:0.27
TemplatedOption:0.2653333333333333
StrategyOptionOld:0.22699999999999998
FinalSaveOption:0.19914285714285715
ResultOption:0.19914285714285715
PNumber:0.18333333333333332
PIdentifier:0.18333333333333332
PSeparated:0.18333333333333332
