XMLConfigBuilderTest:0.49
WanReplicationService:0.3837619047619048
TaskPollThread:0.31
TestFullApplicationContext:0.3
WanReplicationServiceImpl:0.2866666666666667
HttpPostCommandProcessor:0.25333333333333335
HTTPCommunicator:0.16666666666666666
RestTest:0.13
ConsoleRequestConstants:0.0
HttpCommandProcessor:0.0
