FlakeIdGenerator:0.9333333333333333
HazelcastInstance:0.6
ClusterService:0.46711904761904766
Operation:0.2966666666666667
SerializationUtil:0.2866666666666667
FlakeIdGeneratorProxy:0.24
FlakeIdGeneratorConfig:0.21
ExecutionCallbackRunnable:0.15333333333333332
PacketDispatcher:0.13666666666666666
FlakeIdGeneratorProxyTest:0.08
NewIdBatchOperation:0.043333333333333335
NewIdBatchMessageTask:0.013333333333333334
FlakeIdGenerator_NodeIdOverflowIntegrationTest:0.006666666666666667
FlakeIdGenerator_MemberIntegrationTest:0.0033333333333333335
FlakeIdGenerator_ClientIntegrationTest:0.0
