TransactionManager:0.5866666666666667
ApolloNameAdapterI:0.412
GmodNameAdapter:0.36333333333333334
CurationSet:0.36
GAMEAdapter:0.3433333333333333
CurationState:0.33666666666666667
DefaultNameAdapter:0.3233333333333333
GAMESave:0.24666666666666667
AbstractApolloAdapter:0.19
GuiCurationState:0.18166666666666667
FlybaseWrite:0.12333333333333334
CurationDataLoadListener:0.08333333333333333
FlyNameAdapter:0.043333333333333335
