ConjugatedPiSystemsDetectorTest:0.7366666666666667
ConjugatedPiSystemsDetector:0.3466666666666667
