Builder:0.37333333333333335
JsonWriter:0.31666666666666665
JsonWriterSettings:0.31
Context:0.2966666666666667
AbstractBsonWriter:0.26666666666666666
JsonReaderTest:0.24333333333333335
JsonWriterTest:0.24
BasicDBObjectTest:0.21
BsonDocumentTest:0.16
