AspectJEdge:0.819111111111111
AspectJVertex:0.5999999999999999
