SignSIcRunner:0.47333333333333333
DBExactMatchTest:0.36333333333333334
SignSicHit:0.3466666666666667
DBNearestNeighborTest:0.2966666666666667
