Sorts:0.49
HeapSort:0.21
ShellSort:0.19
CountingSort:0.17
RadixSort:0.16333333333333333
MergeSort:0.16
QuickSort:0.15666666666666668
BubbleSort:0.12
InsertionSort:0.11666666666666667
