AdminConsole:0.5311111111111111
Markdowns:0.41111111111111115
CaptchaProcessor:0.3233333333333333
FileUploadProcessor:0.22416666666666665
