AbstractCasWebflowConfigurer:0.5447777777777777
CasWebflowConstants:0.25594227994228
