GraphEltSet:0.495
AttrGui:0.47333333333333333
ErrorUtil:0.4666666666666667
