IncomingError:0.91
DataLoaderService:0.25666666666666665
DataLoaderServiceSqlMap:0.1877777777777778
IncomingErrorMapper:0.09
