JtdsResultSet:0.49333333333333335
MSCursorResultSet:0.30777777777777776
JtdsDatabaseMetaData:0.3
ClientSideCursorTest:0.28944444444444445
ResultSetTest:0.2733333333333333
CachedResultSet:0.22444444444444447
DatabaseMetaDataTest:0.22333333333333333
JtdsStatement:0.20333333333333334
ConnectionJDBC2:0.18666666666666668
