RegistryPatientIdentityFeed:0.5772222222222222
SubmitObjectsRequest:0.47333333333333333
AdhocQueryRequest:0.36333333333333334
