BeanFactory:0.5388888888888889
ArticleBeanFactory:0.5341666666666667
LuceneArticleIterator:0.45
