NDArray:0.65
ComplexNDArray:0.5766666666666667
ComplexNDArrayTests:0.24333333333333335
NDArrayTests:0.22333333333333333
VectorFFT:0.11
