Worker:0.6208333333333333
Mango:0.6011111111111112
