AbstractField:0.5833333333333334
CompareCondition:0.45666666666666667
