GwtApplication:0.77
AndroidGraphics:0.5466666666666666
GdxSetup:0.29
GwtTestStarter:0.15333333333333332
