SymmetricEngine:0.8133333333333334
ITestable:0.5405555555555556
TestFactory:0.30333333333333334
DatabaseTest:0.15666666666666668
