Invocation:0.6083333333333333
HitemUtil:0.5233333333333333
ScriptSaveAction:0.20722222222222222
INVOKESTATIC:0.19333333333333333
ThrewException:0.17333333333333334
INVOKEINTERFACE:0.13666666666666666
INVOKESPECIAL:0.13666666666666666
INVOKEVIRTUAL:0.13666666666666666
