PhenotypeBean:0.44
GermplasmPhenotypeLinkingBean:0.43666666666666665
GermplasmTable:0.32
UpdatePhenotype:0.29333333333333333
GermplasmPhenotypeLinkingTable:0.23333333333333334
AddGermplasmPhenotypeLinking:0.21166666666666667
PhenotypeTable:0.19
