AsyncProvidersBasicTest:0.645
NettyAsyncResponse:0.38333333333333336
BasicHttpsTest:0.31166666666666665
