GeneratedVariableElement:0.5666666666666667
GeneratedExecutableElement:0.2866666666666667
CaptureInfo:0.26666666666666666
RewriteContext:0.22333333333333333
EnhancedForRewriter:0.21
JdtTypeElement:0.17666666666666667
TypeFixer:0.17666666666666667
EnumRewriter:0.17666666666666667
AbstractMethodRewriter:0.12333333333333334
