IndentingTransformerImpl:0.6433333333333333
IndentingTransformer:0.5658333333333333
XmlIndenterPlugin:0.38666666666666666
