HorizontalGroup:0.6133333333333333
VerticalGroup:0.6066666666666667
GroupTest:0.21
LwjglDebugStarter:0.1
