ReportMailer:0.47333333333333333
AvailabilityData:0.4066666666666667
AvailabilityReport:0.3433333333333333
AvailabilityServlet:0.17333333333333334
AvailabilityReportTest:0.15666666666666668
RawAvailabilityServlet:0.06333333333333334
