SecurityContextHolderAwareRequestFilter:0.5666666666666667
SecurityContextHolderAwareRequestFilterTests:0.30666666666666664
HttpSecurityBeanDefinitionParser:0.20666666666666667
BeanIds:0.06333333333333334
Elements:0.06333333333333334
