TransformedData:0.6033333333333334
AbstractTransformer:0.41
TransformService:0.16333333333333333
ITransformService:0.14083333333333334
TransformDataLoader:0.12666666666666668
MultiplierColumnTransform:0.09333333333333334
TransformDataExtractor:0.07333333333333333
ISingleValueColumnTransform:0.052
IMultipleValueColumnTransform:0.0
