IDataService:0.30333333333333334
BootstrapService:0.2833333333333333
DataService:0.2833333333333333
IBootstrapService:0.21661111111111112
OutgoingBatchService:0.21
AcknowledgeService:0.155
IAcknowledgeService:0.08738888888888888
IUpgradeTask:0.052388888888888895
