URLConnectionTest:0.6483333333333333
HttpResponseCacheTest:0.43333333333333335
ChunkedInputStream:0.35111111111111115
HttpTransport:0.2633333333333333
FixedLengthInputStream:0.23800000000000002
