ApolloFrame:0.6166666666666667
CompositeApolloFrame:0.38666666666666666
