HtmlPage:0.7466666666666667
HtmlUnitDOMBuilder:0.4666666666666667
HTMLElementTest:0.33666666666666667
