GeneEditPanel:0.5
TestApollo:0.44333333333333336
GeneNameListener:0.33666666666666667
ReadWriteField:0.19
