RemoveModuleAction:0.5432936507936508
MakeLatexAction:0.5432936507936508
