UserType:0.8466666666666667
UserTypePropertyEditorSupport:0.2966666666666667
PropertyUserType:0.29
CreateUserAction:0.22
