Renderer:0.5966666666666667
ContentRenderer:0.59
PropertyTableCellRenderer:0.31777777777777777
