SerializeWriter:0.7933333333333333
ASMSerializerFactory:0.4166666666666667
PointTest2:0.21
DoubleSerializer:0.18
FloatCodec:0.18
EnumSerializer:0.12333333333333334
