EditorPassword:0.5716666666666667
PropertiesPanel:0.5433333333333333
