StageInfo:0.5633333333333334
SqlQueryExecution:0.3466666666666667
QueryStateMachine:0.3233333333333333
TestQueryStateMachine:0.31333333333333335
TestStageStateMachine:0.28
FailedQueryExecution:0.26666666666666666
StageStateMachine:0.2338888888888889
