Default:0.31
ValidatingClassVisitor:0.2966666666666667
ForInlining:0.2775
RedefinitionClassVisitor:0.23916666666666667
TypeConstantDissolvingClassVisitor:0.16
DispatchingVisitor:0.14666666666666667
