CassandraClientConfig:0.5233333333333333
CassandraSession:0.44666666666666666
MockCassandraSession:0.2833333333333333
CassandraClientModule:0.27666666666666667
TestCassandraTokenSplitManager:0.13
