Settlement:0.53
PhysicalCondition:0.47333333333333333
Person:0.43333333333333335
TaskManager:0.41333333333333333
Robot:0.35833333333333334
BuildingManager:0.33
LabelMapLayer:0.22666666666666666
EatMeal:0.21333333333333335
PersonTableModel:0.21333333333333335
PersonConfig:0.21
HaveConversation:0.2
ChatBox:0.19
SleepMeta:0.15
TabPanelActivity:0.14666666666666667
EatMealMeta:0.13
HaveConversationMeta:0.12333333333333334
BuildingConstructionMissionMeta:0.10666666666666667
