MapsConstants:0.8566666666666667
ModifyMapServlet:0.22666666666666666
LoadMapsServlet:0.18333333333333332
DeleteMapServlet:0.09
OpenMapServlet:0.09
SaveMapServlet:0.09
CloseMapServlet:0.09
NewMapServlet:0.09
CommandLineServlet:0.08583333333333333
LoadInfosServlet:0.07333333333333333
InitMapsApplicationServlet:0.03333333333333333
LoadNodesServlet:0.01
