PackageResourceTable:0.4033333333333333
TestUtil:0.4033333333333333
ResourceTableFactory:0.23111111111111116
ResourceTableFactoryTest:0.22666666666666666
styleable:0.19061111111111112
