NettyServerHandler:0.45
NettyServer:0.3933333333333333
NettyServerBuilder:0.30333333333333334
NettyClientTransportTest:0.24
NettyServerTransport:0.22666666666666666
NettyServerTest:0.15333333333333332
