MockServletContext:0.41
OracleJdbcExpert:0.25666666666666665
Db2JdbcExpert:0.21333333333333335
AbstractJdbcExpert:0.15
