MultiFields:0.5933333333333334
TypeParsers:0.3433333333333333
MultiFieldTests:0.32
