KerasLayer:0.5966666666666667
KerasBatchNormalization:0.42
KerasModelImportTest:0.2866666666666667
KerasLayerTest:0.18
Keras1ModelConfigurationTest:0.06666666666666667
KerasLayerConfiguration:0.03166666666666667
Keras1LayerConfiguration:0.0
Keras2LayerConfiguration:0.0
