Slice:0.8466666666666667
ByteBufferSlice:0.41
ByteArraySlice:0.2633333333333333
UnsafeSlice:0.26
