TreeInfo:0.4232063492063492
BinderInfo:0.4126666666666667
MainMenuControl:0.33
GwtTeamingMessages:0.3233333333333333
GwtServerHelper:0.30333333333333334
GwtRpcServiceAsync:0.2733333333333333
MenuBarPopupBase:0.23
ManageMenuPopup:0.22333333333333333
GwtRpcService:0.21253968253968256
GwtRpcServiceImpl:0.19
MyFavoritesMenuPopup:0.17666666666666667
RecentPlacesMenuPopup:0.09
ActionsMenuPopup:0.09
MyTeamsMenuPopup:0.09
TagThisDlg:0.043333333333333335
