UAScriptManagerTest:0.34800000000000003
SymbolCommandProxy:0.34
BooleanPanel:0.3
SaveImageSnapshotAction:0.3
ScaleDialog:0.29333333333333333
EditorPanel:0.28
SymbolEditorRenderer:0.23333333333333334
StandAloneServerGUI:0.20666666666666667
WidgetEvent:0.19333333333333333
UAScriptManager2Test:0.19333333333333333
