UpdatableRecordImpl:0.4633333333333333
TableRecord:0.26666666666666666
TableRecordImpl:0.23694444444444443
