KeyWordComputer:0.6233333333333333
Result:0.605
KeyWordComputerTest:0.23349999999999999
