AccessControlEntryImpl:0.38666666666666666
RememberMeAuthenticationToken:0.29
AnonymousAuthenticationToken:0.29
AclImpl:0.25333333333333335
CasAuthenticationToken:0.21
Header:0.13
