FieldInfo:0.7383333333333333
FieldDefinitionImpl:0.6576666666666667
