LongOutputStreamV1:0.43666666666666665
LongDecode:0.2866666666666667
LongOutputStreamDwrf:0.2833333333333333
DecimalOutputStream:0.2833333333333333
