Task:0.6333333333333333
Teach:0.47
Mission:0.33
VehicleMission:0.31
LoadVehicle:0.22333333333333333
TaskManager:0.22
MaintenanceEVA:0.21666666666666667
UnloadVehicle:0.21333333333333335
DriveGroundVehicle:0.21333333333333335
RepairMalfunction:0.20333333333333334
MedicalAssistance:0.20333333333333334
TendGreenhouse:0.20333333333333334
RepairEVAMalfunction:0.20333333333333334
CookMeal:0.20333333333333334
MissionTableModel:0.18
ExitAirlock:0.18
EatMeal:0.16666666666666666
Maintenance:0.16666666666666666
RepairEmergencyMalfunction:0.16666666666666666
MemberTableModel:0.15666666666666668
EnterAirlock:0.15333333333333332
MainDetailPanel:0.1
UnitEvent:0.043333333333333335
