Enhancer:0.7466666666666667
HelpCommand:0.6133333333333333
