Graphics:0.7966666666666666
JglfwGraphics:0.29333333333333333
AndroidGraphics:0.235
GwtGraphics:0.19333333333333333
IOSGraphics:0.1902777777777778
LwjglGraphics:0.17333333333333334
