HsqldbLauncher:0.7033333333333334
UserDAOHibernateTest:0.5433333333333333
TuduBaseMockStrutsTestCase:0.15666666666666668
