FreeMarkerDispatcher:0.9033333333333333
GroovyDispatcher:0.46355555555555555
