LocationNotFoundException:0.5
Context2SimpleXPath:0.43333333333333335
QedeqTraverser:0.43333333333333335
