TransportShardBulkAction:0.5166666666666667
MockUpdateHelper:0.17666666666666667
FailingUpdateHelper:0.17666666666666667
TransportShardBulkActionTests:0.11666666666666667
BulkItemResultHolder:0.10666666666666667
