XContent:0.5933333333333334
JsonXContent:0.3022222222222222
DoSectionParserTests:0.29333333333333333
BaseXContentTestCase:0.29
AggregatorParsingTests:0.18666666666666668
FunctionScoreQueryBuilderTests:0.18333333333333332
ClientYamlSuiteRestApiParserFailingTests:0.17
AbstractClientYamlTestFragmentParserTestCase:0.15666666666666668
DirectCandidateGeneratorTests:0.14
JsonXContentTests:0.10797619047619046
