ShareFile:0.4533333333333333
FileAdministration:0.44333333333333336
FileRescanRunner:0.21
UrnCalculationWorker:0.19333333333333333
