AnnotationManager:0.5833333333333334
ConcordancesEditor:0.4505555555555556
AnnotationInjector:0.24888888888888885
