Logging:0.7966666666666666
LoggingTest:0.36666666666666664
LoggerProvider2:0.2833333333333333
