DriverShim:0.5366666666666666
LocalRepoObjectStore:0.4166666666666667
LocalRepoObjectIterator:0.24333333333333335
ConfigUtil:0.12666666666666668
