ByteArrayInputPanel:0.5333333333333333
Console:0.5301428571428571
ManagementConsole:0.2633333333333333
ConsoleCommandInvoker:0.21
InputPanelFactory:0.14522222222222222
InvokeDialogListener:0.12666666666666668
