SysShardsExpressionsTest:0.4266666666666667
ShardReferenceResolver:0.23333333333333334
ShardCollectService:0.20333333333333334
SQLPlugin:0.2
BlobShardReferenceResolver:0.11111111111111109
