UpdateStatusCommand:0.31666666666666665
SubmitAssociationCommandValidator:0.31
UpdateDocumentSetRequest:0.24916666666666668
UpdateDocumentEntryMetadataCommandValidator:0.2127777777777778
DeleteDocumentSetCommand:0.19666666666666668
UpdateFolderMetadataCommand:0.16972222222222225
UpdateDocumentEntryMetadataCommand:0.16972222222222225
UpdateRegistryObjectMetadataCommand:0.15333333333333332
UpdateFolderMetadataCommandValidator:0.08666666666666667
