Dialog:0.57
AtlasSprite:0.31333333333333335
DefaultStateMachine:0.2833333333333333
TextureAtlasTest:0.23
