EjbcaWS:0.5211111111111112
RSASignSessionBean:0.43666666666666665
LocalAuthenticationSessionBean:0.2763888888888889
