ObjectKeys:0.76
AbstractResource:0.47333333333333333
ShareResource:0.42333333333333334
FolderEntryResource:0.25
SelfResource:0.24333333333333335
AbstractBinderResource:0.21333333333333335
