Poller:0.54
PollablesTest:0.41333333333333333
PollableNetwork:0.3433333333333333
PollableNode:0.30333333333333334
PollableContainer:0.23027777777777778
Pollerd:0.17333333333333334
