PropertyBlob:0.34
PropertyFile:0.31976190476190475
PropertyCity:0.29642857142857143
PropertyPostalCode:0.2930952380952381
PropertyIndi:0.19
PropertyFam:0.19
PropertyPlace:0.19
PropertyCause:0.19
PropertySubmitter:0.18666666666666668
PropertyContinuation:0.18666666666666668
PropertySource:0.18666666666666668
PropertyUnknown:0.18666666666666668
PropertyNote:0.16666666666666666
PropertyAddress:0.16
PropertyMedia:0.12333333333333334
