TestClass:0.47
JUnit4ClassRunner:0.4166666666666667
TestMethod:0.39
TheoryAnchor:0.23666666666666666
Theories:0.12333333333333334
StubbedTheories:0.03666666666666667
