MethodInvocationUtils:0.4143452380952381
AdvisedTarget:0.3983333333333333
Blah:0.3983333333333333
ExceptionTranslationFilterTests:0.37666666666666665
FieldUtils:0.273
PasswordPolicyResponseControlTests:0.25
ThrowableAnalyzer:0.24800000000000003
InMemoryResource:0.18283333333333335
ELRequestMatcher:0.1532777777777778
AuthorizationFailureEventTests:0.15
PasswordPolicyAwareContextSource:0.13666666666666666
MethodInvocationUtilsTests:0.05
