ResourcesManager:0.5766666666666667
TaskChecker:0.22666666666666666
SystemTray:0.1975
AePlayWave:0.17222222222222225
AjaxFreemarkerTagServlet:0.16
TasksChecker:0.15666666666666668
BotStationTag:0.11333333333333333
DisplayFormattedTextTag:0.1
UnreadTaskNotifier:0.03333333333333333
