ShadowApplication:0.4166666666666667
ShadowView:0.37
TestCursor:0.29
NullBinder:0.25666666666666665
ViewNode:0.23083333333333333
ViewLoaderTest:0.23
ShadowImageView:0.23
StubPackageManager:0.20083333333333334
TestSharedPreferences:0.19638888888888892
TestMenuItem:0.19
TestWindow:0.17333333333333334
ApplicationTest:0.08666666666666667
TestSharedPreferencesEditor:0.06333333333333334
