LocalActor:0.44666666666666666
Strand:0.42333333333333334
Supervisor:0.31666666666666665
ActorSpec:0.24333333333333335
LocalGenServer:0.23916666666666667
ReflectionUtil:0.2061111111111111
GenServerHelper:0.1875
RequestReplyHelper:0.185
SupervisorTest:0.15
ActorEntry:0.09
AddChildMessage:0.04666666666666667
ChildSpec:0.03
SuspendableUtils:0.0
