JakartaMultiPartRequest:0.5766666666666667
StrutsTestCaseHelper:0.4866666666666667
StrutsTestCase:0.23244444444444445
