ProfileData:0.6133333333333333
ApprovalProfileSessionBean:0.42
ApprovalProfileSessionLocal:0.35833333333333334
ApprovalProfileCacheBean:0.22333333333333333
