MockMvcRequestSenderImpl:0.5233333333333333
ParamApplier:0.3223888888888889
MockMvcRequestSpecificationImpl:0.32
MockMvcRequestSpecification:0.235
GreetingControllerRestAssuredTest:0.04666666666666667
