SocketIOServer:0.5383333333333333
WebSocketTransport:0.3933333333333333
FlashSocketTransport:0.25222222222222224
