GeoUtils:0.35
GeoBoundingBoxQueryBuilder:0.2833333333333333
GeoDistanceQueryBuilder:0.2833333333333333
GeoDistanceRangeQueryBuilder:0.2833333333333333
GeoDistanceQueryBuilderTests:0.28
GeoPolygonQueryBuilder:0.205
GeoBoundingBoxQueryBuilderTests:0.18666666666666668
GeoPolygonQueryBuilderTests:0.13
GeoDistanceRangeQueryTests:0.12
