PrinterService:0.49666666666666665
PrintScpService:0.49333333333333335
PrinterServiceMBean:0.36933333333333335
FilmSessionService:0.24333333333333335
PrintScpServiceMBean:0.18583333333333332
