OpenALAudio:0.5466666666666666
LwjglApplication:0.43666666666666665
LwjglApplicationConfiguration:0.28900000000000003
JoglApplication:0.26666666666666666
JoglApplicationConfiguration:0.254
LwjglDebugStarter:0.16333333333333333
