YearMonthDayTime:0.6533333333333333
SimpleTimeTest:0.5266666666666666
YearMonthDayTimeTest:0.02666666666666667
