HopSymbolTableWalker:0.6766666666666666
CallStep:0.5066666666666667
ClassExecution:0.20833333333333334
