Report:0.48
WorkbenchListener:0.47556349206349213
Workbench:0.3233333333333333
View:0.31666666666666665
ReportView:0.22555555555555554
TreeView:0.20333333333333334
Impl:0.2
Group:0.18666666666666668
ActionStart:0.18333333333333332
ReportViewFactory:0.17
PropertyOption:0.17
EditPlugin:0.13666666666666666
ComponentReport:0.12
ActionCloseView:0.12
ViewDockable:0.12
Mapper:0.09666666666666666
ActionStop:0.08666666666666667
FontMapper:0.06
ReportPluginFactory:0.0
