AsyncHttpClientConfig:0.4633333333333333
AsyncHttpClientConfigBean:0.4075
ChannelManager:0.37
Builder:0.31
NettyAsyncHttpProvider:0.16666666666666666
