RmiSWTWorkbenchBot:0.6133333333333333
SarosRmiSWTWorkbenchBot:0.3466666666666667
SessionViewObject:0.31
RosterViewObject:0.29333333333333333
ViewObject:0.29333333333333333
ISessionViewObject:0.2353333333333333
TestBasicSarosElements:0.23333333333333334
IRosterViewObject:0.21811111111111112
TestSessionViewObject:0.21666666666666667
