IColumnFilter:0.6244444444444444
TableTemplate:0.36
AbstractDbDialect:0.3233333333333333
DataLoaderTest:0.29
MsSqlDbDialect:0.2833333333333333
IDbDialect:0.27166666666666667
IntegrationTest:0.18666666666666668
