MetaCADEvaluatorEngine:0.5966666666666667
MetaCADParser:0.5266666666666666
