Interceptor:0.44
Interceptors:0.3333333333333333
SystemTimeInterceptor:0.08666666666666667
LinkedHashMapEldestInterceptor:0.06
SystemLogEInterceptor:0.06
SystemArrayCopyInterceptor:0.03333333333333333
LocaleAdjustLanguageCodeInterceptor:0.03333333333333333
PolicyManagerMakeNewWindowInterceptor:0.03333333333333333
