TermTable:0.7566666666666667
DisplayTerm:0.35
GeneTable:0.275
AnnotationTaskBean:0.21416666666666667
DisplayAnnotation:0.20472222222222225
TermBeanFactory:0.19666666666666666
DisplayGoTerm:0.1811111111111111
UpdateTerm:0.15
