FindOperation:0.5166666666666667
UserExistsOperation:0.2633333333333333
ListCollectionNamesOperation:0.16666666666666666
ListIndexesOperation:0.16666666666666666
GetCollectionNamesOperation:0.14
