AttributeIterator:0.5569999999999999
MBeanAttributeInfoIterator:0.5383333333333333
ComplexType:0.43666666666666665
