HttpClient:0.8666666666666667
WebsocketTest:0.26166666666666666
HttpClientImpl:0.16
