SimpleDateFormat:0.43333333333333335
DateFormat:0.3466666666666667
FieldPosition:0.2866666666666667
TimeZone:0.25333333333333335
MessageFormat:0.24666666666666667
DateFormatSymbols:0.20666666666666667
