UniqueIdSelector:0.42833333333333334
DefaultLauncherTests:0.33666666666666667
ExecutionListenerAdapterTests:0.18333333333333332
LeafDescriptor:0.14
MyContainer:0.14
GroupDescriptor:0.14
MyLeaf:0.13666666666666666
