QueryOutputMetadata:0.6433333333333333
TableFinishInfo:0.5566666666666666
