AbstractTooledComponent:0.7566666666666667
GISView:0.4066666666666667
DeleteElementAction:0.3566666666666667
