View3D:0.5566666666666666
Null:0.49333333333333335
MSMLWriter:0.43666666666666665
