XmlActions:0.38
CatalogManager:0.35
XmlParser:0.24258730158730166
XmlInsert:0.21
TagHighlight:0.19666666666666666
GeneralOptionPane:0.19
