PasswordComparisonAuthenticatorTests:0.3333333333333333
DefaultInitialDirContextFactoryTests:0.26666666666666666
DefaultLdapAuthoritiesPopulatorTests:0.25666666666666665
BindAuthenticatorTests:0.24333333333333335
FilterBasedLdapUserSearchTests:0.22
LdapTemplateTests:0.16333333333333333
LdapServerManager:0.12
AbstractLdapIntegrationTests:0.03666666666666667
ConfigEnvHelper:0.016666666666666666
