JChemPaintEditorPanel:0.646888888888889
MDLReader:0.4602777777777778
