QuickNotepadPlugin:0.3031651
jEdit:0.16078581
FontSelector:0.11985698
GUIUtilities:0.10422237
AbstractOptionPane:0.05051719
QuickNotepad:0.047285393
