SeriesStored:0.46
StoreScp:0.38333333333333336
StoreScpService:0.37333333333333335
ContentEditService:0.33
StorageBean:0.24666666666666667
AbstractFileCopyService:0.22
