PoiUtil:0.48222222222222216
OfficeExtractor:0.29
OfficeExtractorTest:0.27
TestExtractors:0.20333333333333334
OfficeExtractorFactory:0.07666666666666666
