Connection:0.5588888888888889
SocksProxyTest:0.43111111111111117
SocksProxy:0.3466666666666667
