BinderModule:0.69
WorkflowModule:0.5666666666666667
DashboardHelper:0.4533333333333333
WorkflowModuleImpl:0.3233333333333333
BinderModuleImpl:0.2633333333333333
AjaxController:0.26
DefaultFolderEmailFormatter:0.24333333333333335
WorkspaceTreeController:0.19166666666666668
EmployeesController:0.15065656565656568
TeamMembersController:0.14666666666666667
WidgetTestController:0.12
SendMailController:0.09333333333333334
