XMLType:0.49666666666666665
ARINCModelFactory:0.318
ServerXMLDFHandler:0.2966666666666667
AbstractARINCHandler:0.27
XMLEvent:0.25
AbstractDFHandler:0.25
