JsonFormat:0.5866666666666667
Function:0.4666666666666667
NutConf:0.4575555555555555
JsonEntity:0.3566666666666667
ObjConvertImpl:0.20666666666666667
