InsnGen:0.48
ExceptionHandler:0.3233333333333333
MethodGen:0.30666666666666664
TryCatchBlock:0.29444444444444445
ExcHandlerAttr:0.20333333333333334
