ShowHistoryFormTag:0.43333333333333335
JbpmExecutionLogic:0.36
TransitionImpl:0.29333333333333333
ExecutionServiceImpl:0.19
Messages:0.14492063492063492
DecisionLogImpl:0.05
