Debugger:0.5533333333333333
QueryDebuggingInfo:0.43666666666666665
Console:0.38333333333333336
EditorPane:0.3333333333333333
DebuggerRegistry:0.29333333333333333
LoggerPane:0.25666666666666665
DebugListener:0.13833333333333334
RemoteDebuggerServer:0.13
ClientDebugResultSetMessage:0.09
RemoteDebuggerClient:0.07333333333333333
ClientDebugQueriesMessage:0.07
ResultTableModel:0.058333333333333334
ResultTable:0.056666666666666664
CompletionCandidate:0.006666666666666667
