AbstractDbDialect:0.6533333333333333
IDbDialect:0.43333333333333335
ExtensionPointManager:0.38333333333333336
