Acceptor:0.8166666666666667
FederationOptionSet:0.29333333333333333
