RenameCollectionOperation:0.13333333333333333
BaseOperation:0.13333333333333333
Operation:0.07611111111111112
DatabaseAcceptanceTest:0.06
GetDatabaseNamesOperation:0.05
