TagW:0.7033333333333334
DefaultView2d:0.44666666666666666
DicomMediaIO:0.35333333333333333
PreferenceDialog:0.22
WadoPrefFactory:0.10333333333333333
DicomPrefFactory:0.10333333333333333
