GeneralUtils:0.8316666666666667
AnalyzeAction:0.2833333333333333
