Authentication:0.8533333333333334
DefaultAuthentication:0.37666666666666665
DefaultAuthenticationResultBuilder:0.30333333333333334
Cas30ResponseView:0.22666666666666666
