Activations:0.4033333333333333
BaseMultiLayerNetwork:0.39666666666666667
Builder:0.38
KMeansClustering:0.31
DBN:0.27666666666666667
DeepAutoEncoder:0.25333333333333335
MultiLayerNetworkReconstructionRender:0.13666666666666666
BaseActivationFunction:0.13666666666666666
DeepAutoEncoderExample:0.09666666666666666
LFWExample:0.07666666666666666
DeepAutoEncoderTest:0.02
