Building:0.52
PowerGrid:0.36666666666666664
NuclearReactor:0.25666666666666665
InflatableGreenhouse:0.19
ERVBase:0.12666666666666668
InhabitableBuilding:0.12
LanderHab:0.06527777777777778
