BeanProperty:0.46327777777777784
BeanUtilUtil:0.46
Fields:0.43333333333333335
ClassDescriptor:0.3433333333333333
BeanUtilBean:0.29
BeanUtilGenericsTest:0.18
ConcreteClass2:0.0033333333333333335
BaseClass:0.0033333333333333335
ConcreteClass:0.0033333333333333335
BaseClass2:0.0
