ModalityWorklistPanel:0.4266666666666667
WebCfgService:0.4033333333333333
MWLItemModel:0.30333333333333334
ViewPort:0.23
MwlScuDelegate:0.22333333333333333
