ConfiguredClass:0.35333333333333333
MappedAttribute:0.3466666666666667
ConfiguredClassHierarchy:0.31666666666666665
ConfiguredClassHierarchyBuilderTest:0.28
EntityBinder:0.23666666666666666
DiscriminatorColumnValues:0.21666666666666667
HbmSimpleAttributeDomainState:0.2
AbstractEntityBinder:0.19
TableNameTest:0.13333333333333333
