ConcurrentPool:0.31666666666666665
ConcurrentPoolTest:0.21666666666666667
TestCloseable:0.20633333333333334
UsageTrackingInternalConnectionItemFactory:0.19
PowerOfTwoBufferPool:0.17333333333333334
CLDIterator:0.15666666666666668
ServerSessionItemFactory:0.14666666666666667
RemovalReportingIterator:0.1267222222222222
