JPFConfigEditorSupport:0.6426666666666667
JPFConfigDataNode:0.5066666666666667
