Range:0.6666666666666666
GeoDistanceAggregationBuilder:0.5288888888888889
GeoDistanceRangeTests:0.09
RangeTests:0.09
DateRangeTests:0.023333333333333334
