BGPConfigurationObject:0.6586666666666667
ShowMoreInformationAction:0.395
BGPTopComponent:0.34
BGPModuleScene:0.33416666666666667
BGPModuleService:0.06666666666666667
