Saros:0.8116666666666666
SessionView:0.4866666666666667
