FlowExecutionImpl:0.36666666666666664
FlowExecutionManager:0.2833333333333333
NoSuchFlowExecutionException:0.25666666666666665
DataStoreFlowExecutionStorage:0.23666666666666666
FlowExecutionSerializationException:0.2
FlowExecutionStorageException:0.19333333333333333
ClientContinuationFlowExecutionStorage:0.16333333333333333
ContinuationDataStoreFlowExecutionStorage:0.15666666666666668
FlowExecutionManagementException:0.10333333333333333
