EventConstants:0.5947777777777777
BroadcastEventProcessor:0.5433333333333333
SnmpPeerFactory:0.49
SnmpConfigServlet:0.08333333333333333
