ToolBar:0.5366666666666666
MainMenuBar:0.4633333333333333
LayoutManager:0.4
ClassicLayout:0.35
