ValidatorProcessParameters:0.5666666666666667
TestValidatorProcessParameters:0.37333333333333335
PidfileIterator:0.31
ValidatorProcess:0.23666666666666666
TestPidfileIterator:0.023333333333333334
