Parser:0.55
BaseRecognizer:0.5466666666666666
DefaultANTLRErrorStrategy:0.43333333333333335
TestParseErrors:0.3233333333333333
