OsgiServiceProxyFactoryBean:0.35833333333333334
ContextLoaderListener:0.30666666666666664
AbstractRefreshableOsgiBundleApplicationContext:0.29333333333333333
ServiceDependentOsgiBundleXmlApplicationContext:0.25
ApplicationContextConfiguration:0.24333333333333335
OsgiServiceDynamicInterceptor:0.24333333333333335
ApplicationContextCreator:0.24083333333333334
ConfigUtils:0.22
AbstractConfigurableBundleCreatorTests:0.19666666666666666
ApplicationContextCreatorTest:0.19
ApplicationContextConfigurationTest:0.15666666666666668
OsgiServiceDynamicInterceptorTest:0.13666666666666666
HeaderConstantsTest:0.13666666666666666
DependencyListener:0.12666666666666668
ConfigurableOsgiBundleApplicationContext:0.11666666666666667
