AbstractView:0.48555555555555563
ObjectView:0.44666666666666666
ObjectViewDashboardWidget:0.2
ViewMap:0.09666666666666666
BusinessObjectViewEdge:0.08333333333333333
BusinessObjectViewNode:0.08333333333333333
