Messages:0.35
GuiBuilder:0.28
Util:0.24833333333333332
Worker:0.20166666666666666
EmbeddedPanel:0.17666666666666667
GenericPanel:0.15333333333333332
OraclePanel:0.14333333333333334
MySQLPanel:0.14
PostgresPanel:0.14
MainFrame:0.13
GuiLib:0.10666666666666667
SearchPanel:0.1
MainPanel:0.09666666666666666
AccountPanel:0.09333333333333334
UserDialog:0.09
ConfigDialog:0.08333333333333333
ServerPanel:0.058333333333333334
