ApacheDSServerIntegrationTests:0.6466666666666666
SpringSecurityLdapTemplateITests:0.31333333333333335
DefaultSpringSecurityContextSourceTests:0.30666666666666664
AbstractLdapIntegrationTests:0.23
