RestActionMapper:0.6033333333333334
JakartaMultiPartRequest:0.45666666666666667
RestActionMapperTest:0.21333333333333335
