FieldSortBuilder:0.5733333333333334
AbstractSearchSourceItemTestCase:0.2833333333333333
IndicesQueriesRegistry:0.24
