PosPanel:0.5466666666666666
MOrder:0.44333333333333336
Replication:0.39666666666666667
PayDialog:0.31333333333333335
MProduct:0.2833333333333333
X_C_Order:0.2733333333333333
CouponRow:0.2725
Row:0.27
DB_PostgreSQL:0.26
CouponDialog:0.25
PosModel:0.20333333333333334
ProductThread:0.18333333333333332
X_C_POS:0.14
