WalletEventListener:0.7033333333333334
WalletTest:0.39666666666666667
ChainSplitTests:0.35333333333333333
RefreshWallet:0.17666666666666667
