HttpRecorder:0.57
ExtractorHTML:0.37333333333333335
ExtractorTool:0.30333333333333334
ByteReplayCharSequence:0.27
ExtractorHTTP:0.19088888888888886
ARCConstants:0.0
