MediaDriverContext:0.7233333333333334
TermBufferManager:0.5455555555555556
MediaDriver:0.53
