SearchScript:0.72
ExpressionScript:0.35
ScriptScoreFunction:0.23
AbstractSearchScript:0.22333333333333333
GroovyScript:0.20333333333333334
FakeSearchScript:0.13916666666666666
FieldDataSourceTests:0.12666666666666668
CannedScorer:0.09666666666666666
GroovyScriptExecutionException:0.08888888888888889
