EjbcaWSTest:0.48333333333333334
AccessTreeNode:0.34833333333333333
SecurityEventsBase:0.32
AccessControlSessionBean:0.18666666666666668
