TestApp:0.5466666666666666
Serializer:0.4266666666666667
Node:0.38333333333333336
FastByteArrayOutputStream:0.275
