EntityField:0.8066666666666666
NutDao:0.4266666666666667
SqlMaker:0.27694444444444444
IdEntityService:0.12333333333333334
IdNameEntityService:0.12333333333333334
NameEntityService:0.11333333333333333
