ObjectImporter:0.9866666666666667
HtmlTableImporter:0.19733333333333333
