ModelHandler:0.5866666666666667
InstanceGraphRep:0.5
Transform:0.3333333333333333
