IssueUtilities:0.5133333333333333
UserUtilities:0.43333333333333335
IssueServiceImpl:0.2633333333333333
ProjectUtilities:0.25
ConfigurationServiceImpl:0.24333333333333335
ProjectServiceImpl:0.24333333333333335
Base64:0.23666666666666666
UserService:0.21253968253968256
ImportHandler:0.21
SystemConfigurationUtilities:0.2
ConfigurationDAOImpl:0.19
NotificationServiceImpl:0.19
UserServiceImpl:0.18333333333333332
WorkflowUtilities:0.14333333333333334
WindowsSSONAuthenticator:0.12333333333333334
TimestampInterceptor:0.11666666666666667
WorkflowScriptDAOImpl:0.11333333333333333
Convert:0.09333333333333334
StatusComparator:0.0033333333333333335
