RemoveAllDriverRoleAction:0.4533333333333333
GiveDriverRoleAction:0.38666666666666666
RemoveDriverRoleAction:0.24666666666666667
GiveExclusiveDriverRoleAction:0.24333333333333335
