JpaPagingItemReader:0.6633333333333333
CommonItemStreamItemReaderTests:0.36
JpaPagingItemReaderCommonTests:0.056666666666666664
