WebKeys:0.5910000000000001
AjaxController:0.57
BuildDefinitionDivs:0.31666666666666665
