StrandedZoomableApolloPanel:0.5905555555555555
BaseEditorPanel:0.3333333333333333
AminoAcidRenderer:0.26
