TupleInfo:0.5566666666666666
FixedWidthTypeInfo:0.37
BlockBuilder:0.33
VariableWidthTypeInfo:0.29333333333333333
BlockCursorAssertions:0.14
MaterializeSampleOperator:0.12666666666666668
MarkDistinctSampledOperator:0.12
DictionaryBuilder:0.11
SingleColumnProjection:0.10333333333333333
