ListComparator:0.5666666666666667
ListComparatorTest:0.03333333333333333
