Line:0.6866666666666666
VocabularyEditor:0.5333333333333333
