Metadata:0.5533333333333333
QueryStateMachine:0.5433333333333333
MetadataManager:0.30666666666666664
TestStartTransactionTask:0.26666666666666666
ClassLoaderSafeConnectorMetadata:0.23
ConnectorMetadata:0.2243888888888889
FailedQueryExecution:0.22333333333333333
TestCommitTask:0.17
TestRollbackTask:0.17
SqlQueryManager:0.15
TestSetSessionTask:0.12333333333333334
TestPrepareTask:0.12
TestResetSessionTask:0.10333333333333333
TestDeallocateTask:0.1
DataDefinitionExecutionFactory:0.1
