Migration:0.6866666666666666
DbMigrator:0.29
BaseJavaMigration:0.18
SqlMigration:0.12333333333333334
MigrationRunnable:0.052
InitMigration:0.02
