UpperBoundsModel:0.5433333333333333
PojoCodecTest:0.5383333333333333
ClassModelBuilderTest:0.35
