HiveTableLayoutHandle:0.48638888888888887
AbstractTestHiveClient:0.36666666666666664
HiveMetadata:0.33666666666666667
