TypeUtil:0.7466666666666667
Types:0.4666666666666667
OperatorRewriter:0.25
Rewriter:0.22
Autoboxer:0.18666666666666668
DeadCodeEliminator:0.14
SwitchRewriter:0.13666666666666666
