Condition:0.59
SPORule:0.47333333333333333
AbstractCondition:0.46
Rule:0.19398412698412698
ForallCondition:0.16
VarSupport:0.12333333333333334
ExistsCondition:0.07
NotCondition:0.03333333333333333
