Atom:0.5466666666666666
Renderer2D:0.23666666666666666
GaussiansBasis:0.23333333333333334
StandardIsotopes:0.22666666666666666
CMLWriter:0.21333333333333335
RingPlacer:0.21333333333333335
PDBReader:0.20333333333333334
JCPController2D:0.20333333333333334
MonomerTest:0.19444444444444445
HOSECodeGenerator:0.18666666666666668
Isotope:0.18333333333333332
IsomorphismTester:0.18166666666666667
PDBReaderTest:0.17666666666666667
MFAnalyser:0.17333333333333334
MDLReader:0.16
AtomType:0.15666666666666668
MDLWriter:0.15333333333333332
AtomContainerModel:0.15333333333333332
ChemFileCDO:0.15333333333333332
XYZReader:0.14666666666666667
SwissArmyKnife:0.14
SimpleBasisSet:0.13416666666666666
GaussiansCalculationTest:0.12333333333333334
MockMolecule:0.12333333333333334
CDKTests:0.11
Element:0.09666666666666666
