RatedDownloadScopeList:0.8866666666666667
TestRatedDownloadScopeList:0.08666666666666667
