Kernel32Util:0.64
Advapi32Util:0.32666666666666666
Advapi32Test:0.28
Crypt32Test:0.16222222222222224
Crypt32Util:0.16
VersionTest:0.12
