StringUtils:0.5366666666666666
JFlexXref:0.3333333333333333
RubyLexHelper:0.31666666666666665
PerlLexHelper:0.2833333333333333
PerlXrefTest:0.12333333333333334
AdaLexHelper:0.05
PerlLexer:0.03
RubyLexer:0.0011111111111111111
AdaLexer:0.0
