SqlQueryExecution:0.68
QueryManagerConfig:0.5838888888888889
TestQueryManagerConfig:0.27
SqlQueryExecutionFactory:0.18666666666666668
