Transaction:0.72
Script:0.62
FullBlockTestGenerator:0.21333333333333335
ScriptTest:0.16666666666666666
