CreditsController:0.19920634920634922
EmailConfigController:0.18333333333333332
ManageLicenseController:0.15666666666666668
ManageGroupPrincipalsController:0.15
ManageApplicationsController:0.14666666666666667
ConfigureRolesController:0.14666666666666667
ConfigureLdapController:0.14666666666666667
ImportProfilesController:0.14666666666666667
ConfigurePostingJobController:0.14666666666666667
ManageSearchIndexController:0.14666666666666667
AbstractReportController:0.14
ConfigureConfigurationController:0.14
ManageDefinitionsController:0.13333333333333333
ViewChangeLogController:0.09
