CAAdminSessionBean:0.7033333333333334
CADataHandler:0.4
TestCAs:0.3416666666666667
