DriverConductor:0.4
Receiver:0.35333333333333333
ClientConductor:0.25666666666666665
UdpTransport:0.24666666666666667
UdpChannel:0.24
DriverConductorTest:0.19333333333333333
ActiveSubscriptions:0.19
DriverConnection:0.17333333333333334
DriverSubscription:0.1611111111111111
ClientProxy:0.14666666666666667
RemoveConnectionCmd:0.03333333333333333
NewConnectionCmd:0.03333333333333333
