MessageExtractor:0.5766666666666667
BuildDetailTest:0.38666666666666666
BuildMessageExtractorTest:0.32
BuildMessageExtractor:0.26666666666666666
