State:0.69
JpdlSerializer_3_2:0.36
SwimlaneActionsDelegate:0.30333333333333334
SwimlaneElementRegistry:0.25333333333333335
TimerState:0.20455555555555555
EnableReassignmentAction:0.17777777777777778
VariablesXmlContentProvider:0.15666666666666668
EnableReassignmentCommand:0.10666666666666667
NotificationMessages:0.0
