TedSerie:0.66
TedSerieFeed:0.42333333333333334
TedRssFeed:0.3466666666666667
FeedPopupMenu:0.2811111111111111
TedParser:0.26
EditShowDialog:0.22111111111111115
FeedsPanel:0.20333333333333334
