SpTree:0.5933333333333334
BarnesHutTsne:0.3466666666666667
SPTreeTest:0.18333333333333332
