IDatabasePlatform:0.5605555555555556
DbExport:0.37
AbstractDatabasePlatform:0.29333333333333333
DbImportCommand:0.17666666666666667
DbExportCommand:0.16666666666666666
DbImport:0.12444444444444445
