Config:0.63
AnnotationEditor:0.5266666666666666
ReadWriteField:0.24666666666666667
BaseMouseListener:0.23
TranscriptEditPanel:0.23
Commentator:0.21133333333333332
FeatureEditPanel:0.17666666666666667
AnnotationMenu:0.16333333333333333
BaseEditorPanel:0.15333333333333332
GeneEditPanel:0.15
