DataInput:0.4033333333333333
Apollo:0.38666666666666666
DataInputType:0.36
TestApollo:0.25666666666666665
IOOptions:0.24666666666666667
DataLoader:0.24333333333333335
ChadoAdapter:0.23666666666666666
SeqType:0.2322222222222222
XmlConfigFileParser:0.22666666666666666
CommandLine:0.21666666666666667
ChadoAdapterGUI:0.21333333333333335
AnalysisAdapter:0.20333333333333334
GAMEAdapter:0.1975
GenbankAdapter:0.19666666666666666
LoadUtil:0.18
ChadoDatabase:0.17
OutputFormatCommandOption:0.1
LocationCommandOption:0.09
BatchFile:0.07333333333333333
UnknownTypeException:0.07056349206349206
InputListFileCommandOption:0.035
InputTypeCommandOption:0.0
