WebCfgService:0.46
StudyListPage:0.37
TarRetrieveDelegate:0.36666666666666664
DicomObjectPanel:0.24
ItemFragment:0.16333333333333333
