MakumbaTag:0.5333333333333333
QueryTag:0.46
FormTagBase:0.29333333333333333
QueryTagStrategy:0.2
ValueTag:0.19333333333333333
InputTag:0.17666666666666667
AttributeTag:0.12
AddTag:0.11666666666666667
ListGroupData:0.07333333333333333
RootQueryTagStrategy:0.0175
ObjectTag:0.0
