Image:0.38
PixelColour:0.33
Ellipse:0.32
Main:0.29333333333333333
GraphicsFeedback:0.23
ImageSegmentation:0.22
Testing:0.18333333333333332
