JavaConfigApplicationContext:0.55
ProcessUtils:0.44666666666666666
MultiplePrimaryBeanDefinitionException:0.40303174603174596
AmbiguousBeanLookupException:0.1446904761904762
JavaConfigApplicationContextTypeSafeGetBeanMethodTests:0.056666666666666664
TypeSafeBeanFactory:0.03
