UnicastSenderTest:0.41
AeronTest:0.2866666666666667
UnicastReceiverTest:0.2275
LossHandlerTest:0.18416666666666667
UnicastTest:0.17833333333333334
