ARINCSettings:0.8083333333333333
TransformUI:0.49666666666666665
