Builder:0.5166666666666667
OidcUserService:0.3
MainController:0.29444444444444445
OAuth2ClientAuthenticationToken:0.20333333333333334
