Trial:0.63
DataSource:0.5227777777777777
FedoraServerTestCase:0.29
IndividualTest:0.22
FindTest:0.21722222222222218
TestAPIALite:0.1827777777777778
IterableTest:0.15666666666666668
HttpDataSource:0.15666666666666668
TestAPIALiteSecureAll:0.13
TestAPIALiteSecureAPIM:0.13
