JPF_java_io_File:0.8333333333333334
TestFileIO:0.4666666666666667
TestFileIOJPF:0.38666666666666666
