InjectorImpl:0.5966666666666667
AbstractModule:0.5533333333333333
BindCommandProcessor:0.2633333333333333
BinderTest:0.24333333333333335
