AttributeType:0.8
TypeTableModel:0.35
ReportConfiguration:0.25666666666666665
AttributeTypeEditDialog:0.18666666666666668
XmlSave:0.18
XmlParser:0.17666666666666667
SaveAction:0.12544444444444444
