TestMasterFlowBuilderDependencyInjection:0.2733333333333333
FlowExecutionTests:0.2733333333333333
TestMasterFlowBuilderLookupByType:0.11333333333333333
TestMasterFlowBuilderLookupById:0.11333333333333333
PersonDetailFlowBuilder:0.11333333333333333
SearchPersonFlowBuilder:0.11333333333333333
