MethodCallProxy:0.43
MethodCall:0.3233333333333333
Appender:0.25666666666666665
MethodDelegationSuperCallTest:0.09
RuntimeTypeTarget:0.013055555555555556
VoidTest:0.013055555555555556
RuntimeTypeTest:0.013055555555555556
NonVoidTarget:0.013055555555555556
