DataHandler:0.7666666666666667
UpgradeServlet:0.4066666666666667
TestDataHandler:0.25333333333333335
AnsiDataHandler:0.22199999999999998
