UUIDMapper:0.3177777777777778
GroupMapper:0.19333333333333333
CategoryMapper:0.19333333333333333
