DrawingPanel:0.6866666666666666
JCPMultiPageEditorContributor:0.5866666666666667
