WanReplicationRef:0.5133333333333333
XmlConfigBuilder:0.41333333333333333
TestFullApplicationContext:0.27666666666666667
XMLConfigBuilderTest:0.25666666666666665
ConfigXmlGenerator:0.22333333333333333
CacheConfigTest:0.10333333333333333
WanReplicationRefReadOnly:0.07333333333333333
