Options:0.74
JdtParser:0.4066666666666667
J2ObjC:0.25333333333333335
