Group:0.5966666666666667
Button:0.415
UITest:0.38666666666666666
