DiscoveryNode:0.6033333333333334
Builder:0.30333333333333334
LocalDiscovery:0.23333333333333334
GatewayMetaState:0.22
ElectMasterService:0.20666666666666667
IndicesService:0.20333333333333334
NodeComparator:0.19
RepositoriesService:0.17666666666666667
ElectMasterServiceTests:0.17
GatewayAllocator:0.11333333333333333
