ShadowSession:0.5504285714285715
ShadowPackageInstallerTest:0.3433333333333333
DefaultPackageManager:0.31
ShadowPackageInstaller:0.26
ShadowPackageManagerTest:0.17
