Euler:0.9933333333333333
EulerRunner:0.19733333333333333
