DB:0.5366666666666666
MongoClientURI:0.4633333333333333
MongoCredential:0.4
DBPort:0.26944444444444443
MongoClientURITest:0.24666666666666667
MongoURI:0.21666666666666667
JavaClientTest:0.09333333333333334
MongoClientTest:0.09305555555555554
MongoURITest:0.06472222222222222
MongoCredentialTest:0.05333333333333334
