JpaTicketRegistry:0.49333333333333335
AbstractTicketRegistry:0.41333333333333333
OAuth20CallbackAuthorizeController:0.14
DefaultAccessTokenFactory:0.056666666666666664
DefaultOAuthCodeFactory:0.056666666666666664
AccessTokenDelegator:0.0
