IcalModuleImpl:0.62
ICalUtils:0.4056666666666667
GetController:0.21884920634920627
