MatrixResource:0.5633333333333334
IDescriptorResult:0.4783333333333332
CreateMatrixRunnable:0.33666666666666667
CDKDescriptorProvider:0.26666666666666666
DescriptorCalculationJob:0.24
CDKDescriptorResult:0.06666666666666667
