TypeUtils:0.67
JavaBeanDeserializer:0.4033333333333333
UTF8Test_decode:0.2833333333333333
JavaBeanInfo:0.23333333333333334
UTF8Test:0.22333333333333333
