QueryTest:0.585
WaitNotifyServiceImpl:0.2833333333333333
LockTest:0.27666666666666667
TransactionQueueTest:0.22666666666666666
