ProblemCVC3:0.7766666666666666
SymbolicConstraintsGeneral:0.17666666666666667
