NetworkUtils:0.44333333333333336
JMXServerImpl:0.43666666666666665
JPPFClassLoader:0.33666666666666667
JSESocketFactory:0.09333333333333334
JPPFNodeState:0.07
JPPFNodeAdminMBean:0.013333333333333334
