FluxLight:0.7253333333333333
FluxSceneBuilder:0.3933333333333333
FluxLightBuilder:0.3233333333333333
FluxSkyLight:0.12666666666666668
