Utils:0.4866666666666667
ContextPathStrategy:0.3272804232804233
WarLoaderListener:0.29333333333333333
JettyWarDeployer:0.27666666666666667
TomcatWarDeployer:0.18333333333333332
AbstractWarDeployer:0.11666666666666667
DeploymentManager:0.1
UndeployTask:0.08333333333333333
DeployTask:0.08333333333333333
DefaultContextPathStrategy:0.02
WarDeployer:0.016666666666666666
