Writer:0.35
Handler:0.34277777777777774
Http20Draft09:0.25666666666666665
FrameWriter:0.24666666666666667
Reader:0.19
InFrame:0.18333333333333332
BaseTestHandler:0.1761111111111111
SpdyConnectionTest:0.12
Http20Draft09Test:0.12
