CacheStrategy:0.6766666666666666
ApplicationEntityManager:0.5433333333333333
AttributeMetadata:0.53
MetadataEntityManager:0.53
ClassMetadata:0.51
ConnectionManager:0.5066666666666667
BusinessEntityManager:0.47
PersistenceService:0.39
ToolsBeanRemote:0.38262698412698404
ClassMetadataLight:0.37666666666666665
Util:0.37333333333333335
Session:0.37333333333333335
UserProfile:0.36
GroupProfile:0.3333333333333333
WebserviceBean:0.29583333333333334
CacheManager:0.29333333333333333
ExtendedQuery:0.29333333333333333
ToolsBean:0.29
Privilege:0.2833333333333333
ActivityLogEntry:0.25
MethodsGroup:0.24666666666666667
ConnectionManagerImpl:0.24
CypherParser:0.24
LocalAttributeWrapper:0.23
LocalClassWrapper:0.22666666666666666
CypherQueryBuilder:0.21
GenericObjectList:0.21
BusinessEntityManagerImpl:0.20666666666666667
LoadDataFromFile:0.20666666666666667
InterfaceMetadata:0.2063968253968254
MetadataEntityManagerImpl:0.20333333333333334
ApplicationEntityManagerImpl:0.19666666666666666
OperationNotPermittedException:0.163238455988456
ApplicationObjectNotFoundException:0.163238455988456
RemoteBusinessObjectLight:0.16
ListTypes:0.1505833333333333
RemoteBusinessObject:0.12666666666666668
Containment:0.12588492063492066
ObjectNotFoundException:0.1192142857142857
MetadataObjectNotFoundException:0.10038131313131317
InvalidArgumentException:0.09666666666666666
CategoryMetadata:0.08666666666666667
CompactQuery:0.075
HistorycEntry:0.07333333333333333
DataIntegrityService:0.051111111111111114
PrivilegesReader:0.03888888888888889
XMLBackupReader:0.03666666666666667
PersistenceLayerFactory:0.02666666666666667
ArraySizeMismatchException:0.023333333333333334
ResultRecord:0.016666666666666666
ViewObject:0.015
ViewObjectLight:0.011666666666666667
NotAuthorizedException:0.009333333333333332
InventoryException:0.006666666666666667
DataModelLoader:0.006666666666666667
DatabaseException:0.0025
UnsupportedPropertyException:0.0025
ConnectionException:0.0025
WrongMappingException:0.0
UsersAndGroups:0.0
StartupBean:0.0
ShutdownBean:0.0
BulkLoadTester:0.0
