EmailTaskHandlerResources:0.8533333333333334
EmailTaskHandler:0.3288888888888889
