ApplicationEntityManager:0.4737857142857143
Reports:0.33
MetadataEntityManagerImpl:0.2916666666666667
CacheManager:0.2866666666666667
ApplicationEntityManagerImpl:0.25
BusinessEntityManagerImpl:0.23166666666666666
Task:0.22666666666666666
WebserviceBean:0.22666666666666666
Constants:0.2211111111111111
WebserviceBeanRemote:0.20083333333333334
KuwaibaService:0.19666666666666666
PersistenceService:0.18666666666666668
RemoteTask:0.15333333333333332
StartupBean:0.08
TaskScheduleDescriptor:0.058333333333333334
RemoteTaskResult:0.058333333333333334
TaskNotificationDescriptor:0.058333333333333334
TaskResult:0.023333333333333334
