NodeGenerator:0.7166666666666667
Specifications:0.47350000000000014
NodeFactoryGenerator:0.45666666666666667
