Data:0.6833333333333333
DataService:0.49666666666666665
BootstrapService:0.37
DataEvent:0.30666666666666664
SymmetricManagementService:0.21666666666666667
IDataService:0.09166666666666666
