IcalTestIncrementalCrawlerHandler:0.42333333333333334
IcalTestSimpleCrawlerHandler:0.3433333333333333
ApertureTestBase:0.2966666666666667
RDFContainerFactoryImpl:0.2633333333333333
