EventConstants:0.5436666666666666
CollectdConfigFactory:0.44
RescanProcessor:0.42333333333333334
SnmpCollector:0.3333333333333333
SnmpIfCollector:0.20333333333333334
AlphaNumeric:0.16333333333333333
CollectableService:0.15333333333333332
