DatabaseList:0.5833333333333334
NbrowseJdbcAdapter:0.5766666666666667
