Options:0.5666666666666667
ObjectiveCHeaderGenerator:0.38
Import:0.36333333333333334
ImplementationImportCollectorTest:0.30333333333333334
ImplementationImportCollector:0.3
J2ObjC:0.27666666666666667
StatementGeneratorTest:0.23
ObjectiveCImplementationGenerator:0.21666666666666667
HeaderImportCollector:0.21666666666666667
RewriterTest:0.20666666666666667
ObjectiveCHeaderGeneratorTest:0.20666666666666667
GenerationTest:0.2
ObjectiveCImplementationGeneratorTest:0.18333333333333332
