TokenAuthenticationConfiguration:0.4866666666666667
TokenAuthenticationAction:0.45666666666666667
