Fiber:0.6366666666666667
InstrumentMethod:0.3333333333333333
SuspendableHelper:0.2833333333333333
