AnnotationIocLoader:0.47333333333333333
JsonLoader:0.3433333333333333
ComboIocLoader:0.20666666666666667
