AnnotationsView:0.5752777777777778
BiojavaResource:0.4072222222222222
