FieldInfo:0.6683333333333333
JavaObjectDeserializer:0.4033333333333333
DefaultFieldDeserializer:0.27666666666666667
