HotelSearchAgent:0.7033333333333334
JpaHotelSearchAgent:0.616904761904762
