BaseMultiLayerNetwork:0.4766666666666667
BaseNeuralNetwork:0.47333333333333333
LogisticRegression:0.27
Conf:0.23
ComputableWorkerAkka:0.17
MnistDbnTest:0.1
DeepLearningConfigurable:0.0
