GoogleMap:0.71
GoogleMapWidget:0.4533333333333333
PolygonClickedRpc:0.3472539682539682
GoogleMapConnector:0.23666666666666666
GoogleMapState:0.043333333333333335
