NotifyBuilderAttachmentsSend:0.18666666666666668
NotifyBuilderFile:0.16666666666666666
NotifyBuilderFileSend:0.16666666666666666
