DefaultDiscoveryService:0.4633333333333333
CollectionUtilTest:0.38333333333333336
CollectionUtil:0.26666666666666666
