SqlStageExecution:0.5566666666666666
TestSqlStageExecution:0.37666666666666665
SqlQueryExecution:0.35333333333333333
