WeightInitUtil:0.5266666666666666
WeightInitUtilTest:0.24333333333333335
ConvolutionParamInitializer:0.22666666666666666
GravesLSTMParamInitializer:0.18666666666666668
GravesBidirectionalLSTMParamInitializer:0.18666666666666668
