Library:0.4277777777777777
XLGraph:0.3616666666666667
LSystem:0.2866666666666667
QueueImpl:0.28
RGGProducer:0.26666666666666666
RGG:0.23666666666666666
LocalSolver:0.19055555555555556
ConcurrentTasks:0.15
