Caches:0.68
AbstractEntityRegionAccessStrategyTestCase:0.30333333333333334
CollectableCloseableIterable:0.23100793650793647
AbstractNonFunctionalTestCase:0.22194444444444447
EntityCollectionInvalidationTestCase:0.2086111111111111
AbstractCollectionRegionAccessStrategyTestCase:0.20333333333333334
MultiTenancyTestCase:0.15666666666666668
NoTenancyTestCase:0.15
NaturalIdInvalidationTestCase:0.14666666666666667
ClusteredTimestampsRegionImpl:0.14
