AssociationAttribute:0.52
EntityBinder:0.49666666666666665
ManyToOneBindingStateImpl:0.32666666666666666
BasicAnnotationBindingTests:0.15166666666666667
