RuntimeScope:0.8366666666666667
ActivationRecord:0.2833333333333333
ObjectInitPopStep:0.23666666666666666
ModeChangeStep:0.23
