ErrorsCounter:0.5566666666666666
JadxDecompiler:0.5233333333333333
ClspGraph:0.4066666666666667
