View:0.7766666666666666
ModuleTestBase:0.5366666666666666
ServiceExpensesTest:0.30666666666666664
ProductExpensesTest:0.25333333333333335
