JsonModel:0.76
JsonModelTest:0.19333333333333333
ArrayIndexFilter:0.17666666666666667
IssuesTest:0.15666666666666668
