AnnotationDrivenBinderTest:0.31333333333333335
ArgumentAnnotationBinderTest:0.27666666666666667
AllArgumentsAnnotationBinderTest:0.24666666666666667
NextUnboundAsDefaultHandlerTest:0.23666666666666666
ThisAnnotationBinderTest:0.22333333333333333
AnnotationVisibilityTest:0.21
AbstractAnnotationBinderTest:0.10333333333333333
