SymbolTable:0.44666666666666666
HopParser:0.37
HopSymbolTableWalker:0.35
HopLexer:0.27666666666666667
DFA12:0.20333333333333334
DFA4:0.12666666666666668
DFA32:0.028333333333333332
DFA14:0.028333333333333332
package_rule_return:0.021555555555555557
UseDescriptor:0.0
