WebClient:0.6746666666666666
DefaultPageCreator:0.2733333333333333
WebClientTest:0.20666666666666667
