Tensor:0.6933333333333334
Distributions:0.4033333333333333
ConvolutionalRBM:0.3233333333333333
MnistConvNet:0.10333333333333333
