QueryStats:0.45
Query:0.38
Builder:0.3688888888888889
StatementStats:0.35333333333333333
TestProgressMonitor:0.18333333333333332
