JavaMailer:0.6033333333333334
JavaMailerException:0.5733333333333334
JavaMailNotificationStrategy:0.21666666666666667
ClassExecutor:0.16333333333333333
