Application:0.5666666666666667
RegistryControllerTest:0.29
RegistryController:0.2633333333333333
WebappConfig:0.22333333333333333
