RowProcessor:0.661611111111111
NotificationManager:0.38
Notifd:0.37
PollablesTest:0.275
Poller:0.214
MockDatabase:0.21
BroadcastEventProcessor:0.18666666666666668
Querier:0.17666666666666667
NotifdTest:0.14
SingleResultQuerier:0.023333333333333334
