DBPatch:0.7333333333333333
InitializerLogic:0.37666666666666665
