PackageResourceLoader:0.6133333333333333
XResourceLoader:0.5733333333333334
OverlayResourceLoader:0.34
