CreateTableAnalysis:0.5
CreateAlterTableStatementAnalyzerTest:0.36333333333333334
AbstractDDLAnalysis:0.23666666666666666
BlobTableAnalyzerTest:0.15666666666666668
ReferenceInfos:0.12666666666666668
Constants:0.06333333333333334
