AggregateOperation:0.5
AggregateExplainOperation:0.36666666666666664
AggregateToCollectionOperation:0.31666666666666665
AggregateIterableImpl:0.2733333333333333
AggregateIterable:0.14583333333333334
