Kablink:0.6433333333333333
id:0.560484126984127
SiteEditor:0.20666666666666667
SiteList:0.19333333333333333
string:0.03333333333333333
