Constructors:0.7833333333333333
CallableStatementTest:0.7166666666666667
