MethodGraphCompilerDefaultTest:0.56
ClassFileVersion:0.5533333333333333
VersionExtractor:0.38
ClassFileVersionTest:0.20666666666666667
Foo:0.0575
