HTMLElement:0.5288888888888889
EventListenersContainer:0.5116666666666667
NodeTest:0.27
