YubiKey:0.8116666666666666
YubiKeyAuthenticationHandler:0.39
YubiKeyAuthenticationEventExecutionPlanConfiguration:0.29333333333333333
