ApolloPanel:0.36333333333333334
GAMEAdapter:0.3466666666666667
Comment:0.29003968253968254
Reader:0.2866666666666667
FeatureView:0.27
Sequence:0.26666666666666666
FeatureTreePanel:0.2305555555555555
EvidenceFinder:0.22666666666666666
EvidencePanel:0.22333333333333333
AnnotationView:0.2
TestLoader:0.19666666666666666
AdapterRegistry:0.16333333333333333
XMLElement:0.11
XML_util:0.10333333333333333
