Geometry:0.5972222222222222
OpOriginOfTangent:0.4866666666666667
GeometryTest:0.26
