StructuredbManager:0.5316666666666666
CDKManager:0.45666666666666667
ICDKManager:0.34
