HorizonTracker:0.4866666666666667
ConnectionEngine:0.46
HorizonStatisticProvider:0.36
StatisticsManager:0.26
StatisticProviderConstants:0.011111111111111112
