MainScene:0.6133333333333333
Sleep:0.39666666666666667
Mission:0.38333333333333336
MarsProjectFX:0.29333333333333333
