SelectStatementAnalyzerTest:0.4266666666666667
RelationAnalysisContext:0.4166666666666667
RelationAnalyzer:0.2966666666666667
CrossJoinIntegrationTest:0.29
