MySQLRoutineDefinition:0.9366666666666666
InformationSchema:0.38333333333333336
