DiskBackedQueue:0.35333333333333333
DiskByteQueue:0.34
Frontier:0.31333333333333335
DiskQueue:0.30666666666666664
FlipFileOutputStream:0.21694444444444447
DiskQueueTest:0.2
DiskBackedDequeTest:0.1877777777777778
DiskBackedQueueTest:0.18444444444444444
DiskBackedDeque:0.14
FlipFileInputStream:0.13277777777777777
