ArticleBean:0.7477777777777778
NullArticleBean:0.32666666666666666
AddArticle:0.2966666666666667
GeneTable:0.29333333333333333
TermTable:0.26666666666666666
AddPubmedArticle:0.25333333333333335
ArticleBeanImpl:0.24666666666666667
DbConnectionBroker:0.24516666666666664
LocusTable:0.24
GeneralDB:0.23111111111111116
GeneAliasTable:0.19
TestConnectionFactory:0.17694444444444443
AddHit:0.17333333333333334
LongRunningConnectionFactory:0.13
EvidenceDescriptionTable:0.12666666666666668
UserBeanTests:0.11333333333333333
AddArticleTest:0.01
