AnnotationEditor:0.59
UpdateTransaction:0.4
FeatureChangeEvent:0.35277777777777775
Transaction:0.31333333333333335
TransactionManager:0.23666666666666666
