Utils:0.8
SystemTestBase:0.3933333333333333
JobUndeployCommand:0.2
HostDeregisterCommand:0.2
JobRemoveCommand:0.16333333333333333
