Fiber:0.5166666666666667
Stack:0.49333333333333335
Strand:0.32026190476190475
FlightRecorder:0.2898888888888889
ThreadStrand:0.24666666666666667
FiberStrand:0.2
FlightRecorderMessage:0.1622222222222222
