CompiledLambda:0.5266666666666666
LambdaBytecodeGenerator:0.44666666666666666
PageFunctionCompiler:0.31666666666666665
CursorProcessorCompiler:0.2866666666666667
JoinFilterFunctionCompiler:0.25833333333333336
