TransactionProviderInterface:0.65
TransactionProvider:0.42833333333333334
MakumbaTransactionProvider:0.26666666666666666
HibernateTransactionProvider:0.26
