CSSStyleSheet:0.7333333333333333
CSSStyleSheetTest:0.3433333333333333
