OIOSocketFactory:0.6533333333333333
NetworkPane:0.43833333333333335
