HelloWorldController:0.4780555555555555
ApplicationTests:0.16555555555555557
