BeanFactory:0.7333333333333333
AssignTasks:0.2866666666666667
AssignAnnotationTasksToUsers:0.25333333333333335
DisplayAssignedTasksOfAllUsers:0.19944444444444445
UserListInApplicationContext:0.13333333333333333
AssignAnnotationTasksToUsersTest:0.0
