ValueAttribute:0.5916666666666667
Instantiation:0.5033333333333333
UseOptionalCollections2:0.16666666666666666
InstantiationCreator:0.16333333333333333
