ClientProtocolErrorCodes:0.613
ClientExceptionFactory:0.5966666666666667
ClientExceptionFactoryTest:0.3433333333333333
