TopNNode:0.5866666666666667
JobExecutorTest:0.36
LocalTopNTask:0.27666666666666667
SymbolVisitor:0.27666666666666667
