EnrichmentUtils:0.6566666666666666
ColumnAbstract:0.51
Property:0.2916666666666667
ReferenceDataUtils:0.056666666666666664
