Options:0.7966666666666666
JdtParser:0.45666666666666667
CycleFinder:0.25333333333333335
J2ObjC:0.23666666666666666
GenerationTest:0.20666666666666667
