SlowOperationDetectorAbstractTest:0.42333333333333334
SlowOperationDetector:0.3634523809523809
DetectorThread:0.3333333333333333
SlowOperationDetectorBasicTest:0.22
SlowOperationDetector_purgeTest:0.18666666666666668
NestedSlowOperationOnPartitionAndGenericOperationThreads:0.1811111111111111
