SymbolVisitor:0.33666666666666667
Literal:0.32
Operator:0.18333333333333332
EqOperator:0.18
AndOperator:0.16666666666666666
OrOperator:0.11333333333333333
NotEqOperator:0.10333333333333333
EqOperatorTest:0.013333333333333334
