HTMLHtmlElement:0.7585714285714286
XMLHttpRequestTest:0.48
SimpleScriptableTest:0.3233333333333333
HtmlHtmlTest:0.07
