DefaultView2d:0.4666666666666667
ImageViewerPlugin:0.3433333333333333
View2dContainer:0.29333333333333333
GeneralSetting:0.28
DisplayTool:0.2633333333333333
AbstractWizardDialog:0.23333333333333334
EventManager:0.22666666666666666
WeasisLauncher:0.22666666666666666
DicomFieldsView:0.20666666666666667
DicomExplorer:0.20027777777777778
DragLayoutElement:0.19
ImageViewerEventManager:0.18666666666666668
MouseHandler:0.17333333333333334
Activator:0.17333333333333334
BundleTools:0.12666666666666668
