PartitionedTableIntegrationTest:0.38
TransportKillAllNodeAction:0.24666666666666667
JobContextService:0.23
TransportBaseSQLAction:0.21666666666666667
KillTask:0.173
KillTaskTest:0.16
TransportKillAllNodeActionTest:0.15333333333333332
JobContextServiceTest:0.12333333333333334
TransportSQLBulkAction:0.07
TransportSQLAction:0.07
