SpringSecurityLdapTemplate:0.44333333333333336
LdapAuthority:0.37333333333333335
SpringSecurityLdapTemplateITests:0.3233333333333333
NestedLdapAuthoritiesPopulator:0.20027777777777778
NestedLdapAuthoritiesPopulatorTests:0.2
LdapAuthorityTests:0.17
