AirDateUnknownException:0.6179444444444444
StandardStructure:0.61
DailyDate:0.35333333333333333
SeasonEpisodeScheduler:0.24
EpguidesParser:0.17366666666666666
SubscribeOptionsPanel:0.17
NoEpisodeFoundException:0.10838095238095237
