ResourceProcess:0.3466666666666667
EnterAirlock:0.31666666666666665
LoadVehicle:0.31333333333333335
Cooking:0.23361111111111113
ExitAirlock:0.22666666666666666
ResearchScience:0.2225
Crop:0.2086111111111111
OperateVehicle:0.20666666666666667
LivingAccommodations:0.19194444444444445
UnloadVehicle:0.17
