Interaction:0.5266666666666666
ProcessDefinition:0.4066666666666667
InteractionsParser:0.18333333333333332
WFFormTag:0.18
DisplayVariableTag:0.09
