View:0.6566666666666666
SitemapNode:0.5033333333333333
ViewEditor:0.2733333333333333
SitemapManipulator:0.25333333333333335
