JobSupervisor:0.5933333333333334
MapReduceUtil:0.48333333333333334
TrackableJobFuture:0.4033333333333333
