NoNotificationChemObjectBuilder:0.5933333333333334
NNRing:0.33722222222222226
