GO:0.6666666666666666
GOFlatFileAdapter:0.4266666666666667
GOTreeModel:0.31
GOTreeRenderer:0.17666666666666667
