Config:0.5566666666666666
Redisson:0.37
MasterSlaveServersConfig:0.32666666666666666
RedisCommands:0.04666666666666667
