JpegStoreLocationChooser:0.4633333333333333
MainScreen:0.4033333333333333
ExportToDcmDelegate:0.29
JpegConvertorDialog:0.25666666666666665
ExportingDelegate:0.18444444444444444
