Options:0.6
JdtParser:0.2866666666666667
GeneratedVariableBinding:0.24805555555555558
GeneratedMethodBinding:0.24805555555555558
AbstractTypeBinding:0.20333333333333334
OptionsTest:0.19333333333333333
