SyntenyGFFAdapter:0.7669444444444444
GFFSyntenyAdapter:0.6721111111111112
