CameraManager:0.48333333333333334
CameraTestActivity:0.36333333333333334
CaptureActivity:0.3588888888888889
SearchBookContentsActivity:0.2252777777777778
BenchmarkThread:0.19944444444444445
SaveThread:0.19788888888888886
AbstractBlackBoxTestCase:0.18333333333333332
SplashThread:0.14666666666666667
BenchmarkActivity:0.11666666666666667
ExpandedProductParsedResultTestCase:0.1
