CassandraMetadata:0.581111111111111
TestCassandraConnector:0.5
TestCassandraDistributed:0.24666666666666667
QueryAssertions:0.23666666666666666
