NettyAsyncHttpProvider:0.66
NettyResponseFuture:0.42
NettyConnectionsPool:0.2966666666666667
AsyncHttpClientConfig:0.2633333333333333
IdleRunner:0.17
