UpgradeSessionBeanTest:0.6133333333333333
RoleManagementSessionBean:0.6016666666666667
UpgradeSessionBean:0.5283333333333333
RoleManagementSessionLocal:0.18333333333333332
