NutFilePool:0.7088888888888889
FilePool:0.6688888888888889
