NettyServerHandler:0.43
NettyServer:0.3333333333333333
NettyServerBuilder:0.3233333333333333
NettyServerHandlerTest:0.32
NettyServerTransport:0.16666666666666666
