ObjectParser:0.45666666666666667
ConstructingObjectParser:0.2866666666666667
ObjectParserTests:0.27166666666666667
ThrowableBuilder:0.15833333333333333
ConstructingObjectParserTests:0.14416666666666667
RemoteResponseParsers:0.013333333333333334
