Euler:0.8233333333333334
Parser:0.4866666666666667
EulerRunner:0.21666666666666667
