BootstrapService:0.4766666666666667
ConfigurationService:0.435
AbstractEmbeddedTrigger:0.35
RouterService:0.34
IBootstrapService:0.2652222222222222
IConfigurationService:0.19416666666666665
