ItemEvent:0.38333333333333336
MultiMapService:0.24666666666666667
TopicService:0.24
MessageListenerImpl:0.22666666666666666
QueueService:0.22333333333333333
CollectionService:0.18
AbstractMapAddEntryListenerRequest:0.18
CollectionAddListenerRequest:0.14666666666666667
AddEntryListenerRequest:0.14
AddMessageListenerRequest:0.12666666666666668
AddListenerRequest:0.12666666666666668
