MethodDescription:0.7566666666666667
ForParameter:0.38666666666666666
AbstractMethodDescriptionTest:0.31333333333333335
TypeWriterMethodPoolRecordTest:0.30666666666666664
AbstractAnnotationDescriptionTest:0.25333333333333335
ForAnnotationProperty:0.21333333333333335
ForOrigin:0.20892857142857144
ForReturnValue:0.20226190476190478
ForField:0.18337301587301585
ForThisReference:0.18059523809523811
AbstractBase:0.18
