SystemTestBase:0.53
DnsServerTest:0.21
SyslogRedirectionTest:0.17666666666666667
NamespaceTest:0.17666666666666667
AgentReportingTest:0.17666666666666667
MultiplePortJobTest:0.17666666666666667
EnvironmentVariableTest:0.17666666666666667
