HttpConnection:0.5233333333333333
Libcore:0.44333333333333336
SpdyWriter:0.43333333333333335
