UserDAOImplTest:0.7669444444444444
UserDAOImpl:0.5836666666666667
