IndexResponse:0.42333333333333334
DeleteResponse:0.27666666666666667
RestDeleteAction:0.15
RestIndexAction:0.15
Fields:0.11944444444444442
