ArrivingSettlementEditingPanel:0.7133333333333334
MarsProjectFX:0.4633333333333333
NewTransportItemDialog:0.24266666666666667
