PlanPrinter:0.4766666666666667
LocalQueryRunner:0.30333333333333334
ExplainAnalyzeOperator:0.28
Visitor:0.27666666666666667
QueryExplainer:0.25
ExplainAnalyzeOperatorFactory:0.18333333333333332
