LogSummary:0.45666666666666667
StatisticManager:0.3933333333333333
IStatisticManager:0.2816666666666667
ParameterConstants:0.2617777777777778
LogSummaryAppender:0.23333333333333334
MockStatisticManager:0.16333333333333333
