AndroidManifest:0.5266666666666666
Robolectric:0.41
ContentProviderData:0.37333333333333335
DefaultPackageManager:0.25666666666666665
ShadowContentResolverTest:0.21916666666666668
DefaultPackageManagerTest:0.2
Logger:0.04
