NetworkPublication:0.57
IpcPublication:0.33666666666666667
DriverConductor:0.32666666666666666
