JPPFDriverConnectionInfo:0.9616666666666667
JPPFDefaultConnectionStrategy:0.2633333333333333
