UrlMapImpl:0.63
Maths:0.4633333333333333
NutzServlet:0.31666666666666665
MathsTest:0.10666666666666667
