SlowEntryProcessor:0.4666666666666667
SlowOperationDetectorAbstractTest:0.41
SlowEntryProcessorChild:0.3433333333333333
PartitionWideEntryWithPredicateOperation:0.31666666666666665
TruePredicate:0.16444444444444445
SlowOperationDetector_EntryProcessorTest:0.15666666666666668
