Context:0.7968253968253968
ReadOnlyContext:0.5733333333333334
WritableContext:0.3258333333333333
