SelectionManager:0.9666666666666667
Select:0.43
SelectionSearch:0.043333333333333335
