OCSPUtil:0.3566666666666667
OCSPUnidClient:0.35
OCSPServletBase:0.27666666666666667
ProtocolOcspHttpTest:0.26666666666666666
Ocsp:0.20333333333333334
OCSPResponseItem:0.16
OcspJunitHelper:0.11666666666666667
ProtocolOcspHttpStandaloneTest:0.09666666666666666
TestOcspUtil:0.09666666666666666
StressTest:0.06333333333333334
