TxnMapRequest:0.4
ClientTxnMapProxy:0.37
MapTransactionTest:0.31
TransactionalMapProxy:0.30333333333333334
ClientTxnMapTest:0.07333333333333333
