MainScene:0.4866666666666667
EarthClock:0.46
MarsClock:0.43666666666666665
