InstrumentMethod:0.5472222222222222
InstrumentClass:0.45666666666666667
CheckInstrumentationVisitor:0.30666666666666664
