Util:0.575
Platform:0.3933333333333333
DiskLruCache:0.3933333333333333
Android:0.23333333333333334
