IpInterfaceDaoJdbc:0.6366666666666667
AbstractDaoJdbc:0.40797222222222224
SqlMapClientAggStatViewDao:0.34
