JPPFResultCollector:0.5166666666666667
BaseJPPFClientConnection:0.36333333333333334
AbstractGenericClient:0.31333333333333335
JcaClassServerDelegate:0.29333333333333333
AbstractSubmissionManager:0.17666666666666667
JcaJobSubmission:0.17333333333333334
