Upload:0.5523333333333333
Download:0.5066666666666667
SimpleStorageService:0.4666666666666667
AbstractTransferService:0.19666666666666666
