SpecialValue:0.7333333333333333
SynthLookGenerator:0.43666666666666665
LookCapacitiesHandler:0.35
