ControlSession:0.7383333333333333
AeronArchive:0.6576666666666667
