ChronicleMapBuilderI:0.8866666666666667
AbstractChronicleMapBuilder:0.5366666666666666
ChronicleMapBuilder:0.25666666666666665
