BeanMethod:0.47
ConfigurationClass:0.32
NonJavaConfigMethod:0.31333333333333335
ReflectiveConfigurationParser:0.26
ScopingTests:0.23
ExternalBeanMethod:0.20666666666666667
AutoBeanMethod:0.18666666666666668
ConfigurationParserTests:0.18666666666666668
AutoBeanMethodTests:0.07666666666666666
AnnotationExtractionUtils:0.02666666666666667
BeanMethodTests:0.006666666666666667
