SpreadInputStream:0.6166666666666667
DiskedVirtualBuffer:0.32
MemoryArea:0.30666666666666664
MemPoolManager:0.13666666666666666
