TrainingSetTableModel:0.58
NeuralNetworkTraining:0.4633333333333333
TrainingSetEditFrame:0.3933333333333333
