EngineExecutionListener:0.7033333333333334
TestExecutionListener:0.29833333333333334
CompositeTestExecutionListener:0.29833333333333334
StandardTestClassTest:0.29333333333333333
ColoredPrintingTestListener:0.22333333333333333
TrackingEngineExecutionListener:0.2
SummaryCreatingTestListener:0.18
HierarchicalTestEngine:0.18
RunListenerAdapter:0.16333333333333333
LoggingListener:0.16333333333333333
DummyTestEngine:0.14
JUnit5RunnerListener:0.12666666666666668
ExecutionListenerAdapter:0.11333333333333333
