Visitor:0.5166666666666667
ASMType:0.4866666666666667
ASMMethod:0.4166666666666667
BytecodeWriter:0.37333333333333335
ASMTypeLoader:0.2791666666666667
AnnVisitor:0.2633333333333333
