WSClient:0.4666666666666667
FolderService:0.3441666666666667
WebServiceClient:0.22666666666666666
SearchService:0.15
WorkspaceService:0.085
TemplateService:0.085
