CodeCompletionListener:0.6566666666666666
QuorumCompletionItem:0.5755555555555555
Installer:0.31333333333333335
