BaseNeuralNetwork:0.7933333333333333
RBMMnistTest:0.25333333333333335
