BasicFetcher:0.38333333333333336
BreadthCrawler:0.31
Config:0.2720555555555556
FetcherThread:0.20444444444444446
FSDbUpdater:0.20333333333333334
FSFetcher:0.19333333333333333
FetchQueue:0.09666666666666666
