EnumerationAssert:0.6866666666666666
StringEnumerationAssert:0.4166666666666667
StringEnumerationAssertTest:0.04666666666666667
EnumerationAssertTest:0.02666666666666667
