XFNDSTR_getHandle:0.16
XFNDSTR_getNumberOfSearchElements:0.16
XFNDSTR_search:0.16
SPLF_setUserData:0.16
XFNDSTR_clear:0.16
FNDSTR_search:0.12544444444444441
SPLF_setUser:0.12544444444444441
FNDSTR_getHandle:0.12544444444444441
FNDSTR_getNumberOfSearchElements:0.12544444444444441
FNDSTR_clear:0.12544444444444441
SPLF_clear:0.105
FNDSTR_resolveGenericSearchElements:0.105
SPLF_setJob:0.105
SPLF_setOutputQueue:0.105
SPLF_setDateTime:0.105
SPLF_prepare:0.105
SPLF_setFormType:0.105
SPLF_build:0.105
