StatementBuilder:0.5066666666666667
AbstractDbDialect:0.49166666666666664
TableTemplate:0.2866666666666667
MySqlDbDialect:0.2733333333333333
IDbDialect:0.235
