Injector:0.6763888888888889
State:0.41002777777777777
InjectorImpl:0.33666666666666667
InheritingState:0.21333333333333335
ToolStageInjector:0.21333333333333335
ProviderBindingImpl:0.14
