Node:0.2814285714285714
HierarchicalTestExecutor:0.27
DemoHierarchicalEngineDescriptor:0.2
TestTemplateTestDescriptor:0.17333333333333334
TestFactoryTestDescriptor:0.16666666666666666
DemoHierarchicalTestDescriptor:0.16666666666666666
JupiterTestDescriptor:0.16666666666666666
DemoHierarchicalContainerDescriptor:0.16666666666666666
MyLeaf:0.13333333333333333
MyContainer:0.12666666666666668
