MainWindow:0.5983333333333334
EarthClock:0.535
Weather:0.30666666666666664
SettlementWindow:0.2
