JPPFNode:0.56
JPPFNodeProvisioningMBean:0.39
NodeProvisioningConstants:0.35
SlaveNodeLauncher:0.34
JPPFNodeProvisioning:0.27666666666666667
JPPFNodeProvisioningMBeanProvider:0.23333333333333334
SlaveNodeManager:0.23333333333333334
ProvisioningAction:0.2
