BinderInfo:0.41
GwtTeamingMessages:0.33555555555555555
GwtServerHelper:0.2733333333333333
GwtMenuHelper:0.2611111111111111
EventHelper:0.25733333333333336
GwtViewHelper:0.22444444444444447
DataTableFolderViewBase:0.18666666666666668
ContentControl:0.16333333333333333
MirroredFileFolderView:0.13333333333333333
ShowMirroredFileFolderEvent:0.09
