Transport:0.49333333333333335
JournalEntry:0.44
JournalWriter:0.41333333333333333
RmiJournalReceiverInterface:0.395
JournalHelper:0.39
MulticastJournalWriter:0.38333333333333336
RmiJournalReceiver:0.36666666666666664
ParameterHelper:0.35
JournalConsumer:0.32666666666666666
JournalReader:0.32
TransportRequest:0.27051984126984113
TestJournalRoundTrip:0.2633333333333333
TestParameterHelper:0.26
TestMulticastJournalWriterInitializations:0.25
MultiFileJournalHelper:0.24333333333333335
JournalOutputFile:0.24
MockRmiJournalReceiver:0.23666666666666666
CreatorJournalEntry:0.22311111111111112
JournalInputFile:0.22111111111111115
MockTransport:0.22
FileMovingUtil:0.21833333333333332
TestRmiTransport:0.21666666666666667
ContextXmlReader:0.21666666666666667
Journaller:0.215
MockServerForJournalTesting:0.21333333333333335
JournalCreator:0.21333333333333335
JournalRecoveryLog:0.20666666666666667
SampleJournalFile1:0.2063968253968254
TestPasswordCipher:0.19666666666666666
TestMulticastJournalWriterOperation:0.18666666666666668
TestLocalDirectoryTransport:0.17666666666666667
MockMulticastJournalWriter:0.17
TestRmiJournalReceiver:0.16666666666666666
TestLockingFollowingJournalReader:0.16666666666666666
TestContextXmlWriterAndReader:0.16666666666666666
TestRmiTransportWriter:0.15666666666666668
CloseFileRequest:0.13051984126984129
ShutdownRequest:0.13051984126984129
RmiTransport:0.12666666666666668
RenamingJournalRecoveryLog:0.12333333333333334
MultiFileJournalWriter:0.11333333333333333
SingleFileJournalReader:0.11
RmiJournalReceiverHelper:0.10730555555555558
JournalConsumerThread:0.10666666666666667
MockJournalWriter:0.10333333333333333
MockJournalReader:0.10333333333333333
MultiFileJournalReader:0.09666666666666666
AllUnitTests:0.09088888888888888
WriteEntryRequest:0.07333333333333333
JournalConstants:0.07
OpenFileRequest:0.06666666666666667
JournalEntrySizeEstimator:0.06666666666666667
SampleJournalEntries:0.06333333333333334
RmiTransportWriter:0.06
UnbufferedJournalRecoveryLog:0.06
RmiJournalReceiverArguments:0.056666666666666664
SingleFileJournalWriter:0.05333333333333334
TransportOutputFile:0.05333333333333334
LockingFollowingJournalReader:0.05
MockJournalRecoveryLog:0.041666666666666664
LocalDirectoryTransport:0.03666666666666667
BufferedJournalRecoveryLog:0.03
TestJournalEntrySizeEstimator:0.03
MultiFileFollowingJournalReader:0.0225
AllIntegrationTests:0.02
FilenameComparator:0.01
TransportParent:0.006666666666666667
AbstractJournalTester:0.0033333333333333335
MultiFileJournalConstants:0.0
