Worker:0.5966666666666667
MethodUtil:0.4266666666666667
ClassUtil:0.4
