JavaClassAnalyzer:0.42
PlainAnalyzer:0.2833333333333333
ELFAnalyzer:0.27666666666666667
GZIPAnalyzer:0.22666666666666666
BZip2Analyzer:0.22666666666666666
XMLAnalyzer:0.22666666666666666
TroffAnalyzer:0.20333333333333334
ZipAnalyzer:0.19666666666666666
TarAnalyzer:0.19666666666666666
JarAnalyzer:0.16333333333333333
