AsyncHttpProviderUtils:0.49
NettyAsyncHttpProvider:0.43
NettyResponse:0.31666666666666665
GrizzlyResponseBodyPart:0.28944444444444445
ResponseBase:0.19
GrizzlyResponse:0.19
HttpProtocol:0.12
WebSocketProtocol:0.12
