AbstractDbDialect:0.6522222222222223
IDbDialect:0.3466666666666667
PurgeServiceTest:0.2866666666666667
AbstractService:0.26666666666666666
