ElasticsearchIntegrationTest:0.45666666666666667
NodeChannels:0.4033333333333333
NettyTransport:0.3333333333333333
ScheduledPing:0.33
TransportClient:0.23333333333333334
SizeHeaderFrameDecoder:0.09
NettyHeader:0.06333333333333334
