MsSqlDdlBuilder:0.5316666666666666
DatabasePlatformTest:0.44
Db2DdlBuilder:0.38333333333333336
