ParamDefConfig:0.82
EmailConfigWizardPage:0.6166666666666667
ContentComposite:0.38
ChooseVariableLabelDialog:0.14333333333333334
