CwbProcess:0.45666666666666667
Lexicon:0.44666666666666666
Filter:0.38166666666666665
