AbstractLoadPlanBuildingAssociationVisitationStrategy:0.30333333333333334
AssociationVisitationStrategy:0.29
AbstractLoadPlanBuilderStrategy:0.29
CollectionFetchableIndexCompositeGraph:0.2833333333333333
LoadPlanStructureAssertionTest:0.28
MetamodelGraphWalker:0.27
LoggingAssociationVisitationStrategy:0.25333333333333335
CompositeFetchImpl:0.24333333333333335
CollectionFetchableElementCompositeGraph:0.22333333333333333
AbstractCompositeEntityIdentifierDescription:0.21333333333333335
AbstractEntityReference:0.17
AbstractCompositeFetch:0.15333333333333332
EncapsulatedEntityIdentifierDescription:0.11
NestedCompositeFetchImpl:0.09666666666666666
CompositesWalkingTest:0.09333333333333334
