FederationClass:0.8066666666666666
FederationClasses:0.36666666666666664
