StatementGenerator:0.5733333333333334
UnicodeUtils:0.47
StatementGeneratorTest:0.39
UnicodeUtilsTest:0.2833333333333333
