IRequestMessage:0.6452222222222223
ScepRequestMessage:0.4166666666666667
RSASignSessionBean:0.36
ProtocolScepHttpTest:0.2866666666666667
PKCS10RequestMessage:0.26666666666666666
