IndicesAnalysisService:0.9
AnalysisModule:0.31666666666666665
AnalysisModuleTests:0.13333333333333333
