HttpServerResponse:0.5572222222222222
VertxHttp2Handler:0.5051666666666667
