MainDesktopPane:0.3466666666666667
Mission:0.3466666666666667
MarsNode:0.31333333333333335
WalkSettlementInterior:0.2783333333333333
MainScene:0.26
JFXPannableView:0.24
PannableView:0.15266666666666664
RobotWindow:0.12333333333333334
EarthControl:0.07333333333333333
BalloonToolTip:0.03666666666666667
EarthControlController:0.023333333333333334
