AtomContainerModel:0.8533333333333334
AtomicTable:0.3333333333333333
