FeatureProperty:0.69
Tier:0.4533333333333333
TierManager:0.25355555555555553
FeatureTierManager:0.24333333333333335
TiersIO:0.22666666666666666
FeatureTier:0.18
DrawableUtil:0.10666666666666667
