CmpConfiguration:0.9166666666666666
CrmfKeyUpdateTest:0.34
CrmfKeyUpdateHandler:0.33333333333333326
