KernelBoLogicWfTestSuite:0.31
KernelBoLogicTestSuite:0.269
FormulaCheckerGlobalTest:0.21
FormulaCheckerPredicateFormulaTest:0.20666666666666667
FormulaCheckerTermTest:0.20666666666666667
FormulaCheckerFunctionTermTest:0.20666666666666667
FormulaCheckerContextTest:0.19333333333333333
FormulaCheckerTest:0.17666666666666667
FormulaCheckerLogicalConnectivesTest:0.17666666666666667
FormulaCheckerQuantifiersTest:0.17
FormulaCheckerClassTermTest:0.16333333333333333
FormulaCheckerFormulaTest:0.16333333333333333
FormulaCheckerSubjectVariableTest:0.11
TestFormulaCheckerFactoryImpl:0.052714285714285714
FormulaCheckerNegationTest:0.043333333333333335
TestFormulaCheckerImpl:0.04
AbstractFormulaChecker:0.0
