QueryBatchCursor:0.6833333333333333
OperationHelper:0.4666666666666667
DB:0.3388888888888889
ListIndexesOperation:0.23666666666666666
AggregateOperation:0.19666666666666666
ParallelCollectionScanOperation:0.19333333333333333
MongoDatabaseImpl:0.18333333333333332
