X509CA:0.7766666666666666
CVCCA:0.38333333333333336
