NestedBlockLayout:0.9433333333333334
BasicEditor:0.4666666666666667
