Flyway:0.78
CompositeMigrationResolver:0.23111111111111116
SpringJdbcMigrationResolver:0.19111111111111112
JdbcMigrationResolver:0.19111111111111112
