BroadcasterFactory:0.8066666666666666
AtmosphereResourceImpl:0.49333333333333335
DefaultBroadcasterFactory:0.26
AsynchronousProcessor:0.25333333333333335
JerseyBroadcasterUtil:0.17333333333333334
AbstractReflectorAtmosphereHandler:0.15333333333333332
