CDKManager:0.8033333333333333
ICDKManager:0.7911111111111111
