AuthenticationServiceTest:0.8133333333333334
UserServiceTest:0.5122222222222222
