MongoOptions:0.5166666666666667
Builder:0.37666666666666665
MongoClientOptions:0.33
MongoClientOptionsTest:0.3
DBTCPConnector:0.26666666666666666
MongoOptionsTest:0.03333333333333333
