AsyncHandlerExtensions:0.7466666666666667
NettyRequestSender:0.6566666666666666
NettyConnectListener:0.3255555555555556
