CertProfileBean:0.4691666666666667
CertProfilesBean:0.33
AvailableCustomCertificateExtensionsConfiguration:0.3125
SystemConfigMBean:0.2966666666666667
CertificateProfileItem:0.2633333333333333
