Record:0.6266666666666667
Config:0.44
AbstractRecord:0.2733333333333333
CMap:0.27
SimpleRecord:0.26555555555555554
MPut:0.23
HazelcastTest:0.21333333333333335
ConcurrentMapManager:0.21333333333333335
XmlConfigBuilder:0.20666666666666667
AbstractSimpleRecord:0.14916666666666667
PutMultiOperationHandler:0.12
QueryOperationHandler:0.12
OptionalInfo:0.07
