UdpChannelTransport:0.5266666666666666
NetworkPublication:0.45
SendChannelEndpoint:0.21
TransportPoller:0.19666666666666666
ReceiverUdpChannelTransport:0.13666666666666666
SenderUdpChannelTransport:0.13666666666666666
