InitialFlowSetupAction:0.44333333333333336
CasSupportActionsConfiguration:0.39666666666666667
GenerateServiceTicketAction:0.3233333333333333
InitialFlowSetupActionCookieTests:0.21
