Task:0.4666666666666667
BuildingManager:0.43666666666666665
RelationshipManager:0.33
Teach:0.3233333333333333
Workout:0.2966666666666667
Mission:0.2866666666666667
MedicalAssistance:0.22333333333333333
TravelToSettlement:0.20666666666666667
EatMeal:0.2
Relax:0.2
Maintenance:0.2
Sleep:0.2
ResearchScience:0.19666666666666666
TendGreenhouse:0.18666666666666668
CollectIce:0.17
Exploration:0.17
ResearchMedicine:0.17
StudyRockSamples:0.17
ResearchBotany:0.17
