WebClient:0.5533333333333333
WebClientTest:0.5033333333333333
HttpWebConnection:0.3333333333333333
UrlUtils:0.2833333333333333
HttpWebConnectionTest:0.16
