AggregatorFactory:0.34
AggregatorBuilder:0.27
Builder:0.26666666666666666
Factory:0.26666666666666666
TopHitsAggregatorBuilder:0.21
AggregatorFactories:0.21
ValuesSourceAggregatorBuilder:0.19
AggregationParseElement:0.14833333333333334
AbstractHistogramAggregatorFactory:0.1
AggregatorParsers:0.07666666666666666
