TexturePacker:0.3566666666666667
Image:0.3487380952380953
LongArray:0.34
FloatArray:0.34
IntArray:0.34
Node:0.23
Settings:0.07333333333333333
