ResourceGroupsDao:0.6033333333333334
H2ResourceGroupsDao:0.5666666666666667
DbResourceGroupConfig:0.35
DbResourceGroupConfigurationManager:0.2633333333333333
TestResourceGroupsDao:0.17666666666666667
TestDbResourceGroupConfigurationManager:0.1525
H2DaoProvider:0.1511111111111111
TestDbResourceGroupConfig:0.14
MysqlDaoProvider:0.11
