LTSPanel:0.6233333333333333
MyMouseListener:0.6033333333333334
RuleSelectionListener:0.27666666666666667
