AdminModule:0.85
Html5UploadTempCleanup:0.5416666666666666
TempFileUtil:0.34
GwtHtml5Helper:0.29111111111111115
AbstractZoneModule:0.2733333333333333
Html5Helper:0.2678730158730158
AbstractAdminModule:0.20666666666666667
DefaultHtml5UploadTempCleanup:0.17333333333333334
