Cluster:0.7697222222222223
ClusterServiceImpl:0.45
HttpPostCommandProcessor:0.32
TimedMemberStateFactory:0.2966666666666667
ClientClusterProxy:0.2966666666666667
