HtmlPage:0.6383333333333333
HtmlArea:0.3311111111111111
HtmlAnchor:0.29333333333333333
HtmlForm:0.2633333333333333
HTMLFormElement:0.19666666666666666
HtmlAnchorTest:0.18666666666666668
HTMLFormElementTest:0.07333333333333333
HtmlFormTest:0.06333333333333334
HtmlAreaTest:0.023333333333333334
