Person:0.5466666666666666
ProfileActivity:0.33666666666666667
ProfileScreensAdapter:0.31333333333333335
WriteActivity:0.31
AboutFragment:0.07333333333333333
