Content:0.7266666666666667
Overview:0.36666666666666664
TreeView:0.2833333333333333
