XDSIService:0.5466666666666666
XDSMetadata:0.3466666666666667
XDSIFileDocument:0.31333333333333335
XDSIDatasetDocument:0.24
XDSIDocument:0.23
XDSIURLDocument:0.1277777777777778
Association:0.043333333333333335
UUID:0.03
