WordVectorSerializer:0.4
ParallelWrapper:0.27066666666666667
SequenceElement:0.27
Trainer:0.23
MagicQueue:0.22194444444444447
AsyncDataSetIterator:0.214
MultipleEpochsIterator:0.20666666666666667
VocabWord:0.20400000000000001
QueueHandler:0.20333333333333334
ParagraphVectorsTest:0.12
ParallelWrapperTest:0.07666666666666666
