LocalToFieldEditProvider:0.5266666666666666
LocalToFieldConverter:0.31866666666666665
InitInConstructorEditProvider:0.26222222222222225
