InfoLayer:0.48
AnnotationsLayer:0.2678730158730158
ExportImage:0.25
ExportLayout:0.22
GridBagLayoutModel:0.21333333333333335
PrintDialog:0.19583333333333333
ImagePrint:0.17
SAXAdapter:0.08666666666666667
