ClusteredEventBus:0.6955555555555555
FakeAsyncMultiMap:0.42380555555555555
AsyncMultiMap:0.40797222222222224
