FedoraOAIDriver:0.6566666666666666
ITQLQueryFactory:0.3933333333333333
TestFedoraOAIDriver:0.19333333333333333
TestITQLQueryFactory:0.12777777777777777
