Netty4HeadBodyIsEmptyIT:0.8033333333333333
RestGetIndexTemplateAction:0.47333333333333333
