BinaryTransaction:0.5961111111111111
TransactionCommandsTest:0.20666666666666667
