TdsCore:0.4066666666666667
JtdsPreparedStatement:0.36333333333333334
TestMultiThread:0.31666666666666665
ConnectionJDBC2:0.27666666666666667
PreparedStatementTest:0.23
TdsData:0.20400000000000001
XaTest:0.20333333333333334
