ClientConnection:0.7366666666666667
ClientConnectionManagerImpl:0.33
ClientProperties:0.23333333333333334
HeartBeat:0.21166666666666667
ClientConnectionManager:0.15638888888888888
