DoubleValue:0.7366666666666667
NbrowseJdbcAdapter:0.6613888888888888
