WindowsKeyboard:0.5333333333333333
WindowsMouse:0.49333333333333335
AbstractAWTInput:0.31666666666666665
WindowsAWTInput:0.31
