AclPermissionUpdate:0.7513333333333333
JdbcExtendedDaoImpl:0.38333333333333336
