Mission:0.6166666666666667
TendGreenhouse:0.4533333333333333
