ControllerHub:0.47
ChangeHydrogenCountEdit:0.4033333333333333
IUndoRedoFactory:0.33916666666666667
ChangeCoordsEdit:0.33466666666666667
