GroupImpl:0.7952777777777779
UserImpl:0.5736666666666667
