SearchService:0.5433333333333333
SearchWarmer:0.2837777777777778
TransportSearchFailuresIT:0.2733333333333333
TransportTwoNodesSearchIT:0.26
TemplateQueryBuilderTests:0.25666666666666665
