DataLoaderTest:0.45666666666666667
DataLoaderServiceTest:0.38666666666666666
AbstractDataLoaderTest:0.37083333333333335
