LogReader:0.4033333333333333
LogScanner:0.31666666666666665
LogRebuilder:0.30333333333333334
GapScanner:0.25666666666666665
