Transaction:0.63
TransactionManager:0.43666666666666665
AddTransaction:0.24666666666666667
