PartitionRecordStore:0.49666666666666665
NearCache:0.33
DataRecord:0.3006666666666667
ObjectRecord:0.29733333333333334
CacheRecord:0.15
