Factory:0.8133333333333334
HTMLColorChooserPanel:0.42333333333333334
HTMLColorChooserForm:0.1325
