GLDisplay:0.6183333333333333
PointCloud:0.6033333333333334
_Field:0.3
