GetIndexResponse:0.6333333333333333
GetIndexTests:0.4633333333333333
GetIndexRequest:0.41333333333333333
TransportGetIndexAction:0.13666666666666666
GetIndexBackwardsCompatibilityTests:0.13
RestGetIndicesAction:0.12333333333333334
GetIndexRequestBuilder:0.06666666666666667
