TestUnitView:0.49083333333333334
RubyThread:0.2866666666666667
RubyVariable:0.27666666666666667
ContainerCheckedTreeViewer:0.22666666666666666
SingleCharReader:0.16666666666666666
