ClusterAdminClient:0.37666666666666665
AbstractClusterAdminClient:0.36333333333333334
Requests:0.3433333333333333
Bootstrap:0.27133333333333337
TribeClusterStateListener:0.2657777777777778
TribeService:0.20666666666666667
ActionModule:0.16333333333333333
RestActionModule:0.15333333333333332
