Structure:0.6083333333333333
TestLibrary:0.5116666666666667
CallbacksTest:0.32
ArgumentsMarshalTest:0.2866666666666667
DirectTestLibrary:0.23666666666666666
