MultiResourceItemReader:0.39
StaxEventItemReader:0.33666666666666667
StaxEventItemWriter:0.32666666666666666
FlatFileItemReader:0.2733333333333333
FlatFileItemWriter:0.24666666666666667
MultiResourceItemReaderIntegrationTests:0.23333333333333334
StaxEventItemReaderTests:0.19
MultiResourceItemReaderFlatFileTests:0.17333333333333334
MultiResourceItemReaderXmlTests:0.17333333333333334
