Fetcher:0.6516666666666666
PubmedFetcher:0.5766666666666667
Fetch:0.49333333333333335
AgricolaFetcher:0.36333333333333334
TestArticleCollection:0.13333333333333333
TestPubmedFetcher:0.11333333333333333
UniqueArticleCollection:0.08666666666666667
FetchError:0.01
