Scanner:0.43
OLParser:0.3566666666666667
RunStatement:0.3433333333333333
OLVisitor:0.27166666666666667
SemanticValidator:0.27166666666666667
OptimizerVisitor:0.2633333333333333
