AbstractEntityManagerImpl:0.545
JtaTransactionCoordinatorImpl:0.43666666666666665
EntityManagerImpl:0.23
AbstractBasicJtaTestScenarios:0.21
TransactionJoiningTest:0.20333333333333334
TransactionJoinHandlingChecker:0.1496111111111111
AfterCompletionActionImpl:0.1316111111111111
