QedeqController:0.47
CheckLogicAction:0.21333333333333335
MakeLatexAction:0.21333333333333335
