PipelineStore:0.43333333333333335
Data:0.38333333333333336
PipelineExecutionService:0.27
IngestPlugin:0.17666666666666667
IngestModule:0.061111111111111116
IngestClientIT:0.013333333333333334
