IsLockedOperation:0.6083333333333333
LockResourceImpl:0.5355555555555556
AbstractIsLockedRequest:0.22666666666666666
