Update:0.30666666666666664
Builder:0.2833333333333333
ClientConsumer:0.27051984126984113
ZooKeeperRegistrarServiceTest:0.22666666666666666
ZooKeeperRegistrarService:0.225
InterruptingScheduledService:0.19
AgentService:0.12666666666666668
CreateMany:0.11
DeleteMany:0.11
EnvironmentVariableReporter:0.10666666666666667
LabelReporter:0.10666666666666667
AgentZooKeeperRegistrar:0.08
MasterZooKeeperRegistrar:0.07
HostInfoReporter:0.07
AgentInfoReporter:0.056666666666666664
Check:0.043333333333333335
CreateWithData:0.023333333333333334
CreateWithDataAndVersion:0.016666666666666666
CheckWithVersion:0.016666666666666666
