TaskQueueChecker:0.44333333333333336
ChannelWrapperLocal:0.42
ChannelWrapperRemote:0.37666666666666665
