DcmObject:0.7466666666666667
Dataset:0.5833333333333334
DcmObjectImpl:0.49333333333333335
DatasetTest:0.36666666666666664
BaseDatasetImpl:0.21642857142857144
