TermAppender:0.7433333333333333
Publication:0.4266666666666667
TermAppenderTest:0.32
