ParsedReaderResultTestCase:0.6066666666666667
URIParsedResult:0.3177777777777778
