AppResource:0.5163888888888889
HASearchNode:0.25
LuceneHighAvailabilityPanel:0.24444444444444446
NewLuceneHANodeDialog:0.24
InstallServiceImpl:0.21666666666666667
LucenePage:0.21333333333333335
MainUILayoutPanel:0.15666666666666668
