MimeHelper:0.5688095238095238
Notify:0.33666666666666667
StartThreads:0.32666666666666666
StopThreads:0.11333333333333333
RecordEvent:0.07333333333333333
DecisionAction:0.07333333333333333
