SyncActionsFrame:0.7866666666666666
CompatibleTopComponent:0.5405833333333334
