Analysis:0.5433333333333333
MyStaticValue:0.4348968253968254
PersonRecognition:0.32
SummaryComputer:0.2833333333333333
ToAnalysis:0.20666666666666667
DicAnalysis:0.20666666666666667
NlpAnalysis:0.20333333333333334
Sentence:0.19666666666666666
IndexAnalysis:0.16333333333333333
Extracting:0.14666666666666667
NumRecognitionTest:0.12
PersonRecognitionTest:0.08333333333333333
TagContentTest:0.07666666666666666
