IncomingInvitationProcess:0.635
FileListData:0.3933333333333333
SharedResourcesManager:0.30666666666666664
