LocalCache:0.7290277777777778
Caffeine:0.4633333333333333
LocalManualCache:0.41
CacheStats:0.39666666666666667
AbstractLocalCache:0.37333333333333335
