ApplicationEntityManager:0.5866666666666667
BusinessEntityManager:0.56
ClassInfo:0.3433333333333333
Util:0.3333333333333333
WebserviceBean:0.3
AttributeMetadata:0.2866666666666667
MetadataEntityManagerImpl:0.2733333333333333
WebserviceBeanRemote:0.25833333333333336
AttributeInfo:0.23666666666666666
DefaultReports:0.22666666666666666
PersistenceService:0.18333333333333332
BusinessEntityManagerImpl:0.18166666666666667
ApplicationEntityManagerImpl:0.18
Constants:0.17777777777777776
ToolsBean:0.13666666666666666
PersistenceLayerFactory:0.013333333333333334
