AbstractDomPayloadEndpoint:0.6944444444444445
TransformerObjectSupport:0.37172222222222223
