Workbench:0.6666666666666666
GedcomDockable:0.38666666666666666
