Option:0.4066666666666667
VariableExtractionHelper:0.22666666666666666
BaseProcessFormAction:0.12333333333333334
SubmitStartProcessFormAction:0.11333333333333333
MultipleSelectTag:0.1
SubmitInfoPathFormAction:0.1
ArrayListFormat:0.09666666666666666
FtlTagVariableHandler:0.095
TypeConversionUtil:0.08666666666666667
SubmitTaskFormAction:0.08333333333333333
ViewSelectionTag:0.03
RemoveObjectFromListActionHandler:0.016666666666666666
CreateOptionActionHandler:0.013333333333333334
AddObjectToListActionHandler:0.0033333333333333335
