Template:0.64
TemplateTarget:0.45666666666666667
Target:0.38666666666666666
AbstractGenerator:0.3333333333333333
