TestRunner:0.53
TestRunnerActivity:0.36666666666666664
TestSetupActivity:0.27
SubscriberClassEventBusAsync:0.09916666666666667
SubscribeClassEventBusBackground:0.09916666666666667
SubscribeClassEventBusMain:0.09916666666666667
SubscribeClassEventBusDefault:0.09916666666666667
