SameSignatureMethodCall:0.37
Factory:0.36777777777777776
SubclassInstrumentationContextDelegate:0.3466666666666667
BridgeTarget:0.2
BridgeMethodResolverSimpleTest:0.19666666666666666
Simple:0.18333333333333332
BridgeMethodResolver:0.10333333333333333
