HasChildQueryBuilder:0.64
HasParentQueryBuilder:0.25666666666666665
NestedQueryBuilder:0.25666666666666665
HasChildQueryBuilderTests:0.24333333333333335
NestedQueryBuilderTests:0.15666666666666668
HasParentQueryBuilderTests:0.09333333333333334
