AbstractDatabasePlatform:0.6033333333333334
IDatabasePlatform:0.43333333333333335
DbImport:0.31333333333333335
