EntityMetamodel:0.46
EnhancerTest:0.44
LazyAttributesMetadata:0.37666666666666665
LazyGroupUpdateTestTask:0.21777777777777782
