Database:0.6877777777777777
CommonUtils:0.37333333333333335
TableUtils:0.34
BslaLibraryUtils:0.23333333333333334
PrimaryKeyPolicy:0.23333333333333334
ModelUtils:0.2086111111111111
DataModel:0.19333333333333333
DatabaseDDLUtils:0.16
PrimaryKeyPolicyPattern:0.14333333333333334
DatabaseUtils:0.14
GeneratorBeanValidator:0.0
