AllTests:0.4033333333333333
SampleApp:0.37333333333333335
TableSample:0.3416666666666667
CelsiusConverter:0.29333333333333333
SampleAppTest:0.25666666666666665
WidgetLocator:0.12666666666666668
