Member:0.6502777777777777
MemberImpl:0.6283333333333333
MemberAttributeTest:0.30666666666666664
