OLParser:0.43
ForEachStatement:0.18333333333333332
SolicitResponseOperationStatement:0.17333333333333334
RequestResponseOperationStatement:0.17333333333333334
NotificationOperationStatement:0.16
OneWayOperationStatement:0.16
CorrelationSetInfo:0.14
StatementChannelInfo:0.12
PostDecrementStatement:0.11666666666666667
PreIncrementStatement:0.11666666666666667
InStatement:0.11666666666666667
PointerStatement:0.11666666666666667
AssignStatement:0.11666666666666667
DeepCopyStatement:0.11666666666666667
TypeCastExpressionNode:0.11666666666666667
ValueVectorSizeExpressionNode:0.11666666666666667
PostIncrementStatement:0.11666666666666667
PreDecrementStatement:0.11666666666666667
IsTypeExpressionNode:0.11666666666666667
UndefStatement:0.11666666666666667
VariableExpressionNode:0.11666666666666667
VariablePathNode:0.09
