Utils:0.5666666666666667
ServerConfiguration:0.37666666666666665
ClientConfiguration:0.3466666666666667
AsyncClient:0.19
OpenLoopClient:0.17333333333333337
AsyncServer:0.16194444444444445
LoadClient:0.11
