HistoryContext:0.8166666666666667
Results:0.19666666666666666
