KeywordsSearcher:0.6616666666666666
AddXLink:0.39111111111111113
