Enhancer:0.7733333333333333
Info:0.37666666666666665
TestEnhancer:0.27
