DbSqlBuilderTest:0.4533333333333333
DbOomTest:0.41333333333333333
DbSqlTemplateTest:0.39666666666666667
