RepairingTask:0.5533333333333333
ClientContext:0.33
MapNearCacheManager:0.32
RepairingTaskTest:0.26666666666666666
InvalidationAcceptorFilter:0.16666666666666666
