MessageBundleProperties:0.5266666666666666
DefaultAuthenticationServiceSelectionPlan:0.33666666666666667
CasCoreWebConfiguration:0.21666666666666667
