FileCopyRunner:0.3433333333333333
EmbeddedConsole:0.29333333333333333
FileCopyTask:0.29333333333333333
DeadlockRunner:0.2733333333333333
FileCopyAction:0.2733333333333333
CopyResult:0.19333333333333333
TestJMX:0.16333333333333333
ProxySettingTask:0.10333333333333333
