LayoutHelper:0.5266666666666666
TreeLayout:0.4033333333333333
Branch:0.27
DummyAwareGraph2D:0.24666666666666667
VisibilityGraph:0.24
Graph2D:0.23777777777777775
DefaultGraph:0.21822222222222223
EditableGraph:0.21666666666666667
SwingTree:0.21
CompactVertexPositioning:0.17
DelegatingGraph:0.13376984126984126
