Yolo2OutputLayer:0.7924603174603174
TestYolo2OutputLayer:0.22666666666666666
