Collection:0.036572825
Set:0.03578828
Iterator:0.0055803973
