BaseEMPIAdapter:0.44
AddSubjectHandler:0.37
FindSubjectsHandler:0.3466666666666667
EMPIAdapter:0.3258333333333333
UpdateSubjectHandler:0.22
BaseHandler:0.11
MergeSubjectsHandler:0.06333333333333334
EMPIAdapterFactory:0.05
