AttachmentsHelper:0.4033333333333333
DomInputData:0.38
FolderServiceImpl:0.30666666666666664
ModelInputData:0.26
MigrationServiceImpl:0.17666666666666667
BinderServiceImpl:0.17
AttachmentUtilities:0.13
ProfileServiceImpl:0.11
ZoneServiceImpl:0.11
IcalServiceImpl:0.1
AddEntryServlet:0.09333333333333334
TemplateServiceImpl:0.03333333333333333
