CachedValue:0.64
LocalCachedMapOptions:0.4266666666666667
RedissonMap:0.4066666666666667
AbstractCacheMap:0.38
RedissonLocalCachedMap:0.29333333333333333
RedissonLocalCachedMapTest:0.24666666666666667
StdCachedValue:0.17333333333333334
MapIterator:0.1411111111111111
InvalidationTest:0.08333333333333333
