OCSPUtil:0.38
OCSPUnidClient:0.35333333333333333
OCSPServletBase:0.27666666666666667
ProtocolOcspHttpTest:0.26666666666666666
Ocsp:0.18
OCSPResponseItem:0.16
OcspJunitHelper:0.11666666666666667
ProtocolOcspHttpStandaloneTest:0.09666666666666666
TestOcspUtil:0.09666666666666666
StressTest:0.06333333333333334
