JNAKernel32Library:0.6933333333333334
Natives:0.54
JNANatives:0.33
Spawner:0.3233333333333333
