VFSDirectoryEntryTable:0.30103377
VFSBrowser:0.26580548
FileCellRenderer:0.13939553
VFSFileNameField:0.12899777
VFSDirectoryEntryTableModel:0.10864749
VFS:0.07860716
GUIUtilities:0.071385205
View:0.0693993
VFSFile:0.066567026
FileVFS:0.06231343
BrowserIORequest:0.06137235
BrowserCommandsMenu:0.058398962
FavoritesVFS:0.055924
FileRootsVFS:0.046033297
jEdit:0.044674292
VFSManager:0.037233632
Buffer:0.03662731
MiscUtilities:0.03134865
EditAction:0.026076358
JEditActionContext:0.02562322
DockableWindowManager:0.024432773
ActionContext:0.014789572
Log:0.01263068
TextUtilities:0.004936589
