BrowserView:0.17449677
VFSFileChooserDialog:0.1604407
VFS:0.15688631
VFSDirectoryEntryTable:0.12560557
jEdit:0.112893544
BrowserCommandsMenu:0.10609765
GUIUtilities:0.1005439
VFSFileNameField:0.089626074
VFSFile:0.089265846
VFSFileFilter:0.08848081
GlobVFSFileFilter:0.08312511
Buffer:0.08152814
SearchDialog:0.07862233
View:0.07813386
VFSManager:0.07703105
FavoritesVFS:0.0718547
ManagePanel:0.06881634
VFSDirectoryEntryTableModel:0.06842503
FilePropertiesDialog:0.06634514
FavoritesProvider:0.06281647
MiscUtilities:0.06088804
BrowserIORequest:0.058461692
BrowserListener:0.057889607
PluginJAR:0.055640187
FileCellRenderer:0.05495771
JEditActionSet:0.054086763
InstallPanel:0.054024227
ActionSet:0.053841554
DockableWindowManager:0.051010452
EditPane:0.048164144
EditPlugin:0.047877446
FileRootsVFS:0.04690793
DirectoryProvider:0.04164627
RecentDirectoriesProvider:0.039406948
BeanShell:0.039015252
JEditBuffer:0.038511116
DirectoryListSet:0.035680182
ToolBarEditDialog:0.035644457
EditAction:0.034533724
HistoryTextField:0.034504317
SearchAndReplace:0.031431645
JEditActionContext:0.02707128
TextAreaTransferHandler:0.026067048
EditBus:0.02367859
ServiceManager:0.023250012
VFSUpdate:0.023177372
Log:0.023037273
NameSpace:0.022749381
OperatingSystem:0.019606508
DefaultFocusComponent:0.018731171
BufferUpdate:0.018657371
PluginUpdate:0.01809276
ActionContext:0.017321398
EBMessage:0.014157457
HistoryModel:0.013288174
SaveBackupOptionPane:0.010097523
RolloverButton:0.009047863
MenuItemTextComparator:0.008949767
EBComponent:0.008662139
PropertiesChanged:0.006439809
DockableWindow:0.0060471073
UtilEvalError:0.0018721622
