SelectableTableModel:0.5766666666666667
CheckboxTreeCellEditor:0.30666666666666664
ReverseEngineerEditor:0.27
TreeVisitor:0.12444444444444443
