WebXML:0.5
Log4jConfigListener:0.4066666666666667
FedoraWebXML:0.29
MessagingModule:0.26
Listener:0.23
ContextParam:0.13
Log4jConfigListenerTest:0.02722222222222222
