X509CAInfo:0.5466666666666666
CAInfo:0.5033333333333333
X509CA:0.3433333333333333
ProtocolOcspHttpTest:0.22666666666666666
CAAdminSessionBean:0.22666666666666666
CADataBean:0.21333333333333335
UpgradeSessionBean:0.20333333333333334
TestCAs:0.2
CaInitCommand:0.13
Upgrade:0.11
