ServiceManager:0.4533333333333333
ServiceType:0.35333333333333333
ServiceViewDropAdapter:0.3
IServiceManager:0.2258888888888889
ServiceRunner:0.19333333333333333
ClustalwAtEBI:0.19
ServiceJob:0.17666666666666667
IRunnableService:0.1658888888888889
AbstractRunnableService:0.12666666666666668
