SettlementRegistry:0.38
Cooking:0.3333333333333333
MultiplayerTray:0.29111111111111115
PreparingDessert:0.26666666666666666
CentralRegistry:0.25666666666666665
SettlementTableModel:0.22666666666666666
EventTableModel:0.22166666666666668
ManufactureGoodMeta:0.19
MultiplayerServer:0.18833333333333332
MultiplayerClient:0.06666666666666667
