PermissionMapping:0.42333333333333334
PermissionDAO:0.32
BatchPresentationHibernateCompiler:0.27111111111111114
DBPatch:0.26666666666666666
ProcessListPerformancePatch:0.17333333333333334
EjbTransactionSupport:0.15
