ContextMenuWrapper:0.5966666666666667
SarosBuddiesView:0.5666666666666667
Views:0.5633333333333334
STFBotTreeItem:0.5366666666666666
SarosBot:0.5066666666666667
STF:0.4533333333333333
SarosBuddiesViewImp:0.4
SarosBotImp:0.3566666666666667
ViewsImp:0.35
PEViewImp:0.35
NewC:0.335
SarosPreferences:0.33166666666666667
StateImp:0.3257777777777778
TestEditorByAliceAndBob:0.2833333333333333
TestSarosPreferences:0.27
TestBasicWidgetTree:0.26666666666666666
TestEditorByAlice:0.2633333333333333
TestSessionView:0.25666666666666665
TestAllParticipantsFollowUserWithWriteAccess:0.24666666666666667
TestRosterView:0.24666666666666667
TestSVNStateInitialization:0.24333333333333335
STFTest:0.23
TestSVNStateUpdates:0.23
MakeOperationConcurrently:0.22666666666666666
TestBasicSarosElements:0.22
SarosPreferencesImp:0.21666666666666667
TestFolderOperations:0.21666666666666667
STFBotTreeItemImp:0.21
TestChangingNameInRosterView:0.21
TestPackageExplorerView:0.20666666666666667
TestUserWithWriteAccessSavesFiles:0.2
TestFileOperations:0.2
ContextMenuWrapperImp:0.19799999999999998
NewCImp:0.19333333333333333
TestEditDuringInvitation:0.18
TestHandleContacts:0.17333333333333334
TestMenuEdit:0.17
TestMenuRefactor:0.17
TestMenuFile:0.16333333333333333
TestContextMenuOpen:0.16333333333333333
TestConcurrentEditing:0.14666666666666667
TestUserWithWriteAccessResetsFiles:0.14666666666666667
TestEditor2:0.14
TestStrictSequentialInvitationWithoutTermination:0.13666666666666666
TestShareProjectUsingExistingProject:0.13333333333333333
TestChangingUserWithWriteAccessWhileOtherFollow:0.11333333333333333
TestShare3UsersConcurrently:0.11333333333333333
TestShare3UsersSequentially:0.11333333333333333
TestShare2UsersSequentially:0.11333333333333333
STFController:0.08333333333333333
TestCreatingNewFile:0.08
TestHostInvitesBelatedly:0.07666666666666666
TestWriteAccessChangeAndImmediateWrite:0.07
TestParallelInvitationWithTerminationByHost:0.05
TestFollowMode:0.04666666666666667
TestChatViewFunctions:0.03666666666666667
TestParallelInvitationWithTerminationByInvitees:0.03333333333333333
Component:0.013333333333333334
TestRosterViewByAlice:0.0
AbstractRmoteWidget:0.0
TestContextMenuDelete:0.0
