TransportSQLActionTest:0.59
RefreshStatement:0.37333333333333335
TestStatementBuilder:0.2833333333333333
RefreshAnalyzerTest:0.26666666666666666
