ConnectionHolder:0.5255555555555556
NutDao:0.4472222222222222
SimpleDaoTest:0.31333333333333335
