LoggingFactory:0.29
HttpConfigurationTest:0.2866666666666667
ConsoleConfiguration:0.22
RequestLogHandlerFactory:0.21666666666666667
RequestLogConfiguration:0.19
ResourceTest:0.18333333333333332
Dispatcher:0.16666666666666666
CachedAsset:0.16266666666666665
AssetLoader:0.16
AsyncRequestLog:0.15666666666666668
FileConfiguration:0.12444444444444445
JerseyClientFactory:0.1
AssetServlet:0.07333333333333333
RequestLogConfigurationTest:0.06
