PairAdaptor:0.29800000000000004
UploadAdaptor:0.2966666666666667
ActionInfo:0.26
AbstractAdaptor:0.25
WhaleAdaptor:0.22666666666666666
AdaptorTestModule:0.21666666666666667
SimpleAdaptorTest:0.21333333333333335
AdaptorProcessor:0.13
