SentenceTransformer:0.6133333333333333
Builder:0.5
VocabConstructorTest:0.25333333333333335
