Builder:0.5766666666666667
NeuralNetConfiguration:0.4633333333333333
BaseOptimizer:0.30666666666666664
ConvexOptimizer:0.2575
UpdaterCreator:0.19527777777777777
BaseUpdater:0.15
