AbstractListenersOnReconnectTest:0.4977777777777777
ReplicatedMapEntryListenerOnReconnectTest:0.17333333333333334
EntryListenerOnReconnectTest:0.13333333333333333
MultiMapEntryListenerOnReconnectTest:0.13333333333333333
QueueItemListenerOnReconnectTest:0.13333333333333333
SetItemListenerOnReconnectTest:0.13333333333333333
ListItemListenerOnReconnectTest:0.13333333333333333
TopicOnReconnectTest:0.13333333333333333
