Entry:0.48
WorkflowState:0.45666666666666667
CustomAttribute:0.36333333333333334
FolderEntry:0.24333333333333335
WorkflowModuleImpl:0.24
WorkflowUtils:0.23
FolderDaoImpl:0.19666666666666666
EntryIndexUtils:0.18666666666666668
Principal:0.16611111111111113
RecordEvent:0.1
AbstractActionHandler:0.043333333333333335
