ExperimentalIndex:0.58
RubyCore:0.5005555555555555
CompletionEngine:0.36666666666666664
