gdsClient3:0.22333333333333333
gdsClient2:0.22333333333333333
gdsClient1:0.22333333333333333
gdsClient4:0.03666666666666667
gdsClient6:0.03666666666666667
gdsClient5:0.03666666666666667
