GWTCommand:0.65
GWTShell:0.42333333333333334
AbstractGWTMojo:0.24333333333333335
GWTCompiler:0.2
CompileMojo:0.1272222222222222
TestMojo:0.09666666666666666
ShellMojo:0.09666666666666666
NewCompileMojo:0.042222222222222223
