ClientConductor:0.39666666666666667
Channel:0.3466666666666667
AeronTest:0.31
BufferMapper:0.30833333333333335
SubscriberSession:0.16
UnicastTest:0.15833333333333333
SubscriberChannel:0.12
