SyncAction:0.4866666666666667
WebserviceBean:0.37
WebserviceBeanRemote:0.35333333333333333
KuwaibaService:0.34
