Renderer:0.44333333333333336
ResultCellRenderer:0.3466666666666667
EnhancedTreeCellRenderer:0.2833333333333333
PaneNameRenderer:0.27666666666666667
TOCCellRenderer:0.09666666666666666
