Config:0.48111111111111104
Repositories:0.38
SearchManager:0.34
GeonetContext:0.30333333333333334
Z3950Searcher:0.27666666666666667
Info:0.27666666666666667
Geonet:0.22444444444444442
LuceneSearcher:0.2
Spatial:0.16777777777777778
GNProfileService:0.16
GNSearchSessionFactory:0.14361111111111113
Server:0.13
GNRemoteQueryDecoder:0.11333333333333333
RepositoryInfo:0.11
SRUSearch:0.1
GNSearchable:0.051666666666666666
GNCQLString:0.05
Geonetwork:0.043333333333333335
ContextContainer:0.035
GNResultSet:0.035
GNExplainInfoDTO:0.03166666666666667
DefaultContextSetCQLString:0.02
GNXMLQuery:0.013333333333333334
DateRangeQuery:0.0
