MetadataUtils:0.27666666666666667
SpringLocalComponentMetadata:0.2633333333333333
BaseIntegrationTest:0.235
SimpleMethodInjectionMetadata:0.23
SimpleConstructorInjectionMetadata:0.19244444444444445
LocalComponentMetadataTest:0.11666666666666667
FactoryComponent:0.03333333333333333
