GraphJCell:0.6433333333333333
Converter:0.4266666666666667
JVertexView:0.37333333333333335
Options:0.3566666666666667
GraphJVertex:0.3566666666666667
GraphJEdge:0.34
GraphJModel:0.34
Simulator:0.3333333333333333
MyRenderer:0.31666666666666665
GraphToTikz:0.30666666666666664
JGraph:0.28
JAttr:0.27
MyGraphUI:0.2633333333333333
Editor:0.24666666666666667
AspectJModel:0.24333333333333335
EditorMarqueeHandler:0.24
AspectJEdge:0.23333333333333334
LabelTree:0.23333333333333334
JEdgeView:0.21333333333333335
StatePanel:0.20333333333333334
LTSPanel:0.2
AspectJGraph:0.19666666666666666
ErrorListPanel:0.18166666666666667
RealCellEditor:0.16666666666666666
MultiLinedEditor:0.1575
RefreshGrammarAction:0.14666666666666667
EmphasizedAction:0.11333333333333333
MyEdgeRenderer:0.09666666666666666
