EditorLayer:0.41
EditorApplications:0.3433333333333333
EditorEngine:0.30666666666666664
JFXEditorPanel:0.24666666666666667
EditorUtilities:0.24333333333333335
LayerListener:0.22
SwingEditorPanel:0.22
FrameworkConfiguration:0.20666666666666667
JFXEditorDFRenderer:0.20166666666666666
TreeEditorCopyHelper:0.18666666666666668
SwingEditorDFRenderer:0.16666666666666666
DFListener:0.15333333333333332
AbstractEditorEngine:0.10666666666666667
