DataDefinitionProvider:0.4866666666666667
DataDefinitionImpl:0.31666666666666665
RecordParser:0.3
EntityClassGenerator:0.28444444444444444
JavassistClassWriter:0.25777777777777783
MDDFactory:0.21333333333333335
FieldGroupImpl:0.2
TypeMetadata:0.1778888888888889
FieldMetadataImpl:0.11333333333333333
TypeMetadataImpl:0.043333333333333335
