ARINCElementKey:0.51
EditorLayer:0.39666666666666667
Position3D:0.33
UACDSCapacitiesHandler:0.24333333333333335
UACDSInterface:0.23
UACDSHandler:0.22666666666666666
Map3DScreenCoordinate:0.21666666666666667
MenuFactory:0.18333333333333332
NewInterfaceDialog:0.11666666666666667
CursorEventsExtensionRenderer:0.10333333333333333
DirectionalTabbingExtensionRenderer:0.013333333333333334
InitialFocusExtensionRenderer:0.01
