FutureUtil:0.69
ClusterServiceImpl:0.33666666666666667
InternalPartitionServiceImpl:0.33
EventServiceImpl:0.31
TransactionManagerServiceImpl:0.2816666666666667
TransactionImpl:0.26666666666666666
ExecutorServiceProxy:0.2302777777777778
FinalizeJoinOperation:0.20833333333333334
AbstractJoiner:0.19666666666666666
ProxyServiceImpl:0.18333333333333332
FutureUtilExceptionHandler:0.0
PostJoinFutureUtilExceptionHandler:0.0
