Builder:0.44333333333333336
Layer:0.30666666666666664
ConvolutionLayerTest:0.2833333333333333
