MasterClock:0.6422222222222221
UpTimer:0.4666666666666667
TimeWindow:0.33666666666666667
