Attribute:0.6066666666666667
BufferLogger:0.36
DefPolyLine:0.31
ARINCModelFactory:0.2866666666666667
DefaultXMLExporter:0.24
DefaultServerBinaryDFHandler:0.23666666666666666
DefTriangleFan:0.225
ServerXMLSymbolsHandler:0.22333333333333333
SymbolConverter:0.21666666666666667
DefaultServerXMLDFHandler:0.20666666666666667
DefaultBinaryExporter:0.205
WidgetsRefHandler:0.20333333333333334
JFXLineGroupRenderer:0.20333333333333334
MessagePanelFactory:0.19666666666666666
EditorScaleLayerTest:0.18333333333333332
ServerBinaryDFHandler9Test:0.15666666666666668
DefTriangleStrip:0.135
TreeEditorScaleHelper:0.135
ModelConstants:0.12
DefaultBinaryExporter3Test:0.08
ServerNotificationTempoOnConnection3Test:0.04666666666666667
ARINCScrollPanel:0.0033333333333333335
