RGeo:0.7566666666666667
RGeoAsync:0.32916666666666666
RedissonGeoTest:0.32
RedissonGeo:0.25
