ProcessingContext:0.75
ConfigurationProcessor:0.38666666666666666
MethodBeanWrapper:0.3233333333333333
ConfigurationListenerRegistry:0.20666666666666667
ProxyHelper:0.18444444444444444
CglibConfigurationEnhancer:0.17
