TestCaseDataSet:0.4266666666666667
TaskLogicMockFactory:0.4166666666666667
ITestCaseDataSet:0.38666666666666666
CheckSubstitutionRulesBoundConditionsTests:0.10333333333333333
