QedeqBoFactoryAssert:0.684888888888889
ListTraverserQedeqNotNullTransverserTest:0.6844444444444445
