AsyncTestBase:0.6233333333333333
ContextImpl:0.32
AsyncTestBaseTest:0.29333333333333333
NetTest:0.2733333333333333
