ExecUtils:0.7666666666666667
RunCommand:0.33
StopCommand:0.29333333333333333
StartCommand:0.21333333333333335
Watcher:0.20333333333333334
StartStopListCommandsTest:0.19666666666666666
