GaProperty:0.8833333333333333
PropertyUtil:0.44333333333333336
UpdateStateNodeFeature:0.14
AddStateNodeFeature:0.10333333333333333
UpdateTaskStateNodeFeature:0.08922222222222222
UpdateTransitionFeature:0.08666666666666667
UpdateSwimlaneFeature:0.08666666666666667
UpdateTextAnnotationFeature:0.08666666666666667
UpdateStartNodeFeature:0.08666666666666667
LayoutStateNodeFeature:0.03333333333333333
LayoutTaskStateFeature:0.0125
ServiceTask:0.01
AddTaskStateNodeFeature:0.0
