Robot:0.5166666666666667
AWT:0.51
ComponentTester:0.4533333333333333
Action:0.4066666666666667
ComponentRecorderTest:0.38333333333333336
AbstractSemanticRecorderFixture:0.3016666666666667
ComponentRecorder:0.2733333333333333
AbstractRecorderFixture:0.2633333333333333
RobotTest:0.21333333333333335
AWTTest:0.2
JListRecorderTest:0.19666666666666666
ChoiceRecorderTest:0.19666666666666666
JTreeRecorderTest:0.19666666666666666
JTableRecorderTest:0.19666666666666666
FileDialogRecorderTest:0.19666666666666666
JTabbedPaneRecorderTest:0.18666666666666668
CaptureDragDropTest:0.18333333333333332
EventRecorderTest:0.17333333333333334
ComponentTesterTest:0.16833333333333333
InternalFrameWatcher:0.16333333333333333
JMenuItemRecorder:0.11333333333333333
JInternalFrameRecorderTest:0.11
PlatformTest:0.11
WindowRecorderTest:0.09666666666666666
JComboBoxRecorderTest:0.09666666666666666
JComponentRecorderTest:0.09333333333333334
FrameRecorderTest:0.08666666666666667
DialogRecorderTest:0.08666666666666667
JTextComponentRecorderTest:0.07333333333333333
MouseWatcher:0.05333333333333334
PopupListener:0.006666666666666667
PopupChecker:0.0
