AddAllele:0.49666666666666665
GeneBean:0.4533333333333333
AlleleTable:0.38666666666666666
DisplayAllele:0.21
GeneBeanFactory:0.17333333333333334
PubAlleleBean:0.16
ListUtils:0.03666666666666667
FormErrors:0.01
UpdateAllele:0.008055555555555555
