CVSTest:0.6066666666666667
CVS:0.5872222222222223
