Shape:0.5766666666666667
LTSPanel:0.3566666666666667
PreMatch:0.3091111111111111
ShapeStateGenerator:0.22666666666666666
