ClientMapProxy:0.38666666666666666
HazelcastTestSupport:0.37333333333333335
PagingPredicate:0.30666666666666664
SortingUtil:0.2966666666666667
QueryResultSet:0.22666666666666666
SortLimitTest:0.2
QueryResultIterator:0.07666666666666666
TestComparator:0.03
