Daos:0.8433333333333334
NameMaker:0.5897777777777777
AnnotationEntityMaker:0.29333333333333333
