TransportAddress:0.62
InetSocketTransportAddress:0.27666666666666667
Node:0.26
BootstrapCheckTests:0.25333333333333335
DummyTransportAddress:0.22333333333333333
BootstrapCheck:0.22333333333333333
LocalTransportAddress:0.21266666666666667
Bootstrap:0.16
