TermTable:0.78
UpdateTerm:0.35333333333333333
UpdateAnnotation:0.3466666666666667
SearchAllObjects:0.25777777777777783
