SummaryComparator:0.43333333333333335
LuceneSearcher:0.35333333333333333
GetDomain:0.3466666666666667
LocalizedStringComparable:0.18333333333333332
