RSSSubCrawlerTest:0.48583333333333334
TestDefaultSubCrawlerRegistry:0.4780555555555555
