ChangePasswordAction:0.20333333333333334
RenameUserAction:0.16
RenameGroupAction:0.14666666666666667
RemoveUserAction:0.14
AddUserAction:0.14
AddGroupAction:0.10333333333333333
DeleteGroupAction:0.10333333333333333
Add2GroupAction:0.1
RemoveFromGroupAction:0.1
