TargetType:0.6033333333333334
MethodCallProxy:0.5488888888888889
TargetTypeTest:0.17
