Profile:0.5422222222222223
BatchPresentationsVisibility:0.4
ViewControlsHideableBlockAjaxTag:0.23
HideableBlockAction:0.17444444444444446
