ApprovalDataVOView:0.6466666666666666
ApproveActionManagedBean:0.5333333333333333
ApproveActionRequestBean:0.17666666666666667
