FieldDataBreakerStats:0.5633333333333334
MemoryCircuitBreaker:0.5233333333333333
InternalCircuitBreakerService:0.21666666666666667
DummyCircuitBreakerService:0.14666666666666667
CircuitBreakerServiceTests:0.14333333333333334
MemoryCircuitBreakerTests:0.07666666666666666
Fields:0.014285714285714285
