PagingPredicate:0.3616666666666667
BaseEmployee:0.34
ClientSortLimitTest:0.3233333333333333
SortingUtil:0.24333333333333335
Employee:0.08
EmployeeIdComparitor:0.012222222222222223
