Utils:0.6566666666666666
ResultImpl:0.33666666666666667
AbstractRecord:0.31333333333333335
Fields:0.2866666666666667
