StudyListPage:0.5366666666666666
TrashListPage:0.41
ModalityWorklistPanel:0.3933333333333333
