CookieManagerTest:0.6816666666666666
HtmlUnitBrowserCompatCookieSpec:0.41
HtmlUnitBrowserCompatCookieHeaderValueFormatter:0.2841666666666667
