DigestBlob:0.48333333333333334
BlobTransferTarget:0.35333333333333333
BlobHttpIntegrationTest:0.235
StateRemoval:0.15444444444444444
BlobTransferStatus:0.13666666666666666
BlobIntegrationTestBase:0.13333333333333333
