TypeDescription:0.59
Latent:0.52
InstrumentedTypeDefaultTest:0.4
Substitutor:0.21472222222222223
EnumerationImplementation:0.20644444444444446
Builder:0.19666666666666666
