AdminControl:0.5433333333333333
ManageMobileDevicesDlg:0.38666666666666666
EntryMenuPanel:0.29333333333333333
AdminControlGlassPanel:0.14333333333333334
