WorkAreaHelper:0.55
WebKeys:0.426626984126984
AccessControlController:0.2966666666666667
