RepositoryInfo:0.4705555555555556
SubversionRepository:0.4633333333333333
HistoryGuru:0.41
