HtmlCheckBoxInput2Test:0.38333333333333336
HtmlRadioButtonInput2Test:0.37
HtmlFrame2Test:0.29
HtmlFileInput2Test:0.22333333333333333
HtmlCanvasTest:0.14
