Rounding:0.5633333333333334
Interval:0.42333333333333334
TimeZoneRounding:0.2345
UTCTimeZoneRoundingFloor:0.13
DayTimeZoneRoundingFloor:0.10333333333333333
TimeTimeZoneRoundingFloor:0.08666666666666667
FactorTimeZoneRounding:0.07333333333333333
PrePostTimeZoneRounding:0.07333333333333333
UTCIntervalTimeZoneRounding:0.07333333333333333
DayIntervalTimeZoneRounding:0.043333333333333335
TimeIntervalTimeZoneRounding:0.03333333333333333
