Loader:0.4866666666666667
Generator:0.4805555555555555
ClassProperties:0.39
