UserAccessBean:0.76
UserListPanel:0.2833333333333333
RoleListPanel:0.2733333333333333
CreateOrEditRoleForm:0.18333333333333332
