DSL:0.53
DSLContext:0.48
DefaultDSLContext:0.38666666666666666
CommentOnImpl:0.34
AlterViewImpl:0.20666666666666667
AlterViewStep:0.09166666666666666
