FrameDescriptor:0.4766666666666667
LogAppenderTest:0.47361111111111104
UdpChannelTransport:0.42
