Lang:0.8666666666666667
NutMap:0.42333333333333334
StringOutputStream:0.37027777777777776
RawView:0.3194444444444444
QueryStringNameInjector:0.22
NutBean:0.19416666666666665
RawView2:0.01
