Heritrix:0.6333333333333333
SelfTestCase:0.48
HeritrixHelpFormatter:0.23444444444444448
CommandLineParser:0.20666666666666667
AllSelfTestCases:0.19
SelfTestCrawlJobHandler:0.07666666666666666
