ISenecaManager:0.59
SenecaManager:0.5533333333333333
MyScoreImprovedListener:0.33666666666666667
SenecaJobEditor:0.32666666666666666
