Gedcom:0.4683333333333333
ImgIcon:0.45
Images:0.37333333333333335
Property:0.36
PropertySex:0.2866666666666667
PropertyDate:0.26666666666666666
ImgIconConverter:0.24
PropertyEvent:0.21666666666666667
MergeTransaction:0.21333333333333335
EditView:0.21333333333333335
VerifyTransaction:0.20333333333333334
PropertyBlob:0.20333333333333334
PropertyFile:0.20333333333333334
PropertyNote:0.20333333333333334
PropertySubmitter:0.2
PropertySource:0.2
PropertyAddress:0.2
ControlCenter:0.19666666666666666
Proxy:0.19
OptionDelEntity:0.19
PropertyName:0.19
ReportView:0.18666666666666668
PropertyFam:0.185
OptionLayoutProperties:0.18333333333333332
TransactionPanel:0.18
OptionNewEntity:0.17666666666666667
PropertyCause:0.17
PropertyPlace:0.16666666666666666
PropertyPostalCode:0.16666666666666666
PropertyCity:0.16666666666666666
PropertyUnknown:0.16666666666666666
PropertyHusband:0.16
PropertyFamilySpouse:0.16
PropertyWife:0.16
PropertyChild:0.16
PropertyContinuation:0.15
MaskForNewIndi:0.15
PropertyGenericAttribute:0.15
PropertyFamilyChild:0.15
PropertyAge:0.14666666666666667
PropertyMedia:0.14333333333333334
MaskForNewFam:0.13
EntitySelector:0.13
ProxyBlob:0.11333333333333333
PropertyIndividualAttribute:0.11333333333333333
ProxyFile:0.11333333333333333
PropertyIndi:0.10666666666666667
ProxySex:0.09666666666666666
NodeRenderer:0.08666666666666667
TagSelectorRenderer:0.08666666666666667
TagPathRenderer:0.07666666666666666
TagListRenderer:0.07
ProxyDate:0.04666666666666667
