Response:0.44666666666666666
Entry:0.36666666666666664
HttpsURLConnectionImpl:0.34
HttpResponseCacheTest:0.31666666666666665
EntrySecureCacheResponse:0.2733333333333333
Builder:0.26666666666666666
HttpEngine:0.22333333333333333
Util:0.19277777777777777
HttpsEngine:0.18333333333333332
Job:0.18
SpdyServer:0.16666666666666666
SslContextBuilder:0.1
AsyncApiTest:0.023333333333333334
RecordedResponse:0.016666666666666666
