FFmpegFrameGrabber:0.705
DC1394FrameGrabber:0.32166666666666666
FlyCaptureFrameGrabber:0.32166666666666666
