GenerateReportServlet:0.7516666666666667
JasperReportServlet:0.33366666666666667
