Handler:0.44666666666666666
MethodRegistryDefaultTest:0.2733333333333333
MethodRegistryHandlerTest:0.24666666666666667
Compound:0.21055555555555555
Bar:0.13666666666666666
Foo:0.13666666666666666
ObjectMethods:0.10333333333333333
