InitializationNormalizer:0.57
InnerClassExtractor:0.30666666666666664
TranslationProcessor:0.2966666666666667
DeadCodeEliminatorTest:0.2966666666666667
InitializationNormalizerTest:0.29
