AxisDirection:0.34
CoordinateSystemAxis:0.2866666666666667
CRSFactory:0.2866666666666667
