EventRecorder:0.39
ScriptEditor:0.38333333333333336
AWT:0.24
Recorder:0.21166666666666667
RecordAllAction:0.18
SingleThreadedEventListener:0.15444444444444444
SpuriousEventCatcher:0.02666666666666667
