AggregateOperation:0.5066666666666667
DBCollection:0.4633333333333333
TestOperationExecutor:0.37333333333333335
AggregateToCollectionOperation:0.25
AggregationOptions:0.22666666666666666
MongoCollectionPipeline:0.21666666666666667
AggregateModel:0.20333333333333334
AggregateExplainOperation:0.19333333333333333
NewMongoCollectionImpl:0.19
