Unit:0.76
GUI:0.34
FreeColLookAndFeel:0.19
PreGameController:0.18333333333333332
MapGenerator:0.18
CanvasMouseListener:0.15833333333333333
CanvasMouseMotionListener:0.13333333333333333
CanvasKeyListener:0.10333333333333333
