UIInspector:0.37666666666666665
JPF_java_io_PrintStream:0.32
InsnCounter:0.25666666666666665
JComponent:0.25666666666666665
EventQueue:0.22833333333333333
DecimalFormat:0.21
JFrame:0.17333333333333334
RUNSTART:0.14
NumberFormat:0.11333333333333333
JCheckBox:0.11
UIActionGenerator:0.11
JPF_java_text_DecimalFormat:0.10666666666666667
INVOKECLINIT:0.043333333333333335
