SQLServerDatabase:0.42333333333333334
SQLServerSqlStatementBuilder:0.39
SQLServerConnection:0.3233333333333333
PostgreSQLAdvisoryLockTemplate:0.29
