CommMessage:0.55
OOITBuilder:0.45666666666666667
RequestResponseProcess:0.29444444444444445
SolicitResponseProcess:0.17444444444444446
NotificationProcess:0.17444444444444446
