JFXGeomUtils:0.38
Layout:0.29333333333333333
StylableSizableArea:0.26666666666666666
JFXEditorOverlay:0.26
JFXEventLogger:0.21550000000000002
FrameworkConfiguration:0.20666666666666667
JFXPainterUtils:0.2
JFXLayerEventHandler:0.19666666666666666
SwingRendererBridge:0.19
JFXRendererBridge:0.17333333333333334
ClickListener:0.14333333333333334
LayoutOptions:0.0
