ShadowFilter:0.6233333333333333
TransformFilter:0.4166666666666667
OilFilter:0.27166666666666667
