AbstractDialogTester:0.5411111111111111
InvokeNewWizard:0.37833333333333335
