StepHandlerStep:0.5166666666666667
SkipReaderStub:0.33666666666666667
OutputState:0.26666666666666666
StepHandlerStepTests:0.25333333333333335
SkipLimitStepFactoryBean:0.24333333333333335
FlatFileItemWriter:0.22666666666666666
GeneratingTradeItemReader:0.22
SimpleStepFactoryBean:0.21333333333333335
StepExecutorInterruptionTests:0.14666666666666667
MockRestartableItemReader:0.13777777777777775
StepHandlerStepIntegrationTests:0.11
