DatastreamsPane:0.8533333333333334
EditingPane:0.4533333333333333
