Float:0.25333333333333335
Double:0.25333333333333335
Scatter3DProperties:0.19666666666666666
Scatter3DFactory:0.13277777777777777
