Operator:0.6066666666666667
Parser:0.5066666666666667
TextParser:0.35333333333333333
