ClientConsoleApp:0.585
JobTrackerConfigChecker:0.34
ContextMutexFactoryTest:0.33
TimedMemberStateFactoryHelper:0.30666666666666664
RuntimeMetricSet:0.2668888888888889
JoinStressTest:0.25666666666666665
CacheDestroyTest:0.24333333333333335
RuntimeMetricSetTest:0.12666666666666668
