EditTaskFormAction:0.5432936507936508
RemoveTaskAction:0.5432936507936508
