EncoderTest:0.4766666666666667
Decoder:0.38
Encoder:0.36333333333333334
