GAMESave:0.44
bop:0.36333333333333334
Sim4Parser:0.33666666666666667
JobOutput:0.23666666666666666
FastaHeader:0.16333333333333333
