ParserNFAFactory:0.5766666666666667
Parser:0.35333333333333333
RuleFunction:0.30666666666666664
ParserGenerator:0.15
CodeBlock:0.08
ParserFile:0.08
OptionalBlock:0.006666666666666667
Choice:0.0
LL1OptionalBlockSingleAlt:0.0
LL1OptionalBlock:0.0
InvokeRule:0.0
LLStarOptionalBlock:0.0
LLkOptionalBlock:0.0
MatchToken:0.0
