GemManager:0.6833333333333333
GemsView:0.2833333333333333
AptanaRDTPlugin:0.26666666666666666
RubyDebugGemListener:0.16666666666666666
