ProcessingListener:0.64
DefaultProcessingListener:0.5
Converter:0.46142857142857147
ARINC661App:0.39
TreeEditorHelper:0.32666666666666666
BasicServerEngine:0.3176111111111112
CSSColor:0.3140555555555556
WidgetDefaultsHandler:0.30333333333333334
LayerRendererBridge:0.2966666666666667
DefaultBinaryExporter:0.29455555555555557
ServerClippings:0.28488888888888897
ServerPictures:0.28488888888888897
ServerBlinkings:0.28488888888888897
ExtendedLayerRenderer:0.28488888888888897
DecoderMessageDialog:0.27666666666666667
TreeEditorCopyHelper:0.27666666666666667
Synth2Parser:0.27666666666666667
ServerDebugMessageProcessor:0.27666666666666667
ClientDebugMessageProcessor:0.27666666666666667
BasicClientEngine:0.27666666666666667
Base64:0.2708333333333333
CSSProperty:0.2666111111111111
UIDefinition:0.2633333333333333
MapItemShapes:0.2541666666666667
TreeTransferHandler:0.25333333333333335
AbstractScript:0.24666666666666667
CSSActionsRenderer:0.23888888888888885
RectangleRenderer:0.21
ScenarioReaderImpl:0.20333333333333334
LayerHelper:0.19666666666666666
SaveAsAction:0.19083333333333333
ARINCLineStyle:0.17333333333333334
ConfigurationLoader:0.13666666666666666
MapsPlugin:0.13333333333333333
LimitedEventQueue:0.12666666666666668
BlockingEventQueue:0.10666666666666667
CSSPropertiesRenderer:0.09333333333333334
UnlimitedEventQueue:0.07333333333333333
