Discovery:0.47333333333333333
AnnotationBasedEventListenerAdapter:0.28944444444444445
DiscoveryConfigFactory:0.23666666666666666
IPAddressRange:0.19666666666666666
FilteringIteratorTest:0.17333333333333334
IPPollRange:0.16666666666666666
IteratorIterator:0.11333333333333333
FilteringIterator:0.10333333333333333
IPPollAddress:0.08666666666666667
