HtmlFrame:0.56
HtmlInlineFrame:0.5566666666666666
WebClient:0.4633333333333333
HtmlPage:0.4166666666666667
BaseFrame:0.2833333333333333
ElementArray:0.26
Window:0.23666666666666666
JavaScriptEngineTest:0.20666666666666667
WebClientTest:0.2
SimpleScriptable:0.19666666666666666
WindowTest:0.19
JavaScriptEngine:0.19
Frame:0.16
HtmlFrameSetTest:0.10666666666666667
HtmlInlineFrameTest:0.06
