WSClientBase:0.47333333333333333
BaseService:0.3566666666666667
SearchServiceImpl:0.23666666666666666
