ScriptContext:0.5966666666666667
DefaultScriptLogger:0.3933333333333333
ScriptLogger:0.30333333333333334
