ARBTextureRectangle:0.8066666666666666
ARB_texture_rectangle:0.25594227994228
