AbstractTestQueries:0.596111111111111
TestSqlParser:0.41
TestAnalyzer:0.29333333333333333
