Lang:0.59
ReflectTool:0.5666666666666667
ObjConvertImpl:0.17666666666666667
InjectBySetter:0.13333333333333333
InjectByField:0.13333333333333333
