Main:0.5333333333333333
SqlMigrationResolver:0.22333333333333333
CommandLineLargeTest:0.18666666666666668
MainMediumTest:0.13
SqlMigrationResolverSmallTest:0.06333333333333334
