ConsolePlugin:0.5966666666666667
Console:0.49
help:0.4216666666666667
SystemShell:0.33666666666666667
set:0.23333333333333334
ErrorMatcherDialog:0.21666666666666667
aliases:0.19666666666666666
alias:0.19666666666666666
SystemShellBuiltIn:0.18666666666666668
env:0.16666666666666666
unset:0.16666666666666666
unalias:0.12333333333333334
