TransactionImpl:0.48333333333333334
TransactionManagerServiceImpl:0.36
TransactionContextImpl:0.29
MapTransactionTest:0.28
TransactionDataSerializerHook:0.13666666666666666
TransactionImplTest:0.13
