TcpChannel:0.5266666666666666
TcpTransport:0.46
NodeChannels:0.3433333333333333
MockTcpTransport:0.25
NettyTransportMultiPortTests:0.23666666666666666
NioSocketChannel:0.22
TcpTransportTests:0.20666666666666667
Netty4Transport:0.19666666666666666
SimpleNetty4TransportTests:0.13666666666666666
NioTransport:0.13333333333333333
NettyTcpChannel:0.125
MockChannel:0.12333333333333334
FakeChannel:0.115
MockTcpTransportTests:0.11
SimpleNioTransportTests:0.10333333333333333
TcpTransportChannel:0.08
NioServerSocketChannel:0.06666666666666667
ExceptionThrowingNetty4Transport:0.06666666666666667
SendListener:0.06333333333333334
SendMetricListener:0.043333333333333335
