Script:0.566111111111111
Robot:0.5
JTextComponentTester:0.31666666666666665
ScriptTestCollector:0.23666666666666666
JTreeTester:0.22
TestSelector:0.21
JTableTester:0.19666666666666666
Expression:0.16
Interpreter:0.09666666666666666
ExpressionEditor:0.09666666666666666
ConditionEDTDecorator:0.07666666666666666
ScriptTestSuiteTest:0.06666666666666667
