AbstractWizard:0.4766666666666667
LicensePage:0.39
TypePage:0.37666666666666665
InstallationDriver:0.2866666666666667
OverviewPage:0.22333333333333333
