CSSStyleDeclaration:0.7866666666666666
HTMLIFrameElement:0.36666666666666664
CSSStyleDeclarationTest:0.29333333333333333
