RunCommand:0.7861111111111111
Watcher:0.38333333333333336
