URLConnectionTest:0.57
SyncApiTest:0.35333333333333333
HttpEngine:0.3333333333333333
AsyncApiTest:0.32666666666666666
MockWebServer:0.24333333333333335
Job:0.19333333333333333
