LoggerTest:0.5933333333333334
LoggerStressTest:0.4033333333333333
ClientLoggerConfigurationTest:0.22
