Factory:0.5133333333333333
PagingIterator:0.30333333333333334
RamAccountingPageIteratorTest:0.26
OrderedLuceneBatchIteratorFactory:0.24666666666666667
OrderedLuceneBatchIteratorBenchmark:0.20666666666666667
OrderedLuceneBatchIteratorFactoryTest:0.07333333333333333
