RuntimeEnvironment:0.7433333333333333
RuntimeEnvironmentTest:0.31
Indexer:0.19666666666666666
