PLutPanel:0.7266666666666667
ImagePanel:0.255
PLutGUIPanel:0.17333333333333334
PLutGUIFrame:0.16666666666666666
