PointInTime:0.54
Calendar:0.51
ReportGedcomStatistics:0.22
PIT:0.21333333333333335
ActionOpen:0.19666666666666666
SwitchCalendar:0.18066666666666664
ReportAges:0.18
DateWidget:0.16333333333333333
