Fields:0.4997222222222222
SimpleIndexQueryParserTests:0.42
MoreLikeThisTests:0.32
MoreLikeThisQueryParser:0.29333333333333333
MoreLikeThisQueryBuilder:0.23888888888888885
