Weather:0.5133333333333333
TabPanelWeather:0.48333333333333334
DustStorm:0.3433333333333333
StormTrackingWindow:0.13666666666666666
