ByteString:0.7766666666666666
SegmentedByteString:0.30666666666666664
ByteStringTest:0.14
