Condition:0.5733333333333334
Consequence:0.27051984126984113
Rule:0.16666666666666666
ConcatCondition:0.13666666666666666
AndConcatCondition:0.13287698412698415
FilenameCondition:0.023333333333333334
FileSizeCondition:0.016666666666666666
OrConcatCondition:0.01
NotCondition:0.0
DefaultSearchFilters:0.0
RegexpFilenameCondition:0.0
RemoveFromSearchConsequence:0.0
FilterFromSearchConsequence:0.0
MediaTypeCondition:0.0
