CMap:0.61
ConcurrentMapManager:0.29
MaxSizeHeapPolicy:0.21444444444444447
ClusterTest:0.18666666666666668
