LicenseStats:0.6066666666666667
GwtTeamingMessages:0.31666666666666665
ReportModuleImpl:0.24
LicenseStatsItem:0.22666666666666666
AbstractLicenseModule:0.22
GwtReportsHelper:0.1927777777777778
LicenseReportComposite:0.16
BaseLicenseModule:0.12
