Frontier:0.6233333333333333
CrawlURI:0.6216666666666667
PreconditionEnforcer:0.21666666666666667
CoreAttributeConstants:0.02
