BasicBlock:0.4266666666666667
FirstPassVisitor:0.37
ControlFlowGraph:0.36
JSRInfo:0.24666666666666667
