WebSocket:0.75
AtmosphereFramework:0.4166666666666667
GlassFishWebSocketSupport:0.18
GlassFishServlet30WebSocketSupport:0.18
TomcatWebSocketUtil:0.16666666666666666
Jetty9AsyncSupportWithWebSocket:0.16
JettyWebSocketUtil:0.15666666666666668
