PutMappingRequest:0.6233333333333333
PutMappingClusterStateUpdateRequest:0.36
MultiFieldsIntegrationTests:0.22
RestPutMappingAction:0.19666666666666666
UpdateMappingIntegrationTests:0.17666666666666667
TransportPutMappingAction:0.17666666666666667
MetaDataMappingService:0.17
PutMappingRequestBuilder:0.14666666666666667
