Exception:0.6933333333333334
ExceptionReport:0.59
ExceptionReportFactory:0.31333333333333335
