DataTableFolderViewBase:0.38666666666666666
GwtTeamingMessages:0.31666666666666665
RatingCell:0.2633333333333333
GwtViewHelper:0.24777777777777776
RatingColumn:0.2107777777777778
GwtTeamingDataTableImageBundle:0.013333333333333334
