MapSideDataCollectOperation:0.6433333333333333
MapSideDataCollectOperationTest:0.2866666666666667
NodeStatsCollectSource:0.19666666666666666
SystemCollectSource:0.17333333333333334
SingleRowSource:0.03
