LotteryAdministration:0.30666666666666664
LotteryService:0.28
LotteryTestingModule:0.20333333333333334
LotteryModule:0.20333333333333334
