PPSModel:0.4266666666666667
StudyListPage:0.3433333333333333
StudyModel:0.33
WADODelegate:0.18666666666666668
SeriesListView:0.14
StudyListView:0.12388888888888891
PatientListView:0.12388888888888891
WadoPanel:0.09333333333333334
InstanceListView:0.06333333333333334
WadoPage:0.0033333333333333335
