CoreRule:0.6666666666666666
TranslationSym:0.4533333333333333
ModuleManager:0.31333333333333335
ATHROWCREATOR:0.31
CoreMangoActiveObject:0.25666666666666665
NewCoreRuleAction:0.17333333333333334
RuleBaseAction:0.17
NewWorkerMsg:0.13
TranslateValueH:0.11
SymbolHashEnterpriseAndTranslation:0.08333333333333333
