WxCpConfigStorage:0.7290277777777778
WxCpService:0.6977777777777778
WxCpDemoServer:0.37666666666666665
WxCpInMemoryConfigStorage:0.3566666666666667
WxCpServiceImpl:0.3466666666666667
