WebFilter:0.4094444444444445
SpringAwareWebFilter:0.22333333333333333
SpringAwareWebFilterTest:0.19
