LdapPasswordManagementService:0.48333333333333334
SendPasswordResetInstructionsAction:0.4066666666666667
PasswordManagementConfiguration:0.3433333333333333
PasswordManagementService:0.24
