JUMPWorkbench:0.7233333333333334
OpenProjectPlugIn:0.4266666666666667
FirstTaskFramePlugIn:0.16
