ChadoTransactionXMLWriter:0.8333333333333334
ChadoTransactionTransformer:0.7533333333333333
