NBrowseApplet:0.6866666666666666
InfoNodeMan:0.47
DatabaseManager:0.43333333333333335
