Sniffer:0.3288888888888889
Builder:0.3
RestClient:0.27666666666666667
SniffingConnectionPool:0.22
