StatisticsTracker:0.4766666666666667
CrawlOrder:0.4255555555555555
AbstractTracker:0.39666666666666667
