Reference:0.37333333333333335
ReferenceInfo:0.37333333333333335
SysShardsTest:0.24666666666666667
SysShardsTableInfo:0.24333333333333335
AbstractTableInfo:0.20666666666666667
MergeOperationTest:0.14666666666666667
SysNodesTableInfo:0.14333333333333334
SysSchemaInfo:0.12
ColumnsIterator:0.11
SysShardExpressionModule:0.09333333333333334
LocalMergeTaskTest:0.09
SysNodeExpressionModule:0.04666666666666667
SimpleTopNProjector:0.043333333333333335
GlobalReferenceResolver:0.04
TestModule:0.0075
