ViewGroupMvpDelegate:0.7116666666666667
ViewGroupMvpDelegateImpl:0.4666666666666667
ViewGroupMvpViewStateDelegateImplTest:0.37
MvpFrameLayout:0.24333333333333335
MvpLinearLayout:0.24333333333333335
MvpRelativeLayout:0.24333333333333335
PartialViewGroupViewStateCallbackImpl:0.22
PartialViewStateCallbackImpl:0.22
ViewGroupMvpViewStateDelegateImpl:0.20666666666666667
ViewGroupMvpDelegateImplTest:0.09666666666666666
