ParserATNSimulator:0.6833333333333333
DFAState:0.49
DFASerializer:0.11333333333333333
