DataSet:0.6666666666666666
ActorNetworkRunner:0.31
WorkerActor:0.27
MnistExampleMultiThreaded:0.24666666666666667
ListDataSetIterator:0.24583333333333332
MasterActor:0.19
