Wallet:0.43555555555555564
Script:0.39666666666666667
ScriptBuilder:0.3433333333333333
WalletTool:0.29333333333333333
SendRequest:0.21
ScriptTest:0.17333333333333334
TransactionTest:0.11
OutputSpec:0.05333333333333334
