Timeout:0.5266666666666666
FailOnTimeout:0.45666666666666667
TimeoutRuleTest:0.36333333333333334
HasGlobalLongTimeout:0.17
HasGlobalTimeUnitTimeout:0.17
