ServiceDynamicInterceptor:0.5366666666666666
TCCLService:0.4666666666666667
BundleDelegatingClassLoader:0.31666666666666665
Listener:0.2733333333333333
AbstractOnTheFlyBundleCreatorTests:0.26
ServiceStaticInterceptor:0.23666666666666666
TcclTest:0.20666666666666667
ServiceTCCLInterceptor:0.20333333333333334
OsgiServiceFactoryBean:0.18666666666666668
AbstractServiceProxyCreator:0.185
OsgiReferenceCollectionNamespaceHandlerTest:0.17333333333333334
OsgiServiceStaticInterceptorTest:0.17
OsgiServiceDynamicInterceptorTest:0.15833333333333333
StaticServiceProxyCreator:0.14333333333333334
OsgiReferenceNamespaceHandlerTest:0.13666666666666666
OsgiServiceIdComparatorTest:0.13666666666666666
OsgiServiceInvokerTest:0.10666666666666667
OsgiServiceBindingUtils:0.09666666666666666
ServiceReferenceComparator:0.07
OsgiServiceProxyEqualityTest:0.07
OsgiServiceProxyFactoryBean:0.065
OsgiServiceDynamicInterceptorListenerTest:0.059166666666666666
ServiceProviderTCCLInterceptor:0.050833333333333335
PrivateTCCLServiceImplementation:0.03
ServiceInvoker:0.006666666666666667
