HttpClientRequest:0.53
HttpClientStream:0.449484126984127
HttpClientRequestImpl:0.43333333333333335
ClientConnection:0.2633333333333333
Http2ClientStream:0.20666666666666667
