RiskAwareAuthenticationWebflowEventResolver:0.47333333333333333
ElectronicFenceConfiguration:0.45666666666666667
OidcWellKnownEndpointController:0.30333333333333334
OidcDynamicClientRegistrationEndpointController:0.23333333333333334
