HazelcastTestSupport:0.6133333333333333
ClientTxnMapTest:0.18333333333333332
ClientTxnQueueTest:0.12666666666666668
ClientTxnMultiMapTest:0.10333333333333333
ClientTxnSetTest:0.07666666666666666
ClientTxnTest:0.07666666666666666
ClientTxnListTest:0.013333333333333334
