QueryManagerConfig:0.693888888888889
HttpRemoteTaskFactory:0.2966666666666667
TestQueryManagerConfig:0.25
