DataSource:0.7047222222222222
XmlParser:0.5033333333333333
XmlDataSource:0.3433333333333333
TypeTableModel:0.24
