BinderHelper:0.5766666666666667
Toolbar:0.5066666666666667
GwtUIHelper:0.26666666666666666
ViewEntryController:0.20777777777777778
