HiveClient:0.8266666666666667
AbstractTestHiveClient:0.5066666666666667
