IPAtomicLearningDescriptorTest:0.39
BondDescriptorTest:0.35777777777777775
BondPartialPiChargeDescriptorTest:0.30972222222222223
BondPartialTChargeDescriptorTest:0.30972222222222223
IPBondLearningDescriptorTest:0.308
BondPartialSigmaChargeDescriptorTest:0.2753333333333333
EffectiveAtomPolarizabilityDescriptorTest:0.2753333333333333
IPAtomicHOSEDescriptorTest:0.2753333333333333
BondSigmaElectronegativityDescriptorTest:0.2753333333333333
AtomicDescriptorTest:0.21611111111111114
CovalentRadiusDescriptorTest:0.16077777777777777
DistanceToAtomDescriptorTest:0.16077777777777777
