Operation:0.6266666666666667
InternalPartitionService:0.6072222222222222
InternalPartitionImpl:0.48
OperationResponseHandler:0.3516666666666667
MigrateTask:0.23333333333333334
ReplicaSyncResponse:0.23
ReplicatedMapService:0.19
ReplicaSyncRetryResponse:0.14400000000000002
ReplicaSyncRequest:0.12333333333333334
