FlowArtifactException:0.64
FlowArtifactFactoryAdapter:0.36
LocalFlowArtifactFactory:0.22666666666666666
NoSuchFlowDefinitionException:0.20833333333333334
FlowRegistryFlowArtifactFactory:0.18
TestFlowArtifactLocator:0.165
NoSuchFlowStateException:0.15333333333333332
SimpleFlowLocator:0.13
AbstractFlowBuilderTests:0.11333333333333333
FlowExecutionImplTests:0.10333333333333333
