RendererModel:0.53
IControllerModule:0.5245119047619048
TransformingDrawVisitor:0.38666666666666666
IntermediateRenderer:0.3433333333333333
ControllerHub:0.32
HighlightGenerator:0.2753333333333333
ControllerModuleAdapter:0.24666666666666667
IMouseEventRelay:0.22166666666666668
SwingMouseEventRelay:0.21833333333333332
AddRingModule:0.16
ExternalHighlightGenerator:0.07
