InstallPanel:0.14499265
PluginManager:0.12974752
