QueryCmd:0.4633333333333333
StudyBean:0.37
MWLItemBean:0.20833333333333334
PatientBean:0.19416666666666665
GPSPSPerformerBean:0.19416666666666665
GPWLQueryCmd:0.18
FileSystemMgtSupportBean:0.16333333333333333
QueryStudiesCmd:0.16
MWLQueryCmd:0.15666666666666668
