XsdToJolieConverterImpl:0.6633333333333333
WSDLConverter:0.53
XsdToJolieConverter:0.4928809523809524
