BaseNeuralNetwork:0.39666666666666667
NeuralNetwork:0.3858333333333333
NeuralNetPlotter:0.27
VectorizedNonZeroStoppingConjugateGradient:0.18333333333333332
TestMnistRender:0.15333333333333332
DBNTest:0.12
Classify2sAnd4s:0.11666666666666667
MnistDataFetcher:0.09361111111111112
Finetune2sAnd4s:0.09333333333333334
RawDBNMnistExample:0.09333333333333334
RawDBNFinetuneExample:0.09333333333333334
Test2sAnd4s:0.08
