AddMapAsNodeServlet:0.4444444444444445
OpenMapServlet:0.22666666666666666
SaveMapServlet:0.22666666666666666
