JupiterSimulater:0.57
DOptPuzzleTest:0.37333333333333335
JupiterTestUI:0.24333333333333335
