SpecificitiesParam:0.73
FunctionsToolbar:0.5533333333333333
SpecificitiesServiceImpl:0.21
SpecificitiesForm:0.14333333333333334
