ListPanel:0.3
PrologDisplay:0.3
GraphEditorTab:0.2966666666666667
SelectionListener:0.2966666666666667
FindReplaceDialog:0.29
StringDialog:0.26666666666666666
CtrlLoader:0.25
LTSDisplay:0.23
ConfigDialog:0.23
LayoutDialog:0.22333333333333333
HelpFactory:0.20666666666666667
FormulaDialog:0.2
ImagerFrame:0.1980952380952381
BoundedModelCheckingDialog:0.18333333333333332
TemplateListEditor:0.18
EncodedEdgeMap:0.13
EnumeratedEditor:0.13
