SpecVisitor:0.7525555555555556
ProjectBuildingVisitor:0.49666666666666665
AbstractSpecVisitor:0.47884523809523816
Artifact:0.3997777777777778
PomBuilder:0.39
Mavenize:0.23333333333333334
FileSetTest:0.06666666666666667
MavenizeTest:0.04
ModelTest:0.012222222222222221
