InternalAggregations:0.61
BytesRefHash:0.5633333333333334
InternalAggregation:0.5233333333333333
InternalTerms:0.17666666666666667
InternalRange:0.15333333333333332
InternalHistogram:0.15
AbstractHash:0.13666666666666666
InternalGeoHashGrid:0.12666666666666668
LongHash:0.07333333333333333
PercolatorService:0.04777777777777778
SearchPhaseController:0.04111111111111111
DoubleTerms:0.02666666666666667
LongTerms:0.02666666666666667
InternalSingleBucketAggregation:0.02666666666666667
