Fields:0.47904761904761906
MoreLikeThisQueryBuilder:0.4666666666666667
MoreLikeThisActionTests:0.3466666666666667
MoreLikeThisQueryParser:0.3233333333333333
