Array:0.5833333333333334
LongArray:0.24666666666666667
FloatArray:0.24666666666666667
IntArray:0.24666666666666667
FloatBag:0.21666666666666667
IntBag:0.21666666666666667
LongBag:0.21666666666666667
ArrayPool:0.18
BagPool:0.18
Bag:0.18
