RedissonClient:0.4528333333333333
ConfigSupport:0.36
Redisson:0.28
RedissonExecutorService:0.2555555555555556
Config:0.25333333333333335
RedissonExecutorServiceTest:0.22666666666666666
