Window:0.7533333333333333
JavaScriptEngine:0.31333333333333335
JavaScriptEngineTest:0.25333333333333335
HtmlUnitContextAction:0.22
WindowTest2:0.18
