HazelcastClient:0.4166666666666667
ClientProxy:0.4
ClientExecutorServiceProxy:0.3933333333333333
ProxyManager:0.31
ClientExecutorServiceTest:0.21
ExecutorPortableHook:0.13666666666666666
ClientContext:0.11944444444444442
ClientProxyDestroyTest:0.043333333333333335
