Lifecycle:0.4633333333333333
LifecycleData:0.34
PoorMansCache:0.2866666666666667
PulseConfig:0.27666666666666667
LifecycleAccessControlTasks:0.23333333333333334
SecureJAXBContext:0.14944444444444444
SecureUnmarshaller:0.12
XmlInputFactoryFactory:0.016666666666666666
