HostDirectives:0.5033333333333333
UserAgentDirectives:0.4066666666666667
PathRule:0.3
RobotstxtServer:0.25972222222222224
PathComparator:0.16
UserAgentComparator:0.15
RobotstxtParser:0.12777777777777777
RobotstxtParserNonLowercaseUserAgentTest:0.12333333333333334
RobotstxtPathRuleTest:0.08333333333333333
