CasAuthenticationProvider:0.53
CasAuthenticationProviderTests:0.29333333333333333
CasProcessingFilterEntryPoint:0.21
ServiceProperties:0.20666666666666667
CasProcessingFilter:0.2
EhCacheBasedTicketCache:0.18333333333333332
MockAuthoritiesPopulator:0.14
