Environment:0.49666666666666665
JDBITest:0.22666666666666666
HibernateBundle:0.20333333333333334
SessionFactoryHealthCheck:0.2
DBIHealthCheck:0.18333333333333332
DBIFactory:0.12333333333333334
