EndEntityProfile:0.8933333333333333
EjbcaWebBean:0.3933333333333333
UserFullfillEndEntityProfileTest:0.19333333333333333
