AnnotationMetadataSourceProcessorImpl:0.5766666666666667
MapBinder:0.44666666666666666
EventType:0.4266666666666667
