CreateConnectionCmd:0.35333333333333333
ReceiveChannelEndpoint:0.31666666666666665
DriverPublication:0.22666666666666666
DataFrameDispatcher:0.22
DriverConductor:0.21666666666666667
EventCodec:0.20333333333333334
SetupFlyweight:0.17666666666666667
UdpChannelTransport:0.12333333333333334
DriverConductorProxy:0.07
