DayView:0.5666666666666667
MonthView:0.5233333333333333
WeekDayView:0.44666666666666666
