FiberTest:0.42444444444444446
ChannelTest:0.38666666666666666
FiberAsyncTest:0.29
SingleConsumerNonblockingProducerDelayQueueTest:0.27666666666666667
