NodeService:0.87
MapService:0.45
NodeServiceImpl:0.41333333333333333
PartitionContainer:0.31333333333333335
PutOperation:0.06
GenericBackupOperation:0.05333333333333334
PutBackupOperation:0.05111111111111111
ResponseHandlerFactory:0.01611111111111111
BackupResponse:0.01111111111111111
