DicomImageServletResponse:0.5666666666666667
QueryLayout:0.5533333333333333
RecodeDicom:0.37333333333333335
SearchLayout:0.2866666666666667
