AbstractNutConfig:0.8382222222222222
JsonActionChainMakerConfiguretion:0.3233333333333333
