HttpClientBuilder:0.6366666666666667
JerseyClientBuilder:0.3566666666666667
JerseyClientBuilderTest:0.3566666666666667
