AdditionalChannelInitializer:0.6838492063492063
Channels:0.5766666666666667
NettyAsyncHttpProviderConfig:0.31666666666666665
