DynamicBatchingEntityLoaderBuilder:0.3466666666666667
MultiLoadTest:0.32666666666666666
MultiIdentifierLoadAccessImpl:0.25333333333333335
MultiLoadOptions:0.15666666666666668
MultiIdentifierLoadAccess:0.14583333333333334
