ExchangeClientConfig:0.6333333333333333
TestExchangeClientConfig:0.4033333333333333
ExchangeClientFactory:0.36
