PollablesTest:0.36333333333333334
Schedule:0.3566666666666667
PollableService:0.35
PollableElement:0.34
PollableContainer:0.28
ScheduleTimer:0.27051984126984113
PollableServiceConfig:0.255
Scheduler:0.24666666666666667
ScheduleTest:0.18333333333333332
Timer:0.10005555555555554
ScheduleInterval:0.006666666666666667
