FedoraAPIMBindingSOAPHTTPImpl:0.6077777777777778
DatastreamXMLMetadata:0.45092857142857146
AuditRecord:0.36577777777777787
METSDODeserializer:0.32666666666666666
METSDOSerializer:0.24
