ResultsImpl:0.68
Queries:0.5247777777777778
QueriesImpl:0.43333333333333335
