ClobTypeDescriptor:0.6175
PostgreSQL81Dialect:0.4353333333333333
LongStringTest:0.3933333333333333
