OcspKeyBinding:0.57
ProtocolOcspHttpStandaloneTest:0.35333333333333333
OcspResponseGeneratorSessionBean:0.295
OcspTestUtils:0.2733333333333333
