DropwizardAppRule:0.575
IntegrationTest:0.45
DropwizardAppRuleTest:0.19
DropwizardAppRuleConfigOverrideTest:0.13666666666666666
DropwizardAppRuleWithExplicitTest:0.13666666666666666
GzipDefaultVaryBehaviourTest:0.10666666666666667
DropwizardAppRuleWithoutConfigTest:0.10666666666666667
