Project:0.64
ProjectConfig:0.4866666666666667
ProjectTest:0.4
MockLog:0.3311111111111111
MockBuilderChangesProjectConfig:0.18666666666666668
