MockUserCache:0.5569880952380951
JdbcUserDetailsManagerTests:0.49666666666666665
JdbcUserDetailsManager:0.44333333333333336
DeleteGroupAuthority:0.050833333333333335
DeleteGroupMember:0.050833333333333335
GroupAuthoritiesByGroupNameMapping:0.03
