HiveClientConfig:0.76
TestHiveIntegrationSmokeTest:0.41333333333333333
HiveQueryRunner:0.25
HiveSessionProperties:0.23
TestHiveClientConfig:0.22
HiveClientModule:0.17666666666666667
TestHiveFileFormats:0.16
TestingHiveStorageFormat:0.023333333333333334
