BinderHelper:0.58
GwtRpcServiceImpl:0.34
SaveUserStatusRpcResponseData:0.29333333333333333
MiniBlogInfo:0.27666666666666667
UserStatusControl:0.20777777777777778
