CertificateProfile:0.6066666666666667
CertTools:0.5
X509CA:0.25666666666666665
RSASignSessionBean:0.25333333333333335
