Decoder:0.5666666666666667
DataMatrixBlackBox1TestCase:0.3361111111111111
DataMatrixBlackBox2TestCase:0.15611111111111112
