Record:0.6072222222222222
MapService:0.41333333333333333
RecordInfo:0.35333333333333333
RecordReplicationInfo:0.30666666666666664
AbstractRecord:0.19222222222222224
BasicMapTest:0.15
