AbstractResourceBasedServiceRegistryDao:0.5266666666666666
InspektrThrottledSubmissionByIpAddressAndUsernameHandlerInterceptorAdapter:0.4766666666666667
ServiceRegistryConfigWatcher:0.25333333333333335
