ExperimentalIndex:0.43333333333333335
RubyElementRequestor:0.3433333333333333
CompletionEngine:0.3433333333333333
