Options:0.6333333333333333
StatementGenerator:0.47888888888888886
ObjectiveCImplementationGenerator:0.24
