CollectionUtils:0.2866666666666667
StringKeyedMapAdapter:0.20333333333333334
PortletSessionMapTests:0.2
PortletRequestMap:0.18783333333333332
PortletRequestParameterMap:0.18783333333333332
PortletSessionMap:0.18116666666666667
PortletContextMap:0.18116666666666667
HttpSessionMap:0.13666666666666666
PortletRequestMapTests:0.13666666666666666
PortletContextMapTests:0.13666666666666666
PortletRequestParameterMapTests:0.13666666666666666
HttpServletContextMap:0.13666666666666666
KeyIterator:0.13333333333333333
HttpServletRequestMap:0.11666666666666667
HttpServletRequestParameterMap:0.10666666666666667
SharedMapDecoratorTests:0.07
StringKeyedMapAdapterTests:0.07
EnumerationIterator:0.006666666666666667
MultiPartIterator:0.006666666666666667
EmptyIterator:0.0
