Neuron:0.7866666666666666
BiasNeuron:0.4675
NeuronProperties:0.44333333333333336
MultiLayerPerceptron:0.27
NeuralNetworkFactory:0.26
LayerFactory:0.19444444444444445
