SharingChargeMechanism:0.33666666666666667
SharingElectronMechanism:0.24
SharingAnionReaction:0.23
SharingLonePairReaction:0.23
SharingChargeDBReaction:0.23
SharingChargeReactionTest:0.06
SharingAnionReactionTest:0.05333333333333334
SharingLonePairReactionTest:0.05333333333333334
