Errors:0.6166666666666667
InjectionPoint:0.3433333333333333
MultibinderTest:0.3111111111111111
InjectorTest:0.29333333333333333
StaticInjection:0.24777777777777782
Interface:0.13333333333333333
