OcspConfiguration:0.72
StandAloneSession:0.4166666666666667
OCSPServletBase:0.27666666666666667
DoNothingCallbackHandler:0.20333333333333334
