ClientNonBlockingSocketWriter:0.5166666666666667
ClientConnection:0.44333333333333336
AbstractClientHandler:0.3000555555555556
