Setting:0.5841666666666666
Updater:0.3983333333333333
AbstractScopedSettings:0.29
