MedicalAssistance:0.5988888888888888
ActivityTabPanel:0.5
PersonWindow:0.24333333333333335
