CrawlDatum:0.43
Page:0.39666666666666667
CrawlDatums:0.25333333333333335
CrawlDatumFormater:0.25
Configuration:0.23666666666666666
ConfigurationUtils:0.21333333333333335
DBManager:0.18666666666666668
Crawler:0.18
DemoPostCrawler:0.13666666666666666
DemoBingCrawler:0.11333333333333333
