RModelTest:0.55
CNNRegressionModelTest:0.43666666666666665
LinearRegressionModelTest:0.35
MqsarTests:0.2733333333333333
