ConnectionFactory:0.6866666666666666
Hits:0.39666666666666667
SqlSearcher:0.32833333333333337
