ItemOrientedStepHandler:0.29
StatefulRetryStepFactoryBeanTests:0.2866666666666667
SkipLimitStepFactoryBeanTests:0.26666666666666666
ItemWrapper:0.24
StepHandlerStep:0.24
StepContribution:0.18
StatefulRetryStepHandler:0.11333333333333333
BasicAttributeAccessor:0.03333333333333333
