AnnotationTxAdviceManager:0.4866666666666667
DbJtxResourceManager:0.30666666666666664
DbJtxTransaction:0.15
DbJtxTransactionManager:0.07333333333333333
DbJtxSessionProvider:0.03
JtxDbUtil:0.01
