BinderModule:0.7291666666666666
FilterHelper:0.6033333333333334
SearchController:0.37333333333333335
BinderModuleImpl:0.31
