Bugs:0.5533333333333333
BugsTest:0.3233333333333333
JTextComponentRecorderTest:0.29
JTextComponentTester:0.25
TextComponentTester:0.20666666666666667
