AzureStorageSettings:0.59
AzureStorageServiceImpl:0.37666666666666665
AzureStorageServiceTests:0.30333333333333334
AzureStorageServiceMock:0.1577777777777778
AzureRepositoryPlugin:0.13666666666666666
