Generator:0.8733333333333333
JavaGenerator:0.5733333333333334
GenerationTool:0.24777777777777782
AbstractGenerator:0.23666666666666666
