FlowAssembler:0.6633333333333333
FlowFactoryBean:0.3233333333333333
FlowRegistryPopulationTests:0.28
XmlFlowFactoryBean:0.16
