ValidateTransformationTest:0.5994444444444443
ExtentsStrategy:0.4322222222222223
