ReportWebsite:0.6766666666666666
Html:0.5666666666666667
