Constants:0.5910000000000001
WrappedChannelHandler:0.4033333333333333
ThreadPoolStatusChecker:0.17333333333333334
