Mapper:0.6477777777777778
MapperAnnotationBuilder:0.37
MapTypeHandlerTest:0.17333333333333334
