View:0.8566666666666667
CompositeTest:0.2633333333333333
