TaskState:0.58
IOUtils:0.41333333333333333
BotTaskActionsDelegate:0.4033333333333333
BotCache:0.38333333333333336
BotTaskUtils:0.37666666666666665
WorkspaceOperations:0.24166666666666667
NewBotTaskWizard:0.19333333333333333
ActionDescriptionContentProvider:0.16333333333333333
EditBotTaskWithNodeAction:0.13333333333333333
PortabilityRefactoring:0.13
VariableSearchVisitor:0.12333333333333334
SubstitutionExceptionsXmlContentProvider:0.08333333333333333
BotSearchVisitor:0.08333333333333333
BotTaskSearchVisitor:0.08333333333333333
OpenBotTaskAction:0.04666666666666667
