IMap:0.6705555555555556
QueryEntry:0.4266666666666667
ClientMapTest:0.31
EntListener:0.22333333333333333
TestPredicate:0.2
