XJBUpdateRequest:0.655
XJBUpdateRequestImpl:0.2733333333333333
UpdateCheckRunner:0.25333333333333335
Unmarshaller:0.24666666666666667
