DriverPublication:0.5366666666666666
DefaultMulticastSenderControlStrategy:0.44333333333333336
UnicastSenderControlStrategy:0.35333333333333333
