Default:0.69
Foo:0.37666666666666665
Appender:0.22666666666666666
LambdaFactoryTest:0.13333333333333333
AgentBuilderLambdaInstrumentationStrategyTest:0.05333333333333334
