GeometrySerde:0.5833333333333334
JtsGeometrySerde:0.5333333333333333
GeoFunctions:0.3466666666666667
TestGeometrySerialization:0.20333333333333334
