FileModuleImpl:0.6633333333333333
FileModule:0.6433333333333333
ModifyFileController:0.3433333333333333
WebKeys:0.014444444444444444
