MultiLayerNetwork:0.62
OutputLayer:0.34
BaseLayer:0.30666666666666664
GravesLSTM:0.2866666666666667
BaseOptimizer:0.22666666666666666
