DefaultRecordStore:0.5633333333333334
AbstractRecordStore:0.36333333333333334
MapDataStores:0.23666666666666666
