AbstractCacheService:0.63
ConfigValidator:0.33666666666666667
CacheProxyUtil:0.30666666666666664
MapRemoteService:0.12666666666666668
AbstractMergeRunnable:0.11666666666666667
