LookModelConfiguration:0.6433333333333333
AbstractLookHandler:0.4666666666666667
LookModelSettings:0.2925
