Sync:0.4769285714285714
BoundedLocalCache:0.4666666666666667
BoundedWeigher:0.32666666666666666
EvictionTest:0.2733333333333333
BoundedLocalCacheTest:0.2633333333333333
CacheContext:0.20666666666666667
