MultiMap:0.6305555555555555
MemberState:0.5400000000000001
ManagementCenterService:0.39666666666666667
MultiMapProxy:0.39
MemberStateImpl:0.29333333333333333
MultiMapReal:0.23333333333333334
MultiMapClientProxy:0.22333333333333333
MultiMapProxyImpl:0.22333333333333333
