ConfigurationListenerRegistry:0.7327777777777779
MethodBeanWrapper:0.5357380952380953
