MTGRoot:0.5066666666666667
MTGKeys:0.49666666666666676
GLDisplay:0.39666666666666667
WireframeCanvas:0.36333333333333334
