JavaConfigApplicationContext:0.5033333333333333
ScopedProxyMethodProcessor:0.32166666666666666
JavaConfigWebApplicationContext:0.26
AnnotationApplicationContext:0.19666666666666666
ConfigurationPostProcessor:0.18666666666666668
ScopedProxyConfigurationListener:0.17666666666666667
AutoBeanConfigurationListener:0.17
