CentralAuthenticationServiceImpl:0.49
DefaultTicketRegistry:0.42
AbstractTicketRegistryTests:0.25333333333333335
LogoutManagerImpl:0.23
HazelcastTicketRegistry:0.22666666666666666
MemCacheTicketRegistry:0.22333333333333333
CentralAuthenticationServiceImplTests:0.21333333333333335
EhCacheTicketRegistry:0.2
CentralAuthenticationServiceImplWithMockitoTests:0.19333333333333333
EhCacheTicketRegistryTests:0.11
OpenIdSingleSignOnActionTests:0.11
PrincipalFromRequestUserPrincipalNonInteractiveCredentialsActionTests:0.09666666666666666
X509CertificateCredentialsNonInteractiveActionTests:0.09666666666666666
PrincipalFromRequestRemoteUserNonInteractiveCredentialsActionTests:0.09666666666666666
HazelcastTicketRegistryTests:0.04
MemCacheTicketRegistryTests:0.02666666666666667
DefaultTicketRegistryCleanerTests:0.0033333333333333335
