Compound:0.5133333333333333
AgentBuilderDefaultTest:0.3566666666666667
PoolStrategy:0.33166666666666667
