Table:0.6766666666666666
AbstractDdlBuilder:0.4766666666666667
DatabasePlatformTest:0.4
Database:0.35733333333333334
