PlanOptimizersFactory:0.45
ConnectorIndexResolver:0.39666666666666667
IndexManager:0.29333333333333333
ClassLoaderSafeConnectorIndexResolver:0.17333333333333334
