ExploreStrategyParser:0.7033333333333334
GeneratorScenarioHandlerFactory:0.6133333333333333
