InternalOperationService:0.5283333333333333
HazelcastTestSupport:0.43
BasicOperationService:0.4166666666666667
BasicDispatcherImpl:0.36366209716209713
ClusterServiceImpl:0.34
NodeEngineImpl:0.33666666666666667
RemoteCallKey:0.3233333333333333
OperationHandler:0.27
CleanupThread:0.23083333333333333
InvokeOnPartitions:0.22777777777777777
WaitNotifyServiceImpl:0.17
OperationPacketHandler:0.12666666666666668
SendTask:0.006666666666666667
ResponsePacketHandler:0.0033333333333333335
