Analysis:0.5816666666666667
StatementAnalyzer:0.39666666666666667
LogicalPlanner:0.3333333333333333
