NearFarAnalyzer:0.6350714285714286
BaseShadowSystem:0.6266666666666667
AABBNearFarAnalyzer:0.3466666666666667
ShadowSystem:0.33
