Inventory:0.68
Cooking:0.5133333333333333
CookMeal:0.32666666666666666
