DatabaseHandler:0.5866666666666667
PersistencyHandler:0.5633333333333334
FileHandler:0.48
UpgradeServlet:0.19666666666666666
AdminServlet:0.13666666666666666
PersistencyServlet:0.13666666666666666
JAMWikiFilter:0.13
WikiBase:0.12333333333333334
