BorningException:0.65
MirrorTest:0.5466666666666666
MirrorBorning:0.17333333333333334
EmptyArgsConstructorBorning:0.13
EmptyArgsMethodBorning:0.13
DynaMethodBorning:0.13
ConstructorBorning:0.13
DynamicConstructorBorning:0.13
MethodBorning:0.13
TBOM:0.08682539682539683
TBOC:0.0025
