AsyncWeigher:0.5357777777777777
StatsCounterTest:0.3922222222222222
