Jedis:0.8033333333333333
Connection:0.34
JedisPool:0.2711111111111111
JedisPoolTest:0.06
