Trigger:0.6766666666666666
Router:0.41
RouterService:0.3566666666666667
RouterServiceTest:0.05333333333333334
