CrmfRequestMessage:0.6
CmpConfirmResponseMessage:0.57
ConfirmationMessageHandler:0.24666666666666667
CmpMessageDispatcherSessionBean:0.18333333333333332
CrmfRequestTest:0.10666666666666667
