Provisioner:0.6391666666666667
OpenNMSProvisioner:0.5666666666666667
OpenNMSProvisionerTest:0.3233333333333333
XmlRpcTest:0.28
