Display:0.6166666666666667
ListPanel:0.42333333333333334
DisplaysPanel:0.38333333333333336
StateMouseListener:0.18
