JGraph:0.5666666666666667
ForestLayouter:0.29333333333333333
AbstractLayouter:0.28
JEdgeView:0.28
AJEdge:0.21416666666666667
LayouterItem:0.18000000000000002
LoopRouting:0.09666666666666666
