Server:0.7483333333333333
TestAPIM:0.38333333333333336
DatastreamManagedContent:0.2866666666666667
