GJC:0.54
MemoryLog:0.4766666666666667
Javac:0.31333333333333335
