SimpleQueryStringBuilder:0.4866666666666667
SimpleQueryStringParser:0.45388888888888895
SimpleQueryTests:0.2966666666666667
