JbpmDefinitionLogic:0.555
StartFormTag:0.31333333333333335
StartState:0.30661111111111117
SubmitStartProcessFormAction:0.24333333333333335
StartProcessInstanceAction:0.11666666666666667
