Builder:0.5066666666666667
MultiLayerNetwork:0.4866666666666667
MultiLayerConfiguration:0.38666666666666666
GravesLSTM:0.2733333333333333
DefaultGradient:0.26
CnnToFeedForwardPreProcessor:0.24444444444444446
BaseLayer:0.20666666666666667
BaseOutputLayer:0.1775
ConvolutionLayerTest:0.17666666666666667
GradientCheckTests:0.17333333333333334
MultiLayerTest:0.16
TestSetGetParameters:0.14
RmsPropUpdater:0.12
CNNGradientCheckTest:0.08
ListBuilder:0.08
FwdPassReturn:0.07
