AbstractTestQueries:0.6319444444444444
TestSqlParser:0.33
QueryPlanner:0.32
TestStatementBuilder:0.24333333333333335
