ChemObjectBuilder:0.7666666666666667
DefaultChemObjectBuilder:0.37333333333333335
SetOfMolecules:0.36666666666666664
