ProjectBuildStatus:0.44
BuildSummariesService:0.4166666666666667
BuildCommand:0.37
BuildSummaryUIService:0.24333333333333335
BuildCommandTest:0.18333333333333332
CruiseControlJMXService:0.09916666666666667
