Citation:0.5133333333333333
RoleCode:0.2547063492063492
PresentationForm:0.22333333333333333
OnLineFunction:0.22333333333333333
DateType:0.22333333333333333
OnLineResource:0.065
MetaData:0.04666666666666667
