Input:0.7566666666666667
GameScreen:0.2683333333333333
Metagun:0.23
TitleScreen:0.11777777777777776
