InternalPartitionServiceImpl:0.46
PartitionStateGeneratorImpl:0.36666666666666664
DefaultNodeGroup:0.31
SingleNodeGroup:0.27
ReplicaSyncRequest:0.2633333333333333
MigrationRequestTask:0.24722222222222223
MigrationRequestOperation:0.21666666666666667
RepartitioningTask:0.20333333333333334
MigrateTask:0.16333333333333333
