ConfigUtils:0.8733333333333333
AuthenticationProviderBeanDefinitionParser:0.36666666666666664
LdapBeanDefinitionParser:0.18
