AdminService:0.5966666666666667
AdminServiceImpl:0.39666666666666667
CorpusActionServiceImpl:0.2791666666666667
TXM_RIA:0.26666666666666666
ConcordanceServiceImpl:0.24666666666666667
AdminServiceAsync:0.19416666666666665
ControlPanelTab:0.15333333333333332
SetMaintenanceServlet:0.03
