BooAction:0.7290277777777778
MadvocConfig:0.4766666666666667
ActionConfig:0.2633333333333333
ResultMapper:0.23666666666666666
ActionResultTest:0.22666666666666666
