TedSerie:0.7566666666666667
TedParseHandler:0.34
TedMainDialog:0.32666666666666666
