EdgeFilterState:0.45
NBEdge:0.3466666666666667
JnetManager:0.27
MultiItemListener:0.18
EdgeFilterView:0.17666666666666667
DatasetFilter:0.17277777777777778
NodeConnection:0.17055555555555554
