Array:0.4033333333333333
IntSet:0.27666666666666667
ObjectSet:0.22333333333333333
LongArray:0.22222222222222224
CharArray:0.22222222222222224
FloatArray:0.22222222222222224
IntArray:0.22222222222222224
SnapshotArray:0.22222222222222224
ByteArray:0.22222222222222224
ShortArray:0.22222222222222224
DelayedRemovalArray:0.22222222222222224
BooleanArray:0.22222222222222224
