DropZone:0.6466666666666666
Canvas:0.5266666666666666
LandingPageEditor:0.3433333333333333
DropWidget:0.2733333333333333
