ArticleProcessor:0.36
Filler:0.23333333333333334
InitService:0.21666666666666667
CommentQueryService:0.2
UserMgmtService:0.2
InitProcessor:0.18333333333333332
AdminConsole:0.18
CommentMgmtService:0.18
ThumbnailsTestCase:0.14
