OperationStat:0.6266666666666667
LocalMapOperationStats:0.5664444444444444
MapOperationsCounter:0.32
MapOperationStatsImpl:0.23333333333333334
OperationCounter:0.20333333333333334
