MetadataManager:0.8716666666666667
InternalMetadata:0.4533333333333333
