Binder:0.7066666666666667
FileModule:0.3199444444444444
Entry:0.2966666666666667
ResourceDriverConfig:0.26
ZoneConfig:0.25666666666666665
FolderEntry:0.23666666666666666
TemplateBinder:0.22
WorkArea:0.2
