SubprocessDialog:0.47
MessageNodeDialog:0.4633333333333333
DropDownButton:0.15333333333333332
ImportWizardPage:0.14
SubprocessDelegate:0.13666666666666666
MultiSubprocessDialog:0.09
MoveVariableSelectionListener:0.03
