FluxSettings:0.66
MeasuringSetup:0.4266666666666667
FluxLightModel:0.3705555555555556
