IoUtil:0.6866666666666666
BasicBufferManagementStrategy:0.5933333333333334
BasicBufferUsageStrategy:0.24444444444444446
