Set:0.5433333333333333
DoActions:0.5266666666666666
