RGGGraph:0.44333333333333336
QueueImpl:0.41333333333333333
PropertyQueue:0.3933333333333333
Library:0.29
VVQueue:0.2147222222222222
