Configuration:0.57
AuthorizeHandler:0.37
PacketListener:0.26
SocketIOServer:0.17333333333333334
SocketIOPipelineFactory:0.15666666666666668
JoinIteratorsTest:0.11333333333333333
