Jedis:0.6166666666666667
Client:0.39
ShardedJedis:0.2833333333333333
Pipeline:0.28
JedisCommands:0.2733333333333333
BinaryClient:0.2733333333333333
BinaryJedisCommands:0.2733333333333333
Commands:0.2733333333333333
ShardedJedisPipeline:0.25
BinaryJedis:0.24
BinaryShardedJedis:0.22333333333333333
JedisPool:0.18166666666666667
ListCommandsTest:0.16333333333333333
Pool:0.1277777777777778
PipeliningTest:0.06694444444444446
JedisPoolTest:0.06
