CommonUtil:0.5813333333333334
DownloadTarget:0.4866666666666667
UploadTarget:0.4277777777777777
DownloadReceiver:0.2833333333333333
UploadReceiver:0.26666666666666666
AbsCmd:0.02666666666666667
