ArgumentBinderTest:0.24
ThisBinderTest:0.21333333333333335
Carrier:0.19333333333333333
RuntimeTypeVerifierTest:0.19
AbstractInstrumentationTest:0.16666666666666666
AbstractAnnotationDescriptionTest:0.10666666666666667
IgnoreForBindingVerifierTest:0.09
