TypeUtils:0.55
JSONSerializer:0.43
DeserializeBeanInfo:0.29333333333333333
ASMDeserializerFactory:0.25666666666666665
ASMSerializerFactory:0.25666666666666665
ASMJavaBeanDeserializer:0.21
JavaBeanSerializer:0.20333333333333334
JavaBeanDeserializer:0.18333333333333332
