BasicQueueTest:0.5483333333333333
QueueProxyImpl:0.49
QueueStatisticsTest:0.35333333333333333
