XJBGUISettings:0.5622222222222222
XJBGUISettingsImpl:0.48333333333333334
Unmarshaller:0.29333333333333333
