ChannelFactory:0.4388888888888889
NioTransport:0.30666666666666664
ChannelFactoryTests:0.24333333333333335
RawChannelFactory:0.22333333333333333
