IInChIManager:0.6713333333333333
InChIManager:0.6533333333333333
