Advapi32Ex:0.7323611111111111
WrapperConfig:0.45777777777777773
SERVICE_DELAYED_AUTO_START_INFO:0.31
WindowsService:0.2966666666666667
WinsvcEx:0.06333333333333334
