Robolectric:0.7666666666666667
ShadowSQLiteDatabase:0.37
DatabaseTestBase:0.21666666666666667
