AtomContainer:0.7066666666666667
AtomParity:0.5008333333333334
Bond:0.49333333333333335
