MapDisplay:0.30666666666666664
HealthProblem:0.2733333333333333
TableBarDataset:0.25
MainDesktopPane:0.24083333333333334
Rover:0.23444444444444443
CannedMarsMap:0.23
USGSMarsMap:0.2275
TableSorter:0.22
NavButtonDisplay:0.21416666666666667
VehicleConfig:0.21416666666666667
MarsGlobe:0.21333333333333335
GlobeDisplay:0.17333333333333334
MainWindow:0.17333333333333334
TimeWindow:0.17
PDSConnectionManager:0.17
AboutDialog:0.16333333333333333
BuildingsTabPanel:0.13
ShadingMapLayer:0.1277777777777778
ToolFrameListener:0.09
