NumericReadoutRenderer:0.7080555555555555
LabelRenderer:0.4902777777777777
