Actor:0.6533333333333333
SupervisorActor:0.34
LocalActorUtil:0.33
ActorMonitor:0.32422222222222224
JMXActorMonitor:0.2866666666666667
ChildSpec:0.2833333333333333
ActorRegistry:0.22944444444444448
LocalActorRef:0.21
ChildEntry:0.19666666666666666
SupervisorTest:0.19666666666666666
Actor3:0.18444444444444444
