SquareMatrix:0.6433333333333333
MatrixKernel:0.29
AparapiRunner:0.11
AparapiTask:0.03666666666666667
