ProblemReporter:0.4675
Compiler:0.37666666666666665
Scope:0.36
Add:0.31666666666666665
XLParser:0.3
CompilerBase:0.2633333333333333
