StripeReader:0.38
OrcTester:0.3433333333333333
StreamSources:0.3233333333333333
RowGroupLayout:0.23333333333333334
StreamLayout:0.22666666666666666
OrcInputStream:0.22166666666666668
OrcByteSource:0.17666666666666667
