JglfwGL11:0.58
JglfwGL10:0.5222222222222221
JglfwGraphics:0.27666666666666667
