Search:0.39
AbstractRecord:0.35333333333333333
VarEdgeRecord:0.3333333333333333
EdgeRecord:0.30666666666666664
SearchPlanStrategy:0.28800000000000003
EdgeSearchItem:0.25333333333333335
IsoNodeSearchItem:0.24
WildcardEdgeRecord:0.23
NeededPartsComparator:0.19
RegExprEdgeRecord:0.15
GraphSearchPlanFactory:0.14333333333333334
AbstractSearchItem:0.13642857142857143
ConditionSearchPlanFactory:0.12333333333333334
ConditionRecord:0.11333333333333333
ValueNodeRecord:0.1
PlanData:0.08
OperatorEdgeRecord:0.05
PrimitiveRecord:0.043333333333333335
SingularRecord:0.03333333333333333
NegatedSearchRecord:0.02
InjectionRecord:0.013333333333333334
