StepEditor:0.595
LaunchEditor:0.29333333333333333
CallEditor:0.21666666666666667
