Options:0.43666666666666665
TreeUtil:0.38333333333333336
StatementGenerator:0.3233333333333333
DebugASTPrinter:0.295
Autoboxer:0.28
OperatorRewriter:0.25
LambdaExpression:0.22333333333333333
JdtParser:0.20666666666666667
TranslationProcessor:0.19666666666666666
Rewriter:0.15666666666666668
VariableRenamer:0.14666666666666667
