Factory:0.43333333333333335
GLTexture:0.42333333333333334
TextureLoader:0.25666666666666665
FacedCubemapData:0.10333333333333333
