SoundConstants:0.9604444444444444
AudioPlayer:0.42333333333333334
