ServerConnection:0.49
Reaper:0.45666666666666667
RecoveryServer:0.23333333333333334
ClientConnection:0.18666666666666668
IOHelper:0.15
SelectionKeyWrapper:0.14333333333333334
ReaperTask:0.14105555555555552
StateTransitionTask:0.13666666666666666
AbstractRecoveryConnection:0.03333333333333333
