ASTParserLoadingTest:0.7163333333333335
InLogicOperatorNode:0.38666666666666666
