DiagnosticsLogWriterImpl:0.6716666666666666
Diagnostics:0.37666666666666665
DiagnosticsLogFile:0.37333333333333335
