StreamTest:0.7911111111111111
HashSet:0.6833333333333333
