Config:0.49666666666666665
CacheSimpleConfig:0.38666666666666666
CacheConfig:0.2833333333333333
HotRestartConfig:0.27
AbstractCacheConfig:0.25666666666666665
XmlConfigBuilder:0.24
CacheConfigReadOnly:0.22333333333333333
ConfigXmlGenerator:0.17
SpringXmlConfigBuilder:0.17
XMLConfigBuilderTest:0.14
TestFullApplicationContext:0.12
