IndexSettings:0.8466666666666667
SearchService:0.4422222222222223
CustomScriptPlugin:0.351515873015873
SearchServiceTests:0.30333333333333334
IndexSettingsTests:0.23333333333333334
