LayerBuilderTest:0.6233333333333333
DefaultLayerFactory:0.57
LayerFactories:0.17666666666666667
