Symbols:0.53
FilterProjection:0.5266666666666666
EvalProjection:0.20166666666666666
FilterProjectionTest:0.16333333333333333
