BaseWebappTest:0.5033333333333333
ViewTestModule:0.4766666666666667
JspViewTest:0.25
