Trigger:0.54
IDbDialect:0.5072777777777778
SimpleIntegrationTest:0.3233333333333333
AbstractDbDialect:0.30333333333333334
SqlTemplate:0.2866666666666667
MySqlDbDialect:0.27666666666666667
TriggerRouterService:0.19833333333333333
TriggerRouterServiceTest:0.18666666666666668
OracleDbDialect:0.17
Db2DbDialect:0.13666666666666666
TriggerMapper:0.056666666666666664
