MailModule:0.84
JavaMailSender:0.3725
AdminModuleImpl:0.35
FolderEmailFormatter:0.3496190476190476
DefaultEmailPosting:0.1667222222222222
AbstractActionHandler:0.14333333333333334
DefaultSendEmail:0.12333333333333334
DefaultEmailNotification:0.10666666666666667
DefaultFailedEmail:0.08
DefaultFillEmailSubscription:0.08
MailManagerImpl:0.06333333333333334
DefaultFolderEmailFormatter:0.05
MimeMessagePreparator:0.006666666666666667
JavaMailSenderImpl:0.0033333333333333335
