DrawApplication:0.54
DesktopListener:0.5333333333333333
StandardDrawingView:0.43
DrawingChangeListener:0.3855555555555556
MDIDesktopPane:0.3333333333333333
StandardDrawing:0.29333333333333333
NullDrawingView:0.2597222222222222
MDI_DrawApplication:0.24333333333333335
JavaDrawApp:0.22
JPanelDesktop:0.19666666666666666
DesktopEventService:0.19666666666666666
PertApplication:0.13333333333333333
NothingApp:0.12666666666666668
NetApp:0.12666666666666668
NullTool:0.07
MappedDrawingChangeListener:0.04666666666666667
