Native:0.6633333333333333
Structure:0.4211111111111111
TestLibrary:0.38267460317460317
NativeLibrary:0.3022222222222222
CallbackReference:0.28
FFIType:0.27
CallbacksTest:0.26666666666666666
DirectTest:0.16333333333333333
DefaultCallbackProxy:0.09666666666666666
AttachOptions:0.0
