LruCache:0.5646666666666667
DbManager:0.5447777777777778
CacheStore:0.30333333333333334
Servant:0.17
FluentIterable:0.14666666666666667
OrcsTest:0.14
GHobbitsTest:0.14
HobbitsTest:0.14
TreasureChest:0.128
ItemQueue:0.013333333333333334
