AnnotationSet:0.72
Document:0.5617777777777777
NoSuchObjectException:0.45
AnnotationSetImpl:0.43666666666666665
DocumentImpl:0.4
