JnetManager:0.5516666666666666
EdgeFilterState:0.54
EdgeFilterView:0.3933333333333333
