BaseLayer:0.6755555555555556
RBM:0.42
GradientAdjustment:0.41333333333333333
