AbstractAzureRepositoryServiceTest:0.3433333333333333
AzureRepository:0.2733333333333333
AzureSettingsFilter:0.10694444444444443
CloudAzurePlugin:0.10666666666666667
AzureBlobStore:0.10666666666666667
AzureModule:0.10666666666666667
AzureSnapshotRestoreITest:0.08333333333333333
AzureSnapshotRestoreTest:0.07333333333333333
