ZonedDateTimeConverter:0.42333333333333334
TimeConversionsTest:0.4177777777777778
OffsetDateTimeConverter:0.3466666666666667
