ThunderbirdCrawlerTest:0.4266666666666667
TestMboxCrawler:0.25
PowerPointExtractorTest:0.21
MimeSubCrawlerTest:0.17666666666666667
XmlSafetyTest:0.17333333333333334
TestMboxCrawlerMultiFolder:0.15666666666666668
TarSubCrawlerTest:0.15333333333333332
WordExtractorTest:0.09666666666666666
AbstractAddressbookCrawlerTest:0.09333333333333334
MP3FileExtractorTest:0.06666666666666667
