GWT15Test:0.44666666666666666
ThreadSynchronizer:0.33166666666666667
JavaScriptJobsSupervisor:0.27
WebClientWaitForBackgroundJobsTest:0.15
