EntityHolder:0.54
DaoSupport:0.4266666666666667
DynamicEntityParsingTest:0.2966666666666667
