ClientEndpoint:0.8211111111111111
ClientClusterService:0.5956111111111111
ClientClusterServiceImpl:0.37
ClusterListenerSupport:0.3566666666666667
MembershipListenerImpl:0.2733333333333333
ClientEngineImpl:0.24
ClientEndpointImpl:0.21166666666666667
ClientNonSmartInvocationServiceImpl:0.16666666666666666
ClusterAuthenticator:0.12666666666666668
