ProgressiveCommandLinkRenderer:0.25
ProgressiveCommandButtonRenderer:0.23333333333333334
AjaxEventInterceptorRenderer:0.20333333333333334
ResourceServletTests:0.17
DojoAdvisorRenderer:0.12333333333333334
ValidateAllRenderer:0.1
SpringJavascriptAjaxHandler:0.08
TilesAjaxView:0.06333333333333334
AjaxHandler:0.03
