ScriptEditor:0.6966666666666667
StepRunner:0.2633333333333333
DefaultComponentFinder:0.25333333333333335
Comment:0.25
ScriptEditorFrame:0.23333333333333334
EditorAction:0.22166666666666668
ScriptTableSelectionHandler:0.21083333333333334
EditorConstants:0.0
