RecordingTest:0.6166666666666667
IManager:0.40944444444444444
Manager:0.40944444444444444
Activator:0.18666666666666668
RecordingServiceTest:0.14333333333333334
