DefaultInternalKernelServices:0.6711111111111111
PreferencesDialog:0.6166666666666667
