CacheProvider:0.4166666666666667
CacheContext:0.4
EntrySetView:0.24333333333333335
KeySetView:0.23
ValuesView:0.23
HasRemovalNotifications:0.22666666666666666
AsMapTest:0.03333333333333333
