CodeList:0.5733333333333334
VerticalDatumType:0.31133333333333335
NameFactory:0.23333333333333334
CodeListTest:0.20666666666666667
CompoundCRS:0.1317222222222222
