CacheLoadingTest:0.5166666666666667
Sync:0.43213888888888885
SingleLoader:0.2697222222222222
