AtomContainerManipulator:0.48333333333333334
ModelBuilder3D:0.37333333333333335
RingSetManipulator:0.33
TemplateHandler3D:0.22444444444444447
AtomContainerManipulatorTest:0.22
ModelBuilder3DTest:0.2
TemplateExtractor:0.18611111111111112
RingSetManipulatorTest:0.18
AtomPlacer3DTest:0.10333333333333333
TemplateHandler3DTest:0.027777777777777773
