DocumentEditor:0.41
AnnotationsTableModel:0.3844444444444445
TypeData:0.3566666666666667
NewAnnotationAction:0.16111111111111112
