HTMLDocument:0.7466666666666667
DocumentTest:0.43666666666666665
HTMLDocumentTest:0.25666666666666665
