HardTokenCertificateMapBean:0.4644444444444445
BasePropertyEntityBean:0.4
LogConfigurationDataBean:0.38333333333333336
