HttpClientOptions:0.35
HttpServerOptions:0.32
SSLHelper:0.2911111111111111
TCPSSLOptions:0.2833333333333333
NetServerOptions:0.25666666666666665
NetTest:0.24666666666666667
HttpTLSTest:0.21666666666666667
SSLHelperTest:0.16333333333333333
Http1xTest:0.16
