ValidationHelper:0.51
Builder:0.4066666666666667
CMSynergy:0.3377777777777778
Vss:0.27666666666666667
P4:0.27
StarTeam:0.26
CMSynergySession:0.25333333333333335
EmailPublisher:0.23833333333333334
CVS:0.23833333333333334
P4BootstrapperTest:0.22333333333333333
AlienBrain:0.2175
HttpFile:0.215
SVN:0.21138888888888888
ClearCase:0.21138888888888888
CurrentBuildFileWriter:0.2038888888888889
StarTeamBootstrapper:0.20166666666666666
ModificationSet:0.19666666666666666
P4Bootstrapper:0.19666666666666666
VssJournal:0.19333333333333333
X10Publisher:0.19333333333333333
SCPPublisher:0.19333333333333333
PVCS:0.19333333333333333
ArtifactsPublisher:0.19333333333333333
NantBuilder:0.19333333333333333
BuildStatus:0.18333333333333332
Schedule:0.18
MavenSnapshotDependency:0.17666666666666667
FTPPublisher:0.17666666666666667
HTMLEmailPublisher:0.17666666666666667
SocketPublisher:0.17333333333333334
AntBuilder:0.17
CurrentBuildStatusPublisher:0.17
FileSystem:0.16872222222222222
ClearCaseBootstrapper:0.16833333333333333
AlienBrainBootstrapper:0.16666666666666666
CurrentBuildStatusListener:0.16566666666666666
SametimeAnnouncementPublisher:0.16333333333333333
JabberPublisher:0.16333333333333333
TimeBuild:0.16166666666666665
CVSBootstrapper:0.16
MKS:0.16
SVNBootstrapper:0.15666666666666668
CurrentBuildStatusBootstrapper:0.15666666666666668
SnapshotCM:0.155
XSLTLogPublisher:0.15
Compound:0.15
MergeLogger:0.14666666666666667
CurrentBuildStatusFTPBootstrapper:0.14333333333333334
BuildStatusTest:0.13666666666666666
MavenBuilder:0.13
PauseBuilder:0.13
MavenSnapshotDependencyTest:0.13
HttpFileTest:0.12833333333333333
CMSynergyTaskPublisher:0.12333333333333334
CMSynergyBaselinePublisher:0.12333333333333334
CMSynergyBootstrapper:0.12333333333333334
CurrentBuildStatusFTPPublisher:0.12333333333333334
CMSynergySessionMonitor:0.12
FileSystemTest:0.12
ConditionalPublisher:0.10666666666666667
LinkJabberPublisher:0.10333333333333333
ExecutePublisher:0.10333333333333333
VssBootstrapper:0.1
LinkEmailPublisher:0.08333333333333333
