ManagedChannelImpl:0.5333333333333333
ManagedChannelImplTest:0.39666666666666667
LbHelperImpl:0.23666666666666666
NameResolverListenerImpl:0.22
ChannelExecutorTest:0.17
ChannelExecutor:0.08666666666666667
