Lang:0.43
TedMainDialog:0.32
GeneralPanel:0.2833333333333333
TedTranslateDialog:0.24333333333333335
EditShowDialog:0.22
TedTableModel:0.21666666666666667
TedDailySerie:0.20666666666666667
TedTable:0.16
TedMainMenuBar:0.15677777777777777
