NOPLogger:0.5038888888888888
SimpleLogger:0.44666666666666666
SimpleLoggerProvider:0.38666666666666666
LoggerProvider:0.30666666666666664
LoggerFactory:0.22333333333333333
LoggerFactoryTest:0.18333333333333332
SimpleLoggerTest:0.16666666666666666
Log4j2Logger:0.1646111111111111
Slf4jLogger:0.1646111111111111
JDKLogger:0.1646111111111111
JCLLogger:0.1646111111111111
Slf4jLoggerTest:0.14333333333333334
JCLLoggerTest:0.14333333333333334
Log4j2LoggerTest:0.14333333333333334
JDKLoggerTest:0.14333333333333334
NOPLoggerTest:0.12333333333333334
