ClassName:0.49166666666666664
TypeName:0.47
TypeVariableName:0.39
ArrayTypeName:0.21722222222222218
WildcardTypeName:0.21722222222222218
ParameterizedTypeName:0.215
