AbstractCollectionPersister:0.5572222222222222
CollectionBinder:0.4666666666666667
OrderByFragmentTranslator:0.20666666666666667
