BaseOutputLayer:0.5133333333333333
MultiLayerTestRNN:0.36666666666666664
