MainScreen:0.7466666666666667
InternationalizationForm:0.41833333333333333
SettingsDialog:0.32666666666666666
