Builder:0.615
ConvolutionLayerTest:0.37666666666666665
ConvolutionLayerSetup:0.14666666666666667
