RBatch:0.683888888888889
CommandBatchService:0.44
CommandReactiveBatchService:0.3433333333333333
RedissonBatch:0.34
RedissonBatchTest:0.25666666666666665
RedissonBatchReactive:0.19666666666666666
RBatchReactive:0.19416666666666665
RedissonRemoteService:0.15666666666666668
RedisCommands:0.11622222222222224
BatchCommandData:0.07666666666666666
