Default:0.25666666666666665
ClassFileVersion:0.24333333333333335
Advice:0.2302777777777778
UnresolvedType:0.23
ForInlining:0.21666666666666667
LazyResolution:0.20333333333333334
RawDescriptionArray:0.19666666666666666
RawEnumerationValue:0.19666666666666666
RawAnnotationValue:0.19666666666666666
RawTypeValue:0.19666666666666666
ForOrigin:0.18837301587301586
ForType:0.18333333333333332
Bound:0.15
TypeWriterModifierPreservationTest:0.13666666666666666
Inverted:0.09333333333333334
JavaVersionRule:0.08666666666666667
