Schema:0.6366666666666667
Catalog:0.6033333333333334
Row:0.5166666666666667
RowImpl:0.5066666666666667
UDT:0.41666666666666663
TableLike:0.31337301587301586
SelectImpl:0.26666666666666666
SelectQueryImpl:0.20666666666666667
AbstractTable:0.18
SchemaImpl:0.18
UDTImpl:0.15333333333333332
CatalogImpl:0.13055555555555556
