BinderModule:0.7933333333333333
ReportModule:0.665
QueryBuilder:0.34
ReportDownloadController:0.20666666666666667
SearchUtils:0.2
BinderModuleImpl:0.19666666666666666
GuestUserAccessReportController:0.14666666666666667
ReportModuleImpl:0.10333333333333333
