AnnotationDiffer:0.8566666666666667
AnnotationPrinter:0.49222222222222217
