Point:0.5366666666666666
MapPanel:0.45
MapElement:0.3333333333333333
MapViewerPanel:0.18333333333333332
