AbbrevsOptionPane:0.14099553
jEdit:0.10102372
JEditBuffer:0.0924911
TextArea:0.08846315
Buffer:0.079698674
TextUtilities:0.06746557
MiscUtilities:0.06631963
JEditTextArea:0.06314004
View:0.049476065
AddAbbrevDialog:0.049165722
Mode:0.04833278
Log:0.04177126
StatusBar:0.039688468
