GUIUtilities:0.03069706
View:0.028886871
jEdit:0.028551372
Log:0.0104302885
