JEditActionContext:0.49785706
ActionSet:0.3942558
EditAction:0.29664057
JEditActionSet:0.28891468
jEdit:0.21082076
VFSBrowser:0.113380894
AbstractContextOptionPane:0.10031005
GUIUtilities:0.099779814
ContextAddDialog:0.08941931
EnhancedCheckBoxMenuItem:0.06501225
VFSDirectoryEntryTable:0.060877714
BrowserView:0.053101614
EnhancedMenuItem:0.035212427
EnhancedButton:0.025977317
EnhancedMenu:0.01845686
