View:0.1697789
InputHandler:0.15038036
HistoryTextField:0.13578364
KeyEventWorkaround:0.11349979
GUIUtilities:0.07863137
jEdit:0.0538302
StatusBar:0.049186204
EditAction:0.044337876
Macros:0.04391452
EditPane:0.036486533
BeanShell:0.030104088
StandardUtilities:0.024895227
MiscUtilities:0.02271478
NameSpace:0.01155981
RolloverButton:0.006283084
