TextAreaPainter:0.08971446
TextAreaOptionPane:0.034556422
EditPane:0.020874882
StandaloneTextArea:0.016206075
