BeanShell:0.38868612
JEditBeanShellAction:0.2222887
Interpreter:0.20191668
NameSpace:0.18563958
BshMethod:0.1242782
BshClassManager:0.11696291
CallStack:0.11357071
ClassManagerImpl:0.08387527
TargetError:0.036283966
TextArea:0.03359481
UtilEvalError:0.032491997
Primitive:0.029958263
Log:0.020491328
Debug:0.015855582
