BeanShellAction:0.14529267
BeanShell:0.08933074
TextAreaDialog:0.03742136
View:0.012522419
