SearchAndReplace:0.14984123
SearchMatcher:0.08220605
