VFSDirectoryEntryTable:0.28632358
VFSBrowser:0.25026825
FileCellRenderer:0.134052
VFSFileNameField:0.11923589
VFSDirectoryEntryTableModel:0.10314728
ListDirectoryBrowserTask:0.07317299
VFS:0.072267346
GUIUtilities:0.06680581
View:0.06415811
VFSFile:0.06265815
FileVFS:0.058300342
BrowserCommandsMenu:0.056286443
FavoritesVFS:0.048697677
FileRootsVFS:0.04412212
jEdit:0.043291327
Buffer:0.041429408
VFSManager:0.039989587
MiscUtilities:0.037644975
JEditActionContext:0.024673676
DockableWindowManager:0.022340037
EditAction:0.017404012
ActionContext:0.0141011365
Log:0.0126065
ThreadUtilities:0.008562787
TextUtilities:0.00549147
