BrowserColorsModel:0.08150777
GUIUtilities:0.030245094
RolloverButton:0.02470665
AbstractOptionPane:0.013697054
jEdit:0.010936595
