AbstractContextOptionPane:0.19629969
jEdit:0.12662047
