VFS:0.22819518
Buffer:0.19625734
BufferIORequest:0.1345216
jEdit:0.12120358
IOUtilities:0.11656527
VFSManager:0.08521674
JEditBuffer:0.06830373
Log:0.06592687
WorkThread:0.06028588
View:0.043223307
WorkRequest:0.03092148
