BufferPrintable:0.06532344
jEdit:0.030944299
View:0.01356901
MiscUtilities:0.013541078
Buffer:0.01253018
Log:0.010201309
