jEdit:0.20783205
Buffer:0.17768276
EditPane:0.15979987
DockingLayoutManager:0.14675437
LastModifiedWidgetFactory:0.14464155
HyperSearchResult:0.124855645
EBMessage:0.12415228
View:0.121859476
VFSBrowser:0.10781492
Macros:0.10689077
MarkerViewer:0.074023195
HyperSearchResults:0.06794831
BufferListener:0.064501196
