VFS:0.37359095
Buffer:0.23846298
BufferIORequest:0.19776234
VFSManager:0.17311554
VFSFile:0.1597594
jEdit:0.1448826
IOUtilities:0.08152392
WorkThread:0.069856696
JEditBuffer:0.06624571
View:0.052827377
WorkRequest:0.047250282
TextArea:0.041055214
Log:0.040753108
SegmentBuffer:0.014790789
