BufferAdapter:0.82153857
BufferHandler:0.48914227
JEditBuffer:0.26359716
Gutter:0.16335697
BufferUpdate:0.057446975
