BufferSetManager:0.26115653
BufferSetListener:0.2174762
jEdit:0.1407627
EditPane:0.12125575
View:0.09606313
Buffer:0.08652539
JEditBuffer:0.07534314
BufferSwitcher:0.05740749
BufferSetWidgetFactory:0.05679616
Log:0.04295455
StandardUtilities:0.03847942
ViewOptionPane:0.026204024
