Buffer:0.2028451
JEditBuffer:0.19804493
jEdit:0.13845186
Mode:0.08005003
StandardUtilities:0.06373825
AbstractOptionPane:0.054712187
FoldHandler:0.049402874
MiscUtilities:0.032437056
View:0.02928393
GUIUtilities:0.023021262
BufferOptions:0.018601691
