jEdit:0.11826553
Log:0.06658251
MiscUtilities:0.06282804
SettingsXML:0.053943995
EditPane:0.04074505
XMLUtilities:0.0384768
Selection:0.030467542
EditBus:0.029660387
IOUtilities:0.022469657
RecentFilesProvider:0.022077542
DynamicMenuChanged:0.006900702
