View:0.082167596
AbstractOptionPane:0.08067853
BufferOptionPane:0.06676642
jEdit:0.05527854
FoldWidgetFactory:0.05282527
ModeWidgetFactory:0.03844965
EncodingWidgetFactory:0.03844965
EnhancedDialog:0.038060464
Buffer:0.029650941
