TextArea:0.19457243
ExtensionManager:0.19370005
TextAreaPainter:0.162088
FirstLine:0.13980453
Gutter:0.10007205
DisplayManager:0.085072204
TextAreaMouseHandler:0.0819806
BufferHandler:0.05510435
JEditBuffer:0.05085202
ElasticTabStopBufferListener:0.036023386
DisplayTokenHandler:0.035287704
Chunk:0.030501816
TokenMarker:0.025723994
DefaultTokenHandler:0.017559461
Log:0.012432073
Token:0.0077912207
Debug:0.0063373377
