TextAreaPainter:0.15495288
DisplayTokenHandler:0.14482959
BufferPrintable:0.13685805
ChunkCache:0.067426704
TextArea:0.061614234
jEdit:0.033668943
SyntaxStyle:0.029883564
StandaloneTextArea:0.026499676
Debug:0.016002905
Token:0.014155851
ParserRuleSet:0.010861029
IPropertyManager:0.0022894607
