jEdit:0.13356382
View:0.11747166
GUIUtilities:0.09502031
Buffer:0.078852706
JEditBuffer:0.04710858
Log:0.04142305
VFSManager:0.0389215
BufferIORequest:0.021497669
EnhancedDialog:0.01743538
