ElasticTabStopBufferListener:0.28714737
ElasticTabstopsTabExpander:0.14057963
Selection:0.093927555
JEditBuffer:0.08498147
ColumnBlockLine:0.07509614
TextArea:0.044937577
Node:0.013184259
