CompleteWord:0.17298539
View:0.07452806
InputHandler:0.036634605
GUIUtilities:0.03651173
TextArea:0.023297604
StatusBar:0.015641274
TextAreaPainter:0.01479071
