BufferSegment:0.055062607
JEditBuffer:0.044712994
