Chunk:0.13720223
DefaultTokenHandler:0.08285336
ChunkCache:0.054638408
BufferPrintable:0.05342553
TokenMarker:0.033053316
JEditBuffer:0.03205907
TokenHandler:0.03142787
Token:0.012034822
ParserRuleSet:0.0042894618
SyntaxStyle:0.0041716793
