PanelWindowContainer:0.065297894
DockablePanel:0.04984598
DockableWindowManagerImpl:0.023406455
DockableWindowManager:0.0086158
