TokenHandler:0.45246845
TokenMarker:0.19332123
JEditBuffer:0.11446715
Token:0.06493623
