PluginJAR:0.22404549
ActionSet:0.19531
jEdit:0.19517219
JEditActionSet:0.16992836
ServiceManager:0.12535085
GUIUtilities:0.10629377
DockableWindowManager:0.105663106
PluginUpdate:0.099629246
OptionPane:0.09383817
ManagePanel:0.0874762
View:0.083730064
PluginList:0.08232157
VFSBrowser:0.07946295
JARClassLoader:0.07248417
OptionGroup:0.06376368
DockableWindowFactory:0.06330068
AbstractOptionPane:0.06319274
HelpTOCPanel:0.051548913
DynamicMenuProvider:0.05113763
EBPlugin:0.047289334
PluginOptions:0.04604119
Log:0.042194117
PluginsProvider:0.031511776
EnhancedMenu:0.018545678
