AbbrevsOptionPane:0.17444903
AbbrevEditor:0.13334349
jEdit:0.043615617
GUIUtilities:0.02959195
