StatusWidgetFactory:0.15574372
jEdit:0.06484677
Buffer:0.056742378
View:0.044252813
Widget:0.037059695
JEditBuffer:0.024572354
BufferOptions:0.02297272
ToolTipLabel:0.01929558
