GUIUtilities:0.052660625
EditPlugin:0.042469434
EditBus:0.023888765
jEdit:0.02095967
DynamicMenuChanged:0.01633139
BeanShell:0.014790455
ActionContext:0.012947675
DynamicMenuProvider:0.0106425
OperatingSystem:0.007887195
PropertiesChanged:0.0013429503
