GUIUtilities:0.05010432
Log:0.04963031
View:0.03908731
jEdit:0.025482047
StatusWidgetFactory:0.01672483
EnhancedDialog:0.008349914
Widget:0.0056643803
SyntaxStyle:0.0026382552
