TextAreaExtension:0.41278717
TextAreaPainter:0.32046968
Gutter:0.20630428
ChunkCache:0.12970729
TextArea:0.083873816
Log:0.010547382
