VFSDirectoryEntryTable:0.17496717
BrowserView:0.1202451
VFSFile:0.105745226
VFSDirectoryEntryTableModel:0.09428711
VFSBrowser:0.09310445
GUIUtilities:0.06628948
jEdit:0.054237645
FavoritesProvider:0.048155762
FavoritesVFS:0.036100436
HelpTOCPanel:0.018111724
DirectoryProvider:0.009470071
RecentFilesProvider:0.008201696
RecentDirectoriesProvider:0.005625419
