StatusWidgetFactory:0.18825312
jEdit:0.06895794
Buffer:0.058710244
View:0.05072995
Widget:0.044439763
JEditBuffer:0.031056685
BufferOptions:0.024656678
ToolTipLabel:0.020747365
