TriangleFoldPainter:0.50456995
ShapedFoldPainter:0.48887813
Gutter:0.26631534
TextArea:0.13436957
JEditTextArea:0.07330501
JEditBuffer:0.033454463
