FontSelector:0.15846972
TextAreaOptionPane:0.087708294
jEdit:0.039411318
Log:0.011458895
EnhancedDialog:0.007397547
