OptionsDialog:0.26597676
OptionGroup:0.2112394
PluginManager:0.05479847
JEditTextArea:0.044808332
jEdit:0.033513173
PropertiesChanging:0.032230094
EditBus:0.013582734
