AbstractInputHandler:0.171282
ShortcutsOptionPane:0.15905641
KeyEventTranslator:0.09247833
GUIUtilities:0.06665329
jEdit:0.0583321
KeyEventWorkaround:0.05668526
Buffer:0.041962903
JEditBuffer:0.03042448
Debug:0.020535324
Log:0.014551563
