jEdit:0.17539732
View:0.15975198
VFSBrowser:0.15208432
Macros:0.11218686
EditAction:0.10927567
EditPlugin:0.10501198
Buffer:0.09824151
MiscUtilities:0.09534357
AbstractContextOptionPane:0.094614655
VFSFileChooserDialog:0.09295884
ManagePanel:0.08846436
PanelWindowContainer:0.08364439
JEditTextArea:0.083068304
SearchAndReplace:0.07694303
HyperSearchResults:0.07565007
EditPane:0.07160263
BeanShell:0.07113063
ServiceManager:0.07083129
GrabKeyDialog:0.06954192
InstallPanel:0.06809331
BrowserView:0.06661414
JEditSwingTrayIcon:0.064027935
VFSDirectoryEntryTable:0.06232688
HistoryText:0.061432995
ActionContext:0.06096191
FloatingWindowContainer:0.058784194
HistoryTextField:0.058052897
SyntaxUtilities:0.05797827
HelpViewer:0.057357743
Log:0.057182886
OperatingSystem:0.056865167
OptionsDialog:0.056245826
InputHandler:0.05401083
AboutDialog:0.051887598
ToolBarOptionPane:0.05102024
AppearanceOptionPane:0.050278742
RegisterViewer:0.049601957
JEditAbstractEditAction:0.04945612
StatusBarOptionPane:0.048142936
EnhancedCheckBoxMenuItem:0.048103902
BeanShellAction:0.048020426
BrowserCommandsMenu:0.04725516
RecentFilesProvider:0.04715991
CompletionPopup:0.045567438
EnhancedMenu:0.04514201
ToolBarEditDialog:0.045129627
SearchDialog:0.045031983
EnhancedMenuItem:0.044772316
StyleEditor:0.04330476
ContextAddDialog:0.04119201
ActionBar:0.040591814
ErrorsWidgetFactory:0.038195975
PluginList:0.038182534
VariableGridLayout:0.035820983
FileCellRenderer:0.033515655
FilePropertiesDialog:0.032688674
HistoryTextArea:0.032489967
ShortcutsOptionPane:0.03225081
RecentDirectoriesProvider:0.0319699
SplashScreen:0.031500183
EnhancedButton:0.031401407
DynamicContextMenuService:0.031360652
CloseDialog:0.031071512
TextAreaMouseHandler:0.030270644
MarkerViewer:0.030219033
PasteFromListDialog:0.030119933
ReloadWithEncodingProvider:0.029353667
JTrayIcon:0.029293224
Debug:0.029107682
TextAreaTransferHandler:0.028725943
PluginManager:0.028186679
HelpSearchPanel:0.027381478
HistoryButton:0.027278379
EditAbbrevDialog:0.026729977
BufferPrintable:0.026614232
TextAreaDialog:0.026602037
AbbrevsOptionPane:0.026300313
DirectoryProvider:0.025497178
PluginManagerOptionPane:0.025422404
FontSelector:0.024802953
ViewOptionPane:0.024641298
TextAreaOptionPane:0.023866124
Roster:0.023056626
JEditKillRing:0.022979971
SearchBar:0.022876276
SyntaxHiliteOptionPane:0.021536456
MarkersProvider:0.020176657
FilesChangedDialog:0.018379029
BrowserColorsOptionPane:0.017134134
GutterOptionPane:0.016068965
ColorWellButton:0.015831852
FavoritesProvider:0.015654495
BufferOptionPane:0.0156076765
HyperSearchRequest:0.014039988
EditingOptionPane:0.0129707465
AddAbbrevDialog:0.012087758
IconTheme:0.010328689
IOProgressMonitor:0.00919204
TaskMonitor:0.008793487
SelectLineRange:0.008252783
SaveBackupOptionPane:0.0063604238
SyntaxStyle:0.00544541
