AbstractOptionPane:0.12962799
jEdit:0.1264403
EditPane:0.06769786
JEditTextArea:0.055816952
GUIUtilities:0.03968713
SyntaxUtilities:0.032482572
ColorWellButton:0.028771788
ServiceManager:0.018419553
FontSelector:0.01324412
IntegerInputVerifier:0.010093087
