Gutter:0.058445282
EditPane:0.051679704
