HelpIndex:0.08923275
HelpViewer:0.060654443
jEdit:0.030144293
GUIUtilities:0.028454272
HistoryTextField:0.02800958
HelpViewerInterface:0.023366205
Log:0.0149742495
ThreadUtilities:0.00810057
