HelpHistoryModel:0.20595476
HelpViewer:0.07471227
