HistoryTextArea:0.20544405
HistoryTextField:0.20283608
HistoryModel:0.19804277
GUIUtilities:0.054850765
jEdit:0.016651813
ListModelEditor:0.0118902195
