HistoryText:0.48817798
GUIUtilities:0.036859777
SearchDialog:0.03369639
HistoryModel:0.03136206
