HyperSearchOperationNode:0.16852677
HyperSearchResults:0.035464987
