HyperSearchResults:0.19210848
HyperSearchRequest:0.09920052
HyperSearchFileNode:0.043340463
SearchMatcher:0.03322286
HyperSearchFolderNode:0.02502325
