jEdit:0.118783176
View:0.10956117
EditPane:0.10831581
HyperSearchResults:0.09673815
HyperSearchNode:0.09525272
HyperSearchRequest:0.09188451
Buffer:0.08459758
TextArea:0.057552658
BufferUpdate:0.05034919
JEditBuffer:0.045409456
MiscUtilities:0.045254435
EditBus:0.04512559
JEditTextArea:0.042417213
Selection:0.032696813
ThreadUtilities:0.00752044
