HyperSearchOperationNode:0.20683978
HyperSearchRequest:0.11071712
HyperSearchFileNode:0.03705022
HyperSearchResult:0.029513901
HyperSearchTreeNodeCallback:0.02907367
SearchAndReplace:0.028089814
jEdit:0.027862526
GUIUtilities:0.025924824
View:0.024513593
Buffer:0.022040326
SearchMatcher:0.01783623
JEditBuffer:0.016186146
SearchDialog:0.01593301
EditPane:0.014637842
HtmlUtilities:0.013329604
DockableWindowManager:0.011129118
StyleEditor:0.008952332
EnhancedTreeCellRenderer:0.008915261
SyntaxUtilities:0.008764303
EditBus:0.008298737
BufferUpdate:0.0065388866
HyperSearchFolderNode:0.00612793
DirectoryListSet:0.006043114
OperatingSystem:0.005195052
HyperSearchNode:0.0037441961
RolloverButton:0.003587259
DefaultFocusComponent:0.0033723358
SyntaxStyle:0.0018023218
SearchFileSet:8.5829006E-4
