HyperSearchOperationNode:0.28168452
HyperSearchResults:0.16184618
HyperSearchRequest:0.14263475
jEdit:0.09295744
View:0.086072795
HyperSearchNode:0.06880563
EditPane:0.06334148
MiscUtilities:0.048009243
Buffer:0.044865124
