HyperSearchFileNode:0.3360107
HyperSearchResult:0.24799487
View:0.12954837
EditPane:0.08188627
HyperSearchResults:0.05926517
Buffer:0.02876754
