FoldHandler:0.32464525
JEditBuffer:0.28475377
DisplayManager:0.07315998
TextAreaPainter:0.04032717
StandaloneTextArea:0.031721577
