AbstractInputHandler:0.3077083
DefaultInputHandler:0.22092672
ActionBar:0.16394821
View:0.15214546
Macros:0.077902526
EditAction:0.064977415
KeyEventTranslator:0.06094511
StatusBar:0.055218037
BeanShell:0.053400498
JEditTextArea:0.049025558
jEdit:0.047028303
JEditBuffer:0.045880076
GUIUtilities:0.045360018
CompletionPopup:0.042730067
TextArea:0.04252104
KeyEventWorkaround:0.037192024
Log:0.01555646
JEditAbstractEditAction:0.010959669
StandardUtilities:0.0105080595
Debug:0.009426994
HistoryModel:0.008674334
