DefaultInputHandlerProvider:0.81279707
AbstractInputHandler:0.07236013
JEditActionSet:0.06581011
TextArea:0.06276375
View:0.020842612
