VFS:0.21785302
MirrorList:0.1473141
FileVFS:0.1134201
BufferLoadRequest:0.11234269
MarkersSaveRequest:0.089932196
BufferAutosaveRequest:0.08799782
Roster:0.08574993
MiscUtilities:0.081559345
VFSFile:0.07776787
PluginJAR:0.073119156
JEditHistoryModelSaver:0.0722298
LocalFileSaveTask:0.06948842
Log:0.06937973
XMLUtilities:0.065444075
BufferSaveRequest:0.0626456
jEdit:0.05712084
ManagePanel:0.05416067
PluginList:0.051358428
PluginManagerOptionPane:0.039746713
ModeProvider:0.03927054
PerspectiveManager:0.03823554
JEditRegisterSaver:0.037751753
DockableWindowManagerImpl:0.037653096
BufferInsertRequest:0.037355587
JEditKillRing:0.033620067
BufferHistory:0.03300653
StandaloneTextArea:0.031723205
StandardUtilities:0.027773004
AppearanceOptionPane:0.024015203
ProgressObserver:0.016972529
FilePropertiesDialog:0.008170339
