JEditVisitor:0.85227114
BufferSetManager:0.24208622
SaveCaretInfoVisitor:0.23382427
View:0.23164587
EditPane:0.111900225
CompleteWord:0.10288799
Buffer:0.06251965
JEditTextArea:0.054373655
