StandaloneTextArea:0.22342147
TextArea:0.119959086
EditPane:0.09084229
JEditBuffer:0.06507875
ModeProvider:0.04974318
jEdit:0.040075842
