Registers:0.08751311
jEdit:0.06496659
RegisterSaver:0.06324795
XMLUtilities:0.06255849
SettingsXML:0.05508334
Log:0.043394625
IOUtilities:0.031370856
