JEditTrayIcon:0.134724
JEditSwingTrayIcon:0.076377936
EditBus:0.025123704
ServiceManager:0.017063154
jEdit:0.016509654
Log:0.008544187
EBComponent:0.004303363
