ManagePanel:0.069617376
InstallPanel:0.06842046
