UndoManager:0.24245803
JEditKillRing:0.11958861
StandaloneTextArea:0.047380265
jEdit:0.036997866
MutableListModel:0.030949242
