JEditBuffer:0.15419036
TokenMarker:0.035495773
Log:0.024852673
IntegerArray:0.0056895707
Debug:0.0019314088
