jEdit:0.08642518
Buffer:0.086122416
VFS:0.080740735
PluginJAR:0.07021429
JEditBuffer:0.068050735
PingPongList:0.062531635
EditPlugin:0.061582405
EditBus:0.060654014
IOUtilities:0.058383707
GUIUtilities:0.057388213
LogViewer:0.05553163
Abbrevs:0.054646377
EditServer:0.054536358
BufferHistory:0.054501776
JEditActionSet:0.05403986
MiscUtilities:0.053032935
ManagePanel:0.052174095
Macros:0.051633243
JEditKillRing:0.05153939
View:0.050918695
JEditRegisterSaver:0.050671883
PerspectiveManager:0.050322566
JEditHistoryModelSaver:0.05019188
XMLUtilities:0.049378157
PropertiesBean:0.049136333
PluginList:0.04747913
LineManager:0.046907086
VFSManager:0.04677791
ErrorsWidgetFactory:0.04588905
FileVFS:0.045702387
ActionSet:0.04518135
DisplayManager:0.043789852
BeanShell:0.04376501
BufferLoadRequest:0.04157622
TextArea:0.04084942
VFSBrowser:0.039799336
BufferAutosaveRequest:0.03935615
DockableWindowManagerImpl:0.03932213
BufferSet:0.038002543
MirrorList:0.03762278
VFSFile:0.03745
ModeProvider:0.036490995
ScreenLineManager:0.03491084
JARClassLoader:0.03481555
Roster:0.033959042
ServiceManager:0.033818044
Registers:0.03258741
Mode:0.03217648
MarkersSaveRequest:0.031483386
DockableWindowManager:0.031245634
SearchAndReplace:0.030988982
BufferSaveRequest:0.030966867
AbstractInputHandler:0.030103922
StandardUtilities:0.029808536
GrabKeyDialog:0.029604062
HelpIndex:0.029517956
KeyEventTranslator:0.029391095
InstallPanel:0.029360283
EditAction:0.029071994
BeanShellAction:0.028645212
AllBufferSet:0.028245488
WorkThreadPool:0.027990917
OptionsDialog:0.027720042
InputHandler:0.027405884
PluginManagerOptionPane:0.027096152
WorkThread:0.026956908
DockableWindowFactory:0.026763482
CopyFileWorker:0.02665188
TextAreaInputHandler:0.026538229
BeanShellFacade:0.026440876
UrlVFS:0.026219573
HelpViewer:0.02607364
AutoDetection:0.026006453
BrowserView:0.024068356
TextAreaTransferHandler:0.02352312
LocalFileSaveTask:0.023387844
BufferSetManager:0.023113962
StandaloneTextArea:0.022856405
EnhancedCheckBoxMenuItem:0.02273937
VFSDirectoryEntryTableModel:0.022517499
HyperSearchRequest:0.022411698
SyntaxUtilities:0.022364665
ErrorListDialog:0.022353223
TextAreaPainter:0.022340685
AboutDialog:0.021960892
ChunkCache:0.02167231
AppearanceOptionPane:0.020588325
BufferPrintable:0.020555915
OperatingSystem:0.020092152
ServiceListHandler:0.019574134
JEditBeanShellAction:0.019456236
FontSelectorDialog:0.0193012
Gutter:0.018799866
RangeMap:0.018621622
ThreadUtilities:0.018539485
CloseDialog:0.018182302
ListDirectoryBrowserTask:0.01801391
XModeHandler:0.01799397
BufferChanging:0.017935406
Anchor:0.017841676
SearchBar:0.017544417
RecentFilesProvider:0.017238282
MkDirBrowserTask:0.017209545
DirectoryListSet:0.01711217
BufferInsertRequest:0.016857045
JEditMode:0.01677631
ShortcutPrefixActiveEvent:0.016494937
XMLEncodingDetector:0.01616525
RenameBrowserTask:0.016128909
DeleteBrowserTask:0.015922708
Autosave:0.015892345
LastModifiedWidgetFactory:0.015840104
VFSDirectoryEntryTable:0.015455333
PluginListHandler:0.0154419085
KeyEventWorkaround:0.015436441
FirstLine:0.015415257
HelpTOCPanel:0.014973272
ToolBarEditDialog:0.014550311
ExtensionManager:0.014236649
UndoManager:0.014090934
PositionManager:0.013965637
HelpSearchPanel:0.012917428
ShortcutsOptionPane:0.012775623
VFSFileNameField:0.011649137
SplashScreen:0.011525808
ActionListHandler:0.011261823
BufferPrinter1_4:0.010911679
Task:0.010885985
JTrayIconManager:0.010753477
EBPlugin:0.010624838
TipOfTheDay:0.010541038
MirrorListHandler:0.010378009
ModeCatalogHandler:0.008314523
GeneralOptionPane:0.0081544295
TextAreaDropHandler:0.007913184
PluginsProvider:0.007909247
ScrollLineCount:0.0063822
ViewOptionPane:0.0057845926
