jEdit:0.18090218
BeanShell:0.17254862
ActionSet:0.1453849
JEditActionSet:0.14308123
View:0.14082931
Buffer:0.12980878
GUIUtilities:0.12083101
JEditTextArea:0.109831005
SearchAndReplace:0.10897585
EditAction:0.106981
InputHandler:0.101508684
MiscUtilities:0.08999359
JEditBuffer:0.0874649
EditBus:0.08466719
StatusBar:0.073930666
Log:0.07128676
BufferUpdate:0.053154264
ActionBar:0.04524234
StandardUtilities:0.044166293
SettingsReloader:0.040087946
JEditAbstractEditAction:0.037538033
MacrosProvider:0.03340818
DynamicMenuChanged:0.025230909
ShortcutsOptionPane:0.022913847
