MenuItemTextComparator:0.08447846
DynamicMenuProvider:0.051178407
Macros:0.04496805
jEdit:0.03123356
EnhancedMenuItem:0.030459907
