PluginJAR:0.23243478
jEdit:0.17853828
EditPlugin:0.12296312
Roster:0.116290785
MiscUtilities:0.10163938
VFS:0.0960807
GUIUtilities:0.09240521
VFSBrowser:0.090428144
JARClassLoader:0.08569607
VFSFileChooserDialog:0.07267337
VFSManager:0.06539506
PluginManager:0.05743257
HelpViewer:0.055683408
Log:0.04501415
FileVFS:0.041320603
PluginDetailPanel:0.041275837
EditBus:0.03583954
XMLUtilities:0.02807251
StandardUtilities:0.0271643
IOUtilities:0.019545034
KeyboardCommand:0.009268783
PropertiesChanged:0.0072077266
RolloverButton:0.0054800725
