MirrorList:0.17703143
XMLUtilities:0.0730847
PluginOptions:0.009511601
Log:0.007180246
