jEdit:0.061534926
AbstractOptionPane:0.038603503
