StatusWidgetFactory:0.044688452
View:0.030780165
JEditTextArea:0.022410052
TextArea:0.02002869
jEdit:0.011991058
Widget:0.011612026
ToolTipLabel:0.008782088
