KillRing:0.14286213
HistoryModel:0.1345027
PasteFromListDialog:0.06957308
