InstallPanel:0.107172966
PluginManagerProgress:0.096565686
ManagePanel:0.08872803
jEdit:0.06917501
ErrorListDialog:0.05645144
EditBus:0.05030333
PluginList:0.050056696
GUIUtilities:0.04863078
PluginUpdate:0.032606855
PluginOptions:0.024373816
ThreadUtilities:0.02202502
Task:0.014180994
PropertiesChanged:0.0116340155
GlobalOptions:0.004726083
