PluginJAR:0.1404532
JARClassLoader:0.13341467
Handler:0.10694497
MiscUtilities:0.10095396
jEdit:0.092375666
