Roster:0.10948563
PluginManager:0.08877143
ProgressObserver:0.08518981
InstallPanel:0.07284505
jEdit:0.059389338
