OptionGroup:0.23284274
OptionsDialog:0.16274154
EditPlugin:0.08928106
PluginManager:0.071041614
jEdit:0.04692027
AbstractOptionPane:0.04270887
MirrorListHandler:0.004190352
