jEdit:0.13488024
AbstractOptionPane:0.06686158
FontSelector:0.028831173
