WorkRequest:0.46667445
Task:0.42400974
PluginManagerProgress:0.2978933
VFS:0.17296377
IOUtilities:0.17072089
MirrorList:0.052705552
