GUIUtilities:0.107762754
MenuItemTextComparator:0.07495716
jEdit:0.048056442
View:0.044396188
DynamicMenuProvider:0.036252853
BufferHistory:0.028363718
MiscUtilities:0.02034798
StatusBar:0.015882378
StandardUtilities:0.01128678
Log:0.01117905
FileCellRenderer:0.009463875
