TextArea:0.06343667
StatusWidgetFactory:0.05412883
View:0.040420234
JEditTextArea:0.029008
Widget:0.014065052
jEdit:0.013568307
ToolTipLabel:0.00928376
