EncodingServer:0.033618644
EncodingDetector:0.02531793
