jEdit:0.19417901
GUIUtilities:0.11976751
MiscUtilities:0.11058024
Buffer:0.105955705
EncodingServer:0.10357356
JEditBuffer:0.10012867
View:0.08553167
DynamicMenuProvider:0.060184613
