JEditTransferableService:0.52727693
StandaloneTextArea:0.10562768
RichTextTransferable:0.08051621
TextArea:0.040265545
JEditBuffer:0.033819128
Mode:0.010344929
