Anchor:0.39279103
DisplayManager:0.17418084
BufferHandler:0.10169997
TextArea:0.06590386
JEditBuffer:0.009934029
Log:0.0023152835
Debug:0.0015134179
