View:0.08662251
TextArea:0.07783113
GUIUtilities:0.05752359
JEditBuffer:0.053324223
Selection:0.04688153
jEdit:0.043796178
JEditTextArea:0.037572693
Buffer:0.02296279
EnhancedDialog:0.011516423
