PerspectiveManager:0.02487424
MiscUtilities:0.02366263
