JEditBuffer:0.2328466
TextUtilities:0.22965786
Selection:0.10236839
SearchAndReplace:0.08119013
KeyEventTranslator:0.073152855
TokenMarker:0.06779458
StatusBar:0.06728278
TextArea:0.06540015
EditingOptionPane:0.060150944
BufferOptionPane:0.059971627
Macros:0.054805957
Mode:0.05253275
CompleteWord:0.049609132
Buffer:0.049353134
jEdit:0.048538193
View:0.04749705
VFS:0.039889406
SyntaxUtilities:0.038789332
PluginJAR:0.037959985
VFSManager:0.033962134
VFSFile:0.032197814
AbstractContextOptionPane:0.03149307
Log:0.030033069
ManagePanel:0.029569386
HelpTOCPanel:0.028540974
AllBufferSet:0.028144179
TextAreaInputHandler:0.027984787
InstallPanel:0.02767146
JEditActionContext:0.026818603
VFSDirectoryEntryTableModel:0.02679808
BufferSet:0.025513384
PluginList:0.022802182
InputHandler:0.022675835
CloseBracketIndentRule:0.022309706
TextAreaMouseHandler:0.022274321
PanelWindowContainer:0.02042513
BufferListSet:0.020275779
ServiceManager:0.019055001
IOUtilities:0.016363895
ActionBar:0.016321411
ToolBarOptionPane:0.015935179
AbbrevsOptionPane:0.0152439475
JEditHistoryModelSaver:0.015075525
SyntaxHiliteOptionPane:0.012566218
WindowTableModel:0.011670308
RecentFilesProvider:0.011536073
MenuItemTextComparator:0.010397126
IndentAction:0.010376412
DirectoryListSet:0.010335224
ShortcutsOptionPane:0.010200599
DirectoryProvider:0.008697807
GlobVFSFileFilter:0.007979583
FilePropertiesDialog:0.007362399
ToolBarEditDialog:0.0071915733
EncodingsOptionPane:0.005626739
