JEditActionSet:0.1049346
TextAreaPainter:0.10275089
TextArea:0.09722198
JEditBuffer:0.0953661
SyntaxUtilities:0.07666715
Mode:0.06908548
JEditBeanShellAction:0.06504712
Gutter:0.06068604
IPropertyManager:0.04665391
JEditEmbeddedTextArea:0.035183538
FoldHandler:0.03514432
JEditActionContext:0.033209316
RichJEditTextTransferableService:0.03063685
ParserRuleSet:0.029611867
ModeProvider:0.027601302
Chunk:0.027162362
KillRing:0.020744408
DefaultFoldHandlerProvider:0.019965572
AbstractInputHandler:0.01789075
StringTransferableService:0.017596124
FoldHandlerProvider:0.016726011
TextAreaMouseHandler:0.016690506
Log:0.015781926
TokenMarker:0.0157486
TransferHandler:0.0129229445
IOUtilities:0.010479115
SyntaxStyle:0.010352377
IndentFoldHandler:0.008140353
AntiAlias:0.008045005
DummyFoldHandler:0.0074129165
ExplicitFoldHandler:0.0072590243
