jEdit:0.10225364
GUIUtilities:0.094645016
AbstractOptionPane:0.075951286
ColorWellButton:0.034498975
ServiceManager:0.022580205
RolloverButton:0.014253782
EnhancedDialog:0.007824064
