SyntaxStyle:0.18916324
HtmlUtilities:0.14717112
GUIUtilities:0.1365458
StandaloneTextArea:0.10691559
jEdit:0.07613239
BufferPrintable:0.07606275
HyperSearchResults:0.07117291
EditPane:0.054371785
StandardUtilities:0.047822412
GutterOptionPane:0.031567488
Log:0.030414676
Token:0.017178806
IPropertyManager:0.014606008
