SyntaxUtilities:0.1996879
StyleEditor:0.18608302
TextAreaPainter:0.100240074
Chunk:0.09529504
SyntaxHiliteOptionPane:0.05703386
HtmlUtilities:0.056638975
BufferPrintable:0.047978878
GUIUtilities:0.033484664
StandaloneTextArea:0.031730074
DisplayTokenHandler:0.02686731
EditPane:0.025687251
HyperSearchResults:0.024339028
ErrorsWidgetFactory:0.022958403
SearchBar:0.012868104
