TaskListener:0.67528677
Task:0.13131177
VFSBrowser:0.045293823
