TaskListener:0.38756675
AbstractBrowserTask:0.23132256
TaskMonitorWidgetFactory:0.17057006
TaskMonitor:0.15888761
ThreadUtilities:0.046774287
Task:0.029180445
VFSBrowser:0.025931021
