TaskAdapter:0.65907514
AbstractBrowserTask:0.38095415
TaskMonitorWidgetFactory:0.32801527
TaskManager:0.31639817
TaskMonitor:0.23851626
Task:0.09360642
