JEditTextArea:0.21810095
SelectionManager:0.16921689
JEditBuffer:0.15988986
TextAreaMouseHandler:0.15690306
DisplayManager:0.15289666
ChunkCache:0.14160818
TextAreaPainter:0.13556047
TextUtilities:0.13178045
Gutter:0.13166077
EditPane:0.13070366
BufferHandler:0.11871031
Selection:0.1140113
Registers:0.096705936
Anchor:0.085459106
StructureMatcher:0.083536215
Buffer:0.081379846
CompleteWord:0.07749192
SearchAndReplace:0.07486259
jEdit:0.06817575
FirstLine:0.06643177
InputMethodSupport:0.06549241
View:0.064535476
ExtensionManager:0.056984287
Abbrevs:0.05691599
HyperSearchRequest:0.056887288
ScrollLineCount:0.055616096
StandaloneTextArea:0.05458672
SelectionLengthWidgetFactory:0.051348552
HyperSearchResult:0.05006707
FoldPainter:0.045680095
MouseHandler:0.044623036
StandardUtilities:0.04382848
StatusBar:0.043240353
BeanShell:0.0419973
ElasticTabStopBufferListener:0.041775107
JEditActionSet:0.04168932
TextAreaTransferHandler:0.04162059
ColumnBlock:0.038195226
Chunk:0.037919443
SelectLineRange:0.03760573
StatusListener:0.032881726
Log:0.031347588
TextAreaInputHandler:0.030308455
DefaultTokenHandler:0.029414782
TriangleFoldPainter:0.029337429
CompletionPopup:0.02894001
MarkerViewer:0.027670655
SearchBar:0.027379662
AbstractInputHandler:0.027354062
StyleEditor:0.027100623
SearchDialog:0.026917022
TextAreaDropHandler:0.026449602
PasteFromListDialog:0.026076546
BufferPrintable:0.025117375
MarkersProvider:0.0249601
Token:0.023643145
Debug:0.021320121
InputHandler:0.021039346
JEditActionContext:0.020086104
BeanShellFacade:0.02003104
ElasticTabstopsTabExpander:0.019839847
JEditBeanShellAction:0.016360706
RegisterViewer:0.015491073
MultiSelectWidgetFactory:0.014895488
ThreadUtilities:0.013568765
RectSelectWidgetFactory:0.012762378
StringTransferableService:0.012107685
PositionChanging:0.012076791
BufferInsertRequest:0.010517983
PasteSpecialDialog:0.008736668
RichJEditTextTransferableService:0.008448568
JEditEmbeddedTextArea:0.0076659354
OverwriteWidgetFactory:0.006357056
JEditTransferableService:0.006271628
ScrollListener:0.006265246
TextAreaBorder:0.004125578
TransferHandler:0.0032339266
IPropertyManager:0.0017041827
ScrollLayout:0.0016971753
MouseActions:8.925083E-4
TextAreaException:8.617925E-4
DefaultInputHandlerProvider:4.1981557E-4
InputHandlerProvider:3.9438633E-4
