Gutter:0.25050452
ExtensionManager:0.18484496
StructureMatcher:0.15265276
EditPane:0.14384913
TextAreaExtension:0.14003718
ChunkCache:0.10819198
InputMethodSupport:0.10759493
TextArea:0.10716044
SelectionManager:0.086758874
StandaloneTextArea:0.07831722
DisplayManager:0.076027036
Chunk:0.07091247
TextAreaMouseHandler:0.06488134
MouseHandler:0.0593021
JEditBuffer:0.05646247
JEditTextArea:0.052896827
ElasticTabstopsTabExpander:0.051961567
TextAreaDropHandler:0.047245093
Selection:0.028431095
CompletionPopup:0.027941672
AntiAlias:0.026542235
CompleteWord:0.023259055
SyntaxStyle:0.02118548
IndentFoldHandler:0.015357112
DefaultTokenHandler:0.012096303
Log:0.0114027625
Token:0.009856362
Debug:0.007240535
