BeanShellErrorDialog:0.12646002
GUIUtilities:0.08402648
SearchAndReplace:0.07075874
jEdit:0.053876385
EnhancedDialog:0.02531348
MiscUtilities:0.019506276
