SearchMatcher:0.1385365
CompleteWord:0.12427054
TextAreaMouseHandler:0.12051245
TextArea:0.11249481
JEditBuffer:0.10586885
StandardUtilities:0.103455395
TokenMarker:0.09564285
Abbrevs:0.08186901
SearchAndReplace:0.07292761
DeepIndentRule:0.048411235
JEditTextArea:0.04057189
Mode:0.029488137
DefaultTokenHandler:0.024251433
CloseBracketIndentRule:0.018878004
Token:0.013248386
BufferLoadRequest:0.012293983
StructureMatcher:0.010792265
BrowserView:0.0066547603
OpenBracketIndentRule:0.006040519
ErrorListDialog:0.0047402387
