DefaultTokenHandler:0.8635373
DummyTokenHandler:0.84580594
TokenMarker:0.43254876
JEditBuffer:0.25479054
DisplayTokenHandler:0.24092096
BracketIndentRule:0.22418003
RegexpIndentRule:0.22298314
DeepIndentRule:0.1666846
Token:0.13085909
