FoldWidgetFactory:0.06726061
ModeWidgetFactory:0.06726061
EncodingWidgetFactory:0.0672606
OverwriteWidgetFactory:0.063779026
MultiSelectWidgetFactory:0.063598566
WrapWidgetFactory:0.063598566
RectSelectWidgetFactory:0.055490844
LineSepWidgetFactory:0.05466773
BufferSetWidgetFactory:0.04582349
StatusBar:0.042311087
