JEditTransferableService:0.20526786
JEditTransferable:0.16381267
Registers:0.0807472
StandaloneTextArea:0.023186827
jEdit:0.02053446
TextArea:0.014620834
