jEdit:0.09203669
AbstractOptionPane:0.041504685
BufferSet:0.033596408
GUIUtilities:0.03167587
Log:0.012695315
