StatusWidgetFactory:0.08808726
Buffer:0.06586381
jEdit:0.05152054
View:0.036518525
JEditBuffer:0.029751966
Widget:0.023175526
ToolTipLabel:0.01522403
