ParserRuleSet:0.09731194
TokenMarker:0.09098628
ParserRule:0.0761394
Mode:0.027048437
ModeProvider:0.02214561
Token:0.016470537
jEdit:0.0100537315
KeywordMap:0.0066897934
XMLUtilities:0.006201725
Log:0.0038269865
