CarrierWithSectionsTest:0.6792222222222224
SaveMyReportColumnAction:0.4755555555555555
