WindowManager:0.5566666666666666
Open:0.31333333333333335
ViewManager:0.26666666666666666
PointInTime:0.25333333333333335
ContextMenu:0.21666666666666667
EditView:0.20666666666666667
GedcomTracker:0.19305555555555554
ControlCenter:0.17333333333333334
ActionHelp:0.16333333333333333
EditViewPlugin:0.14333333333333334
TrackerPlugin:0.12666666666666668
Startup:0.12666666666666668
BeanFactory:0.10666666666666667
DefaultWindowManager:0.09333333333333334
ReportViewPlugin:0.07666666666666666
TreeViewPlugin:0.07333333333333333
ViewPlugin:0.058333333333333334
WindowClosingEvent:0.04
Log:0.0
