MapPanel:0.33666666666666667
MapLink:0.3333333333333333
MapElement:0.32
Point:0.2633333333333333
