ProblemSeveritiesConfigurationBlock:0.44333333333333336
OptionsConfigurationBlock:0.39
RubyLintVisitor:0.27666666666666667
CompilerOptions:0.24333333333333335
RubyCorePreferenceInitializer:0.17
