Config:0.5533333333333333
Style:0.5133333333333333
