StatsUtils:0.4766666666666667
ParameterAveragingTrainingWorkerStats:0.27
CommonSparkTrainingStats:0.26666666666666666
ParameterAveragingTrainingMasterStats:0.22666666666666666
