DefinitionModule:0.645
AbstractFolderCoreProcessor:0.6133333333333333
FileUploadItem:0.3416666666666667
DefinitionModuleImpl:0.3233333333333333
