WebSocketClient:0.6433333333333333
ChatServer:0.3466666666666667
ChatClient:0.29
Frame:0.28
