Response:0.6333333333333333
ConnectionStub:0.31
OAuthRequest:0.19333333333333333
OAuth1AccessTokenExtractorTest:0.17333333333333334
OAuth2AccessTokenExtractorTest:0.16333333333333333
OAuth2AccessTokenJsonExtractorTest:0.15333333333333332
OAuthAsyncCompletionHandler:0.12
