Default:0.9161111111111112
InitService:0.36666666666666664
SoloServletListener:0.21333333333333335
PreferenceMgmtService:0.20111111111111113
UpgradeService:0.17222222222222225
RepairProcessor:0.17
PreferenceMgmtServiceTestCase:0.15333333333333332
PreferenceQueryServiceTestCase:0.15
