FolderForm:0.58
PatientUpdateCtrl:0.22
SeriesUpdateCtrl:0.22
StudyUpdateCtrl:0.21
SeriesEditCtrl:0.16333333333333333
StudyEditCtrl:0.15666666666666668
PatientMergeCtrl:0.14
KeyObjectViewCtrl:0.14
ExpandInstanceCtrl:0.14
ExpandSeriesCtrl:0.11
CollapseSeriesCtrl:0.11
ExpandStudyCtrl:0.10666666666666667
PatientEditCtrl:0.10666666666666667
CollapseStudyCtrl:0.10666666666666667
CollapsePatientCtrl:0.09
ExpandPatientCtrl:0.09
FolderCtrl:0.09
