MessageAddressingProperties:0.5633333333333334
WsAddressingVersion:0.45
AbstractWsAddressingVersion:0.42333333333333334
AbstractWsAddressingInterceptor:0.3
AbstractWsAddressingMapping:0.24333333333333335
AbstractWsAddressingTestCase:0.15666666666666668
AbstractMessageIdProviderTestCase:0.12333333333333334
AbstractVersionBasedWsAddressingInterceptor:0.09333333333333334
WsAddressing200508Interceptor:0.07377777777777778
WsAddressing200408Interceptor:0.07377777777777778
AbstractWsAddressingInterceptorTestCase:0.07
WsAddressing200508InterceptorTest:0.0
WsAddressing200408InterceptorTest:0.0
