Field:0.9033333333333333
AbstractField:0.2966666666666667
BetweenCondition:0.29333333333333333
jOOQAbstractTest:0.2833333333333333
jOOQTest:0.22666666666666666
PredicateTests:0.17
