ChangeLog:0.642
TrashHelper:0.39
AbstractFolderModule:0.29333333333333333
BinderModuleImpl:0.29333333333333333
TrashCheckACLs:0.29
TrashRestore:0.24333333333333335
TrashPreDelete:0.24333333333333335
