Property:0.8433333333333334
ModelConverters:0.32
Reader:0.31
AbstractProperty:0.24666666666666667
