SerializeWriter:0.7
JSONSerializer:0.4266666666666667
ASMSerializerFactory:0.29
FastjsonManualCodec:0.2633333333333333
ImageSerializer:0.15
MediaSerializer:0.09
MediaContentSerializer:0.02
