BufferingTranslogWriter:0.42
TranslogTests:0.38666666666666666
TranslogThread:0.3244444444444445
