RubyUI:0.4666666666666667
TypeHierarchyViewPart:0.43
RubyOutlinePage:0.28
RubyFileMatcher:0.23666666666666666
IRubyConstants:0.011111111111111112
