QuorumBreakpoint:0.7033333333333334
QuorumBreakpointAnnotation:0.2866666666666667
QuorumBreakpointModel:0.11333333333333333
