DefaultActionInvocation:0.5355555555555556
InterceptorMapping:0.44
DefaultActionInvocationTest:0.38
DefaultInterceptorFactory:0.14666666666666667
InterceptorBuilder:0.13
