FileModule:0.7533333333333333
FileModuleImpl:0.42
AbstractBinderProcessor:0.32
RepositoryServiceUtil:0.29333333333333333
ViewFileController:0.1
