GeoLocation:0.8
GeoView:0.37666666666666665
GeoModel:0.35
SelectionLayer:0.29388888888888887
GeoList:0.18
