SimpleRouteMatcher:0.6635555555555557
Request:0.6333333333333333
MatcherFilter:0.38666666666666666
JettyLogger:0.205
RouteMatcherFactory:0.07666666666666666
