DataEnvironment:0.7966666666666666
ReturnStep:0.2866666666666667
CreateObjectStep:0.19666666666666666
ObjectInitPopStep:0.14333333333333334
CreateMainObjectStep:0.13
