SSLHandler:0.36333333333333334
SocketClient:0.3566666666666667
DefaultSSLAsyncConnection:0.27666666666666667
ResponseHeaderCallback:0.14
NIOListener:0.13444444444444442
BasicCompletionHandler:0.07666666666666666
MongoSocketWriteException:0.07
MongoSocketOpenException:0.05
