ExpirationManager:0.39666666666666667
ExpirationTimeSetter:0.28
AbstractEvictableRecordStore:0.27
ExecutionServiceImpl:0.23666666666666666
ClearExpiredRecordsTask:0.22333333333333333
ClearExpiredOperation:0.15071428571428572
ExpirationManagerTest:0.13
