EvaluationCalibration:0.5666666666666667
ReliabilityDiagram:0.3433333333333333
EvaluationTools:0.32666666666666666
EvaluationToolsTests:0.04666666666666667
