RubyParserStack:0.7766666666666666
TC_RubyParserStack:0.31666666666666665
