SignificantTermsAggregatorFactory:0.43333333333333335
SignificantTermsBuilder:0.27
SignificantTermsParser:0.20333333333333334
SignificantLongTermsAggregator:0.14
WithHash:0.12666666666666668
SignificantStringTermsAggregator:0.11666666666666667
GlobalOrdinalsSignificantTermsAggregator:0.11666666666666667
WithOrdinals:0.09333333333333334
