WebUrlUtil:0.54
GwtShareHelper:0.4
GwtRpcServiceImpl:0.36333333333333334
ReadFileController:0.19777777777777777
