Magnifier:0.48
MagnifierDialog:0.43666666666666665
TestClass:0.24
ZoomInterface:0.15777777777777777
Main:0.09833333333333333
