IOSInput:0.45
IOSGraphics:0.37333333333333335
IOSApplication:0.26666666666666666
TouchEvent:0.11055555555555555
