App:0.8416666666666667
WireTapRoute:0.4583333333333333
