FileSelectorPresenter:0.6566666666666666
FileLoader:0.5136111111111111
