DefaultCollectionAgent:0.8033333333333333
CollectableService:0.22666666666666666
SnmpCollectorTest:0.22333333333333333
MockTransactionTemplate:0.221
SnmpCollectorTestCase:0.2
BasePersisterTest:0.19333333333333333
PersistOperationBuilderTest:0.16666666666666666
HttpCollectorTest:0.13
MockPlatformTransactionManager:0.12131746031746031
