Cached:0.35
FieldCacheEntry:0.2966666666666667
FieldConstant:0.25333333333333335
ParameterIndexToken:0.18333333333333332
