Utils:0.7933333333333333
Sha256Hash:0.347
Script:0.32
MnemonicCode:0.2672222222222222
KeyChainGroupTest:0.23333333333333334
ChannelConnectionTest:0.20333333333333334
BIP38PrivateKey:0.15333333333333332
HttpDiscovery:0.11333333333333333
