EntPhysicalSynchronizer:0.5866666666666667
SyncUtil:0.5616666666666666
