MockExternalContext:0.63
MockRequestContext:0.49
FormActionTests:0.27666666666666667
FlowExecutionParameterExtractorTests:0.20666666666666667
StateTests:0.19333333333333333
FlowExecutionImplTests:0.12333333333333334
AttributeMapperActionTests:0.11333333333333333
