JmolEditor:0.5733333333333334
JmolPanel:0.5316666666666666
JmolContentOutlinePage:0.3566666666666667
