JCacheDetector:0.5566666666666666
ClientEngineImpl:0.3468888888888889
JCacheDetectorTest:0.23666666666666666
PostJoinCacheOperation:0.21
ServiceManagerImpl:0.19833333333333333
ProxyManager:0.19666666666666666
ClientInvocationServiceSupport:0.18666666666666668
