TestCommandLineUtilities:0.7766666666666666
PolicyFinderModule:0.36333333333333334
