MediaGridFragment:0.6308333333333334
MainActivity:0.44333333333333336
GlideImageLoader:0.18666666666666668
OnCheckBoxCheckListener:0.14333333333333334
