AmazonEC2Mock:0.6133333333333333
AbstractS3SnapshotRestoreTest:0.26
AwsS3Service:0.24416666666666667
S3RepositoryPlugin:0.21
AmazonS3Wrapper:0.17
InternalAwsS3Service:0.16333333333333333
S3Repository:0.16333333333333333
Repositories:0.10666666666666667
Repository:0.10666666666666667
TestAwsS3Service:0.09194444444444444
