OpenIdService:0.4766666666666667
SmartOpenIdController:0.37
OpenIdSingleSignOnActionTests:0.36666666666666664
OpenIdSingleSignOnAction:0.19777777777777777
AbstractNonInteractiveCredentialsAction:0.19
