Spinner:0.42333333333333334
ThemeUtil:0.4033333333333333
Dialog:0.3933333333333333
RecurringPickerDialog:0.17666666666666667
