Ssh:0.38333333333333336
Poll:0.3433333333333333
SshMonitor:0.13666666666666666
SafeHtmlUtil:0.10666666666666667
XssRequestWrapper:0.09333333333333334
