FetchContext:0.5766666666666667
FetchProjector:0.26
CrossJoinIntegrationTest:0.18666666666666668
Fetches:0.16
FetchContextTest:0.15
