GroupProperty:0.7016825396825397
ConfigCheck:0.6533333333333333
