MultibinderTest:0.49
ConstantProvider:0.44666666666666666
Providers:0.37333333333333335
ProvidersTest:0.10666666666666667
