MockExternalContext:0.5233333333333333
AbstractFlowExecutionTests:0.36666666666666664
SearchFlowExecutionTests:0.31
ViewRenderingException:0.2883412698412698
ViewState:0.2733333333333333
MockView:0.21
