JPPFContext:0.49666666666666665
ContextAwareness:0.40199999999999997
AbstractNodeContext:0.37
ChannelWrapper:0.27666666666666667
TaskQueueChecker:0.19666666666666666
LoadBalancer:0.19583333333333333
RLBundler:0.18
ProportionalBundler:0.16666666666666666
AutoTunedBundler:0.14666666666666667
WaitInitialBundleState:0.13666666666666666
NodeThreadsLoadBalancer:0.12
JPPFContextDriver:0.09333333333333334
JPPFContextClient:0.01
