Fam:0.4266666666666667
Entity:0.41333333333333333
ReportSummaryOfRecords:0.26666666666666666
EnvironmentChecker:0.23333333333333334
