NumberFieldMapper:0.6077777777777778
DateFieldType:0.39
IpFieldType:0.31666666666666665
