EditEndEntityApprovalRequest:0.4866666666666667
AddEndEntityApprovalRequest:0.45666666666666667
ApprovalDataVOView:0.33
RaMasterApiSessionBean:0.3
