CSharpTarget:0.19333333333333333
Python3Target:0.15333333333333332
JavaScriptTarget:0.15333333333333332
CppTarget:0.15333333333333332
SwiftTarget:0.15333333333333332
GoTarget:0.14333333333333334
Python2Target:0.13666666666666666
