ResultHandler:0.53
BarcodesCaptureActivity:0.515
NetworkThread:0.4166666666666667
QRCodeEncoder:0.19083333333333333
