AtmosphereResourceEvent:0.57
AtmosphereResourceEventListener:0.5066666666666667
AtmosphereResourceEventImpl:0.37
AtmosphereResourceImpl:0.36333333333333334
DefaultBroadcaster:0.34
AsynchronousProcessor:0.2
EventsLogger:0.15666666666666668
PushPage:0.15666666666666668
WebSocketProcessor:0.11333333333333333
Meteor1:0.08
