ActivityController:0.4066666666666667
FragmentController:0.4033333333333333
Robolectric:0.32666666666666666
IntentServiceController:0.30666666666666664
ServiceController:0.22333333333333333
BackupAgentController:0.21666666666666667
ComponentController:0.20666666666666667
