GdxFont:0.44666666666666666
BitmapFontCache:0.33
BitmapFont:0.31333333333333335
GdxFontCache:0.24777777777777782
