Pointtransfer:0.665
Notification:0.665
NotificationQueryService:0.2733333333333333
AdminProcessor:0.26666666666666666
UserProcessor:0.23
NotificationMgmtService:0.20333333333333334
PointtransferQueryService:0.16666666666666666
