LocalMapStats:0.6483333333333333
ClientMapProxy:0.4866666666666667
MapProxySupport:0.42
ClientIssueTest:0.31333333333333335
StaticMemberListener:0.28650000000000003
ClientNearCache:0.26
CacheRecord:0.24
NearCache:0.2
NearCacheTest:0.07333333333333333
MapExecutionCallbackAdapter:0.0
