IndexNameExpressionResolverTests:0.6233333333333333
WildcardExpressionResolver:0.5766666666666667
WildcardExpressionResolverTests:0.33
