ExecutionException:0.4816666666666667
ResourceInstantiationException:0.4816666666666667
