QueryBuilders:0.46
Store:0.46
MetadataSnapshot:0.36666666666666664
PreBuiltAnalyzerTests:0.2633333333333333
NGramTokenizerFactoryTests:0.22333333333333333
NGramTokenizerFactory:0.2061111111111111
