DefaultReports:0.6797222222222223
LoginView:0.41833333333333333
