ParameterAveragingTrainingMaster:0.6733333333333333
SparkDl4jMultiLayer:0.44333333333333336
Builder:0.2633333333333333
TestSparkMultiLayerParameterAveraging:0.09666666666666666
