RequestSpecification:0.7166666666666667
JSONGetITest:0.30333333333333334
ResponseITest:0.3
Cookies:0.29333333333333333
Headers:0.2622222222222222
SpecificationBuilderITest:0.23666666666666666
CookieITest:0.22333333333333333
