Thumbnail:0.6233333333333333
ThumbnailWidget:0.38666666666666666
