HighlighterSearchIT:0.5316666666666666
CustomUnifiedHighlighterTests:0.2966666666666667
CustomUnifiedHighlighter:0.26666666666666666
