Lang:0.7466666666666667
Record:0.27
Invoking:0.1577777777777778
Utils:0.14
Disks:0.13666666666666666
