ViewUtil:0.5933333333333334
Spinner:0.34
Button:0.27
CircleCheckedTextView:0.21
CheckedTextView:0.21
InternalAutoCompleteTextView:0.19
InternalMultiAutoCompleteTextView:0.19
CompoundButton:0.19
InternalEditText:0.19
TextView:0.12666666666666668
LabelView:0.12333333333333334
