InterestRate:0.4533333333333333
DatesTest:0.2833333333333333
ISMA:0.22666666666666666
SingleCase:0.21666666666666667
DayCountersTest:0.15
