FormatterFactory:0.7655555555555557
TextToLabeledEnum:0.3333333333333333
DefaultConversionService:0.28
LabeledEnumFormatter:0.24444444444444446
SimpleFormatterFactory:0.20333333333333334
DefaultConversionServiceTests:0.18
TextToNumber:0.14333333333333334
AbstractFormatterFactory:0.13
AbstractFormattingConverter:0.12333333333333334
ThreadLocalFormatterFactory:0.11
