Options:0.7766666666666666
Map2SVG:0.5633333333333334
PreviewMapReplacer:0.14644444444444446
