Server:0.5866666666666667
ReplicationServer:0.4111111111111111
StoreServlet:0.3466666666666667
