Ldap:0.7266666666666667
LdapUtils:0.4766666666666667
LdapPasswordChangeService:0.22333333333333333
