DataManager:0.5133333333333333
GeonetContext:0.26166666666666666
AccessManager:0.24333333333333335
Geonetwork:0.21
Setup:0.20583333333333334
GNDestin:0.2
Config:0.06666666666666668
Path:0.03
Params:0.0
