FXNode:0.42333333333333334
FXEdge:0.3933333333333333
FXGraph:0.26
FXGraphModel:0.23
JXGraphApplication1:0.23
