App1Test:0.34
App1Resource:0.2931666666666667
App1:0.27666666666666667
