AdviceTest:0.5066666666666667
ForOrigin:0.32087301587301587
ForJava9CapableVm:0.28777777777777774
WithCustomMapping:0.25388888888888883
OfAnnotationProperty:0.24333333333333335
OfDefaultValue:0.20333333333333334
Factory:0.2
AttachmentTypeEvaluator:0.12
