CustomAnnotationParameterResolver:0.5333333333333333
MethodParameterResolver:0.37666666666666665
CustomTypeParameterResolver:0.31
