SynthPolylineUI:0.38666666666666666
SynthPolarLineUI:0.38333333333333336
SynthLineUI:0.38333333333333336
