ComponentTester:0.5433333333333333
JListTester:0.33666666666666667
ComponentRecorderTest:0.2225
JTreeTester:0.21
JTreeRecorderTest:0.19777777777777777
JTableRecorderTest:0.19777777777777777
ComponentTesterTest:0.19605555555555554
JTableTester:0.14333333333333334
