Publication:0.6166666666666667
DriverConductor:0.51
PublicationTest:0.34
BasicPublisher:0.11666666666666667
