List:0.5633333333333334
SelectBox:0.4866666666666667
UITest:0.15333333333333332
