MetaProperty:0.6366666666666667
Grammar:0.56
Parser:0.17333333333333334
