BlogCalendar:0.6877777777777778
VelocityHelper:0.4522222222222223
