FlowArtifactFactory:0.6366666666666667
AbstractFlowBuilder:0.30333333333333334
AnnotatedAction:0.30133333333333334
LocalFlowArtifactFactory:0.27166666666666667
XmlFlowBuilder:0.25
FlowRegistryFlowArtifactFactory:0.22666666666666666
FlowArtifactFactoryAdapter:0.19777777777777777
TestFlowArtifactFactory:0.043333333333333335
