MnistFetcher:0.44333333333333336
KerasLayerTest:0.37333333333333335
DataSetIteratorTest:0.26116666666666666
