JsonSchemaValidator:0.64
JsonSchemaValidationITest:0.36666666666666664
JsonSchemaValidatorTest:0.17
JsonSchemaValidatorFactory:0.08666666666666667
