IDbDialect:0.8266666666666667
AbstractDbDialect:0.31
TriggerRouterService:0.2911111111111111
TriggerRouterServiceTest:0.24666666666666667
DerbyDbDialect:0.24
SqlTemplate:0.21666666666666667
DerbyFunctions:0.19444444444444445
DataExtractorTest:0.13666666666666666
OracleDbDialect:0.13666666666666666
