GoogleAuthLibraryCallCredentials:0.735
MetadataApplierImpl:0.3433333333333333
GoogleAuthLibraryCallCredentialsTests:0.06333333333333334
