TiledMapTile:0.7866666666666666
AnimatedTiledMapTile:0.3333333333333333
TmxMapLoader:0.25333333333333335
AtlasTmxMapLoader:0.21
OrthoCachedTiledMapRenderer:0.18333333333333332
StaticTiledMapTile:0.14666666666666667
OrthogonalTiledMapRenderer:0.14
IsometricStaggeredTiledMapRenderer:0.14
IsometricTiledMapRenderer:0.14
HexagonalTiledMapRenderer:0.13333333333333333
