MapEntryOperations:0.3233333333333333
MapAbsentEntryOperations:0.29333333333333333
InterProcessLock:0.22333333333333333
MapAbsentEntry:0.12222222222222222
HashEntry:0.051666666666666666
MapEntry:0.051666666666666666
