HttpOutgoingTransport:0.33666666666666667
AlertServlet:0.26
WebConstants:0.2595
PullServlet:0.23
HttpIncomingTransport:0.22666666666666666
PushServlet:0.15666666666666668
