TiledMap:0.5666666666666667
TmxMapLoader:0.40222222222222226
TideMapLoader:0.33666666666666667
