DrawableSeqFeature:0.67
DrawableFeatureSet:0.3466666666666667
FeatureTierManager:0.31
StrandedZoomableApolloPanel:0.30666666666666664
FlexibleFeatureTierManager:0.25666666666666665
BlastParser:0.25
FeatureView:0.21333333333333335
AnalysisPanel:0.21
ResultView:0.21
LoadUtil:0.20333333333333334
DrawableResultFeatureSet:0.16666666666666666
CollapsedFeatureTierManager:0.15666666666666668
