Parameters:0.5666666666666667
SimpleQuery:0.5366666666666666
AuditProperty:0.39666666666666667
