SampleData:0.8516666666666667
GeneSequenceLinkingTable:0.4533333333333333
GeneSequenceLinkingTableTest:0.043333333333333335
