OperationRouting:0.5633888888888889
ClusterStateCreationUtils:0.5333333333333333
OperationRoutingTests:0.2866666666666667
