WhitelistYubiKeyAccountRegistry:0.5533333333333333
JsonYubiKeyAccountRegistry:0.4033333333333333
YubiKeyAuthenticationEventExecutionPlanConfiguration:0.36333333333333334
YubiKeyMultifactorTrustConfiguration:0.21666666666666667
JsonYubiKeyAccountRegistryTests:0.17666666666666667
