ShapeBuilder:0.7966666666666666
ElasticsearchGeoAssertions:0.6238095238095238
GeoJSONShapeParserTests:0.37333333333333335
