CollectionService:0.5133333333333333
CollectionContainer:0.32
TransactionalMultiMapProxySupport:0.3
CollectionWrapper:0.24
CollectionRecord:0.23
PutOperation:0.22111111111111115
MultiMapTransactionLog:0.12333333333333334
TransactionContextImpl:0.11
TransactionalMultiMapProxy:0.08777777777777779
TransactionalTaskContext:0.013333333333333334
