ClusteredServiceAgent:0.44333333333333336
ClusteredService:0.4380119047619048
BoundedLogAdapter:0.264
LogAppender:0.2633333333333333
ClusterSession:0.23
StubClusteredService:0.21661111111111112
SessionProxy:0.16333333333333333
AuthenticationTest:0.13916666666666666
DefaultAuthenticatorSupplier:0.08
