ClusterServiceImpl:0.73
AbstractJoiner:0.315
HazelcastClientCacheManager:0.26666666666666666
FinalizeJoinOperation:0.21666666666666667
HazelcastServerCacheManager:0.17833333333333334
