Wallet:0.5066666666666667
DeterministicKey:0.3394444444444445
DeterministicKeyChain:0.22666666666666666
DeterministicKeyChainTest:0.22333333333333333
WalletTool:0.19
KeyChainGroup:0.17333333333333334
WalletTest:0.11
