JCell:0.6766666666666666
GraphJVertex:0.44666666666666666
AspectJVertex:0.3933333333333333
JEdge:0.38333333333333336
JModel:0.37
JVertex:0.36333333333333334
TypeLabel:0.33666666666666667
Converter:0.32166666666666666
Aspect:0.31
AspectNode:0.29
GraphJEdge:0.25666666666666665
GraphJModel:0.23916666666666667
MyRenderer:0.23
AspectJEdge:0.22333333333333333
GraphToTikz:0.21666666666666667
StateJVertex:0.21333333333333335
LabelTree:0.20333333333333334
Values:0.20305555555555557
JVertexView:0.19666666666666666
AspectJModel:0.19
MyGraphUI:0.10333333333333333
