IReactionSet:0.7166666666666667
ReactionSet:0.66
ReactionSetManipulator:0.32666666666666666
AtomContainerSetManipulator:0.31
