TestDateTimeFunctions:0.4166666666666667
SqlTime:0.30333333333333334
SqlTimestamp:0.2966666666666667
SqlDate:0.28277777777777774
SqlTimeWithTimeZone:0.24555555555555553
SqlTimestampWithTimeZone:0.19777777777777777
FunctionAssertions:0.13
