NutConfig:0.7013333333333334
NutLoading:0.5466666666666666
UrlMapping:0.45876587301587307
ActionInfo:0.38333333333333336
NutActionChainMaker:0.22199999999999998
ModuleProcessor:0.17666666666666667
UrlMappingImpl:0.16666666666666666
AbstractNutConfig:0.12666666666666668
