CdkJmolAdapter:0.7416666666666667
JmolView:0.4483333333333333
