Caffeine:0.545
AsyncRemovalListener:0.4013333333333334
LoadingCacheTest:0.38333333333333336
AsyncLoadingCacheTest:0.31666666666666665
CacheGenerator:0.22333333333333333
