Engine:0.8066666666666666
LayerSet:0.4666666666666667
GLGraphics2D:0.41
ServerEngine:0.40166666666666667
ConcreteLayer:0.34
ServerDisplay:0.3233333333333333
ServerWindow:0.31
AbstractClientEngine:0.27666666666666667
ClipArea:0.27
G2DGLImageDrawer:0.27
SuperLayerPainter:0.24666666666666667
PropertyOverride:0.2397222222222222
MyMouseAdapter:0.22083333333333333
LayerTreeEditor:0.21666666666666667
SynthArcCircleUI:0.21666666666666667
EditBoxTextRenderer:0.21333333333333335
AbstractUnsizedContainer:0.21333333333333335
UnsizedPanel:0.2
CockpitConfigurationHandler:0.19333333333333333
EmbeddedWindowsManager:0.19333333333333333
ColoredString:0.18333333333333332
ClientConfigurationParser:0.16666666666666666
ClientCockpitConfigurationHandler:0.16666666666666666
AbstractServerCockpitConfigurationHandler:0.15333333333333332
MyJWindow:0.08
AbstractCockpitConfigurationHandler:0.07361111111111111
OrderedRunner:0.03
KeyboardDispatcher:0.01
MyFrame:0.0025
MyFocusTraversalPolicy:0.0
GenericTextureCache:0.0
