PercolatorService:0.5483333333333333
PercolateDocumentParserTests:0.5166666666666667
PercolateDocumentParser:0.36
