NamedRunnable:0.4266666666666667
SpdyConnection:0.35
Util:0.3333333333333333
Reader:0.2733333333333333
