OutputLayer:0.49333333333333335
InMemoryLookupCache:0.4066666666666667
BaseMultiLayerNetwork:0.3933333333333333
Word2Vec:0.29
Builder:0.27444444444444444
MnistDataFetcher:0.2544444444444445
DBNExample:0.14666666666666667
DBNTest:0.11666666666666667
