MongoCredential:0.6233333333333333
ConnectionString:0.36333333333333334
PipelinedConnectionInitializer:0.31333333333333335
