SimpleIndexQueryParserTests:0.54
ExtendedCommonTermsQuery:0.3566666666666667
SimpleQueryTests:0.25333333333333335
CommonTermsQueryParser:0.17444444444444443
CommonTermsQueryBuilder:0.03777777777777778
MatchQueryParser:0.026388888888888885
