FakeHttpLayer:0.79
ShadowDefaultRequestDirector:0.32666666666666666
DefaultRequestDirectorTest:0.3233333333333333
