BackTrackLineSearch:0.6866666666666666
LBFGS:0.43333333333333335
BackTrackLineSearchTest:0.3466666666666667
