AbstractTestQueries:0.545
Rewriter:0.4944444444444444
GroupIdNode:0.30333333333333334
