Tokenizer:0.44
ExampleImapCrawler:0.38666666666666666
ImapCrawler:0.29333333333333333
VocabularyWriter:0.2541666666666667
ArrayMap:0.2316111111111111
CrawlerWizard:0.22333333333333333
SimpleSAXDefaultHandler:0.22166666666666668
MimeExtractor:0.21666666666666667
ContentExtractor:0.20516666666666666
MetadataModel:0.19666666666666666
UriUtil:0.16666666666666666
XmlTextExtractor:0.16166666666666665
OpenXmlExtractor:0.15333333333333332
StringExtractor:0.15
StringUtil:0.13833333333333334
AddressbookCrawler:0.13666666666666666
HttpClientUtil:0.13
EntityResolver:0.11333333333333333
UrlUtil:0.08666666666666667
ExcelEventListener:0.016666666666666666
