RedissonReference:0.4066666666666667
AccessorInterceptor:0.34
RedissonObjectFactory:0.2966666666666667
RedissonLiveObjectServiceTest:0.11666666666666667
TestClassNoTransformation:0.09333333333333334
