DBCollectionTest:0.6966666666666667
NewMongoCollectionImpl:0.44333333333333336
Run:0.39666666666666667
BulkWriteModel:0.23333333333333334
