Activator:0.54
ApplicationWorkbenchAdvisor:0.2966666666666667
WorkbenchAdvisorHack:0.27
PickWorkspaceDialog:0.07333333333333333
