RIDSupport:0.42
FileSystemMgtService:0.36333333333333334
StgCmtScuScpService:0.30666666666666664
HPScpService:0.30666666666666664
WADOSupport:0.2833333333333333
RIDService:0.23333333333333334
QueryRetrieveScpService:0.21333333333333335
ECGSupport:0.20988888888888887
StoreScpService:0.20438888888888887
WADOService:0.17666666666666667
