JobBeanDefinitionParser:0.38
BatchNamespaceHandlerStepTests:0.27666666666666667
StubItemReader:0.06333333333333334
StubItemWriter:0.06333333333333334
StubTransactionManager:0.06333333333333334
