Rule:0.6033333333333334
GTS:0.37666666666666665
RuleApplier:0.30333333333333334
SPOApplication:0.2866666666666667
AbstractRuleApplier:0.25
SystemRecord:0.23666666666666666
SPOEvent:0.23333333333333334
StateGenerator:0.22333333333333333
GossipRule:0.21333333333333335
Generator:0.21333333333333335
SPORule:0.21
MergeEmbargo:0.20666666666666667
AliasRuleApplier:0.2
DefaultGraphResult:0.19
RuleSystem:0.18666666666666668
EdgeEmbargo:0.16166666666666665
AbstractStrategy:0.13
Gossips:0.10333333333333333
GossipEvent:0.02666666666666667
