FedoraClient:0.5666666666666667
IngestSIP:0.33
Ingester:0.305
RemotePIDGenerator:0.29
StagingIngester:0.12666666666666668
SIP2FOX:0.11333333333333333
