View:0.59
MetaController:0.37
MetaAction:0.3333333333333333
ModuleManager:0.33
MetaView:0.32666666666666666
MetaReferenceView:0.26666666666666666
AnnotatedClassParser:0.19333333333333333
ControllersParser:0.16666666666666666
OnChangePropertyBaseAction:0.12
Issue:0.11833333333333333
ViewParser:0.11333333333333333
OnChangeSearchAction:0.07444444444444444
IssueTest:0.07
Worker:0.04666666666666667
FamilyRangeProductsReportTest:0.04
OnChangeSubfamilySearchAction:0.0
XmlElementsNames:0.0
