EmailValidator:0.3802777777777777
AnnotationValidationConfigurationBuilderTest:0.35333333333333333
AnnotationValidationConfigurationBuilder:0.3413333333333334
