AbstractProcessingFilter:0.44666666666666666
MockHttpServletResponse:0.42
MockHttpServletRequest:0.41333333333333333
AbstractProcessingFilterTests:0.3933333333333333
AuthenticationTrustResolverImplTests:0.27
