MultiMapProxy:0.37333333333333335
LockProxy:0.37333333333333335
IdGeneratorProxy:0.36333333333333334
Values:0.32666666666666666
ClusterTest:0.3233333333333333
FactoryImpl:0.3211111111111111
QProxyImpl:0.26
CMapEntry:0.25666666666666665
MProxyImpl:0.25333333333333335
TopicProxyImpl:0.24666666666666667
CollectionProxyImpl:0.24333333333333335
HazelcastInstanceAwareInstance:0.2063968253968254
FactoryAwareNamedProxy:0.14
MGetMapEntry:0.08333333333333333
