TaskEventRpcResponseData:0.48
UIData:0.36
ProcessActive:0.31333333333333335
GwtRpcServiceImpl:0.28
GwtTaskHelper:0.24666666666666667
