ValueType:0.5080555555555556
Scope:0.34833333333333333
Processor:0.25666666666666665
