AbstractTypeDescriptionGenericTest:0.5933333333333334
OfGenericArray:0.5366666666666666
TypeDescriptionGenericBuilderTest:0.34
