TmxMapLoader:0.38333333333333336
BatchTiledMapRenderer:0.30333333333333334
OrthoCachedTiledMapRenderer:0.26
BaseTmxMapLoader:0.22
IsometricTiledMapRenderer:0.19666666666666666
OrthogonalTiledMapRenderer:0.19
IsometricStaggeredTiledMapRenderer:0.19
HexagonalTiledMapRenderer:0.19
TiledMapRenderer:0.013333333333333334
