DiscoveryLink:0.5
RouterInterface:0.42333333333333334
Linkd:0.41
DbEventWriter:0.30333333333333334
