CollectionItemProvider:0.56
TradeFieldSetMapper:0.34
CollectionItemProviderTests:0.2808333333333333
TradeFieldSetMapperTests:0.23666666666666666
