Antenna:0.29333333333333333
Floor:0.23
TimeSourceType:0.18
Printer:0.03666666666666667
ACDistributionBoard:0.03333333333333333
Monitor:0.03333333333333333
CorporateCustomer:0.016666666666666666
Breaker:0.016666666666666666
Mouse:0.016666666666666666
GenericApplicationElement:0.01
PeripheralPortType:0.0
KVMSwitch:0.0
PrinterType:0.0
SDHBoard:0.0
ATMMux:0.0
ComputerMonitorType:0.0
DWDMBoard:0.0
TimeSource:0.0
ATMBoard:0.0
IPBoard:0.0
