MFlipPanel:0.5833333333333334
AnimationComponent:0.33666666666666667
Effect:0.29161111111111115
ImageTransition:0.21666666666666667
