TimelineView:0.5333333333333333
ChangeCmPerYear:0.47361111111111104
TimelineViewSettings:0.23333333333333334
