EjbcaWS:0.4166666666666667
CommonEjbcaWSTest:0.33
LocalUserAdminSessionBean:0.28
RevokeCertCommand:0.2633333333333333
TestUserAdminSession:0.16333333333333333
