FlowModelFlowBuilder:0.6866666666666666
SecurityRule:0.41972222222222216
SecurityRuleTests:0.1308888888888889
