HiveClientConfig:0.6616666666666666
FileSystemWrapperProvider:0.3
HivePlugin:0.24666666666666667
HiveConnectorFactory:0.22333333333333333
HiveClientModule:0.19666666666666666
TestHiveClientConfig:0.15333333333333332
TestHiveClient:0.15333333333333332
