BaseTestRunner:0.29
AssumptionViolatedException:0.2813333333333334
TestResult:0.2733333333333333
TestSuite:0.2575
Assume:0.22416666666666665
AssumptionTest:0.21333333333333335
OldTestClassAdaptingListener:0.19666666666666666
ForwardCompatibilityTest:0.19333333333333333
TestWatcher:0.16666666666666666
HasAssumeWithMessageAndCause:0.13833333333333334
TestWatchman:0.11666666666666667
CouldNotGenerateValueException:0.11333333333333333
