Simulator:0.5566666666666666
Options:0.45666666666666667
ActionStore:0.3
LTSJGraph:0.27
LTSTab:0.26666666666666666
LTSDisplay:0.23333333333333334
FilterLTSAction:0.13
ShowHideLTSAction:0.08333333333333333
