FWSortableTableModel:0.63
FWTable:0.47
FWTableColumn:0.3566666666666667
FWTableColumnModel:0.22666666666666666
FWSortedTableModel:0.13333333333333333
SortedTableHeaderRenderer:0.056666666666666664
FWTableModel:0.04666666666666667
