SideKickPlugin:0.82
SideKickActions:0.5366666666666666
ParseAWTRequest:0.19333333333333333
