IntSet:0.27666666666666667
IntIntMap:0.25
LongMap:0.25
ObjectMap:0.25
IntMap:0.25
ObjectIntMap:0.25
ObjectFloatMap:0.25
IntFloatMap:0.25
ObjectSet:0.23333333333333334
IdentityMap:0.23333333333333334
