SMARTCYPRuleRank1:0.37
MetaboliteGenerator:0.29333333333333333
SMARTCypTreeResult:0.2633333333333333
SMIRKSTest:0.2633333333333333
