VelocityProfile:0.4533333333333333
GenericRepRap:0.4033333333333333
GCodeStepperMotor:0.31333333333333335
RrPolygon:0.2505
SNAPReprap:0.25
GCodeRepRap:0.23666666666666666
