Transition:0.4506666666666666
LexerATNSimulator:0.3466666666666667
ParserATNSimulator:0.29
RangeTransition:0.16333333333333333
ActionTransition:0.12444444444444445
PredicateTransition:0.12444444444444445
AtomTransition:0.0375
SetTransition:0.0375
EpsilonTransition:0.0375
NotSetTransition:0.029166666666666667
RuleTransition:0.029166666666666667
WildcardTransition:0.029166666666666667
