HeartbeatFailureDetector:0.5533333333333333
MonitoringTask:0.5
FailureDetectorConfiguration:0.4683333333333333
TestFailureDetectorConfiguration:0.24
