VariableUtils:0.9033333333333333
Subprocess:0.39666666666666667
MessageNodeDialog:0.24333333333333335
StringType:0.1975
VariablesComposite:0.19
MessagingNode:0.08455555555555555
