SeriesModel:0.5233333333333333
AbstractDicomModel:0.32
ContentEditDelegate:0.29
AEListPanel:0.11111111111111109
SelectedEntities:0.08666666666666667
