TestPlanBuilder:0.5066666666666667
Engine:0.46277777777777773
TestPlan:0.26
JUnit5Engine:0.25666666666666665
Launcher:0.24666666666666667
Console:0.09666666666666666
