EhCacheBasedAclCacheTests:0.27666666666666667
AspectJSecurityInterceptorTests:0.24666666666666667
FilterChainProxyTests:0.24333333333333335
EhCacheBasedAclEntryCacheTests:0.22333333333333333
EhCacheBasedUserCacheTests:0.22
BasicLookupStrategyTests:0.21666666666666667
FilterSecurityInterceptorTests:0.19
EhCacheBasedX509UserCacheTests:0.17666666666666667
