Class:0.6116666666666667
Field:0.35333333333333333
jq_Member:0.35
ClassUtils:0.33666666666666667
Method:0.26666666666666666
Constructor:0.18666666666666668
ObjectInputStream:0.12333333333333334
