StatefulPersistenceContext:0.5066666666666667
IdentityMap:0.45666666666666667
LoadContexts:0.258
EventCache:0.22444444444444447
DefaultPersistEventListener:0.19666666666666666
DefaultRefreshEventListener:0.15333333333333332
JPAAutoFlushEventListener:0.13666666666666666
JPAFlushEventListener:0.13666666666666666
EJB3AutoFlushEventListener:0.13666666666666666
EJB3FlushEventListener:0.13666666666666666
