CoreDao:0.8566666666666667
CoreDaoImpl:0.41
ProfileDaoImpl:0.25333333333333335
FolderDaoImpl:0.23611111111111113
ReportModuleImpl:0.22333333333333333
ReportDownloadController:0.18333333333333332
DefaultLogTablePurge:0.12666666666666668
