LoggingListener:0.6875
ResultLog:0.4666666666666667
LoggerPane:0.26
ServerDebugger:0.24666666666666667
CMC_logResultSet:0.18333333333333332
DebugListener:0.17
