ResourceProcess:0.8833333333333333
ResourceProcessPanel:0.39666666666666667
ResourceProcessesTabPanel:0.3433333333333333
