Node:0.57
Timer:0.4066666666666667
CreateTransitionFeature:0.2866666666666667
Subprocess:0.18
NodeGraphicalNodeEditPolicy:0.15333333333333332
SendMessageNode:0.14333333333333334
ReceiveMessageNode:0.07666666666666666
StartState:0.023333333333333334
EndTokenState:0.02095238095238095
EndState:0.02095238095238095
Join:0.0
