ClusterBroadcastFilter:0.5683333333333334
JMSFilter:0.4033333333333333
AtmosphereFilter:0.3311111111111111
JGroupsFilter:0.31333333333333335
