MapsDependencyTest:0.48
MainLibrariesDependencyTest:0.4266666666666667
MapsExtensionsDependencyTest:0.2183333333333333
