IRequestMessage:0.5631111111111111
PKCS10RequestMessage:0.38666666666666666
RSASignSessionBean:0.31
CrmfRAPbeMultipleKeyIdRequestTest:0.2866666666666667
CmpTestCase:0.25333333333333335
CrmfRequestMessage:0.17666666666666667
