Vector:0.7833333333333333
JmhRunner:0.32
Tail:0.308
VectorTest:0.21666666666666667
DetailedPerformanceReport:0.19666666666666666
VectorBenchmark:0.1601111111111111
Prepend:0.15833333333333333
Slice:0.06333333333333334
Base:0.0
