PolicyFinderModule:0.6066666666666667
ResourceAttributeFinderModule:0.4033333333333333
