ChannelWrapperRemote:0.5
QueueListener:0.3592063492063492
AbstractJPPFQueue:0.35333333333333333
ExecutorChannel:0.33666666666666667
QueueListenerAdapter:0.06333333333333334
