UserGroupEditor:0.8466666666666667
CreateUserAction:0.24666666666666667
ChangePasswordAction:0.2
