JavaConfigApplicationContext:0.8466666666666667
JavaConfigApplicationContextTypeSafeGetBeanMethodTests:0.30666666666666664
OuterConfig:0.155
