TimeOfDay:0.5966666666666667
LocalTime:0.5883333333333334
TestLocalTime_Constructors:0.4166666666666667
TestTimeOfDay_Constructors:0.2966666666666667
