QueryManagerConfig:0.7388888888888889
SqlTaskManager:0.43666666666666665
TestQueryManagerConfig:0.26
