FtpVFS:0.5766666666666667
Connection:0.5366666666666666
ConnectionInfo:0.24666666666666667
FtpAddress:0.21333333333333335
FtpPlugin:0.16333333333333333
