CSPA:0.3933333333333333
Node:0.35
HeapObject:0.33922222222222226
ConcreteTypeNode:0.31333333333333335
UnknownTypeNode:0.29
ParamNode:0.25666666666666665
FieldNode:0.25333333333333335
GlobalNode:0.24333333333333335
MethodSummary:0.24111111111111114
ConcreteObjectNode:0.21666666666666667
BDDPointerAnalysis:0.19666666666666666
ReturnValueNode:0.19333333333333333
ThrownExceptionNode:0.19333333333333333
BDDMethodSummary:0.19
Variable:0.18
CSPAResults:0.18
