DbQuery:0.39
StringTemplateParser:0.2633333333333333
EntryData:0.25166666666666665
DbQueryParser:0.24666666666666667
ActionRequest:0.2394444444444445
ClassFinder:0.22
TemplateParser:0.22
MatchChunk:0.19777777777777777
