JDBCXAResource:0.34868056
JDBCXAConnection:0.2547159
