RowAVLDisk:0.0930101
Row:0.043206535
TableBase:0.021942487
Table:0.014777842
SchemaManager:0.011842277
Database:0.010718306
Session:0.008217494
