Database:0.14268523
Session:0.093092844
SchemaManager:0.06768795
TransactionManagerMV2PL:0.052970644
TransactionManagerMVCC:0.049230658
TransactionManagerCommon:0.046287682
TransactionManager2PL:0.04487658
StatementCommand:0.043486778
StatementSchema:0.036470547
TableWorks:0.02954911
ParserDDL:0.022404227
Schema:0.014929467
