Messages:0.6866666666666666
TestEditor:0.3566666666666667
ApplicationWorkbenchAdvisor:0.27
Application:0.25666666666666665
CAHParamDialog:0.19666666666666666
CAHPreferencePage:0.18
WordCloudPreferencePage:0.16333333333333333
ExecuteGroovyScript:0.14
OpenLocalizedWebPage:0.11333333333333333
ExportResult:0.10666666666666667
SWTResourceManager:0.08
DownloadFile:0.006666666666666667
CheckRPackages:0.0
AlwaysExpandedItem:0.0
DownloadJobHandler:0.0
