CMap:0.75
ConcurrentMapManager:0.39666666666666667
MapStoreTest:0.36666666666666664
MLock:0.21666666666666667
IsKeyLockedOperationHandler:0.05333333333333334
