HTMLImageElementTest:0.44666666666666666
HTMLImageElement:0.38666666666666666
HtmlImageTest:0.265
