PyString:0.66
PyUnicode:0.5533333333333333
Pickler:0.3233333333333333
