DefaultApplicationFactory:0.5766666666666667
DefaultApplicationFactoryTest:0.3433333333333333
ServletApplicationFactory:0.3
SpringBootAdminClientAutoConfiguration:0.15666666666666668
ServletConfiguration:0.07666666666666666
ReactiveConfiguration:0.07666666666666666
