CopyFiltersDlg:0.4
FolderFilter:0.33666666666666667
GwtTeamingMessages:0.31666666666666665
FolderFiltersRpcResponseData:0.2833333333333333
GwtServerHelper:0.2733333333333333
EntryMenuPanel:0.21666666666666667
GwtRpcServiceImpl:0.21444444444444447
