Euler:0.9233333333333333
EulerRunner:0.13333333333333333
