Literal:0.52
ParameterSymbol:0.2833333333333333
ExpressionAnalyzer:0.26666666666666666
FullQualifiedNameFieldProvider:0.20666666666666667
Symbol:0.18666666666666668
ExpressionAnalyzerTest:0.15666666666666668
LiteralTest:0.06
ParameterSymbolTest:0.030555555555555558
