CastorTest:0.6566666666666666
FileSqlManager:0.24
AbstractResourceScan:0.15666666666666668
String2Datetime:0.12666666666666668
