Tuple8:0.29
Tuple7:0.19666666666666666
Tuple4:0.19
Tuple6:0.18666666666666668
Tuple3:0.18
Tuple5:0.17333333333333334
Tuple2:0.16666666666666666
Tuple1:0.163
