AdmissibilityConstraint:0.42916666666666664
Materialisation:0.395
NewEquationSystem:0.3933333333333333
