NestedBlockLayout:0.7416666666666667
Cell:0.5672222222222223
