Publication:0.4633333333333333
ClientConductor:0.3433333333333333
Subscription:0.22333333333333333
AeronTest:0.18333333333333332
ClientContext:0.17333333333333334
Aeron:0.16333333333333333
PublicationTest:0.12333333333333334
MockBufferUsage:0.013333333333333334
