MapType:0.61
MapSubscriptOperator:0.25333333333333335
SerDeUtils:0.25
TestMapOperators:0.24666666666666667
TypeRegistry:0.24
TypeManager:0.22166666666666668
Reflection:0.17333333333333334
TestingTypeManager:0.17333333333333334
MapConstructor:0.16333333333333333
StructuralTestUtil:0.16333333333333333
BlockEncodingManager:0.14444444444444446
TestingBlockEncodingSerde:0.14333333333333334
MethodHandleUtil:0.11
MapParametricType:0.10333333333333333
State:0.1
