RdtUiPlugin:0.55
RubyCompletionProcessor:0.2633333333333333
RdtLaunchingPlugin:0.20555555555555557
RubyEditor:0.20333333333333334
RdtDebugUiPlugin:0.18333333333333335
NewProjectCreationWizard:0.18222222222222223
RubyProjectLibraryPage:0.17222222222222225
RubyResourcesView:0.13666666666666666
RubyProjectSelector:0.12333333333333334
