EbrimUpdateTask:0.65
EbrimUpdater:0.5766666666666667
EbrimUpdateControl:0.20333333333333334
