Shape:0.7225
EquationSystem:0.43333333333333335
NewEquationSystem:0.3233333333333333
Materialisation:0.2966666666666667
