PyString:0.58
PyUnicode:0.37333333333333335
PatternObject:0.36333333333333334
MatchObject:0.32
ScannerObject:0.06416666666666666
