HighlighterSearchIT:0.5933333333333334
PostingsHighlighter:0.30011111111111116
MapperHighlightEntry:0.014071428571428572
