BoundedLocalCache:0.6133333333333333
Ehcache2:0.27666666666666667
