AuthorizeHandler:0.57
XHRPollingTransport:0.47
HeartbeatHandler:0.4533333333333333
SocketIOPipelineFactory:0.27666666666666667
