HeritrixSSLProtocolSocketFactory:0.66
FetchHTTP:0.44555555555555554
ConfigurableX509TrustManagerTest:0.27666666666666667
