PeerDiscovery:0.7833333333333333
PeerGroup:0.45666666666666667
IrcDiscovery:0.2633333333333333
PeerGroupThread:0.25666666666666665
PeerGroupTest:0.18333333333333332
SeedPeers:0.09166666666666666
DnsDiscovery:0.051666666666666666
