ChemObjectTest:0.2966666666666667
AtomTypeTest:0.2966666666666667
DefaultChemObjectBuilderTest:0.27666666666666667
PseudoAtomTest:0.25666666666666665
IsotopeTest:0.23
ElementTest:0.23
AtomTest:0.2
