VQWikiParser:0.51
JAMWikiParser:0.3233333333333333
AbstractLexer:0.2733333333333333
