CDKManager:0.8066666666666666
ICDKManager:0.6466666666666666
Create3dHandler:0.18
