EntryOperation:0.58
MultipleEntryOperation:0.3466666666666667
PartitionWideEntryOperation:0.3466666666666667
