DocumentTypeListener:0.6633333333333333
MapperService:0.3622222222222222
PercolateTypeListener:0.25333333333333335
