Context:0.5966666666666667
ContextImpl:0.4766666666666667
ContextTest:0.1845
