ResumableProcessor:0.78
ResumableAsyncHandler:0.30666666666666664
NULLResumableHandler:0.26777777777777784
PropertiesBasedResumableProcessor:0.20333333333333334
FileBasedResumableProcessor:0.18
ResumableIndexThread:0.05333333333333334
