FlowExecutionImpl:0.6366666666666667
FlowExecutionListenerList:0.6083333333333333
FlowExecutionManager:0.27666666666666667
