ButtonHelper:0.5033333333333333
NavigatorView:0.4033333333333333
TextAreaWidget:0.30333333333333334
LinkWidget:0.25
