DataStructureAdapter:0.7233333333333334
AbstractClientInternalCacheProxy:0.27666666666666667
IMapDataStructureAdapter:0.19333333333333333
NearCachedClientCacheProxy:0.19
ReplicatedMapDataStructureAdapter:0.16333333333333333
ICacheDataStructureAdapter:0.16333333333333333
ReplicatedMapDataStructureAdapterTest:0.15
AbstractNearCacheBasicTest:0.13
TransactionalMapDataStructureAdapterTest:0.11333333333333333
IMapDataStructureAdapterTest:0.11333333333333333
TransactionalMapDataStructureAdapter:0.10333333333333333
ICacheDataStructureAdapterTest:0.08666666666666667
InvalidateCallback:0.013333333333333334
