AsyncConnection:0.7438888888888889
GetMoreResultCallback:0.2866666666666667
DefaultAsyncConnection:0.2611111111111111
DefaultServerAsyncConnection:0.21666666666666667
AuthenticatingAsyncConnection:0.21666666666666667
WriteResultCallback:0.21333333333333335
DelayedCloseAsyncConnection:0.20666666666666667
ConnectingAsyncServerConnection:0.2
AsyncWriteOperation:0.18
ResponseCallback:0.14333333333333334
PooledAsyncConnection:0.12666666666666668
AsyncCommandOperation:0.11
AsyncQueryOperation:0.10666666666666667
QueryResultCallback:0.1
TestAsyncConnectionFactory:0.1
AsyncGetMoreReceiveOperation:0.08333333333333333
AsyncGetMoreOperation:0.08333333333333333
CommandResultCallback:0.07666666666666666
CommandResultBaseCallback:0.006666666666666667
