ExceptionsHelper:0.425
JoinThreadControl:0.36
ZenDiscovery:0.3333333333333333
MulticastZenPing:0.2633333333333333
UnicastZenPing:0.19333333333333333
