PartitionedTableIntegrationTest:0.5933333333333334
WhereClauseAnalyzerTest:0.36333333333333334
WhereClauseAnalyzer:0.30777777777777776
EqualityExtractor:0.29333333333333333
