MediaDriverAdminThread:0.5422222222222222
BasicBufferManagementStrategy:0.48444444444444446
