TransportSQLActionTest:0.5633333333333334
DocTableInfo:0.30333333333333334
BlobTableInfo:0.30333333333333334
InternalCrateClient:0.24416666666666667
CrateSearchService:0.23333333333333334
