AbstractRoutine:0.6797222222222223
AbstractQuery:0.4352777777777778
