BulkByScrollTask:0.51
AbstractBulkByScrollRequest:0.21333333333333335
NodesRequest:0.20666666666666667
CancellableNodesRequest:0.19666666666666666
BulkByScrollTaskTests:0.17333333333333334
AsyncAction:0.16666666666666666
AbstractAsyncBulkIndexByScrollActionTestCase:0.16666666666666666
ReplicationRequest:0.15666666666666668
TransportRequest:0.10333333333333333
