DrawableSeqFeature:0.5983333333333334
ScaleView:0.43666666666666665
DrawableGeneSeqFeature:0.38333333333333336
DrawableGeneFeatureSet:0.23666666666666666
