InformationSchemaTableHandle:0.6133333333333333
InformationSchemaPageSourceProvider:0.30666666666666664
InformationSchemaMetadata:0.27666666666666667
TestJsonTableHandle:0.25333333333333335
