SuggestSearchTests:0.6333333333333333
StupidBackoffScorer:0.36666666666666664
FrequencyCachingTermsEnumWrapper:0.30666666666666664
WordScorer:0.30666666666666664
