ClassLoaderUtil:0.6
AutoSuspendablesScanner:0.5333333333333333
ClassDb:0.25777777777777783
ClassLoaderUtilTKB:0.13
MethodEntry:0.06314814814814815
