LwjglApplication:0.4066666666666667
LwjglCanvas:0.4066666666666667
FileHandle:0.39166666666666666
Table:0.37333333333333335
NumberUtils:0.24083333333333334
AndroidFileHandle:0.20333333333333334
