TransportShardUpsertAction:0.6330555555555556
InsertIntoIntegrationTest:0.435
TransportShardUpsertActionTest:0.14333333333333334
