MetaDataTableRow:0.48
MetaDataTable:0.42333333333333334
Flyway:0.3933333333333333
MetaDataTableRowMapper:0.1877777777777778
DbMigrator:0.15
InitMigration:0.08666666666666667
