Robot:0.6
AWT:0.44666666666666666
WindowTracker:0.31333333333333335
ComponentRecorderTest:0.2633333333333333
RobotTest:0.22333333333333333
EventRecorderTest:0.20666666666666667
WindowTrackerTest:0.2
AbstractRecorderFixture:0.18666666666666668
EventWatcher:0.14333333333333334
EventNormalizer:0.07333333333333333
