RubyEditor:0.42333333333333334
PreferenceConstants:0.4033333333333333
RubySourceViewerConfiguration:0.27666666666666667
RubyAutoIndentStrategy:0.17333333333333334
RubyIndenter:0.03333333333333333
