RubyScript:0.5666666666666667
RubyOutlineContentProvider:0.39666666666666667
RubyEditor:0.31666666666666665
RubyContentOutlinePage:0.24333333333333335
TS_Parser:0.16
TC_RubyScript:0.06
