HTMLElement:0.9133333333333333
HTMLElementTest:0.36333333333333334
