CrmfRequestMessage:0.47
CrmfRAPbeMultipleKeyIdRequestTest:0.32
CrmfRequestTest:0.27
CrmfRATcpRequestTest:0.27
CrmfRARequestTest:0.25333333333333335
CrmfRAPbeRequestTest:0.25333333333333335
CmpRAAuthenticationTest:0.19666666666666666
CmpRaThrowAwayTest:0.19666666666666666
CrmfRAPbeTcpRequestTest:0.19
CmpTestCase:0.18666666666666668
CrmfMessageHandler:0.11666666666666667
