DownloadSchedulers:0.35
IDownloadSchedulers:0.31833333333333336
Task:0.2966666666666667
ITaskQueue:0.24166666666666667
CommonUtil:0.2111111111111111
CmdFactory:0.18333333333333332
Builder:0.18333333333333332
MySchedulerListener:0.18166666666666667
AMTarget:0.15333333333333332
SingleTaskActivity:0.14333333333333334
DownloadTaskQueue:0.13333333333333333
AMReceiver:0.12
AddCmd:0.056666666666666664
SingleCmd:0.056666666666666664
StartCmd:0.056666666666666664
CancelCmd:0.056666666666666664
StopCmd:0.056666666666666664
TaskFactory:0.05
IDownloadCmd:0.03666666666666667
