DefaultShader:0.44666666666666666
Lights:0.42083333333333334
BaseBulletTest:0.24666666666666667
Animation3DTest:0.21333333333333335
BaseWorld:0.21333333333333335
SoftBodyTest:0.18
DefaultShaderProvider:0.15833333333333333
Setters:0.006666666666666667
Inputs:0.006666666666666667
