Function1:0.5566666666666666
Function0:0.5566666666666666
Function2:0.5566666666666666
