MockMvcRequestSenderImpl:0.6333333333333333
SecuredController:0.45
SecuredControllerTest:0.3944444444444445
