RecordStore:0.8833333333333333
DefaultRecordStore:0.4
MapServiceContextImpl:0.30333333333333334
PartitionContainer:0.27844444444444444
