ApplicationLogEntry:0.4866666666666667
WebserviceBean:0.47
Kuwaiba:0.32
WebserviceBeanRemote:0.30666666666666664
