NettyTransportMultiPortTests:0.5533333333333333
HttpPipeliningHandlerTests:0.24666666666666667
SimpleNettyTransportTests:0.19666666666666666
NettyHttpServerPipeliningTests:0.19
