rr_polygon:0.8755555555555554
graphics_test:0.24333333333333335
