GCPCollection:0.6766666666666666
EnvironmentalRecord:0.6766666666666666
Platform:0.605
Plan:0.605
Instrument:0.605
CoverageResult:0.605
Operation:0.5633333333333334
Processing:0.5533333333333333
AcquisitionInformation:0.5533333333333333
Requirement:0.5533333333333333
Event:0.5533333333333333
Objective:0.5433333333333333
Band:0.4420952380952381
GeolocationInformation:0.27051984126984113
ProcessStep:0.22166666666666668
Georectified:0.22166666666666668
Source:0.22166666666666668
Georeferenceable:0.22166666666666668
BandDefinition:0.21666666666666667
ObjectiveType:0.21666666666666667
OperationType:0.21666666666666667
MetaData:0.20083333333333334
PolarizationOrientation:0.17333333333333334
GeometryType:0.17333333333333334
Trigger:0.17333333333333334
Context:0.17333333333333334
TransferFunctionType:0.17333333333333334
Priority:0.17333333333333334
Sequence:0.17333333333333334
PlatformPass:0.16333333333333333
ProcessStepReport:0.16333333333333333
RangeElementDescription:0.16333333333333333
CoverageDescription:0.11
DataFile:0.006666666666666667
RequestedDate:0.006666666666666667
NominalResolution:0.006666666666666667
Algorithm:0.006666666666666667
GCP:0.006666666666666667
Usability:0.0
