SearchWhileCreatingIndexTests:0.7411111111111112
MockInternalEngine:0.7397777777777778
