ClassInfo:0.6466666666666666
Types:0.47
FieldInfo:0.2853888888888889
JPF_java_io_FileDescriptor:0.19333333333333333
JPF_java_util_concurrent_atomic_AtomicReferenceFieldUpdater:0.11
