EmbeddedWindowsManager:0.7733333333333333
NativeWindowManager:0.5133333333333333
