OrthoMatcher:0.5788888888888889
SerialAnalyserController:0.4066666666666667
AnnotationDeletePR:0.30333333333333334
