JdbcJobRepositoryTests:0.4
StagingItemReaderTests:0.37416666666666665
TradeJobFunctionalTests:0.26666666666666666
