DbQueryBase:0.5262777777777777
DbOomTest:0.4066666666666667
