ModuleReferenceScanner:0.3333333333333333
JupiterIntegrationTests:0.25333333333333335
ModuleUtilsTests:0.245
