AriaManager:0.5033333333333333
DownloadDialog:0.26
DownloadSchedulers:0.21250000000000002
Aria:0.20666666666666667
MainActivity:0.1475
MyDialogDownloadCallback:0.08
