AnnotationEntityMaker:0.45
EntityHolder:0.31333333333333335
DaoSupport:0.31
EntityMaker:0.2585555555555555
