TradeMissionCustomInfoPanel:0.4655555555555556
MiningMissionCustomInfoPanel:0.4533333333333333
MainDetailPanel:0.44666666666666666
