CertificateStoreSession:0.6644444444444445
LogEntry:0.5233333333333333
CertificateDataUtil:0.3566666666666667
CertificateStoreSessionBean:0.31
ExternalOCSPPublisher:0.31
EjbcaWSHelper:0.2705
CertificateInfo:0.25
EjbLocalHelper:0.21583333333333332
EjbRemoteHelper:0.20916666666666667
InterfaceCache:0.19333333333333333
LogEntryView:0.17666666666666667
OldLogSessionBean:0.13666666666666666
CertificateStoreOnlyDataSessionBean:0.13
CsvLogExporter:0.11
