GwtTeamingMessages:0.33555555555555555
AbstractZoneModule:0.25
GwtRpcServiceImpl:0.24666666666666667
ObjectKeys:0.2067222222222222
AdminInfoDlg:0.20666666666666667
AccessControlController:0.16333333333333333
