DelayedListener:0.7719444444444444
SelectAnnotationPopupItem:0.20905555555555555
