TypedProperties:0.5766666666666667
TestTypedProperties:0.3233333333333333
ScriptRunnerFactory:0.32166666666666666
ScriptRunnerImpl:0.30777777777777776
ScriptHandler:0.2866666666666667
ScriptRunnerPool:0.16111111111111112
