DriverJobManagement:0.5033333333333333
JPPFJobManager:0.31333333333333335
ApplicationConnection:0.21
JobExpirationAction:0.17666666666666667
AbstractResultSender:0.16
