Model:0.6066666666666667
ControlCenter:0.38333333333333336
App:0.29
ButtonHelper:0.28
MergeTransaction:0.2569444444444445
EditView:0.22333333333333333
HelpBridgeImpl:0.21333333333333335
MenuHelper:0.2
GedcomTable:0.18333333333333332
HeaderCellRenderer:0.16
