PlanFragmenter:0.42333333333333334
Fragmenter:0.39
LocalQueryRunner:0.3
PartitioningHandle:0.2833333333333333
SqlQueryExecution:0.25333333333333335
FragmentProperties:0.24
QueryExplainer:0.21444444444444447
