ReportNameHistory:0.4166666666666667
ReportDemography:0.30333333333333334
DeathAnalyzer:0.2388888888888889
YoungestChildAnalyzer:0.2388888888888889
MariageAnalyzer:0.2388888888888889
BirthAnalyzer:0.2388888888888889
OrphanAnalyzer:0.2388888888888889
