PropertyBean:0.5033333333333333
BasicEditor:0.31
ChoiceBean:0.22
SimpleValueBean:0.15444444444444444
FileBean:0.12083333333333333
NameBean:0.12083333333333333
MLEBean:0.12083333333333333
