Default:0.7872222222222222
DynamicTypeDefaultTest:0.4666666666666667
