OrcMetadataWriter:0.4066666666666667
DwrfMetadataWriter:0.4066666666666667
CompressedMetadataWriter:0.23666666666666666
MetadataWriter:0.1325
