Element:0.37333333333333335
Tag:0.34
HtmlParserTest:0.32
Attributes:0.2915555555555555
Attribute:0.20133333333333334
ElementTest:0.15
AttributeParseTest:0.04666666666666667
