ApolloPanel:0.5666666666666667
FeatureView:0.4033333333333333
DrawableAnnotatedFeatureSet:0.38666666666666666
PopupViewI:0.2833928571428571
AnnotationView:0.22666666666666666
