LuceneDictionaryImpl:0.38083333333333336
LookupParseUtilities:0.37666666666666665
UmlsToSnomedLuceneConsumerImpl:0.2966666666666667
OrangeBookFilterConsumerImpl:0.22666666666666666
