RegisterSet:0.5833333333333334
HyperLogLog:0.44
HyperLogLogPlus:0.4033333333333333
RegisterSetTest:0.11
