PatternNode:0.6983333333333334
FilterCompiler:0.45888888888888885
FilterCompilerTest:0.23
