GeoLocationRequest:0.5766666666666667
WebUtils:0.45
GeoLocationResponse:0.41
AdaptiveMultifactorAuthenticationWebflowEventResolver:0.25666666666666665
CasEvent:0.24
DefaultAdaptiveAuthenticationPolicy:0.18333333333333332
GeoLocationAuthenticationRequestRiskCalculator:0.013333333333333334
DateTimeAuthenticationRequestRiskCalculator:0.013333333333333334
UserAgentAuthenticationRequestRiskCalculator:0.013333333333333334
