SymmetricWebServer:0.38666666666666666
Constants:0.3775
SymmetricEngineHolder:0.35333333333333333
SymmetricLauncher:0.2633333333333333
SymmetricContextListener:0.24
WebConstants:0.04666666666666667
