GrizzlyResponse:0.45666666666666667
ResponseBase:0.38666666666666666
ApacheResponse:0.18
NettyResponse:0.18
JDKResponse:0.15
