Draft:0.65
WebSocketImpl:0.5233333333333333
Base64:0.41
WebSocketClient:0.3433333333333333
Draft_6455:0.26666666666666666
SSLSocketChannel:0.2536111111111111
FramedataImpl1:0.2536111111111111
WebSocketAdapter:0.20333333333333334
WebSocketListener:0.18142857142857147
DefaultSSLWebSocketServerFactory:0.12333333333333334
