BlacklistedExceptions:0.45777777777777773
SingleTestExecutor:0.3432222222222222
