Table:0.66
AbstractDbDialect:0.43333333333333335
TableTemplate:0.27666666666666667
CsvLoader:0.25333333333333335
