JChemPaintPanel:0.8666666666666667
JChemPaint:0.38666666666666666
JChemPaintEditorApplet:0.14
NewAction:0.13333333333333333
