SummaryView:0.6166666666666667
Commands:0.30333333333333334
InstallPluginHandler:0.24166666666666667
