GAMEAdapter:0.525
DrawableFeatureSet:0.5233333333333333
CommentEditPanel:0.2833333333333333
ApolloLayoutManager:0.17666666666666667
