GwtTeamingMessages:0.6972222222222223
LoginDlg:0.33666666666666667
UserPropertiesRpcResponseData:0.32837301587301587
SearchUtils:0.30666666666666664
ConfigureUserAccessDlg:0.23666666666666666
AuthenticationManagerImpl:0.23333333333333334
GwtMenuHelper:0.21666666666666667
GwtMainPage:0.20900000000000002
UserAccountNotActiveException:0.18666666666666668
AbstractAuthenticationProviderModule:0.17666666666666667
UserIdNotActiveException:0.16666666666666666
LoginController:0.12666666666666668
