XMLDatabase:0.7116666666666667
UniqueKeys0:0.4442619047619048
TAuthorRecord:0.3433333333333333
