Server:0.6266666666666667
BasicServer:0.22333333333333333
