BeanUtilBean:0.77
BeanProperty:0.2833333333333333
BeanUtilUtil:0.25333333333333335
