ModuleTestBase:0.5066666666666667
ModuleManager:0.3333333333333333
Result:0.2633333333333333
Module:0.20333333333333334
AJAXTest:0.19
DeliveryTest:0.14
