AdviceTest:0.47
Default:0.39666666666666667
MetaDataHandler:0.36
WithoutExitAdvice:0.3233333333333333
AdviceVisitor:0.27666666666666667
Suppressing:0.21444444444444447
WithStackSizeComputation:0.19
WithoutStackSizeComputation:0.12
ForAdvice:0.09666666666666666
IllegalOriginWriteAdvice:0.0025
