AssignAction:0.6733333333333333
AssignmentPage:0.5666666666666667
SpecMolDrawingComposite:0.24933333333333332
SpecMolTableComposite:0.21933333333333332
SpecMolEditor:0.17
SpecMolPeackChartComposite:0.15266666666666664
PredictWizard:0.14666666666666667
SpecMolEditorContributor:0.03333333333333333
