ScriptEditor:0.47
ScriptTable:0.42333333333333334
Launcher:0.23666666666666666
JTreeRecorder:0.18666666666666668
