Tab:0.4666666666666667
View:0.45666666666666667
Resources:0.4266666666666667
ModuleManager:0.38
CarrierWithSectionsTest:0.28
XPersistence:0.25666666666666665
DataSourceConnectionProvider:0.205
EditorTag:0.18666666666666668
TabBaseAction:0.17
