Aligner:0.41
AbstractHarvester:0.36666666666666664
WebDavHarvester:0.29503968253968255
Harvester:0.25733333333333336
WebFolderHarvester:0.22166666666666668
CswHarvester:0.20666666666666667
Geonet20Harvester:0.18920634920634918
GeonetHarvester:0.1867063492063492
HarvestManager:0.17666666666666667
GroupMapper:0.13
CategoryMapper:0.13
RecordInfo:0.12666666666666668
CswResult:0.0
