Database:0.6
SQLUpdate:0.31666666666666665
Query:0.31333333333333335
