AnnotatedFeatureI:0.7045555555555558
AnnotationEditor:0.41333333333333333
AnnotatedFeature:0.325
Transcript:0.31333333333333335
DrawableFeatureSet:0.22083333333333333
AnnotationChangeCoalescer:0.16833333333333333
