WidgetListener:0.4166666666666667
SymbolCommandListener:0.4
PropertyPanelFactory:0.36
LayerListener:0.31
DFListener:0.23
SymbolListener:0.13333333333333333
EditorResizer:0.09666666666666666
EditorHandler:0.015
AbstractEditorListener:0.013333333333333334
