menu:0.5040555555555557
TestMenuItem:0.36666666666666664
TestMenu:0.2833333333333333
MenuLoader:0.17666666666666667
MenuNode:0.15666666666666668
id:0.12883333333333333
