MethodDelegation:0.47333333333333333
Forwarding:0.36
InvocationHandlerAdapter:0.25666666666666665
ForStaticField:0.24
CacheValueField:0.17333333333333334
