Expired:0.3794444444444444
FeedViewer:0.36666666666666664
Archive:0.35333333333333333
MMessageLabel:0.31666666666666665
Renderer:0.16444444444444445
