GrpcUtil:0.38166666666666665
NettyServerTransport:0.2833333333333333
AbstractTransportTest:0.25666666666666665
InProcessTransport:0.25633333333333336
TransportTracer:0.24
NettyClientTransport:0.21666666666666667
OkHttpClientTransport:0.21466666666666667
NettyHandlerTestBase:0.21333333333333335
ForwardingConnectionClientTransport:0.21333333333333335
FailingClientTransport:0.205
DelayedClientTransport:0.19333333333333333
SimpleServerTransport:0.19
MessageDeframerTest:0.16666666666666666
