LuceneSearcher:0.48333333333333334
SearchManager:0.37666666666666665
CatalogSearcher:0.22333333333333333
GetDomain:0.22166666666666668
LuceneIndexReaderFactory:0.1
