DB2zOSMigrationMediumTest:0.5633333333333334
ClassPathScannerSmallTest:0.2966666666666667
SqlMigrationResolverSmallTest:0.21333333333333335
DB2zOSConcurrentMigrationMediumTest:0.20666666666666667
