LuceneSearcher:0.5502222222222222
QueryInfo:0.49833333333333335
CatalogSearcher:0.23333333333333334
