PrintInfo:0.14811732
PrintPreviewPanel:0.10193052
ImagePrintInfo:0.022010716
