FileHandler:0.4166666666666667
WikiBase:0.4066666666666667
PersistencyHandler:0.3933333333333333
AdminServlet:0.24333333333333335
SaveAttachmentServlet:0.16222222222222224
EditServlet:0.14
RegisterServlet:0.11666666666666667
