SimpleMultipartFile:0.5833333333333334
FileUploadItem:0.5566666666666666
WebHelper:0.3466666666666667
