TypeQuery:0.55
TypeQueryBuilder:0.33666666666666667
HasChildQueryBuilderTests:0.25333333333333335
TypeFieldType:0.24666666666666667
TypeQueryBuilderTests:0.17400000000000002
TypeFieldTypeTests:0.05333333333333334
