ClassNioServer:0.48
NioChecksRunner:0.36666666666666664
NativeLibRunner:0.31
JPPFConnection:0.2633333333333333
NativeLibTask:0.16580952380952382
NioChecksTask:0.09
OpenCloseClient:0.0
