ReverseNestedAggregator:0.4663333333333334
Factory:0.43333333333333335
NestedAggregator:0.4166666666666667
ReverseNestedParser:0.22333333333333333
NestedParser:0.21
NestedAggregatorTests:0.14666666666666667
