XMPPTransmitter:0.44
XStreamExtensionProvider:0.35
B:0.2733333333333333
XStreamPacketExtension:0.24305555555555558
A:0.22666666666666666
BreakpointActivityDataObjectConverter:0.15666666666666668
BreakpointActivityDataObject:0.13333333333333333
SharedBreakpointManager:0.06666666666666667
CustomType_Converter:0.03916666666666667
B_Converter:0.02666666666666667
CodeAndTools:0.0
