ClientNetworkConfig:0.72
AddressUtil:0.35333333333333333
ClientConnectionManagerImpl:0.34
NodeIOService:0.26
XmlClientConfigBuilder:0.235
XmlClientConfigBuilderTest:0.21333333333333335
TestClientNetworkConfig:0.19666666666666666
SpringXmlBuilder:0.18333333333333332
