ISharedProject:0.5478333333333333
ConcurrentDocumentManager:0.44666666666666666
ActivitySequencer:0.31666666666666665
SharedProject:0.24333333333333335
