AbstractSocketHandler:0.46
EventSocketHandler:0.27666666666666667
RemoteSubscriberHandler:0.19333333333333333
RemoteSubscriberServer:0.043333333333333335
EventSocketServer:0.03666666666666667
DataProvider:0.03
MemoryMapDataProvider:0.0033333333333333335
