JtdsPreparedStatement:0.3933333333333333
CallableStatementTest:0.30666666666666664
TdsCore:0.295
Support:0.2633333333333333
