GenbankReport:0.6666666666666666
PublicDbFeature:0.5233333333333333
GenbankRead:0.43666666666666665
