ClientMapProxy:0.5366666666666666
PrimitiveValueIncrementingProjection:0.31255555555555553
MyProcessor:0.21738888888888888
MapExecuteWithPredicateMessageTask:0.19
ClientPartitionPredicateTest:0.17666666666666667
