JobRepository:0.7733333333333333
AbstractStepDaoTests:0.35333333333333333
JobRepositorySupport:0.3266666666666666
MockStepDao:0.24666666666666667
ItemOrientedStepTests:0.24333333333333335
ItemOrientedStep:0.23666666666666666
TaskletStep:0.23333333333333334
JdbcStepExecutionDao:0.21
MockRestartableItemReader:0.19
StepExecutionDao:0.12444444444444443
SimpleJobRepositoryTests:0.12
MapStepDao:0.10777777777777779
SimpleJobRepository:0.1
TaskletStepTests:0.058333333333333334
ExceptionHolder:0.01
CommitFailedException:0.01
