DefaultLayoutParser:0.5366666666666666
MovieTest:0.2733333333333333
ClassA:0.16555555555555554
EmbeddedTest:0.03666666666666667
ClassB:0.023333333333333334
FurnitureSet:0.023333333333333334
BaseSitting:0.0
Chair:0.0
ClassD:0.0
Couch:0.0
ClassC:0.0
