Rule:0.81
BucketConfigurationXmlFactory:0.35333333333333333
ReplicationDestinationConfig:0.2966666666666667
BucketReplicationConfigurationHandler:0.13666666666666666
BucketLifecycleConfigurationHandler:0.12666666666666668
