CommunicationBean:0.4266666666666667
HitBean:0.3566666666666667
AnalysisReferenceBean:0.3233333333333333
UpdateAnnotation:0.2866666666666667
SelectReference:0.07666666666666666
PubAnalysisReferenceTable:0.023333333333333334
PubCommunicationTable:0.023333333333333334
