Test:0.42333333333333334
jOOQAbstractTest:0.26666666666666666
jOOQH2Test:0.25
jOOQDerbyTest:0.25
jOOQHSQLDBTest:0.25
jOOQSybaseTest:0.25
jOOQSQLServerTest:0.25
jOOQDB2Test:0.25
jOOQIngresTest:0.25
jOOQPostgresTest:0.25
jOOQMySQLTest:0.25
jOOQHSQLDBTest2:0.25
jOOQSQLiteTest:0.25
jOOQOracleTest:0.18666666666666668
Keys:0.17816666666666667
OracleFactory:0.09238095238095238
