SuperMethodCallOtherTest:0.5033333333333333
SuperCallBinderTest:0.29
DefaultCallBinderTest:0.17666666666666667
