WebUrlUtil:0.47
ZipAndDownloadSelectedFilesEvent:0.3433333333333333
ZipAndDownloadFolderEvent:0.325
GetZipDownloadFilesUrlCmd:0.31
GwtRpcServiceImpl:0.2425
FolderEntryMenu:0.235
FolderEntryComposite:0.2325
EntryMenuPanel:0.23166666666666666
GwtViewHelper:0.23
DataTableFolderViewBase:0.21666666666666667
ReadFileController:0.20333333333333334
BinderViewsHelper:0.19333333333333333
ActionMenuCell:0.17666666666666667
WebKeys:0.11166666666666666
