ProfileBackingBean:0.5033333333333333
SavedProfileSearch:0.4166666666666667
ProfileSearchEntry:0.31333333333333335
