ErrorNode:0.5333333333333333
Parser:0.3333333333333333
TreeViewer:0.3255555555555556
ParserRuleContext:0.24666666666666667
TreePostScriptGenerator:0.21666666666666667
ParseTreeListener:0.198
ParseTreeWalker:0.19166666666666668
TraceListener:0.19111111111111112
Trees:0.17333333333333334
ParseTreeVisitor:0.15
