TransportExecutorTest:0.42833333333333334
PlanNodeVisitor:0.4166666666666667
NodeVisitor:0.30666666666666664
