Options:0.6166666666666667
JavacEnvironment:0.3566666666666667
ParserEnvironment:0.33166666666666667
