MockRequestContext:0.5166666666666667
BeanFactoryBeanInvokingAction:0.48333333333333334
BeanFactoryBeanInvokingActionTests:0.31666666666666665
