TestJavaLR:0.5133333333333333
TestJava:0.5133333333333333
TestYang:0.44
