BooleanIOSetting:0.63
FileConvertor:0.4533333333333333
ReaderListener:0.20512698412698413
DefaultChemObjectReader:0.17666666666666667
WriterListener:0.12853968253968254
OptionIOSetting:0.12666666666666668
DefaultChemObjectWriter:0.11666666666666667
IOSetting:0.056666666666666664
StringIOSetting:0.006666666666666667
