TaskInfo:0.63
PageBuffer:0.4066666666666667
QueryInfo:0.3333333333333333
TaskOutput:0.24666666666666667
StatusPrinter:0.16666666666666666
SqlQueryWorker:0.14666666666666667
TaskScheduler:0.12333333333333334
ImportTableWorker:0.12
SimpleQuery:0.11
TestQueryResourceServer:0.10666666666666667
