PeerGroup:0.4
DeterministicKeyChain:0.38666666666666666
MnemonicCode:0.31
WalletFiles:0.2866666666666667
AbstractBitcoinNetParams:0.24666666666666667
PeerGroupTest:0.21
