LabelVar:0.63
RegExpr:0.43666666666666665
SPORule:0.36333333333333334
Wildcard:0.3333333333333333
VarSupport:0.2866666666666667
AnchorSearchItem:0.22666666666666666
MatchingAlgorithm:0.22333333333333333
Level:0.22
VarNodeEdgeHashMap:0.21666666666666667
PlanData:0.19333333333333333
VarEdgeSearchItem:0.19305555555555554
AbstractCondition:0.18833333333333332
MatrixAutomaton:0.18666666666666668
ConditionSearchItem:0.18333333333333332
NegatedSearchItem:0.18166666666666667
SearchPlanStrategy:0.17666666666666667
AutomatonTest:0.17333333333333334
RegExprEdgeMultipleRecord:0.17333333333333334
RegExprEdgeSearchItem:0.14666666666666667
VarNodeEdgeLinkedHashMap:0.14
ConditionRecord:0.12
BoundPartsComparator:0.11
VarAutomaton:0.08333333333333333
RegExprEdgeSingularRecord:0.07333333333333333
VarMap:0.07
NeededPartsComparator:0.04666666666666667
ConnectedPartsComparator:0.04666666666666667
ValuationEdge:0.01
