Lucene:0.7833333333333333
ShadowEngine:0.4166666666666667
ShadowEngineTests:0.27
LuceneTest:0.04666666666666667
