GetSnapshotsRequest:0.64
RestGetSnapshotsAction:0.24333333333333335
SnapshotsService:0.20666666666666667
RestSnapshotAction:0.18333333333333332
TransportGetSnapshotsAction:0.17333333333333334
GetSnapshotsRequestBuilder:0.09333333333333334
SharedClusterSnapshotRestoreIT:0.09333333333333334
