AbstractAdminModule:0.4
FunctionManagerImpl:0.29
AbstractZoneModule:0.27666666666666667
FunctionManager:0.23644444444444446
ObjectKeys:0.2067222222222222
AccessControlController:0.13333333333333333
