Record:0.7233333333333334
RecordStatistics:0.5233333333333333
MapService:0.36333333333333334
AbstractRecord:0.21
SimpleEntryView:0.17666666666666667
LockNamespace:0.16833333333333333
TxnPrepareBackupOperation:0.16333333333333333
LockWaitNotifyKey:0.14166666666666666
TxnLockAndGetOperation:0.12333333333333334
DeleteOperation:0.11666666666666667
MapTransactionLog:0.11
PutBackupOperation:0.1
RemoveBackupOperation:0.04666666666666667
