ApprovalExecutorUtilTest:0.5333333333333333
ApprovalExecutorUtil:0.48333333333333334
