Blueprint:0.7066666666666667
BlueprintManager:0.65
Add:0.12888888888888891
