ResourceLoader:0.63
ViewLoader:0.37333333333333335
ViewLoaderTest:0.36333333333333334
