JSONObject:0.4533333333333333
GLFieldRenderer:0.35
JSONArray:0.35
Field:0.32666666666666666
FieldElement:0.20955555555555555
Bouncy:0.18
BouncyDesktop:0.08333333333333333
