Util:0.53
InjectAdapterProcessor:0.39666666666666667
GraphVizWriter:0.19666666666666666
ModuleAdapterGenerationTest:0.19666666666666666
ModuleAdapterProcessor:0.18333333333333332
AdapterJavadocs:0.17333333333333334
InjectAdapterGenerationTest:0.11
