jOOQAbstractTest:0.4666666666666667
Matcher:0.3844444444444444
QueryLog:0.3233333333333333
MatcherImpl:0.3233333333333333
DebuggerTests:0.25333333333333335
