HttpEngine:0.39666666666666667
WebSocketCall:0.3333333333333333
WebSocketCallTest:0.27666666666666667
WebSocketRecorder:0.22333333333333333
