NetworkedImage:0.3566666666666667
DriverConductor:0.35333333333333333
NetworkPublication:0.3
SubscriptionLink:0.20666666666666667
DirectLog:0.10333333333333333
AeronClient:0.08
PublicationLink:0.06333333333333334
