MetaCollection:0.4666666666666667
MapFacadeBean:0.41
Message:0.38333333333333336
Invoice2Test:0.21666666666666667
CollectionElementViewBaseAction:0.20333333333333334
TrainingTest:0.19666666666666666
QuoteTest:0.13666666666666666
