Server:0.4033333333333333
Ping:0.33
Pong:0.33
SumRequest:0.25333333333333335
Client:0.023333333333333334
