Item:0.5633333333333334
AbstractFileCache:0.31333333333333335
Archive:0.30333333333333334
FileCache:0.29333333333333333
