BusinessEntityManager:0.666611111111111
KuwaibaService:0.2833333333333333
WebserviceBean:0.27666666666666667
WebserviceBeanRemote:0.235
BusinessEntityManagerImpl:0.22666666666666666
