Transcript:0.5766666666666667
AnnotationEditor:0.3377777777777778
DrawableAnnotatedSeqFeature:0.26912698412698416
