TestLeftRecursion:0.4766666666666667
Generator:0.4533333333333333
CompositeParserTestMethod:0.41431746031746036
TestParseTrees:0.4033333333333333
TestParserExec:0.37666666666666665
TestListeners:0.3
TestFullContextParsing:0.23666666666666666
TestSemPredEvalParser:0.21666666666666667
