Traversable:0.36666666666666664
AbstractSeqTest:0.35
AbstractTraversableTest:0.33666666666666667
Seq:0.297
Nil:0.24666666666666667
