Buffer:0.6866666666666666
Source:0.5233333333333333
Sink:0.5166666666666667
Okio:0.2966666666666667
RealBufferedSink:0.18666666666666668
RealBufferedSource:0.18666666666666668
MockSink:0.15
InflaterSource:0.12333333333333334
DeflaterSink:0.10333333333333333
GzipSink:0.1
RealBufferedSourceReadUtf8LineTest:0.09666666666666666
GzipSource:0.09666666666666666
ExhaustableSource:0.05
