AccessDataTest:0.3933333333333333
CountingInputStreamTest:0.23333333333333334
TestFileDataObject:0.22666666666666666
TestFileAccessData:0.16333333333333333
TestDefaultDataAccessorRegistry:0.1425
TestSynchronizedAccessData:0.12
TestFileAccessor:0.09333333333333334
TestAccessors:0.07
TestModelAccessData:0.016666666666666666
