TestEarlyStopping:0.30333333333333334
BaseIEvaluationScoreCalculator:0.26666666666666666
BaseEarlyStoppingTrainer:0.26666666666666666
TestEarlyStoppingCompGraph:0.14666666666666667
