NetworkPublication:0.7133333333333334
ReceiveChannelEndpoint:0.5133333333333333
