TdsSocket:0.48333333333333334
TdsResultSet:0.4266666666666667
TdsStatement:0.3933333333333333
TdsConnection:0.35333333333333333
