ActorRefImpl:0.43333333333333335
QueueChannel:0.39666666666666667
TransformingReceivePort:0.29
TransformingSendPort:0.26666666666666666
ActorTest:0.22
TransferChannel:0.16333333333333333
TransformingChannelTest:0.10666666666666667
