XLParser:0.5233333333333333
Scope:0.4766666666666667
Local:0.44
Compiler:0.43666666666666665
Id:0.42
Package:0.41333333333333333
Members:0.38666666666666666
Cast:0.36333333333333334
TypeScope:0.33666666666666667
XMethod:0.30333333333333334
Root:0.30333333333333334
ClassPath:0.30333333333333334
NoBytecode:0.3
CompilerBase:0.2966666666666667
Expression:0.2866666666666667
Conditional:0.2853333333333333
PredicateBuilder:0.2733333333333333
ASMType:0.27
ArgumentTransformations:0.25333333333333335
CClass:0.24
Resolver:0.23
Guard:0.22333333333333333
MethodScope:0.22
SimplePredicateData:0.20666666666666667
ASMMethod:0.20666666666666667
Place:0.20666666666666667
InheritedMethod:0.2
GetProperty:0.19666666666666666
Comparison:0.19666666666666666
CompilationUnitScope:0.19666666666666666
PropertyAssignment:0.19
AnnotationInfo:0.19
ProblemReporter:0.18666666666666668
StateExpression:0.18333333333333332
CompilerOptions:0.17866666666666667
ModelExpression:0.17
BytecodeWriter:0.16666666666666666
Production:0.16
InstanceScope:0.15666666666666668
BinaryExpression:0.15333333333333332
XLTokenizer:0.15333333333333332
Main:0.15333333333333332
GetQuery:0.14666666666666667
Shift:0.13666666666666666
Extension:0.1302777777777778
ExpressionFactory:0.1297777777777778
Applicability:0.12333333333333334
GetPropertyInstance:0.1
CompilationUnit:0.09333333333333334
AnnVisitor:0.07333333333333333
InvalidQueryModel:0.058333333333333334
ConstructorImplicit:0.05333333333333334
JavaTokenizer:0.05
ProduceImplicit:0.05
MEPImplicit:0.03333333333333333
PopIntArray:0.03333333333333333
PushInts:0.0325
EPImplicit:0.02
SwapBytecode:0.015833333333333335
ConstExpression:0.006666666666666667
XLTokenTypes:0.0
CompilerTokenTypes:0.0
