RubyDebugTarget:0.5633333333333334
RubyStackFrame:0.36333333333333334
RubyThread:0.36333333333333334
