AndroidApplication:0.40166666666666667
JoglApplication:0.3568571428571428
LwjglApplication:0.27466666666666667
AndroidGraphics:0.27166666666666667
Pixmap:0.27
Box2DCharacterControllerTest:0.27
JoglGraphics:0.24166666666666667
MovingPlatform:0.24
TextureAtlas:0.21333333333333335
Platform:0.17205555555555557
LwjglDebugStarter:0.08333333333333333
CirclePlatform:0.02666666666666667
