PyCursor:0.5633333333333334
Fetch:0.5166666666666667
PyConnection:0.29333333333333333
