FluxSceneBuilder:0.8133333333333334
FluxPolygon:0.3933333333333333
GPUFluxWhittedTracer:0.3
