AbstractConsumerConfig:0.44333333333333336
ConfigTest:0.4266666666666667
ConsumerConfig:0.2
