Formatter:0.7966666666666666
ReportToDo:0.4766666666666667
ReportMultDesc:0.1572222222222222
