List:0.4666666666666667
Collections:0.42483333333333334
Stream:0.4066666666666667
Array:0.33
Vector:0.24
CharSeq:0.23666666666666666
Queue:0.22333333333333333
AbstractSeqTest:0.15833333333333333
