CountMin4:0.4166666666666667
FeedbackFilter:0.41333333333333333
AdaptiveWindowTinyLfuPolicy:0.4
