RegistryDirectory:0.5033333333333333
ReferenceConfig:0.4266666666666667
ServiceConfig:0.4066666666666667
RegistryProtocol:0.25
