Benchmark3DTest:0.6233333333333333
IOSAudio:0.33166666666666667
IOSRobovmTests:0.31
