LocalSocketCommChannel:0.68
LocalSocketListener:0.4266666666666667
PreCachedInputStream:0.22333333333333333
