UIModule:0.528611111111111
MapDBStatsStorage:0.49666666666666665
SbeStatsReport:0.4066666666666667
CountingListener:0.37
TestStorageMetaData:0.25666666666666665
SbeStatsInitializationReport:0.25666666666666665
StorageMetaDataDecoder:0.24666666666666667
StatsListener:0.20444444444444443
TestMapDBStatsStore:0.15666666666666668
TestStatsListener:0.12666666666666668
PlayUIServer:0.1
UIServer:0.09
HistogramModule:0.04833333333333333
QueuePairStatsStorageListener:0.017388888888888888
TestPlayUI:0.016
QueueStatsStorageListener:0.0
