ResultImpl:0.5933333333333334
AbstractStore:0.4917063492063492
AttachableInternal:0.3869761904761903
AbstractQuery:0.30333333333333334
AbstractRoutine:0.2866666666666667
