ParserATNSimulator:0.7983333333333333
LexerATNSimulator:0.6044444444444445
