ExceptionResultParameters:0.5366666666666666
AbstractMessageTask:0.36
ClientInvocationFuture:0.245
InvocationMessageTask:0.18
AddressCodec:0.17
MapAddIndexMessageTask:0.14333333333333334
ResponseThread:0.14333333333333334
ClientCancellableDelegatingFuture:0.13
