CSSStyleDeclaration:0.5466666666666666
Window:0.37333333333333335
DomHtmlAttributeChangeListenerImpl:0.2677777777777778
HostParentOfTest:0.19666666666666666
CSS2Properties:0.15
