ResponseReceiver:0.7449444444444445
CommChannelHandlerRunnable:0.5736666666666667
