Help:0.15984172
HelpSystem:0.052374147
