DataManager:0.4033333333333333
Dbms:0.4
Util:0.38
Info:0.3466666666666667
XPath:0.32666666666666666
Set:0.31
AccessManager:0.30333333333333334
CatalogRequest:0.2866666666666667
SimpleTypeEntry:0.28444444444444444
Search:0.27666666666666667
SettingInfo:0.25833333333333336
SearchManager:0.25666666666666665
Harvest:0.24333333333333335
LuceneSearcher:0.24
Harvester:0.23666666666666666
KeywordBean:0.23333333333333334
AbstractOperation:0.22333333333333333
LocalServiceRequest:0.22333333333333333
Processor:0.21333333333333335
Upload:0.20666666666666667
GetDomain:0.20666666666666667
EditLib:0.20333333333333334
StringUtils:0.20333333333333334
GuiBuilder:0.2
SchemaLoader:0.19666666666666666
Geonetwork:0.19666666666666666
ServiceRequestFactory:0.19
FieldMapper:0.19
ComplexTypeEntry:0.18666666666666668
ElementEntry:0.18333333333333332
IO:0.18
CatalogSearcher:0.17666666666666667
ErrorHandler:0.165
FormPanel:0.165
GroupEntry:0.15666666666666668
GNProfileService:0.15
TextLib:0.14333333333333334
MySQLPanel:0.13333333333333333
PostgresPanel:0.13333333333333333
PostgisPanel:0.13333333333333333
JeevesServlet:0.12
SiteLib:0.11666666666666667
ImportField:0.11
Forward:0.11
ShibLogin:0.10666666666666667
PrepareFileDownload:0.09666666666666666
