Native:0.7366666666666667
CallbacksTest:0.37333333333333335
VMCrashProtectionTest:0.26666666666666666
