Liferay43Style:0.46055555555555555
Liferay51Style:0.4577777777777778
Servlets:0.42333333333333334
