Common:0.616388888888889
Filler:0.47333333333333333
ArticleProcessor:0.31666666666666665
