DownloadTaskQueue:0.38333333333333336
Aria:0.34
UploadTaskQueue:0.3333333333333333
DownloadSchedulers:0.2633333333333333
ITaskQueue:0.2633333333333333
DListener:0.25666666666666665
DownloadTask:0.235
UListener:0.22
AbsTarget:0.20142857142857143
DownloadModule:0.19666666666666666
UploadTask:0.19333333333333333
UploadSchedulers:0.17666666666666667
BaseConfig:0.17333333333333334
IEntity:0.16333333333333333
AbsTaskQueue:0.13
