SDHModuleActionsFactory:0.35333333333333333
DeleteSDHTransportLink:0.22333333333333333
GeneralPurposeDeleteSDHTransportLink:0.17333333333333334
