ReportModule:0.6572222222222222
AbstractBinderProcessor:0.41
ReportDownloadController:0.24333333333333335
AbstractFolderCoreProcessor:0.20916666666666667
ReportModuleImpl:0.20666666666666667
ObjectKeys:0.19127777777777774
