Coordinates:0.48
Vehicle:0.45666666666666667
Unit:0.3333333333333333
Person:0.3
SurfaceTerrain:0.23666666666666666
MainWindow:0.22
UnitManager:0.21666666666666667
Settlement:0.19666666666666666
MapDisplay:0.19333333333333333
Rover:0.17333333333333334
UnitToolBar:0.17
MasterClock:0.16333333333333333
VirtualMars:0.16
GlobeDisplay:0.15333333333333332
GroundVehicle:0.14333333333333334
SurfaceMap:0.11666666666666667
IntPoint:0.043333333333333335
SplashWindow:0.04
MarsProject:0.02666666666666667
