LdapModule:0.4594444444444444
GwtServerHelper:0.41333333333333333
NullLdapModuleImpl:0.35
ADLdapObject:0.3433333333333333
ModifyNetFolderRootDlg:0.29333333333333333
GwtRpcServiceImpl:0.24583333333333332
LdapModuleImpl:0.19333333333333333
GwtLdapHelper:0.15666666666666668
GwtADLdapObject:0.14666666666666667
GetLdapObjectFromADCmd:0.04
