DataDefinitionImpl:0.5233333333333333
FieldDefinitionImpl:0.43333333333333335
MDDNode:0.3277777777777778
FieldNode:0.2733333333333333
tableNew:0.22
MDDPostProcessorWalker:0.11333333333333333
MDDParserTest:0.09333333333333334
