Robolectric:0.71
ShadowApplication:0.37
ShadowAsyncTask:0.2966666666666667
RobolectricTest:0.28
AsyncTaskTest:0.14333333333333334
