ResumptionToken:0.48333333333333334
Transport:0.3333333333333333
Record:0.3233333333333333
Xml:0.25666666666666665
OaiPmh:0.24
Header:0.22666666666666666
Lib:0.20666666666666667
IdentifyResponse:0.15666666666666668
MetadataFormat:0.12666666666666668
AbstractResponse:0.12666666666666668
OaiPmhFactory:0.11333333333333333
SetInfo:0.09
ListResponse:0.07666666666666666
ListIdentifiersRequest:0.06
GetRecordRequest:0.06
GetRecordResponse:0.056666666666666664
IdentifyRequest:0.056666666666666664
ListSetsRequest:0.05
ListMetadataFormatsRequest:0.04666666666666667
ListRecordsRequest:0.04666666666666667
ListMetadataFormatsResponse:0.043333333333333335
OaiPmhException:0.043333333333333335
ListRecordsResponse:0.043333333333333335
ListSetsResponse:0.043333333333333335
ListIdentifiersResponse:0.043333333333333335
AbstractRequest:0.02
BadArgumentException:0.0033333333333333335
BadVerbException:0.0033333333333333335
CannotDisseminateFormatException:0.0
BadResumptionTokenException:0.0
NoSetHierarchyException:0.0
NoMetadataFormatsException:0.0
ListRequest:0.0
NoRecordsMatchException:0.0
IdDoesNotExistException:0.0
