ChartEditorPart:0.6466666666666666
SWTChartsComponentProvider:0.4533333333333333
CaEditor:0.24666666666666667
ChartComposite:0.235
SVGPanel:0.22333333333333333
SVGChartsSWTComponentProvider:0.22
JFCChartsSWTComponentsProvider:0.22
ExportChartEditorView:0.14
