SharedBuffer:0.48
BufferResult:0.4633333333333333
SharedBufferInfo:0.3
TestSharedBuffer:0.27
BufferInfo:0.26666666666666666
PartitionFunction:0.2277777777777778
NamedBuffer:0.16416666666666666
QueryExecutionResource:0.10666666666666667
