Settings:0.6066666666666667
BurstingContext:0.4633333333333333
Utils:0.41
EmailSender:0.31
TestBursterFactory:0.22
AbstractBurster:0.21
EmailMessageFactory:0.18666666666666668
EmailTest:0.18666666666666668
Scripting:0.16666666666666666
UtilsTest:0.16333333333333333
AbstractSender:0.15666666666666668
SenderFactory:0.15333333333333332
Scripts:0.12
UploadSender:0.09333333333333334
BursterSettings:0.07
