InferenceUtil:0.4766666666666667
FileSelectorPanel:0.46
FileInspectorPanel:0.41
NAO:0.2866666666666667
ListMap:0.05
InferenceUtilTest:0.006666666666666667
