TreeView:0.57
SpinnerWidget:0.33666666666666667
TimelineView:0.2816666666666667
ChangeCmPerYear:0.2175
TreeViewSettings:0.21333333333333335
TimelineViewSettings:0.18333333333333332
ZoomGlue:0.1411111111111111
SliderWidget:0.058333333333333334
