Location:0.45666666666666667
Walker:0.4266666666666667
PainlessScriptEngine:0.25666666666666665
SSource:0.18444444444444444
