WebClient:0.5188888888888888
History:0.31333333333333335
HistoryEntry:0.2711111111111111
Post2Servlet:0.16777777777777778
HistoryTest:0.13333333333333333
