DeskletInfo:0.39666666666666667
DeskletLoader:0.3433333333333333
Dependency:0.25
DeskletWidget:0.15
