Attribute:0.5966666666666667
RoboAttributeSet:0.48333333333333334
ShadowResources:0.4216666666666667
ShadowTheme:0.26
