Tuple8:0.26
Tuple4:0.26
Tuple5:0.26
Tuple6:0.26
Tuple7:0.26
Tuple2:0.26
Tuple3:0.26
RightProjection:0.2425
LeftProjection:0.2425
Tuple1:0.20333333333333334
Lazy:0.19333333333333333
Tuple8Test:0.19
Tuple1Test:0.18
Tuple3Test:0.18
Tuple7Test:0.18
Tuple5Test:0.18
Tuple2Test:0.18
Tuple4Test:0.18
Tuple6Test:0.18
