ParserConfig:0.4633333333333333
TypeUtils:0.3933333333333333
IOUtils:0.34
PathTest:0.14
TransientTest:0.09666666666666666
PropertiesInitializer:0.01
