ChronicleMap:0.6266666666666667
Segment:0.37666666666666665
ChronicleMapTest:0.3433333333333333
VanillaChronicleMap:0.3433333333333333
ReplicationCheckingMap:0.3233333333333333
SingleCloseMap:0.3233333333333333
StatelessChronicleMap:0.3233333333333333
ReplicatedChronicleMap:0.26666666666666666
ReadLocked:0.11333333333333333
WriteLocked:0.0
