NodeContext:0.5933333333333334
ServerDebugMBean:0.395
NodeNioServer:0.33
JPPFNode:0.2633333333333333
ApplicationConnection:0.24666666666666667
ServerDebug:0.21333333333333335
JPPFPriorityQueue:0.2
DriverJobManagement:0.19333333333333333
NodeExecutionManager:0.1738888888888889
JobEventTask:0.16333333333333333
JPPFJobManager:0.16333333333333333
JobScheduleAction:0.16333333333333333
JobExpirationAction:0.16333333333333333
TaskQueueChecker:0.16
SendingBundleState:0.09666666666666666
WaitInitialBundleState:0.08333333333333333
WaitingResultsState:0.08333333333333333
ServerDebugMBeanProvider:0.011944444444444445
