ExtractorHTML:0.7708333333333334
ExtractorCSS:0.41944444444444445
ExtractorHTML2:0.36333333333333334
