SystemShell:0.6133333333333333
ConsolePlugin:0.5033333333333333
Console:0.48333333333333334
Entry:0.2188888888888889
ConsoleProcess:0.18666666666666668
