Visitor:0.62
ColumnStatistics:0.49333333333333335
TableStatistics:0.36666666666666664
TestLocalQueries:0.14666666666666667
ShowStatsRewrite:0.09333333333333334
