HazelCastStateTracker:0.5005555555555555
MasterActor:0.3433333333333333
MultiThreadedTweetOpinionMining:0.17333333333333334
