SqlScriptFlywayCallback:0.5966666666666667
FlywayMediumTest:0.3233333333333333
SqlMigrationResolver:0.21
SqlMigrationResolverSmallTest:0.14
