HTMLElement:0.5022222222222222
CSSStyleDeclaration:0.42
Window:0.35333333333333333
Stylesheet:0.19444444444444442
CSSStyleDeclarationTest:0.12666666666666668
