EnsJConnectionUtil:0.72
EnsJAdapter:0.4866666666666667
DataFetcher:0.3566666666666667
EventHandler:0.31
FindCoordSystemsHandler:0.19777777777777777
ShowGeneCountsByTypeHandler:0.12333333333333334
FindSeqRegionsHandler:0.12
FindEnsemblDatabaseNamesHandler:0.10666666666666667
DataModelConversionUtil:0.0
