MapSourceContext:0.568888888888889
MapUtilities:0.38333333333333336
JFXSymbolRunwayRenderer:0.28
SymbolRunwayRenderer:0.24666666666666667
