NewWord:0.5233333333333333
LearnTool:0.24666666666666667
ForeignPersonRecognition:0.22166666666666668
NewWordRecognition:0.21666666666666667
NewWordNatureAttr:0.19666666666666666
NlpAnalysis:0.19
AsianPersonRecognition:0.17833333333333334
CompanyRecogntion:0.15
MathUtil:0.10666666666666667
SimpleDemo:0.09333333333333334
NewWordFindDemo:0.08666666666666667
NlpTest:0.08
