BackingBean:0.6333333333333333
PartnerBackingBean:0.31333333333333335
NavigationBackingBean:0.2866666666666667
ProfileBackingBean:0.26666666666666666
ProjectBackingBean:0.25
Person:0.24666666666666667
FreelancerBackingBean:0.19666666666666666
WrongDataServiceImpl:0.15666666666666668
CustomerBackingBean:0.14333333333333334
EntityEditorBackingBean:0.13666666666666666
WrappingBackingBean:0.13333333333333333
Navigatable:0.0
Updateable:0.0
