GrpcUtil:0.48333333333333334
ManagedChannelImpl:0.37333333333333335
InternalSubchannel:0.36333333333333334
OkHttpClientTransport:0.30666666666666664
ProxyParameters:0.2733333333333333
OkHttpClientTransportTest:0.2733333333333333
AbstractManagedChannelImplBuilder:0.2633333333333333
InternalSubchannelTest:0.24666666666666667
ProxyDetectorImplTest:0.20333333333333334
ManagedChannelImplTest:0.20333333333333334
LbHelperImpl:0.2
DnsNameResolverTest:0.18666666666666668
ManagedChannelImplIdlenessTest:0.17333333333333334
ProxyDetectorImpl:0.16666666666666666
DnsNameResolverProvider:0.10666666666666667
OkHttpTransportFactory:0.10666666666666667
