LayoutFrame:0.6266666666666667
InfoDialog:0.37
OptionDialog:0.32666666666666666
PrintLayoutPlugin:0.22
AboutDialogAction:0.17777777777777778
InfoDialogAction:0.13777777777777778
OptionDialogAction:0.13777777777777778
