AbstractChannelReplicator:0.5516666666666666
StatelessChronicleMap:0.4066666666666667
ClientConnector:0.34
