LoadDataFromFile:0.7333333333333333
SyncManager:0.31666666666666665
