StrutsMockHttpServletResponse:0.3801111111111111
DefaultActionMapper:0.36494444444444446
DefaultActionMapperTest:0.36
