DefaultWarScanner:0.7366666666666667
DefaultWarScannerTest:0.41333333333333333
