Main:0.61
PrintTabFrame:0.3466666666666667
GenericRepRap:0.3433333333333333
