ParameterizableAttributeMapper:0.48333333333333334
FlowScopeExpression:0.41
ParameterizableFlowAttributeMapper:0.3466666666666667
FlowScopeAwareParameterizableAttributeMapper:0.1743888888888889
FlowScopePropertyExpression:0.14
SampleFlowAttributeMapper:0.08333333333333333
