EngineExecutionListener:0.21661111111111112
JUnit5RunnerListener:0.14
ColoredPrintingTestListener:0.12666666666666668
ExecutionListenerAdapter:0.12333333333333334
TestExecutionListener:0.12083333333333333
CompositeTestExecutionListener:0.12083333333333333
SummaryCreatingTestListener:0.1
LoggingListener:0.1
