Atom:0.56
Bond:0.5333333333333333
AtomContainer:0.44666666666666666
GeometryTools:0.4033333333333333
PseudoAtom:0.3933333333333333
CrystalGeometryTools:0.31666666666666665
AtomTest:0.25333333333333335
GaussiansBasis:0.23666666666666666
Renderer2D:0.23666666666666666
TupleAtom:0.235
CMLFragmentsTest:0.23333333333333334
AtomPlacer:0.23
VASPReader:0.22666666666666666
SmilesGenerator:0.21666666666666667
MoleculeFactory:0.21
HydrogenAdderTest:0.21
ShelXWriter:0.20666666666666667
Convertor:0.2
AcceleratedRenderer3DModel:0.19333333333333333
RingPlacer:0.19333333333333333
CMLRoundTripTest:0.19333333333333333
SmilesGeneratorTest:0.19333333333333333
StructureDiagramGenerator:0.18833333333333332
MDLReader:0.18755555555555556
Controller2D:0.185
Gaussian98Reader:0.18
Gaussian03Reader:0.18
OverlapResolver:0.18
GhemicalMMReader:0.17666666666666667
CIFReader:0.17666666666666667
MDLWriter:0.17666666666666667
XYZWriter:0.17666666666666667
MDLV3000Reader:0.17666666666666667
PseudoAtomTest:0.17333333333333334
Renderer3D:0.17
GaussianInputWriter:0.17
HINWriter:0.16666666666666666
TemplateHandler:0.16666666666666666
PDBWriter:0.16
HydrogenPlacer:0.15611111111111112
HydrogenPlacerTest:0.155
AtomContainerModel:0.15333333333333332
PMPReader:0.15333333333333332
JOELibIOTest:0.15333333333333332
CrystClustWriter:0.14666666666666667
AtomTools:0.145
Mol2Reader:0.14333333333333334
VASPReaderTest:0.14
ChemFileCDO:0.13666666666666666
ShelXReader:0.13333333333333333
CrystClustReader:0.13333333333333333
GhemicalReaderTest:0.12333333333333334
RebondTool:0.10333333333333333
SimpleBasisSet:0.08333333333333333
Projector:0.08
BondTools:0.08
