UnitManager:0.7166666666666667
ArrivingSettlement:0.30666666666666664
