AbstractStep:0.6797222222222223
SimpleJob:0.39222222222222225
