WorkerActor:0.52
MasterActor:0.33
NeuralNetworkOptimizer:0.28
PosUimaTokenizer:0.18666666666666668
ActorNetworkRunnerTest:0.14333333333333334
