LocalTransportAddress:0.5133333333333333
InetSocketTransportAddress:0.36333333333333334
DummyTransportAddress:0.30666666666666664
DiskThresholdDeciderUnitTests:0.25
TransportAddressSerializers:0.20333333333333334
