SubBeanParameter:0.38
DropwizardConfiguredValidator:0.28
ConstraintViolationExceptionMapperTest:0.27666666666666667
PersonResource:0.22666666666666666
ValidatingResource:0.17666666666666667
PersonResourceTest:0.13
Partial1:0.0
BeanParameter:0.0
