Try:0.5133333333333333
TryTest:0.4066666666666667
Future:0.33666666666666667
FutureImpl:0.3303730158730158
