SliderRenderer:0.48600000000000004
MultiStateButtonRenderer:0.48600000000000004
