FlowExecutionListener:0.6844444444444445
FlowExecutionControlContextImpl:0.4533333333333333
FlowExecutionListenerList:0.37
MockFlowExecutionListener:0.21333333333333335
FlowExecutionListenerAdapter:0.15638888888888888
