Sprite:0.49166666666666664
Actor:0.4066666666666667
InputMultiplexer:0.34
GestureDetector:0.27
Group:0.25
CameraController:0.18333333333333332
GestureListener:0.1561111111111111
Box2DTestCollection:0.13666666666666666
Scene2dTest:0.13333333333333333
GestureAdapter:0.12666666666666668
RepeatAction:0.11
SpriteDrawable:0.09333333333333334
