BindingBuilder:0.6357777777777778
PreloadingTest:0.31666666666666665
