QueryBuilder:0.88
IndexDatabase:0.47
AnalyzerGuru:0.325
IndexDatabaseTest:0.15333333333333332
Results:0.15333333333333332
