Array:0.53
LongArray:0.2733333333333333
CharArray:0.2733333333333333
FloatArray:0.2733333333333333
IntArray:0.2733333333333333
ShortArray:0.2733333333333333
SnapshotArray:0.25666666666666665
DelayedRemovalArray:0.25666666666666665
BooleanArray:0.21333333333333335
Keys:0.09333333333333334
Values:0.09333333333333334
