AsyncIOInterceptor:0.6266666666666667
AtmosphereInterceptorWriter:0.6066666666666667
SSEAtmosphereInterceptor:0.17
AsyncIOInterceptorTest:0.14666666666666667
MessageLengthInterceptor:0.11333333333333333
AndroidAtmosphereInterceptor:0.10333333333333333
JSONPAtmosphereInterceptor:0.10333333333333333
