OperatorInfo:0.41333333333333333
TupleAnalyzer:0.2725
TypeRegistry:0.21888888888888886
TestEffectivePredicateExtractor:0.21666666666666667
ByteCodeExpressionVisitor:0.21666666666666667
Visitor:0.2
FunctionRegistry:0.19
AbstractTestQueryFramework:0.19
ServerMainModule:0.12333333333333334
TestingBlockEncodingManager:0.10333333333333333
