RBitSet:0.6933333333333334
RedissonBitSetTest:0.37
RBitSetAsync:0.3525
RedissonBitSet:0.24666666666666667
RedissonObject:0.20666666666666667
