HostParentOfATest:0.44333333333333336
HostParentOfITest:0.2966666666666667
BrowserParameterizedRunner:0.28
HostParentOfSTest:0.27666666666666667
HostTypeOfTest:0.23
HostClassNameTest:0.23
BroadcastChannel:0.14333333333333334
DOMMatrixReadOnly:0.14333333333333334
DOMMatrix:0.14333333333333334
MediaDevices:0.09666666666666666
StereoPannerNode:0.09666666666666666
CSSCounterStyleRule:0.08
