ConfirmationPopupHelper:0.3866666666666667
TaskFormTag:0.30666666666666664
Messages:0.28348412698412695
PrepertyTDBuilder:0.23666666666666666
StartProcessTDBuilder:0.22666666666666666
EnvImpl:0.18333333333333332
Env:0.13805555555555554
