ZooKeeperMasterModel:0.6533333333333333
RollingUpdateOpFactory:0.4747222222222222
RollingUpdateOpFactoryTest:0.08333333333333333
