CacheProxy:0.5133333333333333
CacheConfig:0.48333333333333334
ClientCacheProxy:0.28
CacheRecord:0.16
