Domain:0.5566666666666666
User:0.41333333333333333
Role:0.39666666666666667
Scope:0.39666666666666667
AuthenticationHandler:0.33666666666666667
Subject:0.2913730158730159
Handler:0.27977777777777774
Group:0.11277777777777777
SecureDomainTest:0.11
SessionListener:0.09
AuthorizationHandler:0.08666666666666667
Privilege:0.06
Type:0.03
