CudaGradientsAccumulator:0.5866666666666667
ParallelWrapper:0.4166666666666667
Builder:0.12
SilentTrainingDriver:0.09
WiredEncodingHandler:0.006666666666666667
