TableView:0.5966666666666667
EntityTableModel:0.30666666666666664
TableViewSettings:0.11333333333333333
ActionSelect:0.11111111111111109
ActionChangeType:0.08333333333333333
