AbstractTestCase:0.894626984126984
JupiterTestDescriptorTests:0.6630555555555556
