JxlsWorkbook:0.7533333333333333
JxlsSheet:0.5516666666666666
