NettyCompositeByteArrayBody:0.3846666666666667
NettyRequestFactory:0.2966666666666667
NettyByteArrayBody:0.2846666666666667
NettyFileBody:0.26633333333333337
NettyByteBufferBody:0.26
NettyInputStreamBody:0.25633333333333336
NettyMultipartBody:0.21333333333333335
NettyReactiveStreamsBody:0.2025952380952381
NettyBodyBody:0.1975952380952381
NettyBody:0.12333333333333334
