DSLContext:0.88
jOOQAbstractTest:0.4066666666666667
PlainSQLTests:0.26
FetchTests:0.25666666666666665
DefaultDSLContext:0.11
