ClientMapNearCachePreloaderTest:0.4666666666666667
ClientCacheNearCachePreloaderTest:0.39666666666666667
AbstractNearCachePreloaderTest:0.29333333333333333
