Document:0.69
Corpus:0.41333333333333333
CorpusImpl:0.41
DocumentImpl:0.36666666666666664
CreoleRegisterImpl:0.34
FeaturesEditor:0.26166666666666666
CreoleRegister:0.19416666666666665
CorpusEditor:0.18666666666666668
VerboseIterator:0.10333333333333333
