JVM:0.533888888888889
VarTracker:0.30111111111111116
SimpleFilteringSerializer:0.25
IterativeContextBounding:0.11333333333333333
ContextBoundingSchedulerFactory:0.03
