FieldSetMapper:0.8433333333333334
FlatFileItemReader:0.38
BeanWrapperFieldSetMapperTests:0.2966666666666667
OrderItemReader:0.18
FlatFileItemReaderBasicTests:0.17
BeanWrapperFieldSetMapper:0.16333333333333333
TradeFieldSetMapperTests:0.13
AbstractFieldSetMapperTests:0.11333333333333333
PassThroughFieldSetMapperTests:0.11333333333333333
OrderItemReaderTests:0.105
FlatFileItemReaderCommonTests:0.08666666666666667
MultiResourceItemReaderFlatFileTests:0.08666666666666667
GameFieldSetMapper:0.04
TradeFieldSetMapper:0.023333333333333334
PassThroughFieldSetMapper:0.006666666666666667
AddressFieldSetMapper:0.0033333333333333335
BillingFieldSetMapper:0.0033333333333333335
HeaderFieldSetMapper:0.0033333333333333335
PlayerFieldSetMapper:0.0033333333333333335
OrderItemFieldSetMapper:0.0
TradeMapper:0.0
CustomerFieldSetMapper:0.0
ShippingFieldSetMapper:0.0
