ImageViewerEventManager:0.5991666666666666
WeasisLauncher:0.565
ContextMenuHandler:0.24333333333333335
