ShadowApplication:0.7033333333333334
ShadowContextWrapper:0.36000000000000004
ContextWrapperTest:0.13
