Store:0.61
InternalEngine:0.4066666666666667
RestoreService:0.3466666666666667
InternalLock:0.26611111111111113
MetadataSnapshot:0.19744444444444442
IndexShardSnapshotAndRestoreService:0.15
RestoreContext:0.13666666666666666
CorruptedFileTest:0.06333333333333334
