ListenerConfig:0.31333333333333335
GroupConfig:0.3
JoinConfig:0.2866666666666667
SemaphoreConfig:0.26
TcpIpConfig:0.25666666666666665
MapIndexConfig:0.25333333333333335
MulticastConfig:0.25
AwsConfig:0.21666666666666667
NetworkConfig:0.21
TopicConfig:0.17666666666666667
ConfigXmlGenerator:0.16333333333333333
PartitionGroupConfig:0.15333333333333332
MemberGroupConfig:0.11666666666666667
ValidationUtil:0.07
