DataStructures:0.5166666666666667
IntervalData:0.32666666666666666
Matrix:0.3
KdTree:0.29722222222222217
