WizardDescriptor:0.4322222222222222
ComputationPlugin:0.4066666666666667
SelectComputationPage:0.36333333333333334
ComputationWizardCollection:0.3006666666666667
ComputationContentProvider:0.2
SelectComputationWizard:0.19166666666666668
SelectComputationAction:0.05333333333333334
ComputationWizardRegistry:0.03
