HiveSplit:0.5066666666666667
HiveClientConfig:0.36
HiveClient:0.33666666666666667
HiveSplitSourceProvider:0.23
AbstractTestHiveClient:0.21666666666666667
BenchmarkHiveFileFormats:0.2
TestHiveClientConfig:0.11
TestHiveSplit:0.06666666666666667
