TestIntrospector:0.4533333333333333
TestClassMethodsRunner:0.4533333333333333
MethodCollector:0.44166666666666665
