ValidityDate:0.5983333333333334
Log4jLogDevice:0.5266666666666666
ValidityDateTest:0.19333333333333333
