TestHTTPStatusCodes:0.5633333333333334
NotFound404Exception:0.48333333333333334
FedoraAccessServlet:0.38666666666666666
GetObjectHistoryServlet:0.3466666666666667
ListMethodsServlet:0.20277777777777778
FieldSearchServlet:0.19666666666666666
ListDatastreamsServlet:0.15
ServiceMethodDispatcher:0.1
