ATNAServer:0.42333333333333334
UDPHandler:0.25833333333333336
TCPHandler:0.25833333333333336
