Dialect:0.88
SessionFactoryImpl:0.32
SchemaCreatorImpl:0.2833333333333333
SchemaExport:0.2511111111111111
DatabaseInformationImpl:0.2
SchemaDropperImpl:0.18666666666666668
SchemaMigratorImpl:0.18333333333333332
DatabaseInformation:0.15833333333333333
AvailableSettings:0.15833333333333333
