NameTable:0.53
Types:0.36333333333333334
GeneratedExecutableElement:0.32666666666666666
JavaToIOSMethodTranslator:0.29
TypeDeclarationGenerator:0.27166666666666667
Mappings:0.23666666666666666
