WxXmlConfigStorage:0.46
WxServiceImpl:0.4266666666666667
WxBaseAPITest:0.37666666666666665
WxMassSendResult:0.31333333333333335
WxService:0.25666666666666665
WxMassVideo:0.22333333333333333
WxMassMessageGsonAdapter:0.06
WxMassNews:0.05333333333333334
