Fiber:0.6666666666666666
Strand:0.49
SimpleConditionSynchronizer:0.2633333333333333
Node:0.23666666666666666
Selector:0.21666666666666667
QueueChannel:0.21333333333333335
FiberTimedScheduler:0.20833333333333334
ThreadStrand:0.19833333333333333
FiberTest:0.19666666666666666
TransferChannel:0.18333333333333332
ConditionSynchronizer:0.17833333333333334
FiberStrand:0.17333333333333334
ScheduledFutureTask:0.17333333333333334
ConditionSelector:0.15333333333333332
OwnedSynchronizer:0.14333333333333334
