DBCollection:0.55
DBBase:0.24666666666666667
MyPort:0.21666666666666667
DBTCP:0.21416666666666667
JSON:0.19666666666666666
JavaClientTest:0.17333333333333334
JSONTest:0.17
BasicDBObjectTest:0.16777777777777778
MyCollection:0.14
DuplicateKey:0.03
