AuthorizationRequestRepository:0.6566666666666666
OAuth2AuthorizationRequestRedirectFilterTests:0.33
OAuth2LoginAuthenticationFilterTests:0.27666666666666667
OAuth2AuthorizationRequestRedirectFilter:0.23
OAuth2LoginAuthenticationFilter:0.22666666666666666
AuthorizationEndpointConfig:0.14333333333333334
