ResourceUtils:0.6866666666666666
BaseStringCipherExecutor:0.33
AbstractCipherExecutor:0.25333333333333335
