PrepareFileDownload:0.5433333333333333
Set:0.4766666666666667
Get:0.21333333333333335
