GTS:0.7366666666666667
MatchSetCollector:0.6233333333333333
RuleJTree:0.26666666666666666
AbstractStrategy:0.25333333333333335
LinearConfluentRules:0.17666666666666667
AGTS:0.16666666666666666
ConfluentMatchSetCollector:0.13666666666666666
