ConstructionSite:0.7966666666666666
ConstructionValues:0.4533333333333333
