Context:0.4866666666666667
ArchiverSystemTest:0.42333333333333334
ArchiveRecordingLoadTest:0.38333333333333336
ArchiveReplayLoadTest:0.2866666666666667
