Generator:0.54
Loader:0.5266666666666666
Parser:0.2733333333333333
MethodInformation:0.023333333333333334
