ClusterManager:0.77
MembersUpdateCall:0.4033333333333333
MasterConfirmation:0.30333333333333334
GroupProperties:0.07333333333333333
