EditorManager:0.6433333333333333
FollowModeAction:0.25333333333333335
