ClassLoaderConnection:0.605
JPPFResourceWrapper:0.56
JPPFClassLoader:0.4633333333333333
AbstractJPPFClassLoaderLifeCycle:0.4033333333333333
AbstractJPPFClassLoader:0.36666666666666664
ResourceRequestRunner:0.335
JPPFLocalClassLoader:0.18
ClassLoaderRequestHandler:0.04666666666666667
RemoteClassLoaderConnection:0.02666666666666667
AbstractClassLoaderConnection:0.01
LocalClassLoaderConnection:0.006666666666666667
