AbstractAdminModule:0.5991666666666666
ManageBinderQuotaController:0.30666666666666664
ManageQuotasController:0.30666666666666664
