DataManager:0.5666666666666667
Xml:0.2833333333333333
EditLib:0.24
ErrorHandler:0.19666666666666666
SchematronReportRulesFilter:0.19666666666666666
MetadataSchema:0.15333333333333332
ImportFromDir:0.15
Session:0.09666666666666666
Validate:0.041666666666666664
Csw:0.0033333333333333335
