FeatureTier:0.43333333333333335
GAMEAdapter:0.3333333333333333
FeatureTierManager:0.2633333333333333
FlyDisplayPrefs:0.25166666666666665
TierView:0.23
DrawableTierManager:0.21666666666666667
SetDetailPanel:0.21
