MapTest:0.51
ObjectMapProxy:0.42333333333333334
MapProxySupport:0.4166666666666667
DefaultRecordStore:0.28
