Utils:0.65
FormatsStrategy:0.424
ReusableObjManager:0.30944444444444447
FindDuplicates:0.20333333333333334
ViewNonValidated:0.15333333333333332
