ApacheDSStartStopBean:0.47333333333333333
LdapBeanDefinitionParser:0.3566666666666667
LdapBeanDefinitionParserTests:0.13666666666666666
SecurityNamespaceHandler:0.08
