PosPanel:0.7383333333333333
PayDialog:0.40166666666666667
