GwtTeamingMessages:0.6222222222222222
RequestInfo:0.5572222222222222
ChangePasswordDlg:0.43333333333333335
LoginDlg:0.36
InvokeChangePasswordDlgEvent:0.3333333333333333
PasswordPolicyHelper:0.2833333333333333
GwtMainPage:0.24666666666666667
GwtRpcServiceImpl:0.23666666666666666
AuthenticationManagerImpl:0.2272222222222222
ZoneAwareLocalAuthenticationProviderImpl:0.21444444444444447
GwtServerHelper:0.20333333333333334
AbstractAuthenticationProviderModule:0.17666666666666667
UserAccountNotActiveException:0.17666666666666667
UserActionsPopup:0.17333333333333334
LoginController:0.14666666666666667
UserIdNotActiveException:0.14
ChangePasswordCmd:0.12666666666666668
WebKeys:0.016666666666666666
