PropertyResources:0.6533333333333333
CommonLogic:0.32666666666666666
InitializerLogic:0.2833333333333333
DatabaseProperties:0.15
