FastJsonHttpMessageConverter:0.4766666666666667
MappingFastJsonValue:0.4683333333333333
FastJsonpResponseBodyAdvice:0.2683333333333333
JSONPObject:0.22
FastJsonpHttpMessageConverter4Case1Test:0.2
FastJsonpHttpMessageConverter4Case3Test:0.2
FastJsonpHttpMessageConverter4Case2Test:0.2
FastJsonHttpMessageConverterJSONPCaseTest:0.16666666666666666
JSONPResponseBodyAdvice:0.16333333333333333
FastJsonViewAndJSONPControllerTest:0.12
FastJsonpHttpMessageConverter4Test:0.09333333333333334
