IndexShard:0.7666666666666667
ModuleTestCase:0.24666666666666667
FieldMaskingReader:0.23666666666666666
IndexShardTests:0.18666666666666668
