BuildInformationRepository:0.5922222222222223
BuildInformationHelper:0.43866666666666665
BuildLoopController:0.1475
BuildLoopControllerTest:0.09666666666666666
