HTMLResource:0.7966666666666666
Bc_oscarPlugin:0.4033333333333333
RecognizedChemistryResourceCreator:0.2733333333333333
