SimpleStepExecutorTests:0.5466666666666666
MockRestartableTasklet:0.48
StepExecutorInterruptionTests:0.26666666666666666
SimpleStepTests:0.24
