Viewer:0.8233333333333334
NodeViewI:0.5366666666666666
JnetManager:0.31333333333333335
NodeView:0.31
JnetFilterObserver:0.20333333333333334
JnetPanel:0.15333333333333332
