Pointtransfer:0.616388888888889
ActivityProcessor:0.21666666666666667
ActivityMgmtService:0.14
