Email:0.7033333333333334
ReceiveMailSession:0.36333333333333334
ReceiveMail:0.19777777777777777
SendMail:0.10111111111111111
