NotificationManager:0.5833333333333334
MockDatabase:0.42333333333333334
NotificationsTestCase:0.31
NotificationTask:0.21333333333333335
NotifdConfigManager:0.15154761904761904
MockNotifdConfigManager:0.12333333333333334
