Summary:0.5333333333333333
Vars:0.4795
TaskSummary:0.38
AlarmManager:0.23333333333333334
