Tds:0.56
EscapeProcessor:0.43666666666666665
CallableStatement_base:0.3408888888888889
