Analyzer:0.48
InsertIntoIntegrationTest:0.43666666666666665
AnalyzedStatementVisitor:0.23666666666666666
UnboundDispatcher:0.21333333333333335
InsertFromSubQueryAnalyzer:0.18333333333333332
InsertFromValuesAnalyzer:0.18333333333333332
SessionTest:0.15833333333333333
UnboundAnalyzer:0.09666666666666666
