Skin:0.5566666666666666
LongMap:0.37333333333333335
IntMap:0.37333333333333335
ObjectIntMap:0.37333333333333335
IdentityMap:0.31333333333333335
OrderedMap:0.25333333333333335
ObjectMap:0.23
TextButton:0.21994444444444444
ImageButton:0.21994444444444444
