CommentListBean:0.5166666666666667
BeanFactory:0.3844444444444445
SimpleBeanSubfactory:0.14333333333333334
