PassiveStatusConfig:0.7406111111111111
PassiveStatusKeeper:0.6233333333333333
PassiveStatusd:0.3
PassiveStatusKeeperTest:0.28
PassiveStatusConfigFactory:0.21333333333333335
