GL30Profiler:0.92
GL20Profiler:0.3962222222222222
GLProfiler:0.29333333333333333
