BioResource:0.8133333333333334
SpectrumResource:0.51
PeakTableViewer:0.2511111111111111
BioResourceChangeListener:0.24699999999999997
DrawingPanel:0.18833333333333332
SpectrumMetadataView:0.17666666666666667
ContinuousSpectrumView:0.15666666666666668
InnerSpectrumListView:0.15333333333333332
PeakView:0.13666666666666666
PeakSpectrumView:0.13666666666666666
