CallTest:0.5616666666666666
HttpLoggingInterceptorTest:0.36333333333333334
RealConnection:0.23
HttpLoggingInterceptor:0.19
