JobHelper:0.5766666666666667
ScheduleJobActionHandler:0.2546666666666667
CreateTimerActionHandler:0.25333333333333335
CancelTimerActionHandler:0.18
CancelJobActionHandler:0.13
TimerTest:0.07333333333333333
