GOTerm:0.5033333333333333
AddTerm:0.5
GORDFHandler:0.24355555555555555
GOTermCollection:0.20666666666666667
GoRdfHandlerTest:0.12333333333333334
