Simulator:0.49833333333333335
ScenarioMenu:0.34
ExploreRepeatAction:0.25333333333333335
