FileUtil:0.6833333333333333
FileIO:0.41
StreamIO:0.3566666666666667
jython:0.30333333333333334
