Mouse:0.7766666666666666
Keyboard:0.48333333333333334
