HealpixMapFloat:0.7333333333333333
HealpixMapDouble:0.5166666666666667
FitsUtilTest:0.37666666666666665
