HopParser:0.6033333333333334
CompilerView:0.27
DFA22:0.21800000000000003
DFA21:0.19799999999999998
DFA43:0.19799999999999998
