Fam:0.6
Back:0.37333333333333335
EditView:0.30666666666666664
CreateRelationship:0.19333333333333333
CreateXReference:0.19
CreateSpouse:0.12333333333333334
CreateParent:0.11333333333333333
Callback:0.09333333333333334
CreateChild:0.07333333333333333
CreateSibling:0.03666666666666667
