ExecutionService:0.6233333333333333
ScheduledExecutorServiceDelegate:0.29
ExecutionServiceImpl:0.25333333333333335
AbstractReplicatedRecordStore:0.22333333333333333
BasicInvocation:0.22
BasicOperationService:0.21333333333333335
PartitionServiceImpl:0.2111111111111111
QueueService:0.20666666666666667
ClusterServiceImpl:0.19333333333333333
MapContainer:0.19333333333333333
ScheduledTaskRunner:0.06
