StringUtil:0.7233333333333334
ActionMethodParser:0.32
StringUtilTest:0.29
AllTests:0.20666666666666667
