ForDeclaredMethods:0.4569444444444444
AdviceTest:0.32
Sample:0.23
TrivialAdviceSkipException:0.1
UnusedReturnValue:0.05055555555555556
