ImagePanel:0.6166666666666667
ImageToolbar:0.6166666666666667
ShowViewerDelegate:0.14333333333333334
ShowImageViewDelegate:0.09333333333333334
