PutFromLoadOperation:0.43
MapContainer:0.4033333333333333
MapStoreTest:0.35333333333333333
MapLoadAllTask:0.23111111111111116
