Constant:0.53
BooleanConstant:0.43333333333333335
ByteCodeExpressions:0.2833333333333333
ByteCodeVisitor:0.2
DumpByteCodeVisitor:0.19
TestConstantByteCodeExpression:0.15
