CompoundProcessor:0.53
PipelineExecutionServiceTests:0.5
IngestClientIT:0.29333333333333333
CompoundProcessorTests:0.22416666666666665
