RedissonExecutorService:0.47333333333333333
RemotePromise:0.30666666666666664
ScheduledTasksService:0.265
BaseRemoteService:0.25666666666666665
RedissonExecutorFuture:0.11222222222222224
