DefaultLoggingFactory:0.39666666666666667
CachingAuthenticatorTest:0.33666666666666667
CachingAuthenticator:0.31666666666666665
DropwizardApacheConnectorTest:0.16
DbMigrateCommand:0.11
