AsyncDataSetIterator:0.53
MultiLayerNetwork:0.41
ComputationGraph:0.29
AsyncMultiDataSetIterator:0.26666666666666666
ListBuilder:0.18666666666666668
