ByteArrayClassLoader:0.5516666666666666
ByteArrayClassLoaderTest:0.43666666666666665
ByteArrayClassLoaderChildFirstTest:0.3466666666666667
ChildFirst:0.3
UrlDefinitionAction:0.2733333333333333
ClassLoaderCreationAction:0.17333333333333334
ByteArrayClassLoaderObjectPropertiesTest:0.08
SingletonEnumeration:0.075
PrependingEnumeration:0.04
