RepeatOperationsInterceptor:0.5166666666666667
RetryOperationsInterceptor:0.5166666666666667
RepeatOperationsInterceptorTests:0.4633333333333333
RetryOperationsInterceptorTests:0.29
