HiveClientConfig:0.71
HiveClient:0.47333333333333333
AbstractTestHiveClient:0.32666666666666666
TestHiveClientConfig:0.24333333333333335
