DBMolecule:0.5802777777777778
CDKMolecule:0.4666666666666667
