MPayment:0.6833333333333333
X_C_PaymentCharge:0.44666666666666666
MPaymentCharge:0.43666666666666665
