MathFunctions:0.7178888888888889
TestMathFunctions:0.44711111111111107
