XmlConfigBuilder:0.5833333333333334
ConfigXmlGenerator:0.495
XMLConfigBuilderTest:0.33666666666666667
