SimpleJobOperator:0.7766666666666666
SimpleJobOperatorTests:0.48333333333333334
