RrPolygon:0.7033333333333334
LayerProducer:0.4066666666666667
