QueryState:0.7266666666666667
Matcher:0.4166666666666667
