InjectorImpl:0.30666666666666664
ConstructorBindingImpl:0.2633333333333333
Provision:0.25
RecordingBinder:0.24
BoundProviderFactory:0.23666666666666666
InternalFactoryToInitializableAdapter:0.235
ConstructorInjector:0.225
Sole:0.2063968253968254
Many:0.2063968253968254
Binder:0.19503968253968257
AbstractModule:0.17333333333333334
ChainAsserter:0.16333333333333333
SpecialChecker:0.16333333333333333
BindingProcessor:0.14
ProvisionListenerBinding:0.13333333333333333
ProvidedByInternalFactory:0.11333333333333333
ProviderInternalFactory:0.11
KeyBinding:0.11
ProvisionListenerTest:0.10666666666666667
ProvisionInvocation:0.07
ProvisionListenerCallbackStore:0.06
Capturer:0.05333333333333334
ProvisionListenerStackCallback:0.04666666666666667
