Configuration:0.44838888888888895
GenericProcessLauncher:0.37666666666666665
BaseSetup:0.27
JPPFTestRunner:0.1825
DriverProcessLauncher:0.043333333333333335
NodeProcessLauncher:0.043333333333333335
