JUMPConfiguration:0.4533333333333333
SelectAllLayerItemsPlugIn:0.15744444444444444
SelectItemsByFenceFromSelectedLayersPlugIn:0.15744444444444444
ExtractLayersByGeometry:0.15666666666666668
ExtractLayersByAttribute:0.12333333333333334
SelectItemsByCircleFromSelectedLayersPlugIn:0.12333333333333334
ExtractLayerInFence:0.12333333333333334
SelectByTypePlugIn:0.12333333333333334
