Node:0.6233333333333333
HTMLElement:0.4666666666666667
HTMLElementTest:0.42
