SuperJumperIOS:0.29
BouncyIOS:0.23333333333333334
CubocIOS:0.23333333333333334
PaxBritannicaIOS:0.23333333333333334
GdxInvadersIOS:0.23333333333333334
