AlignSubMenu:0.5766666666666667
AnnotationMenu:0.4533333333333333
TierPopupMenu:0.38333333333333336
