LdapTemplate:0.5616666666666666
LdapTemplateTest:0.39666666666666667
LdapTemplateSearchResultITest:0.3333333333333333
