x86ReferenceCompiler:0.6333333333333333
Compil3rInterface:0.36822222222222223
SimpleCompiler:0.26
Unsafe:0.22333333333333333
TraceFlags:0.19666666666666666
Method:0.19333333333333333
Factory:0.15083333333333335
Delegates:0.03538888888888889
