SarosSessionManager:0.4526666666666667
VersionResponsePacket:0.41
VersionRequestPacket:0.36
OutgoingSessionNegotiation:0.3146666666666667
InvitationWizard:0.28
XMPPTransmitter:0.27666666666666667
TransmitterStub:0.11333333333333333
VersionManager:0.06
ITransmitter:0.015
