BoundedLocalCache:0.5033333333333333
Caffeine:0.4777777777777777
CacheBuilderGwtTest:0.25666666666666665
CacheBuilderFactory:0.22
IsValidBoundedLocalCache:0.21333333333333335
CacheEvictionTest:0.19333333333333333
CacheBuilderTest:0.18666666666666668
BoundedLocalCacheTest:0.16666666666666666
Stresser:0.14833333333333334
LocalLoadingCacheTest:0.14666666666666667
UpdateTask:0.13666666666666666
