MongoDatabase:0.8486111111111111
MongoDatabaseImpl:0.33
MongoClient:0.30666666666666664
MongoIterableImpl:0.23333333333333334
ListCollectionsIterableImpl:0.14
ListDatabasesIterableImpl:0.06333333333333334
