MetaComponent:0.673888888888889
Shipment:0.3566666666666667
