ReopenableImageInputStream:0.9833333333333333
DicomFilter:0.3566666666666667
ImageServletResponseItem:0.29
DicomImageFilter:0.22333333333333333
