ZipFile:0.49666666666666665
ClassLibInterface:0.36
Interface:0.3233333333333333
