BatchPresentation:0.5566666666666666
ExternalCriteriaFilter:0.36333333333333334
GroupState:0.3233333333333333
ClassPresentation:0.26
ArraysCommons:0.24333333333333335
ReflectionRowBuilder:0.23666666666666666
JbpmCommonLogic:0.23
TableViewSetupForm:0.19
JbpmExecutionLogic:0.19
TDBuilder:0.17700000000000002
ProcessInstanceBaseDateTDBuilder:0.17
SortingHeaderBuilder:0.165
TableViewSetupFormTag:0.15333333333333332
ListTasksFormTag:0.12333333333333334
ExecutorClassPresentation:0.11333333333333333
ProcessDefinitionClassPresentation:0.11333333333333333
ProcessInstanceClassPresentation:0.11333333333333333
TaskClassPresentation:0.11333333333333333
TableViewSetupFormAction:0.10666666666666667
TaskProcessDefinitionTDBuilder:0.10333333333333333
HibernateRawFormatter:0.07
TaskVariableTDBuilder:0.06
TaskRoleTDBuilder:0.056666666666666664
PropertiesProcessTDBuilder:0.043333333333333335
CheckboxTDBuilder:0.04
TypeProcessTDBuilder:0.03
TaskOwnerTDBuilder:0.02666666666666667
TaskProcessInstanceIdTDBuilder:0.02
StartProcessTDBuilder:0.0033333333333333335
DescriptionProcessTDBuilder:0.0033333333333333335
RedeployProcessTDBuilder:0.0
TaskActorTDBuilder:0.0
