Value:0.39
TryTest:0.36333333333333334
Failure:0.29
Future:0.25666666666666665
Property:0.23333333333333334
FutureTest:0.22
TryModule:0.08
CheckError:0.023055555555555555
