PropertyPathTokenPredicate:0.49333333333333335
DeepScanTest:0.4200555555555555
