Request:0.69
RequestImpl:0.43
NettyAsyncHttpProvider:0.33
AsyncHttpProviderUtils:0.25222222222222224
PerRequestRelative302Test:0.17666666666666667
