InjectorBuilder:0.4866666666666667
BuiltInModule:0.3466666666666667
LoggerInjectionTest:0.28
LoggerFactory:0.22666666666666666
