Connection:0.49
HttpEngine:0.47
HttpConnection:0.36666666666666664
SyncApiTest:0.36666666666666664
