OnmsEvent:0.5733333333333334
OnmsOutage:0.5
LazyOutage:0.25666666666666665
OutageSaveOrUpdate:0.15
OutageMapper:0.12
OutageDaoTest:0.11333333333333333
OutageListBuilder:0.09666666666666666
