Util:0.4288888888888889
DiskLruCacheTest:0.38666666666666666
DiskLruCache:0.36333333333333334
Cache:0.33066666666666666
Entry:0.24333333333333335
Editor:0.19066666666666668
