GeonetContext:0.5433333333333333
ThreadPool:0.38333333333333336
Geonet:0.33322222222222225
SearchManager:0.2966666666666667
Delete:0.16222222222222224
FileCopyMgr:0.14666666666666667
Remove:0.14333333333333334
Params:0.14
Create:0.11666666666666667
Geonetwork:0.11333333333333333
