IRenderingVisitor:0.53
ElementGroup:0.44
IntermediateRenderer:0.25
LineElement:0.18666666666666668
OvalElement:0.18666666666666668
TransformingDrawVisitor:0.18333333333333332
TextElement:0.15333333333333332
WedgeLineElement:0.13333333333333333
RingElement:0.12
DistanceSearchVisitor:0.09
PrintVisitor:0.09
