JOCLCore:0.49333333333333335
JOCLKernel:0.36333333333333334
JOCLProgram:0.35
GPUFlux:0.27
GPUFluxRenderer:0.25
GPUFluxLightModel:0.19666666666666666
GPUFluxLightTracer:0.12333333333333334
GPUFluxPathTracer:0.12333333333333334
GPUFluxWhittedTracer:0.11
