GlobalConfigurationSession:0.809484126984127
GlobalConfigurationSessionBean:0.4033333333333333
ConfigDumpCommand:0.3
