RWorkspace:0.8666666666666667
Toolbox:0.37333333333333335
SpecificitesResult:0.3466666666666667
