Configuration:0.6833333333333333
BindingTest:0.2733333333333333
SqlSessionTest:0.26666666666666666
BaseExecutorTest:0.25
