GeometryTools:0.6333333333333333
AbstractController2D:0.30333333333333334
JChemPaintPanel:0.295
JChemPaintAbstractApplet:0.22
