TransportSQLActionTest:0.5066666666666667
Setup:0.37666666666666665
QueryVisitor:0.24333333333333335
MinAggState:0.19666666666666666
MinAggFunction:0.15
QueryVisitorTest:0.13333333333333333
MaxAggState:0.06333333333333334
MaxAggFunction:0.05
