DataLoaderTest:0.36666666666666664
DataLoaderServiceTest:0.31
TableTemplate:0.29333333333333333
StatementBuilder:0.29333333333333333
AbstractDataLoaderTest:0.24333333333333335
