Router:0.8166666666666667
ConnectionsPage:0.4076269841269841
