AttributeSet:0.4378968253968254
ByteUtils:0.42
BasicAttributeSet:0.36
VR:0.3433333333333333
FilteredAttributeSet:0.32666666666666666
US:0.3182777777777778
IS:0.2783333333333333
DS:0.25166666666666665
BasicAttribute:0.24333333333333335
VRTest:0.22333333333333333
ASCIIVR:0.17666666666666667
StringVR:0.17666666666666667
TM:0.13
IntHashtable:0.12333333333333334
IntVR:0.11666666666666667
FL:0.10444444444444445
PN:0.09333333333333334
ShortVR:0.08666666666666667
FD:0.051666666666666666
TextVR:0.043333333333333335
UL:0.02666666666666667
SL:0.02666666666666667
