IssueTracker:0.6932222222222222
IssueHandler:0.6916666666666667
TasksTree:0.39666666666666667
NewIssueDialog:0.35
JiraTracker:0.2966666666666667
