WebClient:0.7933333333333333
AppletConfirmHandler:0.35333333333333333
HtmlApplet:0.31666666666666665
HtmlAppletTest:0.12
