Robot:0.6772222222222222
RobotTest:0.43333333333333335
