ExtendedOsStats:0.5266666666666666
NodeOsCgroupMemStatsExpression:0.38333333333333336
ExtendedNodeInfo:0.24666666666666667
NodeOsCgroupMemExpression:0.16166666666666665
NodeOsExpressionTest:0.14666666666666667
NodeOsCgroupExpression:0.14333333333333334
NodeOsCgroupStatsExpression:0.03333333333333333
