GL:0.7416666666666667
CoreGL11:0.35333333333333333
