RSSExpandedReader:0.5566666666666666
Code39Reader:0.44
CodaBarReader:0.20666666666666667
