TypeUtils:0.9533333333333334
FieldSerializer:0.2733333333333333
SerializeConfig:0.25333333333333335
