AndroidTranslator:0.571111111111111
FakeMapView:0.33
FakeMapController:0.13666666666666666
AndroidTranslatorTest:0.13333333333333333
FakeClassWithNoDefaultConstructors:0.04
