QueryBuilder:0.8166666666666667
AggregatedAuditExpression:0.26666666666666666
MaximalizePropertyQuery:0.17
