StatusPrinter:0.67
AlignedTuplePrinter:0.4454444444444444
Execute:0.20333333333333334
