Selection:0.53
Cooccurrence:0.38333333333333336
TxmRenderer:0.25666666666666665
JSeshRenderer:0.21666666666666667
PatchCwbRegistry:0.18666666666666668
