ParsedStatement:0.5333333333333333
QueryVisitorTest:0.3233333333333333
QueryPlanner:0.31666666666666665
XContentGenerator:0.20333333333333334
TransportSQLActionTest:0.1
NonOptimizableOrClauseException:0.03333333333333333
