ModuleAdapter:0.42
Linker:0.4033333333333333
SetBinding:0.33
DaggerObjectGraph:0.29
Modules:0.24166666666666667
TestingModuleAdapter:0.15333333333333332
DeferredBinding:0.14666666666666667
