CLSHeader:0.4442619047619048
SCQHeader:0.4442619047619048
ConcurrentTestHarness:0.3433333333333333
