View:0.5466666666666666
ModuleTestBase:0.39
MetaView:0.3433333333333333
DeliveriesTest:0.30666666666666664
PropertiesManager:0.29444444444444445
InvoicesTest:0.22666666666666666
ViewParser:0.19666666666666666
MetaViewAction:0.07333333333333333
MetaMemberView:0.056666666666666664
XmlElementsNames:0.0
