Response:0.6225555555555555
Transport:0.513888888888889
HttpEngine:0.4533333333333333
Builder:0.31333333333333335
Connection:0.31333333333333335
SpdyTransport:0.22666666666666666
HttpTransport:0.13666666666666666
CacheStrategy:0.13666666666666666
HeadersTest:0.12333333333333334
Entry:0.12333333333333334
