ExampleFormObject:0.56
NodeHandler:0.48333333333333334
ExampleChild:0.26072222222222224
TableNodeHandler:0.19
Column:0.09
