StorageManager:0.5893333333333333
OrcStorageManager:0.5
TestOrcStorageManager:0.3233333333333333
StorageService:0.23666666666666666
RaptorPageSink:0.2
TestShardCompactor:0.19666666666666666
StorageManagerConfig:0.16
FileStorageService:0.10666666666666667
