ObjectMap:0.43666666666666665
ObjectSet:0.31333333333333335
OrderedMap:0.2733333333333333
MapIterator:0.20666666666666667
Values:0.2
Keys:0.16333333333333333
Entries:0.16111111111111112
ObjectSetIterator:0.13
OrderedMapKeys:0.023333333333333334
OrderedMapEntries:0.023333333333333334
OrderedMapValues:0.023333333333333334
