StringProperty:0.5966666666666667
PropertyBuilder:0.4266666666666667
ByteArrayProperty:0.2633333333333333
