WorkbenchUtilities:0.5666666666666667
Popups:0.4266666666666667
Preferences:0.3433333333333333
WorkbenchTestCase:0.24666666666666667
ShellTextHandler:0.09
