Tuple2:0.42444444444444446
Tuple:0.4177777777777778
TupleTest:0.4
Tuple2Test:0.27
