QueryShardRequest:0.4066666666666667
TransportQueryShardAction:0.38
WhereClause:0.33666666666666667
Visitor:0.30666666666666664
TransportActionProvider:0.21666666666666667
TransportHandler:0.20333333333333334
ESSearchTask:0.18666666666666668
ESDQLPlanNode:0.16333333333333333
TransportExecutorModule:0.14
AsyncAction:0.11
TransportQueryShardActionTest:0.08333333333333333
CrateSearchService:0.07666666666666666
TestModule:0.07666666666666666
TransportExecutor:0.05
QueryShardResponseListener:0.02666666666666667
