CropIwaOverlayConfig:0.47833333333333333
CropIwaView:0.37333333333333335
BitmapLoader:0.3244444444444444
CropIwaShape:0.27
CropIwaOverlayView:0.23
BitmapLoadListener:0.11333333333333333
ErrorListener:0.0011111111111111111
CropSaveCompleteListener:0.0011111111111111111
