BinderViewsHelper:0.4166666666666667
ShareThisDlg:0.3566666666666667
GwtTeamingMessages:0.31666666666666665
GwtServerHelper:0.2866666666666667
ShareEntryCmd:0.23333333333333334
ActivityStreamCtrl:0.22444444444444447
UIData:0.22111111111111115
DataTableFolderViewBase:0.19333333333333333
ActivityStreamUIEntry:0.18
GwtRpcServiceImpl:0.17166666666666666
