NestedAggregator:0.5766666666666667
ReverseNestedAggregator:0.37333333333333335
ReverseNestedTests:0.12
