Crawler:0.6427777777777778
CrawlerBase:0.30666666666666664
WebCrawler:0.27
WebCrawlerFactory:0.24333333333333335
FileSystemCrawlerFactory:0.2
FileSystemCrawler:0.19611111111111112
