BuildingConnection:0.5444444444444445
Resupply:0.52
BuildingConstructionMission:0.30666666666666664
