PaymentChannelClient:0.7482777777777778
ForwardingService:0.3663888888888889
