EmailPublisher:0.7233333333333334
HTMLEmailPublisher:0.43333333333333335
LinkEmailPublisher:0.31
