Buffer:0.7583333333333333
RealBufferedSink:0.5166666666666667
BufferedSinkTest:0.22666666666666666
