SimpleStepFactoryBean:0.4066666666666667
AbstractStepFactoryBean:0.338
RepeatOperationsStepFactoryBean:0.32666666666666666
