IocMaking:0.47
NutIoc:0.36333333333333334
ChainParsingTest:0.3
DefaultWeaver:0.23
ObjectMakerImpl:0.15111111111111108
