ExecutorServiceManager:0.44333333333333336
Environment:0.4166666666666667
JettyManaged:0.17666666666666667
