UdpDestination:0.6566666666666666
UdpTransport:0.5066666666666667
RcvFrameHandler:0.36666666666666664
