TermHelper:0.5833333333333334
Publication:0.48333333333333334
PublicationTest:0.3333333333333333
Connection:0.23666666666666666
ConnectionTest:0.22
