MusicBuilder:0.2
VideoBuilder:0.18333333333333332
BaseBuilder:0.17
WxXmlOutIMusicMessageTest:0.15
WxCustomMessageTest:0.056666666666666664
ImageBuilder:0.043333333333333335
VoiceBuilder:0.043333333333333335
