WritableDimension:0.6766666666666666
WritablePoint:0.6766666666666666
Color:0.5933333333333334
WritableColor:0.5616666666666666
ReadableDimension:0.49333333333333335
Loader:0.4766666666666667
ReadableColor:0.37
Rectangle:0.33
ReadableRectangle:0.27051984126984113
Point:0.25666666666666665
Dimension:0.2
Model:0.19666666666666666
ReadablePoint:0.16333333333333333
WritableRectangle:0.16333333333333333
MeshedModel:0.14666666666666667
BonedModel:0.14333333333333334
Display:0.006666666666666667
