CSSStyleDeclaration:0.7933333333333333
CSSStyleSheet:0.35333333333333333
HtmlArea:0.2633333333333333
