FieldSerializer:0.7786111111111111
ObjectFieldSerializer:0.4666666666666667
NumberFieldSerializer:0.45
JavaBeanSerializer:0.35333333333333333
