HopVirtualMachine:0.32666666666666666
StackTraceItem:0.31
StackTraceItemInit:0.2633333333333333
StackTraceItemGetClassName:0.2633333333333333
HopLibraryManager:0.21333333333333335
StackTraceItemLibrary:0.17666666666666667
SodbeansLibraryManager:0.15
SodbeansLibrary:0.11333333333333333
Error:0.023888888888888887
StackTraceItemAction:0.0
ErrorLibrary:0.0
