UserCookie:0.7066666666666667
AuthenticateAction:0.2
UserManager:0.18833333333333332
UserManagerImpl:0.10666666666666667
WelcomeAction:0.10333333333333333
UserCookieDAO:0.04666666666666667
UserCookieDAOHibernate:0.013333333333333334
