TypeResolutionStrategy:0.49666666666666665
Resolved:0.31666666666666665
NexusTest:0.27
Dispatcher:0.24333333333333335
TypeLocator:0.24137301587301588
AgentBuilderInitializationStrategySelfInjectionDispatcherTest:0.16
TypeResolutionStrategyTest:0.15666666666666668
