NativeConnectToStep:0.7669444444444444
DataHistory:0.5836666666666667
