StrandedZoomableApolloPanel:0.4033333333333333
FastTranslatedGraphics:0.37
SeqAlignPanel:0.2733333333333333
BaseEditorPanel:0.25666666666666665
RangeHash:0.24444444444444446
BaseFineEditor:0.194
