InternalAwsS3Service:0.6033333333333334
AwsEc2ServiceImpl:0.30666666666666664
CLOUD_EC2:0.05333333333333334
CLOUD_S3:0.05333333333333334
AwsEc2Service:0.0
AwsS3Service:0.0
