MappedObject:0.7933333333333333
MappedObjectTests1:0.3361111111111111
