FieldNode:0.37
FieldInfo:0.3466666666666667
MDDProvider:0.33
FieldDefinitionImpl:0.29
MDDFactory:0.2633333333333333
MDDAnalyzeWalker:0.25
DataDefinitionImpl:0.20333333333333334
MDDParser:0.14
MDDPostProcessorWalker:0.11777777777777776
MDDParserTest:0.09333333333333334
