Request:0.57
PersistentTasksCustomMetaData:0.4
Builder:0.28
AllocatedPersistentTask:0.2733333333333333
PersistentTasksService:0.24166666666666667
PersistentTasksExecutor:0.22
TransportAction:0.19666666666666666
PersistentTasksNodeService:0.18333333333333332
PersistentTasksClusterService:0.18
UpdatePersistentTaskRequestTests:0.10666666666666667
PersistentTaskOperationFuture:0.059166666666666666
