GitHistoryParser:0.3233333333333333
MercurialHistoryParser:0.3233333333333333
MonotoneHistoryParser:0.3233333333333333
BazaarHistoryParser:0.3233333333333333
