RestRequest:0.49333333333333335
RestControllerTests:0.31666666666666665
Netty4HttpRequestHandler:0.14333333333333334
Netty4HttpRequest:0.07333333333333333
BadParameterException:0.036388888888888894
ContentTypeHeaderException:0.036388888888888894
Netty4BadRequestIT:0.013333333333333334
