AbstractWidgetTest:0.6533333333333333
ServerXMLWidgetTest:0.5277777777777777
