AnnotationUtilsTests:0.4
AnnotationUtils:0.30666666666666664
SuperclassWithAnnotatedMethod:0.23159523809523813
ReflectionUtils:0.19333333333333333
ClassWithPublicAnnotatedFieldsFromInterface:0.043055555555555555
ClassWithShadowedAnnotatedFields:0.043055555555555555
SuperclassWithAnnotatedField:0.043055555555555555
ClassWithAnnotatedFields:0.043055555555555555
InterfaceWithAnnotatedField:0.043055555555555555
