PartitionCorrectnessTestSupport:0.4166666666666667
MigrationCorrectnessTest:0.41
GracefulShutdownCorrectnessTest:0.36
MigrationPlanner:0.30666666666666664
PartitionAssignmentsCorrectnessTest:0.27
RepartitioningTask:0.15333333333333332
