MockBundleContext:0.4511111111111111
MockBundle:0.44333333333333336
MockServiceReference:0.44333333333333336
SimpleLogger:0.2966666666666667
OsgiCatalinaLoaderTest:0.29333333333333333
OsgiResourceUtils:0.28
OsgiBundleResourcePatternResolver:0.28
MapBasedDictionaryTest:0.2733333333333333
SimpleLoggerTest:0.26
OsgiResourceUtilsTest:0.26
OsgiBundleXmlWebApplicationContext:0.25
JettyWarDeployer:0.24666666666666667
PackageAdminResolver:0.24416666666666667
ServiceReferenceComparator:0.24333333333333335
SwappingServiceReferenceProxy:0.23666666666666666
SimpleEntry:0.22666666666666666
EquinoxPlatform:0.22333333333333333
ServiceReferenceBasedMapTest:0.22333333333333333
KnopflerfishPlatform:0.22333333333333333
BundleClassPathWildcardTest:0.22333333333333333
FelixPlatform:0.22
ClassSpaceWildcardTest:0.22
MockBundleTest:0.19666666666666666
OsgiHeaderUtils:0.19
DepedencyEventTest:0.19
DefaultContextPathStrategy:0.18666666666666668
ServiceUnavailableException:0.18666666666666668
DefaultContextPathStrategyTest:0.18333333333333332
MockServiceReferenceTest:0.1761111111111111
ServiceReferenceDelegate:0.17333333333333334
OsgiStringUtilsTest:0.17
MavenPackagedArtifactFinder:0.16666666666666666
StaticServiceReferenceProxy:0.15377777777777776
LocalFileSystemMavenRepository:0.15
BaseIntegrationTest:0.14805555555555555
OsgiBundleXmlWebApplicationContextTest:0.14666666666666667
SwappingServiceReferenceProxyTest:0.13333333333333333
AbstractEventTest:0.12666666666666668
OsgiAnnotationPostProcessor:0.12
OsgiHeaderUtilsTest:0.11333333333333333
AbstractWarDeployerTest:0.11
ServiceUnavailableExceptionTest:0.09805555555555555
ServiceReferenceComparatorTest:0.08138888888888889
AbstractOsgiPlatform:0.06666666666666667
AbstractOsgiPlatformTest:0.06583333333333333
DefaultWarScannerTest:0.06527777777777777
CommonPlatformTest:0.06333333333333334
DefaultWarScanner:0.056666666666666664
MavenArtifactFinderTest:0.05
TomcatWarDeploymentTest:0.04666666666666667
JettyWarDeploymentTest:0.04666666666666667
JettyWarDeployerTest:0.04666666666666667
KnopflerfishPlatformTest:0.006666666666666667
OsgiExceptionTest:0.0033333333333333335
ServiceProxyDestroyedExceptionTest:0.0033333333333333335
OsgiWarDeploymentExceptionTest:0.0033333333333333335
ServiceExceptionTest:0.0033333333333333335
EquinoxPlatformTest:0.0
RunnableTimedExecutionTest:0.0
FelixPlatformTest:0.0
