EnsJAdapterGUI:0.62
EnsJAdapter:0.5766666666666667
EnsJSequence:0.20666666666666667
FocusSelectsButton:0.19666666666666666
