ActionFilterChainImpl:0.5266666666666666
UploadInfo:0.5266666666666666
FastUploading:0.2866666666666667
