ManagedServiceInterceptor:0.43666666666666665
AtmosphereHandlerServiceInterceptor:0.3388095238095238
MeteorServiceInterceptor:0.3354761904761905
WebSocketHandlerTest:0.2733333333333333
AtmosphereHandlerServiceProcessor:0.17666666666666667
ManagedServiceProcessor:0.17666666666666667
MeteorServiceProcessor:0.17666666666666667
