AlignmentViewer:0.5166666666666667
StrandedZoomableApolloPanel:0.3466666666666667
SeqFeatureUtil:0.2833333333333333
SeqAlignPanel:0.275
SeqWrapper:0.2658333333333333
NumberColumnHeader:0.24666666666666667
ResultAlignmentRenderer:0.23666666666666666
TierMenu:0.18444444444444444
AlignmentViewerRowHeader:0.17333333333333334
RowWrapper:0.15333333333333332
AdapterTest:0.10666666666666667
AnnotationAlignmentRenderer:0.10666666666666667
ResidueProperties:0.08333333333333333
RowLabel:0.06
HighlightWrapper:0.05333333333333334
FrameworkTests:0.03666666666666667
AminoAcidIcon:0.03333333333333333
WriteTest:0.0
