AbstractRememberMeServices:0.36666666666666664
DefaultLoginPageGeneratingFilter:0.25
PersistentTokenBasedRememberMeServices:0.21861111111111114
HttpSecurityBeanDefinitionParser:0.19333333333333333
FormLoginBeanDefinitionParser:0.17333333333333334
HttpSecurityConfigPostProcessor:0.17333333333333334
ConfigUtils:0.15
HttpSecurityBeanDefinitionParserTests:0.09
