HtmlPage:0.7566666666666667
DocumentTest:0.37
HTMLDocument:0.3233333333333333
HtmlUnitDOMBuilder:0.3
