Mappings:0.81
Configuration:0.3466666666666667
IndexOrUniqueKeySecondPass:0.3466666666666667
TableBinder:0.2633333333333333
AnnotationBinder:0.2571666666666667
MappingsImpl:0.21
IndexTest:0.15666666666666668
