TestAttributeSet:0.6155555555555555
style:0.5351825396825398
TestAttributeSetTest:0.24666666666666667
