DicomDirDOM:0.4866666666666667
MediaComposerService:0.3333333333333333
