SystemStore:0.59
SimulatorModel:0.37666666666666665
GrammarModel:0.31333333333333335
UserSettings:0.16666666666666666
SimulatorHistory:0.14666666666666667
LoadGrammarAction:0.14444444444444443
LoadGrammarFromURLAction:0.09666666666666666
MyCompoundEdit:0.04833333333333333
MyEdit:0.04833333333333333
GraphBasedEdit:0.03333333333333333
TextBasedEdit:0.03333333333333333
PutPropertiesEdit:0.0033333333333333335
