QuickNotepadDockable:0.09909079
View:0.08270414
QuickNotepadToolPanel:0.07902079
QuickNotepadPlugin:0.07507454
jEdit:0.06537869
EditPane:0.048084933
QuickNotepadActions:0.03730171
DockableWindowManager:0.03015396
QuickNotepadOptionPane:0.02438786
EditBus:0.022913251
GUIUtilities:0.019100463
JEditTextArea:0.01703563
Log:0.016893268
EBMessage:0.014516816
EBComponent:0.010459428
PropertiesChanged:0.008952873
QuickNotepadTextArea:0.004026743
