Option:0.3933333333333333
Validation:0.38
Future:0.37666666666666665
Lazy:0.26666666666666666
OptionTest:0.19666666666666666
ValidationTest:0.18
FutureTest:0.17833333333333334
LazyTest:0.14083333333333334
