ScriptEditor:0.7533333333333333
ScriptEditorFrame:0.4533333333333333
EditorConstants:0.03
