GwtClientHelper:0.6333333333333333
GwtMainPage:0.47
FolderOptionsDlg:0.2377777777777778
InstantMessageClickHandler:0.13666666666666666
ContentControl:0.11666666666666667
