OkHttpClientTransport:0.7683333333333333
OkHttpClientTransportTest:0.3566666666666667
ProxyDetectorImpl:0.2733333333333333
