InputTag:0.6797222222222223
choiceEditor:0.5984444444444444
