Attribute:0.8033333333333333
ERDesignerGraph:0.4166666666666667
MyRenderer:0.25333333333333335
