GraphEltSet:0.58
JnetManager:0.3566666666666667
StatusLis:0.32666666666666666
NbrowseToolbar:0.31666666666666665
DataLoader:0.31
QueryCompletionTable:0.2966666666666667
GraphData:0.2833333333333333
DBThread:0.24333333333333335
RamAdapter:0.23666666666666666
DataAdapterI:0.23
GraphViewI:0.2172777777777778
NodeView:0.20111111111111113
NBrowseApplet:0.2
StepExpansionThread:0.16333333333333333
StatLis:0.16
DbLoadThread:0.05333333333333334
SelListener:0.043333333333333335
DBReader:0.03333333333333333
