HopDebugFile:0.8366666666666667
FileDebugPlugin:0.28111111111111114
FileDescriptor:0.0
