TxmPreferences:0.56
LexicalTablePreferencePage:0.4533333333333333
ConcordancesEditor:0.31333333333333335
ComputeSpecificities:0.24
PartitionComposer:0.19583333333333336
CooccurrencesEditor:0.19583333333333336
ComputeSpecifities:0.10444444444444444
ComputeLexicalTable:0.08
