Request:0.6733333333333333
IOUtils:0.53
SparkFilter:0.25666666666666665
