CryptoToken:0.6625555555555555
BaseCryptoToken:0.46
CryptoTokenManagementSessionBean:0.31
CachedCryptoToken:0.24666666666666667
PublicCryptoToken:0.22555555555555554
