SharedResourcesManager:0.7424444444444445
SubclipseAdapter:0.5211111111111112
