Schedule:0.3625
SuspectEventProcessor:0.3333333333333333
PollableService:0.2733333333333333
JRobinRrdStrategy:0.2733333333333333
ScheduleEntry:0.25
RescanProcessor:0.24666666666666667
