TransactionInput:0.42333333333333334
Transaction:0.41
Script:0.38333333333333336
TransactionOutput:0.3
Block:0.27416666666666667
FullBlockTestGenerator:0.19
ScriptTest:0.18666666666666668
