NestedAggregatorBuilder:0.5466666666666666
ReverseNestedAggregatorBuilder:0.38333333333333336
