TypeOverrideTest:0.7886111111111112
LegacyTestCase:0.5736666666666667
