NetServerImpl:0.5033333333333333
VertxNetHandler:0.31666666666666665
VertxImpl:0.31333333333333335
FakeVertxMetrics:0.25666666666666665
NetSocketStreamImpl:0.25333333333333335
VertxMetrics:0.21388888888888885
ServerConnection:0.16666666666666666
ClientConnection:0.16666666666666666
DummyVertxMetrics:0.13666666666666666
