OperatorStats:0.5466666666666666
OperatorContext:0.4266666666666667
TestOperatorStats:0.25333333333333335
