SecureSetting:0.5533333333333333
ScopedSettingsTests:0.35
InternalSettingsPreparerTests:0.33666666666666667
SettingsTests:0.19
