Result:0.9066666666666666
ResultImpl:0.5566666666666666
AbstractResultQuery:0.33666666666666667
DataTypeTests:0.30333333333333334
