Utils:0.6033333333333334
WWMMCDKPlugin:0.2866666666666667
XindiceReader:0.28
InChI:0.28
LookupWWMMEvent:0.2066666666666667
SplitSDF:0.12666666666666668
OpenBabel:0.06333333333333334
CreateInChIEvent:0.03333333333333333
