DiscoverySelectorResolver:0.7966666666666666
DiscoverySelectorTests:0.5833333333333334
JUnit5TestEngine:0.2744444444444445
