MockRetrofit:0.5933333333333334
Builder:0.32
BehaviorDelegate:0.2633333333333333
MockRetrofitTest:0.24
SimpleMockService:0.2
