GroundVehicleUIProxy:0.2866666666666667
SettlementUIProxy:0.26666666666666666
PersonUIProxy:0.26666666666666666
VehicleUIProxy:0.0
