EnsJAdapter:0.5033333333333333
DataChangeListener:0.435
DataSourceConfigurationPanel:0.42
EnsJAdapterGUI:0.4
AnnotationEnsJAdapterGUI:0.28
CompositeDataSourceConfigurationPanel:0.21666666666666667
ChromosomeDropdownPopupListener:0.12
DataSourceChangeListener:0.06666666666666667
EnsemblDBSelectionListener:0.016666666666666666
