JSONScanner:0.5766666666666667
JSON:0.57
DefaultJSONParser:0.36333333333333334
DefaultObjectDeserializer:0.25
AbstractJSONParser:0.24
ASMDeserializerFactory:0.22333333333333333
