Indi:0.47333333333333333
PropertyFamilyChild:0.36
PropertyXRef:0.33
PropertyForeignXRef:0.31333333333333335
PropertyAssociation:0.08
