Rippler:0.6933333333333334
IconsDemo:0.24333333333333335
StyleableProperties:0.10305555555555555
C3DListCell:0.07833333333333334
