CommunicationsStub:0.5866666666666667
LocalObjectLight:0.4
CreateBusinessObjectFromTemplateAction:0.24549999999999997
TemplateElementNode:0.23666666666666666
TemplatesTopComponent:0.23166666666666666
ObjectNode:0.20666666666666667
RootObjectNode:0.12
TemplateListFrame:0.11
