RemoteObject:0.42333333333333334
WebServiceBean:0.29
ClassInfoLight:0.23666666666666666
TransientQuery:0.22333333333333333
RemoteObjectLight:0.21666666666666667
ClassInfo:0.19
UserInfo:0.18
ServerStatus:0.13666666666666666
UserGroupInfo:0.09333333333333334
ObjectUpdate:0.08333333333333333
RemoteObjectUpdate:0.08
Kuwaiba:0.07333333333333333
UserGroupInfoLight:0.06444444444444446
Validator:0.06444444444444446
ObjectList:0.04777777777777777
RemoteTreeNodeLight:0.03277777777777778
ViewInfo:0.023333333333333334
RemoteQuery:0.023333333333333334
RemoteSession:0.023333333333333334
RemoteQueryLight:0.016666666666666666
WebServiceBeanRemote:0.01
RemoteTreeNode:0.0
ResultRecord:0.0
ToolsBean:0.0
ToolsBeanRemote:0.0
