Rounding:0.57
InternalHistogram:0.41333333333333333
ExtendedBounds:0.38
Interval:0.35333333333333333
HistogramAggregator:0.2816666666666667
DateHistogramParser:0.24333333333333335
Factory:0.24
InternalOrder:0.21333333333333335
DateHistogramBuilder:0.21
HistogramTests:0.20666666666666667
DateHistogramFactory:0.19
FactorRounding:0.18333333333333332
HistogramBuilder:0.17
InternalDateHistogram:0.16666666666666666
HistogramParser:0.14333333333333334
TimeUnitRounding:0.13666666666666666
TimeIntervalRounding:0.12666666666666668
OffsetRounding:0.12666666666666668
DateHistogramInterval:0.10777777777777776
DerivativeParser:0.1
