ResourceAndContainerGroup:0.7366666666666667
SaveAsDialog:0.4166666666666667
