TestSemPredEvalParser:0.49
TestLexerExec:0.2633333333333333
TestFullContextParsing:0.18333333333333332
TestParserExec:0.18
