Order:0.7333333333333333
Customer:0.44333333333333336
FetchProfileTest:0.43333333333333335
