Setup:0.45
ResourceExtractor:0.32666666666666666
id:0.2916666666666667
SetupTest:0.22666666666666666
styleable:0.03333333333333333
attr:0.0
