Driver:0.5966666666666667
PipelineContext:0.35333333333333333
TaskContext:0.2866666666666667
DriverContext:0.28
