BaseMultiLayerNetwork:0.5733333333333334
MasterActor:0.43666666666666665
Builder:0.41
WorkerActor:0.28
BatchActor:0.2122222222222222
WorkerPerformer:0.013333333333333334
JobIterator:0.013333333333333334
DeepLearningConfigurable:0.0
