ConsoleTest:0.62
WebdriverBasedTests:0.2744444444444445
SimpleTests:0.09366666666666668
