JChemPaintEditor:0.4166666666666667
JChemPaintEditorWidget:0.38
IJChemPaintManager:0.3466666666666667
JChemPaintManager:0.31
