BaseTest:0.338
RedissonTest:0.3233333333333333
RedissonRedLockTest:0.30666666666666664
RedissonTopicTest:0.19
RedisClientTest:0.17
RedissonTopicPatternTest:0.13333333333333333
RedissonMultiLockTest:0.12333333333333334
WeightedRoundRobinBalancerTest:0.04666666666666667
