ConcordancesEditor:0.39
ConcordanceEditor:0.35
CorporaView:0.30666666666666664
CreateSubcorpus:0.21
CreatePartition:0.21
SelectComplexSortDialog:0.19666666666666666
