StatsSnapshot:0.48333333333333334
JPPFStats:0.41
StatsFormatter:0.29
JPPFJobManager:0.25666666666666665
JPPFDriverListener:0.24333333333333335
JPPFDriverStatsManager:0.21666666666666667
ClientMessage:0.21277777777777776
ApplicationConnection:0.19666666666666666
JPPFPriorityQueue:0.19
JobEventTask:0.18833333333333332
JPPFDriverStatsUpdater:0.13333333333333333
WaitingJobState:0.09333333333333334
MonitoringPanel:0.07
StatsConstants:0.0
