SenderFlowControlState:0.4266666666666667
SenderChannel:0.3883333333333333
SrcFrameHandler:0.3333333333333333
