Platform:0.43
OkClient:0.35
Android:0.2786666666666667
Builder:0.24333333333333335
GsonConverter:0.12
