HTMLTableRowElementTest:0.6768888888888889
HTMLTableRowElement:0.37766666666666665
