AbstractEntityPersister:0.47
ReadOnlySessionLazyNonLazyTest:0.36333333333333334
Contract:0.32666666666666666
EntityEntry:0.31
ReadOnlyVersionedNodesTest:0.31
ReadOnlyProxyTest:0.29
ReadOnlySessionTest:0.29
ImmutableTest:0.27666666666666667
ReadOnlyTest:0.23
DefaultFlushEntityEventListener:0.21
