Peer:0.7333333333333333
PeerGroup:0.47388888888888886
TransactionBroadcastTest:0.24333333333333335
