Skin:0.5233333333333333
Button:0.44666666666666666
TextButton:0.24
TextButtonStyle:0.21666666666666667
