ProtocolOcspHttpTest:0.6533333333333333
OcspJunitHelper:0.5366666666666666
ProtocolOcspHttpStandaloneTest:0.44600000000000006
