HiveType:0.6066666666666667
HiveBucketing:0.3973333333333333
TestHiveBucketing:0.08333333333333333
