DocumentWriter:0.89
TodoEditorCore:0.3333333333333333
NotepadEditorCore:0.2866666666666667
