DefinitionModuleImpl:0.5483333333333333
LdapConfig:0.4266666666666667
DefaultProfileCoreProcessor:0.42333333333333334
