Scheduler:0.6166666666666667
ShadowChoreographer:0.35333333333333333
SchedulerTest:0.13
ScheduledRunnable:0.09333333333333334
ShadowChoreographerTest:0.016666666666666666
