TaskSummary:0.5266666666666666
TaskPanel:0.505
TaskList:0.22666666666666666
TaskManager:0.19
