ChildrenQuery:0.4033333333333333
ParentScorer:0.255
ChildrenQueryTests:0.2
ParentCountScorer:0.1811111111111111
ParentWeight:0.17666666666666667
SimpleChildQuerySearchTests:0.14666666666666667
ParentCollector:0.13666666666666666
AvgParentScorer:0.13
MockScorer:0.11765873015873017
HasChildQueryParser:0.115
HasChildFilterParser:0.10888888888888891
HasChildFilterBuilder:0.10555555555555556
HasChildQueryBuilder:0.10555555555555556
ParentScoreCollector:0.1
CountParentOrdIterator:0.07888888888888888
CountCollector:0.07333333333333333
MaxCountCollector:0.03
MaxCollector:0.013333333333333334
SumCountAndAvgCollector:0.006666666666666667
SumCollector:0.006666666666666667
ParentScoreCountCollector:0.006666666666666667
AvgParentCountScorer:0.0
