XPathPropertyResolver:0.7283333333333334
SimplePropertyResolver:0.5266666666666666
SimplePropertyResolverTest:0.27
XPathPropertyResolverTest:0.13333333333333333
