LayerUpdater:0.45
UpdaterBlock:0.3883333333333333
BaseMultiLayerUpdater:0.29333333333333333
TestUpdaters:0.21666666666666667
