Manager:0.43333333333333335
Parser:0.41333333333333333
Decoder:0.4033333333333333
Encoder:0.4
Helpers:0.17777777777777778
ByteArrayTest:0.15333333333333332
Options:0.014285714285714285
