Task:0.5766666666666667
DropTableTask:0.3
UpsertByIdTask:0.17666666666666667
ExecutionPhasesTask:0.17666666666666667
EsJobContextTask:0.12
ExplainTask:0.08333333333333333
GenericShowTask:0.08333333333333333
ESDeletePartitionTask:0.08333333333333333
ESClusterUpdateSettingsTask:0.06666666666666667
DDLTask:0.06666666666666667
KillJobTask:0.05
KillTask:0.05
NoopTask:0.05
