Cache:0.82
CacheTest:0.33666666666666667
ComputeTest:0.2866666666666667
LocalManualCache:0.25666666666666665
UnboundedLocalCache:0.23666666666666666
LocalCache:0.17472222222222222
