Chain:0.4533333333333333
MethodDelegationByteCodeAppender:0.38333333333333336
Compound:0.24777777777777776
ForConstruction:0.16
MethodDelegationTest:0.15
AmbiguityResolverChainTest:0.01
