OkUrlFactoryTest:0.3566666666666667
CacheTest:0.29333333333333333
InMemoryFileSystem:0.2833333333333333
CallTest:0.27166666666666667
UrlConnectionCacheTest:0.22666666666666666
RecordingCallback:0.18666666666666668
