XJBGUISettings:0.5588888888888889
XJBGUISettingsImpl:0.36333333333333334
Unmarshaller:0.264
