RetriableStream:0.41
ForwardingChannelBuilder:0.36333333333333334
ManagedChannelBuilder:0.3433333333333333
ManagedChannelImpl:0.22666666666666666
Sublistener:0.185
AbstractManagedChannelImplBuilder:0.15333333333333332
RetriableStreamTest:0.13333333333333333
Substream:0.1
AbstractManagedChannelImplBuilderTest:0.08
BufferSizeTracer:0.04666666666666667
ChannelBufferMeter:0.0
