PoorMansCache:0.6266666666666667
ContentNode:0.4583333333333333
RequestBeanInfo:0.29
