DocumentManagerUtils:0.5566666666666666
BoxUpdateModifier:0.29333333333333333
TextConsumer:0.27666666666666667
