HTMLElement:0.8044444444444445
HTMLIFrameElement3Test:0.39666666666666667
