AddressBookParsedResult:0.56
AddressBookResultHandler:0.20666666666666667
VCardResultParser:0.19666666666666666
MobileTagSimpleContactResultParser:0.14666666666666667
BizcardResultParser:0.14
AddressBookAUResultParser:0.13
AddressBookDoCoMoResultParser:0.11666666666666667
