ClassySharkPanel:0.5066666666666667
DisplayArea:0.4
Toolbar:0.3566666666666667
FilesTree:0.3233333333333333
RecentArchivesButton:0.08666666666666667
