AnnealingTuneProfile:0.49333333333333335
AutoTunedBundler:0.38666666666666666
SmoothProfile:0.37666666666666665
