CircuitBreaker:0.6
HierarchyCircuitBreakerService:0.3433333333333333
CircuitBreakerServiceTests:0.32
ApplySettings:0.16111111111111112
