FilterFactory:0.5
DataType:0.45309523809523816
TextSymbol:0.3283333333333333
BinaryLogicOperator:0.29333333333333333
TextPlacement:0.27051984126984113
ExternalGraphicOrMark:0.27051984126984113
BBOX:0.22166666666666668
Symbol:0.215
PropertyIsLike:0.205
Rule:0.1925
BinarySpatialOperator:0.11666666666666667
DistanceBufferOperator:0.04666666666666667
PropertyIsNull:0.0
SpatialOperator:0.0
