TransactionalQueue:0.6116666666666667
QueueContainer:0.45
QueueItem:0.30666666666666664
QueueService:0.23666666666666666
TransactionQueueTest:0.22666666666666666
IQueue:0.20833333333333334
