PersistenceXmlParser:0.5366666666666666
ClassLoaderServiceImpl:0.4533333333333333
ProviderChecker:0.33
HibernatePersistenceProvider:0.31666666666666665
