TypedOutput:0.4302777777777778
MultipartTypedOutput:0.39666666666666667
RequestBuilderTest:0.27666666666666667
JsonTypedOutput:0.2633333333333333
TypedFile:0.20666666666666667
UrlConnectionClientTest:0.19
TypedByteArray:0.17722222222222223
