DefaultFieldDeserializer:0.6366666666666667
ParserConfig:0.47
ModelValueDeserializer:0.16666666666666666
SerializeUsingTest:0.16333333333333333
