NodeGenerator:0.6133333333333333
NodeFactoryGenerator:0.5266666666666666
BoundedLocalCache:0.5
