AndroidGraphicsLiveWallpaper:0.5066666666666667
AndroidLiveWallpaper:0.43666666666666665
AndroidWallpaperEngine:0.33666666666666667
AndroidLiveWallpaperService:0.30333333333333334
AndroidWallpaperListener:0.06838888888888889
