RedissonTest:0.3233333333333333
RedissonCountDownLatchConcurrentTest:0.18666666666666668
RedissonTopicTest:0.15333333333333332
BaseReactiveTest:0.15333333333333332
RedissonTwoLockedThread:0.12666666666666668
RedissonTopicPatternTest:0.12666666666666668
