ResumeView:0.47333333333333333
ResumeViewSettings:0.35333333333333333
ActionSelect:0.2846111111111111
ViewWidget:0.12
