ExecutorDAO:0.8440873015873016
ExecutorDAOHibernateImpl:0.38666666666666666
JbpmDefinitionLogic:0.30777777777777776
