SerializeWriter:0.8133333333333334
StringSerializerTest:0.29333333333333333
SerializeWriterTest_1:0.18666666666666668
PrimitiveArraySerializer:0.17666666666666667
