Configuration:0.7066666666666667
FormTagBase:0.33
MakumbaINIConfiguration:0.056666666666666664
