Query:0.79
QueryRunner:0.35333333333333333
Console:0.24333333333333335
Execute:0.13333333333333333
