MultipartTypedOutput:0.5133333333333333
RequestBuilderTest:0.4266666666666667
TestingUtils:0.31333333333333335
UrlConnectionClientTest:0.26666666666666666
