Step:0.6866666666666666
Job:0.6866666666666666
SimpleStepExecutorTests:0.26
SimpleStepExecutor:0.24
JobSupport:0.24
StepSupport:0.18
SimpleJobTests:0.17
SimpleJobLauncherTests:0.16
SimpleJobLauncher:0.16
AbstractStep:0.15333333333333332
JobSupportTests:0.14666666666666667
StepSupportTests:0.14
SimpleJob:0.13333333333333333
RepeatOperationsStep:0.13
RepeatOperationsStepTests:0.13
StepExecutorInterruptionTests:0.10333333333333333
SimpleStepTests:0.09666666666666666
