CacheProxy:0.5733333333333334
CaffeineConfiguration:0.3333333333333333
CacheManagerImpl:0.27
LoadingCacheProxy:0.24333333333333335
