Record:0.6433333333333333
CMap:0.38333333333333336
ConcurrentMapManager:0.2966666666666667
BaseManager:0.27
ResponseQueueCall:0.23666666666666666
PartitionManager:0.19333333333333333
PredicatesTest:0.15333333333333332
MMigrate:0.14
MBackupOp:0.12
AddRemoveListenerOperationHandler:0.11333333333333333
MTargetAwareOperationHandler:0.09333333333333334
CMapTest:0.09
MTargetAwareOp:0.0033333333333333335
