RatedDocument:0.44333333333333336
RatedDocumentKey:0.43333333333333335
DiscountedCumulativeGainAt:0.25333333333333335
PrecisionAtN:0.17666666666666667
ReciprocalRank:0.16333333333333333
RatedDocumentTests:0.08005555555555555
RankedListQualityMetric:0.03333333333333333
DiscountedCumulativeGainAtTests:0.0033333333333333335
