GroovyScript:0.7041666666666667
AbstractScriptAction:0.30666666666666664
