GraphTab:0.6433333333333333
ResourceDisplay:0.5333333333333333
