BulkByScrollTask:0.5366666666666666
AsyncBulkByScrollActionTests:0.4266666666666667
AbstractAsyncBulkByScrollAction:0.37666666666666665
BulkByScrollTaskTests:0.09333333333333334
