AbstractTestHiveClient:0.5433333333333333
BytesHiveRecordCursor:0.4033333333333333
GenericHiveRecordCursor:0.4033333333333333
