FileSnapshot:0.7633333333333333
TriggerRouterService:0.3466666666666667
FileSyncServiceSqlMap:0.23111111111111116
FileSyncService:0.21333333333333335
FileSnapshotMapper:0.09666666666666666
