ParsedStatement:0.5966666666666667
QueryVisitor:0.4533333333333333
InformationSchemaIntegerColumn:0.38
InformationSchemaTableExecutionContext:0.2790476190476191
InformationSchemaStringColumn:0.24666666666666667
InformationSchemaColumn:0.19566666666666668
InformationSchemaServiceTest:0.19
LuceneQueryVisitorTest:0.06333333333333334
