RecordStore:0.8533333333333334
DefaultRecordStore:0.5033333333333333
MapReplicationOperation:0.15
MapSizeOperation:0.13
