ReceiveChannelEndpoint:0.51
LogBufferDescriptor:0.4033333333333333
ChannelUriBuilder:0.26666666666666666
DriverConductor:0.26166666666666666
LogBuffers:0.26166666666666666
Configuration:0.25333333333333335
PublicationParams:0.18666666666666668
