ListManagerTopComponent:0.49666666666666665
NavigationTreeTopComponent:0.48333333333333334
HierarchyCustomizerTopComponent:0.41333333333333333
AttributeCustomizerTopComponent:0.41333333333333333
