Row:0.5366666666666666
PosPanel:0.3566666666666667
PayPanel:0.32
MachineCreator:0.30666666666666664
PrintLineCanceledList:0.29
PrintCreditCardList:0.28833333333333333
BonusPointsPanel:0.2866666666666667
PartnerPanel:0.2866666666666667
CollectionPanel:0.28
SalesPolicyRequest:0.27666666666666667
CouponPanel:0.2272222222222222
RenditionPanel:0.22166666666666668
Transaction:0.21666666666666667
OptionsStep:0.16333333333333333
X_C_StorePOSLine:0.15333333333333332
