ControlPanel:0.5266666666666666
Options:0.5075
ControlNameField:0.28777777777777774
ControlTextArea:0.27666666666666667
SaveAction:0.24333333333333335
