Options:0.6866666666666666
Icons:0.43666666666666665
Simulator:0.41
ConfigDialog:0.36
Icon:0.31
Config:0.30333333333333334
GrooveFileChooser:0.3016666666666667
GrooveFileView:0.27666666666666667
DefaultFileSystemStore:0.2733333333333333
ListTabbedPane:0.2633333333333333
JGraph:0.25666666666666665
GraphEditorTab:0.23
MatchTreeNode:0.21666666666666667
ResourceTab:0.21666666666666667
RuleTreeNode:0.21333333333333335
ResourceDisplay:0.21333333333333335
TextTab:0.21333333333333335
GraphTab:0.21
RuleTree:0.20333333333333334
SimulatorAction:0.20333333333333334
ConceptualPorter:0.20333333333333334
ActionStore:0.19333333333333333
RecipeTransitionTreeNode:0.19333333333333333
BackAction:0.18561111111111112
ForwardAction:0.18561111111111112
TextArea:0.17333333333333334
EnableUniqueAction:0.17333333333333334
ResourceTree:0.17
RecipeTreeNode:0.17
Importers:0.16333333333333333
DirectoryTreeNode:0.16
DeleteAction:0.15666666666666668
LayoutAction:0.15333333333333332
DisplayWindow:0.14
GrooveExport:0.13666666666666666
StateTreeNode:0.13
ConfigAction:0.12666666666666668
MyFileDialog:0.12333333333333334
TabButton:0.12333333333333334
TypedEntryNode:0.11666666666666667
ShowModeAction:0.11333333333333333
ShowAllLabelsAction:0.11333333333333333
MyVisualizerFactory:0.08666666666666667
ImportRulesAction:0.03666666666666667
