InsertAnalyzerTest:0.5633333333333334
StringUtils:0.4866666666666667
InsertStatementAnalyzer:0.2866666666666667
TestMetaDataModule:0.12527777777777777
BaseAnalyzerTest:0.08666666666666667
StringUtilsTest:0.013333333333333334
