ISharedProject:0.83
SharedProject:0.66
RemoveAllDriverRoleAction:0.23333333333333334
GiveExclusiveDriverRoleAction:0.18333333333333332
GiveDriverRoleAction:0.17666666666666667
RemoveDriverRoleAction:0.17666666666666667
RoleManager:0.16666666666666666
