DefaultLabel:0.48333333333333334
AspectEdge:0.47333333333333333
Converter:0.43666666666666665
Simulator:0.36
GraphJVertex:0.2825
AspectJVertex:0.19666666666666666
