GOTOInclusionTransformationTest:0.3466666666666667
InclusionTransformationTest:0.34
SimpleClientServerTest:0.29333333333333333
SimpleServerProxyTest:0.2633333333333333
ActivitiesExtensionProviderTest:0.20333333333333334
JIDTest:0.19666666666666666
DOptPuzzleTest:0.14333333333333334
JupiterTestCase:0.03666666666666667
ConcurrentUndoTestSuite:0.0
JingleProtocolTestSuite:0.0
TestThread:0.0
InternalTestSuite:0.0
InternalExtensionsTestSuite:0.0
JupiterPuzzlesTestSuite:0.0
ConcurrencyTestSuite:0.0
AllTestsSuite:0.0
NetTestSuite:0.0
UtilTestSuite:0.0
