ClassInfo:0.5272222222222221
Search:0.47
Config:0.45666666666666667
