WebDriverTestCase:0.55
BrowserVersionClassRunner:0.53
BrowserRunner:0.24111111111111114
HtmlFieldSetTest:0.16333333333333333
BrowserNoneClassRunner:0.15666666666666668
HtmlHeadTest:0.14666666666666667
HtmlFontTest:0.13333333333333333
HtmlHeadingTest:0.13333333333333333
