MoveTask:0.41333333333333333
MoveScp:0.38666666666666666
QueryRetrieveScpService:0.37
MWLFindScpService:0.30333333333333334
StgCmtScuScpService:0.2966666666666667
GetTask:0.29333333333333333
StudyInstanceUIDAndDirPath:0.27
GPWLScpService:0.26666666666666666
AbstractScpService:0.24666666666666667
HPScpService:0.24333333333333335
StoreScpService:0.23
MPPSScpService:0.21
StudyMgtScpService:0.17333333333333334
GetScp:0.1
