DrawableSeqFeature:0.7866666666666666
DrawableFeatureSet:0.3566666666666667
DrawableAnnotatedSeqFeature:0.32666666666666666
AnnotationMenu:0.21333333333333335
