DcmSnd:0.4866666666666667
PDUEncoder:0.29
FileInfo:0.09
DataWriter:0.09
DataWriterAdapter:0.02666666666666667
