MongoCollectionStream:0.46
MongoCollectionTest:0.43666666666666665
MongoCollectionImpl:0.38666666666666666
MongoIterableCollection:0.32666666666666666
MongoDeleteMessage:0.23
