GeneBean:0.83
GeneTable:0.36333333333333334
UpdateGene:0.32666666666666666
NullGeneBean:0.25333333333333335
GeneBeanImpl:0.23333333333333334
UpdateGeneAttributesMethodObject:0.15
