NotificationManager:0.39666666666666667
BroadcastEventProcessor:0.3233333333333333
EventUtil:0.3233333333333333
MockDatabase:0.30666666666666664
NotifdTest:0.18666666666666668
