Manager:0.5033333333333333
Socket:0.36666666666666664
Encoder:0.23333333333333334
Decoder:0.2113888888888889
IO:0.20944444444444446
