LdapPasswordManagementService:0.47833333333333333
PasswordManagementWebflowConfigurer:0.47
PasswordChangeAction:0.3466666666666667
InitPasswordChangeAction:0.13
