ISharedProject:0.59
IInvitationProcess:0.5833333333333334
OutgoingInvitationProcess:0.37
SharedProject:0.35333333333333333
InvitationProcess:0.27666666666666667
IOutgoingInvitationProcess:0.2633333333333333
IncomingInvitationProcess:0.26
SessionManager:0.23666666666666666
SarosUI:0.2277777777777778
JoinSessionWizard:0.22333333333333333
InvitationWizard:0.20666666666666667
IIncomingInvitationProcess:0.19333333333333333
XMPPChatTransmitter:0.19
IInvitationUI:0.16333333333333333
InviteAction:0.15
EnterNamePage:0.11166666666666666
inviterdata:0.09333333333333334
InvitePageSelection:0.07
MyLabelProvider:0.03166666666666667
SynchronizationRunnable:0.01
