AuthenticationManager:0.6453333333333333
AuthenticationManagerImpl:0.43
AbstractAuthenticationProviderModule:0.29333333333333333
AuthenticationManagerUtil:0.23666666666666666
ZoneAwareLocalAuthenticationProviderImpl:0.20222222222222225
