BlockUtils:0.6797222222222223
RegionGen:0.44527777777777783
