JSON:0.6166666666666667
DefaultJSONParser:0.36
ParserConfig:0.2833333333333333
MapSerializerTest:0.27666666666666667
ASMSerializerFactory:0.23333333333333334
ASMDeserializerFactory:0.19333333333333333
SerializeConfig:0.1522222222222222
EnumTest3:0.13666666666666666
