AsmInstrumentingClassLoader:0.5716666666666667
ClassInstrumentor:0.44333333333333336
MyClassHandler:0.3
ShadowMethodPlan:0.16333333333333333
Plan:0.11051190476190476
