jOOQAbstractTest:0.6216666666666667
AbstractSelect:0.38
Extract:0.26888888888888884
