Node:0.5133333333333333
MemberImpl:0.29333333333333333
ClusterManager:0.2833333333333333
JoinRequest:0.24
MemberInfo:0.16833333333333333
JoinInfo:0.12666666666666668
NodeShutdownHookThread:0.0
