MockScriptEngine:0.6866666666666666
UpdateRequestTests:0.4633333333333333
