StatisticsTracker:0.6133333333333333
CrawlController:0.46416666666666667
SimpleHandler:0.31666666666666665
CrawlListener:0.15694444444444444
