BindingBuilderImpl:0.5122222222222222
PreloadingTest:0.3566666666666667
BindingScopeBuilder:0.2758888888888889
