ElectronImpactPDBReactionTest:0.6343333333333334
ElectronImpactNBEReactionTest:0.6343333333333334
