SqlAnywhereDdlReader:0.4033333333333333
SqlAnywhereDmlStatement:0.36
DmlStatementFactory:0.30333333333333334
AseTriggerTemplate:0.2966666666666667
