AbstractOsgiTests:0.5825555555555555
JarCreator:0.46777777777777774
OnTheFlyBundleCreatorTests:0.3333333333333333
