DataTypeDefinition:0.6166111111111112
JavaGenerator:0.42333333333333334
DefaultDataTypeDefinition:0.32
JavaWriter:0.25777777777777783
