Indi:0.5533333333333333
PointInTime:0.44
Model:0.31
ReportBirthdays:0.1811111111111111
