Visitor:0.5266666666666666
SqlToRowExpressionTranslator:0.46
FunctionAssertions:0.3933333333333333
Signatures:0.20333333333333334
ConstantExpression:0.16055555555555553
