ExtendedNodeInfo:0.7288888888888889
SigarExtendedNodeInfo:0.3
ZeroExtendedNodeInfo:0.20333333333333334
SigarExtendedNodeInfoTest:0.17
DummyExtendedNodeInfo:0.15333333333333332
NodeSysExpression:0.12
TestModule:0.11333333333333333
ExtendedNetworkStatsCache:0.02
ExtendedFsStatsCache:0.02
ExtendedOsStatsCache:0.02
ExtendedProcessCpuStatsCache:0.02
