DefaultBroadcaster:0.56
BroadcasterCache:0.3293333333333333
DefaultBroadcasterCache:0.14222222222222225
BroadcasterCacheBase:0.12
HeaderBroadcasterCache:0.07666666666666666
SessionBroadcasterCache:0.04
