SNMPDataProcessor:0.4866666666666667
SyncAction:0.45666666666666667
