SearchSourceBuilder:0.61
DefaultSearchContext:0.38333333333333336
SearchSourceBuilderTests:0.24666666666666667
SearchRequestBuilder:0.23333333333333334
SearchService:0.23166666666666666
