DigestAuthUtils:0.47333333333333333
EncryptionUtils:0.27
DigestAuthenticationFilter:0.26
Sha512DigestUtils:0.24666666666666667
PersistentTokenBasedRememberMeServices:0.23
BasicAuthenticationFilter:0.22
LdapShaPasswordEncoder:0.21333333333333335
DigestAuthenticationEntryPoint:0.21083333333333334
TokenBasedRememberMeServices:0.19666666666666666
MessageDigestPasswordEncoder:0.19666666666666666
KeyBasedPersistenceTokenService:0.19333333333333333
WebSecurityExpressionRoot:0.17
AbstractRememberMeServices:0.16666666666666666
Md4PasswordEncoder:0.13666666666666666
AuthenticationSimpleHttpInvokerRequestExecutor:0.11333333333333333
