TableDDLUtils:0.4633333333333333
Entity:0.3566666666666667
BusinessModel:0.29
EntityNamingConvention:0.2833333333333333
