MapServiceContext:0.6066666666666667
MapProxyImpl:0.4766666666666667
PartitionContainer:0.35
MapProxySupport:0.3433333333333333
MapContainer:0.32
XMLConfigBuilderTest:0.31333333333333335
MapServiceContextImpl:0.2866666666666667
MapLoaderLifecycleTest:0.24666666666666667
NearCachedMapProxyImpl:0.19333333333333333
MapRemoteService:0.11
MapOperationProviders:0.06333333333333334
ConcurrencyUtil:0.06
MapPartitionAwareService:0.04666666666666667
MapExecutionCallbackAdapter:0.02666666666666667
