PlannerTest:0.4
SQLPlugin:0.2966666666666667
NestedLoopConsumerTest:0.26666666666666666
CreateDropRepositoryAnalyzerTest:0.24666666666666667
WhereClauseAnalyzerTest:0.24666666666666667
CreateRepositoryAnalyzer:0.18
ManyTableConsumerTest:0.18
BaseAnalyzerTest:0.18
