FormPreferencePage:0.6302777777777778
PrefConstants:0.25594227994228
