Manager:0.5633333333333334
IO:0.5033333333333333
SSLConnectionTest:0.35
