Http2ServerResponseImpl:0.5566666666666666
Http2ServerRequestImpl:0.36666666666666664
HttpServerResponseImpl:0.36333333333333334
Http2ServerTest:0.23
HttpServerResponse:0.2275
