Tracer:0.7233333333333334
TraceAction:0.71
Interpreter:0.63
MessageTraceAction:0.4033333333333333
DummyTracer:0.3272804232804233
RequestResponseProcess:0.21
SelectorThread:0.175
CommandLineParser:0.15666666666666668
ValuePrettyPrinter:0.12833333333333333
OneWayProcess:0.1
NotificationProcess:0.09
SolicitResponseProcess:0.08666666666666667
ForwardSolicitResponseProcess:0.08666666666666667
ForwardNotificationProcess:0.08666666666666667
JavaServiceLoader:0.07
PrintingTracer:0.06666666666666667
EmbeddingTraceAction:0.013333333333333334
ErrorTraceAction:0.0
