JCPEditor:0.6266666666666667
JCPMultiPageEditor:0.36666666666666664
JCPControlListener:0.30561111111111106
