TestClassRequestResolver:0.4666666666666667
JUnit4DiscoveryRequestResolver:0.39666666666666667
UniqueIdSelectorResolver:0.3233333333333333
JUnit4TestEngine:0.27
