OracleDataStore:0.6866666666666666
SerialDataStore:0.6066666666666667
