ResBundle:0.5141666666666667
ParallelUniverse:0.42333333333333334
QualifiersTest:0.2833333333333333
layout:0.014444444444444444
