XMLType:0.46
Executor:0.42333333333333334
SwingUIManager:0.2833333333333333
TreeEditorHelper:0.2833333333333333
AbstractARINCDecoder:0.28
ServerConfigurationParser:0.27666666666666667
Channel:0.2633333333333333
AbstractEditBoxNumericRenderer:0.25
JFXZoomManager:0.24333333333333335
DefaultARINCUtils:0.23333333333333334
DefaultBinaryDFDecoder:0.21
AbstractWidgetRefHandler:0.18
ProtocolInputDecoder:0.17
JFXComponent:0.16
JFXWidgetComponent:0.10333333333333333
DataTypeHandler:0.09333333333333334
WidgetComponentsWriter:0.01
JFXComponentsExtractor:0.01
