RubyEnvironmentTab:0.4266666666666667
InterpreterRunnerConfiguration:0.41333333333333333
RubyLaunchConfigurationAttribute:0.20333333333333334
InterpreterRunner:0.18666666666666668
RubyApplicationLaunchConfigurationDelegate:0.18333333333333332
RubyEntryPointTab:0.14
LoadPathEntryLabelProvider:0.12833333333333333
RdtLaunchingPlugin:0.0571031746031746
