DateUtil:0.7966666666666666
NantBuilder:0.43666666666666665
MavenBuilder:0.2633333333333333
DateUtilTest:0.23333333333333334
