QedeqBoFactoryTest:0.43
VisitorContextTest:0.2833333333333333
ExtendedGenerateLatexTest:0.22444444444444447
QedeqHeuristicCheckerTest:0.19666666666666666
KernelBoTestSuite:0.15444444444444444
CalculateTruthTestCase:0.05
CalculateTruthZeroModelTest:0.008981481481481483
CalculateTruthDefaultModelTest:0.008981481481481483
