LdapUserDetailsManager:0.5433333333333333
Person:0.49
UserContext:0.37
InetOrgPerson:0.11333333333333333
