ReportConfiguration:0.48333333333333334
TimeSlotStartedInPeriod:0.41333333333333333
EncodingFilter:0.30666666666666664
DaysTree:0.18333333333333332
TodayImpl:0.18
TodayInterface:0.0011111111111111111
