AssetLoadingTask:0.54
AssetManager:0.4666666666666667
IOSMusic:0.43213888888888885
