JsonReaderImpl:0.53
JsonAsserter:0.34703968253968254
JsonAssert:0.19666666666666666
JsonAssertTest:0.11
JsonReaderTest:0.1
JsonAsserterImpl:0.009444444444444443
