HTMLTimeElement:0.7216666666666667
HTMLTimeElementTest:0.32666666666666666
