GL30:0.6905555555555556
GL32:0.6494444444444444
GLContext:0.49333333333333335
JavaMethodsGenerator:0.29333333333333333
ContextCapabilitiesGenerator:0.2644444444444445
GeneratorVisitor:0.23
GeneratorProcessor:0.19333333333333333
AMD_vertex_shader_tessellator:0.03
AMD_shader_stencil_export:0.0
AMD_seamless_cubemap_per_texture:0.0
