MDDFactory:0.31333333333333335
MDDNode:0.31
FieldNode:0.24
MDDAnalyzeWalker:0.22333333333333333
AnalysisAST:0.16555555555555554
MDDBuildWalker:0.06
MakumbaDumpASTVisitor:0.023333333333333334
TitleFieldNode:0.0
