ClassInfo:0.5833333333333334
JVM:0.4255555555555556
StaticArea:0.37
