FlowSession:0.5866666666666667
FlowExecutionContext:0.5433333333333333
FlowSessionImpl:0.35333333333333333
FlowExecutionImpl:0.3233333333333333
FlashScope:0.27666666666666667
RequestControlContextImpl:0.22333333333333333
MockRequestContext:0.2
AbstractFlowExecutionTests:0.19
FlashScopeTests:0.16333333333333333
MockFlowExecutionContext:0.12333333333333334
FlowExecutionImplTests:0.10666666666666667
ScopeRegistrar:0.043333333333333335
