LossHandler:0.42
DriverConductor:0.4
SendChannelEndpoint:0.3933333333333333
DriverConnection:0.38
DriverPublication:0.37333333333333335
LossHandlerTest:0.2733333333333333
DriverConductorTest:0.19416666666666665
ReceiverTest:0.15833333333333333
