WebserviceBean:0.6466666666666666
Tools:0.4533333333333333
