JXLayer:0.5433333333333333
ServerDisplay:0.4
DatagramProtocol:0.29333333333333333
ServerComUtilities:0.25
UIComponentsFactory:0.2325
DependenciesHandler:0.21833333333333332
ConvertFromSynth2Dialog:0.20666666666666667
ConnectionThread:0.195
MapVertSourceRenderer:0.19
Renderer_2Test:0.18916666666666668
WindowsWindowManager:0.18666666666666668
TCPProtocol:0.18666666666666668
SynthModelVisitor:0.18666666666666668
LayerEventController:0.17333333333333334
OrderedRunner:0.11
