DetermineFamboxSize:0.625
GraphicsTreeElements:0.6033333333333334
ReportGraphicalTree:0.3377777777777778
