NettyClientHandlerTest:0.3433333333333333
SendGrpcFrameCommand:0.3433333333333333
Http2Codec:0.34
NettyClientHandler:0.32
Http2Negotiator:0.21944444444444447
NettyClientStream:0.21555555555555558
Http2Operation:0.19
Http2Response:0.17444444444444446
Http2Writer:0.16333333333333333
Http2Request:0.13666666666666666
