GeoDistanceSortBuilder:0.6366666666666667
SortBuilders:0.35
SearchSourceBuilderTests:0.3466666666666667
GeoDistanceIT:0.20666666666666667
GeoDistanceSortBuilderIT:0.17333333333333334
GeoDistanceSortParser:0.12666666666666668
