LinkEditor:0.11028903
LinkEditorPlugin:0.063787594
