Emotions:0.43666666666666665
AdminProcessor:0.30333333333333334
ArticleQueryService:0.2866666666666667
ArticleMgmtService:0.22333333333333333
CommentNotifier:0.1836111111111111
Filler:0.18
