Task:0.85
Executor:0.26066666666666666
TransportSQLActionSingleNodeTest:0.24333333333333335
TransportBaseSQLAction:0.22333333333333333
GenericShowTask:0.2
KillAndRetryListenerWrapper:0.19
ExplainTask:0.16666666666666666
StatsTableListenerWrapper:0.11666666666666667
SQLBulkResponse:0.11333333333333333
TransportSQLBulkAction:0.09666666666666666
TransportExecutor:0.07
TransportSQLAction:0.06333333333333334
NoopTask:0.04
JobTask:0.0
