Starter:0.52
TasksTree:0.3333333333333333
TreePopupMenu:0.31666666666666665
HideTaskAction:0.21777777777777782
