BinaryJedis:0.51
ScanParams:0.32666666666666666
ScanResult:0.32
AllKindOfValuesCommandsTest:0.21
SetCommandsTest:0.18
HashesCommandsTest:0.16666666666666666
SortedSetCommandsTest:0.15666666666666668
