MDLV2000ReaderTest:0.8766666666666667
IonizationPotentialTool:0.5133333333333333
