EChain:0.4866666666666667
ScriptTestCase:0.2733333333333333
LDefField:0.18
LDefArray:0.18
DefOptimizationTests:0.14
