QedeqBoFactoryAssert:0.4766666666666667
QedeqBoFactoryTest:0.39666666666666667
DefaultQedeqBo2Test:0.3433333333333333
CheckLogicTest:0.29
