SyncDataSourceConfigurationNode:0.51
FavoritesFolderNode:0.4483333333333333
SyncGroupNode:0.4116666666666667
