SimpleScriptable:0.5966666666666667
FrameWindow:0.5166666666666667
JavaScriptEngine:0.25
SimpleScriptableTest:0.15333333333333332
IFrameTest:0.12
