ClassLoader:0.4766666666666667
Interface:0.3566666666666667
FieldNode:0.33666666666666667
BuildMethodSummary:0.33
MethodSummary:0.31
ConcreteTypeNode:0.30666666666666664
AndersenPointerAnalysis:0.3
ParamNode:0.2966666666666667
UnknownTypeNode:0.22666666666666666
ClassLibInterface:0.22587301587301586
CallTargets:0.21333333333333335
MethodCall:0.20666666666666667
jq_Member:0.19666666666666666
Path:0.08333333333333333
Visitor:0.056666666666666664
