RemoveProcessor:0.49666666666666665
Factory:0.34
RemoveProcessorTests:0.32666666666666666
RemoveProcessorFactoryTests:0.23666666666666666
