PropertyView:0.7233333333333334
Preview:0.31333333333333335
