SenecaManager:0.39666666666666667
SenecaJobSpecification:0.3258333333333333
SenecaJobEditor:0.23
WCCHOSECodeJudge:0.22333333333333333
WCCNMRShiftDBJudge:0.22333333333333333
JudgePage:0.21777777777777782
SJSCheckWizardPage:0.14
CheckJobWizard:0.013333333333333334
