PubSubConnectionEntry:0.39666666666666667
RedisPubSubConnection:0.38666666666666666
MasterSlaveConnectionManager:0.19666666666666666
RedisPubSubTopicListenerWrapper:0.17083333333333334
RTopic:0.15833333333333333
ConnectionManager:0.14416666666666667
RedissonTopic:0.09
