Node:0.54
InternalPartitionServiceImpl:0.39
BackupTest:0.37666666666666665
OperationHandler:0.26944444444444443
OperationBackupHandler:0.26666666666666666
BasicOperationService:0.25
