BeadTableModel:0.41333333333333333
MutableBead:0.4066666666666667
Aligner:0.2966666666666667
AlignPanelController:0.25333333333333335
Util:0.22333333333333333
MultilineCellRenderer:0.16666666666666666
