BundledTomcat:0.5633333333333334
ExistingTomcat:0.5211111111111112
