EngineConfig:0.5666666666666667
InternalEngine:0.56
InternalEngineTests:0.32
IndexShardTests:0.2966666666666667
EngineTestCase:0.26
