HtmlRadioButtonInput:0.5033333333333333
HtmlCheckBoxInput:0.31666666666666665
HtmlCheckBoxInput2Test:0.20666666666666667
