NettyAsyncHttpProvider:0.74
NettyConnectionsPool:0.25166666666666665
ReaperFuture:0.23111111111111116
ProgressListener:0.21000000000000002
Builder:0.17
