DexNode:0.58
RegisterArg:0.49
TestEnum:0.33166666666666667
EnumVisitor:0.24333333333333335
