Suggest:0.75
DocumentMapperParser:0.39666666666666667
SuggestUtils:0.3466666666666667
SuggestModule:0.23
