SerialCorpusImpl:0.61
GateConstants:0.3333333333333333
Scratch:0.21777777777777782
ContentPropertyReader:0.19333333333333333
Tools:0.19
