ANTLRErrorStrategy:0.5296666666666667
BaseTest:0.4766666666666667
DefaultErrorStrategy:0.42916666666666664
ParserATNSimulator:0.3433333333333333
TestR:0.20547619047619048
TestRig:0.17666666666666667
ANTLRErrorListener:0.09166666666666666
