ClientConductor:0.49666666666666665
Aeron:0.30333333333333334
DriverEventsAdapter:0.29111111111111115
CounterMessageFlyweight:0.26
DriverProxy:0.23
DriverEventsListener:0.15833333333333333
