AtomIndexSelection:0.44333333333333336
ScriptSelection:0.37
ModelSelection:0.18
IChemicalSelection:0.043333333333333335
AbstractChemicalSelection:0.03666666666666667
