ProxyTarget:0.6533333333333333
ProxettaAsmUtil:0.4533333333333333
HeroProxyAdvice:0.13333333333333333
HeroProxyAdvice2:0.13333333333333333
