BuildAgentServiceImpl:0.67
DelayedAction:0.43133333333333324
BuildAgentService:0.37666666666666665
