TedSerie:0.6233333333333333
TedIO:0.30666666666666664
TedTable:0.29333333333333333
TedConfigDialog:0.26
SeasonEpisodeScheduler:0.2538888888888889
TedTableModel:0.24333333333333335
SchedulePanel:0.21555555555555558
TedMainDialog:0.21333333333333335
TedTablePopupMenu:0.17166666666666666
