GwtTeamingMessages:0.32666666666666666
ObjectKeys:0.2833333333333333
GwtRpcServiceImpl:0.24666666666666667
GwtServerHelper:0.23733333333333334
EventHelper:0.234
EntryMenuPanel:0.23333333333333334
GwtMenuHelper:0.19333333333333333
GwtViewHelper:0.18
GwtMainPage:0.16666666666666666
HideUserListEvent:0.08333333333333333
SaveUserListStatusCmd:0.08333333333333333
ShowUserListEvent:0.08333333333333333
