HazelcastClientInstanceImpl:0.5844444444444444
EventServiceImpl:0.4
StripedExecutor:0.3233333333333333
EventServiceSegment:0.15333333333333332
ClientListenerServiceImpl:0.14333333333333334
Worker:0.09333333333333334
