MappedBufferRotator:0.4266666666666667
LogScanner:0.42
LogAppender:0.4066666666666667
DriverPublication:0.36666666666666664
BufferAndFrameUtils:0.18
MappedBufferRotatorTest:0.13
TermRebuilder:0.05
