ZooKeeperMasterModel:0.52
DeploymentGroupEvent:0.4033333333333333
MasterService:0.2866666666666667
Builder:0.25666666666666665
