X_C_POS:0.39666666666666667
PosPanel:0.35333333333333333
Replication:0.31
PayDialog:0.2711111111111111
PosModel:0.22
