FilterChainProxy:0.7105555555555556
FilterChainProxyTests:0.3466666666666667
