SimpleCycle:0.45666666666666667
SimpleCycleBasis:0.42
AuxiliaryGraph:0.2833333333333333
