BinderHelper:0.6566666666666666
MobileAjaxController:0.27666666666666667
WebKeys:0.18833333333333332
