Tab:0.6633333333333333
MetaTab:0.56
Invoice2Test:0.2866666666666667
ServiceInvoiceTest:0.2833333333333333
JPATabProvider:0.2377777777777778
TabProviderBase:0.16333333333333333
