ReleaseRequest:0.49666666666666665
ClientSemaphoreProxy:0.38666666666666666
AcquireRequest:0.355
