BaseTest:0.6166666666666667
LeftRecursionDetector:0.33166666666666667
TestDFAConstruction:0.31666666666666665
TestPredicatedDFAConstruction:0.31
