DefinitionModuleImpl:0.6066666666666667
WebKeys:0.2881666666666666
BuildDefinitionDivs:0.28
BinderHelper:0.17244444444444446
WorkspaceTreeController:0.16666666666666666
