Caffeine:0.5158333333333334
GetPutBenchmark:0.3566666666666667
BasicCache:0.30333333333333334
