DefaultMongoAsyncConnection:0.5066666666666667
BasicCompletionHandler:0.2733333333333333
MongoAsyncConnection:0.21083333333333334
ResponseHeaderCallback:0.21
MongoResponseCallback:0.18333333333333332
ReceiveMessageCompletionHandler:0.08333333333333333
AsyncWritableByteChannelAdapter:0.008981481481481483
