LazyAssetRecord:0.658888888888889
AlarmSaveOrUpdate:0.30666666666666664
AssetMappingQuery:0.21333333333333335
AlarmMappingQuery:0.18
AssetRecordSaveOrUpdate:0.11333333333333333
