MulticastDiscoveryStrategy:0.5233333333333333
MulticastDiscoverySender:0.44666666666666666
MulticastProperties:0.06404761904761905
MulticastDiscoveryReceiver:0.043333333333333335
ClientToMemberDiscoveryTest:0.010833333333333334
MulticastDiscoveryStrategyFactory:0.006666666666666667
MemberToMemberDiscoveryTest:0.005277777777777778
