Buffer:0.6083333333333333
jEdit:0.6
VFS:0.39
Reflect:0.37666666666666665
View:0.37333333333333335
GUIUtilities:0.355
ClassGeneratorUtil:0.33666666666666667
VFSManager:0.3
BufferIORequest:0.24
EditPane:0.23333333333333334
EnhancedDialog:0.20666666666666667
Java14:0.18444444444444444
CompleteWord:0.15666666666666668
HelpTOCPanel:0.09
CompletionPopup:0.08666666666666667
AddAbbrevDialog:0.08333333333333333
BeanShellErrorDialog:0.02666666666666667
