Factory:0.7166666666666667
Utils:0.37333333333333335
RetrofitTest:0.34
ExecutorCallAdapterFactoryTest:0.3333333333333333
RxJavaCallAdapterFactoryTest:0.27666666666666667
RxJavaCallAdapterFactory:0.25
Retrofit:0.22333333333333333
MethodHandler:0.21
ExecutorCallAdapterFactory:0.04666666666666667
ListenableFutureCallAdapterFactory:0.01
