TopologyData:0.77
StatsHandler:0.3566666666666667
ConnectionStatusListener:0.30777777777777776
NodeDataPanelManager:0.24666666666666667
