CollectionAgent:0.5361111111111111
AttributeType:0.5294444444444445
CollectionSet:0.39666666666666667
