ChatDisplay:0.48
SarosSWTBot:0.43666666666666665
ChatRoomsComposite:0.3466666666666667
Chatroom:0.27
IChatroom:0.20416666666666666
