CompletedFailure:0.63
DefaultAsyncHttpClient:0.37666666666666665
TransferListenerTest:0.25666666666666665
GrizzlyAsyncHttpProvider:0.20666666666666667
FilterTest:0.20666666666666667
GrizzlyFeedableBodyGeneratorTest:0.20333333333333334
MaxTotalConnectionTest:0.19420634920634922
SimpleAsyncHttpClientTest:0.18333333333333332
NettyAsyncHttpProvider:0.15666666666666668
MaxConnectionsInThreads:0.15
GrizzlyMaxConnectionsInThreadsTest:0.1165952380952381
