MultiLayerNetwork:0.7666666666666667
ComputationGraph:0.32666666666666666
