AtmosphereRequest:0.7066666666666667
ApplicationConfig:0.45111111111111113
DefaultBroadcaster:0.33666666666666667
AtmosphereServlet:0.3333333333333333
AsynchronousProcessor:0.31666666666666665
DefaultAtmosphereObjectFactory:0.31
MeteorServlet:0.25333333333333335
DefaultBroadcasterFactory:0.23
IOUtils:0.19666666666666666
ManagedAtmosphereHandlerTest:0.17
IdleResourceInterceptor:0.16333333333333333
MyAtmosphereServlet:0.09333333333333334
