Customer:0.58
CustomerBean:0.42
InvoicesTest:0.26
PropertyPG:0.21688888888888888
Address:0.18333333333333332
HibernatePG:0.15433333333333332
MinimumSizeValidator:0.11666666666666667
