FaultException:0.44666666666666666
LocalRepoObjectStore:0.37333333333333335
DriverShim:0.2644444444444445
ConfigUtil:0.25666666666666665
RepoUtil:0.24333333333333335
Analyzer:0.22666666666666666
LocalRepoObjectIterator:0.215
DefaultClassifier:0.17
DirObjectIterator:0.14666666666666667
FileUtil:0.10666666666666667
Messages:0.06327777777777778
