X3DExport:0.36
ElevationGridComputation:0.35333333333333333
ExtrusionComputation:0.25333333333333335
ExtrusionImport:0.24333333333333335
AppearanceExport:0.24244444444444443
ElevationGridImport:0.10666666666666667
