Diagnostic:0.6066666666666667
Messages:0.545611111111111
Part:0.25166666666666665
Diagnostique:0.22111111111111115
CoocPreferencePage:0.20944444444444446
