LdapCallback:0.7150000000000001
LdapTemplate:0.41
LdapTemplateTests:0.19
BindAuthenticatorTests:0.17666666666666667
PasswordComparisonAuthenticatorTests:0.17
LdapUtilsTests:0.05333333333333334
