NodeDataPanel:0.48333333333333334
JobDataPanel:0.4166666666666667
HealthTableCellRenderer:0.26666666666666666
NodeTableCellRenderer:0.23666666666666666
JobTableCellRenderer:0.20333333333333334
