RenderPanel:0.8066666666666666
JChemPaintAbstractApplet:0.2966666666666667
