PersonService:0.6621071428571426
ServiceImpl:0.5033333333333333
OrganisationServiceImpl:0.14438888888888887
