SkillManager:0.5733333333333334
Person:0.5366666666666666
Teach:0.47
Skill:0.43
NaturalAttributeManager:0.4166666666666667
Mind:0.3466666666666667
PersonConfig:0.3
PersonalityType:0.23333333333333334
ResearchScience:0.22666666666666666
MaintainGroundVehicleEVA:0.22333333333333333
CookMeal:0.22333333333333333
MaintenanceEVA:0.22166666666666668
TendGreenhouse:0.21666666666666667
MaintainGroundVehicleGarage:0.21666666666666667
RepairEVAMalfunction:0.21666666666666667
MedicalAssistance:0.21333333333333335
RepairMalfunction:0.21
Cooking:0.20333333333333334
DriveGroundVehicle:0.2
Maintenance:0.19333333333333333
ExitAirlock:0.19
CollectResources:0.18666666666666668
EnterAirlock:0.18666666666666668
EVAOperation:0.17
RepairEmergencyMalfunction:0.16
Engineer:0.1577777777777778
UnitManager:0.155
Driver:0.15444444444444444
ResearchMedicine:0.15444444444444444
StudyRockSamples:0.15444444444444444
ResearchBotany:0.15444444444444444
Chef:0.1511111111111111
Areologist:0.1511111111111111
Botanist:0.1511111111111111
Doctor:0.14777777777777779
SkillTableModel:0.13666666666666666
JobManager:0.08333333333333333
