AddressPicker:0.8233333333333334
Migrator:0.2552380952380952
