FeatureSet:0.7533333333333333
FeatureSetI:0.5961666666666666
AnalysisFilter:0.3466666666666667
Sim4Parser:0.2866666666666667
