ForceFieldConfigurator:0.6466666666666666
ModelBuilder3D:0.49333333333333335
