AuthenticationConfigBuilder:0.5533333333333333
HttpConfigurationBuilder:0.29333333333333333
RememberMeBeanDefinitionParser:0.26666666666666666
FormLoginBeanDefinitionParser:0.22666666666666666
MethodConfigUtils:0.14333333333333334
