HiveClient:0.6666666666666666
AbstractTestHiveClient:0.3566666666666667
HiveClientModule:0.27666666666666667
HiveClientConfig:0.23666666666666666
HiveImportClientFactory:0.22666666666666666
HiveClientFactory:0.17099999999999999
TestHiveClientConfig:0.12666666666666668
