SelectAnalyzedStatement:0.5233333333333333
Context:0.4483333333333333
Planner:0.35
InsertFromSubQueryAnalyzerTest:0.29333333333333333
InsertFromSubQueryAnalyzedStatement:0.23666666666666666
InsertFromSubQueryAnalyzer:0.22666666666666666
RelationPlanner:0.19333333333333333
SelectAnalyzedStatementRelationVisitor:0.07333333333333333
