GenerateNewUserCommand:0.4266666666666667
CaImportCertCommand:0.31666666666666665
FindUserCommand:0.31666666666666665
EditUserCommand:0.25666666666666665
