Management:0.6805555555555555
DefaultManagement:0.3
Journaler:0.19666666666666666
ManagementModule:0.19666666666666666
JournalConsumer:0.18
JournalCreator:0.1761111111111111
EcmValidator:0.14333333333333334
DsTypeModel:0.12666666666666668
Validation:0.09666666666666666
Reference:0.08
Form:0.07
Extension:0.05333333333333334
ObjectFactory:0.04
SchemaValidator:0.03833333333333333
ReportingErrorHandler:0.03333333333333333
DsCompositeModel:0.03261183261183261
OntologyValidator:0.0
