FrameworkConfiguration:0.5066666666666667
SwingUIManager:0.5066666666666667
SwingEditorPanel:0.27666666666666667
TabbedPanelGroupRenderer:0.25666666666666665
