DashboardHelper:0.5833333333333334
Principal:0.5333333333333333
BinderHelper:0.42333333333333334
ListFolderController:0.3433333333333333
ConfigureConfigurationController:0.17333333333333334
