gdxBulletJNI:0.6433333333333333
gdxBullet:0.3933333333333333
btCollisionObject:0.38333333333333336
FrustumCullingTest:0.27666666666666667
btManifoldResult:0.22333333333333333
btPersistentManifold:0.21333333333333335
btManifoldPoint:0.21
LocalConvexResult:0.20666666666666667
LocalRayResult:0.20666666666666667
RayResultCallback:0.20333333333333334
sCti:0.20333333333333334
btGhostObject:0.19333333333333333
ClosestConvexResultCallback:0.19333333333333333
btCollisionObjectWrapper:0.19
ClosestNotMeConvexResultCallback:0.17
