UploadFilesChangeListener:0.21166666666666667
SharedFilesChangeListener:0.18083333333333335
LazyEventQueue:0.12333333333333334
