Util:0.61
SphereAbstract:0.2633333333333333
SphereLongLatMesh:0.20333333333333334
SphereIcosahedronMesh:0.20333333333333334
Simulation:0.18666666666666668
LSystemFactory:0.16333333333333333
