Balancer:0.52
EnableAllocationDecider:0.4033333333333333
MoveDecision:0.25952380952380955
RebalanceDecision:0.18
RelocationDecision:0.15333333333333332
BalancedShardsAllocator:0.1125
ClusterStateCreationUtils:0.03666666666666667
NodeRebalanceDecision:0.0033333333333333335
