IRDFStore:0.6586666666666667
IRDFManager:0.6316666666666667
Activator:0.49333333333333335
RDFManager:0.49
JenaModel:0.21
