Document:0.6833333333333333
ReportToDo:0.3933333333333333
ReportSummaryOfRecords:0.21
ReportFlashList:0.19333333333333333
