Config:0.8033333333333333
ViewMenu:0.36
StrandedZoomableApolloPanel:0.3466666666666667
