MyToolTipGenerator:0.569555315055315
ColumnSelector:0.5633333333333334
MonitorWindow:0.34
TabPanelWeather:0.33216666666666667
MissionWindow:0.2866666666666667
ResupplyWindow:0.27
TableStyle:0.2311111111111111
PieChartTab:0.19333333333333333
TabPanelSchedule:0.18333333333333332
BarChartTab:0.18
Rotator:0.0033333333333333335
