Gazetteer:0.7677222222222223
AbstractGazetteer:0.38666666666666666
GazetteerListener:0.22666666666666666
GazetteerEvent:0.10416666666666667
