GwtAtmosphereResource:0.5930555555555556
GwtAtmosphereResourceImpl:0.35333333333333333
AtmosphereGwtHandler:0.31
GwtResponseWriterImpl:0.2866666666666667
StreamingProtocolResponseWriter:0.22
IFrameResponseWriter:0.13666666666666666
ManagedStreamResponseWriter:0.12333333333333334
OperaEventSourceResponseWriter:0.11
WebsocketResponseWriter:0.08333333333333333
HTTPRequestResponseWriter:0.06333333333333334
IEXDomainRequestResponseWriter:0.03
IEHTMLFileResponseWriter:0.016666666666666666
