FailInfo:0.41
NoSuchAliasException:0.38333333333333336
CmpTestCase:0.32
CmpMessageDispatcherSessionBean:0.22333333333333333
CmpServlet:0.18333333333333332
CmpTcpCommandHandler:0.15666666666666668
CrmfRAPbeRequestTest:0.15333333333333332
RevocationMessageHandler:0.14555555555555552
CmpAliasTest:0.12666666666666668
