TestClient:0.7372936507936508
TestClientAPIA:0.22994444444444445
