InjectableObjectFactory:0.6566666666666666
InjectIntrospector:0.49833333333333335
BroadcasterIntrospector:0.18666666666666668
PathParamIntrospector:0.18666666666666668
InjectIntrospectorAdapter:0.12222222222222222
