ReadOnlyNonnullWrapperNGTest:0.27051984126984113
ClampedDoublePropertyNGTest:0.27051984126984113
NonnullPropertyNGTest:0.27051984126984113
MoveHandle:0.19
PointHandle:0.19
ConnectionPointHandle:0.17666666666666667
Scratchpad:0.14
MapStyleableProperty:0.13333333333333333
ClampedDoubleProperty:0.04666666666666667
NonnullProperty:0.04
ReadOnlyNonnullWrapper:0.04
SimpleDrawingModel:0.0
