VCSAdapter:0.34
FileList:0.33666666666666667
PEViewComponentImp:0.31666666666666665
IncomingInvitationProcess:0.25666666666666665
SubclipseAdapter:0.24
