RadicalSiteRrBetaReaction:0.23833333333333334
RadicalSiteHrBetaReaction:0.23833333333333334
RadicalSiteHrGammaReaction:0.23833333333333334
RadicalSiteRrAlphaReaction:0.23833333333333334
RadicalSiteHrDeltaReaction:0.23833333333333334
RadicalSiteHrAlphaReaction:0.23833333333333334
RadicalSiteRrGammaReaction:0.23833333333333334
RadicalSiteRrDeltaReaction:0.23833333333333334
