SystemProperties:0.5633333333333334
DefaultFileSystemStore:0.4955555555555555
Version:0.44
