Environment:0.6195555555555555
SessionFactoryImpl:0.4666666666666667
SoftLimitMRUCache:0.36
HQLQueryPlanKey:0.1915
FilterQueryPlanKey:0.16066666666666668
DynamicFilterKey:0.16066666666666668
QueryPlanCache:0.15666666666666668
KeyedSoftReference:0.08666666666666667
