MethodDelegationByteCodeAppender:0.61
ByteArrayClassLoaderTest:0.25666666666666665
AnnotationVisibilityTest:0.25666666666666665
ClassLoaderByteArrayInjectorTest:0.19333333333333333
