Window:0.5366666666666666
Storage:0.3466666666666667
StorageImpl:0.3433333333333333
StorageTest:0.11
