TimestampFieldMapper:0.64
RoutingFieldMapper:0.5066666666666667
RoutingTypeMapperTests:0.18666666666666668
TimestampMappingTests:0.12333333333333334
