OperationService:0.5733333333333334
MemberImpl:0.30333333333333334
OperationServiceImpl:0.24333333333333335
LockServiceImpl:0.21666666666666667
QueueService:0.21333333333333335
WriteBehindStore:0.19333333333333333
PromotionCommitOperation:0.19
OperationParkerImpl:0.18666666666666668
SemaphoreService:0.17666666666666667
FinalizeJoinOperation:0.17666666666666667
AbstractJoiner:0.17666666666666667
NodeStateTest:0.15666666666666668
CollectionService:0.15666666666666668
BeforePromotionTask:0.15333333333333332
ConnectionListenerImpl:0.11
DestroyEndpointTask:0.11
LockEvictionProcessor:0.11
