id:0.8416666666666667
ShadowView:0.47333333333333333
ViewNode:0.38
ViewGroupTest:0.29
ShadowEditText:0.21
ViewLoader:0.18611111111111112
ViewLoaderTest:0.15333333333333332
ShadowViewGroup:0.1
EditTextTest:0.07527777777777779
