Frontier:0.8083333333333333
UURI:0.46377777777777773
