PropertiesXmlReader:0.5333333333333333
MedicalManager:0.4533333333333333
PhysicalCondition:0.38333333333333336
SimulationProperties:0.25333333333333335
