MaterialCalendarView:0.53
CalendarPagerAdapter:0.32666666666666666
DynamicSettersActivity:0.28
DayView:0.27666666666666667
CalendarPagerView:0.21666666666666667
SavedState:0.19333333333333333
