Robolectric:0.49666666666666665
ShadowGestureDetector:0.46166666666666667
GestureDetectorTest:0.38666666666666666
