VariableFormat:0.49333333333333335
ViewUtil:0.37333333333333335
FormatCommons:0.36
ProcessDefinition:0.2966666666666667
VariableDefinition:0.27666666666666667
VariableUserType:0.23333333333333334
FormulaActionHandler:0.22666666666666666
FormPresentationUtils:0.21333333333333335
DelegateProcessVariableProvider:0.20166666666666666
FileFormat:0.18666666666666668
GroovyScriptBinding:0.17666666666666667
FormSubmissionUtils:0.17666666666666667
ListFormat:0.17333333333333334
ComplexVariable:0.17333333333333334
VariableDisplaySupport:0.17
VariableConverter:0.15666666666666668
AbstractDateFormat:0.15333333333333332
DelegateDefinitionVariableProvider:0.14333333333333334
UserTypeFormat:0.14
ExecutorFormat:0.13333333333333333
VariableDefinitionParser:0.11916666666666667
MapFormat:0.11666666666666667
StringFormat:0.11
BigDecimalFormat:0.09
LongFormat:0.09
DoubleFormat:0.09
BooleanFormat:0.07833333333333334
RhinoJSActionHandler:0.07666666666666666
DisplayListElementTag:0.07
DisplayMapElementTag:0.06666666666666667
TextFormat:0.05333333333333334
JavaScriptActionHandler:0.042222222222222223
VariableLogic:0.04
