MemberImpl:0.55
MemberAttributeEvent:0.3333333333333333
ClusterServiceImpl:0.31333333333333335
MemberAttributeChange:0.28
MulticastJoiner:0.19666666666666666
AddMembershipListenerRequest:0.17444444444444446
MemberAttributeChangedOperation:0.16333333333333333
ClusterListenerThread:0.15
MemberAttributeServiceEvent:0.043333333333333335
