GroupByAggregateTest:0.6216666666666667
LuceneDocCollectorTest:0.43666666666666665
SQLTransportIntegrationTest:0.2733333333333333
QueryThenFetchIntegrationTest:0.19833333333333333
