Generator:0.43333333333333335
TemplatedOption:0.31333333333333335
CommandLineTool:0.27666666666666667
FinalSaveOption:0.2733333333333333
ResultOption:0.24666666666666667
ExportSimulationFlagsOption:0.21333333333333335
ExportSimulationPathOption:0.13666666666666666
ExportSimulationFlags:0.11055555555555555
