HtmlPage:0.8166666666666667
JavaScriptEngineTest:0.26666666666666666
HtmlIsIndexTest:0.15666666666666668
