AEModel:0.9
AEDelegate:0.61
AENewSubmitCtrl:0.18333333333333332
AEEditSubmitCtrl:0.17
AEEchoCtrl:0.15666666666666668
AEDeleteCtrl:0.11
AEEditCtrl:0.10666666666666667
AEEchoModel:0.08166666666666667
AEListCtrl:0.06
AENewCtrl:0.043333333333333335
AEFormCtrl:0.0033333333333333335
