DefinitionModule:0.5666666666666667
IndexUtils:0.56
RepositoryService:0.49
EntryIndexUtils:0.4633333333333333
BasicIndexUtils:0.38666666666666666
AbstractFolderCoreProcessor:0.33
GenericWebdavRepositoryService:0.2966666666666667
SeenMap:0.2866666666666667
FileRepositoryService:0.25666666666666665
FileManager:0.22333333333333333
FolderModuleImpl:0.20333333333333334
ForumActionModuleImpl:0.19
RepositoryServiceUtil:0.18666666666666668
ProfileModuleImpl:0.18666666666666668
DefinitionModuleImpl:0.185
EntryBuilder:0.10444444444444445
FieldBuilderDescription:0.08333333333333333
FieldBuilderText:0.08333333333333333
