PDA:0.5533333333333333
Instruction:0.41
PDABytecodeGenerator:0.3433333333333333
MatchInstr:0.21
JumpInstr:0.21
