HttpRequest:0.5766666666666667
ValidationContext:0.41
DbSession:0.36
ManualTest:0.21666666666666667
