MetadataBuildingProcess:0.7533333333333333
EntityManagerFactoryBuilderImpl:0.5466666666666666
