ThreddsParams:0.28
Info:0.25666666666666665
MetadataFragmentsParams:0.23333333333333334
Harvester:0.23333333333333334
MetadataFragmentsHarvester:0.13666666666666666
ThreddsHarvester:0.11666666666666667
Path:0.06666666666666668
FragmentHarvester:0.04
ThreddsResult:0.0
