ExtensionManager:0.18118618
StructureMatcher:0.14965777
TextAreaExtension:0.13723032
ChunkCache:0.10834945
TextArea:0.106615365
InputMethodSupport:0.1051491
DisplayManager:0.08706347
SelectionManager:0.08409754
Chunk:0.06643239
JEditBuffer:0.06101673
ElasticTabstopsTabExpander:0.05071882
JEditTextArea:0.040398933
AntiAlias:0.029816987
Selection:0.027767701
SyntaxStyle:0.020582601
IndentFoldHandler:0.014687025
Log:0.01173687
DefaultTokenHandler:0.011595435
Debug:0.011296631
Token:0.009294212
