PollerConfigFactory:0.66
BroadcastEventProcessor:0.33
EventConstants:0.32555555555555554
CapsdConfigFactory:0.2733333333333333
