Header:0.5928888888888889
St:0.36
HttpProxy:0.24666666666666667
Validator:0.24666666666666667
Http:0.22166666666666668
Warn:0.22166666666666668
AccessToken:0.22166666666666668
Pool:0.22166666666666668
Response:0.22166666666666668
ExtendedAccessLog:0.22166666666666668
Req:0.22166666666666668
Ajp:0.20083333333333334
Cors:0.16666666666666666
SslValve:0.12166666666666667
Jaas:0.12166666666666667
Conns:0.11
Truststore:0.11
DateTime:0.11
Code:0.11
Web:0.11
Tgt:0.0
RefreshToken:0.0
Agent:0.0
Grants:0.0
IpAddress:0.0
GeoLocation:0.0
