CSVJournalReport:0.2833333333333333
CSVTimesheetTableReport:0.2833333333333333
SummaryReport:0.23
AbstractReport:0.21333333333333335
CSVReport:0.21
DetailReport:0.17333333333333334
MainMenuBar:0.15666666666666668
TimesheetTableReport:0.13277777777777777
CustomReport:0.12277777777777776
JournalReport:0.11
