ShardCleaner:0.5266666666666666
ShardIterator:0.4066666666666667
DatabaseShardManager:0.37666666666666665
TestShardCleaner:0.27666666666666667
