ResponseConverter:0.5711111111111111
OAuth20Service:0.4166666666666667
OAuthRequestAsync:0.4033333333333333
OAuth10aService:0.29
OAuthService:0.15333333333333332
OAuth20ServiceUnit:0.07666666666666666
