Project:0.5666666666666667
AddBase:0.39666666666666667
Diagnostic:0.2833333333333333
ApplicationWorkbenchAdvisor:0.27
