VintageTestEngineDiscoveryTests:0.5266666666666666
VintageTestEngineExecutionTests:0.42333333333333334
ParsingTestTrait:0.28
MyContainerAndTestTestCase:0.016666666666666666
