ParserATNSimulator:0.6733333333333333
TestATNParserPrediction:0.2633333333333333
DFA:0.24333333333333335
TestCommonTokenStream:0.18666666666666668
