AdminModule:0.8166666666666667
ManageQuotasController:0.3466666666666667
WebKeys:0.3333333333333333
AbstractAdminModule:0.24666666666666667
ZoneConfig:0.16333333333333333
