SeqFeatureI:0.7766666666666666
SeqFeature:0.37222222222222223
AnnotationEditor:0.32
Transcript:0.30666666666666664
GeneEditPanel:0.20333333333333334
ChadoXmlAdapter:0.18333333333333332
ChadoXmlWrite:0.17
