HttpServer:0.5627777777777778
NetServer:0.5627777777777778
HttpServerImpl:0.30666666666666664
NetServerImpl:0.2633333333333333
