DbEntitySqlTest:0.4766666666666667
DbPager:0.4533333333333333
JerryMiscTest:0.36666666666666664
