RubyInterpreter:0.8122222222222222
InterpreterRunner:0.30333333333333334
