Wallet:0.5133333333333333
FilteringCoinSelector:0.18333333333333332
DefaultCoinSelector:0.13
CoinSelector:0.12217857142857141
KeyTimeCoinSelector:0.11666666666666667
