IssueForm:0.43666666666666665
ProjectForm:0.30333333333333334
SearchForm:0.28
LoginForm:0.25333333333333335
UserForm:0.24333333333333335
DisplayReportForm:0.24
