BasicAttribute:0.625
SingularAttributeSourceImpl:0.42333333333333334
MappedAttribute:0.3466666666666667
Datatype:0.2633333333333333
