RepeatTemplate:0.6466666666666666
RepeatOperationsInterceptorTests:0.2966666666666667
RethrowOnThresholdExceptionHandler:0.2633333333333333
DefaultExceptionHandler:0.22111111111111115
LogOrRethrowExceptionHandler:0.14666666666666667
