JavaToIOSMethodTranslator:0.5166666666666667
IOSMethod:0.49666666666666665
ObjectiveCSourceFileGenerator:0.37
NameTableTest:0.19
