ManageMissionariesGoal:0.23010558
CreateMissionAtSettlementGoal:0.22057498
GotoAdjacentGoal:0.16936421
GoalConstants:0.008728264
