Authy:0.73
X509AuthenticationConfiguration:0.4266666666666667
AuthyClientInstance:0.32666666666666666
AuthyAuthenticationEventExecutionPlanConfiguration:0.27
