ClientConnection:0.7066666666666667
ClientInvocationServiceImpl:0.29333333333333333
ResponseThread:0.18333333333333332
ClientPortableFactory:0.13333333333333333
