LwjglInput:0.5766666666666667
TWL:0.48
Screen:0.32866666666666666
