MergeImpl:0.5502222222222222
MergeUsingStep:0.4505595238095238
