LoginProcessor:0.4766666666666667
Verifycode:0.45
VerifycodeProcessor:0.24333333333333335
VerifycodeMgmtService:0.22
