ClosurePathChecker:0.2966666666666667
EmptyPathChecker:0.28
ReteNetwork:0.24666666666666667
AbstractReteMatch:0.22694444444444448
SequenceOperatorPathChecker:0.21666666666666667
SingleEdgePathChecker:0.215
InversionPathChecker:0.2
PathCheckerFactory:0.19
WildcardPathChecker:0.15666666666666668
AtomPathChecker:0.15
AbstractPathChecker:0.14444444444444446
AbstractJoinWithPathStrategy:0.14
ChoicePathChecker:0.125
