BaseCppTest:0.5066666666666667
TestParseTrees:0.37666666666666665
TestSemPredEvalLexer:0.33666666666666667
