Castor:0.61
Castors:0.5433333333333333
Timestamp2Calendar:0.01
Calendar2Timestamp:0.0033333333333333335
String2Calendar:0.0033333333333333335
String2TimeZone:0.0
SqlDate2String:0.0
Calendar2String:0.0
SqlTime2String:0.0
String2SqlTime:0.0
String2Email:0.0
TimeZone2String:0.0
String2Timestamp:0.0
String2SqlDate:0.0
String2Datetime:0.0
Datetime2String:0.0
Timestamp2String:0.0
