LdapTemplate:0.5958333333333333
LdapTemplateListTest:0.42
LdapTemplateListITest:0.26666666666666666
