Failure:0.5583333333333333
Success:0.469
Try:0.44333333333333336
