KeyRecoverySession:0.5183888888888888
ApprovalEnforcedByCertificateProfileTest:0.42333333333333334
KeyRecoverySessionBean:0.4066666666666667
BatchMakeP12:0.29
KeyRecoveryTest:0.19
KRSSResponseGenerator:0.18333333333333332
GenerateToken:0.13666666666666666
