ApkTranslator:0.8366666666666667
JavaDependenciesInspector:0.4083333333333333
