NetcdfParameter:0.49333333333333335
SimpleParameter:0.47333333333333333
PJParameter:0.31333333333333335
GeneralParameterDescriptor:0.2678730158730158
SimpleParameterGroup:0.24333333333333335
PJParameterGroup:0.23
ProjectionProvider:0.11333333333333333
