LuceneUtil:0.33666666666666667
LanguageTaster:0.3175
SearchObject:0.27
SearchFilterToSearchBooleanConverter:0.24666666666666667
