CommunicationsStub:0.85
Constants:0.36
ViewScene:0.2966666666666667
ObjectNode:0.22333333333333333
ShowObjectIdAction:0.22333333333333333
ConnectLinksAction:0.19
ConnectionWizardWizardPanel2:0.16
RelateToServiceAction:0.11666666666666667
PhysicalPathTopComponent:0.11333333333333333
ShowPhysicalPathAction:0.06
