FloatFieldMapper:0.4666666666666667
DoubleFieldMapper:0.44333333333333336
LongFieldMapper:0.43
CustomDoubleNumericField:0.19914285714285715
CustomFloatNumericField:0.19914285714285715
CustomLongNumericField:0.19914285714285715
