QueryStats:0.8666666666666667
TestQueryStats:0.2
QueryStatistics:0.2
AbstractTestDistributedQueries:0.19
TestCassandraDistributed:0.14416666666666667
TestEventListener:0.12666666666666668
