RegistryConfig:0.7066666666666667
MonitorConfig:0.5533333333333333
ApplicationConfig:0.2966666666666667
ServiceBean:0.2833333333333333
ReferenceBean:0.22666666666666666
ProtocolConfig:0.16666666666666666
ConsumerConfig:0.056666666666666664
