AbstractOutput:0.5066666666666667
AbstractOutputTest:0.3233333333333333
