LogoutFilter:0.5466666666666666
HttpSecurityBeanDefinitionParserTests:0.4033333333333333
SimpleUrlAuthenticationSuccessHandler:0.3466666666666667
SavedRequestAwareAuthenticationSuccessHandler:0.2277777777777778
LogoutHandlerTests:0.14
