Layer:0.76
MultiLayerNetwork:0.5066666666666667
BaseLayer:0.26666666666666666
ConvolutionDownSampleLayer:0.2658333333333333
ConvolutionLayer:0.24333333333333335
SimpleOptimizableModel:0.24333333333333335
RNTN:0.18666666666666668
SubsamplingLayer:0.18666666666666668
