CartesianGCode:0.36666666666666664
GenericExtruder:0.36666666666666664
GenericCartesianPrinter:0.3566666666666667
Printer:0.27972222222222226
GCodeWriter:0.2618888888888889
NullExtruder:0.20583333333333334
CartesianPrinter:0.15833333333333333
