SourceFolderRoot:0.73
DeltaProcessor:0.5233333333333333
NewClassWizardPage:0.41333333333333333
