BrowserVersion:0.5266666666666666
HtmlPage:0.51
Node:0.31333333333333335
Document:0.2524444444444444
Selection:0.24666666666666667
