ResourceFuture:0.6133333333333333
AbstractJPPFClassLoader:0.44333333333333336
CompositeResourceWrapper:0.2597777777777778
ClassLoaderRequestHandler:0.18666666666666668
