WriteBehindStore:0.5133333333333333
WriteBehindQueueTest:0.35
TestMapUsingMapStoreBuilder:0.23
WriteBehindQueues:0.18333333333333332
MapDataStores:0.14
