Bee:0.533111111111111
XmlIocLoader:0.4807777777777778
XmlIocLoaderTest:0.2966666666666667
