Property:0.6433333333333333
Entity:0.5066666666666667
