ReferenceInfo:0.6033333333333334
Reference:0.5333333333333333
IndexReferenceInfo:0.26666666666666666
GeoReferenceInfo:0.22
ReferenceInfoTest:0.0711111111111111
ReferenceInfoFactory:0.05
