ClusterService:0.47333333333333333
MBackup:0.44333333333333336
BaseManager:0.42333333333333334
BackupPacketProcessor:0.25
MBackupAwareOp:0.25
Migrator:0.14
