InfoLayer:0.9233333333333333
ImagePrint:0.38333333333333336
