ControlCenter:0.5866666666666667
View:0.3466666666666667
LnFBridge:0.3233333333333333
AboutDialog:0.25333333333333335
LookNFeelPanel:0.20333333333333334
