NumericFormatter:0.6733333333333333
NumericReadoutRenderer:0.2833333333333333
NumericReadoutTextRenderer:0.2833333333333333
EditBoxNumericBCDRenderer:0.28
ServerXMLSymbolsHandler:0.27666666666666667
AbstractEditBoxNumericRenderer:0.2733333333333333
