CacheService:0.41
CacheProxy:0.38666666666666666
ExceptionUtil:0.2866666666666667
HazelcastServerCachingProvider:0.26666666666666666
BasicCacheTest:0.19666666666666666
HazelcastServerCacheManager:0.17333333333333334
