MacOSPlugin:0.13867864
AbstractOptionPane:0.093456775
jEdit:0.061747562
