MacOSMenu:0.29325855
BufferHistory:0.039807104
FileCellRenderer:0.03378674
jEdit:0.033498112
