Constants:0.5166666666666667
SearchObject:0.43666666666666665
QueryBuilder:0.42333333333333334
EntityIndexUtils:0.36
AbstractBinderProcessor:0.23666666666666666
AbstractFolderModule:0.21
BinderModuleImpl:0.21
RssModuleImpl:0.2
AbstractEntryProcessor:0.19
FileModuleImpl:0.18333333333333332
