UIConfig:0.6583333333333333
MainWindow:0.5433333333333333
