Tag:0.6033333333333334
BibsonomyDataSource:0.26
FlickrDataSource:0.24
FlickrCrawler:0.17
DeliciousDataSource:0.13666666666666666
IPhotoKeywordDataSource:0.09888888888888889
FlickrActivator:0.07116666666666667
IPhotoActivator:0.07116666666666667
BibsonomyActivator:0.07116666666666667
DeliciousActivator:0.07116666666666667
DeliciousDataSourceFactory:0.06
IPhotoKeywordDataSourceFactory:0.06
BibsonomyDataSourceFactory:0.06
FlickrDataSourceFactory:0.06
BIBSONOMYDS:0.048888888888888885
FLICKRDS:0.048888888888888885
IPHOTODS:0.048888888888888885
DELICIOUSDS:0.048888888888888885
DeliciousCrawler:0.04
BibsonomyCrawler:0.03666666666666667
BibsonomyCrawlerFactory:0.023055555555555555
DeliciousCrawlerFactory:0.023055555555555555
FlickrCrawlerFactory:0.023055555555555555
IPhotoKeywordCrawlerFactory:0.023055555555555555
AbstractTagCrawler:0.006666666666666667
IPhotoKeywordCrawler:0.006666666666666667
