GraphJGraph:0.39666666666666667
LTSJVertex:0.38333333333333336
CellRenderer:0.38333333333333336
RuleLevelTree:0.23222222222222225
VisibleValue:0.20333333333333334
CellEditor:0.1811111111111111
