UserAdminSession:0.6333333333333333
ExcessiveResultsException:0.3466666666666667
CAInterfaceBean:0.33
UserAdminSessionBean:0.30333333333333334
