Environment:0.6633333333333333
InternalSettingsPreparer:0.36
InternalSettingsPreparerTests:0.26
Bootstrap:0.22666666666666666
