Robolectric:0.63
RobolectricPackageManager:0.3233333333333333
ParcelTest:0.31333333333333335
ShadowParcel:0.22333333333333333
PowerManagerTest:0.22333333333333333
ShadowHandler:0.21333333333333335
HandlerTest:0.17666666666666667
ShadowWifiManager:0.13
WifiManagerTest:0.09333333333333334
RobolectricPackageManagerTest:0.06
ShadowWakeLock:0.05333333333333334
ShadowWifiLock:0.02
