HopParser:0.47
HopSymbolTableWalker:0.39
loop_value_return:0.021666666666666667
DFA30:0.018333333333333333
DFA18:0.018333333333333333
loop_counter_return:0.012222222222222223
