PoiUtil:0.3541666666666667
DataObjectBase:0.35333333333333333
DataObjectFactory:0.2633333333333333
ExtractionVisitor:0.25333333333333335
WebCrawler:0.24666666666666667
PdfExtractor:0.24666666666666667
ImapCrawler:0.23
FileInspector:0.20636291486291486
OpenDocumentExtractor:0.19666666666666666
SimpleCrawlerHandler:0.19333333333333333
MailUtil:0.19
MimeExtractor:0.13666666666666666
HttpAccessor:0.13666666666666666
FileAccessor:0.13
XmlExtractor:0.09333333333333334
PublisherExtractor:0.09333333333333334
RtfExtractor:0.09333333333333334
PlainTextExtractor:0.09333333333333334
PresentationsExtractor:0.09333333333333334
WorksExtractor:0.09333333333333334
WordPerfectExtractor:0.09333333333333334
