MapBlock:0.43333333333333335
MapSubscriptOperator:0.31666666666666665
TypeRegistry:0.27666666666666667
AbstractMapBlock:0.25
MapType:0.22666666666666666
FeaturesConfig:0.22
MapBlockBuilder:0.21666666666666667
MapBlockEncoding:0.21
FunctionRegistry:0.20333333333333334
SingleMapBlockEncoding:0.15333333333333332
TestRowType:0.14666666666666667
TestHttpRemoteTask:0.14
TestFeaturesConfig:0.14
MapParametricType:0.1
TestMapType:0.08
