ArgumentsMarshalTest:0.7383333333333333
StructureTest:0.6576666666666667
