UnitType:0.33666666666666667
VehicleType:0.2633333333333333
GunUnitType:0.26
WeaponUnitType:0.24777777777777782
InfantryType:0.22
RadioType:0.16666666666666666
MarkerType:0.16666666666666666
SniperType:0.16666666666666666
VehicularGunType:0.16333333333333333
LeaderType:0.16
