J2DPrismGraphics:0.48333333333333334
TextureHelper:0.46
TreeEditorCopyHelper:0.28
ServerCockpitMultiAppli_Test:0.26666666666666666
AbstractARINCTextEditor:0.25
PPTResourceFactory:0.23666666666666666
PixelData:0.20133333333333334
JFXLayerTreeEditorCreate1Test:0.2
