TestPlan:0.6233333333333333
DiscoveryRequest:0.38
LoggingListener:0.32666666666666666
DefaultLauncher:0.18666666666666668
