StreamInput:0.47
BufferedChecksumStreamInput:0.44333333333333336
ByteBufferStreamInput:0.30666666666666664
ByteBufStreamInput:0.27666666666666667
InputStreamStreamInput:0.257
FilterStreamInput:0.22666666666666666
MarkSupportingStreamInputWrapper:0.18333333333333332
BytesStreamsTests:0.15416666666666667
BytesReferenceStreamInput:0.15
