QueryBuilderImpl:0.3933333333333333
InPredicate:0.3933333333333333
ComparisonPredicate:0.26666666666666666
ExpressionImpl:0.23333333333333334
ParameterExpressionImpl:0.23
