InternalSession:0.71
SessionImpl:0.3933333333333333
SessionManagerImpl:0.285
WxMpServiceImpl:0.27166666666666667
WxMsgIdMemoryDuplicateChecker:0.25333333333333335
WxCpService:0.20833333333333334
WxMpMessageRouter:0.15333333333333332
WxCpServiceImpl:0.12
