Record:0.39666666666666667
ConcurrentMapManager:0.37
Packet:0.35333333333333333
CMap:0.2633333333333333
ClusterManager:0.22333333333333333
MPut:0.19
Node:0.18666666666666668
WriteHandler:0.15
MPutMulti:0.13666666666666666
ReadHandler:0.13333333333333333
AbstractSelectionHandler:0.11666666666666667
