TypeGraph:0.4166666666666667
GTS:0.37333333333333335
EdgeMultiplicityVerifier:0.36333333333333334
StateTab:0.29333333333333333
StateErrorTab:0.21666666666666667
LTSDisplay:0.19
