Serializer:0.4997222222222222
StatelessMapClient:0.42333333333333334
SerializerTest:0.13244444444444445
