TestDateTime_Basics:0.4266666666666667
TestDateMidnight_Properties:0.37666666666666665
TestDateTime_Properties:0.35777777777777775
TestDateMidnight_Basics:0.3433333333333333
TestAll:0.14
MockNullZoneChronology:0.05
MockEqualsChronology:0.006666666666666667
