TypeDescription:0.4666666666666667
AdviceTest:0.4533333333333333
ForField:0.3933333333333333
ForParameter:0.39
AbstractTypeDescriptionTest:0.3233333333333333
AbstractBase:0.26666666666666666
ReadBoxed:0.23777777777777775
ForReturnValue:0.2292063492063492
ForOrigin:0.2292063492063492
ForThisReference:0.2292063492063492
WithCustomMapping:0.22
ForUserValue:0.16777777777777778
OfInstance:0.16333333333333333
JavaTypeTest:0.14666666666666667
WithBoxing:0.06
SampleExtension:0.03666666666666667
