ElasticsearchMergePolicy:0.47
Versions:0.46922222222222215
VersionTypeTests:0.37666666666666665
VersionsTests:0.32666666666666666
PerThreadIDAndVersionLookup:0.14333333333333334
