ScanParams:0.6866666666666666
Jedis:0.5066666666666667
Client:0.44
ScanResult:0.39
JedisCommands:0.2833333333333333
MultiKeyCommands:0.2833333333333333
ShardedJedis:0.22666666666666666
SortedSetCommandsTest:0.215
JedisCluster:0.21333333333333335
AllKindOfValuesCommandsTest:0.20833333333333334
HashesCommandsTest:0.205
SetCommandsTest:0.205
Commands:0.20083333333333334
BinaryClient:0.16333333333333333
