CacheConfig:0.4533333333333333
CacheOperationProvider:0.4236111111111111
AbstractCacheService:0.35333333333333333
ICacheService:0.31916666666666665
AbstractCacheProxyBase:0.31666666666666665
DefaultOperationProvider:0.21444444444444447
