QRUtils:0.7833333333333333
SqrlAuthenticationController:0.4033333333333333
SqrlInitialAction:0.22333333333333333
OneTimeTokenQRGeneratorController:0.19666666666666666
