Constants:0.6317222222222223
EntityIndexUtils:0.36
SearchUtils:0.35
GwtViewHelper:0.29833333333333334
AbstractBinderProcessor:0.29333333333333333
