ResourceLoader:0.7733333333333333
PackageResourceLoader:0.37666666666666665
PreferenceLoaderTest:0.31333333333333335
PreferenceLoader:0.23333333333333334
ResourceLoaderTest:0.23
RoutingResourceLoader:0.21666666666666667
ShadowPreferenceActivity:0.17
