FlowExecutionManager:0.6566666666666666
FlowExecutionListenerCriteria:0.35
FlowIdFlowExecutionListenerCriteria:0.20333333333333334
WildcardFlowExecutionListenerCriteria:0.15666666666666668
