GwtServerHelper:0.3566666666666667
GwtRpcServiceImpl:0.3466666666666667
GwtTeamingMessages:0.31666666666666665
FindControlBrowsePopup:0.29
CopyMoveEntriesDlg:0.1877777777777778
GetVerticalTreeCmd:0.16333333333333333
FindCtrl:0.13333333333333333
BreadcrumbTreePopup:0.08666666666666667
ExpandVerticalBucketCmd:0.05333333333333334
GetVerticalNodeCmd:0.05333333333333334
