Types:0.5
NameTable:0.38666666666666666
ImplementationImportCollector:0.38333333333333336
Import:0.33666666666666667
StatementGenerator:0.29333333333333333
ImportCollector:0.26
InnerClassExtractorTest:0.20333333333333334
ObjectiveCImplementationGenerator:0.20333333333333334
ObjectiveCSourceFileGenerator:0.19666666666666666
ObjectiveCHeaderGenerator:0.19
HeaderImportCollector:0.15333333333333332
StatementGeneratorTest:0.13666666666666666
NameTableTest:0.03666666666666667
