Configuration:0.59
CacheTestUtil:0.4166666666666667
DialectFactoryTest:0.38333333333333336
SessionFactoryImpl:0.31
AbstractStatementExecutor:0.24666666666666667
SettingsFactory:0.23666666666666666
TransactionalExtraAPITestCase:0.17333333333333334
AbstractEntityCollectionRegionTestCase:0.17
AbstractGeneralDataRegionTestCase:0.16666666666666666
QueryRegionImplTestCase:0.16333333333333333
TimestampsRegionImplTestCase:0.14
AccessStrategyTestSetup:0.11
