PubSourceBean:0.34
TermTable:0.2966666666666667
AnnotationTable:0.2866666666666667
GeneralDB:0.26
AnnotationEntry:0.22333333333333333
PubSource:0.21333333333333335
SearchPubSource:0.12666666666666668
