StackTraceElements:0.66
FieldInjector:0.23666666666666666
ParameterInjector:0.23666666666666666
ErrorMessages:0.22333333333333333
