FileSystemMgtService:0.49666666666666665
PurgeStudyOrder:0.4841666666666666
FileSystemMgtBean:0.20666666666666667
