GpdXmlContentProvider:0.7719444444444444
GEFImageHelper:0.5442777777777777
