FunctionalGroups:0.78
AbstractTree:0.27
SMARTCYPRuleRank1:0.23666666666666666
MolAnalyser:0.2277777777777778
