CAInterfaceBean:0.5522222222222222
CertificateProfileDataHandler:0.47333333333333333
CAActivationMBean:0.2833333333333333
