GeoPoint:0.4166666666666667
GeoUtils:0.41
BasePolygonBuilder:0.38333333333333336
ShapeBuilder:0.33
CircleBuilder:0.23
Edge:0.22666666666666666
GeoJSONShapeParserTests:0.21333333333333335
GeoShapeFieldMapper:0.21333333333333335
Ring:0.20333333333333334
MultiLineStringBuilder:0.18
PointCollection:0.17333333333333334
MultiPolygonBuilder:0.17
ShapeBuilderTests:0.16
MultiPointBuilder:0.14666666666666667
PolygonBuilder:0.14333333333333334
GeoPolygonDocIdSet:0.14166666666666666
EnvelopeBuilder:0.13666666666666666
BaseLineStringBuilder:0.12
PointBuilder:0.10666666666666667
CoordinateNode:0.1
