Markdowns:0.7886111111111112
ShortLinkQueryService:0.3466666666666667
