DBCursor:0.3433333333333333
MongoGetMoreMessage:0.3
MongoAsyncConnector:0.2763333333333334
MultipleServerMongoConnector:0.25666666666666665
SingleChannelSyncMongoConnector:0.24333333333333335
SingleServerMongoConnector:0.23333333333333334
SingleChannelAsyncMongoConnector:0.20666666666666667
MongoCollectionCursor:0.20194444444444445
QueryResultSingleResultCallback:0.19911111111111113
MongoSyncConnector:0.17333333333333334
