SimpleIndexQueryParserTests:0.7488888888888889
CommonTermsQueryParser:0.5505555555555556
CommonTermsQueryBuilder:0.26666666666666666
