Node:0.5433333333333333
NewModelTest:0.5033333333333333
JsonModelLoaderTest:0.3433333333333333
