QueryBuilders:0.4633333333333333
CustomScoreQueryParser:0.45466666666666666
CustomScoreQueryBuilder:0.37
CustomScoreSearchTests:0.21666666666666667
