LiteralExpression:0.5966666666666667
OgnlExpressionParser:0.33666666666666667
CompositeStringExpression:0.31666666666666665
