AbstractConversationFlowExecutionRepository:0.6655555555555556
ClientContinuationFlowExecutionRepository:0.43333333333333335
