Executor:0.78
MercurialRepository:0.2833333333333333
MonotoneRepository:0.26666666666666666
GitRepository:0.24
SSCMRepository:0.23333333333333334
SubversionRepository:0.23333333333333334
BazaarRepository:0.23333333333333334
