PostgresFullPrunedBlockStore:0.6166666666666667
H2FullPrunedBlockStore:0.3566666666666667
PostgresFullPrunedBlockChainTest:0.29
