ByteBuddyAgent:0.47
AttachmentProvider:0.39001587301587304
ByteBuddyTutorialExamplesTest:0.2733333333333333
ClassFileLocatorAgentBasedTest:0.15666666666666668
ClassLoadingStrategyForBootstrapInjectionTest:0.14666666666666667
ClassInjectorUsingImplementationTest:0.14666666666666667
AgentBuilderDefaultApplicationTest:0.13666666666666666
ClassReloadingStrategyTest:0.13333333333333333
Compound:0.13333333333333333
ClassLoaderCreationAction:0.13333333333333333
