ImageComparator:0.49
RobotTest:0.31333333333333335
StepRunner:0.3
AssertEditorTest:0.235
FileDialogRecorderTest:0.235
JComboBoxRecorderTest:0.235
ImageComparatorTest:0.21666666666666667
