ConfigurationProcessor:0.6644444444444444
ScopingXmlTest:0.27
ExternalBeanDependenciesTest:0.05333333333333334
