Preloader:0.43333333333333335
Asset:0.43
ReflectionCacheSourceCreator:0.4066666666666667
GwtFileHandle:0.30666666666666664
GwtApplication:0.2866666666666667
DefaultAssetFilter:0.22833333333333333
PreloaderState:0.18666666666666668
PreloaderBundleGenerator:0.17333333333333334
PreloaderCallback:0.14333333333333334
