CollectionAgent:0.5633333333333334
SnmpCollector:0.424
OnmsSnmpCollection:0.41333333333333333
SnmpCollectionSet:0.37666666666666665
JMXDataCollectionConfigFactory:0.26
ServiceParameters:0.26
DefaultCollectionAgent:0.22361111111111115
JMXCollector:0.13333333333333333
JMXNodeCollector:0.10333333333333333
