RealMultibinder:0.42333333333333334
RealElement:0.42
MapBinder:0.36666666666666664
RealMapBinder:0.33666666666666667
