Model:0.7233333333333334
ModelLoader:0.3566666666666667
G3dModelLoader:0.2633333333333333
ModelParameters:0.22333333333333333
