METSDOSerializer:0.4533333333333333
METSDODeserializer:0.44
FedoraAPIMBindingSOAPHTTPImpl:0.3566666666666667
METSInOutTest:0.12666666666666668
