RubyEditorEnvironment:0.37833333333333335
RubyPartitionScanner:0.36666666666666664
NewProjectCreationWizard:0.3566666666666667
RubyEditor:0.35333333333333333
