Atom03FeedEntry:0.6343333333333334
RSS10FeedEntry:0.6343333333333334
