UACDSLink:0.4166666666666667
FrameworkConfiguration:0.3404444444444445
UACDSDataLink:0.31
ARINCElementKey:0.31
UACDSParameterLink:0.26
UACDSHandler:0.26
UACDSEditor:0.24333333333333335
AbstractUACDSLink:0.24
ExtendedTransition:0.23438888888888887
ServerMessageProcessor:0.21333333333333335
DecoratedLabelSkin:0.19
LayerSizeConverter:0.19
DecoratedButtonSkin:0.19
SwingPropertiesConstructor:0.19
