MainScene:0.6566666666666666
MessagePopup:0.2911111111111111
EventTableModel:0.2525
MainMenu:0.2425
