HazelcastTestSupport:0.57
TestHazelcastInstanceFactory:0.47333333333333333
TestRunner:0.2227777777777778
HazelcastParallelClassRunner:0.19
TransactionQueueTest:0.03
QueueListenerTest:0.016666666666666666
