ContentTypeITest:0.5727777777777777
ContentTypeFromStringTest:0.36666666666666664
