OCSPServletStandAlone:0.4666666666666667
CertificateCache:0.4533333333333333
OCSPServletBase:0.37
TestCertificateCache:0.07333333333333333
