CDKManager:0.7033333333333334
ICDKManager:0.6877777777777778
