LuceneSearcher:0.4766666666666667
Spatial:0.41333333333333333
GeomExtractor:0.37
OgcGenericFilters:0.15333333333333332
WithinFilter:0.13666666666666666
