SiteScapeBridgeUtil:0.8866666666666667
SiteScapeLoginModule:0.2733333333333333
AuthenticationManager:0.13333333333333333
SessionManager:0.13333333333333333
