CAInterfaceBean:0.8366666666666667
CACertReqServlet:0.30666666666666664
AdminCertReqServlet:0.3
