Callback:0.49333333333333335
RequestBuilderTest:0.4533333333333333
RestAdapter:0.37666666666666665
Utils:0.36666666666666664
FutureMethod:0.3272804232804233
StringService:0.3272804232804233
CallMethod:0.3272804232804233
RequestBuilder:0.3244444444444445
Builder:0.32
MethodInfo:0.28
RestAdapterTest:0.2733333333333333
MockRestAdapterTest:0.21
Extending:0.2063968253968254
Platform:0.18333333333333332
MockRestAdapter:0.18333333333333332
ExceptionCatchingRequestBody:0.17333333333333334
MethodInfoTest:0.13666666666666666
MockHandler:0.135
SimpleService:0.08666666666666667
