ASTVerifier:0.5866666666666667
BasicSemanticTriggers:0.4633333333333333
BasicSemanticChecks:0.18666666666666668
DFA55:0.11466666666666667
DFA42:0.11466666666666667
