MappleTXEGImport:0.6766666666666666
XEGExport:0.45666666666666667
ImportModule:0.18666666666666668
