ICustomUserDataSource:0.6866666666666666
AvailableAccessRules:0.5338888888888889
RAInterfaceBean:0.45666666666666667
BaseUserDataSource:0.38666666666666666
CustomUserDataSourceContainer:0.35
UserDataVO:0.33
UserDataSourceDataBean:0.18333333333333332
LocalUserDataSourceSessionBean:0.15333333333333332
EditHardTokenProfileJSPHelper:0.15
UserDataSourceExistsException:0.13333333333333333
UserDataSourceVO:0.12666666666666668
DummyCustomUserDataSource:0.10333333333333333
TestUserDataSource:0.07666666666666666
UserDataSourceConnectionException:0.07
EditUserDataSourceJSPHelper:0.023333333333333334
UserDataSourceDoesntExistsException:0.0
UserDataSourceException:0.0
