WebUtils:0.5833333333333334
OAuth20WrapperController:0.45
OAuth20AccessTokenControllerTests:0.2966666666666667
AbstractServletContextInitializer:0.2966666666666667
DefaultServicesManagerImpl:0.22666666666666666
DefaultTicketRegistry:0.21333333333333335
OAuth20AccessTokenController:0.19666666666666666
OAuth20AuthorizeControllerTests:0.19
OAuth20ProfileControllerTests:0.16333333333333333
OAuthServletContextListener:0.10666666666666667
OAuth20CallbackAuthorizeControllerTests:0.10666666666666667
OAuth20AuthorizeController:0.07666666666666666
OAuth20CallbackAuthorizeController:0.04666666666666667
OAuth20ProfileController:0.02666666666666667
HealthCheckController:0.0
