HeaderServerInterceptor:0.4877222222222222
HeaderClientInterceptor:0.4877222222222222
