RequestInfo:0.8333333333333334
GwtMainPage:0.5566666666666666
TreeDisplayVertical:0.33
