ExecuteContext:0.8933333333333333
DefaultExecuteContext:0.6233333333333333
AbstractQuery:0.33666666666666667
ExecuteListeners:0.30666666666666664
