Window:0.63
HTMLCollection:0.36333333333333334
HTMLElement:0.3566666666666667
JavaScriptEngine:0.31333333333333335
SimpleScriptable:0.3
HTMLFormElement:0.21666666666666667
Document:0.19666666666666666
Style:0.16
HTMLOptionsCollection:0.12333333333333334
