ConversionExecutor:0.7433333333333333
TwoWayConverter:0.3272804232804233
NumberFormatFactory:0.3272804232804233
DefaultConversionService:0.29333333333333333
StaticConversionExecutor:0.29
Converter:0.2653333333333333
GenericConversionService:0.22666666666666666
DefaultConversionServiceTests:0.20333333333333334
DefaultMapping:0.185
NoOpConverter:0.18
AbstractNumberFormatFactory:0.17
ConversionService:0.16533333333333333
StringToDate:0.15
StringToObject:0.13666666666666666
StaticConversionExecutorImplTests:0.12
DefaultMapperTests:0.1
ObjectToArray:0.043333333333333335
ReverseConverter:0.04
FormattedStringToNumber:0.035
ArrayToCollection:0.03333333333333333
ArrayToArray:0.016666666666666666
InvalidFormatException:0.013333333333333334
StringToBoolean:0.013333333333333334
DefaultNumberFormatFactory:0.013333333333333334
StringToByte:0.006666666666666667
StringToFloat:0.006666666666666667
StringToClass:0.006666666666666667
StringToCharacter:0.006666666666666667
StringToLong:0.006666666666666667
StringToDouble:0.006666666666666667
StringToLabeledEnum:0.006666666666666667
StringToBigDecimal:0.006666666666666667
StringToBigInteger:0.006666666666666667
StringToShort:0.006666666666666667
StringToInteger:0.006666666666666667
CurrencyNumberFormatFactory:0.0
IntegerNumberFormatFactory:0.0
PercentNumberFormatFactory:0.0
