PlanMatchPattern:0.5333333333333333
CorrelationMatcher:0.2833333333333333
BasePlanTest:0.25333333333333335
Rewriter:0.24853968253968253
SubqueryPlanner:0.24333333333333335
PlanBuilder:0.24333333333333335
TestLogicalPlanner:0.21666666666666667
TestSetFlatteningOptimizer:0.19666666666666666
PlanOptimizers:0.19
