OperationsMetadata:0.5466666666666666
ExtendedCapabilities:0.3933333333333333
