JsonObject:0.45
JsonArray:0.36
Json:0.3233333333333333
JsonObjectTest:0.30666666666666664
JsonArrayTest:0.15
JsonMapperTest:0.08
