RecordReaderMultiDataSetIterator:0.4866666666666667
GravesLSTM:0.4533333333333333
Builder:0.20333333333333334
RecordReaderMultiDataSetIteratorTest:0.17666666666666667
