SimpleIntegrationTest:0.5233333333333333
IDataService:0.5150555555555555
DataService:0.4266666666666667
DataLoaderService:0.3
MockDataService:0.19416666666666665
CsvExtractor16:0.15
