CSSStyleDeclaration:0.5466666666666666
HTMLCanvasElement:0.44666666666666666
ComputedCSSStyleDeclaration:0.3466666666666667
HTMLCanvasElementTest:0.24666666666666667
