Invocation:0.6533333333333333
InvocationBuilderImpl:0.20666666666666667
PartitionInvocation:0.18333333333333332
Invocation_NotifyCallTimeoutTest:0.14666666666666667
InvocationBuilder:0.14666666666666667
TargetInvocation:0.10333333333333333
