Flow:0.6733333333333333
FlowExecutorFactoryBean:0.44333333333333336
XmlFlowBuilder:0.41
FlowExecutorFactoryBeanTests:0.15333333333333332
ConversationSizeTests:0.14666666666666667
FlowExecutionListenerLoaderBeanDefinitionParser:0.09666666666666666
ActionExecutor:0.09333333333333334
FlowExecutorSystemDefaults:0.07333333333333333
FlowExecutionRepositoryType:0.05211111111111111
FlowExecutionListenerLoaderFactoryBean:0.043333333333333335
FlowExecutionListenerCriteriaFactory:0.023333333333333334
FlowExecutorBeanDefinitionParserTests:0.011666666666666667
