PersonConfig:0.7466666666666667
SimulationConfig:0.5733333333333334
