JmolView:0.7516111111111111
BioPolymerContentProvider:0.4486111111111111
