Item:0.6266666666666667
Archive:0.36666666666666664
CompleteRenderer:0.3233333333333333
Button:0.31333333333333335
AbstractFileCache:0.31
Location:0.3088888888888889
PluginManager:0.2833333333333333
ScriptCommand:0.23666666666666666
FeedsFS:0.23333333333333334
Console:0.23
PropertiesBar:0.21
TextComponentValidator:0.20666666666666667
AbstractIterator:0.2
SearchBar:0.19
ConsoleCommand:0.17333333333333334
WordCountPreviewProvider:0.06666666666666667
