ICMPAuthenticationModule:0.5433333333333333
CrmfRequestMessage:0.5233333333333333
CrmfMessageHandler:0.3333333333333333
CrmfRequestTest:0.27
VerifyPKIMessage:0.17333333333333334
CmpMessageDispatcherSessionBean:0.15
EndEntityCertificateAuthenticationModule:0.13666666666666666
CrmfRequestMessageTest:0.08333333333333333
RevocationMessageHandler:0.07666666666666666
AuthenticationModulesTest:0.07
DnPartPasswordExtractor:0.06055555555555555
RegTokenPasswordExtractor:0.057222222222222216
HMACAuthenticationModule:0.02666666666666667
