FileRecordWriterFactory:0.5166666666666667
FileScheme:0.38666666666666666
FileRecordReaderFactory:0.12
