AbstractStatisticsViewController:0.4533333333333333
TechnicalInformationViewController:0.4166666666666667
TechnicalInformationViewControllerResultData:0.23666666666666666
AbstractRegexVersionedCounter:0.20333333333333334
AbstractRegexVersionedCounterAggregation:0.19
