Transformation:0.58
ByteBuddyExtension:0.43666666666666665
AbstractUserConfiguration:0.2866666666666667
TransformTask:0.20666666666666667
ByteBuddyPlugin:0.20333333333333334
TransformationTest:0.19666666666666666
ByteBuddyMojo:0.18
