TestingHelpers:0.7533333333333333
InsertIntoIntegrationTest:0.30333333333333334
LongTypeTest:0.29333333333333333
IpType:0.285
ConcatFunctionTest:0.24666666666666667
SubstrFunctionTest:0.22
StringConcatFunction:0.15
GenericConcatFunction:0.13666666666666666
IpTypeTest:0.13
