AutomagicMadvocConfigurator:0.5077777777777778
AutomagicDbOomConfigurator:0.43333333333333335
AutomagicPetiteConfigurator:0.3433333333333333
