DicomFilter:0.7566666666666667
MinMaxPixelInfo:0.4033333333333333
WLFilter:0.16666666666666666
