HibernateSessionFactory:0.82
ArchiveTest:0.4066666666666667
ArchiveDAOHibernateImpl:0.35333333333333333
InitializerLogic:0.14
