IndexShard:0.51
Engine:0.43666666666666665
MockController:0.2733333333333333
EngineConfig:0.2653333333333333
InternalEngine:0.24666666666666667
IndicesClusterStateService:0.23666666666666666
IndexingMemoryControllerTests:0.23666666666666666
IndexingMemoryController:0.23333333333333334
IndexModuleTests:0.19333333333333333
CompositeIndexEventListener:0.16333333333333333
InternalEngineTests:0.15
IndexEventListener:0.1308730158730159
EngineRefresher:0.12
ShardsIndicesStatusChecker:0.07333333333333333
ShardAndBytesUsed:0.0033333333333333335
