ZipFile:0.5
ClassLibInterface:0.4633333333333333
Interface:0.4633333333333333
ObjectTraverser:0.3566666666666667
