UserExt:0.76
Filler:0.3433333333333333
UserQueryService:0.22666666666666666
UserMgmtService:0.22
UserRegisterValidation:0.17833333333333334
LoginCheck:0.11333333333333333
LoginProcessor:0.09
