BoundedLocalCache:0.5433333333333333
PageReplacement:0.26666666666666666
LocalCacheFactoryGenerator:0.25333333333333335
IsCacheReserializable:0.24527777777777782
CacheSelectorCode:0.24
LocalCacheGenerator:0.21694444444444447
BoundedLocalManualCache:0.20722222222222222
LocalLoadingCache:0.1842063492063492
BoundedLocalLoadingCache:0.10444444444444444
UnboundedLocalLoadingCache:0.06777777777777778
