MetadataPermissionsServiceSkeleton:0.49333333333333335
UserServiceSkeleton:0.37333333333333335
GroupServiceSkeleton:0.3333333333333333
