TypeDescription:0.7133333333333334
GenericTypeDescription:0.43433333333333335
ForWildcardType:0.31666666666666665
ForLoadedType:0.31
ArrayProjection:0.25833333333333336
ByteBuddyCommonsTest:0.25666666666666665
Raw:0.24666666666666667
ByteBuddyCommons:0.23
DefaultFieldValueTarget:0.22
LazyProjection:0.22
ForGenericArray:0.22
AbstractBase:0.21
ForLoadedAnnotation:0.20833333333333334
ForTypeVariable:0.2
ForParameterizedType:0.19666666666666666
OfParameter:0.18333333333333332
