Flow:0.5433333333333333
FlowExecutor:0.48
State:0.475
SimpleFlowTests:0.3566666666666667
FlowExecutionAggregator:0.27051984126984113
JobExecutionDecider:0.27051984126984113
FlowJob:0.24333333333333335
SimpleFlow:0.17333333333333334
JobFlowExecutor:0.12666666666666668
SplitStateTests:0.0425
EndState:0.03666666666666667
PauseState:0.035833333333333335
SimpleFlowExecutionAggregatorTests:0.034499999999999996
EndStateTests:0.028333333333333332
StateSupport:0.02666666666666667
DecisionState:0.016666666666666666
StepState:0.016666666666666666
PatternMatcher:0.016666666666666666
MaxValueFlowExecutionAggregator:0.0
SplitState:0.0
AbstractState:0.0
