OsgiBundleUtils:0.6633333333333333
DynamicSetIteratorTest:0.30416666666666664
