JChemPaintPanel:0.7566666666666667
ChangeModeAction:0.2
JCPToolBar:0.19666666666666666
AppCloser:0.11333333333333333
ExitAction:0.0033333333333333335
