Builder:0.61
NeuralNetConfiguration:0.5633333333333334
RBM:0.435
AutoEncoder:0.24777777777777782
TestOptimizers:0.18666666666666668
BackTrackLineSearchTest:0.18666666666666668
BackPropMLPTest:0.18333333333333332
ListenerTest:0.16333333333333333
TestSerialization:0.11666666666666667
LayerBuilderTest:0.10666666666666667
