GUIDRoutingTable:0.4766666666666667
MsgManager:0.45666666666666667
GUIDComparator:0.11
