Driver:0.6033333333333334
TestDriver:0.38
TaskContext:0.36333333333333334
MaterializingOperator:0.22
