TwoTableJoin:0.41333333333333333
JoinIntegrationTest:0.35333333333333333
ManyTableConsumer:0.31333333333333335
Visitor:0.20244444444444445
T3:0.011111111111111112
