Imager:0.56
GraphJGraph:0.4
ImagerFrame:0.2906666666666667
FormatOption:0.2688888888888889
Exportable:0.24805555555555558
Exporter:0.19666666666666666
