Scenario5:0.4666666666666667
ScenarioAlpha:0.4633333333333333
Scenario2:0.20666666666666667
Scenario1:0.20666666666666667
Scenario4:0.20666666666666667
