AbstractChronicleMapBuilder:0.6158333333333333
VanillaChronicleMap:0.5916666666666667
DirectBytesBuffer:0.18911111111111112
OSResizesMain:0.14666666666666667
RecursiveRefereneChMapTest:0.08666666666666667
