ResourceData:0.8366666666666667
CreoleXmlHandler:0.3233333333333333
CookBook:0.2866666666666667
