GroovyConsoleView:0.63
VirtualView:0.38
ActionHistoryView:0.21333333333333335
JsConsoleView:0.14666666666666667
ScriptingConsoleView:0.10333333333333333
RubyConsoleView:0.05
