CrlCreateSessionLocal:0.7441666666666666
CAAdminSessionBean:0.5905555555555555
CrlCreateSessionBean:0.42
