StructuredbInstanceManager:0.5633333333333334
IStructuredbManager:0.3986111111111111
StructuredbManagerTest:0.35
StructuredbManager:0.2633333333333333
ForConsoleDecoratedStructuredbManager:0.25
LabelDaoTest:0.21333333333333335
TestData:0.15
