Field:0.94
AbstractField:0.4633333333333333
Expression:0.26666666666666666
Neg:0.2
Power:0.14
jOOQAbstractTest:0.12333333333333334
DefaultExpression:0.06666666666666667
