DBCollection:0.61
DBCursor:0.37333333333333335
JavaClientTest:0.3466666666666667
ByteDecoder:0.2833333333333333
