CookieRetrievingCookieGenerator:0.45666666666666667
LogoutActionTests:0.2866666666666667
CasCookieConfiguration:0.22333333333333333
InitialFlowSetupActionCookieTests:0.17
TGCCookieRetrievingCookieGenerator:0.050833333333333335
WarningCookieRetrievingCookieGenerator:0.01988095238095238
