Injector:0.88
InjectorImpl:0.5166666666666667
AllTests:0.2866666666666667
ToolStageInjector:0.2833333333333333
