SessionFactory:0.7233333333333334
SessionFactoryImpl:0.44666666666666666
LoadQueryInfluencers:0.41
SessionFactoryStub:0.32
JoinFetchProfileTest:0.31666666666666665
