HtmlPage:0.5366666666666666
ComputedCSSStyleDeclaration:0.37
SimpleScriptable:0.3433333333333333
Location:0.2633333333333333
HTMLDocument:0.24333333333333335
