HashCode:0.4766666666666667
FunctionRegistry:0.45555555555555555
ShortDecimalType:0.3288888888888889
