FinalizePromotionOperation:0.4533333333333333
PromotionCommitOperation:0.4266666666666667
MigrationCommitRollbackTestingService:0.3333333333333333
BeforePromotionTask:0.22
DummyPartitionAwareOperation:0.15333333333333332
MigrationAwareServiceEventTest:0.13333333333333333
FailingOperationResponseHandler:0.126
