JsfFlowExecutionManager:0.5866666666666667
FlowExecutionStorage:0.24416666666666667
DataStoreFlowExecutionStorage:0.18666666666666668
ContinuationDataStoreFlowExecutionStorage:0.18333333333333332
ClientContinuationFlowExecutionStorage:0.18333333333333332
FlowPhaseListener:0.16333333333333333
