DatabaseDocumentImpl:0.6751111111111111
DatabaseCorpusImpl:0.36933333333333335
