GwtServerHelper:0.6933333333333334
GwtViewHelper:0.5133333333333333
EntryMenuPanel:0.4033333333333333
