TopHitsIT:0.5966666666666667
InnerHitsIT:0.23266666666666666
