ClientConductor:0.3566666666666667
Aeron:0.3333333333333333
ClientContext:0.31666666666666665
ClientConductorTest:0.19166666666666668
AeronTest:0.155
