LocalExchange:0.49
TaskManagerConfig:0.38666666666666666
LocalExchangeFactory:0.30833333333333335
TestLocalExchange:0.24666666666666667
TestTaskManagerConfig:0.21666666666666667
LocalExecutionPlanner:0.16666666666666666
