Default:0.5733333333333334
EntryPoint:0.5433333333333333
ClassFileVersion:0.4266666666666667
AgentBuilderDefaultTest:0.28
EntryPointDefaultTest:0.20666666666666667
PoolStrategy:0.1580952380952381
ByteBuddyMojo:0.15
TransformationAction:0.13666666666666666
IllegalEntryPoint:0.0033333333333333335
Foo:0.0033333333333333335
IllegalTransformEntryPoint:0.0033333333333333335
SimpleEntryPoint:0.0033333333333333335
