ValueAttribute:0.47333333333333333
Annotations:0.41333333333333333
DeclaringType:0.35833333333333334
JaxrsTest:0.3233333333333333
Proto:0.31
ObjectMappedTest:0.21
AbstractDeclaring:0.19666666666666666
