NestedLoopConsumerTest:0.47
JoinIntegrationTest:0.43333333333333335
Visitor:0.35333333333333333
