AuditMetadataGenerator:0.5366666666666666
ValidTimeAuditStrategy:0.45
AuditEntitiesConfiguration:0.44666666666666666
