HealthSnapshot:0.65
Diagnostics:0.4
Factory:0.3244444444444444
DiagnosticsMBean:0.20333333333333334
