MongoClient:0.8766666666666667
MongoClientImpl:0.5077777777777777
DatabaseTestCase:0.2866666666666667
