RedissonLock:0.6866666666666666
RedissonCountDownLatch:0.39
RedissonLockTest:0.25333333333333335
RedissonTopic:0.22666666666666666
