AsyncQueryBatchCursor:0.6466666666666666
QueryBatchCursor:0.6216666666666667
OperationHelper:0.41333333333333333
