AnalysisInput:0.48
AnalysisFilter:0.4766666666666667
bop:0.41333333333333333
AbstractParser:0.2733333333333333
GenscanParser:0.25
GeneFinderParser:0.24333333333333335
FgeneshParser:0.20666666666666667
