DBRef:0.5833333333333334
DBRefBase:0.53
DBRefOldTest:0.2633333333333333
