ShadowDrawable:0.5333333333333333
ShadowFragment:0.4533333333333333
ShadowLayerDrawable:0.27666666666666667
FragmentTest:0.24666666666666667
DrawableTest:0.21333333333333335
LayerDrawableTest:0.14333333333333334
