APIScriptDemo:0.7333333333333333
APIScriptDemo2:0.31333333333333335
Demos:0.3
AbstractAPIDemo:0.19
