Key:0.5966666666666667
Http2ClientStreamTransportStateTest:0.25
BinaryKey:0.2188888888888889
MetadataTest:0.2
TrustedAsciiKey:0.08
AsciiKey:0.08
InternalMetadata:0.07333333333333333
