RNTN:0.4608333333333333
FileSentenceIterator:0.44333333333333336
Word2VecTests:0.18333333333333332
MovingWindowMatrix:0.16666666666666666
VocabActor:0.15
