SchemaVersion:0.4866666666666667
DbSupport:0.32872222222222214
DbMigrator:0.31
SchemaVersionTest:0.12666666666666668
MigrationUtilsTest:0.08666666666666667
MigrationUtils:0.06666666666666667
OracleDbSupport:0.023333333333333334
MySQLDbSupport:0.023333333333333334
