DecimalFormat:0.48
SimpleDateFormat:0.43333333333333335
CoverageAnalyzer:0.38666666666666666
JPF_java_text_DecimalFormat:0.24666666666666667
JPF_java_text_SimpleDateFormat:0.18333333333333332
