DefaultManagement:0.7033333333333334
DatastreamsPane:0.4066666666666667
