ShadowIntent:0.78
IntentTest:0.4166666666666667
ShadowSQLiteDatabase:0.37333333333333335
