SarosSessionManager:0.7766666666666666
SharedResourcesManager:0.5333333333333333
