ISessionManager:0.7922222222222222
SessionManager:0.6433333333333333
