PropertyBuilder:0.41333333333333333
Reader:0.4033333333333333
AnnotationsHelper:0.2980952380952381
TupleAsMapModelConverter:0.24
ModelResolver:0.24
TypeNameResolver:0.22
ParameterProcessor:0.19444444444444445
EnumTest:0.16
DefaultParameterExtension:0.09333333333333334
TupleAsMapPropertyConverter:0.02666666666666667
