PhysicalConnectionWizardWizardPanel1:0.6366666666666667
PhysicalConnectionWizardWizardAction:0.38
PhysicalConnectionWizardVisualPanel1:0.32666666666666666
ExplorablePanel:0.10888888888888891
