Example:0.46611111111111125
Utils:0.4266666666666667
RestAdapterTest:0.2733333333333333
RestAdapter:0.25
RestHandler:0.20777777777777778
