StatementGenerator:0.43333333333333335
StatementGeneratorTest:0.31666666666666665
BindingMapVerifier:0.3
BindingMapBuilder:0.2866666666666667
ASTUtil:0.22666666666666666
