ListOfInt:0.7072222222222223
ListOfFloat:0.7072222222222223
Property:0.685
ListOfFloatType:0.5533333333333333
ListOfIntType:0.5533333333333333
ListOfDouble:0.5533333333333333
ListOfDoubleType:0.5533333333333333
PropertyImpl:0.35333333333333333
XEGNode:0.19666666666666666
XEGMeshNode:0.10666666666666667
ListOfIntTypeImpl:0.0
IntTypeImpl:0.0
ListOfFloatImpl:0.0
ListOfIntImpl:0.0
IntType:0.0
ListOfDoubleImpl:0.0
ListOfFloatTypeImpl:0.0
DoubleType:0.0
ListOfDoubleTypeImpl:0.0
DoubleTypeImpl:0.0
