SamlServiceProviderProperties:0.44666666666666666
SamlProfileSamlNameIdBuilder:0.3
AbstractSamlSPProperties:0.22
Evernote:0.0033333333333333335
