Builder:0.6166666666666667
Table:0.5366666666666666
HiveQueryRunner:0.2733333333333333
TestHivePageSink:0.21111111111111108
HiveBenchmarkQueryRunner:0.17
