A:0.5923333333333333
B:0.5923333333333333
BindCommandProcessor:0.59
InjectorBuilder:0.33666666666666667
BindingOrderTest:0.135
