HttpLoggingInterceptor:0.3496666666666667
CacheTest:0.2833333333333333
OkUrlFactoryTest:0.25666666666666665
HttpMethod:0.25666666666666665
InMemoryFileSystem:0.24333333333333335
UrlConnectionCacheTest:0.23333333333333334
AsyncCall:0.19666666666666666
RecordingCallback:0.18666666666666668
HttpLoggingInterceptorTest:0.16
CallTest:0.08
