FlightPlanPartRenderer:0.42209523809523813
Model3D:0.42
Map3DProjection:0.34
Ribbon3DSegmentRenderer:0.32
Scaler3D:0.26666666666666666
Map3DItemListRenderer:0.24666666666666667
AbstractProjectedMap3DItemRenderer:0.24666666666666667
Line3DSegmentRenderer:0.24666666666666667
DropLine3DRenderer:0.13333333333333333
AbstractSymbolProjectedMap3DModelItemRenderer:0.13333333333333333
MapItem3D:0.1288888888888889
Math3D:0.11333333333333333
VisualSelecter3D:0.08
