DataTimeline:0.6283333333333333
DataHistory:0.47
HopCompilerVariableHistory:0.35
CompilerVariableHistory:0.3252777777777778
HopCompilerHistory:0.10333333333333333
CompilerHistory:0.011666666666666667
