TestCluster:0.3933333333333333
IndexFieldCache:0.26
FieldBased:0.22666666666666666
IndexFieldDataService:0.21
IndicesFieldDataCache:0.1311111111111111
FieldDataWeigher:0.07333333333333333
Resident:0.04
Soft:0.04
