PyLong:0.56
PyInteger:0.4633333333333333
PyComplex:0.43333333333333335
PyFloat:0.2966666666666667
