ActionInterceptor:0.6876666666666668
AnnotatedFieldsInterceptor:0.3477777777777778
