ReplicatedMapService:0.6333333333333333
PartitionContainer:0.29333333333333333
MergeOperation:0.235
ReplicatedMapSplitBrainHandlerService:0.21666666666666667
Merger:0.16666666666666666
RecordIterator:0.14666666666666667
