LagartoDOMBuilderTagVisitor:0.4852777777777777
LagartoDOMBuilder:0.48333333333333334
StuckTest:0.2866666666666667
