GwtRpcServiceImpl:0.35
GwtTeamingMessages:0.31666666666666665
GwtServerHelper:0.29
EventHelper:0.26066666666666666
GwtMenuHelper:0.24333333333333335
ActionMenuCell:0.17666666666666667
GwtMainPage:0.17333333333333334
ChangeFavoriteStateEvent:0.13333333333333333
ChangeFavoriteStateCmd:0.12333333333333334
