HasChildQueryBuilder:0.68
HasParentQueryBuilder:0.2833333333333333
NestedQueryBuilder:0.2833333333333333
ParentIdQueryBuilder:0.26
HasChildQueryBuilderTests:0.22416666666666665
HasParentQueryBuilderTests:0.17333333333333334
ParentIdQueryBuilderTests:0.15333333333333332
NestedQueryBuilderTests:0.15333333333333332
