Parameters:0.7766666666666666
AbstractIdMapper:0.30333333333333334
NotNullAuditExpression:0.17333333333333334
NullAuditExpression:0.17333333333333334
