QedeqBoFactory:0.655
Modules:0.4866666666666667
ModuleFileNotFoundException:0.20666666666666667
