JbpmExecutionLogic:0.5766666666666667
ExecutionServiceDelegateAssignTaskTest:0.2966666666666667
ExecutionServiceDelegateSubstitutionAssignTaskTest:0.29
ExecutionServiceDelegateGetProcessDefinitionTest:0.2733333333333333
