InformationSchemaTest:0.45
Visitor:0.36333333333333334
TransportExecutorTest:0.31
TransportExecutor:0.27
PlanVisitor:0.23333333333333334
