DefaultClientCurator:0.6933333333333334
ToggleConnectionAction:0.41333333333333333
