DNDData:0.8266666666666667
TemplateDragListener:0.2066666666666667
TemplateDropListener:0.20666666666666667
TemplatesBrowserViewPart:0.15
