Beans:0.7833333333333333
MongoServiceRegistryProperties:0.4633333333333333
MongoDbServiceRegistryConfiguration:0.36
MongoDbTicketRegistryConfiguration:0.29
MongoDbTicketRegistry:0.2833333333333333
