StopActivity:0.5166666666666667
EditorAPI:0.28
EditorManager:0.23666666666666666
SharedResourcesManager:0.23
ActivitySequencer:0.21916666666666668
AbstractActivityReceiver:0.21666666666666667
StopManager:0.17333333333333334
IActivityReceiver:0.15833333333333333
StartHandle:0.15666666666666668
StoppableDocumentListener:0.09666666666666666
