XContentParser:0.7533333333333333
ParseField:0.36666666666666664
QueryParseContext:0.3566666666666667
QueryRescorer:0.3433333333333333
AbstractXContentParser:0.28
QueryRescoreContext:0.10666666666666667
