AbstractView:0.6859444444444445
ObjectView:0.43833333333333335
ViewMap:0.4266666666666667
OutsidePlantViewDashboardWidget:0.3233333333333333
OutsidePlantView:0.29
GoogleMapsMapProvider:0.18
OSPEdge:0.06333333333333334
