Preferences:0.7933333333333333
ISphereAppearance:0.2866666666666667
MessageDescriptionViewer:0.24666666666666667
RefreshJob:0.2
Messages:0.1670952380952381
