Grammar:0.6733333333333333
Tool:0.36666666666666664
SymbolCollector:0.30666666666666664
ErrorManager:0.2733333333333333
BasicSemanticChecks:0.21444444444444447
BaseTest:0.21333333333333335
TestCompositeGrammars:0.21
AltAST:0.19833333333333333
SymbolChecks:0.19
TestSymbolIssues:0.16333333333333333
SemanticPipeline:0.15666666666666668
GrammarTransformPipeline:0.14333333333333334
