AbstractPatternGraph:0.5566666666666666
PatternShape:0.48911111111111116
