ListSelectionWidget:0.47
TableView:0.2733333333333333
Settings:0.24222222222222223
TableViewPrinter:0.19333333333333333
Renderer:0.18333333333333332
SelectionListener:0.18083333333333335
TableViewSettings:0.10666666666666667
SettingsAction:0.006666666666666667
