InheritableThreadLocalSecurityContextHolderStrategy:0.44333333333333336
ThreadLocalSecurityContextHolderStrategy:0.44333333333333336
GlobalSecurityContextHolderStrategy:0.44333333333333336
