CA:0.65
RequestHelper:0.3016666666666667
X509CA:0.2966666666666667
RSASignSessionBean:0.18666666666666668
CACertReqServlet:0.16333333333333333
ScepServlet:0.15666666666666668
AdminCertReqServlet:0.14333333333333334
CertDistServlet:0.13
