Action:0.25
Repeat:0.14555555555555558
Sequence:0.14555555555555558
Forever:0.14555555555555558
RotateBy:0.12833333333333335
RotateTo:0.12833333333333335
Parallel:0.12833333333333335
Delay:0.12833333333333335
FadeTo:0.12833333333333335
MoveBy:0.12833333333333335
MoveTo:0.12833333333333335
FadeIn:0.12833333333333335
FadeOut:0.12833333333333335
ScaleTo:0.12833333333333335
