HttpClientBuilder:0.6666666666666666
JerseyClientBuilder:0.30666666666666664
HttpClientBuilderTest:0.2833333333333333
JerseyClientBuilderTest:0.24
