VRMap:0.7366666666666667
VRMapTest:0.31666666666666665
Tag:0.26166666666666666
