ARBShadingLanguage100:0.4592619047619047
ARBShaderObjects:0.4
ARBVertexShader:0.22166666666666668
ARBFragmentShader:0.02
