ComboItemListener:0.6166666666666667
JToogleButtonGroup:0.44333333333333336
GroupRadioMenu:0.39166666666666666
ComboBoxModelAdapter:0.2472222222222222
ComboItems:0.04
