UpdatableRecord:0.5553452380952381
TableRecord:0.5478214285714285
jOOQAbstractTest:0.5433333333333333
UpdatableRecordImpl:0.4
CRUDTests:0.36333333333333334
TableRecordImpl:0.30666666666666664
