TestEngine:0.67
JUnit5TestEngine:0.31666666666666665
JavaMethodTestDescriptorTests:0.27
EngineDescriptor:0.18
JUnit5TestEngineTests:0.17
Launcher:0.11333333333333333
TestEngineRegistry:0.09666666666666666
