SarosView:0.5266666666666666
IMBeepAction:0.33
ChatView:0.29
SarosViewToolbar:0.24333333333333335
