DriverConductorTest:0.5266666666666666
DriverConductor:0.3933333333333333
SubscriptionLink:0.3233333333333333
PublicationLink:0.29
