Member:0.6866666666666666
MemberImpl:0.3466666666666667
Config:0.34
BaseManager:0.22666666666666666
ClusterManager:0.20666666666666667
Node:0.20333333333333334
TCPListener:0.13666666666666666
ClusterImplTest:0.13
MBackup:0.11
NodeBaseVariables:0.08288888888888889
