CurrentVersionPane:0.6566666666666666
NewDatastreamPane:0.39
DisseminatorsPane:0.23666666666666666
