ModuleLevelSym:0.5266666666666666
LogWindow:0.43666666666666665
CloseCaseMsg:0.37666666666666665
AddTextCommand:0.18
