ReflectionUtils:0.49666666666666665
SampleTestCase:0.3
MethodTestExecutionNode:0.2733333333333333
