Browser:0.5633333333333334
ClassJavaGenerator:0.35
ConstructorJavaGenerator:0.2525
Host1:0.16
PrototypeTest:0.14333333333333334
Prototype:0.12666666666666668
InitialTest:0.12666666666666668
