Cfg:0.7166666666666667
ConnectionManager:0.3377777777777778
Listener:0.25666666666666665
PushWorker:0.15333333333333332
