JsConsoleView:0.5683333333333334
IJsConsoleManager:0.505
JsConsoleManager:0.3566666666666667
