SpecFile:0.535
StringUtils:0.3466666666666667
ModelImporterTest:0.19333333333333333
