IndicesRequestCache:0.43666666666666665
HunspellService:0.36666666666666664
IndicesFieldDataCache:0.3655555555555556
