ITrackerServices:0.66
ITrackerResources:0.53
SystemConfigurationUtilities:0.32
ITrackerServicesImpl:0.31333333333333335
AbstractPluggableAuthenticator:0.2833333333333333
UserServiceImpl:0.26
AttachmentUtilities:0.2377777777777778
IssueSearchImpl:0.23333333333333334
ItrackerBaseAction:0.21666666666666667
TestApplicationProperties:0.18333333333333332
LoginAction:0.145
ImportDataVerifyAction:0.14
ImportDataProcessAction:0.14
NotificationMessageBean:0.13666666666666666
EditLanguageAction:0.10666666666666667
DisplayReportAction:0.10333333333333333
AdminHomeAction:0.1
ApplicationInitialization:0.09666666666666666
ListWorkflowScriptAction:0.09666666666666666
ListConfigurationAction:0.09666666666666666
ListLanguagesAction:0.09666666666666666
EditLanguageFormAction:0.09
RemoveCustomFieldAction:0.09
EditCustomFieldValueAction:0.09
RemoveConfigurationItemAction:0.09
EditCustomFieldAction:0.09
EditConfigurationAction:0.09
RemoveCustomFieldValueAction:0.09
EditWorkflowScriptAction:0.08333333333333333
EditProjectScriptAction:0.08333333333333333
EditProjectScriptFormAction:0.08333333333333333
EditWorkflowScriptFormAction:0.08333333333333333
RemoveIssueAttachmentAction:0.08333333333333333
EditCustomFieldFormAction:0.08333333333333333
EditCustomFieldValueFormAction:0.08333333333333333
SelfRegisterAction:0.08333333333333333
RemoveWorkflowScriptAction:0.07666666666666666
ExportLanguageAction:0.07333333333333333
EditConfigurationFormAction:0.07333333333333333
EditPreferencesFormAction:0.07333333333333333
OrderConfigurationItemAction:0.07333333333333333
CreateLanguageKeyAction:0.07333333333333333
OrderCustomFieldValueAction:0.07333333333333333
ForgotPasswordAction:0.07333333333333333
EditReportAction:0.07333333333333333
InitializeLanguagesAction:0.07333333333333333
