DomNode:0.8416666666666667
HTMLDocumentTest:0.49
CSSSelectorTest:0.13333333333333333
