HiveSplitSource:0.5716666666666667
AsyncQueue:0.4673492063492063
TestHiveSplitSource:0.25
