MainScene:0.43666666666666665
SleepMeta:0.28
WalkMeta:0.23
JobManager:0.18666666666666668
