BuildingConfig:0.6716666666666666
Building:0.43333333333333335
Cooking:0.43
