GL20:0.7166666666666667
ShaderProgram:0.32
IOSMonotouchGLES20:0.25666666666666665
GwtGL20Debug:0.24333333333333335
GwtGL20:0.22666666666666666
LwjglGL20:0.20333333333333334
