ActionProvider:0.48
Group:0.4666666666666667
Workbench:0.33
EditPlugin:0.28
ToolsActionGroup:0.23666666666666666
Undo:0.22
ReportPlugin:0.22
Redo:0.22
ContextHook:0.215
TreeView:0.21333333333333335
Menu:0.20333333333333334
MenuHelper:0.19666666666666666
AbstractChange:0.09833333333333333
EntitiesActionGroup:0.056666666666666664
PropertyActionGroup:0.03
EntityActionGroup:0.03
PropertiesActionGroup:0.03
GedcomActionGroup:0.03
Toolbar:0.016666666666666666
