Node:0.3433333333333333
DataStructures:0.26
TriePrinter:0.22944444444444448
BTree:0.2
TreePrinter:0.19
Trie:0.19
RadixNode:0.18666666666666668
PatriciaTrie:0.18
TrieMap:0.17
MapNode:0.16111111111111112
SuffixTrie:0.15666666666666668
TrieMapPrinter:0.10333333333333333
RadixTreePrinter:0.07666666666666666
