Report:0.5933333333333334
ReportView:0.49333333333333335
ActionStart:0.29
