BuildingConfig:0.5833333333333334
Function:0.38333333333333336
BuildingManager:0.32
LifeSupport:0.29
Building:0.2122222222222222
Cooking:0.2
MedicalCare:0.2
Farming:0.2
Research:0.19
EVA:0.19
Manufacture:0.19
Exercise:0.16777777777777778
LivingAccommodations:0.16444444444444445
PowerGeneration:0.14
WindPowerSource:0.06
SolarThermalPowerSource:0.05333333333333334
