DataUtils:0.6833333333333333
AllSeleniumTests:0.30333333333333334
