Factory:0.77
FactoryOperations:0.37583333333333335
FactoryProxy:0.31666666666666665
FetchTests:0.2866666666666667
