JVMHealthPanel:0.5666666666666667
NodeDataPanel:0.5266666666666666
TreeTableUtils:0.4475
