AbstractEntryProcessor:0.6033333333333334
IndexSynchronizationManager:0.4666666666666667
IndexSynchronizationManagerInterceptor:0.30666666666666664
HistoryMapComparator:0.21333333333333335
