Configuration:0.5733333333333334
TasksTree:0.3
MainMenuBar:0.2733333333333333
ClassicLayout:0.21666666666666667
TaskEditDialog:0.2
TaskChangedAction:0.18083333333333335
SaveAction:0.13444444444444442
