gdxBulletJNI:0.82
gdxBullet:0.3433333333333333
btDbvt:0.27666666666666667
btIndexedMesh:0.2733333333333333
btMaterialProperties:0.24666666666666667
btTriangleInfoMapData:0.24
btShapeHull:0.22166666666666668
btStackAlloc:0.21666666666666667
btQuantizedBvh:0.20666666666666667
btTransform:0.20666666666666667
btPoolAllocator:0.20333333333333334
btCompoundShape:0.2
btConvexHullComputer:0.19666666666666666
btTriangleIndexVertexMaterialArray:0.18333333333333332
btBlock:0.18
btConvexHullShape:0.18
btTriangleIndexVertexArray:0.17666666666666667
MeshShapeTest:0.11666666666666667
btMultiSphereShape:0.11666666666666667
ConvexHullTest:0.07333333333333333
