Loader:0.43
HqlQueryCacheNormalResultTransformerTest:0.38666666666666666
HqlQueryCachePutResultTransformerTest:0.37
CustomLoader:0.31666666666666665
QueryKey:0.31
CriteriaLoader:0.30666666666666664
QueryTranslatorImpl:0.30666666666666664
HolderInstantiator:0.29
QueryCacheTest:0.2811111111111111
QueryLoader:0.23333333333333334
