TypeDescription:0.7233333333333334
SubclassDynamicTypeBuilder:0.5066666666666667
AbstractBase:0.4
Builder:0.3566666666666667
Handler:0.3
SubclassInstrumentedType:0.3
AbstractInstrumentedTypeTest:0.24
ByteBuddy:0.22
AbstractMethodDescription:0.17333333333333334
AbstractFieldDescription:0.17333333333333334
ByteCodeElement:0.16166666666666665
DefaultFieldValueTarget:0.15333333333333332
FixedValue:0.15166666666666667
MethodMatchers:0.13666666666666666
AbstractTypeDescription:0.12
UniqueSignatureMethodMatcher:0.07666666666666666
DefaultMatchedMethodInterception:0.06333333333333334
DefaultMethodAnnotationTarget:0.056666666666666664
ForType:0.051111111111111114
DefaultExceptionDeclarableMethodInterception:0.035
DefaultOptionalMatchedMethodInterception:0.03333333333333333
InRedefinitionPhase:0.0
