MailToMultiplePublicLinksSelectDlg:0.45666666666666667
GwtTeamingMessages:0.37333333333333335
CopyPublicLinkDlg:0.3333333333333333
BinderViewsHelper:0.19333333333333333
