FileSnapshot:0.6066666666666667
TriggerRouterService:0.38666666666666666
FileTrigger:0.35
FileSyncService:0.31333333333333335
IFileSyncService:0.27222222222222225
RouterService:0.25666666666666665
DirectorySnapshot:0.22
FileTriggerTracker:0.21333333333333335
FileSyncDataRouter:0.2061111111111111
FileSyncServiceSqlMap:0.14194444444444443
FileTriggerMapper:0.14
TableConstants:0.13333333333333333
FileSyncTrackerJob:0.10666666666666667
