TransactionAwareProxyFactory:0.6183333333333333
GeneratingItemReader:0.2833333333333333
CustomerCreditUpdatePreparedStatementSetter:0.22366666666666665
CustomerCreditUpdatePreparedStatementSetterTests:0.15666666666666668
