JFXUIDefinition:0.5466666666666666
ARINCSettings:0.4066666666666667
JFXUIManager:0.2866666666666667
BasicWindowManager:0.27666666666666667
JFXServerDisplay:0.235
