SuggestSearchTests:0.35333333333333333
TestDoc:0.29333333333333333
AbstractSharedClusterTest:0.29333333333333333
DecayFunctionScoreTests:0.2866666666666667
SimpleNestedTests:0.2833333333333333
MoreLikeThisActionTests:0.25333333333333335
SimpleSortTests:0.24666666666666667
HighlighterSearchTests:0.23333333333333334
SimpleQueryTests:0.22666666666666666
UpdateMappingTests:0.19666666666666666
GetTermVectorCheckDocFreqTests:0.18333333333333332
GetTermVectorTests:0.16333333333333333
