UserPreloadInterceptor:0.63
InitRequestContextInterceptor:0.31666666666666665
WebKeys:0.3088888888888889
IfAdapterTag:0.18
