FastDOReader:0.6869999999999999
SimpleDOReader:0.5816666666666667
