CommunicationsStub:0.5733333333333334
LocalObjectListItemImpl:0.4033333333333333
Create:0.20666666666666667
