CacheRecordStore:0.68
ICacheRecordStore:0.48333333333333334
CacheRecordFactory:0.42377777777777775
