Enhancer:0.71
ClassInfo:0.5366666666666666
AbstractClassGenerator:0.2833333333333333
EnhancerTransformer:0.13777777777777775
