Eval:0.56
Viewer:0.5533333333333333
JnetConstants:0.424
Compiler:0.36
JNetScript:0.33
JnetManager:0.25333333333333335
JnetSelListener:0.18083333333333335
NBrowseFrame:0.10333333333333333
