ModelItem:0.6866666666666666
JGraphEditor:0.4955555555555555
RelationList:0.36333333333333334
