Reader:0.47333333333333333
ReaderTest:0.3333333333333333
OperationTest:0.28
TestUtils:0.2511111111111111
SwaggerTest:0.17666666666666667
