MasterSlaveEntry:0.48333333333333334
MasterSlaveConnectionManager:0.4166666666666667
ClusterConnectionManager:0.29
ClusterNodeInfo:0.2030952380952381
ConnectionManager:0.19416666666666665
ClusterPartition:0.18333333333333332
MasterSlaveServersConfig:0.15666666666666668
