ExtensionManifestProperties:0.5174047619047619
ARINCDefinitionParser:0.42
ExtensionProperties:0.36333333333333334
