Model:0.55
Db:0.52
DbPro:0.47333333333333333
Dialect:0.24333333333333335
OracleDialect:0.21
Sqlite3Dialect:0.15
MysqlDialect:0.15
PostgreSqlDialect:0.15
AnsiSqlDialect:0.10333333333333333
SqlServerDialect:0.10333333333333333
Holder:0.0
