NodeEnvironment:0.59
ShardPath:0.44333333333333336
GatewayMetaState:0.28777777777777774
IndicesService:0.25
DanglingIndicesState:0.23694444444444449
NodeEnvironmentTests:0.21666666666666667
NodePath:0.21333333333333335
MetaStateService:0.14666666666666667
InternalShardLock:0.1211111111111111
DanglingIndicesStateTests:0.07666666666666666
