Vocabulary:0.6116666666666667
LexicalTableImpl:0.49333333333333335
Partition:0.37333333333333335
