Debug:0.5066666666666667
BroadcastEventProcessor:0.3433333333333333
TopPanel:0.18
DebugListener:0.06
Debug1:0.02666666666666667
