JulianChronology:0.33666666666666667
GregorianChronology:0.33666666666666667
CopticChronology:0.33666666666666667
EthiopicChronology:0.33666666666666667
