Response:0.6692222222222222
NettyAsyncResponse:0.29
NettyResponseFuture:0.27666666666666667
AsyncProvidersBasicTest:0.2633333333333333
NettyAsyncHttpProvider:0.24666666666666667
