DataSphere:0.58
HealSphere:0.4533333333333333
MapCanvas3D:0.3433333333333333
FaceSphere:0.18666666666666668
NestSphere:0.18666666666666668
HealpixPixelDataSphere:0.18666666666666668
RingSphere:0.16333333333333333
ZoneSphere:0.15666666666666668
