EnterSSA:0.6783333333333333
BuildBDDIR:0.5733333333333334
