AbstractTestQueries:0.5916666666666667
FunctionRegistry:0.38888888888888884
IsDistinctFromCodeGenerator:0.28833333333333333
