UAScriptManager:0.8333333333333334
ConfigurationLoader:0.28588888888888886
