TransportSQLActionTest:0.5583333333333333
TestMetaDataModule:0.38777777777777783
CreateAlterTableStatementAnalyzerTest:0.23
RefreshIntervalSettingApplier:0.09666666666666666
BaseAnalyzerTest:0.09166666666666666
TablePropertiesAnalysis:0.013333333333333334
