DBCollection:0.7
DBObjects:0.3433333333333333
MultipleServerMongoConnector:0.31666666666666665
SingleChannelAsyncMongoConnector:0.30333333333333334
