Internal:0.77
URLConnectionTest:0.29333333333333333
RouteSelector:0.27555555555555555
HttpEngine:0.2644444444444444
ResponseCacheTest:0.25333333333333335
CacheAdapterTest:0.21222222222222223
HttpConnection:0.20666666666666667
HttpURLConnectionImpl:0.18
URLEncodingTest:0.10666666666666667
