FileList:0.47333333333333333
FileListDiff:0.43666666666666665
IncomingInvitationProcess:0.2833333333333333
JoinSessionWizard:0.2
FileListTest:0.16
TestSVNPatchAction:0.13666666666666666
OutgoingInvitationProcess:0.11666666666666667
TestSVNAction:0.08666666666666667
SVNTest:0.03
TestSVNProjectAction:0.01
