WebClient:0.5966666666666667
Window:0.5366666666666666
WebConsole:0.4666666666666667
Console:0.4666666666666667
CodeStyleTest:0.25
ConsoleTest:0.006666666666666667
