ParserTest:0.57
SmilesGeneratorTest:0.41333333333333333
RecursiveTest:0.35
SMARTSSearchTest:0.345
SymbolSetQueryAtomTest:0.34
UniversalIsomorphismTesterTest:0.3333333333333333
SaturationCheckerTest:0.32666666666666666
ReaderFactoryTest:0.32
RDFCalculatorTest:0.31666666666666665
OverlapResolverTest:0.29
SMARTSTest:0.29
TemplateHandlerTest:0.2833333333333333
WriterFactoryTest:0.2833333333333333
VicinitySamplerTest:0.26
SmartsQueryVisitorTest:0.25666666666666665
SimpleCycleBasisTest:0.24666666666666667
RandomStructureGeneratorTest:0.22
ShelXWriterTest:0.21333333333333335
VariousTests:0.19333333333333333
RNodeTest:0.19
RMapTest:0.19
RGraphTest:0.16333333333333333
ZMatrixToolsTest:0.16333333333333333
TaeAminoAcidDescriptorTest:0.16333333333333333
RandomAccessTest:0.15333333333333332
RJavaEnvironmentTest:0.15333333333333332
TopologicalMatrixTest:0.12333333333333334
SmartsDumpVisitorTest:0.11
MsmartsTests:0.09
MioTests:0.08333333333333333
AlgorithmLimitations:0.08333333333333333
MqsarproteinTests:0.08333333333333333
MqsarTests:0.08333333333333333
MsdgTests:0.08333333333333333
MstructgenTests:0.08
MextraTests:0.07666666666666666
MstandardTests:0.07333333333333333
PartialFilledStructureMergerTest:0.03
