ESSearchTask:0.4633333333333333
TransportExecutorTest:0.37
ESGetTask:0.20666666666666667
RowsResponseBuilder:0.19666666666666666
