ShadowActivity:0.5672222222222222
layout:0.426626984126984
ActivityTest:0.32
