OcspConfiguration:0.7066666666666667
OcspResponseGeneratorSessionBean:0.41333333333333333
ProtocolOcspHttpTest:0.32666666666666666
OcspJunitHelper:0.24
