BotTask:0.6483333333333333
BotTaskUtils:0.36666666666666664
