User:0.5066666666666667
DBMolecule:0.3566666666666667
BaseObject:0.3566666666666667
StructuredbManager:0.2833333333333333
Activator:0.16333333333333333
UserTest:0.0825
BaseObjectTest:0.07
