TestIntervalYearMonth:0.39
TestIntervalDayTime:0.38
DateTimeUtils:0.3433333333333333
SqlIntervalDayTime:0.25666666666666665
SqlIntervalYearMonth:0.25666666666666665
