ProtocolLookupServerHttpTest:0.6966666666666667
OCSPUnidExtension:0.325
SimpleVerifier:0.2615555555555556
