AspectJVertex:0.7066666666666667
AspectJModel:0.48
AbstractJCell:0.2833333333333333
