RubyDebugTarget:0.6066666666666667
StandardVMDebugger:0.48333333333333334
StandardVM:0.19333333333333333
LaunchingMessages:0.15792063492063488
RDebugVMDebugger:0.13666666666666666
IRubyLaunchConfigurationConstants:0.13444444444444445
