DuoSecurityConfiguration:0.5766666666666667
DuoMultifactorWebflowConfigurer:0.47333333333333333
DuoMultifactorTrustConfiguration:0.16666666666666666
