SubmitObjectsRequest:0.3466666666666667
ProvideAndRegisterDocumentSet:0.2888888888888889
RetrieveDocumentSet:0.265
AdhocQueryRequest:0.255
XDSbRepository:0.24
XDSbRegistry:0.23
XDSbRepositoryAsync:0.15
XDSbRegistryAsync:0.13666666666666666
