MBOE:0.6566666666666666
MAllocationLine:0.29333333333333333
InfoBOE:0.26666666666666666
VInOutGen:0.26
