Canvas:0.6433333333333333
InGameController:0.4766666666666667
Messages:0.30333333333333334
