OnmsMap:0.6
DatabasePopulator:0.24666666666666667
AbstractTransactionalDaoTestCase:0.24666666666666667
OnmsMapDaoHibernateTest:0.04666666666666667
