Rescorer:0.6366666666666667
RescoreBuilder:0.51
SearchSourceBuilder:0.36666666666666664
SearchRequestBuilder:0.29
StreamInput:0.26
QueryRescoreBuilderTests:0.24666666666666667
QueryRescorerIT:0.23
SearchSourceBuilderTests:0.20466666666666664
StreamOutput:0.19666666666666666
QueryRescorer:0.17333333333333334
QueryRescoreContext:0.15
RescoreParseElement:0.04666666666666667
