RConnection:0.475
RWorkspace:0.31666666666666665
TestRWorkspace:0.30333333333333334
RTalk:0.275
Vector:0.24666666666666667
