CalendarUtil:0.5433333333333333
AlfSession:0.395
AlfHelper:0.30666666666666664
