DatabasePanel:0.5066666666666667
View:0.42
EnsJAdapter:0.36
EnsJAdapterGUI:0.24333333333333335
UseStableIDLocationHandler:0.17
FindCoordSystemsHandler:0.15666666666666668
KeyEventRouter:0.14333333333333334
LoadSeqRegionByHistoryHandler:0.12
SelectSeqRegionHandler:0.11666666666666667
UpdateHandler:0.09
