BreakpointActivityProvider:0.35
BreakpointRequestActivityDataObject:0.2505555555555556
BreakpointRequestActivity:0.22733333333333333
BreakpointResponseActivity:0.22733333333333333
BreakpointSynchronizer:0.21083333333333334
LightweightBreakpointMessage:0.21066666666666667
SharingBreakpointListener:0.19694444444444445
SharedBreakpointManager:0.1802777777777778
BreakpointReceiver:0.17333333333333334
BreakpointResponseActivityDataObject:0.14444444444444443
