RetryTemplate:0.565
RetryTemplateTests:0.23
ExceptionCheckingListener:0.17333333333333334
UnclassifiedRetryException:0.09083333333333334
