GuiHelper:0.6933333333333334
ProcessListModel:0.31666666666666665
QedeqController:0.2788333333333334
ProcessWindow:0.23
ProcessListPane:0.18944444444444442
QedeqTreeCellRenderer:0.14
