ForInstance:0.29
MethodCall:0.26666666666666666
ForValue:0.21333333333333335
