CollectionAdminImpl:0.5466666666666666
DatabaseAdminImpl:0.43333333333333335
MongoCollectionImpl:0.43
MongoDatabaseImpl:0.25333333333333335
