OkHttpCall:0.4506666666666666
CallTest:0.2866666666666667
Utils:0.27
