Configuration:0.6733333333333333
ResultObjectProxy:0.2977777777777778
EnhancedResultObjectProxyImpl:0.2966666666666667
SerializableProxyTest:0.26666666666666666
FastResultSetHandler:0.20744444444444443
BaseBuilder:0.19
XMLConfigBuilder:0.18666666666666668
