Series:0.56
ImagePanel:0.47333333333333333
DatabaseHandler:0.35333333333333333
SeriesListUpdator:0.14333333333333334
