AbstractCacheRecordStore:0.53
ClientCacheReadWriteThroughTest:0.4533333333333333
Invalidator:0.3566666666666667
