Builder:0.5266666666666666
Endpoint:0.5155555555555555
RetrofitTest:0.45666666666666667
