VertexData:0.635876984126984
Mesh:0.5533333333333333
VertexBufferObjectSubData:0.3
VertexBufferObject:0.3
VertexArray:0.25333333333333335
