AndroidManifest:0.55
MetaData:0.30666666666666664
RobolectricPackageManager:0.27
AndroidManifestTest:0.25
RobolectricPackageManagerTest:0.17333333333333334
string:0.155
ReceiverAndIntentFilter:0.05
drawable:0.016666666666666666
