Layer:0.4
BaseLayer:0.3233333333333333
Builder:0.28583333333333333
BaseOutputLayer:0.2025
BaseMultiLayerUpdater:0.19555555555555557
MultiLayerConfiguration:0.16333333333333333
