ExtendedX509V3CertificateGenerator:0.6679761904761905
ExtendedX509CertificateObject:0.6566666666666666
