TaglibDocGenerator:0.7466666666666667
MakumbaTLDGenerator:0.4633333333333333
