Visitor:0.55
ExpressionCompiler:0.5066666666666667
LocalExecutionPlanner:0.2833333333333333
LocalQueryRunner:0.26
ServerMainModule:0.18
TestSqlTaskManager:0.16
