PetiteContainer:0.59
BeanDefinition:0.46
WireTest:0.26
MiscTest:0.13666666666666666
BeanTwo:0.03333333333333333
BeanOne:0.008981481481481483
