StudyListPage:0.4533333333333333
TrashListPage:0.4533333333333333
ModalityWorklistPanel:0.3616666666666667
