GroupBriefBuilder:0.4533333333333333
UserBriefBuilder:0.4533333333333333
PrincipalBriefBuilder:0.4
