Reflections:0.61
ReflectionUtils:0.44333333333333336
Vfs:0.38
VfsTest:0.24444444444444446
