IDatabaseModelListener:0.45133333333333336
IDatabaseModel:0.41255555555555556
Root:0.3687619047619048
Structuredb:0.27
StructuredbDataSource:0.18666666666666668
ViewContentProvider:0.18
Databases:0.17333333333333334
IContextMenuProvider:0.15276190476190485
CreateStructureDatabaseDialog:0.12333333333333334
DatabaseModelEvent:0.03333333333333333
