AuthenticationTransaction:0.6066666666666667
RegisteredServiceAuthenticationHandlerResolverTests:0.21333333333333335
AuthenticationTransactionTests:0.15333333333333332
SamlAuthenticationMetaDataPopulatorTests:0.15
DefaultAuthenticationSystemSupport:0.15
RememberMeAuthenticationMetaDataPopulatorTests:0.14333333333333334
AuthenticationCredentialTypeMetaDataPopulatorTests:0.10333333333333333
JdbcThrottledSubmissionHandlerInterceptorAdapterTests:0.10333333333333333
CacheCredentialsMetaDataPopulatorTests:0.10333333333333333
