DiscoverySelectorResolverTests:0.5533333333333333
ClasspathScanner:0.44777777777777783
ClasspathScannerTests:0.32
