RootedTree:0.7866666666666666
IntervalSumArray:0.6612777777777777
