ResourceList:0.35
ResourceDisplay:0.35
EditAction:0.27666666666666667
DeleteAction:0.24166666666666667
PrologDisplay:0.21333333333333335
RuleDisplay:0.20666666666666667
HostJList:0.20555555555555555
MySelectionListener:0.19833333333333333
ControlDisplay:0.18333333333333332
TypeDisplay:0.18
HostDisplay:0.16666666666666666
