TestApp:0.39666666666666667
MProxyImpl:0.36666666666666664
MapClientProxy:0.3
ReplicatedMap:0.3
ResponseQueueCall:0.29
MIterate:0.27
IMap:0.2
MGetEntries:0.15794444444444444
MIterateLocal:0.07
