LdapTestUtils:0.5933333333333334
TestContextSourceFactoryBean:0.39666666666666667
