AuditedPropertiesReader:0.7266666666666667
ExtendedBaseEntity:0.49083333333333334
AuditedSpecialEntity:0.35
