PojoCustomTest:0.43333333333333335
PojoCodecImpl:0.37666666666666665
PojoBuilderHelper:0.29
PojoRoundTripTest:0.2866666666666667
