JobParameters:0.5533333333333333
JobParametersTests:0.4666666666666667
ParameterType:0.2677777777777778
JdbcJobInstanceDao:0.22333333333333333
JobParametersBuilder:0.09333333333333334
SimpleJobRepositoryIntegrationTests:0.07
