ARCRecord:0.7722222222222223
ARCConstants:0.25594227994228
