MetricsRegistry:0.9
Statistics:0.44
MetricsRegistryImpl:0.31333333333333335
PeriodicStatistics:0.23666666666666666
