JsonSerializerTest:0.33666666666666667
JSONSerializationTest:0.3177777777777778
JSONDeserializerTest:0.2866666666666667
