Settings:0.8633333333333333
ImmutableSettings:0.4572222222222222
ImmutableSettingsTests:0.07
