PollableSourceRetryTests:0.49333333333333335
ChunkMessageItemWriterIntegrationTests:0.3933333333333333
MessageOrientedStepTests:0.37333333333333335
