HierarchyCustomizerService:0.6566666666666666
HierarchyCustomizerTopComponent:0.5633333333333334
