ResultQuery:0.84
AbstractDelegatingSelect:0.42333333333333334
AbstractResultQuery:0.3333333333333333
