ModuleTestBase:0.45666666666666667
EditGalleryAction:0.39666666666666667
Module:0.2866666666666667
Product2Test:0.2733333333333333
AJAXTest:0.21
CancelDialogAction:0.13666666666666666
InvoiceTest:0.09333333333333334
