DatastreamInfo:0.36333333333333334
RelationshipInfo:0.33666666666666667
RemoteObjectSource:0.31333333333333335
TypeUtility:0.28
ObjectInfo:0.25
ValidationResult:0.14666666666666667
ObjectValidator:0.13666666666666666
