CharStream:0.7288888888888888
FastCharStream:0.6383333333333333
