LocationTabPanel:0.37666666666666665
ResourceTableModel:0.2896666666666667
MainDesktopPane:0.28
InventoryTabPanel:0.254
PersonWindow:0.23666666666666666
MedicalStation:0.21666666666666667
SkillManager:0.14333333333333334
SkillTabPanel:0.07
AttributeTabPanel:0.06666666666666667
