StringHelper:0.6066666666666667
BasicInstrumentationTask:0.31666666666666665
LoggerBridge:0.18333333333333332
InstrumentTask:0.03666666666666667
