DefinitionService:0.6666666666666666
BatchPresentationFactory:0.4
BatchPresentationConsts:0.32022222222222224
Messages:0.31333333333333335
DefinitionLogic:0.22333333333333333
DefinitionServiceBean:0.21666666666666667
DefinitionServiceDelegate:0.21666666666666667
DefinitionServiceDelegateGetLatestProcessDefinitionsStubsTest:0.18333333333333332
RedeployDefinitionFormTag:0.14333333333333334
DefinitionServiceDelegateRedeployProcessDefinitionTest:0.14333333333333334
ProcessTypesIterator:0.14166666666666666
DefinitionServiceDelegateUndeployProcessDefinitionTest:0.13666666666666666
ListProcessesDefinitionsFormTag:0.12
ProcessDefinitionInfoFormTag:0.11666666666666667
ImportDataFileAction:0.10666666666666667
SwimlaneSubstitutionCriteriaRenderer:0.09333333333333334
ListDefinitionsHistoryFormTag:0.08
DefinitionDataFileBuilder:0.07
ShowDefinitionsHistoryLinkTag:0.006666666666666667
DefinitionHistoryClassPresentation:0.0
