Seq:0.43666666666666665
Array:0.4033333333333333
Stream:0.4
List:0.38666666666666666
Vector:0.31666666666666665
ArrayTest:0.27666666666666667
StreamTest:0.27666666666666667
StackTest:0.27666666666666667
ListTest:0.27666666666666667
Queue:0.25666666666666665
CharSeqTest:0.23833333333333334
QueueTest:0.17666666666666667
VectorTest:0.17666666666666667
CharSeq:0.17
Stack:0.17
AbstractSeqTest:0.15416666666666667
