PortletAuthenticationToken:0.4666666666666667
PortletTestUtils:0.4666666666666667
UserCache:0.395
PortletProcessingInterceptor:0.3433333333333333
PortletSessionContextIntegrationInterceptor:0.24333333333333335
NullUserCache:0.19
PortletAuthenticationProvider:0.18333333333333332
PortletProcessingInterceptorTests:0.12666666666666668
PortletAuthenticationTokenTests:0.10388888888888888
EhCacheBasedUserCacheTests:0.08111111111111109
PortletSessionContextIntegrationInterceptorTests:0.07333333333333333
ContainerPortletAuthoritiesPopulator:0.065
PortletAuthoritiesPopulator:0.06166666666666667
EhCacheBasedUserCache:0.058333333333333334
PortletAuthenticationProviderTests:0.051111111111111114
DaoPortletAuthoritiesPopulatorTests:0.051111111111111114
ContainerPortletAuthoritiesPopulatorTests:0.02666666666666667
DaoPortletAuthoritiesPopulator:0.023333333333333334
PortletProcessingFilterEntryPoint:0.013333333333333334
PortletProcessingFilterEntryPointTests:0.0033333333333333335
