DefaultPackageManagerTest:0.28
ShadowContextTest:0.25666666666666665
DefaultPackageManager:0.24333333333333335
RobolectricTest:0.23666666666666666
ContentProviderController:0.23166666666666666
ShadowActivityThread:0.21166666666666667
ParallelUniverse:0.21
ShadowNonAppLibraryTest:0.16666666666666666
