Table:0.84
Database:0.36333333333333334
TriggerHistory:0.30666666666666664
TriggerRouterService:0.28
AbstractWriterTest:0.18333333333333332
OracleDdlReader:0.16
