Transformation:0.48
Conversion:0.48
CRSFactory:0.4533333333333333
CoordinateOperationFactory:0.17333333333333334
