ClusteredServiceAgent:0.553888888888889
SequencerAgent:0.5183333333333333
BasicArchiveTest:0.2763888888888889
