SymphonyServletListener:0.5533333333333333
CommentSender:0.53
Common:0.4257222222222222
