NBrowseApplet:0.4066666666666667
ErrorUtil:0.33666666666666667
ColorManager:0.25666666666666665
NBEdge:0.25
EdgesInfoModel:0.20333333333333337
JNetScriptWriter:0.1866666666666667
ambiguousSearch:0.17444444444444446
