StringUtils:0.58
ContentPluginEditorControllerRequestBean:0.3233333333333333
SitemapNodeEditorRequestBean:0.23583333333333334
LoadSitemapNodeRolesRequestBean:0.14333333333333334
SetSitemapNodeContentRequestBean:0.14333333333333334
DeleteSitemapSectionTagRequestBean:0.14333333333333334
DurationParameterParsingUtil:0.023333333333333334
NumberParameterParsingUtil:0.0
