Robolectric:0.6033333333333334
ShadowLocalBroadcastManager:0.33
ShadowApplication:0.32611111111111113
Setup:0.30333333333333334
LocalBroadcastManagerTest:0.2733333333333333
ShadowContext:0.22777777777777777
ShadowIntentFilter:0.17666666666666667
