PaymentChannelClientState:0.47333333333333333
StoredPaymentChannelClientStates:0.44333333333333336
PaymentChannelServerState:0.27666666666666667
StoredPaymentChannelServerStates:0.23666666666666666
