Db2SymmetricDialect:0.46
JdbcDatabasePlatformFactory:0.25
Db2DdlReader:0.22
Db2As400SymmetricDialect:0.19222222222222224
JdbcSymmetricDialectFactory:0.17666666666666667
Db2As400DatabasePlatform:0.16
DatabaseNamesConstants:0.14267857142857143
