ScriptEditor:0.7671111111111112
ScriptFilter:0.31666666666666665
