MockHttpServletRequest:0.6177777777777778
Sqls:0.4033333333333333
SimpleCriteria:0.27
Objs:0.26
AbstractPathView:0.17666666666666667
Items:0.16666666666666666
