AriaManager:0.4
CommonUtil:0.38
DbEntity:0.37333333333333335
AbsReceiver:0.32022222222222224
Builder:0.30666666666666664
MultiDownloadActivity:0.29
DownloadTaskEntity:0.28
FtpDownloadTarget:0.25
AbsSchedulers:0.23
DownloadTarget:0.21666666666666667
DbUtil:0.21333333333333335
SingleTaskActivity:0.21
DownloadReceiver:0.20333333333333334
SqlHelper:0.17333333333333334
UploadReceiver:0.16333333333333333
WaitTaskThread:0.11
Regular:0.07
