ConfigTestUtils:0.8066666666666666
HttpSecurityBeanDefinitionParserTests:0.31666666666666665
SessionRegistryInjectionBeanPostProcessorTests:0.22666666666666666
GlobalMethodSecurityBeanDefinitionParserTests:0.22333333333333333
Jsr250AnnotationDrivenBeanDefinitionParserTests:0.18
CustomAfterInvocationProviderBeanDefinitionDecoratorTests:0.17666666666666667
FilterInvocationDefinitionSourceParserTests:0.16666666666666666
SecuredAnnotationDrivenBeanDefinitionParserTests:0.16666666666666666
