ChronicleMapTest:0.37333333333333335
IntIntMultiMap:0.3566666666666667
ShortShortMultiMap:0.3566666666666667
EntryCountMapTest:0.32666666666666666
