MProxyImpl:0.45
IMap:0.40476190476190477
RequestBasedCall:0.32
MultiMapProxy:0.3
FactoryImpl:0.29333333333333333
IdGeneratorProxy:0.29
ThreadContext:0.2633333333333333
ResponseQueueCall:0.24666666666666667
TopicProxyImpl:0.24
DistributedExecutorAction:0.23
BaseVariables:0.22194444444444447
MultiCall:0.19666666666666666
FactoryAwareNamedProxy:0.15666666666666668
MigrationAwareTargettedCall:0.14333333333333334
MIterate:0.11666666666666667
