ChadoWriter:0.6166666666666667
GameSaxReader:0.42833333333333334
