SubsamplingLayer:0.37666666666666665
Builder:0.30333333333333334
RBM:0.22191269841269842
Layer:0.22191269841269842
FeedForwardLayer:0.0
AutoEncoder:0.0
