PolygonShape:0.5013333333333333
Java2DConverter:0.455
StyleUtil:0.21333333333333335
