AggregatorBuilder:0.6733333333333333
Builder:0.6366666666666667
