EmnistDataSetIterator:0.87
MnistDataFetcher:0.45666666666666667
EmnistDataFetcher:0.23333333333333334
TestEmnistDataSetIterator:0.17333333333333334
