UiServer:0.48
FlowIterationListener:0.3433333333333333
Description:0.3333333333333333
LayerInfo:0.19061111111111112
ModelInfo:0.11166666666666666
