StatementGenerator:0.5066666666666667
StatementGeneratorTest:0.39
SwitchRewriter:0.36
SwitchRewriterTest:0.20666666666666667
