CommunicationsStub:0.6566666666666666
Cache:0.44333333333333336
ExecuteClassReportAction:0.16333333333333333
