GenericRepRap:0.6504444444444445
GCodeExtruder:0.41333333333333333
