Matrix3:0.5966666666666667
Vector3:0.5333333333333333
Quaternion:0.29333333333333333
