TransactionalMap:0.83
AbstractTxnMapRequest:0.49
TransactionalMapProxySupport:0.25
ClientTxnMapProxy:0.23666666666666666
TxnMapRequest:0.21
TransactionalMapProxy:0.18
TxnSetOperation:0.13333333333333333
MapTransactionTest:0.10333333333333333
ClientTxnMapTest:0.05
