TODSession:0.7533333333333333
TODSessionImpl:0.64
DebugTest:0.34966931216931213
DefaultJVMHandler:0.3222222222222222
TODDebugAPI:0.18666666666666668
JVMHandler:0.08666666666666666
DefaultSessionHandler:0.0
DefaultBreakpointHandler:0.0
