PersistencyHandler:0.51
QueryHandler:0.44484523809523807
DatabaseHandler:0.41
DefaultQueryHandler:0.2966666666666667
FileHandler:0.2633333333333333
HistoryServlet:0.23
