ARINCRuntimeException:0.9466666666666667
SetParameterStruct:0.3
BasicClientEngine:0.2633333333333333
