Comment:0.49333333333333335
Article:0.2733333333333333
ArticleQueryService:0.25666666666666665
UserMgmtService:0.18666666666666668
AdminProcessor:0.17666666666666667
ArticleMgmtService:0.17333333333333334
ArticleProcessor:0.17
CommentQueryService:0.16666666666666666
CommentSender:0.12333333333333334
CommentProcessor:0.12
BookProcessor:0.11
ChatRoomProcessor:0.1
CommentMgmtService:0.1
InitMgmtService:0.08
BookMgmtService:0.07666666666666666
