IndexSynchronizationManager:0.43666666666666665
LuceneWriteSession:0.40599999999999997
AbstractBinderProcessor:0.30333333333333334
SsfIndexInterface:0.29333333333333333
BasicIndexUtils:0.24666666666666667
LocalLuceneWriteSession:0.21333333333333335
AdminModuleImpl:0.19333333333333333
AbstractEntryProcessor:0.18333333333333332
Requests:0.17333333333333334
NodeInfoManager:0.15333333333333332
NullNodeInfoManager:0.05
