NavigationTag:0.8233333333333334
NavigationTagTest:0.26666666666666666
