FormController:0.4533333333333333
FreelancerController:0.44333333333333336
SearchResultController:0.16333333333333333
TableNodeHandler:0.15666666666666668
