CAInterfaceBean:0.5661111111111111
ServiceLocator:0.5166666666666667
ApprovalSessionBean:0.3563888888888889
