ApplicationEntityManagerImpl:0.44
SNMPDataProcessor:0.41
SyncAction:0.28444444444444444
ReferenceSnmpSyncProvider:0.1852777777777778
