Responder:0.5333333333333333
ResponderFactory:0.31333333333333335
Response:0.30666666666666664
FormTagBase:0.249
ResponderCacheManager:0.21666666666666667
ControllerFilter:0.21055555555555558
FormResponder:0.19666666666666666
ResponseTag:0.15666666666666668
AddTag:0.15333333333333332
RecordEditor:0.10666666666666667
