AndroidInput:0.5
AndroidApplication:0.31
AndroidAudio:0.2866666666666667
AndroidMultiTouchHandler:0.13333333333333333
AndroidTouchHandler:0.08738888888888888
AndroidSingleTouchHandler:0.06666666666666667
