Zoo:0.6494444444444445
Address:0.5333333333333333
StateProvince:0.48333333333333334
