ClientMapNearCacheTest:0.6533333333333333
NearCacheTest:0.41333333333333333
NearCacheTestSupport:0.3233333333333333
