LonePair:0.7181111111111111
CMLErrorHandler:0.5658333333333333
