TestPdu:0.42333333333333334
TestAgentTest:0.39666666666666667
TestAgent:0.265
ResponsePdu:0.13666666666666666
GetPdu:0.08333333333333333
BulkPdu:0.07333333333333333
RequestPdu:0.02
NextPdu:0.01
