PrefixQueryBuilder:0.7833333333333333
BaseTermQueryBuilder:0.52
PrefixQueryParser:0.20333333333333334
