IChatListener:0.35055555555555556
Saros:0.31333333333333335
SharedProjectListenerDispatch:0.3
FileStub:0.2966666666666667
SubscriptionListener:0.2733333333333333
ITransmitter:0.2733333333333333
XMPPTransmitter:0.27
MultiChatSession:0.25
InvitationWizardUserSelection:0.23833333333333334
ContactItem:0.23833333333333334
MessagingManager:0.23333333333333334
Socks5Transport:0.22666666666666666
OutgoingInvitationProcess:0.22
ISessionManager:0.205
EnterProjectNamePage:0.20166666666666666
BinaryChannel:0.2
ChatView:0.18333333333333332
PreferenceUtils:0.18
RosterView:0.1780952380952381
SessionManager:0.17
DataTransferManager:0.15333333333333332
RosterTracker:0.15333333333333332
ModuleFunction:0.14833333333333334
SessionLabelProvider:0.14642857142857144
ReceiverThread:0.12
CommunicationNegotiatingManager:0.11666666666666667
DotGraphMonitor:0.11
PreferenceConstants:0.09666666666666666
SessionView:0.09555555555555556
InvitationWizard:0.09333333333333334
ShowDescriptionPage:0.09
InvitationHandler:0.07333333333333333
CommunicationPreferencePage:0.06583333333333333
InvitationInfo:0.05333333333333334
PreferenceInitializer:0.043333333333333335
LoggingUtils:0.03333333333333333
