CreateConnectionCmd:0.5633333333333334
EventCodec:0.5066666666666667
DataFrameDispatcher:0.36
DriverConductorProxy:0.17333333333333334
