AspectEdge:0.7233333333333334
AspectGraph:0.6
AspectFactory:0.19666666666666666
