BinderProcessor:0.4074444444444445
AbstractFacade:0.3086111111111111
WebStatusTicket:0.30666666666666664
BinderModuleImpl:0.3
AjaxController:0.24
AbstractBinderProcessor:0.23666666666666666
DefaultTemplateCoreProcessor:0.19
ManageSearchIndexController:0.17
WebKeys:0.043333333333333335
