POSTagger:0.38333333333333336
TypeData:0.37666666666666665
DelayedListener:0.32666666666666666
AnnotationEditor:0.31666666666666665
SentenceSplitter:0.17333333333333334
RunAction:0.15
