Metadata:0.6666666666666666
MetadataManager:0.44333333333333336
TableFinishOperator:0.25333333333333335
LegacyTransactionConnector:0.22666666666666666
ConnectorEntry:0.21377777777777776
LocalExecutionPlanner:0.17666666666666667
TableFinisher:0.11922222222222222
