RelationSplitter:0.5633333333333334
NestedLoopConsumerTest:0.4266666666666667
RelationSplitterTest:0.29
SubQueryPlannerTest:0.22666666666666666
