Example:0.6733333333333333
DurationValidatorTest:0.23333333333333334
SizeValidatorTest:0.23333333333333334
PortRangeValidatorTest:0.11666666666666667
OneOfValidatorTest:0.08666666666666667
