RLiveObjectService:0.5516666666666666
RLiveObject:0.49105555555555563
RedissonLiveObjectService:0.3433333333333333
LiveObjectInterceptor:0.10666666666666667
RedissonAttachedLiveObjectServiceTest:0.06666666666666667
