PagingIterator:0.5366666666666666
IteratorPageDownstream:0.36666666666666664
IteratorPageDownstreamTest:0.22333333333333333
SortedPagingIterator:0.20333333333333334
PassThroughPagingIteratorTest:0.18
PassThroughPagingIterator:0.17333333333333334
SortedPagingIteratorTest:0.08666666666666667
