DropwizardTestSupport:0.7033333333333334
ConfigOverride:0.4666666666666667
DropwizardAppRule:0.33
