RedissonList:0.38
CommandAsyncService:0.34
CommandAsyncExecutor:0.3185555555555556
RedissonListReactive:0.3
RedissonListReactiveTest:0.24333333333333335
RedissonListTest:0.20333333333333334
