Util:0.74
Saros:0.5766666666666667
EditorManager:0.2966666666666667
InvitationDialog:0.23
RemoteEditorState:0.21916666666666668
TextEditCollector:0.19666666666666666
DataTransferManager:0.18666666666666668
InviterData:0.16
InvitationDialogLabelProvider:0.13333333333333333
RenameContactAction:0.12333333333333334
InviteAction:0.12333333333333334
ViewLabelProvider:0.11666666666666667
PreferenceInitializer:0.07666666666666666
