ProcessDefinition:0.5833333333333334
QuickForm:0.3933333333333333
QuickFormEditor:0.35
VariablesXmlContentProvider:0.23
NewProcessDefinitionWizardPage:0.22333333333333333
FreemarkerConfigurationGpdWrap:0.21888888888888886
BaseModelActionDelegate:0.19666666666666666
QuickTemplateRegister:0.18333333333333332
QuickFormXMLUtil:0.16744444444444442
FormCSSTemplate:0.16666666666666666
SwimlaneEditorPage:0.16
VariableEditorPage:0.15355555555555556
SetModeAction:0.15
EnableReassignmentAction:0.14666666666666667
IgnoreSubstitutionAction:0.14666666666666667
MultiTaskExecutorsActionsDelegate:0.14333333333333334
AsyncFeatureDelegate:0.14
TimerFeatureDelegate:0.14
EscalationTaskFeatureDelegate:0.14
EnableJSValidationDelegate:0.14
SwimlaneActionsDelegate:0.11666666666666667
CompactViewFeatureDelegate:0.11333333333333333
MultiTaskExecutionModeDelegate:0.10333333333333333
AsyncCompletionModeDelegate:0.10333333333333333
FormCSSTemplateRegistry:0.08333333333333333
CreateProcessOperation:0.06666666666666667
VarTagUtil:0.03666666666666667
PreviewFormWizard:0.023333333333333334
CreateTemplatedFormCSSAction:0.006666666666666667
OpenFormCSSAction:0.0
DeleteFormCSSAction:0.0
