PatientIdentifierCrossReferenceManager:0.4866666666666667
PIXPDSRequestHandler:0.4633333333333333
PIXRequestHandler:0.4033333333333333
PatientDemographicsSupplier:0.38
PDSRequestHandler:0.273
PIXPDQServiceBaseImpl:0.08
