Authorization:0.7466666666666667
ReadOnlyContext:0.5183333333333333
AttributeFinderModule:0.31333333333333335
PolicyFinderModule:0.2866666666666667
DescribeRepositoryServlet:0.25
DatastreamResolverServlet:0.21
PolicyEnforcementPoint:0.16666666666666666
DefaultAuthorization:0.15
ResourceAttributeFinderModule:0.10333333333333333
ContextAttributeFinderModule:0.07833333333333334
