Requirement:0.24333333333333335
RecordType:0.18333333333333332
Contact:0.10833333333333334
GridSpatialRepresentation:0.10333333333333333
RecordSchema:0.08
