Block:0.5833333333333334
Transaction:0.5133333333333333
AbstractBlockChain:0.37666666666666665
