CommandData:0.7066666666666667
CommandEntry:0.4
Entry:0.30666666666666664
CommandDecoder:0.2833333333333333
CommandBatchService:0.24333333333333335
