IJudge:0.6666666666666666
Judge:0.59
Activator:0.29
SenecaManager:0.21
JudgePage:0.19
SymmetryJudge:0.18
WCCNMRShiftDBJudge:0.17333333333333334
WCCHOSECodeDEPTJudge:0.16333333333333333
HOSECodeJudge:0.15666666666666668
WCCHOSECodeJudge:0.13666666666666666
HMBCJudge:0.09
HHCOSYJudge:0.07666666666666666
