MethodWriter:0.6233333333333333
Writer:0.5333333333333333
WriterConstants:0.3405555555555555
