Node:0.5091666666666667
Viewer:0.43666666666666665
