BasicAuthTest:0.4666666666666667
AuthTimeoutTest:0.33
DigestAuthTest:0.19666666666666666
MultipartBody:0.06666666666666667
