ValidationRule:0.7333333333333333
ComparisonValidationRule:0.3466666666666667
FieldDefinitionImpl:0.31666666666666665
ValidationRuleNode:0.2966666666666667
ComparisonExpressionNode:0.26666666666666666
DataDefinitionImpl:0.25666666666666665
RecordEditor:0.25333333333333335
Configuration:0.20470634920634923
LiveValidationProvider:0.19333333333333333
FormResponder:0.19
MDDAnalyzeWalker:0.18
MakumbaSystem:0.17666666666666667
BasicValidationRule:0.14
MDDParserTest:0.07666666666666666
MultiUniquenessValidationRule:0.03333333333333333
MDDLiveValidationProvider:0.02
