BDDRelation:0.43
PA:0.41
BuildBDDIR:0.3466666666666667
BDDInferenceRule:0.25
Solver:0.23833333333333334
