FeatureSetI:0.58
FeatureSet:0.48
DrawableFeatureSet:0.42333333333333334
Gene:0.4033333333333333
