ParquetColumnChunk:0.6966666666666667
ParquetColumnReader:0.4033333333333333
ParquetFileReader:0.2866666666666667
ParquetReader:0.25333333333333335
