Generator:0.44666666666666666
EnhancerEmitter:0.35
InterceptFieldTransformer:0.34
ParallelSorterEmitter:0.26666666666666666
FastClassEmitter:0.08
