Video:0.6733333333333333
FieldJsonMapper:0.25
VideoResource:0.09333333333333334
VideoResourceTest:0.07666666666666666
VideoClientApp:0.06666666666666667
FieldJsonMapperTest:0.03333333333333333
