DataObjectFactory:0.5835555555555555
MagicMimeTypeIdentifier:0.571111111111111
DataObjectFactoryTest:0.42333333333333334
