AliasFilter:0.4666666666666667
QueryShardContext:0.3933333333333333
RangeQueryBuilder:0.39
QueryRewriteContext:0.29
ShardSearchTransportRequestTests:0.15666666666666668
ExplainRequestTests:0.05
ShardValidateQueryRequestTests:0.05
