InformationSchemaTest:0.4033333333333333
TablesSettingsExpression:0.38
TableSettingsTest:0.37333333333333335
TableParameterInfo:0.2
InformationTablesTableInfo:0.13444444444444445
ReferenceInfos:0.12169841269841271
Columns:0.12169841269841271
CrateTableSettings:0.07333333333333333
