DefaultArgumentExtractor:0.3880952380952381
SpnegoCredentialsAction:0.36
RegisteredServiceThemeBasedViewResolver:0.2866666666666667
OpenIdConfiguration:0.2733333333333333
AbstractAuthenticationAction:0.22166666666666668
CasSupportActionsConfiguration:0.18333333333333332
SamlConfiguration:0.17666666666666667
CasValidationConfiguration:0.17
PrincipalFromRequestUserPrincipalNonInteractiveCredentialsAction:0.14666666666666667
X509CertificateCredentialsNonInteractiveAction:0.14666666666666667
RemoteAddressNonInteractiveCredentialsAction:0.12333333333333334
PrincipalFromRequestRemoteUserNonInteractiveCredentialsAction:0.12333333333333334
CasCoreWebConfiguration:0.09333333333333334
SamlGoogleAppsConfiguration:0.05333333333333334
CasThemesConfiguration:0.02666666666666667
