JFlexXref:0.5
AdaLexListener:0.39416666666666667
PerlLexHelper:0.3433333333333333
PerlLexListener:0.29583333333333334
AdaLexHelper:0.14666666666666667
