RequestResponseProcess:0.7283333333333334
OneWayProcess:0.6343333333333334
