ArrayType:0.4533333333333333
Vector:0.41
BitMappedTrie:0.29
VectorPropertyTest:0.24333333333333335
NodeModifier:0.11516666666666665
