BooleanLiteral:0.57
Literal:0.33666666666666667
BlobHeadRequestHandlerTests:0.2866666666666667
PathAccessor:0.13
