FluxSceneVisitor:0.6266666666666667
JOCLPlatform:0.5066666666666667
