DiscoveryWithServiceDisruptionsIT:0.5666666666666667
MinimumMasterNodesIT:0.22333333333333333
PrimaryAllocationIT:0.20333333333333334
IndexingMasterFailoverIT:0.14333333333333334
