ConfigurationProcessor:0.5366666666666666
Sjc74Tests:0.48
ExternalValueBeanMethodParam:0.043111111111111114
MultipleExternalValueParameters:0.043111111111111114
ExternalValueAnnotationOmittedOnJustOneParam:0.043111111111111114
ExternalValueAnnotationOmitted:0.043111111111111114
ExternalValuePresentButValueOmitted:0.043111111111111114
