JChemPaintPanel:0.78
JCPEditorAppletMenuTest:0.31666666666666665
JCPEditorAppletBugsTest:0.23333333333333334
CopyPasteAction:0.22
JCPMenuTextMaker:0.19355555555555556
ChangeModeAction:0.12
