BinarySearchTree:0.6433333333333333
Trie:0.2833333333333333
PatriciaTrie:0.23
AVLTree:0.20333333333333334
RedBlackTree:0.2013888888888889
Treap:0.19666666666666666
TreeMap:0.19
TreapNode:0.06333333333333334
