ShareThisDlg:0.3844444444444444
GwtTeamingMessages:0.31666666666666665
GwtShareItemMember:0.29833333333333334
GwtShareHelper:0.21444444444444447
RecipientNameWidget:0.15333333333333332
ShareExpirationWidget:0.13
