Style:0.7466666666666667
StrandedZoomableApolloPanel:0.49
ViewMenu:0.19666666666666666
ViewMenuListener:0.08666666666666667
