BaseLdapPathContextSource:0.6586666666666667
BaseLdapPathSource:0.5895555555555555
AbstractContextSource:0.39
BaseLdapPathBeanPostProcessor:0.32666666666666666
BaseLdapPathBeanPostProcessorTest:0.30666666666666664
