StaxEventItemWriter:0.7433333333333333
FlatFileItemWriter:0.67
StaxEventItemWriterTests:0.35333333333333333
FlatFileItemWriterTests:0.12666666666666668
