ReshapeVertex:0.3433333333333333
DefaultParamInitializer:0.3233333333333333
ConvolutionLayer:0.31333333333333335
BaseLayer:0.2733333333333333
ConvolutionParamInitializer:0.24333333333333335
BaseParallelDataSetIterator:0.23333333333333334
EmbeddingLayer:0.22666666666666666
BaseOutputLayer:0.20666666666666667
TestGraphNodes:0.17333333333333334
EmbeddingLayerTest:0.14333333333333334
CuDNNGradientChecks:0.11
DenseLayer:0.056666666666666664
