ContextFactory:0.49
SearchContext:0.3555555555555555
FetchSubPhasePluginTests:0.29
FieldDataFieldsParseElement:0.09666666666666666
FetchSubPhaseParseElement:0.03666666666666667
