BufferedTokenStream:0.6433333333333333
TestUnbufferedInputStream:0.45666666666666667
