_PropsLexer:0.4511111111111111
PropsParser:0.39
PropsParserDefinition:0.2733333333333333
PropsSyntaxHighlighter:0.14492063492063492
PropsColorsPage:0.14
PropsElementTypes:0.12169841269841271
PropsTokenTypes:0.12169841269841271
PropSection:0.10861111111111109
PropElement:0.10861111111111109
