SettlementTransparentPanel:0.42333333333333334
HelpGenerator:0.42333333333333334
NavigatorWindow:0.325
MainDetailPanel:0.224
BuildingConstructionMissionMeta:0.21
ChatBox:0.17333333333333334
