StreamService:0.49683333333333335
StreamSession:0.41
NotifyingPipedOutputStream:0.31333333333333335
StreamServiceManager:0.28
ReceiveStreamAction:0.20666666666666667
SendStreamAction:0.17666666666666667
SenderThread:0.0475
