Realm:0.49666666666666665
NettyResponseFuture:0.37
NettyAsyncHttpProvider:0.36666666666666664
RealmBuilder:0.36
Builder:0.29
