OAuth20AccessTokenControllerTests:0.41444444444444445
OAuth20AuthorizeControllerTests:0.32
OAuth20ProfileControllerTests:0.2633333333333333
OAuth20AuthorizeEndpointController:0.16666666666666666
OAuth20AccessTokenEndpointController:0.14
OidcAuthorizeEndpointController:0.08333333333333333
OAuth20UserProfileControllerController:0.08
OidcAccessTokenEndpointController:0.06333333333333334
OidcProfileEndpointController:0.05333333333333334
OAuth20CallbackAuthorizeEndpointController:0.03
