Conf:0.7933333333333333
Word2Vec:0.5233333333333333
ActorNetworkRunner:0.322
