JacksonMessageBodyProvider:0.49666666666666665
JacksonMessageBodyProviderTest:0.39666666666666667
HibernateValidationFeature:0.36333333333333334
DropwizardResourceConfig:0.3466666666666667
ValidatingResource:0.2833333333333333
ConstraintViolations:0.23
ConstraintMessage:0.22666666666666666
ConstraintViolationExceptionMapper:0.2025
ConstraintViolationBenchmark:0.19666666666666666
JerseyClientBuilder:0.19333333333333333
ConfiguredValidatorProvider:0.1868214285714286
DefaultValidatorFactoryProvider:0.1868214285714286
DefaultValidatorProvider:0.1868214285714286
AbstractServerFactory:0.15666666666666668
JerseyIntegrationTest:0.15333333333333332
ConstraintViolationExceptionMapperTest:0.14
DefaultServerFactoryTest:0.11666666666666667
BeanParameter:0.11
DefaultJacksonMessageBodyProvider:0.09333333333333334
JsonProcessingExceptionMapperTest:0.09333333333333334
ResourceTestResourceConfig:0.029166666666666667
