CommonUtil:0.6433333333333333
DownloadEntity:0.385
SqlUtil:0.23
AbsGroupUtil:0.21
MultiTaskActivity:0.21
SqlHelper:0.20916666666666667
AbsGroupTask:0.18
