SimpleIndexQueryParserTests:0.5266666666666666
IndexQueryParserService:0.49666666666666665
AbstractQueryBuilder:0.4666666666666667
SpanFirstQueryBuilder:0.39
BaseQueryTestCase:0.2966666666666667
NotQueryBuilderTest:0.11
FQueryFilterBuilderTest:0.11
QueryFilterBuilderTest:0.11
AndQueryBuilderTest:0.1
SpanFirstQueryParser:0.08333333333333333
OrQueryBuilderTest:0.07333333333333333
SpanNotQueryBuilderTest:0.06333333333333334
TermsQueryBuilderTest:0.05
DisMaxQueryBuilderTest:0.04666666666666667
SpanFirstQueryBuilderTest:0.02277777777777778
ConstantScoreQueryBuilderTest:0.0033333333333333335
MissingQueryBuilderTest:0.0033333333333333335
IdsQueryBuilderTest:0.0033333333333333335
ExistsQueryBuilderTest:0.0025
FieldMaskingSpanQueryBuilderTest:0.0
