WorkflowUtilities:0.5533333333333333
EditUserFormAction:0.265
ListIssuesAction:0.22333333333333333
