FieldExpression:0.5833333333333334
FunctionalTest:0.5233333333333333
Conditional:0.35
