ObsoleteArticle:0.36333333333333334
ArticleBeanImpl:0.25333333333333335
Gui:0.24666666666666667
DbConnectionBroker:0.23333333333333334
PropagateAnnotation:0.23333333333333334
ObsoletePubSource:0.22666666666666666
MgFullTextSearch:0.22333333333333333
GoSynonymImportTest:0.22
Resource:0.19666666666666666
TestDatabaseConnection:0.19666666666666666
JEntrezReader:0.16333333333333333
LocalDtdEntityFinder:0.16333333333333333
Pull:0.11
