BusinessEntityManager:0.6633333333333333
WebserviceBean:0.4266666666666667
BusinessEntityManagerImpl:0.36333333333333334
