SaveElementInCollectionAction:0.37666666666666665
AddElementsToCollectionAction:0.34
CollectionElementViewBaseAction:0.2633333333333333
RemoveSelectedInCollectionAction:0.23333333333333334
RemoveElementFromCollectionAction:0.22666666666666666
