FolderService:0.8433333333333334
WSClient:0.45666666666666667
FolderServiceImpl:0.30666666666666664
FolderServiceEndpoint:0.24
