TransactionConfidence:0.8088888888888889
TxConfidenceTableTest:0.16666666666666666
