Group:0.31666666666666665
TextField:0.31666666666666665
MathUtils:0.315
TextArea:0.2816666666666667
Lwjgl3ApplicationConfiguration:0.25333333333333335
