Scanner:0.39
OLParser:0.3233333333333333
CurrentHandlerStatement:0.31333333333333335
OLVisitor:0.27166666666666667
SemanticVerifier:0.27166666666666667
OptimizerVisitor:0.23666666666666666
