Mapl:0.6333333333333333
MaplRebuild:0.42833333333333334
MaplTest:0.30666666666666664
