SerializationProxy:0.5831111111111111
CaffeineTest:0.49666666666666665
BoundedLocalCache:0.4666666666666667
