Selector:0.43666666666666665
SelectorTest:0.13533333333333333
AllElements:0.04833333333333333
