CreateSnapshotStatementAnalyzer:0.6141666666666666
SnapshotIntegrationTest:0.5
SnapshotAnalyzerTest:0.4666666666666667
