FetchProjector:0.6566666666666666
FetchProjectorTest:0.29333333333333333
ExecutorResumeHandle:0.27666666666666667
