Template:0.71
FormatUtils:0.37166666666666665
TargetConvention:0.25666666666666665
