ClientHead:0.44
Decoder:0.4
EncoderHandler:0.24666666666666667
WebSocketTransport:0.22666666666666666
PacketHandlerTest:0.21666666666666667
PayloadTest:0.15666666666666668
Encoder:0.11
