Euribor:0.5066666666666667
EURLibor:0.31333333333333335
DailyTenorEuribor365:0.27666666666666667
DailyTenorEuribor:0.27666666666666667
Euribor365:0.15333333333333332
