JSON:0.7266666666666667
JSONScanner:0.44
JSONLexerBase:0.43666666666666665
