QueryManager:0.6266666666666667
Query:0.49666666666666665
TestQueues:0.36666666666666664
SqlQueryManager:0.21666666666666667
StatementResource:0.08333333333333333
TestServer:0.06
