Header:0.9866666666666667
UserServiceImpl:0.5766666666666667
