ReflectionException:0.33666666666666667
Method:0.32666666666666666
Field:0.2966666666666667
ClassReflection:0.07666666666666666
Constructor:0.06611111111111112
ArrayReflection:0.05
