NTLMEngine:0.5466666666666666
Realm:0.5266666666666666
RealmBuilder:0.32
MD4:0.23666666666666666
HttpProtocol:0.23
Type2Message:0.20833333333333334
NettyRequestFactory:0.20333333333333334
NTLMMessage:0.19666666666666666
CipherGen:0.19333333333333333
NettyRequestSender:0.17666666666666667
Type3Message:0.08666666666666667
Type1Message:0.05333333333333334
