Transition:0.6505555555555557
FSM:0.2916666666666667
