TurtleState:0.5133333333333333
RG:0.4066666666666667
RGG:0.38333333333333336
Type:0.19666666666666666
P0:0.15
N0:0.15
L0:0.15
H0:0.15
TurtleStateAttribute:0.15
D0:0.15
C0:0.15
V0:0.15
U0:0.15
_Field:0.14333333333333334
RGGRoot:0.04666666666666667
