HttpQueryProvider:0.62
TestHttpQueryProvider:0.2833333333333333
SumQuery:0.18666666666666668
ImportHiveTableQuery:0.18
Execute:0.14666666666666667
ExampleSumAggregation:0.14666666666666667
