WorkflowTransitionTests:0.3466666666666667
FolderDaoImplTests:0.32
ProfileDaoImplTests:0.27
PipelineTests:0.18
ProcessorManagerTests:0.15333333333333332
