SimpleRoutingTests:0.5833333333333334
TransportMultiGetAction:0.22666666666666666
TransportMultiTermVectorsAction:0.22666666666666666
SimpleMgetTests:0.21666666666666667
