SkipListener:0.75
SimpleJob:0.23666666666666666
ItemReaderRetryContext:0.23333333333333334
ItemReaderRetryCallback:0.22666666666666666
ItemOrientedStep:0.22
SimpleJobTests:0.2
ItemSkipPolicyItemHandler:0.18
ItemOrientedStepTests:0.17666666666666667
MulticasterBatchListener:0.16666666666666666
SimpleStepFactoryBean:0.16333333333333333
ItemReaderRetryPolicyTests:0.16
ItemReaderRetryPolicy:0.13
BatchListenerFactoryHelper:0.11333333333333333
RepeatOperationsStepFactoryBean:0.10666666666666667
SkipLimitStepFactoryBean:0.07333333333333333
CompositeSkipListener:0.013333333333333334
