BasicBSONObject:0.6077777777777779
BasicDBObject:0.5633333333333334
