RScoredSortedSet:0.7256944444444445
RedissonScoredSortedSet:0.5883333333333334
RedissonScoredSortedSetTest:0.23
RScoredSortedSetAsync:0.2275
RedisCommands:0.06333333333333334
