Responder:0.75
FormResponder:0.3466666666666667
ResponderFactory:0.3466666666666667
ResponseControllerHandler:0.17666666666666667
ResponseTag:0.12666666666666668
