AnnotationVisitorTee:0.3566666666666667
MethodVisitorTee:0.32666666666666666
LocalVariablesSorter:0.24
EmptyVisitor:0.23666666666666666
ClassVisitorTee:0.23333333333333334
FieldVisitorTee:0.20083333333333334
DebuggingClassWriter:0.20083333333333334
ClassEmitter:0.19666666666666666
BridgedFinder:0.15666666666666668
ClassTransformer:0.13
ClassNameReader:0.13
AbstractClassTransformer:0.11
ClassTransformerTee:0.08
