RdtDebugUiPlugin:0.5066666666666667
InspectAction:0.435
ActionFilterAdapterFactory:0.13333333333333333
InspectHashKeyAction:0.05333333333333334
AbstractInspectAction:0.03666666666666667
