DefaultInternalKernelServices:0.5233333333333333
AddFileAction:0.20666666666666667
AddAction:0.20666666666666667
