QueryTest:0.5266666666666666
ConcurrentMapManager:0.3433333333333333
ClusterLockTest:0.25333333333333335
EvictOperationHandler:0.22847619047619047
InPredicate:0.22333333333333333
EqualPredicate:0.2
