OperationServiceImpl:0.5183333333333333
EvictionTest:0.4033333333333333
MapTransactionTest:0.3363888888888889
