GeneralMetadataFormPage:0.5116666666666667
AddMetadataDialog:0.21333333333333335
MetadataEditorContributor:0.13833333333333334
AddMetadataAction:0.13666666666666666
