RankedListQualityMetric:0.22333333333333333
EvalQueryQualityTests:0.11333333333333333
RankEvalRequestTests:0.09
RankEvalPlugin:0.08333333333333333
RankEvalSpecTests:0.06333333333333334
ReciprocalRankTests:0.02
