CassandraTestingUtils:0.2733333333333333
NativeCassandraSession:0.25
CassandraTokenSplitManager:0.23666666666666666
MockCassandraSession:0.21333333333333335
CassandraSession:0.17805555555555555
SessionCallable:0.0011111111111111111
