Jedis:0.7633333333333333
BinaryJedis:0.4
HashesCommandsTest:0.31333333333333335
