MolecularFormulaTest:0.7066666666666667
NNMappingTest:0.30333333333333334
MappingTest:0.25333333333333335
DebugMappingTest:0.0
DebugMolecularFormulaTest:0.0
