Config:0.7733333333333333
ExecutorThreadFactory:0.3844444444444444
ExecutorManager:0.33
ExecutorConfig:0.17333333333333334
