SimpleHttpClientFactoryBean:0.24
LdapSpnegoKnownClientSystemsFilterAction:0.19666666666666666
OidcIdTokenSigningAndEncryptionService:0.19666666666666666
SerializationUtils:0.19666666666666666
AbstractMetadataResolverAdapter:0.19
BaseBinaryCipherExecutor:0.18666666666666668
OAuth20AccessTokenEndpointController:0.18
TemplatedMetadataAndCertificatesGenerationService:0.18
CRLDistributionPointRevocationChecker:0.16333333333333333
DefaultRelyingPartyTokenProducer:0.14333333333333334
OAuth20AccessTokenResponseGenerator:0.14333333333333334
