CorpusPage:0.46
MultipleValueTreeDialog:0.44333333333333336
CreatePartitionDialog:0.41
ElementTreeContentProvider:0.12333333333333334
ElementTreeLabelProvider:0.06
