PortletSessionContextIntegrationInterceptor:0.5366666666666666
PortletAuthenticationProvider:0.4411111111111111
PortletProcessingInterceptor:0.4
