CompositeMatch:0.4766666666666667
SPORule:0.4666666666666667
AbstractCondition:0.38
SPOEvent:0.3333333333333333
ExistsMatch:0.33
RuleMatch:0.29
HashBag:0.26
AspectualViewGps:0.24666666666666667
Pair:0.22611111111111115
Reporter:0.21892857142857144
NACTest:0.13
CompositeEvent:0.13
PositiveCondition:0.12333333333333334
ForallCondition:0.1
LayedOutGps:0.09
NestedIterator:0.07777777777777778
NotCondition:0.07333333333333333
ExistsCondition:0.013333333333333334
