WebCfgService:0.6419444444444444
WebCfgDelegate:0.41
ViewPort:0.38666666666666666
DummyWebCfgMBean:0.3333333333333333
