OrcInputStream:0.26666666666666666
ByteArrayInputStream:0.24
LongInputStreamV2:0.235
FloatInputStream:0.22666666666666666
DoubleInputStream:0.22666666666666666
LongInputStreamV1:0.14416666666666667
ByteInputStream:0.11
