AbstractJdbcDdlReader:0.6233333333333333
DbExport:0.53
H2DdlReader:0.12333333333333334
DbExportImportTest:0.11333333333333333
