HttpServerRequest:0.8033333333333333
Session:0.6466666666666666
WebSocketBase:0.22166666666666668
DefaultHttpServerRequest:0.19
RawWSSockJSSocket:0.15333333333333332
WebSocketImplBase:0.15333333333333332
XhrTransport:0.12333333333333334
SockJSSocket:0.11
EventSourceTransport:0.10333333333333333
HtmlFileTransport:0.10333333333333333
JsonPTransport:0.09666666666666666
