Warning:0.49666666666666665
RubyScriptStructureBuilder:0.49666666666666665
RubyScript:0.3
RdtWarnings:0.19666666666666666
MarkerUtility:0.12
