JChemPaintEditor:0.9016666666666666
MultiPageMoleculesEditorPart:0.26666666666666666
