Spark:0.6766666666666666
Service:0.27666666666666667
WebSocketCreatorFactory:0.2733333333333333
WebSocketServletContextHandlerFactoryTest:0.24666666666666667
ServiceTest:0.17666666666666667
WebSocketCreatorFactoryTest:0.14333333333333334
WebSocketServletContextHandlerFactory:0.1
EmbeddedJettyServer:0.06333333333333334
EmbeddedServer:0.04
DummyWebSocketListener:0.03631746031746032
