EventBus:0.66
EventBusBuilder:0.3933333333333333
BackgroundPoster:0.2277777777777778
AsyncExecutor:0.16
ExceptionToResourceMapping:0.13666666666666666
