ThreadPool:0.7433333333333333
TransportClient:0.3522222222222222
ElasticsearchTestCase:0.23666666666666666
LocalTransport:0.20388888888888887
EsExecutorsTests:0.15666666666666668
UpdateThreadPoolSettingsTests:0.15
TestIteration:0.15
SendPingsHandler:0.12333333333333334
RecoverySettings:0.11666666666666667
UnicastZenPingTests:0.08
