AdviceTest:0.37666666666666665
ForOrigin:0.25726190476190475
ArgumentHandler:0.23666666666666666
UsingArgumentCopy:0.23333333333333334
AdviceFrameTest:0.18
FrameReturnAdviceRetainedArguments:0.12810449735449733
WithCopiedArguments:0.12
FrameAdviceExitOnlyWithSuppressionRetainedArguments:0.03072751322751322
FrameAdviceExitOnlyWithSuppressionAndNonExceptionHandlingRetainedArguments:0.03072751322751322
FrameAdviceWithoutThrowableRetainedArguments:0.03072751322751322
FrameAdviceWithSuppressionRetainedArguments:0.03072751322751322
FrameAdviceRetainedArguments:0.03072751322751322
FrameAdviceExitOnlyRetainedArguments:0.03072751322751322
