Prepared:0.4644444444444444
Default:0.38
Compiled:0.37277777777777776
SubclassDynamicTypeBuilderTest:0.26666666666666666
MethodRegistryDefaultTest:0.26
Handler:0.23
VisibilityBridge:0.19333333333333333
