MaskContainerRendererTest:0.4633333333333333
MapItemSymbolBlinkingTest:0.4033333333333333
JFXMapItemSymbolBlinkingTest:0.3
JFXMapItemWindowRendererTest:0.23666666666666666
