charViewer:0.5622777777777778
textViewer:0.42333333333333334
