StepFactory:0.48
AbstractVirtualMachine:0.2966666666666667
ExceptionsTester:0.28
CallStep:0.2783333333333333
HopVirtualMachine:0.21666666666666667
BeginCheckScopeStep:0.10666666666666667
