StatementGenerator:0.5166666666666667
StatementGeneratorTest:0.38
FunctionizerTest:0.30583333333333335
TypeImplementationGenerator:0.26666666666666666
UnsequencedExpressionRewriterTest:0.25
AutoboxerTest:0.21666666666666667
TypeGenerator:0.20333333333333334
GenerationTest:0.1927777777777778
