Node:0.9316666666666666
NodeView:0.30666666666666664
