CaptureActivity:0.5
ResultHandler:0.37666666666666665
DecodeThread:0.27666666666666667
CaptureActivityHandler:0.2633333333333333
CalendarResultHandler:0.20666666666666667
AddressBookResultHandler:0.20666666666666667
SMSResultHandler:0.20666666666666667
TelResultHandler:0.20666666666666667
ProductResultHandler:0.19
TextResultHandler:0.19
GeoResultHandler:0.19
ISBNResultHandler:0.19
EmailAddressResultHandler:0.19
URIResultHandler:0.19
