OAuthWebApplicationService:0.5766666666666667
OAuth20AccessTokenControllerTests:0.43333333333333335
BaseOAuthWrapperController:0.23666666666666666
OAuthValidator:0.23333333333333334
OAuth20AuthorizeController:0.21
OAuthClientAuthenticator:0.18
OAuth20AccessTokenController:0.14
