StringTemplateParser:0.3933333333333333
JsonParser:0.37
JsonSerializer:0.2833333333333333
JoddJson:0.2488888888888889
