ManufactureGood:0.44666666666666666
TendGreenhouse:0.2866666666666667
Manufacture:0.2833333333333333
EquipmentFactory:0.20666666666666667
ManufactureConfig:0.1741666666666667
ManufactureUtil:0.08666666666666667
