CacheState:0.8033333333333333
CacheStateMachine:0.3466666666666667
TaskCacheImpl:0.2866666666666667
TestLazyCacheCtrl:0.19583333333333333
EmptyCacheState:0.19333333333333333
CacheInitializingState:0.17
CompletedCacheState:0.17
DirtyCacheState:0.15333333333333332
CacheInterceptor:0.12333333333333334
