JSONResultTest:0.5566666666666666
JSONResult:0.5505555555555556
SMDGenerator:0.36833333333333335
