StepExecution:0.6333333333333333
JobExecution:0.42
JobExecutionTests:0.29
StepExecutionTests:0.2833333333333333
