UserApplications:0.8533333333333334
DefaultApplications:0.7216666666666667
