EvaluatingNormalizer:0.5966666666666667
Planner:0.4266666666666667
NestedLoopConsumerTest:0.2833333333333333
PlannerTest:0.23333333333333334
NormalizerVisitor:0.17
RoutedCollectPhaseTest:0.16
