HTMLElement:0.4722222222222222
HTMLElementTest:0.3333333333333333
Style:0.2677777777777778
