ShareThisDlg:0.39666666666666667
GwtSharingInfo:0.31666666666666665
GwtTeamingMessages:0.31666666666666665
GwtShareHelper:0.25
GwtUser:0.2
GwtSearchHelper:0.12333333333333334
GwtShareItemComparator:0.05
