TransportExecutorTest:0.6266666666666667
ESGetTask:0.6216666666666667
ESGetContext:0.31166666666666665
