ArgType:0.56
ArrayArg:0.23111111111111116
RegionGen:0.20333333333333334
ModVisitor:0.18333333333333332
UnknownArg:0.15
TypeMergeTest:0.13
RegionMaker:0.12666666666666668
