ClientRegistration:0.5166666666666667
Builder:0.2866666666666667
AuthorizationRequestAttributes:0.2733333333333333
ClientRegistrationProperties:0.25333333333333335
AuthorizationRequestAttributesTest:0.23666666666666666
OAuth2LoginApplicationTests:0.17666666666666667
AuthorizationCodeAuthenticationProcessingFilterTests:0.17
AuthorizationCodeRequestRedirectFilter:0.15333333333333332
AuthorizationCodeRequestRedirectFilterTests:0.13666666666666666
TestUtil:0.13
DefaultAuthorizationRequestUriBuilder:0.08333333333333333
