Default:0.7633333333333333
ConstructorStrategy:0.48
ConstructorStrategyDefaultTest:0.3233333333333333
