BinaryObjectBase:0.30666666666666664
DataObjectBase:0.2733333333333333
DataObject:0.24
Vocabulary:0.0011111111111111111
BinaryObject:0.0011111111111111111
FolderBase:0.0
Folder:0.0
