BrowserVersion:0.5933333333333334
WebRequest:0.49666666666666665
WebClient:0.45666666666666667
CSSStyleSheet:0.2225
HtmlImage:0.21333333333333335
BrowserVersion2Test:0.16333333333333333
