PluginLoaderPlugin:0.6561111111111111
AbstractKeyStoreSettings:0.4968888888888889
Constants:0.014071428571428572
