CMLIOTests:0.6033333333333334
IOTests:0.3333333333333333
