ViewDescriptor:0.49
Transition:0.46
FlowExecutionImpl:0.31666666666666665
FlowSessionImpl:0.2866666666666667
FlowExecutionListenerList:0.27194444444444443
StateContextImpl:0.25666666666666665
TransitionableState:0.22666666666666666
ViewState:0.19666666666666666
EndState:0.15666666666666668
SimpleViewDescriptorCreator:0.13
