RSSViewerPlugin:0.5833333333333334
OPMLWriter:0.44333333333333336
ForceChannelReloadEvent:0.37211111111111106
AddChannelDialog:0.20666666666666667
