AwsS3ServiceImplTests:0.45
S3RepositoryTests:0.4033333333333333
ESTestCase:0.39055555555555554
