ParticleEmitter:0.7633333333333333
Particle:0.5166666666666667
ParticleData:0.24666666666666667
ParticleEffect:0.23755555555555555
EffectPanel:0.23
ParticleEditor:0.22333333333333333
Renderer:0.16666666666666666
ParticleEmitterChangeSpriteTest:0.13
ImagePanel:0.06
