RuntimeEnvironment:0.4766666666666667
ParallelUniverseInterface:0.29503968253968255
ShadowLooper:0.2866666666666667
TestHandler:0.23
RobolectricTestRunner:0.18666666666666668
ShadowLooperTest:0.17666666666666667
ShadowMessageQueueTest:0.17333333333333334
ParallelUniverse:0.15
RobolectricTestRunnerSelfTest:0.14333333333333334
ParallelUniverseTest:0.13666666666666666
HelperTestRunner:0.09333333333333334
MyTestApplication:0.08666666666666667
