FileReloadContainer:0.5838888888888889
AbstractCastorConfigDao:0.37333333333333335
DefaultSurveillanceViewConfigDao:0.2633333333333333
