ExtensionRegistry:0.4222222222222222
PotentiallyIncompatibleTypeMethodInjectionTestCase:0.31666666666666665
TestExecutionResultConditions:0.14583333333333334
ParameterResolverTests:0.135
MethodInvoker:0.09666666666666666
