EndEntityProfile:0.5933333333333334
EditEndEntityApprovalRequest:0.3
UserView:0.2733333333333333
TestUserFullfillEndEntityProfile:0.26666666666666666
AddEndEntityApprovalRequest:0.25666666666666665
EjbcaWSHelper:0.23666666666666666
LocalUserAdminSessionBean:0.18666666666666668
EjbcaWebBean:0.1738888888888889
InitializeHardTokenIssuing:0.15333333333333332
TestUserDataFiller:0.15333333333333332
AdminCertReqServlet:0.15
DemoCertReqServlet:0.12666666666666668
RaAddUserCommand:0.10333333333333333
