MigrateTask:0.44
AntLargeTest:0.4033333333333333
AbstractMigrationLoadingTask:0.3433333333333333
Locations:0.17555555555555555
PlaceholdersElement:0.0
LocationElement:0.0
PlaceholderElement:0.0
