Booking:0.6733333333333333
Hotel:0.5066666666666667
User:0.31
BookingService:0.18833333333333332
SearchAction:0.16333333333333333
DebuggingPhaseListener:0.1
JpaBookingService:0.03666666666666667
