ERDesignerComponent:0.47
DictionaryModelSerializer:0.31333333333333335
ModelIOUtilities:0.19333333333333333
RepositoryEntity:0.13
SaveToRepositoryEditor:0.08666666666666667
RepositoryIOTest:0.01
