Simulation:0.7266666666666667
SimulationConfig:0.6666666666666666
