View:0.6566666666666666
MetaCollectionView:0.3933333333333333
AnnotatedClassParser:0.27666666666666667
ApplicantTest:0.25333333333333335
ViewParser:0.19666666666666666
OrderTest:0.18
SellerTest:0.17666666666666667
EditElementInCollectionAction:0.13666666666666666
CreateNewElementInCollectionAction:0.043333333333333335
InvoiceAddDeliveriesTest:0.015833333333333335
GoAddDeliveryFromInvoiceAction:0.0
XmlElementsNames:0.0
