DefinitionModule:0.8166666666666667
DefinitionModuleImpl:0.5033333333333333
ViewController:0.25333333333333335
ViewDefinitionXmlController:0.22333333333333333
