CacheableDataSet:0.5933333333333334
TinyImageNetFetcher:0.508611111111111
CacheableExtractableDataSetFetcher:0.46
