SimulatorModel:0.51
Simulator:0.36811111111111106
ExploreAction:0.33666666666666667
ExplorationDialog:0.31666666666666665
ApplyMatchAction:0.2966666666666667
StateCache:0.28
AbstractGraphState:0.24666666666666667
ActionStore:0.24
StateList:0.22333333333333333
AspectJGraph:0.20666666666666667
RuleJTree:0.20333333333333334
LTSDisplay:0.20333333333333334
LTSJGraph:0.2
StateMouseListener:0.13
MyMouseListener:0.11666666666666667
ExploreThread:0.1
AnyStateAcceptor:0.06333333333333334
