GrizzlyAsyncHttpProvider:0.55
EventHandler:0.29
GrizzlyResponseStatus:0.2602777777777778
GrizzlyResponseHeaders:0.25833333333333336
AsyncHttpClientFilter:0.23333333333333334
HttpRequestPacketImpl:0.023333333333333334
