CryptoToken:0.9233333333333333
CryptoTokenFactory:0.48
CryptoTokenManagementSessionBean:0.37666666666666665
