DateTimeField:0.7433333333333333
TimeOfDay:0.3433333333333333
TestTimeOfDay:0.31666666666666665
PartialInstant:0.2928174603174603
UnsupportedDateTimeField:0.25666666666666665
BaseDateTimeField:0.22666666666666666
DelegatedDateTimeField:0.22333333333333333
Property:0.12944444444444442
