ComponentRecorder:0.6716666666666666
MapGenerator:0.36666666666666664
EventRecorder:0.34833333333333333
