EditorGUIApplication:0.5133333333333333
AppliConfiguration:0.5033333333333333
DefaultScriptLogger:0.25
ARINCSettings:0.25
EditorScriptPlugin:0.21333333333333335
ServerConfigurationParser:0.145
ReloadLookAndFeelAction:0.11333333333333333
ResetConfigurationAction:0.11333333333333333
