LookupJoinOperators:0.36666666666666664
Visitor:0.31333333333333335
ParallelHashBuildOperator:0.27
TestHashJoinOperator:0.25333333333333335
HashBuilderOperator:0.18333333333333332
LookupJoinOperatorFactory:0.17333333333333334
BuildContext:0.16666666666666666
JoinProbeCompiler:0.14333333333333334
HashBuilderOperatorFactory:0.13333333333333333
ParallelHashBuildOperatorFactory:0.13333333333333333
HashJoinBenchmark:0.129
HashJoinOperatorFactoryFactory:0.08
