Parser:0.4066666666666667
ATN:0.35333333333333333
ParserATNFactory:0.31333333333333335
ANTLRErrorStrategy:0.2957777777777778
Recognizer:0.21833333333333332
DefaultErrorStrategy:0.21
RecognitionException:0.1988888888888889
ATNSimulator:0.19333333333333333
ATNSerializer:0.18333333333333332
