JdbcClient:0.83
BaseJdbcClient:0.3
JdbcMetadata:0.2866666666666667
JdbcHandleResolver:0.28
TestingDatabase:0.25777777777777783
TestJdbcRecordSetProvider:0.23333333333333334
JdbcSplitManager:0.13333333333333333
