RecordParser:0.66
RecordInfo:0.4266666666666667
mddViewer:0.2611111111111111
ValidationDefinitionViewer:0.24666666666666667
