RequestBuilderTest:0.36333333333333334
Builder:0.3088888888888889
HeaderMap:0.18
