CasAuthenticationTokenMixinTests:0.4866666666666667
UserDeserializer:0.4411111111111111
UserDeserializerTests:0.41
