TableManager:0.5433333333333333
Table:0.45666666666666667
DataHolder:0.3011111111111111
CRUDOperationProvider:0.26666666666666666
HibernateCRUDOperationProvider:0.17777777777777778
MakumbaCRUDOperationProvider:0.12333333333333334
