Help:0.5477777777777778
MAboutDialog:0.46361111111111103
TabIcon:0.36666666666666664
