Constants:0.9266666666666666
JTBQueuesContentViewPart:0.22666666666666666
TemplateDropListener:0.13
JTBMessageDropListener:0.12333333333333334
MessageSaveAsTemplateHandler:0.09666666666666666
MessageSendFromTemplateHandler:0.09
MessageSendHandler:0.056666666666666664
QueueEmptyHandler:0.04
