ServerWrapperTest:0.30333333333333334
JFXLookAndFeelTest:0.3
JFXMutuallyExclRendererTest:0.2833333333333333
JFXMutuallyExclRenderer2Test:0.2833333333333333
JFXServerCockpitTest:0.27
ServerWrapperGUITest:0.17
JFXToggleButtonRendererTest:0.14333333333333334
