TypeUtil:0.6066666666666667
JavacEnvironment:0.38333333333333336
MethodTranslator:0.36
ParserEnvironment:0.2523888888888889
FileProcessor:0.2
TranslationEnvironment:0.15
