DataHandler:0.44484523809523807
QueryHandler:0.4138888888888889
AnsiQueryHandler:0.28
AnsiDataHandler:0.23
WikiDatabase:0.18
DatabaseUpgrades:0.17
WikiGroup:0.13
