WebserviceBean:0.49
WebserviceBeanRemote:0.4766666666666667
IPAMModule:0.355
Constants:0.33644444444444443
DataModelLoader:0.20666666666666667
