DatabaseHandler:0.68
FileHandler:0.5066666666666667
EditServlet:0.25333333333333335
ManageServlet:0.19
DiffServlet:0.14333333333333334
HistoryServlet:0.14333333333333334
