Symphonys:0.5366666666666666
ArticleProcessor:0.3333333333333333
SymphonyServletListener:0.26666666666666666
CommentSender:0.16
ArticleAPI2:0.15
CommentAPI2:0.14
CommentProcessor:0.12
BookQueryService:0.11333333333333333
Spider:0.11333333333333333
