EntryEventFilter:0.6288888888888888
QueryEventFilter:0.49333333333333335
