AdminModule:0.865
AdminModuleImpl:0.25166666666666665
AbstractAccessControlController:0.24333333333333335
