SimpleChildQuerySearchTests:0.4266666666666667
ChildrenQuery:0.32
ChildrenConstantScoreQuery:0.3
ChildrenConstantScoreQueryTests:0.24
ChildrenQueryTests:0.1811111111111111
ParentIdsFilter:0.15
HasChildFilterParser:0.056666666666666664
HasChildQueryParser:0.056666666666666664
