CDKManager:0.6733333333333333
ICDKManager:0.6466666666666666
CDKMolecule:0.52
