ShadowAssetManager:0.4
ShadowResourcesTest:0.36
attr:0.22033333333333333
FromBoolean:0.17333333333333334
ShadowAssetManagerTest:0.15666666666666668
FromInt:0.14
