TypeGraph:0.39666666666666667
LabelFilter:0.3233333333333333
GraphJGraph:0.32
GraphJVertex:0.32
GraphJEdge:0.26
CtrlJVertex:0.23444444444444448
LabelTree:0.23
HostModel:0.22111111111111115
AspectJEdge:0.21066666666666667
AspectJVertex:0.2
