NettyClientHandler:0.56
NettyClientHandlerTest:0.2966666666666667
NettyClientTransport:0.22333333333333333
FrameListener:0.15666666666666668
GracefulCloseCommand:0.15333333333333332
