MethodDelegationBinder:0.63
MethodDelegation:0.4533333333333333
Processor:0.43666666666666665
MethodDelegationBinderProcessorTest:0.40166666666666667
Sample:0.3272804232804233
TargetMethodAnnotationDrivenBinderTest:0.30333333333333334
Handler:0.2866666666666667
DelegationProcessor:0.22666666666666666
TargetMethodAnnotationDrivenBinder:0.22333333333333333
Builder:0.19999999999999998
ArgumentBinderTest:0.16833333333333333
MethodInvoker:0.07666666666666666
Compiled:0.07138888888888888
Virtual:0.058333333333333334
GenericBaz:0.0033333333333333335
ChangingLoggerInterceptor:0.0033333333333333335
