ClearCaseTest:0.36833333333333335
CVSTest:0.31
ProjectTest:0.2833333333333333
P4Test:0.2733333333333333
ProjectXMLHelperTest:0.25333333333333335
CurrentBuildStatusPublisherTest:0.23
AntBuilderTest:0.21
MainTest:0.17333333333333334
CurrentBuildStatusBootstrapperTest:0.17333333333333334
CurrentBuildFileWriter:0.13666666666666666
