SarosSession:0.6433333333333333
SarosSessionManager:0.3233333333333333
InviteAction:0.14333333333333334
ISarosSessionManager:0.14083333333333334
GeneralNewSessionAction:0.11666666666666667
NewSessionAction:0.1
PartialNewSessionAction:0.1
