ANTLRParser:0.47
ASTVerifier:0.44333333333333336
Grammar:0.42333333333333334
ErrorManager:0.4
Rule:0.39666666666666667
Tool:0.3
TestSymbolIssues:0.2833333333333333
ANTLRLexer:0.2708333333333333
Alternative:0.25327777777777777
SymbolChecks:0.24166666666666667
BasicSemanticTriggers:0.2211111111111111
DFA44:0.20333333333333334
TestAttributeChecks:0.19666666666666666
GrammarSemanticsMessage:0.1832222222222222
TestActionSplitter:0.18
BaseTest:0.16333333333333333
DFA29:0.14666666666666667
DFA62:0.13166666666666665
SemanticPipeline:0.13
DFA31:0.12
DFA53:0.12
DFA72:0.12
DFA27:0.12
DFA49:0.12
DFA26:0.12
DFA65:0.12
DFA40:0.12
DFA35:0.12
TestBasicSemanticErrors:0.08
ruleBlock_return:0.0025
rulePrequels_return:0.0025
sync_return:0.0025
