Label0Parser:0.55
DFA1:0.23672222222222222
DFA14:0.17666666666666667
DFA7:0.16
DFA5:0.16
DFA4:0.16
DFA2:0.16
quantPrefix_return:0.14833333333333334
sequence_return:0.14833333333333334
dqText_return:0.14833333333333334
ruleLabel_return:0.14833333333333334
graphDefault_return:0.14833333333333334
quantLabel_return:0.14833333333333334
sqChar_return:0.14833333333333334
simpleRuleLabel_return:0.14833333333333334
sqText_return:0.14833333333333334
choice_return:0.14833333333333334
wildcard_return:0.14833333333333334
atom_return:0.14833333333333334
label_return:0.14833333333333334
roleLabel_return:0.14833333333333334
atomLabel_return:0.14833333333333334
specialLabel_return:0.14833333333333334
dqContent_return:0.14833333333333334
sqContent_return:0.14833333333333334
actualLabel_return:0.14833333333333334
unary_return:0.14833333333333334
regExpr_return:0.14833333333333334
dqTextChar_return:0.14833333333333334
rnumber_return:0.14833333333333334
text_return:0.14833333333333334
rolePrefix_return:0.14833333333333334
graphLabel_return:0.14833333333333334
ruleDefault_return:0.14833333333333334
TemporalFormulaTest:0.11333333333333333
AllGraphTests:0.09333333333333334
