Repartition:0.4422222222222223
Messages:0.39533333333333337
CwbEncode:0.38
