TreeItemTester:0.58
DecorationsTracker:0.49
TreeItemTest:0.38666666666666666
DecorationsTrackerTest:0.016666666666666666
