ConfigData:0.48333333333333334
ConfigItem:0.44333333333333336
TableConfig:0.29
TableWidget:0.23444444444444448
ListConfig:0.20605555555555558
HtmlWidget:0.18333333333333332
ListWidget:0.14666666666666667
