Client:0.5466666666666666
PercolateResponse:0.4533333333333333
AbstractClient:0.35333333333333333
PercolateSourceBuilder:0.26666666666666666
RestActionModule:0.24666666666666667
RestPercolateAction:0.22111111111111115
ActionModule:0.2
PercolateRequestBuilder:0.16333333333333333
Fields:0.03333333333333333
