FunctionInfo:0.6033333333333334
WindowOperator:0.5516666666666666
WindowFunctionDefinition:0.31
WindowOperatorFactory:0.27
