TestingHelpers:0.7433333333333333
ConcatFunctionTest:0.36
VarCharType:0.2327777777777778
PGTypesTest:0.17333333333333334
SubstrFunctionTest:0.16333333333333333
