ClientConnection:0.7533333333333333
ClientInvocation:0.43
ClientPartitionServiceImpl:0.27
ClientNonSmartInvocationServiceImpl:0.21666666666666667
ClientSmartInvocationServiceImpl:0.21666666666666667
