Window:0.44333333333333336
JavaScriptEngine:0.35333333333333333
HTMLElement:0.3333333333333333
ScriptEngine:0.3233333333333333
SimpleScriptable:0.3
HtmlFormTest:0.28
Navigator:0.2733333333333333
OptionsArray:0.27111111111111114
XMLHttpRequest:0.20333333333333334
CountingJavaScriptEngine:0.2
Select:0.195
WebTestCase:0.18666666666666668
Image:0.13666666666666666
ActiveXObject:0.13333333333333333
ScriptEngineTest:0.10333333333333333
ContextListener:0.05333333333333334
