VerifierConfig:0.7933333333333333
Verifier:0.28
PrestoVerifier:0.19444444444444445
TestVerifierConfig:0.16
