BdbUriUniqFilter:0.9466666666666667
BdbUriUniqFilterTest:0.49333333333333335
