VFS:0.112322025
ThreadUtilities:0.08941782
jEdit:0.08534585
Buffer:0.08448047
WorkThreadPool:0.07519093
VFSBrowser:0.07406874
MiscUtilities:0.073699035
VFSFileChooserDialog:0.06260261
FileVFS:0.06033332
ServiceManager:0.056069992
EditBus:0.05269203
ErrorListDialog:0.050696064
BeanShell:0.045445528
SearchAndReplace:0.043201692
BrowserView:0.041149374
VFSFile:0.040262785
Log:0.038956307
BufferLoadRequest:0.03310569
DirectoryListSet:0.032701377
VFSUpdate:0.03187287
JARClassLoader:0.031382468
ManagePanel:0.030077696
StatusBar:0.029345766
BufferSaveRequest:0.02933243
UrlVFS:0.029173266
VFSDirectoryEntryTableModel:0.028948626
BufferInsertRequest:0.028150598
StandardUtilities:0.02757932
TextAreaTransferHandler:0.02746772
ListDirectoryBrowserTask:0.026862215
MkDirBrowserTask:0.026137892
FavoritesVFS:0.025569987
RenameBrowserTask:0.025447616
InstallPanel:0.025368571
HelpIndex:0.024603756
BufferAutosaveRequest:0.023431042
VFSDirectoryEntryTable:0.021970706
DeleteBrowserTask:0.021371838
BufferSetManager:0.020503204
IOProgressMonitor:0.019453757
SettingsReloader:0.01837282
Task:0.017724715
VFSFileNameField:0.017682828
SearchDialog:0.01619279
CloseDialog:0.01591677
LastModifiedWidgetFactory:0.014873925
BufferListSet:0.013946452
BrowserCommandsMenu:0.010415613
