DocumentEditor:0.6466666666666666
NewAnnotationAction:0.3433333333333333
