ApplicationEntityManagerImpl:0.42333333333333334
AddListTypeItemWindow:0.27977777777777774
RemoteObject:0.19333333333333333
Notifications:0.18
PropertyFactory:0.14333333333333334
ListTypeItemManagerDashboardWidget:0.12666666666666668
ListTypeManagerModule:0.12
AbstractProperty:0.12
OperationResultListener:0.0867222222222222
ListTypeItemsControlTable:0.07555555555555554
StringProperty:0.043333333333333335
PropertySheet:0.0
