ClusterStatsResponse:0.6766666666666666
TransportClusterStatsAction:0.3440555555555556
ClusterStatsTests:0.2844444444444445
