Farming:0.5433333333333333
GoodsManager:0.5366666666666666
Crop:0.43666666666666665
