Buffer:0.7433333333333333
BufferedSink:0.59
RealBufferedSink:0.2866666666666667
BufferedSinkTest:0.24
