TrainingElement:0.43
TrainingSet:0.39666666666666667
FlatNetworkPlugin:0.30333333333333334
SupervisedTrainingElement:0.21666666666666667
NeuralNetworkCODEC:0.18
