VFSDirectoryEntryTable:0.6166666666666667
MemoryStatus:0.5533333333333333
