IcmpMonitor:0.22833333333333333
HttpsMonitor:0.15
DnsMonitor:0.15
DhcpMonitor:0.13166666666666665
ImapMonitor:0.13166666666666665
CitrixMonitor:0.13166666666666665
SshMonitor:0.13166666666666665
TcpMonitor:0.13166666666666665
HttpMonitor:0.13166666666666665
FtpMonitor:0.13166666666666665
Pop3Monitor:0.13166666666666665
SmtpMonitor:0.13166666666666665
