PomBuilder:0.48333333333333334
ModuleType:0.4683333333333333
SourceSet:0.38
SourceType:0.29
ShlibModuleType:0.20333333333333334
SpecPlugin:0.145
