InvertedIndex:0.4072222222222222
InMemoryLookupCache:0.36666666666666664
BaseTextVectorizer:0.27
Word2Vec:0.2633333333333333
TextVectorizer:0.22166666666666668
LuceneInvertedIndex:0.21333333333333335
TfidfVectorizer:0.17666666666666667
Builder:0.14344444444444443
BagOfWordsVectorizer:0.0911111111111111
