Config:0.63
Style:0.41
DefaultBaseRenderer:0.3277777777777778
BaseFineEditor:0.29333333333333333
BaseEditorPanel:0.26
SeqAlignPanel:0.22666666666666666
