LdapModuleImpl:0.6833333333333333
NetFolderHelper:0.3233333333333333
DefaultProfileCoreProcessor:0.28
UserCoordinator:0.24333333333333335
