QueryStringQueryBuilder:0.43666666666666665
Settings:0.42
QueryParserSettings:0.33
SimpleQueryStringBuilder:0.32
MapperQueryParser:0.30666666666666664
SimpleQueryStringIT:0.24666666666666667
RestActions:0.23666666666666666
SimpleQueryStringBuilderTests:0.23333333333333334
SearchQueryIT:0.23333333333333334
ChildQuerySearchIT:0.19333333333333333
SimpleQueryParser:0.18666666666666668
QueryStringQueryBuilderTests:0.17333333333333334
