ViewContentProvider:0.5246666666666667
AstView:0.5133333333333333
AstUtility:0.37
AstViewConsole:0.25666666666666665
