RedisConnection:0.6205555555555555
RedissonTopic:0.3933333333333333
RTopic:0.26666666666666666
