FrameworkConfiguration:0.48
AppliConfiguration:0.4033333333333333
ARINC661App:0.365
LoadConfigurationAction:0.19666666666666668
JFXRunnable:0.14
SwingRunnable:0.11
