AbstractSearchAsyncAction:0.49333333333333335
SearchAfterIT:0.34
SearchQueryThenFetchAsyncAction:0.26
SearchDfsQueryThenFetchAsyncAction:0.25333333333333335
DfsSearchResult:0.23
SuggestSearchIT:0.21
AdjacencyMatrixIT:0.20666666666666667
GroupShardsIterator:0.19
