Peer:0.4722222222222222
TestUtils:0.29333333333333333
GetBlocksMessage:0.25
