Config:0.7111111111111111
JPF:0.49333333333333335
