Robolectric:0.52
SQLiteDatabaseTest:0.38333333333333336
ShadowSQLiteCursor:0.37
DatabaseConfig:0.35333333333333333
ShadowSQLiteDatabase:0.24
ShadowAbstractCursor:0.23333333333333334
SQLiteCursorTest:0.19
ShadowSQLiteProgram:0.08944444444444444
CursorAdapterTest:0.07
H2Map:0.04
NullDatabaseMap:0.03
DatabaseMapTest:0.01777777777777778
