WebCfgService:0.6688888888888889
WebCfgDelegate:0.5833333333333334
AuditRecordRepositoryFacade:0.26
