ImageWidget:0.5183333333333333
ActionZoom:0.48333333333333334
Content:0.46
FileBean:0.25333333333333335
