ObjectInputValue:0.72
CreateObjectComponent:0.4888888888888889
MakumbaDataHandler:0.24333333333333335
