UrlHelper:0.7833333333333333
DefaultUrlHelper:0.37777777777777777
DefaultUrlHelperTest:0.3333333333333333
BeanSelectionProvider:0.28
ServletUrlRenderer:0.21
