StreamInput:0.4633333333333333
IngestInfo:0.36333333333333334
ProcessorInfo:0.28
NodeInfo:0.22666666666666666
Stats:0.22
NodeInfoStreamingTests:0.2
IngestStats:0.14333333333333334
IOFunction:0.0011111111111111111
