OperationServiceImpl:0.5722222222222222
CollectionUtil:0.33166666666666667
CollectionUtilTest:0.24666666666666667
