Visitor:0.55
UpdateNode:0.35
RemoteCollectTask:0.2966666666666667
UpdateProjector:0.265
ProjectionToProjectorVisitor:0.23955555555555558
UpdateAnalyzedStatement:0.20333333333333334
