J2ObjC:0.7266666666666667
Options:0.6933333333333334
SourceFileGenerator:0.22
