CollectionContainer:0.32
CollectionPrepareOperation:0.2866666666666667
CollectionReserveRemoveOperation:0.23333333333333334
CollectionPrepareBackupOperation:0.23333333333333334
CollectionDataSerializerHook:0.20333333333333334
AbstractTransactionalCollectionProxy:0.19666666666666666
CollectionReserveAddOperation:0.18666666666666668
CollectionTransactionLog:0.18
CollectionService:0.12444444444444445
