SarosView:0.6166666666666667
VideoPlayerView:0.46866666666666673
