Decompiler:0.5783333333333334
MainWindow:0.2833333333333333
InputFile:0.21333333333333335
JadxWrapper:0.21
