AddressAndPort:0.5566666666666666
BytesExternalizableImpl:0.4
ProposedNodes:0.3466666666666667
NodeDiscoveryBroadcaster:0.28
DiscoveryCluster:0.25666666666666665
UdpSocketChannelEntryWriter:0.19666666666666666
UdpSocketChannelEntryReader:0.18333333333333332
KnownNodes:0.14
UDPEventListener:0.09
NodeDiscoveryBroadcasterTest:0.04
ConcurrentExpiryMap:0.03944444444444445
