Task:0.4322222222222223
MapPutRunnable:0.3055555555555556
ClientExecutorServiceInvokeTest:0.29333333333333333
ClientExecutorServiceSubmitTest:0.27666666666666667
ClientExecutorServiceExecuteTest:0.2633333333333333
ClientExecutorServiceTest:0.23666666666666666
NullCallable:0.1943968253968254
MapPutPartitionAwareRunnable:0.16111111111111112
ExecutionDelayTest:0.10666666666666667
