AnnotationUtils:0.7288888888888889
TestClassTester:0.4066666666666667
AbstractSuperTest:0.2322222222222222
