JnetManager:0.45666666666666667
NBNode:0.3433333333333333
MouseManager:0.25666666666666665
BallsRenderer:0.23
StatLis:0.2013095238095238
NodeInfoJdbc:0.19
HalosRenderer:0.07333333333333333
