Structure:0.5533333333333333
TestData:0.3433333333333333
Library:0.16777777777777778
StructureTest:0.03333333333333333
