FieldMapForInsert:0.6011111111111112
MergeImpl:0.38866666666666666
InsertQueryImpl:0.2816666666666667
