Targets:0.4866666666666667
Triggers:0.4866666666666667
