TrustLoginModule:0.63
AbstractScpService:0.5166666666666667
DicomSecurityService:0.44
DcmServerService:0.3466666666666667
AEServiceDelegate:0.05
DicomSecurityDelegate:0.05
