DeleteIndexTemplateRequest:0.7933333333333333
DeleteIndexTemplateRequestBuilder:0.18666666666666668
