RingbufferContainer:0.33666666666666667
RecordMigrationInfo:0.24
SpiDataSerializerHook:0.21033333333333334
UnmodifiableLazyList:0.20333333333333334
XATransactionDTO:0.19666666666666666
InternalCacheRecordStoreTest:0.17666666666666667
TransactionDataSerializerHook:0.14333333333333334
RingbufferDataSerializerHook:0.14333333333333334
RingbufferContainerSerializationTest:0.13666666666666666
CachePrimaryStateGetterOperation:0.13333333333333333
NullObject:0.13333333333333333
MapDataSerializerHook:0.13333333333333333
TrueEventFilter:0.13333333333333333
VersionedValue:0.11666666666666667
ReplicatedMapDataSerializerHook:0.09666666666666666
PredicateDataSerializerHook:0.08333333333333333
InternalCacheRecordStoreTestFactory:0.05305555555555556
