SdfResource:0.92
Structure2DView:0.33666666666666667
SdfResourcePropertySource:0.19666666666666666
SdfResourceFactory:0.023333333333333334
