BinderHelper:0.8633333333333333
ModifyEntryController:0.2866666666666667
AddEntryController:0.2866666666666667
