CSSValue:0.5133333333333333
CSSPrimitiveValue:0.5133333333333333
