Options:0.4163888888888889
StateJList:0.41333333333333333
Simulator:0.38
Editor:0.3466666666666667
MyMouseListener:0.06
