ParcelableGeneratorTest:0.6283333333333333
MemoryClassLoader:0.5432777777777779
