Mouse:0.5633333333333334
Win32Display:0.29915079365079367
MacOSXDisplay:0.29333333333333333
LinuxDisplay:0.27
DisplayImplementation:0.2275
