Structure:0.6666666666666666
CallbacksTest:0.32666666666666666
Function:0.28
