IntSupplier:0.3
NumberFunction:0.27051984126984113
OuterReferenceResolver:0.25666666666666665
ImplicitCaptures:0.23666666666666666
Rewriter:0.2
LambdaExpressionTest:0.19
LambdaTest:0.12666666666666668
DefaultMethodsTest:0.12666666666666668
CaptureTest2:0.02666666666666667
CaptureTest1:0.02666666666666667
ComplexLambda:0.0
