ReplicatingCluster:0.5033333333333333
AbstractChannelReplicator:0.46
TcpReplicator:0.3
UdpReplicator:0.27166666666666667
AbstractConnector:0.265
ChronicleChannel:0.2253333333333333
