AbstractRdtCompiler:0.8958888888888888
CompilationParticipantResult:0.32166666666666666
