Uploading:0.67
BufferRing:0.34
UploadingUnitTest:0.2966666666666667
FastUploading:0.25333333333333335
UploadAdaptor:0.22333333333333333
UploadingSpeedTest:0.13666666666666666
UploadInfo:0.053888888888888896
SimpleUploading:0.05111111111111111
