ClientInvocation:0.5
ClientSmartInvocationServiceImpl:0.26
ClientConnectionManagerImpl:0.24333333333333335
ClientMapReduceProxy:0.24
ClientTrackableJob:0.21611111111111114
HeartBeat:0.21333333333333335
ClientConnectionTest:0.16666666666666666
ClientCompletableFuture:0.15111111111111108
ClientJob:0.12333333333333334
ClientConnectionManager:0.11920634920634922
ClientCancellableDelegatingFuture:0.07
ClientAddressCancellableDelegatingFuture:0.0033333333333333335
ClientPartitionCancellableDelegatingFuture:0.0033333333333333335
