UserDataVO:0.7466666666666667
EjbcaWSTest:0.41
CommonEjbcaWS:0.3933333333333333
CaTestCase:0.26
CertReqHistoryData:0.20333333333333334
UserDataTest:0.07666666666666666
