Py:0.6533333333333333
Module:0.37333333333333335
imp:0.35833333333333334
PyFrame:0.3433333333333333
PyTableCode:0.33666666666666667
CodeCompiler:0.31
__builtin__:0.25666666666666665
PythonInterpreter:0.22333333333333333
ScopesCompiler:0.22
ScopeInfo:0.20333333333333334
PyCodeConstant:0.17
InteractiveInterpreter:0.15333333333333332
Future:0.11
codeop:0.07333333333333333
CompilerFlags:0.03666666666666667
