IncrementalStatistics:0.39666666666666667
ShortDate:0.27
LongDate:0.27
DatesTest:0.25
GenericRiskStatistics:0.19
ISODate:0.1589126984126984
GaussianStatistics:0.01
