BaseMultiLayerNetwork:0.5766666666666667
BackPropOptimizer:0.17666666666666667
WeightInitUtil:0.16333333333333333
DBNTest:0.15
BackPropOptimizerTests:0.15
