StatementGeneratorTest:0.7296111111111112
BindingUtil:0.5346666666666667
