ConvolutionInputPreProcessor:0.5166666666666667
ConvolutionPostProcessor:0.3233333333333333
ComposableOutputPostProcessor:0.31
