FileSnapshot:0.79
DataService:0.4033333333333333
DataExtractorService:0.33666666666666667
FileSyncService:0.21916666666666668
FileSyncServiceSqlMap:0.20111111111111113
FileSnapshotMapper:0.06
