HibernateUtil:0.5966666666666667
AppTest:0.27666666666666667
BaseEntity:0.23666666666666666
SpellDaoImpl:0.10833333333333334
