ProcessDefinition:0.30333333333333334
SystemProperties:0.26
Variable:0.2555555555555556
ProcessLogs:0.235
DefinitionService:0.22337301587301586
AuditLogic:0.20333333333333334
VariableCreateLog:0.17633333333333334
VariableUpdateLog:0.17633333333333334
DefinitionServiceDelegate:0.16
ProcessLogFilter:0.16
VariableLog:0.14666666666666667
ProcessLogDAO:0.13333333333333333
DefinitionLogic:0.11333333333333333
DefinitionServiceBean:0.08666666666666667
