TestExternal6:0.2977777777777778
TestExternal5:0.2977777777777778
TestExternal4:0.2977777777777778
TestExternal3:0.2977777777777778
