Graph:0.43666666666666665
MangoInvokeInstruction:0.33166666666666667
MangoInstruction:0.32
LoopVertex:0.2783333333333333
Graph2DViewCreateRequestMsg:0.25666666666666665
SimpleLoopPath:0.22
LoopGraph:0.21333333333333335
BackupAlg:0.1475
