XMLDocumentTest:0.6433333333333333
Sarissa099Test:0.4666666666666667
XmlPage:0.4066666666666667
