DriverConductor:0.4533333333333333
SendChannelEndpoint:0.4166666666666667
Sender:0.2733333333333333
MultiDestinationCastTest:0.17833333333333334
SenderProxy:0.1
