SqlTaskExecution:0.4666666666666667
DriverFactory:0.26
DriverOperator:0.25
SplitWorker:0.23333333333333334
SqlTaskManager:0.21333333333333335
TestExchangeClient:0.20333333333333334
LocalQueryRunner:0.20333333333333334
TestSqlTaskManager:0.15333333333333332
DriverOperatorIterator:0.14666666666666667
ServerMainModule:0.14
MaterializedOutputFactory:0.01
InMemoryExchangeOutputFactory:0.0033333333333333335
