MockRequestContext:0.3983333333333333
FlowExecutionControlContextImpl:0.38333333333333336
RequestContext:0.34
