Config:0.6166666666666667
GenericError:0.37
ListenerResult:0.33
MongoMapStore:0.30333333333333334
AbstractReplicatedRecordStore:0.25333333333333335
MembershipEvent:0.22949999999999998
SpringXmlConfigBuilder:0.22333333333333333
ScriptExecutorOperation:0.19666666666666666
ClientConfig:0.19333333333333333
InstanceFuture:0.19
ClusterServiceImpl:0.19
ReplicatedMapTest:0.16666666666666666
HazelcastCache:0.16666666666666666
MemberAttributeChangedOperation:0.14666666666666667
SimpleFunctionalMapTest:0.13666666666666666
TheNode:0.12
GenericClientExceptionConverter:0.07666666666666666
