EditorPanel:0.5633333333333334
UACDSHandler:0.37
FrameworkConfiguration:0.36333333333333334
EditorEngine:0.31
UACDSConfiguration:0.2966666666666667
AbstractEditorPanel:0.24333333333333335
ARINC661App:0.24
AbstractClientEngine:0.24
MenuFactory:0.22333333333333333
ApplyScriptAction:0.19
SwingEditorPanel:0.18666666666666668
AbstractEditorEngine:0.17333333333333334
JFXEditorPanel:0.13
UACDSSettings:0.08
OpenUACDSAction:0.06
CommonConstants:0.0
