PaymentControllerUtils:0.4533333333333333
CheckoutController:0.4266666666666667
WirecardCCPaymentController:0.2613888888888889
WirecardEFTPaymentController:0.2225
PayPalPaymentController:0.18805555555555556
InvoicePaymentController:0.15666666666666668
