JaasAuthenticationProvider:0.9033333333333333
JaasAuthenticationProviderTests:0.3566666666666667
