ImgRecTestTopComponent:0.7333333333333333
ImageRecognitionWizardPanel2:0.4166666666666667
IMRWizardIterator:0.2733333333333333
