RescueSalvageVehicle:0.5866666666666667
MissionDataBean:0.43666666666666665
RendezvousVehiclePanel:0.24666666666666667
CreateMissionWizard:0.22333333333333333
