SymphonyServletListener:0.7066666666666667
CommentMgmtService:0.25
Pointtransfer:0.14983333333333335
EventTypes:0.14983333333333335
