TopologyViewScene:0.5133333333333333
TopologyViewTopComponent:0.38
RemoveSDHBusinessObjectFromViewAction:0.18333333333333332
SDHModuleActionsFactory:0.14333333333333334
DisaggregateTransportLinkAction:0.08666666666666667
EdgePopupMenuProvider:0.006666666666666667
