AttributeFilterLoader:0.43666666666666665
SeriesBean:0.28
StudyBean:0.28
InstanceBean:0.28
PatientBean:0.23666666666666666
