RowImpl:0.4166666666666667
AbstractField:0.31333333333333335
InCondition:0.26666666666666666
Native:0.2
RowSubqueryCondition:0.11666666666666667
RowInCondition:0.11666666666666667
SelectQueryAsSubQueryCondition:0.11333333333333333
