PluginInfo:0.6233333333333333
PluginManagerTests:0.4033333333333333
PluginHandle:0.29
PluginManager:0.23666666666666666
PluginInfoTests:0.22333333333333333
