SlidingTableTag:0.4266666666666667
ViewController:0.25666666666666665
WebKeys:0.22033333333333333
SAbstractForumController:0.20333333333333334
FilterHelper:0.19
ObjectKeys:0.06916666666666667
