CADataHandler:0.49
RAInterfaceBean:0.4
AccessRuleManagementSessionLocal:0.3641111111111111
CAActivationMBean:0.28
CAInterfaceBean:0.27166666666666667
AccessRuleManagementSessionBean:0.25083333333333335
AccessUserAspectManagerSessionBean:0.21583333333333332
AccessUserAspectManagerSessionLocal:0.19661111111111113
ComplexAccessControlSessionBean:0.12333333333333334
ComplexAccessControlSessionLocal:0.09166666666666666
