DataPoint:0.5616666666666666
VPTree:0.4266666666666667
VpTreeNodeTest:0.4166666666666667
LeNet:0.19666666666666666
VPTreeFillSearch:0.15444444444444444
