AbstractServiceValidateControllerTests:0.4866666666666667
RegisteredServiceAccessStrategyUtils:0.44461111111111107
AbstractServiceValidateController:0.41
