ExecutionContext:0.7533333333333333
ItemOrientedStep:0.33
StepExecutionRowMapper:0.19666666666666666
AbstractStepDaoTests:0.19666666666666666
