MemberCall:0.4669444444444444
HazelcastClusterTest:0.43333333333333335
Migrator:0.29
