MBOEGroup:0.5433333333333333
VBoeGen:0.4066666666666667
Doc_Allocation:0.3933333333333333
