MPanel:0.0863906
MPasswordPanel:0.04476881
MAboutDialog:0.04101719
MSeparator:0.024695551
MLabel:0.018802548
MRenderer:0.007912074
WTFError:0.006898404
