MProxyImpl:0.61
RemoveOperation:0.4266666666666667
MapProxy:0.42333333333333334
BasePutOperation:0.30333333333333334
