Layer:0.8233333333333334
KerasBatchNormalization:0.29111111111111115
TestConstraints:0.23
