SubServlet:0.6466666666666666
ConnectionFactory:0.5166666666666667
Add:0.25
AddGene:0.21333333333333335
AddPubSource:0.13333333333333333
AddProtocol:0.08
DelegatorServlet:0.006666666666666667
