MethodVisitorTee:0.688888888888889
ClassVisitorTee:0.32
FieldVisitorTee:0.16666666666666666
