Msg:0.57
ConstructionMissionCustomInfoPanel:0.3466666666666667
ConstructionProjectPanel:0.31666666666666665
