CachingLogic:0.7066666666666667
WrongAccessTransaction:0.29833333333333334
SubstitutionCacheStateCtrl:0.21666666666666667
