PageProcessorCompiler:0.4033333333333333
GenericPageProcessor:0.23666666666666666
DoubleFilter:0.17333333333333334
TrueFilterFunction:0.17333333333333334
InterpretedFilterFunction:0.16666666666666666
TestPageProcessorCompiler:0.14666666666666667
FilterFunction:0.013333333333333334
