DSLContext:0.5833333333333334
DSL:0.41333333333333333
ParserImpl:0.37
DefaultDSLContext:0.34
Keywords:0.08666666666666667
