Actor:0.47333333333333333
Stage:0.41333333333333333
Group:0.35333333333333333
Widget:0.29111111111111115
Button:0.2733333333333333
Window:0.24333333333333335
Table:0.22
ScrollPane:0.20583333333333334
Pools:0.18
SnapshotArray:0.17
MyActor:0.12
UITest:0.12
TouchFocus:0.06
TableLayoutTest:0.03333333333333333
