FederationLink:0.6766666666666666
FederationConnector:0.38
FederationListener:0.2716666666666667
