NettyAsyncHttpProvider:0.5666666666666667
HttpToHttpsRedirectTest:0.36333333333333334
ApacheClientRunnable:0.24333333333333335
