StudyBean:0.48
SeriesBean:0.44666666666666666
UpdateDerivedFieldsUtils:0.16666666666666666
StudyDerivedFieldsUpdater:0.13
SeriesDerivedFieldsUpdater:0.12333333333333334
