ObjectKeys:0.4976111111111112
GwtViewHelper:0.37
FolderColumn:0.3233333333333333
SearchUtils:0.31333333333333335
AbstractBinderProcessor:0.28
FieldBuilderUtil:0.08333333333333333
