InternalServiceProcess:0.7933333333333333
ServiceProcess:0.6033333333333334
QedeqFileDao:0.56
DefaultInternalKernelServices:0.3333333333333333
ModuleLabelsCreator:0.2733333333333333
ServicePercentage:0.2636150793650792
ControlVisitor:0.2633333333333333
ServiceProcessImpl:0.23666666666666666
Qedeq2Xml:0.22666666666666666
DynamicHeuristicCheckerExecutor:0.20666666666666667
XmlQedeqFileDao:0.20666666666666667
SimpleProofFinderExecutor:0.20666666666666667
FormalProofCheckerExecutor:0.205
Qedeq2UnicodeVisitor:0.19111111111111112
HeuristicCheckerExecutor:0.19
Qedeq2LatexExecutor:0.18333333333333332
Qedeq2Utf8Executor:0.18333333333333332
WellFormedCheckerExecutor:0.18
GenerateUtf8Test:0.17666666666666667
QedeqBoFactoryAssert:0.17
Xml2Xml:0.17
QedeqBoFactoryTest:0.16666666666666666
FormulaCheckerContextTest:0.16666666666666666
ServiceProcessManager:0.162
QedeqBoDuplicateLanguageChecker:0.16044444444444445
LoadDirectlyRequiredModulesExecutor:0.13
QedeqBoFormalLogicCheckerDirectTest:0.13
LoadRequiredModulesExecutor:0.08583333333333333
Qedeq2UnicodeTextExecutor:0.07333333333333333
PluginExecutor:0.058333333333333334
