InstallOptions:0.78
FedoraHome:0.4533333333333333
XACMLPolicy:0.36333333333333334
