Property:0.5766666666666667
Entity:0.4647619047619048
Copy:0.4033333333333333
Clipboard:0.31
Callback:0.19333333333333333
ActionPaste:0.17
