MethodSecurityInterceptorTests:0.57
NullRunAsManagerTests:0.4166666666666667
MockMethodDefinitionSource:0.29
NullRunAsManager:0.21333333333333335
