ShardCollectService:0.52
TransportSQLActionTest:0.3688888888888889
Planner:0.31
AbstractStatementAnalyzer:0.25333333333333335
MapSideDataCollectOperation:0.18333333333333332
TestModule:0.05
