YuiTest:0.40166666666666667
Sarissa0993Test:0.3275
Prototype150rc1Test:0.2866666666666667
Prototype160Test:0.2866666666666667
