CMap:0.69
PartitionManager:0.24333333333333335
ConcurrentMapManager:0.22333333333333333
MRemove:0.22
DataRecordEntry:0.14666666666666667
ClientAuthenticateHandler:0.10666666666666667
