RestartingMemberIterator:0.5266666666666666
ChainingFuture:0.4968888888888889
ChainingFutureTest:0.34
AddDynamicConfigOperation:0.30333333333333334
InvocationUtil:0.22666666666666666
