Protocol:0.41333333333333333
Jedis:0.36
Client:0.2633333333333333
JedisCommands:0.23666666666666666
BinaryClient:0.22666666666666666
Transaction:0.22
ShardedJedis:0.16
BinaryJedis:0.13333333333333333
BitCommandsTest:0.07666666666666666
