VFSBrowser:0.15834586
BrowserView:0.05163025
VFSFile:0.040397163
GUIUtilities:0.0398416
VFS:0.03979225
jEdit:0.036124934
VFSManager:0.023340248
MiscUtilities:0.023092037
MenuItemTextComparator:0.006368725
