HazelcastCacheManager:0.6283333333333333
HazelcastClientCachingProvider:0.4216666666666667
HazelcastServerCacheManager:0.3175
HazelcastClientCacheManager:0.305
