ExecutorDAOHibernateImpl:0.525
JbpmCommonLogic:0.42444444444444446
ProcessInstanceVariablesRowBuilder:0.24333333333333335
