MailProvider:0.47333333333333333
Label:0.4266666666666667
MailsPresenter:0.2733333333333333
MenuPresenter:0.24666666666666667
MenuFragment:0.21333333333333335
MenuView:0.165
MailsFragment:0.15
DetailsPresenter:0.10666666666666667
MailsView:0.0
