StepperPanel:0.6627777777777778
ShapePanel:0.2833333333333333
