RDocUtility:0.5466666666666666
RubyInvoker:0.36333333333333334
RiDocHoverProvider:0.19333333333333333
