ProfileAttribute:0.6133333333333333
ProfileAttributeWidget:0.2505555555555556
ProfileMainPanel:0.22
GwtProfileHelper:0.17
ProfileAvatarArea:0.12166666666666667
ModifyAvatarDlg:0.043333333333333335
