Viewer:0.62
SelectionManager:0.39666666666666667
JnetFilterObserver:0.2633333333333333
