ConflictDetectedException:0.5866666666666667
NoOpServerNodeLocker:0.5866666666666667
SyncConfig:0.47
SyncJob:0.44333333333333336
SyncStatus:0.29
LocalTransportConnector:0.12666666666666668
TypedProperties:0.10666666666666667
SyncJobTest:0.04666666666666667
