TaskOwnerTDBuilder:0.38666666666666666
ListTasksFormTag:0.35333333333333333
TaskClassPresentation:0.33
