AttributeCoercion:0.6866666666666666
CoercionCondition:0.30666666666666664
MyHandler:0.23
GeneralCoerce:0.10666666666666667
Coerce:0.0725
LiteralCoerce:0.03333333333333333
CopyCoerce:0.03333333333333333
Entry:0.0
