ISymmetricEngine:0.8633333333333333
AbstractSymmetricEngine:0.32
TestSetupUtil:0.30333333333333334
