SearchModule:0.6194444444444445
MatchQueryBuilderTests:0.18933333333333333
