LineItem:0.6366666666666667
Order:0.39
PersistentListTest:0.31666666666666665
