SlidrConfig:0.8033333333333333
Builder:0.5633333333333334
SliderPanel:0.31333333333333335
ViewerActivity:0.16666666666666666
