Builder:0.5533333333333333
HelloWorldApplication:0.30333333333333334
AuthFilterBuilder:0.22333333333333333
ChainedAuthTestResourceConfig:0.15666666666666668
BasicAuthTestResourceConfig:0.11
