Elvin:0.7266666666666667
ElvinOptions:0.4483333333333333
