BulkRequest:0.4766666666666667
ShardTransportHandler:0.40303174603174596
IndicesRequestTests:0.3933333333333333
TransportUpdateAction:0.29333333333333333
InstanceShardOperationRequest:0.2633333333333333
AsyncSingleAction:0.26100000000000007
TransportInstanceSingleOperationAction:0.19333333333333333
