GenericAnnotationI:0.7466666666666667
EvidenceFinder:0.48333333333333334
DrawableSeqFeature:0.48
TestLoader:0.4294444444444444
AnnotatedFeatureSet:0.3
AnnotationView:0.3
DrawableFeatureSet:0.2833333333333333
GenericAnnotation:0.2833333333333333
DrawableAnnotatedSeqFeature:0.25333333333333335
FeatureView:0.23
ApolloPanel:0.21
StrandedZoomableApolloPanel:0.21
FeatureTreePanel:0.20666666666666667
DrawableAnnotatedFeatureSet:0.18333333333333332
ExonHolder:0.18
GenericAnnotationSet:0.16333333333333333
HelpMenu:0.14
