Materialisation:0.7766666666666666
EdgeBundle:0.6366666666666667
EquationSystem:0.36666666666666664
