BaseHeaderActivity:0.601111111111111
DouBanTopActivity:0.30388888888888893
ViewHolder:0.2833333333333333
