SimpleAsyncHttpClient:0.6966666666666667
SimpleAsyncClientErrorBehaviourTest:0.41333333333333333
SimpleAsyncHttpClientTest:0.3433333333333333
