DiscoveryRequest:0.6266666666666667
JUnit5:0.38333333333333336
DiscoveryRequestBuilder:0.24666666666666667
DiscoveryRequestBuilderTests:0.22666666666666666
ClassFiltersTests:0.18333333333333332
TestPlanSpecificationCreatorTests:0.13
LauncherTests:0.12666666666666668
AllClassFilters:0.12666666666666668
JUnit5TestEngine:0.11333333333333333
ClassFilter:0.08666666666666667
EngineFilterBuilder:0.05738095238095237
PredicateBasedClassFilter:0.04
ClassNameFilter:0.04
