QueryCache:0.5733333333333334
FindSubjectsHandler:0.45
QueryCacheItem:0.2966666666666667
EMPIAdapter:0.14583333333333334
BaseEMPIAdapter:0.13666666666666666
