SumFragmentWorker:0.35333333333333333
QueryResource:0.27666666666666667
SumFragmentMaster:0.21944444444444447
QueryFragmentRequest:0.21333333333333335
StaticQueryManager:0.15333333333333332
SimpleQueryManager:0.14
QueryManager:0.08333333333333333
