JsUtils:0.6066666666666667
HttpProtocol:0.4033333333333333
FileService:0.31333333333333335
JsonRpcProtocol:0.16
JsonUtilsService:0.14333333333333334
