JdkESLogger:0.37833333333333335
Log4jESLogger:0.37666666666666665
LoggingConfigurationTests:0.31
Slf4jESLogger:0.20333333333333334
LogConfigurator:0.043333333333333335
JdkESLoggerFactory:0.013333333333333334
