StaxEventXmlReader:0.7669444444444444
StaxStreamXmlReader:0.5736666666666667
