ServerDescription:0.82
ServerMonitor:0.25666666666666665
BaseCluster:0.21666666666666667
ServerDescriptionTest:0.08
