WebserviceBeanRemote:0.48
Kuwaiba:0.44666666666666666
WebserviceBean:0.4266666666666667
UserInfo:0.404
ViewInfo:0.27
ViewInfoLight:0.07666666666666666
Constants:0.03305555555555555
