RedissonMap:0.43
RedissonList:0.38333333333333336
Redisson:0.3466666666666667
RedissonSet:0.21666666666666667
