AccessControlListTag:0.4666666666666667
AbstractAuthorizeTag:0.44333333333333336
HttpSessionEventPublisher:0.21333333333333335
AbstractAuthorizeTagTests:0.16666666666666666
AccessControlListTagTests:0.07
HttpSessionEventPublisherTests:0.06333333333333334
