NodeInfoJdbc:0.32666666666666666
DatabaseList:0.30333333333333334
DataLoader:0.29
XMLio:0.21
DbChangeLis:0.065
