VehicleMission:0.6266666666666667
Mission:0.6133333333333333
CollectResourcesMission:0.25333333333333335
Trade:0.225
TradeUtil:0.22
TravelToSettlement:0.21111111111111108
RescueSalvageVehicle:0.2
