ListenerUtil:0.21666666666666667
RemoveRequest:0.21333333333333335
AddAllRequest:0.21333333333333335
MultiMapKeyBasedRequest:0.21333333333333335
PutRequest:0.21333333333333335
ClientReplicatedMapRemoveEntryListenerRequest:0.16333333333333333
MapLockRequest:0.16333333333333333
AddEntryListenerRequest:0.16333333333333333
ClientCallFuture:0.16333333333333333
AddMessageListenerRequest:0.16333333333333333
ClientReplicatedMapAddEntryListenerRequest:0.16333333333333333
AbstractMapAddEntryListenerRequest:0.16333333333333333
ClientConnectionManagerImpl:0.16
