HashMap:0.4533333333333333
RadixTree:0.30666666666666664
TrieMap:0.24666666666666667
DataStructures:0.22
RadixNode:0.16
MapNode:0.15333333333333332
TrieMapPrinter:0.13
RadixTreePrinter:0.025
