MProxyImpl:0.45666666666666667
BaseVariables:0.45
ThreadContext:0.44666666666666666
Node:0.44333333333333336
CommitPoll:0.19
