UniversalIsomorphismTester:0.7633333333333333
UniversalIsomorphismTesterTest:0.36333333333333334
