ExplorerTopComponent:0.5383333333333333
CreateNeuralNetworkFileService:0.36
ExplorerNeuralNetworkNode:0.32666666666666666
NeurophProjectLogicalView:0.32
