RBatch:0.8533333333333334
RedissonBatch:0.7216666666666667
