TicketGrantingTicket:0.4633333333333333
DefaultSecurityTokenTicketFactory:0.38
CoreWsSecuritySecurityTokenServiceConfiguration:0.31
WSFederationValidateRequestCallbackController:0.23333333333333334
BaseWSFederationRequestController:0.22333333333333333
DefaultRefreshTokenFactory:0.19666666666666666
DefaultAccessTokenFactory:0.19666666666666666
TicketGrantingTicketImpl:0.19
OAuth20AccessTokenEndpointController:0.14666666666666667
SecurityTokenTicketFactory:0.11666666666666667
