InsertFromValuesAnalyzer:0.9261111111111112
AbstractInsertAnalyzer:0.48833333333333334
