MarsClock:0.5266666666666666
EarthClock:0.42333333333333334
Robot:0.37333333333333335
MasterClock:0.2966666666666667
PowerStorage:0.2966666666666667
SimulationConfig:0.29
Person:0.27666666666666667
PowerGrid:0.27
BuildingPanelPowerStorage:0.18666666666666668
TimeWindow:0.16333333333333333
