Receiver:0.44333333333333336
Context:0.34
SenderChannel:0.33566666666666667
MediaConductor:0.23166666666666666
ReceiverTest:0.21666666666666667
ControlFrameHandler:0.215
UdpTransport:0.21444444444444447
ReceiverProxy:0.14
