FileSyncService:0.46
DataService:0.39
FileSyncZipDataWriter:0.24666666666666667
AbstractTest:0.21
FileSyncTest:0.17666666666666667
FileSyncPushUriHandler:0.12
FileSyncDataRouter:0.12
