Links:0.49666666666666665
AppAttrInjector:0.44666666666666666
NutDao:0.27666666666666667
