CorpusManager:0.5266666666666666
Partition:0.49666666666666665
Specificites:0.3566666666666667
Focus:0.26666666666666666
AbstractCorpus:0.14
CqpQueryConstant:0.10838095238095237
