FormalProofLineVo:0.5333333333333333
FormalProofLine:0.4415119047619047
ModusPonensVo:0.4066666666666667
ModusPonens:0.24388888888888885
Reason:0.24388888888888885
