FormulaCheckerGlobalTest:0.47333333333333333
FormulaCheckerFunctionTermTest:0.4672222222222222
FormulaCheckerTermTest:0.3466666666666667
FormulaCheckerFormulaTest:0.23
KernelBoLogicTestSuite:0.21
