MetaProperty:0.7233333333333334
ReportValidate:0.26666666666666666
TestCardinality:0.24333333333333335
