WebApplication:0.8066666666666666
ActionMethodParserTest:0.22666666666666666
MyWebApplication:0.16633333333333333
ActionResultTest:0.14333333333333334
ActionPathMapperTest:0.14
ParamTest:0.13
