Result:0.9433333333333334
ResultImpl:0.365
FetchTests:0.31333333333333335
