Http2ConnectionTest:0.41
Http2Test:0.38666666666666666
Http2Reader:0.3433333333333333
MockHttp2Peer:0.24
ReaderRunnable:0.23666666666666666
