PySystemState:0.6733333333333333
jython:0.30333333333333334
PyBaseCode:0.2833333333333333
PyTableCode:0.2633333333333333
