EverythingExists:0.43666666666666665
PredicateConstant:0.39
FunctionConstant:0.39
FormulaCheckerImpl:0.36333333333333334
HigherLogicalErrors:0.011111111111111112
