LocalAuthorizationSessionBean:0.38666666666666666
LocalAuthenticationSessionBean:0.31666666666666665
CreateCRLSessionBean:0.31666666666666665
LocalPublisherSessionBean:0.31333333333333335
RSASignSessionBean:0.2633333333333333
