ProvisionException:0.6411111111111112
LateBoundConstructor:0.5166666666666667
