Display:0.48333333333333334
WindowsDisplay:0.4533333333333333
LinuxDisplay:0.43333333333333335
MacOSXDisplay:0.33666666666666667
DisplayImplementation:0.24666666666666667
