Broadcaster:0.6866666666666666
AtmosphereServlet:0.45
Filter:0.36333333333333334
AtmosphereHandler:0.33199999999999996
DefaultBroadcaster:0.3233333333333333
AtmospherePing:0.29333333333333333
DefaultBroadcasterFactory:0.27666666666666667
WebSocketAtmosphereHandler:0.2305555555555555
AbstractBroadcasterProxy:0.20333333333333334
AsynchronousProcessor:0.19666666666666666
BaseTest:0.19
AtmosphereHandlerWrapper:0.16666666666666666
JMSBroadcaster:0.15666666666666668
JerseyBroadcasterUtil:0.12
TwitterAtmosphereHandler:0.085
AtmospherePingSupport:0.07833333333333334
AppEngineAtmosphereHandler:0.056666666666666664
CounterLongPollingAtmosphereHandler:0.013333333333333334
TTTHandler:0.013333333333333334
FlickrAtmosphereHandler:0.013333333333333334
