NodeInformationAction:0.6866666666666666
JMXNodeConnectionWrapper:0.5177777777777778
TreeTableMouseListener:0.2633333333333333
