ReferenceDDLUtils:0.62
TableDDLUtils:0.47333333333333333
ViewDDLUtils:0.27
TableUMLNotation:0.20333333333333334
ColumnUMLNotation:0.12666666666666668
