ShaderProgram:0.51
VertexArray:0.22333333333333333
VertexBufferObjectSubData:0.22
VertexBufferObject:0.22
IndexBufferObjectSubData:0.21333333333333335
IndexBufferObject:0.21333333333333335
ScreenUtils:0.13333333333333333
