Endpoints:0.4655555555555556
CasConfigurationMetadataServerController:0.39666666666666667
ConfigurationSearchResults:0.28
CasCoreConfigurationMetadataConfiguration:0.19333333333333333
