TestAPIM2:0.5666666666666667
TestRESTAPI:0.5455555555555556
AllSystemTestsConfigA:0.27666666666666667
