AbstractOperation:0.45666666666666667
Http2Negotiator:0.37
OkHttpClientStream:0.31555555555555553
HttpClientStream:0.28
