HTMLElement:0.8333333333333334
HTMLInputElement:0.34838888888888886
