RequestScopeInjector:0.6155555555555555
ScopeDataResolver:0.47388888888888886
