TransportSQLActionClassLifecycleTest:0.5033333333333333
GeoPointType:0.26666666666666666
ScalarFunctionModule:0.25
GeoPointTypeTest:0.07666666666666666
