DefaultNameAdapter:0.49
FlyNameAdapter:0.4633333333333333
ApolloNameAdapterI:0.18111111111111108
SimpleOverlap:0.1
ORF_Overlap:0.056666666666666664
OverlapI:0.0011111111111111111
