Ingest:0.44333333333333336
Export:0.36666666666666664
FOXMLDOSerializer:0.27
Cache:0.25
BatchBuildGUI:0.22666666666666666
BatchIngest:0.21166666666666667
TestLockingFollowingJournalReader:0.20666666666666667
DemoSOAPClient:0.20333333333333334
BatchModifyParser:0.20166666666666666
TestAPIM:0.19333333333333333
AutoBatchBuild:0.19138888888888891
AutoExporter:0.19
TestCommandLineUtilities:0.19
TestOAIService:0.185
BatchXforms:0.185
BatchIngestGUI:0.18333333333333332
BatchBuildIngestGUI:0.17666666666666667
FedoraServerTestCase:0.16183333333333333
ObjectFormatDialog:0.15333333333333332
ExportOptionsDialog:0.13333333333333333
AutoBatchIngest:0.12333333333333334
AutoBatchBuildIngest:0.12333333333333334
OneEmptyObjectTestSetup:0.11666666666666667
ValidateXMLSchemaTest:0.11333333333333333
FOXMLInOutTest:0.07666666666666666
METSToFOXMLTest:0.07666666666666666
CreateAction:0.07666666666666666
