Sys:0.6433333333333333
Display:0.4866666666666667
BaseAL:0.2
GLCaps:0.16333333333333333
