Operation:0.6687777777777778
CommCore:0.5736666666666667
