Email:0.5766666666666667
EmailAttachment:0.5466666666666666
SendMailSession:0.30333333333333334
