AddressBookDoCoMoResultParser:0.5466666666666666
ResultParser:0.45166666666666666
AbstractDoCoMoResultParser:0.3
