BalloonTip:0.54
BuildingPanelFarming:0.4866666666666667
CenteredPositioner:0.44666666666666666
BuildingPanel:0.295
TaskSchedule:0.22
BasicBalloonTipPositioner:0.19666666666666666
TabPanelCooking:0.16694444444444445
ModernBalloonStyle:0.16
PopUpUnitMenu:0.153
TabPanelActivity:0.14077777777777775
TabPanelCareer:0.13105555555555556
BuildingFunctionPanel:0.1211111111111111
RoundedBalloonStyle:0.12
PromptComboBoxRenderer:0.11333333333333333
TabPanelSchedule:0.11
CustomBalloonTip:0.11
BarChartDemo7:0.10666666666666667
TabPanelFavorite:0.09933333333333333
VerticalLabelUI:0.08
TexturedBalloonStyle:0.07333333333333333
TreeNodeBalloonTip:0.07333333333333333
MinimalBalloonStyle:0.07
BalloonTipStyle:0.06666666666666667
BalloonTipPositioner:0.06666666666666667
ListItemBalloonTip:0.04
TableCellBalloonTip:0.04
FadingUtils:0.02666666666666667
ToolTipUtils:0.02666666666666667
BalloonToolTip:0.02666666666666667
IsometricBalloonStyle:0.02
EdgedBalloonStyle:0.016666666666666666
TimingUtils:0.006666666666666667
ToolTipBalloonStyle:0.0033333333333333335
ComboboxToolTipRenderer:0.0
RightAbovePositioner:0.0
RightBelowPositioner:0.0
LeftAbovePositioner:0.0
LeftBelowPositioner:0.0
