GemManager:0.5583333333333333
IGemManager:0.44666666666666666
