LdapAuthenticationProvider:0.45666666666666667
DefaultLdapAuthoritiesPopulator:0.37333333333333335
DefaultInitialDirContextFactory:0.31333333333333335
AbstractLdapAuthenticator:0.24333333333333335
BindAuthenticator:0.19077777777777777
