Seq:0.42333333333333334
List:0.3933333333333333
Iterator:0.39
CharSeqTest:0.36666666666666664
AbstractTraversableTest:0.25666666666666665
TraversableOnce:0.22333333333333333
AbstractSeqTest:0.2
AbstractIterator:0.051455026455026455
Iterable:0.028333333333333332
