TarEntrySupplicant:0.44166666666666665
TarFileInputStream:0.3555555555555555
TarReader:0.31666666666666665
TarGenerator:0.19
TarHeaderFields:0.09222222222222222
