AdminProcessor:0.49166666666666664
NotificationMgmtService:0.44333333333333336
NotificationQueryService:0.32222222222222224
