MetaComponent:0.61
MapFacade:0.29583333333333334
EntityTab:0.29
CodeGenerator:0.25
MetaEjbImpl:0.20666666666666667
EJBCodeGenerator:0.07666666666666666
