BlojsomServlet:0.7533333333333333
CompressionFilter:0.5021666666666667
BlojsomConstants:0.014071428571428572
