ArrayUtils:0.42333333333333334
UnsafeBuffer:0.33666666666666667
ByteArrayObjectDataInput:0.28
ByteArrayObjectDataOutput:0.28
ArrayUtilsTest:0.22333333333333333
