StatelessMapClient:0.7166666666666667
StatelessMapClientTest:0.20333333333333334
