VocabWork:0.5733333333333334
LabelAwareListSentenceIterator:0.24
LabelAwareUimaSentenceIterator:0.08
LabelAwareFileSentenceIterator:0.08
LabelAwareSentenceIterator:0.043333333333333335
