GaussianInputWriter:0.3233333333333333
MDLRXNWriter:0.30333333333333334
MDLRXNV3000Reader:0.2833333333333333
MDLV2000Reader:0.26666666666666666
CDKSourceCodeWriter:0.26666666666666666
MDLReader:0.26666666666666666
PDBWriter:0.24666666666666667
CrystClustWriter:0.23666666666666666
PDBReader:0.20888888888888887
ShelXWriter:0.20666666666666667
Mol2Writer:0.1988888888888889
MDLRXNReader:0.19666666666666666
IteratingMDLReader:0.19666666666666666
PMPConvention:0.19
MDLRXNV2000Reader:0.17666666666666667
