Toolbar:0.6466666666666666
ViewModel:0.3
MainActivity:0.22333333333333333
