IndexField:0.8533333333333334
LuceneIndexManager:0.36666666666666664
