FeatureView:0.4766666666666667
Controller:0.36
FeatureTreePanel:0.26666666666666666
FeatureTierManager:0.22
BasicWindowListener:0.17666666666666667
AnnotationMenu:0.15666666666666668
ControlledWindow:0.06
ControlledPanel:0.013333333333333334
