MockInterface:0.44
PollerTest:0.4166666666666667
MockService:0.35
Outage:0.33
OutageTest:0.32666666666666666
MockUtil:0.30666666666666664
MockNode:0.25
OutageAnticipator:0.24333333333333335
BroadcastEventProcessor:0.22
MockNetwork:0.21666666666666667
MockDatabase:0.21
MockElement:0.18333333333333332
EventWrapper:0.04
OutageChecker:0.006666666666666667
