OsgiServiceProxyFactoryBean:0.5166666666666667
BundleDelegatingClassLoader:0.36666666666666664
ServiceProxyFactoryBeanTest:0.22333333333333333
Listener:0.21666666666666667
DependencyListener:0.16333333333333333
