BoundedLocalCache:0.5433333333333333
LocalCacheFactoryGenerator:0.33666666666666667
PageReplacement:0.25777777777777783
CacheSelectorCode:0.22
LocalCacheGenerator:0.19666666666666666
EntryIterator:0.12333333333333334
Specifications:0.013333333333333334
