AbstractDbDialect:0.8066666666666666
FirebirdDbDialect:0.30666666666666664
H2DbDialect:0.30666666666666664
DbDialectFactory:0.21
