GetOperations:0.49333333333333335
GetOperation:0.37333333333333335
GetOperationsResponse:0.27666666666666667
GetOperationResponse:0.25
SavePermissionsResponse:0.07333333333333333
