ShadowTextView:0.51
ShadowLog:0.34
ShadowBuilder:0.3333333333333333
CompoundDrawables:0.31166666666666665
LogTest:0.13333333333333333
