CapsdConfigFactory:0.39666666666666667
SuspectEventProcessor:0.38333333333333336
CollectdConfigFactory:0.38
RescanProcessor:0.30666666666666664
