Common:0.616388888888889
Filler:0.5566666666666666
IndexProcessor:0.4633333333333333
