StringVariableDBSource:0.24333333333333335
ProcessClassPresentation:0.11333333333333333
TaskHandlerBase:0.11333333333333333
VariableDBSource:0.11
UserHolder:0.09666666666666666
