ApplicationWorkbenchAdvisor:0.34
CorporaView:0.31666666666666665
CorpusPage:0.27666666666666667
SaveAs:0.25722222222222224
Explorer:0.25666666666666665
CQPPreferencePage:0.21833333333333332
ExecuteRScript:0.19666666666666666
FileExplorerPreferencePage:0.19055555555555556
CaEditor:0.18
SpecificitiesPreferencePage:0.16333333333333333
ExportResult:0.14
ExecuteGroovyScriptFromFile:0.13666666666666666
ExecuteGroovyScript:0.13666666666666666
ExportSVG:0.07
