UiConnectionInfo:0.2633333333333333
Train:0.2633333333333333
LuceneSentenceIterator:0.2633333333333333
BucketIterator:0.17
FileDocumentIterator:0.17
