ScriptEditor:0.4683333333333333
ComponentNode:0.42
ComponentBrowser:0.31333333333333335
LocalHierarchy:0.30333333333333334
CompactHierarchy:0.3
ComponentNodeTest:0.25666666666666665
ComponentTreeTest:0.15
CompactHierarchyTest:0.10333333333333333
ComponentBrowserTest:0.10333333333333333
ComponentTree:0.09777777777777777
