TermBeanImpl:0.6066666666666667
CachedConnectionSource:0.43
AddTerm:0.3688888888888889
