AbstractJaxbMarshaller:0.5833333333333334
Jaxb2Marshaller:0.5233333333333333
AbstractJaxbMarshallerTest:0.41
AbstractJaxbUnmarshallerTest:0.09666666666666666
Jaxb1MarshallerTest:0.07666666666666666
Jaxb1UnmarshallerTest:0.04666666666666667
