UiServer:0.8077777777777778
RlResource:0.3433333333333333
