BSON:0.45916666666666667
BSONCallback:0.44484523809523807
JavaClientTest:0.3566666666666667
BSONEncoder:0.32666666666666666
BasicBSONCallback:0.25333333333333335
BSONDecoder:0.17666666666666667
