ActionMapping:0.7886111111111112
ActionReporter:0.5806666666666668
