GwtServerHelper:0.5333333333333333
GwtViewHelper:0.4166666666666667
GwtRpcServiceImpl:0.295
SetFolderSortEvent:0.29333333333333333
BlogFolderView:0.2633333333333333
CalendarFolderView:0.2633333333333333
GwtMenuHelper:0.22666666666666666
EntryMenuPanel:0.21
EventHelper:0.21
CalendarViewDaysEvent:0.12333333333333334
GwtCalendarHelper:0.06666666666666667
SaveCalendarDayViewCmd:0.05333333333333334
GetCalendarDisplayDateCmd:0.02666666666666667
