BrowserVersion:0.6166666666666667
DomElement:0.3466666666666667
SVGRect:0.3
HtmlUnitScriptable:0.21777777777777782
WebRequest:0.21666666666666667
RecursiveFunctionObject:0.13
