EntityProxy:0.6633333333333333
EntityReader:0.30666666666666664
EntityWriter:0.2866666666666667
SerializableEntityCache:0.2733333333333333
