ANTLRLexer:0.5733333333333334
ANTLRParser:0.39
ASTVerifier:0.35
NFABuilder:0.2625
ParserNFAFactory:0.22666666666666666
BasicSemanticTriggers:0.22142857142857145
CollectSymbols:0.22142857142857145
DFA2:0.21666666666666667
DFA7:0.19894444444444442
DFA31:0.19666666666666666
TestNFAConstruction:0.18666666666666668
DFA19:0.15666666666666668
DFA18:0.15666666666666668
DFA10:0.13166666666666665
DFA74:0.12405555555555556
DFA28:0.12405555555555556
TestLexerDFAConstruction:0.12
DFA25:0.11166666666666666
DFA29:0.09916666666666667
DFA33:0.025
DFA55:0.025
DFA51:0.025
DFA67:0.025
DFA42:0.025
DFA37:0.025
DFA64:0.0175
DFA48:0.01
mode_return:0.0025
