RDFProtonDescriptor:0.6066666666666667
RModel:0.5566666666666666
PartialTChargePEOEDescriptor:0.35333333333333333
