RoutingNodes:0.731111111111111
FailedShardsRoutingTests:0.36333333333333334
FailedNodeRoutingTests:0.03
