PartitionManager:0.4633333333333333
CMap:0.44333333333333336
FactoryImpl:0.4166666666666667
ConcurrentMapManager:0.38
PartitionProxy:0.37333333333333335
MBackup:0.34444444444444444
PartitionInfo:0.33
Migrator:0.31666666666666665
Address:0.2833333333333333
PartitionServiceImpl:0.25666666666666665
BaseManager:0.24666666666666667
MigrationRequestTask:0.24
LockBasedResponseQueue:0.23666666666666666
ExecutorManager:0.23
TestUtil:0.22666666666666666
ClusterTest:0.22
ResponseQueueCall:0.21
MMigrate:0.19666666666666666
MProxyReal:0.19
MContainsKey:0.15666666666666668
MemberInfo:0.15333333333333332
MigrationTask:0.14333333333333334
MigrationAwareSubCall:0.13666666666666666
MaxSizePartitionsWidePolicy:0.12
SizeOperationHandler:0.11083333333333334
MEmpty:0.1075
MBackupAwareOp:0.08666666666666667
PartitionStateGenerator:0.056666666666666664
