ImplicitFlowVariableELResolver:0.7166666666666667
ImplicitFlowVariableELResolverTests:0.16333333333333333
