Environment:0.74
NodeEnvironmentTests:0.43666666666666665
EnvironmentTests:0.30666666666666664
