BuildingManager:0.6033333333333334
BuildingConnectorManager:0.5444444444444444
