LexicalTable:0.8933333333333333
LexicalTableEditor:0.5133333333333333
MatrixImpl:0.39666666666666667
ExportTable:0.03666666666666667
ImportTable:0.03666666666666667
