NodeViewI:0.6061111111111112
GraphJdbc:0.41
GraphEltSet:0.37
NBNode:0.36333333333333334
NodeView:0.26
NodeInfoRetriever:0.215
NodeInfoMaker:0.21333333333333335
UrlJdbc:0.19333333333333333
NbrowseGoose:0.1875
SynsAndLinks:0.16333333333333333
NodeInfoJdbc:0.13777777777777778
LineParser:0.13666666666666666
