NumericReadoutRenderer:0.20666666666666667
PictureAnimatedRenderer:0.16
ArcCircleRenderer:0.16
ArcEllipseRenderer:0.16
LabelRenderer:0.15333333333333332
LineRenderer:0.15333333333333332
PolylineRenderer:0.15333333333333332
SymbolRenderer:0.15333333333333332
PictureRenderer:0.15333333333333332
PolarLineRenderer:0.15333333333333332
CrownRenderer:0.15333333333333332
TriangleRenderer:0.15333333333333332
RectangleRenderer:0.15333333333333332
SymbolAnimatedRenderer:0.15333333333333332
