Node:0.7266666666666667
SimpleNode:0.36666666666666664
LinkedCharArray:0.30666666666666664
InnerIterator:0.24666666666666667
InnerStack:0.23666666666666666
SimpleNodeTest:0.10666666666666667
