FailedShard:0.5433333333333333
AllocationService:0.36666666666666664
ShardStateAction:0.35
