PharmacophoreMatcher:0.7266666666666667
PharmacophoreMatcherTest:0.6566666666666666
