ResourcesTest:0.44666666666666666
ShadowResources:0.38
TextViewTest:0.31
ShadowConfiguration:0.23333333333333334
ConfigurationTest:0.15666666666666668
