ConvergenceAnnealingEngine:0.7933333333333333
StructureElucidationJob:0.40111507936507934
