CommunicationsStub:0.7233333333333334
Delete:0.31666666666666665
TransferManager:0.31333333333333335
HierarchyCustomizerService:0.25666666666666665
