ClientConnectionManagerImpl:0.38666666666666666
AddressHelper:0.35333333333333333
ClientConnectionTest:0.2966666666666667
TestHazelcastFactory:0.22672222222222221
ClientReplicatedMapLiteMemberTest:0.21
DiscoveryAddressProvider:0.20215656565656565
ClientServiceTest:0.18333333333333332
AwsAddressProvider:0.17666666666666667
UnisocketClientDriverFactory:0.16666666666666666
DefaultAddressProvider:0.10333333333333333
TestAddressProvider:0.09333333333333334
ClientRegressionWithRealNetworkTest:0.05333333333333334
