ExecuteResource:0.52
TestExecuteResource:0.28
ServerMainModule:0.23666666666666666
SimpleQueryResults:0.05333333333333334
ResultsPageIterator:0.04666666666666667
