Structure:0.82
StructuredbManagerTest:0.3933333333333333
StructureDao:0.30333333333333334
LabelDao:0.20333333333333334
