DenoisingAutoEncoder:0.7833333333333333
RBM:0.4866666666666667
MnistSdaTest:0.12
