IControllerModel:0.35333333333333333
RemoveModule:0.16333333333333333
RotateModule:0.16333333333333333
AddRingModule:0.16333333333333333
AlterBondStereoModule:0.16333333333333333
AddBondModule:0.16333333333333333
MoveModule:0.16333333333333333
SelectModule:0.16333333333333333
ChangeFormalChargeModule:0.13
CycleSymbolModule:0.13
AddAtomModule:0.13
