BasicInvocation:0.8233333333333334
BasicInvocationFuture:0.43333333333333335
BasicOperationServiceTest:0.39666666666666667
