Jedis:0.49333333333333335
Protocol:0.43666666666666665
Client:0.3433333333333333
BinaryClient:0.17666666666666667
BinaryJedis:0.16666666666666666
ListCommandsTest:0.16333333333333333
