ContainerBuilder:0.7366666666666667
AbstractModule:0.33
ContainerTest:0.27666666666666667
ErrorHandlingTest:0.12333333333333334
