Map:0.45666666666666667
HashMap:0.3055
TreeMap:0.3055
AbstractMapTest:0.2866666666666667
LinkedHashMap:0.237484126984127
SortedMap:0.22303968253968254
