JPPFNode:0.68
NodeNioServer:0.42333333333333334
JPPFRemoteNode:0.22666666666666666
WaitInitialBundleState:0.17
