ApplicationEntityManager:0.56
WebserviceBean:0.522
Util:0.41
WebserviceBeanImpl:0.27666666666666667
MPLSModule:0.27
QinQModule:0.26666666666666666
Constants:0.23777777777777775
ApplicationEntityManagerImpl:0.22666666666666666
MplsSyncProvider:0.21333333333333335
KuwaibaService:0.20333333333333334
BGPSynchronizer:0.19333333333333333
MPLSConnectionDefinition:0.13
DefaultSyncReader:0.11666666666666667
MplsSyncASR9001Parser:0.1075
RemoteMPLSConnectionDetails:0.1
CiscoVlansSynchronizer:0.043333333333333335
