BaseMultifactorAuthenticationProviderEventResolver:0.7322222222222222
CasThemesConfiguration:0.27166666666666667
