BuildDetailTest:0.7886111111111112
ErrorsAndWarningsMessagesWidgetTest:0.2891666666666667
