SubclassDynamicTypeBuilder:0.38666666666666666
Default:0.20666666666666667
Compiled:0.20333333333333334
MethodRegistry:0.11833333333333333
SubclassInstrumentationContextDelegate:0.11666666666666667
MethodCall:0.10888888888888891
FieldRegistry:0.029444444444444447
