AbstractTCPopup:0.5
TCPopupManager:0.46
PopupTriggerBehavior:0.22258730158730158
KeywordListPopup:0.16
ACRPopup:0.15666666666666668
KeywordTreePopup:0.14333333333333334
SeriesListPopup:0.14
HideOnOutsideClickBehavior:0.10333333333333333
