BotTask:0.46
Bot:0.4533333333333333
WorkflowBotExecutor:0.28
WorkflowBotTaskExecutor:0.2633333333333333
BotExecutionStatus:0.22850793650793652
Messages:0.16333333333333333
InitializerLogic:0.15333333333333332
WorkflowSequentialBotTaskExecutor:0.14666666666666667
WorkflowThreadPoolBotInvoker:0.11666666666666667
UpdateBotTasksAction:0.08333333333333333
UpdateBotAction:0.08
BotForm:0.07833333333333334
BotTaskForm:0.07833333333333334
BotTableBuilder:0.06666666666666667
BotTasksForm:0.05277777777777777
BotTaskHeaderBuilder:0.03333333333333333
BotTaskRowBuilder:0.03
AddSequentialFlagToBot:0.0033333333333333335
