SetIterator:0.15333333333333332
ArrayIterator:0.15333333333333332
Keys:0.10333333333333333
Values:0.10333333333333333
Entries:0.10333333333333333
