OptionDefinition:0.6633333333333333
InstallOptions:0.6133333333333333
