AmazonEC2:0.6759444444444445
AmazonEC2Async:0.48
AbstractAmazonEC2:0.33666666666666667
AmazonEC2Client:0.30666666666666664
AmazonEC2AsyncClient:0.29333333333333333
AmazonEC2Waiters:0.18666666666666668
AbstractAmazonEC2Async:0.17
