StepFactory:0.8133333333333334
HopSymbolTableWalker:0.37666666666666665
