RoleEditorController:0.46
PermissionEditor:0.43
PermissionEditorController:0.38666666666666666
RoleEditor:0.3333333333333333
RoleResult:0.22666666666666666
SetRoleDescriptionRequestBean:0.08333333333333333
SetPermissionsRequest:0.03
