IdleFilter:0.4166666666666667
TestRace:0.4066666666666667
One:0.21333333333333335
Two:0.21333333333333335
SharedObject:0.04
