AbstractOptionElement:0.49
OptionsPageBuilder:0.29
FileChooserOption:0.2733333333333333
Filter:0.14333333333333334
SplitPaneOption:0.14
JPPFGuiBuilder:0.10222222222222221
ToolbarOption:0.08
XMLEditorOption:0.06333333333333334
