ApplyScriptAction:0.5155555555555555
EditorScriptHelper:0.49333333333333335
AbstractScriptAction:0.31333333333333335
