HazelcastClientMapTest:0.3433333333333333
ConnectionManager:0.32
DynamicClusterTest:0.30333333333333334
LifecycleServiceClientImpl:0.25
HazelcastClientPerformanceTest:0.21
HazelcastClientTopicTest:0.20666666666666667
LifecycleCountingListener:0.1927777777777778
InRunnable:0.175
