CmpMessageHelper:0.6466666666666666
CmpTestCase:0.2833333333333333
StressTest:0.25
CrmfRAPbeMultipleKeyIdRequestTest:0.19666666666666666
CmpConfirmResponseMessage:0.19666666666666666
BasicCertificateExtension:0.15333333333333332
OcspNoCheck:0.15
