MetaModel:0.6933333333333334
View:0.46
MetaEntity:0.33
MapFacadeBean:0.25666666666666665
IPersistenceProvider:0.22337301587301586
JPAPersistenceProvider:0.22
POJOPersistenceProviderBase:0.18666666666666668
HibernatePersistenceProvider:0.16
EJBPersistenceProvider:0.13666666666666666
PersistenceProviderFactory:0.08742063492063491
PersistenceFacade:0.03666666666666667
