LuceneSearcher:0.49333333333333335
Geonet:0.4700555555555556
CatalogSearcher:0.34
RepositoryInfo:0.26966666666666667
LuceneIndexWriterFactory:0.2
