CacheBasicAbstractTest:0.5666666666666667
ClientCacheProxy:0.4066666666666667
MaliciousClassLoader:0.33349999999999996
AbstractInternalCacheProxy:0.3333333333333333
AbstractClientInternalCacheProxy:0.29333333333333333
