IssueHandlerImpl:0.5266666666666666
UserHandlerImpl:0.48
ITrackerServicesImpl:0.3233333333333333
IssueDAOImpl:0.30666666666666664
ITrackerServices:0.26916666666666667
ProjectHandlerImpl:0.26
UserDAO:0.2
PermissionFactoryImpl:0.12
UserDAOImpl:0.07333333333333333
UserPreferencesFactoryImpl:0.056666666666666664
