IndexSearcherWrapper:0.5066666666666667
Wrapper:0.43666666666666665
InternalEngineTests:0.36
IndexShardTests:0.36
IndexSearcherWrapperTests:0.2
