RBM:0.5766666666666667
BaseElementWiseOp:0.4116666666666667
BaseTwoArrayElementWiseOp:0.31333333333333335
