Aligner:0.6766666666666666
Harvester:0.6511111111111112
