MapDisplay:0.6366666666666667
MapLayer:0.5366666666666666
ShadingMapLayer:0.43333333333333335
NavigatorWindow:0.19666666666666666
UnitMapLayer:0.11
VehicleTrailMapLayer:0.04666666666666667
