SimpleRecoveryLocalGatewayTests:0.45
QueryRescorerTests:0.43666666666666665
UnmappedFieldsTermsFacetsTests:0.3333333333333333
