MockServletRequest:0.4766666666666667
FileServletTest:0.31333333333333335
WebFile:0.22666666666666666
FileServlet:0.19111111111111112
MockServletResponse:0.16333333333333333
