BlojsomPlugin:0.7433333333333333
EmoticonsPlugin:0.1125
MacroExpansionPlugin:0.1125
ShowMeMorePlugin:0.06833333333333333
SimpleSearchPlugin:0.065
RefererLogPlugin:0.065
HyperlinkURLPlugin:0.013333333333333334
