MustacheTests:0.5833333333333334
MustacheScriptEngineService:0.43
MustacheExecutableScript:0.3746666666666667
MustacheScriptEngineTests:0.24333333333333335
