MOrder:0.5966666666666667
MInOut:0.5533333333333333
PosPanel:0.27
