ConvertCasePrincipalNameTransformer:0.5141666666666667
PrincipalTransformationProperties:0.5
Groovy:0.19666666666666666
ConvertCasePrincipalNameTransformerTests:0.19
PrincipalNameTransformerUtils:0.17333333333333334
