JSONReaderTest:0.5283333333333333
JSONAsserterTest:0.34833333333333333
