CollectionBinder:0.6166666666666667
JpaSpecVersionValueUpdatingTest:0.3933333333333333
PropertyBinder:0.37777777777777777
