GeoService:0.4266666666666667
GeoView:0.2666666666666667
Gazetteer:0.22
GeoViewSettings:0.17333333333333334
Import:0.06416666666666666
UpDown:0.06333333333333334
Delete:0.06
