TextPlugin:0.7033333333333334
HopText:0.33666666666666667
