PointerTest:0.4266666666666667
PointerType:0.36333333333333334
