StreamOutput:0.5495555555555556
ExceptionSerializationTests:0.47
UnknownException:0.2633333333333333
