Configuration:0.68
JiraTracker:0.48333333333333334
JiraConfigTab:0.21333333333333335
ConfigurationPanel:0.18
