SearchResponse:0.6916666666666667
RemoteConnectionInfo:0.35
RemoteClusterConnectionTests:0.30666666666666664
SearchResponseTests:0.3
