Actor:0.77
ActorsMultiSelectTag:0.4533333333333333
XSSRequestWrapper:0.22
LegacyActorsMultiSelectTag:0.14333333333333334
