BlobIndex:0.53
BlobIndicesService:0.48333333333333334
InnerVisitor:0.3466666666666667
BlobHttpIntegrationTest:0.27666666666666667
BlobPathITest:0.25333333333333335
SysShardsTest:0.23333333333333334
HttpBlobHandler:0.19333333333333333
UnassignedShard:0.18
BlobSchemaInfo:0.17111111111111113
ShardStatsTest:0.15333333333333332
BlobRecoverySourceHandler:0.13666666666666666
ShardCollectService:0.13666666666666666
BlobService:0.13333333333333333
RecoveryTests:0.12
InternalBlobTableInfoFactory:0.10333333333333333
BlobIndicesServiceTest:0.09333333333333334
CrateDocIndexService:0.09333333333333334
BlobShardTableNameExpression:0.09333333333333334
DDLStatementDispatcher:0.04666666666666667
