ClaimJwtException:0.71
JwtParser:0.44333333333333336
DefaultJwtParser:0.41333333333333333
