InternalTestCluster:0.42
RoutingService:0.31666666666666665
Node:0.2738888888888889
LocalDiscovery:0.20333333333333334
ZenDiscovery:0.20333333333333334
IndexRecoveryTests:0.19666666666666666
GatewayAllocator:0.17333333333333334
ShardStateAction:0.13666666666666666
InternalAsyncFetch:0.12333333333333334
AwarenessAllocationTests:0.10666666666666667
PercolatorStressBenchmark:0.10333333333333333
IndexLifecycleActionTests:0.09666666666666666
