FeatureSet:0.4866666666666667
FeatureTier:0.43666666666666665
StrandedZoomableApolloPanel:0.3
FlexibleFeatureTierManager:0.2866666666666667
SortedFeatureSet:0.21666666666666667
Arrays:0.21666666666666667
QuickSort:0.15833333333333333
CollapsedFeatureTierManager:0.15
DrawableGeneFeatureSet:0.15
