JGraph:0.53
MyGraphSelectionModel:0.33111111111111113
EditorMarqueeHandler:0.29
LabelList:0.22666666666666666
ObservableSet:0.08
MyMouseListener:0.04666666666666667
MyCellRenderer:0.013055555555555556
