NetworkParameters:0.51
Address:0.37
BitcoinURI:0.35333333333333333
Base58:0.16333333333333333
AddressTest:0.13
