MainFrame:0.8
DownloadWorker:0.25666666666666665
ActionViewAbout:0.22333333333333333
HTTPURLRequest:0.15
