DatabaseInformation:0.6466666666666666
ExtractionContext:0.6461507936507936
SchemaUpdate:0.42333333333333334
DatabaseInformationImpl:0.36333333333333334
SchemaValidator:0.29333333333333333
