Transformer:0.5733333333333334
Analyzer:0.485
Generator:0.45666666666666667
