StatsHandler:0.6233333333333333
NioState:0.38333333333333336
AcceptorNioServer:0.2633333333333333
WaitInitialBundleState:0.25333333333333335
