SqlBuilder:0.46
PNFuzzy:0.36333333333333334
QueryCmd:0.33666666666666667
Match:0.27666666666666667
Node:0.19666666666666666
GPWLQueryCmd:0.16333333333333333
UPSQueryCmd:0.15
Subquery:0.14333333333333334
MWLQueryCmd:0.13
