GF256:0.5233333333333333
GF256Poly:0.37333333333333335
ReedSolomonDecoder:0.21333333333333335
QRCodeReader:0.16
Decoder:0.14944444444444446
