SparkTrainingStats:0.5966666666666667
VanillaTrainingMasterStatsHelper:0.22666666666666666
VanillaTrainingMaster:0.22666666666666666
VanillaAggregationTuple:0.2
VanillaTrainingMasterStats:0.2
VanillaTrainingWorker:0.2
VanillaTrainingWorkerStatsHelper:0.19
CommonSparkTrainingStats:0.17
VanillaTrainingWorkerStats:0.13333333333333333
VanillaElementCombineFunction:0.12666666666666668
ExecuteWorkerFlatMap:0.12
VanillaElementAddFunction:0.11333333333333333
