RunningStrategy:0.5364444444444445
SerialControllerEditor:0.39666666666666667
ConditionalController:0.30333333333333334
CorporaComboModel:0.28833333333333333
ConditionalSerialAnalyserController:0.2633333333333333
MemberPRsTableModel:0.26
TestJavac:0.24277777777777781
RunAction:0.16416666666666666
NewResourceAction:0.11333333333333333
AnalyserRunningStrategy:0.11333333333333333
LoadResourceFromFileAction:0.11333333333333333
ConditionalSerialController:0.08
LabelRenderer:0.017388888888888888
