DataEnvironment:0.6966666666666667
HopSymbolTableWalker:0.31666666666666665
ClassDescriptor:0.29777777777777775
AbstractVirtualMachine:0.23333333333333334
AlertStep:0.20638888888888887
DFA51:0.17622222222222222
DFA68:0.17622222222222222
UnaryOperationStep:0.13333333333333333
IntegerAutoBoxStep:0.12833333333333333
ExceptionManager:0.12666666666666668
StepInto:0.12
UnaryBooleanTextCastStep:0.12
StepOver:0.12
VirtualMachineErrorAction:0.11333333333333333
ActionMap:0.1
UnaryIntegerTextCastStep:0.07666666666666666
TextReverseAutoBoxToIntegerStep:0.07666666666666666
UnaryNumberTextCastStep:0.07666666666666666
TextReverseAutoBoxToNumberStep:0.07666666666666666
alert_statement_scope:0.03
