ServerXMLDFHandler:0.38666666666666666
ClientLayer:0.33666666666666667
ClientXMLDFHandler:0.31
ARINCLayer:0.23688888888888887
AbstractXMLDFHandler:0.19416666666666665
ServerXMLSymbolsHandler:0.19416666666666665
ClientXMLSymbolsHandler:0.15833333333333333
