OutgoingBatchService:0.48
OutgoingBatches:0.45
IOutgoingBatchService:0.3352222222222222
ConfigurationService:0.28
AbstractRouterServiceTest:0.2633333333333333
IConfigurationService:0.19416666666666665
ConfigurationServiceSqlMap:0.16111111111111112
DataExtractorService:0.14333333333333334
StagedResource:0.13321428571428573
OutgoingBatchMapper:0.10666666666666667
