TestInstanceProvider:0.56
TestInstanceLifecycleTests:0.34
InstanceTrackingExtension:0.34
ClassTestDescriptor:0.3
ParameterizedTestIntegrationTests:0.2519444444444444
KitchenSinkExtension:0.23
InstancePerClassOuterTestCase:0.205
MixedLifecyclesOuterTestCase:0.205
InstancePerMethodOuterTestCase:0.205
MethodTestDescriptor:0.19833333333333333
MethodExtensionContext:0.18
ClassExtensionContext:0.18
State:0.16
ExtensionContextTests:0.15333333333333332
TestTemplateTestDescriptor:0.15
TestFactoryTestDescriptorTests:0.14333333333333334
TestInfoDemo:0.14333333333333334
Builder:0.11666666666666667
NestedClassTestDescriptor:0.10666666666666667
JupiterEngineExtensionContext:0.09821428571428571
TestInstancePostProcessor:0.0925
TestTemplateExtensionContext:0.08444444444444445
JupiterEngineDescriptor:0.08
BarInstancePostProcessor:0.0
FooInstancePostProcessor:0.0
