Workstation:0.5
Mango:0.4
InvocationChoiceGenerator:0.3566666666666667
ANEWARRAY:0.12
AALOAD:0.12
ARRAYLENGTH:0.12
BALOAD:0.12
AASTORE:0.12
BranchChoiceGenerator:0.11333333333333333
ASTORE:0.09333333333333334
ALOAD:0.09333333333333334
ACONST_NULL:0.09333333333333334
ATHROW:0.07583333333333334
