DriverConductor:0.4066666666666667
IpcPublication:0.29333333333333333
DriverManagedResource:0.2575396825396825
PublicationImage:0.19
NetworkPublication:0.19
SubscriptionLink:0.16666666666666666
AeronClient:0.11333333333333333
PublicationLink:0.09333333333333334
