ActionInvokerImpl:0.59
UrlMapImpl:0.39666666666666667
DefaultLoading:0.2786666666666667
