SpinningIOThreadingModel:0.5266666666666666
NodeIOService:0.333
ClientMessage:0.29333333333333333
MultiMapService:0.25
SpinningInputThread:0.23333333333333334
SpinningOutputThread:0.23333333333333334
WanReplicationServiceImpl:0.21333333333333335
Base64:0.20516666666666666
DefaultNodeContext:0.15666666666666668
MapReduceService:0.15083333333333335
TouchCommandProcessor:0.12333333333333334
Spinning_IOThreadingModelFactory:0.11333333333333333
