HandlerData:0.6467777777777778
ClearVariableActionHandler:0.30333333333333334
