NBrowseApplet:0.5683333333333334
StepExpansionThread:0.3824444444444444
NbrowseJdbcAdapter:0.2966666666666667
TouchGraphXmlAdapter:0.18
DataAdapterI:0.06
