TestClass:0.47
RunListener:0.3983333333333333
Listener:0.31666666666666665
TestClassRunnerForParameters:0.2
TextListener:0.17666666666666667
AssumptionTest:0.17333333333333334
Suite:0.15
RunNotifier:0.14
EachTestNotifier:0.12333333333333334
TextListenerTest:0.12333333333333334
RunTestNotifier:0.11333333333333333
IgnoredClassRunner:0.09333333333333334
Result:0.08
Parameterized:0.06333333333333334
ResultTest:0.043333333333333335
