PrivilegeFactoryTest:0.5966666666666667
DomainTest:0.4666666666666667
