Res_value:0.5966666666666667
ResTableTheme:0.33666666666666667
Ref:0.18666666666666668
theme_entry:0.15444444444444444
AppliedStyle:0.08
ResourceName:0.07
