UpdatedBlogEntryEvent:0.5516666666666666
DeletedBlogEntryEvent:0.5516666666666666
AddBlogEntryEvent:0.5516666666666666
