ServiceTicketResource:0.5833333333333334
CasRestConfiguration:0.48
ServiceTicketResourceTests:0.31666666666666665
