View:0.6833333333333333
WarehouseTest:0.2833333333333333
CustomerReadOnlyTest:0.2833333333333333
CustomerWithSectionTest:0.2833333333333333
InvoiceTest:0.27
ViewBaseAction:0.20333333333333334
CollectionElementViewBaseAction:0.1
