ContainerImpl:0.5633333333333334
ContainerBuilder:0.5033333333333333
PrimitiveConverters:0.26666666666666666
ContainerTest:0.21666666666666667
SingletonScope:0.1877777777777778
IntegerWrapper:0.03333333333333333
