HtmlPage:0.6333333333333333
HTMLDocument:0.37333333333333335
CSSStyleSheet:0.36
JavaScriptEngine:0.29333333333333333
SimpleScriptableTest:0.29
JavaScriptConfigurationTest:0.22666666666666666
HTMLDocumentTest:0.18666666666666668
StaticNodeList:0.09333333333333334
StaticDomNodeList:0.05
