DomNode:0.5466666666666666
NamedNodeMap:0.43666666666666665
HTMLElement:0.38666666666666666
HtmlTextInput:0.26
DomElement:0.21666666666666667
NamedAttrNodeMapImpl:0.19333333333333333
HtmlScript:0.19
Element:0.19
BaseFrame:0.18666666666666668
