RunaHibernateIntercepter:0.6833333333333333
HibernateSessionFactory:0.38333333333333336
