VertxHttp2ClientHandler:0.6622222222222223
VertxHttp2ConnectionHandler:0.6222222222222222
VertxHttp2ServerHandler:0.34
