NavigatorView:0.6966666666666667
Images:0.43444444444444447
