AvatarQueryService:0.44
UserProcessor:0.31666666666666665
UserMgmtService:0.2966666666666667
ArticleProcessor:0.27666666666666667
