HopParser:0.43333333333333335
StepFactory:0.3413333333333334
HopSymbolTableWalker:0.32666666666666666
HopLexer:0.24
DFA29:0.15
DFA12:0.13666666666666666
DFA11:0.12
