HighlighterSearchIT:0.38666666666666666
TransportAnalyzeActionTests:0.35
TokenFilterFactory:0.33
SearchQueryIT:0.31
AnalysisFactoryTestCase:0.2866666666666667
AnalysisRegistryTests:0.22666666666666666
MovedToAnalysisCommon:0.18605555555555556
EdgeNGramTokenFilterFactory:0.17333333333333334
FragmentBuilderHelper:0.11333333333333333
