StringTemplateFilter:0.48
DicomObjectMap:0.43
DicomElementWrap:0.42333333333333334
NullOutputStream:0.04666666666666667
DicomObjectMapTest:0.03
ImageDiff:0.02666666666666667
DSModel:0.016666666666666666
