DateTimeField:0.8233333333333334
TestTimeOfDay:0.35333333333333333
NonZeroDateTimeField:0.35
ISOYearOfEraDateTimeField:0.30666666666666664
GJYearOfEraDateTimeField:0.30666666666666664
BaseDateTimeField:0.26
DelegatedDateTimeField:0.24333333333333335
UnsupportedDateTimeField:0.21083333333333334
Property:0.15333333333333332
