Errors:0.4655555555555555
InjectorImpl:0.35
MembersInjectorTest:0.30666666666666664
InjectsMembersInjector:0.1276190476190476
Unimplemented:0.1276190476190476
InjectsBrokenMembersInjector:0.1276190476190476
