Formatter:0.7733333333333333
TestSqlParser:0.39
SqlFormatter:0.21333333333333335
