ObjectKeys:0.5011111111111112
Utils:0.4766666666666667
DefinitionModuleImpl:0.3566666666666667
RequestInfo:0.2535396825396825
DefinitionHelper:0.24666666666666667
GwtUIHelper:0.23666666666666666
GwtTeaming:0.23583333333333334
MainMenuControl:0.22
RelevanceDashboardHelper:0.18666666666666668
TemplateModuleImpl:0.18666666666666668
IfNotAuthorizedByLicense:0.0
