AnalyzeRequest:0.51
TransportAnalyzeAction:0.26666666666666666
AnalyzeRequestBuilder:0.26
AnalyzeActionIT:0.24333333333333335
TransportAnalyzeActionTests:0.21
RestAnalyzeAction:0.1688888888888889
NameOrDefinition:0.1
RestAnalyzeActionTests:0.085
