Dao:0.571888888888889
Sql:0.5505555555555556
Strings:0.44666666666666666
Cookie:0.35
Images:0.2733333333333333
Request:0.24166666666666667
Http:0.22333333333333333
Sender:0.22333333333333333
StringsTest:0.22
NutDao:0.21666666666666667
NutSql:0.20666666666666667
AbstractClassAgent:0.14666666666666667
SimpleDaoTest:0.09
HttpTest:0.056666666666666664
DefaultMirrorFactory:0.05333333333333334
