MeshShapeTest:0.5466666666666666
ConstraintsTest:0.3333333333333333
ShootTest:0.29
