CropIwaOverlayConfig:0.7933333333333333
CropIwaOverlayView:0.364
CropIwaView:0.2866666666666667
