LazyNonGenericType:0.4766666666666667
TypeDescriptionArrayProjectionTest:0.4066666666666667
RawAnnotatedType:0.28
ForRawType:0.16166666666666665
TypeDescriptionForLoadedTypeTest:0.14666666666666667
LazyPrimitiveType:0.08666666666666667
