IFrameProperties:0.5633333333333334
MastHead:0.39666666666666667
IFrameWidgetDlgBox:0.38666666666666666
IFrameDropWidget:0.23333333333333334
IFrameConfig:0.15
