EdgeFilterState:0.48333333333333334
EdgeChangeEvent:0.43333333333333335
NBEdge:0.4266666666666667
EdgeFilterView:0.38
SpokeViewListener:0.1993888888888889
