StreamInput:0.46166666666666667
EsRejectedExecutionException:0.44
StreamOutput:0.3933333333333333
ExceptionSerializationTests:0.29
ExceptionsHelper:0.2511111111111111
ExceptionsHelperTests:0.13333333333333333
