BatchStatus:0.8133333333333334
BatchStatusTests:0.16666666666666666
