IndicesAdminClient:0.4
IndicesOptionsTests:0.31666666666666665
RestGetSettingsAction:0.26
AbstractIndicesAdminClient:0.17666666666666667
ActionModule:0.15333333333333332
Fields:0.13333333333333333
