JoinBatchIterators:0.6283333333333333
HashJoinOperation:0.571388888888889
