GmapPoint:0.5733333333333334
DefaultSurveillanceService:0.3566666666666667
GmapLoader:0.3011111111111111
