SocketClientDataReader:0.5333333333333333
SocketPacketWriter:0.2733333333333333
SocketPacketReader:0.24666666666666667
