Worker:0.37666666666666665
HitemUtil:0.3466666666666667
Contextual:0.32666666666666666
RuleBase:0.2733333333333333
ActiveObject:0.22
RuleBaseSym:0.1811111111111111
Automatic:0.11666666666666667
Instantiated:0.10333333333333333
ContextualExp:0.006666666666666667
