HazelcastServerCachingProvider:0.6166666666666667
HazelcastClientCachingProvider:0.6133333333333333
