Sys:0.5166666666666667
Display:0.46
BaseAL:0.2
GLCaps:0.11666666666666667
