RestParam:0.5405555555555556
DefaultSerializer:0.5033333333333333
DatastreamResource:0.30333333333333334
