EventKey:0.5658333333333333
EventConfData:0.43333333333333335
EventConfDataTest:0.24333333333333335
