ByteBuddyAgentAttachmentProviderTest:0.2866666666666667
AndroidClassLoadingStrategyTest:0.2633333333333333
ByteBuddyAgentAttachmentTypeEvaluator:0.11555555555555558
ByteBuddyAgentAgentProviderTest:0.08333333333333333
PrefixIterable:0.06666666666666667
