EC2RequestSigner:0.8866666666666667
DescribeInstances:0.47
EC2RequestSignerTest:0.38333333333333336
