ConcordancesEditor:0.605
SimpleSubcorpusPanel:0.23577777777777778
TXMDirectoryFieldEditor:0.22
ParametersView:0.13666666666666666
ShowSelected:0.12911111111111112
