Visitor:0.43333333333333335
InsertFromValuesAnalyzedStatement:0.3005555555555556
AbstractInsertAnalyzedStatement:0.2733333333333333
AbstractInsertAnalyzer:0.22916666666666666
InsertFromSubQueryAnalyzedStatement:0.18666666666666668
InsertFromSubQueryAnalyzer:0.15666666666666668
InsertFromValuesAnalyzer:0.11666666666666667
