Util:0.6733333333333333
X3DParser:0.48
ConeImport:0.21666666666666667
CylinderImport:0.21666666666666667
BoxImport:0.21
SphereImport:0.20333333333333334
Rectangle2DImport:0.07333333333333333
TriangleSet2DImport:0.03
Polypoint2DImport:0.006666666666666667
Polyline2DImport:0.006666666666666667
Arc2DImport:0.0
Circle2DImport:0.0
