OutlookActivator:0.4533333333333333
ThunderbirdAddressbookDataSourceFactory:0.26
AppleAddressbookDataSourceFactory:0.26
CoreImplementationsActivator:0.21
ThunderbirdAddressbookCrawlerFactory:0.19333333333333333
AppleAddressbookCrawlerFactory:0.19333333333333333
AppleAddressbookDataSource:0.15677777777777777
ThunderbirdAddressbookDataSource:0.15677777777777777
ThunderbirdAddressBookActivator:0.10277777777777779
APPLEADDRESSBOOKDS:0.07722222222222222
THUNDERBIRDADDRESSBOOKDS:0.07722222222222222
AppleAddressBookActivator:0.05333333333333334
FlickrActivator:0.04666666666666667
BibsonomyActivator:0.04666666666666667
DeliciousActivator:0.04666666666666667
IPhotoActivator:0.04666666666666667
DATASOURCE:0.01111111111111111
