SQLiteDatabaseTest:0.67
AndroidManifest:0.4866666666666667
Pony:0.37
RealApisTest:0.14333333333333334
