IMap:0.8233333333333334
AsyncTest:0.42
MapProxySupport:0.4033333333333333
NearCachedClientMapProxy:0.3233333333333333
MapProxyImpl:0.27166666666666667
ClientMapProxy:0.25666666666666665
ClientMapTest:0.22
ClientMapBasicTest:0.09666666666666666
