QuickFilter:0.6133333333333333
GwtTeamingMessages:0.37888888888888883
TaskListing:0.27444444444444444
UIData:0.22666666666666666
EventHelper:0.2111111111111111
GwtTeamingDataTableImageBundle:0.2
QuickFilterEvent:0.15333333333333332
