Projections:0.30666666666666664
SingleAttributeProjectionTest:0.30333333333333334
MultiAttributeProjectionTest:0.30333333333333334
AggregatorsSpecTest:0.2966666666666667
MultiAttributeProjection:0.20333333333333334
SingleAttributeProjection:0.20333333333333334
