ModelMapping:0.7671111111111112
LinkTag:0.39666666666666667
