WorkflowModule:0.4906111111111111
FolderModule:0.4906111111111111
FolderCoreProcessor:0.3974285714285714
WorkflowModuleImpl:0.30666666666666664
ViewEntryController:0.23333333333333334
AbstractFolderCoreProcessor:0.23
FolderModuleImpl:0.16666666666666666
