SimpleScriptableProxy:0.5533333333333333
SimpleScriptable:0.49
HTMLCollection:0.36
HTMLFrameElementTest:0.26
SimpleScriptableTest:0.25333333333333335
WindowProxy:0.25
HTMLFrameElement:0.14666666666666667
