SessionFactoryImpl:0.4533333333333333
Index:0.32
Table:0.31666666666666665
Database:0.29333333333333333
Schema:0.26
SchemaExport:0.23666666666666666
SessionFactoryBuilderImplTest:0.17
UniqueKey:0.11333333333333333
