LiveWallpaper:0.47333333333333333
AndroidWallpaperEngine:0.4166666666666667
AndroidLiveWallpaperService:0.30666666666666664
LwjglDebugStarter:0.26
