DataProviderParserHandler:0.48
LoggerArea:0.39
EmbedClient:0.33666666666666667
OutputMethodBind:0.33666666666666667
EmbedClientGUI:0.26
EmbedGUI:0.245
ConfigParser:0.11333333333333333
OutputEquationParser:0.07
InputEquationParser:0.06333333333333334
EmbedConfigProperties:0.0
