TransactionOutput:0.7233333333333334
StoredPaymentChannelClientStates:0.3933333333333333
StoredPaymentChannelServerStates:0.28
