Match:0.69
SPORule:0.45666666666666667
AbstractMatch:0.3433333333333333
AbstractCondition:0.27666666666666667
RuleMatch:0.27
LevelMap:0.1988888888888889
CompositeMatch:0.19666666666666666
