ZoneConfig:0.34
Principal:0.31666666666666665
ProfileModuleImpl:0.2966666666666667
Group:0.2866666666666667
IPrincipal:0.23120634920634922
UserPrincipal:0.22666666666666666
AbstractAdminModule:0.21666666666666667
AdminHelper:0.18666666666666668
MyFilesLastModTimeTest:0.15333333333333332
