Secur32:0.846888888888889
Secur32Test:0.6733333333333333
LUID:0.4442619047619048
