CommunicationsStub:0.66
AuthenticationPanel:0.41
LocalObjectView:0.31009523809523803
LocalObjectViewImpl:0.2833333333333333
Installer:0.13333333333333333
