RetrofitTest:0.39
Factory:0.37666666666666665
CallTest:0.22
Retrofit:0.22
RequestFactoryParser:0.19
SimpleXmlConverterFactory:0.14333333333333334
MoshiConverterFactory:0.13
GsonConverterFactory:0.13
JsonStringConverterFactory:0.1
JacksonConverterFactory:0.08
ScalarsConverterFactory:0.08
WireConverterFactory:0.06333333333333334
ProtoConverterFactory:0.05
QualifiedTypeConverterFactory:0.03333333333333333
ToStringConverterFactory:0.03
NonMatchingConverterFactory:0.02666666666666667
BuiltInConverters:0.02666666666666667
StringConverterFactory:0.02666666666666667
ChunkingConverterFactory:0.006666666666666667
