X509CAInfo:0.4766666666666667
Approval:0.4033333333333333
UpgradeableDataHashMap:0.32
ApprovalEnforcedByCertificateProfileTest:0.21666666666666667
ApplyBean:0.18
AdminsListAdminsCommand:0.14666666666666667
AdminsAddAdminCommand:0.14666666666666667
