PayDialog:0.6233333333333333
PosModel:0.35588888888888887
