Variable:0.6266666666666667
FileVariable:0.31666666666666665
EjbTransactionSupport:0.23
ProcessLog:0.22444444444444447
FileVariableToByteArrayConverter:0.21
ClassNameMatcher:0.18
LoginModuleConfiguration:0.16105555555555554
FormulaActionHandler:0.15666666666666668
AlfExecuteWebScriptHandler:0.14666666666666667
DateVariable:0.14333333333333334
JMSUtil:0.14305555555555555
ByteArrayVariable:0.13666666666666666
DoubleVariable:0.13666666666666666
LongVariable:0.13666666666666666
StringVariable:0.13666666666666666
SystemProperties:0.13333333333333333
IOCommons:0.12904761904761905
AuditLogic:0.12666666666666668
JcrRepositoryTaskHandler:0.12
Converter:0.11666666666666667
EjbExceptionSupport:0.09333333333333334
SerializableMatcher:0.09333333333333334
ReceiveMessageBean:0.07666666666666666
VariableDownloaderAction:0.07666666666666666
FileVariableDescriptor:0.07
VariableLog:0.04
ExecutorToLongConverter:0.03666666666666667
SerializableToByteArrayConverter:0.03666666666666667
IntegerToLongConverter:0.03666666666666667
StringToByteArrayConverter:0.03666666666666667
BooleanToStringConverter:0.03
