Jedis:0.6133333333333333
BinaryJedis:0.3333333333333333
BinaryClient:0.30666666666666664
AllKindOfValuesCommandsTest:0.25666666666666665
