SharedSessionBuilderImpl:0.5133333333333333
JdbcResourceRegistryImpl:0.5066666666666667
SessionWithSharedConnectionTest:0.38666666666666666
