TableInfo:0.6255555555555555
BlobTableInfo:0.32666666666666666
DocTableInfo:0.30333333333333334
TestingTableInfo:0.2733333333333333
AbstractTableInfo:0.25333333333333335
Builder:0.25
DocIndexMetaData:0.23666666666666666
InformationTableInfo:0.17333333333333334
DocTableInfoTest:0.15666666666666668
DocTableInfoBuilder:0.15
DocIndexMetaDataTest:0.14333333333333334
SysTableInfo:0.03
