Configuration:0.7133333333333334
TrayIconManagerImp:0.4766666666666667
ShowHideAction:0.31
PlatformUtils:0.26133333333333336
TrayIconConfigTab:0.18666666666666668
