Mirror:0.8166666666666667
SimplePluginManager:0.3055555555555556
