QueryElement:0.5766666666666667
InsertGenerator:0.30333333333333334
CompletableEntityStore:0.29
FunctionalTest:0.2866666666666667
ReactorQueryable:0.24666666666666667
Queryable:0.24666666666666667
ReactiveQueryable:0.24666666666666667
RxQueryable:0.24666666666666667
SingleEntityStoreFromBlocking:0.23
ReactorEntityStore:0.23
WrappedEntityStore:0.23
AbstractPerson:0.22166666666666668
EntityDataStore:0.18666666666666668
InsertReturningOperation:0.16
StatementGenerator:0.12333333333333334
