View:0.62
ModuleTestBase:0.31
Module:0.24666666666666667
EditorTag:0.17666666666666667
ServiceExpensesTest:0.13666666666666666
SaveCollectionTotalsAction:0.13
ServiceExpenses:0.09277777777777778
