CertificateStoreSession:0.57
StandaloneOcspResponseGeneratorSessionTest:0.33
InternalCertificateStoreSessionBean:0.20666666666666667
InternalCertificateStoreSessionRemote:0.18416666666666667
CertificateStoreSessionLocal:0.18416666666666667
