DocumentLoader:0.5
XmlFileLoaderTest:0.26666666666666666
PackageResourceLoader:0.22
DrawableResourceLoaderTest:0.21666666666666667
XmlLoader:0.19
AttrResourceLoaderTest:0.14666666666666667
DrawableResourceLoader:0.14666666666666667
MenuLoader:0.13666666666666666
RawResourceLoader:0.12
PreferenceLoaderTest:0.10666666666666667
AttrResourceLoader:0.09666666666666666
PluralResourceLoaderTest:0.08666666666666667
XmlContext:0.08
XpathResourceXmlLoader:0.056666666666666664
PreferenceLoader:0.04666666666666667
LayoutLoader:0.043333333333333335
XmlFileLoader:0.043333333333333335
ValueResourceLoader:0.02666666666666667
