MergePolicyConfig:0.71
IndexStatsIT:0.3333333333333333
UpdateSettingsIT:0.2966666666666667
MergePolicySettingsTests:0.29
ClusterModule:0.20666666666666667
