ServiceConfiguration:0.5833333333333334
IWorker:0.5433333333333333
UpgradeSessionBean:0.26
LocalServiceSessionBean:0.24
ServiceDataBean:0.22
CertificateExpirationNotifierWorker:0.17111111111111113
ServiceTimerSessionBean:0.16333333333333333
BaseWorker:0.12
