LinkUriUtil:0.5533333333333333
FoldersResource:0.23
FilesResource:0.14666666666666667
TemplatesResource:0.11
FolderEntriesResource:0.08
WorkspacesResource:0.043333333333333335
AbstractDefinableEntitiesResource:0.043333333333333335
UsersResource:0.03666666666666667
GroupsResource:0.03
FileVersionsResource:0.02666666666666667
BindersResource:0.02
DefinitionsResource:0.0
