UpdateGene:0.7482777777777778
UpdateSequence:0.39222222222222225
