TimeIterationListener:0.13
AveragingIterationListener:0.13
ComposableIterationListener:0.09666666666666666
ParamAndGradientIterationListener:0.09666666666666666
ScoreIterationListener:0.09666666666666666
