ICDKManager:0.54
CDKManager:0.41833333333333333
CDKReaction:0.2833333333333333
ICDKReaction:0.22666666666666666
