State:0.5966666666666667
StateMachine:0.43666666666666665
JPF_gov_nasa_jpf_sc_StateMachine:0.25333333333333335
NativeStateMachine:0.22333333333333333
