AbstractInterleavedBlock:0.6
ColumnarArray:0.39
ColumnarMap:0.36
ColumnarRow:0.30666666666666664
TestColumnarMap:0.17333333333333334
TestColumnarArray:0.13666666666666666
TestColumnarRow:0.13666666666666666
