ExportPreferencePage:0.49666666666666665
CorporaView:0.34800000000000003
SVGChartsSWTComponentProvider:0.3333333333333333
ChartsEnginePreferencePage:0.29333333333333333
ChartEditorToolBar:0.16
ExportChartEditorView:0.15944444444444444
