ObjectiveCImplementationGeneratorTest:0.53
GenerationTest:0.5166666666666667
ObjectiveCSourceFileGeneratorTest:0.30333333333333334
UnicodeUtilsTest:0.17
