WebdavResource:0.43
RootResource:0.37
WebdavSecurityManager:0.29333333333333333
WebdavResourceFactory:0.29333333333333333
