StressTestSupport:0.24
AtomicLongUpdateStressTest:0.13666666666666666
AtomicLongStableReadStressTest:0.13666666666666666
MapStableReadStressTest:0.13666666666666666
MapUpdateStressTest:0.08666666666666667
