ApplicationEntityManager:0.6652777777777779
ApplicationEntityManagerImpl:0.44
WebserviceBean:0.24666666666666667
WebserviceBeanRemote:0.235
KuwaibaService:0.19666666666666666
