SpectrumUtils:0.5533333333333333
SpectrumChartFactory:0.47
SpectrumCompareView:0.2866666666666667
ChartPage:0.24333333333333335
CMLToJcampSpectrumMapper:0.14666666666666667
