HTMLElement:0.42
HTMLElementTest:0.32
Style:0.3193333333333333
StyleTest:0.19666666666666666
