FilterChainProxy:0.5633333333333334
HttpSecurityBeanDefinitionParserTests:0.5133333333333333
FilterChainProxyTests:0.35333333333333333
HttpSecurityBeanDefinitionParser:0.29
