JobInstanceProperties:0.9105555555555555
JobInstancePropertiesTests:0.21666666666666667
