WindowTracker:0.45
ComponentTestFixture:0.35
ChoiceTesterTest:0.2916666666666667
ResolverFixture:0.23
RobotVerifier:0.17333333333333334
WindowReadyTracker:0.13527777777777777
