MaxNormConstraint:0.4866666666666667
UnitNormConstraint:0.36333333333333334
BaseConstraint:0.3
MinMaxNormConstraint:0.29
