UserAdminSessionBean:0.65
EndEntityProfileSessionBean:0.39666666666666667
EndEntityCertificateAuthenticationModule:0.31
EndEntityAccessSessionBean:0.25666666666666665
