Lang:0.7866666666666666
El2Test:0.25333333333333335
NutStatement:0.21666666666666667
Objs:0.2061111111111111
JsonEntityField:0.17666666666666667
JsonTest:0.17
JENObj:0.14833333333333334
NutDaoExecutor:0.12666666666666668
