IOSTypeBinding:0.59
Rewriter:0.5466666666666666
RewriterTest:0.2733333333333333
