EntryBackupOperation:0.7616666666666667
EntryProcessorTest:0.43166666666666664
PartitionWideEntryBackupOperation:0.2733333333333333
