MyFlowRegistrar:0.36
FlowRegistryPopulationTests:0.31666666666666665
FlowRegistrarSupport:0.26666666666666666
SimpleFlowBuilder:0.1963333333333334
