Routes:0.49333333333333335
RouteImpl:0.31666666666666665
FilterImpl:0.31
RouteEntry:0.21
