IndicesService:0.5466666666666666
IndicesStoreTests:0.4533333333333333
IndicesServiceTests:0.2733333333333333
IndicesStore:0.26
ShardActiveResponseHandler:0.06
