RouterService:0.4666666666666667
TriggerRouterService:0.45666666666666667
ITriggerRouterService:0.4025
CsvLoader:0.22666666666666666
DataExtractorService:0.22
DataService:0.2
