BatchNormalization:0.7166666666666667
MultiLayerTest:0.2877777777777778
BatchNormalizationParamInitializer:0.15333333333333332
