HtmlElement:0.6066666666666667
XmlElement:0.4033333333333333
DomElement:0.25
