EntityIndexUtils:0.28
AbstractEntryProcessor:0.27
XmlFileUtil:0.26666666666666666
RssGenerator:0.23666666666666666
EditController:0.23333333333333334
TreeTag:0.23333333333333334
WebKeys:0.2211111111111111
WorkspaceModuleImpl:0.18333333333333332
ListProfilesController:0.09666666666666666
ListController:0.08333333333333333
ExportDefinitionController:0.07666666666666666
BuildWsFolder:0.03333333333333333
BuildWs:0.03333333333333333
UpdatePresenceController:0.0016666666666666668
