SynchronizedCollection:0.5533333333333333
Reader:0.33
Writer:0.33
SynchronizedMap:0.24666666666666667
