ChatDisplay:0.5533333333333333
ChatControl:0.30333333333333334
IChatControlListener:0.2353333333333333
IChatDisplayListener:0.17205555555555557
ChatControlAdapter:0.16333333333333333
ChatInput:0.12
ChatLine:0.04666666666666667
ChatLinePartnerChangeSeparator:0.03666666666666667
ChatClearedEvent:0.021555555555555557
CharacterEnteredEvent:0.01
MessageEnteredEvent:0.01
ChatLineSeparator:0.006666666666666667
