Build:0.78
BuildDetail:0.45666666666666667
BuildCommandTest:0.3466666666666667
BuildCommand:0.2833333333333333
BuildSummary:0.26666666666666666
