ScriptTest:0.7533333333333333
PeerHandler:0.40777777777777774
