FlowVariableResolverTests:0.7333333333333333
FlowNavigationHandlerParameterExtractorTests:0.39166666666666666
