DicomObject:0.76
AbstractDicomObject:0.3933333333333333
DcmGPWL:0.38
Tag:0.26666666666666666
Jpg2Dcm:0.22
Txt2DcmSR:0.20333333333333334
ContentHandlerAdapterTest:0.14333333333333334
Pdf2Dcm:0.12333333333333334
