AnalyzeActionIT:0.38666666666666666
SuggestSearchIT:0.36666666666666664
AnalysisModuleTests:0.29
CommonAnalysisFactoryTests:0.12333333333333334
