ConcurrentSessionFilter:0.6633333333333333
ConcurrentSessionFilterTests:0.3333333333333333
