Block:0.44
Cell:0.4066666666666667
NestedBlockLayout:0.36666666666666664
DateWidget:0.2866666666666667
