ArticleQueryService:0.5433333333333333
AdminProcessor:0.4633333333333333
SymphonyServletListener:0.2866666666666667
