ActorRefDelegate:0.5133333333333333
Local:0.30333333333333334
