TedMainDialog:0.41333333333333333
AddShowDialog:0.3566666666666667
Growl:0.28
EditShowDialog:0.21
TedTable:0.20333333333333334
ShowsTableModel:0.18
TedConfigDialog:0.16666666666666666
GrowlMessenger:0.14
TedParseHandler:0.11277777777777777
TedAboutDialog:0.08
