IRingSet:0.8766666666666667
RingSet:0.5733333333333334
RingSetTest:0.32666666666666666
