XMLWidget:0.49333333333333335
ExtensionManager:0.4633333333333333
Channel:0.44666666666666666
XMLObject:0.43333333333333335
Parameter:0.35333333333333333
ARINCOutputMessage:0.29333333333333333
ARINC661App:0.26666666666666666
ARINCRuntimeCommand:0.25666666666666665
Token:0.25666666666666665
TCPProtocol:0.25
DefaultBufferOfItemsConverter:0.23666666666666666
WebServerProtocol:0.2325
DefaultStringConverter:0.22666666666666666
WatchDogRenderer:0.22666666666666666
ClientConfigurationParser:0.22333333333333333
WidgetsDescriptionHandler:0.22
DatagramProtocol:0.22
SharedMemoryProtocol:0.21916666666666668
JFXServerWrapper:0.21666666666666667
EmbedClient:0.20333333333333334
JFXRendererPropertiesFactory:0.2
AbstractConfigurationParser:0.2
ClientSymbols:0.19333333333333333
ARINCRuntimeMessage:0.19333333333333333
LayerEvent:0.19
DefaultClientXMLDFHandler:0.18666666666666668
ARINCModelFactory:0.18333333333333332
DefaultClientBinaryDFHandler:0.17666666666666667
NetworkHandler:0.16666666666666666
ClientWidgetsRefHandler:0.16666666666666666
ParameterStruct:0.165
XMLMapsDefinitionParser:0.16333333333333333
UARequest:0.15166666666666667
JFXRenderersHandler:0.13
ClientLayerHelper:0.12
ErrorNotificationStruct:0.12
JFXSymbolDefinition:0.12
DefaultEventQueueListener:0.11
SetParameterStruct:0.09
CDSNotificationStruct:0.08333333333333333
UARequestStruct:0.08333333333333333
WidgetEvent:0.07666666666666666
ExceptionEvent:0.03666666666666667
AbstractARINCEncoder:0.006666666666666667
