Multiplicity:0.48333333333333334
TypeGraph:0.48333333333333334
TypeEdge:0.21333333333333335
