SumAggregationBuilder:0.39666666666666667
MaxAggregationBuilder:0.39666666666666667
MinAggregationBuilder:0.39666666666666667
InternalMax:0.36333333333333334
InternalMin:0.36333333333333334
InternalSum:0.36333333333333334
