DecodedBitStreamParser:0.53
PDF417BlackBox1TestCase:0.22277777777777777
DataMatrixBlackBox2TestCase:0.15166666666666667
