PubProperties:0.81
AllJUnitTests:0.37333333333333335
TestPubmedFetcher:0.3433333333333333
TestArticleCollection:0.17
