RemoveWorkflowScriptAction:0.25666666666666665
EditWorkflowScriptFormAction:0.25666666666666665
EditWorkflowScriptAction:0.17333333333333334
