SparkFilter:0.45666666666666667
SparkBase:0.42
ServletTest:0.31666666666666665
