TestFragment:0.5366666666666666
TestFragmentManager:0.3433333333333333
ShadowFragmentActivity:0.2966666666666667
ShadowFragment:0.27666666666666667
FragmentActivityTest:0.25333333333333335
FragmentManagerTest:0.17333333333333334
