SelectStatementAnalyzerTest:0.4866666666666667
FunctionNames:0.31666666666666665
ObjectType:0.2866666666666667
CastIntegrationTest:0.21
CastFunctionTest:0.16666666666666666
