RouteSelector:0.5316666666666666
HttpEngine:0.4766666666666667
RouteSelectorTest:0.32
