SubclassImplementationTargetTest:0.33
RebasedMethodInvocation:0.29333333333333333
RebaseImplementationTargetTest:0.27666666666666667
RebaseImplementationTarget:0.2633333333333333
Simple:0.24
RebaseImplementationTargetSpecialMethodInvocationTest:0.18666666666666668
AbstractImplementationTargetTest:0.14333333333333334
