ShadowArscAssetManager:0.64
ShadowAssetManager:0.5766666666666667
ShadowResourcesTest:0.2866666666666667
ShadowResources:0.23444444444444448
ShadowResourcesImpl:0.20666666666666667
ShadowTypedArray:0.18
ShadowAssetManagerTest:0.18
RobolectricFrameworkMethod:0.175
ShadowTheme:0.15666666666666668
ShadowThemeImpl:0.12666666666666668
