CaSession:0.8333333333333334
CaSessionBean:0.4666666666666667
AddAdminCommand:0.2866666666666667
