ExceptionUtils:0.55
Assertions:0.4266666666666667
Assumptions:0.31666666666666665
JUnit5TestDescriptor:0.21666666666666667
