NotifyBuilderUtil:0.4766666666666667
DefaultEmailFormatter:0.30666666666666664
NotifyBuilderEntry:0.2
NotifyBuilderDescription:0.19666666666666666
NotifyBuilderAttachments:0.19666666666666666
NotifyBuilderGraphic:0.18333333333333332
NotifyBuilderPlaces:0.18333333333333332
NotifyBuilderEvent:0.18333333333333332
NotifyBuilderCheck:0.18333333333333332
NotifyBuilderFile:0.18333333333333332
NotifyBuilderPrincipalList:0.18333333333333332
NotifyBuilderRadio:0.18333333333333332
NotifyBuilderSelect:0.18333333333333332
NotifyBuilderWorkflow:0.18333333333333332
