DriverConnectedSubscription:0.5833333333333334
DataFrameHandler:0.4533333333333333
