InternalTestCluster:0.6238888888888889
NodeConfigurationSource:0.44333333333333336
ESIntegTestCase:0.4222222222222222
