TaskNotificationRunner:0.44333333333333336
TestJMX:0.3333333333333333
AbstractMyTask:0.31
MyTask:0.30333333333333334
ManyJobsRunner:0.11666666666666667
