ArraysTest:0.5177777777777778
ConvertTest:0.32101587301587303
