XMLHelper:0.43666666666666665
Configuration:0.4222222222222222
ErrorLogger:0.24333333333333335
