ControllerHub:0.54
ClearAllEdit:0.14666666666666667
ReplaceAtomEdit:0.14666666666666667
IUndoRedoFactory:0.14416666666666667
ChangeIsotopeEdit:0.08666666666666667
ConvertToRadicalEdit:0.06
