StudentMySQLDataMapper:0.532
StudentOracleDataMapper:0.5166666666666667
App:0.3933333333333333
