OperationService:0.6766666666666666
InternalOperationService:0.5333333333333333
ClearExpiredRecordsTask:0.23666666666666666
TimedMemberStateFactoryHelper:0.22333333333333333
InstanceMBean:0.21
OperationServiceMBean:0.17333333333333334
OperationServiceDTO:0.10666666666666667
