HostClassNameStandardsTest:0.485
HostTypeOfTest:0.35333333333333333
HostClassNameTest:0.35333333333333333
