RubyTokenScanner:0.8966666666666666
TC_RubyTokenScanner:0.20666666666666667
