TodoList:0.6233333333333333
TodoListsManagerImpl:0.30666666666666664
TodoListsDwr:0.2527777777777778
TodoListsDwrImpl:0.21333333333333335
ShowTodoListsAction:0.18
TodoListDAOHibernate:0.11
TodoListsManager:0.08666666666666667
TodoListDAO:0.013333333333333334
