ComputationGraph:0.7066666666666667
MultiLayerNetwork:0.5933333333333334
ComputationGraphTestRNN:0.26666666666666666
TestComputationGraphNetwork:0.2633333333333333
MultiLayerTestRNN:0.22333333333333333
