AnnotationEditor:0.665
AnnotationSetsView:0.3933333333333333
AnnotationListView:0.27666666666666667
