HiveClientConfig:0.9133333333333333
AuthenticationModules:0.31333333333333335
CachingKerberosHadoopAuthentication:0.2733333333333333
TestHiveClientConfig:0.2
