GlobalConfiguration:0.5866666666666667
SystemConfigMBean:0.39666666666666667
WebConfiguration:0.24
StatedumpSession:0.15
