RIDSupport:0.46
WADOResponseObject:0.41
WADOStreamResponseObjectImpl:0.3
BasicWADOResponseObject:0.21666666666666667
ECGSupport:0.21000000000000002
RIDServlet:0.17
WADOServlet:0.16333333333333333
