KeyRecoveryDataPK:0.6233333333333333
KeyRecoveryDataBean:0.4166666666666667
LocalKeyRecoverySessionBean:0.23
