Viewer:0.42888888888888893
Node:0.38666666666666666
Edge:0.2966666666666667
SticksRenderer:0.29333333333333333
TransformManager:0.23666666666666666
