RunDatastoreQueryPanel:0.6483333333333333
RunDatastoreQueryPlugIn:0.37666666666666665
DataStoreQueryDataSource:0.29
