DataFileNotPresentException:0.7585714285714286
Messages:0.7516666666666667
ImportDataFileAction:0.31333333333333335
ActionExceptionHelper:0.2866666666666667
