MockHttpServletRequest:0.5982222222222222
MockHttpServletResponse:0.38777777777777783
