Registry:0.7066666666666667
ViewPlugin:0.37333333333333335
Open:0.35333333333333333
