InternalEngineTests:0.38666666666666666
IndexShardTestCase:0.36
InternalEngine:0.24666666666666667
ReplicationGroup:0.24333333333333335
GlobalCheckpointSync:0.20333333333333334
ESIndexLevelReplicationTestCase:0.19333333333333333
RecoveryDuringReplicationTests:0.08333333333333333
IndexWriterFactory:0.0011111111111111111
