KernelNodeBo:0.35333333333333333
FormalProofCheckerExecutor:0.30666666666666664
Qedeq2LatexExecutor:0.27
WellFormedCheckerExecutor:0.25333333333333335
ProofCheckerImpl:0.21333333333333335
ControlVisitor:0.21
ReferenceResolver:0.14984920634920637
Qedeq2LatexPlugin:0.12666666666666668
FormulaUtility:0.10666666666666667
BasicProofErrors:0.0275
