CallbackResultHolder:0.68
FutureResultCallback:0.4666666666666667
OperationIterable:0.4166666666666667
