Table:0.5033333333333333
UniqueDelegate:0.483888888888889
Configuration:0.37666666666666665
UniqueKey:0.3466666666666667
DB2Dialect:0.1811111111111111
DefaultUniqueDelegate:0.09333333333333334
