StudyBean:0.5466666666666666
GspsEncode:0.36333333333333334
SearchableDicomObject:0.31366666666666665
KeyObjectBean:0.22
TestUrlRetrieve:0.19
TimeRunnable:0.16833333333333333
WLFilter:0.15
GspsDiscover:0.12666666666666668
KeyObjectFilter:0.11333333333333333
