ArrayInterface:0.37333333333333335
ArrayDebug:0.30333333333333334
Array:0.3
ArrayDebugPlugin:0.2966666666666667
ArrayPlugin:0.27666666666666667
HopDataStorage:0.21
StepInto:0.1
StepOver:0.1
