QedeqLog:0.49
ControlVisitor:0.29
ServiceProcessImpl:0.27666666666666667
DynamicDirectInterpreter:0.26
KernelContext:0.24333333333333335
DefaultInternalKernelServices:0.23
SimpleProofFinderExecutor:0.21666666666666667
FormalProofCheckerExecutor:0.20333333333333334
WellFormedCheckerExecutor:0.2
DynamicHeuristicCheckerExecutor:0.19666666666666666
Qedeq2LatexExecutor:0.19333333333333333
KernelQedeqBoStorage:0.18333333333333332
TraceListener:0.13
LogListenerImpl:0.13
LogListener:0.10833333333333334
Qedeq2UnicodeTextExecutor:0.06666666666666667
PluginExecutor:0.05
Qedeq2Utf8Executor:0.04666666666666667
