PKCS10RequestMessage:0.5466666666666666
CrmfRequestMessage:0.2972222222222222
MSPKCS10RequestMessage:0.27
X509CATest:0.25666666666666665
CertToolsTest:0.24
ScepRequestMessage:0.23722222222222225
BatchEnrollmentGUIView:0.23722222222222225
AdminCertReqServlet:0.13333333333333333
