OpenALMusic:0.8966666666666666
JavaSoundAudioDevice:0.6144444444444445
