Traversable:0.39
Some:0.38166666666666665
Left:0.3377777777777778
Errors:0.33
Right:0.3225
RoseTree:0.3
RightProjection:0.22333333333333333
LeftProjection:0.22333333333333333
Success:0.19483333333333333
Failure:0.16316666666666668
