JGraph:0.48
Options:0.42
Editor:0.34
JEdgeLayout:0.32
JAttr:0.31333333333333335
JVertexView:0.29333333333333333
Simulator:0.29
JEdgeView:0.25666666666666665
LayedOutXml:0.25333333333333335
EditorJGraph:0.11777777777777779
JGraphMarqueeHandler:0.10666666666666667
MyEdgeHandle:0.08666666666666667
MyGraphSelectionModel:0.056666666666666664
JCellLayout:0.03666666666666667
AddPointAction:0.03333333333333333
RemovePointAction:0.03333333333333333
SetLineStyleAction:0.03
MyEdgeRenderer:0.0033333333333333335
MyMouseListener:0.0033333333333333335
