SearchSourceBuilder:0.6433333333333333
SearchSourceBuilderTests:0.43666666666666665
SearchService:0.29
