SourceView:0.5733333333333334
SourceViewFactory:0.18333333333333332
