BatchPresentation:0.7929999999999999
DeployDefinitionTest:0.37694444444444447
