BeanPanel:0.5733333333333334
EditSource:0.4
SourceCol:0.3433333333333333
EventsBean:0.26666666666666666
QualityBean:0.10666666666666667
