DefaultPackageManager:0.5166666666666667
AndroidManifest:0.45666666666666667
ServiceData:0.43333333333333335
ShadowPackageManagerTest:0.2733333333333333
AndroidManifestTest:0.20333333333333334
