HazelcastClient:0.47
FastByteArrayOutputStream:0.32
HazelcastClientTest:0.26666666666666666
DynamicClusterTest:0.25666666666666665
FastByteArrayInputStream:0.24333333333333335
ConnectionManager:0.19
StringSerializer:0.18666666666666668
DataSerializer:0.18666666666666668
ClusterClientProxy:0.18571428571428572
ListenerManager:0.15
SessionObject:0.12666666666666668
