ValidatorConfig:0.6566666666666666
ValidatorWizard:0.44333333333333336
ValidatorParser:0.35
