RedissonKeys:0.44
RObject:0.23666666666666666
RedissonObject:0.22333333333333333
RKeys:0.19416666666666665
RKeysAsync:0.19416666666666665
RObjectAsync:0.15833333333333333
RedisCommands:0.12169841269841271
