OutputModelFactory:0.571888888888889
ATNFactory:0.56
GrammarAST:0.3433333333333333
ParserATNFactory:0.30333333333333334
TestATNConstruction:0.27666666666666667
CodeGenerator:0.24666666666666667
OutputModelController:0.22666666666666666
Tool:0.21
CodeGenPipeline:0.17666666666666667
DefaultOutputModelFactory:0.15
CodeGeneratorExtension:0.14444444444444446
BaseTest:0.11
