TypeDescription:0.6666666666666666
GenericTypeDescription:0.47
InstrumentedType:0.43333333333333335
GenericTypeList:0.37
InlineInstrumentedType:0.2866666666666667
SubclassInstrumentedType:0.2733333333333333
NamingStrategyTest:0.26166666666666666
PrefixingRandom:0.26166666666666666
LazyProjection:0.25333333333333335
ForSignatureVisitor:0.24333333333333335
AbstractTypeDescription:0.22666666666666666
Explicit:0.22333333333333333
ForParameterizedType:0.21
ForWildcardType:0.21
ForGenericArray:0.21
ForTypeVariable:0.21
AbstractTypeDescriptionTest:0.19
Empty:0.16666666666666666
NamingStrategyUnnamedTypeDefaultTest:0.16
AbstractMethodDescription:0.16
GettingStartedNamingStrategy:0.09333333333333334
InlineInstrumentedTypeTest:0.09333333333333334
Latent:0.09
AbstractBase:0.03916666666666667
SampleGenericType:0.0025
