Builder:0.4166666666666667
ParagraphVectors:0.36666666666666664
WordVectorSerializer:0.33666666666666667
SequenceVectors:0.26
TfidfVectorizer:0.16
ParagraphVectorsTest:0.15666666666666668
TfidfVectorizerTest:0.11666666666666667
SequenceVectorsTest:0.11666666666666667
VectorCalculationsThread:0.03666666666666667
