TaskManager:0.32666666666666666
Areologist:0.29533333333333334
Architect:0.23861111111111113
Engineer:0.23861111111111113
Astronomer:0.23861111111111113
Biologist:0.23861111111111113
Chemist:0.23861111111111113
Botanist:0.23861111111111113
Doctor:0.23861111111111113
Physicist:0.23861111111111113
Mathematician:0.23861111111111113
Meteorologist:0.23861111111111113
