RestClient:0.8397777777777778
Sniffer:0.25333333333333335
RestTestClient:0.05333333333333334
