MultiplexerContext:0.7633333333333333
StateTransitionManager:0.58
MultiplexerChannelHandler:0.18333333333333332
OutboundChannelHandler:0.18333333333333332
