SamlRegisteredServiceServiceProviderMetadataFacade:0.5905555555555555
SamlObjectSignatureValidator:0.5533333333333333
SamlIdPEndpointsConfiguration:0.2866666666666667
