ShowInfo:0.81
AddShowPage:0.38666666666666666
AddShowServiceImplTest:0.26666666666666666
ShowInformationProvider:0.18066666666666667
AddShowPageController:0.18
AddShowPageControllerTest:0.15666666666666668
AddShowsServiceImpl:0.1
LocalShowInfoProvider:0.08777777777777777
