SerializerHookLoader:0.4137222222222222
SerializerHookLoaderTest:0.27666666666666667
TestSerializerWithTypeConstructor:0.24333333333333335
