FileHandle:0.6733333333333333
GwtFileHandle:0.45666666666666667
AndroidFileHandle:0.37333333333333335
