TiledMapTile:0.5391111111111112
TiledMap:0.3
TiledMapTileSets:0.23
TiledMapTileSet:0.17333333333333334
TiledMapTileLayer:0.09333333333333334
TmxMapLoader:0.08333333333333333
TiledMapRenderer:0.03666666666666667
StaticTiledMapTile:0.0033333333333333335
