Query:0.5166666666666667
SortProperty:0.2733333333333333
SortByFactory:0.22
SortBy:0.21666666666666667
Expression:0.16666666666666666
SortByTest:0.12333333333333334
PropertyNameTest:0.1
PropertyNameFactory:0.07666666666666666
AbstractQuery:0.030833333333333334
EqualsTest:0.01
