LdapTemplate:0.53
LdapOperations:0.43333333333333335
LdapTemplateTest:0.27666666666666667
