Histogram:0.48333333333333334
TestHistogram:0.2966666666666667
LegacyHistogramGroupState:0.225
GroupedHistogramState:0.225
SingleHistogramState:0.13333333333333333
HistogramState:0.052388888888888895
