DataTypeDefinition:0.6533333333333333
DefaultDataType:0.481388888888889
AbstractRoutine:0.3566666666666667
AbstractTable:0.3333333333333333
JavaGenerator:0.27666666666666667
UDTImpl:0.27
DefaultDataTypeDefinition:0.23666666666666666
DefaultBinding:0.18333333333333332
AbstractTypedElementDefinition:0.15666666666666668
