TestingSplit:0.4066666666666667
TestSqlStageExecution:0.36
NodeSelector:0.30666666666666664
NodeScheduler:0.2733333333333333
InformationSchemaSplitManager:0.25666666666666665
