TestCreole:0.6644444444444445
TestTemplate:0.38333333333333336
TestControllers:0.35333333333333333
TestGate:0.19777777777777777
