CommunicationBean:0.5166666666666667
AddCommunication:0.38
PubCommunicationTable:0.35333333333333333
GeneralDB:0.22333333333333333
UpdateCommunication:0.05
