Process:0.4633333333333333
ProcessErr:0.4091666666666667
Codd:0.38666666666666666
Eye:0.31333333333333335
