Execution:0.9316666666666666
StepOver:0.25666666666666665
