MyVisitor:0.8033333333333333
AltLabelStructDecl:0.7733333333333333
