WidgetFactory:0.5541666666666667
ExtensionManager:0.47
Converter:0.37333333333333335
AbstractWidgetFactory:0.3466666666666667
BufferArrayCell:0.22
DefaultEventStructConverter:0.14666666666666667
