Bond:0.5266666666666666
Atom:0.39666666666666667
RingSet:0.2961111111111111
AtomContainer:0.2733333333333333
Renderer2D:0.27
SSSRFinder:0.25333333333333335
MDLWriter:0.12666666666666668
