RedissonClient:0.7733333333333333
Redisson:0.5666666666666667
RedissonRemoteServiceTest:0.25333333333333335
RedissonExecutorService:0.24883333333333335
