EngineConfig:0.47333333333333333
InternalEngineTests:0.44
IndexingMemoryController:0.42
ShardsIndicesStatusChecker:0.29333333333333333
ShardAndBytesUsed:0.13
