AggregationNode:0.7466666666666667
TestEffectivePredicateExtractor:0.3933333333333333
TestCountConstantOptimizer:0.10666666666666667
