MultiKeyBinaryCommands:0.24666666666666667
BinaryJedisCommands:0.235
BinaryJedis:0.22333333333333333
BinaryShardedJedis:0.16
HyperLogLogCommandsTest:0.06666666666666667
