SVGMapUtil:0.64
SVGLoader:0.36666666666666664
TestSVGMapUtil:0.26666666666666666
