AnnotationUtils:0.58
AnnotationUtilsTest:0.30333333333333334
BeanValidationInterceptor:0.23
DefaultWorkflowInterceptor:0.15
AnnotationWorkflowInterceptor:0.13666666666666666
AnnotationValidationInterceptor:0.12666666666666668
