FactoryImpl:0.3566666666666667
BaseManager:0.35
ResponseQueueCall:0.23111111111111116
ClusterViewImpl:0.22666666666666666
MultiCall:0.19666666666666666
MapStoreTest:0.19333333333333333
MemberStatsPublisher:0.17333333333333334
AddressPicker:0.1511111111111111
IO:0.07527777777777778
GroupProperties:0.06916666666666667
