GraphicFactory:0.6666666666666666
MapItemRendererFactory:0.5666666666666667
PropertiesHandler:0.3933333333333333
LoaderUtilities:0.38333333333333336
AbstractMapItem:0.355
JFXPainterUtils:0.35
SwingFactory:0.35
ItemStyle:0.3333333333333333
ParserUtils:0.31
AbstractMapItemList:0.29333333333333333
ServerExtensionLoader:0.29
ClientConfigurationParser:0.2866666666666667
JFXProjectedMapItemRenderer:0.27666666666666667
ServerConfigurationParser:0.2644444444444444
SizeToFitContainerRenderer:0.2633333333333333
MapHorzPanel2Test:0.25
SwingServerWrapper:0.24
JFXLegendRenderer:0.23666666666666666
FrameworkConfiguration:0.22444444444444447
JFXFactory:0.21777777777777782
MapHorzPanelRenderer:0.21666666666666667
MapItemsUIHandler:0.20333333333333334
EmbedClient:0.2
MapItemsPaneRenderer:0.2
JFXServerWrapper:0.2
ARINC661App:0.19666666666666666
ClientWrapper:0.1922222222222222
MapItemListRenderer:0.18333333333333332
StandAloneServerExtMapsTest:0.18
ClientPropertiesLoaderTest:0.17333333333333334
JFXLineSegmentRenderer:0.16666666666666666
ItemDef:0.16333333333333333
ServerPropertiesLoaderTest:0.16333333333333333
AbstractMapItemRendererFactory:0.15
JFXTriangleEndDoubleRenderer:0.14666666666666667
JFXLineArcRenderer:0.14666666666666667
JFXTriangleEndRenderer:0.14666666666666667
AbstractServerEngine:0.14333333333333334
MapItemsUIHandlerTest:0.14333333333333334
JFXSymbolOvalRenderer:0.14333333333333334
JFXTriangleSegmentRenderer:0.14166666666666666
JFXTriangleSegmentDoubleRenderer:0.14166666666666666
ProjectionTask:0.14
JFXFilledPolyStartRenderer:0.13
JFXLineStartRenderer:0.12666666666666668
JFXSymbolTargetRenderer:0.12666666666666668
SizeToFitContainerRendererTest:0.12
ExtensionMapsTest:0.11666666666666667
EngineConfigurator:0.11333333333333333
JFXSymbolRectangleRenderer:0.10333333333333333
JFXSymbolCircleRenderer:0.10333333333333333
JFXSymbolRunwayRenderer:0.10333333333333333
JFXSymbolRotatedRenderer:0.1
JFXSymbolGenericRenderer:0.1
JFXDrawLineToCursorRenderer:0.09333333333333334
JFXSizeToFitContainerRendererTest:0.08666666666666667
SwingMapItemRendererFactory:0.06666666666666667
ToggleButtonRendererTest:0.06333333333333334
JFXMapItemRendererFactory:0.06
JFXLabelRendererTest:0.05333333333333334
JFXToggleButtonRendererTest:0.05333333333333334
