Word2VecPerformerVoid:0.42
InMemoryLookupTable:0.37333333333333335
RNTN:0.32666666666666666
Word2VecPerformer:0.2833333333333333
LBFGS:0.28
ParameterVectorUpdateable:0.19666666666666666
WordVectorSerializerTest:0.14333333333333334
TsneTest:0.14333333333333334
DefaultStepFunction:0.13666666666666666
ConvolutionDownSampleLayerTest:0.12666666666666668
SaxpyMap:0.11333333333333333
SentenceBatch:0.09333333333333334
BarnesHutTsneTest:0.09333333333333334
MultiLayerTest:0.08666666666666667
