ExponentialBackOffPolicyTests:0.7886111111111112
FixedBackOffPolicyTests:0.4619444444444445
