HiveClientConfig:0.693888888888889
HdfsConfiguration:0.32
TestHiveClientConfig:0.30666666666666664
