Dao:0.8066666666666666
Files:0.42333333333333334
NutDao:0.31333333333333335
SimpleDaoTest:0.30666666666666664
Times:0.22499999999999995
Chain:0.164
