SunshineRaytracer:0.64
SunshineStandardRaytracer:0.37
SunshineBidirPathtracer:0.34
InitKernel:0.24666666666666667
TraceInitKernel:0.15666666666666668
LightInitKernel:0.06
