ShaderProgram:0.66
GwtGraphics:0.35555555555555557
FloatTextureData:0.3105555555555556
