InternalSettingsPreparer:0.4511111111111111
Bootstrap:0.29333333333333333
ESSingleNodeTestCase:0.2833333333333333
ExternalTestCluster:0.23222222222222225
EvilInternalSettingsPreparerTests:0.17666666666666667
TransportClientFactory:0.17666666666666667
ESSmokeClientTestCase:0.17666666666666667
TribeUnitTests:0.17
TransportClientIT:0.16666666666666666
