TupleInfo:0.6966666666666667
UncompressedSliceBlockCursor:0.3
Builder:0.2916666666666667
UncompressedBlock:0.2838333333333333
TestTupleInfo:0.18666666666666668
