NodeGatewayStartedShards:0.44333333333333336
PrimaryShardAllocatorTests:0.29
ReplicaShardAllocatorTests:0.2633333333333333
TestAllocator:0.24333333333333335
NodeRequest:0.1927777777777778
TransportNodesListGatewayStartedShards:0.17444444444444446
