Code:0.5383333333333333
CodeWScope:0.30133333333333334
BSONTimestamp:0.3
Binary:0.15
Symbol:0.14
