Default:0.5066666666666667
AgentBuilder:0.43666666666666665
ExecutingTransformer:0.2633333333333333
Matched:0.25333333333333335
NativeMethodStrategy:0.20444444444444443
ByteBuddyAgentInstallerTest:0.17
AgentBuilderDefaultTest:0.14
ForPrefix:0.10666666666666667
AgentBuilderInitializationStrategyTest:0.03333333333333333
