CasServiceResponseAuthenticationSuccess:0.5633333333333334
AbstractCasView:0.4633333333333333
Cas30JsonResponseView:0.3333333333333333
Cas30ResponseView:0.25
