BiojavaSequence:0.6133333333333333
BioObject:0.5966666666666667
