SymmetricEngine:0.5133333333333333
Constants:0.48611111111111116
IJobManager:0.3453333333333334
ParameterServiceTest:0.2833333333333333
AbstractJob:0.23666666666666666
JobManager:0.18333333333333332
