RecordType:0.155
ScopedName:0.13666666666666666
LocalName:0.12333333333333334
Record:0.09666666666666666
NameSpace:0.08
