GsonConverterFactory:0.5744444444444444
GsonResponseBodyConverter:0.43666666666666665
GsonConverterFactoryTest:0.31666666666666665
