IndexShard:0.7666666666666667
ReplicationPhase:0.2916666666666667
TransportReplicationAction:0.21666666666666667
PrimaryPhase:0.20333333333333334
RecoverySourceHandler:0.19666666666666666
EngineRefresher:0.14666666666666667
AsyncReplicaAction:0.14
IndicesLifecycleListenerIT:0.12333333333333334
UpdateTask:0.12
WriteResult:0.11333333333333333
IndexShardReference:0.08333333333333333
