JsonProvider:0.6550000000000001
Bench:0.38333333333333336
PathToken:0.32666666666666666
GsonJsonProvider:0.2966666666666667
JsonPathTest:0.26
OptionsTest:0.24333333333333335
PropertyPathToken:0.19666666666666666
JsonSmartJsonProvider:0.17333333333333334
WildcardPathToken:0.13333333333333333
JacksonJsonProvider:0.08861111111111111
ApiResource:0.06
