GreenplumJdbcSqlTemplate:0.45666666666666667
PostgreSqlTriggerTemplate:0.43333333333333335
GreenplumTriggerTemplate:0.14444444444444446
