BootstrapService:0.41
ConfigurationService:0.39
Constants:0.31316666666666665
IConfigurationService:0.24666666666666667
DataService:0.24333333333333335
