SecondsBasedEntryTaskScheduler:0.5372222222222223
MapReplicationOperation:0.31333333333333335
EntryProcessorExecutor:0.30666666666666664
