ZoneConfig:0.44
LocaleUtils:0.41333333333333333
AbstractZoneModule:0.30333333333333334
NLT:0.3016666666666667
DefinitionModuleImpl:0.27666666666666667
PropsUtil:0.25383333333333336
BuildDefinitionDivs:0.21333333333333335
