Crate:0.8266666666666667
CrateF:0.23333333333333334
CratePlugin:0.21666666666666667
