CruiseControlController:0.5
Main:0.49476190476190474
CruiseControlControllerJMXAdaptor:0.24666666666666667
CruiseControlControllerJMXAdaptorMBean:0.16083333333333333
