ClientMapProxy:0.29
CacheProxy:0.22
ClientCacheProxy:0.20333333333333334
MapEventJournalReadOperation:0.18
CacheEventJournalReadOperation:0.18
MapProxyImpl:0.17666666666666667
CacheEventJournalReadResultSetImpl:0.12416666666666666
MapEventJournalReadResultSetImpl:0.12416666666666666
ProjectionAdapter:0.1
EventJournalReader:0.04666666666666667
