BundleDelegatingClassLoader:0.6866666666666666
BundleDelegatingClassLoaderTest:0.32666666666666666
AbstractRefreshableOsgiBundleApplicationContextTest:0.30266666666666664
