Compiler:0.7133333333333334
QuorumCompiler:0.45666666666666667
QuorumEditorParser:0.26
QuorumFormatter:0.25666666666666665
QuorumLanguage:0.0
