ExpressionInterpreter:0.5833333333333334
AstVisitor:0.4766666666666667
InterpretedFilterFunction:0.32666666666666666
InterpretedProjectionFunction:0.32
