DomNode:0.7933333333333333
NodeImplTest:0.42333333333333334
NodeImpl:0.38333333333333336
