LocalAreaUtil:0.6133333333333333
ConstructBuilding:0.30333333333333334
SalvageBuilding:0.2633333333333333
TaskManager:0.23333333333333334
VehicleAirlock:0.14333333333333334
BuildingAirlock:0.14333333333333334
Architect:0.02666666666666667
