OkHeaders:0.7166666666666667
SpdyTransport:0.37
HeadersTest:0.32
HttpConnection:0.2966666666666667
