MediaDriver:0.5233333333333333
DriverConnectedSubscription:0.4866666666666667
DataFrameHandler:0.25
LossHandler:0.18
