Printer:0.59
Reprap:0.4666666666666667
Main:0.2791666666666667
Producer:0.25333333333333335
NullCartesianMachine:0.19666666666666666
