TableTemplate:0.7466666666666667
CsvLoader:0.37
AdditiveDataLoaderFilterTest:0.2733333333333333
DuplicateTableDataLoaderFilter:0.23333333333333334
XmlPublisherFilterTest:0.15666666666666668
