DSL:0.6966666666666667
Function:0.3222222222222222
