Corpus:0.47
QueryResult:0.38333333333333336
StructuralUnit:0.33666666666666667
Property:0.2633333333333333
Subcorpus:0.21
LineComparator:0.2063968253968254
MainCorpus:0.19333333333333333
Match:0.13666666666666666
ReferencePattern:0.04666666666666667
CompositeComparator:0.04
StructuralUnitProperty:0.035
LexicographicReferenceComparator:0.0
LexicographicKeywordComparator:0.0
