AbstractJPPFClassLoader:0.8133333333333334
AbstractJPPFClassLoaderLifeCycle:0.37333333333333335
JPPFSynchronizedSoftCache:0.27
JPPFCache:0.1622222222222222
