BooleanProperty:0.6766666666666666
PropertyBuilder:0.35
ModelPropertyTest:0.12666666666666668
