ComponentRecorder:0.4388888888888889
ComponentRecorderTest:0.3933333333333333
CaptureDragDropTest:0.2833333333333333
RobotTest:0.25666666666666665
RobotDragDropTest:0.25333333333333335
ComponentTesterTest:0.22333333333333333
DragLabel:0.21333333333333335
AllTests:0.17
TesterTestSuite:0.17
DropTable:0.10222222222222223
DropTree:0.09222222222222222
