MainScene:0.34
Settlement:0.25666666666666665
MasterClock:0.25333333333333335
ClockThreadTask:0.25333333333333335
OrbitInfo:0.24333333333333335
GroupLayoutPane:0.09666666666666666
TestMainScene:0.02
TestGroupLayoutPane:0.011388888888888888
