SingletonScope:0.3933333333333333
BeanDestroy:0.3466666666666667
SessionScope:0.30333333333333334
WireTest:0.2866666666666667
ShutdownAwareScope:0.15666666666666668
PetiteRegistry:0.13333333333333333
