HydrogenAdder:0.49666666666666676
HydrogenAdderTest:0.49333333333333335
