Mission:0.5866666666666667
TravelToSettlement:0.3333333333333333
Driver:0.20666666666666667
OrbitInfo:0.17666666666666667
CollectResourcesMission:0.15
JobManager:0.10666666666666667
Areologist:0.055
