MultiLayerNetwork:0.5433333333333333
Builder:0.44666666666666666
Word2Vec:0.37333333333333335
TextPipelineTest:0.27
BaseLayer:0.22333333333333333
SubsamplingLayer:0.21904761904761907
Word2VecTest:0.17333333333333334
MultiLayerTest:0.13333333333333333
