IRoutingContext:0.6433333333333333
RoutingContext:0.39
RoutingServiceTest:0.38666666666666666
RoutingService:0.38333333333333336
