BaseMultiLayerNetwork:0.43666666666666665
HiddenLayerMatrix:0.37
SdAMatrix:0.2966666666666667
Builder:0.26666666666666666
DeepLearningTest:0.08333333333333333
