Peer:0.6266666666666667
PeerGroup:0.36
PeerExecutionRunnable:0.24333333333333335
DownloadListener:0.23333333333333334
PeerEventListener:0.12833333333333333
PrivateKeys:0.11333333333333333
RefreshWallet:0.1
