XmlConfigImportVariableReplacementTest:0.4066666666666667
XmlClientConfigImportVariableReplacementTest:0.4033333333333333
AbstractConfigBuilder:0.26666666666666666
OverridePropertyRule:0.23333333333333334
ICMPHelper:0.21194444444444446
IdentityReplacer:0.08
TestReplacer:0.036388888888888894
