ScriptModes:0.5266666666666666
ScriptModesTests:0.4166666666666667
ScriptService:0.32
NodeEnvironmentTests:0.2866666666666667
ScriptServiceTests:0.205
NativeScriptTests:0.08833333333333333
FunctionScoreBackwardCompatibilityTests:0.08
