RedissonLock:0.7333333333333333
RedissonCountDownLatch:0.4583333333333333
RedissonLockTest:0.37
