DefaultAuthorization:0.4655555555555555
PolicyEnforcementPoint:0.46
PolicyFinderModule:0.44333333333333336
