ZipUtil:0.3466666666666667
MulticastDiscovery:0.27666666666666667
PropertiesHelper:0.26666666666666666
JiniLookUpUtility:0.1311111111111111
PropertyEntry:0.09916666666666667
ReggieUtil:0.061111111111111116
ZipUtilTest:0.05333333333333334
FileUtil:0.03333333333333333
PropertiesHelperTest:0.024722222222222222
MulticastDiscoveryTest:0.01
