SystemProperties:0.43666666666666665
Property:0.41
TableModel:0.27
Version:0.26666666666666666
AboutBox:0.25666666666666665
Unmodifiable:0.09666666666666666
