OutputLayer:0.6066666666666667
BaseMultiLayerNetwork:0.5366666666666666
Sigmoid:0.20444444444444446
DBNTest:0.18666666666666668
