RestAssured:0.7366666666666667
RequestSpecification:0.681111111111111
SSLTest:0.18333333333333332
