InvoiceTest:0.6766666666666666
SelectListFormatAction:0.37333333333333335
Charts:0.315
TestSessionAttributeAction:0.22333333333333333
