SideKickParser:0.35
SideKick:0.30666666666666664
SideKickActions:0.27
SideKickCompletion:0.25833333333333336
KeyHandler:0.2277777777777778
SideKickPlugin:0.22333333333333333
SideKickCompletionPopup:0.15333333333333332
SideKickBindings:0.10333333333333333
