HighlighterSearchTests:0.66
FastVectorHighlighter:0.34
PostingsHighlighter:0.19111111111111112
HighlightPhase:0.16666666666666666
