BinderHelper:0.8166666666666667
ListFolderHelper:0.3433333333333333
WorkspaceTreeHelper:0.32
ModifyEntryController:0.24666666666666667
