Config:0.4032222222222222
HttpRequesterImpl:0.29
Fetcher:0.27666666666666667
SegmentWriter:0.26
HttpResponse:0.20333333333333334
Crawler:0.16666666666666666
DbUpdater:0.14
FetcherThread:0.13777777777777775
