IborCoupon:0.35
FixedRateCoupon:0.32
BPSCalculator:0.30666666666666664
CashFlows:0.2866666666666667
MakeVanillaSwap:0.24
FixedRateLeg:0.23111111111111116
Detail:0.23
VanillaSwap:0.22666666666666666
IborIndex:0.19666666666666666
PeriodParser:0.1958730158730159
IborLeg:0.18083333333333335
FloatingLeg:0.13333333333333333
