EjbcaWS:0.4766666666666667
CaSessionBean:0.3
AuthorizationDataHandler:0.2811111111111111
EjbcaWebBean:0.2633333333333333
RAInterfaceBean:0.25
EjbcaWSHelper:0.23333333333333334
CertificateProfileSessionBean:0.22333333333333333
ApprovalSessionBean:0.21077777777777779
EndEntityAccessSessionBean:0.19666666666666666
