FileSystemDataSource:0.5266666666666666
FileAccessor:0.3333333333333333
FileSystemCrawler:0.2633333333333333
FILESYSTEMDS:0.23194444444444448
TestFileAccessor:0.20583333333333334
TestFileSystemCrawler:0.04
