RuntimeEnvironment:0.5366666666666666
AbstractLdapPlugin:0.41333333333333333
Statistics:0.4
DummyHttpServletRequest:0.32
AuthorizationFramework:0.30333333333333334
DummyHttpSession:0.22333333333333333
ProjectHelperTestBase:0.21
AuthorizationFrameworkTest:0.19
ProjectHelperTest:0.18
