ManagedAnnotation:0.885
AnnotatedProxy:0.8612301587301588
ManagedServiceInterceptor:0.4866666666666667
