ServiceNode:0.5880952380952381
TopologyViewScene:0.5366666666666666
ServicesFrame:0.3233333333333333
