RequestResponseProcess:0.7449444444444445
RequestResponseOperation:0.4619444444444445
