EhcacheProperties:0.6222222222222222
EhCacheTicketRegistry:0.35333333333333333
EhcacheTicketRegistryConfiguration:0.21333333333333335
OAuth20UserProfileControllerController:0.2
EhcacheTicketRegistryTestConfiguration:0.0
