SequencerAgent:0.7233333333333334
TimerService:0.5194444444444445
SequencerAgentTest:0.2633333333333333
