ClassDetailsFiller:0.7833333333333333
MetaObjectAsmClass:0.25666666666666665
