XmlUtil:0.6666666666666666
ErrorDialog:0.3466666666666667
BackCompatibilityClassNames:0.3
JpdlSerializer:0.29
ConstraintsModel:0.25666666666666665
BpmnSerializer:0.20333333333333334
BotTaskUtils:0.1788888888888889
