EditorLayer:0.8333333333333334
DefaultBinaryExporter:0.41333333333333333
