JsonPathTest:0.5016666666666667
ComplianceTest:0.3555555555555555
ArrayIndexFilter:0.3444444444444445
