Robolectric:0.7066666666666667
SQLite:0.44
ShadowSQLiteCursor:0.36333333333333334
ShadowAbstractCursor:0.26
SQLiteDatabaseTest:0.25333333333333335
ShadowSQLiteDatabase:0.22
RobolectricTestRunner:0.22
RobolectricTestRunnerInterface:0.2
SQLiteCursorTest:0.18666666666666668
ShadowOverlayItem:0.17944444444444446
TestUtil:0.15333333333333332
CursorAdapterTest:0.08
Reflection:0.02
Strings:0.02
WithTestDefaultsRunner:0.016666666666666666
