FormatUtils:0.7333333333333333
ColumnNamingConvention:0.33
BeanNamingConvention:0.25
FormatUtilsTest:0.14666666666666667
