Matcher:0.43666666666666665
SearchStrategy:0.37555555555555553
QuantifierCountChecker:0.253
ValueNodeSearchItem:0.24666666666666667
PlanSearchEngine:0.21
MatcherFactory:0.19
ReteSearchStrategy:0.14333333333333334
PlanSearchStrategy:0.13666666666666666
SearchEngine:0.12333333333333334
ValueOracle:0.10005555555555554
ValueQueryRecord:0.06666666666666667
ReteSearchEngine:0.035833333333333335
DefaultValueOracle:0.03222222222222222
