ViewManager:0.6566666666666666
EditViewFactory:0.2733333333333333
Create:0.24333333333333335
