TransformDataLoader:0.5266666666666666
TransformDataLoaderTest:0.31666666666666665
IColumnTransform:0.23159523809523813
IgnoreRowException:0.04638888888888889
IgnoreColumnException:0.043055555555555555
AdditiveColumnTransform:0.0
