QueryUtils:0.8433333333333334
DbTableFixture:0.52
TableKeyValueFixture:0.26
CountFixture:0.043333333333333335
