Store:0.5133333333333333
ClusterManager:0.37333333333333335
Q:0.37
ConcurrentMapManager:0.3333333333333333
LineReader:0.3272804232804233
ConnectionManager:0.32666666666666666
Record:0.30333333333333334
BaseManager:0.27
JoinRequest:0.2633333333333333
CMap:0.23666666666666666
TestApp:0.19333333333333333
DefaultPacketProcessor:0.19
MPut:0.19
Connector:0.18133333333333332
DataSerializer:0.16666666666666666
ResponseQueueCall:0.15833333333333333
ConnectionCheckCall:0.11166666666666666
Acceptor:0.1075
LoadStoreFork:0.08666666666666667
OutSelector:0.06666666666666667
Loader:0.03666666666666667
DummyStore:0.023333333333333334
MTargetAwareOp:0.0033333333333333335
DefaultLineReader:0.0025
HistoricLineReader:0.0
