DateTimeSeparatedFormatter:0.4666666666666667
DateTimeCombinedFormatter:0.35
ShipmentSeparatedTimeTest:0.32
ShipmentTest:0.03333333333333333
DateTimeBaseFormatter:0.0
