WebKeys:0.5910000000000001
ListFolderController:0.31
WorkspaceTreeController:0.2733333333333333
