Search:0.6066666666666667
NodeTypeSearchItem:0.33
SearchPlanStrategy:0.3
PlanData:0.26
NodeTypeSingularRecord:0.24555555555555558
GraphSearchPlanFactory:0.19666666666666666
NodeTypeMultipleRecord:0.19444444444444445
GrammarPlanData:0.12666666666666668
