PartitionServiceImpl:0.3933333333333333
QueryTest:0.31
ProxyRegistry:0.2833333333333333
MigrationRequestOperation:0.25333333333333335
ProxyServiceImpl:0.2277777777777778
TestHazelcastInstanceFactory:0.15333333333333332
PostJoinProxyOperation:0.10666666666666667
QueryValue:0.043333333333333335
TestNodeRegistry:0.03333333333333333
