NotificationParamGen:0.4866666666666667
LocalUserAdminSessionBean:0.4166666666666667
UserPasswordExpireWorker:0.22666666666666666
CertificateExpirationNotifierWorker:0.12444444444444443
