Configuration:0.6133333333333333
XMLStatementBuilder:0.2633333333333333
XMLMapperBuilder:0.24666666666666667
MapperBuilderAssistant:0.19777777777777777
XmlExternalRefTest:0.15333333333333332
MultipleCrossIncludeTest:0.14333333333333334
IncludeNodeHandler:0.13666666666666666
