ConnectionManager:0.5266666666666666
MasterSlaveConnectionManager:0.5022222222222222
RedissonBucket:0.31333333333333335
