HiveMetadata:0.6266666666666667
AbstractTestHiveClient:0.5066666666666667
HiveBenchmarkQueryRunner:0.36666666666666664
HivePlugin:0.35
HiveMetadataFactory:0.31
HiveConnectorFactory:0.25333333333333335
AbstractTestHiveClientS3:0.19333333333333333
TestHiveConnectorFactory:0.13333333333333333
