SimpleValue:0.5366666666666666
EntityEnum:0.4766666666666667
EnumeratedTypeTest:0.10333333333333333
