Repository:0.8033333333333333
RepositoryInfo:0.2733333333333333
MercurialRepository:0.27
RepositoryFactory:0.25666666666666665
RepoRepository:0.25333333333333335
AccuRevRepository:0.25333333333333335
MonotoneRepository:0.25333333333333335
SSCMRepository:0.25333333333333335
BazaarRepository:0.25333333333333335
ClearCaseRepository:0.25333333333333335
PerforceRepository:0.25333333333333335
MercurialRepositoryTest:0.21666666666666667
SubversionRepository:0.21
RazorRepository:0.19
RCSRepository:0.13376984126984126
SCCSRepository:0.13376984126984126
GitRepository:0.13
