ScriptedMetricTests:0.6933333333333334
ScriptedMetricAggregator:0.5666666666666667
Factory:0.12
MetricsAggregator:0.11666666666666667
