BaseTestSuite:0.31666666666666665
KernelBaseIoTestSuite:0.29
KernelBaseUtilityTestSuite:0.16666666666666666
DateUtilityTest:0.11666666666666667
