String:0.5466666666666666
Array:0.5366666666666666
Integer:0.3566666666666667
Mango_ArrayList:0.3272804232804233
Class:0.26
Byte:0.23333333333333334
Short:0.23333333333333334
Boolean:0.22444444444444447
StringBuffer:0.22416666666666665
ArrayList:0.2
Object:0.18
Mango_Object:0.1
Mango_String:0.08666666666666667
Mango_StringBuffer:0.0725
Mango_Class:0.06833333333333333
Mango_Boolean:0.01
Mango_Byte:0.0
Mango_Short:0.0
Mango_Integer:0.0
