AbstractAnnotationListTest:0.7929999999999999
AbstractBase:0.37666666666666665
