Select:0.7433333333333333
jOOQAbstractTest:0.33666666666666667
Executor:0.30666666666666664
SelectImpl:0.22
AbstractSelect:0.17666666666666667
AggregateWindowFunctionTests:0.13
