TestInternalConnection:0.44
TestCommandListener:0.30333333333333334
WriteProtocol:0.23666666666666666
CommandProtocol:0.21
GetMoreProtocol:0.21
Interaction:0.13333333333333333
