Horn:0.43333333333333335
Hydra:0.33666666666666667
PhiBall:0.32
Arrange:0.32
Tree:0.31333333333333335
Variation:0.2633333333333333
BlockColor:0.21666666666666667
BlockScale:0.21333333333333335
