Job:0.8433333333333334
BatchMetaDataExplorer:0.6666666666666666
SimpleJobOperator:0.3
AbstractJob:0.2
ContextClosingJob:0.10666666666666667
JobParametersNotFoundException:0.10666666666666667
JobSupport:0.09
SimpleJobOperatorTests:0.05333333333333334
JobParametersNotFoundExceptionTests:0.008888888888888889
