ResultQuery:0.6787222222222222
jOOQAbstractTest:0.6466666666666666
AbstractResultQuery:0.5433333333333333
AbstractDelegatingSelect:0.28
