AnnotationBinder:0.56
AnnotationConfiguration:0.39666666666666667
InfinispanRegionFactory:0.35
EntityBinder:0.34
JBossCacheRegionFactory:0.30666666666666664
ClusterAwareRegionFactory:0.30666666666666664
RegionFactoryCacheProviderBridge:0.30666666666666664
RegionFactory:0.23644444444444446
NoCachingRegionFactory:0.22666666666666666
