ManagedChannelImpl:0.47927777777777775
EquivalentAddressGroup:0.30333333333333334
ManagedChannelImplTest:0.22
