CDKResourceAdapter:0.5766666666666667
BondLengthRegistry:0.4266666666666667
BondUtil:0.3
ScaleFactorLabelProvider:0.25
