SWTRenderer:0.7266666666666667
MoleculesEditorLabelProvider:0.30333333333333334
MoleculesOutlinePage:0.22
JChemPaintSWTWidget:0.16833333333333333
