HtmlUnitDOMBuilder:0.7394444444444445
HtmlSerializer:0.44111111111111106
