GUIRegistry:0.68
GUIUtils:0.4866666666666667
LookAndFeelUtils:0.20666666666666667
GeneralUIPane:0.2
