Scanner:0.4666666666666667
LobManager:0.44666666666666666
ParserDDL:0.30666666666666664
ParserCommand:0.25333333333333335
RangeIteratorBase:0.25
FunctionCustom:0.18744444444444444
