Channel:0.5466666666666666
LocalActor:0.35333333333333333
ActorImpl:0.26
ChannelGroup:0.24666666666666667
DWordNode:0.2063968253968254
EOFException:0.2
Mailbox:0.19
IntChannel:0.18333333333333332
RemoteChannelReceiver:0.16333333333333333
ReceiveChannel:0.16166666666666665
SingleConsumerLinkedArrayDWordQueue:0.14333333333333334
RemoteChannel:0.14
DisruptorReceiveChannel:0.12666666666666668
DoubleChannel:0.12666666666666668
FloatChannel:0.12666666666666668
LongChannel:0.12666666666666668
RemoteBasicGenBehavior:0.11555555555555555
Topic:0.09833333333333333
CloseMessage:0.06761904761904762
ChannelTest:0.05333333333333334
SendChannel:0.03666666666666667
