PyFrozenSet:0.555
BaseSet:0.5133333333333333
PySet:0.4766666666666667
