DisplacementChargeFromAcceptorReaction:0.8138888888888889
DisplacementChargeFromAcceptorReactionTest:0.6433333333333333
