AbstractClientEngine:0.37
StatefullAPIImpl:0.3333333333333333
WidgetEvent:0.28
StatefullAPI:0.24916666666666668
ClientEngine:0.235
Message:0.2
ClientMessageProcessor:0.19083333333333333
LayerListeners:0.16277777777777777
ExceptionEvent:0.06
LayerEvent:0.06
ARINCLayerEvent:0.03666666666666667
