CompositeMultiMatcherTest:0.4033333333333333
CompositeMatcherTest:0.36666666666666664
MatcherTest:0.22191269841269842
ClassMultiMatcherTest:0.17333333333333334
AllTests:0.14522222222222222
FinderMultiMatcherTest:0.13
DummyWidgetMultiMatcher:0.12333333333333334
