BeforeInstallPromptEvent:0.8058333333333333
HostParentOfATest:0.5066666666666667
HostTypeOfTest:0.3933333333333333
