Transducer:0.41
DocumentFormat:0.36
Batch:0.3333333333333333
POSTagger:0.31666666666666665
DefaultGazetteer:0.29
CorpusImpl:0.28
SinglePhaseTransducer:0.27666666666666667
Nerc:0.2733333333333333
HtmlDocumentHandler:0.24083333333333334
CustomProgressListener:0.22666666666666666
DefaultTokeniser:0.21333333333333335
SentenceSplitter:0.20666666666666667
DocumentImpl:0.20666666666666667
XmlDocumentFormat:0.15666666666666668
SgmlDocumentFormat:0.14
EmailDocumentFormat:0.11666666666666667
HtmlDocumentFormat:0.10666666666666667
