DefaultAppCore:0.5833333333333334
NOPLoggerTest:0.18
SimpleLoggerTest:0.11
Slf4jLoggerTest:0.11
JCLLoggerTest:0.11
JDKLoggerTest:0.11
DefaultAppCoreTest:0.10666666666666667
