HttpCollector:0.55
CollectionAgent:0.44333333333333336
SnmpPeerFactoryTest:0.37666666666666665
