ChoiceGenerator:0.56
JChemPaintEditorWidget:0.52
JCPCellPainter:0.3433333333333333
JChemPaintWidget:0.26666666666666666
