SelectDistinctOnStep:0.4533333333333333
DSL:0.37333333333333335
DefaultDSLContext:0.35333333333333333
SelectQueryImpl:0.2966666666666667
SelectQuery:0.29394444444444445
DSLContext:0.2778174603174603
Utils:0.27666666666666667
SelectSelectStep:0.27144444444444443
SelectImpl:0.25666666666666665
SelectFieldList:0.11
