ClusterManager:0.5433333333333333
ConnectionManager:0.29
XMLConfigBuilderTest:0.2211111111111111
ValueIterator:0.16333333333333333
CloudyUtility:0.16
