StyleablePropertyMap1:0.5766666666666667
StyleablePropertyMap:0.4666666666666667
ObservableEntrySet:0.28
SimpleChange:0.20666666666666667
CssSample:0.19666666666666666
StyledValue:0.19
SimpleStyleablePropertyBean:0.17333333333333334
ObservableValues:0.13666666666666666
ObservableKeySet:0.13666666666666666
ObservableEntry:0.07333333333333333
MapStyleableProperty:0.042777777777777776
