TestXMPPFileTransferSender:0.5366666666666666
MultiUserChatManagerTest:0.26
Test:0.16666666666666666
AllTests:0.04
