AuthenticationRepositoryBeanDefinitionParser:0.6366666666666667
SecurityNamespaceHandler:0.25666666666666665
RememberMeBeanDefinitionParserTest:0.135
