MissingConfiguration:0.6366666666666667
ConfigUtils:0.4066666666666667
ApplicationContextConfiguration:0.2633333333333333
