NoopStreamObserver:0.7011111111111111
ServerCalls:0.25333333333333335
ServerCallsTest:0.25
AbstractWorkerService:0.14333333333333334
AbstractRouteGuide:0.14333333333333334
AbstractTestService:0.11666666666666667
AbstractGreeter:0.11
AbstractUnimplementedService:0.11
AbstractLoadBalancer:0.11
AbstractBenchmarkService:0.0033333333333333335
AbstractReconnectService:0.0033333333333333335
