StateListener:0.38319841269841265
MPanel:0.37333333333333335
Button:0.23333333333333334
MColorButton:0.2277777777777778
MDialog:0.22666666666666666
MIndicator:0.22166666666666668
MCalendar:0.215
MInternalFrame:0.20666666666666667
StateEvent:0.20666666666666667
MWizard:0.20333333333333334
MURLButton:0.2
MSmallColorChooser:0.19833333333333333
MRating:0.19
MList:0.1877777777777778
MColorPicker:0.17666666666666667
MTogglePanel:0.17166666666666666
TaskPanel:0.12333333333333334
