TextArea:0.23568694
HyperSearchResult:0.14155914
