BufferAutosaveRequest:0.07357785
JEditKillRing:0.030812103
