RuntimeEnvironment:0.8166666666666667
Indexer:0.20333333333333334
RuntimeEnvironmentTest:0.17666666666666667
