Rule:0.5533333333333333
BasicEvent:0.5433333333333333
RuleApplication:0.5
Condition:0.47
Search:0.43333333333333335
RuleMatch:0.38
TreeMatch:0.3
ConditionSearchItem:0.29
SearchPlan:0.26
RuleSystem:0.25666666666666665
CompositeEvent:0.25555555555555554
NotCondition:0.24666666666666667
EdgeEmbargo:0.24333333333333335
AbstractEvent:0.24333333333333335
SeedSearchItem:0.23
DefaultGraphNextState:0.22666666666666666
Level:0.22666666666666666
CtrlFactory:0.22333333333333333
SearchPlanStrategy:0.21666666666666667
ExplorationStatistics:0.21333333333333335
RulePanel:0.21333333333333335
ConditionChecker:0.21
DefaultRuleView:0.205
SystemRecord:0.20333333333333334
ForallCondition:0.20333333333333334
Namespace:0.2
CtrlBuildTest:0.19833333333333333
CtrlCall:0.19
RuleDependencies:0.18666666666666668
AbstractStrategy:0.18333333333333332
ReteNetwork:0.17666666666666667
SearchEngineFactory:0.17666666666666667
Materialisation:0.17666666666666667
StateCache:0.17333333333333334
NACTest:0.16333333333333333
AbstractConditionRecord:0.14194444444444446
PlanData:0.13
CtrlLoader:0.13
ReteStrategy:0.12642857142857145
SearchPlanEngine:0.12333333333333334
ItemTypeComparator:0.12
CompositeEventCache:0.11666666666666667
Predicate_ruleevent_transpose:0.09
NegConditionRecord:0.09
ReteMatchSetCollector:0.08666666666666667
MinimalAnchorFactory:0.08
Predicate_ruleevent_created_node:0.08
Predicate_ruleevent_anchor_edge:0.07666666666666666
Predicate_ruleevent_anchor_node:0.07666666666666666
Predicate_ruleevent_created_edge:0.07666666666666666
MatchStrategy:0.07
PosConditionRecord:0.028333333333333332
