OpenIdValidateController:0.5933333333333334
OpenIdConfiguration:0.49666666666666665
OpenIdServiceResponseBuilder:0.35333333333333333
