DataHandler:0.6833333333333333
AnsiDataHandler:0.3466666666666667
TestDataHandler:0.32
ParserUtil:0.27
AnsiQueryHandler:0.21
QueryHandler:0.19416666666666665
JAMWikiCategoryHandler:0.17333333333333334
BulkLoaderPoolExecutor:0.15666666666666668
