RendererOffsetTest:0.36666666666666664
ServerCockpitConnectorsTest:0.34
LayerTreeEditorCopyPaste3Test:0.26
LayerTreeEditorCopyPaste4Test:0.26
LayerTreeEditorCreateTest:0.26
Renderer_2Test:0.25833333333333336
ServerCockpit_4Test:0.25555555555555554
LayerTreeEditorCopyPasteTest:0.25
ServerCockpit_OverrideTest:0.24944444444444447
RendererUITest:0.24427777777777776
RendererSymbolsTest:0.24427777777777776
RendererSymbols_2Test:0.24427777777777776
RendererTest:0.235
ConcreteLayerPainterTest:0.23333333333333334
ServerEngineParser_2Test:0.21833333333333332
LayerTreeEditorCreate1Test:0.21333333333333335
LayerTreeEditorCutPasteKeysTest:0.21333333333333335
LayerTreeEditorGroupUngroupTest:0.21333333333333335
ServerMapItemsUtilities:0.20666666666666667
ServerCockpitTest:0.20277777777777775
Renderer_3Test:0.19666666666666666
LayerTreeEditorCopyPaste2Test:0.19666666666666666
BasicServerEngine_4Test:0.19666666666666666
LayerTreeEditorCopyPaste1Test:0.19666666666666666
ServerCockpit_2Test:0.1938888888888889
ServerCockpit_3Test:0.1938888888888889
DFHandler_3Test:0.18
RendererOffsetLayoutTest:0.17666666666666667
ServerCockpitParserTest:0.17666666666666667
RendererOffset2Test:0.14666666666666667
ServerCockpit_5Test:0.13666666666666666
ServerCockpit_ConstantsTest:0.11
MapItemConnectedRendererTest:0.11
ServerCockpitConnectors1Test:0.07666666666666666
