FluxLightModel:0.4866666666666667
JOCLContext:0.2633333333333333
JOCLBuffer:0.23333333333333334
JOCLProgram:0.20666666666666667
FluxWhittedTracer:0.15933333333333335
DeviceMonitor:0.15
JOCLKernel:0.13666666666666666
