BaseProcessFormAction:0.4
WFFormTag:0.33666666666666667
SubmitStartProcessFormAction:0.18666666666666668
SubmitTaskFormAction:0.12333333333333334
StartProcessInstanceAction:0.10666666666666667
SubmitInfoPathFormAction:0.10666666666666667
