HTMLCollection:0.6233333333333333
JavaScriptEngine:0.48
HTMLCollectionTest:0.43166666666666664
