IndexWriterProjector:0.5266666666666666
ColumnIndexWriterProjector:0.37666666666666665
ProjectionToProjectorVisitor:0.37666666666666665
IndexWriterProjectorUnitTest:0.20666666666666667
IndexWriterProjectorTest:0.16
