LayoutFrame:0.8066666666666666
IncoreImageProtocolHandler:0.5683333333333334
PrintLayoutPlugin:0.21333333333333335
