MatchFieldConfig:0.6333333333333333
EMPIConfig:0.59
SubjectMatchFieldsDAO:0.2966666666666667
MatchConfig:0.27
ScoredRecord:0.23666666666666666
FRILMatchAlgorithm:0.18
AddSubjectHandler:0.14
