CasCoreAuditConfiguration:0.7466666666666667
PasswordChangeAction:0.49813888888888885
