ScriptClassInfo:0.6916666666666667
ConstructorGenerator:0.4066666666666667
