TK:0.1076543
IntegerProperty:0.10430821
MApplication:0.0686286
Property:0.06379178
