Lang:0.8566666666666667
Networks:0.3466666666666667
NetworkItem:0.31333333333333335
