JsEnvironment:0.7933333333333333
JsThread:0.25666666666666665
