Peer:0.57
PeerGroup:0.4166666666666667
PeerTest:0.21666666666666667
