GwtServerHelper:0.5233333333333333
GwtViewHelper:0.36
VibeMenuItem:0.34
ActionMenuCell:0.23666666666666666
GwtMenuHelper:0.23666666666666666
PopupMenu:0.1888888888888889
ElementWrapper:0.023055555555555555
