SeqFeatureI:0.6866666666666666
GenericAnnotationI:0.6633333333333333
GenericAnnotationSetI:0.5125
GenericAnnotation:0.49
SeqFeature:0.4266666666666667
Selection:0.42333333333333334
Transcript:0.3933333333333333
FeatureEditorDialog:0.36666666666666664
Gene:0.34
Exon:0.33
GenericAnnotationSet:0.32
GAMEAdapter:0.31666666666666665
GeneEditPanel:0.30666666666666664
DrawableFeatureSet:0.23666666666666666
ApolloNameAdapterI:0.22777777777777777
DrawableSeqFeature:0.22666666666666666
SetDetailPanel:0.21333333333333335
EvidencePanel:0.2
DrawableAnnotatedSeqFeature:0.19666666666666666
DetailInfo:0.19
BaseFineEditor:0.18666666666666668
FeatureEditPanel:0.16833333333333333
ApolloFrame:0.16333333333333333
AnnotationMenu:0.16333333333333333
DefaultNameAdapter:0.16
FlyNameAdapter:0.15
TypeCellRenderer:0.13333333333333333
TranscriptEditPanel:0.10666666666666667
ApolloFeatureSelectionListener:0.08666666666666667
