GwtTeamingMessages:0.481388888888889
GwtClientHelper:0.44333333333333336
GwtServerHelper:0.30333333333333334
LoginReportComposite:0.2833333333333333
LicenseReportComposite:0.24666666666666667
GwtRpcServiceImpl:0.22444444444444447
CreateLoginReportCmd:0.17666666666666667
GwtReportsHelper:0.17
ReportDownloadController:0.13666666666666666
WebKeys:0.11333333333333333
