LiveValidationProvider:0.4803888888888889
ClientsideValidationProvider:0.3096428571428571
