EditorManager:0.5166666666666667
ViewportActivity:0.33666666666666667
EditorListener:0.32
EditorAPI:0.30333333333333334
OutgoingInvitationProcess:0.25333333333333335
