RuleTransition:0.58
Action:0.49
Callable:0.4633333333333333
Rule:0.41333333333333333
Condition:0.33666666666666667
CtrlLoader:0.3
Procedure:0.28
CtrlFactory:0.24
Namespace:0.22666666666666666
CriticalPair:0.22333333333333333
RecipeTransition:0.22
CompositeControlModel:0.2
ProgramBuildTest:0.2
PlanData:0.19333333333333333
ConditionSearchItem:0.19333333333333333
CtrlTester:0.19
DefaultRuleTransition:0.17333333333333334
AutomatonBuildTest:0.17333333333333334
CtrlBuildTest:0.17333333333333334
RuleTransitionLabel:0.16
ControlModel:0.1511111111111111
Recipe:0.15
GraphTransition:0.14
Function:0.0
