FlowFacesUtils:0.5266666666666666
FlowPhaseListener:0.47333333333333333
FlowNavigationHandler:0.2733333333333333
