MemoryCache:0.6533333333333333
DicomFilter:0.3433333333333333
MemoryCacheFilterBase:0.26666666666666666
DicomImageFilter:0.21333333333333335
