AmazonWorkDocs:0.5922777777777778
AmazonWorkDocsClient:0.43666666666666665
AmazonWorkDocsAsync:0.4144722222222222
AbstractAmazonWorkDocs:0.37333333333333335
AbstractAmazonWorkDocsAsync:0.3233333333333333
FailedBatch:0.2833333333333333
AmazonWorkDocsAsyncClient:0.27666666666666667
DynamoDBMapperConfig:0.013333333333333334
