Qualifiers:0.5366666666666666
XmlContext:0.41333333333333333
ResBundleTest:0.32666666666666666
ResBundle:0.19666666666666666
QualifiersTest:0.15333333333333332
ResMap:0.15
DocumentLoader:0.14666666666666667
ConverterTest:0.14
StaxValueLoaderTest:0.11
RawResourceLoader:0.1
DrawableResourceLoader:0.0325
