NameTable:0.5566666666666666
StatementGenerator:0.37666666666666665
OuterReferenceResolver:0.29
Rewriter:0.26
LambdaExpression:0.24888888888888897
ObjectiveCHeaderGenerator:0.19972222222222225
LambdaTest:0.12333333333333334
