Context:0.4633333333333333
EgressPublisher:0.3
LogAppender:0.28
AeronArchive:0.22083333333333333
AeronCluster:0.21444444444444447
