BloggerAPIHandler:0.8433333333333334
MetaWeblogAPIHandler:0.49333333333333335
