SCEventGenerator:0.49333333333333335
ESParser:0.35
SCEvent:0.3233333333333333
JPF_gov_nasa_jpf_sc_StateMachine:0.31666666666666665
SystemState:0.31
JVM:0.29833333333333334
SimStateMachine:0.29
SCEventSingleChoice:0.26
StateMachine:0.24333333333333335
SCEventFromSet:0.23666666666666666
ClassInfo:0.21666666666666667
PathConstraint:0.21
UIInspector:0.20333333333333334
ChoiceTracker:0.18
ConsAnyExcept:0.006666666666666667
