Address:0.5233333333333333
CMap:0.43
Node:0.3333333333333333
ClusterTest:0.2833333333333333
BaseManager:0.17
PartitionStateGeneratorTest:0.16666666666666666
