ModuleSpecifierWrapper:0.45666666666666667
ClassNodeWrapper:0.44666666666666666
RenameModuleConfig:0.33666666666666667
PartialClassNodeWrapper:0.27
RealClassNodeWrapper:0.21666666666666667
TC_ModuleInclusionFinder:0.18666666666666668
ModuleIncludeFinder:0.185
RenameModuleConditionChecker:0.12
RenameClassConditionChecker:0.11666666666666667
ClassFinder:0.1
IncludeRenameEditProvider:0.08666666666666667
RenameModuleRefactoring:0.08
NameHelper:0.07
TC_NameHelper:0.06666666666666667
