Measurement:0.5533333333333333
FluxLightModelTracer:0.4866666666666667
MeasuringSetup:0.32666666666666666
