ChunkResult:0.35333333333333333
SynchronousChunkProcessor:0.32
ChunkContext:0.32
FailureChunkResult:0.17
SuccessChunkResult:0.08333333333333333
