ApplicationPreferences:0.5083333333333333
DictionaryRelationSerializer:0.33666666666666667
SQL92SQLGenerator:0.30333333333333334
JDBCReverseEngineeringStrategy:0.26
RelationEditor:0.23333333333333334
XMLRelationSerializer:0.17333333333333334
