SequenceBean:0.5366666666666666
TermTable:0.4766666666666667
PubSourceBean:0.45666666666666667
UserBean:0.4066666666666667
LocusTable:0.4033333333333333
AnnotationTable:0.38666666666666666
AddPubObject:0.37333333333333335
CommunicationBean:0.3646666666666667
AnalysisReferenceBean:0.338
PubSourceAliasBean:0.32666666666666666
PubReferenceBean:0.31722222222222224
TermBeanImpl:0.31333333333333335
TermAliasBean:0.30666666666666664
GeneModelTypeBean:0.30666666666666664
StatisticsBean:0.30333333333333334
ProtocolBean:0.29333333333333333
SequenceTable:0.2833333333333333
AttributionBean:0.28
GeneTable:0.28
UrlBean:0.28
SequenceBeanImpl:0.27666666666666667
GeneAliasBean:0.27666666666666667
EvidenceDescriptionBean:0.27666666666666667
PubObjectTable:0.27666666666666667
LuceneTermIterator:0.27
EvidenceTypeBean:0.27
PubReferenceTable:0.27
GermplasmBean:0.26666666666666666
PhenotypeBean:0.26666666666666666
PubAliasBean:0.2633333333333333
AddAnnotation:0.2633333333333333
PubAliasTable:0.2633333333333333
GeneBeanImpl:0.26
AlleleTable:0.25333333333333335
LuceneArticleIterator:0.25333333333333335
LocusBeanImpl:0.25083333333333335
GeneAliasTable:0.25083333333333335
ArticleTable:0.25
StorableGeneBeanImpl:0.2475
EvidenceDescriptionListBean:0.24666666666666667
GeneLocusLinkingBean:0.24666666666666667
AnnotationBeanImpl:0.24666666666666667
HitBeanImpl:0.24666666666666667
AddComment:0.24666666666666667
ObsoleteArticle:0.24333333333333335
UserTable:0.24333333333333335
RelationshipTypeTable:0.24333333333333335
AnnotationTaskBean:0.23838888888888887
EvidenceDescriptionTable:0.23833333333333334
AddGermplasm:0.23666666666666666
AddAllele:0.23666666666666666
AddArticle:0.23666666666666666
AlleleBeanImpl:0.23583333333333334
AddSequenceI:0.23
PubDatabaseReferenceBean:0.22666666666666666
CommentTable:0.22166666666666668
PhenotypeTable:0.22083333333333333
ObsoleteGene:0.22
EvidenceTypeTable:0.22
CommentBean:0.22
AddHit:0.21888888888888886
StorableAnnotationBeanImpl:0.21666666666666667
UpdateHistoryBeanImpl:0.21666666666666667
AddPhenotype:0.21333333333333335
AddTerm:0.2122222222222222
TermAliasTable:0.21
UserListBean:0.205
PubAliasListBean:0.205
EvidenceTypeListBean:0.205
ArticleBeanImpl:0.2
AddAnnotationTask:0.19666666666666666
LuceneGeneIterator:0.19666666666666666
AddGene:0.19333333333333333
TermBeanIterator:0.19305555555555554
HitTable:0.19
MarkFinishedAnnotationTask:0.19
GeneModelTypeTable:0.19
ProtocolTable:0.19
UrlTable:0.19
ArticleBeanFactory:0.18333333333333332
ObsoletePubSource:0.18
AddLocus:0.17333333333333334
UnobsoleteTerm:0.165
SqlCommands:0.16333333333333333
PubSourceTable:0.15666666666666668
UserBeanFactory:0.15333333333333332
UnobsoleteGene:0.14666666666666667
DropAnnotationTask:0.14333333333333334
PubCommunicationTable:0.14
AttributionTable:0.13666666666666666
UrlLinkingTable:0.13666666666666666
StopWordBean:0.13666666666666666
PubSourceAliasTable:0.13666666666666666
HitBeanFactory:0.12333333333333334
TermBeanFactory:0.11666666666666667
UrlReferenceBeanFactory:0.11333333333333333
GeneAlleleLinkingBeanFactory:0.11333333333333333
PubSourceBeanFactory:0.11
SearchAllTerms:0.09333333333333334
SearchAllLoci:0.09333333333333334
SearchAllGenes:0.09333333333333334
SearchAllGermplasms:0.09333333333333334
SearchAllAlleles:0.09333333333333334
SearchAllArticles:0.09333333333333334
SearchAllSequences:0.09333333333333334
SearchAllPubSourceAlias:0.09333333333333334
SearchAllPubSource:0.09333333333333334
AlleleBeanFactory:0.08666666666666667
PubAnalysisReferenceTable:0.08666666666666667
LocusBeanFactory:0.08333333333333333
AnnotationBeanFactory:0.07333333333333333
GeneBeanFactory:0.07333333333333333
SequenceBeanFactory:0.07333333333333333
