Toolbar:0.5266666666666666
ClassySharkPanel:0.4855555555555555
ClassySharkPanelUtils:0.4327777777777778
