Project:0.8066666666666666
ProfileBackingBean:0.4066666666666667
ContextUtils:0.25666666666666665
