InitService:0.5733333333333334
AbstractTestCase:0.25333333333333335
ArticleMgmtServiceTestCase:0.13666666666666666
ArticleQueryServiceTestCase:0.13666666666666666
LinkMgmtServiceTestCase:0.11333333333333333
PageMgmtServiceTestCase:0.11333333333333333
CommentMgmtServiceTestCase:0.10333333333333333
PreferenceQueryServiceTestCase:0.1
CommentQueryServiceTestCase:0.1
TagQueryServiceTestCase:0.1
ArchiveDateQueryServiceTestCase:0.1
PreferenceMgmtServiceTestCase:0.1
PageQueryServiceTestCase:0.1
LinkQueryServiceTestCase:0.1
TagMgmtServiceTestCase:0.09333333333333334
InitServiceTestCase:0.08
