Dao:0.6766666666666666
Sql:0.6166111111111112
NutDao:0.42
NutSql:0.3233333333333333
