AbstractOsgiServiceImportFactoryBean:0.5
ImporterInternalActions:0.3878888888888889
OsgiServiceProxyFactoryBean:0.2733333333333333
OsgiServiceCollectionProxyFactoryBean:0.25666666666666665
DefaultMandatoryDependencyManager:0.24
DependencyServiceManager:0.18333333333333332
OsgiServiceAnnotationTest:0.17666666666666667
DisposableBeanRunnableAdapter:0.15666666666666668
ImporterController:0.08666666666666667
Executor:0.06666666666666667
