LexicalTable:0.6305555555555555
LexicalTableImpl:0.32
Line:0.29777777777777775
Partition:0.2733333333333333
Page:0.2633333333333333
Cooccurrence:0.2633333333333333
CA:0.20583333333333334
Specificites:0.18333333333333332
NullComparator:0.16333333333333333
