ResumptionToken:0.49666666666666665
GeonetworkResumptionToken:0.46
Xml:0.2633333333333333
SRUSearch:0.21333333333333335
AccessManager:0.20666666666666667
LuceneSearcher:0.19666666666666666
LuceneIndexReaderFactory:0.19666666666666666
Download:0.19666666666666666
AbstractRequest:0.13666666666666666
AbstractTokenLister:0.10333333333333333
ResumptionTokenCache:0.06
