ElucidateServerPage:0.5866666666666667
ServerWizardPage:0.5583333333333333
ElucidateWizard:0.19166666666666668
