ComponentViewGraphModeEventHandler:0.623611111111111
ComponentViewHierarchicalGraphModeEventHandler:0.48833333333333334
