XContentGenerator:0.6566666666666666
InsertBenchmark:0.5066666666666667
QueryVisitor:0.34295238095238095
