Utils:0.38333333333333336
DefaultZooKeeperClient:0.37666666666666665
JobInspectCommand:0.2866666666666667
HealthCheckTest:0.20666666666666667
RetryingRequestDispatcher:0.19
DefaultRequestDispatcher:0.14666666666666667
JobStopCommand:0.14
JobStartCommand:0.14
