DBCursor:0.48
CommandProtocol:0.36666666666666664
CommandMessage:0.36333333333333334
CommandOperationHelper:0.2833333333333333
WriteProtocol:0.20666666666666667
CommandProtocolExecutingCallback:0.18599999999999997
CommandHelper:0.14333333333333334
