JtaTransactionCoordinatorImpl:0.6288888888888888
TransactionImpl:0.5583333333333333
JtaTransactionJoiningTest:0.18666666666666668
