Options:0.6866666666666666
Simulator:0.39666666666666667
Editor:0.36
RunAction:0.33666666666666667
StatePanel:0.30333333333333334
AspectualGrammarView:0.3
GraphGrammar:0.22666666666666666
MyMouseListener:0.10666666666666667
NewGraphAction:0.08666666666666667
NewRuleSystemAction:0.04
