CommandResultBaseCallback:0.2633333333333333
CommandResultCallback:0.15
GetMoreResultCallback:0.13333333333333333
WriteResultCallback:0.13333333333333333
QueryResultCallback:0.13333333333333333
