CommonConfiguration:0.62
A661Factory:0.5433333333333333
AbstractServerEngine:0.2733333333333333
DefaultA661ServerFactory:0.22
CockpitConfigurationHandlerTest:0.20833333333333334
AbstractClientEngine:0.20333333333333334
ClientAPIUtilities:0.18666666666666668
ClientComUtilities:0.17
SuperLayerGeneratorTest:0.16
ClientConfigurationParser:0.14333333333333334
CockpitConfigurationHandlerKOTest:0.12333333333333334
MultiAppliGenerator2Test:0.12
MultiAppliGenerator3Test:0.12
MultiAppliGeneratorTest:0.12
DefaultA661ClientFactory:0.11333333333333333
ConfigCockpitAction:0.11
