RBatch:0.49366666666666664
CommandBatchService:0.44333333333333336
RedissonBatch:0.42333333333333334
CommandsData:0.2833333333333333
RedissonBatchTest:0.22
CommandEncoder:0.19666666666666666
RedissonBatchReactive:0.19333333333333333
CommandDecoder:0.18666666666666668
CommandReactiveBatchService:0.11444444444444443
