ServerConnection:0.5883333333333334
FutureFactoryImpl:0.22666666666666666
PackageHelper:0.21416666666666667
DatagramServerHandler:0.18
TextDecoder:0.14
HandlerManager:0.11666666666666667
