DataEnvironment:0.3566666666666667
StepFactory:0.35333333333333333
TypeDescriptor:0.31
ActivationRecord:0.24333333333333335
MethodDescriptor:0.19166666666666668
CallStep:0.165
