Interpreter:0.6033333333333334
Operation:0.36333333333333334
HTTPMessage:0.27666666666666667
HTTPParser:0.25666666666666665
SOAPProtocol:0.2075
OneWayProcess:0.14666666666666667
RequestResponseProcess:0.14666666666666667
