ShadowViewTest:0.4266666666666667
RoboAttributeSetTest:0.36
ShadowEditTextTest:0.29
ShadowContextTest:0.2833333333333333
ShadowPreferenceGroupTest:0.25666666666666665
ShadowProgressBarTest:0.22
ViewStubTest:0.18333333333333332
