TestData:0.36333333333333334
BiojavaManagerTest:0.35333333333333333
BiojavaSequence:0.30777777777777776
IBiojavaManager:0.18833333333333332
BiojavaManager:0.15333333333333332
BiojavaRNASequence:0.03333333333333333
BiojavaDNASequence:0.0
