Euler:0.5466666666666666
Codd:0.2966666666666667
EulerRunner:0.21444444444444447
jDuration:0.13
jSemantics:0.10333333333333333
jGlobalUrl:0.07666666666666666
jMatches:0.07666666666666666
jWwwFormEncode:0.07666666666666666
jDowncaseAtom:0.07666666666666666
jDateTime:0.0033333333333333335
