Sink:0.6666666666666666
BufferedSource:0.6366666666666667
Source:0.5766666666666667
RealBufferedSource:0.2833333333333333
Okio:0.26
RealBufferedSink:0.23
RealBufferedSourceTest:0.19333333333333333
GzipSourceTest:0.18666666666666668
RealBufferedSinkTest:0.14333333333333334
InflaterSourceTest:0.13666666666666666
DeflaterSink:0.13
DeflaterSinkTest:0.12666666666666668
OkioTest:0.12666666666666668
InflaterSource:0.1
GzipSource:0.09333333333333334
RealBufferedSourceReadUtf8LineTest:0.08333333333333333
MockSink:0.07833333333333334
ExhaustableSource:0.03666666666666667
