ThreadPool:0.5666666666666667
InternalEngine:0.4166666666666667
SearchService:0.24333333333333335
CachedTimeThread:0.18
Reaper:0.13861111111111113
ThreadPoolTests:0.006666666666666667
