Metadata:0.6533333333333333
BlackHoleMetadata:0.22333333333333333
ConnectorMetadata:0.22
MetadataManager:0.21833333333333332
TestRaptorMetadata:0.21333333333333335
RaptorMetadata:0.1877777777777778
CassandraMetadata:0.18666666666666668
LegacyConnectorMetadata:0.1425
LogicalPlanner:0.13666666666666666
Rewriter:0.13666666666666666
TestBlackHoleMetadata:0.09
CreateName:0.06333333333333334
