HibernateUtil:0.5866666666666667
ExtRACAServiceWorker:0.44
ScepRAServlet:0.23333333333333334
