ListTester:0.5433333333333333
StackTester:0.5238888888888888
PriorityQueueTester:0.38666666666666666
