PartitionName:0.5
ESSearchNode:0.44333333333333336
DocIndexMetaData:0.33666666666666667
ESQueryBuilderTest:0.29
TransportSQLActionTest:0.2633333333333333
Planner:0.23
PartitionNameTest:0.21333333333333335
TransportExecutorTest:0.20666666666666667
InsertStatementAnalyzer:0.19
ESSearchTask:0.17833333333333334
PlannerTest:0.13333333333333333
PartitionedByColumnExtractor:0.058333333333333334
TestModule:0.03666666666666667
