Factory:0.4066666666666667
CorpusImpl:0.33
PersistenceManager:0.30666666666666664
SentenceSplitter:0.2866666666666667
DefaultTokeniser:0.25666666666666665
MainFrame:0.25
NewResourceDialog:0.22
CorpusBenchmarkTool:0.21666666666666667
Nerc:0.18333333333333332
LoadANNIEWithDefaultsAction:0.12
LoadAction:0.08333333333333333
ResourcePersistence:0.07333333333333333
