TypedProperties:0.64
NetworkUtils:0.2966666666666667
JMXConnectionWrapper:0.2866666666666667
MultipleBuffersInputStream:0.17666666666666667
SocketInitializerImpl:0.15333333333333332
