TypeGraph:0.48
TypeEdge:0.31666666666666665
TypeGraphJaxbGxlIO:0.2966666666666667
TypeNode:0.27
SimpleMorphism:0.25
AbstractPatternEdge:0.17666666666666667
PatternNode:0.10333333333333333
PatternEdge:0.10333333333333333
PatternShape:0.021111111111111112
AbstractPatternNode:0.006666666666666667
AbstractPatternGraph:0.0
