Builder:0.49333333333333335
HeliosClient:0.41
TemporaryJobs:0.32
SimpleTest:0.23
JobNamePrefixTest:0.14666666666666667
ConfigTest:0.12666666666666668
