FieldInfo:0.8003333333333333
intEditor:0.37277777777777776
