ValueAttribute:0.5483333333333333
Bb:0.45633333333333337
Routines:0.36666666666666664
RoutineTest:0.1
