MvcRequestMatcher:0.4666666666666667
MvcRequestMatcherTests:0.3
FilterInvocationSecurityMetadataSourceParser:0.27666666666666667
AuthorizeRequestsTests:0.24666666666666667
AbstractRequestMatcherRegistry:0.24
MvcMatchersRequiresChannelUrl:0.19666666666666666
FilterSecurityMetadataSourceBeanDefinitionParserTests:0.17333333333333334
ChannelSecurityConfigurer:0.13
ChannelRequestMatcherRegistry:0.09333333333333334
IgnoredRequestConfigurer:0.08166666666666667
StandardInterceptUrlRegistry:0.08
ExpressionInterceptUrlRegistry:0.08
IgnoreCsrfProtectionRegistry:0.07333333333333333
AuthorizedUrl:0.07333333333333333
MvcMatchersAuthorizedUrl:0.07
RequestMatcherConfigurer:0.06833333333333333
MvcMatchersIgnoreCsrfProtectionRegistry:0.06333333333333334
MvcMatchersRequestMatcherConfigurer:0.06333333333333334
MvcMatchersIgnoredRequestConfigurer:0.06333333333333334
RequiresChannelUrl:0.03666666666666667
HttpSecurityRequestMatchersTests:0.023333333333333334
ServletPathValidatingtMvcRequestMatcher:0.013333333333333334
MvcMatcherServletPathConfig:0.0
MvcMatcherPathServletPathRequiredConfig:0.0
RequestMatchersMvcMatcherServeltPathConfig:0.0
