TrainingMaster:0.8044444444444445
ParameterAveragingTrainingMaster:0.5833333333333334
SparkComputationGraph:0.4266666666666667
