GlueHiveMetastore:0.4066666666666667
TestGlueToPrestoConverter:0.26666666666666666
TestGlueExpressionUtil:0.25666666666666665
TestGlueInputConverter:0.22083333333333333
GlueExpressionUtil:0.2
