CacheContext:0.7266666666666667
CacheGenerator:0.2833333333333333
CacheFromContext:0.19
CacheProvider:0.18666666666666668
