MvcViewFactoryCreator:0.5533333333333333
FlowViewResolver:0.48022222222222233
FlowResourceFlowViewResolver:0.29111111111111115
DelegatingFlowViewResolver:0.15333333333333332
