HazelcastProperties:0.43333333333333335
ConfigPropertiesPlugin:0.355
SystemPropertiesPlugin:0.2833333333333333
MetricsPlugin:0.25333333333333335
