ContentEditDelegate:0.5366666666666666
DicomEditBean:0.38333333333333336
StudyListPage:0.3
