Reader:0.7066666666666667
ModelConverters:0.7016666666666667
ResourceWithGenerics:0.23
