RenderPanel:0.8233333333333334
CopyPasteAction:0.30333333333333334
