CMap:0.5133333333333333
Config:0.41
MemberImpl:0.3480952380952381
PartitionManager:0.30666666666666664
MBackupOp:0.29
ConcurrentMapManager:0.2833333333333333
PartitionImpl:0.21666666666666667
GroupProperties:0.20666666666666667
ExecutorManager:0.2
QueryService:0.2
ClusterTest:0.19666666666666666
MEvict:0.18333333333333332
MapNearCache:0.14
IndexRegion:0.1
LocallyOwnedMap:0.09666666666666666
