DefaultResultSetHandler:0.6066666666666667
AutoConstructorTest:0.3233333333333333
