Configuration:0.8266666666666667
WindowCloser:0.2866666666666667
TrayIconConfigTab:0.2866666666666667
