IpInterfaceDaoHibernate:0.4
IpInterfaceDao:0.35
AbstractDaoHibernate:0.2833333333333333
OnmsDao:0.25666666666666665
