SoapElement:0.8933333333333333
SaajSoapElement:0.32
AxiomSoapElement:0.32
AbstractSoapElementTestCase:0.2833333333333333
