Request:0.4766666666666667
Http2Codec:0.25333333333333335
NettyClientHandlerTest:0.22333333333333333
NettyClientHandler:0.22333333333333333
MethodDescriptor:0.21333333333333335
FrameHandler:0.2
Session:0.2
ServletSession:0.11333333333333333
SessionClientTransport:0.1
OkHttpSession:0.09333333333333334
StubConfigBuilder:0.08666666666666667
Http2Request:0.07666666666666666
Http2Session:0.043333333333333335
UrlConnectionClientSession:0.02
