RepeatContextSupport:0.7333333333333333
EventSequence:0.5477777777777778
