TableInfo:0.5866666666666667
Analysis:0.38333333333333336
StatementAnalyzer:0.3233333333333333
AnalyzerTest:0.2833333333333333
PlannerTest:0.2633333333333333
Builder:0.2
TestModule:0.19833333333333333
TestingTableInfo:0.1877777777777778
Analyzer:0.18
SysClusterTableInfo:0.17
SysShardsTableInfo:0.17
TestShardsTableInfo:0.16333333333333333
Literal:0.16333333333333333
SysNodesTableInfo:0.14833333333333334
DocTableInfo:0.12666666666666668
ReferenceInfosITest:0.12666666666666668
TestSysModule:0.10333333333333333
TestMetaDataModule:0.03333333333333333
ClusterNameExpression:0.0
