SequenceI:0.7033333333333334
SeqFeature:0.5033333333333333
Sequence:0.46
Transcript:0.44
FeatureSet:0.43666666666666665
CurationSet:0.42333333333333334
FeaturePair:0.41
FastaFile:0.4033333333333333
AlignSequence:0.33
GAMESequence:0.252
DrawableSequence:0.25
TransactionSubpart:0.24642857142857144
GAMEAdapter:0.24
AbstractSequence:0.23666666666666666
AnalysisFilter:0.23333333333333334
PFetchSequence:0.23
GAMESave:0.22333333333333333
ChadoXmlAdapter:0.22333333333333333
AnnotationEditor:0.22333333333333333
GenbankReport:0.22
AnalysisAdapter:0.22
GenbankValidator:0.21666666666666667
JdbcChadoAdapter:0.21666666666666667
GenbankAdapter:0.21666666666666667
GenbankRead:0.21666666666666667
GmodNameAdapter:0.21666666666666667
bop:0.21333333333333335
EnsCGIAdapter:0.21
ChadoXmlWrite:0.21
TranscriptEditPanel:0.21
BaseEditorPanel:0.2
SRSSequence:0.2
EnsJSequence:0.19333333333333333
TigrSybilChadoInstance:0.19333333333333333
BaseGFFAdapter:0.19
BaseMouseListener:0.19
FlybaseChadoInstance:0.19
Sim4Parser:0.18333333333333332
AbstractParser:0.18
DebugLazySequence:0.18
DASLazySequence:0.18
FeatureTreePanel:0.17666666666666667
FlyDisplayPrefs:0.17666666666666667
AlternateEnsJSequence:0.17666666666666667
SeqAnalysisBDGP:0.17666666666666667
ScaleView:0.17666666666666667
BlastParser:0.17666666666666667
EnsCGISequence:0.17333333333333334
SeqAnalysisGUI:0.16666666666666666
HashMatch:0.16666666666666666
AlignSequenceI:0.16420634920634922
PeptideValidator:0.16
JDBCPipelineAdapter:0.16
IdCanvas:0.15666666666666668
DefaultDisplayPrefs:0.15333333333333332
SetDetailPanel:0.14
ResultPeptidePair:0.13666666666666666
ClipboardUtil:0.12
PeptideIdSubpart:0.11666666666666667
LazyLoadControlledObject:0.11333333333333333
AlignmentParser:0.11
DrawableResultFeatureSet:0.1
BlixemRunner:0.09666666666666666
PeptideNameSubpart:0.08666666666666667
