CallTest:0.44333333333333336
MockRetrofit:0.43
ObservableCallAdapterFactoryTest:0.21
SimpleService:0.1925
MethodInfo:0.19
CustomCallAdapter:0.13333333333333333
SimpleMockService:0.13
MockRetrofitTest:0.03333333333333333
