SecondsAtMessagesPerSecondInternal:0.38666666666666666
MessagesAtMessagesPerSecondInternal:0.38666666666666666
MessagesAtMessagesPerSecondInterval:0.21333333333333335
SecondsAtMessagesPerSecondInterval:0.21333333333333335
