ParserConfig:0.48
DeserializeBeanInfo:0.3933333333333333
TypeUtils:0.38666666666666666
ASMDeserializerFactory:0.31666666666666665
Bug_101_for_rongganlin_case2:0.13333333333333333
