TestPageProcessorCompiler:0.33
TestInCodeGenerator:0.21333333333333335
TestExpressionOptimizer:0.15333333333333332
BenchmarkData:0.14
TestDeterminismEvaluator:0.13
