PropertySetter:0.6350000000000001
ScriptPropertyDialog:0.4033333333333333
PropertySetterDialog:0.3566666666666667
