Node:0.6866666666666666
CMap:0.6166666666666667
