ObjectNode:0.4166666666666667
GISViewScene:0.4166666666666667
GISViewTopComponent:0.35
TopologyViewTopComponent:0.2833333333333333
GISViewService:0.1061111111111111
