Utils:0.5066666666666667
ObjectNode:0.4166666666666667
LocalClassMetadataImpl:0.37
LocalClassMetadata:0.30833333333333335
LocalObjectImpl:0.2633333333333333
MultipleChoiceItemListPropertyEditor:0.21
