ItemOrientedStepHandler:0.475
SimpleStepFactoryBean:0.4166666666666667
BatchListenerFactoryHelper:0.2866666666666667
StatefulRetryStepHandler:0.25666666666666665
StatefulRetryStepFactoryBeanTests:0.22
SkipLimitStepFactoryBean:0.20666666666666667
SimpleStepFactoryBeanTests:0.19
