QuorumImpl:0.6433333333333333
QuorumListenerTest:0.21333333333333335
CacheQuorumListenerTest:0.2
QuorumTest:0.2
