StandardVMRunner:0.39
AbstractRubyLaunchConfigurationDelegate:0.31
AbstractVMRunner:0.23333333333333334
IRubyLaunchConfigurationConstants:0.22033333333333333
VMRunnerConfiguration:0.17
RubyLaunchDelegate:0.07333333333333333
