FieldValueBinderTest:0.5933333333333334
FieldProxyBinderTest:0.37333333333333335
