AttributesTest:0.27666666666666667
HtmlHeading5:0.20666666666666667
HtmlHeading6:0.20666666666666667
HtmlHeading3:0.20666666666666667
HtmlHeading4:0.20666666666666667
HtmlHeading1:0.20666666666666667
HtmlHeading2:0.20666666666666667
DefaultElementFactory:0.18333333333333332
