TextureAttribute:0.6233333333333333
StillModelNode:0.3466666666666667
PrototypeRendererGL20:0.3466666666666667
StillModelViewerGL20:0.3333333333333333
HybridLightTest:0.26
