Line:0.5066666666666667
RWorkspace:0.49666666666666665
RFileCommunication:0.4
VocabularyEditor:0.23333333333333334
ComputeLexicalTable:0.19111111111111112
