MunsellUPLabColorSystem:0.53
ColorSliderUI:0.5133333333333333
WheelsAndSlidersMain:0.5133333333333333
MouseHandler:0.21166666666666667
