SearchExec:0.4893888888888889
ISpherePlugin:0.47333333333333333
XDialog:0.32
AbstractSearchDialog:0.25333333333333335
XFNDSTR_search:0.20777777777777778
Messages:0.045182539682539685
