SqlScript:0.58
MetaDataTable:0.32666666666666666
Flyway:0.2633333333333333
DbCreator:0.15666666666666668
SqlMigration:0.15333333333333332
HsqlDbSupport:0.14
H2DbSupport:0.14
MySQLDbSupport:0.14
OracleDbSupport:0.13
DbSupport:0.09753968253968254
OracleSqlScriptSmallTest:0.08666666666666667
OracleSqlScript:0.043333333333333335
SqlMigrationResolver:0.03333333333333333
