DeleteService:0.5506785714285714
GetService:0.5506785714285714
HttpRequestBuilder:0.45
RestHandler:0.23
RestAdapterTest:0.20666666666666667
