Pair:0.5866666666666667
PiecewiseYieldCurve:0.5361111111111111
FactorialTest:0.21666666666666667
ErrorFunctionTest:0.12
