View:0.61
HelloWorldService:0.31666666666666665
MustacheViewRenderer:0.2633333333333333
FreemarkerViewRenderer:0.21333333333333335
