ComputedCSSStyleDeclaration:0.7727777777777778
BrowserVersionFeaturesSource:0.36666666666666664
