Node:0.51
Attr:0.38
HtmlElement:0.35333333333333333
HTMLDocument:0.28
SimpleScriptable:0.265
TextRange:0.20333333333333334
EventTarget:0.2
XMLDOMAttribute:0.16666666666666666
DOMStringMap:0.14666666666666667
XMLSerializer:0.14333333333333334
XSLTProcessor:0.12
DOMImplementation:0.10333333333333333
