SearchChangeListener:0.8927777777777777
SearchContainer:0.8766666666666667
SearchComboBoxModel:0.20333333333333334
