GraphElement:0.43333333333333335
CopyProcessDefinitionWizard:0.2906666666666667
WorkspaceOperations:0.24
DesignerVariableEditorPage:0.21666666666666667
MoveVariableDropListener:0.10333333333333333
MoveVariableDragListener:0.056666666666666664
