Robolectric:0.75
RobolectricInternals:0.41333333333333333
ShadowResources:0.33666666666666667
AndroidTranslator:0.245
ShadowWrangler:0.19777777777777777
StaticInitializerTest:0.16333333333333333
ClassRemappingSetup:0.15333333333333332
