PathMacros:0.8
ActionMethodParserTest:0.32
PathMacroTest:0.2833333333333333
BasePathMacros:0.26666666666666666
