ExternalConfigManager:0.8833333333333333
MessageServices:0.25666666666666665
ScriptServices:0.13
SessionServices:0.13
