ExecutionService:0.6433333333333333
JbpmExecutionLogic:0.54
JbpmExecutionServiceBean:0.32
Messages:0.3032063492063492
ExecutionServiceDelegate:0.3000833333333333
ExecutionServiceDelegateLocalImpl:0.23333333333333334
ExecutionServiceDelegateRemoteImpl:0.23333333333333334
ShowHistoryLinkTag:0.07333333333333333
ShowHistoryFormTag:0.07
