ConsoleOutputPane:0.39666666666666667
ConsoleFrame:0.36
ConsoleFramePluginPart:0.19666666666666666
ConsoleOptionPane:0.18
ActionHandler:0.17955555555555558
ConsoleToolBar:0.15111111111111108
