Settings:0.9666666666666667
ImmutableSettings:0.4866666666666667
AnalysisModule:0.10333333333333333
