NeurophArrayList:0.41
Connection:0.38666666666666666
NeuralNetwork:0.38
Neuron:0.35
Layer:0.33
DataSet:0.3233333333333333
NeuronTest:0.18833333333333332
LayerTest:0.17333333333333334
DecimalScaleNormalizer:0.14
CompetitiveLayer:0.13666666666666666
InputOutputNeuron:0.13666666666666666
ThresholdNeuron:0.10666666666666667
RangeNormalizer:0.10666666666666667
MaxMinNormalizer:0.10333333333333333
