HtmlElement:0.64
Event:0.3466666666666667
ClickableElement:0.24
MouseEvent:0.21666666666666667
HtmlElementTest:0.18333333333333332
