GeneBeanImpl:0.6111111111111112
AddGene:0.38555555555555554
