TestListenerRegistry:0.7233333333333334
Launcher:0.37
Console:0.23666666666666666
