Jedis:0.6433333333333333
JedisCommands:0.37583333333333335
JedisCluster:0.30666666666666664
ShardedJedis:0.24333333333333335
