Graphics:0.77
Lwjgl3Application:0.31666666666666665
LwjglGraphics:0.2966666666666667
IOSGraphics:0.2633333333333333
Lwjgl3Graphics:0.22666666666666666
JglfwGraphics:0.22666666666666666
MockGraphics:0.21666666666666667
AndroidGraphics:0.21666666666666667
GwtGraphics:0.19333333333333333
