StoreContent:0.4266666666666667
ShopContent:0.3566666666666667
ShopVariant:0.29
StoreVariant:0.2633333333333333
AbstractImageGroup:0.23666666666666666
