Term:0.44666666666666666
CallTerm:0.30333333333333334
AJEdge:0.27666666666666667
JModel:0.23
IfTerm:0.2105952380952381
AtomTerm:0.16
EpsilonTerm:0.12
OrTerm:0.12
SeqTerm:0.12
TransitTerm:0.09666666666666666
WhileTerm:0.09666666666666666
StarTerm:0.09666666666666666
BodyTerm:0.09666666666666666
UntilTerm:0.09666666666666666
DeltaTerm:0.09
