PercolatorService:0.4766666666666667
MapperService:0.4766666666666667
PercolatorTests:0.21333333333333335
RealTimePercolatorOperationListener:0.16333333333333333
ConcurrentPercolatorTests:0.15
RecoveryPercolatorTests:0.15
ShardLifecycleListener:0.14
MultiPercolatorTests:0.14
MetaDataMappingService:0.14
PercolateTypeListener:0.12333333333333334
PercolatorStressBenchmark:0.12
TTLPercolatorTests:0.10333333333333333
PercolatorFacetsTests:0.09
