ProxiedInstantiator:0.4
PojoComponentTuplizer:0.38333333333333336
AbstractComponentTuplizer:0.27
PojoInstantiator:0.22666666666666666
