AsyncBroadcastAction:0.6983333333333334
SQLShardRequest:0.4633333333333333
TransportDistributedSQLAction:0.2833333333333333
SQLQueryService:0.18333333333333332
