PersonNameImpl:0.6288888888888888
PersonNameTest:0.5533333333333333
PackageTest:0.35
