QueryShardContext:0.5933333333333334
TermsLookup:0.4033333333333333
QueryBuilders:0.4
TermsQueryBuilder:0.4
IndexQueryParserService:0.32
BaseQueryTestCase:0.21666666666666667
TermsQueryParser:0.08666666666666667
SpanTermQueryBuilderTest:0.05
FuzzyQueryBuilderTest:0.013333333333333334
