RWorkspace:0.5233333333333333
SpecificitesResult:0.4
Partition:0.38666666666666666
Zip:0.35083333333333333
