HttpServerOptions:0.7166666666666667
Http1xTest:0.3433333333333333
HttpServerImpl:0.3155555555555556
