Query:0.4033333333333333
QueryParam:0.38666666666666666
ColumnBaseAbstract:0.3333333333333333
BaseColumn:0.3333333333333333
QueryFilter:0.31277777777777777
QueryParams:0.2633333333333333
QueryUtils:0.22666666666666666
