Simulation:0.44666666666666666
MasterClock:0.4066666666666667
UnitManager:0.26
OrbitInfo:0.25333333333333335
PhysicalCondition:0.2511111111111111
BuildingManager:0.21
Settlement:0.21
SurfaceFeatures:0.20666666666666667
MainDesktopPane:0.19333333333333333
MainWindow:0.19333333333333333
MainMenu:0.17
Weather:0.16666666666666666
TimeWindow:0.16333333333333333
MainScene:0.16
DayNightMapLayer:0.12
ClockThreadTask:0.06
