TcpTransport:0.58
AbstractSimpleTransportTestCase:0.5
LocalTransport:0.44666666666666666
LocalTransportChannel:0.2733333333333333
NetworkExceptionHelper:0.17333333333333334
