CacheMessage:0.62
UUIDBroadcasterCache:0.3566666666666667
AbstractBroadcasterCache:0.31333333333333335
BroadcasterCacheTest:0.26
HeartbeatInterceptor:0.2041666666666667
DefaultBroadcasterTest:0.14527777777777778
SessionBroadcasterCache:0.11
