TestActionTranslation:0.55
RuleFunction:0.34
ActionTranslator:0.2866666666666667
TestATNSerialization:0.21666666666666667
TestToolSyntaxErrors:0.20333333333333334
LeftRecursiveRuleTransformer:0.19333333333333333
