SimpleQueryParser:0.44
SimpleQueryStringBuilder:0.41333333333333333
Settings:0.27666666666666667
SimpleQueryStringTests:0.23333333333333334
SimpleQueryStringParser:0.2311111111111111
