UserData:0.48833333333333334
InvalidConfigurationException:0.3333333333333333
EndEntityManagementSessionBean:0.31666666666666665
SystemConfigMBean:0.2866666666666667
GlobalCesecoreConfiguration:0.2833333333333333
