SessionScope:0.6733333333333333
RequestContextListener:0.35944444444444446
ScopeTest:0.19823809523809524
