MatrixImpl:0.5833333333333334
SpecificitiesTableEditor:0.36
RFileCommunication:0.35833333333333334
