AbstractResource:0.5066666666666667
LinkUriUtil:0.5033333333333333
ShareResource:0.3433333333333333
SelfResource:0.29333333333333333
