FlowExecutorArgumentExtractor:0.75
FlowController:0.3233333333333333
RequestPathFlowExecutorArgumentExtractor:0.2783333333333333
FlowExecutorArgumentExtractorTests:0.11666666666666667
RequestPathFlowExecutorArgumentExtractorTests:0.11333333333333333
