ATN:0.5966666666666667
ParserATNFactory:0.47333333333333333
ATNSimulator:0.31
