OsgiServiceReferenceUtils:0.36333333333333334
ServiceDynamicInterceptor:0.29
OsgiListenerUtils:0.27
AbstractDelegatedExecutionApplicationContext:0.26666666666666666
OsgiServiceCollection:0.23333333333333334
Listener:0.1878888888888889
DependencyServiceManager:0.12
ServiceListenerSyntheticEvents:0.05
OsgiServiceDynamicInterceptorSyntheticEventsTest:0.04666666666666667
OsgiListenerUtilsTest:0.024444444444444442
