PubProperties:0.7
TestConnectionFactory:0.2966666666666667
FileUtils:0.2687777777777777
ConnectionFactoryTest:0.24666666666666667
