BlojsomBloggerAPIHandler:0.6233333333333333
MetaWeblogAPIHandler:0.41333333333333333
