DefaultBroadcaster:0.62
AtmosphereResourceImpl:0.47333333333333333
BroadcasterTracker:0.27777777777777773
AtmosphereResourceStateRecovery:0.20444444444444446
