ClusterAllocationExplanation:0.69
ClusterAllocationExplainTests:0.22666666666666666
ClusterAllocationExplanationTests:0.15
ClusterAllocationExplainIT:0.10666666666666667
