ClassFileLocator:0.5966666666666667
ByteBuddy:0.42
Default:0.26666666666666666
ForClassLoader:0.21666666666666667
InlineDynamicTypeBuilderTest:0.21
TypeWriterEngineForRedefinitionTest:0.19
Initialized:0.16
ClassFileLocatorForClassLoaderTest:0.13
BinaryLocator:0.13
TypePoolDefaultComponentTypeLocatorTest:0.10666666666666667
AgentBuilderBinaryLocatorDefaultTest:0.1
ClassFileLocatorAgentBasedTest:0.09666666666666666
ClassFileLocatorCompoundTest:0.09
AgentBased:0.05333333333333334
Compound:0.03666666666666667
