Builder:0.43666666666666665
AsyncHttpClientConfig:0.40166666666666667
Channels:0.4
AsyncHttpProviderUtils:0.27
