BinaryServerRowOutput:0.49666666666666665
Result:0.4508333333333333
DatabaseRowOutput:0.35333333333333333
HsqlByteArrayOutputStream:0.35333333333333333
ServerConnection:0.22666666666666666
