DispatcherUtils:0.6133333333333333
AttributeMap:0.5033333333333333
FilterDispatcher:0.27777777777777773
