GwtServerHelper:0.63
Utils:0.4666666666666667
GwtViewHelper:0.44666666666666666
