MemberImpl:0.5533333333333333
HazelcastInstanceFactory:0.41333333333333333
OutOfMemoryErrorDispatcher:0.3094444444444444
HazelcastInstanceProxy:0.2916666666666667
NodeShutdownLatch:0.17
InterfaceDefinition:0.16833333333333333
AddressDefinition:0.15666666666666668
LifecycleServiceImpl:0.14
NodeInitializerFactory:0.13666666666666666
