ca:0.34277777777777774
IUserAdminSessionRemote:0.2966666666666667
IUserAdminSessionLocal:0.27166666666666667
LocalUserAdminSessionBean:0.23666666666666666
BaseRaAdminCommand:0.21805555555555553
BaseCaAdminCommand:0.15166666666666667
BaseAdminCommand:0.14333333333333334
CaAdminCommandFactory:0.13722222222222222
CARepublishCommand:0.12
SetupSetBaseURLCommand:0.11666666666666667
