ClearScrollRequest:0.48627777777777775
RestClearScrollAction:0.42412698412698413
RestClearScrollActionTests:0.27666666666666667
