ScriptEditor:0.52
Annotation:0.4166666666666667
AnnotationWindow:0.30666666666666664
TextFormat:0.2644444444444445
