DocumentFileStorage:0.4166666666666667
DocumentStoreNoPoolTest:0.38333333333333336
DocumentStorageRegistry:0.3466666666666667
BaseDocumetStorage:0.3333333333333333
FileSystemInfo:0.31883333333333336
DocumentStorageListenerTest:0.27666666666666667
DocStoreTestBase:0.24
