MetadataPermissionsServiceSkeleton:0.4066666666666667
MetadataPermissionsMessageReceiverInOut:0.35333333333333333
GroupServiceSkeleton:0.31666666666666665
UserServiceSkeleton:0.31666666666666665
GroupServiceMessageReceiverInOut:0.27666666666666667
UserServiceMessageReceiverInOut:0.27666666666666667
