MTGRoot:0.44666666666666666
MTGDressingData:0.37666666666666665
MTGBranchElement:0.2833333333333333
MTGNode:0.25333333333333335
