AbstractSubSelect:0.5233333333333333
SelectImpl:0.5133333333333333
SimpleSelectImpl:0.44333333333333336
ExoticTests:0.25333333333333335
OrderProvider:0.2
SimpleSelectOrderByStep:0.15833333333333333
SelectOrderByStep:0.15833333333333333
