ListOQLTest:0.36333333333333334
FormsOQLTest:0.36333333333333334
ListHQLTest:0.36333333333333334
FormsHQLTest:0.36333333333333334
MakumbaJspAnalyzer:0.3373333333333333
ParseStatus:0.25366666666666665
MakumbaJspTestCase:0.14
