InputAbc:0.5
Flash:0.44666666666666666
Util:0.23333333333333334
Example1:0.19111111111111112
