ScopeSearchingELResolver:0.3911111111111111
ImplicitFlowVariableELResolver:0.37
TextToTransitionCriteriaTests:0.28
WebFlowELExpressionParser:0.19666666666666666
