JFXComponent:0.39666666666666667
JFXRendererBridge:0.38666666666666666
JFXWidgetComponent:0.3566666666666667
