catelogLinear:0.7643333333333334
catelogGrid:0.4093333333333333
