OpenTransactionsException:0.6733333333333333
DocumentImpl:0.5855555555555556
TestGate:0.32
CorpusImpl:0.19666666666666666
LanguageResource:0.09916666666666667
LRDBWrapper:0.0
