Simulator:0.7383333333333333
RegExpr:0.3983333333333333
