GwtUpgradeInfo:0.35
NetFolderHelper:0.34111111111111114
GwtTeamingMessages:0.32666666666666666
ReleaseInfo:0.3233333333333333
AdminControl:0.31333333333333335
GwtTeamingImageBundle:0.2833333333333333
GwtMainPage:0.25666666666666665
RequestInfo:0.2500396825396825
SPropsUtil:0.23333333333333334
LoginDlg:0.23333333333333334
GwtServerHelper:0.22666666666666666
MastHead:0.22
GwtRpcServiceImpl:0.19666666666666666
AdminInfoDlg:0.17666666666666667
AdminActionsTreeControl:0.14666666666666667
AdminConsoleHomePage:0.07
LoginController:0.03666666666666667
WebKeys:0.03
