PackageBasedActionConfigBuilder:0.5213333333333333
DefaultResultMapBuilderTest:0.44666666666666666
DefaultResultMapBuilder:0.3933333333333333
PackageBasedActionConfigBuilderTest:0.29333333333333333
