NodeViewI:0.8440873015873016
NodeView:0.47333333333333333
GraphData:0.4533333333333333
