DeterministicSeed:0.4
Key:0.3983333333333333
Transaction:0.395
TransactionConfidence:0.3330396825396825
DeterministicKeyChain:0.22666666666666666
KeyChainGroup:0.22
DeterministicKeyChainTest:0.19666666666666666
KeyChainGroupTest:0.19333333333333333
