Multimap:0.6566666666666666
AbstractMultimap:0.35
AbstractMultimapTest:0.13666666666666666
