ReadWriteGenerator:0.7566666666666667
ParcelableGenerator:0.43333333333333335
ParcelReadWriteGenerator:0.23
ConverterWrapperReadWriteGenerator:0.056666666666666664
SetReadWriteGenerator:0.05333333333333334
ListReadWriteGenerator:0.04666666666666667
ArrayReadWriteGenerator:0.04666666666666667
SparseArrayReadWriteGenerator:0.04666666666666667
MapReadWriteGenerator:0.043333333333333335
NullCheckReadWriteGenerator:0.023333333333333334
LinkParcelReadWriteGenerator:0.016666666666666666
SerializableReadWriteGenerator:0.016666666666666666
BundleReadWriteGenerator:0.016666666666666666
BooleanEntryReadWriteGenerator:0.016666666666666666
SimpleReadWriteGenerator:0.016666666666666666
SingleEntryArrayReadWriteGenerator:0.016666666666666666
ParcelableReadWriteGenerator:0.016666666666666666
EnumReadWriteGenerator:0.013333333333333334
