EditorOverlay:0.47
LayerTreeEditor:0.43333333333333335
EditorPanel:0.29833333333333334
EditorLayerWrapper:0.28
SymbolsEditor:0.20333333333333334
ClickListener:0.12666666666666668
