SearchPhaseController:0.5633333333333334
FetchSearchPhase:0.5066666666666667
SearchScrollQueryAndFetchAsyncAction:0.30666666666666664
SearchScrollQueryThenFetchAsyncAction:0.27
