rr_interval:0.6366666666666667
rr_polygon:0.5866666666666667
