DataService:0.6466666666666666
OutgoingBatchService:0.43666666666666665
AcknowledgeServiceTest:0.3
DataExtractorTest:0.24333333333333335
OutgoingBatchServiceTest:0.24
DataExtractorServiceTest:0.03666666666666667
