MatchQuery:0.8933333333333333
MultiMatchQuery:0.4033333333333333
MultiMatchQueryBuilder:0.36
QueryBuilder:0.3283333333333333
