Pools:0.63
NutFilePool:0.4633333333333333
FilePool:0.38666666666666666
