ExecutorServiceTest:0.42
BasicOperationService:0.30666666666666664
ScheduledBackup:0.26666666666666666
InvocationFuture:0.22916666666666666
BaseCallableTaskOperation:0.2
DistributedExecutorService:0.17
TraceableIsStillExecuting:0.09333333333333334
SleepingTask:0.04
ScheduledBackupProcessor:0.01111111111111111
