NettyTransport:0.5216666666666666
LocalTransport:0.5033333333333333
MessageChannelHandler:0.28
BaseFuture:0.26666666666666666
