ServerBuilder:0.6486666666666666
NettyServerBuilder:0.31666666666666665
InProcessServerBuilder:0.24666666666666667
