QueryInfo:0.5633333333333334
Stage:0.36333333333333334
SqlQueryWorker:0.22333333333333333
ImportTableWorker:0.22333333333333333
SimpleQuery:0.12666666666666668
