DbSupport:0.44
H2DbSupport:0.23333333333333334
OracleDbSupport:0.23333333333333334
DB2DbSupport:0.23333333333333334
SolidDbSupport:0.23333333333333334
SapHanaDbSupport:0.23333333333333334
HsqlDbSupport:0.23333333333333334
DerbyDbSupport:0.23333333333333334
DB2zosDbSupport:0.23333333333333334
OracleMigrationMediumTest:0.21333333333333335
MigrationInfoImplSmallTest:0.16666666666666666
PostgreSQLDbSupportMediumTest:0.08
