Elvin:0.9533333333333334
Ec:0.24666666666666667
