NtlmAuth:0.6366666666666667
TdsCore:0.5888888888888889
NtlmAuthTest:0.15
