XmlActions:0.75
EditTagDialog:0.43
XmlInsert:0.2733333333333333
MouseHandler:0.11444444444444443
