Handler:0.8066666666666666
LibraryLoadTest:0.5566666666666666
NativeCallbackHandler:0.26666666666666666
