CacheConfig:0.38
MapConfig:0.37666666666666665
QueueConfig:0.305
SemaphoreConfig:0.305
MultiMapConfig:0.30333333333333334
CollectionConfig:0.29333333333333333
CacheSimpleConfig:0.2213888888888889
PreconditionsTest:0.15666666666666668
Preconditions:0.13
