ResTable_config:0.7233333333333334
ParallelUniverseTest:0.44
Qualifiers:0.35333333333333333
ParallelUniverse:0.31
StubDependencyResolver:0.03388888888888889
