ScriptPreProcessor:0.8866666666666667
StringScriptPreProcessor:0.38666666666666666
IEConditionalCompilationScriptPreProcessor:0.29333333333333333
TimeoutContext:0.19583333333333333
HtmlUnitContextFactory:0.18333333333333332
ScriptPreProcessorTest:0.16666666666666666
StringScriptPreProcessorTest:0.15
IEWeirdSyntaxScriptPreProcessor:0.02666666666666667
