SimpleRetryExceptionHandler:0.57
DefaultStepFactoryBean:0.49666666666666665
StatefulRetryStepFactoryBean:0.35333333333333333
SimpleRetryExceptionHandlerTests:0.05
