RgbType:0.46166666666666667
Property:0.37
PropertyImpl:0.29333333333333333
Float3X1Type:0.2
RgbTypeImpl:0.0
Float3X1TypeImpl:0.0
