HTMLElement:0.6933333333333334
HTMLElementTest:0.44333333333333336
Prototype160Test:0.2633333333333333
Prototype150rc1Test:0.21333333333333335
