DefaultExecutionTracker:0.5466666666666666
SourceInfo:0.45666666666666667
