WebSocketHandlerProxy:0.55
DefaultAtmosphereObjectFactory:0.4533333333333333
DefaultWebSocketProcessor:0.33666666666666667
PathTest:0.30333333333333334
MyInterceptor:0.1523809523809524
WebSocketHandlerTest:0.14
WebSocketStreamingHandlerTest:0.14
WebSocketHandlerServiceProcessor:0.12666666666666668
