TransformUI:0.3458333333333333
CommonConfiguration:0.3433333333333333
ARINC661ServerInAppTest:0.3333333333333333
ARINCSettings:0.31666666666666665
XMLAttribute:0.2644444444444445
AbstractServerEngine:0.22666666666666666
JFXComponent:0.22
AbstractWidgetRefHandler:0.205
SetParameterStruct:0.08
SetParameterStruct4Test:0.03
