DateTimeField:0.8033333333333333
TestTimeOfDay:0.37333333333333335
BaseDateTimeField:0.31
GJMonthOfYearDateTimeField:0.29333333333333333
Property:0.25666666666666665
GJDayOfWeekDateTimeField:0.25333333333333335
DelegatedDateTimeField:0.24
UnsupportedDateTimeField:0.21666666666666667
