PA:0.48
MethodSummary:0.3566666666666667
PlaceholderParameterProgramLocation:0.29527777777777775
NewInstanceTargets:0.22
BuildMethodSummary:0.21916666666666668
ToString:0.2111111111111111
PAMethodSummary:0.19666666666666666
ReflectionInformationProvider:0.056666666666666664
