AbstractDAVServlet:0.7933333333333333
WebDAVFilter:0.29833333333333334
