LdapTemplate:0.5366666666666666
DirContextProcessor:0.47172222222222226
AttributesMapper:0.3983333333333333
NameClassPairCallbackHandler:0.3983333333333333
SearchExecutor:0.3983333333333333
ContextExecutor:0.3983333333333333
NameClassPairMapper:0.3983333333333333
ContextMapper:0.3983333333333333
LdapOperations:0.33666666666666667
ContextAssembler:0.27051984126984113
DefaultNameClassPairMapper:0.1336921596921597
CollectingNameClassPairCallbackHandler:0.07555555555555556
AuthenticationSource:0.006666666666666667
ContextSource:0.006666666666666667
