RrPolygonList:0.7066666666666667
RrCSGPolygon:0.5416666666666666
TestMain:0.22
