ChildrenQueryTests:0.37666666666666665
MatchAndSort:0.29333333333333333
PercolatorService:0.25333333333333335
ParentQueryTests:0.23333333333333334
IndexUpgraderOneMerge:0.21416666666666667
ElasticsearchMergePolicy:0.21333333333333335
ExtendedMemoryIndex:0.1738888888888889
