AbstractSpecmolManagerPluginTest:0.2394444444444445
CoverageTest:0.10333333333333333
APITest:0.016666666666666666
JavaScriptSpecmolManagerPluginTest:0.0
AllSpecmolManagerTests:0.0
JavaSpecmolManagerPluginTest:0.0
AllSpecmolManagerPluginTests:0.0
