Vehicle:0.7633333333333333
BuildingManager:0.33666666666666667
ReserveRover:0.3333333333333333
MaintainGroundVehicleEVA:0.2633333333333333
MaintainGroundVehicleGarage:0.22666666666666666
TravelToSettlement:0.21333333333333335
CollectRockSamplesMission:0.21333333333333335
