MethodDeclaration:0.5233333333333333
DebugASTDump:0.29
DebugASTPrinter:0.28
TreeConverter:0.2733333333333333
TypeImplementationGenerator:0.25833333333333336
Functionizer:0.21
GenerationTest:0.19805555555555557
CompoundTypeTest:0.17666666666666667
