ObjectImporter:0.8033333333333333
ObjectToRecord:0.34523809523809523
