NoopClientStream:0.5672222222222222
ChannelImpl:0.36666666666666664
AbstractTransportTest:0.29333333333333333
NettyChannelBuilder:0.275
CallImpl:0.24277777777777781
MathClient:0.2425
TransportListener:0.22333333333333333
OkHttpChannelBuilder:0.21333333333333335
StockClient:0.20305555555555557
ChannelEssentials:0.1
AbstractChannelBuilder:0.02666666666666667
