Http2ServerRequestImpl:0.54
HttpServerRequestImpl:0.39666666666666667
VertxHttp2Handler:0.2966666666666667
Http2Test:0.17833333333333334
VertxHttp2HandlerBuilder:0.06333333333333334
