Saros:0.6066666666666667
EditorManager:0.37
VideoPlayerView:0.27666666666666667
RegisterAccountPage:0.25
JoinSessionWizard:0.18555555555555556
AbstractActivityProvider:0.15333333333333332
ChatView:0.12388888888888888
OutgoingInvitationJob:0.12333333333333334
PartialNewSessionAction:0.1
BalloonNotification:0.03333333333333333
