SbeStatsReport:0.46
UpdateDecoder:0.43333333333333335
CountingListener:0.3433333333333333
LayerNamesDecoder:0.25333333333333335
StatsListener:0.22
UpdateEncoder:0.21666666666666667
TestStatsSBE:0.16333333333333333
TestMapDBStatsStore:0.15333333333333332
LayerNamesEncoder:0.07666666666666666
