GLU:0.41
Quadric:0.23666666666666666
MipMap:0.16666666666666666
Project:0.10333333333333333
Registry:0.056666666666666664
Cylinder:0.036444444444444446
Disk:0.036444444444444446
Util:0.03333333333333333
PixelStoreState:0.03
Sphere:0.016388888888888887
PartialDisk:0.0
GLUConstants:0.0
