BlobShard:0.48
BlobContainer:0.30333333333333334
BlobTransferTarget:0.24666666666666667
BlobTransferStatus:0.23333333333333334
BlobIndex:0.20666666666666667
BlobShardSizeExpression:0.2
BlobIntegrationTest:0.14666666666666667
BlobShardNumDocsExpression:0.14
LifecycleListener:0.08333333333333333
BlobContainerTest:0.013333333333333334
