AuthenticationRequest:0.59
ClientEndpointImpl:0.5213333333333333
AuthenticationBaseMessageTask:0.44333333333333336
