EjbcaWS:0.6663888888888889
IEjbcaWS:0.4144722222222222
CommonEjbcaWS:0.39
EjbcaWSTest:0.19
KeyRecover:0.07666666666666666
KeyRecoverResponse:0.0
