ImagePanel:0.6266666666666667
TextOverlay:0.39666666666666667
AnnotationPanel:0.3233333333333333
WindowingTextOverlay:0.25333333333333335
