CaptchaRegistrationHandler:0.5833333333333334
Captcha:0.5466666666666666
PasswordDigestAuthenticationHandlerTest:0.17666666666666667
CaptchaRegistrationHandlerTest:0.04666666666666667
CaptchaVisualizer:0.018888888888888886
