ArrayUtil:0.5333333333333333
NDArray:0.53
RNTN:0.21666666666666667
NDArrayUtil:0.18666666666666668
Convolution:0.18
NDArrayTests:0.12
