JCache:0.6866666666666666
JCachingProvider:0.33
JCacheManager:0.27666666666666667
JCacheConfiguration:0.25666666666666665
JCacheTest:0.14666666666666667
