UIProperty:0.5433333333333333
Property:0.44666666666666666
SessionAddOrEditDialog:0.29333333333333333
QManagerProperty:0.22333333333333333
SessionAddHandler:0.17333333333333334
SessionEditHandler:0.16333333333333333
