DBCollection:0.59
GridFSDBFile:0.30666666666666664
DBCollectionTest:0.2833333333333333
