MasterBuild:0.49666666666666665
SourceControlElement:0.3688888888888889
VssElement:0.3
CVSElement:0.29
Mailer:0.24666666666666667
DefaultLabelIncrementer:0.21666666666666667
BuildInfo:0.19666666666666666
LabelIncrementer:0.15276190476190485
Modification:0.13666666666666666
ModificationSet:0.09333333333333334
