ParentRunner:0.42333333333333334
Description:0.4166666666666667
BlockJUnit4ClassRunner:0.26666666666666666
Filter:0.22333333333333333
EachTestNotifier:0.21444444444444447
FruitSuite:0.2063968253968254
JUnit4TestAdapter:0.19333333333333333
CategoryFilter:0.16
JUnit4TestAdapterCache:0.13
Runner:0.08666666666666667
SuiteMethodTest:0.08
ParentRunnerTest:0.02
