MasterService:0.34
Datapoint:0.28
OldJobReaper:0.22666666666666666
DeadAgentReaperTest:0.19
OldJobReaperTest:0.18666666666666668
