ReportDto:0.4633333333333333
ScriptExecutionContext:0.44333333333333336
DefinitionUrlStrategy:0.41333333333333333
BotConfiguration:0.2633333333333333
EnvImpl:0.2519444444444444
StartProcessTDBuilder:0.24826767676767678
AdminScriptClient:0.19
IdentifiebleSetConvertions:0.19
NamedIdentitySet:0.17661111111111108
ReportDAO:0.13333333333333333
ListProcessesDefinitionsFormTag:0.12333333333333334
ListDefinitionsHistoryFormTag:0.10666666666666667
ReportLogic:0.06666666666666667
AddConfigurationsToBotOperation:0.006666666666666667
AddPermissionsOnReportsOperation:0.0
AddPermissionsOnReportOperation:0.0
RemovePermissionsOnReportOperation:0.0
RemovePermissionsOnReportsOperation:0.0
SetPermissionsOnReportsOperation:0.0
SetPermissionsOnReportOperation:0.0
DeployReportOperation:0.0
