IssueServiceImpl:0.6433333333333333
EmailService:0.41
ReportServiceImpl:0.23333333333333334
NotificationMessageBean:0.19
ITrackerServices:0.15833333333333333
NotificationService:0.15833333333333333
NotificationServiceImpl:0.14333333333333334
ITrackerServicesImpl:0.07
