BuildServiceTest:0.4533333333333333
BuildDetailControllerTest:0.4066666666666667
BuildDetailTest:0.25
