DBCollection:0.8066666666666666
DBCursor:0.5366666666666666
DBCursorTest:0.23
