ObjectFactory:0.44333333333333336
EjbcaWS:0.41333333333333333
CertificateExpiredException:0.20333333333333334
CertificateExpiredException_Exception:0.15333333333333332
CertificateExpiredExceptionBean:0.03666666666666667
