IRubyScriptEditorInput:0.6466666666666666
RubyPlugin:0.62
RubyAbstractEditor:0.4066666666666667
RubyScriptEditorInput:0.3333333333333333
RubyScriptDocumentProvider:0.24
ExternalRubyScript:0.225
EditorUtility:0.18966666666666668
