Music:0.65
AndroidMusic:0.475
IOSMusic:0.33666666666666667
GwtMusic:0.33666666666666667
