PublicationImage:0.5672222222222222
TermGapFiller:0.5
TermGapFillerTest:0.26666666666666666
