ResBundle:0.7566666666666667
ResBunch:0.3233333333333333
