HL7ServerService:0.43666666666666665
HL7Service:0.43333333333333335
PatientUpdateBean:0.2633333333333333
HL7XMLReader:0.25
MSH:0.24
MLLPDriver:0.20666666666666667
XMLWriter:0.18
HL7XMLWriter:0.14333333333333334
AbstractHL7Service:0.11666666666666667
MLLPServer:0.05333333333333334
HL7Exception:0.04
ADTService:0.03333333333333333
HL7XMLLiterate:0.023888888888888887
