FileProperties:0.51
FileVersionProperties:0.43666666666666665
FileResource:0.41
FileVersionPropertiesCollection:0.24583333333333332
