TableWidgetDlgBox:0.3333333333333333
GwtTeamingMessages:0.31333333333333335
DlgBox:0.30333333333333334
FolderWidgetDlgBox:0.2966666666666667
TableDropWidget:0.24
