Trees:0.4083333333333333
XPath:0.35333333333333333
XPathRuleElement:0.26777777777777784
XPathTokenElement:0.22444444444444447
XPathWildcardElement:0.16777777777777778
TestXPath:0.13444444444444442
