Jedis:0.6533333333333333
Protocol:0.46
BinaryJedisCommands:0.2833333333333333
Commands:0.2833333333333333
BinaryClient:0.25
Client:0.22666666666666666
StringValuesCommandsTest:0.19333333333333333
ShardedJedis:0.19
PipelineBase:0.17333333333333334
BinaryShardedJedis:0.14
HashesCommandsTest:0.08
BinaryJedis:0.06666666666666667
