GwtRpcService:0.7013333333333334
GwtRpcServiceImpl:0.45666666666666667
GwtUIHelper:0.38666666666666666
GwtRpcServiceAsync:0.27166666666666667
MainMenuControl:0.25666666666666665
GwtUIDefaults:0.14666666666666667
