Document:0.5866666666666667
Input:0.37666666666666665
HTMLElement:0.14
DocumentTest:0.11
