UdpDestination:0.7133333333333334
UdpDestinationTest:0.3377777777777778
BitUtil:0.23666666666666666
