Dispatcher:0.5472222222222223
Nexus:0.44333333333333336
Available:0.3
PoolStrategy:0.26222222222222225
NexusTest:0.22333333333333333
Unavailable:0.13666666666666666
