ListSpinner:0.5533333333333333
DatagramProtocol:0.2866666666666667
CycleEvent:0.2633333333333333
ListSpinnerIntegerList:0.2527777777777778
ScenarioOptions:0.17666666666666667
ListSpinnerBigIntegerList:0.17
EditBoxNumericRenderer:0.13333333333333333
