ClientYamlTestClient:0.5969047619047619
ESClientYamlSuiteTestCase:0.5922222222222223
DocsClientYamlTestSuiteIT:0.34
