Configuration:0.6433333333333333
RuntimeEnvironment:0.6233333333333333
Indexer:0.4166666666666667
CommandLineOptions:0.235
PageConfig:0.22666666666666666
IndexerTest:0.21666666666666667
SearchEngineTest:0.18333333333333332
RuntimeEnvironmentTest:0.18333333333333332
SearchTest:0.17
SearchHelperTest:0.14333333333333334
IndexDatabaseTest:0.10333333333333333
