Builder:0.5833333333333334
Cookie:0.4533333333333333
AsyncHttpClientConfig:0.3333333333333333
NettyAsyncHttpProvider:0.2833333333333333
GrizzlyResponse:0.21333333333333335
RemoteSiteTest:0.20333333333333334
CookieDecoder:0.11666666666666667
