DefaultSpringSecurityContextSource:0.49666666666666665
LdapServerBeanDefinitionParserTests:0.38
ContextSourceSettingPostProcessor:0.32416666666666666
