Shape:0.7266666666666667
Materialisation:0.43333333333333335
TestMatching:0.3233333333333333
