Realm:0.62
RealmBuilder:0.5633333333333334
AuthenticatorUtils:0.20833333333333334
RealmTest:0.16333333333333333
