AlfObject:0.5366666666666666
AlfSession:0.44
AlfConn:0.3283333333333333
Mappings:0.31333333333333335
AlfHelper:0.2833333333333333
WSObjectAccessor:0.235
JavaObjectAccessor:0.235
ClassUtils:0.16666666666666666
AlfGetObjectPropertiesByUuid:0.13666666666666666
AlfGetObjectPropertiesAsStringsByUuid:0.11333333333333333
EqualsUtil:0.1
AlfDownloadContentTag:0.08
AlfObjectFactory:0.07
AlfExecuteWebScriptHandler:0.05333333333333334
AlfSetContent:0.02
