ClassDescriptor:0.5966666666666667
SymbolTable:0.4894444444444444
