ProxyFactory:0.6533333333333333
DeserializationResolver:0.43333333333333335
JavassistProxyFactory:0.4066666666666667
SerializableProxy:0.34
SessionFactoryImplementor:0.31437301587301586
SessionFactoryImpl:0.31
JavassistLazyInitializer:0.25666666666666665
PojoEntityTuplizer:0.19333333333333333
SessionFactoryDelegatingImpl:0.16666666666666666
ProxyFactoryFactory:0.12666666666666668
SessionFactoryRegistry:0.06
ProxyFactoryFactoryImpl:0.0025
