RunBasicTest:0.34155555555555556
RunBundleCreationTest:0.34155555555555556
