ISO19139InsertionWebService:0.44333333333333336
ISO19139DeletionWebService:0.4033333333333333
ISO19139Client:0.37
