ScenarioReaderImpl:0.5927777777777777
ScenarioReader:0.43213888888888885
DummyProtocol:0.25666666666666665
