JerseyContainerHolder:0.5266666666666666
Environment:0.455
DefaultServerFactory:0.37
SimpleServerFactory:0.20666666666666667
