InetSocketTransportAddress:0.59
LocalTransportAddress:0.4066666666666667
TransportAddressSerializers:0.31333333333333335
DummyTransportAddress:0.15666666666666668
