SequenceToolDialog:0.5168888888888888
SequenceToolAction:0.43333333333333335
SequenceToolResultsDialog:0.30666666666666664
