Expression:0.7449444444444445
Neg:0.4619444444444445
