AdminScriptRunner:0.42333333333333334
SystemProperties:0.30666666666666664
DBPatch:0.2866666666666667
ExecutionLogic:0.26
PermissionDAO:0.21333333333333335
PerformancePatch401:0.20666666666666667
