PollerConfigFactory:0.8133333333333334
GetInterfacesServlet:0.29333333333333333
