Channels:0.5133333333333333
NettyConnectListener:0.37333333333333335
NettyRequestSender:0.3572222222222222
