ServerMapItemsUtilities:0.47
AbstractServerEngine:0.30333333333333334
SwingUIManager:0.27666666666666667
ARINCUIManager:0.26055555555555554
JFXServerDisplay:0.21605555555555556
GUITestUtilities:0.19944444444444445
JFXUIManager:0.19333333333333333
JFXMapItemSymbolRendererTest:0.02666666666666667
