CompiledLambda:0.6633333333333333
LambdaBytecodeGenerator:0.5066666666666667
PreGeneratedExpressions:0.27
Visitor:0.24333333333333335
JoinFilterFunctionCompiler:0.23583333333333334
ExpressionInterpreter:0.2055
PageFunctionCompiler:0.16666666666666666
CursorProcessorCompiler:0.16
ApplyFunction:0.11666666666666667
InvokeLambda:0.0867222222222222
InvokeFunction:0.07666666666666666
BindCodeGenerator:0.06333333333333334
