StringUtil:0.83
Threefish:0.31
CharUtil:0.22666666666666666
BufferResponseWrapper:0.20666666666666667
Base64:0.20333333333333334
ZipBuilder:0.20333333333333334
FastByteArrayOutputStream:0.19666666666666666
URLCoder:0.19
PBKDF2Encryptor:0.16333333333333333
DigestEngine:0.15666666666666668
CryptoEngine:0.13
URLDecoder:0.12333333333333334
MurmurHash3:0.11333333333333333
