Operation:0.61
SystemProperties:0.4533333333333333
Transform:0.26277777777777783
TermStringAlgebra:0.15
TermIntAlgebra:0.08333333333333333
TermRealAlgebra:0.08
TermBoolAlgebra:0.043333333333333335
Term:0.0011111111111111111
