IgniteTicketRegistry:0.5033333333333333
EhCacheTicketRegistry:0.38
AbstractDistributedTicketRegistry:0.20666666666666667
