Debug:0.75
DefaultDOManager:0.23
FOXMLDODeserializer:0.22333333333333333
DatastreamResolverServlet:0.21
METSLikeDODeserializer:0.2
FOXMLDOSerializer:0.2
METSLikeDOSerializer:0.2
FedoraAccessServlet:0.2
DOValidatorImpl:0.2
SimpleDOReader:0.18166666666666667
DisseminationService:0.155
DbmsConnection:0.14666666666666667
BasicServer:0.14333333333333334
DOTranslatorImpl:0.12666666666666668
ServerController:0.11333333333333333
