LookupJoinOperator:0.4033333333333333
JoinProbeCompiler:0.2733333333333333
JoinCompiler:0.27
Visitor:0.23666666666666666
PagesIndex:0.23333333333333334
HashBuilderOperatorFactory:0.19444444444444445
TestHashJoinOperator:0.18333333333333332
HashBuilderOperator:0.17
InMemoryJoinHash:0.14666666666666667
LookupSourceFactory:0.13333333333333333
ReflectionJoinProbeFactory:0.13333333333333333
TwoChannelJoinProbe:0.13333333333333333
HashJoinBenchmark:0.13066666666666668
SimpleJoinProbe:0.13
JoinProbeFactory:0.12333333333333334
TestJoinProbeCompiler:0.1
HashJoinOperatorFactoryFactory:0.09666666666666666
LookupJoinOperators:0.09333333333333334
LookupJoinOperatorFactory:0.07333333333333333
LookupSourceCacheKey:0.043333333333333335
SimpleJoinProbeFactory:0.016666666666666666
TwoChannelJoinProbeFactory:0.0
