HostDirectives:0.48333333333333334
RobotstxtServer:0.4
RobotstxtParser:0.26
RobotstxtConfig:0.15666666666666668
