AbstractTicketRegistry:0.6794444444444445
DefaultTicketRegistry:0.47333333333333333
