QueueConfig:0.4533333333333333
QueueService:0.37333333333333335
QueueContainer:0.36
ObjectQueueProxy:0.32666666666666666
OfferOperation:0.24777777777777782
QueueBackupAwareOperation:0.22
QueueItem:0.19
QueueProxySupport:0.18666666666666668
QueueMigrationOperation:0.1847777777777778
QueueOperation:0.13
