ResourceUtil:0.49
BaseFileProperties:0.4866666666666667
LegacyFileProperties:0.30333333333333334
FileProperties:0.295
FileVersionProperties:0.09333333333333334
