ERDesignerComponent:0.5916666666666667
VertexCellElement:0.40111111111111114
ElectricSpringLayout:0.28833333333333333
