FolderService:0.44484523809523807
TeamingServiceEndpoint:0.36
TrashEntry:0.3333333333333333
TrashHelper:0.29333333333333333
BinderService:0.28065079365079365
BinderServiceImpl:0.22
FolderServiceImpl:0.14
