HitemUtil:0.54
MangoMethodPeer:0.44066666666666665
TranslateModuleAgent:0.30333333333333334
TranslateTrap:0.21
ScriptedTranslateTrap:0.1811111111111111
