GUI:0.7066666666666667
InfoPathFormView:0.45433333333333337
