ModelNodeAnimation:0.5351825396825398
G3dbModelLoader:0.4666666666666667
G3djModelLoader:0.13666666666666666
