SourceFileException:0.6266666666666667
KernelQedeqBo:0.5733333333333334
DefaultSourceFileExceptionList:0.41333333333333333
SaxDefaultHandler:0.38666666666666666
DefaultKernelQedeqBo:0.37
SaxParser:0.29333333333333333
ModuleLabelsCreator:0.26
DefaultInternalKernelServices:0.22666666666666666
Qedeq2Xml:0.21666666666666667
Qedeq2Latex:0.2
Plugin:0.2
QedeqBoFactoryTest:0.19666666666666666
GenerateLatexTest:0.19333333333333333
QedeqBoFormalLogicChecker:0.18333333333333332
DummyPlugin:0.16666666666666666
LoadDirectlyRequiredModules:0.16666666666666666
QedeqBoDuplicateLanguageChecker:0.16
QedeqBoFactoryAssert:0.1577777777777778
CheckLogicTest:0.15
DefaultKernelQedeqBoTest:0.14666666666666667
SaxErrorHandler:0.14666666666666667
ControlVisitor:0.135
AbstractSimpleHandler:0.135
TestParser:0.13333333333333333
Xml2Xml:0.12
QedeqParserTest:0.11
XmlQedeqFileDao:0.11
LoadRequiredModules:0.09
PluginState:0.056666666666666664
LoadXmlOperatorListUtility:0.04666666666666667
