StgCmtScuScpService:0.36666666666666664
StgCmtOrder:0.35
QueryRetrieveScpService:0.3433333333333333
StgCmtScuScp:0.32
MoveTask:0.2833333333333333
