Model:0.45666666666666667
PropertyTableModel:0.3284285714285714
PropertyTableWidget:0.25666666666666665
AbstractPropertyTableModel:0.16
PropertyTableModelListener:0.08316666666666667
