ClusterState:0.5233333333333333
ClusterService:0.49666666666666665
Custom:0.4608095238095238
Builder:0.37333333333333335
ClusterStateObserver:0.23333333333333334
PublishClusterStateAction:0.17666666666666667
ObserverClusterStateListener:0.16166666666666665
ClusterStateDiff:0.15
ClusterStateBackwardsCompatIT:0.10666666666666667
ActiveShardsObserver:0.09333333333333334
ValidationPredicate:0.056666666666666664
ChangePredicate:0.03
EventPredicate:0.0033333333333333335
