DefaultJSONParser:0.8572222222222221
DefaultJSONParserTest:0.18333333333333332
