BootstrapService:0.4766666666666667
HttpTransportManager:0.43666666666666665
PullService:0.18666666666666668
IncomingManagementService:0.16333333333333333
