EvictionConfig:0.7857936507936508
EvictionConfigAccessor:0.5266666666666666
