RequestMessageUtils:0.5466666666666666
BaseCommand:0.4666666666666667
CreateCert:0.2
