PropertyAccess:0.6381666666666668
Config:0.5266666666666666
Value:0.47333333333333333
Console:0.36666666666666664
Model:0.22444444444444447
