ParsedReaderResult:0.5366666666666666
ParsedReaderResultType:0.5033333333333333
ZXingMIDlet:0.25666666666666665
BarcodeReaderCaptureActivity:0.23333333333333334
ParsedReaderResultTestCase:0.23
ResultHandler:0.21444444444444447
