Util:0.5266666666666666
HttpResponseCacheTest:0.43333333333333335
RawHeaders:0.37666666666666665
HttpResponseCache:0.28
