EventCollectingHandler:0.5166666666666667
BasicHttpTest:0.45666666666666667
BasicHttpsTest:0.26666666666666666
ExtendedAsyncHandler:0.2425
AsyncHandlerExtensions:0.2425
ReplayedSimpleAsyncHandler:0.2425
