PythonTree:0.57
GrammarActions:0.30666666666666664
ParseException:0.21
ScopesCompiler:0.19666666666666666
PythonTreeAdaptor:0.11333333333333333
PythonErrorNode:0.09861111111111111
