HeuristicState:0.5933333333333334
HeuristicSearch:0.4066666666666667
HeuristicStateQueue:0.34
BeamSearch:0.31
TestCrossingJPF:0.14666666666666667
