TransactionLog:0.7533333333333333
MapTransactionLog:0.25333333333333335
CollectionTransactionLog:0.23333333333333334
SleepyTransactionLog:0.21692857142857142
MultiMapTransactionLog:0.15
QueueTransactionLog:0.13666666666666666
FailingTransactionLog:0.09916666666666667
