Default:0.58
LambdaCreator:0.2733333333333333
AgentBuilderDefaultApplicationTest:0.19166666666666668
MetaFactoryRedirection:0.16000000000000003
AlternativeMetaFactoryRedirection:0.16000000000000003
