InvocationQueue:0.43666666666666665
ConnectionManager:0.36333333333333334
BaseManager:0.30333333333333334
ClusterManager:0.30333333333333334
Connection:0.285
BlockingQueueManager:0.2733333333333333
ClusterService:0.24666666666666667
ReadHandler:0.19444444444444445
ObjectReaderWriter:0.15333333333333332
Connector:0.13666666666666666
EventFireTask:0.12333333333333334
