SubjectVariableInterpreter:0.5833333333333334
DynamicInterpreter:0.4816666666666667
DynamicHeuristicCheckerExecutor:0.4277777777777778
