DOTranslationUtility:0.6266666666666667
METSFedoraExtDOSerializer:0.3233333333333333
AtomDOSerializer:0.31666666666666665
FOXMLDOSerializer:0.24
TestAtomDODeserializer:0.21444444444444447
