SqlTemplate:0.49333333333333335
AppUtils:0.48333333333333334
ParameterService:0.31333333333333335
