Group:0.5966666666666667
Matrix3:0.5333333333333333
