SqlSourceBuilder:0.38666666666666666
ParameterMappingTokenHandler:0.38333333333333336
DynamicSqlSource:0.20666666666666667
ProviderSqlSource:0.20333333333333334
DefaultParameterHandler:0.17
