Gears:0.6733333333333333
GearsApplet:0.49694444444444436
AWTGears:0.37666666666666665
