AddTerm:0.5633333333333334
GOTerm:0.5266666666666666
GoRdfHandlerTest:0.17
GOTermCollection:0.15666666666666668
