OpenDocumentExtractor:0.7966666666666666
OpenDocumentExtractorTest:0.35333333333333333
