PythonTree:0.6133333333333333
PyList:0.44666666666666666
ScopesCompiler:0.29444444444444445
Module:0.25333333333333335
