ValidityAuditStrategyRevEndTsTest:0.42
Entity:0.416984126984127
TimestampPropertyTest:0.37666666666666665
TimePropertyTest:0.2833333333333333
