DeskletWidget:0.12249796
DeskletInfo:0.108843
DeskletWidgetPlugin:0.026299141
