RecordingSession:0.58
RecordingSessionTest:0.40797222222222224
ArchiveConductor:0.4066666666666667
