MultiDbMapper:0.8205555555555555
XMLStatementBuilder:0.49333333333333335
MultiDbTest:0.31666666666666665
