TimeIntervalSequence:0.41
BasicScheduleUtils:0.36333333333333334
TimeInterval:0.34
IntervalTestCase:0.29333333333333333
RolesTest:0.29
BasicScheduleUtilsTest:0.14333333333333334
TimeIntervalSequenceTest:0.13666666666666666
CalendarEntrySet:0.04
CalendarEntryTest:0.01
