BaseLayer:0.46
LSTM:0.3466666666666667
NeuralNetConfiguration:0.3333333333333333
ConvolutionLayer:0.32666666666666666
Builder:0.32
GravesLSTM:0.30666666666666664
GravesBidirectionalLSTM:0.30666666666666664
VariationalAutoencoder:0.2833333333333333
BasePretrainNetwork:0.2833333333333333
LayerValidation:0.23666666666666666
NeuralNetConfigurationTest:0.18666666666666668
FineTuneConfiguration:0.18
UpdaterBlock:0.17
KerasModel:0.17
GradientCheckUtil:0.16666666666666666
KerasSequentialModel:0.12333333333333334
