RemoveLocalBufferAction:0.5432936507936508
RemoveModuleAction:0.5432936507936508
