View:0.6533333333333333
Module:0.43666666666666665
ModuleTestBase:0.3466666666666667
DeliveryTest:0.16
NewDeliveryDetailAction:0.12333333333333334
