ShardManager:0.47394444444444445
ShardIterator:0.43333333333333335
DatabaseShardManager:0.43133333333333335
TestDatabaseShardManager:0.3
IndexInserter:0.25333333333333335
RaptorSplitSource:0.15
