AstVisitor:0.5033333333333333
ColumnType:0.49333333333333335
TestStatementBuilder:0.44
