TypeUtils:0.7666666666666667
TypeUtilsTest:0.45
Area:0.37666666666666665
AETest:0.14
