TxmObject:0.6833333333333333
ObjectExplorer:0.6
ShowSelected:0.11666666666666667
