VariableDeclarationStatement:0.49
TreeConverter:0.4166666666666667
DebugASTPrinter:0.35555555555555557
Rewriter:0.33666666666666667
ImplementationImportCollector:0.26
