SVGView:0.5266666666666666
SVGActionButton:0.52
TransitionLayout:0.48
MainActivity:0.3333333333333333
RadialTransitionActivity:0.118
