DefaultDOManager:0.35333333333333333
METSFedoraExtDOSerializer:0.2546666666666667
TestXACMLPolicies:0.24633333333333335
METSFedoraExtDODeserializer:0.24633333333333335
BatchModifyParser:0.24300000000000002
AtomDOSerializer:0.19033333333333333
FOXMLDOSerializer:0.19033333333333333
XACMLPolicyNamespace:0.1322222222222222
Constants:0.0275
XACMLPolicy1_0Format:0.013333333333333334
