RefCountSearcher:0.6433333333333333
SharedShardContext:0.3233333333333333
SharedShardContexts:0.17333333333333334
