RequestContext:0.6566666666666666
FlowArtifactFactory:0.5333333333333333
Event:0.4533333333333333
FlowExecutionListener:0.45
Transition:0.44666666666666666
FlowAttributeMapper:0.4053333333333333
MockRequestContext:0.4
ViewSelection:0.3466666666666667
MockExternalContext:0.3433333333333333
AnnotatedObject:0.33666666666666667
AnnotatedAction:0.33666666666666667
PortletExternalContext:0.33666666666666667
FormAction:0.32
FlowExecutionListenerAdapter:0.30333333333333334
ServletExternalContext:0.3016666666666667
EndState:0.2966666666666667
RedirectViewSelector:0.295
SubflowState:0.29333333333333333
AbstractFlowBuilder:0.2733333333333333
XmlFlowBuilder:0.27
MockFlowExecutionListener:0.26666666666666666
JsfExternalContext:0.25666666666666665
FlowExecutionImpl:0.24666666666666667
Flow:0.24666666666666667
StatefulActionProxy:0.24333333333333335
EventFactorySupport:0.24
FlowArtifactFactoryAdapter:0.23666666666666666
AbstractFlowExecutionTests:0.23333333333333334
TextToViewSelector:0.23166666666666666
InputOutputMapper:0.23
FlowExecutionControlContextImpl:0.22666666666666666
FlowExecutorParameterExtractor:0.22333333333333333
ParameterizableFlowAttributeMapper:0.22
FlowExecutionListeners:0.21666666666666667
BeanFactoryBeanInvokingAction:0.21305555555555558
FormActionTests:0.20666666666666667
MockFlowExecutionContext:0.20333333333333334
FlowController:0.20333333333333334
FlowSessionImpl:0.20333333333333334
PortletFlowController:0.20333333333333334
MockFlowSession:0.2
AbstractBeanInvokingAction:0.19333333333333333
FlowAction:0.19
AbstractAction:0.18916666666666668
ParameterizableFlowAttributeMapperTests:0.18666666666666668
SetPortletModeAction:0.18444444444444444
LocalFlowArtifactFactory:0.18333333333333332
FlowNavigationHandler:0.18333333333333332
FlowExecutionControlContext:0.17527777777777778
FlowExecutionTests:0.17
StateTests:0.17
FlowScopeExpression:0.17
XmlFlowBuilderTests:0.16777777777777778
FlowRegistryFlowArtifactFactory:0.16333333333333333
FlowArtifactParameters:0.16333333333333333
CompositeActionTests:0.16
CompositeAction:0.15666666666666668
TestFlowArtifactFactory:0.1511111111111111
Conversation:0.14666666666666667
TestAction:0.14416666666666667
SetPortletModeActionTest:0.14333333333333334
TestFlowAttributeMapper:0.12666666666666668
FlowExecutionImplTests:0.12666666666666668
BeanInvokingActionTests:0.12666666666666668
FlowRegistryPopulationTests:0.11666666666666667
PersonIdMapper:0.11666666666666667
ActionExecutionException:0.11333333333333333
DefaultBeanReturnValueEventFactory:0.10666666666666667
TextToViewSelectorTests:0.10666666666666667
AttributeMapperActionTests:0.09666666666666666
ActionExecutor:0.09333333333333334
SessionMapLocator:0.09333333333333334
FormActionBindingTests:0.08666666666666667
StatefulActionProxyTests:0.08333333333333333
DefaultActionMethodResolver:0.08
MockFlowExecutionControlContext:0.0725
ExternalizedFlowDefinition:0.03333333333333333
ApplicationSharedMap:0.0033333333333333335
SessionSharedMap:0.0033333333333333335
