ConflictNodeGroupLink:0.5
DataLoaderService:0.43333333333333335
IDataLoaderService:0.3185555555555556
ManageIncomingBatchListener:0.26166666666666666
ConfigurationChangedFilter:0.22666666666666666
AbstractDataLoaderServiceTest:0.2125
ConfigurationChangedDataRouter:0.20333333333333334
OutgoingBatch:0.17666666666666667
ConflictSettingsNodeGroupLinkMapper:0.13444444444444442
