CommonUtils:0.46
StringUtils:0.42333333333333334
Condition:0.38666666666666666
GenerationConditionAdapter:0.28
