Compiled:0.6055
FlatDynamicTypeBuilder:0.45888888888888885
SubclassDynamicTypeBuilder:0.37333333333333335
