TestSuite:0.56
MaxHistory:0.38
OldTestClassAdaptingListener:0.18666666666666668
JUnit38ClassRunnerTest:0.17
ClassWithInvalidMethod:0.14772222222222223
Version:0.14
