BaseOutputLayer:0.6233333333333333
EmbeddingLayer:0.21
GradientCheckTestsComputationGraph:0.13666666666666666
TestGraphNodes:0.12666666666666668
