BaseCSharpTest:0.46
BaseGoTest:0.36333333333333334
BaseRuntimeTest:0.32466666666666666
BaseNodeTest:0.29
BaseSwiftTest:0.2833333333333333
BaseJavaTest:0.24666666666666667
BaseCppTest:0.23666666666666666
BasePythonTest:0.23666666666666666
BaseBrowserTest:0.23666666666666666
