ClientProperty:0.7766666666666666
HazelcastClientInstanceImpl:0.37333333333333335
