SecuredAnnotationSecurityMetadataSource:0.52
Department:0.236
SecuredAnnotationSecurityMetadataDefinitionSourceTests:0.15333333333333332
SecuredAnnotationMetadataExtractor:0.09333333333333334
CustomSecurityAnnotationMetadataExtractor:0.05638888888888889
CustomAnnotatedService:0.043055555555555555
CustomAnnotatedServiceImpl:0.01
