CSSCheckerActionTest:0.6566666666666666
CSSCheckerActionMapItemsTest:0.5833333333333334
