ConcurrentMapManager:0.4266666666666667
MapStoreTest:0.39666666666666667
GroupProperties:0.36666666666666664
OutSelector:0.2633333333333333
ConnectionManager:0.20333333333333334
TopicManager:0.18666666666666668
StoreAwareOperationHandler:0.14
