CreateDropRepositoryAnalyzerTest:0.5866666666666667
RepositoryParamValidatorTest:0.2633333333333333
