ExecutorServiceTest:0.35333333333333333
ExecutorServiceCancelTest:0.2733333333333333
SingleNodeTest:0.235
HazelcastTestSupport:0.23333333333333334
SmallClusterTest:0.22
NestedExecutorTask:0.18666666666666668
SleepingTask:0.12666666666666668
BasicTestCallable:0.09833333333333333
ExecutorServiceTestSupport:0.08
NullResponseCountingCallback:0.042777777777777776
CountingDownExecutionCallback:0.03
ResponseCountingMultiExecutionCallback:0.02666666666666667
ICountDownLatchAwaitCallable:0.02666666666666667
BooleanSuccessResponseCountingCallback:0.02666666666666667
IncrementAtomicLongCallable:0.023333333333333334
InternallyCountingCallable:0.017388888888888888
IncrementAtomicLongIfMemberUUIDNotMatchRunnable:0.013333333333333334
IncrementAtomicLongRunnable:0.006666666666666667
MemberUUIDCheckCallable:0.006666666666666667
CountDownLatchAwaitingCallable:0.0033333333333333335
