Options:0.9016666666666666
GenerationTest:0.47333333333333333
