HttpSecurityBeanDefinitionParserTests:0.5133333333333333
HttpSecurityBeanDefinitionParser:0.3933333333333333
SecurityConfig:0.25333333333333335
FilterInvocationSecurityMetadataSourceBeanDefinitionParser:0.17
FilterSecurityMetadataSourceBeanDefinitionParserTests:0.07333333333333333
