Options:0.45292857142857146
Groove:0.45
LabelTree:0.3433333333333333
Util:0.3323333333333333
GraphToTikz:0.2925
HTMLConverter:0.2866666666666667
CellRenderer:0.26
RuleLevelTree:0.25666666666666665
RuleLabel:0.24733333333333335
Condition:0.23666666666666666
AspectJGraph:0.23666666666666666
CheckboxTree:0.23
AspectJCell:0.215
Index:0.19
AspectJEdge:0.18
AspectJVertex:0.17666666666666667
LevelNode:0.15
MyMouseListener:0.04666666666666667
GraphPanel:0.006666666666666667
