UriParser:0.5833333333333334
UriTest:0.52
UriParserTest:0.33666666666666667
