ZebraJTable:0.84
BuildingPanelFarming:0.2661111111111111
SettlementTransparentPanel:0.22166666666666668
SimulationConfigEditor:0.18
UnitListModel:0.14333333333333334
TabPanelCareer:0.14333333333333334
TabPanelSocial:0.14333333333333334
TabPanelScience:0.14
TabPanelSkill:0.14
TabPanelAttribute:0.14
TabPanelHealth:0.13833333333333334
TabPanelFavorite:0.13
TabPanelCredit:0.13
TabPanelGoods:0.13
BuildingPanelMedicalCare:0.12333333333333334
SettlementWindow:0.11166666666666666
ConstructedBuildingsPanel:0.10666666666666667
SettlementTable:0.08333333333333333
