AEDTO:0.5633333333333334
FileSystemMgtService:0.32666666666666666
FileSystemDTO:0.31
AEModel:0.2733333333333333
AEManagerBean:0.24
FileSystemBean:0.2
HL7SendService:0.18666666666666668
AEBean:0.18666666666666668
AEService:0.18333333333333332
FileBeanTest:0.15666666666666668
AEDelegate:0.14
AENewCtrl:0.09
