User:0.6033333333333334
Scope:0.5166666666666667
ValidTagTest:0.20666666666666667
