Article:0.7733333333333333
ArticleProcessor:0.4066666666666667
ArticleAddValidation:0.2
