ParameterTransformer:0.6427777777777778
MqlQueryAnalysis:0.41333333333333333
QueryAnalysisProvider:0.4033333333333333
MqlParameterTransformer:0.35333333333333333
Query:0.2755555555555555
jspViewer:0.19
ASTTransformVisitor:0.15333333333333332
ParserTest:0.13666666666666666
ParameterAssigner:0.13333333333333333
SQLUpdate:0.13
