Peer:0.73
PeerGroup:0.43666666666666665
TCPNetworkConnection:0.37277777777777776
PeerGroupThread:0.2111111111111111
