HazelcastTestSupport:0.5633333333333334
HazelcastClientInstanceImpl:0.4166666666666667
ClientEngineImpl:0.37166666666666665
