Email:0.5522222222222222
FilterSitemapNodeDisplayResult:0.36833333333333335
FilterLoader:0.29
