HopDebugger:0.5666666666666667
ProgramCounterAnnotationUpdater:0.5133333333333333
HopVariablesModel:0.18666666666666668
