Jnet:0.59
JnetManager:0.4633333333333333
JnetFilterLis:0.21455555555555558
LayoutThread:0.12666666666666668
