KerasConstraintUtils:0.5066666666666667
Keras1ModelConfigurationTest:0.43
Keras2ModelConfigurationTest:0.33666666666666667
KerasDense:0.32666666666666666
