SimpleStorageServiceWagon:0.36666666666666664
AbstractWagon:0.3
TransferProgress:0.28
TransferProgressFileOutputStream:0.15333333333333332
SubversionWagon:0.10333333333333333
TransferProgressFileInputStream:0.01
