AggregateStatus:0.6333333333333333
DefaultAggregateStatusService:0.43
DefaultAggregateServiceIntegrationTest:0.27666666666666667
