RrBox:0.52
STLSlice:0.42
trackPolygon:0.345
MaterialLists:0.29150000000000004
RrGraphics:0.26
LineSegment:0.22
MyComponent:0.08333333333333333
