ClusterService:0.710388888888889
ClusterAdminClient:0.37
AbstractClusterAdminClient:0.3233333333333333
UpdateTask:0.3180952380952381
RestActionModule:0.23666666666666666
ActionModule:0.22
InternalClusterService:0.21333333333333335
ClusterServiceTests:0.07666666666666666
