TestMetaInfoAction:0.5612142857142858
MetaInfo:0.5416666666666666
MIcon:0.43111111111111117
