ElasticsearchAssertions:0.5666666666666667
Suggest:0.5566666666666666
SuggestSearchTests:0.3566666666666667
