HttpExchangeConnection:0.5416666666666666
WebServiceHttpHandlerIntegrationTest:0.46
WebServiceHttpHandler:0.23333333333333334
