Graphic:0.52
RewriteListener:0.26
SuperLoopSym:0.25916666666666666
MethodEntrySym:0.25916666666666666
LoopSym:0.22666666666666666
BlowupChoiceGenerator:0.21444444444444447
MethodChoiceGenerator:0.21444444444444447
LoopChoiceGenerator:0.21444444444444447
