EntityIndexUtils:0.5183333333333333
Constants:0.45118253968253963
TrashHelper:0.2866666666666667
