FunctionAssertions:0.5033333333333333
TestTeradataDateFunctions:0.42333333333333334
TestTeradataFunctions:0.23666666666666666
