CertificateProfile:0.77
AlgorithmTools:0.5433333333333333
CesecoreConfiguration:0.29
CertProfileBean:0.24
CertificateCreateSessionBean:0.22
RequestInstance:0.22
CryptoTokenMBean:0.18333333333333332
CertificateProfileTest:0.15333333333333332
CertificateCreateSessionTest:0.14
ApplyBean:0.08666666666666667
