NewSpectrumFileWizardPage:0.7166666666666667
NewSpectrumWizard:0.3466666666666667
