ProjectConfig:0.71
ProjectInfo:0.5366666666666666
CurrentBuildStatusListenerTest:0.27666666666666667
BuildLoopInformationBuilder:0.20333333333333334
BuildInformationRepositoryInMemoImplTest:0.19666666666666666
BuildLoopQueryServiceStub:0.19666666666666666
BuildLoopQueryServiceTest:0.17
BuildLoopInformationBuilderTest:0.15
GetActiveBuildInfoControllerTest:0.14333333333333334
CruiseControlControllerStub:0.06333333333333334
ProgressWritingTester:0.043333333333333335
