Optimizer:0.3333333333333333
PlanVisitor:0.29
NodePrinter:0.27666666666666667
LocalExecutionPlanner:0.23666666666666666
Fragmenter:0.23666666666666666
LogicalPlanner:0.22666666666666666
Visitor:0.21333333333333335
Rewriter:0.20333333333333334
ChildReplacer:0.18333333333333332
