AnnotationBar:0.3973333333333333
TextEditor:0.31333333333333335
MainWindow:0.29
Presentation:0.26
TextEditorDesigner:0.25666666666666665
HighlightAction:0.16333333333333333
