JFXServerCockpit2Test:0.35
JFXServerCockpitChangeLayout2Test:0.23666666666666666
JFXServerCockpitChangeWindowLayoutTest:0.2061111111111111
JFXServerCockpitChangeZOrderTest:0.2061111111111111
JFXServerCockpitNoAutoactivatedAllLayersTest:0.2061111111111111
JFXServerCockpitDefaultLayer3Test:0.2061111111111111
JFXServerCockpitConnectors5Test:0.1811111111111111
JFXServerTransparentCockpitTest:0.16611111111111113
JFXServerCockpitChangeLayout3Test:0.16
JFXServerCockpitChangeLayout4Test:0.16
JFXServerCockpitConnectors4Test:0.1577777777777778
JFXServerCockpitTest:0.15444444444444444
JFXServerCockpitConnectors2Test:0.15444444444444444
JFXServerCockpitConnectors3Test:0.15444444444444444
JFXServerCockpitDefaultLayerTest:0.15444444444444444
JFXServerCockpitMultiLayerMapsTest:0.15444444444444444
JFXServerCockpitDefaultLayer2Test:0.14666666666666667
JFXServerCockpitInitInactiveLayerTest:0.14666666666666667
JFXServerCockpitInstanceTest:0.14666666666666667
JFXServerCockpitEmptyWindowTest:0.14666666666666667
JFXServerCockpitMultiLayer3Test:0.14666666666666667
