IndexShard:0.71
IndexingMemoryController:0.37666666666666665
IndexingMemoryControllerTests:0.32666666666666666
MockController:0.32444444444444437
