Proc:0.48
JavaGenerator:0.4066666666666667
Mysql:0.30333333333333334
ProcsPriv:0.25
Tables:0.07
