StandardTypes:0.48899999999999993
AstVisitor:0.32666666666666666
AstBuilder:0.32
Formatter:0.29
QueryResults:0.2866666666666667
TypeRegistry:0.25666666666666665
LiteralVisitor:0.25333333333333335
Visitor:0.24666666666666667
TestSqlParser:0.24333333333333335
TestDomainTranslator:0.23
