ItemReader:0.7633333333333333
ItemReaderRetryCallback:0.47
KeyedItemReader:0.3272804232804233
ItemReaderRetryPolicy:0.2733333333333333
SimpleStepExecutor:0.21666666666666667
MockProvider:0.20333333333333334
JmsItemReader:0.19666666666666666
SimpleJob:0.19305555555555554
AbstractStep:0.18666666666666668
SimpleJobLauncher:0.18333333333333332
SimpleJobLauncherTests:0.17666666666666667
ItemOrientedTaskletTests:0.17
ItemOrientedTasklet:0.16
ItemReaderRetryPolicyTests:0.15666666666666668
StubStep:0.14333333333333334
DelegatingItemReaderIntegrationTests:0.14
ExternalRetryInBatchTests:0.13833333333333334
ExternalRetryTests:0.13833333333333334
ItemReaderRetryContext:0.12666666666666668
RepeatOperationsStep:0.12
ItemReaderRetryCallbackTests:0.10277777777777777
ItemReaderAdapter:0.09666666666666666
AbstractItemReader:0.09666666666666666
AbstractItemReaderRecoverer:0.056230158730158734
ListItemReaderRecoverer:0.04
MockItemReader:0.006666666666666667
