SubjectVariableInterpreter:0.36
DefaultKernelQedeqBo:0.34
Predicate:0.3
DynamicHeuristicChecker:0.28
DefaultInternalKernelServices:0.23333333333333334
DynamicModel:0.23333333333333334
CalculateTruth:0.23166666666666666
HeuristicChecker:0.23
Function:0.21333333333333335
Interpreter:0.20666666666666667
HeuristicCheckerPlugin:0.18
DynamicInterpreter:0.11666666666666667
CalculateTruthThreeModelTest:0.11666666666666667
DynamicHeuristicCheckerPlugin:0.04527777777777778
HeuristicErrorCodes:0.03
