Native:0.6
TestLibrary:0.4058730158730159
CallbacksTest:0.3333333333333333
CallbackReference:0.2733333333333333
