Settlement:0.6033333333333334
MissionManager:0.31
Driver:0.1577777777777778
MockSettlement:0.10333333333333333
