EditorReader:0.8177777777777778
JTabbedPaneReader:0.43638888888888894
