SparkDl4jMultiLayer:0.525
HistogramIterationListener:0.2916666666666667
ScoreMapping:0.22666666666666666
