StatementGenerator:0.8966666666666666
SmallTests:0.41333333333333333
MethodReference:0.3522222222222222
