ErrorManager:0.36
BaseTest:0.3433333333333333
TestNFAConstruction:0.2833333333333333
TestDFAConstruction:0.2633333333333333
TestLexerDFAConstruction:0.2633333333333333
Utils:0.22
TestLinearApproximateLookahead:0.08333333333333333
