DisplayZone:0.8183333333333334
FreeCockpitConfigurationHandler:0.30333333333333334
