JobHandler:0.49
ConcordancesEditor:0.45666666666666667
AddBase:0.29333333333333333
CorpusPage:0.23666666666666666
ApplicationWorkbenchAdvisor:0.20333333333333334
ExecuteScriptImport:0.17333333333333334
ComplexSortSelector:0.17333333333333334
Diagnostique:0.11333333333333333
ExecuteText:0.09666666666666666
ExecuteGroovyScript:0.07
ExecuteGroovyScriptFromFile:0.033888888888888885
ImportSelectedText:0.03333333333333333
