MockPollerConfig:0.65
PollablesTest:0.278
PollerTest:0.2633333333333333
PollContextTest:0.23333333333333334
MockNetworkTest:0.2
MockPollerConfigTest:0.11333333333333333
TestCapsdConfigManager:0.01
