FieldCapabilitiesRequest:0.8433333333333334
OriginalIndices:0.37
FieldCapabilitiesRequestTests:0.04666666666666667
