StringUtils:0.4633333333333333
GeneBeanFactory:0.41333333333333333
TairAnnotationStrategy:0.37333333333333335
AssignTasksTest:0.22
TermBeanFactory:0.19333333333333333
