SpringLoadedPreProcessor:0.4066666666666667
RewriteClassAdaptor:0.35833333333333334
GlobalConfiguration:0.2336111111111111
SystemClassReflectionInvestigator:0.16333333333333333
