DateHelper:0.43333333333333335
DefaultRecordStore:0.3566666666666667
ScheduledExecutorServiceDelegate:0.33666666666666667
ExecutionServiceImpl:0.2966666666666667
DateHelperTest:0.17666666666666667
PartitionWideEntryOperation:0.17666666666666667
SomeEntryProcessor:0.16444444444444445
TestManagedContext:0.14333333333333334
PredicatesTest:0.12666666666666668
