MethodInvocationPrivilegeEvaluator:0.5533333333333333
MethodInvocationPrivilegeEvaluatorTests:0.22333333333333333
