ExtendedInformation:0.5866666666666667
LocalUserAdminSessionBean:0.34
RSASignSessionBean:0.3233333333333333
X509CA:0.2966666666666667
