ContinuationFlowExecutionRepository:0.6316666666666667
ClientContinuationFlowExecutionRepository:0.4802777777777777
ContinuationFlowExecutionRepositoryCreator:0.26666666666666666
