JChemPaintPanel:0.6455555555555555
SaveAsAction:0.31166666666666665
NewAction:0.23333333333333334
