HazelcastTicketRegistry:0.47
JpaTicketRegistry:0.44333333333333336
CasCoreTicketsConfiguration:0.22333333333333333
HazelcastTicketRegistryTicketCatalogConfiguration:0.16333333333333333
CasCoreTicketCatalogConfiguration:0.14333333333333334
OAuthProtocolTicketCatalogConfiguration:0.13
JpaTicketRegistryConfiguration:0.10666666666666667
HazelcastTicketRegistryConfiguration:0.09666666666666666
BaseTicketCatalogConfigurer:0.02666666666666667
JpaTicketRegistryTicketCatalogConfiguration:0.02
TicketCatalogConfigurer:0.0
