Name:0.48333333333333334
Id:0.4766666666666667
Field:0.31666666666666665
InstanceModel:0.2866666666666667
