BinderHelper:0.7933333333333333
MobileAjaxController:0.39
LoginFilter:0.30833333333333335
