jq:0.7366666666666667
HostedVM:0.48333333333333334
DebuggerCrash:0.2375
JoeqVM:0.18666666666666668
SimpleCrash:0.17046428571428573
CrashInterface:0.0011111111111111111
