EditorReader:0.5966666666666667
CodeProcessor:0.4266666666666667
CodeCharacterLineProcessor:0.07666666666666666
LiteralCharacterProcessor:0.07666666666666666
CharacterProcessor:0.07611111111111112
