Utils:0.44
GwtUIHelper:0.39666666666666667
GwtTeaming:0.35333333333333333
GwtServerHelper:0.3433333333333333
RequestInfo:0.30916666666666665
GwtRpcServiceImpl:0.2966666666666667
IfVibeLite:0.21333333333333335
RelevanceDashboardHelper:0.18
BuildDefinitionDivs:0.18
MastheadPopupMenu:0.14333333333333334
WebKeys:0.1311111111111111
IfNotVibeLite:0.08333333333333333
