DecoraManagerTest:0.36333333333333334
DecoraExceptionTest:0.25333333333333335
DecoraServletFilterInitTest:0.18666666666666668
PageRegionExtractorTest:0.18
DecoraServletFilterTest:0.14333333333333334
DecoraRequestWrapperTest:0.14333333333333334
DecoratorTagVisitorTest:0.12333333333333334
DecoraResponseWrapperTest:0.12333333333333334
