Manager:0.8666666666666667
SWDownloadFile:0.48333333333333334
ServiceManager:0.4533333333333333
SwarmingManager:0.37333333333333335
SWDownloadCandidate:0.32
StatisticTracker:0.31
MainFrame:0.20666666666666667
MsgManager:0.2
SWDownloadTab:0.2
MonitorTab:0.19666666666666666
SWDownloadWorker:0.19
SWCandidateTableModel:0.18
SWDownloadTableModel:0.18
SWSegmentTableModel:0.18
UploadEngine:0.16333333333333333
ResearchService:0.16333333333333333
DownloadConfigDialog:0.14
ExitPhexAction:0.14
Environment:0.13333333333333333
Main:0.13333333333333333
StatusBar:0.11
ResearchChangeListener:0.08
SWQuickDownloadAction:0.043333333333333335
