GF256Poly:0.62
BitArray:0.37666666666666665
DecodedBitStreamParser:0.31333333333333335
