Robot:0.69
Bugs:0.3333333333333333
BugsTest:0.30333333333333334
EventRecorderTest:0.2838888888888889
JComponentRecorderTest:0.2644444444444445
