ScriptService:0.58
ScriptServiceTests:0.3566666666666667
PluginManagerIT:0.28
OnDiskScriptIT:0.26
ScriptModesTests:0.23
BucketSelectorPipelineAggregator:0.19666666666666666
IndexedScriptIT:0.15166666666666667
ScriptModule:0.14666666666666667
CustomScriptContextIT:0.12666666666666668
