ConstraintsModel:0.3933333333333333
ChooseStringOrFile:0.24277777777777781
ConstructorView:0.21666666666666667
InputOutputComposite:0.17333333333333334
MSWordVariableMapping:0.15666666666666668
DocxHandlerCellEditorProvider:0.04
MSWordTaskHandlerConfigurator:0.04
BaseExcelHandlerCellEditorProvider:0.04
