AttributeMetadata:0.4
NavigationTreeComponent:0.32
LocalObjectLight:0.30333333333333334
LocalObject:0.27666666666666667
Utils:0.24
LocalClassMetadataLight:0.23333333333333334
LocalClassMetadata:0.23333333333333334
AbstractNode:0.19
LocalAttributeMetadata:0.16
ContainmentNode:0.15944444444444442
LocalObjectListItem:0.023888888888888887
