FileSystem:0.6827777777777778
DefaultFileSystem:0.43
TestClient:0.39666666666666667
JavaFileSystemTest:0.25333333333333335
