Buffer:0.1722874
LineManager:0.16037308
TextArea:0.1352318
IndentFoldHandler:0.10926752
ExplicitFoldHandler:0.09761591
StandardUtilities:0.09596672
Selection:0.09546976
BufferListener:0.09259851
BufferAdapter:0.08922619
BufferChangeListener:0.08675414
DummyFoldHandler:0.08484563
Mode:0.08198523
BufferHandler:0.08165567
jEdit:0.081619695
FoldHandler:0.079281166
TextUtilities:0.07867238
DisplayManager:0.07780033
DeepIndentRule:0.0742344
MiscUtilities:0.07136916
ScreenLineManager:0.070920475
BufferIORequest:0.06981061
StandaloneTextArea:0.06907911
Gutter:0.06734197
TextAreaPainter:0.062652804
Macros:0.059278253
ModeProvider:0.058339477
TokenMarker:0.05818641
RegexpIndentRule:0.05745215
SearchAndReplace:0.056777913
EditPane:0.05521992
Registers:0.05442113
ChunkCache:0.0532181
UndoManager:0.05276261
BracketIndentRule:0.051785048
SelectionManager:0.050762624
JEditTextArea:0.04887999
Abbrevs:0.04865395
ContentManager:0.047189996
Log:0.046172913
VFS:0.045658845
WhitespaceRule:0.043927394
PluginJAR:0.04315806
PositionManager:0.042936277
BeanShell:0.042555586
View:0.041603874
CloseBracketIndentRule:0.03992196
DefaultTokenHandler:0.039630126
StatusBar:0.03808811
ParserRuleSet:0.035846915
VFSBrowser:0.03568492
TextAreaMouseHandler:0.03498001
TextAreaTransferHandler:0.03477401
HyperSearchResult:0.034742557
DummyTokenHandler:0.033305928
BufferOptionPane:0.032993063
TokenHandler:0.03299096
FileVFS:0.03247119
DisplayTokenHandler:0.03160424
CompleteWord:0.030612968
BufferPrintable:0.028272942
BufferLoadRequest:0.027529063
TextAreaInputHandler:0.027244851
KeywordMap:0.026871257
IndentAction:0.026434755
GrabKeyDialog:0.026061272
Token:0.025257401
FirstLine:0.02461102
BufferSet:0.024375293
HyperSearchRequest:0.024182715
IndentRule:0.023353621
InputMethodSupport:0.022564435
OpenBracketIndentRule:0.02252592
InputHandler:0.02203341
HyperSearchResults:0.021708144
VFSFileChooserDialog:0.020904655
ScrollLineCount:0.020592818
SearchBar:0.018273173
EncodingsOptionPane:0.017978285
SelectLineRange:0.017756915
FoldPainter:0.016760908
MarkerViewer:0.016521657
CloseDialog:0.0154972505
TextAreaDropHandler:0.015090043
MouseHandler:0.014721326
GeneralOptionPane:0.014502712
MarkersProvider:0.014488265
Debug:0.013017745
BufferInsertRequest:0.012515602
MacOSXPlugin:0.012229263
ShapedFoldPainter:0.011550042
IntegerArray:0.011361947
LineSepWidgetFactory:0.010842662
ReloadWithEncodingProvider:0.0106973285
FilesChangedDialog:0.010651808
MarkersSaveRequest:0.010496229
TriangleFoldPainter:0.0104218945
BufferUndoListener:0.009766931
BufferSaveRequest:0.009660047
FoldWidgetFactory:0.008527407
ModeWidgetFactory:0.0068201055
BufferAutosaveRequest:0.0065021995
EncodingWidgetFactory:0.006331962
DockingLayoutManager:0.005915115
JEditEmbeddedTextArea:0.0058846483
WrapWidgetFactory:0.005759605
AddAbbrevDialog:0.004364349
