Analysis:0.45
Planner:0.43
NotPredicate:0.35837301587301584
IsNullPredicate:0.35503968253968254
ShardStatsTest:0.30666666666666664
ImplementationSymbolVisitor:0.25666666666666665
ColumnsIterator:0.19666666666666666
DocIndexMetaDataTest:0.16666666666666666
MergeOperation:0.16333333333333333
