CollectionAcceptanceTest:0.3933333333333333
BasicOutputBuffer:0.26666666666666666
DatabaseAcceptanceTest:0.06
InsertMongoDocumentAcceptanceTest:0.056666666666666664
AddIndexAcceptanceTest:0.03666666666666667
Fixture:0.01
