MURLButton:0.7833333333333333
FeedViewer:0.3233333333333333
DeletePrivateDataPlugin:0.26666666666666666
