SharedLibraryLoader:0.4666666666666667
KissFFT:0.36333333333333334
AudioTools:0.2866666666666667
ImmediateModeRendererTest:0.25
ShapeRendererTest:0.14333333333333334
LwjglDebugStarter:0.12666666666666668
AudioBuild:0.12666666666666668
JoglDebugStarter:0.12666666666666668
FFTTest:0.06666666666666667
