Constants:0.4700555555555556
WebserviceBean:0.42333333333333334
BusinessEntityManagerImpl:0.38666666666666666
Reports:0.2733333333333333
ApplicationEntityManagerImpl:0.21
