FakeHttpLayer:0.5533333333333333
Robolectric:0.54
DefaultRequestDirectorTest:0.19333333333333333
