NativeMap:0.5166666666666667
ScriptableLinkedHashMap:0.4033333333333333
ScriptableWrappedMap:0.37333333333333335
ScriptValueConverter:0.23166666666666666
JavaScriptScriptEngineTests:0.19
CustomWrapFactory:0.03333333333333333
