OAuthConstants:0.7172777777777777
BaseOAuthWrapperController:0.46
OAuth20AuthorizeController:0.3333333333333333
OAuth20AccessTokenController:0.3233333333333333
OAuth20AuthorizeControllerTests:0.24333333333333335
