ReportGedcomStatistics:0.5966666666666667
StatisticsIndividuals:0.06333333333333334
StatisticsPlaces:0.06333333333333334
StatisticsOccupations:0.04
StatisticsLastNames:0.04
