MemberStateImpl:0.5983333333333334
DataSerializableSerializer:0.45
SerializationServiceV1:0.3333333333333333
ClientClusterStateTest:0.25666666666666665
