ShadowCanvas:0.6366666666666667
ShadowRect:0.43
CanvasTest:0.14333333333333334
