ReleaseInfo:0.22333333333333333
ZoneConfig:0.22
DefinitionBrief:0.22
SearchResultList:0.19
DefinableEntity:0.18666666666666668
FolderEntry:0.16666666666666666
Principal:0.15
FsaConfig:0.13666666666666666
FolderEntryBrief:0.12666666666666668
Tag:0.12666666666666668
DiskQuotasConfig:0.10666666666666667
BinderQuotasConfig:0.10666666666666667
Description:0.04666666666666667
