ApplicationWorkbenchAdvisor:0.6933333333333334
AdvancePreferencePage:0.5358333333333334
Application:0.37
