Option:0.3381666666666667
ListOption:0.2816666666666667
OptionsPageBuilder:0.28
SpinnerNumberOption:0.24333333333333335
ComboBoxOption:0.2
OptionsHandler:0.16666666666666666
AbstractOption:0.12333333333333334
FillerOption:0.11333333333333333
LabelOption:0.11333333333333333
ButtonOption:0.11333333333333333
FormattedNumberOption:0.1
BooleanOption:0.08
