SymphonyServletListener:0.31
CommentMgmtService:0.2966666666666667
CommentQueryService:0.25666666666666665
UserQueryService:0.21666666666666667
