IsJsonTest:0.35
JsonPathMatchers:0.18333333333333332
JsonPathMatchersTest:0.15666666666666668
IsJson:0.14333333333333334
WithJsonPathTest:0.09666666666666666
WithJsonPath:0.06666666666666667
DemoTest:0.006666666666666667
IsJsonStringTest:0.006666666666666667
IsJsonFileTest:0.0
