ClusterWidgets:0.6466666666666666
OnValueChangeHandler:0.47
HazelcastMonitor:0.2783333333333333
InstanceChartPanel:0.19333333333333333
OnValueChangeHandlerTest:0.18333333333333332
