GwtTeamingMessages:0.481388888888889
ChangePasswordDlg:0.3933333333333333
GwtMainPage:0.35
GwtUIHelper:0.30333333333333334
RequestInfo:0.27615079365079365
GwtRpcServiceImpl:0.2377777777777778
GwtTeamingImageBundle:0.23666666666666666
InvokeChangePasswordDlgEvent:0.23
GwtServerHelper:0.22944444444444448
UserActionsPopup:0.16666666666666666
