ObjectFactory:0.49666666666666665
BGPTopComponent:0.29333333333333333
BGPModuleScene:0.23666666666666666
EndToEndViewScene:0.14666666666666667
LocalLogicalConnectionDetails:0.14
RemoteObjectRelatedObjects:0.12666666666666668
RemoteLogicalConnectionDetails:0.10666666666666667
