HiveMetadata:0.6433333333333333
HiveMetadataFactory:0.3233333333333333
HiveSessionProperties:0.3
