Layer:0.6866666666666666
ComputationGraph:0.48
GraphVertex:0.4737857142857143
MultiLayerNetwork:0.38
FrozenLayer:0.2877777777777778
SimpleOptimizableModel:0.2833333333333333
LastTimeStepLayer:0.25333333333333335
BidirectionalLayer:0.21666666666666667
BaseOutputLayer:0.20333333333333334
BaseGraphVertex:0.20333333333333334
TestComputationGraphNetwork:0.17666666666666667
VariationalAutoencoder:0.15666666666666668
AbstractLayer:0.14666666666666667
