FlatFileItemWriterTests:0.6094444444444445
DefaultFlatFileItemReaderTests:0.2826666666666667
