CombinerRecordIterator:0.8266666666666667
ITQLQueryFactory:0.31666666666666665
