Duration:0.8333333333333334
CalendarSheet:0.37333333333333335
FilterContentDisplayer:0.37333333333333335
FilterContentRequestBean:0.2
