GwtTeamingMessages:0.4680555555555556
GwtRpcService:0.4172222222222222
TopRankedDlg:0.37333333333333335
GwtRpcServiceAsync:0.31337301587301586
TopRankedInfo:0.31
GwtMainPage:0.30666666666666664
AdvancedSearchController:0.26666666666666666
MainMenuControl:0.2633333333333333
GwtTeamingMainMenuImageBundle:0.24666666666666667
GwtUIHelper:0.22666666666666666
GwtRpcServiceImpl:0.20666666666666667
GwtServerHelper:0.19333333333333333
