MDEDescriptor:0.4766666666666667
PetitjeanNumberDescriptor:0.29
PetitjeanShapeIndexDescriptor:0.29
MomentOfInertiaDescriptor:0.13333333333333333
