InstallationListener:0.5366666666666666
Compound:0.37333333333333335
Enabled:0.3566666666666667
AgentBuilderDefaultTest:0.32666666666666666
AgentBuilderRedefinitionStrategyResubmissionStrategyTest:0.25
Default:0.22333333333333333
AgentBuilderInstallationListenerTest:0.18333333333333332
PoolStrategy:0.16642857142857143
StreamWriting:0.1577777777777778
Adapter:0.11
ResubmissionStrategy:0.07
