AbstractNearCacheBasicTest:0.6333333333333333
AbstractNearCachePreloaderTest:0.3233333333333333
NearCacheTestUtils:0.2866666666666667
AbstractNearCacheSerializationCountTest:0.18666666666666668
