InnerFutureTask:0.8211111111111111
Inner:0.5466666666666666
MemberCall:0.31
MembersCall:0.22
ExecutorServiceTest:0.19333333333333333
CancellationAwareTask:0.14
Objects:0.0
