AsyncApiTest:0.5466666666666666
Job:0.5
RecordedResponse:0.39666666666666667
