Vector2:0.7966666666666666
CatmullRomSpline:0.30344444444444446
