CmpConfiguration:0.5
UpgradeSessionBean:0.41333333333333333
UpgradeSessionLocal:0.2678730158730158
InformationMemory:0.2633333333333333
EjbcaWebBean:0.25666666666666665
RAAuthorization:0.24277777777777776
UpdateCommand:0.13333333333333333
UpgradeSessionBeanTest:0.06277777777777778
