Builder:0.4533333333333333
SortedPositionLinks:0.36
TestPositionLinks:0.2966666666666667
JoinHashSupplier:0.27
PositionComparator:0.14
