SelfResource:0.4066666666666667
AbstractBinderResource:0.4066666666666667
FolderResource:0.27666666666666667
WorkspaceResource:0.27666666666666667
