Search:0.41333333333333333
Harvester:0.3433333333333333
CGPParams:0.32666666666666666
CGPHarvester:0.26
HarvestTest:0.23333333333333334
CGPResult:0.014285714285714285
