Mercurial:0.5566666666666666
MercurialTest:0.47333333333333333
HgLogParser:0.29333333333333333
HgDateParser:0.26
HgVersionParser:0.25333333333333335
