AsyncHttpClientConfig:0.6433333333333333
Builder:0.4266666666666667
AsyncHttpClientConfigDefaults:0.22333333333333333
HttpsProxyTest:0.16333333333333333
HttpToHttpsRedirectTest:0.15
AsyncHttpClientDefaultsTest:0.14333333333333334
DefaultAsyncHttpClientConfig:0.14
BasicHttpProxyToHttpsTest:0.13666666666666666
ProxyTunnellingTest:0.12333333333333334
DefaultSslEngineFactory:0.09333333333333334
