BondStretching:0.6966666666666667
Torsions:0.5372222222222223
