IdentityCachingMap:0.6866666666666666
IdentityCachingMapTest:0.30666666666666664
