UserManagerTopComponent:0.5583333333333333
GroupsEditorSupport:0.3616666666666667
UserManagerService:0.3522222222222222
