HttpSessionRequestCache:0.6966666666666667
ExceptionTranslationFilterTests:0.4866666666666667
HttpSessionRequestCacheTests:0.06
