Collections:0.64
Map:0.5766666666666667
TreeMap:0.25333333333333335
SortedMap:0.2519285714285714
HashMap:0.24666666666666667
LinkedHashMap:0.24666666666666667
