LockResourceImpl:0.4266666666666667
LockResource:0.41
LockStoreImpl:0.34
LockServiceImpl:0.3
LockEvictionProcessor:0.26
UnlockResponseHandler:0.04416666666666667
