MplsLinkEndpointsViewScene:0.5966666666666667
DeleteMPLSConnectionAction:0.41333333333333333
MPLSConnectionWizard:0.24861111111111114
