DomNode:0.6038888888888888
HtmlCheckBoxInput2Test:0.4666666666666667
HtmlCheckBoxInput:0.2866666666666667
