NodeSet:0.36
TreeHashSet:0.35333333333333333
SPOEvent:0.32666666666666666
CompositeEvent:0.31
Editor:0.29333333333333333
AbstractBinaryEdge:0.2833333333333333
DefaultIsoChecker:0.26916666666666667
ExplorationTest:0.25333333333333335
Imager:0.23666666666666666
NewDeltaGraph:0.22333333333333333
GraphTest:0.2080952380952381
DefaultEdge:0.20333333333333334
DefaultAutomaton:0.195
DefaultEdgeSet:0.19333333333333333
Edge2Certificate:0.17833333333333334
Edge1Certificate:0.17833333333333334
MatrixAutomaton:0.17333333333333334
StateCache:0.17333333333333334
AbstractEvent:0.15333333333333332
AutomatonTest:0.13666666666666666
Automaton:0.11753968253968256
MatchingAlgorithm:0.11
TreeHashSetTest:0.10666666666666667
CompositeEventCache:0.07666666666666666
SPOEventCache:0.06333333333333334
VarAutomaton:0.025833333333333333
AbstractEventCache:0.0
