JdbcClient:0.69
JdbcRecordSet:0.44333333333333336
JdbcRecordCursor:0.27088888888888885
TestJdbcRecordSet:0.27
BaseJdbcClient:0.26666666666666666
TestJdbcClient:0.23666666666666666
JdbcMetadata:0.23333333333333334
TestingDatabase:0.2
JdbcRecordSetProvider:0.1
