CrmfRAPbeMultipleKeyIdRequestTest:0.41
CrmfRAPbeRequestTest:0.25666666666666665
CrmfRATcpRequestTest:0.23
CrmfRARequestTest:0.19
CrmfRequestTest:0.17333333333333334
CmpTestCase:0.15333333333333332
