KQueueTransport:0.38666666666666666
EpollTransport:0.38
Transport:0.36833333333333335
ConnQueue:0.2966666666666667
