AnnotatedFeatureI:0.59
AnnotationEditor:0.5
Identifier:0.4166666666666667
AnnotatedFeature:0.32666666666666666
