TreeTagger:0.6055555555555555
Text:0.43555555555555553
ExecuteScriptImport:0.31
