PagesHashStrategy:0.6295
PagesIndex:0.4033333333333333
JoinCompiler:0.37666666666666665
SimplePagesHashStrategy:0.33666666666666667
TestJoinCompiler:0.2733333333333333
