AccessUtils:0.44666666666666666
TemplateModuleImpl:0.3333333333333333
AbstractFolderModule:0.29333333333333333
FolderModule:0.27166666666666667
ConfigureConfigurationController:0.23333333333333334
WebKeys:0.06333333333333334
