BackTrackLineSearch:0.5346666666666667
BaseOptimizer:0.45
TestOptimizers:0.19666666666666666
