ApplicationEntityManager:0.61
SynchronizationGroup:0.5
Util:0.38333333333333336
EntPhysicalSynchronizer:0.36666666666666664
WebserviceBean:0.3466666666666667
SyncUtil:0.3433333333333333
ApplicationEntityManagerImpl:0.30666666666666664
WebserviceBeanImpl:0.25333333333333335
HTMLReport:0.24666666666666667
KuwaibaService:0.21666666666666667
RemoteSynchronizationGroup:0.20777777777777778
ReferenceSnmpSyncProvider:0.19666666666666666
DefaultReports:0.18
SnmpCiscoVlansSyncProvider:0.16333333333333333
DefaultSyncReader:0.13166666666666665
DefaultSyncProcessor:0.08333333333333333
DrawGChartFunction:0.08333333333333333
DataTable:0.07333333333333333
