Connection:0.6572222222222222
Response:0.3566666666666667
Request:0.26666666666666666
HttpConnection:0.21666666666666667
UrlConnectTest:0.2
