MetaComponent:0.6
CodeGenerator:0.44666666666666666
ModelMapping:0.38333333333333336
EntityTab:0.27
WebsphereDbxmiPG:0.22333333333333333
WebsphereCodeGenerator:0.17333333333333334
XavaPreferences:0.14166666666666666
WebsphereSchxmiPG:0.07
EJBCodeGenerator:0.06333333333333334
