MultiLayerNetwork:0.42
Builder:0.39666666666666667
NeuralNetConfiguration:0.3233333333333333
Layer:0.3233333333333333
TestUpdaters:0.30666666666666664
BaseOptimizer:0.23666666666666666
BaseLayer:0.23333333333333334
LayerConfigTest:0.20666666666666667
BaseUpdater:0.115
NeuralNetConfigurationTest:0.10666666666666667
