PersonFactoryTest:0.49666666666666665
ListFactoryTest:0.33666666666666667
EntityFactoryTest:0.2966666666666667
