Packet:0.49
ClusterServiceImpl:0.4066666666666667
TcpIpConnectionManager:0.3233333333333333
MockConnection:0.22333333333333333
MockNodeContext:0.22333333333333333
ClusterDataSerializerHook:0.13666666666666666
TestNodeRegistry:0.13666666666666666
DefaultPacketReader:0.06333333333333334
