DatabaseHandler:0.43666666666666665
FileHandler:0.4
PersistencyHandler:0.39666666666666667
DatabaseInit:0.35
AdminServlet:0.2733333333333333
