RejectingCacheWriter:0.36
AsMapTest:0.3344444444444445
CacheTest:0.3233333333333333
LoadingCacheTest:0.31
CacheContext:0.28
AsyncLoadingCacheTest:0.28
ReferenceTest:0.26666666666666666
ExpireAfterWriteTest:0.25666666666666665
WriteException:0.006666666666666667
DeleteException:0.006666666666666667
