CallIdSequenceWithoutBackpressure:0.3433333333333333
CallIdSequence:0.19666666666666666
CallIdSequenceWithBackpressure:0.11
