LocalTransport:0.4
TestCluster:0.37
ElasticSearchAssertions:0.3433333333333333
ElasticSearchTestCase:0.2733333333333333
TransportModule:0.24111111111111114
