JPPFClientConnection:0.37
JPPFClient:0.31333333333333335
ClassServerDelegate:0.2866666666666667
AbstractSocketWrapper:0.23
AsynchronousResultProcessor:0.2277777777777778
JPPFScreenSaver:0.22333333333333333
JPPFClassLoader:0.2041666666666667
LogoUpdateTask:0.11333333333333333
ConnectionInitializer:0.06666666666666667
