Reader:0.36
QueryParameter:0.18666666666666668
CookieParameter:0.18666666666666668
HeaderParameter:0.18666666666666668
FormParameter:0.18666666666666668
PathParameter:0.18666666666666668
