FileJavaDiscovery:0.7611111111111112
Generator:0.10333333333333333
Booter:0.08
