JFXAnimationTimer:0.48
JFXRadioButton:0.4766666666666667
JFXRadioButtonSkin:0.44
StyleableProperties:0.07333333333333333
AnimationHandler:0.06333333333333334
JFXToggleButtonSkin:0.056666666666666664
