JPPFClassLoader:0.4866666666666667
NodeRunner:0.4266666666666667
AbstractJPPFClassLoader:0.38
JPPFLocalClassLoader:0.25666666666666665
