Field:0.8733333333333333
AbstractField:0.3233333333333333
jOOQAbstractTest:0.31666666666666665
PredicateTests:0.25666666666666665
