Management:0.8233333333333334
Authorization:0.5085555555555555
FedoraAPIMBindingSOAPHTTPImpl:0.3566666666666667
DOReader:0.35666666666666663
JournalConsumer:0.27666666666666667
DefaultManagement:0.2633333333333333
DefaultAuthorization:0.25
JournalCreator:0.24
MockManagementDelegateForJournalTesting:0.22333333333333333
AutoIngestor:0.21333333333333335
AutoExporter:0.19666666666666666
TestLockingFollowingJournalReader:0.18
Journaller:0.15666666666666668
ManagementMethod:0.13666666666666666
IngestObjectMethod:0.11333333333333333
SimpleDOReader:0.08
JournalConstants:0.0
