ServerLayer:0.4166666666666667
PainterUtils:0.31
LayerTreeEditor:0.2791666666666667
ServerDevices:0.23666666666666666
ServerCockpit:0.23666666666666666
ScaleDialog:0.22333333333333333
TreeEditorCopyHelper:0.22333333333333333
