DemoPollerConfiguration:0.66
DemoPollService:0.5833333333333334
PollerIntegrationTest:0.43666666666666665
