DynamicMappingTests:0.4
NestedObjectMapperTests:0.21333333333333335
AbstractFieldDataTestCase:0.20333333333333334
UpdateMappingTests:0.18666666666666668
ParentFieldMapperTests:0.16
