ConflictSetting:0.5333333333333333
DatabaseWriterTest:0.33666666666666667
DataLoaderService:0.2425
DataLoaderServiceSqlMap:0.1577777777777778
DefaultDatabaseWriterConflictResolver:0.15
ConflictSettingsNodeGroupLinkMapper:0.08
