FunctionHost1:0.4216666666666667
FunctionHost2:0.4216666666666667
PrototypeTest:0.26666666666666666
