ConnectionJDBC2:0.39666666666666667
SAfeTest:0.36666666666666664
Logger:0.3252222222222222
SQLDiagnostic:0.2544444444444445
