AsMapTest:0.4777777777777777
CacheContext:0.44666666666666666
BoundedLocalCache:0.38
GuavaCache:0.24333333333333335
CacheValidationListener:0.16333333333333333
