Gedcom:0.5766666666666667
Indi:0.5533333333333333
GedcomReader:0.29
