Transformer:0.5166666666666667
Parser:0.23333333333333334
TemplateWriter:0.21666666666666667
Spacing:0.19666666666666666
SimpleAccessExpression:0.18666666666666668
TypeResolver:0.18
Finder:0.17333333333333334
Inliner:0.17
InlinedStatementCreator:0.16666666666666666
IfScope:0.13333333333333333
Weaver:0.11666666666666667
Balancing:0.09333333333333334
SimpleBlock:0.06
ForIterationAccessTransformer:0.006666666666666667
