DSL:0.72
CommentImpl:0.27
AbstractField:0.24
AbstractTable:0.23333333333333334
TableImpl:0.23333333333333334
ParserImpl:0.22
UDTImpl:0.21666666666666667
TableAlias:0.21
RowField:0.18666666666666668
QualifiedField:0.11
TableFieldImpl:0.07
UDTFieldImpl:0.04666666666666667
