Function1:0.2025
Function0:0.19333333333333333
Function3:0.19333333333333333
Function2:0.19333333333333333
Function8:0.12583333333333332
Function5:0.12583333333333332
Function4:0.12583333333333332
Function7:0.12583333333333332
Function6:0.12583333333333332
