ServiceTestHelper:0.5733333333333334
WfServiceTestHelper:0.4533333333333333
Profile:0.45
TaskInstance:0.37666666666666665
JobSession:0.28
TmpDAOImpl:0.22
ExecutorServiceDelegateRemoveExecutorFromManyGroupsTest:0.21666666666666667
AuthorizationServiceDelegateSetMultiExecutorsPermissionsTest:0.21666666666666667
ExecutorServiceDelegateAddManyExecutorsToGroupsTest:0.21666666666666667
TaskMgmtInstance:0.21333333333333335
JbpmDefinitionLogic:0.205
TaskDetailsTag:0.19666666666666666
AuthenticationServiceDelegatePasswordLoginModuleTest:0.19333333333333333
TaskProcessInstanceIdTDBuilder:0.19
ExecutionServiceDelegateAssignTaskTest:0.18666666666666668
ExecutorServiceDelegateAddExecutorsToGroupTest:0.17666666666666667
WfeScriptServiceDelegateProcessTest:0.16833333333333333
MultiInstanceTest:0.16333333333333333
DecisionTest:0.16166666666666665
JbpmExecutionLogic:0.16
ExecutorServiceDelegateCreateGroupTest:0.155
ExecutorServiceDelegateRemoveManyExecutorsFromGroupTest:0.155
GetNewSubstitutorTaskListTest:0.15333333333333332
ExecutionServiceDelegateSubstitutionAssignTaskTest:0.14333333333333334
ExecutorServiceDelegateRelationsTest:0.14
GetTaskListTest:0.13666666666666666
TaskStubFactory:0.13666666666666666
ArchiveTest:0.13
DefinitionServiceDelegateGetDeclaredVariablesNamesTest:0.12583333333333332
CachingLogicInterceptor:0.11666666666666667
EJBExceptionCauseExtractor:0.11333333333333333
WFRunaHibernateInterceptor:0.1
ProfileDAOHibernateImpl:0.08666666666666667
SubjectPrincipalHolder:0.06761904761904762
ProfileServiceDelegateGetProfileTest:0.043333333333333335
ProfileServiceDelegateSaveProfileTest:0.03333333333333333
