KryoObjectOutput:0.49
KryoObjectInput:0.4744444444444444
CompatibleKryo:0.14333333333333334
Constants:0.02
