StartHandle:0.7166666666666667
StopManager:0.38666666666666666
ConsistencyWatchdogClient:0.33
ConsistencyWatchdogHandler:0.2966666666666667
