FlatFileItemWriter:0.7441666666666666
FlatFileItemWriterTests:0.2966666666666667
