ExecutorDAO:0.6166666666666667
CachingLogic:0.49333333333333335
ExecutorDAOHibernateImpl:0.48
SubstitutionDAO:0.47556349206349213
HibernateSessionFactory:0.29
ExecutorCache:0.24
JbpmCommonLogic:0.22666666666666666
JbpmExecutionLogic:0.22333333333333333
JBPMHibernateInterceptor:0.19666666666666666
JbpmDefinitionLogic:0.17166666666666666
SubstitutionLogic:0.15833333333333333
RunaHibernateIntercepter:0.14333333333333334
SubstitutionDAOHibernateImpl:0.08666666666666667
WFDbPersistenceServiceFactory:0.08333333333333333
TaskCache:0.07361111111111111
SubstitutionCache:0.06
ProcessDefCache:0.05777777777777779
