FileSingleStreamSpiller:0.7266666666666667
FileSingleStreamSpillerFactory:0.4666666666666667
TestFileSingleStreamSpillerFactory:0.1
