ColumnMappingTupleStream:0.30666666666666664
SplitIterator:0.3
SumQuery:0.2866666666666667
Split:0.2866666666666667
OneTimeUseTupleStream:0.13666666666666666
ExampleSumAggregation:0.1
