IRenderingVisitor:0.6766666666666666
RenderingModel:0.3233333333333333
AtomSymbolElement:0.15333333333333332
AtomModule:0.13666666666666666
AtomMassSymbolElement:0.115
AbstractModule:0.1
AtomSymbolModule:0.07666666666666666
BasicGenerator:0.07
BondsModule:0.043333333333333335
RingRenderModule:0.009166666666666667
ControllerFeedbackGenerator:0.0
HilightBondModule:0.0
ExtraGenerator:0.0
HilightModule:0.0
