BackTrackLineSearch:0.7366666666666667
MultiLayerTest:0.25
LossPlotterIterationListener:0.20666666666666667
LineOptimizer:0.20623809523809525
IterationGradientDescent:0.19666666666666666
LBFGS:0.19333333333333333
BaseOptimizer:0.18666666666666668
GradientAscent:0.17333333333333334
ConjugateGradient:0.15666666666666668
ConvexOptimizer:0.12916666666666668
BackTrackLineSearchTest:0.11333333333333333
