MongoGetMoreMessage:0.3591666666666667
SingleServerMongoConnector:0.3566666666666667
MultipleServerMongoConnector:0.31333333333333335
SingleChannelAsyncMongoConnector:0.30666666666666664
SingleChannelSyncMongoConnector:0.2833333333333333
