HTMLElement:0.3933333333333333
Element:0.31
Attr:0.29333333333333333
JavaScriptEngine:0.21666666666666667
HtmlScript:0.20333333333333334
HTMLUnknownElement:0.09333333333333334
