VariableNameChecker:0.6566666666666666
UpdateSwimlaneNameDialog:0.44333333333333336
CreateVariableDialog:0.34
