Platform:0.6066666666666667
Structure:0.42055555555555557
NativeLibrary:0.36666666666666664
