AtomicLong:0.42
Unsafe:0.42
AdjustablePolicy:0.26666666666666666
NoOpREHandler:0.07611111111111112
SimpleThreadFactory:0.016666666666666666
