ActionSearch:0.6733333333333333
Hit:0.42333333333333334
