Robot:0.5
Script:0.48333333333333334
ComponentReference:0.4066666666666667
Assert:0.4
Action:0.38333333333333336
ArrayEditor:0.37333333333333335
TextField:0.36
ScriptEditor:0.36
ArgumentParser:0.35
DefaultComponentFinder:0.32
StepEditor:0.31333333333333335
Call:0.2833333333333333
Launch:0.2633333333333333
TextArea:0.25666666666666665
JComboBoxTester:0.25666666666666665
ComboBox:0.24333333333333335
JTextComponentTester:0.23666666666666666
ArgumentParserTest:0.23
WindowTracker:0.22333333333333333
ScriptEditorFrame:0.22
JListLocation:0.20333333333333334
JTableLocation:0.20333333333333334
ArrayEditorTest:0.20333333333333334
JTabbedPaneLocation:0.20333333333333334
JTreeLocation:0.19333333333333333
ButtonTester:0.18833333333333332
ComponentNode:0.17
ButtonTesterTest:0.16777777777777778
CallTest:0.16666666666666666
AssertEditorTest:0.15333333333333332
AllTests:0.13833333333333334
CallEditor:0.13666666666666666
TesterTestSuite:0.13666666666666666
AssertEditor:0.13
ComponentLocation:0.12333333333333334
PathClassLoader:0.115
LaunchEditor:0.11166666666666666
JComboBoxTesterTest:0.09
JSliderTesterTest:0.08666666666666667
JSpinnerTesterTest:0.08
StepEditorTest:0.07333333333333333
EventEditor:0.0675
PropertyCallEditor:0.0675
AnnotationEditor:0.06
SampleEditor:0.05333333333333334
RefModel:0.05
JSliderTester:0.04833333333333333
CommentEditor:0.023333333333333334
ButtonRecorder:0.02138888888888889
CheckboxRecorder:0.02138888888888889
CheckboxTesterTest:0.016666666666666666
TextFormat:0.013333333333333334
JSpinnerTester:0.0033333333333333335
CheckboxTester:0.0033333333333333335
DefaultAssertEditor:0.0
