ContainerImpl:0.7033333333333334
ContainerCreationException:0.2866666666666667
ServletTest:0.19
ProxyFactoryBuilder:0.14333333333333334
