PortletFlowController:0.6627777777777778
FlowController:0.6066666666666667
