Lang:0.74
Context:0.6666666666666666
El:0.26666666666666666
ElTest:0.25333333333333335
DefaultLoading:0.20333333333333334
CharSegment:0.1988888888888889
ContextTest:0.12
SegmentsTest:0.09
