Query:0.5666666666666667
QueryParams:0.5033333333333333
QueryParam:0.42
QueryUtils:0.3933333333333333
