Image:0.6033333333333334
TermReaderTest:0.33666666666666667
TermReader:0.2633333333333333
ReceiverTest:0.185
ImageTest:0.15333333333333332
