HtmlUnitDOMBuilder:0.7316666666666667
DomNodeTest:0.5544444444444445
