SecurityMemberAccess:0.6133333333333333
OgnlValueStackTest:0.5366666666666666
SecurityMemberAccessTest:0.24
