ElementTest:0.36333333333333334
WebDriverTestCase:0.29
HtmlButton2Test:0.2633333333333333
WebClient3Test:0.25
WebClient6Test:0.22666666666666666
