DumpBytecodeVisitor:0.7212222222222222
LambdaDefinitionExpression:0.5716666666666667
