Analysis:0.7033333333333334
DicAnalysis:0.35333333333333333
TestError:0.15666666666666668
