TradeTableModel:0.7283333333333334
GoodsTableModel:0.4486111111111111
