GenbankRead:0.5733333333333334
GenbankAdapter:0.5266666666666666
GenbankReport:0.3933333333333333
