Spellbook:0.3933333333333333
Wizard:0.3466666666666667
DbManager:0.21333333333333335
App:0.2
ItemQueue:0.19666666666666666
ServiceCache:0.19666666666666666
SimpleMessageQueue:0.19666666666666666
LruCache:0.17
Messenger:0.16
MagicServiceImpl:0.15333333333333332
CustomerDaoImplTest:0.14666666666666667
CakeBakingServiceImpl:0.13
