TextArea:0.52
FirstLine:0.29
ScreenLineManager:0.2897222222222222
Anchor:0.2733333333333333
ScrollLineCount:0.2633333333333333
DisplayManager:0.26
ChunkCache:0.25333333333333335
BufferHandler:0.24111111111111114
