CDKManagerPluginTest:0.6144444444444445
CDKManagerTest:0.4866666666666667
