ThresholderTestCase:0.54
SnmpThresholderTest:0.3566666666666667
LatencyThresholderTest:0.30333333333333334
ThreshdTest:0.14
