LinkCorrectorJoblet:0.6166666666666667
MockRequest:0.4938888888888889
CoreContentDisplayer:0.23
