ClassFile:0.49666666666666665
ClassFileConverter:0.41555555555555557
ClassFileTest:0.16444444444444445
