ArrayDebug:0.7433333333333333
ArrayDebugPlugin:0.38666666666666666
