StudyListLocal:0.6266666666666667
StudyPermissionHelper:0.53
WebCfgDelegate:0.42
PatientModel:0.39
SecureSession:0.37666666666666665
SelectedEntities:0.28
StudyListBean:0.25666666666666665
StudyModel:0.25333333333333335
StudyListPage:0.24333333333333335
ExportInfo:0.22333333333333333
PrivPatientModel:0.21333333333333335
TrashListPage:0.2
InfoPanel:0.19
MoveEntitiesPage:0.17333333333333334
Mpps2MwlLinkPage:0.17166666666666666
SeriesListView:0.16333333333333333
InstanceListView:0.15333333333333332
Mpps2MwlLinkPanelM:0.14
AuthenticatedWebSession:0.13
PPSListView:0.12666666666666668
StudyPermissionsPage:0.10666666666666667
StudyListView:0.09333333333333334
ExportPage:0.09
NonWriteArrayList:0.0
