MailNotification:0.7752777777777778
ReminderNotification:0.5531666666666666
