ListFolderController:0.73
ViewEntryController:0.3566666666666667
WorkspaceTreeController:0.2733333333333333
