StateBean:0.28
SubfamilyBean:0.28
InvoiceBean:0.27
PropertyPG:0.21800000000000003
Product2Bean:0.21666666666666667
CarrierBean:0.21666666666666667
InvoiceDetailBean:0.21666666666666667
ProductBean:0.21666666666666667
DeliveryBean:0.20666666666666667
EJBTest:0.17333333333333334
