QRCodeEncoder:0.47333333333333333
CaptureActivity:0.38
EncodeActivity:0.2866666666666667
VCardResultParser:0.20666666666666667
WriterException:0.10333333333333333
