SenecaJobSpecification:0.5633333333333334
SenecaManager:0.38666666666666666
ICASEJob:0.35
StochasticStructureElucidationJob:0.2644444444444445
MetadataPage:0.25
