ShadowApplication:0.56
Robolectric:0.45666666666666667
ShadowLooper:0.3333333333333333
ShadowContextWrapper:0.25
