DialogBanner:0.5266666666666666
DisplayPromptsPane:0.35333333333333333
CloseEventHandler:0.19
UpdateNotificationDialog:0.19
DownloadBtnListener:0.056666666666666664
