GlobalConfigurationSession:0.7716666666666666
ConfigDumpCommand:0.35
GlobalConfigurationSessionBean:0.23199999999999998
