DecodedBitStreamParser:0.5566666666666666
Mode:0.4766666666666667
StringUtils:0.21640079365079365
QRCodeBlackBox2TestCase:0.17333333333333334
DecodedBitStreamParserTestCase:0.10333333333333333
