RubyInvoker:0.7733333333333333
RubyApplicationLaunchConfigurationDelegate:0.41333333333333333
