GeneralSetting:0.51
WeasisWin:0.48333333333333334
View2dContainer:0.27666666666666667
SAXAdapter:0.27111111111111114
PreferenceDialog:0.24333333333333335
GridBagLayoutModel:0.21333333333333335
