LikeOperator:0.49666666666666665
PlannerTest:0.31666666666666665
DocIndexMetaDataTest:0.25666666666666665
LikeOperatorTest:0.23333333333333334
UpdateAnalysis:0.18
