AbstractTestQueries:0.779388888888889
TestSortExpressionExtractor:0.4633333333333333
