Delegator:0.4
KeyFactory:0.3466666666666667
TestDelegator:0.2966666666666667
TestKeyFactory:0.2866666666666667
KeySample:0.10666666666666667
