GetRequest:0.5033333333333333
TransportPercolateAction:0.35
SingleShardOperationRequest:0.26666666666666666
TransportMultiPercolateAction:0.22
MultiGetRequest:0.21
