ISymmetricEngine:0.5446666666666666
TriggerRouterService:0.43666666666666665
TriggerRouterMapper:0.3161111111111111
AbstractSymmetricEngine:0.29333333333333333
TriggerMapper:0.2708333333333333
AbstractService:0.25333333333333335
ITriggerRouterService:0.19416666666666665
SymmetricPropertiesFiles:0.01
