NetFolderServer:0.5666666666666667
ResourceDriverConfig:0.4866666666666667
NetFolderRoot:0.4866666666666667
NetFolderHelper:0.32666666666666666
GwtNetFolderHelper:0.24
ResourceDriverModuleImpl:0.22
ObjectKeys:0.205
AdminNetFolderServerResource:0.19
AdminResourceUtil:0.18416666666666667
