Jedis:0.7
BinaryJedis:0.6133333333333333
PipelinedGetSetBenchmark:0.19333333333333333
PipeliningTest:0.17666666666666667
