WorkflowBot:0.64
ShowHistoryFormTag:0.4166666666666667
WorkflowBotConfigurationParser:0.39
WorkflowBotInvoker:0.22
JBPMLazyLoaderHelper:0.19333333333333333
WorkflowThreadPoolBotInvoker:0.006666666666666667
