NetworkManager:0.49
BaseFrame:0.4266666666666667
MainFrame:0.4066666666666667
FWMenu:0.08333333333333333
