exceptions:0.3333333333333333
PySystemState:0.32666666666666666
zipimporter:0.29333333333333333
zipimport:0.24333333333333335
zipimporterDerived:0.22333333333333333
