SimpleJobRepository:0.6833333333333333
SimpleFlatFileItemReader:0.6633333333333333
ProcessorLogAdvice:0.3333333333333333
