CrawlJobHandler:0.6166666666666667
FileUtils:0.5988888888888888
