ScriptStepResult:0.7466666666666667
ScriptExecutionEngine:0.29333333333333333
ScriptEditViewPart:0.29333333333333333
ScriptExecutionLogViewPart:0.27777777777777773
RuntimeStep:0.12277777777777776
