JPPFStatistics:0.6766666666666666
Filter:0.5512142857142858
JPPFStatisticsHelper:0.21666666666666667
