SQLGrammar:0.5766666666666667
NestedColumnReference:0.46
TransportSQLActionTest:0.3333333333333333
