Skin:0.36
AnimatedTiledMapTile:0.3566666666666667
Tree:0.34
ShapeRenderer:0.29
LwjglAWTCanvas:0.24666666666666667
TexturePacker2:0.24666666666666667
JglfwApplication:0.22166666666666668
DragAndDrop:0.1928333333333333
Polygon:0.19
IsometricTiledMapRenderer:0.18333333333333332
Rectangle:0.17444444444444446
BatchTiledMapRenderer:0.17
HexagonalTiledMapRenderer:0.14666666666666667
OrthogonalTiledMapRenderer:0.07666666666666666
