BaseAuthenticationRiskContingencyPlan:0.6166666666666667
MultifactorAuthenticationContingencyPlan:0.5052777777777778
BlockAuthenticationContingencyPlan:0.3188888888888889
