KnowledgeRepository:0.7933333333333333
KnowledgeRepositoryManager:0.31
AnnotationManager:0.23666666666666666
Delete:0.20666666666666667
Add:0.1311111111111111
