Setting:0.63
SettingEditor:0.6066666666666667
ExploreConfigDialog:0.4533333333333333
ConfigDialog:0.35
SettingParser:0.26666666666666666
TextFieldEditor:0.25333333333333335
NullEditor:0.23333333333333334
CheckBoxEditor:0.23333333333333334
Groove:0.22111111111111115
ExploreConfig:0.20333333333333334
EditorFactory:0.07666666666666666
DefaultSetting:0.07444444444444444
ButtonEditor:0.03666666666666667
DirtyListener:0.023333333333333334
