SpringServiceReferenceComponentMetadata:0.38
LocalComponentMetadataTest:0.2866666666666667
BlueprintReferenceBeanDefinitionParser:0.19
SpringServiceExportComponentMetadata:0.18333333333333332
MetadataUtils:0.14166666666666666
ValueFactory:0.13136291486291485
ComponentMetadataFactory:0.11666666666666667
SimpleBindingListenerMetadata:0.08
BaseMetadataTest:0.07666666666666666
ImporterMetadataTest:0.04
ImporterListener:0.0
