AbstractGenericClient:0.43
ThreadManager:0.2889722222222222
FJThreadFactory:0.25666666666666665
NodeTaskWrapper:0.22333333333333333
ThreadManagerForkJoin:0.15666666666666668
UsedClassLoader:0.12666666666666668
ThreadManagerThreadPool:0.09666666666666666
UsedClassLoaderThread:0.06666666666666667
FJUsedClassLoader:0.043333333333333335
