ExecuteContext:0.5033333333333333
jOOQAbstractTest:0.4266666666666667
Utils:0.37666666666666665
ResultQueryListener:0.25833333333333336
DefaultExecuteContext:0.24666666666666667
BatchMultipleListener:0.245
BatchSingleListener:0.245
AbstractStoreQuery:0.19666666666666666
AbstractResultQuery:0.19
PrettyPrinter:0.14
DataListener:0.09333333333333334
ExecuteListenerTests:0.09333333333333334
