AbstractCasWebflowConfigurer:0.3333333333333333
BinaryCipherExecutor:0.3
DefaultTicketRegistry:0.27
AdaptiveMultifactorAuthenticationPolicyEventResolver:0.25
WebApplicationServiceFactory:0.24666666666666667
AbstractTicketRegistry:0.23666666666666666
BaseStringCipherExecutor:0.23333333333333334
AbstractCasWebflowEventResolver:0.22666666666666666
PrivateKeyFactoryBean:0.19666666666666666
DefaultCasProtocolAttributeEncoder:0.19666666666666666
AbstractMultifactorTrustedDeviceWebflowConfigurer:0.18333333333333332
AbstractProtocolAttributeEncoder:0.15666666666666668
AbstractNonInteractiveCredentialsAction:0.13666666666666666
FirstMultifactorAuthenticationProviderSelector:0.09333333333333334
