Builder:0.37666666666666665
MethodDescriptor:0.30206349206349203
AnotherDynamicServiceGrpc:0.24666666666666667
DynamicServiceFileDescriptorSupplier:0.22085714285714284
PrototypeMarshaller:0.21
DynamicServiceGrpc:0.18555555555555556
ReflectableServiceFileDescriptorSupplier:0.16716137566137568
ReconnectServiceFileDescriptorSupplier:0.16716137566137568
LoadBalancerFileDescriptorSupplier:0.16716137566137568
AnotherDynamicServiceFileDescriptorSupplier:0.16716137566137568
MonitoringFileDescriptorSupplier:0.16716137566137568
HealthFileDescriptorSupplier:0.16716137566137568
UnimplementedServiceFileDescriptorSupplier:0.16716137566137568
ReportQpsScenarioServiceFileDescriptorSupplier:0.16716137566137568
WorkerServiceFileDescriptorSupplier:0.16716137566137568
SimpleServiceFileDescriptorSupplier:0.16716137566137568
ServerReflectionFileDescriptorSupplier:0.16716137566137568
TestServiceFileDescriptorSupplier:0.16716137566137568
MetricsServiceFileDescriptorSupplier:0.16716137566137568
BenchmarkServiceFileDescriptorSupplier:0.16716137566137568
ReconnectServiceGrpc:0.1638888888888889
ServerReflectionGrpc:0.1638888888888889
TestServiceGrpc:0.1638888888888889
UnimplementedServiceGrpc:0.1638888888888889
ReflectableServiceGrpc:0.1638888888888889
BenchmarkServiceGrpc:0.1638888888888889
MetricsServiceGrpc:0.1638888888888889
HealthGrpc:0.1638888888888889
WorkerServiceGrpc:0.1638888888888889
LoadBalancerGrpc:0.1638888888888889
SimpleServiceGrpc:0.1638888888888889
ReportQpsScenarioServiceGrpc:0.1638888888888889
MonitoringGrpc:0.1638888888888889
TestServiceMethodDescriptorSupplier:0.01
ReconnectServiceMethodDescriptorSupplier:0.01
ReflectableServiceBaseDescriptorSupplier:0.01
MetricsServiceMethodDescriptorSupplier:0.01
HealthBaseDescriptorSupplier:0.01
HealthMethodDescriptorSupplier:0.01
BenchmarkServiceBaseDescriptorSupplier:0.01
ReflectableServiceMethodDescriptorSupplier:0.01
TestServiceBaseDescriptorSupplier:0.01
ReportQpsScenarioServiceMethodDescriptorSupplier:0.01
DynamicServiceBaseDescriptorSupplier:0.01
LoadBalancerMethodDescriptorSupplier:0.01
UnimplementedServiceMethodDescriptorSupplier:0.01
ServerReflectionMethodDescriptorSupplier:0.01
SimpleServiceMethodDescriptorSupplier:0.01
UnimplementedServiceBaseDescriptorSupplier:0.01
WorkerServiceBaseDescriptorSupplier:0.01
MonitoringBaseDescriptorSupplier:0.01
WorkerServiceMethodDescriptorSupplier:0.01
ReportQpsScenarioServiceBaseDescriptorSupplier:0.01
MetricsServiceBaseDescriptorSupplier:0.01
AnotherDynamicServiceBaseDescriptorSupplier:0.01
AnotherDynamicServiceMethodDescriptorSupplier:0.01
ReconnectServiceBaseDescriptorSupplier:0.01
LoadBalancerBaseDescriptorSupplier:0.01
BenchmarkServiceMethodDescriptorSupplier:0.01
DynamicServiceMethodDescriptorSupplier:0.01
SimpleServiceBaseDescriptorSupplier:0.01
ServerReflectionBaseDescriptorSupplier:0.01
MonitoringMethodDescriptorSupplier:0.01
