NearCacheConfig:0.75
MapProxySupport:0.43
XmlClientConfigBuilder:0.3333333333333333
NearCacheTest:0.09333333333333334
