Serializer:0.5566666666666666
SpringManagedContext:0.33
HazelcastManagedContext:0.22666666666666666
TestManagedContext:0.13
