BioMobyInputsWizard:0.4033333333333333
BioMobyResultWizard:0.36
PrimaryArticlesPage:0.31
ExecuteMobyServiceAction:0.2833333333333333
ReviewResultPage:0.1811111111111111
