JPPFPriorityQueue:0.5224444444444445
TaskQueueChecker:0.5033333333333333
SubmissionManagerClient:0.4533333333333333
