HTMLFormElementTest:0.40166666666666667
ObjectsTest:0.39666666666666667
ElementTest:0.3933333333333333
HTMLCollectionTest:0.24666666666666667
