CreateAlterTableStatementAnalyzerTest:0.5044444444444444
ClusteredBy:0.4033333333333333
TestStatementBuilder:0.39666666666666667
CreateTableStatementAnalyzer:0.23333333333333334
BlobTableAnalyzerTest:0.17
CreateBlobTableStatementAnalyzer:0.13666666666666666
