Robolectric:0.6033333333333334
ShadowApplication:0.38
ShadowPendingIntent:0.2
ShadowBundle:0.16333333333333333
ApplicationTest:0.043333333333333335
RobolectricTest:0.043333333333333335
NullBinder:0.03666666666666667
TestService:0.023333333333333334
