BindingBuilderImpl:0.7066666666666667
BoundProviderFactory:0.3
BindingImplementationBuilder:0.23083333333333333
ServletModule:0.22666666666666666
FieldInjector:0.14
ParameterInjector:0.14
AllTests:0.12
