XmlConfigBuilder:0.43666666666666665
ManagementCenterConfig:0.42
XMLConfigBuilderTest:0.23
StateSender:0.19666666666666666
ManagementCenterService:0.18
TaskPoller:0.18
