Robolectric:0.63
ShadowApplication:0.38
ShadowPowerManager:0.23666666666666666
ApplicationTest:0.18666666666666668
PowerManagerTest:0.09333333333333334
