Options:0.47
PackageDeclaration:0.44666666666666666
NameTable:0.33
DebugASTPrinter:0.2633333333333333
CompilationUnit:0.25
TreeUtil:0.235
ObjectiveCHeaderGenerator:0.21
ObjectiveCImplementationGenerator:0.18666666666666668
TranslationProcessor:0.18666666666666668
SourceFileGenerator:0.18666666666666668
ObjectiveCImplementationGeneratorTest:0.14666666666666667
