Cell:0.5133333333333333
NameBean:0.3144444444444444
ReportView:0.2966666666666667
Renderer:0.22333333333333333
Add:0.15
TreeViewSettings:0.13666666666666666
