BinderModule:0.6938095238095238
ExportHelper:0.49666666666666665
BinderModuleImpl:0.41
