SessionViewImp:0.57
SessionView:0.5533333333333333
TestEditorByAliceAndBob:0.26666666666666666
TestFollowMode:0.16
TestShare3UsersConcurrently:0.15333333333333332
TestShare3UsersSequentially:0.15333333333333332
TestShare2UsersSequentially:0.14333333333333334
