InterceptorStatusToken:0.5833333333333334
AbstractSecurityInterceptor:0.4633333333333333
AspectJSecurityInterceptor:0.25
MethodSecurityInterceptor:0.25
FilterSecurityInterceptor:0.20666666666666667
