DrawingModel:0.8333333333333334
ConnectionsAndLayoutDrawingModel:0.24
AbstractDrawingModel:0.19666666666666666
