IRegion:0.5186666666666666
BlockNode:0.44333333333333336
BlockUtils:0.31666666666666665
Region:0.26666666666666666
RegionMaker:0.24416666666666667
BlockMakerVisitor:0.21666666666666667
RegionMakerVisitor:0.21
ProcessVariables:0.17
DotGraphVisitor:0.15333333333333332
Jadx:0.14666666666666667
MethodInlineVisitor:0.14666666666666667
TernaryInsn:0.14666666666666667
ProcessReturnInsns:0.13666666666666666
CheckRegions:0.11
CleanRegions:0.10333333333333333
AbstractRegion:0.09333333333333334
DumpDotGraph:0.09
