SqlTaskManager:0.30333333333333334
ClusterMemoryManager:0.29
SystemSessionProperties:0.26
TestMemoryManager:0.21666666666666667
QueryContext:0.21333333333333335
