DoubleList:0.5133333333333333
LongList:0.5133333333333333
FloatList:0.5133333333333333
