FileHandle:0.5333333333333333
Json:0.41333333333333333
ParticleEffect:0.2866666666666667
JsonReader:0.2725
SharedLibraryLoader:0.25633333333333336
WavDecoder:0.22894444444444445
FileWrapper:0.2225
ETC1Data:0.20916666666666667
JglfwPreferences:0.20666666666666667
LwjglPreferences:0.20666666666666667
BitmapFontData:0.19666666666666666
FilesTest:0.19333333333333333
CIM:0.15
TextureDownloadTest:0.13666666666666666
Music:0.13666666666666666
TextureAtlasData:0.11
PolygonRegionLoader:0.09333333333333334
