Record:0.7666666666666667
MapMigrator:0.33
ConcurrentMapManager:0.24333333333333335
