TitleRenderer:0.76
ReportGraphicalTree:0.6066666666666667
RendererFactory:0.4033333333333333
