FormatFilter:0.6566666666666666
Format:0.41333333333333333
Exporter:0.2633333333333333
EcorePorter:0.25333333333333335
Importer:0.19333333333333333
