LSTM:0.5766666666666667
GravesLSTM:0.4266666666666667
SimpleRnn:0.38
