GeneEditPanel:0.49
FeatureEditorDialog:0.4855555555555555
TransactionSubpart:0.26500000000000007
FeatureEditPanel:0.24
DicistronicButtonListener:0.09
