Property:0.7857936507936508
ViewManager:0.37666666666666665
