AbstractCacheService:0.5555555555555555
CacheConfigTest:0.4266666666666667
CacheService:0.30333333333333334
