EditorScriptHelper:0.5919444444444445
ApplyScriptAction:0.39001587301587304
