Tds:0.5533333333333333
DatabaseMetaData:0.36333333333333334
PacketEndTokenResult:0.2966666666666667
PreparedStatement_base:0.2866666666666667
TdsStatement:0.25
