Option:0.38
IntMap:0.36
TreeMap:0.33
Queue:0.28
AbstractMapTest:0.25666666666666665
HashMap:0.23666666666666666
HashSet:0.225
OptionTest:0.17666666666666667
HashMapTest:0.08
TreeMapTest:0.08
