TrapQueueProcessor:0.48333333333333334
NsclientPlugin:0.3516666666666667
EventWriter:0.32166666666666666
