Tools:0.67
DefaultDSLContext:0.4533333333333333
Limit:0.25833333333333336
SortFieldImpl:0.25833333333333336
InsertQueryImpl:0.24666666666666667
DeleteQueryImpl:0.22666666666666666
SelectQueryImpl:0.2225
Databases:0.15
MD5:0.15
