View:0.8033333333333333
CustomersNewOnInitTest:0.33666666666666667
GetNameAction:0.18666666666666668
