GdxSetup:0.45
IOSInput:0.39
GdxSetupUI:0.30333333333333334
ResultTree:0.23333333333333334
HiddenTextField:0.016666666666666666
