BuildAgent:0.85
BuildAgentTest:0.4266666666666667
ClearEntryOverridesInfo:0.3233333333333333
BuildAgentEntryOverrideUITest:0.14333333333333334
