CrownRenderer:0.44333333333333336
ArcCircleRenderer:0.2833333333333333
ArcEllipseRenderer:0.2833333333333333
