EntityBinder:0.5033333333333333
BindingCreator:0.3
ProxyBindingTests:0.2941666666666667
ConfiguredClassHierarchyBuilder:0.24333333333333335
HibernateMappingProcessor:0.24333333333333335
AnnotationsSourceProcessor:0.24333333333333335
AnnotationsMetadataProcessor:0.16666666666666666
TableNameTest:0.16
BaseAnnotationIndexTestCase:0.13333333333333333
NotYetImplementedException:0.04
SimpleValueBindingTests:0.02666666666666667
