JmsTransportUtils:0.47333333333333333
JmsSenderConnection:0.44666666666666666
JmsReceiverConnection:0.43
JmsMessageSenderIntegrationTest:0.31333333333333335
JmsTransportUtilsTest:0.15
JmsTransportConstants:0.0
