Mouse:0.4666666666666667
Cursor:0.45666666666666667
Controller:0.41333333333333333
