ClusterWideMapTest:0.6877777777777778
IterableStream:0.3566666666666667
