BinderModule:0.5466666666666666
BinderModuleImpl:0.36
Junction:0.34
RelevanceDashboardHelper:0.24333333333333335
Criterion:0.24046031746031743
Criteria:0.23
Restrictions:0.05
