XCAAbstractRequestCollection:0.56
XCARequestController:0.26416666666666666
XCAAdhocQueryRequest:0.23
GatewayOutboundRequest:0.19777777777777777
XCAAbstractTransaction:0.18
XCARetrieveDocumentSet:0.16666666666666666
XCARetrieveRequestCollection:0.155
XCAQueryRequestCollection:0.155
