SQLUtils:0.5966666666666667
ViewEditorView:0.39666666666666667
ViewEditor:0.38
ParserTest:0.05333333333333334
