TypeData:0.5233333333333333
JsonParser:0.51
JsonAnnotationManager:0.38666666666666666
JsonSerializerTest:0.25666666666666665
