InformationSchemaTest:0.5233333333333333
ApplySettingsTest:0.4066666666666667
TestGlobalSysExpressions:0.33
