SingleColumn:0.52
TransportSQLAction:0.43666666666666665
TableIdent:0.38
Functions:0.21
MetaDataModule:0.0033333333333333335
