JMXDriverConnectionWrapper:0.59
JMXConnectionWrapper:0.39666666666666667
JMXNodeConnectionWrapper:0.29333333333333333
JMXThreadsRunner:0.23
