GwtTeamingMessages:0.481388888888889
GwtServerHelper:0.3333333333333333
ModifyNetFolderRootDlg:0.30666666666666664
LoginFilter:0.28
ModifyNetFolderDlg:0.2633333333333333
NetFolderRoot:0.2446666666666667
GwtRpcServiceImpl:0.2111111111111111
GwtNetFolderHelper:0.19666666666666666
TestNetFolderConnectionCmd:0.18
TestNetFolderConnectionResponse:0.17
