WebServiceTemplate:0.6466666666666666
AbstractMarshallingPayloadEndpoint:0.5133333333333333
