BotTaskUtils:0.5766666666666667
NewBotTaskWizardPage:0.5033333333333333
WorkspaceOperations:0.42
CopyBotTaskWizard:0.17111111111111113
