JtdsPreparedStatement:0.5366666666666666
PreparedStatementTest:0.5241666666666667
JDBC3Test:0.30333333333333334
