XJBPhex:0.49583333333333335
XJBGUITableList:0.4791666666666667
XJBSecurityRule:0.37511904761904763
XJBIPAccessRule:0.3673412698412699
XJBSWDownloadFileImpl:0.29333333333333333
Unmarshaller:0.26
ObjectFactory:0.25333333333333335
XJBGUITableListImpl:0.23333333333333334
XJBSharedFileImpl:0.22333333333333333
XJBOldDownloadFileImpl:0.21
XJBSearchFilterImpl:0.20333333333333334
XJBSecurity:0.19844444444444445
XJBPhexImpl:0.19666666666666666
XJBSecurityRuleImpl:0.17
XJBIPAccessRuleImpl:0.14666666666666667
XJBSecurityImpl:0.06
