MockEventIpcManager:0.58
RrdUtils:0.5366666666666666
LatencyThresholderTest:0.41333333333333333
