MagicService:0.8155555555555555
Wizard:0.6558333333333334
App:0.2733333333333333
MagicServiceImpl:0.16333333333333333
