SCSafetyAutomaton:0.49333333333333335
SCModularTeacher:0.34
SCSafetyListener:0.2977777777777778
SCConformanceListener:0.25666666666666665
AssertionFilteringListener:0.14333333333333334
