CommandThread:0.6066666666666667
IDataEngine:0.3175
FindGlossaryThread:0.20333333333333334
GlossaryManager:0.19666666666666666
