SCCSget:0.49333333333333335
HistoryGuru:0.38
TeamwareRepository:0.37
SCCSgetTest:0.18666666666666668
