NettyServerHandler:0.3333333333333333
NettyClientHandler:0.31
NettyServerHandlerTest:0.22333333333333333
NettyClientHandlerTest:0.2
FrameListener:0.18666666666666668
FlowControlPinger:0.13333333333333333
AbstractNettyHandler:0.08611111111111111
NettyHandlerTestBase:0.07666666666666666
