LocalTestCase:0.6871111111111112
MethodTestDescriptorTests:0.52
JUnit5TestEngineTests:0.38333333333333336
MethodTestDescriptor:0.35
TestMethodTester:0.08666666666666667
