ActivityStreamComment:0.37666666666666665
ActivityStreamReply:0.35333333333333333
GwtTeamingMessages:0.31666666666666665
CommentsWidget:0.24
ActivityStreamUIEntry:0.2
ActivityStreamCommentsContainer:0.0011111111111111111
