StringHelper:0.7266666666666667
DotNode:0.4266666666666667
FromReferenceNode:0.32666666666666666
IdentNode:0.32
QueryAndSQLTest:0.30666666666666664
