JobInspectCommand:0.29333333333333333
JobUndeployCommand:0.20666666666666667
JobCreateCommand:0.09333333333333334
JobDeployCommand:0.08666666666666667
JobRemoveCommand:0.08
JobStopCommand:0.056666666666666664
JobStartCommand:0.056666666666666664
