DbOrmQuery:0.69
DefaultResultSetMapper:0.37833333333333335
DbOrmManager:0.3777777777777778
