RssModule:0.6626111111111112
AbstractFolderCoreProcessor:0.34
CommonDependencyInjection:0.33666666666666667
UrlUtil:0.26666666666666666
AbstractAllModulesInjected:0.25
SAbstractController:0.25
AllModulesInjected:0.19416666666666665
AbstractBinderProcessor:0.19333333333333333
ViewRssController:0.18916666666666668
RssModuleImplMBean:0.0011111111111111111
