Malfunction:0.8766666666666667
Mars:0.37
MalfunctionManager:0.07333333333333333
MalfunctionFactory:0.03333333333333333
MalfunctionXmlReader:0.0033333333333333335
