Setting:0.8355555555555555
SimpleSearchIT:0.27666666666666667
