Rule:0.4633333333333333
WxCpMessageRouter:0.35
WxMpMessageRouter:0.35
DemoGuessNumberHandler:0.22333333333333333
