BookmarkNode:0.6566666666666666
BookmarkChildren:0.43
BookmarkManagerTopComponent:0.25666666666666665
DeleteItemFromBookmark:0.13
