LotteryTicketRepository:0.6427777777777778
LotteryTicketRepositoryMock:0.47333333333333333
LotteryAdministrationTest:0.44333333333333336
LotteryTicketRepositoryTest:0.16
LotteryAdministrationImpl:0.15666666666666668
LotteryAdministration:0.05333333333333334
