GUIUtils:0.6166666666666667
DownloadTab:0.47388888888888886
ShareTab:0.22333333333333333
