DefinitionModuleImpl:0.68
BuildDefinitionDivs:0.36333333333333334
DisplayConfiguration:0.2733333333333333
