ThreadLocalCache:0.6066666666666667
JSON:0.48222222222222216
IOUtilsTest:0.18333333333333332
