EdgeSearchItem:0.6966666666666667
ValueNodeSearchItem:0.34
OperatorEdgeSearchItem:0.32666666666666666
OperatorEdgeRecord:0.24944444444444444
