InternalTestCluster:0.4
Environment:0.37
TransportClientFactory:0.23
HunspellServiceTests:0.22666666666666666
HunspellService:0.21611111111111114
NodeAndClient:0.20244444444444445
