Diagnostics:0.7166666666666667
DiagnosticsLogFile:0.36666666666666664
DiagnosticsTest:0.11
