FieldSearchSQLImpl:0.5466666666666666
FieldSearchResultSQLImpl:0.42333333333333334
FieldSearchTest:0.3466666666666667
FieldSearchSQLModule:0.21666666666666667
