LoggerProvider:0.59
LoggerFactory:0.17666666666666667
SimpleLoggerTest:0.15333333333333332
Slf4jLoggerTest:0.15333333333333332
JCLLoggerTest:0.15333333333333332
DbBaseTest:0.15333333333333332
JDKLoggerTest:0.15333333333333332
NOPLoggerTest:0.13333333333333333
SimpleLoggerProvider:0.12
NOPLoggerProvider:0.056666666666666664
JDKLoggerProvider:0.016666666666666666
JCLLoggerProvider:0.016666666666666666
TestLoggerProvider:0.016666666666666666
Slf4jLoggerProvider:0.013333333333333334
