EnhancerGenerator:0.5366666666666666
ConstructorProxy:0.4216666666666667
Generator:0.1577777777777778
MethodConstants:0.023333333333333334
