StatisticsServer:0.61
AbstractStatisticsViewController:0.32
SendReportEmailJoblet:0.23916666666666667
SendReportEmailJobletConfiguration:0.21444444444444444
CleanupPIRecordsTask:0.20333333333333334
AggregationExecutor:0.18333333333333332
UpdateStatisticsDatabaseTask:0.1688888888888889
AbstractTreeElement:0.15
