MultiMatchQuery:0.5366666666666666
MultiMatchQueryIT:0.52
MultiMatchQueryTests:0.38
CrossFieldsQueryBuilder:0.22333333333333333
