DomNode:0.6933333333333334
HtmlScript:0.35333333333333333
HTMLScriptElementTest:0.2866666666666667
HtmlSelect:0.25
HtmlUnitDOMBuilder:0.22055555555555556
