DownloadUtil:0.6366666666666667
ConfigEntity:0.3088888888888889
FileListAdapter:0.22333333333333333
CheckUtil:0.2
