SimpleDOReader:0.67
DisseminationService:0.48333333333333334
DefaultAccess:0.31333333333333335
