Element:0.6966666666666667
HTMLElement:0.43666666666666665
ElementTest:0.25
