EntityBinding:0.53
AttributeBindingContainer:0.34994444444444445
EntityIdentifier:0.31333333333333335
ComponentAttributeBinding:0.29
Binder:0.2833333333333333
EntityMetamodel:0.27666666666666667
HierarchyDetails:0.26555555555555554
AbstractBasicBindingTests:0.21
PropertyFactory:0.14
SimpleValueBindingTests:0.13333333333333333
