AnnotationEditor:0.8572222222222221
FeatureTypeItemListener:0.23666666666666666
