ParameterConstants:0.6179444444444444
ParameterService:0.4220674603174603
SymmetricEngine:0.38666666666666666
SymmetricDatabase:0.285
MultiDatabaseTest:0.17355555555555555
ParameterServiceTest:0.043333333333333335
