Tuple:0.41333333333333333
BasicSliceOutput:0.30333333333333334
SliceInput:0.30333333333333334
DynamicSliceOutput:0.27
UncompressedValueBlock:0.21333333333333335
TupleInfo:0.21
