SWDownloadCandidate:0.68
SWDownloadSegment:0.5433333333333333
LengthLimitedInputStream:0.2
HTTPHeader:0.12333333333333334
SWDownloadConstants:0.011111111111111112
