ModelGuesser:0.64
ModelGuesserTest:0.30333333333333334
FlowIterationListenerTest:0.14
TestVariableLengthTSCG:0.11666666666666667
