AuthenticationFilterTest:0.5333333333333333
SymmetricRegistrationRequiredTest:0.5333333333333333
SymmetricForbiddenFilterTest:0.5333333333333333
