LSTMHelpers:0.45
GravesBidirectionalLSTM:0.44
GradientCheckTests:0.4066666666666667
GravesLSTM:0.37833333333333335
GravesBidirectionalLSTMTest:0.27666666666666667
