PhotoViewAttacher:0.5283333333333333
FlingRunnable:0.4266666666666667
MediaGridFragment:0.385
MediaUtils:0.30333333333333334
