ObjectQueueProxy:0.5566666666666666
QueueItem:0.37
QueueProxySupport:0.23666666666666666
QueueContainer:0.18666666666666668
