AbstractHarvester:0.5633333333333334
DataManager:0.5133333333333333
Geonetwork:0.29
Geonet20Harvester:0.2733333333333333
HarvestManager:0.2633333333333333
GeonetHarvester:0.10666666666666667
