HostClassNameTest:0.68
BrowserVersionClassRunner:0.2966666666666667
HostExtractor:0.20666666666666667
HostTestsTest:0.19666666666666666
XDomainRequest:0.023333333333333334
