AbstractSerializationService:0.5316666666666666
SerializationServiceV1:0.29333333333333333
AbstractSerializationServiceTest:0.17666666666666667
ExternalizableSerializer:0.15666666666666668
ExternalizableValue:0.11333333333333333
SerializableleValue:0.043111111111111114
SerializationConstants:0.0
