GraphElementPresentation:0.79
ExecutionService:0.5952777777777778
GraphElementPresentationVisitor:0.5533333333333333
SubprocessesGraphElementAdapter:0.5533333333333333
InstanceGraphElementPresentationVisitor:0.2733333333333333
GraphHistoryBuilder:0.26666666666666666
SubprocessGraphElementPresentation:0.25666666666666665
ExecutionServiceDelegateLocalImpl:0.23
ExecutionServiceDelegateRemoteImpl:0.23
GraphConverter:0.22666666666666666
JbpmExecutionLogic:0.21333333333333335
ShowGraphHistoryFormTag:0.16
SubprocessGraphElementPresentationHelper:0.14666666666666667
GraphHistoryElementPresentationVisitor:0.13333333333333333
BaseGraphElementPresentation:0.07666666666666666
ForkGraphElementPresentation:0.04666666666666667
EndStateGraphElementPresentation:0.04666666666666667
NodeGraphElementPresentation:0.04666666666666667
JoinGraphElementPresentation:0.04666666666666667
StartStateGraphElementPresentation:0.04666666666666667
StateGraphElementPresentation:0.04666666666666667
DecisionGraphElementPresentation:0.04666666666666667
TaskGraphElementPresentation:0.013333333333333334
MultiinstanceGraphElementPresentation:0.013333333333333334
