HttpBase:0.4766666666666667
HttpParamsMap:0.4766666666666667
HttpRequest:0.35333333333333333
HttpUtil:0.24333333333333335
HttpResponse:0.19444444444444445
HttpRequestTest:0.19
HttpParamsMapTest:0.13666666666666666
