CookieInterceptorTest:0.5533333333333333
XWorkConfigurationProvider:0.37333333333333335
TestConfigurationProvider:0.27
