BitArray:0.6919444444444444
RGBLuminanceSource:0.36333333333333334
LuminanceSource:0.26666666666666666
