DataHandler:0.7
WikiUser:0.62
QueryHandler:0.38145634920634913
TestDataHandler:0.30666666666666664
AnsiDataHandler:0.2633333333333333
AnsiQueryHandler:0.24
RegisterServlet:0.2
DatabaseUpgrades:0.19666666666666666
SetupServlet:0.16666666666666666
JAMWikiDaoImpl:0.13833333333333334
