MakumbaJspAnalyzer:0.5633333333333334
TagData:0.5483333333333333
QueryTag:0.36333333333333334
AnalysableTag:0.31666666666666665
InputTag:0.2833333333333333
ListFormDataProvider:0.25333333333333335
CodeGenerator:0.22833333333333333
RecordFormatter:0.22166666666666668
FormTagBase:0.22
ValueComputer:0.21166666666666667
BasicValueTag:0.21
GeneratedCodeViewer:0.17666666666666667
GenericListTag:0.17333333333333334
ParseStatus:0.16333333333333333
JSPRelationMiner:0.16
IfTag:0.14666666666666667
CodeGeneratorTemplate:0.145
ResultListTag:0.13
OptionTag:0.13
RelationParseStatus:0.12
QueryValueComputer:0.10333333333333333
