QueryProtocol:0.4
MongoAsyncQueryCursor:0.3233333333333333
QueryResultSingleResultCallback:0.23
GetMoreProtocol:0.18666666666666668
GetMoreResultCallback:0.14444444444444446
QueryResultCallback:0.14444444444444446
