TedConfig:0.7433333333333333
TedIO:0.3466666666666667
TedParser:0.32666666666666666
TedXMLParser:0.29333333333333333
