RetryTemplate:0.5533333333333333
FailingCallback:0.42
EventRecorderRetryTemplate:0.31
RetryTemplateTest:0.31
CountingCallback:0.043333333333333335
