RScoredSortedSet:0.6423611111111112
RedissonScoredSortedSet:0.5533333333333333
RedissonScoredSortedSetTest:0.17666666666666667
RScoredSortedSetAsync:0.15638888888888888
RedisCommands:0.06333333333333334
