Environment:0.66
Bootstrap:0.4266666666666667
EnvironmentCommand:0.29777777777777775
