Producer:0.3466666666666667
BotConsoleFrame:0.34
GenericStepperPositionPanel:0.30333333333333334
PrintTabPanel:0.2733333333333333
GenericExtruderTabPanel:0.19333333333333333
