RFO:0.6533333333333333
AllSTLsToBuild:0.5866666666666667
RepRapBuild:0.31866666666666665
