DefaultLabel:0.5833333333333334
DefaultEdge:0.34
JaxbGxlIO:0.29333333333333333
JTypeNameList:0.2733333333333333
TypeNamesPane:0.21666666666666667
