C3DTabPaneSkin:0.9333333333333333
TabsDemo:0.2866666666666667
C3DTabPane:0.24
