MemoryReport:0.9766666666666667
TestMemoryReports:0.32666666666666666
