jEdit:0.7233333333333334
BufferIORequest:0.31
VFSBrowser:0.2633333333333333
SearchDialog:0.23333333333333334
MouseHandler:0.18666666666666668
ActionHandler:0.16111111111111112
