ClientXMLDFHandler:0.4894444444444444
ServerXMLDFHandler:0.43333333333333335
DefaultBinaryDFDecoder:0.285
