ConfiguredClass:0.49666666666666665
SingularAttributeSourceImpl:0.4533333333333333
RootEntitySourceImpl:0.30666666666666664
SimpleIdentifierSourceImpl:0.24166666666666667
ColumnSourceImpl:0.18666666666666668
