Path:0.5833333333333334
Reader:0.35
Json:0.3433333333333333
RefResponse:0.31333333333333335
RefPath:0.26666666666666666
Yaml:0.14333333333333334
PathDeserializer:0.05305555555555555
JsonDeserializationTest:0.03333333333333333
JsonSerializationTest:0.018333333333333333
ResponseDeserializer:0.010833333333333334
