Map3DRenderer:0.49333333333333335
Model3D:0.47
Camera3DRenderer:0.3566666666666667
ARINCCamera3D:0.3487380952380953
Ribbon3DSegmentRenderer:0.24666666666666667
Line3DSegmentRenderer:0.19333333333333333
DropLine3DRenderer:0.14333333333333334
Map3DSourceRenderer:0.13666666666666666
