DeleteIndexRequest:0.38
MetaDataDeleteIndexService:0.27666666666666667
TransportDeleteIndexAction:0.24
ClusterModule:0.23333333333333334
Builder:0.18333333333333332
IndicesClusterStateService:0.13666666666666666
