RubyTypeElementInfo:0.4066666666666667
RubyScriptStructureBuilder:0.4066666666666667
