MolecularFormulaManipulator:0.8733333333333333
MolecularFormulaManipulatorTest:0.31333333333333335
