Subcorpus:0.5233333333333333
MatrixImpl:0.44
SpecificitesResult:0.37666666666666665
CLTImpl:0.23333333333333334
Specificites:0.22666666666666666
SubcorpusTest:0.14333333333333334
SpecificitesException:0.05
