LayerAssignment:0.5664444444444444
Cell:0.39
Layer:0.35
LongestPathLA:0.3233333333333333
HierarchicalLayout:0.2633333333333333
