GwtRpcServiceImpl:0.6166666666666667
GetParentBinderPermalinkCmd:0.3333333333333333
ContentControl:0.3233333333333333
