BuildingOutlineSimplify:0.77
EliminateSmallBuildingsPlugIn:0.3230555555555556
SimplifyOutlineSelectedBuildingPlugIn:0.21666666666666667
