TestDocument:0.5333333333333333
Annotation:0.36
AnnotationGraph:0.30666666666666664
TextualDocument:0.15333333333333332
Corpus:0.08666666666666667
