PropertyAuditingData:0.5333333333333333
AuditMetadataGenerator:0.3333333333333333
EntitiesConfigurations:0.32666666666666666
CollectionMetadataGenerator:0.20333333333333334
IdMetadataGenerator:0.17833333333333334
AuditedPropertiesReader:0.16333333333333333
ToOneIdMapper:0.14333333333333334
ToOneRelationMetadataGenerator:0.13333333333333333
EntitiesConfigurator:0.11333333333333333
ToOneDelegateSessionImplementor:0.09
