WebClient:0.6266666666666667
Window:0.5566666666666666
DialogWindow:0.31333333333333335
WindowTest2:0.023333333333333334
