PeakTableViewer:0.57
PeakCellModifier:0.4166666666666667
PeakContentProvider:0.3566666666666667
