TreeFile:0.7166666666666667
TreePanel:0.4633333333333333
