CasKryoTranscoder:0.5466666666666666
BaseMemcachedProperties:0.5366666666666666
CasKryoTranscoderTests:0.36666666666666664
MemcachedPooledConnectionFactory:0.36666666666666664
