Binder:0.5
MailModule:0.4827777777777777
NotificationDef:0.43333333333333335
FolderEmailFormatter:0.4005555555555555
AdminModule:0.29503968253968255
PostingDef:0.29333333333333333
AdminModuleImpl:0.29333333333333333
MailModuleImpl:0.23
DefaultFolderEmailFormatter:0.17
EmailPosting:0.11666666666666667
EmailNotification:0.0867222222222222
FailedEmail:0.0867222222222222
DefaultEmailNotification:0.007777777777777778
DefaultEmailPosting:0.0033333333333333335
DefaultFailedEmail:0.0016666666666666668
