WindowManager:0.63
ServerLayer:0.5433333333333333
AbstractWindowManager:0.33666666666666667
ConcreteLayer:0.26666666666666666
ServerDevices:0.25333333333333335
ServerMessageProcessor:0.22666666666666666
NativeWindowManager:0.22
ServerCockpit:0.21666666666666667
WindowsWindowManager:0.2
MapVertItemsRenderer:0.19666666666666666
MapHorzItemsRenderer:0.19666666666666666
