BoolQueryBuilder:0.48333333333333334
StreamOutput:0.4266666666666667
QueryParseContext:0.35333333333333333
StreamInput:0.32666666666666666
BoolQueryParser:0.2
