CaSession:0.6666666666666666
InformationMemory:0.5233333333333333
CaSessionBean:0.39
