FileReadingCollector:0.57
FileReadingCollectorTest:0.32666666666666666
RecoveryTests:0.2275
BlobHttpIntegrationTest:0.18
SQLHttpIntegrationTest:0.14666666666666667
CopyIntegrationTest:0.08
