DefinitiveDOReader:0.45
DefinitiveBMechReader:0.37333333333333335
METSEventHandler:0.3533333333333333
DefinitiveBDefReader:0.21
