Http2Connection:0.5533333333333333
StreamAllocation:0.31333333333333335
RealConnection:0.3
HttpOverHttp2Test:0.2733333333333333
ReaderRunnable:0.20666666666666667
Builder:0.13333333333333333
PingRunnable:0.013333333333333334
