SfeeDocumentManagerPublisher:0.6966666666666667
StringDataSource:0.22666666666666666
SfeeDocumentManagerPublisherTest:0.19666666666666666
