Crop:0.38333333333333336
MainScene:0.37666666666666665
GoodsManager:0.37
ResourceProcessPanel:0.23333333333333334
CropConfig:0.20666666666666667
