BuildAgentServiceImplTest:0.8066666666666666
DistributedMasterBuilderTest:0.6033333333333334
BuildAgentTest:0.29
DistributedMasterBuilderNoLookupTest:0.27
