Mongo:0.53
ClusterSettings:0.36
DirectCluster:0.28277777777777774
MongoClients:0.24666666666666667
Builder:0.24666666666666667
DiscoveringCluster:0.17666666666666667
Assertions:0.14666666666666667
DirectClusterTest:0.13333333333333333
