MoleculeTableContentProvider:0.8433333333333334
MoleculeTableViewer:0.6576666666666667
