XmlConfigBuilder:0.5358333333333334
XMLConfigBuilderTest:0.4266666666666667
TestFullApplicationContext:0.3
SpringXmlConfigBuilder:0.27
