FolderModule:0.7
ForumActionModuleImpl:0.5033333333333333
WebKeys:0.2720555555555556
ConfigureController:0.22333333333333333
FolderModuleImpl:0.18666666666666668
ActionUtil:0.18666666666666668
ObjectKeys:0.03
