GaSession:0.53
GaServer:0.3566666666666667
Configure:0.3233333333333333
DefaultGaSessionManager:0.20333333333333334
AgentMain:0.17
GaSessionManager:0.16444444444444442
