StatusLine:0.6477777777777778
URLConnectionTest:0.46166666666666667
StatusLineTest:0.09
