JbpmExecutionLogic:0.5800000000000001
JbpmCommonLogic:0.5444444444444444
