CompensatingTransactionRollbackOperation:0.8466666666666667
LdapUtils:0.35
RebindRollbackOperation:0.25666666666666665
DummyDaoImpl:0.25333333333333335
ContextSourceTransactionManagerIntegrationTest:0.25
RenameRollbackOperation:0.23666666666666666
CompensatingTransactionDataManager:0.2305555555555555
ModifyAttributesRollbackOperation:0.21333333333333335
RebindRollbackOperationTest:0.17666666666666667
BindRollbackOperationTest:0.17333333333333334
ModifyAttributesRecordingOperationTest:0.17333333333333334
BindRollbackOperation:0.15666666666666668
ModifyAttributesRecordingOperation:0.145
ContextSourceTransactionManager:0.14333333333333334
RenameRecordingOperation:0.13166666666666665
RenameRecordingOperationTest:0.12333333333333334
UnbindRollbackOperation:0.11666666666666667
BindRecordingOperationTest:0.09
ModifyAttributesRollbackOperationTest:0.08
DefaultCompensatingTransactionDataManager:0.06666666666666667
RenameRollbackOperationTest:0.03666666666666667
UnbindRollbackOperationTest:0.03666666666666667
UnbindRecordingOperationTest:0.03333333333333333
RebindRecordingOperationTest:0.02666666666666667
UnbindRecordingOperation:0.023333333333333334
BindRecordingOperation:0.02
RebindRecordingOperation:0.016666666666666666
NullRollbackOperation:0.0
DummyServiceImpl:0.0
