CountRequest:0.73
CountRequestBuilder:0.32666666666666666
RestCountAction:0.24333333333333335
