Utils:0.66
GrizzlyAsyncHttpProvider:0.39
EventHandler:0.2866666666666667
AuthorizationHandler:0.27666666666666667
