DBExactMatchTest:0.6466666666666666
DBNearestNeighborTest:0.48833333333333334
