ServerConfiguration:0.5766666666666667
ApplyConvertScriptAction:0.2866666666666667
MaskContainerRenderer:0.2633333333333333
ServerConfigurationParser:0.22333333333333333
PropertyPanelFactory:0.22
ARINCMaskContainer:0.20055555555555554
EditorScriptHelper:0.08
