HtmlCheckBoxInput:0.6733333333333333
HTMLInputElement:0.4033333333333333
