SyntenyLinkPanel:0.4666666666666667
SyntenyLinkMenu:0.43666666666666665
