MadvocConfig:0.5644444444444444
ActionMethodParser:0.4716666666666667
AppAction:0.22666666666666666
ActionResultTest:0.19666666666666666
ListMadvocConfig:0.06
