RmiSWTWorkbenchBot:0.4766666666666667
IRmiSWTWorkbenchBot:0.38666666666666666
Musician:0.35
SarosConditions:0.2733333333333333
ExistTree:0.23333333333333334
SarosRmiSWTWorkbenchBot:0.22666666666666666
TestShareProject3Users:0.19
TestShareProjectUsingExistingProject:0.17
TestSVN:0.16666666666666666
TestShareProject:0.16333333333333333
TestShare3UsersConcurrently:0.15666666666666668
RmiTest:0.15
TestFollowMode:0.14
TestEditDuringInvitation:0.12666666666666668
