DatabaseDataStore:0.8111111111111111
DBHelper:0.8111111111111111
JDBCDataStore:0.5466666666666666
