SurveillanceView:0.32
PageControl:0.23313492063492064
SimplePager:0.21666666666666667
PageableTableView:0.20666666666666667
AlarmView:0.16
NotificationView:0.12666666666666668
