Command:0.5083333333333333
InstallPluginCommand:0.3566666666666667
Elasticsearch:0.31
RemovePluginCommand:0.16666666666666666
SettingCommand:0.15333333333333332
UserErrorCommand:0.13666666666666666
UsageErrorCommand:0.13666666666666666
MultiCommand:0.13
