Daos:0.585
Jdbcs:0.4066666666666667
ExtDaoInvocationHandler:0.31333333333333335
AnnotationEntityMaker:0.23
