DisplayMode:0.43333333333333335
PatientBean:0.39
ZoomPanAction:0.38
WindowLevelAction:0.24666666666666667
StudyLevel:0.23333333333333334
WindowLevelActionTest:0.15333333333333332
RegionFilter:0.13666666666666666
DisplayVars:0.09833333333333333
PatientViewed:0.06
TimeFilter:0.05333333333333334
