Jedis:0.56
ShardedJedis:0.2822222222222222
BinaryShardedJedis:0.21666666666666667
BinaryJedisCommands:0.21583333333333332
HashesCommandsTest:0.20333333333333334
JedisTest:0.15888888888888889
BinaryJedis:0.056666666666666664
