Article:0.44666666666666666
ArticleMgmtService:0.37333333333333335
CommentMgmtService:0.25
ArticleProcessor:0.24666666666666667
Comment:0.16333333333333333
CommentProcessor:0.09666666666666666
