MessageContext:0.6933333333333334
DefaultMessageContext:0.5
TransportContext:0.4766666666666667
MockWebServiceMessage:0.4533333333333333
TransportInputStream:0.42333333333333334
SaajSoapMessage:0.38333333333333336
WebServiceMessageFactory:0.33666666666666667
WebServiceMessageCallback:0.3272804232804233
WebServiceMessageExtractor:0.3272804232804233
AxiomSoapMessage:0.29333333333333333
AbstractValidatingInterceptor:0.2833333333333333
TransportOutputStream:0.2833333333333333
WebServiceMessageSender:0.27051984126984113
PayloadValidatingInterceptorTest:0.24333333333333335
SaajSoapMessageFactory:0.22666666666666666
MessageDispatcherServlet:0.21333333333333335
DomPoxMessage:0.20866666666666667
MessageEndpointHandlerAdapterTest:0.20666666666666667
EndpointMappingTest:0.17333333333333334
SoapEnvelopeLoggingInterceptorTest:0.16666666666666666
WebServiceOperations:0.16333333333333333
SaajUtils:0.16083333333333333
SoapFaultMappingExceptionResolver:0.155
SoapMessageDispatcherTest:0.15333333333333332
SoapActionEndpointMapping:0.14666666666666667
MockWebServiceMessageFactory:0.14666666666666667
XwsSecurityInterceptorTest:0.14333333333333334
WebServiceAccessor:0.14333333333333334
PayloadTransformingInterceptorTest:0.14333333333333334
SoapMessageDispatcher:0.13666666666666666
AbstractMessageEndpointTestCase:0.13666666666666666
SimpleSoapExceptionResolver:0.12333333333333334
StaxStreamPayloadEndpointTest:0.12333333333333334
AxiomSoapMessageFactory:0.12333333333333334
PayloadEndpointAdapterTest:0.12
PayloadLoggingInterceptorTest:0.11666666666666667
MessageEndpointHandlerAdapter:0.11666666666666667
PayloadRootQNameEndpointMappingTest:0.11333333333333333
SoapActionEndpointMappingTest:0.11333333333333333
SimpleSoapExceptionResolverTest:0.11333333333333333
MessageDispatcherTest:0.09666666666666666
MessageEndpointAdapterTest:0.09
DelegatingSoapEndpointMappingTest:0.08
SoapFaultMappingExceptionResolverTest:0.07666666666666666
HttpServletTransportInputStream:0.07333333333333333
HttpServletTransportOutputStreamTest:0.07138888888888888
TransportContextHolder:0.06916666666666667
MarshallingPayloadEndpointTest:0.06333333333333334
AbstractWebServiceMessageFactoryTestCase:0.06333333333333334
HttpServletTransportOutputStream:0.06
JmsTransportMessageListener:0.056666666666666664
StubTransportInputStream:0.05333333333333334
DomPoxMessageFactory:0.05
SimpleTransportContext:0.04666666666666667
StubTransportOutputStream:0.04666666666666667
Saaj12SoapMessage:0.03888888888888889
HttpServletTransportInputStreamTest:0.03666666666666667
WebServiceTemplateTest:0.03333333333333333
WebServiceTemplate:0.03333333333333333
AxiomSoap12MessageFactoryTest:0.025833333333333333
AxiomSoap11MessageFactoryTest:0.019166666666666665
DefaultMessageContextTest:0.01
AbstractSoap11MessageTestCase:0.01
AbstractSoap12MessageTestCase:0.01
SaajSoap11MessageFactoryTest:0.008333333333333333
SaajSoap12MessageFactoryTest:0.008333333333333333
AbstractSoap12MessageFactoryTestCase:0.006666666666666667
AbstractHttpWebServiceMessageSenderTestCase:0.006666666666666667
AbstractSoap11MessageFactoryTestCase:0.006666666666666667
JmsTransportInputStream:0.006666666666666667
JmsTransportOutputStream:0.0033333333333333335
DomPoxMessageFactoryTest:0.0033333333333333335
JmsTransportException:0.0
SimpleHttpWebServiceMessageSender:0.0
AbstractSoapMessageFactoryTestCase:0.0
AbstractHttpWebServiceMessageSender:0.0
HttpUrlConnectionTransportOutputStream:0.0
HttpUrlConnectionTransportInputStream:0.0
