Invocation:0.5866666666666667
OperationServiceImpl:0.37333333333333335
PartitionInvocation:0.32666666666666666
InvocationRegistryTest:0.21
ResponseHandler_NotifyTest:0.20666666666666667
CallIdSequenceWithBackpressureTest:0.19333333333333333
InvocationFuture:0.18
CallIdSequenceWithoutBackpressureTest:0.14333333333333334
InvocationMonitor_GetLastMemberHeartbeatMillisTest:0.13
InvocationBuilderImpl:0.10666666666666667
TargetInvocation:0.08666666666666667
