EntityManagerFactoryImpl:0.6711111111111111
NamedEntityGraphsTest:0.36333333333333334
