JsonValue:0.7966666666666666
Json:0.5866666666666667
G3dModelLoader:0.30666666666666664
Skin:0.25333333333333335
