QueryParam:0.6966666666666667
QueryParams:0.6233333333333333
