LossHandlerTest:0.4766666666666667
GapState:0.45666666666666667
LossHandler:0.3233333333333333
SendNakHandler:0.3023888888888889
