SubscribedSession:0.49166666666666664
MediaDriver:0.4217857142857143
DataFrameHandler:0.30666666666666664
Subscription:0.26666666666666666
Receiver:0.25333333333333335
MediaConductor:0.23666666666666666
LossHandler:0.22333333333333333
LossHandlerTest:0.1175
