OpenXmlExtractor:0.42
PdfExtractorTest:0.38
ApertureTestBase:0.36333333333333334
PdfExtractor:0.25333333333333335
OpenXmlExtractorTest:0.24
