GrammarVisitor:0.45666666666666667
GxlUtil:0.38333333333333336
GxlToDesign:0.3566666666666667
ConfigDialog:0.2811111111111111
GrooveToConstraint:0.2633333333333333
DesignToGroove:0.22666666666666666
GlossaryToGroove:0.22666666666666666
GraphNodeTypes:0.2
MultiSetting:0.19666666666666666
GlossaryExportBuilder:0.19
GrooveToDesign:0.18333333333333332
EcoreToDesign:0.18333333333333332
GrammarDialog:0.18133333333333332
EcoreToGlossary:0.18
GrooveToGlossary:0.17333333333333334
MetaToGroove:0.16666666666666666
EcorePorter:0.14833333333333334
DesignImporter:0.14333333333333334
GlossaryImporter:0.14333333333333334
GxlPorter:0.14
ConceptualPorter:0.11333333333333333
