ScopeRegistry:0.65
RegisteredScopeBeanFactory:0.54
DocFetcherSearchBean:0.3466666666666667
RegisteredScopeBean:0.3333333333333333
RegisteredScopesBean:0.03666666666666667
