Configuration:0.5766666666666667
jOOQAbstractTest:0.45
Executor:0.41
Utils:0.38
ExecuteListenerTests:0.22333333333333333
BaseTest:0.21666666666666667
GeneralTests:0.19666666666666666
BatchCRUD:0.19333333333333333
BenchmarkTests:0.185
DefaultConfiguration:0.16
AbstractConfiguration:0.15666666666666668
SettingsTest:0.12666666666666668
StatementTests:0.08333333333333333
