Messages:0.76
ConcordancesEditor:0.6366666666666667
SortPropertySelection:0.42
ViewPropertySelection:0.2904444444444444
SortPropertySelectionDialog:0.18666666666666668
MetadataPage:0.15333333333333332
SetSortPropertyDialog:0.12333333333333334
ComputeCooccurrences:0.11
SetSortProperty:0.07666666666666666
