FastDOReader:0.47
DefaultDOReplicator:0.41333333333333333
DBIDLookup:0.31333333333333335
RowInsertion:0.22666666666666666
