SwingAdjustBondOrdersEdit:0.61
EnterElementSwingModule:0.41333333333333333
SwingUndoRedoFactory:0.3333333333333333
