JBossFileManager:0.5
JarEntryRevision:0.42333333333333334
FileRevision:0.38
DefaultFileManager:0.2866666666666667
