Cooccurrence:0.5966666666666667
MatrixImpl:0.42
Matrix:0.3775396825396825
CLine:0.21444444444444447
