GenericService:0.35
GenericPerson:0.29333333333333333
Vendor:0.08666666666666667
VoiceService:0.016666666666666666
GenericRate:0.016666666666666666
Employee:0.016666666666666666
Warehouse:0.0
GenericCorporativeService:0.0
ExternalSupportStaff:0.0
SLA:0.0
IPService:0.0
SDHService:0.0
GenericHomeService:0.0
EquipmentProvider:0.0
ServiceProvider:0.0
GenericCompany:0.0
IPRate:0.0
SDHRate:0.0
