MainScreen:0.57
InputArgumentsParser:0.47333333333333333
QuerySeriesService:0.23333333333333334
QueryRetrive:0.21666666666666667
QueryService:0.21
ApplicationFacade:0.197
WadoRetrieveDelegate:0.13666666666666666
