TodosManagerImpl:0.7166666666666667
TodoDAOHibernate:0.4066666666666667
TodoDAO:0.3566666666666667
