NameTable:0.6566666666666666
StatementGenerator:0.37083333333333335
IOSMethodBinding:0.3333333333333333
JavaToIOSMethodTranslator:0.29
NameTableTest:0.16333333333333333
JavaCloneWriter:0.15666666666666668
