FieldSearchServlet:0.6797222222222223
FieldSearchResultSQLImpl:0.44527777777777783
