QsarEditor:0.56
QsarActionBarContributor:0.3233333333333333
MoleculesPage:0.31
ResponsesPage:0.23333333333333334
DescriptorsPage:0.20666666666666667
OverviewPage:0.18666666666666668
InformationPage:0.08666666666666667
