Property:0.8283333333333334
Indi:0.37
PropertyMultilineValue:0.23666666666666666
