Native:0.7533333333333333
Memory:0.51
CallbackReference:0.4033333333333333
