StreamSession:0.48
Encoder:0.4766666666666667
Packet:0.45666666666666667
VideoSharing:0.44333333333333336
VideoPlayerView:0.39666666666666667
VideoSharingSession:0.30666666666666664
StreamPath:0.27
StreamServiceManager:0.25
XugglerEncoder:0.24666666666666667
SendFileStreamService:0.24666666666666667
StreamSessionOutputStream:0.22666666666666666
Decoder:0.22333333333333333
PreferenceConstants:0.21666666666666667
Statistics:0.21
StreamSessionInputStream:0.19333333333333333
SendFileAction:0.18333333333333332
ConnectionFactory:0.18333333333333332
VideoSharingService:0.18
ImageTileEncoder:0.17
Screen:0.16
SharedProjectListener:0.14833333333333334
PacketSender:0.14666666666666667
DecodingStatisticManager:0.14333333333333334
ImageTileDecoder:0.13805555555555557
VideoSharingAction:0.13666666666666666
PacketReceiver:0.12333333333333334
XugglerEncoderPreferencePage:0.12
SessionKiller:0.12
VideoCanvas:0.1
Initiation:0.08666666666666667
ActivityManagerReceiver:0.08333333333333333
VideoSharingInit:0.08166666666666667
XugglerDecoder:0.07333333333333333
VideoPlayerPreferencePage:0.06666666666666667
ReceiverGoneException:0.06
EncoderInitializationException:0.06
DecoderInitializationException:0.06
VideoDisplay:0.058333333333333334
StreamSessionListener:0.04666666666666667
EncoderPreferencePage:0.04
PauseVideoSession:0.03944444444444445
ConnectionManager:0.03666666666666667
DataNotification:0.03666666666666667
ScreenPreferencePage:0.03666666666666667
PreferenceInitializer:0.03555555555555556
ActivityManager:0.03333333333333333
CoderException:0.023333333333333334
ImageSourceException:0.023333333333333334
EncodingException:0.021666666666666667
DecodingException:0.021666666666666667
StreamException:0.021666666666666667
StopVideoSession:0.021666666666666667
ConnnectionError:0.021666666666666667
VideoSharingStreamSessionListener:0.01
ThreadAccessRecorder:0.0033333333333333335
SessionError:0.0033333333333333335
ImageTileEncoderPreferencePage:0.0
XugglerNotInstalledException:0.0
