Optimizer:0.4866666666666667
FeaturesConfig:0.43666666666666665
TestFeaturesConfig:0.23666666666666666
PlanOptimizers:0.18333333333333332
TestOptimizeMixedDistinctAggregations:0.18
