CDKAtomTypeMatcher:0.46166666666666667
CDKAtomTypeMatcherTest:0.31166666666666665
