ServerNameSingleton:0.7333333333333333
DistributedMasterBuilderTest:0.3
BuildLoopInformationBuilderTest:0.27
BuildLoopInformationBuilder:0.2611111111111111
ServerNameInterceptor:0.17222222222222222
ServerNameInterceptorTest:0.13666666666666666
ConfigurationInterceptor:0.13
JmxBaseTag:0.12666666666666668
