UPCEANReader:0.5233333333333333
ResultMetadataType:0.44333333333333336
UPCEANExtensionSupport:0.25333333333333335
