AbstractDbDialect:0.52
TriggerHistory:0.4033333333333333
IDbDialect:0.34355555555555556
SqlTemplate:0.25666666666666665
BootstrapService:0.24333333333333335
MySqlDbDialect:0.23333333333333334
OracleDbDialect:0.23333333333333334
ParameterService:0.21666666666666667
PostgreSqlDbDialect:0.17
DbDialectFactory:0.15666666666666668
