CountingEntryListener:0.701111111111111
TxnCommitBackupOperation:0.5858333333333333
TxnCommitOperation:0.5066666666666667
TxnMultiMapTest:0.06
