RepeatContextCounter:0.4766666666666667
StepExecutionSynchronizerFactory:0.2
ResultQueueFactory:0.15666666666666668
CallableTaskletAdapter:0.12666666666666668
CallableTaskletAdapterTests:0.07666666666666666
