RubyScript:0.6733333333333333
RubyScriptStructureBuilder:0.5066666666666667
ExternalRubyScript:0.22666666666666666
RubyParserCmd:0.20777777777777778
