ODCurve:0.5966666666666667
ODCurveGUIPanel:0.49333333333333335
ODCurveGUIFrame:0.3803333333333333
