Connection:0.6266666666666667
Subscription:0.38
LogBuffersMessageFlyweight:0.37666666666666665
DriverConnection:0.28222222222222226
DriverConductor:0.27
ReceiverTest:0.23333333333333334
DriverListener:0.205
DriverConductorTest:0.18666666666666668
LossHandlerTest:0.18333333333333332
ClientConductor:0.16666666666666666
SubscriptionTest:0.14666666666666667
DataFrameDispatcher:0.13666666666666666
LossHandler:0.1308730158730159
DriverListenerAdapter:0.13
LogRebuilder:0.125
ClientProxy:0.10666666666666667
CreateConnectionCmd:0.10333333333333333
DriverConductorProxy:0.0025
