Kernel32:0.8716666666666667
Kernel32Test:0.44333333333333336
