MLayout:0.8
CategoryPropertiesPanel:0.31333333333333335
ActionProperties:0.30666666666666664
