BindingConverter:0.5166666666666667
ElementUtil:0.4266666666666667
EnumRewriter:0.2833333333333333
Binding:0.2654444444444444
GeneratedElement:0.2633333333333333
GeneratedTypeElement:0.25666666666666665
NativeExpression:0.24666666666666667
NativeDeclaration:0.21333333333333335
ImplementationImportCollector:0.19333333333333333
StaticVarRewriter:0.15333333333333332
NameImpl:0.02666666666666667
