TransformTestCase:0.4666666666666667
AuthorityFactoryTest:0.34
Series2000Test:0.27666666666666667
AffineTransformTest:0.27666666666666667
