Translator:0.7566666666666667
ClassySharkPanel:0.4033333333333333
Toolbar:0.33666666666666667
MetaObjectWithMapper:0.26
SilverGhost:0.25666666666666665
ApkTranslator:0.23777777777777775
JarInfoTranslator:0.22166666666666668
ToolbarController:0.22166666666666668
ElfTranslator:0.22166666666666668
JavaTranslator:0.21
AndroidXmlTranslator:0.16083333333333333
DexInfoTranslator:0.09944444444444445
