XYZTabPanel:0.37666666666666665
GenericStepperPositionPanel:0.3466666666666667
BotConsoleFrame:0.31666666666666665
bedPanel:0.14666666666666667
