AbstractServerFactory:0.6
DefaultServerFactory:0.3688888888888889
SimpleServerFactory:0.2888888888888889
