OlObjectClass:0.8933333333333333
OutlookResource:0.5033333333333333
OutlookCrawler:0.36333333333333334
Appointment:0.36
Mail:0.23
