LayerTreeEditor:0.37333333333333335
AppliConfiguration:0.3333333333333333
DefaultXMLExporter:0.32
WidgetListChooser:0.24333333333333335
ARINCSettings:0.2425
ARINCDefinitionParser:0.10666666666666667
XMLNode:0.1
ExtensionProperties:0.09666666666666666
XMLWriter:0.06666666666666667
