PlanMatchPattern:0.42333333333333334
JoinNode:0.3933333333333333
PlanBuilder:0.39
PlanOptimizers:0.24
JoinMatcher:0.19
