NeuralNetwork:0.8266666666666667
BaseNeuralNetwork:0.42333333333333334
BaseMultiLayerNetwork:0.23666666666666666
SingleNetworkAccumulator:0.12666666666666668
DeepLearningAccumulator:0.11333333333333333
LogisticRegression:0.11333333333333333
