LookAheadObjectInputStream:0.565
SecurityFilterInputStream:0.36666666666666664
ClassNameComparator:0.3401666666666667
LookAheadObjectInputStreamTest:0.29
