Loader:0.5533333333333333
TwoPhaseLoad:0.5266666666666666
