ExportScenePanel:0.3566666666666667
DeleteFrameAction:0.33
ImageFilter:0.2866666666666667
FrameMenu:0.2808333333333334
CustomAcceptActionProvider:0.16666666666666666
