GeometryFunctionPlugIn:0.4266666666666667
AutoAssignAttributePlugIn:0.38666666666666666
PolygonizerPlugIn:0.29333333333333333
ExtractSegmentsPlugIn:0.29333333333333333
PlanarGraphPlugIn:0.29333333333333333
