RecordStore:0.6533333333333333
PartitionContainer:0.41777777777777775
ClearOperation:0.2966666666666667
MapService:0.29
ClearBackupOperation:0.27
NearCache:0.26666666666666666
DefaultRecordStore:0.26666666666666666
PutAllOperation:0.21555555555555558
MapProxySupport:0.17666666666666667
InvalidateNearCacheOperation:0.0961111111111111
