SunshineSunSky:0.48
ObjectHandler:0.43333333333333335
SunshineStandardRaytracer:0.39
SunshineSpectralPT:0.38
SunshineSceneVisitor:0.30333333333333334
