ElementDecl:0.7233333333333334
Handler:0.5633333333333334
SAXParserImpl:0.31
