CasEventRepository:0.37461111111111106
ElectroFenceConfiguration:0.36
BaseAuthenticationRequestRiskCalculator:0.17
MultifactorAuthenticationContingencyPlan:0.14333333333333334
RiskAwareAuthenticationWebflowEventResolver:0.12666666666666668
AuthenticationRequestRiskCalculator:0.12333333333333334
CasCoreEventsConfiguration:0.09
BaseAuthenticationRiskContingencyPlan:0.08666666666666667
UserAgentAuthenticationRequestRiskCalculator:0.08372751322751322
GeoLocationAuthenticationRequestRiskCalculator:0.08372751322751322
DateTimeAuthenticationRequestRiskCalculator:0.08372751322751322
AuthenticationRiskScore:0.06111111111111111
BlockAuthenticationContingencyPlan:0.024444444444444442
IpAddressAuthenticationRequestRiskCalculator:0.024444444444444442
AbstractCasEventRepository:0.0
