CheckedFunction7:0.24666666666666667
CheckedFunction8:0.24666666666666667
Function1:0.24666666666666667
CheckedFunction0:0.24666666666666667
Function0:0.24666666666666667
CheckedFunction1:0.24666666666666667
Function3:0.24666666666666667
CheckedFunction2:0.24666666666666667
Function2:0.24666666666666667
CheckedFunction3:0.24666666666666667
Function5:0.24666666666666667
CheckedFunction4:0.24666666666666667
Function4:0.24666666666666667
CheckedFunction5:0.24666666666666667
Function7:0.24666666666666667
CheckedFunction6:0.24666666666666667
Function6:0.24666666666666667
Function8:0.24666666666666667
