NestedLoopConsumerTest:0.5666666666666667
ConsumingPlanner:0.3406349206349206
InnerPreparer:0.24
JoinPairs:0.21
OrderByPositionVisitor:0.20444444444444446
FieldsVisitor:0.08333333333333333
