Constants:0.4494444444444445
RackViewTopComponent:0.4
RackTableViewTopComponent:0.38666666666666666
RackViewService:0.30666666666666664
ShowDeviceLayoutView:0.18
EditLayoutAction:0.16
