AspectNode:0.5366666666666666
TypeNode:0.49666666666666665
TypeGraph:0.42333333333333334
DefaultTypeView:0.25666666666666665
CompositeTypeView:0.21
