SmbMmapFsDirectoryService:0.30666666666666664
SmbSimpleFsDirectoryService:0.30666666666666664
SmbMmapFsIndexStore:0.26
SmbSimpleFsIndexStore:0.26
