MaterialViewPagerHeader:0.7333333333333333
MaterialViewPagerAnimator:0.42333333333333334
MainActivity:0.29333333333333333
