DefaultAtmosphereObjectFactory:0.5816666666666667
QueryStringTest:0.42333333333333334
AtmosphereInitializer:0.1988888888888889
