ResourceLoader:0.6244444444444444
ViewNode:0.37
PreferenceNode:0.27
TestAttributeSet:0.23
PreferenceLoader:0.22166666666666668
RobolectricTestRunner:0.21666666666666667
MenuNode:0.21666666666666667
ShadowWrangler:0.21666666666666667
MenuLoader:0.20666666666666667
ViewLoader:0.19666666666666666
InvocationPlan:0.15333333333333332
XmlLoader:0.043333333333333335
