PropertyHolder:0.6859444444444445
AnnotationBinder:0.48
ComponentPropertyHolder:0.29
ClassPropertyHolder:0.28
PropertyInferredData:0.2733333333333333
CollectionPropertyHolder:0.22
DerivedIdentitySimpleParentEmbeddedIdDepTest:0.09333333333333334
