MapSourceContext:0.46777777777777774
SymbolGeneric:0.3775
SymbolRotated:0.32666666666666666
LineSegmentRenderer:0.3233333333333333
ScriptHelper:0.30333333333333334
JFXTriangleEndDoubleRenderer:0.28
JFXTriangleEndRenderer:0.28
EditorUndoManager:0.25833333333333336
JFXProjectedMapItemRenderer:0.2575
SwingProjectedMapItemRenderer:0.23333333333333334
EditorMenuFactory:0.22333333333333333
MapItemsRenderer:0.22166666666666668
MapItemSymbolRendereRelativeTest:0.22
JFXLineSegmentRenderer:0.21333333333333335
JFXLineArcRenderer:0.20666666666666667
MapItemsPaneRenderer:0.20333333333333334
JFXSymbolRectangleRenderer:0.2
JFXSymbolCircleRenderer:0.2
JFXSymbolRunwayRenderer:0.2
JFXSymbolOvalRenderer:0.2
JFXLegendRenderer:0.2
JFXSymbolGenericRenderer:0.2
MapItemListRenderer:0.19333333333333333
AbstractJFXProjectedMapItemRenderer:0.18666666666666668
AbstractSwingProjectedMapItemRenderer:0.17333333333333334
LineArcRenderer:0.11666666666666667
LegendRenderer:0.11666666666666667
JFXTriangleSegmentDoubleRenderer:0.1
JFXSymbolRotatedRenderer:0.1
JFXSymbolTargetRenderer:0.1
JFXTriangleSegmentRenderer:0.08666666666666667
JFXFilledPolyStartRenderer:0.08666666666666667
JFXDrawLineToCursorRenderer:0.07666666666666666
TriangleEndRenderer:0.06666666666666667
JFXLineStartRenderer:0.06666666666666667
TriangleEndDoubleRenderer:0.06666666666666667
SymbolGenericRenderer:0.06
JFXMapItemSymbolRendererRelativeTest:0.06
SymbolTargetRenderer:0.05333333333333334
SymbolRotatedRenderer:0.04
TriangleSegmentDoubleRenderer:0.03666666666666667
SymbolRectangleRenderer:0.03666666666666667
SymbolOvalRenderer:0.03666666666666667
SymbolCircleRenderer:0.02
FilledPolyStartRenderer:0.02
SymbolRunwayRenderer:0.016666666666666666
TriangleSegmentRenderer:0.013333333333333334
DrawLineToCursorRenderer:0.01
LineStartRenderer:0.0033333333333333335
