NBrowseApplet:0.6766666666666666
NbrowseToolbar:0.2833333333333333
StatusLis:0.22444444444444447
XMLio:0.18333333333333332
DBReader:0.17666666666666667
Hover:0.16777777777777778
StepExpansionThread:0.16444444444444445
