Simulator:0.67
EditGraphAction:0.3433333333333333
DeleteGraphAction:0.23444444444444448
StateJList:0.18666666666666668
EditStateAction:0.18666666666666668
StateJGraph:0.11666666666666667
RenameGraphAction:0.06666666666666667
MyCellRenderer:0.05333333333333334
CopyGraphAction:0.04666666666666667
