FakeContentValues:0.4066666666666667
FakeIntent:0.2763333333333334
FakeListView:0.26
FakeViewGroup:0.252
FakeResources:0.22366666666666665
FakeLayoutInflater:0.187
FakeComponentName:0.187
FakeGeoPoint:0.187
FakeContextWrapper:0.17
FakeMapView:0.17
FakeListActivity:0.11
