Table:0.45
Database:0.30666666666666664
SchemaExport:0.3025
Index:0.27666666666666667
HibernateMappingProcessor:0.24
AbstractConstraint:0.22333333333333333
ForeignKey:0.20666666666666667
Sequence:0.16444444444444442
BasicAuxiliaryDatabaseObjectImpl:0.13666666666666666
Exportable:0.10666666666666667
