Node:0.5133333333333333
ClusterManager:0.4
Connection:0.335
MemberImpl:0.2833333333333333
ClusterImpl:0.19111111111111112
MulticastService:0.18666666666666668
MembersUpdateCall:0.1811111111111111
ClusterMember:0.17666666666666667
MemberInfo:0.15
JoinInfo:0.13777777777777775
JoinRequest:0.11
