TableManager:0.5433333333333333
Database:0.3373333333333333
Query:0.33666666666666667
ReferenceChecker:0.23
SQLUpdate:0.1811111111111111
