BucketMerger:0.48888888888888893
SortingBucketMergerTest:0.38333333333333336
NoOpProjector:0.37333333333333335
SortingBucketMerger:0.30333333333333334
NonSortingBucketMerger:0.21666666666666667
