Tag:0.42333333333333334
ArticleQueryService:0.31333333333333335
TagQueryService:0.2633333333333333
UserQueryService:0.23333333333333334
UserMgmtService:0.22
TimeZones:0.20444444444444448
RoleQueryService:0.19333333333333333
LinkForgeQueryService:0.14333333333333334
