PyType:0.6233333333333333
PyDataDescr:0.48
PyMethodDescr:0.30666666666666664
DescriptorExposer:0.28
Exposer:0.14333333333333334
BaseTypeBuilder:0.11
PyClassMethodDescr:0.08
PyTypes:0.0
