AbstractTestQueries:0.6261111111111111
PreOrderIterator:0.3988888888888889
AstUtils:0.23333333333333334
