ProfileDao:0.6613333333333333
Group:0.44333333333333336
User:0.3211111111111111
ProfileModuleImpl:0.25
DefaultProfileCoreProcessor:0.1925
ProfileDaoImpl:0.18333333333333332
