WebHelper:0.5933333333333334
AjaxController:0.4166666666666667
DefinitionModuleImpl:0.32666666666666666
WebKeys:0.31915079365079363
ViewFileController:0.23666666666666666
