HazelcastClientCacheManager:0.4633333333333333
AbstractHazelcastCacheManager:0.44333333333333336
AbstractClientCacheProxy:0.39666666666666667
