ListOQLTest:0.6355555555555555
MqlQueryAnalysis:0.49333333333333335
ParameterAssigner:0.23166666666666666
