AbstractDependencyInjectionTest:0.33
DisplayReportActionTest:0.18333333333333332
AdminHomeActionTest:0.18333333333333332
IssueDAOImplTest:0.11666666666666667
NotificationDAOImplTest:0.11666666666666667
ListAttachmentsActionTest:0.11666666666666667
EditIssueActionTest:0.11666666666666667
