Skill:0.6778888888888891
Cooking:0.51
CookMeal:0.36666666666666664
SkillManager:0.24666666666666667
CookingBuildingPanel:0.09
BuildingPanel:0.07277777777777779
