DiscoverySelectorsTests:0.7366666666666667
DiscoverySelectors:0.5516666666666666
