ResultWithFixedRunTime:0.6566666666666666
ExtensionTest:0.4622222222222222
