PreAuthenticatedAuthenticationTokenDeserializer:0.43333333333333335
UsernamePasswordAuthenticationTokenDeserializer:0.43333333333333335
UnmodifiableSetDeserializer:0.15944444444444444
