AccessControlManager:0.45
InternalResourceGroupManager:0.3
StaticCatalogStore:0.2502777777777778
EventListenerManager:0.2502777777777778
