DBExactMatchTest:0.6698888888888889
DBNearestNeighborTest:0.5442777777777777
