BioMobyInputsWizard:0.6233333333333333
PrimaryArticlesPage:0.37333333333333335
ExecuteMobyServiceAction:0.32666666666666666
SecondaryArticlesPage:0.23
