ControlCenter:0.78
Shutdown:0.25333333333333335
App:0.19666666666666666
Startup:0.19666666666666666
ActionExit:0.13
