StructureDiagramGenerator:0.34
Renderer2D:0.32
AtomPlacer:0.24194444444444443
SmilesGeneratorTest:0.22333333333333333
SmilesParserTest:0.19333333333333333
RingPlacer:0.18333333333333332
MoleculeFactory:0.17944444444444446
CDKTests:0.14
