Def:0.7233333333333334
LDefCall:0.25666666666666665
EFunctionRef:0.22666666666666666
DefBootstrap:0.21666666666666667
ECapturingFunctionRef:0.18000000000000002
PIC:0.18
