MyColorMap:0.09666666666666666
Chart3DUtils:0.08333333333333333
JzySurface3DFactory:0.08
JzyScatter3DFactory:0.06666666666666667
JzyHistogram3DFactory:0.06666666666666667
JFreeHistogram2DFactory:0.056666666666666664
ClassifierTestAction:0.03333333333333333
JFreeScatter2DFactory:0.03333333333333333
JFreeLineChartFactory:0.023333333333333334
