RetryingRequestDispatcher:0.43666666666666665
Builder:0.3233333333333333
GlobalArgs:0.22666666666666666
Utils:0.21622222222222226
RetryingRequestDispatcherTest:0.18
