Messaging:0.5843888888888888
ManagementModule:0.47
MessagingModule:0.22333333333333333
JMSManagerTest:0.17333333333333334
Listener:0.16244444444444445
NotificationInvocationHandler:0.14333333333333334
Publisher:0.13666666666666666
MessagingImpl:0.09666666666666666
ObserverQueue:0.06
Subscriber:0.058333333333333334
