GeonetContext:0.6683333333333333
SchemaPath:0.4592619047619047
Geonetwork:0.30666666666666664
SearchResult:0.02
