LogBufferDescriptor:0.8133333333333334
TermAppender:0.42333333333333334
Publication:0.26
