ScriptedTask:0.37
ScriptRunnerFactory:0.31666666666666665
OptionElementFactory:0.29333333333333333
ScriptedMouseListener:0.27666666666666667
ScriptedValueChangeListener:0.19
ConfigurationHelper:0.17333333333333334
ScriptRunnerImpl:0.15166666666666667
ScriptRunnerPool:0.14833333333333334
TestScriptedTask:0.09
