ValueAttribute:0.6333333333333333
ValueType:0.31166666666666665
ValueAttributeFunctions:0.2733333333333333
AttributesCollector:0.23666666666666666
TypeIntrospectionBase:0.18666666666666668
