TextField:0.5333333333333333
Clipboard:0.4266666666666667
Window:0.4
