ParentRunner:0.5466666666666666
TestRule:0.5088888888888888
BlockJUnit4ClassRunner:0.37333333333333335
