AwsEc2ServiceImplTests:0.61
AwsEc2Service:0.3466666666666667
CLOUD_EC2:0.2720555555555556
AwsEc2ServiceImpl:0.25333333333333335
Ec2DiscoverySettingsTests:0.10666666666666667
DISCOVERY_EC2:0.04666666666666667
