EquivClass:0.6833333333333333
EdgeBundle:0.47
EquivRelation:0.3433333333333333
ShapeMatchSetCollector:0.14
