InternalPartitionServiceImpl:0.5188888888888888
FinalizeJoinOperation:0.3233333333333333
PartitionRuntimeState:0.26666666666666666
ClusterJoinManager:0.24
PartitionDataSerializerHook:0.17111111111111113
FrozenPartitionTableTest:0.13666666666666666
