BackgroundJob:0.5666666666666667
KuwaibaService:0.36666666666666664
DefaultSyncWriter:0.16333333333333333
