AbstractServiceRegistryImpl:0.39666666666666667
SessionFactoryServiceRegistryImpl:0.24333333333333335
StandardServiceRegistryImpl:0.23333333333333334
BootstrapServiceRegistryImpl:0.155
OwningRegistry:0.043333333333333335
