TestBeanWithContainerDelegate:0.49
TestBeanB:0.4592619047619047
TestAbstractBeanInfo:0.4397222222222223
TestBeanInfoWithContainerDelegate:0.20666666666666667
