OLParser:0.38
SemanticVerifier:0.33666666666666667
Scanner:0.2633333333333333
RequestResponseOperationDeclaration:0.23
Constants:0.20666666666666667
OLVisitor:0.20083333333333334
TypeDeclaration:0.19
OptimizerVisitor:0.18333333333333332
TypeCastExpressionNode:0.08333333333333333
TypeDeclarationUndefined:0.06333333333333334
TypeDeclarationLink:0.06166666666666667
TypeInlineDeclaration:0.056666666666666664
OneWayOperationDeclaration:0.03
Range:0.013333333333333334
