GwtServerHelper:0.44666666666666666
ConfigData:0.3566666666666667
LandingPageEditor:0.31
HtmlConfig:0.23
TableWidget:0.215
HtmlWidget:0.06333333333333334
