SaveAction:0.5466666666666666
DeliveryTypesTest:0.34355555555555556
