DirectorySIPReader:0.7766666666666666
Converter:0.5644444444444444
