Rect:0.37666666666666665
MaxRects:0.37
TexturePacker2:0.32
ImageProcessor:0.2733333333333333
Settings:0.17666666666666667
