Constants:0.5910000000000001
WmsService:0.56
WmsGetCapClient:0.20666666666666667
