ViewMessageBodyWriter:0.42333333333333334
View:0.41
BadResource:0.16
HelloWorldView:0.14333333333333334
TemplateLoader:0.08
BadView:0.04
