BaseManager:0.38666666666666666
ClusterTest:0.36333333333333334
PartitionInfo:0.3566666666666667
CMap:0.35333333333333333
PartitionServiceImpl:0.325
MigrationRequestTask:0.29333333333333333
ClusterRuntimeState:0.26666666666666666
PartitionManager:0.26666666666666666
ConcurrentMapManager:0.235
ExecutorManager:0.23333333333333334
MigrationTask:0.18166666666666667
PartitionStateGenerator:0.17
Migrator:0.16
MapSizeCallable:0.13
TestMigrationListener:0.12333333333333334
MigrationNotification:0.05333333333333334
