ClassModelBuilder:0.5966666666666667
PojoCodecTest:0.39666666666666667
ClassModelBuilderTest:0.30666666666666664
PojoCodecProviderTest:0.2
ConventionAnnotationImpl:0.14333333333333334
ConventionsTest:0.14
