HttpRemoteTask:0.5733333333333334
TaskSource:0.47
TestingTaskResource:0.2966666666666667
TestHttpRemoteTask:0.2175
