ReportAncestors:0.33666666666666667
ReportDescendants:0.33666666666666667
ReportGedcomStatistics:0.27666666666666667
ReportBirthdays:0.24666666666666667
