TransactionProxy:0.4
ClientTxnMapProxy:0.3433333333333333
ClientTxnSetProxy:0.2733333333333333
ClientTxnListProxy:0.2733333333333333
ClientTxnQueueProxy:0.26666666666666666
ClientTxnMultiMapProxy:0.24
