View:0.6166666666666667
ModuleManager:0.4633333333333333
Invoice2Test:0.42333333333333334
DeliveryTest:0.33666666666666667
InvoiceDetail2:0.30333333333333334
ShowProductListAction:0.04666666666666667
CreateNewInvoiceDetail2Action:0.006666666666666667
SaveElementInCollectionFailingAction:0.0
