DefaultExtractor:0.5466666666666666
TypeStringProvider:0.38333333333333336
CompositeExtractor:0.30666666666666664
SourceExtraction:0.30333333333333334
