CtrlLoader:0.8333333333333334
CompositeControlModel:0.5133333333333333
