ExternalContext:0.73
ServletExternalContext:0.41333333333333333
FlowController:0.24666666666666667
FlowHandlerAdapter:0.22666666666666666
MockExternalContext:0.22666666666666666
ViewState:0.21444444444444447
ViewStateTests:0.14333333333333334
RequestControlContext:0.13476190476190478
FlowControllerTests:0.12
ServletExternalContextTests:0.08666666666666667
