AndroidClassLoadingStrategy:0.4866666666666667
DexProcessor:0.42333333333333334
AndroidClassLoadingStrategyTest:0.27
DexClassLoader:0.22333333333333333
TestActivity:0.12444444444444443
