SimulatorModel:0.8433333333333334
LTSDisplay:0.2733333333333333
ExplorationDialog:0.23555555555555557
ExploreAction:0.234
StartSimulationAction:0.18
