Netty4MqttServerTransport:0.6366666666666667
CrateMqttSslTransportIntegrationTest:0.3
MqttIntegrationTest:0.2966666666666667
MqttModule:0.2966666666666667
SQLPlugin:0.25666666666666665
