PortletRequestUtils:0.54
MobileAjaxController:0.29
LoginFilter:0.24666666666666667
ViewPermalinkController:0.2277777777777778
XSSCheck:0.18444444444444444
StringParser:0.12
