Scenario:0.85
Scenario2:0.3433333333333333
Scenario1:0.3433333333333333
ScenarioRoot:0.30666666666666664
ScenarioAlpha:0.26666666666666666
