ObjectFactory:0.4866666666666667
CommunicationsStub:0.42333333333333334
LocalObject:0.29
SDHModuleScene:0.20333333333333334
EndToEndViewScene:0.19
KuwaibaService:0.18837301587301591
NewLinkVisualPanel1:0.17666666666666667
NewContainerVisualPanel1:0.16333333333333333
CreateMultipleBusinessObjectAction:0.16333333333333333
NewContainerWizardPanel1:0.16333333333333333
LinkTemplateComboBoxModel:0.11333333333333333
GetParentOfClass:0.10666666666666667
ShowEndToEndViewAction:0.10666666666666667
LocalLogicalConnectionDetails:0.07666666666666666
NewLinkWizardPanel1:0.07666666666666666
EndToEndViewTopComponent:0.043333333333333335
ObjectBoxWidget:0.016666666666666666
