RequestParameterFlowExecutorArgumentHandlerTests:0.7669444444444444
RequestPathFlowExecutorArgumentHandlerTests:0.4486111111111111
