SysUtilMock:0.39
Script:0.35833333333333334
PipedExecBuilderTest:0.31666666666666665
StreamPumper:0.2733333333333333
PipedExecBuilder:0.1927222222222222
ScriptRunner:0.17
StreamPumperTest:0.06333333333333334
