FlowExecutionListenerAdapter:0.5433333333333333
HttpSessionContinuationFlowExecutionStorage:0.23333333333333334
HttpSessionFlowExecutionStorage:0.17333333333333334
