IndicesService:0.82
Listener:0.6763888888888889
IndicesClusterStateService:0.4533333333333333
InternalIndicesService:0.26
ElasticsearchSingleNodeTest:0.22
InternalIndicesLifecycle:0.17
