Invocation:0.6466666666666666
OperationServiceImpl:0.38666666666666666
Context:0.38
OperationBackupHandler:0.27
InvocationRegistryTest:0.24666666666666667
