PersistencyHandler:0.7482777777777778
ManageServlet:0.40388888888888885
