PassThroughMergePolicy:0.3196666666666667
PutIfAbsentMapMergePolicy:0.3196666666666667
LatestUpdateMapMergePolicy:0.3196666666666667
HigherHitsMapMergePolicy:0.3196666666666667
MergePolicyProvider:0.23
Merger:0.19333333333333333
