DrawProperties:0.7066666666666667
GraphConverter:0.24666666666666667
