ChronicleMapTest:0.4766666666666667
StatelessClientTest:0.4766666666666667
ProcessInstanceLimiter:0.2708333333333333
TestNesterInterfaceMarshal:0.26666666666666666
EntryCountMapTest:0.25666666666666665
PingPongCASLeft:0.22593434343434343
ServersMapMain:0.20333333333333334
TcpReplicationWithAcquireUsingLockedTest:0.19
OSResizesMain:0.15
MapByNameTest:0.14333333333333334
ChannelReplicationTest:0.13
TcpReplicationLargeEntryTest:0.12333333333333334
StringsMapMain:0.10666666666666667
CHMLatencyTestMain:0.09333333333333334
