StudyListPage:0.31666666666666665
ExpandCollapseLink:0.22666666666666666
TrashListPage:0.22666666666666666
ModalityWorklistPanel:0.21777777777777782
MultiPopupSettings:0.21666666666666667
Mpps2MwlLinkPanelM:0.19666666666666666
Mpps2MwlLinkPanel:0.185
InstanceListView:0.16449999999999998
FileListView:0.16333333333333333
StudyListHeader:0.16277777777777777
TrashListHeader:0.16277777777777777
Cell:0.15666666666666668
PPSListView:0.14333333333333334
SeriesListView:0.14277777777777778
PopupLink:0.14166666666666666
MessageWindowPanel:0.12
ItemFragment:0.09333333333333334
AddItemFragment:0.09333333333333334
AddElementFragment:0.09333333333333334
ElementFragment:0.09333333333333334
PatientListView:0.059166666666666666
StudyListView:0.05772222222222222
AEListPanel:0.016666666666666666
