MDLReader:0.6583333333333333
JChemPaintViewerOnlyApplet:0.26666666666666666
