RoleHierarchyImpl:0.39
UserDetailsWrapperTests:0.18666666666666668
RoleHierarchy:0.15666666666666668
HierarchicalRolesTestHelper:0.11
UserDetailsWrapper:0.09666666666666666
UserDetailsServiceWrapperTests:0.08
RoleHierarchyImplTests:0.07333333333333333
UserDetailsServiceWrapper:0.043333333333333335
CycleInRoleHierarchyException:0.03
TestHelperTests:0.0033333333333333335
