NetClientImpl:0.49333333333333335
NetServerImpl:0.48333333333333334
VertxImpl:0.36333333333333334
VertxNetHandler:0.20333333333333334
