Cfg:0.9066666666666666
BandwidthPane:0.38333333333333336
