ScriptEditor:0.44
Script:0.43666666666666665
StepEditor:0.36666666666666664
ActionEditor:0.08
LaunchEditor:0.07666666666666666
AssertEditor:0.04
