CDKManager:0.5666666666666667
ICDKManager:0.48333333333333334
CDKManagerTest:0.4
