EditText:0.44
ImageView:0.3466666666666667
Carbon:0.3082777777777777
VectorDrawable:0.27666666666666667
InputLayout:0.2325
UnderlineDrawable:0.16666666666666666
DefaultIconColorAccentInverseStateList:0.1311111111111111
VectorState:0.04
