DataService:0.6533333333333333
SimpleIntegrationTest:0.4766666666666667
AbstractEmbeddedTrigger:0.31333333333333335
DerbyFunctions:0.16666666666666666
