CommandAsyncService:0.4533333333333333
RedissonNode:0.4533333333333333
CommandBatchService:0.27666666666666667
Introspectior:0.18333333333333332
ClassUtils:0.18333333333333332
RedissonMapReduceTest:0.18
CoordinatorTask:0.17666666666666667
