Joystick:0.44333333333333336
Mouse:0.44333333333333336
Keyboard:0.19666666666666666
