SerializeConfig:0.4816666666666667
FastJsonHttpMessageConverterJSONPCaseTest:0.35333333333333333
FastJsonConfig:0.32666666666666666
FastJsonHttpMessageConverterCase2Test:0.17333333333333334
FastJsonJsonViewTest:0.16
