JsfView:0.8433333333333334
JsfViewTests:0.44
MockViewState:0.04833333333333333
