AdminInformation:0.31833333333333336
InformationMemory:0.31666666666666665
BasicAccessRuleSetEncoder:0.26666666666666666
AdminGroupsManagedBean:0.2633333333333333
RAAuthorization:0.2544444444444445
AddedUserMemory:0.24333333333333335
AdminGroup:0.24
AdminEntity:0.23
