RemoteEditorState:0.5533333333333333
EditorManager:0.415
RemoteEditorManager:0.30333333333333334
