CruiseControlTagSupport:0.6122222222222221
AllTests:0.44
LinkTagTest:0.42333333333333334
LinkTag:0.26666666666666666
LinkTagExtraInfo:0.0
