StringTools:0.5133333333333333
EjbcaWebBean:0.4166666666666667
LogEntryView:0.29333333333333333
OldLogSessionBean:0.19333333333333333
SubjectDNProxy:0.14333333333333334
