TermStructure:0.5437619047619048
PiecewiseYieldCurve:0.43
ImpliedTermStructure:0.29333333333333333
AbstractTermStructure:0.27666666666666667
BaroneAdesiWhaleyApproximationEngine:0.16
