HyperSearchResults:0.20252779
HyperSearchOperationNode:0.14883046
SearchAndReplace:0.13482264
HyperSearchFileNode:0.071796425
TextArea:0.05946351
HyperSearchResult:0.05771359
SearchMatcher:0.057575952
JEditBuffer:0.052659813
Buffer:0.048888598
jEdit:0.04839406
GUIUtilities:0.029703565
View:0.029233387
JEditTextArea:0.028729668
Selection:0.027071899
ThreadUtilities:0.025451902
Mode:0.021013204
Log:0.019477477
Task:0.0123330215
SearchFileSet:0.007657276
