TBookRecord:0.44666666666666666
VBookRecord:0.44666666666666666
TBooleansRecord:0.44666666666666666
T_639NumbersTableRecord:0.36
VIncompleteRecord:0.30666666666666664
XUnusedRecord:0.16666666666666666
