HttpResponseHeaders:0.31
HttpResponseStatus:0.18333333333333332
HttpResponseBodyPart:0.16666666666666666
HttpContent:0.03666666666666667
