Actor:0.8733333333333333
ActorLoader:0.3933333333333333
ModuleClassLoader:0.24333333333333335
InstanceUpgrader:0.22333333333333333
