IOSGraphics:0.4266666666666667
IOSApplication:0.4166666666666667
TextureAttribute:0.2733333333333333
DefaultShader:0.20916666666666667
BitmapFontAlignmentTest:0.20666666666666667
IOSRobovmTests:0.19777777777777777
LwjglDebugStarter:0.10333333333333333
