DicomModel:0.44944444444444437
DicomExplorer:0.44
LoadLocalDicom:0.38666666666666666
PriorityTaskComparator:0.26666666666666666
GhostGlassPane:0.24666666666666667
LoadRemoteDicomManifest:0.19333333333333333
LocalImport:0.18666666666666668
LoadRemoteDicomURL:0.13666666666666666
SequenceHandler:0.12666666666666668
CircularProgressBar:0.10666666666666667
