Builder:0.5633333333333334
LSTMHelpers:0.2833333333333333
L2NormalizeVertex:0.28
LastTimeStepVertex:0.20333333333333334
L2Vertex:0.20333333333333334
PoolHelperVertex:0.17333333333333334
ShiftVertex:0.17333333333333334
PreprocessorVertex:0.17
SubsetVertex:0.17
UnstackVertex:0.17
ScaleVertex:0.17
ReshapeVertex:0.17
ElementWiseVertex:0.15666666666666668
DuplicateToTimeSeriesVertex:0.15666666666666668
StackVertex:0.15666666666666668
MergeVertex:0.14833333333333334
