EntityIndexUtils:0.48333333333333334
GwtViewHelper:0.4766666666666667
AbstractBinderProcessor:0.36
