MapService:0.6633333333333333
ConcurrencyUtil:0.5666666666666667
