FutureImpl:0.5033333333333333
Future:0.44333333333333336
FutureTest:0.43333333333333335
