QuerySpec:0.37666666666666665
ManyTableConsumer:0.3233333333333333
Symbols:0.29333333333333333
OrderBy:0.26666666666666666
QuerySplittingVisitor:0.20666666666666667
JoinPair:0.19333333333333333
Lists2:0.15
Rewriter:0.10333333333333333
FieldsVisitor:0.07
FieldToRelationColumn:0.05333333333333334
