Event:0.5733333333333334
Range:0.37333333333333335
AlmanacLoader:0.32666666666666666
CDayLoader:0.24666666666666667
