DefinitionModuleImpl:0.48
ObjectKeys:0.47904761904761906
ListFolderController:0.3333333333333333
WebKeys:0.02
