Results:0.5813333333333334
OneAssetOption:0.42
Arguments:0.37666666666666665
PricingEngine:0.29
Instrument:0.21333333333333335
ImpliedVolHelper:0.17777777777777778
OneAssetOptionEngine:0.07
InstrumentResults:0.013333333333333334
