StatementGeneratorTest:0.5866666666666667
ArrayRewriter:0.3233333333333333
InnerClassExtractorTest:0.31
NilCheckResolverTest:0.17666666666666667
