FileService:0.4066666666666667
DatabaseService:0.3433333333333333
RuntimeService:0.32
