ClientMapNearCacheTest:0.5666666666666667
RepairableNearCacheEventHandler:0.23333333333333334
NearCacheTest:0.16
