Lock:0.61
ClusterService:0.54
ClusterServiceTest:0.20333333333333334
ClusterConstants:0.023333333333333334
