Response:0.49
Request:0.43666666666666665
Transport:0.41861111111111116
RawHeaders:0.38
RequestHeaders:0.37
HttpEngine:0.36333333333333334
ResponseHeaders:0.3566666666666667
URLConnectionTest:0.2966666666666667
Builder:0.2952777777777777
Connection:0.22
Job:0.21333333333333335
HttpResponseCacheTest:0.19666666666666666
HttpURLConnectionImpl:0.18333333333333332
AsyncApiTest:0.17833333333333334
HttpAuthenticator:0.16111111111111112
Entry:0.15666666666666668
RawHeadersTest:0.15666666666666668
ChunkedInputStream:0.15333333333333332
HttpTransport:0.125
SpdyTransport:0.12333333333333334
RecordingReceiver:0.08333333333333333
TunnelRequest:0.013333333333333334
