TestOutlookCrawler:0.7344444444444445
TestOutlookCrawlAll:0.4716666666666667
