colorKeyMap:0.19666666666666666
colorMap:0.19666666666666666
totalMap:0.19666666666666666
costMap:0.19
constraintsMap:0.14666666666666667
EnvBinTree:0.13
