HttpUrl:0.7233333333333334
UrlComponentEncodingTester:0.38666666666666666
HttpUrlTest:0.37666666666666665
