TestDateTime_Properties:0.5366666666666666
TestDateTime_Basics:0.48333333333333334
TestDateMidnight_Properties:0.45
