PySet:0.5833333333333334
BaseSet:0.49666666666666665
PyFrozenSet:0.45666666666666667
