WebserviceBeanRemote:0.6466666666666666
IPAMModule:0.61
WebserviceBean:0.44333333333333336
