JFlexXref:0.45666666666666667
FileAnalyzer:0.3233333333333333
CSharpAnalyzer:0.23
CAnalyzer:0.23
JavaAnalyzer:0.23
CxxAnalyzer:0.23
