ClassTransformer:0.55
CodeEmitter:0.5466666666666666
State:0.36083333333333334
ClassEmitter:0.3466666666666667
TransformingGenerator:0.19333333333333336
TransformerChain:0.18666666666666668
AddStaticInitTransformer:0.05333333333333334
AbstractTransformer:0.05
AbstractFilterTransformer:0.04666666666666667
