PropsData:0.6466666666666666
PropsTest:0.52
Props146Test:0.29333333333333333
