MDate:0.26756546
MDateSpinner:0.14311267
MCalendarPanel:0.13213445
