SnmpCollector:0.35333333333333333
SnmpUtils:0.3433333333333333
IfSnmpCollector:0.31333333333333335
JoeSnmpStrategy:0.23
SnmpIfCollectorTest:0.21
JoeSnmpConfig:0.2063968253968254
Snmp4JConfig:0.2063968253968254
SnmpNodeCollectorTest:0.18666666666666668
SnmpStrategy:0.15
SnmpUtilsTest:0.14
SnmpConfig:0.10666666666666667
PropertySettingTestSuite:0.07666666666666666
Snmp4JStrategy:0.04988095238095238
