QualifierBeanImpl:0.7233333333333334
QualifierBean:0.6933333333333334
