HtmlInlineFrame:0.3747222222222222
HtmlPageTest:0.3566666666666667
HtmlScript:0.3166666666666667
