CMSynergyModification:0.49666666666666665
ModifiedObject:0.37333333333333335
AlienBrain:0.29
ExecBootstrapper:0.185
ChangeRequest:0.17666666666666667
SourceControlProperties:0.13666666666666666
AntBootstrapper:0.1
AntPublisher:0.02666666666666667
