PublicationImage:0.5266666666666666
NetworkPublication:0.52
DirectPublication:0.33
PublicationImageStatusFields:0.011111111111111112
NetworkPublicationConductorFields:0.011111111111111112
