StubStep:0.25
RepeatTemplate:0.22916666666666666
TaskletStepTests:0.22666666666666666
SimpleJob:0.21044444444444443
TaskletStep:0.1691111111111111
ItemOrientedStepTests:0.16
DefaultExceptionHandler:0.14777777777777776
ItemOrientedStep:0.14333333333333334
StubTasklet:0.12666666666666668
SimpleJobTests:0.06
