CouchbaseClientFactory:0.54
CouchbaseTicketRegistry:0.36333333333333334
CouchbaseServiceRegistryDao:0.3233333333333333
CouchbaseAuthenticationProperties:0.23666666666666666
CouchbaseServiceRegistryConfiguration:0.12333333333333334
CouchbaseTicketRegistryConfiguration:0.12333333333333334
CouchbaseAuthenticationHandler:0.09666666666666666
SamlProfileSamlSubjectBuilder:0.07
CouchbaseAuthenticationConfiguration:0.06666666666666667
