Transaction:0.5166666666666667
KeyChainGroup:0.44
BtcFixedFormat:0.2555555555555556
MySQLFullPrunedBlockStore:0.15833333333333333
H2FullPrunedBlockStore:0.15833333333333333
TxConfidenceTable:0.14833333333333334
