Node:0.5666666666666667
ESSingleNodeTestCase:0.31333333333333335
Bootstrap:0.2833333333333333
