JSONPObject:0.43833333333333335
FastJsonHttpMessageConverterJSONPCaseTest:0.43666666666666665
FastJsonHttpMessageConverter:0.4166666666666667
JSONPObjectTest:0.08666666666666667
