BridgeWebView:0.5533333333333333
BridgeWebViewClient:0.4033333333333333
