Version:0.49333333333333335
DecodedBitStreamParser:0.2733333333333333
ByQuadrantReader:0.25
BitMatrixParser:0.25
URIResultParser:0.2
