CaffeineConfiguration:0.5733333333333334
CacheProxy:0.5633333333333334
Builder:0.27666666666666667
Configurator:0.21666666666666667
JCacheProfiler:0.19666666666666668
CacheFactory:0.15
CaffeineJCacheModule:0.1
