IVMInstall:0.5966666666666667
VMStandin:0.39
IVMInstall2:0.37477777777777777
RubyRuntime:0.31333333333333335
AbstractInterpreter:0.25333333333333335
RubyInterpreter:0.22
VMDefinitionsContainer:0.21
EditInterpreterDialog:0.18916666666666668
