Scans:0.54
FileResource:0.45666666666666667
NutResource:0.44333333333333336
FileSystemResourceLocation:0.25
JarResourceLocation:0.17666666666666667
