ClientJob:0.7933333333333333
JPPFPriorityQueue:0.33
BroadcastJobCompletionListener:0.24333333333333335
