MockFSDirectoryService:0.5166666666666667
UpdateSettingsTests:0.15333333333333332
