VocabularyEditor:0.4866666666666667
LexicalTableEditor:0.29333333333333333
ApplicationWorkbenchAdvisor:0.2733333333333333
CQPPreferencePage:0.24666666666666667
VocabularyToConcordance:0.19666666666666666
ImportSelectedText:0.08666666666666667
