Settings:0.7733333333333333
Merger:0.43805555555555553
