ConsistencyWatchdogClient:0.6533333333333333
ConsistencyAction:0.43333333333333335
