DOWriter:0.6123055555555555
DefaultManagement:0.49333333333333335
CurrentVersionPane:0.37
DatastreamPane:0.31
PriorVersionPane:0.25247619047619047
SimpleDOWriter:0.21666666666666667
