InfoPathFormView:0.7877777777777778
UrlHelper:0.42444444444444446
