AbstractServerEngine:0.41333333333333333
BasicClientEngine:0.3333333333333333
GUIClientEngine:0.33
AbstractClientEngine:0.31333333333333335
LoaderListenersWrapper:0.23
