Hook:0.7341666666666666
JsConsoleManager:0.3333333333333333
JsThread:0.30666666666666664
JsConsoleView:0.23666666666666666
JsAction:0.23
JsEnvironment:0.15777777777777777
