CtrlLexer:0.7641111111111112
CtrlParser:0.6833333333333333
