MainScene:0.37666666666666665
SettlementMapPanel:0.36666666666666664
PopUpUnitMenu:0.28
UnitWindow:0.18
JobHistory:0.16333333333333333
