MProxy:0.44
ConcurrentMapManager:0.43666666666666665
CMap:0.4166666666666667
MRemoveItem:0.06333333333333334
ConcurrentMapOperations:0.011111111111111112
