MoreLikeThisQueryBuilder:0.3566666666666667
XMoreLikeThis:0.3433333333333333
MapperQueryParser:0.2966666666666667
BlendedTermQuery:0.22666666666666666
QueryBuilder:0.19155555555555556
BlendedTermQueryTests:0.14333333333333334
