SeqFeatureI:0.5233333333333333
SeqFeature:0.43333333333333335
DrawableSeqFeature:0.3933333333333333
EvidencePanel:0.23
AnnotationView:0.21333333333333335
SeqFeatureHolder:0.18666666666666668
CollapsedFeatureTierManager:0.17333333333333334
ExpandableFeatureSet:0.13333333333333333
