AbstractFlywayTask:0.7666666666666667
HistoryMojo:0.28
AntLargeTest:0.19666666666666666
