LdapModuleImpl:0.55
ObjectKeys:0.33644444444444443
UserCoordinator:0.33222222222222225
ConfigureLdapController:0.2866666666666667
WebKeys:0.01
