CoalescedWriteBehindQueue:0.7633333333333333
AbstractDelayedEntry:0.5466666666666666
