RecoverySourceHandler:0.6833333333333333
SharedFSRecoverySourceHandler:0.36333333333333334
RecoverySource:0.36333333333333334
