Reprap:0.5755555555555555
GenericStepperPositionPanel:0.49
XYZTabPanel:0.3383333333333333
