Http2ServerResponseImpl:0.685
HttpServerResponseImpl:0.32416666666666666
HttpServerRequestImpl:0.32416666666666666
Http2ServerRequestImpl:0.26666666666666666
