NavigatorClassTopComponent:0.32
NeuralNetworkNode:0.32
IMRWizardIterator:0.29333333333333333
CreateTrainingSetFileService:0.18
NeurophProjectNode:0.17
NeuralNetworkChildren:0.1621111111111111
NeurophProjectLogicalView:0.12666666666666668
CreateNeuralNetworkFileService:0.11666666666666667
