QueryAnalysisProvider:0.6666666666666666
HQLQueryAnalysisProvider:0.29333333333333333
OQLQueryAnalysisProvider:0.29333333333333333
