BuilderHelper:0.57
QueryResponseMessageBuilder:0.49
SubjectBuilder:0.39
AckMessageBuilder:0.2633333333333333
SubjectSearchCriteriaBuilder:0.15333333333333332
