AbstractCasWebflowEventResolver:0.3233333333333333
AuthyConfiguration:0.27
RadiusMultifactorConfiguration:0.27
CasCoreWebflowConfiguration:0.2633333333333333
OidcConfiguration:0.23666666666666666
SamlIdPConfiguration:0.21
CasOAuthConfiguration:0.21
YubiKeyConfiguration:0.20666666666666667
DuoSecurityConfiguration:0.20666666666666667
GrouperMultifactorAuthenticationConfiguration:0.12333333333333334
CasCoreConfiguration:0.11666666666666667
