BindingUtil:0.7833333333333333
NameTable:0.57
Import:0.2911111111111111
SmallTests:0.14333333333333334
