MyDesklet:0.7566666666666667
Wizard:0.31333333333333335
Main:0.25
