Robot:0.5066666666666667
ScriptEditor:0.46
InputState:0.28
SelectionModel:0.2486111111111111
ComponentRecorder:0.19333333333333333
TesterTestSuite:0.18777777777777782
RobotAWTModeTest:0.11666666666666667
