IncomingError:0.9533333333333334
DataLoaderService:0.28
ManageIncomingBatchListener:0.24833333333333332
DataLoaderServiceSqlMap:0.19777777777777777
IncomingErrorMapper:0.11
