NavButtonDisplay:0.46
ResourceProcessPanel:0.16333333333333333
ResourceProcessingBuildingPanel:0.14
LegendDisplay:0.14
CropTableModel:0.13333333333333333
PowerTableModel:0.13333333333333333
RandomMineralMap:0.13333333333333333
ManufacturePanel:0.13333333333333333
