HdfsBlobContainer:0.6033333333333334
HdfsBlobStore:0.29333333333333333
HdfsBlobStoreContainerTests:0.25666666666666665
HDFSPrivilegedInputSteam:0.24666666666666667
HdfsRepository:0.21666666666666667
