Execution:0.5133333333333333
CallStep:0.38333333333333336
MethodExecution:0.3
ClassExecution:0.2733333333333333
DataEnvironment:0.22
ExecutionLocator:0.19666666666666666
StepFactory:0.18888888888888888
HopVirtualMachine:0.18666666666666668
AbstractVirtualMachine:0.18666666666666668
Linker:0.18666666666666668
CallAction:0.14666666666666667
