PropertyIsLike:0.6144444444444445
Filter:0.32722222222222225
