CmpMessageHelper:0.5733333333333334
CmpResponseMessage:0.3
CmpRevokeResponseMessage:0.29
CmpConfirmResponseMessage:0.29
OCSPUnidClient:0.18666666666666668
