RuntimeEnvironment:0.6719999999999999
ProjectMessageTest:0.38666666666666666
ProjectMessage:0.3333333333333333
