SetOfAtomContainers:0.5533333333333333
SetOfMolecules:0.5033333333333333
SetOfReactions:0.48333333333333334
