MemberState:0.6766666666666666
MemberStateImpl:0.4033333333333333
AddressDefinition:0.32166666666666666
InterfaceDefinition:0.31666666666666665
DefaultAddressPicker:0.26916666666666667
ReplicatedMapService:0.26
HazelcastClient:0.20722222222222222
TimedMemberStateFactory:0.16
MemberStateImplTest:0.06
TimedMemberStateTest:0.056666666666666664
