TestUtils:0.6766666666666666
TicketGrantingTicketImplTests:0.30333333333333334
RegisteredServiceAttributeReleasePolicyTests:0.23
Cas20ProxyHandlerTests:0.20666666666666667
MultifactorAuthenticationTests:0.20333333333333334
AnonymousRegisteredServiceUsernameAttributeProviderTests:0.14333333333333334
RegisteredServiceRegexAttributeFilterTests:0.08333333333333333
