avcodec:0.6055555555555556
FFmpegFrameGrabber:0.4266666666666667
FrameGrabber:0.38
FrameRecorder:0.26666666666666666
