MTGRoot:0.8472222222222222
MTGGraphBuilderBodyData:0.3433333333333333
