RubyModelManager:0.42
RubyCore:0.41
SymbolIndex:0.33666666666666667
Openable:0.31333333333333335
ProjectUpgradeListener:0.2061111111111111
