NodePart:0.567
Node:0.5433333333333333
ModelInstance:0.4483333333333333
