SymbolicInputHeap:0.5433333333333333
Debug:0.19166666666666668
HeapNode:0.14666666666666667
JPF_gov_nasa_jpf_symbc_Debug:0.10666666666666667
HeapChoiceGenerator:0.03
GETFIELD:0.0
GETSTATIC:0.0
