jEdit:0.114108495
FontSelector:0.09209308
AbstractOptionPane:0.08536688
ColorWellButton:0.07587292
AntiAlias:0.021777965
