ControllerHandler:0.45666666666666667
FilterConditionControllerHandler:0.39666666666666667
ErrorControllerHandler:0.3
AttributesControllerHandler:0.23
ResponseControllerHandler:0.16333333333333333
DatabaseConnectionControllerHandler:0.09
