HTMLDocument:0.55
Document:0.46
HTMLDocumentTest:0.35333333333333333
BrowserVersionClassRunner:0.31666666666666665
