Kuwaiba:0.5533333333333333
WebServiceBean:0.45166666666666666
WebServiceBeanRemote:0.4033333333333333
