ServiceManifestBuilder:0.6766666666666666
ServiceManifestBuilderTest:0.325
InternalKeybindingRulesReference:0.2866666666666667
