RepositoryFactory:0.6333333333333333
Indexer:0.23666666666666666
IndexerTest:0.22333333333333333
SearchEngineTest:0.19
DirectoryListingTest:0.15666666666666668
HistoryGuruTest:0.15666666666666668
IndexDatabaseTest:0.13333333333333333
ProjectMessageTest:0.13333333333333333
IgnoredNamesTest:0.12666666666666668
PerforceRepositoryTest:0.12666666666666668
