JUTestLogMessageBuffer:0.43
WebManagementManager:0.4066666666666667
LogView:0.14666666666666667
RunWebManager:0.09
