ITypeInfoTest:0.44
TlbImp:0.32666666666666666
ITypeLibTest:0.31333333333333335
OleAutoTest:0.2965
COMTest:0.2565
IUnknownTest:0.2565
VariantTest:0.2565
COMLateBindingBaseObject:0.2
COMEarlyBindingObject:0.10666666666666667
