UIRepeatListComponent:0.5533333333333333
ComposedQuery:0.45666666666666667
ExpressionPathPlaceholder:0.32
MakumbaELResolver:0.17
PointerConverter:0.13666666666666666
ComposedSubquery:0.08666666666666667
