DataTableFolderViewBase:0.38
EntryMenuPanel:0.31666666666666665
AccessoriesPanel:0.31666666666666665
GwtTeamingMessages:0.31666666666666665
FilterPanel:0.31666666666666665
VibeHorizontalPanel:0.18666666666666668
VibeVerticalPanel:0.05
