ProxyAwareConnectorHandler:0.49666666666666665
ConnectionManager:0.4033333333333333
TunnelFilter:0.29333333333333333
SwitchingSSLFilter:0.29333333333333333
