IncomingListModel:0.7886111111111112
ArrivedListPanel:0.576388888888889
