FormulaCheckerPredicateFormulaTest:0.7266666666666667
FormulaCheckerFunctionTermTest:0.7266666666666667
KernelBoLogicTestSuite:0.30666666666666664
