JsonProvider:0.5566666666666666
Criteria:0.3566666666666667
Configuration:0.35333333333333333
JsonPath:0.3
ConverterTest:0.26666666666666666
EvaluationContextImpl:0.2633333333333333
AbstractJsonProvider:0.20666666666666667
JsonReader:0.20333333333333334
FilterTest:0.18333333333333332
OptionsTest:0.13666666666666666
GsonProvider:0.12666666666666668
Bench:0.12333333333333334
ScanPathTokenTest:0.12333333333333334
ConfigurationBuilder:0.115
Converter:0.08444444444444445
ConvertiblePair:0.06666666666666667
Defaults:0.06444444444444446
