Client:0.7041111111111111
AbstractClient:0.6333333333333333
XContentBuilder:0.43666666666666665
IndicesAnalysisService:0.36333333333333334
TransportClient:0.27
AbstractFieldMapper:0.25
RestActionModule:0.09333333333333334
TypeParsers:0.07666666666666666
ActionModule:0.06333333333333334
