Frustum:0.35
Sphere:0.35
Box:0.32666666666666666
Type:0.29333333333333333
VoronoiCell:0.2833333333333333
LightBase:0.27
Lamella:0.26166666666666666
Sky:0.24166666666666667
Cone:0.22833333333333333
Cylinder:0.22833333333333333
Patch:0.22833333333333333
DirectionalLight:0.20666666666666667
_Field:0.1
