AbstractServlet:0.3
PullServlet:0.18333333333333332
ThrottleFilter:0.14666666666666667
PushServlet:0.14
AbstractFilter:0.13
RegistrationServlet:0.12666666666666668
AuthenticationFilter:0.1
