STSConfig:0.5466666666666666
STSUtil:0.43
SOAPHeaderData:0.38333333333333336
STSRequestData:0.2683333333333333
SAML2TokenHandler:0.2220555555555556
ClaimBuilder:0.22
SAML2TokenIssueHandler:0.2
STSRequestHandler:0.19333333333333333
SAML2TokenValidateHandler:0.18333333333333335
