Shape:0.48
Multiplicity:0.32666666666666666
ShapeMorphism:0.2633333333333333
EquationSystem:0.19416666666666665
Materialisation:0.15666666666666668
TestMaterialisation:0.15
