Visitor:0.54
LocalExecutionPlanner:0.4633333333333333
LocalQueryRunner:0.44666666666666666
TaskTestUtils:0.2
