AbstractSoap11BodyTestCase:0.07
AbstractSoapBodyTestCase:0.05333333333333334
AbstractSoap12BodyTestCase:0.05
AbstractSoap11HeaderTestCase:0.03
AbstractSoap11EnvelopeTestCase:0.03
AbstractSoap12EnvelopeTestCase:0.03
AbstractSoap12HeaderTestCase:0.03
AbstractSoap12MessageTestCase:0.03
AbstractSoap11MessageTestCase:0.03
AbstractSoapMessageTestCase:0.02666666666666667
AbstractSoapHeaderTestCase:0.016666666666666666
AbstractSoapEnvelopeTestCase:0.0033333333333333335
