UserUtilities:0.6733333333333333
Base64Coder:0.6
ExportReportAction:0.14666666666666667
