ConverterTarget:0.7233333333333334
ParcelableGenerator:0.37333333333333335
ClassloaderReadWriteGenerator:0.338
ConverterTest:0.29
