AnnotatedClassParser:0.4533333333333333
View:0.41555555555555557
MetaController:0.32
MetaCollectionView:0.2733333333333333
ControllersParser:0.22666666666666666
