Html5UploadHelper:0.5333333333333333
FolderViewBase:0.47333333333333333
AddFilesHtml5Popup:0.29333333333333333
Html5UploadCallback:0.22994444444444445
EntryTitleCell:0.20333333333333334
