AwsEc2UnicastHostsProvider:0.41444444444444445
Ec2DiscoveryTests:0.3333333333333333
DISCOVERY_EC2:0.18833333333333332
