Renderer:0.5166666666666667
GameLoop:0.44600000000000006
GdxInvaders:0.38333333333333336
MainMenu:0.33
GdxInvadersDesktop:0.17333333333333334
