MethodDescription:0.57
Default:0.5433333333333333
FieldDescription:0.26888888888888884
RedefinitionClassVisitor:0.25333333333333335
AbstractBase:0.2
AccessBridgeWrapper:0.19833333333333333
TypeWriterMethodPoolRecordTest:0.19
ForDefinedMethod:0.1675
TypeWriterFieldPoolRecordTest:0.13666666666666666
