Stage:0.7733333333333333
Table:0.5533333333333333
InterpolationTest:0.17333333333333334
Scene2dTest:0.16333333333333333
StageTest:0.13
StagePerformanceTest:0.12666666666666668
TextAreaTest:0.11666666666666667
TextButtonTest:0.11666666666666667
