Blojsom:0.8566666666666667
Metadata:0.46
BlojsomImplementation:0.42
FeedImportPlugin:0.26
BlojsomParser:0.21666666666666667
