Builder:0.43
DB:0.405
Result:0.3433333333333333
MongoOptions:0.33
DBCollection:0.32666666666666666
Mongo:0.29333333333333333
MongoClientOptions:0.23666666666666666
WriteResult:0.21333333333333335
GridFS:0.20666666666666667
DBPort:0.2
DBCursorTest:0.19666666666666666
DBCollectionTest:0.17666666666666667
GridFSTest:0.17
Holder:0.15666666666666668
MongoClient:0.11
CRAMMD5Authenticator:0.056666666666666664
GSSAPIAuthenticator:0.056666666666666664
MongoOptionsTest:0.0525
MongoClientOptionsTest:0.03666666666666667
SaslAuthenticator:0.017777777777777778
