FileUtil:0.425
SharedResourcesManager:0.35333333333333333
SessionLabelProvider:0.2866666666666667
MultiUserChatManager:0.25833333333333336
ConsistencyAction:0.18666666666666668
SarosAnnotation:0.14
