MetadataEntityManagerImpl:0.5633333333333334
ClassMetadataLight:0.54
CacheManager:0.34
BusinessEntityManagerImpl:0.31
Util:0.2733333333333333
Main:0.09333333333333334
