Gdx2DPixmap:0.7938888888888889
Gdx2DTest:0.47
JoglDebugStarter:0.16538888888888886
