TaskFolderInfo:0.5966666666666667
GwtServerHelper:0.36333333333333334
DataTableFolderViewBase:0.35333333333333333
FolderRow:0.34
GwtViewHelper:0.21
TaskFolderCell:0.14
TaskStats:0.10333333333333333
VibeDataTableConstants:0.014285714285714285
TaskFolderColumn:0.01111111111111111
