JobInformation:0.36666666666666664
ServerTask:0.35
ServerTaskBundleClient:0.33
JobNotification:0.2866666666666667
ResubmitRunner:0.25333333333333335
LongTaskRunner:0.19
MyTask:0.16388888888888892
