DrawableFeatureSet:0.6283333333333333
DrawableResultSeqFeature:0.37
ApolloFrame:0.35833333333333334
