SourceFileException:0.46
DummyInternalKernalServices:0.42333333333333334
DefaultSourceFileExceptionList:0.39
DefaultInternalKernelServices:0.29333333333333333
LoadXmlOperatorListUtility:0.24
InternalKernelServices:0.2105952380952381
SimpleMathParserTest:0.18666666666666668
ParserPane:0.18333333333333332
AsciiMathParserTest:0.17333333333333334
LatexMathParserTest:0.17333333333333334
Xml2Xml:0.15666666666666668
XmlQedeqFileDao:0.14333333333333334
DefaultKernelQedeqBoTest:0.13333333333333333
GenerateXmlTest:0.10333333333333333
ServiceErrors:0.07
