ClientInvocation:0.4633333333333333
HazelcastClientInstanceImpl:0.43666666666666665
ClientInvocationFuture:0.31333333333333335
AbstractInvocationFuture:0.22333333333333333
ClientInvocationServiceSupport:0.2227777777777778
ResponseThread:0.2035
SleepyProcessor:0.13666666666666666
SleepyCallback:0.09892857142857142
ClientMaxAllowedInvocationTest:0.02666666666666667
InternalDelegatingExecutionCallback:0.023333333333333334
