ParseCpsl:0.7933333333333333
JapeConstants:0.25594227994228
