EdgeViewI:0.61
NodeViewI:0.59
Edge:0.4633333333333333
GraphEltSet:0.39666666666666667
GraphData:0.37
GraphViewI:0.3262301587301587
StepManager:0.30333333333333334
NbrowseJdbcAdapter:0.27666666666666667
NBrowseApplet:0.24333333333333335
VRMLOutput:0.21
DataAdapterI:0.205
EdgeFilterState:0.20333333333333334
JnetManager:0.20333333333333334
NodeMover:0.17
NodeMoverWithConstraints:0.17
JNetScriptLineWriter:0.16666666666666666
DataLoader:0.14
GraphInputParser:0.13666666666666666
JNetScriptWriter:0.12666666666666668
TouchGraphXmlAdapter:0.12
ExpansionObserver:0.07690476190476189
CategoryActionListener:0.07333333333333333
StepExpansionThread:0.043333333333333335
NodeViewIterator:0.04
GraphViewManager:0.02
JnetExpansionObserver:0.0025
