ParameterUtil:0.47333333333333333
ParameterModel:0.36333333333333334
AddressCodec:0.29333333333333333
CodecCodeGenerator:0.26666666666666666
CodecModel:0.26666666666666666
CodeGenerationUtils:0.23
ClientMessageTest:0.22666666666666666
ExceptionResultParameters:0.14
MemberAttributeChangeCodec:0.12333333333333334
XIDCodec:0.12
MemberCodec:0.11666666666666667
DistributedObjectInfoCodec:0.11333333333333333
CacheEventDataCodec:0.11333333333333333
JobPartitionStateCodec:0.11
