Todo:0.8666666666666667
TodosManagerImpl:0.33666666666666667
ManageTodosAction:0.2833333333333333
ShowRssFeedAction:0.25
