ContextPreparer:0.4766666666666667
PreparerContext:0.41002777777777777
ExecutionPhasesTask:0.3566666666666667
DocLevelCollectTest:0.29333333333333333
TransportJobAction:0.22
SetBucketAction:0.09333333333333334
