Context:0.74
ExtractableView:0.4816666666666667
MethodHandle:0.45666666666666667
Dispatcher:0.37666666666666665
MethodType:0.36
Default:0.3433333333333333
ForParameter:0.29500000000000004
OriginBinderTest:0.2733333333333333
TextConstant:0.2683333333333333
TypeWriterDefaultTest:0.25333333333333335
Disabled:0.24666666666666667
JavaInstanceMethodHandleTest:0.24666666666666667
ForOrigin:0.22142857142857145
MethodConstantTest:0.22
FixedValue:0.21333333333333335
ForReferenceType:0.19
FieldConstantTest:0.18333333333333332
RedefinitionClassVisitor:0.18333333333333332
ForField:0.1830952380952381
ForReturnValue:0.1780952380952381
ImplementationContextDisabledTest:0.16
ForThisReference:0.1530952380952381
ClassConstantReferenceTest:0.11
ForCreation:0.09333333333333334
ImplementationContextDefaultOtherTest:0.06777777777777777
JavaInstanceMethodHandleDispatcherTest:0.03333333333333333
AbstractBase:0.006666666666666667
