TestDateTime_Basics:0.4683333333333333
TestInstant_Basics:0.4683333333333333
TestDateMidnight_Basics:0.4683333333333333
