ComponentTester:0.81
DefaultComponentFinder:0.29333333333333333
ScriptEditor:0.2866666666666667
ComponentTesterTest:0.26666666666666666
Launch:0.2377777777777778
ComponentNode:0.19000000000000003
DefaultComponentFinderTest:0.17666666666666667
