EnhancerEmitter:0.6433333333333333
TestDispatcher:0.47333333333333333
Bar:0.23159523809523813
Foo:0.23159523809523813
Dispatcher:0.1851547619047619
DispatcherGenerator:0.14333333333333334
