ARINCDefinition:0.5666666666666667
ServerXMLObjectAttribute:0.5366666666666666
ARINCModelFactory:0.5033333333333333
Logging:0.49
XMLWidget:0.47
ServerXMLWidget:0.46
ParamStructDefinition:0.395
XMLObjectAttribute:0.38666666666666666
XMLObject:0.37666666666666665
WidgetsRefHandler:0.3433333333333333
CourseArc:0.3377777777777778
ClientConfiguration:0.3333333333333333
WidgetMessage:0.3333333333333333
ARINCPictureAnimated:0.32022222222222224
ServerXMLFieldAttribute:0.29
ServerComUtilities:0.2866666666666667
ScrollPanelRenderer:0.2833333333333333
DefaultARINCDefinition:0.2733333333333333
SetParameterStruct:0.26666666666666666
FrameworkConfiguration:0.2597777777777778
ServerXMLExtension:0.25666666666666665
A661RefHandler:0.2500396825396825
PictureRenderer:0.24666666666666667
DefaultConnectorRenderer:0.24666666666666667
ComboBoxEditRenderer:0.24333333333333335
JUnitCategoryWrapper:0.23166666666666666
SymbolAnimatedRenderer:0.22666666666666666
AbstractWidgetFactory:0.22666666666666666
JFXLineArcRenderer:0.22666666666666666
ClientComUtilities:0.22666666666666666
EventStructDefinition:0.22337301587301586
GrowableArrayPanel:0.22337301587301586
ChangeWidgetEdit:0.22222222222222218
ObjectGenerator:0.21
DefaultARINCUtils:0.21
WidgetListener:0.21
DefaultClientXMLDFHandler:0.20666666666666667
BlockStructureSize:0.2063968253968254
AbstractServerEngine:0.20333333333333334
DefaultBinaryDFDecoder:0.20166666666666666
DefaultServerBinaryDFHandler:0.2
BasicClientEngine:0.2
LongLongPanel:0.19666666666666666
DefaultServerXMLDFHandler:0.19666666666666666
DefaultClientBinaryDFHandler:0.19666666666666666
ServerMessageProcessor:0.19333333333333333
SymbolPanel:0.19305555555555554
GenerateWORDAction:0.19
SwingImage:0.19
TreeEditorHelper:0.18666666666666668
LineArc:0.1836111111111111
TreeEditorCopyHelper:0.18333333333333332
LineArcRenderer:0.18333333333333332
ProtocolInputDecoder:0.18333333333333332
AbstractWidgetRefHandler:0.18333333333333332
AbstractXMLDFHandler:0.18333333333333332
StatefullAPIImpl:0.17666666666666667
EditorWidgetTableConstructor:0.17666666666666667
BlockCell:0.17333333333333334
DefaultParamStructConverter:0.17333333333333334
ARINCComboBoxEdit:0.17
PictureAnimatedRenderer:0.16333333333333333
LayerHelper:0.16
PanelRenderer:0.16
ClientWidgetsRefHandler:0.15333333333333332
AbstractClientEngine:0.15
OpenXMLAction:0.13666666666666666
DefaultBufferFormatUtils:0.13333333333333333
ARINCDefinitionVerifier:0.12666666666666668
ARINCDefinitionParser:0.11
XMLMapsDefinitionParser:0.10666666666666667
PicturePanel:0.10333333333333333
TreeEditorScaleHelper:0.09666666666666666
ServerPictures:0.09
ServerXMLMethodAttribute:0.07666666666666666
AbstractARINCEncoder:0.07
PushButton2Renderer:0.056666666666666664
PushButton2:0.05333333333333334
