Strand:0.41
RemoteChannelReceiver:0.3466666666666667
TickerChannelTest:0.25333333333333335
RemoteChannel:0.23333333333333334
ChannelGroup:0.23
PeerTKB:0.2227777777777778
ChannelTest:0.20666666666666667
RemoteActor:0.18666666666666668
RequestReplyHelper:0.12666666666666668
PrimitiveChannelRingBenchmark:0.06333333333333334
RemoteProxyFactory:0.04666666666666667
MailboxConfig:0.043333333333333335
RemoteProxyFactoryService:0.016666666666666666
GalaxyRemoteProxyFactory:0.0025
