LSTMHelpers:0.4533333333333333
LSTM:0.44
GravesLSTM:0.35333333333333333
GravesBidirectionalLSTM:0.3333333333333333
GravesBidirectionalLSTMTest:0.25
