ShareExpirationValueChangedEvent:0.6633333333333333
ShareExpirationWidget:0.3466666666666667
EventHelper:0.27
