CertificateProfile:0.66
AvailableCustomCertificateExtensionsConfiguration:0.48333333333333334
SystemConfigMBean:0.23666666666666666
CustomCertExtensionMBean:0.23666666666666666
X509CA:0.22166666666666668
CertificateExtensionTest:0.19666666666666666
CertProfileBean:0.19333333333333333
X509CATest:0.19
CertificateProfileTest:0.14333333333333334
AvailableCustomCertExtensionsConfigTest:0.13333333333333333
CustomCertExtensionInfo:0.105
