PolicyBasedAuthenticationManager:0.3566666666666667
PolicyBasedAuthenticationManagerTests:0.3233333333333333
CasCoreAuthenticationConfiguration:0.2966666666666667
CoreAuthenticationTestUtils:0.27666666666666667
AbstractAuthenticationManager:0.21666666666666667
PersonDirPrincipalResolverProperties:0.17
RequiredHandlerAuthenticationPolicy:0.15
RegisteredServiceAuthenticationHandlerResolverTests:0.13666666666666666
RegisteredServiceAuthenticationHandlerResolver:0.1
UnresolvedPrincipalException:0.08333333333333333
