IClusterService:0.8674206349206349
ClusterService:0.5116666666666667
ClusterServiceTest:0.31
