AnnotationEditor:0.5533333333333333
AnnotationChangeEvent:0.4533333333333333
FeatureChangeEvent:0.44666666666666666
AnnotationChangeCoalescer:0.20444444444444446
