CoreDao:0.84
ReportModuleImpl:0.4166666666666667
CoreDaoImpl:0.25666666666666665
