MetaCADContext:0.49666666666666665
MetaCADEngine:0.43
FileObj:0.17333333333333334
