ForumActionModuleImpl:0.43666666666666665
DefinitionModuleImpl:0.34
WorkspaceModule:0.2796666666666667
ObjectKeys:0.2603888888888889
WorkspaceModuleImpl:0.22
ConfigureController:0.13333333333333333
