HtmlForm:0.5333333333333333
Form:0.44333333333333336
FormTest:0.42
