Flyway:0.5666666666666667
DbMigrate:0.13833333333333334
DbValidate:0.10666666666666667
DbInit:0.09
DbClean:0.08
DbRepair:0.07666666666666666
