MobileDeviceModule:0.6632222222222223
GwtViewHelper:0.4666666666666667
MobileDeviceModuleImpl:0.36333333333333334
SelfResource:0.35
