HasChildQueryBuilder:0.37333333333333335
IndexService:0.3233333333333333
FilterAggregationBuilder:0.24
ConstantScoreQueryBuilder:0.22583333333333339
BoostingQueryBuilder:0.22583333333333339
NestedQueryBuilder:0.22333333333333338
DisMaxQueryBuilderTests:0.22
DisMaxQueryBuilder:0.21777777777777782
HasParentQueryBuilder:0.21444444444444447
BoolQueryBuilder:0.19666666666666666
