BulkShardProcessor:0.5833333333333334
SymbolBasedBulkShardProcessor:0.4666666666666667
BulkRetryCoordinatorPoolTest:0.315
