ResultProviderFactory:0.7285714285714286
LocalDataCollectTest:0.47
MapSideDataCollectOperation:0.45
MapSideDataCollectOperationTest:0.14666666666666667
