CopyMemberService:0.7113333333333334
CopyMemberDialog:0.48655555555555563
