Methref:0.6533333333333333
MethrefAdvice:0.23
MethrefProxetta:0.10333333333333333
MethrefStringAdvice:0.05564814814814814
MethrefException:0.03333333333333333
