ShadowDefaultRequestDirectorTest:0.4
StyleData:0.3466666666666667
ShadowAssetManagerTest:0.34
StyleResolver:0.2386111111111111
AndroidHttpClientTest:0.16
