Project:0.425
AbstractFTPClass:0.2633333333333333
P4:0.2225
VssJournal:0.22
X10Publisher:0.22
SSCM:0.21916666666666668
AlienBrain:0.20916666666666667
PluginRegistry:0.20916666666666667
CVS:0.19444444444444445
Vss:0.19444444444444445
SocketPublisher:0.18
MKS:0.17583333333333334
BuildStatus:0.16666666666666666
ModificationBuilder:0.13
CruiseControlWithJetty:0.09
