FindModeinBST:0.7
BestTimeToBuyandSellStock2:0.49944444444444436
RansomNote:0.29333333333333333
