Inventory:0.7233333333333334
ResourceTableModel:0.2819047619047619
