ClassLoaderService:0.5633333333333334
ClassLoaderServiceImpl:0.32
AggregatedClassLoader:0.2833333333333333
EntityManagerFactoryBuilderImpl:0.26
BootstrapServiceRegistryBuilder:0.21666666666666667
AvailableSettings:0.04666666666666667
