HashEntryStages:0.766888888888889
KeySearch:0.4766666666666667
