ActionOpen:0.6933333333333334
MultipleChoiceOption:0.43555555555555553
