ClientInterceptors:0.2678888888888889
MetadataUtils:0.25583333333333336
ClientAuthInterceptor:0.25
ClientInterceptorsTest:0.24666666666666667
SingleThreadBlockingQpsBenchmark:0.23826767676767677
AbstractTransportTest:0.21333333333333335
AbstractBenchmark:0.20666666666666667
ForwardingClientCall:0.205
CheckedForwardingClientCall:0.20333333333333334
ClientAuthInterceptorTests:0.14333333333333334
HeaderClientInterceptor:0.07666666666666666
ForwardingListener:0.03
