ClientConfig:0.7366666666666667
HazelcastClientInstanceImpl:0.3566666666666667
ProxyManager:0.2866666666666667
ResponseThread:0.22333333333333333
