IdentifiedObjects:0.5966666666666667
Report:0.37
ParameterNamesReport:0.2966666666666667
AuthorityCodesReport:0.26666666666666666
Reports:0.25
Row:0.11833333333333333
IdentifiedObjectsTest:0.01
