MigrationVersion:0.5
SQLServerSchema:0.21666666666666667
FlywayMediumTest:0.17333333333333334
GoogleCloudSQLMigrationMediumTest:0.14
JtdsSQLServerConcurrentMigrationMediumTest:0.09333333333333334
MsSQLServerConcurrentMigrationMediumTest:0.09333333333333334
H2ConcurrentMigrationMediumTest:0.09333333333333334
HsqlDbConcurrentMigrationMediumTest:0.09333333333333334
JtdsSQLServerCaseSensitiveMigrationMediumTest:0.09333333333333334
JtdsSQLServerMigrationMediumTest:0.09333333333333334
MsSQLServerMigrationMediumTest:0.09333333333333334
MsSQLServerCaseSensitiveMigrationMediumTest:0.09333333333333334
