OneTimeTokenAccountCheckRegistrationAction:0.37333333333333335
GoogleAuthenticatorAuthenticationEventExecutionPlanConfiguration:0.33666666666666667
OneTimeTokenAccountSaveRegistrationAction:0.25555555555555554
GoogleAuthenticatorJpaConfiguration:0.23666666666666666
GoogleAuthenticatorAccount:0.18799999999999997
JpaGoogleAuthenticatorAccountRegistryTests:0.15666666666666668
MongoDbGoogleAuthenticatorAccountRegistryTests:0.15666666666666668
GoogleAuthentiacatorMongoDbConfiguration:0.13333333333333333
