Packet:0.5666666666666667
MulticastService:0.3933333333333333
Node:0.3738888888888889
