UserPropertiesDlg:0.41
GwtTeamingMessages:0.31666666666666665
UserPropertiesRpcResponseData:0.31
GwtViewHelper:0.22955555555555557
NetFoldersInfo:0.185
InvokeManageNetFoldersDlgEvent:0.12333333333333334
HoverHintPopup:0.10333333333333333
