Host:0.58
HostManager:0.33666666666666667
NetworkHostsContainer:0.2833333333333333
ConnectionEngine:0.27
MsgManager:0.26666666666666666
ConnectionObserver:0.22333333333333333
JobsRunner:0.16666666666666666
SendEngine:0.13
