AbstractDbDialect:0.5666666666666667
Db2DbDialect:0.23666666666666666
OracleDbDialect:0.23666666666666666
FirebirdDbDialect:0.2
PostgreSqlDbDialect:0.2
MySqlDbDialect:0.2
H2DbDialect:0.19416666666666665
