Indexer:0.5033333333333333
FileHistoryCache:0.495
PerforceRepositoryTest:0.3944444444444445
