URLConnectionTest:0.53
Http2Connection:0.35333333333333333
HttpOverHttp2Test:0.2866666666666667
StreamAllocation:0.2633333333333333
Http2ConnectionTest:0.25666666666666665
RetryAndFollowUpInterceptor:0.24333333333333335
