DiscoveryNodeBytesMarshallable:0.45
NodeDiscovery:0.38666666666666666
UdpChannelReplicator:0.31
NodeDiscoveryTest:0.13666666666666666
