SmilesViewerforDeterministicGenerator:0.8066666666666666
PluginDialogAction:0.42333333333333334
