ManagedChannelImplTest:0.43333333333333335
ConnectivityStateInfo:0.43
ConnectivityStateManagerTest:0.31333333333333335
InternalSubchannelTest:0.29
RoundRobinLoadBalancerTest:0.235
ConnectivityStateInfoTest:0.12666666666666668
