FlowExecutionImpl:0.44666666666666666
FlowExecutionControlContextImpl:0.38
SubflowState:0.3488888888888889
