Cookie:0.6333333333333333
PublicSuffixDatabase:0.2833333333333333
CookieTest:0.26666666666666666
