JPPFTaskBundle:0.5822222222222222
TestTaskRunner:0.31666666666666665
ConstantTask:0.22
