InternalKeyBinding:0.7800555555555555
InternalKeyBindingDataSessionLocal:0.5533333333333333
InternalKeyBindingMgmtSession:0.5533333333333333
CesecoreConfiguration:0.30333333333333334
InternalKeyBindingData:0.30333333333333334
InternalKeyBindingBase:0.15666666666666668
InternalKeyBindingNameInUseException:0.14666666666666667
OcspKeyBinding:0.12555555555555556
InternalKeyBindingDataSessionBean:0.06333333333333334
InternalKeyBindingMgmtSessionBean:0.056666666666666664
InternalKeyBindingMgmtSessionRemote:0.0
InternalKeyBindingMgmtSessionLocal:0.0
