AlgorithmTools:0.6466666666666666
CmpMessageHelper:0.6166666666666667
CmpTestCase:0.3233333333333333
CrmfRARequestTest:0.21
