ScriptsUtils:0.45
ScriptsAddOrEditDialog:0.3433333333333333
MessageDialogAbstract:0.2833333333333333
VariablesStringDialog:0.14333333333333334
ScriptsNewStepDialog:0.11333333333333333
ScriptsNewPauseDialog:0.09333333333333334
