HopVirtualMachine:0.6933333333333334
CompilerTestSuite:0.5733333333333334
MathTester:0.13
