AdviceWeaver:0.5366666666666666
GaServer:0.3566666666666667
Session:0.35
AgentLauncher:0.18444444444444444
