Util:0.7466666666666667
JFlexXref:0.27666666666666667
UtilTest:0.2733333333333333
Summary:0.20333333333333337
Results:0.2
