TupleInfo:0.7188888888888889
AbstractTestQueries:0.37000000000000005
TestTupleInfo:0.13333333333333333
