IPreferenceConstants:0.416984126984127
UpdateSitesPreferencePage:0.38666666666666666
UpdatesAvailableDialog:0.3233333333333333
ApplicationWorkbenchAdvisor:0.2633333333333333
