ClassGen:0.7366666666666667
CountString:0.39166666666666666
JadxMatchers:0.14333333333333334
