MyNode:0.8702222222222225
FamNode:0.37666666666666665
MyOptions:0.37
