ExchangeClient:0.6566666666666666
ExchangeClientStatus:0.49666666666666665
