OAuthRequest:0.48333333333333334
JDKHttpClient:0.41
NingHttpClient:0.24333333333333335
AhcHttpClient:0.24333333333333335
