AjaxController:0.5
WebKeys:0.4997222222222222
BinderHelper:0.33666666666666667
AccessControlController:0.23666666666666666
Find:0.19
