RecordStore:0.6733333333333333
Record:0.49333333333333335
DefaultRecordStore:0.36
MapService:0.2966666666666667
BaseTest:0.29
MapEvictTask:0.2866666666666667
AbstractRecord:0.2733333333333333
MapInfo:0.24666666666666667
RecordStats:0.18
