SinkWriter:0.6066666666666667
BinaryLog:0.5433333333333333
BinaryLogTest:0.25333333333333335
BinaryLogProvider:0.23333333333333334
BinaryLogProviderTest:0.20166666666666666
Builder:0.19
FactoryImpl:0.14333333333333334
BinaryLogShim:0.09333333333333334
TestBinaryLogClientInterceptor:0.08666666666666667
SinkWriterImpl:0.08333333333333333
ByteArrayMarshaller:0.06666666666666667
TestBinaryLogServerInterceptor:0.015
