Servlet:0.6566666666666666
XSLTOutputter:0.3466666666666667
EventManagerImpl:0.26666666666666666
