TedMainDialog:0.38333333333333336
TedIO:0.27666666666666667
TimedOptionPane:0.25
Message:0.22666666666666666
PopupMessenger:0.18833333333333335
