Fetcher:0.6133333333333333
Indexer:0.37666666666666665
