DataObjectFactory:0.9266666666666666
DataObjectFactoryTest:0.3466666666666667
