ServerCockpitItem:0.6033333333333334
XMLCockpitItem:0.4633333333333333
DisplayZone:0.4633333333333333
CockpitItemDefinition:0.38333333333333336
FreeServerCockpit:0.38
ClientCockpitWidgetDefinition:0.27666666666666667
CockpitItemsPanel:0.2633333333333333
ARINCCockpitItemList:0.25666666666666665
ServerXMLCockpitItemAttr:0.25666666666666665
BufferOfCockpitCommandsConverter:0.25333333333333335
FreeLayerPainter:0.24
PropertiesHandlerClientWnd:0.23666666666666666
FreeCockpitConfigurationHandler:0.21666666666666667
ContainerCockpitItemImpl:0.21333333333333335
FreeWindowManager:0.20333333333333334
ARINCCockpitItemFactory:0.2
FreeWidgetsRefHandler:0.19666666666666666
AbstractCockpitItem:0.19666666666666666
CockpitItemDefaults:0.19666666666666666
LayerSetParser:0.19305555555555554
ServerXMLCockpitItem:0.18872222222222224
ARINCCockpitClientWidgetFactory:0.17866666666666664
ServerFreeCockpitRuntime3Test:0.17
CockpitItemEditorListener:0.16666666666666666
OneofContainerRenderer:0.165
GrowableTable:0.16333333333333333
WindowingDFLoaderListener:0.16333333333333333
ClientWindowingUtilities:0.16
Listener:0.15666666666666668
CockpitPanel:0.14333333333333334
WindowingPlugin:0.13333333333333333
FreeWindowingParamStructConverter:0.11333333333333333
OneofContainer:0.10111111111111112
CockpitConnector:0.06666666666666667
