NodeAwareness:0.7644444444444444
NodeProcessingThreadsBundler:0.6466666666666666
WaitInitialBundleState:0.24333333333333335
NodeProcessingThreadsBundlerProvider:0.08
