MapHorzPanelTest:0.49666666666666665
ServerCockpitMapHorzPanelTest:0.3333333333333333
FullMetaDefinitionActionTest:0.33
ServerBinaryDFHandlerSymbols2Test:0.32666666666666666
ServerCockpitChangeLayoutTest:0.3213888888888889
ServerCockpitMultiLayerTest:0.3213888888888889
ServerCockpit_OverrideTest:0.3213888888888889
ServerCockpitChangeWindow2Test:0.32005555555555554
ServerCockpitMultiAppli5_Test:0.32
LabelRendererTest:0.32
JFXEditorSaveDFTest:0.3077777777777778
ServerCockpitMultiAppli11_Test:0.30666666666666664
ServerCockpitConnectors5Test:0.30666666666666664
ServerBinaryDFHandler_KOTest:0.29650000000000004
ConcreteLayerPainterTest:0.29650000000000004
ServerWrapperTest:0.2951666666666667
RendererOffsetTest:0.2813333333333334
ServerStressTest:0.2753333333333334
ServerCockpitConnectors6Test:0.2753333333333334
ServerStress2Test:0.2753333333333334
ServerWrapperDensityTest:0.2753333333333334
ServerStress3Test:0.2753333333333334
ServerCockpitMultiAppli10_Test:0.2753333333333334
JFXEditorEditDF2Test:0.26666666666666666
ARINCDefinitionParserTest:0.26222222222222225
ARINCDefinitionParser4Test:0.26222222222222225
ServerCockpitNoAutoactivatedAllLayersTest:0.25633333333333336
JFXServerCockpitDefaultLayer3Test:0.25633333333333336
ServerWrapperNetworkTest:0.25633333333333336
ClientXMLSymbolsHandlerTest:0.25333333333333335
LabelRenderer2Test:0.25333333333333335
JFXServerCockpitMultiLayer3Test:0.25333333333333335
ServerCockpit_4Test:0.24883333333333335
ServerCockpitTest:0.24699999999999997
ServerCockpitRuntimeExceptionTest:0.24699999999999997
JFXRendererTest:0.24699999999999997
RendererSymbols_2Test:0.24699999999999997
ServerWrapperGUITest:0.24699999999999997
ServerWrapperOffsetTest:0.23888888888888885
BasicServerEngine5Test:0.22672222222222221
StandAloneServerGUI2Test:0.22672222222222221
ServerCockpit_2Test:0.22672222222222221
ServerAppletTest:0.22672222222222221
ServerCockpit_3Test:0.22672222222222221
BasicServerEngineDensityTest:0.22672222222222221
StandAloneServerGUITest:0.22672222222222221
ServerCockpitConnectors2Test:0.22327777777777774
ServerCockpit_5Test:0.19666666666666666
JFXServerCockpitDefaultLayer2Test:0.19666666666666666
JFXServerCockpitInstanceTest:0.19666666666666666
JFXEditorEditDFTest:0.18666666666666668
JFXServerCockpitConnectors2Test:0.17666666666666664
ServerCockpit_ConstantsTest:0.13666666666666666
