TransportExecutorTest:0.4777777777777778
ColumnPolicyIntegrationTest:0.4166666666666667
SQLTransportIntegrationTest:0.4
