MetadataManager:0.44
TransactionManager:0.39666666666666667
TestAnalyzer:0.3566666666666667
TransactionMetadata:0.26
TestTransactionManager:0.23111111111111116
ConnectorManager:0.16615079365079366
TestAccessControlManager:0.12333333333333334
