treeOLObject:0.7866666666666666
GeneralDocumentCreator:0.31666666666666665
