Extruder:0.9033333333333333
GenericExtruder:0.31666666666666665
LayerProducer:0.30666666666666664
RrPolygon:0.23
Producer:0.22444444444444447
NullExtruder:0.21333333333333335
