CommonEjbcaWS:0.6477777777777778
RevokeCertCommand:0.25888888888888884
RevokeCertBackdatedCommand:0.24888888888888885
