HttpsMonitor:0.29333333333333333
DominoIIOPMonitor:0.20966666666666667
ImapMonitor:0.12333333333333334
CitrixMonitor:0.12333333333333334
SshMonitor:0.12333333333333334
TcpMonitor:0.12333333333333334
HttpMonitor:0.12333333333333334
FtpMonitor:0.12333333333333334
Pop3Monitor:0.12333333333333334
SmtpMonitor:0.12333333333333334
