MapFacadeBean:0.5533333333333333
CutElementsInCollectionAction:0.20333333333333334
PasteElementsInCollectionAction:0.16333333333333333
SellerTest:0.10333333333333333
ConferenceTest:0.09666666666666666
WorkCostOrderedInvoicesTest:0.08
