C3DTreeTableView:0.56
GenericEditableTreeTableCell:0.28
RecursiveTreeObject:0.205
C3DTreeTableRowSkin:0.19566666666666668
C3DTreeTableCellBehavior:0.18444444444444444
User:0.18333333333333332
C3DTreeTableCellSkin:0.06
