Invocation:0.37
Backup:0.36333333333333334
OperationRunnerImpl:0.33666666666666667
ErrorResponse:0.33233333333333337
CallTimeoutResponse:0.31166666666666665
NormalResponse:0.28
ResponseHandler:0.25
SpiDataSerializerHook:0.155
Invocation_DetectHeartbeatTimeoutTest:0.14333333333333334
