FlowArtifactLookupException:0.72
BaseFlowServiceLocator:0.30666666666666664
Transition:0.25
LocalFlowServiceLocator:0.23333333333333334
FlowAction:0.22222222222222224
AbstractFlowBuilderTests:0.14
FlowExecutionImplTests:0.13333333333333333
FlowFacesUtils:0.13
CannotExecuteTransitionException:0.11
