MapPartition:0.4033333333333333
PartitionContainer:0.3933333333333333
MapService:0.33666666666666667
AbstractKeyBasedOperation:0.31666666666666665
PutOperation:0.20666666666666667
MapProxy:0.15666666666666668
LockOperation:0.13
LockResponse:0.12666666666666668
ScheduledOperation:0.12
UnlockOperation:0.08
