Command:0.6766666666666666
CommandData:0.40166666666666667
LinkCorrectorJoblet:0.22
