BuildDetailTest:0.6155555555555555
LatestBuildTest:0.25333333333333335
