RestRankEvalAction:0.7466666666666667
TransportRankEvalAction:0.5972222222222222
