SQLConverter:0.72
Persist2Jet:0.31666666666666665
LoadJet:0.27388888888888885
UcanaccessStatement:0.2733333333333333
DDLCommandEnlist:0.2277777777777778
CreateTableCommand:0.22333333333333333
AbstractExecute:0.19666666666666666
