RdtUiPlugin:0.47333333333333333
RubyBasePreferencePage:0.35333333333333333
TextEditorPreferencePage2:0.34
RubyAbstractEditor:0.23333333333333334
RubyAbstractPreferencePage:0.026111111111111113
