CMap:0.43
PartitionManager:0.38
Request:0.3466666666666667
ClusterLockTest:0.22333333333333333
LostPartitionsAssignmentProcess:0.16333333333333333
Migrator:0.15472222222222223
PrepareRepartitioningTask:0.14666666666666667
SendClusterStateTask:0.14555555555555558
ProcessMigrationResult:0.14
