PbufferTest:0.42333333333333334
FullScreenWindowedTest:0.42333333333333334
HWCursorTest:0.345
