TransactionImpl:0.4
TransactionManagerServiceImpl:0.38
MultiMapTransactionLog:0.2833333333333333
MapTransactionLog:0.24333333333333335
TxnPrepareOperation:0.23666666666666666
DummyTransactionalService:0.17666666666666667
CollectionTransactionLog:0.15944444444444442
SleepyTransactionLog:0.12666666666666668
DummyTransactionalObject:0.09333333333333334
MapTransactionStressTest:0.08333333333333333
TxBackupLog:0.06666666666666667
ProducerThread:0.043333333333333335
EmptyFuture:0.023333333333333334
