XMLMapperBuilder:0.6527777777777777
NestedResultSetHandler:0.44666666666666666
AssociationTest:0.37333333333333335
