OkHttpClientTransport:0.5133333333333333
GrpcUtil:0.4166666666666667
OkHttpChannelBuilder:0.33666666666666667
OkHttpTransportFactory:0.24666666666666667
ClientFrameHandler:0.235
