UriUtil:0.49
URLWizardPanel:0.48
EditWMSQueryPanel:0.4033333333333333
MapLayerPanel:0.24333333333333335
SelectUrlWithAuthPanel:0.18666666666666668
AddWmsLayerWizard:0.17400000000000002
EditWMSQueryPlugIn:0.16111111111111112
