OnmsNode:0.6666666666666666
NodeDaoTest:0.27
ServiceUpdater:0.23333333333333334
NodeRelator:0.21
PathElement:0.14333333333333334
