BaseTest:0.8066666666666666
TestPerformance:0.49333333333333335
TestCompositeGrammars:0.4
