Slider:0.8233333333333334
Settings:0.608
TexturePacker2:0.33666666666666667
