IcalCrawler:0.76
TestIcalCrawler:0.2866666666666667
IcalSubCrawlerTest:0.21017460317460315
