TestManyDisseminations:0.4633333333333333
FedoraAccessServlet:0.37666666666666665
AllCommonSystemTests:0.24361111111111108
TestXMLDOSerializer:0.08666666666666667
MIMETypedStream:0.06666666666666667
