Point:0.5566666666666666
Cluster:0.45
BaseClusteringAlgorithm:0.4066666666666667
PointClassification:0.23666666666666666
