ExceptionSerializationTests:0.53
NotSerializableExceptionWrapper:0.3883333333333333
ESExceptionTests:0.2733333333333333
