QueryCmd:0.5
QueryRetrieveScpService:0.4166666666666667
FileCopyService:0.23
StudyReconciliationService:0.23
QueryCmdTest:0.22
FindScp:0.20666666666666667
WADOSupport:0.19
ORUService:0.13666666666666666
ImageQueryCmd:0.10666666666666667
StudyQueryCmd:0.09666666666666666
SeriesQueryCmd:0.09666666666666666
PatientQueryCmd:0.09666666666666666
VMFMultiCFindRsp:0.06
VMFFindScp:0.03666666666666667
