Color:0.94
XavaSuite:0.25666666666666665
IColor:0.25
ColorsTest:0.19
SearchByViewKeyAction:0.17333333333333334
