JsonPath:0.5133333333333333
ListFilter:0.27666666666666667
JsonPathTest:0.23
JsonAssertTest:0.2
JsonPathFilterChain:0.1761111111111111
JsonAsserterImpl:0.16666666666666666
JsonPathFilterBase:0.07666666666666666
TraverseFilter:0.07666666666666666
PropertyFilter:0.06666666666666667
RootFilter:0.0
