Filler:0.42
RepairProcessor:0.19666666666666666
LoginProcessor:0.18666666666666668
StatisticMgmtService:0.15
StatisticQueryService:0.13666666666666666
BlogProcessor:0.13
TagProcessor:0.10333333333333333
