TopNNode:0.5733333333333334
Rewriter:0.2866666666666667
QueryPlanner:0.26666666666666666
PlanBuilder:0.2111111111111111
Visitor:0.20666666666666667
TestEffectivePredicateExtractor:0.19
SymbolMapper:0.13
PruneTopNColumns:0.11333333333333333
CreatePartialTopN:0.1
MergeLimitWithSort:0.08333333333333333
MergeLimitWithTopN:0.08333333333333333
