JMXBuildAgentUtilityMBean:0.4220674603174603
JMXBuildAgentUtility:0.38
UI:0.3075
LookupServiceUI:0.3
BuildAgentUtility:0.23444444444444443
JMXBuildAgentUtilityTest:0.19
