GUI:0.6166666666666667
ResourcesManager:0.5883333333333334
