JRobinRrdStrategy:0.7283333333333334
StringUtils:0.52
JRobinRrdStrategyTest:0.3466666666666667
