SimpleQueryTests:0.5266666666666666
DocumentMapperParser:0.47333333333333333
TypeParsers:0.41333333333333333
MapperTestUtils:0.16333333333333333
