DbReader:0.4
Fetcher:0.365
DbUpdater:0.27
Injector:0.18333333333333332
FetcherThread:0.16777777777777778
URLUtils:0.02666666666666667
