Actor:0.6233333333333333
Mailbox:0.4766666666666667
ActorRegistry:0.3311111111111111
Pong:0.12444444444444443
