BaseFuture:0.8877777777777779
AbstractListenableActionFuture:0.26666666666666666
