InfoDialog:0.4716666666666667
TypoUnits:0.37666666666666665
I18N:0.305
