Batch:0.8866666666666667
SqlDataWriter:0.48
JdbcSqlTransaction:0.3566666666666667
ISqlTransaction:0.15833333333333333
SqlDataWriterTest:0.13666666666666666
SqlTableDataReaderTest:0.13
