MGLBookPeriod:0.6566666666666666
Doc_Invoice:0.33666666666666667
