DbEntitySql:0.53
GenericDao:0.44
DbEntitySqlTest:0.3233333333333333
LiveDatabaseTest:0.2833333333333333
