Robolectric:0.6333333333333333
ShadowPreference:0.31
PreferenceTest:0.15
ShadowPreferenceGroup:0.14333333333333334
PreferenceCategoryTest:0.09333333333333334
PreferenceGroupTest:0.09
ShadowPreferenceCategory:0.08333333333333333
ShadowPreferenceActivity:0.08
PreferenceActivityTest:0.05333333333333334
