ScriptChunk:0.78
ScriptBuilder:0.36333333333333334
DefaultRiskAnalysis:0.32416666666666666
