Controller2DModel:0.6466666666666666
AbstractController2D:0.4533333333333333
