Schema:0.53
MigrationTestCase:0.29333333333333333
TransactionTemplate:0.28
DB2Schema:0.21333333333333335
SQLServerSchema:0.19333333333333333
DerbySchema:0.17666666666666667
OracleSchema:0.17
PostgreSQLSchema:0.16666666666666666
H2Schema:0.16666666666666666
MySQLSchema:0.16333333333333333
HsqlSchema:0.14666666666666667
DbClean:0.14333333333333334
DbMigrate:0.10333333333333333
DbValidate:0.09333333333333334
DbSchemas:0.09
DbInit:0.09
