Tab:0.66
Chart:0.43333333333333335
Charts:0.3
MyReport:0.2644444444444445
SelectListFormatAction:0.2
InvoiceTest:0.17333333333333334
OnChangeChartColumnBaseAction:0.17
SelectChartTypeAction:0.16666666666666666
RemoveChartColumnAction:0.16
OnChangeChartBaseAction:0.14666666666666667
