Rule:0.7566666666666667
AspectEdge:0.36666666666666664
RuleModel:0.26666666666666666
LabelValue:0.26
AspectElement:0.25703968253968257
