MultiLayerNetwork:0.6133333333333333
LFWDataSetIterator:0.47333333333333333
CifarDataSetIterator:0.31333333333333335
BaseOutputLayer:0.2966666666666667
BaseGraphVertex:0.23666666666666666
Classifier:0.22166666666666668
DataSetIteratorTest:0.20666666666666667
RecordReaderDataSetIterator:0.18333333333333332
ManualTests:0.16666666666666666
RBMTests:0.13666666666666666
LocalUnstructuredDataFormatterTest:0.07666666666666666
MultiLayerTest:0.056666666666666664
MultipleEpochsIteratorTest:0.013333333333333334
