BlogCalendar:0.6466666666666666
AbstractCalendarPlugin:0.41333333333333333
