LwjglPreferences:0.5066666666666667
ShapeRenderer:0.4033333333333333
OpenALAudio:0.3333333333333333
