DBCollection:0.37333333333333335
BasicDBObject:0.36666666666666664
DB:0.36
WriteConcern:0.30333333333333334
DBObjects:0.2833333333333333
Mongo:0.16488888888888892
ReadPreference:0.16166666666666665
Majority:0.07144444444444445
