TransportClient:0.5166666666666667
NetworkModule:0.445
TransportClientIT:0.2633333333333333
ActionModule:0.24666666666666667
TransportProxyClient:0.12
