WebClient:0.68
HtmlForm:0.31666666666666665
HTMLFormElement:0.24166666666666667
HtmlAnchor:0.22333333333333333
Location:0.22333333333333333
