MoleculeFactory:0.5033333333333333
RingSet:0.3466666666666667
SmilesGeneratorTest:0.2733333333333333
FingerprinterTest:0.26
AllRingsFinder:0.22666666666666666
RingSizeComparator:0.043333333333333335
CDKConstants:0.0
