LutModule:0.43666666666666665
ModalityLutModule:0.38666666666666666
DXImageModule:0.32
VoiLutModule:0.16
