DefaultManagement:0.6333333333333333
TestAPIM:0.5666666666666667
