Controller:0.44666666666666666
StrandedZoomableApolloPanel:0.43666666666666665
FindPanel:0.3433333333333333
SiteView:0.2
EditMenu:0.14666666666666667
DrawableTerminalCodon:0.14
LongValidator:0.1
BaseValidator:0.0
