DSL:0.6033333333333334
DSLContext:0.5930555555555557
DefaultDSLContext:0.32666666666666666
