NetFolder:0.59
GwtNetFolderHelper:0.4033333333333333
GwtRole:0.30333333333333334
NetFolderSelectPrincipalsWidget:0.27666666666666667
ModifyNetFolderDlg:0.26666666666666666
