DefinitionService:0.6666666666666666
Variables:0.5833333333333334
DefinitionServiceBean:0.2866666666666667
DefinitionLogic:0.25333333333333335
DefinitionServiceDelegate:0.22
CancelProcessTaskHandler:0.14333333333333334
