MailModule:0.64
MailModuleImpl:0.39666666666666667
AbstractAdminModule:0.38
GwtShareHelper:0.2297777777777778
MiscUtil:0.21333333333333335
MimeSharePreparator:0.18333333333333332
EmailHelper:0.17666666666666667
