AbstractTestQueries:0.6966666666666667
QueryAssertions:0.36833333333333335
Rewriter:0.32666666666666666
AbstractTestQueryFramework:0.24666666666666667
