WebCfgService:0.39666666666666667
StudyListPage:0.32666666666666666
SimpleEditDicomObjectPanel:0.30333333333333334
PatientModel:0.2866666666666667
StudyListBean:0.21333333333333335
WebCfgDelegate:0.21
ElementFragment:0.17333333333333334
