ParsedDocument:0.36666666666666664
DocumentMapper:0.3433333333333333
AllFieldMapper:0.32666666666666666
InternalEngineTests:0.30666666666666664
Builder:0.2866666666666667
IndexingOperation:0.27666666666666667
FilterParseContext:0.26666666666666666
ParseContext:0.23583333333333334
InternalParseContext:0.22333333333333333
HighlighterSearchTests:0.19
DocumentMapperParser:0.17333333333333334
MapperBuilders:0.17333333333333334
HighlighterContext:0.17
PlainHighlighter:0.13666666666666666
SingleDocumentPercolatorIndex:0.11333333333333333
DoubleIndexingDocTest:0.08333333333333333
StoredNumericValuesTest:0.08
