Responder:0.6466666666666666
AddTag:0.30666666666666664
FormResponder:0.28
NewTag:0.2633333333333333
