TriggerRouterService:0.47333333333333333
ParameterConstants:0.4117222222222223
AbstractDatabaseWriter:0.3566666666666667
DataService:0.3466666666666667
FormatUtils:0.33666666666666667
IDataService:0.19416666666666665
StreamGobbler:0.0
