ComboItemListener:0.5
MiniTool:0.36333333333333334
JToogleButtonGroup:0.35
MeasureTool:0.23666666666666666
View2dContainer:0.21583333333333332
MeasureToolBar:0.19666666666666666
