ResponseSpecification:0.6733333333333333
ValidatableResponseOptionsImpl:0.38333333333333336
ValidatableResponseOptions:0.235
CookieITest:0.23333333333333334
RestAssuredMatchers:0.23
