Music:0.46803968253968253
SkeletonTest:0.3466666666666667
AndroidMusic:0.27666666666666667
ModelTest:0.25
FrameBuffer:0.24666666666666667
IOSMusic:0.23666666666666666
OpenALMusic:0.20333333333333334
GwtMusic:0.2
UBJsonReader:0.17333333333333334
GLES10Shader:0.16605555555555554
