EmailPublisher:0.49333333333333335
XMLLogHelper:0.43333333333333335
EmailPublisherTest:0.24333333333333335
EmailMapperHelper:0.23666666666666666
XMLLogHelperTest:0.22
ModificationComparator:0.16333333333333333
CruiseControlItem:0.09
