ReflectionCacheSourceCreator:0.6527777777777777
ResourceData:0.6083333333333333
ParticleEffectLoader:0.3416666666666667
