Formatter:0.5233333333333333
FormatterHtml:0.5166666666666667
FormatterCsv:0.21666666666666667
Fifo:0.03
