DBCollection:0.3855555555555556
MapReduceOutput:0.38333333333333336
MapReduceWithInlineResultsOperation:0.352
