WorkbenchFrame:0.6233333333333333
ShortcutPluginExecuteKeyListener:0.3566666666666667
CombineSelectedFeaturesPlugIn:0.18
ExplodeSelectedFeaturesPlugIn:0.18
