GroupService:0.6766666666666666
PersonServiceImpl:0.19
PersonService:0.13444444444444442
EditGroupFormAction:0.06666666666666667
GroupServiceImpl:0.03333333333333333
EditPersonFormAction:0.013333333333333334
