Vector:0.4422222222222223
Arrays:0.36666666666666664
BitMappedTrie:0.33666666666666667
