AddFileToFilesetAction:0.4533333333333333
UserWithNickname:0.35
UserWithNicknameTest:0.25666666666666665
Attachments:0.15666666666666668
