Node:0.5777777777777777
MemberAttributeConfigReadOnly:0.25333333333333335
MemberAttributeTest:0.21666666666666667
