Slider:0.6466666666666666
OnPositionChangeListener:0.6039047619047619
Spinner:0.48
SliderFragment:0.20111111111111113
