NodeTraversor:0.39
W3CDom:0.38666666666666666
W3CBuilder:0.3566666666666667
W3CDomTest:0.09333333333333334
