RoutingIterationListener:0.7323611111111111
ParameterAveragingTrainingWorker:0.43
StatsListener:0.3283333333333333
NetBroadcastTuple:0.21666666666666667
TestListeners:0.18333333333333332
