NotificationManager:0.44666666666666666
NotifdTest:0.3
MockDatabase:0.22
MockNotificationManager:0.18
NotificationFactory:0.1691111111111111
NotifdConfigManager:0.15666666666666668
MockNotifdConfigManager:0.13333333333333333
MockEventIpcManager:0.13333333333333333
MockNotificationStrategy:0.11666666666666667
