MediaDriver:0.69
LossHandler:0.5966666666666667
RetransmitController:0.44963888888888887
