Layer:0.66
Model:0.44422222222222224
MultiLayerNetwork:0.3433333333333333
DefaultGradient:0.31666666666666665
ComputationGraph:0.30333333333333334
BarnesHutTsne:0.1375
TestComputationGraphNetwork:0.08
MultiLayerTest:0.06666666666666667
