Association:0.6466666666666666
NetworkApplicationEntity:0.36
TransferCapability:0.2833333333333333
DcmSnd:0.26
Device:0.21666666666666667
DcmRcv:0.19333333333333333
FutureDimseRSP:0.1847222222222222
DcmOF:0.17
DcmEcho:0.16
DcmQR:0.14333333333333334
