SerializationBuilder:0.47333333333333333
ChronicleMapBuilder:0.44666666666666666
