UnitManager:0.5233333333333333
AutoFillTextBox:0.42333333333333334
ScenarioConfigEditorFX:0.2833333333333333
SettlementTableView:0.26
