SamlRegisteredServiceServiceProviderMetadataFacade:0.6266666666666667
SamlIdPConfiguration:0.36
AbstractSamlProfileHandlerController:0.26666666666666666
SamlIdPMetadataUIAction:0.16777777777777778
SamlIdPSingleLogoutServiceLogoutUrlBuilder:0.15333333333333332
IdPInitiatedProfileHandlerController:0.14444444444444446
CasCoreLogoutConfiguration:0.14333333333333334
SamlIdPConstants:0.016666666666666666
