LazyNonGenericReceiverType:0.32666666666666666
LazyParameterizedReceiverType:0.2833333333333333
MethodDescription:0.27166666666666667
TransformedMethod:0.19
ForLoadedConstructor:0.18666666666666668
TypeSubstituting:0.18666666666666668
ForLoadedMethod:0.18666666666666668
LazyMethodDescription:0.16333333333333333
