Element:0.8866666666666667
Parser:0.45866666666666667
ElementTest:0.16666666666666666
