ActionHandler:0.6133333333333333
ErrorsOptionPane:0.42333333333333334
