UserExt:0.6477777777777778
UserProcessor:0.36
UserMgmtService:0.3233333333333333
