Converter:0.8116666666666666
BindingInfo:0.45
PropertyAdaptor:0.2633333333333333
DefaultConverter:0.24
ComboboxModelAdapter:0.11
ReadOnlyPropertyAdapter:0.09194444444444444
JListPropertyAdaptor:0.056666666666666664
CollectionToComboboxModelConverter:0.013333333333333334
