CSSStyleDeclaration:0.51
Node:0.49
Screen:0.2975
HTMLElement:0.26666666666666666
HTMLScriptElement:0.25333333333333335
HTMLBodyElement:0.25166666666666665
HTMLOptionElement:0.25
HtmlUnitContextFactory:0.24333333333333335
HtmlScript:0.19666666666666666
RecursiveFunctionObject:0.18
HTMLHeadElement:0.13548412698412698
