IParameterService:0.8607539682539683
ParameterService:0.4277777777777777
NodeManagementService:0.22333333333333333
