HTMLElement:0.5966666666666667
Window3Test:0.43666666666666665
HtmlImage:0.3466666666666667
HTMLImageElementTest:0.3
