Robolectric:0.4855555555555555
ShadowWebView:0.31
WebViewTest:0.2833333333333333
