WebSocketWriterTest:0.6066666666666667
WebSocketWriter:0.5133333333333333
RealWebSocket:0.22666666666666666
FrameSink:0.12333333333333334
