WebClient:0.5266666666666666
HtmlInput:0.2916666666666667
HtmlElement:0.2833333333333333
HtmlPage:0.28
HtmlSelect:0.26
ScriptEngine:0.25666666666666665
WebConnection:0.23
HtmlTextArea:0.23
HtmlForm:0.21666666666666667
HtmlButton:0.21666666666666667
HTMLParser:0.1825
