Music:0.65
AndroidMusic:0.5
IOSMusic:0.2966666666666667
GwtMusic:0.2966666666666667
