DBCollection:0.44
CommandOperationHelper:0.41
DropIndexOperation:0.21066666666666667
DropCollectionOperation:0.21066666666666667
OperationHelper:0.16666666666666666
CollectionAdministrationImpl:0.14666666666666667
