AbstractScript:0.39666666666666667
AbstractWidgetRefHandler:0.3233333333333333
Extension9Test:0.31333333333333335
ClientMessageProcessor:0.31
DefaultEventStructConverter:0.30666666666666664
TCPProtocol:0.27666666666666667
ServerXMLWidgetTest:0.26555555555555554
TCPReceptionThread:0.24493434343434345
MessagePanelFactory:0.24
PropertyPanelFactory4Test:0.24
ReaderEventQueue:0.22166666666666668
WidgetListener:0.21
GroovyScript:0.20944444444444443
BooleanPanel:0.20944444444444443
ApplyScriptAction:0.17666666666666667
ConnectionThread:0.15
CheckMessages:0.04210317460317461
