ArticleSender:0.8
SymphonyServletListener:0.3466666666666667
CommentMgmtService:0.2866666666666667
