FastJsonHttpMessageConverter:0.6683333333333333
FastJsonViewAndJSONPControllerTest:0.3433333333333333
JSONPResponseBodyAdvice:0.26
