AbstractBinderResource:0.41444444444444445
ShareResource:0.4
SelfResource:0.3641666666666667
FileResource:0.25666666666666665
