QueryBuilder:0.5
SearchEngine:0.31333333333333335
Search:0.2966666666666667
AnalyzerGuru:0.2866666666666667
FileAnalyzer:0.12333333333333334
