ContactSearchPresenter:0.6666666666666666
MainController:0.16666666666666666
