NamedResources:0.54
AnalysableElement:0.5166666666666667
SoftNamedResources:0.2733333333333333
AnalysisState:0.2
AnnotationUtil:0.15666666666666668
