CacheableExtractableDataSetFetcher:0.5822222222222222
CacheableDataSet:0.39
SvhnDataFetcher:0.3233333333333333
