PureJDBCTransactionWriter:0.48694444444444446
JdbcChadoAdapter:0.31166666666666665
