TestOptimizers:0.55
SphereFunctionModel:0.27666666666666667
LBFGS:0.2733333333333333
RosenbrockFunctionModel:0.2451111111111111
