InformationMemory:0.6466666666666666
EjbcaWebBean:0.44
RolesManagedBean:0.32666666666666666
SystemConfigMBean:0.27
ComplexAccessControlSession:0.1431825396825397
ComplexAccessControlSessionLocal:0.013333333333333334
