MWLItemModel:0.717
LinkMWLItemListView:0.4033333333333333
ModalityWorklistPanel:0.4
Mpps2MwlLinkPanelM:0.18666666666666668
