PropertyMapping:0.6466666666666666
ModelMapping:0.5066666666666667
MappingParser:0.2833333333333333
