EntityTableModel:0.5883333333333334
Filter:0.23333333333333334
