View:0.6533333333333333
Is:0.37
JasperReportBaseAction:0.25
MetaEditor:0.21777777777777776
Module:0.21666666666666667
InvoiceTest:0.19
AJAXTest:0.11666666666666667
GenerateCustomReportServlet:0.10916666666666666
ViewBaseAction:0.02
