Request:0.38
Response:0.37666666666666665
HttpConnection:0.30333333333333334
TreeBuilder:0.14666666666666667
XmlTreeBuilderTest:0.13666666666666666
