Rewriter:0.5433333333333333
PlanOptimizers:0.29333333333333333
TestUnion:0.20333333333333334
