ESSearchNode:0.61
JobExecutorTest:0.395
TransportExecutorTest:0.36333333333333334
PlanVisitor:0.16
Visitor:0.14333333333333334
