ClientMultiMapProxy:0.58
MultiMapClientRequestTest:0.43666666666666665
MultiMapPortableHook:0.2966666666666667
