UpdateRequest:0.48
UnloadedIndexKeyRecordCursor:0.4666666666666667
IndexLoader:0.22666666666666666
IndexLookupSource:0.17
IndexSnapshotBuilder:0.16666666666666666
UnloadedIndexKeyRecordSet:0.04666666666666667
