StepFactory:0.5972222222222222
MoveRegistersStep:0.5633333333333334
HopSymbolTableWalker:0.29333333333333333
