Todo:0.7566666666666667
TodoList:0.5233333333333333
User:0.3433333333333333
TodoListsManager:0.24166666666666667
AuthenticateAction:0.14
TodoListDAO:0.13
ShowTodoListsAction:0.1
TodoListsDecorator:0.1
ShowTodosAction:0.09
WelcomeAction:0.08666666666666667
UserManager:0.08444444444444445
TodoListsManagerImpl:0.07333333333333333
ManageTodoListsAction:0.05
TodoListDAOHibernate:0.006666666666666667
