Mission:0.5433333333333333
Vehicle:0.42
VehicleMission:0.35333333333333333
Rover:0.33
SettlementConfig:0.30666666666666664
RoverMission:0.25
Exploration:0.24
BiologyStudyFieldMission:0.21666666666666667
AreologyStudyFieldMission:0.21666666666666667
Mining:0.21
RescueSalvageVehicle:0.2
CollectResourcesMission:0.19666666666666666
TradeUtil:0.18666666666666668
