IndexAnalysis:0.635
CoreLibraryMaker:0.2633333333333333
CRFSegDemo:0.14
IndexAnalysisTest:0.13333333333333333
TestError:0.03333333333333333
