StatisticProvider:0.5774206349206349
StatisticsManager:0.5
UptimeStatisticProvider:0.37333333333333335
SimpleStatisticProvider:0.03333333333333333
MessageCountStatistic:0.0
StatisticProviderConstants:0.0
