NutLoading:0.5466666666666666
Segments:0.36666666666666664
NutMessageLoader:0.2833333333333333
