OAuthConstants:0.8566666666666667
OAuth20AccessTokenControllerTests:0.33666666666666667
OAuthCallbackAuthorizeService:0.29444444444444445
AbstractTicketRegistry:0.2733333333333333
OAuthUtils:0.27
LdapServiceRegistryDaoTests:0.21666666666666667
OAuth20AuthorizeControllerTests:0.19
OAuth20ProfileControllerTests:0.15333333333333332
DefaultRegisteredServiceMapper:0.14333333333333334
OAuth20ProfileController:0.14222222222222222
OAuth20AccessTokenController:0.12583333333333332
MongoServiceRegistryDaoCloudTests:0.12
BaseOAuthWrapperController:0.115
JpaServiceRegistryDaoImplTests:0.09333333333333334
OAuth20AuthorizeController:0.08
OAuth20CallbackAuthorizeController:0.04666666666666667
OAuthServletContextListener:0.043333333333333335
