Native:0.62
Platform:0.41
CallbacksTest:0.36333333333333334
Structure:0.36
NativeString:0.32666666666666666
StructureTest:0.23666666666666666
NativeTest:0.21333333333333335
LibraryLoadTest:0.2
NativeLibraryTest:0.19
ArgumentsMarshalTest:0.18333333333333332
ReturnTypesTest:0.17333333333333334
StringArray:0.11
AWT:0.03333333333333333
