Setting:0.68
AnalyzedColumnDefinition:0.3933333333333333
InnerVisitor:0.25666666666666665
FunctionIdent:0.23416666666666666
ByteSizeSetting:0.22333333333333333
IntSetting:0.22333333333333333
UserDefinedFunctionService:0.22166666666666668
TimeSetting:0.21333333333333335
JobExecutionContext:0.20299999999999999
StringSetting:0.2
PlanSymbolVisitor:0.2
LuceneCollectorExpression:0.185
BoolSetting:0.18
AggregationContext:0.13333333333333333
DDLTask:0.12333333333333334
SettingsApplier:0.11333333333333333
SQLPlugin:0.11
AggregationVisitor:0.07
DDLStatementDispatcher:0.05333333333333334
T3:0.0
