TableSorter:0.47
AnnotationEditor:0.37333333333333335
SinglePhaseTransducer:0.2866666666666667
TableMap:0.22
CustomTableModel:0.13
