GroupProperties:0.6666666666666666
GroupProperty:0.5972936507936508
MigrationManager:0.5233333333333333
PartitionCorrectnessTestSupport:0.23333333333333334
