CharSegmentTest:0.525
Nutzs:0.5066666666666667
RPNTest:0.4277777777777778
