DDLConverter:0.48
MySQLDDLConverter:0.2966666666666667
McKoiDDLConverter:0.2966666666666667
OracleDDLConverter:0.21
