Tree:0.5080952380952382
Validation:0.42
AbstractTraversableTest:0.37
AbstractValueTest:0.2866666666666667
EitherLeftProjectionTest:0.2833333333333333
FutureTest:0.2833333333333333
IteratorTest:0.2833333333333333
EitherRightProjectionTest:0.2833333333333333
TreeTest:0.22666666666666666
ValidationTest:0.19666666666666666
