WebSocket:0.4
FramedataImpl1:0.38
Draft:0.3625
Draft_10:0.3088888888888889
Draft_75:0.2988888888888889
