FGLiveProvider:0.36
FlightGearTreeReader:0.30666666666666664
FGVariable:0.2866666666666667
FGProtocolHandler:0.20666666666666667
FGNode:0.13444444444444442
NodeImpl:0.13333333333333333
FGDataType:0.11055555555555555
FlightGearTree:0.04666666666666667
