HttpResponse:0.2633333333333333
Net:0.17333333333333334
IOSNet:0.16666666666666666
AndroidNet:0.16666666666666666
HttpRequest:0.15333333333333332
GwtNet:0.12333333333333334
LwjglNet:0.12333333333333334
HttpResponseListener:0.013333333333333334
