MasterDetailTest:0.5875
IdentityGeneratedKeysTest:0.3433333333333333
ConnectionManagementTestCase:0.26666666666666666
