RecoveryTarget:0.5633333333333334
RecoverySourceHandler:0.4066666666666667
RecoverySource:0.27
RecoveriesCollectionTests:0.24666666666666667
RecoveryTargetHandler:0.22166666666666668
ReplicationGroup:0.21333333333333335
RecoverySourceHandlerTests:0.19833333333333333
RelocationIT:0.19666666666666666
RecoveriesCollection:0.17444444444444446
OngoingRecoveries:0.17333333333333334
BlockingTarget:0.17
ESIndexLevelReplicationTestCase:0.13666666666666666
RecoveryStatusTests:0.11666666666666667
RecoveryTargetService:0.0811111111111111
RemoteRecoveryTargetHandler:0.08
SharedFSRecoverySourceHandler:0.01
Actions:0.0
WaitForClusterStateRequestHandler:0.0
