Guesser:0.7033333333333334
StubbedTheoryAnchor:0.23333333333333334
