SimpleBMechReader:0.7333333333333333
SimpleBDefReader:0.3433333333333333
