Robolectric:0.6033333333333334
ShadowCookieSyncManager:0.38666666666666666
TestDialogFragment:0.36
Setup:0.25333333333333335
CookieSyncManagerTest:0.24666666666666667
