IsoMetadataBean:0.7933333333333333
GUIAction:0.3233333333333333
