DocumentTest:0.5155555555555555
NodeTest:0.37666666666666665
Document2Test:0.30333333333333334
