Item:0.58
MoreLikeThisQueryBuilder:0.5133333333333333
MultiMatchQueryBuilder:0.31333333333333335
MoreLikeThisQueryBuilderTests:0.24333333333333335
