DefaultGraph:0.773888888888889
InversableElementMap:0.4483333333333333
