QueuedExecution:0.47333333333333333
SqlQueryManager:0.29333333333333333
ResourceGroupManager:0.23666666666666666
SqlQueryQueueManager:0.22333333333333333
QueryQueueManager:0.1317222222222222
