JEditTextArea:0.20243482
JEditBuffer:0.18038008
DisplayManager:0.1540527
ChunkCache:0.14218661
TextAreaPainter:0.13526459
EmacsUtil:0.08652946
Registers:0.081097394
Buffer:0.06785253
InputMethodSupport:0.064639285
HyperSearchRequest:0.05594845
Abbrevs:0.0554542
ScrollLineCount:0.053786527
SelectionLengthWidgetFactory:0.050705567
TextAreaTransferHandler:0.041063916
BeanShell:0.040618084
SelectLineRange:0.038018532
MarkerViewer:0.028163241
SearchBar:0.027057294
StyleEditor:0.027033867
PasteFromListDialog:0.025701048
MarkersProvider:0.024480682
ErrorsWidgetFactory:0.024284568
InputHandler:0.02017471
BeanShellFacade:0.019471528
ElasticTabstopsTabExpander:0.019221032
PositionChanging:0.0118380925
StringTransferableService:0.011744011
PasteSpecialDialog:0.0087075895
OverwriteWidgetFactory:0.006200238
ScrollListener:0.0061302423
JEditTransferableService:0.006109658
TransferHandler:0.0031539304
