SecurityConfig:0.4266666666666667
ReactiveUserDetailsServiceAuthenticationManagerTests:0.38333333333333336
ServerHttpSecurityConfigurationBuilder:0.2866666666666667
Config:0.14933333333333335
HelloWebfluxFnSecurityConfig:0.10666666666666667
HelloWebfluxSecurityConfig:0.10666666666666667
MultiSecurityHttpConfig:0.10444444444444444
