RubyCompletionProcessor:0.42
RubyCompletionProposal:0.3566666666666667
RubyScriptCompletion:0.25
RubyAbstractEditor:0.24666666666666667
AbstractRubyCompletionProposal:0.15666666666666668
BrowserInformationControl:0.12666666666666668
ProposalInfo:0.06333333333333334
AbstractReusableInformationControlCreator:0.03
IInformationControlExtension4:0.0011111111111111111
