EmailHelper:0.57
AbstractAdminModule:0.37
DefaultEmailFormatter:0.26694444444444443
WorkflowProcessUtils:0.25222222222222224
TypeToFindAjaxController:0.13666666666666666
