Discovery:0.52
VintageTestEngineDiscoveryTests:0.5066666666666667
Filter:0.43333333333333335
FilterCompositionTests:0.25666666666666665
DiscoveryRequestCreatorTests:0.19666666666666666
DiscoveryFilterApplier:0.13
IncludeClassNameFilter:0.052388888888888895
