SpoolDirService:0.6816666666666666
MediaCreationRequestEmulatorService:0.42333333333333334
StoreScpService:0.3
