MappingNode:0.49666666666666665
CommonTest:0.4766666666666667
BaseTest:0.36333333333333334
