EnsemblDbDialog:0.6333333333333333
SyntenyMenu:0.5766666666666667
