ClientWiredStatelessChronicleMap:0.6166666666666667
ClientWiredStatelessChronicleEntrySet:0.29944444444444446
