OutgoingBatch:0.9166666666666666
OutgoingBatchMapper:0.31666666666666665
RouterService:0.265
OutgoingBatchService:0.25
