UsernamePasswordAuthenticationToken:0.6533333333333333
UsernamePasswordAuthenticationTokenTests:0.5133333333333333
