DrawableFeatureSet:0.5866666666666667
ApolloPanel:0.44666666666666666
GAMEAdapter:0.32
StrandedZoomableApolloPanel:0.2733333333333333
DetailInfo:0.26
