Builder:0.34
LSTMParamInitializer:0.29777777777777775
KerasLstm:0.28
KerasSimpleRnn:0.25333333333333335
KerasRnnUtils:0.20299999999999999
SimpleRnnParamInitializer:0.19111111111111112
GravesLSTMParamInitializer:0.14333333333333334
BaseRecurrentLayer:0.13333333333333333
