PlannerTest:0.5433333333333333
ProjectionBuilder:0.22666666666666666
LeafVisitor:0.15444444444444444
Context:0.12333333333333334
InputCreatingVisitor:0.09
