PartitionManager:0.5566666666666666
MigrationRequestTask:0.43
Migrator:0.3011111111111111
MContainsKey:0.26
