BroadcasterConfig:0.41333333333333333
DefaultBroadcaster:0.41
Entry:0.31666666666666665
SimpleBroadcaster:0.20333333333333337
AbstractBroadcasterProxy:0.1927222222222222
GAEDefaultBroadcaster:0.17666666666666667
JavascriptClientFilter:0.10333333333333333
