AggregatorBuilder:0.6372222222222222
ScriptedMetricAggregatorBuilder:0.5766666666666667
