ContainerImpl:0.48333333333333334
Context:0.365
ExternalContext:0.3433333333333333
NegativeOne:0.10838095238095237
Zero:0.10838095238095237
One:0.10838095238095237
A:0.1
FactoryTest:0.07333333333333333
