DeltaProcessor:0.7266666666666667
RubyModelOperation:0.5533333333333333
