ResourceStreamProvider:0.7266666666666667
Server:0.5033333333333333
HsqlProperties:0.2733333333333333
Select:0.225
ScaledRAFileInJar:0.20666666666666667
ScriptReaderBinary:0.15
ScriptReaderText:0.14666666666666667
ScriptReaderZipped:0.13333333333333333
