CreateIndexRequest:0.62
MetaDataCreateIndexService:0.25666666666666665
CreateIndexRequestBuilder:0.22
TransportCreateIndexAction:0.19333333333333333
CreateIndexClusterStateUpdateRequest:0.13333333333333333
MetaDataIndexAliasesService:0.08333333333333333
IndexAliasesTests:0.06666666666666667
