GaStringUtils:0.49
Progress:0.4464166666666665
GreysAnatomyClassFileTransformer:0.31
ProfilerCommand:0.20333333333333334
