FlowDefinitionRegistry:0.8221031746031746
FlowDefinitionRegistryImpl:0.46644444444444444
FlowDefinitionRegistryImplTests:0.42
