BytesRefUtils:0.6033333333333334
ResultSetReceiver:0.2833333333333333
NodeThreadPoolsExpression:0.16
NodeStatsArrayTypeExpression:0.15
TablesSettingsWriteExpression:0.13
