RedissonBucket:0.39666666666666667
RObjectAsync:0.3175
RObject:0.3175
RedissonObject:0.2966666666666667
