EntryMenuPanel:0.5333333333333333
DataTableFolderViewBase:0.36666666666666664
PersonalWorkspacesView:0.30333333333333334
CalendarFolderView:0.3
FolderViewBase:0.2916666666666667
