RubySourceViewerConfiguration:0.41
RubyEditor:0.4
RubyCompletionProcessor:0.2791666666666667
RubyDocumentProvider:0.16333333333333333
RubyEditorActionContributor:0.04666666666666667
RubyContentAssistPreference:0.043333333333333335
RubyColorConstants:0.03305555555555555
