SearchItem:0.65
Search:0.4744444444444444
SingularRecord:0.4033333333333333
Record:0.3703333333333333
DummyRecord:0.07666666666666666
Edge2SingularRecord:0.07333333333333333
MultipleRecord:0.07
ValueNodeRecord:0.06666666666666667
NodeTypeSingularRecord:0.06333333333333334
NegatedSearchRecord:0.06
BasicRecord:0.056666666666666664
RegExprEdgeSingularRecord:0.05333333333333334
OperatorEdgeRecord:0.05
ConditionRecord:0.02
InjectionRecord:0.016666666666666666
