SceneObjectInterface:0.5439999999999999
SceneObjectAbstract:0.37333333333333335
DisplayAbstract:0.31666666666666665
SphereLongLatMesh:0.25333333333333335
MyGLEventListener:0.25333333333333335
SphereIcosahedronMesh:0.17666666666666667
SceneGroup:0.15666666666666668
SphereLongLatSolid:0.15
SphereIcosahedronSolid:0.15
SphereTextured:0.14666666666666667
