RedissonListMultimapTest:0.19666666666666666
RedissonSetMultimapTest:0.19666666666666666
RedissonMultimap:0.19
RMultimapAsync:0.18416666666666667
RMultimap:0.18416666666666667
