UserManager:0.6133333333333333
UserFactory:0.49
MockUserManager:0.4066666666666667
