SessionStatistic:0.6966666666666667
RoleChangeCollector:0.20333333333333334
ParticipantCollector:0.15
AbstractStatisticCollector:0.14666666666666667
