Security:0.6066666666666667
Bootstrap:0.44
Natives:0.3058333333333333
SecurityTests:0.06666666666666667
