GwtRpcService:0.553888888888889
TaskHelper:0.4033333333333333
GwtTaskHelper:0.37333333333333335
GwtRpcServiceAsync:0.35
GwtRpcServiceImpl:0.2733333333333333
TaskInfo:0.15333333333333332
TaskListing:0.14777777777777779
