ExpressionUtils:0.42
MethodExpressionAfterInvocationProvider:0.25666666666666665
SecurityExpressionRoot:0.24333333333333335
SecurityEvaluationContext:0.21333333333333335
SecurityExpressionHandler:0.16333333333333333
MethodExpressionVoter:0.13
ExpressionAnnotationMethodDefinitionSource:0.11666666666666667
DefaultSecurityExpressionHandler:0.06666666666666667
PreInvocationExpressionAttribute:0.05333333333333334
MethodInvocationSecurityExpressionRoot:0.023333333333333334
PostInvocationExpressionAttribute:0.02
DenyAllPermissionEvaluator:0.0
