JFXListView:0.5588333333333334
SliderDemo:0.37
JFXTimePickerContent:0.36
ValidatorBase:0.24666666666666667
