TransportInputStream:0.43333333333333335
HttpServletTransportInputStream:0.27666666666666667
HttpServletTransportInputStreamTest:0.24
HttpUrlConnectionTransportInputStream:0.10333333333333333
StubTransportInputStream:0.10333333333333333
JmsTransportInputStream:0.10333333333333333
