Buffer:0.55
LineContext:0.43
TokenMarker:0.42
RESearchMatcher:0.2277777777777778
HelpViewer:0.22666666666666666
OffsetManager:0.22
TextAreaPainter:0.21333333333333335
