ClientConfiguration:0.6033333333333334
ServerConfiguration:0.35
ProtocolNegotiators:0.23333333333333334
GrpcSslContexts:0.22333333333333333
Utils:0.20666666666666667
AsyncClient:0.18438888888888888
OpenLoopClient:0.17
AsyncServer:0.14444444444444446
