BeanWrapperFieldSetMapper:0.8733333333333333
BeanWrapperFieldSetMapperTests:0.16666666666666666
