SpringXmlConfigBuilder:0.5866666666666667
TestClientApplicationContext:0.3433333333333333
SpringXmlBuilder:0.2866666666666667
TestFullApplicationContext:0.23333333333333334
