ProblemReporter:0.5901666666666667
Compiler:0.5033333333333333
CompilerBase:0.43
