WebClient:0.68
HtmlForm:0.2966666666666667
Location:0.23
HtmlAnchor:0.22333333333333333
HTMLFormElement:0.22166666666666668
