Lwjgl3Application:0.5822222222222222
Lwjgl3Controller:0.55
Lwjgl3ControllerManager:0.49444444444444446
