DirectPosition:0.4766666666666667
GridCoverageProcessor:0.41338888888888886
OperationNotFoundException:0.38333333333333336
