Handler:0.7585714285714286
FooClient:0.7516666666666667
TestFancyClientBuilder:0.4666666666666667
FancyClientBuilder:0.30333333333333334
