Security:0.6933333333333334
GceComputeServiceImpl:0.49
BootstrapInfo:0.35111111111111115
