SequencerAgent:0.74
ConsensusModule:0.4866666666666667
SequencerAgentTest:0.26666666666666666
