Transaction:0.6033333333333334
Peer:0.37666666666666665
NetworkConnection:0.3754523809523809
PeerGroupTest:0.30666666666666664
ChainSplitTests:0.2866666666666667
PeerGroup:0.2733333333333333
Wallet:0.24
MockNetworkConnection:0.23333333333333334
TCPNetworkConnection:0.155
InventoryMessage:0.10666666666666667
