OutputPrinter:0.7283333333333334
TestCsvPrinter:0.43666666666666665
OutputHandler:0.37666666666666665
AlignedTuplePrinter:0.32
TestAlignedTuplePrinter:0.22333333333333333
CsvPrinter:0.08
