NodeInfoMaker:0.39666666666666667
NyuWormRnai:0.28833333333333333
DatabaseList:0.25333333333333335
Sticks:0.24666666666666667
NbrowseDatabase:0.22333333333333333
NodeInfoView:0.21833333333333332
NodeInfoJdbc:0.2
WindowExit:0.16666666666666666
LinkUrl:0.06333333333333334
NodeInfoObs:0.03922222222222223
NBrowseFrame:0.01361111111111111
