MockMvcRequestSpecification:0.5930555555555557
MockMvcRequestSpecificationImpl:0.4772222222222222
MockMvcRequestSenderImpl:0.3933333333333333
