TypeLocator:0.45088888888888884
ExecutingTransformer:0.4116666666666667
MethodHandle:0.39
AgentBuilderDefaultTest:0.31666666666666665
ClassFileVersion:0.30333333333333334
