GridFSBucketImpl:0.4866666666666667
GridFSFile:0.38333333333333336
GridFSFindIterableImpl:0.335
GridFSUploadStreamImpl:0.24666666666666667
GridFSIndexCheckImpl:0.07666666666666666
