SimplePolishTokenFilterTests:0.5411111111111111
SimplePhoneticAnalysisTests:0.29111111111111115
SimpleSmartChineseAnalysisTests:0.17
PolishAnalysisTests:0.17
