VFSPermissionEditor:0.7066666666666667
FilterContentEditor:0.41777777777777775
