RubyCompletionProcessor:0.43666666666666665
RdtUiImages:0.31159523809523804
PreferenceConstants:0.2980952380952381
RubyTemplateAccess:0.22333333333333333
RubySourceViewerInformationControl:0.20944444444444446
RubyFileContextType:0.1
RubyTemplateInformationControlCreator:0.06333333333333334
RubyTemplateVariableTextHover:0.023055555555555555
RubyContext:0.016666666666666666
RubyTemplateProposal:0.006666666666666667
RubyTemplatePreferencePage:0.0044444444444444444
RubyVariableResolver:0.0
