AbstractSamlProfileHandlerController:0.5266666666666666
SamlIdPUtils:0.5166666666666667
SamlProfileSamlAssertionBuilder:0.09666666666666666
SamlProfileSamlResponseBuilder:0.043333333333333335
