Py:0.7366666666666667
PySystemState:0.49666666666666665
