JVMHandler:0.61
RequestQueueManager:0.44333333333333336
DefaultJVMHandler:0.32666666666666666
DefaultVariablesWatcher:0.2966666666666667
