Yolo2OutputLayer:0.5933333333333334
TestYolo2OutputLayer:0.36
DetectedObject:0.30333333333333334
YoloGradientCheckTests:0.08
