AbstractDAVServlet:0.6766666666666666
PropFindResponse:0.6
WebDAVFilter:0.17777777777777778
