Configuration:0.8083333333333333
CncFileDescriptor:0.5666666666666667
DirectPublicationTest:0.18
AeronStat:0.17666666666666667
