IndexMetaData:0.42333333333333334
ElasticsearchIntegrationTest:0.31666666666666665
NodeEnvironment:0.24
GatewayMetaState:0.21666666666666667
GatewayShardsState:0.21
IndicesStore:0.19305555555555554
FsTranslog:0.18666666666666668
IndexStore:0.16753968253968254
Gateway:0.16666666666666666
AbstractIndexStore:0.16
ShardActiveResponseHandler:0.13666666666666666
MetaDataCreateIndexService:0.07666666666666666
NodeEnvironmentTests:0.07333333333333333
RemoveDanglingIndex:0.06
