FolderColumnsConfigDlg:0.43666666666666665
GwtTeamingMessages:0.38388888888888884
GwtTeamingMainMenuImageBundle:0.23666666666666666
DoMoveDown:0.10258730158730157
DoMoveUp:0.10258730158730157
DlgLabel:0.07666666666666666
