Utils:0.59
ECKey:0.54
Transaction:0.4633333333333333
ECKeyTest:0.3
FullBlockTestGenerator:0.17333333333333337
FullPrunedBlockChainTest:0.16
ECDSASignature:0.01
