OsgiServiceProxyFactoryBean:0.5466666666666666
OsgiServiceUtils:0.45666666666666667
