CMLWriter:0.7482777777777778
Convention:0.44527777777777783
