Utils:0.38666666666666666
RequestBuilder:0.3233333333333333
RestAdapter:0.25333333333333335
GsonConverter:0.23666666666666666
UtilsTest:0.21666666666666667
RestHandler:0.13544444444444442
