BlojsomUtils:0.5966666666666667
BlogEntry:0.5666666666666667
