Default:0.4633333333333333
LazyTypeDescription:0.41
TypeContainment:0.3233333333333333
AbstractTypeDescriptionTest:0.27666666666666667
TypeWriterDefaultTest:0.21
RedefinitionClassVisitor:0.20166666666666666
TypePoolDefaultLazyObjectPropertiesTest:0.17666666666666667
TypeExtractor:0.16666666666666666
OriginCustomAdvice:0.11333333333333333
WithinType:0.03333333333333333
WithinMethod:0.02
InnerClassValidator:0.0
