DB:0.7708333333333334
DBTest:0.35
QueryOpBuilder:0.31666666666666665
