PIRecord:0.44
AbstractStatisticsViewControllerResultData:0.33
AbstractStatisticsViewController:0.2702777777777778
ResultIHasDurationDataMatrix:0.2633333333333333
PIRecordCountAggregation:0.2
TechnicalInformationViewControllerResultData:0.19
AbstractStatisticsViewControllerConfiguration:0.16
GroupAnalysisViewController:0.13111111111111112
RefererAnalysisViewController:0.13111111111111112
TechnicalInformationViewController:0.10666666666666667
TimeAnalysisViewController:0.06333333333333334
OverViewController:0.06
DurationSplitter:0.013333333333333334
