JdbcJobDao:0.5566666666666666
AbstractJobDaoTests:0.30666666666666664
ScheduledJobIdentifier:0.235
DefaultJobIdentifier:0.21666666666666667
MapJobDao:0.19666666666666666
SimpleJobRepository:0.19166666666666668
ParameterType:0.18
JobParameterCallbackHandler:0.006666666666666667
