Block:0.7733333333333333
ArrayBlockBuilder:0.37333333333333335
ArrayBlock:0.35944444444444446
BlockBuilder:0.24333333333333335
DictionaryBlock:0.23115079365079366
AbstractVariableWidthBlock:0.16166666666666665
AbstractInterleavedBlock:0.13583333333333333
AbstractFixedWidthBlock:0.13583333333333333
AbstractArrayElementBlock:0.13583333333333333
