ClusterModuleTests:0.6666666666666666
ClusterModule:0.4138888888888889
ClusterPlugin:0.19666666666666666
