UnitManager:0.65
MainScene:0.38333333333333336
TabPanelCareer:0.31333333333333335
TabPanelStructure:0.19444444444444445
