CMap:0.5666666666666667
Node:0.4666666666666667
