Context:0.6333333333333333
ActionKey:0.3933333333333333
ContextProvider:0.3027420634920635
ViewContainer:0.23
TableView:0.22
EditView:0.2
PropertyBean:0.18333333333333332
