Geonet:0.5011111111111112
SpatialIndexWriter:0.31333333333333335
Transaction:0.27666666666666667
SearchManager:0.245
GetDomain:0.21666666666666667
AbstractOperation:0.18666666666666668
Spatial:0.18333333333333332
Harvest:0.13
SpatialFilter:0.11333333333333333
Params:0.07
OgcGenericFilters:0.0033333333333333335
