SegmentStages:0.5166666666666667
UpdateLock:0.36
Chaining:0.3
VanillaChronicleMap:0.27666666666666667
