OutgoingBatchService:0.4633333333333333
IncomingBatchService:0.3283333333333333
AbstractService:0.2733333333333333
IncomingBatchServiceSqlMap:0.17111111111111113
