Batch:0.5333333333333333
DefaultTokeniser:0.30666666666666664
DefaultGazetteer:0.3
