ActionSequenceTest:0.4266666666666667
ScenarioExperiment:0.37
UnitTest:0.22333333333333333
FireMachineGunsTest:0.14333333333333334
RunGame:0.13333333333333333
MapCanvasPrototype:0.1
