Network:0.55
DefaultEventQueue:0.43
BasicServerEngine:0.38333333333333336
BlockingEventQueue:0.16333333333333333
