ServerStream:0.71
NettyServerHandler:0.39666666666666667
ServerImplTest:0.26
InProcessTest:0.24
NettyServerHandlerTest:0.22
MockServerTransportListener:0.12666666666666668
ServerTransportListenerImpl:0.1
NettyServerStream:0.08333333333333333
EchoServerListener:0.08
AbstractServerStreamBase:0.04666666666666667
