Article:0.47560317460317453
ArticleQueryService:0.44
ArticleProcessor:0.3233333333333333
CommentQueryService:0.26666666666666666
