HTMLElement:0.5533333333333333
CSSStyleDeclaration:0.55
CSSStyleDeclarationTest:0.28
HTMLElementTest:0.25
ComputedCSSStyleDeclaration:0.23333333333333334
ComputedCSSStyleDeclarationTest:0.2
HTMLHtmlElementTest:0.08666666666666667
HTMLHtmlElement:0.08666666666666667
HTMLBodyElement:0.06821428571428571
