JournalEntry:0.6433333333333333
JournalHelper:0.37666666666666665
MultiFileJournalHelper:0.31333333333333335
ConsumerJournalEntry:0.2633333333333333
JournalCreator:0.22
JournalReader:0.20666666666666667
JournalOutputFile:0.20333333333333334
Journaller:0.19333333333333333
MultiFileJournalWriter:0.14333333333333334
JournalConsumerThread:0.11
CreatorJournalEntry:0.07666666666666666
RenamingJournalRecoveryLog:0.0044444444444444444
JournalTempFile:0.0025
