NodeIO:0.5866666666666667
SocketChannelClient:0.5024444444444445
JPPFNode:0.4483333333333333
