IMap:0.7605555555555557
QueryEntry:0.41
ClientMapTest:0.3
EntListener:0.2733333333333333
