Matcher:0.5633333333333334
WebExpressionConfigAttribute:0.34
AntPathRequestMatcher:0.30333333333333334
WebExpressionVoterTests:0.17666666666666667
AuthorizeRequestsTests:0.12666666666666668
SubpathMatcher:0.07666666666666666
SpringAntMatcher:0.06
ExpressionBasedFilterInvocationSecurityMetadataSource:0.056666666666666664
AntPathMatcherEvaluationContextPostProcessor:0.04416666666666667
