FiltersPage:0.5033333333333333
BiomartView:0.35
Activator:0.3116666666666666
BiomartQueryEditor:0.26
