ReflectiveAtInjectBinding:0.32466666666666666
InjectProcessor:0.27
CyclicModule:0.25333333333333335
FullGraphProcessor:0.25
ProvidesProcessor:0.2
SingletonBinding:0.18333333333333332
LazyBinding:0.15333333333333332
ReflectivePlugin:0.13666666666666666
ModuleValidationException:0.10290079365079365
InjectionTest:0.08333333333333333
