DefaultFileSystemStore:0.6133333333333333
DefaultArchiveSystemStore:0.4633333333333333
GenericSystemStore:0.34
