Corpus:0.7366666666666667
MainCorpus:0.38333333333333336
Subcorpus:0.25083333333333335
Repartition:0.24555555555555553
Cooccurrence:0.18333333333333332
DeleteObject:0.17
CooccurrencesEditor:0.13
CreatePartition:0.12666666666666668
CreateSubCorpus:0.12333333333333334
OpenEdition:0.1
