Network:0.6433333333333333
TCPProtocol:0.49666666666666665
Channel:0.3688888888888889
NetworkTest:0.21333333333333335
NetworkTCPTest:0.06
