BinderHelper:0.59
WorkspaceTreeController:0.43333333333333335
WebKeys:0.32255555555555554
WidgetTestController:0.13333333333333333
