ClientEngine:0.7433333333333333
ClientMessageDecoder:0.41333333333333333
ClientEngineImpl:0.3333333333333333
MemberChannelInitializer:0.24666666666666667
MockedNodeConnection:0.20055555555555554
ClientMessageSplitAndBuildTest:0.18333333333333332
ClientChannelInitializer:0.16
