AnalysisAdapter:0.4866666666666667
GeneFinderParser:0.33
EnsCGISequence:0.29
RpMaskerParser:0.27
AbstractParser:0.20666666666666667
SRSSequence:0.1741111111111111
