Text:0.27
Edition:0.23666666666666666
Workspace:0.19666666666666666
SuperBase:0.15333333333333332
Base:0.12666666666666668
Page:0.08333333333333333
Project:0.04
Corpus:0.03
TxmObject:0.013333333333333334
