JavaScriptJob:0.5733333333333334
XMLHttpRequest2Test:0.42333333333333334
JavaScriptExecutor:0.38666666666666666
