LocalLoadingCache:0.6677777777777778
PaddedAtomicTest:0.47361111111111115
