LocationData:0.49333333333333335
UnitData:0.38
ReportLabourPanel:0.3566666666666667
GoodsType:0.24666666666666667
LabourData:0.15
