CheckBox:0.4666666666666667
RadioButton:0.44
CheckableDrawable:0.42333333333333334
CheckedTextView:0.4066666666666667
OnCheckedChangeListener:0.35333333333333333
SavedState:0.16
CircularProgressDrawable:0.12
Samples:0.09333333333333334
