Connection:0.6433333333333333
HTML:0.5666666666666667
ConnectionsPage:0.31333333333333335
WebManagementManager:0.12777777777777777
