ScriptExecutionManagerTests:0.3433333333333333
ScriptExecutionManager:0.33
ScriptExecutionCondition:0.30333333333333334
DisabledIfTests:0.27
ScriptExecutionConditionTests:0.17333333333333334
