BufferspaceRunner:0.38
GenericProcessLauncher:0.2683333333333333
NodeProcessLauncher:0.16666666666666666
ManyNodes:0.10333333333333333
DriverProcessLauncher:0.02666666666666667
