TestHiveIntegrationSmokeTest:0.4166666666666667
TestCassandraIntegrationSmokeTest:0.29333333333333333
TestMongoIntegrationSmokeTest:0.26666666666666666
AbstractTestIntegrationSmokeTest:0.19333333333333333
TestRedisIntegrationSmokeTest:0.17333333333333334
TestKafkaIntegrationSmokeTest:0.14666666666666667
