MetadataTools:0.5666666666666667
PropertyAuditingData:0.4766666666666667
AuditedPropertiesReader:0.3933333333333333
AuditMetadataGenerator:0.3233333333333333
ComponentAuditedPropertiesReader:0.14666666666666667
