SessionFactoryOptions:0.39
CoreMessageLogger:0.37
SessionImpl:0.3333333333333333
SessionFactoryOptionsBuilder:0.2866666666666667
AbstractDelegatingSessionFactoryOptions:0.2733333333333333
HQLQueryPlan:0.21888888888888886
QueryTranslatorImpl:0.21
QueryTranslator:0.16916666666666666
AvailableSettings:0.053888888888888896
