Bc_biojavaPlugin:0.5866666666666667
Bc_cdkPlugin:0.36333333333333334
