CodeGenerator:0.5166666666666667
JavaParseData:0.38666666666666666
PreprocessorClient:0.33976190476190476
CodeGeneratorTemplate:0.30666666666666664
GeneratedCodeViewer:0.3
