MWLFindScpService:0.5833333333333334
MultiCFindRsp:0.5666666666666667
MWLQueryCmd:0.53
MWLFindScp:0.12
