Persist:0.44666666666666666
VacuumdConfigFactory:0.3680952380952381
MockDatabase:0.27666666666666667
VacuumdTest:0.2633333333333333
EventconfFactoryTest:0.22666666666666666
EventExpander:0.21
AlarmWriter:0.17
EventdTest:0.16577777777777777
