TaskTable:0.443734126984127
UIData:0.44
TaskFilter:0.31333333333333335
GwtMainPage:0.27666666666666667
TaskListItemHelper:0.18666666666666668
