FormalTypes:0.7766666666666666
Worker:0.4905555555555555
CHECKCAST:0.29
