AMenu:0.5566666666666666
lpprintserver:0.39
LPDCommands:0.23666666666666666
PrintHandler:0.18
