EwafURI:0.9133333333333333
JUTestFederation:0.06333333333333334
