Planner:0.4633333333333333
StatementAnalyzer:0.39
SelectStatementAnalyzer:0.38
PlannerTest:0.19333333333333333
