ObjectNode:0.49222222222222217
ServicesFrame:0.37
Constants:0.3028333333333333
RelateToServiceAction:0.26
ConnectLinksFrame:0.11333333333333333
