DriverConductor:0.58
Context:0.49666666666666665
ClientProxy:0.44666666666666666
DriverConductorTest:0.32
DirectPublicationTest:0.22333333333333333
