HTTPHeader:0.4066666666666667
HTTPHeaders:0.38333333333333336
HTTPRequest:0.30333333333333334
HTTPResponse:0.2733333333333333
HTTPProcessor:0.25666666666666665
