PyString:0.38333333333333336
PyFloat:0.32
PyLong:0.294
PyInteger:0.294
PyInstance:0.29
PyClass:0.22333333333333333
