StatementGeneratorTest:0.5766666666666667
ObjectiveCHeaderGeneratorTest:0.4077777777777778
ObjectiveCHeaderGenerator:0.3333333333333333
NameTableTest:0.27
