InsertFromValuesAnalyzerTest:0.5166666666666667
Builder:0.39
InsertFromValuesAnalyzer:0.30333333333333334
TestMetaDataModule:0.26571428571428574
InsertIntoIntegrationTest:0.19666666666666666
