AspectEdge:0.42
AspectNode:0.37
GraphTab:0.2866666666666667
TypeGraph:0.28
Operator:0.27666666666666667
Expression:0.27666666666666667
LevelMap:0.25666666666666665
AspectGraph:0.25333333333333335
AspectJVertex:0.22333333333333333
Algebras:0.22
RuleModel:0.21
ResourceDisplay:0.19666666666666666
HostModel:0.18333333333333332
TextTab:0.17
StateTab:0.16666666666666666
Assignment:0.043333333333333335
