AbstractStep:0.5366666666666666
SimpleJob:0.31833333333333336
AbstractStepTests:0.21666666666666667
