CopyStatementAnalyzer:0.38666666666666666
CopyIntegrationTest:0.3566666666666667
CopyAnalyzerTest:0.35333333333333333
