AbstractPrincipalAttributesRepository:0.49333333333333335
CachingPrincipalAttributesRepository:0.3933333333333333
ServiceData:0.31333333333333335
JsonServiceRegistryDaoTests:0.26666666666666666
TestUtils:0.25833333333333336
RegisteredServiceEditBean:0.22444444444444447
AttributeReleasePolicyTests:0.11333333333333333
CachingPrincipalAttributesRepositoryTests:0.08333333333333333
