StoredScriptSource:0.44333333333333336
Builder:0.41
ScriptTests:0.18666666666666668
