FileSystemMgt2Bean:0.6427777777777778
CompressionService:0.558888888888889
