JPPFNode:0.49666666666666665
TestProcess:0.4766666666666667
ProcessConfig:0.30333333333333334
AutoTunedBundler:0.25666666666666665
BooleanOption:0.20333333333333334
