PropertyPlace:0.643611111111111
PropertyPlaceTest:0.04666666666666667
