ErrorManager:0.6733333333333333
CollectSymbols:0.5
SymbolChecks:0.30666666666666664
DFA1:0.16444444444444445
