ApplicationRegistrator:0.5383333333333333
AdminProperties:0.45527777777777784
ApplicationRegistratorTest:0.27
