BinaryFieldMapper:0.38
GeoPointFieldMapper:0.3566666666666667
ParseContext:0.305
BooleanFieldMapper:0.2833333333333333
GeoShapeFieldMapper:0.22333333333333333
