GwtShareItemMember:0.5733333333333334
ShareThisDlg:0.4705555555555555
GwtShareHelper:0.4
