GwtSearchCriteria:0.5733333333333334
DefaultProfileCoreProcessor:0.31833333333333336
FindCtrl:0.31
SelectPrincipalsWidget:0.2866666666666667
ModifyNetFolderDlg:0.25333333333333335
GwtSearchHelper:0.18666666666666668
