DB:0.5555555555555555
StringRangeSet:0.48688888888888887
StringRangeSetTest:0.3333333333333333
