ParserFile:0.3616666666666667
ListenerFile:0.24333333333333335
LexerFile:0.24333333333333335
