Peer:0.8483333333333334
PrintPeers:0.21333333333333335
