MultiMapConfig:0.39666666666666667
TopicConfig:0.39
XmlConfigBuilder:0.38333333333333336
QueueConfig:0.32666666666666666
ExecutorConfig:0.29333333333333333
ManagementCenterService:0.25916666666666666
