MailUtil:0.8266666666666667
MailUtilTest:0.32666666666666666
