PluginsDependencyTest:0.545
MapsExtensionsDependencyTest:0.4533333333333333
LibrariesDependencyTest:0.27666666666666667
