DemoService:0.6881666666666666
User:0.4666666666666667
GenericServiceTest:0.24666666666666667
UnserializableBoxDemoServiceImpl:0.23666666666666666
DemoServiceImpl_LongWaiting:0.23666666666666666
GenericFilter:0.18333333333333332
DemoServiceImpl:0.15
