UploadManager:0.6233333333333333
OpenFileAction:0.22666666666666666
ViewBitziTicketAction:0.22666666666666666
BanHostAction:0.16
RemoveCandidateAction:0.16
DownloadSelectionChangeHandler:0.11666666666666667
DownloadSelectionHandler:0.11666666666666667
