AbstractEvictableRecordStore:0.6066666666666667
EvictionHelper:0.5333333333333333
EvictionTest:0.31333333333333335
