BiAdAdapterSwitcher:0.6666666666666666
AdmobAdapter:0.42333333333333334
admobdfpadapter:0.38
TestAdvancedAdmobActivity:0.23
