RealWebSocket:0.7166666666666667
MockWebServer:0.5833333333333334
RealWebSocketTest:0.33
