DomNode:0.6633333333333333
SimpleRange:0.4066666666666667
SiblingListIterator:0.2636111111111111
SiblingDomNodeList:0.24
DomNodeTest:0.23
