GTS:0.51
Generator:0.3433333333333333
PTransition:0.23333333333333334
BoundedNestedDFSStrategy:0.21666666666666667
TreeHashStateSet:0.17666666666666667
PGTS:0.03666666666666667
