LirsPolicy:0.7966666666666666
Registry:0.7855555555555556
