Horn:0.42
PhiBall:0.275
Tree:0.275
Arrange:0.275
Hydra:0.275
BlockColor:0.20233333333333334
BlockScale:0.20233333333333334
