ApolloPanel:0.5033333333333333
SiteView:0.4483333333333333
FeatureView:0.35333333333333333
StrandedZoomableApolloPanel:0.28
ScaleView:0.2117063492063492
SelectViewI:0.20055555555555554
ScrollableTierView:0.19
