QueueListener:0.4852380952380953
SubmissionManagerClient:0.3566666666666667
JPPFPriorityQueue:0.35333333333333333
JPPFQueue:0.32059523809523804
AbstractJPPFQueue:0.2733333333333333
QueueEvent:0.25
BundleIterator:0.24333333333333335
