BaseJdbcClient:0.45666666666666667
JdbcOutputTableHandle:0.43333333333333335
JdbcSplit:0.4166666666666667
TestJdbcOutputTableHandle:0.16333333333333333
TestJdbcSplit:0.14
