ActionInfo:0.44333333333333336
NutDao:0.4166666666666667
Loadings:0.38
AbstractNutConfig:0.29
TempFileInjector:0.25
NutLoading:0.18333333333333332
NutFilter:0.18244444444444444
EjectByGetter:0.14
FastClassFactory:0.1323888888888889
