TaskInfo:0.5433333333333333
SharedBuffer:0.45666666666666667
HttpRemoteTask:0.23666666666666666
TaskOutput:0.23
TestSharedBuffer:0.21666666666666667
QueryInfo:0.21416666666666667
HttpQueryClient:0.15666666666666668
