SurrogateWebflowConfigurer:0.56
SurrogateAuthenticationConfiguration:0.4033333333333333
SurrogateInitialAuthenticationAction:0.38333333333333336
SurrogateWebflowEventResolver:0.27666666666666667
