MessageImpl:0.44666666666666666
ClusteredMessage:0.37666666666666665
FakeEventBusMetrics:0.3433333333333333
HandlerMetric:0.31666666666666665
