FlowExecutionHolder:0.5866666666666667
FlowPhaseListener:0.33
FlowExecutionHolderUtils:0.3233333333333333
FlowNavigationHandler:0.22666666666666666
