ZooKeeperAgentModel:0.49666666666666665
AgentConfig:0.4266666666666667
AgentParser:0.16333333333333333
JobHistoryTest:0.16333333333333333
AgentService:0.15833333333333333
OldJobReaper:0.15
