DbSddFixture:0.6612777777777777
DbInsertFixture:0.37166666666666665
