AnnotationSetImpl:0.5666666666666667
VerboseHashMap:0.3044444444444444
DelayedListener:0.22333333333333333
DeleteSelectedAnnotationsAction:0.18
AnnotationSetIterator:0.17722222222222223
