IllegalStateException_MangoFormal:0.6586666666666667
String_MangoFormal:0.54
Invocation:0.3233333333333333
WorkerControl:0.2633333333333333
CoreRuleBaseWindowFactory:0.25666666666666665
