MetaData:0.49333333333333335
Builder:0.44
IndexNameExpressionResolver:0.23
AckTests:0.20333333333333334
IndexAliasesTests:0.20333333333333334
ClusterStateDiffTests:0.18666666666666668
IndicesClusterStateService:0.18666666666666668
MetaDataCreateIndexService:0.14
MetaDataIndexAliasesService:0.09
AllocateDangledRequestHandler:0.09
AliasesBenchmark:0.010833333333333334
