TestButton:0.5233333333333333
Factory:0.52
FormWithIcon:0.15694444444444444
FormWithNoIcon:0.15694444444444444
