GraphicalEditorContributor:0.37
DesignerGraphicalEditorPart:0.2966666666666667
CopyAction:0.26
ProcessEditorBase:0.26
DiagramEditorPage:0.24333333333333335
MethodTag:0.21166666666666667
CopyBuffer:0.20266666666666666
PasteAction:0.19666666666666666
EditorContextMenuProvider:0.18333333333333332
ApplicationActionBarAdvisor:0.12
DiagramActionBarContributor:0.11333333333333333
CopyGraphCommand:0.09333333333333334
