EndToEndViewScene:0.35
TopologyViewScene:0.33666666666666667
GoogleMapsMapProvider:0.26
AbstractScene:0.21333333333333335
