AttributeMap:0.5633333333333334
AnnotatedAction:0.45666666666666667
Event:0.4
SharedMap:0.3272804232804233
StringKeyedMapAdapter:0.29
MapAdaptable:0.27051984126984113
ParameterMap:0.24666666666666667
XmlFlowBuilder:0.24
AbstractAttributeMap:0.22666666666666666
ActionMethodResolver:0.22512698412698418
SharedMapDecorator:0.21333333333333335
MapAccessor:0.19333333333333333
FlowArtifactParameters:0.17666666666666667
FlowExecutionControlContextImpl:0.17333333333333334
MultiAction:0.17
CollectionUtils:0.16333333333333333
AttributeCollection:0.16333333333333333
AbstractFlowBuilder:0.16
BeanInvokingActionTests:0.15
XmlFlowBuilderTests:0.14666666666666667
DefaultFlowAttributeMapperTests:0.13666666666666666
AbstractBeanInvokingAction:0.12333333333333334
StatefulActionProxyTests:0.12
FormActionBindingTests:0.09333333333333334
DefaultActionMethodResolver:0.08
SharedAttributeMap:0.006666666666666667
UnmodifiableAttributeMap:0.0033333333333333335
MockParameterMap:0.0
