FieldDescriptor:0.5366666666666666
ExecutionService:0.52
FilterCriteria:0.4866666666666667
DBSource:0.48
BatchPresentation:0.3566666666666667
ExecutionServiceDelegateLocalImpl:0.31333333333333335
ExecutionServiceDelegateRemoteImpl:0.31333333333333335
JbpmExecutionServiceBean:0.30333333333333334
ClassPresentation:0.2966666666666667
PrepertyTDBuilder:0.25
JbpmDefinitionLogic:0.24666666666666667
BatchPresentationHibernateCompiler:0.23
DefaultDBSource:0.23
FilterCriteriaFactory:0.23
DefinitionServiceDelegateGetDeclaredVariablesNamesTest:0.21666666666666667
DateFilterCriteria:0.2
IntegerFilterCriteria:0.19
JbpmExecutionLogic:0.18333333333333332
TableViewSetupFormTag:0.18
StringFilterCriteria:0.17166666666666666
AnywhereStringFilterCriteria:0.17166666666666666
ShowSystemLogFormTag:0.16333333333333333
ExecutionServiceDelegate:0.1608730158730159
Messages:0.15533333333333335
WFProfileStrategy:0.1375
ProcessDefinitionClassPresentation:0.09666666666666666
TaskClassPresentation:0.08333333333333333
WFClassPresentationFinder:0.08333333333333333
AFClassPresentationFinder:0.08333333333333333
RelationGroupClassPresentation:0.07666666666666666
ExecutorClassPresentation:0.07666666666666666
ProcessInstanceClassPresentation:0.07666666666666666
SystemLogTDBuilder:0.07333333333333333
RelationClassPresentation:0.07
EnumerationFilterCriteria:0.043333333333333335
StringEnumerationFilterTDFormatter:0.041666666666666664
SystemLogTypeHelper:0.016666666666666666
SubstringDBSource:0.011666666666666667
SystemLogsClassPresentation:0.010833333333333334
SystemLogTypeTDBuilder:0.006666666666666667
SystemLogTypeFilterCriteria:0.0033333333333333335
