CDKAtomTypeMatcher:0.5172222222222222
CDKAtomTypeMatcherTest:0.3566666666666667
