PersistenceManager:0.6833333333333333
SubjectDAO:0.3433333333333333
FindSubjectsHandler:0.2633333333333333
AddSubjectHandler:0.21333333333333335
EMPIPersistenceManagerTest:0.16
