MyEntryProcessor:0.35
AbstractMultipleEntryOperation:0.3466666666666667
AbstractMultipleEntryBackupOperation:0.2658333333333333
PartitionWideEntryWithPredicateOperation:0.19666666666666666
MultipleEntryOperation:0.18666666666666668
PartitionWideEntryOperation:0.18666666666666668
