RubyRefactoring:0.4
Resources:0.38333333333333336
Messages:0.27666666666666667
DynamicValidationStateChange:0.23
RenameResourceChange:0.13666666666666666
RenameRefactoring:0.13666666666666666
RenameClassRefactoring:0.13
RDTChange:0.07333333333333333
FileNameChangeProvider:0.05305555555555556
WorkspaceTracker:0.023333333333333334
RenameClassFileNameChangeProvider:0.01
IRubyStatusConstants:0.0
