CqiClient:0.5066666666666667
Concordance:0.43666666666666665
ConcordancesEditor:0.29333333333333333
CqiServer:0.27666666666666667
CqiErrorParser:0.08666666666666667
CqiErrorSyntaxError:0.056666666666666664
