DocumentFormat:0.7694444444444445
HtmlDocumentHandler:0.48388888888888887
