TaskInfoButton:0.6433333333333333
FeedViewer:0.5955555555555555
TaskPanel:0.4
