HttpRequest:0.4066666666666667
JsonParser:0.4
JsonSerializer:0.37333333333333335
Result:0.26666666666666666
AlphaAction:0.25666666666666665
JSONDeserializerTest:0.24333333333333335
KeepAliveTest:0.23
JsonValueContextTest:0.2
JSONSerializationTest:0.18666666666666668
