TestSpecLexer:0.42
TestSpecParser:0.4
TestContext:0.23333333333333334
TestMethodTest:0.21666666666666667
DFA18:0.20133333333333334
