JCPMultiPageEditor:0.7166666666666667
UndoableAction:0.5366666666666666
TestOperation:0.28
CleanupAction:0.21
