XMLHttpRequest:0.6072222222222223
XMLHttpRequestTest:0.4633333333333333
