ptrEditor:0.6866666666666666
MakumbaTestData:0.6144444444444445
