Messages:0.7033809523809526
HostLeftAloneInSessionHandler:0.3466666666666667
PreferenceConstants:0.0
