TransportDeleteAction:0.4583333333333333
TransportIndexAction:0.37133333333333335
IndexingAction:0.3333333333333333
