TodoListsManagerImpl:0.3933333333333333
TodoListsDwrImpl:0.34
UserManagerImpl:0.20666666666666667
ShowTodoListsAction:0.14666666666666667
TodoListsManager:0.13805555555555554
UserManager:0.013333333333333334
TodoListsDwr:0.013333333333333334
