InternalAggregationTestCase:0.4633333333333333
InternalRangeTests:0.3
InternalBinaryRangeTests:0.19333333333333333
InternalGeoDistanceTests:0.14666666666666667
InternalDateRangeTests:0.14666666666666667
InternalRangeTestCase:0.11333333333333333
AggregationsTests:0.11
InternalMultiBucketAggregationTestCase:0.016666666666666666
