CColor:0.5566666666666666
Drawing:0.4511111111111111
SimpleDrawing:0.37
DefaultFigureFactory:0.36
DrawingInspector:0.28305555555555556
XmlCColorConverter:0.10838095238095237
CustomBinding:0.1
CssCColorConverter:0.06666666666666667
CColorStyleableFigureKey:0.043333333333333335
