AbstractCDKManagerPluginTest:0.46
CDKManagerTest:0.39
MockMolecule:0.2783333333333333
JavaScriptCDKManagerPluginTest:0.21666666666666667
JavaCDKManagerPluginTest:0.21666666666666667
