GeneBean:0.8133333333333334
ArticleBean:0.34
NullSequenceBean:0.2733333333333333
PubDatabaseReferenceBean:0.2733333333333333
NullHitBean:0.24666666666666667
PubSourceBean:0.22
LocusBean:0.22
NullGeneBean:0.21666666666666667
BasicBean:0.215
SequenceBean:0.20916666666666667
PhenotypeBean:0.18416666666666667
GermplasmBean:0.18416666666666667
PubSourceAliasBean:0.18416666666666667
AlleleBean:0.18416666666666667
GeneBeanImpl:0.15583333333333332
HitBeanFactory:0.13333333333333333
PubBeanI:0.11666666666666667
