TagsBackingBean:0.51
FreelancerDAOHibernateImpl:0.4533333333333333
FreelancerServiceImpl:0.26
FreelancerDAO:0.18416666666666667
FreelancerService:0.18416666666666667
