NeuralNetworkScene:0.5166666666666667
NeuronWidget:0.3233333333333333
NeuralLayerWidget:0.25333333333333335
KeyboardMoveAction:0.21666666666666667
NeuronConnectionWidget:0.21666666666666667
LayerSelectProvider:0.09555555555555556
ConnectionSelectionProvider:0.07333333333333333
NeuronSelectProvider:0.07333333333333333
Selectable:0.04666666666666667
