ShadowTelephonyManager:0.5183333333333333
WifiManagerTest:0.37
TelephonyManagerTest:0.2833333333333333
ShadowWifiManager:0.25333333333333335
