Request:0.5433333333333333
RequestBuilderBase:0.43666666666666665
RequestBuilder:0.3333333333333333
Param:0.2833333333333333
BoundRequestBuilder:0.19833333333333333
RequestBuilderTest:0.15
NettyChannelConnector:0.14333333333333334
Protocol:0.14
NonAsciiContentLengthTest:0.13
NettyRequestFactory:0.12
