CORBAAdapter:0.5866666666666667
Test:0.33
AdapterTest:0.23666666666666666
AdapterRegistry:0.23666666666666666
FrameworkTests:0.21666666666666667
GeneBuilder:0.20750000000000002
