DbHsqldbTestCase:0.653611111111111
ThreefishTest:0.5933333333333334
