AddMetadataAction:0.8866666666666667
EditMetadataAction:0.20644444444444446
