TypeGraphRep:0.6216666666666667
ModelHandler:0.5488888888888889
Transform:0.30333333333333334
