FailedEngineListener:0.6854603174603175
IndexShard:0.51
Engine:0.43666666666666665
InternalEngine:0.31333333333333335
IndexingMemoryController:0.20666666666666667
ShardAndBytesUsed:0.19333333333333333
ShardsIndicesStatusChecker:0.18333333333333332
EngineMergeScheduler:0.13333333333333333
ShardEngineFailListener:0.034166666666666665
SearchFactory:0.0033333333333333335
