MethodDescription:0.6133333333333333
MethodList:0.57
FieldList:0.57
WithFlexibleName:0.5533333333333333
ParameterList:0.5433333333333333
TypeList:0.47
Token:0.43
Default:0.4166666666666667
TokenTransformer:0.40552380952380945
Unloaded:0.395
InstrumentedType:0.38972222222222225
TypeDescription:0.36333333333333334
ForLoadedType:0.35333333333333333
Appender:0.3233333333333333
Generic:0.32
Simple:0.31
Latent:0.2733333333333333
Prepareable:0.27051984126984113
OfNonGenericType:0.25
OfGenericArray:0.24
ForPackageDescription:0.23333333333333334
ForLoadedMethod:0.23
Builder:0.22333333333333333
OfWildcardType:0.22333333333333333
ArrayProjection:0.22333333333333333
ForLoadedConstructor:0.22333333333333333
Empty:0.22
TransformedMethod:0.21666666666666667
ValidatingClassVisitor:0.21666666666666667
AccessBridgeWrapper:0.21333333333333335
MethodGraphCompilerDefaultTest:0.20333333333333334
OfTypeVariable:0.20333333333333334
OfParameterizedType:0.19666666666666666
AbstractAnnotationDescriptionTest:0.19666666666666666
MethodCallProxy:0.19333333333333333
ForInlining:0.19333333333333333
MethodCall:0.18666666666666668
TypeInitializerDelegate:0.18666666666666668
InstrumentedTypeTest:0.18
AbstractDynamicTypeBuilderTest:0.17666666666666667
ValidatingMethodVisitor:0.17333333333333334
FramePreservingRemapper:0.16777777777777778
ValidatingFieldVisitor:0.16444444444444445
LazyProjection:0.155
MethodPool:0.15
TypeWriterFieldPoolRecordTest:0.15
Loaded:0.147
ForTypes:0.13666666666666666
TypeSubstituting:0.12333333333333334
Explicit:0.12
SignatureToken:0.11333333333333333
ForCreation:0.11333333333333333
RedefinitionClassVisitor:0.11333333333333333
ForLoadedTypes:0.10333333333333333
PreparedMethod:0.10333333333333333
PreparedField:0.10333333333333333
FieldRegistryDefaultTest:0.10333333333333333
FieldRegistryCompiledNoOpTest:0.0925
Substitutor:0.08666666666666667
ForTokens:0.08
MethodTransformerSimpleTest:0.07666666666666666
ForSignatureVisitor:0.04444444444444444
ForDefinedMethod:0.0375
InGenericShape:0.03666666666666667
ForLoadedFields:0.03
AbstractBase:0.029166666666666667
