StarterTest:0.3933333333333333
LauncherTest:0.36333333333333334
ClasspathHandlerTest:0.2966666666666667
MyStarter:0.29333333333333333
BareCommand:0.23666666666666666
MyLauncher:0.21566666666666667
