InternetSearch:0.28135803
SimplePlugin:0.09571845
