XULPanel:0.6797222222222223
BSHScriptPanel:0.5414444444444444
