TestQueries:0.57
DistributedExecutionPlanner:0.5366666666666666
SqlQueryWorker:0.23666666666666666
AbstractSqlBenchmark:0.22
