CassandraRecordSink:0.41333333333333333
TestCassandraConnector:0.38666666666666666
ShardPredicate:0.37666666666666665
KafkaLoadingSession:0.16
RedisLoadingSession:0.16
