ISarosSession:0.6566666666666666
SarosSession:0.5866666666666667
NullSarosSession:0.2866666666666667
SarosSessionStub:0.2866666666666667
ConsistencyWatchdogServer:0.24666666666666667
ConsistencyWatchdogHandler:0.20666666666666667
