Dbms:0.5733333333333334
ApacheDBCPool:0.43
Harvester:0.4066666666666667
ResourceManager:0.4
DataManager:0.39
Path:0.38777777777777783
File:0.3677777777777778
Search:0.35
AbstractDbmsPool:0.32
AbstractParams:0.29
Geonetwork:0.2733333333333333
HarvesterHistoryDao:0.23333333333333334
ResourceProvider:0.22337301587301586
JeevesEngine:0.22333333333333333
ArcSDEHarvester:0.22
Geonet20Harvester:0.21
HarvestManager:0.21
Z3950ConfigResult:0.2063968253968254
WfsFeaturesHarvester:0.20333333333333334
XmlResolver:0.18333333333333332
LocalFilesystemHarvester:0.18333333333333332
AbstractHarvester:0.18
ThreddsHarvester:0.17666666666666667
Z3950Harvester:0.17666666666666667
OaiPmhHarvester:0.17666666666666667
GeonetHarvester:0.17666666666666667
OgcWxSHarvester:0.17666666666666667
WebDavHarvester:0.17666666666666667
CswHarvester:0.17666666666666667
Z3950Config:0.17333333333333334
Z3950ConfigHarvester:0.16666666666666666
Repositories:0.13666666666666666
CreateClone:0.11805555555555557
History:0.11166666666666666
JNDIPool:0.06666666666666667
Z3950ConfigParams:0.06333333333333334
Get:0.03
HistoryDelete:0.016666666666666666
