SarosSWTBot:0.6005555555555555
STFController:0.43333333333333335
StartupSaros:0.33666666666666667
