PermissionConfig:0.7933333333333333
HttpPostCommandProcessor:0.3507777777777778
DynamicSecurityConfig:0.32
DefaultNodeExtension:0.2866666666666667
UpdatePermissionConfigOperation:0.16666666666666666
