Codec:0.6189444444444444
RedisCommand:0.4766666666666667
RedisDecoder:0.2833333333333333
RedisStrictCommand:0.24
StringCodec:0.07
IntegerCodec:0.07
RedisCommands:0.06333333333333334
RedisEncoder:0.05333333333333334
