EngineConfig:0.4266666666666667
IndexShard:0.38333333333333336
Engine:0.3233333333333333
InternalEngine:0.25
InternalEngineTests:0.23
IndexingMemoryController:0.22377777777777774
ShadowEngineTests:0.21666666666666667
EngineMergeScheduler:0.09333333333333334
