Exceptions:0.5
FiberUtil:0.4533333333333333
FiberTest:0.2733333333333333
