GeoPointFieldMapper:0.41
FilterBuilders:0.4066666666666667
GeoHashUtils:0.4033333333333333
Defaults:0.19666666666666666
GeoBoundingBoxFilterBuilder:0.19666666666666666
GeoBoundingBoxFilterParser:0.19077777777777777
Builder:0.18333333333333332
IndicesQueriesModule:0.16
TypeParser:0.10333333333333333
GeoFilterTests:0.04
