HomeWSView:0.37666666666666665
ShowHomeWSEvent:0.31666666666666665
GwtTeamingMessages:0.31333333333333335
EventHelper:0.2866666666666667
ContentControl:0.22
