BshDatabaseWriterFilter:0.5066666666666667
LoadFilterService:0.44333333333333336
DataLoaderService:0.40555555555555556
