MarsProjectFX:0.6466666666666666
PhysicalCondition:0.6216666666666667
MarsProjectStarter:0.12
