EntryAdapter:0.45666666666666667
ClientEngineImpl:0.43333333333333335
QueryTest:0.35333333333333333
ListenerTest:0.3333333333333333
ClientIOExecutorPoolSizeLowTest:0.32
TcpIpConnectionManager:0.2866666666666667
EvictionTest:0.2633333333333333
ClientMultiMapTest:0.26
ClientPacketProcessor:0.25666666666666665
MapTransactionTest:0.23666666666666666
AllTest:0.23666666666666666
TestMapStore:0.23583333333333334
MapStoreTest:0.22
MockSimpleClient:0.21
MultiMapTest:0.2
MockConnection:0.19
ClientMapTest:0.19
AddEntryListenerRequest:0.16666666666666666
NoDuplicateMapStore:0.13666666666666666
ClientEntryListenerDisconnectTest:0.1
QueryListenerTest:0.08666666666666667
SimpleMapLoader:0.05333333333333334
IncrementorEntryProcessor:0.03333333333333333
MapStoreWithStoreCount:0.03333333333333333
ConnectionListenerImpl:0.02666666666666667
ProcessingStore:0.0025
BasicMapStoreFactory:0.0
