Resupply:0.5066666666666667
BuildingManager:0.47333333333333333
LocalAreaUtil:0.27
TransportWizard:0.24333333333333335
KeyboardDetection:0.22666666666666666
DeliverTask:0.16444444444444445
DeliverOthersTask:0.15444444444444444
MouseDetection:0.15
AnimationListener:0.13666666666666666
