CommonUtils:0.8166666666666667
AbstractGenerator:0.5333333333333333
DoctrineUtils:0.4592619047619047
PhpUtils:0.14333333333333334
