MinMasterNodesSysCheck:0.5466666666666666
EvaluatingNormalizerTest:0.39666666666666667
MetaDataModule:0.18666666666666668
SysChecksTest:0.175
SingleRowSource:0.13333333333333333
TestGlobalSysExpressions:0.013333333333333334
