ChronicleHash:0.5599444444444444
ChronicleMapBuilder:0.42
VanillaChronicleHash:0.41333333333333333
SetFromMap:0.35
ReplicationCheckingMap:0.32
VanillaChronicleMap:0.15
