RobolectricProcessorTest:0.44666666666666666
RoboCookieManager:0.36
Strftime:0.20666666666666667
RealObjectValidator:0.14333333333333334
ShadowScanResult:0.14333333333333334
ShadowDateIntervalFormat:0.14333333333333334
