FeatureView:0.43333333333333335
CollapsedFeatureTierManager:0.35333333333333333
FeatureTierManager:0.33666666666666667
ScrollableTierView:0.12
