PDSClient:0.43666666666666665
PIXManagerClient:0.43666666666666665
XCPDGatewayClient:0.3414285714285714
