Actor:0.8733333333333333
Table:0.42333333333333334
ScissorStack:0.2833333333333333
