CMLCoreModule:0.5566666666666666
CDKConvention:0.19666666666666666
PDBConvention:0.19
MDLMolConvention:0.19
PMPConvention:0.19
