CarbonylEliminationReaction:0.7038888888888889
CarbonylEleminationReactionTest:0.4166666666666667
