EmailPublisher:0.7966666666666666
EmailPublisherTest:0.39666666666666667
Ignore:0.26
