JavaGenerator:0.7766666666666666
JavaWriter:0.32166666666666666
GenerationTool:0.25333333333333335
