BasicDBObjectBuilder:0.7966666666666666
Util:0.3711111111111111
