VariableUserType:0.41
Component:0.4033333333333333
GraphElement:0.38333333333333336
WorkspaceOperations:0.38333333333333336
VariableUtils:0.37333333333333335
BotTaskEditor:0.36666666666666664
Swimlane:0.3466666666666667
Variable:0.32
FormComponentsView:0.25
ParamDefComposite:0.23333333333333334
NewBotTaskWizardPage:0.23311111111111113
DelegableProvider:0.22
EmbeddedFileUtils:0.21722222222222218
VariableFormatPage:0.21666666666666667
BotTaskUtils:0.21333333333333335
FormType:0.21
FormEditor:0.20666666666666667
ProcessExplorerTreeView:0.20666666666666667
GEFActionBarContributor:0.19
RenameProcessDefinitionDialog:0.18666666666666668
CopyBuffer:0.18642857142857144
DiagramEditorPage:0.18333333333333332
ContentComposite:0.18
BotExplorerTreeView:0.18
NewBotTaskWizard:0.17
XmlBasedConstructorDialog:0.15333333333333332
ComponentDoubleClickListener:0.1525
DeleteElementFeature:0.15
CopyBotTaskWizard:0.14833333333333334
VariableWizard:0.14333333333333334
VariablesXmlContentProvider:0.14333333333333334
VariableEditorPage:0.13666666666666666
DiagramActionBarContributor:0.12
EmailConfigWizardPage:0.11666666666666667
CopyGraphCommand:0.11333333333333333
FormNodePresentation:0.11333333333333333
CreateEmbeddedSubprocessAction:0.11333333333333333
DocxHandlerCellEditorProvider:0.1
ConstructorView:0.09333333333333334
ChangeSwimlaneSelectionListener:0.09
MultiSubprocess:0.09
NewBotTaskAction:0.08666666666666667
SwimlaneInitializerProvider:0.08333333333333333
MoveUserTypeAttributeRefactoring:0.08333333333333333
BaseHtmlFormType:0.08
MoveToTypeAttributeSelectionListener:0.05861111111111112
ProcessEditorContributor:0.051666666666666666
QuickFormType:0.0325
ConstructorComposite:0.02666666666666667
CopyDelegableElementAction:0.016666666666666666
