EJB3Delegate:0.7886111111111112
ProcessDefinitionsMassUpdate:0.5718888888888889
