ISpectrumConvertor:0.6566666666666666
SpectrumResource:0.5266666666666666
MZDataConvertor:0.24
