WebHelper:0.709
UserTypeFormat:0.37666666666666665
AjaxWebHelper:0.2833333333333333
ExecutorFormat:0.26666666666666666
WebUtils:0.17666666666666667
StrutsWebHelper:0.15
