WYSIWYGHTMLEditor:0.5866666666666667
MyTemplateExceptionHandler:0.569555315055315
FreemarkerUtil:0.55
NamedGraphElement:0.2866666666666667
BaseHtmlFormType:0.2401666666666666
EditorHashModel:0.16666666666666666
FtlTagSupportServlet:0.15
CKEditorDialogCreatorHelper:0.1363888888888889
FtlFormType:0.11
VariableUtils:0.09444444444444444
Version:0.09
ValidationHashModel:0.056666666666666664
VariableTypeSupportHashModel:0.04
