DataTipComponent:0.07650933
TreeDataTipListener:0.017361633
ListDataTipListener:0.015029236
TableDataTipListener:0.014404164
DataTipPopup:0.011768824
