Model:0.5333333333333333
AncestorsNoFams:0.43333333333333335
AncestorsWithFams:0.42333333333333334
Parser:0.33166666666666667
DescendantsNoFams:0.3233333333333333
