JvmInfo:0.5353333333333333
NodeInfo:0.32666666666666666
Mem:0.31666666666666665
JvmInfoTests:0.03333333333333333
