Transaction:0.3466666666666667
FeatureEditorDialog:0.31666666666666665
TransactionManager:0.2966666666666667
GeneEditPanel:0.27666666666666667
AnnotationView:0.2633333333333333
FeatureChangeEvent:0.23
AnnotationUpdateEvent:0.21
GuiCurationState:0.19333333333333333
AnnotationChangeEvent:0.19
UpdateTransaction:0.125
DicistronicButtonListener:0.12333333333333334
AnnotationUndoEvent:0.0
