Generator:0.6366666666666667
Loader:0.5833333333333334
Parser:0.30333333333333334
