DashboardControllerMBean:0.6766666666666666
BuildLoopMonitor:0.5466666666666666
BuildLoopMonitorRepository:0.43666666666666665
CruiseControlControllerJMXAdaptor:0.2280555555555555
MainTest:0.21666666666666667
CruiseControlControllerJMXAdaptorTest:0.21
CruiseControlConfig:0.21
Main:0.20666666666666667
CruiseControlMBean:0.1925
DashboardConfigurationPluginTest:0.12333333333333334
CruiseControlControllerAgent:0.11333333333333333
DashboardConfigurationPlugin:0.1
DashboardController:0.06
BuildLoopPostingConfiguration:0.05333333333333334
DashboardControllerTest:0.01
