Builder:0.3983333333333333
MTextPane:0.39166666666666666
PropertyPanel:0.37666666666666665
TextEditor:0.3566666666666667
StaticHandler:0.16444444444444445
