LocalQueryRunner:0.7216666666666667
TestQuerySpillLimits:0.3233333333333333
TestLocalBinarySpilledQueries:0.22333333333333333
TestFeaturesConfig:0.14666666666666667
