NegatingMethodMatcher:0.55
SubclassInstrumentationContextDelegate:0.49
SameSignatureMethodCall:0.32666666666666666
ByteBuddyTest:0.11333333333333333
Qux:0.08333333333333333
