GeoLocationResponse:0.6133333333333333
MaxmindDatabaseGeoLocationService:0.37333333333333335
GoogleMapsGeoLocationService:0.15
