DocumentStore:0.6433333333333333
Availability:0.355
DocumentFileStorage:0.29333333333333333
