RemovalNotification:0.5569880952380951
EntrySetView:0.5183333333333333
ValuesView:0.5066666666666667
KeySetView:0.37
AbstractLocalCache:0.22666666666666666
UnboundedLocalCache:0.16333333333333333
