MainScreen:0.5433333333333333
QueryRetrive:0.4866666666666667
DicomTagsViewer:0.3311111111111111
SendReceivePanel:0.23666666666666666
