AtmosphereConfig:0.5583333333333333
ApplicationConfig:0.5405555555555556
JavaScriptProtocol:0.38
