OAuthConfig:0.6233333333333333
OAuthConfigAsync:0.22666666666666666
AbstractServiceBuilder:0.22
ServiceBuilderAsync:0.18
GoogleApi20:0.17666666666666667
ServiceBuilder:0.12666666666666668
