Queue:0.5833333333333334
FlipFileInputStream:0.30333333333333334
QueueItemMatcher:0.27051984126984113
KeyedQueue:0.21666666666666667
FlipFileOutputStream:0.20333333333333334
DiskQueue:0.17666666666666667
MemQueue:0.15833333333333333
DiskBackedByteQueue:0.13666666666666666
DiskQueueTest:0.11722222222222221
DiskBackedQueue:0.09
DiskQueueIterator:0.03333333333333333
