ExpirationManager:0.4633333333333333
AbstractEvictableRecordStore:0.33
ExpirationTimeSetter:0.27
ExecutionServiceImpl:0.24333333333333335
ReadOnlyRecordIterator:0.22666666666666666
ClearExpiredRecordsTask:0.21666666666666667
ClearExpiredOperation:0.11849206349206351
ExpirationManagerTest:0.1
