HazelcastClient:0.41
ClientProxy:0.3933333333333333
ProxyManager:0.3333333333333333
ClientContext:0.31666666666666665
