NodeHandler:0.2733333333333333
GridNodeHandler:0.2633333333333333
TableNodeHandler:0.23333333333333334
ButtonNodeHandler:0.1
ComboboxNodeHandler:0.1
TextAreaNodeHandler:0.1
TextFieldNodeHandler:0.1
PasswordFieldNodeHandler:0.1
