Metadata:0.7933333333333333
MetadataManager:0.32
LiteralVisitor:0.25
Visitor:0.19
AbstractTestingPrestoClient:0.18666666666666668
TestUnnestOperator:0.18333333333333332
TypeDeserializer:0.15444444444444444
