DataInput:0.7366666666666667
BaseGFFAdapter:0.4
CommandLine:0.2966666666666667
InputFileCommandOption:0.22
DataLoader:0.20555555555555555
InputFormatCommandOption:0.13666666666666666
