SelectQuery:0.5033333333333334
SelectQueryImpl:0.49666666666666665
SelectImpl:0.47333333333333333
PostgresTest:0.2733333333333333
