SpellDao:0.23159523809523813
WizardDao:0.23159523809523813
SpellbookDao:0.23159523809523813
App:0.19333333333333333
DaoBaseImpl:0.16666666666666666
SpellDaoImpl:0.04083333333333333
WizardDaoImpl:0.04083333333333333
SpellbookDaoImpl:0.04083333333333333
