EmbeddingLayer:0.6733333333333333
TestInvalidInput:0.33
LSTMHelpers:0.2866666666666667
