NamespaceClient:0.65
PacketDecoder:0.4033333333333333
PacketListener:0.2866666666666667
