ZooKeeperAgentModel:0.5655555555555555
KafkaClientProvider:0.5133333333333333
MasterService:0.31
