OrcMetadataReader:0.4816666666666667
OrcTester:0.45
DwrfMetadataReader:0.3466666666666667
AbstractTestOrcReader:0.21
