Grammar:0.7366666666666667
Token:0.6833333333333333
SymbolCollector:0.24
BasicSemanticChecks:0.22666666666666666
LexerATNFactory:0.22
Lexer:0.2
SemanticPipeline:0.15666666666666668
TestToolSyntaxErrors:0.13
