AccessTokenManagerImpl:0.45666666666666667
ExpiredAccessTokenException:0.4498888888888889
LoggingInterceptor:0.24
