ActionConfig:0.7033333333333334
ActionsManager:0.39
ActionsManagerTest:0.2633333333333333
ActionBuilder:0.15666666666666668
ActionMethodParser:0.14
ActionRequestRecursionTest:0.13333333333333333
MadvocTestConfig:0.12
ServletDispatcherResultTest:0.08
DefaultActionPath:0.08
RestResourcePath:0.02666666666666667
ActionNamingStrategy:0.013333333333333334
BaseNamingStrategy:0.013333333333333334
ProxettaAwareActionsManager:0.013333333333333334
