ObjectiveCImplementationGenerator:0.5266666666666666
ObjectiveCImplementationGeneratorTest:0.4583333333333333
AnnotationsTest:0.30333333333333334
