MemberInfo:0.71
ClassJavaGenerator:0.3566666666666667
ConstructorJavaGenerator:0.29
PrototypeJavaGenerator:0.25333333333333335
ScriptClassJavaInstrumentor:0.23
JavaMain:0.03194444444444445
Browser:0.01
