Simulator:0.5666666666666667
GraphNeighEquiv:0.27666666666666667
Multiplicity:0.25666666666666665
EquivClass:0.24666666666666667
Shape:0.18666666666666668
Parameters:0.07
EquivRelation:0.03666666666666667
ShapeNode:0.012222222222222223
ShapeEdge:0.012222222222222223
