GlobalMethodSecurityConfiguration:0.4033333333333333
AbstractInterceptUrlConfigurer:0.33666666666666667
SessionManagementConfigurer:0.2633333333333333
WebSecurityConfigurerAdapter:0.26
ExpressionUrlAuthorizationConfigurer:0.18666666666666668
ServletApiConfigurer:0.07333333333333333
UrlAuthorizationConfigurer:0.07111111111111111
