MultiLayerNetwork:0.6866666666666666
ConvolutionLayer:0.2833333333333333
GravesLSTMTest:0.22333333333333333
