FieldInfo:0.7133333333333334
TableManager:0.6266666666666667
