MaterialViewPagerAnimator:0.5133333333333333
MaterialViewPager:0.4866666666666667
MaterialViewPagerHeader:0.43
