Mapping:0.8333333333333334
TextToMapping:0.27511111111111114
DefaultConversionServiceTests:0.20333333333333334
