MultiMap:0.76
MultiMapProxy:0.37666666666666665
ValueCollection:0.36666666666666664
MapClientProxy:0.2966666666666667
MultiMapClientProxy:0.23666666666666666
