HiveClient:0.39
HivePartition:0.30333333333333334
HiveSplitIterable:0.26
HiveRecordSet:0.22833333333333333
BytesHiveRecordCursor:0.22083333333333333
AbstractTestHiveClient:0.14
HiveUtil:0.06944444444444443
