ScrollPane:0.5133333333333333
ImageTextButton:0.38666666666666666
TextButton:0.37666666666666665
