SliceBuilder:0.81
IdFieldType:0.33555555555555555
SliceBuilderTests:0.29333333333333333
