MvpLcePresenterTest:0.42333333333333334
MvpPresenter:0.2523888888888889
MvpBaseRxPresenter:0.20333333333333334
MvpFragment:0.16666666666666666
MvpActivity:0.16666666666666666
MvpBasePresenter:0.08333333333333333
SimpleCountriesPresenter:0.023333333333333334
