MapItemBindingTest:0.7
LayerTreeEditorCopyPaste3Test:0.4633333333333333
JFXMapItemBindingTest:0.36666666666666664
