TransportSQLActionTest:0.6333333333333333
DDLAnalysisDispatcher:0.31333333333333335
NumberOfReplicas:0.24
