Constants:0.8566666666666667
AbstractElement:0.5333333333333333
RemoteForm:0.5066666666666667
ApplicationEntityManager:0.45055555555555554
WebserviceBeanLocal:0.4235079365079365
ElementEventListener:0.40552380952380945
EventDescriptor:0.4
ComponentContainer:0.395
WebserviceBean:0.3433333333333333
PropertyChangeListener:0.3272804232804233
Tag:0.295
PersistenceService:0.2946666666666667
Function:0.2866666666666667
MyUI:0.27051984126984113
GUIFormNotification:0.27051984126984113
AbstractElementField:0.2633333333333333
RemoteFormInstance:0.26
Util:0.25666666666666665
FormStructure:0.25
ApplicationEntityManagerImpl:0.23666666666666666
FormInstance:0.23
FormLoader:0.22333333333333333
Query:0.20666666666666667
ListSelectFilter:0.20333333333333334
PropertyChangeEvent:0.18666666666666668
Runner:0.17361111111111113
ComponentEventListener:0.16805555555555557
ElementGrid:0.14
AbstractElementContainer:0.14
XMLUtil:0.11333333333333333
ElementSubform:0.10484920634920636
ComponentImage:0.10333333333333333
FormManagerView:0.1
FormRenderer:0.09833333333333333
ApplicationView:0.09666666666666666
ScriptQueryManager:0.09333333333333334
FormNotification:0.08
Variable:0.08
StartupBean:0.08
ElementTree:0.07666666666666666
ElementVerticalLayout:0.07666666666666666
ElementListSelectFilter:0.07666666666666666
ElementImage:0.07666666666666666
ElementHorizontalLayout:0.07666666666666666
ElementPanel:0.07666666666666666
ElementComboBox:0.07666666666666666
ElementDateField:0.07666666666666666
ElementTextArea:0.07333333333333333
ElementTextField:0.07333333333333333
Validator:0.07333333333333333
ElementUpload:0.06666666666666667
ElementGridLayout:0.06666666666666667
ElementScript:0.06444444444444446
ElementButton:0.06333333333333334
ElementForm:0.06333333333333334
ComponentHorizontalLayout:0.061111111111111116
ComponentVerticalLayout:0.061111111111111116
ComponentPanel:0.061111111111111116
FunctionI18N:0.06
ElementLabel:0.056666666666666664
ComponentFactory:0.05333333333333334
FormDefinition:0.05333333333333334
ElementColumn:0.05333333333333334
FormInstanceCreator:0.05
FormInstanceView:0.05
ComponentGridLayout:0.05
ComponentSubform:0.05
ElementI18N:0.05
ComponentTextField:0.04666666666666667
ComponentComboBox:0.043333333333333335
ComponentLabel:0.043333333333333335
ComponentTree:0.043333333333333335
ComponentDateField:0.043333333333333335
ComponentTextArea:0.043333333333333335
NullObject:0.0425
FormView:0.041111111111111105
ComponentButton:0.03666666666666667
FormInstanceLoader:0.03166666666666667
GraphicalComponent:0.03166666666666667
ComponentUpload:0.023333333333333334
FormInstanceDisplayer:0.02
ComponentGrid:0.016666666666666666
FormDisplayer:0.016666666666666666
AbstractElementSelector:0.014444444444444447
TreeWrapper:0.013333333333333334
ComponentListSelectFilter:0.013333333333333334
AbstractScriptQueryExecutor:0.006666666666666667
FormLook:0.0
ScriptQueryExecutor:0.0
