ScriptingUtils:0.5033333333333333
ResourceUtils:0.43666666666666665
GroovyRegisteredServiceUsernameProvider:0.31
ScriptedRegisteredServiceAttributeReleasePolicy:0.30333333333333334
