ScriptEditor:0.5333333333333333
TextField:0.5166666666666667
ScriptEditorFrame:0.3333333333333333
StepEditor:0.31666666666666665
