FSM:0.4533333333333333
State:0.38
SinglePhaseTransducer:0.34
Transition:0.32666666666666666
Pair:0.24611111111111114
FSMInstance:0.20666666666666667
TestFSM:0.19666666666666666
AnnotationHolder:0.18333333333333332
NewResourceDialog:0.12333333333333334
ResourceInstantiationException:0.056666666666666664
