IndexShard:0.6466666666666666
InternalEngine:0.34833333333333333
RecoveryTarget:0.30333333333333334
IndexShardTests:0.26666666666666666
GetResult:0.2500396825396825
RecoveryTargetHandler:0.24166666666666667
RecoveryPrepareForTranslogOperationsRequest:0.24
StoreRecovery:0.20666666666666667
RecoverySourceHandler:0.15333333333333332
RecoveryDuringReplicationTests:0.14333333333333334
PrepareForTranslogOperationsRequestHandler:0.09333333333333334
RecoveryTests:0.07666666666666666
RemoteRecoveryTargetHandler:0.06583333333333333
PeerRecoveryTargetServiceTests:0.05
