NeuralNetworkTopComponent:0.6433333333333333
TestTopComponent:0.6133333333333333
