table:0.45666666666666667
mdd:0.36666666666666664
TestTags:0.35
TestSampleServlet:0.08666666666666667
SampleServlet:0.08
