SFtpVFS:0.31333333333333335
FtpVFS:0.31
Connection:0.2006666666666667
ConnectionManager:0.19333333333333333
FtpAddress:0.17666666666666667
LoginDialog:0.16666666666666666
ConnectionInfo:0.16333333333333333
FtpPlugin:0.06
