AgentZooKeeperRegistrar:0.5633333333333334
DeregisterTest:0.3356666666666666
