RealCall:0.4033333333333333
HttpEngine:0.3933333333333333
Dispatcher:0.32666666666666666
Http1xStream:0.24
AsyncCall:0.23666666666666666
