DicomDateTimeHandler:0.54
DicomDateTimeHandlerTest:0.39666666666666667
DicomCFindFilter:0.3433333333333333
SortPatientsByNameStudiesByDateFilter:0.13099999999999998
SortPatientsByNameStudiesByDateFilterTest:0.03
