TaskId:0.5966666666666667
TaskInfo:0.2633333333333333
TasksIT:0.23
TaskManager:0.22555555555555556
TransportTasksActionTests:0.21
TransportTasksAction:0.19666666666666666
BaseTasksRequest:0.17666666666666667
TransportCancelTasksAction:0.11333333333333333
