CorpusBenchmarkTool:0.7466666666666667
CleanMarkedCorpusEvalAction:0.13666666666666666
NewCorpusEvalAction:0.13666666666666666
StoredMarkedCorpusEvalAction:0.13666666666666666
