GL:0.6666666666666666
GL11:0.38666666666666666
GLBufferChecks:0.2866666666666667
IGL:0.27166666666666667
VBOTracker:0.27
ARBBufferObject:0.25
GLImpl:0.24333333333333335
GL13:0.22333333333333333
GL12:0.21444444444444444
ARBImaging:0.19666666666666666
