SpdyConnection:0.39111111111111113
Handler:0.34370634920634924
SpdyReader:0.32666666666666666
SpdyConnectionTest:0.32
InFrame:0.22666666666666666
MockSpdyPeer:0.22638888888888895
Reader:0.17
