GraphJEdge:0.76
AspectJEdge:0.5333333333333333
MouseHandler:0.31666666666666665
