Player:0.5
IndianSettlement:0.49
Goods:0.42333333333333334
FoundingFather:0.36666666666666664
