PcoreEditorModel:0.8233333333333334
HitsContentProvider:0.39666666666666667
