AbstractServiceValidateControllerTests:0.6966666666666667
OAuth20ProfileControllerTests:0.29333333333333333
OpenIdCredentialsAuthenticationHandlerTests:0.26
ClientAuthenticationHandlerTests:0.24333333333333335
