Vector:0.6283333333333333
CheckUnlimitedTokenAlgorithm:0.3933333333333333
