JsonParser:0.6233333333333333
JsonObjectTest:0.43666666666666665
JsonParserTest:0.4166666666666667
AnnotationTest:0.31333333333333335
CircularDependencyTest:0.2633333333333333
JsonArrayTest:0.26
JSONDeserializerTest:0.26
JsonSerializerTest:0.25666666666666665
LooseTest:0.24666666666666667
JsonValueContextTest:0.24
NansInfTest:0.23666666666666666
CustomAnnotationTest:0.20333333333333334
CatalogTest:0.19833333333333333
