XMLType:0.4866666666666667
ARINCMapHorzContainer:0.44
ARINCMapVertContainer:0.44
ClientConfiguration:0.43666666666666665
ServerMapWidget:0.35
DefaultARINCUtils:0.24
SwingServerDisplay:0.23966666666666664
DefaultServerBinaryDFHandler:0.20333333333333334
ServerXMLSymbolsHandler:0.20333333333333334
EditorWidgetTableConstructor:0.20333333333333334
DefaultBinaryExporter:0.20333333333333334
ClientConfigurationParser:0.2
ObjectGenerator:0.19333333333333333
AbstractClientEngine:0.19333333333333333
ARINCVertexBuffer:0.18666666666666668
ARINCMapBoundary:0.16716137566137568
StatefullAPIImpl:0.14666666666666667
SymbolCommandGenerator:0.13666666666666666
MapBoundaryRenderer:0.043333333333333335
ServerMap2DWidget:0.016666666666666666
ConfigProperties:0.0
