MigrationVersion:0.7866666666666666
MigrationInfoServiceImpl:0.36666666666666664
FlywayMediumTest:0.27
