PageCommentReplyNotifier:0.5879047619047619
ArticleCommentReplyNotifier:0.5879047619047619
