IndexShard:0.6533333333333333
ESIntegTestCase:0.32666666666666666
GetActionIT:0.3233333333333333
CorruptedFileIT:0.19333333333333333
IndexWithShadowReplicasIT:0.19
ClusterModule:0.17222222222222222
CorruptedTranslogIT:0.15
FlushIT:0.12666666666666668
