DicomURLHandler:0.36
RegroupByLateralityAndOrientationFilterTest:0.26666666666666666
RegroupByLateralityAndOrientationFilter:0.23
OpenFileWhenAvailable:0.22666666666666666
ApplicationEntityProvider:0.21166666666666667
FilesystemWatcher:0.17833333333333334
DicomException:0.15
CMoveURLConnection:0.11333333333333333
CMoveSettingsTest:0.05
DicomURLHandlerTest:0.05
CMoveSettings:0.04666666666666667
IncrementalDelay:0.02
FilesystemWatcherTest:0.02
SeriesDescriptionComparator:0.0033333333333333335
