IndexSettings:0.7966666666666666
ClusterModule:0.26166666666666666
PurgerThread:0.26
IndexSettingsTests:0.19666666666666666
IndicesTTLService:0.17833333333333334
