Okio:0.81
RealBufferedSourceTest:0.43333333333333335
OkioTest:0.2733333333333333
