CertTools:0.6133333333333333
AuthorityKeyIdentifier:0.36333333333333334
X509CA:0.36
AlgorithmTools:0.2633333333333333
WebAuthenticationProviderSessionBeanTest:0.21
