StepExecution:0.5533333333333333
JobExecution:0.38
ExitStatus:0.24333333333333335
SqlStepDao:0.21333333333333335
ImmutableValueUserType:0.21
AbstractJobDaoTests:0.20666666666666667
SqlJobDao:0.20333333333333334
DefaultJobExecutorTests:0.19333333333333333
StepExecutionTests:0.19
AbstractStepDaoTests:0.18
DefaultStepExecutorTests:0.17333333333333334
SimpleStepExecutor:0.17333333333333334
DefaultJobExecutor:0.16
JobExecutionTests:0.13333333333333333
ExitStatusTests:0.10666666666666667
JobExecutionRowMapper:0.07216666666666666
ImmutableValueUserTypeTests:0.03666666666666667
ExitStatusUserTypeTests:0.013333333333333334
ExitStatusUserType:0.0
