WebSocketServer:0.535
ChatServer:0.4166666666666667
ExampleClient:0.38166666666666665
