ProjectedMap2DItem:0.4166666666666667
ServerMapItem:0.3433333333333333
Map2DSourceContext:0.3333333333333333
ServerMap2DProjection:0.30333333333333334
TriangleDouble:0.29333333333333333
LineSegment:0.25666666666666665
ServerMap3DWidget:0.24666666666666667
AbstractMapItem:0.23333333333333334
ServerMapWidget:0.23
AbstractVerticalProjection:0.22666666666666666
LayerRendererBridge:0.21
ItemSynchronization:0.2
Line:0.19333333333333333
AbstractProjection:0.19333333333333333
AbstractHorizontalProjection:0.18333333333333332
Target:0.14138888888888887
AbstractMapWidget:0.12666666666666668
AbstractProjectedMap3DItem:0.12333333333333334
ProjectedMap3DItem:0.10333333333333333
Map2DItemsRenderer:0.04666666666666667
