CompressionUtils:0.8377777777777777
MockTicketGrantingTicketCreatedEventProducer:0.5133333333333333
