UserFactoryTest:0.6766666666666666
SubjectFactoryTest:0.35533333333333333
