Robolectric:0.6066666666666667
ResourceLoader:0.31333333333333335
RobolectricConfig:0.27
ContextTest:0.27
ShadowContext:0.26666666666666666
ShadowView:0.25666666666666665
ShadowMotionEvent:0.21777777777777776
RobolectricTestRunner:0.2
ResourcesTest:0.19
RobolectricTestRunnerTest:0.12666666666666668
