ReleaseFromServiceAction:0.6844444444444445
MatchingRulesFrame:0.18583333333333332
