IndexShard:0.5466666666666666
Shard:0.3843333333333333
PrimaryReplicaSyncerTests:0.195
MockIndexShard:0.19
