Utils:0.6066666666666667
DatabaseFullPrunedBlockStore:0.4666666666666667
TransactionOutputChanges:0.22333333333333333
FullBlockTestGenerator:0.14666666666666667
PostgresFullPrunedBlockStore:0.14666666666666667
