STS:0.5866666666666667
RemoteStrategy:0.34
STSException:0.29
CompleteSTS:0.19
EncodedHostName:0.13333333333333333
STSTest:0.12666666666666668
OnTheFlySTS:0.11333333333333333
OnTheFlySTSTest:0.08361111111111111
CompleteSTSTest:0.0786111111111111
VariableTest:0.07333333333333333
SwitchRelationTest:0.04
GateTest:0.04
LocationTest:0.04
SymbolicStrategy:0.03027777777777778
