Metadata:0.5266666666666666
Analyzer:0.49666666666666665
ScriptImpl:0.28
AnalyzerExternal:0.23
Executable:0.21605555555555556
ExpressionSearchScript:0.19333333333333333
ReservedWordTests:0.15833333333333333
LeafSearchScript:0.1225
