SyntenyPanel:0.7482777777777778
EvidencePanelContainer:0.39555555555555555
