Parser:0.5633333333333334
BufferedTokenStream:0.4866666666666667
Grammar:0.34
TreePostScriptGenerator:0.3
TreeViewer:0.2733333333333333
Trees:0.23333333333333334
ParserInterpreter:0.23333333333333334
ParserATNSimulator:0.23333333333333334
ProfilingATNSimulator:0.18
TestAmbigParseTrees:0.023333333333333334
