InternalResourceGroup:0.53
MockQueryExecution:0.4533333333333333
InternalResourceGroupManager:0.21333333333333335
NoOpResourceGroupManager:0.17
TestResourceGroups:0.14416666666666667
ResourceGroupManager:0.013333333333333334
