SessionTracker:0.5633333333333334
MailNotification:0.5388888888888889
