BatchPresentation:0.62
ExecutorService:0.55
SQLCommons:0.4
ExecutorServiceDelegateLocalImpl:0.32
ExecutorServiceBean:0.29
ExecutorServiceDelegate:0.26666666666666666
ExecutorServiceDelegateRemoteImpl:0.24
ExecutorDAO:0.20127777777777778
TableViewSetupFormTag:0.19333333333333333
ExecutorDAOHibernateImpl:0.16333333333333333
ExecutorLogic:0.15333333333333332
DefaultBatchPresentationFactory:0.09333333333333334
ListAllExecutorsFormTag:0.07
