JsonReader:0.5616666666666666
LazyBSONObject:0.39666666666666667
JsonPoweredTestHelper:0.39
NameCodec:0.2
BsonDouble:0.18733333333333335
FindOperationIterable:0.17587301587301588
WriteConcernResult:0.16733333333333333
