Metadata:0.67
SQL:0.5183333333333332
MetadataExtent:0.35333333333333333
