Py:0.6433333333333333
PyException:0.3244444444444445
PyDictionary:0.3
PyDefaultDictDerived:0.24333333333333335
PyDequeDerived:0.24333333333333335
PyDefaultDict:0.23
PyDeque:0.22666666666666666
exceptions:0.22
Collections:0.03
