ReferenceImplementation:0.5833333333333334
RowContextReferenceResolver:0.4033333333333333
MapBackedRefResolver:0.24
