BrowserColorsModel:0.052364826
RolloverButton:0.032435894
GUIUtilities:0.032423552
GlobalOptions:0.026617771
AbstractOptionPane:0.020483648
jEdit:0.013434931
