BroadcastEventProcessor:0.58
Capsd:0.5133333333333333
CapsdIntegrationTest:0.29333333333333333
RunnableConsumerThreadPoolFactoryBean:0.25666666666666665
AnnotationBasedEventListenerAdapter:0.23
OpenNMSIntegrationTestCase:0.19333333333333333
OpenNMSIntegrationTestCaseTest:0.14333333333333334
StoppableEventListener:0.0011111111111111111
