ShadowView:0.6533333333333333
TestAttributeSet:0.375
ViewLoaderTest:0.3566666666666667
