HopPaletteUtilities:0.41
winLocalVariableTopComponent:0.2711111111111111
winOutputTopComponent:0.26111111111111107
ItemCustomizer:0.2
HopEditorTopComponent:0.11
HopKeyListener:0.056666666666666664
Item:0.05
Loops:0.03
CreateClass:0.013333333333333334
IfElse:0.01
GCD:0.01
IfStatement:0.01
Expression2:0.01
Expressions:0.01
HopOpenSupport:0.005
GraphSceneImpl:0.0033333333333333335
HopTextEditorKit:0.0
HopLayerPaletteFactory:0.0
