XmlActions:0.6066666666666667
TagParser:0.37333333333333335
CompletionInfo:0.31333333333333335
