Part:0.8166666666666667
FilePartStallHandler:0.35333333333333333
PartBase:0.33
StringPart:0.23333333333333334
FilePart:0.22333333333333333
ByteArrayPart:0.14333333333333334
