ServerConfiguration:0.53
InstallOptions:0.47333333333333333
TestAPIM:0.36666666666666664
FedoraHome:0.2833333333333333
