KeyStoreContainerJCE:0.55
OCSPActivate:0.22666666666666666
EJBCAWSRABaseCommand:0.18333333333333332
EncryptPwd:0.14333333333333334
CaActivateCACommand:0.14333333333333334
CaInitCommand:0.14333333333333334
CaRestoreKeyStoreCommand:0.14333333333333334
CaExportCACommand:0.14333333333333334
CaImportCACommand:0.14333333333333334
CaCertRequestCommand:0.13666666666666666
CaCertResponseCommand:0.13666666666666666
PasswordCallBackHandler:0.09333333333333334
