Metadata:0.8966666666666666
MetadataManager:0.4533333333333333
Visitor:0.3566666666666667
MetadataUtil:0.21666666666666667
