WebSocket:0.622
WebSocketImpl:0.4533333333333333
WebSocketClient:0.4
WebSocketServer:0.30666666666666664
