OpenProjectPlugIn:0.2733333333333333
MenuNames:0.24444444444444444
OpenRecentPlugIn:0.24333333333333335
OpenFilePlugIn:0.23666666666666666
SaveImageAsSVGPlugIn:0.22166666666666668
SelectFileLoaderPanel:0.22
JUMPConfiguration:0.2
SelectFilesPanel:0.1802777777777778
SelectFileOptionsPanel:0.17694444444444446
FileDragDropPlugin:0.14
OpenJumpConfiguration:0.06666666666666667
