ObjectiveCImplementationGenerator:0.6066666666666667
ObjectiveCImplementationGeneratorTest:0.4444444444444445
AutoboxerTest:0.33
AnonymousClassConverterTest:0.2966666666666667
