Datastream:0.6047777777777777
DefaultDOManager:0.3844444444444445
METSLikeDOSerializer:0.27666666666666667
METSLikeExportDOSerializer:0.27666666666666667
METSLikeDODeserializer:0.25222222222222224
