AuthenticationTransactionManager:0.6789999999999999
CasCoreAuthenticationConfiguration:0.30666666666666664
CasPersonDirectoryConfiguration:0.23666666666666666
DelegatedClientAuthenticationActionTests:0.16
DefaultAuthenticationTransactionManager:0.14
DefaultPrincipalElectionStrategy:0.06666666666666667
