CDKAtomTypeMatcher:0.43166666666666664
CDKAtomTypeMatcherTest:0.31166666666666665
