RingSet:0.44
VanDerWaalsInteractions:0.31
MMFF94ParametersCall:0.3
INChIReader:0.27
CMLReader:0.2633333333333333
MMFF94BasedParameterSetReader:0.2608333333333333
ForceFieldConfigurator:0.26
CrystalGeometryTools:0.25333333333333335
MM2BasedParameterSetReader:0.24333333333333335
SSSRFinder:0.24
SybylAtomTypeMatcher:0.22777777777777777
AngleBending:0.21338888888888888
RDFProtonDescriptor_G3R:0.20666666666666667
RDFProtonDescriptor_GHR:0.20666666666666667
RDFProtonDescriptor_GDR:0.20666666666666667
SmilesParserTest:0.20666666666666667
RDFProtonDescriptor_GSR:0.20666666666666667
RDFProtonDescriptor_GHR_topol:0.20666666666666667
SpanningTree:0.20055555555555554
BondStretching:0.19666666666666666
Torsions:0.18666666666666668
RingSetTest:0.18666666666666668
RingPlacer:0.18666666666666668
StretchBendInteractions:0.18
SMARTSQueryTool:0.17333333333333334
SmilesGeneratorTest:0.17
IonizationPotentialTool:0.16
RingSetManipulator:0.15333333333333332
MMFF94PartialCharges:0.12666666666666668
CDKValencyChecker:0.12333333333333334
RotatableBondsCountDescriptor:0.12333333333333334
RingPartitioner:0.11666666666666667
IValencyChecker:0.08444444444444445
SybylAtomTypeMatcherTest:0.03666666666666667
