Carbon:0.43666666666666665
EditText:0.2633333333333333
PopupMenu:0.24833333333333332
RadioButton:0.23
CheckBox:0.23
SeekBar:0.22833333333333333
RangeSeekBar:0.22
Spinner:0.21333333333333335
RecyclerView:0.20666666666666667
CheckableDrawable:0.175
ViewPager:0.16666666666666666
HorizontalScrollView:0.16
ScrollView:0.15666666666666668
ControlAccentColorStateList:0.08333333333333333
