UrlHelper:0.45
VelocityManager:0.32666666666666666
AbstractUITagTest:0.28
Include:0.21333333333333335
UrlHelperTest:0.19666666666666666
StrutsBodyContent:0.19333333333333333
ServletActionRedirectResult:0.18666666666666668
Date:0.17583333333333334
PlainTextResultTest:0.17
TestUtils:0.16583333333333333
DefaultActionMapper:0.16
SimpleNodeList:0.13383333333333333
TextUtil:0.13
