Union:0.4981111111111111
UnionTest:0.45666666666666667
Func1:0.23159523809523813
StructUnion:0.043055555555555555
IntStructure:0.043055555555555555
SubIntStructure:0.043055555555555555
