XMLHttpRequest:0.7333333333333333
XMLHttpRequestTest:0.39666666666666667
XMLHttpRequest2Test:0.3433333333333333
