CglibConfigurationEnhancer:0.45666666666666667
ConfigurationProcessor:0.43
BeanCreationCallbackFilter:0.08666666666666667
PropertyDefinitionException:0.08333333333333333
MessageSourcePropertiesSource:0.08111111111111112
ExternalValueMethodMethodInterceptor:0.06
PropertySource:0.045
AbstractStringBasedPropertySource:0.03
PropertiesPropertySource:0.005
ExternalValueTests:0.004166666666666667
CompositePropertySource:0.0033333333333333335
AbstractStringBasedPropertySourceTests:0.0
