Task:0.6366666666666667
TaskManager:0.25666666666666665
RepairMechanicalFailure:0.24
MaintainVehicle:0.24
MaintainSettlement:0.2
TendGreenhouse:0.2
ExitRoverEVA:0.13555555555555554
