CorpusActionService:0.6866666666666666
NavigationServiceAsync:0.46416666666666667
NavigationTree:0.46
SideNavTree:0.4166666666666667
CorpusActionServiceAsync:0.16333333333333333
TxmI18N:0.15083333333333335
HelloService:0.14333333333333334
NavigationService:0.12
Services:0.11666666666666667
ContextualMenu:0.10666666666666667
TxmUser:0.09
WebCore:0.07666666666666666
TXM_RIA:0.07333333333333333
SessionManager:0.03333333333333333
HelloServiceImpl:0.021666666666666667
NavigationServiceImpl:0.0016666666666666668
HelloServiceAsync:0.0
CorpusActionServiceImpl:0.0
