Code:0.36333333333333334
HangingProtocol:0.35
Seq:0.3433333333333333
HPDisplaySet:0.33
HPImageSet:0.21083333333333334
MemberOf:0.19666666666666666
NotMemberOf:0.19666666666666666
FilterOp:0.18833333333333332
FctGrp:0.18333333333333332
SortByAttribute:0.15333333333333332
