CDKAtomTypeMatcherTest:0.48333333333333334
CDKAtomTypeMatcher:0.46166666666666667
