Mouse:0.5266666666666666
Keyboard:0.47
Controller:0.38333333333333336
HWCursorTest:0.24777777777777782
ControllerTest:0.23111111111111116
MouseCreationTest:0.21666666666666667
KeyboardTest:0.21000000000000002
ControllerCreationTest:0.21000000000000002
