VisualGaussiansCalculationTest:0.5879047619047619
AcceleratedRenderer3DTest:0.5879047619047619
