Sender:0.5382777777777779
AbstractBurster:0.45666666666666667
EmailTest:0.2733333333333333
UploadSender:0.23611111111111113
EmailSender:0.23388888888888887
UploadTest:0.19333333333333333
SenderFactory:0.16777777777777778
DistributeExternalTest:0.13333333333333333
MultipleTokensTest:0.11333333333333333
Scripts:0.0
