HazelcastInstance:0.5966666666666667
ManagementCenterService:0.35333333333333333
HazelcastClient:0.32666666666666666
TxnMapRequest:0.2633333333333333
LifecycleServiceImpl:0.24333333333333335
RoundRobinLB:0.2375
HazelcastInstanceImpl:0.19
ClientTxnMapProxy:0.19
