QueryState:0.44333333333333336
Predicate:0.36333333333333334
Matcher:0.35333333333333333
Extent:0.25666666666666665
AttributeListPredicate:0.19666666666666666
TransitiveTraversal:0.19333333333333333
Producer:0.19222222222222224
CompoundPredicate:0.18666666666666668
ExpressionPredicate:0.14
WrappedTypePredicate:0.13333333333333333
EdgePredicate:0.07
NumericConversionPredicate:0.0625
SupplyConstantsPredicate:0.05
ExprMatcher:0.041666666666666664
TypePredicate:0.04
