FactoryIdHelper:0.5291666666666667
MapReplicationRemove:0.38666666666666666
WanReplicationEvent:0.38666666666666666
MapReplicationUpdate:0.38666666666666666
