RuleTransition:0.68
GraphState:0.5033333333333333
Frame:0.3566666666666667
CtrlTransition:0.2866666666666667
GTS:0.28
Step:0.2683333333333333
LTSJModel:0.22666666666666666
LTSJEdge:0.21333333333333335
DefaultRuleTransition:0.21333333333333335
DefaultGraphNextState:0.21333333333333335
RuleTree:0.21
ShapeNextState:0.20333333333333334
CtrlSchedule:0.20333333333333334
RuleTransitionLabel:0.19333333333333333
AbstractGraphState:0.18333333333333332
GTSCounter:0.18
CtrlState:0.17333333333333334
RecipeTransitionLabel:0.16666666666666666
LTSJVertex:0.16333333333333333
SwitchStack:0.15333333333333332
StatisticsListener:0.15
CtrlFrame:0.1308730158730159
CallStack:0.11666666666666667
VisibleValue:0.11666666666666667
CalledAction:0.07
