JsonModel:0.6166666666666667
JsonPath:0.4866666666666667
DefaultMappingModelReader:0.27666666666666667
ArrayOps:0.2517063492063492
ObjectOps:0.2517063492063492
JsonModelOpsTest:0.20333333333333334
JsonModelTest:0.15666666666666668
DefaultObjectOps:0.14333333333333334
DefaultArrayOps:0.09444444444444444
JsonModelMappingTest:0.09
