DivideBy:0.4666666666666667
jOOQAbstractTest:0.4177777777777778
ExoticTests:0.36444444444444446
