Robot:0.6866666666666666
JTextComponentTester:0.30666666666666664
CallEditorTest:0.26
ScriptTest:0.26
InputState:0.23
ComponentTestFixture:0.215
Bugs:0.21333333333333335
ComponentRecorder:0.20333333333333334
InputStateTest:0.18
JTextComponentTesterTest:0.16
JTextComponentRecorder:0.14333333333333334
RobotVerifier:0.05
