DefaultStatsUpdateConfiguration:0.4166666666666667
Builder:0.36666666666666664
HistogramIterationListener:0.36333333333333334
UIServer:0.335
StatsListener:0.23333333333333334
PlayUIServer:0.11944444444444442
