JdbcModelReader:0.48333333333333334
JdbcModelReaderSupport:0.4
InformixModelReader:0.2966666666666667
