SearchInfo:0.9066666666666666
DataAccessObjectSearchInfoTest:0.08666666666666667
