MonitorModule:0.5933333333333334
SQLPlugin:0.39666666666666667
SigarService:0.2633333333333333
