Connection:0.6816666666666666
ClientConductor:0.42
CountersManager:0.35333333333333333
