ScriptService:0.5733333333333334
GroovyScriptEngineService:0.4766666666666667
ScriptServiceTests:0.18666666666666668
ScriptFilterSearchTests:0.1793333333333333
ClusterDynamicSettingsModule:0.17
SearchTimeoutTests:0.14
NativeScriptTests:0.12333333333333334
