Window:0.6866666666666666
HTMLElementTest:0.35
JavaScriptEngine:0.32
SimpleScriptable:0.2866666666666667
