FormalProofLineListHandler:0.7933333333333333
FormalProofHandler:0.2733333333333333
