CameraConfigurationManager:0.55
PreferencesActivity:0.445888888888889
CameraManager:0.37
CaptureActivityHandler:0.19666666666666666
