Main:0.39666666666666667
MainArgs:0.30527777777777776
MainTest:0.23666666666666666
StringBufferAppender:0.21666666666666667
MainArgsTest:0.03166666666666667
