ProcessDefinition:0.5266666666666666
SystemProperties:0.5133333333333333
FormComponent:0.5033333333333333
ExecutionService:0.44345238095238093
Interaction:0.4066666666666667
IFileDataProvider:0.3361111111111111
TabHttpSessionHelper:0.30333333333333334
ExecutionServiceDelegate:0.21666666666666667
ExecutorLogic:0.20666666666666667
ExecutionContext:0.205
FormSubmissionUtils:0.19666666666666666
ExecutorDAO:0.18333333333333332
ExecutionServiceBean:0.17666666666666667
CachingLogic:0.175
FreemarkerConfiguration:0.16
ListProcessesDefinitionsFormTag:0.15666666666666668
JobDAO:0.14666666666666667
ExecutionLogic:0.14
UndeployProcessDefinitionAction:0.14
FormHashModel:0.13333333333333333
SubstitutionCacheStateCtrl:0.13
WfJob:0.12
WFFormTag:0.11666666666666667
ListDefinitionsHistoryFormTag:0.11666666666666667
InteractionsParser:0.07
FormComponentSubmissionHandler:0.07
FormComponentSubmissionPostProcessor:0.07
WebUtils:0.07
UndeployProcessDefinitionsAction:0.06333333333333334
SystemLogActorTDBuilder:0.043333333333333335
AjaxCommandServlet:0.04
AjaxFormComponent:0.015833333333333335
AjaxFormComponentServlet:0.015277777777777779
UndeployProcessDefinitionTDBuilder:0.013333333333333334
AjaxJsonFormComponent:0.0
