Euler:0.8066666666666666
EulerRunner:0.15333333333333332
