ChadoAdapter:0.6266666666666667
CommandLine:0.47
BatchInputFile:0.2833333333333333
IOOptions:0.26
BatchFile:0.16055555555555553
DbPassCommandOption:0.03777777777777778
InputFilesListCommandOption:0.008888888888888889
