TestCollection:0.39
Prismatic:0.31666666666666665
BodyTypes:0.28
VerticalStack:0.15666666666666668
ApplyForce:0.15666666666666668
