GraphTransition:0.41666666666666663
GTS:0.3516666666666667
ExplorationStatistics:0.30333333333333334
ShapeNextState:0.29
RecipeTransition:0.27666666666666667
DefaultGraphNextState:0.26
DefaultRuleTransition:0.23333333333333334
SimulatorModel:0.23333333333333334
LTSJModel:0.23111111111111116
AbstractLayouter:0.21944444444444447
StatisticsListener:0.19333333333333333
LTSJEdge:0.17333333333333334
