EditorPane:0.6466666666666666
QueryExecutor:0.64125
CMS_doStatementExecutorExecution:0.26666666666666666
LocalStatementExecutor:0.15666666666666668
ClientStatementExecutor:0.14333333333333334
EditorPane:0.6466666666666666
QueryExecutor:0.64125
CMS_doStatementExecutorExecution:0.26666666666666666
LocalStatementExecutor:0.15666666666666668
ClientStatementExecutor:0.14333333333333334
