GCodeRepRap:0.3233333333333333
GCodeExtruder:0.2763888888888889
GenericExtruderTabPanel:0.26666666666666666
SNAPStepperMotor:0.24
XYZTabPanel:0.23666666666666666
SNAPExtruder:0.21666666666666667
GCodeReaderAndWriter:0.20666666666666667
BotConsoleFrame:0.19333333333333333
