Jedis:0.62
Client:0.4866666666666667
ControlCommandsTest:0.11666666666666667
