ReindexFromRemoteWithAuthTests:0.42333333333333334
TransportActionFilterChainTests:0.3233333333333333
ActionFilter:0.2872063492063492
ActionFilterChain:0.21742857142857142
RequestTestFilter:0.19976190476190478
TestFilter:0.19976190476190478
IngestActionFilter:0.19666666666666666
IngestProxyActionFilter:0.18666666666666668
RequestFilterChain:0.15666666666666668
BlockingActionFilter:0.12666666666666668
Simple:0.10666666666666667
LoggingFilter:0.08666666666666667
