ArticleQueryService:0.47
Emotions:0.3466666666666667
UserQueryService:0.3308333333333333
ShortLinkQueryService:0.28444444444444444
