Utils:0.46
AtmosphereResourceImpl:0.4533333333333333
DefaultBroadcaster:0.42
Clock:0.3027420634920635
HeartbeatInterceptor:0.17333333333333334
JavaScriptProtocol:0.12666666666666668
