TestCase:0.6771666666666666
ClassTestDescriptor:0.52
JupiterTestDescriptorTests:0.36333333333333334
ExecutionEventRecorder:0.3566666666666667
TestCaseWithInvalidBeforeEachMethod:0.3167619047619048
TestCaseWithInvalidAfterEachMethod:0.3167619047619048
TestCaseWithInvalidBeforeAllMethod:0.3167619047619048
TestCaseWithInvalidAfterAllMethod:0.3167619047619048
LifecycleMethodUtils:0.2063888888888889
