FeatureIterator:0.6766666666666666
DataStore:0.6611111111111111
Query:0.5533333333333333
Lock:0.47166666666666657
Transaction:0.47166666666666657
FeatureType:0.465
Feature:0.39444444444444443
QName:0.32
FeatureCollection:0.20666666666666667
DataStoreListener:0.16333333333333333
FeatureListener:0.16333333333333333
DataStoreException:0.08
DefaultTransaction:0.06666666666666667
DefaultQuery:0.06
Point:0.04
DefaultLock:0.03666666666666667
FeatureEvent:0.023055555555555555
DataStoreEvent:0.0
