MetadataEntityManager:0.5570952380952381
WebserviceBean:0.3466666666666667
KuwaibaService:0.2833333333333333
MetadataEntityManagerImpl:0.27666666666666667
WebserviceBeanRemote:0.235
