ResourceHelper:0.7366666666666667
XMLResourceBundleTask:0.5466666666666666
I18NInitializer:0.16333333333333333
