EntityTableModel:0.47633333333333333
TableView:0.43
ActionRowSelected:0.37333333333333335
