ISqlTemplate:0.48
JdbcSqlTemplate:0.30333333333333334
OracleLobHandler:0.2733333333333333
SymmetricLobHandler:0.24
TestTablesService:0.2127777777777778
AndroidSqlTemplate:0.21
ExtractDataReader:0.18444444444444444
OracleDatabasePlatform:0.16666666666666666
