GspsEncode:0.43
SeriesComparator:0.21
RegionMacro:0.16333333333333333
AspectMacro:0.11333333333333333
DicomObjectComparator:0.1
PixelSpacingMacro:0.03
FlipRotateMacro:0.03
