CertTools:0.6333333333333333
LdapPublisher:0.3933333333333333
DNFieldExtractor:0.2833333333333333
CeSecoreNameStyle:0.19333333333333333
LdapNameStyle:0.16333333333333333
CertToolsTest:0.15
X509NameTokenizer:0.09
DnFieldExtractorTest:0.01
