Type:0.58
LookDefinitionHandler:0.44666666666666666
LookCapacities:0.44333333333333336
Enumerate:0.37666666666666665
TypeRef:0.27
LookCapacitiesHandler:0.25
LookDefinitionHandlerCheckKOTest:0.22666666666666666
LookDefinitionHandlerCheckTest:0.2
LookCapacitiesHandler3Test:0.18666666666666668
LookCapacitiesHandlerTest:0.18666666666666668
LookCapacitiesHandler2Test:0.18666666666666668
LookDefinitionHandlerCheckKO2Test:0.17666666666666667
LookDefinitionHandler3Test:0.17333333333333334
LookDefinitionHandler2Test:0.17333333333333334
WidgetDefinition:0.17
ComponentDefinition:0.17
LookCapacitiesWriterTest:0.16
LookDefinitionHandlerCheckKO3Test:0.13666666666666666
TypeDefinition:0.13166666666666665
PropertyParser:0.13
