LdapIntegrationTestsOperations:0.6066666666666667
DefaultLdapRegisteredServiceMapper:0.3933333333333333
LdapServiceRegistryDaoTests:0.3566666666666667
LdapSpnegoKnownClientSystemsFilterActionTests:0.2966666666666667
