ArrayType:0.3491666666666667
DataStatementAnalyzer:0.31666666666666665
DataTypes:0.28777777777777774
PlanNodeStreamerVisitor:0.25333333333333335
SetType:0.24333333333333335
DynamicReference:0.21777777777777782
DataTypeVisitor:0.2175
CompoundLiteralTest:0.17666666666666667
