Renderer:0.5433333333333333
GdxInvaders:0.38333333333333336
GameLoop:0.32666666666666666
GameOver:0.25666666666666665
MainMenu:0.25666666666666665
