FlowPhaseListener:0.6113333333333334
FlowNavigationHandler:0.44333333333333336
