Collect:0.5133333333333333
Limit:0.4066666666666667
LogicalPlanner:0.295
SQLExecutor:0.2722222222222222
LogicalPlannerTest:0.27
JoinTest:0.18166666666666667
