Device:0.47333333333333333
GPUFluxLightModel:0.38666666666666666
GPUFluxLightTracer:0.29
JOCLDevice:0.26666666666666666
GPUFlux:0.25333333333333335
ComputeContext:0.21333333333333335
JOCLContext:0.17666666666666667
JOCLPlatform:0.17666666666666667
GPUFluxTracer:0.12
DeviceMonitor:0.075
JOCLEvent:0.01
