MapControls:0.4766666666666667
ChatPanel:0.46
Canvas:0.36
GUI:0.3
InGameMessageHandler:0.26277777777777783
UserInputHandler:0.24333333333333335
CanvasKeyListener:0.21
PanelContainer:0.20583333333333334
InGameNetworkListener:0.16
InfoPanel:0.04
DefaultInGameNetworkListener:0.02666666666666667
GUIMessage:0.023333333333333334
