OsgiBundleResource:0.5766666666666667
OsgiBundleResourcePatternResolver:0.5433333333333333
