InMemoryXmlApplicationContext:0.6
SecurityNamespaceHandler:0.4766666666666667
AuthenticationManagerBeanDefinitionParserTests:0.44666666666666666
