ShadowApplication:0.5333333333333333
ShadowContextWrapper:0.39666666666666667
ShadowBitmap:0.39
ApplicationTest:0.24
BitmapTest:0.22
ContextWrapperTest:0.16333333333333333
