MimeInspector:0.4166666666666667
FileUtil:0.37666666666666665
DicomMediaIO:0.3566666666666667
BundleTools:0.2963333333333333
LoadLocalDicom:0.23666666666666666
Thumbnail:0.205
LocalImport:0.18
JIListModel:0.17
DownloadManager:0.13666666666666666
