DefaultGraphRenderer:0.4
Layout2D:0.20333333333333334
EditableLayout:0.16666666666666666
DefaultLayout:0.16666666666666666
