BusinessEntityManagerImpl:0.34
MetadataEntityManagerImpl:0.3233333333333333
Util:0.31666666666666665
Constants:0.2911111111111111
BusinessEntityManagerRemote:0.24392857142857144
CacheManager:0.21333333333333335
ActivityLogEntry:0.14666666666666667
Main:0.12333333333333334
XMLBackupReader:0.07333333333333333
DataIntegrityService:0.06
