ForumActionModule:0.6666666666666666
DefinitionBuilderController:0.36
ForumActionModuleImpl:0.30333333333333334
BuildDefinitionDivs:0.07333333333333333
DisplayConfiguration:0.06666666666666667
