IStructuredbManager:0.65
StructuredbManager:0.4573333333333333
SmartsQueryIterator:0.29
SubStructureIterator:0.29
StructuredbManagerTest:0.2833333333333333
