Downstream:0.5533333333333333
DistributingDownstream:0.37333333333333335
DistributingDownstreamTest:0.36666666666666664
InternalResultProviderFactory:0.24151587301587307
TransportDistributedResultAction:0.21361111111111108
DistributedResultResponseActionListener:0.17666666666666667
Transports:0.08666666666666667
