NameTable:0.4
Types:0.32
TreeConverter:0.27
CompilationUnit:0.24666666666666667
JdtParser:0.2425
Factory:0.19333333333333333
JdtParserEnvironment:0.02666666666666667
