SQLConverter:0.6133333333333333
UcanaccessConnection:0.46888888888888886
UcanaccessSQLException:0.4
UpdateCommand:0.20666666666666667
ViewsLoader:0.17333333333333334
TriggerAppendOnly:0.12333333333333334
