InnerClassExtractorTest:0.33666666666666667
AnonymousClassConverterTest:0.32666666666666666
StatementGeneratorTest:0.31
JavaToIOSMethodTranslatorTest:0.29333333333333333
AutoboxerTest:0.25333333333333335
InitializationNormalizerTest:0.25
ObjectiveCImplementationGeneratorTest:0.23
