SeriesBean:0.3233333333333333
PrincipalBean:0.22666666666666666
PatientBean:0.19
StudyBean:0.18333333333333332
