XavaPreferences:0.615
ViewBase:0.37333333333333335
XCollections:0.3333333333333333
