CasProtocolConstants:0.5405555555555556
SamlIdPConfigurationTests:0.5066666666666667
Cas20ProxyHandler:0.4066666666666667
