DownloadTarget:0.7066666666666667
AbsTarget:0.24333333333333335
SingleTaskActivity:0.24
DownloadFragment:0.2
UploadActivity:0.18
DownloadPopupWindow:0.14333333333333334
DownloadDialog:0.14333333333333334
SimpleNotification:0.14
BtClickListener:0.14
