SPredictionWizardIterator:0.5933333333333334
StockPredictionHelper:0.5233333333333333
StockPredictionTopComponent:0.47833333333333333
