TutorialsRemote:0.4266666666666667
Tutorial:0.41333333333333333
MainWindow:0.3433333333333333
