TextureRegion:0.5866666666666667
Bits:0.39
WidgetGroup:0.2966666666666667
FieldMetadata:0.12
