SVNLabelIncrementer:0.8666666666666667
SVNLabelIncrementerTest:0.37666666666666665
