WebServiceSchedules:0.4572222222222223
WebServicePaths:0.39
WebServiceEpg:0.16333333333333333
