BaseSetup:0.43666666666666665
TestJPPFDriverAdminMBean:0.31
GenericProcessLauncher:0.2866666666666667
DriverProcessLauncher:0.2733333333333333
NodeProcessLauncher:0.21
