AbstractOsgiTests:0.4533333333333333
OsgiServiceStaticInterceptor:0.36
OsgiServiceCollection:0.3333333333333333
OsgiServiceDynamicInterceptor:0.25
