TavernaTestData:0.6333333333333333
DetectHueckelAromaticityTest:0.4266666666666667
CDKTavernaTests:0.19666666666666666
