Utils:0.6333333333333333
DefaultRenderContext:0.45
PlainSQLTest:0.27666666666666667
