PutStoredScriptRequest:0.6166666666666667
ScriptService:0.56
PutStoredScriptRequestTests:0.29333333333333333
