TestPersistentTasksPlugin:0.6276666666666667
PersistentTaskPlugin:0.28476190476190477
