Constitution:0.6266666666666667
DeclaringType:0.5066666666666667
