SoundTouch:0.5033333333333333
SharedLibraryLoader:0.4166666666666667
StbTrueTypeFont:0.3111111111111111
MyJniClass:0.16444444444444445
AudioBuild:0.09666666666666666
