testBiomoby:0.4166666666666667
TestBiomoby3:0.35333333333333333
testBiomoby2:0.26666666666666666
TestMobyRequestHandler:0.08333333333333333
DisplayServiceInfo:0.06
TestBiomobyDiscovery:0.03333333333333333
TestBiomoby4:0.03333333333333333
TestBuildServiceHierarchyFromCache:0.006666666666666667
TestRegistryCache:0.0033333333333333335
TestBiomobyGetLists:0.0
