TcpIpConnectionManager:0.5366666666666666
TcpIpConnection:0.5033333333333333
SocketAcceptorThread:0.20944444444444443
TcpIpConnection_AbstractTest:0.19833333333333333
IOBalancerStressTest:0.11
DefaultNodeContext:0.10666666666666667
Select_TcpIpConnectionManager_ConnectTest:0.09333333333333334
SelectNow_TcpIpConnection_BasicTest:0.09333333333333334
Select_TcpIpConnection_BasicTest:0.09333333333333334
SelectNow_TcpIpConnectionManager_ConnectTest:0.09333333333333334
Select_TcpIpConnection_TransferStressTest:0.09333333333333334
SelectNow_TcpIpConnection_TransferStressTest:0.09333333333333334
