Server:0.6466666666666666
AbstractServerImplBuilder:0.4066666666666667
ServerImpl:0.19666666666666666
Builder:0.16111111111111112
InternalHandlerRegistry:0.14666666666666667
MutableHandlerRegistry:0.09666666666666666
HandlerRegistry:0.07666666666666666
