GwtTeamingMessages:0.31666666666666665
BreadCrumbPanel:0.2611111111111111
FolderColumn:0.25666666666666665
TeamWorkspacesView:0.24666666666666667
GwtViewHelper:0.24
GwtTeamingFilrImageBundle:0.23666666666666666
AccessoriesPanel:0.21222222222222223
DataTableFolderViewBase:0.19
EmptyTeamsComposite:0.18333333333333332
