CloseFuture:0.4266666666666667
NioTransport:0.4033333333333333
ChannelFactory:0.38666666666666666
NioClient:0.27499999999999997
