ParsedReaderResultType:0.6733333333333333
URIParsedResult:0.23333333333333334
NDEFURIParsedResult:0.21
ParsedReaderResultTestCase:0.2
NDEFTextParsedResult:0.17
BookmarkDoCoMoParsedResult:0.16666666666666666
AbstractNDEFParsedResult:0.16465079365079366
GeoParsedResult:0.16333333333333333
AddressBookDoCoMoParsedResult:0.15
EmailAddressParsedResult:0.15
AddressBookAUParsedResult:0.15
URLTOParsedResult:0.14666666666666667
TelParsedResult:0.14
EmailDoCoMoParsedResult:0.12166666666666667
UPCParsedResult:0.09222222222222222
