GwtViewHelper:0.515
ObjectKeys:0.426626984126984
AbstractEntryProcessor:0.25666666666666665
