SerialCorpusImpl:0.9866666666666667
TestSerialCorpus:0.3466666666666667
