AeronArchive:0.4633333333333333
ArchiveConductor:0.4166666666666667
ChannelUriStringBuilder:0.2866666666666667
