Morph:0.42
Interpret:0.4033333333333333
TestMorph:0.3
ParsingFunctions:0.2966666666666667
CharClass:0.0575
