FeatureEditorDialog:0.3933333333333333
FeatureChangeEvent:0.35
TransactionClass:0.3144444444444444
AnnotationChangeEvent:0.31
TransactionOperation:0.26500000000000007
