RebindOperationExecutor:0.44333333333333336
UnbindOperationExecutor:0.44333333333333336
RebindOperationExecutorTest:0.25666666666666665
UnbindOperationExecutorTest:0.25666666666666665
RebindOperationRecorder:0.20555555555555555
UnbindOperationRecorder:0.20555555555555555
UnbindOperationRecorderTest:0.18666666666666668
RebindOperationRecorderTest:0.18666666666666668
