TestCaseUtil:0.6866666666666666
CDKResourceAdapterTestCase:0.38333333333333336
MolecularMechanicsTestCase:0.21666666666666667
QuantumMechanicsTestCase:0.21666666666666667
