AWT:0.52
UnitTestSuite:0.30733333333333335
AppClassLoader:0.29833333333333334
PathClassLoaderTest:0.25333333333333335
MyCode:0.22666666666666666
PathClassLoader:0.21166666666666667
