MultiMatchQueryTests:0.4766666666666667
DecayFunctionScoreTests:0.4766666666666667
MoreLikeThisActionTests:0.42
