SelectStatementAnalyzerTest:0.41
NotPredicate:0.3333333333333333
RelationSplitterTest:0.31666666666666665
SQLPrinter:0.31333333333333335
Operator:0.278
ShowStatementsAnalyzerTest:0.25333333333333335
RelationPrinter:0.23777777777777775
LiteralValueFormatter:0.14666666666666667
TestingSymbolPrinter:0.14333333333333334
SymbolPrintVisitor:0.14333333333333334
SymbolPrinterTest:0.13333333333333333
AnyEqOperator:0.08155555555555556
SymbolFormatFunction:0.0
Strings:0.0
