FlowHandlerAdapter:0.675
FlowHandlerAdapterTests:0.3433333333333333
FlowControllerTests:0.2733333333333333
