RestRequest:0.38
FakeRestRequest:0.15333333333333332
TransportMessage:0.15
HeadersCopyClientTests:0.08333333333333333
BaseRestHandler:0.03
