FakeView:0.53
FakeMapController:0.27
FakeCompoundButton:0.2638888888888889
FakeMapView:0.24
FakeHelper:0.16777777777777778
FakeGeoPoint:0.12333333333333334
ViewTest:0.06333333333333334
MapViewTest:0.05
