Component:0.59
AbstractUITag:0.4066666666666667
FreeMarkerResultTest:0.24
AnchorTest:0.18333333333333332
