RedisClientTest:0.9066666666666666
BaseTest:0.35333333333333333
