PerformLaboratoryResearch:0.4766666666666667
PerformLaboratoryExperiment:0.4066666666666667
CompileScientificStudyResults:0.33666666666666667
AssistScientificStudyResearcher:0.33666666666666667
RespondToStudyInvitation:0.32
ProposeScientificStudy:0.32
PeerReviewStudyPaper:0.32
InviteStudyCollaborator:0.32
Areologist:0.28
StudyFieldSamples:0.24666666666666667
ObserveAstronomicalObjects:0.24
PerformMathematicalModeling:0.19333333333333333
Technician:0.18333333333333332
Astronomer:0.03333333333333333
Botanist:0.03333333333333333
Doctor:0.03333333333333333
Mathematician:0.03333333333333333
Biologist:0.02666666666666667
Chemist:0.02666666666666667
Physicist:0.02
Meteorologist:0.013333333333333334
