JtdsCallableStatement:0.7766666666666666
JtdsPreparedStatement:0.36
JtdsStatement:0.33
BatchTest:0.3277777777777778
