DatabaseMeta:0.6366666666666667
MysqlJdbcExpert:0.20333333333333334
AutoGenerateValueTest:0.20333333333333334
OracleJdbcExpert:0.19666666666666666
