XDSDocumentObject:0.6233333333333333
ShowManifestCtrl:0.32666666666666666
XDSQueryCtrl:0.25666666666666665
