ShardSearchFailure:0.7433333333333333
StatsTests:0.2966666666666667
ExtendedStatsTests:0.2966666666666667
