MapProxySupport:0.5888888888888889
InvocationFuture:0.5633333333333334
