MossModel:0.65
ParametersPage2:0.2733333333333333
MossWizard:0.20666666666666667
ParametersPage:0.16777777777777778
