Complaint:0.5866666666666667
MedicalManager:0.42888888888888893
XmlReader:0.22666666666666666
