MeshBuilder:0.47
BaseShadowSystem:0.2833333333333333
MeshPartBuilder:0.27166666666666667
BoundingSphereDirectionalAnalyzer:0.26611111111111113
GLFrameBuffer:0.19799999999999998
FirstPassBaseShadowSystem:0.13666666666666666
LwjglNativesLoader:0.1
