TableManager:0.5133333333333333
QueryFragmentFunction:0.3
MakumbaSystem:0.2511111111111111
ptrEditor:0.22944444444444448
CodeGenerator:0.22833333333333333
DevelUtils:0.21
LineViewer:0.21
DataTypeListerServlet:0.12333333333333334
ParameterAssigner:0.10666666666666667
