HyperLogLogPlus:0.6966666666666667
TestHyperLogLogPlus:0.3233333333333333
Varint:0.19333333333333333
