TestClass:0.6633333333333333
JUnit4ClassRunner:0.39
Suite:0.2633333333333333
Parameterized:0.25
TestClassRunnerForParameters:0.2038888888888889
TheoryAnchor:0.16777777777777778
SingleMethodTest:0.05333333333333334
Theories:0.05
StubbedTheories:0.03666666666666667
