DeviceLayoutEditorTopComponent:0.4855555555555555
DeviceLayoutImporter:0.44333333333333336
DeviceLayoutExporter:0.25333333333333335
