JsfViewFactory:0.6233333333333333
JsfViewFactoryTests:0.3466666666666667
JSFFlowExecutionTests:0.32666666666666666
JsfRenderFinalResponseActionTests:0.22666666666666666
JsfViewFactoryCreator:0.17333333333333334
