NodeGroup:0.6166666666666667
PartitionStateGenerator:0.3416666666666667
PartitionManager:0.25666666666666665
SingleNodeGroup:0.25
DefaultNodeGroup:0.24
PartitionStateGeneratorTest:0.22666666666666666
PartitionStateGeneratorImpl:0.22666666666666666
