ChronicleMapTest:0.6166666666666667
TCPSocketReplicationBootStrapTest:0.4066666666666667
LargeEntriesTest:0.32
