BaseTest:0.54
SemanticPipeline:0.37666666666666665
TestCompositeGrammars:0.33
TestAttributeChecks:0.25333333333333335
TestATNConstruction:0.22333333333333333
TestPerformance:0.18244444444444444
