MapDisplay:0.3433333333333333
LegendDisplay:0.28
CannedMarsMap:0.25
GlobeDisplay:0.23
GroundVehicle:0.22277777777777777
TaskDrive:0.20666666666666667
TopoMarsMap:0.16
NavigatorWindow:0.14666666666666667
TerrainElevation:0.12333333333333334
SplashWindow:0.10315656565656565
VirtualMars:0.07583333333333334
SurfMarsMap:0.006666666666666667
