Http1xTest:0.47333333333333333
HttpClientOptions:0.4266666666666667
HttpServerOptions:0.4033333333333333
ConnQueue:0.29
ChannelConnector:0.23833333333333334
HttpServerImpl:0.22333333333333333
ConnectionKey:0.16066666666666668
ConnectionManager:0.14666666666666667
QueueManager:0.006666666666666667
