ModuleTestBase:0.505
AddElementsToCollectionAction:0.2833333333333333
WorkCostTest:0.23
SaveCollectionTotalsAction:0.2182777777777778
RemoveSelectedInCollectionAction:0.18
