AnnotationEditor:0.7183333333333334
JFontChooser:0.5033333333333333
