ReceiverThread:0.4666666666666667
MediaDriverAdminThread:0.45666666666666667
RcvFrameHandler:0.42
BasicBufferManagementStrategy:0.34
