RDFManager:0.7433333333333333
IJenaStore:0.6838492063492063
PelletManager:0.26666666666666666
