Flow:0.71
XmlFlowBuilder:0.4533333333333333
LocalFlowArtifactFactory:0.34
FlowRegistryImpl:0.22166666666666668
XmlFlowBuilderTests:0.20877777777777778
FlowRegistry:0.12833333333333333
LocalFlowArtifactRegistry:0.06666666666666667
StaticFlowDefinitionHolder:0.023333333333333334
