BuildingConstructionMission:0.6316666666666667
SVGMapUtil:0.47
StructureMapLayer:0.27666666666666667
