DataFrameHandler:0.5
MediaConductorTest:0.31
MediaConductor:0.24333333333333335
SubscriptionMessageFlyweight:0.23333333333333334
ReceiverTest:0.22166666666666668
EventCodec:0.21666666666666667
MediaDriverProxy:0.19666666666666666
Receiver:0.13
AddSubscriptionCmd:0.09333333333333334
RemoveSubscriptionCmd:0.09333333333333334
ReceiverProxy:0.08
