Config:0.7166666666666667
GAMEAdapter:0.4166666666666667
AbstractChadoInstance:0.31666666666666665
GAMESave:0.30333333333333334
XmlConfigFileParser:0.19333333333333333
