Tds:0.6866666666666666
CallableStatement_base:0.2966666666666667
TimestampTest:0.25
DatabaseTestCase:0.25
PreparedStatement_base:0.22666666666666666
TdsStatement:0.19666666666666666
