DataStructureAdapter:0.7666666666666667
AbstractNearCacheBasicTest:0.3433333333333333
ReplicatedMapDataStructureAdapterTest:0.19333333333333333
ReplicatedMapDataStructureAdapter:0.18
ICacheDataStructureAdapter:0.18
IMapDataStructureAdapter:0.18
TransactionalMapDataStructureAdapterTest:0.17666666666666667
IMapDataStructureAdapterTest:0.17666666666666667
TransactionalMapDataStructureAdapter:0.16333333333333333
ICacheDataStructureAdapterTest:0.14333333333333334
