WindowsDirectInputDevice:0.5866666666666667
WindowsPeerInfo:0.41
WindowsAWTInput:0.4033333333333333
WindowsCanvasImplementation:0.26
