Property:0.7633333333333333
AbstractProperty:0.31333333333333335
IntegerProperty:0.3
FloatProperty:0.3
BooleanProperty:0.23333333333333334
LongProperty:0.20555555555555557
DoubleProperty:0.20555555555555557
DecimalProperty:0.15666666666666668
BaseIntegerProperty:0.11
