TestUtil:0.8285555555555556
ArchiveRecordingLoadTest:0.5266666666666666
ArchiveReplayLoadTest:0.41333333333333333
