Util:0.8066666666666666
UtilTest:0.31333333333333335
Context:0.17333333333333334
