WebKeys:0.5910000000000001
BuildDefinitionDivs:0.37333333333333335
AjaxController:0.28
