UnicodeFont:0.57
Hiero:0.4
HieroSettings:0.34
GlyphPage:0.2633333333333333
Renderer:0.18333333333333332
