Builder:0.8466666666666667
ByteBuddy:0.43666666666666665
AbstractDynamicTypeBuilderTest:0.27666666666666667
SubclassDynamicTypeBuilderTest:0.2728888888888889
AbstractDynamicTypeBuilderForInliningTest:0.2728888888888889
