Planner:0.5166666666666667
Context:0.49
PlannerTest:0.37
TransportExecutorTest:0.23
InsertFromSubQueryConsumer:0.19833333333333333
DDLStatementDispatcher:0.17333333333333334
SQLTransportIntegrationTest:0.17111111111111113
FetchOperationIntegrationTest:0.16
Visitor:0.15
TransportExecutorUpsertTest:0.14333333333333334
ConsumingPlanner:0.09666666666666666
