RightSet:0.44333333333333336
WorkAreaOperation:0.43666666666666665
AclItemPermissionMapper:0.31711111111111107
AclResourceDriver:0.22166666666666668
