NewTag:0.4683333333333333
AddTag:0.30333333333333334
ValueTag:0.20666666666666667
IfTag:0.20666666666666667
