Mode:0.48
SortableTableModel:0.36722222222222217
EntityTableModel:0.30666666666666664
PropertyTableModel:0.225
ModelWrapper:0.22
TableView:0.17333333333333334
FamiliesBean:0.16333333333333333
PatchedHeaderRenderer:0.10666666666666667
SortClickMouseListener:0.10333333333333333
PropertyTableWidget:0.07555555555555554
