MyComparator:0.5405555555555556
MethodPrinter:0.49333333333333335
InnerEnum:0.42333333333333334
SpringLoadedTestsInSeparateJVM:0.36333333333333334
