QedeqVoBuilder:0.43
SimpleProofFinderExecutor:0.36333333333333334
Qedeq2UnicodeVisitor:0.3333333333333333
ProofFinderUtility:0.17333333333333334
