MEF2Visitor:0.41333333333333333
XmlVisitor:0.39666666666666667
Importer:0.30666666666666664
MEF2Exporter:0.2833333333333333
MEFConstants:0.06333333333333334
