Variable:0.41333333333333333
ProcessDefinition:0.39666666666666667
TypeNameMapping:0.37333333333333335
GraphElement:0.36333333333333334
FormNode:0.2733333333333333
IDirtyListener:0.27051984126984113
State:0.26666666666666666
DesignerEditor:0.25666666666666665
MappingDialog:0.25
DateVariablePropertyDescriptor:0.25
Swimlane:0.23666666666666666
DesignerGraphicalEditorPart:0.21333333333333335
UpdateMappingDialog:0.20666666666666667
ExportParWizardPage:0.20666666666666667
InfoPathSupport:0.19833333333333333
ChooseDateVariableDialog:0.18166666666666667
SubprocessDialog:0.18
BSHEditorDialog:0.17333333333333334
DesignerEditorActionBarContributor:0.17333333333333334
ConcurrentNode:0.17
DesignerSwimlaneEditorPage:0.16166666666666665
MarkerContentProvider:0.16
ElementTypeDefinition:0.14666666666666667
SwimlaneActionsDelegate:0.145
OpenFormEditorDelegate:0.14166666666666666
NamedGraphElement:0.13666666666666666
OrgFunctionsRegistry:0.13555555555555554
ErrorLogView:0.13333333333333333
CreateSwimlaneAction:0.12
CreateVariableDialog:0.11666666666666667
OrgFunctionDefinition:0.11555555555555558
CreateVariableSelectionListener:0.11
CreateNewSwimlaneDialog:0.11
EditSelectionAdapter:0.09777777777777778
AddSelectionAdapter:0.06333333333333334
CheckNewSelectionAdapter:0.023333333333333334
DeleteSelectionAdapter:0.0033333333333333335
TabSelectionHandler:0.0025
ComboSelectionHandler:0.0025
MoveViewportThread:0.0
