CmpTcpCommandHandler:0.4866666666666667
CmpServlet:0.37333333333333335
ScepServlet:0.37333333333333335
