JtdsDatabaseMetaData:0.49333333333333335
PreparedStatementTest:0.42
JtdsPreparedStatement:0.3466666666666667
CallableStatementTest:0.33
