BuildLoopStatusReportTask:0.4903174603174603
ProjectInfo:0.4872222222222223
BuildLoopMonitorTest:0.4533333333333333
