NBNode:0.66
NodeInfoJdbc:0.38333333333333336
XMLio:0.15833333333333333
NodeInfoRetriever:0.13666666666666666
EdgeInfoJdbc:0.1
FileDbMergeNodeFactory:0.06333333333333334
NodeFactoryI:0.036166666666666666
