SmilesParserTest:0.7383333333333333
LoggingToolTest:0.6576666666666667
