StepExecution:0.6866666666666666
Entity:0.3744444444444444
