MetaDataCreateIndexService:0.495
ImmutableOpenMapHasAllKeysMatcher:0.49
IndexCreationTask:0.2633333333333333
CollectionAssertions:0.08333333333333333
IndexValidator:0.07611111111111112
