SwitchEditViewAction:0.46
JCampContentProvider:0.42
SpectrumMetadataView:0.32666666666666666
JCampLabelProvider:0.30333333333333334
JCampEditCellModifier:0.03
