MiscCodec:0.73
ParserConfig:0.4033333333333333
SerializeConfig:0.3433333333333333
FastMatchCheckTest:0.17666666666666667
