TaskHandlerClassesInformationSingleton:0.33666666666666667
WfeScriptRunner:0.2833333333333333
UpdatePasswordAction:0.22333333333333333
ExecutorLogic:0.21666666666666667
Messages:0.21194444444444446
WeakPasswordException:0.20666666666666667
AFInitializerLogic:0.18
ActionExceptionHelper:0.1622222222222222
ResourceCommons:0.16
CommonResources:0.12333333333333334
