Option:0.616388888888889
Filler:0.38666666666666666
AdminProcessor:0.36333333333333334
