MJIEnv:0.89
JPF_java_lang_reflect_Method:0.2966666666666667
JPF_java_lang_reflect_Constructor:0.17333333333333334
