Flyway:0.7033333333333334
MigrationInfoImpl:0.37666666666666665
DbMigrator:0.24666666666666667
MigrationInfoServiceImpl:0.22
FlywayMediumTest:0.18
MigrateTask:0.18
