AsyncTestBase:0.5233333333333333
VertxTestBase:0.3466666666666667
HandlerHolder:0.29333333333333333
MetricsTest:0.2833333333333333
FakeEventBusMetrics:0.26666666666666666
NetClientImpl:0.26666666666666666
DatagramSocketImpl:0.24333333333333335
HandlerRegistration:0.185
