RuntimeError:0.72
AbstractVirtualMachine:0.41333333333333333
StackTraceManagerPlugin:0.25666666666666665
RuntimeObject:0.19305555555555554
ErrorPlugin:0.17
DefaultPluginLoader:0.1325
StepInto:0.11
StepBackInto:0.11
StepOver:0.11
ExceptionManager:0.04
