CoreMetaData:0.5933333333333334
PriceInputParameter:0.42333333333333334
PriceHolder:0.30333333333333334
TestCoreMetaData:0.19333333333333333
