RecordingOutputStream:0.7733333333333333
ReplayInputStream:0.35333333333333333
RecordingInputStream:0.32661111111111113
HttpRecorder:0.30333333333333334
RecordingOutputStreamTest:0.07333333333333333
