PersistenceManager:0.5533333333333333
Record:0.5266666666666666
MatchAlgorithm:0.46366666666666667
SubjectMatchFieldsDAO:0.29333333333333333
FindSubjectsHandler:0.21666666666666667
ScoredRecord:0.21333333333333335
EMPIAdapter:0.2105952380952381
PIXRequestHandler:0.15
AddSubjectHandler:0.13
RecordBuilder:0.12666666666666668
FRILMatchAlgorithm:0.11666666666666667
MergeSubjectsHandler:0.09666666666666666
BaseEMPIAdapter:0.09666666666666666
BaseHandler:0.09666666666666666
UpdateSubjectHandler:0.09
FuzzyNameSearchTransformFunction:0.03
PIXUpdateNotificationHandler:0.023333333333333334
