RBTreeMap:0.7366666666666667
AnnotationSetImpl:0.4592619047619047
TestAnnotation:0.29
FeatureBearer:0.15694444444444444
