FlatFileItemWriter:0.5666666666666667
FileWriterCallback:0.5647698412698412
FlatFileItemWriterTests:0.37666666666666665
