OrderBy:0.6283333333333333
Cnd:0.41333333333333333
SimpleCriteria:0.30333333333333334
GroupBySet:0.23666666666666666
OrderBySet:0.23333333333333334
