World:0.6216666666666667
ScreenUtils:0.2833333333333333
JniGenTest:0.18333333333333332
LwjglDebugStarter:0.16
