CommonDependencyInjection:0.5577777777777778
TextStellentConverter:0.19416666666666665
