Element:0.6
CodeStyleTest:0.34
NotYetImplementedTest:0.3
BrowserConfiguration:0.25
HtmlSerializer:0.20666666666666667
RecursiveFunctionObject:0.17166666666666666
HTMLAllCollection:0.17
HTMLUnknownElement:0.15666666666666668
TestCaseCorrector:0.14333333333333334
