Messages:0.66
RWorkspace:0.5766666666666667
RFileCommunication:0.3466666666666667
ConcordancesEditor:0.2966666666666667
Diagnostic:0.25333333333333335
CA:0.24666666666666667
LexicalTableEditor:0.21333333333333335
SpecificitesResult:0.19333333333333333
Repartition:0.18666666666666668
Lexicon:0.18666666666666668
RPreferencePage:0.17
PartsSize:0.09333333333333334
ExportPreferencePage:0.09
DeleteObject:0.06
Rsymbol:0.0
