Vertx:0.7083333333333333
LocalEventBusTest:0.42
DefaultVertx:0.34
TestUtils:0.2833333333333333
ClusteredEventBusTest:0.27
WrappedVertx:0.24333333333333335
