TupleInfo:0.6933333333333334
Builder:0.4427777777777777
