Generator:0.6028333333333333
JavaGenerator:0.44
AbstractGenerator:0.32
GenerationTool:0.24777777777777782
