PipelineExecutionService:0.65
IngestClientIT:0.44333333333333336
IngestActionFilter:0.35333333333333333
IngestGeoIpRestIT:0.125
IngestGrokRestIT:0.125
