AbstractTestHiveClient:0.6255555555555556
BenchmarkHiveFileFormats:0.5
HiveClientModule:0.22333333333333333
TestHiveFileFormats:0.20333333333333334
