AsyncBroadcastAction:0.49333333333333335
TransportSQLActionTest:0.44
ESDocLookup:0.30600000000000005
TransportDistributedSQLAction:0.25
SQLQueryService:0.14333333333333334
