BinderHelper:0.635
ListFolderController:0.49333333333333335
WebKeys:0.18833333333333332
