InformationSchemaTableHandle:0.4533333333333333
InformationSchemaColumnHandle:0.3933333333333333
InformationSchemaTransactionHandle:0.33666666666666667
InformationSchemaMetadata:0.30333333333333334
TestInformationSchemaTableHandle:0.15333333333333332
InformationSchemaConnector:0.13
