NBrowseApplet:0.6033333333333334
StepManager:0.4166666666666667
MetaObserver:0.35333333333333333
EdgeFilterView:0.16
