CdkJmolAdapter:0.6683333333333333
RunScriptAction:0.43666666666666665
Bc_jmolPlugin:0.37
