Builder:0.35333333333333333
DiscoveryNodes:0.32666666666666666
