JobExecutionTests:0.30333333333333334
StepExecutionTests:0.28
TestSerializable:0.2334126984126984
JobParametersTests:0.17
ExecutionContextTests:0.1
JobInstanceTests:0.02
