TedSerie:0.6033333333333334
SeasonEpisodeScheduler:0.3333333333333333
AddShowDialog:0.25
TedParser:0.24
EpisodeParserThread:0.17333333333333334
ShowInfoThread:0.12333333333333334
