LogisticRegression:0.7482777777777778
ActorNetworkRunner:0.44527777777777783
