PropertyPlace:0.5933333333333334
SetPlaceHierarchy:0.25166666666666665
PlaceBean:0.18266666666666667
