LightweightWindowManager:0.5366666666666666
App:0.4766666666666667
DefaultWindowManager:0.44666666666666666
AbstractWindowManager:0.22666666666666666
