EmailPublisher:0.9433333333333334
EmailPublisherTest:0.42333333333333334
