OracleDataStore:0.5572222222222223
PostgresDataStore:0.37166666666666665
