ClassySharkPanel:0.4755555555555555
DisplayArea:0.47333333333333333
IDisplayArea:0.3000555555555556
