DefaultJSONParser:0.6233333333333333
JSONSerializer:0.3233333333333333
JavaBeanDeserializer:0.24
SerialContext:0.22
ASMDeserializerFactory:0.20666666666666667
CollectionSerializer:0.1411111111111111
