EvictionOperator:0.49333333333333335
DefaultRecordStore:0.4166666666666667
MapContainer:0.34
AbstractEvictableRecordStore:0.30666666666666664
AbstractRecordStore:0.2633333333333333
MapDataStores:0.23
AbstractMapServiceContextSupport:0.22666666666666666
MapServiceContextSupport:0.19833333333333333
MapContainerSupport:0.19
