MockBundleTest:0.6333333333333333
EntryLookupControllingMockBundleTest:0.17666666666666667
ArrayEnumeratorTest:0.17333333333333334
MockServiceRegistrationTest:0.14
