ApolloPanel:0.6466666666666666
ColumnApolloLayout:0.30666666666666664
