PagesHashStrategy:0.7323611111111111
SimplePagesHashStrategy:0.3933333333333333
InMemoryJoinHash:0.35333333333333333
JoinCompiler:0.27
PagesHashStrategyFactory:0.09333333333333334
