SharingModule:0.54
WorkAreaOperation:0.45
PerUserShareRightsInfo:0.37333333333333335
GwtTeamingMessages:0.32666666666666666
GwtViewHelper:0.27
UserPropertiesDlg:0.26666666666666666
RightSet:0.26666666666666666
GwtServerHelper:0.24333333333333335
UserShareRightsDlg:0.24
UserSharingRightsInfoRpcResponseData:0.24
GwtMenuHelper:0.22
BinderModuleImpl:0.19333333333333333
AbstractFolderModule:0.19333333333333333
GwtShareHelper:0.19
AbstractZoneModule:0.18666666666666668
ObjectKeys:0.17777777777777776
SharingModuleImpl:0.16
