AtInjectBinding:0.44666666666666666
Linker:0.23666666666666666
ModuleAdapter:0.23
ObjectGraph:0.23
ProvidesProcessor:0.15666666666666668
CodeGen:0.12333333333333334
ReflectiveModuleAdapter:0.01
