TopologyViewScene:0.5066666666666667
TopologyViewTopComponent:0.49333333333333335
TopologyViewService:0.35383333333333333
