LocalCacheFactoryGenerator:0.5333333333333333
Specifications:0.45633333333333337
BoundedLocalCache:0.43
NodeFactoryGenerator:0.4116666666666667
