CurrentBuildStatusFTPBootstrapper:0.44333333333333336
AbstractFTPClass:0.43055555555555564
CurrentBuildStatusFTPPublisher:0.27666666666666667
CurrentBuildStatusFTPBootstrapperTest:0.10333333333333333
