Value:0.76
CommChannelHandlerRunnable:0.17333333333333334
SolicitResponseProcess:0.13777777777777778
NotificationProcess:0.13777777777777778
