CasManagementWebAppConfiguration:0.5833333333333334
CasWebAppConfiguration:0.20666666666666667
CasWebflowContextConfiguration:0.16333333333333333
