Util:0.7566666666666667
AlarmQueryParms:0.3166111111111111
AlarmFilterController:0.15666666666666668
AlarmFeed:0.10666666666666667
