ARBTextureCubeMap:0.894626984126984
ARBPointSprite:0.25594227994228
