NodeViewI:0.6633333333333333
GraphViewI:0.6366666666666667
JnetManager:0.41800000000000004
NodeView:0.37
GraphData:0.36
NbrowseGoose:0.2991666666666667
