Weapon:0.67
VehicularGun:0.4066666666666667
VehicularMG:0.2966666666666667
