JnetManager:0.49333333333333335
LayoutThread:0.48333333333333334
