RelationAnalyzer:0.46
ViewsMetaData:0.37
Schemas:0.3333333333333333
Builder:0.30333333333333334
ViewsITest:0.3
