ARCWriter:0.7333333333333333
CrawlController:0.5538888888888889
ARCWriterProcessor:0.2866666666666667
