ClientReplicatedMapProxy:0.565
UuidUtil:0.48111111111111116
BackpressureRegulator:0.2916666666666667
