Vector:0.6759444444444445
Vector3:0.36666666666666664
Vector2:0.31333333333333335
ImmediateModeRenderer20:0.27666666666666667
Group:0.21333333333333335
Animation:0.20333333333333334
SharedLibraryLoader:0.18666666666666668
LwjglDebugStarter:0.10666666666666667
TimerTest:0.09744444444444443
