Environment:0.5966666666666667
Encodings:0.4646666666666667
Processor:0.37333333333333335
SourceExtraction:0.37
