IType:0.8866666666666667
RubyType:0.48333333333333334
