InferenceObservable:0.8766666666666667
BasicInferenceObservable:0.44333333333333336
ObservablesProvider:0.36
