ReportModule:0.5466666666666666
AjaxController:0.43666666666666665
WebKeys:0.2720555555555556
RelevanceAjaxController:0.2633333333333333
RelevanceDashboardHelper:0.26
ReportModuleImpl:0.14333333333333334
