AbstractTicketValidator:0.5247777777777778
AbstractTicketValidatorTests:0.38666666666666666
MockAbstractTicketValidator:0.3644444444444444
