WebFilter:0.53
HazelcastHttpSession:0.49333333333333335
JettyWebFilterTest:0.18666666666666668
TestServlet:0.14333333333333334
