ComponentText:0.31666666666666665
Style:0.14666666666666667
ChartHorizontalBar:0.06
ChartStackedArea:0.05333333333333334
ChartLine:0.05333333333333334
ChartScatter:0.05333333333333334
DecoratorAccordion:0.05333333333333334
ComponentTable:0.02666666666666667
ChartHistogram:0.016666666666666666
Chart:0.006666666666666667
