MissionManager:0.6066666666666667
MetaMissionUtil:0.26
UnloadVehicleEVAMeta:0.22
LoadVehicleEVAMeta:0.22
LoadVehicleGarageMeta:0.16333333333333333
UnloadVehicleGarageMeta:0.16333333333333333
