InGameController:0.6366666666666667
Canvas:0.5966666666666667
DragListener:0.31
