Geometry:0.6933333333333334
Branch:0.39666666666666667
GeometryTest:0.31333333333333335
OpGetMax:0.25333333333333335
EditableEdge:0.21666666666666667
