Location:0.6166666666666667
LocationTest:0.36
GWT14Test:0.30333333333333334
