IVMInstallType:0.6861111111111111
RubyRuntime:0.45666666666666667
StandardVMType:0.3
VMListener:0.08666666666666667
