TableUtils:0.7466666666666667
ColumnUtils:0.3933333333333333
ReferenceUtils:0.3433333333333333
