ScreenReader:0.5404444444444444
FocusController:0.25
JMenuItemReader:0.2
EditorReader:0.18
AbstractScreenReader:0.17666666666666667
DefaultReader:0.17666666666666667
UberEvent:0.17555555555555555
ScreenReaderFactory:0.14
JComboBoxReader:0.07333333333333333
JButtonReader:0.07333333333333333
JTreeReader:0.07333333333333333
JListReader:0.056666666666666664
JRadioButtonReader:0.04
