JsonObject:0.46
JsonArray:0.44333333333333336
Utils:0.3775
BufferImpl:0.36
JsonObjectTest:0.29333333333333333
JsonArrayTest:0.2833333333333333
ClusterSerializable:0.2523888888888889
