AbstractSeqTest:0.4166666666666667
AbstractTraversableOnceTest:0.37666666666666665
TreeSet:0.33
HashSetTest:0.29
QueueTest:0.29
ArrayTest:0.29
StreamTest:0.29
StackTest:0.29
IteratorTest:0.29
VectorTest:0.29
ListTest:0.29
AbstractValueTest:0.2733333333333333
TreeSetTest:0.17333333333333334
