SimpleStepFactoryBean:0.43
ItemOrientedStep:0.4266666666666667
ItemOrientedStepTests:0.2866666666666667
SimpleJobTests:0.22
ConfigBeanDefinitionParser:0.20666666666666667
AbstractStep:0.162
StepExecutorInterruptionTests:0.15333333333333332
TaskletStep:0.13777777777777778
SimpleStepFactoryBeanTests:0.0
