NewAttributeAction:0.6733333333333333
DataModelManagerTopComponent:0.4633333333333333
AttributeMetadataNode:0.27
ClassMetadataCustomizerNodeProperty:0.24666666666666667
AttributeCustomizerNodeProperty:0.03666666666666667
DataModelManagerServices:0.03
AttributeMetadataChildren:0.02
