JCPEditorAppletBugsTest:0.6487777777777778
CopyPasteAction:0.38333333333333336
