GUIUtil:0.59
FileChooserWithOverwritePrompting:0.5
SaveImageAsSVGPlugIn:0.22333333333333333
SaveProjectAsPlugIn:0.21777777777777782
