PointerBuffer:0.7333333333333333
APIUtil:0.41333333333333333
CLPlatform:0.22
CLMemUtil:0.21333333333333335
PointerWrapperAbstract:0.2038888888888889
HelloOpenCL:0.18333333333333332
CLContextUtil:0.15666666666666668
