MockWebConnection:0.68
WebClientTest:0.26666666666666666
XMLHttpRequestTest:0.24
XMLHttpRequest2Test:0.21333333333333335
LocationTest:0.21333333333333335
HTMLImageElementTest:0.20666666666666667
HTMLDocumentWriteTest:0.19666666666666666
HtmlFormTest:0.18
HTMLFormElementTest:0.18
CacheTest:0.13333333333333333
