DBCollection:0.5233333333333333
MongoNamespace:0.35
DB:0.30333333333333334
MongoDatabaseImpl:0.25333333333333335
