StreamInput:0.48333333333333334
Status:0.22166666666666668
NamedWriteableRegistry:0.19333333333333333
AbstractSortTestCase:0.19333333333333333
BytesStreamsTests:0.19
SmoothingModelTestCase:0.16333333333333333
BaseAggregationTestCase:0.16333333333333333
NamedWriteableAwareStreamInput:0.16
AbstractShapeBuilderTestCase:0.15333333333333332
ReindexPlugin:0.14
TestNamedWriteable:0.11666666666666667
DummyTaskStatus:0.11666666666666667
NetworkModule:0.11666666666666667
NetworkModuleTests:0.11333333333333333
Reader:0.10333333333333333
Writeable:0.09333333333333334
InnerRegistry:0.07666666666666666
