ControlTester:0.5933333333333334
ScrollBarTester:0.2833333333333333
CaretTester:0.28
ToolTipTester:0.25666666666666665
