DefaultRecordStore:0.5933333333333334
PartitionContainer:0.32666666666666666
MapLockTest:0.30333333333333334
