TaskStats:0.57
StageStats:0.5366666666666666
QueryStats:0.5133333333333333
TaskContext:0.33666666666666667
SqlStageExecution:0.2758333333333333
QueryStateMachine:0.2725
TaskSystemTable:0.13
QueryMonitor:0.11833333333333333
TestTaskStats:0.09666666666666666
TestQueryStats:0.03333333333333333
TestStageStats:0.03333333333333333
