RDFContainer:0.7911111111111111
SesameRDFContainer:0.6796666666666666
