AssignmentStep:0.6433333333333333
Action:0.26199999999999996
ActionMap:0.22
SodbeansSoundMap:0.21666666666666667
AssignmentAction:0.14333333333333334
MoveAction:0.14
SodbeansAudioListener:0.11333333333333333
