InjectAdapterProcessor:0.6627777777777778
ModuleAdapterProcessor:0.6066666666666667
