TupleInfo:0.7833333333333333
BlockBuilder:0.30333333333333334
TestSumAggregation:0.25
TestTupleInfo:0.21666666666666667
TestCsvFileScanner:0.16666666666666666
