EmbedClientConfigDefaultTest:0.51
EmbedClientConfigStatefulTest:0.49666666666666665
EmbedClientConfigStatelessTest:0.49666666666666665
