JobExecutionRowMapper:0.39020634920634917
StepExecutionDao:0.366
JdbcStepExecutionDao:0.31333333333333335
SimpleJobRepository:0.29
SimpleJobRepositoryTests:0.26666666666666666
MockStepDao:0.25666666666666665
AbstractStepDaoTests:0.24333333333333335
StepExecutionRowMapper:0.19666666666666666
MapStepDao:0.17666666666666667
JdbcStepDaoPrefixTests:0.17
JdbcJobExecutionDao:0.12666666666666668
