SearchResultViewer:0.4988888888888889
Messages:0.45118253968253963
ViewSearchResults:0.44333333333333336
