ComputationException:0.4592619047619047
ComputationStrategyFactory:0.43888888888888894
ComputeEnergy:0.43333333333333335
NoComputationStrategyException:0.13166666666666665
