AbstractExtensionContext:0.5033333333333333
MethodBasedTestExtensionContext:0.43666666666666665
ClassBasedContainerExtensionContext:0.2966666666666667
