StrandedZoomableApolloPanel:0.39666666666666667
SyntenyGFFAdapterGUI:0.31
SyntenyPanel:0.25
MovementPanel:0.23666666666666666
ChromosomeDrawer:0.22666666666666666
GFFFile:0.22
SyntenyGFFAdapter:0.20666666666666667
DataLoader:0.18694444444444444
FullSyntenyPanel:0.17
EnsemblDbDialog:0.14333333333333334
SyntenyLinkPanel:0.14333333333333334
