DefaultResultMapBuilderTest:0.5033333333333333
PackageBasedActionConfigBuilder:0.36666666666666664
ConventionUnknownHandler:0.23
DummyContainer:0.21
ClasspathConfigurationProvider:0.20333333333333334
PackageBasedActionConfigBuilderTest:0.17666666666666667
DefaultResultMapBuilder:0.15333333333333332
ClasspathPackageProvider:0.08333333333333333
