NettyResponseStatus:0.5233333333333333
HttpResponseStatus:0.27666666666666667
HttpHandler:0.25
WebSocketHandler:0.17955555555555555
NettyAsyncResponseTest:0.16
HttpStatusWrapper:0.14666666666666667
