AbstractNumericProperty:0.5166666666666667
PropertyBuilder:0.45
PropertyBuilderTest:0.2966666666666667
AbstractNumericPropertyTest:0.25666666666666665
