ClientConnection:0.6366666666666667
SizeEstimatorTest:0.33
ClientConnectionManagerImpl:0.31333333333333335
Heartbeat:0.25
MergeOperation:0.22
InitConnectionTask:0.15444444444444444
