EnsCGIAdapterGUI:0.7669444444444444
URLQueryGenerator:0.38083333333333336
