Warehouse2:0.37333333333333335
Service:0.37333333333333335
Subfamily:0.36666666666666664
ServiceData:0.3566666666666667
CustomerData:0.35333333333333333
Customer:0.3466666666666667
Seller:0.33666666666666667
Delivery:0.3
Product:0.28
Carrier:0.28
Product3:0.26
Subfamily2:0.24666666666666667
Shipment:0.24
Invoice:0.22
ServiceCMP:0.21
ServiceType:0.20666666666666667
CustomerCMP:0.20333333333333334
Clerk:0.18333333333333332
Office:0.17666666666666667
Product2:0.17
Family2:0.10333333333333333
TransportCharge:0.10333333333333333
State:0.051666666666666666
DrivingLicence:0.051111111111111114
SellerLevel:0.04777777777777777
DeliveryType:0.04777777777777777
FilterBySubfamily:0.04527777777777778
