AWTGLCanvas:0.7113888888888888
PeerInfo:0.38666666666666666
AWTTest:0.13333333333333333
