LwjglCanvas:0.6833333333333333
LwjglGraphics:0.64
LwjglFrame:0.21333333333333335
