SideKickCompletion:0.6716666666666666
KeyHandler:0.4766666666666667
ListHandler:0.37211111111111106
SideKickCompletionPopup:0.32
