Public:0.59
Book:0.24333333333333335
FilmActor:0.21333333333333335
Language:0.21
Film:0.20927777777777778
Actor:0.20927777777777778
Author:0.20927777777777778
BookToBookStore:0.19983333333333334
Sequences:0.19666666666666666
BookStore:0.19333333333333333
