GetResult:0.6776666666666668
InternalEngine:0.5166666666666667
InternalEngineTests:0.39666666666666667
