GEFFinderTest:0.3233333333333333
GEFHierarchyTest:0.17666666666666667
GEFFigureMatcherTest:0.17333333333333334
GEFTextMatcherTest:0.15333333333333332
GEFClassMatcherTest:0.15333333333333332
GEFFigureTesterTest:0.14333333333333334
