Context:0.41333333333333333
EditView:0.38333333333333336
Back:0.38333333333333336
Redo:0.21666666666666667
Undo:0.21666666666666667
Images:0.19066666666666668
ViewContext:0.17
OpenForEdit:0.11666666666666667
Forward:0.08
