OnlyReadDetailsInvoiceTest:0.7719444444444444
OnlyEditDetailsInvoiceTest:0.5442777777777777
