MakumbaComponentDataHandler:0.6766666666666666
UIRepeatListComponent:0.5733333333333334
CreateObjectComponent:0.4166666666666667
MakumbaDataComponent:0.41611111111111115
ValueSavingPhaseListener:0.29333333333333333
InputValue:0.18
MakumbaELResolver:0.12333333333333334
MakumbaCreateELResolver:0.12
ObjectInputValue:0.11
ComponentDataHandler:0.11
Util:0.06555555555555555
