UURI:0.5166666666666667
SimpleScheduler:0.45
CrawlURI:0.35333333333333333
SimpleStore:0.3466666666666667
AList:0.3027420634920635
URIStore:0.24666666666666667
ToeThread:0.23833333333333334
CrawlScope:0.11
