Warning:0.3675
BaseTestCase:0.35
JDBCBlobTest:0.30666666666666664
PropertyGetter:0.26511111111111113
JDBCArrayTest:0.2580555555555556
SqlState:0.24333333333333335
BaseScriptedTestCase:0.19666666666666666
SuccessfulCompletion:0.021166666666666667
NoData:0.021166666666666667
