EmergencySupplyMission:0.8233333333333334
MainDetailPanel:0.31333333333333335
EmergencySupplyMissionCustomInfoPanel:0.2866666666666667
