ChadoInstance:0.9066666666666666
JdbcChadoAdapter:0.37666666666666665
PureJDBCTransactionWriter:0.28
XmlConfigFileParser:0.26
AbstractChadoInstance:0.20666666666666667
