QueryContext:0.6377777777777777
VanillaChronicleMap:0.36
SetFromMap:0.31666666666666665
ReplicationCheckingMap:0.23666666666666666
QueryContextInterface:0.23
ReplicatedInput:0.20333333333333334
ChronicleHash:0.2
MapSegmentIteration:0.14
MapQuery:0.11
MapContext:0.013333333333333334
