HopLexer:0.4533333333333333
HopParser:0.3933333333333333
DFA16:0.3333333333333333
HopSymbolTableWalker:0.25333333333333335
