ConfigurationClass:0.73
BeanMethod:0.38333333333333336
JavaConfigurationModel:0.26
ReflectiveJavaConfigurationModelPopulator:0.05
JavaConfigurationModelTests:0.043333333333333335
ReflectiveJavaConfigurationModelPopulatorTests:0.021944444444444444
