ChangeSupport:0.64
EventsBean:0.31
Add:0.29
OK:0.18666666666666668
Cancel:0.16666666666666666
