ProtocolScepHttpTest:0.64
ScepRequestGenerator:0.4766666666666667
ScepServlet:0.31333333333333335
