ScepRequestMessage:0.6666666666666666
RSASignSessionBean:0.4766666666666667
ScepResponseMessage:0.29
