ListFolderHelper:0.44
WorkAreaHelper:0.43666666666666665
WorkspaceTreeHelper:0.29333333333333333
ProfilesBinderHelper:0.23
AccessControlController:0.18
