Solver:0.5833333333333334
BDDSolver:0.5583333333333333
BDDInferenceRule:0.43666666666666665
