GestureDetector:0.51
CameraController:0.25333333333333335
Box2DTestCollection:0.23333333333333334
BulletTestCollection:0.22
BulletTest:0.21666666666666667
GestureAdapter:0.21
GestureListener:0.15833333333333333
