CostPathPair:0.5633333333333334
BellmanFord:0.27
Dijkstra:0.23333333333333334
