Modification:0.7566666666666667
ModificationSet:0.44666666666666666
ModificationSetTest:0.14333333333333334
ModificationTest:0.016666666666666666
