AddAnnotationTask:0.4
ObsoletePubSourceTest:0.37
DropAnnotationTask:0.26
AnnotationTaskTest:0.17333333333333334
AssignAnnotationTasksToUsers:0.16333333333333333
UnannotatedLocusStrategyTest:0.14555555555555555
AllJUnitTests:0.13333333333333333
DropTask:0.12333333333333334
UserTable:0.09571428571428572
