ClassificationDaoTest:0.7597222222222222
ClassificationDao:0.4483333333333333
