RecordStore:0.67
MapContainer:0.4166666666666667
MapService:0.3566666666666667
LockTest:0.34
PartitionRecordStore:0.33666666666666667
ClearOperation:0.22
ContainsKeyOperation:0.1872222222222222
ClearBackupOperation:0.17833333333333334
TopicService:0.16666666666666666
TopicProxySupport:0.16666666666666666
TopicStatsContainer:0.08666666666666667
