TreeViewer:0.8466666666666667
TestT:0.25666666666666665
