SizeFieldMapper:0.8366666666666667
SizeMappingTests:0.3333333333333333
Builder:0.19666666666666666
