DepedencyEventTest:0.558888888888889
AbstractEventTest:0.5033333333333333
