URLUtils:0.4633333333333333
Request:0.36666666666666664
MapUtils:0.35333333333333333
BaseStringExtractorImpl:0.18
