View:0.59
Import:0.5566666666666666
CarrierWithSectionsTest:0.36
Strings:0.3333333333333333
XPersistence:0.24333333333333335
ColorTest:0.22
EditorTag:0.19
LoadImageAction:0.14666666666666667
Product5Test:0.14666666666666667
WarehouseSpecialNew2Test:0.09
ConfigureImportAction:0.06333333333333334
AppointmentTest:0.03
ImportColumn:0.023333333333333334
ImportDataAction:0.0033333333333333335
ImportAction:0.0033333333333333335
CancelToDefaultControllersAction:0.0
