PropertiesXmlReader:0.3433333333333333
MspXmlReader:0.25666666666666665
XmlReader:0.17
SettlementsXmlReader:0.13666666666666666
PeopleXmlReader:0.13666666666666666
VehiclesXmlReader:0.13666666666666666
