Parser:0.49666666666666665
ScalarFromAnnotationsParser:0.38666666666666666
ScalarHeaderAndMethods:0.38666666666666666
AbstractTestFunctions:0.3466666666666667
