AnnotationMocker:0.5033333333333333
AbstractMocker:0.45666666666666667
ListenerMocker:0.35
Operation:0.23159523809523813
EntityMappingsMocker:0.23
ContainerOperation:0.03
AssociationOverrideOperation:0.03
AttributeOverrideOperation:0.03
