OAuthService:0.7008333333333334
OAuthRequest:0.44666666666666666
OAuthRequestAsync:0.29
ForceTypeOfHttpRequestTest:0.24666666666666667
AbstractRequest:0.21866666666666665
RequestTest:0.15833333333333333
