AddArticleGoogleBlogSearchPinger:0.42333333333333334
UpdateArticleGoogleBlogSearchPinger:0.42333333333333334
CommentSender:0.42333333333333334
