Pixmap:0.49
GwtGL20:0.3233333333333333
WeldJoint:0.30666666666666664
OrderedSet:0.2633333333333333
Actor:0.24333333333333335
IOSMusic:0.22411111111111112
