InteractionListener:0.7966666666666666
AdvancedEditor:0.6311111111111111
