OutageService:0.31
OutagesFilteringView:0.2966666666666667
OutageResolvedController:0.2833333333333333
OutageSuppressedController:0.2833333333333333
DefaultOutageService:0.17333333333333334
OutageAllController:0.16333333333333333
RedCell:0.14
DefaultOutageServiceIntegrationTest:0.12333333333333334
DefaultOutageServiceTest:0.09
OutageListController:0.04
