LdapCallback:0.8334920634920635
LdapTemplate:0.7
LdapTemplateTests:0.11333333333333333
