OnmsNamespaceHandlerTest:0.37333333333333335
OnmsNamespaceHandler:0.26666666666666666
TestDaemon:0.17333333333333334
AnnotatedSubscriptionBeanDefinitionDecorator:0.12166666666666667
OnmsServiceBeanDefinitionParser:0.09
