EditDicomObjectPanel:0.43333333333333335
SeriesModel:0.3933333333333333
PPSModel:0.3233333333333333
StudyModel:0.24666666666666667
PatientModel:0.23333333333333334
InstanceModel:0.19666666666666666
EditInstancePage:0.08666666666666667
EditStudyPage:0.08666666666666667
EditPPSPage:0.08666666666666667
EditPatientPage:0.08666666666666667
EditSeriesPage:0.08666666666666667
