CMLWriter:0.45
CMLReader:0.43
MDLReader:0.4066666666666667
MDLV3000Reader:0.24265873015873016
MACiEReader:0.2372222222222222
PDBReader:0.22388888888888886
WWMMatrixReader:0.22388888888888886
ChemObjectIO:0.22166666666666668
Gaussian98Reader:0.19666666666666666
Gaussian03Reader:0.19666666666666666
CIFReader:0.19666666666666666
MDLWriter:0.19666666666666666
ShelXWriter:0.18666666666666668
MDLRXNV3000Reader:0.18666666666666668
PMPReader:0.16388888888888892
DBReader:0.16388888888888892
GaussianInputWriter:0.16388888888888892
XYZWriter:0.16388888888888892
VASPReader:0.15
ZMatrixReader:0.15
Mol2Reader:0.15
PDBWriter:0.15
ChemicalRSSReader:0.15
CDKSourceCodeWriter:0.15
IChIReader:0.15
SVGWriter:0.15
SMILESWriter:0.15
ShelXReader:0.13666666666666666
SMILESReader:0.13666666666666666
GhemicalMMReader:0.13666666666666666
XYZReader:0.13666666666666666
XindiceReader:0.11333333333333333
DBWriter:0.11333333333333333
MDLRXNReader:0.11333333333333333
IteratingMDLReader:0.10333333333333333
DADMLReader:0.10333333333333333
Gaussian95Reader:0.08666666666666667
JaguarReader:0.08666666666666667
ABINITReader:0.08666666666666667
MOPAC97Reader:0.08666666666666667
CACheReader:0.08666666666666667
MOPAC7Reader:0.08666666666666667
GamessReader:0.08666666666666667
Gaussian92Reader:0.08666666666666667
Gaussian90Reader:0.08666666666666667
Gaussian94Reader:0.08666666666666667
Aces2Reader:0.08666666666666667
ADFReader:0.08666666666666667
DaltonReader:0.08666666666666667
DummyReader:0.06666666666666667
