VisitorContextTest:0.5533333333333333
GenerateLatexTest:0.3819047619047619
