Rpc:0.3333333333333333
FakeCensusContext:0.33
ServerCallImplTest:0.31333333333333335
FakeCensusContextFactory:0.24
LongMarshaller:0.22
NettyClientTransportTest:0.18833333333333332
