AstBuilder:0.47
StringFunctions:0.45666666666666667
TestStringFunctions:0.29333333333333333
