Job:0.8866666666666667
JobInstance:0.4066666666666667
JobInstanceTests:0.29
