View:0.7766666666666666
DeliveryTest:0.38333333333333336
AddShortcutOptionsAction:0.04666666666666667
