Map:0.6866666666666666
TerrainGenerator:0.37333333333333335
SimpleMapGenerator:0.2866666666666667
