Composite:0.47333333333333333
UpdatedAreaUtils:0.4633333333333333
ModelGenerator:0.4
AbstractGenerator:0.2833333333333333
