ProjectionToProjectorVisitor:0.63
ProjectionVisitor:0.22
ProjectionBuilder:0.19666666666666666
ProjectionToProjectorVisitorTest:0.09666666666666666
