ESQueryBuilderTest:0.4066666666666667
LuceneQueryBuilderTest:0.38666666666666666
EqOperatorTest:0.37333333333333335
ArrayEqOperator:0.26
EqOperatorResolver:0.25333333333333335
