Sgml2Xml:0.37666666666666665
DocumentFormat:0.2966666666666667
XmlDocumentHandler:0.25
SgmlDocumentFormat:0.22166666666666668
HtmlDocumentHandler:0.2
TestSgml:0.19
CustomObject:0.17666666666666667
MyComparator:0.14055555555555554
TestHtml:0.12333333333333334
TestXml:0.10666666666666667
