NeuralNetConfiguration:0.6666666666666666
MultiLayerConfiguration:0.32666666666666666
Builder:0.2966666666666667
SparkDl4jMultiLayer:0.21833333333333332
TestSparkMultiLayer:0.17
