TestSelector:0.39
ComponentPropertyModel:0.37
TextFormat:0.22333333333333333
Costello:0.18133333333333332
Strings:0.06333333333333334
