JSONReader:0.5933333333333334
JSONStreamContext:0.5
JSONWriter:0.39666666666666667
