Exception:0.86
ExceptionReport:0.4033333333333333
ExceptionReportTest:0.23666666666666666
ExceptionTest:0.006666666666666667
