Button:0.4266666666666667
ImageView:0.4266666666666667
AutoCompleteTextView:0.26
SVGView:0.245
OnAutoCompleteListener:0.23159523809523813
ListRippleAdapter:0.19
AutoCompleteDemo:0.07333333333333333
