MongoClientOptions:0.4533333333333333
SocketSettings:0.3433333333333333
ServerSettings:0.30333333333333334
SSLSettings:0.23
