Resolution:0.2966666666666667
MethodToken:0.26
FieldToken:0.23333333333333334
GenericTypeToken:0.21666666666666667
GenericTypeExtractor:0.21666666666666667
MethodExtractor:0.2
LazyMethodDescription:0.19333333333333333
RejectingSignatureVisitor:0.15666666666666668
FieldExtractor:0.14666666666666667
LazyFieldDescription:0.07666666666666666
TypePoolDefaultTest:0.05333333333333334
TypePoolLazyObjectPropertiesTest:0.0
