BasicDBObject:0.7170555555555556
ObjectId:0.57
BasicDBList:0.4117222222222223
DBCallback:0.25
JSONCallback:0.24333333333333335
MongoException:0.20966666666666667
Network:0.14492063492063492
JSONParseException:0.013333333333333334
