Recursion:0.7733333333333333
ReportSosa:0.44666666666666666
