QueryRetrieveScpService:0.4633333333333333
AbstractScpService:0.3433333333333333
StoreScpService:0.34
StoreScp:0.2683333333333333
FileDataSource:0.24277777777777781
StgCmtScuScpService:0.20666666666666667
StgCmtScuScp:0.19666666666666666
MoveTask:0.19666666666666666
MoveForwardCmd:0.165
StgCmtOrder:0.08666666666666667
