MapReduceUtil:0.6766666666666666
MapReduceTest:0.49
StartProcessingJobOperation:0.38333333333333336
