Validator:0.7433333333333333
CoreDaoImpl:0.3933333333333333
FileModuleImpl:0.2733333333333333
XmlUtils:0.26666666666666666
FileItem:0.24777777777777782
HoverHintPopup:0.23333333333333334
PrincipalComparator:0.17
AbstractReadFileController:0.12333333333333334
