HostGraph:0.7766666666666666
CtrlAut:0.42333333333333334
GraphInfo:0.41
HostFactory:0.4066666666666667
ValueNode:0.3883333333333333
GTS:0.36333333333333334
DefaultHostGraph:0.36
CtrlLexer:0.34
ControlView:0.3218968253968253
Const:0.31333333333333335
CtrlFactory:0.31333333333333335
GraphGrammar:0.31
Shape:0.30666666666666664
ProductGTS:0.29833333333333334
SystemRecord:0.2966666666666667
CertificateStrategy:0.26666666666666666
CtrlBuilder:0.26666666666666666
EditorJModel:0.26
ShapeState:0.25666666666666665
DefaultGraphView:0.24333333333333335
ShapeFactory:0.23666666666666666
CtrlHelper:0.23666666666666666
DeltaHostGraph:0.23333333333333334
DefaultFactory:0.22666666666666666
StoredGrammarView:0.22333333333333333
AspectGraph:0.21777777777777782
CtrlParser:0.20333333333333334
DefaultGraphCalculator:0.2
CtrlBuildTest:0.2
HostEdgeSet:0.1963888888888889
AbstractModelCheckingStrategy:0.19333333333333333
StateCache:0.19
LTLBenchmarker:0.18666666666666668
CtrlChecker:0.18333333333333332
ValueNodeSearchItem:0.1830952380952381
ExplorationStatistics:0.17833333333333334
NodeStore:0.15833333333333333
StartGraphState:0.15333333333333332
ControlTextArea:0.14833333333333334
HostNodeSet:0.135
Namespace:0.12333333333333334
AspectParser:0.1211111111111111
GraphCalculator:0.11920634920634922
ValueNodeRecord:0.10666666666666667
OperatorEdgeRecord:0.1
SymbolTable:0.09666666666666666
AGTS:0.09166666666666666
ViewToHostMap:0.08666666666666667
Scope:0.08666666666666667
DefaultHostNode:0.07333333333333333
CtrlLoader:0.06472222222222222
CtrlTokenMaker:0.06333333333333334
ColConverter:0.0525
AntlrGrapher:0.04666666666666667
AspectFactory:0.02
HostToAspectMap:0.0
