Robot:0.5933333333333334
JScrollBarTester:0.43333333333333335
