JEditTextArea:0.56
GUIUtilities:0.45
ChunkCache:0.3030555555555555
CompleteWord:0.2111111111111111
