ControllerHub:0.6093888888888889
AddRingModule:0.31333333333333335
