GoogleAccountsServiceResponseBuilder:0.6
SamlGoogleAppsConfiguration:0.29333333333333333
ConfigurationStateController:0.21333333333333335
CasConfigurationCreatedEvent:0.20333333333333334
CasConfigurationDeletedEvent:0.20333333333333334
CasConfigurationModifiedEvent:0.15333333333333332
