JavaClientTest:0.5166666666666667
Bytes:0.3028333333333333
MyCollection:0.2866666666666667
JSON:0.27
Input:0.26
