TransformTable:0.9633333333333334
TransformWriter:0.32666666666666666
TransformService:0.21
TransformServiceSqlMap:0.20777777777777778
TransformTableMapper:0.11
