Predicate:0.6066666666666667
DefaultModel:0.4866666666666667
Interpreter:0.31
ThreeModel:0.04666666666666667
