Interface:0.7533333333333333
jq_NativeThread:0.39
InterfaceImpl:0.23333333333333334
NullInterfaceImpl:0.22666666666666666
jq_InterrupterThread:0.17777777777777778
ThreadUtils:0.14666666666666667
FullThreadUtils:0.07
HostedThreadUtils:0.056666666666666664
