AbstractBacktrackingStrategy:0.41002777777777777
DepthFirstStrategy2:0.39
ScenarioMenu:0.33
AbstractStrategy:0.31666666666666665
ExploreStrategyParser:0.23333333333333334
CacheMap:0.13666666666666666
