Command:0.61
AbstractService:0.37666666666666665
ServerCommand:0.21666666666666667
ConfiguredCommandTest:0.21
ConfiguredCommand:0.18666666666666668
SetupDatabaseCommand:0.15
DirectCommand:0.12666666666666668
RenderCommand:0.10333333333333333
