MediaDriverContext:0.58
MediaDriver:0.32
Aeron:0.31333333333333335
CommonContext:0.2733333333333333
ClientContext:0.08
