RubySearchQuery:0.4866666666666667
RubySearchPage:0.45666666666666667
