CertificateFileHttpsHandler:0.30666666666666664
SshAgentHttpsHandler:0.2866666666666667
Builder:0.28
AuthenticatingHttpConnectorTest:0.2633333333333333
CertificateAndPrivateKey:0.25333333333333335
AuthenticatingHttpConnector:0.22333333333333333
HttpsHandlersTest:0.17333333333333334
CertificateHttpsHandler:0.08333333333333333
