ApplicationEntityManager:0.7833333333333333
WebserviceBean:0.42333333333333334
WebserviceBeanImpl:0.3466666666666667
ApplicationEntityManagerImpl:0.2966666666666667
Util:0.2833333333333333
ComponentButton:0.23666666666666666
