Script:0.5233333333333333
H2FullPrunedBlockStore:0.32666666666666666
ECKey:0.31333333333333335
StoredTransactionOutput:0.2633333333333333
NetworkParameters:0.2063888888888889
BloomFilter:0.2041666666666667
TransactionOutputChanges:0.19666666666666668
