Walker:0.5355555555555556
MethodWriter:0.32666666666666666
SFunction:0.2966666666666667
SSource:0.2733333333333333
Debugger:0.11
Compiler:0.1
