SeqFeatureI:0.6833333333333333
LinkSet:0.45666666666666667
SyntenyLinkPanel:0.37
SeqFeature:0.3566666666666667
DrawableSeqFeature:0.3233333333333333
CompositeApolloFrame:0.32
CompositeAdapterUI:0.25333333333333335
SyntenyPanel:0.19666666666666666
FeatureList:0.18
LoadUtil:0.15
CompositeDataHolder:0.09111111111111111
