TableBasedDeleteHandlerImpl:0.5666666666666667
TableBasedUpdateHandlerImpl:0.56
AbstractTableBasedBulkIdHandler:0.33166666666666667
PersistentTableBulkIdStrategy:0.33
