EventDispatcher:0.5738888888888889
App:0.31666666666666665
Channel:0.28477777777777774
UserCreatedEvent:0.20666666666666667
UserUpdatedEvent:0.20666666666666667
UserCreatedEventHandler:0.10666666666666667
UserUpdatedEventHandler:0.10666666666666667
