EventConstants:0.8033333333333333
DataUpdater:0.37
SnmpCollector:0.31
BroadcastEventProcessor:0.21666666666666667
ManageNodesServlet:0.17666666666666667
ManageNodeServlet:0.17666666666666667
