Config:0.7266666666666667
Inspector:0.4141666666666667
UIInspector:0.37666666666666665
