ClientConductor:0.39
Publication:0.33666666666666667
Image:0.3
Subscription:0.23666666666666666
ExclusivePublication:0.18333333333333332
ImageTest:0.17666666666666667
LogBuffers:0.10666666666666667
