RuleName:0.5533333333333333
TemporalFormula:0.38333333333333336
RuleEvent:0.3283333333333333
Simulator:0.30333333333333334
RulePanel:0.2633333333333333
StateJVertex:0.24666666666666667
NamespaceNew:0.24666666666666667
DefaultGraphTransition:0.23838888888888887
AbstractEvent:0.23833333333333334
AbstractModelCheckingStrategy:0.23666666666666666
ScenarioMenu:0.21916666666666668
BoundedNestedDFSStrategy:0.21666666666666667
DefaultRuleView:0.21166666666666667
DefaultGraphNextState:0.21166666666666667
CompositeEvent:0.21166666666666667
CTLModelChecker:0.19666666666666666
BoundedModelCheckingDialog:0.19305555555555554
Transform:0.17266666666666666
DerivationLabel:0.16333333333333333
EditRulePropertiesAction:0.14666666666666667
NewRuleAction:0.14666666666666667
AntWorld:0.14333333333333334
RenameRuleAction:0.14166666666666666
CTLTransitionMarker:0.11083333333333334
