InputTest:0.32666666666666666
EventTest:0.3233333333333333
HTMLElementTest:0.3
NavigatorTest:0.2966666666666667
TableTest:0.29333333333333333
StyleTest:0.27666666666666667
NodeImplTest:0.2733333333333333
XMLHttpRequestTest:0.24666666666666667
HTMLParserTest:0.21333333333333335
OptionTest:0.19666666666666666
WaitingRefreshHandlerTest:0.11333333333333333
