SourceFolderRootInfo:0.41333333333333333
SourceFolderRoot:0.4
RubyPluginImages:0.35034523809523804
RubyElementImageProvider:0.23333333333333334
ExternalSourceFolderRoot:0.18
ExternalSourceFolder:0.16
ExternalRubyScript:0.1561111111111111
LibraryLabelProvider:0.10333333333333333
ISharedImages:0.08777777777777777
ExternalSourceFolderInfo:0.04666666666666667
