ApolloDataAdapterI:0.6766666666666666
GAMEAdapter:0.37333333333333335
GAMEAdapterGUI:0.27666666666666667
GAMESave:0.2733333333333333
AbstractApolloAdapter:0.27
