ReteNetwork:0.57
ReteMatch:0.3333333333333333
NodeCheckerNode:0.3333333333333333
ExplorationTest:0.31333333333333335
EdgeCheckerNode:0.2711111111111111
ConditionChecker:0.26666666666666666
ProductionNode:0.2377777777777778
RootNode:0.21055555555555558
ReteStrategy:0.17833333333333334
ReteJModel:0.09666666666666666
