ShaderProgram:0.6955555555555556
Basic3DTest:0.4766666666666667
VertexAttributes:0.20333333333333334
LwjglDebugStarter:0.11
