MsgInitResponse:0.5808333333333333
ServiceManager:0.5661111111111111
