MoleculesEditor:0.5533333333333333
MoleculeTableContentProvider:0.42333333333333334
