TypeTest:0.51
CodeTest:0.38666666666666666
Parser:0.23666666666666666
SwitcherModel:0.15
