MapperAnnotationBuilder:0.7033333333333334
ProviderSqlSource:0.5822222222222222
