VanillaChronicleMap:0.3333333333333333
StatelessChronicleMap:0.2916666666666667
StatelessServerConnector:0.2633333333333333
Segment:0.23583333333333334
ReplicatedChronicleMap:0.21666666666666667
