Model3DBuildersWithMMFF94ForceFieldTest:0.7333333333333333
Model3DBuildersWithMM2ForceFieldTest:0.5633333333333334
