GJMonthOfYearDateTimeField:0.5
BasicDayOfYearDateTimeField:0.49666666666666665
BaseGJChronology:0.43
BasicFixedMonthChronology:0.20666666666666667
BasicMonthOfYearDateTimeField:0.06666666666666667
