BinderHelper:0.5033333333333333
WebKeys:0.2911111111111111
ListFolderHelper:0.2633333333333333
ViewEntryController:0.24666666666666667
WorkspaceTreeHelper:0.21777777777777782
LoginFilter:0.17
PortalLoginController:0.15666666666666668
