Host:0.65
MsgHeader:0.5866666666666667
MsgInit:0.34111111111111114
MsgQuery:0.27666666666666667
StatisticTracker:0.2633333333333333
Search:0.23333333333333334
MsgPushRequest:0.22
MsgInitResponse:0.21666666666666667
MsgQueryResponse:0.21
MsgManager:0.20666666666666667
RouteTableUpdateMsg:0.175
