PhingScript:0.6433333333333333
PhingBuilder:0.5433333333333333
