Cost:0.5533333333333333
X_M_StorageMonthly:0.39
X_M_Transaction:0.38333333333333336
GenerateModelView:0.3
DisplayType:0.25666666666666665
storeprocedurestoAnnotation:0.17
CostProcessor:0.14166666666666666
Costaveragemonth0:0.12666666666666668
Calcstoragemonthly0:0.08
ElementProperties:0.043333333333333335
Currencyconvertcost0:0.016666666666666666
Boeopen0:0.013333333333333334
X_AD_FunctionList:0.0
