ClientPortableHook:0.42809523809523814
ClientEngine:0.41666666666666663
DistributedObject:0.4088888888888889
HazelcastClient:0.36666666666666664
ClientTxnMapProxy:0.25333333333333335
ClientEngineImpl:0.24666666666666667
AuthenticationRequest:0.24
GenericError:0.225
ClientTxnMultiMapProxy:0.17333333333333334
ClientPortableFactory:0.17333333333333334
IdGeneratorProxy:0.17333333333333334
ClientTxnSetProxy:0.17333333333333334
ClientTxnQueueProxy:0.17333333333333334
ClientTxnListProxy:0.17333333333333334
ClientIssueTest:0.12666666666666668
