MockMvcRequestSpecificationImpl:0.445
RestAssuredMockMvc:0.445
MockMvcRequestLogSpecificationImpl:0.32111111111111107
LogIfValidationFailsITest:0.32
MockMvcRequestSenderImpl:0.3016666666666667
MockMvcRestAssuredResponseImpl:0.2594444444444444
