AnalyzeActionIT:0.37333333333333335
MockCharFilterPlugin:0.36892857142857144
AnalysisModuleTests:0.3233333333333333
AnalysisModule:0.3016666666666667
CommonAnalysisFactoryTests:0.29333333333333333
AnalysisPlugin:0.2677222222222222
CustomNormalizerTests:0.18333333333333332
CommonAnalysisPlugin:0.013333333333333334
