Default:0.43666666666666665
ClassFileVersion:0.43333333333333335
ValidatingClassVisitor:0.2833333333333333
AnnotationAppenderDefaultTest:0.20333333333333334
ForAnnotationDefaultValue:0.17
ForCreation:0.17
ClassFileVersionTest:0.16666666666666666
RedefinitionClassVisitor:0.14666666666666667
AbstractDefiningEntry:0.12
TrivialTypeTest:0.11333333333333333
ClassFileVersionKnownVersionsTest:0.08666666666666667
