TaskHelper:0.87
ServerTaskLinkage:0.6066666666666667
ModifyEntryController:0.2733333333333333
