Node:0.3388888888888889
ClusterService:0.32
ExecutorManager:0.2966666666666667
CollectionProxy:0.24666666666666667
QProxy:0.24666666666666667
ClusterManager:0.24666666666666667
ReadHandler:0.22444444444444447
WriteHandler:0.22
MProxy:0.20083333333333334
ConnectionManager:0.19666666666666666
InSelector:0.14666666666666667
SelectorBase:0.03666666666666667
