IcalCrawler:0.44
DataObjectFactory:0.4066666666666667
PoiUtil:0.31333333333333335
MessageDataObject:0.24666666666666667
HtmlParserUtil:0.19666666666666666
StringExtractor:0.16333333333333333
HtmlParserException:0.08
MessageDataObjectBase:0.06666666666666667
