WhereClauseAnalyzerTest:0.5991666666666666
NotPredicate:0.42833333333333334
ReferenceToTrueVisitorTest:0.42
