AbstractBinderProcessor:0.64
WebKeys:0.4283888888888888
BinderModuleImpl:0.37666666666666665
ListFolderController:0.25333333333333335
ModifyBinderController:0.18333333333333332
