CVCertificate:0.57
BCECUtil:0.46
CertificateGenerator:0.35
CVCAuthenticatedRequest:0.2661111111111111
TestAlgorithmUtil:0.14666666666666667
