Forward:0.47333333333333333
Form:0.41333333333333333
FormLocator:0.27666666666666667
ProfileSearchFormBean:0.2633333333333333
NavigatableController:0.23333333333333334
FreelancerController:0.2
AuthenticationServiceImpl:0.16666666666666666
WebServiceImpl:0.13
YesNoController:0.12
FreelancerContactRenderer:0.043333333333333335
