TrapezoidIntegralTest:0.4442619047619048
SimpsonIntegral:0.18666666666666668
TrapezoidIntegral:0.18
