CommonAnalysisFactoryTests:0.43
GetTermVectorsIT:0.43
TransportAnalyzeActionTests:0.3233333333333333
FingerprintAnalyzerProvider:0.13666666666666666
