Cooking:0.5133333333333333
HotMeal:0.43
Ingredient:0.2966666666666667
MealConfig:0.12444444444444443
