PiBondingMovemetReactionTest:0.7766666666666666
MreactionTests:0.23333333333333334
