LdapPasswordManagementService:0.43
PasswordResetController:0.36333333333333334
PasswordManagementService:0.2966666666666667
