GdxInvaders:0.555
Renderer:0.38333333333333336
GameOver:0.2727777777777778
MainMenu:0.23611111111111113
GdxInvadersAndroid:0.14333333333333334
GdxInvadersDesktop:0.14333333333333334
