ARINC661SaveAsTest:0.7433333333333333
JFXEditorSaveDFTest:0.6233333333333333
