Trees:0.8666666666666667
XPathWildcardElement:0.03333333333333333
XPathTokenElement:0.03333333333333333
XPathRuleElement:0.03333333333333333
