Mars:0.5033333333333333
Person:0.4666666666666667
Task:0.4533333333333333
Vehicle:0.43
Settlement:0.41
Unit:0.4066666666666667
Rover:0.35
MainWindow:0.31666666666666665
TaskManager:0.31
MissionManager:0.29333333333333333
GreenhouseFacility:0.27666666666666667
UnitManager:0.26666666666666666
PhysicalCondition:0.22333333333333333
GroundVehicle:0.22
MapDisplay:0.21666666666666667
MainWindowMenu:0.20166666666666666
InsituResourceProcessorFacility:0.2
TravelToSettlement:0.19333333333333333
Mission:0.19
EVASuit:0.18333333333333332
MonitorWindow:0.17666666666666667
GlobeDisplay:0.17
DriveGroundVehicle:0.17
FacilityManager:0.17
MasterClock:0.16333333333333333
MarsProject:0.16
SurfaceFeatures:0.15666666666666668
TimeWindow:0.14333333333333334
NavigatorWindow:0.14
Airlock:0.12666666666666668
SettlementsXmlReader:0.12333333333333334
CollectRockSamplesMission:0.12166666666666667
PeopleXmlReader:0.12
CollectRockSamples:0.11
Mind:0.10666666666666667
MedicalAssistance:0.09666666666666666
VehiclesXmlReader:0.09333333333333334
ExplorerRover:0.09
TransportRover:0.09
LoadVehicle:0.07666666666666666
MaintainVehicle:0.07666666666666666
EatMeal:0.07416666666666667
ReserveRover:0.07333333333333333
UnloadVehicle:0.07333333333333333
Sleep:0.07
Relax:0.06333333333333334
RepairMechanicalFailure:0.06
MaintainSettlement:0.056666666666666664
TendGreenhouse:0.04666666666666667
EnterRoverEVA:0.04
ExitRoverEVA:0.03666666666666667
Structure:0.0
Equipment:0.0
