IndexStore:0.6025555555555555
QueryBasicTest:0.4575
SortedIndexStore:0.2633333333333333
UnsortedIndexStore:0.2633333333333333
IndexImpl:0.23055555555555557
