Euler:0.6066666666666667
Parser:0.45666666666666667
EulerExt:0.25333333333333335
BuiltinManager:0.16833333333333333
EulerRunner:0.13017460317460317
