TdsCore:0.419
Support:0.38666666666666666
JtdsPreparedStatement:0.31666666666666665
TdsData:0.29
ConnectionJDBC2:0.27666666666666667
