BindingConverter:0.31
CastResolver:0.25666666666666665
MethodInvocation:0.24333333333333335
Autoboxer:0.23
SuperMethodInvocation:0.22666666666666666
MethodDeclaration:0.21
TreeUtil:0.20333333333333334
ClassInstanceCreation:0.19666666666666666
EnumConstantDeclaration:0.17
ConstructorInvocation:0.16333333333333333
SuperConstructorInvocation:0.14666666666666667
