PropertyPlace:0.9633333333333334
TestPlace:0.2633333333333333
