FilePart:0.4666666666666667
MultipartBody:0.38333333333333336
SimpleAsyncHttpClientTest:0.18666666666666668
MultipartBodyTest:0.16611111111111113
MultipartUploadTest:0.11666666666666667
FilePartStallHandler:0.07777777777777778
