Attributes:0.6497777777777778
RequestAttributes:0.6166666666666667
PageAttributes:0.24666666666666667
MyAttributes:0.23666666666666666
