DocumentNavigator:0.45666666666666667
XmlElement:0.3566666666666667
XMLDocumentTest:0.19666666666666666
