Api:0.5266666666666666
ApiTestBinding:0.37
AbstractResource:0.33
AdminHelper:0.30333333333333334
ApiImpl:0.2733333333333333
ResourceUtil:0.26666666666666666
BaseApiImpl:0.25
SelfResource:0.20333333333333334
PublicSharesRootTest:0.18
MyFilesRootTest:0.17
MyFilesLastModTimeTest:0.09777777777777777
DateHelper:0.09333333333333334
NotModifiedException:0.09333333333333334
HttpException:0.009166666666666667
