Activator:0.6533333333333333
ICDKDebugManager:0.4464166666666665
CDKDebugManager:0.2916666666666667
CDKDebugManagerFactory:0.056666666666666664
