JdbcChadoAdapter:0.8233333333333334
XmlConfigFileParser:0.31333333333333335
IOUtil:0.2833333333333333
JDBCTransactionWriter:0.2633333333333333
