Element:0.6866666666666666
Elements:0.68
ElementTest:0.21
ElementsTest:0.20333333333333334
