Favorites:0.5
AjaxController:0.47333333333333333
TreeTag:0.42
DomTreeBuilder:0.3365714285714286
WebKeys:0.12111111111111111
