ApolloFrame:0.37333333333333335
FeatureTreePanel:0.3333333333333333
GeneEditPanel:0.31333333333333335
FeatureEditorDialog:0.31
SelectionManager:0.24
RowSelectionListener:0.19
MouseManager:0.14
