JmolPanel:0.5333333333333333
JmolEditor:0.37333333333333335
