Administrator:0.8333333333333334
ConsoleSendButtonListener:0.22333333333333333
