GwtMainPage:0.42333333333333334
MainMenuControl:0.3333333333333333
TreeDisplayVertical:0.33
TreeDisplayBase:0.30333333333333334
WorkspaceTreeControl:0.2966666666666667
TreeNodeCollapsedEvent:0.25333333333333335
TreeNodeExpandedEvent:0.25333333333333335
BreadCrumbPanel:0.2472222222222222
EventHelper:0.23666666666666666
TreeDisplayHorizontal:0.22
BinderExpander:0.19833333333333333
BinderInfoHelper:0.06666666666666667
ContextLoadInfo:0.05
