DefaultServiceTicketFactory:0.4
AbstractJacksonBackedStringSerializer:0.27666666666666667
JwtTicketRegistryTests:0.16666666666666666
ServiceTicketImpl:0.15333333333333332
SerializationUtils:0.14
StringSerializer:0.09916666666666667
