Tokenizer:0.5133333333333333
InMemoryLookupCache:0.4294444444444444
DefaultStreamTokenizer:0.4033333333333333
UimaTokenizer:0.2889722222222222
PosUimaTokenizer:0.18438888888888888
DefaultTokenizer:0.08583333333333333
