CountMinSketch:0.83
IFrequency:0.40797222222222224
CountMinSketchTest:0.03666666666666667
