MethodCallTest:0.41333333333333333
MethodCall:0.4066666666666667
ForMethodParameterArray:0.30666666666666664
WithoutSpecification:0.265
ForMethodParameter:0.21666666666666667
ForStackManipulation:0.20666666666666667
Factory:0.2
ForField:0.16666666666666666
MethodDelegationAllArgumentsTest:0.1
ArrayConsuming:0.0425
FooBar:0.0025
