BinaryClient:0.4666666666666667
MultiKeyPipelineBase:0.2733333333333333
MultiKeyBinaryRedisPipeline:0.23666666666666666
MultiKeyCommandsPipeline:0.23666666666666666
PipelineBase:0.20666666666666667
BinaryRedisPipeline:0.19416666666666665
RedisPipeline:0.19416666666666665
