RcFileDecoderUtils:0.6783333333333333
TestHiveDistributedQueries:0.21333333333333335
