NeuralNetPlotter:0.49666666666666665
IterationListener:0.43866666666666665
NeuralNetPlotterIterationListener:0.2633333333333333
RBMTests:0.25
MultiLayerTest:0.20333333333333334
BackPropMLPTest:0.19666666666666666
ComposableIterationListener:0.10333333333333333
ScoreIterationListener:0.1
