Package:0.37333333333333335
Queries:0.36666666666666664
CommonUtils:0.3566666666666667
Query:0.35
ModelGenerator:0.2966666666666667
Model:0.24333333333333335
SDDPackage:0.16
StatementModel:0.14333333333333334
