MainActivity:0.41783333333333333
AndroidLibPluginTest:0.3
AndroidAppPluginTest:0.25333333333333335
TestHelpers:0.23666666666666666
AndroidTestPluginTest:0.19666666666666666
MyModule:0.08666666666666667
