ViewerPlugin:0.5933333333333334
View2dContainer:0.36666666666666664
WeasisWin:0.31
SequenceHandler:0.18944444444444444
Activator:0.15333333333333332
