HttpProtocol:0.545
NettyRequestSender:0.4666666666666667
ChannelManager:0.3383333333333333
