StepContext:0.5133333333333333
SimpleStepContext:0.4066666666666667
ItemOrientedStep:0.30666666666666664
ItemOrientedStepTests:0.2733333333333333
StepScope:0.22666666666666666
StepScopeTests:0.21
