ShadowApplicationPackageManager:0.5
ShadowPackageManagerTest:0.44
MyRobolectricTestRunner:0.2897619047619048
TestUtil:0.22555555555555556
ResourceTableFactory:0.20055555555555554
ShadowResourcesTest:0.19666666666666666
ResourceTableFactoryTest:0.10666666666666667
mipmap:0.043333333333333335
