AbstractStep:0.38666666666666666
TaskletStepExceptionTests:0.33666666666666667
TaskletStepTests:0.20666666666666667
SimpleStepExecutionSplitter:0.205
StepExecutorInterruptionTests:0.18666666666666668
AbstractJob:0.18333333333333332
FaultTolerantStepFactoryBeanRetryTests:0.18333333333333332
JobRepositoryFailedUpdateStub:0.17
StubStep:0.15333333333333332
JobRepositoryStub:0.13
AbstractStepTests:0.12333333333333334
SimpleStepExecutionSplitterTests:0.09666666666666666
RestartIntegrationTests:0.07
PartitionStepTests:0.04666666666666667
ChunkOrientedStepIntegrationTests:0.03333333333333333
