Default:0.51
TypeInitializer:0.44
Simple:0.4266666666666667
MethodPool:0.36333333333333334
Compiled:0.3202777777777778
AbstractDynamicTypeBuilderForInliningTest:0.30333333333333334
