LdapSyncResults:0.6433333333333333
AdminResourceUtil:0.49333333333333335
MainAdminResource:0.37333333333333335
AdminUserSourceResource:0.15
