GwtGraphics:0.46
Lwjgl3ApplicationConfiguration:0.42
GwtCursor:0.24
Lwjgl3Net:0.19666666666666666
Lwjgl3DebugStarter:0.17333333333333334
Lwjgl3Cursor:0.15333333333333332
