Perspective:0.6033333333333334
ApplicationActionBarAdvisor:0.48833333333333334
ApplicationWorkbenchAdvisor:0.22666666666666666
ApplicationWorkbenchWindowAdvisor:0.21333333333333335
