Value:0.6933333333333334
ValueModule:0.36333333333333334
Monad:0.35783333333333334
