MalfunctionManager:0.45666666666666667
Vehicle:0.37666666666666665
Facility:0.35333333333333333
EVASuit:0.31666666666666665
Mars:0.31333333333333335
Settlement:0.2916666666666667
Rover:0.24666666666666667
MalfunctionFactory:0.21611111111111114
DriveGroundVehicle:0.18333333333333332
MaintenanceGarage:0.17333333333333334
MedicalAssistance:0.15
Laboratory:0.14333333333333334
Greenhouse:0.14333333333333334
StudyRockSamples:0.14333333333333334
MaintainEquipment:0.14
CollectRockSamples:0.14
TendGreenhouse:0.13666666666666666
MaintainVehicle:0.10666666666666667
MaintainSettlement:0.10333333333333333
Equipment:0.043333333333333335
Infirmary:0.023333333333333334
