FileUploadItem:0.38666666666666666
FileRepositorySession:0.32
WebdavRepositorySession:0.29
JCRRepositorySession:0.29
FileModuleImpl:0.2866666666666667
RepositorySession:0.22088888888888888
FilterException:0.16666666666666666
ContentFilter:0.11922222222222222
DummyContentFilter:0.07333333333333333
