NearCache:0.7433333333333333
AbstractNearCachePreloaderTest:0.3933333333333333
NearCachePreloader:0.2733333333333333
NearCacheRecordStore:0.2614841269841269
BaseHeapNearCacheRecordStore:0.19666666666666666
DefaultNearCache:0.19333333333333333
ClientCacheNearCachePreloaderTest:0.17333333333333334
ClientMapNearCachePreloaderTest:0.17333333333333334
