QueueChannel:0.45
TransferChannel:0.37
Channels:0.3333333333333333
QueueObjectChannel:0.20666666666666667
