GwtTeamingMessages:0.5718412698412698
NetFolderRoot:0.52
ResourceDriverConfig:0.4633333333333333
NetFolder:0.38666666666666666
Binder:0.37
NetFolderHelper:0.3466666666666667
ModifyNetFolderRootDlg:0.30333333333333334
ModifyNetFolderDlg:0.21
ResourceDriverModuleImpl:0.2
GwtNetFolderHelper:0.2
AbstractBinderProcessor:0.19
AdminNetFolderServerResource:0.14333333333333334
ObjectKeys:0.03333333333333333
