ChoiceGenerator:0.43
SystemState:0.36666666666666664
ConsolePublisher:0.36333333333333334
StateSpaceDot:0.26470634920634917
ChoiceTracker:0.20476190476190476
StateSpaceAnalyzer:0.12333333333333334
