BaseMultiLayerNetwork:0.5766666666666667
MultiLayerNetworkOptimizer:0.5366666666666666
RBMMnistTest:0.17333333333333334
DBNTest:0.14333333333333334
