CommonAnalysisPlugin:0.7933333333333333
CommonAnalysisFactoryTests:0.6666666666666666
