TestXACMLPolicies:0.4166666666666667
TestCommandLineUtilities:0.4166666666666667
BObjMETSSerializer:0.36333333333333334
BMechMETSSerializer:0.27666666666666667
DSInputSpecParser:0.22333333333333333
RepositoryReaderTest:0.22333333333333333
DSInputSpecGenerator:0.14805555555555555
XLinkNamespace:0.11333333333333333
METSToFOXMLTest:0.11333333333333333
METSInOutTest:0.09333333333333334
FedoraBindingSpecNamespace:0.09333333333333334
BDefMETSSerializer:0.05
Constants:0.0033333333333333335
