RestClient:0.4266666666666667
SniffResponse:0.31333333333333335
SnifferTask:0.31
ConnectionPool:0.19333333333333333
