EmptyConverter:0.6666666666666666
ExternalParcelTransactionWorker:0.23333333333333334
ParcelTransactionWorker:0.23333333333333334
