CompressCmd:0.34
DecompressCmd:0.3333333333333333
CompressionService:0.31333333333333335
LossyCompressionService:0.29333333333333333
CodecCmd:0.21333333333333335
JpegLossy:0.15833333333333333
CompressionRule:0.15666666666666668
CompressionRules:0.12333333333333334
FileUtils:0.11
CompressionFailedException:0.07666666666666666
