ThreadContext:0.38666666666666666
Node:0.35650000000000004
CallContext:0.2733333333333333
BaseVariables:0.27
Connection:0.27
ReadHandler:0.19
ClientRequestHandler:0.11666666666666667
