SarosSession:0.46
Saros:0.39666666666666667
SarosPluginContext:0.29
SarosSessionManager:0.21333333333333335
CreateXMPPAccountWizardPage:0.21333333333333335
ChangeXMPPAccountAction:0.21166666666666667
RosterView:0.20666666666666667
FeedbackPreferencePage:0.205
OutgoingProjectNegotiation:0.2
IncomingSessionNegotiation:0.19666666666666666
ChatView:0.19666666666666666
OutgoingSessionNegotiation:0.19333333333333333
IncomingProjectNegotiation:0.19333333333333333
VideoPlayerView:0.19
SarosContext:0.19
GeneralPreferencePage:0.18333333333333332
SkypeAction:0.17277777777777778
Screen:0.17166666666666666
RosterEntryElement:0.17166666666666666
ConfigurationWizard:0.17099999999999999
SessionView:0.17
EditXMPPAccountWizard:0.16944444444444445
AddBuddyWizardPage:0.16
SharedDocumentProvider:0.16
VersionManager:0.16
SharedProjectDecorator:0.16
AddBuddyWizard:0.16
VideoSharingAction:0.16
GiveWriteAccessAction:0.1577777777777778
SharedProjectFileDecorator:0.15666666666666668
VoIPAction:0.14833333333333334
RosterContentProvider:0.14833333333333334
ChangeColorAction:0.14833333333333334
SendFileAction:0.14833333333333334
EclipseLogAppender:0.14333333333333334
CommunicationPreferencePage:0.14333333333333334
AdvancedPreferencePage:0.14333333333333334
AddToSessionAction:0.12666666666666668
VideoPlayerPreferencePage:0.11333333333333333
EncoderPreferencePage:0.11333333333333333
VideoSharingPreferencePage:0.11333333333333333
JIDFileAppender:0.11333333333333333
ProjectDisplayComposite:0.11333333333333333
StartupSaros:0.11
ImageTileEncoderPreferencePage:0.10666666666666667
XugglerEncoderPreferencePage:0.10666666666666667
InvitationProcess:0.10666666666666667
GeneralNewSessionAction:0.1
BuddyDisplayComposite:0.1
SarosContextTest:0.09333333333333334
ScreenPreferencePage:0.09333333333333334
ProjectNegotiation:0.08333333333333333
CreateXMPPAccountHandler:0.07
TestSaros:0.01
