BeanUtil:0.5566666666666666
BeanProperty:0.4322222222222223
BeanUtilBean:0.4266666666666667
BeanUtilUtil:0.27666666666666667
