RealBufferedSink:0.69
RealBufferedSource:0.6566666666666666
RealBufferedSourceTest:0.29
RealBufferedSinkTest:0.21333333333333335
