PixmapPacker:0.655
PixmapPackerTest:0.23333333333333334
AnimationDesc:0.17833333333333334
