PublicationImage:0.49
DirectPublication:0.3466666666666667
DriverConductor:0.3333333333333333
