LocalClassMetadataLightImpl:0.8466666666666667
LocalUserObjectImpl:0.42380555555555555
LocalClassMetadataImpl:0.32666666666666666
