PluginsService:0.76
TransportClientFactory:0.17557142857142854
PluginLuceneCheckerTests:0.12266666666666666
