Application:0.44
RegistryController:0.23333333333333334
ApplicationRegistry:0.21666666666666667
ApplicationDiscoveryListener:0.185
ApplicationRegistrator:0.17833333333333334
AdminApplicationHazelcastTest:0.14
ApplicationRegistratorTest:0.14
ApplicationEntryListener:0.13666666666666666
ApplicationRegistryTest:0.13666666666666666
ApplicationRouteLocatorTest:0.12333333333333334
RegistryControllerTest:0.12333333333333334
ApplicationTest:0.1
AdminServerWebConfigurationTest:0.08666666666666667
AdminApplicationTest:0.08333333333333333
Builder:0.07
AdminServerWebConfiguration:0.03
