Table:0.7953333333333333
HeadlessPreferences:0.38266666666666665
