PlannerTest:0.779388888888889
Visitor:0.41333333333333333
