QueryResultIterator:0.6033333333333334
DBCollectionImpl:0.3477777777777778
AggregationTest:0.32
