ParsedStatement:0.5733333333333334
QueryPlanner:0.4666666666666667
QueryVisitorTest:0.38333333333333336
QueryPlannerTest:0.22666666666666666
TransportSQLAction:0.13
