ResourceLoader:0.66
ImageViewHasDrawableMatcher:0.3333333333333333
ViewUpdater:0.2866666666666667
