SyncDataSourceConfigurationNode:0.7033333333333334
ConfigSyncDatasourceAction:0.3466666666666667
SyncGroupNativeTypeProperty:0.275
