DefaultTypeInferrer:0.43666666666666665
OffsetNodeLocator:0.36499999999999994
CompletionContext:0.30333333333333334
CompletionEngine:0.25666666666666665
