CDKManagerTest:0.7752777777777778
IteratingBioclipseMDLReader:0.5703333333333334
