EntryMenuPanel:0.6172222222222223
CalendarFolderView:0.5166666666666667
