ParamCollector:0.5028333333333334
DefaultDSLContext:0.44
ParamTest:0.36333333333333334
