AddGene:0.33666666666666667
DisplayAnnotation:0.3333333333333333
AddGermplasm:0.32
SelectReference:0.30666666666666664
AddPhenotype:0.26983333333333337
InterpreterSession:0.18
GoSynonymTerm:0.14333333333333334
