SpectrumCompareView:0.6133333333333333
SpectrumChartFactory:0.4666666666666667
SpectrumAxisListener:0.34694444444444444
