IncomingInvitationProcess:0.38666666666666666
SessionManager:0.3466666666666667
XMPPChatTransmitter:0.32
OutgoingInvitationProcess:0.28
EnterNamePage:0.25666666666666665
IInvitationProcess:0.23666666666666666
PacketExtensions:0.21666666666666667
JoinSessionWizard:0.17333333333333334
