MalfunctionManager:0.6822222222222222
MalfunctionXmlReader:0.5866666666666667
