SecurityNamespaceHandler:0.48333333333333334
LdapProviderBeanDefinitionParser:0.44333333333333336
LdapUserServiceBeanDefinitionParser:0.30333333333333334
LdapConfigUtils:0.125
LdapUserServiceBeanDefinitionParserTests:0.11333333333333333
Elements:0.07333333333333333
