JFXPasswordFieldSkin:0.15333333333333332
JFXPasswordFieldSkinAndroid:0.15333333333333332
JFXTextFieldSkinAndroid:0.15333333333333332
JFXTextAreaSkin:0.15333333333333332
JFXTextAreaSkinAndroid:0.15333333333333332
JFXTextFieldSkin:0.15333333333333332
JFXComboBoxListViewSkin:0.12666666666666668
