TimelineEngine:0.5583333333333333
Day:0.37166666666666665
Blend:0.3244444444444445
Spline:0.21333333333333335
