JFXPainterUtils:0.4633333333333333
RendererFactory:0.45
SwingPainterUtils:0.43333333333333335
ServerWidgetsExtensionProvider:0.30333333333333334
ARINCContainerRenderer:0.07105555555555555
