DriverDocumentManager:0.5833333333333334
DriverDocument:0.4216666666666667
