ConditionEvaluationResult:0.8272222222222222
ConditionEvaluator:0.24333333333333335
