HtmlPage:0.5666666666666667
ScriptEngine:0.5466666666666666
HtmlTextArea:0.3433333333333333
JavaScriptEngine:0.23
HtmlSelect:0.21472222222222223
HtmlInput:0.21472222222222223
CountingJavaScriptEngine:0.17333333333333334
InputTest:0.11666666666666667
SelectTest:0.10333333333333333
ScriptEngineTest:0.09333333333333334
TextareaTest:0.03666666666666667
