UiServer:0.5633333333333334
ModelAndGradient:0.23
WeightResource:0.21
GenericExceptionMapper:0.1841666666666667
TestRenders:0.16666666666666666
UpdateFilterIterationListener:0.135
UpdateActivationIterationListener:0.135
HistogramIterationListener:0.12333333333333334
WeightView:0.05
