Config:0.5133333333333333
ApolloFrame:0.3425
DataLoader:0.3225
FeatureTypes:0.2866666666666667
FeatureGroupTypes:0.22666666666666666
GFFAdapterGUI:0.22
