User:0.6733333333333333
Permission:0.41
Role:0.38
UserCommandURLGenerator:0.22333333333333333
RoleEditorController:0.19333333333333333
PermissionEditorController:0.19333333333333333
UserJSONWrapper:0.14333333333333334
UserResult:0.13666666666666666
UsersResult:0.12333333333333334
RoleCommandURLGenerator:0.11
PermissionCommandURLGenerator:0.11
UserEditorController:0.09333333333333334
RoleJSONWrapper:0.059166666666666666
PermissionJSONWrapper:0.05
