GeonetResult:0.4442619047619048
MEFVisitor:0.41
GeonetHarvester:0.2886666666666666
