MethodDescription:0.6666666666666666
IsVirtual:0.41305555555555556
ElementMatchers:0.34
ElementMatchersTest:0.31
Default:0.27
InlineImplementationMatcherTest:0.24
SubclassDynamicTypeBuilderInstrumentableMatcherTest:0.22333333333333333
MethodSortMatcher:0.21666666666666667
MethodSortMatcherTest:0.19666666666666666
InstrumentableMatcher:0.17277777777777775
AbstractBase:0.17
InliningImplementationMatcher:0.16666666666666666
TypeProxyCreationTest:0.12333333333333334
