IndexMetaData:0.6966666666666667
SimpleIndexTemplateIT:0.2833333333333333
TransportPutIndexTemplateAction:0.23
InternalSettingsPlugin:0.21666666666666667
CreateIndexIT:0.21333333333333335
PriorityComparator:0.1827777777777778
