OptionTypeSet:0.9266666666666666
JUTestOptions:0.04666666666666667
