FlowExecutionManager:0.6966666666666667
JsfFlowExecutionManager:0.61
FlowPhaseListener:0.13355555555555554
