Vocabulary:0.6033333333333334
Cooccurrence:0.58
CooccurrencesEditor:0.2966666666666667
ComputeCooccurrences:0.12777777777777777
