CommunicationBean:0.4066666666666667
UrlBean:0.4033333333333333
UrlLinkingTable:0.31333333333333335
AddGene:0.2633333333333333
AddUrl:0.19
UpdateURL:0.17
AddCommunication:0.15
DisplayURL:0.14
UpdateCommunication:0.14
