FeatureLocImplementation:0.5566666666666666
AbstractChadoInstance:0.5033333333333333
FlybaseChadoInstance:0.28088095238095245
