OcniBlock:0.38666666666666666
OcniExtractor:0.36333333333333334
TypeDeclarationGenerator:0.32666666666666666
GenerationUnit:0.32
ObjectiveCHeaderGenerator:0.17555555555555558
ObjectiveCSegmentedHeaderGenerator:0.15
OcniExtractorTest:0.08333333333333333
