ServiceCategory:0.4166666666666667
BrunnDatabaseType:0.21333333333333335
IDatabaseType:0.12166666666666667
