VulnscandConfigFactory:0.6666666666666666
NessusParser:0.3433333333333333
NessusScan:0.2833333333333333
Scheduler:0.27666666666666667
