MemberState:0.6861666666666667
FactoryImpl:0.47
MemberStateImpl:0.38
TimedClusterState:0.3566666666666667
ClientHandler:0.2727777777777778
TCPListener:0.19111111111111112
ManagementConsoleService:0.12333333333333334
