DefaultTrainer:0.7669444444444444
FileSplitParallelDataSetIterator:0.4486111111111111
