ARCWriter:0.5366666666666666
ARCWriterProcessor:0.25666666666666665
ARCWriterPool:0.22333333333333333
ToeThread:0.21583333333333332
Postselector:0.19
ARCWriterFactory:0.16333333333333333
ARCWriterPoolTest:0.10666666666666667
