QueryTaskInfo:0.5566666666666666
TaskOutput:0.43333333333333335
QueryState:0.32
SqlQueryWorker:0.16
HttpQueryClient:0.15
