AggregationNode:0.6733333333333333
ExecutionPlanner:0.34
Visitor:0.30333333333333334
