OperationNotAllowedEx:0.5566666666666666
AccessManager:0.5266666666666666
Importer:0.39166666666666666
