MetaProperty:0.7394444444444445
PropertyFamilyChild:0.39666666666666667
