ElementUtil:0.6266666666666667
SignatureGenerator:0.37666666666666665
BindingConverter:0.3433333333333333
Import:0.2866666666666667
ImplementationImportCollector:0.22666666666666666
HeaderImportCollector:0.22
SignatureGeneratorTest:0.18666666666666668
Functionizer:0.17666666666666667
MetadataGenerator:0.16666666666666666
HeaderMap:0.14
