MTogglePanelBeanInfo:0.16333333333333333
MRatingBeanInfo:0.15333333333333332
MColorPickerBeanInfo:0.15333333333333332
MSmallColorChooserBeanInfo:0.15333333333333332
MThrobberBeanInfo:0.15333333333333332
