Actor:0.47
Messages:0.3436666666666666
UpdateExecutorDetailsForm:0.2866666666666667
CreateExecutorFormTag:0.27666666666666667
ExecutorTableBuilder:0.20444444444444446
ActorPhoneAddition:0.20333333333333334
RelationTablesAddition:0.19444444444444445
ProcessStarterExecutorAddition:0.19444444444444445
