Advapi32:0.8433333333333334
WinBase:0.41031746031746036
Advapi32Util:0.36666666666666664
Advapi32Test:0.3333333333333333
