DaoTestDelegate:0.5266666666666666
CoreIsoMetadataDao:0.4592619047619047
ClassificationSchemeDaoTest:0.29333333333333333
ClassificationSchemeDao:0.2633333333333333
