UURI:0.9033333333333333
DomainScope:0.2866666666666667
DomainScopeTest:0.21666666666666667
