AuditEntitiesConfiguration:0.394
AuditStrategy:0.3466666666666667
EnversServiceImpl:0.31666666666666665
ValidityAuditStrategy:0.3
DefaultAuditStrategy:0.09666666666666666
