HibernatePG:0.654888888888889
DeliveryTypeRemoveValidator:0.5432936507936508
