SelectStatementAnalyzerTest:0.6633333333333333
WhereClauseAnalyzerTest:0.4033333333333333
TestingHelpers:0.39666666666666667
