MathTransformFactory:0.7688888888888888
OperationValidator:0.6833333333333333
