Query:0.6433333333333333
Criteria:0.5294444444444445
Dialect:0.4
QueryParameters:0.3233333333333333
Subcriteria:0.26
AbstractQueryImpl:0.25666666666666665
CriteriaImpl:0.23333333333333334
Loader:0.22333333333333333
CriteriaQueryTranslator:0.22333333333333333
Oracle8iDialect:0.22333333333333333
