HazelcastInstance:0.8933333333333333
HazelcastClient:0.43666666666666665
LifecycleServiceImpl:0.36666666666666664
HazelcastInstanceImpl:0.21
