ProxyKey:0.5766666666666667
HazelcastTest:0.5383333333333333
SerializationHelper:0.27666666666666667
