AbstractClientInternalCacheProxy:0.38666666666666666
ClientCachePartitionLostEventHandler:0.3583333333333334
AbstractClientCacheProxy:0.3
ClientCacheProxy:0.2833333333333333
