Quad:0.4766666666666667
BytecodeToQuad:0.35333333333333333
LookupSwitch:0.20333333333333334
ControlFlowGraph:0.17333333333333334
Special:0.14666666666666667
MemLoad:0.12
TableSwitch:0.12
Getfield:0.12
Invoke:0.12
BoundsCheck:0.12
AStore:0.12
IntIfCmp:0.12
Move:0.12
ZeroCheck:0.12
CheckCast:0.12
Unary:0.12
ALength:0.12
NullCheck:0.12
StoreCheck:0.12
InstanceOf:0.12
Binary:0.12
Putfield:0.12
ALoad:0.12
Return:0.11666666666666667
NewArray:0.10333333333333333
Monitor:0.1
Getstatic:0.1
Jsr:0.1
Putstatic:0.1
MemStore:0.1
New:0.08333333333333333
Ret:0.08
Goto:0.056666666666666664
