JPPFNode:0.6166666666666667
JPPFNodeReconnectionNotification:0.51
NodeRunner:0.36666666666666664
RemoteClassLoaderConnection:0.23666666666666666
AbstractJPPFClassLoaderLifeCycle:0.23333333333333334
JPPFNodeAdmin:0.19
AbstractClassLoaderConnection:0.14
JPPFDefaultConnectionStrategy:0.12666666666666668
RemoteNodeConnection:0.09666666666666666
JPPFCsvFileConnectionStrategy:0.08
ConnectionContext:0.04666666666666667
DriverConnectionStrategy:0.0425
