ContentEditService:0.5633333333333334
SeriesUpdated:0.43666666666666665
PatientUpdated:0.43666666666666665
ForwardService:0.23
