BaseRecognizer:0.47333333333333333
Lexer:0.38666666666666666
DefaultErrorStrategy:0.3233333333333333
FailedPredicateException:0.14333333333333334
RecognitionException:0.13666666666666666
