Task:0.65
GarbageCollectionTaskTest:0.3
LogConfigurationTaskTest:0.2833333333333333
TaskServletTest:0.25333333333333335
SimpleServerFactoryTest:0.13333333333333333
TaskServlet:0.12333333333333334
TestServletInputStream:0.09
LogConfigurationTask:0.08
AdminEnvironmentTest:0.07666666666666666
ExceptionMeteredTask:0.06333333333333334
TimedTask:0.06
MeteredTask:0.06
TestTask:0.03
GarbageCollectionTask:0.03
HelloTask:0.013333333333333334
TaskExecutor:0.013333333333333334
