JedisCluster:0.7433333333333333
JedisAskDataException:0.33
JedisMovedDataException:0.29
JedisClusterTest:0.21166666666666667
JedisClusterCommand:0.15
