Graphics3D:0.49333333333333335
Cylinder3D:0.26666666666666666
Circle2D:0.24
Sphere3D:0.22666666666666666
Graphics2D:0.15333333333333332
Cylinder2D:0.1
