SymbolStatsEstimate:0.7366666666666667
FilterExpressionStatsCalculatingVisitor:0.4477777777777777
TestFilterStatsCalculator:0.20166666666666666
