EntryProcessor:0.6666666666666666
AbstractEntryProcessor:0.5313333333333333
AbstractBinderProcessor:0.4033333333333333
