ScriptEditor:0.6833333333333333
ScriptEditorFrame:0.5133333333333333
