DFA:0.45666666666666667
ParserATNSimulator:0.4
LexerATNSimulator:0.38666666666666666
PredictionContextCache:0.14166666666666666
