Wallet:0.76
WalletEventListener:0.6903333333333334
WalletTest:0.30333333333333334
AbstractWalletEventListener:0.23333333333333334
ChainSplitTests:0.20666666666666667
