FileAdministration:0.53
ReadWriteLock:0.43666666666666665
FileRescanRunner:0.39166666666666666
