GUIUtilities:0.7466666666666667
EnhancedMenuItem:0.27
KeyHandler:0.16666666666666666
EnhancedCheckBoxMenuItem:0.1311111111111111
