JFlexXref:0.5822222222222222
AuthorizationPluginClassLoader:0.36666666666666664
Executor:0.3363888888888889
