Messages:0.6533333333333333
BotTaskListTag:0.34
UpdateBotTasksAction:0.16333333333333333
BotForm:0.15333333333333332
BotTaskRowBuilder:0.15
BotTag:0.13666666666666666
DeleteBotAction:0.12666666666666668
BotTasksForm:0.08333333333333333
UpdateBotAction:0.07
CreateBotTaskAction:0.01
BotTaskHeaderBuilder:0.006666666666666667
