TypedProperties:0.7166666666666667
SlaveNodeLauncher:0.2966666666666667
TestTypedProperties:0.25
JPPFConfiguration:0.21222222222222223
JPPFBundlerFactory:0.18666666666666668
SlaveNodeManager:0.14333333333333334
SubstitutionsHandler:0.1
