TableGenerator:0.5833333333333334
BinderHelper:0.49333333333333335
AnnotationBinder:0.38666666666666666
GeneratorNameDeterminationContext:0.3455555555555555
SequenceStyleGenerator:0.32
GeneratedValueTests:0.18666666666666668
FallbackInterpreter:0.14
LegacyFallbackInterpreter:0.10333333333333333
ExplicitIncrementGeneratorEntity:0.03631746031746032
ImplicitIncrementGeneratorEntity:0.03631746031746032
