SimStateMachine:0.35
SCEvent:0.3466666666666667
NativeStateMachine:0.31666666666666665
SCEventGenerator:0.30666666666666664
ScriptEnvironment:0.305
SCEventFromSet:0.2866666666666667
SCEventSingleChoice:0.23333333333333334
SCInspector:0.21
