AbstractNearCacheBasicTest:0.4666666666666667
NearCacheTestUtils:0.4633333333333333
ClientNearCacheTestSupport:0.44
ClientNearCacheInvalidationTest:0.4266666666666667
TxnMapNearCacheBasicTest:0.19
MapNearCacheBasicTest:0.1
ClientCacheNearCacheBasicTest:0.1
LiteMemberMapNearCacheBasicTest:0.06666666666666667
ClientMapNearCacheBasicTest:0.06666666666666667
ClientReplicatedMapNearCacheBasicTest:0.06666666666666667
