MethodTestDescriptor:0.27666666666666667
ExtensionRegistry:0.21666666666666667
BeforeAndAfterTestExecutionCallbackTests:0.2
FooMethodLevelCallbacks:0.18333333333333332
FooTestExecutionCallbacks:0.18333333333333332
FizzTestExecutionCallbacks:0.18333333333333332
FizzMethodLevelCallbacks:0.18333333333333332
BarMethodLevelCallbacks:0.18333333333333332
BarTestExecutionCallbacks:0.18333333333333332
BeforeAndAfterEachTests:0.18
ExceptionInBeforeEachMethodTestCase:0.1
ThrowableCollector:0.0375
ExceptionInBeforeTestExecutionCallbackTestCase:0.016666666666666666
ExceptionInBeforeEachCallbackTestCase:0.016666666666666666
ExceptionInTestMethodTestCase:0.006666666666666667
ExceptionThrowingBeforeTestExecutionCallback:0.0
ExceptionThrowingBeforeEachCallback:0.0
