StatementAnalyzer:0.6111111111111112
InformationSchemaPageSourceProvider:0.37333333333333335
