Namespace:0.5116666666666667
SocketIOServer:0.39
NamespacesHub:0.38333333333333336
WebSocketTransport:0.22555555555555554
SocketIONamespace:0.19566666666666668
XHRPollingTransport:0.17755555555555555
SocketIOChannelInitializer:0.17
BaseTransport:0.05
