WalkOutside:0.5033333333333333
Settlement:0.4666666666666667
MalfunctionManager:0.44666666666666666
Task:0.42333333333333334
LocalAreaUtil:0.4166666666666667
BuildingManager:0.4
EVAOperation:0.38
EnterAirlock:0.2633333333333333
GroundVehicle:0.25
SalvageBuilding:0.22833333333333333
MineSite:0.22666666666666666
LoadVehicleEVA:0.22666666666666666
DigLocalRegolith:0.215
DigLocalIce:0.215
CollectMinedMinerals:0.21333333333333335
ToggleFuelPowerSource:0.21166666666666667
UnloadVehicleEVA:0.21166666666666667
ToggleResourceProcess:0.21166666666666667
ExploreSite:0.21
CollectResources:0.21
AreologyStudyFieldWork:0.21
BiologyStudyFieldWork:0.21
MaintenanceEVA:0.20333333333333334
RepairEVAMalfunction:0.20333333333333334
MaintainGroundVehicleEVA:0.2
WalkInterior:0.19666666666666666
ConstructBuilding:0.19
MockBuilding:0.16666666666666666
WalkOutsideTest:0.11666666666666667
JUnitTests:0.08666666666666667
TestLocalAreaUtil:0.07333333333333333
AllJUnitTests:0.02666666666666667
