IRecordInfo:0.36333333333333334
MSWord:0.33666666666666667
MSExcel:0.33
VariantTest:0.2983333333333334
DWORD:0.23826767676767677
ByReference:0.23666666666666666
ITypeLib:0.22
COMObject:0.21666666666666667
BOOL:0.18833333333333332
WORD:0.13
DWORDbyReference:0.09611111111111108
BOOLbyReference:0.013333333333333334
ITypeComp:0.01
OAIdl:0.0033333333333333335
ITypeInfo:0.0
