GenericStepperMotor:0.43333333333333335
Main:0.43
GenericExtruder:0.4166666666666667
StepperPanel:0.30666666666666664
CommsLock:0.14666666666666667
