ModalityWorklistPanel:0.43666666666666665
StudyListPage:0.37
ExportPage:0.27133333333333337
MainPage:0.22666666666666666
EditDicomObjectPanel:0.19333333333333333
DicomEchoPanel:0.18333333333333332
AEMgtPanel:0.18
WicketSession:0.17
MWLItemModel:0.16333333333333333
ViewPort:0.13666666666666666
AEListPanel:0.05333333333333334
