Graph:0.5333333333333333
RandomWalker:0.29
SequenceElement:0.27666666666666667
GraphTransformer:0.26
Builder:0.19
GraphTransformerTest:0.16
GraphWalker:0.15388888888888888
SequenceVectorsTest:0.12
Blogger:0.03666666666666667
