AbstractGazetteer:0.7929999999999999
DefaultGazetteer:0.4066666666666667
