AutoSuspendablesScanner:0.45
AutoSuspendablesScannerTest:0.3
A:0.25333333333333335
B:0.16333333333333333
CallGraphVisitor:0.12
IA:0.08316666666666667
