NumberFormatUtils:0.7166666666666667
ShareManager:0.20833333333333334
BandwidthPane:0.20666666666666667
DownloadOverviewPanel:0.15
SetDownloadSpeedAction:0.14166666666666666
NetworkTableModel:0.14
UploadFilesTableModel:0.14
SWSegmentTableModel:0.14
MouseHandler:0.12333333333333334
SWCandidateTableModel:0.11666666666666667
RemoveDownloadAction:0.11333333333333333
UploadZone:0.1
DownloadZone:0.1
ETACellRenderer:0.09333333333333334
SharedFilesChangeHandler:0.09
