Vertx:0.6655555555555556
VertxImpl:0.32666666666666666
DeploymentManager:0.31666666666666665
DeploymentTest:0.2833333333333333
