PersistenceManager:0.4633333333333333
SubjectIdentifierDAO:0.32666666666666666
FindSubjectsHandler:0.3233333333333333
SubjectDAO:0.2866666666666667
UpdateSubjectHandler:0.27666666666666667
MergeSubjectsHandler:0.27
PIXRequestHandler:0.18333333333333332
EMPIAdapter:0.17865079365079364
EnterpriseSubjectLoader:0.16333333333333333
BaseEMPIAdapter:0.10333333333333333
EnterpriseSubjectLoaderResult:0.02666666666666667
