ClusterJoinTest:0.5777777777777778
SplitBrainReplicatedMapTest:0.19416666666666665
