Options:0.7166666666666667
TypeDeclarationGenerator:0.35
HeaderImportCollector:0.25333333333333335
ObjectiveCSourceFileGeneratorTest:0.21333333333333335
TypePrivateDeclarationGenerator:0.2030952380952381
