SnapshotsService:0.44333333333333336
RestoreService:0.3961111111111111
BlockingClusterStateListener:0.15666666666666668
SharedClusterSnapshotRestoreTests:0.15333333333333332
UpdateIndexShardRestoreStatusRequest:0.14333333333333334
UpdateIndexShardSnapshotStatusRequest:0.14333333333333334
