TransactionManager:0.47
Transaction:0.45
TransactionSubpart:0.30333333333333334
NameSubpart:0.11
UpdateTransaction:0.10833333333333334
