PaymentChannelClientState:0.5480952380952382
WalletTest:0.35333333333333333
PaymentChannelServerState:0.3233333333333333
PaymentSession:0.3
PaymentChannelV1ServerState:0.26
PaymentChannelV2ClientState:0.26
PaymentChannelV1ClientState:0.26
PaymentChannelV2ServerState:0.26
WalletTool:0.24666666666666667
PaymentChannelStateTest:0.23666666666666666
AbstractFullPrunedBlockChainTest:0.21333333333333335
TransactionOutputTest:0.19666666666666666
TransactionBroadcastTest:0.19666666666666666
TestFeeLevel:0.11333333333333333
