SQLRequestBuilder:0.5633333333333334
SelectBenchmark:0.44
SQLTransportIntegrationTest:0.3233333333333333
RestSQLAction:0.19
