SarosContext:0.5233333333333333
IncomingProjectNegotiation:0.45
ProjectNegotiation:0.22666666666666666
EclipseHelper:0.1943968253968254
EclipseHelperTestSaros:0.1854444444444444
SharedResourcesManager:0.17877777777777776
SarosContextBuilder:0.17388888888888887
TestSaros:0.13333333333333333
SarosContextTest:0.11666666666666667
