HTMLLabelElement:0.6266666666666667
HtmlLabelTest:0.38333333333333336
HTMLLabelElementTest:0.14
