JPPFTaskBundle:0.7733333333333333
JPPFPriorityQueue:0.2733333333333333
JPPFClient:0.25666666666666665
AbstractNodeContext:0.22333333333333333
ThreadManager:0.21
DriverJobManagement:0.18555555555555558
BroadcastJobCompletionListener:0.13666666666666666
JobExpirationAction:0.13222222222222224
WaitingResultsState:0.09
