BeanDefinition:0.5333333333333333
PetiteUtil:0.29333333333333333
PetiteBeans:0.2733333333333333
SingletonScope:0.2
RequestScope:0.2
ThreadLocalScope:0.19333333333333333
SessionScope:0.17833333333333334
ShutdownAwareScope:0.12333333333333334
TestOneInterfaceLookup:0.08666666666666667
ProxettaAwareContainerTest:0.08333333333333333
ProviderResolver:0.02666666666666667
