ListenerThread:0.4633333333333333
ConnectionPool:0.35333333333333333
ProxyHelper:0.34
MapClientProxy:0.2966666666666667
ClusterServiceImpl:0.25666666666666665
HazelcastClient:0.21916666666666668
QueueClientProxy:0.21911111111111112
ClusterClientProxy:0.19166666666666668
MembershipLRH:0.14333333333333334
