PubSubConnectionEntry:0.6833333333333333
MasterSlaveConnectionManager:0.36333333333333334
RedissonTopic:0.24666666666666667
