DefaultDSLContext:0.4666666666666667
AlterTableImpl:0.3333333333333333
DDLTests:0.3233333333333333
CreateIndexImpl:0.3
DropIndexImpl:0.19666666666666666
