EndEntityCertificateAuthenticationModule:0.37666666666666665
CrmfRequestMessage:0.36
AuthenticationModulesTest:0.32
ICMPAuthenticationModule:0.24277777777777781
HMACAuthenticationModule:0.18666666666666668
RegTokenPasswordExtractor:0.15333333333333332
CrmfKeyUpdateHandler:0.13666666666666666
VerifyPKIMessage:0.10666666666666667
DnPartPasswordExtractor:0.07
