MatchResult:0.6133333333333333
MatchCollector:0.19
CtrlStep:0.135
StepMatchCollector:0.12333333333333334
ShapeMatchSetCollector:0.09333333333333334
