MockHttpServletRequest:0.56
MockInitialContext:0.39666666666666667
MockPrincipal:0.34555555555555556
JbossIntegrationFilterTests:0.18333333333333332
HttpRequestIntegrationFilterTests:0.18
AbstractIntegrationFilterTests:0.14333333333333334
AutoIntegrationFilterTests:0.08666666666666667
MockJbossIntegrationFilter:0.04
