UpdateTask:0.39666666666666667
ZenDiscovery:0.38333333333333336
LocalDiscovery:0.24333333333333335
ProcessClusterState:0.24
