Management:0.7746428571428571
DefaultManagement:0.3516666666666667
FedoraAPIMBindingSOAPHTTPImpl:0.2833333333333333
