PutIfAbsentOperation:0.4166666666666667
ReplaceOperation:0.4166666666666667
TryPutOperation:0.4166666666666667
ReplaceIfSameOperation:0.2991666666666667
