Configuration:0.54
Defaults:0.40277777777777773
JsonReader:0.31
ConfigurationBuilder:0.25
PathCompiler:0.22583333333333333
DefaultsImpl:0.09
