DefaultLayerFactory:0.8316666666666667
LayerFactories:0.2833333333333333
