AnnotatedClassParser:0.62
SummerCourseTest:0.3233333333333333
AddElementsToCollectionAction:0.26666666666666666
XavaSuite:0.20333333333333334
SummerCourse:0.18411111111111111
