HealpixBase:0.7
HealpixProc:0.5033333333333333
HealpixBaseTest:0.23666666666666666
HealpixProcTest:0.11666666666666667
