AddTerm:0.8066666666666666
AddTermTest:0.3233333333333333
AllJUnitTests:0.22666666666666666
