FileModuleImpl:0.47361111111111104
AbstractEntryProcessor:0.47361111111111104
XSSCheck:0.465
