Compiler:0.8
CompilerServiceImpl:0.41
DataEnvironment:0.25333333333333335
LocalVariablesTreeModel:0.24666666666666667
LocalVariablesTreeRenderer:0.16
ToggleBreakpointAction:0.13666666666666666
SODHighlighter:0.13666666666666666
actStepBackward:0.09333333333333334
actDebugMainProject:0.09333333333333334
actRewind:0.09333333333333334
actContinue:0.09333333333333334
actStepForward:0.09333333333333334
actHaltDebuggerSession:0.09333333333333334
actBuildProject:0.06666666666666667
actRunProject:0.06666666666666667
HopCompiler:0.023333333333333334
