BioMobyConstants:0.76
BioclipseMobyModel:0.51
RegistriesPreferencePage:0.33
MobyViewCentral:0.19333333333333333
BioMobyPrefsInitializer:0.14
BioMobyCachePage:0.12666666666666668
