InfinispanRegionFactory:0.43
PutFromLoadValidator:0.37
EntityRegionImpl:0.23333333333333334
CollectionRegionImpl:0.23333333333333334
NaturalIdRegionImpl:0.23333333333333334
BaseGeneralDataRegion:0.19
QueryResultsRegionImpl:0.18
BaseRegion:0.16666666666666666
BaseTransactionalDataRegion:0.04
