OutputState:0.7669444444444444
CompositeProcessorSampleFunctionalTests:0.4486111111111111
