SimpleParameter:0.7966666666666666
SimpleParameterTest:0.03333333333333333
