SimpleScriptable:0.6033333333333334
TableCell:0.25333333333333335
TableTest:0.19666666666666666
HtmlTableCell:0.16666666666666666
