MetamodelFactory:0.47333333333333333
EntityTypeImpl:0.4066666666666667
FoodItem:0.32
MetadataTest:0.19333333333333333
