MulticastConfig:0.7966666666666666
XmlConfigBuilder:0.37
NodeMulticastListener:0.22666666666666666
