DbQuery:0.7733333333333333
DbOomQuery:0.38333333333333336
DbQueryBase:0.31333333333333335
