ThriftConnectorConfig:0.79
RetryingPrestoThriftServiceProvider:0.30366666666666664
TestThriftConnectorConfig:0.25666666666666665
