EntryProperties:0.3466666666666667
GwtTeamingMessages:0.31666666666666665
GwtServerHelper:0.27666666666666667
EntryWidget:0.23
GwtRpcServiceImpl:0.17833333333333334
FolderWidget:0.13333333333333333
GetFolderEntriesRpcResponseData:0.08
GetFolderEntriesCmd:0.07
EntryClickHandler:0.016666666666666666
