TempSimulationConfigEditor:0.6650000000000001
SettlementTableModel:0.3433333333333333
NavpointPanel:0.3030555555555556
