GwtTeamingMessages:0.7322222222222222
ModifyNetFolderDlg:0.38
NetFolder:0.3466666666666667
ManageNetFoldersDlg:0.32666666666666666
ShareThisDlg:0.31
GwtNetFolderHelper:0.24666666666666667
