JFXDialog:0.7433333333333333
DialogTransitionConverter:0.25666666666666665
JFXPopup:0.24
StyleableProperties:0.014444444444444444
