BaseMouseListener:0.61
BaseEditorPanel:0.5433333333333333
AnnotationMenu:0.23333333333333334
