RetriableStream:0.5758333333333333
ManagedChannelImpl:0.4766666666666667
RetryPolicies:0.4352380952380952
RetryPolicy:0.37666666666666665
NameResolverListenerImpl:0.26133333333333336
