HttpEngine:0.51
Connection:0.5033333333333333
Route:0.48333333333333334
