OsgiServiceCollection:0.5066666666666667
OsgiServiceProxyFactoryBean:0.45666666666666667
OsgiServiceList:0.36333333333333334
ServiceCollectionTest:0.19444444444444445
ServiceListTest:0.18666666666666668
OsgiReferenceNamespaceHandlerTest:0.16666666666666666
