Http1xTest:0.6333333333333333
HttpServerRequestImpl:0.47
Http1xServerConnection:0.41
HttpTest:0.38333333333333336
