DiscoveredValue:0.5866666666666667
ValuesTest:0.30333333333333334
MarshalingSupport:0.29333333333333333
TemplateWriter:0.22666666666666666
CaseStructure:0.1487777777777778
Intrinsics:0.13333333333333333
