ButtonHelper:0.73
Blueprint:0.39
BlueprintManager:0.25666666666666665
Proxy:0.22611111111111115
BlueprintEditor:0.22
ProxyEntity:0.13666666666666666
ProxyUnknown:0.13666666666666666
ProxyName:0.13666666666666666
ProxyMLE:0.13666666666666666
ProxyXRef:0.13666666666666666
App:0.12
ActionInsert:0.12
ProxyDate:0.10666666666666667
Callback:0.1
ActionDel:0.016666666666666666
