Downloader:0.5033333333333333
DownloadGroupTarget:0.36333333333333334
MainActivity:0.19666666666666666
AbsGroupTarget:0.043333333333333335
