EditorOverlay:0.61
EditorPanel:0.6
EditorLayerManager:0.57
ChangeWidgetEdit:0.5166666666666667
LayerTreeEditor:0.4766666666666667
EditorUtilities:0.42
EditorLayer:0.4033333333333333
EditorApplication:0.38666666666666666
EditorApplications:0.3333333333333333
ChangeWidgetNameEdit:0.33166666666666667
JFXEditorOverlay:0.32666666666666666
AbstractEditorOverlay:0.31333333333333335
EditorSymbolCommandTableConstructor:0.2866666666666667
WidgetListChooser:0.27666666666666667
SwingEditorOverlay:0.2733333333333333
TreeEditorCopyHelper:0.2633333333333333
EditorXMLDFHandler:0.26111111111111107
DefaultEditorXMLDFHandler:0.25833333333333336
SymbolCommandChooser:0.25
AbstractLayerUI:0.24666666666666667
EditorUndoManager:0.2422222222222222
UndoRemove:0.24
AbstractEditorLayerManager:0.23833333333333334
TreeTransferHandler:0.23
TreeEditorHelper:0.22666666666666666
AbstractEditorPanel:0.22333333333333333
DeleteCreateWidgetEdit:0.22333333333333333
JFXEditorPanel:0.22
SwingSymbolsEditor:0.21333333333333335
SwingEditorLayerManager:0.20666666666666667
AbstractMoveWidgetEdit:0.2038888888888889
SymbolDefaultsFactory:0.2
ListenerImpl:0.19666666666666666
TreeEditorAlignHelper:0.19333333333333333
AbstractEditorEngine:0.19
JFXEditorLayerManager:0.18333333333333332
MouseListenerImpl:0.18
EditorTreeRenderer:0.18
EditorEngine:0.18
DefaultEditorBinaryDFHandler:0.16666666666666666
SwingEditorPanel:0.16666666666666666
ExtensionWidgetEdit:0.13166666666666665
AbstractSymbolCommandUndoable:0.12666666666666668
AbstractLayersUndoableEdit:0.12333333333333334
SearchResultDialog:0.12
SwingLayerEventHandler:0.11333333333333333
TreeEditorScaleHelper:0.11333333333333333
ClickListener:0.10666666666666667
EditorLayerIterator:0.10666666666666667
ChangeSymbolCommandPropertyUndoable:0.1
CutAndPasteWidgetEdit:0.075
ChangeSymbolCommandNameUndoable:0.07333333333333333
GroupHelper:0.07
PanelListener:0.06666666666666667
GroupUngroupWidgetEdit:0.05444444444444444
UndoAdd:0.05333333333333334
CutHelper:0.05333333333333334
CutGroupHelper:0.03666666666666667
TreeEditorActionHelper:0.03333333333333333
