ShardInfo:0.5666666666666667
ReplicationResponseTests:0.3233333333333333
RandomObjects:0.29333333333333333
DocWriteResponse:0.2866666666666667
IndexResponse:0.145
IndexRequestTests:0.13333333333333333
