PMPReader:0.6722222222222223
PMPReaderTest:0.37333333333333335
