TableTest:0.2866666666666667
HtmlFileInputTest:0.24333333333333335
WebAssert:0.23666666666666666
HtmlPageTest:0.23666666666666666
ScriptException:0.19911111111111113
WebTestCase:0.19911111111111113
XMLHttpRequest:0.19911111111111113
WebTestCase2:0.19666666666666666
SelectTest:0.19666666666666666
XMLHttpRequestTest:0.19666666666666666
