Hook:0.30666666666666664
StatsHandler:0.25166666666666665
AbstractNioMessage:0.23333333333333334
Diagnostics:0.22
AbstractJPPFClassLoaderLifeCycle:0.21083333333333334
MatrixRunner:0.20166666666666666
TestRunListener:0.19
AbstractJPPFClassLoader:0.18333333333333332
RemoteNodeIO:0.16333333333333333
Reaper:0.16
ClientConnection:0.15666666666666668
HookFactory:0.13
RecoveryServer:0.08
