OkHttpClient:0.5366666666666666
URLConnectionTest:0.3566666666666667
HttpOverSpdyTest:0.28
HttpEngine:0.24833333333333338
ResponseCacheTest:0.23
CallTest:0.21666666666666667
Crawler:0.17944444444444446
