FlowExecution:0.74
FlowExecutionContext:0.5466666666666666
FlowExecutor:0.49666666666666665
ResponseInstruction:0.36333333333333334
XmlFlowBuilder:0.27
FlowExecutionImpl:0.25333333333333335
MockFlowExecution:0.25
FlowExecutorArgumentExtractor:0.24
FlowExecutorImpl:0.23333333333333334
FlowNavigationHandler:0.21666666666666667
MastermindGameTests:0.20666666666666667
FlowExecutorIntegrationTests:0.20666666666666667
FlowAction:0.20333333333333334
FlowController:0.18333333333333332
PortletFlowController:0.18
FlowRequestHandler:0.14666666666666667
FlowAssembler:0.10833333333333334
RequestPathFlowExecutorArgumentExtractor:0.09333333333333334
GameData:0.08666666666666667
GuessResult:0.07111904761904762
HigherLowerGame:0.06666666666666667
MastermindGame:0.03666666666666667
XmlFlowBuilderTests:0.03333333333333333
