PortletSessionMap:0.30333333333333334
PortletContextMap:0.30333333333333334
PortletEvent:0.2833333333333333
SetPortletModeAction:0.18666666666666668
FlowController:0.08666666666666667
