PluginCheck:0.6166666666666667
MessageDescriptionViewer:0.38333333333333336
AbstractMessageFormatter:0.2866666666666667
TableViewerSelectionAdapter:0.28111111111111114
