EnvironmentService:0.47
Projects:0.4666666666666667
ConfigurationService:0.2633333333333333
EnvironmentServiceTest:0.19
BuildLoopQueryServiceTest:0.17222222222222222
ProjectsTest:0.16
