Reprap:0.8366666666666667
LayerProducer:0.3158888888888889
