Report:0.6583333333333333
ReportLoader:0.2966666666666667
