SimpleJCublas:0.7966666666666666
JCublasWrapper:0.4766666666666667
