Option:0.3933333333333333
OptionSpec:0.38333333333333336
CommandLine:0.30666666666666664
JUMPWorkbench:0.2633333333333333
OpenProjectWizard:0.17333333333333334
FirstTaskFramePlugIn:0.09666666666666666
