ServerDescription:0.6633333333333333
TaggableReadPreference:0.4266666666666667
ClusterDescription:0.3566666666666667
ReadPreference:0.34
ServerMonitor:0.28
ConnectionString:0.2633333333333333
ServerDescriptionTest:0.16666666666666666
ReadPreferenceChooseServersTest:0.03
ClusterDescriptionTest:0.016666666666666666
