HashMap:0.57
TreeMap:0.44333333333333336
LinkedHashMap:0.36333333333333334
AbstractMapTest:0.2633333333333333
TreeMapTest:0.17666666666666667
HashMapTest:0.17333333333333334
LinkedHashMapTest:0.13
