AstParser:0.6033333333333334
AstXdrCoding:0.30666666666666664
