GenericExtruderTabPanel:0.6261111111111112
XYZTabPanel:0.36388888888888893
