Annotation:0.48
AGTest:0.39666666666666667
Document:0.29333333333333333
TextualDocument:0.2733333333333333
InvalidOffsetException:0.09333333333333334
