TrapezoidIntegral:0.4033333333333333
SimpsonIntegral:0.29333333333333333
Square:0.24833333333333332
ArrayTest:0.23333333333333334
Integrator:0.23333333333333334
GaussKronrodAdaptive:0.22
GaussKronrodPatterson:0.21972222222222218
GaussKronrodNonAdaptive:0.21666666666666667
GenericRiskStatistics:0.21666666666666667
CubicSplineInterpolationTest:0.21
GeneralStatistics:0.20166666666666666
AbstractIterator:0.19666666666666666
IntegralsTest:0.18333333333333332
LfmCovarianceProxy:0.15333333333333332
LfmCovarianceParameterization:0.15333333333333332
GaussKonrodPattersonIntegratorTest:0.14666666666666667
TabulatedGaussLegendreTest:0.11
SegmentIntegral:0.08666666666666667
Default:0.08666666666666667
IntegralEngine:0.08666666666666667
MidPoint:0.016666666666666666
IntegrationPolicy:0.006666666666666667
