InternalStats:0.37333333333333335
InternalValueCount:0.2227777777777778
InternalCardinality:0.2227777777777778
InternalExtendedStats:0.20666666666666667
InternalMax:0.2061111111111111
InternalAvg:0.2061111111111111
InternalMin:0.2061111111111111
InternalSum:0.2061111111111111
AbstractInternalPercentiles:0.20277777777777778
