Article:0.6658333333333334
ArticleQueryService:0.4066666666666667
ArticleProcessor:0.2633333333333333
ArticleMgmtService:0.23333333333333334
CommentNotifier:0.16777777777777778
