DefaultParameterExtension:0.45416666666666666
SwaggerJersey2Jaxrs:0.43555555555555564
SwaggerJersey2JaxrsTest:0.33
