Block:0.7533333333333333
Peer:0.4866666666666667
PeerGroup:0.26666666666666666
Wallet:0.26
MockNetworkConnection:0.25
ECKey:0.22333333333333333
DownloadListener:0.12333333333333334
WalletTest:0.12
HeadersMessage:0.10666666666666667
PeerTest:0.08333333333333333
