StatementGeneratorTest:0.4533333333333333
StatementGenerator:0.4066666666666667
Types:0.4033333333333333
JavaToIOSMethodTranslatorTest:0.36666666666666664
AutoboxerTest:0.28
EnumSet:0.21688888888888888
RewriterTest:0.20333333333333334
