BioclipsePlugin:0.7066666666666666
BioclipseApplication:0.19666666666666666
