HtmlPage:0.5966666666666667
XmlPage:0.22666666666666666
XMLDocumentTest:0.22333333333333333
XMLDocument:0.18333333333333332
SgmlPage:0.17333333333333334
