ObjectCache:0.6466666666666666
LogConfigurationSessionBean:0.41333333333333333
ObjectCacheTest:0.1943888888888889
