URL:0.8866666666666667
UrlUtils:0.3333333333333333
RpcUtils:0.24666666666666667
ZookeeperRegistry:0.23
SimpleMonitorService:0.21666666666666667
MulticastRegistry:0.19
RegistryContainer:0.18666666666666668
MockInvoker:0.18
SimpleRegistryService:0.17333333333333334
JValidator:0.16333333333333333
RedisRegistry:0.15
NotifySub:0.11333333333333333
OverrideListener:0.08
