Attribute:0.6055555555555555
ModelComparatorTest:0.4
View:0.3416666666666667
