TableGenerator:0.32666666666666666
ImagePainter:0.32666666666666666
Enumerate:0.29527777777777775
Table:0.2866666666666667
ComponentDefinition:0.2833333333333333
SynthModel:0.25333333333333335
CompStyle:0.20777777777777778
LookDefinitionHandler:0.20333333333333334
SynthLookGenerator:0.20333333333333334
