OAuth20Constants:0.9604444444444444
OidcIntrospectionEndpointController:0.5866666666666667
