ReportModule:0.8866666666666667
ReportModuleImpl:0.4666666666666667
ReportDownloadController:0.26
LicenseReportController:0.17333333333333334
