SeleniumManager:0.3933333333333333
AbstractDependencyInjectionTest:0.3933333333333333
IssueServiceTest:0.3433333333333333
AuthenticatorForProjectPermissionTest:0.26666666666666666
IssueDAOImplTest:0.23333333333333334
LoginTest:0.22666666666666666
UserServiceImplTest:0.21666666666666667
ForgotPasswordTest:0.03
ViewPortalHomeTest:0.02
LogoutTest:0.02
