DatastreamsPane:0.6466666666666666
ViewObject:0.5291666666666667
