JChemPaintViewerOnlyApplet:0.72
JavaHelpDialog:0.43333333333333335
HelpAction:0.37666666666666665
