Mars:0.6
MarsClock:0.47333333333333333
EarthClock:0.26
MainWindow:0.23
MasterClock:0.20666666666666667
SimulationConfig:0.15333333333333332
TimeWindow:0.14333333333333334
MarsProject:0.14
