GatewayMetaState:0.6966666666666667
MetaDataWriteDataNodesTests:0.37666666666666665
GatewayMetaStateTests:0.35
