BeanCopy:0.7266666666666667
BeanCopyTest:0.31333333333333335
BeanVisitor:0.295
