PlotFilters:0.5033333333333333
RenderTest:0.4766666666666667
PlotFiltersIterationListener:0.44666666666666666
