Payload:0.49
Empty:0.39
Qpstest:0.3333333333333333
Point:0.3
Mark:0.27
RouteSummary:0.19333333333333333
ResponseParameters:0.18666666666666668
SimpleResponse:0.18666666666666668
ServerConfig:0.18166666666666667
HistogramData:0.18166666666666667
ServerStats:0.18166666666666667
SimpleContext:0.18
HelloRequest:0.18
Rectangle:0.18
StatsRequest:0.18
HelloResponse:0.18
ServerArgs:0.17
ClientArgs:0.17
StreamingOutputCallRequest:0.17
SimpleRequest:0.16333333333333333
ClientConfig:0.16333333333333333
Feature:0.16
ClientStats:0.16
StreamingInputCallRequest:0.16
RouteNote:0.16
ServerStatus:0.16
StreamingInputCallResponse:0.16
ClientStatus:0.16
StreamingOutputCallResponse:0.16
