DirtyMask:0.6833333333333333
PatternConverterNGTest:0.6083333333333333
