DynamicInterpreter:0.4866666666666667
SubjectVariableInterpreter:0.34
FunctionVariableInterpreter:0.30666666666666664
PredicateVariableInterpreter:0.30666666666666664
