MedlineMap:0.9566666666666667
UniqueArticleCollection:0.31666666666666665
