GroupProperties:0.6166666666666667
BaseManager:0.33555555555555555
ClusterManager:0.30666666666666664
PartitionManager:0.28
CMapTest:0.22
RedoMigrationTest:0.20666666666666667
AsyncCall:0.19666666666666666
RedoNoneMemberTest:0.16
RedoNoConnectionTest:0.16
