StrWildcard:0.7716666666666666
JUTestEvaluation:0.5266666666666666
