QueryProvider:0.49
FunctionInliner:0.35333333333333333
OQLQueryProvider:0.24
HQLQueryProvider:0.23
QueryAnalysisProvider:0.19333333333333333
hqlanalyzer:0.19133333333333333
ComposedQuery:0.19
oqlanalyzer:0.16327777777777777
OQLQueryAnalysisProvider:0.14666666666666667
HQLQueryAnalysisProvider:0.07
SQLUpdate:0.0
