HTTPRequestCometTransport:0.7886111111111112
HTTPRequestResponseWriter:0.4622777777777777
