BaseJdbcClient:0.32222222222222224
TestJdbcMetadata:0.30333333333333334
TestingDatabase:0.30333333333333334
QueryBuilder:0.278
TestJdbcQueryBuilder:0.21666666666666667
TestJdbcClient:0.16
JdbcRecordCursor:0.15333333333333332
