AndroidManifest:0.56
ActivityData:0.5166666666666667
DefaultPackageManager:0.3
DefaultPackageManagerTest:0.20333333333333334
ActivityWithConfigChanges:0.10838095238095237
ActivityDataTest:0.10333333333333333
