EjbcaWS:0.7866666666666666
ApprovalRequestTest:0.30333333333333334
