RestoreInProgress:0.36
Entry:0.33
IndexService:0.2966666666666667
FieldDataCacheListener:0.29333333333333333
BitsetCacheListener:0.29333333333333333
MapBuilder:0.26
ClusterStateDiffIT:0.22
ApiCallSection:0.19666666666666666
RestoreService:0.19
IndicesSyncedFlushResult:0.13666666666666666
IndicesQueriesRegistry:0.11333333333333333
DiffableTests:0.11333333333333333
IndexShardInjectorPair:0.03
