Tab:0.6466666666666666
View:0.48333333333333334
Charts:0.26000000000000006
AJAXTest:0.2
SelectListFormatAction:0.12666666666666668
FilterAction:0.12666666666666668
Invoice2Test:0.043333333333333335
FilterTabBaseAction:0.016666666666666666
