CtrlDocumentation:0.5333333333333333
ControlPanel:0.48333333333333334
PrologPanel:0.37
EditorJGraphPanel:0.29333333333333333
HTMLTag:0.24666666666666667
