WebCrimeReportAnalyser:0.5933333333333334
WebAnnie:0.4066666666666667
