ChronicleMapBuilderI:0.8666666666666667
AbstractChronicleMapBuilder:0.5866666666666667
ChronicleMapBuilder:0.3333333333333333
