CAInfo:0.5155555555555555
CATokenContainerImpl:0.3933333333333333
ca:0.26166666666666666
CaChangeCATokenSignAlg:0.19
CaAdminCommandFactory:0.15666666666666668
CaChangeCertProfileCommand:0.12222222222222222
