NameTable:0.5766666666666667
BindingUtil:0.40066666666666667
NameTableTest:0.3333333333333333
ObjectiveCImplementationGenerator:0.295
ClassTest:0.25666666666666665
