FileSource:0.33266666666666667
DirectorySource:0.3233333333333333
JavaMethodSource:0.3233333333333333
JavaClassSource:0.2833333333333333
