Network:0.5183333333333333
BufferStructureElement:0.2733333333333333
AbstractARINCDecoder:0.26
AbstractClippings:0.21
JFXPictureToggleButtonRendererTest:0.17666666666666667
