Tab:0.8233333333333334
MetaTab:0.48333333333333334
InvoiceDetailTest:0.23666666666666666
TabProviderBase:0.21333333333333335
Invoice2Test:0.20666666666666667
Charts:0.1488888888888889
ServiceInvoiceTest:0.11666666666666667
