Builder:0.4033333333333333
NeuralNetConfiguration:0.36833333333333335
ConvolutionLayer:0.2633333333333333
RBM:0.20833333333333334
ConvolutionInputPreProcessor:0.2
WeightInitUtil:0.17
