AspectMap:0.5133333333333333
AspectGraph:0.40166666666666667
