DistinctLimitNode:0.6
ChildReplacer:0.22
Visitor:0.21333333333333335
Rewriter:0.20222222222222225
