Algebras:0.5733333333333334
AlgebraFamily:0.47333333333333333
Const:0.4066666666666667
ExprParser:0.4066666666666667
TypeLabel:0.38666666666666666
AspectJEdge:0.3111111111111111
Operator:0.2966666666666667
AspectNode:0.2722222222222222
AspectEdge:0.26666666666666666
AttributeElementFactory:0.2577777777777778
Level:0.25666666666666665
SystemProperties:0.24333333333333335
ValueNode:0.24333333333333335
AttributeAspect:0.23111111111111116
TypeGraph:0.22666666666666666
GraphSearchPlanFactory:0.22333333333333333
AspectJVertex:0.22333333333333333
DefaultRuleView:0.21476190476190476
NewAspect:0.17666666666666667
Morphism:0.14111111111111113
Transform:0.14
OperatorEdgeSearchItem:0.13333333333333333
ColConverter:0.09
AspectParser:0.049166666666666664
