JSONScanner:0.58
Bug_for_smoothrat6:0.31333333333333335
AbstractJSONParser:0.27955555555555556
JSONToken:0.1217063492063492
CollectionSerializer:0.08666666666666667
