Configuration:0.6763888888888889
SequencerAgent:0.5333333333333333
ClusteredServiceAgent:0.3
MemberStatusAdapter:0.1927777777777778
MemberStatusPublisher:0.17666666666666667
SequencerAgentTest:0.14666666666666667
