Content:0.5566666666666666
TreeView:0.43666666666666665
ContentRenderer:0.37333333333333335
Overview:0.2983333333333333
TreeViewPrinter:0.20333333333333334
