XmlEventStreamReader:0.9433333333333334
AbstractXmlStreamReader:0.27
SaxUtils:0.13
XmlEventStreamReaderTest:0.013333333333333334
