Settings:0.58
Printer:0.5533333333333333
ViewWidget:0.35
ViewManager:0.2866666666666667
PrintManager:0.2866666666666667
BlueprintList:0.26
SettingsWidget:0.24
BlueprintEditor:0.23583333333333334
EditViewFactory:0.23
TimelineViewSettings:0.20666666666666667
TreeViewSettings:0.2
ReportViewFactory:0.19
TimelineViewFactory:0.19
TreeViewFactory:0.19
TableViewFactory:0.19
EntityViewFactory:0.19
NavigatorViewFactory:0.19
ActionReset:0.18833333333333332
ActionApply:0.18833333333333332
ActionPrint:0.16583333333333333
ColorChooser:0.14
ViewFactory:0.11444444444444445
TableViewSettings:0.11333333333333333
EntityViewSettings:0.11333333333333333
PrintableImpl:0.08666666666666667
ActionInsert:0.08198989898989899
PrintTask:0.08
TreeViewPrinter:0.0
