KMLReader:0.7766666666666666
KML:0.25
KMLDriverConfiguration:0.15333333333333332
KMLDataSourceQueryChooserInstallerPlugIn:0.14333333333333334
KML_WGS84:0.04
KML_UTM:0.04
