Cell:0.6883333333333334
Value:0.4716666666666667
BaseTableLayout:0.2786666666666667
