AbstractOsgiBundleApplicationContext:0.43666666666666665
AbstractDependencyManagerTests:0.41
ContextLoaderListener:0.2833333333333333
DefaultMandatoryDependencyManager:0.2733333333333333
