Node:0.6233333333333333
NodeInitializer:0.5064444444444445
VersionCheck:0.25666666666666665
DefaultNodeInitializer:0.22666666666666666
