ClassFileVersion:0.5333333333333333
ByteBuddy:0.3933333333333333
VersionLocator:0.3566666666666667
AnnotationAppenderDefaultTest:0.20333333333333334
ByteArrayClassLoaderChildFirstTest:0.19
ClassFileVersionKnownVersionsTest:0.18
TypeProxyCreationTest:0.16666666666666666
PropertyDispatcherTest:0.14
ClassFileVersionTest:0.14
PropertyDispatcherOtherTest:0.13
TestActivity:0.11666666666666667
JavaVersionRule:0.09333333333333334
AbstractMethodCallProxyTest:0.09
