JobRepositoryFactoryBean:0.9966666666666667
JobRepositoryFactoryBeanTests:0.013333333333333334
