MapService:0.43666666666666665
PartitionRecordStore:0.41
AbstractRecord:0.27
EvictOperation:0.25
BasicTest:0.24
MapInterceptor:0.22753968253968254
GetOperation:0.22333333333333333
BasePutOperation:0.22333333333333333
BaseRemoveOperation:0.20333333333333334
ObjectRecord:0.13333333333333333
DataRecord:0.13333333333333333
MapLocalStatsTest:0.07
