Dates:0.8316666666666667
DatesTest:0.31333333333333335
