GwtServerHelper:0.4122222222222222
TaskLinkage:0.32666666666666666
GwtRpcServiceImpl:0.30666666666666664
GwtTeaming:0.28833333333333333
TaskLink:0.25333333333333335
GwtTeamingTaskListingImageBundle:0.2
GwtTaskHelper:0.19
TaskListing:0.02
