RrCSG:0.64
RrCSGPolygon:0.33666666666666667
RrPolygonList:0.33
SNAPCommunicator:0.24333333333333335
RrGraphics:0.20666666666666667
TestMain:0.14666666666666667
