Binding:0.6266666666666667
BindingTargetVisitor:0.48
DefaultBindingTargetVisitor:0.30666666666666664
SpiBindingsTest:0.26
ElementsTest:0.25666666666666665
InjectorImpl:0.20666666666666667
ModuleWriter:0.18333333333333332
BindingProcessor:0.16666666666666666
InstanceBindingImpl:0.13666666666666666
ConvertedConstantBindingImpl:0.12333333333333334
ExposedBindingImpl:0.12
UntargettedBindingImpl:0.12
ClassBindingImpl:0.11
LinkedBindingImpl:0.11
LinkedProviderBindingImpl:0.10333333333333333
ProviderInstanceBindingImpl:0.1
ModuleRewriter:0.07
ProviderBindingImpl:0.07
FailingTargetVisitor:0.01
