SearchInfo:0.5716666666666667
BusinessObjectFactory:0.5466666666666666
