MessageDeframerTest:0.56
AbstractClientStreamTest:0.41333333333333333
ProtoLiteUtilsTest:0.41333333333333333
