ClientMapProxy:0.58
NearCacheTest:0.47888888888888886
MapProxySupport:0.4766666666666667
