DocIndexMetaData:0.5216666666666666
AnalyzedColumnDefinition:0.4066666666666667
InformationSchemaTest:0.4
Extractor:0.2733333333333333
GeoShapeIntegrationTest:0.09
