AllTests:0.4592619047619047
AllTestsForSTF:0.4592619047619047
AllTestsBy5Testers:0.4592619047619047
TestEditorByAliceBob:0.2861111111111111
