CSSStyleDeclaration:0.5033333333333333
WebRequest:0.45
HtmlSerializer:0.3333333333333333
HTMLTextAreaElement:0.30333333333333334
IEConditionalCompilationScriptPreProcessor:0.3
HTMLElement:0.26
XmlSerializer:0.25666666666666665
HtmlUnitRegExpProxy:0.24666666666666667
DebuggingWebConnection:0.23
HtmlForm:0.215
HTMLDocument:0.20666666666666667
