TableTemplate:0.48
DbTriggerTest:0.34
AbstractDataLoaderTest:0.29333333333333333
SqlTemplate:0.25
AbstractEmbeddedTrigger:0.20666666666666667
