ManagerObjectRecord:0.63
MethodRecord:0.49666666666666665
ScriptGenerationTests:0.4766666666666667
RecordingAdvice:0.17333333333333334
BioObjectRecord:0.12333333333333334
RecordTest:0.12333333333333334
