JavaCommChannel:0.8233333333333334
JavaService:0.5522222222222222
