Case:0.43666666666666665
PPECheckoutLocDepConfiguration:0.3466666666666667
Version:0.3433333333333333
SurveyExportConfiguration:0.3333333333333333
Countries:0.3308333333333333
BusinessCaseConfiguration:0.31666666666666665
RetailerEditorConfiguration:0.31333333333333335
CleanUpAccessControlJobletConfiguration:0.29
CookieBasedSSOConfig:0.28
MailCase:0.2733333333333333
AttributeFactoryConfig:0.2733333333333333
Condition:0.2675
ReporterConfiguration:0.23
SurveyControllerConfiguration:0.22333333333333333
CMSFormMailerConfig:0.22
EmailFromRequestConfiguration:0.21333333333333335
SurveyCreatorControllerConfiguration:0.19666666666666666
XSLHandleConfiguration:0.19666666666666666
ModuleConfiguration:0.19666666666666666
ReCaptchaAdapterConfig:0.19333333333333333
ShopSettingsEditorConfiguration:0.19333333333333333
PoorMansCacheConfiguration:0.19
SendReportEmailJobletConfiguration:0.18666666666666668
Exporter:0.18333333333333332
ImportRetailerConfiguration:0.17833333333333334
ConnectionConfiguration:0.17666666666666667
ServiceRequestImplConfig:0.16333333333333333
LinkCorrectorJobletConfiguration:0.14333333333333334
FileBrowserConfig:0.14333333333333334
SignUpControllerConfig:0.14333333333333334
ReportEmailAddressConfiguration:0.14
StreamScannerChainConfig:0.14
ExcelExportConfiguration:0.14
CMSFormProcessorConfiguration:0.11666666666666667
CMSFormProcessorMailTaskConfiguration:0.11583333333333333
AbstractBasicContentConfig:0.11333333333333333
CaseDrivenRedirectAndEmailConfig:0.11333333333333333
WirecardPaymentModuleConfiguration:0.1
PPECheckoutConfiguration:0.09666666666666666
AbstractImageGroupConfiguration:0.09333333333333334
Importer:0.09333333333333334
MailCaseEmailConfiguration:0.09
FilterSizeConfiguration:0.09
StreamScannerConfig:0.08666666666666667
ShopOrderViewerConfiguration:0.08666666666666667
AbstractBaseConfiguration:0.056666666666666664
