DecimalOperators:0.38666666666666666
TestDecimalCasts:0.32666666666666666
TestMathFunctions:0.32
TestMinMaxByAggregation:0.30333333333333334
TestDecimals:0.23666666666666666
TestDecimalOperators:0.22333333333333333
BlockAssertions:0.17666666666666667
TestChecksumAggregation:0.15333333333333332
TestLongDecimalSumAggregation:0.13666666666666666
TestLongDecimalAverageAggregation:0.13666666666666666
Negation:0.11333333333333333
