Logger:0.8166666666666667
DownloadEngine:0.32
SWDownloadWorker:0.26
UploadEngine:0.2388888888888889
DebugPane:0.18333333333333332
