GraphElement:0.45
ActionLog:0.39
DBPatchBase:0.3466666666666667
CompositeLog:0.28
JpdlXmlReader:0.27666666666666667
InitializerLogic:0.25333333333333335
CleanupJbpmPatch:0.17333333333333334
BytesRefactoringPatch:0.10666666666666667
