Trade:0.4766666666666667
NegotiateTrade:0.35333333333333333
GoodsManager:0.335
UnitManager:0.29
RobotConfig:0.2833333333333333
PreparingDessert:0.2833333333333333
TendGreenhouse:0.27
MarsProjectFX:0.26
PrepareDessertMeta:0.2527777777777778
RobotJob:0.25083333333333335
ProduceFoodMeta:0.24777777777777782
Gardenbot:0.17666666666666667
MetaTaskUtil:0.06
Deliverybot:0.05333333333333334
