FileUtils:0.45
TemplatesService:0.44666666666666666
MPPSScpService:0.2733333333333333
GPWLFeedService2:0.25
ForwardService2:0.22666666666666666
ORMService:0.21666666666666667
HL7ServerService:0.21666666666666667
AbstractScpService:0.20333333333333334
ORUService:0.17666666666666667
ADTService:0.16
MPPS2ORMService:0.14333333333333334
AbstractHL7Service:0.12
TemplatesDelegate:0.05333333333333334
