ModelBuilder3D:0.43
ForceFieldConfigurator:0.38
AtomTetrahedralLigandPlacer3D:0.36333333333333334
MMFF94BasedAtomTypePattern:0.21666666666666667
TemplateHandler3D:0.20333333333333334
