XSearch:0.71
SearchAndReplace:0.42
Occur:0.29277777777777775
ButtonGroupHide:0.25333333333333335
XSearchPanel:0.25
HyperSearchResults:0.24333333333333335
HyperSearchResult:0.229484126984127
SearchSettings:0.21333333333333335
ActionHandler:0.20666666666666667
SettingsActionHandler:0.12
ProjectViewerListSet:0.056666666666666664
MultiFileActionHandler:0.03666666666666667
ReplaceActions:0.03333333333333333
XSearchPlugin:0.02666666666666667
XSearchOptionPane:0.025833333333333333
CommentStruct:0.0033333333333333335
