QueryRetrieveScpService:0.5883333333333334
StgCmtScuScpService:0.35333333333333333
MoveTask:0.3333333333333333
