AbstractElement:0.31333333333333335
ActivityDefinitionLight:0.27666666666666667
RemoteActivityDefinition:0.24666666666666667
AbstractFormInstanceCreator:0.24333333333333335
ActivityDefinition:0.23666666666666666
ElementGrid:0.2325
ProcessInstanceBean:0.21333333333333335
ElementLabel:0.14
ProcessDefinitionLoader:0.12333333333333334
RemoteConditionalActivityDefinition:0.09111111111111111
Attribute:0.08
ConditionalActivityDefinition:0.06333333333333334
Property:0.06
