VFSBrowser:0.20186819
VFS:0.18115413
RenameBrowserTask:0.17226139
FavoritesProvider:0.1449305
VFSManager:0.12840399
BrowserView:0.12815042
VFSFile:0.12275181
jEdit:0.10105387
FileCellRenderer:0.100924686
FilePropertiesDialog:0.090243705
EditBus:0.04611249
DynamicMenuChanged:0.025810976
