FileVFS:0.24307576
VFSFile:0.14781715
VFS:0.12589584
VFSBrowser:0.08790465
BrowserView:0.08121059
MiscUtilities:0.044531904
OperatingSystem:0.027720515
