Def:0.48
RuntimeClass:0.36
AugmentationTests:0.3466666666666667
FunctionRef:0.2833333333333333
Method:0.22666666666666666
EFunctionRef:0.16
ELambda:0.16
ECapturingFunctionRef:0.16
Augmentation:0.14333333333333334
WriterConstants:0.05
