RecoveryPlan:0.49
ClusterSession:0.43666666666666665
SequencerAgent:0.38
AeronCluster:0.3333333333333333
EgressPoller:0.24666666666666667
IngressAdapter:0.22666666666666666
SessionProxy:0.22083333333333333
EgressPublisher:0.19
AuthenticationTest:0.16666666666666666
DefaultAuthenticatorSupplier:0.07666666666666666
CredentialsSupplier:0.04666666666666667
NullCredentialsSupplier:0.006666666666666667
