ClusterService:0.59
PurgeService:0.32666666666666666
DataService:0.29
IPurgeService:0.24397619047619046
ClusterServiceTest:0.23333333333333334
