Tl1Message:0.4766666666666667
Tl1ClientImpl:0.41333333333333333
Tl1d:0.36333333333333334
Tl1AutonomousMessage:0.24666666666666667
Tl1AutonomousMessageProcessor:0.05333333333333334
Tl1MessageProcessor:0.036166666666666666
Tl1AutonomousMessageProcessorTest:0.013333333333333334
