OleAut32:0.7733333333333333
DISPPARAMS:0.5
Oleaut32Test:0.25
COMObject:0.21666666666666667
OleAut32Util:0.21644444444444447
UINT:0.15
ULONGbyReference:0.14
SCODEbyReference:0.14
DWORDLONG:0.12
SHORT:0.12
MSOfficeDemo:0.118989898989899
