ExtendedFolderService:0.8425
ExtendedFolderServiceEndpoint:0.17533333333333334
ExtendedFolderServiceImpl:0.12666666666666668
