ClassTestDescriptor:0.646888888888889
InstanceTrackingExtension:0.3447222222222222
