Aop1:0.5816666666666667
ClassXTest:0.4066666666666667
PlugsTest:0.32
