EvaluationExpression:0.44666666666666666
InspectAction:0.43333333333333335
EvaluationExpressionsPreferencePage:0.39666666666666667
EvaluationExpressionReaderWriter:0.2966666666666667
RdtDebugUiPlugin:0.29
DebugUiPreferenceInitializer:0.15666666666666668
ExpressionInspectAction:0.028333333333333332
RdtDebugUiConstants:0.02666666666666667
EvaluationExpressionModel:0.01777777777777778
EditEvaluationExpressionDialog:0.013333333333333334
RubyEditorPopupMenuExtension:0.007777777777777778
