RobolectricModel:0.6016666666666667
ShadowPhoneWindow:0.41333333333333333
ShadowWindow:0.2833333333333333
ImplementsValidator:0.15244444444444444
ShadowProviderGenerator:0.14666666666666667
