Appletviewer:0.6633333333333333
AppletviewerTest:0.38
TestAppletviewer:0.2833333333333333
AppletSecurityManager:0.18333333333333332
