Recorder:0.62
ComponentRecorderTest:0.37
EventRecorder:0.2833333333333333
EventRecorderTest:0.27
ComponentRecorder:0.23111111111111116
