LocalCertificateRequestSessionBean:0.48
MyAdapter:0.44933333333333336
LocalAuthorizationSessionBean:0.43
Authorizer:0.2783333333333333
LocalCertificateStoreOnlyDataSessionBean:0.19
