TreeView:0.5033333333333333
TableView:0.36666666666666664
VisibleFilter:0.2467619047619048
SelectionFilter:0.2467619047619048
SaveOptionsWidget:0.24666666666666667
FilterSupport:0.23441666666666672
