LinkedCharArray:0.45666666666666667
Printer:0.44666666666666666
IntRange:0.31
MathsTest:0.25
DatabaseTestRunner:0.16
LinkedCharArrayTest:0.12
Maths:0.11424603174603175
