TupleInfo:0.53
Record:0.37956349206349205
Tuple:0.34
UncompressedBlockCursor:0.26
UncompressedSliceBlockCursor:0.25
UncompressedBlock:0.23
BlockCursor:0.22337301587301586
UncompressedLongBlockCursor:0.22333333333333333
UncompressedDoubleBlockCursor:0.22333333333333333
TupleReadable:0.22166666666666668
Builder:0.22
RunLengthEncodedBlockCursor:0.18333333333333332
LongSequenceCursor:0.17666666666666667
DictionaryEncodedBlockCursor:0.17666666666666667
DoubleSequenceCursor:0.17666666666666667
StringRecord:0.17333333333333334
BlockBuilder:0.15
TestDelimitedRecordIterable:0.13666666666666666
SimpleRecordProjection:0.13333333333333333
HiveRecord:0.12
TestTupleInfo:0.11
