DbMigrator:0.5033333333333333
SqlMigration:0.43333333333333335
SqlMigrationResolver:0.22
DbCreator:0.17333333333333334
BaseJavaMigration:0.04
