AsyncHttpClient:0.6066666666666667
ChannelPool:0.5205555555555557
DefaultChannelPool:0.44484523809523807
ChannelManager:0.38666666666666666
TestAsyncHttpClient:0.33
BadAsyncHttpClient:0.31333333333333335
DefaultAsyncHttpClient:0.22666666666666666
EchoHandler:0.14666666666666667
