StringFunctions:0.7822222222222223
Strings:0.31333333333333335
Mathematics:0.19666666666666666
