MaintenanceInformation:0.5233333333333333
ScopeCode:0.5033333333333333
GeometricObjectType:0.5033333333333333
ScopeDescription:0.20333333333333334
