TestCompositeParsers:0.36333333333333334
TestLeftRecursion:0.3466666666666667
TestParserErrors:0.3466666666666667
TestSets:0.3333333333333333
TestSemPredEvalParser:0.3233333333333333
TestLexerExec:0.31666666666666665
TestListeners:0.31666666666666665
TestFullContextParsing:0.31333333333333335
TestParserExec:0.31
TestSemPredEvalLexer:0.2866666666666667
TestParseTrees:0.27
TestCompositeLexers:0.18
