ValidTag:0.7266666666666667
NotValidTagTest:0.25333333333333335
ValidTagTest:0.25333333333333335
