UltimateRecyclerView:0.5466666666666666
UltimateGridLayoutAdapter:0.3466666666666667
SimpleAnimationAdapter:0.3466666666666667
SimpleAdapter:0.343
easyRegularAdapter:0.33666666666666667
MultiViewTypesRecyclerViewAdapter:0.30333333333333334
AdmobAdapter:0.30333333333333334
SampleDataboxset:0.24666666666666667
BiAdAdapterSwitcher:0.23333333333333334
UltimateViewAdapter:0.20666666666666667
TestAdMob:0.20666666666666667
GridLayoutRVTest:0.18666666666666668
admobdfpadapter:0.16666666666666666
