KernelQedeqBo:0.48
KernelModuleReferenceList:0.37666666666666665
StateManager:0.22666666666666666
QedeqBoFormalLogicChecker:0.22666666666666666
LoadRequiredModules:0.14333333333333334
LoadDirectlyRequiredModules:0.1
ModuleLoader:0.09166666666666666
KernelQedeqBoPool:0.08
DefaultInternalKernelServices:0.07333333333333333
