Http2ServerResponseImpl:0.5852777777777777
VertxHttp2Handler:0.5088333333333334
Http2Test:0.3466666666666667
VertxHttp2HandlerBuilder:0.20666666666666667
