PlatformManager:0.7286666666666667
DefaultPlatformManager:0.6
Starter:0.17333333333333334
ModuleInfo:0.14666666666666667
