TestContainerResolver:0.5233333333333333
TestMethodResolver:0.51
ElementResolver:0.48
DiscoverySelectorResolver:0.37666666666666665
