JvmInfo:0.5166666666666667
GarbageCollectors:0.36333333333333334
JvmStats:0.31333333333333335
JvmMonitor:0.19333333333333336
JvmMonitorService:0.17
Fields:0.04666666666666667
