InvertedIndex:0.46711904761904766
Word2Vec:0.38
Word2VecWork:0.31666666666666665
InMemoryLookupTable:0.29333333333333333
BaseHazelCastStateTracker:0.29333333333333333
InMemoryLookupCache:0.2633333333333333
Word2VecJobIterator:0.23
MasterActor:0.22666666666666666
LuceneInvertedIndex:0.22333333333333333
Word2VecPerformer:0.18
BaseTestDistributed:0.15333333333333332
Word2VecJobAggregator:0.14666666666666667
HazelCastStateTracker:0.10444444444444444
DistributedWord2VecTest:0.09
DocIter:0.0
