OperationService:0.7966666666666666
OperationServiceImpl:0.33666666666666667
AsyncResponseHandlerTest:0.26
InternalOperationService:0.22694444444444442
OperationServiceImpl_timeoutTest:0.22
OperationServiceDTO:0.16333333333333333
MetricsPluginTest:0.15333333333333332
OperationServiceMBean:0.14333333333333334
ClearExpiredRecordsTask:0.13
