Connector:0.8766666666666667
LegacyTransactionConnector:0.5233333333333333
