SquirrelMogwaiPluginDelegate:0.4
MSAccessReverseEngineeringStrategy:0.32666666666666666
HSQLDBSQLGenerator:0.2733333333333333
MSAccessFileFormat:0.22
