AbstractAdaptor:0.4166666666666667
SimpleAdaptorTest:0.36666666666666664
AdaptorTestModule:0.2813333333333334
