Fetcher:0.93
DatabaseFetcher:0.4066666666666667
PreviousEntriesPlugin:0.24333333333333335
