EjbcaWS:0.45061111111111113
IEjbcaWS:0.45061111111111113
GenerateTokenApprovalRequest:0.41
CommonEjbcaWSTest:0.29333333333333333
LocalApprovalSessionBean:0.21333333333333335
GenTokenCertificates:0.2013888888888889
WaitingForApprovalException:0.19333333333333333
TestEjbcaWSNonAdmin:0.17333333333333334
WSConfig:0.12666666666666668
WaitingForApprovalExceptionBean:0.03
