FilteredList:0.44
StatusInfo:0.36333333333333334
ISelectionValidator:0.27051984126984113
StatusDialog:0.26666666666666666
RubyFileSelector:0.2633333333333333
RubyEnvironmentTab:0.23805555555555552
ContainerCheckedTreeViewer:0.23333333333333334
AbstractElementListSelectionDialog:0.23
SelectionStatusDialog:0.22
EditInterpreterDialog:0.21
RubyEntryPointTab:0.20666666666666667
RubyArgumentsTab:0.20666666666666667
ElementListSelectionDialog:0.19666666666666666
MessageLine:0.18333333333333332
RdtDebugUiPlugin:0.14666666666666667
RubyPluginImages:0.09111111111111111
CheckedTreeSelectionDialog:0.08666666666666667
StringMatcher:0.08
RubyProjectSelector:0.05111111111111111
ResourceSelector:0.04
TwoArrayQuickSorter:0.02666666666666667
RubyLaunchConfigurationAttribute:0.016666666666666666
RubyElementVisitor:0.01
DirectorySelector:0.0033333333333333335
RdtLaunchingPlugin:0.0
JDTOriginally:0.0
