EjbcaWebBean:0.5407777777777777
CAInterfaceBean:0.49666666666666665
EjbcaJSFHelper:0.4066666666666667
