ApplicationEntityManager:0.7333333333333333
Session:0.37666666666666665
WebserviceBean:0.30333333333333334
ApplicationEntityManagerImpl:0.23
WebserviceBeanImpl:0.18
KuwaibaService:0.17
RemoteSession:0.15
