MetaJolie:0.41333333333333333
ParserException:0.33666666666666667
SemanticError:0.33666666666666667
AbstractParser:0.2966666666666667
SemanticException:0.1811111111111111
