BroadcastEventProcessor:0.6366666666666667
Scheduler:0.3566666666666667
RunnableConsumerThreadPool:0.2675
Capsd:0.25833333333333336
EventProcessorFactory:0.05333333333333334
