Tab:0.5933333333333334
ModuleManager:0.39666666666666667
GroupByAction:0.34
CarrierTest:0.32
TabProviderBase:0.29277777777777775
DateFormatter:0.22333333333333333
Invoice2Test:0.13666666666666666
