TransportExecutorDDLTest:0.3333333333333333
Visitor:0.32666666666666666
Planner:0.2633333333333333
PlannerTest:0.2633333333333333
PlanVisitor:0.25666666666666665
CreateTableAnalysis:0.23
DocSchemaInfo:0.21694444444444447
AbstractChainedTask:0.14944444444444444
TransportExecutor:0.14333333333333334
ESDeleteIndexTask:0.13333333333333333
