AwsS3Service:0.5988888888888888
TestAwsS3Service:0.37333333333333335
S3Repository:0.32666666666666666
InternalAwsS3Service:0.16333333333333333
AbstractS3SnapshotRestoreTest:0.13333333333333333
