MapItemsUIHandler2Test:0.5333333333333333
Synth2ParserTest:0.38666666666666666
MapHorzContainerRendererTest:0.31
PolylineRendererTest:0.22666666666666666
