Operation:0.5733333333333334
BasicOperationService:0.4
BackupTimeoutHandlerThread:0.2633333333333333
RemoteCallKey:0.20666666666666667
OperationHandler:0.20666666666666667
OperationAccessor:0.2013888888888889
OperationBackupHandler:0.18555555555555558
OperationPacketHandler:0.09833333333333333
ResponsePacketHandler:0.07
