UniqueId:0.45666666666666667
DiscoverySelectorResolver:0.36666666666666664
JUnit5TestableFactory:0.33
AnInnerStaticClass:0.3272804232804233
ANestedTestClass:0.3214470899470899
JUnit5Testable:0.29
JUnit5TestableTests:0.25333333333333335
Segment:0.12444444444444443
JUnit5Class:0.09
Visitor:0.07666666666666666
JUnit5Method:0.04666666666666667
JUnit5NestedClass:0.02
