ExistingDataSetIterator:0.44600000000000006
MultipleEpochsIterator:0.42
Trainer:0.20333333333333334
ParallelWrapper:0.19333333333333333
TestDataSetConsumer:0.17333333333333334
MultipleEpochsIteratorTest:0.13333333333333333
IterableWithoutException:0.09666666666666666
