CommonUtil:0.44
DbEntity:0.2833333333333333
MultiDownloadActivity:0.24333333333333335
SingleTaskActivity:0.19833333333333333
ElementHandle:0.15333333333333332
ResumeAllCmd:0.14
SingleThreadTask:0.14
