WfTask:0.7633333333333333
TasklistBuilder:0.2611111111111111
WfTaskFactory:0.22
