DefaultOutageServiceIntegrationTest:0.39
DefaultDistributedStatusServiceTest:0.38333333333333336
DefaultPollServiceIntegrationTest:0.2733333333333333
DefaultSurveillanceServiceIntegrationTest:0.20333333333333334
DefaultSiteStatusServiceIntegrationTest:0.20333333333333334
