MovAvgTests:0.5833333333333334
TransportMovAvgModelModule:0.25666666666666665
MovAvgModelModule:0.25666666666666665
MovAvgUnitTests:0.23333333333333334
