Metadata:0.88
MetadataManager:0.41333333333333333
ConnectorMetadata:0.36666666666666664
ClassLoaderSafeConnectorMetadata:0.28
MetadataListing:0.17833333333333334
