Logger:0.62
JULLogDelegate:0.3933333333333333
SLF4JLogDelegate:0.35333333333333333
LogDelegate:0.2275
Log4jLogDelegate:0.20333333333333334
