Default:0.5666666666666667
ClassFileVersion:0.44333333333333336
ForClassFileVersion:0.2833333333333333
RedefinitionClassVisitor:0.24772222222222226
ClassFileVersionKnownVersionsTest:0.19666666666666666
ValidatingClassVisitor:0.1547222222222222
