SitemapNodeEditor:0.48333333333333334
SitemapNodeEditorEditStyleResult:0.44998412698412704
SitemapNodeEditorConfiguration:0.17333333333333334
