SequencerAgent:0.6083333333333333
TimerService:0.602
ConsensusModule:0.5441666666666667
