SideKick:0.8133333333333334
SideKickParsedData:0.4866666666666667
SideKickActions:0.21333333333333335
