DynamicArea:0.51
UndoObject:0.28
HeapTracker:0.2758333333333333
UndoDynamicFactory:0.245
FilteringSerializer:0.20333333333333334
SimpleFilteringSerializer:0.20333333333333334
KState:0.19333333333333333
UndoArrayFields:0.18333333333333332
UndoStaticFields:0.18333333333333332
UndoDynamicFields:0.18333333333333332
UndoRestorer:0.17333333333333334
UndoFactory:0.14
UndoArea:0.12666666666666668
UndoStaticFactory:0.12333333333333334
UndoBacktracker:0.10294444444444444
TestUndo:0.09
UndoCloneableFields:0.0867222222222222
TestUndoJPF:0.04833333333333333
UndoFieldsFactory:0.016666666666666666
UndoListener:0.01
