CollectionHelper:0.31666666666666665
BsonDocumentWrapper:0.31
MongoCollection:0.29642857142857143
MongoClientImpl:0.28
FindFluentImpl:0.28
MongoCollectionImpl:0.26633333333333337
MongoDatabaseImpl:0.25
MongoDatabase:0.23087301587301587
MongoClientOptions:0.23
Builder:0.2
MongoClient:0.11253968253968254
MongoIterable:0.11
MappingIterable:0.11
