NodeViewI:0.48
NodeInfoMaker:0.35
UrlJdbc:0.29333333333333333
NBNode:0.2833333333333333
NodeView:0.15
NodeInfoJdbc:0.14666666666666667
NodeInfoRetriever:0.09166666666666666
