RecordingSession:0.7266666666666667
ArchiveConductor:0.36666666666666664
