Building:0.7066666666666667
MainScene:0.47
MainSceneMenu:0.2916666666666667
PopUpUnitMenu:0.2733333333333333
StructureMapLayer:0.25166666666666665
SettlementMapPanel:0.21
SettlementWindow:0.20666666666666667
MockBuilding:0.20333333333333334
GuideWindow:0.1988888888888889
UnitDescriptionStage:0.12
BuildingStage:0.06
