StringUtils:0.5633333333333334
JPPFConnectionInformation:0.24
SSLHelper:0.21944444444444447
JPPFMulticastReceiver:0.20722222222222222
PeerNodeResultSender:0.205
JPPFLeakPrevention:0.2013888888888889
AbstractJPPFClassLoaderLifeCycle:0.19083333333333333
PeerNode:0.1877777777777778
DriverInitializer:0.18666666666666668
PeerDiscoveryThread:0.16777777777777778
