Chart:0.5766666666666667
Style:0.4716666666666667
ChartColumn:0.3933333333333333
InvoiceTest:0.27666666666666667
DeliveryTest:0.19333333333333333
OnChangeChartColumnNameAction:0.1452222222222222
OnChangeChartColumnBaseAction:0.12666666666666668
OnChangeChartBaseAction:0.11
RemoveChartColumnAction:0.07666666666666666
OnChangeChartXColumnAction:0.04
SelectChartTypeAction:0.02
