ElementGrid:0.7482222222222222
ScriptQueryExecutorImpl:0.24027777777777776
