JFXPropertiesConstructor:0.38333333333333336
SwingPropertiesConstructor:0.37666666666666665
UIPropertiesPlugin:0.3566666666666667
UIPropertiesDialog:0.3233333333333333
UIPropertiesUtilities:0.16333333333333333
UIComponentNode:0.09888888888888889
