TestIdentifier:0.6833333333333333
XmlReportWriter:0.47
TestIdentifierTests:0.16333333333333333
