User:0.6466666666666666
Domain:0.29333333333333333
ValidTagTest:0.27666666666666667
Scope:0.18666666666666668
PermissionFactory:0.18666666666666668
PermissionFactoryTest:0.13
ChainHandler:0.12666666666666668
ValidTag:0.10666666666666667
