DocumentFormat:0.8166666666666667
Scratch:0.23333333333333334
HtmlDocumentFormat:0.21
