AtomicReferenceDataSerializerHook:0.3604444444444444
SetBackupOperation:0.21
CompareAndSetOperation:0.20666666666666667
SetOperation:0.20666666666666667
SetAndGetOperation:0.20666666666666667
GetAndSetOperation:0.20666666666666667
AtomicReferenceBaseOperation:0.18
AtomicReferenceReplicationOperation:0.12666666666666668
ApplyOperation:0.12
ContainsOperation:0.12
GetOperation:0.10666666666666667
IsNullOperation:0.10666666666666667
AlterOperation:0.05
AlterAndGetOperation:0.05
GetAndAlterOperation:0.05
