JSONParser:0.5666666666666667
StringParseUtil:0.43
TestNGListener:0.31666666666666665
