QedeqController:0.5033333333333333
PluginPreferencesDialog:0.48333333333333334
TerminateAllAction:0.35333333333333333
QedeqMenuBar:0.24
QedeqTreeContextMenu:0.18333333333333332
