Action:0.6922222222222222
AsynchronousProcessor:0.2866666666666667
JavaScriptProtocol:0.2866666666666667
AtmosphereResourceLifecycleInterceptor:0.2866666666666667
