ProxyObject:0.7938888888888889
Factory:0.4633333333333333
Excelautomation_KB_219151_Mod:0.2633333333333333
