ChunkMessageChannelItemWriter:0.5366666666666666
MessageOrientedStep:0.48
ChunkMessageItemWriterIntegrationTests:0.29
PollableSourceRetryTests:0.2633333333333333
MessageOrientedStepTests:0.18666666666666668
SmokeTests:0.15
JobLaunchingMessageHandlerIntegrationTests:0.013333333333333334
ResourceSplitterIntegrationTests:0.013333333333333334
MessageChannelItemWriterIntegrationTests:0.0
