NodeInfoMaker:0.42
NodeHover:0.24
HoverWatcher:0.15333333333333332
EdgeInfoObs:0.10416666666666667
