OSGiContainerTest:0.37333333333333335
LineNumbersTest:0.3566666666666667
AllTests:0.25333333333333335
DefaultConstructionProxyFactory:0.16666666666666666
InterceptorModule:0.10666666666666667
