IndexErrors:0.66
BinderProcessor:0.51
BinderModule:0.5033333333333333
AdminModule:0.41833333333333333
DefaultTemplateCoreProcessor:0.22
AbstractEntryProcessor:0.22
AbstractBinderProcessor:0.21666666666666667
BinderModuleImpl:0.2
ProfileModuleImpl:0.19
AbstractFolderModule:0.17666666666666667
DefinitionHelper:0.16333333333333333
AbstractAdminModule:0.12666666666666668
ManageSearchIndexController:0.12333333333333334
