SortExpressionExtractor:0.32666666666666666
Visitor:0.31333333333333335
TestSortExpressionExtractor:0.3
SortExpression:0.22583333333333333
JoinNode:0.155
BuildSymbolReferenceFinder:0.11666666666666667
