MongoOptions:0.7433333333333333
DBCursor:0.44
DBCursorTest:0.3566666666666667
Result:0.3433333333333333
MongoOptionsTest:0.09666666666666666
