Marshaller:0.7933333333333333
MethodDescriptor:0.5811111111111111
AbstractBenchmark:0.25666666666666665
