Controller:0.4216666666666667
NodeUtil:0.31333333333333335
GraphTree:0.2833333333333333
FilteredTreeModel:0.26861111111111113
DAMLAdapter:0.25333333333333335
DataCollectionImpl:0.233
CoreNameResolver:0.2138888888888889
DefaultTreeConfiguration:0.1461111111111111
DefaultMenuNameResolver:0.12333333333333334
TreeDropListener:0.09666666666666666
