Gate:0.9333333333333333
Scratch:0.29333333333333333
