Search:0.5033333333333333
AlfSession:0.49
AlfHelper:0.3566666666666667
