ParentChildIndexFieldData:0.5366666666666666
IndexFieldDataService:0.26666666666666666
KeyedLockTests:0.22
AcquireAndReleaseThread:0.1480952380952381
DocumentTypeListener:0.1162777777777778
PercolateTypeListener:0.07722222222222222
