MongoOptions:0.7733333333333333
MyInputStream:0.4166666666666667
GridFSTest:0.38333333333333336
MongoOptionsTest:0.03
