Url:0.6824603174603174
NettyAsyncHttpProvider:0.42333333333333334
