GwtShareItem:0.4633333333333333
GwtSharingInfo:0.39
ShareThisDlg:0.3566666666666667
GwtShareHelper:0.34
