YearMonthDay:0.5583333333333333
TimeOfDay:0.551111111111111
TestYearMonthDay_Basics:0.39666666666666667
