AlmanacLoader:0.465
WikipediaLoader:0.46166666666666667
Almanac:0.4033333333333333
