NoDeadLinkTest:0.31333333333333335
PluginProject:0.21
ActiveBuildPageTest:0.17
LongTextLeakOutTest:0.14333333333333334
AddProjectTest:0.13333333333333333
LatestBuildsTest:0.13333333333333333
BuildDetailTest:0.11333333333333333
LatestBuildsListingController:0.07666666666666666
SingleQuoteTest:0.07333333333333333
