Search:0.5133333333333333
SearchContainer:0.48
QueryManager:0.36
JobsRunner:0.3433333333333333
