FilterContentDisplayer:0.7033333333333334
FilterContentRequestBean:0.6666666666666666
