Context:0.5033333333333333
ImplementationSymbolVisitor:0.37333333333333335
Scalar:0.16333333333333333
TestFunction:0.13
