Robolectric:0.61
Scheduler:0.45666666666666667
ShadowActivity:0.2833333333333333
ShadowLooper:0.26166666666666666
SchedulerTest:0.14333333333333334
ShadowAsyncTask:0.13277777777777777
AsyncTaskTest:0.12
RobolectricTest:0.06
ActivityTest:0.03666666666666667
