QueueMBean:0.49
MapMBean:0.32666666666666666
TopicMBean:0.32666666666666666
