SeqFeatureI:0.88
SeqFeature:0.5666666666666667
EvidencePanel:0.2866666666666667
