Soap11Fault:0.88
SoapFault:0.7866666666666666
WebServiceMessage:0.71
PayloadValidatingInterceptorTest:0.2825
WebServiceTemplate:0.26666666666666666
WebServiceTemplateTest:0.20333333333333334
AbstractSoapMessage:0.17333333333333334
SoapFaultMappingExceptionResolverTest:0.17333333333333334
DomPoxMessage:0.15944444444444442
MockWebServiceMessage:0.15666666666666668
SoapMessageDispatcherTest:0.13666666666666666
AbstractSoap11BodyTestCase:0.12333333333333334
AxiomSoap11BodyTest:0.10333333333333333
SaajSoap11Fault:0.09666666666666666
SaajSoap12Fault:0.07666666666666666
AxiomSoap12Fault:0.07666666666666666
AxiomSoap11Fault:0.05333333333333334
SimpleFaultResolverTest:0.023333333333333334
FaultResolver:0.02
SimpleFaultResolver:0.016666666666666666
WebServiceFaultException:0.01
