XmlFlowModelBuilder:0.39666666666666667
FlowModel:0.3333333333333333
DecisionStateModel:0.24
SubflowStateModel:0.24
EndStateModel:0.24
AbstractStateModel:0.23333333333333334
ActionStateModel:0.19333333333333333
ViewStateModel:0.19
AttributeModel:0.18666666666666668
XmlFlowModelBuilderTests:0.15666666666666668
