ModuleManager:0.5283333333333333
PasteElementsInCollectionAction:0.35333333333333333
MapFacadeBean:0.35333333333333333
AddElementsToCollectionAction:0.2966666666666667
CutCollectionElements:0.2866666666666667
CutElementsInCollectionAction:0.25
SaveElementInCollectionAction:0.22
ConferenceTest:0.21
ToDoListTest:0.10666666666666667
