Render:0.3566666666666667
SeqPanel:0.3333333333333333
JSEAN:0.32
Segment:0.2936111111111111
RenderPanel:0.26666666666666666
SeanFileAccess:0.24
Convert:0.23666666666666666
SFParser:0.22805555555555557
ALSpideyAlign:0.21333333333333335
