IRequestMessage:0.49666666666666665
RSASignSessionBean:0.38666666666666666
RequestMessageUtils:0.35
PKCS10RequestMessage:0.2833333333333333
CrmfRequestMessage:0.21333333333333335
ScepPkiOpHelper:0.14244444444444446
