TransformManager:0.47333333333333333
MouseManager:0.38333333333333336
TabFileAdapter:0.31666666666666665
RamAdapter:0.2966666666666667
LineParser:0.21444444444444447
