ConnectionPointHandle:0.6166666666666667
ConnectionTool:0.24333333333333335
