Builder:0.5666666666666667
AsyncHttpClientConfig:0.3
AsyncHttpClientFilter:0.26
NettyRequestFactory:0.252
NettyRequestSender:0.24
AsyncHttpClientConfigDefaults:0.23666666666666666
AsyncHttpProviderUtils:0.22666666666666666
AsyncHttpClientConfigBean:0.21
WebSocketProtocol:0.2
HttpUtils:0.17333333333333334
ProxyTunnellingTest:0.15666666666666668
