Script:0.5733333333333334
ScriptChunk:0.41
ScriptBuilder:0.2866666666666667
ScriptOpCodes:0.08777777777777777
