FormalProofCheckerExecutor:0.5966666666666667
SimpleProofFinderExecutor:0.4
WellFormedCheckerExecutor:0.25333333333333335
