Content:0.39666666666666667
MProperties:0.39666666666666667
Bookmarks:0.37666666666666665
ToggleAction:0.31333333333333335
Menu:0.20333333333333334
ImportExport:0.16
