ElasticsearchException:0.4666666666666667
ShardLockObtainFailedException:0.36333333333333334
StreamOutput:0.36
ExceptionSerializationTests:0.35333333333333333
