EditorPanel:0.7816666666666666
ARINC661App:0.44
MessagePanelFactory:0.27
StyleRangeHandler:0.2633333333333333
LayerPanel:0.2633333333333333
AbstractEditorPanel:0.22
AbstractRenderingPainter:0.19
