ChartEditorPart:0.3721349206349207
ApplicationWorkbenchAdvisor:0.324
ChartsEnginePreferencePage:0.2966666666666667
SWTChartsComponentProvider:0.295
JFCChartsSWTComponentsProvider:0.28
ExportChart:0.23
SVGChartsSWTComponentProvider:0.23
JFCChartEditorPart:0.21333333333333335
JFCComposite:0.20666666666666667
RasterImageChartsComponentProvider:0.18
ChartEditorToolBar:0.16
SVGPanel:0.13666666666666666
SVGChartsEditorPart:0.08666666666666667
ExportChartEditorView:0.016666666666666666
