GTS:0.46888888888888886
StateSet:0.4666666666666667
ShapeStateSet:0.24
