BuildAgentService:0.8311111111111111
DistributedMasterBuilder:0.47
BuildAgentServiceImpl:0.4266666666666667
BuildAgentServiceImplTest:0.27666666666666667
FileServlet:0.2111111111111111
FileServletTest:0.18333333333333332
MyAgentStatusListener:0.13666666666666666
NavigationCountTag:0.013333333333333334
