ChainingAWSCredentialsProvider:0.9233333333333333
DynamoDbTicketRegistryConfiguration:0.22333333333333333
DynamoDbServiceRegistryConfiguration:0.22333333333333333
