Record:0.8033333333333333
ClusterTest:0.4066666666666667
CMap:0.32
