ServletExternalContext:0.6144444444444445
PortletExternalContext:0.46472222222222226
