TestRun:0.5233333333333333
AbstractDSTest:0.35
DSTestPropertySource:0.3466666666666667
TestRunPropertySource:0.20444444444444446
