MockInputSource:0.34
MockOutputSource:0.34
OutputSourceItemProcessorTests:0.23666666666666666
InputSourceItemProvider:0.23333333333333334
OutputSourceItemProcessor:0.23333333333333334
InputSourceItemProviderTests:0.19
