SVGMapUtil:0.7833333333333333
VehicleMapLayer:0.4766666666666667
