ClusterManager:0.6
ExecutorManager:0.3316666666666666
MemberImpl:0.31333333333333335
ClusterService:0.2833333333333333
Connector:0.24666666666666667
MemberRemover:0.20666666666666667
MembersUpdateCall:0.2
