CopyFileWorker:0.2494106
BufferAutosaveRequest:0.07238611
HelpIndex:0.059105396
AbstractBrowserTask:0.023378724
