MergeImpl:0.6244444444444445
InsertUpdateTests:0.36666666666666664
