XmlPublisher:0.5044444444444444
AbstractTextPublisher:0.4666666666666667
IPublisher:0.3023888888888889
SimpleJmsPublisher:0.20666666666666667
