Parser:0.5233333333333333
TestLeftRecursion:0.38
ParserFactory:0.26666666666666666
LeftRecursiveRuleAnalyzer:0.24666666666666667
StructDecl:0.20666666666666667
StarBlock:0.15333333333333332
