ObjectKeys:0.7930555555555554
WebKeys:0.7930555555555554
BinderHelper:0.73
AdvancedSearchController:0.30333333333333334
