DaoAuthenticationProvider:0.43666666666666665
DaoAuthenticationProviderTests:0.3933333333333333
DaoAuthenticationTokenTests:0.32
DaoAuthenticationToken:0.31
