AspectLabel:0.72
AspectGraph:0.5566666666666666
NativePorter:0.2866666666666667
AspectGraphUnwrapper:0.09333333333333334
