HeaderFlyweight:0.8633333333333333
FlyweightTest:0.3
ReceiverThreadTest:0.26666666666666666
