AbstractResource:0.5411111111111111
FolderEntryResource:0.36362698412698413
