Bytes:0.8221031746031746
Element:0.4633333333333333
ByteDecoder:0.455
