JobRepositoryFactoryBean:0.7233333333333334
JobRepositoryFactoryBeanTests:0.3333333333333333
AbstractStepFactoryBean:0.25666666666666665
TransactionInterceptorValidatorTests:0.016666666666666666
TransactionInterceptorValidator:0.01388888888888889
