Cfg:0.6883333333333334
HandleFileInternal:0.5033333333333333
SWDownloadFile:0.43333333333333335
NewDownloadDialog:0.2966666666666667
