PartitionManager:0.56
MigrationRequestTask:0.5316666666666666
Migrator:0.16444444444444445
ConfigMemberGroupFactory:0.14
HostAwareMemberGroupFactory:0.1
SingleMemberGroupFactory:0.1
