Button:0.5766666666666667
SummaryData:0.42333333333333334
Pager:0.2866666666666667
DateTimeDialog:0.25
