Generator:0.49333333333333335
Parser:0.38666666666666666
AdapterTest:0.38333333333333336
