Compound:0.6033333333333334
ForJarFile:0.45666666666666667
TypeLocator:0.2872222222222222
ClassFileLocatorForJarFileTest:0.21333333333333335
ClassFileLocatorCompoundTest:0.04
ClosableLocator:0.0
