JPAMetaModelEntityProcessor:0.47
Context:0.4633333333333333
ClassWriter:0.30333333333333334
GeneratedAnnotationTest:0.1211111111111111
