CDKManager:0.7041666666666667
ICDKManager:0.6877777777777778
