ExecutionStep:0.58
StepFactory:0.2966666666666667
CallStep:0.26
AbstractVirtualMachine:0.24
AssignmentStep:0.23666666666666666
HopSymbolTableWalker:0.21
DFA50:0.12
DFA67:0.11333333333333333
StepInto:0.07333333333333333
StepBackInto:0.07333333333333333
StepOver:0.07333333333333333
AlwaysEndStep:0.04666666666666667
