ConfigTest:0.54
ReferenceProxyTest:0.3233333333333333
ServiceListenerTest:0.3233333333333333
SyncNoWaitWithReverseQueueTest:0.15
