RedBlackTree:0.48333333333333334
TreeNode:0.3466666666666667
BinarySearchTree:0.33166666666666667
EmptyNode:0.25
