MainScene:0.5733333333333334
PNotification:0.45666666666666667
QNotification:0.2966666666666667
PhysicalCondition:0.27
EventTableModel:0.26
ChatBox:0.25666666666666665
TimeWindow:0.23
ScreensSwitcher:0.19666666666666666
QuotationPopup:0.17333333333333334
MainSceneTask:0.16666666666666666
BorderSlideBar:0.10666666666666667
MessagePopup:0.0033333333333333335
