AddEndEntityApprovalRequest:0.3983333333333333
EditEndEntityApprovalRequest:0.37666666666666665
RaMasterApiSessionBean:0.30333333333333334
