LossHandler:0.4
DataFrameHandler:0.37
NakFlyweight:0.2733333333333333
LossHandlerTest:0.23666666666666666
SubUnicastTest:0.18
