ClassInfo:0.525
DexNode:0.43
RootNode:0.25666666666666665
InfoStorage:0.22333333333333333
FieldInfo:0.20333333333333334
MethodInfo:0.19
