APIDemo:0.8183333333333334
APIDemo2:0.4033333333333333
