Mappings:0.8666666666666667
AnnotationBinder:0.38
MappingsImpl:0.2833333333333333
