ElementUtil:0.5866666666666667
OperatorRewriter:0.35333333333333333
NameTable:0.2866666666666667
TypeUtil:0.26
FunctionConverter:0.19055555555555556
OuterReferenceResolver:0.18333333333333332
Rewriter:0.17
MetadataWriter:0.17
