Dispatcher:0.49666666666666665
ClasspathConfigurationProvider:0.4236111111111111
BeanSelectionProvider:0.21333333333333335
LegacyPropertiesConfigurationProvider:0.13
WaitConfigurationProvider:0.12666666666666668
StrutsXmlConfigurationProvider:0.10333333333333333
TestConfigurationProvider:0.09
