DatabaseHandler:0.8266666666666667
UpgradeServlet:0.4166666666666667
DatabaseUpgrades:0.18
