RepoUtil:0.39666666666666667
DefaultClassifier:0.37666666666666665
Generator:0.26666666666666666
Analyzer:0.2088888888888889
ServiceDeploymentGenerator:0.16666666666666666
