XHibernate:0.7669444444444444
XPersistence:0.6754444444444445
