Tds:0.64
TdsConnection:0.30833333333333335
TdsComm:0.2783333333333333
SanityTest:0.24166666666666667
CursorResultSet:0.23
