AlterTableImpl:0.5966666666666667
AlterIndexImpl:0.3050555555555556
