TestClient:0.5933333333333334
HttpTestClient:0.47
DefaultHttpServerResponse:0.3566666666666667
DefaultNetSocket:0.3566666666666667
JavaNetTest:0.2633333333333333
JavaHttpTest:0.19333333333333333
