IssueDAOImpl:0.6161111111111112
IssueDAOImplTest:0.2733333333333333
