Row:0.52
PosPanel:0.4033333333333333
PayDialog:0.26
ProductThread:0.19333333333333336
RowTotal:0.14333333333333334
