ESTestCase:0.6066666666666667
IndexShardTests:0.36666666666666664
IndexWithShadowReplicasIT:0.35333333333333333
