View:0.4266666666666667
ActionProvider:0.37956349206349205
ViewFactory:0.35833333333333334
PluginFactory:0.3272804232804233
TreeView:0.3
Workbench:0.29333333333333333
WorkbenchListener:0.2544444444444444
EditView:0.24666666666666667
ActionOpen:0.24333333333333335
TimelineView:0.22666666666666666
Group:0.21666666666666667
ActionSave:0.21533333333333332
ReportViewFactory:0.215
EntityView:0.20666666666666667
MenuHelper:0.20333333333333334
EditViewFactory:0.18
SearchView:0.16666666666666666
ActionOpenView:0.15
TableView:0.14666666666666667
NavigatorView:0.14666666666666667
ViewDockable:0.12
ReportView:0.06
ContextHook:0.056666666666666664
OpenForEdit:0.03333333333333333
Callback:0.03333333333333333
ActionExit:0.03
TimelineViewFactory:0.0125
TreeViewFactory:0.0125
TableViewFactory:0.0125
EntityViewFactory:0.0125
SearchViewFactory:0.0125
NavigatorViewFactory:0.0125
EditPluginFactory:0.0
