HivePageSink:0.8266666666666667
HiveOutputTableHandle:0.2866666666666667
TestHivePageSink:0.2833333333333333
HiveWritableTableHandle:0.25666666666666665
HivePageSinkProvider:0.23666666666666666
HiveInsertTableHandle:0.05
