LatestUpdateMapMergePolicy:0.4468888888888889
HigherHitsMapMergePolicy:0.4468888888888889
MergePolicyProvider:0.19333333333333333
