GraphicProperties:0.4066666666666667
GwtTeamingMessages:0.4
GraphicWidgetDlgBox:0.32666666666666666
GraphicWidget:0.12666666666666668
