HierarchicalTestExecutorTests:0.4866666666666667
NodeExecutor:0.21333333333333335
ExceptionHandlingTests:0.16833333333333333
TestCaseWithInvalidConstructorAndThrowingAfterAllCallback:0.13
ThrowingAfterAllCallback:0.0
