Constants:0.5061666666666667
Emitter:0.4866666666666667
TestTransformingLoader:0.35
ExampleTask:0.15
AddStaticInitTransformer:0.1311111111111111
