PageBuffer:0.6766666666666666
TaskOutput:0.43666666666666665
HttpRemoteTask:0.2694206349206349
