CodeGenerator:0.32
OutputModelWalker:0.25333333333333335
Target:0.24666666666666667
Parser:0.23333333333333334
ParserGenerator:0.16777777777777778
RuleFunction:0.10333333333333333
DFADef:0.06
