Configurator:0.3538888888888889
PropertyAdapter:0.3333333333333333
BindingInfoEntry:0.31
ComboboxModelAdapter:0.23666666666666666
RadioButtonAdapter:0.21333333333333335
MaxLengthConfigurator:0.15333333333333332
JListPropertyAdapter:0.15
