NettyClientHandler:0.51
NettyClientHandlerTest:0.4633333333333333
NettyChannelBuilder:0.22333333333333333
NettyClientTransport:0.20666666666666667
NettyTransportFactory:0.15
FrameListener:0.1211111111111111
