FavouritesInterface:0.70875
Favourites:0.45666666666666667
LayoutManager:0.42
