jEdit:0.59
HistoryModel:0.41
PasteFromListDialog:0.33666666666666667
Renderer:0.22666666666666666
