BaseGJChronology:0.54
CopticChronology:0.4033333333333333
GJYearDateTimeField:0.3433333333333333
CopticYearDateTimeField:0.25666666666666665
