LocationTest:0.55
HtmlAnchorTest:0.5433333333333333
HtmlAreaTest:0.31333333333333335
