RedissonMapCache:0.47333333333333333
RedissonMap:0.37333333333333335
RedissonLocalCachedMap:0.36666666666666664
RedisCommands:0.2067222222222222
RMap:0.2
RMapAsync:0.19416666666666665
