FieldInjector:0.6233333333333333
IocException:0.49
ObjectMakerImpl:0.15666666666666668
