GridViewHolder:0.44333333333333336
Logger:0.36666666666666664
MediaGridAdapter:0.26666666666666666
ExampleUnitTest:0.09666666666666666
