HTMLPhraseElement:0.45666666666666667
HTMLSpanElement:0.25
HTMLBlockElement:0.24333333333333335
HTMLBlockQuoteElement:0.21333333333333335
HTMLDelElement:0.15333333333333332
HTMLInsElement:0.15333333333333332
HTMLSpanElementTest:0.15
HTMLDefinitionDescriptionElement:0.1
HTMLDefinitionTermElement:0.1
HTMLPhraseElementTest:0.0
