CodeGenerator:0.57
EnhancerGenerator:0.24333333333333335
Delegator:0.24333333333333335
KeyFactoryGenerator:0.23333333333333334
MethodDelegate:0.22166666666666668
Enhancer:0.21333333333333335
ReflectUtils:0.21333333333333335
DelegatorGenerator:0.2
KeyFactory:0.19666666666666666
Generator:0.17666666666666667
MulticastDelegate:0.17
JdkCompatibleProxy:0.12666666666666668
Constants:0.08666666666666667
MetaClassGenerator:0.07
FieldInfo:0.043333333333333335
