NameTable:0.6866666666666666
ObjectiveCImplementationGeneratorTest:0.3466666666666667
InnerClassExtractorTest:0.34
AnonymousClassConverterTest:0.25666666666666665
NameTableTest:0.21
OuterReferenceFixerTest:0.17666666666666667
