TestProjection:0.4533333333333333
LegendContext:0.43666666666666665
DefaultBufferOfItemsConverter:0.4066666666666667
Legend:0.37666666666666665
ServerCockpitChangeWindow2Test:0.36333333333333334
BufferOfItemsConverter:0.33666666666666667
ARINCMapVertSource:0.2833333333333333
ARINCMapHorzSource:0.26666666666666666
AbstractARINCHandler:0.25333333333333335
WidgetsRefHandler:0.24333333333333335
ClientWidgetsRefHandler:0.23
ExtensionMapsTest:0.19666666666666666
ProtocolInputDecoder:0.18666666666666668
DefaultARINCUtils:0.18
MapHorzItemsRenderer:0.17
LegendPopUp:0.11
AbstractLegendRenderer:0.10666666666666667
MapLibraryManager2Test:0.08694444444444445
LegendAnchorRenderer:0.08666666666666667
ClientExtensionLoaderTest:0.06166666666666667
MapItemLegendAnchorTest:0.056666666666666664
MapLibraryManagerTest:0.055
MapManagerTest:0.005
