CommunicationsStub:0.6
GISViewScene:0.32666666666666666
GISViewService:0.26
MoveAction:0.15333333333333332
LocalStuffFactory:0.15
