RequestScopeInjector:0.48
WebApplication:0.33
MadvocContextInjector:0.20083333333333334
ServletContextInjector:0.2
ScopeDataResolverTest:0.19333333333333333
ServletConfigInterceptor:0.16
InterceptorsManagerTest:0.13333333333333333
BaseScopeInjector:0.12333333333333334
IdRequestInjectorInterceptor:0.1
ApplicationScopeInjector:0.09
SessionScopeInjector:0.043333333333333335
ServletContextScopeInjector:0.03666666666666667
MadvocContextScopeInjector:0.02666666666666667
