ServiceRequestImplConfig:0.4666666666666667
Lifecycle:0.42333333333333334
Locale:0.36333333333333334
Command:0.35333333333333333
ServiceRequestImpl:0.3
LocaleManager:0.2833333333333333
FilterRulesEditor:0.19333333333333333
UploadedFileImpl:0.16333333333333333
TestLocale:0.14333333333333334
InitWebsiteAdministration:0.13
TestEmailAddressConfiguration:0.12333333333333334
TestLocaleManager:0.11333333333333333
HomepageRedirector:0.10333333333333333
InitWebsiteAdministrationResult:0.07333333333333333
FileUploadConfig:0.055
TestServiceRequestImplConfig:0.03
SpiderConfiguration:0.025
