BigArrays:0.49
PageCacheRecycler:0.32
AbstractFieldMapper:0.32
BigDoubleArray:0.24333333333333335
BigFloatArray:0.24333333333333335
MockPageCacheRecycler:0.21583333333333332
AbstractBigArray:0.19333333333333333
RecyclerBenchmark:0.13666666666666666
DoubleArrayWrapper:0.10666666666666667
FloatArrayWrapper:0.10666666666666667
