ShellGraph:0.5516666666666666
ShellNode:0.5433333333333333
DnDCreateArc:0.26666666666666666
DnDIdle:0.1813888888888889
DnDResizeNode:0.14666666666666667
