VerifyServiceByIdMatcher:0.43666666666666665
AbstractResourceBasedServiceRegistryDaoTests:0.36333333333333334
CentralAuthenticationServiceImplWithMockitoTests:0.32666666666666666
DelegatedClientAuthenticationActionTests:0.16333333333333333
ChainingPrincipalResolverTests:0.16
