AuthenticationServiceStub:0.6866666666666666
AuthenticationService:0.654015873015873
GaapServicesClient:0.49666666666666665
