Headers:0.5733333333333334
RecordingEventListener:0.36
HeadersTest:0.30666666666666664
EventListenerTest:0.29
EventListener:0.24055555555555558
CallServerInterceptor:0.12333333333333334
