Cell:0.5066666666666667
OptionsWidget:0.49666666666666665
Model:0.38666666666666666
