JsonSupportWrapper:0.3933333333333333
DefaultExceptionListener:0.21666666666666667
InPacketHandler:0.17333333333333334
ExceptionListener:0.11333333333333333
ExceptionListenerAdapter:0.11333333333333333
