Pool:0.645
Http1xPool:0.5366666666666666
Http2Pool:0.47333333333333333
ConnQueue:0.3566666666666667
