ParentRunner:0.63
BlockJUnit4ClassRunner:0.45
ParallelComputer:0.16666666666666666
ParentRunnerTest:0.12333333333333334
