PositionManager:0.8133333333333334
PosTopHalf:0.48333333333333334
