MapStoreConfigReadOnly:0.4666666666666667
MapConfigTest:0.37333333333333335
MemberAttributeConfigReadOnly:0.22666666666666666
ReplicatedMapConfigReadOnly:0.12
NearCacheConfigReadOnly:0.12
