BaseTest:0.6402777777777777
DataTypeTests:0.30666666666666664
CRUDTests:0.28
InsertUpdateTests:0.28
RoutineAndUDTTests:0.23
