RobolectricTestRunner:0.49
ShadowingTest:0.42833333333333334
SdkEnvironment:0.33
HelperTestRunner:0.26666666666666666
TestClassRunnerForParameters:0.18666666666666668
