TLRandom:0.4580555555555556
BasicSubscriberWithFragDefragAdaptor:0.38
BasicPublisherWithFragmentation:0.1811111111111111
