MemberStateImpl:0.56
MemberState:0.5566666666666666
WanReplicationServiceImpl:0.28
WanReplicationService:0.2678730158730158
TimedMemberStateFactory:0.25333333333333335
MemberStateImplTest:0.14
