ApprovalRequest:0.5766666666666667
DummyApprovalRequest:0.36
LocalUserAdminSessionBean:0.2633333333333333
LocalApprovalSessionBean:0.21666666666666667
AddEndEntityApprovalRequest:0.18666666666666668
ApprovalDataVOView:0.18666666666666668
TestApprovalSession:0.18
EditEndEntityApprovalRequest:0.18
ApprovalDataBean:0.15333333333333332
ChangeStatusEndEntityApprovalRequest:0.10666666666666667
TestApprovalRequest:0.07
ApprovalExecutorUtil:0.02666666666666667
