SQL92SQLGenerator:0.49
H2SQLGenerator:0.2733333333333333
MSSQLSQLGenerator:0.20333333333333334
