LongFPSet:0.40376190476190477
FPUURISet:0.19666666666666666
AbstractLongFPSet:0.19
CachingDiskLongFPSet:0.16333333333333333
MemUURISet:0.10666666666666667
UURISet:0.09916666666666667
