AdminGroupsManagedBean:0.48
BasicAccessRuleSetEncoder:0.3644444444444444
BasicAccessRuleSetDecoder:0.2833333333333333
AccessRuleTemplate:0.26
ComplexAccessControlSessionBean:0.23666666666666666
ComplexRoleManagementSessionBean:0.14
DefaultRolesTest:0.0
