IqAdHocCommands:0.6411111111111112
Logger:0.42333333333333334
