Token:0.53
TypeToken:0.3466666666666667
SignatureToken:0.29833333333333334
