InMemoryLookupCache:0.5833333333333334
VocabCache:0.44156349206349205
Word2Vec:0.38333333333333336
RNTN:0.32666666666666666
Builder:0.31
Word2VecLoader:0.15666666666666668
Word2VecTests:0.10333333333333333
BasicRNTNTest:0.09333333333333334
InMemoryVocabStoreTests:0.08
LuceneInvertedIndexTest:0.08
