HeapSort:0.22333333333333333
ShellSort:0.17333333333333334
MergeSort:0.15333333333333332
InsertionSort:0.13666666666666666
RadixSort:0.10333333333333333
AmericanFlagSort:0.10333333333333333
CountingSort:0.10333333333333333
