Shape:0.7233333333333334
RackViewImage:0.44666666666666666
RackViewScene:0.43
RackWidget:0.31666666666666665
PolygonShape:0.25
LabelShape:0.22333333333333333
DeviceLayoutRenderer:0.15333333333333332
CircleShape:0.13666666666666666
NestedDevice:0.12666666666666668
NestedDeviceWidget:0.10777777777777779
EquipmentWidget:0.1
PolygonShapeWidget:0.09916666666666667
CircleShapeWidget:0.09916666666666667
CustomShape:0.08111111111111112
ResizableLabelWidget:0.07333333333333333
RectangleShape:0.05777777777777779
PortWidget:0.056666666666666664
DeviceLayoutStructure:0.05333333333333334
RackWidgetWrapper:0.05
ContainerShape:0.04666666666666667
PolygonWidget:0.04
RackViewWidget:0.04
CircleWidget:0.04
ShapeWidgetUtil:0.025
ShapeFactory:0.013333333333333334
RackUnitWidget:0.013333333333333334
RackViewConnectionWidget:0.006666666666666667
SelectableRackViewWidget:0.0033333333333333335
RackViewConnectionRouter:0.0033333333333333335
