CreatorExecutable:0.5416666666666666
InstanceCreatorImpl:0.31
ConventionAnnotationImpl:0.29333333333333333
PojoRoundTripTest:0.25666666666666665
