PeakTableViewer:0.66
SpectrumEditor:0.37
MetadataUtils:0.21666666666666667
MetaDataPage:0.17
PeakTablePage:0.15333333333333332
PeakCellModifier:0.14666666666666667
JCampLabelProvider:0.09444444444444444
PeakSorter:0.06333333333333334
JCampContentProvider:0.057777777777777775
PeakLabelProvider:0.03666666666666667
