Def:0.8366666666666667
WriterConstants:0.38666666666666666
SFunction:0.31333333333333335
SSource:0.2633333333333333
