SyntenyAdapter:0.6511111111111112
FileMenu:0.5233333333333333
