ErrorSourceUpdate:0.6014444444444444
ErrorList:0.3433333333333333
ErrorSource:0.2866666666666667
DefaultErrorSource:0.2833333333333333
ErrorListPlugin:0.23
