WebKeys:0.8566666666666667
DefinitionModule:0.7966666666666666
DefinitionModuleImpl:0.31333333333333335
DefinitionHelper:0.29333333333333333
BinderModuleImpl:0.21333333333333335
SearchFilterToMapConverter:0.21
AdvancedSearchController:0.21
ListFolderHelper:0.20333333333333334
AbstractBinderProcessor:0.19333333333333333
ManageDefinitionsController:0.18333333333333332
WorkspaceTreeHelper:0.18
ConfigureController:0.14666666666666667
ViewController:0.1
