SurveillanceService:0.7277777777777779
EventIpcManagerDefaultImplTest:0.49333333333333335
NotificationManagerTest:0.38
UserGroupLdapAuthoritiesPopulator:0.3333333333333333
JdbcFilterDaoTest:0.33
AbstractTransactionalTemporaryDatabaseSpringContextTestsTest:0.23888888888888885
SurveillanceServiceAsync:0.215
AbstractTransactionalDaoTestCase:0.21
OutageDaoTest:0.19666666666666666
DefaultSurveillanceService:0.18333333333333332
CastorUtils:0.16666666666666666
AbstractCastorConfigDao:0.15333333333333332
AbstractTransactionalTemporaryDatabaseSpringContextTests:0.1286111111111111
GmapAlarmLoader:0.10666666666666667
GmapDashlet:0.023333333333333334
