HibernateService:0.5991666666666666
EntityManagerFactoryImpl:0.42
ServiceRegistryHolder:0.4166666666666667
