Vertx:0.5033333333333333
HttpServerRequestImpl:0.35333333333333333
VertxImpl:0.26666666666666666
Http2ServerRequestImpl:0.24333333333333335
Http2ServerResponseImpl:0.24
HttpClientRequestImpl:0.22166666666666668
HttpServerResponseImpl:0.21666666666666667
DeploymentManager:0.19666666666666666
DeploymentTest:0.15416666666666667
ReferenceSavingMyVerticle:0.0
