StatusLine:0.68
RepartitionDialog:0.30666666666666664
MainPage:0.17
ComputeSpecificitiesDialog:0.15666666666666668
ExportTable:0.15
ImportTable:0.15
DeleteObject:0.14666666666666667
ComputeLexicalTable:0.12
ExecuteScriptR:0.11966666666666666
ExecuteRText:0.11966666666666666
VocabularyToLexicalTable:0.10666666666666667
OpenURI:0.10666666666666667
Submit:0.1
