SSADefinition:0.4866666666666667
DefinitionGraph:0.4066666666666667
Predicated:0.2866666666666667
Predicate:0.17
Helper:0.09777777777777777
