Tools:0.5633333333333334
ParserImpl:0.4033333333333333
AbstractBinding:0.24666666666666667
CreateTableImpl:0.21
DefaultEnumTypeBinding:0.2
