TerminateSessionAction:0.6033333333333334
CasSupportActionsConfiguration:0.4353333333333333
LogoutProperties:0.21666666666666667
