BVHTree:0.62
BVHNode:0.3566666666666667
FluxSceneBuilder:0.3433333333333333
JOCLDataOutputStream:0.3433333333333333
FluxPrimitive:0.25333333333333335
BVHAnalyzer:0.23
BVHBuilderMiddle:0.23
BVHBuilderSAH:0.19333333333333333
FluxSensor:0.13333333333333333
FluxVolume:0.07
FluxFrustum:0.03333333333333333
FluxBox:0.03333333333333333
FluxCylinder:0.03333333333333333
FluxPolygon:0.03333333333333333
FluxPlane:0.03333333333333333
