Operation:0.6766666666666666
OperationServiceImpl:0.27466666666666667
InvocationTest:0.25666666666666665
InvocationImpl:0.23916666666666667
OperationAccessor:0.22333333333333333
OpThread:0.19
ReInvocationTask:0.023055555555555555
