MockUserCache:0.5569880952380951
JdbcUserDetailsManagerTests:0.5133333333333333
JdbcUserDetailsManager:0.47333333333333333
GroupManager:0.13444444444444442
DeleteGroupAuthority:0.050833333333333335
DeleteGroupMember:0.050833333333333335
GroupAuthoritiesByGroupNameMapping:0.03
