PluginManagerIT:0.7190000000000001
TribeClusterStateListener:0.25333333333333335
