AbstractBeanInvokingAction:0.42333333333333334
FormObjectAccessor:0.36666666666666664
AbstractAction:0.2966666666666667
BeanInvokingActionFactory:0.22666666666666666
SetPortletModeAction:0.158
ResultEventFactorySelector:0.14333333333333334
ResultObjectBasedEventFactory:0.13333333333333333
DefaultMultiActionMethodResolver:0.13
