ApplicationLocale:0.5033333333333333
Lifecycle:0.5
SystemLocale:0.48333333333333334
LocaleManager:0.39666666666666667
TestLocaleManager:0.17
TestLocale:0.16
LocaleManagerConfiguration:0.08
