Category:0.6
Buchart:0.5433333333333333
Chart:0.38666666666666666
EmptyFeatureMap:0.3
PrologCafe:0.12
BuChartRecord:0.07777777777777778
Prolog:0.07285714285714284
TestSuite:0.07033333333333333
SynOutput:0.058333333333333334
SemOutput:0.058333333333333334
BrillToBuchart:0.05694444444444445
InitialEdge:0.04611111111111111
IllegalCategoryName:0.0425
InvalidPosCategory:0.0425
FeatureValue:0.03333333333333333
Edge:0.023333333333333334
SynSemTriple:0.0033333333333333335
BestParseOutput:0.0033333333333333335
SWIJavaProlog:0.0025
SICStusProlog:0.0025
SWIProlog:0.0025
SynSemPair:0.0
SortedAnnotationList:0.0
