IMap:0.5247222222222222
MultiMap:0.5
ClientMultiMapProxy:0.3466666666666667
ClientMapProxy:0.32
ClientMapReduceRequest:0.2966666666666667
ProxyManager:0.22333333333333333
MapProxyImpl:0.16333333333333333
ObjectMultiMapProxy:0.14333333333333334
ClientContext:0.09988095238095239
FactoryIdHelper:0.013333333333333334
