DB:0.5966666666666667
DBCollection:0.4533333333333333
Mongo:0.3933333333333333
WriteResult:0.25333333333333335
