ProxySettingsOptionsPanel:0.59
JUMPWorkbench:0.48
Blackboard:0.39666666666666667
DNSResolver:0.09333333333333334
