RaCertificateSearchRequest:0.7133333333333334
RaSearchCertsBean:0.6466666666666666
RaMasterApiSessionBean:0.355
