WebserviceBean:0.52
WebserviceBeanRemote:0.4533333333333333
IPAMModule:0.44666666666666666
MPLSModule:0.3333333333333333
DefaultReports:0.2633333333333333
