LossHandler:0.5
DriverConnection:0.47333333333333333
DataFrameDispatcher:0.23666666666666666
LossHandlerTest:0.20666666666666667
