JCPPage:0.9033333333333333
JCPMultiPageEditorContributor:0.25666666666666665
