CollectRegolith:0.7233333333333334
Areologist:0.27666666666666667
Driver:0.27666666666666667
