EntityMetamodel:0.4422222222222222
MutableNaturalIdTest:0.41
User:0.3933333333333333
Loader:0.38333333333333336
ImmutableNaturalIdTest:0.26666666666666666
