DecimalFormat:0.7066666666666667
NumberFormat:0.44
JPF_java_text_DecimalFormat:0.26666666666666666
