Skin:0.54
ScrollPane:0.4633333333333333
List:0.44
Button:0.4266666666666667
Label:0.4033333333333333
SelectBox:0.3433333333333333
Slider:0.34
TextField:0.34
TextButton:0.30666666666666664
NinePatch:0.29
TexturePacker2:0.27666666666666667
SplitPane:0.2733333333333333
Window:0.26
ImageButton:0.23666666666666666
CheckBox:0.20666666666666667
TintedDrawable:0.2063968253968254
ButtonStyle:0.18333333333333332
UITest:0.17333333333333334
SelectList:0.16
ImageButtonStyle:0.14666666666666667
TextButtonStyle:0.11333333333333333
ScrollPaneTest:0.08
ListStyle:0.06666666666666667
NinePatchDrawable:0.051666666666666666
TextFieldStyle:0.043333333333333335
CheckBoxStyle:0.04
SelectBoxStyle:0.04
ScrollPaneStyle:0.04
WindowStyle:0.03666666666666667
TableLayoutTest:0.031111111111111107
SliderStyle:0.02666666666666667
SplitPaneStyle:0.025
