StatementSplitter:0.7164444444444444
TestQueries:0.5283333333333333
TestStatementSplitter:0.24666666666666667
