ClickableElement:0.5133333333333333
HtmlCheckBoxInput:0.3433333333333333
HtmlFormTest:0.20333333333333334
