QueueFile:0.6966666666666667
FileObjectQueue:0.36666666666666664
QueueFileTest:0.32666666666666666
InMemoryObjectQueue:0.23333333333333334
