FileMetaInformation:0.29333333333333333
ApplicationProfile:0.2783333333333333
DicomInputStream:0.17666666666666667
DicomOutputStream:0.16666666666666666
DicomDirReader:0.12333333333333334
DicomDirWriter:0.11
FileSetInformation:0.10333333333333333
RAFOutputStreamAdapter:0.09666666666666666
DirectoryRecordType:0.09277777777777778
BasicApplicationProfile:0.07
