WorkspaceTreeController:0.32
WebKeys:0.28977777777777775
ViewEntryController:0.27666666666666667
ViewController:0.24666666666666667
