CMSynergySession:0.7433333333333333
CMSynergySessionMonitor:0.3233333333333333
