KerasLayer:0.44333333333333336
KerasLstm:0.31
KerasModel:0.30666666666666664
KerasBatchNormalization:0.12444444444444445
KerasDense:0.12333333333333334
KerasConvolution:0.09333333333333334
