ScopeSelectionStrategyProvider:0.14
PrefereEndScopeSelectionStrategy:0.05333333333333334
PrefereBeginingScopeSelectionStrategy:0.05
BeginEndAvailRandSelectionStrategy:0.016666666666666666
AvailRandSelectionStrategy:0.016666666666666666
BeginAvailRandSelectionStrategy:0.016666666666666666
