FileList:0.4866666666666667
Component:0.3333333333333333
IFileContentChangedListener:0.3272804232804233
FileStub:0.29
SarosContext:0.24666666666666667
FileListTest:0.22
IncomingProjectNegotiation:0.20666666666666667
OutgoingProjectNegotiation:0.20333333333333334
SarosSessionManager:0.19333333333333333
FileListFactory:0.16
AddProjectToSessionWizard:0.13666666666666666
ChecksumCacheTest:0.11666666666666667
ChecksumCacheImpl:0.09666666666666666
IChecksumCache:0.03666666666666667
IFileContentChangedNotifier:0.006666666666666667
FileContentNotifierBridge:0.0033333333333333335
