FlowFacesContext:0.4633333333333333
JsfViewFactory:0.3233333333333333
JsfViewFactoryTests:0.22666666666666666
JSFFlowExecutionTests:0.175
JsfRenderFinalResponseActionTests:0.13333333333333333
FacesMessageIterator:0.07
ClientIdIterator:0.023333333333333334
FlowFacesContextTests:0.023333333333333334
