ComponentTestFixture:0.6857777777777778
EDTExceptionCatcher:0.5283333333333333
