CacheTest:0.33
LoadingCacheView:0.28800000000000003
LoadingCacheTest:0.27666666666666667
AsyncLoadingCacheTest:0.27666666666666667
LocalLoadingCache:0.24333333333333335
BoundedLocalCache:0.24
UnboundedLocalCache:0.21666666666666667
LocalAsyncLoadingCache:0.21466666666666667
