UserView:0.35333333333333333
UserDataBean:0.35
UserDataVO:0.25333333333333335
RAInterfaceBean:0.24666666666666667
ExtendedInformation:0.19
SCEPRAExtendedInformation:0.1
