ImportField:0.5666666666666667
ImportTableExecution:0.31333333333333335
ImportMetadata:0.2866666666666667
ImportJob:0.20833333333333334
ImportManager:0.17333333333333334
LocalShardManager:0.16666666666666666
ImportSchemaUtil:0.06666666666666667
