ItemWriteListener:0.77
CompositeItemWriteListenerTests:0.3
CompositeItemWriteListener:0.28
BatchListenerSupport:0.25666666666666665
MulticasterBatchListener:0.25666666666666665
BatchListenerFactoryHelper:0.24
ItemListenerSupport:0.12083333333333333
