Image:0.7366666666666667
ClusteredServiceAgent:0.4
ImageTest:0.14333333333333334
