LoadFilterService:0.4
ConfigurationChangedFilter:0.38333333333333336
RefreshCacheJob:0.31
BshDatabaseWriterFilter:0.28
ILoadFilterService:0.2652222222222222
ConfigurationChangedDataRouter:0.23333333333333334
LoadFilterServiceSqlMap:0.055714285714285716
