D:0.4266666666666667
MethodInlinerVisitor:0.42
AbstractTest:0.33
TestInner2:0.3233333333333333
C:0.30666666666666664
