FeatureProperty:0.7333333333333333
TierProperty:0.48333333333333334
TiersIO:0.31333333333333335
