SqlTaskExecution:0.49333333333333335
PipelineContext:0.4633333333333333
Status:0.4533333333333333
OperatorFactory:0.44666666666666666
DriverContext:0.43333333333333335
TaskStatus:0.3566666666666667
DriverFactory:0.3433333333333333
TaskContext:0.3
TaskSource:0.23666666666666666
PlanFragment:0.23333333333333334
DriverSplitRunner:0.2311111111111111
SqlTask:0.21666666666666667
MockRemoteTask:0.21333333333333335
LocalExecutionPlanContext:0.21333333333333335
PerLifespanStatus:0.2063968253968254
PerPipelineAndLifespanStatus:0.2063968253968254
DriverSplitRunnerFactory:0.16666666666666666
IndexBuildDriverFactoryProvider:0.16333333333333333
TestingTaskResource:0.14333333333333334
AbstractSimpleOperatorBenchmark:0.09666666666666666
PendingSplitsForPlanNode:0.09
SqlTaskExecutionFactory:0.09
TestingOperatorContext:0.07333333333333333
SchedulingLifespanManager:0.04
SchedulingLifespan:0.01
PendingSplits:0.0033333333333333335
PerPipelineStatus:0.0025
