DBCursor:0.4666666666666667
Query:0.4
MongoCursor:0.3233888888888889
MongoQueryCursor:0.26
MapReduceInlineResultsCursor:0.04666666666666667
InlineMongoCursor:0.04666666666666667
MongoMappingCursor:0.04666666666666667
DBCursorOldTest:0.03666666666666667
