Position:0.5566666666666666
ParsedTag:0.4266666666666667
CharScanner:0.3433333333333333
LagartoParser2:0.33
LagartoParserEngine:0.18666666666666668
LagartoParserTest:0.16
