FetchProjection:0.5266666666666666
TransportExecutorTest:0.32666666666666666
FetchOperationIntegrationTest:0.30333333333333334
FetchProjector:0.2833333333333333
Visitor:0.27666666666666667
