EntryEvent:0.52
CMap:0.32666666666666666
Keys:0.23333333333333334
ConcurrentMapManager:0.21666666666666667
BaseManager:0.21
HazelcastClientTest:0.19
HazelcastTest:0.19
EventTask:0.15666666666666668
EntryListenerManager:0.15
