Action:0.5333333333333333
TransportReplicationActionTests:0.35333333333333333
TransportReplicationAction:0.2733333333333333
AsyncPrimaryAction:0.2711111111111111
ReroutePhase:0.26
IndicesRequestIT:0.24666666666666667
RoutingTable:0.2
ShardNotFoundException:0.18333333333333332
ReplicaOperationTransportHandler:0.18
PrimaryOperationTransportHandler:0.18
AsyncReplicaAction:0.07777777777777778
ConcreteShardRequest:0.07
