MiscCodec:0.48
ParserConfig:0.36333333333333334
MapCodec:0.25666666666666665
DateFormatSerializerTest:0.22222222222222224
SerializeConfig:0.18916666666666668
CollectionCodec:0.13666666666666666
FastMatchCheckTest:0.10666666666666667
