Map:0.8066666666666666
TreeMap:0.46
HashMap:0.285
AbstractMapTest:0.23333333333333334
