SqlExpressionGroup:0.6133333333333333
Cnd:0.38333333333333336
OrderBySet:0.27666666666666667
