QueuedMessageDialog:0.6166666666666667
Messages:0.5058333333333334
MessageMonitorThread:0.2633333333333333
MessageHandler:0.22333333333333333
IMessageHandler:0.043333333333333335
