SemanticGedcomModel:0.3672222222222222
Queries:0.33666666666666667
SemanticGedcomUtil:0.30666666666666664
