CameraManager:0.3933333333333333
CaptureActivity:0.31666666666666665
AutoFocusCallback:0.235
NetworkThread:0.22333333333333333
EncodeActivity:0.20666666666666667
HistoryManager:0.20666666666666667
PreviewCallback:0.1775
CameraConfigurationManager:0.17666666666666667
CaptureActivityHandler:0.16416666666666666
SearchBookContentsActivity:0.12
DecodeHandler:0.12
EncodeThread:0.11
