TestOffsetDateTimeField:0.37
TestPreciseDateTimeField:0.3655555555555555
TestBaseDateTimeField:0.32
TestPreciseDurationDateTimeField:0.2966666666666667
TestAll:0.12333333333333334
MockPartial:0.06333333333333334
