ContextSourceTransactionManager:0.43
DummyDao:0.30666666666666664
LdapAndJdbcDummyDaoImpl:0.21333333333333335
ContextSourceAndDataSourceTransactionManagerIntegrationTest:0.056666666666666664
