ImmutableGraphEltSet:0.4774444444444445
GraphEltSet:0.4
NBrowseApplet:0.3466666666666667
NodeConnection:0.2733333333333333
NBEdge:0.25
NBNode:0.18
