MockMvcRequestSpecificationImpl:0.5833333333333334
MockMvcRequestSpecification:0.36616666666666664
RestAssuredMockMvc:0.3333333333333333
MockMvcRequestSender:0.30666666666666664
RequestLoggingTest:0.12333333333333334
ConfigConverter:0.0
