AbstractBenchmark:0.26666666666666666
ClientAuthInterceptorTests:0.22416666666666665
GrpcFuture:0.21666666666666667
CallsTest:0.18
MockExecutorFactory:0.15333333333333332
GoAwayClosedStreamException:0.013333333333333334
OperationRuntimeException:0.013333333333333334
OperationException:0.013333333333333334
