HpackTest:0.5566666666666666
Reader:0.37777777777777777
Header:0.375
Writer:0.2811111111111111
