LogSession:0.66
CertificateStoreSessionBean:0.31
CsvLogExporter:0.2966666666666667
LogEntriesView:0.24333333333333335
OldLogDevice:0.23333333333333334
LogInterfaceBean:0.21333333333333335
LogTest:0.17
DummyLogDevice:0.16744444444444442
LogSessionBean:0.15
ILogDevice:0.13944444444444445
ILogExporter:0.06666666666666667
