UserFactoryTest:0.8094444444444445
UserTest:0.4533333333333333
