WebKeys:0.7172777777777777
ViewEntryController:0.32666666666666666
ConfigureController:0.31333333333333335
WorkspaceTreeController:0.11
ListFolderController:0.11
