ClientMultiMapProxy:0.4666666666666667
ObjectMultiMapProxy:0.39666666666666667
MultiMapTest:0.22333333333333333
