WFSPanel:0.5183333333333333
RequestPanel:0.33
TransactionFactory:0.3233333333333333
JUMPFeatureFactory:0.23333333333333334
