Config:0.6166666666666667
RedissonLock:0.42
RedissonReadLock:0.2633333333333333
RedissonWriteLock:0.2633333333333333
MasterSlaveConnectionManager:0.25
CommandAsyncExecutor:0.24666666666666667
RLock:0.24666666666666667
LockPubSub:0.23
ClusterConnectionManager:0.22666666666666666
SentinelConnectionManager:0.14
RedissonTest:0.14
ElasticacheConnectionManager:0.13333333333333333
RedissonLockEntry:0.09333333333333334
