AtomContainer:0.6266666666666667
Renderer2D:0.2538888888888889
AtomPlacer:0.23333333333333334
HOSECodeGenerator:0.23166666666666672
SSSRFinder:0.22333333333333333
Viewer:0.208
SaturationChecker:0.2
AllRingsFinder:0.19
MorganNumbersTools:0.12
