HivePageSink:0.47333333333333333
RecordFormatWriter:0.25333333333333335
HiveRecordWriter:0.19666666666666666
HiveWriter:0.19
WriterPositions:0.16166666666666665
