Word2Vec:0.5566666666666666
SentenceMessage:0.45666666666666667
KMeansClustering:0.23666666666666666
RBMTests:0.19666666666666666
VocabActor:0.16111111111111112
SentenceActor:0.11911111111111111
Word2VecTests:0.11333333333333333
DBNExample:0.1
