OperationRunnerImpl:0.47333333333333333
PerformanceLogFile:0.45666666666666667
PerformanceMonitorTest:0.37666666666666665
RemoteInvocationResponseHandler:0.3202222222222222
