Verify:0.54
DoubleChoiceFromSet:0.47361111111111115
Config:0.35
JPF_gov_nasa_jpf_jvm_Verify:0.2946666666666667
TypedObjectChoice:0.26666666666666666
MyType:0.21666666666666667
TestDataChoice:0.14333333333333334
TestDataChoiceJPF:0.07666666666666666
ReferenceChoiceGenerator:0.0011111111111111111
