Message:0.37777777777777777
AbstractClientEngine:0.29
DefaultClientXMLDFHandler:0.26
StatefullAPIImpl:0.25
ClientMessageProcessor:0.2391507936507937
GUIClientEngine:0.23333333333333334
MessagePanel:0.21333333333333335
ARINC661:0.15833333333333333
