CMap:0.5333333333333333
ManagementConsoleService:0.36333333333333334
HazelcastTest:0.12200000000000001
