GnutellaInputStream:0.6333333333333333
GnutellaOutputStream:0.36666666666666664
FixedDeflaterOutputStream:0.34
