ResourcesTest:0.575
StyleData:0.5611111111111111
ShadowAssetManager:0.3933333333333333
