MissionDataBean:0.5833333333333334
BuildingConstructionMission:0.30333333333333334
MembersPanel:0.21444444444444447
PeopleTableModel:0.21444444444444447
CreateMissionWizard:0.20333333333333334
TypePanel:0.14111111111111113
ConstructionProjectPanel:0.12
ConstructionVehiclePanel:0.09333333333333334
ConstructionSettlementPanel:0.05333333333333334
