GraphicFactory:0.5483333333333333
ServerWindow:0.49666666666666665
ServerDisplay:0.49666666666666665
Widget:0.48
ServerCockpit:0.41
SwingServerCockpit:0.4033333333333333
XMLSAXParser:0.36666666666666664
SwingServerDisplay:0.36333333333333334
SwingServerWindow:0.33666666666666667
ServerLayout:0.3233333333333333
CockpitConfigurationHandlerTest:0.26
Layer:0.25666666666666665
WidgetsRefHandler:0.25
SwingRenderersHandler:0.23
DFHandler_KOTest:0.22333333333333333
CockpitConfigurationHandler:0.22333333333333333
MessageDecoder:0.21666666666666667
ServerWindowDefinition:0.21666666666666667
AbstractServerEngine:0.21666666666666667
SwingServerLayout:0.21333333333333335
WindowsWindowManager:0.21
ServerMessageConstructor:0.21
DevicesPainter:0.20333333333333334
AbstractWindowElement:0.19333333333333333
SwingFactory:0.19
ServerCockpitTest:0.165
ServerCockpit_4Test:0.165
ServerCockpit_3Test:0.16
DFHandler_2Test:0.15666666666666668
DFHandler_3Test:0.15666666666666668
ServerCockpit_2Test:0.15333333333333332
RenderersHandler:0.14666666666666667
LoaderUtilities:0.13666666666666666
DefaultCursorRenderer:0.13333333333333333
WindowManagerListener:0.006666666666666667
