SsfIndexInterface:0.8097222222222222
LocalLuceneSession:0.42
RemoteLuceneSession:0.22
IndexObject:0.20333333333333334
SsfIndexer:0.16666666666666666
LuceneSession:0.09916666666666667
QueryBuilder:0.08
SearchObject:0.04666666666666667
