Decoder:0.6488888888888888
PacketHandler:0.3466666666666667
PacketHandlerTest:0.2833333333333333
