XMLScriptBuilder:0.5958333333333333
RawLanguageDriver:0.44666666666666666
XMLLanguageDriver:0.30866666666666664
