WebClient:0.7016666666666667
Window:0.43666666666666665
WindowTest:0.24
