SymmetricAdmin:0.47333333333333333
AbstractCommandLauncher:0.41333333333333333
SymmetricLauncher:0.23
DbExportCommand:0.18333333333333332
DbImportCommand:0.18333333333333332
