NettyHttpRequest:0.45666666666666667
NettyHttpChannel:0.29333333333333333
DoctestTest:0.19666666666666666
CrateRestMainAction:0.19333333333333333
DocTest:0.13333333333333333
