GoogleAuthenticatorToken:0.9166666666666666
JpaGoogleAuthenticatorTokenRepository:0.3333333333333333
GoogleAuthenticatorJpaConfiguration:0.24666666666666667
