CustomField:0.7
ConfigurationServiceImpl:0.4533333333333333
CustomFieldForm:0.31666666666666665
CustomFieldDAOImpl:0.13666666666666666
EditCustomFieldAction:0.13666666666666666
