Options:0.51
Simulator:0.39666666666666667
ActionStore:0.38
Icons:0.37333333333333335
ShiftPriorityAction:0.3566666666666667
RuleJTree:0.24
