ClientEngineImpl:0.5333333333333333
ExecutionService:0.5227777777777778
AuthenticationBaseMessageTask:0.26666666666666666
ClientDisconnectionOperation:0.25333333333333335
ClientOwnershipTest:0.2
DestroyEndpointTask:0.17666666666666667
ClientReAuthOperation:0.17
ClientDataSerializerHook:0.13633333333333333
ConnectionListenerImpl:0.09666666666666666
ClientReauthTask:0.017388888888888888
ClientDisconnectedTask:0.017388888888888888
