DicomMediaIO:0.6333333333333333
ImageViewerPlugin:0.4066666666666667
