Survey:0.68
Questionnaire:0.3933333333333333
SurveyController:0.28
TestSurvey:0.21666666666666667
TestQuestionnaire:0.21
