ProxyServiceImpl:0.6616666666666666
PostJoinProxyOperation:0.4166666666666667
CompletableFutureTask:0.35
SpiPortableHook:0.19666666666666666
