XacmlName:0.7933333333333333
DatastreamNamespace:0.12333333333333334
HttpRequestNamespace:0.11666666666666667
DisseminatorNamespace:0.11333333333333333
ObjectNamespace:0.11333333333333333
ActionNamespace:0.10333333333333333
BDefNamespace:0.09666666666666666
BMechNamespace:0.09666666666666666
EnvironmentNamespace:0.09666666666666666
SubjectNamespace:0.09
ResourceNamespace:0.09
