Partition:0.52
Zip:0.36333333333333334
ConcordancesEditor:0.2596666666666667
MatrixImpl:0.23333333333333334
Concordance:0.22333333333333333
PartitionComposer:0.21666666666666667
ApplicationWorkbenchAdvisor:0.21666666666666667
OpenBiblio:0.20333333333333334
CorpusPage:0.19
PartItem:0.18333333333333332
AddBase:0.15666666666666668
BuildCwbEncodeArgs:0.135
