Tables:0.6666666666666666
XUnusedRecord:0.56
XUnused:0.39166666666666666
Public:0.2544444444444444
