Queryable:0.615111111111111
AbstractEntityPersister:0.52
MethodNode:0.32111111111111107
ASTParserLoadingTest:0.31
FromElement:0.245
TypeDiscriminatorMetadataImpl:0.04666666666666667
