Netapi32:0.66
Netapi32UtilTest:0.41333333333333333
Netapi32Test:0.32666666666666666
Netapi32Util:0.31666666666666665
FileMonitorTest:0.2536111111111111
Group:0.22
User:0.22
LocalGroup:0.13333333333333333
LMAccess:0.04
GROUP_USERS_INFO_0:0.02
LOCALGROUP_USERS_INFO_0:0.02
GROUP_INFO_0:0.006666666666666667
GROUP_INFO_3:0.006666666666666667
GROUP_INFO_1:0.0033333333333333335
GROUP_INFO_2:0.0033333333333333335
