Protocol:0.5777777777777778
Jedis:0.3566666666666667
BinaryClient:0.35
Client:0.18666666666666668
HostAndPortUtil:0.09333333333333334
