TopHitsIT:0.41333333333333333
HitContext:0.22638888888888892
InnerHitsIT:0.17333333333333334
SourceScoreOrderFragmentsBuilder:0.16333333333333333
SourceSimpleFragmentsBuilder:0.14666666666666667
