ObjectNode:0.49
SelectableWidget:0.4666666666666667
ViewScene:0.4533333333333333
ObjectViewTopComponent:0.3233333333333333
ObjectNodeWidget:0.23333333333333334
ObjectConnectionWidget:0.19166666666666668
SelectableLabel:0.17166666666666666
ShowObjectIdAction:0.12
ConnectLinksFrame:0.11
PopupProvider:0.11
GenericObjectNodeAction:0.1
PhysicalPathTopComponent:0.043333333333333335
ConnectLinksAction:0.03666666666666667
ObjectWidgetMenu:0.03
ShowPhysicalPathAction:0.023333333333333334
RelateToServiceAction:0.023333333333333334
ServicesFrame:0.016666666666666666
ReleaseFromServiceAction:0.0
ReleaseMirrorPortAction:0.0
ConnectMirrorPortAction:0.0
