ClientConnection:0.5566666666666666
HttpTest:0.38333333333333336
ConnQueue:0.22333333333333333
ConnectionLifeCycleListener:0.21494444444444444
