SortingBucketMerger:0.43
SortingBucketMergerTest:0.3566666666666667
RowMergingIterator:0.2866666666666667
Row1:0.15
PeekingRowIterator:0.11
