OperationService:0.6183333333333333
BasicOperationScheduler:0.36
BasicOperationService:0.35333333333333333
OperationThread:0.28
CachedExecutorServiceDelegate:0.24333333333333335
GroupProperties:0.19777777777777777
Packet:0.17
OperationServiceMBean:0.12
PoisonPill:0.0725
OperationThreadFactory:0.03666666666666667
