CHMUseCasesTest:0.4066666666666667
DataReader:0.3333333333333333
ConstantSizeBySampleTest:0.29
ExternalizableDataReader:0.17666666666666667
InstanceCreatingMarshaller:0.17
