Permission:0.49
Privilege:0.3433333333333333
Domain:0.30333333333333334
ScopeFactory:0.29333333333333333
User:0.2916666666666667
Status:0.25
