Parser:0.7333333333333333
BaseRecognizer:0.53
ParserRuleContext:0.36333333333333334
TestU:0.19333333333333333
