JVertex:0.46
Simulator:0.42
FormatError:0.39666666666666667
Options:0.36666666666666664
ControlView:0.31666666666666665
Editor:0.2866666666666667
DefaultLabel:0.25333333333333335
StoredGrammarView:0.21333333333333335
JGraphPanel:0.21
GraphJVertex:0.21
LabelTree:0.20333333333333334
ControlPanel:0.20333333333333334
NewErrorListPanel:0.16333333333333333
ControlTextArea:0.0811111111111111
