ArticleProcessor:0.61
CommentProcessor:0.36666666666666664
SearchProcessor:0.30333333333333334
