TransportSQLActionTest:0.6216666666666667
DDLAnalysisDispatcher:0.33666666666666667
DocTableInfoBuilder:0.25666666666666665
