DeploymentOptions:0.49666666666666665
DeploymentManager:0.4066666666666667
DeploymentTest:0.31333333333333335
VertxTestBase:0.23666666666666666
DeploymentImpl:0.22
