AuthenticationModulesTest:0.36666666666666664
EndEntityCertificateAuthenticationModule:0.30666666666666664
VerifyPKIMessage:0.29333333333333333
RevocationMessageHandler:0.19777777777777777
CrmfKeyUpdateHandler:0.19333333333333336
CrmfMessageHandler:0.17666666666666667
CmpMessageDispatcherSessionBean:0.15
