FlowExecutionHolder:0.6233333333333333
FlowPhaseListener:0.23
FlowVariableResolver:0.21555555555555558
FlowVariableResolverTests:0.17333333333333334
FlowNavigationHandler:0.14666666666666667
FlowExecutionManagerHelper:0.13333333333333333
FlowExecutionHolderUtils:0.04666666666666667
DefaultViewIdResolver:0.0
