WebDriverTestCase:0.75
BrowserRunner:0.3466666666666667
BrowserParameterizedRunner:0.31333333333333335
PromiseTest:0.3
