AnimUtils:0.4666666666666667
ProgressBarDrawable:0.38666666666666666
CircularProgressDrawable:0.38666666666666666
ProgressBar:0.2733333333333333
ImageView:0.21166666666666667
Button:0.21
RelativeLayout:0.21
LinearLayout:0.21
EditText:0.20666666666666667
GridLayout:0.20666666666666667
TextView:0.20333333333333334
FrameLayout:0.19166666666666668
CircularProgressActivity:0.07666666666666666
