XavaPreferences:0.6866666666666666
MapFacadeBean:0.44
HibernatePersistenceProvider:0.3277777777777778
SaveElementInCollectionAction:0.2733333333333333
