DataType:0.5166666666666667
BaseJdbcClient:0.51
TestPostgreSqlDistributedQueries:0.26666666666666666
JdbcRecordCursor:0.23
TestMySqlDistributedQueries:0.22
Input:0.15333333333333332
