AsyncProvidersBasicTest:0.5
BasicHttpsTest:0.21
ComplexClientTest:0.19333333333333333
Head302Test:0.13666666666666666
EchoHandler:0.11615079365079364
AbstractBasicTest:0.02
