SearchManager:0.36
CatalogSearcher:0.2833333333333333
MultiLingualIndexSupport:0.2833333333333333
LuceneSearcher:0.23555555555555557
GetDomain:0.21666666666666667
DetectOld:0.12333333333333334
LanguageSearcher:0.11333333333333333
MultiLingualIndexWriter:0.08666666666666667
