CacheManager:0.6033333333333334
ApplicationEntityManagerImpl:0.4866666666666667
MetadataEntityManagerImpl:0.3
