AuthSettings:0.4816666666666667
RestSQLAction:0.47333333333333333
HttpAuthUpstreamHandler:0.36333333333333334
RestSQLActionTest:0.19333333333333333
