PlanMatchPattern:0.49666666666666665
JoinNode:0.4066666666666667
TestSpatialJoins:0.32666666666666666
SpatialJoinOperator:0.29333333333333333
SpatialJoinMatcher:0.26
SpatialJoinOperatorFactory:0.22166666666666668
PlanOptimizers:0.19
TestSpatialJoinOperator:0.17
TestSpatialJoinPlanning:0.13333333333333333
