NodeFetchRequest:0.5133333333333333
FetchProjector:0.36666666666666664
FetchOperation:0.30666666666666664
ProjectionToProjectorVisitor:0.23333333333333334
FetchProjection:0.17333333333333334
SelectStatementPlanner:0.11333333333333333
TransportFetchNodeAction:0.11
FetchProjectorTest:0.07666666666666666
TransportFetchOperation:0.03666666666666667
NodeFetchRequestTest:0.023333333333333334
