KafkaClientProvider:0.5533333333333333
KafkaClientProviderTest:0.21666666666666667
