DataManager:0.5066666666666667
XLink:0.4266666666666667
ProcessParams:0.31666666666666665
ExtentsStrategy:0.26666666666666666
KeywordsStrategy:0.25666666666666665
FormatsStrategy:0.25666666666666665
ContactsStrategy:0.25666666666666665
ReusableObjManager:0.22333333333333333
