CoreMetaData:0.6266666666666667
PriceHolder:0.30333333333333334
TestCoreMetaData:0.22666666666666666
SimpleHelper:0.12666666666666668
WrongArrayLengthException:0.013055555555555556
NullArrayException:0.013055555555555556
