Subscription:0.71
ClientConductor:0.5333333333333333
SubscriptionTest:0.19333333333333333
SubscriptionFields:0.14333333333333334
