HistoryGuru:0.6066666666666667
Statistics:0.41333333333333333
Indexer:0.30333333333333334
