EditorReader:0.5433333333333333
JListReader:0.4377777777777778
JTreeReader:0.3233333333333333
