WebserviceBeanImpl:0.4
Wizard:0.24
NewDataSourceConfigurationStep:0.24
OutsidePlantViewDashboardWidget:0.20333333333333334
NewSyncGroupStep:0.175
ChooseSyncGroupStep:0.15766666666666668
WizardWindow:0.14666666666666667
ChooseConfigurationStep:0.14666666666666667
NewPhysicalConnectionWizard:0.006666666666666667
