Visitor:0.7
TargetVisitor:0.6933333333333334
DefaultBindTargetVisitor:0.42333333333333334
RegularBuilder:0.29
Guice:0.27111111111111114
ElementsTest:0.27
ModuleWriter:0.24
RecordingBinder:0.23333333333333334
MyVisitor:0.22333333333333333
BindingVisitor:0.215
DefaultElementVisitor:0.21333333333333335
SpiBindingsTest:0.19666666666666666
ConstantBuilder:0.18333333333333332
ModuleBinding:0.18333333333333332
ElementProcessor:0.13
BindElementProcessor:0.10416666666666667
InstanceTarget:0.029166666666666667
FailingTargetVisitor:0.013333333333333334
ConvertedConstantBinding:0.0
