MqlNode:0.6066666666666667
QueryContext:0.32
MqlSqlGenerator:0.30333333333333334
HibernateTransaction:0.2966666666666667
MqlDotNode:0.28
MqlIdentNode:0.23333333333333334
MqlSqlWalker:0.19333333333333333
MqlSqlASTFactory:0.14
MqlFromFragmentNode:0.08333333333333333
MqlHqlGenerator:0.016666666666666666
NullNameResolver:0.0
