CodeGenerator:0.47333333333333333
Obj:0.45
EnhancerGenerator:0.27
TestEnhancer:0.19666666666666666
EA:0.19
BeforeAfterInterceptor:0.13
