View:0.7766666666666666
AddElementsToCollectionAction:0.29333333333333333
ChooseReferenceAction:0.26
MapFacadeBean:0.23666666666666666
CustomerWithSectionTest:0.22666666666666666
EditorTag:0.17
SellerJSPTest:0.08666666666666667
