ProxettaAsmUtil:0.5966666666666667
MethodSignatureVisitor:0.4666666666666667
WorkData:0.3826111111111111
ProxettaMethodBuilder:0.2711111111111111
WrapperProxetta:0.21333333333333335
ProxettaClassBuilder:0.19
WrapperProxettaBuilder:0.15222222222222223
ProxettaWrapperClassBuilder:0.1466666666666667
