AnnotationUtilsTests:0.44666666666666666
AnnotationUtils:0.38666666666666666
BeforeAndAfterEachTests:0.12666666666666668
TestInterfaceTestCase:0.043111111111111114
TestInterface:0.043111111111111114
TaggedInterfaceClass:0.043055555555555555
TaggedInterface:0.043055555555555555
LocalTagOnTaggedInterfaceClass:0.043055555555555555
