BinaryFile:0.7366666666666667
Download:0.4866666666666667
