TokenBasedRememberMeServices:0.6466666666666666
TokenBasedRememberMeServicesTests:0.5533333333333333
