Relation:0.6497777777777778
Solver:0.44333333333333336
BDDSolver:0.21833333333333332
BDDRelation:0.12666666666666668
