WSClientBase:0.6777777777777777
TeamingServiceClientWithCall:0.42
TeamingServiceClientWithStub:0.2833333333333333
