ValueType:0.6033333333333334
Protoclass:0.3566666666666667
Constitution:0.32
AccessorAttributesCollector:0.25
AbstractDeclaring:0.23666666666666666
MetaAnnotated:0.20333333333333334
