MainFrame:0.6033333333333334
NewCorpusAnnotDiffAction:0.2833333333333333
