ICrmfRequestMessage:0.6092777777777777
RequestMessageSubjectDnAdapter:0.4633333333333333
CmpConfiguration:0.3744444444444444
CmpResponseMessage:0.24
CmpTestCase:0.23666666666666666
CmpRAUnidTest:0.02666666666666667
