Match:0.3433333333333333
Vocabulary:0.32
Metadatas:0.2733333333333333
TSResult:0.24333333333333335
Base:0.24333333333333335
Line:0.22527777777777777
ApplyXsl2:0.21666666666666667
BaseParameters:0.20666666666666667
HeadersHolder:0.1
