BinderService:0.545
TeamingServiceEndpoint:0.5166666666666667
TeamingServiceClientWithCall:0.32666666666666666
BinderServiceImpl:0.21
