JMagnifier:0.7466666666666667
JMagnifierDialog:0.47333333333333333
JMagnifierEditorTest:0.22333333333333333
