StartProcessInstanceAction:0.5466666666666666
StartProcessTDBuilder:0.5333333333333333
StartProcessInstanceActionTest:0.4033333333333333
