Node:0.51
FactoryImpl:0.37
TcpIpJoiner:0.2811111111111111
MulticastJoiner:0.24833333333333332
ClusterManager:0.20666666666666667
LifecycleServiceImpl:0.20333333333333334
AbstractJoiner:0.2
HazelcastClusterTest:0.12333333333333334
