LuceneInvertedIndex:0.5458333333333333
Layer:0.4866666666666667
DefaultLayerFactory:0.25666666666666665
WeightInitUtil:0.22666666666666666
