RubyCodeScanner:0.3333333333333333
RubyTextTools:0.29333333333333333
RubyEditor:0.23
RubySourceViewerConfiguration:0.22666666666666666
RubyPartitionScanner:0.2
RubyColorConstants:0.06666666666666668
AbstractRubyScanner:0.056666666666666664
SingleTokenRubyCodeScanner:0.013333333333333334
