TaskListItemHelper:0.5316666666666666
UIData:0.51
TaskInfo:0.2866666666666667
