TestSets:0.6333333333333333
TestSemPredEvalParser:0.6333333333333333
TestLexerErrors:0.3433333333333333
TestParserExec:0.22333333333333333
TestSemPredEvalLexer:0.10666666666666667
TestCompositeLexers:0.07333333333333333
TestLexerExec:0.06
BasePython3Test:0.01
