MasterSlaveConnectionManager:0.41333333333333333
MasterSlaveEntry:0.37333333333333335
ClusterConnectionManager:0.31666666666666665
ClusterPartition:0.16
