XSDNativeTypeTest:0.5833333333333334
XSDTypeRestriction:0.405
UnsignedLong:0.22333333333333333
UnsignedInt:0.22333333333333333
Boolean:0.22333333333333333
UnsignedShort:0.22333333333333333
XSDTypeUnionTest:0.08055555555555555
XSDTypeRestrictionTest:0.07
