ChronicleMapBuilder:0.8733333333333333
StatelessClientTest:0.25166666666666665
BGChronicleTest:0.2388888888888889
ServersMapMain:0.23111111111111116
StatelessChronicleMapTest:0.22666666666666666
ChronicleSetStatelessClientBuilder:0.20222222222222225
StringsMapMain:0.17
