TedConfig:0.8533333333333334
TedMainDialog:0.2833333333333333
TedTable:0.23333333333333334
TedTableRowRenderer:0.23333333333333334
TedAboutDialog:0.2
TedColorPicker:0.2
