Building:0.55
Farming:0.37666666666666665
Crop:0.3333333333333333
CropTableModel:0.2227777777777778
CookMeal:0.18
BuildingPanelFarming:0.17111111111111113
