StoreScp:0.45
StoreScpService:0.43333333333333335
StorageBean:0.27666666666666667
