MetaData:0.72
GatewayMetaState:0.36333333333333334
Plugin:0.28
CustomMetaData1:0.2633333333333333
CustomMetaData2:0.2633333333333333
MockMetaDataIndexUpgradeService:0.09333333333333334
GatewayMetaStateTests:0.08666666666666667
