ITimeOut:0.528611111111111
ProcessDefinition:0.4666666666666667
State:0.38666666666666666
JpdlSerializer_3_2:0.2891666666666667
TimerActionEditDialog:0.23666666666666666
TaskState:0.21333333333333335
TimerActionDialogCellEditor:0.16416666666666666
TimerState:0.16333333333333333
PrefConstants:0.06
TimeOutDurationPropertyDescriptor:0.043333333333333335
GlobalTimeOut:0.03333333333333333
TimeOutActionPropertyDescriptor:0.016666666666666666
TimeOutPreferencePage:0.013333333333333334
AddChiefToExecutor:0.0
NotificationMessages:0.0
