QueryAnalyzer:0.44
QueryAnalyzerTests:0.3566666666666667
PercolatorFieldMapper:0.24666666666666667
PercolatorQuerySearchIT:0.21
Builder:0.19466666666666665
PercolatorFieldMapperTests:0.09666666666666666
TypeParser:0.09
