SpecificationResolver:0.5833333333333334
Visitor:0.4694444444444444
TestPlanSpecificationElement:0.3758174603174604
UniqueIdSpecification:0.18666666666666668
ClassNameSpecification:0.18666666666666668
