SchemaUpdate:0.56
TargetFileImpl:0.3433333333333333
TargetStdoutImpl:0.2733333333333333
SchemaUpdateDelimiterTest:0.12666666666666668
