RuleLevel3:0.4266666666666667
TypeGraph:0.4216666666666667
RuleLevel2:0.4166666666666667
RuleLevel1:0.29333333333333333
LevelMap:0.22666666666666666
