CompilerEvent:0.8766666666666667
VirtualMachineEventAdapater:0.39111111111111113
SodbeansBuildAction:0.36666666666666664
