ModuleTestBase:0.43
Module:0.40777777777777774
ModuleManager:0.3233333333333333
CustomerTest:0.30666666666666664
AJAXTest:0.2
