DataCollection:0.6833333333333333
DAMLAdapter:0.45666666666666667
NodeProperty:0.31
MacroHistoryItem:0.3
URI:0.29333333333333333
NodeUtil:0.27666666666666667
NodeImpl:0.24
GOETTreeModel:0.21666666666666667
NodeClassImpl:0.20333333333333334
SerialAdapter:0.2
DataCollectionImpl:0.2
Controller:0.19666666666666666
ClassClass:0.19
DefaultOperationModel:0.18333333333333332
TypedValue:0.17333333333333334
ClassEditor:0.14333333333333334
DeleteHistoryItem:0.12666666666666668
GOET:0.12666666666666668
DAMLAdapterGUI:0.12
GOETFrame:0.11333333333333333
DefaultMenuFactory:0.10333333333333333
DefaultMenuNameResolver:0.10333333333333333
DefaultDAMLRenderer:0.09
SerialAdapterGUI:0.05944444444444444
