ApplicationEntityManager:0.44484523809523807
WebserviceBean:0.36666666666666664
IPAMModule:0.3194444444444444
KuwaibaService:0.31333333333333335
Util:0.28
ApplicationEntityManagerImpl:0.19333333333333333
RemoteBusinessObjectList:0.18333333333333332
StringPair:0.17666666666666667
RemoteBusinessObjectLight:0.13
