Attributes:0.5966666666666667
Key:0.30333333333333334
Builder:0.24333333333333335
