SimpleLogger:0.5866666666666667
Slf4jLogger:0.5085555555555555
JCLLogger:0.5085555555555555
NOPLogger:0.5085555555555555
JDKLogger:0.1646111111111111
LoggerFactoryTest:0.14333333333333334
DbBaseTest:0.14
NOPLoggerTest:0.13333333333333333
JCLLoggerTest:0.13333333333333333
JDKLoggerTest:0.13333333333333333
Slf4jLoggerTest:0.12666666666666668
MyWebApplication:0.11666666666666667
MyWebApplication2:0.1
Slf4jLogbackLoggerTest:0.1
