CDKAtomTypeMatcherTest:0.6266666666666667
CDKAtomTypeMatcher:0.4991666666666666
