SeriesBean:0.33166666666666667
StudyBean:0.33166666666666667
InstanceBean:0.31166666666666665
