LocksInterface:0.4975
SegmentStages:0.46
KeySearch:0.3491111111111111
HashQuery:0.19666666666666666
MapQuery:0.19666666666666666
