StateTracker:0.44333333333333336
MasterActor:0.43666666666666665
HazelCastStateTracker:0.2733333333333333
