ClassInfoLight:0.4633333333333333
WebserviceBean:0.36
ClassInfo:0.35
Kuwaiba:0.28833333333333333
