DataHandler:0.73
QueryHandler:0.6516666666666666
AnsiQueryHandler:0.45
LogItem:0.39666666666666667
TestDataHandler:0.3433333333333333
AnsiDataHandler:0.2733333333333333
AdminServlet:0.19333333333333333
DB2400QueryHandler:0.17944444444444443
DB2QueryHandler:0.17944444444444443
OracleQueryHandler:0.17944444444444443
UpgradeServlet:0.16
LogServlet:0.048499999999999995
