Gedcom:0.5766666666666667
GedcomReader:0.2733333333333333
GedcomWriter:0.23666666666666666
Model:0.21444444444444447
EditViewFactory:0.20666666666666667
GedcomTableWidget:0.18666666666666668
