TutorialsRemote:0.41333333333333333
Tutorial:0.395
SelectionWindow:0.38
MainWindow:0.37666666666666665
MainWindowSingleton:0.23444444444444448
SelectionWindowSingleton:0.14
LoadTutorialAction:0.09333333333333334
TutorialsRemoteSingleton:0.06
