LayerTreeEditor2Test:0.32666666666666666
LayerTreeEditor5Test:0.3233333333333333
LayerTreeEditor4Test:0.25666666666666665
LayerTreeEditor3Test:0.22666666666666666
