RpcContext:0.6183333333333333
ServiceBean:0.25
ConnectionMonitor:0.23333333333333334
RestProtocol:0.22666666666666666
JettyHttpServer:0.19333333333333333
NettyServer:0.14333333333333334
ContextFilter:0.09444444444444444
