AbstractDbDialect:0.7533333333333333
OracleDbDialect:0.3566666666666667
