ExploreType:0.5333333333333333
Exploration:0.49666666666666665
SimulatorModel:0.48
GrammarModel:0.4
ExploreAction:0.38333333333333336
ExploreResult:0.33666666666666667
FormulaParser:0.32
CtrlParser:0.30333333333333334
CtrlLexer:0.27666666666666667
FormulaLexer:0.27666666666666667
ExplorationDialog:0.26
CtrlChecker:0.22666666666666666
GrammarProperties:0.21666666666666667
LTSJGraph:0.21
LTSDisplay:0.2
Transformer:0.19333333333333333
ExploreThread:0.19
PredicateTests:0.19
ExplorationTest:0.18333333333333332
RecipeTest:0.17666666666666667
GotoFinalStateAction:0.16
StartSimulationAction:0.15666666666666668
LogReporter:0.15333333333333332
LTLTest:0.15333333333333332
StateTreeNode:0.14333333333333334
DynamicConstraintTest:0.13
IOTest:0.13
CheckLTLAction:0.11
ControlVariablesTest:0.10666666666666667
AnyTest:0.10666666666666667
ControlAttributeParametersTest:0.09
ArgumentTest:0.09
RefreshButton:0.06
