ReferencedImageFactory:0.7233333333333334
ImageFeatureCreator:0.23666666666666666
CompositeReferencedImageFactory:0.22
OpenJumpConfiguration:0.20666666666666667
MrSIDImageFactory:0.17
GeoTIFFImageFactory:0.11
GraphicImageFactory:0.11
ECWImageFactory:0.11
