LoginModule:0.6775396825396826
TxmUser:0.5866666666666667
UserTools:0.27666666666666667
TxmLoginModule:0.23666666666666666
