TriggerRouter:0.49333333333333335
DataService:0.45666666666666667
AbstractDbDialect:0.43333333333333335
MockDataService:0.3196666666666667
IDataService:0.3196666666666667
SqlTemplate:0.27
IDbDialect:0.26916666666666667
DataExtractorService:0.23
