Config:0.6466666666666666
UIActionGeneratorFactory:0.41333333333333333
State:0.4066666666666667
Inspector:0.33166666666666667
EventGeneratorFactory:0.2864285714285714
SCEventGeneratorFactory:0.27666666666666667
UIInspector:0.2725
SCInspector:0.22333333333333333
ChoiceTracker:0.18333333333333332
JPFRunner:0.15333333333333332
JPF_java_awt_EventDispatchThread:0.11666666666666667
StateTreeNode:0.0033333333333333335
