ResourcesManager:0.5633333333333334
GUI:0.43666666666666665
SystemTrayAlert:0.23166666666666666
LoginHelper:0.2
SystemTray:0.19333333333333333
PlatformLoader:0.17444444444444446
