EditSuperUserDialog:0.47
CreateSuperUserDialog:0.2833333333333333
KeyRingPreferencePage:0.24333333333333335
PassWordPromptDialog:0.21611111111111114
CreateAccountDialog:0.2127777777777778
ChangePasswordDialog:0.2127777777777778
CreatePropertyDialog:0.18666666666666668
