DocumentFormat:0.6866666666666666
TestHtml:0.255
TestSgml:0.255
TestEmail:0.15666666666666668
EmailDocumentFormat:0.155
TestXml:0.13166666666666665
AnnotationDiff:0.12666666666666668
TestGate:0.043333333333333335
DiffSetElement:0.02
