Transition:0.49666666666666665
Flow:0.46
Scope:0.32
State:0.2682222222222222
AnnotatedObject:0.24666666666666667
StateContext:0.24144444444444446
FlowTests:0.24
EndState:0.24
AnnotatedAction:0.21916666666666668
TransitionableState:0.21666666666666667
SubflowState:0.19
FlowExecutionImpl:0.18333333333333332
ActionState:0.16333333333333333
StateContextImpl:0.15
MockStateContext:0.10333333333333333
