ShortNameFactoryTest:0.5033333333333333
NameFactory:0.36027777777777775
ProvidingModule:0.3325
ShortNameFactory:0.31666666666666665
GraphvizNodeAdaptor:0.20666666666666667
ToStringObj:0.13127777777777777
