M:0.30333333333333334
E:0.3
P:0.3
Y:0.3
MTGRoot:0.2966666666666667
View:0.25333333333333335
Type:0.24333333333333335
MTGNode:0.23666666666666666
MTGBranchElement:0.23666666666666666
I:0.22333333333333333
N:0.22333333333333333
S:0.22333333333333333
MTGVoxel:0.22
MTGDressingFile:0.2063968253968254
MTGGraphBuilderBodyData:0.19
MTGBranch:0.19
MTGError:0.18833333333333332
MTGDressingData:0.1877777777777778
T:0.18
GLDisplay:0.17833333333333334
A:0.17666666666666667
C:0.17666666666666667
D:0.17666666666666667
F:0.17666666666666667
G:0.17666666666666667
L:0.17666666666666667
O:0.17666666666666667
U:0.17666666666666667
MTGSourceFile:0.155
Q:0.15
WireframeCanvas:0.14833333333333334
MTGDressingDefaultValues:0.1437301587301587
B:0.14333333333333334
R:0.14333333333333334
Attributes:0.14277777777777775
MTGNodeDataClasses:0.12333333333333334
MTGNodeDataDescription:0.12
MTGNodeData:0.12
H:0.11333333333333333
K:0.11333333333333333
V:0.11333333333333333
W:0.11333333333333333
X:0.11333333333333333
MTGKeys:0.11
MTGNodeDataFeature:0.0911111111111111
J:0.08333333333333333
Z:0.08333333333333333
MTGSquares:0.06166666666666667
MTGTokenizer:0.06
MTGLoader:0.05555555555555557
MTGGraphBuilder:0.045
MTGGraphBuilderHeaderClasses:0.041666666666666664
MTGTranslator:0.041666666666666664
MTGGraphBuilderHeaderAttributes:0.035
MTGGraphBuilderHeaderTopo:0.035
MTGFilter:0.02666666666666667
MTGGraphBuilderHeaderCode:0.016666666666666666
MTGLineReader:0.01
