SysSnapshots:0.46
RowContextReferenceResolver:0.36333333333333334
SQLPlugin:0.33666666666666667
SystemCollectSource:0.2966666666666667
SystemCollectSourceTest:0.19666666666666666
