JChemPaintEditorWidget:0.6933333333333334
JChemPaintEditor:0.5766666666666667
