ForgotPasswordForm:0.72
ForgotPasswordAction:0.20444444444444443
ForgotPasswordFormAction:0.07333333333333333
