RenderListener:0.6266666666666667
Application:0.57
JoglGraphics:0.3233333333333333
JoglPanel:0.32
JoglInput:0.2966666666666667
JoglApplication:0.25333333333333335
FloatTest:0.21666666666666667
AndroidGraphics:0.2088888888888889
SimpleTest:0.18833333333333332
MeshRenderer:0.17666666666666667
AndroidApplication:0.12
MeshRendererTest:0.10666666666666667
