Schedule:0.4766666666666667
MakeVanillaSwap:0.29333333333333333
DateGeneration:0.21888888888888886
ConvertibleBond:0.21305555555555558
FixedRateLeg:0.2025
FixedRateBond:0.17666666666666667
CapHelper:0.17
FloatingLeg:0.165
MakeSchedule:0.15666666666666668
ConvertibleBonds:0.14
Bonds:0.12666666666666668
ScheduleTest:0.10666666666666667
BondTest:0.08
