GettingStartedWizard:0.6166666666666667
WizardUtils:0.43333333333333335
CreateXMPPAccountWizardPage:0.22027777777777782
RoundedComposite:0.2152222222222222
AbstractDemo:0.215
PreferenceUtils:0.21333333333333335
RosterSessionContentProvider:0.19666666666666666
WidgetGalleryView:0.12
ImageManager:0.11333333333333333
MainDemo:0.07666666666666666
BuddySelectionCompositeDemo:0.03333333333333333
BaseBuddySelectionCompositeDemo:0.03333333333333333
ProjectSelectionCompositeDemo:0.03333333333333333
BaseProjectSelectionCompositeDemo:0.03333333333333333
StartupSaros:0.03
PreferenceConstants:0.02666666666666667
AllWizardsDemo:0.024166666666666666
GettingStartedHandler:0.009444444444444445
PreferenceInitializer:0.0033333333333333335
