BFSHelper:0.57
UndirectedGraph:0.5066666666666667
BidirectionalBFS:0.3566666666666667
