Vector3:0.6166666666666667
Color:0.43444444444444436
Intersector:0.38
