Word2VecResult:0.49333333333333335
InMemoryLookupCache:0.43
Word2VecJobAggregator:0.24
Word2VecWork:0.22666666666666666
LocalFileUpdateSaver:0.2227777777777778
MasterActor:0.2
Word2VecJobIterator:0.2
Word2VecPerformer:0.15666666666666668
Word2VecLoader:0.12333333333333334
