Management:0.5283333333333333
Authorization:0.5100555555555555
Datastream:0.46
FedoraAPIMBindingSOAPHTTPImpl:0.2633333333333333
DefaultAuthorization:0.23333333333333334
JournalCreator:0.23
JournalConsumer:0.2275
MockManagementDelegateForJournalTesting:0.19333333333333333
Journaller:0.18666666666666668
DefaultManagement:0.16
