AddressAwareException:0.52
Node:0.44
BaseManager:0.24333333333333335
BufferUtil:0.22333333333333333
LockAwareOperationHandler:0.20333333333333337
MGet:0.17666666666666667
LoadStoreFork:0.15444444444444444
MRemove:0.12666666666666668
MPut:0.12333333333333334
