Installer:0.9083333333333333
BundledTomcat:0.2966666666666667
