ClientConfig:0.8766666666666667
XmlClientConfigBuilder:0.3333333333333333
