AbstractCondition:0.4633333333333333
SPORule:0.39666666666666667
Level:0.3333333333333333
DefaultRuleView:0.32
TypeGraph:0.2725
ControlView:0.25277777777777777
EdgeEmbargo:0.24666666666666667
MergeEmbargo:0.24666666666666667
NotCondition:0.24
StoredGrammarView:0.2075
ForallCondition:0.17333333333333334
PositiveCondition:0.16333333333333333
NACTest:0.14333333333333334
ExistsCondition:0.05333333333333334
