SoapMessage:0.71
AxiomSoapMessage:0.2866666666666667
SaajSoapMessage:0.28
SaajImplementation:0.20083333333333334
AxiomSoapMessageFactory:0.18
SoapActionEndpointMapping:0.17833333333333334
Saaj11Implementation:0.17777777777777778
Saaj13Implementation:0.17777777777777778
Saaj12Implementation:0.17777777777777778
SoapActionEndpointMappingTest:0.17
AbstractSoapMessageTestCase:0.07
AbstractSoap11MessageFactoryTestCase:0.02666666666666667
