ConnectionManager:0.6266666666666667
URIBuilder:0.36
MasterSlaveEntry:0.23666666666666666
SentinelConnectionManager:0.23333333333333334
ClusterConnectionManager:0.22666666666666666
ReplicatedConnectionManager:0.22
RedisClientConfig:0.20333333333333334
MasterSlaveConnectionManager:0.16
RedisChannelInitializer:0.12
