MethodSummary:0.5166666666666667
AndersenPointerAnalysis:0.3466666666666667
BuildMethodSummary:0.325
BDDPointerAnalysis:0.24666666666666667
IndexMap:0.24277777777777776
MethodSummaryBuilder:0.08666666666666667
