CqiClient:0.5922222222222222
PartitionTest:0.33
Subcorpus:0.27888888888888885
Corpus:0.21333333333333335
Partition:0.14333333333333334
Property:0.14
AbstractCorpus:0.07666666666666666
CorpusTest:0.055
Specificites:0.03666666666666667
SubcorpusTest:0.03333333333333333
