BESecurityConfig:0.5858333333333333
BESecurityServlet:0.30333333333333334
