IPAccessRule:0.5433333333333333
TestIPAccessRule:0.12
SecurityRule:0.10722222222222223
