SearchSlowLog:0.5922222222222222
SlowLogSearchContextPrinter:0.5
SearchSlowLogTests:0.3933333333333333
