RestoreSnapshotRequest:0.37666666666666665
Builder:0.32666666666666666
ElasticsearchAssertions:0.2833333333333333
RestoreService:0.2633333333333333
RestoreRequest:0.24333333333333335
TransportRestoreSnapshotAction:0.21
RestoreSnapshotRequestBuilder:0.2
SharedClusterSnapshotRestoreTests:0.1
