TreeItemTester:0.7566666666666667
TreeItemTest:0.5433333333333333
