DockableWindowManagerImpl:0.27119058
PanelWindowContainer:0.24582545
DockableLayout:0.09201431
DockableWindowManager:0.060685407
jEdit:0.0061852564
