DockableWindowManager:0.24346569
PanelWindowContainer:0.1744091
DockablePanel:0.11304088
DockableWindowFactory:0.11221653
View:0.08249446
FloatingWindowContainer:0.07308443
DockableLayout:0.063938566
jEdit:0.058689233
DockableWindowManagerProvider:0.044818982
PluginJAR:0.039231148
DockableWindowUpdate:0.02800607
EditBus:0.027330643
DockableWindowContainer:0.025951823
DockableWindow:0.023632705
Log:0.017134832
PluginUpdate:0.012888006
XMLUtilities:0.00931523
IOUtilities:0.007394967
PropertiesChanged:0.0027454249
