View:0.09114263
GUIUtilities:0.06223951
Registers:0.05035446
DockableWindowManager:0.036159415
jEdit:0.030192
EditBus:0.026115697
TextArea:0.025885588
RegisterChanged:0.025687877
RolloverButton:0.006637895
DockableWindow:0.0055791005
PropertiesChanged:0.001611217
