LdapConnectionConfig:0.5633333333333334
HomeDirConfig:0.5466666666666666
LdapModuleImpl:0.4866666666666667
SearchInfo:0.29333333333333333
AuthenticationSearchInfoUserType:0.2633333333333333
