VersionSet:0.8755555555555554
VersionSetTest:0.15666666666666668
