DSLContext:0.7522222222222222
DefaultDSLContext:0.5363333333333332
