Robolectric:0.5866666666666667
ShadowAsyncTask:0.36
ShadowAnimation:0.3433333333333333
AnimationTest:0.21666666666666667
AsyncTaskTest:0.11
