JmolView:0.6522222222222223
JmolPanel:0.30666666666666664
