Scope:0.6272222222222222
SingletonScope:0.39
ThreadLocalScope:0.3
SessionScope:0.22
DefaultScope:0.16333333333333333
ProtoScope:0.07
