Node:0.64
QuorumImpl:0.35333333333333333
ClusterServiceImpl:0.3233333333333333
QuorumListenerTest:0.14333333333333334
CacheQuorumListenerTest:0.12666666666666668
QuorumTest:0.09666666666666666
