BulkRequest:0.9466666666666667
BulkProcessor:0.15
RestBulkAction:0.013333333333333334
