TermBeanFactory:0.35
SequenceBeanFactory:0.2644444444444444
HitBeanFactory:0.23666666666666666
GeneBeanFactory:0.2
GeneAlleleLinkingBeanFactory:0.2
