JsfViewFactoryCreator:0.6033333333333334
RequestContextELContextFactory:0.35333333333333333
ResourceServletTests:0.12
