TableDDLUtils:0.8233333333333334
ForeignKeyDDLUtils:0.48333333333333334
ViewDDLUtils:0.35333333333333333
