Options:0.7033333333333334
JdtParser:0.38
OptionsTest:0.19666666666666666
CycleFinder:0.19444444444444445
FileProcessor:0.16333333333333333
