SWDownloadFile:0.43333333333333335
BandwidthController:0.35
SWDownloadSegment:0.35
SwarmingManager:0.33666666666666667
StrUtil:0.2866666666666667
BandwidthManager:0.28
Localizer:0.26666666666666666
DownloadEngine:0.24666666666666667
SWDownloadWorker:0.22333333333333333
StatisticsManager:0.17
SWCandidateTableModel:0.14666666666666667
SWDownloadTableModel:0.14666666666666667
TransferAverageStatisticProvider:0.13666666666666666
TransferAverage:0.08
SWSegmentTableModel:0.06333333333333334
