AjaxController:0.6066666666666667
ViewEntryController:0.3566666666666667
IfSupportsEditInPlaceTag:0.26666666666666666
