Settlement:0.67
Cooking:0.4
BuildingManager:0.3933333333333333
CookMeal:0.23666666666666666
Dining:0.22944444444444448
PopUpUnitMenu:0.2227777777777778
SettlementMapPanel:0.20333333333333334
LocationTabPanel:0.17333333333333334
ZebraJTable:0.17333333333333334
CookMealMeta:0.14666666666666667
TabPanelCooking:0.06666666666666667
