ARINCLayerBlock:0.59
CommonConfiguration:0.5266666666666666
ARINCRuntimeMessage:0.5233333333333333
OutputMessageProcessor:0.5133333333333333
ARINCOutputMessage:0.41
Channel:0.3933333333333333
SetParameterStruct:0.3466666666666667
WidgetEventStruct:0.325
EditorUtilities:0.28833333333333333
MenuFactory:0.28833333333333333
CDSNotificationStruct:0.2757777777777778
AbstractWidgetRefHandler:0.2733333333333333
UARequestStruct:0.2733333333333333
LegendRenderer:0.26
SizedTextPane:0.25333333333333335
AbstractRenderingLayer:0.24666666666666667
EditorWidgetTableConstructor:0.23333333333333334
AbstractConfigurationParser:0.23333333333333334
ServerUtilities:0.22666666666666666
SwingUtilsFactory:0.22333333333333333
LayerEvent:0.21666666666666667
BufferLogger:0.19333333333333333
EventProcessor:0.18666666666666668
ServerMapItemsUtilities:0.18333333333333332
BasicClientEngine:0.18333333333333332
StatefullAPIImpl:0.18
GUITestUtilities:0.17333333333333334
GrowableArrayPanel:0.17333333333333334
MessagePanel:0.16333333333333333
ClientOutputMessageProcessor:0.16333333333333333
ServerMessageConstructor:0.15333333333333332
ClientMessageConstructor:0.15
ARINCRuntimeBlock:0.14
ExtensionsHelper:0.13333333333333333
ConfigProperties:0.12333333333333334
MapsPanel:0.12333333333333334
LoadConfigurationAction:0.11
BufferStructurePanel:0.10666666666666667
ScenarioMessageProcessor:0.09666666666666666
TypedCellEditor:0.09166666666666666
SearchResultDialog:0.085
GrowableTable:0.07333333333333333
OutputEventQueue:0.07333333333333333
QueuedMultipleOutputEvent:0.0033333333333333335
