QueryPlanner:0.44072222222222224
SQLPlugin:0.41833333333333333
QueryVisitorTest:0.41
