Context2SimpleXPath:0.54
XmlFilePositionException:0.44666666666666666
Context2XPathOld:0.38666666666666666
LocationFoundException:0.008981481481481483
LocationNotFoundException:0.008981481481481483
Context2SimpleXPathOld:0.006666666666666667
