MapService:0.5266666666666666
ScheduledEntry:0.3566666666666667
ClientConnectionManagerImpl:0.35
ClientMapProxy:0.32666666666666666
ClientExecutionService:0.29503968253968255
ClassLoaderUtil:0.2866666666666667
EntryOperation:0.2657777777777777
NearCacheTest:0.25333333333333335
ClientExecutionServiceImpl:0.24666666666666667
ServiceLoaderTest:0.23
ClientNearCacheTest:0.22666666666666666
URLDefinition:0.22416666666666665
ServiceLoader:0.19333333333333333
DefaultRecordStore:0.19333333333333333
MapProxySupport:0.16666666666666666
MapStoreWriteProcessor:0.10333333333333333
EntryProcessorTest:0.09666666666666666
StoreOperation:0.05
ConnectionProcessor:0.018333333333333333
MyObject:0.013333333333333334
FetchSerializedCount:0.0
FetchDeSerializedCount:0.0
