Executor:0.49333333333333335
PerforceRepository:0.31666666666666665
PerforceHistoryParser:0.17222222222222222
ExecutorTest:0.15
Spooler:0.03
