WebResources:0.42888888888888893
Messages:0.41333333333333333
ProcessSwimlaneRowBuilder:0.36666666666666664
ProcessSwimlaneAssignmentRowBuilder:0.275
ProcessSwimlaneMonitorTag:0.20733333333333334
ProcessActiveTaskMonitorTag:0.20733333333333334
