TranslationUtil:0.6066666666666667
ConstantBranchPruner:0.42333333333333334
ConstantBranchPrunerTest:0.38666666666666666
