Tl1Message:0.29
Tl1d:0.29
Tl1ClientImpl:0.27666666666666667
Tl1GenericMessage:0.27666666666666667
Tl1ConfigurationDao:0.27051984126984113
NodeRestServiceTest:0.25333333333333335
OnmsCategoryResource:0.18333333333333332
Tl1MessageProcessorImpl:0.17
Tl1MessageProcessor:0.09
OnmsCategoryCollection:0.056666666666666664
DefaultTl1ConfigurationDao:0.006666666666666667
