Store:0.5866666666666667
IndexShardTests:0.28
TransportNodesListGatewayStartedShards:0.24527777777777776
StoreTests:0.22
TransportNodesListShardStoreMetaData:0.1838888888888889
ShardLocker:0.0011111111111111111
