PollerTest:0.4633333333333333
MockDatabase:0.41333333333333333
Outage:0.33666666666666667
