AtomType:0.72
ChemObject:0.6166666666666667
CDKBasedAtomTypeConfigurator:0.16666666666666666
