JpsPathCrawlJob:0.4876666666666667
JpsPsToolsInstallOption:0.4633333333333333
JpsPsHome:0.43583333333333335
