BioResource:0.68
folderUtils:0.39166666666666666
BioResourceView:0.3466666666666667
BioclipseConstants:0.2886666666666666
StringResource:0.18333333333333332
BioResourceLabelProvider:0.14333333333333334
ParseException:0.08
VirtualFolderResourceFactory:0.01
