LinkMenuListener:0.6166666666666667
SyntenyLinkPanel:0.4633333333333333
SyntenyLinkMenu:0.43333333333333335
