Word2Vec:0.45666666666666667
Builder:0.3566666666666667
InMemoryLookupCache:0.33
Tsne:0.27777777777777773
FileDocumentIterator:0.19
BaseTextVectorizer:0.18333333333333332
BagOfWordsVectorizerTest:0.13
TfIdfVectorizerTest:0.13
TsneTest:0.09
