BootstrapButtonGroup:0.7366666666666667
BootstrapButton:0.43333333333333335
BootstrapCircleThumbnail:0.3725396825396825
MarkdownResolver:0.16
