MeshBuilder:0.665
MeshPartBuilder:0.43333333333333335
ModelBuilder:0.41333333333333333
