Criteria:0.5641666666666667
OuterJoinableAssociation:0.41
CriteriaQueryTranslator:0.3433333333333333
CriteriaImpl:0.28
JoinWalker:0.23666666666666666
Subcriteria:0.22
CriteriaQueryTest:0.21666666666666667
AbstractEntityJoinWalker:0.19666666666666666
CriteriaJoinWalker:0.15444444444444444
BasicCollectionJoinWalker:0.11333333333333333
OneToManyJoinWalker:0.11333333333333333
