AndroidNet:0.44333333333333336
AndroidLiveWallpaper:0.4166666666666667
AndroidDaydream:0.3466666666666667
