DcmSnd:0.46
DcmRcv:0.38666666666666666
DcmRcvFSU:0.338
MppsSnd:0.29333333333333333
Syslog:0.21833333333333332
PollDirSrvImpl:0.21666666666666667
