BondSymbol:0.6166666666666667
Factory:0.3566666666666667
BasicBondGenerator:0.30666666666666664
DistanceSearchVisitor:0.25666666666666665
DrawVisitor:0.205
BasicGenerator:0.1927777777777778
TransformingDrawVisitor:0.11666666666666667
FilledWedgeElement:0.11179894179894181
DashedWedgeElement:0.09322751322751324
IntermediateRenderer:0.07
BondElementI:0.0
