AeronPing:0.6966666666666667
StatsDriver:0.5066666666666667
AeronPong:0.49
