QueryStateMachine:0.6466666666666666
SqlQueryExecution:0.2833333333333333
FailedQueryExecution:0.28
DataDefinitionExecution:0.24333333333333335
