JChemPaintPanel:0.7212222222222222
ChangeModeAction:0.3833333333333333
