ClassInfoLight:0.5166666666666667
ClassInfo:0.4927777777777778
BackendBean:0.47
