Robolectric:0.6233333333333333
RobolectricInternals:0.3233333333333333
AndroidTranslatorUnitTest:0.25333333333333335
ShadowLocalBroadcastManager:0.25
AndroidTranslator:0.20777777777777778
HiddenLocalBroadcastManager:0.19333333333333333
LocalBroadcastManagerTest:0.07666666666666666
