LocalExecutionRunner:0.4266666666666667
ClassServerDelegateImpl:0.4066666666666667
JcaClassServerDelegate:0.4033333333333333
JdbcTask:0.34
