ClasspathScannerTests:0.48
ReflectionUtils:0.38666666666666666
ClasspathScanner:0.31333333333333335
ClasspathRootSelector:0.07333333333333333
