Translog:0.6333333333333333
View:0.5
SharedFSRecoverySourceHandler:0.18333333333333335
