DocumentCodecProvider:0.43
DBCollection:0.42333333333333334
Mongo:0.4166666666666667
MongoClient:0.3566666666666667
DBObjectCodec:0.35
DBObjectCodecProvider:0.3433333333333333
DB:0.33166666666666667
FindAndReplaceAcceptanceTest:0.18333333333333332
MongoCollectionTest:0.15
DBObjectCodecTest:0.14666666666666667
QueryAcceptanceTest:0.14
FindAndUpdateAcceptanceTest:0.13
DBObjects:0.07333333333333333
