MqlSqlWalker:0.5866666666666667
MqlQueryAnalysis:0.5166666666666667
ParamConstant:0.19666666666666666
ParamInfo:0.11055555555555555
