EffectivePredicateExtractor:0.5697222222222222
TestEffectivePredicateExtractor:0.38
Rewriter:0.37333333333333335
