GL:0.5833333333333334
Sys:0.4033333333333333
CoreGL:0.3233333333333333
BaseGL:0.24333333333333335
