AbstractDefinableEntityResource:0.3566666666666667
FileResource:0.29
FolderResource:0.2833333333333333
GroupResource:0.12666666666666668
FolderEntryResource:0.10666666666666667
WorkspaceResource:0.07666666666666666
UserResource:0.056666666666666664
FileVersionResource:0.03666666666666667
TemplateResource:0.009166666666666667
DefinitionResource:0.0025
BinderResource:0.0
