DefaultIsoChecker:0.3466666666666667
Bisimulator:0.33
CertificateStrategy:0.2105952380952381
Certificate:0.20333333333333334
IsoMatcher:0.11833333333333333
CertificateEdge:0.10333333333333333
CertificateNode:0.1
PartitionMap:0.1
IsoNodeSearchItem:0.09666666666666666
CertificateFlag:0.07
IsoMatchFactory:0.06
