JPPFClientConnection:0.72
ClientConnectionStatusHandler:0.6766666666666666
JcaClassServerDelegate:0.36
JcaSocketInitializer:0.20666666666666667
JPPFResourceAdapter:0.20333333333333334
JcaResultProcessor:0.20333333333333334
AbstractJPPFClientConnection:0.19333333333333333
ClientConnectionStatusEvent:0.18333333333333332
JPPFJcaClientConnection:0.18333333333333332
JPPFJcaClient:0.17
ConnectionInitializerTask:0.03333333333333333
