ForumActionModuleImpl:0.48333333333333334
ObjectKeys:0.47560317460317453
TreeTag:0.34
ViewController:0.21666666666666667
