NlpDemo:0.4780555555555555
AmbiguityTest:0.16555555555555557
