BeanCopyTest:0.43
BeanUtilTest:0.3566666666666667
BeanLoaderManager:0.33666666666666667
