TestHardTokenProfile:0.7952777777777779
ServiceTimerSessionBean:0.5736666666666667
