MeshPartBuilder:0.8440873015873016
MeshBuilder:0.6733333333333333
ModelBuilder:0.16666666666666666
