ExecutionService:0.5966666666666667
FileVariable:0.59
Validator:0.47
BatchPresentation:0.43666666666666665
WfVariable:0.3933333333333333
RegexFieldValidator:0.35
FieldDescriptor:0.3333333333333333
ValidatorManager:0.31
ValidatorContext:0.30333333333333334
NumberRangeFieldValidator:0.29
FormulaActionHandlerOperations:0.2833333333333333
ExpressionEvaluator:0.27666666666666667
StringLengthFieldValidator:0.2733333333333333
ContainerSizeValidator:0.27
ExecutionLogic:0.24666666666666667
EmailConfig:0.23
Env:0.215
AbstractRangeValidator:0.20666666666666667
TaskLogic:0.19666666666666666
ValidatorConfig:0.19666666666666666
TableViewSetupFormAction:0.195
ExecutionServiceDelegate:0.19333333333333333
WebServiceTaskHandler:0.19
BaseProcessFormAction:0.19
WebServiceTaskHandlerXSLTHelper:0.19
WFFormTag:0.17833333333333334
CreateCalendarConfig:0.165
WFCommonLogic:0.16333333333333333
ValidatorCallback:0.16333333333333333
ProfileServiceDelegate:0.15333333333333332
ProcessVariableTDBuilder:0.15
TaskVariableTDBuilder:0.15
StringVariableDBSource:0.15
ProfileServiceBean:0.14
OrgFunctionHelper:0.14
FileSizeValidator:0.13666666666666666
JMSUtil:0.13166666666666665
VariableLogic:0.13
GroovyExpressionValidator:0.12333333333333334
ExecutionServiceBean:0.12333333333333334
FileMimeTypeValidator:0.12333333333333334
Store:0.12
URLValidator:0.12
RequiredFieldValidator:0.12
ProfileLogic:0.11333333333333333
FieldValidator:0.11222222222222224
FileVariableDescriptor:0.11
FileExtensionValidator:0.11
InThisMonthDateFieldValidator:0.09333333333333334
ProcessVariablesRowBuilder:0.09333333333333334
InThisYearDateFieldValidator:0.09333333333333334
RelativeToCurrentDateRangeFieldValidator:0.08666666666666667
DisplayVariableTag:0.08666666666666667
TimeRangeValidator:0.08666666666666667
XWorkJavascriptValidator:0.07761904761904762
ValidatorFileParser:0.07333333333333333
ViewUtil:0.07
MultiProcessState:0.06666666666666667
EnvImpl:0.06666666666666667
EnvBaseImpl:0.043333333333333335
UserHolder:0.03333333333333333
DateRangeFieldValidator:0.02666666666666667
EmailValidator:0.013333333333333334
EmptyVariableProvider:0.01
FileVariableProxy:0.006666666666666667
