JavaGenerator:0.66
PackageDefinition:0.4909444444444445
AbstractPackageDefinition:0.23333333333333334
AbstractUDTDefinition:0.15
