DiagnosticsListener:0.49599999999999983
DiagnosticsContext:0.41002777777777777
DefaultDiagnosticsContext:0.3933333333333333
DiagnosticsConnection:0.38333333333333336
DiagnosticsListeners:0.18333333333333332
DefaultDiagnosticsListener:0.15833333333333333
LRU:0.07
