DbQueryBase:0.59
DbSqlException:0.47
DbSession:0.3466666666666667
ExceptionUtil:0.2833333333333333
