Response:0.49333333333333335
OperationServiceImpl:0.44
Backup:0.21666666666666667
PartitionIteratingOperation:0.21
ResponseHandlerFactory:0.16666666666666666
RemoteInvocationResponseHandler:0.16
SpiDataSerializerHook:0.12666666666666668
InvocationFuture:0.09
CallbackResponseProcessor:0.07666666666666666
RemoteOperationProcessor:0.05333333333333334
LocalInvocationResponseHandler:0.02666666666666667
