RedissonLock:0.7433333333333333
LockPubSub:0.2833333333333333
SemaphorePubSub:0.21666666666666667
