Constants:0.8961111111111112
IConfigurationService:0.6733333333333333
ConfigurationService:0.4866666666666667
SqlTemplate:0.30666666666666664
RoutingServiceTest:0.23666666666666666
FunkyDataTypesTest:0.22333333333333333
CrossCatalogSyncTest:0.21666666666666667
AbstractDatabaseTest:0.21
