LSTM:0.5
BaseLayer:0.45666666666666667
RBM:0.41333333333333333
GravesLSTM:0.25666666666666665
AutoEncoder:0.18
