WebUrlUtil:0.8366666666666667
SsfsUtil:0.35333333333333333
FileUrlTag:0.3233333333333333
SsfsInternalAttachmentUrlTag:0.22666666666666666
ReadFileController:0.12
