Json:0.7366666666666667
ModelConverters:0.2866666666666667
ModelFactory:0.2833333333333333
