RemotePhysicalConnectionDetails:0.46
WebserviceBean:0.3466666666666667
WebserviceBeanImpl:0.3466666666666667
KuwaibaService:0.31666666666666665
