RAInterfaceBean:0.5566666666666666
PublisherQueueSessionBean:0.4230595238095238
