DownloadTest:0.68
MusicTest:0.37333333333333335
IOSRobovmTests:0.19666666666666666
LwjglDebugStarter:0.15
