ArrayBlockBuilder:0.7366666666666667
TestSimpleRowType:0.32666666666666666
