RestService:0.5991666666666666
PullUriHandler:0.3933333333333333
FileSyncPullUriHandler:0.30666666666666664
