HopParser:0.54
TypeChecker:0.37333333333333335
HopSymbolTableWalker:0.36
block_return:0.3566666666666667
ConditionalJumpStep:0.21444444444444447
