EdgeViewI:0.5553888888888888
NodeViewI:0.5520555555555555
Viewer:0.45
ModelLoader:0.2866666666666667
EdgeView:0.27
JnetManager:0.24666666666666667
NodeView:0.19333333333333333
JnetFilterObserver:0.15333333333333332
