LoadRolesForRequestBean:0.7886111111111112
UserEditorController:0.5858333333333332
