EventService:0.49788888888888894
QueueIterator:0.44666666666666666
EntryOperation:0.30333333333333334
MapProxySupport:0.27666666666666667
EntryProcessorTest:0.25333333333333335
QueueProxyImpl:0.20333333333333334
ClientQueueTest:0.19333333333333333
ClientQueueProxy:0.19333333333333333
ResourceAdapterImpl:0.1688888888888889
EventServiceImpl:0.14
BasicQueueTest:0.11666666666666667
EventServiceSegment:0.056666666666666664
