DynamicMappingTests:0.38666666666666666
SourceFieldMapperTests:0.33666666666666667
GetIndexIT:0.2966666666666667
SimpleIndexTemplateIT:0.2966666666666667
UpdateMappingIntegrationIT:0.25333333333333335
MapperServiceTests:0.22666666666666666
SpecificMasterNodesIT:0.15833333333333333
