SystemUtils:0.8566666666666667
Cfg:0.43333333333333335
