PropertyListWriter:0.57
AppBundleProperties:0.47833333333333333
JarBundler:0.42333333333333334
