BackgroundIndexer:0.6
RecoveryWhileUnderLoadIT:0.3433333333333333
RelocationIT:0.3233333333333333
