GwtTeamingMessages:0.506388888888889
ActivityStreamCtrl:0.31333333333333335
ActivityStreamUIEntry:0.29
ActivityStreamTopEntry:0.18666666666666668
ActionsPopupMenu:0.18
PopupMenu:0.12
ActivityStreamComment:0.10611111111111111
