TwlRenderer:0.62
GdxFont:0.6066666666666667
TextAreaTest:0.26666666666666666
