TestInterface:0.6567777777777779
FeignTest:0.32666666666666666
DefaultDecoderTest:0.25666666666666665
SAXDecoderTest:0.23611111111111113
GsonCodec:0.23166666666666666
GsonModuleTest:0.23
SynchronousMethodHandler:0.17666666666666667
SAXDecoder:0.14333333333333334
Default:0.10333333333333333
