MyChart:0.61
ModuleTestBase:0.4766666666666667
MyChartColumn:0.42333333333333334
CarrierWithSectionsTest:0.30666666666666664
NoPreferencesTab:0.27051984126984113
OnChangeMyChartLabelColumnAction:0.2192949735449735
OnChangeMyChartColumnNameAction:0.11183333333333333
MyChartsAction:0.0525
EditMyChartColumnAction:0.05111111111111111
OnChangeMyChartNameAction:0.05
RefreshMyChartAction:0.05
OnChangeMyChartTypeAction:0.05
CreateNewMyChartAction:0.028333333333333332
SaveMyChartColumnAction:0.01888888888888889
ShareMyChartAction:0.012777777777777779
InvoiceChartTest:0.01
RemoveMyChartAction:0.008333333333333333
SaveMyChartAction:0.008333333333333333
RemoveMyChartColumnAction:0.008333333333333333
OnChangeMyChartBaseAction:0.005
OnChangeMyChartColumnSelectedAction:0.0
CreateNewMyChartColumnAction:0.0
ResetMyChartAction:0.0
