NameTable:0.7266666666666667
BindingUtil:0.69
GenerationUnit:0.3288888888888889
TypeImplementationGenerator:0.22666666666666666
TypeDeclarationGenerator:0.22
CompilationUnit:0.21222222222222223
MetadataWriter:0.19
PackageInfoRewriter:0.17666666666666667
