ExtensionContext:0.9466666666666667
ExtensionContextTests:0.4166666666666667
AbstractExtensionContext:0.31
