Catalog:0.54
ArchiveConductor:0.43333333333333335
CatalogTest:0.36666666666666664
ControlResponsePoller:0.22666666666666666
