DMFeatData:0.44666666666666666
DMFeatSeg:0.44333333333333336
DMAccession:0.41333333333333333
DMFeature:0.3933333333333333
DMProgr:0.35333333333333333
CHFeatloc:0.31333333333333335
FileAccessChadoXML:0.30333333333333334
ALAlign:0.2966666666666667
AlgLOCAL:0.29333333333333333
CHFeature:0.28833333333333333
SFParser:0.2866666666666667
CHFeatRel:0.2866666666666667
FileDownload:0.2821666666666667
SOSPanel:0.27666666666666667
BoundaryAdjustPanel:0.27666666666666667
JSEAN:0.27666666666666667
AccessionPanel:0.26666666666666666
DataPanel:0.25666666666666665
ALSpideyAlign:0.24333333333333335
Render:0.22666666666666666
RenderPanel:0.22
SpideyDisplayPanel:0.20666666666666667
DBModule:0.20666666666666667
ConfirmFeaturePanel:0.20666666666666667
DirScanPanel:0.2
FileSelector:0.195
LineInfo:0.19333333333333333
CHFeatProp:0.19333333333333333
ScaleRender:0.18166666666666667
ZoomInfo:0.16666666666666666
Convert:0.16666666666666666
FileAccessGBFF:0.16333333333333333
Segment:0.155
SeanFileAccess:0.15333333333333332
ChadoReader:0.11666666666666667
CHChado:0.10666666666666667
highlightPoint:0.0033333333333333335
