ProvisionException:0.5166666666666667
InjectorImpl:0.48222222222222216
InternalContext:0.31
BoundProviderFactory:0.18555555555555558
SingleFieldInjector:0.16333333333333333
SingleParameterInjector:0.16333333333333333
ConstructorInjector:0.16000000000000003
SingleMethodInjector:0.13666666666666666
BindingPreloader:0.11
