LandingPageProperties:0.55
Binder:0.4266666666666667
GwtTeamingMessages:0.31666666666666665
ConfigData:0.2633333333333333
LandingPageEditor:0.21444444444444447
LandingPagePropertiesDlgBox:0.21333333333333335
GwtServerHelper:0.17333333333333334
