PeerGroupTest:0.5333333333333333
ConfidenceChange:0.3933333333333333
EnoughAvailablePeers:0.26777777777777784
TestWithPeerGroup:0.14
TransactionBroadcast:0.07666666666666666
