VersionProperty:0.30666666666666664
DateProperty:0.24666666666666667
StringProperty:0.24333333333333335
ID:0.18466666666666667
Criterium:0.18333333333333332
BooleanProperty:0.17
IntegerProperty:0.16
EnumProperty:0.14333333333333334
ColorProperty:0.14333333333333334
PropertyAccess:0.12666666666666668
