ScopeSearchingELResolver:0.5733333333333334
MapAdaptableELResolver:0.3433333333333333
JSFFlowExecutionTests:0.3233333333333333
DefaultELResolver:0.25
