HistoricalBuildSummariesService:0.5233333333333333
BuildSummaryUIService:0.4633333333333333
BuildSummaryUIServiceTest:0.26
BuildListingController:0.23666666666666666
GetActiveBuildInfoControllerTest:0.21888888888888886
BuildDetailController:0.18666666666666668
GetProjectBuildStatusController:0.15
LatestBuildsListingController:0.15
