NetCqiClient:0.4896666666666667
MemCqiServer:0.44
MemCqiClient:0.41333333333333333
Partition:0.36666666666666664
Toolbox:0.3225
NetCqiServer:0.25333333333333335
ConcordancesEditor:0.2165
VocabularyEditor:0.21444444444444447
CreateSubCorpus:0.13333333333333333
ComputeRepartition:0.10333333333333333
