TypeDescription:0.7233333333333334
AbstractTypeDescription:0.3566666666666667
AbstractMethodDescription:0.27
AbstractFieldDescription:0.19666666666666666
ByteCodeElement:0.06
