SettlementMapPanel:0.5833333333333334
StructureMapLayer:0.32666666666666666
SettlementMapLayer:0.24388888888888885
LabelMapLayer:0.13333333333333333
BackgroundTileMapLayer:0.10666666666666667
