ElementContainerImpl:0.6666666666666666
EditorSymbolRepresentation:0.6178888888888888
