HttpRemoteTask:0.8433333333333334
TestingTableHandle:0.3617063492063492
