AzureStorageServiceImpl:0.67
AzureStorageServiceTests:0.39666666666666667
AzureBlobContainer:0.36333333333333334
AzureSnapshotRestoreTests:0.23
AzureBlobStoreTests:0.013333333333333334
