ViewDescriptor:0.48333333333333334
DockingManager:0.4633333333333333
