Sequence:0.6333333333333333
SkipGram:0.46
Word2VecTests:0.3541666666666667
WordVectorsImpl:0.3466666666666667
