MetadataTools:0.6433333333333333
AuditMetadataGenerator:0.3566666666666667
RevisionInfoConfiguration:0.3466666666666667
