exceptions:0.6633333333333333
WeakIdentityMap:0.32
IdImpl2:0.20333333333333334
ExtraMath:0.20333333333333334
