BooleanGrid:0.48333333333333334
BooleanGridList:0.34
AllSTLsToBuild:0.33666666666666667
Variable:0.2833333333333333
BooleanExpression:0.25333333333333335
TableRow:0.22
FunctionTable:0.17333333333333334
SliceCache:0.13333333333333333
FilterGenerator:0.04
CodeGenerator:0.03666666666666667
