KeyWordFactory:0.5242857142857142
Domain:0.5133333333333333
