WebWindowImpl:0.6366666666666667
FrameWindow:0.31666666666666665
DialogWindow:0.27
TopLevelWindow:0.22333333333333333
