Jedis:0.87
JedisPool:0.38666666666666666
Connection:0.2966666666666667
BinaryJedis:0.25333333333333335
ShardedJedis:0.25
JedisSentinelPool:0.16333333333333333
ShardedJedisTest:0.15333333333333332
JedisPoolTest:0.12666666666666668
ShardedJedisPoolTest:0.06666666666666667
ShardedJedisPool:0.06333333333333334
JedisSentinelPoolTest:0.03
