AstVisitor:0.39
Visitor:0.3
InterpretedTestHelper:0.24
Formatter:0.22666666666666666
TreePrinter:0.22666666666666666
ExpressionInterpreter:0.18333333333333332
