MetricsOptions:0.6466666666666666
StarterTest:0.4533333333333333
ConfigurableMetricsFactory:0.18666666666666668
VertxMetricsFactory:0.18666666666666668
