ExpectationsVisitor:0.32
OperationIterator:0.315
ImporterService:0.27666666666666667
InterfaceUpdater:0.27666666666666667
ImportOperationsManager:0.25333333333333335
InsertOperation:0.23333333333333334
ImportOperationsManagerTest:0.22666666666666666
BaseImporter:0.22666666666666666
AbstractMockTestCase:0.22333333333333333
DeleteOperation:0.22
UpdateOperation:0.18333333333333332
ServiceUpdater:0.13666666666666666
DeleteEventVisitor:0.11666666666666667
AddEventVisitor:0.11666666666666667
