FixedDeltaGraph:0.7482777777777778
LinearStrategy:0.4238888888888889
