Cluster:0.6488888888888888
Pac4jConfiguration:0.5666666666666667
HazelcastInstanceConfiguration:0.18
