XMLHttpRequest:0.77
XMLHttpRequestTest:0.3233333333333333
XMLHttpRequest3Test:0.31333333333333335
