DocTableInfo:0.61
Analyzer:0.36666666666666664
AnalyzedStatementVisitor:0.32666666666666666
InformationSchemaTest:0.2966666666666667
InnerVisitor:0.25333333333333335
AnalyzerDispatcher:0.25
DocTableInfoBuilder:0.16333333333333333
TransportActionProvider:0.15333333333333332
AlterTableOperation:0.15333333333333332
TestingTableInfo:0.13666666666666666
AlterTableAnalyzer:0.13666666666666666
DocTableInfoTest:0.12333333333333334
TestDocTableInfo:0.09333333333333334
