ExtRACAProcess:0.6194444444444445
TestRAApi:0.16666666666666666
