ReducerTask:0.5233333333333333
JobPartitionStateImpl:0.37333333333333335
JobSupervisor:0.3466666666666667
MapReduceDataSerializerHook:0.15666666666666668
SerializationConstants:0.08666666666666667
