Block:0.71
UncompressedSliceBlock:0.48333333333333334
RandomAccessBlock:0.3433333333333333
RunLengthEncodedBlock:0.31333333333333335
UncompressedBlock:0.31
DictionaryEncodedBlock:0.22666666666666666
AggregationTestUtils:0.18
GroupByHash:0.17
SnappyBlock:0.16333333333333333
UncompressedBlockEncoding:0.14333333333333334
GroupByIdBlock:0.13333333333333333
PoissonizedBlock:0.13333333333333333
SingleColumnProjection:0.13
HashSemiJoinOperator:0.13
ChannelSetBuilder:0.1
