Channel:0.51
ClientAdminCursor:0.4533333333333333
Source:0.3233333333333333
Aeron:0.30666666666666664
Builder:0.08
