ArticleProcessor:0.6933333333333334
FileUploadServlet:0.32666666666666666
