DistributedMasterBuilderTest:0.69
BuildAgentServiceImplTest:0.4266666666666667
InteractiveBuildUtility:0.37666666666666665
