CommunicationsStub:0.6833333333333333
ObjectViewTopComponent:0.3466666666666667
ObjectNodeWidget:0.31
FormatTextPanel:0.23444444444444448
ExportSettingsPanel:0.21666666666666667
SingleFormatPanel:0.19833333333333333
ObjectNode:0.19666666666666666
ObjectNodeProperty:0.17166666666666666
ConnectionWizardWizardAction:0.14
ObjectViewService:0.13333333333333333
