QueryHistoryMonitorTableModel:0.5197222222222223
SearchHistoryTableModel:0.5197222222222223
