AuditSync:0.5433333333333333
AuditReaderImpl:0.30333333333333334
RevisionInfoGenerator:0.24397619047619046
AuditReader:0.16833333333333333
DefaultRevisionInfoGenerator:0.15666666666666668
