OrthogonalTiledMapRenderer:0.45666666666666667
IsometricTiledMapRenderer:0.45666666666666667
HexagonalTiledMapRenderer:0.39
