RepositorySession:0.4976666666666667
RepositoryUtil:0.45
FileModuleImpl:0.42333333333333334
WebdavRepositorySession:0.23
JCRRepositorySession:0.23
FileRepositorySession:0.21666666666666667
ResourceSession:0.19333333333333333
