JSONLexerBase:0.6533333333333333
ASMDeserializerFactory:0.36333333333333334
JSONReaderScanner:0.27
JSONScanner:0.23666666666666666
BenchmarkMain:0.08666666666666667
