StreamThread:0.6066666666666667
SystemShell:0.4655555555555555
ConsoleProcess:0.3233333333333333
