BinderModule:0.6572222222222222
FileModuleImpl:0.41333333333333333
BinderHelper:0.29
ListFolderHelper:0.22233333333333338
AbstractAdminModule:0.21333333333333335
WebKeys:0.19127777777777774
BinderModuleImpl:0.11
