JdbcJobRepositoryTests:0.5633333333333334
FixedLengthImportJobFunctionalTests:0.44333333333333336
GracefulShutdownFunctionalTest:0.43944444444444447
