IOSMethod:0.36
GeneratedMethodBinding:0.32666666666666666
AnonymousClassConverterTest:0.32666666666666666
IOSMethodBinding:0.29333333333333333
StatementGenerator:0.28
InitializationNormalizerTest:0.27666666666666667
JavaToIOSMethodTranslator:0.21777777777777782
J2ObjC:0.18666666666666668
ASTFactory:0.145
