Mappings:0.83
Configuration:0.5133333333333333
AnnotationBinder:0.37
BinderHelper:0.2966666666666667
MappingsImpl:0.2966666666666667
