AdminGroup:0.35333333333333333
AdminGroupData:0.3233333333333333
Authorizer:0.32
LocalPublisherSessionBean:0.31333333333333335
AccessTree:0.30333333333333334
LocalAuthorizationSessionBean:0.27666666666666667
LocalAuthenticationSessionBean:0.26
