CaSessionTest:0.5966666666666667
RoleUsingTestCase:0.2833333333333333
CrlCreateSessionDeltaCRLTest:0.26666666666666666
CrlCreateSessionCRLTest:0.23666666666666666
CaPKCS11SessionTest:0.22194444444444447
