RedissonReactiveClient:0.7911111111111111
RedissonReactive:0.6916666666666668
