FeatureTypes:0.37
DataLoader:0.37
ScaleView:0.33
ApolloPanel:0.32
FeatureGroupTypes:0.2966666666666667
ApolloFrame:0.24333333333333335
SequenceView:0.24
ExpandableFeatureSet:0.21666666666666667
FileMenu:0.21666666666666667
FineFeatureEditorPanel:0.21666666666666667
Config:0.21333333333333335
SetDetailPanel:0.20333333333333334
CORBAAdapter:0.20333333333333334
StrandedZoomableApolloPanel:0.2
