TypeDescriptor:0.51
HopParser:0.30916666666666665
ClassDescriptor:0.2866666666666667
HopLexer:0.25
SymbolTable:0.20666666666666667
HopDataStorage:0.18
