AtmosphereServlet:0.63
Filter:0.39
DefaultBroadcaster:0.30666666666666664
JMSBroadcaster:0.25666666666666665
AtmosphereFilter:0.24444444444444446
AbstractBroadcasterProxy:0.2377777777777778
JerseyBroadcasterUtil:0.16777777777777778
