ResourceLoader:0.7233333333333334
ActivityTest:0.2633333333333333
ShadowResources:0.23333333333333334
ResourcesTest:0.2
ShadowActivity:0.18666666666666668
