ClientConnection:0.56
ClientConnectionManagerImpl:0.3933333333333333
MockedNodeConnection:0.2633333333333333
MockedClientConnection:0.2
HeartBeat:0.19
MockClientConnectionManagerFactory:0.05333333333333334
