WebSocket:0.84
NettyWebSocket:0.5133333333333333
GrizzlyWebSocketAdapter:0.2866666666666667
