BatchThread:0.4
BatchBuildGUI:0.23333333333333334
BatchBuildIngestGUI:0.23333333333333334
BatchIngestGUI:0.23333333333333334
BatchOutput:0.11333333333333333
