CoreDao:0.7866666666666666
FileModule:0.5599444444444444
SSStatefulJob:0.3566666666666667
FileModuleImpl:0.21
CoreDaoImpl:0.19
DefaultFileVersionAgingDelete:0.16666666666666666
