QueryCollectorContext:0.48
QueryPhase:0.11666666666666667
SimpleTopDocsCollectorContext:0.11666666666666667
ScrollingTopDocsCollectorContext:0.05
CollapsingTopDocsCollectorContext:0.03333333333333333
EmptyTopDocsCollectorContext:0.023333333333333334
