Mapping:0.4
MappingBuilder:0.2866666666666667
OgnlExpression:0.27
BeanWrapperExpression:0.16416666666666668
RequiredMapping:0.1
RequiredMappingTests:0.06333333333333334
RequiredMappingException:0.01
