UnsequencedExpressionRewriter:0.4266666666666667
CycleFinderTest:0.37666666666666665
CycleFinder:0.3522222222222222
VariableAccess:0.26666666666666666
