JSONSerializer:0.5333333333333333
JavaBeanSerializer:0.44
ASMSerializerFactory:0.36666666666666664
SerializeConfig:0.29333333333333333
