PreferencesFragment:0.35333333333333333
DecodeFormatManager:0.3333333333333333
DecodeThread:0.23333333333333334
PreferencesActivity:0.2288888888888889
Scan:0.045182539682539685
string:0.0
