ShadowAssetManager:0.38666666666666666
Converter:0.38666666666666666
ShadowResources:0.26666666666666666
RoboAttributeSet:0.22666666666666666
ResourcesTest:0.13666666666666666
style:0.12883333333333333
