BeanFactory:0.37
UserBean:0.33
UserListBean:0.30666666666666664
AnnotationBean:0.30333333333333334
GeneBean:0.26
DisplayAnnotation:0.24666666666666667
SearchTerms:0.23666666666666666
GeneAliasBean:0.23
LocusBean:0.21666666666666667
SequenceTable:0.20833333333333334
SequenceBean:0.20666666666666667
AnalysisReferenceBean:0.20333333333333334
AnnotationTable:0.20083333333333334
CommunicationBean:0.2
DefineBeanTag:0.2
TermAliasBean:0.19666666666666666
DisplayLocus:0.19666666666666666
PubSequenceBean:0.19333333333333333
EvidenceTypeBean:0.19
SearchGenes:0.18666666666666668
EvidenceDescriptionListBean:0.18333333333333332
GeneAliasTable:0.18166666666666667
ArticleTable:0.17
GeneSequenceLinkingBean:0.16
GeneLocusLinkingBean:0.16
StatisticsBean:0.15333333333333332
CommentBean:0.15
TermAliasTable:0.14666666666666667
AssignTasks:0.14
GeneSequenceLinkingTable:0.13666666666666666
PubReferenceBean:0.13666666666666666
UserListInApplicationContext:0.13333333333333333
EvidenceTypeListBean:0.12
AnnotationListBean:0.11333333333333333
DisplayAssignedTasksOfAllUsers:0.10666666666666667
GeneModelTypeBean:0.09
DefineBeanTagTEI:0.08666666666666667
EvidenceDescriptionBean:0.08666666666666667
