CertificateAndKeyPair:0.3333333333333333
SshAgentHttpsHandler:0.32666666666666666
CertificateHttpsHandler:0.31666666666666665
CertificateFileHttpsHandler:0.31333333333333335
X509CertificateFactoryTest:0.16666666666666666
X509CertificateFactory:0.11866666666666667
HttpsHandlersTest:0.1
