UtilityElementWidgetDlgBox:0.7886111111111112
UtilityElementConfig:0.4622777777777777
