QueryRunner:0.4766666666666667
CachedQueryEntry:0.31333333333333335
MapQueryEngineImpl:0.31333333333333335
MapDataSerializerHook:0.24666666666666667
QueryRunnerTest:0.19
QueryPartitionOperation:0.17805555555555558
QueryOperation:0.17805555555555558
