JumboTest:0.9533333333333334
CDKTests:0.2633333333333333
