ComplexDouble:0.5
JCublasComplexDouble:0.38
JCublasWrapper:0.36333333333333334
SimpleJCublas:0.2
JCublasNDArrayFactory:0.17
JCublasNDArray:0.16333333333333333
JCublasComplexNDArray:0.16333333333333333
JCublasNDArrayTests:0.0
