CreateTable:0.43333333333333335
CreateTableAsSelect:0.4066666666666667
AstBuilder:0.3333333333333333
TestSqlParser:0.2733333333333333
QueryRewriter:0.19666666666666666
Formatter:0.18444444444444444
TestStatementBuilder:0.09
