ReferenceConfig:0.63
ConfigTest:0.46
ServiceConfig:0.44333333333333336
AbstractServiceConfig:0.19666666666666666
