JChemPaintPanel:0.47333333333333333
RenderPanel:0.4666666666666667
JChemPaint:0.29333333333333333
JChemPaintApplet:0.20666666666666667
