MainMenuControl:0.35
WorkspaceTreeControl:0.3233333333333333
GetSidebarCollectionHelper:0.32
BinderExpander:0.285
TreeDisplayVertical:0.25666666666666665
EventHelper:0.24666666666666667
MenuLoadedEvent:0.23666666666666666
TreeDisplayBase:0.19416666666666665
BreadCrumbPanel:0.17333333333333334
