ActivityScanerCode:0.7533333333333333
AdapterRecyclerViewMain:0.4
MainActivity:0.2633333333333333
MainItem:0.09666666666666666
