AbstractController2D:0.5016666666666667
CleanupAction:0.3811111111111111
ChangeCoordsEdit:0.23333333333333334
