Engine:0.49
InternalEngine:0.37666666666666665
ShadowEngine:0.24333333333333335
IndexShard:0.23666666666666666
IndicesModule:0.15333333333333332
InternalEngineTests:0.14333333333333334
FlushTest:0.023333333333333334
