Gedcom:0.6633333333333333
GedcomReader:0.3433333333333333
Enigma:0.32
GedcomWriter:0.21333333333333335
GedcomFormatException:0.19166666666666668
ActionOpen:0.18166666666666667
Note:0.17333333333333334
EditViewFactory:0.16666666666666666
TogglePrivate:0.16
EnigmaImpl:0.13666666666666666
Init:0.12333333333333334
GedcomEncryptionException:0.08273352573352574
