MapperService:0.47333333333333333
SimpleIndexQueryParserTests:0.3566666666666667
DocumentMapperParser:0.2733333333333333
IndicesClusterStateService:0.19333333333333333
SimpleIdCacheTests:0.175
DefaultSourceMappingTests:0.17
MetaDataMappingService:0.16666666666666666
ChildrenConstantScoreQueryTests:0.15333333333333332
MetaDataCreateIndexService:0.12333333333333334
MetaDataIndexAliasesService:0.09666666666666666
