MapServiceContext:0.33988888888888885
AbstractMergeRunnable:0.25666666666666665
CacheMergePolicyProviderTest:0.25333333333333335
ReplicatedMapMergeRunnable:0.25
CacheMergeRunnable:0.23666666666666666
MapMergeRunnable:0.22666666666666666
AbstractCacheService:0.22333333333333333
MapServiceContextImpl:0.21333333333333335
MapSplitBrainHandlerService:0.20333333333333334
CacheSplitBrainHandlerService:0.2
ReplicatedMapService:0.16666666666666666
ReplicatedMapSplitBrainHandlerService:0.14333333333333334
