Renderer2DModel:0.6966666666666667
Renderer2D:0.5433333333333333
Controller2DModel:0.31666666666666665
JChemPaintEditorPanel:0.2866666666666667
PopupController2D:0.26416666666666666
JChemPaintPanel:0.19416666666666665
ReallyPaintPanel:0.17
