RecordedRequest:0.5466666666666666
URLConnectionTest:0.43
MockWebServer:0.25333333333333335
CallTest:0.24
HttpOverSpdyTest:0.21
MockWebServerTest:0.19666666666666666
OkApacheClientTest:0.19666666666666666
InterceptorTest:0.19
SpdySocketHandler:0.13888888888888887
