JPPFClassLoader:0.5466666666666666
JPPFNode:0.39
NodeLauncher:0.23
JPPFTestTask:0.19666666666666666
TestTaskRunner:0.19333333333333333
NodeTaskWrapper:0.18666666666666668
ClassServerDelegate:0.1791666666666667
