SyntenyComparaAdapter:0.49333333333333335
Model:0.48111111111111104
SyntenyAdapterGUI:0.21333333333333335
