Electronegativity:0.53
IonizationPotentialTool:0.44333333333333336
StructureResonanceGenerator:0.3933333333333333
PartialPiChargeDescriptorTest:0.3933333333333333
PiElectronegativity:0.3433333333333333
GasteigerMarsiliPartialChargesTest:0.33666666666666667
SigmaElectronegativityDescriptorTest:0.31333333333333335
GasteigerPEPEPartialCharges:0.2966666666666667
GasteigerMarsiliPartialCharges:0.2966666666666667
IPAtomicLearningDescriptorTest:0.2866666666666667
StructureResonanceGeneratorTest:0.28
IElectronicPropertyCalculator:0.27051984126984113
StabilizationPlusChargeDescriptor:0.2563888888888889
AtomValenceDescriptor:0.25166666666666665
CDKAtomTypeMatcherTest:0.23666666666666666
IPBondLearningDescriptorTest:0.22
MDLV2000ReaderTest:0.21333333333333335
PiElectronegativityDescriptor:0.1823888888888889
ChiIndexUtils:0.18166666666666667
AtomTypeCharges:0.16333333333333333
ElectronegativityTest:0.16333333333333333
PiElectronegativityTest:0.1627777777777778
PiElectronegativityDescriptorTest:0.16
GasteigerPEPEPartialChargesTest:0.15333333333333332
ConnectionMatrix:0.14833333333333334
StabilizationCharges:0.12666666666666668
IPAtomicHOSEDescriptorTest:0.11
IPMolecularLearningDescriptor:0.10444444444444444
BondCountDescriptorTest:0.1
InductivePartialCharges:0.09944444444444445
InductivePartialChargesTest:0.09666666666666666
StabilizationPlusChargeDescriptorTest:0.09333333333333334
MqsarmolecularTests:0.09
AtomValenceTool:0.08785654160654163
IPAtomicLearningDescriptor:0.08777777777777777
ProtonAffinityHOSEDescriptor:0.08166666666666667
MqsarbondTests:0.07333333333333333
IPMolecularLearningDescriptorTest:0.07333333333333333
IPAtomicHOSEDescriptor:0.07
ProtonAffinityHOSEDescriptorTest:0.06333333333333334
MqsaratomicTests:0.05333333333333334
IonizationPotentialToolTest:0.05333333333333334
MMFF94PartialCharges:0.043333333333333335
IPBondLearningDescriptor:0.04
IonpotCoverageTest:0.03333333333333333
StabilizationChargesTest:0.03
ConnectionMatrixTest:0.016666666666666666
MionpotTests:0.006666666666666667
IChargeCalculator:0.0
