BSON:0.6
BSONEncoderTest:0.33666666666666667
NewBSONDecoderOldTest:0.31666666666666665
BasicBSONEncoder:0.2866666666666667
BSONDecoderTest:0.23
