CssRegexConverter:0.6366666666666667
CssRegexConverterNGTest:0.33666666666666667
CssIdentConverter:0.23333333333333334
