PySlot:0.53
PyDataDescr:0.3433333333333333
PyMethodDescr:0.32666666666666666
PyDescriptor:0.17333333333333334
