DataTableFolderViewBase:0.39666666666666667
ColumnWidth:0.38
SizeColumnsDlg:0.35333333333333333
GwtTeamingMessages:0.31333333333333335
FolderRowAsyncProvider:0.056666666666666664
