MDate:0.8066666666666666
TaskModel:0.38333333333333336
DurationRenderer:0.21666666666666667
Sorter:0.16666666666666666
