MovieDetailActivity:0.8566666666666667
PersonBean:0.22333333333333333
ViewHolder:0.1577777777777778
