DefaultPackageManager:0.4666666666666667
ShadowActivityTest:0.33
ActivityController:0.32666666666666666
MyActivity:0.13
ConfigChangingActivity:0.12333333333333334
ActivityControllerTest:0.07333333333333333
ConfigAwareActivity:0.052
