ICertificateStoreSessionRemote:0.7013333333333334
TestCertificateRetrival:0.31333333333333335
ICertificateStoreSessionLocal:0.2816666666666667
TestRunner:0.23333333333333334
LocalCertificateStoreSessionBean:0.22666666666666666
OCSPServlet:0.15666666666666668
