FileStub:0.6022222222222222
FileList:0.48333333333333334
FileListTest:0.2586984126984127
