JbpmCommonLogic:0.6797222222222223
JbpmDefinitionLogic:0.5984444444444444
