MQLFunctionDefinition:0.5555555555555556
MqlSqlGenerator:0.33666666666666667
FunctionArgumentWriter:0.3044444444444444
DateArithmeticFunction:0.1
NowFunction:0.05
