Packet:0.5666666666666667
ClientRequestHandler:0.32
Connection:0.31
ClusterService:0.27
MapClientProxy:0.24
ExecutorManager:0.21333333333333335
GroupProperties:0.20666666666666667
OutRunnable:0.20333333333333334
SelectorBase:0.13666666666666666
ClientService:0.10666666666666667
PacketWriter:0.03666666666666667
