DefinitionService:0.735
DefinitionServiceBean:0.37666666666666665
DeploymentDAO:0.32
RedeployProcessDefinitionAction:0.32
AdminActionLog:0.27166666666666667
RedeployDefinitionFormTag:0.25666666666666665
DefinitionServiceDelegate:0.25
BaseDeployProcessDefinitionAction:0.20333333333333334
ProcessDefinitionUpdateLog:0.19666666666666666
DefinitionLogic:0.06666666666666667
DeployProcessDefinitionAction:0.04666666666666667
