JFXDefinitionConverter:0.58
JFXConverterAction:0.44666666666666666
JFXCapacitiesConverter:0.31333333333333335
CSSConverter:0.23
ToCSSConverterAction:0.16333333333333333
JFXTypes:0.0
