Mirror:0.6866666666666666
NutStatement:0.2833333333333333
NutLoading:0.26
