ParameterConstants:0.5578333333333333
AbstractDdlBuilder:0.4033333333333333
MsSql2000DdlBuilder:0.32666666666666666
MsSqlTriggerTemplate:0.2733333333333333
ModelComparator:0.21666666666666667
MsSqlDdlReader:0.19666666666666666
MsSqlSymmetricDialect:0.19666666666666666
