DefaultAuthnContextClassRefBuilder:0.4
SamlIdPProperties:0.3466666666666667
SamlIdPConfiguration:0.3333333333333333
Credential:0.31582539682539684
AbstractSamlProfileHandlerController:0.235
SuccessfulHandlerMetaDataPopulator:0.23266666666666672
CasCoreAuthenticationMetadataConfiguration:0.15666666666666668
SurrogateAuthenticationMetadataConfiguration:0.14
InetAddressUtils:0.13333333333333333
SurrogatePrincipalIdProvider:0.1
