SimpleAHCTransferListener:0.65
BodyConsumerAsyncHandler:0.5366666666666666
SimpleAsyncHttpClient:0.5133333333333333
SimpleAsyncHttpClientTest:0.24333333333333335
