Example:0.7655555555555557
DurationValidatorTest:0.2866666666666667
MinDurationValidator:0.25
MaxDurationValidator:0.25
