PPTGraphics2D:0.5333333333333333
JFXLayerRenderer:0.36333333333333334
JFXRendererBridge:0.3233333333333333
JFXLayerPainter:0.18666666666666668
SymbolRef:0.13666666666666666
