AbstractSelection:0.44666666666666666
SelectionManager:0.3433333333333333
FUTURE_JTS_WKTWriter:0.30333333333333334
AbstractSelectionRenderer:0.2733333333333333
FeatureSelection:0.23666666666666666
LineStringSelection:0.21
PartSelection:0.18333333333333332
EditTransaction:0.17333333333333334
SelectTool:0.14333333333333334
CollectionOfFeaturesTransferable:0.11666666666666667
DeleteSelectedItemsPlugIn:0.11666666666666667
SelectionBackgroundRenderer:0.045
