Generate:0.7866666666666666
Generator:0.6766666666666666
JavaGenerator:0.43333333333333335
GenerationTool:0.2611111111111111
AbstractGenerator:0.22333333333333333
