FloatingActionButton:0.5883333333333334
OvalShadowDrawable:0.38
TextView:0.3433333333333333
DialogsFragment:0.27666666666666667
