GoogleStyleQueryParser:0.52
ProfileSearchServiceImpl:0.4666666666666667
ProfileIndexerServiceImpl:0.44333333333333336
LuceneService:0.205
LuceneServiceImpl:0.11666666666666667
