ComponentDescriptionContent:0.9533333333333334
LoadDescription:0.26666666666666666
ComponentDescriptionParser:0.25666666666666665
ComponentDescriptionXMLReader:0.23
ComponentDescriptionXMLWriter:0.12
