GraphData:0.7766666666666666
NodeView:0.5841666666666666
