Configuration:0.42933333333333334
XHRPollingTransport:0.4
WebSocketClient:0.2866666666666667
XHRPollingClient:0.2833333333333333
SocketIOPipelineFactory:0.26
WebSocketTransport:0.25
SocketIOServer:0.14
PacketListener:0.13
