FileSystemXmlConfig:0.53
ClasspathXmlConfig:0.49333333333333335
UrlXmlConfig:0.32
InMemoryXmlConfig:0.07666666666666666
