PDBfile:0.4166666666666667
PDBChain:0.37333333333333335
rotCanvas:0.24666666666666667
FetchPDBAction:0.24
PDBPopup:0.21333333333333335
