Form:0.6433333333333333
SimpleScriptable:0.5
FormElementsArray:0.4533333333333333
JavaScriptEngine:0.12444444444444443
