STFBot:0.7866666666666666
STFBotToolbarButton:0.58
STFBotView:0.53
STFBotToolbarButtonImp:0.44666666666666666
STFBotImp:0.39
TestSessionView:0.30333333333333334
RosterViewImp:0.29333333333333333
RSViewImp:0.28111111111111114
ProgressViewImp:0.2794444444444445
STFTest:0.27666666666666667
TestHandleContacts:0.25333333333333335
SessionViewImp:0.24527777777777782
TestBasicWidgetsTable:0.23333333333333334
TestBasicWidgetTree:0.22333333333333333
TeamCImp:0.21
TestBasicSarosElements:0.2
SarosConditions:0.2
STFBotViewImp:0.19666666666666666
EclipseComponentImp:0.18333333333333332
TestWriteAccessChangeAndImmediateWrite:0.14
TestConcurrentEditing:0.13666666666666666
