Errors:0.64
Factory:0.44
ProviderMethod:0.21666666666666667
FastClassProviderMethod:0.20444444444444446
ReflectionProviderMethod:0.20444444444444446
BindingProcessor:0.17777777777777778
ProviderMethodProviderInstanceBindingImpl:0.07
