MeshPartBuilder:0.6358333333333334
Mesh:0.6233333333333333
MeshBuilder:0.56
MeshBuilderTest:0.23333333333333334
