ProfileDao:0.63
UserCoordinator:0.31133333333333335
ProfileDaoImpl:0.23333333333333334
LdapModuleImpl:0.22666666666666666
