AbstractChemObjectDiffTest:0.9761111111111113
AbstractChemObjectDiff:0.49666666666666665
