GeometryTools:0.48333333333333334
MoleculeFactory:0.3333333333333333
RingPlacer:0.27666666666666667
AtomPlacer:0.26666666666666666
StructureDiagramGenerator:0.26
PathTools:0.24111111111111114
Renderer2D:0.22972222222222224
StructureDiagramGeneratorTest:0.21
