FlowFacesContext:0.6333333333333333
ExpressionParser:0.44842857142857134
DefaultExpressionParserFactory:0.2966666666666667
ELExpressionParser:0.17666666666666667
AbstractExpressionParser:0.13
