TagListener:0.49927777777777776
PropertiesBar:0.3466666666666667
TagsEditor:0.3333333333333333
TagsUtils:0.30333333333333334
MToolBar:0.27
