NameTable:0.6066666666666667
StatementGenerator:0.37333333333333335
TypeGenerator:0.25
TypeImplementationGenerator:0.24666666666666667
TypeDeclarationGenerator:0.2288888888888889
AbstractMethodRewriter:0.21666666666666667
AnnotationRewriter:0.19
NameTableTest:0.18
CompoundTypeTest:0.11
