Jedis:0.41
Client:0.37333333333333335
Protocol:0.3433333333333333
ShardedJedis:0.2683333333333333
BinaryClient:0.26666666666666666
JedisCommands:0.19416666666666665
Commands:0.19416666666666665
BitCommandsTest:0.03
