ArticleChannel:0.55
CommentNotifier:0.3233333333333333
ArticleNotifier:0.2833333333333333
