DownloadInfo:0.8133333333333334
DeskletLoader:0.33
ImageDownloader:0.31333333333333335
FaviconRequestManager:0.23666666666666666
