GeoDistanceQueryBuilder:0.7566666666666667
GeoDistanceTests:0.24999999999999994
GeoDistanceQueryBuilderTests:0.22333333333333333
