ShareItemSelectSpec:0.51
ShareItem:0.4633333333333333
BinderBrief:0.45666666666666667
ShareResource:0.31666666666666665
PermaLinkUtil:0.24666666666666667
Binder:0.24333333333333335
SelfResource:0.22666666666666666
ProfileDaoImpl:0.22
SharingModuleImpl:0.19333333333333333
AbstractBinderResource:0.17166666666666666
AbstractResource:0.15333333333333332
BinderResource:0.04666666666666667
