VFSLoader:0.6383333333333333
VFSViewportController:0.44666666666666666
