Renderer2DModel:0.6505555555555556
Renderer2D:0.4066666666666667
