SQLServer2012LimitHandler:0.5266666666666666
SQLServer2012Dialect:0.3983333333333333
SQLServer2012DialectTestCase:0.31666666666666665
