FindFile:0.91
WildcardFindFile:0.5466666666666666
RegExpFindFile:0.26666666666666666
FindFile2Test:0.2525
LagartoParserTest:0.1877777777777778
DecoraParserTest:0.15194444444444447
FindFileTest:0.15
