MaterialCalendarView:0.62
DynamicSettersActivity:0.27
MonthPagerAdapter:0.25333333333333335
BasicActivity:0.09666666666666666
