Py:0.52
PyFrame:0.38666666666666666
PyType:0.32
Module:0.28
PyClass:0.24333333333333335
