Set:0.31666666666666665
WeakMap:0.31666666666666665
WeakSet:0.31666666666666665
Map:0.31666666666666665
