OptionElementFactory:0.44666666666666666
SplitPaneOption:0.43
TabbedPaneOption:0.42
ToolbarOption:0.3333333333333333
