ClientConductor:0.45
SequencerAgent:0.37666666666666665
Aeron:0.33
CounterMessageFlyweight:0.18666666666666668
DriverProxy:0.17666666666666667
