Query:0.7233333333333334
QueryChunk:0.54
QueryUtils:0.36
QueryChunkValue:0.10305555555555555
