LagartoDOMBuilder:0.4
LagartoDomBuilderConfig:0.39666666666666667
LagartoDOMBuilderTagVisitor:0.3433333333333333
LagartoParserConfig:0.25333333333333335
LagartoNodeHtmlRenderer:0.15666666666666668
TagUtil:0.15
