InternalEngineTests:0.43333333333333335
SequenceNumbersService:0.37
InternalEngine:0.32666666666666666
GlobalCheckpointService:0.2311111111111111
LocalCheckpointService:0.21111111111111108
SeqNoFieldMapper:0.085
LocalCheckpointServiceTests:0.06666666666666667
GlobalCheckpointTests:0.006666666666666667
CheckpointsIT:0.0011111111111111111
