MaplRebuild:0.41333333333333333
Mapl:0.38
MaplCell:0.29333333333333333
MaplTest:0.26
