MakumbaJSPCompletionProposalComputer:0.7669444444444444
RenameRefactoringHandler:0.2891666666666667
