JdbcSqlTemplate:0.5391666666666667
DataGapRouteReader:0.38333333333333336
SimpleIntegrationTest:0.2
EnvironmentSpecificPropertiesTest:0.1388888888888889
DbTestUtils:0.08666666666666667
