RestNodesAction:0.31
RestPendingClusterTasksAction:0.25333333333333335
RestShardsAction:0.25
RestRecoveryAction:0.25
RestActionModule:0.24333333333333335
RestHealthAction:0.24
RestAllocationAction:0.20333333333333334
RestIndicesAction:0.2
RestHelpAction:0.2
RestCountAction:0.19666666666666666
RestMasterAction:0.19333333333333333
