CMap:0.5333333333333333
Record:0.4
ConcurrentMapManager:0.38333333333333336
MLock:0.2733333333333333
CMapEntry:0.26666666666666666
Blocks:0.25133333333333335
MAdd:0.24
LoadStoreFork:0.22538888888888892
MEvict:0.225
MMigrate:0.20333333333333334
MRemoveMulti:0.16666666666666666
MPutMulti:0.14
AbstractOperationHandler:0.13666666666666666
TransactionRecord:0.12333333333333334
LockOperationHandler:0.12
SchedulableOperationHandler:0.11666666666666667
MGetMapEntry:0.10666666666666667
MRemoveItem:0.10666666666666667
MPut:0.10333333333333333
TargetAwareOperationHandler:0.09333333333333334
MTargetAwareOp:0.09
MContainsKey:0.08333333333333333
BlocksOperationHandler:0.075
MRemove:0.05333333333333334
MigrationOperationHandler:0.03
MValueCount:0.023333333333333334
MigrationCompleteOperationHandler:0.013333333333333334
GetMapEntriesOperationHandler:0.006666666666666667
AddOperationHandler:0.006666666666666667
RemoveMultiOperationHander:0.0033333333333333335
GetMapEnryOperationHandler:0.0033333333333333335
SizeOperationHandler:0.0033333333333333335
ContainsOperationHandler:0.0033333333333333335
ValueCountOperationHandler:0.0033333333333333335
MigrationAwareOperationHandler:0.0
MGet:0.0
BlockInfoOperationHandler:0.0
