Event:0.4066666666666667
SimpleProfiler:0.35333333333333333
RuntimeStatistics:0.28
AuthenticationModuleImpl:0.17438888888888887
RuntimeStatisticsMBean:0.155
EventsStatistics:0.15333333333333332
InvocationStatisticsInterceptor:0.016666666666666666
