TaskExecutor:0.5566666666666666
SqlTaskManagerStats:0.3844444444444444
PrioritizedSplitRunner:0.36333333333333334
SqlQueryManagerStats:0.23333333333333334
