X3DExport:0.6136666666666667
BackgroundExport:0.5233333333333333
BaseExport:0.3608888888888888
