BlobIndicesService:0.5266666666666666
BlobEnvironment:0.42333333333333334
BlobService:0.2966666666666667
BlobShard:0.22333333333333333
BlobEnvironmentTest:0.22333333333333333
