DNDData:0.67
ScriptsUtils:0.23666666666666666
StepDropListener:0.14666666666666667
TemplateDropListener:0.14333333333333334
StepDragListener:0.14
TemplateAddOrEditHandler:0.09333333333333334
LogDataColumnProvider:0.09333333333333334
JTBMessageDragListener:0.06333333333333334
JTBMessageDropListener:0.056666666666666664
ScriptsBrowserViewPart:0.016666666666666666
