SetOrChangeIndexationMenuAction:0.7886111111111112
RemoveIndexationMenuAction:0.4619444444444445
