FieldDataFieldsFetchSubPhase:0.42333333333333334
FieldDataFieldsParseElement:0.42
TestSearchContext:0.2833333333333333
PercolateContext:0.2833333333333333
FilteredSearchContext:0.2833333333333333
SubSearchContext:0.28
SearchContext:0.26916666666666667
DefaultSearchContext:0.2633333333333333
