ParserStream:0.5633333333333334
ResTableParser:0.2922222222222222
CommonBinaryParser:0.29
BinaryXMLParser:0.253
ResourcesLoader:0.23666666666666666
