Manufacture:0.6033333333333334
ManufactureGood:0.4216666666666667
