ObjectPropertyAssertion:0.6266666666666667
AnnotationListForLoadedAnnotationTest:0.16333333333333333
