SWDownloadFile:0.5833333333333334
SwarmingManager:0.36333333333333334
SWDownloadWorker:0.36
SWDownloadSet:0.25
