MapPanel:0.4
MapFrame:0.2966666666666667
MapMain:0.29333333333333333
