HtmlSelect:0.5549999999999999
Select:0.52
SelectTest:0.2866666666666667
