JobSupport:0.38333333333333336
StepSupport:0.3
AbstractFieldSetMapperTests:0.16666666666666666
SystemCommandTaskletIntegrationTests:0.07333333333333333
StagingItemReaderTests:0.04
RetrySampleItemWriterTests:0.016666666666666666
JobExecutionNotificationPublisherTests:0.006666666666666667
StagingItemWriterTests:0.0033333333333333335
ExceptionThrowingItemReaderProxyTests:0.0025
ConfigurableSystemProcessExitCodeMapperTests:0.0025
AbstractRowMapperTests:0.0
SimpleSystemProcessExitCodeMapperTests:0.0
