OCSPUtil:0.6433333333333333
OCSPCAService:0.62
SigningEntity:0.2633333333333333
TestOcspUtil:0.03833333333333333
