NativeCanvas:0.7277777777777779
MapPanel:0.39
MapLink:0.335
MapElement:0.19666666666666666
