MainScene:0.68
PersonTableModel:0.26166666666666666
MarsProjectFX:0.25333333333333335
PopUpUnitMenu:0.22
QNotification:0.2175
PNotification:0.2175
