Locator:0.43666666666666665
PVClasspathOptionPane:0.4055555555555555
Os:0.35333333333333333
FileUtils:0.3433333333333333
JavaCompletionFinder:0.29
CopyUtils:0.15
LoaderUtils:0.06444444444444446
CollectionUtils:0.01
