GISViewTopComponent:0.5233333333333333
GISViewScene:0.4922222222222223
GISViewService:0.35
