XContent:0.6066666666666667
XContentBuilder:0.6
XContentGenerator:0.5166666666666667
ESIntegTestCase:0.30666666666666664
XContentHelper:0.30333333333333334
JsonXContentGenerator:0.25666666666666665
JsonXContent:0.25
YamlXContent:0.24666666666666667
CborXContent:0.24666666666666667
SmileXContent:0.24666666666666667
AbstractFilteringJsonGeneratorTestCase:0.19666666666666666
GetTermVectorsCheckDocFreqIT:0.18
YamlXContentGenerator:0.15666666666666668
SmileXContentGenerator:0.15666666666666668
CborXContentGenerator:0.15666666666666668
DocBuilder:0.13
XContentBuilderTests:0.12
RestGetSourceAction:0.08
