TestRun:0.6283333333333333
VintageTestDescriptor:0.59675
RunListenerAdapter:0.48333333333333334
VintageTestEngineExecutionTests:0.3333333333333333
RunnerExecutor:0.13333333333333333
DynamicTestClass:0.043055555555555555
DynamicSuiteRunner:0.03333333333333333
