Store:0.45
RobinEngine:0.42
RobinEngineTests:0.30333333333333334
IndexDynamicSettingsModule:0.2966666666666667
CodecService:0.22333333333333333
StoreDirectory:0.16666666666666666
MergePolicySettingsTest:0.14333333333333334
BloomFilteredFieldsProducer:0.13666666666666666
ApplySettings:0.07666666666666666
RobinEngineIntegrationTest:0.03333333333333333
