UnitOfWorkApplicationListener:0.39
FlashFactory:0.25333333333333335
HttpSessionFactory:0.24333333333333335
