ExecutionServiceDelegate:0.5927777777777778
JbpmExecutionServiceBean:0.2966666666666667
GraphConverter:0.28
ExecutionServiceDelegateLocalImpl:0.27
ExecutionServiceDelegateRemoteImpl:0.27
ShowGraphHistoryFormTag:0.26666666666666666
GraphHistoryBuilder:0.23333333333333334
JbpmExecutionLogic:0.23
AbstractFigure:0.16666666666666666
HistoryGraphImageAction:0.15666666666666668
LogElementPresentation:0.15666666666666668
TransitionFigure:0.13333333333333333
