Connection:0.5866666666666667
RouteSelector:0.4
SocksProxy:0.2966666666666667
SocksProxyTest:0.21333333333333335
