ConnectionManager:0.5566666666666666
ClusterManager:0.5188888888888888
SelectorBase:0.28
AbstractSelectionHandler:0.19
Connector:0.16666666666666669
