PasswordAuthenticationHandler:0.45666666666666667
ModalAuthenticationHandler:0.45666666666666667
EmailVerifierRegistrationHandler:0.36
