LayoutInflaterTest:0.49333333333333335
DrawableResourceLoader:0.41333333333333333
DrawableResourceLoaderTest:0.3
id:0.19061111111111112
mipmap:0.18411111111111111
