ClassSpaceWildcardTest:0.6433333333333333
AbstractRefreshableOsgiBundleApplicationContextTest:0.335
BundleClassPathWildcardTest:0.22666666666666666
