CDKManagerTest:0.6188888888888888
CDKManagerPluginTest:0.27899999999999997
