ReportModel:0.5733333333333334
DashboardService:0.49333333333333335
DashboardDelegator:0.2633333333333333
RemoveLink:0.20333333333333334
ReportPanel:0.18333333333333332
CreateOrEditReportForm:0.12944444444444445
DynamicLinkPanel:0.12666666666666668
AddGroupForm:0.12666666666666668
CreateOrEditReportPage:0.11
