TestTypeRegistry:0.47333333333333333
AbstractTestQueries:0.39666666666666667
TypeRegistry:0.37333333333333335
TestExpressionCompiler:0.33666666666666667
TestDecimalOperators:0.09666666666666666
