Geometry:0.7988888888888889
GeometryTest:0.2866666666666667
