LookCapacities:0.58
LookModelScript:0.47556349206349213
JFXComponentsExtractor:0.38
LookDefinition:0.37333333333333335
LookModelConfiguration:0.33
LookContextListener:0.3272804232804233
CSSCheckerParser:0.23
JFXCapacitiesConverter:0.20666666666666667
LookDefinitionWriter:0.20333333333333334
WidgetComponentsWriter:0.2025
ApplyConvertScriptAction:0.19333333333333333
LookCapacitiesWriter:0.19333333333333333
PropertyExtractor:0.19
LookModelPlugin:0.18666666666666668
CSSCheckerAction:0.16
JFXComponentsExtractionAction:0.13
LookModelScriptHelper:0.11333333333333333
ExtractJFXComponentsDialog:0.07833333333333334
LookModelScriptContext:0.057777777777777775
