Mvcs:0.7933333333333333
ActionInvoker:0.30333333333333334
CommonTest:0.28
BaseTest:0.21
