JavaConfigWebApplicationContext:0.7133333333333334
Sjc74JavaConfigApplicationContextTests:0.41111111111111115
