RoutedCollectPhase:0.5666666666666667
TableFunctionCollectPhase:0.43666666666666665
