Rescorer:0.58
SearchRequestBuilder:0.28
SearchSourceBuilder:0.27666666666666667
QueryRescoreBuilderTests:0.2633333333333333
RescoreBuilder:0.24333333333333335
QueryRescorer:0.23333333333333334
StreamInput:0.22
SearchModule:0.20333333333333334
SearchService:0.20083333333333334
SearchSourceBuilderTests:0.19333333333333333
QueryRescorerIT:0.19
StreamOutput:0.1761111111111111
QueryRescoreContext:0.16166666666666665
RescoreParseElement:0.03666666666666667
