ServiceListenerTest:0.37
FragmentTest:0.2438888888888889
IoTest:0.19666666666666666
CallingResourceOnDifferentBundlesTest:0.12
