Euler:0.7233333333333334
Parser:0.45
EulerRunner:0.16333333333333333
