ConstructionStage:0.8413095238095238
BuildingSalvageMission:0.54
ArrivingSettlementEditingPanel:0.41333333333333333
