EventConstants:0.5866666666666667
Constants:0.44333333333333336
NessusScan:0.20666666666666667
NessusParser:0.20666666666666667
DescrValues:0.18333333333333332
EventUtilTest:0.16333333333333333
