IChemModelRelay:0.64
Controller2DHub:0.4866666666666667
IJChemPaintManager:0.25666666666666665
JChemPaintManager:0.11666666666666667
