EdgeView:0.85
GraphData:0.44333333333333336
VRMLOutput:0.21
GraphModelToView:0.12666666666666668
NodeMover:0.12333333333333334
NodeMoverWithConstraints:0.12333333333333334
JNetScriptWriter:0.11666666666666667
