InsertIntoIntegrationTest:0.6166666666666667
Builder:0.5666666666666667
TransportShardUpsertActionTest:0.25666666666666665
TransportShardUpsertAction:0.20055555555555554
ShardUpsertRequestTest:0.17666666666666667
UpsertByIdTask:0.14333333333333334
