PeerNode:0.5566666666666666
RemotePeerConnection:0.3566666666666667
SocketInitializerImpl:0.31666666666666665
