Workstation:0.76
MangoScriptWindow:0.25
WorkstationWindow:0.23166666666666666
Application:0.13444444444444445
