DDataSpaceValue:0.39
AbstractDataSpaceMonitorView:0.35
DataSpaceEditorManager:0.2866666666666667
AbstractChangeWatchingListener:0.2633333333333333
LoadAsyncDataJob:0.20333333333333334
ReceiveAsyncDataUIJob:0.16777777777777778
UpdateDataSpaceDataUIJob:0.12
WatchItemManager:0.09
ControlPayload:0.05333333333333334
