AjaxController:0.44333333333333336
WebKeys:0.28977777777777775
ViewController:0.2
UserAccessReportController:0.07666666666666666
