Job:0.5933333333333334
Builder:0.59
JobValidatorTest:0.22
JobValidator:0.18333333333333332
JobTest:0.14333333333333334
IdMismatchJobCreateTest:0.13333333333333333
