DefaultCasEventListener:0.5627777777777778
CasCoreEventsConfiguration:0.2833333333333333
CasEventsInMemoryRepositoryConfiguration:0.11888888888888888
