TestDuration_Basics:0.4666666666666667
ReadableDuration:0.36176190476190473
Duration:0.34
BaseDuration:0.2733333333333333
AbstractDuration:0.1577777777777778
