ArrayUtil:0.5166666666666667
ComplexNDArray:0.49
FFT:0.47
NDArray:0.44333333333333336
MatrixUtil:0.42333333333333334
Shape:0.2833333333333333
Convolution:0.21333333333333335
IFFTSliceOp:0.18
FFTSliceOp:0.18
NDArrayTests:0.16
ComplexNDArrayTests:0.14666666666666667
NDArrayUtil:0.13333333333333333
ConvolutionTest:0.11666666666666667
FFTTest:0.10333333333333333
ComplexNDArrayUtil:0.08666666666666667
NDArrayUtilTests:0.06333333333333334
NDArrayBlas:0.04
