Fiber:0.565
Stack:0.41
ClassEntry:0.37
InstrumentMethod:0.25
MethodDatabase:0.20666666666666667
Retransform:0.19666666666666666
JavaAgent:0.17333333333333334
InstrumentClass:0.17333333333333334
SuspendableClassifierService:0.16333333333333333
ClassLoadListener:0.03666666666666667
Transformer:0.013333333333333334
