GwtTeamingMessages:0.9166666666666666
ShareThisDlg2:0.36
EditLdapConfigDlg:0.3466666666666667
