AjaxController:0.43666666666666665
SurveyModel:0.42
Answer:0.38666666666666666
Question:0.3433333333333333
