GwtViewHelper:0.5388888888888889
AvatarInfoRpcResponseData:0.38333333333333336
BinderOwnerAvatarPanel:0.36666666666666664
