AclImpl:0.7383333333333333
JdbcAclServiceTests:0.4266666666666667
