StructureDiagramGenerator:0.5733333333333334
Ring:0.55
GeometryTools:0.17666666666666667
