EditorAPI:0.7383333333333333
ContributionAnnotation:0.35833333333333334
