ApprovalSessionTest:0.4902777777777777
AlwaysAllowLocalAuthenticationToken:0.395
CaListCAsCommand:0.2633333333333333
CrmfRAPbeRequestTest:0.20333333333333334
