XEGExport:0.43333333333333335
MappleTXEGImport:0.26666666666666666
PropertyNode:0.2434285714285714
XEGImport:0.15
XEGNURBSCurve:0.15
XEGCylinder:0.14
XEGPointCloud:0.13666666666666666
XEGPropertyNode:0.13
