Util:0.53
SessionView:0.42333333333333334
SessionLabelProvider:0.3277777777777778
EditorAPI:0.2966666666666667
