SerializationBuilder:0.48
VanillaChronicleMap:0.48
VanillaChronicleHash:0.38
ThreadLocalState:0.22666666666666666
MapCloseTest:0.15166666666666667
