IndexShardOperationPermits:0.4766666666666667
IndexShardOperationPermitsTests:0.27
ExceptionsHelper:0.25666666666666665
DelayedOperation:0.23
