DataType:0.6866666666666666
IfFunction:0.23666666666666666
ConditionalFunctionTest:0.21666666666666667
Resolver:0.2006666666666667
