Robolectric:0.7166666666666667
ShadowParcel:0.3233333333333333
IntentTest:0.31
ParcelTest:0.17
