JsonArray:0.38
JsonObjectTest:0.31666666666666665
Http2ClientStream:0.25333333333333335
Http2ConnectionBase:0.24583333333333332
Json:0.21333333333333335
Http2ClientConnection:0.20333333333333334
Http2ServerRequestImpl:0.19
HttpClientRequestPushPromise:0.18666666666666668
Http2Test:0.18337301587301585
VertxHttp2NetSocket:0.15333333333333332
VertxHttp2Stream:0.13
Push:0.1
JsonArrayTest:0.06666666666666667
