UdpChannel:0.6
UdpChannelTest:0.49333333333333335
AeronUri:0.38333333333333336
