SharingModule:0.8541666666666666
GwtShareHelper:0.5566666666666666
