GroupMembersTag:0.45666666666666667
AjaxGroupMembersTag:0.31642857142857145
FreemarkerTag:0.2833333333333333
RelationResultTag:0.21333333333333335
DisplayActorTag:0.13333333333333333
ChooseActorTag:0.11666666666666667
DisplayExecutorTag:0.11666666666666667
MultipleSelectTag:0.09
VarTagMethodModel:0.08666666666666667
DateTimeInputTag:0.056666666666666664
MultiLanguageExampleTag:0.056666666666666664
FileTag:0.056666666666666664
