CSSStyleDeclaration:0.5933333333333334
CSSStyleSheet:0.37333333333333335
DomNode:0.3466666666666667
