FolderViewBase:0.37333333333333335
Html5UploadPopup:0.33
GwtTeamingMessages:0.3222222222222222
AddFilesHtml5Popup:0.31
UploadTemplate:0.07277777777777779
