XMPPChatTransmitter:0.43666666666666665
JingleFileTransferManager:0.4066666666666667
FileTransferMediaManager:0.3383333333333333
FileTransferSession:0.33666666666666667
