HtmlPage:0.6083333333333333
HtmlScript:0.4533333333333333
JavaScriptEngineTest:0.18666666666666668
