PrintTask:0.44666666666666666
TreeView:0.38333333333333336
PrintWidget:0.25166666666666665
PrintRegistry:0.21333333333333335
Settings:0.20577777777777778
TreeViewPrinter:0.2
Preview:0.19805555555555554
Print:0.17666666666666667
PrintAction:0.0638888888888889
PrintRenderer:0.03
