ExecutorServiceProxy:0.5633333333333334
ClientExecutorServiceProxy:0.4633333333333333
ExecutorServiceTest:0.33
