Building:0.5666666666666667
MalfunctionManager:0.5133333333333333
Settlement:0.4166666666666667
CollectRockSamplesMission:0.24333333333333335
Maintenance:0.20666666666666667
RepairMalfunction:0.19333333333333333
MaintainGroundVehicleEVA:0.19333333333333333
RepairEmergencyMalfunction:0.18333333333333332
InflatableGreenhouse:0.17
StudyRockSamples:0.16
RepairEVAMalfunction:0.15333333333333332
VehicleAirlock:0.14333333333333334
ReserveRover:0.14166666666666666
BuildingAirlock:0.07583333333333334
