ActiveBuildPageTest:0.25666666666666665
BuildDetailTest:0.25666666666666665
LatestBuildsTest:0.25666666666666665
NoDeadLinkTest:0.20333333333333334
AddProjectTest:0.19666666666666666
BuildDetailControllerTest:0.18333333333333332
DownloadArtifactsFileTest:0.18333333333333332
PanopticodeTest:0.17
DownloadLogFileTest:0.17
DownloadTest:0.16333333333333333
PluginProject:0.14666666666666667
FailedBuildMoreThan24HourTest:0.14333333333333334
UpdateConfigXmlLocationController:0.14333333333333334
SuccessfulBuildMoreThan24HourTest:0.14333333333333334
LongTextLeakOutTest:0.13666666666666666
PanopticodeWidgetTest:0.11333333333333333
SingleQuoteTest:0.06666666666666667
