SearchContext:0.62
DefaultSearchContext:0.29333333333333333
TestSearchContext:0.2633333333333333
FilteredSearchContext:0.2633333333333333
SubSearchContext:0.23333333333333334
