RoutingExplanations:0.3616666666666667
ClusterRerouteIT:0.3433333333333333
AllocateEmptyPrimaryAllocationCommand:0.2833333333333333
TransportClusterRerouteAction:0.2544444444444445
AllocateStalePrimaryAllocationCommand:0.24666666666666667
AllocationCommand:0.043333333333333335
