TransformedData:0.5233333333333333
ColumnsToRowsKeyColumnTransform:0.4542777777777778
NewAndOldValue:0.3283333333333333
TransformWriter:0.29333333333333333
CopyColumnTransform:0.21666666666666667
CopyIfChangedColumnTransform:0.17444444444444446
ColumnsToRowsValueColumnTransform:0.15372222222222226
ISingleNewAndOldValueColumnTransform:0.0
