SpecificitesResult:0.37
Line:0.36
Vocabulary:0.3233333333333333
Referencer:0.27666666666666667
Cooccurrence:0.27666666666666667
