MethodDescription:0.5266666666666666
LazyTypeDescription:0.37666666666666665
ParameterToken:0.3566666666666667
Default:0.3233333333333333
MethodToken:0.32
ConflictingInterfaceMethod:0.24
AbstractMethodDescriptionTest:0.20666666666666667
LazyMethodDescription:0.20333333333333334
MethodExtractor:0.2
OverridenClassMethod:0.2
TypeExtractor:0.19333333333333333
ForLoadedMethod:0.17666666666666667
AbstractMethodDescription:0.17666666666666667
Latent:0.17666666666666667
ForLoadedConstructor:0.125
TypePoolDefaultComponentTypeLocatorTest:0.06
LazyParameterDescription:0.056666666666666664
TypePoolLazyObjectPropertiesTest:0.04
LazyPackageDescription:0.03333333333333333
LazyParameterList:0.03
ParameterBag:0.02666666666666667
