Dialect:0.6133333333333333
HQLTest:0.5033333333333333
SqlGenerator:0.31
TimesTenDialect:0.2966666666666667
Oracle8iDialect:0.17666666666666667
Sybase11Dialect:0.07
