Parser:0.26666666666666666
ParserNFAFactory:0.25333333333333335
LinearApproximator:0.21333333333333335
OutputModelWalker:0.21166666666666667
Target:0.20666666666666667
RuleFunction:0.20633333333333334
CodeBlock:0.17666666666666667
CodeGenerator:0.15333333333333332
ParserFile:0.14666666666666667
Choice:0.11
OptionalBlock:0.06666666666666667
InvokeRule:0.04
LL1Choice:0.035
LL1OptionalBlock:0.03428571428571429
MatchToken:0.03333333333333333
LL1OptionalBlockSingleAlt:0.02
LLStarOptionalBlock:0.0033333333333333335
LLkOptionalBlock:0.0
