AssociativeReference:0.6633333333333333
JoinTableAssociation:0.3333333333333333
