SelectStatementAnalyzerTest:0.41
RelationAnalyzer:0.35333333333333333
JoinGroupByIntegrationTests:0.2966666666666667
GroupByScalarAnalyzerTest:0.26
GroupByAggregateTest:0.26
