SMARTCYPRuleRank1:0.4533333333333333
RulesTestCase:0.44
SMARTCypRulesTest:0.16666666666666666
