Codec:0.8433333333333334
FstCodec:0.4
ByteArrayCodec:0.34
JsonJacksonCodec:0.31666666666666665
StringCodec:0.31333333333333335
ErrorsCodec:0.3
TasksRunnerService:0.29
KryoPool:0.1892222222222222
ScanCodec:0.17333333333333334
BitSetCodec:0.17333333333333334
MapCacheEventCodec:0.17333333333333334
LocalCachedMessageCodec:0.17333333333333334
JCacheEventCodec:0.17333333333333334
LZ4Codec:0.16666666666666666
SerializationCodec:0.15333333333333332
SnappyCodec:0.13666666666666666
KryoCodec:0.12
CompositeCodec:0.10333333333333333
MapScanCodec:0.10333333333333333
KryoPoolImpl:0.06265873015873016
