Planner:0.44666666666666666
TestingTableInfo:0.32666666666666666
SysShardsTest:0.27
GroupByAggregateTest:0.25
PlannerContextBuilder:0.2377777777777778
PlannerContext:0.23444444444444448
PlannerTest:0.21333333333333335
TestModule:0.20444444444444446
Builder:0.19
HavingSymbolConverter:0.13
