Edge:0.7333333333333333
NBrowseApplet:0.62
pjmReader:0.21333333333333335
