EntryAdapter:0.73
QueryTest:0.33666666666666667
ClientMapTest:0.20333333333333334
EvictionTest:0.19666666666666666
MapStoreTest:0.19666666666666666
MapTransactionTest:0.19666666666666666
AllTest:0.18333333333333332
ListenerTest:0.17666666666666667
ClientMultiMapTest:0.17333333333333334
EntryCounter:0.14166666666666666
AddEntryListenerRequest:0.12666666666666668
MultiMapTest:0.12666666666666668
QueryListenerTest:0.09
ClientEntryListenerDisconnectTest:0.09
