PartitionName:0.44333333333333336
PartitionedTableIntegrationTest:0.35333333333333333
AbstractDDLAnalyzedStatement:0.25666666666666665
TransportBaseSQLAction:0.23
DDLIntegrationTest:0.22
CreateAlterTableStatementAnalyzerTest:0.20333333333333334
