DummyInternalKernelServices:0.28
QedeqBoFactoryAssert:0.27666666666666667
QedeqBoFactoryTest:0.2633333333333333
GenerateLatexTest:0.23
QedeqBoFormalLogicCheckerDirectTest:0.19666666666666666
FormulaCheckerContextTest:0.13666666666666666
GenerateUtf8Test:0.13666666666666666
