FunctionRegistry:0.5133333333333333
AbstractTestQueries:0.39
QueryUtil:0.31666666666666665
Visitor:0.29333333333333333
Formatter:0.2866666666666667
RowParametricType:0.2652380952380952
FunctionAssertions:0.22
TranslationMap:0.20666666666666667
Signatures:0.1571031746031746
BytecodeExpressionVisitor:0.13666666666666666
