Matrix4:0.53
Vector3:0.4066666666666667
Plane:0.37
Intersector:0.3566666666666667
