FloatCodec:0.32
NumberDeserializer:0.15333333333333332
LongCodec:0.13
BooleanCodec:0.13
IntegerCodec:0.13
BigDecimalCodec:0.12666666666666668
