NetworkOrganizerTest:0.6788888888888889
SparkSequenceVectors:0.5766666666666667
VocabRddFunction:0.51
