UserBean:0.5966666666666667
BeanFactory:0.31333333333333335
Login:0.19111111111111112
AllJUnitTests:0.15666666666666668
NullUserBean:0.12277777777777779
UserBeanFactory:0.12
