SyntaxPoint:0.6466666666666666
SourceSyntaxPoints:0.45666666666666667
JspParseData:0.38
PreprocessorClient:0.19722222222222222
