QueryAST:0.35333333333333333
OQLQueryProvider:0.32
OQLAST:0.25666666666666665
InTree:0.21144444444444452
AnalysisTree:0.14666666666666667
Projection:0.06333333333333334
ParamAST:0.05
IdAST:0.04666666666666667
GrammarTest:0.006666666666666667
AdditiveTree:0.006666666666666667
AggregateAST:0.006666666666666667
LikeTree:0.0
ComparisonTree:0.0
