Connection:0.6366666666666667
Call:0.37
ConnectionManager:0.3566666666666667
OutRunnable:0.28
IORunnable:0.24
InRunnable:0.16444444444444445
