XmlExternalRefTest:0.26
MultipleCrossIncludeTest:0.12333333333333334
MultipleReverseIncludeTest:0.11666666666666667
ReverseIncludeTest:0.11666666666666667
MultipleIncludeTest:0.11666666666666667
NodeletParserTest:0.11333333333333333
