DocumentTest:0.6138888888888888
WebTestCase:0.4533333333333333
WebDriverOldTestsTest:0.45
