Target:0.83
ActionTranslator:0.25333333333333335
RuleFunction:0.17333333333333334
Parser:0.14
LexerFile:0.13666666666666666
CodeGenPipeline:0.13333333333333333
ParserFile:0.12666666666666668
