ResetTag:0.41333333333333333
SubmitTag:0.41333333333333333
SubmitTest:0.24
ResetTest:0.24
FormButton:0.20666666666666667
