IReturner:0.4422222222222222
Manager:0.36
AbstractManagerMethodDispatcher:0.3566666666666667
BioclipseJob:0.3333333333333333
TestManager:0.17333333333333334
DSManager:0.09
