SubclassInstrumentedType:0.49416666666666664
InlineInstrumentedType:0.4766666666666667
AbstractBase:0.37
AbstractPackageDescription:0.17666666666666667
