AbstractStoreQuery:0.6983333333333334
AggregateWindowFunctionTests:0.31
GroupByTests:0.2866666666666667
FinalTable:0.08
