AuthenticationProcessingFilter:0.37333333333333335
SecurityEnforcementFilterTests:0.33
BasicProcessingFilterTests:0.3233333333333333
AuthenticationProcessingFilterTests:0.2866666666666667
SecurityEnforcementFilter:0.24666666666666667
BasicProcessingFilter:0.1061111111111111
