IssueDAO:0.7911111111111111
IssueDAOImpl:0.7218333333333333
