GwtTeamingMessages:0.6322222222222222
GwtServerHelper:0.4066666666666667
GwtRpcServiceImpl:0.36333333333333334
GwtClientHelper:0.24
