OptionSet:0.5133333333333333
OptionTypeInt:0.15
OptionTypeSet:0.13
FederationOptionSet:0.11
OptionTypeBoolean:0.09666666666666666
OptionTypeString:0.08666666666666667
