JTBSession:0.45666666666666667
MetaQManager:0.2833333333333333
JTBMessage:0.2733333333333333
JTBTopic:0.22733333333333333
JTBQueue:0.22733333333333333
UINameValue:0.12666666666666668
