HTMLElement:0.47333333333333333
HtmlElementTest:0.36333333333333334
DomElement:0.27294444444444443
NamedNodeMap:0.25666666666666665
XmlElement:0.24833333333333332
HtmlSubmitInput:0.19666666666666666
DefaultElementFactoryTest:0.15
