PrestoResultSet:0.6944444444444444
PrestoStatement:0.48333333333333334
TestJdbcResultSet:0.13333333333333333
