MultiDriverTest:0.25666666666666665
Subscriber:0.234
Ping:0.2227777777777778
EmbeddedReplayThroughput:0.17194444444444446
FlowControlStrategiesTest:0.16
EmbeddedPingPong:0.15
