ConcurrentMapManager:0.5233333333333333
MLock:0.5133333333333333
IsKeyLockedOperationHandler:0.08
