ControllerHub:0.55
JCPEditorAppletDrawingTest:0.39666666666666667
JCPEditorAppletBugsTest:0.31666666666666665
