InternalEngine:0.44666666666666666
VersionValue:0.382
InternalEngineTests:0.3566666666666667
