InvalidDataLength:0.3933333333333333
Base58:0.2966111111111111
Bech32:0.29444444444444445
BIP38PrivateKey:0.22111111111111115
DumpedPrivateKey:0.19777777777777777
LegacyAddress:0.19316666666666668
SegwitAddress:0.17650000000000002
BIP38PrivateKeyTest:0.16333333333333333
DumpedPrivateKeyTest:0.16
SegwitAddressTest:0.07666666666666666
