AfterEachMethodAdapter:0.7966666666666666
BeforeEachMethodAdapter:0.7966666666666666
