Comment:0.5366666666666666
HTMLBGSoundElement:0.30916666666666665
HtmlBackgroundSoundTest:0.18
