Spark:0.4066666666666667
Route:0.3433333333333333
GenericIntegrationTest:0.30333333333333334
SparkTestUtil:0.23666666666666666
Filter:0.22666666666666666
MatcherFilter:0.18
RouteMatch:0.15333333333333332
RouteMatcher:0.1375
SimpleRouteMatcher:0.13666666666666666
RouteEntry:0.07177777777777777
