MPTItemIterator:0.52
MPTSetInfoIterator:0.4972222222222223
MPTQueryFactory:0.4066666666666667
