QuerySpec:0.31333333333333335
RelationColumn:0.30333333333333334
OrderBy:0.2966666666666667
NestedLoopConsumerTest:0.26
JoinIntegrationTest:0.19666666666666666
Symbols:0.18666666666666668
TwoTableJoin:0.185
Visitor:0.15333333333333332
QualifiedNameCounter:0.15
Source:0.13333333333333333
MultiSourceFetchPushDown:0.13166666666666665
SubRelationConverter:0.04
FieldToRelationColumnVisitor:0.021666666666666667
SubSetOfQualifiedNamesPredicate:0.01861111111111111
RelationColumnReWriteCtx:0.015833333333333335
FieldToRelationColumnCtx:0.0033333333333333335
RelationColumnReWriter:0.0
