SearchContext:0.5
QueryShardContext:0.33666666666666667
AbstractQueryTestCase:0.2966666666666667
FunctionScoreQueryBuilderTests:0.25666666666666665
RandomScoreFunctionBuilder:0.24333333333333335
QueryRewriteContext:0.20333333333333334
RandomScoreFunctionBuilderWithFixedSeed:0.20333333333333334
ServiceHolder:0.18066666666666667
