FlowExecutionListener:0.79
FlowExecutionManager:0.45
FlowExecutionListenerList:0.3333333333333333
FlowExecutionStorage:0.30633333333333335
ClientContinuationFlowExecutionStorage:0.22333333333333333
NoSuchFlowExecutionException:0.06
