Word2Vec:0.79
EhCacheVocabCache:0.3333333333333333
Builder:0.31
WindowConverter:0.17666666666666667
