TpchSplitManager:0.33
SampledTpchConnectorFactory:0.26666666666666666
TpchRecordSetProvider:0.26
TpchConnectorFactory:0.2125
TestTransactionManager:0.2
IndexedTpchConnectorFactory:0.184
TpchHandleResolver:0.18
TpchIndexHandle:0.13666666666666666
SampledTpchRecordSetProvider:0.06666666666666667
