Builder:0.43333333333333335
FeignInvocationHandler:0.32
Factory:0.26
BuildTemplateByResolvingArgs:0.24166666666666667
Defaults:0.22666666666666666
ParseHandlersByName:0.06333333333333334
ReflectiveFeign:0.043333333333333335
FeignBuilderTest:0.02
