TestToolSyntaxErrors:0.6444444444444444
LexerATNFactory:0.4866666666666667
