Operation:0.7406111111111111
FeatureSchema:0.44
BasicFeature:0.32
AbstractBasicFeature:0.29333333333333333
ViewSchemaPlugIn:0.20333333333333334
