StringUtils:0.5733333333333334
BeanFactory:0.43333333333333335
AddGene:0.21944444444444447
AddAllele:0.20333333333333334
Hits:0.17666666666666667
AddGermplasm:0.16
AddPhenotype:0.16
ArticleReferenceListAsTable:0.13
DefineBeanTag:0.11333333333333333
DefineBeanTagTEI:0.09
