Workbench:0.6333333333333333
FileFactory:0.2966666666666667
FileObjectItem:0.2277777777777778
SourceFile:0.22666666666666666
MSMLReader:0.14333333333333334
FileChooserResult:0.06666666666666667
MTGReader:0.056666666666666664
