NFA:0.47333333333333333
NFABytecodeTriggers:0.41333333333333333
NFABytecodeGenerator:0.23333333333333334
DFA10:0.15444444444444444
DFA16:0.15444444444444444
WildcardInstr:0.12
CodeGenPipeline:0.10666666666666667
