PatternSearchMatcher:0.40763068
BoyerMooreSearchMatcher:0.36125007
SearchAndReplace:0.32344323
HyperSearchRequest:0.12831484
HyperSearchOperationNode:0.060573142
HyperSearchResults:0.047371246
