Actor:0.7566666666666667
LightweightThread:0.6633333333333332
ActorTest:0.2733333333333333
