FormType:0.57
WebServerUtils:0.55
WYSIWYGPlugin:0.47333333333333333
Localization:0.35833333333333334
FormNode:0.34
WYSIWYGHTMLEditor:0.2866666666666667
HtmlFormType:0.25666666666666665
ValidationUtil:0.22611111111111115
ChooseFormTypeDialog:0.20166666666666666
FreemarkerUtil:0.17333333333333334
ConnectorServletHelper:0.16833333333333333
ValidationHashModel:0.16666666666666666
VariableSearchVisitor:0.13
CopyGraphCommand:0.11333333333333333
BaseHtmlFormType:0.10333333333333333
FtlTagSupportServlet:0.08666666666666667
Messages:0.045
QuickFormType:0.04
