OsgiBundleResource:0.5411111111111111
FragmentIoTests:0.32666666666666666
BundleJarTest:0.2833333333333333
ConfigUtilsTest:0.26666666666666666
AbstractOnTheFlyBundleCreatorTests:0.26166666666666666
OsgiResourceUtils:0.25666666666666665
ApplicationContextConfigurationTest:0.24
OsgiBundleResourceTest:0.19
OsgiBundleResourceLoaderTest:0.13666666666666666
OsgiBundleResourcePatternResolverTest:0.12666666666666668
AbstractRefreshableOsgiBundleApplicationContextTest:0.11
