HashCodeMethod:0.5733333333333334
HashCodeMethodOtherTest:0.27666666666666667
HashCodeBase:0.1943968253968254
HashCodeMethodTest:0.16
OffsetProvider:0.1288888888888889
HashCodeEqualsPlugin:0.10333333333333333
