HeadersConfigurer:0.6183333333333333
SecurityNamespaceHandler:0.3933333333333333
HeadersBeanDefinitionParser:0.31
ReferrerPolicyConfig:0.15
