WizardGroupDialog:0.45666666666666667
FileNameExtensionFilter:0.4474444444444445
SelectFilesPanel:0.35
