MessageHandler:0.35866666666666663
Connection:0.29
ConfigItem:0.27051984126984113
ConnectionHandler:0.25333333333333335
HL7v2Listener:0.23
MessageRouter:0.2
HL7v2Acceptor:0.11333333333333333
AcceptorConfig:0.11333333333333333
MessageHandlerConfig:0.08
ConnectionManager:0.043333333333333335
ListenerConfig:0.02666666666666667
ConfigHelper:0.013333333333333334
DefaultMessageHandler:0.0
