AbstractClientInternalCacheProxy:0.39666666666666667
AbstractClientCacheProxy:0.29
CacheCodecTemplate:0.27166666666666667
CachePutAllTest:0.24666666666666667
FutureEntriesTuple:0.17607936507936509
CachePortableHook:0.14333333333333334
