Invokation:0.3566666666666667
TemplateWriter:0.30333333333333334
Fragment:0.29
Processor:0.25666666666666665
Transformer:0.18
Resolver:0.15411111111111112
PrintStreamConsumer:0.13666666666666666
CharConsumer:0.03
