CruiseControlJMXServiceStub:0.5166666666666667
AddProjectTest:0.2733333333333333
CruiseControlJMXServiceStubTest:0.22
FailedBuildMoreThan24HourTest:0.19333333333333333
SuccessfulBuildMoreThan24HourTest:0.19333333333333333
ActiveBuildPageTest:0.18333333333333332
SeleniumTestCase:0.13
BuildDetailTest:0.06
