ParserATNSimulator:0.6
DFAState:0.4477777777777777
OR:0.31666666666666665
AND:0.31666666666666665
DFASerializer:0.12
