ConfigData:0.5733333333333334
TableProperties:0.36
TableDropWidget:0.25333333333333335
TableRowConfig:0.24
TableWidget:0.21
TableConfig:0.08666666666666667
