GwtTeamingMessages:0.47
GwtServerHelper:0.39166666666666666
FolderColumnsConfigDlg:0.39166666666666666
