Route:0.601111111111111
Spark:0.59
MatcherFilter:0.16
SparkTest:0.07666666666666666
