ClusterManager:0.49333333333333335
BaseManager:0.3333333333333333
MBackup:0.3016666666666667
BQ:0.17
MBackupAwareOp:0.16666666666666666
MDefaultBackupAndMigrationAwareOp:0.11666666666666667
NodeBaseVariables:0.0
