JavaElement:0.6266666666666667
JavaElementChanges:0.43333333333333335
ChangeReport:0.38666666666666666
