HazelcastHttpSession:0.4548333333333333
WebFilterBasicTest:0.33
TestServlet:0.31666666666666665
