ClassContext:0.56
ResourceRequest:0.23
JavaOption:0.22088888888888888
StatsFormatter:0.15666666666666668
NodeWaitingProviderResponseState:0.13666666666666666
WaitingNodeRequestState:0.12666666666666668
WaitingProviderResponseState:0.09666666666666666
SendingNodeResponseState:0.09333333333333334
JPPFStatisticsHelper:0.09333333333333334
MonitoringPanel:0.09172222222222223
ClassServerState:0.043333333333333335
StatsConstants:0.0
