UsersAndGroups:0.6586666666666667
Containment:0.37333333333333335
BulkLoadTester:0.23333333333333334
ListTypes:0.22333333333333333
DataModelLoader:0.05
