AsyncHttpProviderUtils:0.5266666666666666
AsyncHttpUrlConnection:0.2866666666666667
PropertiesBasedResumableProcessor:0.2866666666666667
RemoteSiteTest:0.25
WebSocketProtocol:0.19
ResumableIOExceptionFilter:0.03666666666666667
