Timeslots:0.68
Listener:0.25777777777777783
CloneTimeslotAction:0.08333333333333333
DeleteTimeslotAction:0.04
TimeSlotChangeAction:0.03388888888888889
