JDBCTransactionWriter:0.62
TransactionManager:0.5988888888888888
DataAdapterException:0.36666666666666664
