Tag:0.7066666666666667
ArticleQueryService:0.36333333333333334
ArticleMgmtService:0.29
