Crawler:0.48333333333333334
DemoDepthCrawler:0.3433333333333333
Fetcher:0.27666666666666667
AutoParseCrawler:0.24
FetcherThread:0.12333333333333334
