ValueChangeListener:0.4774444444444445
DataTransferManager:0.4066666666666667
EditorManager:0.3933333333333333
SessionManager:0.3433333333333333
ConcurrentDocumentManager:0.2966666666666667
RosterView:0.2
ViewLabelProvider:0.17333333333333334
ConsistencyAction:0.13833333333333334
VetoableValueChangeListener:0.0867222222222222
DeferredValueChangeListener:0.07
VetoableObservableValue:0.05333333333333334
ObservableValue:0.05
