PercolateRequest:0.6533333333333333
RestPercolateAction:0.36
PercolatorStressBenchmark:0.2916666666666667
