AutoCreate:0.29
AutoCreateIndexTests:0.2866666666666667
IndexNotFoundException:0.28
AutoCreateIndex:0.19666666666666666
DynamicMappingDisabledTests:0.18472222222222223
NoMasterNodeIT:0.10333333333333333
