PlainTikaMTUnresolvedProblemsTest:0.3433333333333333
TikaMimeTypeIdentifierTest:0.25666666666666665
ContentTypesHandler:0.24
PlainTikaMTWorkingTest:0.17333333333333334
ContentTypesHandlerTest:0.12
StreamingZipContainerDetector:0.0
