PathUtil:0.5466666666666666
JsonAsserterImpl:0.2733333333333333
JsonAssertTest:0.20333333333333334
SplitPathFragmentsTest:0.17
JsonPathTest:0.15
PathUtilTest:0.05333333333333334
