AddAllele:0.3333333333333333
AddGene:0.3333333333333333
AddGermplasm:0.33
UpdateAnnotation:0.26
UpdateAllele:0.23666666666666666
UpdateGermplasm:0.23
Pull:0.18
