OAuth2AuthorizationRequestRedirectFilter:0.39
OAuth2AuthorizationRequestRedirectFilterTests:0.2833333333333333
OAuth2LoginApplicationTests:0.21
OAuth2ClientConfig:0.20333333333333334
OAuth2LoginConfigurer:0.19333333333333333
OAuth2ClientConfigurer:0.16333333333333333
OAuth2ClientConfigurerTests:0.04
