Table:0.68
DatabaseWriter:0.29333333333333333
CsvData:0.2833333333333333
CsvUtils:0.27444444444444444
CsvDataReader:0.2611111111111111
AbstractDatabasePlatform:0.20666666666666667
CsvDataReaderTest:0.043333333333333335
