PaymentChannelServer:0.37666666666666665
Builder:0.3433333333333333
Initiate:0.33666666666666667
PaymentChannelClient:0.32666666666666666
Error:0.30333333333333334
ProvideContract:0.27666666666666667
ChannelConnectionTest:0.25666666666666665
PaymentChannelServerState:0.24666666666666667
PaymentChannelClientState:0.23333333333333334
ErrorOrBuilder:0.22166666666666668
InitiateOrBuilder:0.22166666666666668
ProvideContractOrBuilder:0.16166666666666665
