LookupTable:0.5533333333333333
ByteLookupTable:0.3233333333333333
ShortLookupTable:0.29333333333333333
OverlayUtils:0.2816666666666667
DicomImageReader:0.28
VOIUtils:0.2733333333333333
