GeoPointFieldMapper:0.5033333333333333
Builder:0.4266666666666667
CompletionFieldMapper:0.30333333333333334
MultiFieldsIntegrationTests:0.21333333333333335
TypeParser:0.11333333333333333
MultiFieldTests:0.016666666666666666
