TranslogWriter:0.57
InternalEngine:0.28
TranslogTests:0.26666666666666666
BufferingTranslogWriter:0.24444444444444446
ChannelFactory:0.05564814814814814
