Routing:0.5433333333333333
DocTableInfo:0.20666666666666667
SysShardsTableInfo:0.20333333333333334
TableIdent:0.19944444444444445
SysOperationsTableInfo:0.19666666666666666
SysNodesTableInfo:0.18666666666666668
SysClusterTableInfo:0.16333333333333333
SysChecksTableInfo:0.16333333333333333
SysRepositoriesTableInfo:0.16333333333333333
SysJobsLogTableInfo:0.16333333333333333
SysJobsTableInfo:0.16
SysSnapshotsTableInfo:0.16
SysOperationsLogTableInfo:0.16
InformationTableInfo:0.10333333333333333
