AbstractWidgetRefHandler:0.45
AbstractServerEngine:0.33666666666666667
WidgetsRefHandler:0.24666666666666667
ClientWidgetsRefHandler:0.19333333333333333
AbstractClientEngine:0.18
ARINCDefinition:0.15666666666666668
