MossModel:0.6833333333333333
ParametersPage3:0.18444444444444444
ParametersPage2:0.18444444444444444
MossWizard:0.17
MossTestRunner:0.16777777777777778
ParametersPage:0.09
