LineRenderer:0.4666666666666667
ArcEllipseRenderer:0.3333333333333333
CrownRenderer:0.28
LineRendererUI:0.27666666666666667
ArcCircleRenderer:0.27
SynthLineUI:0.13
