BaseClient:0.2966666666666667
XHRPollingTransport:0.25333333333333335
WebSocketTransport:0.24666666666666667
WebSocketClient:0.16666666666666666
XHRPollingClient:0.11333333333333333
