Ejb3JoinColumn:0.59
BinderHelper:0.5066666666666667
TableBinder:0.33666666666666667
CopyIdentifierComponentSecondPass:0.17
