RecordingWriter:0.47
Image:0.37333333333333335
ArchiveUtil:0.30333333333333334
Catalog:0.29
ArchiverSystemTest:0.25666666666666665
ArchiveClient:0.24666666666666667
ArchiveConductor:0.23666666666666666
RecordingFragmentReader:0.23333333333333334
NotificationsProxy:0.22666666666666666
ArchiveRecordingLoadTest:0.21
ArchiveReplayLoadTest:0.20666666666666667
ReplaySession:0.2
RecordingSession:0.18
RecordingSessionTest:0.12666666666666668
