ConcordancesEditor:0.42
CreatePartitionDialog:0.3333333333333333
GetConcordancesDialog:0.32
GetConcordances:0.28400000000000003
CreateFrequencyListDialog:0.21
CreatePartition:0.20733333333333334
ApplicationWorkbenchAdvisor:0.17333333333333334
ComputeSpecificitiesDialog:0.12666666666666668
