INChIReader:0.5333333333333333
ReaderFactoryTest:0.3983333333333333
ReaderFactory:0.31333333333333335
