Builder:0.48333333333333334
RBM:0.41
OutputLayer:0.4
DeepAutoEncoder:0.39
BaseMultiLayerNetwork:0.38
BaseNeuralNetwork:0.30666666666666664
MultiLayerNetworkOptimizer:0.22666666666666666
DeepAutoEncoderDataSetReconstructionRender:0.22
BaseHazelCastStateTracker:0.20333333333333334
StateTrackerDropWizardResource:0.17333333333333334
MnistExampleMultiThreaded:0.08333333333333333
RBMUtil:0.07
DeepAutoEncoderExample:0.03666666666666667
DeepAutoEncoderFromFile:0.025833333333333333
