Transaction:0.56
PeerEventListener:0.5016666666666667
Peer:0.4866666666666667
BlockChain:0.46
Wallet:0.42
PeerGroup:0.38666666666666666
WalletTest:0.3466666666666667
TransactionOutPoint:0.18333333333333332
PeerExecutionRunnable:0.17
PeerTest:0.15666666666666668
ChainSplitTests:0.15666666666666668
AbstractPeerEventListener:0.08277777777777777
RefreshWallet:0.08
PrivateKeys:0.07333333333333333
PeerGroupTest:0.043333333333333335
TestWithNetworkConnections:0.030833333333333334
