LogbackFactory:0.47333333333333333
ServerFactory:0.38
LoggingFactory:0.31666666666666665
RequestLogHandlerFactory:0.31666666666666665
ServerCommand:0.17333333333333334
ConfiguredCommand:0.17
