Listener:0.6333333333333333
LocalGatewayMetaState:0.2733333333333333
SharedStorageGateway:0.21666666666666667
NodeIndexStoreDeletedMessage:0.21
NodeIndexDeletedAction:0.19666666666666666
TransportDeleteIndexAction:0.19
MetaDataDeleteIndexService:0.165
NoneGateway:0.15333333333333332
NodeIndexStoreDeletedTransportHandler:0.06711111111111111
