Test:0.5304166666666666
ReportValidate:0.37666666666666665
TestSpouseGender:0.31666666666666665
TestAge:0.21333333333333335
TestDate:0.18333333333333332
TestValid:0.12333333333333334
TestFile:0.11333333333333333
GenderChange:0.043333333333333335
