GraphicStyle:0.55
Viewability:0.55
Editability:0.55
Highlight:0.465
LatLonAlt:0.46
Graphic:0.42142857142857143
PointSymbolizer:0.42
PolygonSymbolizer:0.35
TextSymbolizer:0.33916666666666667
LineSymbolizer:0.3225
DisplayFactory:0.205
GraphicListenerSupport:0.19333333333333333
UnsupportedCRSException:0.12333333333333334
