Flyway:0.5933333333333334
MetaDataTable:0.4533333333333333
MetaDataTableRow:0.36666666666666664
DbMigrator:0.30333333333333334
SqlMigration:0.2633333333333333
MigrationTestCase:0.21
DbSupportFactory:0.20333333333333334
SqlMigrationResolver:0.17
DbValidator:0.16333333333333333
DbCleaner:0.12
SqlStatement:0.11666666666666667
AbstractFlywayMojo:0.11
