Sharded:0.7633333333333333
ShardedJedisTest:0.23333333333333334
