InputTag:0.6177777777777778
FormResponder:0.4072222222222222
