IncomingTransferObject:0.6633333333333333
TransferDescription:0.47333333333333333
BinaryChannel:0.3566666666666667
XMPPTransmitter:0.33666666666666667
BinaryChannelConnection:0.25333333333333335
BinaryChannelTransferObject:0.22
Opcode:0.2063968253968254
IByteStreamConnection:0.205
ReceiverThread:0.12966666666666665
LoggingTransferObject:0.11666666666666667
TransferDescriptionTest:0.08333333333333333
BinaryChannelTest:0.03333333333333333
