HTMLScanner:0.30333333333333334
HTMLTagBalancer:0.29
DOMFragmentParser:0.2833333333333333
ContentScanner:0.22666666666666666
SpecialScanner:0.205
DOMParser:0.023333333333333334
