Table:0.2833333333333333
Recursion:0.27666666666666667
ReportFlashList:0.24333333333333335
BreadthFirst:0.18333333333333332
Sosa:0.17666666666666667
Agnatic:0.17
Lineage:0.16333333333333333
ReportSosa:0.15
