MethodDatabase:0.42333333333333334
ClassEntry:0.32
InstrumentClass:0.27
CheckInstrumentationVisitor:0.23666666666666666
Transformer:0.14527777777777778
JavaAgent:0.11333333333333333
