jEdit:0.8266666666666667
HelpIndex:0.24333333333333335
HelpTOCPanel:0.23666666666666666
