PhysicalCondition:0.39
Mind:0.38333333333333336
BuildingManager:0.38
Airlock:0.36666666666666664
Job:0.33666666666666667
Walk:0.3333333333333333
Maintenance:0.31
Task:0.3
WalkOutside:0.2866666666666667
ExitAirlock:0.2733333333333333
EnterAirlock:0.2633333333333333
RobotJob:0.26
TendGreenhouse:0.25333333333333335
JobManager:0.23666666666666666
RepairMalfunction:0.235
RobotTableModel:0.22666666666666666
MaintenanceEVA:0.21333333333333335
RepairEmergencyMalfunction:0.21333333333333335
RepairEVAMalfunction:0.21333333333333335
UnitManager:0.20666666666666667
RepairEmergencyMalfunctionEVA:0.18666666666666668
WalkMeta:0.16666666666666666
Botanist:0.1577777777777778
Sleep:0.14333333333333334
RelaxMeta:0.14333333333333334
SleepMeta:0.14
RobotWindow:0.13916666666666666
MaintenanceEVAMeta:0.13666666666666666
TabPanelActivity:0.13333333333333333
RepairEVAMalfunctionMeta:0.13333333333333333
MaintenanceMeta:0.12666666666666668
RepairMalfunctionMeta:0.11333333333333333
TendGreenhouseMeta:0.1025
Relax:0.09666666666666666
TabPanelBots:0.09333333333333334
TaskProbabilityUtil:0.08333333333333333
TabPanelUnitWindow:0.08
Gardenbot:0.01
Repairbot:0.006666666666666667
