GeoUtils:0.7933333333333333
GeolocationContextMapping:0.30333333333333334
GeoUtilsTests:0.14333333333333334
