AbstractRecord:0.585
FieldList:0.3588888888888889
FetchTests:0.29333333333333333
