AsyncHttpProviderUtils:0.61
JDKResponse:0.33666666666666667
GrizzlyResponse:0.3
NettyResponse:0.28
ApacheResponse:0.25666666666666665
ZeroCopyFileTest:0.19
