Tuple4:0.20666666666666667
Tuple5:0.20666666666666667
Tuple6:0.20666666666666667
Tuple7:0.20666666666666667
Tuple2:0.20666666666666667
Tuple3:0.20666666666666667
Tuple1:0.18666666666666668
