ReflectionCacheSourceCreator:0.5266666666666666
ModelLoaderRegistry:0.5166666666666667
ByteArrayInputStream:0.2733333333333333
