MetadataBuilder:0.49333333333333335
MetadataBuildingOptionsImpl:0.4144722222222222
MetadataBuilderImpl:0.37666666666666665
TypeContributions:0.2812222222222222
AbstractDelegatingMetadataBuilderImplementor:0.27666666666666667
BasicTypeRegistry:0.23
MetadataBuildingProcess:0.13777777777777778
