Output:0.4633333333333333
Payment:0.42
PeerSeedData:0.22833333333333333
PaymentRequest:0.21
PeerSeeds:0.20666666666666667
PaymentDetails:0.20666666666666667
PaymentACK:0.20333333333333334
StoredClientPaymentChannel:0.2
X509Certificates:0.2
StoredServerPaymentChannel:0.2
StoredServerPaymentChannels:0.19333333333333333
StoredClientPaymentChannels:0.19333333333333333
SignedPeerSeeds:0.18333333333333332
