AssetRecordDao:0.79
ImportAccountant:0.3266666666666666
AbstractMockTestCase:0.31333333333333335
ImportOperationsManager:0.3
ExpectationsVisitor:0.2833333333333333
AbstractSaveOrUpdateOperation:0.25666666666666665
BaseImporter:0.25
JdbcDaoTestConfig:0.19883333333333333
UpdateOperation:0.19
AbstractDaoTestCase:0.18
SpecFile:0.18
ImportOperationFactory:0.14666666666666667
NodeRelator:0.1434920634920635
AssetRecordDaoJdbc:0.14
ImportOperationsManagerTest:0.13666666666666666
AssetRecordDaoHibernate:0.09333333333333334
UpdateOperationTest:0.08666666666666667
AssetRecordDaoTest:0.08333333333333333
InsertOperation:0.05333333333333334
