RippleDrawable:0.3933333333333333
Button:0.31
RelativeLayout:0.26666666666666666
LinearLayout:0.24
SVGView:0.23666666666666666
FrameLayout:0.22
ImageView:0.21
Carbon:0.16
MainActivity:0.11333333333333333
