Gene:0.5166666666666667
UnobsoleteGene:0.4666666666666667
UpdateGene:0.37333333333333335
XmlRpc:0.09333333333333334
