CollectionResource:0.5666666666666667
Attribute:0.5266666666666666
AttributeType:0.3466666666666667
OnmsSnmpCollection:0.26
DataCollectionConfigFactory:0.2175
IfResourceType:0.21333333333333335
NodeResourceType:0.2
AliasedResource:0.19666666666666666
IfAliasResourceType:0.14666666666666667
NumericAttributeType:0.12666666666666668
StringUtils:0.08666666666666667
StringAttributeType:0.06333333333333334
