XavaResources:0.4066666666666667
MapFacadeBean:0.37
XavaException:0.24833333333333332
DeliveryTypesTest:0.24333333333333335
ResourceManagerI18n:0.23666666666666666
DeliveryTypeRemoveValidator:0.22666666666666666
