NeighAbsParam:0.5533333333333333
Multiplicity:0.5266666666666666
NeighAbstraction:0.32
Materialisation:0.31
AGTS:0.27
ShapeGenerator:0.25666666666666665
ShapePreviewDialog:0.2377777777777778
PreMatch:0.20666666666666667
GraphNeighEquiv:0.20333333333333334
ShapeStore2:0.19
TestMultiplicity:0.18333333333333332
ThreeMultValOption:0.175
TestMaterialisation:0.17
TestMatching:0.16666666666666666
TestShape:0.15333333333333332
TestGraphNeighEquiv:0.14666666666666667
TestShapeGenerator:0.14333333333333334
Util:0.13666666666666666
MyHashSet:0.13333333333333333
AbsParameters:0.125
ToggleExplorationStateAction:0.10666666666666667
MyHashMap:0.08666666666666667
ZeroOneBranchTest:0.08666666666666667
AllNeighAbstractionTests:0.08333333333333333
TestShapeIso:0.07333333333333333
PatternAbsParam:0.0
