AuthenticationModulesTest:0.5301666666666667
RevocationMessageHandler:0.36333333333333334
