FolderResource:0.3466666666666667
WorkspaceResource:0.31666666666666665
ShareResource:0.29
AbstractResource:0.27666666666666667
AbstractBinderResource:0.24666666666666667
SelfResource:0.21666666666666667
