NinePatch:0.43333333333333335
Skin:0.38666666666666666
TextureAtlas:0.21666666666666667
AtlasSprite:0.2
AtlasRegion:0.16333333333333333
SpriteDrawable:0.11166666666666666
NinePatchDrawable:0.11166666666666666
TintedDrawable:0.07333333333333333
