CountNameClassPairResultCallbackHandlerTest:0.23333333333333334
LdapEncoderTest:0.22666666666666666
AggregateDirContextProcessorTest:0.21111111111111108
