PetiteContainer:0.6933333333333334
DefaultAppCore:0.24333333333333335
AutomagicPetiteConfigurator:0.20666666666666667
PetiteBeans:0.2
BeanRegister:0.19666666666666666
ParamTest:0.18
WebApplication:0.17833333333333334
ManualTest:0.14666666666666667
PropertyTest:0.13666666666666666
WireTest:0.13333333333333333
SetsTest:0.12666666666666668
ProviderTest:0.12666666666666668
MixScopeTest:0.12666666666666668
InitMethodTest:0.12333333333333334
MiscTest:0.12
FullTypeTest:0.10666666666666667
ScopeTest:0.08666666666666667
ProxettaAwarePetiteContainer:0.06333333333333334
