QedeqBoFormalLogicChecker:0.36333333333333334
ModuleVisitor:0.35
AbstractModuleVisitor:0.35
QedeqBoFactory:0.31333333333333335
CheckQedeqBo:0.30666666666666664
QedeqNotNullTransverser:0.22
