SamplesUtil:0.7886111111111112
MultiplePublishersWithFragmentation:0.30527777777777776
