Frame:0.48333333333333334
Template:0.4166666666666667
Location:0.39
CtrlLoader:0.2608333333333333
TermDerivationTest:0.24666666666666667
RecipeTest:0.24666666666666667
MultiSwitch:0.19666666666666666
TemplateBuildTest:0.16666666666666666
AtomTerm:0.15
IfTerm:0.15
OrTerm:0.14666666666666667
AutomatonBuildTest:0.13333333333333333
SeqTerm:0.07
StarTerm:0.07
