BaseSet:0.47333333333333333
PyType:0.33
Generic:0.2633333333333333
PySet:0.26
PyJavaType:0.21666666666666667
PyFrozenSet:0.20666666666666667
ListTest:0.19805555555555557
PySetInJavaTest:0.03666666666666667
