GameState:0.5930555555555557
Game:0.44
Rout:0.4066666666666667
