ThrowStatement:0.6933333333333334
TypeCastExpressionNode:0.4533333333333333
