Field:0.6733333333333333
Factory:0.5966666666666667
JooqUtil:0.3
jOOQTest:0.28
AbstractField:0.23666666666666666
jOOQAbstractTest:0.23333333333333334
