HelpSystem:0.5087425
HelpContext:0.043018732
