DB:0.47
DBTest:0.33
DatabaseAdministration:0.2
FindUserOperation:0.07
RemoveUserOperation:0.04666666666666667
DatabaseAcceptanceTest:0.03666666666666667
InsertUserOperation:0.02666666666666667
ReplaceUserOperation:0.02666666666666667
DatabaseAdministrationImpl:0.016666666666666666
