Table:0.7466666666666667
TableUtils:0.34
SemanticReference:0.30333333333333334
Entity:0.24
TableAbstract:0.2
BusinessModel:0.19333333333333333
