JolieDocCommandLineParser:0.5633333333333334
HtmlDocumentCreator:0.35
JolieDoc:0.20666666666666667
