LuceneIndexManager:0.45
IndexDefinition:0.41733333333333333
QueryResult:0.4116666666666667
DefaultIndexDefinition:0.23
LuceneSearch:0.22333333333333333
IndexedCorpus:0.08333333333333333
