FilmBox:0.6233333333333333
FilmSession:0.5133333333333333
PrintScpService:0.38
FilmSessionService:0.26
PrinterService:0.24666666666666667
PrinterServiceMBean:0.15833333333333333
FilmBoxService:0.13666666666666666
ImageBoxService:0.08
