GwtTeamingMessages:0.7208333333333333
ModifyGroupDlg:0.4216666666666667
GwtServerHelper:0.36
