GAMEAdapter:0.7566666666666667
CORBAAdapter:0.6133333333333333
