ClientMapProxy:0.6266666666666667
ClientNearCacheTest:0.43666666666666665
