Compiler:0.58
CompilerServiceImpl:0.58
HopCompiler:0.25333333333333335
SodbeansAudioListener:0.07333333333333333
