Host:0.6166666666666667
Connection:0.4266666666666667
ConnectionEngine:0.2733333333333333
HandshakeStatus:0.22
DownloadEngine:0.18
IncomingConnectionDispatcher:0.11666666666666667
BrowseHostConnection:0.04666666666666667
