NetworkTab:0.5733333333333334
CopyMyIpAction:0.4766666666666667
