Builder:0.5
SQLExecutor:0.37333333333333335
CreateAlterTableStatementAnalyzerTest:0.31
SysNodesExpressionsTest:0.25
InsertPlannerTest:0.23333333333333334
GroupByPlannerTest:0.23
TableDefinitions:0.20277777777777778
TestingDocTableInfoFactory:0.19333333333333333
JobContextServiceTest:0.18666666666666668
RoutingBuilderTest:0.17333333333333334
