MWLManagerBeanTest:0.5
MWLItemBean:0.34
StudyBean:0.30666666666666664
InstanceBean:0.30666666666666664
PatientBean:0.23333333333333334
SeriesBean:0.23333333333333334
