StoredGrammarView:0.5733333333333334
SystemStore:0.5694999999999999
DefaultFileSystemStore:0.4666666666666667
DefaultArchiveSystemStore:0.32666666666666666
ControlTest:0.21777777777777782
