RepositoryMessage:0.5766666666666667
ConfigMessage:0.35
ClassUtil:0.3466666666666667
RepositoryMessageTest:0.30333333333333334
