RecyclerView:0.41333333333333333
ScrollView:0.36666666666666664
ExpandableRecyclerView:0.3566666666666667
HorizontalScrollView:0.35333333333333333
ViewPager:0.27
