StructureResonanceGenerator:0.6616666666666666
StructureResonanceGeneratorTest:0.6533333333333333
