ServerMapItem:0.71
ServerMapSourceWidget:0.56
MapItemRendererFactory:0.5133333333333333
ServerMapItemList:0.5066666666666667
MapItemsRenderer:0.48
ServerComUtilities:0.4166666666666667
JFXPainterUtils:0.4166666666666667
RendererFactory:0.39466666666666667
RefItem:0.36666666666666664
ClientMessageConstructor:0.35333333333333333
SwingUnprojectedMapItemRenderer:0.3272804232804233
JFXUnprojectedMapItemRenderer:0.3272804232804233
ServerXMLObjectAttribute:0.31333333333333335
EditorLayer:0.29
ARINCMapGrid:0.28
AbstractMapItem:0.28
ARINCMapVertItems:0.2733333333333333
ServerWidgetsHandler:0.26
WidgetsRefHandler:0.25666666666666665
AbstractMapItemList:0.25333333333333335
MapItemRenderer:0.25
MutuExclRenderer:0.24666666666666667
ARINCMapHorzItems:0.23666666666666666
MessageDecoder:0.22333333333333333
SwingGraphicalProperties:0.22305555555555553
JFXLineSegmentRenderer:0.22
AbstractMapSource:0.20666666666666667
ParsedWidget:0.20666666666666667
PopUpMenuRenderer:0.20555555555555555
JFXLegendRenderer:0.19833333333333333
PicturePushButtonRenderer:0.19666666666666666
ServerWrapperDensityTest:0.19666666666666666
SwingProjectedMapItemRenderer:0.19333333333333333
DefaultARINCUtils:0.19
AbstractServerEngine:0.19
MapItemsPaneRenderer:0.18666666666666668
MapSourceRenderer:0.18333333333333332
AbstractMapRenderer:0.18333333333333332
AbstractJFXProjectedMapItemRenderer:0.18
ARINCScrollListTest:0.1757222222222222
ARINCPopUpMenuTest:0.1757222222222222
ARINCPopUpMenuButtonTest:0.1757222222222222
JFXMapItemRenderer:0.1736111111111111
MapVertRenderer:0.17333333333333334
MapHorzRenderer:0.17333333333333334
JFXTriangleEndDoubleRenderer:0.16666666666666666
JFXTriangleEndRenderer:0.16666666666666666
ClientComUtilities:0.16333333333333333
AbstractMapItemRendererFactory:0.15666666666666668
MouseEventHandler:0.1522222222222222
JFXEditorOpenDFTest:0.14666666666666667
MapItemListRenderer:0.14
SwingPolygonContext:0.13666666666666666
ARINCPopUpMenuSupp2Test:0.13333333333333333
ARINCPopUpMenuButtonSupp2Test:0.13333333333333333
ARINCScrollListSupp2Test:0.13333333333333333
SwingMapItemRendererFactory:0.13
JFXTriangleSegmentDoubleRenderer:0.12666666666666668
JFXTriangleSegmentRenderer:0.12
JFXLineArcRenderer:0.11833333333333333
BooleanValue:0.11666666666666667
ShortValue:0.11666666666666667
JFXMapItemRendererFactory:0.11666666666666667
JFXSymbolGenericRenderer:0.11
ClientWidgetsRefHandlerTest:0.10666666666666667
AbstractSwingProjectedMapItemRenderer:0.10666666666666667
JFXSymbolRotatedRenderer:0.09666666666666666
JFXSymbolTargetRenderer:0.09666666666666666
CellValue:0.09333333333333334
JFXSymbolOvalRenderer:0.09333333333333334
TriangleSegmentRenderer:0.09333333333333334
JFXSymbolCircleRenderer:0.08666666666666667
StringValue:0.08
LongValue:0.08
JFXDrawLineToCursorRenderer:0.07666666666666666
JFXSymbolRectangleRenderer:0.07666666666666666
JFXSymbolRunwayRenderer:0.07666666666666666
LegendRenderer:0.06555555555555556
ParsedExtension:0.06449206349206348
ProtocolInputDecoder_9Supp5Test:0.06
ProtocolInputDecoder_9Supp3Test:0.06
CharValue:0.056666666666666664
FloatValue:0.056666666666666664
LongLongValue:0.05277777777777778
ClientWidgetsRefHandler5Test:0.04666666666666667
JFXFilledPolyStartRenderer:0.03666666666666667
JFXPopupMenuTest:0.03333333333333333
JFXProjectedMapItemRenderer:0.02666666666666667
JFXLineStartRenderer:0.013333333333333334
ItemStyleRenderer:0.0
AbstractJFXMapItemRenderer:0.0
