ExecutionPhasesTask:0.49333333333333335
ESDeleteTask:0.3822222222222222
UpsertByIdTask:0.3333333333333333
NoopTask:0.20333333333333334
