TreeContextMenu:0.5766666666666667
SpecificitiesResult:0.20666666666666667
SpecificitiesPresentation:0.13
CooccurrenceServiceAsync:0.06333333333333334
CooccurrenceService:0.06333333333333334
