MobileDevicesViewSpec:0.655
GwtServerHelper:0.3855555555555556
GwtViewHelper:0.27666666666666667
MobileDevicesView:0.25333333333333335
ManageMobileDevicesDlg:0.21777777777777782
