JFXServerWrapper:0.49
JFXServerGUI:0.43666666666666665
StandAloneWindowServerGUI:0.19661111111111113
AbstractServerGUI:0.185
ServerGUI:0.18166666666666667
StandAloneServerGUI:0.14416666666666667
JFXWindowServerGUI:0.10333333333333333
AbstractJFXServerGUI:0.09333333333333334
JFXStandaloneServerGUI:0.05
