Posix:0.5633333333333334
AsynchronousCloseMonitor:0.3255317460317461
