VersionForm:0.5666666666666667
ComponentForm:0.5666666666666667
EditVersionFormAction:0.18666666666666668
EditComponentFormAction:0.18666666666666668
