DefaultBroadcaster:0.5733333333333334
BroadcasterConfig:0.49333333333333335
PerRequestBroadcastFilter:0.37666666666666665
JavascriptClientFilter:0.13666666666666666
