PostgresReverseEngineeringStrategy:0.33
Entry:0.2603888888888889
JGoodiesTableLayout:0.21666666666666667
ModelItemProperties:0.13
NullsafeSpinnerModel:0.12666666666666668
ScaffoldingWrapper:0.013333333333333334
