Record:0.8440873015873016
AbstractRecord:0.44388888888888883
RecordTests:0.33666666666666667
