ZooKeeperMasterModel:0.36666666666666664
RolloutOptions:0.36333333333333334
Builder:0.32666666666666666
RollingUpdateCommandTest:0.32
DeploymentGroupTest:0.1
RollingUpdateCommand:0.09333333333333334
