Checkout:0.68
ShoppingCartResult:0.37333333333333335
ShoppingCartController:0.3433333333333333
