RetryWithHttpsEntryPoint:0.4033333333333333
ChannelDecisionManagerImpl:0.27666666666666667
ChannelProcessingFilter:0.21333333333333335
ChannelProcessingFilterTests:0.16666666666666666
RetryWithHttpEntryPointTests:0.13
RetryWithHttpsEntryPointTests:0.13
RetryWithHttpEntryPoint:0.12666666666666668
ChannelDecisionManagerImplTests:0.11666666666666667
InsecureChannelRequiredException:0.08
