CMap:0.5566666666666666
TransactionImpl:0.34
TransactionRecord:0.214
LifecycleServiceImpl:0.2111111111111111
MPut:0.2006666666666667
MapStoreWrapper:0.19
