GroupInfoPlus:0.5633333333333334
EventHelper:0.4238888888888889
