WifiActivity:0.5766666666666667
NetworkUtil:0.4033333333333333
WifiReceiver:0.31
WifiResultHandler:0.26
