SparkTrainingStats:0.6033333333333334
EventStats:0.44095634920634924
TestTrainingStatsCollection:0.33666666666666667
ParameterAveragingTrainingWorkerStats:0.25333333333333335
BaseEventStats:0.22333333333333333
CommonSparkTrainingStats:0.20666666666666667
ParameterAveragingTrainingMasterStats:0.20333333333333334
ExampleCountEventStats:0.04
