LuceneDocCollector:0.4666666666666667
LuceneDocCollectorTest:0.33
ShardCollectService:0.32
LuceneDocCollectorBenchmark:0.24666666666666667
ShardCollectSource:0.09
