GeometryTools:0.8366666666666667
ControllerHub:0.6566666666666666
