DateHelper:0.7766666666666666
DateHelperTest:0.3333333333333333
PredicatesTest:0.21
