OgnlExpression:0.44666666666666666
OgnlExpressionParserTests:0.37333333333333335
DefaultMappingContext:0.30666666666666664
ELExpressionParser:0.30333333333333334
GenericConversionService:0.28
DefaultMapperTests:0.24333333333333335
DefaultMapper:0.21333333333333335
OgnlExpressionParser:0.18333333333333332
TestBean:0.11
ConversionService:0.013333333333333334
