Params:0.6666666666666666
BinaryJedisCommands:0.3596666666666667
BinaryValuesCommandsTest:0.2733333333333333
PipelineBase:0.26666666666666666
Client:0.26416666666666666
BinaryClient:0.25666666666666665
BinaryShardedJedis:0.25666666666666665
AllKindOfValuesCommandsTest:0.21666666666666667
BinaryJedis:0.18333333333333332
