SQLPersistenceManagerImpl:0.55
ServerRequestContext:0.4266666666666667
RegistryObjectDAO:0.3441666666666667
