ClassInfo:0.39666666666666667
MethodInfo:0.3933333333333333
RETURN:0.2633333333333333
TSVM:0.21666666666666667
InvokeInstruction:0.20333333333333334
Instruction:0.2
FieldInstruction:0.18333333333333332
GETFIELD:0.13666666666666666
ReturnInstruction:0.12
INVOKECG:0.10333333333333333
ALOAD:0.09
CodeBuilder:0.08333333333333333
