BaseTest:0.4766666666666667
ParserATNSimulator:0.35
DefaultErrorStrategy:0.3358333333333333
ANTLRErrorStrategy:0.31133333333333335
TestR:0.20547619047619048
TestRig:0.17666666666666667
ANTLRErrorListener:0.013333333333333334
