AtmosphereRequest:0.66
AtmosphereResponse:0.4033333333333333
AsynchronousProcessor:0.2633333333333333
DefaultWebSocketProcessor:0.22
TomcatWebSocketUtil:0.11666666666666667
JettyWebSocketUtil:0.11333333333333333
