Ssh:0.5133333333333333
Sshv2:0.27
PageSequenceMonitorTest:0.23666666666666666
OtrsTicketerPluginTest:0.20277777777777775
SshTest:0.17666666666666667
SafeHtmlUtil:0.13
Sshv1:0.12666666666666668
JschSshMonitor:0.07666666666666666
SshMonitor:0.043333333333333335
SshException:0.02666666666666667
AbstractPoll:0.023333333333333334
