JPPFConfiguration:0.32666666666666666
JPPFNode:0.30333333333333334
TestJPPFJobSLA:0.29333333333333333
ServerJobBroadcast:0.27666666666666667
PolicyParser:0.26666666666666666
JPPFNodeAdmin:0.24666666666666667
TestJPPFClient:0.23666666666666666
DriverJobManagement:0.21916666666666668
TestJPPFSerialization:0.20166666666666666
AbstractNonStandardSetup:0.15333333333333332
TestConnectionPool:0.14333333333333334
TestScriptedPolicy:0.1322222222222222
ConnectionPoolRunner:0.10666666666666667
ProxySettingTask:0.09333333333333334
JPPFTestRunner:0.09166666666666666
TestJPPFConfiguration:0.0
