Person:0.49
LightUtilityVehicle:0.37
Mining:0.30666666666666664
MineSite:0.27666666666666667
MissionManager:0.19083333333333333
JUnitTests:0.11333333333333333
LUVDisplayInfoBean:0.11333333333333333
