Expression:0.4633333333333333
ColumnMatchDataRouter:0.32666666666666666
TokenConstants:0.2567063492063492
ColumnMatchDataRouterTest:0.18
