SWDownloadSegment:0.7716666666666666
SWDownloadWorker:0.2866666666666667
