DataStore:0.54
SerialDataStore:0.32666666666666666
TestPersist:0.29
JDBCDataStore:0.24666666666666667
MainFrame:0.21666666666666667
OracleDataStore:0.21333333333333335
Factory:0.21166666666666667
AccessControllerImpl:0.19666666666666666
DBHelper:0.16333333333333333
AccessController:0.13753968253968255
SaveToAction:0.09
