DestAddress:0.5166666666666667
NetworkManager:0.4533333333333333
IpAddress:0.45
Host:0.41333333333333333
QueryResponseRecord:0.4083333333333333
Search:0.4066666666666667
PresentationManager:0.38666666666666666
CaughtHostsContainer:0.38
PhexSecurityManager:0.37333333333333335
NetworkListener:0.3678333333333333
AddressUtils:0.3566666666666667
CaughtHost:0.35
UploadState:0.3433333333333333
NetworkHostsContainer:0.34
SWDownloadCandidate:0.33
UploadManager:0.3
AlternateLocationContainer:0.2866666666666667
QueryHitHost:0.2833333333333333
GUIActionPerformer:0.28
AlternateLocation:0.27666666666666667
MsgPong:0.2733333333333333
GGEPExtension:0.24333333333333335
DefaultSocketFacade:0.23166666666666666
SearchContainer:0.23
QueryResultMonitor:0.23
GWebCacheContainer:0.23
FavoritesContainer:0.22333333333333333
UdpHostCacheContainer:0.22
UdpHostCache:0.21666666666666667
UploadEngine:0.21666666666666667
URLUtil:0.21666666666666667
MsgQueryResponse:0.21666666666666667
SWDownloadFile:0.21555555555555553
DownloadEngine:0.20666666666666667
GGEPBlock:0.20333333333333334
OIOSocketFactory:0.20333333333333334
ConnectionEngine:0.20333333333333334
ShareFile:0.19699999999999998
MsgManager:0.19088888888888889
ShareManager:0.18866666666666665
ChatManager:0.18666666666666668
HandshakeHandler:0.18333333333333332
TestMsgManager:0.18333333333333332
HorizonTracker:0.18
GWebCacheConnection:0.17333333333333334
UdpMessageEngine:0.16333333333333333
TestAlternateLocation:0.16166666666666665
IncomingConnectionDispatcher:0.16
OIOServer:0.15
TestIPAccessRule:0.15
ConnectNetworkAction:0.13833333333333334
DisconnectNetworkAction:0.13833333333333334
BrowseHostResults:0.13333333333333333
NIOSocketFactory:0.13333333333333333
NIOServer:0.13333333333333333
PushRequestSleeper:0.13333333333333333
TestHostAddress:0.13
TestCatchedHostCache:0.12666666666666668
ChatEngine:0.12333333333333334
Reciever:0.12083333333333333
SlotHostComparator:0.12083333333333333
ConnectToHostHandler:0.12
CatchedHostCache:0.12
GWebCacheManager:0.11666666666666667
MsgPushRequest:0.11666666666666667
PushProxyAcknowledgementVMsg:0.11666666666666667
CopyMyIpAction:0.11
AutoConnectHostsListModel:0.11
UpdateGWebCacheTimer:0.10666666666666667
UdpConnectionManager:0.10666666666666667
IPCounter:0.10666666666666667
TestMsgQueryResponse:0.10333333333333333
TestDownload:0.10333333333333333
AddToFavoritesAction:0.09666666666666666
HostAddressComparator:0.09666666666666666
TestSWDownloadCandidate:0.09666666666666666
BanHostAction:0.09666666666666666
PushHandler:0.09666666666666666
OutgoingConnectionDispatcher:0.09
UdpGuidRoutingTable:0.09
HostAddressCellRenderer:0.09
UdpMsgQueue:0.09
FavoritesListRenderer:0.08666666666666667
SharedFilesPipeFiller:0.07666666666666666
FavoriteHost:0.07
AddToFavoritesHostAction:0.07
DefaultPresentationManager:0.06416666666666666
IPChangedListener:0.05
IPUtils:0.04666666666666667
BrowseHostConnection:0.045
ConnectionFactory:0.03666666666666667
UpdateGWebCacheRunner:0.03333333333333333
QueueElement:0.028333333333333332
