Filter:0.4866666666666667
Root:0.42333333333333334
PostDiscoveryFilterStub:0.36333333333333334
DiscoveryFilterStub:0.32666666666666666
DiscoveryFilter:0.14666666666666667
