ClassReloadingStrategy:0.6333333333333333
ClassReloadingStrategyTest:0.32666666666666666
AgentAttachmentRule:0.19333333333333333
NoOpStatement:0.14666666666666667
