MemberStateImpl:0.575
TimedMemberState:0.43666666666666665
ClassData:0.35
DeployClassesMessageTask:0.22666666666666666
ObjectNamespaceSerializationHelper:0.2
PutResultOperation:0.19666666666666666
