ModelInstance:0.5766666666666667
Model:0.5366666666666666
Node:0.51
