KerasLayerTest:0.5966666666666667
KerasConvolution1D:0.43611111111111106
KerasLayerUtils:0.2966666666666667
