HttpTest:0.6877777777777778
ClientConnection:0.4266666666666667
