JUMPConfiguration:0.6933333333333334
OpenJumpConfiguration:0.44333333333333336
CloneWindowPlugIn:0.11666666666666667
