Flyway:0.5833333333333334
MetaDataTable:0.5766666666666667
PostgreSQLMigrationMediumTest:0.34
DbMigrate:0.33
PostgreSQLDbSupport:0.23
TransactionTemplate:0.22333333333333333
DbClean:0.21666666666666667
DbSupport:0.19666666666666666
FlywaySmallTest:0.18666666666666668
MetaDataTableImpl:0.18333333333333332
DbRepair:0.16666666666666666
DbValidate:0.15666666666666668
DbBaseline:0.15666666666666668
PostgreSQLTable:0.14333333333333334
DbSchemas:0.12
JdbcTemplate:0.08
Command:0.07888888888888888
