NettyClientStream:0.3933333333333333
Utils:0.36333333333333334
NettyClientStreamTest:0.29
NettyClientTransport:0.20333333333333334
GrpcUtil:0.20333333333333334
NettyClientStreamImpl:0.13
HeadersBenchmark:0.11333333333333333
