TransportSQLActionTest:0.3566666666666667
DocIndexMetaDataTest:0.34
LuceneDocCollector:0.3
DocSysColumns:0.26985714285714296
CollectorContext:0.15285714285714286
FileReadingCollectorTest:0.14
CollectorFieldsVisitor:0.126
ESSearchTask:0.12333333333333334
