RegionMaker:0.52
SSATransform:0.4066666666666667
TestNestedLoops3:0.16666666666666666
