BinderDescriptionRpcResponseData:0.37
GwtTeamingMessages:0.31666666666666665
SaveBinderRegionStateCmd:0.2633333333333333
DescriptionPanel:0.25333333333333335
GwtRpcServiceImpl:0.22444444444444447
GwtViewHelper:0.22
GwtServerHelper:0.194
GetBinderRegionStateCmd:0.05
