OpenIdValidateController:0.6
AbstractServiceValidateController:0.4166666666666667
OpenIdConfiguration:0.41
OpenIdServiceResponseBuilder:0.31666666666666665
