Fields:0.59
UntrackedFields:0.4880555555555555
TestUntrackedFieldJPF:0.3933333333333333
UntrackedDynamicArea:0.3
UntrackedStaticArea:0.3
TestUntrackedField:0.29333333333333333
CollapsingRestorer:0.2633333333333333
KernelState:0.21666666666666667
UntrackedDynamicFields:0.17333333333333334
UntrackedStaticFields:0.17333333333333334
UntrackedArrayFields:0.17
UntrackedFieldsFactory:0.01
UntrackedCollapsingRestorer:0.006666666666666667
