HtmlElement:0.5166666666666667
ClickableElementTest:0.31
HtmlAnchor:0.25
HtmlOption:0.21666666666666667
HtmlButton:0.21
HtmlCheckBoxInput:0.19333333333333333
HtmlRadioButtonInput:0.18333333333333332
HtmlArea:0.13333333333333333
HtmlImage:0.09333333333333334
HtmlSubmitInput:0.09333333333333334
HtmlImageInput:0.09
HtmlResetInput:0.01
