ProjectWrapper:0.6066666666666667
IdleThreadQueueClient:0.48
WorkerThread:0.33922222222222215
