EjbcaWSTest:0.47
EjbcaWSHelper:0.41
CommonEjbcaWS:0.30333333333333334
EjbcaWsCommonCriteriaTest:0.23333333333333334
