PeerDiscovery:0.8166666666666667
PeerGroup:0.5266666666666666
PeerGroupTest:0.23
DnsDiscovery:0.23
IrcDiscovery:0.22
PrintPeers:0.20333333333333334
SeedPeers:0.16111111111111112
SeedPeersTest:0.12666666666666668
