Generate:0.7866666666666666
Generator:0.7733333333333333
JavaGenerator:0.42
GenerationTool:0.2644444444444445
AbstractGenerator:0.22333333333333333
