Window:0.6066666666666667
Event:0.4033333333333333
Window2Test:0.24666666666666667
