EllipticCurveProvider:0.7666666666666667
EllipticCurveSigner:0.36333333333333334
EllipticCurveSignatureValidator:0.35
