ExtractStreamHandler:0.3566666666666667
BootstrapService:0.3566666666666667
DataExtractorService:0.33666666666666667
SymmetricManagementService:0.3
ConfigurationService:0.22333333333333333
IConfigurationService:0.14416666666666667
DataService:0.14
IDataExtractorService:0.09166666666666666
IDataService:0.03
