Commands:0.43333333333333335
PipelineBlock:0.3566666666666667
Pipeline:0.3566666666666667
