MemberState:0.8566666666666667
MemberStateImpl:0.49
TimedMemberStateFactory:0.18333333333333332
