Utils:0.48333333333333334
AbstractRecord:0.39666666666666667
DefaultDSLContext:0.28
ResultImpl:0.25
TableRecordImpl:0.22
UpdatableRecordImpl:0.20666666666666667
DAOImpl:0.19333333333333333
AbstractStoreQuery:0.18666666666666668
Value0:0.16666666666666666
TransferRecordState:0.1
