TarEntryHeader:0.4122222222222222
TarEntrySupplicant:0.4122222222222222
TarReader:0.36333333333333334
DbBackup:0.23666666666666666
TarGenerator:0.23666666666666666
