Holder:0.6533333333333333
ButtonTypeConverter:0.4533333333333333
