Name:0.51
DSLContext:0.49366666666666664
DSL:0.4866666666666667
WithImpl:0.33666666666666667
NameImpl:0.3333333333333333
DefaultDSLContext:0.27
WithStep:0.23666666666666666
DerivedColumnListImpl:0.19
