MultiLayerNetwork:0.6533333333333333
BackTrackLineSearch:0.42333333333333334
BackTrackLineSearchTest:0.37333333333333335
LBFGS:0.21722222222222223
