DcmObjectImpl:0.6233333333333333
DcmObjectFactoryImpl:0.4033333333333333
DcmRcvFSU:0.37
