NodeHandler:0.4866666666666667
OptionsHandler:0.2833333333333333
JobData:0.20166666666666666
NodeRefreshTask:0.16411111111111112
JPPFSplash:0.15
TreeTableCellRenderer:0.12666666666666668
