LabelAwareIterator:0.5133333333333333
ParallelTransformerIterator:0.2633333333333333
DocumentIteratorConverter:0.24666666666666667
BasicLabelAwareIterator:0.23777777777777775
FileLabelAwareIterator:0.23777777777777775
TokenizerThread:0.235
BasicTransformerIterator:0.22983333333333333
ParallelTransformerIteratorTest:0.22333333333333333
SimpleLabelAwareIterator:0.22166666666666668
SentenceIteratorConverter:0.22166666666666668
FilenamesLabelAwareIterator:0.22166666666666668
AsyncIterator:0.22083333333333333
SentenceTransformer:0.20833333333333334
AsyncLabelAwareIterator:0.19
VectorCalculationsThread:0.15416666666666667
ReaderThread:0.15416666666666667
ParagraphVectorsTest:0.13
SequenceTransformer:0.0
