UserAccess:0.83
UserAccessBean:0.45
Role:0.31
UserAccessService:0.23
RoleListPanel:0.21333333333333335
JNDIUtils:0.20333333333333334
UserListPanel:0.17333333333333334
AddRoleForm:0.15666666666666668
