ALC11:0.6791269841269841
OpenALInfo:0.44333333333333336
