KuwaibaWebservice:0.7133333333333334
BackendBean:0.5733333333333334
