GzipExample:0.5633333333333334
GzipUtils:0.4188888888888889
GzipTest:0.36
