Executor:0.5
PictureToggleButtonRenderer:0.45166666666666666
AbstractFXMLRenderer:0.3363888888888889
