DB:0.51
DBCollection:0.48333333333333334
DBCollectionTest:0.21666666666666667
HasFieldsMatcher:0.16
DBTest:0.09
DBObjectMatchers:0.016666666666666666
HasSubdocumentMatcher:0.01
