Main:0.44666666666666666
MetaDataTableRowDumper:0.39666666666666667
AbstractFlywayTask:0.3
StatusTask:0.24
StatusMojo:0.14333333333333334
MavenLargeTest:0.12666666666666668
