Collections:0.47
Seq:0.43
IndexedSeq:0.32531746031746034
List:0.30333333333333334
CharSeqTest:0.2633333333333333
Stream:0.26
LinearSeq:0.23476190476190475
Stack:0.2280952380952381
Queue:0.21
Vector:0.19333333333333333
AbstractSeqTest:0.17666666666666667
CharSeq:0.17
Array:0.15333333333333332
