jOOQAbstractTest:0.5991666666666666
SQLiteFactory:0.5506111111111112
InsertQueryImpl:0.30666666666666664
