IUPnPAccess:0.6766666666666666
Saros:0.36666666666666664
ConfigurationSettingsWizardPage:0.3333333333333333
IBytestreamConnectionListener:0.2652380952380952
PreferenceUtils:0.26
DataTransferManager:0.24333333333333335
ImageManager:0.235
AdvancedPreferencePage:0.21666666666666667
UPnPManager:0.21
UPnPTest:0.15333333333333332
FileMediaManager:0.14333333333333334
ConfigurationSummaryWizardPage:0.12666666666666668
UPnPUIUtils:0.08129629629629628
StunHelper:0.07666666666666666
PreferenceConstants:0.07
ConfigurationWizard:0.04666666666666667
NetworkingUtils:0.04
PreferenceInitializer:0.01
UPnPAccessWeupnp:0.006666666666666667
