TestDataProvider:0.5666666666666667
ServerActivateAndVisible3Test:0.4166666666666667
EmbedClientConfigOutputTest:0.31333333333333335
UACDSEmbedClientStatefulOutputTest:0.2966666666666667
JFXUACDSEmbedClientStatefulTest:0.18666666666666668
