StopStartSecondSubscriberTest:0.6466666666666666
TermBufferLengthTest:0.19333333333333333
SystemTestHelper:0.19333333333333333
