MetaObject:0.4083333333333333
BeanWrapper:0.29333333333333333
MapWrapper:0.2866666666666667
MetaObjectTest:0.22333333333333333
CacheBuilder:0.22
SqlMapSessionImpl:0.21
DefaultMapResultHandler:0.20666666666666667
BaseExecutor:0.2
DefaultSqlSession:0.19
DbcpConfiguration:0.18666666666666668
ConditionalTagHandler:0.13666666666666666
SimpleDynamicSql:0.12333333333333334
IterateTagHandler:0.10666666666666667
UnpooledDataSourceFactory:0.1
IsEmptyTagHandler:0.07666666666666666
IsPropertyAvailableTagHandler:0.07666666666666666
IsNullTagHandler:0.07666666666666666
