ObjectFactory:0.46
Certificate:0.42333333333333334
EjbcaWS:0.31337301587301586
IEjbcaWS:0.31337301587301586
PKCS10ReqCommand:0.25666666666666665
CommonEjbcaWSTest:0.21333333333333335
TestEjbcaWS:0.18
CertificateResponse:0.06666666666666667
Pkcs10Request:0.06333333333333334
CertificateHelper:0.02
Pkcs10RequestResponse:0.0
