TransportClientNodesService:0.41
Headers:0.26
SimpleNodeSampler:0.17333333333333334
SniffNodesSampler:0.17333333333333334
TestIteration:0.14
AssertingActionListener:0.13944444444444445
InternalTransportService:0.1211111111111111
AbstractClientHeadersTests:0.10666666666666667
TransportClientHeadersTests:0.01
