MailModule:0.6133333333333333
MailModuleImpl:0.35
SAbstractController:0.27666666666666667
Notify:0.23666666666666666
WebKeys:0.15333333333333332
TreeBuilder:0.13405555555555557
ViewEntryController:0.13333333333333333
AbstractActionHandler:0.11333333333333333
ViewDefinitionXmlController:0.10333333333333333
ModifyEntryController:0.08333333333333333
AddEntryController:0.08333333333333333
SAbstractForumController:0.05
DefaultFailedEmail:0.04666666666666667
ViewController:0.043333333333333335
FailedEmail:0.025833333333333333
MimeHelper:0.023333333333333334
MimeMessagePreparator:0.006666666666666667
