PrinterServiceMBean:0.5533333333333333
PrintScpServiceMBean:0.5296666666666667
PrinterService:0.4633333333333333
ScannerCalibration:0.4266666666666667
PrinterCalibration:0.2833333333333333
PrintScpService:0.27666666666666667
FilmSessionService:0.25
FilmBoxService:0.19666666666666666
