ObjectViewTopComponent:0.5066666666666667
ChildrenViewScene:0.47
CreateMultipleBusinessObjectAction:0.25666666666666665
SDHModuleScene:0.25333333333333335
SDHModuleActionsFactory:0.21222222222222223
SelectableConnectionWidget:0.15666666666666668
ExportScenePanel:0.14583333333333334
SelectableNodeWidget:0.14
ShowObjectViewAction:0.006666666666666667
