MockedSXETransmitter:0.6633333333333333
PanningToolEntry:0.3466666666666667
SXENetworkMock:0.2649365079365079
