EmailPublisherTest:0.5111111111111111
HTMLEmailPublisherTest:0.40166666666666667
LinkEmailPublisherTest:0.23666666666666666
