Config:0.8416666666666667
HelpMenu:0.24666666666666667
