ServerXMLDFHandler:0.6133333333333333
ServerBinaryDFHandler:0.38333333333333336
EditorXMLDFHandler:0.285
