UnitGroup:0.39
Vehicle:0.38
Infantry:0.3422222222222222
WeaponGroup:0.32
Game:0.31333333333333335
InfantryGroup:0.30666666666666664
HexControl:0.19
FireSmallArms:0.17333333333333334
Rout:0.17333333333333334
SquadLeaderGUI:0.17
OrderBusinessRules:0.16666666666666666
MoveMultiple:0.16333333333333333
FireMachineGuns:0.16333333333333333
FireUnits:0.16
LeaderGroup:0.13666666666666666
FireMachineGunsTest:0.11
FireOnlyPlayer:0.10666666666666667
