HistoryEntryTest:0.5416666666666666
AnnotationTest:0.3433333333333333
SearchTest:0.21666666666666667
