NDArray:0.6766666666666666
NDArrays:0.4766666666666667
ArrayUtil:0.39
ComplexNDArray:0.35333333333333333
BaseNDArrayFactory:0.22
NDArrayTests:0.18666666666666668
RBMTest:0.08
LossFunctions:0.03666666666666667
