MyLayouter:0.5566666666666666
ShapeJModel:0.5064444444444445
ShapeJGraph:0.26
