SyncResult:0.5466666666666666
TreeLayout:0.3333333333333333
CiscoVlansSynchronizer:0.28
IPSynchronizer:0.28
ProcessManagerComponent:0.144484126984127
SyncRunnerService:0.09666666666666666
