Suggestion:0.9033333333333333
XContentHelper:0.55
Suggest:0.5133333333333333
SuggestTests:0.07666666666666666
