NavigatorWindow:0.6333333333333333
TimeWindow:0.20666666666666667
SoundWindow:0.11333333333333333
MissionWindow:0.11333333333333333
