OcrUtils:0.7666666666666667
OcrHelper:0.17444444444444446
