CsvLoader:0.4
DataLoaderService:0.3233333333333333
TransactionalLoadDelegate:0.29111111111111115
SimpleIntegrationTest:0.24666666666666667
StatisticNameConstants:0.19061111111111112
