ExecutionService:0.6866666666666666
MapService:0.49333333333333335
MapContainer:0.3466666666666667
ClusterServiceImpl:0.32666666666666666
PartitionReplicaVersions:0.30444444444444446
Migrator:0.30111111111111116
PartitionServiceImpl:0.2833333333333333
LockServiceImpl:0.2733333333333333
ExecutionServiceImpl:0.25
BackupMigrationTask:0.24
OperationServiceImpl:0.23
MigrationThread:0.2101111111111111
MapStoreTest:0.20666666666666667
QueueService:0.18666666666666668
InvocationImpl:0.18666666666666668
LocalPartitionListener:0.16333333333333333
ReplicaSyncEntryProcessor:0.14833333333333334
Merger:0.115
RepartitioningTask:0.11166666666666666
SyncReplicaVersionTask:0.1075
NoDuplicateMapStore:0.03
