Builder:0.4766666666666667
RealWebSocket:0.3233333333333333
RealWebSocketTest:0.3233333333333333
OkHttpClient:0.2966666666666667
MockWebServer:0.22
WebSocketHttpTest:0.195
OkHttpClientTest:0.12444444444444443
PingRunnable:0.09305555555555556
TestStreams:0.05166666666666667
