OJOsmReader:0.6433333333333333
LoadOSMFilePlugIn:0.39
OjOsmRelation:0.29
OjOsmRelationMember:0.23666666666666666
