Part:0.41333333333333333
MultipartBody:0.3566666666666667
PartBase:0.19666666666666666
FilePart:0.18666666666666668
StringPart:0.13666666666666666
AbstractFilePart:0.11666666666666667
ByteArrayPart:0.07
