ApplicationEntityManager:0.6663888888888889
ApplicationEntityManagerImpl:0.48333333333333334
Util:0.3933333333333333
WebserviceBeanRemote:0.27166666666666667
WebserviceBean:0.27
KuwaibaService:0.16333333333333333
