BaseMethodHandler:0.45666666666666667
Logger:0.4033333333333333
ObserverHandler:0.22333333333333333
LoggerTest:0.21
JavaLogger:0.15666666666666668
SynchronousMethodHandler:0.11
NoOpLogger:0.1
Factory:0.06
ErrorLogger:0.0
