Person:0.7083333333333334
RelationshipManager:0.49666666666666665
