ScalableNumberFormatter:0.62
ColorFormatter:0.4766666666666667
SVGOutputFormat:0.26666666666666666
AbstractAttributeEditorHandler:0.24
PaletteFormattedTextFieldUI:0.21
PaletteLookAndFeel:0.19666666666666666
FillToolBar:0.15
StrokeToolBar:0.15
AttributeAction:0.14666666666666667
FigureToolBar:0.13666666666666666
FigureAttributeEditorHandler:0.12333333333333334
FontToolBar:0.11333333333333333
CanvasToolBar:0.10666666666666667
HandleAttributeKeys:0.0
