AndroidTexture:0.3566666666666667
LwjglApplication:0.3333333333333333
SpriteBatch:0.32
LwjglNativesLoader:0.2
