HtmlImage:0.6466666666666666
HTMLImageElement2Test:0.41333333333333333
HTMLImageElement:0.35333333333333333
