Robolectric:0.7933333333333333
ShadowApplication:0.5441666666666667
ShadowBluetoothAdapter:0.35333333333333333
