QueryManager:0.61
Query:0.5533333333333333
SessionSupplier:0.4061666666666667
TestQueryRunnerUtil:0.23333333333333334
TestMetadataManager:0.21666666666666667
SqlQueryManager:0.18
