WebResponse:0.4633333333333333
HtmlPage:0.4033333333333333
WebClient:0.37333333333333335
InMemory:0.3186190476190476
OnFile:0.26
HttpWebConnection:0.23
SgmlPage:0.22
TopLevelWindow:0.22
UnexpectedPage:0.14666666666666667
BinaryPage:0.14666666666666667
JavaScriptPage:0.14666666666666667
TextPage:0.14666666666666667
WebResponseData:0.12
DownloadedContent:0.11666666666666667
