HelloControllerTest:0.5432936507936508
HelloControllerIT:0.5432936507936508
