GraphConverter:0.435
JbpmExecutionLogic:0.4066666666666667
JbpmCommonLogic:0.20666666666666667
