SecurityRule:0.6561111111111111
IPAccessRule:0.39666666666666667
