ArchiveUtils:0.7733333333333333
ArchiveUtilsTest:0.35333333333333333
StatisticsTracker:0.35
AbstractTracker:0.31666666666666665
