Config:0.5133333333333333
FeatureEditorDialog:0.43
Transcript:0.42
ApolloPanel:0.37333333333333335
ScrollableTierView:0.2833333333333333
CommentEditPanel:0.2833333333333333
StrandedZoomableApolloPanel:0.26
ApolloFrame:0.24666666666666667
AnnotationView:0.24666666666666667
DrawableSeqFeature:0.23666666666666666
TranscriptEditPanel:0.21
BaseFineEditor:0.19111111111111112
TierMenu:0.18333333333333332
AnnotationMenu:0.17833333333333334
FlyNameAdapter:0.15333333333333332
RightClickActionListener:0.09333333333333334
