Editor:0.5477777777777777
TextFieldWidget:0.4766666666666667
ChoiceWidget:0.36666666666666664
