FunctionListBuilder:0.42
FunctionRegistry:0.4166666666666667
ReflectionParametricScalar:0.3933333333333333
FunctionAssertions:0.2633333333333333
AbstractTestFunctions:0.23955555555555558
TestFunctionRegistry:0.20333333333333334
MLFunctionFactory:0.11333333333333333
TeradataFunctionFactory:0.11333333333333333
MongoFunctionFactory:0.11333333333333333
