LdapAuthenticationProperties:0.4766666666666667
Beans:0.35333333333333333
Ldap:0.3333333333333333
ManagementWebappProperties:0.27666666666666667
CasManagementLdapAuthorizationConfiguration:0.21
CasLdapUserDetailsManagerConfigurer:0.19577777777777777
CasWebApplicationSecurityConfiguration:0.17333333333333334
