Kuwaiba:0.7933333333333333
InvalidSessionException:0.43333333333333335
