HiveClientConfig:0.6722222222222223
HiveMetadata:0.2866666666666667
HiveSplitManager:0.22666666666666666
TestHiveClientConfig:0.19666666666666666
HivePageSourceProvider:0.17
