AWTUtil:0.5422222222222222
MacOSXDisplay:0.45555555555555555
AbstractAWTInput:0.4033333333333333
