JdbcPlayerSummaryDao:0.37666666666666665
FixedLengthImportJobFunctionalTests:0.29333333333333333
JdbcGameDaoIntegrationTests:0.24666666666666667
JobExecutionNotificationPublisherTests:0.09
OrderTransformerTests:0.09
