HTMLOptionElement:0.5533333333333333
HTMLSelectElement:0.4222222222222222
HTMLOptionsCollection:0.305
