Shape:0.6233333333333333
MaterialiseEdge:0.41
Materialisation:0.29333333333333333
TestMaterialisation:0.13666666666666666
