Model:0.72
PropertyTableModel:0.6139444444444444
AbstractPropertyTableModel:0.25666666666666665
InstallShortcuts:0.24333333333333335
