Default:0.6266666666666667
TypeWriterDefaultTest:0.49666666666666665
Latent:0.3516666666666667
