TimedMemberStateFactory:0.39666666666666667
MapService:0.3933333333333333
MultiMapService:0.31333333333333335
QueueService:0.31
TopicService:0.24666666666666667
DistributedExecutorService:0.24666666666666667
