MadvocConfig:0.8766666666666667
ActionMethodParserTest:0.2866666666666667
ActionsManagerTest:0.26666666666666666
ActionPathMacroManager:0.25333333333333335
