MvcView:0.54
TransitionableState:0.3233333333333333
FormatterBackedConversionExecutor:0.29333333333333333
TransitionableStateDefinition:0.2585555555555555
