TypeGraph:0.4866666666666667
TypeNode:0.45666666666666667
RuleLabel:0.36333333333333334
TypeLabel:0.31
Level2:0.30333333333333334
GrammarModel:0.2733333333333333
RelabelDialog:0.26
TypeModel:0.25
AspectJVertex:0.23833333333333334
GraphGrammar:0.23666666666666666
RegAut:0.22777777777777777
Condition:0.22666666666666666
LabelTree:0.22666666666666666
MatrixAutomaton:0.22333333333333333
MyCellRenderer:0.20333333333333334
RuleDependencies:0.19666666666666666
SelectColorAction:0.19333333333333333
PlanData:0.19333333333333333
Level4:0.18833333333333332
CompositeTypeModel:0.18333333333333332
JaxbGxlIO:0.18
AutomatonTest:0.17666666666666667
SimulatorAction:0.17666666666666667
NodeTypeSearchItem:0.17642857142857143
AspectJGraph:0.16666666666666666
TypeFactory:0.16
RegAutCalculator:0.15666666666666668
RelabelGrammarAction:0.14
Level3:0.14
RegExprEdgeSearchItem:0.1308730158730159
EncodedEdgeMap:0.09166666666666666
Predicate_composite_type_graph:0.08
