ConfigurationProcessorTests:0.64
DummyFactory:0.6333333333333333
AspectJConfigurationProcessorTests:0.31333333333333335
ConfigurationPostProcessorTests:0.25666666666666665
ConfigurationScanningBeanDefinitionReaderTests:0.14
SpringAopConfigurationProcessorTests:0.09666666666666666
GetterInvocationFindingClassVisitorTests:0.043666666666666666
Person:0.04
J2eeHelperTests:0.03333333333333333
BeanFindingClassScanningBeanDefinitionReaderTests:0.02666666666666667
HibernateTests:0.02611111111111111
TestConfiguration:0.0
ClassWithInvalidDependencies:0.0
