TransportSQLActionClassLifecycleTest:0.66
IsNullPredicate:0.32666666666666666
NotPredicate:0.25
PredicateModule:0.22
Resolver:0.21333333333333335
