Doc_Invoice:0.39666666666666667
Doc_Allocation:0.33
Doc_Cash:0.19333333333333333
Doc_Movement:0.19333333333333333
Doc_Payment:0.19333333333333333
Doc_InOut:0.19333333333333333
Doc_Perception:0.18666666666666668
Doc_RetentionStatement:0.15333333333333332
Doc_BOEStatement:0.15333333333333332
