EditorAPI:0.4633333333333333
EditorManager:0.41333333333333333
Saros:0.32666666666666666
SharedProject:0.29
SharedDocumentProvider:0.2633333333333333
IEditorAPI:0.2633333333333333
PacketExtensionUtils:0.2633333333333333
IncomingInvitationProcess:0.24666666666666667
SessionManager:0.21666666666666667
ISessionManager:0.205
InvitationDialog:0.19
XMPPConnectionListener:0.18333333333333332
EditorPool:0.16833333333333333
SarosUI:0.16666666666666666
ConsistencyWatchdogClient:0.16642857142857143
ChecksumExtension:0.15333333333333332
ConsistencyWatchdogHandler:0.15333333333333332
SharedProjectListener:0.14416666666666667
ContributionAnnotationManager:0.12666666666666668
JDTFacade:0.10666666666666667
SelectionAnnotation:0.10333333333333333
SarosAnnotation:0.1
ViewportAnnotation:0.09666666666666666
ContributionAnnotation:0.09333333333333334
IJDTSupport:0.07
LeaveHandler:0.056666666666666664
RequestForActivityHandler:0.056666666666666664
CDTFacade:0.043333333333333335
UserListHandler:0.043333333333333335
CDTSupport:0.03
JDTSupport:0.03
ICDTSupport:0.02
