HtmlElement:0.8166666666666667
AttrTest:0.37666666666666665
