FlowExecutionKeyStateHolder:0.49333333333333335
FlowPhaseListener:0.33
AbstractConversationFlowExecutionRepository:0.29333333333333333
FlowNavigationHandler:0.2633333333333333
