ReferenceConfig:0.6633333333333333
ServiceConfig:0.46
ConfigTest:0.4
AbstractConfig:0.29333333333333333
