JPPFRequestHeader:0.5261111111111112
JPPFStats:0.37
JPPFPolicy:0.22666666666666666
SocketInitializer:0.21666666666666667
JPPFStatsUpdater:0.20333333333333334
OptionsPanel:0.16
ApplicationConnection:0.14
JPPFColorScheme:0.13666666666666666
TiledImageWatermark:0.13
JPPFClient:0.11666666666666667
MatrixRunner:0.11333333333333333
MonitoringPanel:0.09666666666666666
JPPFQueue:0.08333333333333333
JPPFTheme:0.056666666666666664
