GreenLabGrowthSinkPanel:0.7669444444444444
GreenLabGeometryPanel:0.4519444444444445
