HibernateSessionFactory:0.5366666666666666
WorkflowBot:0.45666666666666667
HibernateSessionGuardFilter:0.23
CachingLogicInterceptor:0.12
