ParcelableAnalysis:0.36
ParcelableAnalysisTest:0.33666666666666667
ConstructorReference:0.09416666666666666
Converter:0.07712301587301587
FieldSerialization:0.05888888888888889
ConstructorSerialization:0.056666666666666664
MissingGetter:0.056666666666666664
MissingSetter:0.056666666666666664
Basic:0.04
BasicTransient:0.04
Target:0.020833333333333332
