X509CA:0.6366666666666667
CaTestCase:0.4533333333333333
CAsTest:0.32666666666666666
