GwtInputTest:0.4866666666666667
ShapeRenderer:0.4472222222222222
GwtTestStarter:0.21666666666666667
