FingerprinterTest:0.33
AllRingsFinderTest:0.31
SmilesGenerator:0.29333333333333333
MoleculeFactory:0.2733333333333333
Fingerprinter:0.25333333333333335
CanonicalLabeler:0.20666666666666667
InvPair:0.20333333333333334
CDKTests:0.18333333333333332
SmilesGeneratorTest:0.16
ElementFactory:0.13333333333333333
BrokenBond:0.10333333333333333
Primes:0.03222222222222222
AromaticityCalculator:0.02
