AELicenseProvider:0.7366666666666667
AELicenseProviderSPI:0.6166666666666667
NOPLicenseProvider:0.31333333333333335
MainPage:0.23
