CodeList:0.3466666666666667
AxisDirection:0.32787301587301587
PixelOrientation:0.2918730158730159
Obligation:0.2918730158730159
MediumName:0.2918730158730159
SurfaceInterpolation:0.2918730158730159
CurveInterpolation:0.2918730158730159
OnLineFunction:0.2918730158730159
ImagingCondition:0.2918730158730159
MediumFormat:0.2918730158730159
SampleDimensionType:0.2918730158730159
ValueInBytePacking:0.2918730158730159
Datatype:0.2918730158730159
PixelInCell:0.2918730158730159
ColorInterpretation:0.2918730158730159
SplineCurveForm:0.2918730158730159
TopologyLevel:0.2918730158730159
VerticalDatumType:0.2918730158730159
Classification:0.2918730158730159
KnotType:0.2918730158730159
MaintenanceFrequency:0.2918730158730159
PresentationForm:0.2918730158730159
CoverageContentType:0.2918730158730159
DateType:0.2918730158730159
DimensionNameType:0.2918730158730159
EvaluationMethodType:0.2918730158730159
SpatialRepresentationType:0.2918730158730159
KeywordType:0.2918730158730159
CellGeometry:0.2918730158730159
ByteInValuePacking:0.2918730158730159
Progress:0.2918730158730159
ScopeCode:0.2918730158730159
GeometricObjectType:0.2918730158730159
TopicCategory:0.2918730158730159
Role:0.2918730158730159
Restriction:0.2918730158730159
PaletteInterpretation:0.2918730158730159
