AuthenticationModulesTest:0.4033333333333333
EndEntityCertificateAuthenticationModule:0.3566666666666667
RevocationMessageHandler:0.31
CmpTestCase:0.2866666666666667
BaseCmpMessageHandler:0.28
CrmfMessageHandler:0.2
ConfirmationMessageHandler:0.13666666666666666
CrmfRARequestTest:0.04666666666666667
