DownloadManager:0.5966666666666667
DownloadSchedulers:0.46
SingleTaskActivity:0.37666666666666665
IDownloadSchedulers:0.12
