Uploads:0.36666666666666664
AbstractPathView:0.2633333333333333
AllAttrInjector:0.17333333333333334
CheckSession:0.14416666666666667
SessionAttrInjector:0.14416666666666667
