CollectNode:0.7933333333333333
LocalDataCollectOperation:0.47333333333333333
SimpleShardCollectFuture:0.14
CollectNodeTest:0.03333333333333333
