BSHScriptExecutor:0.6966666666666667
GroovyExpressionValidator:0.4166666666666667
BSHExpressionValidator:0.2844444444444445
