FileResource:0.65
BinderResource:0.32
ContainerResource:0.2733333333333333
SharedWithMeResource:0.24333333333333335
