Location2Test:0.5533333333333333
HtmlFileInput2Test:0.45666666666666667
HTMLEmbedElement:0.25333333333333335
