LineSegmentRenderer:0.5333333333333333
AbstractMapItemRenderer:0.27666666666666667
LineArcRenderer:0.27666666666666667
DrawLineToCursorRenderer:0.18
SymbolOvalRenderer:0.11
SymbolRectangleRenderer:0.11
SymbolCircleRenderer:0.11
