RelationPlan:0.43333333333333335
TranslationMap:0.38333333333333336
SubqueryPlanner:0.36666666666666664
RelationPlanner:0.29333333333333333
QueryPlanner:0.27666666666666667
