NewMaterial:0.71
Model:0.4766666666666667
JsonModelLoader:0.3433333333333333
ModelData:0.06888888888888889
