HttpClient:0.6028333333333333
OkHttpHttpClient:0.35333333333333333
OAuthService:0.21333333333333335
OAuthAsyncCompletionHandler:0.17777777777777778
