TreeMap:0.41
HashMap:0.38666666666666666
Seq:0.33
Tree:0.30333333333333334
TreeSet:0.29
IntMap:0.27555555555555555
TraversableOnce:0.25333333333333335
HashSet:0.20694444444444446
