ThreadContext:0.4866666666666667
DirectResponseChannel:0.27
AbstractSimpleTransportTestCase:0.25833333333333336
ThreadContextStruct:0.24888888888888885
ContextRestoreResponseHandler:0.22333333333333333
ContextPreservingListener:0.21
ContextPreservingAbstractRunnable:0.1988888888888889
AsyncBulkByScrollActionTests:0.18
ContextPreservingRunnable:0.15333333333333332
ThreadContextTests:0.11333333333333333
ClusterStateObserver:0.10333333333333333
