ProfileDao:0.8
ProfileModule:0.77
ProfileModuleImpl:0.39666666666666667
ManageGroupPrincipalsController:0.31666666666666665
ProfileDaoImpl:0.27
