HttpWebConnection:0.7527777777777778
HttpWebConnection2Test:0.30333333333333334
