AbstractTriggerTemplate:0.49916666666666665
TriggerRouter:0.49333333333333335
MsSqlTriggerTemplate:0.07194444444444444
SybaseTriggerTemplate:0.05861111111111111
