Transaction:0.47333333333333333
ChadoAdapter:0.31
ChadoAdapterGUI:0.31
JdbcChadoAdapter:0.2866666666666667
GAMEAdapter:0.27
AnnotationChangeLog:0.23444444444444448
TransactionOperation:0.22666666666666666
FlyNameAdapter:0.21666666666666667
DefaultNameAdapter:0.19666666666666666
FeatureChangeEvent:0.17666666666666667
FlybaseWrite:0.06666666666666667
