KerasLayer:0.54
KerasLayerUtils:0.44
KerasRegularizerUtils:0.25
ConvolutionLayerSetupTest:0.22333333333333333
CNNGradientCheckTest:0.13333333333333333
KerasLayerConfiguration:0.006666666666666667
Keras1LayerConfiguration:0.0
Keras2LayerConfiguration:0.0
