Deployment:0.7333333333333333
VerticleFactory:0.35
DeploymentManager:0.27
VertxImpl:0.24666666666666667
JavaVerticleFactory:0.23426767676767676
TestVerticleFactory:0.22
ComplexHATest:0.19333333333333333
HAManager:0.188
VerticleFactoryTest:0.18666666666666668
HATest:0.18333333333333332
DeploymentImpl:0.16
HttpRequestStreamTest:0.11
