MemberStatusAdapter:0.7389444444444444
SequencerAgent:0.3233333333333333
MemberStatusPublisher:0.31666666666666665
