CDKMultipleResourcesAction:0.6433333333333333
AtomTypeAction:0.5166666666666667
GesteigerPEPEPartialChargesAction:0.18666666666666668
