BinderHelper:0.4522222222222223
FixupFolderDefsThread:0.43666666666666665
ConfigureController:0.30666666666666664
FixupFolderDefsResults:0.2733333333333333
FixupFolderDefsException:0.06666666666666667
WebKeys:0.04666666666666667
