MasterActor:0.6533333333333333
LogisticRegression:0.25666666666666665
ActorNetworkRunner:0.20333333333333334
WorkerActor:0.19666666666666666
BatchActor:0.19333333333333336
NeuralNetworkOptimizer:0.18
MultiLayerNetworkOptimizer:0.11666666666666667
