ConfigurationEnhancer:0.6466666666666666
ConfigurationClass:0.6266666666666667
ExternalBeanMethod:0.34
BeanDefinitionRegisteringConfigurationModelRenderer:0.2111111111111111
JavaConfigApplicationContext:0.16666666666666666
ConfigurationEnhancingBeanFactoryPostProcessor:0.13666666666666666
BeanDefinitionRegisteringConfigurationModelRendererTests:0.11
ConfigurationEnhancingBeanFactoryPostProcessorTests:0.04666666666666667
CglibConfigurationEnhancer:0.03
