EditServiceManagedBean:0.4066666666666667
BaseEmailNotifyingWorkerType:0.33
UserPasswordExpireWorker:0.2677777777777778
RenewCAWorker:0.2677777777777778
CertificateExpirationNotifierWorker:0.23333333333333334
BaseWorkerType:0.23
CreateCRLSessionBean:0.23
CRLUpdateWorker:0.21333333333333335
BaseWorker:0.20333333333333334
