HazelcastExpiryPolicy:0.42837301587301585
AbstractCacheRecordStore:0.41333333333333333
AbstractHazelcastCacheManager:0.4033333333333333
AbstractCacheService:0.3233333333333333
ClientListenerServiceImpl:0.30666666666666664
ICacheService:0.2732777777777778
CacheEntryProcessorEntry:0.2487777777777778
CacheReplicationOperation:0.19666666666666666
CacheDataSerializerHook:0.1691111111111111
