Reaction:0.827611111111111
SimpleSpeciesReference:0.3383333333333333
