RubyScriptStructureBuilder:0.49333333333333335
RubyCore:0.34305555555555556
RubyParser:0.3333333333333333
RubyProject:0.22333333333333333
RubyScript:0.19333333333333333
TaskParser:0.16166666666666665
RubyDocumentProvider:0.14916666666666667
Util:0.13277777777777777
WorkQueue:0.06
RubyBuilder:0.016666666666666666
