Caffeine:0.39
BoundedLocalCache:0.37666666666666665
AsyncLoadingCacheTest:0.33666666666666667
CacheContext:0.32
CaffeineTest:0.3
LocalCache:0.257
LocalLoadingCache:0.21888888888888886
UnboundedLocalCache:0.18166666666666667
CaffeineCacheFromContext:0.11333333333333333
