ActivityTextUtils:0.4666666666666667
ActivityDialog:0.44333333333333336
ActivityCreateQRCode:0.36
ActivityMain:0.22666666666666666
