InfoSetUtil:0.41
XDSPerformanceLogger:0.33
XDSbSourceService:0.32666666666666666
XDSbRepositoryService:0.29333333333333333
