ReflectionUtils:0.8233333333333334
ReflectionUtilsTests:0.4
DiscoverySelectors:0.34
ExternalTestDataSource:0.3075
MethodArgumentsProviderTests:0.17
MethodArgumentsProvider:0.13666666666666666
