ChronicleMapBuilderI:0.5122222222222222
VanillaChronicleMap:0.34
Segment:0.31
SerializationBuilder:0.27666666666666667
ChronicleMapBuilder:0.2733333333333333
ReplicatedChronicleMap:0.26666666666666666
OnHeapUpdatableChronicleMapBuilder:0.25333333333333335
AbstractChronicleMapBuilder:0.25
BGChronicleTest:0.24333333333333335
OffHeapUpdatableChronicleMapBuilder:0.22666666666666666
SimpleBytesReader:0.22
BytesReaders:0.03
