Strings:0.51
EntityHolder:0.39
SimpleDaoTest:0.25666666666666665
DaoSupport:0.23333333333333334
JdbcExpertConfigFile:0.23
StringsTest:0.22333333333333333
JsonTest:0.1
DynamicEntityParsingTest:0.03
