Element:0.64
Label:0.6033333333333334
BMFontUtil:0.16666666666666666
