InternalKeyBindingMgmtTest:0.7633333333333333
TraceLogMethodsRule:0.18666666666666668
