PublisherCreateOperation:0.7166666666666667
ReadAndResetAccumulatorOperation:0.47333333333333333
NodeQueryCacheEndToEndConstructor:0.2633333333333333
QueryCacheMapWideEventsTest:0.2
