CertTools:0.5333333333333333
UserDataVO:0.5133333333333333
EjbcaWS:0.29
UserAdminSessionBean:0.23666666666666666
