AdminModule:0.7455555555555555
IndexNode:0.5066666666666667
ManageSearchNodesController:0.28
BaseAdminModule:0.2582777777777778
