JComponentPrinter:0.5533333333333333
DocumentEditor:0.5255555555555556
PrintAction:0.30666666666666664
