ArrayStack:0.4116666666666667
ArrayList:0.39
ArrayQueue:0.3616666666666667
DataStructures:0.35333333333333333
BinaryHeapArray:0.35
Node:0.30666666666666664
BinaryHeapTree:0.2633333333333333
JavaCompatibleBinaryHeapTree:0.16666666666666666
JavaCompatibleRadixTrieMap:0.14
JavaCompatibleTrieMap:0.14
JavaCompatibleBinaryHeapArray:0.13
