BindingUtil:0.3416666666666667
Mirror:0.32666666666666666
GeneratedTypeElement:0.3233333333333333
NativeType:0.31333333333333335
ElementUtil:0.30666666666666664
PointerType:0.3
TypeUtil:0.27666666666666667
BindingConverter:0.24111111111111114
