ElementBuilder:0.6183333333333333
FormRenderer:0.45666666666666667
ElementScript:0.33666666666666667
