InnerExpressionAnalyzer:0.5033333333333333
ExpressionAnalyzerTest:0.31
SingleRowSubselectAnalyzerTest:0.25333333333333335
SubSelectIntegrationTest:0.10533333333333333
