WebFlowNavigationStrategy:0.8333333333333334
WebFlowNavigationHandler:0.32666666666666666
