SimpleClob:0.5933333333333334
MysqlJdbcExpert:0.27666666666666667
HsqldbJdbcExpert:0.25333333333333335
ClobValueAdaptor:0.17333333333333334
NutDaoRunner:0.08666666666666667
