RubyTextTools:0.8933333333333333
RubyTemplatePreferencePage:0.49333333333333335
RubySourcePreviewerUpdater:0.09333333333333334
