ExtensionContext:0.8683333333333333
ExtensionContextTests:0.23166666666666666
AbstractExtensionContext:0.16666666666666666
