DelWorkUnit:0.5766666666666667
AuditEventListener:0.37666666666666665
GlobalConfiguration:0.25
