FlowSessionImpl:0.54
FlowExecutionImpl:0.5233333333333333
RequestControlContextImpl:0.3516666666666667
FlowExecutionImplStateRestorer:0.20333333333333334
FlowExecutionImplStateRestorerTests:0.16666666666666666
