GsonConverterFactory:0.6111111111111112
GsonRequestBodyConverter:0.46
GsonConverterFactoryTest:0.19333333333333333
