ConvertedFileModule:0.5997222222222223
LinkUriUtil:0.44666666666666666
ConvertedFileModuleImpl:0.37666666666666665
AbstractFileResource:0.22333333333333333
FileResource:0.20333333333333334
