Carbon:0.6633333333333333
FrameLayout:0.2966666666666667
RelativeLayout:0.2966666666666667
LinearLayout:0.2966666666666667
ProgressBarDrawable:0.24666666666666667
EditText:0.22333333333333333
Button:0.22333333333333333
AnimationsActivity:0.22333333333333333
ImageView:0.22333333333333333
TextView:0.21333333333333335
PopupWindow:0.14333333333333334
MainActivity:0.11333333333333333
