BreakpointActivityProvider:0.2866666666666667
BreakpointResponseActivity:0.23333333333333334
BreakpointRequestActivity:0.23
MyTupel:0.19333333333333333
BreakpointAcknowledgmentActivity:0.19
BreakpointConsumer:0.16666666666666666
SharingBreakpointListener:0.11666666666666667
FileRule:0.11
BreakpointResponseActivityDataObject:0.10666666666666667
BreakpointRequestActivityDataObject:0.1
BreakpointAcknowledgmentDO:0.09666666666666666
BP_HashMap:0.07333333333333333
