DbXmlPolicyDataManager:0.37
FilePolicyDataManager:0.2966666666666667
AttributeFinderConfigUtil:0.27
PolicyManager:0.25666666666666665
MelcoePDPImpl:0.16666666666666666
