UI:0.12077915
MApplication:0.023722658
MSplashScreen:0.021940455
MNotification:0.019231109
