GUIRegistry:0.8166666666666667
GUIRegistryConstants:0.25594227994228
