Task:0.6533333333333333
DataSource:0.6491666666666667
XmlTask:0.2633333333333333
TasksTree:0.22333333333333333
Listener:0.21333333333333335
XmlDataSource:0.21333333333333335
TasksInterface:0.2105952380952381
XmlSave:0.17
XmlParser:0.11833333333333333
SaveAction:0.07333333333333333
StartDateSorter:0.06666666666666667
HideTaskAction:0.05333333333333334
TreePopupMenu:0.05333333333333334
TasksTreeCellRenderer:0.04666666666666667
MainMenuBar:0.01
HiddenTaskFilter:0.0
