ContextCapabilities:0.8066666666666666
NVTransformFeedback:0.06666666666666667
