TestMButton:0.44
TestFlags:0.36666666666666664
TestMLabel:0.3466666666666667
