Editor:0.52
Options:0.45666666666666667
EditorDialog:0.45666666666666667
GraphInfo:0.42
Simulator:0.4033333333333333
DefaultGxl:0.31333333333333335
AspectualViewGps:0.25666666666666665
LayedOutXml:0.22666666666666666
AspectParseData:0.21333333333333335
PropertiesDialog:0.20333333333333334
EditRuleAction:0.14333333333333334
NewGrammarAction:0.12
AbstractXml:0.1
MyMouseListener:0.08333333333333333
StartSimulationAction:0.06333333333333334
EditGraphAction:0.06
DeleteRuleAction:0.04666666666666667
NewRuleAction:0.04
NewGraphAction:0.03666666666666667
