CustomerWithSectionTest:0.779388888888889
LoadImageAction:0.43166666666666664
