ImportDataProcessAction:0.6608333333333334
RemoveConfigurationItemAction:0.3233333333333333
EditConfigurationAction:0.22277777777777777
