WordVectorSerializer:0.68
NearestNeighborsResource:0.23333333333333334
WordVectorSerializerTest:0.22
Word2VecTest:0.13666666666666666
GloveTest:0.1
