Simulator:0.4594444444444444
GraphTab:0.45666666666666667
GraphEditorTab:0.43333333333333335
ResourceTab:0.3333333333333333
TabLabel:0.32
PrologDisplay:0.31
TextArea:0.2966666666666667
ResourceDisplay:0.2733333333333333
TextTab:0.27
DeleteAction:0.2633333333333333
DisplaysPanel:0.20333333333333334
MyDisplayPanel:0.15333333333333332
EditRulePropertiesAction:0.14666666666666667
RelabelGrammarAction:0.13666666666666666
GraphPanel:0.12
