Xml2Latex:0.7433333333333333
Xml2Wiki:0.7433333333333333
