TravelToSettlement:0.44
RandomUtil:0.42
Settlement:0.4166666666666667
UnitManager:0.29333333333333333
