ColorChooserPanel:0.5066666666666667
AbstractSelectionRenderer:0.4877777777777778
SelectionStyllingOptionsPanel:0.4266666666666667
