ResourceLoader:0.6733333333333333
PackageResourceLoader:0.29
DrawableResourceLoaderNoRunnerTest:0.24333333333333335
DrawableResourceLoaderTest:0.21
FakeResourceLoader:0.2
RoutingResourceLoader:0.19333333333333333
DrawableResourceLoader:0.17333333333333334
Converter:0.17333333333333334
OverlayResourceLoader:0.14
XResourceLoader:0.13333333333333333
ColorResourceLoader:0.12
OpaqueFileLoader:0.07
PackageResourceLoaderTest:0.06666666666666667
FileTypedResource:0.06
Image:0.0033333333333333335
