WrappedAggregator:0.59
DeferringBucketCollector:0.41
AggregatorBase:0.37666666666666665
AggregationModule:0.15666666666666668
TransportAggregationModule:0.07666666666666666
