Harvest:0.3566666666666667
GetRecords:0.35
DescribeRecord:0.2866666666666667
Transaction:0.27666666666666667
GetDomain:0.27
AbstractOperation:0.26666666666666666
GetCapabilities:0.21583333333333332
