MarkersMenu:0.38
DefaultTokenHandler:0.36666666666666664
SoftWrapTokenHandler:0.22
RecentFilesMenu:0.12666666666666668
DirectoryMenu:0.09666666666666666
RecentDirectoriesMenu:0.06333333333333334
