GraphJCell:0.68
VisualMap:0.59
GraphJVertex:0.53
AspectJVertex:0.5133333333333333
GraphJEdge:0.5033333333333333
AspectJEdge:0.5
JAttr:0.45
AspectJCell:0.44666666666666666
Options:0.43166666666666664
Shape:0.4130952380952381
AspectJGraph:0.4066666666666667
AspectNode:0.4033333333333333
HTMLConverter:0.4
JGraphFactory:0.3680555555555556
LayoutMap:0.33
GraphJModel:0.33
JEdgeLayout:0.32666666666666666
LabelTree:0.32666666666666666
LTSJVertex:0.32
AspectJModel:0.31666666666666665
TabLabel:0.28833333333333333
JVertexLayout:0.2866666666666667
LTSJGraph:0.27666666666666667
GraphJGraph:0.2733333333333333
ForestLayouter:0.265
JVertexView:0.2633333333333333
LTSJEdge:0.25
LayoutIO:0.25
VisualAttributeMap:0.25
JCellLayout:0.24934126984126975
EquivClassJCell:0.24666666666666667
MyRenderer:0.24333333333333335
ShapeJEdge:0.24
AbstractJaxbGxlIO:0.23
LabelFilter:0.23
CtrlJVertex:0.22666666666666666
LTSJModel:0.22666666666666666
JEdgeView:0.22666666666666666
ListPanel:0.22
LevelNode:0.21666666666666667
AbstractJCell:0.21666666666666667
ShapeJModel:0.21333333333333335
StateGraphPanel:0.21333333333333335
PatternJModel:0.21333333333333335
RefreshListener:0.21333333333333335
VisualValue:0.21250000000000002
LabelValue:0.21
CellRenderer:0.20994444444444446
GraphToTikz:0.20333333333333334
GraphEditorTab:0.20333333333333334
LTSJCell:0.20255555555555557
RealCellEditor:0.2
MouseHandler:0.19666666666666666
PatternJVertex:0.19333333333333333
ExploreAction:0.19333333333333333
PatternJEdge:0.19
AbstractPatternGraph:0.19
GraphTab:0.17333333333333334
GraphPreviewDialog:0.17
CtrlJEdge:0.17
RuleLevelTree:0.17
ShapePreviewDialog:0.16666666666666666
ErrorListPanel:0.16666666666666666
AbstractLayouter:0.16666666666666666
ShapeJVertex:0.16666666666666666
LTSGraphPanel:0.16666666666666666
Attributes:0.16
ShapeJGraph:0.15333333333333332
SearchResultListPanel:0.15
MyLTSListener:0.15
PatternPreviewDialog:0.14666666666666667
CtrlJGraph:0.13666666666666666
MyFactory:0.13
PatternJGraph:0.12333333333333334
SetLineStyleMenu:0.12
RefreshButton:0.11666666666666667
VisibleValue:0.11333333333333333
MyEdgeRenderer:0.11333333333333333
DisplayTreeCellRenderer:0.11333333333333333
RegExprAction:0.11333333333333333
Values:0.1105
GraphJGraphFactory:0.10833333333333334
SetLineStyleAction:0.09666666666666666
AddPointAction:0.09333333333333334
JGraphLayoutCache:0.09
PatternAdornmentValue:0.08666666666666667
JCellEditAction:0.08444444444444445
RemovePointAction:0.08333333333333333
ColorValue:0.08138888888888889
ResetLabelPositionAction:0.06
AspectJCellErrors:0.058333333333333334
ColorSet:0.051666666666666666
ShapeLabelValue:0.04694444444444445
AdornmentValue:0.035
AspectValue:0.029166666666666667
PatternLabelValue:0.013333333333333334
EdgeTargetLabelValue:0.009166666666666667
EdgeSourceLabelValue:0.009166666666666667
ConstantValue:0.006666666666666667
ErrorValue:0.0
