IndexShard:0.52
EngineConfig:0.3933333333333333
Engine:0.36
IndexService:0.35
InternalEngine:0.31333333333333335
MockController:0.2733333333333333
IndexEventListener:0.24144444444444446
ShadowEngine:0.23666666666666666
IndexingMemoryControllerTests:0.20333333333333334
IndexingMemoryController:0.18666666666666668
ClusterModule:0.17
CompositeIndexEventListener:0.16333333333333333
InternalEngineTests:0.16
EngineRefresher:0.13333333333333333
InternalEngineSettingsTests:0.08583333333333333
IndexSearcherWrapperFactory:0.04666666666666667
ShardsIndicesStatusChecker:0.03333333333333333
ShardAndBytesUsed:0.0033333333333333335
