RequestScopeInjector:0.5166666666666667
SessionScopeInjector:0.13
ContextInjector:0.1162777777777778
ServletContextScopeInjector:0.1
ApplicationScopeInjector:0.09333333333333334
MadvocContextScopeInjector:0.056666666666666664
MadvocParamsInjector:0.02
