Rule:0.6733333333333333
MethodName:0.2833333333333333
GrammarModel:0.25666666666666665
RuleModel:0.25666666666666665
SimulatorModel:0.25
GTS:0.22666666666666666
StateDisplay:0.2
DefaultFileSystemStore:0.19333333333333333
RuleApplicationTest:0.17
Fallible:0.16333333333333333
MatchChecker:0.14333333333333334
JavaMatchChecker:0.016666666666666666
GroovyMatchChecker:0.013333333333333334
