AllocateUnassignedDecision:0.51
NodeAllocationResult:0.3977777777777778
ClusterAllocationExplainIT:0.2733333333333333
ShardStoreInfo:0.15666666666666668
PrimaryShardAllocator:0.14805555555555555
