RunRhinoScriptAsJobAction:0.7752777777777778
RunRhinoScriptInThreadAction:0.5703333333333334
