List:0.5166666666666667
Iterator:0.49
AbstractTraversableTest:0.30333333333333334
GroupedIterator:0.21333333333333335
