SchemaTablePrefix:0.5933333333333334
SchemaTableName:0.5933333333333334
SchemaUtil:0.21666666666666667
