PasswordEncoder:0.5233333333333333
HtmlFormUtil:0.4266666666666667
FooFormBean:0.17
