GwtTeamingMessages:0.4205555555555555
ManageMenuPopup:0.38777777777777783
GwtUIHelper:0.37666666666666665
