Utils:0.74
NetworkConnection:0.3111111111111111
Base58:0.24833333333333332
