Reflection:0.5233333333333333
ClassLibInterface:0.36666666666666664
Interface:0.36666666666666664
PendingBuffer:0.36
Inflater:0.3466666666666667
InflaterDynHeader:0.23
Trimmer:0.23
Class:0.21666666666666667
ZipFile:0.19333333333333333
Bootstrapper:0.16666666666666666
DeflaterHuffman:0.16333333333333333
ObjectTraverser:0.15666666666666668
StreamManipulator:0.15666666666666668
InflaterHuffmanTree:0.09333333333333334
OutputWindow:0.08166666666666667
DeflaterConstants:0.05333333333333334
Adler32:0.0
DeflaterPending:0.0
