PojoUtils:0.49333333333333335
Parent:0.31
PojoUtilsTest:0.2966666666666667
CompatibleTypeUtils:0.29444444444444445
