MetaCADContext:0.5333333333333333
EmptyObject:0.3466666666666667
VariableAssignment:0.17333333333333334
MacroObj:0.16
ForObj:0.12333333333333334
