TreeTableModelAdapter:0.6025
AbstractTreeCellRenderer:0.5833333333333334
NodeRenderer:0.21555555555555553
NodeTableCellRenderer:0.14333333333333334
