CodeCharacterLineProcessor:0.4877222222222222
LiteralCharacterProcessor:0.4877222222222222
