StringSetting:0.4766666666666667
CopyStatementAnalyzer:0.42333333333333334
IntSetting:0.4033333333333333
CrateSettingsTest:0.30333333333333334
CrateSettings:0.26666666666666666
