Setting:0.7
ScopedSettingsTests:0.3466666666666667
IndexMetaData:0.33666666666666667
AbstractScopedSettings:0.30333333333333334
SettingTests:0.24
UpdateSettingsIT:0.20333333333333334
FinalSettingPlugin:0.12416666666666666
