SemanticVerifier:0.52
OLParser:0.37333333333333335
JsonUtils:0.24866666666666665
TimeService:0.22
Compiler:0.21533333333333332
FileService:0.21
JolieDoc:0.10733333333333334
JolieDummyCreator:0.09
Jolie2Java:0.08166666666666667
Jolie2Plasma:0.08166666666666667
Jolie2Wsdl:0.08166666666666667
GetSurface:0.08166666666666667
