AdminService:0.5266666666666666
ADTMessageHandler:0.38
TestSender:0.33666666666666667
PIXQueryMessageHandler:0.25333333333333335
ADTPatientUpdateMessageHandler:0.11666666666666667
ADTPatientAddMessageHandler:0.11666666666666667
ADTPatientMergeMessageHandler:0.11666666666666667
