UserQueryService:0.503611111111111
UserMgmtService:0.4866666666666667
ArticleProcessor:0.38666666666666666
