InformationSchemaTest:0.4866666666666667
Columns:0.31316666666666665
SysNodesTableInfo:0.24
NodeStatsTest:0.20666666666666667
NodeOsStatsExpression:0.08666666666666667
