Assert:0.6066666666666667
AssertionTest:0.4666666666666667
MaxCore:0.26777777777777784
Version:0.18
InexactComparisonCriteria:0.15888888888888889
