CameraConfigurationUtils:0.8733333333333333
ZXingTestActivity:0.4
CameraConfigurationManager:0.3316666666666667
