NetworkedNode:0.7533333333333333
ConfigurationChangedDataRouter:0.4
ConfigurationChangedDataRouterTest:0.10666666666666667
