Graph3DBuilder:0.38666666666666666
NeuralNetVisualizationTopComponent:0.32666666666666666
VisualizeDataset3DTopComponent:0.22666666666666666
DatasetHistogram3D:0.2188888888888889
OutputForAttributeSurface3D:0.2188888888888889
ErrorForAttributeSurface3D:0.2188888888888889
OutputSurface3D:0.2188888888888889
ErrorSurface3D:0.2188888888888889
DatasetSurface3D:0.2188888888888889
DatasetScatter3D:0.12666666666666668
