AvgAggregationTest:0.2966666666666667
MinAggregationTest:0.2966666666666667
MaxAggregationTest:0.2966666666666667
SumAggregationTest:0.26
MaxAggregator:0.24133333333333334
MinAggregator:0.24133333333333334
DistinctAggregationTest:0.19666666666666666
CountAggregationTest:0.19666666666666666
