ESTestCase:0.6388888888888888
PatternAnalyzerTests:0.4116666666666667
