MongoContext:0.5433333333333333
UpdateObject:0.48333333333333334
BasicMongoOperationsTest:0.29
SimpleReplacerTest:0.26
