DistributedObjectEvent:0.4666666666666667
ProxyRegistry:0.24
ProxyManager:0.20333333333333334
AddDistributedObjectListenerRequest:0.17333333333333334
AddDistributedObjectListenerMessageTask:0.17333333333333334
ProxyEventProcessor:0.12666666666666668
DistributedObjectEventHandler:0.11333333333333333
DistributedObjectListenerTest:0.05333333333333334
