ANTLRLexer:0.47333333333333333
ANTLRParser:0.4666666666666667
BasicSemanticTriggers:0.41
Grammar:0.265
Tool:0.19333333333333333
SemanticsPipeline:0.11333333333333333
elementOption_return:0.09666666666666666
option_return:0.09666666666666666
BasicSemanticChecks:0.08
GrammarASTAdaptor:0.05333333333333334
DFA1:0.03
