FedoraOAIDriverTest:0.32
SetMembershipTests:0.24333333333333335
SetInfoTests:0.21666666666666667
ListRecordsPermutationTests:0.18
TransientFedoraSession:0.16
SystemConfig:0.15333333333333332
DateCorrectnessTests:0.14
APIMWrapper:0.13666666666666666
LiveSystemTests:0.12666666666666668
FedoraConfig:0.06333333333333334
WrappedClient:0.06027777777777777
LiveTest:0.05333333333333334
