Sorts:0.46
MergeSort:0.4266666666666667
RadixSort:0.38166666666666665
SortsTiming:0.3433333333333333
