Simulator:0.5233333333333333
Options:0.45416666666666655
ProgressBarDialog:0.16666666666666666
PropertiesDialog:0.10333333333333333
FormulaDialog:0.07666666666666666
RuleNameDialog:0.07333333333333333
ReplaceLabelDialog:0.07333333333333333
ErrorDialog:0.05333333333333334
ReplaceLabelAction:0.013333333333333334
