ElementContainer:0.545
EditorLayer:0.52
EditorSymbolTable:0.5
EditorSymbol:0.34
LayerTreeEditor:0.33666666666666667
DefaultBinaryExporter:0.31
EditorSymbolRepresentation:0.3
EditorSymbolCommandTableConstructor:0.27666666666666667
ContainerImpl:0.24666666666666667
DefaultEditorXMLDFHandler:0.24333333333333335
EditorSymbolCommand:0.2322222222222222
SymbolCommandListener:0.21916666666666668
AbstractEditorPanel:0.19666666666666666
AbstractEditorEngine:0.18666666666666668
TreeEditorHelper:0.18333333333333332
SwingEditorPanel:0.17333333333333334
DefaultEditorBinaryDFHandler:0.17
ElementImpl:0.16
ElementContainerImpl:0.15333333333333332
SearchAction:0.14666666666666667
