Qedeq2Utf8Executor:0.4977777777777778
Qedeq2UnicodeTextExecutor:0.38755555555555554
