ReplaySession:0.38333333333333336
RecordingSession:0.35
ArchiveUtil:0.31333333333333335
ControlSession:0.2733333333333333
FailResponseListener:0.22333333333333333
ArchiveConductor:0.22
ArchiveAndReplaySystemTest:0.21666666666666667
RecordingFragmentReader:0.21333333333333335
ImageRecorder:0.2086111111111111
RecordingSessionTest:0.13666666666666666
ListRecordingsSession:0.11333333333333333
TestUtil:0.10277777777777777
ReplaySessionTest:0.04
