User32:0.6819444444444445
User32Test:0.4866666666666667
WinUser:0.016666666666666666
WINDOWPLACEMENT:0.0
