AndroidManifest:0.39
DefaultPackageManager:0.29
RobolectricPackageManager:0.2764285714285714
ShadowContentResolverTest:0.25916666666666666
AndroidManifestTest:0.25
BroadcastReceiverData:0.21666666666666667
ActivityController:0.19666666666666666
ParallelUniverse:0.18166666666666667
MyActivity:0.15
ActivityControllerTest:0.11666666666666667
ContentProviderData:0.09
ConfigAwareActivity:0.023888888888888887
