DataManager:0.5733333333333334
Log:0.53
Aligner:0.26666666666666666
Harvester:0.21666666666666667
