Model:0.5566666666666666
RelationshipsBean:0.24
Move:0.21333333333333335
TimelineViewSettings:0.16
ReferencesBean:0.13333333333333333
TableViewSettings:0.11333333333333333
Commit:0.06333333333333334
Del:0.03
