ViewGroupMviDelegateImpl:0.7566666666666667
LifecycleTestPresenter:0.3222222222222222
