MapTransactionStressTest:0.43
XMLConfigBuilderTest:0.38666666666666666
SetTest:0.31666666666666665
NodeShutdownEventsTest:0.29333333333333333
MultiMapTransactionStressTest:0.23666666666666666
MapLoaderTest:0.1
