WebSocket:0.7166666666666667
WebSocketImpl:0.33
WebSocketServer:0.2733333333333333
WebSocketClient:0.25
WebSocketWorker:0.24
ChatServer:0.19666666666666668
