TransportSQLActionTest:0.44
Planner:0.39666666666666667
TestModule:0.19
PlannerTest:0.14666666666666667
TransportExecutorDDLTest:0.07666666666666666
