StructuredbInstanceManager:0.5833333333333334
StructuredbInstanceManagerTest:0.36666666666666664
AbstractStructuredbInstanceManager:0.32
