ExternalizedFlowRegistrar:0.6111111111111112
FlowRegistrarSupport:0.31777777777777777
