DefaultJSONParser:0.57
DeserializeBeanInfo:0.37333333333333335
FastJsonJsonView:0.28
DefaultExtJSONParserTest:0.2644444444444444
FastJsonHttpMessageConverter:0.24
SimplePropertyPreFilterTest:0.22
ASMClassLoader:0.13
ClassFieldTest:0.09333333333333334
FastJsonHttpMessageConverterTest:0.07333333333333333
DefaultObjectDeserializerTest12:0.04
SerializeConfigTest:0.03333333333333333
FastJsonJsonViewTest:0.02
DateParseTest9:0.013333333333333334
