Cgroup:0.6133333333333333
OsProbe:0.5255555555555556
OsProbeTests:0.21666666666666667
NodeStatsTests:0.15666666666666668
OsStatsTests:0.15
