QueriedSelectRelation:0.39
TestingHelpers:0.33666666666666667
DocTableInfo:0.3233333333333333
ExecutionPhasesTaskTest:0.28
MappingSymbolVisitor:0.16972222222222225
