MultiLayerNetwork:0.5166666666666667
Builder:0.42
BaseLayer:0.27666666666666667
SubsamplingLayer:0.19
MultiLayerTest:0.18666666666666668
ConvolutionLayer:0.18500000000000003
