ResourceLineReader:0.8433333333333334
ResourceLineReaderCommonTests:0.023333333333333334
