BreakpointID:0.3566666666666667
BreakpointActivityProvider:0.3433333333333333
BreakpointConsumer:0.29
BreakpointRequestActivity:0.24333333333333335
BreakpointRequestActivityDataObject:0.23166666666666666
BreakpointResponseActivity:0.22666666666666666
LightweightBreakpointMessageADO:0.22166666666666668
LightweightBreakpointMessage:0.21333333333333335
BreakpointResponseActivityDataObject:0.19666666666666666
SharingBreakpointListener:0.18666666666666668
BP_HashMap:0.17833333333333334
