AclResourceSession:0.5036666666666667
SearchUtils:0.49
BinderModuleImpl:0.38666666666666666
AbstractLuceneReadSession:0.26666666666666666
