XmlFlowRegistrar:0.7333333333333333
XmlFlowRegistryFactoryBean:0.2833333333333333
