CaughtHostsContainer:0.5233333333333333
NetworkTab:0.33
GUIDRoutingTable:0.32
NetworkHostsContainer:0.3198888888888889
BrowseHostResults:0.23461111111111113
MainFrame:0.23305555555555557
Base32:0.22711111111111112
ConnectionEngine:0.17
FileAdministration:0.16666666666666666
DownloadPane:0.15833333333333333
