Coupon:0.44
FloatingRateCoupon:0.3333333333333333
DayCounter:0.3333333333333333
CappedFlooredCoupon:0.29
FixedRateCoupon:0.2336111111111111
Detail:0.22666666666666666
Constants:0.22216666666666668
FloatingLeg:0.13666666666666666
IborCoupon:0.12666666666666668
