GL11:0.5733333333333334
ARBImaging:0.38
ARBTextureCompression:0.3233333333333333
NVVertexProgram:0.30666666666666664
GL13:0.27
TypeInfo:0.2675
GL15:0.26
JavaTypeTranslator:0.25333333333333335
ARBVertexProgram:0.25
EXTVertexShader:0.25
ARBVertexShader:0.25
ARBVertexBlend:0.25
ATIElementArray:0.23666666666666666
ARBMatrixPalette:0.23666666666666666
EXTSecondaryColor:0.23666666666666666
GL12:0.23333333333333334
JNITypeTranslator:0.23
GL14:0.21666666666666667
GL20:0.21
GLTypeMap:0.21
ARBBufferObject:0.2
NativeMethodStubsGenerator:0.1888333333333333
JavaMethodsGenerator:0.18333333333333332
EXTFogCoord:0.14333333333333334
ARB_buffer_object:0.12333333333333334
EXTVertexWeighting:0.12
EXTDrawRangeElements:0.12
