TransportSQLAction:0.4766666666666667
Version:0.46
BlobPlugin:0.36333333333333334
SQLPlugin:0.22666666666666666
SQLModule:0.22416666666666665
