ClientWiredStatelessChronicleMap:0.61
MapWireHandler:0.37333333333333335
ClientWiredStatelessTcpConnectionHub:0.36666666666666664
