SqlProviderTest:0.4266666666666667
ProviderSqlSource:0.35
OurSqlBuilder:0.32666666666666666
