ClientEndpoint:0.7233333333333334
ClientEngineImpl:0.38666666666666666
ClientEndpointImpl:0.37333333333333335
ClientTxnDisconnectionTest:0.27
AbstractListenersOnReconnectTest:0.25333333333333335
ClientServiceTest:0.20666666666666667
GroupProperty:0.19666666666666666
AuthenticationBaseMessageTask:0.17333333333333334
ClientHeartbeatTest:0.16666666666666666
DestroyEndpointTask:0.14666666666666667
ConnectionListenerImpl:0.13333333333333333
OperationInfo:0.03
