LossHandlerTest:0.37666666666666665
Publication:0.3233333333333333
LogBufferPartition:0.29333333333333333
LogBufferDescriptor:0.27666666666666667
ReceiverProxy:0.2733333333333333
LogAppenderTest:0.23
DriverPublication:0.21666666666666667
DriverConnection:0.21
Connection:0.20333333333333334
PublicationTest:0.15
ConnectionTest:0.14666666666666667
SenderProxy:0.13333333333333333
