CDKCiteTaglet:0.7416666666666667
CDKModuleTaglet:0.6576666666666667
