Inventory:0.5166666666666667
AmountResourceStorage:0.36
AmountResourceTypeStorage:0.3433333333333333
AmountResourcePhaseStorage:0.3433333333333333
