EnableCheckFactory:0.5666666666666667
JUMPWorkbenchContext:0.4716666666666667
DefaultInternalFrameCloser:0.20333333333333334
