Database:0.8933333333333333
AbstractDatabase:0.36666666666666664
GenerationTool:0.24111111111111114
AbstractElementContainerDefinition:0.22
