StdOutImpl:0.49531746031746043
NoLoggingImpl:0.49531746031746043
LogFactory:0.38
JakartaCommonsLoggingImpl:0.17
Log4jImpl:0.08
Jdk14LoggingImpl:0.08
Slf4jImpl:0.08
