ConfigurationProcessor:0.7133333333333334
ConfigurationPostProcessor:0.4666666666666667
