DbSupport:0.4866666666666667
H2Schema:0.4
OracleDbSupport:0.36333333333333334
