MossModel:0.5966666666666667
MoSSPanel:0.27
ParametersPage:0.24666666666666667
TableReader:0.20333333333333337
MossWizard:0.15333333333333332
MossTestRunner:0.13
ParametersPage2:0.12
InputPage:0.11
MossFileTestRunner:0.05
