ControllerHub:0.53
ControllerModuleAdapter:0.2733333333333333
AlterBondStereoModule:0.26
AddRingModule:0.24666666666666667
