InferenceObservable:0.6952777777777778
BatchedInferenceObservable:0.43
ParallelInferenceTest:0.2966666666666667
BasicInferenceObservable:0.27
InferenceWorker:0.21
