Advapi32:0.7530555555555555
W32Service:0.4633333333333333
W32ServiceTest:0.2
SERVICE_FAILURE_ACTIONS_FLAG:0.09333333333333334
SERVICE_FAILURE_ACTIONS:0.09333333333333334
