DefaultComponentFinderTest:0.5836666666666667
WindowRecorder:0.39
SimpleApplet:0.23333333333333334
WindowTester:0.2
EventExceptionHandler:0.16244444444444445
