Utils:0.5066666666666667
MaterialViewPagerAnimator:0.49666666666666665
MaterialViewPager:0.24333333333333335
