GeometricMinimizer:0.5955555555555555
ForceField:0.36916666666666664
