Publication:0.6
ExclusiveBufferClaim:0.38333333333333336
ClientConductor:0.31666666666666665
ExclusivePublication:0.23833333333333334
ExclusiveTermAppender:0.2
PublicationTest:0.19666666666666666
