CodeGenerator:0.45
TestActionTranslation:0.36
Target:0.2966666666666667
OutputModelController:0.26666666666666666
CodeGenPipeline:0.12333333333333334
TestLexerAttributes:0.11333333333333333
