Tools:0.8133333333333334
Keywords:0.7016825396825397
