Word2Vec:0.4533333333333333
BaseTextVectorizer:0.33666666666666667
MLLibUtil:0.2966666666666667
FileSentenceIterator:0.18
BagOfWordsVectorizer:0.17666666666666667
