TestBase:0.34944444444444445
OtherEntity:0.24333333333333335
TestEntity:0.14666666666666667
TestLoggerFactory:0.10333333333333333
ContainerWithRefList:0.0
ContainerWithRefInField:0.0
OtherEntityChild:0.0
