ByteBuddyExtension:0.6183333333333333
TransformationAction:0.3288888888888889
ByteBuddyMojo:0.3288888888888889
