ControlView:0.5066666666666667
GCLParser:0.31666666666666665
Simulator:0.31666666666666665
GCLLexer:0.29
GCLBuilder:0.2866666666666667
RuleSystem:0.2825
GCLChecker:0.27666666666666667
ControlTransition:0.2633333333333333
AspectualViewGps:0.24
DefaultGrammarView:0.23666666666666666
AutomatonBuilder:0.21333333333333335
CAPanel:0.185
DFA3:0.18
DoneButtonListener:0.14333333333333334
DFA12:0.03666666666666667
