SelectorBase:0.5966666666666667
WriteHandler:0.5283333333333333
AbstractSelectionHandler:0.29833333333333334
