HttpSecurityBeanDefinitionParserTests:0.49333333333333335
AbstractRememberMeServices:0.4766666666666667
AbstractRememberMeServicesTests:0.25333333333333335
RememberMeBeanDefinitionParser:0.17
