RequestBuilderTest:0.5866666666666667
RequestBuilder:0.53
Helper:0.47333333333333333
RequestFacade:0.18333333333333332
