Form:0.6866666666666666
Bean:0.6733333333333333
ActionTest:0.32
Action:0.21333333333333335
ConverterManager:0.17333333333333334
AbstractArchiveAction:0.15
Mock:0.1425
