ManyToOneRingBuffer:0.725
ManyToOneRingBufferTest:0.43
RecordDescriptor:0.14666666666666667
LogBufferDescriptor:0.09666666666666666
