ContainerFilter:0.6566666666666666
FileResource:0.43
RestInvokingServlet:0.29333333333333333
