MediaComposerService:0.5566666666666666
MakeIsoImageService:0.36666666666666664
DicomDirDOM:0.36333333333333334
LabelCreator:0.20666666666666667
