Builder:0.6366666666666667
NeuralNetConfiguration:0.54
TestOptimizers:0.23666666666666666
MultiLayerTest:0.23
BaseOptimizer:0.18
BackTrackLineSearchTest:0.15666666666666668
TestSparkMultiLayer:0.14
