DefaultNode:0.36666666666666664
AbstractGraph:0.36333333333333334
DefaultEdge:0.3566666666666667
EmptyGraph:0.33
