FieldMapForInsert:0.5191666666666667
MergeImpl:0.3933333333333333
FieldMapsForInsert:0.30333333333333334
VisitContextTest:0.24333333333333335
InsertQueryImpl:0.24
