ResourcePath:0.5133333333333333
ResourceExtractor:0.38666666666666666
AndroidManifest:0.32
ShadowResourcesTest:0.25
RawResourceLoader:0.22
DrawableResourceLoader:0.21305555555555558
DocumentLoader:0.21
TestUtil:0.20666666666666667
PackageResourceLoader:0.16
SdkEnvironment:0.13
RawResourceLoaderTest:0.12666666666666668
ManifestFactoryTest:0.09333333333333334
