ReadWriteLock:0.7033333333333334
URLCodecUtils:0.2866666666666667
