CruiseControlControllerJMXAdaptor:0.8166666666666667
CruiseControlControllerJMXAdaptorTest:0.27666666666666667
