Configuration:0.35333333333333333
DBPathRegistry:0.2833333333333333
PathRegistry:0.2733333333333333
SimplePathRegistry:0.25666666666666665
FileSystemLowlevelStorage:0.22
Test:0.18599999999999997
PathAlgorithm:0.16666666666666666
IPathAlgorithm:0.11922222222222222
TimestampPathAlgorithm:0.02666666666666667
