Console:0.4988888888888889
ProcessRunner:0.39666666666666667
GeneralOptionPane:0.37333333333333335
