HyperSearchResults:0.18044627
SearchAndReplace:0.12376728
HyperSearchOperationNode:0.111307316
HyperSearchFileNode:0.07281448
HyperSearchResult:0.07208511
TextArea:0.058039065
JEditBuffer:0.051209696
jEdit:0.045530237
Buffer:0.043169152
JEditTextArea:0.04125678
SearchMatcher:0.03160933
View:0.030496104
GUIUtilities:0.028990328
Selection:0.026392324
Log:0.020100854
WorkThread:0.019595005
VFSManager:0.018190226
WorkRequest:0.015443026
SearchFileSet:0.0075844233
