GeneralUtils:0.83
Render3DAction:0.22666666666666666
InputAction:0.22333333333333333
CdkwebServlet:0.17
AnalyzeAction:0.16666666666666666
DisplayAction:0.11666666666666667
