FilteredBlock:0.7166666666666667
PartialMerkleTree:0.6266666666666667
FilteredBlockAndPartialMerkleTreeTests:0.33
