UdpDestination:0.5933333333333334
UdpDestinationTest:0.22
Builder:0.20333333333333334
