CustomersTest:0.6044444444444445
CustomersWithSectionTest:0.4766666666666667
