Enhancer:0.66
CallbackFilter:0.5186666666666666
TestEnhancer:0.4472222222222223
