FieldValidatorsWizardPage:0.49666666666666665
TypedUserInputCombo:0.39
ValidatorInfoControl:0.368
ParametersComposite:0.35744444444444445
TimeInputDialog:0.3021904761904761
GroovyParamsComposite:0.12333333333333334
DefaultParamsComposite:0.056666666666666664
DateInputDialog:0.04861111111111111
AbstractDateInputDialog:0.006666666666666667
