DataFrameHandler:0.4766666666666667
Receiver:0.44666666666666666
UnicastReceiverTest:0.32666666666666666
MediaConductorTest:0.2633333333333333
Context:0.15
