VariableWidthBlock:0.43333333333333335
AbstractVariableWidthBlock:0.3233333333333333
VariableWidthBlockEncoding:0.3233333333333333
VariableWidthBlockBuilder:0.32
ServerMainModule:0.19
FixedWidthBlockEncoding:0.16666666666666666
TestingBlockEncodingManager:0.13333333333333333
