MapperService:0.44
DocumentMapperParser:0.20666666666666667
SearchFieldsTests:0.10666666666666667
GetActionTests:0.10666666666666667
SimpleRecoveryLocalGatewayTests:0.10666666666666667
SimpleGetMappingsTests:0.09666666666666666
TTLPercolatorTests:0.07333333333333333
SimpleQueryTests:0.056666666666666664
SimpleChildQuerySearchTests:0.05333333333333334
DefaultSourceMappingTests:0.05333333333333334
