CustomUserTypesOAuth2UserService:0.36666666666666664
OidcUserService:0.36666666666666664
NimbusUserInfoRetriever:0.22
DefaultOAuth2UserService:0.21
UserInfoRetriever:0.14594444444444446
