IStructuredbInstanceManager:0.6483333333333333
ITextAnnotationDao:0.35055555555555556
StructuredbInstanceManager:0.33666666666666667
IStructuredbManager:0.31437301587301586
StructuredbManager:0.2966666666666667
Database:0.2773333333333333
AnnotationUIModel:0.23333333333333334
StructuredbManagerTest:0.11666666666666667
TextAnnotationDao:0.11666666666666667
StructuredbInstanceManagerTest:0.04666666666666667
TextAnnotationDaoTest:0.03
