JSONSerializer:0.49
ParserConfig:0.36
ASMClassLoader:0.35333333333333333
SerializeConfig:0.19333333333333333
Bug_for_lenolix:0.09
