GwtTeamingMessages:0.44166666666666665
GwtServerHelper:0.3
ManageNetFoldersDlg:0.25333333333333335
GwtRpcServiceImpl:0.24
GwtNetFolderHelper:0.23
NetFolder:0.19666666666666666
SyncNetFoldersCmd:0.17
NetFolderNameCell:0.15833333333333333
