SurrogateWebflowEventResolver:0.47333333333333333
SurrogateInitialAuthenticationAction:0.27666666666666667
Ldap:0.2
AbstractPreAndPostProcessingAuthenticationHandler:0.17
SurrogateWebflowEventResolutionConfiguration:0.14666666666666667
LdapSurrogateUsernamePasswordService:0.05333333333333334
