JModel:0.6537777777777779
MyCellRenderer:0.41888888888888887
