OutgoingInvitationProcess:0.37666666666666665
ChatView:0.33666666666666667
PreferenceInitializer:0.27
SessionManager:0.25688888888888894
MultiUserChatManager:0.22666666666666666
MessagingManager:0.20144444444444443
PreferenceConstants:0.10666666666666667
ChatSessionRosterListener:0.09444444444444444
CommunicationNegotiatingManager:0.03333333333333333
CommunicationPreferencePage:0.0033333333333333335
