Planner:0.51
PlannerTest:0.49333333333333335
Visitor:0.20333333333333337
ConsumingPlanner:0.17
ConsumerUtils:0.14666666666666667
