ActionDiscoveryServlet:0.5291666666666667
RolesTest:0.44666666666666666
AddPollerConfigServlet:0.38611111111111107
AddNodesController:0.20333333333333334
