ValueBlock:0.71
UncompressedValueBlock:0.38
MaskedValueBlock:0.33
RunLengthEncodedBlock:0.27
UncompressedCursor:0.22666666666666666
UncompressedBlockStream:0.19
DictionaryEncodedBlock:0.18
DataScan1:0.11333333333333333
DataScan2:0.11333333333333333
BenchmarkGroupBy:0.08333333333333333
BenchmarkHashAggregation:0.08333333333333333
BenchmarkPipelineAggregation:0.08333333333333333
FilteredPositionCursor:0.07333333333333333
