GeneralAppIdDecoder:0.49666666666666665
DecodedNumeric:0.49666666666666665
