ProtocolOcspHttpTest:0.35333333333333333
CaSessionTestBase:0.3466666666666667
CaSessionTest:0.32
OcspJunitHelper:0.2966666666666667
EjbcaWSTest:0.2633333333333333
ProtocolOcspTestBase:0.19666666666666666
EjbcaWsCommonCriteriaTest:0.19333333333333333
CommonEjbcaWS:0.19333333333333333
ValidationAuthorityTst:0.16
CrlStoreServletTest:0.12333333333333334
