AnimatedModel:0.48
SkeletonModel:0.31
KeyframedModel:0.30666666666666664
Model:0.20333333333333334
