ArgType:0.5433333333333333
InsnArg:0.49666666666666665
Typed:0.47
TypedVar:0.46
ExceptionHandler:0.4033333333333333
InsnDecoder:0.2633333333333333
DexNode:0.22666666666666666
RegionGen:0.2
MethodNode:0.19666666666666666
InsnGen:0.18416666666666667
CodeShrinker:0.17333333333333334
ModVisitor:0.17333333333333334
MethodGen:0.14333333333333334
BlockRegState:0.13666666666666666
