RequestMessageUtils:0.5694444444444445
EjbcaWSTest:0.44
CommonEjbcaWS:0.4266666666666667
