RedissonClient:0.54
Redisson:0.48333333333333334
RedissonBucketTest:0.2
RedisCommands:0.014444444444444444
