MBackup:0.45
ConcurrentMapManager:0.43
MPut:0.33666666666666667
MRemove:0.19666666666666666
MGet:0.19633333333333333
MRemoveMulti:0.13666666666666666
MBackupAwareOp:0.11
MPutMulti:0.1
