JavaScriptConfigurationTest:0.7522222222222222
BrowserVersionFeaturesTest:0.3933333333333333
