SecurityRule:0.6541666666666667
SecurityFlowExecutionListener:0.48333333333333334
SecurityRuleTests:0.26
SecurityFlowExecutionListenerTests:0.25666666666666665
