VanillaChronicleMap:0.5716666666666667
ChronicleMapBuilder:0.5466666666666666
