DocumentParser:0.6816666666666666
DynamicMappingTests:0.39
SimpleNumericTests:0.36333333333333334
