WebKeys:0.4700555555555556
BuildDefinitionDivs:0.4
AjaxController:0.36
DefinitionModuleImpl:0.29777777777777775
DisplayConfiguration:0.16
