AbstractServletContextInitializer:0.5766666666666667
GoogleAccountsServiceFactory:0.43
GoogleAccountsServiceTests:0.25
SamlServletContextListener:0.24
OpenIdServletContextListener:0.14333333333333334
GoogleAccountsServiceFactoryTests:0.13333333333333333
