ParcelableDescriptor:0.59
ParcelableAnalysisTest:0.4066666666666667
ParcelableGenerator:0.26666666666666666
ParcelableAnalysis:0.22
