AbstractEndTextDecorated:0.79
EndState:0.35
AddEndNodeFeature:0.31333333333333335
UpdateEndNodeFeature:0.17666666666666667
EndTextDecoration:0.1497222222222222
EndTokenState:0.07
