OctreeInitKernel:0.44666666666666666
SunshineBidirPathtracer:0.4066666666666667
TraceEyeRayKernel:0.2733333333333333
OctreeKernel:0.14666666666666667
InterruptableKernel:0.11666666666666667
AccelerationKernel:0.023333333333333334
