NodeList:0.5566666666666666
AbstractList:0.44666666666666666
HostParentOfITest:0.38777777777777783
