PrintThroughCollector:0.2966666666666667
ILogCollector:0.2966666666666667
DummyCollector:0.2966666666666667
HighLevelEventReader:0.29333333333333333
TODFrame:0.28
BCIMethodVisitor:0.2633333333333333
EventInterpreter:0.2375
ASMBehaviorInstrumenter:0.22333333333333333
DispatcherCollector:0.22
GridEventCollector1:0.22
LocalCollector:0.2
HighLevelEventWriter:0.16666666666666666
UpdateHandler:0.15166666666666667
