FakeHttpLayer:0.66
ShadowDefaultRequestDirector:0.48333333333333334
DefaultRequestDirectorTest:0.2866666666666667
