Switch:0.7733333333333333
Template:0.34
Location:0.31
CtrlHelper:0.27166666666666667
CtrlCall:0.26470634920634917
Step:0.25
Frame:0.15666666666666668
TemplateBuilder:0.15666666666666668
Procedure:0.15666666666666668
