ActionInsert:0.28444444444444444
BlueprintManager:0.2833333333333333
Preview:0.20833333333333337
BlueprintList:0.19333333333333333
Glue:0.14
EntityViewSettings:0.13
BlueprintEditor:0.11666666666666667
