QueryTest:0.5833333333333334
QueryResultStream:0.2866666666666667
NearCache:0.28
