ShadowResources:0.35
PackageResourceLoader:0.3333333333333333
AndroidManifest:0.3
ResourceExtractor:0.27666666666666667
ResBundle:0.26
RobolectricTestRunner:0.1975
ShadowColorDrawable:0.13666666666666666
