RobolectricConfig:0.42
RobolectricTestRunner:0.31333333333333335
ShadowSQLiteDatabase:0.30666666666666664
SQLiteDatabaseTest:0.30333333333333334
SQLiteCursorTest:0.2633333333333333
RobolectricTestRunnerInterface:0.22294444444444447
CursorAdapterTest:0.13
TestUtil:0.13
WithTestDefaultsRunner:0.09
