JnetManager:0.65
InfoNodeMan:0.5466666666666666
FileDialog:0.25666666666666665
