Builder:0.5466666666666666
DatabaseLocalStorageManager:0.43
BlocksFileWriter:0.39666666666666667
MockLocalStorageManager:0.20666666666666667
ServerMainModule:0.2
TestingBlockEncodingManager:0.18444444444444444
