Store:0.525
StoreFileMetaData:0.42
StoreTests:0.2866666666666667
MetadataSnapshot:0.25666666666666665
FileInfoTests:0.24333333333333335
RecoveryTarget:0.23666666666666666
RecoveryStatusTests:0.13
RestoreContext:0.11
