TestInvoke:0.47
RegionGen:0.37
RegionMaker:0.30666666666666664
ConstructorInsn:0.29638888888888887
