FPUURISet:0.4755555555555555
AbstractLongFPSet:0.44333333333333336
DiskLongFPSet:0.27666666666666667
