WriteHandler:0.45166666666666666
Node:0.43888888888888894
NoneStrictObjectPool:0.3616666666666667
