IAtomContainer:0.7277777777777779
AtomContainer:0.44
AtomContainerTest:0.33666666666666667
DebugRing:0.25333333333333335
DebugAminoAcid:0.25333333333333335
DebugPolymer:0.25333333333333335
DebugBioPolymer:0.25333333333333335
DebugMonomer:0.25333333333333335
DebugMolecule:0.25333333333333335
DebugStrand:0.25333333333333335
DebugAtomContainer:0.25333333333333335
DebugCrystal:0.2375
