CoreStringUtilities:0.6266666666666667
PrintAbstractionsAction:0.23333333333333334
