Shape:0.7
MaterialiseEdge:0.41333333333333333
Multiplicity:0.39666666666666667
ShapeNextState:0.31666666666666665
EdgeSignature:0.3
Materialisation:0.21
EquivClass:0.19666666666666666
MatOp:0.16642857142857143
SingulariseNode:0.08666666666666667
TestPairSetIterator:0.06
AllAbstractionTests:0.06
MaterialiseNode:0.04
ExtendPreMatch:0.02666666666666667
PairSetIterator:0.023333333333333334
CountingSet:0.0
