WebSocket:0.6333333333333333
WebSocketClient:0.5733333333333334
WebSocketFactory:0.2142539682539683
WebSocketClientFactory:0.07611111111111112
WebSocketServerFactory:0.07
