ASMUtils:0.6266666666666667
JSONScanner:0.41
ASMUtilsTest:0.3333333333333333
