Groove:0.5166666666666667
DefaultFileSystemStore:0.4766666666666667
Options:0.42
Simulator:0.39666666666666667
UndoHistory:0.32
GenericSystemStore:0.2833333333333333
RulePanel:0.2833333333333333
StoredGrammarView:0.26
DefaultArchiveSystemStore:0.20333333333333334
RuleJTree:0.2
RenameRuleAction:0.19111111111111112
Edit:0.125
BackAction:0.10666666666666667
ForwardAction:0.10666666666666667
EditLabelAction:0.09333333333333334
PutControlEdit:0.05333333333333334
PutGraphEdit:0.05333333333333334
RenameGraphEdit:0.05333333333333334
DeleteControlEdit:0.05333333333333334
PutRuleEdit:0.05333333333333334
RenameRuleEdit:0.05333333333333334
RedoAction:0.05
DeleteGraphEdit:0.05
DeleteRuleEdit:0.05
UndoAction:0.05
PutPropertiesEdit:0.016666666666666666
MyEdit:0.0033333333333333335
