BlojsomUtils:0.8766666666666667
BlojsomServlet:0.32666666666666666
