CacheState:0.84
SystemProperties:0.5166666666666667
BaseCacheCtrl:0.4
UndeployProcessDefinitionsAction:0.3781693121693122
ExecutionService:0.3366666666666666
UserTypeMap:0.3244444444444444
ExecutorDAO:0.30333333333333334
FormComponent:0.28488888888888897
CacheInitializingState:0.25333333333333335
CompletedCacheState:0.25333333333333335
IsolatedCompletedCacheState:0.25333333333333335
ExecutionLogic:0.25
CacheStateMachine:0.24333333333333335
ExecutionServiceDelegate:0.22666666666666666
ExecutionServiceBean:0.22666666666666666
ExecutorCacheStateCtrl:0.21333333333333335
DirtyCacheState:0.21
IsolatedDirtyCacheState:0.21
ExecutorLogic:0.20333333333333334
EmptyCacheState:0.17388888888888887
VariableLogic:0.16666666666666666
MultiProcessState:0.16
UndeployProcessDefinitionAction:0.15666666666666668
ListenObjectDefinition:0.15
JobDAO:0.14666666666666667
ListProcessesDefinitionsFormTag:0.13333333333333333
ListDefinitionsHistoryFormTag:0.12333333333333334
UndeployProcessDefinitionTDBuilder:0.09666666666666666
ProcessDefCacheStateCtrl:0.06666666666666667
VariableDAO:0.06333333333333334
TaskCacheStateCtrl:0.05
SystemLogActorTDBuilder:0.043333333333333335
SubstitutionCacheStateCtrl:0.03666666666666667
RemoveUnusedTemporaryGroupsExecutor:0.0033333333333333335
RemoveUnusedTemporaryGroupsTask:0.0
