Structure:0.5655555555555555
StructureTest:0.3433333333333333
CbTest:0.2833928571428571
CallbackReference:0.25
CbStruct:0.0575
