GasteigerMarsiliPartialCharges:0.4666666666666667
GasteigerPEPEPartialCharges:0.27666666666666667
GasteigerMarsiliPartialChargesTest:0.15333333333333332
InductivePartialChargesTest:0.06666666666666667
PiElectronegativityTest:0.06
ElectronegativityTest:0.06
GasteigerPEPEPartialChargesTest:0.03666666666666667
StabilizationChargeTest:0.02
