ObjectLayout:0.5655555555555556
Heap:0.5616666666666666
ObjectLayoutMethods:0.4866666666666667
SegregatedListHeap:0.2866666666666667
GCUtil:0.23666666666666666
ImmortalHeap:0.19
BootHeap:0.13
