ToeThread:0.4
RecordingOutputStream:0.31666666666666665
HttpRecorder:0.23
RecordingInputStream:0.22666666666666666
FetcherHTTPSimple:0.14333333333333334
ReplayInputStream:0.06666666666666667
