NioChannel:0.33666666666666667
AbstractHandler:0.30333333333333334
NioChannelWriter:0.25333333333333335
NioChannelReader:0.25333333333333335
