WebCrawler:0.5933333333333334
HttpAccessor:0.5533333333333333
WebAccessData:0.39083333333333337
