ThrottlingConfig:0.43
TcpReplicationConfig:0.29333333333333333
UDPEventListener:0.27051984126984113
BytesExternalizableImpl:0.26666666666666666
TcpReplicator:0.26666666666666666
TcpSocketChannelEntryWriter:0.2519444444444444
TcpSocketChannelEntryReader:0.20944444444444443
NodeDiscoveryBroadcasterTest:0.18666666666666668
Attached:0.18333333333333332
ClientConnector:0.16666666666666666
RemoteNodes:0.14333333333333334
UDPSocketReplicationTest:0.09333333333333334
