WebKeys:0.5910000000000001
ConfigureNotifyController:0.38
ConfigureLdapController:0.2833333333333333
