IndexSettings:0.5166666666666667
EngineConfig:0.5133333333333333
ESIntegTestCase:0.44
IndexShard:0.35333333333333333
MockEngineSupport:0.2101111111111111
RandomExceptionDirectoryReaderWrapper:0.19
InternalEngineTests:0.18666666666666668
SearchService:0.18444444444444444
MetaDataCreateIndexService:0.17666666666666667
ShadowEngineTests:0.16333333333333333
MockFSDirectoryService:0.15333333333333332
TransportPutIndexTemplateAction:0.15
AssertingLocalTransport:0.14666666666666667
NormsWarmer:0.13666666666666666
RestClusterGetSettingsAction:0.13666666666666666
FieldDataWarmer:0.08333333333333333
RestGetIndicesAction:0.08
RandomExceptionCircuitBreakerIT:0.07333333333333333
SearchWithRandomExceptionsIT:0.07333333333333333
Fields:0.06
ClusterSettings:0.04
IndexScopeSettings:0.04
Reaper:0.03333333333333333
RestGetSettingsAction:0.03
TestSeedPlugin:0.01
