RetrieveDocumentSet:0.4
DocumentMetadataBuilder:0.3566666666666667
DocumentResponse:0.27666666666666667
Repository:0.2733333333333333
AdhocQueryRequest:0.19333333333333333
DocumentMetadataElement:0.16333333333333333
DocumentResponseBuilder:0.09666666666666666
StoredQueryFactory:0.09666666666666666
DocumentResponseElementList:0.08833333333333333
RegistryObjectElementList:0.07722222222222222
DocumentPolicyEvaluator:0.04
XDSRegistryClient:0.023333333333333334
