OperatorTest:0.7266666666666667
PdeBSM:0.22
GenericTimeSetter:0.18333333333333332
PdeSecondOrderParabolic:0.18
