AssetManager:0.8466666666666667
TmxMapLoader:0.41333333333333333
AtlasTmxMapLoader:0.34
TiledMapAtlasAssetManagerTest:0.27666666666666667
