CrawlURI:0.58
HostQueuesFrontier:0.4066666666666667
AbstractFrontier:0.39666666666666667
BdbFrontier:0.30666666666666664
HostnameQueueAssignmentPolicy:0.043333333333333335
IPQueueAssignmentPolicy:0.006666666666666667
QueueAssignmentPolicy:0.0011111111111111111
