DynamoDbServiceRegistryFacilitator:0.4866666666666667
DynamoDbTicketRegistryFacilitator:0.4533333333333333
DynamoDbTicketRegistry:0.3466666666666667
DynamoDbTicketRegistryConfiguration:0.23333333333333334
DynamoDbServiceRegistryConfiguration:0.19333333333333333
