AbstractRegisteredService:0.5166666666666667
JsonServiceRegistryDaoTests:0.24666666666666667
AbstractCasWebflowEventResolver:0.24666666666666667
YubiKeyMultifactorAuthenticationProvider:0.13666666666666666
RadiusMultifactorAuthenticationProvider:0.13666666666666666
DuoMultifactorAuthenticationProvider:0.13666666666666666
RegisteredServiceAuthenticationPolicyWebflowEventResolver:0.10666666666666667
RegisteredServicePrincipalAttributeAuthenticationPolicyWebflowEventResolver:0.10666666666666667
