DataSource:0.63
ValueFactory:0.6233333333333333
RDFContainer:0.5466666666666666
RDF2GoRDFContainer:0.5466666666666666
SesameRDFContainer:0.4533333333333333
ConfigurationUtil:0.43333333333333335
ModelUtil:0.36
IcalCrawler:0.36
SubstringCondition:0.35444444444444445
SimpleCrawlerHandler:0.33
TestIcalCrawler:0.30666666666666664
IcalTestIncrementalCrawlerHandler:0.2733333333333333
DataObjectBase:0.26666666666666666
IcalTestSimpleCrawlerHandler:0.2633333333333333
VocabularyWriter:0.25666666666666665
AddressbookCrawler:0.24777777777777776
RepositoryAccessData:0.245
LogUtil:0.24166666666666667
ImapCrawler:0.23
TestRepositoryAccessData:0.22833333333333333
ModelAccessData:0.22333333333333333
ExampleImapCrawler:0.21333333333333335
UpdatingCrawlerHandler:0.2105952380952381
DataObjectFactory:0.21
ExampleWebCrawler:0.20666666666666667
OpenXmlExtractor:0.20666666666666667
ThunderbirdCrawlerTest:0.20333333333333334
FolderDataObjectBase:0.2
HttpAccessor:0.2
AppleAddressbookCrawlerTest:0.2
FileAccessor:0.19
TutorialCrawlerHandler:0.18333333333333332
FileOpener:0.18166666666666667
TestSesameRDFContainer:0.18
TestFileAccessor:0.17666666666666667
SubstringPattern:0.17666666666666667
HttpOpener:0.175
ApertureTestBase:0.17333333333333334
DataSourceBase:0.17333333333333334
ExampleIcalCrawler:0.17
MailUtil:0.16333333333333333
CrawlerPanel:0.16333333333333333
ExampleFileCrawler:0.16333333333333333
FileInspector:0.1575
FileInspectorPanel:0.15666666666666668
MetadataModel:0.15333333333333332
PdfExtractorTest:0.15333333333333332
TestMagicMimeTypeIdentifier:0.14333333333333334
StatementsPanel:0.13
OutlookAccessor:0.13
LiteralClipper:0.12666666666666668
Mail:0.12666666666666668
TestOutlookCrawlAll:0.125
TestOutlookCrawler:0.12333333333333334
DATA_GEN:0.12
PlainTextExtractorTest:0.115
SimpleRDFContainerFactory:0.11416666666666667
RepositoryUtil:0.11
WorksExtractorTest:0.10833333333333334
TutorialCrawlingExample:0.10333333333333333
RtfExtractorTest:0.10166666666666667
RegExpPattern:0.1
TestConfigurationUtil:0.1
ExtractorTestBase:0.09333333333333334
RDF2GoValueFactory:0.09166666666666666
TestFileSystemCrawler:0.09166666666666666
PdfExtractor:0.09
ThunderbirdCrawler:0.08666666666666667
PlatformUtil:0.07333333333333333
DoesNotContain:0.07333333333333333
StartsWith:0.07333333333333333
OpenDocumentExtractorTest:0.07
TestIcalCrawlerIncremental:0.06666666666666667
Contains:0.06333333333333334
EndsWith:0.06333333333333334
Contact:0.06
AppleAddressbookCrawler:0.056666666666666664
MimeExtractorTest:0.05333333333333334
TestAccessors:0.05
TestRdf2GoRdfContainer:0.03777777777777778
PresentationsExtractorTest:0.03666666666666667
RDF2GoRDFContainerFactory:0.029166666666666667
TestDataOpenerRegistryImpl:0.028666666666666667
TestRDFContainers:0.023333333333333334
HtmlExtractorTest:0.0225
QuattroExtractorTest:0.0225
WordPerfectExtractorTest:0.0225
UrlPattern:0.02
PublisherExtractorTest:0.013333333333333334
XmlExtractorTest:0.013333333333333334
VisioExtractorTest:0.013333333333333334
WordExtractorTest:0.013333333333333334
PowerPointExtractorTest:0.013333333333333334
ExcelExtractorTest:0.013333333333333334
OfficeExtractorTest:0.013333333333333334
DataOpenerRegistryImpl:0.0033333333333333335
TestModelAccessData:0.0
