ResourceGroupSpec:0.7277777777777777
ResourceGroupSpecBuilder:0.3433333333333333
TestFileResourceGroupConfigurationManager:0.13
