DefaultResultSetHandler:0.61
Mapper:0.5952777777777778
AutomappingTest:0.27666666666666667
