HtmlObject:0.6022222222222222
HTMLObjectElement:0.46
HtmlObjectTest:0.25666666666666665
