ActionConfig:0.5833333333333334
ActionAnnotation:0.29
ActionAnnotationData:0.28
ActionMethodParser:0.2633333333333333
MadvocController:0.2138888888888889
ActionMethodParserTest:0.17666666666666667
ActionAnnotationTest:0.17333333333333334
ActionBuilder:0.16666666666666666
ManualRegistration:0.16666666666666666
ActionRequestRecursionTest:0.12333333333333334
