BdbFrontier:0.5233333333333333
HostQueuesFrontier:0.44333333333333336
BdbUriUniqFilter:0.30833333333333335
CrawlJobHandler:0.29333333333333333
JobConfigureUtils:0.2866666666666667
ARCReader:0.26666666666666666
TextUtils:0.26
AbstractFrontier:0.25333333333333335
TieredQueue:0.23666666666666666
ARCRecord:0.21666666666666667
BdbWorkQueue:0.19333333333333333
ServerCacheFactory:0.17920634920634923
BdbMultiQueue:0.16333333333333333
