NGramTokenizerFactory:0.4866666666666667
EdgeNGramTokenFilterFactory:0.42
EdgeNGramTokenizerFactory:0.42
NGramTokenizerFactoryTests:0.31333333333333335
