Terminal:0.6233333333333333
Environment:0.35333333333333333
InstallPluginCommand:0.2733333333333333
CliToolTests:0.26666666666666666
CliTool:0.23
InstallPluginCommandTests:0.21
BootstrapCliParserTests:0.18666666666666668
TikaRunner:0.17833333333333334
Start:0.14
RemovePluginCommand:0.1
TerminalTests:0.07
PluginCliTests:0.056666666666666664
