BasicOperationService:0.3466666666666667
Packet:0.34
DataAdapter:0.28
WriteHandler:0.25916666666666666
SocketWritable:0.254
AbstractTextCommand:0.16055555555555553
ClientPacket:0.12555555555555556
UrgentSystemOperationsProcessor:0.013055555555555556
