TypeUtils:0.6744444444444444
ClassDerializer:0.23833333333333334
ClassTest:0.20666666666666667
