EditLib:0.6066666666666667
SchemaSuggestions:0.4988888888888889
