OrcTester:0.6233333333333333
AbstractTestOrcReader:0.4166666666666667
TestOrcReaderPositions:0.36
BenchmarkData:0.16
TestingOrcPredicate:0.06166666666666667
