StateCompiler:0.8288888888888889
TestStateCompiler:0.10666666666666667
