IndexSettings:0.51
Delete:0.47333333333333333
TranslogConfig:0.4666666666666667
IndexShard:0.3333333333333333
Translog:0.31
IndexService:0.24333333333333335
ESIntegTestCase:0.24333333333333335
InternalEngineTests:0.21666666666666667
ShadowEngineTests:0.2
TranslogTests:0.2
RecoveryWhileUnderLoadIT:0.18666666666666668
IndexStatsIT:0.18333333333333332
ClusterModule:0.17333333333333334
TransportReplicationAction:0.16666666666666666
IndexShardTests:0.13666666666666666
CorruptedTranslogIT:0.13666666666666666
AsyncTranslogFSync:0.05333333333333334
IndexSettingsTests:0.03666666666666667
