HeartbeatHandler:0.6166666666666667
XHRPollingTransport:0.556
SocketIORouter:0.30333333333333334
