Switch:0.4266666666666667
Template:0.33
SwitchStack:0.31666666666666665
GraphState:0.29333333333333333
Frame:0.2866666666666667
Program:0.2866666666666667
Step:0.25
ExploreData:0.24
AbstractGraphState:0.22333333333333333
TemplateBuilder:0.21
AutomatonBuildTest:0.19333333333333333
TemplateBuildTest:0.17
StateCache:0.17
