FileModule:0.8333333333333334
FileModuleImpl:0.39
WebdavLockManager:0.25666666666666665
