Wallet:0.49333333333333335
Threading:0.395
Peer:0.3566666666666667
TransactionConfidence:0.30333333333333334
PeerTest:0.24
PeerGroupTest:0.21333333333333335
PeerGroup:0.19666666666666666
PaymentChannelServer:0.14666666666666667
