KerasLayerUtils:0.4716666666666667
KerasModel:0.38666666666666666
KerasModelEndToEndTest:0.3
KerasSequentialModel:0.2866666666666667
KerasLayerConfiguration:0.03333333333333333
