AbstractDbDialect:0.6
SqlTemplate:0.37666666666666665
HsqlDbTrigger:0.2633333333333333
SimpleIntegrationTest:0.19333333333333333
