EmbeddedFileUtils:0.65
BotTaskUtils:0.5533333333333333
ViewUtil:0.27666666666666667
TemplateFileComposite:0.17666666666666667
WorkspaceOperations:0.17333333333333334
ChooseStringOrFile:0.16666666666666666
IBotFileSupportProvider:0.15
ProcessFileComposite:0.14
BaseExcelHandlerCellEditorProvider:0.14
BotScriptUtils:0.12333333333333334
WfDefinitionAdapter:0.11333333333333333
EditListTag:0.09
DocxHandlerCellEditorProvider:0.08666666666666667
BotTaskExportCommand:0.08333333333333333
BotExportCommand:0.07333333333333333
