Query:0.7366666666666667
ClientOptions:0.6666666666666666
Console:0.4033333333333333
Execute:0.13666666666666666
