PartnerBackingBean:0.32
FreelancerBackingBeanDataModel:0.31666666666666665
FreelancerBackingBean:0.2833333333333333
CustomerBackingBean:0.22666666666666666
PartnerBackingBeanDataModel:0.17111111111111113
CustomerBackingBeanDataModel:0.17111111111111113
