AeronPing:0.45
AeronThroughputencyPublisher:0.42
StatsDriver:0.2946666666666667
AeronPong:0.24666666666666667
AeronThroughputencySubscriber:0.18666666666666668
