SaxDefaultHandler:0.23333333333333334
SimpleAttributes:0.23333333333333334
AbstractSimpleHandler:0.19333333333333333
SimpleHandler:0.1
