TransformTestCase:0.5766666666666667
SimpleMatrix:0.4533333333333333
