ProtectedLogDataBean:0.5066666666666667
TableProtectDataBean:0.38
ProtectedLogExportDataBean:0.36333333333333334
ProtectedLogTokenDataBean:0.2966666666666667
