MetaData:0.57
IndicesAliasesRequest:0.38666666666666666
AliasActions:0.38
GetAliasesRequest:0.3
IndexAliasesTests:0.26
TransportIndicesAliasesAction:0.15666666666666668
