ParcelerModule:0.6422222222222221
Enums:0.5405555555555556
EnumsTest:0.21
