ServerSynchronizedDocument:0.4633333333333333
ClientSynchronizedDocument:0.4033333333333333
NetworkEventHandler:0.32455555555555554
SimulateNetzwork:0.23333333333333334
NetworkConnection:0.11
NetworkRequest:0.081
SimpleServerProxyTest:0.05333333333333334
JupiterTestCase:0.05
SimpleClientServerTest:0.04666666666666667
ProxySynchronizedQueue:0.03
JupiterServer:0.0
SimpleJupiterDocumentTest:0.0
