DrawableSeqFeature:0.6366666666666667
Config:0.5566666666666666
SeqFeature:0.4766666666666667
DrawableFeatureSet:0.36333333333333334
ApolloPanel:0.27
FeatureTierManager:0.19333333333333333
SetDetailPanel:0.17666666666666667
DrawableGeneFeatureSet:0.17333333333333334
EvidenceMenu:0.13333333333333333
EvidenceTableListener:0.13
EditMenu:0.10333333333333333
HelpMenu:0.04666666666666667
