Add:0.51
ExtentsStrategy:0.33666666666666667
Get:0.295
Update:0.23111111111111116
List:0.20333333333333334
Search:0.17355555555555555
