ButtonHelper:0.6266666666666667
EditView:0.3466666666666667
ActionDelegate:0.31333333333333335
ViewEditor:0.3
ViewBridge:0.29
LookNFeelPanel:0.24333333333333335
MenuHelper:0.24
ControlCenter:0.22666666666666666
TableViewInfo:0.17166666666666666
MatchEntitiesPanel:0.17
AboutWidget:0.155
HelpWidget:0.135
NavigatorView:0.11
ActionSettings:0.09
ActionChooseEntity:0.08
ActionStopEdit:0.05333333333333334
WindowClosedRouter:0.04666666666666667
ActionHelp:0.03666666666666667
ActionDisposeFrame:0.03666666666666667
ActionAbout:0.03666666666666667
ActionStartEdit:0.03666666666666667
ActionOpen:0.02
ActionPropertyAdd:0.02
ActionClose:0.015
ActionMerge:0.015
ActionApply:0.015
ActionPropertyUpDown:0.015
ActionPropertyDel:0.015
ActionView:0.015
ActionPrint:0.0033333333333333335
ActionUpDown:0.0033333333333333335
ActionLoadLastOpen:0.0033333333333333335
ActionSave:0.0
ActionMatch:0.0
ActionPartner:0.0
ActionReset:0.0
ActionCreate:0.0
ActionVerify:0.0
ActionMother:0.0
ActionYoungerSibling:0.0
ActionChild:0.0
ActionDelete:0.0
ActionFather:0.0
ActionOlderSibling:0.0
ActionBack:0.0
ActionExit:0.0
