VirtualFileSystem:0.63
VFSDeferredDelete:0.5366666666666666
SingleFileSystemProvider:0.41
VFSDAVStore:0.30333333333333334
VFSDeferredDeleteJoblet:0.016666666666666666
