AtomEditor:0.5666666666666667
EditChemObjectPropsAction:0.30666666666666664
