TestPotentialFunction:0.7766666666666666
ForceFieldTests:0.30666666666666664
