Euler:0.9233333333333333
EulerRunner:0.14666666666666667
