DSTZone:0.5058333333333334
CachedDateTimeZone:0.42
FixedDateTimeZone:0.3725396825396825
PrecalculatedZone:0.355
