Robolectric:0.5866666666666667
ShadowView:0.33666666666666667
ResourceLoader:0.28
ShadowContext:0.22333333333333333
ContextTest:0.16333333333333333
ResourcesTest:0.12333333333333334
