Writer:0.5266666666666666
Analyzer:0.4633333333333333
Metadata:0.3333333333333333
Compiler:0.12666666666666668
