RemoteSiteTest:0.6183333333333333
AsyncHttpUrlConnection:0.39
ApacheClientRunnable:0.28833333333333333
