LightweightThread:0.4741666666666667
Actor:0.31333333333333335
ParkableForkJoinTask:0.31
LightweightThreadForkJoinTask:0.26
SingleConsumerArrayQueue:0.23027777777777778
Mailbox:0.21666666666666667
