SpatialDatabasesDSMetadata:0.5983333333333334
MariadbDSMetadata:0.37333333333333335
MariadbValueConverterFactory:0.15666666666666668
MariadbSQLBuilder:0.15666666666666668
