PropertyScheme:0.5833333333333334
EnsCGIAdapter:0.4766666666666667
TierMenu:0.21666666666666667
