LoginAction:0.3333333333333333
EditPreferencesAction:0.3
LogoffAction:0.2833333333333333
EditIssueAction:0.2633333333333333
ImportDataVerifyAction:0.25
ItrackerBaseAction:0.22333333333333333
ImportDataProcessAction:0.19666666666666666
EditIssueFormAction:0.19
SearchIssuesAction:0.19
ViewIssueAction:0.19
ListProjectsAction:0.19
DisplayReportAction:0.17666666666666667
EditLanguageAction:0.15666666666666668
CreateIssueAction:0.13333333333333333
EditReportAction:0.13333333333333333
EditComponentAction:0.13333333333333333
EditUserAction:0.13333333333333333
ShowHelpAction:0.13333333333333333
EditVersionAction:0.13333333333333333
EditWorkflowScriptAction:0.13333333333333333
EditProjectScriptAction:0.13333333333333333
MoveIssueAction:0.13333333333333333
CreateLanguageKeyAction:0.13333333333333333
EditProjectAction:0.13333333333333333
SelfRegisterAction:0.13333333333333333
EditCustomFieldValueAction:0.12333333333333334
EditVersionFormAction:0.11333333333333333
EditLanguageFormAction:0.11333333333333333
EditComponentFormAction:0.11333333333333333
ExportLanguageAction:0.11333333333333333
RemoveCustomFieldAction:0.11333333333333333
EditProjectFormAction:0.11333333333333333
EditProjectScriptFormAction:0.11333333333333333
EditPreferencesFormAction:0.11333333333333333
OrderConfigurationItemAction:0.11333333333333333
OrderCustomFieldValueAction:0.11333333333333333
SearchIssuesFormAction:0.11333333333333333
EditWorkflowScriptFormAction:0.11333333333333333
CreateIssueFormAction:0.11333333333333333
RemoveIssueAttachmentAction:0.11333333333333333
EditCustomFieldValueFormAction:0.11333333333333333
InitializeLanguagesAction:0.11333333333333333
CreateLanguageKeyFormAction:0.11333333333333333
EditReportFormAction:0.11333333333333333
RemoveReportAction:0.11333333333333333
MoveIssueFormAction:0.11333333333333333
ExportReportAction:0.11333333333333333
RemoveConfigurationItemAction:0.11333333333333333
ForgotPasswordAction:0.11333333333333333
RemoveProjectScriptAction:0.11333333333333333
ImportDataFormAction:0.11333333333333333
EditCustomFieldFormAction:0.11333333333333333
DownloadReportAction:0.11333333333333333
RemoveCustomFieldValueAction:0.11333333333333333
RemoveHistoryEntryAction:0.11333333333333333
RemoveWorkflowScriptAction:0.09333333333333334
EditUserFormAction:0.09333333333333334
