LoggingTool:0.5066666666666667
Fingerprinter:0.4716666666666667
FingerprinterTest:0.35
CDOAcceptedObjects:0.24333333333333335
