MakumbaTag:0.49666666666666665
QueryTag:0.46
ValueComputer:0.43666666666666665
FormTagBase:0.43333333333333335
ParseStatus:0.26
MakumbaJspAnalyzer:0.22
InputTag:0.21666666666666667
ValueTag:0.12666666666666668
IfTag:0.12
AddTag:0.11666666666666667
ActionTag:0.11
SetValueComputer:0.09
QueryValueComputer:0.07666666666666666
AttributeTag:0.07333333333333333
NullableValueComputer:0.02
EditTag:0.006666666666666667
