TableDropWidget:0.38333333333333336
TableProperties:0.33666666666666667
GwtTeamingMessages:0.31333333333333335
TableWidgetDlgBox:0.30666666666666664
TableWidget:0.20944444444444446
