CodeCompiler:0.5666666666666667
Future:0.44
ScopesCompiler:0.29333333333333333
Module:0.24666666666666667
