BitmapLoadCallback:0.3416666666666667
CropImageView:0.31
BitmapCropTask:0.2833333333333333
FileUtils:0.2733333333333333
TransformImageView:0.23333333333333334
BitmapLoadTask:0.23
ImageHeaderParser:0.05944444444444445
BitmapWorkerResult:0.04666666666666667
