Renderer:0.4633333333333333
RendererModel:0.4
BasicBondGenerator:0.3233333333333333
RingGenerator:0.2127777777777778
HighlightGenerator:0.17777777777777778
RenderingParameters:0.09333333333333334
