TransactionProvider:0.7527777777777778
SetValueComputer:0.34833333333333333
