Node:0.7566666666666667
Handlers:0.35
NodeTest:0.30666666666666664
EventListenersContainer:0.23
