LowLevelEventWriter:0.59
ASMBehaviorInstrumenter:0.3466666666666667
EventCollector:0.2
OpcodeEvent:0.14666666666666667
