PeerGroup:0.51
AbstractBlockChain:0.4
PeerGroupTest:0.31333333333333335
ChainDownloadSpeedCalculator:0.2866666666666667
