OutMessage:0.5366666666666666
ConnectionPoolStat:0.42
DBPort:0.4
InUseConnectionInfo:0.14666666666666667
