Tds:0.775
TimestampTest:0.45666666666666667
ParameterUtils:0.41
SAfeTest:0.3333333333333333
