AnalyzerGuru:0.45666666666666667
FileAnalyzer:0.25666666666666665
JavaClassAnalyzer:0.21333333333333335
Index:0.21
LispAnalyzer:0.13
JavaAnalyzer:0.13
ShAnalyzer:0.13
Indexer:0.12333333333333334
TroffAnalyzer:0.11
PlainAnalyzer:0.10666666666666667
ELFAnalyzer:0.10666666666666667
BZip2Analyzer:0.09333333333333334
ZipAnalyzer:0.08666666666666667
TarAnalyzer:0.08666666666666667
CAnalyzer:0.08333333333333333
XMLAnalyzer:0.08
GZIPAnalyzer:0.06
SQLAnalyzer:0.043333333333333335
JarAnalyzer:0.04
