BlockNode:0.55
BlockUtils:0.31
BlockMakerVisitor:0.29
TypeGen:0.19666666666666666
DexNode:0.19
BlockProcessingHelper:0.1872222222222222
IfNode:0.15
TernaryInsn:0.14333333333333334
RootNode:0.12666666666666668
LocalVarInfo:0.10666666666666667
