Store:0.6666666666666666
Default:0.5566666666666666
SuperMethodCallOtherTest:0.2733333333333333
