IChatService:0.6766666666666666
IChat:0.6594444444444445
IChatListener:0.5738888888888889
ChatControl:0.5666666666666667
ChatDisplay:0.32666666666666666
SarosView:0.31333333333333335
IChatServiceListener:0.27051984126984113
ChatImpl:0.11
ChatRooms:0.05333333333333334
OpenChatAction:0.03666666666666667
ChatElement:0.02
ChatServiceImpl:0.016666666666666666
