AstBuilder:0.4066666666666667
Insert:0.38333333333333336
InsertFromValuesAnalyzerTest:0.3433333333333333
InsertFromValues:0.2966666666666667
InsertFromValuesAnalyzer:0.215
InsertFromSubQueryAnalyzerTest:0.20333333333333334
ValuesAwareExpressionAnalyzer:0.18333333333333332
TestStatementBuilder:0.18
InsertFromSubQueryAnalyzer:0.16666666666666666
InsertFromSubquery:0.15333333333333332
