StringResourceLoader:0.44
ResourceLoader:0.3383333333333333
FakeResources:0.33
ColorResourceLoader:0.20333333333333334
StringResourceLoaderTest:0.11555555555555558
