GwtTeamingMessages:0.506388888888889
SelectPrincipalsWidget:0.25333333333333335
ModifyNetFolderDlg:0.22111111111111115
NetFolderSelectPrincipalsWidget:0.20666666666666667
NetFolderRightsWidget:0.11
PerUserRightsInfo:0.09
