IOUtil:0.7016666666666667
FileMenu:0.6804444444444445
