DefaultComponentFinder:0.7266666666666667
Recorder:0.5066666666666667
