DomNode:0.5833333333333334
HtmlPage:0.5033333333333333
HtmlElement:0.39233333333333337
BaseFrameElement:0.26666666666666666
HTMLIFrameElement2Test:0.25333333333333335
