Robolectric:0.58
ActivityController:0.44
ServiceController:0.38333333333333336
ComponentController:0.19111111111111112
ActivityTest:0.19
ParallelUniverse:0.18666666666666668
ActivityControllerTest:0.18666666666666668
ServiceControllerTest:0.16666666666666666
RobolectricBackgroundExecutorService:0.16
RobolectricBackgroundExecutorServiceTest:0.12666666666666668
