Parser:0.3827619047619048
PointerPointer:0.37666666666666665
BytePointer:0.24333333333333335
CLongPointer:0.23
BoolPointer:0.22666666666666666
ShortPointer:0.21
LongPointer:0.21
FloatPointer:0.21
IntPointer:0.21
DoublePointer:0.21
SizeTPointer:0.21
CharPointer:0.21
