ShowTodosAction:0.27666666666666667
MyInfoAction:0.27
TodoListsManagerImpl:0.21333333333333335
ShowTodoListsAction:0.17
RegisterAction:0.11
LogoutAction:0.1
WelcomeAction:0.1
TodosDwrImpl:0.08333333333333333
TodosDwr:0.013333333333333334
