RuleEffect:0.5466666666666666
RuleApplication:0.4
MergeMap:0.36
Condition:0.28055555555555556
BasicEvent:0.2633333333333333
AbstractRuleEvent:0.22222222222222224
ShapeRuleApplication:0.18
NestedIterator:0.15666666666666668
Level3:0.12
MatchApplier:0.09166666666666666
Index:0.08333333333333333
Predicate_ruleevent_created_node:0.07333333333333333
Predicate_ruleevent_created_edge:0.07333333333333333
Predicate_ruleevent_erased_edge:0.07333333333333333
Predicate_ruleevent_erased_node:0.07333333333333333
