RedissonClient:0.6333333333333333
Redisson:0.5716666666666667
RedissonDelayedQueueTest:0.4066666666666667
