TestHelper:0.7327777777777779
RepeatHelper:0.5357380952380953
