InputReference:0.4666666666666667
SymbolToInputRewriter:0.4033333333333333
FunctionAssertions:0.28
InterpretedFilterFunction:0.27
InterpretedProjectionFunction:0.26
Formatter:0.22333333333333333
ByteCodeExpressionVisitor:0.20666666666666667
ExpressionCompiler:0.20222222222222222
Visitor:0.19
TestExpressionKey:0.15333333333333332
