FileAccessor:0.6033333333333334
FileSystemCrawler:0.3933333333333333
