JobCollectContext:0.43
SQLTransportExecutor:0.3933333333333333
Setup:0.35333333333333333
SQLTransportIntegrationTest:0.31666666666666665
FetchOperationIntegrationTest:0.20333333333333334
