IssueUtilities:0.72
IssueActivity:0.41333333333333333
IssueServiceImpl:0.4
EditIssueAction:0.24
NotificationServiceImpl:0.18333333333333332
NotificationMessageBean:0.11
CreateIssueAction:0.09333333333333334
