InferenceObservable:0.7766666666666666
BatchedInferenceObservable:0.5333333333333333
BatchedInferenceObservableTest:0.22333333333333333
ParallelInferenceTest:0.18333333333333332
ObservablesProvider:0.12777777777777777
InferenceWorker:0.10333333333333333
BasicInferenceObservable:0.07
