Principal:0.6461111111111111
ProfileModule:0.45
GenerateLdapList:0.3611111111111111
DefaultProfileCoreProcessor:0.22333333333333333
ProfileModuleImpl:0.18
MySQL5InnoDBDialect:0.17333333333333334
WebKeys:0.11622222222222224
ViewController:0.11
ElementInputData:0.07666666666666666
ImportProfilesController:0.025277777777777777
