AtmosphereServlet:0.4533333333333333
DefaultBroadcaster:0.37666666666666665
GlassFishWebSocketSupport:0.23666666666666666
AtmosphereConfig:0.23
DefaultCometSupportResolver:0.18333333333333332
GrizzlyWebSocketSupport:0.05333333333333334
GrizzlyApplication:0.04
AtmoWebSocket:0.03666666666666667
