SarosSessionManager:0.3
OutgoingProjectNegotiation:0.28
InvitationProcess:0.27705555555555555
IncomingProjectNegotiation:0.25666666666666665
ProjectsAddedActivity:0.25666666666666665
ProjectNegotiation:0.2426111111111111
XMPPTransmitter:0.22666666666666666
ProjectsAddedManager:0.2127777777777778
ITransmitter:0.18916666666666668
ProjectsAddedActivityDataObject:0.12
