SymmetricWebServer:0.7233333333333334
SymmetricLauncher:0.4166666666666667
TestDataLoaderFilter:0.22444444444444447
SymmetricLauncherUnitTest:0.02
