MainWindow:0.33
MonitorWindow:0.3
MainDesktopPane:0.28833333333333333
MainWindowMenu:0.2811111111111111
SearchWindow:0.26666666666666666
TimeWindow:0.25
NavigatorWindow:0.22466666666666668
SoundWindow:0.21
MissionWindow:0.21
ToolToolBar:0.1877777777777778
