Array:0.49
LwjglPreferences:0.33666666666666667
JoglPreferences:0.29333333333333333
BooleanArray:0.2633333333333333
LongArray:0.20333333333333334
FloatArray:0.20333333333333334
IntArray:0.20333333333333334
LwjglFrame:0.1741111111111111
TestList:0.14666666666666667
