Array:0.4533333333333333
TextureAtlas:0.37
FileHandle:0.31
LongArray:0.15333333333333332
FloatArray:0.15333333333333332
IntArray:0.15333333333333332
