IpAddrTableEntry:0.37
IfXTableEntry:0.36666666666666664
IfTableEntry:0.3466666666666667
IpAddrTable:0.2833333333333333
SnmpStore:0.2733333333333333
IfTable:0.22066666666666668
IfXTable:0.22066666666666668
SystemGroup:0.21666666666666667
SnmpTableEntry:0.012222222222222223
