SeqFeatureI:0.81
SequenceI:0.58
Config:0.43333333333333335
FeatureSet:0.4166666666666667
DrawableFeatureSet:0.38666666666666666
SeqFeature:0.31666666666666665
DrawableSeqFeature:0.31
AbstractSequence:0.29
GAMEAdapter:0.28
CurationSet:0.2733333333333333
EnsCGIAdapter:0.23666666666666666
TierMenu:0.23333333333333334
DrawableAnnotatedSeqFeature:0.23
AnnotationView:0.22333333333333333
GFFAdapter:0.21333333333333335
TranslatedSequence:0.21333333333333335
ResultAlignmentRenderer:0.21
AnnotationMenu:0.21
BaseFineEditor:0.19666666666666666
DetailInfo:0.19
FeatureEditorDialog:0.18666666666666668
DrawableAnnotatedFeatureSet:0.17666666666666667
DrawableGeneFeatureSet:0.14333333333333334
DrawableFineAnnotatedFeatureSet:0.1
DrawableResultFeatureSet:0.09
AnnotationChangeCoalescer:0.08666666666666667
