TimeUtils:0.5566666666666666
ReportConfiguration:0.4533333333333333
ProjectSummaryTimeSlot:0.2966666666666667
ProjectSummaryByDay:0.21
ProjectSummaryTimeSlotComparable:0.155
ProjectTasksReport:0.03666666666666667
