SNAPCommunicator:0.7411111111111112
Reprap:0.41833333333333333
GenericExtruder:0.36
Preferences:0.3233333333333333
Main:0.26
RequestTemperatureResponse:0.023333333333333334
