IcalModule:0.81
AllModulesInjected:0.33666666666666667
AbstractAllModulesInjected:0.32
SSimpleFormController:0.32
SAbstractController:0.32
AdminModuleImpl:0.2833333333333333
AjaxController:0.24666666666666667
MailModuleImpl:0.24333333333333335
DefaultFolderEmailFormatter:0.24333333333333335
MimeHelper:0.24266666666666667
GetController:0.11
ViewICalController:0.11
IcalModuleImpl:0.08333333333333333
