AzureBlobContainer:0.6066666666666667
AzureSnapshotRestoreTests:0.39
AzureBlobStore:0.2833333333333333
AzureStorageServiceMock:0.2633333333333333
AzureStorageService:0.1275
AzureStorageServiceImpl:0.12583333333333332
AzureTestUtils:0.016666666666666666
