ListTasksResponse:0.6633333333333333
CancelTasksResponse:0.25
TransportTasksActionTests:0.24333333333333335
TransportCancelTasksAction:0.19
TransportListTasksAction:0.18
TransportRethrottleAction:0.12666666666666668
RestListTasksAction:0.12666666666666668
