TokenImpl:0.7766666666666666
ExecutionServiceImpl:0.32666666666666666
