IDbDialect:0.6166666666666667
AbstractDbDialect:0.4533333333333333
DataExtractorService:0.3233333333333333
TriggerRouterServiceTest:0.25
AbstractEmbeddedDbDialect:0.15666666666666668
