PDQResponseMessageBuilder:0.5566666666666666
AckMessageBuilder:0.30833333333333335
SubjectSearchCriteriaBuilder:0.26666666666666666
