Fiber:0.5933333333333334
ThreadAccess:0.46
FiberSerializer:0.30666666666666664
