Node:0.5866666666666667
NodeStatus:0.44666666666666666
RestService:0.44333333333333336
