Protos:0.5
Builder:0.3933333333333333
DeterministicSeed:0.34
Transaction:0.33466666666666667
MnemonicCode:0.3333333333333333
Key:0.3
TransactionConfidence:0.26387301587301587
KeyOrBuilder:0.2500396825396825
DeterministicKeyChain:0.24333333333333335
WalletTool:0.21333333333333335
RestoreFromSeed:0.09333333333333334
