MetadataImpl:0.3466666666666667
EntityBinder:0.3433333333333333
FetchProfileBinder:0.30333333333333334
FetchProfileBinderTest:0.3
AnnotationBinder:0.2866666666666667
