DataType:0.5833333333333334
DefaultDataType:0.5766666666666667
JavaGenerator:0.2966666666666667
Val:0.24333333333333335
