RuleContext:0.8433333333333334
GraphicsSupport:0.22
TestT:0.11666666666666667
