HttpSecurityBeanDefinitionParserTests:0.6361111111111111
ConfigUtils:0.5866666666666667
ConcurrentSessionsBeanDefinitionParser:0.24333333333333335
AuthenticationManagerBeanDefinitionParser:0.18333333333333332
