ReplaySession:0.4866666666666667
Recorder:0.38
RecordingFragmentReader:0.37666666666666665
ReplaySessionTest:0.33
