ShadowMotionEvent:0.5633333333333334
VelocityTrackerTest:0.39666666666666667
NativeBitSet64:0.24666666666666667
ShadowMotionEventTest:0.22666666666666666
NativeObjRegistry:0.22666666666666666
ShadowGestureDetectorTest:0.19666666666666666
NativeInput:0.15333333333333332
MotionEventTest:0.11
MotionEventUtils:0.05333333333333334
