CliAuthenticationToken:0.78
UninitializedCliAuthenticationTokenException:0.07333333333333333
CliAuthenticationFailedException:0.07333333333333333
CliAuthenticationProviderSessionBean:0.05333333333333334
