DependenciesPageHandler:0.24333333333333335
ProvidersPageHandler:0.16
ConsumersPageHandler:0.16
ApplicationsPageHandler:0.14555555555555558
