ThreadSneakingOffloadableEntryProcessor:0.5866666666666667
EntryOperation:0.5466666666666666
EntryOffloadableSetUnlockOperation:0.37333333333333335
EntryProcessorOffloadableTest:0.17666666666666667
ThreadSneakingOffloadableReadOnlyEntryProcessor:0.13666666666666666
EntryOtherStoppedVerifying:0.04666666666666667
EntryLatchAwaitingModifying:0.03
IncrementingOffloadableEP:0.02666666666666667
