XmlActions:0.5455555555555556
XmlComplete:0.3466666666666667
Comment:0.33666666666666667
CDATA:0.33666666666666667
XmlListCellRenderer:0.13322222222222224
ClosingTag:0.018333333333333333
