Redisson:0.53
DecoderState:0.4066666666666667
RedissonClient:0.4
NestedMultiDecoder:0.28
CommandEncoder:0.22666666666666666
MapGetAllDecoder:0.16333333333333333
DoubleReplayConvertor:0.1
RedisCommands:0.013333333333333334
