HashJoinOperator:0.44666666666666666
Visitor:0.4033333333333333
TestHashJoinOperator:0.27
HashJoinBenchmark:0.1511111111111111
