IStagingManager:0.6672222222222223
StagedResource:0.6366666666666667
StagingManager:0.41333333333333333
AndroidSymmetricEngine:0.29
