JobQueue:0.7866666666666666
Manager:0.30333333333333334
JdbcQueueDao:0.2833333333333333
