ScriptsAddOrEditDialog:0.7133333333333334
ScriptsAddOrEditHandler:0.3253333333333333
TemplatesBrowserViewPart:0.26166666666666666
