EhcacheProperties:0.292
ResourceUtils:0.24166666666666667
EhCacheTicketRegistry:0.24111111111111114
AbstractJacksonBackedStringSerializer:0.23666666666666666
SimpleHttpClient:0.19666666666666666
SamlMetadataController:0.19333333333333333
FileTrustStoreSslSocketFactory:0.19
EhcacheTicketRegistryConfiguration:0.18666666666666668
