AliasMatcher:0.43333333333333335
JoinMatcher:0.25333333333333335
ValuesMatcher:0.25333333333333335
AssignUniqueIdMatcher:0.17666666666666667
EquiJoinClauseProvider:0.17333333333333334
