JSONScanner:0.8466666666666667
TimeDeserializer:0.16333333333333333
SqlDateDeserializer:0.16333333333333333
