RxDialogSureCancel:0.7733333333333333
RxDialogEditSureCancel:0.5933333333333334
