ViewRenderer:0.4282936507936508
ViewBundle:0.2866666666666667
ViewBundleTest:0.26
HelloWorldConfiguration:0.21666666666666667
HelloWorldApplication:0.17166666666666666
MustacheViewRenderer:0.14333333333333334
FreemarkerViewRenderer:0.10666666666666667
TemplateLoader:0.055714285714285716
MyConfiguration:0.04
