TestFunction:0.25
TestFunctionWithError:0.15
IFunction:0.11161111111111112
IProcessStatus:0.075
DelayedTestFunctionWithError:0.06666666666666667
ProcessStatusMock:0.06
DelayedTestFunction:0.05
