IRmiSWTWorkbenchBot:0.5833333333333334
RmiSWTWorkbenchBot:0.5033333333333333
SarosRmiSWTWorkbenchBot:0.42
RmiTest:0.31666666666666665
ISarosRmiSWTWorkbenchBot:0.29333333333333333
