ClusterVersion:0.7366666666666667
VersionTest:0.24666666666666667
MemberVersionTest:0.12
