WorkflowFactory:0.47333333333333333
WorkflowModuleImpl:0.4533333333333333
JbpmContext:0.18666666666666668
DecisionAction:0.14555555555555558
StopThreads:0.10333333333333333
StartThreads:0.09666666666666666
WorkflowController:0.09
AbstractActionHandler:0.08666666666666667
