PosDocument:0.7222777777777778
PosDocumentLine:0.5612222222222223
PosPanel:0.35
PosModel:0.31
PosOrder:0.18333333333333332
PosShipment:0.13333333333333333
PosOrderLine:0.04666666666666667
