Configuration:0.6466666666666666
IssuesTest:0.42
NullHandlingTest:0.26666666666666666
