DefaultBroadcaster:0.58
AsynchronousProcessor:0.42333333333333334
BlockingIOCometSupport:0.31833333333333336
