MoleculesPage:0.3233333333333333
DescriptorsPage:0.2633333333333333
DescriptorLabelProvider:0.213
ResponsesPage:0.20333333333333334
ObservableQSARLabelProvider:0.20222222222222222
ResponseSorter:0.1975
QSARBuilder:0.19333333333333333
OverviewPage:0.18666666666666668
QsarXMLUtils:0.05
