PointInTime:0.77
PropertyDate:0.4266666666666667
Indi:0.3933333333333333
GedcomWriter:0.21333333333333335
Model:0.19
ReportAges:0.18666666666666668
ProxyEvent:0.17666666666666667
PIT:0.02
