RxDialog:0.5366666666666666
ActivityRxPhoto:0.4
RxDialogWheelYearMonthDay:0.37666666666666665
RxDialogLoadingProgressAcfunVideo:0.16
ActivityRxToast:0.16
