AsyncBroadcastAction:0.5433333333333333
SQLReduceJobStatus:0.4678888888888888
TransportDistributedSQLAction:0.26
TransportSQLReduceHandler:0.25
RecievePartialResultHandler:0.17111111111111113
