ArgType:0.42333333333333334
IfCondition:0.2966666666666667
GenericObjectArg:0.25666666666666665
ObjectArg:0.24333333333333335
UnknownArg:0.17666666666666667
ArrayArg:0.17666666666666667
RegionGen:0.17333333333333334
PrimitiveArg:0.14666666666666667
