InMemoryTestLdapDirectoryServer:0.36333333333333334
MultiTimeUseOrTimeoutExpirationPolicy:0.31333333333333335
AbstractX509LdapTests:0.2518095238095238
AbstractServicesManager:0.24333333333333335
JpaServiceRegistryDaoImplTests:0.23
LdaptiveResourceCRLFetcherTests:0.21666666666666667
AbstractLdapTests:0.13666666666666666
AbstractPoolMonitorTests:0.13666666666666666
TimeAwareServicesManagerConfiguration:0.04
