EntityManager:0.35333333333333333
XmlTree:0.28
DocumentHandler:0.2594444444444445
EditPaneHandler:0.2555555555555556
Handler:0.23333333333333334
XmlPlugin:0.20444444444444446
ActionHandler:0.18166666666666667
GeneralOptionPane:0.13666666666666666
