RawLog:0.65
NetworkPublication:0.44666666666666666
DriverConductor:0.3566666666666667
DriverConductorTest:0.3233333333333333
DirectPublication:0.3233333333333333
PublicationImage:0.30666666666666664
MappedRawLog:0.21666666666666667
LogBufferHelper:0.17444444444444446
RawLogFactoryTest:0.13666666666666666
