SWDownloadFile:0.77
PriorityRating:0.37666666666666665
SWDownloadWorker:0.29333333333333333
UploadEngine:0.18444444444444444
