StandardLibrary:0.6159444444444444
SymbolTable:0.4338888888888889
HopStandardLibrary:0.32666666666666666
AbstractVirtualMachine:0.2966666666666667
HopVirtualMachine:0.21666666666666667
LibraryIndexEntry:0.05333333333333334
