TasksTree:0.7433333333333333
ToolBar:0.4866666666666667
ClassicLayout:0.37
SearchPanel:0.34444444444444444
