Sqls:0.538888888888889
UTF8JsonView:0.445888888888889
AbstractAdaptor:0.37666666666666665
DefaultViewMaker:0.12
