BSONObject:0.5421666666666667
LazyBSONObject:0.36333333333333334
BasicBSONObject:0.35333333333333333
GridFSFile:0.29333333333333333
RawDBObject:0.2633333333333333
LazyWriteableDBObject:0.23333333333333334
