TransportBulkAction:0.5933333333333334
TasksIT:0.5216666666666666
TransportBulkActionTookTests:0.2833333333333333
