MapVariableProvider:0.7533333333333333
MapDelegableVariableProvider:0.41333333333333333
MultiTaskNode:0.38
MultiProcessState:0.22
