Gem:0.5933333333333334
IGemManager:0.5059841269841272
GemManager:0.44
GemListener:0.2888888888888889
AptanaRDTPlugin:0.27666666666666667
