ObjectiveCImplementationGenerator:0.33
Constructor:0.30666666666666664
Method:0.30666666666666664
ImplementationImportCollector:0.29
ObjectiveCImplementationGeneratorTest:0.28
