PrestoConnection:0.5283333333333333
TestJdbcResultSet:0.27
TestDriver:0.2633333333333333
