TransformingDrawVisitor:0.5166666666666667
RingGenerator:0.46166666666666667
IntermediateRenderer:0.44333333333333336
HighlightGenerator:0.18666666666666668
