DefaultSqlSession:0.37666666666666665
BindingTest:0.34
EncodingTest:0.22333333333333333
JiraIbatis260:0.18666666666666668
