TypeSafeBeanFactory:0.8666666666666667
ConfigurationSupport:0.44
AmbiguousBeanLookupException:0.3466666666666667
MultiplePrimaryBeanDefinitionException:0.31536507936507924
TypeSafeBeanFactoryUtils:0.20333333333333334
Config3:0.11666666666666667
