Lwjgl3Cursor:0.43
Lwjgl3Application:0.42083333333333334
Lwjgl3Window:0.3541666666666667
Lwjgl3Graphics:0.35
MainWindow:0.26
