MultiLayerNetwork:0.61
Updater:0.5408888888888889
BaseUpdater:0.2633333333333333
MultiLayerUpdater:0.2
