RedissonLiveObjectService:0.7333333333333333
LiveObjectInterceptor:0.4343888888888889
RLiveObjectService:0.4066666666666667
