CollectionUtils:0.6333333333333333
Beans:0.5933333333333334
ReturnMappedAttributeReleasePolicy:0.29333333333333333
QueryDatabaseAuthenticationHandlerTests:0.25
QueryDatabaseAuthenticationHandler:0.23
CasJdbcAuthenticationConfiguration:0.18666666666666668
AbstractJacksonBackedStringSerializer:0.18
BeansTests:0.15666666666666668
JasigRegisteredServiceDeserializationProblemHandler:0.14666666666666667
