Pool:0.7666666666666667
DatabasePoolBroker:0.2966666666666667
