ProxyFactory:0.47333333333333333
BytecodeGen:0.32
DefaultConstructionProxyFactory:0.26666666666666666
SingleMethodInjector:0.16333333333333333
BridgeClassLoader:0.04666666666666667
