DisplayMode:0.8083333333333333
Graphics:0.54
AndroidGraphics:0.3566666666666667
LwjglGraphics:0.3333333333333333
Rectangle:0.19
JoglGraphics:0.15666666666666668
AngleGraphics:0.14
