ConnectionManager:0.405
Packet:0.39666666666666667
DynamicClusterTest:0.3933333333333333
IORunnable:0.27
