LatexList2Text:0.8266666666666667
LatexList2TextTest:0.29333333333333333
