ShadowView:0.5933333333333334
AccessibilityUtil:0.5
ShadowViewTest:0.49666666666666665
