Configuration:0.41
RuntimeEnvironment:0.33
Message:0.3233333333333333
Util:0.23333333333333334
Messages:0.23166666666666666
SearchHelper:0.14476190476190476
WebappListener:0.13
NormalMessage:0.08666666666666667
AbortMessage:0.08666666666666667
