MongoNamespace:0.3566666666666667
BaseWriteCommandMessage:0.2966666666666667
WriteCommandProtocol:0.27666666666666667
GetMoreProtocol:0.14
QueryProtocol:0.14
CommandProtocol:0.10666666666666667
WriteProtocol:0.09333333333333334
ReplaceProtocol:0.03
UpdateProtocol:0.03
DeleteProtocol:0.03
DeleteCommandProtocol:0.03
InsertCommandProtocol:0.03
ReplaceCommandProtocol:0.03
UpdateCommandProtocol:0.03
InsertProtocol:0.03
