OutRunnable:0.5933333333333334
ConnectionManager:0.4666666666666667
HazelcastClient:0.35555555555555557
