CommonUtils:0.7066666666666667
ConvertUtils:0.41333333333333333
ColumnUtils:0.28
