TestingHttpServletRequest:0.5696666666666667
TestingServiceRequest:0.31666666666666665
