SNMPDataProcessor:0.43333333333333335
SDHModule:0.3566666666666667
PollResult:0.32066666666666666
SyncAction:0.279
ProjectsModule:0.27
SDHContainerLinkDefinition:0.25333333333333335
DefaultReports:0.22666666666666666
MPLSModule:0.21894444444444447
IPAMModule:0.20444444444444446
ReferenceSnmpSyncProvider:0.20333333333333334
SDHTributaryLinkDefinition:0.14333333333333334
SimpleCorrelation:0.09
Util:0.056666666666666664
