MTGFilter:0.5966666666666667
MTGSourceFile:0.5366666666666666
