RestClient:0.6166666666666667
HeapBufferedAsyncResponseConsumer:0.28777777777777774
RestClientSingleHostTests:0.26666666666666666
HeapBufferedAsyncResponseConsumerTests:0.22
RemoteScrollableHitSource:0.14583333333333334
