NoContextUserException:0.7
RequestContext:0.49333333333333335
NLT:0.30666666666666664
NoStackTraceWrapperRuntimeException:0.28
NoStackTraceWrapperException:0.22666666666666666
XSSCheck:0.22111111111111115
UserLocaleResolver:0.14333333333333334
