LayerTreeEditor:0.5066666666666667
EditorObject:0.42333333333333334
TreeEditorCopyHelper:0.34
EditorWidget:0.24
TreeEditorHelper:0.16166666666666665
