IUndoRedoFactory:0.538
ControllerHub:0.4266666666666667
IChemModelRelay:0.37666666666666665
AddAtomsAndBondsEdit:0.24
AdjustBondOrdersEdit:0.23
ChangeAtomSymbolEdit:0.20666666666666667
RemoveAtomsAndBondsEdit:0.20333333333333334
ChangeChargeEdit:0.19333333333333333
