MultiLayerNetwork:0.4755555555555555
Builder:0.44666666666666666
MultiLayerConfiguration:0.4033333333333333
ListBuilder:0.2633333333333333
MultiLayerNeuralNetConfigurationTest:0.13
