Event:0.5366666666666666
ServletEvent:0.5166666666666667
WebFlowNavigationStrategy:0.2833333333333333
StrutsEvent:0.2
ExternalEvent:0.17333333333333334
WebFlowNavigationHandler:0.01
WebApplicationContextVariableResolver:0.0
