STS:0.49
RemoteStrategy:0.45
TestMaterialisation:0.35333333333333333
SwitchRelation:0.31666666666666665
Gate:0.24666666666666667
Variable:0.24333333333333335
Location:0.22333333333333333
GeneralizedGraph:0.03666666666666667
LocationVariable:0.03
InstantiatedSwitchRelation:0.03
STSTest:0.013333333333333334
InteractionVariable:0.0
AllSTSTests:0.0
