ApplicationViewSelector:0.8033333333333333
XmlFlowBuilderTests:0.36666666666666664
TextToViewSelector:0.21666666666666667
