TestOptimizers:0.46361111111111103
ModelSerializer:0.46361111111111103
MultiLayerConfigurationDeserializer:0.19333333333333333
TestListenerSetting:0.15
