AbstractContextSource:0.6366666666666667
LdapContextSourceTest:0.42266666666666663
