CharResponseWrapper:0.19666666666666666
XsltFilter:0.13
UrlURIResolver:0.03666666666666667
