VFS:0.44333333333333336
LogFactory:0.38
DefaultVFS:0.30333333333333334
CglibProxyFactory:0.19
JavassistProxyFactory:0.19
ResolverUtil:0.15333333333333332
JdbcTransaction:0.14
LoadPair:0.10666666666666667
