Tools:0.54
TableAlias:0.28
TableImpl:0.2644444444444445
ArrayTable:0.23
ArrayTableEmulation:0.23
TableFieldImpl:0.22194444444444442
QualifiedField:0.17666666666666667
DialectArrayTable:0.15
