Interface:0.7233333333333334
Util:0.51
Installer:0.29333333333333333
MockDatabase:0.2633333333333333
PerformanceModel:0.26
NetworkElementFactory:0.2575
ResponseTimeModel:0.21
