Parser:0.41333333333333333
LikePredicate:0.28
PredicatesTest:0.25333333333333335
