RecordStore:0.7666666666666667
DefaultRecordStore:0.42
IndexService:0.32466666666666666
MapReplicationOperation:0.26666666666666666
RecordStoreTest:0.15666666666666668
Merger:0.13666666666666666
