ClientEngine:0.4626666666666667
LayerHelper:0.4033333333333333
ConcreteLayer:0.35
TCPProtocol:0.28488888888888897
NetworkTCPTest:0.2833333333333333
StatefullAPIImpl:0.26666666666666666
LayerSet:0.2666111111111111
AbstractClientEngine:0.26
BoundedProperty:0.25333333333333335
ClientMessageProcessor:0.24666666666666667
DatagramProtocol:0.24666666666666667
StatefullAPI:0.24166666666666667
BasicClientEngine:0.23666666666666666
DummyProtocol:0.22
ServerCockpitMultiAppli_Test:0.21
ConnectionThread:0.18833333333333332
ClientConfiguration:0.18
ClientLayerHelper:0.13
MultiAppliGeneratorTest:0.08694444444444442
ServerCockpitMultiAppli2_Test:0.07666666666666666
MultiAppliTestHandler:0.013333333333333334
