Lang:0.72
IocException:0.3433333333333333
BorningException:0.30333333333333334
