JavaClassSource:0.38
JavaSourceTests:0.3433333333333333
JavaPackageSource:0.3233333333333333
JavaMethodSource:0.28
FileSource:0.21
FilePosition:0.20666666666666667
DirectorySource:0.20333333333333334
