Search:0.28
Main:0.26976190476190476
HistoryEntryTest:0.26
Repository:0.2111111111111111
SearchTest:0.19333333333333333
SCCSHistoryParser:0.17333333333333334
AnalyzerGuru:0.17
SubversionHistoryParser:0.14333333333333334
Consts:0.1311111111111111
