OptionsDialog:0.4
CloseOptionsDialog:0.32666666666666666
DownloadPane:0.24
GeneralUIPane:0.23333333333333334
ProxyPane:0.21666666666666667
DirectoriesPane:0.21
SharingPane:0.18333333333333332
BandwidthPane:0.18333333333333332
MainTextPane:0.17
GeneralTextPane:0.17
DisplayPromptsPane:0.10333333333333333
PlainMultiLinePanel:0.06138888888888888
HTMLMultiLinePanel:0.04
