RequestControlContextImpl:0.35333333333333333
WebFlowELExpressionParserTests:0.35333333333333333
TextToTransitionCriteria:0.23
WebFlowOgnlExpressionParserTests:0.18666666666666668
TextToTransitionCriteriaTests:0.12333333333333334
RequestContextELContextFactory:0.11666666666666667
WebFlowOgnlExpressionParser:0.11666666666666667
