Actor:0.6433333333333333
ExecutorDAOHibernateImpl:0.4266666666666667
JbpmExecutionLogic:0.36
UserEmailInfoPatch:0.013333333333333334
