MongoReplyMessage:0.4266666666666667
MongoChannel:0.3466666666666667
MongoChannelTest:0.3
MongoQueryMessage:0.24333333333333335
SingleServerMongoClient:0.23
QueryResult:0.2288888888888889
SingleChannelMongoOperations:0.22583333333333333
SingleChannelMongoClient:0.19527777777777777
MongoCursor:0.14
MongoGetMoreMessage:0.08666666666666667
