DeepWalk:0.8733333333333333
DeepWalkGradientCheck:0.06666666666666667
TestDeepWalk:0.056666666666666664
