JdbcMutableAclService:0.53
JdbcTokenRepositoryImplTests:0.3933333333333333
PopulatedDatabase:0.17666666666666667
DataSourcePopulator:0.17666666666666667
