ChangeCoordsEdit:0.7866666666666666
CleanupAction:0.3566666666666667
CleanUpEdit:0.3333333333333333
