MathFunctions:0.5888888888888889
RoundN:0.56
FunctionRegistry:0.4522222222222223
