CrawlURI:0.6033333333333334
ARHostQueue:0.48333333333333334
Criteria:0.4716666666666667
Context:0.38
ComplexType:0.29
SettingsHandler:0.27666666666666667
CrawlerSettings:0.23333333333333334
CrawlServer:0.22333333333333333
AdaptiveRevisitFrontier:0.20666666666666667
URIRegExpFilter:0.20666666666666667
Refinement:0.19333333333333333
RegularExpressionCriteria:0.17333333333333334
AttributeIterator:0.16
PortnumberCriteria:0.13666666666666666
ContentTypeRegExprCriteria:0.13666666666666666
TimespanCriteria:0.13333333333333333
ARHostQueueList:0.041666666666666664
ARHostQueueTest:0.03666666666666667
ChangeEvaluator:0.035833333333333335
WaitEvaluator:0.018333333333333333
ARAttributeConstants:0.0
