ExtendedMappings:0.44484523809523807
SimpleValueBinder:0.38666666666666666
AnnotationConfiguration:0.36
PropertyBinder:0.26666666666666666
ExtendedMappingsImpl:0.23666666666666666
AnnotationBinder:0.2213888888888889
BasicHibernateAnnotationsTest:0.15666666666666668
