Pbuffer:0.5915555555555556
RenderTexture:0.4866666666666667
