GTS:0.5466666666666666
AbstractGraphState:0.26666666666666666
LTSJModel:0.22
CycleAcceptor:0.21861111111111114
GenerateProgressListener:0.205
MinimaxStrategy:0.19583333333333333
ProductListener:0.15333333333333332
GTSListener:0.15333333333333332
GTSChangeListener:0.12666666666666668
AnyStateAcceptor:0.11666666666666667
MyLTSListener:0.11666666666666667
RandomNewStateChooser:0.11666666666666667
GTSCounter:0.10333333333333333
FinalStateAcceptor:0.06666666666666667
