SiteScapeFileSystemImpl:0.5433333333333333
CCClient:0.38
DefaultCCClientCallback:0.30046031746031737
DispatchServer:0.16333333333333333
CCClientCallback:0.13547619047619047
CCExecutionTemplate:0.10444444444444444
