JFXScenarioPanel:0.5166666666666667
SwingScenarioPanel:0.5066666666666667
AbstractScenarioPanel:0.28
ScenarioPlugin:0.23
SwingInitializer:0.12699999999999997
JFXInitializer:0.12699999999999997
