Draft:0.75
WebSocketImpl:0.29333333333333333
Draft_10:0.26
Draft_76:0.26
Draft_75:0.26
Draft_17:0.11666666666666667
