LogConfigurator:0.5966666666666667
LoggingConfigurationTests:0.36333333333333334
Bootstrap:0.3282777777777778
Log4jESLoggerTests:0.2812222222222222
PluginManagerCliParser:0.17277777777777775
