IStrandTest:0.4
IMoleculeSetTest:0.3433333333333333
IPDBAtomTest:0.32666666666666666
IRingSetTest:0.28
IPDBPolymerTest:0.2733333333333333
IPDBMonomerTest:0.27
