ExecutorDAO:0.84
ExecutorService:0.51
ExecutorDAOHibernateImpl:0.4033333333333333
ActorPassword:0.32666666666666666
ExecutorServiceBean:0.2833333333333333
ExecutorServiceDelegate:0.2733333333333333
ExecutorServiceDelegateRemoteImpl:0.21666666666666667
ExecutorServiceDelegateLocalImpl:0.20333333333333334
ExecutorLogic:0.20333333333333334
EmailTaskNotifierActionHandler:0.09
SubordinateRecursiveFunction:0.03
