OffsetTimeType:0.4533333333333333
LocalDateType:0.4533333333333333
LocalTimeType:0.4533333333333333
