Attributes2GrantedAuthoritiesMapper:0.43333333333333335
MappableAttributesRetriever:0.2866666666666667
J2eeBasedPreAuthenticatedWebAuthenticationDetailsSourceTests:0.2733333333333333
J2eeBasedPreAuthenticatedWebAuthenticationDetailsSource:0.26666666666666666
WebXmlJ2eeDefinedRolesRetrieverTests:0.18666666666666668
SimpleRoles2GrantedAuthoritiesMapperTests:0.09
SimpleMappableRolesRetrieverTests:0.08277777777777776
SimpleAttributes2GrantedAuthoritiesMapper:0.08
XmlMappableAttributesRetriever:0.07
XmlMappableRolesRetrieverTests:0.056666666666666664
SimpleMappableAttributesRetriever:0.013333333333333334
WebXmlMappableAttributesRetriever:0.0
