MetaWeblogAPIHandler:0.48
BloggerAPIHandler:0.47333333333333333
AbstractBlojsomAPIHandler:0.29333333333333333
