ScenarioListDialog:0.7566666666666667
ScenarioPanel:0.44333333333333336
