Util:0.5008333333333334
PersistenceService:0.41
DefaultSnmpSyncReader:0.2
AbstractSyncProvider:0.18833333333333332
RemoteSynchronizationGroup:0.15333333333333332
SynchronizationGroup:0.07333333333333333
SyncDataSourceConfiguration:0.04
RemoteSynchronizationProvider:0.0033333333333333335
RemoteSynchronizationConfiguration:0.0033333333333333335
