Date:0.44333333333333336
PiecewiseYieldCurve:0.43
Index:0.33666666666666667
IndexManager:0.26666666666666666
InterpolatedForwardCurve:0.2377777777777778
InterpolatedZeroCurve:0.2377777777777778
InterpolatedDiscountCurve:0.2377777777777778
InterestRateIndex:0.19333333333333333
IborCoupon:0.17666666666666667
PiecewiseYieldCurveTest:0.12333333333333334
Bonds:0.11666666666666667
USDCurrency:0.09333333333333334
