ESIntegTestCase:0.44083333333333335
MergePolicyConfig:0.43666666666666665
MergePolicySettingsTests:0.3333333333333333
ClusterModule:0.1963888888888889
