Robot:0.6633333333333333
ComponentTester:0.5766666666666667
RobotTest:0.3933333333333333
ComponentTesterTest:0.36333333333333334
