LightModel:0.55
LightModelProcessor:0.3433333333333333
RadiationModel:0.33666666666666667
RadiationModelTask:0.25666666666666665
ParallelRadiationModel:0.14666666666666667
