Name:0.7208333333333333
UnqualifiedName:0.45666666666666667
QualifiedName:0.39666666666666667
