Ioc:0.8966666666666666
NutIoc:0.8066666666666666
SimpleIocTest:0.11666666666666667
