DefinitiveDOWriter:0.6933333333333334
DOWriter:0.6116666666666667
METSDOSerializer:0.20666666666666667
METSDODeserializer:0.135
