TestParserExec:0.3933333333333333
TestSemPredEvalParser:0.25
TestLexerExec:0.22666666666666666
