Crop:0.4633333333333333
BuildingConfig:0.38
ResourceProcess:0.12666666666666668
CropType:0.09333333333333334
BuildingAirlock:0.04666666666666667
CropConfig:0.023333333333333334
