Trace:0.6966666666666667
QedeqConfig:0.5133333333333333
