CustomFieldDAOImplTest:0.4083333333333333
IssueServiceTest:0.3977777777777778
