CandidateURI:0.3933333333333333
CrawlURI:0.3466666666666667
UURISet:0.345
Frontier:0.31666666666666665
MemFPUURISet:0.2966666666666667
PreconditionEnforcer:0.24666666666666667
Scope:0.24
ARCWriter:0.21333333333333335
ToeThread:0.21
CrawlController:0.18333333333333332
ExtractorHTML:0.15666666666666668
Postselector:0.14666666666666667
HttpRecorder:0.14333333333333334
URIFrontier:0.11753968253968256
MemUURISet:0.11333333333333333
SeedExtensionFilter:0.10833333333333334
UriProcessingFormatter:0.10666666666666667
TransclusionFilter:0.03666666666666667
HopsFilter:0.03
CoreAttributeConstants:0.0
