ClientDistributedTask:0.48833333333333334
MapStatisticsGenerator:0.35333333333333333
MapThroughputPanel:0.18333333333333332
SimpleMapTest:0.15222222222222223
ExecutorServiceHandler:0.15
