DOValidatorImpl:0.69
DOValidator:0.6886666666666666
DOValidatorModule:0.37666666666666665
