SQLGrammar:0.5133333333333333
Setup:0.39
TableVisitor:0.3466666666666667
TypeId:0.33
TableVisitorTest:0.33
SQLGrammarTokenManager:0.29
InformationSchemaServiceTest:0.28
DispatchingVisitor:0.27666666666666667
SQLTypeMappingTest:0.26666666666666666
ColumnUnknownException:0.24444444444444446
TransportSQLActionTest:0.23
BenchmarkBase:0.22333333333333333
DataTypeDescriptor:0.21666666666666667
ShardStatsTest:0.20333333333333334
RestSqlActionTest:0.16333333333333333
FormatIds:0.03666666666666667
SQLGrammarConstants:0.0
Factories:0.0
