IMap:0.84
MapProxySupport:0.36333333333333334
BasicTest:0.2833333333333333
