GravesLSTMParamInitializer:0.48333333333333334
LSTMParamInitializer:0.48333333333333334
SimpleRnnParamInitializer:0.4766666666666667
