Config:0.6433333333333333
FeatureProperty:0.39222222222222225
AnnotationEditor:0.31333333333333335
DrawableFeatureSet:0.23
DrawableUtil:0.22
SimpleNameAdapter:0.08
