JavaScriptScriptEngineService:0.5694444444444444
JavaScriptSecurityTests:0.37
PythonSecurityTests:0.19666666666666666
