AllField:0.453611111111111
AllFieldMapper:0.3022222222222222
SimpleAllMapperTests:0.18666666666666668
