TestPort:0.6655555555555556
ReprapTest:0.12333333333333334
