Settings:0.5333333333333333
jOOQTest:0.4266666666666667
DefaultRenderContext:0.25833333333333336
RenderAndBindTests:0.21666666666666667
