AbstractMenu:0.62
AbstractMenuItem:0.6
VectorUtil:0.49
SwingUtil:0.4033333333333333
Queue:0.39666666666666667
DAGComponent:0.34
ListEditor:0.27666666666666667
DAGListener:0.22666666666666666
BooleanFilter:0.18333333333333332
MultiProperties:0.1795
DiskCachedList:0.1
ProgressBarProgressListener:0.08333333333333333
ReusableProgressEvent:0.0811111111111111
MultiIcon:0.03333333333333333
PlafUtil:0.023333333333333334
TreeMenuRenderer:0.014166666666666666
