RunBackToCursorAction:0.894626984126984
RunToCursorAction:0.894626984126984
