ScoreFunction:0.7327777777777779
WeightFactorFunction:0.27666666666666667
FieldValueFactorFunction:0.24333333333333335
FunctionScoreTests:0.23333333333333334
ExplainableScriptTests:0.19333333333333333
BoostScoreFunction:0.15333333333333332
CustomBoostFactorWeight:0.12
ScriptScoreFunction:0.08666666666666667
RandomScoreFunction:0.08
AbstractDistanceScoreFunction:0.07333333333333333
ScoreOne:0.05333333333333334
ExplainableSearchScript:0.04
MyScript:0.0033333333333333335
