JbpmExecutionLogic:0.5566666666666666
ListTaskTestSelenium:0.41111111111111115
ProfileChangingTestSelenium:0.3022222222222222
