ResourceLib:0.65
FileCopyMgr:0.43166666666666664
MassiveDelete:0.2833333333333333
Delete:0.27666666666666667
