WfServiceTestHelper:0.49
JbpmExecutionServiceBean:0.36333333333333334
TimerRunnerServiceBean:0.33666666666666667
JbpmExecutionLogic:0.2866666666666667
ExecutionServiceDelegateLocalImpl:0.20666666666666667
ExecutionServiceDelegateTimerTest:0.04666666666666667
