LocalClassWrapper:0.6444444444444445
LocalAttributeWrapper:0.6128333333333333
ClassHierarchyScene:0.35
LocalAttributeWrapperImpl:0.26
LocalClassWrapperImpl:0.24
