JGraph:0.55
Editor:0.4
LTSJVertex:0.25
AJVertex:0.23155555555555557
JGraphPanel:0.23155555555555557
GraphJEdge:0.22333333333333333
RuleSetStartBoundary:0.15333333333333332
