Builder:0.36333333333333334
ConvolutionUtils:0.2866666666666667
ConvolutionParamInitializer:0.27666666666666667
SubsamplingLayer:0.2733333333333333
NeuralNetConfiguration:0.26733333333333337
ConvolutionLayer:0.23833333333333334
NeuralNetConfLayerBuilderTest:0.17666666666666667
