BaseTasksRequest:0.36
BaseNodesRequest:0.3433333333333333
ClusterInfoRequest:0.32666666666666666
ReplicationRequest:0.31666666666666665
ActionRequest:0.31333333333333335
AcknowledgedRequest:0.21666666666666667
BroadcastRequest:0.21666666666666667
InstanceShardOperationRequest:0.21666666666666667
SingleShardRequest:0.19666666666666666
MasterNodeRequest:0.16666666666666666
MasterNodeReadRequest:0.14333333333333334
