JsonSchemaValidator:0.56
JsonSchemaValidatorSettings:0.33666666666666667
JsonSchemaValidationITest:0.26666666666666666
Schema:0.23833333333333334
JsonSchemaValidatorFactory:0.19333333333333333
