InstallerConfig:0.5166666666666667
ConfigWizard:0.2733333333333333
InstallServiceImpl:0.26666666666666666
InitialConfigPage:0.17666666666666667
UpdateDatabaseCallback:0.16444444444444445
ReconfigureCallback:0.16444444444444445
StartFilrCallback:0.16444444444444445
CreateDatabaseCallback:0.12666666666666668
