FolderEntrySharing:0.45699999999999996
GwtTeamingMessages:0.41888888888888887
FolderEntrySidebar:0.31333333333333335
