WsFederationConfiguration:0.49333333333333335
AbstractCasWebflowConfigurer:0.37666666666666665
Beans:0.3333333333333333
WsFederationAction:0.32666666666666666
WsFederationHelper:0.24666666666666667
WsFederationHelperTests:0.24
AuthenticationProperties:0.24
WsFederationWebflowConfigurer:0.23048989898989902
WsFedAuthenticationEventExecutionPlanConfiguration:0.19333333333333333
SqrlConfiguration:0.14333333333333334
WsFedClient:0.13666666666666666
LdapAuthenticationConfiguration:0.11
JpaConfigDataHolder:0.09821428571428571
WsFederationAuthenticationWebflowConfiguration:0.09
WsFederationAuthenticationConfiguration:0.0025
CasWebflowConstants:0.0
