SeriesBean:0.43333333333333335
AttributeFilter:0.28
updateAttributes:0.13333333333333333
UpdateAttributes:0.10838095238095237
UpdateAttributesService:0.06666666666666667
UpdateAttributesBean:0.013333333333333334
