ClosableProjectMBeanConnection:0.4766666666666667
BuildLoopQueryService:0.44666666666666666
BuildInformationRepositoryInMemoImpl:0.4222222222222222
BuildInformationRepositoryInMemoImplTest:0.22333333333333333
BuildLoopQueryServiceTest:0.21333333333333335
