Shape:0.8066666666666666
Materialisation:0.31
ShapeStateGenerator:0.11895238095238096
