XLogPDescriptor:0.5905555555555555
IsProtonInAromaticSystemDescriptor:0.4033333333333333
TPSADescriptor:0.36666666666666664
