RegisterSet:0.42
HyperLogLog:0.39666666666666667
HyperLogLogPlus:0.37666666666666665
RegisterSetTest:0.11333333333333333
