IMap:0.7466666666666667
MProxyReal:0.33666666666666667
MProxyImpl:0.3233333333333333
MapPutTransientHandler:0.27444444444444444
CMapTest:0.25666666666666665
MapClientProxy:0.22666666666666666
UnresolvedIssues:0.22
HazelcastTest:0.21333333333333335
ClientService:0.17333333333333334
MapSetHandler:0.14432936507936509
