ClientConductor:0.6751111111111112
MediaConductor:0.2966666666666667
MediaConductorProxy:0.29333333333333333
UnicastSenderTest:0.27166666666666667
AeronTest:0.20166666666666666
MediaConductorProxyTest:0.19666666666666666
MediaConductorCursor:0.19666666666666666
ReceiverCursor:0.09166666666666666
