Robolectric:0.6733333333333333
ShadowLocalBroadcastManager:0.30333333333333334
HiddenLocalBroadcastManager:0.2966666666666667
AndroidTranslator:0.2777222222222222
LocalBroadcastManagerTest:0.16333333333333333
