Seq:0.465
AbstractSeqTest:0.37666666666666665
IndexedSeq:0.3333333333333333
Cons:0.2611111111111111
Nil:0.25666666666666665
LinearSeq:0.25666666666666665
Stream:0.22305555555555553
