ArcSDEConnection:0.63
DataManager:0.43
AbstractHarvester:0.2833333333333333
LocalFilesystemHarvester:0.25
ArcSDEHarvester:0.23333333333333334
Common:0.11666666666666667
LocalFilesystemParams:0.11333333333333333
ArcSDEParams:0.11333333333333333
XMLExtensionFilenameFilter:0.07
ArcSDEMetadataAdapter:0.06
