Flyway:0.72
Main:0.2288888888888889
AbstractFlywayTask:0.22
AbstractFlywayMojo:0.2
FlywaySmallTest:0.15
FlywayMediumTest:0.14666666666666667
