AndroidManifest:0.51
RobolectricPackageManager:0.44484523809523807
AndroidManifestTest:0.3433333333333333
DefaultPackageManager:0.3233333333333333
BroadcastReceiverData:0.16
DefaultRobolectricPackageManagerTest:0.12
