ToOneIdMapper:0.24333333333333335
JoinMulIdNaming:0.24
JoinEmbIdNaming:0.24
MixedInheritanceStrategiesEntityTest:0.23333333333333334
AbstractInheritanceStrategiesSessionTest:0.22333333333333333
AbstractActivity:0.22333333333333333
JoinNaming:0.20666666666666667
JoinedSubclassInheritanceSessionTest:0.13666666666666666
MixedInheritanceStrategiesSessionTest:0.13666666666666666
RelatedAuditExpression:0.11333333333333333
NotNullAuditExpression:0.11333333333333333
NullAuditExpression:0.11333333333333333
SimpleAuditExpression:0.11333333333333333
ToOneRelationMetadataGenerator:0.09333333333333334
