ApolloPanel:0.6433333333333333
FineFeatureEditorPanel:0.45666666666666667
DrawableLimitedFeatureSet:0.29
FineApolloPanel:0.29
StrandedZoomableApolloPanel:0.25
DragFeatureView:0.09277777777777778
