DynamicRefTable:0.36
ResXMLParser:0.3333333333333333
ShadowArscAssetManager:0.32
_CompressedAsset:0.30666666666666664
Res_value:0.2966666666666667
ResTable:0.27
_FileAsset:0.25333333333333335
ShadowXmlBlock:0.21555555555555558
ShadowViewTest:0.16
