EditorControllerRequestBean:0.18666666666666668
UserEditorController:0.17666666666666667
RoleEditorController:0.17666666666666667
PermissionResult:0.15666666666666668
UserResult:0.15666666666666668
RoleResult:0.15666666666666668
PermissionEditorController:0.15
