Mongo:0.6533333333333333
ClusterSettings:0.3308333333333333
ClusterDescriptionTest:0.29
DiscoveringCluster:0.2762777777777778
ReadPreferenceTest:0.24
Builder:0.23333333333333334
DirectCluster:0.22666666666666666
LatencyMinimizingServerSelectorTest:0.18
ReadPreferenceServerSelectorTest:0.18
SaslAsyncAuthenticator:0.17666666666666667
MongoClients:0.17
CommandReadPreferenceHelper:0.17
DefaultClusterFactory:0.16749999999999998
Fixture:0.16
CommandReadPreferenceHelperTest:0.13666666666666666
AsyncCommandOperationTest:0.09333333333333334
DirectClusterTest:0.09333333333333334
ServerAddressSelectorTest:0.09333333333333334
X509AsyncAuthenticator:0.08
NativeAsyncAuthenticator:0.08
