RWorkspace:0.8166666666666667
StructuralUnitProperty:0.2866666666666667
Repartition:0.26
ComputeRepartition:0.13666666666666666
