DeliveriesTest:0.6813888888888889
Maps:0.49
HibernatePersistenceProvider:0.38333333333333336
