UserExt:0.5233333333333333
UserMgmtService:0.4533333333333333
LoginProcessor:0.27
SymphonyServletListener:0.24666666666666667
