InnerExpressionAnalyzer:0.6044444444444445
SingleRowSubselectAnalyzerTest:0.3293333333333333
