MultiCircleNonJpaCascadeIdentityTest:0.7533333333333333
MultiCircleJpaCascadeIdentityTest:0.5458333333333333
