Value:0.46
TryTest:0.35333333333333333
OptionTest:0.22333333333333333
AbstractValueTest:0.2
