TransportSQLActionTest:0.3466666666666667
Setup:0.33
Planner:0.2833333333333333
CollectSetAggregationTest:0.25
LuceneDocCollector:0.19666666666666666
CollectSetAggregation:0.175
VersionHandlingIntegrationTest:0.13666666666666666
ResponseForwarder:0.1
