XmlPlugin:0.45
XmlParser:0.42333333333333334
TagHighlight:0.3933333333333333
