MediumName:0.6703174603174603
Processing:0.6633333333333333
DescriptionsTest:0.4880555555555555
