WebDriverTestCase:0.7177777777777777
XMLHTTPRequest:0.37333333333333335
FormData:0.20333333333333334
PrintRequestServlet:0.17333333333333334
FormDataTest:0.04416666666666667
