TestXml:0.7933333333333333
SimpleErrorHandler:0.2272222222222222
