MatcherTestApplication:0.8633333333333333
MatcherTest:0.36333333333333334
