ComplexType:0.5566666666666666
AssociationDescriptor:0.36666666666666664
AttributeDescriptor:0.29333333333333333
