PythonGrammarTokenManager:0.5991666666666666
SimpleNode:0.5522222222222222
parser:0.31333333333333335
