InChI:0.55
StdInChIParser:0.41333333333333333
JChemPaint:0.39666666666666667
WaitDialog:0.29333333333333333
SaveAsAction:0.20666666666666667
JCPSaveFileFilter:0.17666666666666667
StdInChIReader:0.17666666666666667
CopyPasteAction:0.14666666666666667
StdInChIGenerator:0.14111111111111113
InsertTextPanel:0.14
StdInChIGeneratorTest:0.07
CreateInChIAction:0.043333333333333335
StdInChITool:0.0
