NFA:0.43666666666666665
NFABytecodeTriggers:0.39
Instruction:0.24833333333333332
NFABytecodeGenerator:0.20666666666666667
DFA10:0.16666666666666666
DFA7:0.16666666666666666
DFA6:0.16666666666666666
DFA16:0.16666666666666666
TestNFABytecodeInterp:0.09666666666666666
ThreadState:0.043333333333333335
TestNFABytecodeGeneration:0.013333333333333334
