ExecutorCache:0.5033333333333333
TaskCache:0.33666666666666667
JbpmExecutionLogic:0.33
ExecutorDAOHibernateImpl:0.31
VersionedCache:0.27051984126984113
ExecutorCacheCtrl:0.25
IExecutorCache:0.24166666666666667
BaseCacheCtrl:0.23
BaseCacheImpl:0.14333333333333334
TaskCacheCtrl:0.08666666666666667
ITaskCache:0.06444444444444446
