Reaction:0.4266666666666667
IReaction:0.37527777777777777
ReactionTest:0.3466666666666667
AtomContainerSet:0.33
DebugAtomContainerSet:0.2966666666666667
DebugMoleculeSet:0.26
DebugReaction:0.24
AtomContainerSetTest:0.2
IAtomContainerSet:0.1922222222222222
