PLutPanel:0.5166666666666667
PLutBuilder:0.4866666666666667
ImagePanel:0.2683333333333333
