GeneEditPanel:0.4722222222222222
DbxrefDialog:0.3933333333333333
DbxRefTableModel:0.33
