CharSubSequence:0.7366666666666667
MultiByteReplayCharSequence:0.41333333333333333
