RealWebSocket:0.43333333333333335
RealWebSocketTest:0.38
WebSocketCall:0.23333333333333334
ConnectionWebSocket:0.19666666666666666
