ExchangeNode:0.5233333333333333
Rewriter:0.31333333333333335
NodePrinter:0.22
Fragmenter:0.20333333333333334
FragmentProperties:0.18666666666666668
