BindingImpl:0.6872222222222223
InjectorImpl:0.4766666666666667
BindCommandProcessor:0.29
ClassBindingImpl:0.16333333333333333
