DocFetcher:0.6766666666666666
Timer:0.27666666666666667
