SitemapNodeEditorController:0.35333333333333333
AssorterEntityLoader:0.35
LoadRolesForAssorterResult:0.2866666666666667
SitemapNodeCopier:0.22333333333333333
AssorterEntityLoaderRequest:0.18833333333333332
AdminErrorResult:0.15333333333333332
SitemapNodeEditor:0.15
SitemapNodeEditorControllerCommandURLGenerator:0.13222222222222224
LoadRolesRequest:0.0011111111111111111
