TriggerRouterService:0.5083333333333333
JdbcSqlTemplate:0.24333333333333335
FirebirdBuilder:0.2
InterbaseBuilder:0.2
InterbaseJdbcSqlTemplate:0.14333333333333334
InterbaseTriggerTemplate:0.12
FirebirdTriggerTemplate:0.12
