ProofParserPane:0.7166666666666667
ProofTextParserAction:0.21892063492063496
