Messages:0.7266666666666667
SessionDetail:0.2833333333333333
TN5250JPart:0.25666666666666665
SessionDetailDialog:0.17333333333333334
PreferencePage2:0.16666666666666666
PreferencePage3:0.16333333333333333
PreferencePage4:0.15333333333333332
DialogActionTypes:0.10666666666666667
PreferencePage1:0.07666666666666666
