ARCWriterProcessor:0.5283333333333333
FetchDNS:0.30333333333333334
FetchStatusCodes:0.014071428571428572
