AstBuilder:0.47
Except:0.35
Intersect:0.2966666666666667
Formatter:0.2966666666666667
TestSqlParser:0.25666666666666665
DefaultTraversalVisitor:0.23694444444444443
Union:0.22
TestStatementBuilder:0.13333333333333333
