CoolLabel:0.28
NoteWidget:0.25
DeskletWidgetContext:0.25
Console:0.21666666666666667
Desktop:0.17
AppSettings:0.14333333333333334
ConfigureAction:0.13115079365079366
