SellItemFlowExecutionListener:0.6364814814814815
SellItemAction:0.44166666666666665
