CentralAuthenticationServiceImpl:0.5333333333333333
JsonServiceRegistryDaoTests:0.4
CentralAuthenticationServiceImplWithMockitoTests:0.31333333333333335
AbstractInMemoryThrottledSubmissionHandlerInterceptorAdapter:0.21666666666666667
HardTimeoutExpirationPolicy:0.17666666666666667
