Email:0.8033333333333333
CommonEmail:0.30333333333333334
SendMailSession:0.2866666666666667
