DeskletWidget:0.7066666666666667
DeskletWidgetContext:0.37333333333333335
DeskletWidgetContainer:0.36
