DefaultUrlHelperTest:0.5433333333333333
DefaultUrlHelper:0.5266666666666666
URLDecoderUtil:0.5138888888888888
URLDecoderUtilTest:0.20666666666666667
