Router:0.6797222222222223
ChatElement:0.41833333333333333
