IPAccessRule:0.7133333333333334
IOUtil:0.7132777777777778
