JobSupervisor:0.4266666666666667
MultiMapKeyValueSource:0.42333333333333334
MapCombineTask:0.27666666666666667
PartitionProcessor:0.20580952380952383
NodeJobTracker:0.18
MapReduceDataSerializerHook:0.17666666666666667
SingleExecutionProcessor:0.155
