RegisteredService:0.81
RegisteredServiceFactory:0.49166666666666664
DefaultRegisteredServiceFactory:0.3233333333333333
CasManagementWebAppConfiguration:0.31666666666666665
FormDataPopulator:0.25388888888888883
ManageRegisteredServicesMultiActionControllerTests:0.23
RegisteredServiceSimpleFormControllerTests:0.22333333333333333
RegisteredServiceSimpleFormController:0.18
ManageRegisteredServicesMultiActionController:0.16333333333333333
