Simulator:0.52
Options:0.49
ActionStore:0.38
LTSTab:0.26
StateTab:0.25666666666666665
LTSDisplay:0.18333333333333332
ShowLTSAction:0.17833333333333334
MyLTSListener:0.17666666666666667
GraphPanel:0.07666666666666666
