Planner:0.7733333333333333
PlannerTest:0.56
InsertFromSubQueryAnalyzer:0.29333333333333333
