AccessUserAspectData:0.7666666666666667
UpgradeSessionBean:0.47
ComplexAccessControlSessionBean:0.29
ComplexAccessControlSessionLocal:0.18333333333333332
