ApplicationEntityManager:0.78
ApplicationEntityManagerImpl:0.49666666666666665
WebserviceBeanRemote:0.2866666666666667
KuwaibaService:0.24
WebserviceBean:0.21333333333333335
