MetaProperty:0.73
ChoosePropertyBean:0.36333333333333334
Model:0.23833333333333334
Callback:0.16
Add:0.15333333333333332
EventsBean:0.10333333333333333
