WebserviceBeanImpl:0.46
CacheManager:0.37333333333333335
MPLSModule:0.32666666666666666
BusinessEntityManagerImpl:0.26666666666666666
BridgeDomainSyncProvider:0.24444444444444446
