SymbolTable:0.5866666666666667
ParserConfig:0.5711111111111111
OOMTest:0.2833333333333333
