SpringXmlConfigBuilder:0.6522222222222221
SpringXmlBuilder:0.3566666666666667
TestFullApplicationContext:0.28
