JMVUtils:0.48
EventManager:0.39666666666666667
GeomUtil:0.39666666666666667
AdvancedShape:0.3333333333333333
Measure2DAnalyse:0.29333333333333333
DefaultDragSequence:0.2611111111111111
AbstractDragGraphic:0.23
ImageViewerEventManager:0.23
PaintLabel:0.22666666666666666
DefaultView2d:0.22333333333333333
PerpendicularLineGraphic:0.21333333333333335
AbstractDragGraphicArea:0.19666666666666666
MeasureTool:0.18666666666666668
ViewSetting:0.14333333333333334
ZoomSetting:0.14
AngleToolGraphic:0.10666666666666667
