Texture:0.64
ReferenceCountedAsset:0.43122222222222223
AssetManager:0.27666666666666667
AssetManagerTest:0.2733333333333333
TextureLoader:0.17444444444444446
JoglDebugStarter:0.14333333333333334
ReferenceCountedTexture:0.10333333333333333
