Message:0.7833333333333333
AlarmManager:0.33
FeedThread:0.29
NotificationAction:0.2733333333333333
