DiscoveryTests:0.7886111111111112
ExecutionListenerAdapterTests:0.4333888888888888
