Subscriber:0.46642857142857147
DataHandler:0.3342936507936507
DataFrameHandler:0.3333333333333333
ReceiverTest:0.32666666666666666
PubUnicastTest:0.16
TermRebuilder:0.14333333333333334
ExampleDataHandler:0.03333333333333333
