PointerBuffer:0.8483333333333334
JavaMethodsGenerator:0.3466666666666667
