JmolTest:0.5866666666666667
JumboTest:0.4266666666666667
PDBReaderTest:0.3983333333333333
