IUserManager:0.7433333333333333
UserManager:0.67
LogoutAction:0.26666666666666666
