Lang:0.65
Castor:0.3233333333333333
Castors:0.30333333333333334
String2Pattern:0.10666666666666667
