AnalyzingCompletionLookupProvider:0.6266666666666667
CompletionSuggestSearchTests:0.53
CompletionSuggester:0.19333333333333333
CompletionPostingsFormatTest:0.07333333333333333
