AbstractTraversableOnceTest:0.5633333333333334
Tree:0.38333333333333336
TreeTest:0.31
AbstractValueTest:0.3
