ConnectionPool:0.38333333333333336
MasterSlaveEntry:0.33
MasterSlaveConnectionManager:0.31
RedisClientConfig:0.27
NodeSource:0.25
LoadBalancerManager:0.23666666666666666
DNSMonitor:0.22333333333333333
RedisClient:0.20666666666666667
ConnectionManager:0.19416666666666665
