IndexShard:0.6433333333333333
IndexingMemoryController:0.31666666666666665
ShardsIndicesStatusChecker:0.23
IndexShardTests:0.21333333333333335
IndexingMemoryControllerTests:0.18333333333333332
MockController:0.18
