TypeWriter:0.56
MethodWriter:0.47600000000000003
ConstructorWriter:0.3466666666666667
