MappingHelper:0.71
AbstractEntityBinder:0.33666666666666667
HbmHelper:0.31
HbmSimpleAttributeDomainState:0.2733333333333333
HbmPluralAttributeDomainState:0.2633333333333333
HbmManyToOneAttributeDomainState:0.24666666666666667
AbstractHbmAttributeDomainState:0.07333333333333333
