ShadowNetworkInfo:0.8133333333333334
ShadowConnectivityManager:0.44333333333333336
ConnectivityManagerTest:0.10333333333333333
