Visitor:0.6033333333333334
LuceneQueryBuilderTest:0.45
LuceneQueryBuilderIntegrationTest:0.27666666666666667
