GrpclbLoadBalancerTest:0.4066666666666667
PickResult:0.33666666666666667
RoundRobinEntry:0.33
LbResponseObserver:0.24944444444444447
RoundRobinPicker:0.21
GrpclbLoadBalancer:0.20888888888888887
ServerEntry:0.1425
