DTOFactory:0.3933333333333333
StudyDTO:0.37666666666666665
SingleValue:0.30666666666666664
SeriesDTO:0.2833333333333333
SqlBuilder:0.23
ContentManagerBean:0.19666666666666666
QueryStudiesCmd:0.18333333333333332
ModalitiesInStudy:0.18333333333333332
InstanceDTO:0.17
ImageDTO:0.10333333333333333
StructuredReportDTO:0.042777777777777776
PresentationStateDTO:0.042777777777777776
