GwtApplication:0.6505555555555557
SoundTest:0.20333333333333334
GwtTestStarter:0.2
AlphaTest:0.15666666666666668
LwjglDebugStarter:0.15083333333333335
