NearCacheStats:0.71
ClientMapNearCacheTest:0.5
NearCacheStatsImpl:0.48333333333333334
NearCacheTest:0.41333333333333333
CacheRecordHashMap:0.24666666666666667
AbstractCacheRecordStore:0.21666666666666667
NearCacheImpl:0.18666666666666668
HeapNearCacheRecordMap:0.18333333333333332
ClientNearCacheTestSupport:0.17333333333333334
AbstractNearCacheRecordStore:0.17166666666666666
ClientHeapNearCache:0.16833333333333333
ClientNearCacheTest:0.13
BaseHeapNearCacheRecordStore:0.11666666666666667
NearCacheStatsImplTest:0.0636111111111111
EvictionListener:0.0
