Json:0.5433333333333333
JsonEntityField:0.5
JsonEntity:0.45666666666666667
