MapReduceService:0.7366666666666667
MappingJob:0.4
ReducingJob:0.34355555555555556
