Binding:0.6566666666666666
BinderImpl:0.42
ContainerImpl:0.36666666666666664
ReflectionTest:0.18
BindingsMultimap:0.14333333333333334
BindingInfo:0.11
