QueryMonitor:0.5333333333333333
TestSqlTask:0.31666666666666665
TestSqlTaskManager:0.2966666666666667
