OperationExecutor:0.7133333333333334
NodeExtension:0.7100000000000001
DefaultNodeExtension:0.36333333333333334
HttpPostCommandProcessor:0.3433333333333333
TaskPollThread:0.33666666666666667
TestHazelcastInstanceFactory:0.26
ClassicOperationExecutor:0.2
ClassicOperationExecutorTest:0.10333333333333333
ConsoleRequestConstants:0.0
HttpCommandProcessor:0.0
