PackageNameTest:0.6916666666666667
RobolectricGradleTestRunner:0.48333333333333334
ParallelUniverseTest:0.36666666666666664
DefaultTestLifecycleTest:0.3566666666666667
RobolectricGradleTestRunnerTest:0.21333333333333335
