UpdateRequest:0.7833333333333333
UpdateRequestBuilder:0.3566666666666667
UpdateTests:0.20333333333333334
UpdateHelper:0.20333333333333334
