LocusTable:0.7333333333333333
GeneTable:0.5333333333333333
GeneralDB:0.18333333333333332
