CertTools:0.6833333333333333
DNFieldsUtil:0.27666666666666667
X509CA:0.22666666666666666
CAInterfaceBean:0.21666666666666667
CertToolsTest:0.20666666666666667
CAAdminSessionBean:0.18916666666666668
DNFieldsUtilTest:0.09
