Locator:0.44666666666666666
LoopDefinitionRequestMsg:0.31333333333333335
AddEquivalenceConjectureRequestMsg:0.29
RewriteRequestMsg:0.26
AddHypothesisRequestMsg:0.24333333333333335
CloseCaseMsg:0.22666666666666666
MergeRequestMsg:0.21333333333333335
MethodDefinitionRequestMsg:0.20333333333333334
CaptureMapMsg:0.20333333333333334
ManualInstantiationMsg:0.20333333333333334
CloseDefinitionMsg:0.20333333333333334
AddConjectureRequestMsg:0.18
CloseMethodInstanceMsg:0.18
EliminateHypothesisRequestMsg:0.18
MapToScopeRequestMsg:0.18
AddEquivalenceRequestMsg:0.18
MatchMakerRequestMsg:0.18
CloseLoopInstanceMsg:0.18
GeneralizeRequestMsg:0.18
GarbageCollectRequestMsg:0.17333333333333334
UndoRequestMsg:0.17333333333333334
RedoRequestMsg:0.17333333333333334
ActivationStateRequestMsg:0.17142857142857143
IncrementalUpdateMsg:0.14333333333333334
ReplaceRewriteRequestMsg:0.14
ApplyInvarianceRulesMsg:0.1330952380952381
ApplyLinearRequestMsg:0.13
CreateMethodStubMsg:0.12666666666666668
ContainsTestMsg:0.11333333333333333
ReplaceRequestMsg:0.09333333333333334
ScheduleRequestMsg:0.06333333333333334
