Listener:0.31
IfInstruction:0.24333333333333335
TSVM:0.20333333333333334
IF_ICMPGT:0.15
IFLT:0.15
IF_ICMPEQ:0.15
IFGT:0.15
IFEQ:0.15
IF_ICMPLT:0.15
IFNONNULL:0.15
IF_ICMPGE:0.15
IFLE:0.15
IFNULL:0.15
IF_ICMPLE:0.15
IFNE:0.15
IF_ACMPEQ:0.15
IFGE:0.15
IF_ICMPNE:0.15
IF_ACMPNE:0.15
