CallableTask:0.4866666666666667
ClientExecutorServiceTest:0.2866666666666667
ClientExecutionServiceImpl:0.25666666666666665
AddressHelper:0.23
HazelcastClientReconnectTest:0.21
