RetePathMatch:0.7166666666666667
AbstractReteMatch:0.6566666666666666
