FileUtils:0.6583333333333333
ServiceFinder:0.4666666666666667
JPPFStartupLoader:0.21333333333333335
