JSONCallback:0.4116666666666667
JSONCallbackTest:0.36666666666666664
JSONSerializersTest:0.28
JSONSerializers:0.20333333333333334
Decimal128Serializer:0.17666666666666667
