BufferOfItems:0.5016666666666667
ARINCModelFactory:0.4
ExtensionManager:0.3933333333333333
RenderersHandler:0.25
JFXRenderersHandler:0.21
SwingRenderersHandler:0.19666666666666666
ParameterStruct:0.19666666666666666
ProtocolInputDecoder:0.17666666666666667
