UniqueDelegate:0.6133333333333333
Configuration:0.38666666666666666
Index:0.37333333333333335
Table:0.295
DB2Dialect:0.2633333333333333
DefaultUniqueDelegate:0.22
