SchemaMapping:0.68
DefaultConfiguration:0.3933333333333333
SettingsTest:0.29333333333333333
