Jedis:0.69
BinaryJedis:0.3566666666666667
BinaryJedisCommands:0.3125
JedisCommands:0.26916666666666667
JedisCluster:0.22555555555555554
BinaryShardedJedis:0.18666666666666668
