Corpus:0.6366666666666667
Partition:0.5366666666666666
Project:0.4
