AsMap:0.49333333333333335
MapMultimap:0.3466666666666667
FilteredEntryNavigableMap:0.32
ImmutableArrayMap:0.23333333333333334
