DebugBondTest:0.19666666666666666
AtomTypeTest:0.18333333333333332
DebugAtomTest:0.16666666666666666
DebugAtomContainerTest:0.16333333333333333
AtomContainerTest:0.16333333333333333
DebugAtomTypeTest:0.15333333333333332
AtomTest:0.14
BioPolymerTest:0.14
DebugBioPolymerTest:0.14
DebugCrystalTest:0.13333333333333333
