OsgiServiceDynamicInterceptorTest:0.49666666666666665
Listener:0.38
OsgiServiceClassLoaderInvokerTest:0.37
OsgiServiceClassLoaderInvoker:0.3644444444444444
OsgiServiceInvokerTest:0.013333333333333334
