IndexFieldData:0.7277777777777779
NoOrdinalsStringFieldDataTests:0.24333333333333335
IndexIndexFieldData:0.215
IndexFieldDataStub:0.19
AbstractIndexFieldData:0.19
IndexFieldCache:0.19
GlobalFieldData:0.18333333333333332
IndexNumericFieldDataStub:0.16666666666666666
GlobalOrdinalsIndexFieldData:0.13416666666666666
IndexFieldDataCache:0.11666666666666667
None:0.11666666666666667
