Consts:0.5377777777777778
ClassNode:0.43333333333333335
MethodGen:0.32666666666666666
InsnGen:0.31833333333333336
TestLoopCondition:0.2866666666666667
ClassInfo:0.2866666666666667
ClassGen:0.25
TestInner:0.14333333333333334
