OutputState:0.44333333333333336
RepeatOperationsStepTests:0.2833333333333333
FlatFileItemWriterTests:0.2633333333333333
ItemOrientedStepTests:0.22666666666666666
TaskletStepTests:0.18
DelegatingItemWriter:0.13
ChunkedStepTests:0.13
