DiscoveryNode:0.5366666666666666
RecoveryState:0.24833333333333332
TaskInfo:0.24
PingResponse:0.22
DiscoveryNodes:0.20666666666666667
IndicesShardStoresResponse:0.19666666666666666
ConnectTransportException:0.16
AllocationExplanation:0.15666666666666668
StartRecoveryRequest:0.15333333333333332
ClusterSearchShardsResponse:0.14
PingRequest:0.14
VerifyRepositoryResponse:0.14
BaseNodeResponse:0.12333333333333334
AllocateDangledRequest:0.11333333333333333
JoinRequest:0.11333333333333333
LeaveRequest:0.11333333333333333
ShardActiveResponse:0.11333333333333333
