jEdit:0.10855164
AbstractOptionPane:0.064847745
GUIUtilities:0.048614584
FontSelector:0.047877043
View:0.043338034
Log:0.02141839
ServiceManager:0.01947813
IOUtilities:0.016025467
IconTheme:0.01379999
NumericTextField:0.013521537
