Robot:0.5066666666666667
UnitManager:0.48333333333333334
UnloadVehicleEVA:0.29333333333333333
EquipmentFactory:0.26
UnloadVehicleGarage:0.25
LoadVehicleEVA:0.19
LoadVehicleGarage:0.19
ReturnLightUtilityVehicle:0.12333333333333334
