Iterator:0.6541666666666667
ConcatIterator:0.42
IteratorTest:0.38666666666666666
