BinderHelper:0.6266666666666667
Constants:0.5166666666666667
SearchUtils:0.37
EntityIndexUtils:0.36
ObjectKeys:0.33322222222222225
AbstractEntryProcessor:0.22
TypeToFindAjaxController:0.22
AdvancedSearchController:0.20333333333333334
