ReferenceIdent:0.92
TableIdent:0.4066666666666667
SystemReferences:0.07333333333333333
