CaSessionTest:0.7333333333333333
XKMSKRSSTest:0.4066666666666667
XKMSKISSTest:0.29333333333333333
ReissueResponseGenerator:0.16666666666666666
