StepFactory:0.45
HopStandardLibrary:0.43
LibraryIndexEntry:0.3933333333333333
SymbolTable:0.36
StandardLibrary:0.2812222222222222
HopLibraryIndexEntry:0.06
