ROC:0.69
ROCBinary:0.38666666666666666
ROCMultiClass:0.32666666666666666
