Sprite:0.6033333333333334
Gfx2D:0.5333333333333333
GfxPanel:0.25666666666666665
FpsMonitor:0.20333333333333334
