NoWorkFoundStepExecutionListener:0.7753888888888889
NoWorkFoundStepExecutionListenerTests:0.07444444444444445
