Viewer:0.5366666666666666
Jnet:0.43333333333333335
UrlManager:0.39666666666666667
NBrowseApplet:0.27
JnetManager:0.25333333333333335
HoverBut:0.1425
