ServletDefinition:0.6483333333333333
ServletDefinitionPathsTest:0.31333333333333335
RegexUriPatternMatcher:0.29333333333333333
ServletStyleUriPatternMatcher:0.23
