PowerSource:0.545
Building:0.4033333333333333
PowerGrid:0.37666666666666665
PowerGeneration:0.36833333333333335
BuildingConfig:0.3466666666666667
RandomUtil:0.3233333333333333
WindPowerSource:0.3186190476190476
EVASuit:0.24666666666666667
Farming:0.22333333333333333
Equipment:0.22166666666666668
ResourceProcessing:0.19666666666666666
ToggleFuelPowerSource:0.1930952380952381
PowerBuildingPanel:0.17666666666666667
PowerTableModel:0.15333333333333332
Bag:0.04
Barrel:0.04
