AbstractProcessingFilter:0.35333333333333333
AbstractSecurityInterceptor:0.29333333333333333
FilterSecurityInterceptorTests:0.21733333333333335
AspectJSecurityInterceptorTests:0.2006666666666667
SwitchUserProcessingFilter:0.19333333333333333
RememberMeProcessingFilter:0.14333333333333334
X509ProcessingFilter:0.12
