CacheTest:0.6333333333333333
UrlConnectionCacheTest:0.45666666666666667
CacheStrategy:0.26666666666666666
