Beans:0.46
Ldap:0.34
LdapUtils:0.25666666666666665
GraphicalUserAuthenticationWebflowConfigurer:0.23
GraphicalUserAuthenticationConfiguration:0.12
PrepareForGraphicalAuthenticationAction:0.11666666666666667
GraphicalUserAuthenticationProperties:0.10666666666666667
Resource:0.034166666666666665
