ExtensionManager:0.49666666666666665
AbstractServerEngine:0.31333333333333335
AbstractWidgetRefHandlerTest:0.2961111111111111
SwingClippings:0.2544444444444445
AbstractClientEngine:0.22333333333333333
SwingClippingsTest:0.19444444444444445
Extension6Test:0.15333333333333332
ExtensionClient6Test:0.15333333333333332
JFXMapItemRectangleRenderer2Test:0.05
NewBinaryDFDecoder:0.03
