Server:0.6
Administrator:0.3333333333333333
DefaultAccess:0.23666666666666666
BasicServer:0.22666666666666666
ObjectEditorFrame:0.16666666666666666
MessagingImpl:0.13666666666666666
