GreenLabPropertyFileReader:0.7266666666666667
GreenLabGUI:0.33
GreenLabGeometryPanel:0.2833928571428571
GreenLabOutputPanel:0.16666666666666666
GreenLabEnvironmentPanel:0.16666666666666666
