AbstractTestQueries:0.5216666666666666
Visitor:0.4066666666666667
TestAnalyzer:0.31333333333333335
