BinaryArithmeticOperation:0.5455555555555556
QueryBuilderImpl:0.3933333333333333
