TextView:0.4633333333333333
Button:0.42
Carbon:0.36666666666666664
RadioButton:0.2833333333333333
EditText:0.25
CheckedTextView:0.24333333333333335
CheckBox:0.22666666666666666
FeaturesActivity:0.09666666666666666
