DataHandler:0.7
QueryHandler:0.6666666666666666
Namespace:0.38666666666666666
AnsiQueryHandler:0.36666666666666664
AnsiDataHandler:0.2833333333333333
WikiDatabase:0.2277777777777778
AdminVirtualWikiServlet:0.12
OracleQueryHandler:0.11666666666666667
