Helper:0.5066666666666667
ManagedChannelImplTest:0.5066666666666667
Listener:0.3977777777777778
LoadBalancer:0.32666666666666666
LbHelperImpl:0.16722222222222222
NameResolverListenerImpl:0.14888888888888888
