MathParser:0.5983333333333334
MementoTextInput:0.2793333333333333
