BasesView:0.6
BuildCorpus:0.4766666666666667
TextometriePreferencePage:0.4033333333333333
TxmObjectTreeProvider:0.21333333333333335
Perspective:0.12
TxmObjectLabelProvider:0.03777777777777777
IImageKeys:0.03
RemoveProject:0.013888888888888886
RemoveBase:0.013888888888888886
RemoveScript:0.013888888888888886
RemoveText:0.013888888888888886
AddScript:0.0
AddProject:0.0
AddBase:0.0
AddText:0.0
