FlowNavigationHandler:0.49333333333333335
FlowPhaseListener:0.41
FlowNavigationHandlerArgumentExtractor:0.2966666666666667
