ModelState:0.6333333333333333
FlowIterationListener:0.38666666666666666
FlowResource:0.3433333333333333
