OneWayProcess:0.44666666666666666
RequestResponseProcess:0.43333333333333335
NotificationProcess:0.33
SolicitResponseProcess:0.22333333333333333
