ExtensionContext:0.4066666666666667
ClassTestDescriptor:0.21666666666666667
AbstractExtensionContext:0.20666666666666667
TestMethodTestDescriptor:0.20666666666666667
ExtensionContextTests:0.2
LauncherConfigurationParametersTests:0.18
ClassExtensionContext:0.15333333333333332
TestTemplateTestDescriptor:0.13666666666666666
MethodExtensionContext:0.13333333333333333
TestTemplateExtensionContext:0.11
JupiterEngineExtensionContext:0.10333333333333333
JupiterEngineExecutionContextTests:0.09
JupiterEngineDescriptor:0.08666666666666667
Something:0.08273352573352574
EchoParameters:0.03333333333333333
Mutator:0.0
