OutgoingBatchService:0.39
RouterService:0.31
ColumnMatchDataRouter:0.22666666666666666
OutgoingBatchServiceSqlMap:0.14527777777777778
BshDataRouter:0.14
ChannelRouterContext:0.11333333333333333
