Block:0.92
ComparisonByteCodeExpression:0.20666666666666667
ArithmeticByteCodeExpression:0.15666666666666668
InvokeByteCodeExpression:0.15333333333333332
SetFieldByteCodeExpression:0.13
GetFieldByteCodeExpression:0.12666666666666668
CastByteCodeExpression:0.12666666666666668
ReturnByteCodeExpression:0.11666666666666667
GetElementByteCodeExpression:0.11666666666666667
AndByteCodeExpression:0.10666666666666667
InvokeDynamicByteCodeExpression:0.10666666666666667
PopByteCodeExpression:0.10666666666666667
InlineIfByteCodeExpression:0.10666666666666667
NewInstanceByteCodeExpression:0.10666666666666667
NotByteCodeExpression:0.10666666666666667
OrByteCodeExpression:0.10666666666666667
NegateByteCodeExpression:0.10666666666666667
