ExampleImapCrawler:0.5866666666666667
CrawlerWizard:0.3933333333333333
CrawlerFrame:0.355
MySocketFactory:0.16333333333333333
