AzureStorageService:0.615
AzureBlobStore:0.30666666666666664
AzureStorageServiceMock:0.26
AzureRepository:0.08
AzureStorageServiceImpl:0.04666666666666667
AzureDiscovery:0.0
