RegisteredService:0.65
RegisteredServiceProperty:0.5874444444444445
AbstractRegisteredService:0.48
DefaultRegisteredServiceProperty:0.2733333333333333
MongoServiceRegistryDaoTests:0.23
LdapServiceRegistryDaoTests:0.13
JpaServiceRegistryDaoImplTests:0.023333333333333334
JsonServiceRegistryDaoTests:0.016666666666666666
