WebClient:0.6966666666666667
CookieManager:0.38
HTMLDocument:0.30666666666666664
HttpWebConnection:0.26411111111111113
CookieManagerTest:0.24666666666666667
CookieManager2Test:0.14666666666666667
HtmlUnitBrowserCompatCookieSpec:0.14333333333333334
