JdbcStepDao:0.41
TaskletStep:0.31333333333333335
SimpleJobTests:0.27
RepeatOperationsStep:0.21
StubStep:0.20666666666666667
RepeatOperationsStepTests:0.16333333333333333
TaskletStepTests:0.08
