DeploymentOptions:0.5266666666666666
DeploymentManager:0.36666666666666664
VerticleFactory:0.2866666666666667
TestVerticleFactory:0.19666666666666666
HttpRequestStreamTest:0.15036507936507937
