DlgBox:0.5766666666666667
FindCtrl:0.565
TeamingPopupPanel:0.4033333333333333
