LuceneDocCollector:0.8533333333333334
SimpleOneRowCollector:0.49333333333333335
