SocketClient:0.6066666666666667
PropertyManager:0.51
SocketHandler:0.32099999999999995
