AssignmentController:0.5733333333333334
SpecMolController2D:0.34
SpecMolTableComposite:0.30333333333333334
SpecMolDrawingComposite:0.18666666666666668
SpectrumListener:0.07611111111111112
