MockNetworkTest:0.49333333333333335
StatusChecker:0.4633333333333333
CapsdIntegrationTest:0.22
CapsdTest:0.22
