SimpleJobRepository:0.48333333333333334
SimpleStepExecutor:0.45666666666666667
SimpleStep:0.39
TaskExecutorJobLauncherTests:0.31333333333333335
SimpleJobExecutorFacade:0.30333333333333334
JdbcStepDaoPrefixTests:0.24666666666666667
SimpleJobExecutorFacadeTests:0.24
SimpleJobLauncher:0.22666666666666666
DefaultStepExecutorTests:0.21
SimpleJobRepositoryTests:0.20333333333333334
SimpleJvmExitCodeMapper:0.18666666666666668
DefaultJobExecutorTests:0.18
PrototypeBeanStepExecutorFactoryTests:0.17
SimpleStepConfigurationTests:0.16666666666666666
BatchCommandLineLauncher:0.16166666666666665
SimpleJvmExitCodeMapperTests:0.155
SimpleStepExecutorFactoryTests:0.15
SimpleJobTests:0.14666666666666667
JobRegistryBeanPostProcessor:0.14333333333333334
AbstractStep:0.13666666666666666
SimpleJobLauncherTests:0.13333333333333333
JobRegistryBeanPostProcessorTests:0.13333333333333333
PrototypeBeanStepExecutorFactory:0.13
StepExecutorInterruptionTests:0.11333333333333333
DefaultJobExecutor:0.08333333333333333
ExitCodeMapper:0.08333333333333333
InterruptJobTests:0.08
JobRepositorySupport:0.056666666666666664
SimpleStepExecutorFactory:0.03
RepeatOperationsStep:0.023333333333333334
MapJobRegistryTests:0.016666666666666666
InterruptibleJobExecutor:0.01
RepeatOperationsStepTests:0.01
MapJobRegistry:0.006666666666666667
StubStepExecutor:0.006666666666666667
