TestMObject:0.7886111111111112
SummaryCategory:0.6687777777777778
