HBondAcceptorCountDescriptor:0.8233333333333334
HBondDonorCountDescriptor:0.5716666666666667
