ConfigurationChangedDataRouter:0.47
NetworkedNode:0.36666666666666664
TriggerRouterService:0.3333333333333333
DefaultOfflineClientListener:0.22
ConfigurationChangedFilter:0.20666666666666667
BshDataRouter:0.19666666666666666
SubSelectDataRouter:0.18333333333333332
AbstractUriHandler:0.17
BandwidthSamplerUriHandler:0.16131746031746033
AbstractCompressionUriHandler:0.157984126984127
TriggerDataRouter:0.14666666666666667
InfoUriHandler:0.13698412698412696
ConfigurationChangedDataRouterTest:0.12666666666666668
