KernelContext:0.4655555555555555
AboutDialog:0.43
ClipboardListener:0.21222222222222223
CPTextArea:0.15666666666666668
AboutAction:0.11333333333333333
BareBonesBrowserLaunch:0.08166666666666667
