ObjectiveCImplementationGeneratorTest:0.59
TypeDeclarationGenerator:0.38666666666666666
NameTableTest:0.3475
J2ObjCTest:0.25666666666666665
