ResourceLoader:0.53
RobolectricConfig:0.46
RobolectricTestRunner:0.32
ResourcesTest:0.24666666666666667
RobolectricTestRunnerTest:0.12666666666666668
