ConcurrentPool:0.5333333333333333
ItemFactory:0.53
DefaultConnectionPool:0.33
ConcurrentPoolTest:0.26
PowerOfTwoBufferPool:0.13
UsageTrackingInternalConnectionItemFactory:0.12333333333333334
TestCloseable:0.11666666666666667
TestItemFactory:0.09666666666666666
