LineInformation:0.4533333333333333
ExecutionStep:0.3466666666666667
StepFactory:0.30666666666666664
CallStep:0.23333333333333334
HopSymbolTableWalker:0.23333333333333334
RuntimeScope:0.22666666666666666
DFA4:0.16444444444444445
DFA64:0.12444444444444443
DFA47:0.12444444444444443
