LFWLoader:0.5633333333333334
ConvolutionalRBM:0.31333333333333335
ArchiveUtils:0.2553333333333333
MultiThreadedTweetOpinionMining:0.15694444444444444
