AtmosphereInterceptorWriter:0.6366666666666667
AsyncIOInterceptor:0.6266666666666667
AsyncIOInterceptorTest:0.14
AndroidAtmosphereInterceptor:0.13666666666666666
MessageLengthInterceptor:0.13666666666666666
SSEAtmosphereInterceptor:0.13666666666666666
JSONPAtmosphereInterceptor:0.13666666666666666
