Simulation:0.64
MetaTaskUtil:0.29
MainMenu:0.29
TabPanelFavorite:0.22444444444444447
LoadSimulationTask:0.14333333333333334
