ApacheDSContainer:0.7866666666666666
AbstractLdapIntegrationTests:0.32666666666666666
LdapServerBeanDefinitionParser:0.29
