FluentIterable:0.7833333333333333
LazyFluentIterable:0.4166666666666667
SimpleFluentIterable:0.2866666666666667
DecoratingIterator:0.26555555555555554
