FileVariableValueDownloadVarTag:0.7116666666666667
AbstractDateTimeInputRender:0.7033333333333334
