FullScreenWindowedTest:0.2596666666666667
PbufferTest:0.2596666666666667
HWCursorTest:0.197
VBOTest:0.19666666666666666
Game:0.19666666666666666
VBOIndexTest:0.19666666666666666
KeyboardTest:0.187
MouseTest:0.187
MouseCreationTest:0.187
ControllerTest:0.187
ControllerCreationTest:0.187
MovingSoundTest:0.17166666666666666
WindowCreationTest:0.13166666666666665
