PropertySetterTest:0.41
ApplyScriptJFXAction28Test:0.4
SynthOpenDFTest:0.2633333333333333
SaveSnapshotTest:0.23333333333333334
