Manager:0.61
WebRoleManager:0.3466666666666667
WebRole:0.3333333333333333
GroupManager:0.30666666666666664
RoleServlet:0.28
WebUserManager:0.19666666666666666
WebGroupManager:0.19666666666666666
WebGroup:0.14
SaveDetailsAction:0.12
AppContext:0.11666666666666667
DeleteAction:0.11083333333333334
RolesTest:0.10666666666666667
WebUser:0.09
WebRolesException:0.006666666666666667
