ExtensionFilter:0.4766666666666667
Simulator:0.39666666666666667
Editor:0.39
Options:0.36333333333333334
MyFileChooser:0.31666666666666665
SaveGraphAction:0.30777777777777776
ExportGraphAction:0.2518333333333333
SaveGraphAsAction:0.0675
