Fixture:0.5333333333333333
DBCursorTest:0.4033333333333333
DBCollectionTest:0.30666666666666664
DBTest:0.26666666666666666
MapReduceTest:0.25
JavaClientOldTest:0.24
MongoAsyncQueryCursorTest:0.21
