InstallPluginCommandTests:0.64
PluginSecurity:0.39666666666666667
InstallPluginCommand:0.26666666666666666
MockTerminal:0.25333333333333335
PluginSecurityTests:0.25
