RegistryDirectoryTest:0.615
OverrideConfiguratorTest:0.29
AbsentConfiguratorTest:0.29
ClientReconnectTest:0.25333333333333335
ClusterUtils:0.14
AbstractMonitorFactoryTest:0.13666666666666666
