CoverageTest:0.6566666666666666
DataCoverageTest:0.18833333333333332
QmCoverageTest:0.18833333333333332
NonotifyCoverageTest:0.18833333333333332
Builder3dCoverageTest:0.18833333333333332
DictCoverageTest:0.18833333333333332
PdbCoverageTest:0.18833333333333332
SmartsCoverageTest:0.18833333333333332
LibiomdCoverageTest:0.18833333333333332
StructgenCoverageTest:0.18833333333333332
LibiocmlCoverageTest:0.18833333333333332
ForcefieldCoverageTest:0.18833333333333332
IonpotCoverageTest:0.17333333333333334
FormulaCoverageTest:0.17333333333333334
IsomorphismCoverageTest:0.17333333333333334
ControlCoverageTest:0.13666666666666666
DatadebugCoverageTest:0.13666666666666666
PdbcmlCoverageTest:0.13666666666666666
QsarcmlCoverageTest:0.13666666666666666
MnonotifyTests:0.08666666666666667
MsmartsTests:0.08666666666666667
Mbuilder3dTests:0.08666666666666667
MqmTests:0.08666666666666667
MlibiocmlTests:0.08666666666666667
MdataTests:0.08666666666666667
MdictTests:0.08666666666666667
MstructgenTests:0.08666666666666667
MpdbTests:0.08666666666666667
MforcefieldTests:0.08666666666666667
MlibiomdTests:0.08666666666666667
