Spinner:0.6833333333333333
DividerDrawable:0.22666666666666666
ArrowDrawable:0.19666666666666666
LabelView:0.09666666666666666
