Test:0.6233333333333333
TestCase:0.5133333333333333
TestSuite:0.34
TestCaseTest:0.22333333333333333
SuiteTest:0.19666666666666666
TestDecorator:0.17666666666666667
ExtensionTest:0.11
DoubleTestCase:0.04666666666666667
