OrthoMatcher:0.7383333333333333
GateIM:0.4583333333333333
