SimulationListener:0.5966666666666667
Groove:0.49333333333333335
Simulator:0.49333333333333335
Generator:0.44333333333333336
Options:0.42
StoredGrammarView:0.4066666666666667
CopyRuleAction:0.3644444444444444
NewGraphAction:0.3011111111111111
RenameRuleAction:0.3011111111111111
EditRulePropertiesAction:0.3011111111111111
NewRuleAction:0.3011111111111111
EnableRuleAction:0.3011111111111111
DeleteRuleAction:0.3011111111111111
DefaultGrammarView:0.3
ScenarioMenu:0.27
CAPanel:0.26666666666666666
ScenarioChooserPanel:0.26
ExplorationTest:0.25666666666666665
TestingTransforming:0.24
DefaultFileSystemStore:0.24
UndoHistory:0.23666666666666666
CTLModelChecker:0.23666666666666666
StateJList:0.23666666666666666
LTLBenchmarker:0.23333333333333334
RulePanel:0.23333333333333334
GenericGrammarView:0.22337301587301586
History:0.21666666666666667
LoadURLAction:0.21666666666666667
SimulationAdapter:0.215
LTSPanel:0.21
StatePanel:0.20333333333333334
EditRuleAction:0.19444444444444445
EditSystemPropertiesAction:0.19
MyMouseListener:0.1836111111111111
RuleJTree:0.17666666666666667
SystemStoreFactory:0.16666666666666666
TestingMisc:0.16333333333333333
StrategiesTest:0.16
MyGenerator:0.15833333333333333
ExportAction:0.15333333333333332
EditStateAction:0.15333333333333332
SaveGrammarAction:0.14666666666666667
IOTest:0.14166666666666666
RenameGraphAction:0.14
NewGrammarAction:0.12
LoadGrammarAction:0.12
CreateButtonListener:0.11416666666666667
ToggleButtonListener:0.11416666666666667
DoneButtonListener:0.11416666666666667
TypePanel:0.11
CancelButtonListener:0.1075
CopyGraphAction:0.10666666666666667
EditGraphAction:0.09333333333333334
DeleteGraphAction:0.09333333333333334
CalculatorTest:0.08666666666666667
