DocumentCodec:0.31666666666666665
BsonDocumentReader:0.2866666666666667
AbstractBsonReader:0.22333333333333333
JsonReader:0.21
BsonReader:0.19416666666666665
BsonBinaryReader:0.19333333333333333
