AndroidTranslator:0.52
Setup:0.4666666666666667
TestRunners:0.4592619047619047
SetupTest:0.4266666666666667
