FluxLightModel:0.8033333333333333
LightModelBase:0.3374206349206349
