Builder:0.5766666666666667
NeuralNetConfiguration:0.4666666666666667
DefaultLayerFactory:0.35333333333333333
WeightInitUtil:0.29333333333333333
