NodeServiceImpl:0.4633333333333333
Node:0.43333333333333335
ManagementCenterService:0.37
MemberHealthStats:0.32388888888888884
MemberHealthStatsImpl:0.27666666666666667
TaskPoller:0.255
InOutSelector:0.21
StateSender:0.19777777777777777
HazelcastInstanceImpl:0.19666666666666666
