ForumActionModuleImpl:0.43444444444444436
UrlTag:0.16333333333333333
ModifyEntryController:0.15333333333333332
DisplayConfiguration:0.14
ConfigureController:0.13666666666666666
ViewController:0.12
SAbstractForumController:0.07666666666666666
