CassandraSession:0.6166666666666667
MockCassandraSession:0.30666666666666664
TestCachingCassandraSchemaProvider:0.22666666666666666
CassandraSessionFactory:0.17666666666666667
