MapJobExecutionDao:0.43
MapStepExecutionDao:0.3046666666666667
MapStepExecutionDaoTests:0.22666666666666666
MapJobInstanceDao:0.1778015873015873
JdbcJobInstanceDao:0.14333333333333334
JdbcJobExecutionDao:0.13333333333333333
MapJobExecutionDaoTests:0.12
AbstractJobDaoTests:0.07666666666666666
MapJobInstanceDaoTests:0.06666666666666667
