JCPMultiPageEditor:0.7427777777777778
CutAction:0.2
PasteAction:0.2
CreateReactionAction:0.17333333333333334
