NeuralNetConfiguration:0.54
SubsamplingLayer:0.461111111111111
MultiNeuralNetConfLayerBuilderTest:0.07666666666666666
