UpdateLock:0.6333333333333333
MapEntryStages:0.5991666666666666
HashQuery:0.28
