HyperLogLog:0.5866666666666667
HyperLogLogPlus:0.48333333333333334
TestHyperLogLogPlus:0.3233333333333333
TestHyperLogLog:0.20666666666666667
