ExitStatus:0.5466666666666666
Partitioner:0.4288571428571428
StepContextRepeatCallback:0.27
FaultTolerantChunkOrientedTaskletTests:0.26666666666666666
TaskletStep:0.24333333333333335
AbstractJobRepositoryFactoryBean:0.23666666666666666
ExitStatusTests:0.23333333333333334
BatchStatusTests:0.18666666666666668
StepExecutionSplitter:0.15533333333333335
SimpleStepExecutionSplitter:0.13333333333333333
ExampleItemReader:0.09
SimplePartitioner:0.08
ChunkContext:0.06761904761904762
PartitionHandler:0.06166666666666667
StepExecutionAggregator:0.043333333333333335
TaskExecutorPartitionHandler:0.04
StepExecutionAggregatorTests:0.03333333333333333
AbstractStepTests:0.03333333333333333
StepContextRepeatCallbackTests:0.0175
TaskExecutorPartitionHandlerTests:0.006666666666666667
SimpleStepExecutionSplitterTests:0.006666666666666667
PartitionStepTests:0.006666666666666667
RestartIntegrationTests:0.0033333333333333335
ExampleItemReaderTests:0.0033333333333333335
PartitionStep:0.0033333333333333335
VanillaIntegrationTests:0.0
ExampleItemWriter:0.0
