Speak:0.5166666666666667
AppleSpeak:0.4802777777777777
TextToSpeech:0.33666666666666667
