AbstractDbDialect:0.6288888888888889
CsvLoader:0.38666666666666666
IDbDialect:0.3466666666666667
TransformDataLoader:0.2633333333333333
