Configuration:0.7366666666666667
ConfigurationWindow:0.33666666666666667
UserIdleDetector:0.24666666666666667
UserIdleDetectorConfigTab:0.20333333333333334
