Configuration:0.8233333333333334
XMLMapperBuilder:0.5733333333333334
MapperAnnotationBuilder:0.30666666666666664
XmlMapperBuilderTest:0.16555555555555554
