PresenceInfo:0.5266666666666666
ShowUser:0.4266666666666667
WebKeys:0.426626984126984
