IndexStore:0.6566666666666666
IndexService:0.49
GatewayMetaState:0.30333333333333334
IndicesStore:0.26
AbstractIndexStore:0.23
IndicesClusterStateService:0.20666666666666667
ShardActiveResponseHandler:0.19666666666666666
IndicesStoreTests:0.17333333333333334
RemoveDanglingIndex:0.15694444444444444
NodeIndexDeletedAction:0.12
IndicesService:0.11333333333333333
