SqlHelper:0.6966666666666667
HttpUploadActivity:0.49333333333333335
