PyString:0.6866666666666666
SHA1:0.4533333333333333
sha:0.36
MD5Object:0.22781746031746034
