AnnotationEditor:0.6466666666666666
GmodNameAdapter:0.5377777777777777
