TermIntAlgebra:0.45666666666666667
PointIntAlgebra:0.24
JavaIntAlgebra:0.24
BigIntAlgebra:0.24
IntSignature:0.18416666666666667
