ChangelogDialog:0.33666666666666667
AboutDialog:0.33
Starter:0.3
MainMenuBar:0.2633333333333333
ConfigurationWindow:0.22
SetDatetimeAction:0.14861111111111108
AbstractSimplePanelDialog:0.12666666666666668
SwingUtils:0.11666666666666667
NewVersionDialog:0.08
VersionInfo:0.03
VersionManager:0.023333333333333334
