Json:0.643888888888889
NutConf:0.4166666666666667
