QueryOperation:0.5266666666666666
MongoView:0.439936507936508
CountOperation:0.3433333333333333
MongoCollectionView:0.25333333333333335
NewMongoCollectionTest:0.22
ReplaceAcceptanceTest:0.12333333333333334
