HostStats:0.7766666666666666
PullResourceHandler:0.25333333333333335
PushResourceHandler:0.23
StatisticManager:0.22333333333333333
StatisticService:0.16666666666666666
IStatisticManager:0.14416666666666667
MockStatisticManager:0.14416666666666667
HostStatsMapper:0.14294444444444443
