ServiceConfig:0.57
XmlConfigBuilder:0.37333333333333335
ServiceManager:0.37333333333333335
