ProjectBackingBean:0.6216666666666667
PersonEditorBackingBean:0.40166666666666667
StartupServletContextListener:0.3
