CRSFactory:0.5533333333333333
MathTransformFactory:0.21666666666666667
DatumAuthorityFactory:0.18333333333333332
AuthorityFactory:0.17333333333333334
