FeatureSet:0.55
AnnotationEditor:0.34
SeqExport:0.27
SeqExportFeatureListener:0.22666666666666666
BaseEditorPanel:0.22166666666666668
