InstallOptions:0.5327777777777777
Installer:0.45666666666666667
Distribution:0.4403333333333333
Database:0.26
Container:0.19505555555555557
BundledTomcat:0.17
FedoraHome:0.16666666666666666
TomcatServerXML:0.13642857142857143
ClassLoaderDistribution:0.09944444444444445
ContainerFactory:0.02666666666666667
