JUnit5TestEngineTests:0.44666666666666666
ClassTestExecutionNode:0.4066666666666667
DisabledTestMethodTestCase:0.3167619047619048
AnnotationUtils:0.2733333333333333
DisabledTestClassTestCase:0.23159523809523813
MethodTestExecutionNode:0.21666666666666667
