DefaultXMLExporter2Test:0.36333333333333334
DefaultXMLExporterExtensionsTest:0.24666666666666667
DefaultXMLExporter4Test:0.24666666666666667
EditorXMLDFHandlerKO2Test:0.20333333333333334
EditorXMLDFHandlerKOTest:0.20333333333333334
DefaultBinaryExporter2Test:0.19
WidgetsDescriptionHandlerTest:0.18805555555555556
DefaultXMLExporterTest:0.17666666666666667
DefaultXMLExporter3Test:0.14
DefaultBinaryExporter3Test:0.11
