Mongo:0.65
MongoClient:0.4066666666666667
DB:0.40527777777777774
DatabaseTestCase:0.27
MongoClientImpl:0.23333333333333334
