ModuleGenerator:0.5083333333333333
BuildTimeLinker:0.49
ModuleGeneratorTest:0.38333333333333336
FullGraphProcessor:0.31333333333333335
