ClassDescriptor:0.6333333333333333
HopParser:0.28833333333333333
HopSymbolTableWalker:0.26916666666666667
BlueprintDescriptor:0.25333333333333335
StepFactory:0.24966666666666668
DFA54:0.15444444444444444
DFA37:0.15444444444444444
