Flow:0.6333333333333333
StateContextImpl:0.37666666666666665
AnnotatedObject:0.36666666666666664
FlowExecutionImpl:0.30333333333333334
SubflowState:0.23666666666666666
StateContext:0.1942222222222222
FlowExecutionControl:0.04666666666666667
