CredentialStore:0.5766666666666667
Credential:0.41333333333333333
CredentialStoreTest:0.31666666666666665
Rfc2617Credential:0.07666666666666666
HtmlFormCredential:0.023333333333333334
