GridFloat:0.44
GridAscii:0.29
RasterImageIO:0.28
TiffUtils:0.20666666666666667
ExtractSelectedPartOfImage:0.19666666666666668
