NullAway:0.44666666666666666
NullabilityUtil:0.39
CFNullable:0.09666666666666666
CFExtends:0.006666666666666667
