AwsEc2Service:0.6533333333333333
Ec2DiscoveryTests:0.4166666666666667
AwsEc2UnicastHostsProvider:0.30777777777777776
Ec2DiscoveryPlugin:0.15333333333333332
Ec2Module:0.13777777777777775
DISCOVERY_EC2:0.12333333333333334
Ec2NameResolver:0.12333333333333334
Ec2CustomNodeAttributes:0.11
CLOUD_AWS:0.0
CLOUD_EC2:0.0
