NodeService:0.45
RegistrationService:0.4266666666666667
DefaultNodeIdGenerator:0.2633333333333333
INodeIdGenerator:0.2391111111111111
