Focus:0.47333333333333333
Undo:0.44666666666666666
EditView:0.33666666666666667
