FutureUtil:0.7133333333333334
DefaultRecordStore:0.4533333333333333
FutureUtilTest:0.2633333333333333
