Parameter:0.6166666666666667
Parameters:0.36666666666666664
Signature:0.27666666666666667
MethodInvoker:0.20666666666666667
