PartitionRecordStore:0.43666666666666665
FailAwareMapStore:0.36
TestEventBasedMapStore:0.31333333333333335
AbstractRecord:0.2966666666666667
MapStoreTest:0.25
SimpleMapLoader:0.1443333333333333
MapStoreDeleteProcessor:0.04
MapStoreWriteProcessor:0.04
