AtomContainerManipulator:0.8133333333333334
TemplateHandler3D:0.3
AtomContainerManipulatorTest:0.27
TemplateExtractor:0.25666666666666665
