MethodDelegation:0.5566666666666666
ImplementationDelegate:0.4477777777777777
Compound:0.33666666666666667
Appender:0.32
WithCustomProperties:0.25333333333333335
MethodDelegationPipeTest:0.23
MethodDelegationMorphTest:0.23
MethodDelegationFieldProxyTest:0.22
ByteBuddyTutorialExamplesTest:0.21333333333333335
TargetMethodAnnotationDriverBinderParameterBinderForFixedValueOfConstantOtherTest:0.18666666666666668
MethodDelegationTest:0.16666666666666666
Record:0.1511111111111111
MethodDelegationOtherTest:0.13666666666666666
MethodDelegationBinderTest:0.13
MethodDelegationChainedTest:0.12666666666666668
TargetMethodAnnotationDriverBinderParameterBinderForFixedValueOfConstantTest:0.11
MethodDelegationBinderAmbiguityResolverChainTest:0.05583333333333333
