Manager:0.6566666666666666
IO:0.40166666666666667
SSLConnectionTest:0.37666666666666665
