RegionCache:0.35866666666666663
DataSerializerHook:0.34777777777777774
LocalRegionCache:0.3466666666666667
Timestamp:0.30666666666666664
AbstractAccessDelegate:0.28
IMapRegionCache:0.2733333333333333
ReadWriteAccessDelegate:0.22333333333333333
AbstractGeneralRegion:0.19666666666666666
NonStrictReadWriteAccessDelegate:0.19333333333333333
EvictionEntry:0.18633333333333332
HibernateStatisticsTestSupport:0.16
TimestampsRegionCache:0.06666666666666667
Invalidation:0.05444444444444444
FactoryIdHelper:0.05
HazelcastQueryResultsRegionTest:0.0
