FilterParseTest:0.6433333333333333
FilterCompiler:0.6166666666666667
FilterCompilerTest:0.04
