FlowExecutorImpl:0.5333333333333333
FlowExecutorImplTests:0.4066666666666667
