CDKValencyCheckerTest:0.7266666666666667
MvalencycheckTests:0.16666666666666666
