DefaultProviderHandler:0.6233333333333333
DataProviderParserHandler:0.37333333333333335
DataProviderHandler:0.14416666666666667
EmbedClientConfigDefaultTest:0.03333333333333333
EmbedClientConfigStatefulTest:0.03
EmbedClientConfigStatelessTest:0.02666666666666667
EmbedClientStatefulTest:0.0033333333333333335
EmbedClientStatelessTest:0.0033333333333333335
