Workspace:0.38333333333333336
TreeTag:0.35333333333333333
DefinitionUtils:0.3466666666666667
WebKeys:0.2720555555555556
BuildDefinitionDivs:0.24666666666666667
WorkspaceTreeController:0.13333333333333333
ConfigureController:0.13333333333333333
