IChIReader:0.41333333333333333
IsotopeReader:0.31
AtomTypeReader:0.31
CMLReader:0.30333333333333334
