Transaction:0.5866666666666667
Wallet:0.47333333333333333
BlockChain:0.3466666666666667
TransactionBroadcast:0.31531746031746033
Peer:0.31
TxConfidenceTable:0.28
PeerGroup:0.23
PeerGroupTest:0.19666666666666666
ChainSplitTest:0.18666666666666668
PeerTest:0.16666666666666666
ConfidenceChange:0.15333333333333332
EnoughAvailablePeers:0.11
WeakConfidenceReference:0.0033333333333333335
