UnitWindow:0.9533333333333334
PersonCollection:0.7866666666666666
