ClientNearCacheTestSupport:0.44666666666666666
AbstractNearCacheRecordStore:0.43
SizeEstimatorTest:0.36
MaxSizeEvictionChecker:0.18880952380952382
LazyEntryViewFromRecordTest:0.18333333333333332
OperationParkerImpl:0.12333333333333334
UuidFilterTest:0.0
