DrawProperties:0.5966666666666667
RenderHits:0.25666666666666665
GraphConverter:0.24666666666666667
TaskFigure:0.24333333333333335
AbstractFigure:0.21333333333333335
TransitionFigure:0.18666666666666668
GraphImage:0.14
FigureFactory:0.12666666666666668
Circle:0.09
Rhomb:0.08
RoundedRect:0.05333333333333334
WaitStateFigure:0.03
