GwtViewHelper:0.5005555555555555
EntryTitleInfo:0.49
EntryTitleCell:0.36333333333333334
