XMLDOMImplementationTest:0.4644444444444444
XMLDOMDocumentFragmentTest:0.38666666666666666
XMLDOMDocumentTypeTest:0.29333333333333333
