AbstractTestQueries:0.5383333333333333
Rewriter:0.33666666666666667
