MutationRecord:0.8108333333333333
HostClassNameStandardsTest:0.3233333333333333
HostTypeOfTest:0.31
HostClassNameTest:0.31
HostParentOfITest:0.25666666666666665
