Field:0.6266666666666667
SearchContextHighlight:0.4533333333333333
HighlightUtils:0.36833333333333335
PercolateContext:0.3466666666666667
HighlighterSearchTests:0.2733333333333333
FieldOptions:0.24333333333333335
PostingsHighlighter:0.155
FastVectorHighlighter:0.14666666666666667
PercolatorService:0.14333333333333334
HighlightPhase:0.14333333333333334
PlainHighlighter:0.12666666666666668
HighlighterParseElement:0.10333333333333333
CustomHighlighter:0.07333333333333333
