ArrivingSettlementEditingPanel:0.5533333333333333
TempSimulationConfigEditor:0.27666666666666667
NewTransportItemDialog:0.17333333333333334
TransportDetailPanel:0.16666666666666666
ArrivedListPanel:0.14666666666666667
IncomingListPanel:0.14666666666666667
