MemberState:0.5566666666666666
MemberStateImpl:0.47
WanReplicationServiceImpl:0.31
WanReplicationService:0.2678730158730158
TimedMemberStateFactory:0.21666666666666667
MemberStateImplTest:0.19333333333333333
