StandardLibrary:0.5617777777777777
HopVirtualMachine:0.41
HopStandardLibrary:0.36333333333333334
HopCompletionProvider:0.2
LibraryIndexEntry:0.12666666666666668
