TODSession:0.81
TODHandler:0.652
MirrorFactory:0.2866666666666667
DefaultTODHandler:0.21
MirroredObjectInstanceImpl:0.21
TODSessionImpl:0.19666666666666666
TypeLookupManager:0.013055555555555556
