DefaultAccess:0.8266666666666667
FedoraAPIABindingSOAPHTTPImpl:0.30666666666666664
