ShadowLooper:0.6361111111111112
Scheduler:0.45
HandlerTest:0.11666666666666667
AsyncTaskTest:0.11333333333333333
