DataHeaderFlyweight:0.7104761904761905
ErrorHeaderFlyweight:0.6666666666666666
FlyweightTest:0.31666666666666665
