HTMLElement:0.6655555555555556
FormField:0.31333333333333335
HTMLFormElement:0.2866666666666667
HTMLDivElementTest:0.15333333333333332
