ScheduleGroup:0.569555315055315
HttpRemoteTask:0.49333333333333335
RemoteTask:0.48
SourcePartitionedScheduler:0.4633333333333333
SqlStageExecution:0.36
PlanFragment:0.2675
MockRemoteTask:0.25333333333333335
SystemSessionProperties:0.18
SqlQueryScheduler:0.17333333333333334
ScheduleResult:0.13
FixedSourcePartitionedScheduler:0.08333333333333333
StageTaskListener:0.08
FixedSplitPlacementPolicy:0.0571031746031746
ListenerManager:0.006666666666666667
