FlowExecutionRepository:0.4459444444444444
FlowExecutionEntry:0.36333333333333334
SimpleFlowExecutionRepository:0.32666666666666666
FlowExecutorImpl:0.2833333333333333
ContinuationFlowExecutionRepository:0.24666666666666667
ClientContinuationFlowExecutionRepository:0.19666666666666666
