Server:0.45
WebClient:0.44
Errors:0.42333333333333334
ReportingErrorHandler:0.22
SimpleDOReader:0.21333333333333335
WebClientConfiguration:0.19666666666666666
OwlValidator:0.19333333333333333
DefaultManagement:0.18666666666666668
FedoraHome:0.18166666666666667
InstallOptions:0.18
SchemaValidator:0.17333333333333334
DefaultExternalContentManager:0.17333333333333334
EcmValidator:0.16666666666666666
GSearchDOManager:0.14333333333333334
DatastreamResource:0.12333333333333334
ObjectConstructor:0.12
ResourceResolver:0.12
DatastreamValidator:0.11166666666666666
FormValidator:0.11
EcmTest:0.09
ServerUtility:0.06833333333333333
