SocketAcceptor:0.43833333333333335
SocketConnector:0.43833333333333335
TcpIpConnectionManager:0.38666666666666666
