Flyway:0.6366666666666667
MigrationVersion:0.6216666666666667
MigrationVersionSmallTest:0.22
