AnnotationServiceInterceptor:0.5783333333333334
MeteorServiceInterceptor:0.3566666666666667
AtmosphereHandlerServiceInterceptor:0.2422222222222222
