Flush:0.45133333333333336
FlushRequest:0.4166666666666667
UnmappedFieldsTermsFacetsTests:0.28
ShardFlushRequest:0.2633333333333333
SimpleFacetsTests:0.2633333333333333
AbstractSharedClusterTest:0.26
SimpleSortTests:0.24
SimpleNestedTests:0.21666666666666667
TransportFlushAction:0.19
FlushNotAllowedEngineException:0.10666666666666667
RestFlushAction:0.09
RandomScoreFunctionTests:0.08333333333333333
FlushRequestBuilder:0.07583333333333334
