SwaggerContextService:0.5066666666666667
BeanConfig:0.30333333333333334
SwaggerConfigLocator:0.24333333333333335
SwaggerContextServiceTest:0.22666666666666666
ApiListingResource:0.1766666666666667
AbstractScanner:0.013333333333333334
