Collections:0.6216666666666667
Map:0.45666666666666667
HashMap:0.3233333333333333
TreeMap:0.30666666666666664
SortedMap:0.23637301587301587
LinkedHashMap:0.22666666666666666
AbstractMapTest:0.21
TreeMapTest:0.14666666666666667
LinkedHashMapTest:0.14666666666666667
