PasswordComparisonAuthenticator:0.52
LdapAuthenticationProviderConfigurer:0.38333333333333336
LdapShaPasswordEncoder:0.3
PasswordComparisonAuthenticatorTests:0.26
PasswordCompareConfigurer:0.2587777777777778
AuthenticationProviderBeanDefinitionParserTests:0.21666666666666667
PasswordEncoderParser:0.09166666666666666
