Http2Pool:0.49333333333333335
Http1xPool:0.4633333333333333
Pool:0.45
ConnQueue:0.37
