SLOPostProfileHandlerController:0.3333333333333333
SSOPostProfileHandlerController:0.31
DefaultServicesManagerImpl:0.16
ServicesManager:0.14583333333333334
SamlObjectSigner:0.14333333333333334
