RecordType:0.7483333333333333
Records:0.3566666666666667
