CallProcess:0.5766666666666667
SemanticVerifier:0.45666666666666667
OOITBuilder:0.3244444444444445
