MockStatement:0.47
MockExecuteContext:0.43
MockTest:0.3233333333333333
AbstractTest:0.26666666666666666
SingleResult:0.11111111111111109
