LocusTable:0.6466666666666666
AddLocus:0.37333333333333335
GeneParsedListener:0.2825
UpdateLocus:0.18333333333333332
LocusTableTest:0.16
LocusBeanTest:0.14333333333333334
