JChemPaintEditorPanel:0.5041666666666667
JChemPaintPanel:0.47333333333333333
JChemPaintViewerOnlyPanel:0.35333333333333333
JChemPaintMenuBar:0.32666666666666666
JChemPaintViewerOnlyApplet:0.15333333333333332
