Seq:0.49
Map:0.4033333333333333
AbstractSeqTest:0.25333333333333335
AbstractMapTest:0.24666666666666667
