MethodNode:0.48
ClassNode:0.45061111111111113
MethodInfo:0.41333333333333333
Deobfuscator:0.37666666666666665
