BondTest:0.48333333333333334
AtomContainerTest:0.4533333333333333
AtomTypeTest:0.41
PolymerTest:0.22333333333333333
AtomParityTest:0.14333333333333334
