DefaultRecordStore:0.47333333333333333
MapStoreManager:0.4266666666666667
MapStoreConfig:0.32
DelayedEntry:0.2866666666666667
MapContainer:0.26666666666666666
XmlConfigBuilder:0.25666666666666665
AbstractDelayedEntry:0.23666666666666666
XMLConfigBuilderTest:0.23166666666666666
DefaultMapStoreManager:0.22666666666666666
StoreProcessor:0.21666666666666667
TestFullApplicationContext:0.21666666666666667
WriteBehindQueueManager:0.2
ConfigXmlGenerator:0.17833333333333334
WriteBehindManagers:0.03666666666666667
ExpirationManager:0.0
