IPAMModuleTopComponent:0.5333333333333333
DashBoardTopComponent:0.44333333333333336
IPAMModuleService:0.25
TaskManagerRootNode:0.18
