SearchHitField:0.5333333333333333
MapperService:0.41
InternalSearchHit:0.3933333333333333
GetField:0.26666666666666666
GetResult:0.225
GetActionTests:0.21
ShardGetService:0.20666666666666667
InternalSearchHitField:0.19666666666666666
FetchPhase:0.19111111111111112
SearchFieldsTests:0.1
