ToolbarItem:0.6805555555555556
GwtMenuHelper:0.5766666666666667
