List:0.6566666666666666
Interpolation:0.5612142857142858
ComboBox:0.44666666666666666
