ExtractGmlTest:0.58
ExtractGeometriesTest:0.38333333333333336
SpatialIndexWriterTest:0.32666666666666666
