CodeStyleTest:0.4066666666666667
NotYetImplementedTest:0.38333333333333336
HTMLDocumentTest:0.3566666666666667
JavaScriptConfigurationTest:0.28
HtmlPageTest:0.27
WebClientTest:0.24
HtmlElementTest:0.23666666666666666
BrowserVersionFeaturesSource:0.21333333333333335
HtmlButtonTest:0.19666666666666666
AttributesTest:0.1613888888888889
SVN:0.1375
HttpWebConnection2Test:0.13666666666666666
MockWebConnectionServlet:0.11333333333333333
RedirectionServlet:0.09333333333333334
