AtomContainerManipulator:0.5766666666666667
ChemSequenceManipulator:0.39666666666666667
ReactionManipulator:0.37333333333333335
AtomTypeManipulator:0.23666666666666666
ChemFileManipulator:0.20666666666666667
