FileLocation:0.5866666666666667
IOHelper:0.46
NioObject:0.44
ChannelInputSource:0.2733333333333333
