WsTreeBuilder:0.38666666666666666
AbstractFolderCoreProcessor:0.37
FolderModuleImpl:0.31
FolderCoreProcessor:0.21166666666666667
WorkspaceModuleImpl:0.18
AjaxController:0.14
SAbstractForumController:0.13666666666666666
