Seq:0.571888888888889
Stream:0.32666666666666666
Option:0.29333333333333333
List:0.25333333333333335
RightProjection:0.23666666666666666
LeftProjection:0.23666666666666666
Traversable:0.22109523809523807
Gen:0.19333333333333333
Try:0.19333333333333333
Arbitrary:0.18333333333333332
CheckedMonad:0.13
Monad:0.13
