ParameciumNameAdapter:0.5533333333333333
ParameciumDisplayPrefs:0.4188888888888889
ParameciumDBChadoInstance:0.31
