RetrofitFragment:0.37
PseudoCacheConcatFragment:0.26
PseudoCacheMergeFragment:0.26
DoubleBindingTextViewFragment:0.18666666666666668
FormValidationCombineLatestFragment:0.17666666666666667
RetrofitAsyncTaskDeathFragment:0.10333333333333333
