RestHighLevelClientTests:0.5233333333333333
AggregatorTestCase:0.3233333333333333
AggregationsTests:0.24666666666666667
PreBuiltTransportClientTests:0.14
