StaticJSModelTest:0.5233333333333333
QueryController:0.4766666666666667
RequestValidatorTest:0.44963888888888887
