Frontier:0.69
Postselector:0.37666666666666665
ThreadLocalQueue:0.07333333333333333
