DistributedResultRequest:0.6566666666666666
Downstream:0.37
DistributingDownstream:0.30333333333333334
DistributedResultRequestTest:0.12
