ExtensionLoader:0.6833333333333333
ApplicationConfig:0.33555555555555555
