ResultHandler:0.6466666666666666
TextResultHandler:0.2733333333333333
ISBNResultHandler:0.20666666666666667
ProductResultHandler:0.20666666666666667
