XDSbRegistry:0.5933333333333334
XDSbRepository:0.44
GetDocumentsAndAssociations:0.30222222222222217
