Service:0.3447777777777778
User:0.33
UserGroup:0.2
PropertiesFeatureToggleVersion:0.07333333333333333
App:0.03666666666666667
TieredFeatureToggleVersion:0.01722222222222222
UserGroupTest:0.013333333333333334
TieredFeatureToggleVersionTest:0.0033333333333333335
PropertiesFeatureToggleVersionTest:0.0033333333333333335
