FieldInfo:0.6633333333333333
RecordInfo:0.6066666666666667
