Log:0.6
OptionGroupPane:0.35
ParserRuleSet:0.32161111111111107
ElasticTabStopBufferListener:0.21666666666666667
TabbedOptionDialog:0.20333333333333334
TextAreaMouseHandler:0.2
KeymapManagerImpl:0.19
XMLUtilities:0.17666666666666667
BufferPrinter1_4:0.16666666666666666
PropertiesBean:0.16333333333333333
ElasticTabstopsTabExpander:0.13666666666666666
