Platforms:0.903888888888889
AbstractConfigurableOsgiTests:0.6333333333333333
