JdkComp:0.5533333333333333
ValueMirrors:0.5072222222222222
InlinedStatementCreator:0.49333333333333335
ValueType:0.49333333333333335
Constitution:0.35
ImportsBuilder:0.3466666666666667
Weaver:0.33
StyleInfo:0.28
Extra:0.27599999999999997
Companion:0.24666666666666667
Proto:0.22666666666666666
PostprocessingMachineTest:0.20333333333333334
Finder:0.18333333333333332
Standalone:0.16666666666666666
TextLine:0.16333333333333333
ValueTypeComposer:0.16
Inliner:0.10666666666666667
Small:0.006666666666666667
Scheme:0.0
