C3DDialogEvent:0.801
C3DDialog:0.6366666666666667
C3DToolbar:0.3933333333333333
