Util:0.5466666666666666
HistoryGuru:0.4766666666666667
IndexDatabase:0.43333333333333335
Groups:0.2966666666666667
SCCSRepository:0.24666666666666667
LdapFacade:0.24666666666666667
Indexer:0.21666666666666667
Context:0.18166666666666667
SearchEngine:0.18
DirectoryExtraReader:0.13666666666666666
DirectoryHistoryReader:0.10666666666666667
