Options:0.6533333333333333
Groove:0.5833333333333334
Editor:0.5
GraphEditAction:0.07666666666666666
RuleEditAction:0.07666666666666666
