AbstractServerFactory:0.3233333333333333
HelloWorldApplication:0.2833333333333333
JerseyEnvironment:0.2633333333333333
ViewBundle:0.22855555555555554
HibernateBundle:0.19666666666666666
HibernateBundleTest:0.19666666666666666
DBIExceptionsBundle:0.14666666666666667
TestApplication:0.13666666666666666
ViewBundleTest:0.11333333333333333
