PointInTime:0.42
Calendar:0.4066666666666667
Event:0.2833333333333333
Model:0.19472222222222224
TimelineView:0.17
DateWidget:0.16666666666666666
FrenchRCalendar:0.15166666666666667
HebrewCalendar:0.10333333333333333
