DefaultGxl:0.57
AbstractJaxbGxlIO:0.5
LayedOutXml:0.45666666666666667
AbstractGxl:0.19333333333333333
