ComponentTester:0.8
EventRecorderTest:0.33666666666666667
ComponentRecorder:0.26
EventRecorder:0.25333333333333335
AbstractButtonRecorder:0.15333333333333332
