DicAnalysisTest:0.8416666666666667
TestError:0.17566666666666667
