FileAccessor:0.7886111111111112
OutlookAccessor:0.576388888888889
