JPADotNames:0.5040555555555557
ConfiguredClass:0.47
MappedAttribute:0.36
EntityBinder:0.28
ConfiguredClassHierarchyBuilder:0.15333333333333332
HibernateDotNames:0.014285714285714285
