HdfsBlobContainer:0.6633333333333333
FsBlobContainer:0.30666666666666664
HdfsBlobStore:0.2833333333333333
AbstractBlobContainer:0.24333333333333335
