Item:0.65
Info:0.2633333333333333
FilterDialog:0.26166666666666666
Filter:0.25333333333333335
LookAndFeelSettings:0.24333333333333335
PluginDownloader:0.21583333333333332
PrintPreview:0.17333333333333334
