ArticleQueryService:0.6133333333333333
VoteMgmtService:0.36666666666666664
TagProcessor:0.24
IndexProcessor:0.19666666666666666
ArticleMgmtService:0.18333333333333332
CommentMgmtService:0.15333333333333332
