Helper:0.6933333333333334
RestMethodInfoTest:0.5633333333333334
RestMethodInfo:0.21666666666666667
RequestBuilder:0.21
RequestBuilderTest:0.12333333333333334
