MapEntry:0.7433333333333333
LocalMapStats:0.49666666666666665
CMapEntry:0.3933333333333333
LocalMapStatistics:0.32022222222222224
CMap:0.32
Record:0.3
DataRecordEntry:0.29333333333333333
ClientMapEntry:0.25666666666666665
LocalMapStatsImpl:0.25333333333333335
EmptyMapEntry:0.25
BaseManager:0.23
ConcurrentMapManager:0.2
ReplicatedMap:0.18666666666666668
MapStatisticsGenerator:0.15
PredicatesTest:0.14
StoreAwareOperationHandler:0.09666666666666666
MapServiceImpl:0.03333333333333333
