ISetPerformance:0.26666666666666666
PerformanceTest:0.24666666666666667
MultiMapPerformance:0.17666666666666667
IListPerformance:0.15666666666666668
IMapPerformance:0.13666666666666666
