HotRestartService:0.836888888888889
NoOpHotRestartService:0.4625
NoopHotRestartServicesTest:0.043333333333333335
