GeoLocation:0.64
GeoModel:0.35333333333333333
Model:0.24
Update:0.16333333333333333
