ScriptEditor:0.6233333333333333
AppEventQueue:0.3466666666666667
AppClassLoader:0.3433333333333333
AppClassLoaderTest:0.3233333333333333
