DataHandler:0.6366666666666667
AnsiDataHandler:0.38
WikiDatabase:0.2833333333333333
TestDataHandler:0.24666666666666667
TiddlyWikiParser:0.19666666666666666
EditServlet:0.19333333333333333
ManageServlet:0.16333333333333333
TranslationServlet:0.13333333333333333
UploadServlet:0.12333333333333334
MigrationUtil:0.08
WikiBaseMock:0.04
WikiBaseFascade:0.0
