CacheConfigTest:0.56
TestJCache:0.3077777777777778
EvictionPolicyEvaluatorTest:0.29444444444444445
EvictionStrategyTest:0.18666666666666668
