Importer:0.58
RestImportActionTest:0.52
BlobTransferTarget:0.26
CrateRestMainActionListener:0.13666666666666666
RestMainActionListener:0.07666666666666666
