DataSourceConfigurationPanel:0.5633333333333334
AnnotationEnsJAdapter:0.5133333333333333
CompositeDataSourceConfigurationPanel:0.2966666666666667
