NestedBlockLayout:0.6033333333333334
Cell:0.45666666666666667
BeanPanel:0.27666666666666667
BasicEditor:0.22833333333333333
