RedissonList:0.37666666666666665
RedissonBucket:0.33666666666666667
RedissonListReactive:0.2966666666666667
RBucket:0.2678730158730158
RedissonBucketTest:0.21666666666666667
BooleanNumberReplayConvertor:0.16333333333333333
RBucketAsync:0.15833333333333333
RedisCommands:0.06666666666666668
