Layer:0.38
NeuralNetConfiguration:0.2297777777777778
AutoEncoder:0.16428571428571428
ConvolutionLayer:0.16
DenseLayer:0.14166666666666666
GravesLSTM:0.14166666666666666
RecursiveAutoEncoder:0.14166666666666666
LSTM:0.11666666666666667
OutputLayer:0.09650793650793651
RBM:0.0765079365079365
Builder:0.06333333333333334
SubsamplingLayer:0.05861111111111112
FeedForwardLayer:0.03
BasePretrainNetwork:0.0
