FailOnTimeout:0.7666666666666667
MethodRoadie:0.4
FailOnTimeoutTest:0.31666666666666665
