MaxTimeIterationTerminationCondition:0.765
EarlyStoppingTrainer:0.3822222222222222
TestEarlyStopping:0.20666666666666667
