ObjectKeys:0.45359523809523816
WebKeys:0.45359523809523816
AjaxController:0.37333333333333335
ListFolderHelper:0.29
DisplayConfiguration:0.16666666666666666
