EditorPanel:0.6466666666666666
LayerTreeEditor:0.3433333333333333
EditorEngine:0.31333333333333335
JFXEditorPanel:0.30833333333333335
SwingEditorPanel:0.27166666666666667
SaveAsAction:0.25
DefaultXMLExporter:0.24666666666666667
ARINC661App:0.20333333333333334
LayerListener:0.17333333333333334
AbstractEditorEngine:0.12
CutHelper:0.06666666666666667
