Wallet:0.71
MissingSignatureException:0.4592619047619047
SendRequest:0.45233333333333337
WalletTest:0.38333333333333336
