Canvas:0.4766666666666667
GUI:0.37666666666666665
WindowedFrame:0.2866666666666667
WindowedFrameListener:0.24333333333333335
FreeColClient:0.23666666666666666
FullScreenFrame:0.23333333333333334
QuitAction:0.14333333333333334
