CaptureActivity:0.4866666666666667
Scan:0.46907142857142875
IntentIntegrator:0.36333333333333334
IntentResult:0.30666666666666664
