ExpensesClient:0.5233333333333333
UserList:0.3333333333333333
ExpensesResourceConfig:0.27
UserResource:0.26
AbstractExpensesClientTestCase:0.16333333333333333
ExpensesServlet:0.14
XmlExpensesClient:0.08
XHtmlFormExpensesClient:0.08
AbstractExpensesClient:0.07666666666666666
XHtmlFormExpensesClientTest:0.07322222222222222
AbstractFormMessageBodyProvider:0.03333333333333333
JAXBAnnotatedFormMessageBodyProvider:0.024761904761904763
MockUserResource:0.016666666666666666
XmlExpensesClientTest:0.01611111111111111
