AnimUtils:0.5033333333333333
ProgressBar:0.30666666666666664
Button:0.26666666666666666
SeekBar:0.22833333333333333
ImageView:0.22833333333333333
RangeSeekBar:0.22333333333333333
RadioButton:0.22333333333333333
CheckBox:0.22333333333333333
EditText:0.21666666666666667
GridLayout:0.21666666666666667
FrameLayout:0.21666666666666667
RelativeLayout:0.21666666666666667
TextView:0.21666666666666667
DrawerLayout:0.21666666666666667
LinearLayout:0.21666666666666667
AnimationsActivity:0.08666666666666667
