JFXTextAreaSkin:0.43333333333333335
JFXTextAreaSkinAndroid:0.43333333333333335
JFXPasswordFieldSkin:0.24
JFXPasswordFieldSkinAndroid:0.24
JFXTextFieldSkinAndroid:0.24
JFXTextFieldSkin:0.24
