DocConverter:0.57
TempFileUtil:0.3933333333333333
AbstractDocSource:0.33666666666666667
DocConverterHandler:0.29333333333333333
