Checkbox:0.5066666666666667
CheckboxList:0.2866666666666667
Radio:0.2866666666666667
