CompletionEngine:0.7133333333333334
CompletionContext:0.5416666666666666
