AsyncNoWaitTest:0.6471825396825398
LogUtils:0.2738333333333333
