JtdsResultSet:0.37
MSCursorResultSet:0.29
TdsCore:0.2733333333333333
CachedResultSet:0.24333333333333335
JtdsPreparedStatement:0.21416666666666667
ConnectionJDBC2:0.18333333333333332
TdsToken:0.15833333333333333
