CommonUtil:0.5766666666666667
DownloadTarget:0.3333333333333333
DownloadGroupUtil:0.22333333333333333
ResumeAllCmd:0.22333333333333333
HighestPriorityActivity:0.16666666666666666
CancelCmd:0.14333333333333334
