DateHelper:0.43666666666666665
AbstractMapReduceTask:0.31333333333333335
StringUtil:0.23
MultiLineDiagnosticsLogWriter:0.13333333333333333
