Block:0.7366666666666667
BlockBuilder:0.6466666666666666
Visitor:0.29333333333333333
Builder:0.2552380952380952
SessionPropertyManager:0.22666666666666666
TablePropertyManager:0.18666666666666668
TestInterpretedProjectionFunction:0.18666666666666668
Utils:0.17
