VR:0.81
BasicDicomObject:0.45666666666666667
DicomObjectTest:0.31666666666666665
TextVR:0.09333333333333334
