LabelNode:0.3711111111111111
CaseStatement:0.34
TestExpressionCompiler:0.31333333333333335
DumpByteCodeVisitor:0.23333333333333334
LookupSwitch:0.18333333333333332
Operations:0.15
Visitor:0.09333333333333334
