Glove:0.5755555555555555
RenderView:0.32055555555555554
RendersResource:0.07666666666666666
