VanillaChronicleMap:0.5266666666666666
StatelessChronicleMap:0.3933333333333333
StatelessClientTest:0.33666666666666667
StatelessServerConnector:0.3333333333333333
Segment:0.2833333333333333
SerializerTest:0.26
XStreamConverter:0.19666666666666666
ReadValueToBytes:0.18666666666666668
HeapWriteLocked:0.14333333333333334
NativeWriteLocked:0.14333333333333334
ReadValueToOutputBytes:0.05333333333333334
