SyncUIHelper:0.5933333333333334
ProcessCache:0.3
WFEServerProcessDefinitionImporter:0.29
ConnectorCallback:0.25
AbstractWebServicesConnector:0.24
ExportParWizardPage:0.21333333333333335
ImportBotElementWizardPage:0.20666666666666667
ImportParWizardPage:0.20333333333333334
SwimlaneEditorPage:0.19166666666666668
ImportBotStationWizardPage:0.185
NodeRegistry:0.185
ImportBotWizardPage:0.185
ExportBotElementWizardPage:0.17666666666666667
EmbeddedSubprocessActionsDelegate:0.14333333333333334
CopyGraphCommand:0.12333333333333334
ParDeployOperation:0.12
RelationSwimlaneElement:0.10666666666666667
ActiveDirectorySwimlaneElement:0.10333333333333333
ExecutorGroupSwimlaneElement:0.07666666666666666
StartState:0.043333333333333335
