TextProvider:0.6033333333333334
TestAction:0.27
CompositeTextProvider:0.25166666666666665
ActionSupport:0.24666666666666667
TextProviderSupport:0.24
DelegatingValidatorContext:0.20666666666666667
DefaultTextProvider:0.14333333333333334
