CallIdSequenceWithBackpressure:0.45666666666666667
HazelcastClientInstanceImpl:0.43
ClientInvocation:0.3333333333333333
InvocationRegistry:0.27666666666666667
BackpressureRegulator:0.22
CallIdSequenceWithBackpressureTest:0.16
