NetcdfProjectionTest:0.49333333333333335
SvnUrl:0.3233333333333333
Validator:0.2833333333333333
IOTestCase:0.2833333333333333
NetcdfMetadataTest:0.20666666666666667
Method:0.20277777777777778
NetcdfCRSTest:0.03
