ActorRegistry:0.5933333333333334
ServerTest:0.31333333333333335
SupervisorTest:0.23666666666666666
ProxyServerTest:0.23666666666666666
EventSourceTest:0.19666666666666666
LocalActorRegistry:0.1425
