JChemPaintPanel:0.41
JCPToolBar:0.39
JCPMenuTextMaker:0.37
CreateReactionAction:0.20666666666666667
ChangeModeAction:0.17444444444444446
