Detail:0.8166666666666667
CommercialDocument:0.31333333333333335
