IPAtomicDescriptor:0.7283333333333334
IPBondDescriptor:0.6343333333333334
