PubMedArticle:0.6866666666666666
PubMedSaxHandler:0.5033333333333333
PubMedSaxHandlerTest:0.25333333333333335
BulkArticleLoader:0.19333333333333333
PubMedParsedListener:0.0938095238095238
ArticleHolder:0.08333333333333333
