AbstractAppenderFactory:0.5866666666666667
SyslogAppenderFactoryTest:0.2633333333333333
FileAppenderFactoryTest:0.17666666666666667
ConsoleAppenderFactoryTest:0.09
