ExecutionService:0.663888888888889
ClientEngineImpl:0.6455555555555557
ClientDisconnectionOperation:0.36
ClientReAuthOperation:0.27666666666666667
DestroyEndpointTask:0.17444444444444446
ConnectionListenerImpl:0.12333333333333334
ClientReauthTask:0.023055555555555555
ClientDisconnectedTask:0.013055555555555556
