TpchMetadata:0.38333333333333336
AbstractTestDistributedQueries:0.29333333333333333
HiveFileFormatBenchmark:0.23666666666666666
TpchRecordCursor:0.20333333333333334
TestHiddenColumns:0.18333333333333332
H2QueryRunner:0.16666666666666666
TestHivePageSink:0.14666666666666667
