Common:0.616388888888889
Filler:0.37666666666666665
TagProcessor:0.2
