Config:0.61
AllTests:0.35444444444444445
TestSortFields:0.34
TestUpdates:0.33666666666666667
TestConfigDemoOnZebra:0.28
FgsTestCase:0.23666666666666666
