Tile:0.5733333333333334
IndianSettlement:0.5733333333333334
PlayerExploredTile:0.36
FreeColServer:0.31666666666666665
