ApprovalRequestGUIInfo:0.5216666666666666
RaManageRequestsBean:0.41333333333333333
RaApprovalRequestInfo:0.39
