InputTag:0.58
QueryTag:0.5366666666666666
BasicValueTag:0.36666666666666664
OptionTag:0.07
