LocalCertificateStoreSessionBean:0.5133333333333333
CertificateStatus:0.4766666666666667
OCSPServletStandAloneSession:0.23916666666666667
OCSPServletBase:0.21333333333333335
CertificateDataUtil:0.21
OCSPServletStandAlone:0.19333333333333333
LocalCertificateStoreOnlyDataSessionBean:0.1
OCSPServlet:0.09666666666666666
