SystemPropertyModel:0.6133333333333333
DashboardService:0.48
DashboardDelegator:0.30666666666666664
SystemInfoPanel:0.20333333333333334
SystemPropertyTreeTable:0.08333333333333333
