HeritrixProtocolSocketFactory:0.5633333333333334
FetchHTTP:0.5416666666666666
