SplitRunner:0.6
SqlTaskExecution:0.51
TaskExecutor:0.3933333333333333
PrioritizedSplitRunner:0.20333333333333334
SimulationTask:0.20111111111111113
DriverSplitRunner:0.2
Runner:0.19000000000000003
DriverSplitRunnerFactory:0.19
TestingJob:0.18365079365079365
SimulationSplit:0.18365079365079365
TaskExecutorTest:0.07333333333333333
