PDA:0.41333333333333333
PDABytecodeTriggers:0.3466666666666667
Lexer:0.2733333333333333
PDABytecodeGenerator:0.21
Instruction:0.2
TestPDABytecodeInterp:0.18
DFA10:0.14444444444444443
DFA16:0.14444444444444443
TestPDABytecodeGeneration:0.14
InvalidElement:0.03631746031746032
