ShadowWrangler:0.51
AndroidTranslatorTest:0.42
AndroidTranslator:0.41
InvocationPlan:0.35
withEquals:0.24666666666666667
AndroidTranslatorUnitTest:0.08333333333333333
ShadowWranglerTest:0.06
withToString:0.008981481481481483
