QueryHistoryMonitor:0.6766666666666666
QueryHistoryMonitorTableModel:0.41
QueryHistoryChangeListener:0.15694444444444444
QueryManager:0.14333333333333334
