BasicTransaction:0.7866666666666666
XTestDriver:0.24333333333333335
RetrieveTransaction:0.23666666666666666
XCAIGRetrieveTransaction:0.23666666666666666
ProvideAndRegisterTransaction:0.2088888888888889
RegisterTransaction:0.2
StepContext:0.16833333333333333
