DesignerContentProvider:0.6022222222222222
TimerState:0.41333333333333333
DateType:0.38333333333333336
