Fiber:0.71
SuspendableHelper:0.27
VerificationTest:0.14
C2:0.08666666666666667
A2:0.06838888888888889
