ComponentTester:0.48
Step:0.41
Action:0.30222222222222217
ScriptEditor:0.29
Sequence:0.25666666666666665
Recorder:0.24333333333333335
