KeyTools:0.38
CliCommand:0.35333333333333333
TestSignSession:0.25666666666666665
Upgrade:0.25666666666666665
LocalCertificateStoreSessionBean:0.25
RSASignSessionBean:0.19666666666666666
CertificateDataBean:0.19666666666666666
UpgradeSessionBean:0.19666666666666666
EjbcaEjbCli:0.08333333333333333
