MultiWebApplicationContext:0.5433333333333333
QuickStart:0.33
ExecuteAndWaitInterceptor:0.25866666666666666
