SharedFilesService:0.5266666666666666
ShareManager:0.32666666666666666
SaveSharedFilesJob:0.20666666666666667
AddShareFolderAction:0.19
FileRescanRunner:0.19
RunnerQueueWorker:0.19
ManagedFileOutputStream:0.19
QueueWorker:0.18666666666666668
RemoveShareFolderAction:0.18055555555555555
UrnCalculationWorker:0.17666666666666667
RescanAction:0.13666666666666666
