Factory:0.41
ParameterDisjunction:0.35333333333333333
ParameterValueEditor:0.3
DefaultGazetteer:0.2866666666666667
SerialControllerEditor:0.2833333333333333
ResourceRenderer:0.27
MemberPRsTableModel:0.25333333333333335
ResourceParametersEditor:0.23
RunAction:0.18
ParameterValueRenderer:0.16416666666666666
BooleanRenderer:0.15333333333333332
