RedissonAttachedLiveObjectService:0.7166666666666667
AccessorInterceptor:0.5533333333333333
RedissonAttachedLiveObjectServiceTest:0.19333333333333333
