ExecutorOperationsCounter:0.31666666666666665
MemberStateImpl:0.30333333333333334
SetProxyImpl:0.29333333333333333
SetProxyReal:0.27166666666666667
Entries:0.2375
MemberCall:0.19666666666666668
ManagementCenterService:0.19472222222222224
MembersCall:0.18333333333333332
RequestExecutor:0.10333333333333333
