Shape:0.6283333333333333
Multiplicity:0.3933333333333333
Util:0.38333333333333336
EdgeSignature:0.3233333333333333
EquivClass:0.31666666666666665
PullNode:0.315
Materialisation:0.22333333333333333
GraphNeighEquiv:0.20666666666666667
ShapeState:0.19333333333333333
SingulariseNode:0.18333333333333332
MaterialiseEdge:0.16
ShapeNextState:0.16
MultTerm:0.15666666666666668
MultVar:0.15666666666666668
MaterialiseNode:0.15333333333333332
ShapeGenerator:0.14666666666666667
NodeSingEqSystem:0.13333333333333333
AdmissibilityConstraint:0.12333333333333334
TestMaterialisation:0.11333333333333333
ShapeStateGenerator:0.10666666666666667
ShapeTransition:0.1
