ReferenceTest:0.35333333333333333
CacheContext:0.32666666666666666
NodeRule:0.21
AddValue:0.20666666666666667
AddConstructors:0.19666666666666666
AddKey:0.17333333333333334
