Simulation:0.56
SimulationConfig:0.5533333333333333
SettlementConfig:0.37333333333333335
ResupplyTemplate:0.19026984126984126
ResupplyConfig:0.14
TestCreditManager:0.1
