Viewer:0.67
ModelLoader:0.2911111111111111
JnetConstants:0.29
NodeView:0.28
ModelManager:0.27777777777777773
JnetFilterObserver:0.23333333333333334
JnetManager:0.21333333333333335
