ShardedJedis:0.4094444444444445
Sharded:0.3994444444444445
ShardedJedisTest:0.08666666666666667
