WithSecurityContextTestExecutionListener:0.3333333333333333
SetupExplicit:0.24666666666666667
SetupOverridden:0.24666666666666667
WithMockUserTests:0.21
WithUserDetailsTests:0.18
TestSecurityContext:0.02
