MetaDataTable:0.6014444444444444
Flyway:0.4622222222222222
MetaDataTableImpl:0.32666666666666666
MigrationInfoServiceImplSmallTest:0.2966666666666667
MigrationInfoDumperSmallTest:0.21
