SettingsFrameworkTestCase:0.5155555555555555
MapTypeTest:0.27722222222222226
