TaskFactory:0.4866666666666667
ProcessLogs:0.44
TaskLog:0.21666666666666667
IAttributes:0.014444444444444444
