QueryBuilders:0.5666666666666667
Store:0.42
MetadataSnapshot:0.36666666666666664
NGramTokenizerFactory:0.24666666666666667
