AdminProcessor:0.6838888888888889
TagArticleRepository:0.36333333333333334
ArticleMgmtService:0.2833333333333333
