CsvFileArgumentsProvider:0.43666666666666665
ParamsApiPlayground:0.43555555555555553
CsvParserIterator:0.3933333333333333
