ShardManagerDao:0.5780000000000001
SchemaDao:0.4769285714285714
ShardManager:0.4769285714285714
RaptorMetadata:0.2966666666666667
SchemaDaoUtil:0.29333333333333333
DatabaseShardManager:0.17833333333333334
