ConfigurationUtil:0.49333333333333335
ModelUtil:0.43666666666666665
SubstringCondition:0.3894444444444444
SimpleCrawlerHandler:0.3333333333333333
ModelAccessData:0.28833333333333333
ImapCrawler:0.2833333333333333
VocabularyWriter:0.2733333333333333
DataObjectFactory:0.2733333333333333
CrawlerBase:0.26666666666666666
AddressbookCrawler:0.25277777777777777
TestFileAccessor:0.24333333333333335
LogUtil:0.24166666666666667
ThunderbirdCrawlerTest:0.24
AppleAddressbookCrawlerTest:0.24
IcalCrawler:0.22666666666666666
ExampleImapCrawler:0.21666666666666667
UpdatingCrawlerHandler:0.2105952380952381
ExampleWebCrawler:0.2
SubstringPattern:0.19666666666666666
TestIcalCrawler:0.19
ExtractionThread:0.18333333333333332
OutlookAccessor:0.18333333333333332
FileOpener:0.18166666666666667
HttpOpener:0.175
CrawlerPanel:0.17333333333333334
ExampleFileCrawler:0.16666666666666666
TestOutlookCrawler:0.15666666666666668
SimpleRDFContainerFactory:0.14833333333333334
ThreadedExtractorWrapper:0.14666666666666667
TestMagicMimeTypeIdentifier:0.14333333333333334
Mail:0.13666666666666666
ThunderbirdCrawler:0.13333333333333333
TestExtractors:0.12333333333333334
TestRDFContainers:0.12
Contact:0.10666666666666667
RegExpPattern:0.10333333333333333
TestAccessors:0.10333333333333333
TestOutlookCrawlAll:0.08833333333333333
TestFileSystemCrawler:0.07333333333333333
StartsWith:0.07333333333333333
DoesNotContain:0.07333333333333333
Contains:0.07333333333333333
EndsWith:0.07333333333333333
AppleAddressbookCrawler:0.07
TestConfigurationUtil:0.03
UrlPattern:0.02
TestModelAccessData:0.01
