PiecewiseYieldCurve:0.7233333333333334
InterpolatedDiscountCurve:0.37
TypeTokenTree:0.27666666666666667
TypeTokenTreeTest:0.06
