Reflector:0.5316666666666666
FastResultSetHandler:0.47
Mapper:0.36527777777777787
AutomappingTest:0.09333333333333334
