AttributeMapTests:0.779388888888889
ParameterMapTests:0.5327777777777777
