JSONScanner:0.5266666666666666
DateFieldTest10:0.29
Issue1298:0.22666666666666666
