BufferRing:0.8116666666666666
BufferRingTest:0.34
TestUploadZipFile:0.30666666666666664
