CalendarInterval:0.7633333333333333
AlfSession:0.6733333333333333
