ArticleTable:0.49333333333333335
UpdateArticleWithId:0.24
DuplicatedPubMedIdConstraintException:0.23
DatabaseConstraintException:0.08666666666666667
