HttpSecurityBeanDefinitionParserTests:0.5294444444444444
FilterChainProxyPostProcessor:0.25333333333333335
