SingleConsumerPrimitiveQueueTest:0.47333333333333333
SingleConsumerArrayDWordQueue:0.29333333333333333
SingleConsumerArrayWordQueue:0.29333333333333333
SingleConsumerLinkedDWordQueue:0.19666666666666666
SingleConsumerLinkedWordQueue:0.19666666666666666
