URL:0.7933333333333333
IosHttpURLConnection:0.4066666666666667
URLStreamHandlerFactoryTest:0.25
IosHttpsHandler:0.14666666666666667
