WfeScriptRunner:0.6266666666666667
AttributeRequiredException:0.5466666666666666
PermissionBean:0.26
ArchivingLogic:0.25
BotBean:0.22
ObjectDoesNotExistException:0.16
ArchivingBean:0.14333333333333334
