ServerEngine:0.56
Network:0.5466666666666666
ServerConfiguration:0.49333333333333335
AbstractServerEngine:0.33666666666666667
EventProcessor:0.31666666666666665
GraphicsConfigHandler:0.24666666666666667
EditBoxMultilineRenderer:0.24666666666666667
DummyProtocol:0.23
ClientGUIWrapper:0.21666666666666667
OutputMessageProcessor:0.2105952380952381
ARINCLayerEvent:0.18666666666666668
CommonConstants:0.17
ServerConfigurationParser:0.17
ServerGraphicsConfigHandler:0.14833333333333334
StylableSizableArea:0.14666666666666667
InstrumentedMessageProcessor:0.13666666666666666
JarDependencyTest:0.13166666666666665
ClientOutputMessageProcessor:0.12
OutputEventQueue:0.11
ARINCWidgetEvent:0.09444444444444446
ServerEngineComm_Events2Test:0.09333333333333334
ExceptionEvent:0.05888888888888888
ARINCEvent:0.056230158730158734
ConfigProperties:0.0
