ByteString:0.41333333333333333
Buffer:0.30666666666666664
Segment:0.2733333333333333
SegmentPool:0.26066666666666666
Util:0.19
ByteStringTest:0.19
BufferTest:0.18666666666666668
Okio:0.18333333333333332
DeflaterSink:0.16333333333333333
TestUtil:0.15666666666666668
