TermNodeIterator:0.5083333333333333
TermNode:0.4083333333333333
TermTreeBrowser:0.4066666666666667
TermTreeBrowserTest:0.22
