Role:0.7166666666666667
UserAccess:0.4906111111111111
UserAccessBean:0.44
WicketApplication:0.22666666666666666
RoleListPanel:0.13666666666666666
UserManagementPanel:0.12666666666666668
CreateOrEditRolePage:0.11777777777777779
UserListPanel:0.10333333333333333
ColorPicker:0.03666666666666667
HasPrincipalModel:0.02666666666666667
RoleValidator:0.02
