SerializeWriter:0.7866666666666666
ASMSerializerFactory:0.23333333333333334
JavaBeanSerializer:0.20722222222222222
MediaSerializer:0.16
ImageSerializer:0.16
MediaContentSerializer:0.12333333333333334
