CodeGenerator:0.6766666666666666
Target:0.55
CppTarget:0.25666666666666665
CodeGenPipeline:0.19333333333333333
