SelectQuery:0.5584444444444443
jOOQAbstractTest:0.41
SelectImpl:0.30333333333333334
SelectQueryImpl:0.2966666666666667
DDLTests:0.2633333333333333
