LayerTools:0.39666666666666667
ChangeRasterImageStyleDialog:0.34444444444444444
CopySelectedRasterImageLayersPlugIn:0.2633333333333333
PasteRasterImageLayersPlugIn:0.26
SelectRasterImageFilesPanel:0.26
CutSelectedRasterImageLayersPlugIn:0.21444444444444447
AddRasterImageLayerWizard:0.21333333333333335
ExtractSelectedPartOfImage:0.21333333333333335
ExportEnvelopeAsGeometryPlugIn:0.21
LoadSextanteRasterImagePlugIn:0.19666666666666666
ChangeRasterImagePropertiesPlugIn:0.19
RasterImageContextMenu:0.19
