jOOQAbstractTest:0.48222222222222216
AbstractRecord:0.35333333333333333
FetchTests:0.33666666666666667
Convert:0.23
Util:0.22666666666666666
AuthorWithoutAnnotations:0.04111111111111111
