ParameterMetaData:0.7066666666666667
ClientSymmetricEngine:0.38
DefaultParameterParser:0.26666666666666666
ParameterConstants:0.19111111111111112
