Invocation:0.47
Context:0.4166666666666667
OperationServiceImpl:0.32
ResponseHandler_NotifyTest:0.2322222222222222
InvocationRegistryTest:0.20666666666666667
CallIdSequenceWithBackpressureTest:0.20333333333333334
PartitionInvocation:0.19333333333333333
CallIdSequenceWithoutBackpressureTest:0.17333333333333334
InvocationBuilderImpl:0.15333333333333332
TargetInvocation:0.09333333333333334
