GenericExtruder:0.4166666666666667
SNAPCommunicator:0.3933333333333333
Reprap:0.36666666666666664
IncomingMessage:0.2277777777777778
Producer:0.22666666666666666
RrPolygon:0.225
Panel3D:0.225
GenericStepperMotor:0.19033333333333333
Main:0.17311111111111113
CommsLock:0.13666666666666666
