AstBuilder:0.43666666666666665
AstVisitor:0.33666666666666667
TestStatementBuilder:0.16
