WebdavResourceFactory:0.37333333333333335
BinderIndexData:0.33
SharedWithMeResource:0.2866666666666667
MyFilesResource:0.24
BinderResource:0.215
NetFoldersResource:0.21333333333333335
RootResource:0.20333333333333334
WebdavUtils:0.12666666666666668
