XmlParser:0.4766666666666667
XmlTree:0.38333333333333336
XmlPlugin:0.33
FocusHandler:0.06666666666666667
ActionHandler:0.03
