CDKAtomTypeMatcher:0.7133333333333334
CDKAtomTypeMatcherTest:0.3433333333333333
