ITrackerResourceBundle:0.5666666666666667
ListIssuesActionUtil:0.35333333333333333
ListIssuesAction:0.27
ExecuteAlwaysFilter:0.22333333333333333
PortalHomeAction:0.15
SearchIssuesFormAction:0.1
SelfRegisterAction:0.1
