Gene:0.49
DrawableSeqFeature:0.4866666666666667
FeatureView:0.43333333333333335
Transcript:0.41333333333333333
DrawableFeatureSet:0.3233333333333333
DrawableAnnotatedFeatureSet:0.32
EvidenceFinder:0.29
AnnotationView:0.2866666666666667
CORBAAdapterGUI:0.27
AnnotationEditor:0.2633333333333333
DrawableResultFeatureSet:0.26166666666666666
FeatureEditorDialog:0.24666666666666667
LinearView:0.24583333333333332
SeqWrapper:0.23666666666666666
GAMEAdapter:0.23
SelectionSet:0.23
FileMenu:0.22666666666666666
CORBAAdapter:0.22666666666666666
DrawableAnnotatedSeqFeature:0.21666666666666667
SetDetailPanel:0.21666666666666667
DragFeatureView:0.21333333333333335
GenericAnnotationSet:0.21
FineFeatureEditorPanel:0.20333333333333334
FineApolloPanel:0.2
GridApolloLayout:0.19305555555555554
StrandedZoomableApolloPanel:0.18666666666666668
FeatureTree:0.18333333333333332
FineAnnotationView:0.16333333333333333
TranscriptMenu:0.15333333333333332
DrawableTerminalCodon:0.12666666666666668
BaseMouseListener:0.10333333333333333
DrawableSpliceSite:0.09166666666666666
