RGBSpace:0.6916666666666667
ChromaticitySpectrum:0.22333333333333333
