Geometry:0.57
OpShapeShapeDistance:0.2377777777777778
EditableEdge:0.23
OpShapeBounds:0.14166666666666666
OpPointShapeMaxDistance:0.056666666666666664
OpPointShapeMinDistance:0.056666666666666664
