TestDescriptor:0.49
ReflectionUtils:0.42
Preconditions:0.39666666666666667
JUnit5TestableFactory:0.29333333333333333
JUnit5:0.2866666666666667
Assertions:0.27666666666666667
SingleTaggedClass:0.2063968253968254
MultiTaggedClass:0.2063968253968254
ContainerTaggedClass:0.2063968253968254
JUnit4TestDescriptor:0.17333333333333334
AbstractTestDescriptor:0.16111111111111112
AnnotationUtils:0.15666666666666668
JUnit5TestableTest:0.14333333333333334
AnnotationUtilsTests:0.14
ClassTestExecutionNode:0.13666666666666666
ClassTestDescriptor:0.08333333333333333
MethodTestDescriptor:0.08333333333333333
SimpleAnnotationBasedMethodArgumentResolver:0.08
StringUtils:0.07333333333333333
RunnerTestDescriptor:0.03666666666666667
