PlainListenableActionFuture:0.59
DispatchingListenableActionFuture:0.16333333333333333
ListenableActionFutureTests:0.12333333333333334
