Utils:0.59
StringUtils:0.5366666666666666
NameGen:0.32
DumpDotGraph:0.27666666666666667
