TestParserErrors:0.6566666666666666
BaseCppTest:0.22666666666666666
TestListeners:0.12
TestParseTrees:0.12
TestLeftRecursion:0.06
