ERDesignerComponent:0.41
LoadFromRepositoryEditor:0.22666666666666666
DictionaryModelSerializer:0.16666666666666666
RepositoryEntryDesciptor:0.14666666666666667
ModelIOUtilities:0.13
DictionaryRelationSerializer:0.09666666666666666
DictionaryTableSerializer:0.09333333333333334
DictionaryCommentSerializer:0.056666666666666664
DictionaryDomainSerializer:0.043333333333333335
DictionarySubjectAreaSerializer:0.043333333333333335
DictionaryAttributeSerializer:0.02666666666666667
DictionaryIndexSerializer:0.02666666666666667
LoadFromRepositoryDataModel:0.0
