MouseTest:0.3566666666666667
HWCursorTest:0.3433333333333333
ControllerTest:0.29
ControllerFieldTest:0.23333333333333334
KeyboardTest:0.23333333333333334
MouseCreationTest:0.22
ControllerCreationTest:0.22
