StatementGenerator:0.53
SourceBuilder:0.48
ObjectiveCImplementationGenerator:0.28444444444444444
SourceFileGenerator:0.25333333333333335
InnerClassExtractorTest:0.22333333333333333
GenerationTest:0.20111111111111113
StatementGeneratorTest:0.19
