ANTLRInputStream:0.4266666666666667
CharStream:0.3775
BaseTest:0.2866666666666667
TestCommonTokenStream:0.25333333333333335
LexerInterpreter:0.2227777777777778
TestATNLexerInterpreter:0.18666666666666668
