FlowExecutionImpl:0.595
StaticFlowDefinitionHolder:0.5833333333333334
LocalConversationManager:0.38
DefaultFlowExecutionRepositoryTests:0.16666666666666666
