CertTools:0.76
X509CA:0.36333333333333334
IllegalNameException:0.2866666666666667
