ParserTest:0.37333333333333335
CollectionConfig:0.35333333333333333
SpringXmlConfigBuilder:0.35
SerializationConstants:0.31582539682539684
SqlPredicate:0.26666666666666666
SerializationServiceImpl:0.2633333333333333
AbstractCollectionProxyImpl:0.20666666666666667
LikePredicate:0.2
EnumSerializer:0.18333333333333332
PredicatesTest:0.05333333333333334
