ElementHandle:0.4
AriaProcessor:0.2966666666666667
SingleTaskActivity:0.23083333333333333
DownloadReceiver:0.22
DownloadSchedulers:0.19833333333333333
AbsSchedulers:0.19
UploadSchedulers:0.17055555555555554
ISchedulers:0.013333333333333334
