BulkByScrollTask:0.53
RethrottleTests:0.37333333333333335
TransportRethrottleAction:0.36333333333333334
