FieldCursor:0.7482222222222222
FieldParser:0.5666666666666667
