DivNode:0.8266666666666667
METSReader:0.44333333333333336
