EditView:0.5066666666666667
Proxy:0.19666666666666666
ActionPropertyDel:0.19111111111111112
ActionMenu:0.19111111111111112
PropertyTreeWidget:0.16666666666666666
Preview:0.13666666666666666
TreeCallbackHandler:0.13333333333333333
ProxyXRef:0.12666666666666668
ProxyEntity:0.11333333333333333
