SearchGenes:0.4816666666666667
GeneAliasTable:0.4322222222222222
SearchAllArticles:0.24
