InfoViewer:0.4766666666666667
TitledURLEntry:0.2966666666666667
History:0.2833333333333333
open_file:0.20666666666666667
home:0.20083333333333334
InfoViewerPlugin:0.19138888888888891
URLButtonHandler:0.15444444444444444
HelpInfoViewer:0.13333333333333333
ActionHandler:0.1
