CreateRelationship:0.5266666666666666
EditViewFactory:0.4766666666666667
AbstractChange:0.37666666666666665
CreateAssociation:0.36
