ApplicationEntityManagerImpl:0.7633333333333333
Constants:0.5910000000000001
BusinessEntityManagerImpl:0.36
