Get:0.31333333333333335
ServiceManager:0.30666666666666664
Util:0.27
ServiceRequestFactory:0.15
ProfileManager:0.13333333333333333
ServiceContext:0.11
ServiceRequest:0.08333333333333333
ShibLogin:0.023333333333333334
