MapTransactionTest:0.4633333333333333
TransactionalMapProxy:0.4533333333333333
PortableEmployee:0.3075555555555555
