Builder:0.5566666666666666
WeightNoise:0.304
LayerValidation:0.30333333333333334
GraphBuilder:0.23666666666666666
Convolution1DLayer:0.20333333333333337
TestWeightNoise:0.16333333333333333
