LabelUpgrader:0.5266666666666666
Upgrader:0.37333333333333335
IndexUpgrader:0.3233333333333333
DatabaseUpgrader:0.03
