EventManager:0.7233333333333334
DicomModel:0.57
ContextMenuHandler:0.20346031746031742
