OAuth20AccessTokenControllerTests:0.43
OAuthUtils:0.37333333333333335
OAuth20AuthorizeController:0.2866666666666667
BaseOAuthWrapperController:0.25333333333333335
OAuth20AccessTokenController:0.19666666666666666
OAuthUserAuthenticator:0.1
