MultiLayerNetwork:0.47333333333333333
BasePretrainNetwork:0.44666666666666666
NeuralNetConfiguration:0.37333333333333335
Builder:0.32
NeuralNetConfigurationTest:0.2
RBMTests:0.18666666666666668
GradientCheckTests:0.18666666666666668
