PagesIndex:0.5533333333333333
FeaturesConfig:0.41333333333333333
LocalQueryRunner:0.36
TestingFactory:0.26166666666666666
TestWindowOperator:0.18666666666666668
TestFeaturesConfig:0.16
OrderByBenchmark:0.15333333333333332
TestOrderByOperator:0.15333333333333332
TestPagesIndex:0.09666666666666666
DefaultFactory:0.06333333333333334
