MarsProjectFX:0.45
BrowserJFX:0.4166666666666667
GuideWindow:0.41333333333333333
TodaysDateWiget:0.2866666666666667
