NodeGenerator:0.47333333333333333
NodeFactoryGenerator:0.3566666666666667
RelaxedFields:0.3466666666666667
UnsafeAccessTest:0.08333333333333333
