Toolbar:0.55
ClassySharkPanel:0.4533333333333333
AnalyzerPanel:0.25333333333333335
NodeWorker:0.20777777777777778
