KoelnerPhonetik:0.2733333333333333
Nysiis:0.2575
PhoneticTokenFilterFactory:0.13
PhoneticAnalysisBinderProcessor:0.07583333333333334
HaasePhonetik:0.06333333333333334
AnalysisPhoneticPlugin:0.05333333333333334
SimplePhoneticAnalysisTests:0.03666666666666667
