BaseTest:0.38666666666666666
TestLexerExec:0.3433333333333333
TestParserExec:0.33666666666666667
TestSets:0.31333333333333335
TestSemPredEvalParser:0.21666666666666667
TestSemPredEvalLexer:0.19666666666666666
