ListServicesManagedBean:0.7669444444444444
ServiceTimerSessionBean:0.5736666666666667
