Queries:0.67
QueryStringQueryBuilder:0.31
MatchQueryBuilder:0.27
SimpleQueryStringBuilder:0.24472222222222223
BoolQueryBuilderTests:0.21666666666666667
MultiMatchQuery:0.17666666666666667
