MongoClients:0.5133333333333333
Builder:0.4166666666666667
MongoClientImpl:0.31333333333333335
NettyStreamFactory:0.16666666666666666
