TreeView:0.6441666666666667
ColorSet:0.5233333333333333
TreeViewSettings:0.25666666666666665
