OsgiServiceDependency:0.6285873015873015
DependencyWaiterApplicationContextExecutor:0.4666666666666667
ServiceDynamicInterceptor:0.31666666666666665
OsgiServiceDependencyTimedOutEvent:0.09
OsgiServiceDependencySatisfiedEvent:0.09
OsgiServiceDependencyWaitingEvent:0.09
EventSenderRetryTemplate:0.06666666666666667
DefaultServiceDependency:0.056666666666666664
OsgiServiceDependencyEvent:0.02
