MethodMissingWithoutRespondTo:0.42
ConstantNamingConvention:0.32
DynamicVariableAliasesLocal:0.31666666666666665
AndOrUsedOnRighthandAssignment:0.31666666666666665
