RubyCore:0.64
OpenSymbolAction:0.48333333333333334
TestHierarchyTab:0.37
FailureTab:0.26666666666666666
RubySearchQuery:0.14333333333333334
ISymbolFinder:0.08316666666666667
