WebSocketServer:0.6166666666666667
WebSocketListener:0.42380555555555555
WebSocketClient:0.37333333333333335
