UnannotatedLocusStrategy:0.44333333333333336
AssignTasks:0.34
LocusTypePair:0.23
GeneIdCountPair:0.16
IdsToBeanIterator:0.14083333333333334
