StructureResonanceGeneratorTest:0.5733333333333334
StructureResonanceGenerator:0.5616666666666668
