DefaultAuthorization:0.6033333333333334
SubjectNamespace:0.21
ActionNamespace:0.16333333333333333
BDefNamespace:0.16
ResourceNamespace:0.16
BMechNamespace:0.15333333333333332
Constants:0.12666666666666668
DatastreamNamespace:0.12
ObjectNamespace:0.12
DisseminatorNamespace:0.1
