Blog:0.5833333333333334
BlogCategory:0.4866666666666667
