RuleVo:0.5033333333333333
Rule:0.49366666666666675
Qedeq2Xml:0.44666666666666666
RuleHandler:0.17
