VonFileUtils:0.5983333333333334
ActivityVonPhoto:0.42333333333333334
VonDataUtils:0.38666666666666666
VonConstUtils:0.02
