MetaCalculator:0.4266666666666667
MetaProperty:0.4033333333333333
View:0.39666666666666667
MapFacadeBean:0.31
IPersistenceProvider:0.29503968253968255
DefaultCalculatorsListener:0.2733333333333333
LoadImageAction:0.25666666666666665
EJBPersistenceProvider:0.20333333333333334
XHibernate:0.17833333333333334
HibernatePersistenceProvider:0.16
Generators:0.11666666666666667
