DrawableSequence:0.7666666666666667
SeqPanel:0.3566666666666667
SeqCanvas:0.32
