ConfiguredClass:0.4266666666666667
ConfiguredClassHierarchy:0.33
JandexHelper:0.18666666666666668
ConfiguredClassHierarchyBuilderTest:0.15666666666666668
JPADotNames:0.043333333333333335
