DialectResolver:0.6763888888888888
StandardServiceInitiators:0.3433333333333333
CoreMessageLogger:0.33
DialectResolverInitiator:0.30666666666666664
DialectFactoryTest:0.25
