IOSMusic:0.7233333333333334
IOSServerSocket:0.5983333333333334
Comparator:0.22
