TypeUtil:0.65
TypeDeclarationGenerator:0.4633333333333333
TreeUtil:0.36333333333333334
TypeDeclarationGeneratorTest:0.19
