MainPageInfoRpcResponseData:0.42333333333333334
ObjectKeys:0.3542857142857143
GwtMainPage:0.35333333333333333
GwtTeamingMessages:0.31666666666666665
GwtServerHelper:0.24444444444444446
DesktopAppDownloadControl:0.18666666666666668
GwtConstants:0.15792063492063488
