StringUtils:0.5066666666666667
JPPFDriver:0.37
JPPFConnectionInformation:0.3333333333333333
NetworkUtils:0.21666666666666667
MultiplexerNioServer:0.20805555555555558
NodeRunner:0.16
JPPFMulticastReceiver:0.13666666666666666
JPPFBroadcaster:0.11
