MethodDescription:0.5732777777777779
ForAnnotationProperty:0.45666666666666667
AnnotationExtractor:0.39666666666666667
AbstractMethodDescription:0.2833333333333333
TypeExtractor:0.25666666666666665
ObjectPropertyAssertion:0.2325
ApplicableGenerator:0.17
ApplicableCreator:0.17
MethodExtractor:0.13
ForArrayType:0.11666666666666667
FieldExtractor:0.10666666666666667
OnTypeCollector:0.09333333333333334
