GDI32:0.4533333333333333
RASCONN:0.37666666666666665
PIXELFORMATDESCRIPTOR:0.30333333333333334
WinGDI:0.02
