Operation:0.63
TextEditActivity:0.37
InsertOperation:0.3466666666666667
FileActivity:0.32666666666666666
SplitOperation:0.30333333333333334
DeleteOperation:0.30333333333333334
Document:0.2966666666666667
JupiterActivity:0.2866666666666667
StopManager:0.24333333333333335
SharedProject:0.23694444444444449
ResourceDeltaVisitor:0.23
EditorManager:0.21583333333333332
ActivitiesExtensionProviderTest:0.20333333333333334
RoleActivity:0.20333333333333334
StopActivity:0.20333333333333334
RemoteEditorManager:0.19666666666666666
TimestampOperation:0.18666666666666668
ViewportActivity:0.18333333333333332
UndoManager:0.18333333333333332
ConsistencyWatchdogHandler:0.17666666666666667
SharedResourcesManager:0.16666666666666666
JupiterDocumentServer:0.16333333333333333
EditorActivity:0.15333333333333332
SplitOperationTest:0.14
FolderActivity:0.13666666666666666
NoOperation:0.13333333333333333
TextSelectionActivity:0.13333333333333333
PingPongActivity:0.12
AbstractActivity:0.11666666666666667
ActivitiesExtensionProvider:0.09666666666666666
JIDConverter:0.07333333333333333
