TestSupportFactories:0.8166666666666667
SpatialIntegrator:0.30333333333333334
