BandwidthOutputStream:0.5477777777777777
BandwidthInputStream:0.34555555555555556
