Tree:0.6533333333333333
Formula:0.44666666666666666
CTLMarker:0.32666666666666666
ExprParseTest:0.23666666666666666
FormulaParser:0.22866666666666666
