ShareLists:0.6733333333333333
ZoneConfig:0.43
SharingModule:0.37333333333333335
SharingModuleImpl:0.25666666666666665
