Planner:0.5
TransportSQLActionClassLifecycleTest:0.4716666666666667
WriterProjector:0.28555555555555556
