PatternFactory:0.4066666666666667
PatternShape:0.31
TypeGraphJaxbGxlIO:0.2916666666666667
TypeGraph:0.24333333333333335
AbstractPatternNode:0.22166666666666668
AbstractPatternEdge:0.22166666666666668
PatternEdge:0.2
PatternNode:0.19333333333333333
TypeNode:0.17043650793650794
AbstractPatternGraph:0.07
Util:0.06
