SideKickParsedData:0.65
SideKickActions:0.35333333333333333
CustomTree:0.16666666666666666
KeyHandler:0.14
