FetchPubmed:0.3
FetchAgricola:0.24333333333333335
CheckDate:0.23666666666666666
MyTitledISSNArticle:0.22305555555555556
MyTitledNumberedISSNArticle:0.22305555555555556
MyTitledNumberedArticle:0.22305555555555556
MyTitledArticle:0.22305555555555556
FetchNoDup:0.18
