MediaDriver:0.4666666666666667
MediaConductorTest:0.36333333333333334
PubUnicastTest:0.24333333333333335
NioSelector:0.20333333333333334
SubUnicastTest:0.17
ReceiverTest:0.11666666666666667
