Types:0.6033333333333334
IOSMethod:0.4166666666666667
J2ObjC:0.3682777777777778
InitializationNormalizer:0.3377777777777778
JavaToIOSMethodTranslator:0.30666666666666664
