HIVPredictionResultView:0.7266666666666667
HIVPrediction:0.32666666666666666
HivpredManager:0.29333333333333333
