Texture:0.5066666666666667
ShaderProgram:0.43
Mesh:0.36666666666666664
SpriteCache:0.21
FrameBuffer:0.20555555555555557
ObjLoader:0.15
G3dModelLoader:0.14666666666666667
Group:0.14555555555555558
MtlLoader:0.03333333333333333
