TransportSQLActionTest:0.5233333333333333
DDLAnalysisDispatcher:0.37
AnalysisVisitor:0.30666666666666664
AnalyzerDispatcher:0.2866666666666667
AstVisitor:0.28
AlterTableAddColumn:0.278
AlterTableAnalyzer:0.08666666666666667
