SsfsUtil:0.5533333333333333
ListFolderHelper:0.48
ViewEntryController:0.29333333333333333
