Decoder:0.5366666666666666
BasicServerEngine:0.44
LoaderUtilities:0.4266666666666667
ARINCPopUpPanelButton:0.42333333333333334
RefItem:0.4166666666666667
ServerMapSourceWidget:0.405
ServerMapItemList:0.395
ARINCPopUpPanel:0.37333333333333335
ServerInteractiveWidget:0.34365079365079365
ProtocolInputDecoder:0.30666666666666664
AbstractARINCDecoder:0.27666666666666667
ConcreteLayerPainter:0.2633333333333333
ARINCMapHorzItems:0.24
LineArcRenderer:0.24
AbstractProjection:0.21333333333333335
MessageDecoder:0.20666666666666667
ARINCMapVertSource:0.20333333333333334
ARINCMapVertItems:0.20333333333333334
AbstractServerEngine:0.20333333333333334
ServerCockpit_OverrideTest:0.20166666666666666
ProtocolInputDecoder_2Test:0.19
ARINCMapGrid:0.17333333333333334
ServerCockpit_2Test:0.16833333333333333
ServerCockpit_3Test:0.16833333333333333
ServerCockpit_4Test:0.16677777777777777
ServerCockpitTest:0.16166666666666665
ARINCMapHorzSource:0.15333333333333332
AbstractInteractiveContainer:0.13666666666666666
NULL:0.13333333333333333
ServerCockpit_5Test:0.12333333333333334
ServerCockpit_ConstantsTest:0.12333333333333334
MapItemSegmentRendererTest:0.09333333333333334
Drawing:0.08666666666666667
MapItemLegendRendererTest:0.08388888888888889
ProtocolInputDecoder_7Test:0.08027777777777777
InnerMouseInputAdapter:0.07666666666666666
MapItemSymbolRendererTest:0.06
ShapeDrawing:0.05
AttributedStringDrawing:0.043333333333333335
