DashboardService:0.6372222222222222
DashboardDelegator:0.4033333333333333
FileSystemPanel:0.26666666666666666
