UserAccess:0.82
Role:0.73
UserAccessBean:0.3
RoleListPanel:0.2277777777777778
CreateOrEditRoleForm:0.16333333333333333
RoleAssignmentPage:0.16
