HeartbeatHandler:0.5933333333333334
ChannelHandlers:0.4211111111111111
DubboCodec:0.14
DecodeHandler:0.09333333333333334
