ConvertCsv:0.4816666666666667
TestCsv:0.4766666666666667
DelimitedRecordIterator:0.25666666666666665
