AddProjectTest:0.8366666666666667
LatestBuildsListingController:0.40783333333333327
