ImplementationImportCollector:0.5166666666666667
AbstractMethodRewriter:0.3822222222222222
ImplementationImportCollectorTest:0.31
