Euler:0.6866666666666666
EulerExt:0.31666666666666665
EulerRunner:0.2733333333333333
