KuwaibaService:0.38
ActivityDefinition:0.33666666666666667
RemoteProcessDefinition:0.25333333333333335
ProcessDefinition:0.24333333333333335
ProcessInstance:0.21666666666666667
RemoteArtifactDefinition:0.18666666666666668
ArtifactDefinition:0.18666666666666668
RemoteActivityDefinition:0.16333333333333333
RemoteActor:0.08333333333333333
RemoteArtifact:0.08333333333333333
Actor:0.08333333333333333
Artifact:0.08333333333333333
