JSONLexerBase:0.5138888888888888
JSONToken:0.4105555555555555
JSONPDeserializer:0.19333333333333333
