JPPFJobManager:0.4802777777777777
DriverJobManagement:0.4766666666666667
WaitingNodeRequestState:0.41333333333333333
