WebSocket:0.7033333333333334
RealWebSocket:0.4
WebSocketCallTest:0.29333333333333333
RealWebSocketTest:0.2866666666666667
AutobahnTester:0.21000000000000002
WebSocketEcho:0.20333333333333337
