InternalPartitionServiceImpl:0.44666666666666666
ClientPartitionServiceImpl:0.2866666666666667
PartitionImpl:0.28
RefreshTask:0.20444444444444446
