MapService:0.48333333333333334
TxnMapProxy:0.38666666666666666
PartitionRecordStore:0.308
MapTransactionTest:0.27
TransactionalMap:0.257
TxnMapProxySupport:0.22
BasicTest:0.17
EvictionTest:0.06333333333333334
