WorkflowProcessUtils:0.46
DefinitionModuleImpl:0.36666666666666664
BuildDefinitionDivs:0.29333333333333333
EnterExitEvent:0.19
WfNotify:0.19
NotifyBuilderDescription:0.14666666666666667
