RequestMetrics:0.32666666666666666
MetricsContextImpl:0.2773333333333333
MeterRates:0.27666666666666667
MetricsImpl:0.24
SupervisorMetricsImpl:0.24
MasterRequestMetrics:0.23
RiemannSupport:0.22333333333333333
AgentService:0.15
MasterService:0.15
MasterMetricsImpl:0.1311111111111111
ManagedStatsdReporter:0.13
ZooKeeperMetricsImpl:0.05333333333333334
