RenderState:0.6533333333333333
GLDisplay:0.335
GLSLVolumeBuilder:0.32
FrustumIrregular:0.32
WireframeCanvas:0.31333333333333335
VolumeAttribute:0.2633333333333333
VolumeBuilder:0.23666666666666666
FluxVolumeBuilder:0.23666666666666666
Attributes:0.22555555555555554
GL20DisplayVisitor:0.19
