HitTable:0.39
TermSearchSpace:0.36666666666666664
IterativeSearch:0.24333333333333335
GenerateHits:0.23333333333333334
HitGenerator:0.21777777777777782
Tokenizer:0.11
