StatisticRange:0.765
TestComparisonStatsCalculator:0.4166666666666667
TestStatisticRange:0.20333333333333334
MoreMath:0.14
