ProcessLogs:0.4633333333333333
VariableCreateLog:0.3333333333333333
VariableUpdateLog:0.3333333333333333
VariableLog:0.30333333333333334
