UnitCollection:0.4
SettlementCollection:0.36666666666666664
EquipmentCollection:0.36
PersonCollection:0.36
VehicleCollection:0.36
MspCollection:0.25333333333333335
Inventory:0.24333333333333335
MspCollectionEvent:0.056666666666666664
