Stream:0.5366666666666666
Nil:0.43333333333333335
Lazy:0.3433333333333333
Cons:0.31666666666666665
AbstractStream:0.13333333333333333
