Word2Vec:0.55
InvertedIndex:0.5166666666666667
Word2VecWork:0.2966666666666667
WordVectorSerializer:0.26
CoOccurrenceBatchIterator:0.22333333333333333
CoOccurrenceIterator:0.14333333333333334
VocabActor:0.14
