RubyRuntime:0.6066666666666667
VMDefinitionsContainer:0.4
AbstractRubyModelTest:0.34
TC_RubyRuntime:0.30666666666666664
ModifyingResourceTest:0.17
Util:0.15666666666666668
