Polymer:0.7266666666666667
PolymerTest:0.21333333333333335
