Mixin:0.5
AbstractClassGenerator:0.3433333333333333
Generator:0.2966666666666667
KeySample:0.15333333333333332
