Config:0.6133333333333333
OperationRunnerImpl:0.3111111111111111
AbstractMessageTask:0.2966666666666667
ClientConfig:0.29
ClientNearCacheTestSupport:0.27666666666666667
ClientNearCacheTest:0.17333333333333334
TestCacheLoader:0.02666666666666667
