StaticInfoDecoder:0.6066666666666667
StaticInfoEncoder:0.35
UpdateDecoder:0.33666666666666667
UpdateEncoder:0.28
SbeStatsInitializationReport:0.25666666666666665
SbeStatsReport:0.24666666666666667
TestMapDBStatsStore:0.13666666666666666
TestStorageMetaData:0.13
TestStatsSBE:0.11666666666666667
