Binder:0.51
Constants:0.4666666666666667
AbstractBinderProcessor:0.3233333333333333
EntityIndexUtils:0.31
LuceneProvider:0.2633333333333333
AclInheritingAccessibleEntriesFilter:0.16444444444444445
ResourceDriverManagerUtil:0.043333333333333335
