DefaultDataProviderParserHandler:0.4866666666666667
OutputMethodBind:0.3933333333333333
DefaultDataProviderParserHandlerTest:0.25333333333333335
DefaultParserExtensionHandler:0.23
DefaultDataProvider:0.2277777777777778
InputEquationParser:0.20333333333333334
ParserExtensionHandler:0.18
TestDataProvider:0.15
OutputBind:0.10666666666666667
OutputEquationParser:0.056666666666666664
EmbedClientConfigOutputTest:0.02666666666666667
OutputDataBind:0.006666666666666667
