JCPPage:0.7133333333333334
AbstractJCPEditor:0.37333333333333335
JChemPaintWidget:0.32666666666666666
Java2DRendererView:0.24666666666666667
CMLfileEditor:0.14333333333333334
