ImagePanel:0.6166666666666667
WindowingImagePanel:0.30333333333333334
SeriesPanel:0.2811111111111111
SeriesListUpdator:0.27
Thumbnail:0.21444444444444447
