SocketAtom:0.5366666666666666
Nutz:0.21777777777777776
SocketJsonAtom:0.19333333333333333
