NettyClientHandlerTest:0.30666666666666664
NettyClientStreamTest:0.30666666666666664
NettyServerHandlerTest:0.22
MessageDeframerTest:0.16666666666666666
NettyServerStreamTest:0.16666666666666666
RequestMessagesCommand:0.013333333333333334
