ConstrainedDocument:0.5066666666666667
LoggerArea:0.4866666666666667
GraphicUtilsFactory:0.43666666666666665
AbstractBinaryDFHandler:0.38666666666666666
XMLSAXParser:0.3233333333333333
StylableSizableArea:0.32
GenericDialog:0.30333333333333334
ServerWrapper:0.25333333333333335
BasicServerEngine:0.22888888888888886
SwingGUITools:0.22
BinaryDFHandler:0.16166666666666665
BinaryDFParser:0.15
SwingUtilsFactory:0.14666666666666667
ErrorPanel:0.09111111111111111
ARINC661Application:0.06666666666666667
SwingApplication:0.006666666666666667
ServerGUITools:0.0
