DefaultPhexCellRenderers:0.415
NetworkTab:0.25666666666666665
DownloadTab:0.25583333333333336
DownloadCandidateTableModel:0.24833333333333332
UploadFilesTableModel:0.24833333333333332
DownloadTableModel:0.24833333333333332
SharedFilesChangeHandler:0.23611111111111113
ShareTab:0.22666666666666666
SearchTableModel:0.21611111111111114
SearchTab:0.18666666666666668
