DerbyDialect:0.5322222222222222
Helper:0.49666666666666665
DerbyDialectTestCase:0.20666666666666667
TemporaryTableDropWork:0.20444444444444446
TemporaryTableCreationWork:0.20444444444444446
