SignatureGenerator:0.8
SignatureGeneratorTest:0.29
ParameterizedReturnTest:0.15833333333333333
ReflectionTest:0.14333333333333334
