HttpSessionContextIntegrationFilter:0.6933333333333334
OnRedirectUpdateSessionResponseWrapper:0.42333333333333334
