ShadowMotionEvent:0.5266666666666666
ClipboardManagerTest:0.4066666666666667
ShadowAudioManager:0.18333333333333332
ShadowClipboardManager:0.13666666666666666
