AntFarm:0.6
AntTree:0.3433333333333333
AntFarmOptionPane:0.2763888888888889
IconCellRenderer:0.2
MouseTrigger:0.2
MouseHandler:0.19416666666666668
ProjectSelectionListener:0.1841666666666667
