SearchFS:0.38
SearchBar:0.37666666666666665
TreeFS:0.2866666666666667
CustomPanel:0.16333333333333333
FeedDownloader:0.15666666666666668
