ExtensionContext:0.9066666666666666
NestedClassTestDescriptor:0.8155555555555555
AbstractExtensionContext:0.3233333333333333
ExtensionContextTests:0.29
