TransportResponseHandler:0.6233333333333333
TcpTransport:0.36666666666666664
ShardActiveResponse:0.17666666666666667
TestUnicastZenPing:0.15
TestIteration:0.14333333333333334
AssertingTransportInterceptor:0.14333333333333334
ShardActiveResponseHandler:0.12333333333333334
ContextRestoreResponseHandler:0.12
PlainTransportFuture:0.12
