CollectSymbols:0.6533333333333333
SymbolChecks:0.2866666666666667
