jOOQAbstractTest:0.5888888888888889
HSQLDBDatabase:0.2733333333333333
FGetOneCursor:0.2338888888888889
