Version:0.5766666666666667
AggregationTest:0.4
SumAggregationTest:0.25
AverageAggregationTest:0.25
AnyAggregationTest:0.22666666666666666
MinimumAggregationTest:0.22666666666666666
CountAggregationTest:0.22666666666666666
MaximumAggregationTest:0.22666666666666666
UDCService:0.15333333333333332
