TypeWriter:0.6233333333333333
ClassWriter:0.4633333333333333
InterfaceWriter:0.37666666666666665
