Config:0.7466666666666667
GenericOperationsImpl:0.3933333333333333
