ScriptEditor:0.5266666666666666
Robot:0.2966666666666667
FrameTesterTest:0.23
FrameTester:0.21666666666666667
DialogTester:0.16666666666666666
