RecordStore:0.7666666666666667
DefaultRecordStore:0.38333333333333336
PutBackupOperation:0.3466666666666667
StoreWorker:0.33666666666666667
BasePutOperation:0.18944444444444444
PutTransientOperation:0.18605555555555553
WriteBehindOnBackupsTest:0.05
