INDArray:0.6666666666666666
ArrayUtil:0.45
OutputLayer:0.36
BaseLayer:0.3433333333333333
BaseMultiLayerNetwork:0.32
BaseNDArray:0.27666666666666667
NeuralNetConfiguration:0.24
BaseComplexNDArray:0.22666666666666666
DeepAutoEncoder:0.19
DBN:0.18
StackedDenoisingAutoEncoder:0.17333333333333334
ConvolutionalDBN:0.16666666666666666
NDArrayIndex:0.11666666666666667
Shape:0.08333333333333333
NDArrayTests:0.08
