ResolveAndRenderResourceAction:0.3211111111111111
FlowResourceHelper:0.23
RequestInfoMatcher:0.16666666666666666
ResolveAndRenderResourceActionTests:0.15333333333333332
ExtJsRenderer:0.10333333333333333
ExtValidateAllRenderer:0.10333333333333333
FlowResourceHelperTests:0.04
MimeAwareMockServletContext:0.0
