BlackVolTermStructure:0.5366666666666666
ArrayTest:0.4033333333333333
AbstractTermStructure:0.38
MatrixTest:0.33
LocalVolTermStructure:0.225
GeneralizedBlackScholesProcess:0.22333333333333333
Merton76Process:0.20888888888888887
SingleCase:0.205
FlatForwardInterpolationTest:0.19666666666666666
EuropeanOptionTest:0.15333333333333332
DayCountersTest:0.11666666666666667
JumpDiffusionEngineTest:0.09666666666666666
RelinkableHandle:0.08333333333333333
DatesTest:0.04666666666666667
