Game:0.59
CounterGroup:0.5866666666666667
ControlTreeModel:0.25
MapCanvas:0.24916666666666668
FireSmallArms:0.22055555555555556
HexControl:0.2188888888888889
GamesMasterRemote:0.19666666666666666
FireUnits:0.15666666666666668
DismountBrokenPassengers:0.15
CloseCombatAttack:0.14
