ARCWriter:0.5833333333333334
ARCWriterSettings:0.4326746031746032
ArchiveUtils:0.38666666666666666
ARCWriterProcessor:0.3233333333333333
ARCWriterPool:0.21666666666666667
SelfTestCase:0.20666666666666667
ARCWriterTest:0.14833333333333334
MirrorWriterProcessor:0.13666666666666666
ARCWriterFactory:0.06666666666666667
IoUtils:0.04
ARCWriterPoolTest:0.01
