OptionTest:0.3466666666666667
EitherTest:0.34
AbstractValueTest:0.3
FutureTest:0.28
MatchValueTest:0.24
TryTest:0.11666666666666667
