JsonParser:0.7633333333333333
JSONDeserializerTest:0.44666666666666666
AnnotationTest:0.07666666666666666
