JNACLibrary:0.65
Bootstrap:0.33666666666666667
JNANatives:0.3333333333333333
Natives:0.27666666666666667
BootstrapChecks:0.26666666666666666
BootstrapChecksTests:0.23333333333333334
MaxFileSizeCheck:0.22333333333333333
EvilJNANativesTests:0.12
