IActivity:0.4766666666666667
FileList:0.42333333333333334
Saros:0.4
EditorManager:0.37166666666666665
IPathConverter:0.30666666666666664
ViewportActivity:0.27
TextSelectionActivity:0.25833333333333336
AbstractActivity:0.22666666666666666
ActivitiesPacketExtension:0.2
SharedResourcesManager:0.18666666666666668
TextEditActivity:0.16
RoleManager:0.15333333333333332
FileActivity:0.13
FolderActivity:0.10666666666666667
EditorActivity:0.10666666666666667
RoleActivity:0.10666666666666667
ActivitiesExtensionProvider:0.05333333333333334
IActivityProvider:0.05
PathLengthComparator:0.017388888888888888
