BaseDocumentStorage:0.9733333333333334
TestUtil:0.5102777777777778
