Scans:0.4533333333333333
NutResource:0.43
JarResourceLocation:0.24
Loadings:0.24
FileSystemResourceLocation:0.22333333333333333
