ColInfo:0.3522222222222222
TdsData:0.33666666666666667
LOBTest:0.31666666666666665
TdsCore:0.30333333333333334
JtdsResultSet:0.30333333333333334
PreparedStatementTest:0.27666666666666667
ResultSetTest:0.2733333333333333
ClobImpl:0.2733333333333333
SAfeTest:0.25
JtdsStatement:0.23666666666666666
JtdsResultSetMetaData:0.21166666666666667
MSCursorResultSet:0.20666666666666667
JtdsPreparedStatement:0.18
JtdsDatabaseMetaData:0.17333333333333334
JtdsInputStream:0.13666666666666666
JtdsReader:0.13666666666666666
LargeLOBTest:0.10333333333333333
