EMPIException:0.58
BaseEMPIAdapter:0.33
PersistenceManager:0.2866666666666667
SubjectMatchDAO:0.22333333333333333
PIXRequestHandler:0.20333333333333334
SubjectDAO:0.17
SubjectIdentifierDAO:0.17
SubjectCrossReferenceDAO:0.08444444444444445
SubjectTelecomAddressDAO:0.056666666666666664
SubjectNameDAO:0.056666666666666664
SubjectAddressDAO:0.056666666666666664
