FederationManager:0.6966666666666667
FederationOptionSet:0.27166666666666667
FederationOptions:0.19666666666666666
