TabPanelWeather:0.44333333333333336
TabPanelAssociatedPeople:0.2833333333333333
TabPanelBots:0.2
TabPanelPopulation:0.2
TabPanelThermalSystem:0.17666666666666667
TabPanelPowerGrid:0.17
TabPanelSponsorship:0.108
TabPanelGeneral:0.108
