WebKeys:0.47560317460317453
WorkspaceTreeController:0.35
ModifyEntryController:0.3
CloseWindowController:0.17666666666666667
