UPSQueryCmd:0.5066666666666667
GPWLQueryCmd:0.503611111111111
MWLQueryCmd:0.33
