CaSessionLocal:0.8133333333333334
SignSessionBean:0.42
CaSessionBean:0.38
RequestHelper:0.31333333333333335
RequestHelperTest:0.18666666666666668
SignSessionLocal:0.045182539682539685
