Draft:0.6433333333333333
WebSocketImpl:0.4166666666666667
Draft_6455:0.33
WebSocketClient:0.3233333333333333
WebsocketWriteThread:0.1877777777777778
Draft_10:0.18
Draft_75:0.18
Draft_6455_WebRTC:0.14333333333333334
