BatchPresentation:0.5566666666666666
ReflectionRowBuilder:0.3933333333333333
