Element:0.7
HTMLTextElement:0.26166666666666666
HTMLTextElementTest:0.07
HTMLTitleElementTest:0.056666666666666664
