ExtentHelper:0.44
KeywordsStrategy:0.3333333333333333
FormatsStrategy:0.29
UpdateElement:0.14333333333333334
