Json:0.4266666666666667
NutDao:0.26666666666666666
EntityParsingTest:0.25333333333333335
Borns:0.25
NutIoc:0.24
AnnotationEntityMaker:0.22666666666666666
NutStatement:0.21
BorningException:0.20666666666666667
IocLoading:0.2003232323232323
ComboIocLoader:0.19666666666666666
ReadOnceInputStream:0.11333333333333333
