WorkflowModule:0.6166111111111112
WorkflowProcessUtils:0.5833333333333334
AbstractFolderModule:0.42
WorkflowModuleImpl:0.25333333333333335
