Slider:0.48833333333333334
ImageToggleButton:0.31
ScrollPane:0.31
SplitPane:0.19333333333333333
