Credential:0.31666666666666665
HtmlFormCredential:0.22666666666666666
Rfc2617Credential:0.22
