ARINC661App:0.6533333333333333
MenuFactory:0.5133333333333333
