ApplicationPreferences:0.48333333333333334
SQLEditor:0.25666666666666665
LoadFromRepositoryEditor:0.21
RepositoryConnectionEditor:0.20333333333333334
ReverseEngineeringTest:0.18333333333333332
RelationTool:0.18
AttributeTableModel:0.16333333333333333
ConversionTableModel:0.16333333333333333
OpenXavaExportEditorView:0.15833333333333333
