URIStoreable:0.6811111111111111
SimpleStore:0.4266666666666667
CrawlURI:0.3466666666666667
KeyedQueue:0.07666666666666666
SimpleScheduler:0.05333333333333334
