GlobeDisplay:0.62
SearchWindow:0.44666666666666666
MainDesktopPane:0.35
NavigatorWindow:0.16333333333333333
