FeaturePanel:0.6466666666666666
StrandedScrollableFeaturePanel:0.41333333333333333
Rubberband:0.4033333333333333
ApolloFrame:0.23444444444444448
