ReferenceChecker:0.7669444444444444
MakumbaDownloadServlet:0.38083333333333336
