Generator:0.5966666666666667
OracleTest:0.37666666666666665
JavaGenerator:0.30333333333333334
Test:0.2633333333333333
DefaultSchema:0.25
AbstractGenerator:0.22666666666666666
GenerationTool:0.19444444444444445
MultiSchema:0.06333333333333334
