NewMaterial:0.6566666666666666
Model:0.5966666666666667
ModelInstance:0.26666666666666666
