MockInvoker:0.49666666666666665
FailbackClusterInvoker:0.33666666666666667
ScriptRouter:0.30333333333333334
ExecuteLimitFilter:0.21333333333333335
