NeuralNetwork:0.6233333333333333
BaseMultiLayerNetwork:0.4066666666666667
LogisticRegression:0.36
BaseNeuralNetwork:0.29
MultiLayerNetworkOptimizer:0.28
