MethodDefinitionSourceAdvisor:0.36
SecurityNamespaceHandler:0.34
BusinessService:0.31099999999999994
MethodDefinitionSourceAdvisorTests:0.29333333333333333
BusinessServiceImpl:0.25666666666666665
AnnotationDrivenBeanDefinitionParser:0.21333333333333335
InterceptMethodsBeanDefinitionDecorator:0.20166666666666666
MethodSecurityInterceptorUtils:0.12722222222222224
AnnotatedMethodSecurityBeanDefinitionDecoratorTests:0.05
BeanIds:0.04
MethodDefinitionSourcePointcut:0.03222222222222222
Elements:0.0
