HttpClientImpl:0.4
HttpClientConnection:0.3970952380952381
FakeWaiter:0.33
Pool:0.30666666666666664
Waiter:0.30142857142857143
ConnectionPoolTest:0.2675
Http2ClientConnection:0.26666666666666666
Http1xClientConnection:0.26666666666666666
ConnectionManager:0.044444444444444446
