ConfigurationModel:0.7166666666666667
ConfigurationParser:0.4282380952380953
AsmJavaConfigBeanDefinitionReader:0.20333333333333334
RefactoredReflectiveJavaConfigBeanDefinitionReader:0.18333333333333332
BeanDefinitionRegisteringConfigurationModelRenderer:0.15
ConfigurationParserTests:0.08
ReflectingConfigurationParser:0.07666666666666666
ConfigurationModel_EquivalenceTests:0.02666666666666667
BeanDefinitionRegisteringConfigurationModelRendererTests:0.019444444444444445
ConfigurationModel_ValidationTests:0.0016666666666666668
