Config:0.61
EmptyConfigurationService:0.29333333333333333
SpringXmlConfigBuilder:0.29
ConfigXmlGenerator:0.27
ConfigurationService:0.2500396825396825
TestFullApplicationContext:0.22333333333333333
XMLConfigBuilderTest:0.21666666666666667
XmlConfigBuilder:0.21333333333333335
ClusterWideConfigurationService:0.20333333333333334
ClientDynamicClusterConfig:0.14666666666666667
DynamicConfigurationAwareConfig:0.14333333333333334
ConfigXmlGeneratorTest:0.14
ConfigCompatibilityChecker:0.13166666666666665
CountDownLatchConfigChecker:0.11666666666666667
ConfigDataSerializerHook:0.09
DynamicConfigRollingUpgradeTest:0.0
