IndexService:0.59
IndexShardModule:0.4666666666666667
MetaDataCreateIndexService:0.24666666666666667
IndexShardModuleTests:0.23666666666666666
