ValueTypeComposer:0.6166666666666667
Environment:0.5113333333333333
Round:0.33
