HighlighterSearchTests:0.6797222222222223
GroovySecurityTests:0.39499999999999996
