DataSetLossCalculator:0.5933333333333334
ROCScoreCalculator:0.4633333333333333
