RenameBotDialog:0.49666666666666665
RenameBotStationDialog:0.45666666666666667
RenameBotTaskDialog:0.26
BotExplorerTreeView:0.22
