HttpSecurityBeanDefinitionParser:0.3566666666666667
HttpSecurityBeanDefinitionParserTests:0.32
PortMappingsBeanDefinitionParser:0.30666666666666664
BeanIds:0.19061111111111112
Elements:0.19061111111111112
