PropertyFileLabelIncrementer:0.7866666666666666
PropertyFileLabelIncrementerTest:0.09333333333333334
