HTMLInputElementTest:0.38
HTMLInputElement:0.35
HTMLTextAreaElementTest:0.3233333333333333
HTMLTextAreaElement:0.3019444444444444
HTMLSelectElement:0.3019444444444444
HTMLSelectElementTest:0.27
FormField:0.16527777777777777
