ShareResource:0.24666666666666667
FolderResource:0.22
WorkspaceResource:0.22
AbstractBinderResource:0.19
AbstractResource:0.11333333333333333
NetFoldersResource:0.043333333333333335
