BSONReader:0.56
BSONBinaryReader:0.42333333333333334
BSONWriter:0.37333333333333335
JSONReader:0.36
Document:0.30722222222222223
JSONReaderTest:0.2966666666666667
BSONBinaryWriter:0.27
Context:0.24
DocumentCodecTest:0.16
CollectibleDocumentCodecUnitTest:0.13333333333333333
ReplyMessage:0.13
UUIDCodecTest:0.09333333333333334
