InternalEngine:0.47333333333333333
DiscoveryWithServiceDisruptionsIT:0.31333333333333335
OperationRouting:0.24666666666666667
NodeChannels:0.18666666666666668
