PseudoEpsgFactory:0.5991666666666666
SamplePoints:0.475
ConformanceTest:0.3933333333333333
