Cfg:0.5633333333333334
HTTPRequest:0.5505555555555556
UploadState:0.5133333333333333
IOUtil:0.3466666666666667
UploadFilesTableModel:0.24333333333333335
UploadEngine:0.23333333333333334
PhexLogger:0.22666666666666666
ShareManager:0.21666666666666667
ExportAction:0.21666666666666667
FilterAction:0.21666666666666667
NLoggerNames:0.20333333333333334
UploadTab:0.20166666666666666
LibraryTab:0.17
IncomingConnectionDispatcher:0.12333333333333334
UpdateCheckRunner:0.12
