CoreDaoTest:0.49
RegistryPackage:0.48444444444444446
RegistryPackageFactory:0.21733333333333335
