DSLContext:0.6205555555555556
DSL:0.5733333333333334
DefaultDSLContext:0.3433333333333333
CreateSchemaImpl:0.28
