ValueAttribute:0.6333333333333333
Adapt:0.3992380952380952
SillyStructureWithId:0.2
Operator:0.15833333333333333
UsingAllOptionals:0.15833333333333333
Standalone:0.14416666666666667
