FileSystemMgtBean:0.38666666666666666
StorageBean:0.30666666666666664
ContentManagerBean:0.29
StudyMgtBean:0.2633333333333333
StudyReconciliationBean:0.19666666666666666
