KernelQedeqBo:0.7166666666666667
QedeqBo:0.5066666666666667
StateManager:0.3933333333333333
DefaultKernelQedeqBo:0.36333333333333334
DefaultInternalKernelServices:0.25666666666666665
FormalProofCheckerExecutor:0.20333333333333334
LoadRequiredModulesExecutor:0.20166666666666666
WellFormedCheckerExecutor:0.18666666666666668
LoadAllRequiredModulesExecutor:0.12400000000000001
LoadAllRequiredModulesPlugin:0.1
LoadDirectlyRequiredModulesExecutor:0.07583333333333334
