RemoveOnCancelFuture:0.55
HazelcastTestSupport:0.46
LoggingScheduledExecutor:0.3433333333333333
LoggingScheduledExecutorTest:0.22333333333333333
