FeatureSet:0.5233333333333333
FeatureView:0.4766666666666667
StrandedZoomableApolloPanel:0.3233333333333333
AnnotationView:0.24
TestLoader:0.21777777777777782
