LogPane:0.3333333333333333
Preferences:0.31333333333333335
ParserPane:0.3
QedeqPane:0.29333333333333333
HtmlPane:0.2633333333333333
