Entities:0.5633333333333334
Attribute:0.5533333333333333
EntitiesTest:0.11666666666666667
AttributeParseTest:0.09
