TermNatures:0.5916666666666667
Config:0.585
AnsjItem:0.3566666666666667
MathUtil:0.19333333333333333
