QueryRetrieveScpService:0.58
HPScpService:0.36666666666666664
MWLScuService:0.36666666666666664
GPWLScpService:0.30333333333333334
MWLFindScp:0.043333333333333335
