LuceneQueryBuilderTest:0.5
TestingHelpers:0.46166666666666667
InternalCountOperationTest:0.27666666666666667
