BindingValueExpression:0.37
TestBean:0.32
ELExpressionParserTests:0.15333333333333332
OgnlExpressionParserTests:0.14
DefaultMapperTests:0.05333333333333334
