AbstractRememberMeServices:0.5833333333333334
TokenBasedRememberMeServices:0.5533333333333333
TokenBasedRememberMeServicesTests:0.3333333333333333
MockRememberMeServices:0.2511111111111111
PersistentTokenBasedRememberMeServicesTests:0.22666666666666666
PersistentTokenBasedRememberMeServices:0.21
AbstractRememberMeServicesTests:0.18916666666666668
MockUserDetailsService:0.03
