AbstractSocketWrapper:0.41
SocketWrapper:0.2833333333333333
AbstractClientConnectionHandler:0.25666666666666665
SocketChannelClient:0.23333333333333334
