ClientEndpoint:0.5333333333333333
ClientEndpointManager:0.5
AbstractMessageTask:0.3566666666666667
ClientEndpointManagerImpl:0.3333333333333333
ClientEndpointImpl:0.31
ClientEngineImpl:0.23666666666666666
AuthenticationCustomCredentialsMessageTask:0.22916666666666666
AuthenticationMessageTask:0.20916666666666667
AuthenticationBaseMessageTask:0.19666666666666666
ClientDisconnectionOperation:0.15666666666666668
ClientHeartbeatMonitor:0.15333333333333332
PingMessageTask:0.125
