BatchPresentation:0.4
Action:0.39
GenericDAO:0.2677777777777778
DiagramModel:0.26
NodeLog:0.21333333333333335
CalendarInterval:0.2111111111111111
GraphImageBuilder:0.17666666666666667
JpdlXmlReader:0.16333333333333333
ProcessLog:0.15
TransitionLog:0.14333333333333334
TableViewSetupFormAction:0.12333333333333334
CreateTimerAction:0.12
ProfileLogic:0.1
ShowProcessErrorsTag:0.08333333333333333
VariableDownloaderAction:0.08333333333333333
GraphElementPresentationBuilder:0.07333333333333333
ExpandCollapseGroupAction:0.07333333333333333
CancelTimerAction:0.03761904761904763
CreateTimerActionLog:0.02
IAttributes:0.0
