FeatureSetI:0.6594444444444445
Transcript:0.43666666666666665
FeatureSet:0.33
Gene:0.30666666666666664
