MDate:0.6833333333333333
MCalendarPanel:0.4483333333333333
DayKey:0.24
