DatastreamInternal:0.6052380952380952
DatastreamExternal:0.5833333333333333
