CacheBrowserEntryView:0.4373333333333333
GetCacheEntryRequest:0.30333333333333334
GetCacheEntryRequestTest:0.2966666666666667
CacheDataSerializerHook:0.24666666666666667
GetCacheEntryViewEntryProcessor:0.17333333333333334
