Unit:0.6533333333333333
Canvas:0.36333333333333334
EuropePanel:0.2966666666666667
Client:0.2325
Map:0.21333333333333335
PanelContainer:0.19416666666666665
RecruitPanel:0.17
MapListener:0.10333333333333333
