InstanceBindingImpl:0.38
InjectorImpl:0.37666666666666665
MultibinderTest:0.31666666666666665
ObjectWithInjectionPoint:0.14666666666666667
