SeqFeatureI:0.6833333333333333
FeaturePairI:0.5966666666666667
FeaturePair:0.4766666666666667
SeqFeature:0.42
GAMEAdapter:0.2
JdbcChadoAdapter:0.19666666666666666
AnalysisFilter:0.19666666666666666
FeatureBlock:0.19333333333333333
Sim4Parser:0.19333333333333333
GAMESave:0.19333333333333333
AlignmentParser:0.12666666666666668
DrawableResultSeqFeature:0.12333333333333334
