FileVariable:0.7133333333333334
ExecutionService:0.61
ExecutionServiceBean:0.25333333333333335
FileVariableToByteArrayConverter:0.21666666666666667
FileVariableDescriptor:0.2
FileVariableProxy:0.19361111111111112
ExecutionServiceDelegate:0.18333333333333332
MultipartRequestHandler:0.1
