ResponseSpecification:0.74
RestAssuredResponseOptionsImpl:0.35
ValidatableResponseOptions:0.2991666666666667
ValidatableResponseOptionsImpl:0.2733333333333333
ResponseTimeITest:0.24333333333333335
ResponseSpecBuilder:0.24166666666666667
MockMvcResponseTimeTest:0.13666666666666666
