MasterSlaveEntry:0.5883333333333334
MasterSlaveConnectionManager:0.5066666666666667
PublishSubscribe:0.3233333333333333
