AbstractRegexVersioned:0.6266666666666667
TechnicalInformationViewControllerResultData:0.38333333333333336
ScreenResolutionPerVisitAggregationRowData:0.38333333333333336
TechnicalInformationViewController:0.12333333333333334
