ServiceSession:0.68
ServiceSessionBean:0.31666666666666665
ListServicesManagedBean:0.2733333333333333
ServiceServiceTest:0.20666666666666667
ServiceSessionLocal:0.20422222222222222
CertificateExpireTest:0.2
