ThreadManager:0.6533333333333333
NodeExecutionManagerImpl:0.5033333333333333
NodeExecutionInfo:0.5
ThreadManagerThreadPool:0.26666666666666666
JPPFNodeAdmin:0.20333333333333334
NodeExecutionManager:0.15833333333333333
AbstractThreadManager:0.12333333333333334
NodeTaskWrapper:0.07
