Kernel32:0.6144444444444445
Kernel32Test:0.4166666666666667
OSVERSIONINFOEX:0.06333333333333334
SYSTEM_INFO:0.04
DWORD_PTR:0.0
