User:0.81
Domain:0.5633333333333334
Privilege:0.2866666666666667
