XPathParser:0.4666666666666667
Resources:0.42333333333333334
XMLMapperBuilder:0.27
XMLConfigBuilder:0.25666666666666665
SqlSessionManager:0.22666666666666666
MapperAnnotationBuilder:0.2
XPathParserTest:0.1
XmlConfigBuilderTest:0.1
SqlSessionFactoryBuilder:0.08166666666666667
