HttpClientBuilder:0.7133333333333334
HttpClientConfiguration:0.27666666666666667
HttpClientBuilderTest:0.21
