AddShowDialog:0.5633333333333334
EpisodeChooserPanel:0.32666666666666666
EpisodeParserThread:0.22666666666666666
