HopSymbolTableWalker:0.4533333333333333
HopParser:0.4033333333333333
HopLexer:0.38666666666666666
DFA29:0.11466666666666667
if_statement_scope:0.06333333333333334
