CurrentVersionPane:0.335
PriorVersionPane:0.3119444444444444
DisseminatorPane:0.29333333333333333
BehaviorDescriptionPanel:0.29
DisseminatorsPane:0.23333333333333334
NewDisseminatorPane:0.1311111111111111
