OracleSchema:0.7033333333333334
OracleDbSupport:0.2966666666666667
OracleMigrationMediumTest:0.29
