AnnotationSetImpl:0.6283333333333333
Factory:0.355
Main:0.34833333333333333
