Scroll:0.3933333333333333
SearchRequest:0.37666666666666665
SearchScrollRequest:0.35333333333333333
InternalScrollSearchRequest:0.24
SimpleSearchIT:0.23333333333333334
ShardSearchLocalRequest:0.21666666666666667
