ScriptService:0.5133333333333333
ESTestCase:0.36333333333333334
MockScriptEngine:0.32666666666666666
TemplateQueryBuilderTests:0.27
FunctionScoreQueryBuilderTests:0.2
ServiceHolder:0.13
FileScriptTests:0.12
ScriptQueryBuilderTests:0.11
ScriptContextTests:0.10666666666666667
CustomScriptPlugin:0.045
