Project:0.61
XMLLogHelper:0.5433333333333333
AntBuilder:0.42333333333333334
AntBuilderTest:0.27
XMLLogHelperTest:0.22
EmailPublisherTest:0.17
ProjectTest:0.13666666666666666
