AccumulatorCompiler:0.5833333333333334
GenericAggregationFunctionFactory:0.41333333333333333
AggregationCompiler:0.41333333333333333
ApproximateCountColumnAggregations:0.18666666666666668
ApproximateCountState:0.17
