DeepAutoEncoder:0.72
DeepAutoEncoderFromFile:0.14666666666666667
DeepAutoEncoderTest:0.13
DeepAutoEncoderExample:0.12
DenoisingAutoEncoderMnistExample:0.09666666666666666
