DefaultShader:0.3466666666666667
BaseShader:0.28
DefaultTextureBinder:0.24333333333333335
BlendingAttribute:0.22666666666666666
GLES10Shader:0.205
TestShader:0.19666666666666666
RenderContext:0.18666666666666668
Setter:0.16666666666666666
DefaultShaderProvider:0.16333333333333333
Validator:0.0867222222222222
DefaultRenderableSorter:0.03666666666666667
Setters:0.02722222222222222
Inputs:0.023888888888888887
Uniform:0.02
