Logger:0.45666666666666667
ScriptingConsoleView:0.36222222222222217
Activator:0.2763333333333334
JsConsoleView:0.24666666666666667
LoggerListener:0.23159523809523813
LogEvent:0.19222222222222224
