AbstractSeqTest:0.6877777777777777
LeafSingleton:0.4
VectorTest:0.3416666666666667
