MetadataGenerator:0.49666666666666665
MetadataWriterTest:0.42333333333333334
SignatureGeneratorTest:0.27666666666666667
