AuthenticationService:0.7349444444444444
AuthenticationServiceStub:0.38333333333333336
