DeploymentOptions:0.6
DeploymentTest:0.31
Starter:0.27438888888888885
DeploymentManager:0.23
CoreExamples:0.20333333333333334
DeploymentImpl:0.2
TestVerticle:0.1688888888888889
IsolatingClassLoader:0.16666666666666666
IsolatingClassLoaderTest:0.1
CompilingClassLoader:0.09238095238095238
