DataExtractorService:0.45
DataExtractorContext:0.37666666666666665
StreamInsertDataCommand:0.20666666666666667
StreamCreateDataCommand:0.20666666666666667
StreamUpdateDataCommand:0.20666666666666667
StreamDeleteDataCommand:0.20666666666666667
