Rule:0.71
BasicEvent:0.4066666666666667
AbstractEvent:0.32
CompositeEvent:0.31333333333333335
