Scope:0.7366666666666667
JFlexXref:0.45666666666666667
Context:0.26
