BitArray:0.68
RSSExpandedReader:0.3233333333333333
UPCEANReader:0.25166666666666665
UPCEANExtensionSupport:0.22833333333333333
Code128Reader:0.16
BitArrayTestCase:0.15666666666666668
