Repository:0.595
SnapshotInfo:0.5
SnapshotsService:0.29333333333333333
CreateSnapshotResponse:0.27
BlobStoreRepository:0.2633333333333333
GetSnapshotsResponse:0.23555555555555557
TransportSnapshotsStatusAction:0.13666666666666666
RestoreService:0.13
TransportGetSnapshotsAction:0.13
