WebKeys:0.5910000000000001
AjaxController:0.5133333333333333
GuestUserAccessReportController:0.05333333333333334
