Corpus:0.37666666666666665
Text:0.36333333333333334
TxmObject:0.3466666666666667
Subcorpus:0.29333333333333333
MainCorpus:0.2866666666666667
Edition:0.285
Partition:0.24666666666666667
Base:0.24666666666666667
Project:0.20333333333333334
ConcordancesEditor:0.20333333333333334
Part:0.2
Workspace:0.2
SpecificitesTableLabelProvider:0.19666666666666666
DeleteObject:0.13666666666666666
CreateSubCorpus:0.12
CreatePartition:0.10333333333333333
