ATN:0.5222222222222223
TestATNSerialization:0.28
ATNInterpreter:0.2227777777777778
ATNSerializer:0.19833333333333333
