JedisCluster:0.43666666666666665
JedisCommands:0.3333333333333333
ShardedJedis:0.29
MultiKeyCommands:0.23666666666666666
MultiKeyCommandsPipeline:0.23666666666666666
MultiKeyPipelineBase:0.21
