BoundedLocalCache:0.38
Caffeine:0.3566666666666667
Sync:0.29003968253968254
Node:0.2725
WeightedValue:0.20666666666666667
RemovalNotification:0.19666666666666666
BoundedEntryWeigher:0.19333333333333333
InternalReference:0.06666666666666667
Ref:0.043333333333333335
WeakKeyReference:0.03
SoftValueReference:0.0
WeakValueReference:0.0
