MethodInfo:0.7888095238095238
MethodSignatureVisitor:0.5788888888888889
MethodInfoTest:0.18666666666666668
