AtomTypeFactory:0.7133333333333334
ValencyChecker:0.3566666666666667
