MappedStatement:0.57
MapperBuilderAssistant:0.34
MapperAnnotationBuilder:0.2833333333333333
NestedResultSetHandler:0.25333333333333335
Builder:0.24
FastResultSetHandler:0.23
Mapper:0.22
XMLStatementBuilder:0.14666666666666667
NestedResultHandlerTest:0.06
