SourceRepoDialog:0.36333333333333334
InvokeDialogListener:0.30333333333333334
ConsoleSendButtonListener:0.17333333333333334
FTypeDialog:0.13666666666666666
LoginDialog:0.11666666666666667
ModConditionDialog:0.10666666666666667
SelectFieldsDialog:0.10666666666666667
