Posix:0.6751111111111111
InetAddress:0.6532777777777778
