CommitPos:0.46888888888888886
SequencerAgent:0.34
ClusteredServiceAgent:0.30666666666666664
