MarsClock:0.5
Mind:0.45666666666666667
MasterClock:0.42
Person:0.40166666666666667
SimulationConfig:0.38333333333333336
Robot:0.38
BotMind:0.36
Building:0.31833333333333336
Simulation:0.31666666666666665
UnitManager:0.2833333333333333
MainScene:0.28
TaskSchedule:0.27166666666666667
FoodProduction:0.26666666666666666
Settlement:0.25722222222222224
PhysicalCondition:0.25333333333333335
Weather:0.25
Crop:0.245
Preference:0.22666666666666666
JobAssignment:0.22333333333333333
MainMenu:0.21666666666666667
Sleep:0.21333333333333335
CookMeal:0.21333333333333335
ProduceFood:0.2
TendGreenhouse:0.19666666666666666
ManufactureGood:0.19333333333333333
MarsProjectFX:0.19333333333333333
ManufactureGoodMeta:0.19333333333333333
GoodsManager:0.19
SettlementWindow:0.18
Cooking:0.17666666666666667
Farming:0.17666666666666667
ProduceFoodMeta:0.17333333333333334
TabPanelCareer:0.15333333333333332
ReviewJobReassignmentMeta:0.15
RadiationExposure:0.14
Relax:0.13333333333333333
PlayHoloGame:0.13333333333333333
DailyWeather:0.09333333333333334
