IndexShard:0.49
InternalEngineTests:0.47
EngineConfig:0.2833333333333333
TranslogHandler:0.2288888888888889
EngineMergeScheduler:0.17666666666666667
InternalEngine:0.15583333333333332
