State:0.7166666666666667
JPF_gov_nasa_jpf_sc_State:0.23666666666666666
