SWN3:0.6477777777777778
SerializationUtils:0.42333333333333334
LoadAndDraw:0.39
