Display:0.7283333333333334
DisplayMode:0.3566666666666667
