ClientProxy:0.5183333333333333
DriverConductorTest:0.43
ClientListenerAdapter:0.2733333333333333
DriverListenerAdapter:0.14
IpcPublicationTest:0.12666666666666668
DriverListener:0.09166666666666666
ControlProtocolEvents:0.0
