JPPFClient:0.5877777777777778
AbstractGenericClient:0.51
JPPFJcaClient:0.4666666666666667
