ChangeProductsPriceTest:0.2866666666666667
ColorsOnlyPOJOTest:0.2866666666666667
ColorsTest:0.2866666666666667
ChangeProductsPrice2Test:0.2866666666666667
