User:0.64
PropsUtil:0.5833333333333334
NLT:0.51
DefaultEmailFormatter:0.23666666666666666
TextConverter:0.20666666666666667
CalendarUtil:0.19
BuildDefinitionDivs:0.19
PortletRequestImpl:0.18333333333333332
LDAPAuth:0.14
PortletContextWrapper:0.10666666666666667
CalendarHelper:0.10666666666666667
