DBCollection:0.6133333333333333
GroupCommand:0.4
DBObjects:0.2966666666666667
BaseOperation:0.16
