ThresholdEntity:0.63
LatencyThresholder:0.4208333333333333
JMXThresholder:0.3233333333333333
SnmpThresholder:0.29
LatencyParameters:0.1461111111111111
