HttpServerRequest:0.6663888888888889
WebsocketTest:0.43333333333333335
ServerConnection:0.43166666666666664
ServerHandler:0.3566666666666667
HttpServerRequestImpl:0.13
HttpServerImpl:0.12333333333333334
