LookupTable:0.6966666666666667
ShortLookupTable:0.21333333333333335
ByteLookupTable:0.21333333333333335
