Strings:0.6933333333333334
ESIntegTestCase:0.4633333333333333
XContentHelper:0.34
SearchCancellationIT:0.29
ESClientYamlSuiteTestCase:0.20333333333333334
