Domain:0.7094444444444444
AdminProcessor:0.38666666666666666
DomainQueryService:0.21666666666666667
DomainMgmtService:0.19333333333333333
DomainCache:0.13333333333333333
Common:0.08666666666666666
