ValueBlock:0.4862222222222222
PositionBlock:0.4666666666666667
UncompressedValueBlock:0.32
RunLengthEncodedBlock:0.32
EmptyPositionBlock:0.3
EmptyValueBlock:0.2733333333333333
RangePositionBlock:0.22333333333333333
UncompressedPositionBlock:0.22333333333333333
