AdviceTest:0.4766666666666667
ForOrigin:0.28833333333333333
WithoutExitAdvice:0.2327777777777778
CodeTranslationVisitor:0.21666666666666667
ExceptionTableSensitiveMethodVisitor:0.20666666666666667
AdviceVisitor:0.20666666666666667
