UrlMappingImpl:0.55
Tasks:0.5266666666666666
NutLoading:0.3233333333333333
