DOTranslationUtility:0.6366666666666667
TestAPIM:0.2936111111111111
ConvertObjectSerialization:0.26666666666666666
METSFedoraExtDOSerializer:0.21444444444444447
AtomDOSerializer:0.20077777777777775
FOXMLDOSerializer:0.20077777777777775
Constants:0.0
