Bucket:0.8766666666666667
InternalTerms:0.43333333333333335
Terms:0.35
InternalOrder:0.33
StringTerms:0.24
TermsAggregatorFactory:0.17833333333333334
LongTermsTests:0.15
DoubleTermsTests:0.15
SumAggregator:0.11333333333333333
StringTermsTests:0.09333333333333334
TermsParametersParser:0.08611111111111111
LongTermsAggregator:0.08055555555555555
StringTermsAggregator:0.07666666666666666
GlobalOrdinalsStringTermsAggregator:0.07
LongTerms:0.06777777777777778
DoubleTermsAggregator:0.06722222222222222
UnmappedTerms:0.06027777777777777
TermsAggregator:0.041388888888888885
TermsParser:0.03972222222222223
DoubleTerms:0.03833333333333333
AbstractStringTermsAggregator:0.0061111111111111106
