ExecutionBean:0.36
SubstitutionBean:0.29333333333333333
PermissionBean:0.2866666666666667
ArchivingBean:0.26666666666666666
BotBean:0.25333333333333335
DefinitionBean:0.25333333333333335
ProfileBean:0.25
ExecutorBean:0.24333333333333335
AuthenticationBean:0.13666666666666666
