AbstractTraversableTest:0.4766666666666667
Iterator:0.4633333333333333
AbstractTraversableRangeTest:0.4266666666666667
IteratorTest:0.23166666666666666
StreamTest:0.2275
