AsyncHttpClient:0.5566666666666666
ChannelPool:0.485
ChannelManager:0.36
DefaultChannelPool:0.35777777777777775
BadAsyncHttpClient:0.27
TestAsyncHttpClient:0.22333333333333333
DefaultAsyncHttpClient:0.21
