ClassDescriptor:0.46
BeanUtilUtil:0.36333333333333334
PropertyDescriptor:0.30666666666666664
BeanUtilBean:0.30333333333333334
Properties:0.2866666666666667
FieldDescriptor:0.2833333333333333
MethodDescriptor:0.27666666666666667
IntrospectorTest:0.15
BeanProperty:0.14666666666666667
WeakIntrospector:0.12333333333333334
BeanPrefixTest:0.12
CachingIntrospector:0.08666666666666667
InitMethodResolver:0.08
JoddBean:0.06
