DownloadEntity:0.5533333333333333
DbUtil:0.51
UpgradeListener:0.27051984126984113
DownloadTarget:0.20333333333333334
DListener:0.19666666666666666
AriaManager:0.19166666666666668
SingleThreadTask:0.18337301587301585
AbsTarget:0.18
DownloadUtil:0.13333333333333333
SqlHelper:0.12
ConnectionHelp:0.06
ITaskEntity:0.0
