MapSideDataCollectOperation:0.48655555555555563
JobCollectContext:0.45666666666666667
RowsCollector:0.3566666666666667
IterableRowEmitter:0.33666666666666667
SystemCollectSource:0.273
HandlerSideLevelCollectTest:0.25666666666666665
ShardCollectService:0.2297777777777778
ShardCollectSource:0.22333333333333333
MapSideDataCollectOperationTest:0.21
