GeneEditPanel:0.4633333333333333
FeatureTypeItemListener:0.31666666666666665
IDFocusListener:0.2866666666666667
GeneNameFocusListener:0.2
RiceNameAdapter:0.12
