NearCacheDataRecordStore:0.5944444444444444
NearCacheObjectRecordStore:0.4086666666666667
