Condition:0.49666666666666665
SearchStrategy:0.31
Matcher:0.2866666666666667
ReteSearchStrategy:0.23666666666666666
PlanSearchStrategy:0.23333333333333334
QuantifierCountChecker:0.22666666666666666
GrammarProperties:0.19
PlanData:0.18666666666666668
ValueOracle:0.18533333333333335
MatcherFactory:0.16333333333333333
SearchEngine:0.16111111111111112
PlanSearchEngine:0.12666666666666668
ValueNodeSearchItem:0.09666666666666666
ReteSearchEngine:0.0525
NoValueOracle:0.043333333333333335
OracleParser:0.03666666666666667
RandomValueOracle:0.03
DefaultValueOracle:0.03
