XmlClientConfigBuilder:0.38666666666666666
ListenerConfig:0.33666666666666667
ProxyFactoryConfig:0.33
EntryListenerConfig:0.31333333333333335
ItemListenerConfig:0.24
XmlClientConfigBuilderTest:0.13
