Tag:0.7866666666666666
ParserTest:0.5133333333333333
Parser:0.29
DataUtil:0.21333333333333335
