FileSystemMgtBean:0.36666666666666664
ContentEditBean:0.35333333333333333
PrivateFileBean:0.3233333333333333
ContentManagerBean:0.22666666666666666
QueryPrivateStudiesCmd:0.21
