LinuxDisplay:0.7383333333333333
Win32Display:0.4583333333333333
