SimpleQueryTests:0.5366666666666666
SpanNotQueryParser:0.52
SpanNotQueryBuilder:0.29333333333333333
