SerializeWriter:0.6444444444444444
SerializerFeatureTest:0.36333333333333334
MapSerializer:0.22
