Library:0.5433333333333333
Coord:0.5
Node:0.35333333333333333
Segment:0.29333333333333333
QuickHull3D:0.23
Graph:0.16333333333333333
Voronoi:0.13666666666666666
Tip:0.09444444444444446
Test:0.04277777777777778
