Version:0.6066666666666667
WithExtendedParameterSources:0.3433333333333333
DataPointArrayToBeUsedForWholeParameter:0.18594444444444444
