TestKeyStoreUtil:0.8105555555555555
TestClientNetworkConfig:0.30333333333333334
