Peer:0.6966666666666667
PeerGroup:0.38666666666666666
PeerTest:0.2866666666666667
