RecordStore:0.8733333333333333
DefaultRecordStore:0.36333333333333334
MapReplicationOperation:0.2733333333333333
MapSplitBrainHandlerService:0.21
