PlanMatchPattern:0.39555555555555555
TopNMatcher:0.38333333333333336
Ordering:0.26666666666666666
