BinaryDFHandler:0.5183888888888888
Decoder:0.4769285714285714
BinaryDFDecoder:0.3874285714285714
AbstractARINCDecoder:0.35333333333333333
AbstractBinaryDFHandler:0.32
ServerBinaryDFHandler:0.2833333333333333
ClientBinaryDFHandler:0.28
DefaultBinaryDFDecoder:0.23666666666666666
