Element:0.5533333333333333
DocumentTest:0.4866666666666667
Node:0.43333333333333335
TextNode:0.39
ElementTest:0.16666666666666666
