HttpBlobHandler:0.42333333333333334
CrateNettyHttpServerTransport:0.3233333333333333
HttpAuthUpstreamHandlerTest:0.3
HostBasedAuthenticationTest:0.27666666666666667
HttpAuthUpstreamHandler:0.2758333333333333
DigestBlob:0.2725
AdminUIHttpIntegrationTest:0.27
PostgresNetty:0.24666666666666667
RestResultSetReceiver:0.23666666666666666
ChannelPipelineItem:0.23
BlobIntegrationTest:0.21333333333333335
BlobIntegrationTestBase:0.19
RemoteDigestBlob:0.19
CrateSettingsPreparer:0.18666666666666668
StartBlobRequest:0.17333333333333334
BlobTransferRequest:0.14666666666666667
PutChunkRequest:0.14
CrateSettingsPreparerTest:0.09333333333333334
CrateHttpChannelHandler:0.09333333333333334
