CheckScope:0.5666666666666667
StepFactory:0.36666666666666664
DataEnvironment:0.3333333333333333
AbstractVirtualMachine:0.31
RuntimeErrorManager:0.24666666666666667
CheckStep:0.11333333333333333
