Wallet:0.8766666666666667
WalletTest:0.3433333333333333
ChainSplitTest:0.31666666666666665
