BinderViewsHelper:0.41333333333333333
BinderInfo:0.37333333333333335
ToolbarItem:0.32
GwtServerHelper:0.2833333333333333
ContextItemCommand:0.27666666666666667
UIData:0.26166666666666666
GwtRpcServiceImpl:0.25416666666666665
CalendarFolderView:0.23333333333333334
GwtMainPage:0.2075
DataTableFolderViewBase:0.20666666666666667
GwtMenuHelper:0.19
ContextMenuItem:0.13666666666666666
NameValuePair:0.11666666666666667
