AriaManager:0.5333333333333333
UploadTask:0.33666666666666667
MyDialogDownloadCallback:0.28444444444444444
DownloadTask:0.25666666666666665
DownloadFragment:0.21444444444444447
ITask:0.14416666666666667
