EnumEditor:0.22777777777777777
ImmutableManagerEditor:0.12666666666666668
