ModuleManager:0.6016666666666667
ShowMessageAction:0.22666666666666666
DateUtilSQLConverter:0.21333333333333335
ProductWithSectionTest:0.15333333333333332
