HttpRemoteTask:0.3433333333333333
TestDistributedQueries:0.23333333333333334
TestServer:0.19666666666666666
TestNodeResource:0.19
TestExecuteResource:0.19
FooResource:0.1858469215969216
PageResponseHandler:0.16866666666666666
CreatedResponseHandler:0.16866666666666666
QueryRunner:0.164
QueryExecutor:0.15699999999999997
TestQueryResourceServer:0.11666666666666667
TestHeartbeatFailureDetector:0.08666666666666667
