MySQLSqlStatementBuilderSmallTest:0.6133333333333333
MySQLSqlStatementBuilder:0.4533333333333333
MySQLSqlScriptSmallTest:0.3
