ATNConfigSet:0.6933333333333334
ParserATNSimulator:0.35
GrammarAST:0.33
LexerATNSimulator:0.2833333333333333
ATNSimulator:0.24666666666666667
