EndpointIterator:0.43
RetryingRequestDispatcher:0.3333333333333333
DefaultEndpoint:0.31
DefaultRequestDispatcher:0.2966666666666667
Builder:0.2733333333333333
