SplitOperation:0.43666666666666665
GOTOInclusionTransformation:0.37333333333333335
Jupiter:0.37
GOTOInclusionTransformationTest:0.20666666666666667
