CodecProvider:0.42333333333333334
AccessorInterceptor:0.37333333333333335
RedissonObjectFactory:0.34
DefaultNamingScheme:0.26
DefaultCodecProvider:0.22
