ArrayConcatUtils:0.7377777777777778
ArrayConcatFunction:0.31666666666666665
Reflection:0.2833333333333333
