UserAction:0.6033333333333334
AbstractUserAction:0.38666666666666666
ValidTag:0.28
ActionFilter:0.18666666666666668
