FieldRegistry:0.6833333333333333
Builder:0.5966666666666667
Default:0.43666666666666665
Entry:0.27666666666666667
DefaultFieldValueTarget:0.22583333333333333
AbstractBase:0.21
FieldRegistryDefaultTest:0.15333333333333332
Compiled:0.14333333333333334
