ResponseTemplate:0.5616666666666666
ClientMessageTemplate:0.5616666666666666
EventResponseTemplate:0.5533333333333333
CodeGenerationUtils:0.41
MapCodecTemplate:0.33666666666666667
TemplateConstants:0.27051984126984113
CodecModel:0.2633333333333333
MessageTypeEnumModel2:0.11333333333333333
DistributedObjectEventParameters:0.08
CodecCodeGenerator:0.04666666666666667
MemberCodec:0.02666666666666667
CodeGenerator:0.02
ResponseMessageConst:0.0
