BinaryClient:0.5283333333333333
Connection:0.36
JedisTest:0.2966666666666667
