JerseyClientBuilderTest:0.4266666666666667
AbstractServerFactory:0.42
App1:0.35333333333333333
DropwizardTestResourceConfig:0.14
App1Resource:0.12535714285714286
App1Test:0.07666666666666666
