LagartoDOMBuilderTagVisitor:0.45
ParsedTag:0.37333333333333335
CharScanner:0.24
LagartoException:0.21333333333333335
CSSellyException:0.18666666666666668
JerryCustomTest:0.17666666666666667
LagartoDOMException:0.12166666666666667
