AnnotationFilter:0.5519047619047619
ScopingTests:0.34
ReflectiveConfigurationParser:0.28
BeanMethodInterceptor:0.24666666666666667
ConfigurationModelBeanDefinitionReader:0.23333333333333334
AnnotationExtractionUtils:0.15666666666666668
