ViewState:0.5133333333333333
RequestControlContextImpl:0.4033333333333333
MockRequestControlContext:0.24333333333333335
SearchFlowExecutionTests:0.20333333333333334
RequestControlContext:0.16805555555555554
