StrandedZoomableApolloPanel:0.39666666666666667
Transcript:0.38333333333333336
TestLoader:0.29833333333333334
CORBAAdapter:0.225
ApolloFrame:0.22333333333333333
DrawableAnnotatedFeatureSet:0.22333333333333333
DrawableAnnotatedSeqFeature:0.21694444444444447
ViewMenu:0.2
FileMenu:0.10333333333333333
DrawableAnnotationConstants:0.09
