IndentingTransformerImpl:0.5566666666666666
IndentingTransformer:0.42333333333333334
XmlIndenterPlugin:0.35
PreserveWhitespaceOptionsPane:0.19333333333333333
