SearchResult:0.5910000000000001
LuceneSearcher:0.5266666666666666
MainUtil:0.25666666666666665
