MetadataEntityManagerRemote:0.5656230158730161
WebServiceBean:0.37333333333333335
ClassInfo:0.36333333333333334
ClassInfoLight:0.25
MetadataEntityManagerImpl:0.19333333333333333
CategoryInfo:0.12666666666666668
