QuasimodeTool:0.45
LeftClickFilter:0.32666666666666666
JUMPConfiguration:0.2833333333333333
ModifierKeySpec:0.2833333333333333
EditingPlugIn:0.23666666666666666
