GNResultSet:0.7188888888888889
GNXMLQuery:0.36666666666666664
