EditPart:0.4666666666666667
TableFigure:0.3027420634920635
SchemaEditor:0.29
EditPartMouseAdapter:0.21333333333333335
ModelItem:0.2
TableEditPart:0.07333333333333333
EditPartViewer:0.006666666666666667
