CommonsXsdSchema:0.65
XsdSchemaCollection:0.41333333333333333
CommonsXsdSchemaTest:0.24333333333333335
CommonsXsdSchemaCollection:0.22
CommonsXsdSchemaCollectionTest:0.043333333333333335
