Fetch:0.7066666666666667
FetchIntoPubTest:0.27
FetchArticles:0.2633333333333333
