RasterStylesPlugIn:0.6266666666666667
ChangeRasterImagePropertiesPlugIn:0.515
RasterColorEditorPlugIn:0.3080952380952381
