TestUtil:0.4533333333333333
ActivityControllerTest:0.29333333333333333
IntentServiceControllerTest:0.29
ServiceControllerTest:0.29
GradleManifestFactoryTest:0.29
ShadowLayoutInflaterTest:0.2833333333333333
ConfigMergerTest:0.27
DrawableResourceLoaderTest:0.27
ShadowAssetManagerTest:0.27
ShadowDialogTest:0.24666666666666667
ManifestFactoryTest:0.17
