UpdateRequest:0.64
UpdateIT:0.26
BulkWithUpdatesIT:0.25
UpdateHelper:0.23666666666666666
VersionTypeTests:0.18
SimpleVersioningIT:0.16333333333333333
