MapPanel:0.62
SurfaceFeatures:0.37666666666666665
NavigatorWindow:0.27666666666666667
GlobeDisplay:0.225
BuildingConstructionMissionMeta:0.19
ExplorationSitesPanel:0.18666666666666668
SearchWindow:0.17333333333333334
UnitWindow:0.16666666666666666
MainDetailPanel:0.15
NavpointPanel:0.15
ProspectingSitePanel:0.13333333333333333
FieldSitePanel:0.13333333333333333
MiningSitePanel:0.13333333333333333
ExplorationSitePanel:0.12666666666666668
