FragmentWithAtomicValencies:0.6116666666666667
Rule2dot1:0.5522222222222222
