DatabaseWriter:0.7066666666666667
Constants:0.39533333333333337
DataLoaderService:0.25666666666666665
