CorpusActionServiceImpl:0.39
VocabularyService:0.38098412698412704
VocabularyServiceImpl:0.22666666666666666
VocabularyParam:0.17666666666666667
ActionFactory:0.13666666666666666
IndexTab:0.12333333333333334
PartitionForm:0.07
VocabularyServiceAsync:0.013333333333333334
