KeyChainGroup:0.76
LegacyAddressTest:0.42444444444444446
KeyChainGroupTest:0.31666666666666665
