ProgramStepFactory:0.4866666666666667
DefaultExecutionTracker:0.4722222222222222
ProgramStep:0.26666666666666666
