MapService:0.4866666666666667
MapClientProxy:0.39666666666666667
HazelcastClientMapTest:0.24666666666666667
MapTest:0.21666666666666667
AtomicLongService:0.21333333333333335
MapLockHandler:0.18
MapGetEntryHandler:0.16111111111111112
