IStructuredbInstanceManager:0.6591666666666667
Structure:0.39666666666666667
IStructureDao:0.34777777777777774
StructuredbManagerTest:0.29
StructuredbManager:0.23666666666666666
IStructuredbManager:0.2230952380952381
StructuredbInstanceManager:0.21666666666666667
StructureIterator:0.11
StructuredbInstanceManagerTest:0.08666666666666667
StructureDao:0.07188888888888889
StructureDaoTest:0.016666666666666666
