PowerstaffSystemParameterService:0.7911111111111111
PowerstaffSystemParameterServiceImpl:0.23866666666666664
