Project:0.8422222222222222
Application:0.7344444444444445
AbstractProject:0.38666666666666666
AbstractProjectAction:0.25666666666666665
DefaultSDIApplication:0.18666666666666668
DefaultOSXApplication:0.18666666666666668
DefaultMDIApplication:0.14
DefaultAppletApplication:0.04
ExportableProject:0.03
ProjectPropertyAction:0.02666666666666667
