OperationIterable:0.5266666666666666
MappingIterable:0.26
ListIndexesFluentImpl:0.22
ListCollectionsFluentImpl:0.22
ListDatabasesFluentImpl:0.22
FindFluentImpl:0.17666666666666667
AwaitingWriteOperationIterable:0.16666666666666666
MongoIterable:0.09166666666666666
