Callback:0.615
RestAdapterTest:0.4766666666666667
CallbackRunnable:0.3933333333333333
CallbackRunnableTest:0.20666666666666667
RestHandler:0.14
