DatabaseLib:0.45
MetadataLib:0.43333333333333335
MefLib:0.3
MainPanel:0.2633333333333333
