SimpleMethodInvocation:0.58
BasicAclEntryAfterInvocationCollectionFilteringProviderTests:0.2966666666666667
BasicAclEntryVoterTests:0.24666666666666667
BasicAclEntryAfterInvocationProviderTests:0.24
MethodDefinitionAttributesTests:0.21333333333333335
AbstractMethodDefinitionSourceTests:0.17333333333333334
ContextPropagatingRemoteInvocationTests:0.17333333333333334
InterceptorStatusTokenTests:0.15666666666666668
AbstractSecurityInterceptorTests:0.15666666666666668
AfterInvocationProviderManagerTests:0.15
AuthenticationCredentialsNotFoundEventTests:0.14666666666666667
AuthorizedEventTests:0.14666666666666667
AuthorizationFailureEventTests:0.14
MethodInvocationUtils:0.056666666666666664
