DefaultDestAddress:0.6633333333333333
DestAddressFactory:0.34744444444444444
