HibernateTestSupport:0.51
HibernateStatisticsTestSupport:0.4
RegionFactoryDefaultTest:0.30333333333333334
HazelcastInstanceFactory:0.2833333333333333
LocalRegionFactoryDefaultTest:0.15333333333333332
CustomPropertiesTest:0.15333333333333332
CacheHitMissNonStrictTest:0.15333333333333332
RegionFactoryDefaultNightlyTest:0.15333333333333332
