AndroidGraphicsConfigHandler:0.4166666666666667
AndroidLineStyle:0.37
AndroidLineStyles:0.26
FrodoActivity:0.2527777777777778
RectangleRenderer:0.18333333333333332
