MasterConfig:0.7288888888888889
MasterParser:0.38
MasterService:0.36333333333333334
