SqlGenerator:0.5166666666666667
HqlSqlWalker:0.39666666666666667
SqlASTFactory:0.264
FunctionArgumentsCollectingWriter:0.23159523809523813
CastFunctionArguments:0.2288888888888889
StandardFunctionArguments:0.20666666666666667
