ValueAttribute:0.53
ExtraCollection:0.26666666666666666
AdaptReadWriteTest:0.26
ClasspathAvailability:0.21
Adapt:0.20512698412698413
AbstractGenerator:0.20333333333333334
Inr:0.09166666666666666
