PIRecord:0.7466666666666667
PageImpressionRecorder:0.2833333333333333
