Table:0.553888888888889
Table_both:0.4266666666666667
