WebserviceBeanLocal:0.5291666666666667
RemoteArtifact:0.41
RemoteProcessDefinition:0.34
ArtifactRenderer:0.3078888888888889
WebserviceBean:0.30666666666666664
ProcessTest:0.24333333333333335
AbstractElementField:0.19333333333333333
RemoteArtifactDefinition:0.19
FormRenderer:0.17333333333333334
ProcessInstanceView:0.15666666666666668
Attribute:0.135
RemoteProcessInstance:0.13
FormArtifactRenderer:0.12666666666666668
AbstractFormInstanceCreator:0.11833333333333333
ProcessInstanceBean:0.07666666666666666
ArtifactView:0.07666666666666666
ScriptQueryExecutorImpl:0.07333333333333333
FormView:0.07333333333333333
