AbstractServerEngine:0.68
EditorLayer:0.35333333333333333
AbstractEditorEngine:0.29333333333333333
CockpitConfigurationHandler:0.19333333333333333
