SaveLTSAsDialog:0.7766666666666666
SaveLTSAsAction:0.18
CloseListener:0.10583333333333333
LTSReporter:0.1
