NettyServerHandler:0.52
NettyServerStreamTest:0.33
AbstractServerStream:0.32666666666666666
NettyStreamTestBase:0.18666666666666668
NettyServerHandlerTest:0.175
