Indi:0.7033333333333334
Fam:0.5333333333333333
EditViewFactory:0.31
PropertyHusband:0.1877777777777778
PropertyWife:0.1877777777777778
Change:0.17666666666666667
PropertyFamilySpouse:0.17166666666666666
Add:0.1
Images:0.09333333333333334
PropertyAssociation:0.07333333333333333
