Workbench:0.8333333333333334
SortableTableModel:0.5077777777777777
