DOValidatorImpl:0.5233333333333333
DOValidatorXMLSchema:0.42
DOValidatorIntegrityCheck:0.30333333333333334
DOValidatorModule:0.15355555555555556
