SignSessionTest:0.31666666666666665
HardTokenSessionBean:0.31
HardTokenProfileTest:0.30333333333333334
HardTokenTest:0.30333333333333334
CertReqHistorySessionTest:0.29
CaTestCase:0.2866666666666667
HardTokenSession:0.27305555555555555
KeyRecoverySessionBean:0.24666666666666667
GlobalConfigurationSessionBeanTest:0.23666666666666666
HardTokenIssuerTest:0.20333333333333334
KeyRecoveryTest:0.15333333333333332
CertificateRetrievalTest:0.08666666666666667
