XmlSerializer:0.6133333333333333
DataManager:0.5122222222222222
MetadataHarvest:0.24
