DateFormat:0.1430952380952381
AbstractDateFormat:0.08333333333333333
BooleanFormat:0.07666666666666666
LongFormat:0.07333333333333333
DoubleFormat:0.07333333333333333
DateTimeFormat:0.07166666666666667
DefaultFormat:0.04666666666666667
StringFormat:0.04666666666666667
TimeFormat:0.0
