BatchPresentation:0.48333333333333334
ProcessLog:0.48333333333333334
Interaction:0.36
RelationAPI:0.29333333333333333
ObjectFactory:0.26666666666666666
GetExecutorsRelationPairsLeft:0.17666666666666667
GetExecutorsRelationPairsRight:0.17666666666666667
WfVariableStub:0.15
ProcessLogs:0.11
GetExecutors:0.11
GetExecutorsResponse:0.08666666666666667
