InvoiceTest:0.38333333333333336
DeliveryTest:0.3466666666666667
InvoiceNoSectionsTest:0.25666666666666665
InvoiceDetailsWithTotalsTest:0.21666666666666667
AuthorTest:0.19666666666666666
Product3Test:0.19
OnlyReadDetailsInvoiceTest:0.18666666666666668
OnlyEditDetailsInvoiceTest:0.17333333333333334
Product5Test:0.07666666666666666
