RescanProcessor:0.4855555555555555
Collectd:0.47833333333333333
Threshd:0.3433333333333333
