Advapi32:0.9166666666666666
NtDll:0.3744444444444444
Advapi32Test:0.3233333333333333
NtDllTest:0.2866666666666667
