EnterXMPPAccountComposite:0.54
CreateXMPPAccountWizardPage:0.30333333333333334
XMPPAccountStore:0.29
EnterXMPPAccountWizardPage:0.24
EditXMPPAccountWizardPage:0.21
AddXMPPAccountWizard:0.19861111111111113
Messages:0.13666666666666666
