Jedis:0.6266666666666667
Tuple:0.4266666666666667
AllKindOfValuesCommandsTest:0.27666666666666667
HashesCommandsTest:0.25333333333333335
StringValuesCommandsTest:0.25
SortedSetCommandsTest:0.23333333333333334
ListCommandsTest:0.20333333333333334
Connection:0.20333333333333334
