ItemResource:0.49666666666666665
AmountResource:0.41333333333333333
Mining:0.31
HelpGenerator:0.30333333333333334
PartConfig:0.24333333333333335
SettlementTableModel:0.1688888888888889
PartPackageConfig:0.10333333333333333
StartingSettlementPanel:0.051666666666666666
