Renderer2DModel:0.75
AbstractRenderer2D:0.30666666666666664
Renderer2D:0.3
JChemPaintAbstractApplet:0.20333333333333334
JChemPaintViewerOnlyApplet:0.19666666666666666
SimpleRenderer2D:0.16666666666666666
