SqlHelper:0.5366666666666666
DbEntity:0.3933333333333333
AbsTarget:0.2866666666666667
FileInfoThread:0.2522222222222222
SingleThreadTask:0.19666666666666666
SimpleDownloadUtil:0.18666666666666668
DownloadTarget:0.15666666666666668
AbsTaskEntity:0.013333333333333334
