DrawableSequence:0.5
AlignViewport:0.43666666666666665
DrawableAlignment:0.35333333333333333
SeqCanvas:0.25666666666666665
SeqPanel:0.2225
FastDrawAction:0.19
