Handshake:0.43666666666666665
WebSocketProtocol:0.4066666666666667
WebSocketWriterTest:0.33
JavaApiConverterTest:0.25666666666666665
JavaApiConverter:0.24944444444444447
Entry:0.24
RecordedResponse:0.2213888888888889
WebSocketReader:0.19666666666666666
WebSocketWriter:0.19666666666666666
CacheTest:0.16916666666666666
