StoreScpService:0.5866666666666667
StorageBean:0.30666666666666664
KeyObjectService:0.29
UpgradeToEnhancedMFService:0.29
InstanceBean:0.245
ContentEditService:0.23
LossyCompressionService:0.23
