BlojsomPlugin:0.7466666666666667
BlojsomServlet:0.34
CommentPlugin:0.18
MacroExpansionPlugin:0.17666666666666667
TrackbackPlugin:0.13333333333333333
EmoticonsPlugin:0.09333333333333334
ShowMeMorePlugin:0.09
SendEmailPlugin:0.08666666666666667
RefererLogPlugin:0.07666666666666666
HyperlinkURLPlugin:0.06
SimpleSearchPlugin:0.04666666666666667
