PrintArray:0.43666666666666665
ArrayEquals:0.2861111111111111
Utils:0.15666666666666668
