Scenario4:0.41
ScenarioBeta:0.36333333333333334
ScenarioAlpha:0.30333333333333334
Scenario2:0.30333333333333334
Scenario5:0.2866666666666667
ScenarioGamma:0.27666666666666667
ScenarioBerzeva:0.25
Scenario7:0.24666666666666667
ScenarioEpsilon:0.23666666666666666
ScenarioDelta:0.23
Scenario6:0.22
Scenario1:0.19333333333333333
