CalendarUtil:0.9283333333333333
TimeFormat:0.14666666666666667
