FluxLightModel:0.673888888888889
Type:0.35333333333333333
