ArticleQueryService:0.4633333333333333
UserQueryService:0.395
AdminProcessor:0.3566666666666667
