BlackHoleSplit:0.43666666666666665
BlackHoleMetadata:0.2825
BlackHoleTableLayoutHandle:0.28
BlackHoleTableHandle:0.24666666666666667
BlackHolePageSourceProvider:0.23333333333333334
BlackHoleConnector:0.15
BlackHoleSplitManager:0.14861111111111108
TestBlackHoleSmoke:0.13666666666666666
BlackHoleConnectorFactory:0.10666666666666667
BlackHolePageSinkProvider:0.08
BlackHoleInsertTableHandle:0.07
BlackHoleOutputTableHandle:0.03666666666666667
