Options:0.6333333333333333
GraphJModel:0.6
Converter:0.32666666666666666
