TypeDescriptor:0.4033333333333333
Array:0.35
HopLexer:0.3
StepFactory:0.29
HopParser:0.2733333333333333
ArraySet:0.27
HopSymbolTableWalker:0.27
DFA16:0.19666666666666666
LibraryReturn:0.19
NativeConnectToStep:0.18
DFA71:0.12
DFA56:0.12
NativeCallInformation:0.07
ArrayGet:0.06333333333333334
ArrayLibrary:0.056666666666666664
HopLibraryManager:0.0125
LibraryCall:0.0
