ContextControl:0.5533333333333333
ContextLoaderListener:0.4866666666666667
ContextLifecycle:0.20333333333333334
ContextControlTest:0.07333333333333333
