ActionDelegate:0.5780555555555555
ImageIcon:0.5366666666666666
MenuHelper:0.31333333333333335
