MapService:0.7733333333333333
MapQueryEngineImpl:0.33
DefaultMapServiceFactory:0.27666666666666667
AbstractMapServiceFactory:0.27666666666666667
PostJoinMapOperationTest:0.11
