ShareThisDlg2:0.5966666666666667
GwtShareHelper:0.4816666666666667
ShareItemCell:0.3433333333333333
SharingModuleImpl:0.30666666666666664
