MockAppender:0.6033333333333334
IndexDynamicSettingsModule:0.29
UpdateSettingsTests:0.25
ApplySettings:0.14666666666666667
