NodeDataPanel:0.5066666666666667
JobDataPanel:0.44666666666666666
NodeRenderer:0.3433333333333333
JobNodeRenderer:0.14333333333333334
