SkipGram:0.47277777777777774
DBOW:0.4694444444444444
ParagraphVectorsTest:0.36666666666666664
