ServerConnection:0.32
ClientConnection:0.26666666666666666
BootstrapSocketClient:0.23666666666666666
Reaper:0.19333333333333333
ClientConnectionListener:0.15276190476190485
ReaperListener:0.15276190476190485
AbstractRecoveryConnection:0.09666666666666666
ReaperEvent:0.05333333333333334
ClientConnectionEvent:0.05333333333333334
RecoveryServer:0.03666666666666667
