PyJavaPackage:0.55
PackageManager:0.5466666666666666
PathPackageManager:0.39666666666666667
