Phonebooks:0.8933333333333333
DummyPhonebooks:0.38333333333333336
SearchFlowExecutionTests:0.38333333333333336
