NDArray:0.69
ComplexNDArray:0.49666666666666665
RBMMnistExample:0.2833333333333333
NDArrayTests:0.21333333333333335
ComplexNDArrayTests:0.17666666666666667
