JFXDecorator:0.75
JFXAlert:0.2733333333333333
JFXListViewSkin:0.18666666666666668
JFXResponsiveHandler:0.15
