View:0.5866666666666667
MetaView:0.31333333333333335
MetaReference:0.29333333333333333
TeamMember:0.13333333333333333
TeamTest:0.1
Team:0.034166666666666665
SearchPersonFromTeamMemberAction:0.006666666666666667
