Tomcat:0.5433333333333333
TomcatUsersXML:0.49666666666666665
