ActionConstants:0.4633333333333333
ClientReplicatedMapClearRequest:0.21333333333333335
ClientReplicatedMapRemoveEntryListenerRequest:0.09666666666666666
ClientReplicatedMapContainsKeyRequest:0.09666666666666666
ClientReplicatedMapGetRequest:0.09666666666666666
ClientReplicatedMapContainsValueRequest:0.09666666666666666
ClientReplicatedMapEntrySetRequest:0.09666666666666666
ClientReplicatedMapSizeRequest:0.09666666666666666
ClientReplicatedMapIsEmptyRequest:0.09666666666666666
ClientReplicatedMapKeySetRequest:0.09666666666666666
ClientReplicatedMapValuesRequest:0.09666666666666666
ClientReplicatedMapRemoveRequest:0.09666666666666666
ClientReplicatedMapAddEntryListenerRequest:0.08
ClientReplicatedMapPutTtlRequest:0.08
ClientReplicatedMapPutAllRequest:0.056666666666666664
