Processor:0.6466666666666666
Pipeline:0.34
PipelineStore:0.2633333333333333
IngestActionFilter:0.13666666666666666
IngestModule:0.11666666666666667
IngestPlugin:0.10333333333333333
Data:0.05333333333333334
IngestRestFilter:0.02666666666666667
SimpleProcessor:0.013333333333333334
