MultiLayerNetwork:0.4755555555555555
Builder:0.3933333333333333
MultiLayerConfiguration:0.3466666666666667
IRUnitIrisDBNWorkerTests:0.27666666666666667
IRUnitSVMLightWorkerTest:0.20365079365079364
MultiLayerWorkPerformerTests:0.16
TestSparkMultiLayer:0.15333333333333332
TrainMultiLayerConfigTest:0.10666666666666667
