Workstation:0.6133333333333333
WorkstationWindow:0.31333333333333335
MainPanel:0.19666666666666666
GlobalViewWindow:0.14666666666666667
Perspective:0.13333333333333333
ApplicationActionBarAdvisor:0.08333333333333333
ApplicationWorkbenchWindowAdvisor:0.05333333333333334
