XmlPage:0.7166666666666667
XmlUtil:0.4066666666666667
