StringUtils:0.6166666666666667
MatrixRunner:0.26666666666666666
MultipleBuffersOutputStream:0.26666666666666666
SocketWrapperInputSource:0.22944444444444448
MultipleBuffersInputStream:0.22333333333333333
IOHelper:0.19666666666666666
MultipleBuffersLocation:0.19666666666666666
RemoteNodeMessage:0.023333333333333334
