AndroidGraphics:0.4866666666666667
AndroidDaydream:0.26666666666666666
AndroidLiveWallpaper:0.25666666666666665
AndroidGraphicsDaydream:0.2388888888888889
AndroidGraphicsLiveWallpaper:0.2388888888888889
AndroidApplication:0.23333333333333334
AndroidApplicationConfiguration:0.11833333333333333
