X_AD_PosPrintFormat:0.61
X_AD_PosPrintFormatElement:0.45666666666666667
PosTicketFormatter:0.32666666666666666
PayDialog:0.18666666666666668
PosModel:0.16666666666666666
