ClientMapNearCacheTest:0.6383333333333333
NearCacheRecord:0.43333333333333335
ClientHeapNearCache:0.38666666666666666
NearCacheTest:0.24
