AnnotationSetImpl:0.6255555555555556
TestAnnotation:0.4533333333333333
