AggregationOptions:0.4033333333333333
DBCollection:0.40222222222222226
Builder:0.3433333333333333
AggregateOperation:0.21
JavaClientOldTest:0.19333333333333333
