ArchiveAndReplaySystemTest:0.5991666666666666
ReplaySessionTest:0.43666666666666665
ArchiveIndexTest:0.41333333333333333
