CoreDao:0.88
AbstractAdminModule:0.3333333333333333
CoreDaoImpl:0.32
DefaultLogTablePurge:0.27066666666666667
