LayerBuilderTest:0.25666666666666665
RegressionTest060:0.19666666666666666
RegressionTest071:0.19666666666666666
RegressionTest050:0.16
BaseOutputLayer:0.159484126984127
LSTMGradientCheckTests:0.15333333333333332
