SampleDimension:0.41
GridCoverageExchange:0.31666666666666665
Format:0.17083333333333334
GridCoverageReader:0.16777777777777778
GridCoverageWriter:0.1586111111111111
