AbstractVirtualMachine:0.3566666666666667
InputStep:0.31
ConsolePlugin:0.30666666666666664
NativeLibraryStep:0.27666666666666667
NativeConnectToStep:0.26
SpeakStep:0.25666666666666665
PrintStep:0.23333333333333334
HopDataStorage:0.22333333333333333
DefaultPluginLoader:0.10666666666666667
