JSON:0.5233333333333333
JavaClientTest:0.43333333333333335
JSONTest:0.28
JSONCallback:0.22333333333333333
