ElementMatchers:0.5938888888888889
ElementMatchersTest:0.36333333333333334
ForFieldToken:0.23111111111111116
ForMethodToken:0.23111111111111116
RebaseDynamicTypeBuilder:0.22444444444444447
