BinderHelper:0.5066666666666667
AccessUtils:0.4
SearchUtils:0.31333333333333335
GwtViewHelper:0.2816666666666667
EntityIndexUtils:0.22833333333333333
