RubyRuntime:0.5333333333333333
RubyLaunchConfigurationAttribute:0.014071428571428572
IRubyLaunchConfigurationConstants:0.0
