MultiLayerNetwork:0.6716666666666666
MultipleEpochsIterator:0.32466666666666666
MultipleEpochsIteratorTest:0.17333333333333334
BaseEarlyStoppingTrainer:0.17333333333333334
