DBCollection:0.44333333333333336
DBCollectionOldTest:0.31666666666666665
Index:0.31266666666666665
AddIndexAcceptanceTest:0.25333333333333335
