PainlessParserVisitor:0.7133333333333334
PainlessParser:0.4633333333333333
FuncrefContext:0.27666666666666667
Walker:0.2733333333333333
PainlessParserBaseVisitor:0.17666666666666667
CapturingFuncrefContext:0.11944444444444445
ClassFuncrefContext:0.11944444444444445
ConstructorFuncrefContext:0.11944444444444445
LocalFuncrefContext:0.11944444444444445
