HTMLAnchorElement:0.8066666666666666
HTMLAreaElement:0.25333333333333335
