ClusterService:0.5033333333333333
PartitionService:0.36333333333333334
NodeServiceImpl:0.3466666666666667
FinalizeMigrationOperation:0.20333333333333334
NodeIOService:0.19333333333333333
RemoteOperationExecutor:0.15444444444444444
