ClassHelper:0.7
ClassGenerator:0.41
ServiceConfig:0.27666666666666667
Version:0.18388888888888888
Proxy:0.16666666666666666
ThriftCodec:0.16666666666666666
JavassistCompiler:0.12
ClassLoaderImpl:0.11333333333333333
AbstractCompiler:0.09
