SequenceTable:0.5466666666666666
EvidenceDescriptionTable:0.36333333333333334
UpdateSequence:0.36
DisplayGene:0.3566666666666667
