SearchService:0.7266666666666667
SearchServiceTests:0.3433333333333333
TransportValidateQueryAction:0.26666666666666666
TransportExplainAction:0.25333333333333335
