Cfg:0.6733333333333333
ReadWorker:0.43666666666666665
OptionsDialog:0.2733333333333333
