DefaultAccess:0.4533333333333333
SimpleDOReader:0.37666666666666665
FedoraAccessServlet:0.24333333333333335
ListMethodsServlet:0.15333333333333332
