PojoUtilsTest:0.4666666666666667
PojoUtils:0.45
ReflectUtils:0.44333333333333336
Parent:0.23
Child:0.10666666666666667
