Updater:0.7533333333333333
BaseUpdater:0.29333333333333333
MultiLayerUpdater:0.24333333333333335
