UcanaccessStatement:0.5766666666666667
UcanaccessConnection:0.5616666666666666
ViewsLoader:0.26666666666666666
TablesLoader:0.23666666666666666
