Transition:0.4533333333333333
State:0.36333333333333334
FlowExecutionException:0.3333333333333333
FlowArtifactFactory:0.31666666666666665
Flow:0.3
XmlFlowBuilder:0.25666666666666665
AbstractFlowBuilder:0.24333333333333335
FlowExecutionImpl:0.21333333333333335
RequestControlContextImpl:0.21
LocalFlowServiceLocator:0.20333333333333334
TransitionExecutingStateExceptionHandler:0.2
NoMatchingTransitionException:0.2
BaseFlowServiceLocator:0.18666666666666668
MockRequestControlContext:0.18666666666666668
FlowExecutionExceptionHandler:0.18
ActionExecutionException:0.18
FlowTests:0.17333333333333334
SubflowState:0.16333333333333333
FlowExecutorIntegrationTests:0.15666666666666668
TransitionExecutingStateExceptionHandlerTests:0.15333333333333332
ActionState:0.15333333333333332
TransitionableState:0.14666666666666667
ActionExecutor:0.13333333333333333
SetPortletModeAction:0.12333333333333334
NoMatchingActionResultTransitionException:0.1075
EnterStateVetoException:0.10333333333333333
StateTests:0.09666666666666666
StateExceptionHandlerTests:0.08666666666666667
FlowArtifactLookupException:0.03833333333333333
FlowExecutionExceptionHandlerSet:0.03333333333333333
TestStateExceptionHandler:0.03
NoSuchFlowDefinitionException:0.02666666666666667
MyCustomStateExceptionHandler:0.023333333333333334
CustomExceptionHandler:0.02
