Stream:0.6
StreamTest:0.39
Gen:0.36
LazyTest:0.23666666666666666
GenTest:0.2
MatchErrorTest:0.08666666666666667
