HighlightBuilder:0.8933333333333333
HighlightBuilderTests:0.4266666666666667
HighlighterParseElement:0.25
