Builder:0.41333333333333333
RollingUpdateCommandTest:0.36333333333333334
RolloutOptions:0.31333333333333335
DeploymentGroupTest:0.15
DefaultRolloutPlanner:0.11666666666666667
RollingUpdateCommand:0.045
DefaultRolloutPlannerTest:0.03333333333333333
