SingleMethodTest:0.5033333333333333
ParameterizedTestTest:0.49
UnsuccessfulWithDataPointFields:0.3233333333333333
