JdbcCursorItemReader:0.5522222222222222
BufferredResultSetReader:0.45388888888888895
AbstractDataSourceItemReaderIntegrationTests:0.23333333333333334
