LSTMParamInitializer:0.48333333333333334
GradientCheckTests:0.4666666666666667
LSTMHelpers:0.39
