SmilesParserTest:0.5955555555555555
SmilesGeneratorTest:0.48333333333333334
HueckelAromaticityDetectorTest:0.3433333333333333
