TodoListsManagerImpl:0.41333333333333333
TodoListsManagerImplTest:0.35333333333333333
TodosManagerImpl:0.3466666666666667
