FilterInvocation:0.38
HttpSecurityBeanDefinitionParserTests:0.36333333333333334
DefaultFilterInvocationSecurityMetadataSource:0.35
FilterChainProxy:0.34
DummyResponse:0.33
DefaultWebInvocationPrivilegeEvaluator:0.32
DefaultFilterInvocationSecurityMetadataSourceTests:0.26666666666666666
HttpSecurityBeanDefinitionParser:0.19666666666666666
HttpConfigurationBuilder:0.19666666666666666
FilterChainProxyConfigTests:0.19333333333333333
DefaultWebInvocationPrivilegeEvaluatorTests:0.125
FilterInvocationSecurityMetadataSourceParser:0.09166666666666666
FilterChainMapBeanDefinitionDecorator:0.08666666666666667
DummyRequest:0.08333333333333333
ExpressionBasedFilterInvocationSecurityMetadataSource:0.06666666666666667
DefaultFilterChainValidator:0.058333333333333334
