jOOQAbstractTest:0.4166666666666667
Utils:0.3627777777777778
CRUDTests:0.32666666666666666
AbstractRecord:0.27666666666666667
DAOImpl:0.25666666666666665
