DatabaseWriter:0.6166666666666667
AbstractWriterTest:0.29
DatabaseWriterTest:0.24666666666666667
JdbcUtils:0.19
DefaultDatabaseWriterConflictResolver:0.18888888888888888
