SequenceSelector:0.8633333333333333
SeqSelectorTable:0.25
SeqSelSwingWorker:0.14666666666666667
TableSelector:0.13
