AbstractChemObjectDiffTest:0.47333333333333333
AtomTypeDiff:0.39
MdiffTests:0.36333333333333334
AbstractChemObjectDiff:0.19333333333333333
AtomTypeDiffTest:0.12
