SimpleQueryTests:0.5166666666666667
SimpleQueryParser:0.36333333333333334
Settings:0.31333333333333335
SimpleQueryStringParser:0.23666666666666666
SimpleQueryStringBuilder:0.20666666666666667
