EnumNameUserType:0.3911111111111111
EnumOrdinalUserType:0.35083333333333333
EnumCodeUserType:0.35083333333333333
AbstractEnumUserType:0.32666666666666666
