CodeStyleTest:0.51
HTMLSelectElementTest:0.4755555555555556
NamedNodeMapTest:0.4066666666666667
