Property:0.695
EditViewFactory:0.28
PropertyAddress:0.23666666666666666
Edit:0.23
PropertyMedia:0.22333333333333333
PropertyEvent:0.17
PropertySource:0.145
PropertyRepository:0.145
PropertyFam:0.14
PropertyIndividualAttribute:0.14
PropertyIndi:0.12666666666666668
Delete:0.10333333333333333
CreateStandalone:0.05
Change:0.04
Create:0.03333333333333333
