VariableDefinition:0.62
ProcessExecutionException:0.44578571428571434
Task:0.2633333333333333
Swimlane:0.24
Deployment:0.2277777777777778
ExecutionContext:0.22
FormSubmissionUtils:0.17666666666666667
BulkDeployProcessDefinitionAction:0.13333333333333333
DelegateDefinitionVariableProvider:0.11333333333333333
RhinoJSActionHandler:0.09
JavaScriptActionHandler:0.08
