StepExecution:0.49
StepContribution:0.34
ItemSkipPolicyItemHandlerTests:0.2633333333333333
ItemOrientedStep:0.21800000000000003
SkipLimitStepFactoryBean:0.19
SkipLimitStepFactoryBeanTests:0.17666666666666667
SkipReaderStub:0.14666666666666667
SkipListenerSupport:0.03
