IStagedResource:0.8607539682539683
StagedResource:0.6566666666666666
StagingManager:0.32666666666666666
