CtrlState:0.6133333333333333
CtrlSchedule:0.5333333333333333
