ConfirmationPopupHelper:0.39555555555555555
Messages:0.3430555555555555
EnvImpl:0.32
RedeployDefinitionFormTag:0.30333333333333334
StartProcessTDBuilder:0.25333333333333335
