PyFile:0.8433333333333334
__builtin__:0.43333333333333335
FileUtil:0.24
OpenFunction:0.16333333333333333
