TrustedAuthenticationConfiguration:0.7333333333333333
OidcAuthorizeEndpointController:0.5955555555555555
