Coin:0.6633333333333333
Fiat:0.6433333333333333
