Factory:0.45666666666666667
jOOQAbstractTest:0.29333333333333333
Settings:0.29
SchemaAndMappingTests:0.24666666666666667
MappedTable:0.22666666666666666
MappedSchema:0.21666666666666667
AbstractQuery:0.20666666666666667
RenderMapping:0.2
Rendering:0.19666666666666666
Execution:0.18333333333333332
AbstractQueryPart:0.18
