AndroidApplicationConfiguration:0.8933333333333333
AndroidGraphics:0.6755555555555556
AndroidApplication:0.41
FullscreenTest:0.25333333333333335
CullTest:0.16333333333333333
