Robolectric:0.64
ShadowSQLiteDatabase:0.44333333333333336
SQLiteDatabaseTest:0.25666666666666665
TestCursor:0.16777777777777778
AbstractCursorTest:0.14
