Product:0.61
ISBNValidator:0.36333333333333334
Order:0.26666666666666666
