HL7ServerService:0.57
MPPS2ORMService:0.43
PrefetchService:0.3233333333333333
ADTService:0.30333333333333334
ORUService:0.24666666666666667
ORMService:0.24666666666666667
