NetworkTab:0.38333333333333336
SearchTab:0.37333333333333335
BrowseHostAction:0.20333333333333334
SelectionHandler:0.13333333333333333
