ZoomToScalePlugIn:0.47333333333333333
SaveImageAsSVGPlugIn:0.42333333333333334
ScreenScale:0.42333333333333334
