TypePanel:0.46
FeatureProperty:0.44666666666666666
ApolloFrame:0.26166666666666666
FileMenu:0.225
