AppendingValidatorContext:0.5066666666666667
DefaultActionValidatorManager:0.34
AnnotationActionValidatorManager:0.34
VisitorFieldValidatorTest:0.10666666666666667
