DisseminationService:0.4866666666666667
DefaultAccess:0.4266666666666667
