Line:0.6533333333333333
Subcorpus:0.46888888888888897
