Graphics:0.84
Box2DTest:0.35333333333333333
AndroidGraphics:0.32666666666666666
JoglGraphics:0.2633333333333333
