Vehicle:0.49333333333333335
Inventory:0.4633333333333333
MasterClock:0.36333333333333334
Settlement:0.35333333333333333
Farming:0.35
SurfMarsMap:0.32022222222222224
Treatment:0.31
EventTableModel:0.29333333333333333
CannedMarsMap:0.28
Cooking:0.27666666666666667
TableBarDataset:0.27666666666666667
VehicleConfig:0.2625
SettlementConfig:0.25333333333333335
MapPanel:0.24666666666666667
MonitorWindow:0.24333333333333335
ImageLoader:0.24
AmountResourcePhaseStorage:0.23
UnitWindow:0.22333333333333333
ResourceProcessingBuildingPanel:0.22
TableSorter:0.21916666666666668
ColumnSelector:0.21666666666666667
MissionDataBean:0.21166666666666667
TablePieDataset:0.21083333333333334
SkillTableModel:0.21
CookMeal:0.20888888888888887
MaintenanceTabPanel:0.20666666666666667
MalfunctionableBuildingPanel:0.20666666666666667
MedicalConfig:0.20333333333333334
MissionTableModel:0.20333333333333334
LocalMissionManagerListener:0.20166666666666666
Sleep:0.20166666666666666
MedicalAssistance:0.2
MedicalManager:0.2
MainDesktopPane:0.2
ResearchScience:0.2
NavpointTableModel:0.19666666666666666
MedicalStation:0.18666666666666668
TendGreenhouse:0.18533333333333335
TradeTableModel:0.18333333333333332
NavpointEditLayer:0.18
MarsGlobe:0.17333333333333334
ResupplyManager:0.16555555555555554
Relax:0.165
Workout:0.165
EatMeal:0.16333333333333333
CreateMissionWizard:0.16333333333333333
VehicleTableModel:0.16333333333333333
SettlementTableModel:0.16333333333333333
ResourceTableModel:0.16333333333333333
TableProperties:0.16333333333333333
BuildingPanel:0.15333333333333332
PieChartTab:0.15166666666666667
MissionListModel:0.15
UnitToolBar:0.14666666666666667
InfoPanel:0.13333333333333333
TableTab:0.13333333333333333
VehicleTrailMapLayer:0.12
CropConfig:0.11333333333333333
ToolToolBar:0.11
