DeterministicKeyChain:0.5833333333333334
DeterministicKey:0.5272222222222223
