ClassLoaderServiceImpl:0.47
CoreMessageLogger:0.31666666666666665
AggregatedClassLoader:0.2633333333333333
StandardServiceRegistryBuilder:0.24444444444444446
MetadataBuildingProcess:0.18666666666666668
OSGiClassLoaderServiceImpl:0.14666666666666667
ClassLoaderServiceImplTest:0.14333333333333334
