CreatePDFWith2DStructures:0.24333333333333335
CreatePNGWith2DStructures:0.21666666666666667
CreateJPGWith2DStructures:0.21666666666666667
CreateSVGWith2DStructures:0.21666666666666667
