X_C_BOE:0.6433333333333333
VBoeGen:0.33
MAllocationLine:0.31
Doc_Allocation:0.1877777777777778
Doc_BOEStatement:0.14666666666666667
BOERefinance:0.14
