FolderModule:0.7438888888888888
ManageRuntimeStatisticsController:0.33
BaseFolderModule:0.24333333333333335
WebKeys:0.014444444444444444
