HazelcastClient:0.44666666666666666
ConnectionManager:0.3433333333333333
OutRunnable:0.3433333333333333
InRunnable:0.23333333333333334
ProxyHelper:0.19
ConnectionManagerTest:0.15
HazelcastClientClusterTest:0.12333333333333334
