ShadowAccessibilityEvent:0.5566666666666666
ShadowAccessibilityNodeInfoTest:0.31333333333333335
ShadowAccessibilityWindowInfoTest:0.21666666666666667
