Config:0.8166666666666667
FactoryImpl:0.4
ThreadContext:0.38666666666666666
SpringXmlConfigBuilder:0.3433333333333333
Serializer:0.2277777777777778
SpringXmlBuilder:0.18333333333333332
