HashLookupPos:0.7302777777777778
HashSegmentIteration:0.44
MapEntryStages:0.3466666666666667
IterationSegmentStages:0.08
