CMLHandler:0.6233333333333333
AtomMappingTools:0.19666666666666666
