ModelCache:0.8077777777777778
TouchFocus:0.18333333333333332
