Configuration:0.7266666666666667
EftarFileReader:0.49333333333333335
PageConfig:0.26666666666666666
EftarFileTest:0.24333333333333335
