ParsedReaderResultTestCase:0.7283333333333334
SMSMMSResultParser:0.14
URLTOResultParser:0.14
TelResultParser:0.14
GeoResultParser:0.14
EmailAddressResultParser:0.10333333333333333
