CubicSplineInterpolation:0.76
CubicSpline:0.6333333333333333
NaturalMonotonicCubicSpline:0.023333333333333334
NaturalCubicSpline:0.0
MonotonicCubicSpline:0.0
