Page:0.54
MActionInfo:0.4683333333333333
PluginManager:0.3233333333333333
MSettingsDialog:0.31666666666666665
MSettingsPage:0.2866666666666667
