AtomTypeFactory:0.5755555555555555
OWLAtomTypeHandler:0.5466666666666666
OWLAtomTypeReader:0.235
