MyTestTemplateTestCase:0.5433333333333333
TestTemplateInvocationTests:0.36
TestTemplateInvocationContext:0.15811111111111112
InvocationContextProviderWithCustomizedDisplayNames:0.15694444444444444
