ILock:0.6166666666666667
IMap:0.59
CMap:0.48333333333333334
ConcurrentMapManager:0.26666666666666666
MProxyReal:0.26
ClientHandlerService:0.23
HazelcastClientMapTest:0.22666666666666666
LockClientProxy:0.21333333333333335
MProxyImpl:0.20277777777777778
MapClientProxy:0.19333333333333333
LockProxyBase:0.17333333333333334
LockProxyImpl:0.17333333333333334
MapIsKeyLockedHandler:0.06333333333333334
ClusterLockTest:0.05
MLock:0.041111111111111105
IsKeyLockedOperationHandler:0.023333333333333334
IsLockedOperationHandler:0.016666666666666666
HazelcastClientLockTest:0.006666666666666667
