ASMBackend:0.5
TestAll:0.25666666666666665
CodeGeneratorBackend:0.235
CodeGenerator:0.11
ProcessSwitchCallback:0.06333333333333334
