AgentBuilderDefaultTest:0.44
Appender:0.31666666666666665
FooBar:0.3027420634920635
FixedValue:0.3
FixedValueTest:0.21666666666666667
FooBarQuxBaz:0.013055555555555556
QuxBaz:0.013055555555555556
