DBTest:0.39
SecondaryReadTest:0.38
DBCollectionTest:0.3566666666666667
JavaClientTest:0.29333333333333333
DBTests:0.21333333333333335
AggregationTest:0.18
