RubyCore:0.7666666666666667
TC_RubyViewerFilter:0.3075
NewProjectCreationWizard:0.27666666666666667
TC_RubyCore:0.1
