AtomEditor:0.5433333333333333
EditChemObjectPropsAction:0.27666666666666667
