App:0.7671111111111112
ActionLoadLastOpen:0.22944444444444442
