LdapSyncThread:0.47
LdapModuleImpl:0.44666666666666666
EditLdapConfigDlg:0.3333333333333333
GwtLdapHelper:0.17111111111111113
