HopClassDescriptor:0.5166666666666667
CompilerMethodDescriptor:0.3466666666666667
HopFileDescriptor:0.3333333333333333
CompilerClassDescriptor:0.2866666666666667
CompilerFileDescriptor:0.12555555555555556
