PubmedFetcher:0.5383333333333333
AgricolaFetcher:0.5333333333333333
