DbOomManager:0.7833333333333333
DbEntitySql:0.33
MatchChunk:0.22666666666666666
InsertChunk:0.20333333333333334
UpdateSetChunk:0.18666666666666668
