QProxy:0.6563333333333333
TopicProxy:0.6183333333333333
QProxyImpl:0.39666666666666667
FactoryImpl:0.36333333333333334
TopicProxyImpl:0.36
ListenerManager:0.26666666666666666
TopicInstance:0.22
MemberStateImpl:0.20333333333333334
