WebClient:0.6766666666666666
Anchor:0.45666666666666667
WebClientTest:0.25333333333333335
AnchorTest:0.25
HtmlFormTest:0.22666666666666666
HtmlForm:0.20583333333333337
