MeshPart:0.54
Node:0.4166666666666667
ModelInstance:0.3888888888888889
