RedissonDelayedQueue:0.55
RedissonFairLock:0.36
RedissonLocalCachedMap:0.30333333333333334
RedissonPermitExpirableSemaphore:0.24666666666666667
