FolderSubmitCtrl:0.6533333333333333
PatientUpdateCtrl:0.27666666666666667
StudyUpdateCtrl:0.27666666666666667
SeriesUpdateCtrl:0.25666666666666665
PatientMergeCtrl:0.15333333333333332
