ItemOrientedStepTests:0.4866666666666667
ItemOrientedStep:0.4568888888888889
NeverRollbackTransactionAttribute:0.21166666666666667
