HazelcastTestSupport:0.5016666666666667
BasicMapTest:0.41111111111111115
MapLoaderFailoverTest:0.34
