NetworkPane:0.4844444444444444
SelectNetworkDialog:0.36333333333333334
SwitchNetworkAction:0.29
DirectoriesPane:0.2833333333333333
