TrashFolderForm:0.49
FolderPermissions:0.49
FolderSubmitCtrl:0.37666666666666665
TrashFolderCtrl:0.36333333333333334
UserAdminDelegate:0.3433333333333333
Dcm4cheeFormController:0.09333333333333334
