Simulator:0.7333333333333333
GrooveFileChooser:0.36333333333333334
