RaMasterApi:0.47400000000000003
ConcurrentCache:0.38
RemoteAccessSetCacheHolder:0.33666666666666667
ComplexAccessControlSessionBean:0.30333333333333334
RaMasterApiLocalImpl:0.19333333333333333
EnterpriseEditionEjbBridgeSessionLocal:0.14277777777777778
EnterpriseEditionEjbBridgeSessionBean:0.14277777777777778
RaMasterApiProxy:0.11666666666666667
EnterpriseEjbLocalHelper:0.06666666666666667
RemoteAccessSetCacheHolderTest:0.04666666666666667
