LandingPageProperties:0.5166666666666667
GwtLandingPageProperties:0.43333333333333335
GwtServerHelper:0.4266666666666667
DefinitionHelper:0.28
ConfigData:0.23666666666666666
LandingPagePropertiesDlgBox:0.19666666666666666
DefinitionModuleImpl:0.1877222222222222
