ShardCleanerConfig:0.7133333333333334
ShardCleaner:0.4766666666666667
TestShardCleanerConfig:0.25666666666666665
TestShardCleaner:0.24666666666666667
