WorkerPool:0.38
VertxImpl:0.31
MultiThreadedWorkerContext:0.30666666666666664
WorkerContext:0.2922222222222222
VertxMetrics:0.29003968253968254
EventLoopContext:0.24
ContextImpl:0.23111111111111116
DummyVertxMetrics:0.22333333333333333
FakeVertxMetrics:0.20666666666666667
NamedWorkerPool:0.17
MetricsTest:0.12666666666666668
DummyWorkerPoolMetrics:0.09833333333333333
