WrongNetwork:0.4583333333333333
WalletTool:0.31666666666666665
LegacyAddress:0.2966666666666667
Address:0.25066666666666665
LegacyAddressTest:0.20666666666666667
DumpedPrivateKey:0.20333333333333334
SegwitAddress:0.17833333333333334
