PublisherSessionBean:0.5516666666666666
PublisherProxySessionRemote:0.36666666666666664
PublisherSessionTest:0.2833333333333333
PublisherProxySessionBean:0.18
