PrinterService:0.6094444444444443
ScannerCalibration:0.44333333333333336
PrinterServiceMBean:0.43333333333333335
