DriverConductorTest:0.63
DriverConductor:0.5533333333333333
ReceiverProxy:0.27666666666666667
