Graphics:0.8233333333333334
AndroidGraphics:0.4
LwjglGraphics:0.31333333333333335
JoglGraphics:0.21333333333333335
LwjglDebugStarter:0.16
