TermAppenderTest:0.5966666666666667
TermAppender:0.5333333333333333
