TypePanel:0.6777777777777778
CheckBoxListModel:0.44166666666666665
