LayerUpdater:0.47
BaseMultiLayerUpdater:0.37
UpdaterBlock:0.29444444444444445
Model:0.29333333333333333
UpdaterCreator:0.14333333333333334
