DiscoverySpiTest:0.5433333333333333
ClientCachePartitionIteratorTest:0.3
ClientMapPartitionIteratorTest:0.2866666666666667
SleepingCallable:0.28583333333333333
TaskProcessor:0.25333333333333335
SPIAwareMemberGroupFactory:0.1580952380952381
