ObservableSet:0.5027777777777778
StatePanel:0.30666666666666664
LTSPanel:0.3
