Entry:0.39666666666666667
Data:0.36333333333333334
PartitionServiceImpl:0.3333333333333333
SymmetricEncryptionConfig:0.32
SerializableXID:0.25
XmlConfigBuilder:0.19666666666666666
DefaultAddressPicker:0.18666666666666668
HealthMonitor:0.16833333333333333
MapProxySupport:0.16666666666666666
TimedMemberStateFactory:0.16333333333333333
DataAdapter:0.15333333333333332
RepartitioningTask:0.14166666666666666
MigrationRequestOperation:0.11666666666666667
