Tree:0.33666666666666667
InMemoryLookupCache:0.33666666666666667
VocabWord:0.3333333333333333
BaseLayer:0.2966666666666667
Sequence:0.2752777777777778
