TextView:0.44
Toolbar:0.43666666666666665
SavedState:0.3505555555555555
Spinner:0.23666666666666666
