JdbcJobRepositoryTests:0.34
AbstractBatchLauncherTests:0.25333333333333335
StagingItemReaderTests:0.25
RestartFunctionalTests:0.18333333333333332
GracefulShutdownFunctionalTest:0.14666666666666667
StagingItemProcessorTests:0.10333333333333333
