ProviderManager:0.5666666666666667
SecurityContextHolder:0.42333333333333334
AuthenticationDetailsSourceImpl:0.25666666666666665
WebAuthenticationDetailsSource:0.18666666666666668
