Broadcaster:0.9233333333333333
DefaultBroadcaster:0.4038888888888889
JMSBroadcaster:0.3433333333333333
