Validator:0.4033333333333333
QueryResult:0.35
VerifierQueryEvent:0.3233333333333333
Verifier:0.30333333333333334
