MathUtils:0.6433333333333333
MatrixUtil:0.4666666666666667
RBM:0.3233333333333333
DBNTest:0.20020634920634922
BaseNeuralNetwork:0.19
CRBMTest:0.1138888888888889
IrisDBNTest:0.1
MnistDbnTest:0.1
IrisUtils:0.07
DeepLearningTest:0.06333333333333334
ArrayUtil:0.04666666666666667
LogisticTest:0.01
