AbstractTraversableOnceTest:0.6044444444444445
IteratorTest:0.4266666666666667
