ObjectiveCHeaderGenerator:0.48333333333333334
ObjectiveCImplementationGenerator:0.44333333333333336
ObjectiveCSourceFileGenerator:0.42916666666666664
