TestCompactionSetCreator:0.5866666666666667
TemporalCompactionSetCreator:0.4866666666666667
