SBMLDocument:0.6066666666666667
SBMLResource:0.47
SBMLResourcePropertySource:0.16333333333333333
SBMLDocumentTest:0.023333333333333334
