SwingComponentNode:0.2733333333333333
UIPropertiesDialog:0.2633333333333333
UIPropertiesConfiguration:0.24
SwingPropertiesConstructor:0.24
LongValue:0.2227777777777778
ConnectorXMLDFHandler:0.21333333333333335
UIPropertiesPlugin:0.20333333333333334
JFXPropertiesConstructor:0.19333333333333333
MessagePanelFactory:0.18333333333333332
UIComponentNode:0.14666666666666667
UIPropertiesSettings:0.14333333333333334
UIPropertiesUtilities:0.06333333333333334
AbstractShrinkingAction:0.03
JFXShrinkingAction:0.02
SwingShrinkingAction:0.02
