DiscoveryNode:0.6536666666666666
ClusterModule:0.37333333333333335
Ec2DiscoveryPlugin:0.29
AwsEc2ServiceImpl:0.25
AWSSignersTests:0.20666666666666667
