ExpirationTimeSetter:0.38333333333333336
EvictionTest:0.36833333333333335
ExpirationTimeTest:0.35833333333333334
