BinaryPacketProto:0.5719444444444445
BinaryChannelTransferObject:0.4422222222222222
