OsgiServiceCollectionProxyFactoryBean:0.7166666666666667
RetryTemplate:0.3233333333333333
BundleFactoryBean:0.29333333333333333
OsgiServiceAnnotationTest:0.22
ServiceReferenceDelegate:0.21972222222222218
ServiceReferenceInjectionBeanPostProcessor:0.215
DebugUtils:0.21333333333333335
OsgiServiceProxyFactoryBean:0.21
PublishingServiceFactory:0.19666666666666666
OsgiServiceLifecycleListenerAdapter:0.19666666666666666
OsgiReferenceCollectionNamespaceHandlerTest:0.19666666666666666
AbstractServiceProxyCreator:0.18
MultiServiceProxyFactoryBeanTest:0.17333333333333334
OsgiServiceStaticInterceptor:0.17
OsgiServiceFactoryBean:0.16666666666666666
OsgiServiceDynamicInterceptor:0.16444444444444442
OsgiDefaultsTests:0.14
CollectionBeanDefinitionParser:0.13666666666666666
OsgiMultiServiceProxyFactoryBeanTest:0.13666666666666666
ServiceRefAwareWithMultiServiceTest:0.12333333333333334
OsgiServiceTCCLInterceptor:0.10333333333333333
ImportedOsgiServiceProxyAdvice:0.06333333333333334
OsgiServiceReferenceComparator:0.06333333333333334
