JmhRunner:0.5266666666666666
Update:0.19661111111111113
Prepend:0.12083333333333333
Append:0.12083333333333333
Get:0.12083333333333333
Iterate:0.12083333333333333
Sort:0.12083333333333333
Add:0.052388888888888895
