Context:0.5533333333333333
Configuration:0.36666666666666664
ClusteredServiceAgent:0.31
SequencerAgent:0.3
DriverConductorTest:0.21
IpcPublicationTest:0.12
