ViewProcessor:0.4533333333333333
ForwardView:0.31666666666666665
ModuleProcessor:0.28
FailProcessor:0.12666666666666668
