TestBean:0.31333333333333335
CompendiumNamespaceHandler:0.12666666666666668
ManagedPropertiesDefinitionParser:0.1
ExoticType:0.062222222222222213
ManagedPropertiesTest:0.03666666666666667
ExoticTypeCustomEditor:0.02666666666666667
