AbstractModuleVisitor:0.43333333333333335
QedeqVisitor:0.43333333333333335
QedeqNotNullTraverser:0.4066666666666667
