XmlConfigBuilder:0.4066666666666667
BuildInfoProvider:0.29
ClusterUpgradeTest:0.29
BuildInfoProviderTest:0.2633333333333333
TestClusterUpgradeUtils:0.2633333333333333
