Layer:0.74
FrozenLayer:0.5033333333333333
LayerValidation:0.24666666666666667
TestKryo:0.23666666666666666
