InstallerCommandLine:0.38333333333333336
TypePage:0.29
TextKeys:0.2067222222222222
OverviewPage:0.18666666666666668
RadioButtonListener:0.16861111111111113
JarInstaller:0.11666666666666667
