ResourceLoader:0.41
PluralResourceLoader:0.36333333333333334
PluralRules:0.24333333333333335
FakeResourceLoader:0.21583333333333332
ShadowResources:0.21333333333333335
PackageResourceLoader:0.1827777777777778
XResourceLoader:0.17666666666666667
PluralResourceLoaderTest:0.17
OverlayResourceLoader:0.13666666666666666
RoutingResourceLoader:0.13
