HTMLMenuElementTest:0.6433333333333333
HTMLMenuElement:0.17666666666666664
