Info:0.48833333333333334
MainWindow:0.43333333333333335
Tabs:0.295
DesktopPanel:0.2868333333333334
PropertiesBar:0.2833333333333333
SearchBar:0.25333333333333335
EditorQuickFind:0.24055555555555558
Sidebar:0.18666666666666668
