Metadata:0.59
ImportColumnHandle:0.42
MetadataDao:0.2653333333333333
TestingMetadata:0.18666666666666668
MetadataManager:0.17666666666666667
ImportMetadata:0.125
DatabaseMetadata:0.125
ImportDataStreamProvider:0.06333333333333334
