BeanUtil:0.6566666666666666
BeanPrefixTest:0.3566666666666667
BeanProperty:0.35
BeanUtilUtil:0.19666666666666666
