AseDdlBuilder:0.4802777777777777
SqlAnywhereDdlBuilder:0.41
AseDdlReader:0.2955555555555555
AseTriggerTemplate:0.25888888888888884
