DateTimeParam:0.57
AbstractParam:0.44666666666666666
DatastreamResource:0.28
DateTimeParamTest:0.07333333333333333
