MetadataUpdateCommand:0.6016666666666667
DeleteDocumentSetCommand:0.42
UpdateDocumentEntryMetadataCommand:0.15333333333333332
DeleteDocumentSetCommandValidator:0.09666666666666666
