AlterTableStep:0.7911111111111111
AlterTableImpl:0.6957777777777778
