Beans:0.6966666666666667
SqrlGenerateQRAction:0.18444444444444444
SqrlConfiguration:0.18333333333333332
JpaConfigDataHolder:0.13666666666666666
