ElValue:0.6933333333333334
BooleanElValue:0.37666666666666665
PojoElValue:0.29333333333333333
IntegerElValue:0.21
FloatElValue:0.21
LongElValue:0.21
NullElValue:0.2
UndefinedElValue:0.2
ElTest:0.14333333333333334
