SearchTransportService:0.5166666666666667
TransportSearchScrollAction:0.33922222222222215
TransportClearScrollAction:0.33922222222222215
