SecondaryBinder:0.41333333333333333
Result:0.34416666666666673
ThrowingProviderMethod:0.3433333333333333
ThrowingProviderMethodsModule:0.2833333333333333
ThrowingProviderBinder:0.1322222222222222
