Latex2Utf8Parser:0.8166666666666667
Qedeq2Utf8:0.32666666666666666
