CSSStyleDeclaration:0.62
RecursiveFunctionObject:0.29
JavaScriptConfigurationTest:0.18666666666666668
HostConstantsTest:0.17333333333333334
WebGLContextEventTest:0.16333333333333333
