MetadataSupport:0.8111111111111111
Attribute:0.4522222222222222
SqParams:0.45
