Layer:0.4033333333333333
TestUpdaters:0.32666666666666666
Builder:0.043333333333333335
LayerwiseConfigurationTest:0.03666666666666667
