InternalPercentiles:0.5066666666666667
AggregationBuilders:0.44666666666666666
TransportAggregationModule:0.4266666666666667
PercentilesAggregator:0.37666666666666665
AggregationModule:0.30333333333333334
Iter:0.2188888888888889
PercentilesParser:0.15333333333333332
