AnnotationTest:0.34
JUnit4MethodRunner:0.32
Notifier:0.23333333333333334
TheoryAnchor:0.18805555555555556
BeforeAndAfter:0.18
Timeout:0.14
Ignored:0.13333333333333333
TheoryMethodRunner:0.12
ExpectedException:0.11
NoExpectedException:0.02666666666666667
MethodRunner:0.026388888888888885
