Dao:0.6466666666666666
Trans:0.3233333333333333
Jdbcs:0.2866666666666667
NutDao:0.2733333333333333
SimpleDaoTest:0.23333333333333334
AnnotationIocLoader:0.22672222222222221
SqlExpressionGroup:0.21666666666666667
EntityHolder:0.18666666666666668
LinksGeneralTest:0.18333333333333332
El2Test:0.13666666666666666
ComboIocLoader:0.13499999999999998
AnnotationEntityMaker:0.10666666666666667
SimpleTransTest:0.07333333333333333
NutDaoExecutor:0.006666666666666667
