JSONObject:0.4533333333333333
FieldSerializer:0.3433333333333333
JavaBeanSerializer:0.3433333333333333
MapSerializer:0.2733333333333333
DefaultJSONParser:0.2733333333333333
SerializeConfig:0.22583333333333333
