Peer:0.58
NetworkConnection:0.43666666666666665
InventoryMessage:0.32
GetDataMessage:0.17666666666666667
