OpenIDAuthenticationToken:0.52
HttpSecurityBeanDefinitionParserTests:0.4
OpenID4JavaConsumer:0.35
OpenIDAuthenticationProviderTests:0.23666666666666666
HttpSecurityBeanDefinitionParser:0.21333333333333335
MockOpenIDConsumer:0.21333333333333335
OpenIDAuthenticationProvider:0.2
InterceptMethodsBeanDefinitionDecoratorTests:0.14333333333333334
OpenIDConsumer:0.10666666666666667
InternalInterceptMethodsBeanDefinitionDecorator:0.09333333333333334
Elements:0.023333333333333334
