SummaryData:0.1732693
SummaryPanel:0.09337381
