AbstractCacheService:0.64
CacheEventHandler:0.2866666666666667
MetaDataGenerator:0.24333333333333335
