HazelcastTimestamper:0.6233333333333333
HazelcastCache:0.4805555555555555
AbstractHazelcastRegion:0.4166666666666667
