CVSBootstrapperTest:0.7366666666666667
SVNBootstrapperTest:0.35777777777777775
