Preferences:0.6583333333333333
ViewSearchResults:0.29
AbstractEntryDialog:0.21
DefaultFileDialog:0.19
TransferLibrarySelectionAdapter:0.12666666666666668
