PersistencyHandler:0.44333333333333336
DatabaseHandler:0.3933333333333333
FileHandler:0.38333333333333336
DatabaseInit:0.32476190476190475
WikiBase:0.2633333333333333
ConvertVQWiki:0.20444444444444446
