SecurityConfig:0.49666666666666665
SpnegoFilter:0.48333333333333334
TestSecurityConfig:0.37333333333333335
ServerSecurityModule:0.23
