HyperLogLogPlus:0.74
Varint:0.3
TestHyperLogLogPlus:0.24666666666666667
Builder:0.20333333333333337
UnsignedIntComparator:0.016666666666666666
