Starter:0.8066666666666666
StarterTest:0.38333333333333336
TestVerticle:0.37333333333333335
