jEdit:0.73
View:0.49333333333333335
GUIUtilities:0.39666666666666667
HelpViewer:0.27
DockableWindowManagerImpl:0.2
BrowserView:0.18
OptionsDialog:0.17666666666666667
AppearanceOptionPane:0.16333333333333333
ResizeMouseHandler:0.16
RegisterViewer:0.155
InstallPanel:0.14666666666666667
