StateTracker:0.7533333333333333
HazelCastStateTracker:0.42333333333333334
Job:0.42
BaseMultiLayerNetwork:0.3933333333333333
WorkerActor:0.3466666666666667
Convolution:0.2725
MasterActor:0.26666666666666666
ActorNetworkRunner:0.22333333333333333
Tensor:0.20333333333333334
BatchActor:0.20333333333333334
ConvolutionalDBN:0.19666666666666666
MnistConvNet:0.08666666666666667
MultiThreadedTweetOpinionMining:0.06666666666666667
HazelCastStateTrackerTest:0.01
