CommonEjbcaWS:0.38666666666666666
CliAuthenticationTest:0.28777777777777774
CaTestCase:0.27166666666666667
AccessTree:0.195
AccessControlSessionBeanTest:0.18
ComplexAccessControlSessionBean:0.16666666666666666
AccessRuleManagementSessionBeanTest:0.14
