IdleResourceInterceptor:0.4533333333333333
Servlet30CometSupport:0.4166666666666667
AtmosphereServiceProcessor:0.12
ManagedServiceProcessor:0.12
MeteorServiceProcessor:0.12
