SingleMapBlock:0.6733333333333333
AbstractSingleMapBlock:0.51
SingleMapBlockWriter:0.3433333333333333
