SWTMouseEventRelay:0.7833333333333333
AddBondDragModule:0.3655555555555556
