GenericTypeDescription:0.4266666666666667
AbstractGenericTypeDescriptionTest:0.3333333333333333
AbstractTypeDescriptionTest:0.2733333333333333
ForGenericArray:0.2633333333333333
ForInstrumentedTypeHierarchy:0.22833333333333333
AbstractBase:0.20333333333333334
ForExistingField:0.1811111111111111
