QueryTranslatorImpl:0.44
IteratorImpl:0.4166666666666667
ReadOnlySessionTest:0.36666666666666664
QueryLoader:0.31666666666666665
