ManagementCenterService:0.6566666666666666
SimpleMapTestFromClient:0.3566666666666667
ManagementCenterConfigOperation:0.31
