LookupFactory:0.59
CompletionFieldMapper:0.4066666666666667
XAnalyzingSuggester:0.4033333333333333
GeoPoint:0.34
XContentBuilder:0.33666666666666667
ElasticsearchGeoAssertions:0.2866666666666667
Builder:0.25
GeoHashUtils:0.23333333333333334
CompletionSuggestionContext:0.23333333333333334
GeoFilterTests:0.21333333333333335
SuggestionBuilder:0.19
AnalyzingCompletionLookupProvider:0.18333333333333332
CompletionPostingsFormatTest:0.17333333333333334
Parser:0.16666666666666666
AnalyzingCompletionLookupProviderV1:0.15333333333333332
XFuzzySuggester:0.13333333333333333
CompletionSuggestParser:0.1
SuggestField:0.08666666666666667
TypeParser:0.07333333333333333
AnalyzingSuggestHolder:0.06666666666666667
Fields:0.043333333333333335
CompletionTerms:0.02
GeohashCellFilter:0.0
