SerializationServiceImpl:0.5991666666666666
StringPartitioningStrategy:0.5506111111111112
StringAndPartitionAwarePartitioningStrategy:0.16666666666666666
