RendererFactory:0.4841666666666667
LayerRendererBridge:0.4033333333333333
SuperLayerPainterImpl:0.22333333333333333
OverlayRenderer:0.21
StyleRangeHandler:0.2
AbstractUIManager:0.18
NumericFormatter:0.15666666666666668
