RubyElementLabels:0.6233333333333333
OpenActionUtil:0.4266666666666667
