DatabaseUtils:0.44666666666666666
ToggleFormLink:0.29
FileSystemTreeTable:0.23
QueueTreeTable:0.21333333333333335
ReportTreeTable:0.21333333333333335
SystemPropertyTreeTable:0.21333333333333335
AddGroupForm:0.2
RemoveLink:0.17333333333333334
CreateOrEditReportPage:0.17
ConfigureReportPage:0.16666666666666666
FileSystemPanel:0.16
DynamicLinkPanel:0.15666666666666668
CreateOrEditReportForm:0.12666666666666668
ReportPanel:0.11333333333333333
ConfigureReportForm:0.11
QueuePanel:0.09888888888888889
SystemInfoPanel:0.09888888888888889
DynamicDisplayPage:0.09666666666666666
DashboardTreeTable:0.06333333333333334
