SarosSession:0.5216666666666666
ISarosSession:0.4633333333333333
SarosSessionStub:0.43333333333333335
