Users:0.5733333333333334
MapFacadeBean:0.5533333333333333
