SeriesBean:0.5966666666666667
PagedImageFilter:0.47333333333333333
ViewCode:0.28
DicomFilter:0.20666666666666667
EffectiveLaterality:0.06
RegroupByLateralityAndOrientationFilter:0.03333333333333333
RegroupMultiframesByInstanceNumberFilter:0.0033333333333333335
