Options:0.7166666666666667
UCrop:0.4166666666666667
BitmapWorkerTask:0.2833333333333333
SampleActivity:0.23
BitmapLoadUtils:0.16
FileUtils:0.04
