AdvancedProperties:0.5666666666666667
DeskletLoader:0.31666666666666665
PropertiesPanel:0.30333333333333334
DeskletWidget:0.21
NewFolderDialog:0.21
UninstallAction:0.16111111111111112
