TxnMultiMapRemoveRequest:0.64
ClientTxnMultiMapProxy:0.35
MultiMapPortableHook:0.15333333333333332
ClientTxnMultiMapTest:0.12666666666666668
