HTMLPlugin:0.6433333333333333
HTMLSourceEditor:0.30333333333333334
HTMLAssistProcessor:0.225
ImageView:0.2088888888888889
XMLEditor:0.20666666666666667
ToggleBreakPointAction:0.17333333333333334
HTMLTemplatePreferencePage:0.17333333333333334
