DBCollection:0.36
DBTCP:0.2866666666666667
Result:0.23494444444444446
Network:0.23
MongoException:0.22333333333333333
MongoInternalException:0.16444444444444445
