SimpleMonitorService:0.56
ResourceServlet:0.3933333333333333
StatisticsPageHandler:0.3233333333333333
ServicesPageHandler:0.13333333333333333
JettyContainer:0.10666666666666667
ProvidersPageHandler:0.1
ConsumersPageHandler:0.1
