LocalUserAdminSessionBean:0.39
TestXKMSKRSS:0.3333333333333333
EjbcaWS:0.2833333333333333
LocalAuthorizationSessionBean:0.27
KeyRecoveryApprovalRequest:0.25666666666666665
TestAuthenticationSession:0.24666666666666667
LocalKeyRecoverySessionBean:0.22666666666666666
TestApprovalEnforcedByCertificateProfile:0.22555555555555554
TestKeyRecovery:0.19666666666666666
RAInterfaceBean:0.19666666666666666
HardTokenAuthorization:0.19666666666666666
Authorizer:0.19
RaKeyRecoverCommand:0.14333333333333334
RaKeyRecoverNewestCommand:0.14333333333333334
