EngineIdFilter:0.47
JUnit5:0.44055555555555564
DefaultLauncherTests:0.36666666666666664
