SuggestionContext:0.68
PhraseSuggestionContext:0.38666666666666666
CompletionSuggestionContext:0.25333333333333335
PhraseSuggestParser:0.22
TransportSuggestAction:0.2
AbstractSuggestionBuilderTestCase:0.19333333333333333
SuggestParseElement:0.19
CompletionSuggester:0.15
PhraseSuggester:0.08666666666666667
ContextAndSuggest:0.05
TermSuggestParser:0.02666666666666667
SuggestContextParser:0.0033333333333333335
