CommunicationsStub:0.5333333333333333
LocalAttributeMetadataImpl:0.4033333333333333
