HTMLDocumentTest:0.43
HTMLOptionElement2Test:0.30666666666666664
History2Test:0.30666666666666664
EventTest:0.26666666666666666
Event2Test:0.26666666666666666
HtmlFormTest:0.25
HTMLAnchorElement2Test:0.25
Node2Test:0.22666666666666666
FocusableElement2Test:0.22
HtmlScript2Test:0.22
HtmlScriptTest:0.22
Window2Test:0.21333333333333335
HTMLFormElementTest:0.19333333333333333
HTMLElement2Test:0.18666666666666668
TopLevelWindowTest:0.16333333333333333
BaseFrameElement2Test:0.09
