Wallet:0.6633333333333333
BlockChain:0.42333333333333334
ChainSplitTest:0.3233333333333333
WalletTest:0.24666666666666667
