AbstractTestQueries:0.6033333333333334
Builder:0.56
SortedPositionLinks:0.3466666666666667
TestPositionLinks:0.20666666666666667
JoinHashSupplier:0.18
