CML:0.7833888888888889
Generate2DCoordinates:0.2966666666666667
SomeCDKFunctionTwo:0.2966666666666667
AddExplicitHydrogens:0.2966666666666667
SMILES2CML:0.28
