MirrorFactory:0.43
FieldVariableImpl:0.3233333333333333
LocalVariableImpl:0.3233333333333333
DefaultVariablesWatcher:0.30666666666666664
