SEMLibrary:0.64
Codd:0.6333333333333333
EulerRunner:0.5633333333333334
