CrateHttpChannelHandler:0.47577777777777785
UserServiceFactory:0.44950000000000007
CrateNettyHttpServerTransport:0.4066666666666667
HttpTransportPlugin:0.25666666666666665
BlobService:0.12333333333333334
AuthenticationProvider:0.04
UserServiceFactoryImpl:0.03666666666666667
