QueryDataResultStream:0.6
MapClientRequestTest:0.39666666666666667
AbstractMapQueryRequest:0.32666666666666666
