ConfigureImportAction:0.45
Invoice4:0.43666666666666665
ImportAction:0.2866666666666667
Invoice5:0.28
ApplicantTest:0.25
ImportDataAction:0.14666666666666667
AppointmentTest:0.12666666666666668
Invoice5Test:0.024166666666666666
