RobolectricTestRunner:0.5533333333333333
InstrumentingClassLoaderTestBase:0.41333333333333333
TestTestIsPrepared:0.25666666666666665
Runner:0.19666666666666666
CustomRobolectricTestRunnerTest:0.19444444444444445
CustomRobolectricTestRunner:0.14666666666666667
WithCustomClassList:0.13666666666666666
WithDefaults:0.13666666666666666
MyConfig:0.03333333333333333
Shadows:0.03
ClassRemappingConfig:0.02666666666666667
MethodInterceptingConfig:0.0
MethodInterceptingClassRemappingConfig:0.0
