NettyResponseFuture:0.4266666666666667
IdleChannelDetector:0.255
PerRequestTimeoutTest:0.19666666666666666
TimeoutsHolder:0.19666666666666666
DefaultChannelPool:0.19
RequestTimeoutTimerTask:0.16777777777777778
ReadTimeoutTimerTask:0.16777777777777778
DateUtils:0.16
