Qedeq2Utf8:0.6153333333333333
Qedeq2Latex:0.5655555555555556
