DFA:0.45666666666666667
DOTGenerator:0.41333333333333333
Resolver:0.2866666666666667
StackLimitedNFAToDFAConverter:0.26
DFAVerifier:0.12666666666666668
