FrameDescriptor:0.68
TermUnblocker:0.43333333333333335
HeaderWriter:0.37105555555555547
