Options:0.6933333333333334
ObjectiveCHeaderGenerator:0.48333333333333334
ObjectiveCHeaderGeneratorTest:0.21333333333333335
