SourceSyntaxPoints:0.65
JspParseData:0.35333333333333333
JavaParseData:0.32666666666666666
PreprocessorClient:0.24661111111111111
