BinderModule:0.8833333333333333
BinderModuleImpl:0.3566666666666667
TrashResponse:0.3542222222222222
TrashHelper:0.32666666666666666
TrashCheckRestoreACLs:0.18611111111111112
TrashRestore:0.18611111111111112
TrashCheckPreDeleteACLs:0.18611111111111112
TrashPreDelete:0.18611111111111112
TrashPurgedBinderTracker:0.12333333333333334
