ShardManager:0.7333333333333333
ShardManagerDao:0.6233333333333333
RaptorMetadata:0.43666666666666665
DatabaseShardManager:0.34
TestRaptorSplitManager:0.21666666666666667
ShardManagerDaoUtils:0.17333333333333334
RaptorInsertTableHandle:0.17333333333333334
TestDatabaseShardManager:0.06
TestShardManagerDao:0.03333333333333333
