GenerateReportAction:0.6366666666666667
Invoices2002Test:0.4066666666666667
