TransactionImpl:0.5
MPut:0.35
CMapTest:0.33666666666666667
TransactionRecord:0.2966666666666667
PassThroughMergePolicy:0.16333333333333333
VersionCheck:0.14577777777777778
