Qedeq2Xml:0.5522222222222222
Qedeq2Latex:0.47
Xml2Latex:0.13666666666666666
