GaussianFilter:0.5765329
GlowFilter:0.2713016
AbstractBufferedImageOp:0.14054349
PixelUtils:0.052787516
BumpFilter:0.0071496554
SharpenFilter:0.0071133217
AverageFilter:0.0063319467
