AbstractBufferedImageOp:0.05496189
DisplaceFilter:0.054804765
MarbleFilter:0.04248471
WaterFilter:0.04201114
DiffuseFilter:0.041589312
ImageMath:0.035244796
BlockFilter:0.025261248
