table:0.5033333333333333
tableOld:0.43
mdd:0.2866666666666667
tableHibernateOld:0.25333333333333335
tableHibernate:0.25
mddOld:0.14
MDDParserTest:0.10666666666666667
MDDParserDiff:0.03666666666666667
