JDBCConnection:0.3376709
JDBCDataSource:0.17585076
JDBCUtil:0.07627357
