JFXComponentsExtractor2Test:0.36333333333333334
CSSCheckerActionTest:0.2833333333333333
JFXComponentsExtractorTest:0.2733333333333333
JFXConverterActionTest:0.23
CSSCheckerAction2Test:0.13333333333333333
ConvertScriptActionTest:0.12666666666666668
ConvertScriptAction2Test:0.12666666666666668
ApplyScriptUACDSActionTest:0.12333333333333334
