DataStructureAssignmentStep:0.46133333333333326
DataStructureAssignmentAction:0.41333333333333333
SodbeansSoundMap:0.24666666666666667
