Tab:0.6516666666666666
BigDecimalValidator:0.37
XSystem:0.19333333333333333
IRequestReportParametersProvider:0.15694444444444444
