JoglGL20:0.5816666666666667
Mesh:0.41
ShaderProgram:0.3333333333333333
AndroidGraphics:0.29
JoglGraphics:0.23666666666666666
Graphics:0.19333333333333333
