ApplicationStore:0.4866666666666667
HazelcastApplicationStore:0.4266666666666667
ApplicationRegistry:0.4166666666666667
SimpleApplicationStore:0.38666666666666666
AdminApplicationHazelcastTest:0.34
HashingApplicationUrlIdGenerator:0.18833333333333332
RegistryController:0.1411111111111111
RegistryControllerTest:0.11666666666666667
HazelcastConfig:0.10666666666666667
ApplicationRegistryTest:0.07666666666666666
ApplicationList:0.0033333333333333335
