Saros:0.3844444444444444
IUPnPService:0.35642857142857143
DataTransferManager:0.25
UPnPServiceImpl:0.23
UPnPUIUtils:0.23
SarosNet:0.22666666666666666
ConfigurationSettingsWizardPage:0.21666666666666667
NetworkPreferencePage:0.21666666666666667
ConfigurationWizard:0.15
UPnPTest:0.12
UPnPAccessImpl:0.006666666666666667
