LdapUtils:0.6275
PasswordManagementWebflowConfigurer:0.5133333333333333
PasswordManagementConfiguration:0.44333333333333336
