RunDatastoreQueryPanel:0.6133333333333333
RunDatastoreQueryPlugIn:0.24555555555555558
EditDataStoreQueryPlugIn:0.22333333333333333
RefreshDataStoreQueryPlugIn:0.2016666666666667
AddNewLayerPlugIn:0.18
