ExceptionHandler:0.85
RepeatTemplate:0.4866666666666667
TaskExecutorRepeatTemplate:0.28
SimpleLimitExceptionHandlerTests:0.22333333333333333
SimpleJobExecutorFacadeTests:0.22
SimpleRepeatTemplateTests:0.18333333333333332
DefaultExceptionHandlerTests:0.18
SimpleLimitExceptionHandler:0.15666666666666668
RethrowOnThresholdExceptionHandler:0.14666666666666667
RepeatInterceptorTests:0.14
RethrowOnThresholdExceptionHandlerTests:0.13333333333333333
LogOrRethrowExceptionHandlerTests:0.12666666666666668
CompositeExceptionHandlerTests:0.12333333333333334
RestartableItemProviderTaskletTests:0.11666666666666667
AsynchronousRepeatTests:0.11666666666666667
SimpleStepExecutorFactoryTests:0.11
DefaultExceptionHandler:0.07333333333333333
SimpleJobTests:0.07333333333333333
LogOrRethrowExceptionHandler:0.06333333333333334
ChunkedRepeatTests:0.06
CompositeExceptionHandler:0.013333333333333334
NflExceptionHandler:0.0033333333333333335
AbstractTradeBatchTests:0.0
