ArrayInterface:0.5633333333333334
Array:0.5133333333333333
ArrayDebug:0.3
ArrayDebugPlugin:0.25666666666666665
ArrayPlugin:0.24333333333333335
