CardView:0.3
ListView:0.2866666666666667
StateAnimator:0.21333333333333335
ScrollView:0.18833333333333332
WidgetsActivity:0.13444444444444442
RippleStateAnimator:0.09666666666666666
ElevationStateAnimator:0.07333333333333333
