MassNumberDifferenceDescriptorTest:0.4066666666666667
StructureResonanceGeneratorTest:0.36916666666666664
BondDescriptorTest:0.22666666666666666
