Vertx:0.8366666666666667
DefaultVertx:0.5033333333333333
DeploymentTest:0.2833333333333333
VertxTestBase:0.22666666666666666
