AddAllele:0.6633333333333333
UpdateAllele:0.6177777777777778
