WebUtils:0.5366666666666666
InitialFlowSetupAction:0.35333333333333333
CasEvent:0.3233333333333333
AuthenticationViaFormAction:0.2861111111111111
CasSupportActionsConfiguration:0.19666666666666666
DefaultCasEventListener:0.16666666666666666
MaxmindDatabaseGeoLocationService:0.14666666666666667
GoogleMapsGeoLocationService:0.14666666666666667
