OAuthAsyncCompletionHandler:0.44666666666666666
NingHttpClient:0.30333333333333334
AhcHttpClient:0.30333333333333334
OkHttpHttpClient:0.29333333333333333
OkHttpHttpClientTest:0.14
OkHttpHttpClientConfig:0.03666666666666667
