StringHelper:0.6633333333333333
TableMetadata:0.41333333333333333
ForeignKeyMetadata:0.2866666666666667
StringTools:0.19333333333333333
EntityBinder:0.13666666666666666
