ComputationGraph:0.5766666666666667
GraphVertex:0.5336785714285714
LayerVertex:0.15
PreprocessorVertex:0.15
DuplicateToTimeSeriesVertex:0.15
ElementWiseVertex:0.15
LastTimeStepVertex:0.15
MergeVertex:0.15
SubsetVertex:0.15
