Listener:0.5664444444444444
DownloadListener:0.3938888888888889
TileMapRenderer:0.36
LwjglApplication:0.24333333333333335
TemplateManager:0.23
TiledMapPacker:0.22666666666666666
AssetManager:0.22
HttpUtils:0.22
DownloadTask:0.22
TiledLoader:0.17533333333333334
