HttpProtocol:0.6766666666666666
JsonUtils:0.5333333333333333
