MainScene:0.7133333333333334
TimeWindow:0.2866666666666667
