Ctags:0.8455555555555555
SearchTest:0.3433333333333333
