RaExceptionHandler:0.5033333333333333
ContentSecurityPolicyFilter:0.37
RaSessionKeepAliveServlet:0.36666666666666664
RaAuthenticationBean:0.36333333333333334
RaHttpSessionListener:0.09666666666666666
