BytecodeToQuad:0.3933333333333333
BasicBlock:0.38
ConditionOperand:0.37333333333333335
RegisterFactory:0.3466666666666667
Quad:0.31333333333333335
ControlFlowGraph:0.30333333333333334
ParamListOperand:0.265
Register:0.255
ExceptionHandlerList:0.25
ExceptionHandler:0.24333333333333335
State:0.24333333333333335
MethodInline:0.09
