JModel:0.5033333333333333
Editor:0.2866666666666667
JGraph:0.2633333333333333
Target:0.2577777777777778
AbstractGraph:0.22666666666666666
ShowHideAction:0.2
FixedDeltaGraph:0.19666666666666666
DeltaGraphCache:0.19138888888888891
StatePanel:0.15666666666666668
