ValueType:0.9016666666666666
Gsons:0.15333333333333332
