BasicInvocationFuture:0.38333333333333336
BasicInvocation:0.36666666666666664
BasicOperationService:0.27
BasicOperationScheduler:0.23833333333333334
HandleBackupTimeoutThread:0.17
GroupProperties:0.08
