CompletionProposal:0.5566666666666666
RubyElementImageProvider:0.34
RubyType:0.27666666666666667
CompletionEngine:0.24333333333333335
CompletionProposalLabelProvider:0.20666666666666667
RubyScriptCompletion:0.20333333333333334
MemberSortLabelProvider:0.11
