ConfigDescription:0.5355555555555556
ResTableConfig:0.426626984126984
ConfigDescriptionTest:0.24333333333333335
