DefaultRenderContext:0.8033333333333333
AbstractContext:0.5266666666666666
DefaultVisitContext:0.4266666666666667
