RedissonListMultimapValues:0.48333333333333334
RListAsync:0.3352222222222222
RedissonList:0.2866666666666667
RedissonSubList:0.28
RedisCommands:0.2720555555555556
RedissonListTest:0.056666666666666664
