ERDesignerComponent:0.4633333333333333
ERDesignerBundle:0.416984126984127
ERDesignerGraph:0.3416666666666667
RelationTool:0.3411111111111111
