AbstractFlowBuilder:0.6751111111111111
BeanFactoryFlowVariable:0.33666666666666667
