Application:0.44
TeamingServiceEndpoint:0.3
TokenInfoRequest:0.28
TokenInfoApplication:0.23333333333333334
ZoneContextHolder:0.21
DefaultProfileCoreProcessor:0.20666666666666667
TeamingServiceClientWithStub:0.19666666666666666
RemoteApplicationManagerImpl:0.16666666666666666
ObjectKeys:0.16
AccessTokenManagerImpl:0.14666666666666667
AdminService:0.13666666666666666
ZoneContextFilter:0.11666666666666667
ManageApplicationsController:0.07333333333333333
TeamingServiceClientWithCall:0.056666666666666664
AdminServiceImpl:0.05333333333333334
ZoneGrabbingFilter:0.03666666666666667
