ControlCenter:0.6166666666666667
LnFBridge:0.4066666666666667
App:0.35333333333333333
LookNFeelPanel:0.10333333333333333
