SearchUtils:0.65
AbstractResource:0.4066666666666667
MyFilesResource:0.24333333333333335
