ScriptConfiguration:0.36
CommonConfiguration:0.35
PluginScriptPanel:0.33
UAScriptManager:0.31333333333333335
JSScriptPanel:0.21333333333333335
XULPanel:0.21333333333333335
LoadScriptPanel:0.1577777777777778
