BaseQueryTestCase:0.8133333333333334
IndicesQueriesRegistry:0.22333333333333333
