GwtMenuHelper:0.4066666666666667
EventHelper:0.32533333333333336
ManageUsersDlg:0.19333333333333333
EntryMenuPanel:0.1575
InvokeUserDesktopSettingsDlgEvent:0.13333333333333333
InvokeUserMobileSettingsDlgEvent:0.13333333333333333
InvokeUserShareSettingsDlgEvent:0.13333333333333333
SetSelectedUserDesktopSettingsEvent:0.12666666666666668
SetSelectedUserMobileSettingsEvent:0.12666666666666668
SetSelectedUserShareSettingsEvent:0.12666666666666668
