Settlement:0.5566666666666666
BuildingConstructionMission:0.38666666666666666
Resupply:0.37
BuildingConnection:0.34
