AnnotationToken:0.5733333333333334
Resolution:0.5433333333333333
TypePoolLazyObjectPropertiesTest:0.2966666666666667
