mddViewer:0.5
ValidationDefinitionViewer:0.37
LineViewer:0.3466666666666667
DefinitionViewer:0.2833333333333333
SourceViewServlet:0.18666666666666668
GeneratedCodeViewer:0.165
