FolderOptionsDlg:0.5166666666666667
GwtTeamingMessages:0.41
ManageMenuPopup:0.35
MenuBarPopup:0.23666666666666666
