TestAPIALite:0.5166666666666667
TestAPIA:0.47333333333333333
TestAPIM:0.31
