IOSGraphics:0.43333333333333335
IOSApplication:0.35333333333333333
IOSInput:0.32666666666666666
HiddenTextField:0.16333333333333333
IOSUIViewController:0.14333333333333334
