MultiMapService:0.30666666666666664
ListProxyImpl:0.16666666666666666
CollectionAddAllOperation:0.11666666666666667
CollectionRemoveBackupOperation:0.11
ListRemoveOperation:0.10333333333333333
CollectionRemoveOperation:0.10333333333333333
CollectionCompareAndRemoveOperation:0.10333333333333333
ListAddOperation:0.10333333333333333
CollectionClearBackupOperation:0.09666666666666666
CollectionClearOperation:0.08666666666666667
ListSetOperation:0.08333333333333333
CollectionAddAllBackupOperation:0.05
CollectionSizeOperation:0.05
ListAddBackupOperation:0.05
ListSubOperation:0.05
ListIndexOfOperation:0.05
CollectionContainsOperation:0.05
ListSetBackupOperation:0.05
ListGetOperation:0.03666666666666667
MultiMapDataSerializerHook:0.013333333333333334
