Name:0.7208333333333333
WindowDefinitionImpl:0.6186666666666667
AbstractName:0.43666666666666665
