Application:0.5433333333333333
AndroidGraphics:0.3333333333333333
IOSGraphics:0.32
GwtApplication:0.2966666666666667
LwjglApplication:0.23333333333333334
AndroidGraphicsLiveWallpaper:0.23
AndroidApplication:0.21666666666666667
LwjglAWTCanvas:0.18
IOSApplication:0.18
AndroidDaydream:0.17666666666666667
AndroidGraphicsDaydream:0.16
LwjglCanvas:0.15333333333333332
AndroidLiveWallpaper:0.14666666666666667
