BulkRequest:0.62
BulkProcessor:0.22333333333333333
MultiSearchRequest:0.19333333333333333
MultiGetRequest:0.18
RestBulkAction:0.14333333333333334
RestMultiGetAction:0.14333333333333334
RestMultiSearchAction:0.14333333333333334
