MapServiceContext:0.75
InternalPartitionServiceImpl:0.4166666666666667
DefaultMapServiceContext:0.36
MapMigrationAwareService:0.29333333333333333
QueryOperation:0.18666666666666668
