StoreScpService:0.39666666666666667
StoreScp:0.38333333333333336
ConsistenceCheckService:0.2966666666666667
MCMScuService:0.27666666666666667
AEService:0.19111111111111112
