IRenderingVisitor:0.4866666666666667
WedgeLineElement:0.3466666666666667
