BatchPresentation:0.7233333333333334
WfServiceTestHelper:0.2733333333333333
Store:0.19
UserInputAuthenticator:0.15
TaskCache:0.14333333333333334
TasksCheckerTask:0.11666666666666667
DefaultBatchPresentationFactory:0.11333333333333333
CoreResources:0.07666666666666666
TaskCacheCtrl:0.07666666666666666
AFProfileStrategy:0.013333333333333334
