Context:0.8466666666666667
Utils:0.46
DefaultRenderContext:0.4066666666666667
AbstractContext:0.23
