Flyway:0.6066666666666667
Main:0.26
AntLargeTest:0.25666666666666665
MavenTestCase:0.25666666666666665
CommandLineLargeTest:0.25333333333333335
AbstractFlywayTask:0.25
SbtLargeTest:0.15333333333333332
AbstractFlywayMojo:0.15333333333333332
DbMigrate:0.065
DbValidate:0.04666666666666667
DbClean:0.04666666666666667
DbRepair:0.043333333333333335
DbInit:0.03666666666666667
