CDKResource:0.5
JCPEditor:0.37666666666666665
JCPMultiPageEditor:0.37
AddHydrogenAction:0.17777777777777778
