HiddenLayer:0.6216666666666667
IrisExample:0.27
CDBN:0.22666666666666666
GaussianRectifiedLinearRBM:0.22666666666666666
