Module:0.6966666666666667
DXAnatomyImagedModule:0.31555555555555553
