MProxy:0.5033333333333333
MIterate:0.2966666666666667
BaseManager:0.29333333333333333
MSize:0.2633333333333333
MContainsValue:0.24333333333333335
CMap:0.2346666666666667
ResponseQueueCall:0.16966666666666666
DefaultPacketProcessor:0.14
MMigrationAwareTargettedCall:0.10666666666666667
MMultiCall:0.01
