JEditTextArea:0.4633333333333333
MouseHandler:0.3433333333333333
Rect:0.325
ParserRuleSet:0.2733333333333333
XModeHandler:0.25333333333333335
Registers:0.234
