LdapUtils:0.49
DirContextHolder:0.45666666666666667
CompensatingTransactionDataManager:0.3952777777777778
ModifyAttributesRecordingOperation:0.11
TransactionAwareDirContextInvocationHandler:0.11
UnbindRecordingOperation:0.03333333333333333
RenameRecordingOperation:0.03
BindRecordingOperation:0.02666666666666667
RebindRecordingOperation:0.02666666666666667
NullRecordingOperation:0.0
