ProtocolOcspHttpTest:0.6333333333333333
OcspJunitHelper:0.48
OCSPServletBase:0.24333333333333335
ProtocolOcspHttpStandaloneTest:0.22666666666666666
ProtocolOcspSignedHttpTest:0.22
