TreeLayerNamePanel:0.6183333333333333
PlugInContext:0.4683333333333333
ToggleVisiblityPlugIn:0.4033333333333333
LayerableNamePanel:0.22666666666666666
