Metadata:0.63
Key:0.6166666666666667
MetadataTest:0.2966666666666667
ProtoUtils:0.12
