SVNTest:0.6166666666666667
TestSVNPatchAction:0.195
TestSVNAction:0.18666666666666668
TestSVNProjectAction:0.12333333333333334
