SimpleProofFinderExecutor:0.6666666666666666
DefaultInternalKernelServices:0.5
SimpleProofFinderPlugin:0.20333333333333334
