Jedis:0.7966666666666666
BinaryJedis:0.5338888888888889
ConnectionHandlingCommandsTest:0.32
