VariableWidthBlock:0.36
AbstractFixedWidthBlock:0.3566666666666667
FixedWidthBlock:0.35333333333333333
FixedWidthBlockBuilder:0.3333333333333333
VariableWidthBlockBuilder:0.31333333333333335
TestPagesSerde:0.24
AbstractVariableWidthBlock:0.23666666666666666
AbstractTestBlock:0.23333333333333334
VariableWidthBlockEncoding:0.22111111111111115
FixedWidthBlockEncoding:0.20666666666666667
SnappyEncoder:0.14333333333333334
