Simulation:0.6231111111111111
ResupplyMissionEditingPanel:0.44
ArrivingSettlementEditingPanel:0.39666666666666667
MainDesktopPane:0.3333333333333333
TransportManager:0.33
ResupplyWindow:0.12
ModifyTransportItemDialog:0.11333333333333333
NewTransportItemDialog:0.07333333333333333
