MossModel:0.67
MossWizard:0.36333333333333334
ParametersPage2:0.31333333333333335
ParametersPage:0.23444444444444448
