Main:0.4533333333333333
AWTSplashScreen:0.35333333333333333
SystemInfoDialog:0.32666666666666666
SplashScreen:0.32087301587301587
ConsoleSplashScreen:0.09666666666666666
