InjectorImpl:0.4533333333333333
ImplicitBinding:0.44333333333333336
ErrorMessages:0.2585555555555555
Guice:0.17333333333333334
