AstBuilder:0.5166666666666667
AstVisitor:0.43
TestStatementBuilder:0.27666666666666667
