Mango:0.43
SCANNER:0.30333333333333334
CodeSurvey:0.28
INVOKETARGET:0.2645454545454546
TargetListener:0.2633333333333333
LOOKUPSWITCH:0.13333333333333333
TABLESWITCH:0.13333333333333333
NEW:0.13
LDIV:0.13
LREM:0.13
PUTSTATIC:0.13
InvocationUtil:0.13
LASTORE:0.13
NEWARRAY:0.13
MULTIANEWARRAY:0.13
PUTFIELD:0.13
SALOAD:0.13
LALOAD:0.13
SASTORE:0.13
POP2:0.11333333333333333
LNEG:0.11333333333333333
LAND:0.11333333333333333
LDC:0.11333333333333333
LXOR:0.11333333333333333
MONITORENTER:0.11333333333333333
LDC2_W:0.11333333333333333
LADD:0.11333333333333333
MONITOREXIT:0.11333333333333333
LSTORE:0.11333333333333333
L2D:0.11333333333333333
LLOAD:0.11333333333333333
L2F:0.11333333333333333
LUSHR:0.11333333333333333
L2I:0.11333333333333333
LSHL:0.11333333333333333
LDC_W:0.11333333333333333
NOP:0.11333333333333333
LOR:0.11333333333333333
POP:0.11333333333333333
LSHR:0.11333333333333333
LCONST:0.11333333333333333
SWAP:0.11333333333333333
LSUB:0.11333333333333333
LCMP:0.11333333333333333
LMUL:0.11333333333333333
SIPUSH:0.11333333333333333
INVOKESTATIC:0.09333333333333334
JPF_mango_scanner_ScannerMJI:0.08
