BioclipsePlugin:0.6833333333333333
IPreferenceConstants:0.24666666666666667
SearchBox:0.24666666666666667
SearchProviderManager:0.20333333333333334
ApplicationActionBarAdvisor:0.16333333333333333
PreferenceInitializer:0.13
InstallSampleDataAction:0.12
ImageUtils:0.09333333333333334
bioclipseLogger:0.09333333333333334
ChmoogleSearchProvider:0.007333333333333334
