Type:0.77
ConfigurationClass:0.55
JavaConfigBeanFactory:0.53
BeanMethod:0.4766666666666667
AutoBeanMethod:0.38333333333333336
AspectClass:0.3433333333333333
ExternalBeanMethod:0.34
ConfigurationParser:0.3272804232804233
ConfigurationEnhancer:0.3272804232804233
ConfigurationModel:0.30666666666666664
ConfigurationModelBeanDefinitionReader:0.21333333333333335
ConfigurationClassParsingBeanFactoryPostProcessor:0.20838888888888898
JavaConfigInternalPostProcessor:0.2063968253968254
ConfigurationClassTests:0.16333333333333333
ConfigurationModelTests:0.14
ReflectiveConfigurationParser:0.14
JavaConfigApplicationContextUtils:0.13333333333333333
ConfigurationModelBeanDefinitionReaderTests:0.13
TypeSafeBeanFactoryUtils:0.12750000000000003
ConfigurationParserTests:0.12666666666666668
DefaultJavaConfigBeanFactory:0.12333333333333334
NonJavaConfigMethod:0.11666666666666667
ReflectiveType:0.08444444444444445
ConfigurationEnhancingBeanFactoryPostProcessor:0.08222222222222221
ChildContextRefreshingListener:0.08
ModelMethod:0.08
ExternalValueMethod:0.07734920634920633
BeanMethodTests:0.06666666666666667
AbstractJavaConfigBeanDefinitionReader:0.065
AspectClassTests:0.05333333333333334
ExternalBeanMethodTests:0.051388888888888894
PotentialConfigurationClass:0.043333333333333335
JavaConfigAspectRegistry:0.043333333333333335
ValidationErrors:0.04
AutoBeanMethodTests:0.03861111111111111
BeanFactoryProvider:0.03666666666666667
JavaConfigBeanDefinitionReader:0.03666666666666667
ReflectiveJavaConfigBeanDefinitionReader:0.03
AmbiguousBeanLookupException:0.03
InternalBeanFactoryEstablishingBeanFactoryPostProcessor:0.023333333333333334
CglibConfigurationEnhancer:0.015
TypeSafeBeanFactory:0.006666666666666667
AutowireTests:0.0025
MultiplePrimaryBeanDefinitionException:0.0025
MalformedJavaConfigurationException:0.0
AsmJavaConfigBeanDefinitionReader:0.0
