AbstractOsgiTests:0.5433333333333333
JUnitTestActivator:0.41333333333333333
StreamCorruptionTest:0.38666666666666666
