AbstractRecord:0.47
DataRecordFactoryTest:0.4
DataRecord:0.31
CachedDataRecord:0.24666666666666667
DataRecordWithStats:0.24666666666666667
AbstractRecordWithStats:0.15
ObjectRecordWithStats:0.14
ObjectRecord:0.11666666666666667
CachedDataRecordWithStats:0.10666666666666667
