Emitter2:0.5566666666666666
Types:0.5040555555555557
Ops:0.31333333333333335
Generator:0.25666666666666665
FastClassEmitter:0.21
Signatures:0.12883333333333333
GetIndexCallback:0.11333333333333333
