AppenderTest:0.30666666666666664
Rebuilder:0.27666666666666667
RebuilderTest:0.24333333333333335
LogBufferDescriptor:0.19472222222222224
UdpTransport:0.19
