SalesMessageProcessor:0.5566666666666666
SalesPolicyRequest:0.4766666666666667
PayPanel:0.34
DocTypePrintFormatStep:0.26
MachineCreator:0.22666666666666666
