ParsedReaderResultTestCase:0.29
URIParsedResultTestCase:0.23666666666666666
URIResultParser:0.21333333333333335
AddressBookParsedResultTestCase:0.14666666666666667
SMSMMSParsedResultTestCase:0.13666666666666666
EmailAddressParsedResultTestCase:0.13666666666666666
CalendarParsedResultTestCase:0.11333333333333333
GeoParsedResultTestCase:0.11333333333333333
TelParsedResultTestCase:0.11333333333333333
ProductParsedResultTestCase:0.11333333333333333
ISBNParsedResultTestCase:0.11333333333333333
