SymmetricServlet:0.7113888888888888
ExtensionPointManager:0.38222222222222224
