Main:0.5733333333333334
RFO:0.5533333333333333
RrDeleteOnExit:0.38666666666666666
