DeleteGroupResponse:0.013333333333333334
CreateGroupResponse:0.013333333333333334
UpdateGroupResponse:0.013333333333333334
CreateUserResponse:0.013333333333333334
UpdateUserResponse:0.013333333333333334
DeleteUserResponse:0.013333333333333334
