LoggingFactory:0.26666666666666666
JerseyClientBuilderTest:0.25333333333333335
JerseyClientBuilder:0.21333333333333335
HibernateBundle:0.18638888888888888
SessionFactoryFactory:0.17805555555555555
AssetServletTest:0.16
HibernateBundleTest:0.13666666666666666
AssetServlet:0.11333333333333333
JerseyClientConfiguration:0.1
SessionFactoryManager:0.09333333333333334
SessionFactoryFactoryTest:0.07
