IndexShardRoutingTable:0.7833333333333333
OperationRouting:0.41
SearchPreferenceTests:0.25333333333333335
RoutingIteratorTests:0.06
