AggregationTestUtils:0.43333333333333335
PageProcessor:0.17666666666666667
HashPartitionMaskOperator:0.17
MemoryPagesStore:0.16666666666666666
PagesSerdeUtil:0.14666666666666667
NestedLoopPageBuilder:0.14333333333333334
