GL11:0.6633333333333333
GL20:0.2833333333333333
GL15:0.25666666666666665
ARBBufferObject:0.24666666666666667
NVVertexProgram:0.23
ARBVertexProgram:0.20666666666666667
EXTVertexShader:0.20666666666666667
ARBVertexShader:0.20666666666666667
NVVertexArrayRange:0.19333333333333333
ATIMapObjectBuffer:0.056666666666666664
