BaseRecognizer:0.6661111111111111
ParserRuleContext:0.42380555555555555
Parser:0.21
