SessionFactoryOptions:0.55
SessionFactoryBuilderImpl:0.48
SessionFactoryOptionsImpl:0.24666666666666667
AbstractDelegatingSessionFactoryOptions:0.23666666666666666
Settings:0.22333333333333333
SessionFactoryHelper:0.18333333333333332
