RecordingSession:0.5433333333333333
ArchiveConductor:0.43
RecordingSessionTest:0.25833333333333336
