RLiveObjectService:0.6272222222222222
RemoteInvocationOptions:0.4857777777777778
