AlignmentViewer:0.6
ScrollableTierView:0.45
SeqAlignPanel:0.37333333333333335
ResultAlignmentRenderer:0.3
TierMenu:0.24666666666666667
DefaultBaseRenderer:0.24111111111111114
AnnotationAlignmentRenderer:0.10333333333333333
LockIcon:0.03
