Settings:0.49
Setting:0.41333333333333333
Adapter:0.31
Booleans:0.28555555555555556
Builder:0.28
TransportService:0.23666666666666666
TimeoutHandler:0.19
SettingTests:0.18444444444444444
TimeoutInfoHolder:0.10333333333333333
DirectResponseChannel:0.08
RequestHolder:0.02
