EntityWriter:0.7283333333333334
FunctionalTest:0.6216666666666667
EntityDataStore:0.41
