ScepRAServlet:0.55
RequestThread:0.5316666666666666
TestExtRAMsgHelper:0.47333333333333333
