DiscoverySelectorsTests:0.6483333333333333
DiscoverySelectors:0.5866666666666667
PreconditionViolationException:0.20333333333333334
