DependencyBank:0.84
GdxSetup:0.4672222222222222
BuildScriptHelper:0.38666666666666666
