AbstractMvcView:0.9066666666666666
MvcViewTests:0.08333333333333333
