HibernateStatistics:0.7952777777777779
Status:0.5467777777777778
