UnitPar:0.38666666666666666
BasicEvent:0.37
RulePar:0.33
ValueOracle:0.31666666666666665
VariableNode:0.28
ProcedurePar:0.27
RuleApplication:0.26916666666666667
DefaultRuleNode:0.22
Signature:0.1955952380952381
RuleNode:0.14666666666666667
RandomValueOracle:0.11666666666666667
DialogValueOracle:0.1
ApplyMatchAction:0.07333333333333333
DefaultValueOracle:0.05333333333333334
NoValueOracle:0.043333333333333335
UnitParTest:0.02666666666666667
AllGrammarTests:0.0
