MouseCreationTest:0.7633333333333333
Game:0.4468888888888889
