InternalPercentiles:0.44333333333333336
PercentilesTests:0.36333333333333334
PercentilesAggregator:0.30666666666666664
PercentilesParser:0.17666666666666667
Factory:0.12666666666666668
Iter:0.10666666666666667
PercentilesBuilder:0.08
