ModuleAdapter:0.41333333333333333
Loader:0.41
TestingModuleAdapter:0.27
ModuleAdapterProcessor:0.26666666666666666
Modules:0.26666666666666666
DaggerObjectGraph:0.26
GraphAnalysisLoader:0.09
TestingLoader:0.043333333333333335
FailoverLoader:0.03
