VirtualFileSystem:0.7133333333333334
VFOutputStream:0.39666666666666667
