AltAST:0.3466666666666667
LexerATNSimulator:0.3233333333333333
LeftRecursiveRuleAnalyzer:0.2733333333333333
ParserRuleContext:0.26166666666666666
LeftRecursiveRule:0.26
Tool:0.25022222222222223
TerminalNodeImpl:0.24833333333333332
RuleRefAST:0.21166666666666667
StructDecl:0.16333333333333333
LeftRecursiveRuleTransformer:0.13333333333333333
LeftRecursiveRuleAltInfo:0.11666666666666667
RuleFunction:0.1
TestT:0.09333333333333334
ParseTreeVisitor:0.02666666666666667
