Constants:0.6658333333333334
AutoRefreshJob:0.4666666666666667
QueueBrowseHandler:0.16666666666666666
SessionDisconnectHandler:0.15
JTBSessionContentViewPart:0.1
