DefaultRecordStore:0.4166666666666667
MapServiceContextImpl:0.35
PutBackupOperation:0.3233333333333333
BasePutOperation:0.20444444444444446
KeyBasedMapOperation:0.19
TxnSetOperation:0.18
MergeOperation:0.17111111111111113
