Collect:0.5608492063492064
LogicalPlan:0.48111111111111104
