AbstractTestAggregations:0.6094444444444445
TestOrderedAggregation:0.3433333333333333
