Py:0.6233333333333333
__builtin__:0.44333333333333336
PyNone:0.28
CodeCompiler:0.28
StringFormatter:0.2733333333333333
BytecodeLoader:0.20333333333333334
