CountContext:0.65
InnerPreparer:0.2972857142857143
CountContextTest:0.20333333333333334
