AbstractNode:0.6466666666666666
Set:0.6141666666666666
HashSet:0.3466666666666667
IndexedNode:0.24333333333333335
HashArrayMappedTrie:0.23
LeafNode:0.21333333333333335
EmptyNode:0.20333333333333334
ArrayNode:0.15
