IDatabasePlatform:0.5613333333333334
AbstractDatabasePlatform:0.5533333333333333
AbstractXmlPublisherExtensionPoint:0.2833333333333333
SelectFromTableSource:0.25333333333333335
DefaultDatabaseWriter:0.21333333333333335
AbstractTriggerTemplate:0.21333333333333335
WriterWrapper:0.2
