Atom03Feed:0.39666666666666667
RSS10Feed:0.39666666666666667
IFeed:0.31333333333333335
