NettyClientHandler:0.5533333333333333
NettyServerHandler:0.5333333333333333
NettyServerHandlerTest:0.25666666666666665
NettyClientHandlerTest:0.24666666666666667
