BotConsoleFrame:0.51
GenericExtruderTabPanel:0.4166666666666667
XYZTabPanel:0.31666666666666665
PrintTabFrame:0.31333333333333335
