JFXEditorModelOpenDFTest:0.31333333333333335
JFXAnimationTest:0.29300000000000004
JFXEditorModifySymbolTest:0.29133333333333333
SwingEditorModifySymbolTest:0.29133333333333333
JFXComponentsExtractorTest:0.25
UIPropertiesPluginTest:0.21
WidgetComponentsWriterTest:0.202
LayerTreeEditorCreateSymbolTest:0.18366666666666667
BasicServerEngineDensityTest:0.18366666666666667
JFXLineTest:0.13666666666666666
JFXStylesEngine7Test:0.056666666666666664
JFXStylesEngine6Test:0.056666666666666664
