DriverDocumentManager:0.5833333333333334
ConcurrentDocumentManager:0.42333333333333334
DriverDocument:0.42
SharedProject:0.35
ConcurrentManager:0.23253968253968252
IDriverManager:0.04666666666666667
IDriverDocumentManager:0.03
