ReplacementStrategy:0.5633333333333334
Utils:0.55
ExtentsStrategy:0.21666666666666667
DeletedObjects:0.21
ReusableObjManager:0.20666666666666667
Reject:0.19666666666666666
KeywordsStrategy:0.19333333333333333
ContactsStrategy:0.19
ReferencingMetadata:0.17666666666666667
MetadataRecord:0.17333333333333334
Delete:0.16666666666666666
FormatsStrategy:0.15666666666666668
Validate:0.11333333333333333
