SyncGroupNode:0.5566666666666666
SyncDataSourceConfigurationNode:0.5366666666666666
ReleaseSyncDataSourceConfigurationAction:0.38
RunSynchronizationProcessAction:0.30333333333333334
