ActivityControllerTest:0.38333333333333336
RuntimeAdapterFactory:0.28
RuntimeEnvironment:0.24333333333333335
