Entity:0.48333333333333334
ListHelper:0.36333333333333334
EntityHelper:0.3566666666666667
EntryHelper:0.17
Type:0.1691111111111111
