SimpleClient:0.7233333333333334
JUTestServer:0.27666666666666667
JUTestServerAttack:0.25333333333333335
JUTestClient:0.22666666666666666
