ParamDefConfig:0.44666666666666666
XmlUtil:0.31333333333333335
TaskState:0.2633333333333333
ElementGraphicalEditPart:0.26166666666666666
StateGraphicalEditPart:0.2586111111111111
ConjunctionFigure:0.18944444444444444
ParamDefGroup:0.18333333333333332
NodeGraphicalEditPart:0.15333333333333332
ConjunctionGraphicalEditPart:0.13166666666666665
