Editor:0.5166666666666667
JGraphPanel:0.44666666666666666
StatePanel:0.33666666666666667
RulePanel:0.23666666666666666
LTSPanel:0.21
TypePanel:0.20333333333333334
