GwtTeamingMessages:0.32666666666666666
ObjectKeys:0.32277777777777783
UIData:0.31333333333333335
GwtUIHelper:0.25333333333333335
GwtTaskHelper:0.24777777777777782
GwtMainPage:0.23
TaskListing:0.21333333333333335
GwtServerHelper:0.1811111111111111
AddEntryController:0.12666666666666668
ModifyEntryController:0.11666666666666667
