AbstractResource:0.4766666666666667
LinkUriUtil:0.45
AbstractBinderResource:0.31333333333333335
SelfResource:0.23333333333333334
FolderResource:0.22
WorkspaceResource:0.22
