SingleChannelMongoOperations:0.44333333333333336
ReplicaSetMongoOperations:0.44
MongoAsynchronousChannel:0.3933333333333333
SingleServerAsyncMongoOperations:0.21
SingleChannelAsyncMongoClient:0.16833333333333333
AsyncWritableByteChannelAdapter:0.16413167388167385
MongoAsyncOperations:0.15083333333333335
MongoReplyMessage:0.14333333333333334
MongoReplyMessageCommandResultBaseCallback:0.07333333333333333
MongoReplyMessageResultCallback:0.07
AsyncWritableByteChannel:0.06333333333333334
ReceiveMessageCompletionHandler:0.05333333333333334
MongoReplyMessageQueryResultCallback:0.016666666666666666
MongoReplyMessageGetMoreResultCallback:0.016666666666666666
