SpecMolEditor:0.48
SpecmolManager:0.41333333333333333
ISpecmolManager:0.41002777777777777
SpectrumManager:0.17
CmlSpecmolFileDescriber:0.12666666666666668
ISpectrumManager:0.09916666666666667
