DeliveryTest:0.7212222222222222
POJOPersistenceProviderBase:0.4252777777777778
