BsonInvalidOperationException:0.4866666666666667
CodecConfigurationException:0.23666666666666666
DecoderContext:0.23333333333333334
Builder:0.23
ShortCodec:0.17666666666666667
FloatCodec:0.17666666666666667
ByteCodec:0.17666666666666667
