Robolectric:0.63
ShadowWranglerTest:0.2866666666666667
AbstractCursorTest:0.22666666666666666
HandlerTest:0.20333333333333334
SpannableStringBuilderTest:0.202984126984127
AndroidTranslatorTest:0.18666666666666668
LooperTest:0.1802619047619048
AlertDialogTest:0.16326190476190477
RobolectricTest:0.13666666666666666
TextViewTest:0.1
LayoutParamsTest:0.08333333333333333
CheckBoxTest:0.08333333333333333
TextUtilsTest:0.08333333333333333
DialogTest:0.08333333333333333
