DatabaseAnnotationSetImpl:0.6833333333333333
DatabaseAnnotationSetIterator:0.4766666666666667
