ROC:0.555
ROCBinary:0.39666666666666667
ROCTest:0.12333333333333334
