CrawlOrder:0.48
CredentialStore:0.43333333333333335
SettingsFrameworkTestCase:0.30666666666666664
CrawlerSettingsTest:0.24666666666666667
Credential:0.23
MapTypeTest:0.18333333333333332
AllSelfTestCases:0.13133333333333333
XMLSettingsHandlerTest:0.13
OverrideTest:0.08666666666666667
Rfc2617Credential:0.013333333333333334
CredentialStoreTest:0.01
HtmlFormCredential:0.0033333333333333335
