PropertyChild:0.3433333333333333
EditViewFactory:0.33
CreateRelationship:0.29
PropertyHusband:0.17
PropertyWife:0.17
CreateParent:0.15666666666666668
CreateChild:0.14
CreateXReference:0.07333333333333333
CreateAssociation:0.056666666666666664
CreateSpouse:0.04666666666666667
CreateSibling:0.03666666666666667
