LogoutWebFilter:0.5933333333333334
SecurityContextServerLogoutHandler:0.4683333333333333
ServerLogoutSuccessHandler:0.17583333333333337
RedirectServerLogoutSuccessHandler:0.15333333333333332
