ClientMapProxy:0.5966666666666667
MapProxyImpl:0.36611111111111116
ClientNearCache:0.26166666666666666
