Hibernate:0.4683333333333333
SqlGenerator:0.4533333333333333
ASTParserLoadingTest:0.36333333333333334
