PostFilterCallback:0.6495
Hits:0.5133333333333333
SearchUtils:0.4172222222222222
LocalLuceneReadSession:0.31
AbstractLuceneSession:0.24333333333333335
