ConfigurationClass:0.7333333333333333
ConfigurationParserTests:0.25
ConfigurationModel:0.19
BeanDefinitionRegisteringConfigurationModelRenderer:0.11333333333333333
ConfigurationClassTests:0.1
ReflectingConfigurationParser:0.056666666666666664
