KeyStoreContainer:0.8766666666666667
KeyStoreContainerBase:0.59
HSMKeyTool:0.26666666666666666
