ParallelWrapper:0.49
DefaultTrainer:0.3333333333333333
Builder:0.3
SymmetricTrainer:0.17333333333333334
SymmetricTrainerContext:0.11333333333333333
DefaultTrainerContext:0.11
TrainerContext:0.013333333333333334
