ConnectionInitializer:0.6766666666666666
InternalConnection:0.6244444444444444
ServerMonitor:0.31666666666666665
PipelinedConnectionInitializer:0.2866666666666667
InternalStreamConnection:0.27
UsageTrackingInternalConnection:0.23666666666666666
TestInternalConnection:0.20333333333333334
DefaultServer:0.12333333333333334
DefaultConnectionPool:0.08333333333333333
TestInternalConnectionFactory:0.06611111111111109
TestConnectionPool:0.0016666666666666668
