Visitor:0.37666666666666665
NestedLoopNode:0.36333333333333334
TransportExecutor:0.27
TransportExecutorTest:0.22333333333333333
ArrayIterator:0.17333333333333334
