StringUtils:0.6633333333333333
Receiver:0.6133333333333333
