JEdgeView:0.49
JGraph:0.45666666666666667
JVertexView:0.4
Editor:0.31
JGraphPanel:0.23666666666666666
LTSPanel:0.19
MyGraphUI:0.18333333333333332
JCellViewFactory:0.14333333333333334
MyGraphLayoutCache:0.11
