Euler:0.8416666666666667
SEMLibrary:0.25333333333333335
