AssetManager:0.6166666666666667
GdxNativesLoader:0.4266666666666667
