Node:0.5533333333333333
ReadPreference:0.38
ReplicaSet:0.32
QueryOpBuilder:0.29
ReadPreferenceTest:0.2866666666666667
ReplicaSetStatus:0.25
TaggedReadPreference:0.12
Tag:0.10333333333333333
SecondaryReadPreference:0.09
PrimaryPreferredReadPreference:0.07111111111111111
NearestReadPreference:0.036111111111111115
SecondaryPreferredReadPreference:0.036111111111111115
TaggableReadPreference:0.02666666666666667
PrimaryReadPreference:0.016666666666666666
