ClassDefinitionImpl:0.6
SerializationContextImpl:0.3566666666666667
BinaryClassDefinitionProxy:0.3333333333333333
PortableContext:0.2
BinaryClassDefinition:0.13333333333333333
