VertxOptions:0.5266666666666666
DeploymentOptions:0.48
DeploymentTest:0.37333333333333335
DeploymentManager:0.24
VertxOptionsTest:0.17333333333333334
