RWorkspace:0.6433333333333333
MatrixImpl:0.34
HasResults:0.24777777777777782
DeleteObject:0.2277777777777778
QuantitativeDataStructureImpl:0.21000000000000002
Rsymbols:0.06416666666666666
