JbpmDefinitionLogic:0.8066666666666666
JbpmExecutionLogic:0.4266666666666667
ProcessDefCacheImpl:0.29
SQLServerUnicodeDialect:0.21
