DashboardHelper:0.6033333333333334
AjaxController:0.41333333333333333
ProfileModuleImpl:0.26
ViewController:0.25666666666666665
DefaultProfileCoreProcessor:0.24055555555555558
ModifyDashboardController:0.12666666666666668
