ARINCMapHorzItems:0.5414444444444444
ARINCMapVertItems:0.5414444444444444
