PeakTableViewer:0.4166666666666667
SpectrumEditor:0.3983333333333333
GeneralMetadataFormPage:0.3333333333333333
PeakTablePage:0.2733333333333333
PeakContentProvider:0.2088888888888889
SpectrumChartFactory:0.19
MyListener:0.17777777777777778
