MultiLayerNetwork:0.655
MultipleEpochsIterator:0.32911111111111113
MultipleEpochsIteratorTest:0.19333333333333333
BaseEarlyStoppingTrainer:0.17666666666666667
KernelValidationUtil:0.15083333333333335
