DelimitedRecordSet:0.49666666666666665
TpchColumnHandle:0.4266666666666667
AbstractTestQueries:0.37666666666666665
TpchMetadata:0.26666666666666666
DelimitedRecordCursor:0.26666666666666666
TestingTpchBlocksProvider:0.19333333333333333
AbstractOperatorBenchmark:0.13666666666666666
GeneratingTpchDataProvider:0.13
TestDelimitedRecordIterable:0.10666666666666667
