JdbcPasswordManagementService:0.7183333333333334
JdbcPasswordManagementConfiguration:0.5266666666666666
JdbcPasswordManagementServiceTests:0.12333333333333334
