AddIndexAcceptanceTest:0.5466666666666666
CollectionAdmin:0.33922222222222215
CollectionAdminImpl:0.22
