SyncGroupNode:0.6233333333333333
NewSyncDataSourceConfigurationAction:0.32
SyncDataSourceConfigurationNode:0.30666666666666664
