GeoView:0.7266666666666667
Content:0.39666666666666667
