ExecutorDAO:0.29
ProcessLogDAO:0.2733333333333333
ProcessDAO:0.24
DeploymentDAO:0.22333333333333333
SubstitutionDAO:0.22333333333333333
GenericDAO:0.22
PermissionDAO:0.21
JobDAO:0.18333333333333332
TaskDAO:0.18333333333333332
TokenDAO:0.18
RelationDAO:0.16333333333333333
NodeProcessDAO:0.16333333333333333
BotDAO:0.16333333333333333
VariableDAO:0.13
CommonDAO:0.13
SubstitutionCriteriaDAO:0.13
BotTaskDAO:0.13
