Proto:0.56
ValueAttribute:0.38666666666666666
ValueType:0.35
Generics:0.29333333333333333
NullabilityAnnotationInfo:0.26666666666666666
MetaAnnotated:0.25
TypeTest:0.23
ExpectedSubtypesAdapter:0.16777777777777778
Parser:0.15
InnerBuilderDefinition:0.13
Inflater:0.03
