ConditionalJumpLoopStep:0.57
HopSymbolTableWalker:0.47333333333333333
DFA31:0.1811111111111111
ConditionalJumpLoopAction:0.17666666666666667
