UserMgmtService:0.5266666666666666
ArticleProcessor:0.38333333333333336
SymphonyServletListener:0.3
NotificationQueryService:0.16333333333333333
LoginCheck:0.11666666666666667
