DocSchemaInfo:0.5333333333333333
SysCheckerIntegrtionTest:0.2866666666666667
ReferenceInfos:0.25333333333333335
SysChecksTest:0.10666666666666667
SysChecksModule:0.08666666666666667
