CodeGenerator:0.5433333333333333
Delegator:0.36
MetaClassGenerator:0.32
ClassFileUtils:0.24666666666666667
DelegatorGenerator:0.15333333333333332
