TestHTTPStatusCodesConfigC:0.6166666666666667
HttpUtils:0.45166666666666666
TestPolicies:0.23333333333333334
