Main:0.5366666666666666
AntScript:0.38666666666666666
DistributedMasterBuilderTest:0.29333333333333333
AntBuilder:0.28
DistributedMasterBuilderNoLookupTest:0.24333333333333335
