Builder:0.6133333333333333
Job:0.43666666666666665
TaskConfig:0.24
JobValidatorTest:0.2
JobCreateCommandTest:0.14166666666666666
JobCreateCommand:0.13666666666666666
JobTest:0.13166666666666665
IdMismatchJobCreateTest:0.09
TaskConfigTest:0.08333333333333333
