Robot:0.5066666666666667
Recorder:0.44
AWT:0.4066666666666667
ScriptEditor:0.31666666666666665
JInternalFrameRecorder:0.2833333333333333
FrameTesterTest:0.24111111111111114
DefaultComponentFinder:0.23333333333333334
EventRecorder:0.23333333333333334
AbstractSemanticRecorderTest:0.17
WindowRecorderTest:0.15
TesterTestSuite:0.14
JInternalFrameRecorderTest:0.11666666666666667
JInternalFrameTester:0.07666666666666666
JInternalFrameTesterTest:0.07
AWTTest:0.06777777777777778
AbstractRecorderTest:0.06666666666666667
InternalFrameWatcher:0.018333333333333333
