ChadoXmlAdapter:0.5466666666666666
GAMEAdapter:0.345
ChadoXmlWrite:0.3233333333333333
LoadUtil:0.24444444444444446
ApolloAdapterChooser:0.23444444444444448
FlyChadoXmlAdapter:0.20333333333333337
DataLoader:0.2
HelpMenu:0.2
DataChooserThread:0.1211111111111111
