AspectJGraph:0.44
Editor:0.36
Options:0.34
GraphJGraph:0.3233333333333333
MyEdgeHandle:0.24
MouseHandler:0.19666666666666666
