AbstractExampleCrawler:0.47138888888888886
ExampleFileCrawler:0.24333333333333335
ExampleThunderbirdCrawler:0.24333333333333335
ExampleIcalCrawler:0.24333333333333335
