AbstractProducedQuery:0.4766666666666667
UnspecifiedEnumTypeTest:0.29
NativeQuerySyncSpaceCachingTest:0.26666666666666666
SynchronizationTypeTest:0.22
