RemoteDigestBlob:0.43666666666666665
BlobService:0.4166666666666667
HttpBlobHandler:0.35
BlobTransferTarget:0.32
TransportStartBlobAction:0.2833333333333333
BlobRecoveryHandler:0.26105555555555554
TransportDeleteBlobAction:0.20666666666666667
