SettingsHandler:0.58
StringList:0.3
XMLSettingsHandler:0.2733333333333333
CrawlSettingsSAXHandler:0.2733333333333333
DataContainer:0.23
