FedoraOAIDriver:0.48333333333333334
FedoraRecordIterator:0.43
FedoraRecord:0.34
ITQLQueryFactory:0.20666666666666667
