UserExt:0.8133333333333334
ArticleQueryService:0.3333333333333333
CommentQueryService:0.19333333333333333
ArticleMgmtService:0.19333333333333333
ArticleProcessor:0.19333333333333333
TagQueryService:0.19333333333333333
CommentMgmtService:0.12333333333333334
CommentNotifier:0.10333333333333333
