KerasLayerUtils:0.7966666666666666
KerasLayerConfiguration:0.25594227994228
