Builder:0.5533333333333333
PlaceholderResolver:0.43122222222222223
PropertyPlaceholder:0.33666666666666667
PropertyPlaceholderTest:0.33
SettingsTests:0.14333333333333334
InternalSettingsPreparer:0.13666666666666666
SimplePlaceholderResolver:0.05333333333333334
