KeyStoreWrapper:0.6933333333333334
SettingsTests:0.6466666666666666
KeyStoreWrapperTests:0.24703174603174602
