MD5Quaternion:0.7032222222222222
MD5Mesh:0.3233333333333333
