TypeUtils:0.6466666666666666
JSONPath:0.31666666666666665
JavaBeanDeserializer:0.2866666666666667
JavaBeanSerializer:0.22333333333333333
PropertySegement:0.12833333333333333
MultiPropertySegement:0.023333333333333334
StringInSegement:0.016666666666666666
NotNullSegement:0.016666666666666666
NullSegement:0.016666666666666666
StringOpSegement:0.016666666666666666
ValueSegment:0.016666666666666666
IntInSegement:0.016666666666666666
DoubleOpSegement:0.016666666666666666
IntBetweenSegement:0.016666666666666666
IntObjInSegement:0.016666666666666666
RlikeSegement:0.016666666666666666
IntOpSegement:0.016666666666666666
MatchSegement:0.016666666666666666
