Command:0.49666666666666665
SystemShell:0.31666666666666665
Script:0.24666666666666667
CommandoHandler:0.24333333333333335
CommandoDialog:0.24
CommandoComboBox:0.22333333333333333
CommandoCheckBox:0.22333333333333333
CommandoTextField:0.22
ConsolePlugin:0.20333333333333334
ErrorMatcher:0.1822222222222222
CommandoThread:0.12
ChangeHandler:0.0425
