DeleteBenchmark:0.6304444444444445
UpdateBenchmark:0.5493333333333333
