ChipPortable:0.6233333333333333
WheelPortable:0.3333333333333333
EnginePortable:0.31666666666666665
CarPortable:0.29
TestPortableFactory:0.19
