ScrollPane:0.49
Tree:0.43333333333333335
Skin:0.34833333333333333
DragAndDrop:0.3416666666666667
