NearCacheStatsImpl:0.8066666666666666
NearCacheTestSupport:0.44
NearCacheTest:0.31666666666666665
NearCacheTestUtils:0.2733333333333333
NearCacheStatsImplTest:0.22333333333333333
