Domain:0.8833333333333333
SubmissionAction:0.38333333333333336
