HtmlParserTest:0.45
EntitiesTest:0.38
Parser:0.28
Tokeniser:0.27666666666666667
AttributeParseTest:0.23
Entities:0.20333333333333334
