ProcessDefinition:0.9433333333333334
SubprocessDefinition:0.47333333333333333
ProcessCache:0.27
NodeRegistry:0.21333333333333335
