ReaderTest:0.5083333333333333
ReflectionUtils:0.5013333333333333
ReaderUtils:0.4066666666666667
