DefaultExecuteContext:0.6766666666666666
Executor:0.39666666666666667
FieldTypeHelper:0.36
UDTRecordImpl:0.28
DefaultBindContext:0.21000000000000002
