AccessorProxy:0.7566666666666667
PrecomputedFinding:0.42333333333333334
InstanceFieldConstructor:0.20333333333333334
