GwtServerHelper:0.5005555555555555
DefinitionModuleImpl:0.36333333333333334
ObjectKeys:0.18833333333333332
