Signature:0.6866666666666666
Transformed:0.6031111111111112
TransformClassVisitor:0.36
TestTransformVisistor:0.33
