InProcessServer:0.78
InProcessChannelBuilder:0.29
InProcessServerBuilder:0.16333333333333333
InProcessClientTransportFactory:0.16
InProcessTransportTest:0.13666666666666666
InProcessServerTest:0.12
InProcessServerBuilderTest:0.02666666666666667
