NodeLifeCycleListener:0.5702777777777778
NodeSystemTray:0.5233333333333333
LifeCycleEventHandler:0.30666666666666664
NodeState:0.20333333333333334
