Country:0.8733333333333333
StringEnumerationAssert:0.29333333333333333
CountryTest:0.16
