SendReportEmailJoblet:0.5066666666666667
ReportPDFResult:0.37
CalendarJAXBOutputWrapper:0.2966666666666667
