QuadTree:0.5433333333333333
VpTreePointINDArray:0.4166666666666667
BarnesHutTsne:0.35
