ScheduledExecutorServiceBasicTest:0.62
ICountdownLatchRunnableTask:0.3172222222222222
DelegatingScheduledFutureStripperTest:0.29333333333333333
ScheduledExecutorWaitNotifyKeyTest:0.26666666666666666
ScheduledExecutorServiceSlowTest:0.25
