ProcessingInstruction:0.36333333333333334
XMLDocument:0.3233333333333333
GWTSourceTest:0.2733333333333333
CDATASection:0.22333333333333333
DomProcessingInstruction:0.13666666666666666
