AbstractTestCase:0.6238888888888888
UpgradeService:0.37333333333333335
