DefaultActionInvocation:0.6366666666666667
MessageStorePreResultListenerTest:0.33666666666666667
MessageStorePreResultListener:0.3068888888888889
ActionTagTest:0.27666666666666667
