AsyncHttpClientEventFilter:0.4066666666666667
Builder:0.3933333333333333
GrizzlyAsyncHttpProvider:0.36666666666666664
EventHandler:0.27666666666666667
AsyncHttpClientConfig:0.21333333333333335
AsyncSpdyClientEventFilter:0.016666666666666666
Cleanup:0.0011111111111111111
