ViewLogForm:0.7111111111111111
ViewLogsAction:0.4166666666666667
