ForLoadedTypes:0.51
ElementMatchers:0.4166666666666667
ForLoadedConstructor:0.2866666666666667
ForLoadedMethod:0.28
ForLoadedType:0.24583333333333332
AbstractTypeDescriptionTest:0.22
AbstractMethodDescriptionTest:0.20666666666666667
MorphBinderTest:0.19666666666666666
TypeProxyCreationTest:0.14666666666666667
ForTypeDefinitions:0.13666666666666666
OfLoadedType:0.10333333333333333
