SpokFileFilter:0.6233333333333333
ContinuousSpectrumView:0.4033333333333333
SpectrumItem:0.36
