IntentResult:0.5233333333333333
IntentIntegrator:0.5155555555555555
ZXingTestActivity:0.2833333333333333
