WorkingBulkByScrollTask:0.5566666666666666
AbstractAsyncBulkByScrollAction:0.42333333333333334
AsyncBulkByScrollActionTests:0.29
