MockInvoker:0.5833333333333334
AbstractInterfaceConfig:0.41
ServiceConfig:0.3875
StubProxyFactoryWrapper:0.17333333333333334
