GwtViewHelper:0.35444444444444445
GwtTeamingMessages:0.31333333333333335
DataTableFolderViewBase:0.30333333333333334
AssignmentCell:0.18666666666666668
AssignmentColumn:0.15444444444444444
