Bogus:0.2
RunFastaService:0.19
AbstractMobyImplMultiple:0.18666666666666668
DownloadSimpleMobyMultiple:0.12083333333333333
AbstractMobyRunnableSingle:0.10333333333333333
DownloadSimpleMoby:0.10166666666666667
