ParameterizedType:0.5
Block:0.4
Variable:0.26666666666666666
Constant:0.2188888888888889
ByteCodeVisitor:0.18666666666666668
DumpByteCodeVisitor:0.17333333333333334
SetVariableByteCodeExpression:0.12666666666666668
NullConstant:0.02666666666666667
