RotatableCanvas:0.7233333333333334
PCAThread:0.17333333333333334
PCAAction:0.14666666666666667
