ForceFieldTests:0.38666666666666666
BondStretching:0.36
ForceField:0.25333333333333335
AngleBending:0.25
MMFF94EnergyFunction:0.23666666666666666
GeometricMinimizer:0.22
NewtonRaphsonMethod:0.2
Torsions:0.18666666666666668
ConjugateGradientMethod:0.16666666666666666
LineSearch:0.14666666666666667
ForceFieldTools:0.13666666666666666
