InMemoryJoinHash:0.5066666666666667
StandardJoinFilterFunction:0.41333333333333333
IsolatedJoinFilterFunctionFactory:0.27
JoinFilterFunction:0.2098730158730159
JoinFilterFunctionFactory:0.1317222222222222
