ProjectScript:0.57
WorkflowUtilities:0.49333333333333335
ProjectScriptForm:0.48
IssueForm:0.4666666666666667
FormatCustomFieldTag:0.27
ExecuteAlwaysFilter:0.2633333333333333
EditIssueActionUtil:0.23666666666666666
WorkflowUtilitiesIT:0.17
EditIssueAction:0.11333333333333333
CreateIssueAction:0.09666666666666666
CreateIssueFormAction:0.09666666666666666
EditProjectScriptFormAction:0.09333333333333334
EditProjectScriptAction:0.07333333333333333
EditProjectFormActionUtil:0.05
