MultiLayerNetwork:0.62
Builder:0.47833333333333333
Tsne:0.33916666666666667
Word2Vec:0.33
