Node:0.5333333333333333
HealthMonitor:0.4866666666666667
HazelcastInstanceImpl:0.33
