Chronology:0.44
BaseChronology:0.32666666666666666
Fields:0.2633333333333333
GJChronology:0.245
AssembledChronology:0.2
LimitChronology:0.18666666666666668
BuddhistChronology:0.18333333333333332
ZonedChronology:0.18333333333333332
BaseGJChronology:0.18
ISOChronology:0.15833333333333333
LenientChronology:0.14555555555555558
StrictChronology:0.14555555555555558
TestCopticChronology:0.13666666666666666
TestGregorianChronology:0.13666666666666666
TestJulianChronology:0.13666666666666666
StandardDateTimeFieldType:0.11666666666666667
TestBuddhistChronology:0.11333333333333333
TestISOChronology:0.11333333333333333
TestGJChronology:0.11333333333333333
StandardDurationFieldType:0.10333333333333333
