ReplayCharSequence:0.48333333333333334
CharSubSequence:0.44666666666666666
RecordingOutputStream:0.30333333333333334
RecordingInputStream:0.22333333333333333
