WindowPartition:0.5866666666666667
PagesIndex:0.5488888888888889
WindowOperator:0.32666666666666666
