Attribute:0.9866666666666667
DatasetDefintion:0.4666666666666667
