WebResponse:0.8111111111111111
NetworkErrorWebResponse:0.25666666666666665
DummyWebResponse:0.22666666666666666
WebResponseImpl:0.22666666666666666
WebResponseWrapper:0.21333333333333335
