RequestContext:0.53
RequestControlContext:0.47711904761904766
ViewState:0.43333333333333335
State:0.32
ViewVariable:0.31333333333333335
ViewVariableTests:0.25666666666666665
ViewStateTests:0.21
FlowViewStateManager:0.18
MockRequestContext:0.17666666666666667
ModalViewState:0.17333333333333334
SerializableListDataModel:0.17333333333333334
NormalViewState:0.17333333333333334
RequestControlContextImpl:0.17333333333333334
MockRequestControlContext:0.14
ScopeSearchingELResolver:0.13666666666666666
StateDefinition:0.04
