SimpleQueryStringBuilder:0.49666666666666665
SimpleQueryTests:0.4866666666666667
SimpleQueryStringParser:0.4027777777777778
