ComponentTester:0.5533333333333333
RobotTest:0.4
JFileChooserTester:0.2833333333333333
JComboBoxTester:0.23333333333333334
LookAndFeelPreserverTest:0.19066666666666668
ExtendedComparator:0.10666666666666667
ListNotFoundException:0.043111111111111114
