Data:0.6
Batch:0.5833333333333334
SqlDataWriter:0.3566666666666667
SqlDataWriterTest:0.12333333333333334
Settings:0.10838095238095237
AbstractCsvData:0.02666666666666667
