ManagedChannelImpl:0.6133333333333333
ConnectivityStateManagerTest:0.43
ConnectivityStateManager:0.25333333333333335
