MultiUserChatManager:0.5966666666666667
PacketProtokollLogger:0.41333333333333333
RoomNotExistException:0.16666666666666666
MUCForbiddenException:0.16666666666666666
