SimpleScriptable:0.5833333333333334
ClassConfiguration:0.5566666666666666
JavaScriptEngine:0.3333333333333333
ApplicationCache:0.32
AbstractJavaScriptConfiguration:0.17
ClassConfigurationTest:0.13666666666666666
