Shell:0.8266666666666667
Workbench:0.8066666666666666
SarosC:0.65
STFTree:0.5625
STFBot:0.5625
Editor:0.5625
EclipseComponent:0.5616666666666666
STFTreeItem:0.5525
STFStyledText:0.4288571428571428
ProgressView:0.41305555555555556
STFLabel:0.41305555555555556
STFView:0.3976190476190476
RosterView:0.37976190476190474
SessionView:0.37976190476190474
STFWorkbenchBot:0.37761904761904763
STFMenu:0.37761904761904763
OpenC:0.3680555555555556
RSView:0.3680555555555556
PEView:0.3680555555555556
STFTable:0.35642857142857143
WindowM:0.35642857142857143
TeamC:0.35642857142857143
ChatView:0.35642857142857143
SarosPreferences:0.35642857142857143
RefactorM:0.34365079365079365
EditM:0.34365079365079365
FileM:0.34365079365079365
STFButton:0.34365079365079365
STFToolbarButton:0.34365079365079365
SarosM:0.3272804232804233
STFBotImp:0.25
STFToolbarButtonImp:0.22333333333333333
SarosCImp:0.21
STFTableImp:0.20444444444444443
EclipseComponentImp:0.20055555555555557
SessionViewImp:0.19666666666666666
EditorImp:0.19333333333333333
TeamCImp:0.19
WindowMImp:0.18333333333333332
RosterViewImp:0.18333333333333332
STFTreeItemImp:0.18
ChatViewImp:0.17666666666666667
STFShellImp:0.16333333333333333
SarosComponent:0.16333333333333333
EditMImp:0.16
FileMImp:0.15333333333333332
SarosPreferencesImp:0.11666666666666667
ProgressViewImp:0.08666666666666667
RSViewImp:0.08666666666666667
PEViewImp:0.08666666666666667
STFButtonImp:0.08666666666666667
STFLabelImp:0.08
STFMenuImp:0.07416666666666667
STFViewImp:0.04666666666666667
WorkbenchImp:0.04666666666666667
RefactorMImp:0.04666666666666667
STFWorkbenchBotImp:0.04083333333333333
STFTextImp:0.04
STFTreeImp:0.04
STFStyledTextImp:0.04
STFListImp:0.04
STFText:0.03666666666666667
STFList:0.03666666666666667
OpenCImp:0.03666666666666667
ConsoleView:0.03666666666666667
SarosComponentImp:0.03333333333333333
SarosMImp:0.018333333333333333
ConsoleViewImp:0.015833333333333335
SarosBotImp:0.0
SarosBot:0.0
