RenderingParameters:0.8166666666666667
RendererModel:0.4033333333333333
