Weapon:0.58
Game:0.54
FireSmallArms:0.23444444444444448
ScenarioAlpha:0.19666666666666666
