ModuleTestBase:0.49
MetaTab:0.31666666666666665
GenerateReportAction:0.22333333333333333
WarehouseTest:0.20333333333333334
InvoiceTest:0.17
GenerateReportServlet:0.16
Actions:0.13666666666666666
SelectedRowsXTableModel:0.06666666666666667
ShowListTitleAction:0.0
