ReloadingClassLoader:0.6377777777777778
TestReload:0.4666666666666667
