ViewState:0.39666666666666667
XmlFlowModelBuilderTests:0.37666666666666665
FlowExecutionImpl:0.32666666666666666
RequestControlContext:0.26666666666666666
RequestControlContextImpl:0.24666666666666667
MockRequestControlContext:0.2
FlowExecutionListeners:0.12
