JsonReader:0.5533333333333333
Element:0.5501111111111111
Json:0.335
