Simulator:0.6566666666666666
DefaultGrammarView:0.41
StoredGrammarView:0.3
FileGps:0.25
DefaultGxl:0.20722222222222222
GenericGrammarView:0.2
EditGraphAction:0.19777777777777777
DeleteGraphAction:0.19777777777777777
CopyGraphAction:0.19777777777777777
StateJList:0.18666666666666668
