UploadingContext:0.48
UploadAdaptor:0.37333333333333335
AbstractAdaptor:0.18666666666666668
BaseWebappTest:0.14
FilePostSender:0.14
BaseTest:0.13
JsonAdaptor:0.06666666666666667
