SenecaJobResource:0.6733333333333333
MetadataPage:0.37666666666666665
EditorModifyListener:0.2740476190476191
StructureGeneratorSettingsPage:0.19111111111111112
SenecaJobResourceEditor:0.14
IDirtyablePage:0.0011111111111111111
