Redisson:0.66
RedissonClient:0.43328571428571433
State:0.3933333333333333
RedissonSetCacheTest:0.27
CommandDecoder:0.24
RedissonSetMultimap:0.22333333333333333
RedissonListMultimap:0.22333333333333333
RedissonSetCache:0.21333333333333335
RedissonTopicTest:0.14333333333333334
RedissonTest:0.14333333333333334
EvictionScheduler:0.10333333333333333
RedissonCacheTask:0.06666666666666667
