Visitor:0.48333333333333334
StatementAnalyzer:0.30333333333333334
NameToSymbolRewriter:0.21333333333333335
RelationAnalyzer:0.2091666666666667
ExpressionAnalyzer:0.18666666666666668
AggregateAnalyzer:0.05
