Comment:0.7266666666666667
Article:0.41333333333333333
ArticleQueryService:0.36666666666666664
ArticleProcessor:0.30333333333333334
CommentQueryService:0.2733333333333333
SymphonyServletListener:0.21333333333333335
ArticleMgmtService:0.14416666666666667
