SWDownloadCandidate:0.6466666666666666
SWDownloadWorker:0.3466666666666667
HTTPHeaders:0.3446666666666667
HostBusyException:0.19
HTTPRetryAfter:0.04
