NodeViewI:0.7875
GOBrowser:0.49
NodeView:0.4266666666666667
JnetManager:0.36333333333333334
NbrowseToolbar:0.23
TermRenderer:0.1841666666666667
NBSelectionManager:0.16333333333333333
GoView:0.12333333333333334
ShowSel:0.013055555555555556
