Assignment:0.52
Layer:0.32
LongestPathLA:0.26666666666666666
HierarchicalLayoutAlgorithm:0.24666666666666667
LayerByLayerSweepCR:0.18333333333333332
LayerAssignment:0.16972222222222225
Dummy:0.043333333333333335
CrossingReduction:0.036166666666666666
