Harvester:0.7133333333333334
SearchController:0.6811111111111111
