InsertObjectList:0.5266666666666666
ValueType:0.35333333333333333
Id:0.30333333333333334
Protoclass:0.2866666666666667
UpdateObject:0.24333333333333335
Repositories:0.21
BsonEncoding:0.17777777777777778
WritableObjectPosition:0.14492063492063492
