AeronTest:0.4866666666666667
UnicastReceiverTest:0.30666666666666664
AdminBuffers:0.2966666666666667
ExceptionalSupplier:0.15694444444444444
