JpaSchemaGenerator:0.4633333333333333
DatabaseTarget:0.4502222222222222
JdbcConnectionContext:0.2833333333333333
