ByteBuddy:0.5316666666666666
ByteBuddyTest:0.41333333333333333
InterceptionAccessor:0.24666666666666667
Interceptor2:0.14772222222222223
InstanceCreator:0.14772222222222223
HelloWorldInterceptor:0.008981481481481483
UserType:0.008981481481481483
