Util:0.7266666666666667
AbstractSelect:0.31666666666666665
MergeImpl:0.3
AbstractSubSelect:0.29
