MapStoreConfigTest:0.44666666666666666
InterfacesTest:0.33
QueryCacheConfigTest:0.29
LockConfigTest:0.17333333333333334
