TypedProperties:0.71
SubstitutionsHandler:0.23444444444444448
JPPFConfiguration:0.23111111111111116
ConfigurationHelper:0.225
TestTypedProperties:0.22333333333333333
SlaveNodeLauncher:0.20077777777777775
JPPFBundlerFactory:0.18666666666666668
