SetAbstractTest:0.7383333333333333
PartitionSpecificClientProxy:0.2733333333333333
SetBasicDistributedTest:0.20666666666666667
SetBasicLocalTest:0.19
