Bond:0.7283333333333334
BondTest:0.2733333333333333
CalendarTest:0.24
DatesTest:0.15666666666666668
