BioResourceView:0.755
JCPMultiPageEditor:0.43666666666666665
TextEditor:0.38333333333333336
