GZIPResponseStream:0.6933333333333334
GZIPResponseWrapper:0.5158333333333334
CompressionFilter:0.32
