QueryVisitorTest:0.63
XContentGenerator:0.5
SQLPlugin:0.31666666666666665
QueryVisitor:0.30333333333333334
