Rewriter:0.7033333333333334
ExpressionSymbolInliner:0.24833333333333332
ProjectionPushDown:0.186
