BioclipseJob:0.6583333333333333
SenecaManager:0.5808333333333333
