Actor:0.63
ActorUtil:0.4266666666666667
LocalActorRef:0.34
GenEventActor:0.30666666666666664
GenBehaviorActor:0.23666666666666666
GenServerTest:0.22
SupervisorActor:0.21666666666666667
GenServerActor:0.21333333333333335
GenEventTest:0.15333333333333332
TempActor:0.14333333333333334
Server:0.13666666666666666
RequestReplyHelper:0.13333333333333333
Ping:0.08333333333333333
Pong:0.08333333333333333
