DrawingPanel:0.6133333333333333
JChemPaintPanel:0.48944444444444446
JChemPaintEditorPanel:0.4166666666666667
