FreeServerCockpit:0.4766666666666667
DisplayZone:0.47
ClientCockpitItemList:0.3333333333333333
FreeCockpitConfigurationHandler:0.28
CockpitItemsPanel:0.27666666666666667
BufferOfCockpitCommandsConverter:0.26
ARINCCockpitItemFactory:0.26
CockpitPanel:0.20666666666666667
LayerSetParser:0.14777777777777776
CockpitHandler:0.13666666666666666
SaveXMLActionCockpit:0.13
ServerFreeCockpitRuntime4Test:0.056666666666666664
StatefullAPICockpitItemsTest:0.05
FreeARINC661:0.023888888888888887
FreeLayerSet:0.016666666666666666
FreeLayerSets:0.013333333333333334
