InverseCumulativeNormal:0.8933333333333333
GammaDistributionTest:0.6033333333333334
