AutoModify:0.6966666666666667
BatchModify:0.41655555555555557
