ClientCallFuture:0.43
ClientExecutionServiceImpl:0.37333333333333335
ClientInvocationServiceImpl:0.33666666666666667
ClientTxnTest:0.29
ClientRequest:0.29
