WADOSupport:0.5374444444444444
WADOService:0.49666666666666665
WADOServlet:0.22
