CacheContext:0.8366666666666667
CacheGenerator:0.48333333333333334
CacheProvider:0.22333333333333333
