Operation:0.42333333333333334
Invocation:0.37333333333333335
NodeEngineImpl:0.28
MigrationManager:0.23833333333333334
RepairPartitionTableTask:0.23666666666666666
MigrationThread:0.234
InvocationRegistry:0.20666666666666667
OperationRunnerImpl:0.20666666666666667
TerminateOtherMemberOnMigrationComplete:0.19
TerminateOtherMemberOnMigrationCommit:0.18333333333333332
CallIdSequence:0.16666666666666666
InvocationRegistryTest:0.15666666666666668
NodeStateTest:0.15
MigrationCommitTest:0.14333333333333334
CallIdSequenceWithBackpressureTest:0.12333333333333334
InvocationRetryTask:0.11
Invocation_RetryTest:0.09666666666666666
CallIdSequenceWithoutBackpressureTest:0.06666666666666667
SleepingOperation:0.006666666666666667
RetryingOperation:0.0025
