Graph:0.59
CertificateStrategy:0.56
IsoSearchItem:0.32666666666666666
DefaultIsoChecker:0.3
AbstractGraph:0.26
Bisimulator:0.21666666666666667
Groove:0.20666666666666667
DefaultAbstrGraph:0.20333333333333334
GraphTest:0.2
IsoChecker:0.19033333333333333
RichDeltaGraph:0.17333333333333334
NewDeltaGraph:0.17333333333333334
GTS:0.16666666666666666
IsoSearchPair:0.14
DefaultGraphPatternHasher:0.12
PGTS:0.1
GraphCache:0.08666666666666667
TreeHashStateSet:0.043333333333333335
RuleProperty:0.02
StateSet:0.02
