CesecoreConfiguration:0.43333333333333335
ErrorCode:0.4066666666666667
CAsTest:0.37666666666666665
CAAdminSessionBean:0.3466666666666667
CryptoTokenNameInUseException:0.32
CAKeystoreExportRemoveRestoreTest:0.24666666666666667
CryptoTokenMBean:0.24333333333333335
CaTestCase:0.24333333333333335
CryptoTokenSessionLocal:0.22166666666666668
CaSessionBean:0.22
CrmfRARequestTest:0.21333333333333335
CryptoTokenManagementSessionBean:0.21
CaInitCommand:0.19666666666666666
BaseCryptoTokenCommand:0.14
CryptoTokenSessionBean:0.11666666666666667
CryptoTokenCreateCommand:0.04
CAAdminTestSessionBean:0.0
