SparkElementsLearningAlgorithm:0.3883730158730159
BaseSparkLearningAlgorithm:0.30666666666666664
TrainingFunction:0.17
SparkCBOW:0.1
SparkSequenceVectors:0.03666666666666667
SparkSkipGram:0.02
