GwtTeamingImageBundle:0.37666666666666665
GwtServerHelper:0.33666666666666667
GwtAdminCategory:0.31
GwtMainPage:0.2866666666666667
AdminActionsTreeControl:0.19666666666666666
AdminControl:0.18
AdminCategoryControl:0.1
AdminActionControl:0.01
