IPersistedResource:0.7333333333333333
BioResource:0.6
FolderResource:0.30333333333333334
FileResource:0.22666666666666666
RootFolderResource:0.22
StringResource:0.1817777777777778
BioResourceContentProvider:0.14333333333333334
