ClientAction:0.49333333333333335
ClientActionTests:0.25666666666666665
ClientAuthenticationHandler:0.22333333333333333
AbstractServletContextInitializer:0.2
AbstractPac4jAuthenticationHandler:0.1
AbstractWrapperAuthenticationHandler:0.006666666666666667
UsernamePasswordWrapperAuthenticationHandler:0.006666666666666667
Pac4jServletContextListener:0.0
