ClientMapProxy:0.6166666666666667
AbstractMapQueryRequest:0.27
ClientMapTest:0.20333333333333334
