AbstractEventForwarder:0.5088333333333334
OVsPMD:0.49333333333333335
DefaultConfigurationTest:0.35
