JdbcChadoAdapter:0.6083333333333333
TigrChadoInstance:0.4633333333333333
PostgresChadoAdapter:0.2633333333333333
SybaseChadoAdapter:0.24
