XmlConfigBuilder:0.5405555555555556
ManagementCenterService:0.4033333333333333
XMLConfigBuilderTest:0.36833333333333335
MapThread:0.1624761904761905
QueueThread:0.1624761904761905
MultiMapThread:0.14
DemoApp:0.13333333333333333
