GraphElement:0.8233333333333334
RenameAttributeSelectionListener:0.4241666666666667
