BootstrapDrawableFactory:0.47333333333333333
BootstrapBaseThumbnail:0.45
BootstrapCircleThumbnail:0.39666666666666667
BootstrapThumbnail:0.3333333333333333
BootstrapThumbnailExample:0.23666666666666666
