ListOQLTest:0.38333333333333336
FormsOQLTest:0.36333333333333334
MakumbaJspTestCase:0.3
MakumbaTestData:0.20927777777777778
ExceptionTest:0.185
FormsHQLTest:0.185
ListHQLTest:0.17833333333333334
MakumbaTestSetup:0.13333333333333333
MakumbaCommonTagsTest:0.12166666666666667
Suite:0.06166666666666667
