SerialDataStore:0.5433333333333333
Factory:0.46
SerialController:0.22
ConfigXmlHandler:0.19333333333333333
SystemData:0.16444444444444445
TestPersist:0.14
Controller:0.0
