MediaCreationException:0.53
FileUtils:0.45666666666666667
MediaCreationRequest:0.41
MediaComposerService:0.30666666666666664
MakeIsoImageService:0.30333333333333334
FilesetBuilder:0.27666666666666667
DicomDirDOM:0.26166666666666666
CDRecordService:0.25333333333333335
StoreScpService:0.24
SpoolDirDelegate:0.23333333333333334
MediaCreationMgtScpService:0.205
SpoolDirService:0.2
NeroCmdService:0.18333333333333332
AbstractMediaWriterService:0.07666666666666666
LabelCreator:0.07
