OCSPServletBase:0.5266666666666666
ProtocolLookupServerHttpTest:0.46
OCSPUnidExtension:0.31666666666666665
