XslProcessing:0.7327777777777779
GetSuggestion:0.5357380952380953
