TemplateTester:0.779388888888889
TypeChecker:0.7466666666666667
