Container:0.6633333333333333
Key:0.4066666666666667
ContainerImpl:0.4
ConstructorInjector:0.19666666666666666
ContainerTest:0.15333333333333332
ConstantConversionTest:0.13333333333333333
NotRequiredTest:0.12
SuperclassTest:0.09
CircularDependencyTest:0.07666666666666666
GenericInjectionTest:0.07666666666666666
FactoryTest:0.07666666666666666
FactoryInjectionTest:0.07666666666666666
