NeuralNetworkScene:0.5288888888888889
NeuralNetworkUtils:0.38
NeuronWidget:0.3433333333333333
RouterConnection:0.34
MainPopupMenuProvider:0.11666666666666667
