Util:0.6
OkResponseCache:0.5133333333333333
HttpResponseCache:0.36666666666666664
ResponseHeaders:0.36
HttpResponseCacheTest:0.3566666666666667
HttpEngine:0.33
URLConnectionTest:0.30333333333333334
HttpsURLConnectionImpl:0.3
Policy:0.29866666666666664
Body:0.2866666666666667
HttpURLConnectionImpl:0.25666666666666665
Job:0.19333333333333333
OkHttpClient:0.19
Entry:0.17
HttpsEngine:0.12333333333333334
AbstractOkResponseCache:0.11833333333333333
UnreadableResponseBody:0.03333333333333333
AsyncApiTest:0.03
CacheResponseBody:0.0033333333333333335
