HtmlTreeBuilder:0.7366666666666667
UrlConnectTest:0.3233333333333333
HtmlParserTest:0.2227777777777778
