DeserializeBeanInfo:0.6766666666666666
JavaBeanDeserializer:0.3566666666666667
ASMDeserializerFactory:0.3333333333333333
Context:0.32
