CockpitConfigurationHandlerTest:0.3566666666666667
ClientXMLDFHandlerTest:0.2425
DFHandler_KOTest:0.235
NetworkHandlerTest:0.21583333333333332
DFHandler_2Test:0.20827777777777778
ClientXMLDFHandler_2Test:0.17555555555555558
ClientXMLDFHandlerSupp5Test:0.17333333333333334
DFHandler_3Test:0.17305555555555557
ClientXMLDFHandler_KOTest:0.14444444444444443
ConfigParser:0.14333333333333334
