HighlightBondGenerator:0.49333333333333335
HighlightAtomGenerator:0.49333333333333335
MoleculesEditorLabelProvider:0.33666666666666667
JChemPaintWidget:0.26
