PeakTableViewer:0.5
PeakSorter:0.49666666666666665
PeakCellModifier:0.18
MySelectionAdapter:0.10333333333333333
