XSLTag:0.5233333333333333
NavigationTag:0.5033333333333333
XSLTagTest:0.29333333333333333
CurrentBuildStatusTag:0.22333333333333333
NavigationTagTest:0.15666666666666668
