ErrorMapper:0.6285873015873015
Mapper:0.59675
SqlProviderTest:0.46
ProviderSqlSource:0.39
OurSqlBuilder:0.19
ErrorSqlBuilder:0.04
