User32:0.6533333333333333
Kernel32:0.5655555555555556
GDI32:0.355
Kernel32Test:0.27666666666666667
WNDENUMPROC:0.27051984126984113
AlphaMaskDemo:0.2633333333333333
WinUser:0.24666666666666667
W32WindowUtils:0.19666666666666666
W32KeyboardUtils:0.11666666666666667
KeyHook:0.10333333333333333
LowLevelKeyboardProc:0.0867222222222222
BLENDFUNCTION:0.04666666666666667
OSVERSIONINFO:0.043333333333333335
MSG:0.023888888888888887
KBDLLHOOKSTRUCT:0.023888888888888887
DWORD:0.02
POINT:0.02
RECT:0.01
SIZE:0.01
GUITHREADINFO:0.0
WINDOWINFO:0.0
HOOKPROC:0.0
HHOOK:0.0
FLASHWINFO:0.0
