HttpUrl:0.57
Builder:0.43666666666666665
UrlComponentEncodingTester:0.4166666666666667
HttpUrlTest:0.3233333333333333
