ViewScene:0.4866666666666667
ObjectViewTopComponent:0.38666666666666666
ObjectNodeWidget:0.31
ObjectViewService:0.24333333333333335
ViewBuilder:0.14666666666666667
