Cluster:0.6708333333333333
DBTCPConnector:0.44666666666666666
ReplicaSetStatus:0.4
BaseCluster:0.2966666666666667
MyPort:0.27666666666666667
