WebKeys:0.5910000000000001
LoginFilter:0.39
UrlTag:0.29333333333333333
