TableView:0.6
KVView:0.32111111111111107
TimeTunnelCommand:0.26666666666666666
GaServer:0.20333333333333334
HelpCommand:0.2
IOUtil:0.15833333333333333
ClassInfoView:0.14333333333333334
SessionCommand:0.13333333333333333
MonitorCommand:0.10333333333333333
MethodInfoView:0.09666666666666666
