EditorScript:0.6266666666666667
ScriptHelper:0.5733333333333334
ScriptException:0.4083333333333333
ScriptContext:0.33666666666666667
GroovyException:0.31666666666666665
GroovyScript:0.27666666666666667
ApplyScriptAction:0.27666666666666667
UndefinedScriptException:0.25333333333333335
EditorScriptContext:0.17777777777777776
EditorScriptHelper:0.17666666666666667
GroovyEditorScript:0.02666666666666667
