ShadowRatingBar:0.5838888888888889
TestRatingBarChangedListener:0.40127777777777773
RatingBarTest:0.12
ShadowProgressBar:0.09
