ExecutionService:0.6641666666666667
VariableInstanceImpl:0.39666666666666667
VariableUpdateLogImpl:0.36
JbpmExecutionServiceBean:0.32666666666666666
ExecutionServiceDelegateLocalImpl:0.25
ExecutionServiceDelegateRemoteImpl:0.25
ExecutionServiceDelegate:0.2277777777777778
JbpmExecutionLogic:0.18666666666666668
Messages:0.07894444444444444
ShowHistoryFormTag:0.06666666666666667
ShowHistoryLinkTag:0.0
