ReplacementStrategy:0.6473333333333333
ExtentsStrategy:0.4766666666666667
KeywordsStrategy:0.36
FormatsStrategy:0.36
ContactsStrategy:0.35
Reject:0.06666666666666667
Validate:0.06666666666666667
