AbstractTraversableTest:0.5666666666666667
EmptyNode:0.33666666666666667
HashArrayMappedTrieTest:0.30333333333333334
Cons:0.26
HashMultimapTest:0.23666666666666666
LinkedHashMultimapTest:0.23666666666666666
TreeMultimapTest:0.23666666666666666
IteratorTest:0.19416666666666665
