ArticleQueryService:0.35
CommentQueryService:0.2833333333333333
Comment:0.275
Article:0.2666666666666666
