GUI:0.6133333333333333
TasksCheckerTask:0.31666666666666665
TaskChecker:0.27666666666666667
