GeneEditPanel:0.4766666666666667
TierPopupMenu:0.39666666666666667
HelpMenu:0.33
AnnotationMenu:0.29
