SQLTransportExecutor:0.4166666666666667
PGArray:0.3333333333333333
PGTypes:0.2422222222222222
PostgresITest:0.16666666666666666
PGTypesTest:0.14333333333333334
