VectorClockTimestamp:0.5866666666666667
HazelcastTestSupport:0.37333333333333335
ReplicatedRecord:0.2733333333333333
