RmiProtocol:0.8166666666666667
ProtocolsTest:0.3065714285714286
