TicketMetadata:0.6366666666666667
HazelcastTicketRegistry:0.43333333333333335
HazelcastTicketRegistryConfiguration:0.25333333333333335
DefaultTicketMetadataCatalogRegistrationPlan:0.17666666666666667
CasProtocolCoreTicketMetadataRegistrationConfiguration:0.13
TicketMetadataCatalogRegistrationPlan:0.08666666666666667
