Style:0.7366666666666667
GeneEditPanel:0.30666666666666664
