AbstractCacheService:0.44333333333333336
EntryViews:0.31
ReplicatedMapService:0.30666666666666664
MapSplitBrainHandlerService:0.2966666666666667
Merger:0.16111111111111112
