ProtectedLogTest:0.4
ProtectedLogSessionBean:0.34
ProtectedLogTestAction:0.32666666666666666
ProtectedLogTestActionResult:0.30333333333333334
ProtectedLogSessionRemote:0.043333333333333335
