TODSession:0.6066666666666667
DefaultExecutionTracker:0.39666666666666667
ProgramStep:0.335
ClassInformationProvider:0.30666666666666664
TODSessionImpl:0.2866666666666667
DefaultActionHandler:0.25666666666666665
StateInfo:0.13666666666666666
NullClassInformationProvider:0.04666666666666667
