ValueType:0.48333333333333334
ValueAttribute:0.4766666666666667
PrintVisitor:0.24444444444444446
Discovery:0.24
Naming:0.22666666666666666
CaseStructure:0.20333333333333334
PrefixSuffixNaming:0.19
TypeIntrospectionBase:0.15
Values:0.12966666666666665
ConstantNaming:0.04666666666666667
AnnotationPrinting:0.04
