EdgeTableModel:0.5366666666666666
NBrowseApplet:0.37222222222222223
EdgeTableView:0.26
