AbstractSymmetricEngine:0.6527777777777777
AbstractJob:0.41333333333333333
SymmetricServlet:0.35333333333333333
