HTMLScanner:0.53
OutContentHandler:0.37333333333333335
TagBalancer:0.16666666666666666
HTMLScannerDebugger:0.05333333333333334
CanonicalTest:0.006666666666666667
