WebFilter:0.5
HazelcastHttpSession:0.4533333333333333
RequestWrapper:0.37666666666666665
WebDataSerializerHook:0.13666666666666666
TestServlet:0.1
SessionListener:0.09666666666666666
HazelcastInstanceLoader:0.08666666666666667
