StageId:0.49333333333333335
TaskId:0.4666666666666667
TestNodeScheduler:0.27666666666666667
TestSourcePartitionedScheduler:0.16333333333333333
TestSqlTask:0.14666666666666667
AbstractOperatorBenchmark:0.13666666666666666
BenchmarkData:0.13666666666666666
TestingTaskContext:0.12666666666666668
