TypeInferenceVisitor:0.6604444444444444
AttributeLocator:0.5011111111111111
