SelectAnalyzerTest:0.67
Context:0.44655555555555554
DataStatementAnalyzer:0.32666666666666666
