HazelcastClient:0.51
ManagementCenterService:0.3933333333333333
ClientClusterServiceImpl:0.31
ClusterListenerThread:0.29027777777777775
TransactionContextProxy:0.2536111111111111
HazelcastClientProxy:0.21194444444444446
ManagementCenterConfigOperation:0.20722222222222222
ClientConnectionTest:0.15333333333333332
SmartClientConnectionManager:0.1211111111111111
SimpleMapTestFromClient:0.09
