UDPChannel:0.4033333333333333
RcvFrameHandler:0.30333333333333334
SrcFrameHandler:0.30333333333333334
EventLoopTest:0.25
