MeasurementStyle:0.7533333333333333
AdvancedMeasureOptionsPanel:0.48333333333333334
MeasureLayerFinder:0.34
