MangoTargetLauncher:0.49333333333333335
ConfigurationDetails:0.44666666666666666
JPF_MIRROR:0.2775
LoginDialog:0.22333333333333333
ALOAD:0.17
