Event:0.38666666666666666
SimpleProfiler:0.36
AbstractEntryProcessor:0.31
AbstractBinderProcessor:0.28
IndexSynchronizationManager:0.22733333333333333
Constants:0.014285714285714285
