FilrAdminTask:0.5033333333333333
FilrAdminTasks:0.36666666666666664
GwtTeamingMessages:0.32666666666666666
AdminInfoDlg:0.23444444444444448
GwtNetFolderHelper:0.22333333333333333
GwtUpgradeInfo:0.22
NetFolderHelper:0.2
AdminControl:0.19666666666666666
GwtRpcServiceImpl:0.19
GwtFilrAdminTask:0.09666666666666666
EnterProxyCredentialsTask:0.06
ObjectKeys:0.02666666666666667
GwtEnterProxyCredentialsTask:0.008333333333333333
