Mesh:0.38333333333333336
StringBuilder:0.37666666666666665
MapLayer:0.31
OpenALMusic:0.27666666666666667
VertexBufferObjectSubData:0.25333333333333335
Camera:0.24666666666666667
OrthogonalTiledMapRenderer:0.20333333333333334
BaseTmxMapLoader:0.17333333333333334
IsometricTiledMapRenderer:0.16333333333333333
OrthoCachedTiledMapRenderer:0.16
IsometricStaggeredTiledMapRenderer:0.15666666666666668
HexagonalTiledMapRenderer:0.10666666666666667
RotateToAction:0.10666666666666667
