CharStream:0.76
Lexer:0.4533333333333333
LexerATNSimulator:0.32
BaseTest:0.31333333333333335
ANTLRStringStream:0.26666666666666666
TestATNLexerInterpreter:0.19
TestLexerExec:0.11666666666666667
TestL:0.08333333333333333
