PublicationImage:0.43
CongestionControl:0.38333333333333336
Receiver:0.30333333333333334
Context:0.2966666666666667
DriverConductorTest:0.2722222222222222
DriverConductor:0.22333333333333333
CongestionControlUtil:0.16166666666666665
ReceiverTest:0.13333333333333333
DefaultCongestionControlSupplier:0.11
PublicationImageHotFields:0.0
