KernelContext:0.635
KernelContextTest:0.2833333333333333
DummyKernelServices:0.2347222222222222
KernelServices:0.2347222222222222
TerminateAllAction:0.17
