ShowInRubyExplorerViewAction:0.5466666666666666
RubyEditor:0.5188888888888888
RdtActionConstants:0.014071428571428572
