AbstractLiquibaseCommand:0.38666666666666666
CloseableLiquibase:0.3566666666666667
CloseableLiquibaseTest:0.27
CloseableLiquibaseWithClassPathMigrationsFile:0.25333333333333335
CloseableLiquibaseWithFileSystemMigrationsFile:0.08666666666666667
