XmlResourceParserImpl:0.5
style:0.48611111111111116
ShadowResources:0.36
TestWithStyleAttrActivity:0.20333333333333334
ThemeTest:0.10666666666666667
layout:0.014285714285714285
