HttpClientBuilder:0.4533333333333333
JerseyClientBuilder:0.32222222222222224
DbMigrateCommandTest:0.24194444444444443
DropwizardApacheConnectorTest:0.22333333333333333
HttpClientBuilderTest:0.17333333333333334
DbStatusCommand:0.16666666666666666
