SelectiveReceiveHelper:0.51
ActorTest:0.43333333333333335
BasicActor:0.4166666666666667
