PeriodicTablePanel:0.69
AboutDialog:0.39166666666666666
ModifyRenderOptionsDialog:0.2833333333333333
