XMPPChatTransmitter:0.51
IDataReceiver:0.2561111111111111
ChecksumErrorExtension:0.235
DataTransferManager:0.23333333333333334
ConsistencyAction:0.16666666666666666
RequestExtensionProvider:0.11
FileZipper:0.09744444444444443
