MainScene:0.5033333333333333
TimeWindow:0.35333333333333333
MarsClock:0.3466666666666667
MasterClock:0.3383333333333333
TestTimeWindow:0.13333333333333333
