Charsets:0.6666666666666667
StringElement:0.39
RefSOPImpl:0.32166666666666666
