Solver:0.41
InferenceRule:0.34
BDDInferenceRule:0.30666666666666664
BDDRelation:0.26666666666666666
Variable:0.25666666666666665
BDDSolver:0.21333333333333335
FieldDomain:0.04666666666666667
Relation:0.043333333333333335
