Node:0.58
AdminModule:0.36616666666666664
SearchNodeInfo:0.32
CommonDependencyInjection:0.32
ManageSearchNodesController:0.2733333333333333
AbstractAdminModule:0.11666666666666667
