WorkflowModuleImpl:0.5633333333333334
StartThreads:0.4666666666666667
DecisionAction:0.23866666666666664
