Event:0.68
NodeImpl:0.32
EventListenersContainer:0.30333333333333334
EventTest:0.21333333333333335
