EventData:0.6586666666666667
GraphODE:0.4866666666666667
Solver:0.3711111111111111
FirstOrderIntegratorAdapter:0.36
CVodeAdapter:0.23
