CharacterReader:0.5983333333333334
ParserTest:0.5083333333333333
CharacterReaderTest:0.1
