DocLevelCollectTest:0.20666666666666667
LocalDataCollectTest:0.14666666666666667
TransportExecutor:0.14
LocalCollectTask:0.06666666666666667
LocalCollectTaskTest:0.020555555555555556
TransportExecutorTest:0.02
DistributingCollectOperation:0.01
TransportCollectNodeAction:0.01
CollectOperationModule:0.0
