JPPFLeakPrevention:0.6183333333333333
AbstractThreadManager:0.4813095238095238
