DatastreamListener:0.33666666666666667
DatastreamsPane:0.26
ObjectEditorFrame:0.2544444444444445
DisseminatorPane:0.25333333333333335
ViewObject:0.23777777777777775
MethodMapGenerator:0.22611111111111115
EditingPane:0.19666666666666666
DatastreamPane:0.17
DisseminatorsPane:0.14333333333333334
DatastreamBindingPane:0.14
DatastreamInputSpec:0.12333333333333334
MethodDefinition:0.12
ViewObjectXML:0.11277777777777777
CurrentVersionPane:0.11
ObjectPane:0.10777777777777776
DatastreamInputSpecDeserializer:0.10333333333333333
DatastreamBindingRule:0.07666666666666666
MethodDefinitionsDeserializer:0.05
PriorVersionPane:0.03666666666666667
DatastreamBindingComparator:0.03
ParameterDefinition:0.03
PurgeButtonListener:0.006666666666666667
NewDisseminatorPane:0.0033333333333333335
