AbstractSamlProfileHandlerController:0.5366666666666666
SamlIdPConfiguration:0.36333333333333334
SSOPostProfileHandlerController:0.3466666666666667
SamlIdPConstants:0.014444444444444444
