TransactionImplementation:0.4533333333333333
QueryProvider:0.36333333333333334
DBConnection:0.2833333333333333
HibernateTransaction:0.24
QueryExecution:0.23333333333333334
DBConnectionWrapper:0.22333333333333333
RequestAttributes:0.2055
DbConnectionProvider:0.1361111111111111
HQLQueryProvider:0.13
EasyMap:0.10666666666666667
OQLQueryProvider:0.08
