GwtViewHelper:0.43666666666666665
Html5SpecsRpcResponseData:0.39666666666666667
AddFilesHtml5Popup:0.38333333333333336
GwtTeamingMessages:0.32666666666666666
FileBlob:0.31333333333333335
GwtRpcServiceImpl:0.25
GwtServerHelper:0.24733333333333335
GwtHtml5Helper:0.17333333333333334
AbortFileUploadCmd:0.10666666666666667
GetHtml5SpecsCmd:0.04666666666666667
Html5Helper:0.013333333333333334
