ObjectGraph:0.5766666666666667
ModuleIncludesTest:0.22333333333333333
MembersInjectorTest:0.21333333333333335
ReflectiveModuleAdapter:0.15333333333333332
InjectionTest:0.14333333333333334
ProvidesProcessor:0.14
CoffeeApp:0.1361111111111111
