BuildInfoSummary:0.92
TimeChartData:0.5666666666666667
TimeChartDataTest:0.016666666666666666
