BatchCommandData:0.49333333333333335
CommandBatchService:0.34
Entry:0.31666666666666665
RedissonBatchTest:0.19666666666666666
