DumpDataWriter:0.7666666666666667
UsingInputStream:0.37666666666666665
UsingMemoryMappedFile:0.2866666666666667
UsingBufferedStreams:0.03666666666666667
UsingScanner:0.03666666666666667
