CMap:0.4166666666666667
NamedExecutorService:0.3566666666666667
ExecutorManager:0.33666666666666667
ExecutorServiceTest:0.17
WriteHandler:0.16577777777777777
BasicTestTask:0.13666666666666666
NestedExecutorTask:0.11777777777777776
