Connection:0.7283333333333334
ConnectionsPage:0.24333333333333335
