SingleInvocation:0.43666666666666665
NodeServiceImpl:0.4066666666666667
DefaultNodeInitializer:0.24777777777777782
NodeInitializerFactory:0.16
GroupProperties:0.11194444444444443
DataSerializer:0.013333333333333334
