SyslogWriter:0.64
AuditLogger:0.43333333333333335
AuditLoggerImpl:0.3466666666666667
