BinderImpl:0.6766666666666666
ScopesTest:0.18666666666666668
