Merger:0.7466666666666667
IndexAnalysis:0.37666666666666665
ToAnalysis:0.37
