Ec2DiscoveryPlugin:0.49666666666666665
S3RepositoryPlugin:0.49666666666666665
SettingsModule:0.2733333333333333
