HttpClientOptions:0.4766666666666667
NetClientOptions:0.36
HttpTLSTest:0.25666666666666665
NetExamples:0.24666666666666667
NetClientImpl:0.24333333333333335
ClientOptionsBase:0.24
VertxHandler:0.23666666666666666
HTTPExamples:0.23333333333333334
NetTest:0.21666666666666667
ConnectHttpProxy:0.17333333333333334
TLSTest:0.12904761904761905
ClientOptionsBaseConverter:0.1259920634920635
