ClusterServiceImpl:0.4766666666666667
HazelcastClient:0.47
ClusterClientProxy:0.43666666666666665
GetMembersHandler:0.21333333333333335
