Renderer:0.3354761904761905
BaseBulletTest:0.32
EdgeDetectionTest:0.2633333333333333
NewModelTest:0.23
DefaultShaderProvider:0.1738888888888889
BatchRenderTest:0.12666666666666668
