OperationService:0.7275
MapProxySupport:0.38333333333333336
ObjectMapProxy:0.3433333333333333
DataMapProxy:0.22666666666666666
OperationServiceImpl:0.22
