BeanConfig:0.6866111111111112
DefaultJaxrsScanner:0.26611111111111113
