ESTestCase:0.5566666666666666
TransportBulkAction:0.4
PrioritizedRunnableTests:0.2733333333333333
