ClassDescriptor:0.7233333333333334
SymbolTable:0.41
Linker:0.27666666666666667
ObjectInitParentStep:0.20666666666666667
