MavenSnapshotDependencyTest:0.4266666666666667
NantBuilderTest:0.4066666666666667
TimeoutProcess:0.38333333333333336
InputBasedMockCommandLineBuilder:0.31133333333333335
InputBasedCommandLineMockCVS:0.26
