MetadataPermissionsServiceImpl:0.38666666666666666
AuthenticationServiceImpl:0.3
AuthenticationManager:0.20666666666666667
AuthenticationServiceTest:0.18666666666666668
AuthorizationService:0.17666666666666667
