HunspellTokenFilterFactory:0.5427777777777777
HunspellService:0.49333333333333335
HunspellTokenFilterFactoryTests:0.08666666666666667
