ClientMapTest:0.3933333333333333
PartitionClientRequest:0.29
MapGetRequest:0.21
MapRemoveRequest:0.21
MapPutRequest:0.16333333333333333
