AnnotationTable:0.64
PubProperties:0.4666666666666667
UpdateAnnotation:0.35
AnnotationBeanTest:0.27
TestConnectionFactory:0.22111111111111115
