Http2Pool:0.44333333333333336
HttpServerImpl:0.4
ConnQueue:0.3233333333333333
VertxHttp2ConnectionHandler:0.32
VertxHttp2ConnectionHandlerBuilder:0.2633333333333333
ConnectionManager:0.22333333333333333
