HtmlPage:0.7466666666666667
HtmlUnitDOMBuilder:0.33666666666666667
HTMLParserTest:0.19
