DictionaryEncodedCursor:0.42
DictionaryEncodedBlockCursor:0.38166666666666665
DictionarySerde:0.34500000000000003
TestDictionarySerde:0.27666666666666667
