DiskFreeDialog:0.6666666666666666
DiskFreeSettings:0.38066666666666665
Main:0.18333333333333332
