EditorEngine:0.6311111111111112
EditorWidgetTableConstructor:0.3466666666666667
