ComputationGraph:0.7533333333333333
NetworkUtils:0.37333333333333335
TestLrChanges:0.03
