Model:0.7966666666666666
GraphState:0.7133333333333334
SimulatorModel:0.5433333333333333
Exploration:0.4766666666666667
Simulator:0.4666666666666667
GTS:0.4533333333333333
Condition:0.4166666666666667
Strategy:0.41
Acceptor:0.38
ExploreResult:0.37666666666666665
AspectGraph:0.33666666666666667
ExploreAction:0.3333333333333333
TypeEdge:0.32666666666666666
CertificateStrategy:0.31
LTSJVertex:0.2966666666666667
GrammarProperties:0.29333333333333333
BigRealAlgebra:0.29
BigIntAlgebra:0.29
PointIntAlgebra:0.29
PointRealAlgebra:0.29
TermRealAlgebra:0.29
JavaIntAlgebra:0.29
JavaRealAlgebra:0.29
CTLMarker:0.2891666666666667
AttrGraph:0.2866666666666667
BasicEvent:0.27666666666666667
TermTreeParser:0.27666666666666667
LTLStrategy:0.2733333333333333
Generator:0.2688888888888889
TermIntAlgebra:0.25333333333333335
AbstractGraphState:0.25333333333333335
ExpressionTest:0.25333333333333335
IntSignature:0.24666666666666667
RealSignature:0.24666666666666667
ExplorationDialog:0.23888888888888885
SaveLTSAsDialog:0.23333333333333334
LTSJGraph:0.23
StateTree:0.22666666666666666
ExploreThread:0.22666666666666666
NodeFactory:0.22333333333333333
StatisticsReporter:0.22333333333333333
Exporters:0.21333333333333335
Transformer:0.21333333333333335
StateDisplay:0.21333333333333335
PlanData:0.21
AlgebraTest:0.21
LTSJModel:0.20666666666666667
ActionStore:0.20333333333333334
CheckLTLAction:0.19444444444444445
LTSDisplay:0.19333333333333333
PrologDisplay:0.19333333333333333
MyGTSListener:0.19
RuleDisplay:0.19
ExplorationTest:0.19
ThreadPool:0.18166666666666667
StepHistory:0.18
GotoFinalStateAction:0.18
PrologChecker:0.17666666666666667
GTSChangeListener:0.17333333333333334
GotoStartStateAction:0.17111111111111113
MatcherFactory:0.16666666666666666
StartSimulationAction:0.16544444444444445
LTLTest:0.16333333333333333
ModelCheckingMenu:0.16
AnyStateAcceptor:0.16
LabelValue:0.15666666666666668
SaveLTSAsAction:0.15444444444444444
PlanSearchEngine:0.15166666666666667
CTLTest:0.15
StateReporter:0.14666666666666667
PredicateAcceptor:0.13666666666666666
CycleAcceptor:0.13333333333333333
StateTreeNode:0.12
EdgeEmbargo:0.11476190476190477
FinalStateAcceptor:0.11
CTLModelChecker:0.11
CheckCTLAction:0.10333333333333333
LTSReporter:0.09
CycleResult:0.08666666666666667
ControlAttributeParametersTest:0.08666666666666667
GTSModel:0.08
GraphModel:0.06333333333333334
ExploreStateStrategy:0.05333333333333334
NoStateAcceptor:0.05333333333333334
ActionApplied:0.0
