AbstractRegisteredService:0.5633333333333334
RegisteredServiceEditBean:0.36666666666666664
Cas30ResponseView:0.36333333333333334
ServiceData:0.31133333333333335
AnonymousRegisteredServiceUsernameAttributeProvider:0.3047619047619048
JsonServiceRegistryDaoTests:0.28
CentralAuthenticationServiceImpl:0.23666666666666666
AbstractArgumentExtractor:0.21333333333333335
RegisteredServiceViewBean:0.19
TestUtils:0.16333333333333333
RegisteredServiceRegexAttributeFilterTests:0.14333333333333334
MultifactorAuthenticationTests:0.13333333333333333
DefaultArgumentExtractor:0.09333333333333334
CasArgumentExtractor:0.043333333333333335
