WrapperLocator:0.31666666666666665
EventualProvider:0.3
InsertObjectList:0.27666666666666667
FluentFutures:0.2733333333333333
ImmutableGenerateType:0.21666666666666667
ImmutableGenerateAttribute:0.21666666666666667
TimeInstant:0.21666666666666667
Domain:0.16
Ord:0.15666666666666668
ServiceLauncher:0.15666666666666668
MarshalableWrapper:0.15666666666666668
