QueryManager:0.5167222222222222
QueryExecution:0.5167222222222222
PurgeQueriesRunnable:0.33
SqlQueryExecution:0.2833333333333333
FailedQueryExecution:0.28
SqlQueryManager:0.185
DataDefinitionExecution:0.18333333333333332
