CruiseDashboardServer:0.5133333333333333
StopTestingServerServlet:0.37333333333333335
AdminTest:0.3433333333333333
SpecifyConfigLocationTest:0.19
WebTestingServer:0.06416666666666666
