CommandThread:0.5816666666666667
ProjectUICommands:0.4766666666666667
MainWindowMenuHandler:0.37666666666666665
