ProgressBar:0.7482777777777778
AnimationDesc:0.3663888888888889
