Serializer:0.5258333333333334
MatcherFilter:0.23333333333333334
DefaultSerializer:0.04666666666666667
BytesSerializer:0.04666666666666667
InputStreamSerializer:0.04666666666666667
