JdbcChadoAdapter:0.6433333333333333
ChadoFeatureLoc:0.54
PostgresChadoAdapter:0.2633333333333333
SybaseChadoAdapter:0.20666666666666667
