GlobalOptionGroup:0.47
OptionGroupPane:0.4066666666666667
CombinedOptions:0.3
BufferOptionPane:0.24333333333333335
PluginOptionGroup:0.14666666666666667
