WebserviceBean:0.44
EndToEndViewScene:0.37
WebserviceBeanImpl:0.2866666666666667
PersistenceService:0.2833333333333333
Constants:0.23777777777777775
ApplicationEntityManagerImpl:0.23
KuwaibaService:0.22
ViewModule:0.21
SceneExporter:0.17333333333333334
EndToEndView:0.17
EndToEndViewDashboardWidget:0.15
ScriptQueryExecutorImpl:0.12333333333333334
GenericConnectionDefinition:0.10333333333333333
ObjectLinkObjectDefinition:0.09
E2ENode:0.05
E2EEdge:0.05
NoCommercialModuleFoundException:0.0025
