TreeUtil:0.8633333333333333
OuterReferenceFixer:0.31333333333333335
LambdaGenerator:0.2866666666666667
