Parser:0.8033333333333333
EulerExt:0.15666666666666668
