HttpHeaderWriterWebFilter:0.49666666666666665
HeaderBuilderTests:0.4766666666666667
HeaderBuilder:0.24666666666666667
HttpHeaderWriterWebFilterTests:0.18
