JdbcJobInstanceDao:0.48333333333333334
MapJobInstanceDao:0.33
JobInstanceRowMapper:0.27666666666666667
AbstractJobInstanceDaoTests:0.04666666666666667
