DbxmlSearchEngine:0.38666666666666666
DbxmlPartition:0.23333333333333334
CqpSearchEngine:0.23
XairaSearchEngine:0.23
QueryResult:0.1468888888888889
Partition:0.03444444444444444
Phenomenon:0.03444444444444444
