DrawableFeatureSet:0.6133333333333333
DrawableSeqFeature:0.35
ApolloPanel:0.33
FeatureView:0.30333333333333334
FeatureTierManager:0.25
StrandedZoomableApolloPanel:0.23916666666666667
LinearView:0.19833333333333333
DragFeatureView:0.19
