PercolateQueryBuilderTests:0.8094444444444445
PercolatorQuerySearchIT:0.31333333333333335
