JCache:0.61
RedissonRemoteService:0.3333333333333333
RedissonSetCache:0.32666666666666666
RedissonExecutorService:0.2866666666666667
