MaxMinNormalizer:0.31333333333333335
DecimalScaleNormalizer:0.2833333333333333
RangeNormalizer:0.25666666666666665
MaxNormalizer:0.24333333333333335
