ISpectrumManager:0.44333333333333336
WCCTool:0.4422222222222223
SpectrumManager:0.22
