XJBGUISettings:0.6116666666666667
XJBGUISettingsImpl:0.37
MainFrame:0.2733333333333333
SearchMonitorTab:0.26666666666666666
Unmarshaller:0.264
XJBSearchFilterImpl:0.25333333333333335
ResultMonitorTab:0.24
PassiveSearchHandler:0.14
