SpdyConnection:0.5133333333333333
Connection:0.4033333333333333
Util:0.32
Builder:0.25333333333333335
Reader:0.23611111111111113
