Document:0.74
ReportFlashList:0.2423968253968254
ReportSummaryOfRecords:0.23906349206349206
