Node:0.77
NodeService:0.3466666666666667
BootstrapService:0.32
AppUtils:0.19333333333333333
