Sound:0.8566666666666667
OpenALAudio:0.4266666666666667
SoundTest:0.4166666666666667
OpenALSound:0.27666666666666667
AndroidSound:0.2733333333333333
LwjglDebugStarter:0.10333333333333333
