Elem:0.8566666666666667
Geonet:0.77
DataManager:0.44666666666666666
AccessManager:0.38333333333333336
EditLib:0.31333333333333335
MetadataSchema:0.27666666666666667
SchemaLoader:0.22333333333333333
Params:0.20777777777777776
Session:0.20777777777777776
Harvester:0.17333333333333334
RootChild:0.14666666666666667
Importer:0.14666666666666667
MefLib:0.11333333333333333
GetEditableData:0.1
GetAdminOper:0.08666666666666667
Profile:0.07
EditUtils:0.06833333333333333
Validate:0.06444444444444444
ImportFromDir:0.055
Update:0.03166666666666667
DeleteElement:0.013333333333333334
AddElement:0.006666666666666667
MoveElement:0.006666666666666667
GetCategories:0.0016666666666666668
SchematronValidationErrorEx:0.0
XSDValidationErrorEx:0.0
