DeleteProtocol:0.2833333333333333
ReplaceProtocol:0.2833333333333333
UpdateProtocol:0.2833333333333333
InsertProtocol:0.2833333333333333
