Options:0.5327777777777777
GedcomWriter:0.4922222222222223
