CACertReqServlet:0.6016666666666667
GetCRLServlet:0.5133333333333333
CACertServlet:0.44
