WebFlowELContext:0.6266666666666667
TextToTransitionCriteria:0.38666666666666666
BooleanExpressionTransitionCriteria:0.3411111111111111
DefaultExpressionParserFactory:0.13333333333333333
RequestContextELContextFactory:0.11
AttributeMapELContextFactory:0.06666666666666667
