HivePageSink:0.6266666666666667
HiveMetadata:0.54
HivePageSinkProvider:0.27666666666666667
