AbstractSeqTest:0.4533333333333333
AbstractTraversableTest:0.38333333333333336
Value:0.38
HashMap:0.37083333333333335
HashSetTest:0.29
QueueTest:0.29
ArrayTest:0.29
StreamTest:0.29
StackTest:0.29
VectorTest:0.29
ListTest:0.29
IteratorTest:0.27
AbstractValueTest:0.10666666666666667
