TestLogicalPlanner:0.6316666666666667
CanonicalizeFilterExpressions:0.47222222222222227
PlanOptimizers:0.3333333333333333
TestCanonicalizeFilterExpressions:0.24883333333333335
