PollableService:0.39
PollableNode:0.36666666666666664
Poller:0.29333333333333333
MockService:0.27
PollableAggregate:0.26
PollerTest:0.24666666666666667
MockPollerConfig:0.23333333333333334
MockMonitor:0.185
PollableInterface:0.18333333333333332
PollableNetwork:0.15
PollableElement:0.04
