ClientConductor:0.5133333333333333
Aeron:0.46
ClientConductorTest:0.3753333333333333
