IoUtility:0.75
IoUtilityTest:0.48333333333333334
GenerateXmlTest:0.3433333333333333
