Viewer:0.7966666666666666
JnetManager:0.29333333333333333
