LoadFileAction:0.19294393
OpenDirectoryAction:0.17476106
NewFileAction:0.13080925
CloseFileAction:0.08479187
