TextAnnotationDao:0.5366666666666666
DBMoleculeDaoTest:0.35
ChoiceAnnotationDao:0.17666666666666667
RealNumberAnnotationDao:0.17666666666666667
