FlatDynamicTypeBuilder:0.4666666666666667
ByteBuddy:0.42
Factory:0.3352777777777778
TypeWriter:0.2783333333333333
AuxiliaryType:0.2
Handler:0.19666666666666666
MethodAccessorFactory:0.11
Prepared:0.056666666666666664
TargetHandler:0.010833333333333334
