SymbolicReal:0.5016666666666667
SymbolicInteger:0.34
DDIV:0.24305555555555552
