WindowTracker:0.45
DefaultComponentFinder:0.3111111111111111
ComponentRecorder:0.3111111111111111
LocalHierarchy:0.26666666666666666
TestHierarchy:0.26666666666666666
RobotAppletTest:0.24333333333333335
ThreadTerminatingSecurityManager:0.2
EventNormalizer:0.19666666666666666
WindowWatcher:0.18666666666666668
AppEventQueue:0.16454545454545452
TestApplet:0.14666666666666667
