Py:0.6333333333333333
PosixModule:0.37333333333333335
FileDescriptors:0.33555555555555555
