Codd:0.7033333333333334
EulerRunner:0.6733333333333333
