Failure:0.5866666666666667
Processor:0.44333333333333336
