Win32SysImplementation:0.42
DefaultSysImplementation:0.3233333333333333
LWJGLException:0.23666666666666666
NativeSysImplementation:0.1861111111111111
J2SESysImplementation:0.16666666666666666
