ClientTxnTest:0.56
ClientTxnMapTest:0.44333333333333336
ClientTxnSetTest:0.19
ClientTxnListTest:0.17666666666666667
