TableInfo:0.6066666666666667
DocIndexMetaData:0.58
DocTableInfo:0.5033333333333333
BlobTableInfo:0.28
AbstractTableInfo:0.22666666666666666
DocTableInfoBuilder:0.2
DocIndexMetaDataTest:0.18666666666666668
DocTableInfoTest:0.15333333333333332
