BinaryPacketProto:0.6666666666666666
BinaryChannel:0.5
AudioService:0.23333333333333334
BinaryChannelTransferObject:0.06666666666666667
