Builder:0.35
IndexMetaData:0.32
Custom:0.309
Result:0.25
AllocationService:0.175
ClusterStateDiff:0.17
MetaDataDiff:0.13333333333333333
IndexMetaDataDiff:0.07666666666666666
