IndexAliasesTests:0.55
SimpleIndexTemplateTests:0.4633333333333333
AliasValidator:0.31166666666666665
