PasswordManagementService:0.7633333333333333
PasswordManagementWebflowConfigurer:0.5469444444444443
