VertxHttp2Handler:0.7666666666666667
VertxHttp2HandlerBuilder:0.38
Http2Test:0.37
Http2ServerRequestImpl:0.19666666666666666
