CMap:0.4866666666666667
ThreadContext:0.4866666666666667
AbstractSelectionHandler:0.4294444444444444
SelectorBase:0.2833333333333333
RequestBasedCall:0.19666666666666666
