VirtualFile:0.6133333333333333
FileContentEditor:0.37333333333333335
FileContentEditorConfig:0.33666666666666667
