MongoDatabase:0.7411111111111112
MongoDatabaseImpl:0.5866666666666667
MongoClient:0.3983333333333333
MongoDatabaseOptions:0.39
MongoClientImpl:0.17666666666666667
MongoClients:0.1228888888888889
