OsgiHttpIntegrationTest:0.5801111111111112
BaseWebIntegrationTest:0.4970555555555556
