AjaxController:0.44666666666666666
CustomAttribute:0.4322222222222222
Question:0.39
TaskHelper:0.27666666666666667
Survey:0.25
SurveyModel:0.22666666666666666
Answer:0.21
WebKeys:0.03
SurveyHelper:0.0
