SystemAccessControl:0.45
TestSystemAccessControlFactory:0.30666666666666664
QualifiedObjectName:0.21833333333333332
AllowAllSystemAccessControl:0.205
TestAccessControlManager:0.14472222222222222
