Xml2Latex:0.6343333333333334
Xml2Wiki:0.6343333333333334
