Builder:0.73
ForJarFile:0.3433333333333333
ForFolder:0.33
MultipleParentClassLoaderTest:0.3233333333333333
