CrmfKeyUpdateTest:0.3466666666666667
ProtocolScepHttpTest:0.3466666666666667
CertificateCreateSessionBean:0.3233333333333333
CrmfRARequestTest:0.24333333333333335
