DcmSnd:0.4066666666666667
DcmQR:0.36333333333333334
DcmHPQR:0.3
DcmMWL:0.295
DcmEcho:0.25833333333333336
DcmMoverCli:0.23
Xml2Dcm:0.182
