FolderDaoImpl:0.5216666666666666
CoreDaoImpl:0.5116666666666667
ProfileDaoImpl:0.46
