RWorkspace:0.5566666666666666
TestRWorkspace:0.32
Matrix:0.28
ContingencyTableTest:0.23
Specificites:0.18333333333333332
Localizer:0.17666666666666667
QuantitativeDataStructure:0.14333333333333334
RServeException:0.10666666666666667
