CacheService:0.47333333333333333
CacheProxy:0.32522222222222225
ClientCacheProxy:0.25666666666666665
CacheStatisticsMXBeanImpl:0.2527777777777778
HazelcastAbstractCachingProvider:0.25
CacheRecordStore:0.24333333333333335
CacheKeyIteratorOperation:0.19666666666666666
HazelcastClientCacheManager:0.16
CachePushStatsRequest:0.13
