SessionImpl:0.5
EntityInsertAction:0.31333333333333335
CoreMessageLogger:0.2966666666666667
UnresolvedEntityInsertActions:0.2733333333333333
MultiPathCircleCascadeTest:0.22666666666666666
AbstractEntityInsertAction:0.19666666666666666
EntityIdentityInsertAction:0.19333333333333333
ActionQueue:0.18
NonNullableTransientDependencies:0.17666666666666667
ForeignKeys:0.13666666666666666
