OperationRunnerImpl:0.5266666666666666
SleepyProcessor:0.37666666666666665
ClientMapIssueTest:0.20333333333333334
InvokeIsStillRunningOperationRunnable:0.16
