DcmParser:0.6902777777777778
MyDataSource:0.44666666666666666
DcmParserImpl:0.42333333333333334
DcmSnd:0.41
