HelpScreen:0.4666666666666667
GameScreen:0.2833333333333333
HelpScreen2:0.21972222222222224
HelpScreen4:0.21972222222222224
HelpScreen3:0.21972222222222224
HelpScreen5:0.2113888888888889
HighscoresScreen:0.15
