RearrangementRadical1ReactionTest:0.5483333333333333
ElectronImpactPDBReactionTest:0.43333333333333335
ElectronImpactNBEReactionTest:0.30833333333333335
