URL:0.53
Dispatcher:0.4666666666666667
UrlHelper:0.28
LegacyPropertiesConfigurationProvider:0.22611111111111115
DummyActionInvocation:0.14416666666666667
ExtraParameterProvider:0.0011111111111111111
