Store:0.7933333333333333
InternalEngineTests:0.2966666666666667
IndexShardTests:0.2966666666666667
StoreRecovery:0.22388888888888892
RecoveryTarget:0.20222222222222225
EngineTestCase:0.19
StoreTests:0.16666666666666666
