Log:0.73
RobotAppletTest:0.2833333333333333
Appletviewer:0.28
Platform:0.24392857142857144
Bugs:0.18666666666666668
UnitTestSuite:0.13333333333333333
AppletviewerTest:0.11
FileDialogQueue:0.09666666666666666
ResolverFixture:0.08333333333333333
TestApplet:0.07333333333333333
