ConvolutionLayerTest:0.4266666666666667
NeuralNetConfiguration:0.42333333333333334
Builder:0.3333333333333333
Layer:0.30666666666666664
