DefaultVariablesWatcher:0.5566666666666666
SearchResult:0.5405555555555556
ExecutionListener:0.51
