ReleaseFromInterface:0.6433333333333333
RelateGenericNetworkElementToInterface:0.12666666666666668
