BasicMapTest:0.4266666666666667
ClientMapTest:0.30333333333333334
MapEventPublisherSupport:0.25
EntryProcessorTest:0.22666666666666666
ListenerTest:0.11333333333333333
