JChemPaint:0.5833333333333334
JChemPaintAbstractApplet:0.35333333333333333
OpenAction:0.2715
