ActivityStreamCtrl:0.5066666666666667
GwtMainPage:0.4766666666666667
UnreadEntriesDlg:0.23333333333333334
BlogFolderView:0.21
