TermTable:0.7033333333333334
TermBeanImpl:0.39666666666666667
TermOntology:0.25
