AbstractEntityManagerImpl:0.45
JpaTckUsageTest:0.41333333333333333
StoredProcedureQueryImpl:0.2833333333333333
ResultImpl:0.19
ParameterDefinitions:0.14333333333333334
User:0.13333333333333333
CurrentReturnState:0.09666666666666666
