RootObject:0.4066666666666667
User:0.4
AttributeMetadata:0.37
ClassMetadata:0.33666666666666667
MetadataUtils:0.33
BackendBean:0.31333333333333335
ClassInfo:0.2866666666666667
ClassWrapper:0.28
PackageMetadata:0.26666666666666666
HierarchyUtils:0.2633333333333333
UserGroup:0.26
GenericObjectList:0.25666666666666665
UserSession:0.25333333333333335
UserInfo:0.22
ApplicationObject:0.2063968253968254
BackendBeanRemote:0.20083333333333334
RemoteObjectLight:0.19866666666666666
ClientDetail:0.18666666666666668
ClassInfoLight:0.17
MiscException:0.14833333333333334
NotAuthorizedException:0.14833333333333334
EntityManagerNotAvailableException:0.14833333333333334
OperationNotPermittedException:0.14833333333333334
UnsupportedPropertyException:0.14833333333333334
ObjectNotFoundException:0.14833333333333334
RemoteObject:0.14166666666666666
LockEntry:0.11333333333333333
WrongMappingException:0.09333333333333334
ObjectWithRelationsException:0.09333333333333334
InventoryObject:0.08
AttributeWrapper:0.06333333333333334
MetadataObject:0.04666666666666667
ArraySizeMismatchException:0.016666666666666666
InvalidSessionException:0.0025
InventoryException:0.0
