PersistentTask:0.6633333333333333
PersistentTasksCustomMetaData:0.44399999999999995
PersistentTasksClusterService:0.4033333333333333
PersistentTasksClusterServiceTests:0.23
