GLContext:0.4766666666666667
Utils:0.41333333333333333
EXTDepthBoundsTest:0.2305555555555555
ARBColorBufferFloat:0.2305555555555555
GeneratorVisitor:0.21666666666666667
ShadersTest:0.2
ContextCapabilities:0.18333333333333332
Gears:0.17666666666666667
VBOTest:0.13333333333333333
VBOIndexTest:0.13333333333333333
ContextCapabilitiesGenerator:0.10722222222222219
ContextGeneratorProcessorFactory:0.023333333333333334
NVTextureCompressionVTC:0.0
NVFloatBuffer:0.0
