Frontier:0.57
CrawlJob:0.5400000000000001
StatisticsTracker:0.36
CrawlController:0.31666666666666665
SimpleHandler:0.25666666666666665
CrawlStatusListener:0.24777777777777782
CrawlStatusAdapter:0.13666666666666666
