AnalysisResult:0.5633333333333334
Planner:0.28
AnalysisContext:0.23
RelationAnalyzer:0.22333333333333333
Visitor:0.18666666666666668
PlanVisitor:0.17333333333333334
