AbstractIdentifiableType:0.6466666666666666
MetadataContext:0.46
EmbeddedTypeTest:0.2
AbstractMetamodelSpecificTest:0.12666666666666668
