RenameVariableRefactoring:0.47
UpdateVariableNameDialog:0.31666666666666665
RenameRefactoringWizard:0.29
ChangeAttributeSelectionListener:0.21666666666666667
VariableSearchVisitor:0.21527777777777782
VariableTypeEditorPage:0.18
SearchResult:0.17333333333333334
RenameAttributeSelectionListener:0.14
RenameVariableSelectionListener:0.105
RenameSwimlaneSelectionListener:0.10333333333333333
MergeAttributesSelectionListener:0.1
RenameUserTypeAttributeRefactoring:0.07333333333333333
MultiVariableSearchQuery:0.05255555555555556
SearchAttributeSelectionListener:0.006666666666666667
