ConvolutionLayerSetup:0.6888888888888889
CnnToFeedForwardPreProcessor:0.6233333333333333
ConvolutionLayerSetupTest:0.29333333333333333
