Namespace:0.6066666666666667
NamespaceClient:0.49333333333333335
WebSocketTransport:0.25
BaseClient:0.24666666666666667
PacketListener:0.19666666666666666
