FormalProofCheckerExecutor:0.38333333333333336
ModuleLabels:0.32
ModuleConstantsExistenceCheckerImpl:0.2733333333333333
ProofChecker2Impl:0.23333333333333334
ProofChecker1Impl:0.15666666666666668
ModuleConstantsExistenceChecker:0.14416666666666667
ProofChecker:0.14044444444444446
BasicProofErrors:0.10666666666666667
LogicErrors:0.03888888888888889
ProofChecker0Impl:0.01
