VocabCache:0.7433333333333333
WordVectorSerializer:0.4633333333333333
InMemoryLookupCache:0.45666666666666667
SequenceVectors:0.23
AbstractCache:0.20333333333333334
