OfGenericField:0.31666666666666665
VoidAwareAssignerNonVoidToVoidTest:0.29
FieldAccessOtherTest:0.27666666666666667
AllArgumentsBinderTest:0.24666666666666667
ArrayFactory:0.19666666666666666
VoidAwareAssigner:0.17166666666666666
MethodVariableAccessOfMethodArgumentsTest:0.15666666666666668
