ICBroker:0.6019444444444445
AjaxController:0.4266666666666667
ICBrokerImpl:0.22666666666666666
