ComponentBrowser:0.5433333333333333
StepEditor:0.35333333333333333
ScriptEditorFrame:0.35
ScriptTable:0.23333333333333334
ScriptTableCellRenderer:0.07
