Aggregator:0.45666666666666667
Aggregation:0.4533333333333333
InternalOrder:0.2866666666666667
Order:0.26666666666666666
HistogramTests:0.18833333333333332
DateHistogramParser:0.16
HistogramParser:0.11
TermsParser:0.11
Streams:0.10666666666666667
StringTermsTests:0.10333333333333333
LongTermsTests:0.08666666666666667
DoubleTermsTests:0.08666666666666667
AggregatorParsers:0.03916666666666667
ParsingTests:0.0022222222222222222
