CoreDaoImpl:0.6283333333333333
GwtNetFolderHelper:0.375
NetworkUtil:0.30666666666666664
