NetworkParameters:0.5833333333333334
Peer:0.4533333333333333
AlertMessage:0.30666666666666664
AbstractBlockChain:0.25166666666666665
FullPrunedBlockChainTest:0.25
TCPNetworkConnection:0.23333333333333334
BlockChainTest:0.22666666666666666
BuildCheckpoints:0.10333333333333333
AlertMessageTest:0.09666666666666666
BitcoindComparisonTool:0.08333333333333333
TweakableTestNet2Params:0.0033333333333333335
