FileDialog:0.6033333333333334
LineParser:0.42833333333333334
Browse:0.41616666666666663
