GravesLSTM:0.7833333333333333
TestPreProcessors:0.25333333333333335
GradientCheckTests:0.20666666666666667
