ISemaphore:0.7366666666666667
IOUtil:0.33666666666666667
SemaphoreBasicTest:0.29333333333333333
IOUtilTest:0.2866666666666667
SemaphoreContainer:0.27666666666666667
ClientSemaphoreTest:0.25
SemaphoreProxy:0.23
ClientSemaphoreProxy:0.18666666666666668
SemaphoreQuorumWriteTest:0.11
SemaphoreMBean:0.1
SemaphoreDataSerializerHook:0.09
DefaultMessageTaskFactoryProvider:0.016666666666666666
QuorumOperationTest:0.0033333333333333335
