Content:0.4533333333333333
AbstractBasicContent:0.4533333333333333
ContentNode:0.37333333333333335
StoreContent:0.25333333333333335
ShopContentEditor:0.22666666666666666
StoreContentEditor:0.22666666666666666
ShopContent:0.18333333333333332
FilterContentEditor:0.17666666666666667
ContentGroupEditor:0.17666666666666667
FilterContent:0.15666666666666668
LocaleCopy:0.15666666666666668
CMSContentEditor:0.15666666666666668
FileContentEditor:0.15666666666666668
CMSContent:0.15333333333333332
FileContent:0.15
URLContent:0.15
ContentGroup:0.14666666666666667
URLContentEditor:0.14
