UniqueFilter:0.5033333333333333
URLRegexFilter:0.49694444444444436
IntervalFilter:0.29333333333333333
