InputEvent:0.6216666666666667
ActorGestureListener:0.42333333333333334
