EjbcaConfiguration:0.84
LogSession:0.6466666666666666
LocalLogSessionBean:0.54
LogTest:0.08666666666666667
