ReplicatedChronicleMap:0.3433333333333333
VanillaChronicleMap:0.34
Chaining:0.32
VanillaChronicleHash:0.31
UpdateLock:0.29333333333333333
SegmentStages:0.2833333333333333
HashSegmentIteration:0.16666666666666666
VanillaChronicleMapHolderImpl:0.14
ReplicatedChronicleMapHolderImpl:0.14
HashQuery:0.13666666666666666
IterationSegmentStages:0.11333333333333333
ReplicatedQuerySegmentStages:0.09333333333333334
