JdbcSqlTransactionTest:0.42333333333333334
JdbcSqlTransaction:0.4066666666666667
AbstractDatabaseTest:0.2833333333333333
