Wallet:0.7733333333333333
WalletTool:0.33666666666666667
WalletTest:0.24333333333333335
