BenchmarkData:0.5638055555555556
ResourceGroupManager:0.4866666666666667
TestResourceGroups:0.32311111111111107
