FolderForm:0.45666666666666667
GPWLFeedDelegate:0.3933333333333333
MCMConsoleCtrl:0.27666666666666667
ContentManagerBean:0.22666666666666666
AddWorklistCtrl:0.12
GPWLFeedService:0.056666666666666664
