FilterCapabilities:0.17333333333333334
ScalarCapabilities:0.16333333333333333
FunctionName:0.13
ArithmeticOperator:0.13
IdCapabilities:0.13
SpatialOperator:0.13
SpatialCapabilities:0.13
FID:0.09
EID:0.09
