TestPersistentInterval:0.21
TestPersistentYearMonthDay:0.18333333333333332
TestPersistentDuration:0.18333333333333332
TestPersistentInstantAsBigInt:0.18333333333333332
TestPersistentTimeOfDay:0.18333333333333332
TestPersistentTimeOfDayExact:0.18333333333333332
TestPersistentInstant:0.18333333333333332
TestPersistentPeriod:0.18333333333333332
TestPersistentDateTime:0.14666666666666667
TestPersistentIntervalNull:0.13666666666666666
TestPersistentLocalTime:0.12
TestPersistentLocalDate:0.12
TestPersistentLocalDateTime:0.12
