MapUtils:0.29333333333333333
MapPanel:0.26916666666666667
MineralMapLayer:0.22666666666666666
NavigatorWindow:0.21083333333333334
VehicleTrailMapLayer:0.20666666666666667
NavpointMapLayer:0.205
ShadingMapLayer:0.2
mapClickListener:0.19666666666666666
LandmarkMapLayer:0.17666666666666667
ExploredSiteMapLayer:0.17027777777777778
UnitMapLayer:0.16333333333333333
