StackTraceElementDeserializer:0.62
ParserConfig:0.4066666666666667
StackTraceElementDeserializerTest:0.16666666666666666
