EventListener:0.4066666666666667
RealCall:0.3566666666666667
OkHttpClient:0.33
Builder:0.31666666666666665
