BiojavaSequence:0.4
BiojavaManager:0.36
IBiojavaManager:0.21
BiojavaRNASequence:0.15011111111111114
BiojavaDNASequence:0.0033333333333333335
