RecordedResponse:0.5533333333333333
Callback:0.54
CallTest:0.41333333333333333
AsynchronousGet:0.2544444444444444
OkHttpAsync:0.13333333333333333
RecordingCallback:0.11666666666666667
