MetadataSnapshot:0.4866666666666667
TrieNode:0.4766666666666667
RoutingTableValidation:0.31666666666666665
Mapping:0.31416666666666665
GetResult:0.2733333333333333
Table:0.24666666666666667
StoreTests:0.24333333333333335
MapperService:0.22
IndexService:0.20083333333333334
DanglingIndicesState:0.19666666666666666
PipelineAggregatorStreams:0.14666666666666667
PathTrie:0.14
TestAllocator:0.14
DfsPhase:0.13666666666666666
ImmutableLevelHolder:0.016666666666666666
