FunctionalGroups:0.86
RuleHeteroaromatic:0.14333333333333334
AbstractRuleHilightHits:0.14
RuleCommonTerpene:0.13666666666666666
RuleOnlyAllowedSubstructures:0.13333333333333333
RuleMonocycloalkanoneEtc:0.1
RuleLactonesFusedOrUnsaturated:0.023333333333333334
RuleCarbohydrate:0.01
