ParametersInterceptor:0.5033333333333333
ParametersInterceptorTest:0.38666666666666666
DefaultAcceptedPatternsChecker:0.3433333333333333
DefaultExcludedPatternsChecker:0.3433333333333333
AcceptedPatternsChecker:0.18722222222222223
ExcludedPatternsChecker:0.18722222222222223
