OpenALAudio:0.4166666666666667
Music:0.3466666666666667
SoundTest:0.34
Sound:0.21365079365079362
TestList:0.19
