ReplicatedMapService:0.55
ReplicatedMapProxy:0.38666666666666666
ClientReplicatedMapProxy:0.2733333333333333
DummyClientReplicatedMapTest:0.23666666666666666
ClientReplicatedMapClearRequest:0.20333333333333334
ReplicatedMapClearMessageTask:0.15333333333333332
ReplicatedMapDataSerializerHook:0.14
