SimpleMatrix:0.36333333333333334
TransformTestCase:0.3333333333333333
SimpleDirectPosition:0.2633333333333333
AffineTransform2D:0.19333333333333333
TransformCaseTest:0.18
BogusAffineTransform2D:0.03666666666666667
DerivativeFailure:0.013055555555555556
ComputationFailure:0.0
