BaseNDArray:0.49666666666666665
BaseTwoArrayElementWiseOp:0.43600000000000005
TimeOperations:0.33666666666666667
BaseElementWiseOp:0.19666666666666666
TwoArrayOps:0.17077777777777778
DBNTest:0.10666666666666667
JblasBenchMark:0.10333333333333333
