RaMasterApiSessionBean:0.51
ApprovalDataText:0.4929444444444444
RaApprovalRequestInfo:0.48333333333333334
ApprovalRequestGUIInfo:0.37666666666666665
RaManageRequestBean:0.18666666666666668
RequestDataRow:0.03333333333333333
