Planner:0.4766666666666667
IndexWriterProjector:0.43333333333333335
PlannerContextBuilder:0.4
TransportSQLActionTest:0.3591111111111111
AbstractInsertAnalysis:0.25333333333333335
SelectAnalysis:0.21666666666666667
TestModule:0.18833333333333332
SimpleTopNProjector:0.18333333333333332
ProjectionVisitor:0.17333333333333334
IndexWriterProjectorUnitTest:0.13
Context:0.08
IndexWriterProjectorTest:0.07666666666666666
ProjectionToProjectorVisitor:0.07666666666666666
PlannerTest:0.07666666666666666
