ReleaseInfo:0.5466666666666666
SelfResource:0.33666666666666667
FileResource:0.31
MiscResource:0.2
