Builder:0.6
OkHttpClient:0.38
URLConnectionTest:0.3466666666666667
CacheHttpURLConnection:0.21333333333333335
Headers:0.21
HttpURLConnectionImpl:0.20666666666666667
HeadersTest:0.17
