IIBMiHostContributions:0.7518253968253968
IBMiHostContributionsHandler:0.4166666666666667
CopyMemberItem:0.36
