RetrofitTest:0.5066666666666667
RequestBuilderTest:0.49333333333333335
VoidService:0.49083333333333334
ObservableCallAdapterFactoryTest:0.2966666666666667
CallTest:0.12333333333333334
