ObjectFactory:0.5833333333333334
ImportPanel:0.42
RunSynchronizationProcessAction:0.36722222222222217
