DefaultManagement:0.6111111111111112
TestAPIM:0.5113333333333333
