Step:0.6
ExtendedComparator:0.22
Plugin:0.21666666666666667
Condition:0.07611111111111112
WaitTimedOutError:0.016666666666666666
