ElasticsearchIntegrationTest:0.561111111111111
ElasticsearchAssertions:0.3883333333333333
RandomExceptionCircuitBreakerTests:0.22666666666666666
