SolidSchema:0.7133333333333334
SolidDbSupport:0.34
SolidTable:0.26666666666666666
SolidSqlStatementBuilder:0.15666666666666668
