DataService:0.6577777777777777
DataGapDetectorTest:0.3566666666666667
IDataService:0.3466666666666667
DataGapDetector:0.23
