ShadowAlertDialog:0.5533333333333333
ShadowActivity:0.4266666666666667
ShadowBuilder:0.26
ShadowAppWidgetManager:0.25
