LocalCertificateStoreSessionBean:0.6422222222222222
EjbcaWS:0.6033333333333334
