MultiChannelGroupByHash:0.47333333333333333
BenchmarkGroupByHash:0.3466666666666667
BenchmarkData:0.265
GroupByHash:0.25333333333333335
SingleChannelBenchmarkData:0.056666666666666664
BaselinePagesData:0.0
