UploadEntity:0.7766666666666666
UploadTaskEntity:0.4427777777777777
CheckUtil:0.35333333333333333
UploadUtil:0.30666666666666664
UploadTarget:0.20666666666666667
AbsUploadTarget:0.06
