AdminModule:0.6333333333333333
WorkAreaOperation:0.4544444444444445
AbstractAdminModule:0.42
AbstractZoneModule:0.3233333333333333
AdminServiceImpl:0.13
