ScriptEditor:0.8033333333333333
LaunchedClassLoader:0.31666666666666665
