HostGraph:0.7666666666666667
GraphConverter:0.7666666666666667
DefaultHostGraph:0.35
DeltaHostGraph:0.3
ShapeGraph:0.24777777777777782
StateDisplay:0.24666666666666667
Generator:0.22666666666666666
GraphPreviewDialog:0.18
RuleApplicationTest:0.17666666666666667
ColImporter:0.16333333333333333
GrooveToInstance:0.14666666666666667
SaveLTSAsAction:0.11666666666666667
