AnalyzeRequest:0.5133333333333333
IndicesRequestTests:0.31666666666666665
AnalyzeRequestBuilder:0.20555555555555555
RestSearchScrollAction:0.12
AnalyzeActionTests:0.12
RestClearScrollAction:0.11666666666666667
RestAnalyzeAction:0.09333333333333334
SearchScrollTests:0.05
