MultiLayerTest:0.4533333333333333
BaseUpdater:0.43666666666666665
BasePretrainNetwork:0.35333333333333333
