SNAPPacket:0.7133333333333334
CommTest2:0.28555555555555556
VersionResponseMessage:0.25166666666666665
