CertificateCreateSessionBean:0.6833333333333333
CertificateCreateSessionTest:0.34722222222222227
