MainFrame:0.85
NewDSAction:0.21733333333333335
OpenDSAction:0.21733333333333335
