UpdateAnnotation:0.7669444444444444
LuceneFullTextSearch:0.4486111111111111
