TrainingMaster:0.6794444444444445
ExecuteWorkerPathFlatMap:0.4116666666666667
ParameterAveragingTrainingMaster:0.30333333333333334
SparkComputationGraph:0.2966666666666667
