Simulator:0.47333333333333333
FormatException:0.37333333333333335
DefaultGraphCondition:0.37
NewGrammarAction:0.15
