ScheduledFutureProxy:0.5333333333333333
DistributedScheduledExecutorService:0.35333333333333333
PartitionLostListenerRegistrationTest:0.3
ScheduledExecutorServiceProxy:0.2833333333333333
BasicClusterStateTest:0.26
ClientPartitionLostListenerTest:0.23333333333333334
ScheduledExecutorServiceSlowTest:0.22
ScheduledExecutorServiceBasicTest:0.21666666666666667
ClientScheduledExecutorServiceBasicTest:0.15833333333333333
