TestDspCallback:0.573595238095238
StreamPlayer:0.3571111111111111
DSPTest:0.3466666666666667
