Crawler:0.5233333333333333
GetExample:0.3433333333333333
PostExample:0.3433333333333333
OkHttpContributors:0.20333333333333334
