ActionContext:0.5383333333333333
MappingNode:0.49
UrlMappingImpl:0.23333333333333334
HttpTest:0.22
PairAdaptor:0.14666666666666667
