MethodInterpreter:0.5813333333333331
ReflectiveVMInterface:0.3761111111111111
