IssueForm:0.6033333333333334
ViewIssueAction:0.31666666666666665
EditIssueAction:0.19
EditIssueActionIT:0.16666666666666666
EditIssueFormAction:0.13444444444444442
