StaxEventItemReaderTests:0.6827777777777778
FlatFileItemReaderAdvancedTests:0.39666666666666667
