WidgetFactory:0.6066666666666667
XMLType:0.44
ExtensionManager:0.31
JFXExtensionFileFilter:0.2833333333333333
XMLMessage:0.27666666666666667
ARINCSettings:0.27
AbstractServerEngine:0.2422222222222222
ServerXMLDFHandler:0.23333333333333334
SwingFactory:0.2255952380952381
JFXFactory:0.2255952380952381
ARINClientWidgetFactory:0.2138888888888889
AbstractWidgetRefHandler:0.21216666666666667
DefaultARINCUtils:0.2
ARINCModelFactory:0.18333333333333332
