EntityQuerySpaceImpl:0.39
CollectionQuerySpaceImpl:0.38333333333333336
CompositeQuerySpaceImpl:0.38
AbstractCollectionReference:0.19
Generation:0.14
JoinImpl:0.14
MapKeyTest:0.07333333333333333
SubGeneration:0.03
