FilterDefinition:0.6583333333333333
ServletDefinition:0.6366666666666667
ServletDefinitionTest:0.1
FilterDefinitionTest:0.09666666666666666
