SearchGenes:0.6466666666666666
NavigateBarTag:0.30333333333333334
TermSearchInitializer:0.15333333333333332
HighlightTag:0.135
UrlEncodeTag:0.08666666666666667
