Try:0.5711111111111109
Lazy:0.44333333333333336
