ClientEndpointImpl:0.8066666666666666
ClientHeartbeatMonitor:0.2966666666666667
