AbstractTestQueries:0.55
OperatorAssertion:0.37
TestArrayOperators:0.3
TestHiveIntegrationSmokeTest:0.28
TestRowOperators:0.27
TestMapAggAggregation:0.23333333333333334
TestHistogram:0.23333333333333334
TestSqlParser:0.21666666666666667
