ListenerConfig:0.7566666666666667
MultiMapConfigReadOnly:0.36333333333333334
TopicConfigReadOnly:0.3233333333333333
