BSONCallback:0.665
BasicBSONCallback:0.47333333333333333
JSONTest:0.35
JSONParser:0.2966666666666667
BSONDecoder:0.25333333333333335
DBCallback:0.22666666666666666
JSON:0.18666666666666668
BSONTest:0.17777777777777778
