XmlDocumentHandler:0.53
OptionsDialog:0.5266666666666666
OKAction:0.22666666666666666
