JCPPropertyHandler:0.7633333333333333
JChemPaint:0.71
AboutDialog:0.17333333333333334
LicenseDialog:0.17333333333333334
