ClassLoaderUtil:0.39666666666666667
ServiceLoader:0.30333333333333334
ServiceManagerImpl:0.2816666666666667
NewInstanceIterator:0.21333333333333335
ProxyManager:0.19666666666666666
BuildInfoProvider:0.16
NodeExtensionFactory:0.1511111111111111
ClassIterator:0.15
CompositeMessageTaskFactory:0.11666666666666667
