RegistryFlowArtifactFactory:0.8266666666666667
AbstractFlowRegistryFactoryBean:0.3
FlowRegistryPopulationTests:0.22
AbstractExternalizedFlowExecutionTests:0.20666666666666667
XmlFlowBuilderNestingTests:0.18333333333333332
