Settings:0.7066666666666667
Builder:0.42333333333333334
SharedClusterSnapshotRestoreIT:0.20333333333333334
SettingsTests:0.17333333333333334
UpdateSettingsRequest:0.17333333333333334
ClusterUpdateSettingsRequest:0.17333333333333334
TribeServiceTests:0.13333333333333333
TransportUpdateSettingsAction:0.12333333333333334
TransportClusterUpdateSettingsAction:0.12333333333333334
ToAndFromJsonMetaDataTests:0.09666666666666666
