AjaxController:0.44333333333333336
WebKeys:0.416984126984127
DefinitionModuleImpl:0.2833333333333333
WorkspaceTreeHelper:0.20444444444444446
