Configuration:0.62
Receiver:0.3566666666666667
Sender:0.3466666666666667
Context:0.29
UdpChannelTransport:0.24666666666666667
SendChannelEndpoint:0.23333333333333334
MediaDriver:0.22
ReceiveChannelEndpoint:0.22
DriverConductor:0.18333333333333332
SelectorAndTransportTest:0.11333333333333333
