VariableWidthAggregator:0.41333333333333333
VarBinaryMaxAggregation:0.21333333333333335
VarBinaryMinAggregation:0.21333333333333335
VariableWidthAggregationFunction:0.20333333333333334
