DBOW:0.5116666666666667
Builder:0.44333333333333336
SequenceVectors:0.4297619047619048
