PipelineExecutionServiceTests:0.355
IngestBootstrapperTests:0.27666666666666667
PipelineStoreTests:0.22333333333333333
