SqlHelper:0.6233333333333333
DbUtil:0.48333333333333334
DbEntity:0.43333333333333335
