TimeThread:0.3233333333333333
ConsoleInputThread:0.3233333333333333
XMPPService:0.27
