SubclassDynamicProxyBuilder:0.6066666666666667
ByteArrayDynamicProxy:0.315
AmbiguityResolver:0.29
ByteBuddy:0.26666666666666666
ArgumentLoadingAssignment:0.17944444444444446
Chain:0.14444444444444446
Size:0.13666666666666666
ParameterIndexToken:0.13
ArgumentBinder:0.12666666666666668
DelegationProcessor:0.12
Delegate:0.07333333333333333
DownCastAssignment:0.06333333333333334
Bar:0.05333333333333334
SubclassLocatedMethodInterception:0.04666666666666667
MethodDelegationBuilder:0.04666666666666667
Processor:0.03
AnnotationDefaultHandler:0.02666666666666667
Foo:0.01
MethodDelegationBinder:0.006944444444444445
ByteBuddyTest:0.0
