AbstractTestQueries:0.7212222222222222
Rewriter:0.4338888888888889
