FeatureSetI:0.62
FeatureSet:0.4766666666666667
DrawableFeatureSet:0.34
GAMEAdapter:0.3333333333333333
Transcript:0.23711111111111113
ExpandableFeatureSet:0.21666666666666667
StrandedFeatureSet:0.19865079365079366
AnnotatedFeatureSet:0.19777777777777777
