CommunicationsStub:0.7366666666666667
BtnConnectActionListener:0.4063148148148148
ObjectEditorTopComponent:0.2833333333333333
AuditTrailTopComponent:0.2335555555555556
EditObjectAction:0.19833333333333333
PopupProvider:0.16333333333333333
ConnectLinksFrame:0.14666666666666667
ViewBuilder:0.14333333333333334
