Http2ClientStream:0.6784444444444445
Http2ServerResponseImpl:0.3466666666666667
VertxClientHandler:0.31333333333333335
Http2ServerTest:0.30666666666666664
Http2ClientTest:0.2
Http2TestBase:0.16
