RemoveAnnotationAction:0.7327777777777779
OpenAnnotationAction:0.5357380952380953
