DynamicClusterTest:0.32
MapClientProxy:0.29
ExecutorManager:0.2833333333333333
MapMigrator:0.27666666666666667
ClusterTest:0.22
MultiCall:0.19666666666666666
ResponseQueueCall:0.18244444444444444
ExecutorServiceAndMigrationCallable:0.17933333333333332
ExecutorThreadFactory:0.11666666666666667
