LdapAuthenticationProvider:0.4
AbstractUserDetailsAuthenticationProvider:0.37333333333333335
AbstractRememberMeServices:0.2866666666666667
CasAuthenticationProvider:0.20666666666666667
OpenIDAuthenticationProvider:0.17333333333333334
