CompactOffHeapLinearHashTable:0.5766666666666667
ChronicleMapBuilder:0.5605555555555555
VanillaChronicleHash:0.29500793650793655
