JtxTransaction:0.6933333333333334
JtxTransactionManager:0.2733333333333333
DbJtxSessionProvider:0.24333333333333335
DbJtxTransactionManager:0.22333333333333333
DbJtxTransaction:0.09666666666666666
LeanTransactionWorker:0.08333333333333333
