Configuration:0.6033333333333334
GenerationPlan:0.2875
ValueGenerationPlan:0.22666666666666666
CompositeNestedGeneratedValueGenerator:0.2
