Facade:0.7477777777777778
AbstractFacade:0.47
JaxRpcFacade:0.23666666666666666
FacadeImpl:0.14666666666666667
RemoteFacade:0.12416666666666666
