ByteBuddy:0.5066666666666667
Proxy:0.4266666666666667
DefaultExceptionDeclarableMethodInterception:0.3961111111111111
ForToken:0.27
