Mirror:0.6466666666666666
Json:0.36
MirrorTest:0.2833333333333333
JsonParsing:0.2733333333333333
JsonTest:0.24666666666666667
Abcc:0.014285714285714285
