JChemPaintPanel:0.5388888888888889
JChemPaintEditorPanel:0.48
JChemPaintAbstractApplet:0.2866666666666667
JChemPaintViewerOnlyPanel:0.2544444444444445
JChemPaintEditorApplet:0.14666666666666667
