SubnetEngine:0.611111111111111
IPAddressNode:0.39
ReleaseEndPointFromIPAddresAction:0.27166666666666667
