Settlement:0.6033333333333334
Robot:0.4033333333333333
Person:0.38
SettlementBase:0.35
ScenarioConfigEditorFX:0.30333333333333334
SettlementTableView:0.2833333333333333
CrewEditorFX:0.19666666666666666
TableViewCombo:0.17666666666666667
KeyValueTableViewDemo:0.023333333333333334
