AbstractStatisticsViewController:0.5433333333333333
GroupAnalysisViewDegunkController:0.42333333333333334
TechnicalInformationViewControllerResultData:0.37333333333333335
