WeightLookupTable:0.6066666666666667
Glove:0.55
GloveWeightLookupTable:0.48
JointStorage:0.26666666666666666
GloveTest:0.15333333333333332
Builder:0.10666666666666667
VectorsConfiguration:0.089
