TemplateQueryTest:0.7960555555555556
IndexedScriptTests:0.22333333333333333
