SearchHits2:0.7669444444444444
NewConstraints:0.39222222222222225
