PcoreConformer:0.3233333333333333
PcoreHitConformer:0.2966666666666667
PcorePage:0.27666666666666667
PcoreQueryResultHighlight:0.27666666666666667
PcoreMolecule:0.26
PcoreHitMolecule:0.23
HitsLabelProvider:0.20333333333333334
MoleculesLabelProvider:0.20333333333333334
HitsContentProvider:0.15
IPcoreQueryResult:0.14666666666666667
PcoreQueryResultConstraint:0.056666666666666664
