PermissionsProcessorTest:0.5966666666666667
NestedSuperClassFragment:0.12166666666666667
NestedSuperClassActivity:0.12166666666666667
