MaxNormConstraint:0.5216666666666666
UnitNormConstraint:0.4644444444444445
TestConstraints:0.44666666666666666
MinMaxNormConstraint:0.4177777777777778
BaseConstraint:0.155
