RestController:0.53
ContextAndHeaderTransportIT:0.36666666666666664
CustomHeadersPlugin:0.18937698412698412
ActionModule:0.16333333333333333
RestControllerTests:0.16166666666666665
ActionPlugin:0.15166666666666667
RestIndicesActionTests:0.12
RestRecoveryActionTests:0.12
