ActorGestureListener:0.7175
ScrollPane:0.5183333333333333
Scene2dTest:0.22333333333333333
