X_C_DocType:0.4666666666666667
VBoeGen:0.36666666666666664
CalloutInvoice:0.31
CalloutOrder:0.2866666666666667
X_C_CashBook:0.28
CalloutPayment:0.22333333333333333
CalloutCashJournal:0.06333333333333334
