PrinterService:0.5816666666666667
PrintScpService:0.48333333333333334
PrintScpServiceMBean:0.3905
