ByteArrayConverter:0.39666666666666667
TypeConverterTestHelper:0.31333333333333335
MixTest:0.2966666666666667
