HttpTest:0.56
DeploymentOptions:0.38333333333333336
WebSocketConnectOptions:0.37333333333333335
DeploymentTest:0.12
WebsocketTest:0.09333333333333334
