Loader:0.6433333333333333
Generator:0.45666666666666667
PointerTest:0.3566666666666667
