Modification:0.6566666666666666
ModificationTest:0.31666666666666665
