FtpClient:0.6283333333333333
FtpConnection:0.44666666666666666
SFtpConnection:0.31166666666666665
