BinderModule:0.8266666666666667
ExportHelper:0.5833333333333334
BinderModuleImpl:0.34
ExportImportController:0.18333333333333332
ElementBuilderDescription:0.13333333333333333
ElementBuilderMashupCanvas:0.04666666666666667
