Flyway:0.5433333333333333
MetaDataTable:0.5133333333333333
AppliedMigration:0.33
DbInfoAggregator:0.19305555555555554
MigrationTestCase:0.19
DbMigrator:0.14
