OperationServiceImpl:0.51
EventServiceImpl:0.39666666666666667
StripedExecutor:0.3233333333333333
RemoteOperationProcessor:0.3146666666666667
