CommunicationsStub:0.5666666666666667
Cache:0.4266666666666667
QueryBuilderService:0.27666666666666667
ClassMetadataNode:0.19
Remove:0.12277777777777776
