DatabaseConnectionFactory:0.6166666666666667
LegacyDatabaseConnectionFactory:0.36
C3P0ConnectionFactory:0.3425
MockDatabaseTest:0.12666666666666668
DatabaseConnectionFactoryTest:0.013333333333333334
