ParsedReaderResultTestCase:0.5333333333333333
URIResultParser:0.37333333333333335
URIParsedResultTestCase:0.31
