ArticleChannel:0.6091666666666666
ArticleListChannel:0.5233333333333333
CommentNotifier:0.2866666666666667
