DefaultInternalKernelServices:0.6366666666666667
InternalKernelServices:0.43213888888888885
GenerateXmlTest:0.2966666666666667
