ViewBuilder:0.4033333333333333
ObjectViewService:0.39666666666666667
