QueueJMHBenchmark:0.5183333333333333
DelayQueueJMHBenchmark:0.37666666666666665
RecordJMHBenchmark:0.3230555555555556
