ObjectFactory:0.5066666666666667
ErrorCode:0.42333333333333334
EjbcaWS:0.3466666666666667
UnsupportedMethodException:0.22944444444444448
PKCS11LibraryFileNotFoundException:0.13666666666666666
EnterpriseEditionWSBridgeSessionLocal:0.03
EnterpriseEditionWSBridgeSessionBean:0.023333333333333334
