InternalTestCluster:0.4166666666666667
IndexStore:0.4166666666666667
IndicesService:0.39
IndicesStore:0.26666666666666666
IndexModule:0.20333333333333334
ClusterModule:0.15666666666666668
ClusterSettingsIT:0.15333333333333332
MockFSIndexStore:0.013333333333333334
SmbMmapFsIndexStore:0.006666666666666667
SmbSimpleFsIndexStore:0.006666666666666667
FooStore:0.0
