HttpTest:0.7482222222222222
ClientConnection:0.3933333333333333
