TypeSpec:0.3433333333333333
Builder:0.30666666666666664
CodeWriter:0.2733333333333333
MethodSpec:0.23666666666666666
TypeWriterTest:0.21166666666666667
TypeSpecTest:0.07
JavaFile:0.03
