TimeZone:0.5666666666666667
TimeZoneTest:0.3566666666666667
SimpleTimeZoneTest:0.30333333333333334
OldTimeZoneTest:0.2816666666666667
