ListenerConfig:0.6066666666666667
ProxyFactoryConfig:0.29333333333333333
EntryListenerConfig:0.28
ItemListenerConfig:0.26666666666666666
