ChadoXmlAdapter:0.6566666666666666
ChadoXmlWrite:0.43611111111111106
