DefaultBroadcaster:0.7933333333333333
BroadcasterListener:0.6133333333333333
DefaultBroadcasterFactory:0.5966666666666667
DefaultBroadcasterFactoryTest:0.22666666666666666
BroadcasterTest:0.2
ConcurrentBroadcasterTest:0.18666666666666668
UUIDBroadcasterCacheTest:0.15666666666666668
