B:0.75
A:0.37333333333333335
ConfiguredClassHierarchy:0.2922222222222222
TableNameTest:0.24
ProxyBindingTests:0.21666666666666667
InheritanceBindingTest:0.19
BaseAnnotationIndexTestCase:0.17
BaseAnnotationBindingTestCase:0.16666666666666666
CacheBindingTests:0.16194444444444442
CustomSQLBindingTests:0.13416666666666666
RowIdBindingTests:0.13333333333333333
BatchSizeBindingTests:0.13333333333333333
ConfiguredClassHierarchyBuilder:0.12333333333333334
SynchronizeBindingTests:0.09916666666666667
EmbeddableBindingTests:0.09666666666666666
UniqueConstraintBindingTests:0.08333333333333333
EmbeddedIdTests:0.08333333333333333
QuotedIdentifierTests:0.07666666666666666
AnnotationMetadataSourceProcessorImpl:0.043333333333333335
MappedSuperclassTests:0.0
