SpdyStream:0.4666666666666667
Writer:0.36666666666666664
SpdyConnectionTest:0.16666666666666666
Http20Draft09Test:0.13
