DeskletLoader:0.072624914
DeskletWidget:0.028272877
