AsyncCompositeBatchIteratorTest:0.44963888888888887
DirectFallbackExecutor:0.35333333333333333
ShardCollectSource:0.3433333333333333
