DomElement:0.5333333333333333
HtmlPage:0.4866666666666667
WebClient:0.42333333333333334
HtmlElement:0.41333333333333333
WebClientTest:0.2733333333333333
CSSStyleSheet:0.22
