RecordType:0.5966666666666667
NameFactory:0.5966666666666667
Type:0.5612142857142858
