AnnotatedFeatureI:0.8440873015873016
Commentator:0.4988888888888889
AnnotatedFeature:0.456111111111111
