HtmlForm:0.57
HtmlScript:0.43666666666666665
HtmlAnchor:0.285
TextUtil:0.24842857142857147
TextUtilTest:0.23333333333333334
HtmlArea:0.18
