TimeOfDay:0.48333333333333334
YearMonthDay:0.3933333333333333
TestYearMonthDay_Constructors:0.37
TestTimeOfDay_Constructors:0.3233333333333333
