Streamable:0.5578333333333333
TransportService:0.37
ActionRequest:0.22666666666666666
SimulatePipelineRequest:0.22
RequestHandlerRegistry:0.19666666666666666
SimulatePipelineRequestTests:0.15333333333333332
ProxyRequest:0.14
TransportRequest:0.09333333333333334
HandledTransportAction:0.04666666666666667
