SimpleCompletionPolicy:0.38666666666666666
SimpleStepFactoryBeanTests:0.38333333333333336
SimpleStepFactoryBean:0.3566666666666667
StepExecutionSimpleCompletionPolicy:0.10333333333333333
StepExecutionSimpleCompletionPolicyTests:0.056666666666666664
