Json:0.5666666666666667
JsonReader:0.4033333333333333
XmlReader:0.31333333333333335
FlickScrollPane:0.20333333333333334
