Main:0.7433333333333333
LogPane:0.5244444444444444
QedeqMainFrame:0.3933333333333333
