RawSqlSource:0.6766666666666666
XMLStatementBuilder:0.39666666666666667
XMLScriptBuilder:0.2966666666666667
RawLanguageDriver:0.19
