CDKAtomTypeMatcher:0.4033333333333333
ReactionStructuresTest:0.36
CDKAtomTypeMatcherTest:0.33666666666666667
HeterolyticCleavageSBReaction:0.33666666666666667
IReactionMechanism:0.3272804232804233
HeterolyticCleavagePBReactionTest:0.31
RearrangementCationReactionTest:0.30666666666666664
RearrangementRadicalReactionTest:0.30666666666666664
SharingAnionReactionTest:0.30666666666666664
MolecularFormulaManipulatorTest:0.30666666666666664
SharingLonePairReactionTest:0.30666666666666664
RearrangementLonePairReactionTest:0.30666666666666664
SharingChargeSBReactionTest:0.2866666666666667
RearrangementAnionReactionTest:0.2866666666666667
HeterolyticCleavageSBReactionTest:0.2833333333333333
AtomContainerTest:0.26666666666666666
StructureResonanceGeneratorTest:0.2633333333333333
RearrangementLonePairReaction:0.25333333333333335
RearrangementAnionReaction:0.25333333333333335
SharingLonePairReaction:0.25333333333333335
RearrangementRadicalReaction:0.25333333333333335
HomolyticCleavageReactionTest:0.25333333333333335
RearrangementCationReaction:0.25333333333333335
RadicalSiteRearrangementMechanism:0.24666666666666667
StructureResonanceGenerator:0.24666666666666667
HyperconjugationReaction:0.24666666666666667
CarbonylEliminationReaction:0.24666666666666667
SharingChargeDBReactionTest:0.23444444444444443
RadicalSiteInitiationHReaction:0.22333333333333333
RadicalSiteInitiationReaction:0.21666666666666667
GasteigerPEPEPartialCharges:0.21333333333333335
ElectronImpactPDBReaction:0.21
HeterolyticCleavageMechanism:0.20333333333333334
ElectronImpactNBEReaction:0.2
SymbolAndChargeQueryAtom:0.19833333333333333
ElectronImpactNBEReactionTest:0.18333333333333332
HeterolyticCleavagePBReaction:0.18
HomolyticCleavageReaction:0.18
RearrangementChargeMechanism:0.17666666666666667
ElectronImpactPDBReactionTest:0.17666666666666667
RadicalSiteInitiationHReactionTest:0.17333333333333334
MolecularFormulaManipulator:0.17333333333333334
PiBondingMovementReaction:0.16666666666666666
ResonancePositiveChargeDescriptor:0.16333333333333333
RingSetManipulatorTest:0.16
CarbonylEliminationReactionTest:0.16
AdductionProtonPBReaction:0.14666666666666667
SharingAnionReaction:0.14666666666666667
RadicalSiteInitiationReactionTest:0.14666666666666667
AdductionProtonLPReaction:0.14666666666666667
SharingChargeDBReaction:0.14666666666666667
AdductionSodiumLPReaction:0.14666666666666667
SharingChargeSBReaction:0.14666666666666667
TautomerizationReaction:0.14666666666666667
RadicalSiteHrBetaReaction:0.14
RadicalSiteRrBetaReaction:0.14
RadicalSiteHrDeltaReaction:0.14
RadicalSiteRrAlphaReaction:0.14
RadicalSiteHrAlphaReaction:0.14
RadicalSiteHrGammaReaction:0.14
RadicalSiteRrDeltaReaction:0.14
RadicalSiteRrGammaReaction:0.14
ReactionMechanismTest:0.13583333333333333
HyperconjugationReactionTest:0.13333333333333333
TautomerizationMechanism:0.13
RadicalSiteHrGammaReactionTest:0.12
RadicalSiteRrAlphaReactionTest:0.12
RadicalSiteRrGammaReactionTest:0.12
RadicalSiteHrBetaReactionTest:0.12
RadicalSiteRrBetaReactionTest:0.12
RadicalSiteHrAlphaReactionTest:0.12
RadicalSiteRrDeltaReactionTest:0.12
MreactionTests:0.11666666666666667
ElectronImpactSBEReactionTest:0.10972222222222223
RadicalSiteIonizationMechanism:0.10333333333333333
PiBondingMovemetReactionTest:0.1
SharingElectronMechanism:0.09666666666666666
RemovingSEofBMechanism:0.09666666666666666
AdductionLPMechanism:0.09666666666666666
RadicalSiteHrDeltaReactionTest:0.08277777777777777
AdductionSodiumLPReactionTest:0.08166666666666667
AdductionProtonLPReactionTest:0.08166666666666667
AdductionProtonPBReactionTest:0.08166666666666667
TautomerizationReactionTest:0.08166666666666667
ReactionProcessTest:0.075
AdductionPBMechanism:0.07166666666666667
HomolyticCleavageMechanism:0.065
ElectronImpactSDBReaction:0.06333333333333334
RemovingSEofNBMechanism:0.04833333333333333
ResonanceStructuresTest:0.04666666666666667
