TestJavaLR:0.5388888888888889
TestYang:0.43666666666666665
TestJava:0.41333333333333333
