JCPMenuTextMaker:0.6233333333333333
JCPFileFilter:0.58
JChemPaintMenuHelper:0.4066666666666667
