ReaderTest:0.45666666666666667
ClassPathSubResource:0.32055555555555554
ClassPathParentResource:0.2866666666666667
