TypeJsonUtils:0.33666666666666667
TestArrayOperators:0.3233333333333333
TestUnnestOperator:0.16666666666666666
MapUnnester:0.14
ArrayUnnester:0.14
DoubleJsonExtractor:0.1
