AdhocQueryRequest:0.6566666666666666
XDSbRegistry:0.41333333333333333
StoredQueryFactory:0.3433333333333333
