BlojsomBloggerAPIHandler:0.6766666666666666
MetaWeblogAPIHandler:0.4322222222222223
