BinaryTransaction:0.6333333333333333
BuilderFactory:0.5405555555555556
TransactionCommandsTest:0.31
