JedisCluster:0.64
JedisClusterTest:0.46
JedisClusterConnectionHandler:0.32
JedisSlotBasedConnectionHandler:0.16333333333333333
JedisRandomConnectionHandler:0.12333333333333334
