IResponseMessage:0.5019444444444444
ProtocolScepHttpTest:0.46
RSASignSessionBean:0.39416666666666667
ScepResponseMessage:0.31666666666666665
X509ResponseMessage:0.2758333333333333
