ReactiveUiConfiguration:0.44666666666666666
ServletUiConfiguration:0.44666666666666666
AdminServerUiAutoConfiguration:0.11666666666666667
