HttpRemoteTask:0.41333333333333333
SqlStageExecution:0.39
SqlTaskExecution:0.3333333333333333
ContinuousTaskInfoFetcher:0.2773333333333333
UpdateResponseHandler:0.22066666666666668
SqlQueryExecution:0.21666666666666667
TaskWorker:0.17777777777777778
SplitWorker:0.154
QueryStarter:0.13666666666666666
