RedisCommands:0.31666666666666665
CommandExecutor:0.2866666666666667
RedissonKeys:0.24333333333333335
CommandExecutorService:0.21666666666666667
RKeys:0.135
