ParallelThread:0.7327777777777779
SpawnedThread:0.5357380952380953
