CryptoTokenRule:0.39666666666666667
StandaloneOcspResponseGeneratorSessionTest:0.33666666666666667
IntegratedOcspResponseTest:0.3333333333333333
OcspTestUtils:0.20888888888888887
PKCS11TestRunner:0.20333333333333334
PKCS12TestRunner:0.16
CryptoTokenTestRunner:0.11333333333333333
InternalKeyBindingMgmtTest:0.08333333333333333
CryptoTokenRunner:0.08
