QueryBuilderTopComponent:0.4633333333333333
QueryEditorScene:0.3
ClassNodeWidget:0.23
SimpleCriteriaNodeWidget:0.15333333333333332
LocalAttributeMetadataImpl:0.13666666666666666
NextGenerationQueryBuilderService:0.03666666666666667
