SQLQueryParameterModel:0.49666666666666665
SQLTaskModel:0.32
SQLQueryModel:0.2966666666666667
XmlBasedConstructorDialog:0.25166666666666665
SQLTasksModel:0.24666666666666667
XmlBasedConstructorProvider:0.14
SQLHandlerCellEditorProvider:0.11666666666666667
