AbstractEntityManagerImpl:0.5833333333333334
EntityManagerFactoryImpl:0.4633333333333333
BaseEntityManagerFunctionalTestCase:0.38333333333333336
EntityManagerFactorySerializationTest:0.18
