Namespace:0.44333333333333336
QName:0.36333333333333334
XML:0.35
XMLLibImpl:0.32
XMLList:0.29
