DicomObject:0.7133333333333334
DicomElement:0.5333333333333333
SequenceDicomElement:0.29
SAXWriter:0.22
BasicDicomObject:0.22
AbstractDicomElement:0.21333333333333335
DicomInputStream:0.20666666666666667
DicomOutputStream:0.19666666666666666
ContentHandlerAdapter:0.18666666666666668
ItemInfo:0.17444444444444446
SimpleDicomElement:0.16333333333333333
AbstractDicomObject:0.14333333333333334
DicomObjectToStringParam:0.05
