ARINCSettings:0.8177777777777778
SaveAsAction:0.44305555555555554
