SearchSourceBuilder:0.5433333333333333
RestActions:0.30666666666666664
IndexQueryParserService:0.2866666666666667
AbstractQueryTestCase:0.2866666666666667
IndicesModule:0.2663888888888889
FunctionScoreQueryBuilderTests:0.22333333333333333
TemplateQueryIT:0.20666666666666667
QueryParseContext:0.2
TransportExplainAction:0.17
RestDeleteByQueryAction:0.14
TransportValidateQueryAction:0.12333333333333334
RestCountAction:0.09
