NetworkHandlerTest:0.4066666666666667
NetworkHandlerKOTest:0.37166666666666665
NetworkCloneDecoderTest:0.3333333333333333
GraphicsConfigHandlerTest:0.3261111111111111
CheckARINCDefinitionTest:0.3194444444444444
XMLTypeTest:0.225
PicturesHandlerTest:0.20777777777777778
StyleSetsHandlerTest:0.20777777777777778
NetworkHandler2Test:0.2
