Request:0.6666666666666666
Http:0.5933333333333334
FilePostSender:0.16333333333333333
