Session:0.5466666666666666
AbstractTestQueries:0.43333333333333335
Formatter:0.3233333333333333
AstVisitor:0.32
AbstractTestQueryFramework:0.2733333333333333
StatementAnalyzer:0.23666666666666666
CoordinatorModule:0.21
