AbstractNearCachePreloaderTest:0.4970555555555556
ClientCacheNearCachePreloaderTest:0.41
ClientMapNearCachePreloaderTest:0.25666666666666665
