JarEntryRevision:0.43333333333333335
JarEntryRevisionTest:0.4266666666666667
StrutsJarURLConnection:0.4033333333333333
ContainerProvidedURLStreamHandler:0.15
ContainerProvidedURLConnection:0.06666666666666667
