AnnotationBean:0.7522222222222222
AnnotationBeanImpl:0.6344444444444444
