Indi:0.5466666666666666
Entity:0.37666666666666665
Fam:0.37
ReportKML:0.2733333333333333
DetailedPlacemarkWriter:0.22333333333333333
Options:0.22
ReportSummaryOfRecords:0.18666666666666668
Note:0.14
Repository:0.03666666666666667
Submitter:0.016666666666666666
Source:0.016666666666666666
