OLD_CoverageGapPlugIn:0.30333333333333334
UpdateCoverageGapInFencePlugIn:0.2866666666666667
OffsetBoundaryCornerFinderPlugIn:0.22
OLD_OverlapFinderPlugIn:0.17
OLD_CoverageOverlapFinderPlugIn:0.17
OLD_DiffGeometryPlugIn:0.16333333333333333
OLD_CloseVertexFinderPlugIn:0.14
OLD_MatchedSegmentsPlugIn:0.1
OLD_DiffSegmentsPlugIn:0.056666666666666664
OLD_CoverageGapInFencePlugIn:0.006666666666666667
