FieldSet:0.6833333333333333
SimpleFlatFileInputSource:0.35333333333333333
FieldSetTests:0.30333333333333334
AbstractLineTokenizer:0.27
SimpleFlatFileInputSourceTests:0.12
CommonLineTokenizerTests:0.0
