DefaultRecordStore:0.4633333333333333
DefaultMapStoreManager:0.31
EmptyWriteBehindQueue:0.2966666666666667
WriteBehindQueues:0.2633333333333333
WriteBehindQueueTest:0.26
SynchronizedWriteBehindQueue:0.23666666666666666
ArrayWriteBehindQueue:0.21777777777777782
