QuerySectionProcessor:0.57
FunctionInliner:0.34
SubqueryData:0.26666666666666666
Insertion:0.08666666666666667
