MethodNode:0.6088888888888888
SaveCode:0.53
Decompiler:0.2866666666666667
