ClassName:0.42
TypeNameTest:0.39666666666666667
TypeVariableName:0.37
TypeName:0.31
WildcardTypeName:0.22
ArrayTypeName:0.18
ParameterizedTypeName:0.16333333333333333
