Loadable:0.5670555555555555
JoinedSubclassEntityPersister:0.34
SingleTableEntityPersister:0.32666666666666666
UnionSubclassEntityPersister:0.26
