BasicXDSAuditMessage:0.5066666666666667
XDSExportMessage:0.42833333333333334
XDSImportMessage:0.405
