Config:0.7733333333333333
MapConfig:0.38333333333333336
QueueConfig:0.34
QueueProxySupport:0.22
ManagementCenterService:0.21
QueueService:0.19333333333333333
QueueMBean:0.17666666666666667
TransactionalQueueProxySupport:0.17666666666666667
QueueReplicationOperation:0.17333333333333334
