MongoClient:0.8046428571428571
MongoClientImpl:0.6933333333333334
MongoClients:0.44
