DriverPublication:0.543
DriverConductor:0.47333333333333333
DriverSubscription:0.4683333333333333
