OcspResponseGeneratorSessionBean:0.5833333333333334
AlgorithmTools:0.35333333333333333
ProtocolOcspHttpTest:0.2681111111111111
