ImportTermSynonymsFromGo:0.6311111111111112
GoSynonymImportTest:0.31333333333333335
TermAliasTable:0.2966666666666667
