AbstractMapItem:0.6219444444444444
ItemEventHandler:0.37666666666666665
AbstractProjectedMap2DItem:0.17
