Json:0.6466666666666666
JsonReader:0.44666666666666666
JsonWriter:0.3566666666666667
