JChemPaintAbstractApplet:0.45
ChemObjectPropertyDialog:0.37333333333333335
PropertiesModelEditor:0.17
EditAtomContainerPropsAction:0.13666666666666666
EditChemObjectPropsAction:0.13666666666666666
AboutDialog:0.11333333333333333
AboutAction:0.09
