ClientConnection:0.6316666666666667
TargetDisconnectedException:0.315
StringUtil:0.29333333333333333
