RubyProjectInformationProvider:0.9433333333333334
RubyCompletionProcessor:0.39166666666666666
