ChildQuerySearchIT:0.779388888888889
CustomWeightedSpanTermExtractor:0.2922222222222222
