LocalExecutionPlanner:0.7633333333333333
LocalExecutionPlanContext:0.5766666666666667
LocalQueryRunner:0.5388888888888889
