IHeartbeatListener:0.5242619047619047
SimpleIntegrationTest:0.41333333333333333
DataService:0.41
SymmetricEngine:0.31666666666666665
MockDataService:0.23805555555555558
IDataService:0.23805555555555558
PushHeartbeatListener:0.17
HeartbeatJob:0.15333333333333332
DataServiceTest:0.06
