JavaScriptScriptEngineTests:0.4577777777777778
JavaScriptScriptSearchTests:0.22
JavaScriptScriptMultiThreadedTest:0.17333333333333334
SimpleBench:0.08
