DynamicInterpreter:0.41333333333333333
DynamicHeuristicChecker:0.3566666666666667
DynamicModel:0.35333333333333333
