WordVectorSerializerTest:0.6133333333333333
Word2VecTestsSmall:0.41333333333333333
Word2VecTests:0.39
