Common:0.6704801587301588
CommentSender:0.43666666666666665
