MongoIncompatibleDriverException:0.36666666666666664
MongoExceptions:0.35333333333333333
MongoInterruptedException:0.31666666666666665
