SnmpCollectionTrackerTest:0.5433333333333333
SnmpCollectionTracker:0.3333333333333333
TestPduBuilder:0.14772222222222223
BulkPdu:0.14666666666666667
GetNextBuilder:0.056666666666666664
SnmpColumnTest:0.03333333333333333
GetBulkBuilder:0.02
