IndicesClientDocumentationIT:0.56
CRUDDocumentationIT:0.37666666666666665
SearchDocumentationIT:0.29333333333333333
