ERDesignerBundle:0.48611111111111116
ERDesignerComponent:0.41333333333333333
ERDesignerGraph:0.3016666666666667
SVGExporter:0.23111111111111116
DataBrowserEditor:0.19333333333333333
ShowHideTableRelationsCommand:0.17666666666666667
ContextMenuFactory:0.11
