CifarDataSetIterator:0.6566666666666666
LFWDataSetIterator:0.5591666666666667
