Pointer:0.5966666666666667
Structure:0.4766666666666667
Memory:0.44
StructureTest:0.3466666666666667
