XcodeBuilder:0.5066666666666667
Arguments:0.33666666666666667
XcodeBuilderTest:0.23
Arg:0.20333333333333334
