SampleDimension:0.69
Band:0.37333333333333335
StandardOrderProcess:0.31333333333333335
