CasOAuthConfiguration:0.44
OAuth20AccessTokenEndpointController:0.36666666666666664
AccessTokenAuthorizationCodeGrantRequestExtractor:0.29333333333333333
OidcConfiguration:0.2866666666666667
OAuth20HandlerInterceptorAdapter:0.24333333333333335
AccessTokenPasswordGrantRequestExtractor:0.23666666666666666
BaseAccessTokenGrantRequestExtractor:0.16
AccessTokenRefreshTokenGrantRequestExtractor:0.11333333333333333
OidcAccessTokenEndpointController:0.07666666666666666
OidcHandlerInterceptorAdapter:0.07666666666666666
