TypeSafeActivator:0.7566666666666667
BeanValidationIntegrator:0.38666666666666666
