Type:0.63
CIENormSpectralCurve:0.25666666666666665
CIENormSPD:0.16666666666666666
Attributes:0.08842857142857143
