CoreDaoImpl:0.43333333333333335
AdminModuleImpl:0.39666666666666667
ViewController:0.2855555555555555
ConfigureConfigurationController:0.26
