JCell:0.8066666666666666
JAttr:0.5366666666666666
JEdge:0.4766666666666667
JVertex:0.44666666666666666
GraphJModel:0.42
JModel:0.38666666666666666
LTSJModel:0.38
Editor:0.3566666666666667
JGraph:0.31666666666666665
AspectNode:0.2866666666666667
AspectJModel:0.28
GraphJEdge:0.25666666666666665
StatePanel:0.255
LTSJVertex:0.25333333333333335
CtrlJModel:0.25
AspectJEdge:0.25
EditorJModel:0.24666666666666667
JVertexView:0.23666666666666666
ForestLayouter:0.23333333333333334
LabelTree:0.22
GraphJVertex:0.21
AspectJVertex:0.21
TypePanel:0.19666666666666666
MyGraphSelectionModel:0.19
LTSPanel:0.18333333333333332
Values:0.17666666666666667
JEdgeView:0.17666666666666667
GraphToTikz:0.16666666666666666
AspectParser:0.16
ShowHideAction:0.15
EditableJCell:0.14222222222222225
EmphasizedAction:0.11666666666666667
InvertAction:0.11333333333333333
EditableJEdge:0.11
LTSJEdge:0.10333333333333333
EditableJVertex:0.10333333333333333
RefreshEdit:0.08666666666666667
ContextAction:0.08666666666666667
CtrlJVertex:0.06666666666666667
ReteJModel:0.056666666666666664
CtrlJEdge:0.05
