NettyResponseFuture:0.5333333333333333
ChannelManager:0.4
NettyConnectListener:0.27
NettyRequestSender:0.25333333333333335
DefaultAsyncHttpClient:0.24916666666666668
NettyResponseFutureTest:0.23
