SarosSession:0.40555555555555556
AdvancedPreferencePage:0.2633333333333333
ActivitySequencer:0.25666666666666665
PreferenceInitializer:0.22666666666666666
PreferenceConstants:0.2067222222222222
CommunicationPreferencePage:0.2
