Set:0.5833333333333334
Map:0.5133333333333333
Traversable:0.4066666666666667
List:0.38266666666666665
AbstractTraversableTest:0.38
HashMap:0.37666666666666665
Tree:0.36
Empty:0.34655555555555556
Stream:0.3233333333333333
Cons:0.2633333333333333
Node:0.25388888888888883
HashSet:0.21
AbstractSeqTest:0.19666666666666666
IndexedNode:0.19333333333333333
HashArrayMappedTrieTest:0.18
