SVNLabelIncrementer:0.8933333333333333
SVNLabelIncrementerTest:0.023333333333333334
