ScepServlet:0.7566666666666667
ScepPlugin:0.698888888888889
