HtmlElement:0.5733333333333334
HtmlPageTest:0.2733333333333333
WebWindowEvent:0.24111111111111114
UrlUtils:0.23333333333333334
XmlSerializer:0.22
XSLTProcessor:0.21333333333333335
WebDriverTestCase:0.19666666666666666
WindowTest:0.19666666666666666
HTMLTableCellElement:0.19666666666666666
ScriptableWrapper:0.18
HTMLAnchorElement:0.17333333333333334
LoggingRefreshHandler:0.15333333333333332
FunctionInfo:0.14049999999999999
WebServerTestCase:0.13
