MockFacebookClient:0.7233333333333334
ClientAction:0.5633333333333334
Pac4jConfiguration:0.36666666666666664
ClientActionTests:0.35
