ChemObjectListenerImpl:0.39
NNSetOfAtomContainersTest:0.36666666666666664
NNSetOfMoleculesTest:0.36666666666666664
