MigrationInfoImpl:0.7133333333333334
FlywayMediumTest:0.595
DbMigrate:0.20333333333333334
