Submit:0.36
RemoteBean:0.31337301587301586
Autocompleter:0.2833333333333333
AbstractRemoteBean:0.21666666666666667
AutocompleterTag:0.18666666666666668
SubmitTag:0.18666666666666668
AbstractRemoteTag:0.17
Bind:0.16833333333333333
SubmitAjaxTest:0.13
AutocompleterTest:0.11333333333333333
BindTest:0.04555555555555556
AnchorTest:0.02666666666666667
DivTest:0.02666666666666667
