MasterSlaveEntry:0.47333333333333333
MasterSlaveConnectionManager:0.3566666666666667
ClusterConnectionManager:0.30333333333333334
BaseMasterSlaveServersConfig:0.23
SentinelConnectionManager:0.22666666666666666
RedissonTest:0.21666666666666667
SingleConnectionManager:0.21333333333333335
ReplicatedConnectionManager:0.19
