AuditRecord:0.6033333333333334
XSLTUtils:0.27
AuditRecordListAction:0.23333333333333334
AuditRecordList:0.08666666666666667
