CentralAuthenticationServiceImpl:0.461111111111111
PolicyBasedAuthenticationManager:0.3466666666666667
ShiroCipherExecutor:0.2733333333333333
RequiredHandlerAuthenticationPolicy:0.2075
