RubyProject:0.43333333333333335
RubyElement:0.3272804232804233
RubyApplicationShortcut:0.31333333333333335
ShamLaunchConfiguration:0.30883333333333335
ShamResource:0.30666666666666664
ShamLaunchManager:0.29833333333333334
ShamFolder:0.24666666666666667
TC_RubyApplicationShortcut:0.24333333333333335
ShamLaunchConfigurationWorkingCopy:0.18666666666666668
RubyCore:0.18333333333333332
RubyPlugin:0.18
ShamProject:0.16666666666666666
NewProjectCreationWizard:0.15166666666666667
ShamFile:0.14
InterpreterRunnerConfiguration:0.12666666666666668
TC_LoadPathEntry:0.12
ShamLaunchConfigurationType:0.08666666666666667
TS_Core:0.08333333333333333
RubyFile:0.06333333333333334
TC_RubyCore:0.03944444444444445
ResourceAdapterFactory:0.029166666666666667
RubyElementAdapterFactory:0.016666666666666666
RubyLaunchConfigurationAttribute:0.01
