Fields:0.7930555555555554
OsInfo:0.5533333333333333
OsStats:0.49
OsService:0.14
