FieldEditor:0.5
dateEditor:0.37666666666666665
FormResponder:0.3333333333333333
charEditor:0.2
intEnumEditor:0.15666666666666668
charEnumEditor:0.15666666666666668
choiceEditor:0.11666666666666667
