MoveScuService:0.46
EchoDelegate:0.2633333333333333
BaseMBeanDelegate:0.25666666666666665
RejectionNoteScuService:0.21777777777777782
RetryIntervalls:0.18333333333333332
AbstractScuService:0.17666666666666667
HttpUserInfo:0.13333333333333333
RejectionNoteOrder:0.13333333333333333
ContentEditService:0.05
JMSDelegate:0.04666666666666667
