RegisteredServiceEditBean:0.44333333333333336
ServiceData:0.4033333333333333
TestUtils:0.3338888888888889
JsonServiceRegistryDaoTests:0.21666666666666667
DefaultPrincipalAttributesRepository:0.19666666666666666
RegisteredServiceJsonSerializer:0.16
