DataSource:0.6333333333333333
Starter:0.44
XmlDataSource:0.24
ClassicLayout:0.22666666666666666
LayoutManager:0.20333333333333334
