EmbedClientGUI:0.44333333333333336
EmbedClient:0.44
DataProviderParserHandler:0.4
DefaultProviderHandler:0.38166666666666665
MessageListener:0.3167619047619048
DataProviderHandler:0.2999444444444444
DataChangeListener:0.23159523809523813
InputEquationParser:0.19580952380952382
DefaultDataComponent:0.11666666666666667
