SamlRegisteredService:0.43333333333333335
SamlMetadataAdaptor:0.30333333333333334
SSOPostProfileHandlerController:0.20333333333333334
SamlProfileSamlAssertionBuilder:0.19666666666666666
ChainingMetadataResolverCacheLoader:0.16238095238095238
AbstractSamlProfileHandlerController:0.15
SamlProfileSamlNameIdBuilder:0.14
SamlProfileSamlConditionsBuilder:0.11333333333333333
PrivateKeyFactoryBean:0.1
SamlProfileSamlResponseBuilder:0.09
SamlProfileSamlAuthNStatementBuilder:0.08333333333333333
SamlIdPServletContextListener:0.07666666666666666
CasProtocolConstants:0.023333333333333334
SamlProtocolConstants:0.023333333333333334
