Transaction:0.6316666666666667
TransactionOutput:0.5
WalletTest:0.49666666666666665
