AtomAPIMMessage:0.7733333333333333
AtomAPIMMessageTest:0.32666666666666666
FedoraTypes:0.19
