VideoSharingSession:0.4066666666666667
VideoDisplay:0.3595555555555555
VideoSharing:0.2914285714285714
Encoder:0.2733333333333333
Screen:0.2683333333333333
DecodingStatisticManager:0.25666666666666665
EncoderManager:0.22666666666666666
VideoCanvas:0.22166666666666668
Decoder:0.20333333333333334
XugglerEncoder:0.19694444444444445
VideoPlayerView:0.16670634920634922
XugglerDecoder:0.15
ConnectionFactory:0.13666666666666666
ActivityManagerReceiver:0.09
ConnectionManager:0.07333333333333333
ActivityManager:0.06333333333333334
