ConfigUtils:0.5566666666666666
ApplicationContextConfiguration:0.30666666666666664
ConfigurationScanner:0.3027420634920635
ConfigUtilsTest:0.2733333333333333
ContextLoaderListener:0.25
AbstractSynchronizedOsgiTests:0.13
ConditionalApplicationContextCreator:0.08666666666666667
DefaultConfigurationScanner:0.04666666666666667
DefaultOsgiApplicationContextCreator:0.02
