TransportService:0.42
RequestHandlerRegistry:0.36
LocalTransport:0.29333333333333333
ZenFaultDetectionTests:0.20333333333333334
TransportReplicationAction:0.18333333333333332
TransportMasterNodeAction:0.16
InterceptingTransportService:0.15
MessageChannelHandler:0.12666666666666668
HandledTransportAction:0.07333333333333333
PingProbe:0.07
TransportMasterNodeReadAction:0.03333333333333333
