SampleDimension:0.6405555555555555
CannotEvaluateException:0.33666666666666667
