Cell:0.52
Block:0.49666666666666665
DescriptorHandler:0.19333333333333333
Column:0.19
Row:0.19
