LayerTreeEditor:0.45
CommonConfiguration:0.44
EditorEngine:0.29
ARINC661App:0.25666666666666665
SaveAsAction:0.23111111111111116
PainterUtils:0.1827777777777778
LayerTreeEditorTest:0.17
SaveWidgetSnapshotAction:0.09333333333333334
TreeEditorActionHelper:0.04666666666666667
