MainFrame:0.54
Main:0.30333333333333334
AnnotationEditor:0.28
DefaultResourceHandle:0.25666666666666665
SelectionBlinker:0.19666666666666666
TextAttributesChooser:0.19
NodeRenderer:0.17444444444444446
NewResourceDialog:0.16666666666666666
SaveAction:0.16333333333333333
SaveToAction:0.16333333333333333
CloseAction:0.16333333333333333
NewApplicationAction:0.12333333333333334
LoadAction:0.11333333333333333
RunAction:0.11333333333333333
DeleteAction:0.11333333333333333
ParameterValueEditor:0.09666666666666666
SaveAsXmlAction:0.06666666666666667
ApplicationHandle:0.056666666666666664
ReloadAction:0.0425
