IndexShard:0.9366666666666666
Listener:0.538888888888889
InternalIndexShard:0.43666666666666665
ShardLifecycleListener:0.25666666666666665
PercolatorService:0.23611111111111113
InternalIndicesLifecycle:0.22666666666666666
