HttpResponseBodyPart:0.49333333333333335
AsyncHttpClientConfig:0.4766666666666667
HttpProtocol:0.2866666666666667
AsyncHttpClientHandler:0.16
WebSocketProtocol:0.15
