FileModule:0.6666666666666666
FileModuleImpl:0.5322222222222222
FolderModuleImpl:0.3566666666666667
