NetSocketImpl:0.5033333333333333
NetTest:0.35888888888888887
NetClientImpl:0.3433333333333333
NetSocketInternal:0.15
