BlobIndices:0.48333333333333334
TransportSQLActionTest:0.4166666666666667
BlobService:0.27
BlobTableInfoTest:0.25
HttpBlobHandler:0.23333333333333334
RecoveryTests:0.21666666666666667
InformationSchemaTest:0.21333333333333335
DocSchemaInfo:0.19666666666666666
BlobRecoverySource:0.18666666666666668
BlobPlugin:0.14416666666666667
AbstractStatementAnalyzer:0.13333333333333333
BlobTableInfoBuilder:0.10666666666666667
DoctestTest:0.08333333333333333
