Session:0.64
PostgresITest:0.4166666666666667
ConnectionContext:0.31333333333333335
SQLOperations:0.26111111111111107
