Jsr168DispatcherTest:0.49
PortletUrlTagTest:0.4533333333333333
Struts1FactoryTest:0.36333333333333334
PortletStateInterceptorTest:0.2966666666666667
