Headers:0.7166666666666667
Builder:0.45
MultipartBuilderTest:0.22
HeadersTest:0.19666666666666666
