BootStrapDialog:0.6933333333333334
CreateResourceRunner:0.36666666666666664
