Version:0.52
VersionTests:0.27
TransportAddress:0.24666666666666667
TransportService:0.23333333333333334
TcpTransport:0.23333333333333334
IndexTemplateMetaData:0.22555555555555556
PutIndexTemplateRequest:0.18666666666666668
