DropwizardResourceConfig:0.571111111111111
OptionalParamResource:0.21333333333333335
OptionalReturnResource:0.21333333333333335
