Files1:0.67
String1:0.36083333333333334
Math1:0.22333333333333333
