DarkTheme:0.38
Toolbar:0.3466666666666667
ThemeManager:0.31
LightTheme:0.26666666666666666
GuiMode:0.24333333333333335
