NetworkTCP2Test:0.3433333333333333
LayerHelper2Test:0.20666666666666667
NetworkWithConfigurationTest:0.20416666666666666
NetworkTest:0.20416666666666666
DFHandler_KO2Test:0.1925
ServerWrapperDebugBufferTest:0.1925
NetworkBlockingTest:0.18916666666666668
NetworkTCPUniquePortTest:0.18916666666666668
NetworkUDPMultiOutputPort2Test:0.18916666666666668
NetworkWebProtocolTest:0.18916666666666668
ServerXMLWidgetMethodHandlesTest:0.18916666666666668
NetworkTCPTest:0.18916666666666668
NetworkUDPMultiOutputPortTest:0.18916666666666668
ServerStress3Test:0.18916666666666668
ServerBinaryDFHandler_KOTest:0.18916666666666668
NetworkRedirect3Test:0.18916666666666668
NetworkRedirectTest:0.18916666666666668
NetworkTCP5Test:0.18666666666666668
NetworkTCP4Test:0.17666666666666667
NetworkTCP6Test:0.17666666666666667
NetworkRedirect2Test:0.16333333333333333
DFHandler_5Test:0.1625
NetworkTCP3Test:0.13333333333333333
NetworkWithConfiguration4Test:0.12666666666666668
