DefaultBroadcaster:0.6733333333333333
BroadcasterListener:0.49599999999999983
ExcludeSessionBroadcaster:0.2866666666666667
BroadcasterListenerAdapter:0.2633333333333333
AbstractBroadcasterProxy:0.25
SimpleBroadcaster:0.22666666666666666
BroadcasterListenerTest:0.13666666666666666
L:0.12
