GraphJModel:0.6133333333333333
AspectJModel:0.5333333333333333
