PageFetchResult:0.64
CrawlConfig:0.5555555555555555
PageFetcher:0.25333333333333335
RobotstxtServer:0.23666666666666666
WebCrawler:0.22666666666666666
Downloader:0.16777777777777778
