Term:0.7066666666666667
Result:0.46
DicRecognition:0.31
Graph:0.27
ExtractingTask:0.23666666666666666
Analysis:0.19333333333333333
UserDefineRecognition:0.18833333333333332
Extracting:0.16476190476190478
EmailRecognition:0.13333333333333333
