ArchiveMarkFile:0.4766666666666667
CatalogTool:0.41
ClusterMarkFile:0.21333333333333335
ClusterTool:0.15666666666666668
