QueryRetrieveScpService:0.36666666666666664
FindScp:0.2837777777777778
PPSScp:0.28044444444444444
AbstractScpService:0.23666666666666666
MPPSScp:0.19666666666666666
StoreScp:0.19666666666666666
