StreamPositionCounter:0.49333333333333335
Context:0.44
DriverConductor:0.41333333333333333
CubicCongestionControl:0.19
SenderPos:0.02666666666666667
SubscriberPos:0.02666666666666667
ReceiverPos:0.02666666666666667
ReceiverHwm:0.02666666666666667
PublisherLimit:0.02666666666666667
SenderLimit:0.02666666666666667
SystemCounters:0.023333333333333334
PerImageIndicator:0.016666666666666666
SendChannelStatus:0.01
ReceiveChannelStatus:0.01
