JobInstance:0.7666666666666667
SimpleJobRepository:0.32666666666666666
SimpleJobTests:0.25
SimpleJob:0.23333333333333334
JdbcStepDaoPrefixTests:0.21
StepExecutorInterruptionTests:0.19333333333333333
JobInstanceTests:0.18333333333333332
