Builder:0.38333333333333336
ActionConfig:0.36
XmlConfigurationProvider:0.24
StrutsXmlConfigurationProvider:0.21666666666666667
DefaultActionProxy:0.1813888888888889
