GroupByRow:0.5533333333333333
ParsedStatement:0.43328571428571433
AsyncBroadcastAction:0.23666666666666666
SQLReduceJobStatus:0.20666666666666667
SQLGroupingCollector:0.185
RecievePartialResultHandler:0.18333333333333332
QueryVisitor:0.17
SQLGroupByResultTest:0.14666666666666667
TransportSQLReduceHandler:0.13333333333333333
SQLGroupingCollectorTest:0.12333333333333334
SQLReduceJobRequest:0.10666666666666667
GroupByRowComparator:0.09333333333333334
SQLReduceJobStatusTest:0.08333333333333333
