OutputLayer:0.6122222222222222
BasePretrainNetwork:0.3616666666666667
