ApkDashboard:0.5066666666666667
ClassesDexIterator:0.30777777777777776
ApkTranslator:0.2866666666666667
MetaObjectFactory:0.27
ApkNativeMethodsVisitor:0.25
