MakumbaTag:0.5033333333333333
FormTagBase:0.4766666666666667
QueryTag:0.32666666666666666
InputTag:0.26666666666666666
ValueTag:0.24083333333333334
IfTag:0.24083333333333334
AddTag:0.08
NewTag:0.08
