ServiceCompleteness:0.62
ServiceCall:0.48
ServiceCallImpl:0.35
InternalServiceCall:0.3459999999999999
ServiceProcessManager:0.22
ServiceProcessImpl:0.19333333333333333
ControlVisitor:0.17666666666666667
Qedeq2Utf8Executor:0.14
LoadRequiredModulesExecutor:0.14
Qedeq2UnicodeTextExecutor:0.14
PluginExecutor:0.125
