PropertyTableWidget:0.5233333333333333
Mode:0.49333333333333335
TableView:0.17333333333333334
LinkedByBean:0.14
ParentsBean:0.14
ChildrenBean:0.14
SpousesBean:0.14
FamiliesBean:0.14
