CallTest:0.44333333333333336
URLConnectionTest:0.3566666666666667
HttpOverHttp2Test:0.30666666666666664
ConnectionReuseTest:0.29
ClientAuthTest:0.27
SocksProxyTest:0.24666666666666667
CacheTest:0.21333333333333335
DisconnectTest:0.20333333333333334
ThreadInterruptTest:0.20333333333333334
CertificatePinnerChainValidationTest:0.19666666666666666
