SearchGenes:0.56
AddAllele:0.5066666666666667
AddUrl:0.24333333333333335
SearchPhenotype:0.22333333333333333
