JapaneseTokenizer:0.7133333333333334
JapaneseTokenizerFactory:0.49666666666666665
JapaneseTokenizerTest:0.10333333333333333
