GenerateStoredCorpusEvalAction:0.2866666666666667
CleanMarkedCorpusEvalAction:0.2866666666666667
NewCorpusEvalAction:0.2866666666666667
StoredMarkedCorpusEvalAction:0.2866666666666667
