OAuthService:0.6791666666666666
OAuthRequest:0.5666666666666667
