HibernateFlowExecutionListener:0.5633333333333334
JpaFlowExecutionListener:0.16
HibernateFlowExecutionListenerTests:0.06333333333333334
