AbstractTestBlockCursor:0.5566666666666666
BlocksSerde:0.44333333333333336
