LookupSource:0.78
PartitionedLookupSourceFactory:0.3333333333333333
OuterLookupSource:0.29333333333333333
OuterLookupSourceSupplier:0.2633333333333333
PartitionedLookupSource:0.24833333333333332
OuterPositionTracker:0.16944444444444443
LookupSourceFactory:0.12666666666666668
IndexLookupSourceFactory:0.12
