EvictVisitor:0.6533333333333333
DefaultRefreshEventListener:0.22866666666666666
DefaultEvictEventListener:0.19333333333333333
