OrTest:0.27666666666666667
NeuralNetworkTest:0.27666666666666667
LayerTest:0.27
NeuronTest:0.2633333333333333
ProductTest:0.23666666666666666
AndTest:0.21333333333333335
WeightedSumTest:0.13666666666666666
SumSqrTest:0.11333333333333333
SumTest:0.11333333333333333
DifferenceTest:0.09333333333333334
