SimplePolishTokenFilterTests:0.6333333333333333
PolishIndicesAnalysis:0.10722222222222223
PolishAnalyzerProvider:0.04666666666666667
