InternalPartitionService:0.6763888888888889
InternalPartitionServiceImpl:0.42333333333333334
PartitionServiceBeanDTOTest:0.2916666666666667
InternalPartitionServiceImplTest:0.22
PartitionServiceBeanDTO:0.19944444444444445
PartitionServiceMBean:0.17777777777777778
