AtmosphereResponse:0.7733333333333333
TrackMessageSizeInterceptor:0.3233333333333333
Interceptor:0.3144444444444444
ApplicationConfig:0.02
