AeronTest:0.5466666666666666
AdminBuffers:0.44666666666666666
SharedDirectory:0.23833333333333334
