TypeUtil:0.49666666666666665
StatementGeneratorTest:0.41333333333333333
RewriterTest:0.32666666666666666
NilCheckResolverTest:0.2866666666666667
CastResolverTest:0.25666666666666665
ObjectiveCHeaderGeneratorTest:0.19
