Qedeq2UnicodeVisitor:0.5333333333333333
ProofLineData:0.47333333333333333
