ChadoDatabase:0.6161111111111112
DataInput:0.5788333333333333
