TiledMapPacker:0.4266666666666667
TexturePacker2:0.3566666666666667
MaxRectsPacker:0.2777777777777778
Settings:0.17333333333333334
Animation:0.16666666666666666
