LocalTopicStats:0.79
LocalTopicStatsImpl:0.5833333333333334
TopicTest:0.44666666666666666
