AbstractOsgiBundleApplicationContext:0.6646666666666667
AbstractDelegatedExecutionApplicationContext:0.32166666666666666
