LineNoderPlugIn:0.8033333333333333
GenericNames:0.25594227994228
