Log:0.5433333333333333
DynamicClassLoader:0.38666666666666666
ScriptEditor:0.2833333333333333
Launch:0.26666666666666666
Terminate:0.23666666666666666
DynamicClassLoaderTest:0.23333333333333334
Script:0.19333333333333333
TesterClassLoader:0.14333333333333334
FrameworkTestSuite:0.13666666666666666
TesterClassLoaderTest:0.06
DummyTester:0.0025
