Connection:0.77
WriteHandler:0.3933333333333333
ReadHandler:0.3433333333333333
AbstractSelectionHandler:0.21333333333333335
