RealmBuilder:0.8233333333333334
HttpProtocol:0.27
RealmTest:0.056666666666666664
