Variable:0.4266666666666667
VariableStub:0.38
ProcessInstanceVariablesRowBuilder:0.3333333333333333
FormatCommons:0.28
TextReportSettings:0.255
WFRunaHibernateInterceptor:0.19
TaskDeadlineTDBuilder:0.18333333333333332
StringFormat:0.18
VariableDisplaySupport:0.16716137566137568
AbstractDateFormat:0.15666666666666668
BooleanFormat:0.14666666666666667
DoubleFormat:0.14333333333333334
LongFormat:0.13666666666666666
ArrayListFormat:0.10333333333333333
ProcessVariableMonitorTag:0.1
TextReportSettingsXmlParser:0.09
VariableExtractionHelper:0.08666666666666667
CurrentDateTimeVariableAdditionActionHandler:0.08
FileFormat:0.023333333333333334
DefaultFormat:0.006666666666666667
