Kernel32Test:0.47333333333333333
Shell32:0.2678730158730158
Psapi:0.2678730158730158
Shell32Test:0.19
OSVERSIONINFOEX:0.11
WinNT:0.06666666666666668
PsapiTest:0.04
MODULEINFO:0.029722222222222226
