AndroidManifest:0.7733333333333333
RobolectricTestRunner:0.35333333333333333
DefaultTestLifecycleTest:0.26666666666666666
ParallelUniverseTest:0.25
TestUtil:0.21333333333333335
