Link:0.8266666666666667
SyntenyLinkPolygon:0.5466666666666666
