XHibernate:0.52
XavaPreferences:0.4
MetaTab:0.31666666666666665
ModuleManager:0.23333333333333334
ModelMapping:0.19666666666666666
HibernatePG:0.18333333333333335
SetDefaultSchemaAction:0.17
