URIFrontier:0.6766666666666666
Frontier:0.4166666666666667
CrawlController:0.35
ToePool:0.33
ToeThread:0.31
EndedException:0.013055555555555556
