IssueSearchQueryModel:0.5933333333333334
SearchForm:0.3466666666666667
IssueSearchImpl:0.30666666666666664
SearchIssuesFormAction:0.18333333333333332
SearchIssuesAction:0.17111111111111113
MoveIssueFormAction:0.14
