Config:0.7466666666666667
StrandedZoomableApolloPanel:0.36666666666666664
FlexibleFeatureTierManager:0.29
TierMenu:0.24333333333333335
SyntenyPanel:0.21666666666666667
BrowserLauncher:0.21333333333333335
