ValueCountTests:0.43416666666666665
ValueCountParser:0.31333333333333335
ValueCountBuilder:0.21333333333333335
