NDArray:0.6
ComplexNDArray:0.6
Convolution:0.38666666666666666
ArrayUtil:0.36
FFT:0.30666666666666664
IFFTSliceOp:0.17333333333333334
MathUtils:0.14333333333333334
FFTSliceOp:0.11777777777777776
NDArrayUtil:0.08333333333333333
ComplexNDArrayUtil:0.03666666666666667
ComplexNDArrayTests:0.023333333333333334
FFTTest:0.01
