ClientSession:0.53
PrestoConnection:0.38
StatementClient:0.3255555555555556
BenchmarkDriverOptions:0.12666666666666668
ClientOptions:0.06
