TypeSpecTest:0.5133333333333333
Builder:0.3433333333333333
CodeBlockTest:0.3233333333333333
MethodSpec:0.23666666666666666
CodeWriter:0.22333333333333333
MethodSpecTest:0.20194444444444445
