Reader:0.45
ApiListingResourceIT:0.36666666666666664
ModelConverterContext:0.28948412698412695
ModelResolver:0.2866666666666667
ModelConverters:0.25666666666666665
ModelConverterContextImpl:0.10666666666666667
