AbstractStepFactoryBean:0.6161111111111112
SkipLimitStepFactoryBeanTests:0.19266666666666665
