RxJava2CallAdapterFactory:0.6066666666666667
RxJava2CallAdapter:0.4666666666666667
