Gate:0.6566666666666666
MainFrame:0.2966666666666667
CreoleRegisterImpl:0.28
Morph:0.2733333333333333
Interpret:0.21666666666666667
TestMaxentWrapper:0.18
TestGazetteer:0.16333333333333333
TestTokeniser:0.16333333333333333
TestControllers:0.14666666666666667
ReadFile:0.09333333333333334
TestMorph:0.08666666666666667
ForwardAction:0.08333333333333333
