KerasLayer:0.7266666666666667
KerasModel:0.38
KerasModelImport:0.2966666666666667
