STFMessages:0.9233333333333333
STFController:0.33666666666666667
Messages:0.195
