ThrottlingConfig:0.4166666666666667
AbstractChronicleMapBuilder:0.36
ChannelProvider:0.3283333333333333
TcpReplicationConfig:0.3
ChronicleChannel:0.29
TcpReplicator:0.22666666666666666
