Transition:0.5733333333333334
AddTransitionFeature:0.24
DiagramFeatureProvider:0.22
TransitionGraphicalEditPart:0.21666666666666667
DiagramEditorPage:0.20333333333333334
TransitionMoveCommand:0.16666666666666666
GpdXmlContentProvider:0.15666666666666668
TransitionAbstractBendpointCommand:0.13666666666666666
CopyGraphCommand:0.12333333333333334
AddTransitionBendpointFeature:0.12
MoveTransitionBendpointFeature:0.12
PropertyNames:0.07
MoveTransitionLabelFeature:0.051666666666666666
TransitionMoveBendpointCommand:0.0
