ISarosSession:0.5966666666666667
SarosSession:0.5
AbstractSessionListener:0.48
IActivity:0.42333333333333334
SPath:0.4166666666666667
User:0.39666666666666667
SarosUI:0.3933333333333333
EditorManager:0.33666666666666667
ITransmitter:0.31
IncomingInvitationProcess:0.2966666666666667
OutgoingInvitationProcess:0.2633333333333333
SPathDataObject:0.25333333333333335
PacketExtensionUtils:0.25333333333333335
SelectionCollector:0.245
JumpFeatureUsageCollector:0.245
TextEditActivity:0.24333333333333335
ChecksumActivity:0.24333333333333335
StopManager:0.235
DataTransferCollector:0.23333333333333334
SarosState:0.23166666666666666
XMPPTransmitter:0.21666666666666667
SessionListener:0.21666666666666667
FileActivity:0.21666666666666667
ViewportActivity:0.21333333333333335
TextSelectionActivity:0.21333333333333335
EditorPool:0.21
StopActivityDataObject:0.20666666666666667
UndoManager:0.20666666666666667
ISessionManager:0.205
StreamServiceManager:0.20333333333333334
TextEditActivityDataObject:0.2
ResourceDeltaVisitor:0.2
VoIPCollector:0.2
FollowModeCollector:0.2
StopActivity:0.2
SessionManager:0.19666666666666666
ProgressActivity:0.19333333333333333
SessionContentProvider:0.19333333333333333
SessionView:0.19
ConcurrentDocumentClient:0.18666666666666668
GiveExclusiveDriverRoleAction:0.18666666666666668
SharedProjectDecorator:0.18666666666666668
SharedProjectFileDecorator:0.18666666666666668
MessagingManager:0.18333333333333332
SessionRosterListener:0.18166666666666667
LeaveSessionAction:0.18
SharedDocumentProvider:0.17333333333333334
ConcurrentDocumentServer:0.17333333333333334
ChecksumActivityDataObject:0.16666666666666666
InvitationWizard:0.16666666666666666
ClientSideProjectListener:0.165
ParticipantCollector:0.16333333333333333
RemoveAllDriverRoleAction:0.16333333333333333
ChatView:0.16333333333333333
FollowThisPersonAction:0.16333333333333333
FollowModeAction:0.16
AbstractStatisticCollector:0.15833333333333333
PingPongCentral:0.15666666666666668
DirtyStateListener:0.15666666666666668
RemoteDriverManager:0.15666666666666668
ActivitySequencer:0.15666666666666668
InviteAction:0.15666666666666668
GiveDriverRoleAction:0.15444444444444444
JupiterActivity:0.15333333333333332
PacketReceiver:0.15333333333333332
TextEditCollector:0.15333333333333332
FolderActivity:0.15333333333333332
AddToSessionAction:0.15333333333333332
RemoveDriverRoleAction:0.14666666666666667
JumpToDriverPositionAction:0.14666666666666667
SendFileAction:0.14333333333333334
GeneralNewSessionAction:0.14
XMPPConnectionListener:0.14
RoleChangeCollector:0.14
InvitationWizardUserSelection:0.14
SessionDataCollector:0.13666666666666666
VoIPAction:0.13333333333333333
JupiterServer:0.13333333333333333
ContributionAnnotationManager:0.13
PingPongActivity:0.13
ChecksumErrorActivity:0.13
IActivityDataObject:0.1297777777777778
RoleActivityDataObject:0.12
SharedModelProvider:0.12
PingPongActivityDataObject:0.12
SharedResourcesManager:0.12
RoleManager:0.12
RemoteEditorManager:0.11916666666666667
JupiterClient:0.11666666666666667
ConsistencyWatchdogServer:0.11666666666666667
EditorActivity:0.11333333333333333
FolderActivityDataObject:0.11
SessionFilter:0.1075
RoleActivity:0.10666666666666667
OpenInviteInterface:0.10333333333333333
ViewportActivityDataObject:0.1
FileActivityDataObject:0.1
JupiterActivityDataObject:0.09666666666666666
Handler:0.09333333333333334
TextSelectionActivityDataObject:0.09
EditorActivityDataObject:0.09
ConsistencyWatchdogHandler:0.09
ChecksumErrorActivityDataObject:0.07666666666666666
ConsistencyWatchdogClient:0.07333333333333333
PreferenceManager:0.07
ConsistencyAction:0.056666666666666664
ProgressActivityDataObject:0.05333333333333334
ISessionListener:0.02666666666666667
RemoteProgressManager:0.0225
RevertBufferListener:0.01
