Tag:0.7166666666666667
Lexer:0.31333333333333335
TagWriter:0.30333333333333334
EmptyTagVisitor:0.29333333333333333
TagVisitor:0.29333333333333333
LagartoParser:0.27
ParsedTag:0.25
TagAdapter:0.23666666666666666
LagartoException:0.23
TagAdapterWrapper:0.20333333333333334
HtmlStaplerTagAdapter:0.12666666666666668
