ReplaySession:0.51
ControlSession:0.3466666666666667
ListRecordingsForUriSessionTest:0.26666666666666666
ArchiveConductor:0.24333333333333335
ListRecordingsSessionTest:0.18
DedicatedModeArchiveConductor:0.14666666666666667
DedicatedModeReplayer:0.14
ReplaySessionTest:0.13166666666666665
ListRecordingsForUriSession:0.12666666666666668
ListRecordingsSession:0.10666666666666667
AbstractListRecordingsSession:0.08
ControlSessionTest:0.06833333333333333
