SWDownloadFile:0.6733333333333333
SWDownloadWorker:0.5233333333333333
