BulkOperationCleanupAction:0.4
CachedDomainDataAccess:0.25666666666666665
DirectAccessRegion:0.2523888888888889
EntityCleanup:0.25
CollectionCleanup:0.25
NaturalIdCleanup:0.25
DirectAccessRegionTemplate:0.18666666666666668
AbstractCachedDomainDataAccess:0.17333333333333334
