XavaPreferences:0.6066666666666667
MetaView:0.5066666666666667
