ComplexNDArray:0.7266666666666667
NDArrays:0.5866666666666667
ComplexNDArrayTests:0.20333333333333334
AddOp:0.10666666666666667
DivideOp:0.10666666666666667
MultiplyOp:0.10666666666666667
SubtractOp:0.10666666666666667
