JavaToIOSMethodTranslatorTest:0.32666666666666666
MethodReferenceTest:0.31333333333333335
DestructorGeneratorTest:0.27
JavaToIOSMethodTranslator:0.20333333333333334
VarargsRewriterTest:0.18333333333333332
