DesktopIndicator:0.8166666666666667
XMLBuilder:0.4033333333333333
