TextUtils:0.6766666666666666
LogReader:0.07666666666666666
