Evaluation:0.6033333333333334
MLLibUtil:0.38666666666666666
SparkDl4jMultiLayer:0.33
EvaluateMapFunction:0.21333333333333335
