Robot:0.5466666666666666
ComponentRecorderTest:0.42333333333333334
AbstractSemanticRecorderTest:0.39
EventRecorder:0.24333333333333335
BugReport:0.05
