VertxHttp2ConnectionHandler:0.7733333333333333
Http2ClientConnection:0.44333333333333336
VertxHttp2ConnectionHandlerBuilder:0.2966666666666667
Http2ServerConnection:0.14444444444444443
