AuthorizationServiceDelegate:0.7133333333333334
AuthorizationService:0.5133333333333333
PermissionBean:0.2866666666666667
WfeScriptRunner:0.22
AuthorizationServiceDelegateLocalImpl:0.20666666666666667
AuthorizationServiceBean:0.20666666666666667
AuthorizationDelegateGetExecutorsWithPermissionTest:0.20666666666666667
AuthorizationServiceDelegateRemoteImpl:0.20666666666666667
AuthorizationDelegateGetExecutorWithoutPermissionTest:0.18666666666666668
ListExecutorsWithoutPermissionsOnBotStationFormTag:0.16666666666666666
ListExecutorsWithoutPermissionsOnRelationsFormTag:0.16666666666666666
ListExecutorsWithoutPermissionsOnDefinitionFormTag:0.16666666666666666
ListExecutorsWithoutPermissionsOnSystemFormTag:0.16666666666666666
ListExecutorsWithoutPermissionsOnProcessInstanceFormTag:0.16666666666666666
ListExecutorsWithoutPermissionsOnRelationFormTag:0.16666666666666666
AuthorizationLogic:0.15333333333333332
AuthorizationServiceDelegateGetExecutorsWithoutPermissionTest:0.14666666666666667
AuthorizationServiceDelegateGetExecutorsWithPermissionTest:0.14666666666666667
StartProcessTaskHandler:0.13666666666666666
ListExecutorsWithoutPermissionsOnExecutorFormTag:0.13
PermissionTableBuilder:0.12666666666666668
UpdatePermissionOnIdentifiableAction:0.12
PresentationCompilerHelper:0.08
