BindingModel:0.41333333333333333
AbstractMvcView:0.35333333333333333
BinderModel:0.3333333333333333
FlowModelFlowBuilder:0.3
DojoDecorationRendererTests:0.19666666666666666
GenericConversionService:0.19333333333333333
MvcViewTests:0.18333333333333332
XmlFlowModelBuilder:0.16333333333333333
MvcViewFactoryCreator:0.15666666666666668
PortletMvcViewFactory:0.07333333333333333
ServletMvcViewFactory:0.07333333333333333
ViewFactoryCreator:0.07
AbstractMvcViewFactory:0.05333333333333334
JsfViewFactoryCreator:0.016666666666666666
TestViewFactoryCreator:0.006666666666666667
MockViewFactoryCreator:0.006666666666666667
ApplicationConversionService:0.0
