Activator:0.8233333333333334
ApplicationWorkbenchAdvisor:0.36333333333333334
