Cache:0.9066666666666666
EhCacheSupport:0.31777777777777777
ExecutorCacheImpl:0.22333333333333333
CacheStatistic:0.1988888888888889
SubstitutionCacheImpl:0.19333333333333333
BaseCacheImpl:0.18
TaskCacheImpl:0.13976190476190478
ProcessDefCacheImpl:0.11083333333333334
CacheStatisticProxy:0.08666666666666667
StatisticCounter:0.051666666666666666
