Jedis:0.7733333333333333
ShardedJedis:0.4266666666666667
Connection:0.21666666666666667
ShardedJedisTest:0.06
