IOSInput:0.56
IOSGraphics:0.37
IOSApplication:0.3433333333333333
IOSUIViewController:0.2505555555555556
