AnnotationActionValidatorManagerTest:0.52
URLValidatorTest:0.42333333333333334
RegexFieldValidatorTest:0.37333333333333335
