Engine:0.52
IndexShard:0.47
EngineConfig:0.4266666666666667
IndexService:0.3466666666666667
InternalEngineTests:0.30666666666666664
PluginsService:0.27666666666666667
Plugin:0.27666666666666667
IndicesService:0.2
ShadowEngineTests:0.18666666666666668
ShadowIndexShard:0.10666666666666667
IndexShardModule:0.09
IndexStore:0.03
MockFSIndexStore:0.023333333333333334
IndexModule:0.02
