Search:0.5366666666666666
SWDownloadTab:0.24916666666666668
MsgQueryResponse:0.23666666666666666
FWSortedTableModel:0.21027777777777779
MouseHandler:0.20111111111111113
EmptyHTTPHeaders:0.2
ConnectionEngine:0.19
DownloadSelectionHandler:0.17444444444444446
SearchTab:0.16111111111111112
SelectionHandler:0.12777777777777777
