AbstractAuthenticationToken:0.44
CasAuthenticationToken:0.38666666666666666
RememberMeAuthenticationToken:0.26666666666666666
OpenIDAuthenticationToken:0.19333333333333333
UsernamePasswordAuthenticationToken:0.09666666666666666
PreAuthenticatedAuthenticationToken:0.06666666666666667
