WebKeys:0.5910000000000001
AjaxController:0.4066666666666667
UrlTag:0.32
