WebClient:0.38333333333333336
HtmlPage:0.37666666666666665
Page:0.3153333333333333
HiddenWebWindow:0.31
UnexpectedPage:0.09166666666666666
TextPage:0.09166666666666666
