XAService:0.65
XAResourceImpl:0.56
XATransactionCreateMessageTask:0.2633333333333333
ClientXATest:0.16666666666666666
