MapFacadeBean:0.47
JasperReportServlet:0.39666666666666667
HibernatePG:0.36388888888888893
