Transcript:0.3333333333333333
ApolloPanel:0.31666666666666665
Gene:0.31
BaseEditorPanel:0.2966666666666667
GAMEAdapter:0.24333333333333335
FeatureTreePanel:0.19688888888888886
