TableView:0.5066666666666667
Row:0.49333333333333335
PosPanel:0.4033333333333333
PayDialog:0.33666666666666667
