LocalEventBusTest:0.31333333333333335
CodecManager:0.28
MyReplyException:0.25833333333333336
ClusteredEventBusTest:0.18416666666666667
MyReplyExceptionMessageCodec:0.13666666666666666
