Kuwaiba:0.46
WebServiceBeanRemote:0.43333333333333335
WebServiceBean:0.31833333333333336
