GLSLDisplay:0.5566666666666666
GLSLBaseLight:0.39
GLSLShadowMap:0.38333333333333336
GLSLShadowCube:0.26
GLSLShadowPerspective:0.2519444444444444
GLSLPointLight:0.1922222222222222
GLSLSpotLight:0.1922222222222222
ShaderOGL:0.17905555555555555
GLSLDirectionalLightShadow:0.16
GLSLPointLightShadow:0.15666666666666668
GLSLSpotLightShadow:0.14666666666666667
LightCollection:0.14
LightingProcessPass:0.11333333333333333
