ObjectNode:0.4033333333333333
ListManagerTopComponent:0.3333333333333333
Cache:0.29
Create:0.27666666666666667
ListElementChildren:0.24
ObjectChildren:0.18633333333333332
AttributeCustomizerNodeProperty:0.18333333333333332
QueryBuilderService:0.17666666666666667
ListTypeNode:0.15666666666666668
AttributeMetadataChildren:0.13666666666666666
ObjectNodeProperty:0.11277777777777777
ListElementNode:0.07333333333333333
ListTypeChildren:0.04666666666666667
Refresh:0.02666666666666667
ListManagerService:0.02666666666666667
