Constants:0.6994007936507937
LocalPool:0.6713888888888889
