ObjectFactory:0.6
KuwaibaService:0.4944722222222222
CommunicationsStub:0.23
EndToEndViewScene:0.21666666666666667
GetLogicalLinkDetails:0.10333333333333333
GetPhysicalConnectionEndpoints:0.10333333333333333
RemoteLogicalConnectionDetails:0.09
GetParentsUntilFirstOfClass:0.09
GetPhysicalConnectionEndpointsResponse:0.07948941798941801
GetParentsUntilFirstOfClassResponse:0.07948941798941801
GetLogicalLinkDetailsResponse:0.05888888888888889
ShowEndToEndViewAction:0.006666666666666667
