Description:0.4
Assert:0.36333333333333334
AssertionTest:0.30333333333333334
JUnit4ClassRunner:0.3
CompatibilityTest:0.23
JUnit4TestAdapter:0.16666666666666666
Version:0.14333333333333334
SuiteMethodTest:0.016666666666666666
