AbstractTestQueries:0.6919444444444444
SimplePagesHashStrategy:0.37
JoinProbeCompiler:0.33666666666666667
