AbsTarget:0.4666666666666667
CancelAllCmd:0.36300000000000004
AbsGroupUtil:0.32
DownloadReceiver:0.30666666666666664
CancelCmd:0.22092063492063493
BaseGroupTarget:0.19666666666666666
DownloadGroupActivity:0.18333333333333332
