SortedTable:0.44611111111111107
AnnotationSetTableModel:0.3
DocumentViewer:0.09666666666666666
ColorGenerator:0.08333333333333333
