InvitationProcess:0.7424444444444445
MessagingManager:0.5211111111111112
