DefaultRenderContext:0.51
ConstraintImpl:0.4266666666666667
QueryPartList:0.3975
AlterTableImpl:0.30333333333333334
