MainFrame:0.7133333333333334
ResourceViewer:0.43666666666666665
Main:0.38
MainFrame_AboutBox:0.12666666666666668
NewResourceDialog:0.11666666666666667
ResourceHandle:0.08
LRHandle:0.043333333333333335
ApplicationHandle:0.03666666666666667
ProjectData:0.02666666666666667
