PortletResult:0.5755555555555555
PortletResultTest:0.43666666666666665
PortletActionConstants:0.18833333333333332
