SerialControllerEditor:0.44333333333333336
AddPRAction:0.38
RemovePRAction:0.2464444444444444
