URIRegExpFilter:0.49666666666666665
PathologicalPathFilter:0.4166666666666667
PathologicalPathFilterTest:0.12666666666666668
