ConcurrentMapManager:0.5502777777777778
BaseManager:0.4166666666666667
ClusterLockTest:0.2833333333333333
