DefaultBroadcaster:0.5166666666666667
AtmosphereServlet:0.38333333333333336
BaseTest:0.24
XMPPBroadcaster:0.22666666666666666
AtmosphereGwtHandler:0.21
AbstractBroadcasterProxy:0.19333333333333333
JMSBroadcaster:0.18666666666666668
SimpleBroadcaster:0.18
ExcludeSessionBroadcaster:0.17666666666666667
JerseyBroadcaster:0.14666666666666667
JGroupsBroadcaster:0.12
SuspendInfo:0.12
RecyclableBroadcaster:0.10333333333333333
TwitterBroadcaster:0.056666666666666664
JerseySimpleBroadcaster:0.03
AsyncWriteToken:0.023333333333333338
PubSubBroadcaster:0.01
