Rule:0.38666666666666666
ActiveObject:0.31333333333333335
StatisticManager:0.2966666666666667
StatisticUpdate:0.2733333333333333
DeprecatedMethods:0.23444444444444448
RuleBase:0.22333333333333333
ScriptSaveAction:0.2227777777777778
Tier:0.20483333333333334
EventLoopCmd:0.13166666666666665
StatisticUpdateFactory:0.04
