SyntaxException:0.6333333333333333
SaxErrorHandler:0.5233333333333333
SaxParser:0.31
