ReportEntry:0.5066666666666667
ColoredPrintingTestListener:0.44777777777777783
XmlReportWriter:0.3566666666666667
