Evaluation:0.6313333333333333
RecordReaderDataSetIterator:0.49333333333333335
EvalTest:0.24
