RuleTransition:0.5866666666666667
Transition:0.5716666666666667
Grammar:0.54
Rule:0.3225
OutputModelController:0.23
ParserATNSimulator:0.22333333333333333
CodeGeneratorExtension:0.2227777777777778
ParserATNFactory:0.2
ATNSerializer:0.18333333333333332
ATNSimulator:0.15666666666666668
