AccessControlManager:0.5437619047619048
AccessControlManagerImpl:0.39
AbstractFolderModule:0.34
NullAccessControlManager:0.3
FolderModule:0.2866666666666667
