PySystemState:0.8416666666666667
JythoncAntTask:0.27666666666666667
