ViewMessageBodyWriter:0.5366666666666666
ConfiguredCommand:0.24333333333333335
BootstrapTest:0.22333333333333333
SessionFactoryFactory:0.19
Bootstrap:0.15666666666666668
CsvReporterFactory:0.14333333333333334
FreemarkerViewRendererTest:0.12333333333333334
MustacheViewRendererTest:0.12333333333333334
ViewBundle:0.10833333333333334
ViewBundleTest:0.07666666666666666
