ClassDescriptor:0.6433333333333333
TypeChecker:0.39
StepFactory:0.36
HopSymbolTableWalker:0.2633333333333333
