Property:0.64
PropertyXRef:0.2633333333333333
PropertyHusband:0.2394444444444445
PropertyWife:0.2394444444444445
PropertyAge:0.22
PropertyFamilySpouse:0.21777777777777782
PropertyFamilyChild:0.20222222222222225
PropertyChild:0.20222222222222225
PropertyAssociation:0.17
