AbstractTestOrcReader:0.37
CharOrcPredicate:0.3466666666666667
Checkpoints:0.32666666666666666
ValueStreams:0.18333333333333332
StreamReaders:0.13666666666666666
SliceDirectStreamReader:0.13
SliceDictionaryStreamReader:0.11
