JPPFSubmissionResult:0.4533333333333333
AbstractJPPFClientConnection:0.415
JPPFConnectionImpl:0.2866666666666667
RemoteExecutionThread:0.2633333333333333
JobSubmission:0.18333333333333332
