DataStore:0.8233333333333334
SystemDataRes:0.33
CaptureTask:0.2633333333333333
