IterativeOptimizer:0.4900000000000001
RuleStats:0.35333333333333333
StatsRecorder:0.24
