Controller:0.7333333333333333
CompositeApolloFrame:0.3466666666666667
MultiController:0.3
