EditionService:0.7009444444444445
TextSelectionResult:0.4527936507936508
TextTable:0.2866666666666667
EditionServiceImpl:0.2633333333333333
TextSelectionTab:0.24666666666666667
CenterPanel:0.21
TextSelectionServiceImpl:0.21
EditionServiceAsync:0.14416666666666667
