AddSequence:0.45
SequenceTable:0.4066666666666667
GeneBeanFactory:0.4
UpdateGene:0.36666666666666664
DisplaySequenceAssociations:0.17244444444444446
