TagParser:0.6883333333333334
BaseHtmlFormType:0.5166666666666667
