JSONOutputEvent:0.7669444444444444
JSONOutputAsHtmlEvent:0.5736666666666667
