ServiceData:0.8333333333333334
RegisteredServiceEditBean:0.4166666666666667
RegisteredServiceSimpleFormController:0.19333333333333333
RegisteredServicePublicKeyEditBean:0.14
