AddDatastoreLayerPanel:0.5433333333333333
DataStoreTableCellListener:0.4533333333333333
SpatialDatabasesDSMetadata:0.2733333333333333
DataStoreMetadata:0.25666666666666665
H2SQLBuilder:0.25
PostgisSQLBuilder:0.25
MariadbSQLBuilder:0.25
OracleSQLBuilder:0.25
SpatialiteSQLBuilder:0.25
ImageCachingRenderer:0.23
SpatialDatabasesSQLBuilder:0.07416666666666667
