Page:0.48
Back:0.38666666666666666
Menu:0.35
Forward:0.3466666666666667
HelpWidget:0.16333333333333333
HelpPluginFactory:0.16333333333333333
HelpView:0.14666666666666667
Hyperlinker:0.03333333333333333
CachingStreamHandler:0.03
