Description:0.9233333333333333
MaxStarterTest:0.35333333333333333
