BasicServerEngineTest:0.56
BasicJFXServerEngineTest:0.31666666666666665
BasicClientEngineTest:0.27666666666666667
MapItemsUIHandlerTest:0.18666666666666668
JFXRendererUITest:0.18
