ExtractionContext:0.6490277777777778
InformationExtractorJdbcDatabaseMetaDataImpl:0.4533333333333333
DatabaseInformationImpl:0.41333333333333333
ExtractionContextImpl:0.38
DatabaseObjectAccess:0.24388888888888885
