MoleculeTableContentProvider:0.6183333333333333
MultiPageMoleculesEditorPart:0.49666666666666665
