Abstraction:0.43666666666666665
Materialisation:0.41
ShapePreviewDialog:0.28444444444444444
TestShapeGenerator:0.26666666666666666
TestMaterialisation:0.21666666666666667
ShapeGenerator:0.18
TotalAnchorFactory:0.18
TestPreMatch:0.14666666666666667
ToggleExplorationStateAction:0.12333333333333334
TestShapeIso:0.11333333333333333
