InstallerDb:0.51
Installer:0.5066666666666667
InstallerDbTest:0.32666666666666666
AutoIntegerIdMapStore:0.26666666666666666
PopulatedTemporaryDatabaseTestCase:0.2633333333333333
EventDaoTest:0.1980952380952381
SnmpInterfaceDaoTest:0.17
CollectionTest:0.17
AvailabilityReportLocatorDaoTest:0.16
UserNotificationDaoTest:0.15666666666666668
OutageDaoTest:0.12666666666666668
NotificationDaoTest:0.06833333333333333
ServiceTypeDaoTest:0.06
