RevokedCertInfo:0.49666666666666665
CertificateStatus:0.4266666666666667
RAInterfaceBean:0.24
CertificateView:0.22666666666666666
EndEntityManagementSessionBean:0.21333333333333335
CADataHandler:0.20666666666666667
CrlCreateSessionTest:0.20333333333333334
CertificateStoreSessionBean:0.19
CertificateStatusHelper:0.14666666666666667
RevokedInfoView:0.14166666666666666
UnRevokeEndEntityCommand:0.13666666666666666
CertDistServlet:0.13666666666666666
CheckRevokeStatusCommand:0.10666666666666667
RevocationSessionBean:0.08333333333333333
