XmlPage:0.8166666666666667
SgmlPage:0.35333333333333333
HtmlUnitPrefixResolver:0.16666666666666666
