Bond:0.5716666666666667
AtomTypeTest:0.37333333333333335
ChemObjectTest:0.34
BondTest:0.24
LonePairTest:0.20333333333333334
AtomTest:0.18666666666666668
CoreClassesTests:0.18333333333333332
ElementTest:0.17666666666666667
IsotopeTest:0.11
