jOOQAbstractTest:0.575
Pivot:0.5066666666666667
PivotForStep:0.3746111111111111
