Invoice:0.7333333333333333
InvoiceValue:0.47
InvoicesTest:0.2633333333333333
PropertyPG:0.26
IInvoice:0.23666666666666666
InvoiceCMP:0.19666666666666666
InvoiceBean:0.18
ConsiderableCalculator:0.03666666666666667
