TreeViewer:0.49
ParserRuleContext:0.43333333333333335
ParseTreeListener:0.35744444444444445
RuleContext:0.35
TreePostScriptGenerator:0.27
Trees:0.21000000000000002
ParseTreeWalker:0.16666666666666666
ParseTreeVisitor:0.14666666666666667
