WhereClauseAnalyzerTest:0.4266666666666667
RelationAnalyzer:0.3466666666666667
InsertFromValuesAnalyzer:0.25
AbstractInsertAnalyzer:0.12444444444444443
InsertFromSubQueryAnalyzer:0.11
