DescribeEventSubscriptionsRequest:0.83
SendMessageBatchTask:0.24833333333333332
DescribeEventSubscriptionsRequestMarshaller:0.09333333333333334
