ServerCockpit:0.8011111111111111
WindowManager:0.40638888888888886
AbstractServerCockpit:0.3333333333333333
AbstractWindowManager:0.28
SwingServerDisplay:0.21666666666666667
Selector:0.20555555555555557
AbstractCockpitConfigurationHandler:0.18666666666666668
