MatchQueryBuilder:0.5366666666666666
MultiMatchQueryBuilder:0.3933333333333333
SimpleQueryStringBuilder:0.36777777777777776
QueryStringQueryBuilder:0.3
