DataHandler:0.6433333333333333
QueryHandler:0.63
WikiUser:0.4266666666666667
AnsiQueryHandler:0.30666666666666664
AnsiDataHandler:0.29333333333333333
RegisterServlet:0.23
WikiDatabase:0.19111111111111112
UserPreferencesUtil:0.17
DatabaseUpgrades:0.13666666666666666
UserPreferenceItem:0.135
