FeatureSetBuilder:0.5833333333333334
GFFAdapter:0.36333333333333334
GFFFile:0.3466666666666667
EnsCGIAdapter:0.31666666666666665
