Routing:0.7566666666666667
JoinIntegrationTest:0.61
Context:0.22333333333333333
IndexBaseVisitor:0.17666666666666667
