Simulation:0.56
MainScene:0.31333333333333335
MainWindow:0.2733333333333333
MarsCalendarDisplay:0.22666666666666666
TimeWindow:0.18444444444444444
ModifyTransportItemDialog:0.15666666666666668
Preference:0.09
PausableThreadPoolExecutor:0.07666666666666666
MetaTaskUtil:0.065
