Blog:0.6466666666666666
BlojsomConfiguration:0.49333333333333335
