MultiLayerNetwork:0.49333333333333335
WorkerActor:0.2611111111111111
MultipleEpochsIterator:0.2569444444444445
DefaultGradient:0.24333333333333335
ModelSerializer:0.21444444444444447
QuadTree:0.21194444444444446
RBM:0.2075
GloveWeightLookupTable:0.20444444444444446
ConvolutionLayerSetup:0.17333333333333334
GenericExceptionMapper:0.14
