BaseMultiLayerNetwork:0.5633333333333334
MultiLayerNetworkOptimizer:0.39666666666666667
DBNTest:0.24
LogisticRegressionOptimizer:0.22333333333333333
VectorizedNonZeroStoppingConjugateGradient:0.20666666666666667
