ChemObject:0.7033333333333334
ChemObjectTest:0.47333333333333333
