Keys:0.6366666666666667
Binding:0.51
GeneratorKeys:0.36666666666666664
ConstructorBinding:0.2733333333333333
InjectStaticsTest:0.25
Linker:0.20333333333333334
CodeGen:0.19333333333333333
GuiceSupportTest:0.18
InjectProcessor:0.15333333333333332
UnresolvedBinding:0.14833333333333334
DeferredBinding:0.14833333333333334
ProvidesProcessor:0.14333333333333334
StaticInjection:0.13
ProviderMethodBinding:0.12666666666666668
BuiltInBinding:0.09
