DFHandler:0.62
BinaryDFHandler:0.5816666666666667
EditorApplication:0.56
XMLObject:0.36
LayerRenderer:0.3308333333333333
AbstractBinaryDFHandler:0.29333333333333333
ARINC661App:0.27666666666666667
MenuFactory:0.24333333333333335
DefaultScriptLogger:0.22666666666666666
ConcreteLayerPainterTest:0.22333333333333333
EditorScript:0.22166666666666668
EditBoxNumericRenderer:0.22
NumericReadoutRenderer:0.22
AbstractWidgetRefHandler:0.22
ErrorPanel:0.21333333333333335
LayerTreeEditor:0.21
ServerXMLDFHandler:0.21
ProtocolInputDecoderServerTest:0.20666666666666667
WidgetsRefHandler:0.20333333333333334
ClientWidgetsRefHandler:0.19333333333333333
NumericFormatter:0.16333333333333333
EditorXMLDFHandler:0.16
ApplyScriptAction:0.14055555555555554
ScriptContext:0.13376984126984126
AbstractDFHandler:0.12904761904761905
EditorScriptPlugin:0.12333333333333334
