InstallPluginCommandTests:0.45
Command:0.43333333333333335
InstallPluginCommand:0.38333333333333336
ListPluginsCommandTests:0.21333333333333335
UserErrorCommand:0.20333333333333334
UsageErrorCommand:0.20333333333333334
PluginCli:0.18666666666666668
NoopCommand:0.14666666666666667
ESElasticsearchCliTestCase:0.1
