DefaultFlowArtifactFactory:0.5133333333333333
FlowExecutionControlContextImpl:0.4533333333333333
EndState:0.43666666666666665
