DisplayGoTerm:0.7983333333333333
PubServlet:0.6166666666666667
