HtmlPage:0.65
HtmlElement:0.5666666666666667
HTMLTableElement:0.23333333333333334
