Main:0.7333333333333333
CruiseControlControllerAgent:0.3566666666666667
MainTest:0.3233333333333333
