DataService:0.5744444444444444
IDataService:0.3466666666666667
ConfigurationChangedDataRouter:0.30666666666666664
TableReloadRequestKey:0.27
DataServiceSqlMap:0.05333333333333334
