Default:0.54
TypeResolver:0.47333333333333333
InitializationAppender:0.3333333333333333
AgentBuilderInitializationStrategyTest:0.30666666666666664
AgentBuilderInitializationStrategySelfInjectionDispatcherTest:0.2866666666666667
Resolved:0.26666666666666666
