AbstractLazySequence:0.5
GAMESequence:0.4483333333333333
SequenceRange:0.33916666666666667
