PropertyOption:0.5166666666666667
Report:0.5033333333333333
ReportGraphicalTree:0.22
LayoutFactory:0.20055555555555557
RendererFactory:0.18003968253968256
TreeElementsFactory:0.18003968253968256
GraphicsOutputFactory:0.17920634920634923
ReportView:0.17666666666666667
