DataTransferManager:0.49333333333333335
BinaryChannel:0.39666666666666667
Socks5Transport:0.38333333333333336
Callback:0.2555555555555556
WrappedBidirectionalSocks5BytestreamSession:0.15666666666666668
ReceiverThread:0.13199999999999998
BytestreamTransport:0.13
