Task:0.7733333333333333
GarbageCollectionTaskTest:0.31
TaskServletTest:0.2966666666666667
LogConfigurationTaskTest:0.29333333333333333
TestApplication:0.2633333333333333
EchoTask:0.14333333333333334
DropwizardTestSupportTest:0.12583333333333332
HelloTask:0.10666666666666667
TaskExecutor:0.08
LogConfigurationTask:0.08
AdminEnvironmentTest:0.07666666666666666
DropwizardAppRuleTest:0.07583333333333334
GarbageCollectionTask:0.02666666666666667
TestTask:0.01
