CliAuthenticationTest:0.6241666666666666
AccessControlSessionBean:0.5966666666666667
