WebDriverTestCase:0.5066666666666667
HttpWebConnection2Test:0.2733333333333333
HttpWebConnectionTest:0.23
RefreshServlet:0.15666666666666668
