JoglPanel:0.5166666666666667
MD5Test:0.42
Mesh:0.4066666666666667
MD5Loader:0.27666666666666667
JoglGraphics:0.27
