HttpPipelinedResponse:0.48
HttpPipelinedRequest:0.4533333333333333
TestResponse:0.24333333333333335
HttpPipeliningHandler:0.22
Netty4HttpChannelTests:0.18666666666666668
