BlendingAttribute:0.34
LwjglInput:0.3255555555555556
AndroidSound:0.28
GwtSound:0.26
Model:0.25
GLES10Shader:0.2377777777777778
MeshBuilder:0.23666666666666666
GestureDetector:0.18333333333333332
MtlLoader:0.11
