ClientSynchronizedDocument2:0.6666666666666666
DOptPuzzleTest:0.43333333333333335
