DownloadScopeList:0.5522222222222222
RangeUnavailableException:0.38
DownloadEngine:0.24333333333333335
