Project:0.6433333333333333
ProjectGUI:0.43333333333333335
RunAction:0.282
