NoteStyle:0.523
NoteTool:0.52
SaveImageAsSVGPlugIn:0.25333333333333335
EasyButtonsPlugin:0.23666666666666666
NarrowSolidMiddle:0.15333333333333332
InstallSkinsPlugIn:0.14083333333333334
