ServiceData:0.5866666666666667
RegisteredServiceEditBean:0.4
ManageRegisteredServicesMultiActionController:0.2966666666666667
JsonViewUtils:0.19666666666666666
RegisteredServiceSimpleFormControllerTests:0.18666666666666668
RegisteredServiceSimpleFormController:0.11
FormData:0.03
