CsvData:0.5566666666666666
DatabaseWriter:0.42
TransformWriter:0.25333333333333335
DefaultDatabaseWriterConflictResolver:0.24666666666666667
AdditiveColumnTransform:0.19
