GridCoverageReader:0.5933333333333334
CRSFactory:0.47
GeocentricCRS:0.3481111111111111
