LogicErrors:0.7136111111111111
ModuleConstantsExistenceCheckerImpl:0.44
ServiceErrors:0.014071428571428572
