PasswordlessTokenCipherExecutor:0.5266666666666666
RestTokens:0.4592619047619047
PasswordlessAuthenticationConfiguration:0.44666666666666666
Tokens:0.014444444444444444
