DocumentImpl:0.6166666666666667
GateFormatXmlDocumentHandler:0.37333333333333335
DelayedListener:0.17333333333333334
TestGate:0.17
