GuiInfo:0.555
InternalKeyBindingListCommand:0.4266666666666667
InternalKeyBindingMBean:0.4266666666666667
