ShowUser:0.52
WebKeys:0.47904761904761906
ViewPermalinkController:0.2733333333333333
ObjectKeys:0.02
