EntityRights:0.49333333333333335
GwtTeamingMessages:0.3222222222222222
DataTableFolderViewBase:0.30333333333333334
GwtViewHelper:0.29777777777777775
BinderViewsHelper:0.2783333333333333
