DatabaseLib:0.5866666666666667
MetadataLib:0.3333333333333333
MefLib:0.31166666666666665
