Int:0.3466666666666667
StringElement:0.28
ValueElement:0.25666666666666665
DcmElementImpl:0.25333333333333335
FragmentElement:0.23
OB:0.22666666666666666
OW:0.18666666666666668
OF:0.18666666666666668
FL:0.17
UN:0.16666666666666666
UL:0.15
SQElement:0.13666666666666666
MultiStringElement:0.13
FD:0.12666666666666668
SS:0.115
US:0.115
AT:0.10833333333333334
