JsonPathMatchersTest:0.46
IsJsonTest:0.33666666666666667
WithoutJsonPath:0.33355555555555555
JsonPathMatchers:0.31333333333333335
WithJsonPathTest:0.26666666666666666
