BlackHoleTableHandle:0.41
BlackHoleMetadata:0.38
BlackHoleTableLayoutHandle:0.33
BlackHoleSplit:0.31333333333333335
BlackHoleConnector:0.19333333333333333
BlackHoleSplitManager:0.18333333333333332
BlackHolePageSourceProvider:0.16666666666666666
BlackHoleSmokeTest:0.14
