FinderPatternFinder:0.51
QRCodeBlackBox1TestCase:0.1188888888888889
QRCodeBlackBox3TestCase:0.1188888888888889
QRCodeBlackBox2TestCase:0.11333333333333333
