IndicesClusterStateService:0.5758333333333333
ShardStateAction:0.22
PeerRecoveryListener:0.14666666666666667
FailedEngineHandler:0.14333333333333334
IndicesLifecycleListenerTests:0.09
