CHMUseCasesTest:0.3933333333333333
WriteContext:0.38177777777777777
VanillaChronicleMap:0.3566666666666667
ChronicleMapBuilder:0.31666666666666665
Segment:0.25
ReadLocked:0.1375
MutableLockedEntry:0.10944444444444443
RecursiveRefereneChMapTest:0.08666666666666667
WriteLocked:0.06666666666666667
