Heritrix:0.42333333333333334
GardenSelfTestCase:0.38333333333333336
AllGardenSelfTests:0.31
CrawlJobHandler:0.30666666666666664
SimpleHttpServer:0.29
ARCReader:0.24666666666666667
BackgroundImageExtractionSelfTest:0.09666666666666666
SelftestCrawlJobHandler:0.03
