BootstrapChecks:0.49666666666666665
BootstrapCheck:0.4033333333333333
Node:0.3591666666666667
BootstrapChecksTests:0.31
Bootstrap:0.285
EvilBootstrapChecksTests:0.16
G1GCCheck:0.11753968253968256
MaxMapCountCheck:0.10666666666666667
FileDescriptorCheck:0.09666666666666666
MaxSizeVirtualMemoryCheck:0.056666666666666664
MaxFileSizeCheck:0.05333333333333334
MightForkCheck:0.05333333333333334
SystemCallFilterCheck:0.04666666666666667
MlockallCheck:0.04666666666666667
HeapSizeCheck:0.04
EarlyAccessCheck:0.03
MaxNumberOfThreadsCheck:0.023333333333333334
ClientJvmCheck:0.02
UseSerialGCCheck:0.02
