OaIdl:0.4442619047619048
OleAuto:0.32519444444444445
Kernel32:0.24
