MongoException:0.5633333333333334
CursorNotFound:0.27
MongoInternalException:0.20666666666666667
Network:0.12333333333333334
