IsAllUsersGroupRpcResponseData:0.37666666666666665
GroupMembershipPopup:0.33
GwtTeamingMessages:0.31333333333333335
GwtServerHelper:0.25333333333333335
GwtRpcServiceImpl:0.2277777777777778
