NonBlockingIOThreadingModel:0.6144444444444445
NonBlockingReadHandler:0.49
DefaultNodeContext:0.2633333333333333
