ComponentDescriptionContent:0.9533333333333334
ComponentDescriptionXMLWriter:0.38333333333333336
ComponentDescriptionManager:0.23333333333333334
ComponentDescriptionXMLReader:0.18666666666666668
LoadDescription:0.09666666666666666
