NavigationTree:0.39
CorpusActionService:0.375
ContextualMenu:0.36333333333333334
CorpusActionServiceImpl:0.23666666666666666
ConcordanceForm:0.22
NavigationServiceImpl:0.10333333333333333
ConcordanceParam:0.07333333333333333
SubcorpusForm:0.062222222222222213
CorpusActionServiceAsync:0.013333333333333334
