AnimationEventListener:0.7585714285714286
ModelRenderer:0.6033333333333334
FrameProcessor:0.15694444444444444
Sprite3D:0.07166666666666667
