DefinitionModuleImpl:0.42333333333333334
AbstractBinderProcessor:0.37333333333333335
AbstractFolderModule:0.2966666666666667
BaseFolderModule:0.19
WorkflowUtils:0.18333333333333332
