RendererPropertiesFactory:0.5533333333333333
RenderersHandler:0.41
TargetBind:0.39
Target:0.2633333333333333
NumericFormatter:0.22
