AtmosphereResourceEventImpl:0.5616666666666666
BroadcasterListenerTest:0.27
WebSocketMessageSuspendInterceptor:0.17333333333333334
