Json:0.7933333333333333
Skin:0.31
SkinPacker:0.2866666666666667
