WebFilter:0.4533333333333333
WebFilterSlowTests:0.31666666666666665
RequestWrapper:0.26666666666666666
WebFilterBasicTest:0.26
HazelcastInstanceLoader:0.21611111111111114
WebFilterSessionCleanupTest:0.17333333333333334
AbstractWebFilterTest:0.15333333333333332
TestServlet:0.1
WebDataSerializerHook:0.08666666666666667
