Reaction:0.6966666666666667
ReactionTest:0.29
ReactionManipulator:0.2327777777777778
ReactionManipulatorTest:0.1627777777777778
