IndexObject:0.39666666666666667
BasicIndexUtils:0.38666666666666666
EntityIndexUtils:0.38
AdminModule:0.27972222222222226
LocalLuceneSession:0.24666666666666667
LuceneUtil:0.22555555555555556
AbstractEntryProcessor:0.19
AbstractBinderProcessor:0.18333333333333332
AdminModuleImpl:0.12
