JFXPainterUtils:0.56
JFXInteractiveRenderer:0.23
JFXRendererBridge:0.22666666666666666
JFXServerDisplay:0.22
DefaultConnectorRenderer:0.19333333333333333
GestureAreaRenderer:0.19
PopUpMenuRenderer:0.18666666666666668
BasicWindowManager:0.18666666666666668
JFXUIManager:0.17666666666666667
JFXFocusUtils:0.16666666666666666
JFXDirectionalTabbingExtensionRenderer:0.14333333333333334
JFXWindowConnector:0.13666666666666666
LabelRenderer:0.11333333333333333
FilledPolyStartRenderer:0.11333333333333333
