TestRuleTest:0.41
TestWatcherTest:0.41
CallbackArguments:0.33
Callbacks:0.2833333333333333
LoggingTestWatcher:0.16333333333333333
