SqlQueryManager:0.37333333333333335
SqlTaskManager:0.32
AsyncScribeLogger:0.2733333333333333
NodeWorkerQueue:0.21
