ReportOption:0.7394444444444445
ReportProxyFactory:0.29888888888888887
