RunMossAction:0.6752777777777778
InputPage:0.49166666666666664
