DBMolecule:0.8466666666666667
RemoveAnnotationAction:0.4666666666666667
DBMoleculesEditorModel:0.24
