Builder:0.6033333333333334
MultiLayerNetwork:0.5366666666666666
MultiLayerTest:0.20666666666666667
ListBuilder:0.19
StochasticGradientDescent:0.18333333333333332
