Gedcom:0.7466666666666667
SniffedInputStream:0.3611111111111111
GedcomReader:0.2733333333333333
GedcomWriter:0.22
