XMPPChatTransmitter:0.5766666666666667
ConcurrentDocumentManager:0.4266666666666667
ITransmitter:0.25666666666666665
XMPPChatTransmitterPacketListener:0.17
