Camera3DRenderer:0.43333333333333335
PropertiesConfiguration:0.34
Map3DRenderer:0.26666666666666666
MapLM3DProjection:0.26666666666666666
Camera3DController:0.24333333333333335
Ribbon3DStartRenderer:0.17
FieldCell3DRenderer:0.15333333333333332
PropertyLoader:0.14666666666666667
SymbolRotated3DRenderer:0.14333333333333334
Map3DFieldManager:0.13333333333333333
Map3DEvents:0.12
