MRatingBeanInfo:0.08333333333333333
FeedComponentBeanInfo:0.08333333333333333
InternetSearchPanelBeanInfo:0.07716666666666666
