AbstractTypeDescriptionTest:0.3433333333333333
ImplementationContextDefaultTest:0.31
AbstractGenericTypeDescriptionTest:0.30333333333333334
AbstractFieldDescriptionTest:0.2833333333333333
JavaTypeTest:0.24333333333333335
InstrumentedTypeTest:0.21333333333333335
TypeDescriptionForPackageDescriptionTest:0.21333333333333335
AbstractMethodDescriptionTest:0.21
MethodDescriptionLatentTypeInitializerTest:0.19666666666666666
MethodDescriptionLatentTest:0.18333333333333332
LazyParameterizedType:0.18333333333333332
MethodRebaseResolverResolutionForRebasedConstructorTest:0.13666666666666666
