MFrame:0.37209672
MPanel:0.24725507
MDialog:0.2072377
