CollisionJNI:0.566111111111111
btDbvtNode:0.5166666666666667
