URLDecoder:0.38
BufferedReader:0.31666666666666665
Socket:0.29
PhysicalConnection:0.23666666666666666
SimpleDateFormat:0.21666666666666667
JPF_java_net_Socket:0.16333333333333333
JPF_java_io_BufferedReader:0.04666666666666667
JPF_java_text_SimpleDateFormat:0.04
