HealpixMap:0.9033333333333333
HealpixMapImp:0.38
HealpixTest:0.30333333333333334
FitsTest:0.22333333333333333
Fits2HealpixMapImp:0.19666666666666666
Performance:0.15666666666666668
MapView3dTest:0.12666666666666668
