BitmapFont:0.55
AssetManager:0.3933333333333333
AssetLoader:0.35055555555555556
AssetLoadingTask:0.17
AsynchronousAssetLoader:0.12666666666666668
SynchronousAssetLoader:0.12
TextureLoader:0.1
BitmapFontData:0.07
TextureAtlasLoader:0.06
SoundLoader:0.06
MusicLoader:0.06
PixmapLoader:0.04666666666666667
BitmapFontLoader:0.03
