BitMatrix:0.45666666666666667
Detector:0.41333333333333333
RSSExpandedReader:0.3233333333333333
HighLevelEncoder:0.25333333333333335
Base256Encoder:0.15911111111111112
