PropertyBean:0.4866666666666667
BeanFactory:0.28
BasicEditor:0.23
OK:0.19
ChoiceBean:0.19
EditView:0.19
Children:0.17666666666666667
ActionUpdate:0.16666666666666666
Preview:0.15
EventBean:0.14333333333333334
SimpleValueBean:0.11666666666666667
DateBean:0.11666666666666667
InteractionListener:0.11333333333333333
Families:0.06444444444444446
AgeBean:0.06333333333333334
XRefBean:0.06333333333333334
NameBean:0.05333333333333334
ChildrenBean:0.04666666666666667
FamiliesBean:0.04666666666666667
FileBean:0.043333333333333335
PlaceBean:0.03
EntityBean:0.03
SexBean:0.02
ParentsBean:0.016666666666666666
MLEBean:0.013333333333333334
