Balancer:0.6766666666666666
BalancedSingleShardTests:0.30333333333333334
MoveDecisionTests:0.21333333333333335
BaseGatewayShardAllocator:0.21
