PixmapLoader:0.49333333333333335
SoundLoader:0.49333333333333335
MusicLoader:0.49333333333333335
