Repartition:0.8366666666666667
ApplicationWorkbenchAdvisor:0.31333333333333335
ExecuteScriptImport:0.14444444444444443
ComputeRepartition:0.056666666666666664
