Pixmap:0.45
FileHandle:0.43333333333333335
BufferUtils:0.235
EmptyNinePatch:0.20333333333333334
AndroidFileHandle:0.18666666666666668
