LocalNode:0.57
LocalEdge:0.5533333333333333
SharedInformation:0.46888888888888886
GISViewTopComponent:0.36666666666666664
ViewScene:0.31666666666666665
LocalEdgeImpl:0.29
LocalObjectViewImpl:0.22
LocalNodeImpl:0.21
LocalStuffFactory:0.19333333333333333
GISViewScene:0.17666666666666667
ViewBuilder:0.15333333333333332
ZoomAction:0.13666666666666666
SaveDialog:0.10333333333333333
GISViewService:0.04666666666666667
