DBRecordPanel:0.5966666666666667
BlobProperty:0.38333333333333336
DataList:0.27
DBRecordDialog:0.18
