AnalyzerGuru:0.45666666666666667
XMLAnalyzer:0.2633333333333333
PlainAnalyzer:0.25333333333333335
ShAnalyzer:0.16666666666666666
CxxAnalyzer:0.16666666666666666
AnalyzerGuruTest:0.13333333333333333
LispAnalyzer:0.13
FortranAnalyzer:0.13
TclAnalyzer:0.13
CAnalyzer:0.13
JavaAnalyzer:0.13
