CommandBuilder:0.3433333333333333
CalendarUtil:0.2733333333333333
View:0.2633333333333333
WebMethodException:0.24666666666666667
BlogPublication:0.24333333333333335
JPEGContext:0.22416666666666665
TestStoreVariant:0.16666666666666666
RedirectToSitemapSectionTagRequestBean:0.14666666666666667
BooleanTrueValidator:0.09444444444444444
