HTMLOptionElement2Test:0.6777777777777778
HTMLOptionElement:0.43333333333333335
