Mirror:0.5916666666666667
JsonTest:0.42
Person:0.35333333333333333
String2Datetime:0.13
