F:0.5885714285714286
G:0.5885714285714286
CircularDependencyTest:0.4533333333333333
ProviderMethod:0.27
RealF:0.14666666666666667
RealG:0.14666666666666667
