ESTestCase:0.535
RandomObjects:0.4033333333333333
HighlightBuilderTests:0.25666666666666665
ESTestCaseTests:0.22666666666666666
InnerHitBuilderTests:0.21666666666666667
