PercolatorTests:0.5216666666666666
HitContext:0.49
PostingsHighlighter:0.29777777777777775
