ExpressionVariable:0.6366666666666667
OgnlExpressionParser:0.3566666666666667
ELExpressionParser:0.21333333333333335
ParserELContext:0.17777777777777778
