GAMEAdapter:0.7366666666666667
StrandedZoomableApolloPanel:0.52
GeneMerge:0.03666666666666667
