HarvestManager:0.5033333333333333
AbstractHarvester:0.31666666666666665
Common:0.25
Util:0.21333333333333335
Start:0.1488888888888889
Run:0.1488888888888889
Get:0.13
Stop:0.10666666666666667
Remove:0.09333333333333334
