AWTSurfaceLock:0.7505555555555555
MacOSXCanvasPeerInfo:0.5033333333333333
