Request:0.48333333333333334
Record:0.44666666666666666
ReplicatedMap:0.32666666666666666
Packet:0.29333333333333333
IMap:0.29003968253968254
RequestBasedCall:0.27666666666666667
CMap:0.27
HazelcastTest:0.24666666666666667
MPut:0.24
MProxyImpl:0.22666666666666666
ConcurrentMapManager:0.22333333333333333
MapClientProxy:0.15333333333333332
TransactionRecord:0.13
MEvict:0.08611111111111111
