SparkUtils:0.7366666666666667
RouteMatcher:0.4666666666666667
DispatcherFilter:0.21
