Assignments:0.49
TheoryAnchor:0.31333333333333335
TestMethod:0.2633333333333333
WithDataPointMethod:0.17666666666666667
EachTestNotifier:0.15533333333333335
ParameterSupplier:0.11922222222222222
StubbedTheoryAnchor:0.06
TestedOnSupplier:0.023333333333333334
