LaunchingPlugin:0.8116666666666666
AbstractVMRunner:0.4866666666666667
