DateTimeDialog:0.36
MText:0.3333333333333333
DefaultPreview:0.2966666666666667
ImageEditorCore:0.29
ImagePreloader:0.22666666666666666
Input:0.20333333333333334
MGraphics2D:0.19333333333333333
