FixedWidthBlock:0.37
FixedWidthBlockBuilder:0.3566666666666667
RunLengthEncodedBlock:0.35333333333333333
DictionaryBlock:0.35
BlockUtil:0.28
