NotRetainingCountriesFragment:0.4866666666666667
FragmentMvpViewStateDelegateImpl:0.4166666666666667
SimpleCountriesPresenter:0.35333333333333333
SampleApplication:0.3433333333333333
