JavaMethodSelector:0.5766666666666667
DiscoverySelectors:0.5566666666666666
JavaClassSelector:0.3516666666666667
