IoUtil:0.8066666666666666
AdminBuffers:0.3
MediaDriverAdminThreadTest:0.27
TemplateFileResource:0.21333333333333335
