MarsClock:0.4766666666666667
MasterClock:0.37333333333333335
Person:0.34
Sleep:0.2833333333333333
EarthClock:0.27
MainMenu:0.27
MonitorWindow:0.20333333333333334
TimeWindow:0.2
TableTab:0.19333333333333333
TableStyle:0.18
SleepMeta:0.16333333333333333
WalkRoverInterior:0.15666666666666668
TableHeaderRenderer:0.12
ClockThreadTask:0.08333333333333333
