HiveClientConfig:0.615
HiveClient:0.5466666666666666
HiveSplitSourceProvider:0.2377777777777778
AbstractTestHiveClientS3:0.21333333333333335
TestHiveClientConfig:0.16333333333333333
HdfsConfiguration:0.14666666666666667
HdfsEnvironment:0.09333333333333334
