VisitContextTest:0.6797222222222223
AlterTableImpl:0.3988888888888889
