ApolloPanel:0.7383333333333333
PropertyPanel:0.4083333333333333
