GwtMainPage:0.5533333333333333
GlobalSearchComposite:0.32
MiscUtil:0.24333333333333335
MastHead:0.205
FilrActionsCtrl:0.18
MastheadPopupMenu:0.17777777777777778
HelpData:0.15
