FedoraServerTestSetup:0.5066666666666667
TestServerConfiguration:0.34
TestFoo:0.31577777777777777
TestResourceIndexDependencies:0.28
TestKowariInstance:0.22587301587301586
TestAPIALite:0.14333333333333334
AllTests:0.13333333333333333
FedoraServerTestCase:0.13222222222222224
ParameterizedTestCase:0.11327777777777778
TestIngestDemoObjects:0.07222222222222222
FedoraTestCase:0.0
