NotificationTask:0.4666666666666667
BroadcastEventProcessor:0.42
NotifdTest:0.3333333333333333
NoticeQueue:0.14944444444444444
TaskCreationTest:0.12666666666666668
NotificationsTestCase:0.06
