PermissionManager:0.37
ChangeColorManager:0.36333333333333334
ProjectsAddedManager:0.3566666666666667
FreeColors:0.3433333333333333
