Responder:0.9033333333333333
FormTagBase:0.29
EditTag:0.24666666666666667
