CountDownLatchDataSerializerHook:0.3566666666666667
AwaitOperation:0.25
CountDownLatchReplicationOperation:0.16333333333333333
CountDownOperation:0.16333333333333333
GetCountOperation:0.16333333333333333
SetCountOperation:0.16333333333333333
CountDownLatchBackupOperation:0.16333333333333333
