FilterCompiler:0.6766666666666666
LogicalExpressionNode:0.49666666666666665
