NBNode:0.49333333333333335
NyuWormRnai:0.3233333333333333
GraphJdbc:0.25
NodeInfoMaker:0.245
