ProxyRegistry:0.3566666666666667
DistributedObjectEvent:0.35333333333333333
MapService:0.33666666666666667
NodeEngineImpl:0.27666666666666667
ProxyServiceImpl:0.21666666666666667
DistributedObjectDestroyOperation:0.19555555555555557
ProxyManager:0.16666666666666666
PostJoinProxyOperation:0.15
ProxyInfo:0.06
ProxyEventProcessor:0.02
