IndicesService:0.5333333333333333
SnapshotIndexShardStatus:0.3566666666666667
TransportFieldStatsAction:0.21666666666666667
FieldStatsShardRequest:0.21666666666666667
FieldStatsRequest:0.20333333333333334
BroadcastShardResponse:0.18666666666666668
FieldStatsIntegrationIT:0.18666666666666668
SnapshotIndexStatus:0.12666666666666668
FieldStatsRequestBuilder:0.06666666666666667
