RawLog:0.7251111111111112
ConnectionBuffersReadyFlyweight:0.4633333333333333
PublicationBuffersReadyFlyweight:0.43
ClientConductorTest:0.30666666666666664
EventCodec:0.24
DriverListenerAdapter:0.19
FlyweightTest:0.18333333333333332
ClientProxy:0.17333333333333334
LogBufferHelper:0.12
MappedRawLog:0.10666666666666667
