MasterClock:0.6133333333333333
UpTimer:0.5833333333333334
