SurveillanceService:0.5826666666666666
Visitor:0.4033333333333333
SurveillanceSet:0.3872777777777778
SurveillanceGroup:0.38333333333333336
DefaultSurveillanceService:0.32666666666666666
Dashboard:0.27
DefaultSurveillanceSet:0.22
SurveillanceServiceAsync:0.1838888888888889
CriteriaAddingVisitor:0.12666666666666668
SurveillanceIntersection:0.07666666666666666
