FileDataObject:0.5885714285714286
FolderDataObject:0.33666666666666667
TestFileAccessor:0.3333333333333333
FileAccessor:0.24
FileDataObjectBase:0.13333333333333333
FolderDataObjectBase:0.051666666666666666
