RedissonPriorityDeque:0.5866666666666667
RedissonPriorityQueue:0.47333333333333333
SpringNamespaceObjectTest:0.275
