SystemStore:0.46
Simulator:0.4066666666666667
Options:0.4
DefaultArchiveSystemStore:0.39
DefaultFileSystemStore:0.3
PutPrologEdit:0.25666666666666665
GenericSystemStore:0.23666666666666666
DeletePrologEdit:0.11333333333333333
