BooleanGrid:0.7233333333333334
STLObject:0.3433333333333333
AllSTLsToBuild:0.30333333333333334
FilterGenerator:0.23666666666666666
