ContextListenerPostSpring:0.6066666666666667
ResourceDriverModuleImpl:0.47333333333333333
ShutdownException:0.4592619047619047
ContextLoaderListener:0.22666666666666666
