PathToolsTest:0.8333333333333334
CDKTests:0.24
GraphTests:0.22333333333333333
