AdaptiveTinyLfuPolicy:0.41333333333333333
AdaptiveWindowTinyLfuPolicy:0.37333333333333335
AdaptiveTinyLfuSettings:0.28111111111111114
BasicSettings:0.26
FrequencySketch:0.20666666666666667
AdaptiveWindowTinyLfuSettings:0.17666666666666667
