InformationSchemaQueryTest:0.5666666666666667
QueryVisitor:0.49333333333333335
QueryPlanner:0.29
