FlowDefinitionRegistryImpl:0.455
DefaultFlowServiceLocator:0.3388095238095238
FlowRegistryPopulationTests:0.31333333333333335
FlowExecutorImpl:0.24
FlowExecutionImplTests:0.13333333333333333
FlowDefinitionLocator:0.10487301587301587
