Gate:0.5933333333333334
CreoleRegisterImpl:0.5705555555555555
