BuildLoopQueryService:0.5866666666666667
BuildService:0.33666666666666667
BuildLoopQueryServiceStub:0.29333333333333333
BuildLoopQueryServiceStubTest:0.25333333333333335
BuildDetailControllerTest:0.24
BuildServiceTest:0.15333333333333332
GetActiveBuildInfoControllerTest:0.12666666666666668
