Explain:0.44333333333333336
AstBuilder:0.4066666666666667
AstVisitor:0.4033333333333333
Formatter:0.2633333333333333
