Rule:0.5566666666666666
Condition:0.4633333333333333
CtrlCall:0.2833333333333333
Level:0.26666666666666666
