SqlStatement:0.6
SqlStatementBuilder:0.38333333333333336
DbSupport:0.25333333333333335
PostgreSQLSqlStatementBuilderSmallTest:0.21333333333333335
JdbcTemplate:0.19166666666666668
SqlScript:0.17
PostgreSQLDbSupport:0.16666666666666666
EnterpriseDBDbSupport:0.16
PostgreSQLSqlStatementBuilder:0.14333333333333334
