Planner:0.5466666666666666
Context:0.47333333333333333
AnalyzedRelationVisitor:0.2866666666666667
LogicalPlanner:0.19666666666666666
CopyStatementPlanner:0.19666666666666666
Visitor:0.15666666666666668
InsertFromSubQueryPlanner:0.13
PlannerTest:0.13
JoinTest:0.10333333333333333
OptimizingRewriter:0.01
SelectStatementPlanner:0.0033333333333333335
