C3P0ConnectionFactory:0.5233333333333333
ConfigFileConstants:0.31666666666666665
DataSourceFactory:0.29
DatabaseChecker:0.19
DataSourceFactoryTest:0.18666666666666668
C3P0ConnectionFactoryTest:0.016666666666666666
