GridAscii:0.5433333333333333
RasterImageLayer:0.51
SelectRasterImageFilesPanel:0.36666666666666664
AddRasterImageLayerWizard:0.23111111111111116
