ToggleFuelPowerSource:0.8233333333333334
ToggleResourceProcess:0.7333333333333333
