DataHandler:0.75
MediaWikiXmlImporter:0.45
AnsiDataHandler:0.36666666666666664
TestDataHandler:0.21666666666666667
