GraphicFactory:0.7094444444444444
SwingFactory:0.47
DefaultGUITools:0.21833333333333332
DefaultErrorLogger:0.16
AbstractGraphicFactory:0.13666666666666666
