VertxImpl:0.3
DummyDatagramMetrics:0.2132777777777778
VertxInternal:0.19583333333333333
FakeDatagramSocketMetrics:0.18666666666666668
DatagramSocketMetrics:0.1317222222222222
