Meta:0.76
MetaCatalog:0.3466666666666667
MetaImpl:0.33666666666666667
MetaDataTests:0.2866666666666667
