StubStep:0.5
AbstractStep:0.4266666666666667
SimpleJobTests:0.3466666666666667
TaskletStep:0.30666666666666664
