ClientConnectionManagerImpl:0.63
ClusterListenerThread:0.3933333333333333
ConnectionProcessor:0.33
OwnerConnectionFuture:0.2866666666666667
