ExecutionService:0.591388888888889
ScheduledExecutorServiceDelegate:0.38
OperationServiceImpl:0.34
ExecutionServiceImpl:0.30333333333333334
ClientEngineImpl:0.29
