RubyNewClassWizardPage:0.5
RubyNewClassWizard:0.3933333333333333
OpenProjectWizardAction:0.22333333333333333
WorkbenchRunnableAdapter:0.17333333333333334
RubyClassSelectionDialog:0.1
RubyTypeSelectionDialog:0.06666666666666667
NewClassWizardAction:0.02
