JsConsoleView:0.6677777777777778
JsEnvironment:0.5226666666666667
