FilterCompiler:0.575
FilterCompilerTest:0.31333333333333335
FunctionPathToken:0.2816666666666667
