MongoCollectionStream:0.52
MongoAsyncOperations:0.5116666666666667
MongoAsyncConnection:0.4166666666666667
DelegatingMongoConnector:0.4
MongoSyncConnection:0.36333333333333334
MongoAsyncReadTest:0.3233333333333333
SaslAuthenticator:0.31666666666666665
MongoCollectionImpl:0.29333333333333333
QueryResultSingleResultCallback:0.2
NativeAuthenticator:0.13666666666666666
MongoAsyncIterable:0.04666666666666667
MongoAsyncReadableStream:0.043333333333333335
MongoAsyncWritableStream:0.0
