NameTable:0.668888888888889
TranslationEnvironment:0.37333333333333335
UnitTreeVisitor:0.19666666666666666
