GAMEAdapter:0.48333333333333334
CORBAAdapter:0.43333333333333335
EnsCGIAdapterGUI:0.2733333333333333
MovementPanel:0.24666666666666667
ProgressFrame:0.19
