GraphElement:0.7566666666666667
SwimlaneEditorPage:0.3933333333333333
DiagramEditorPage:0.25666666666666665
