DefaultEntityEntryFactory:0.7077777777777778
EntityPersister:0.58
StatefulPersistenceContext:0.3333333333333333
AbstractEntityPersister:0.32
EnhancerTestUtils:0.23111111111111116
NoopEntityPersister:0.23
GoofyProvider:0.22333333333333333
CustomPersister:0.22333333333333333
StandardSessionFactoryServiceInitiators:0.16333333333333333
