PlannerTest:0.5133333333333333
Visitor:0.3168888888888889
PlanPrinter:0.27166666666666667
PlanVisitor:0.2633333333333333
GlobalAggregateConsumer:0.12333333333333334
