ShadowAssetManager:0.5883333333333334
ShadowAssetManagerTest:0.3844444444444445
ShadowBitmapFactory:0.32
ShadowSystemVibrator:0.22333333333333333
