ViewObjectXML:0.7752777777777778
ExportObject:0.5703333333333334
