Params:0.5910000000000001
Remove:0.043333333333333335
Insert:0.013333333333333334
