VertxFactory:0.3933333333333333
HttpTest:0.36333333333333334
VertxImpl:0.2633333333333333
NetTest:0.23
Starter:0.19666666666666666
NetServerOptions:0.1875
HttpServerOptions:0.1875
Registration:0.17333333333333334
VertxExecutorFactory:0.14333333333333334
ClusteredEventBusTest:0.13
HandlerRegistration:0.12333333333333334
VertxFactoryImpl:0.07333333333333333
