ObjectDataOutput:0.7116666666666667
ObjectDataInput:0.6866666666666666
PortableSerializer:0.2866666666666667
MulticastService:0.25666666666666665
DefaultPortableReader:0.19666666666666666
DefaultPortableWriter:0.18666666666666668
MorphingPortableReader:0.14666666666666667
