ExcelOutputEvent:0.8083253968253968
StockUpdaterJoblet:0.6933333333333334
VFSImporter:0.31333333333333335
