BSONDocumentBuffer:0.86
BSONDocumentBufferSerializer:0.18
BSONDocumentBufferTest:0.04666666666666667
BSONDocumentBufferSerializerTest:0.013333333333333334
