ClasspathScanner:0.5166666666666667
DiscoverySelectorResolverTests:0.47
DiscoverySelectors:0.37333333333333335
ClasspathScannerTests:0.35333333333333333
