InstanceBean:0.3566666666666667
SeriesBean:0.31
StorageBean:0.30333333333333334
StudyDTO:0.2833333333333333
StudyBean:0.26666666666666666
SeriesDTO:0.25666666666666665
PatientDTO:0.17666666666666667
StudyFilterDTO:0.17666666666666667
InstanceDTO:0.12666666666666668
DateAsString:0.07333333333333333
StudyFilterToSQL:0.0575925925925926
BrowseStudiesBean:0.016666666666666666
CountStudiesCmd:0.006666666666666667
QueryStudiesCmd:0.0
