MedicalManager:0.6866666666666666
SickBay:0.44666666666666666
