BulkRequest:0.7066666666666667
BulkRequestBuilder:0.26666666666666666
TransportBulkAction:0.20666666666666667
RestBulkAction:0.18666666666666668
