GreysAnatomyClassFileTransformer:0.5466666666666666
TimeTunnelCommand:0.3933333333333333
SearchUtils:0.36333333333333334
ProfilerCommand:0.15
SearchClassCommand:0.14
MonitorCommand:0.13666666666666666
WatchCommand:0.1
SearchMethodCommand:0.1
