AttributesAndParamsOnlyServletRequest:0.35833333333333334
ParamsWrappedHttpServletRequest:0.33666666666666667
NullServletResponse:0.24
