RestTestCandidate:0.5633333333333334
RestTestSuite:0.47333333333333333
ElasticsearchRestTests:0.2866666666666667
MavenMessageBuilder:0.22666666666666666
