OAuthRegisteredService:0.5366666666666666
JsonServiceRegistryDaoTests:0.44333333333333336
ServiceData:0.3466666666666667
DurationMixin:0.2897619047619048
RegisteredServiceJsonSerializer:0.27
RegisteredServiceEditBean:0.205
JsonServiceRegistryConfigWatcher:0.2
OAuthCallbackAuthorizeService:0.165
OAuthRegisteredServiceTests:0.14333333333333334
