Logger:0.5952777777777778
SimpleLogger:0.3333333333333333
JDKLogger:0.20333333333333334
JCLLogger:0.20333333333333334
Slf4jLogger:0.19333333333333333
NOPLogger:0.14416666666666667
