NutMap:0.31
Http:0.30666666666666664
Tmpl:0.2833333333333333
Region:0.26666666666666666
TmplFloatEle:0.24666666666666667
TmplDateEle:0.24666666666666667
TmplDoubleEle:0.24666666666666667
TmplLongEle:0.24666666666666667
TmplStringEle:0.24666666666666667
TmplBooleanEle:0.24666666666666667
TmplIntEle:0.24666666666666667
TmplDynamicEle:0.2
HttpStatusView:0.19666666666666666
AndOpt:0.15333333333333332
OrOpt:0.15333333333333332
NotOpt:0.14333333333333334
QuestionOpt:0.13666666666666666
TmplTest:0.11666666666666667
DefaultViewMaker:0.08
