GeneNameListener:0.6833333333333333
GeneEditPanel:0.5322222222222222
TestApollo:0.42333333333333334
