TestMetaClass:0.6533333333333333
MetaClassReflectImpl:0.24333333333333335
TestAll:0.23
