Aspect:0.8166666666666667
Options:0.5133333333333333
JCell:0.46
AspectRuleView:0.45666666666666667
NodeEdgeMap:0.44888888888888895
RegExprLabel:0.43666666666666665
SPORule:0.4066666666666667
JModel:0.4066666666666667
JEdge:0.37666666666666665
JVertex:0.37666666666666665
JUserObject:0.37
GTS:0.36333333333333334
GraphGrammar:0.3466666666666667
GraphJModel:0.3466666666666667
AspectGraph:0.3433333333333333
AspectValue:0.34
ValueNode:0.3333333333333333
DefaultGraphCondition:0.2866666666666667
AspectJModel:0.2866666666666667
AbstractBinaryEdge:0.2833333333333333
GpsGrammar:0.2833333333333333
AbstractUnaryEdge:0.28
LabelList:0.28
JEdgeView:0.2733333333333333
RuleDependencies:0.26
NodeRecord:0.25333333333333335
AbstractMorphism:0.24333333333333335
GraphJEdge:0.23666666666666666
AttributedSPOApplication:0.235
AttributeSimulation:0.23333333333333334
RulePanel:0.23
DefaultInjectiveMorphism:0.23
DefaultRuleFactory:0.23
LTSPanel:0.23
DefaultMorphism:0.23
GgxGrammar:0.22666666666666666
MatchingSimulation:0.22333333333333333
NodeEdgeHashMap:0.22
Generator:0.21666666666666667
Editor:0.20333333333333334
JAttr:0.20166666666666666
Imager:0.2
AspectParser:0.2
RegExprMorphism:0.19666666666666666
Simulator:0.19666666666666666
RegExprGraph:0.19666666666666666
JGraphPanel:0.19666666666666666
DefaultIsoChecker:0.19333333333333333
GraphJVertex:0.19333333333333333
DefaultDeriver:0.19305555555555554
VarNodeEdgeHashMap:0.19
LTSJModel:0.19
AspectParseData:0.19
AspectEdge:0.19
FileReformatter:0.1877777777777778
AttributeScheduleFactory:0.18666666666666668
RuleJGraph:0.18666666666666668
StatePanel:0.18666666666666668
VarEdgeSearchItem:0.18666666666666668
AttributeAspect:0.18333333333333332
CertificateEdge:0.18166666666666667
CertificateFlag:0.18166666666666667
GenerateThread:0.18166666666666667
RuleAspect:0.18
LTSJGraph:0.18
DefaultConditionSearchPlanFactory:0.18
EditableJVertex:0.17666666666666667
EditableJEdge:0.17666666666666667
Reformatter:0.17333333333333334
Validator:0.17333333333333334
EdgeRecord:0.17
EditableJUserObject:0.15666666666666668
VarFlag:0.15
TransitionJEdge:0.15
AttributedSPORuleFactory:0.14666666666666667
VarBinaryEdge:0.14
EditorPaneRenderer:0.14
RegExprEdgeRecord:0.13833333333333334
ProductEdge:0.12666666666666668
MinimalAnchorFactory:0.11
EdgeAnchorFactory:0.11
PartitionMap:0.11
RegExprSearchPlanFactory:0.09333333333333334
VarEdgeRecord:0.07166666666666667
ValueEdge:0.04
RegExprAction:0.03666666666666667
AspectualView:0.006666666666666667
