DBMolecule:0.7166666666666667
BaseDBMoleculePeer:0.31
InputAction:0.24333333333333335
