Wallet:0.8
DefaultCoinSelector:0.27305555555555555
WalletAppKit:0.26666666666666666
