PercolateSourceBuilder:0.32
PercolateShardResponse:0.25333333333333335
TransportPercolateAction:0.23583333333333334
Match:0.22666666666666666
PercolatorService:0.21666666666666667
SimplePercolatorTests:0.21333333333333335
PercolateRequestBuilder:0.18333333333333332
QueryCollector:0.08666666666666667
DocBuilder:0.0761111111111111
PercolateContext:0.0033333333333333335
