Block:0.7266666666666667
BlockChain:0.36333333333333334
BlockTest:0.23666666666666666
