KerasLayer:0.5547222222222223
KerasGlobalPooling:0.23333333333333334
KerasConvolution2D:0.23333333333333334
KerasConvolution1D:0.23
KerasPooling:0.17666666666666667
