Foo:0.5233333333333333
XWorkConverter:0.4633333333333333
OgnlValueStackTest:0.2633333333333333
OgnlUtilTest:0.21666666666666667
AnnotationXWorkConverterTest:0.18333333333333332
DefaultConversionFileProcessor:0.13333333333333333
DefaultConversionAnnotationProcessor:0.13333333333333333
MyBeanActionTest:0.12333333333333334
AnnotatedTestBean:0.11277777777777777
MyBeanAction:0.09944444444444445
SetPropertiesTest:0.09666666666666666
