Code39Reader:0.7233333333333334
FalsePositivesBlackBoxTestCase:0.45666666666666667
Code128Reader:0.3933333333333333
