Invocation:0.5533333333333333
LocalArrayModel:0.4036111111111111
