LocalEventBusTest:0.56
EventBusImpl:0.4866666666666667
ClusteredEventBusTest:0.30333333333333334
