UserExt:0.4075555555555555
ArticleMgmtService:0.30666666666666664
Tag:0.3028333333333333
UserMgmtService:0.3
UserProcessor:0.24666666666666667
