SearchContext:0.6966666666666667
FetchSubPhase:0.32666666666666666
FetchPhase:0.2833333333333333
SearchService:0.2833333333333333
DefaultSearchContext:0.25
SearchModule:0.21666666666666667
TestSearchContext:0.21333333333333335
FilteredSearchContext:0.21333333333333335
TermVectorsFetchSubPhase:0.19666666666666666
SearchPlugin:0.14166666666666666
MockSearchService:0.08
FetchTermVectorsPlugin:0.04666666666666667
