DiscoveryNode:0.47
DiscoveryNodes:0.3433333333333333
Node:0.32666666666666666
Builder:0.21666666666666667
NodeModule:0.16166666666666665
IngestProxyActionFilterTests:0.14333333333333334
IngestProxyActionFilter:0.095
