Set:0.6633333333333333
Iterator:0.2633333333333333
SetTest:0.07666666666666666
