Jerry:0.653888888888889
JerryTest:0.40166666666666667
