DownloadTab:0.6833333333333333
CandidateButtonHandler:0.37333333333333335
