Builder:0.5733333333333334
TemporaryJob:0.4
TemporaryJobs:0.3706666666666667
DefaultDeployer:0.16333333333333333
DefaultDeployerTest:0.14333333333333334
