FluxSpectrum:0.3
GPUFluxLightModel:0.23333333333333334
SpectralLight:0.21
GPUFluxTracer:0.19666666666666666
Type:0.16
SpectralDiscretization:0.14666666666666667
FluxSpectralLight:0.09666666666666666
