ElasticsearchException:0.5766666666666667
Item:0.44333333333333336
Failure:0.4
GetActionTests:0.2833333333333333
MultiGetResponse:0.21
MultiPercolatorTests:0.2
MultiPercolateResponse:0.19
TransportShardMultiGetAction:0.15666666666666668
MultiSearchResponse:0.14333333333333334
SimpleMgetTests:0.12666666666666668
TransportMultiGetAction:0.09333333333333334
Fields:0.09
