FailuresAndErrors:0.48
DecorationsTrackerTest:0.38666666666666666
ContextMenuTest:0.22666666666666666
AllTests:0.15222222222222223
