PropertyXRef:0.7897777777777778
HeadlessLabel:0.3361111111111111
