XMLElement:0.6586666666666667
SBMLDocument:0.56
Model:0.4666666666666667
SBase:0.23666666666666666
SCBase:0.18666666666666668
