Transducer:0.6566666666666666
Batch:0.45666666666666667
MultiPhaseTransducer:0.45666666666666667
