IPBondDescriptor:0.6172222222222223
IPBondDescriptorTest:0.3466666666666667
