EndToEndViewScene:0.3566666666666667
AbstractDashboardWidget:0.31
AbstractDashboard:0.25333333333333335
ObjectViewScene:0.24
ObjectView:0.21666666666666667
AbstractScene:0.12333333333333334
ObjectViewDashboardWidget:0.11666666666666667
NavigationTreeDashboard:0.11333333333333333
ServiceViewsDashboardWidget:0.05
Constants:0.023333333333333334
ServiceManagerDashboard:0.013333333333333334
