Lock:0.5397777777777778
TransactionId:0.39
WebdavFileStore:0.38666666666666666
WebdavStoreLockExtension:0.3416666666666667
SimpleLock:0.13333333333333333
