ApolloPanel:0.75
AnnotationView:0.44333333333333336
ApolloFrame:0.2733333333333333
EvidenceSelectionSet:0.22333333333333333
