MethodDatabase:0.5333333333333333
ClassEntry:0.46
QuasarInstrumentor:0.29
InstrumentationTask:0.22
Transformer:0.21777777777777782
SimpleSuspendableClassifier:0.21
JavaAgent:0.17444444444444446
