MJIEnv:0.5066666666666667
FileDescriptor:0.43333333333333335
JPF_java_io_FileDescriptor:0.38
