Simulator:0.5266666666666666
Options:0.42
StateJList:0.4
RenameGraphAction:0.3644444444444444
EditGraphAction:0.32666666666666666
DeleteGraphAction:0.32666666666666666
CopyGraphAction:0.32666666666666666
NewGraphAction:0.3011111111111111
StatePanel:0.2866666666666667
MyMouseListener:0.2833333333333333
JGraphPanel:0.23333333333333334
LabelTree:0.20333333333333334
MyCellRenderer:0.18166666666666667
RenameRuleAction:0.16
EditStateAction:0.15333333333333332
CopyRuleAction:0.14666666666666667
EditRuleAction:0.14666666666666667
NewRuleAction:0.14666666666666667
DeleteRuleAction:0.14666666666666667
SaveGraphAction:0.13
ImportRuleAction:0.01
MySelectionListener:0.0033333333333333335
