SLDFactory:0.3433333333333333
NamedLayer:0.19666666666666666
UserLayer:0.15333333333333332
LayerFeatureConstraints:0.08738888888888888
Layer:0.013333333333333334
Constraint:0.0
