GwtTeamingMessages:0.7705555555555555
BrandingTinyMCEConfiguration:0.36
AbstractTinyMCEConfiguration:0.31666666666666665
