BlocksIndex:0.43333333333333335
NewInMemoryOrderByOperator:0.37666666666666665
NewInMemoryOrderByBenchmark:0.29083333333333333
PagesIndex:0.2633333333333333
NewInMemoryOrderByOperatorIterator:0.23333333333333334
TestNewInMemoryOrderByOperator:0.14666666666666667
HashJoinIterator:0.13666666666666666
MultiSliceFieldOrderedTupleComparator:0.01
