LuceneSearcher:0.58
SearchResult:0.47904761904761906
MainUtil:0.30333333333333334
ResetSearch:0.06666666666666667
