JaasAuthenticationProvider:0.7277777777777777
TestAuthorityGranter:0.17
JaasEventCheck:0.13555555555555554
