AbstractTopologyComponent:0.48333333333333334
TopologyNode:0.45
JobData:0.30666666666666664
NodeDataPanel:0.285
NodeRefreshHandler:0.14666666666666667
