HibernatePersistence:0.44
BaseQueryImpl:0.34
ClassLoaderServiceImpl:0.2713888888888889
ServiceRegistryBuilder:0.2633333333333333
NativeScanner:0.24
TransactionFactoryInitiator:0.15333333333333332
NamespaceAddingEventReader:0.13666666666666666
EntityManagerFactoryImpl:0.11666666666666667
ScannerTest:0.07666666666666666
JaxbProcessor:0.07666666666666666
JPADotNames:0.0
