Controller2D:0.5766666666666667
Controller2DModel:0.5283333333333333
