InternalTestCluster:0.9166666666666666
AbstractXContentParser:0.37666666666666665
ESBackcompatTestCase:0.21
UnicastZen:0.18
