ProxyServer:0.47333333333333333
ProxyPartitionKey:0.33666666666666667
NettyRequestSender:0.2633333333333333
NettyRequestFactory:0.2561111111111111
ChannelManager:0.25
Builder:0.20333333333333334
ProxyTest:0.17333333333333334
ChannelPoolPartitioning:0.15444444444444444
