CreateViewStmt:0.4033333333333333
ViewsMetaData:0.36666666666666664
UserPrivileges:0.36
CreateViewRequest:0.24333333333333335
CreateViewAnalyzerTest:0.21666666666666667
Builder:0.19666666666666666
TransportCreateViewAction:0.15
