Users:0.5341666666666667
UserConsole:0.3233333333333333
IndexProcessor:0.24666666666666667
UserMgmtService:0.12
