ListBuilder:0.36
TestSparkMultiLayer:0.32666666666666666
MultiLayerTest:0.22416666666666665
ConvolutionDownSampleLayerTest:0.15333333333333332
MultiLayerWorkPerformerTests:0.11666666666666667
