InjectionTest:0.4041666666666667
Linker:0.31
AtInjectBinding:0.2833333333333333
ModuleAdapter:0.17833333333333334
ProviderMethodBinding:0.15
