AbstractEntityPersister:0.43666666666666665
Dialect:0.38666666666666666
LockOptions:0.35333333333333333
SQLServerDialect:0.2733333333333333
ForUpdateFragment:0.24166666666666667
AbstractEntityManagerImpl:0.21666666666666667
Loader:0.2
ResultSetMappingBinder:0.19666666666666666
ParentChildTest:0.19333333333333333
CriteriaLoader:0.19
LockModeConverter:0.11333333333333333
AbstractSelectLockingStrategy:0.09666666666666666
Oracle10gDialect:0.05
