AndroidManifest:0.55
ShadowActivity:0.47333333333333333
ActivityTest:0.37333333333333335
ActivityController:0.2733333333333333
LabelTestActivity2:0.10838095238095237
LabelTestActivity1:0.10838095238095237
LabelTestActivity3:0.10504761904761904
ActivityData:0.056666666666666664
string:0.016666666666666666
