SharedProject:0.6477777777777778
ActivitySequencer:0.5966666666666667
