GUIUtils:0.5466666666666666
LoginDialog:0.30333333333333334
CreateAccountDialog:0.25166666666666665
ForgotPasswordDialog:0.25166666666666665
