MapPutAllRequest:0.55
ClientMapProxy:0.47333333333333333
ClientMapTest:0.25666666666666665
MapPutAllMessageTask:0.23333333333333334
