ModelImpl:0.51
Xml:0.36666666666666664
ArrayModel:0.33
AbstractModel:0.3
ModelSerializerTest:0.15666666666666668
