DiplomaticTradeMessage:0.3466666666666667
UpdateCurrentStopMessage:0.22666666666666666
RenameMessage:0.22666666666666666
StealLandMessage:0.21333333333333335
GoodsForSaleMessage:0.20666666666666667
BuildColonyMessage:0.20666666666666667
GetTransactionMessage:0.20333333333333334
SpySettlementMessage:0.19666666666666666
SellPropositionMessage:0.19333333333333333
BuyPropositionMessage:0.19333333333333333
DeclareIndependenceMessage:0.19
BuyLandMessage:0.19
SetDestinationMessage:0.19
CloseTransactionMessage:0.18333333333333332
