Lang:0.6966666666666667
Strings:0.5733333333333334
NutFilter:0.3233333333333333
ActionContext:0.2865634920634921
Xmls:0.22
Daos:0.16333333333333333
AnnotationEntityMaker:0.14333333333333334
EntityHolder:0.13333333333333333
ActionInvoker:0.12333333333333334
AbstractPathView:0.11333333333333333
DefaultClassDefiner:0.09666666666666666
AopJsonIocTest:0.08333333333333333
ExtDaoInvocationHandler:0.03
