DefaultSettings:0.5533333333333333
BeanSelectionProvider:0.5033333333333333
SettingsTest:0.4033333333333333
