EjbcaWS:0.38333333333333336
ObjectFactory:0.36333333333333334
CommonEjbcaWS:0.3566666666666667
UserAdminSessionBean:0.27
EjbcaWebBean:0.2633333333333333
WebServiceConfiguration:0.20333333333333334
RevokeCertBackdatedCommand:0.17333333333333334
RevokeCertCommand:0.14333333333333334
