DcmImageWriter:0.48
PrintSCUDataSource:0.41083333333333333
DictionaryFactoryImpl:0.3516666666666667
