EditorOverlay:0.7133333333333334
ClickListener:0.39666666666666667
SymbolEditorRenderer:0.25
