ArrayMap:0.7733333333333333
ArraySet:0.6966666666666667
