AeronCluster:0.6
ClusterNodeRestartTest:0.29333333333333333
AuthenticationTest:0.29333333333333333
ClusterNodeTest:0.26
