MergeOperation:0.5733333333333334
BasePutOperation:0.5
WanReplicationTest:0.20333333333333334
