Edition:0.5433333333333333
JobHandler:0.49666666666666665
ApplicationWorkbenchAdvisor:0.39
