MainScene:0.54
UnitManager:0.34
PersonConfig:0.33666666666666667
ScenarioConfigEditorFX:0.23666666666666666
ChainOfCommand:0.22222222222222218
TableStyle:0.15333333333333332
TableTab:0.14333333333333334
RowNumberTable:0.13849206349206347
