IdFieldMapper:0.49666666666666665
SearchQueryTests:0.33
Builder:0.32944444444444443
BulkTests:0.23
SignificantTermsTests:0.20333333333333334
TermsDocCountErrorTests:0.2
RoutingFieldMapper:0.19333333333333333
SimpleRoutingTests:0.19333333333333333
RoutingTypeMapperTests:0.13333333333333333
IdMappingTests:0.11333333333333333
TypeParser:0.08333333333333333
