ByteMatrix:0.63
QRCode:0.5833333333333334
MatrixUtil:0.2833333333333333
MaskUtilTestCase:0.2
MatrixUtilTestCase:0.19666666666666666
QRCodeWriterTestCase:0.16666666666666666
QRCodeWriter:0.13555555555555557
QRCodeTestCase:0.12666666666666668
AbstractUPCEANWriter:0.10666666666666667
