AddTab:0.47
BeanPanel:0.43666666666666665
DelTab:0.43333333333333335
