TagFilterTests:0.4716666666666667
ExecutionListenerAdapterTests:0.4558333333333333
LauncherFactoryTests:0.2733333333333333
