MyCounterData:0.846388888888889
Counter:0.42
ListCAs:0.40599999999999997
