ObjectNaviNode:0.31666666666666665
Logs:0.30833333333333335
Images:0.29
ObjConvertImpl:0.21333333333333335
DaoStatement:0.20833333333333334
NutStatement:0.17333333333333334
AopMethodAdapter:0.14333333333333334
Log4JLogger:0.13333333333333333
MaplTest:0.11666666666666667
AopInvokeAdpter:0.11333333333333333
ReaderInjector:0.05333333333333334
MapArrayInjector:0.05333333333333334
MapListInjector:0.05333333333333334
TempFileInjector:0.05333333333333334
FileMetaInjector:0.05333333333333334
InputStreamInjector:0.05333333333333334
TempFileArrayInjector:0.05333333333333334
FileInjector:0.03333333333333333
