InternalAggregationTestCase:0.47
InternalRangeTests:0.2966666666666667
AggregationsTests:0.09
InternalGeoDistanceTests:0.08666666666666667
InternalDateRangeTests:0.08666666666666667
InternalRangeTestCase:0.08666666666666667
ParsedMultiBucketAggregation:0.043333333333333335
InternalMultiBucketAggregationTestCase:0.04
