UpdateAnalyzerTest:0.43
ValueNormalizer:0.2833333333333333
InsertFromValuesAnalyzerTest:0.20866666666666667
InsertIntoIntegrationTest:0.18666666666666668
