UpdatableRecord:0.7566666666666667
TableRecordImpl:0.31
TableRecord:0.22166666666666668
UpdatableRecordImpl:0.19
