Sleep:0.5
EnterAirlock:0.4558333333333333
Yoga:0.44666666666666666
