ConfigurationProcessor:0.6833333333333333
LegacyConfigurationPostProcessor:0.4866666666666667
AnnotationApplicationContext:0.27
