DateTimeField:0.6433333333333333
UnsupportedDateTimeField:0.35333333333333333
BaseDateTimeField:0.31333333333333335
