AuthorizeTagTests:0.3233333333333333
MethodSecurityEvaluationContext:0.29342063492063486
AbstractAuthorizeTag:0.29333333333333333
DefaultWebSecurityExpressionHandler:0.2907777777777778
PageContextVariableLookupEvaluationContext:0.2833333333333333
JspAuthorizeTag:0.22666666666666666
DefaultMethodSecurityExpressionHandler:0.19
AbstractSecurityExpressionHandler:0.17
