Py:0.6066666666666667
imp:0.5
Module:0.38666666666666666
CodeCompiler:0.26166666666666666
