ManagedChannelImpl:0.6066666666666667
AbstractManagedChannelImplBuilder:0.41333333333333333
NameResolverListenerImpl:0.32
AbstractManagedChannelImplBuilderTest:0.27666666666666667
GrpcAttributes:0.08666666666666667
