ClusterService:0.7033333333333334
StoredState:0.35333333333333333
ClusterServiceTests:0.2916666666666667
ClusterStateObserver:0.2633333333333333
ObserverClusterStateListener:0.25
