Address:0.45
URLConnectionTest:0.4166666666666667
HttpConnection:0.2866666666666667
HttpEngine:0.22
HttpsEngine:0.18333333333333332
ProxyConnectEngine:0.17277777777777778
