Files:0.55
Response:0.25916666666666666
Streams:0.25666666666666665
Http:0.22333333333333333
UploadAdaptor:0.22
Disks:0.195
Resources:0.19333333333333333
HttpDumper:0.18666666666666668
FileSqlManager:0.17666666666666667
StreamBuffer:0.16333333333333333
ActionInvokerImpl:0.12
JsonAdaptor:0.11
