FastResultSetHandler:0.46
ObjectFactory:0.3466666666666667
SerializableProxyTest:0.3233333333333333
ResultObjectProxy:0.2866666666666667
NestedResultSetHandler:0.21666666666666667
EnhancedDeserializationProxyImpl:0.18666666666666668
EnhancedResultObjectProxyImpl:0.18
SerialStateHolder:0.15
DefaultObjectFactory:0.14333333333333334
DefaultResultHandler:0.14333333333333334
ResultObjectFactoryImpl:0.10333333333333333
ExampleObjectFactory:0.05
