PlanMatchPattern:0.43333333333333335
ExpressionUtils:0.36
FunctionAssertions:0.3333333333333333
ExpressionMatcher:0.2943333333333334
TestExpressionInterpreter:0.23333333333333334
TestSimplifyExpressions:0.21
ExpressionDeserializer:0.19666666666666666
FunctionCallDeserializer:0.19666666666666666
TestExpressionVerifier:0.19
PlanBuilder:0.16333333333333333
