Actiond:0.4666666666666667
TestDaemon:0.43611111111111106
Vulnscand:0.43611111111111106
Dhcpd:0.4083333333333333
ServiceDaemon:0.18666666666666668
