Receiver:0.555
Sender:0.35333333333333333
ChannelEndpointStatus:0.3233333333333333
