TypeUtility:0.4266666666666667
DatastreamResolverServlet:0.37666666666666665
FedoraAccessSoapServlet:0.35333333333333333
DefaultBehaviorImpl:0.2833333333333333
