FieldInfo:0.5333333333333333
ASMSerializerFactory:0.38
FieldSerializer:0.3011111111111111
JavaBeanSerializer:0.21
Bug_101_for_rongganlin:0.14333333333333334
