TestActionTranslation:0.53
TestATNLexerInterpreter:0.39111111111111113
TestATNSerialization:0.3233333333333333
