MappedClass:0.7383333333333333
ComputingMap:0.4583333333333333
