OrganizationHierarchyDAO:0.7766666666666666
SubstitutionForm:0.6433333333333333
SubstitutionCriteria:0.47333333333333333
AlfSession:0.34
StartFormTag:0.30666666666666664
GetActorsOrgFunctionBase:0.3
RedeployDefinitionFormTag:0.2733333333333333
ExecutionLogic:0.24666666666666667
WFCommonLogic:0.24666666666666667
ProcessInfoFormTag:0.24666666666666667
SubstitutionCriteriaForm:0.24
ProcessVariableTDBuilder:0.23666666666666666
TaskVariableTDBuilder:0.23666666666666666
SubstitutionTableBuilder:0.2
AlfSessionWrapper:0.19
UpdateSubstitutionFormTag:0.16
UpdateSubstitutionCriteriaFormTag:0.16
UpdateSubstitutionAction:0.1408333333333333
EnvBaseImpl:0.11333333333333333
SubstitutionCriteriaSwimlane:0.11333333333333333
SubstitutionCriteriaNotEquals:0.11333333333333333
SubstitutionRowBuilder:0.10666666666666667
UpdateSubstitutionCriteriaAction:0.10387301587301587
SQLFunction:0.03333333333333333
DemoChiefFunction:0.03
AlfOrgFunction:0.019166666666666665
ActorOrgFunctionBase:0.01
JbpmRefactoringPatch:0.0033333333333333335
SQLDirectorFunction:0.0
SQLChiefRecursiveFunction:0.0
SQLChiefFunction:0.0
GetActorsByCodesFunction:0.0
SQLSubordinateRecursiveFunction:0.0
SQLSubordinateFunction:0.0
