Visitor:0.46
QueryShardRequest:0.36333333333333334
TransportSQLActionTest:0.3566666666666667
QueryThenFetchTask:0.33
TransportExecutorTest:0.26
TransportQueryShardAction:0.22333333333333333
TransportExecutor:0.21666666666666667
Routing:0.20333333333333334
QueryShardResponseListener:0.17666666666666667
PageInfo:0.15
QueryThenFetchTaskTest:0.12666666666666668
PagableTaskResult:0.11666666666666667
PagableTask:0.09333333333333334
QueryShardRequestTest:0.09
CrateSearchService:0.085
TransportQueryShardActionTest:0.07
TransportExecutorModule:0.06
QTFScrollTaskResult:0.0475
ScrollTransportHandler:0.006666666666666667
QueryTransportHandler:0.0033333333333333335
