TermUnblocker:0.45
LogBufferDescriptor:0.45
TermUnblockerTest:0.25666666666666665
LogBufferUnblocker:0.10333333333333333
