MainFileProvider:0.9333333333333333
SodbeansDocumentAction:0.30333333333333334
MainFileProviderImpl:0.2833333333333333
