Serializer:0.3933333333333333
Deserializer:0.3333333333333333
ReflectionHelper:0.2966666666666667
JPPFObjectInputStream:0.17333333333333334
JPPFPutField:0.13666666666666666
JPPFGetField:0.11666666666666667
JPPFObjectOutputStream:0.1
