FooterRenderer:0.42
GraphicsTreeElements:0.41333333333333333
RendererFactory:0.32666666666666666
ReportGraphicalTree:0.135
Translator:0.11666666666666667
