GwtTeamingMessages:0.558888888888889
LoginDlg:0.3333333333333333
GwtServerHelper:0.2866666666666667
ValidateCaptchaCmd:0.2733333333333333
GwtRpcServiceImpl:0.2511111111111111
