FWTab:0.44
FWTableColumn:0.31333333333333335
FWTableColumnModel:0.26666666666666666
GUIUtils:0.22333333333333333
