DisseminationService:0.66
DefaultAccess:0.3588888888888889
DisseminationBindingInfo:0.18833333333333332
