QSARConstants:0.7136111111111111
IQsarManager:0.6466666666666666
QsarManager:0.4766666666666667
