JFXDefinitionConverter:0.64
FontKey:0.5166666666666667
CSSConverter:0.4266666666666667
JFXCapacitiesConverter:0.25
