Jaxb2Marshaller:0.6566666666666666
Jaxb1Marshaller:0.5333333333333333
