Validator:0.5458333333333333
QueryRewriter:0.33
AbstractSvmModel:0.25333333333333335
TimeoutBackupStore:0.25333333333333335
