RangeI:0.6719999999999999
AnnotationEditor:0.5466666666666666
Range:0.3933333333333333
