IPatternLogger:0.6486666666666666
PatternLogger:0.5466666666666666
OCSPServletBase:0.3466666666666667
