StyleInfo:0.6233333333333333
ValueAttribute:0.49666666666666665
Proto:0.31777777777777777
BugsTest:0.21
