Map:0.7633333333333333
ActionSequenceList:0.2733333333333333
FireMachineGuns:0.26
InfantryGroup:0.23666666666666666
