BlinkingTask:0.42
InnerMouseInputAdapter:0.2985555555555555
ConcreteLayerPainter:0.27666666666666667
AbstractMapRenderer:0.23666666666666666
ARINCGPCrown:0.23666666666666666
ARINCMapHorzPanel:0.23666666666666666
LookModelPlugin:0.18
