SimulationConfig:0.6233333333333333
PartPackageConfig:0.5466666666666666
SettlementConfig:0.46
