NetworkTab:0.8733333333333333
NetFavoritesPanel:0.20333333333333334
FavoritesListRenderer:0.13
