FlowBuilderServices:0.6366666666666667
FlowRegistryFactoryBean:0.25333333333333335
FlowBuilderContextImpl:0.22333333333333333
FlowBuilderServicesBeanDefinitionParser:0.18666666666666668
FlowRegistryFactoryBeanTests:0.17666666666666667
AbstractExternalizedFlowExecutionTests:0.17666666666666667
FlowExecutorBeanDefinitionParser:0.15
MockFlowBuilderContext:0.14
FlowRegistryBeanDefinitionParser:0.13666666666666666
TestFlowBuilderServicesFactory:0.07022222222222223
SearchFlowExecutionTests:0.05333333333333334
FlowExecutorBeanDefinitionParserTests:0.02666666666666667
