UIBean:0.7983333333333333
AbstractUITag:0.39666666666666667
TextfieldTest:0.33666666666666667
