System:0.4166666666666667
StatementGeneratorTest:0.4033333333333333
Rewriter:0.34
FileInputStreamTest:0.25
FileInputStream:0.25
AnonymousClassConverterTest:0.24333333333333335
Os:0.2
Posix:0.2
RewriterTest:0.2
InitializationNormalizerTest:0.18333333333333332
