L2F:0.4533333333333333
L2D:0.4533333333333333
