InstallerDb:0.8633333333333333
TemporaryDatabaseTestCase:0.29833333333333334
PopulatedTemporaryDatabaseTestCase:0.21333333333333335
