ClientInterceptorsTest:0.31
AbstractTransportTest:0.2866666666666667
ClientCall:0.2833333333333333
CallToStreamObserverAdapter:0.2061111111111111
ClientCalls:0.20055555555555554
ClientCallImpl:0.19
ForwardingClientCall:0.16444444444444445
ClientCallsTest:0.16333333333333333
