SessionFactoryImpl:0.5533333333333333
ActionQueue:0.3466666666666667
BulkOperationCleanupAction:0.25666666666666665
QueryCacheTest:0.24666666666666667
AfterTransactionCompletionProcessQueue:0.21611111111111114
BeforeTransactionCompletionProcessQueue:0.1988888888888889
InsertActionSorter:0.14333333333333334
