MaxSizeConfig:0.5866666666666667
MapConfig:0.4166666666666667
XmlConfigBuilder:0.2633333333333333
BasicMapStoreContext:0.22333333333333333
LocalRegionCache:0.21333333333333335
EvictionOperator:0.21333333333333335
MaxSizeChecker:0.20666666666666667
SpringXmlConfigBuilder:0.18666666666666668
MapConfigAdapter:0.17333333333333334
PerNodeMaxSizeChecker:0.0
PerPartitionMaxSizeChecker:0.0
