MongoServerBinding:0.5362142857142858
MongoSyncConnection:0.41431746031746036
MonotonicallyConsistentMongoServerBinding:0.3466666666666667
MongoMultiServerBinding:0.31
MongoSingleServerBinding:0.28
PooledMongoSyncConnection:0.15666666666666668
DefaultMongoSyncConnection:0.15666666666666668
AuthenticatingMongoSyncConnection:0.12333333333333334
