NativeLibrary:0.8266666666666667
LibraryLoadTest:0.37666666666666665
CLibrary:0.28727777777777774
Handler:0.24
