BeanPanel:0.7821111111111113
EventsBean:0.5380555555555556
