Hit:0.5133333333333333
Hits:0.4266666666666667
BinderModule:0.34
BinderModuleImpl:0.33
SearchUtils:0.24666666666666667
SsfIndexInterface:0.23
LocalLuceneReadSession:0.19666666666666666
AbstractLuceneReadSession:0.17333333333333334
SearchServiceIterator:0.16333333333333333
LuceneReadSession:0.11753968253968256
LuceneProvider:0.11333333333333333
ThreadLocalAclQueryFilter:0.09
NilLuceneReadSession:0.07333333333333333
