ProfileModule:0.7233333333333334
EncryptUtil:0.5533333333333333
ProfileModuleImpl:0.37666666666666665
User:0.2866666666666667
AuthenticationManagerImpl:0.18333333333333332
ModifyEntryController:0.17
