TestArrayOperators:0.505
TypeJsonUtils:0.49333333333333335
TestMapOperators:0.30333333333333334
