IndexWithShadowReplicasIT:0.676111111111111
SharedFSRecoverySourceHandler:0.5766666666666667
RecoverySourceHandler:0.5433333333333333
