SwimlaneEditorPage:0.6833333333333333
SwimlanedNode:0.6577777777777778
