Val:0.62
Mirror:0.42333333333333334
ObjServiceTest:0.23666666666666666
Map2ObjTest:0.19333333333333333
