SimpleJobRepository:0.4766666666666667
SimpleStepExecutor:0.43666666666666665
DefaultStepExecutorTests:0.14333333333333334
SimpleJobRepositoryTests:0.09333333333333334
MockRestartableTasklet:0.08
