RuleRingAllowedSubstituents:0.4033333333333333
RuleMonocarbocyclic:0.37333333333333335
RuleAnySubstituents:0.33
