Strings:0.5733333333333334
StringsTests:0.2966666666666667
