CommandAsyncService:0.5466666666666666
CommandBatchService:0.4633333333333333
CommandReactiveBatchService:0.25333333333333335
