InMemoryServiceRegistry:0.38642857142857145
CasManagementWebAppConfiguration:0.37333333333333335
CasCoreServicesConfiguration:0.2633333333333333
CasManagementAuditConfiguration:0.23333333333333334
CasCookieConfiguration:0.18666666666666668
JpaServiceRegistryConfiguration:0.16333333333333333
MongoDbServiceRegistryConfiguration:0.13333333333333333
CasRestConfiguration:0.09333333333333334
CasSupportJdbcAuditConfiguration:0.07333333333333333
ShibbolethAttributeResolverConfiguration:0.04666666666666667
CasCoreAuthenticationPolicyConfiguration:0.02
LdapServiceRegistryConfiguration:0.01
CasThemesConfiguration:0.01
CasThrottlingConfiguration:0.01
CasJdbcThrottlingConfiguration:0.006666666666666667
CouchbaseServiceRegistryConfiguration:0.006666666666666667
JsonServiceRegistryConfiguration:0.0
