ParameterConstants:0.5669444444444445
AbstractSymmetricEngine:0.4
ClientSymmetricEngine:0.36333333333333334
AbstractVersion:0.2644444444444444
