MatrixResource:0.5933333333333334
IMatrixImplementationResource:0.3273174603174603
MatrixGridEditor:0.285
JamaMatrix:0.19666666666666666
DescriptorCalculationJob:0.12333333333333334
CreateMatrixRunnable:0.06
