ActionNamespace:0.22333333333333333
ModifyDatastream:0.21611111111111114
PurgeDatastream:0.19
AddDatastream:0.19
SetDatastreamState:0.19
SetDatastreamVersionable:0.19
PurgeDatastreamHandler:0.16666666666666666
SetDatastreamVersionableHandler:0.16666666666666666
AddDatastreamHandler:0.16666666666666666
SetDatastreamStateHandler:0.16666666666666666
ModifyDatastreamByReferenceHandler:0.16666666666666666
ModifyDatastreamByValueHandler:0.16666666666666666
