FirstMultifactorAuthenticationProviderSelector:0.5877777777777778
MultifactorAuthenticationProperties:0.5783333333333334
CasCoreWebflowConfiguration:0.37666666666666665
