EditNote:0.38666666666666666
EditSource:0.38666666666666666
CreateRelationship:0.31
CreateEntity:0.17333333333333334
