Setting:0.8833333333333333
ScopedSettingsTests:0.32
IndexScopedSettings:0.25666666666666665
SimilarityService:0.25333333333333335
