FeatureSchema:0.4984444444444444
AnnotationSchema:0.42333333333333334
TestGate:0.4222222222222222
