Context:0.56
DriverConductor:0.4766666666666667
Sender:0.2911111111111111
DriverConductorTest:0.21666666666666667
MediaDriver:0.21666666666666667
ReceiverTest:0.2
DriverConductorProxy:0.19666666666666666
IpcPublicationTest:0.16
