SqlTaskExecution:0.37
LocalQueryRunner:0.29
ScheduledSplit:0.25666666666666665
TaskSource:0.23666666666666666
Driver:0.23333333333333334
