WFSPanel:0.5566666666666666
PropertyCriteriaPanel:0.31333333333333335
AttributeComparisonPanel:0.255
PropertySelectionPanel:0.23444444444444448
WFSPanelButtons:0.17777777777777778
RequestPanel:0.08666666666666667
WFSDialog:0.04666666666666667
