DateTime:0.48333333333333334
FieldUtils:0.38666666666666666
DurationField:0.27666666666666667
DateMidnight:0.24
TimeOfDay:0.22777777777777777
YearMonthDay:0.21666666666666667
