LicenseModule:0.6586666666666667
ReportModule:0.62
LicenseStats:0.41333333333333333
AbstractLicenseModule:0.38
BaseLicenseModule:0.07666666666666666
