JsonModel:0.58
HttpProvider:0.45
JsonProvider:0.3733333333333333
ObjectOps:0.345
DefaultObjectOps:0.2833333333333333
JsonPath:0.27
JacksonProvider:0.2675
DefaultArrayOps:0.26
PathToken:0.26
ArrayOps:0.17865079365079364
AbstractJsonProvider:0.17333333333333334
JsonModelOpsTest:0.16
ArrayIndexFilter:0.14333333333333334
ComplianceTest:0.12
PathTokenizer:0.12
JsonModelTest:0.11333333333333333
PathTest:0.11333333333333333
Transformer:0.09
JsonSubModel:0.07333333333333333
HttpProviderFactory:0.014166666666666666
JsonProviderTest:0.0033333333333333335
HttpProviderTest:0.0
