DevelUtils:0.81
DataServlet:0.25
DataTypeListerServlet:0.22
DataQueryServlet:0.15333333333333332
DataObjectViewerServlet:0.13333333333333333
DataPointerValueConverter:0.12666666666666668
