OrcPageSourceFactory:0.6666666666666666
AbstractTestHiveClient:0.5166666666666667
BenchmarkHiveFileFormats:0.28
TestHiveFileFormats:0.21666666666666667
HiveClientModule:0.17
HiveTestUtils:0.14333333333333334
