SQLQuery:0.6733333333333333
Query:0.5666666666666667
NamedQueryDefinition:0.46
SessionFactoryImplementor:0.34045238095238095
LockOptions:0.3233333333333333
NamedSQLQueryDefinition:0.25
HbmBinder:0.24666666666666667
SQLQueryImpl:0.24333333333333335
AbstractSessionImpl:0.23666666666666666
SessionFactoryImpl:0.19333333333333333
LockModeTypeHelper:0.18666666666666668
QueryBinder:0.16
AbstractQueryImpl:0.14666666666666667
NamedSQLQuerySecondPass:0.11
EntityManagerFactoryImpl:0.09666666666666666
