ChartView:0.9166666666666666
ChartPlugin:0.30333333333333334
