ConnectionManager:0.5766666666666667
TestUtility:0.2966666666666667
HazelcastClientClusterTest:0.11
