FreeColObject:0.08990742
NationType:0.08555438
FreeColGameObjectType:0.07370766
NationOptions:0.07332846
Game:0.062973514
Specification:0.05597105
Monarch:0.049676273
Player:0.042918555
Unit:0.03102684
