InsertFromValuesAnalyzerTest:0.779388888888889
ParameterContext:0.39666666666666667
