ChronicleMapBuilder:0.4633333333333333
VanillaChronicleHash:0.45
ReplicatedChronicleMap:0.32666666666666666
ModificationIterator:0.31
