AsyncBulkByScrollActionTests:0.44
RequestWrapper:0.4226746031746032
AbstractAsyncBulkByScrollAction:0.21333333333333335
ReindexScriptTests:0.17333333333333334
TransportUpdateByQueryAction:0.16966666666666666
TransportReindexAction:0.16944444444444443
AsyncIndexBySearchAction:0.16333333333333333
ReindexMetadataTests:0.15666666666666668
ScriptApplier:0.15
UpdateByQueryMetadataTests:0.12
DummyAsyncBulkByScrollAction:0.11
TransportDeleteByQueryAction:0.10333333333333333
UpdateByQueryWithScriptTests:0.1
DeleteRequestWrapper:0.09666666666666666
IndexRequestWrapper:0.09666666666666666
AsyncDeleteBySearchAction:0.09
