InterceptorStatusToken:0.57
AbstractSecurityInterceptor:0.38666666666666666
AfterInvocationManager:0.31366666666666665
AspectJSecurityInterceptor:0.15
MethodSecurityInterceptor:0.15
FilterSecurityInterceptor:0.11666666666666667
