JCPAction:0.6791269841269841
JCPToolBar:0.49333333333333335
