Flyway:0.81
MigrationInfoImpl:0.38666666666666666
FlywayMediumTest:0.31666666666666665
