MainScene:0.525
QNotification:0.34
SettlementTableView:0.30666666666666664
MainSceneMenu:0.2866666666666667
SimulationConfigEditor:0.21416666666666667
SampleMenuBar:0.05333333333333334
JavaFXDefault:0.03
StandardMacApp:0.02666666666666667
RenameMenuItem:0.023333333333333334
AboutMenu:0.02
