NameBean:0.7513333333333333
FileBean:0.4033333333333333
