BytePointer:0.6666666666666666
Builder:0.5166666666666667
Generator:0.43666666666666665
PointerTest:0.33
