JUTestTools:0.7011111111111111
ToolOptions:0.5733333333333334
