View:0.7433333333333333
VFSPermissionEditor:0.31333333333333335
ViewEditor:0.31
Authentication:0.24400000000000005
