TranslateAndValidate:0.47
ISO19139CHEtoGM03:0.41333333333333333
MyErrorHandler:0.35333333333333333
ISO19139CHEtoGM03Base:0.22666666666666666
GM03Iso19139RountripTest:0.04666666666666667
