Tab:0.7933333333333333
Invoice2Test:0.33666666666666667
TabProviderBase:0.2733333333333333
