ShapeGenerator:0.39666666666666667
GraphNeighEquiv:0.3433333333333333
EquivClass:0.31
AllAbstractionTests:0.24
ShapeDialog:0.19666666666666666
