CrateSettings:0.5647777777777778
TableStatsService:0.49666666666666665
TableStatsServiceTest:0.34
SetAnalyzerTest:0.3
TimeSetting:0.21333333333333335
SQLModule:0.11
