ShapeDialog:0.6343333333333334
EdgeSigPortRenderer:0.5219047619047619
