Model:0.61
ERDesignerComponent:0.42
ERDesignerGraph:0.23333333333333334
OutlineComponent:0.23
CommentCell:0.22222222222222218
TableCell:0.22222222222222218
ViewCell:0.22222222222222218
HandTool:0.22
MSAccessFileFormat:0.20666666666666667
ContextMenuFactory:0.03666666666666667
ModelCell:0.02
ModelCellWithPosition:0.0
