ConnectionHeartbeatListener:0.6233333333333333
ClientConnection:0.37666666666666665
ClusterHeartbeatManager:0.34
Invocation:0.2733333333333333
ClusterServiceImpl:0.2733333333333333
ClientConnectionManagerImpl:0.19666666666666666
ClientEngineImpl:0.19333333333333333
TargetDisconnectedException:0.18333333333333332
Heartbeat:0.17666666666666667
ClientHeartbeatTest:0.17333333333333334
ClusterListenerSupport:0.16333333333333333
ClientHeartbeatMonitor:0.08666666666666667
CleanResourcesTask:0.08
