Discovery:0.7133333333333334
NodeJoinController:0.44
ZenDiscovery:0.38
NodeJoinControllerTests:0.2966666666666667
LocalDiscovery:0.21333333333333335
JoinTaskExecutor:0.17
NoopDiscovery:0.13916666666666666
RoutingService:0.11944444444444442
NoopRoutingService:0.06416666666666666
