BitcoinURI:0.6033333333333334
WalletTool:0.5
BitcoinURITest:0.2966666666666667
