BuildOutputLogger:0.5333333333333333
BuildOutputBufferManager:0.36666666666666664
ProjectController:0.2733333333333333
BuildOutputBufferManagerTest:0.27
AntBuilder:0.24666666666666667
ScriptRunner:0.17083333333333334
BuildOutputLoggerTest:0.023333333333333334
