HtmlTreeBuilder:0.3433333333333333
HtmlParserTest:0.34
Tokeniser:0.3333333333333333
Parser:0.23333333333333334
TreeBuilder:0.21
XmlTreeBuilder:0.0811111111111111
