GroupProperties:0.7016825396825397
FastByteArrayOutputStream:0.6796666666666666
