BinderHelper:0.39666666666666667
SearchFilter:0.3466666666666667
RelevanceAjaxController:0.31
EntityIndexUtils:0.28
ObjectKeys:0.26944444444444443
WebKeys:0.155
WorkspaceTreeHelper:0.14666666666666667
SearchFilterKeys:0.014285714285714285
