SocksProxyTest:0.37333333333333335
CookieManager4Test:0.3433333333333333
WebTestCase:0.29333333333333333
DefaultCredentialsProvider:0.19666666666666666
IEConditionalCompilationScriptPreProcessor:0.19
