TransformWriter:0.43333333333333335
ColumnsToRowsKeyColumnTransform:0.4083333333333333
ColumnsToRowsValueColumnTransform:0.35
ClarionDateTimeColumnTransform:0.21333333333333335
