User:0.7633333333333333
ProfileDaoImpl:0.29
PresenceInfo:0.24444444444444446
ViewEntryController:0.14666666666666667
