IChildResourceExtractor:0.62
PDBResource:0.6166666666666667
PDBKeywords:0.41333333333333333
BioclipseConstants:0.2678888888888889
CDKFormatDetector:0.17911111111111108
PDBRuleScanner:0.1617037037037037
PDBCDKChildResourceCreator:0.01861111111111111
PDBSequenceExtractor:0.01861111111111111
PDBEditor:0.0175
PDBResourcePropertySource:0.01
PDBResourceFactory:0.0033333333333333335
