CreateSmilesAction:0.5433333333333333
JChemPaintAbstractApplet:0.45666666666666667
