SubmissionStatusHandler:0.46611111111111103
AbstractJPPFClientConnection:0.4
JPPFResultCollector:0.37333333333333335
JPPFClientConnectionImpl:0.2833333333333333
JPPFJcaClientConnection:0.28
SubmissionManager:0.26066666666666666
JPPFConnectionImpl:0.26
RemoteExecutionThread:0.20333333333333334
JobSubmissionImpl:0.19788888888888886
SubmissionManagerImpl:0.09666666666666666
JcaJobSubmission:0.08
AbstractSubmissionManager:0.02
