ServiceUtils:0.7916666666666666
RuntimeHttpUtils:0.36222222222222217
DownloadCallable:0.30866666666666664
