SortingBucketMerger:0.5366666666666666
NonSortingBucketMerger:0.29333333333333333
MergeOperation:0.23333333333333334
DistributedRequestContextManager:0.185
SortingBucketMergerTest:0.18333333333333332
NonSortingBucketMergerTest:0.17333333333333334
LocalMergeTaskTest:0.17
MergeOperationTest:0.17
LocalMergeTask:0.15333333333333332
NodeVisitor:0.15
DistributedResultRequestTest:0.10666666666666667
