LdapPublisher:0.7533333333333333
ActiveDirectoryPublisher:0.4
LdapSearchPublisher:0.3333333333333333
