Generic:0.58
PyDictionary:0.45666666666666667
PyStringMap:0.34
PySet:0.2733333333333333
PyTeeIterator:0.178
