Native:0.7633333333333333
TestCallback:0.6466666666666666
CallbacksTest:0.33
DirectCallbackTestLibrary:0.3027420634920635
NativeTest:0.23333333333333334
RawCallbacksTest:0.09899999999999999
DirectMapping:0.01111111111111111
