OutputState:0.53
TransactionAwareBufferedWriter:0.45666666666666667
StaxEventItemWriter:0.2866666666666667
FlatFileItemWriter:0.27
TransactionAwareBufferedWriterTests:0.07
