MaterialViewPagerAnimator:0.6866666666666666
MainActivity:0.43866666666666665
Utils:0.19333333333333333
