RemoteChannelReceiver:0.8505555555555555
GlxGlobalRegistry:0.30666666666666664
