Context:0.6012222222222222
ContextImpl:0.30666666666666664
DeploymentTest:0.2833333333333333
