UsernamePasswordAuthenticationToken:0.41
CasAuthenticationToken:0.2966666666666667
RunAsUserToken:0.2833333333333333
MethodSecurityInterceptorTests:0.25666666666666665
RememberMeAuthenticationToken:0.25666666666666665
AnonymousAuthenticationToken:0.25666666666666665
AbstractSecurityInterceptor:0.23666666666666666
AnonymousAuthenticationTokenTests:0.21333333333333335
RememberMeAuthenticationTokenTests:0.21333333333333335
JaasAuthenticationProvider:0.20333333333333334
UsernamePasswordAuthenticationTokenTests:0.17666666666666667
CasAuthenticationTokenTests:0.13
RunAsUserTokenTests:0.09666666666666666
ContextPropagatingRemoteInvocation:0.05333333333333334
