QueryRetrieveScpService:0.5633333333333334
StudyMgtScpService:0.398
StoreScp:0.2866666666666667
StudyMgtScuService:0.27666666666666667
PrivateTags:0.09
