SecurityMemberAccess:0.4866666666666667
OgnlValueStack:0.455
ParametersInterceptor:0.43666666666666665
MemberAccessValueStack:0.3885555555555556
