QueryAnalyzerTests:0.55
QueryAnalyzer:0.45666666666666667
Result:0.3844444444444444
