AnnotationSetImpl:0.6902777777777778
MainFrame:0.4533333333333333
SinglePhaseTransducer:0.36333333333333334
