IndicesOptionsIntegrationTests:0.6419444444444444
IndicesSegmentsRequest:0.4117777777777778
IndicesSegmentsRequestTests:0.14666666666666667
