DataLoaderService:0.36
ForceCommitException:0.33666666666666667
CsvLoader:0.30666666666666664
ParameterConstants:0.2720555555555556
SimpleIntegrationTest:0.22
TransactionalLoadDelegate:0.09
