DefaultLoginPageGeneratingFilter:0.46
HttpSecurityBeanDefinitionParserTests:0.45666666666666667
FilterChainProxyConfigTests:0.18333333333333332
DefaultLoginPageGeneratingFilterTests:0.15
OpenIDAuthenticationProcessingFilterTests:0.13666666666666666
DefaultFilterChainValidator:0.10666666666666667
