ConfigModifiedEvent:0.6066666666666667
MainUILayoutPanel:0.18833333333333332
TomcatRestartPanel:0.18666666666666668
InboundEmailPage:0.17666666666666667
ClusteringPage:0.17333333333333334
LeftNavContentPanel:0.146
ProductInfoCallback:0.1
RestartFilrServerCallback:0.1
SaveConfigInformationCallback:0.1
