Builder:0.3
PooledDataSource:0.27166666666666667
DefaultResultSetHandler:0.27
CacheBuilder:0.25
MappedStatement:0.2361111111111111
XNode:0.23133333333333336
MapperRegistry:0.19333333333333336
