ProjectWrapper:0.8533333333333334
ProjectWrapperTest:0.22333333333333333
