MetadataDao:0.8333333333333334
RaptorMetadata:0.26166666666666666
TestRaptorMetadata:0.18333333333333332
