AsyncTestBase:0.4666666666666667
ServerConnection:0.4033333333333333
VertxTestBase:0.3433333333333333
FakeHttpServerMetrics:0.29
MetricsTest:0.2633333333333333
FakeEventBusMetrics:0.25
