ArgProcessor:0.37777777777777777
TreeConverter:0.35
Assignment:0.3373333333333333
TreeNode:0.314
Options:0.2966666666666667
Statement:0.17777777777777778
