LPETinyMCEConfiguration:0.6633333333333333
LandingPageEditor:0.4138888888888889
HtmlDropWidget:0.24333333333333335
