VocabWord:0.5166666666666667
Word2Vec:0.31
InMemoryLookupCache:0.30666666666666664
VocabCache:0.19416666666666665
Huffman:0.19000000000000003
DenoisingAutoEncoderTest:0.12
