Config:0.56
CurationSet:0.44166666666666665
AnnotationEditor:0.38666666666666666
Synonym:0.37
AddTransaction:0.32666666666666666
DeleteTransaction:0.3233333333333333
FeatureEditPanel:0.2966666666666667
TranscriptEditPanel:0.2833333333333333
GeneEditPanel:0.21666666666666667
TransactionUtil:0.20833333333333334
JdbcChadoAdapter:0.20333333333333334
TransactionManager:0.20333333333333334
Identifier:0.2
WhereClause:0.18
SynonymEditor:0.17333333333333334
GuiUtil:0.11333333333333333
SynonymSubpart:0.09333333333333334
DelSynListener:0.03
AddSynListener:0.023333333333333334
