GeoService:0.55
GeoModel:0.42333333333333334
Resolver:0.2633333333333333
ReportGoogleMap:0.20666666666666667
