MD5Quaternion:0.5766666666666667
MD5Mesh:0.51
MD5Loader:0.3233333333333333
