GearJoint:0.6233333333333333
Body:0.53
World:0.41
Joint:0.29333333333333333
Fixture:0.26666666666666666
ContactListener:0.14333333333333334
ContactFilter:0.04816666666666666
FrictionJoint:0.023333333333333334
WeldJoint:0.023333333333333334
RevoluteJoint:0.023333333333333334
LineJoint:0.023333333333333334
PulleyJoint:0.023333333333333334
DistanceJoint:0.023333333333333334
MouseJoint:0.023333333333333334
PrismaticJoint:0.023333333333333334
