TaskContext:0.6133333333333333
QueryContext:0.36333333333333334
TypedHistogram:0.30333333333333334
TypedSet:0.24666666666666667
ClusterMemoryManager:0.24666666666666667
ExceededMemoryLimitException:0.20666666666666667
OperatorContext:0.17666666666666667
TaskManagerConfig:0.17333333333333334
MockRemoteTask:0.17
TestTaskManagerConfig:0.14
SqlTaskExecutionFactory:0.12333333333333334
AbstractOperatorBenchmark:0.12333333333333334
TestMemoryPools:0.09
TestingTaskContext:0.06333333333333334
