SerializableProxyTest:0.5033333333333333
JavassistProxyTest:0.24666666666666667
CglibProxyTest:0.24666666666666667
