BaseVariables:0.43666666666666665
ExecutorManager:0.31
ClusterService:0.29333333333333333
Node:0.2717777777777778
MulticastService:0.2127777777777778
SelectorBase:0.19333333333333333
QueryService:0.17111111111111113
ExecutorThreadFactory:0.17
ShutdownHookThread:0.1
PredicatesTest:0.09
