DataDefinition:0.8440873015873016
RecordInfo:0.46388888888888885
QueryFragmentFunction:0.30666666666666664
