AbstractApertureInOsgiTest:0.215
ZipSubCrawlerInputStream:0.21
ZipSubCrawlerTest:0.2
ZipSubCrawlerJuzEntry:0.18333333333333332
ZipSubCrawlerEntry:0.16333333333333333
BZip2SubCrawler:0.14866666666666664
TarSubCrawlerInputStream:0.11666666666666667
TarSubCrawlerEntry:0.11666666666666667
