ProxyServer:0.6833333333333333
ProxyPartitionKey:0.26
ProxyTunnellingTest:0.22666666666666666
ProxyUtils:0.19333333333333333
AuthenticatorUtils:0.18
ChannelConnector:0.16333333333333333
ConnectionPoolPartitioning:0.12
