SparkUtils:0.4666666666666667
Node:0.4422222222222223
WebContext:0.2966666666666667
