ClientConductorTest:0.5766666666666667
AeronTest:0.5333333333333333
MockBufferUsage:0.31833333333333336
