QueryResultRegionAccessImpl:0.42333333333333334
TimestampsRegionAccessEnabledImpl:0.20333333333333334
DirectAccessRegion:0.15666666666666668
DirectAccessRegionTemplate:0.15333333333333332
TimestampsRegionAccess:0.14666666666666667
QueryResultRegionAccess:0.14666666666666667
