IndexShard:0.6066666666666667
IndexService:0.2966666666666667
IndicesClusterStateService:0.21
IndexShardModule:0.18
ShadowIndexShard:0.09277777777777778
IndexShardTests:0.07666666666666666
ShardRoutingHelper:0.0761111111111111
