NettyChannelBuilder:0.49
NettyServerBuilder:0.42333333333333334
InternalNettyServerBuilder:0.21666666666666667
InternalNettyChannelBuilder:0.21
