OnSizeChangeHandler:0.7585714285714286
MastHead:0.39666666666666667
GwtMainPage:0.38666666666666666
ContentControl:0.15333333333333332
