HivePartition:0.4633333333333333
HiveMetadata:0.2833333333333333
DiscretePredicates:0.26666666666666666
