ModificationSet:0.4166666666666667
CVSElement:0.4066666666666667
MasterBuild:0.4
StreamPumper:0.317
StarTeamElement:0.30133333333333334
VssElement:0.29133333333333333
