FileAdministration:0.5966666666666667
ShareManager:0.5833333333333334
