Coverage:0.235
SampleDimension:0.235
Datum:0.15833333333333333
AuthorityFactory:0.15833333333333333
IdentifiedObject:0.15833333333333333
TemporalDatum:0.1431825396825397
CoordinateOperation:0.09916666666666667
OperationMethod:0.09166666666666666
ReferenceSystem:0.013333333333333334
