AbstractCollectionPersister:0.4766666666666667
FromElementType:0.41333333333333333
TernaryTest:0.23333333333333334
MapIndexFormulaTest:0.23333333333333334
JoinSequence:0.20666666666666667
SpecialManyToManyCollectionPropertyMapping:0.09
