DefaultJwtBuilder:0.44333333333333336
RsaSigner:0.36133333333333334
DefaultJwtParser:0.28
MacSigner:0.26
RsaSignatureValidator:0.2
