SVGRectRadiusHandle:0.26986673
SVGRectFigure:0.01587647
