RatedDocumentKey:0.59
RatedDocument:0.5333333333333333
TransportRankEvalAction:0.27127777777777773
RankEvalSpec:0.24666666666666667
PrecisionAtN:0.23666666666666666
DiscountedCumulativeGainAt:0.18666666666666668
ReciprocalRank:0.17666666666666667
RatedDocumentTests:0.0961111111111111
RatedDocumentKeyTests:0.05694444444444444
ReciprocalRankTests:0.05333333333333334
QuerySpecTests:0.04777777777777778
PrecisionAtNTests:0.04
RankedListQualityMetric:0.024444444444444446
RankEvalRequestTests:0.013333333333333334
DiscountedCumulativeGainAtTests:0.01
RestRankEvalAction:0.0
