AtmosphereResourceImpl:0.43
AtmosphereServlet:0.35
AtmosphereRequest:0.32666666666666666
DefaultBroadcaster:0.31333333333333335
AsyncWriteToken:0.26666666666666666
WebSocketProcessor:0.2111111111111111
