Array:0.6366666666666667
SABRInterpolationImpl:0.3
Simplex2:0.24666666666666667
Simplex:0.21333333333333335
LevenbergMarquardt:0.20055555555555554
SABRInterpolationTest:0.16666666666666666
SABRCoeffHolder:0.13666666666666666
