IteratorRunnable:0.4666666666666667
AsyncDataSetIterator:0.4655555555555555
DefaultGradient:0.42833333333333334
