Messages:0.6666666666666666
SarosView:0.6033333333333334
PreferenceConstants:0.47904761904761906
PreferenceInitializer:0.25666666666666665
