AbstractInterleavedBlock:0.37666666666666665
AbstractArrayBlock:0.35333333333333333
TestHiveFileFormats:0.2833333333333333
TestArrayBlock:0.2
AbstractTestBlock:0.18
AbstractTestHiveFileFormats:0.16333333333333333
TestInterleavedBlock:0.16
