CustomHTMLToolTip:0.68
ItemSelectionXYCardinalSplineRenderer:0.23333333333333334
ItemSelectionXYSplineRenderer:0.23333333333333334
ItemSelectionXYStepRenderer:0.23333333333333334
ItemSelectionXYLineAndShapeRenderer:0.23333333333333334
ItemSelectionCategoryLineAndShapeRenderer:0.23333333333333334
ItemSelectionCategoryBarRenderer:0.15
ItemSelectionCategoryStepRenderer:0.15
FCAItemSelectionRenderer:0.11333333333333333
CustomChartPanel:0.1
