Node:0.5466666666666666
FeedViewer:0.42333333333333334
GroupTree:0.31333333333333335
Renderer:0.13444444444444442
