RouteTableUpdateMsg:0.37333333333333335
MessageProcessor:0.31666666666666665
QRResetTableMsg:0.30666666666666664
QRPatchTableMsg:0.25333333333333335
