DefinitionService:0.47556349206349213
BinderService:0.4737857142857143
TeamingServiceEndpoint:0.4266666666666667
FolderService:0.39199999999999996
Subscription:0.33
NoBinderByTheNameException:0.31333333333333335
TeamingServiceClientWithStub:0.2733333333333333
FolderServiceImpl:0.21333333333333335
JaxRpcFacade:0.21333333333333335
FolderServiceInternal:0.2105952380952381
SubscriptionStyle:0.20333333333333334
MigrationServiceImpl:0.19666666666666666
AttachmentsHelper:0.14333333333333334
DefaultWorkflowProcess:0.14333333333333334
BinderServiceImpl:0.13666666666666666
DefinitionServiceImpl:0.12
AttachmentUtilities:0.05333333333333334
