StatementGenerator:0.5033333333333333
StatementGeneratorTest:0.4
Enum:0.29333333333333333
UnicodeUtils:0.145
