XmlConfigBuilder:0.38666666666666666
ConfigXmlGenerator:0.36333333333333334
ConfigCompatibilityChecker:0.3247222222222222
XMLConfigBuilderTest:0.32
SpringXmlConfigBuilder:0.31666666666666665
RingbufferConfigChecker:0.29
AbstractXmlConfigHelper:0.2866666666666667
DurableExecutorConfigChecker:0.25666666666666665
MultimapConfigChecker:0.25666666666666665
ExecutorConfigChecker:0.25666666666666665
SemaphoreConfigChecker:0.25666666666666665
ScheduledExecutorConfigChecker:0.25666666666666665
MapConfigChecker:0.22611111111111115
AtomicLongConfigChecker:0.18
AtomicReferenceConfigChecker:0.18
ConfigXmlGeneratorTest:0.15666666666666668
HazelcastNamespaceHandler:0.09333333333333334
ReplicatedMapConfigChecker:0.03
ReplicatedMapListenerConfigChecker:0.017388888888888888
CardinalityEstimatorConfigChecker:0.01
