ClassPathResource:0.7166666666666667
Main:0.4266666666666667
ClassPathScanner:0.27666666666666667
