InstrumentedType:0.7566666666666667
SubclassInstumentedType:0.37333333333333335
AbstractInstrumentedTypeTest:0.3566666666666667
ByteBuddyCommonsTest:0.25333333333333335
SubclassExceptionDeclarableMethodInterception:0.24666666666666667
MethodDelegationExceptionTest:0.14333333333333334
SubclassDynamicTypeBuilderTest:0.12666666666666668
ByteBuddyCommons:0.09
