RaMasterApi:0.7102777777777778
EnrollMakeNewRequestBean:0.5133333333333333
RaMasterApiProxyBean:0.24666666666666667
RaMasterApiSessionBean:0.24666666666666667
