MultiMatchQueryBuilder:0.8133333333333334
QueryStringQueryBuilderTests:0.29266666666666663
