WebClient:0.48
WebRequest:0.36333333333333334
History:0.25666666666666665
History2Test:0.23333333333333334
Location:0.18
