AsMapTest:0.5233333333333333
Sync:0.4769285714285714
BoundedLocalCache:0.24666666666666667
CacheContext:0.24416666666666667
WeightedValue:0.21550000000000002
CacheGenerator:0.19666666666666666
