ActivityRxExifTool:0.5111111111111112
ActivityRxPhoto:0.35
ActivityDialog:0.25666666666666665
