RubyTokenScanner:0.6766666666666666
TC_RubyPartitionScanner:0.4984444444444444
