TcpIpConnectionManager:0.6266666666666667
DefaultNodeInitializer:0.39666666666666667
NodeInitializer:0.3175
DefaultNodeContext:0.21
