ModuleProperties:0.5266666666666666
DependencyState:0.45
LoadingState:0.38
DefaultModuleFactory:0.25666666666666665
ModuleReferenceList:0.2277777777777778
DefaultModuleProperties:0.22333333333333333
LoadRequiredModules:0.17111111111111113
DependencyFactory:0.0011111111111111111
LoadingStateDescriptions:0.0
DependencyStateDescriptions:0.0
