CommunicationsStub:0.7333333333333333
ObjectNode:0.2277777777777778
CheckConnectionsIntegrityAction:0.20666666666666667
RackUnitWidget:0.19444444444444445
Constants:0.19127777777777774
BtnMoveLinksActionListener:0.10666666666666667
