RBM:0.43166666666666664
PretrainParamInitializer:0.4266666666666667
RBMTests:0.29
BasePretrainNetwork:0.21333333333333335
Builder:0.06
