JTBMessageTemplate:0.4533333333333333
JTBMessage:0.41
JTBConnection:0.3566666666666667
SessionAddOrEditDialog:0.3466666666666667
MessageInput:0.3433333333333333
ActiveMQArtemisQManager:0.22
MessageDialogAbstract:0.19666666666666666
ExternalConnectorManager:0.18666666666666668
ScriptExecutionEngine:0.14333333333333334
MessageSendFromTemplateHandler:0.11
MessageSendHandler:0.09333333333333334
