HtmlPage:0.51
WebClient:0.44666666666666666
WebWindowImpl:0.23666666666666666
JavaScriptPage:0.21666666666666667
UnexpectedPage:0.21666666666666667
TextPage:0.21666666666666667
XmlPage:0.21666666666666667
HTMLParser:0.17333333333333334
FormTest:0.12666666666666668
ScriptEngineTest:0.12333333333333334
