SQLTransportExecutor:0.4583333333333333
TestingHelpers:0.3433333333333333
SubSelectIntegrationTest:0.29
SQLTransportIntegrationTest:0.24666666666666667
