HttpEngine:0.58
HttpURLConnectionImpl:0.45
AsyncApiTest:0.38333333333333336
HttpTransport:0.25
Job:0.21666666666666667
SpdyTransport:0.19333333333333333
