ReportModule:0.5833333333333334
ReportModuleImpl:0.5266666666666666
ReportDownloadController:0.22333333333333333
WebKeys:0.22033333333333333
ViewController:0.11666666666666667
QuotaReportController:0.04666666666666667
