CVCCAInfo:0.5866666666666667
CAAdminSessionBean:0.30333333333333334
CVCCA:0.29
CVCRequestMessage:0.27666666666666667
TestCAs:0.2633333333333333
CommonEjbcaWSTest:0.23
CvcPrintCommand:0.15333333333333332
