Builder:0.44666666666666666
TestingTableInfo:0.39666666666666667
Planner:0.32
PlannerTest:0.27666666666666667
TestModule:0.14777777777777776
