FlowServiceLocator:0.6611111111111111
ServiceCreationException:0.569555315055315
FlowExecutionListenerAdapter:0.5616666666666666
FlowSessionImpl:0.44666666666666666
FlowServiceLocatorAdapter:0.3
FlowExecutionImpl:0.2966666666666667
ActionLocator:0.27051984126984113
AbstractFlowBuilder:0.23333333333333334
TestMasterFlowBuilderLookupById:0.23
StateContextImpl:0.21
ServiceLookupException:0.18333333333333332
TestMasterFlowBuilderLookupByType:0.14
TextToViewDescriptorCreator:0.13666666666666666
TextToTransitionCriteria:0.13666666666666666
AbstractFlowBuilderTests:0.11333333333333333
ExpiredFlowCleanupFilter:0.11
BeanFactoryFlowServiceLocator:0.08
AutowireMode:0.07116666666666667
TextToViewDescriptorCreatorTests:0.06666666666666667
FlowConversionService:0.05333333333333334
FlowCreator:0.045
FlowLocator:0.045
TextToTransitionCriteriaTests:0.043333333333333335
FlowExecutionImplTests:0.016666666666666666
ActionTransitionCriteria:0.013333333333333334
FlowConversionServiceTests:0.006666666666666667
TextToFlowExecutionListenerCriteria:0.0
DefaultFlowCreator:0.0
