Spinner:0.35
RangeSeekBar:0.3333333333333333
SeekBar:0.31333333333333335
PopupMenu:0.3106666666666667
CheckedTextView:0.25666666666666665
EditorMenu:0.25066666666666665
EditText:0.22
TableLayout:0.20777777777777778
