LayoutFrame:0.47333333333333333
JPEGParameterDialog:0.44
BoxPropPanel:0.33
ClippingSVGGraphics2D:0.25333333333333335
