Json:0.47
Daos:0.39
JsonEntityField:0.31333333333333335
JsonEntity:0.30333333333333334
NutDaoRunner:0.25083333333333335
SimpleDaoTest:0.23333333333333334
DaoSupport:0.22333333333333333
NutDaoExecutor:0.2227777777777778
NutMap:0.21
SQLiteJdbcExpert:0.16333333333333333
SimpleTransTest:0.14333333333333334
RecordDaoTest:0.09333333333333334
