GoogleAuthLibraryCallCredentialsTest:0.635
InternalMetadata:0.3466666666666667
Headers:0.3233333333333333
