ElementUtil:0.4166666666666667
Types:0.39666666666666667
GeneratedTypeElement:0.36
TypeUtil:0.36
Import:0.2836111111111111
JdtParser:0.21333333333333335
ImplementationImportCollector:0.19
LambdaTypeElement:0.1841666666666667
JdtParserEnvironment:0.13166666666666665
