ZaurusComponent:0.40051892
ZaurusTableForm:0.1741204
