ZaurusTextField:0.53021616
ZaurusChoice:0.37963164
ZaurusTableForm:0.20103893
