ZaurusTableForm:0.12267112
ZaurusDatabaseManager:0.053026438
