DatabaseManager:0.43785435
ZaurusConnectionDialog:0.08744205
ZaurusEditor:0.07272299
DatabaseManagerCommon:0.05791978
Tree:0.026555236
Grid:0.017900346
