BuildingManager:0.6066666666666667
Task:0.6
WalkSettlementInterior:0.2866666666666667
