TestHTTPStatusCodesConfigB:0.48333333333333334
AllSystemTestsConfigA:0.4666666666666667
RISearchServlet:0.3333333333333333
AllSystemTestsConfigB:0.2866666666666667
TrippiServlet:0.07333333333333333
