ValueAttribute:0.43666666666666665
StyleInfo:0.41
ValueType:0.39666666666666667
ValueMirrors:0.3711507936507936
Proto:0.3411111111111111
