TagPath:0.4633333333333333
Property:0.4
Indi:0.38666666666666666
MetaProperty:0.37333333333333335
Fam:0.33666666666666667
Row:0.26
SearchView:0.23333333333333334
ReportHTMLSheets:0.21333333333333335
OK:0.21333333333333335
ReportGedcomStatistics:0.20333333333333334
Renderer:0.20333333333333334
EntityTableModel:0.19
PropertyFamilySpouse:0.18666666666666668
PropertyHusband:0.18333333333333332
TestDate:0.18
PropertyWife:0.17333333333333334
PropertyChild:0.17
TestAge:0.16666666666666666
PropertyForeignXRef:0.16333333333333333
ActionSearch:0.16333333333333333
ReportValidate:0.14666666666666667
ReportAges:0.14
PropertyFamilyChild:0.135
PropertyView:0.12666666666666668
ChoosePropertyBean:0.11333333333333333
BasicEditor:0.10166666666666667
TagPathTest:0.08333333333333333
ActionInsert:0.08
