LwjglApplication:0.49333333333333335
LwjglApplicationConfiguration:0.34944444444444445
LwjglCanvas:0.29333333333333333
LwjglAWTCanvas:0.29333333333333333
LwjglHeadlessApplication:0.28
