CSVDataFetcher:0.3
DataSetIterator:0.25666666666666665
ReconstructionDataSetIterator:0.25333333333333335
SamplingDataSetIterator:0.25333333333333335
Tsne:0.24666666666666667
Word2VecDataSetIterator:0.24
ListDataSetIterator:0.20333333333333334
BaseDatasetIterator:0.19333333333333333
MultipleEpochsIterator:0.19333333333333333
TsneCalculation:0.13666666666666666
TestDataSetIterator:0.12333333333333334
TopicModelingDataSetIterator:0.12333333333333334
TsneCalculationTest:0.03333333333333333
