URLConnectionTest:0.5366666666666666
CallTest:0.4
RecordingOkAuthenticator:0.39
RetryAndFollowUpInterceptor:0.34
StreamAllocation:0.2633333333333333
