Session:0.8033333333333333
ExecuteResource:0.43333333333333335
AbstractTestingPrestoClient:0.23583333333333334
ResourceUtil:0.14333333333333334
