MFrame:0.14318895
MTogglePanel:0.1328924
