Tab:0.7533333333333333
MetaTab:0.4533333333333333
