ConcurrentSessionFilter:0.46
SessionManagementConfigurer:0.46
HttpConfigurationBuilder:0.37666666666666665
ConcurrentSessionFilterTests:0.21666666666666667
ConcurrencyControlConfigurer:0.18277777777777776
