Event:0.55
GwtTaskHelper:0.37333333333333335
UIData:0.3466666666666667
EventHelper:0.2833333333333333
GwtRpcServiceImpl:0.2733333333333333
TaskEvent:0.23333333333333334
TaskListItemHelper:0.19
TaskDuration:0.1597222222222222
ServerDates:0.14333333333333334
ElementBuilderEvent:0.11666666666666667
