PersistenceService:0.7566666666666667
ServiceManagerModule:0.39666666666666667
MiniAppRackView:0.24
