SpringXmlConfigBuilder:0.525
HazelcastNamespaceHandler:0.29333333333333333
TestFullApplicationContext:0.2833333333333333
