HtmlFormUtil:0.5416666666666666
FormTag:0.47
FormTagTest:0.42333333333333334
