gdxBulletJNI:0.7366666666666667
Matrix4:0.31733333333333336
btCollisionWorld:0.31333333333333335
Quaternion:0.2677777777777778
Decal:0.23
btGhostObject:0.21333333333333335
MeshShapeTest:0.1
