FlowNamespaceHandlerTests:0.9355555555555555
FlowNamespaceHandler:0.17333333333333334
