ExpressionCompiler:0.616111111111111
ByteCodeUtils:0.415
Bootstrap:0.3486666666666666
