ControllerHub:0.7212222222222222
CycleSymbolModule:0.42833333333333334
