UpdatableRecord:0.6866666666666666
UpdatableRecordImpl:0.5816666666666667
CRUDTests:0.26666666666666666
