Retryer:0.7077777777777778
FeignTest:0.44
MockRetryer:0.37666666666666665
SynchronousMethodHandler:0.20333333333333334
UnknownHostEmitsTest:0.15333333333333332
RetryEmitsTest:0.15333333333333332
Default:0.13
