HeartBeatTask:0.48333333333333334
HeaderExchangeClient:0.41333333333333333
HeaderExchangeServer:0.39
HeartBeatTaskTest:0.32
