DecoraRequestWrapper:0.5013333333333333
DecoraResponseWrapper:0.4533333333333333
DecoraServletFilter:0.352
