JoddJoy:0.46
JoyProxetta:0.28
JoyDb:0.21333333333333335
JoyInit:0.19666666666666666
AuthorizationInterceptor:0.18333333333333332
JoyProps:0.18333333333333332
AuthenticationInterceptor:0.18
JoyPetite:0.17
JoyPaths:0.14
I18nInterceptor:0.14
VtorJsonActionResult:0.12
JoyContextListener:0.11333333333333333
