FakeHttpLayer:0.8533333333333334
ShadowDefaultRequestDirector:0.36333333333333334
DefaultRequestDirectorTest:0.24333333333333335
