RemoteActivityDefinition:0.78
ProcessInstanceView:0.43666666666666665
ProcessInstancesView:0.22
ProcessDefinitionLoader:0.17333333333333334
