TcpIpConnection:0.6466666666666666
MemberSocketWriterInitializer:0.27166666666666667
MemberSocketReaderInitializer:0.24333333333333335
