ARINCModelFactory:0.41
MapSymbol3D:0.26666666666666666
ARINCClientWidgetFactory:0.25333333333333335
JFXItemsRenderersHelper:0.23666666666666666
InterfaceProperties:0.19333333333333333
Map3DSourceContext:0.16
MapItemShapes:0.14916666666666667
MapConstants:0.0
