JarFileLocationScanner:0.4216666666666667
ClassPathScanner:0.41333333333333333
FileSystemLocationScanner:0.3233333333333333
LocationScanner:0.14466666666666667
