DomNode:0.41333333333333333
SimpleScriptable:0.39666666666666667
Window:0.38861111111111113
HtmlElement:0.3566666666666667
DocumentTest:0.27
SimpleScriptableTest:0.10333333333333333
