TreeViewer:0.6
Recognizer:0.30666666666666664
GrammarASTWithOptions:0.20666666666666667
InputMismatchException:0.18333333333333332
DefaultANTLRErrorStrategy:0.17666666666666667
BaseRecognizer:0.17527777777777775
RecognitionException:0.16083333333333333
DefaultANTLRTreeGrammarErrorStrategy:0.13
TestT:0.07333333333333333
NoViableAltException:0.056666666666666664
RuleFunction:0.03333333333333333
