JChemPaintEditor:0.8233333333333334
IJChemPaintManager:0.44963888888888887
JChemPaintManager:0.30666666666666664
