Builder:0.5133333333333333
NeuralNetConfiguration:0.34
BaseLayer:0.31666666666666665
RBM:0.27
