Jupiter:0.5333333333333333
ProxySynchronizedQueue:0.43666666666666665
Document:0.41
Algorithm:0.3293412698412698
SimpleServerProxyTest:0.2733333333333333
ClientSynchronizedDocument2:0.25666666666666665
ClientSynchronizedDocument:0.25666666666666665
MultiUserChatManager:0.21333333333333335
ServerSynchronizedDocument:0.20916666666666667
ServerSynchronizedDocument2:0.17
DOptPuzzleTest:0.10333333333333333
SimpleClientServerTest:0.04833333333333333
JupiterTestCase:0.043333333333333335
