Files:0.63
ActionInvokerImpl:0.26666666666666666
Disks:0.25333333333333335
Context:0.23
NutFilePool:0.16333333333333333
UrlMapImpl:0.14666666666666667
DefaultLoading:0.10666666666666667
Segments:0.06666666666666667
FilesTest:0.03666666666666667
