ClassySharkPanel:0.5555555555555555
Export2FileWriter:0.3466666666666667
GuiMode:0.22333333333333333
CliMode:0.18
Main:0.11333333333333333
