ResourceLoader:0.5666666666666667
ShadowView:0.39666666666666667
DrawableResourceLoader:0.33
DrawableResourceLoaderTest:0.31
PackageResourceLoader:0.30666666666666664
ResName:0.3
ShadowImageView:0.22666666666666666
ShadowResources:0.20333333333333334
ResBundle:0.18166666666666667
RoutingResourceLoader:0.17333333333333334
DocumentLoader:0.06666666666666667
