PredictionContext:0.6566666666666666
ArrayPredictionContext:0.49333333333333335
SingletonPredictionContext:0.43666666666666665
