PermaLinkUtil:0.4866666666666667
LoginFilter:0.45666666666666667
WebKeys:0.33644444444444443
PortalLoginController:0.26666666666666666
SimpleURLServlet:0.21
