AbstractS3SnapshotRestoreTest:0.2961111111111111
AbstractAwsTest:0.1
Ec2DiscoveryUpdateSettingsITest:0.09666666666666666
Ec2DiscoveryITest:0.0
