MenuBarBox:0.5283333333333333
MainMenuControl:0.4166666666666667
MenuBarToggle:0.39
MenuBarButton:0.3566666666666667
