OnmsOutage:0.5933333333333334
OutageDaoJdbc:0.2966666666666667
JdbcDaoTestConfig:0.21333333333333335
OutageMappingQuery:0.17666666666666667
FindByOutageId:0.13
FindByNodeId:0.09333333333333334
OutageAll:0.09333333333333334
OutageSaveOrUpdate:0.09
OutageSave:0.03333333333333333
OutageDaoTest:0.02
OutageUpdate:0.006666666666666667
