CoreWsSecuritySecurityTokenServiceConfiguration:0.5266666666666666
WrappingSecurityTokenServiceClaimsHandler:0.45166666666666666
X509TokenDelegationHandler:0.32133333333333336
InitialAuthenticationAttemptWebflowEventResolver:0.27666666666666667
