ClientCallImpl:0.6533333333333333
ClientCallImplTest:0.23666666666666666
ClientStreamListenerImpl:0.20777777777777778
StreamCreationTask:0.18333333333333332
