Workbench:0.6666666666666666
OriginTest:0.20333333333333334
GedcomToRdfConverter:0.18333333333333332
GedcomReadWriteTest:0.18333333333333332
