QueriedRelation:0.5466666666666666
SplitPoints:0.33666666666666667
SplitPointsTest:0.26666666666666666
LogicalPlanner:0.25
SplitPointVisitor:0.17
