ModeProvider:0.12882727
JEditBuffer:0.118073106
ModeCatalogHandler:0.115656465
jEdit:0.0819377
StandaloneTextArea:0.07483182
Buffer:0.074552976
JEditMode:0.072626546
EditingOptionPane:0.07115261
IndentRuleFactory:0.053356525
XModeHandler:0.052795544
SearchAndReplace:0.040957678
StandardUtilities:0.038381476
TokenMarker:0.03701708
EditPane:0.035188958
Abbrevs:0.03254729
DeepIndentRule:0.029917138
Log:0.02832238
Registers:0.02813506
TextUtilities:0.028070169
WhitespaceRule:0.025651496
HyperSearchRequest:0.019871147
IndentRule:0.014579653
DockingLayoutManager:0.014170805
BufferOptionPane:0.0124942735
RichJEditTextTransferableService:0.010596026
AbbrevsOptionPane:0.009562145
JEditRichText:0.008498546
ModeWidgetFactory:0.007740894
AddAbbrevDialog:0.0054437728
