ASMUtils:0.42
JSON:0.37666666666666665
JSONLexerBase:0.33
JavaBeanDeserializer:0.24666666666666667
JSONScanner:0.21666666666666667
ASMDeserializerFactory:0.2
DefaultJSONParser:0.19666666666666666
ASMSerializerFactory:0.19666666666666666
JavaBeanSerializer:0.19
ASMUtilsTest:0.13333333333333333
