Scale:0.5633333333333334
RGG:0.4033333333333333
XLParser:0.35333333333333333
