AsyncTestBase:0.5275
MetricsTest:0.3433333333333333
HandlerHolder:0.30666666666666664
DatagramSocketImpl:0.27666666666666667
FakeEventBusMetrics:0.2733333333333333
NetClientImpl:0.2733333333333333
VertxTestBase:0.21
HandlerRegistration:0.185
