InterceptorsManagerTest:0.4866666666666667
ActionsManagerTest:0.4866666666666667
RootPackagesTest:0.4033333333333333
