MCalendar:0.6566666666666666
TaskManager:0.35
MDateSpinner:0.31666666666666665
CalendarWidget:0.25
DateTimeEditor:0.19333333333333336
CalendarWidgetPlugin:0.12
