ModuleErrorListPane:0.8766666666666667
LowerTabbedView:0.24666666666666667
