AspectualViewGps:0.5733333333333334
GrammarViewXml:0.30333333333333334
ArchiveGps:0.30333333333333334
