AndroidAppPluginTest:0.45666666666666667
AndroidLibPluginTest:0.37
JavaPluginTest:0.29333333333333333
