K:0.47633333333333344
Annotations:0.4
Scoping:0.30666666666666664
Jsr330Test:0.3
Scopes:0.2
GuiceObjectFactory:0.18666666666666668
Struts2Factory:0.18
AllTests:0.11666666666666667
RootModule:0.08333333333333333
J:0.08
H:0.06
TestScope:0.0
