ConfigurationProcessor:0.6766666666666666
ConfigurationPostProcessorTests:0.4033333333333333
ConfigurationPostProcessor:0.2733333333333333
