ClientTracer:0.3933333333333333
StreamTracer:0.215
GrpclbClientLoadRecorder:0.19666666666666666
ServerTracer:0.18666666666666668
ClientCallTracer:0.12444444444444445
CensusStatsModule:0.10333333333333333
CensusTracingModule:0.1025
ServerTracerFactory:0.09
LongHolder:0.006666666666666667
