Variant:0.6166666666666667
DeflaterSink:0.3944444444444445
Writer:0.30666666666666664
Connection:0.25
MockSpdyPeer:0.24666666666666667
SpdyStream:0.23333333333333334
RealBufferedSink:0.22333333333333333
SpdyConnection:0.22333333333333333
HpackDraft05Test:0.20666666666666667
SpdyDataOutputStream:0.19833333333333333
SpdyConnectionTest:0.17
Http20Draft09Test:0.16333333333333333
Spdy3Test:0.12333333333333334
Builder:0.11111111111111109
Http20Draft09:0.10111111111111111
Spdy3:0.05333333333333334
OutFrame:0.03
