Pong:0.7533333333333333
ExamplePublisher:0.12333333333333334
