ForBoxedArgument:0.4866666666666667
AdviceTest:0.4866666666666667
ForBoxedArguments:0.41
ForParameter:0.405
Default:0.38666666666666666
ForReturnValue:0.2733333333333333
ForOrigin:0.23837301587301588
ForThisReference:0.23198412698412696
ForField:0.22198412698412695
ReadWrite:0.22
ReadOnly:0.11666666666666667
BoxedArgumentsCannotWrite:0.0025
BoxedArgumentsWriteDelegateEntry:0.0025
BoxedArgumentsWriteDelegateExit:0.0025
