Ontology:0.7422222222222222
OInstance:0.38666666666666666
OntologyModificationListener:0.115
OntologyUtilities:0.10333333333333333
