LocalAttributeMap:0.56
LocalParameterMap:0.37333333333333335
LocalParameterMapTests:0.23
ApplicationViewSelector:0.20333333333333334
FlowExecutorArgumentExtractor:0.19
FormAction:0.19
WebFlowOgnlExpressionParserTests:0.14
MapAdaptablePropertyAccessor:0.13666666666666666
FlowExecutionImplStateRestorerTests:0.13333333333333333
