SavepointTest:0.5316666666666666
ConnectionJDBC2:0.49
ConnectionJDBC3:0.38666666666666666
