RuntimeModel:0.4533333333333333
RGG:0.37666666666666665
RGGGraph:0.36666666666666664
Runtime:0.33
QueueImpl:0.30666666666666664
Graph:0.2966666666666667
Iterator:0.29
Analysis:0.28
GraphQueue:0.27587301587301594
LSYParser:0.25
RGGFilter:0.23666666666666666
AvoidIntersection:0.20333333333333334
GraphQueueImpl:0.18333333333333332
Producer:0.18333333333333332
GraphImpl:0.16333333333333333
DTDFilter:0.14
Operator:0.12166666666666667
FruitObject:0.04666666666666667
ConnectionTransformation:0.04666666666666667
LeafObject:0.04666666666666667
Neighbors:0.013333333333333334
NodeEdgePair:0.006666666666666667
LSYTokenTypes:0.0
