ParserATNSimulator:0.6633333333333333
DFA:0.49
TestJavaLR:0.33666666666666667
