WxXmlOutMessage:0.49333333333333335
WxXmlMessage:0.4266666666666667
ImageBuilder:0.26666666666666666
BaseBuilder:0.18666666666666668
TextBuilder:0.17666666666666667
WxCustomMessage:0.16666666666666666
WxXmlOutIMusicMessageTest:0.14555555555555555
WxXmlOutINewsMessageTest:0.02416666666666667
WxXmlOutIVideoMessageTest:0.01
WxXmlOutTextMessageTest:0.01
WxXmlOutIVoiceMessageTest:0.01
WxXmlOutImageMessageTest:0.01
