Builder:0.5866666666666667
HttpUrl:0.52
HttpUrlTest:0.3433333333333333
