JSONLexerBase:0.5566666666666666
JSONScanner:0.42
ASMDeserializerFactory:0.2966666666666667
LongNullTest:0.15666666666666668
IntegerNullTest:0.15666666666666668
LongFieldTest_2_stream:0.14666666666666667
