Caffeine:0.32666666666666666
AbstractSamplingPolicy:0.2733333333333333
IsCacheReserializable:0.26666666666666666
LocalLoadingCache:0.2633333333333333
AbstractLinkedPolicy:0.21333333333333335
UnboundedLocalLoadingCache:0.18666666666666668
BoundedLocalLoadingCache:0.18666666666666668
