BitmapFontData:0.45
FreeTypeFontGenerator:0.36333333333333334
FileHandle:0.3466666666666667
BitmapFont:0.3433333333333333
BitmapFontCache:0.32166666666666666
FreeTypeBitmapFontData:0.2866666666666667
Library:0.16333333333333333
FreeTypePackTest:0.16
BitmapFontDistanceFieldTest:0.13
BitmapFontLoader:0.10666666666666667
BitmapFontTest:0.1
FreetypeFontLoader:0.09666666666666666
LwjglDebugStarter:0.09333333333333334
FreeTypeFontParameter:0.07
