PartitionMigrationEvent:0.5166666666666667
MigrationOperation:0.44333333333333336
MigrationRequestOperation:0.3466666666666667
BaseMigrationOperation:0.18333333333333332
RepartitioningTask:0.14666666666666667
PartitionCorrectnessTestSupport:0.14666666666666667
AssertPartitionTableTask:0.08333333333333333
