TestAccumuloDistributedQueries:0.44333333333333336
TestMySqlDistributedQueries:0.44333333333333336
TestCassandraDistributed:0.34
