RequestPacketExtension:0.8566666666666667
ActivitiesPacketExtension:0.4533333333333333
JupiterReceiver:0.18333333333333332
