ReplaySession:0.51
ArchiveConductor:0.4155555555555555
ReplaySessionTest:0.4033333333333333
