EditView:0.48333333333333334
CommitRequestedEvent:0.32
Editor:0.2812222222222222
ActionSave:0.2733333333333333
AdvancedEditor:0.23333333333333334
BasicEditor:0.22333333333333333
