ObjectMapProxy:0.5233333333333333
MapTest:0.52
MapProxySupport:0.37333333333333335
DefaultRecordStore:0.3466666666666667
