ObjectStreamClass:0.4166666666666667
URL:0.3566666666666667
Properties:0.29333333333333333
NetFactory:0.20111111111111113
NioUtils:0.19333333333333333
BeansFactory:0.16444444444444445
