UniqueIdParts:0.7133333333333334
SpecificationResolver:0.4633333333333333
