MultiLayerNetwork:0.5666666666666667
MultiLayerConfiguration:0.38
GravesLSTM:0.31666666666666665
Builder:0.24
GRU:0.22333333333333333
BaseRecurrentLayer:0.13666666666666666
MultiLayerTestRNN:0.13333333333333333
ListBuilder:0.12
