ActorNetworkRunner:0.42
BaseHazelCastStateTracker:0.42
ActorNetworkRunnerApp:0.33
Ec2BoxCreator:0.2833333333333333
ClusterSetup:0.22333333333333333
