Settlement:0.44
MalfunctionManager:0.42333333333333334
Vehicle:0.41
Mars:0.34
Unit:0.29333333333333333
GroundVehicle:0.2522222222222222
EVASuit:0.23
Rover:0.13666666666666666
Greenhouse:0.12666666666666668
MaintenanceGarage:0.12
ExplorerRover:0.11
InsituResourceProcessor:0.11
Laboratory:0.10666666666666667
TransportRover:0.09
Infirmary:0.06333333333333334
Equipment:0.04666666666666667
Structure:0.04666666666666667
