Enhancer:0.4633333333333333
EnhancerGenerator:0.44
TestEnhancer:0.41
EnhancerClassKey:0.15694444444444444
