GwtMenuHelper:0.5133333333333333
GroupInfoPlus:0.4866666666666667
ManageGroupsDlg:0.36666666666666664
GroupActionCell:0.36666666666666664
VibeDataTableConstants:0.06333333333333334
