Block:0.6231111111111111
Script:0.47333333333333333
Wallet:0.3275
Peer:0.2911111111111111
FullPrunedBlockChain:0.21
ScriptTest:0.20333333333333334
AbstractBlockChain:0.19
BlockChainTest:0.18666666666666668
