Builder:0.5966666666666667
SimpleAsyncHttpClient:0.5033333333333333
ResumableAsyncHandler:0.27
FileBodyConsumer:0.18
ResumableBodyConsumerAsyncHandler:0.056666666666666664
