MatchQuery:0.54
CrossFieldsQueryBuilder:0.2377777777777778
MultiMatchQuery:0.23333333333333334
MultiMatchQueryIT:0.22333333333333333
QueryBuilder:0.21333333333333335
