ParamValueCard:0.5766666666666667
ParameterPanel:0.44666666666666666
ParameterListModel:0.32
