NodeExtension:0.7191666666666666
ClusterServiceImpl:0.5066666666666667
DefaultNodeExtension:0.2586984126984127
