Utils:0.7933333333333333
NV_fence:0.30742063492063487
