MediaUtils:0.5166666666666667
BitmapUtils:0.3333333333333333
MediaGridAdapter:0.25166666666666665
