SrcFrameHandler:0.777888888888889
RcvFrameHandler:0.44666666666666666
AdminThread:0.3466666666666667
EventLoopTest:0.32666666666666666
LibraryFacade:0.25416666666666665
MediaDriverFacade:0.25416666666666665
MediaDriver:0.0
