LuceneDocCollector:0.47
JobCollectContext:0.4633333333333333
JobCollectContextTest:0.3433333333333333
ShardCollectService:0.24666666666666667
