ServiceDependentOsgiBundleXmlApplicationContext:0.77
DependencyListener:0.36666666666666664
ServiceDependentOsgiBundleContextTest:0.24333333333333335
