ShamResource:0.4
RubyParser:0.4
ShamRubyParser:0.3433333333333333
TC_IndexUpdater:0.25666666666666665
RubyCore:0.21333333333333335
TC_MassIndexUpdater:0.14666666666666667
TC_RdtCompiler:0.13666666666666666
MassIndexUpdater:0.12666666666666668
ProjectFileFinder:0.11
ShamResourceProxy:0.10333333333333333
RubySourceFileCollectingVisitor:0.043333333333333335
ShamNode:0.03666666666666667
TS_CoreBuilder:0.03333333333333333
TC_RubyParser:0.0033333333333333335
ListUtil:0.0
