SearchResultsPanel:0.43333333333333335
SubmitSearchHandler:0.39166666666666666
SearchTreeTableSelectionListener:0.2635
