Interpolation:0.7016825396825397
TableLayout:0.6713888888888889
