EbrimGenericSearchDaoTest:0.6833333333333333
EbrimGenericSearchDao:0.22333333333333333
