ThreadInfo:0.7066666666666667
ThreadList:0.39
JVM:0.30666666666666664
