ClusterImpl:0.5366666666666666
AuthorizationCall:0.3566666666666667
AddOrRemoveConnection:0.27666666666666667
MigrationNotification:0.1577777777777778
