NlpAnalysis:0.5866666666666667
InitDictionary:0.31333333333333335
UserDefineLibrary:0.26
NlpTest:0.17666666666666667
NlpDemo:0.12333333333333334
