JobRepository:0.8833333333333333
SimpleJobRepository:0.24666666666666667
SimpleJobRepositoryIntegrationTests:0.20333333333333334
JobRepositorySupport:0.19555555555555554
SimpleJobRepositoryTests:0.18
SimpleJob:0.17777777777777778
JdbcJobRepositoryTests:0.16333333333333333
