ShardStatsTable:0.52
QueryVisitor:0.43333333333333335
AsyncBroadcastAction:0.33
ShardStatsTest:0.18666666666666668
