CDKManager:0.6233333333333333
ICDKManager:0.43333333333333335
CDKManagerTest:0.28
