RuleTransition:0.7533333333333333
GraphState:0.5333333333333333
Call:0.43333333333333335
Frame:0.43
GraphTransition:0.4083333333333333
CtrlParser:0.38333333333333336
GTS:0.37333333333333335
Step:0.36333333333333334
CtrlSchedule:0.35333333333333333
Switch:0.3233333333333333
ExprLexer:0.27666666666666667
CtrlPar:0.25
ExprParser:0.24666666666666667
Term:0.24333333333333335
CtrlLexer:0.23583333333333334
LTSJModel:0.22666666666666666
CtrlFrame:0.22337301587301586
CtrlTree:0.22333333333333333
CtrlHelper:0.22
CtrlBuilder:0.21666666666666667
LTSJEdge:0.21666666666666667
CtrlTransition:0.21666666666666667
CtrlChecker:0.21666666666666667
SwitchStack:0.21555555555555553
RuleTransitionLabel:0.21
RuleTree:0.20666666666666667
LTSLabels:0.20333333333333334
GTSCounter:0.2
AbstractGraphState:0.19666666666666666
CtrlState:0.19333333333333333
SaveLTSAsDialog:0.19
Wild:0.18642857142857144
ShapeNextState:0.18333333333333332
DefaultRuleTransition:0.18333333333333332
RecipeTest:0.18333333333333332
TikzStylesExtractor:0.18166666666666667
DefaultGraphNextState:0.18
RecipeTransition:0.18
ExploreData:0.18
StatisticsReporter:0.17
LTSJVertex:0.16666666666666666
CtrlStep:0.16166666666666665
CallStack:0.14666666666666667
StatisticsListener:0.14166666666666666
VisibleValue:0.12333333333333334
CalledAction:0.07
