Hours:0.2833333333333333
Weeks:0.2833333333333333
Minutes:0.2833333333333333
Days:0.2833333333333333
Seconds:0.2833333333333333
Years:0.18666666666666668
Months:0.18666666666666668
TestMonths:0.15666666666666668
TestYears:0.15666666666666668
TestHours:0.14666666666666667
TestWeeks:0.14666666666666667
TestDays:0.14666666666666667
TestMinutes:0.14666666666666667
TestSeconds:0.14666666666666667
