CSSStyleDeclaration:0.6466666666666666
CSSStyleDeclarationTest:0.2866666666666667
