DaoAuthenticationProviderTests:0.39666666666666667
DaoAuthenticationProvider:0.39666666666666667
UserCache:0.3647777777777778
EhCacheBasedUserCacheTests:0.19666666666666666
EhCacheBasedUserCache:0.15666666666666668
NullUserCacheTests:0.10555555555555554
NullUserCache:0.06666666666666667
MockUserCache:0.04416666666666667
