ClientMessage:0.6433333333333333
ClientDelegatingFuture:0.3933333333333333
ClientMessageTest:0.3
ClientMapIssueTest:0.3
DelegatingExecutionCallback:0.2277777777777778
