ContinuationFlowExecutionRepository:0.39
AbstractConversationFlowExecutionRepository:0.31333333333333335
DefaultFlowExecutionRepository:0.2833333333333333
AbstractFlowExecutionRepository:0.23666666666666666
ClientContinuationFlowExecutionRepository:0.20333333333333334
