ProcessEditorBase:0.7933333333333333
DrawAfterPasteCommand:0.32666666666666666
