QueryStrategy:0.5333333333333333
ValueTag:0.35333333333333333
QueryTag:0.30666666666666664
MakumbaTag:0.2866666666666667
RootQueryStrategy:0.2642777777777778
FormTagBase:0.24555555555555553
InputTag:0.17666666666666667
NullableValueSecondaryStrategy:0.17166666666666666
SetValueStrategy:0.12666666666666668
NullableValueStrategy:0.09
