BufferedImageMonochromeBitmapSource:0.38
RGBMonochromeBitmapSource:0.27
AWTImageMonochromeBitmapSource:0.20333333333333334
BaseMonochromeBitmapSource:0.17666666666666667
YUVMonochromeBitmapSource:0.13666666666666666
LCDUIImageMonochromeBitmapSource:0.13333333333333333
