JMXDataCollectionConfigFactory:0.5066666666666667
JMXCollector:0.35333333333333333
JMXNodeInfo:0.24666666666666667
JMXCollectorEntry:0.15
