ColorFunctions:0.36
TypeRegistry:0.2866666666666667
ServerMainModule:0.25
LiteralInterpreter:0.20333333333333334
TestingBlockEncodingManager:0.17
