ISharedProject:0.8933333333333333
EditorManager:0.5233333333333333
SharedProject:0.44666666666666666
FollowModeAction:0.23333333333333334
