AbstractEntityRegionAccessStrategyTestCase:0.41333333333333333
QueryRegionImplTestCase:0.30333333333333334
AbstractCollectionRegionAccessStrategyTestCase:0.2733333333333333
AccessStrategyTestSetup:0.23333333333333334
AbstractRegionImplTestCase:0.14333333333333334
