JbpmExecutionLogic:0.7233333333333334
CreateTimerAction:0.42833333333333334
BaseProcessFormAction:0.18666666666666668
TaskAssigner:0.17
