VehicleMaintenance:0.5366666666666666
BuildingManager:0.5166666666666667
RoverMission:0.31333333333333335
