ErrorMessages:0.8888333333333335
Scopes:0.53
ScopesTest:0.3333333333333333
