RewriteAgent:0.6166666666666667
ModuleInvocationSym:0.38666666666666666
DefinitionWindowManager:0.26666666666666666
RuleModel:0.23194444444444448
InvariantTestAgent:0.21
InvariantHypoAgent:0.2
InvariantFactorizationAgent:0.19
ConditionalMethodTestAgent:0.14666666666666667
ConditionalEquivalenceAgent:0.14666666666666667
LoopInstanceAgent:0.14333333333333334
ConditionalInvariantTestAgent:0.14333333333333334
MethodInvariantTestAgent:0.14333333333333334
MethodInstanceAgent:0.14333333333333334
