EventsBean:0.38
EditEvent:0.19333333333333333
Add:0.10777777777777776
EditNote:0.08333333333333333
EditSource:0.08333333333333333
TableWidget:0.056666666666666664
