BinaryXMLParser:0.36333333333333334
ResContainer:0.35
ValuesParser:0.26
EntryConfig:0.25
ResXmlGen:0.21666666666666667
ManifestAttributes:0.21333333333333335
ResTableParser:0.17
