Grammar:0.6
Lexer:0.21333333333333335
Parser:0.21333333333333335
