ClusteredServiceAgent:0.7666666666666667
ClientSession:0.6533333333333333
