Memo:0.5066666666666667
PlanMatchingVisitor:0.4866666666666667
PlanAssert:0.44666666666666666
Lookup:0.445888888888889
