ConnectionIterator:0.44666666666666666
ConnectionVisualPanel:0.38333333333333336
ConnectionDescriptor:0.32
ServerInstallPanel:0.25333333333333335
JBossConnectorChoiceVisualPanel:0.23666666666666666
JBossConnectorChoicePanel:0.23333333333333334
ClassPathListPanel:0.22
ClassPathListVisualPanel:0.22
ConnectorFinder:0.17205555555555557
ServerInstallVisualPanel:0.14333333333333334
JBossConnectorFinder:0.023333333333333334
