MultiMap:0.5533333333333333
IMap:0.5072222222222222
ClientMapProxy:0.3566666666666667
ClientMapReduceRequest:0.25666666666666665
ClientMultiMapProxy:0.24333333333333335
ProxyManager:0.24
MapProxyImpl:0.23666666666666666
ObjectMultiMapProxy:0.23333333333333334
ClientContext:0.09821428571428571
ReplicatedMapDataSerializerHook:0.04666666666666667
FactoryIdHelper:0.0
