GwtServerHelper:0.6233333333333333
LoginDlg:0.4066666666666667
GwtRpcServiceImpl:0.27666666666666667
