GTS:0.36333333333333334
CompositeEvent:0.29800000000000004
CompositeMatch:0.257
AbstractGraphTransitionStub:0.252
RuleJTree:0.24666666666666667
Search:0.24333333333333335
DefaultGraphNextState:0.24
AutFormat:0.21
VarNodeEdgeLinkedHashMap:0.19
MyMouseListener:0.15033333333333332
IntSignature:0.0
