CrawlURI:0.6766666666666666
StatisticsTracker:0.37666666666666665
CrawlController:0.19
ARCWriter:0.18
CrawlStateUpdater:0.16
FetcherDNS:0.12166666666666667
TimedQueue:0.11333333333333333
