NeuralNetworkViewFrameTopComponent:0.49333333333333335
EasyNeuronsViewController:0.4033333333333333
GraphComponent:0.36
JNeuralNetwork:0.2861111111111111
