DefaultPermissionFactory:0.34
PortMapperImpl:0.33666666666666667
DefaultSavedRequest:0.32666666666666666
ConcurrentSessionControlStrategy:0.21333333333333335
ObjectIdentityImplTests:0.20666666666666667
BasicLookupStrategyTests:0.2
SecurityConfigTests:0.19666666666666666
KeyBasedPersistenceTokenServiceTests:0.19666666666666666
AbstractAuthenticationTokenTests:0.19666666666666666
AfterInvocationProviderManagerTests:0.19666666666666666
TargetObject:0.19
PasswordEncoderParser:0.19
LoginUrlAuthenticationEntryPoint:0.18666666666666668
PortMapperImplTests:0.14666666666666667
PortResolverImpl:0.13666666666666666
RememberMeBeanDefinitionParser:0.13666666666666666
GrantedAuthorityImplTests:0.11333333333333333
ObjectIdentityRetrievalStrategyImplTests:0.09333333333333334
