VideoPlayerView:0.5691666666666667
ImageTileEncoder:0.35
ImageTileDecoder:0.16666666666666666
PreferenceInitializer:0.15
