Map2SVG:0.4866666666666667
ElementAttributes:0.4766666666666667
StyleSheetHandler:0.2633333333333333
ElementUtils:0.15333333333333332
