View:0.5166666666666667
Module:0.45666666666666667
MetaModel:0.4122222222222222
MetaProperty:0.41
MetaView:0.36666666666666664
Result:0.2833333333333333
ModelParser:0.24
AnnotatedClassParser:0.23
ApplicantTest:0.19
Worker:0.17
EditorTag:0.15833333333333333
WorkInvoice:0.09666666666666666
WorkInvoiceTest:0.043333333333333335
XmlElementsNames:0.0
