Loggers:0.75
InternalEngineTests:0.43
ClusterServiceTests:0.30666666666666664
UpdateSettingsIT:0.2866666666666667
EvilLoggerTests:0.18666666666666668
