IndicesClusterStateService:0.47
NodeMappingRefreshRequest:0.4666666666666667
NodeMappingRefreshAction:0.22847619047619047
MetaDataMappingService:0.18
PutMappingExecutor:0.14
NodeMappingRefreshTransportHandler:0.1
RefreshTask:0.016666666666666666
