PbufferTest:0.303
FullScreenWindowedTest:0.303
HWCursorTest:0.25366666666666665
MouseTest:0.24966666666666668
ControllerTest:0.24966666666666668
MouseCreationTest:0.17700000000000002
KeyboardTest:0.17700000000000002
PositionTest:0.17700000000000002
ControllerCreationTest:0.17700000000000002
MovingSoundTest:0.165
WindowCreationTest:0.09833333333333333
