LagartoDOMBuilder:0.5333333333333333
LagartoParser:0.4266666666666667
LagartoDOMBuilderTagVisitor:0.26666666666666666
HtmlImplicitClosingRuleTest:0.2
LagartoParserTest:0.18833333333333332
MalformedTest:0.17333333333333334
DomTreeTest:0.15333333333333332
DomXmlTest:0.15
ParsingProblemsTest:0.14166666666666666
LagartoNodeHtmlRendererTest:0.13333333333333333
JerryParserTest:0.12333333333333334
JerryCustomTest:0.10333333333333333
