WebApplication:0.5233333333333333
ServletConfigInterceptor:0.43666666666666665
ResultsManager:0.335
ServletConfigAltInterceptor:0.22666666666666666
InterceptorsManagerTest:0.17
WrapperManager:0.15333333333333332
