ConnectionNode:0.6811111111111111
DashboardManager:0.4633333333333333
