AgeComboBox:0.47
GreenLabTopologyPanel:0.45
ColorBox:0.4066666666666667
GreenLabGeometryPanel:0.13333333333333333
