HTMLTableRowElement:0.7432222222222222
HTMLTableSectionElement:0.41433333333333333
