TestCacheInstanceManager:0.47
CacheTestCaseBase:0.44
PessimisticEntityReplicationTest:0.43666666666666665
DualNodeTestCaseBase:0.31666666666666665
