LogFailTester:0.57
JUTestServer:0.27
JUTestClient:0.27
JUTestServerFlooding:0.17666666666666667
JUTestElvinURI:0.14333333333333334
JUTestNotification:0.11
