URL:0.6433333333333333
SettingsTest:0.2833333333333333
StrutsConstants:0.18833333333333332
