TransactionalMapProxy:0.4633333333333333
TransactionalMapProxySupport:0.44444444444444436
SortLimitTest:0.4033333333333333
