SimpleDicomElement:0.48
AbstractDicomObject:0.42
VRMap:0.33666666666666667
DicomOutputStream:0.3080555555555556
SAXWriter:0.2633333333333333
