HivePageSink:0.6755555555555556
HiveMetadata:0.45666666666666667
AbstractTestHiveClient:0.38666666666666666
HiveMetadataFactory:0.28
HivePageSinkProvider:0.18444444444444444
