RScoredSortedSet:0.7256944444444445
RedissonScoredSortedSet:0.47333333333333333
RScoredSortedSetAsync:0.2275
RedissonScoredSortedSetTest:0.17666666666666667
RedisCommands:0.06333333333333334
