TaskExecutor:0.5033333333333333
TaskExecutorSimulator:0.27222222222222225
TestExpressionCompiler:0.27
CachingCassandraSchemaProvider:0.25666666666666665
SqlQueryManager:0.25666666666666665
CassandraSplitManager:0.22
SqlTaskManager:0.2
AbstractSvmModel:0.2
TestSqlStageExecution:0.18
TestSqlTaskExecution:0.10666666666666667
