DemoService:0.8533333333333334
DemoServiceImpl:0.761611111111111
