UncompressedPositionBlockCursor:0.6483333333333333
MaskedBlockCursor:0.4633333333333333
TestUncompressedPositionBlock:0.3
