MethodTranslator:0.5795555555555555
ClassFileConverterTest:0.3722222222222222
