TextRenderer3D:0.56
GLDisplay:0.40555555555555556
TextBlock:0.35333333333333333
