Timeline:0.038025334
TimelinePropertyBuilder:0.037910555
TimelineEngine:0.012328143
UIToolkitHandler:0.011948076
