ViewNamesOrRolesNamesFromTeamMember:0.6835555555555556
TeamTest:0.08666666666666668
