MockMvcRequestSpecificationImpl:0.6896666666666667
RestAssuredMockMvc:0.31333333333333335
RequestLoggingTest:0.17666666666666667
