ServerWrapper:0.3933333333333333
AbstractWidget:0.39
ServerDisplay:0.3233333333333333
ARINCMapVertSource:0.2866666666666667
ARINCMapHorzSource:0.2866666666666667
ARINCWatchDog:0.2866666666666667
AbstractInteractiveWidget:0.26
ARINCBroadcastReceiver:0.26
ARINCCursorOver:0.25
ARINCPictureToggleButton:0.24666666666666667
ARINCComboBoxEdit:0.24666666666666667
ARINCTabbedPanelGroup:0.24666666666666667
ARINCToggleButton:0.24666666666666667
ARINCCheckButton:0.24666666666666667
ARINCEditBoxMultiline:0.24666666666666667
ARINCEditBoxText:0.24666666666666667
AbstractInteractiveContainer:0.20666666666666667
ARINCPicturePushButton:0.19666666666666666
ARINCEditBoxNumericBCD:0.19666666666666666
ARINCSlider:0.19666666666666666
ARINCEditBoxNumeric:0.19666666666666666
ARINCPushButton:0.19666666666666666
ARINCCursorOverlay:0.14333333333333334
ARINCActiveArea:0.13666666666666666
NewPushButton:0.11333333333333333
TestWidget:0.11333333333333333
