ArticleBean:0.42333333333333334
BeanFactory:0.33666666666666667
RegenerateFullTextIndices:0.31333333333333335
PubSourceBean:0.23666666666666666
PubSourceTable:0.1761111111111111
SearchAll:0.16
SearchAllObjects:0.07888888888888888
PubSourceIterator:0.06333333333333334
PubProperties:0.05
ArticleIterator:0.043333333333333335
NullPubSourceBean:0.026388888888888885
