Types:0.6433333333333333
Visitor:0.39666666666666667
TypeSerde:0.24666666666666667
ColumnMetadataMapper:0.12333333333333334
TableColumnMapper:0.11
