ConfigurationUtils:0.49333333333333335
TrackingResultProcessor:0.33666666666666667
PipelineFactoryTests:0.25666666666666665
Factory:0.1325
SimulateExecutionServiceTests:0.09916666666666667
TrackingResultProcessorTests:0.08666666666666667
