QueryExecution:0.7533333333333333
QueryTag:0.5333333333333333
