Shell:0.39666666666666667
OperatingSystem:0.32166666666666666
SystemShell:0.27666666666666667
ConsoleTextField:0.19444444444444445
Generic:0.11944444444444442
Windows:0.11944444444444442
Unix:0.06555555555555555
