IfXTableEntry:0.31666666666666665
IfTableEntry:0.31666666666666665
IfTable:0.2733333333333333
IfXTable:0.2733333333333333
IpAddrTableEntry:0.2363888888888889
SnmpIfCollector:0.235
SnmpNodeCollector:0.21333333333333335
IpAddrTable:0.20555555555555555
SystemGroup:0.12
