ObjectKeys:0.7930555555555554
DashboardHelper:0.47
FilterHelper:0.38333333333333336
TreeTag:0.3333333333333333
