QSARFormEditor:0.4
TypeOneDetailsPage:0.27666666666666667
ScrolledPropertiesBlock:0.23666666666666666
IModelListener:0.23333333333333334
TypeTwoDetailsPage:0.21333333333333335
SimpleFormEditor:0.21
TypeOne:0.19
MoleculesPage:0.16333333333333333
SimpleModel:0.13666666666666666
TypeTwo:0.13
QSAREditor:0.07
NamedObject:0.06666666666666667
MasterDetailsPage:0.015833333333333335
SimpleFormEditorInput:0.0
