FieldTypeHelper:0.5133333333333333
AbstractSubSelect:0.36
DefaultBindContext:0.21666666666666667
ParameterImpl:0.2
UDTFieldImpl:0.2
ArrayConstant:0.19
