CgpDispatcher:0.4866666666666667
ChildNodesDifferenceListener:0.3466666666666667
CGPServerTest:0.28
JeevesTest:0.25666666666666665
HasChildNodesDifferenceListener:0.03666666666666667
