RetryTemplate:0.5033333333333333
ServiceDynamicInterceptor:0.49666666666666665
OsgiServiceProxyFactoryBean:0.39666666666666667
OsgiServiceDynamicInterceptorTest:0.20333333333333334
OsgiServiceProxyEqualityTest:0.18666666666666668
JdkProxyTest:0.18333333333333332
OsgiBundleScopeTest:0.15666666666666668
RefContainer:0.14253968253968255
OsgiSingleServiceProxyFactoryBeanTest:0.13666666666666666
OsgiServiceDynamicInterceptorListenerTest:0.13666666666666666
RetryTemplateTest:0.12333333333333334
ServiceProxyTst:0.12333333333333334
OsgiServiceDynamicInterceptorSyntheticEventsTest:0.11666666666666667
ServiceRefAwareWithSingleServiceTest:0.11333333333333333
ServiceProxyFactoryBeanTest:0.11
ReferenceInterruptTest:0.1
EventSenderRetryTemplate:0.05
