CommentModerationPlugin:0.6016666666666667
TrackbackModerationPlugin:0.5133333333333333
