Ois:0.67
OisJoystick:0.5622222222222222
DesktopControllersBuild:0.38666666666666666
OisTest:0.18666666666666668
