DatabaseInfo:0.6344444444444444
ModelComparator:0.3777777777777778
SqliteDdlBuilder:0.2966666666666667
