UIData:0.4766666666666667
TaskListing:0.44666666666666666
DataTableFolderViewBase:0.34
GwtMenuHelper:0.3333333333333333
FolderViewBase:0.22333333333333333
