TicketRegistryProperties:0.4066666666666667
DynamoDbTicketRegistryFacilitator:0.35
MongoServiceRegistryDaoTests:0.25333333333333335
MongoServiceRegistryDao:0.24333333333333335
DynamoDbTicketRegistryConfiguration:0.22666666666666666
InetAddressUtils:0.14
ServiceRegistryProperties:0.11666666666666667
