PlannerTest:0.31
GroupByAggregateTest:0.28
QueryAndFetchConsumer:0.26
ESCountConsumer:0.21333333333333335
NonDistributedGroupByConsumer:0.21333333333333335
QueryThenFetchConsumer:0.21333333333333335
ReduceOnCollectorGroupByConsumer:0.21333333333333335
DistributedGroupByConsumer:0.21333333333333335
ESGetConsumer:0.21333333333333335
Visitor:0.20666666666666667
GlobalAggregateConsumer:0.2
UpdateConsumer:0.16666666666666666
ConsumingPlanner:0.13333333333333333
TestModule:0.07333333333333333
