XMLLogHelper:0.5133333333333333
CMSynergyModification:0.4816666666666667
ChangeRequest:0.36527777777777787
CurrentBuildStatusFTPListener:0.33166666666666667
