Definition:0.9066666666666666
Folder:0.45666666666666667
DefinitionUtils:0.25666666666666665
SAbstractForumController:0.19666666666666666
WebKeys:0.12883333333333333
ViewController:0.11
