TokenCredential:0.67
PersonDirectoryPrincipalResolver:0.49
TokenWrapperAuthenticationHandler:0.08666666666666667
TokenAuthenticationHandler:0.02
AbstractAuthenticationHandler:0.013333333333333334
TokenAuthenticationAction:0.0038888888888888883
