JCPMultiPageEditor:0.69
JCPEditor:0.6066666666666667
CreateSmilesAction:0.21666666666666667
