Jsr250SecurityAnnotationAttributes:0.30666666666666664
ConfigUtils:0.2866666666666667
Jsr250SecurityAnnotationAttributesTests:0.27
Jsr250AnnotationDrivenBeanDefinitionParserTests:0.23
Jsr250SecurityConfig:0.17555555555555555
AnnotationDrivenBeanDefinitionParser:0.15
UserAllowedClass:0.03
DenyAllClass:0.03
Jsr250Voter:0.016666666666666666
