Item:0.46
ItemFactory:0.23333333333333334
AddressFactory:0.18333333333333332
Relationship:0.17333333333333334
MessengerAddress:0.11333333333333333
PhoneAddressFactory:0.07666666666666666
ListFactory:0.07666666666666666
BusinessFactory:0.07666666666666666
Server:0.07666666666666666
MailAddressFactory:0.07666666666666666
EmailAddressFactory:0.07666666666666666
PersonFactory:0.07666666666666666
MessengerAddressFactory:0.03333333333333333
