Token:0.62
IntervalSet:0.6177777777777778
ATN:0.47333333333333333
ATNState:0.38333333333333336
ParserATNFactory:0.27666666666666667
BaseRecognizer:0.27666666666666667
DefaultErrorStrategy:0.25333333333333335
LexerATNFactory:0.18333333333333332
LL1Analyzer:0.15
