XmlFlowBuilder:0.36
Flow:0.3233333333333333
BeanFactoryFlowVariable:0.25333333333333335
ActionList:0.25
TransitionSet:0.24666666666666667
StateExceptionHandlerSet:0.2
FlowTests:0.14333333333333334
