EditBlogTemplatesPlugin:0.5833333333333334
EditBlogPropertiesPlugin:0.5666666666666667
