SyntaxTreeViewer:0.6733333333333333
AnnotationSetImpl:0.6433333333333333
