Factory:0.6986666666666667
EnhancerGenerator:0.31666666666666665
Generator:0.2866666666666667
TestEnhancer:0.2833333333333333
ConstructorProxy:0.27
Enhancer:0.22333333333333333
ConstructorIntercept:0.06416666666666666
