TestAlternateLocation:0.6411111111111112
TestStrUtil:0.4088888888888889
PhexTestSuite:0.32
