NLT:0.88
BuildDefinitionDivs:0.29333333333333333
DisplayConfiguration:0.29333333333333333
ViewController:0.20333333333333334
