AnnotationInvocationHandler:0.36333333333333334
ForComplexArray:0.3233333333333333
RawTypeValue:0.31666666666666665
ForAnnotation:0.2633333333333333
ForConstant:0.25333333333333335
ForEnumeration:0.24333333333333335
ForType:0.24083333333333334
AbstractBase:0.22666666666666666
RawEnumerationValue:0.17333333333333334
RawAnnotationValue:0.16666666666666666
Latent:0.12333333333333334
RawComplexArray:0.06333333333333334
