TimeConverterTest:0.5366666666666666
TimeConverter:0.37666666666666665
About2To24Hours:0.23666666666666666
TimeConvertedTest:0.14666666666666667
From2To12Month:0.14
From2To29Days:0.14
From2To44Minutes:0.14
OverTwoYears:0.10461111111111111
