RpcContext:0.5066666666666667
Constants:0.416984126984127
RpcUtils:0.2811111111111111
AbstractInvoker:0.26666666666666666
