Event:0.6666666666666666
PopStateEvent:0.4266666666666667
HTMLDocument:0.36
PopStateEventTest:0.09
