CacheTest:0.5933333333333334
HttpEngine:0.5033333333333333
HttpOverSpdyTest:0.35333333333333333
Http2xStream:0.3233333333333333
