RegisteredServiceEditBean:0.5633333333333334
RegisteredServiceSimpleFormControllerTests:0.41333333333333333
RegisteredServiceSimpleFormController:0.2833333333333333
