HierarchicalRolesTestHelper:0.5
RoleHierarchyImpl:0.4977777777777778
RoleHierarchyImplTests:0.25666666666666665
TestHelperTests:0.05333333333333334
