ComposedModel:0.9133333333333333
ModelDeserializer:0.2966666666666667
