Workbench:0.6066666666666667
WorkbenchAction:0.3466666666666667
Menu:0.3466666666666667
Toolbar:0.29333333333333333
ActionSave:0.25666666666666665
