HtmlImage:0.5961111111111111
HTMLImageElementTest:0.15266666666666664
