Crop:0.38333333333333336
InflatableGreenhouse:0.32
UnitManager:0.2866666666666667
Mind:0.25666666666666665
CropXmlReader:0.2122222222222222
