AbstractBenchmark:0.4216666666666667
BenchmarkSuite:0.3933333333333333
BinaryOperatorBenchmark:0.18333333333333332
PredicateFilterBenchmark:0.18333333333333332
DictionaryAggregationBenchmark:0.18333333333333332
DicRleGroupByBenchmark:0.18333333333333332
