CacheTest:0.5933333333333334
HttpEngine:0.3566666666666667
HttpOverSpdyTest:0.35333333333333333
Http2xStream:0.31
