AjaxController:0.5466666666666666
WebKeys:0.28977777777777775
ViewController:0.2
ViewChangeLogController:0.2
