GeneralGnutellaNetwork:0.4166666666666667
GnutellaNetwork:0.39
NamedGnutellaNetwork:0.20666666666666667
