ItemDechunker:0.5266666666666666
ItemOrientedStep:0.42333333333333334
ItemChunker:0.33
ItemOrientedStepTests:0.29333333333333333
ChunkedStepTests:0.2733333333333333
ItemDechunkerTests:0.19
MockItemReader:0.15833333333333333
StepExecutorInterruptionTests:0.15
RepeatOperationsStepTests:0.13
