DOTranslationUtility:0.6966666666666667
FOXMLDOSerializer:0.4766666666666667
