PlayAction:0.5333333333333333
ConsoleCommandLine:0.5183333333333333
FeedListDialog:0.2914285714285714
