TopologyViewTopComponent:0.6233333333333333
TopologyViewScene:0.5166666666666667
