PublicJmol:0.5233333333333333
Viewer:0.36333333333333334
