FeatureView:0.8016666666666666
CORBAAdapter:0.3933333333333333
AnnotationView:0.37333333333333335
