ActivityStreamCtrl:0.4666666666666667
GwtTeamingMessages:0.31666666666666665
ChildBindersWidget:0.24666666666666667
GwtMainPage:0.23333333333333334
UnreadEntriesDlg:0.1361111111111111
BinderPanel:0.12333333333333334
