ReactionEditor:0.4722222222222222
ReactionTreeEditPart:0.2633333333333333
MyFileDragSourceListener:0.21666666666666667
