TestCAKeystoreExportRemoveRestore:0.6783333333333333
CaRestoreKeyStoreCommand:0.36184920634920636
