EventListenersContainer:0.61
EventTarget:0.38333333333333336
MessagePort:0.22333333333333333
MessageChannelTest:0.16333333333333333
MessageChannel:0.15244444444444444
