TransactionManagerServiceImpl:0.51
TransactionProxy:0.39
TransactionImpl:0.3566666666666667
ClientTransactionManager:0.24333333333333335
RecoverTransactionRequest:0.20666666666666667
CreateTransactionRequest:0.16
