CallTest:0.51
Dispatcher:0.4776190476190476
DispatcherTest:0.32666666666666666
AsyncCall:0.195
