GraphTopologyHandler:0.6516666666666666
RadialLayout:0.4166666666666667
GraphOption:0.3433333333333333
