HtmlElement:0.5855555555555555
DomElement:0.5266666666666666
XmlElement:0.4166666666666667
