MapTransactionTest:0.3433333333333333
ClientTxnMapProxy:0.30666666666666664
TransactionalMapProxy:0.2966666666666667
ClientTxnMapTest:0.29
AbstractTxnMapRequest:0.27666666666666667
