SocketIOServer:0.6394444444444444
MemoryStoreFactory:0.4066666666666667
BaseStoreFactory:0.36666666666666664
