Queue:0.6508333333333334
Node:0.43666666666666665
Graph:0.3933333333333333
QueueCollection:0.32361111111111107
GraphQueueImpl:0.30666666666666664
GraphQueue:0.25333333333333335
