FakeApplication:0.7
FakeActivity:0.4066666666666667
FakeService:0.2633333333333333
