BlogArchiveCtrl:0.5133333333333333
BlogPageCtrl:0.5066666666666667
BlogFolderView:0.3855555555555556
