TestAgricolaFetcher:0.5571111111111111
TestMarcToMedline:0.4666666666666667
