Responder:0.5466666666666666
ResponderFactory:0.5033333333333333
