MqlQueryAnalysis:0.8133333333333334
InlineVisitor:0.3233333333333333
Pass1FunctionInliner:0.25333333333333335
