ARINCCSSDocumentHandler:0.8133333333333334
CSSPropertyHandler:0.4766666666666667
CSSPropertiesParser:0.21
ARINCCSSParser:0.17333333333333334
