RouteGuideClientTest:0.32666666666666666
ServerCallImplTest:0.30666666666666664
ServerCallImpl:0.29333333333333333
ServerCalls:0.23111111111111116
ServerStreamListenerImpl:0.21666666666666667
ServerCallRecorder:0.17404761904761906
ServerCallsTest:0.043333333333333335
