OCSPUtil:0.47
X509CA:0.38333333333333336
OCSPCAServiceRequest:0.3433333333333333
OCSPCAService:0.2866666666666667
OCSPServletBase:0.23333333333333334
SigningEntity:0.09
OCSPResponseItem:0.06
