MappedStatement:0.39666666666666667
Builder:0.38666666666666666
Configuration:0.32
MapperBuilderAssistant:0.29
MapperAnnotationBuilder:0.24333333333333335
CommonPropertyDeferLoadError:0.20666666666666667
XMLConfigBuilder:0.19666666666666666
Environment:0.12
DynamicContext:0.09333333333333334
XMLStatementBuilder:0.03666666666666667
SelectKeyHandler:0.0
