FacesSetupInterceptor:0.5366666666666666
FacesResult:0.44666666666666666
StrutsVariableResolver:0.22
WelcomeTest:0.13333333333333333
