QueryManagerService:0.7669444444444444
SwitchClassNodeWidgetFilterAction:0.33666666666666667
