FsInfo:0.5066666666666667
DeviceStats:0.43333333333333335
FsInfoCache:0.31666666666666665
IoStats:0.25666666666666665
FsProbe:0.25333333333333335
NodePath:0.24333333333333335
ESFileStore:0.16666666666666666
DiskUsageTests:0.16333333333333333
MockInternalClusterInfoService:0.13666666666666666
FsService:0.07666666666666666
FsProbeTests:0.03
Fields:0.0
