NodeMessage:0.49
NodeIoFilter:0.25333333333333335
MinaNodeServer:0.24666666666666667
NodeServerFactory:0.23666666666666666
WriteMessageTask:0.21
IoBufferInputSource:0.1827777777777778
NodeIoHandler:0.15
IdleState:0.09333333333333334
SendingBundleState:0.08577777777777777
