PKIBody:0.8033333333333333
NestedMessageContentTest:0.2966666666666667
CmpMessageDispatcherSessionBean:0.12222222222222222
