RequestContext:0.5266666666666666
Flow:0.38666666666666666
TransitionModel:0.2866666666666667
AbstractMvcView:0.28
RequestControlContextImpl:0.2733333333333333
FlowModelFlowBuilder:0.24666666666666667
MockRequestContext:0.21333333333333335
XmlFlowModelBuilder:0.20666666666666667
FlowActionListener:0.19
ProgressiveUICommand:0.13666666666666666
FlowExecutionImpl:0.10333333333333333
JsfViewFactoryCreator:0.02666666666666667
TestViewFactoryCreator:0.02
