ColumnIdent:0.44333333333333336
Insert:0.2846666666666667
DocSchemaInfo:0.18666666666666668
TestStatementBuilder:0.18
LuceneDocCollector:0.15666666666666668
SimpleOneRowCollector:0.15
