Options:0.6666666666666666
UCropActivity:0.63
SampleActivity:0.27666666666666667
