CachingCassandraSchemaProvider:0.53
CassandraSession:0.5266666666666666
TestCachingCassandraSchemaProvider:0.33666666666666667
CassandraSplitManager:0.23333333333333334
