LongArray:0.4477777777777777
FloatArray:0.4477777777777777
IntArray:0.4477777777777777
