MadvocContainer:0.44
MadvocListenerDef:0.37
MadvocController:0.26
MadvocListener:0.25333333333333335
Ready:0.045182539682539685
Start:0.045182539682539685
Stop:0.045182539682539685
