DataType:0.6859444444444445
GenericDataTypeImpl:0.39666666666666667
SQL92SQLGenerator:0.2733333333333333
MySQLDialect:0.25333333333333335
Domain:0.25333333333333335
OracleSQLGenerator:0.2
MySQLReverseEngineeringStrategy:0.18944444444444444
