Beans:0.6301111111111111
LdapUtils:0.39
GoogleAuthenticatorAuthenticationHandler:0.26
IdPInitiatedProfileHandlerController:0.19333333333333333
