DetermineBoxSize:0.6633333333333333
GraphicsTreeElements:0.6233333333333333
ReportGraphicalTree:0.2966666666666667
