DB2MigrationMediumTest:0.7665555555555555
DerbyMigrationMediumTest:0.2388888888888889
