NettyClientStreamTest:0.37666666666666665
ClientCallImpl:0.33666666666666667
ClientCallImplTest:0.28
NettyClientStream:0.19
OkHttpClientStream:0.19
OkHttpClientStreamTest:0.08
