OptionsSettingsPane:0.67
GeneralUIPane:0.16
OptionsDialog:0.14
DirectorysPane:0.10333333333333333
LAFListCellRenderer:0.08
SharingPane:0.07333333333333333
DownloadPane:0.06666666666666667
BandwidthPane:0.06333333333333334
DirectoryOnlyFileFilter:0.05333333333333334
MainTextPane:0.051666666666666666
MultiLinePanel:0.023333333333333334
OptionsTreeCellRenderer:0.018333333333333333
GeneralTextPane:0.015
ActionViewOptions:0.006666666666666667
