Vss:0.7405555555555555
VssTest:0.48833333333333334
