LookupSource:0.4866666666666667
LookupJoinOperator:0.38
JoinHash:0.28
EmptyLookupSource:0.22666666666666666
IndexLookupSource:0.22666666666666666
OuterLookupSource:0.20083333333333334
TestHashJoinOperator:0.16333333333333333
PartitionedLookupSource:0.1275
