DatabaseMap:0.61
DatabaseTestBase:0.54
ShadowSQLiteOpenHelper:0.44333333333333336
ShadowSQLiteDatabase:0.26666666666666666
SQLiteDatabaseTest:0.22666666666666666
NullDatabaseMap:0.22
DatabaseConfig:0.14333333333333334
NullDatabaseMapTest:0.12666666666666668
SQLiteMap:0.07111111111111111
