LocalActorRegistry:0.33666666666666667
ServerTest:0.3333333333333333
SupervisorTest:0.22666666666666666
ProxyServerTest:0.22666666666666666
EventSourceTest:0.19666666666666666
