ChartsEngine:0.68
JFCChartsEngine:0.5133333333333333
RChartsEngine:0.37666666666666665
