MonochromeBitmapSource:0.63
BufferedImageMonochromeBitmapSource:0.38666666666666666
AbstractOneDReader:0.24666666666666667
CommandLineRunner:0.20333333333333334
MultiFormatReader:0.13888888888888887
MultiFormatUPCEANReader:0.13194444444444442
LCDUIImageMonochromeBitmapSource:0.12
YUVMonochromeBitmapSource:0.12
MultiFormatOneDReader:0.11972222222222222
