CompiledStatement:0.49816666666666665
BaseHashMap:0.43
CompiledStatementManager:0.3
BaseHashIterator:0.2916666666666667
Tokenizer:0.2891666666666667
Database:0.27666666666666667
IntValueHashMap:0.26666666666666666
Session:0.23666666666666666
DatabaseCommandInterpreter:0.22833333333333333
IntKeyIntValueHashMap:0.16666666666666666
KeySet:0.11333333333333333
Values:0.11333333333333333
