AbstractSamlProfileHandlerController:0.4666666666666667
AbstractSamlSPProperties:0.42
SSOPostProfileCallbackHandlerController:0.23666666666666666
SSOPostProfileHandlerController:0.18
SamlServiceProviderProperties:0.17666666666666667
SamlSPUtils:0.16
SLOPostProfileHandlerController:0.09666666666666666
ECPProfileHandlerController:0.03333333333333333
InCommon:0.0
