Lwjgl3Graphics:0.6583333333333333
GlfwTest:0.4166666666666667
Lwjgl3DebugStarter:0.12
LwjglDebugStarter:0.12
