SceneVisitor:0.51
Intersection:0.4066666666666667
GridClonerUnion:0.32666666666666666
LightModelProcessor:0.22855555555555554
SimpleUnion:0.08666666666666667
