Fiber:0.6733333333333333
ParkableForkJoinTask:0.31
FiberForkJoinTask:0.30666666666666664
FiberAsync:0.2833333333333333
FiberTimedScheduler:0.21333333333333335
