PurgeService:0.5066666666666667
Constants:0.47350000000000014
PurgeServiceSqlMap:0.3433333333333333
