AnnotationValue:0.5833333333333334
ForConstant:0.42
ForParameter:0.29892857142857143
Loaded:0.29
ForReturnValue:0.22142857142857145
PropertyDelegate:0.21666666666666667
AnnotationInvocationHandler:0.21
ForOrigin:0.20476190476190476
AbstractAnnotationDescriptionTest:0.19
ForBoxedDefaultValue:0.18166666666666667
ForTypeDescription:0.18
ForField:0.16642857142857143
ForThisReference:0.15976190476190477
RawDescriptionArray:0.15
RawTypeValue:0.15
ForDescriptionArray:0.13666666666666666
AbstractBase:0.0
