Event:0.8733333333333333
StatusEvent:0.36666666666666664
State:0.3566666666666667
NNMEvent:0.31666666666666665
EventForwarder:0.21787301587301589
EventQueue:0.21666666666666667
AbstractEventForwarder:0.17
