GlxRemoteChannel:0.54
LocalActor:0.44666666666666666
RemoteChannelReceiver:0.2733333333333333
RemoteProxyFactoryService:0.254
PeerTKB:0.24666666666666667
GlxRemoteActor:0.20333333333333334
Peer2:0.11
Peer1:0.11
GlxRemoteProxyFactory:0.009444444444444443
