Matcher:0.5283333333333333
PlanSearchStrategy:0.4053333333333333
MatcherFactory:0.31
