SearchItem:0.7866666666666666
EdgeRecord:0.43333333333333335
EdgeSearchItem:0.4266666666666667
AbstractRecord:0.42333333333333334
AbstractSearchItem:0.25
ConditionRecord:0.21666666666666667
OperatorEdgeSearchItem:0.21666666666666667
PlanData:0.2
RegExprEdgeRecord:0.19
VarEdgeRecord:0.18666666666666668
NodeSearchItem:0.16666666666666666
ConnectivityComparator:0.15666666666666668
GraphSearchPlanFactory:0.15333333333333332
InjectionSearchItem:0.13083333333333333
OperatorEdgeRecord:0.11333333333333333
DefaultConstant:0.11333333333333333
IsoMatchFactory:0.11333333333333333
ValueNodeSearchItem:0.11111111111111112
GrammarPlanData:0.11
WildcardEdgeSearchItem:0.09777777777777777
IndegreeComparator:0.09333333333333334
ValueNodeRecord:0.08666666666666667
RegExprEdgeSearchItem:0.08333333333333333
VarEdgeSearchItem:0.07333333333333333
ItemTypeComparator:0.07083333333333333
NegatedSearchItem:0.07
ControlLabelComparator:0.04666666666666667
WildcardEdgeRecord:0.03
IsoNodeSearchItem:0.02
NeededPartsComparator:0.01
InjectionRecord:0.0
