ATNConfigSet:0.5766666666666667
LexerATNSimulator:0.48333333333333334
ParserATNSimulator:0.4533333333333333
TestJavaLR:0.15333333333333332
