AuthenticationProperties:0.5
PasswordExpiringWarningMessageDescriptor:0.35
DefaultAccountStateHandler:0.25666666666666665
PasswordPolicyProperties:0.25666666666666665
CasCoreAuthenticationConfiguration:0.22333333333333333
PasswordPolicyConfiguration:0.18476190476190474
