ConfigUtils:0.47333333333333333
ProviderManager:0.43666666666666665
BeanIds:0.38777777777777783
HttpSecurityBeanDefinitionParser:0.22
AbstractPreAuthenticatedProcessingFilter:0.20666666666666667
ProviderManagerTests:0.19
MethodDefinitionSourceAdvisor:0.175
RememberMeBeanDefinitionParser:0.15
X509BeanDefinitionParser:0.11333333333333333
AnonymousBeanDefinitionParser:0.11
LdapProviderBeanDefinitionParser:0.08666666666666667
CustomAuthenticationProviderBeanDefinitionDecorator:0.08333333333333333
AuthenticationProviderBeanDefinitionParser:0.08333333333333333
AuthenticationManagerBeanDefinitionParser:0.02
