SerializeWriter:0.77
ASMSerializerFactory:0.2866666666666667
MediaSerializer:0.15333333333333332
