RadicalSiteRearrangementMechanism:0.28
RadicalSiteHrBetaReaction:0.2733333333333333
RadicalSiteHrGammaReaction:0.2733333333333333
RadicalSiteHrDeltaReaction:0.2733333333333333
RadicalSiteHrAlphaReaction:0.2733333333333333
MreactionTests:0.18666666666666668
RadicalSiteHrBetaReactionTest:0.13333333333333333
RadicalSiteHrAlphaReactionTest:0.13333333333333333
RadicalSiteHrGammaReactionTest:0.13333333333333333
RadicalSiteHrDeltaReactionTest:0.08666666666666667
