PosPanel:0.49166666666666664
Queue:0.45666666666666667
PrintManagerDialog:0.4033333333333333
PrintJob:0.36666666666666664
QueuedPrintJobInfo:0.3433333333333333
PrintFile:0.24666666666666667
Queues:0.19
PrintJobTableModel:0.16
PrintCreditCardList:0.15
QueueMonitor:0.14444444444444446
PrintQueue:0.14333333333333334
Test:0.1075
PrintQueueWithTableModel:0.09
PrintHandler:0.06966666666666667
FileHandler:0.04666666666666667
PrintedJobTableModel:0.043333333333333335
PDFPrintHandler:0.043333333333333335
PrintDocumentManager:0.043333333333333335
HandlerInterface:0.03666666666666667
