UndisposableRDFContainer:0.67
MimeSubCrawlerTest:0.43666666666666665
MimeSubCrawler:0.34
FilteringRDFContainerFactory:0.16333333333333333
