VideoPlayerView:0.4766666666666667
VideoSharingSession:0.38
VideoSharingPreferencePage:0.28111111111111114
VideoSharing:0.28
VideoDisplay:0.2
VideoCanvas:0.175
ImageDecoder:0.16333333333333333
ConnectionFactory:0.15722222222222224
PauseVideoSession:0.13333333333333333
StopVideoSession:0.12333333333333334
DecodingStatisticManager:0.09333333333333334
VideoSharingAction:0.09
ImageTileDecoder:0.08333333333333333
