ConvolutionalDBN:0.7405555555555555
DeepAutoEncoder:0.42266666666666663
