OptionElementFactory:0.44666666666666666
OptionDescriptor:0.416984126984127
OptionsPageBuilder:0.26
OptionDescriptorParser:0.26
