FlowVariableResolverTests:0.6366666666666667
MiscFlowExecutionTests:0.478888888888889
