RuleEvent:0.5833333333333334
Rule:0.5433333333333333
RuleEffect:0.52
BasicEvent:0.46
RuleApplication:0.46
AbstractEvent:0.23333333333333334
CompositeEvent:0.23333333333333334
RuleLevel2:0.23
CtrlTransition:0.20642857142857143
DefaultGraphTransition:0.19
SPOEventCache:0.18666666666666668
Parameters:0.18444444444444444
AbstractGraphTransitionStub:0.17333333333333334
TypeCheckTest:0.16666666666666666
DefaultGraphNextState:0.14666666666666667
StateSet:0.13666666666666666
ControlVariablesTest:0.11333333333333333
MatchApplier:0.1
Duo:0.07666666666666666
Predicate_ruleevent_created_node:0.06666666666666667
Predicate_ruleevent_created_edge:0.06666666666666667
Predicate_ruleevent_erased_edge:0.06666666666666667
Predicate_ruleevent_erased_node:0.06666666666666667
