FtpListing:0.9066666666666666
FileCheck:0.33666666666666667
