SeriesBean:0.43333333333333335
InstanceBean:0.30666666666666664
StudyBean:0.27666666666666667
ContentManagerBean:0.26666666666666666
