DriverConnectionManager:0.5333333333333333
AbstractTradeUpdater:0.43333333333333335
