AbstractTestQueries:0.54
MapConstructor:0.3566666666666667
MapTransformKeyFunction:0.24666666666666667
MapTransformValueFunction:0.19333333333333333
