Index:0.5866666666666667
Predicates:0.49666666666666665
QueryTest:0.48333333333333334
AbstractPredicate:0.1
