Stats:0.46
IngestInfo:0.45
ProcessorInfo:0.2966666666666667
IngestStats:0.21
SimulateProcessorResult:0.18333333333333332
IngestStatsTests:0.12
