AbstractMapItemList:0.35333333333333333
LayerTreeEditorCopyPaste5Test:0.27666666666666667
OverlayRendererTest:0.24333333333333335
ScenarioPanelTest:0.208
ScenarioManagerImpl_2Test:0.19666666666666666
SwingMapSymbol:0.18
JFXProjectedMapItemRenderer:0.13666666666666666
AbstractJFXProjectedMapItemRenderer:0.12
AbstractJFXLegendRenderer:0.02666666666666667
