ClassInjectorUsingLookupTest:0.43333333333333335
UsingLookup:0.3566666666666667
ForJava9CapableVm:0.31666666666666665
Dispatcher:0.25
JavaTypeTest:0.11333333333333333
