Wallet:0.69
AbstractBlockChain:0.2966666666666667
BlockChainTest:0.2833333333333333
AbstractBlockChainListener:0.18277777777777776
BlockChainListener:0.16444444444444442
NativeBlockChainListener:0.11994444444444445
