LocalSession:0.6273333333333333
CommunicationsStub:0.5266666666666666
