LazyBSONObject:0.8816666666666667
LazyBSONObjectTest:0.26666666666666666
