SideKick:0.8366666666666667
SideKickParser:0.83
SideKickBindings:0.17666666666666667
