ClientClusterServiceImpl:0.5766666666666667
ClusterListenerThread:0.5733333333333334
ClientIssueTest:0.21666666666666667
