InitService:0.5366666666666666
UserMgmtService:0.4066666666666667
LoginProcessor:0.3030555555555556
