SearchFilter:0.7966666666666666
SearchUtils:0.37666666666666665
MarkupUtil:0.3383333333333333
