SnmpPeerFactory:0.9066666666666666
Snmpv3PluginTest:0.36333333333333334
SnmpV3Plugin:0.19111111111111112
SnmpV3Monitor:0.14333333333333334
