Filter:0.4066666666666667
PollableService:0.3491666666666667
EventConfData:0.30333333333333334
SQLTranslation:0.2633333333333333
EventExpander:0.25
NotificationFactory:0.22916666666666666
