Medium:0.6737222222222222
MediumFormat:0.39666666666666667
MediumName:0.31333333333333335
Format:0.23688888888888887
MetaData:0.235
Identification:0.14416666666666667
Distributor:0.13666666666666666
StandardOrderProcess:0.13666666666666666
DigitalTransferOptions:0.13666666666666666
Distribution:0.04666666666666667
