ExpectedExceptionInterceptorTest:0.5233333333333333
ExpectedException:0.5066666666666667
ExpectedExceptionStatement:0.3611111111111111
ExpectsMatcher:0.10666666666666667
ExpectsMatcherFails:0.10666666666666667
