MetadataTools:0.7
RevisionInfoConfiguration:0.36666666666666664
AuditMetadataGenerator:0.2966666666666667
