DialogBanner:0.6133333333333333
NewDownloadDialog:0.5166666666666667
NewDownloadAction:0.17666666666666667
