CertificateProfile:0.6166666666666667
CA:0.6066666666666667
X509CA:0.38
SignSessionBean:0.26666666666666666
CertificateCreateSessionBean:0.17
CTExtensionCertGenParams:0.08316666666666667
CertificateCreateSessionLocal:0.052388888888888895
