Util:0.6366666666666667
URLConnectionTest:0.5833333333333334
Challenge:0.44666666666666666
Credentials:0.24555555555555558
HttpHeaders:0.22
JavaNetAuthenticator:0.13444444444444442
HeadersTest:0.11666666666666667
