Mode:0.7333333333333333
ModeProvider:0.49833333333333335
ModeCatalogHandler:0.17366666666666666
