Beans:0.528888888888889
LdapAuthenticationConfiguration:0.4766666666666667
LdapAuthenticationHandler:0.29
