StructureResonanceGeneratorTest:0.31833333333333336
PartialPiChargeDescriptor:0.26
ResonancePositiveChargeDescriptor:0.26
RearrangementCation2Reaction:0.22333333333333333
ResonancePositiveChargeDescriptorTest:0.19666666666666666
RearrangementCation1Reaction:0.19166666666666668
PartialPiChargeDescriptorTest:0.19
