Builder:0.7033333333333334
Close:0.52
Protos:0.39666666666666667
PaymentChannelServerState:0.30833333333333335
TwoWayChannelMessage:0.29333333333333333
TwoWayChannelMessageOrBuilder:0.2833333333333333
PaymentChannelClientState:0.2733333333333333
ChannelConnectionTest:0.20666666666666667
PaymentChannelServer:0.2
PaymentChannelClient:0.18
PaymentChannelStateTest:0.06833333333333333
CloseOrBuilder:0.03666666666666667
