Model:0.6533333333333333
TimelineView:0.2833333333333333
RulerRenderer:0.27666666666666667
ContentRenderer:0.2633333333333333
