DocTableInfo:0.5
TableInfo:0.49788888888888894
BlobTableInfo:0.27666666666666667
SysShardsTableInfo:0.24333333333333335
TestingTableInfo:0.24333333333333335
DocIndexMetaData:0.23666666666666666
PartitionName:0.21666666666666667
SysNodesTableInfo:0.17333333333333334
AbstractTableInfo:0.17
SysClusterTableInfo:0.15666666666666668
DocTableInfoBuilder:0.15666666666666668
InformationTableInfo:0.15666666666666668
ReferenceInfosITest:0.14333333333333334
