Controller:0.5216666666666666
ConvertorView:0.4166666666666667
OutputPanel:0.39666666666666667
ChargerFormats:0.15
