PA:0.5333333333333333
GlobalPathNumbering:0.31
Selector:0.26985714285714296
HeapPathSelector:0.15
VarPathSelector:0.14333333333333334
ObjectPathSelector:0.10333333333333333
