XJBSharedFile:0.41
XJBSharedFileImpl:0.33
Unmarshaller:0.279
XJBUpdateRequestImpl:0.23333333333333334
XJBGUISettingsImpl:0.23333333333333334
XJBPhexImpl:0.23333333333333334
XJBSecurityRuleImpl:0.23333333333333334
XJBSWDownloadCandidateImpl:0.23333333333333334
XJBSearchFilterImpl:0.23333333333333334
XJBSWDownloadFileImpl:0.23333333333333334
XJBSWDownloadSegmentImpl:0.22333333333333333
XJBGUITabImpl:0.22333333333333333
XJBGUITableColumnImpl:0.22333333333333333
XJBFavoriteHostImpl:0.22333333333333333
XJBGUITableListImpl:0.22333333333333333
XJBIPAccessRuleImpl:0.22333333333333333
XJBUpdateResponseImpl:0.21666666666666667
InfoTypeImpl:0.21333333333333335
VersionTypeImpl:0.21333333333333335
XJBGUITableImpl:0.18
XJBAlternateLocationImpl:0.18
XJBSearchFiltersImpl:0.17666666666666667
XJBGUITableColumnListImpl:0.17666666666666667
XJBSWDownloadListImpl:0.17666666666666667
XJBSecurityImpl:0.17666666666666667
XJBSharedLibraryImpl:0.17666666666666667
XJBFavoritesListImpl:0.17666666666666667
PhexElementImpl:0.16333333333333333
