Util:0.6333333333333333
TransferDescription:0.41
DataTransferManager:0.31
XMPPChatTransmitter:0.24666666666666667
JingleFileTransferManager:0.16
JingleFileTransferSession:0.15666666666666668
FileMediaManager:0.14666666666666667
IJingleFileTransferListener:0.14333333333333334
JingleTransferListener:0.10333333333333333
ReceiverThread:0.07333333333333333
IBBTransferListener:0.06666666666666667
DispatchingJingleFileTransferListener:0.03666666666666667
