SubversionRepository:0.42
TeamwareRepository:0.38333333333333336
MercurialRepository:0.3333333333333333
ExternalRepository:0.29333333333333333
