ResTableConfig:0.7366666666666667
ConfigDescriptionTest:0.45666666666666667
ConfigDescription:0.4033333333333333
LocaleValue:0.19666666666666666
