PartialPiChargeDescriptorTest:0.7766666666666666
GasteigerPEPEPartialCharges:0.4033333333333333
