Configuration:0.5233333333333333
RuntimeEnvironment:0.43666666666666665
JFlexXref:0.32
IndexDatabase:0.19
FileAnalyzer:0.15666666666666668
PlainAnalyzer:0.11666666666666667
