ClientQueueProxy:0.44333333333333336
QueueCodecTemplate:0.44
ClientQueueTest:0.3933333333333333
