CrmfRequestTest:0.43
CrmfRAPbeRequestTest:0.32666666666666666
CrmfMessageHandler:0.3
RevocationMessageHandler:0.15666666666666668
