ServiceTestHelper:0.5633333333333334
ExecutionServiceDelegateAssignTaskTest:0.2833333333333333
FileDefinition:0.2733333333333333
JbpmCommonLogic:0.2633333333333333
DefinitionServiceDelegateGetFormBytesTest:0.25
DefinitionServiceDelegateGetFormTest:0.25
ExecutionServiceDelegateCompleteTaskTest:0.24333333333333335
DefinitionServiceDelegateHasFormTest:0.24333333333333335
JbpmDefinitionLogic:0.24
ExecutionServiceDelegateSubstitutionAssignTaskTest:0.22666666666666666
DefinitionServiceDelegateGetSwimlaneNamesTest:0.21666666666666667
ExecutionServiceDelegateTimerTest:0.21333333333333335
ExecutionServiceDelegateGetTasksTest:0.2
JbpmExecutionLogic:0.18666666666666668
ExecutionServiceDelegateGetProcessDefinitionTest:0.13666666666666666
ExecutionServiceDelegateGetVariableNamesTest:0.12333333333333334
ExecutionServiceDelegateGetVariablesTest:0.08666666666666667
ExecutionServiceDelegateGetVariableTest:0.08666666666666667
