MacOSXDisplay:0.5933333333333334
MacOSXNativeMouse:0.39666666666666667
