BuchiGraph:0.8966666666666666
NASABuchiGraph:0.49333333333333335
LTL2BuchiGraph:0.36
