Receiver:0.6233333333333333
Context:0.5866666666666667
MediaConductorTest:0.23666666666666666
ReceiverTest:0.14333333333333334
