BuildTarget:0.7833333333333333
AntScriptGenerator:0.4755555555555555
GdxBuild:0.13
