ErrorCorrectionTestCase:0.44666666666666666
ErrorCorrection:0.4166666666666667
ReedSolomonDecoder:0.39666666666666667
