PlanNode:0.6266666666666667
PlannerTest:0.27666666666666667
Analyzer:0.2733333333333333
AnalyzerDispatcher:0.18166666666666667
Plan:0.17666666666666667
PlanVisitor:0.16
PlanPrinter:0.11777777777777776
PlanNodeStreamerVisitor:0.09
PlanNodeBuilder:0.08
Context:0.03
