NodeRewriter:0.36666666666666664
DefaultTraversalVisitor:0.36666666666666664
Except:0.29333333333333333
Intersect:0.2683333333333333
TupleAnalyzer:0.19333333333333333
AstVisitor:0.17666666666666667
RewritingVisitor:0.10333333333333333
