TypeDescription:0.8433333333333334
DynamicInvocation:0.31
MethodHandleConstant:0.28055555555555556
OriginBinderTest:0.27666666666666667
MethodTypeConstant:0.25666666666666665
AbstractTypeDescription:0.22333333333333333
MethodDescription:0.21947222222222224
Invocation:0.20972222222222223
AbstractMethodDescription:0.18333333333333332
WithImplicitInvocationTargetType:0.013333333333333334
