SelectAnalyzerTest:0.43333333333333335
TestModule:0.2633333333333333
InformationSchemaTest:0.24666666666666667
SQLPlugin:0.16333333333333333
HandlerSideLevelCollectTest:0.14
TestGlobalSysExpressions:0.13666666666666666
SysClusterExpressionModule:0.09527777777777778
