Node:0.62
Document:0.49666666666666665
HtmlTreeBuilder:0.4266666666666667
Tokeniser:0.36527777777777776
