JbpmExecutionLogic:0.48
JbpmDefinitionLogic:0.3466666666666667
JbpmCommonLogic:0.32666666666666666
DefaultVariablesUtil:0.26666666666666666
JbpmHtmlTaskFormParser:0.16833333333333333
FreemarkerStartFormBuilder:0.10666666666666667
JbpmStartFormBuilder:0.10666666666666667
JbpmTaskFormBuilder:0.10666666666666667
