MacOSXFrame:0.42
MacOSXDisplay:0.4038888888888889
MacOSXMouseEventQueue:0.39666666666666667
