DeclaringType:0.6433333333333333
Constitution:0.3
AbstractDeclaring:0.27
Protoclass:0.24333333333333335
Pogo:0.20666666666666667
ProtoclassCollecter:0.19
