HttpResolution:0.6066666666666667
MavenResolution:0.29
BintrayResolution:0.2866666666666667
BintrayRepoResolver:0.16333333333333333
OldRepoResolver:0.16333333333333333
MavenRepoResolver:0.16333333333333333
HttpRepoResolver:0.14
OldRepoResolution:0.11333333333333333
