ErrorCode:0.42
ObjectFactory:0.38333333333333336
CommonEjbcaWS:0.2633333333333333
UnknownProfileTypeException:0.22833333333333333
UnknownProfileTypeException_Exception:0.17666666666666667
GetProfileCommand:0.15
