CertificateProfile:0.5766666666666667
CertificateValidity:0.35333333333333333
PrivateKeyUsagePeriod:0.31166666666666665
SignSessionTest:0.22
