BufferOfCockpitCommandsConverter:0.7669444444444444
ARINCCockpitItemFactory:0.5941666666666666
