Reader:0.6533333333333333
ReaderTest:0.24333333333333335
ScannerTest:0.14
RegexPathParamTest:0.12666666666666668
ReferenceTest:0.11333333333333333
SimpleReaderTest:0.08333333333333333
HiddenParametersScannerTest:0.07
SubResourceReaderTest:0.03777777777777778
