ImageGridFragment:0.49666666666666665
RxGalleryFinalComponent:0.45440079365079367
MediaGridView:0.45440079365079367
DefaultLoadMoreView:0.44666666666666666
RecyclerViewFinal:0.43666666666666665
MediaGridPresenter:0.26232936507936516
MediaUtils:0.14666666666666667
MediaGridPresenterImpl:0.09666666666666666
RxGalleryFinalModule:0.023333333333333334
MainActivity:0.0
