SequencerAgent:0.4866666666666667
ConsensusModuleHarness:0.35833333333333334
ServiceControlPublisher:0.3233333333333333
ClusteredServiceAgent:0.32
RecordingCatchUp:0.31333333333333335
ServiceControlListener:0.308
MultiNodeTest:0.23666666666666666
ServiceControlAdapter:0.17633333333333334
ActiveLog:0.07666666666666666
