ClusterService:0.6466666666666666
ClusterServiceImpl:0.58
WriteHandler:0.4033333333333333
ClusterClock:0.37866666666666665
Node:0.36666666666666664
MockConnection:0.21333333333333335
MockJoiner:0.16666666666666666
VersionCheck:0.16666666666666666
AbstractSelectionHandler:0.13666666666666666
UuidUtil:0.125
ReadHandler:0.12
NodeShutdownHookThread:0.11333333333333333
FinalizeJoinOperation:0.10666666666666667
ClusterClockImpl:0.04833333333333333
StartMigrationTask:0.013333333333333334
TaskPacket:0.006666666666666667
VersionCheckParameterCreator:0.0033333333333333335
ShutdownTask:0.0033333333333333335
