SysNodesExpressionsTest:0.585
DummyExtendedNodeInfo:0.48
NodeOsCpuExpression:0.16666666666666666
SysNodesExpressionsWithDefaultExtendedStatsTest:0.09333333333333334
