CrawlOrder:0.5833333333333334
ToeThread:0.5366666666666666
HttpRecorder:0.49166666666666664
