ForSignatureVisitor:0.5733333333333334
AbstractTypeDescription:0.33
AbstractMethodDescription:0.2966666666666667
