OperationServiceImpl:0.76
InvocationFuture:0.37333333333333335
TraceableIsStillExecutingOperation:0.07166666666666667
IsStillExecutingOperation:0.07166666666666667
