AndroidConcreteLayer:0.39666666666666667
AndroidUtils:0.33
BasicWindowManager:0.32
AbstractAndroidWindowManager:0.2866666666666667
AndroidLayerPainter:0.2866666666666667
AndroidContainerRenderer:0.27977777777777774
AndroidRenderersHandler:0.2725
AndroidUtilsFactory:0.25
AndroidFactory:0.23666666666666666
FrodoActivity:0.17666666666666667
AndroidWindowManagerFactory:0.13333333333333333
AndroidGUITools:0.05333333333333334
AndroidLayerInfo:0.02666666666666667
FrameComponent:0.0
