SZoneConfig:0.5766666666666667
SSStatefulJob:0.3466666666666667
MailModuleImpl:0.2966666666666667
CleanupJobListener:0.27
DefaultFailedEmail:0.15333333333333332
