DashletView:0.5627777777777778
Dashlet:0.48333333333333334
PageableTableView:0.45666666666666667
GraphView:0.25
