Discovery:0.36
Filter:0.3433333333333333
EngineIdFilter:0.20333333333333334
TagFilterTests:0.18333333333333332
ExclusionReasonConsumingFilter:0.15
Root:0.14666666666666667
FilterCompositionTests:0.14
ClassFilterTests:0.08666666666666667
CompositeFilter:0.065
FilterStub:0.06333333333333334
ClassNameFilter:0.014444444444444447
