FakeLooper:0.7
FakeHandler:0.6066666666666667
HandlerTest:0.36666666666666664
