Reader:0.55
ReflectionUtils:0.31
ResourceWithKnownInjections:0.12333333333333334
SubResource1:0.05333333333333334
SubResource2:0.05333333333333334
SubResource3:0.05333333333333334
