PropertiesManager:0.4033333333333333
MetaProperty:0.3616666666666667
EntityTab:0.30666666666666664
JDBCTabProvider:0.3
Dates:0.22666666666666666
POJOPropertiesContainerAdapter:0.12
