SequencerAgent:0.55
LogAdapter:0.3796666666666667
ClusteredServiceAgent:0.30666666666666664
SequencerAgentTest:0.20333333333333334
