XMLPersistenceReader:0.6011111111111112
XMLGraphReader:0.2048888888888889
