AnnotationSetsView:0.4238888888888889
SetHandler:0.38666666666666666
NewAnnotationSetAction:0.20333333333333334
