FlowExecutionManager:0.37333333333333335
FlowExecutionImpl:0.3433333333333333
AbstractTokenTransactionSynchronizer:0.2866666666666667
KeyGenerator:0.24046031746031743
DataStoreTokenTransactionSynchronizer:0.17666666666666667
RandomGuidKeyGenerator:0.15
FlowScopeTokenTransactionSynchronizer:0.1
