DefaultFieldDeserializer:0.6172222222222222
TestIssues569:0.44666666666666666
ParserConfigBug569:0.08
