MichaelAcceptorRules:0.32
Rule10A:0.2
Rule6:0.2
Rule10B:0.2
Rule7:0.2
Rule12A:0.2
Rule13B:0.2
Rule13A:0.2
Rule8:0.2
Rule11:0.2
Rule2:0.2
Rule3:0.2
Rule1:0.2
Rule9A:0.2
Rule9B:0.2
Rule4A:0.2
Rule4B:0.2
CategoryUnknown:0.13333333333333333
Rule12B:0.13333333333333333
