AuthorizationHandler:0.45429365079365075
Scope:0.41333333333333333
ConcurrencyHandler:0.37333333333333335
DateTimeHandler:0.29833333333333334
DateTimeHandlerTest:0.25666666666666665
PasswordAuthenticationHandler:0.18333333333333332
