XContentGenerator:0.5891666666666666
TableExecutionContext:0.39
SQLPlugin:0.37666666666666665
