NodeService:0.49333333333333335
ClusterImpl:0.4266666666666667
ConnectionManager:0.37333333333333335
PartitionManager:0.3333333333333333
ExecutorManager:0.25333333333333335
MigrationNotification:0.23666666666666666
MigrationOperation:0.19666666666666666
MapMigrationOperation:0.15333333333333332
MigrationRequestOperation:0.15
ServiceMigrationOperation:0.11666666666666667
ExecutorThreadFactory:0.11
SerializerRegistry:0.1
JoinRunnable:0.09666666666666666
PartitionIterator:0.05333333333333334
ResponseHandlerFactory:0.023333333333333334
AuthenticationFailureOperation:0.0033333333333333335
