MockMvcRequestSpecification:0.622
MockMvcRequestSpecificationImpl:0.44666666666666666
RestAssuredMockMvc:0.25666666666666665
MockMvcRequestSpecBuilder:0.18333333333333332
