Coordinates:0.5933333333333334
MapDisplay:0.42
GlobeDisplay:0.21333333333333335
LegendDisplay:0.195
MainWindowMenu:0.15666666666666668
NavigatorWindow:0.12
