HttpRequestBuilder:0.6166666666666667
HttpServer:0.5233333333333333
HttpResponse:0.4766666666666667
PluginManagerTests:0.37333333333333335
SitePluginTests:0.17
ResponseHeaderPluginTests:0.16
JsonpOptionEnabledTest:0.11
JsonpOptionDisabledTest:0.11
