Parameter:0.51
ParameterHandler:0.44333333333333336
CommandBase:0.35333333333333333
CommandBaseStub:0.2142063492063492
ParameterHandlerTest:0.08
