ServerDescription:0.7166666666666667
ClusterDescription:0.26666666666666666
Builder:0.2633333333333333
BaseCluster:0.25666666666666665
ServerStateNotifier:0.19666666666666666
ServerDescriptionTest:0.19333333333333333
MongoExceptions:0.1
ClusterDescriptionTest:0.07
