StatLis:0.5233333333333334
GraphViewI:0.5116666666666667
GraphData:0.4066666666666667
NodeView:0.38666666666666666
JnetManager:0.2833333333333333
FileDialog:0.25666666666666665
StatusManager:0.21666666666666667
StatusEvent:0.20333333333333334
TabFileAdapter:0.20142857142857143
