ContextLoaderListener:0.5266666666666666
ApplicationContextConfigurationTest:0.45
ConfigUtils:0.28833333333333333
