Button:0.28
ImageButton:0.22333333333333333
List:0.21666666666666667
SplitPane:0.21333333333333335
Label:0.2
Window:0.18
Slider:0.18
CheckBox:0.18
ImageToggleButton:0.17333333333333334
ComboBox:0.17333333333333334
TextField:0.17333333333333334
ToggleButton:0.16333333333333333
Pane:0.12666666666666668
