ApolloPanel:0.4622222222222223
StrandedZoomableApolloPanel:0.41333333333333333
GraphView:0.15
GCScoreCalculator:0.08333333333333333
ScoreCalculator:0.08
GraphViewI:0.0
