BufferLoadRequest:0.32392603
jEdit:0.3106003
VFS:0.22694685
BufferInsertRequest:0.210136
BufferSaveRequest:0.16819903
BufferAutosaveRequest:0.16283166
EncodingServer:0.12109612
AutoDetection:0.107417054
SegmentBuffer:0.10127221
Encoding:0.084203936
IntegerArray:0.046618074
WorkRequest:0.035651598
