View:0.11624813
EditPane:0.08342045
TextArea:0.079511315
GUIUtilities:0.072931334
jEdit:0.070316344
JEditTextArea:0.04977519
VFSBrowser:0.048536073
JEditBuffer:0.045765765
BufferSetManager:0.04562507
Buffer:0.030541742
VFSManager:0.024117908
VFS:0.018097831
Log:0.016479678
FileVFS:0.01368353
Selection:0.010810335
WorkRequest:0.0011227404
