PropertiesProxy:0.4622222222222222
MappingNode:0.4066666666666667
Encoding:0.2507777777777777
UrlMappingImpl:0.24333333333333335
MappingNodeTest:0.08333333333333333
