SquirrelMogwaiPlugin:0.3233333333333333
SquirrelDialect:0.25666666666666665
SquirrelMogwaiTabSheet:0.24666666666666667
SquirrelMogwaiController:0.21666666666666667
JDBCReverseEngineeringStrategy:0.18
StartMogwaiAction:0.15444444444444444
DialectFactory:0.13333333333333333
SquirrelReverseEngineeringStrategy:0.13
ReverseEngineeringStrategy:0.07666666666666666
