FluxSceneBuilder:0.7022222222222223
GPUFluxLightModel:0.4166666666666667
