Queries:0.6066666666666667
CommandLineCapabaleReport:0.3433333333333333
