Script:0.683888888888889
ScriptTest:0.39666666666666667
