SearchResult:0.4494444444444445
Z3950Searcher:0.25
Z3950Harvester:0.23666666666666666
Harvester:0.22666666666666666
Z3950Params:0.21333333333333335
AccessManager:0.17444444444444443
Search:0.15333333333333332
XmlSearch:0.15
SelectionSearch:0.15
