Json:0.73
JsonTest:0.3233333333333333
Test1:0.26666666666666666
