SelfResource:0.3333333333333333
FolderResource:0.3233333333333333
AbstractFileResource:0.31
AbstractResource:0.26666666666666666
