TicketGrantingTicketImpl:0.5266666666666666
ProxyTicketImpl:0.38333333333333336
JwtTicketRegistryTests:0.23
