LockProxy:0.54
OperationServiceImpl:0.51
ConditionImpl:0.4666666666666667
ILock:0.22244444444444444
