Typed:0.37438095238095237
WeakKeySetUtils:0.36
InjectorImpl:0.33
MoreTypes:0.2966666666666667
Dependency:0.2846666666666667
RecordingBinder:0.25666666666666665
OptionalBinderTest:0.22666666666666666
MapBinderTest:0.22666666666666666
Asserts:0.17666666666666667
KeyTest:0.17
