FluxSceneBuilder:0.43333333333333335
JOCLCore:0.31333333333333335
BVHBuilder:0.30666666666666664
BVHBuilderSAH:0.28
BVHTree:0.19666666666666666
FluxPolygon:0.17333333333333334
BVHBuilderMiddle:0.11
BVHNode:0.06666666666666667
GPUFluxWhittedTracer:0.043333333333333335
