Metadata:0.5833333333333334
Attribute:0.39666666666666667
SchemaValidation:0.3566666666666667
RegistryErrorList:0.35333333333333333
AdhocQueryResponse:0.27666666666666667
Response:0.26
Structure:0.2
XAbstractService:0.19333333333333333
CodeValidation:0.19
XBaseTransaction:0.18
XCAAdhocQueryResponse:0.14
Validator:0.12333333333333334
RegistryUtility:0.11666666666666667
RegistryResponse:0.09
PatientId:0.09
MetadataTypes:0.0
