Bytes:0.5986666666666667
DBTimestamp:0.33
ByteEncoder:0.3233333333333333
JavaClientTest:0.21666666666666667
ByteDecoder:0.21
MyCollection:0.20333333333333334
DBCursorTest:0.12833333333333333
