CtrlSchedule:0.41
AbstractStrategy:0.2833333333333333
LtlStrategy:0.28
BFSStrategy:0.1855
BoundedLtlStrategy:0.18
SymbolicStrategy:0.17666666666666667
ReteStrategy:0.17333333333333334
LinearStrategy:0.16666666666666666
ClosingStrategy:0.16166666666666665
DFSStrategy:0.14
ExploreStateStrategy:0.10666666666666667
