Context:0.6
Display:0.48333333333333334
Sys:0.4066666666666667
AWTGLCanvas:0.2966666666666667
