Thread:0.4533333333333333
JSONObjectTest:0.33
Inet6Address:0.20333333333333334
Inet4Address:0.19333333333333333
MappedByteBuffer:0.16333333333333333
FileDescriptor:0.15333333333333332
