CrlSession:0.66
CrlSessionBean:0.44
CrlSessionStandAlone:0.3311111111111111
CRLStoreStandAlone:0.30276190476190473
CrlSessionStandAloneBean:0.3
CRLStore:0.29
CRLStoreServletStandAlone:0.10333333333333333
CrlSessionBeanBase:0.09333333333333334
CRLStoreBase:0.09
CrlSessionStandAloneRemote:0.006666666666666667
CrlSessionStandAloneLocal:0.0
