FileModule:0.5066666666666667
BinderHelper:0.48333333333333334
AbstractFolderModule:0.27
MarkupUtil:0.24
UrlBuilder:0.23644444444444446
FileModuleImpl:0.18
ViewFileController:0.14666666666666667
