Activator:0.4066666666666667
CoverageTest:0.14438888888888887
CDKDebugManagerTest:0.14438888888888887
