MetricsTest:0.7232222222222222
FakeHttpServerMetrics:0.43666666666666665
