ProtectedLogDevice:0.5666666666666667
ProtectedLogSessionBean:0.3433333333333333
StartServicesServlet:0.3333333333333333
