BusinessObjectFactoryTestCase:0.5166666666666667
BusinessObjectFactoryTestCaseTest:0.2633333333333333
BusinessObjectFactoryTestSupport:0.19333333333333333
BasicDomainTestCase:0.18666666666666668
DomainTestCase:0.17333333333333334
DomainTestSupport:0.02666666666666667
BusinessObjectFactoryTestCaseWrapper:0.016666666666666666
