Constants:0.76
Binder:0.6933333333333334
ProfileModuleImpl:0.29
AbstractBinderProcessor:0.29
EntityIndexUtils:0.25
BinderBriefBuilder:0.23
TeamInfo:0.21666666666666667
BinderIndexData:0.20666666666666667
BinderBrief:0.18
