TabComponent:0.54
Tabs:0.47888888888888886
Style:0.2577777777777778
