Webviewer:0.43
WebCfgService:0.4
WebviewerLinkProviderSPI:0.32666666666666666
DummyProvider:0.2866666666666667
WADODelegate:0.14872222222222226
WebviewerLinkProvider:0.13333333333333333
