Structure:0.77
Union:0.34777777777777774
UnionTest:0.3333333333333333
TestLibrary:0.2833928571428571
DefaultCallbackProxy:0.16333333333333333
