MongoCollection:0.92
MongoDatabase:0.5947619047619048
MongoCollectionImpl:0.5366666666666666
MongoDatabaseImpl:0.38666666666666666
