PropertyBean:0.49333333333333335
BasicEditor:0.39
MetaProperty:0.29333333333333333
Children:0.2475
Grammar:0.24
Families:0.22666666666666666
BeanFactory:0.2
ChoiceBean:0.17
OK:0.1522222222222222
InteractionListener:0.11666666666666667
SimpleValueBean:0.10666666666666667
EntityBean:0.10333333333333333
FileBean:0.07666666666666666
SexBean:0.07333333333333333
EventBean:0.06666666666666667
PlaceBean:0.06666666666666667
DateBean:0.06666666666666667
XRefBean:0.06
MLEBean:0.05
AgeBean:0.04666666666666667
NameBean:0.023333333333333334
ChildrenBean:0.013333333333333334
ParentsBean:0.013333333333333334
FamiliesBean:0.013333333333333334
