RedissonInputStream:0.52
RedissonOutputStream:0.22666666666666666
RedissonBinaryStream:0.21
RedissonBinaryStreamTest:0.18666666666666668
RedisCommands:0.06333333333333334
