GrammarProperties:0.8055555555555555
LoadGrammarAction:0.2966666666666667
