NumberFieldMapper:0.6033333333333334
MatchQuery:0.2833333333333333
MatchQueryBuilder:0.27666666666666667
MatchQueryIT:0.2733333333333333
