TaskletStep:0.7572222222222222
TaskletStepTests:0.2866666666666667
