DefaultJSONParser:0.455
ResolveTask:0.42333333333333334
ParserConfig:0.4166666666666667
SerializeConfig:0.25333333333333335
