HostParentOfITest:0.6143333333333334
HostParentOfSTest:0.5672222222222223
