Extruder:0.8066666666666666
GenericExtruder:0.41333333333333333
LayerRules:0.3566666666666667
SNAPCommunicator:0.24333333333333335
