ClusterHealthRequest:0.24666666666666667
DeleteByQueryRequest:0.24666666666666667
TypesExistsRequest:0.20666666666666667
PutMappingRequest:0.20666666666666667
PutWarmerRequest:0.18
IndicesExistsRequest:0.14666666666666667
Replaceable:0.1162777777777778
AliasesRequest:0.052388888888888895
