Unit:0.6866666666666666
ServerPlayer:0.38
InGameControllerTest:0.2728888888888889
SimpleCombatModel:0.23333333333333334
TransportMissionTest:0.17333333333333334
