Lang:0.8533333333333334
UrlMappingImpl:0.19666666666666666
NutActionChain:0.17333333333333334
ViewProcessor:0.16777777777777778
