Utils:0.6633333333333333
JavaMapTest:0.18
JavaCollectionTest:0.14333333333333334
SuffixTreeTest:0.08666666666666667
QueueTest:0.05
TreeTest:0.05
StackTest:0.05
HeapTest:0.05
SetTest:0.05
ListTest:0.05
RadixTrieTests:0.04666666666666667
TestData:0.043333333333333335
MapTest:0.023333333333333334
