TextKeys:0.5040555555555557
Installation:0.32
ConsoleInstaller:0.31666666666666665
ProgressPage:0.22333333333333333
StartScriptGenerator:0.21
JarInstaller:0.16
