SystemProperties:0.465
ReteNetwork:0.39
AbstractExternalFileFormat:0.25666666666666665
MyFileChooser:0.24666666666666667
CompositeExtensionFilter:0.19333333333333333
FromFileAction:0.18333333333333332
