TaskInfo:0.49333333333333335
SqlStageExecution:0.2733333333333333
HttpRemoteTask:0.27
Visitor:0.2633333333333333
TaskOutput:0.23333333333333334
SqlTaskManager:0.14333333333333334
LocalExecutionPlanner:0.12666666666666668
StageExecutionPlan:0.12
SplitWorker:0.1
HttpRemoteTaskFactory:0.08333333333333333
LocalExecutionPlanContext:0.04
LocalExecutionPlan:0.03
