WebDriverTestCase:0.5316666666666666
UrlFetchWebConnectionTest:0.31666666666666665
WebServerTestCase:0.2988888888888889
