ProcessInstanceBean:0.45666666666666667
HighContrastLookAndFeel:0.33
EndToEndViewScene:0.21333333333333335
ObjectNodeWidget:0.2
ObjectConnectionWidget:0.17
SceneExporter:0.07333333333333333
DotLineStroke:0.013055555555555556
