CacheBasicAbstractTest:0.461111111111111
CacheTestSupport:0.35333333333333333
