ClassReloadingStrategy:0.5933333333333334
ByteBuddyAgent:0.3466666666666667
ClassRedefinitionTransformer:0.25
ClassReloadingStrategyTest:0.15333333333333332
