TransformTestCase:0.3333333333333333
PseudoEpsgFactory:0.33
Scale:0.32666666666666666
SamplePoints:0.32
MathTransformTest:0.22
