TreeConverter:0.37666666666666665
BodyDeclaration:0.32
AbstractTypeDeclaration:0.31666666666666665
ClassFileConverter:0.31333333333333335
TypeDeclaration:0.25066666666666665
GenerationTest:0.21333333333333335
ClassFileConverterTest:0.03
