Attribute:0.5655555555555555
ComplexAttribute:0.4758333333333332
