Router:0.7466666666666667
TriggerRouterService:0.4
DataExtractorService:0.2633333333333333
TriggerRouterServiceSqlMap:0.19777777777777777
RouterMapper:0.14
