TokenImpl:0.48333333333333334
InvocationLog:0.45666666666666667
ExecutionServiceImpl:0.4033333333333333
VariableInstanceImpl:0.37
VariableUpdateLog:0.3680555555555556
StateLogImpl:0.3333333333333333
ActionLog:0.3272804232804233
InvocationLogImpl:0.31
StateLog:0.30333333333333334
PersistenceSession:0.29678571428571426
ExecutionService:0.2834523809523809
EnumType:0.2756746031746032
StateImpl:0.20555555555555555
ActionImpl:0.205
DefaultHibernateSessionFactory:0.2
ExecutionContextImpl:0.19666666666666666
HibernateSession:0.18666666666666668
ExecutionLog:0.17333333333333334
VariableUpdateLogImpl:0.14666666666666667
SubTokenLogImpl:0.12333333333333334
MilestoneImpl:0.12333333333333334
ExecutionLogImpl:0.11
VariableCreationLogImpl:0.10666666666666667
MessageLogImpl:0.10666666666666667
EndOfTokenLogImpl:0.065
ProcessStateImpl:0.06
ServiceMethod:0.06
ActionLogImpl:0.051666666666666666
EndStateImpl:0.03916666666666667
MessageLog:0.006666666666666667
UnUndoableException:0.0025
LevelType:0.0
ServiceMethodType:0.0
