Mapping:0.6266666666666667
ParameterizableAttributeMapper:0.31
Assert:0.28555555555555556
TextToMapping:0.21333333333333335
ConversionServiceAwareConverter:0.17
