CBOW:0.6433333333333333
Word2VecTests:0.38666666666666666
DBOW:0.35333333333333333
DM:0.25666666666666665
