JCPPage:0.54
MDLMolfileEditor:0.17
Activator:0.13333333333333333
JCPEditorContributor:0.023333333333333334
JalviewEditor:0.016666666666666666
