RecyclerViewFinal:0.41333333333333333
RxGalleryFinal:0.36
ImageGridFragment:0.31
MediaGridAdapter:0.28733333333333333
RecyclerViewOnScrollListener:0.25333333333333335
GridViewHolder:0.13833333333333334
MediaUtils:0.11333333333333333
MediaPageFragment:0.0648888888888889
VideoGridFragment:0.0648888888888889
MainActivity:0.03333333333333333
BaseFragment:0.02
MediaGridView:0.02
ThumbnailsUtils:0.0033333333333333335
MyAdapter:0.0
