PercolatorType:0.46
PercolatorTests:0.3233333333333333
QueryCollector:0.26666666666666666
Match:0.25666666666666665
MatchAndSort:0.16666666666666666
Count:0.16333333333333333
MatchAndScore:0.14666666666666667
PercolatorService:0.11333333333333333
