FieldAccessType:0.5166666666666667
MulIdOneToManyQuery:0.43333333333333335
JtaExceptionListener:0.18
