Video:0.68
VideoResourceTest:0.31333333333333335
FieldJsonMapper:0.24333333333333335
