SQLActionException:0.6633333333333333
TransportBaseSQLAction:0.42333333333333334
Constants:0.02
