AtomContainer:0.6966666666666667
Atom:0.5166666666666667
ChemFileCDO:0.19666666666666666
