EncounterImpl:0.38333333333333336
DuplicatingTypeListener:0.27666666666666667
MembersInjectorImpl:0.258
TypeListenerTest:0.23
ProxyFactory:0.15361111111111111
ProvisionListenerStackCallback:0.1502777777777778
ProvisionListenerTest:0.13666666666666666
CountingMembersInjector:0.1336921596921597
CountingInjectionListener:0.1336921596921597
MembersInjectorStore:0.13333333333333333
MethodInterceptionTest:0.13
