AstBuilder:0.6266666666666667
Formatter:0.38
CreateAnalyzer:0.28
AliasedRelation:0.28
SingleColumn:0.22
ShowTables:0.20333333333333334
ShowColumns:0.19666666666666666
ShowSchemas:0.19
FunctionArgument:0.19
ShowStatementAnalyzer:0.15
CreateAnalyzerStatementAnalyzer:0.14666666666666667
SqlFormatter:0.11666666666666667
InnerVisitor:0.11
