Condition:0.7033333333333334
PlanData:0.31333333333333335
PlanSearchEngine:0.25333333333333335
MatcherFactory:0.235
EdgeEmbargo:0.16865079365079366
