BackupAlg:0.5633333333333334
LoopGraph:0.5633333333333334
LoopVertex:0.3933333333333333
Graph2DViewCreateRequestMsg:0.24666666666666667
