StatementGeneratorTest:0.6066666666666667
FunctionizerTest:0.3233333333333333
DefaultMethodsTest:0.27666666666666667
JavaToIOSMethodTranslatorTest:0.23666666666666666
