GwtTeamingMessages:0.4680555555555556
UntrackPersonCmd:0.4166666666666667
GwtTeamingWorkspaceTreeImageBundle:0.31337301587301586
TreeInfo:0.2866666666666667
GwtMainPage:0.26666666666666666
GwtRpcServiceImpl:0.25666666666666665
GwtQuickViewDlg:0.22166666666666668
BinderExpander:0.21333333333333335
UntrackBinderCmd:0.14333333333333334
TreeDisplayVertical:0.14
BinderSelectorMouseHandler:0.13666666666666666
