VehicleDescription:0.4533333333333333
VehicleConfig:0.38
GoodsManager:0.25666666666666665
Rover:0.22555555555555556
HelpGenerator:0.20333333333333334
