AnsjAnalyzer:0.7966666666666666
IndexAnalysisTest:0.14333333333333334
