PersistentTableBulkIdStrategy:0.8674206349206349
TemporaryTableBulkIdStrategy:0.8221031746031746
StrategySelectorBuilder:0.5933333333333334
