ShadowVideoView:0.7933333333333333
ConfigurationTest:0.27
VideoViewTest:0.27
ShadowConfiguration:0.20666666666666667
