PseudoEpsgFactory:0.5311111111111111
MathTransformTest:0.43333333333333335
SamplePoints:0.36277777777777775
