PersistentTaskClusterServiceTests:0.46
PersistentTaskClusterService:0.33666666666666667
PersistentActionCoordinatorTests:0.21
TransportPersistentAction:0.20666666666666667
PersistentActionCoordinator:0.18666666666666668
RunningPersistentTask:0.15666666666666668
MockExecutor:0.13333333333333333
PersistentActionRequest:0.11
TransportTestPersistentAction:0.05
Execution:0.03
PersistentActionExecutor:0.006666666666666667
