MongoDatabase:0.7244444444444444
MongoDatabaseImpl:0.4
MongoCollectionImpl:0.39666666666666667
ListIndexesIterableImpl:0.3361111111111111
ListDatabasesIterableImpl:0.3361111111111111
ListCollectionsIterableImpl:0.3061111111111111
FindIterableImpl:0.2488888888888889
MongoClientImpl:0.19333333333333333
MongoClient:0.17333333333333334
