Console:0.7166666666666667
ConsolePlugin:0.36333333333333334
SystemShell:0.36
