View:0.6366666666666667
Tab:0.345
ModuleTestBase:0.3333333333333333
MetaTab:0.30333333333333334
MetaCollectionView:0.29333333333333333
SellerTest:0.2633333333333333
AnnotatedClassParser:0.17666666666666667
ViewParser:0.14333333333333334
