PredicateTestUtils:0.45666666666666667
EqualPredicateTest:0.24333333333333335
GreaterLessPredicateTest:0.15666666666666668
