AbstractQueryTestCase:0.31666666666666665
Names:0.2603888888888889
NestedQueryBuilderTests:0.25666666666666665
GeohashCellQueryBuilderTests:0.25333333333333335
GeoDistanceRangeQueryTests:0.21666666666666667
GeoDistanceRangeQueryParser:0.19
