MetaProperty:0.4533333333333333
MapFacade:0.2966666666666667
InvoiceTest:0.24333333333333335
EntityTab:0.21666666666666667
Server:0.17744444444444446
XSystem:0.15716666666666665
DateTimeBaseFormatter:0.15333333333333332
DateTimeSeparatedFormatter:0.14
DateTimeCombinedFormatter:0.14
OnlyEditDetailsInvoiceTest:0.13666666666666666
