StateCache:0.37333333333333335
CtrlState:0.35
MatchTreeNode:0.2488888888888889
AbstractGraphState:0.24333333333333335
MatchResult:0.23333333333333334
DefaultGraphNextState:0.2288888888888889
LTSJVertex:0.21666666666666667
LTSJGraph:0.20666666666666667
RuleJTree:0.2
