ASTVerifier:0.42888888888888893
Rule:0.38666666666666666
CollectSymbols:0.3566666666666667
DFA1:0.20716666666666667
SymbolChecks:0.2
BasicSemanticChecks:0.18333333333333332
TestBasicSemanticErrors:0.06666666666666667
TestSymbolIssues:0.03666666666666667
setAlt_return:0.012
rewriteElement_return:0.012
