FedoraClient:0.8
DisseminationService:0.4066666666666667
DefaultExternalContentManager:0.35
SOAPEndpoint:0.20333333333333334
