JCPFileFilter:0.7266666666666667
OpenAction:0.20666666666666667
