CategoryTagRepository:0.2866666666666667
CategoryConsole:0.17888888888888888
CategoryTagRepositoryImpl:0.15333333333333332
