VocabCache:0.6294444444444445
AbstractCache:0.5866666666666667
InMemoryLookupCache:0.4066666666666667
Builder:0.35
JointStorage:0.30333333333333334
VocabConstructor:0.24333333333333335
VocabConstructorTest:0.20666666666666667
SequenceTransformer:0.16333333333333333
SentenceTransformer:0.07333333333333333
VocabSource:0.04
AbstractCacheTest:0.023333333333333334
AbstractSequenceIterator:0.016666666666666666
