List:0.38142857142857145
DataStructures:0.31
Stack:0.24166666666666667
Queue:0.24166666666666667
SkipList:0.23
BinarySearchTree:0.23
ArrayList:0.22333333333333333
HashMap:0.16777777777777778
BTree:0.14
BinaryHeap:0.13111111111111112
Trie:0.10333333333333333
PatriciaTrie:0.09111111111111111
LinkedStack:0.06
LinkedQueue:0.06
LinkedList:0.06
ArrayStack:0.05333333333333334
ArrayQueue:0.05333333333333334
