Sheet:0.4866666666666667
AbstractNodePorpertyValueChangeListener:0.4633333333333333
PorpertyDate:0.41
NodeProperty:0.26
PropertySheetComponent:0.24666666666666667
PropertySheetModule:0.15666666666666668
PropertyPrimitive:0.07666666666666666
AbstractNodeProperty:0.06666666666666667
PropertyListType:0.043333333333333335
PorpertyBoolean:0.03666666666666667
