Train:0.49333333333333335
CommandLineInterfaceDriver:0.4166666666666667
SubCommand:0.1317222222222222
Predict:0.09
Test:0.09
