TransactionManagerAdapter:0.43
ProxyTest:0.39
JOnASTransactionManagerLookup:0.26666666666666666
JOTMTransactionManagerLookup:0.26666666666666666
SerializableProxy:0.26666666666666666
UnsavedValueFactory:0.26666666666666666
BTMTransactionManagerLookup:0.26666666666666666
WebSphereTransactionManagerLookup:0.24666666666666667
PojoInstantiator:0.16
WebSphereExtendedJTATransactionLookup:0.11333333333333333
