SnmpUtilsTest:0.36333333333333334
Snmp4JStrategyTest:0.31
CdpCacheTableEntry:0.27077777777777773
QBridgeDot1dTpFdbTableEntry:0.18083333333333335
OmsaStorageMonitor:0.1775
DiskUsageMonitor:0.16077777777777777
SnmpMonitor:0.16077777777777777
PercMonitor:0.16077777777777777
IntelVlanTableEntry:0.11333333333333333
ThreeComVlanTableEntry:0.11333333333333333
CiscoVlanTableEntry:0.11333333333333333
Dot1qStaticVlanTableEntry:0.11333333333333333
