WidgetFactory:0.5766666666666667
XMLType:0.45666666666666667
ServerXMLObjectAttribute:0.39666666666666667
XMLObject:0.39
AbstractWidgetFactory:0.37333333333333335
XMLObjectAttribute:0.35333333333333333
ARINCModelFactory:0.30666666666666664
GUIUtilities:0.295
ClientBinaryDFHandler:0.23666666666666666
WidgetTableConstructor:0.23
ARINClientWidgetFactory:0.22166666666666668
GrowableArrayPanel:0.21916666666666668
DefaultARINCUtils:0.21
ClientXMLDFHandler:0.21
DefaultXMLExporter:0.20666666666666667
ServerXMLDFHandler:0.20333333333333334
EditorWidgetTableConstructor:0.20333333333333334
ServerXMLSymbolsHandler:0.2
TreeEditorHelper:0.2
ServerBinaryDFHandler:0.19666666666666666
ShortPanel:0.19305555555555554
WidgetListener:0.19
ProtocolInputDecoder:0.18333333333333332
TreeEditorCopyHelper:0.17666666666666667
DefaultBinaryExporter:0.17666666666666667
WidgetsRefHandler:0.16666666666666666
BroadcastReceiverTest:0.15666666666666668
ParameterStruct:0.15333333333333332
ClientWidgetsRefHandler:0.15333333333333332
LayerHelper:0.14333333333333334
AbstractWidgetFactoryTest:0.12666666666666668
TreeEditorScaleHelper:0.09333333333333334
ARINCBroadcastReceiver:0.09083333333333334
DebugPropertyPanelFactory:0.08666666666666667
ARINC661:0.07
