IndexMetaDataExtractor:0.6233333333333333
SQLTypeMappingTest:0.48333333333333334
ExceptionHelper:0.15666666666666668
IndexMetaDataExtractorTest:0.12666666666666668
