SpanContainingQueryBuilder:0.4633333333333333
SpanWithinQueryBuilder:0.4633333333333333
QueryStringQueryBuilderTests:0.36833333333333335
SpanWithinQueryBuilderTests:0.11833333333333333
SpanContainingQueryBuilderTests:0.11833333333333333
