RootView:0.6083333333333333
PropertyView:0.4866666666666667
MyView:0.42
EntityRenderer:0.21
