SesameRDFContainer:0.67
ConfigurationUtil:0.5733333333333334
ImapCrawler:0.28
MetadataModel:0.19666666666666666
ApertureTestBase:0.19666666666666666
TestFileSystemCrawler:0.12666666666666668
PlainTextExtractorTest:0.09666666666666666
