MTGRoot:0.5266666666666666
MTGNode:0.3466666666666667
MTGGraphBuilder:0.29333333333333333
MTGTranslator:0.12666666666666668
