ClassConfiguration:0.5033333333333333
JavaScriptEngine:0.43
NodeList:0.31666666666666665
Promise:0.26666666666666666
HTMLCollection:0.22916666666666666
MSXMLJavaScriptEnvironment:0.15
AbstractJavaScriptConfiguration:0.14333333333333334
PromiseTest:0.07333333333333333
WasCalledFunctionWrapper:0.023333333333333334
