StreamInsertDataCommand:0.43333333333333335
StreamUpdateDataCommand:0.43333333333333335
StreamDeleteDataCommand:0.43333333333333335
