SnapshotLoader:0.53
SequencerAgent:0.4033333333333333
ClusteredServiceAgent:0.3466666666666667
ServiceSnapshotLoader:0.30666666666666664
