MailTransportUtils:0.6133333333333333
MailReceiverConnection:0.45
MonitoringStrategy:0.3811111111111111
AbstractStandaloneMessageReceiver:0.24666666666666667
MailSenderConnection:0.18666666666666668
MailTransportConstants:0.16
AbstractAsyncStandaloneMessageReceiver:0.10333333333333333
MailTransportException:0.06666666666666667
Pop3PollingMonitoringStrategy:0.06
MailMessageReceiver:0.043333333333333335
AbstractMonitoringStrategy:0.03666666666666667
MailMessageSender:0.01
PollingMonitoringStrategy:0.0033333333333333335
ImapIdleMonitoringStrategy:0.0
MailTransportUtilsTest:0.0
