AddMoleculeWizardPage:0.48976190476190484
AddSpectrumWizardPage:0.48976190476190484
NewSpecMolWizard:0.37
