DB:0.8166666666666667
DBApiLayer:0.36666666666666664
DBTests:0.3233333333333333
