HopParser:0.4866666666666667
DFA27:0.34
HopParserAPITest:0.33666666666666667
HopLexer:0.2866666666666667
DFA7:0.20333333333333334
