AsyncHttpClientConfig:0.5033333333333333
AsyncHttpClient:0.41333333333333333
NettyResponseFuture:0.3233333333333333
NettyAsyncHttpProvider:0.2833333333333333
AsyncFilterTest:0.2633333333333333
Builder:0.21333333333333335
