TagThisDlg:0.5633333333333334
ActivityStreamCtrl:0.47
ManageMenuPopup:0.2955555555555555
