LambdaExpression:0.45
BindingConverter:0.44666666666666666
BindingUtil:0.4066666666666667
TreeConverter:0.31333333333333335
MethodReferenceTest:0.2833333333333333
LambdaExpressionTest:0.2833333333333333
TreeUtil:0.2833333333333333
DefaultMethodsTest:0.27666666666666667
MethodReference:0.25666666666666665
ElementUtil:0.23833333333333334
VariableRenamer:0.23666666666666666
NameTable:0.20666666666666667
OuterReferenceResolver:0.2
Rewriter:0.2
MethodReferenceRewriter:0.18
CycleFinder:0.17333333333333334
Scope:0.16166666666666665
LambdaGenerator:0.15666666666666668
TranslationProcessor:0.09
