FluxLightModel:0.6166666666666667
FluxLightTracer:0.19333333333333333
FluxWhittedTracer:0.19333333333333333
FluxPathTracer:0.15
