Iterator:0.40861111111111115
Stream:0.37
Collections:0.33666666666666667
Array:0.3233333333333333
HashSet:0.30333333333333334
AbstractTraversableTest:0.29
HashMap:0.28
List:0.27666666666666667
Vector:0.24
TreeMap:0.23
TreeSet:0.22333333333333333
Queue:0.21666666666666667
IntMap:0.21333333333333335
CharSeq:0.20666666666666667
LinkedHashSet:0.20333333333333334
Traversable:0.18
