UltimateRecyclerView:0.6733333333333333
SampleDataboxset:0.3646666666666667
admobdfpadapter:0.28777777777777774
TestAdMob:0.25
DebugLoadMoreActivity:0.15666666666666668
AdmobAdapter:0.14666666666666667
