KeyTools:0.5433333333333333
ICAToken:0.47711904761904766
KeyStoreContainer:0.44333333333333336
BaseCAToken:0.28
CATokenContainerImpl:0.24333333333333335
KeyStoreContainerP11:0.22666666666666666
OCSPServletStandAlone:0.20333333333333334
PKCS11CAToken:0.17666666666666667
KeyStoreContainerTest:0.16944444444444443
HwCaInitCommand:0.08
HSMKeyTool:0.07333333333333333
