JFXTreeTableView:0.5247222222222223
Employee:0.30833333333333335
TreeViewDemo:0.23
