MultiLayerNetwork:0.66
ComputationGraph:0.6241666666666666
VariationalAutoencoder:0.38333333333333336
