Discretization:0.66
StochasticProcess1D:0.42
Discretization1D:0.34938888888888886
StochasticProcess:0.34
BlackScholesMertonProcess:0.17
GeneralizedBlackScholesProcess:0.14333333333333334
EulerDiscretization:0.11333333333333333
