Term:0.6633333333333333
TermNatures:0.41833333333333333
TermNature:0.31666666666666665
TestError:0.24333333333333335
IndexTest:0.21333333333333335
NatureRecognition:0.18333333333333332
NlpAnalysis:0.16666666666666666
NlpAnalysisTest:0.10666666666666667
NatureRecognitionTest:0.06333333333333334
