JournalConsumer:0.61
Journaller:0.4033333333333333
JournalCreator:0.24222222222222223
JournalConstants:0.02
