ViewScene:0.7333333333333333
ObjectViewTopComponent:0.37333333333333335
CustomMoveAction:0.25333333333333335
ObjectNodeWidget:0.2
