DataSet:0.7377777777777778
BaseTwoArrayElementWiseOp:0.23
TwoArrayElementWiseOp:0.20716666666666667
LossFunctionTests:0.17
RBMTests:0.16666666666666666
DBNTest:0.13333333333333333
