Element:0.5566666666666666
Token:0.3383333333333333
HtmlTreeBuilder:0.30666666666666664
CData:0.26
TextNode:0.24716666666666667
HtmlParserTest:0.21666666666666667
XmlTreeBuilder:0.20333333333333334
XmlTreeBuilderTest:0.10333333333333333
