PercolatorIT:0.5533333333333333
PercolatorService:0.38333333333333336
SingleDocumentPercolatorIndex:0.2644444444444445
PercolateDocumentParser:0.1711111111111111
MultiDocumentPercolatorIndex:0.11666666666666667
