SwaggerExtension:0.6666666666666667
Reader:0.56
AbstractSwaggerExtension:0.4066666666666667
