Cache:0.7966666666666666
AbstractCacheMap:0.21333333333333335
LRUCacheTest:0.20666666666666667
NoCache:0.2
FIFOCache:0.17266666666666666
FIFOCacheTest:0.13
LFUCacheTest:0.10666666666666667
