Store:0.7733333333333333
LocalGatewayMetaState:0.2866666666666667
InternalIndicesService:0.28
