Subscription:0.36
ClientConductorTest:0.35
ConnectionReadyFlyweight:0.2866666666666667
DriverConductor:0.27
DriverConnection:0.25
ClientProxy:0.19666666666666666
DriverListenerAdapter:0.19
SubscriptionTest:0.13
