PluginManagerIT:0.49333333333333335
PluginManager:0.32
PluginHandle:0.27666666666666667
PluginManagerUnitTests:0.10666666666666667
HttpDownloadHelper:0.1
Checksummer:0.0011111111111111111
