IL:0.7533333333333333
ILU:0.39666666666666667
ILUT:0.30666666666666664
