Light:0.43
SunSkyLight:0.37666666666666665
LightBase:0.29333333333333333
Type:0.24666666666666667
Parallelogram:0.2
Sky:0.19
LightNode:0.17333333333333334
GLSLAreaLight:0.15
_Field:0.10333333333333333
FluxParallelLight:0.1
