SystemConfigurationImpl:0.6966666666666667
CustomFieldValueDAO:0.19527777777777777
CustomFieldValueDAOImpl:0.16
