RegistrationService:0.5
NodeService:0.42333333333333334
DataService:0.39
INodeService:0.30583333333333335
DefaultOfflineServerListener:0.25666666666666665
MockNodeService:0.24805555555555558
AbstractSymmetricEngine:0.23888888888888885
NodeServiceSqlMap:0.20666666666666667
RegistrationServiceSqlMap:0.2
DefaultDataLoaderFactory:0.19
AbstractRouterServiceTest:0.17666666666666667
NodeManagementService:0.17666666666666667
