jEdit:0.6933333333333334
PluginManager:0.44333333333333336
Entry:0.2833333333333333
PluginTableModel:0.21333333333333335
RemoveButton:0.21
TextRenderer:0.15
