TableModel:0.5266666666666666
SelectImportWidget:0.3433333333333333
DoImport:0.24
Update:0.23
GeoList:0.16388888888888892
