FeatureEditorDialog:0.39
GeneEditPanel:0.3466666666666667
Commentator:0.25027777777777777
TranscriptEditPanel:0.22638888888888892
FeatureEditPanel:0.22
FeatureTreePanel:0.19666666666666666
TreeIcon:0.03
BlankIcon:0.03
