FileFlag:0.5466666666666666
ConvertorMultiPageEditor:0.5233333333333333
ConvertWizard:0.28
RunningConvertor:0.2011111111111111
Bc_ConvertorViewerPlugin:0.19666666666666666
ConvertorItem:0.17833333333333334
ViewEditorPage:0.17333333333333334
ChargerFormats:0.14666666666666667
ConvertorMultiPageEditorContributor:0.14333333333333334
ResultWizardPage:0.06555555555555555
ResultsWizard:0.06194444444444444
FormEditorInput:0.058333333333333334
SelectOutWizardPage:0.05
ListFile:0.04
SelectFilesWizardPage:0.03666666666666667
ConvertEditorAction:0.021944444444444447
ConvertWizardAction:0.02
NewMoleculeWizardPage:0.01
