ConfigurationProcessor:0.66
MethodEvent:0.4222222222222222
StandardBeanConfigurationListener:0.39666666666666667
