ErrorList:0.73
ErrorSource:0.15666666666666668
ErrorSourceUpdate:0.11333333333333333
ErrorListPlugin:0.04666666666666667
DefaultErrorSource:0.03666666666666667
ErrorHighlight:0.01
ErrorListOptionPane:0.0033333333333333335
