KerasModelEndToEndTest:0.6516666666666666
KerasFlatten:0.39
KerasLayerUtils:0.3616666666666667
