SWTRenderer:0.49111111111111116
CDKManager:0.485
CdkJmolAdapter:0.2966666666666667
PcoreQueryResultHighlight:0.17333333333333334
