NeuralNetConfiguration:0.5966666666666667
Word2Vec:0.37666666666666665
Builder:0.36666666666666664
SubsamplingLayer:0.22666666666666666
