StatisticAlertThresholds:0.8233333333333334
AbstractService:0.23333333333333334
StatisticServiceTest:0.08
StatisticService:0.013333333333333334
IStatisticService:0.013333333333333334
Constants:0.006666666666666667
