QManager:0.79
MQQManager:0.23333333333333334
LibertyQManager:0.21333333333333335
WASQManager:0.20333333333333334
OpenMQQManager:0.18333333333333332
ActiveMQQManager:0.18333333333333332
WASSIBQManager:0.14666666666666667
HornetQQManager:0.14
ActiveMQArtemisQManager:0.12
RabbitMQQManager:0.10666666666666667
