VideoSharing:0.6233333333333333
VideoPlayerView:0.3238888888888889
VideoSharingAction:0.24666666666666667
InvitationWizard:0.22277777777777777
VideoSharingService:0.21666666666666667
VideoSessionObservable:0.0
