GridSampler:0.49
DefaultGridSampler:0.33305555555555555
AndroidGraphicsGridSampler:0.23444444444444443
