Landmark:0.5633333333333334
LandmarksXmlReader:0.16333333333333333
