DeathInfo:0.4666666666666667
Simple3DSphereApp:0.36
TabPanelActivity:0.34
UnitWindow:0.30666666666666664
PrescribeMedicationMeta:0.15
PromptComboBoxRenderer:0.14333333333333334
