ReplayedSimpleAsyncHandler:0.43333333333333335
AsyncHandlerExtensions:0.35333333333333333
EventCollectingHandler:0.2353333333333333
