OutageModel:0.5966666666666667
AbstractFeed:0.33666666666666667
OutageFeed:0.16
EventFeed:0.09
AlarmFeed:0.09
