ShadowIntentFilter:0.5733333333333334
AndroidManifestTest:0.5333333333333333
ShadowIntentFilterTest:0.5133333333333333
ShadowLocalBroadcastManagerTest:0.21666666666666667
