MaterializedResult:0.44333333333333336
TestHiveIntegrationSmokeTest:0.3433333333333333
AbstractTestQueryFramework:0.26
QueryAssertions:0.23333333333333334
AbstractTestDistributedQueries:0.23333333333333334
TestMySqlIntegrationSmokeTest:0.22666666666666666
TestRaptorDistributedQueries:0.12
MaterializedResultSession:0.07
TestMySqlDistributedQueries:0.07
TestPostgreSqlDistributedQueries:0.07
ResultsSession:0.0033333333333333335
