Command:0.5566666666666666
Parameter:0.52
Bundle:0.4
ServiceSession:0.203984126984127
SignUpController:0.19666666666666666
HttpBoundSession:0.19333333333333333
BundleInvoker:0.16666666666666666
TestCommandImpl:0.15333333333333332
LifecycleBundleTasks:0.08
