BiAdAdapterSwitcher:0.7933333333333333
AdmobAdapter:0.6207777777777779
