UserExt:0.59
ArticleProcessor:0.28
LoginProcessor:0.22333333333333333
UserMgmtService:0.22333333333333333
IndexProcessor:0.20333333333333334
DomainProcessor:0.14333333333333334
InitMgmtService:0.13333333333333333
CityProcessor:0.10333333333333333
