VCSAdapter:0.663888888888889
SharedResourcesManager:0.37333333333333335
SubclipseAdapter:0.34
VCSActivity:0.3383333333333333
VCSActivityDataObject:0.245
ProjectDeltaVisitor:0.22859523809523807
ChatView:0.22833333333333333
SharedProject:0.11333333333333333
