LuceneQueryBuilderTest:0.3333333333333333
OperatorModule:0.28285714285714286
LongQueryBuilder:0.21666666666666667
IntegerQueryBuilder:0.21666666666666667
FloatQueryBuilder:0.21666666666666667
DoubleQueryBuilder:0.21666666666666667
QueryBuilderHelper:0.18666666666666668
BooleanQueryBuilder:0.17666666666666667
StringQueryBuilder:0.14333333333333334
