Listener:0.5166666666666667
DDIV:0.03666666666666667
IDIV:0.03666666666666667
FDIV:0.03666666666666667
