StepExecutionRowMapper:0.38333333333333336
SimpleJobRepository:0.36333333333333334
JdbcStepExecutionDao:0.34
MockStepDao:0.25
MapStepExecutionDao:0.13
