AssignmentInfo:0.73
GwtServerHelper:0.38
DataTableFolderViewBase:0.36333333333333334
GwtViewHelper:0.25666666666666665
GwtTaskHelper:0.24333333333333335
TaskClickHandler:0.19666666666666666
PersonClickHandler:0.19666666666666666
TeamClickHandler:0.15
GroupClickHandler:0.15
TaskFolderWidget:0.14666666666666667
AssignmentCell:0.09666666666666666
TaskTable:0.04
AssignmentColumn:0.006666666666666667
