RestMethodInfoTest:0.4066666666666667
Helper:0.37
RestMethodInfo:0.275
RequestBuilderTest:0.2633333333333333
RequestBuilder:0.22166666666666668
