Table:0.7566666666666667
TableDebug:0.22333333333333333
DebugRect:0.14
