Letter:0.7716666666666666
LetterComposite:0.53
App:0.2633333333333333
Word:0.11444444444444443
Sentence:0.035555555555555556
