Fam:0.8183333333333334
PropertyFamilyChild:0.35333333333333333
