CalendarAppointment:0.6733333333333333
HoverHintPopup:0.43
CalendarFolderView:0.37666666666666665
GwtCalendarHelper:0.2733333333333333
EntryTitleCell:0.18666666666666668
