PIRecord:0.5141666666666667
OverViewController:0.36666666666666664
AbstractStatisticsViewControllerResultData:0.33666666666666667
TimeAnalysisViewController:0.3233333333333333
PathTreeAggregation:0.31333333333333335
DataAggregationJoblet:0.2966666666666667
StringElementIterator:0.26
ScreenResolution:0.25333333333333335
DataAggregationJobletConfiguration:0.20333333333333334
ScreenResolutionPerVisitAggregationRowData:0.19722222222222222
AbstractResolution:0.19666666666666666
TechnicalInformationViewControllerResultData:0.17333333333333334
AbstractRegexVersionedPerVisitAggregator:0.14666666666666667
ScreenResolutionPerVisitAggregator:0.14333333333333334
AbstractTreeAggregation:0.13666666666666666
OverViewGFXController:0.12333333333333334
RefererTreeAggregator:0.07555555555555554
TimeAnalysisViewGFXController:0.06
CountryPerPIRecordAggregator:0.05333333333333334
PathTreeAggregator:0.05333333333333334
TreeAggregationUtil:0.05
RefererTreeAggregation:0.05
AbstractBaseAggregator:0.025833333333333333
PIRecordCountAggregator:0.02
ScreenResolutionXYValueComparator:0.016666666666666666
RefererTreeElement:0.013333333333333334
AverageTimePerVisitAggregator:0.013333333333333334
CountryPerVisitAggregator:0.013333333333333334
VisitCountAggregator:0.013333333333333334
ScreenResolutionAggregationMatrix:0.0
