ItemProcessor:0.8333333333333334
ItemOrientedStep:0.49333333333333335
SimpleItemProcessor:0.44333333333333336
ItemOrientedStepTests:0.2833333333333333
AbstractStepFactoryBean:0.18666666666666668
StepExecutorInterruptionTests:0.12666666666666668
DefaultStepFactoryBeanTests:0.12666666666666668
DefaultStepFactoryBean:0.12
RepeatOperationsStepFactoryBean:0.10666666666666667
StatefulRetryStepFactoryBean:0.09666666666666666
KitchenSinkItemProcessor:0.03
