AppliConfiguration:0.4533333333333333
JXLayer:0.41333333333333333
DefaultStringConverter:0.38333333333333336
LayerEventController:0.38
LayerUI:0.345
WindowsWindowManager:0.33
TreeEditorHelper:0.32666666666666666
SwingUIDefinition:0.31
WidgetListener:0.30333333333333334
ARINCSettings:0.28
ScriptHelper:0.27666666666666667
ClippableComponentUI:0.27051984126984113
LockableUI:0.27
AbstractRenderingLayer:0.25633333333333336
TreeEditorCopyHelper:0.24166666666666667
ARINC661App:0.19133333333333333
DefaultLayerLayout:0.14666666666666667
WidgetDefaultsParser:0.11666666666666667
ConverterRulesParser:0.10666666666666667
