ScriptEditor:0.4322222222222223
Launch:0.3933333333333333
LaunchedClassLoader:0.38
