TestBulkBean:0.7933333333333333
BulkBeanGenerator:0.37333333333333335
TestAll:0.35
