CertReqServlet:0.38333333333333336
CACertReqServlet:0.25333333333333335
RemoteVerifyServlet:0.24
CertDistServlet:0.16333333333333333
AdminCertReqServlet:0.13666666666666666
EditPublisherJSPHelper:0.10333333333333333
GetCRLServlet:0.10333333333333333
ViewEndEntityHelper:0.10333333333333333
EditHardTokenProfileJSPHelper:0.10333333333333333
EndEntityCertServlet:0.08333333333333333
ViewCAInfoJSPHelper:0.08333333333333333
CACertServlet:0.08333333333333333
