DefaultConstructionProxyFactory:0.5683888888888888
AllTests:0.14666666666666667
