GeneratorVisitor:0.6333333333333333
NativeMethodStubsGenerator:0.5102222222222222
GeneratorProcessor:0.16333333333333333
