SVGChartsEditorPart:0.32916666666666666
SVGChartsSWTComponentProvider:0.30333333333333334
SpecificitiesPreferencePage:0.28
AdvancePreferencePage:0.2733333333333333
ChartsEnginePreferencePage:0.2733333333333333
ProgressionPreferencePage:0.16
