AggregateStatusViewDaoJdbc:0.4866666666666667
SqlMapClientAggStatViewDao:0.22
AggregateStatusViewDao:0.19666666666666666
SqlMapClientPathOutageDao:0.12666666666666668
