OmTextArea:0.4766666666666667
EditorController:0.3333333333333333
