ReportModule:0.8333333333333334
ReportModuleImpl:0.33666666666666667
RelevanceDashboardHelper:0.30333333333333334
