CsvLoader:0.51
DataLoaderService:0.3433333333333333
IDataLoaderService:0.3175
MockDataLoaderService:0.17666666666666667
