BlojsomUtils:0.8766666666666667
TrackbackPlugin:0.2733333333333333
CommentPlugin:0.21333333333333335
