Renderer:0.3466666666666667
EditBoxTextRenderer:0.2733333333333333
ComboBoxEditRenderer:0.2633333333333333
ComboBoxRenderer:0.23333333333333334
CrownRendererUI:0.18
WindowPanel:0.17
SynthComboRendererPopup:0.16666666666666666
UnclippingPanel:0.13333333333333333
