CodeGenerator:0.4633333333333333
Bean:0.32666666666666666
Enhancer:0.30833333333333335
DuplicatesFilter:0.24397619047619046
Beans:0.21166666666666667
