Analysis:0.8366666666666667
RelationPlanner:0.2966666666666667
