GwtTeamingMessages:0.7208333333333333
MiscUtil:0.38666666666666666
ShareItemCell:0.33666666666666667
