TextArea:0.19456656
ExtensionManager:0.19371246
TextAreaPainter:0.16209313
FirstLine:0.13977571
Gutter:0.10007611
DisplayManager:0.08504246
TextAreaMouseHandler:0.08198528
BufferHandler:0.05509147
JEditBuffer:0.050848953
ElasticTabStopBufferListener:0.03602264
DisplayTokenHandler:0.035276983
Chunk:0.030493313
TokenMarker:0.025724508
DefaultTokenHandler:0.017561594
Log:0.012424621
Token:0.0077916565
Debug:0.006336914
