ScrollLineCount:0.23656227
FirstLine:0.2295886
TextArea:0.22176574
Anchor:0.2177591
BufferHandler:0.21511622
JEditBuffer:0.16105708
Gutter:0.13648374
ChunkCache:0.12799217
TextAreaPainter:0.12648632
ScreenLineManager:0.098923594
SelectionManager:0.07504796
IndentFoldHandler:0.068787485
ElasticTabStopBufferListener:0.053121027
RangeMap:0.04232736
jEdit:0.031117784
Log:0.030451972
BufferPrintable:0.028947312
Debug:0.010508621
