Anchor:0.3495832
ChunkCache:0.22029236
DisplayManager:0.19474426
TextArea:0.12665276
BufferHandler:0.053418327
JEditBuffer:0.010148873
Log:0.0069488175
Debug:0.0061509265
