JavaScriptConfigurationTest:0.7177777777777778
ElementTestSource:0.43666666666666665
ElementChildNodesTest:0.27
