SemanticVerifier:0.5925
TypeDefinitionLink:0.5430555555555555
OLParser:0.36666666666666664
