ClassInstrumentor:0.49666666666666665
InstrumentingClassWriter:0.405
AsmInstrumentingClassLoader:0.37666666666666665
Setup:0.3363333333333334
Api19AndroidRuntimeAdapter:0.1
Api21AndroidRuntimeAdapter:0.1
