HTMLTag:0.34
Converter:0.30333333333333334
JVertexView:0.2966666666666667
JAttr:0.29333333333333333
JGraph:0.2833333333333333
MyRenderer:0.22333333333333333
JVertex:0.21738888888888888
JEdge:0.17333333333333334
