AggFunction:0.6366666666666667
AggState:0.5366666666666666
TransportSQLActionTest:0.53
InformationSchemaColumn:0.3673333333333333
InformationSchemaTableExecutionContext:0.35
NodeExecutionContext:0.2966666666666667
ParameterInfo:0.24333333333333335
AggExpr:0.22333333333333333
ITableExecutionContext:0.22166666666666668
ShortSQLType:0.22
SQLFieldMapperTest:0.2
InformationSchemaStringColumn:0.17333333333333334
QueryVisitor:0.16666666666666666
InformationSchemaIntegerColumn:0.16333333333333333
AggExprFactory:0.15666666666666668
CountAggFunction:0.13666666666666666
CountAggState:0.1311111111111111
SQLModule:0.13
SQLGroupingCollector:0.12666666666666668
MinAggFunction:0.08666666666666667
