Gedcom:0.7633333333333333
PropertyChoiceValue:0.35333333333333333
ChoiceBean:0.26
PropertyFamilyChild:0.15
