Numeric:0.5233333333333333
MissingAggregator:0.47111111111111104
GeoPoint:0.3
Bytes:0.11
