TypeGraph:0.6222222222222222
Anchor:0.43833333333333335
PropertiesDialog:0.295
