ProofChecker2Impl:0.44333333333333336
FormalProofCheckerExecutor:0.36666666666666664
ProofCheckerFactory:0.2821111111111111
ProofChecker1Impl:0.2733333333333333
ProofCheckerFactoryImpl:0.08
BasicProofErrors:0.06666666666666668
ProofChecker0Impl:0.016666666666666666
LogicErrors:0.014285714285714285
