AsyncTestFunction:0.42333333333333334
IqAdHocCommands:0.35333333333333333
IFunction:0.3383888888888889
FunctionItem:0.2866666666666667
Process:0.25666666666666665
StanzaGenerator:0.21333333333333335
Config:0.21
ProcessStatus:0.20666666666666667
IqDisco:0.15
DelayedAsyncTestFunction:0.12333333333333334
FunctionInformation:0.07666666666666666
ProcessRunnable:0.06666666666666667
ProcessManager:0.03333333333333333
ProcessFactory:0.011666666666666667
