SequenceToolAction:0.5633333333333334
SequenceToolDialog:0.48333333333333334
SequenceToolResultsDialog:0.4066666666666667
