Suite:0.47
ListHQLTest:0.42333333333333334
FormsHQLTest:0.2633333333333333
