Widget:0.93
WidgetPluginService:0.38
AbstractXslOutputWidget:0.29
AbstractXslOutputWidgetTest:0.22666666666666666
BuildOutputWidget:0.10083333333333333
BuildOutputWidgetTest:0.03333333333333333
