HazelcastConnectionImpl:0.6916666666666667
ManagedConnectionImpl:0.37666666666666665
ResourceAdapterImpl:0.33
HazelcastTransactionImpl:0.3061111111111111
