BasicSemanticChecks:0.6546666666666667
TestToolSyntaxErrors:0.41055555555555556
