Option:0.49616666666666676
ArticleQueryService:0.37
ArticleProcessor:0.33
ArticleMgmtService:0.30666666666666664
Markdowns:0.3
CommentMgmtService:0.21
