Invoice:0.6575
ModelMapping:0.6388888888888888
Driver:0.3466666666666667
