LocusTable:0.62
ObsoleteGene:0.38
LocusTableTest:0.16333333333333333
UpdateLocus:0.13666666666666666
