CaptureActivity:0.47333333333333333
DecodeThread:0.30416666666666664
PlanarYUVLuminanceSource:0.3016666666666667
DecodeHandler:0.24
CaptureActivityHandler:0.2377777777777778
