CacheRecord:0.5166666666666667
NearCache:0.37
DataRecord:0.24
MapSizeEstimator:0.22444444444444447
