TypeUtility:0.7661111111111112
FieldSearchServlet:0.3927777777777778
