WriteOperation:0.2866666666666667
ReplaceOperation:0.16333333333333333
InsertOperation:0.16333333333333333
UpdateOperation:0.16333333333333333
RemoveOperation:0.16333333333333333
