Types:0.5833333333333334
Options:0.4766666666666667
CompilationUnit:0.4666666666666667
NameTable:0.45666666666666667
ObjectiveCImplementationGenerator:0.2966666666666667
J2ObjCTest:0.2866666666666667
ObjectiveCHeaderGeneratorTest:0.25333333333333335
ImplementationImportCollectorTest:0.24666666666666667
SourceBuilder:0.22833333333333333
ImplementationImportCollector:0.21333333333333335
ObjectiveCImplementationGeneratorTest:0.21111111111111108
ObjectiveCSourceFileGenerator:0.20666666666666667
ObjectiveCSegmentedHeaderGenerator:0.19333333333333333
GenerationTest:0.18166666666666667
HeaderImportCollector:0.17333333333333334
GenerationBatch:0.17333333333333334
ObjectiveCHeaderGenerator:0.14666666666666667
HeaderImportCollectorTest:0.02
