GspsEncode:0.5133333333333333
FilterItem:0.4866666666666667
GspsDiscover:0.30666666666666664
FilterListConfig:0.20444444444444446
