MapProxySupport:0.37333333333333335
MapCodecTemplate:0.235
AbstractMapQueryMessageTask:0.23
ClientMapProxy:0.21
MapPortableHook:0.14666666666666667
