Response:0.6333333333333333
UrlConnectTest:0.57
DataUtil:0.32666666666666666
