TestParser:0.36333333333333334
CalculateTruthTest:0.30333333333333334
CalculateTruth:0.27
DummyPlugin:0.22666666666666666
Interpretation:0.11
