TagThisDlg:0.5666666666666667
FindCtrl:0.37
GwtMainPage:0.27666666666666667
ProfileAttributeWidget:0.24
ManageMenuPopup:0.23
ActivityStreamCtrl:0.21666666666666667
