Dialog:0.66
TimePickerDialog:0.3433333333333333
DatePickerDialog:0.24333333333333335
SimpleDialog:0.22
DatePickerLayout:0.21333333333333335
ProgressView:0.20333333333333334
Builder:0.18666666666666668
DialogsFragment:0.14
