HtmlTextAreaTest:0.39666666666666667
HtmlSerializer:0.32666666666666666
HtmlTextArea2Test:0.18666666666666668
KeyboardEvent2Test:0.17
FixedWebDriverHtmlUnitWebElement:0.15333333333333332
HTMLTextAreaElement2Test:0.11666666666666667
