IntervalTreeTests:0.45666666666666667
DynamicSegmentTree:0.43333333333333335
SegmentTreeTests:0.27666666666666667
SegmentTreePrinter:0.18666666666666668
