Index:0.6128333333333333
IndexStore:0.4667063492063494
Indexes:0.38
IndexImpl:0.285
BaseIndexStore:0.16166666666666665
