MapService:0.5333333333333333
ShutdownRequest:0.3
ClientLockProxy:0.29455555555555557
HazelcastClient:0.29333333333333333
PartitionRecordStore:0.24
ProxyManager:0.22416666666666665
ClientExecutorServiceProxy:0.22416666666666665
IndexService:0.22333333333333333
QueryTest:0.22333333333333333
LockDestroyRequest:0.22333333333333333
TopicDestroyRequest:0.19666666666666666
QueueDestroyRequest:0.19666666666666666
CollectionDestroyRequest:0.19666666666666666
AtomicLongDestroyRequest:0.19666666666666666
SemaphoreDestroyRequest:0.19666666666666666
ClientIssueTest:0.17333333333333334
CountDownLatchDestroyRequest:0.14666666666666667
MapDestroyRequest:0.13333333333333333
