JSON:0.7533333333333333
SerializeWriter:0.4766666666666667
SerializeWriterTest_BrowserSecure:0.19666666666666666
StringFieldTest_special_3:0.16333333333333333
BigStringFieldTest_private:0.15333333333333332
CurrencyTest5:0.11333333333333333
BigListStringFieldTest_private:0.06
StringFieldTest_special_1:0.056666666666666664
StringFieldTest_special_2:0.056666666666666664
