StrandedZoomableApolloPanel:0.7033333333333334
FeatureTypes:0.42333333333333334
