Jumbo46CMLFragmentsTest:0.31666666666666665
CMLRoundTripTest:0.31666666666666665
CML2Test:0.31333333333333335
DADMLReader:0.30333333333333334
MDLReaderTest:0.28772222222222227
RSSHandler:0.24666666666666667
Gaussian98Reader:0.24666666666666667
Gaussian03Reader:0.24666666666666667
JmolTest:0.24255555555555555
JumboTest:0.24255555555555555
ReactionBalancerTest:0.23744444444444446
FileConvertor:0.22666666666666666
ConjugatedPiSystemsDetector:0.22333333333333333
IChIReaderTest:0.21894444444444447
JChemPaintTest:0.21894444444444447
SMILESReaderTest:0.21561111111111111
HINReaderTest:0.21561111111111111
SmilesParserTest:0.2125
HydrogenPlacerTest:0.20172222222222222
MoleculeFactory:0.2
MDLRXNWriter:0.19666666666666666
DBReader:0.19666666666666666
StructureDiagramGeneratorTest:0.1872222222222222
ConjugatedPiSystemsDetectorTest:0.18333333333333332
INChIPlainTextReaderTest:0.18265656565656566
INChIReaderTest:0.18265656565656566
Mol2ReaderTest:0.18265656565656566
GhemicalReaderTest:0.18265656565656566
DBWriter:0.17
ControllerTest:0.16666666666666666
AllRingsFinderTest:0.15555555555555556
AtomicTable:0.15333333333333332
HINWriter:0.14244444444444446
Renderer2DTest:0.139
DBAdmin:0.13722222222222222
FileReaderTest:0.12722222222222224
AtomContainerModel:0.08666666666666667
