Point2d:0.52
Ellipse:0.38333333333333336
Main:0.31333333333333335
GraphicsFeedback:0.23477777777777778
ImageSegmentation:0.22472222222222218
FindEllipses:0.16555555555555557
