ConvertException:0.49666666666666665
IpSQLType:0.3466666666666667
SQLTypeMappingTest:0.31
TimeStampSQLType:0.2733333333333333
SQLFieldMapperTest:0.25
StringSQLType:0.22
DoubleSQLType:0.22
BooleanSQLType:0.22
FloatSQLType:0.22
CratySQLType:0.22
DocTest:0.14333333333333334
NumericSQLType:0.11666666666666667
SQLFieldInvalidTest:0.11
SQLFieldRangeTest:0.07333333333333333
