Tool:0.6661111111111111
EditorKit:0.3433333333333333
TextTool:0.33
SelectTool:0.16833333333333333
PenTool:0.155
ZoomTool:0.15305555555555558
