IndexNode:0.47
HqlSqlWalker:0.47
MapEntryNode:0.31666666666666665
ResolvableNode:0.2678730158730158
DotNode:0.26666666666666666
FromReferenceNode:0.23
AbstractMapComponentNode:0.22333333333333333
IdentNode:0.17622222222222222
SelectExpressionImpl:0.05333333333333334
