FlickScrollPane:0.29
MathUtils:0.27666666666666667
Slider:0.2733333333333333
GestureDetector:0.25
ShapeRenderer:0.24333333333333335
GestureListener:0.23777777777777775
Vector2:0.22333333333333333
LwjglGraphics:0.22333333333333333
Box2DTestCollection:0.21
AndroidAudioRecorder:0.15
CameraController:0.08666666666666667
GestureAdapter:0.04666666666666667
