AntFarm:0.6033333333333334
ProjectBridge:0.33666666666666667
AntFarmShell:0.32666666666666666
ProjectNode:0.23
TargetRunner:0.22222222222222224
TargetNode:0.21555555555555558
AntNode:0.13333333333333333
