WebServiceTemplate:0.48
WebServiceMessageCallback:0.4061111111111111
WebServiceOperations:0.4033333333333333
WebServiceTemplateTest:0.30333333333333334
CommonsHttpMessageSender:0.14666666666666667
HttpUrlConnectionMessageSender:0.12
CommonsHttpMessageSenderTest:0.11
WebServiceAccessor:0.11
WebServiceMessageSender:0.10666666666666667
HttpUrlConnectionMessageSenderTest:0.09
WebServiceAccessorTest:0.021666666666666667
WebServiceClientException:0.02
