ExternalContext:0.5972777777777778
ServletExternalContext:0.21333333333333335
PortletExternalContext:0.21333333333333335
JsfExternalContext:0.19
RequestPathFlowExecutionParameterExtractorTests:0.11333333333333333
RequestPathFlowExecutionManagerParameterExtractor:0.09333333333333334
MockExternalContext:0.07333333333333333
