Token:0.5966666666666667
Latent:0.24666666666666667
