Updatable:0.5885714285714286
MockSnmpAgent:0.4633333333333333
PropertiesBackedManagedObject:0.24666666666666667
PropsMockSnmpMOLoaderImpl:0.24333333333333335
MockSnmpAgentTest:0.13666666666666666
UpdatableScalar:0.09666666666666666
