PersistentClass:0.8033333333333333
EntityBinder:0.32666666666666666
EntityTypeImpl:0.28777777777777774
MetadataTest:0.23666666666666666
MetamodelImpl:0.22666666666666666
