Boundary:0.7
BoundedNestedDFSStrategy:0.43666666666666665
RuleSetBoundary:0.23
DefaultModelCheckingStrategy:0.15666666666666668
BoundedNestedDFSPocketStrategy:0.14333333333333334
GraphNodeSizeBoundary:0.10666666666666667
AbstractBoundary:0.09166666666666666
RuleSetBorderBoundary:0.013333333333333334
RuleSetStartBoundary:0.013333333333333334
