Row:0.7033333333333334
PosODS:0.32666666666666666
PosPanel:0.31666666666666665
