Broadcaster:0.7433333333333333
AtmosphereFramework:0.4766666666666667
AtmosphereResourceImpl:0.3466666666666667
DefaultWebSocketProcessor:0.19
WeblogicWebSocketHandler:0.18
MeteorServlet:0.15333333333333332
