AtomicIntegerArray:0.49
AtomicLongArray:0.49
AtomicReferenceArray:0.3933333333333333
AtomicLongArrayTest:0.3466666666666667
AtomicIntegerArrayTest:0.3466666666666667
AtomicReferenceArrayTest:0.20666666666666667
