AjaxController:0.38666666666666666
AbstractFolderModule:0.3466666666666667
FileModuleImpl:0.3466666666666667
ObjectKeys:0.32255555555555554
