NodeServiceTest:0.5966666666666667
ClusterServiceTest:0.4442619047619048
DataExtractorServiceTest:0.3466666666666667
