Viewer:0.5122222222222222
ModelSet:0.41333333333333333
MouseManager:0.30333333333333334
JnetSelectionListener:0.12833333333333333
JnetSelection:0.03666666666666667
JnetSelLis:0.013333333333333334
