TableCreator:0.8566666666666667
HsqldbTestServerManager:0.38333333333333336
