FlowArtifactFactory:0.7833333333333333
XmlFlowBuilder:0.31666666666666665
BaseFlowBuilder:0.29333333333333333
AbstractFlowBuilder:0.26
XmlFlowRegistryFactoryBean:0.19
FlowArtifactFactoryAdapter:0.14333333333333334
