ClientRegistrationRepository:0.7466666666666667
AuthorizationCodeAuthenticationFilterConfigurer:0.37333333333333335
OAuth2LoginConfigurer:0.3
AuthorizationCodeAuthenticationProvider:0.22
AuthorizationCodeAuthenticationProcessingFilter:0.20194444444444445
InMemoryClientRegistrationRepository:0.20111111111111113
AuthorizationCodeRequestRedirectFilterConfigurer:0.18444444444444444
OAuth2LoginApplicationTests:0.18333333333333332
ClientRegistrationConfiguration:0.02
