Replication:0.7266666666666667
X_AD_Replication_InBound:0.34
ReplicationInputGenerator:0.23
ReplicationOutputGenerator:0.22666666666666666
ReplicationProcessor:0.21666666666666667
X_AD_OrgReplicationOutDest:0.2153888888888889
MReplicationInBound:0.21
MessageReceived:0.12333333333333334
MReplicationOutBound:0.09
TestReplicator:0.014166666666666666
