ProcessCache:0.5744444444444444
WebserviceBeanImpl:0.5183333333333333
ApplicationEntityManagerImpl:0.2966666666666667
