HistoryEntry:0.635
SubversionHistoryParser:0.25333333333333335
HistoryCache:0.22333333333333333
HistoryReader:0.21
SubversionGet:0.17333333333333334
FilePersistenceDelegate:0.03333333333333333
