ReferenceResolver:0.6635555555555557
ProofChecker2Impl:0.5
ProofCheckerImpl:0.29
BasicProofErrors:0.19061111111111112
ProofCheckerFactoryImpl:0.13
