ExceptionCodesOgcCommon:0.5923333333333333
CSW202ServiceImpl:0.4033333333333333
CSW202ExceptionReportGenerator:0.36333333333333334
GetCapabilitiesValidationTest:0.19666666666666666
GetCapabilitiesValidation:0.14
