MultipleParentClassLoader:0.8183333333333334
MultipleParentClassLoaderTest:0.5866666666666667
