Vss:0.8666666666666667
VssTest:0.4666666666666667
