Euler:0.6833333333333333
Codd:0.44333333333333336
