JoinHelper:0.5933333333333334
JoinWalker:0.5266666666666666
KeyManyToOneTest:0.3233333333333333
