GAMEAdapter:0.6166666666666667
Exon:0.3566666666666667
FlyNameAdapter:0.23
EditWindowI:0.09277777777777778
