FramedTransport:0.5466666666666666
HeadersTest:0.43
CallTest:0.42
FramedSocketHandler:0.18666666666666668
