UDTs:0.801
Test:0.7333333333333333
GetBooks:0.27666666666666667
