TestAPIALite:0.5644444444444445
DefaultSerializer:0.4802777777777777
ObjectMethodsDefSerializerThread:0.30666666666666664
