AbstractTestQueries:0.56
MaterializedResult:0.5433333333333333
H2QueryRunner:0.27
TestingPrestoClient:0.08333333333333333
