MapDisplay:0.8933333333333333
NavigatorWindow:0.26666666666666666
