Tabs:0.6
AdvancedSearchController:0.43666666666666665
WebKeys:0.18833333333333332
