Statistics:0.43333333333333335
PageCacheFilter:0.3416666666666667
FrontRenderer:0.33166666666666667
