Button:0.42333333333333334
ButtonStyle:0.3885555555555556
Vector2:0.3433333333333333
Polygon:0.25333333333333335
