UpdateSitesPreferencePage:0.6966666666666667
ApplicationWorkbenchAdvisor:0.33666666666666667
UIPreferenceInitializer:0.2966666666666667
