ProtectPointcutPostProcessor:0.24666666666666667
LdapShaPasswordEncoder:0.22333333333333333
Md4PasswordEncoder:0.09666666666666666
PasswordEncoderParser:0.09666666666666666
