LocalObjectLight:0.6266666666666667
CommunicationsStub:0.41
LocalClassMetadataLight:0.4005555555555555
LocalClassMetadataLightImpl:0.38666666666666666
LocalObjectLightImpl:0.35
Utils:0.32666666666666666
LocalClassMetadataImpl:0.23361111111111113
LocalObjectView:0.13
LocalNode:0.03
LocalEdge:0.03
LocalLabel:0.02666666666666667
LocalPhysicalConnectionImpl:0.0
LocalPhysicalConnection:0.0
LocalPhysicalContainer:0.0
