InMemoryLookupTable:0.6033333333333334
Word2VecTestsSmall:0.27666666666666667
Word2VecVisualizationTests:0.23666666666666666
ManualTests:0.19666666666666666
