UpdateAnnotation:0.5866666666666667
HitParams:0.3805555555555556
MassValidateHits:0.27
PropagateAnnotation:0.2633333333333333
