Slot:0.5033333333333333
AnyValue:0.4033333333333333
Envelope:0.31333333333333335
UpperCorner:0.19666666666666666
LowerCorner:0.19666666666666666
ValueList:0.18666666666666668
ValueList2Factory:0.17666666666666667
SlotTest:0.08666666666666667
SlotFactory:0.031111111111111107
