SharingModule:0.7977777777777778
GwtViewHelper:0.5433333333333333
SharingModuleImpl:0.18333333333333332
