MenuBarButton:0.3566666666666667
MastHead:0.35333333333333333
GwtTeamingMessages:0.32666666666666666
GwtMainPage:0.31666666666666665
ActivityStreamCtrl:0.25333333333333335
WorkspaceTreeControl:0.25
MainMenuControl:0.25
TeamingPopupPanel:0.24
TreeDisplayHorizontal:0.22666666666666666
EventHelper:0.21666666666666667
AdminControl:0.19333333333333333
MenuButtonSelector:0.14833333333333334
ContentControl:0.14444444444444446
AdministrationExitEvent:0.06
AdministrationEvent:0.06
BrowseHierarchyExitEvent:0.025
BrowseHierarchyEvent:0.02
