InputColumn:0.44
Analysis:0.42
EvaluatingNormalizer:0.31666666666666665
SelectAnalysis:0.15333333333333332
