def:0.5333333333333333
Cast:0.44
MethodWriter:0.37
AnalyzerCaster:0.2966666666666667
NodeToStringTests:0.28
Definition:0.27
ECast:0.1688888888888889
