CMLResolver:0.76
CMLErrorHandler:0.2927777777777778
CMLReader:0.25333333333333335
