XmlConfigBuilder:0.5780000000000001
XMLConfigBuilderTest:0.38
InvalidConfigurationTest:0.24
XmlClientConfigBuilder:0.23800000000000002
InvalidConfigurationClientTest:0.23
AbstractConfigBuilder:0.21666666666666667
XmlConfigImportVariableReplacementTest:0.18666666666666668
XmlClientConfigImportVariableReplacementTest:0.18666666666666668
XmlClientConfigBuilderTest:0.17
