GoodsManager:0.6433333333333333
GoodsUtil:0.3933333333333333
ManufactureUtil:0.3233333333333333
Manufacture:0.29333333333333333
TradeTableModel:0.24666666666666667
