AddressResolverOptions:0.615
FakeDNSServer:0.39166666666666666
HostnameResolutionTest:0.35333333333333333
