Constants:0.8566666666666667
WebserviceBean:0.6833333333333333
BgpSyncProvider:0.3233333333333333
SyncUtil:0.30666666666666664
RemoteLogicalConnectionDetails:0.26666666666666666
FormCreator:0.26
IPSynchronizer:0.21166666666666667
WebserviceBeanImpl:0.19
EntPhysicalSynchronizer:0.17
KuwaibaService:0.16666666666666666
BGPSynchronizer:0.15444444444444444
FormsDashboardWidget:0.10333333333333333
SnmpBgpResourceDefinition:0.006666666666666667
SnmpBgpLocalResourceDefinition:0.0025
