RubyProject:0.4066666666666667
RubyScriptStructureBuilder:0.35333333333333333
DefaultOccurrencesFinder:0.27
AttributeLocator:0.2
FirstPrecursorNodeLocator:0.18633333333333332
MassIndexUpdater:0.17833333333333334
RubyElementRequestor:0.10333333333333333
ClosestSpanningNodeLocator:0.09666666666666666
MethodDefinitionLocator:0.09
