MzdataEditor:0.57
MzdataFactoryImpl:0.48888888888888893
MzdataEditorPlugin:0.4633333333333333
MzdataModelWizardInitialObjectCreationPage:0.1866666666666667
MzdataModelWizard:0.17111111111111113
