ShadowWrangler:0.8033333333333333
Setup:0.38
SetupTest:0.3566666666666667
ShadowWranglerUnitTest:0.09333333333333334
