MPPSModel:0.61
MWLConsoleCtrl:0.4533333333333333
MWLScuDelegate:0.2966666666666667
