Robolectric:0.45
ShadowsAdapter:0.33055555555555555
RoboProcessorTest:0.2425
Api18ShadowsAdapter:0.21666666666666667
RoboProcessor:0.18444444444444444
RoboModel:0.1627777777777778
Utils:0.12833333333333333
ParallelUniverse:0.12333333333333334
