Survey:0.8733333333333333
SurveyAction:0.37666666666666665
