Resolver:0.5533333333333333
JTableLocation:0.5233333333333333
ComponentTester:0.44
ComponentReference:0.43333333333333335
Step:0.41333333333333333
Script:0.38666666666666666
JListLocation:0.38333333333333336
JTreeLocation:0.38
JTableTester:0.37
JListTester:0.36666666666666664
Call:0.3233333333333333
Action:0.27666666666666667
ArgumentParser:0.26666666666666666
ComponentLocation:0.26666666666666666
ScriptEditor:0.23333333333333334
TreePathParserTest:0.22333333333333333
ComponentRecorderTest:0.21
JTreeTester:0.19333333333333333
ScriptTableTest:0.18666666666666668
ScriptEditorFrame:0.18333333333333332
JTableTesterTest:0.18
JTableRecorderTest:0.18
TreePathParser:0.18
JComponentTester:0.17666666666666667
JListTesterTest:0.17
JListRecorderTest:0.16666666666666666
ActionFailedException:0.15666666666666668
AllTests:0.15
DropLabel:0.15
ColoredApplet:0.14666666666666667
JListRecorder:0.13
JTreeRecorder:0.12666666666666668
JTableRecorder:0.12666666666666668
JTreeRecorderTest:0.11333333333333333
CallTest:0.09333333333333334
CallTestClass:0.06666666666666667
JTableLocationTest:0.04666666666666667
JListLocationTest:0.04666666666666667
JTreeLocationTest:0.03
ActionTest:0.028333333333333332
ComponentMissingException:0.025833333333333333
ComponentLocationTest:0.023333333333333334
CallTestBase:0.013333333333333334
LocationUnavailableException:0.006
MyAction:0.0
ComponentNotShowingException:0.0
TargetedCall:0.0
