ByteBuddy:0.5166666666666667
FlatInstrumentedType:0.34
Builder:0.2966666666666667
SubclassDynamicTypeBuilder:0.19777777777777777
ClassWriterProvider:0.15833333333333333
TypeWriterBuilderTest:0.14666666666666667
FlatDynamicTypeBuilder:0.1
ForClassReader:0.07
