HttpBlobHandler:0.61
BlobService:0.2866666666666667
CrateHttpChannelPipelineFactory:0.2833333333333333
CrateNettyHttpServerTransport:0.25
