Car:0.7133333333333334
PolymorphismTest:0.2633333333333333
