HistoryParser:0.5433333333333333
HistoryGuru:0.4066666666666667
MercurialRepository:0.28
SubversionRepository:0.28
HistoryCache:0.2733333333333333
ExternalRepository:0.2517063492063492
SCCSHistoryParser:0.1925
SubversionHistoryParser:0.18666666666666668
MercurialHistoryParser:0.17666666666666667
RCSHistoryParser:0.16333333333333333
