StoreScp:0.47
StoreScpService:0.41
PPSScp:0.26666666666666666
MPPSScp:0.21
AbstractScpService:0.17666666666666667
