LibertyQManager:0.5433333333333333
OpenMQQManager:0.36333333333333334
ActiveMQQManager:0.36333333333333334
WASSIBQManager:0.25
