Elvin:0.49166666666666664
Subscription:0.37333333333333335
