ConfigurationProcessor:0.42333333333333334
Sjc91Tests:0.24666666666666667
RequiredAnnotationBeanPostProcessor:0.23
CompleteBeanInjectionConfig:0.22
Assert:0.157
RequiredMethodInvocationTracker:0.07333333333333333
RequiredMethodInvocationRegistry:0.05
IncompleteBeanInjectionConfig:0.006666666666666667
