IRubyDebugTarget:0.41305555555555556
TC_DebuggerCommunicationTest:0.39666666666666667
RubyDebugTarget:0.37666666666666665
TestRubyDebugTarget:0.35333333333333333
RubyDebuggerProxy:0.31
RubyThread:0.31
AbstractReadStrategy:0.3
MultiReaderStrategy:0.29
SuspensionPoint:0.2633333333333333
RubyStackFrame:0.2075
FramesReader:0.19666666666666666
SuspensionReader:0.18
VariableReader:0.16
XmlStreamReader:0.11777777777777776
TC_ReadStrategyTest:0.11333333333333333
RubyLoop:0.1
ThreadInfo:0.08
ThreadInfoReader:0.06666666666666667
TestXmlStreamReader:0.058333333333333334
TC_DebuggerProxyTest:0.02666666666666667
TS_Debug:0.01
SingleReaderStrategy:0.0033333333333333335
