DcmQR:0.6583333333333333
Chess3D:0.31
DcmMoverCli:0.28555555555555556
