NodePanel:0.4666666666666667
ScreenSaverMain:0.41
DelegatingNodeListener:0.25666666666666665
JPPFScreenSaverImpl:0.22666666666666666
SimpleScreenSaver:0.22333333333333333
NodeIntegration:0.10838095238095237
NodeIntegrationAdapter:0.0011111111111111111
