STFTest:0.475
SuperBot:0.45
TestMenuSarosByAliceBob:0.18333333333333332
TestEditDuringInvitation:0.14666666666666667
STFMessages:0.14416666666666667
TestParallelInvitationWithTerminationByHost:0.14
TestParallelInvitationWithTerminationByInvitees:0.13333333333333333
