Strings:0.6966666666666667
Netty3CorsConfigBuilder:0.4533333333333333
Netty3HttpServerTransportTests:0.15
StringsTests:0.03
