Address:0.48333333333333334
Script:0.4453333333333333
Wallet:0.41333333333333333
WalletTest:0.2733333333333333
AbstractFullPrunedBlockChainTest:0.21
AddressTest:0.21
PaymentSessionTest:0.18666666666666668
ScriptTest:0.17333333333333334
