jEdit:0.67
Buffer:0.4666666666666667
VFSManager:0.42
ThreadUtilities:0.4033333333333333
VFS:0.3433333333333333
StatusBar:0.2733333333333333
VFSBrowser:0.23666666666666666
BeanShell:0.22
SearchAndReplace:0.22
ErrorDisplayer:0.19777777777777777
VFSFileChooserDialog:0.19666666666666666
TaskMonitor:0.18333333333333332
VFSFileNameField:0.17
TextAreaTransferHandler:0.15666666666666668
HyperSearchRequest:0.15333333333333332
IoTaskHandler:0.15
ActionHandler:0.14416666666666667
BrowserHandler:0.10666666666666667
BufferInsertRequest:0.10666666666666667
TaskHandler:0.08666666666666667
CountDownLatchRunnable:0.06333333333333334
RunRequestsInAWTThread:0.06333333333333334
