TestPlanExecutionListener:0.8444444444444444
TestExecutionListener:0.4236111111111111
Launcher:0.2966666666666667
ConsoleRunner:0.2633333333333333
TestSummaryReportingTestListener:0.25666666666666665
ColoredPrintingTestListener:0.25
