FileArgumentsProvider:0.5816666666666667
MethodArgumentsProvider:0.38333333333333336
