InfoPathSupport:0.6366666666666667
OpenFormEditorDelegate:0.5211111111111111
