Window2Test:0.45
WindowTest:0.31333333333333335
Console2Test:0.15666666666666668
ConsoleTest:0.09333333333333334
