AdminModule:0.7
HomePageConfig:0.43666666666666665
ZoneConfig:0.4033333333333333
GwtServerHelper:0.30666666666666664
AbstractAdminModule:0.3
ConfigureHomePageController:0.04777777777777777
WebKeys:0.03
