DefaultEmailFormatter:0.5866666666666667
MimeNotifyPreparator:0.29333333333333333
NotifyBuilderEvent:0.21888888888888886
NotifyBuilderEntry:0.17333333333333334
