Transition:0.8166666666666667
TextToTargetStateResolver:0.48
TransitionTests:0.14666666666666667
