ATNState:0.5033333333333333
PostScriptDocument:0.3466666666666667
LexerATNSimulator:0.3
ATNSimulator:0.24666666666666667
LexerNoViableAltException:0.23666666666666666
FailedPredicateException:0.14333333333333334
