Jedis:0.6566666666666666
BinaryJedis:0.2833333333333333
BinaryClient:0.24
ShardedJedisFactory:0.15666666666666668
