Run:0.46
CommandOperationHelper:0.4533333333333333
BaseWriteOperation:0.28
AsyncQueryBatchCursor:0.25333333333333335
QueryBatchCursor:0.25333333333333335
CommandProtocolExecutingCallback:0.22222222222222224
InsertOperation:0.18666666666666668
MixedBulkWriteOperation:0.18
UpdateOperation:0.13666666666666666
DeleteOperation:0.09666666666666666
