VersionProperty:0.69
PluginInfo:0.45388888888888884
PluginDownloader:0.33
Item:0.18
PluginRenderer:0.14666666666666667
