SemanticHighlightingCalculator:0.7633333333333333
MDDUiModule:0.31333333333333335
