MedlineReader:0.4766666666666667
MyTitledNumberedArticle:0.33666666666666667
MedlineMap:0.24
FetchPubmed:0.22666666666666666
DuplicateArticleCollectionTest:0.16666666666666666
