CssSelector:0.36333333333333334
NodeSelector:0.33
PseudoFunctionSelector:0.29
PseudoFunction:0.26666666666666666
CSSellyTest:0.24666666666666667
PseudoClassSelector:0.14333333333333334
PseudoClass:0.11666666666666667
INPUT:0.02666666666666667
HEADER:0.02666666666666667
NTH_LAST_OF_TYPE:0.023333333333333334
LT:0.016666666666666666
EQ:0.013333333333333334
FIRST:0.013333333333333334
LAST:0.013333333333333334
GT:0.006666666666666667
CHECKBOX:0.0
TEXT:0.0
RESET:0.0
CHECKED:0.0
ODD:0.0
IMAGE:0.0
NTH_CHILD:0.0
PARENT:0.0
FILE:0.0
NTH_OF_TYPE:0.0
SELECTED:0.0
PASSWORD:0.0
SUBMIT:0.0
RADIO:0.0
EVEN:0.0
NTH_LAST_CHILD:0.0
