IAtomicReference:0.7952777777777779
ClientAtomicReferenceTest:0.36333333333333334
AtomicReferenceProxy:0.25
ClientAtomicReferenceProxy:0.20333333333333334
AtomicReferenceTest:0.15333333333333332
