MapKeyValueSource:0.4066666666666667
DefaultClientExtension:0.36333333333333334
MapConfigValidator:0.25
MapRemoteService:0.18
MapConfigValidatorTest:0.14
