BaseSet:0.6366666666666667
PySet:0.3933333333333333
PyImmutableSet:0.34
