MainDesktopPane:0.55
AudioPlayer:0.5
SoundWindow:0.31333333333333335
ToolToolBar:0.30333333333333334
