NoSpouseFilter:0.4166666666666667
DetermineBoxSize:0.35333333333333333
TreeFilterBase:0.20666666666666667
