Aligner:0.46
AbstractHarvester:0.44666666666666666
GeonetParams:0.3333333333333333
GeonetHarvester:0.2866666666666667
UUIDMapper:0.22611111111111115
GeonetConsts:0.0
