HttpClientRequestImpl:0.51
ClientConnection:0.39666666666666667
Http2ClientTest:0.3466666666666667
Http2ClientStream:0.33666666666666667
