AbstractFieldSerialForm:0.5333333333333333
SerialForm:0.5333333333333333
