IconSelection:0.58
QueryEditor:0.45666666666666667
CategorySelection:0.30527777777777776
TypeSelection:0.2866666666666667
TagsSelection:0.19833333333333333
SelectionItem:0.17866666666666667
AbstractComboBoxSelection:0.10333333333333333
