User:0.39666666666666667
Constants:0.39166666666666666
LinkUriUtil:0.3233333333333333
Principal:0.32
UserBrief:0.3
ProfileIndexUtils:0.2833333333333333
UserBriefBuilder:0.27
ResourceUtil:0.24666666666666667
DefaultProfileCoreProcessor:0.21
