DataEnvironment:0.6033333333333334
RuntimeObject:0.47333333333333333
ClassDescriptor:0.2808333333333333
CallStep:0.23333333333333334
AbstractVirtualMachine:0.22666666666666666
ModeChangeStep:0.17666666666666667
HopDataStorage:0.17333333333333334
ObjectInitPopStep:0.13333333333333333
