SpokFileFilter:0.6277380952380953
SpectrumResource:0.5483333333333333
