InterceptorsManager:0.37666666666666665
ActionInterceptorStack:0.31666666666666665
InterceptorManagerTest:0.2
ResultsManager:0.17
TestConfigurableStack2:0.043111111111111114
TestConfigurableStack:0.043055555555555555
