InternalOperationService:0.8702222222222225
RemoteInvocationResponseHandler:0.53
ResponseHandlerFactory:0.33666666666666667
