Channel:0.3933333333333333
ConfigurationService:0.36
IRoutingContext:0.3233888888888889
RoutingContext:0.2
RoutingService:0.18333333333333332
IBatchAlgorithm:0.0011111111111111111
TransactionalBatchAlgorithm:0.0
DefaultBatchAlgorithm:0.0
