RDFContainer:0.7911111111111111
SesameRDFContainer:0.6202222222222222
