Switch:0.37333333333333335
Derivation:0.28
ControlDisplay:0.28
Template:0.2633333333333333
ThreadPool:0.23
Exploration:0.21583333333333332
Builder:0.19777777777777777
Automaton:0.19
TemplateBuilder:0.18666666666666668
