ClientConductorProxy:0.6644444444444445
ClientConductor:0.5433333333333333
Aeron:0.4533333333333333
Context:0.4066666666666667
