JoddHttp:0.72
HttpRequest:0.36
HttpBase:0.35333333333333333
JoddHttpDefaults:0.2866666666666667
HttpBrowser:0.21
HttpConnectionProvider:0.15166666666666667
SocketHttpConnectionProvider:0.13666666666666666
