PersonTableModel:0.25666666666666665
TravelToSettlement:0.24583333333333332
MaintainGroundVehicleEVA:0.22666666666666666
Maintenance:0.21666666666666667
CollectIce:0.20666666666666667
Exploration:0.20666666666666667
MedicalAssistance:0.16611111111111113
RepairEVAMalfunction:0.16611111111111113
MaintainGroundVehicleGarage:0.16555555555555557
RepairMalfunction:0.15944444444444444
TendGreenhouse:0.15944444444444444
DeathInfo:0.13
ResearchMedicine:0.09
StudyRockSamples:0.09
ResearchBotany:0.09
ActivityTabPanel:0.07333333333333333
