JSONSerializer:0.6452777777777778
JSONSerializerMapTest:0.14666666666666667
JavaBeanMappingTest:0.14666666666666667
JSONSerializerDeprecatedTest:0.12
