WarScanner:0.6971269841269842
AbstractOsgiServiceImportFactoryBean:0.44
WarLoaderListener:0.2866666666666667
OsgiServiceProxyFactoryBean:0.28
OsgiServiceCollectionProxyFactoryBean:0.21333333333333335
AbstractServiceImporterProxyFactoryBean:0.16666666666666666
DefaultWarScannerTest:0.15333333333333332
DefaultWarScanner:0.12
