SequencerAgent:0.6311111111111111
ClusterMember:0.31666666666666665
MemberStatusPublisher:0.23666666666666666
SequencerAgentTest:0.10166666666666667
