SeqFeatureI:0.6733333333333333
Selection:0.4066666666666667
SeqFeature:0.37666666666666665
DrawableSeqFeature:0.36
TierPopupMenu:0.24
SeqExport:0.23666666666666666
AnnotationMenu:0.19
SeqExportSelectionListener:0.16555555555555557
ViewMenu:0.15
