KroesRule8:0.43
KroesRule10:0.2833333333333333
KroesRule8Test:0.07
KroesRule3:0.06666666666666667
KroesRule10Test:0.056666666666666664
