BeanDefinitionRegisteringConfigurationModelRenderer:0.58
ConfigurationProcessorTests:0.4866666666666667
BeanDefinitionRegisteringConfigurationModelRendererTests:0.21666666666666667
AutowireTests:0.056666666666666664
InnerClassAdviceConfig:0.04
