UltimateRecyclerView:0.7333333333333333
UltimateViewAdapter:0.30333333333333334
BiAdAdapterSwitcher:0.2966666666666667
DebugLoadMoreActivity:0.25666666666666665
TestAdMob:0.2
MainActivity:0.19
CustomSwipeToRefreshRefreshActivity:0.19
GridLayoutRVTest:0.13333333333333333
