PermissionsProcessor:0.8733333333333333
ConstantsProvider:0.25594227994228
