SimpleDrawingView:0.52
ConnectingFiguresSample:0.2966666666666667
SimpleDrawing:0.2277777777777778
Drawing:0.22033333333333333
Handle:0.21361111111111114
SimpleHighlightHandle:0.11666666666666667
