Task:0.49
ClientExecutorServiceInvokeTest:0.3433333333333333
MapPutRunnable:0.2866666666666667
ClientExecutorServiceProxy:0.24666666666666667
ClientExecutorServiceSubmitTest:0.22666666666666666
MapPutPartitionAwareCallable:0.21444444444444447
ClientExecutorServiceExecuteTest:0.20666666666666667
ClientExecutorServiceTest:0.205
MapPutPartitionAwareRunnable:0.19777777777777777
ExecutionDelayTest:0.13666666666666666
MultiExecutionCallbackWrapper:0.0534920634920635
