Node:0.7433333333333333
WindowTest:0.5166666666666667
NodeTest:0.17666666666666667
