Cas30JsonResponseView:0.56
CasValidationConfiguration:0.4666666666666667
WebApplicationServiceFactory:0.30222222222222217
