CertRequestHttpTest:0.8
RequestInstance:0.49333333333333335
CertReqServlet:0.30161111111111105
