MethodReference:0.545
ParcelableGeneratorTest:0.37
ParcelableAnalysis:0.34
ParcelerPrivateInvocationBuilder:0.14666666666666667
WriteReferenceVisitor:0.14333333333333334
ReadReferenceVisitor:0.14333333333333334
