BaseXhrListener:0.38
XhrTransport:0.36666666666666664
BaseListener:0.3
JsonPTransport:0.20333333333333334
