RGG:0.7933333333333333
LockableImpl:0.3374206349206349
