MapOperationProvider:0.7533333333333333
PutAllOperation:0.4866666666666667
MapProxySupport:0.43666666666666665
WANAwareOperationProvider:0.22666666666666666
MapOperationProviderDelegator:0.22
DefaultMapOperationProvider:0.22
MapPutAllMessageTask:0.13666666666666666
