MongoClient:0.7366666666666667
Mongo:0.6633333333333333
ConnectionPoolSettings:0.47333333333333333
Fixture:0.35333333333333333
MongoClients:0.35
MongoClientOptions:0.24
MongoClientImpl:0.19666666666666666
MongoClientURI:0.18666666666666668
PlainAuthenticationTest:0.15
GSSAPIAuthenticationTest:0.13333333333333333
MongoDatabaseOptions:0.10333333333333333
