MapperService:0.5366666666666666
CreateIndexIT:0.31
ChildQuerySearchIT:0.25333333333333335
PercolatorFieldMapperTests:0.23333333333333334
IndicesService:0.19166666666666668
PutMappingExecutor:0.16666666666666666
LocalShardSnapshot:0.16333333333333333
