SocketClient:0.6166666666666667
SSLHandler:0.47333333333333333
DefaultSSLAsyncConnection:0.21333333333333335
NIOListener:0.17666666666666667
