RuntimeStep:0.35333333333333333
Utils:0.3
ScriptExecutionEngine:0.2966666666666667
VariablesUtils:0.2783333333333333
ScriptEditViewPart:0.2633333333333333
