InsertTest:0.32666666666666666
PostgresGeneratedKeysTest:0.32666666666666666
MultipleResultTest:0.3233333333333333
RefCursorTest:0.31666666666666665
