TopologyViewScene:0.44
TopologyViewTopComponent:0.2866666666666667
SceneConnectProvider:0.255
ObjectNodeWidget:0.25333333333333335
ObjectConnectionWidget:0.23666666666666666
AcceptActionProvider:0.2277777777777778
TopologyViewService:0.2041666666666667
