Link:0.6
Handle:0.36
Flag:0.3244444444444444
QuotesTest:0.2633333333333333
LazyObject:0.15333333333333332
WeakReferenceObservable:0.15333333333333332
RelinkableHandle:0.11016666666666666
Stock:0.07
IntrumentsTest:0.05
