BootstrapProgressBar:0.615
BootstrapButtonGroup:0.5166666666666667
HomeActivity:0.31333333333333335
