ApprovalSession:0.5683333333333334
DummyApprovalRequest:0.5133333333333333
ApprovalSessionTest:0.36333333333333334
ListApproveActionManagedBean:0.2733333333333333
