ComputedCSSStyleDeclaration:0.7766666666666666
HTMLElement2Test:0.37666666666666665
