MainTableModel:0.9066666666666666
PluginManagerUI:0.36666666666666664
