CA:0.57
X509CAInfo:0.5366666666666666
ICertificateStoreSessionRemote:0.4976746031746032
CAInfo:0.4066666666666667
LocalCertificateStoreSessionBean:0.3
X509CA:0.2633333333333333
ICertificateStoreSessionLocal:0.2535396825396825
CAAdminSessionBean:0.21333333333333335
CAInfoView:0.11333333333333333
CaInitCommand:0.09666666666666666
CaExportProfilesCommand:0.07666666666666666
CaImportProfilesCommand:0.07666666666666666
