PostingDef:0.6266666666666667
MailModuleImpl:0.49333333333333335
FolderEmailFormatter:0.4066666666666667
IcalModuleImpl:0.33666666666666667
SendEmail:0.27
DefaultFolderEmailFormatter:0.26
IcalModule:0.23777777777777775
BinderModuleImpl:0.19666666666666666
DefaultEmailPoster:0.056666666666666664
FolderEmailPoster:0.045
LdapSynchronization:0.04
