ReindexVersioningTests:0.461111111111111
ReindexTestCase:0.2
ReindexBasicTests:0.17333333333333334
ReindexParentChildTests:0.16666666666666666
ReindexCancelTests:0.15
UpdateByQueryCancelTests:0.15
UpdateByQueryBasicTests:0.14666666666666667
ReindexFailureTests:0.14
