HDKeyDerivation:0.45666666666666667
ChildNumber:0.3933333333333333
DeterministicHierarchy:0.36
BIP32Test:0.17333333333333334
DeterministicHierarchyTest:0.12333333333333334
ChildKeyDerivationTest:0.06333333333333334
