ShadowApplication:0.5466666666666666
ConnectivityManagerTest:0.4
ApplicationTest:0.25
ShadowNetworkInfo:0.21
ShadowWifiManager:0.17
WifiManagerTest:0.13333333333333333
ShadowConnectivityManager:0.04
