PasteOrDrop:0.5466666666666666
BioResourceTransfer:0.5038888888888888
PasteBioResourceAction:0.24
