Date:0.83
BlackVarianceCurve:0.4666666666666667
BlackVarianceSurface:0.35333333333333333
