Constants:0.5496507936507937
ApplicationEntityManagerImpl:0.45666666666666667
Util:0.4166666666666667
BusinessEntityManagerImpl:0.33
