InfoViewerPlugin:0.8366666666666667
HelpViewerFrame:0.35433333333333333
