Action:0.58
Request:0.43333333333333335
ReplicationOperation:0.34
TransportReplicationAction:0.2075
ReplicationGroup:0.20333333333333334
ShardFlushRequest:0.19
TestReplicationOperation:0.13333333333333333
TransportShardRefreshAction:0.11666666666666667
NoopReplicationOperation:0.11333333333333333
TransportShardFlushAction:0.10666666666666667
