Batch:0.8933333333333333
SpriteBatch:0.41333333333333333
PolygonSpriteBatch:0.27
DistanceFieldBitmapFont:0.26666666666666666
