FeatureEditorDialog:0.45
GeneEditPanel:0.38666666666666666
DefaultNameAdapter:0.35333333333333333
FlyNameAdapter:0.2733333333333333
ApolloNameAdapterI:0.26666666666666666
FeatureEditPanel:0.24666666666666667
