SearchQueryIT:0.5455555555555556
SearchSourceBuilderTests:0.5133333333333333
IdsQueryBuilderTests:0.26666666666666666
