TestCompilation:0.4866666666666667
SourceCompiler:0.21333333333333335
CustomClassLoader:0.14
JPPFSourceCompiler:0.10333333333333333
CharSequenceSource:0.09666666666666666
InMemoryFileManager:0.07666666666666666
BytecodeObject:0.01
