OcspCertHashExtension:0.9466666666666667
OcspCertHashExtensionTest:0.20666666666666667
