Renderer3D:0.6033333333333334
MoleculeViewer3D:0.49666666666666665
Viewer:0.15
