QueryRetrieveScpService:0.7266666666666667
GetTask:0.31666666666666665
MoveTask:0.25333333333333335
