DFHandler_MapsTest:0.2986666666666667
MapItemBindingTest:0.2303333333333333
MapItemClickOnMap2Test:0.17700000000000002
MapItemSymbolRendererInteractiveTest:0.17700000000000002
MapItemsUIHandlerTest:0.17700000000000002
MapItemClickOnMapTest:0.17700000000000002
MapItemSymbolRendererInteractive2Test:0.17700000000000002
MapItemClickOnMapVertTest:0.17700000000000002
MapItemSymbolRendererInteractive4Test:0.17700000000000002
MapItemLineSegmentRendererInteractive2Test:0.17700000000000002
MapItemLegendRenderer4Test:0.17700000000000002
DFHandler_3Test:0.17700000000000002
MapItemLineSegmentRendererInteractiveTest:0.17700000000000002
MapItemSymbolRendererInteractive3Test:0.17700000000000002
MapLibraryManager2Test:0.17700000000000002
