CoreAL10:0.26666666666666666
ALUTLoadWAVFile:0.2633333333333333
ALUT:0.19777777777777777
AL:0.0011111111111111111
BaseAL:0.0
ALConstants:0.0
BaseALConstants:0.0
EAXALConstants:0.0
