SuspendablesScanner:0.6
AutoSuspendablesScanner:0.42333333333333334
ClassLoaderUtil:0.24666666666666667
AutoSuspendablesScannerTest:0.19333333333333333
AntTask:0.031111111111111114
