SimplePool:0.5805555555555555
DBPort:0.5658333333333333
DBPortPool:0.35
