PinnedBinding:0.2733333333333333
SingleServerBinding:0.26
AsyncSingleConnectionBinding:0.25333333333333335
ClusterBinding:0.2375
AsyncClusterBinding:0.22333333333333333
