ShapeJEdge:0.42333333333333334
PullNode:0.2966666666666667
AdmissibilityConstraint:0.26
ShapeJGraph:0.19666666666666666
ShapeJEdgeView:0.18
EdgeMatEqSystem:0.17666666666666667
TestShapeGenerator:0.17666666666666667
