AndroidGraphics:0.5683333333333334
ActionTest:0.3416666666666667
MD5Test:0.2633333333333333
JoglDebugStarter:0.18
LifeCycleTest:0.16333333333333333
TextureDataTest:0.13666666666666666
