Definition:0.6
AccessControlManagerImpl:0.4533333333333333
Binder:0.36333333333333334
NullAccessControlManager:0.29333333333333333
Folder:0.24666666666666667
AccessControlManager:0.19416666666666665
AclControlledEntry:0.16333333333333333
AclControlled:0.09166666666666666
