StringProperty:0.7366666666666667
ObjectProperty:0.6166666666666667
PropertySerializationTest:0.4766666666666667
PropertyDeserializer:0.44333333333333336
