Formatter:0.38666666666666666
TestStatementBuilder:0.2633333333333333
AnyOperator:0.25333333333333335
AstVisitor:0.24
AnyEqOperatorTest:0.22333333333333333
Visitor:0.22083333333333333
TransportSQLActionTest:0.20666666666666667
StringType:0.17043650793650794
SelectAnalyzerTest:0.15333333333333332
OperatorModule:0.12043650793650794
ArrayComparisonExpression:0.09333333333333334
DataStatementAnalyzer:0.08666666666666667
