JFXEditorModelSymbolTableTest:0.4066666666666667
JFXBlinkingContainerRendererTest:0.2966666666666667
ApplyScriptJFXAction13Test:0.29
JFXServerCockpitChangeWindowLayoutTest:0.26666666666666666
JFXLayerTreeEditorCreateSymbolWidget2Test:0.24333333333333335
JFXSymbolRenderer3Test:0.19333333333333333
JFXLayerTreeEditorCreateSymbolWidget3Test:0.05333333333333334
JFXBlinkingContainerRenderer2Test:0.041666666666666664
