FloatRange:0.4155555555555555
IntRange:0.4155555555555555
IntSet:0.24333333333333335
FloatSet:0.24333333333333335
FloatSetTest:0.23666666666666666
IntSetTest:0.23666666666666666
