TestVAE:0.49666666666666665
VaeGradientCheckTests:0.36666666666666664
TestReconstructionDistributions:0.3333333333333333
