DefinitionModuleImpl:0.5533333333333333
AbstractEntryProcessor:0.4266666666666667
FileModuleImpl:0.36666666666666664
