ChangeCoordsEdit:0.5405555555555556
CleanUpEdit:0.37
CleanupAction:0.3566666666666667
