HopCompilerErrorManagerNode:0.37666666666666665
HopCompilerErrorDescriptor:0.36666666666666664
CompilerErrorNode:0.13166666666666665
