Gedcom:0.75
Property:0.6433333333333333
Propagate:0.18
Add:0.17944444444444446
Cut:0.16444444444444445
ReportValidate:0.16333333333333333
Paste:0.14
Model:0.14
OK:0.14
IOUnitOfWork:0.1325
ActionStart:0.11333333333333333
ActionRun:0.10333333333333333
AddTab:0.08
DelTab:0.07666666666666666
