Emotions:0.5266666666666666
ArticleQueryService:0.34
Article:0.3028333333333333
ArticleProcessor:0.2833333333333333
CommentQueryService:0.24333333333333335
