ValueType:0.5288888888888889
Proto:0.43833333333333335
EclipseSourceExtractor:0.43333333333333335
