DriverPublication:0.68
DriverConductor:0.45666666666666667
SenderTest:0.30333333333333334
