EventConstants:0.5947777777777777
Graph:0.41333333333333333
Queued:0.22666666666666666
DefaultGraphResultsService:0.22333333333333333
