CodeCompiler:0.5455555555555556
ScopeInfo:0.43666666666666665
Module:0.4
