Interpreter:0.7133333333333334
ResponseReceiver:0.2866666666666667
RequestResponseProcess:0.2733333333333333
OutputPort:0.22666666666666666
Jolie:0.20111111111111113
