BlockableController:0.6201507936507936
ServletUtil:0.5733333333333334
JAMWikiServlet:0.2966666666666667
EditServlet:0.20333333333333334
UploadServlet:0.18333333333333332
MoveServlet:0.17666666666666667
RegisterServlet:0.14333333333333334
