MigrationOperation:0.3297619047619047
PartitionRuntimeState:0.31666666666666665
ClientEngineImpl:0.31333333333333335
CollectionService:0.27666666666666667
FinalizeMigrationOperation:0.26105555555555554
ReplicaSyncRequest:0.24111111111111108
MapReplicationOperation:0.20333333333333334
