TestAPIALite:0.7583333333333333
DefaultSerializer:0.7283333333333334
