JPPFClassLoader:0.49666666666666665
ClassServerDelegate:0.36666666666666664
ClassServerFactory:0.25
SendingProviderRequestState:0.242
SendingNodeResponseState:0.20580952380952383
WaitingNodeRequestState:0.20580952380952383
WaitingProviderResponseState:0.20580952380952383
