GeolocationContextMapping:0.7233333333333334
ContextSuggestSearchTests:0.6366666666666667
GeoLocationContextMappingTest:0.17
