Encoding:0.4
Binding:0.36
EncodingTest:0.36
Environment:0.2633333333333333
EncodedElement:0.23
Proto:0.22
Binder:0.20333333333333334
EncodingInfo:0.185
Interpolator:0.13666666666666666
CodeTest:0.11
Instantiation:0.06
