Pointtransfer:0.7783333333333333
Invitecode:0.635
AdminProcessor:0.38
PointtransferQueryService:0.27
UserProcessor:0.23333333333333334
LoginProcessor:0.15666666666666668
InvitecodeMgmtService:0.15333333333333332
