PeerDiscoveryThread:0.39666666666666667
NodeNioServer:0.32666666666666666
AbstractJPPFClient:0.29
AbstractClientConnectionHandler:0.2866666666666667
TaskQueueChecker:0.26
AbstractGenericClient:0.24
DriverInitializer:0.16666666666666666
PeerNode:0.15527777777777776
JPPFMulticastReceiverThread:0.14
DescendingIntegerComparator:0.12
ClientPool:0.09
ConnectionHandler:0.06333333333333334
