FontResource:0.36666666666666664
ImagePainter:0.3333333333333333
StateInfo:0.27666666666666667
ObjectHandler:0.27
SynthModelVisitor:0.27
TableGenerator:0.26
DefaultSynthStyle:0.25333333333333335
Synth2LookAndFeel:0.24
SynthLookGenerator:0.23333333333333334
UIComponentsFactory:0.20666666666666667
Synth2Parser:0.19
SynthConverterAction:0.10666666666666667
