TreapNode:0.5361111111111111
Treap:0.42333333333333334
