DSLContext:0.6466666666666666
DDL:0.5666666666666667
DefaultDSLContext:0.41333333333333333
