Scope:0.5047619047619049
RubyCore:0.3566666666666667
RubyRuntime:0.31083333333333335
TypeInferenceVisitor:0.3
RubyScriptStructureBuilder:0.2733333333333333
XmlPullParserException:0.22166666666666668
ASTUtil:0.21833333333333332
MatchCollector:0.215
AbstractRubyModelTest:0.19666666666666666
CompletionEngine:0.19666666666666666
RubyCodeAnalyzer:0.1605
TC_RubyRuntime:0.12333333333333334
MatchAlgorithm:0.11666666666666667
TC_RubyCodeAnalyzer:0.11
