UpdateAnalyzerTest:0.51
UpdateAnalyzer:0.42333333333333334
UpdateIntegrationTest:0.3933333333333333
UpdateSubscriptValidator:0.13
