Mapper:0.7302777777777778
ContextAccessor:0.43666666666666665
DynSqlTest:0.4066666666666667
ForEachTest:0.3
