SelectStatementAnalyzerTest:0.6133333333333333
RelationAnalyzer:0.28
ValidatorContext:0.19088888888888889
OrderByWithAggregationValidator:0.15166666666666667
InnerValidator:0.10666666666666667
