InternalResourceGroup:0.5333333333333333
TestDbResourceGroupConfigurationManager:0.31333333333333335
QueryStateInfo:0.31333333333333335
TestResourceGroups:0.26
TestQueryStateInfo:0.25
InternalResourceGroupManager:0.21
NoOpResourceGroupManager:0.15416666666666667
ResourceGroupManager:0.052388888888888895
