RaceDetector:0.5166666666666667
PUTFIELD:0.12
GETFIELD:0.10666666666666667
