SimulationProperties:0.5366666666666666
PropertiesXmlReader:0.42333333333333334
MasterClock:0.37666666666666665
TimeWindow:0.23333333333333334
