FilterDispatcher:0.6394444444444445
StrutsXmlConfigurationProvider:0.4866666666666667
StrutsRequestWrapper:0.2866666666666667
