HttpClientMetrics:0.5836111111111112
HttpClientRequestImpl:0.4533333333333333
DummyHttpClientMetrics:0.30666666666666664
