MongoCollection:0.6663888888888889
IndexOptions:0.48
DBCollection:0.38333333333333336
CollectionHelper:0.34
MongoCollectionImpl:0.2733333333333333
AddIndexAcceptanceTest:0.18333333333333332
