InternalTableHandle:0.47
ImportTableHandle:0.37
QualifiedTableName:0.2966666666666667
ImportMetadata:0.2
TestingTpchBlocksProvider:0.19666666666666666
GeneratingTpchDataProvider:0.19666666666666666
NativeTableHandle:0.18333333333333332
NativeMetadata:0.17
TpchTableHandle:0.17
SplitManager:0.16666666666666666
TestJsonTableHandle:0.14333333333333334
TpchSchema:0.13666666666666666
InformationSchemaMetadata:0.13666666666666666
SystemTables:0.13666666666666666
DualTable:0.08333333333333333
TestInternalSplit:0.08
