RedisCommands:0.5405555555555556
RSemaphore:0.44333333333333336
RedissonSemaphore:0.4266666666666667
