Index:0.49
Builder:0.43666666666666665
ConvolutionLayer:0.26
BaseLayer:0.24333333333333335
ApiResource:0.21333333333333335
BatchActor:0.21333333333333335
DiskBasedQueue:0.20333333333333334
GRU:0.19333333333333333
SequenceVectors:0.16666666666666666
LegacyTsne:0.15666666666666668
LSTMHelpers:0.11
SentenceBatch:0.11
