VonPhotoUtils:0.4866666666666667
VonFileUtils:0.39222222222222225
ActivityVonPhoto:0.21333333333333335
