LocalDate:0.5133333333333333
InstantConverter:0.4732222222222222
LocalTime:0.44333333333333336
AbstractConverter:0.23333333333333334
StringConverter:0.23333333333333334
