AclObjectIdentityInsert:0.47422222222222227
AclPermissionInsert:0.47422222222222227
