Canvas:0.29305555555555557
XY:0.29
GraphicSymbol:0.245
LatLonAlt:0.225
RangeBearing:0.225
UTM:0.225
Pixel:0.215
XYZ:0.2111111111111111
