FileAdministration:0.7233333333333334
FileRescanRunner:0.37805555555555553
