GwtTeamingMessages:0.4680555555555556
EditLdapConfigDlg:0.4633333333333333
GwtLdapConfig:0.31333333333333335
GwtServerHelper:0.2966666666666667
GwtHomeDirConfig:0.27051984126984113
GwtLdapSearchInfo:0.27051984126984113
InvokeEditLdapConfigDlgEvent:0.26666666666666666
GwtRpcServiceImpl:0.25
EventHelper:0.23
AdminControl:0.16333333333333333
GwtLdapConnectionConfig:0.0867222222222222
GwtLdapHelper:0.08333333333333333
GetLdapConfigCmd:0.0
