Context:0.6052222222222221
Receiver:0.5366666666666666
