RealNumberAnnotation:0.5
RealNumberAnnotationDao:0.24
AnnotationDao:0.23
ChoiceAnnotationDao:0.20333333333333334
TextAnnotationDao:0.20333333333333334
AuditUpdateAdvice:0.11666666666666667
