Beans:0.78
LdapAuthorizationProperties:0.5266666666666666
LdapUserAttributesToRolesAuthorizationGenerator:0.3333333333333333
CasLdapUserDetailsManagerConfigurer:0.24333333333333335
LdapUserGroupsToRolesAuthorizationGenerator:0.22666666666666666
CasManagementLdapAuthorizationConfiguration:0.21333333333333335
CasWebApplicationSecurityConfiguration:0.05
