MongoCollectionImpl:0.7733333333333333
MongoDatabaseImpl:0.3933333333333333
AggregateIterableImpl:0.3577777777777777
