Compiler:0.8033333333333333
HopVirtualMachine:0.38333333333333336
AbstractVirtualMachine:0.33666666666666667
