ElementUtil:0.5633333333333334
BindingConverter:0.44444444444444436
GeneratedExecutableElement:0.4033333333333333
TypeUtil:0.3466666666666667
AbstractMethodRewriter:0.29333333333333333
TypeVisitor:0.2636150793650792
RewriteContext:0.2
JdtTypes:0.19666666666666666
TypeFixer:0.18666666666666668
DestructorGenerator:0.14333333333333334
Scope:0.13666666666666666
