AsyncBroadcastAction:0.5266666666666666
QueryVisitorTest:0.51
GroupByKey:0.34
StringLuceneField:0.20333333333333334
ITableExecutionContext:0.2
SQLReduceJobStatus:0.19
GroupByHelperTest:0.11
TransportDistributedSQLAction:0.09333333333333334
GlobalRows:0.07666666666666666
SQLGroupingCollectorBenchmark:0.02666666666666667
