LocalActor:0.5
ActorRegistry:0.3233333333333333
ActorLifecycleListener:0.30666666666666664
ActorImpl:0.30666666666666664
RemoteActor:0.23833333333333334
