Style:0.7
NaviOXStyle:0.39666666666666667
PortalStyle:0.27666666666666667
Liferay43Style:0.27666666666666667
