StartLimitExceededException:0.5322222222222222
SimpleJob:0.37333333333333335
SimpleJobTests:0.36333333333333334
