KeyValue:0.87
Entries:0.5566666666666666
MapIterateKeysHandler:0.2633333333333333
MapIterateEntriesHandler:0.2633333333333333
