UrlManager:0.6283333333333333
NBrowseApplet:0.6266666666666667
