Wrapper:0.6166666666666667
MPanel:0.42
MMultiPanel:0.23
Content:0.20333333333333334
PropertyPanel:0.2025
Advanced:0.14
ItemWrapper:0.06666666666666667
