AliasMatchesIterator:0.5133333333333333
MatchesIterator:0.42
EmptyMatchIter:0.29500000000000004
