Robolectric:0.4938888888888889
ShadowKeyguardManager:0.29722222222222217
KeyguardManagerTest:0.2733333333333333
