ClusterWideMapTest:0.40166666666666667
WrappedAsyncMap:0.26666666666666666
FakeAsyncMap:0.26666666666666666
AsyncMap:0.21027777777777779
