Interpreter:0.53
CommandLineParser:0.4166666666666667
Range:0.3383333333333333
Manifest:0.016666666666666666
