EnterAirlock:0.37666666666666665
ExitAirlock:0.30333333333333334
LoadVehicleEVA:0.2966666666666667
TaskManager:0.26555555555555554
AreologyStudyFieldMission:0.22666666666666666
