BackPropMLPTest:0.5183333333333333
MultiLayerTest:0.4633333333333333
