ObjectiveCSourceFileGenerator:0.4633333333333333
ObjectiveCImplementationGenerator:0.4483333333333333
ObjectiveCHeaderGenerator:0.43
