CDKManager:0.76
ICDKManager:0.43333333333333335
CDKManagerTest:0.31666666666666665
