ImplementationContextDefaultTest:0.4633333333333333
OffsetLoading:0.34
MethodVariableAccessOfMethodArgumentsTest:0.33
TypeProxyCreationTest:0.25333333333333335
