ObjectMapper:0.38333333333333336
FieldMappersLookup:0.3566666666666667
InternalTestCluster:0.32666666666666666
MapperService:0.22
AnalyzerMapper:0.21916666666666668
DocumentMapper:0.21666666666666667
TransportGetFieldMappingsIndexAction:0.17
Builder:0.15833333333333333
DocumentFieldMappers:0.15
RootObjectMapper:0.11666666666666667
FieldNameAnalyzer:0.09666666666666666
FieldMapperListener:0.06333333333333334
InternalFieldMapperListener:0.006666666666666667
