NetworkLayout:0.5077777777777777
VisualTopComponent:0.41
NeuralGraphRenderer:0.24
NeuralNetworkClass:0.19333333333333333
NeuralNetworkDataObject:0.17666666666666667
JNeuralNetwork:0.115
JNeuron:0.07666666666666666
JLayer:0.07666666666666666
JLayer_1:0.06333333333333334
KohonenLayout:0.04638888888888889
RowLayersLayout:0.03922222222222223
SquareLayersLayout:0.03922222222222223
