LdapPasswordAuthenticationDao:0.7133333333333334
UserContext:0.6197222222222222
