RestRankEvalAction:0.6866666666666666
RankedListQualityMetric:0.6783333333333333
