InternalQueryCache:0.6333333333333333
QueryCacheEndToEndProvider:0.39
NullQueryCache:0.35
ClientMapProxy:0.3333333333333333
DefaultQueryCache:0.3258333333333333
MapProxySupport:0.23
AbstractInternalQueryCache:0.2
QueryCacheFactory:0.11333333333333333
