UTFUtil:0.7766666666666666
FastStringCreator:0.2777777777777778
UTFUtilTest:0.24
