StateEvent:0.6133333333333333
StateListener:0.5366666666666666
MPanel:0.51
MTogglePanel:0.30666666666666664
MCalendar:0.26
TaskPanel:0.20333333333333334
