ServerXMLDFHandler:0.45
ARINCModelFactory:0.35333333333333333
AbstractWidgetRefHandler:0.35
TreeEditorHelper:0.32666666666666666
ClientXMLDFHandler:0.3233333333333333
AbstractXMLDFHandler:0.29333333333333333
ServerXMLSymbolsHandler:0.2825
ServerBinaryDFHandler:0.2825
TreeEditorCopyHelper:0.27666666666666667
AbstractServerEngine:0.24
ActiveAreaRenderer:0.22333333333333333
DFHandlerWithExtension2Test:0.21333333333333335
DFHandlerWithExtensionTest:0.20722222222222222
ModelConstants:0.20333333333333334
ProtocolInputDecoder_5Test:0.20111111111111113
AbstractClientEngine:0.19
LayerHelper:0.13666666666666666
ClientXMLDFHandlerWithExtension2Test:0.13666666666666666
ActiveAreaRendererTest:0.06
CursorEventsExtensionRenderer:0.05333333333333334
ARINC661:0.04666666666666667
CursorEventsExtension:0.04666666666666667
JFXCursorEventsHelper:0.006666666666666667
AWTCursorEventsHelper:0.0
