MariaDB:0.894626984126984
DriverDataSource:0.6630555555555556
