Engine:0.7766666666666666
DFLoaderListener:0.61
DebugModel:0.36666666666666664
ClientXMLDFHandler:0.33166666666666667
Breakpoint:0.2733333333333333
AbstractConfigurationParser:0.2733333333333333
AbstractServerEngine:0.25
ServerXMLDFHandler:0.24666666666666667
AbstractXMLDFHandler:0.21666666666666667
ClientDebugMessageProcessor:0.21666666666666667
HexadecimalDecoder:0.2105952380952381
AbstractClientEngine:0.19666666666666666
ServerDebugMessageProcessor:0.19333333333333333
ClientConfigurationParser:0.1872222222222222
ScenarioDebuggerAction:0.15333333333333332
DebugPlugin:0.14666666666666667
ScenarioViewer:0.12333333333333334
DebugDFLoaderListener:0.08666666666666667
DebugTreeRenderer:0.04722222222222222
EditDebugDialog:0.04
GroovyScript:0.04
DebugScript:0.03666666666666667
ForwardWorker:0.03
ScriptContext:0.02
