Console:0.5533333333333333
ProcessManager:0.3566666666666667
ConsoleProcess:0.3
ViewState:0.22333333333333333
DefaultShell:0.21333333333333335
DefaultShellBuiltIns:0.16777777777777778
StreamThread:0.13
