Config:0.4533333333333333
Style:0.43666666666666665
Gene:0.3933333333333333
Transcript:0.38666666666666666
GAMEAdapter:0.25333333333333335
CommentEditPanel:0.23333333333333334
DrawableFeatureSet:0.23333333333333334
AnnotationEditor:0.22666666666666666
GenbankAdapter:0.22666666666666666
GeneEditPanel:0.21666666666666667
AnnotationMenu:0.21333333333333335
DrawableSeqFeature:0.20083333333333334
ScaleView:0.19333333333333333
GenbankValidator:0.17
WashingLine:0.15666666666666668
TranscriptEditPanel:0.14333333333333334
HelpMenu:0.13
DrawableAnnotatedGeneSeqFeature:0.13
PeptideValidator:0.09333333333333334
FlyIdValidator:0.09
