AbstractInstrumentedTypeTest:0.37333333333333335
AbstractTypeDescription:0.31333333333333335
AbstractTypeDescriptionTest:0.3
FieldProxyBinderTest:0.27
GenericSignatureResolutionTest:0.25
LazyProjection:0.18333333333333332
ForSignatureVisitor:0.18166666666666667
