Console:0.6433333333333333
SystemShell:0.3
ConsoleProcess:0.2866666666666667
InputThread:0.22333333333333333
StreamThread:0.11666666666666667
RunActionHandler:0.06666666666666667
