Bundler:0.5166666666666667
SimpleBundler:0.34
JMXConnectionThread:0.33
AbstractJPPFClientConnection:0.32666666666666666
JPPFResourceAdapter:0.25
JcaResultProcessor:0.24333333333333335
AbstractJPPFClient:0.21666666666666667
JPPFSubmissionManager:0.18666666666666668
JPPFSubmissionResult:0.16666666666666666
AbstractBundler:0.16333333333333333
JMXConnectionWrapper:0.15666666666666668
NodeContext:0.14333333333333334
BundleDataHolder:0.13333333333333333
BundlerFactory:0.1225
EmptyTask:0.045
ClientExecution:0.02
ProfilingRunner:0.0
