Dbms:0.5066666666666667
ResourceManager:0.3433333333333333
Info:0.3333333333333333
XPath:0.308
BasicContext:0.29333333333333333
ServiceManager:0.2733333333333333
DbmsPool:0.2733333333333333
RegExpReplace:0.2633333333333333
ServiceInfo:0.25
SOAPUtil:0.24333333333333335
Processor:0.23666666666666666
ServiceConfig:0.23
ListMetadataFormatsResponse:0.21972222222222218
Record:0.21333333333333335
SerialFactory:0.2
CachingTransformerFactory:0.19666666666666666
ServiceRequestFactory:0.19666666666666666
AbstractRequest:0.19
XmlRequest:0.19
JeevesEngine:0.18666666666666668
ProfileManager:0.17333333333333334
Harvester:0.17333333333333334
AbstractPage:0.17
ScheduleManager:0.15333333333333332
Get:0.15333333333333332
Put:0.14666666666666667
ServiceContext:0.14333333333333334
ErrorHandler:0.13833333333333334
Execute:0.13666666666666666
FragmentHarvester:0.13666666666666666
ListResponse:0.12
Select:0.115
UserSession:0.08333333333333333
SearchResult:0.07833333333333334
AbstractTokenLister:0.07666666666666666
DBUtils:0.043333333333333335
ScheduleContext:0.03
