Datastream:0.41333333333333333
TestAdminAPI:0.37333333333333335
DefaultManagement:0.29333333333333333
ManagementModule:0.24
ServerController:0.16666666666666666
ServerUtility:0.10666666666666667
PIDStreamIterableWrapperTest:0.04666666666666667
AllSystemTestsConfigC:0.042222222222222223
AllSystemTestsConfigA:0.042222222222222223
AllSystemTestsConfigB:0.042222222222222223
ServerUtilitySerializer:0.041666666666666664
PIDStreamIterableWrapper:0.029166666666666667
