MasterConfig:0.37666666666666665
ServiceUtil:0.3566666666666667
AgentConfig:0.31
SystemTestBase:0.27666666666666667
MasterParser:0.16333333333333333
AgentParser:0.16333333333333333
AgentService:0.14333333333333334
MasterService:0.14333333333333334
