QueryEditorScene:0.5133333333333333
ComplexQueryResultTopComponent:0.38333333333333336
QueryManagerTopComponent:0.34
QueryManagerService:0.31
