Dispatcher:0.583111111111111
InitializationStrategy:0.57
AgentBuilderInitializationStrategyTest:0.22333333333333333
