DateTime:0.59
JtdsResultSet:0.4166666666666667
TdsData:0.36333333333333334
JtdsPreparedStatement:0.22333333333333333
TimestampTest:0.21000000000000002
CachedResultSet:0.17333333333333334
MSCursorResultSet:0.17333333333333334
Support:0.15666666666666668
