Property:0.3688888888888889
ComponentGrid:0.32666666666666666
ElementGrid:0.29
ElementButton:0.2225
AbstractFormInstanceLoader:0.19666666666666666
ProcessInstanceView:0.19194444444444445
ComponentButton:0.14666666666666667
AbstractElementContainer:0.14666666666666667
ScriptQueryExecutorImpl:0.12
FormInstanceCreator:0.06333333333333334
Function:0.03
