DurableExecutorServiceTest:0.5866666666666667
SleepLatchRunnable:0.34855555555555556
TaskProcessor:0.25666666666666665
DurableLongRunningTaskTest:0.16
ReferenceObjects:0.043333333333333335
