SearchItem:0.30666666666666664
NegatedSearchItem:0.2833333333333333
FreeNumberDispenser:0.2811111111111111
HostFactory:0.28
StoreFactory:0.23666666666666666
PlanData:0.19333333333333333
PatternSearchPlan:0.15
ItemTypeComparator:0.03
