StudyBean:0.6161111111111112
FileSystemMgtBean:0.29933333333333334
