Tree:0.48333333333333334
Empty:0.41
Node:0.41
TreeTest:0.20666666666666667
TreeModule:0.0575
