BootstrapBrand:0.67
BootstrapButton:0.38
RoundableView:0.3761111111111111
BootstrapDrawableFactory:0.30333333333333334
BootstrapProgressBar:0.25666666666666665
BootstrapLabel:0.2
AwesomeTextView:0.19666666666666666
BootstrapButtonExample:0.14333333333333334
BootstrapLabelExample:0.10666666666666667
