LifeSupportType:0.5483333333333333
SystemCondition:0.53
Settlement:0.44666666666666666
Malfunction:0.4166666666666667
PhysicalCondition:0.39
BuildingManager:0.38666666666666666
MalfunctionManager:0.38
Cooking:0.31333333333333335
Weather:0.2966666666666667
EVASuit:0.25666666666666665
Building:0.23666666666666666
HealthProblem:0.215
Robot:0.21333333333333335
Crop:0.21
TransportWizard:0.20666666666666667
CookMeal:0.20666666666666667
RobotTableModel:0.20333333333333334
RoverMission:0.20333333333333334
WalkSettlementInterior:0.2
Resupply:0.19666666666666666
HistoricalEventManager:0.19666666666666666
Farming:0.19666666666666666
TabPanelCareer:0.19
TreatMedicalPatient:0.18666666666666668
MalfunctionFactory:0.17666666666666667
Meteorite:0.175
PrescribeMedication:0.17333333333333334
TabPanelActivity:0.17
BotMembersTableModel:0.14333333333333334
BotsTableModel:0.13666666666666666
AnimationListener:0.11333333333333333
MeteoriteImpactImpl:0.09666666666666666
RobotWindow:0.08666666666666667
KeyboardDetection:0.07666666666666666
Conversion:0.07666666666666666
MouseDetection:0.03333333333333333
