NettyUtils:0.54
PagedBytesReference:0.48333333333333334
NettyHttpChannel:0.27
HttpChannelPipelineFactory:0.15666666666666668
