StatementClient:0.53
PrestoHeaders:0.25665079365079363
ExecuteResource:0.24333333333333335
QueryResource:0.23666666666666666
StatementResource:0.21333333333333335
