Trigger:0.6
BootstrapService:0.3466666666666667
SqlTemplate:0.32
AbstractDbDialect:0.31333333333333335
IDbDialect:0.235
