Euler:0.8483333333333334
SEMLibrary:0.26666666666666666
