DictionaryBlock:0.6966666666666667
Page:0.4266666666666667
TestPage:0.11666666666666667
DictionaryBlockIndexes:0.07
