ShadowWrangler:0.53
ShadowDummyClass:0.38
Plan:0.3487380952380953
MyClassHandler:0.2633333333333333
WranglerBuilder:0.16333333333333333
ReflectionHelpers:0.13333333333333333
ShadowMethodPlan:0.08888888888888889
ShadowWranglerUnitTest:0.06333333333333334
DummyClass:0.03333333333333333
