TableWriter:0.45666666666666667
QualifiedTableName:0.35777777777777775
StatementAnalyzer:0.16333333333333333
ServerMainModule:0.15666666666666668
TableWriterIterator:0.13666666666666666
