ExecutorDAO:0.7066666666666667
SubstitutionDAO:0.4552301587301588
CacheImpl:0.41305555555555556
ExecutorDAOHibernateImpl:0.4
HibernateSessionFactory:0.37
CachingLogic:0.36333333333333334
CacheCleaner:0.3272804232804233
closeSessionListener:0.3272804232804233
BotsLogic:0.32666666666666666
JbpmCommonLogic:0.31666666666666665
DefaultHibernateSessionFactory:0.2833333333333333
DAOHibernateImpl:0.25666666666666665
ExecutorLogic:0.25
JbpmDefinitionLogic:0.21166666666666667
cacheController:0.19333333333333333
JbpmExecutionLogic:0.18333333333333332
SecuredObjectDAOHibernateImpl:0.16333333333333333
SubstitutionLogic:0.15666666666666668
InitializerDAOHibernateImpl:0.14666666666666667
SubstitutionDAOHibernateImpl:0.11333333333333333
KrbLoginAction:0.08333333333333333
Cache:0.07666666666666666
AssignmentHandler:0.07
SimpleCache:0.05333333333333334
closeListener:0.0
