FlowExecutorArgumentExtractor:0.4633333333333333
RequestPathFlowExecutorArgumentExtractor:0.31666666666666665
ExternalizedFlowDefinition:0.26
PortletFlowController:0.24333333333333335
AbstractFlowExecutionTests:0.21333333333333335
FlowExecutorImpl:0.19666666666666666
ApplicationViewSelector:0.19
FlowExecutionKeyFormatter:0.18333333333333332
FlowRequestHandler:0.12
RequestPathFlowExecutorArgumentExtractorTests:0.12
FlowExecutorArgumentExtractionException:0.08666666666666667
