StringCustom:0.5230555555555555
JavaScriptEngine:0.48333333333333334
NativeStringTest:0.24333333333333335
