Portal:0.8133333333333334
Session:0.3933333333333333
BulkPortal:0.31
SimplePortal:0.29333333333333333
PostgresITest:0.26
