AbstractStep:0.6116666666666667
SkipLimitStepFactoryBean:0.45
StatefulRetryStepFactoryBeanTests:0.09333333333333334
