FreeServerCockpit:0.585
FreeLayerPainter:0.37666666666666665
FreeCockpitConfigurationHandler:0.31
PropertiesHandlerClientWnd:0.25666666666666665
CockpitItemDefaultValuesHandler:0.24666666666666667
