JCPSaveAsDialog:0.5966666666666667
JCPMultiPageEditor:0.5383333333333333
