HopLexer:0.43
HopSymbolTableWalker:0.4166666666666667
HopParser:0.41
DFA16:0.18866666666666668
DFA43:0.14
DFA30:0.14
