TestTimeOfDay_Constructors:0.7833333333333333
TestDateConverter:0.43333333333333335
TestCalendarConverter:0.4066666666666667
