StrandedZoomableApolloPanel:0.6166666666666667
ViewMenu:0.37833333333333335
ViewMenuListener:0.36666666666666664
