HtmlPage:0.61
Range:0.3
DocumentTest:0.26
HttpWebConnection:0.24666666666666667
DomNodeTest:0.23666666666666666
EventTest:0.23666666666666666
HtmlPageTest:0.22333333333333333
JavaScriptEngine:0.21916666666666668
SimpleScriptable:0.21166666666666667
NodeImplTest:0.20666666666666667
XMLDocument:0.2
AttributesTest:0.16333333333333333
MapEntryWrappingIterator:0.14333333333333334
UIEventTest:0.14
DomCData:0.10333333333333333
