ObservableTest:0.35333333333333333
SingleTest:0.29333333333333333
CompletableTest:0.17333333333333334
CompletableWithSchedulerTest:0.16333333333333333
SingleWithSchedulerTest:0.15
ObservableWithSchedulerTest:0.15
