JSR356Endpoint:0.39
JSR356AsyncSupport:0.38
AtmosphereConfigurator:0.22666666666666666
IOUtils:0.21333333333333335
ApplicationConfig:0.12111111111111111
