TagWriter:0.5433333333333333
TagAdapterWrapper:0.3466666666666667
TagAdapter:0.27
EmptyTagVisitor:0.1425
TagVisitor:0.1425
