IndexWriterProjector:0.49666666666666665
IndexWriterProjection:0.4766666666666667
TransportSQLActionTest:0.4327777777777777
Planner:0.3
LineContext:0.22666666666666666
CopyAnalyzerTest:0.20666666666666667
IndexWriterProjectorTest:0.14666666666666667
IndexWriterProjectorUnitTest:0.12
ProjectionToProjectorVisitor:0.11
TestMetaDataModule:0.06849206349206349
