DefinitionModule:0.9166666666666666
FieldBuilderGuestName:0.31333333333333335
AbstractFieldBuilder:0.2
FieldBuilderCheck:0.18
