JSONObject:0.8266666666666667
JSONArray:0.4866666666666667
XML:0.23111111111111116
JSONML:0.18
CookieList:0.13333333333333333
HTTP:0.11
Property:0.11
