Pointer:0.6
Loader:0.46166666666666667
Parser:0.3233333333333333
