AbstractQueryImpl:0.35333333333333333
EntityTest:0.31
CollectionElementTest:0.2833333333333333
IndexedJoinColumnBidirectionalList:0.2633333333333333
InheritanceIndexedJoinColumnBidirectionalList:0.2633333333333333
EventCacheTest:0.25
PackagedEntityManagerTest:0.24666666666666667
EntityManagerTest:0.24666666666666667
OracleJoinFragment:0.23333333333333334
CallbackAndDirtyTest:0.14666666666666667
DatabaseMetaDataHandler:0.14333333333333334
