StringUtils:0.6266666666666667
HitBean:0.54
HitBeanFactory:0.3233333333333333
NullHitBean:0.24777777777777782
HitBeanTests:0.14333333333333334
