Settlement:0.6266666666666667
GoodsManager:0.42
Cooking:0.37
SettlementWindow:0.2346666666666667
PromptComboBoxRenderer:0.14666666666666667
