SaveCorpusAsXmlAction:0.6066666666666667
SaveAction:0.35912698412698413
