XContentGenerator:0.4633333333333333
GroupByRow:0.3233333333333333
AggExpr:0.27
ParsedStatement:0.22333333333333333
TransportSQLReduceHandler:0.21
TransportSQLActionTest:0.19333333333333333
SQLGroupByResult:0.17333333333333334
SQLReduceJobStatus:0.13566666666666669
AggState:0.11666666666666667
ColumnReferenceDescription:0.10333333333333333
AvgAggState:0.07083333333333333
CountAggState:0.07083333333333333
SQLModule:0.03666666666666667
SQLReduceJobResponse:0.02666666666666667
ParameterInfo:0.025
TransportDistributedSQLAction:0.02
SQLGroupingCollector:0.011111111111111112
SQLReduceJobRequest:0.0033333333333333335
