Field:0.6566666666666666
Function:0.36
AbstractField:0.3466666666666667
WindowFunction:0.3433333333333333
Factory:0.33
jOOQAbstractTest:0.31333333333333335
AggregateFunction:0.19026984126984126
AggregateFunctionImpl:0.07333333333333333
