Validation:0.6155555555555555
DOM:0.51
XPathSelector:0.365
OntologyValidator:0.3466666666666667
MockManagementDelegate:0.32666666666666666
EcmValidator:0.30666666666666664
DefaultSerializer:0.25
XPathSelectorImpl:0.22333333333333333
DefaultNamespaceContext:0.15333333333333332
FedoraObjectResource:0.08666666666666667
LRUCache:0.016666666666666666
