TaskQueueChecker:0.48
JPPFPriorityQueue:0.43666666666666665
SubmissionManagerClient:0.32666666666666666
BroadcastJobRunner:0.20583333333333334
BroadcastTask:0.2013095238095238
ClientJobPriorityComparator:0.12
