RobolectricTestRunner:0.35
InstrumentingClassLoaderFactory:0.2966666666666667
ShadowWranglerUnitTest:0.26666666666666666
SdkEnvironment:0.24800000000000003
Runner:0.1927777777777778
InstrumentationConfigurationTest:0.18333333333333332
PolicyManagerMakeNewWindowInterceptor:0.17666666666666667
WranglerBuilder:0.11577777777777779
