HTMLCollection:0.5033333333333333
HtmlTextArea:0.5
HTMLTextAreaElement:0.35333333333333333
ClassConfiguration:0.33666666666666667
HtmlTextInput:0.29333333333333333
HTMLCollectionTest:0.26666666666666666
FormField:0.24
HTMLInputElement:0.23666666666666666
TextRange:0.03
