ConnectionPool:0.5633333333333334
OkHttpClient:0.36333333333333334
HttpLoggingInterceptorTest:0.2966666666666667
URLConnectionTest:0.29333333333333333
ConnectionPoolTest:0.22666666666666666
Main:0.22333333333333333
CacheTest:0.21666666666666667
HttpOverSpdyTest:0.21333333333333335
ConnectionReuseTest:0.18333333333333332
UrlConnectionCacheTest:0.17
