CloudFolderAuthentication:0.45666666666666667
GwtViewHelper:0.36666666666666664
DataTableFolderViewBase:0.3433333333333333
FolderRowsRpcResponseData:0.31666666666666665
CloudFolderAuthenticationDlg:0.26
GwtCloudFolderHelper:0.04
