MainScene:0.53
PersonConfig:0.4066666666666667
UnitManager:0.38333333333333336
CrewEditorFX:0.37666666666666665
ScenarioConfigEditorFX:0.19666666666666666
Member:0.16333333333333333
