Native:0.46
CallbackReference:0.4
LastErrorTest:0.2866666666666667
TestLibrary:0.26722222222222225
DirectTestLibrary:0.26722222222222225
