Dao:0.571888888888889
EntityField:0.5433333333333333
DatabaseMeta:0.38333333333333336
NutDao:0.36
Entity:0.30666666666666664
InsertManyManyInvoker:0.25666666666666665
SqlMaker:0.20833333333333334
Dog:0.17
DefaultEntityMaker:0.15333333333333332
EntityParsing:0.13
AutoGenerateValueTest:0.12666666666666668
InsertInvoker:0.033888888888888885
