MapContextQuerySupport:0.5500555555555556
QueryResult:0.4166666666666667
ClientMapProxy:0.36
BasicMapContextQuerySupport:0.3
QueryOperation:0.2866666666666667
TransactionalMapProxySupport:0.20555555555555555
QueryPartitionOperation:0.1761111111111111
GroupProperties:0.06333333333333334
