Xml:0.7333333333333333
Repositories:0.3333333333333333
SearchManager:0.2866666666666667
ErrorHandler:0.21333333333333335
Spatial:0.19444444444444445
Geonetwork:0.18
Server:0.06666666666666667
