Lang:0.64
SqlImpl:0.34222222222222226
AbstractAdaptor:0.21
SqlFileBuilder:0.15333333333333332
UrlMapImpl:0.15
JsonLoader:0.13666666666666666
LangTest:0.06666666666666667
