NetcdfParameter:0.4666666666666667
SimpleParameterGroup:0.35333333333333333
SimpleCitation:0.3
ProjectionProvider:0.3
ParameterValidator:0.26
NetcdfProjection:0.19
Method:0.18944444444444444
NetcdfTransformFactory:0.18
AliasList:0.1
NetcdfFactoryTest:0.0
