ClientAdminThread:0.44666666666666666
Readers:0.35333333333333333
ReceiverChannel:0.34
Channel:0.31333333333333335
BufferUsageStrategy:0.24300000000000002
ChannelNotifiable:0.15666666666666668
BasicBufferUsageStrategy:0.11333333333333333
