RequestTemplate:0.5933333333333334
Default:0.26777777777777784
SlashNeedToBeEncoded:0.24666666666666667
TestInterface:0.23666666666666666
DefaultContractTest:0.19
RequestTemplateTest:0.15
FeignBuilderTest:0.13666666666666666
