Preferences:0.5666666666666667
Main:0.4033333333333333
RrInterval:0.36333333333333334
Variable:0.3433333333333333
RrCSG:0.32
BotConsoleFrame:0.31333333333333335
GenericExtruder:0.30666666666666664
Simulator:0.29333333333333333
RrRectangle:0.27
STLObject:0.26666666666666666
Attributes:0.24666666666666667
Panel3D:0.24666666666666667
FunctionTable:0.23
RrGraphics:0.22333333333333333
AllSTLsToBuild:0.21666666666666667
XYZTabPanel:0.21333333333333335
StepperPositionJPanel:0.20666666666666667
LayerRules:0.2
GenericRepRap:0.19333333333333333
GCodeRepRap:0.19
LineSegment:0.18833333333333332
GCodeReaderAndWriter:0.18666666666666668
PCBOffsets:0.17333333333333334
BooleanExpression:0.16666666666666666
CodeGenerator:0.15
MaterialRadioButtons:0.13333333333333333
