Project:0.8388888888888889
CruiseControlController:0.35333333333333333
