ProtocolScepHttpTest:0.495
CAImportExportTest:0.44666666666666666
CaInitCommandTest:0.40797222222222224
