ClientCallImpl:0.39
CallOptions:0.36
CallOptionsTest:0.32666666666666666
Deadline:0.21333333333333335
ClientCallImplTest:0.21
ClientInterceptorsTest:0.19
ManagedChannelImplTest:0.18
DeadlineTest:0.17666666666666667
AbstractStub:0.15444444444444444
ClientStreamListenerImpl:0.14666666666666667
StubConfigTest:0.08333333333333333
