OcspResponseGeneratorSessionBean:0.4683333333333333
OcspResponseGeneratorSessionLocal:0.26666666666666666
HealthCheckServlet:0.2
