NeuralNetworkGradient:0.46
LogisticRegressionGradient:0.23333333333333334
UpdateableGradientImpl:0.23
MultiLayerGradient:0.12
ComputableWorkerImpl:0.056666666666666664
ComputableMasterImpl:0.013333333333333334
