Visitor:0.5066666666666667
TransportExecutor:0.36666666666666664
PlanVisitor:0.24333333333333335
TransportExecutorTest:0.07666666666666666
