Lifecycle:0.6066666666666667
Command:0.5333333333333333
LocaleManager:0.27
LifecycleHibernateTasks:0.2633333333333333
HomepageRedirector:0.12666666666666668
LocalizationLocator:0.05333333333333334
