Block:0.7533333333333333
BlockChain:0.37333333333333335
BlockChainTest:0.24
Peer:0.23666666666666666
BlockTest:0.18
PrivateKeys:0.17333333333333334
