Batch:0.7166666666666667
SqlDataWriter:0.39
Log:0.3433333333333333
TriggerBuilder:0.3433333333333333
OracleTriggerBuilder:0.24
H2TriggerBuilder:0.22333333333333333
DataProcessor:0.16
TableCopy:0.11
LogFactory:0.08
Log4jLog:0.023333333333333334
ConsoleLog:0.02
