VertxImpl:0.46
VertxThread:0.43
ContextImpl:0.2733333333333333
WorkerContext:0.23333333333333334
EventLoopContext:0.22666666666666666
VertxOptions:0.18
VertxThreadFactory:0.16
VertxOptionsTest:0.07333333333333333
BlockedThreadChecker:0.06666666666666667
