FedoraClient:0.5666666666666667
FedoraServerTestCase:0.36333333333333334
TestCommandLineUtilities:0.2966666666666667
DefaultAccess:0.24333333333333335
TestXACMLPolicies:0.22333333333333333
BasicDigitalObject:0.21333333333333335
TestAPIA:0.21
TestAPIM:0.20666666666666667
BatchModifyParser:0.20333333333333334
ManyDisseminationsTestSetup:0.20333333333333334
TestAPIALite:0.2
BmechMockRepositoryReader:0.13666666666666666
OneEmptyObjectTestSetup:0.11333333333333333
CreateAction:0.09333333333333334
