CA:0.5744444444444444
ICA:0.4666666666666667
FactoMineRCA:0.35333333333333333
