Simulator:0.53
Options:0.38666666666666666
Importer:0.37
Editor:0.3433333333333333
GrooveFileView:0.2658333333333333
AspectGxl:0.24833333333333332
Imager:0.21777777777777782
Exporter:0.21666666666666667
ImportAction:0.13333333333333333
Util:0.06666666666666667
