MainScene:0.5366666666666666
Flyout:0.29
MonitorWindow:0.275
AutoFillTextBox:0.26916666666666667
ChatBox:0.23666666666666666
ToolWindow:0.17111111111111113
