RequestSpecification:0.8066666666666666
RestAssured:0.66
MockMvcRequestSpecificationMergingTest:0.35
SSLITest:0.14666666666666667
