RubyProject:0.45466666666666666
FailureTrace:0.37
FailureTab:0.2708333333333333
StatusDialog:0.23666666666666666
RubyPluginImages:0.22166666666666668
EvaluateRubyProcessOutput:0.21666666666666667
TextEditorPreferencePage2:0.20833333333333334
ManageBreakpointRulerAction:0.19666666666666666
RubyLineBreakpoint:0.18666666666666668
CompareResultsAction:0.18333333333333332
XmlStreamReader:0.16166666666666665
RubyLoop:0.14333333333333334
RubyContext:0.13333333333333333
TestUnitMainTab:0.125
CreateRdocActionDelegate:0.10666666666666667
