BloggerAPIHandler:0.6177777777777778
MetaWeblogAPIHandler:0.5377777777777777
