ServerMapItemsUtilities:0.57
TestUtilities:0.5
MapItemSymbolRendererTest:0.12666666666666668
MapItemSegmentRendererTest:0.11333333333333333
MapItemSymbolRendererCircleTest:0.09333333333333334
MapItemSymbolRendererInteractive2Test:0.09333333333333334
MapItemSymbolRendererRangeTest:0.09333333333333334
MapItemSymbolRendererMulticolorTest:0.09333333333333334
StandAloneServerGUI2Test:0.09333333333333334
MapItemConnectedRenderer3Test:0.09333333333333334
MapItemConnectedRenderer2Test:0.09333333333333334
MapItemMultiRendererTest:0.09333333333333334
MapVertSourceProjectionTest:0.09333333333333334
MapVertItemMultiRendererTest:0.09333333333333334
MapItemConnectedRendererTest:0.09333333333333334
MapItemSymbolRendererFillTest:0.09333333333333334
MapItemLegendRendererTest:0.09333333333333334
MapItemSymbolRendererInteractive3Test:0.09333333333333334
MapItemLegendRenderer2Test:0.09333333333333334
MapItemSymbolRendererInteractiveTest:0.08666666666666667
MapVertItemSymbolRendererTest:0.08666666666666667
MapItemSymbolRendererInteractive4Test:0.07
MapVertItemSegmentRendererTest:0.07
MapItemLegendAnchorTest:0.07
