InternalKeyBinding:0.84
InternalKeyBindingInfo:0.44333333333333336
InternalKeyBindingMBean:0.4266666666666667
