AssetLoadingTask:0.49333333333333335
AssetManager:0.4266666666666667
LwjglDebugStarter:0.15666666666666668
