DashboardXmlConfigService:0.56
DashboardConfigService:0.43322222222222223
EnvironmentService:0.3433333333333333
EnvironmentServiceTest:0.2866666666666667
SystemPropertyConfigService:0.24
BuildDetailControllerTest:0.22333333333333333
DashboardXmlConfigServiceTest:0.19333333333333333
DashboardConfigFileFactoryTest:0.16666666666666666
ServletContextConfigService:0.13444444444444445
DefaultDashboardConfigService:0.13111111111111112
