RubyEntryPointTab:0.7669444444444444
TestUnitMainTab:0.4486111111111111
