QueueItemListenerManager:0.41
ItemListenerHolder:0.36366209716209713
ClientEndpoint:0.35333333333333333
ItemListenerManager:0.2866666666666667
CollectionClientProxy:0.25333333333333335
QueueClientProxy:0.19333333333333333
IOUtil:0.17527777777777775
HazelcastClientTest:0.14333333333333334
EntryListenerManager:0.11666666666666667
CollectionClientProxyTest:0.09666666666666666
AddListenerHandler:0.09333333333333334
