AbstractStepFactoryBean:0.72
TaskletStep:0.3933333333333333
TaskletStepTests:0.056666666666666664
