OsgiListenerUtils:0.43333333333333335
OsgiServiceLifecycleListenerAdapter:0.30333333333333334
ServiceDynamicInterceptor:0.22666666666666666
Listener:0.21466666666666667
OsgiServiceCollection:0.21333333333333335
OsgiServiceLifecycleListenerAdapterTest:0.21
DependencyServiceManager:0.13
