InsnArg:0.43666666666666665
RegisterArg:0.35333333333333333
InsnDecoder:0.3233333333333333
JadxCLI:0.25
InsnGen:0.21333333333333335
ModVisitor:0.16333333333333333
