FormatUtils:0.6233333333333333
CommonUtils:0.48222222222222216
FormatUtilsTest:0.14
