IssueService:0.81
IssueForm:0.3466666666666667
EditIssueFormAction:0.24666666666666667
ViewIssueActivityAction:0.17
ViewIssueAction:0.15666666666666668
WatchIssueAction:0.11
AdminHomeAction:0.03
