DNFieldExtractor:0.5366666666666666
EndEntityProfile:0.4533333333333333
TestDnFieldExtractor:0.23666666666666666
