ApolloNameAdapterI:0.5150555555555555
TigrAnnotNameAdapter:0.48
ParameciumNameAdapter:0.42
CurationState:0.345
DefaultNameAdapter:0.27166666666666667
ParameciumDisplayPrefs:0.16666666666666666
