Config:0.61
Jpdbi:0.36333333333333334
Display:0.3566666666666667
