Driver:0.67
DefaultProperties:0.4166666666666667
DefaultPropertiesUnitTest:0.22333333333333333
JtdsDataSource:0.16333333333333333
