Daos:0.3433333333333333
HttpTest:0.32666666666666666
JsonEntity:0.31666666666666665
AbstractJdbcExpert:0.21666666666666667
OracleJdbcExpert:0.21333333333333335
Db2JdbcExpert:0.19666666666666666
Sqlserver2005JdbcExpert:0.19666666666666666
GBaseJdbcExpert:0.19666666666666666
MysqlJdbcExpert:0.19666666666666666
PsqlJdbcExpert:0.19666666666666666
DerbyJdbcExpert:0.19666666666666666
HsqldbJdbcExpert:0.19666666666666666
SQLiteJdbcExpert:0.14333333333333334
FastUploading:0.11333333333333333
