ServerMessageProcessor:0.47333333333333333
AbstractServerEngine:0.4633333333333333
ServerGUITools:0.28
BasicServerEngine:0.26
UpdateRunnable:0.19333333333333333
GUIActionRunnable:0.12
