TieBreakingPrioritizedRunnable:0.34
InternalClusterService:0.3233333333333333
UpdateTask:0.3
PrioritizedEsThreadPoolExecutor:0.18666666666666668
PrioritizedFutureTask:0.18
Pending:0.16333333333333333
PrioritizedExecutorsTests:0.09916666666666667
