SettingsApplier:0.5966666666666667
SetAnalysis:0.37
InformationSchemaTest:0.2833333333333333
SetAnalyzerTest:0.27666666666666667
ObjectSettingsApplier:0.27
CrateSettings:0.24
AbstractSettingsApplier:0.17
SetStatementAnalyzer:0.10666666666666667
ApplySettings:0.09
TimeSettingsApplier:0.06333333333333334
ByteSizeSettingsApplier:0.05333333333333334
DoubleSettingsApplier:0.05
IntSettingsApplier:0.05
StringSettingsApplier:0.05
FloatSettingsApplier:0.05
RefreshIntervalSettingApplier:0.043333333333333335
BlobPathSettingApplier:0.043333333333333335
NumberOfReplicasSettingApplier:0.043333333333333335
BooleanSettingsApplier:0.03
NumberSettingsApplier:0.006666666666666667
