MetadataTools:0.5733333333333334
AuditMetadataGenerator:0.3433333333333333
RevisionInfoConfiguration:0.26
