InMemoryLookupTable:0.5433333333333333
VocabConstructorTest:0.31
VocabConstructor:0.2966666666666667
SequenceVectors:0.19111111111111112
