ModOperation:0.17166666666666666
DivOperation:0.17166666666666666
LessThanOperation:0.17166666666666666
LessEqualOperation:0.17166666666666666
GreaterEqualOperation:0.17166666666666666
EqualsOperation:0.17166666666666666
AddOperation:0.17166666666666666
GreaterThanOperation:0.17166666666666666
MulOperation:0.17166666666666666
SubOperation:0.17166666666666666
ProductEdgeRecord:0.13333333333333333
