DaoAuthenticationProvider:0.7583333333333333
DaoAuthenticationProviderTests:0.5266666666666666
