TreeView:0.5
Model:0.3466666666666667
TreeViewFactory:0.25666666666666665
ContentRenderer:0.11222222222222221
Content:0.03
