PersistenceMetadata:0.5166666666666667
Ejb3Configuration:0.41555555555555557
HibernatePersistence:0.33666666666666667
PersistenceXmlLoader:0.23333333333333334
LogHelper:0.22444444444444447
