MainFrame:0.66
NameBearerHandle:0.5733333333333334
CloseSelectedResourcesAction:0.18666666666666668
