CsrfConfigurer:0.35
UserDetailsRequestPostProcessor:0.24493434343434345
CsrfFilter:0.24
IgnoreCsrfProtectionRegistry:0.23048989898989902
AuthenticationRequestPostProcessor:0.21666666666666667
CsrfTokenAssert:0.2125
DigestRequestPostProcessor:0.19
CsrfRequestPostProcessor:0.18333333333333332
CsrfFilterTests:0.17666666666666667
UserRequestPostProcessor:0.13333333333333333
CsrfAuthenticationStrategy:0.13333333333333333
CsrfBeanDefinitionParser:0.12166666666666667
X509RequestPostProcessor:0.11333333333333333
HttpBasicRequestPostProcessor:0.11333333333333333
TestSecurityContextHolderPostProcessor:0.09333333333333334
AnonymousRequestPostProcessor:0.09333333333333334
DefaultRequiresCsrfMatcher:0.09333333333333334
CsrfAuthenticationStrategyTests:0.09
