GwtViewHelper:0.35
GwtPerShareInfo:0.285
DataTableFolderViewBase:0.27666666666666667
PerShareInfoComparator:0.25
GwtSharedMeItem:0.21333333333333335
SharedMeEntriesMapComparator:0.039
