AuditLogEntry:0.7191666666666666
AuditorManagedBean:0.39666666666666667
IntegrityProtectedAuditorSessionBean:0.25666666666666665
