SDHModuleTopComponent:0.42333333333333334
MPLSModuleTopComponent:0.3933333333333333
ChooseTributaryLinkResourcesStep:0.37
CustomAcceptActionProvider:0.24333333333333335
GetAffectedServices:0.19333333333333333
GetAffectedServicesResponse:0.06333333333333334
