TestSpatialFunctions:0.66
PostgisDialect:0.3566666666666667
ExtentFunction:0.26666666666666666
MySQLSpatialDialect:0.25333333333333335
PostgisUnmarshalTest:0.22333333333333333
