AbstractTicketRegistryTests:0.5941666666666666
AbstractThrottledSubmissionHandlerInterceptorAdapter:0.38333333333333336
MongoDbTicketRegistryConfiguration:0.35
MemoryStatus:0.25333333333333335
