JobParameter:0.5266666666666666
JobParameters:0.38
BatchStatusTests:0.29333333333333333
JobParametersBuilder:0.23666666666666666
JobParametersTests:0.20666666666666667
DefaultJobParametersConverterTests:0.20666666666666667
SimpleJobRepositoryIntegrationTests:0.14
StepExecutionSimpleCompletionPolicy:0.13333333333333333
DefaultJobParametersConverter:0.13
AbstractJobInstanceDaoTests:0.11666666666666667
StepExecutionPreparedStatementSetter:0.11333333333333333
JobExecutionRowMapper:0.11333333333333333
StepExecutionRowMapper:0.11333333333333333
ScheduledJobParametersFactory:0.11333333333333333
JobParametersPrototype:0.08333333333333333
JdbcJobInstanceDao:0.08
JobParametersBuilderTests:0.07
JobParameterTests:0.02
