Condition:0.6233333333333333
ForwardService:0.36666666666666664
ForwardingRules:0.34
CompressionRules:0.27
StorageRules:0.21
