LazyMap:0.6733333333333333
JsonParserTest:0.6433333333333333
