Key:0.37
Series2000Test:0.28
ParameterizedTransformTest:0.27
TransformTestCase:0.26666666666666666
AffineTransformTest:0.26
SimpleCitation:0.26
PJIdentifier:0.25
PJParameter:0.22
AuthorityFactoryTest:0.20666666666666667
ResourcesLoader:0.15666666666666668
PJParameterGroup:0.15666666666666668
ConformanceTest:0.10333333333333333
Objects:0.0325
