LogEntry:0.8466666666666667
LogServiceImpl:0.36333333333333334
MainPanel:0.30333333333333334
ProxyWebApp:0.19
AddLogServlet:0.15666666666666668
LogServiceAsync:0.148484126984127
