SMTPManagerImpl:0.41
WebKeys:0.22872222222222216
SendMail:0.21666666666666667
SimpleNameUtil:0.2
ViewController:0.17666666666666667
Handler:0.15666666666666668
