SelectQueryImpl:0.6797222222222223
WindowSpecificationImpl:0.3938888888888889
