LicenseModule:0.8733333333333333
LicenseManager:0.49666666666666665
AbstractLicenseModule:0.31333333333333335
ManageLicenseController:0.25333333333333335
NullLicenseManager:0.20333333333333334
LicenseReportController:0.16666666666666666
LicenseException:0.14492063492063492
