CMLCoreModule:0.6233333333333333
PDBConvention:0.2966666666666667
MDLMolConvention:0.20333333333333334
CDOAcceptedObjects:0.18333333333333332
