CommonConfiguration:0.8316666666666667
ChooserRunnable:0.24333333333333335
