Element:0.64
Tag:0.43333333333333335
CleanerTest:0.2966666666666667
ElementTest:0.2833333333333333
TextNode:0.22666666666666666
ParserTest:0.2
XmlDeclaration:0.12666666666666668
