ResourceLoader:0.73
ShadowAssetManager:0.3333333333333333
ResourceLoaderTest:0.30333333333333334
Converter:0.20333333333333334
PackageResourceLoader:0.17944444444444446
RoutingResourceLoader:0.16666666666666666
FromFilePath:0.15666666666666668
XResourceLoader:0.15333333333333332
OverlayResourceLoader:0.13666666666666666
