OpenIndexRequest:0.36333333333333334
OpenIndexResponse:0.36333333333333334
CloseIndexRequest:0.36333333333333334
CloseIndexResponse:0.36333333333333334
ClusterChangedEvent:0.27
OpenCloseIndexTests:0.23
MetaDataIndexStateService:0.22333333333333333
IndicesClusterStateService:0.19333333333333333
TransportOpenIndexAction:0.13333333333333333
TransportCloseIndexAction:0.13333333333333333
AckTests:0.12
CloseIndexRequestBuilder:0.11
OpenIndexRequestBuilder:0.11
ClusterModule:0.10666666666666667
RestCloseIndexAction:0.09
RestOpenIndexAction:0.09
