MobileAjaxController:0.4866666666666667
LoginFilter:0.38333333333333336
WebKeys:0.28977777777777775
LoginController:0.24666666666666667
