AbstractTable:0.40444444444444444
SelectImpl:0.38333333333333336
jOOQAbstractTest:0.38333333333333336
JoinTable:0.3233333333333333
JoinTests:0.19333333333333333
