Inventory:0.6766666666666666
Rover:0.5566666666666666
CollectRockSamples:0.24333333333333335
