EdgeFilterState:0.3333333333333333
EdgeFilterTypeGui:0.32666666666666666
ModelLoader:0.31333333333333335
BallsRenderer:0.26
EdgeFilterView:0.18333333333333332
StatLis:0.12448412698412699
CheckboxListener:0.1
