XCPDInitiatingGatewayRequestHandler:0.42333333333333334
XCPDGatewayRequestController:0.30666666666666664
PatientCorrelationCacheDAO:0.28
PatientCorrelationCacheService:0.25333333333333335
XCPDGatewayRequestHandler:0.23333333333333334
GatewayRequest:0.12333333333333334
GatewayResponse:0.04666666666666667
GatewayCallable:0.015
