RedissonNode:0.4666666666666667
CoordinatorTask:0.36833333333333335
RedissonMapReduceTest:0.10666666666666667
