Kernel32:0.85
WinNT:0.6666666666666666
Kernel32Test:0.39666666666666667
Kernel32Util:0.3233333333333333
Advapi32Test:0.29055555555555557
Kernel32UtilTest:0.16333333333333333
