View:0.7633333333333333
ModuleTestBase:0.30333333333333334
OnSelectElementBaseAction:0.22666666666666666
Result:0.21666666666666667
Module:0.19
CollectionElementViewBaseAction:0.18
XArrays:0.05
