FlowArtifactLocator:0.8033333333333333
FlowIdFlowExecutionListenerCriteria:0.2916666666666667
XmlFlowBuilder:0.26666666666666666
AbstractFlowBuilder:0.23666666666666666
BeanFactoryFlowArtifactLocator:0.23333333333333334
FlowExecutionManager:0.23
BaseFlowBuilder:0.18666666666666668
StateTests:0.18333333333333332
ParameterizableFlowAttributeMapperTests:0.17666666666666667
FlowExecutionTests:0.14
TextToViewDescriptorCreatorTests:0.10666666666666667
ChainedFlowArtifactLocator:0.10166666666666667
SimpleViewDescriptorCreator:0.1
EventIdTransitionCriteria:0.08333333333333333
TextToFlowExecutionListenerCriteria:0.07666666666666666
AbstractFlowBuilderTests:0.07333333333333333
TransitionCriteriaChain:0.06777777777777778
TextToTransitionCriteriaTests:0.06666666666666667
ParameterizableFlowAttributeMapper:0.06666666666666667
TextToViewDescriptorCreator:0.06
TextToTransitionCriteria:0.06
FlowScopeExpression:0.058333333333333334
FlowExecutionListenerCriteriaFactory:0.04666666666666667
FlowArtifactLocatorAdapter:0.03666666666666667
RedirectViewDescriptorCreator:0.01
ActionTransitionCriteria:0.01
BooleanExpressionTransitionCriteria:0.0033333333333333335
NotTransitionCriteria:0.0
