HangingProtocol:0.5441666666666667
HPImageSet:0.4533333333333333
HangingProtocolTest:0.3566666666666667
