StatisticsController:0.5366666666666666
CasReportsConfiguration:0.49
DefaultTicketRegistry:0.44333333333333336
