SunshineSceneVisitor:0.7066666666666667
ObjectHandler:0.634888888888889
