GwtClientHelper:0.6633333333333333
FolderEntryComposite:0.5166666666666667
FolderEntryCookies:0.2966666666666667
RequestInfo:0.25355555555555553
TrackInfo:0.22666666666666666
FolderViewBase:0.22333333333333333
FolderEntryComments:0.2
FolderEntrySidebar:0.19333333333333333
ResizingDropPanel:0.19
FolderEntryDocument:0.16
FolderEntryCallback:0.155
