GraphEltSet:0.7666666666666667
NodeView:0.2833333333333333
StepExpansionThread:0.2644444444444445
GraphData:0.25
DataLoader:0.24666666666666667
StatLis:0.15666666666666668
