NameTable:0.55
BindingUtil:0.4033333333333333
ObjectiveCImplementationGeneratorTest:0.35333333333333333
J2ObjC:0.2816666666666667
TranslationProcessor:0.25
