RestHighLevelClientTests:0.69
RestHighLevelClient:0.62
ESRestHighLevelClientTestCase:0.12
SyncMethod:0.0011111111111111111
AsyncMethod:0.0011111111111111111
TrackingActionListener:0.0
