DefaultJSONParser:0.5988888888888888
Bug_for_NonStringKeyMap:0.3333333333333333
WriteClassNameTest_Set2:0.30666666666666664
