ConnectionManager:0.6922222222222222
ConnectionManagerImpl:0.43333333333333335
LogicalConnectionImpl:0.4033333333333333
Loader:0.38
ConnectionProxyHandler:0.2733333333333333
LogicalConnectionImplementor:0.2546666666666667
StatementPreparer:0.11
