AdaptorTestModule:0.31333333333333335
ObjectNavlPairInjectorTest:0.21333333333333335
SimpleAdaptorTest:0.2
PairAdaptor:0.19333333333333333
