ITrackerServices:0.4766666666666667
ITrackerServicesImpl:0.34
SchedulerHandlerImpl:0.33
ScheduledTaskDAOImpl:0.10333333333333333
ScheduledTaskDAO:0.06333333333333334
