TransportSQLActionClassLifecycleTest:0.38
LocalDataCollectTest:0.30666666666666664
TransportDistributedResultAction:0.3
ResultProviderFactory:0.25
DistributingDownstream:0.24666666666666667
MapSideDataCollectOperationTest:0.18666666666666668
TransportJobAction:0.16666666666666666
PageDownstreamContextFutureCallback:0.043333333333333335
