BinderInfo:0.38333333333333336
GwtServerHelper:0.34
ManageMenuPopup:0.32
TreeInfo:0.31
ManageUsersInfoRpcResponseData:0.30666666666666664
ManageUsersDlg:0.28
AccessoriesPanel:0.25
PersonalWorkspacesView:0.24333333333333335
EntryMenuPanel:0.24166666666666667
ContentControl:0.21333333333333335
GwtRpcServiceImpl:0.21333333333333335
AdminControl:0.20333333333333334
BreadCrumbPanel:0.19666666666666666
