Mirror:0.6033333333333334
JsonTest:0.4766666666666667
Issue1393:0.3193333333333333
AbstractJsonEntityFieldMaker:0.24333333333333335
