FilterFactory:0.6077777777777779
GmlObjectId:0.31272222222222223
