TestUnitView:0.44888888888888884
TestUnitLaunchShortcut:0.4166666666666667
TestSearchEngine:0.20666666666666667
RubyClassSelector:0.16
TestUnitMainTab:0.13666666666666666
TestUnitTabGroup:0.013333333333333334
