WizardDescriptor:0.6866666666666666
IComputationWizard:0.5415714285714286
SelectComputationPage:0.4
SelectComputationAction:0.22666666666666666
WizardCollection:0.19666666666666666
ComputationWizardRegistry:0.10666666666666667
ComputationCollectionSorter:0.09
ComputationContentProvider:0.07
SelectComputationWizard:0.06
ComputationLabelProvider:0.03666666666666667
ComputationWizardNode:0.03666666666666667
WarningStatus:0.0
