OConstants:0.894626984126984
OResource:0.4572222222222223
