IndexShard:0.66
IndicesStatsRequest:0.38333333333333336
InternalIndexShard:0.36333333333333334
CommonStats:0.29333333333333333
IndicesStatsRequestBuilder:0.24
RestNodesAction:0.23
InternalIndexService:0.22555555555555556
TransportIndicesStatsAction:0.22333333333333333
NodeIndicesStats:0.20388888888888887
TransportSuggestAction:0.18333333333333332
SimpleIndexStatsTests:0.17666666666666667
RestIndicesAction:0.12333333333333334
RestIndicesStatsAction:0.08
