Task:0.81
ExecutionPolicy:0.46
AbstractTask:0.2833333333333333
JMXDriverConnectionWrapper:0.2633333333333333
NodeTaskWrapper:0.18333333333333332
NodeSelectionHelper:0.17333333333333334
DotnetJobListenerWrapper:0.11666666666666667
JavaDemoTask:0.056666666666666664
TimeoutHandler:0.045
CancellationHandler:0.045
DotnetTaskWrapper:0.03666666666666667
ExecutionPolicySelector:0.033650793650793646
UuidSelector:0.01
AllNodesSelector:0.0033333333333333335
DotnetBridgeHook:0.0
