AccessRulesConstants:0.8566666666666667
EndEntityManagementSessionBean:0.26
RAAuthorization:0.26
RAInterfaceBean:0.22
EndEntityCertificateAuthenticationModule:0.21666666666666667
EjbcaWS:0.21
ApprovalSessionBean:0.20666666666666667
EjbcaWSHelper:0.20333333333333334
BasicAccessRuleSetEncoder:0.19666666666666666
EndEntityAccessSessionBean:0.16333333333333333
BasicAccessRuleSetDecoder:0.13666666666666666
