StreamAllocation:0.51
EventListenerTest:0.37666666666666665
RetryAndFollowUpInterceptor:0.22666666666666666
RecordingEventListener:0.18333333333333332
StreamFinishingSource:0.07666666666666666
