DropTableNode:0.37333333333333335
DDLIntegrationTest:0.3616666666666667
Planner:0.35333333333333333
DropTableTask:0.30666666666666664
