MetaCADLine:0.6533333333333333
LinearSolve2:0.47976190476190483
InsetObj:0.25333333333333335
