WebSocket:0.6433333333333334
AtmosphereServlet:0.465
AtmosphereGwtHandler:0.4266666666666667
