IDiscoListener:0.3272804232804233
Function:0.30666666666666664
Disco:0.2866666666666667
ClientUtils:0.2633333333333333
Process:0.26
Service:0.25333333333333335
AdHocCommand:0.19666666666666666
IqAdHocCommands:0.17333333333333334
MessageKey:0.14666666666666667
XmppItem:0.14
ClientFactory:0.13666666666666666
Info:0.13333333333333333
Items:0.12333333333333334
IqKey:0.09666666666666666
DiscoManager:0.09
ClientSession:0.08666666666666667
XwsException:0.05888888888888888
IqDisco:0.05
