Lifecycle:0.7233333333333334
JobletScheduler:0.35
ServletConfig:0.2066666666666667
MetaData:0.2
ActionConfiguration:0.19666666666666666
GetFullSitemap:0.12
CommandGenerator:0.11333333333333333
