CustomGoogleMap:0.5233333333333333
DynamicTree:0.44333333333333336
InventoryObjectNode:0.44333333333333336
AbstractNode:0.32
ClassMetadataNode:0.2977777777777778
ContainmentNode:0.27
EndpointNode:0.27
GoogleMapWrapper:0.26666666666666666
ConnectionPolyline:0.25777777777777783
FirstStepChooseEndpoint:0.24472222222222223
SecondStepConnectionSettings:0.23666666666666666
PropertyListType:0.23
ListTypeNode:0.22372222222222224
OutsidePlantTooledComponent:0.22333333333333333
Polygon:0.20666666666666667
ListTypeChildNode:0.2
PropertyPrimitive:0.2
PhysicalConnectionWizard:0.19666666666666666
InventoryObjectRootNode:0.19622222222222221
LinkInformationStep:0.19305555555555554
ContainerInformationStep:0.19305555555555554
ContainerEndpointsStep:0.18
LinkEndpointsStep:0.18
ListTypeRootNode:0.17833333333333334
ConnectLinksWindow:0.17333333333333334
NewContainerWizard:0.16944444444444443
ExistingWireContainerStep:0.15833333333333333
NewLinkWizard:0.1575
NodeProperty:0.155
CreateInventoryObjectAction:0.15444444444444444
DeletePhysicalConnectionAction:0.15333333333333332
CreateListTypeChildAction:0.15166666666666667
Sheet:0.14833333333333334
MeasureConnectionDistanceAction:0.14666666666666667
DeletePolygonAction:0.14666666666666667
DeleteMarkerNodeAction:0.14333333333333334
PorpertyDate:0.14166666666666666
ClassMetadataRootNode:0.13666666666666666
ConnectLinksAction:0.12666666666666668
MarkerNode:0.115
SaveOspViewAction:0.11333333333333333
ContainmentManagerComponent:0.10333333333333333
RemoveContainmentNodeAction:0.10333333333333333
AbstractRootNode:0.1
OpenOspViewAction:0.09916666666666667
FilterByAction:0.09333333333333334
NavigationTreeComponent:0.09
ListManagerComponent:0.08666666666666667
AbstractNodePorpertyValueChangeListener:0.08416666666666667
AbstractNodeProperty:0.04666666666666667
LoginView:0.04
NewOspViewAction:0.03666666666666667
ObjectNodePropertyChangeValueListener:0.02
