Projection:0.37
WriterProjection:0.31333333333333335
FetchProjection:0.21333333333333335
TopNProjection:0.20333333333333334
ColumnIndexWriterProjection:0.18
SourceIndexWriterProjection:0.17666666666666667
GroupProjection:0.17333333333333334
FilterProjection:0.16666666666666666
AbstractIndexWriterProjection:0.16333333333333333
DMLProjection:0.15
MergeCountProjection:0.1430952380952381
DeleteProjection:0.12666666666666668
UpdateProjection:0.11666666666666667
AggregationProjection:0.11333333333333333
SysUpdateProjection:0.10333333333333333
FilterProjectionTest:0.09333333333333334
ProjectionFactory:0.0
