Console:0.5033333333333333
Shell:0.5
ConsoleTextField:0.24333333333333335
ConsoleToolBar:0.17333333333333334
ActionHandler:0.15488888888888888
