ItemProvider:0.7966666666666666
ItemRecoverer:0.738
ItemProviderProcessTasklet:0.30666666666666664
ItemProviderRetryContext:0.24333333333333335
ItemProviderProcessTaskletTests:0.22666666666666666
ItemProviderRetryCallback:0.20333333333333334
ItemProviderRetryCallbackTests:0.19666666666666666
SimpleJobTests:0.17666666666666667
ItemProviderTests:0.13448412698412698
ItemRecoveryHandlerTests:0.006666666666666667
