Listener:0.5133333333333333
ShardStateAction:0.4033333333333333
IndicesClusterStateService:0.33
ReplicationPhase:0.24666666666666667
ShardStateActionTests:0.23333333333333334
TestShardStateAction:0.056666666666666664
