BloggerAPIHandler:0.4266666666666667
MetaWeblogAPIHandler:0.4266666666666667
EditBlogEntriesPlugin:0.29333333333333333
AbstractBlojsomAPIHandler:0.12333333333333334
