GwtServerHelper:0.5233333333333333
GwtViewHelper:0.36666666666666664
GwtMenuHelper:0.22666666666666666
EntryMenuPanel:0.22111111111111115
EventHelper:0.21
GwtAdministratorsHelper:0.18611111111111112
ManageAdministratorsDlg:0.185
DataTableFolderViewBase:0.18
AddPrincipalAdminRightsEvent:0.13
