DomNode:0.5
HTMLElement:0.29
Node:0.24844444444444444
HTMLCollection:0.23666666666666666
DocumentNavigator:0.22333333333333333
GWT14Test:0.22
XSLTProcessor:0.21
XMLSerializer:0.20944444444444446
DomNodeTest:0.18666666666666668
Sarissa099Test:0.17666666666666667
HtmlLabel:0.13
