ApprovalStepMetadata:0.6072222222222222
ApprovalStep:0.5077777777777778
ApprovalProfileMBean:0.3433333333333333
ApproveActionManagedBean:0.26666666666666666
MetadataGuiInfo:0.23333333333333334
ApprovalRequestGUIInfo:0.21
