ExpressionValue:0.42333333333333334
HopSymbolTableWalker:0.2658333333333333
StepFactory:0.25333333333333335
TypeDescriptor:0.24
DataEnvironment:0.23
IntermediateExecutionBuilder:0.23
CreateObjectStep:0.18333333333333332
HopDataManager:0.16333333333333333
ContainerExecution:0.10333333333333333
RuntimeObject:0.056666666666666664
CreateObjectAction:0.04
SodbeansSoundMap:0.03333333333333333
