Tree:0.47
VoxelBox:0.4
TreeSegment:0.3566666666666667
VoxelSpace:0.32666666666666666
BoundingBox:0.13
