Router:0.8466666666666667
JUTestServer:0.2733333333333333
RouterOptions:0.22333333333333333
Main:0.20666666666666667
JUTestServerOptions:0.2
JUTestClient:0.17
JUTestServerAttack:0.12333333333333334
JUTestServerFlooding:0.10666666666666667
