RuntimeObject:0.57
HopDataStorage:0.38666666666666666
DataEnvironment:0.30666666666666664
RuntimeScope:0.17666666666666667
InheritanceNode:0.10838095238095237
ChildNode:0.10838095238095237
ThisObject:0.10838095238095237
