JmxLogger:0.5366666666666666
JmxLoggerMBean:0.5366666666666666
JmxAppender:0.12666666666666668
AbstractJmxLoggingMBeanProvider:0.016666666666666666
DriverJmxLoggingMBeanProvider:0.006666666666666667
NodeJmxLoggingMBeanProvider:0.006666666666666667
