NewTrainingSetVisualPanel2:0.37333333333333335
TrainingDataFileDialog:0.29
NewNeuralNetworkWizardIterator:0.2633333333333333
NewNeuralNetworkVisualPanel1:0.23666666666666666
NewTrainingSetWizardIterator:0.19666666666666666
NewNeuralNetworkWizardPanel2:0.18916666666666668
NeuralNetworkTypeWizard:0.17
