TaskExecutor:0.5266666666666666
QueryManagerConfig:0.5
SqlTaskManager:0.38
TestSqlTaskManager:0.23
ServerMainModule:0.16333333333333333
TestQueryManagerConfig:0.14333333333333334
CoordinatorModule:0.11
ExchangeClientFactory:0.03666666666666667
