WADOSupport:0.43
WADORequestObject:0.41002777777777777
FileDataSource:0.3433333333333333
WADORequestObjectImpl:0.3333333333333333
CodecCmd:0.20277777777777778
DecompressCmd:0.19666666666666666
WADOServlet:0.13333333333333333
