ActivityController:0.51
ShadowThemeTest:0.31666666666666665
ParallelUniverseTest:0.30333333333333334
ShadowPackageParser:0.27666666666666667
ShadowViewRootImpl:0.19111111111111112
