SerializationService:0.5483333333333333
Data:0.5066666666666667
ProtocolWriter:0.5061111111111112
Connection:0.32666666666666666
SerializationServiceImpl:0.2733333333333333
Protocol:0.27
ConnectionManager:0.24333333333333335
Packet:0.22666666666666666
SocketProtocolReader:0.21
HazelcastClient:0.21
NodeIOService:0.20666666666666667
IOService:0.20083333333333334
ProtocolReader:0.19
ProxyHelper:0.17666666666666667
DefaultClientBinder:0.07333333333333333
