OAIReplicator:0.42333333333333334
DefaultDOManager:0.36333333333333334
FedoraOAIProvider:0.30666666666666664
FedoraOAIProviderModule:0.30333333333333334
IFedoraOAIProvider:0.07611111111111112
