DBCollection:0.4766666666666667
MongoQueryCursor:0.42
MongoQueryCursorTest:0.28
CommandOperation:0.1927777777777778
ReplaceOperation:0.16777777777777778
InsertOperation:0.16777777777777778
UpdateOperation:0.16777777777777778
RemoveOperation:0.16777777777777778
CountOperation:0.16777777777777778
