CglibConfigurationEnhancer:0.47333333333333333
ConfigurationEnhancer:0.06916666666666667
