VPSService:0.29333333333333333
HostingService:0.15666666666666668
OutdoorsCabinet:0.06333333333333334
IndoorsCabinet:0.06333333333333334
OperatingSystem:0.016666666666666666
VoiceService:0.016666666666666666
GenericXDSLService:0.016666666666666666
Database:0.016666666666666666
ADSLService:0.0
HousingService:0.0
DatabaseType:0.0
SDSLService:0.0
MobileDataService:0.0
SONETService:0.0
SDHService:0.0
PointOfPresence:0.0
VoIPService:0.0
GenericMediaService:0.0
GenericDataService:0.0
CableTVService:0.0
GenericSoftwareItem:0.0
GigaEthernetService:0.0
PDHService:0.0
FTTHService:0.0
VDSLService:0.0
CableDataService:0.0
NetworkService:0.0
