AWTTest:0.47333333333333333
ComponentTestFixtureTest:0.4
LaunchTest:0.31833333333333336
AnnotationTest:0.24566666666666667
JScrollBarTesterTest:0.20976190476190476
PathClassLoader:0.18
