STSUtil:0.44333333333333336
SOAPHeaderData:0.33
STSRequestData:0.29333333333333333
STSRequestHandler:0.25
SAML2TokenValidateHandler:0.21333333333333335
SAML2TokenIssueHandler:0.10333333333333333
SAML2TokenHandler:0.05333333333333334
