ReferenceInfo:0.48333333333333334
DynamicReference:0.45
DocIndexMetaData:0.2866666666666667
Builder:0.26
IndexReferenceInfo:0.23666666666666666
DocIndexMetaDataTest:0.23333333333333334
TestingTableInfo:0.20333333333333334
AbstractDataAnalysis:0.19
AbstractTableInfo:0.18333333333333332
DocTableInfoTest:0.08
