NodeStats:0.5922222222222222
CircuitBreakerStats:0.49666666666666665
AllCircuitBreakerStats:0.29333333333333333
