TrashHelper:0.57
MiscUtil:0.5166666666666667
ListFolderHelper:0.48333333333333334
ProfilesBinderHelper:0.25333333333333335
WorkspaceTreeHelper:0.1811111111111111
