ModuleManager:0.65
ApplicantTest:0.35333333333333333
OrderTest:0.27666666666666667
