HtmlPage:0.5566666666666666
Document:0.36333333333333334
ScriptFilter:0.2733333333333333
DocumentTest:0.18
