Coordinates:0.7566666666666667
MapPanel:0.18666666666666668
ExploredSiteMapLayer:0.16333333333333333
EllipseLayer:0.16333333333333333
NavpointMapLayer:0.16333333333333333
NavpointEditLayer:0.14
UnitIconMapLayer:0.14
MineralMapLayer:0.13333333333333333
LandmarkMapLayer:0.12
ShadingMapLayer:0.11666666666666667
VehicleTrailMapLayer:0.11
UnitLabelMapLayer:0.09
