JbossAcegiLoginModule:0.5766666666666667
JbossAcegiLoginModuleTests:0.49333333333333335
MockCallbackHandler:0.37777777777777777
