ViewStateManager:0.4866666666666667
RetainingCountriesFragment:0.2833333333333333
MvpLceViewStateFragment:0.27666666666666667
AbsParcelableLceViewState:0.24666666666666667
CountriesViewStateActivity:0.24666666666666667
NotRetainingCountriesFragment:0.24666666666666667
MvpViewStateActivity:0.24333333333333335
MvpLceViewStateActivity:0.22333333333333333
MvpViewStateFragment:0.22333333333333333
ReposFragment:0.22
ViewStateManagerTest:0.21
