EjbcaConfiguration:0.6
LocalRaAdminSessionBean:0.44333333333333336
TestUserData:0.22666666666666666
