Blog:0.7766666666666666
BlojsomServlet:0.27666666666666667
BlojsomConstants:0.02
