OWLReact:0.47333333333333333
DictionaryDatabase:0.4166666666666667
DictDBTest:0.2866666666666667
EntryReact:0.2
