ScriptService:0.5933333333333334
ESIntegTestCase:0.4033333333333333
ContextAndHeaderTransportTests:0.24666666666666667
ScriptModesTests:0.20666666666666667
ESSingleNodeTestCase:0.19333333333333333
ScriptServiceTests:0.15333333333333332
FunctionScoreBackwardCompatibilityIT:0.13666666666666666
IndexedScriptTests:0.13666666666666666
IndexedExpressionTests:0.13333333333333333
ScriptContextTests:0.11666666666666667
FileScriptTests:0.11666666666666667
