Annotation:0.6
FeatureMap:0.3451111111111112
TestGate:0.28
XmlDocumentFormat:0.25
SimpleFeatureMapImpl:0.19666666666666666
CustomHeaderRenderer:0.16333333333333333
