SystemTestBase:0.46361111111111103
PersistentPathChildrenCacheTest:0.20666666666666667
ZooKeeperUpdatingPersistentDirectoryTest:0.2
QueueingHistoryWriterTest:0.19333333333333333
ZooKeeperHealthCheckerTest:0.18666666666666668
AgentStateDirConflictTest:0.18666666666666668
ZooKeeperMasterModelIntegrationTest:0.15833333333333333
ZooKeeperRestoreTest:0.09166666666666666
