BaseRegion:0.6566666666666666
TimestampsRegionImpl:0.37333333333333335
QueryResultsRegionImpl:0.3433333333333333
