SpecMolResource:0.6666666666666666
AssignmentPage:0.6491666666666667
