ScriptEditor:0.5433333333333333
ComponentTester:0.38666666666666666
TesterMethodAction:0.33
ScriptEditorFrame:0.2733333333333333
JComponentTester:0.24666666666666667
