KeyStrokeMap:0.7933333333333333
MapGenerator:0.23666666666666666
