CDKIOReader:0.5433333333333333
WriteToMDLMolFile:0.43666666666666665
