TaskStatus:0.49
HiveSplitSource:0.36666666666666664
BackgroundHiveSplitLoader:0.3566666666666667
ResumableTasks:0.19666666666666666
HiveSplitLoaderTask:0.12444444444444443
