Constants:0.5813333333333334
Context:0.5633333333333334
XmlMetaEntity:0.38333333333333336
XmlParser:0.27
ClassWriter:0.24777777777777782
JPAMetaModelEntityProcessor:0.1725
