GwtUIHelper:0.4266666666666667
AdminHelper:0.42
GwtMenuHelper:0.33666666666666667
GwtRpcServiceImpl:0.24
