id:0.47904761904761906
ViewNode:0.37
ViewLoaderTest:0.3566666666666667
FakeHelper:0.28
