WsDomTreeBuilder:0.5477777777777778
BinderHelper:0.4816666666666667
ManageSearchIndexController:0.19
