JSONLexerBase:0.6066666666666667
ParserConfig:0.28
JSONPObject:0.25777777777777783
JSONToken:0.2011111111111111
JSONSerializableSerializer:0.13333333333333333
