Builder:0.6666666666666666
TransactionConfidence:0.43666666666666665
Transaction:0.3933333333333333
KeyChainGroup:0.37
KeyChainGroupTest:0.36666666666666664
Wallet:0.3566666666666667
WalletTest:0.3233333333333333
WalletOrBuilder:0.2833333333333333
WalletProtobufSerializer:0.24666666666666667
WalletProtobufSerializerTest:0.16166666666666665
