AbstractPathChecker:0.3525
SubgraphCheckerNode:0.3433333333333333
AbstractReteMatch:0.32666666666666666
ReteSimpleMatch:0.28
RetePathMatch:0.25333333333333335
ReteCountMatch:0.21833333333333332
Key:0.20777777777777778
EmptyPathMatch:0.1922222222222222
