ProfileModuleImpl:0.8333333333333334
GwtServerHelper:0.5622222222222222
ManageGroupPrincipalsController:0.24666666666666667
