CAInfo:0.8166666666666667
CAAdminSessionBean:0.54
EJBCAHealthCheck:0.2633333333333333
