ParameterAveragingTrainingMaster:0.7266666666666667
Builder:0.4
TestSparkMultiLayerParameterAveraging:0.24333333333333335
TestCompareParameterAveragingSparkVsSingleMachine:0.24333333333333335
