Http2ClientStream:0.43333333333333335
HttpClientRequestPushPromise:0.25333333333333335
Http2ConnectionBase:0.24
Http2ClientConnection:0.21666666666666667
Http2ServerRequestImpl:0.19333333333333333
VertxHttp2Stream:0.18666666666666668
Http2Test:0.1438888888888889
Push:0.13
VertxHttp2NetSocket:0.12666666666666668
