JdbcChadoAdapter:0.5066666666666667
ChadoInstance:0.449484126984127
TigrSybilChadoInstance:0.3
FlybaseChadoInstance:0.24333333333333335
ChadoCds:0.24
