OptimizedLabel:0.793888888888889
Optimized:0.6341111111111112
OptimizedPanel:0.4533333333333333
MRenderer:0.27666666666666667
StuffRenderer:0.24666666666666667
ItemRenderer:0.20777777777777778
Renderer:0.20111111111111113
ColorRenderer:0.16
