DesiredGoodsTableModel:0.42333333333333334
BoughtGoodsTableModel:0.42333333333333334
SellingGoodsTableModel:0.42333333333333334
