Definition:0.6833333333333333
ObjectKeys:0.5583333333333335
DashboardHelper:0.37333333333333335
WebKeys:0.33322222222222225
AjaxController:0.29
BinderHelper:0.27
ViewController:0.2111111111111111
ListFolderController:0.19333333333333333
EditController:0.18
