DefinitionModule:0.5366666666666666
WorkAreaOperation:0.4414285714285715
InputDataAccessor:0.29503968253968255
AbstractEntryProcessor:0.2866666666666667
WorkflowProcessUtils:0.2733333333333333
AbstractFolderModule:0.22666666666666666
DomInputData:0.22
AccessUtils:0.22
ModelInputData:0.20666666666666667
ChainedInputData:0.20666666666666667
ElementInputData:0.20666666666666667
ViewEntryController:0.19666666666666666
DefinitionModuleImpl:0.19
EmptyInputData:0.1761111111111111
MapInputData:0.17
