RestActions:0.6066666666666667
RestSearchAction:0.26
RestExistsAction:0.14333333333333334
RestValidateQueryAction:0.11333333333333333
RestDeleteByQueryAction:0.09666666666666666
RestCountAction:0.08666666666666667
