Swagger:0.38666666666666666
Response:0.33
ExternalDocs:0.3180952380952381
Path:0.30666666666666664
SecurityRequirement:0.30333333333333334
Tag:0.2966666666666667
Operation:0.2833333333333333
OAuth2Definition:0.26
BodyParameter:0.26
AbstractProperty:0.25416666666666665
AbstractModel:0.24333333333333335
AbstractParameter:0.24333333333333335
License:0.21777777777777776
AbstractSecuritySchemeDefinition:0.20777777777777776
JsonSerializationTest:0.1
