XMPPChatTransmitter:0.5266666666666666
JingleFileTransferSession:0.38
JingleFileTransferManager:0.28
FileMediaManager:0.2733333333333333
FileTransferConnection:0.24
SocketCreator:0.21333333333333335
