MCalendar:0.5433333333333333
FeedsFSPlugin:0.40166666666666667
Settings:0.26111111111111107
FeedsConfigPanel:0.19777777777777777
