DaysTree:0.6566666666666666
LayoutManager:0.45666666666666667
ClassicLayout:0.2966666666666667
