MarsClock:0.5166666666666667
JobHistory:0.36
Mind:0.3433333333333333
JobAssignment:0.31666666666666665
ChainOfCommand:0.26
Role:0.25733333333333336
TabPanelCareer:0.1877777777777778
ReviewJobReassignment:0.17861111111111114
JobHistoryTableModel:0.14666666666666667
ReviewJobReassignmentMeta:0.13527777777777777
