Ingest:0.5566666666666666
Export:0.5116666666666667
