SubstitutionService:0.8233333333333334
SubstitutionForm:0.4477777777777777
ExecutorDAO:0.3233333333333333
PermissionBean:0.27666666666666667
SubstitutionLogic:0.24666666666666667
AdminScriptRunner:0.24
SubstitutionServiceBean:0.21
IdForm:0.20833333333333334
AuthorizationServiceBean:0.19666666666666666
SubstitutionServiceDelegate:0.19666666666666666
UpdateSubstitutionCriteriaAction:0.1922121212121212
PresentationCompilerHelper:0.19166666666666668
AjaxCommandServlet:0.13333333333333333
ReturnHomeExceptionHandler:0.11666666666666667
GlobalExceptions:0.11666666666666667
DefaultExceptionHandler:0.11666666666666667
AuthorizationLogic:0.11333333333333333
SubstitutionCriteriaDAO:0.10666666666666667
SubstitutionCriteriaTableBuilder:0.10333333333333333
LoadProcessDefinitionHtmlFileAction:0.09333333333333334
SubstitutionTableBuilder:0.09
UpdateSubstitutionAction:0.08333333333333333
IdentifiableBase:0.04666666666666667
