GraphJCell:0.5966666666666667
GraphState:0.5616666666666666
JGraph:0.4266666666666667
GraphJVertex:0.42
AspectJEdge:0.3566666666666667
AspectJModel:0.3466666666666667
GraphJEdge:0.33666666666666667
AspectJVertex:0.3
AbstractGraphState:0.2966666666666667
MatchSetCollector:0.2833333333333333
AspectJGraph:0.2733333333333333
Imager:0.25666666666666665
Editor:0.25
GraphJModel:0.25
LTSJVertex:0.24666666666666667
CtrlJGraph:0.23666666666666666
TypePanel:0.21666666666666667
RulePanel:0.21666666666666667
StatePanel:0.21333333333333335
GraphToTikz:0.20666666666666667
MyForestLayouter:0.20444444444444446
LTSJGraph:0.19666666666666666
LTSJModel:0.19
LTSJEdge:0.18
LTSPanel:0.15333333333333332
CtrlPreviewAction:0.14333333333333334
CtrlJVertex:0.12666666666666668
CtrlJEdge:0.07
ReteJModel:0.05333333333333334
ReteJGraph:0.006666666666666667
