View:0.71
WorkInvoiceTest:0.22666666666666666
BaseAllModulesNamesProvider:0.19
WorkCostTest:0.17666666666666667
