MethodInvocation:0.5466666666666666
ArrayRewriter:0.36333333333333334
CastResolver:0.31666666666666665
CastResolverTest:0.23666666666666666
