Refresh:0.73
InternalIndexShard:0.31666666666666665
TransportShardBulkAction:0.18666666666666668
TransportRefreshAction:0.18666666666666668
RobinEngine:0.18666666666666668
TransportIndexAction:0.18333333333333332
TransportShardDeleteAction:0.18333333333333332
TransportDeleteAction:0.18333333333333332
TransportGetAction:0.17833333333333334
TransportShardMultiGetAction:0.12666666666666668
IndexShardGatewayService:0.12666666666666668
ShardLifecycleListener:0.10666666666666667
EngineRefresher:0.103
