RuleContext:0.5988888888888889
ParseTree:0.42380555555555555
TerminalNode:0.38961111111111113
