GroupListPanel:0.44
RoleListPanel:0.2833333333333333
UserListPanel:0.2833333333333333
AETGroupListPanel:0.17666666666666667
