KuwaibaWebservice:0.40599999999999997
BackendBeanRemote:0.37666666666666665
BackendBean:0.37666666666666665
SessionNotValidException:0.051444444444444445
UnsupportedPropertyException:0.051444444444444445
MiscException:0.051444444444444445
OperationNotPermittedException:0.051444444444444445
ObjectNotFoundException:0.022222222222222223
