BioResourceView:0.47
FolderResource:0.47
PersistedResource:0.3333333333333333
InstallSampleDataAction:0.26666666666666666
BioResourcePropertySource:0.25666666666666665
