TreeViewDefaultPathTest:0.9761111111111113
TreeViewReaderTestImpl:0.2633333333333333
