DefaultPasswordEncoder:0.4955555555555555
LogoutHttpMessage:0.31333333333333335
UnauthorizedServiceForPrincipalException:0.24
