SampleApp:0.75
SWTPatchTest1:0.37666666666666665
ClickListener:0.2633333333333333
