MatrixManipulations:0.4533333333333333
Point3d:0.4033333333333333
Point2d:0.31333333333333335
Main:0.31333333333333335
Voxel:0.2994444444444444
Image:0.29333333333333333
GraphicsFeedback:0.24333333333333335
EdgeExtraction3D:0.18
