StatisticsTracker:0.5533333333333333
CrawlController:0.5266666666666666
