Order:0.6422222222222221
ShopOrderViewer:0.42333333333333334
Authentication:0.31666666666666665
ShopOrderViewerConfiguration:0.09
