TypeInfo:0.5
SourceIndexerRequestor:0.43666666666666665
TypeDeclarationPattern:0.4033333333333333
