Node:0.4755555555555555
AddressPicker:0.33666666666666667
AddressUtil:0.24666666666666667
