CallableStatementProxy:0.4033333333333333
CallableStatementTest:0.37666666666666665
ConnectionProxy:0.30333333333333334
StatementProxy:0.21666666666666667
PreparedStatementProxy:0.21666666666666667
CallableStatementJDBC3Test:0.17333333333333334
