ICDKManager:0.7522222222222222
CDKManager:0.6266666666666667
