JFXMapSymbol:0.43
JFXFactory:0.38666666666666666
BasicWindowManager:0.3511111111111111
Map2DRenderer:0.2966666666666667
MapHorzContainerRenderer:0.27
DefaultItemEventHandler:0.27
AbstractProjectedMap2DItemRenderer:0.17666666666666667
Map2DLegacyRenderer:0.13666666666666666
Map2DGridRenderer:0.13666666666666666
ProjectedMap2DItemRenderer:0.09183333333333334
Map2DItemListRenderer:0.04666666666666667
Map2DSourceRenderer:0.023333333333333334
