Kuwaiba:0.7357777777777779
BackendBean:0.5627777777777778
