Builder:0.4866666666666667
AsyncHttpClientConfig:0.43
DefaultAsyncHttpClientConfig:0.30666666666666664
HttpProtocol:0.29
Protocol:0.29
ChannelManager:0.25
BasicHttpsTest:0.23333333333333334
AdditionalPipelineInitializer:0.23333333333333334
DefaultAsyncHttpClient:0.19666666666666666
AsyncHttpClientConfigDefaults:0.19333333333333333
BasicHttpTest:0.18666666666666668
WebSocketProtocol:0.18
Dsl:0.18
Processor:0.13
EventPipelineTest:0.08333333333333333
NettyWebSocketFactory:0.03
