ReflectionToStringBuilder:0.6966666666666667
BusinessObject:0.25666666666666665
