XLogP:0.49333333333333335
TPSA:0.21666666666666667
BCUT:0.21666666666666667
