Classifier1D:0.6633333333333333
JenksBreaksColorThemingState:0.30333333333333334
MaximalBreaksColorThemingState:0.30333333333333334
QuantileColorThemingState:0.29
MeanSTDevColorThemingState:0.28
