Magnifier:0.5722222222222223
MagnifierInterface:0.34
NullMagnifier:0.31666666666666665
