Engine:0.7233333333333334
Channel:0.47
AbstractServerEngine:0.2633333333333333
NetworkHandler:0.24666666666666667
ServerEngine:0.24253968253968253
AbstractSocketProtocol:0.22166666666666668
BasicServerEngine:0.21333333333333335
AbstractConfigurationParser:0.18
AbstractLayer:0.17
BufferLogger:0.16666666666666666
ConfigProperties:0.16
AbstractProtocol:0.15666666666666668
ExtractSupplementAction:0.14833333333333334
EditorPreferencesSetter:0.13666666666666666
WidgetDefPlugin:0.12
XMLDefinitionHandler:0.095
XMLNode:0.08666666666666667
ExtractSupplementDialog:0.07
ActivationTask:0.0
