JFXPainterUtils:0.5366666666666666
NoClipLabeledSkinBase:0.4033333333333333
GestureAreaRenderer:0.27666666666666667
AbstractReporter:0.27666666666666667
