HtmlTableRowTest:0.5961111111111111
GWT250Test:0.39666666666666667
