QualName:0.5366666666666666
CtrlBuildTest:0.27666666666666667
SaveAction:0.2733333333333333
ResourceModel:0.2733333333333333
DefaultArchiveSystemStore:0.25666666666666665
SimulatorAction:0.22
DefaultFileSystemStore:0.19333333333333333
ResourceTab:0.16666666666666666
RuleJTree:0.16
ActionTreeNode:0.14333333333333334
DirectoryTreeNode:0.10333333333333333
