StripedHistogram:0.6394444444444445
StripedTimeSeries:0.41333333333333333
StripedLongTimeSeries:0.41333333333333333
