CasEmbeddedContainerTomcatConfiguration:0.5633333333333334
DefaultCassandraSessionFactory:0.36333333333333334
CasEmbeddedApacheTomcatClusteringProperties:0.31666666666666665
DefaultCassandraRepository:0.19666666666666666
CassandraAuthenticationProperties:0.011111111111111112
