WebSocketClient:0.54
ChatServer:0.29
ExampleClient:0.28476190476190477
HandshakeImpl1Client:0.24484523809523806
HandshakeImpl1Server:0.20911111111111114
