RsaSignSessionTest:0.45666666666666667
CertRequestHttpTest:0.2633333333333333
ProtocolOcspHttpTest:0.25
ProtocolLookupServerHttpTest:0.23333333333333334
UserDataTest:0.22
CaImportCertCommand:0.19666666666666666
CardCertReqServlet:0.16466666666666666
ProtocolOcspSignedHttpTest:0.16466666666666666
SignSessionCommon:0.15
