ModelBuilder3D:0.7233333333333334
Mbuilder3dTests:0.22666666666666666
MextraTests:0.18666666666666668
