Model:0.5633333333333334
Table:0.41333333333333333
View:0.31666666666666665
IconFactory:0.23666666666666666
RelationList:0.20666666666666667
ModelProperties:0.20666666666666667
ModelComparator:0.19333333333333333
ModelUtilities:0.16666666666666666
BaseEditor:0.16333333333333333
ERDesignerToolbarEntry:0.15
EmptyModelModificationTracker:0.1325
ModelItemVector:0.12666666666666668
MessagesHelper:0.11666666666666667
OwnedModelItem:0.09
VetoException:0.056666666666666664
ERDesignerBundle:0.0033333333333333335
