FrequencyUnitFSM:0.59
DrugMentionAnnotator:0.5533333333333333
RouteFSM:0.26166666666666666
