SettingsPane:0.4533333333333333
CommandoHandler:0.4033333333333333
CommandoDialog:0.22
CommandoCheckBox:0.182
CommandoTextField:0.09666666666666666
TextAreaPane:0.06
CommandoThread:0.056666666666666664
