Jedis:0.6933333333333334
Connection:0.23333333333333334
JedisCommandTestBase:0.11888888888888888
