Shader:0.6232222222222222
ModelBatch:0.45666666666666667
btBvhTriangleMeshShape:0.43
btTriangleIndexVertexArray:0.38333333333333336
TestShader:0.35333333333333333
BatchRenderTest:0.2
JsonModelLoaderTest:0.2
Renderable:0.07333333333333333
