GeometryToolsInternalCoordinates:0.5233333333333333
GeometryTools:0.44
HydrogenPlacer:0.25333333333333335
AtomPlacer:0.24166666666666667
JChemPaintEditorPanel:0.23666666666666666
RingPlacer:0.23555555555555552
JChemPaintPanel:0.23
AbstractController2D:0.22333333333333333
AbstractRenderer2D:0.22
ModelBuilder3D:0.205
CML2Test:0.2
StructureDiagramGenerator:0.2
Controller2D:0.2
SVGWriter:0.19666666666666666
AtomPlacer3D:0.19
JChemPaintAbstractApplet:0.19
JumboTest:0.17666666666666667
JmolTest:0.17
LengthOverBreadthDescriptor:0.16833333333333333
InsertTextPanel:0.16666666666666666
HydrogenPlacerTest:0.16666666666666666
GeometryToolsTest:0.15666666666666668
FlipEditTest:0.15333333333333332
JChemPaintTest:0.15333333333333332
CreateAction:0.14666666666666667
MomentOfInertiaDescriptor:0.13
PetitjeanShapeIndexDescriptor:0.13
CleanupAction:0.12333333333333334
SimpleRenderer2D:0.12333333333333334
AppletCanvas:0.10666666666666667
CreateCoordinatesForFileDialog:0.10555555555555554
AddHydrogenAction:0.09333333333333334
DataFeaturesTool:0.07666666666666666
CreateSmilesAction:0.07666666666666666
AddFuncGroupEdit:0.058333333333333334
Projector:0.05333333333333334
