TestAttributeSet:0.43666666666666665
Attribute:0.4266666666666667
ViewTest:0.27666666666666667
ResourceExtractor:0.27666666666666667
PreferenceTest:0.24666666666666667
TestAttributeSetTest:0.22
PreferenceGroupTest:0.17666666666666667
DialogPreferenceTest:0.11333333333333333
ImageButtonTest:0.11
