ListFolderController:0.605
SearchController:0.44166666666666665
ListProfilesController:0.3566666666666667
