DefaultLayerFactory:0.34
TestUpdaters:0.17
NesterovsUpdater:0.16580952380952382
AdaGradUpdater:0.16580952380952382
AdamUpdater:0.14
RmsPropUpdater:0.13199999999999998
