Trigger:0.69
DataExtractorService:0.39666666666666667
IRoutingService:0.37290476190476185
RoutingService:0.23333333333333334
RoutingJob:0.15
BatchesByChannel:0.006666666666666667
