SimpleStepFactoryBean:0.5083333333333333
SkipLimitStepFactoryBeanTests:0.3566666666666667
SkipLimitStepFactoryBeanNonBufferingTests:0.33666666666666667
