JPPFClient:0.5533333333333333
TestJPPFTask:0.3
JPPFJob:0.2866666666666667
AbstractJPPFClient:0.23
TestJPPFStatistics:0.22
ClientJob:0.21666666666666667
AbstractTask:0.21333333333333335
AbstractClientConnectionHandler:0.19666666666666666
AbstractGenericClient:0.18666666666666668
BaseJPPFClientConnection:0.18
ChannelWrapperRemote:0.15
RemoteRunnable:0.15
