Status:0.39666666666666667
Calls:0.32
Payload:0.31333333333333335
SessionCall:0.30666666666666664
BlockingResponseStream:0.30333333333333334
CallResponse:0.19333333333333333
UnaryStreamToFuture:0.10666666666666667
CallToStreamObserverAdapter:0.043333333333333335
StreamObserverToCallListenerAdapter:0.03
SessionChannel:0.023333333333333334
