Subject:0.52
SubjectBuilder:0.31
PRPA_IN201306UV02_Message_Builder:0.24333333333333335
HL7V3MessageBuilderHelper:0.22666666666666666
SubjectSearchCriteriaBuilder:0.21666666666666667
PRPA_IN201305UV02_Message_Builder:0.14
BuilderHelper:0.1
