RobolectricTestRunner:0.8066666666666666
ManifestFactory:0.57
GradleManifestFactoryTest:0.19
DefaultManifestFactoryTest:0.18
ManifestFactoryTest:0.15333333333333332
BuckManifestFactoryTest:0.13
