Simulator:0.41
JAttr:0.4033333333333333
AspectJModel:0.4
Editor:0.34
GraphJEdge:0.33166666666666667
Options:0.3233333333333333
StatePanel:0.31333333333333335
AspectJGraph:0.27
TypePanel:0.26666666666666666
AspectJEdge:0.26666666666666666
LabelTree:0.25
GraphJModel:0.24666666666666667
AspectJVertex:0.24
RulePanel:0.20666666666666667
SelectColorAction:0.14
