ConcordanceService:0.65
TxmI18N:0.31333333333333335
ConcordanceParam:0.2866666666666667
ConcordanceForm:0.25666666666666665
ConcordanceServiceAsync:0.21661111111111112
ConcordanceServiceImpl:0.15333333333333332
ComplexSortForm:0.14666666666666667
