FeatureInstaller:0.6566666666666666
AbstractMultiInputDialog:0.45666666666666667
BufferPlugIn:0.43
AttributeTypeFilter:0.13
