BioMobyInputsWizard2:0.7733333333333333
PrimaryArticlesPage:0.6366666666666667
SecondaryArticlesPage:0.13666666666666666
