ChainingPrincipalResolver:0.5333333333333333
PrincipalResolver:0.35
PersonDirectoryPrincipalResolver:0.31
PersonDirectoryPrincipalResolverLdaptiveTests:0.17666666666666667
PrincipalAttributesProperties:0.17666666666666667
AbstractAuthenticationManager:0.17666666666666667
PersonDirectoryPrincipalResolverTests:0.17333333333333334
ProxyingPrincipalResolver:0.15666666666666668
X509SubjectDNPrincipalResolverTests:0.13666666666666666
X509SerialNumberAndIssuerDNPrincipalResolverTests:0.13666666666666666
X509SerialNumberPrincipalResolverTests:0.13666666666666666
PrincipalBearingCredentialsToPrincipalResolverTests:0.1
SpnegoCredentialsToPrincipalResolverTests:0.1
ChainingPrincipalResolverTests:0.09333333333333334
CasPersonDirectoryConfiguration:0.08333333333333333
EchoingPrincipalResolver:0.07333333333333333
