LineReader:0.37666666666666665
EditorMenuFactory:0.365
SynthGraphicsUtils:0.30666666666666664
AbstractEditorOverlay:0.3044444444444444
JFXEditorOverlay:0.2833333333333333
ImagePainter:0.2833333333333333
DefaultBinaryExporter:0.27666666666666667
EditorEngine:0.2633333333333333
SwingEditorOverlay:0.22166666666666668
XMLDefinitionHandler:0.22
DefaultServerXMLDFHandler:0.21333333333333335
DefaultEventStructConverter:0.21333333333333335
SwingUIManager:0.2122222222222222
SynthComboBoxUI:0.2122222222222222
PropertyList:0.08666666666666667
