RubySearchPage:0.5133333333333333
SearchPatternData:0.43
RubySearchQuery:0.33666666666666667
SearchForManager:0.03666666666666667
