AddRingModule:0.49
CycleSymbolModule:0.4866666666666667
AddBondModule:0.31333333333333335
