MapDisplay:0.5266666666666666
ToolWindow:0.31333333333333335
USGSMarsMap:0.27
MainWindow:0.19333333333333333
NavigatorWindow:0.155
MainWindowMenu:0.13
