SerializationBuilder:0.5266666666666666
ChronicleMapBuilder:0.5116666666666667
ChronicleSetBuilder:0.32666666666666666
