ReceiverThread:0.4766666666666667
MediaDriverAdminThread:0.46
UnicastReceiverTest:0.24333333333333335
MediaDriverContext:0.12666666666666668
SenderThread:0.10194444444444443
