SymbolTable:0.575
HopSymbolTableWalker:0.44600000000000006
ControlFlowAnalyzer:0.36333333333333334
UseDescriptor:0.25747619047619047
DFA20:0.17533333333333334
DFA31:0.17533333333333334
