EntityId:0.4666666666666667
BinderViewsHelper:0.38
GwtTeamingMessages:0.31666666666666665
DataTableFolderViewBase:0.30666666666666664
UIData:0.24583333333333332
CopyMoveEntriesDlg:0.23333333333333334
