TestBean:0.64
ConfigurationProcessor:0.28
MethodBeanWrapper:0.22833333333333333
TestFactoryBeanForBeanFactory:0.21666666666666667
ConfigurationSupport:0.2
ConfigurationPostProcessorTests:0.17666666666666667
DummyFactory:0.16666666666666666
TestFactoryBeanForAppContext:0.15333333333333332
Advised2:0.023333333333333334
InvalidAroundAdviceClassWithNoAspectAnnotation:0.006666666666666667
AroundAdviceWithNamedPointcut:0.006666666666666667
InvalidNoAspectAnnotation:0.006666666666666667
ValidAroundAdviceClassWithAspectAnnotation:0.006666666666666667
AroundSingletonCountingAdvice:0.006666666666666667
SumAroundAdvice:0.006666666666666667
