SubCrawlerUtil:0.9133333333333333
TestSubCrawlerUtilIntegration:0.06333333333333334
