RedissonExecutorService:0.5766666666666667
RedissonExecutorServiceTest:0.37
ExecutorRemoteService:0.27666666666666667
RemoteExecutorServiceImpl:0.24
