DefinitionModule:0.56
GwtTeamingMessages:0.32666666666666666
DefinitionHelper:0.32
Canvas:0.32
LandingPageProperties:0.30666666666666664
LandingPageConfig:0.29503968253968255
LandingPageEditor:0.2866666666666667
DefinitionModuleImpl:0.24
LandingPagePropertiesDlgBox:0.23333333333333334
MarkupUtil:0.22
WebKeys:0.03
