MappedObjectTransformer:0.4633333333333333
MappedObject:0.37666666666666665
MappedHelper:0.26666666666666666
MappedForeach:0.20666666666666667
MappedObjectTests2:0.18
MappedSet3:0.17333333333333334
MappedObjectClassLoader:0.17333333333333334
MappedSet2:0.17333333333333334
MappedSet4:0.16666666666666666
