ExecutionTracker:0.6117222222222223
DebugEventListener:0.5133333333333333
TODSessionImpl:0.36333333333333334
DefaultExecutionTracker:0.31333333333333335
JVMEventManager:0.2
DefaultVariablesWatcher:0.18666666666666668
AbstractSessionTracker:0.16666666666666666
VariablesWatcher:0.04666666666666667
