Generator:0.6966666666666667
Generate:0.6133333333333333
JavaGenerator:0.38
GenerationTool:0.2377777777777778
AbstractGenerator:0.22333333333333333
