IChemModelRelay:0.635
Controller2DHub:0.43333333333333335
IJChemPaintManager:0.2833333333333333
JChemPaintManager:0.25666666666666665
