RxImageTool:0.7508888888888889
RxCrashTool:0.5266666666666666
