SimpleComment:0.4766666666666667
SimpleTrackback:0.4766666666666667
SimplePingback:0.4533333333333333
BlojsomImplementation:0.31666666666666665
BlojsomParser:0.25
FeedImportPlugin:0.17333333333333334
