RequiredAnnotationMethodInvocationMonitor:0.5425
PostProcessor:0.3466666666666667
RequiredMethodTracker:0.26666666666666666
