SQLTasksModel:0.5566666666666666
XmlBasedConstructorDialog:0.43666666666666665
SQLHandlerCellEditorProvider:0.23
XmlBasedConstructorProvider:0.16666666666666666
