ShadowView:0.6366666666666667
ShadowTextView:0.5366666666666666
CompoundDrawables:0.41
ShadowImageView:0.25333333333333335
