PropertyCriteriaPanel:0.5366666666666666
AbstractWFSWrapper:0.4666666666666667
JUMPFeatureFactory:0.4361111111111111
