AbstractOsgiBundleApplicationContext:0.45888888888888885
BundleFactoryBean:0.43166666666666664
NamespaceManager:0.36277777777777775
