BootstrapEditText:0.5633333333333334
BootstrapDrawableFactory:0.45666666666666667
BootstrapButton:0.41333333333333333
BootstrapEditTextExample:0.20333333333333334
