GwtClientHelper:0.8
ManageSavedSearchesDlg:0.2833333333333333
TagThisDlg:0.2833333333333333
FolderOptionsDlg:0.25
TopRankedDlg:0.21666666666666667
MenuBarBox:0.18333333333333332
