Table:0.6795
SelectImpl:0.44333333333333336
SelectJoinStep:0.3841111111111111
JoinTable:0.37666666666666665
AbstractTable:0.37
