JtdsResultSet:0.46
TdsCore:0.44333333333333336
Support:0.36
ResponseStream:0.27666666666666667
