MailUtil:0.8666666666666667
MailUtilTest:0.2633333333333333
