ReplaySession:0.51
ArchiveConductor:0.3933333333333333
ReplaySessionTest:0.32666666666666666
