RedissonMap:0.4866666666666667
MasterSlaveConnectionManager:0.37666666666666665
RedissonMapTest:0.3566666666666667
ConnectionManager:0.33916666666666667
