DeliveryTest:0.7163333333333335
DefaultLayoutPainter:0.6144444444444445
