GwtTeamingMessages:0.481388888888889
GwtFolderEntry:0.38
GwtFolderEntryTypeHelper:0.36666666666666664
EditShareWidget:0.33666666666666667
GwtServerHelper:0.31333333333333335
GwtShareItem:0.25
GwtRpcServiceImpl:0.2377777777777778
GwtSearchHelper:0.15444444444444444
GetFolderEntryTypeRpcResponseData:0.06666666666666667
GetFolderEntryTypeCmd:0.03666666666666667
