DataHandler:0.5966666666666667
PyCursor:0.5366666666666666
InformixDataHandler:0.22666666666666666
MySQLDataHandler:0.16333333333333333
FilterDataHandler:0.15666666666666668
PostgresqlDataHandler:0.03
