Dialect:0.8366666666666667
DatabaseConnectionEditorView:0.2633333333333333
DatabaseConnectionEditor:0.23666666666666666
DialectFactory:0.19
ConnectionDescriptor:0.18333333333333332
PostgresDialect:0.13666666666666666
MySQLDialect:0.11
OracleDialect:0.11
MSSQLDialect:0.11
PostgresReverseEngineeringStrategy:0.02
