Sql:0.7284444444444444
Lang:0.52
AbstractSql:0.41
SqlLiteral:0.3566666666666667
SqlContext:0.3433333333333333
UpdateSql:0.09333333333333334
QuerySql:0.04666666666666667
FetchSql:0.04666666666666667
ExecutableSql:0.043333333333333335
SqlCallback:0.0
