OutputLayer:0.5933333333333334
MultiLayerNetwork:0.48
CounterMapTest:0.12333333333333334
TestConvolutionLayer:0.12333333333333334
OutputLayerTest:0.09083333333333334
