DcmQR:0.26633333333333337
DcmSnd:0.26633333333333337
DcmGPWL:0.26633333333333337
DcmWado:0.22699999999999998
DcmOF:0.22699999999999998
DcmEcho:0.22699999999999998
DcmHPQR:0.22699999999999998
DcmDir:0.22699999999999998
DcmRcv:0.22699999999999998
DcmMWL:0.22699999999999998
Dcm2Txt:0.22033333333333333
Dcm2Dcm:0.22033333333333333
Dcm2Jpg:0.22033333333333333
Jpg2Dcm:0.22033333333333333
Txt2DcmSR:0.22033333333333333
Rgb2Ybr:0.22033333333333333
Dcm2Xml:0.22033333333333333
Pdf2Dcm:0.20366666666666666
Xml2Dcm:0.19033333333333333
