Channel:0.5266666666666666
ClientAdminThread:0.32666666666666666
Builder:0.21694444444444447
ReceiverChannel:0.20666666666666667
UdpDestination:0.19666666666666666
AtomicArray:0.17
MappedBufferRotator:0.14333333333333334
