XmlFlowBuilder:0.5172222222222221
TestFlowArtifactLocator:0.3433333333333333
XmlFlowBuilderTests:0.30333333333333334
