AtomicBuffer:0.64
EventCodec:0.461111111111111
EventLogger:0.30333333333333334
