HttpUtils:0.5266666666666666
SoapProtocol:0.37
HttpProtocol:0.36666666666666664
XmlRpcProtocol:0.23666666666666666
JsonRpcProtocol:0.18333333333333332
