OrderTest:0.6733333333333333
CreateInvoiceFromOrderAction:0.3433333333333333
