FileProcessor:0.6058333333333333
HeaderFileProcessor:0.345
ETC1FileProcessor:0.32166666666666666
