StatementGenerator:0.5433333333333333
StatementGeneratorTest:0.3566666666666667
JavaToIOSMethodTranslatorTest:0.31
ObjectiveCImplementationGeneratorTest:0.30666666666666664
