Attribute:0.4483333333333333
ActionSniffer:0.44333333333333336
SemanticPipeline:0.21
v4ParserException:0.16666666666666666
GrammarASTAdaptor:0.14333333333333334
OutputModelObject:0.09666666666666666
