BiomartQueryJob:0.5433333333333333
BiomartEditorContributor:0.48333333333333334
ValueEditingSupport:0.38
AttributesPage:0.14583333333333334
IBiomartEditorPage:0.07
