Enum:0.4166666666666667
EnumSet:0.31333333333333335
JavaToIOSMethodTranslator:0.2866666666666667
HugeEnumSet:0.24
MiniEnumSet:0.23
