Util:0.6066666666666667
LocationBuilder:0.4
GameBuilder:0.29
HexBuilder:0.21333333333333335
