Drawable:0.7666666666666667
LWJGLUtil:0.44333333333333336
Display:0.42
Pbuffer:0.4033333333333333
WindowsDisplay:0.3516666666666667
GLChecks:0.31
JavaMethodsGenerator:0.28
BufferChecks:0.25666666666666665
ContextCapabilitiesGenerator:0.25
ATI_vertex_array_object:0.24666666666666667
GeneratorVisitor:0.21666666666666667
MacOSXDisplay:0.2075
AWTGLCanvas:0.20333333333333334
SharedDrawable:0.16666666666666666
BaseReferences:0.16333333333333333
BackgroundLoader:0.15333333333333332
AbstractDrawable:0.13333333333333333
DrawableLWJGL:0.13166666666666665
