TagW:0.45
ImageElement:0.38666666666666666
DicomImageElement:0.3466666666666667
DicomImageReader:0.29333333333333333
ImageFiler:0.29
DicomMediaIO:0.25333333333333335
ImageToolkit:0.23333333333333334
View2dContainer:0.22666666666666666
MediaReader:0.22337301587301586
DicomSeries:0.21666666666666667
DicomExplorer:0.1925
DefaultView2d:0.18666666666666668
ImageElementIO:0.16333333333333333
