ApolloPanel:0.6183333333333333
SyntenyMenu:0.3466666666666667
