Match:0.64
SPORule:0.5333333333333333
GrammarPlanData:0.32666666666666666
RuleMatch:0.31333333333333335
AbstractCondition:0.25422222222222224
LevelMap:0.24666666666666667
AbstractMatch:0.23666666666666666
ForallCondition:0.16333333333333333
CompositeMatch:0.15666666666666668
