Statistics:0.7366666666666667
SimpleMonitorService:0.31666666666666665
MonitorService:0.27666666666666667
DubboMonitor:0.18333333333333332
MonitorFilter:0.15
JettyContainer:0.11666666666666667
DubboMonitorTest:0.10666666666666667
SimpleMonitorMain:0.09333333333333334
MonitorFilterTest:0.09333333333333334
ServicesPageHandler:0.08
ProvidersPageHandler:0.02666666666666667
ConsumersPageHandler:0.02666666666666667
