ConnectLinksWindow:0.32666666666666666
InventoryObjectNode:0.27
LinkInformationStep:0.24305555555555558
ContainerInformationStep:0.24305555555555558
GoogleMapWrapper:0.20277777777777778
ExistingWireContainerStep:0.20166666666666666
EndpointNode:0.165
NewLinkWizard:0.15
NewContainerWizard:0.11333333333333333
ActionsFactory:0.08666666666666667
ReleaseMirrorPortAction:0.08416666666666667
ConnectMirrorPortAction:0.08416666666666667
OpenOspViewAction:0.05
GetViewNavTreeAction:0.016666666666666666
