CompositeMapperBuilder:0.5812777777777778
AuditedPropertiesReader:0.5666666666666667
ComponentPropertyMapper:0.30333333333333334
MultiPropertyMapper:0.20333333333333334
AnnotationsMetadataReader:0.17
SubclassPropertyMapper:0.17
ComponentMetadataGenerator:0.1
ComponentPropertiesSource:0.08
