Doctype:0.6166666666666667
DocumentType:0.6
XmlTreeBuilder:0.31333333333333335
DocumentTypeTest:0.11666666666666667
