BindingUtil:0.5866666666666667
TypeDeclarationGenerator:0.33
TypeImplementationGenerator:0.2866666666666667
TypeGenerator:0.27666666666666667
TypePrivateDeclarationGenerator:0.1922222222222222
OcniExtractor:0.14666666666666667
