Engine:0.69
EngineConfig:0.6033333333333334
Include:0.19777777777777777
RenderDirective:0.1511111111111111
