StepFactory:0.7966666666666666
CompilerErrorManager:0.36222222222222217
