WriteConcern:0.4666666666666667
DBCollection:0.3933333333333333
Result:0.37666666666666665
WriteConcernTest:0.2866666666666667
OutMessage:0.26
WriteResult:0.22
BaseWriteCommandMessage:0.21
InsertCommandMessage:0.2088888888888889
JavaClientTest:0.14666666666666667
DBCollectionTest:0.14666666666666667
DBApiLayer:0.13666666666666666
DeleteCommandMessage:0.07666666666666666
UpdateCommandMessage:0.07666666666666666
ErrorTest:0.06666666666666667
