Transition:0.4506666666666666
LexerATNSimulator:0.42333333333333334
ParserATNSimulator:0.32
ActionTransition:0.2
PredicateTransition:0.2
RangeTransition:0.11
AtomTransition:0.060833333333333336
SetTransition:0.060833333333333336
EpsilonTransition:0.060833333333333336
NotSetTransition:0.05416666666666667
RuleTransition:0.05416666666666667
WildcardTransition:0.03666666666666667
