InternalKeyBindingProperty:0.49333333333333335
EjbcaWS:0.33666666666666667
OcspKeyRenewalSessionBean:0.29333333333333333
OcspKeyBinding:0.20305555555555554
InternalKeyBindingDataSessionBean:0.2
AuthenticationKeyBinding:0.17638888888888887
ClientX509KeyManager:0.17277777777777778
CryptoTokenFactory:0.16405555555555557
InternalKeyBindingMgmtSessionBean:0.1475
CryptoTokenDownloadServlet:0.013333333333333334
