AWTDrawVisitor:0.38666666666666666
ExtendedAtomGenerator:0.32
RenderPanel:0.31333333333333335
BasicAtomGenerator:0.2633333333333333
TextGroupElement:0.2
