TODSession:0.8233333333333334
DefaultExecutionTracker:0.5233333333333333
TODSessionImpl:0.38
DefaultVariablesWatcher:0.18333333333333332
Variable:0.07666666666666666
MirroredObjectInstance:0.07666666666666666
MirroredPrimitive:0.033650793650793646
FieldVariable:0.0033333333333333335
MirroredInstance:0.0033333333333333335
MirroredEntity:0.0
JavaObject:0.0
LocalVariable:0.0
