User:0.91
AuthenticationManager:0.2966666666666667
NLT:0.27666666666666667
WebHelper:0.22
InitRequestContextInterceptor:0.15
AuthenticationManagerImplTests:0.10666666666666667
AuthenticationManagerImpl:0.09
CrossContextConstants:0.07
DispatchServer:0.06
AuthenticationManagerUtil:0.03666666666666667
PWCallback:0.016666666666666666
LoginPostAction:0.01
