Generator:0.4533333333333333
Parser:0.34
Type:0.26500000000000007
Context:0.24666666666666667
Tokenizer:0.22277777777777777
