RowSender:0.64
SortingTopNProjectorTest:0.2966666666666667
FetchProjectorTest:0.28778571428571426
