JacksonDecoder:0.6169444444444444
JacksonCodecTest:0.47333333333333333
GsonCodecTest:0.4633333333333333
