ERDesignerView:0.6816666666666666
SQLView:0.3566666666666667
OutlineView:0.3566666666666667
