IOUtils:0.6033333333333334
PageConfig:0.4866666666666667
Results:0.24333333333333335
TextAnalyzer:0.22333333333333333
