Command:0.6133333333333333
BootstrapCliParserTests:0.42333333333333334
InstallPluginCommandTests:0.33666666666666667
PluginCliTests:0.20333333333333334
ListPluginsCommandTests:0.14
TerminalTests:0.14
RemovePluginCommandTests:0.13666666666666666
