FunctionScoreQueryParser:0.6066666666666667
FunctionScoreQueryBuilder:0.49333333333333335
DecayFunctionScoreTests:0.16
