GeneBean:0.51
DisplaySequenceAssociations:0.25777777777777783
GeneBeanFactory:0.25333333333333335
URLBean:0.25
Display:0.23333333333333334
ProtocolBean:0.20666666666666667
DisplayProtocol:0.06333333333333334
