SessionFactoryImpl:0.7366666666666667
PersisterFactory:0.3920952380952381
PersisterClassResolver:0.3920952380952381
PersisterFactoryImpl:0.37333333333333335
MetadataImpl:0.2966666666666667
FilterDefBinder:0.18
StandardPersisterClassResolver:0.17
MetadataImplementor:0.15833333333333333
GoofyPersisterClassProvider:0.04
