WalletTool:0.37
NetworkParameters:0.30666666666666664
BitcoinURI:0.215
RegTestParams:0.15666666666666668
TestNet3Params:0.15333333333333332
MainNetParams:0.15333333333333332
TestNet2Params:0.13
UnitTestParams:0.13
