CacheEventListenerAdaptor:0.5766666666666667
CacheStatisticsMXBeanImpl:0.3466666666666667
DataSerializableConventionsTest:0.31333333333333335
CacheDataSerializerHook:0.285
