JarFiles:0.4866666666666667
TestFiles:0.3566666666666667
