Controller:0.5733333333333334
BaseFineEditor:0.43333333333333335
WindowMenu:0.36333333333333334
SeqFeatureUtil:0.28
RightClickActionListener:0.21777777777777782
FindPanel:0.1902777777777778
BaseEditorPanel:0.17666666666666667
EditMenu:0.15444444444444444
MenuManager:0.07833333333333334
BOFEWindowListener:0.07666666666666666
