Structuredb:0.6133333333333333
HsqldbTestServerManager:0.44333333333333336
Activator:0.3433333333333333
