Icons:0.6733333333333333
Options:0.48
PrologDisplay:0.37333333333333335
DisplaysPanel:0.31
ControlDisplay:0.28
TabbedDisplay:0.23666666666666666
LabelTree:0.21333333333333335
GrooveFileView:0.19333333333333333
NextPrologResultAction:0.13055555555555554
ShiftPriorityAction:0.12333333333333334
ExploreAction:0.10666666666666667
ExportAction:0.1
StartSimulationAction:0.09333333333333334
ApplyMatchAction:0.09333333333333334
FirstPrologResultAction:0.08166666666666667
ForwardAction:0.07333333333333333
BackAction:0.07333333333333333
MyCellRenderer:0.02
