DomNode:0.7833333333333333
DomElement:0.3333333333333333
HtmlUnitRegExpProxy:0.2966666666666667
XMLHTTPRequest:0.2513888888888889
HtmlArea:0.24
XMLDOMNodeList:0.18083333333333335
