TestExecutionNode:0.57
MethodTestExecutionNode:0.4066666666666667
ClassTestExecutionNode:0.36666666666666664
