Flyway:0.77
DbInfoAggregator:0.22444444444444447
DbMigrator:0.21166666666666667
CompositeMigrationResolver:0.17944444444444446
CompositeMigrationResolverSmallTest:0.15666666666666668
SqlMigrationResolver:0.15166666666666667
DbValidator:0.13333333333333333
JavaMigrationResolver:0.08333333333333333
SpringJdbcMigrationResolver:0.08333333333333333
JdbcMigrationResolver:0.08333333333333333
