SimpleJobIdentifier:0.7933333333333333
SimpleJobIdentifierTests:0.31333333333333335
