GwtTeamingMessages:0.7208333333333333
LoginDlg:0.4633333333333333
GwtMainPage:0.44666666666666666
