PyCursor:0.6066666666666667
PyExtendedCursor:0.49
PyConnection:0.2833333333333333
