OptionsHandler:0.6566666666666666
FileChooserOption:0.2966666666666667
PreferencesStorage:0.2636111111111111
JPPFChartBuilder:0.23083333333333333
UILauncher:0.22666666666666666
ConsoleLauncher:0.19777777777777777
WindowClosingListener:0.14111111111111113
ConnectionStatusListener:0.1
