GwtTeamingMessages:0.4
EntryTitleCell:0.3233333333333333
FolderViewBase:0.24666666666666667
AddFilesHtml5Popup:0.24666666666666667
