ReaderFactory:0.8541666666666666
ChemLoader:0.6833333333333333
