ErrorList:0.47333333333333333
ErrorListPlugin:0.33666666666666667
ErrorHighlight:0.30333333333333334
