BaseActionHandler:0.25
ExecuteFormulaActionHandler:0.18333333333333332
AlfrescoActionHandler:0.17666666666666667
AlfrescoSearchFiles:0.1
CreateDurationActionHandler:0.08666666666666667
AddHoursAndMinutesToDateTimeActionHandler:0.08666666666666667
ProcessNumberVariableAdditionActionHandler:0.08666666666666667
CurrentDateTimeVariableAdditionActionHandler:0.08666666666666667
AddHoursToDateTimeActionHandler:0.08666666666666667
InOutVariablesAdditionActionHandler:0.08666666666666667
BotInvokerActionHandler:0.08666666666666667
ActorFullNameVariableAdditionActionHandler:0.08666666666666667
AddInOutDateTimesActionHandler:0.08666666666666667
SendEmailActionHandler:0.08666666666666667
EmailTaskNotifierActionHandler:0.08666666666666667
ActorAllNamesVariableAdditionActionHandler:0.08666666666666667
CancelInOutVariablesAdditionActionHandler:0.08666666666666667
CopyDateActionHandler:0.08666666666666667
AlfrescoDeleteFile:0.07
AlfrescoGetFile:0.07
AlfrescoPutFile:0.07
SetSubProcessPermissionsActionHandler:0.043333333333333335
AddCurrentDateTimeActionHandler:0.043333333333333335
