GwtTeamingMessages:0.5327777777777778
DeleteActivityStreamUIEntryEvent:0.4266666666666667
EventHelper:0.28733333333333333
ActivityStreamCtrl:0.2866666666666667
GwtServerHelper:0.2544444444444445
ActionsPopupMenu:0.19777777777777777
