AddressingEndpointInterceptor:0.5333333333333333
WsAddressingVersion:0.2
AbstractWsAddressingVersion:0.15333333333333332
WsAddressing200605:0.08666666666666667
WsAddressing200408:0.08166666666666667
AbstractAddressingInterceptorTestCase:0.03
AddressingInterceptor200605Test:0.02
AddressingInterceptor200408Test:0.01
SimpleActionEndpointMappingTest:0.0033333333333333335
