ASTUtil:0.8333333333333334
SelectionEngine:0.38333333333333336
