HopParser:0.64
DFA43:0.20666666666666667
DFA42:0.19666666666666666
DFA70:0.19666666666666666
