GeoParsedResult:0.69
GeoParsedResultTestCase:0.22333333333333333
GeoResultParser:0.19666666666666666
