UpdateQSARResultsIntoDB:0.513611111111111
IterativeMoleculeFromDBReader:0.513611111111111
