Buffer:0.6233333333333333
ByteString:0.39
RealBufferedSource:0.25666666666666665
RealBufferedSink:0.21333333333333335
Okio:0.20666666666666667
ForwardingSink:0.20666666666666667
ForwardingSource:0.20666666666666667
Timeout:0.19666666666666666
GzipSink:0.14333333333333334
