VARIANT:0.5433333333333333
DISPPARAMS:0.4066666666666667
Oleaut32Test:0.26666666666666666
COMObject:0.25666666666666665
CURRENCY:0.19
UCHAR:0.15333333333333332
ULONGLONG:0.15333333333333332
DECIMAL:0.15
