Buffer:0.6133333333333333
Mode:0.38333333333333336
SearchAndReplace:0.33666666666666667
ModeProvider:0.3127777777777778
HyperSearchRequest:0.17777777777777778
