Parameter:0.6822777777777778
Utils:0.66
ParameterImpl:0.29333333333333333
JavaGenerator:0.28
AbstractRoutine:0.2733333333333333
