JFXServerCockpit:0.6797222222222223
JFXServerWrapper:0.5984444444444444
