AnnotationBinder:0.51
Ejb3JoinColumn:0.41333333333333333
SimpleValueBinder:0.31333333333333335
OneToOneSecondPass:0.17444444444444446
DerivedIdentitySimpleParentSimpleDepTest:0.15666666666666668
