ObjectId:0.83
MapReduceOutput:0.35333333333333333
ByteTest:0.3433333333333333
