HopLexer:0.38333333333333336
HopParser:0.3333333333333333
HopParserAPITest:0.22
DFA5:0.11577777777777779
reference_return:0.008981481481481483
assignment_statement_return:0.008981481481481483
