EditorManager:0.5488888888888889
ContributionHelper:0.4161111111111111
ContributionAnnotationTest:0.21
