ShadowResources:0.45
AsmInstrumentingClassLoader:0.31
ShadowSQLiteStatement:0.22666666666666666
ResourceExtractor:0.20944444444444446
ResourcesTest:0.11
SQLiteStatementTest:0.056666666666666664
RobolectricTestRunnerClassLoaderSetupTest:0.01
