OptionDialog:0.41333333333333333
InfoDialog:0.38
LayoutFrame:0.3522222222222222
