ClientConfiguration:0.5277777777777778
BenchmarkServiceImpl:0.3333333333333333
AsyncClient:0.22666666666666666
AsyncServer:0.20733333333333334
LoadGenerationWorker:0.2
TransportBenchmark:0.16666666666666666
