HTTPHeaders:0.6233333333333333
MsgManager:0.6233333333333333
QRPUpdateTimer:0.19666666666666666
LeafHandshakeHandler:0.16
