KeyRing:0.6466666666666666
EditSuperUserDialog:0.34
EditSuperUserDialogModel:0.2006666666666667
