BoundedLocalCache:0.69
Node:0.43666666666666665
AsMapView:0.23333333333333334
CacheValidationListener:0.14666666666666667
AddToString:0.13666666666666666
UpdateTask:0.13666666666666666
RemovalTask:0.13666666666666666
KeyIterator:0.11
EntryIterator:0.11
