Qedeq2LatexExecutor:0.7163333333333335
Qedeq2UnicodeVisitor:0.5544444444444444
