LocalQueryLight:0.55
LocalTransientQuery:0.5133333333333333
CommunicationsStub:0.36666666666666664
ViewBuilder:0.2966666666666667
LocalTransientQueryImpl:0.28
QueryEditorScene:0.23666666666666666
ClassNodeWidget:0.22333333333333333
ListTypeFilter:0.21444444444444447
LocalStuffFactory:0.19333333333333333
GraphicalQueryBuilderService:0.19333333333333333
LocalQueryLightImpl:0.16666666666666666
QueryListPanel:0.15666666666666668
ObjectViewService:0.14
LocalQuery:0.11666666666666667
LocalSession:0.065
LocalQueryImpl:0.03333333333333333
