TableIdent:0.33
CreateAlterTableStatementAnalyzerTest:0.3233333333333333
PartitionedTableIntegrationTest:0.29333333333333333
DDLIntegrationTest:0.21333333333333335
SQLExceptions:0.185
AlterTableRenameAnalyzerTest:0.18333333333333332
