Condition:0.53
Index:0.2994444444444444
AbstractNode:0.27222222222222225
OperatorNodeSearchItem:0.21333333333333335
Edge2SearchItem:0.20666666666666667
RegExprEdgeSearchItem:0.2
PlanData:0.18333333333333332
NodeTypeSearchItem:0.18
ConditionSearchItem:0.17333333333333334
SeedSearchItem:0.15666666666666668
NegatedSearchItem:0.15333333333333332
AbstractSearchItem:0.15333333333333332
EqualitySearchItem:0.10666666666666667
ValueNodeSearchItem:0.05333333333333334
Anchor:0.05
