TemplateWriter:0.47333333333333333
Immutables:0.396984126984127
DiscoveredAttribute:0.3333333333333333
Fragment:0.30333333333333334
Parser:0.25333333333333335
EventualProvider:0.21666666666666667
Binder:0.18333333333333332
JavaFile:0.11333333333333333
Files:0.11277777777777777
Output:0.03
SampleValue:0.0
BuiltinOperations:0.0
