Advapi32:0.7433333333333333
Advapi32Util:0.45
Advapi32Test:0.31666666666666665
Advapi32UtilTest:0.22583333333333333
PSID:0.18
PSIDByReference:0.08
SECURITY_IMPERSONATION_LEVEL:0.023888888888888887
TOKEN_INFORMATION_CLASS:0.023888888888888887
SID_AND_ATTRIBUTES:0.006666666666666667
TOKEN_OWNER:0.0033333333333333335
TOKEN_USER:0.0033333333333333335
