SocketChannelWrapperFactory:0.8966666666666666
TcpIpConnectionManager:0.4266666666666667
DefaultNodeExtension:0.26666666666666666
MockIOService:0.2633333333333333
DefaultClientExtension:0.18
SocketReaderInitializerImpl:0.17
