CountersManager:0.6433333333333333
CountersManagerTest:0.5666666666666667
