CompressedFile:0.58
SevenZFileGiveStream:0.34
OpenFileWizardState:0.30333333333333334
DataSourceFileLayerLoader:0.24333333333333335
