UserMgmtService:0.44333333333333336
ArticleMgmtService:0.36333333333333334
ArticleBaiduSender:0.28625396825396826
SymphonyServletListener:0.23
InitMgmtService:0.2188095238095238
ErrorProcessor:0.17666666666666667
StopwatchEndAdvice:0.17666666666666667
