NettyAsyncHttpProvider:0.5733333333333334
BasicHttpsTest:0.34
ZeroCopyHandler:0.24
ZeroCopyFileTest:0.21666666666666667
