SelectAnalyzerTest:0.5846666666666667
SelectStatementAnalyzer:0.38333333333333336
