DiscountedCumulativeGainAt:0.5533333333333333
PrecisionAtN:0.39666666666666667
ReciprocalRank:0.39666666666666667
RankEvalSpec:0.31
RankedListQualityMetric:0.23
PrecisionAtNTests:0.18333333333333332
ReciprocalRankTests:0.18333333333333332
DiscountedCumulativeGainAtTests:0.17666666666666667
