ModuleTestBase:0.52
ModuleManager:0.42333333333333334
TableModelBean:0.32166666666666666
JDBCTabProvider:0.259
DateTimeFormatter:0.25
BeansContextProviderFactory:0.212
XCollections:0.21
UserFilter:0.18
