InnerPreparer:0.5833333333333334
SortedPagingIterator:0.4355
SQLPlugin:0.33666666666666667
ContextPreparer:0.19666666666666666
