Rr2Point:0.6566666666666666
Reprap:0.46
LayerProducer:0.30333333333333334
Producer:0.2277777777777778
