ISphereLibrary:0.6766666666666666
ConnectionProperties:0.32
ISphereConnectionPropertyPageDelegate:0.21666666666666667
