BuildSummary:0.28
BuildService:0.2733333333333333
BuildSummaryTest:0.26
SpecificLogFileFilter:0.25333333333333335
BuildDetailController:0.21666666666666667
ActiveBuildPageTest:0.16333333333333333
SpecificLogFileFilterTest:0.07333333333333333
