FreemarkerManager:0.7133333333333334
FreemarkerTemplateEngine:0.45
BeanSelectionProvider:0.21333333333333335
StrutsConstants:0.02
