DateHistogramTests:0.37333333333333335
HistogramTests:0.33666666666666667
Builder:0.30666666666666664
HistogramParser:0.21666666666666667
TimeIntervalTimeZoneRounding:0.11333333333333333
UTCIntervalTimeZoneRounding:0.11333333333333333
DayIntervalTimeZoneRounding:0.11333333333333333
