JoglApplication:0.4533333333333333
FileHandle:0.4066666666666667
ParticleEmitter:0.2633333333333333
ImageButton:0.225
List:0.22
Label:0.21833333333333332
