DynamicClassLoader:0.72
Launch:0.4266666666666667
Tags:0.014071428571428572
