JSONArray:0.7833333333333333
JSONScanner:0.49444444444444446
HSFJSONUtils:0.15
