TokenStream:0.7166666666666667
Node:0.3433333333333333
TokenStreamTest:0.20666666666666667
ParserTest:0.14333333333333334
