TestJape:0.44666666666666666
TestFSM:0.39
TestJdk:0.3433333333333333
