EventDispatcher:0.6822222222222222
DynamicRouter:0.5366666666666666
