QueryCmd:0.49
GPSPSPerformerBean:0.31333333333333335
StudyBean:0.3
WadoQueryCmd:0.22666666666666666
PatientBean:0.21666666666666667
MWLItemBean:0.21333333333333335
PatientBeanTest:0.17333333333333334
GPWLQueryCmd:0.13666666666666666
QueryStudiesCmd:0.13333333333333333
MPPSQueryCmd:0.13
MWLQueryCmd:0.12333333333333334
FileSystemMgtSupportBean:0.09
