SbeStatsInitializationReport:0.48
MapDBStatsStore:0.41588888888888886
TestStatsSBE:0.06666666666666667
