Unit:0.7533333333333333
Player:0.62
IndianSettlement:0.4633333333333333
Colony:0.36
ServerModelController:0.23666666666666666
Mission:0.23333333333333334
AIPlayer:0.19333333333333333
InGameInputHandler:0.19
UnitWanderHostileMission:0.18
IndianBringGiftMission:0.16666666666666666
FreeColMenuBar:0.10333333333333333
TaskEntry:0.013333333333333334
