RrdUtils:0.36666666666666664
RrdImpl:0.30666666666666664
SnmpCollector:0.23333333333333334
JniRrdImpl:0.21333333333333335
LatencyThresholder:0.18333333333333332
SnmpThresholder:0.17666666666666667
IPv4LatencyMonitor:0.14
