AndroidGraphics:0.6066666666666667
AndroidLiveWallpaper:0.38666666666666666
Animation:0.38
AndroidDaydream:0.35333333333333333
SuperKoalio:0.14
