ObjectiveCImplementationGenerator:0.6516666666666666
ObjectiveCHeaderGenerator:0.575
ObjectiveCSegmentedHeaderGenerator:0.29333333333333333
