ZooKeeperMasterModel:0.56
RollingUpdateOpFactoryTest:0.38666666666666666
RollingUpdateOpFactory:0.38666666666666666
CreateEmpty:0.27666666666666667
