Host:0.6566666666666666
Cfg:0.5166666666666667
HostManager:0.38
ConnectionEngine:0.26
Digest:0.22166666666666668
GWebCacheContainer:0.18333333333333332
IncomingListener:0.17333333333333334
Environment:0.16666666666666666
ExitPhexAction:0.13
IncomingConnectionDispatcher:0.12333333333333334
CaughtHostsListModel:0.10333333333333333
AutoConnectHostsListModel:0.1
DefaultsActionListener:0.08333333333333333
BrowseHostConnection:0.07666666666666666
