MJIEnv:0.5888888888888889
JPF_java_lang_reflect_Method:0.30333333333333334
Boo:0.24666666666666667
TestMethodReflection:0.215
TestJavaLangString:0.20944444444444446
TestMethodReflectionJPF:0.16
JPF_java_lang_reflect_Constructor:0.15666666666666668
Faz:0.0
