MatrixUtil:0.5733333333333334
BaseMultiLayerNetwork:0.49666666666666665
Word2Vec:0.44
FileSentenceIterator:0.19833333333333333
Word2VecTrainer:0.14666666666666667
Word2VecSimilarity:0.12666666666666668
Word2VecSimilarityTester:0.09666666666666666
