AtmosphereResponse:0.43
DummyHttpServletRequest:0.38333333333333336
DummyHttpServletResponse:0.33666666666666667
AtmosphereRequest:0.33
BlockingIOCometSupportTest:0.17083333333333334
