ItemWriter:0.6766666666666666
StepHandler:0.5733333333333334
StepHandlerStep:0.36666666666666664
ItemWriterAdapter:0.29333333333333333
ItemOrientedStepHandler:0.285
StaxEventItemWriter:0.24972222222222218
FlatFileItemWriter:0.18392857142857144
SimpleStepFactoryBeanTests:0.18333333333333332
ItemWriterChunkHandler:0.16333333333333333
StatefulRetryStepFactoryBeanTests:0.16333333333333333
ItemWriterChunkHandlerTests:0.14666666666666667
PropertyExtractingDelegatingItemWriter:0.14666666666666667
StaxEventItemWriterTests:0.14666666666666667
StepExecutorInterruptionTests:0.12333333333333334
ExternalRetryTests:0.12
BatchListenerFactoryHelper:0.11333333333333333
StepHandlerStepIntegrationTests:0.10666666666666667
