SaajContentHandler:0.7669444444444444
SaajXmlReader:0.4486111111111111
