MetadataEntityManagerImpl:0.66
MetadataEntityManagerRemote:0.43333333333333335
ApplicationEntityManagerImpl:0.32666666666666666
