TrapHandlerTest:0.43666666666666665
EventConfDataTest:0.31333333333333335
Snmp4JValue:0.25666666666666665
JoeSnmpValue:0.23
TrapQueueProcessor:0.20944444444444446
EventKey:0.19666666666666666
EventUtil:0.19666666666666666
