Materialisation:0.8505555555555555
TestMaterialisation:0.17333333333333334
