TestAgent:0.5833333333333334
TestVarBindList:0.4066666666666667
AgentIndexException:0.36527777777777787
RequestPdu:0.25666666666666665
