CassandraRecordSink:0.5533333333333333
NativeCassandraSession:0.52
CassandraSession:0.25666666666666665
CassandraConnectorRecordSinkProvider:0.16666666666666666
