SpdyStream:0.34
SpdyConnectionTest:0.2733333333333333
Handler:0.24065079365079364
SpdyConnection:0.205
Reader:0.2
InFrame:0.17
