SimpleMappableAttributesRetriever:0.5266666666666666
J2eeBasedPreAuthenticatedWebAuthenticationDetailsSourceTests:0.44666666666666666
UserDetailsByNameServiceWrapper:0.22333333333333333
SimpleMappableRolesRetrieverTests:0.18333333333333332
