CrawlerResultCollector:0.33
CrawlerTask:0.22666666666666666
LinkMatch:0.21
JPPFHttpDefaultParamsFactory:0.18666666666666668
WebCrawlerRunner:0.12333333333333334
CrawlerTest:0.05333333333333334
JPPFMethodExceptionHandler:0.04416666666666667
