FormObjectAccessor:0.5066666666666667
ContinuationFlowExecutionRepository:0.30333333333333334
FlowExecutionControlContextImpl:0.29333333333333333
