OrcStorageManager:0.52
ShardManagerDao:0.48377777777777775
TestOrcStorageManager:0.33
DatabaseShardManager:0.32
OrcPageSource:0.2833333333333333
SchemaDao:0.24333333333333335
TestShardManagerDao:0.24
RaptorSplit:0.23333333333333334
CompactionJob:0.19333333333333333
RaptorSplitSource:0.1886111111111111
OrcStoragePageSink:0.18444444444444444
TestShardCompactor:0.16666666666666666
RaptorPageSink:0.1527777777777778
ShardCompactor:0.13444444444444445
StorageManager:0.11333333333333333
RaptorSplitManager:0.11
RaptorPageSinkProvider:0.10666666666666667
StorageModule:0.04
SchemaDaoUtil:0.03
