HtmlPage:0.6633333333333333
ScriptEngine:0.5913888888888889
Window:0.29333333333333333
JavaScriptEngine:0.18666666666666668
ScriptEngineTest:0.15666666666666668
HtmlPageTest:0.15
