SelectStatementAnalyzerTest:0.5166666666666667
TestStatementBuilder:0.4266666666666667
MatchPredicate:0.3466666666666667
LuceneQueryBuilderTest:0.20333333333333334
SingleRowSubselectAnalyzerTest:0.14
