PatternGraphGenerator:0.5633333333333332
PatternShapeGenerator:0.4666666666666667
MultiplicityBoundOption:0.28
