SarosWorkbenchComponent:0.5336785714285714
SessionViewComponentImp:0.42333333333333334
PEViewComponent:0.27166666666666667
TestSessionViewComponent:0.23
BasicComponentImp:0.19566666666666668
PEViewComponentImp:0.17333333333333334
SarosWorkbenchComponentImp:0.13333333333333333
