Robolectric:0.6666666666666666
ShadowHandler:0.37333333333333335
ShadowView:0.3516666666666667
ShadowAnimation:0.3433333333333333
ResourceLoader:0.3
ShadowContextWrapper:0.24333333333333335
Scheduler:0.23333333333333334
ShadowResources:0.22666666666666666
ContextWrapperTest:0.16666666666666666
AnimationTest:0.14333333333333334
HandlerTest:0.09666666666666666
DrawableResourceLoaderTest:0.056666666666666664
TestAnimation:0.043333333333333335
DrawableResourceLoader:0.03666666666666667
drawable:0.016666666666666666
