DefaultVertx:0.3983333333333333
WrappedVertx:0.38333333333333336
Vertx:0.34
