AJCell:0.7224444444444444
AspectJEdge:0.6141666666666666
