PrioritizedRequestManager:0.6966666666666667
InvalidPriorityException:0.36666666666666664
PrioritizedRequestFilter:0.17666666666666667
AbstractCompositeDataView:0.0
