TestMapStore:0.4866666666666667
MapStoreTest:0.32666666666666666
TestEventBasedMapStore:0.25
MapStoreWriteProcessor:0.19
FailAwareMapStore:0.12
SimpleMapStore:0.07
