ShadowLooper:0.4533333333333333
ShadowApplication:0.4
ParallelUniverseTest:0.26666666666666666
ShadowMessageQueueTest:0.25333333333333335
ShadowLooperTest:0.18333333333333332
