AbstractTreeModel:0.41
Model:0.38
DnDTreeModel:0.34703968253968254
DnDTree:0.16333333333333333
PropertyTreeWidget:0.11083333333333334
AbstractDnDTreeModel:0.11
ObjectTransferable:0.08
DefaultDnDTreeModel:0.07
