AbstractCacheRecordStore:0.6133333333333333
CacheRecord:0.529345238095238
AbstractCacheService:0.3433333333333333
CacheEntryProcessorEntry:0.22
ICacheService:0.19583333333333333
