MaintenanceTabPanel:0.6766666666666666
PowerGridTabPanel:0.32166666666666666
