EventBusAnnotationProcessor:0.7133333333333334
SubscriberMethodFinder:0.2833333333333333
EventBusFallbackToReflectionTest:0.12666666666666668
PrivateSuperClass:0.05333333333333334
PublicWithPrivateSuperClass:0.05333333333333334
