TestSearchContext:0.53
GeoDistanceSortBuilder:0.36666666666666664
DistanceBoundingCheck:0.22361111111111115
ElasticsearchSingleNodeTest:0.20333333333333334
GeoDistanceSortParser:0.2
SimpleSortTests:0.08666666666666667
