AndroidManifest:0.7933333333333333
AndroidManifestTest:0.32
RobolectricTestRunner:0.2833333333333333
