Server:0.68
Elvin:0.6
LogFailTester:0.3333333333333333
JUTestClient:0.20666666666666667
MessageHandler:0.17777777777777778
Main:0.16444444444444445
JUTestServerFlooding:0.16
Ep:0.1311111111111111
Ec:0.1311111111111111
JUTestServerAttack:0.13
