DocAction:0.7233333333333334
DocumentEngine:0.54
X_C_Invoice:0.2866666666666667
MOrder:0.28
MJournal:0.25333333333333335
MTimeExpense:0.25
MInOut:0.24666666666666667
MInvoice:0.24666666666666667
MPayment:0.22
MInventory:0.2
MRMA:0.2
MInOutConfirm:0.19666666666666666
MCash:0.19666666666666666
MBankStatement:0.19333333333333333
MMovementConfirm:0.19333333333333333
MRequisition:0.19333333333333333
MJournalBatch:0.19333333333333333
MAllocationHdr:0.19
MMovement:0.18666666666666668
DocActionTemplate:0.17666666666666667
