QueueFile:0.77
FileObjectQueue:0.3466666666666667
QueueFileTest:0.16666666666666666
