ZipOutputStream:0.45
ZipEntry:0.44333333333333336
ZipFileTest:0.44333333333333336
ZipFile:0.3333333333333333
ZipInputStream:0.30333333333333334
GZIPInputStream:0.24583333333333332
ZipInflaterInputStream:0.23
DeflaterInputStream:0.22333333333333333
EocdRecord:0.1443915343915344
ZipEntryTest:0.13833333333333334
InflaterTest:0.09
GZIPInputStreamTest:0.08333333333333333
DeflaterTest:0.08
ZipOutputStreamTest:0.03666666666666667
ZipInputStreamTest:0.02
