ItrackerBaseAction:0.6066666666666667
LoginUtilities:0.5416666666666666
