JdbcChadoAdapter:0.6666666666666666
SybaseChadoAdapter:0.33
FeatureLocImplementation:0.30616666666666664
