Calculator:0.7933333333333333
FunctionBody:0.40581746031746035
