CertificateProfile:0.56
CertTools:0.4
ExtendedInformation:0.27
X509CA:0.20916666666666667
EjbcaWS:0.17
EjbcaWSTest:0.11666666666666667
