BotService:0.64
BotStation:0.64
ExecutorServiceDelegate:0.33666666666666667
BotLogic:0.22
BotServiceBean:0.22
WorkflowBotInvoker:0.20666666666666667
BotServiceDelegate:0.19666666666666666
WorkflowThreadPoolBotInvoker:0.18333333333333332
BotListTag:0.13666666666666666
BotStationResources:0.09
