BatchNormalization:0.7333333333333333
BatchNormalizationParamInitializer:0.3566666666666667
TestDecayPolicies:0.31333333333333335
BatchNormalizationTest:0.19333333333333333
