ConfiguredClass:0.52
EntityBinder:0.36333333333333334
ConfiguredClassHierarchy:0.36
ConfiguredClassHierarchyBuilder:0.2733333333333333
EntityBindingStateImpl:0.25666666666666665
ConfiguredClassHierarchyBuilderTest:0.2
TableNameTest:0.15
AnnotationBinder:0.14
TypeDiscoveryTest:0.10333333333333333
GenericTypeDiscoveryTest:0.10333333333333333
AnnotationBindingContext:0.03333333333333333
EmbeddableBindingTests:0.0033333333333333335
