SuspectEventProcessor:0.4633333333333333
RescanProcessor:0.45055555555555554
BroadcastEventProcessor:0.4033333333333333
