Session:0.7041666666666667
SessionImpl:0.5266666666666666
SessionDelegatorBaseImpl:0.29
ForeignGenerator:0.17666666666666667
