testjena:0.5836666666666667
gendl:0.3933333333333333
