Module:0.38333333333333336
MetaComponent:0.3466666666666667
ViewBaseAction:0.2866666666666667
AnnotatedClassParser:0.2833333333333333
ModuleManager:0.2788333333333334
DeliveryTest:0.18333333333333332
