AbstractAdminModule:0.4633333333333333
IndexErrors:0.4166666666666667
ManageSearchIndexController:0.31333333333333335
WebKeys:0.014444444444444444
