ExtenderConfigurationTest:0.8783333333333333
DefaultBundleContextProperties:0.44666666666666666
