BeanCopy:0.6633333333333333
BeanCopyTest:0.31333333333333335
BeanVisitor:0.25
Moo:0.18
