ConnectionProperties:0.41
AuthenticationWithSSLIntegrationTest:0.32
HostBasedAuthenticationTest:0.30666666666666664
HttpAuthUpstreamHandler:0.24666666666666667
