View:0.8333333333333334
DeliveriesTest:0.5
ModuleTestBase:0.4033333333333333
