Options:0.9466666666666667
PropertyPlace:0.54
SetPlaceHierarchy:0.2633333333333333
PlaceBean:0.26
