OpenMapServlet:0.39666666666666667
InitMapsApplicationServlet:0.39666666666666667
DeleteMapServlet:0.38561111111111107
