MyBeanShellFacade:0.36
Native2ASCIIEncoding:0.2675555555555556
Native2ASCIIEncodingTest:0.23666666666666666
