AbstractJdbcExpert:0.39
Sqlserver2005JdbcExpert:0.19333333333333333
CreateTableWithCommentTest:0.19
OracleJdbcExpert:0.11
HsqldbJdbcExpert:0.11
Db2JdbcExpert:0.10333333333333333
