HostTypeOfTest:0.38333333333333336
HostClassNameTest:0.38333333333333336
HostClassNameStandardsTest:0.38333333333333336
BrowserVersionFeaturesTest:0.27666666666666667
HostTestsTest:0.13
