RubyEditor:0.5266666666666666
RubyResourcesView:0.36666666666666664
IRubyEditorActionDefinitionIds:0.3542857142857143
ShowInPackageViewAction:0.32666666666666666
ActionMessages:0.16458730158730156
RdtActionConstants:0.0
