NegativeOpt:0.5066666666666667
El2Test:0.42
RPNCalculate:0.4
Converter:0.31666666666666665
