ConnectionPool:0.6266666666666667
MasterSlaveConnectionManager:0.30333333333333334
BaseMasterSlaveServersConfig:0.2733333333333333
ClusterConnectionManager:0.24666666666666667
BaseConfig:0.23666666666666666
SentinelConnectionManager:0.21333333333333335
ElasticacheConnectionManager:0.16
