InterfaceWithTestCases:0.63
AbstractSuperTest:0.2633333333333333
ClassTestExecutionNode:0.13666666666666666
ClassLevelCallbackTests:0.04
SucceedingTestCase:0.03333333333333333
HierarchyTestCase:0.006666666666666667
SuperInterface:0.0
