Walker:0.57
EnhancedPainlessLexer:0.5096666666666667
WhenThingsGoWrongTests:0.37583333333333335
BasicExpressionTests:0.29
