Utils:0.69
ProjectDeltaVisitor:0.45666666666666667
XStreamExtensionProvider:0.23555555555555557
FileZipper:0.1922222222222222
FileSubmitter:0.17666666666666667
ResourceActivityFilter:0.10666666666666667
