Invisible:0.3433333333333333
OnlySubclassable:0.26466666666666666
InterpreterTest:0.21666666666666667
