Buffer:0.62
BufferedSink:0.5317222222222223
BufferedSource:0.5317222222222223
RealBufferedSink:0.22666666666666666
RealBufferedSource:0.22666666666666666
BufferTest:0.18333333333333332
RealBufferedSinkTest:0.09333333333333334
RealBufferedSourceTest:0.06666666666666667
