Namespace:0.6033333333333334
PacketHandlerTest:0.35333333333333333
PacketHandler:0.20111111111111113
PacketListener:0.15666666666666668
