SSLHandler:0.49
SocketClient:0.4666666666666667
DefaultSSLAsyncConnection:0.23
NIOListener:0.1211111111111111
