SignificantLongTerms:0.3416666666666667
SignificantStringTerms:0.3416666666666667
SignificantTermsTests:0.13533333333333333
