ResourceLineReader:0.7933333333333333
MultiResourceItemReaderIntegrationTests:0.5066666666666667
ResourceLineReaderTests:0.24190476190476196
