RemoveOperation:0.52
MapOperationProvider:0.5021746031746032
MapProxySupport:0.43
MapOperationProviderDelegator:0.2633333333333333
DefaultMapOperationProvider:0.2633333333333333
MapRemoveRequest:0.24333333333333335
WANAwareOperationProvider:0.24333333333333335
MapRemoveMessageTask:0.17666666666666667
IncrementStatsExecutionCallback:0.07666666666666666
MapExecutionCallbackAdapter:0.06333333333333334
