ClientMapProxy:0.58
MapProxySupport:0.46
IndexService:0.20333333333333334
MapDataSerializerHook:0.19333333333333333
