FileSystemDTO:0.61
FileSystemBean:0.43333333333333335
FileBean:0.32666666666666666
FileSystemMgtBean:0.30666666666666664
