Generator:0.5616666666666666
StateCache:0.4766666666666667
CompositeDeltaApplier:0.39666666666666667
