GradientCheckTests:0.4766666666666667
BackTrackLineSearchTest:0.4766666666666667
RBMTests:0.42333333333333334
