TestInterface:0.7290277777777778
HystrixInvocationHandler:0.38666666666666666
HystrixBuilderTest:0.2
FallbackTestInterface:0.18666666666666668
HystrixDelegatingContract:0.14666666666666667
