SizeValue:0.4
DocumentMapper:0.39
MetaDataStateFormat:0.34
IndexMetaData:0.33
Engine:0.32666666666666666
IndexShard:0.2833333333333333
Fuzziness:0.2633333333333333
CopyOnWriteHashMap:0.25333333333333335
Streams:0.24333333333333335
PropertyPlaceholder:0.11
LogByteSizeMergePolicyProvider:0.011111111111111112
TransportModule:0.0033333333333333335
HttpServerModule:0.0
LogDocMergePolicyProvider:0.0
