Operation:0.6066666666666667
FileActivity:0.48333333333333334
TextEditActivity:0.4033333333333333
InsertOperation:0.2866666666666667
EditorManager:0.25916666666666666
JupiterActivity:0.25327777777777777
DeleteOperation:0.24333333333333335
StopManager:0.24333333333333335
SharedProject:0.2328333333333333
ResourceDeltaVisitor:0.23
SplitOperation:0.21
ConsistencyWatchdogHandler:0.21
RoleActivity:0.20333333333333334
StopActivity:0.20333333333333334
RemoteEditorManager:0.19666666666666666
LineDelimiterManipulator:0.19305555555555554
TimestampOperation:0.18666666666666668
ViewportActivity:0.18333333333333332
UndoManager:0.18
ChatView:0.175
JupiterDocumentServer:0.16833333333333333
SharedResourcesManager:0.16333333333333333
FolderActivity:0.13666666666666666
TextSelectionActivity:0.13333333333333333
PingPongActivity:0.12
AbstractActivity:0.11666666666666667
NoOperation:0.11
ActivitiesExtensionProvider:0.09666666666666666
PreferenceInitializer:0.09333333333333334
EditorActivity:0.07666666666666666
PreferenceManager:0.03
