StringUtil:0.4166666666666667
ObjectUtil:0.3433333333333333
HtmlStaplerTagAdapter:0.2833333333333333
XmlDeclaration:0.22333333333333333
LagartoDOMBuilderTagVisitor:0.19666666666666666
Element:0.19333333333333333
ObjectUtilTest:0.11333333333333333
