AbstractApolloAdapter:0.8011111111111111
GuiCurationState:0.4026666666666667
