ByteString:0.55
Buffer:0.53
SegmentedByteString:0.28
HashingSink:0.21333333333333335
HashingSource:0.21333333333333335
HashingTest:0.09333333333333334
HashingSinkTest:0.06
HashingSourceTest:0.043333333333333335
