PublisherSessionBean:0.4866666666666667
CAInterfaceBean:0.39
PublisherSessionLocal:0.2063888888888889
PublisherProxySessionBean:0.20333333333333334
PublisherQueueSessionBean:0.15333333333333332
RevocationSessionBean:0.13666666666666666
