ClassReloadingXMLWebApplicationContext:0.73
ClassReloadingBeanFactory:0.2966666666666667
StrutsSpringObjectFactory:0.14666666666666667
