ExpressionValue:0.66
ConditionalJumpLoopStep:0.385
LocalVariableManager:0.33666666666666667
ConditionalJumpLoopAction:0.23333333333333334
