DBCollection:0.6066666666666667
Bytes:0.43333333333333335
DBCursor:0.37666666666666665
ByteDecoder:0.2966666666666667
MongoAdmin:0.25
DBBase:0.24666666666666667
ByteEncoder:0.22333333333333333
DBApiLayer:0.18666666666666668
