MioTests:0.31
MDLFormatTest:0.1336921596921597
GhemicalMMFormatTest:0.1336921596921597
MDLRXNFormatTest:0.1336921596921597
MACiEFormatTest:0.1336921596921597
JaguarFormatTest:0.1336921596921597
Mol2FormatTest:0.1336921596921597
MOPAC2002FormatTest:0.1336921596921597
MDLV3000FormatTest:0.1336921596921597
INChIPlainTextFormatTest:0.1336921596921597
INChIFormatTest:0.1336921596921597
MOPAC7FormatTest:0.1336921596921597
GhemicalSPMFormatTest:0.1336921596921597
MDLV2000FormatTest:0.1336921596921597
MDLRXNV3000FormatTest:0.1336921596921597
MOPAC97FormatTest:0.1336921596921597
NWChemFormatTest:0.1336921596921597
GROMOS96FormatTest:0.1336921596921597
MPQCFormatTest:0.1336921596921597
MMODFormatTest:0.1336921596921597
MOPAC93FormatTest:0.1336921596921597
MacroModelFormatTest:0.1336921596921597
PCModelFormatTest:0.1336921596921597
HINFormatTest:0.1336921596921597
JMEFormatTest:0.1336921596921597
