GwtShareLists:0.36666666666666664
GwtTeamingMessages:0.31666666666666665
EditZoneShareListsTab:0.29333333333333333
GwtShareHelper:0.25333333333333335
GwtRpcServiceImpl:0.2511111111111111
GwtServerHelper:0.22066666666666668
GetShareListsCmd:0.08333333333333333
SaveShareListsCmd:0.08
ShareListsRpcResponseData:0.06
