ProtocolOcspHttpTest:0.6666666666666666
ProtocolOcspHttpStandaloneTest:0.4583333333333333
ProtocolOcspTestBase:0.37222222222222223
