BotTag:0.4166666666666667
BotTaskRowBuilder:0.4066666666666667
BotTaskListTag:0.36
BotListTag:0.13666666666666666
BotStationListTag:0.13666666666666666
BotStationTag:0.13666666666666666
