CrawlURI:0.69
ExtractorHTML:0.2733333333333333
Postselector:0.21666666666666667
CoreAttributeConstants:0.02
