SmilesGeneratorTest:0.5133333333333333
DrawPolygonTest:0.3531666666666667
MDLWriterTest:0.3311666666666667
AtomContainerPermutorTest:0.32666666666666666
EccentricConnectivityIndexDescriptorTest:0.3245
Fingerprinter:0.16666666666666666
