ReportModule:0.8066666666666666
ReportModuleImpl:0.39666666666666667
AnyOwner:0.37
WebKeys:0.3333333333333333
ReportDownloadController:0.14
