SocketChannelWrapperFactory:0.6170555555555556
IOService:0.6166666666666667
MockIOService:0.4
NodeIOService:0.28
PlainSocketChannelWrapperFactory:0.16666666666666666
