ServerAddress:0.5
ServerAddressTest:0.2966666666666667
MongoClientURITest:0.19583333333333333
