Robot:0.6133333333333333
AWT:0.51
ComponentReference:0.30666666666666664
Properties:0.2866666666666667
ComponentTreeTest:0.19444444444444445
ComponentTree:0.19000000000000003
SelectionModel:0.16666666666666666
