ViewUtil:0.45359523809523816
ObjectViewMigrator:0.36666666666666664
DatabaseMigrationStage2:0.22
EndToEndAndTopologyViewMigrator:0.16333333333333333
GeneralViewsMigrator:0.16333333333333333
