XmlParser:0.3433333333333333
WebServiceTaskHandler:0.27
AlfHandler:0.25666666666666665
AssignerSettings:0.19
DatabaseTaskHandler:0.17537878787878786
Condition:0.16
ParamBasedActionHandler:0.14333333333333334
ListAggregateFunctionActionHandler:0.13666666666666666
OfficeFilesSupplierHandler:0.12666666666666668
AssignSwimlaneActionHandler:0.11666666666666667
SwimlaneAssignerTaskHandler:0.11333333333333333
MapAggregateFunctionActionHandler:0.11333333333333333
AssignerSettingsXmlParser:0.08666666666666667
CancelProcessTaskHandler:0.08666666666666667
MSWordReportTaskHandler:0.06666666666666667
SendEmailActionHandler:0.05
