ProfileModule:0.7833333333333333
ProfileModuleImpl:0.37666666666666665
NullLdapModuleImpl:0.35
LdapModule:0.26644444444444443
LdapModuleImpl:0.2633333333333333
ModifyEntryController:0.25
