GwtTeamingMessages:0.31666666666666665
GwtMenuHelper:0.3111111111111111
EventHelper:0.26199999999999996
EntryMenuPanel:0.23333333333333334
BinderViewsHelper:0.20666666666666667
PurgeSelectedUsersEvent:0.20333333333333334
PurgeSelectedUserWorkspacesEvent:0.20333333333333334
DeleteSelectedUserWorkspacesEvent:0.20333333333333334
DataTableFolderViewBase:0.12333333333333334
