Activator:0.548888888888889
TestBiomobyGetLists:0.4866666666666667
