StyleEditor:0.05394046
GUIUtilities:0.03760196
SyntaxStyle:0.035484597
jEdit:0.024952702
AbstractOptionPane:0.016321095
Token:0.012731758
StandardUtilities:0.012327945
View:0.011760995
