TaskManager:0.08186929
TaskListener:0.058561087
Task:0.042735655
ThreadUtilities:0.037627265
GUIUtilities:0.025634147
jEdit:0.023802297
