UdpChannel:0.6633333333333333
NetworkUtil:0.5533333333333333
UdpChannelTest:0.39
