Configure:0.6633333333333333
GreysAnatomyMain:0.5266666666666666
AgentMain:0.20333333333333334
