SequenceBeanI:0.6916666666666667
SequenceBean:0.6133333333333333
BeanFactory:0.4
NullSequenceBean:0.26666666666666666
AllJUnitTests:0.23333333333333334
SequenceBeanTest:0.04555555555555555
SequenceToTwoGenesConstraintException:0.043333333333333335
SequenceBeanFactory:0.036111111111111115
