ArticleQueryService:0.5016666666666667
UserProcessor:0.4322222222222223
CommentQueryService:0.3016666666666667
