TileTest:0.7666666666666667
JoglDebugStarter:0.27666666666666667
TestList:0.22266666666666665
