Series:0.85
TimeSeries:0.31
IntervalPrice:0.29
TypeNode:0.23666666666666666
Garch11:0.21666666666666667
EuropeanOptionTest:0.21333333333333335
Index:0.18666666666666668
IndexManager:0.18666666666666668
TypeTokenTree:0.175
SeriesIntervalPrice:0.13666666666666666
SeriesDouble:0.13666666666666666
EstimatorsTest:0.11666666666666667
GarmanKlassAbstract:0.09666666666666666
TypeTokenTreeTest:0.07666666666666666
SimpleLocalEstimator:0.07333333333333333
GarmanKlassOpenClose:0.07
ConstantEstimator:0.06666666666666667
VolatilityCompositor:0.016666666666666666
