TransformHolder:0.46381746031746035
RecursiveCollectionItemTransformer:0.46
ConversionException:0.31255555555555553
LineAggregatorItemTransformer:0.30333333333333334
RecursiveCollectionItemTransformerTests:0.03666666666666667
