IndexShard:0.63
IndexService:0.43833333333333335
IndexModuleTests:0.2966666666666667
NodeServicesProvider:0.26
IndexingMemoryController:0.2
IndexSearcherWrapperFactory:0.08738888888888888
