Robolectric:0.6966666666666667
ViewGroupTest:0.36666666666666664
ShadowViewGroup:0.35333333333333333
Reflection:0.04
ShadowAnimationUtils:0.02666666666666667
AnimationUtilsTest:0.01
