XMPPChatTransmitter:0.45
DataTransferManager:0.3466666666666667
SessionStatistic:0.29333333333333333
ITransferModeListener:0.2818333333333333
RosterView:0.24
IBBTransferListener:0.16666666666666666
IJingleFileTransferListener:0.14666666666666667
TransferModeDispatch:0.13333333333333333
JingleTransferListener:0.09333333333333334
ReceiverThread:0.08
GodPacketListener:0.08
RosterViewTransferModeListener:0.03
DataTransferCollector:0.0033333333333333335
