PyBaseException:0.6366666666666667
MaxFunction:0.3433333333333333
