AnnotationMetaEntity:0.47
Context:0.44333333333333336
JPAMetaModelEntityProcessor:0.4266666666666667
ClassWriter:0.2866666666666667
