Filter:0.8133333333333334
URIRegExpFilter:0.6133333333333333
