Jedis:0.8566666666666667
BinaryJedis:0.36
JedisShardInfo:0.32666666666666666
Connection:0.28
