UserView:0.39666666666666667
HardTokenInformation:0.33133333333333337
CaImportCertDirCommand:0.3
UserDataVO:0.27
LogEntryData:0.26666666666666666
KeyRecoveryInformation:0.25666666666666665
AutoEnrollServlet:0.17966666666666667
DemoCertReqServlet:0.17966666666666667
HardTokenView:0.15666666666666668
AdminCertReqServlet:0.11333333333333333
