ResourceLoader:0.8033333333333333
MenuNode:0.39
MenuInflaterTest:0.28277777777777774
MenuLoader:0.25333333333333335
