Namespace:0.8466666666666667
ClientListeners:0.42380555555555555
SocketIOServer:0.3566666666666667
