HTMLElementTest:0.5991666666666666
WebTestCase:0.42333333333333334
JavaScriptEngineTest:0.36
