BoundingBox:0.465
Frustum:0.4361111111111111
AABBNearFarAnalyzer:0.3333333333333333
