EventBus:0.75
EventBusMethodModifiersTest:0.32
EventBusMultithreadedTest:0.25333333333333335
SubscribeUnsubscribeThread:0.18666666666666668
