JnetManager:0.57
RamAdapter:0.27666666666666667
TabFileAdapter:0.25333333333333335
LineParser:0.215
NbrowseJdbcAdapter:0.18666666666666668
