RedisPubSubConnection:0.41
RedisClient:0.33666666666666667
RedissonTopic:0.3233333333333333
Redisson:0.2833333333333333
ConnectionManager:0.19
