FileFollowingPane:0.5
LogViewer:0.39666666666666667
OutputDestination:0.29
JTextAreaDestination:0.24333333333333335
FindDialog:0.18666666666666668
Find:0.17666666666666667
PrintStreamDestination:0.16166666666666665
ClearAll:0.16
Clear:0.16
Bottom:0.13333333333333333
Top:0.12
Reload:0.043333333333333335
LogViewerPlugin:0.03
