ClientConnection:0.5966666666666667
ClientConnectionManagerImpl:0.26
CleanResourcesTask:0.22333333333333333
ClientEventProcessor:0.16333333333333333
ClientListenerServiceImpl:0.14111111111111113
ResponseThread:0.13333333333333333
ClientServiceTest:0.10666666666666667
