Constants:0.4997222222222222
ConfigUtils:0.41
AbstractReferenceConfig:0.33666666666666667
ServiceConfig:0.26666666666666666
ReferenceConfig:0.25333333333333335
