RcvFrameHandler:0.6316666666666667
UnicastReceiverTest:0.44333333333333336
ReceiverThread:0.32666666666666666
