ICache:0.6533333333333333
CacheProxy:0.44
CacheRecordStore:0.3433333333333333
CacheService:0.3283333333333333
CacheStatisticsMXBeanImpl:0.315
CacheDataSerializerHook:0.21
MXBeanUtil:0.19666666666666666
HazelcastServerCacheManager:0.14
