AntScript:0.3333333333333333
AntBuilder:0.2966666666666667
Listener:0.19055555555555556
Lib:0.19055555555555556
Logger:0.19055555555555556
AntBootstrapper:0.17666666666666667
AntScriptTest:0.17
