SparkDl4jMultiLayer:0.5933333333333334
WordVectorSerializer:0.36666666666666664
BaseSparkTest:0.19666666666666666
IterativeReduceFlatMap:0.19
TestSparkMultiLayer:0.18666666666666668
