ServiceData:0.58
ServiceSessionBean:0.39666666666666667
ServiceSessionLocal:0.21694444444444447
ServiceDataSessionLocal:0.15833333333333333
CertificateExpireTest:0.14333333333333334
ServiceDataSessionBean:0.12333333333333334
