TradeUpdateTask:0.3233333333333333
SubmissionTask:0.3
NodeSelector:0.19
EventBasedTradeUpdater:0.17666666666666667
DataDependencyStartup:0.1761111111111111
SnapshotBasedTradeUpdater:0.17333333333333334
ResultCollectionTask:0.15483333333333332
AbstractTradeUpdater:0.15
PopulateTradesTask:0.043333333333333335
MarketDataHandler:0.02666666666666667
