AtmosphereConfig:0.51
GrizzlyApplication:0.38
JMSFilter:0.2866666666666667
JettyWebSocketUtil:0.14333333333333334
HazelcastBroadcaster:0.14333333333333334
PubSubBroadcaster:0.06
