DuoAuthenticationHandler:0.2966666666666667
DuoApiAuthenticationService:0.22666666666666666
DuoWebAuthenticationService:0.21666666666666667
DuoMultifactorAuthenticationProvider:0.17333333333333334
DuoApiAuthenticationHandler:0.11666666666666667
