DatedMultipartFile:0.5930555555555556
SiteScapeFileSystemInternal:0.37
FolderUtils:0.36666666666666664
