Upsampling2D:0.81
KerasUpsampling2DTest:0.04666666666666667
KerasLayerConfiguration:0.014071428571428572
