ISpherePlugin:0.6866666666666666
Messages:0.47
SearchResultViewer:0.4633333333333333
TableMembersMenuAdapter:0.28
TableStatementsMenuAdapter:0.16333333333333333
