Vehicle:0.7266666666666667
Rover:0.31
TaskDrive:0.2988968253968254
