Enhancer:0.32716666666666666
PersistentAttributesEnhancer:0.3
EnhancerTestUtils:0.29333333333333333
DefaultEnhancementContext:0.26
EnhancementTask:0.24
AttributeTypeDescriptor:0.22555555555555556
EnhancerTest:0.18666666666666668
LazyLoadingTestTask:0.15
BasicEnhancementTestTask:0.15
EnhancementContext:0.14416666666666667
