JFXComponentsExtractor:0.6366666666666667
CSSCheckerParser:0.35333333333333333
JFXComponentsExtractionAction:0.23906349206349206
