FormData:0.9966666666666667
Promise:0.9966666666666667
MessageChannel:0.9966666666666667
MessagePort:0.9966666666666667
SharedWorker:0.9966666666666667
Worker:0.9966666666666667
HostParentOfTest:0.3566666666666667
HostTypeOfTest:0.05
HostClassNameTest:0.05
HostClassNameStandardsTest:0.05
