AbstractSharedClusterTest:0.5016666666666667
BufferedChecksumIndexOutput:0.42333333333333334
StoreDirectory:0.31333333333333335
