Channel:0.5433333333333333
SenderChannel:0.4033333333333333
ReceiverThread:0.29
MappedBufferRotator:0.22
RcvSessionState:0.19
FileMappingConvention:0.12666666666666668
ChannelNotifiable:0.013333333333333334
