DefinitionService:0.5133333333333333
DefinitionDelegateGetLatestProcessDefinitionStubsTest:0.38333333333333336
DefinitionServiceDelegate:0.36283333333333334
DefinitionServiceDelegateLocalImpl:0.24333333333333335
DefinitionServiceDelegateRemoteImpl:0.24333333333333335
JbpmDefinitionServiceBean:0.16666666666666666
DefinitionServiceImpl:0.13
