Catalog:0.44333333333333336
ArchiveUtil:0.35333333333333333
ImageRecorder:0.32666666666666666
Context:0.2866666666666667
ArchiverLoadTest:0.24666666666666667
RecordingSession:0.24333333333333335
ReplaySession:0.235
Builder:0.22
ArchiveAndReplaySystemTest:0.21333333333333335
RecordingFragmentReader:0.19666666666666666
ArchiveConductor:0.19333333333333333
RecordingChunkReader:0.16
RecordingSessionTest:0.15333333333333332
CatalogTest:0.14333333333333334
ReplaySessionTest:0.14
TestUtil:0.03
