HTMLElement:0.65
HTMLIFrameElement:0.26666666666666666
HTMLDivElement:0.26666666666666666
HTMLIFrameElementTest:0.23666666666666666
