PyType:0.6833333333333333
ListTest:0.37666666666666665
PyJavaType:0.3233333333333333
