MapContainer:0.6433333333333333
NearCacheInvalidator:0.6
NearCacheInvalidatorImpl:0.41333333333333333
MapServiceContext:0.31437301587301586
EventServiceSegment:0.31
MapOperation:0.26666666666666666
MapService:0.21333333333333335
NearCacheProvider:0.17
MapServiceContextImpl:0.16
ClientNearCacheBatchInvalidationTest:0.07
NearCacheBatchInvalidationTest:0.06666666666666667
