Pair:0.835
Function:0.6105555555555556
DotGraphMonitor:0.4
ModuleFunction:0.19333333333333333
