ClusterManager:0.4866666666666667
TcpIpJoiner:0.4766666666666667
Joiner:0.365
MulticastJoiner:0.21
MasterQuestion:0.19333333333333333
AbstractJoiner:0.19
MasterAnswer:0.06333333333333334
GroupProperties:0.06
