MedicationTableModel:0.8666666666666667
HealthTabPanel:0.4033333333333333
