OntologyImpl:0.49666666666666665
PropertyDetailsTableModel:0.49200000000000005
OntologyEditor:0.26666666666666666
