DataHandler:0.6566666666666666
QueryHandler:0.6141666666666666
ImageUtil:0.3933333333333333
AnsiQueryHandler:0.33
ImageData:0.20666666666666667
UploadServlet:0.17666666666666667
AnsiDataHandler:0.15
ImageServlet:0.12333333333333334
ImageProcessor:0.11666666666666667
