TestExecutionNode:0.4766666666666667
TestDescriptorResolverRegistry:0.36
ClassNameTestDescriptorResolver:0.35
JUnit5TestEngine:0.28
TestExecutionNodeResolver:0.17666666666666667
