OverlayView:0.6733333333333333
UCropView:0.5666666666666667
UCropActivity:0.3333333333333333
