QueueIterator:0.43333333333333335
QueueProxyImpl:0.41333333333333333
ClientQueueProxy:0.36666666666666664
ClientQueueTest:0.31
BasicQueueTest:0.24333333333333335
