XMPPTransmitter:0.5816666666666667
OutgoingProjectNegotiation:0.44
OutgoingProjectJob:0.3136111111111111
