Utils:0.73
RestAdapter:0.5133333333333333
RestHandler:0.33666666666666667
