Gedcom:0.6466666666666666
PropertyPlace:0.38
PlaceBean:0.2633333333333333
PropertyChoiceValue:0.24
Model:0.22666666666666666
GedcomReader:0.19722222222222222
GedcomWriter:0.19333333333333333
ChoiceBean:0.15666666666666668
SetPlaceHierarchy:0.14666666666666667
ReportPlaceHistory:0.12
