Simulation:0.4931111111111111
MainWindow:0.38
MasterClock:0.25666666666666665
UIConfig:0.2394444444444445
MainDesktopPane:0.20333333333333334
MarsProject:0.16333333333333333
TimeWindow:0.13555555555555557
VehicleTableModel:0.12666666666666668
SettlementTableModel:0.12333333333333334
