SpecialChildrenTopComponent:0.38666666666666666
SpecialRootNode:0.38333333333333336
AbstractScene:0.26666666666666666
TopologyViewService:0.23333333333333334
RackViewBuilder:0.19666666666666666
SpecialRelationshipsTopComponent:0.1811111111111111
PhysicalPathTopComponent:0.17044444444444445
SyncService:0.15333333333333332
CreateSoftwareAssetAction:0.12333333333333334
ServicesFrame:0.056666666666666664
