CSVFile:0.6066666666666667
FieldSeparator:0.36277777777777775
AutoCSVFile:0.26
CSVDriverConfiguration:0.14333333333333334
