SpecMolPeackChartComposite:0.5266666666666666
AssignmentPage:0.5066666666666667
