ArticleQueryService:0.6083333333333333
ArticleProcessor:0.31666666666666665
ArticleSender:0.3
ArticleMgmtService:0.23666666666666666
