Configuration:0.5228333333333333
DefaultDSLContext:0.5133333333333333
DefaultConfiguration:0.44333333333333336
DSLContext:0.43333333333333335
MetaImpl:0.22333333333333333
MockConfiguration:0.15333333333333332
