Camera3DRenderer:0.5819444444444444
Map3DFieldManager:0.37333333333333335
Ribbon3DSegmentRenderer:0.34833333333333333
