WxXmlMessage:0.45
WxServiceImpl:0.28
WxConsts:0.24666666666666667
XmlTransformer:0.22
WxServiceTest:0.21666666666666667
Rule:0.21333333333333335
WxCustomMessageTest:0.2
WxService:0.19031746031746033
WxMenuGsonAdapter:0.18333333333333332
WxError:0.13333333333333333
WxXmlMessageTest:0.10666666666666667
WxCustomMessageGsonAdapter:0.09
WxMenuTest:0.06
WxMessageRouter:0.03666666666666667
WxXmlConfigStorage:0.02666666666666667
WxMessageRouterTest:0.004611111111111111
WxEchoMessageHandler:0.0033333333333333335
