AbstractHttpWebServiceMessageSenderTestCase:0.7669444444444444
WebServiceTemplateIntegrationTest:0.38333333333333336
