State:0.57
Binder:0.5166666666666667
DefaultElementVisitor:0.25333333333333335
Builder:0.25333333333333335
InjectorImpl:0.25
AbstractModule:0.25
ElementVisitor:0.24666666666666667
RecordingBinder:0.23
ProviderMethod:0.22666666666666666
ConstructorBindingImpl:0.21666666666666667
Factory:0.19333333333333333
InheritingState:0.18666666666666668
BindingProcessor:0.15666666666666668
ConstructorInjector:0.11
ProvidedByInternalFactory:0.08666666666666667
BoundProviderFactory:0.07333333333333333
Exceptions:0.07333333333333333
InternalFactoryToInitializableAdapter:0.056666666666666664
AllTests:0.05333333333333334
ProviderInternalFactory:0.043333333333333335
