AndroidManifest:0.48
IntentFilterData:0.3933333333333333
ShadowIntentFilter:0.3
RobolectricPackageManager:0.28
DataAuthority:0.2733333333333333
RobolectricPackageManagerTest:0.19666666666666666
AndroidManifestTest:0.18333333333333332
IntentFilterTest:0.10333333333333333
