CertReqHistoryProxySessionRemote:0.59
RsaSignSessionTest:0.35333333333333333
CertReqHistorySessionTest:0.3466666666666667
CertificateRequestThrowAwayTest:0.31
CertReqHistorySession:0.3
EjbcaWS:0.2833333333333333
SignSessionBean:0.27666666666666667
CAInterfaceBean:0.26666666666666666
CertReqHistorySessionBean:0.23666666666666666
EndEntityManagementSessionBean:0.17666666666666667
CertReqHistorySessionLocal:0.16166666666666665
CmpRaThrowAwayTest:0.12666666666666668
CertReqHistoryProxySessionBean:0.03333333333333333
