Blueprint:0.8133333333333334
EntityRenderer:0.5766666666666667
