JDTFacade:0.7752777777777778
CDTFacade:0.5703333333333334
