Headers:0.675
HeadersTest:0.37333333333333335
NettyAsyncResponse:0.32388888888888884
