CertificateStoreSessionTest:0.4866666666666667
EndEntityManagementSessionTest:0.48
CertificateStoreSessionBean:0.44666666666666666
InternalCertificateStoreSessionBean:0.3
InternalCertificateStoreSessionRemote:0.18416666666666667
