GradientCheckTestsComputationGraph:0.5366666666666666
BNGradientCheckTest:0.4
SvhnDataFetcherTest:0.2966666666666667
