TestRaptorDistributedQueries:0.4166666666666667
TestRaptorIntegrationSmokeTest:0.2802777777777778
TestRaptorDistributedQueriesBucketed:0.09888888888888889
TestRaptorIntegrationSmokeTestBucketed:0.07333333333333333
