Window:0.40166666666666667
MediaQueryList:0.31666666666666665
MediaQueryListTest:0.11466666666666667
