MasterClock:0.5438888888888889
TimeWindow:0.43666666666666665
MarsProjectFX:0.3744444444444444
