ParsedCardinality:0.5233333333333333
InternalAggregationTestCase:0.34
InternalMaxTests:0.16333333333333333
InternalMinTests:0.16333333333333333
AbstractParsedPercentiles:0.08333333333333333
ParsedAggregation:0.05
ParsedAggregationTests:0.03
