ScheduledTaskStatistics:0.6766666666666666
ScheduledTaskStatisticsImpl:0.4033333333333333
ScheduledExecutorServiceTest:0.37333333333333335
ScheduledExecutorTaskGetStatisticsMessageTask:0.24666666666666667
TaskRunner:0.22333333333333333
TaskLifecycleListener:0.013333333333333334
