DOMMessage:0.03087559
Connection:0.013710902
