CMap:0.5566666666666666
ConcurrentMapManager:0.33666666666666667
PartitionManager:0.30333333333333334
MBackup:0.29
MPut:0.25166666666666665
MapStoreTest:0.22666666666666666
MRemove:0.19666666666666666
MGet:0.15
MRemoveMulti:0.11333333333333333
AbstractMapStoreOperation:0.11
MBackupAwareOp:0.10333333333333333
MPutMulti:0.09333333333333334
