PluginManagerTests:0.47333333333333333
PluginManager:0.4033333333333333
PluginHandle:0.23333333333333334
Log4jESLogger:0.20333333333333334
LogConfigurator:0.14666666666666667
