FDDividendOptionHelper:0.41333333333333333
FDDividendOptionTest:0.2833333333333333
DividendOptionTest:0.19666666666666666
DividendOptionHelper:0.16333333333333333
HelloOptions:0.15666666666666668
FDAmericanDividendOptionHelper:0.08
FDEuropeanDividendOptionHelper:0.08
BinomialDividendVanillaEngine:0.056666666666666664
AmericanDividendOptionHelper:0.05333333333333334
EuropeanDividendOptionHelper:0.05333333333333334
BlackScholesDividendLattice:0.0
