BlockUtils:0.545
MethodNode:0.4066666666666667
RegionMaker:0.27666666666666667
LoopRegion:0.22111111111111115
BlockMakerVisitor:0.21333333333333335
InsnDecoder:0.19777777777777777
