Doc_Allocation:0.5266666666666666
Doc_BOEStatement:0.4483333333333333
Doc_RetentionStatement:0.3566666666666667
