SoapProtocol:0.5183333333333333
JsonRpcProtocol:0.33666666666666667
XmlRpcProtocol:0.3063888888888889
