EditLib:0.5366666666666666
SettingInfo:0.2833333333333333
Get:0.19333333333333333
