SimpleLogger:0.57
OsgiStringUtilsTest:0.4866666666666667
MapBasedDictionaryTest:0.16333333333333333
OsgiAnnotationPostProcessor:0.12
SimpleLoggerTest:0.06
ServiceProxyDestroyedExceptionTest:0.006666666666666667
RunnableTimedExecutionTest:0.0
