AtmosphereResourceImpl:0.68
Filter:0.6266666666666667
AsynchronousProcessor:0.2733333333333333
DefaultBroadcasterFactory:0.25222222222222224
JerseyBroadcasterUtil:0.18666666666666668
