TypeChecker:0.8266666666666667
ObjectCastStep:0.29333333333333333
