MavenBuilder:0.8705555555555554
MavenBuilderTest:0.35333333333333333
