XmlFlowBuilder:0.8366666666666667
XmlFlowBuilderTests:0.04666666666666667
