ProfileDao:0.7377777777777778
ProfileModule:0.6461111111111111
ProfileModuleImpl:0.32
ProfileDaoImpl:0.30666666666666664
ProfileService:0.27444444444444444
WSClientBase:0.25333333333333335
DefaultEmailPoster:0.22333333333333333
TeamingServiceClientWithCall:0.21333333333333335
TeamingServiceEndpoint:0.19
ProfileServiceImpl:0.13333333333333333
