Rule:0.68
UnitPar:0.29333333333333333
Procedure:0.28
Signature:0.26666666666666666
RuleTreeNode:0.21
RuleModel:0.20666666666666667
TermDerivationTest:0.20333333333333334
Switch:0.1980952380952381
Parameters:0.16666666666666666
Recipe:0.14333333333333334
Function:0.013333333333333334
