GwtTeamingMessages:0.32666666666666666
GwtTaskHelper:0.30333333333333334
ViewClient:0.27977777777777774
SaveTaskSortCmd:0.2633333333333333
LandingPage:0.25333333333333335
ContentControl:0.25333333333333335
GwtServerHelper:0.25
GwtRpcServiceImpl:0.22
DiscussionFolderView:0.20333333333333334
DataTableFolderViewBase:0.17
FolderRowSortHandler:0.14
SaveFolderSortCmd:0.08
VibeColumn:0.043333333333333335
DownloadColumn:0.023333333333333334
ViewColumn:0.023333333333333334
EntryTitleColumn:0.023333333333333334
PresenceColumn:0.023333333333333334
StringColumn:0.017388888888888888
