Responder:0.6933333333333334
LogicNotFoundException:0.37533333333333324
