HiveConnectorFactory:0.4666666666666667
SlowDatanodeSwitcher:0.32
PluginManager:0.24333333333333335
HivePlugin:0.24
