AntScript:0.42
AntBuilder:0.38333333333333336
Listener:0.36
Lib:0.36
AntScriptTest:0.25333333333333335
ProcessesTest:0.24
AntPublisher:0.16333333333333333
AntBootstrapper:0.15
AntProgressLogger:0.07
MockProgress:0.03
