Wallet:0.73
Transaction:0.66
WalletTest:0.21666666666666667
WalletTool:0.20333333333333334
CoinTest:0.2
ExamplePaymentChannelClient:0.15666666666666668
ChainSplitTest:0.15
PrivateKeys:0.11
ForwardingService:0.09
