PagerTabStrip:0.36
ScrollView:0.3466666666666667
ProgressBar:0.21333333333333335
ViewPager:0.21333333333333335
DrawerActivity:0.21
HorizontalScrollView:0.19333333333333333
