RepositoryEntryDescriptor:0.5966666666666667
ERDesignerComponent:0.38666666666666666
SaveToRepositoryEditor:0.29
DictionaryModelSerializer:0.21666666666666667
DatabaseConnectionEditor:0.20666666666666667
ModelIOUtilities:0.19666666666666666
OpenFromRepositoryCommand:0.17333333333333334
SaveToRepositoryCommand:0.16
SaveToRepositoryDataModel:0.10666666666666667
RepositoryIOTest:0.1
LoadFromRepositoryEditor:0.06333333333333334
LoadFromRepositoryDataModel:0.006666666666666667
