OAuthSignatureCalculatorInstance:0.6066666666666667
OAuthSignatureCalculatorTest:0.30666666666666664
StaticOAuthSignatureCalculator:0.22333333333333333
