XJBGUISettings:0.44416666666666665
XJBGUISettingsImpl:0.30666666666666664
Unmarshaller:0.25666666666666665
XJBSearchFilterImpl:0.25666666666666665
XJBGUITableListImpl:0.25
