CurationSet:0.5366666666666666
Config:0.4033333333333333
ApolloPanel:0.4
ApolloFrame:0.33666666666666667
DrawableAnnotatedSeqFeature:0.31
FeatureChangeLog:0.26
FineApolloPanel:0.21666666666666667
TestLoader:0.20666666666666667
FineFeatureEditorPanel:0.18333333333333332
StrandedZoomableApolloPanel:0.1775
CORBAAdapter:0.17333333333333334
SerialDiskAdapter:0.13
FileMenu:0.09333333333333334
GFFAdapter:0.03
AutoSaveThread:0.03
DataWriteAdapterI:0.02
DataAdapterI:0.016666666666666666
