ExecutionThread:0.5633333333333334
Interpreter:0.5233333333333333
SessionMessageFuture:0.36666666666666664
SessionThread:0.2866666666666667
RequestResponseProcess:0.20666666666666667
OneWayProcess:0.16666666666666666
NDChoiceProcess:0.15333333333333332
ParallelThread:0.11333333333333333
