Jetty7CometSupport:0.69
Filter:0.62
BuilderResponseTest:0.24666666666666667
Jetty7JerseyTest:0.09666666666666666
