DbEntitySqlTest:0.6116666666666667
DbSqlBuilderTest:0.4944444444444444
UpdateSetChunk:0.37666666666666665
