SamlResponseArtifactEncoder:0.37666666666666665
SSOProfileCallbackHandlerController:0.36666666666666664
RegisteredServicePublicKeyImpl:0.29
CasCoreUtilConfiguration:0.25666666666666665
SamlIdPUtils:0.20777777777777778
BaseSamlResponseEncoder:0.16333333333333333
SamlIdPEndpointsConfiguration:0.15333333333333332
InetAddressUtils:0.13333333333333333
SamlRegisteredServiceDefaultCachingMetadataResolver:0.12
SamlProfileSaml2ResponseBuilder:0.06333333333333334
SamlIdPConstants:0.0
