BitmapFont:0.7033333333333334
BitmapFontTest:0.27666666666666667
BitmapFontCache:0.22833333333333333
