AbstractMvcView:0.6533333333333333
MvcEnvironment:0.569555315055315
FlowModelFlowBuilder:0.3433333333333333
MvcViewTests:0.22666666666666666
ViewFactoryCreator:0.11333333333333333
AbstractMvcViewFactory:0.09
PortletMvcViewTests:0.08
ServletMvcViewTests:0.08
MvcViewFactoryCreator:0.06833333333333333
FlowViewResolver:0.045
TestViewFactoryCreator:0.04
MockViewFactoryCreator:0.04
DelegatingFlowViewResolver:0.018888888888888886
PortletMvcViewFactory:0.006666666666666667
ServletMvcViewFactory:0.006666666666666667
InternalResourceFlowViewResolver:0.0
