Model:0.6966666666666667
Content:0.2733333333333333
Ruler:0.2733333333333333
Event:0.21333333333333335
