TaskletStep:0.8538888888888888
TaskletStepTests:0.2633333333333333
