BBResources:0.3644444444444444
RotationCamera:0.3
Billboarder:0.2966666666666667
GridBillboarder:0.26666666666666666
CakeBillboarder:0.21666666666666667
VRMLCakeBuilder:0.12
VRMLGridBuilder:0.11666666666666667
VRMLDynamicBuilder:0.11666666666666667
