PeerGroup:0.5666666666666667
PeerGroupTest:0.30666666666666664
TransactionBroadcast:0.2733333333333333
EnoughAvailablePeers:0.12666666666666668
