MyEntryProcessor:0.30333333333333334
MultipleEntryOperation:0.2833333333333333
AbstractMultipleEntryBackupOperation:0.2486111111111111
AbstractMultipleEntryOperation:0.23666666666666666
PartitionWideEntryWithPredicateOperation:0.23666666666666666
PartitionWideEntryOperation:0.19333333333333333
WanReplicationTest:0.14333333333333334
