QsarManager:0.5566666666666666
IQsarManager:0.36616666666666664
QSARBuilder:0.3433333333333333
testCDKAT:0.2815555555555555
IDescriptorCalculator:0.1388888888888889
CDKDescriptorCalculator:0.13666666666666666
TestCDKQsar:0.10666666666666667
DummyCalculator:0.043333333333333335
