OutputBuffer:0.83
BasicOutputBuffer:0.57
ByteBufferBsonOutput:0.35333333333333333
BsonBinaryWriterTest:0.25333333333333335
BSONOldTest:0.17555555555555558
BufferPositionPair:0.13
