SequenceBean:0.395
BeanFactory:0.37
UpdateTerm:0.32666666666666666
UpdateAnnotation:0.24333333333333335
PubServlet:0.22333333333333333
