TemporaryJobs:0.7733333333333333
Builder:0.5366666666666666
ConfigTest:0.20333333333333334
TemporaryJobsTestBase:0.095
