Record:0.72
MapService:0.5533333333333333
DefaultRecordStore:0.32
AbstractBaseRecord:0.3
EvictionHelper:0.24777777777777782
EmptyWriteBehindQueueManager:0.22333333333333333
StoreProcessor:0.21
