MastHead:0.5166666666666667
GetMastHeadLeftEdgeEvent:0.31666666666666665
EventHelper:0.29
EditBrandingDlg:0.25666666666666665
