WxMpConfigStorage:0.3997222222222222
WxMpServiceImpl:0.3466666666666667
WxMpInMemoryConfigStorage:0.31333333333333335
WxMpService:0.30333333333333334
WxMpOAuth2AccessToken:0.23333333333333334
WxMpDemoInMemoryConfigStorage:0.19077777777777777
WxMpBaseAPITest:0.14666666666666667
WxXmlMpInMemoryConfigStorage:0.14333333333333334
