HttpSecurityBeanDefinitionParserTests:0.38333333333333336
BeanIds:0.3688888888888889
ProviderManager:0.36
HttpSecurityBeanDefinitionParser:0.32666666666666666
ConfigUtils:0.32
ProviderManagerTests:0.26666666666666666
RememberMeBeanDefinitionParser:0.24666666666666667
FormLoginBeanDefinitionParser:0.22944444444444448
OrderDecorator:0.19222222222222224
ConcurrentSessionsBeanDefinitionParser:0.17666666666666667
FilterSecurityMetadataSourceBeanDefinitionParserTests:0.15333333333333332
AuthenticationManagerBeanDefinitionParser:0.08333333333333333
