RedissonLock:0.7733333333333333
RLock:0.412781746031746
