PySystemState:0.5333333333333333
PyJavaPackage:0.4866666666666667
PackageManager:0.36
JarPackage:0.17333333333333334
