BasicPublisher:0.6233333333333333
SimpleSubscriber:0.3656111111111111
SimplePublisher:0.11333333333333333
