ScriptingConsoleView:0.7902777777777779
JsConsoleManager:0.4033333333333333
