DiscoverySelectorResolverTests:0.49833333333333335
JUnit5TestableFactory:0.4266666666666667
