Geom:0.45666666666666667
OffsetConnector:0.37666666666666665
ConnectionTool:0.275
ChangeConnectionEndHandle:0.24166666666666667
ChangeConnectionHandle:0.23916666666666667
LineConnection:0.19333333333333333
