DataLoaderServiceTest:0.38
AbstractSymmetricEngine:0.3566666666666667
MockRegistrationService:0.25333333333333335
IRegistrationService:0.24666666666666667
ExtensionPointManager:0.16666666666666666
NodeConcurrencyFilterTest:0.14333333333333334
RegistrationServiceTest:0.13416666666666666
Constants:0.1
ITestDataLoaderFilter:0.058333333333333334
IExtensionPointManager:0.045
INodeGroupTestDataLoaderFilter:0.045
