HSMMigrateService:0.45666666666666667
MigrationTask:0.43666666666666665
FileSystemMgt2Bean:0.3433333333333333
FileBean:0.24
QueryHSMMigrateCmd:0.13666666666666666
