PrioritizedSplitRunner:0.48
TaskExecutor:0.46
MultilevelSplitQueue:0.35333333333333333
TaskHandle:0.2248888888888889
TestTaskExecutor:0.15833333333333333
TestTaskManagerConfig:0.15333333333333332
TaskManagerConfig:0.14
