GrpclbLoadBalancer2:0.4533333333333333
TestUtils:0.42
GrpclbLoadBalancer2Test:0.32
TestServiceImpl:0.25666666666666665
