Redisson:0.6266666666666667
RedissonLock:0.48
RedissonLockTest:0.10666666666666667
