GlobalTransformation:0.5666666666666667
View3D:0.38
VertexSequence:0.37333333333333335
ToolRoot3D:0.21555555555555553
Sequence:0.17
Builder:0.14333333333333334
