GPUFluxLightModel:0.49333333333333335
FluxSceneBuilder:0.45
MeasurementMap:0.25666666666666665
Measurement:0.24333333333333335
