HtmlTextArea:0.8066666666666666
HTMLTextAreaElement:0.33666666666666667
HtmlTextAreaTest:0.29
HTMLTextAreaElementTest:0.2833333333333333
