UserNotification:0.6744444444444444
NotificationParamGen:0.45
LocalUserAdminSessionBean:0.41333333333333333
