AnnotationChangeEvent:0.5266666666666666
ApolloPanel:0.49333333333333335
StrandedZoomableApolloPanel:0.41
SeqExport:0.4066666666666667
ApolloFrame:0.37222222222222223
Controller:0.31
AnnotationEditor:0.30666666666666664
SiteView:0.2833333333333333
SeqAlignPanel:0.2633333333333333
DrawableFeatureSet:0.25333333333333335
SelectableDNARenderer:0.25
FeatureEditPanel:0.25
SequenceSelector:0.23333333333333334
DefaultBaseRenderer:0.22916666666666666
DataLoader:0.22666666666666666
FeatureView:0.22666666666666666
ReadWriteField:0.22337301587301586
BaseFineEditor:0.22333333333333333
SeqMatchTableListener:0.215
ScaleView:0.21333333333333335
TierPopupMenu:0.2
DrawableGeneSeqFeature:0.19666666666666666
TranslationViewer:0.1963888888888889
GeneEditPanel:0.19476190476190477
GCScoreCalculator:0.19
TranscriptEditPanel:0.18666666666666668
TranslationView:0.185
EvidencePanel:0.18333333333333332
ApolloRunner:0.18166666666666667
PreferencesDialog:0.18
LoadUtil:0.17
SliderWindow:0.16666666666666666
FindDialog:0.16
AnnotationMenu:0.16
RestrictionEnzymeSelector:0.16
SeqMatchPanel:0.15
CellRenderer:0.12466666666666666
GraphMenu:0.11333333333333333
AnalysisMenu:0.11333333333333333
SeqSelectorTable:0.085
SortMouseListener:0.08333333333333333
BaseValidator:0.08333333333333333
