PlannerTest:0.5566666666666666
TaskCollectingVisitor:0.25666666666666665
PlanVisitor:0.25
GlobalAggregateConsumer:0.16777777777777778
Visitor:0.155
NonDistributedGroupByConsumer:0.12666666666666668
