GenericTypeDescription:0.6016666666666667
TypeSubstituting:0.4166666666666667
InGenericShape:0.06333333333333334
