ARINC661ChangeLookAndFeelTest:0.5433333333333333
JFXTreeEditorCopyPasteTest:0.44666666666666666
ARINC661AppTestPrefs2:0.15
ARINC661AppTestPrefs:0.08666666666666667
