IOSGraphics:0.6366666666666667
IOSInput:0.5991666666666666
IOSRobovmTests:0.29
