MeshPart:0.6066666666666667
ModelBatch:0.5727777777777777
