CommunicationsStub:0.51
Delete:0.25666666666666665
NavigationTreeService:0.25666666666666665
HierarchyCustomizerService:0.24666666666666667
Cache:0.24
ObjectNode:0.21666666666666667
Create:0.21333333333333335
AttributeCustomizerTopComponent:0.21
NavigationTreeTopComponent:0.2075
LocalClassMetadataLightImpl:0.17277777777777778
Edit:0.14
