TreeHashSet:0.6633333333333333
AllTests:0.22333333333333333
