CoreDao:0.8
AbstractBinderProcessor:0.36
AbstractAdminModule:0.25666666666666665
BinderModuleImpl:0.24
CoreDaoImpl:0.23333333333333334
IndexHelper:0.14666666666666667
