CelsiusConverter:0.7133333333333334
CelsiusConverterStrings:0.3466666666666667
