IoConstants:0.8333333333333334
Constants:0.66
HttpTransportManager:0.23
AbstractTransportManager:0.21
InternalOutgoingTransport:0.18333333333333332
HttpOutgoingTransport:0.18
TransportUtils:0.15333333333333332
DbExport:0.14666666666666667
InternalTransportManager:0.14333333333333334
DbImport:0.11666666666666667
DbFill:0.056666666666666664
