Loader:0.6033333333333334
Generator:0.4766666666666667
