UserAccess:0.9
UserAccessBean:0.3933333333333333
UsrCfgDelegate:0.34
AETAssignmentPage:0.2611111111111111
