ExecuteListener:0.6666666666666666
ExecuteContext:0.5483333333333333
Util:0.48333333333333334
Factory:0.43333333333333335
ExecuteListeners:0.34
jOOQAbstractTest:0.32
DefaultExecuteContext:0.2966666666666667
E:0.2633333333333333
DefaultExecuteListener:0.24666666666666667
LoaderImpl:0.23
StopWatchListener:0.20666666666666667
AbstractRoutine:0.19333333333333333
MetaDataFieldProvider:0.17333333333333334
PlainSQLTests:0.17
AbstractQueryPart:0.16333333333333333
BatchSingle:0.15666666666666668
AbstractBindContext:0.15
CursorIterator:0.13666666666666666
AbstractQuery:0.13333333333333333
BatchMultiple:0.11666666666666667
ExecuteListenerTests:0.07333333333333333
CustomExceptionListener:0.0033333333333333335
