PortletTestUtils:0.5233333333333333
PortletProcessingInterceptor:0.38666666666666666
PortletSessionContextIntegrationInterceptorTests:0.3233333333333333
PortletPreAuthenticatedAuthenticationDetails:0.13333333333333333
PortletAuthenticationDetails:0.12333333333333334
PortletProcessingFilterEntryPoint:0.11666666666666667
MockPortletAuthenticationManager:0.07
PortletPreAuthenticatedAuthenticationDetailsSource:0.013333333333333334
