ResourceLoader:0.68
PackageResourceLoader:0.3233333333333333
ViewLoaderTest:0.31666666666666665
RobolectricTestRunnerTest:0.2633333333333333
ResourceLoaderTest:0.25
RobolectricTestRunner:0.24
CompositeResourceLoader:0.23
PreferenceLoaderTest:0.20666666666666667
PreferenceNode:0.20166666666666666
XmlLoader:0.11333333333333333
