ShadowView:0.73
ShadowViewGroup:0.33666666666666667
ViewTest:0.17333333333333334
ViewGroupTest:0.15333333333333332
