StatusListener:0.8333333333333334
RedissonTopicTest:0.33555555555555555
PubSubStatusListenerWrapper:0.28
