HttpUrl:0.65
Builder:0.49333333333333335
Util:0.16333333333333333
HttpDate:0.15666666666666668
