EditionPanel:0.6166666666666667
EditionServiceImpl:0.6022222222222222
TSExportForm:0.38
