CorporaView:0.53
VocabularyEditor:0.4033333333333333
ExecuteScriptImport:0.16777777777777778
AddBase:0.07555555555555554
ImportSelectedText:0.05583333333333333
DeleteObject:0.05
DeleteDir:0.04
