RBM:0.5566666666666666
LogisticRegression:0.47
DBN:0.43666666666666665
