RuntimePermissionsAnnotatedElement:0.35333333333333333
ValidatorTest:0.3344444444444445
PermissionsProcessorTest:0.2833333333333333
Validator:0.25
