ContainerImpl:0.4866666666666667
ConstantBindingBuilder:0.3333333333333333
ContainerBuilder:0.29
ConstructorInjector:0.2
ProxyFactory:0.17688888888888887
ConstructionContext:0.16
DefaultFactory:0.15333333333333332
BindingInfo:0.07
BindingsMultimap:0.03333333333333333
