MessagesAtMessagesPerSecondTest:0.15333333333333332
SecondsAtBitsPerSecondTest:0.15333333333333332
MessagesAtBitsPerSecondTest:0.15333333333333332
SecondsAtMessagesPerSecondTest:0.15333333333333332
