ModelParser:0.7669444444444444
MoneyFormatter:0.41833333333333333
