SpeedItemListener:0.7533333333333333
BandwidthPane:0.2966666666666667
