TrashListPage:0.5466666666666666
TrashListBean:0.39666666666666667
TrashListLocal:0.34
