SetAbstractTest:0.69
ClientRingbufferProxy:0.29333333333333333
PartitionSpecificClientProxy:0.20333333333333334
SetBasicDistributedTest:0.18333333333333332
SetBasicLocalTest:0.043333333333333335
