MqlNode:0.8083333333333333
MqlSqlWalker:0.5866666666666667
