BootstrapDrawableFactory:0.4166666666666667
HomeActivity:0.31
BootstrapCircleThumbnail:0.30666666666666664
BootstrapThumbnail:0.24
BootstrapButtonGroupExample:0.19944444444444445
BootstrapButtonExample:0.19416666666666668
BootstrapThumbnailExample:0.19
