ContextLoaderListener:0.3233333333333333
DependencyServiceManager:0.3
ApplicationContextConfiguration:0.2966666666666667
ConfigUtils:0.2733333333333333
ApplicationContextConfigurationTest:0.25333333333333335
DependencyWaiterApplicationContextExecutor:0.23666666666666666
DependencyServiceListener:0.13666666666666666
NoDependenciesWaitRefreshExecutor:0.07333333333333333
SyncNoWaitTest:0.02
SyncNoWaitWithReverseQueueTest:0.02
SyncWaitTest:0.016666666666666666
SyncWaitWithoutDependencyTest:0.01
AsyncWaitTest:0.0033333333333333335
AsyncNoWaitTest:0.0
NoPublishTest:0.0
BehaviorBaseTest:0.0
