AutobahnServer:0.5336785714285714
WebSocketClient:0.5066666666666667
WebSocketServer:0.4602777777777778
Draft_10:0.3961111111111111
ChatServer:0.17666666666666667
AutobahnServerTest:0.14666666666666667
