UIData:0.47888888888888886
GwtTaskHelper:0.42
TaskBundle:0.36333333333333334
