RuntimeEnvironment:0.6833333333333333
Configuration:0.6633333333333333
Indexer:0.37
