ExportResult:0.6866666666666666
Messages:0.4306111111111111
ExportChartEditorView:0.15333333333333332
ExportChart:0.08
