AverageAggregation:0.5333333333333333
SumAggregation:0.5333333333333333
CountAggregation:0.5333333333333333
