InternalTestCluster:0.42
ESIntegTestCase:0.37
TcpTransport:0.35
TestPlugin:0.31333333333333335
TcpTransportChannel:0.2833333333333333
AssertingLocalTransport:0.2215
TribeIT:0.18
NetworkExceptionHelper:0.14
NettyTransportIT:0.11666666666666667
