TcpReplicator:0.41666666666666663
ChronicleMapBuilderI:0.405
VanillaChronicleMap:0.345
ChronicleMapBuilder:0.31
AbstractChronicleMapBuilder:0.3
Segment:0.29333333333333333
CHMUseCasesTest:0.26666666666666666
MutableLockedEntry:0.24111111111111114
StatelessChronicleMap:0.22
ReadLocked:0.13666666666666666
StatelessServerConnector:0.13666666666666666
