Builder:0.6166666666666667
NeuralNetConfiguration:0.5
ConvolutionLayer:0.44666666666666666
LSTM:0.25333333333333335
ListBuilder:0.22666666666666666
MultiLayerTestRNN:0.044444444444444446
