FilterDialog:0.37666666666666665
IntegerControlPanel:0.3333333333333333
ControlPanel:0.31333333333333335
Database:0.24277777777777781
FloatControlPanel:0.24
MTip:0.23
NumberControlPanel:0.21666666666666667
