AnnotationDiff:0.6416666666666667
AnnotDiffDialog:0.61
DiffRunner:0.14333333333333334
