BeanUtilBean:0.5266666666666666
BeanUtil:0.43666666666666665
BeanProperty:0.31777777777777777
BeanUtilUtil:0.3
BeanUtilTest:0.22666666666666666
