Utils:0.43333333333333335
DefinitionHelper:0.36333333333333334
GwtUIHelper:0.2866666666666667
RelevanceDashboardHelper:0.24666666666666667
BuildDefinitionDivs:0.24666666666666667
IfNotVibeLite:0.12666666666666668
IfVibeLite:0.12583333333333332
