ResponseITest:0.5316666666666666
StatusCodeBasedLoggingFilter:0.31166666666666665
LogIfValidationFailsITest:0.19333333333333333
