UpdatableRecordImpl:0.4011111111111111
RecordListenerTests:0.26666666666666666
