SparkDl4jMultiLayer:0.8133333333333334
TestSparkMultiLayerParameterAveraging:0.11333333333333333
