UdpDestinationTest:0.4066666666666667
SenderChannel:0.37
UdpTransport:0.32
PubUnicastTest:0.31333333333333335
SubscribedSession:0.24111111111111108
NioSelectorTest:0.24
SubUnicastTest:0.23333333333333334
ReceiverTest:0.22166666666666668
ControlFrameHandler:0.21666666666666667
DataFrameHandler:0.19333333333333333
SenderTest:0.155
