Mirror:0.7857936507936508
FieldQueryImpl:0.47333333333333333
