MetropolisAntiAliasing:0.43333333333333335
MetropolisRenderer:0.42333333333333334
MetropolisProcessor:0.37
MutationStrategy:0.2286111111111111
LineTracer:0.21666666666666667
BiDirectionalProcessor:0.2125
LensSubpathStrat:0.21
MetropolisPathMutator:0.16333333333333333
LensPerturbationStrat:0.15
MLTTask:0.006666666666666667
EnvironmentHelper:0.0033333333333333335
