SnmpWalker:0.5987777777777777
Snmp4JWalker:0.4111111111111111
