MTGKeys:0.6355555555555557
MTGRoot:0.5166666666666667
MTGGraphBuilder:0.2
MTGVoxel:0.15666666666666668
MTGFilter:0.12333333333333334
MTGSquares:0.02666666666666667
