DataObject:0.8166666666666667
DataHistory:0.54
HopCompilerHistory:0.31333333333333335
