BlojsomServlet:0.6713888888888889
BlojsomConstants:0.25594227994228
