DefaultDOManager:0.3933333333333333
ResourceIndexIntegrationTest:0.36333333333333334
METSFedoraExtDODeserializer:0.24211111111111108
FOXMLDODeserializer:0.23211111111111107
METSFedoraExtDOSerializer:0.23211111111111107
FOXMLDOSerializer:0.22444444444444447
TestAPIM:0.2071111111111111
DigitalObjectTest:0.19333333333333333
SQLRebuilder:0.18333333333333332
METSToFOXMLTest:0.15333333333333332
