WebClient:0.5922222222222222
AttachmentPage:0.2966666666666667
AttachmentHandler:0.2833928571428571
DefaultPageCreator:0.20333333333333334
DefaultPageCreatorTest:0.04666666666666667
