Calendar:0.6233333333333333
PointInTime:0.5433333333333333
