TestClass:0.7066666666666667
JUnit4ClassRunner:0.29
TestMethod:0.28
Parameterized:0.235
TheoryMethod:0.21333333333333335
Suite:0.20111111111111113
TheoriesTest:0.17333333333333334
BeforeAndAfterEachTime:0.05416666666666667
