TreeView:0.5233333333333333
ActionFamsAndSpouses:0.10333333333333333
ActionOrientation:0.10333333333333333
ActionAsDsAnDs:0.10333333333333333
ZoomGlue:0.06333333333333334
