ThemeInfo:0.9266666666666666
LookAndFeelUtils:0.08333333333333333
