LambdaBytecodeGenerator:0.4766666666666667
JoinFilterFunctionCompiler:0.3233333333333333
PageFunctionCompiler:0.30666666666666664
BytecodeGeneratorContext:0.18666666666666668
CursorProcessorCompiler:0.17333333333333334
TryCodeGenerator:0.10333333333333333
