GwtTeamingMessages:0.528888888888889
GwtNetFolderHelper:0.39
ModifyNetFolderRootDlg:0.31333333333333335
RequestInfo:0.23666666666666666
TrackInfo:0.21355555555555555
ResourceDriverConfig:0.21333333333333335
