AnalyzeToken:0.5433333333333333
AnalyzeActionIT:0.32666666666666666
TransportAnalyzeAction:0.2633333333333333
TokenListCreator:0.17
Fields:0.03333333333333333
