CMap:0.5566666666666666
AbstractRecord:0.3466666666666667
MPut:0.26166666666666666
ConcurrentMapManager:0.22
PartitionManager:0.21666666666666667
MRemove:0.19666666666666666
MGet:0.17833333333333334
ClusterLockTest:0.16333333333333333
LockOperationHandler:0.14
MRemoveItem:0.11333333333333333
MPutMulti:0.09333333333333334
