SnmpUtilsTest:0.49666666666666665
JoeSnmpValue:0.46
Snmp4JValue:0.39666666666666667
