Stage:0.45
Actor:0.42
ScrollPane:0.3
TextField:0.2522222222222222
ProgressBar:0.1888888888888889
UITest:0.12666666666666668
