JPAModelTest:0.5736666666666667
AutoValueModelTest:0.5736666666666667
