DailyDate:0.6566666666666666
SeasonEpisode:0.6566666666666666
