DistributedRequestContextManager:0.42
MapSideDataCollectOperation:0.31666666666666665
StartMergeHandler:0.2866666666666667
TransportMergeNodeAction:0.26666666666666666
DistributingShardCollectFuture:0.25
