IJChemPaintManager:0.7911111111111111
JChemPaintManager:0.7218333333333333
