DriverConductor:0.5093333333333334
DriverConnection:0.45666666666666667
LossHandler:0.35333333333333333
TermGapScannerTest:0.31333333333333335
LossHandlerTest:0.19666666666666666
TermGapScanner:0.11666666666666667
