ObjectQueue:0.43833333333333335
InMemoryObjectQueue:0.4375
FileObjectQueue:0.43333333333333335
ObjectQueueTest:0.36333333333333334
