GraphJGraph:0.49666666666666665
JEdgeView:0.25
LayoutAction:0.23222222222222225
PatternJGraph:0.19111111111111112
PatternPreviewDialog:0.18666666666666668
GraphJModel:0.18333333333333332
MyEdgeRenderer:0.13333333333333333
