AtomContainerTest:0.59
AtomTest:0.4766666666666667
ChemFileTest:0.2966666666666667
MoleculeTest:0.17333333333333334
