TextToTransitionCriteria:0.8322222222222222
TextToFlowExecutionListenerCriteria:0.48333333333333334
