DBPort:0.6833333333333333
DBTCPConnector:0.4122222222222222
DBPortTest:0.24
