Light:0.8462301587301588
DefaultLightProcessor:0.33
Scattering:0.23666666666666666
