CA:0.66
UserDataVO:0.44333333333333336
CATokenContainerImpl:0.2911111111111111
CertReqHistoryData:0.2688888888888889
JBossUnmarshaller:0.14
