HttpCommand:0.62
TextCommandServiceImpl:0.36666666666666664
DeleteCommandProcessor:0.3233333333333333
HttpGetCommand:0.31666666666666665
CommandExecutor:0.3
HttpGetCommandProcessor:0.23333333333333334
HttpDeleteCommandProcessor:0.23333333333333334
HttpPostCommandProcessor:0.23333333333333334
SetCommandProcessor:0.23
GetCommandProcessor:0.23
TextCommandService:0.22166666666666668
