AuthenticationConfigBuilder:0.6266666666666667
UserDetailsServiceFactoryBean:0.3466666666666667
SimpleMappableAttributesRetriever:0.27666666666666667
Elements:0.016666666666666666
