DelayedMemberInfoUpdateOperation:0.5866666666666667
SerializationServiceImpl:0.4633333333333333
ClusterServiceImpl:0.4033333333333333
FooDataSerializable:0.31
MemberInfoUpdateOperationSerializer:0.10333333333333333
JoinStressTest:0.07666666666666666
FooXmlSerializer:0.07333333333333333
CustomSerializationTest:0.06
