FormalProofCheckerExecutor:0.5633333333333334
NodeBo:0.41002777777777777
KernelNodeBo:0.34
ProofCheckerImpl:0.33666666666666667
FormalProofCheckerPlugin:0.13666666666666666
BasicProofErrors:0.07333333333333333
ReferenceResolver:0.052388888888888895
