OVsDaemon:0.44
DefaultOVsDaemon:0.26699999999999996
OVsnmpSessionTest:0.24666666666666667
ObjectID:0.23333333333333334
OVsnmpPdu:0.19333333333333333
SockAddr:0.12666666666666668
OVsnmpValTest:0.056666666666666664
DebugPointer:0.05
DebugByteByReference:0.05
DebugNativeLong:0.05
DebugInteger:0.05
