DrawableSeqFeature:0.5433333333333333
Transformer:0.37666666666666665
Config:0.32666666666666666
FeatureView:0.31
StrandedZoomableApolloPanel:0.2866666666666667
DrawableAnnotatedFeatureSet:0.26666666666666666
FeatureTierManager:0.25333333333333335
ScaleView:0.25333333333333335
DrawableFeatureSet:0.24666666666666667
DrawableAnnotatedSeqFeature:0.22
ViewMenu:0.07
