AeronTest:0.5
ClientConductor:0.37333333333333335
Aeron:0.29333333333333333
BufferUsageStrategy:0.16666666666666666
ClientContext:0.12666666666666668
