TranslateAction:0.6566666666666666
TranslateProteinToRNAAction:0.19
TranslateProteinToDNAAction:0.043333333333333335
TranslateDNAToProteinAction:0.043333333333333335
TranslateDNAToRNAAction:0.0033333333333333335
TranslateRNAToDNAAction:0.0033333333333333335
TranslateRNAToProteinAction:0.0033333333333333335
