jOOQAbstractTest:0.5566666666666666
SelectQuery:0.4948888888888888
SelectImpl:0.25
JoinTable:0.18333333333333332
SelectOnStep:0.15833333333333333
TableAlias:0.15666666666666668
SelectQueryImpl:0.15333333333333332
