WxCpMessageTest:0.5033333333333333
WxMpCustomMessageTest:0.46
WxCpMessageGsonAdapter:0.15666666666666668
WxMpCustomMessageGsonAdapter:0.15666666666666668
