ConfigurationModelBeanDefinitionReader:0.37666666666666665
ScopingTests:0.2733333333333333
JavaConfigWebApplicationContext:0.23333333333333334
ConfigurationBeanDefinitionDecoratingBeanFactoryPostProcessor:0.14
BeanMethodInterceptor:0.14
JavaConfigApplicationContextIntegrationTests:0.07
ConfigurationUtils:0.06666666666666667
