DefaultMongoSyncConnection:0.43333333333333335
DefaultMongoSyncConnectionFactory:0.3933333333333333
DefaultMongoSocketConnection:0.38
DefaultMongoSocketChannelConnection:0.33666666666666667
