CentralAuthenticationServiceImplTests:0.5991666666666666
CentralAuthenticationServiceImplWithMockitoTests:0.42
CasCoreConfiguration:0.37666666666666665
