ShardMonitorJob:0.68
ChunkImportJob:0.27666666666666667
ShardDropJob:0.23333333333333334
PageResponseHandler:0.20666666666666667
