StoragePageSink:0.6454444444444444
TestOrcStorageManager:0.33666666666666667
StorageManager:0.31027777777777776
OrcStorageManager:0.29333333333333333
RaptorPageSink:0.22333333333333333
OrcStoragePageSink:0.12333333333333334
