Downstream:0.46
InsertIntoIntegrationTest:0.39666666666666667
MultiBucketBuilder:0.32083333333333336
DistributingDownstream:0.27666666666666667
ShardCollectSource:0.17
InnerPreparer:0.14
ShardProjectorChain:0.13933333333333334
InternalResultProviderFactory:0.07333333333333333
