ShadowIntent:0.89
IntentTest:0.42
ParcelTest:0.16666666666666666
ShadowParcel:0.15333333333333332
