Chars:0.5633333333333334
HiveUtil:0.525
CharacterStringCasts:0.2816666666666667
