Column:0.605
Trigger:0.49
Field:0.33
BusinessModel:0.2633333333333333
ColumnDDLUtils:0.23666666666666666
ColumnAbstract:0.23666666666666666
ColumnUtils:0.21666666666666667
TableUtils:0.21
ColumnUMLNotation:0.18666666666666668
