AndroidGraphics:0.5666666666666667
AndroidInput:0.29333333333333333
AndroidDaydream:0.2831666666666667
AndroidGraphicsLiveWallpaper:0.24
AndroidLiveWallpaper:0.22594444444444445
AndroidOnscreenKeyboard:0.19722222222222224
AndroidAudioDevice:0.19666666666666666
AndroidMultiTouchHandler:0.19388888888888892
AndroidApplication:0.19333333333333333
AndroidGraphicsDaydream:0.19
