JbpmExecutionLogic:0.6797222222222223
ExecutionServiceDelegateGetSwimlaneExecutorMapTest:0.5459999999999999
