LangTest:0.6127777777777778
UpdateTest:0.38666666666666666
NutConfigTest:0.27
AllService:0.21333333333333335
