Message:0.695
ExternalConfigManager:0.37666666666666665
RESTServices:0.18333333333333332
