GwtTeamingMessages:0.506388888888889
GwtWebStatusTicket:0.3333333333333333
GwtNetFolderHelper:0.30333333333333334
GwtServerHelper:0.24400000000000002
GwtRpcServiceImpl:0.21777777777777782
ManageNetFoldersDlg:0.2
CheckNetFoldersStatusRpcResponseData:0.08
CheckNetFoldersStatusCmd:0.043333333333333335
