VanillaChronicleMap:0.6566666666666666
ChronicleMapBuilder:0.5066666666666667
ChronicleSetBuilder:0.4033333333333333
