TypeHandlerRegistry:0.5466666666666666
XMLConfigBuilder:0.3338888888888889
MapperBuilderAssistant:0.27666666666666667
XmlConfigBuilderTest:0.22
ParameterMappingTokenHandler:0.21666666666666667
BaseBuilder:0.19666666666666666
EnumOrderTypeHandler:0.08666666666666667
