Saros:0.5188888888888888
XMPPUtil:0.5166666666666667
RegisterAccountPage:0.4116666666666667
