DiagramEditorPage:0.5166666666666667
ProcessEditorBase:0.4166666666666667
DesignerGraphicalEditorPart:0.36
GpdXmlContentProvider:0.19666666666666666
MoveElementFeature:0.17
