Plugin:0.55
Node:0.51
InternalClusterInfoService:0.30666666666666664
MockInternalClusterInfoService:0.22
MockNode:0.17333333333333334
ClusterModule:0.16333333333333333
IngestGeoIpPlugin:0.14333333333333334
JvmExamplePlugin:0.11994444444444445
MockEngineFactoryPlugin:0.11
TestPlugin:0.043333333333333335
