Jedis:0.4633333333333333
Client:0.44666666666666666
ShardedJedis:0.24
Protocol:0.23666666666666666
BinaryClient:0.22
JedisCommands:0.19416666666666665
SortedSetCommandsTest:0.09666666666666666
