ShibbolethCompatiblePersistentIdGenerator:0.6466666666666666
DigestUtils:0.43833333333333335
ShibbolethCompatiblePersistentIdGeneratorTests:0.06666666666666667
