HttpUtils:0.4066666666666667
HttpProtocol:0.3466666666666667
SoapProtocol:0.2866666666666667
MultiPartFormDataParser:0.25
XmlRpcProtocol:0.1
JsonRpcProtocol:0.08666666666666667
