IncrementalCallbackMethodHandler:0.51
TestInterface:0.44095634920634924
Factory:0.4166666666666667
MethodHandler:0.4033333333333333
ParseHandlersByName:0.23666666666666666
Defaults:0.23666666666666666
Feign:0.20333333333333334
FeignTest:0.13
ReflectiveFeign:0.056666666666666664
