InternalPartitionServiceImpl:0.5233333333333333
DefaultNodeGroup:0.3333333333333333
PartitionStateGeneratorImpl:0.31666666666666665
SingleNodeGroup:0.28
RepartitioningTask:0.2733333333333333
MigrateTask:0.2633333333333333
MigrationThread:0.18633333333333332
SyncReplicaVersionTask:0.12444444444444443
GroupProperties:0.08333333333333333
LocalPartitionListener:0.08
