DefaultEventBus:0.6866666666666666
BaseMessage:0.3466666666666667
LocalEchoPeer:0.31333333333333335
