JGraph:0.53
Editor:0.43666666666666665
Options:0.35333333333333333
DefaultTypeView:0.24666666666666667
StatePanel:0.24333333333333335
JCellEditAction:0.23166666666666666
Imager:0.20333333333333334
RulePanel:0.19666666666666666
LTSJGraph:0.19666666666666666
TypePanel:0.19333333333333333
LabelTree:0.19333333333333333
EditorJGraph:0.185
TypeJGraph:0.17833333333333334
TypeFilterMenu:0.1711111111111111
RuleJGraph:0.13666666666666666
StateJGraph:0.13666666666666666
ControlJGraph:0.13666666666666666
ShapeDialog:0.13333333333333333
SetLineStyleMenu:0.12
