DriverContext:0.6766666666666666
CursorProcessor:0.4633333333333333
ScanFilterAndProjectOperator:0.24666666666666667
CursorProcessorCompiler:0.24333333333333335
LookupJoinOperator:0.23666666666666666
PageProcessorBenchmark:0.18966666666666665
InterpretedCursorProcessor:0.17
TestScanFilterAndProjectOperator:0.155
TestHashJoinOperator:0.15416666666666667
