Element:0.6033333333333334
Elements:0.48333333333333334
ElementTest:0.21333333333333335
