EndEntityProfileSessionBean:0.465
CertificateProfileSessionBean:0.465
CertificateProfileCache:0.25555555555555554
EndEntityProfileCache:0.25555555555555554
