ReflectHelper:0.71
GetterFieldImpl:0.21666666666666667
SetterFieldImpl:0.20666666666666667
PropertyAccessMixedImpl:0.18333333333333332
GetterSetterSerializationTest:0.18166666666666667
GetLoadTest:0.11666666666666667
Order:0.09333333333333334
LazyLoadingTest:0.09
Client:0.09
Workload:0.07
Address:0.042777777777777776
Account:0.013333333333333334
DirectPropertyAccessorTest:0.013333333333333334
