AbstractJoiner:0.595
InvocationMonitor:0.31666666666666665
MockJoiner:0.31666666666666665
