OrthographicCamera:0.6655555555555556
LwjglDebugStarter:0.2866666666666667
