ColonyTile:0.3898161
Unit:0.35634091
Europe:0.3533021
Settlement:0.35161418
Colony:0.33184296
Locatable:0.31966215
Tile:0.31489342
GoodsContainer:0.29735965
UnitContainer:0.29047298
WorkLocation:0.2789004
Goods:0.23906806
ModelController:0.21933962
Player:0.21758457
TradeRoute:0.16592133
GoodsTradeItem:0.10778108
FreeColGameObject:0.10190526
DefaultCostDecider:0.05876737
