TestingTableInfo:0.51
Builder:0.33
PlanNodeStreamerVisitor:0.24666666666666667
PlannerTest:0.18
TestModule:0.15411111111111112
Planner:0.11333333333333333
