Part:0.33666666666666667
Partition:0.33
Specificites:0.32666666666666666
SpecificitesResult:0.21333333333333335
ComputeSpecificitiesDialog:0.1988888888888889
LexicalTableImpl:0.18444444444444444
SpecificitiesTableEditor:0.15
DoubleMatrix:0.085
