ResponseWrapper:0.575
Response:0.5366666666666666
CookiesIntegrationTest:0.4633333333333333
