TimeSlotTracker:0.8366666666666667
DataSource:0.663888888888889
XmlDataSource:0.38166666666666665
Starter:0.29333333333333333
TasksTree:0.24333333333333335
DataLoadedAction:0.04
TasksInterface:0.013333333333333334
