ObjectiveCHeaderGeneratorTest:0.5866666666666667
ObjectiveCHeaderGenerator:0.36666666666666664
SourceBuilder:0.2966666666666667
LineDirectivesTest:0.24666666666666667
ObjectiveCSegmentedHeaderGeneratorTest:0.23666666666666666
