TableWithTimestampInMySql:0.6455555555555557
MysqlJdbcExpert:0.43666666666666665
CreateDropTableTest:0.4
