AssumptionViolatedException:0.56
AssumptionTest:0.43
Assume:0.3466666666666667
HasFailingAssumptionWithMessage:0.33297883597883593
HasAssumeWithMessage:0.1943968253968254
HasAssumeWithMessageAndCause:0.1943968253968254
AssumptionViolatedExceptionTest:0.11666666666666667
