ValueType:0.38666666666666666
ValueAttribute:0.36
Annotations:0.3333333333333333
TypeStringProvider:0.29
AnnotationMirrors:0.2833333333333333
PrintVisitor:0.16333333333333333
