HiveMetadata:0.5366666666666666
HiveConnectorFactory:0.3933333333333333
AbstractTestHiveClient:0.38
HiveBenchmarkQueryRunner:0.19944444444444445
HivePlugin:0.18944444444444444
HiveMetadataFactory:0.17
TestHiveConnectorFactory:0.13
