PathTest:0.4666666666666667
BroadcasterIntrospector:0.2633333333333333
ManagedServiceInterceptor:0.25333333333333335
AtmosphereHandlerServiceInterceptor:0.16333333333333333
MeteorServiceInterceptor:0.16333333333333333
