OperatorStats:0.6733333333333333
OperatorContext:0.39666666666666667
TestOperatorStats:0.25666666666666665
