HazelcastInstance:0.7733333333333333
HazelcastClient:0.48
ProxyService:0.405
ClientClusterServiceImpl:0.2833333333333333
ProxyServiceImpl:0.24
HazelcastClientProxy:0.19416666666666665
HazelcastInstanceImpl:0.19083333333333333
ClusterListenerThread:0.1761111111111111
ClientProxy:0.15
HazelcastInstanceProxy:0.14666666666666667
LifecycleServiceImpl:0.13
ClientExecutionServiceImpl:0.11277777777777777
ClientProxyFactory:0.0
