XMLDOMNode:0.62
XMLDOMNodeList:0.6033333333333334
XMLDOMElement:0.4572222222222222
