Fingerprinter:0.7166666666666667
GraphOnlyFingerprinter:0.4022222222222222
