PollerService:0.6295555555555555
DefaultPollerService:0.4
DemandPollServiceTest:0.30666666666666664
DefaultDemandPollService:0.3
PollerServiceTest:0.28
ServiceException:0.008981481481481483
