VehiclesXmlReader:0.5066666666666667
Unit:0.42516666666666664
UnitManager:0.3933333333333333
