LinuxDisplay:0.6266666666666667
XRandR:0.5266666666666666
