AuthorMapper:0.6866666666666666
SqlSessionTest:0.4533333333333333
MapperMethod:0.3416666666666667
