Parser:0.43
GenerationTest:0.41333333333333333
JavacParser:0.3233333333333333
JavacEnvironment:0.29499999999999993
J2ObjC:0.23833333333333334
