DrawableFeatureSet:0.3466666666666667
Identifier:0.33666666666666667
Gene:0.33461111111111114
AnnotationEditor:0.28
AnnotationChangeLog:0.21666666666666667
FeatureEditorDialog:0.18333333333333332
AnnotationView:0.17333333333333334
AnnotationMenu:0.14
