ResultSetProcessingContextImpl:0.5033333333333333
CollectionCacheEvictionTest:0.35333333333333333
AbstractLoadPlanBasedCollectionInitializer:0.34
Company:0.31833333333333336
