Datastream:0.54
DOTranslationUtility:0.45
AtomDODeserializer:0.41
BasicDigitalObject:0.35800000000000004
AtomDOSerializer:0.3333333333333333
TestAPIM:0.28
AtomAPIMMessage:0.26666666666666666
XMLWriter:0.24666666666666667
ExecUtility:0.24666666666666667
XmlTransformUtility:0.23
METSFedoraExtDOSerializer:0.22333333333333333
DefaultAuthorization:0.21
FedoraServerTestCase:0.19666666666666666
FedoraAccessSoapServlet:0.19666666666666666
SaxonServlet:0.19666666666666666
AutoExporter:0.19666666666666666
FedoraTestCase:0.18
DefaultDisseminatorImpl:0.17666666666666667
DOValidatorSchematron:0.17666666666666667
TestXMLDODeserializer:0.17666666666666667
DOValidatorSchematronResult:0.175
ListMethodsServlet:0.17333333333333334
GetNextPIDServlet:0.17333333333333334
METSFedoraExtDODeserializer:0.17333333333333334
BatchXforms:0.165
FedoraAccessServlet:0.165
GetObjectHistoryServlet:0.16
AllAPITests:0.15666666666666668
DescribeRepositoryServlet:0.14833333333333334
TestAPIALiteConfigA:0.14666666666666667
TestAtomDOSerializer:0.13666666666666666
TestAtomDODeserializer:0.13
ListDatastreamsServlet:0.13
TestTomcatServerXML:0.12333333333333334
TestFedoraWebXML:0.12333333333333334
DOTranslationUtilityTest:0.12333333333333334
QName:0.11333333333333333
ExportOptionsDialog:0.11
Constants:0.09666666666666666
DOValidatorXMLSchemaTest:0.09333333333333334
TransformerWriter:0.08333333333333333
NamespaceContextImplTest:0.06333333333333334
ObjectFormatDialog:0.043333333333333335
NamespaceContextImpl:0.035
AllUnitTests:0.03333333333333333
ConvertObjectSerialization:0.013333333333333334
ATOM1_0Format:0.0
