CalculateTruthTestCase:0.5396666666666667
CalculateTruthDynamicUnaryModelTest:0.33666666666666667
