Dialect:0.6633333333333333
Loader:0.31333333333333335
SQLServer2005Dialect:0.31333333333333335
SQLServer2005DialectTestCase:0.30333333333333334
QueryLoader:0.28
Product2:0.25666666666666665
QueryTranslatorImpl:0.21
SQLServerDialectTest:0.05
