RestController:0.44666666666666666
BulkRequestTests:0.39
RestBulkAction:0.24666666666666667
MultiSearchRequestTests:0.13
RestControllerTests:0.12
RestHandler:0.1
RestMultiSearchAction:0.09333333333333334
RestMultiSearchTemplateAction:0.08
MultiSearchTemplateRequestTests:0.013333333333333334
