Header:0.7966666666666666
DefaultHeader:0.53
DefaultJwtBuilder:0.3466666666666667
DefaultJwtParser:0.25333333333333335
