HttpPostCommandProcessor:0.44333333333333336
DynamicConfigurationAwareConfig:0.4166666666666667
HttpCommandProcessor:0.31582539682539684
UpdatePermissionConfigOperation:0.25666666666666665
DynamicSecurityConfig:0.25
HTTPCommunicator:0.23
SecurityContext:0.21661111111111112
RestTest:0.16333333333333333
IPermissionPolicy:0.11994444444444445
DummyPermissionPolicy:0.08333333333333333
