DebugUtils:0.5491666666666667
BaseWebIntegrationTest:0.41333333333333333
DebugUtilsTest:0.22666666666666666
DeployerConfigurationExtenderTest:0.11
