GenerationTargetToDatabase:0.3233333333333333
HibernateSchemaManagementTool:0.2525
SchemaMigratorImpl:0.245
SchemaValidatorImpl:0.22
DdlTransactionIsolatorJtaImpl:0.21
ImprovedExtractionContextImpl:0.20666666666666667
SuppliedConnectionTest:0.19333333333333333
SchemaDropperImpl:0.17
TestingJtaBootstrap:0.16666666666666666
DelayedDropActionImpl:0.1511111111111111
