QueryEditorScene:0.6366666666666667
QueryBuilderTopComponent:0.31333333333333335
ClassNodeWidget:0.25333333333333335
ViewBuilder:0.18666666666666668
GraphicalQueryBuilderService:0.18000000000000002
