AbstractIntegrationTest:0.5733333333333334
SimpleTTLTests:0.36333333333333334
SimpleBlocksTests:0.35833333333333334
