Jdk8DateCodec:0.6333333333333333
ParserConfig:0.4033333333333333
SerializeConfig:0.28
