AbstractTypeDescriptionTest:0.27666666666666667
ToStringMethod:0.2733333333333333
HashCodeAndEqualsPluginTest:0.26
EqualsMethod:0.22666666666666666
UsingJump:0.20733333333333334
HashCodeMethod:0.19111111111111112
EqualsMethodOtherTest:0.17333333333333334
Appender:0.16333333333333333
ToStringMethodOtherTest:0.12666666666666668
AfterInstruction:0.12333333333333334
HashCodeMethodOtherTest:0.10333333333333333
BeforeInstruction:0.1
