AntiCRReader:0.5166666666666667
XMLBlock:0.49
EncodingAwareReader:0.4666666666666667
XMLStreamReader:0.2866666666666667
XMLFileHandler:0.17333333333333334
HTMLFileHandler:0.14666666666666667
XHTMLFileHandler:0.11666666666666667
