ContentPluginControllerConfiguration:0.6433333333333333
ContentPluginEditorController:0.5433333333333333
ContentPluginEditorControllerConfiguration:0.30666666666666664
