Tds:0.73
TdsSocket:0.44333333333333336
TdsComm:0.30333333333333334
TdsConnection:0.22333333333333333
