CockpitPanel:0.36
FreeCockpitConfiguration:0.3233333333333333
ARINCCockpitItemFactory:0.23666666666666666
ServerFreeCockpitConfigurationTest:0.19666666666666666
PropertyLoader:0.18666666666666668
ServerFreeCockpitConfiguration2Test:0.14333333333333334
