Lock:0.6986666666666667
LockableImpl:0.51
LockImpl:0.37333333333333335
