HtmlPage:0.5666666666666667
DomNode:0.5133333333333333
HtmlScript:0.3433333333333333
DomDocumentFragment:0.24
HtmlScriptTest:0.12333333333333334
