Content:0.5966666666666667
TreeView:0.37
EntityView:0.24333333333333335
TreeViewSettings:0.24
