Key:0.41333333333333333
ShadowNotificationManager:0.3566666666666667
NotificationManagerTest:0.31666666666666665
ShadowService:0.27
