MainWindow:0.87
MainWindowFX:0.33666666666666667
MarsProject:0.32666666666666666
MarsProjectFX:0.27777777777777773
MainWindowFX_bak:0.06333333333333334
