PseudoEpsgFactory:0.6266666666666667
SamplePoints:0.37666666666666665
MathTransformTest:0.27
AuthorityFactoryTest:0.26
