EpgMatchListItem:0.49333333333333335
SystemDataRes:0.38
EpgAutoAddDataRes:0.35333333333333333
KBAutoAddRes:0.24916666666666668
