PrologQuery:0.508
PrologTestUtil:0.3466666666666667
PrologPanel:0.3333333333333333
PredicateTests:0.2833333333333333
Predicate_type_graph_name:0.09
