IssueServiceTest:0.5266666666666666
ListAttachmentsActionTest:0.2733333333333333
IssueActivityDAOImplTest:0.25333333333333335
UserFormTest:0.16333333333333333
