ServiceConfigUtil:0.4633333333333333
ManagedChannelImpl:0.37333333333333335
DnsNameResolver:0.26666666666666666
AutoConfiguredLoadBalancer:0.2511111111111111
NameResolverListenerImpl:0.23
DnsNameResolverTest:0.08
