Date:0.8633333333333333
DefaultDate:0.4138888888888889
TermStructuresTest:0.35
