TestAnalyzer:0.6277777777777778
TestDistinctAggregations:0.36277777777777775
