View:0.7666666666666667
MetaCollection:0.5933333333333334
MapFacadeBean:0.30333333333333334
AnnotatedClassParser:0.2866666666666667
RemoveSelectedInCollectionAction:0.16
