SqlContext:0.7608333333333334
NutDaoExecutor:0.5866666666666667
DaoSupport:0.29
