Preferences:0.8833333333333333
ISphereAppearance:0.45666666666666667
Messages:0.3166111111111111
LabelProviderTableViewer:0.24666666666666667
