DefaultGraphCalculator:0.8133333333333334
GraphCalculator:0.7630555555555555
