HttpsHandler:0.5516666666666666
PipelineRegistry:0.37
HttpsConfiguringHandler:0.24666666666666667
DefaultHttpsHandler:0.21333333333333335
