DefaultServiceTicketFactory:0.3566666666666667
CasCoreTicketsConfiguration:0.30333333333333334
DefaultServicesManager:0.26
DefaultTicketGrantingTicketFactory:0.25333333333333335
DefaultProxyGrantingTicketFactory:0.25333333333333335
DefaultProxyTicketFactory:0.22080952380952382
CasCoreServicesConfiguration:0.21333333333333335
Cas20ProxyHandler:0.13733333333333334
CasProtocolConstants:0.03305555555555555
