AsyncHttpClientConfig:0.5733333333333334
Builder:0.49666666666666665
SslUtils:0.25333333333333335
AsyncHttpClientConfigDefaults:0.23333333333333334
AsyncHttpClientConfigBean:0.19
DefaultSSLEngineFactory:0.12333333333333334
