Convertor:0.5658333333333334
CML2WriterTest:0.44
CMLWriter:0.38666666666666666
