CMap:0.7333333333333333
PartitionManager:0.47333333333333333
