Arguments:0.8033333333333333
ParameterizedTestExtension:0.35333333333333333
ObjectArrayArguments:0.31666666666666665
StringArgumentsProvider:0.18666666666666668
MethodArgumentsProvider:0.13
FileArgumentsProvider:0.09333333333333334
TwoSingleStringArgumentsProvider:0.056666666666666664
MyArgumentsProvider:0.036166666666666666
ArgumentsProvider:0.029444444444444447
EnumArgumentsProvider:0.029444444444444447
