Signature:0.5733333333333334
DefaultClassifier:0.5166666666666667
Analyzer:0.31
RepositoryObjectSource:0.19333333333333333
