CertificateStoreSessionBean:0.6566666666666666
CertificateStoreOnlyDataSessionBean:0.405
CertificateDataUtil:0.24333333333333335
