JBossUnmarshaller:0.6433333333333333
AdminPreferencesData:0.27777777777777773
GlobalConfigurationData:0.27777777777777773
UpgradeSessionBean:0.26
HardTokenData:0.24594444444444444
CertificateProfileData:0.24594444444444444
HardTokenIssuerData:0.24594444444444444
EndEntityProfileData:0.24594444444444444
LogConfigurationData:0.23444444444444448
EjbcaConfiguration:0.18
