SingletonHolder:0.5033333333333333
FieldInfo:0.33
FormResponder:0.24
FieldEditor:0.22
charEditor:0.22
dateEditor:0.18333333333333332
charEnumEditor:0.18333333333333332
ptrEditor:0.17666666666666667
RecordEditor:0.17111111111111113
intEditor:0.1
textEditor:0.1
setEditor:0.1
setcharEnumEditor:0.08
setintEnumEditor:0.04666666666666667
realEditor:0.04666666666666667
intEnumEditor:0.04666666666666667
errorEditor:0.04666666666666667
