GenerateAttribute:0.52
Bigotri:0.3433333333333333
MarshalingSupport:0.32666666666666666
MarshallingGenerationTest:0.23333333333333334
