AtmosphereFramework:0.7383333333333333
AtmosphereResourceImpl:0.6576666666666667
