AcceptorPolicy:0.6633333333333333
AssociationImpl:0.5033333333333333
UserIdentityNegotiator:0.3687222222222222
AcceptorPolicyImpl:0.31666666666666665
