CommonConfiguration:0.5183333333333333
SACParserTokenManager:0.32666666666666666
MapHorzPanelRenderer:0.25
XLSGroupWriter:0.24258730158730166
Base64:0.23
SliderRenderer:0.21666666666666667
MaskContainerRenderer:0.19666666666666666
XLSFileWriter:0.12
