DAGComponent:0.6433333333333333
BooleanFilter:0.2866666666666667
DragListenerBridge:0.2866666666666667
BackgroundImagePanel:0.25
