PathRef:0.3820952380952381
JsonPath:0.38
JsonReader:0.24666666666666667
WriteContext:0.2
WriteTest:0.11333333333333333
RootPathRef:0.09666666666666666
ObjectMultiPropertyPathRef:0.09666666666666666
ArrayIndexPathRef:0.08666666666666667
ObjectPropertyPathRef:0.08666666666666667
ToStringValueConverterImpl:0.05655555555555556
