GraphJModel:0.5
Editor:0.3283333333333333
DefaultLabel:0.32
JModel:0.2866666666666667
CTLMatchingMarker:0.27666666666666667
GraphJEdge:0.27666666666666667
AutomatonBuilder:0.27666666666666667
LabelStore:0.27666666666666667
GraphJVertex:0.274
StateJVertex:0.2725
AspectValue:0.25666666666666665
AspectMap:0.24333333333333335
AspectEdge:0.23333333333333334
LTSJModel:0.21
JGraphPanel:0.20333333333333334
AspectJVertex:0.18
BrowseButtonListener:0.12
Grammar_1_0_Action:0.11
RefreshGrammarAction:0.10666666666666667
RefreshListener:0.0
