Service:0.79
Util:0.5833333333333334
Xml:0.5233333333333333
Logger:0.5166666666666667
EMail:0.4766666666666667
GuiService:0.40552380952380945
ApplicationHandler:0.395
UserSession:0.3333333333333333
Log:0.3233333333333333
ResourceManager:0.3233333333333333
ResourceProvider:0.30789682539682545
BasicContext:0.30333333333333334
ServiceRequest:0.3
Ping:0.3
ServiceContext:0.25333333333333335
Dbms:0.24333333333333335
Jeeves:0.24333333333333335
XPath:0.22333333333333333
BinaryFile:0.22
ScheduleInfo:0.2063968253968254
ServiceManager:0.20333333333333334
LocalServiceRequest:0.19
JeevesEngine:0.18
ServiceInfo:0.17666666666666667
ScheduleManager:0.17444444444444446
XmlRequest:0.17333333333333334
Profiles:0.1437301587301587
IO:0.12892857142857145
Put:0.12694444444444442
Schedule:0.1175
RegExpReplace:0.10888888888888888
ConfigFile:0.1
ErrorPage:0.09928174603174604
ServiceConfig:0.09666666666666666
DbmsPool:0.09
ProfileManager:0.08666666666666667
LocalJeeves:0.08
Select:0.07916666666666666
ServiceRequestFactory:0.07666666666666666
JeevesException:0.07333333333333333
ScheduleContext:0.06333333333333334
SOAPUtil:0.06
OutputPage:0.06
BLOB:0.056666666666666664
AbstractPage:0.055
JeevesServlet:0.052222222222222225
Date:0.05
XmlFile:0.04777777777777778
DBUtils:0.045
Call:0.044444444444444446
Execute:0.04111111111111111
ResourceListener:0.03666666666666667
Activator:0.03666666666666667
ProviderManager:0.03333333333333333
NotFoundEx:0.03333333333333333
NotAllowedEx:0.03333333333333333
BadParameterEx:0.03333333333333333
BadSoapResponseEx:0.03333333333333333
BadXmlResponseEx:0.03333333333333333
Get:0.03166666666666667
ServiceNotFoundEx:0.03
ServiceNotAllowedEx:0.03
FileUploadTooBigEx:0.016666666666666666
XmlFileCacher:0.016666666666666666
Formatter:0.006666666666666667
OperationAbortedEx:0.006666666666666667
SerialFactory:0.006666666666666667
XSDValidationErrorEx:0.0033333333333333335
HttpServiceRequest:0.0033333333333333335
StringBufferOutputStream:0.0033333333333333335
ServiceNotMatchedEx:0.0033333333333333335
OperationNotAllowedEx:0.0025
FileNotFoundEx:0.0
BadResponseEx:0.0
BadFormatEx:0.0
ObjectNotFoundEx:0.0
UserLoginEx:0.0
UserNotFoundEx:0.0
BadServerCertificateEx:0.0
JeevesServerEx:0.0
BadServerResponseEx:0.0
ResourceNotFoundEx:0.0
BadInputEx:0.0
MissingParameterEx:0.0
JeevesClientEx:0.0
