FMOD:0.7633333333333333
AL:0.5733333333333334
