NutServlet2:0.64
ActionFilters:0.20655555555555558
HttpAdaptorFilter:0.19333333333333333
UpdateRequestAttributesFilter:0.07666666666666666
