JNetScriptLineWriter:0.5833333333333334
AttrValueRangeSet:0.3894444444444445
CategoryActionListener:0.21
