StoreroomFacility:0.42
GreenhouseFacility:0.38333333333333336
MaintenanceGarageFacility:0.37
LivingQuartersFacility:0.29333333333333333
LaboratoryFacility:0.29
