ActivityStreamUIEntry:0.5333333333333333
PopupMenu:0.3466666666666667
GwtTeamingMessages:0.31666666666666665
GwtTeamingImageBundle:0.23666666666666666
ActivityStreamCtrl:0.22666666666666666
PopupMenuItem:0.15333333333333332
