MessageDeframer:0.51
MessageFramer:0.48333333333333334
AbstractStream:0.2833333333333333
ManagedChannelImpl:0.26
MessageFramerTest:0.23
ClientCallImpl:0.21666666666666667
MessageDeframerTest:0.18666666666666668
AbstractClientStreamTest:0.17666666666666667
