BeanUtilUtil:0.43666666666666665
BeanUtil:0.30666666666666664
BeanUtilBean:0.2227777777777778
