PolygonSpriteBatch:0.36333333333333334
Actor:0.33
SpriteBatch:0.2866666666666667
BitmapFontData:0.26666666666666666
SpriteCache:0.245
GlyphLayout:0.23
GeometryUtils:0.19
