AbstractClient:0.5266666666666666
LogUtil:0.4533333333333333
AbstractPeer:0.29333333333333333
ClientReconnectTest:0.2
