Create3DActionDelegate:0.7327777777777779
PDBCDKChildResourceCreator:0.5357380952380953
