HtmlFormTest:0.2866666666666667
GWT14Test:0.2866666666666667
HtmlInputTest:0.2733333333333333
Sarissa099Test:0.25
HtmlUnitXPathTest:0.22666666666666666
DomNodeTest:0.21333333333333335
JQueryTestBase:0.2
HtmlButtonTest:0.19666666666666666
HtmlResetInputTest:0.15
