TypeData:0.8133333333333334
DelayedListener:0.2733333333333333
