StreamUtils:0.6566666666666666
WavInputStream:0.3566666666666667
OggInputStream:0.3
Sound:0.16333333333333333
HttpClientResponse:0.16
Music:0.14333333333333334
OptimizedByteArrayOutputStream:0.08666666666666667
