Reference:0.34
Match:0.32666666666666666
Concordance:0.30666666666666664
ParseException:0.3021624579124578
Filter:0.28
CompositeComparator:0.18
LexicographicKeywordComparator:0.11
LexicographicReferenceComparator:0.09666666666666666
FileWriter:0.08666666666666667
FileReader:0.08666666666666667
LineComparator:0.08372751322751322
LineBasedToXml:0.05
StructuralUnitProperty:0.029166666666666667
Identity:0.006666666666666667
MultipleInputFilter:0.0033333333333333335
