PropertiesList:0.57
StyleSet:0.5133333333333333
Constant:0.37666666666666665
Property:0.37333333333333335
UIComponentsFactory:0.30666666666666664
StyleKey:0.29
ServerCockpit:0.2866666666666667
Context:0.2796190476190476
SynthModel:0.26666666666666666
StylePropertiesList:0.25666666666666665
SynthState:0.25666666666666665
TableGenerator:0.24333333333333335
WidgetRef:0.23333333333333334
ValuedElement:0.2105952380952381
PropertyType:0.2063968253968254
SynthTypesList:0.2063968253968254
SynthModelVisitor:0.2
LookDefinitionHandler:0.19333333333333333
PropertyGenerator:0.19
RawState:0.18
SynthTypeFactory:0.17
SynthLookGenerator:0.15333333333333332
ToSynthModel:0.14666666666666667
ToSynthGenerator:0.14666666666666667
SynthConstant:0.13666666666666666
SynthConverterAction:0.11
WidgetPropertiesList:0.10333333333333333
SynthWriter:0.10333333333333333
SynthStyleSet:0.10111111111111111
SynthProperty:0.09444444444444446
AbstractRawStyle:0.09166666666666666
StyleSetKey:0.07111111111111112
SynthModelConstants:0.06666666666666667
SynthConstants:0.06666666666666667
WidgetsGenerator:0.05333333333333334
RawSynthStyle:0.04444444444444444
ComponentSynthDefinition:0.03333333333333333
FontResource:0.025
AbstractPropertiesList:0.016666666666666666
ComponentDefaults:0.015
SynthResource:0.011666666666666667
AbstractContext:0.0
