LookCapacities:0.5833333333333334
LookModelConfiguration:0.30666666666666664
PropertyParser:0.2633333333333333
ComponentCapacities:0.18666666666666668
ElementImpl:0.17666666666666667
