ValueBlock:0.6186666666666667
UncompressedValueBlock:0.33
MaskedValueBlock:0.31333333333333335
RunLengthEncodedBlock:0.21
