Node:0.7933333333333333
FactoryIdHelper:0.7016825396825397
