InternalModuleServiceCallImpl:0.78
InternalKernelServices:0.4033333333333333
ServiceProcessManager:0.39
ModuleArbiter:0.38
LoadRequiredModulesExecutor:0.35333333333333333
DefaultInternalKernelServices:0.35
DummyInternalKernelServices:0.33
QedeqBoFactoryAssert:0.2
QedeqBoTestCase:0.19333333333333333
GenerateLatexTest:0.18666666666666668
ModuleArbiterImpl:0.13666666666666666
