TypeName:0.5266666666666666
ClassName:0.48
WildcardTypeName:0.24333333333333335
ArrayTypeName:0.23333333333333334
AnnotatedTypeNameTest:0.19333333333333333
ParameterizedTypeName:0.18666666666666668
