Configuration:0.6233333333333333
RxGalleryFinal:0.3933333333333333
ImageGridFragment:0.31333333333333335
MediaGridAdapter:0.27666666666666667
