Lexer:0.5566666666666666
BaseTest:0.29333333333333333
BufferedTokenStream:0.25333333333333335
TestATNSerialization:0.22
TestATNDeserialization:0.20666666666666667
TestATNParserPrediction:0.19
