Generator:0.9433333333333334
AbstractGenerator:0.36333333333333334
GenerationTool:0.23
