ClassTestExecutionNode:0.5316666666666666
AnnotationUtils:0.2733333333333333
MethodTestExecutionNode:0.25333333333333335
AbstractSuperTest:0.19333333333333333
TestClassTester:0.16
SucceedingTestCase:0.14666666666666667
