Node:0.6366666666666667
EmbeddedSubprocessEndNode:0.41
AbstractFigure:0.33
JpdlXmlReader:0.23666666666666666
BpmnXmlReader:0.23333333333333334
