XmlConfigBuilder:0.3744444444444444
AbstractXmlConfigHelper:0.31666666666666665
SpringXmlConfigBuilder:0.28
SpringXmlBuilder:0.25
XmlClientConfigBuilder:0.21666666666666667
QueryCacheConfigBuilderHelper:0.19666666666666666
