BioMobyConstants:0.9604444444444444
BioclipseMobyModel:0.5433333333333333
