UptimeStatisticProvider:0.5083333333333333
StatisticsManager:0.45666666666666667
DailyUptimeStatisticProvider:0.30333333333333334
StatisticProviderConstants:0.02
