Symphonys:0.8066666666666666
Skins:0.31333333333333335
