MultiinstanceParameters:0.7466666666666667
MultiTaskState:0.56
MultiinstanceComposite:0.2783333333333333
JpdlSerializer:0.2633333333333333
MultiTaskExecutorsDialog:0.25
BpmnSerializer:0.22333333333333333
EditMultiTaskExecutorsAction:0.13666666666666666
PropertyNames:0.0
