Type:0.33166666666666667
λ:0.26
CheckedFunction7:0.16666666666666666
CheckedFunction8:0.16666666666666666
Function1:0.16666666666666666
CheckedFunction1:0.16666666666666666
Function3:0.16666666666666666
CheckedFunction2:0.16666666666666666
Function2:0.16666666666666666
CheckedFunction3:0.16666666666666666
Function5:0.16666666666666666
CheckedFunction4:0.16666666666666666
Function4:0.16666666666666666
CheckedFunction5:0.16666666666666666
Function7:0.16666666666666666
CheckedFunction6:0.16666666666666666
Function6:0.16666666666666666
Function8:0.16666666666666666
CheckedFunction0:0.08666666666666667
Function0:0.08666666666666667
