BusinessService:0.9158730158730158
SecurityAnnotationAttributes:0.34588888888888886
SecurityAnnotationAttributesTests:0.15666666666666668
