User:0.5333333333333333
Domain:0.4428333333333333
DomainImpl:0.36333333333333334
UserAction:0.2866666666666667
RegistrationStrategy:0.21661111111111112
