Tensor:0.7566666666666667
Convolution:0.5133333333333333
ConvolutionalRBM:0.35333333333333333
FilterRenderer:0.2619444444444444
MnistConvNet:0.17333333333333334
ConvRBMTest:0.06
