DateTimeFormatter:0.42266666666666663
DSTZone:0.32666666666666666
ZonedDurationField:0.31333333333333335
ZonedDateTimeField:0.31
FieldUtils:0.3
