LayerSourceException:0.4066666666666667
GraphicStoreException:0.4066666666666667
FeatureStoreException:0.4066666666666667
LayerException:0.4066666666666667
