DatastreamBindingTableModel:0.43333333333333335
SingleKeyBindingPanel:0.38333333333333336
NonCancelingCellEditor:0.37666666666666665
DatastreamBindingPane:0.32
EditingPane:0.22666666666666666
CurrentVersionPane:0.12
