SearchRequestBuilder:0.42
HighlightBuilder:0.39666666666666667
CustomHighlighterSearchTests:0.37666666666666665
HighlighterParseElement:0.27
CustomHighlighter:0.15666666666666668
CacheEntry:0.03444444444444444
