SqlStageExecution:0.49666666666666665
BroadcastOutputBufferManager:0.21
PartitionedOutputBufferManager:0.18666666666666668
TestPartitionedOutputBufferManager:0.11
