LayerVertex:0.37333333333333335
MergeVertex:0.28
ComposableInputPreProcessor:0.23
ElementWiseVertex:0.15666666666666668
DuplicateToTimeSeriesVertex:0.145
LastTimeStepVertex:0.145
