SpectrumUtils:0.5966666666666667
MetadataEditor:0.5566666666666666
GeneralMetadataFormPage:0.42333333333333334
JcampToCMLSpectrumMapper:0.21666666666666667
CMLToJcampSpectrumMapper:0.18666666666666668
