StrandedZoomableApolloPanel:0.5666666666666667
SeqFeature:0.3433333333333333
ReverseComplementListener:0.3272804232804233
ZoomListener:0.3272804232804233
ApolloPanel:0.32666666666666666
Controller:0.31
FlexibleFeatureTierManager:0.26
AnnotationEditor:0.25333333333333335
ExpandableFeatureSet:0.22444444444444447
MovementPanel:0.21666666666666667
FeatureView:0.21
AnnotationView:0.2
ApolloFrame:0.19666666666666666
SyntenyLinkPanel:0.18333333333333332
SyntenyPanel:0.17
ReverseComplementEvent:0.01
ZoomEvent:0.01
