WindowManager:0.63
ActionOpen:0.30333333333333334
ReportBridge:0.26
ControlCenter:0.23333333333333334
DefaultWindowManager:0.19305555555555554
PrintTask:0.18333333333333332
AbstractWindowManager:0.18333333333333332
App:0.15666666666666668
ActionSave:0.14966666666666667
Editor:0.14666666666666667
ActionStart:0.13666666666666666
AbstractChange:0.12333333333333334
ActionClose:0.11333333333333333
ActionExit:0.11333333333333333
ActionBookmark:0.09666666666666666
ReportView:0.09333333333333334
