Robolectric:0.6566666666666666
ShadowApplication:0.34
ShadowViewGroup:0.22
ShadowPowerManager:0.2
ApplicationTest:0.14666666666666667
ViewGroupTest:0.14333333333333334
ShadowAnimationUtils:0.056666666666666664
PowerManagerTest:0.05
AnimationUtilsTest:0.01
