SpnegoWebflowConfiguration:0.37
CasCoreWebflowConfiguration:0.36333333333333334
SpnegoConfiguration:0.29333333333333333
LdapSpnegoKnownClientSystemsFilterAction:0.18333333333333332
X509CredentialsAuthenticationHandlerTests:0.17
LdapSpnegoKnownClientSystemsFilterActionTests:0.15666666666666668
TestWebflowContextConfiguration:0.0
