InMemoryModelSaver:0.8238888888888889
TestEarlyStopping:0.24333333333333335
