TypeUtil:0.64
MethodTranslator:0.44333333333333336
ClassFileConverterTest:0.23666666666666666
