HopParser:0.7233333333333334
HopSymbolTableWalker:0.5133333333333333
DFA52:0.148
DFA63:0.128
DFA46:0.128
