ThreadQueue:0.8133333333333334
ThreadQueueTest:0.36
IdleThreadQueueClient:0.30666666666666664
