GTS:0.7033333333333334
LinearStrategy:0.28833333333333333
StateCache:0.24333333333333335
AbstractStrategy:0.24
SystemRecord:0.22333333333333333
TreeHashStateSet:0.18333333333333332
ExploreStrategyParser:0.18
