Annotation:0.6133333333333333
PrinterService:0.5661111111111111
PrintableFilmBox:0.2866666666666667
