TransportSQLActionTest:0.5233333333333333
DDLAnalysisDispatcher:0.3
AlterTableAnalysis:0.1775
TestMetaDataModule:0.16333333333333333
CreateAlterTableStatementAnalyzerTest:0.14666666666666667
PartitionPropertiesAnalyzer:0.12
AlterTableAnalyzer:0.05
