SQLGrammar:0.66
NodeTypes:0.47904761904761906
NodeFactoryImpl:0.10333333333333333
NodeNames:0.02
