Input:0.6866666666666666
AndroidInput:0.38
LwjglInput:0.23
IOSInput:0.22
GwtInput:0.22
InputWrapper:0.20666666666666667
JglfwInput:0.20666666666666667
MockInput:0.20666666666666667
RemoteSender:0.205
SensorListener:0.18333333333333332
LwjglAWTInput:0.16
RemoteInput:0.14333333333333334
AndroidApplicationConfiguration:0.0
