ContextCapabilities:0.8966666666666666
NVFramebufferMultisampleCoverage:0.19333333333333333
