Storage:0.7266666666666667
AzureBlobStore:0.33
AzureStorageSettings:0.23666666666666666
AzureRepository:0.1688888888888889
Defaults:0.167
AzureStorageSettingsFilterTest:0.16333333333333333
AzureSettingsParserTest:0.14333333333333334
AbstractAzureRepositoryServiceTestCase:0.14333333333333334
AzureStorageSettingsFilter:0.13666666666666666
