Node:0.6266666666666667
FieldNode:0.37
AndersenPointerAnalysis:0.2966666666666667
PointerExplorer:0.22333333333333333
