IOService:0.83
NodeIOService:0.5533333333333333
TcpIpConnectionManager:0.48333333333333334
WriteHandler:0.24333333333333335
FirewallingNodeContext:0.2
DefaultNodeContext:0.16666666666666666
FirewallingTcpIpConnectionManager:0.06666666666666667
