BuildingManager:0.47333333333333333
Unit:0.4066666666666667
Airlock:0.2966666666666667
WalkSettlementInterior:0.29333333333333333
TendGreenhouse:0.24333333333333335
TimeWindow:0.23666666666666666
ExitAirlock:0.21666666666666667
EnterAirlock:0.20333333333333334
TaskManager:0.19333333333333333
Walk:0.18333333333333332
WalkMeta:0.16666666666666666
BuildingAirlock:0.16
ConstructionWizard:0.06333333333333334
