SerializeWriter:0.5366666666666666
JSON:0.5011111111111111
ThreadLocalCacheTest:0.3233333333333333
SerialWriterStringEncoderTest2:0.26666666666666666
Codec:0.2105952380952381
Jackson2Codec:0.17333333333333334
GsonCodec:0.17333333333333334
JacksonGroupDecoder:0.17333333333333334
JacksonCodec:0.17333333333333334
FastjsonCodec:0.15666666666666668
BenchmarkMain:0.11666666666666667
JsonLibCodec:0.09333333333333334
JsonSmartCodec:0.09333333333333334
SimpleJsonCodec:0.09333333333333334
FastjsonSCodec:0.07333333333333333
FastjsonManualCodec:0.07333333333333333
FastjsonBeanToArrayCodec:0.07333333333333333
FastjsonGenCodec:0.07333333333333333
