MapService:0.43805555555555553
NearCache:0.41333333333333333
SizeEstimatorTest:0.27
ClearBackupOperation:0.24833333333333332
MapSizeEstimator:0.17666666666666667
