EncoderRegistry:0.4066666666666667
RequestConfigDelegate:0.4066666666666667
JSONPostITest:0.40166666666666667
XMLPostITest:0.22
