ExtendsTest:0.39666666666666667
StatsTest:0.2633333333333333
UnitTestCase:0.24
MigrationTest:0.22333333333333333
TimestampsRegionImplTestCase:0.19666666666666666
TransactionalExtraAPITestCase:0.18333333333333332
AbstractGeneralDataRegionTestCase:0.15666666666666668
QueryRegionImplTestCase:0.15
