MapLoaderTest:0.51
MapStoreTest:0.47333333333333333
PausingMapLoader:0.41100000000000003
MapStoreWriteBehindTest:0.31
MapStoreWithPredicateTest:0.26
TestInterceptor:0.19266666666666665
MapStoreDataLoadingContinuesWhenNodeJoins:0.15
MapLoaderFailoverTest:0.13333333333333333
