FreezingBisimulator:0.6866666666666666
DefaultIsoChecker:0.3333333333333333
Generator:0.3333333333333333
OperatorEdge:0.2677777777777778
ArgumentEdge:0.13666666666666666
