PyString:0.5366666666666666
PyDictionary:0.38333333333333336
PyUnicode:0.38333333333333336
codecs:0.2866666666666667
PyFile:0.2733333333333333
PyDefaultDict:0.2733333333333333
SubsequenceIteratorImpl:0.215
__builtin__:0.21
StringFormatter:0.21
StdoutWrapper:0.19333333333333333
PyFileReader:0.19333333333333333
PyFileWriter:0.17333333333333334
ItemsIter:0.16333333333333333
ValuesIter:0.16333333333333333
JavaImportHelper:0.13666666666666666
FilelikeInputStream:0.10666666666666667
PyToJavaMapEntry:0.07666666666666666
