Controller:0.603
IOSApplication:0.5033333333333333
FreeTypeFontGenerator:0.45666666666666667
IOSAudio:0.36333333333333334
GlyphAndBitmap:0.043055555555555555
IOSApplicationConfiguration:0.0
