CMap:0.6166666666666667
AbstractRecord:0.3933333333333333
ConcurrentMapManager:0.35
AbstractHazelcastCacheRegionFactory:0.27
UnlockOperationHandler:0.1811111111111111
MapStoreTest:0.13333333333333333
