ArchiveClient:0.51
ClientSessionProxy:0.35833333333333334
NotificationsProxy:0.2633333333333333
