PathToken:0.41
PathCompiler:0.32666666666666666
FunctionPathToken:0.27666666666666667
NumericPathFunctionTest:0.26
PathTokenFactory:0.19194444444444442
EvaluationContextImpl:0.18
BaseFunctionTest:0.11083333333333334
PathFunction:0.07666666666666666
AbstractAggregation:0.03666666666666667
PassthruPathFunction:0.0
