Robot:0.5566666666666666
WidgetTester:0.37333333333333335
RobotTest:0.29
SWTTestSuite:0.23666666666666666
Events:0.22833333333333333
SWTTestCase:0.21666666666666667
CComboTester:0.21666666666666667
ScrollBarTester:0.20666666666666667
WidgetLocator:0.19333333333333333
TableTester:0.16166666666666665
TreeItemTester:0.145
WidgetTesterTest:0.13833333333333334
MouseWatcher:0.06666666666666667
EventLogger:0.03666666666666667
