WritingTransformer:0.6466666666666666
Context:0.5066666666666667
