ByteString:0.49333333333333335
Base64:0.38333333333333336
ByteStringTest:0.35
