DocumentParser:0.5466666666666666
CopyToMapperIntegrationIT:0.25666666666666665
CopyToMapperTests:0.21666666666666667
