SearchUtils:0.45
AjaxController:0.4
EventHelper:0.35333333333333333
AttrTag:0.14666666666666667
