ShareFile:0.6533333333333333
FileAdministration:0.5966666666666667
