Callback:0.6066666666666667
LinkWidget:0.4066666666666667
