GwtTeamingMessages:0.9166666666666666
ConfigureFileSyncAppDlg:0.32666666666666666
ConfigureMobileAppsDlg:0.30666666666666664
