OcspConfiguration:0.5733333333333334
OcspResponseGeneratorSessionBean:0.39666666666666667
HsmResponseThread:0.28
ProtocolOcspHttpTest:0.21666666666666667
OCSPResponseItem:0.13666666666666666
