GreysAnatomyClassFileTransformer:0.48333333333333334
Commands:0.34
PatternMatchingUtils:0.33666666666666667
TimeTunnelCommand:0.24666666666666667
GreysAnatomyMain:0.23338888888888884
GreysAnatomyConsole:0.11666666666666667
WildcardMatchingUtils:0.1
ProfilerCommand:0.065
SearchUtils:0.05222222222222222
MonitorCommand:0.03
SearchClassCommand:0.02666666666666667
WatchCommand:0.02666666666666667
SearchMethodCommand:0.02
JstackCommand:0.0
