TasksTree:0.4633333333333333
ActionAddIssueTrackerTask:0.16777777777777778
MoveTaskUpAction:0.16777777777777778
CloneTimeslotAction:0.16777777777777778
MoveTaskDownAction:0.16777777777777778
TreePopupMenu:0.15
TaskTreeKeyAdapter:0.10666666666666667
TimeslotsTablePopupMenu:0.06666666666666667
