PersistentTasksCustomMetaData:0.5083333333333333
PersistentTasksService:0.4666666666666667
TestPersistentTasksPlugin:0.3233333333333333
PersistentTasksNodeServiceTests:0.3
WaitForPersistentTaskStatusListener:0.006666666666666667
