ApolloPanel:0.8233333333333334
FineApolloPanel:0.3466666666666667
FineFeatureEditorPanel:0.25333333333333335
GridApolloLayout:0.20833333333333337
FineAnnotationView:0.09277777777777779
