TestExpressionCompiler:0.3566666666666667
ByteCodeExpressionVisitor:0.3333333333333333
Visitor:0.3233333333333333
TestInterpretedProjectionFunction:0.19
