KeyRing:0.84
EditSuperUserDialog:0.33944444444444444
KeyRingPreferencePage:0.3
ContentProvider:0.2658333333333333
