Wallet:0.8033333333333333
WalletTool:0.38166666666666665
RefreshWallet:0.13666666666666666
