ZonedDateTimeTest:0.4266666666666667
OffsetDateTimeTest:0.4266666666666667
LocalDateTest:0.25666666666666665
SetSubselectTest:0.18666666666666668
