TasksIT:0.7491111111111112
RestListTasksAction:0.36666666666666664
