Analysis:0.3433333333333333
ESIndexNode:0.3
TransportSQLActionClassLifecycleTest:0.27
InsertFromValuesAnalyzerTest:0.24333333333333335
PlannerTest:0.24333333333333335
InsertFromValuesAnalyzer:0.21333333333333335
DataStatementAnalyzer:0.19666666666666666
InsertFromValuesAnalysis:0.19166666666666668
TransportExecutorTest:0.18833333333333332
ParameterContext:0.13
ESBulkIndexTask:0.11333333333333333
AbstractESIndexTask:0.02666666666666667
