Context:0.5283333333333333
ScriptableObject:0.4866666666666667
ContextFactory:0.35
WriteReadOnlyPropertyTest:0.06333333333333334
