RunExternal:0.6433333333333333
EditViewFactory:0.43666666666666665
