Packet:0.5466666666666666
PacketDispatcherImplTest:0.25
HazelcastTestSupport:0.23666666666666666
OperationServiceImpl:0.23333333333333334
EventServiceImpl:0.20333333333333334
TcpIpConnectionManager:0.20333333333333334
PacketTest:0.20166666666666666
OutboundResponseHandler:0.18666666666666668
OperationThreadTest:0.16666666666666666
OperationExecutorImpl_HandlePacketTest:0.16
AsyncInboundResponseHandlerTest:0.14333333333333334
PacketDispatcherImpl:0.12
BroadcastOperationControlTask:0.10666666666666667
