Connection:0.5433333333333333
CallTest:0.5133333333333333
HttpEngine:0.31333333333333335
