ResultHandler:0.5921269841269842
DefaultSqlSession:0.4633333333333333
DefaultResultSetHandler:0.3933333333333333
DefaultResultContext:0.17
DefaultResultHandler:0.06333333333333334
DefaultMapResultHandler:0.06
