JdbcPlayerSummaryDaoIntegrationTests:0.40166666666666667
JdbcPlayerDaoIntegrationTests:0.40166666666666667
