AuthenticationITest:0.5696666666666667
FilterContext:0.4066666666666667
