AbstractOnTheFlyBundleCreatorTests:0.56
LocalFileSystemMavenRepository:0.46
TestInDifferentPackageThenItsParents:0.25333333333333335
BaseClassFromAnotherPackage:0.11944444444444442
DifferentParentsInDifferentBundlesTest:0.056666666666666664
BaseClassFromAnotherPackageAndBundle:0.03333333333333333
