SQLTypeMappingTest:0.49666666666666665
Visitor:0.30333333333333334
TransportExecutorTest:0.08533333333333334
