MapProxySupport:0.7133333333333334
ResourceAdapterImpl:0.34
MapExecutionCallbackAdapter:0.3085555555555555
ClientMultiMapListenerStressTest:0.14666666666666667
