ExtensionDefParser:0.555
GenerateWORDAction:0.4533333333333333
ExtractSupplementAction:0.4166666666666667
