AgentBased:0.47
ExtractionClassFileTransformer:0.45
Foo:0.21255555555555553
ClassLoadingDelegate:0.18444444444444444
ClassFileLocatorAgentBasedTest:0.14
