StepExecution:0.71
JobExecution:0.5533333333333333
StepExecutionTests:0.25
JobExecutionTests:0.23666666666666666
InfiniteLoopWriter:0.13
