TestIcalCrawler:0.5333333333333333
TestIcalCrawlerIncremental:0.5
IcalTestIncrementalCrawlerHandler:0.44333333333333336
