ProfileModule:0.7866666666666666
MiscUtil:0.5905555555555555
GwtServerHelper:0.4033333333333333
ProfileModuleImpl:0.32666666666666666
ModifyEntryController:0.23333333333333334
PasswordPolicyHelper:0.20333333333333334
IdTriple:0.18833333333333332
PasswordMismatchException:0.18
WebKeys:0.155
