SourceFolder:0.6444444444444445
TestUnitLaunchConfigurationDelegate:0.5933333333333334
