ForceField:0.37333333333333335
LineSearch:0.36333333333333334
ForceFieldTests:0.25
ConjugateGradientMethod:0.18666666666666668
GeometricMinimizer:0.18666666666666668
TestPotentialFunction:0.05
PotentialFunction:0.013333333333333334
