MethodInjectionPoint:0.45
PetiteBeans:0.33666666666666667
PetiteContainer:0.2866666666666667
PetiteResolvers:0.20750000000000002
PetiteConfig:0.20333333333333334
MethodResolver:0.16
FullTypeTest:0.12
Koo:0.10666666666666667
InjectionPointFactory:0.095
