ServerMapItemsUtilities:0.4766666666666667
ClientMessageDecoder:0.32666666666666666
ServerWrapperTest:0.32666666666666666
NetworkTest:0.2727222222222222
ServerWrapperDensityTest:0.27
TestUtilities:0.24
MapVertItemSegmentRendererTest:0.23333333333333334
RendererOffsetTest:0.22
NetworkTCPTest:0.18666666666666668
ServerWrapperNetworkTest:0.185
RendererOffsetLayoutTest:0.18
MapVertItemSymbolRendererTest:0.18
RendererTest:0.17333333333333334
RendererUITest:0.17333333333333334
Renderer_2Test:0.16333333333333333
MapItemSegmentRendererTest:0.16
MapItemSymbolRendererTest:0.15333333333333332
NetworkBlockingTest:0.14
MapItemSymbolRendererRangeTest:0.14
MapItemClickOnMapTest:0.09333333333333334
MapItemClickOnMapVertTest:0.09
ServerWrapperNetwork2Test:0.08166666666666667
