ActionBuilder:0.6033333333333334
RouteMadvocConfigurator:0.2966666666666667
ActionMethodParser:0.29
ResultsManager:0.25
