Receiver:0.5533333333333333
DriverConductor:0.4166666666666667
ClientConductor:0.23666666666666666
SessionWorker:0.22
DynamicMultiDestination:0.2
MinMulticastFlowControl:0.10666666666666667
PreferredMulticastFlowControl:0.10666666666666667
