EdgeCheckerNode:0.45666666666666667
ReteNetworkTest:0.45166666666666666
PathCheckerFactory:0.34
