BreakpointInfo:0.4666666666666667
BreakpointHandler:0.46611111111111125
RequestQueueManager:0.3
DefaultActionHandler:0.29333333333333333
DefaultBreakpointHandler:0.25
