JobSupervisor:0.6311111111111111
DefaultContext:0.47333333333333333
MapReduceDataSerializerHook:0.2
