CopyIntegrationTest:0.5566666666666666
SourceIndexWriterProjection:0.47
AbstractIndexWriterProjection:0.44
ColumnIndexWriterProjection:0.31666666666666665
InputColumns:0.17
CopyStatementPlanner:0.16333333333333333
