AssignmentHelper:0.5
ApplicationContextFactory:0.48
TaskLogic:0.26
GroovyScriptBinding:0.22333333333333333
Timer:0.21333333333333335
GroovyScriptExecutor:0.10333333333333333
DefaultAssignmentHandler:0.10333333333333333
GroovyActionHandler:0.08666666666666667
AssignSwimlaneActionHandler:0.08666666666666667
IScriptExecutor:0.08444444444444445
BSHScriptExecutor:0.04
