WebSocket:0.7433333333333333
WebSocketServer:0.3433333333333333
