XJTable:0.41
MainFrame:0.4
AnnotationEditor:0.3466666666666667
DefaultResourceHandle:0.2833333333333333
ApplicationViewer:0.27666666666666667
NewResourceDialog:0.19444444444444445
ResourceHandle:0.17448412698412702
ApplicationHandle:0.15444444444444444
RunAction:0.12444444444444443
