ParameterAveragingTrainingMaster:0.6233333333333333
PortableDataStreamDataSetIterator:0.5666666666666667
TestPreProcessedData:0.15666666666666668
