CA:0.5766666666666667
CorrespondanceAnalysisEditorInput:0.48333333333333334
FactorialMapEditor:0.24
ComputeCorrespondanceAnalysis:0.1877777777777778
