AccessUtils:0.57
AbstractFolderModule:0.33555555555555555
ViewEntryController:0.2833333333333333
