OkHttpClientTransportTest:0.4066666666666667
NettyClientStreamTest:0.2966666666666667
Http2ClientStreamTransportState:0.2633333333333333
AbstractServerStreamTest:0.21
AbstractServerStream:0.21
