WebScriptExecutor:0.6608333333333334
CreateMyDoc:0.22277777777777777
AlfSetContent:0.22277777777777777
