MapItemsPanel:0.6777777777777778
GrowableTable:0.38666666666666666
