Cursor:0.6466666666666666
UncompressedSliceCursor:0.28
AbstractTestUncompressedSliceCursor:0.22
TestUncompressedLongCursor:0.15666666666666668
RunLengthEncodedCursor:0.14833333333333334
TestRunLengthEncodedCursor:0.13666666666666666
UncompressedLongCursor:0.13416666666666666
UncompressedCursor:0.13416666666666666
