AbstractReferenceConfig:0.4666666666666667
AbstractConfig:0.43
ServiceConfig:0.3433333333333333
