Charsetfunctions:0.52
WebSocket:0.37
Draft:0.36666666666666664
CloseFrameBuilder:0.2377777777777778
