JPPFJcaClient:0.5888888888888889
DurationTask:0.2866666666666667
DemoTest:0.25
