Builder:0.58
SymbolStatsEstimate:0.5033333333333333
FilterExpressionStatsCalculatingVisitor:0.20333333333333334
TestTpchLocalStats:0.15
