DefaultAuthenticationBuilder:0.46
AbstractCasView:0.26666666666666666
AbstractArgumentExtractor:0.25666666666666665
PersonDirectoryPrincipalResolver:0.22
DefaultAuthenticationSystemSupport:0.19333333333333333
AbstractUsernamePasswordAuthenticationHandler:0.19
DistributedCacheObject:0.16666666666666666
DefaultArgumentExtractor:0.16666666666666666
MixedPrincipalException:0.14666666666666667
DefaultAuthenticationServiceSelectionStrategy:0.09
AbstractDelegatingCasView:0.08666666666666667
ChainingTemplateViewResolver:0.08666666666666667
DefaultCasSslContext:0.08666666666666667
UnsatisfiedAuthenticationPolicyException:0.056666666666666664
BasicCredentialMetaData:0.056666666666666664
