SarosSession:0.5633333333333334
SarosSessionManager:0.4
NullSarosSession:0.33666666666666667
ISarosSession:0.3000833333333333
IncomingSessionNegotiation:0.27
SarosSessionStub:0.23666666666666666
ISarosSessionManager:0.23327777777777778
