DebugChemObjectBuilderTest:0.4066666666666667
DebugElementTest:0.13666666666666666
DebugPolymerTest:0.08333333333333333
DebugReactionTest:0.08333333333333333
DebugPseudoAtomTest:0.07333333333333333
DebugBondTest:0.06333333333333334
DebugIsotopeTest:0.03
DebugBioPolymerTest:0.03
DebugAtomTest:0.02
