AddHydrogenAction:0.5466666666666666
MenuBarMaker:0.4866666666666667
ValidateAction:0.39666666666666667
