WriteBehindQueue:0.5266666666666666
DelayedEntry:0.3233333333333333
ArrayWriteBehindQueue:0.2733333333333333
WriteBehindQueueTest:0.25333333333333335
WriteBehindStore:0.23666666666666666
TestMapUsingMapStoreBuilder:0.23
EmptyWriteBehindQueue:0.22333333333333333
BoundedArrayWriteBehindQueue:0.22333333333333333
MapStoreTest:0.17666666666666667
SynchronizedWriteBehindQueue:0.15666666666666668
StoreWorker:0.15333333333333332
WriteBehindQueues:0.14333333333333334
MapDataStores:0.10666666666666667
AbstractDelayedEntry:0.07333333333333333
