DriverConductor:0.42333333333333334
Aeron:0.2833333333333333
SubscriberThread:0.2725
SendChannelEndpoint:0.26
ClientConductorTest:0.21333333333333335
ClientConductor:0.2
Sender:0.19833333333333333
PublicationMessageFlyweight:0.19666666666666666
PubAndSubTest:0.19666666666666666
EventCodec:0.19
DriverConductorTest:0.17666666666666667
DriverProxy:0.16333333333333333
DriverProxyTest:0.16166666666666665
SubscriberTool:0.10833333333333334
MultiDriverTest:0.10666666666666667
ActivePublications:0.05333333333333334
