Util:0.52
IOUtils:0.49666666666666665
PageConfig:0.32666666666666666
Search:0.27
SearchEngine:0.21
Consts:0.20666666666666667
AnalyzerGuru:0.20666666666666667
Ctags:0.16666666666666666
Results:0.16
TextAnalyzer:0.11
PLSQLConsts:0.10333333333333333
