SessionView:0.67
STFBotImp:0.44333333333333336
SessionViewImp:0.4166666666666667
RSViewImp:0.31333333333333335
STFTest:0.31166666666666665
BuddiesViewImp:0.26138888888888884
TestEditorByAliceAndBob:0.25333333333333335
TestSVNStateInitialization:0.24
STFBotTableItemImp:0.23605555555555555
TestSessionView:0.23333333333333334
WindowMImp:0.2025
TestSVNStateUpdates:0.19
TestCreatingNewFile:0.18333333333333332
TestFollowMode:0.16666666666666666
MakeOperationConcurrently:0.14166666666666666
TestShare2UsersSequentially:0.14
TestEditDuringInvitation:0.11333333333333333
TestParallelInvitationWithTerminationByInvitees:0.11333333333333333
IsMenuEnabled:0.07666666666666666
TestShare3UsersSequentially:0.06666666666666667
TestShare3UsersConcurrently:0.06666666666666667
