Binding:0.5733333333333334
DataType:0.5333333333333333
AbstractField:0.44666666666666666
DefaultBinding:0.31333333333333335
ConvertedDataType:0.25666666666666665
AbstractTable:0.25
TableAlias:0.19333333333333333
DefaultDataType:0.18666666666666668
ParameterImpl:0.18666666666666668
UDTImpl:0.18
AbstractRoutine:0.17333333333333334
TableFieldImpl:0.056666666666666664
UDTFieldImpl:0.03333333333333333
