PrincipalAttributesProperties:0.49666666666666665
CasPersonDirectoryConfiguration:0.37333333333333335
Pac4jProperties:0.2866666666666667
AuthenticationPolicyProperties:0.27666666666666667
AbstractLdapAuthenticationProperties:0.23
JdbcAuthenticationProperties:0.22
CasJdbcAuthenticationConfiguration:0.18666666666666668
