Blog:0.6854444444444444
BlojsomServlet:0.37333333333333335
