FieldDefinition:0.7866666666666666
FieldInfo:0.57
DBConnection:0.36666666666666664
FieldCursor:0.3233333333333333
DBConnectionWrapper:0.23
HibernateCRUDOperationProvider:0.15666666666666668
MakumbaCRUDOperationProvider:0.15
DataTransformer:0.036166666666666666
