GroupDao:0.5533333333333333
GroupDaoTest:0.4066666666666667
