Strings:0.44
View:0.43666666666666665
Style:0.38666666666666666
MovieTest:0.3333333333333333
MetaCollection:0.27
MapFacadeBean:0.20666666666666667
AnnotatedClassParser:0.19666666666666666
EditorsParser:0.19333333333333333
MetaWebEditors:0.16
Quote:0.03666666666666667
QuoteDetail:0.02666666666666667
XmlElementsNames:0.0
