OCSPUnidResponse:0.7766666666666666
OCSPUnidClient:0.35
Ocsp:0.15333333333333332
