SessionFactoryFactory:0.5533333333333333
HibernateBundle:0.2866666666666667
JerseyIntegrationTest:0.25
HibernateBundleTest:0.22
SessionFactoryFactoryTest:0.20666666666666667
