DocumentManager:0.6566666666666666
PrintBorderOverlay:0.34
LayoutFrame:0.29333333333333333
