Renderer:0.6533333333333333
GameLoop:0.38666666666666666
GameOver:0.35333333333333333
