FooBarTest:0.4522222222222222
FumTest:0.35
ProxyTest:0.3333333333333333
