NyuWormRnai:0.57
Config:0.31333333333333335
NodeInfoJdbc:0.26666666666666666
CommandLine:0.18666666666666668
