CommandLineInput:0.7366666666666667
AntlrTokenReader:0.6033333333333334
