RegisteredServiceEditBean:0.43166666666666664
RegisteredServiceSimpleFormController:0.37333333333333335
RegisteredServiceSimpleFormControllerTests:0.31666666666666665
ManageRegisteredServicesMultiActionController:0.24666666666666667
AbstractRegisteredServiceAttributeReleasePolicyStrategyBean:0.18666666666666668
JsonViewUtils:0.18633333333333332
RegisteredServiceUsernameAttributeProviderEditBean:0.09333333333333334
RegisteredServiceAttributeReleasePolicyEditBean:0.08333333333333333
