BytesReference:0.54
FsTranslogFile:0.37666666666666665
BytesArray:0.32
FsTranslog:0.32
BufferingFsTranslogFile:0.30666666666666664
SimpleFsTranslogFile:0.22666666666666666
ByteBufferBytesReference:0.21
ChannelBufferBytesReference:0.21
HashedBytesArray:0.17666666666666667
WrapperOutputStream:0.13666666666666666
