ConfigService:0.7533333333333333
ApplianceService:0.41
UpdateService:0.22333333333333333
