MenuItemTester:0.8505555555555555
ContextMenuTest:0.2733333333333333
