AbstractTestHiveClient:0.5166666666666667
TestHiveFileFormats:0.35333333333333333
HiveClientModule:0.2733333333333333
HiveTestUtils:0.22666666666666666
