HashMap:0.4766666666666667
TreeMap:0.47
Seq:0.4483333333333333
