BasicXDSAuditMessage:0.67
XDSRetrieveMessage:0.3933333333333333
XDSImportMessage:0.38666666666666666
