Rule:0.6922777777777778
SPORule:0.4866666666666667
NamespaceNew:0.31
Parameters:0.29
DefaultRuleView:0.20666666666666667
