DebugChemObjectBuilder:0.3933333333333333
NoNotificationChemObjectBuilder:0.3933333333333333
DebugIsotope:0.32
IChemObjectBuilder:0.30333333333333334
DefaultChemObjectBuilder:0.24666666666666667
NNIsotope:0.13
