ColumnValues:0.5733333333333334
EntityBinder:0.4533333333333333
MappedAttribute:0.3933333333333333
