MatrixResource:0.601111111111111
Activator:0.29
MatrixEditor:0.03333333333333333
