HttpURLConnectionImpl:0.49333333333333335
HttpEngine:0.35
URLConnectionTest:0.27666666666666667
HttpsURLConnectionImpl:0.2677777777777778
HttpResponseCache:0.2633333333333333
HttpResponseCacheTest:0.23
OkHttpClient:0.17666666666666667
HttpUrlConnectionDelegate:0.07666666666666666
