JFXServerWindow:0.44333333333333336
DefaultConnectorRenderer:0.43333333333333335
SwingServerWindow:0.3433333333333333
JFXWindowConnector:0.26
SwingWindowConnector:0.26
