CacheManager:0.49666666666666665
Util:0.43333333333333335
ApplicationEntityManagerImpl:0.41
