ServiceMonitor:0.6633333333333333
Geonet:0.45111111111111113
XmlRequest:0.4066666666666667
GeonetContext:0.39
ServiceMonitorManager:0.31
ServiceManager:0.30666666666666664
ServiceMonitorException:0.13666666666666666
Get:0.13
PrintServiceMonitor:0.11666666666666667
Geonetwork:0.10333333333333333
Check:0.06933333333333333
CswServiceMonitor:0.06666666666666667
ServiceMonitorReport:0.06
JSONRequest:0.05333333333333334
IndexServiceMonitor:0.03666666666666667
ErrorPage:0.02666666666666667
DatabaseServiceMonitor:0.023333333333333334
