Choice:0.27
LL1Loop:0.19333333333333333
LL1Choice:0.1275
LL1StarBlock:0.11333333333333333
LL1PlusBlock:0.11333333333333333
LL1OptionalBlockSingleAlt:0.09333333333333334
