Decoder:0.7666666666666667
A661RefHandler:0.545
LoaderUtilities:0.44666666666666666
WidgetsRefHandler:0.39466666666666667
AbstractWidgetRefHandler:0.3933333333333333
BasicServerEngine:0.3846666666666667
ProtocolInputDecoder:0.37666666666666665
Channel:0.3566666666666667
DummyProtocol:0.35333333333333333
Style:0.3333333333333333
WidgetDefaultsHandler:0.33
FrameworkManager:0.30133333333333334
InstrumentedServer:0.3011111111111111
AbstractARINCDecoder:0.29
DefaultClientXMLDFHandler:0.27666666666666667
ServerConfigurationParser:0.27666666666666667
AbstractLayer:0.26666666666666666
BasicWindowManager:0.2633333333333333
AbstractXMLDFHandler:0.2633333333333333
ServerMessageProcessor:0.26
ClientWidgetsRefHandler:0.25833333333333336
RenderingLayerImpl:0.24666666666666667
JFXEditorPanel:0.23666666666666666
ScenarioViewer:0.23666666666666666
AbstractBinaryDFHandler:0.23666666666666666
RuntimeDecoder:0.23
LayerTreeEditor:0.22666666666666666
NewPushButtonRenderer:0.22666666666666666
JFXEventLogger:0.22333333333333333
InstrumentedClient:0.22
ExtensionTest:0.22
JFXFactory:0.215
MessageDecoder:0.19333333333333333
WidgetListChooser:0.19333333333333333
SetParameterStruct2Test:0.19333333333333333
EditorEngine:0.18666666666666668
BasicServerEngine_3Test:0.18
Extension5Test:0.17666666666666667
AbstractServerEngine:0.17666666666666667
ClientMessageDecoder:0.17666666666666667
BasicServerEngine_2Test:0.17
AbstractClientEngine:0.16
ProtocolInputDecoderServer_2Test:0.15333333333333332
JFXComponentsExtractor:0.15
JFXWidgetStyles:0.13666666666666666
ProtocolInputDecoderServerTest:0.13
BasicServerEngine_4Test:0.12666666666666668
ARINC661:0.12333333333333334
ClientWidgetsRefHandlerTest:0.12333333333333334
Extension4Test:0.11666666666666667
Extension3Test:0.11666666666666667
ProtocolInputDecoderServer_3Test:0.11666666666666667
ProtocolInputDecoderClientTest:0.11666666666666667
ProtocolInputDecoderServer_8Test:0.11666666666666667
SyntheticWidgetRenderer:0.10666666666666667
Extension2Test:0.09333333333333334
JFXComponentsHandlerTest:0.09
ARINCDefinitionParser:0.08916666666666667
JFXStylesEngine2Test:0.08666666666666667
ClientWidgetsRefHandler5Test:0.08333333333333333
SwingEditorDFRenderer:0.05
JFXStylesEngineTest:0.04666666666666667
EditorDFRenderer:0.04666666666666667
NewPushButton2:0.03
JFXEditorDFRenderer:0.016666666666666666
