UCropActivity:0.4633333333333333
BitmapLoadCallback:0.4494444444444445
CropImageView:0.43333333333333335
BitmapCropTask:0.37
BitmapCropCallback:0.24
TransformImageView:0.20666666666666667
ResultActivity:0.1706666666666667
SampleActivity:0.14666666666666667
BitmapLoadTask:0.13666666666666666
