FeatureSchema:0.65
LayerTableModel:0.4372222222222223
MyTable:0.23833333333333334
