ParcelImplementations:0.5066666666666667
ParcelableDescriptor:0.4033333333333333
ParcelableAnalysis:0.28
ParcelableIntegrationTest:0.19
ParcelCodeRepository:0.19
Parcels:0.1761111111111111
ParcelTransactionWorker:0.14777777777777779
ExternalParcelTransactionWorker:0.12333333333333334
ParcelerModule:0.1
