StringUtils:0.72
LuceneTermIterator:0.3933333333333333
LuceneArticleIterator:0.3
LuceneGeneIterator:0.2633333333333333
PubServlet:0.20333333333333334
LuceneDocumentIterator:0.19566666666666668
RegenerateFullTextIndices:0.1802777777777778
