PyJavaClass:0.6733333333333333
PyClass:0.31333333333333335
PyBeanEventProperty:0.30333333333333334
