TransportBaseSQLAction:0.6066666666666667
TransportKillJobsNodeAction:0.49
TransportKillJobsNodeActionTest:0.37333333333333335
