BinderService:0.69
Facade:0.3466666666666667
JaxRpcFacade:0.2733333333333333
BinderServiceEndpoint:0.19333333333333333
LicenseService:0.17166666666666666
BinderServiceImpl:0.14333333333333334
LicenseServiceImpl:0.11333333333333333
LicenseServiceEndpoint:0.11333333333333333
