AtomType:0.6766666666666666
CDKTests:0.3233333333333333
