Model:0.3566666666666667
ViewManager:0.31666666666666665
Context:0.29
ItemList:0.2733333333333333
EntityView:0.26
PropertyTableWidget:0.21
ContextMenu:0.19
ViewContainer:0.18166666666666667
Content:0.17666666666666667
ResultWidget:0.17333333333333334
ControlCenter:0.16
InteractionListener:0.15333333333333332
GedcomTableWidget:0.14333333333333334
AdvancedEditor:0.13333333333333333
InteractionHandler:0.09666666666666666
ContextMenuHook:0.01
