StoreRecovery:0.44333333333333336
ShardSplittingQueryTests:0.43333333333333335
ShardSplittingQuery:0.42
SplitIndexIT:0.2
Visitor:0.17
StoreRecoveryTests:0.12666666666666668
NestedRoutingPartitionedDocIdSetIterator:0.10666666666666667
RoutingPartitionedDocIdSetIterator:0.07
