AddTerm:0.3933333333333333
TermTable:0.34
Cons:0.3233333333333333
PubProperties:0.29
TestConnectionFactory:0.24
PubServlet:0.19
UpdateTerm:0.14333333333333334
AllJUnitTests:0.13
