NodeLayout:0.4866666666666667
TreeLayout:0.3753333333333333
ToggleAlignment:0.205
