ImageMerger:0.4766666666666667
WmsService:0.4666666666666667
SampleData:0.3466666666666667
Setup:0.27666666666666667
Cli:0.18666666666666668
