InitialFlowSetupActionTests:0.5966666666666667
InitialFlowSetupAction:0.5111111111111112
