HostClassNameStandardsTest:0.6
TestCaseCorrector:0.29
HostTypeOfTest:0.27666666666666667
HostClassNameTest:0.27666666666666667
HostExtractor:0.06444444444444444
