Mission:0.48
VehicleDialog:0.2866666666666667
TravelToSettlement:0.27
CollectRockSamplesMission:0.25666666666666665
LoadVehicle:0.2476666666666667
