NodeInitializer:0.6719999999999999
Node:0.6466666666666666
DefaultNodeInitializer:0.22949999999999998
