KernelDtoModuleTestSuite:0.32
FunctionDefinitionVoTest:0.19666666666666666
PredicateDefinitionVoTest:0.19666666666666666
RuleVoTest:0.19666666666666666
AxiomVoTest:0.19666666666666666
PropositionVoTest:0.19666666666666666
InitialFunctionDefinitionVoTest:0.06333333333333334
InitialPredicateDefinitionVoTest:0.06333333333333334
