SeriesModel:0.37333333333333335
Mpps2MwlLinkPanelM:0.32666666666666666
StudyModel:0.31666666666666665
PPSModel:0.31333333333333335
InstanceModel:0.22666666666666666
PatientModel:0.19666666666666666
MWLItemModel:0.19166666666666668
