Util:0.6483333333333333
TempBusinessRulesEngine:0.41333333333333333
ToolsBean:0.3233333333333333
