ConcurrentHashMap:0.6033333333333334
AbstractVanillaSharedMap:0.39
EntryIterator:0.29333333333333333
ChronicleMap8Test:0.27
KeySetView:0.2
EntrySet:0.2
EntrySetView:0.16333333333333333
CollectionView:0.12333333333333334
ValuesView:0.10333333333333333
