Parser:0.5166666666666667
Lexer:0.38
PredictionContext:0.3433333333333333
