Context2SimpleXPath:0.7133333333333334
FormalProofLineListHandler:0.21
ConditionalProofHandler:0.15666666666666668
HypothesisHandler:0.08
