UniversalIsomorphismTester:0.5833333333333334
MDLWriter:0.45
JChemPaintAbstractApplet:0.31333333333333335
JavaHelpDialog:0.21666666666666667
HelpAction:0.19666666666666666
