MapProxyImpl:0.42
MapStoreTest:0.3333333333333333
BasicMapStoreContext:0.3233333333333333
MapProxySupport:0.26666666666666666
ValidationUtil:0.14333333333333334
IterableUtil:0.12666666666666668
