QueryStarter:0.39666666666666667
QueryManagerConfig:0.36666666666666664
SqlQueryManager:0.32
Visitor:0.25
TaskManagerConfig:0.19666666666666666
TestQueryManagerConfig:0.13333333333333333
TestTaskManagerConfig:0.13333333333333333
SqlQueryExecutionFactory:0.11
SqlTaskExecutionFactory:0.11
