SyncResultsCellRenderer:0.5930952380952381
SyncResultsFrame:0.5475
SyncActionWizard:0.3566666666666667
