Skill:0.7933333333333333
SkillManager:0.36666666666666664
