TcpIpJoiner:0.5033333333333333
MulticastJoiner:0.38333333333333336
AbstractJoiner:0.31
