BlockJUnit4ClassRunner:0.6933333333333334
TestName:0.09666666666666666
Verifier:0.09666666666666666
BeforesAndAfters:0.013333333333333334
SuperclassWithField:0.0
PrivateRule:0.0
SubclassWithField:0.0
