WritableDataStoreDataSource:0.4533333333333333
SaveToPostGISDataSource:0.43333333333333335
PostGISDriverTest:0.36333333333333334
PostGISDataStoreDataSource:0.26888888888888884
ShapefileReader:0.14166666666666666
