ClassDescriptor:0.5433333333333333
SourcesNode:0.4066666666666667
Compiler:0.30333333333333334
HopVirtualMachine:0.21
AbstractVirtualMachine:0.16166666666666665
TracWikiDocumentationGenerator:0.13
DocumentationGenerator:0.08316666666666667
SodbeansDocumentAction:0.02666666666666667
