TestAuthentication:0.66
FedoraTestCase:0.41
FedoraServerTestCase:0.24666666666666667
OneEmptyObjectTestSetup:0.19333333333333333
AllAPITests:0.16333333333333333
