ConfigSyncDatasourceAction:0.6677777777777778
ActionGroupActionsFactory:0.5111111111111111
