Rule:0.49333333333333335
WorkerCommand:0.38666666666666666
EventLoopTrap:0.3433333333333333
TranslateMsg:0.21666666666666667
OpenEncapsulationTemplateRequestMsg:0.21
RewriteLocatorMsg:0.19
AddEquivalenceLocatorMsg:0.18666666666666668
UndoFormattingOpenRequestMsg:0.18333333333333332
MultiGraph3DViewCreateRequestMsg:0.18
TreeNodeOpenRequestMsg:0.17666666666666667
ClearBreakPointMsg:0.16333333333333333
ScriptedTranslateTrap:0.16
PopUpMenuEnabler:0.16
UndoLocatorMsg:0.15333333333333332
EliminateHypothesisLocatorMsg:0.12333333333333334
SetBreakPointMsg:0.11666666666666667
GeneralizeLocatorMsg:0.11
ShowTypeRequestMsg:0.11
MatchMakerLocatorMsg:0.1
SourceViewCreateRequestMsg:0.1
ContainsTestMsg:0.09666666666666666
GarbageCollectLocatorMsg:0.09333333333333334
MapToScopeLocatorMsg:0.09333333333333334
ApplyLinearLocatorMsg:0.09333333333333334
CreateMethodStubMsg:0.09
AddHypothesisTranslateMsg:0.08333333333333333
MethodDefinitionLocatorMsg:0.08333333333333333
Graph3DViewCreateRequestMsg:0.08333333333333333
TreeViewCreateRequestMsg:0.08333333333333333
AddConjectureTranslateMsg:0.08333333333333333
TreeRuleViewCreateRequestMsg:0.08333333333333333
RedoLocatorMsg:0.07333333333333333
ReplaceRewriteLocatorMsg:0.07333333333333333
Graph2DViewCreateRequestMsg:0.07
LoopDefinitionLocatorMsg:0.06666666666666667
AddEquivalenceConjectureLocatorMsg:0.06666666666666667
ShowModuleMsg:0.06666666666666667
PostCoreRequestMsg:0.05333333333333334
OpenMFLEditorRequestMsg:0.04666666666666667
OpenInterpretationRequestMsg:0.04666666666666667
