ThreadPool:0.5633333333333334
Info:0.54
EsExecutors:0.3
UpdateThreadPoolSettingsTests:0.18666666666666668
EsAbortPolicy:0.14666666666666667
AsyncShardOperationAction:0.14666666666666667
SimpleThreadPoolTests:0.11666666666666667
EsExecutorsTests:0.04666666666666667
