TableSpaceManager:0.17386033
DataSpaceManagerBlocks:0.11555985
DataSpaceManager:0.09742238
DataSpaceManagerSimple:0.07459465
