ElasticsearchAssertions:0.5491666666666667
ContextAndHeaderTransportIT:0.4544444444444445
ResponseHeaderPluginIT:0.35
