AbstractClientEngine:0.6797222222222223
MapItemListConstructor:0.49933333333333335
