OuterReferenceFixer:0.38333333333333336
BindingConverter:0.3433333333333333
MethodInvocation:0.30666666666666664
DebugASTPrinter:0.2866666666666667
ClassInstanceCreation:0.2733333333333333
JdtVariableElement:0.26666666666666666
SuperConstructorInvocation:0.20555555555555557
JdtExecutableElement:0.19555555555555557
