OptionalList2:0.7372222222222222
Instantiation:0.6713888888888889
