RpcException:0.7833333333333333
MockInvoker:0.37
RegistryDirectory:0.30333333333333334
MockClusterInvoker:0.29333333333333333
MockClusterInvokerTest:0.14333333333333334
MockInvokersSelector:0.09666666666666666
