MessageHandler:0.4776507936507937
SubjectBuilder:0.2966666666666667
MessageHandlerConfig:0.2
PDQResponseMessageBuilder:0.17666666666666667
SubjectSearchCriteriaBuilder:0.16
SubjectMergeRequestBuilder:0.10333333333333333
BuilderConfig:0.09888888888888889
DefaultMessageHandler:0.08166666666666667
PIXQueryResponseMessageBuilder:0.05333333333333334
AckMessageBuilder:0.0033333333333333335
QueryResponseMessageBuilder:0.0
MessageBuilder:0.0
