DigestProcessingFilter:0.5266666666666666
DigestProcessingFilterTests:0.24
AuthenticationProcessingFilter:0.20666666666666667
AuthenticationTag:0.18333333333333332
DigestProcessingFilterEntryPointTests:0.16333333333333333
