AuthorizationCheck:0.4066666666666667
RuntimeEnvironmentTest:0.31666666666666665
AuthorizationFramework:0.28
AuthorizationPluginWrapper:0.25
AuthorizationFrameworkTest:0.22666666666666666
