SettingsTools:0.36333333333333334
Public:0.3433333333333333
Author:0.3333333333333333
AbstractDatabase:0.32
Book:0.29833333333333334
BookStore:0.2733333333333333
DefaultConfiguration:0.2733333333333333
SchemaMapping:0.2561111111111111
BookToBookStore:0.20333333333333334
InformationSchemaMetaImpl:0.18
