Props:0.6233333333333333
PropsData:0.5233333333333333
PropsEntry:0.3233333333333333
