HazelcastParallelClassRunner:0.5411111111111111
AbstractHazelcastClassRunner:0.32666666666666666
TestRunner:0.31666666666666665
TestRepeater:0.10666666666666667
