SearchAllLucene:0.4766666666666667
Terms:0.3333333333333333
Articles:0.25
SearchFullText:0.23333333333333334
