AzureStorageSettings:0.3933333333333333
AzureSnapshotRestoreTests:0.28
AzureStorageServiceImpl:0.22333333333333333
Storage:0.2211111111111111
AzureComputeSettingsFilter:0.15833333333333333
AzureBlobStore:0.15333333333333332
AzureRepository:0.14666666666666667
AzureSimpleTests:0.14666666666666667
AzureComputeServiceImpl:0.13
AbstractAzureRepositoryServiceTestCase:0.12666666666666668
AzureTwoStartedNodesTests:0.12333333333333334
AzureDiscoveryModule:0.11333333333333333
AbstractAzureComputeServiceTestCase:0.10666666666666667
AzureStorageSettingsFilter:0.07666666666666666
Management:0.03333333333333333
Repository:0.03333333333333333
