DetectOld:0.7766666666666666
EmailConnectionInfo:0.6197222222222222
