ShadowArscAssetManager:0.558888888888889
ShadowThemeTest:0.35333333333333333
theme_entry:0.25666666666666665
ResTableTheme:0.24777777777777782
ShadowTheme:0.19444444444444445
type_info:0.17
package_info:0.065
