LinkEditor:0.10635504
LinkEditorPlugin:0.061271794
