ImageView:0.4166666666666667
Carbon:0.37333333333333335
EditText:0.36333333333333334
FloatingActionButton:0.2811111111111111
