RedissonSubList:0.6911111111111111
RedissonList:0.54
RListAsync:0.22166666666666668
RList:0.18333333333333332
