ViewNode:0.7233333333333334
ViewLoader:0.37666666666666665
ShadowImageView:0.30333333333333334
ShadowCompoundButton:0.25
