CrawlURI:0.5466666666666666
CrawlHost:0.30333333333333334
CrawlServer:0.2733333333333333
RobotsHonoringPolicy:0.25666666666666665
PreconditionEnforcer:0.19666666666666666
FetchDNS:0.17444444444444446
CrawlStateUpdater:0.14
