EditorManager:0.43
TextSelectionActivity:0.36666666666666664
ActivitySequencer:0.33666666666666667
EditorListener:0.30611111111111106
