ClientReplicatedMapPutTtlRequest:0.44666666666666666
ClientReplicatedMapRemoveRequest:0.44666666666666666
ClientReplicatedMapAddEntryListenerRequest:0.29333333333333333
