GwtApplication:0.59
GwtApplicationConfiguration:0.41031746031746036
GwtNet:0.3466666666666667
GwtTestStarter:0.21
