CommunicationsStub:0.66
LocalObjectLight:0.47
ObjectChildren:0.43666666666666665
ObjectNode:0.3433333333333333
DeletePoolAction:0.2733333333333333
DeleteBusinessObjectAction:0.26666666666666666
ServicesPoolNode:0.2633333333333333
ConnectionSettingsPanel:0.23666666666666666
CustomersPoolNode:0.22333333333333333
RootObjectNode:0.22333333333333333
NavigationTreeTopComponent:0.20333333333333334
PoolsTopComponent:0.18666666666666668
CustomerNode:0.18444444444444444
CreateServiceAction:0.17333333333333334
CreateBusinessObjectAction:0.1577777777777778
CreateSpecialBusinessObjectAction:0.15666666666666668
ClassMetadataProperty:0.15333333333333332
NewPoolItemAction:0.15
CreateCustomerAction:0.15
Installer:0.12
MainTest:0.12
ClassMetadataChildren:0.11166666666666666
CreateClassAction:0.10666666666666667
ListTypeItemChildren:0.10083333333333333
SoftwareAssetNode:0.09333333333333334
PoolNode:0.09
CreateListTypeAction:0.09
ServicesFrame:0.08666666666666667
SpecialObjectNode:0.07
