Context:0.39
SequencerAgent:0.32
EgressPoller:0.2786111111111111
SequencerAgentTest:0.23
AeronCluster:0.22111111111111115
IngressAdapter:0.13333333333333333
EgressPublisher:0.03333333333333333
