RemoteTask:0.8233333333333334
HttpRemoteTask:0.4066666666666667
MockRemoteTask:0.3
MockRemoteTaskFactory:0.2866666666666667
RemoteTaskFactory:0.1162777777777778
HttpRemoteTaskFactory:0.03666666666666667
MemoryTrackingRemoteTaskFactory:0.03
