DefinitionUtils:0.6666666666666666
ViewEntryController:0.38333333333333336
SAbstractForumController:0.2633333333333333
SlidingTableRowTag:0.14333333333333334
ViewController:0.13
SlidingTableColumnTag:0.10333333333333333
ObjectKeys:0.053888888888888896
