NodeMover:0.8233333333333334
LayoutThread:0.39666666666666667
