GetTermVectorsTests:0.39
AllFieldMapper:0.38333333333333336
GeoBoundsTests:0.3177777777777778
SimpleObjectMappingTests:0.26666666666666666
