Management:0.6452222222222223
DefaultManagement:0.37333333333333335
TypeUtility:0.37
FedoraAPIMBindingSOAPHTTPImpl:0.21666666666666667
DisseminatorDateComparator:0.05
