ParamDefComposite:0.6866666666666666
EmailConfigWizardPage:0.40166666666666667
MessageDisplay:0.22666666666666666
SendEmailActionHandlerProvider:0.12666666666666668
