AttributeCategory:0.4186111111111111
AttributeTypeEditDialog:0.26666666666666666
CheckBoxAttribute:0.22666666666666666
AttributeEditDialog:0.22
LOVAttribute:0.17666666666666667
ChangeEditComponentAction:0.14444444444444446
TextAreaAttribute:0.12
IntegerAttribute:0.08666666666666667
SimpleTextAttribute:0.08666666666666667
