FlowSession:0.72
FlowSessionImpl:0.37333333333333335
MockRequestContext:0.33
FlowExecutionImpl:0.3233333333333333
RequestControlContextImpl:0.31666666666666665
MockFlowSession:0.23666666666666666
RequestContext:0.2
ScopeType:0.09833333333333333
