ObjectViewTopComponent:0.8083333333333333
PhysicalConnectionProvider:0.3333333333333333
