JobExecutionListener:0.71
SimpleJobTests:0.43333333333333335
JobExecutionListenerSupport:0.40166666666666667
SimpleJob:0.24333333333333335
CompositeExecutionJobListener:0.24
