OkHttpClientTransportTest:0.7133333333333334
OkHttpClientTransport:0.2966666666666667
NettyClientTransportTest:0.25
InProcessTransport:0.16
NettyClientTransport:0.11333333333333333
