AsyncHttpClientFilter:0.3466666666666667
Utils:0.21444444444444447
FileBodyHandler:0.16
BodyHandlerFactory:0.1577777777777778
ByteArrayBodyHandler:0.14666666666666667
ExpectHandler:0.09666666666666666
BodyHandler:0.07
