TrustRootIndex:0.5361111111111111
Platform:0.4766666666666667
AndroidPlatform:0.3433333333333333
CertificateChainCleaner:0.2966666666666667
AndroidTrustRootIndex:0.2633333333333333
