Environment:0.5033333333333333
ServletEnvironment:0.4066666666666667
FilterBuilder:0.245
ServletBuilder:0.245
ServletBuilderTest:0.24
FilterBuilderTest:0.23666666666666666
ServerFactory:0.21
