BdbFrontier:0.52
BdbWorkQueue:0.48833333333333334
BdbMultiQueue:0.36
WakeTask:0.14333333333333334
