UserShareRightsDlg:0.48333333333333334
ManageUsersDlg:0.4
GwtTeamingMessages:0.3894444444444444
