Daos:0.7671111111111112
Nutz:0.37083333333333335
