AbstractBundleXmlApplicationContextTest:0.39666666666666667
BundleDelegatingClassLoaderTest:0.2733333333333333
OsgiBundleResourceLoaderTest:0.25
AbstractRefreshableOsgiBundleApplicationContextTest:0.09666666666666666
