BasicServerEngine:0.6077777777777779
StandAloneServerGUI:0.37833333333333335
