KuwaibaService:0.8440873015873016
ObjectFactory:0.5833333333333334
CommunicationsStub:0.36666666666666664
