Fields:0.6166666666666667
PUTFIELD:0.22333333333333333
PUTSTATIC:0.22333333333333333
CallMonitor:0.15
