BigContentPage:0.42333333333333334
WebResponseImpl:0.42
DefaultPageCreator:0.27
WebResponseData:0.24666666666666667
BigContentPageTest:0.0033333333333333335
