GeneEditPanel:0.5333333333333333
FeatureEditPanel:0.36666666666666664
TransactionSubpart:0.3155555555555556
IsProbButtonListener:0.25333333333333335
