CASNumberTest:0.53
ToolsTests:0.33666666666666667
CDKTests:0.31333333333333335
