HttpClient:0.7411111111111112
EverydayFragment:0.32666666666666666
HttpUtils:0.29
NavAboutActivity:0.19666666666666666
Builder:0.18333333333333332
TimeUtil:0.18333333333333332
