AbstractApertureInOsgiTest:0.5666666666666667
OsgiTestDocsClass:0.29161111111111115
MailProcessingTest:0.09666666666666666
ExtractorTest:0.09666666666666666
