RealmBuilder:0.6733333333333333
AsyncHttpUrlConnection:0.42333333333333334
