CorpusImpl:0.67
NewResourceDialog:0.26
ParameterValueEditor:0.25333333333333335
SelectAnnotationPopupItem:0.11666666666666667
