PublisherSession:0.5833333333333334
CertProfileBean:0.33666666666666667
PublisherSessionBean:0.31666666666666665
PublisherDataHandler:0.24583333333333332
PublisherTest:0.23666666666666666
CertProfilesBean:0.22666666666666666
CaEditPublisherCommand:0.20833333333333334
EditPublisherJSPHelper:0.18
CaRemovePublisherCommand:0.17833333333333334
PublisherSessionTest:0.16666666666666666
AccessRulesConstants:0.16
CaEditPublisherCommandTest:0.14666666666666667
CaRemovePublisherCommandTest:0.13
CaImportProfilesCommand:0.12333333333333334
PublishQueueProcessWorker:0.11666666666666667
