TaskletStep:0.33666666666666667
ItemOrientedStep:0.19
StubDataSource:0.17
ChunkedStep:0.14
AbstractStep:0.13666666666666666
ChunkedStepTests:0.03666666666666667
TaskletStepTests:0.03166666666666667
ItemOrientedStepTests:0.02666666666666667
