Issue1424:0.14666666666666667
DateBenchmark:0.14
BooleanBenchmark:0.13666666666666666
BenchmarkMain:0.1
LongBenchmark:0.06
FloatBenchmark:0.06
IntBenchmark:0.06
DoubleBenchmark:0.06
