HdfsBlobContainer:0.46
SecurityUtils:0.44333333333333336
HdfsBlobStore:0.38333333333333336
HdfsRepository:0.27666666666666667
HdfsTests:0.20666666666666667
