RegisteredServiceEditBean:0.15833333333333333
AbstractJacksonBackedJsonSerializer:0.14416666666666667
KryoTranscoder:0.09916666666666667
MockServiceTicket:0.09916666666666667
LdapUtils:0.09916666666666667
LogoutManagerImpl:0.09916666666666667
InternalConfigStateController:0.013333333333333334
LdapTestUtils:0.013333333333333334
GoogleAccountsServiceTests:0.013333333333333334
SamlGoogleAppsServletContextListener:0.013333333333333334
