HttpTestClient:0.5416666666666666
DefaultHttpClientRequest:0.36333333333333334
JavaHttpTest:0.35
HttpResolution:0.27
ClientConnection:0.2511111111111111
