Saml:0.7929999999999999
AbstractThrottledSubmissionHandlerInterceptorAdapter:0.5836111111111111
