BatchNormalization:0.5916666666666667
ActivationLayer:0.365
InputTypeUtil:0.3444444444444445
