ThreadCategory:0.45
IntSet:0.3411111111111111
PropertiesUtils:0.20333333333333334
StringUtils:0.17777777777777778
HttpUtils:0.13
IpListFromUrl:0.10666666666666667
