SimilarityService:0.49333333333333335
IndexModule:0.3333333333333333
SimilarityTests:0.2633333333333333
LegacyHasChildQueryBuilderTests:0.21
ScriptedSimilarityProvider:0.2053888888888889
IndicesServiceTests:0.19666666666666666
HasChildQueryBuilderTests:0.19666666666666666
SimilarityProvider:0.13666666666666666
SimilarityIT:0.12666666666666668
SimilarityServiceTests:0.04
