MethodUtil:0.6557777777777778
INVOKECLINIT:0.6033333333333334
