ResourceGroupSpec:0.49833333333333335
FileResourceGroupConfigurationManager:0.43333333333333335
InternalResourceGroupManager:0.20333333333333334
ResourceGroupIdTemplate:0.2
ResourceGroupManagerPlugin:0.19111111111111112
SelectorSpec:0.09916666666666667
