GdxNativesLoader:0.39666666666666667
OpenALAudio:0.35
AngleApplication:0.3046666666666667
JoglApplication:0.255
LwjglNativesLoader:0.19
JoglNativesLoader:0.15333333333333332
Version:0.023333333333333334
