UIDefinition:0.6216666666666667
Metal:0.5366666666666666
UIDefinitionParser:0.34
