KeyValueJob:0.5066666666666667
NodeJobTracker:0.41
ProxyManager:0.37333333333333335
AbstractJob:0.3233333333333333
