SubmitObjectsRequest:0.38333333333333336
ProvideAndRegisterDocumentSet:0.3233333333333333
AdhocQueryRequest:0.21833333333333332
UpdateDocumentSetRequest:0.20166666666666666
RetrieveDocumentSet:0.20166666666666666
DeleteDocumentSetRequest:0.17444444444444446
