TextField:0.7833333333333333
TextFieldTag:0.38333333333333336
TextfieldTest:0.17
