TedSerie:0.6166666666666667
SchedulePanel:0.46
SeasonEpisodeScheduler:0.27777777777777773
EditShowDialog:0.24777777777777782
