DelayedClientTransport:0.67
ManagedChannelImplTransportManagerTest:0.36666666666666664
TransportSet:0.25333333333333335
TransportListener:0.21333333333333335
DelayedClientTransportTest:0.18333333333333332
TransportSetTest:0.16
