DefinitionHelper:0.7033333333333334
DefinitionModuleImpl:0.51
GwtProfileHelper:0.3
ProfileAvatarArea:0.18666666666666668
