KMLReader:0.7066666666666667
KMLDataSourceQueryChooserInstallerPlugIn:0.18666666666666668
KMLDriverConfiguration:0.18333333333333332
KML_WGS84:0.16444444444444445
KML_UTM:0.16444444444444445
