NodeExtension:0.8366666666666667
ClientEngineImpl:0.5033333333333333
ProxyManager:0.38
ServiceManagerImpl:0.2966666666666667
DefaultNodeExtension:0.21
HazelcastInstanceManager:0.07
DefaultHazelcastInstanceFactory:0.06333333333333334
MetricsPluginTest:0.03333333333333333
