ChannelUri:0.5633333333333334
ChannelUriStringBuilder:0.38666666666666666
ChannelUriTest:0.22333333333333333
DriverAdapter:0.18666666666666668
