GwtApplication:0.55
Pixmap:0.5466666666666666
OutputStream:0.195
Writer:0.18333333333333332
