CesecoreConfiguration:0.4533333333333333
Entry:0.4533333333333333
ConcurrentCache:0.39666666666666667
ConcurrentCacheTest:0.18
