EventBusBasicTest:0.4166666666666667
EventBusMethodModifiersTest:0.25666666666666665
SubscriberMethod:0.245
EventBusStickyEventTest:0.22666666666666666
SubscriberMethodFinder:0.18666666666666668
EventBusSubscriberLegalTest:0.17
EventBusNoSubscriberEventTest:0.17
