Router:0.5222222222222221
IoManager:0.44
BrokenRouter:0.2711111111111111
LowMemoryThrottler:0.2633333333333333
PollingThread:0.19444444444444445
