Transaction:0.8433333333333334
DeleteTransaction:0.3433333333333333
AddTransaction:0.27666666666666667
UpdateParentTransaction:0.27
