LoadFilterService:0.5833333333333334
ILoadFilterService:0.4386111111111111
