JPPFClient:0.4866666666666667
ClassServerDelegate:0.43666666666666665
TestTaskRunner:0.2633333333333333
ClassNotFoundTestTask:0.13
