ConcurrentSessionControllerImpl:0.6766666666666666
BeanIds:0.560484126984127
SessionRegistryInjectionBeanPostProcessor:0.45
SessionRegistryInjectionBeanPostProcessorTests:0.21666666666666667
AuthenticationManagerBeanDefinitionParser:0.11333333333333333
