MathTransformTest:0.47
SamplePoints:0.3333333333333333
ToleranceModifier:0.3028333333333333
ToleranceModifiers:0.24333333333333335
AuthorityFactoryTest:0.17333333333333334
