FilmSession:0.6033333333333334
PrintScpService:0.55
FilmBox:0.49666666666666665
FilmBoxService:0.27666666666666667
