LdapPublisher:0.7933333333333333
LdapSearchPublisher:0.2733333333333333
TCPTool:0.23666666666666666
EditPublisherJSPHelper:0.12
