Materialisation:0.4766666666666667
ShapeMorphism:0.38
ShapeGenerator:0.2733333333333333
TestMaterialisation:0.21
