LineDelimiterManipulator:0.4827777777777777
ChatView:0.41
EncodingManipulator:0.36333333333333334
PreferenceManager:0.13333333333333333
