TestMutablePeriod_Updates:0.42333333333333334
TestPeriodType:0.41333333333333333
TestInterval_Basics:0.32
TestPeriod_Constructors:0.3
TestDuration_Basics:0.27666666666666667
