MapService:0.6433333333333333
ListenerTest:0.3933333333333333
Merger:0.2555555555555556
EntryProcessorTest:0.24666666666666667
ClientMapTest:0.24333333333333335
EntListener:0.19
EntryCreate:0.14666666666666667
