QedeqBoFormalLogicChecker:0.5333333333333333
ModuleConstantsExistenceChecker:0.4977777777777777
ServiceErrors:0.0
