Jedis:0.7333333333333333
JedisCluster:0.42
BinaryClient:0.2833333333333333
Protocol:0.22333333333333333
JedisClusterConnectionHandler:0.20666666666666667
JedisSlotBasedConnectionHandler:0.17666666666666667
JedisClusterTest:0.14666666666666667
JedisAskDataException:0.07666666666666666
JedisRandomConnectionHandler:0.043333333333333335
JedisClusterCommand:0.03666666666666667
