SearchFilterToMapConverter:0.42
AddEntryController:0.26666666666666666
AddFolderController:0.24666666666666667
ModifyBinderController:0.13666666666666666
AbstractBinderController:0.12666666666666668
