WaveFormChannel:0.43
WaveformGroup:0.4
ECGSupport:0.30666666666666664
WaveForm8Buffer:0.26666666666666666
WaveForm16Buffer:0.09
