DemandPoll:0.4633333333333333
PollableService:0.4
MockDatabase:0.27
DemandPollDaoJdbc:0.2633333333333333
MockUtil:0.25
MockService:0.23666666666666666
PollerEventProcessor:0.23
PollerTest:0.22666666666666666
PollRunner:0.023333333333333334
