Document:0.86
AnnotationDiff:0.4033333333333333
DefaultTokeniser:0.3466666666666667
DefaultGazetteer:0.25666666666666665
ExtensionFileFilter:0.24
TestAnnotationDiff:0.2111111111111111
VisualResource:0.1162777777777778
