SimpleDrawingView:0.49333333333333335
LockableFigure:0.26666666666666666
AbstractFigure:0.2633333333333333
EventPane:0.21666666666666667
