ClientConductor:0.5266666666666666
ClientConductorTest:0.47333333333333333
Stats:0.21333333333333335
Aeron:0.20666666666666667
Configuration:0.2
DriverListener:0.19833333333333333
Ping:0.17333333333333334
DriverListenerAdapter:0.14333333333333334
