ProxyFactory:0.6533333333333333
LineNumbersTest:0.27666666666666667
