Builder:0.7266666666666667
GradientCheckTests:0.30333333333333334
ConvolutionLayerSetup:0.23666666666666666
ListBuilder:0.18916666666666668
CNNGradientCheckTest:0.15666666666666668
TestPreProcessors:0.06
