Window:0.55
Pools:0.32666666666666666
GeometryUtils:0.26666666666666666
WindowedMean:0.22666666666666666
