GwtBrandingDataExt:0.47
GwtBrandingData:0.43
DlgBox:0.2733333333333334
MastHead:0.26666666666666666
EditBrandingDlg:0.2633333333333333
GwtMainPage:0.18333333333333332
GwtRpcServiceImpl:0.17
BrandingPanel:0.16944444444444445
