DerivativePipelineAggregationBuilder:0.66
DerivativePipelineAggregator:0.33
InternalDerivative:0.2833333333333333
InternalSimpleValue:0.18333333333333332
