ShardCollectService:0.5466666666666666
LuceneDocCollectorTest:0.43666666666666665
LuceneDocCollectorBenchmark:0.29
ShardCollectSource:0.25
