NodeFactory:0.4633333333333333
RubyParser:0.45
EditableFormatHelper:0.28
InOrderVisitor:0.24
TC_MethodNodeWrapper:0.21833333333333332
NodeProvider:0.20666666666666667
DefaultOccurrencesFinder:0.20333333333333334
UnusedParameterVisitor:0.19666666666666666
RubyTokenScanner:0.19333333333333333
DefaultReferenceFinder:0.19333333333333333
ViewContentProvider:0.19333333333333333
ArgsNodeWrapper:0.17666666666666667
RubyPartitionScanner:0.13666666666666666
PreviewGeneratorImpl:0.09333333333333334
