Aggregator:0.6733333333333333
Factory:0.4066666666666667
SignificantTermsAggregatorFactory:0.28
TermsAggregatorFactory:0.28
