TestTags:0.6366666666666667
TestHibernateTags:0.38333333333333336
