ParserATNSimulator:0.41
TestActionTranslation:0.35
DFA:0.30333333333333334
TestATNLexerInterpreter:0.2733333333333333
TestATNSerialization:0.2733333333333333
TestCommonTokenStream:0.19666666666666666
TestATNParserPrediction:0.15666666666666668
