ShadowDialog:0.4666666666666667
ShadowAlertDialog:0.42333333333333334
AlertDialogTest:0.39
ShadowBuilder:0.26
DialogTest:0.19666666666666666
