ShardStateAction:0.53
IndicesClusterStateService:0.32666666666666666
ShardStartedTransportHandler:0.2866666666666667
ShardFailedTransportHandler:0.2866666666666667
ShardStateActionTests:0.25
ReplicationPhase:0.19666666666666666
PeerRecoveryListener:0.14333333333333334
