PermalinkQueryService:0.5583333333333333
ArticleMgmtService:0.4533333333333333
ArticleConsole:0.4166666666666667
