ChannelPublisher:0.52
ChannelSubscriber:0.5133333333333333
ReactiveStreams:0.25333333333333335
TestHelper:0.11666666666666667
