DbOomTest:0.3466666666666667
EntityCacheTest:0.33666666666666667
DbMiscTest:0.18333333333333332
DbHintTest:0.17
DbOom2Test:0.16
DbTestQueryStatement:0.14
DbNoTableTest:0.13083333333333333
