TestingHiveCluster:0.7266666666666667
TestHiveClientSplitIteratorBackPressure:0.21666666666666667
TestHiveClient:0.21666666666666667
