Element:0.5333333333333333
Node:0.46
TextNode:0.26666666666666666
Selector:0.24
DataNode:0.21
