Mission:0.69
VehicleMission:0.42333333333333334
TravelToSettlement:0.2833333333333333
RescueSalvageVehicle:0.2633333333333333
RoverMission:0.19666666666666666
Exploration:0.14888888888888888
CollectIce:0.13555555555555557
