TermsAggregationBuilder:0.34
LongTermsTests:0.30333333333333334
DoubleTermsTests:0.30333333333333334
StringTermsTests:0.30333333333333334
GeoGridAggregationBuilder:0.29
SignificantTermsAggregationBuilder:0.22
