ShardRouting:0.65
UnassignedInfo:0.5433333333333333
ClusterStateDiffIT:0.43333333333333335
ESIntegTestCase:0.4033333333333333
XContentTestUtils:0.17
