EvictionTest:0.32
AsyncLoadingCacheTest:0.29333333333333333
BoundedLocalCache:0.29
CacheTest:0.26
AsMapTest:0.24666666666666667
GuavaCacheFromContext:0.23666666666666666
ExpireAfterAccessTest:0.21666666666666667
