Request:0.8533333333333334
RequestBuilderBase:0.37666666666666665
NettyRequestSender:0.30666666666666664
RequestImpl:0.2966666666666667
EventCollectingHandler:0.25666666666666665
AsyncHandlerExtensions:0.22361111111111115
