XLParser:0.6066666666666667
XLTokenizer:0.39
JavaTokenizer:0.17666666666666667
XLTokenTypes:0.02
