PropertyBuilder:0.5333333333333333
ByteArrayProperty:0.3958333333333333
PropertyBuilderTest:0.21
StringPropertyTest:0.14666666666666667
ByteConverterTest:0.08
