UIModule:0.5449444444444445
MapDBStatsStorage:0.5133333333333333
TestStatsListener:0.49
HistogramModule:0.2617777777777778
PlayUIServer:0.25666666666666665
StatsEventRouterRunnable:0.013333333333333334
