RangeConstraint:0.31333333333333335
HasSubstringConstraint:0.26
MaxConstraint:0.18666666666666668
MinConstraint:0.18666666666666668
AssertTrueConstraint:0.17666666666666667
AssertFalseConstraint:0.17666666666666667
