SocketProperties:0.4592619047619047
DatagramProtocol:0.4533333333333333
TCPProtocol:0.4166666666666667
AbstractSocketProtocol:0.3175
