Resources:0.6866666666666666
ProcessDefinitionStub:0.6
Identifiable:0.34
Env:0.24166666666666667
ServiceTestHelper:0.22666666666666666
JbpmCommonLogic:0.21
DefinitionUrlStrategy:0.19944444444444445
SecuredObjectDAOHibernateImpl:0.19666666666666666
BaseTDBuilder:0.19
SubmitStartProcessFormActionTest:0.14666666666666667
WorkflowBotInvoker:0.14333333333333334
SoapTaskHandler:0.13666666666666666
TaskProcessInstanceIdTDBuilder:0.12666666666666668
SubmitTaskFormActionTest:0.11555555555555558
DescriptionProcessTDBuilder:0.10666666666666667
StartProcessTDBuilder:0.1
DeadlineDBSource:0.09666666666666666
SetSubProcessPermissionsActionHandler:0.08
EnvImpl:0.0625
IdentifiableBaseImpl:0.0
DefaultIdentifiableExtractor:0.0
