Event:0.8066666666666666
Category:0.23666666666666666
