TopHitsBuilder:0.4533333333333333
TopHitsIT:0.4066666666666667
TopHitsParser:0.2633333333333333
