AnnotatedFeatureI:0.6721666666666667
AnnotatedFeature:0.45
Transaction:0.44
Identifier:0.30333333333333334
TransactionManager:0.2225
TransactionUtil:0.17666666666666667
