EngineExecutionListener:0.5511111111111111
TestExecutionListener:0.29833333333333334
CompositeTestExecutionListener:0.29833333333333334
LoggingListener:0.2733333333333333
SummaryCreatingTestListener:0.20666666666666667
ColoredPrintingTestListener:0.20333333333333334
RunListenerAdapter:0.19
HierarchicalTestEngine:0.18666666666666668
JUnit5RunnerListener:0.16333333333333333
ExecutionListenerAdapter:0.15333333333333332
TrackingEngineExecutionListener:0.13
DummyTestEngine:0.11666666666666667
