TagValidationFrame:0.8166666666666667
CalcStandardStatistics:0.4066666666666667
TagValidationTool:0.29333333333333333
