MultiApiRobolectricTestRunnerTest:0.4033333333333333
TestRunnerForApiVersion:0.3983333333333333
TestMethodLollipopAndUp:0.08609523809523811
TestClassLollipopAndUp:0.08609523809523811
TestClassConfigWithSdkGroup:0.08609523809523811
TestMethodConfigWithSdkGroup:0.08609523809523811
TestMethodUpToAndIncludingLollipop:0.08609523809523811
TestClassUpToAndIncludingLollipop:0.08609523809523811
TestClassBetweenJellyBeanMr2AndLollipop:0.08609523809523811
TestMethodBetweenJellyBeanMr2AndLollipop:0.08609523809523811
