DaoAuthenticationProviderTests:0.5466666666666666
MockAuthenticationDaoUserMarissaWithSalt:0.2966666666666667
