ClusterImpl:0.44666666666666666
Packet:0.4166666666666667
MapMigrationOperation:0.25666666666666665
PutOperation:0.23333333333333334
DataSerializer:0.15333333333333332
DataSerializableFactory:0.14772222222222223
MapProxy:0.14666666666666667
