MetadataPermissionsService:0.7044444444444444
MetadataPermissionsServiceStub:0.2733333333333333
