InstrumentingClassLoaderTest:0.41
RobolectricTestRunner:0.33666666666666667
InstrumentationConfiguration:0.32
Builder:0.2866666666666667
Runner:0.23666666666666666
InstrumentationConfigurationTest:0.16666666666666666
