BuildRunner:0.5833333333333334
BuildServlet:0.5166666666666667
BuildRunnerTest:0.36666666666666664
