RequestInfo:0.6466666666666666
GwtUIHelper:0.49555555555555564
MastHead:0.48333333333333334
