SubclassDynamicProxyBuilder:0.48
ByteBuddy:0.4766666666666667
Builder:0.4066666666666667
ClassNameMethodMatcher:0.2733333333333333
TestInterface:0.27051984126984113
MethodMatchersTest:0.26
PrefixingRandom:0.25
MethodExtractor:0.19666666666666666
TestClassBase:0.19277777777777777
ByteBuddyTest:0.07666666666666666
Extraction:0.03666666666666667
PackageNameMatcher:0.0
