RippleDrawable:0.5766666666666667
Button:0.32666666666666666
RippleManager:0.26666666666666666
ButtonFragment:0.19777777777777777
MainActivity:0.14333333333333334
DemoApplication:0.13277777777777777
