ActivityLogEntry:0.5066666666666667
ApplicationEntityManagerImpl:0.38
WebserviceBean:0.34
KuwaibaService:0.2925
WebserviceBeanRemote:0.27166666666666667
BusinessEntityManagerImpl:0.23666666666666666
