EdgeViewI:0.5656230158730161
EdgeInfoObserver:0.4852380952380953
GraphData:0.4633333333333333
EdgeInfoMaker:0.38666666666666666
MouseManager:0.3466666666666667
EdgeView:0.26
JnetMouseEvent:0.26
EdgeInfoView:0.013333333333333334
