Protocol:0.4666666666666667
JedisException:0.3463888888888889
TransactionCommandsTest:0.25666666666666665
