ODCurve:0.5033333333333333
ButtonLegendPanel:0.345
ODCurveGUIFrame:0.30333333333333334
ODCurveGUIPanel:0.27666666666666667
