PreferenceBuilder:0.4083333333333333
ShadowPreference:0.36333333333333334
XmlFileLoaderTest:0.36
PreferenceGroupTest:0.27
PreferenceLoaderTest:0.2633333333333333
ShadowPreferenceGroup:0.20666666666666667
