MapDataStore:0.539345238095238
DefaultRecordStore:0.4766666666666667
AbstractMapDataStore:0.25
EmptyMapDataStore:0.21333333333333335
MapLoadAllTask:0.18
