ConversionException:0.5
GenericConversionService:0.3333333333333333
TextToMethodSignature:0.24
ConversionServiceAwareConverter:0.2
TextToBoolean:0.19333333333333333
TextToClass:0.17333333333333334
