CoordinateReferenceSystemFactory:0.6333333333333333
XY:0.25333333333333335
LatLonAlt:0.22555555555555556
UTM:0.22555555555555556
RangeBearing:0.21222222222222223
Pixel:0.21222222222222223
XYZ:0.2
