TransportSQLActionTest:0.635
Analysis:0.3
SelectStatementAnalyzer:0.2
UpdateStatementAnalyzer:0.19
InsertStatementAnalyzer:0.14666666666666667
DeleteStatementAnalyzer:0.14333333333333334
Visitor:0.14
