C3DSliderSkin:0.7516666666666667
C3DSlider:0.42333333333333334
