OgnlCache:0.48
ExpressionEvaluator:0.31333333333333335
ForEachSqlNode:0.30333333333333334
VarDeclSqlNode:0.29333333333333333
BindingTokenParser:0.20333333333333334
