Filters:0.4483333333333333
Projections:0.36333333333333334
CollectionHelper:0.17666666666666667
