JnetManager:0.6366666666666667
EdgeFilterView:0.32
FileDialog:0.29333333333333333
EdgeFilterTypeGui:0.17333333333333334
