ExecutionPhasesTask:0.5833333333333334
UpdateIntegrationTest:0.5483333333333333
TaskCollectingVisitor:0.4066666666666667
