WebUrlUtil:0.5966666666666667
GwtMainPage:0.42583333333333334
GwtUIHelper:0.4066666666666667
WebKeys:0.33322222222222225
LoginFilter:0.22333333333333333
ViewPermalinkController:0.19666666666666666
LoginController:0.16
PortletUrlToStringHelper:0.12
