Invocation:0.7766666666666666
OperationRunnerImpl:0.4533333333333333
OperationAccessor:0.27
