LocalObjectListItemImpl:0.57
LocalObjectImpl:0.44333333333333336
LocalObjectView:0.2966666666666667
