TestStatementBuilder:0.49
GenericProperties:0.3566666666666667
AstBuilder:0.31
AnalyzedStatementVisitor:0.29
InnerVisitor:0.2833333333333333
AstVisitor:0.24
RequestBuilder:0.22333333333333333
RerouteActions:0.10166666666666667
RerouteActionsTest:0.06333333333333334
AlterTableRerouteAnalyzerTest:0.043333333333333335
RerouteOptionVisitor:0.043333333333333335
