RemoteBotEditor:0.46
InternalImpl:0.4266666666666667
IInternal:0.12916666666666668
ShareProjectUsingExistingProjectTest:0.06
InviteWithDifferentVersionsTest:0.02666666666666667
RecoveryWhileTypingTest:0.023333333333333334
SimpleFollowModeIITest:0.016666666666666666
ModifyFileWithoutEditorTest:0.016666666666666666
Share3UsersLeavingSessionTest:0.016666666666666666
Share3UsersSequentiallyTest:0.016666666666666666
Share3UsersConcurrentlyTest:0.016666666666666666
CreateSameFileAtOnceTest:0.013333333333333334
Share2UsersSequentiallyTest:0.0
TestSuite:0.0
