OperationsImpl:0.8422222222222222
RESTImpl:0.3466666666666667
