SimpleXmlIO:0.43666666666666665
StyleablePropertyMap:0.318
EditorView:0.31128571428571433
StyleableSelectorModel:0.31
GrapherApplication:0.2633333333333333
BringToFrontAction:0.23
SendToBackAction:0.18
MapStyleableProperty:0.17133333333333334
GrapherApplicationView:0.12466666666666666
AbstractSelectedAction:0.09333333333333334
