Injector:0.5
BreadthCrawler:0.4483333333333333
Page:0.18833333333333332
