QueueConfig:0.49333333333333335
QueueService:0.32666666666666666
QueueContainer:0.31666666666666665
XmlConfigBuilder:0.31
QueueProxy:0.2063968253968254
ConfigXmlGenerator:0.15
ObjectQueueProxy:0.09666666666666666
RemoveOperation:0.055
PollOperation:0.055
OfferOperation:0.043333333333333335
OfferBackupOperation:0.03333333333333333
RemoveBackupOperation:0.03333333333333333
ClearOperation:0.03
QueueProxySupport:0.03
QueueMigrationOperation:0.023333333333333334
PollBackupOperation:0.01
ClearBackupOperation:0.01
PeekOperation:0.006666666666666667
