TierManager:0.5866666666666667
PropertyScheme:0.3362222222222222
FeatureView:0.2633333333333333
ScrollableTierView:0.24
ExpandableFeatureSet:0.22
AnnotationView:0.20083333333333334
