JMXDriverConnectionWrapper:0.42333333333333334
TestJPPFDriverAdminMBean:0.33666666666666667
JPPFDriverAdmin:0.26
NodeInformationHandler:0.23666666666666666
JPPFDriverAdminMBean:0.14583333333333334
