MatchQuery:0.5266666666666666
MultiMatchQueryBuilder:0.4066666666666667
MultiMatchQuery:0.39
QueryBuilder:0.29
