Colony:0.104468174
GoodsType:0.05897544
FreeColObject:0.04962471
