SandboxTestRunner:0.7811111111111111
ShadowingTest:0.4033333333333333
