EsExecutorsTests:0.38333333333333336
SimpleDeleteMappingTests:0.15666666666666668
DisabledFieldDataFormatTests:0.15666666666666668
BulkIntegrationTests:0.10888888888888891
NoMasterNodeTests:0.09333333333333334
