BeanMethod:0.5566666666666666
ConfigurationClass:0.49666666666666665
ExternalBeanMethod:0.2866666666666667
JavaConfigApplicationContextTests:0.28
JavaConfigApplicationContextConstructionTests:0.25666666666666665
BeanMethodTests:0.24333333333333335
JavaConfigWebApplicationContextTests:0.23666666666666666
ConfigurationParserTests:0.15666666666666668
ConfigurationModel:0.15
BeanDefinitionRegisteringConfigurationModelRenderer:0.11333333333333333
ReflectingConfigurationParser:0.11333333333333333
ConfigurationClassTests:0.08333333333333333
SimpleConfigurationWithOneBean:0.07111904761904762
WithMultipleArgumentsToImportAnnotation:0.06333333333333334
FirstLevel:0.06333333333333334
ReflectingJavaConfigBeanDefinitionReader:0.05333333333333334
ConfigurationModel_ValidationTests:0.04
ExternalBeanMethodTests:0.0
SecondLevel:0.0
