OkHeaders:0.44333333333333336
Builder:0.36
CacheTest:0.32666666666666666
ResponseCacheTest:0.31
Cache:0.3
HttpEngine:0.27
Factory:0.21666666666666667
JavaApiConverter:0.21
CallTest:0.19333333333333333
CacheStrategy:0.17666666666666667
CacheAdapter:0.17642857142857143
Crawler:0.16333333333333333
RecordedResponse:0.15
InternalCache:0.12420634920634922
