Interpreter:0.49399999999999994
OOITBuilder:0.43333333333333335
JolieServiceLoader:0.14333333333333334
Jolie:0.13444444444444442
InterpreterStartFuture:0.1
StarterThread:0.02
