AddSpectrumWizardPage:0.49666666666666665
AddMoleculeWizardPage:0.4533333333333333
