SequenceBean:0.47333333333333333
Login:0.34
SequenceTable:0.33
UpdateSequence:0.23333333333333334
