EventTranslator:0.5033333333333333
TranslationMapping:0.41333333333333333
EventTranslatorTest:0.23666666666666666
AttributeValueSpec:0.23111111111111116
TranslationSpec:0.2
ConstantValueSpec:0.1821111111111111
