ComputationGraph:0.61
MultiLayerNetwork:0.4166666666666667
LSTM:0.23
GraphBuilder:0.22
EvalTest:0.20666666666666667
GravesLSTM:0.20333333333333334
