GwtTeamingMessages:0.506388888888889
BinderHelper:0.37666666666666665
TreeDisplayVertical:0.2833333333333333
TreeDisplayBase:0.2633333333333333
TreeInfo:0.23666666666666666
GwtServerHelper:0.23111111111111116
TreeDisplayHorizontal:0.21666666666666667
