GeometryTools:0.6033333333333334
AtomContainer:0.56
ModelBuilder3D:0.44
AtomPlacer3D:0.29333333333333333
