Dialect:0.5866666666666667
JdbcEnvironmentImpl:0.44333333333333336
HSQLDialect:0.37666666666666665
