XContentMapValuesTests:0.6233333333333333
XContentParserTests:0.21666666666666667
YamlFilteringGeneratorTests:0.06333333333333334
SmileFilteringGeneratorTests:0.06333333333333334
