Grammar:0.7133333333333334
GrammarAST:0.43666666666666665
TestLeftRecursion:0.32666666666666666
LeftRecursiveRuleAnalyzer:0.3233333333333333
