GwtRpcServiceImpl:0.525
FolderProperties:0.3566666666666667
EntryProperties:0.3433333333333333
HtmlProperties:0.30666666666666664
GwtFolder:0.2966666666666667
FolderDropWidget:0.27666666666666667
EntryWidget:0.275
HtmlWidget:0.24666666666666667
FolderWidget:0.21666666666666667
EntryDropWidget:0.2
HtmlDropWidget:0.1525
FolderConfig:0.13
