Dispatcher:0.5966666666666667
DispatcherTest:0.35
URLTagTest:0.23666666666666666
NoOpDispatcher:0.21666666666666667
FilterDispatcherTest:0.18333333333333332
AbstractTagTest:0.17333333333333334
