MboxCrawler:0.5733333333333334
TestMboxCrawler:0.37666666666666665
GetDataObjectSubCrawlerHandler:0.3016666666666667
TestDefaultSubCrawlerRegistry:0.15333333333333332
AbstractSubCrawler:0.13666666666666666
