LocalCacheSelectorCode:0.37666666666666665
NodeSelectorCode:0.37333333333333335
NodeFactoryGenerator:0.37
LocalCacheFactoryGenerator:0.35333333333333333
FactoryBenchmark:0.18
Specifications:0.013333333333333334
