TemplateList:0.4166666666666667
ExplorationDialog:0.37666666666666665
StrategyEnumerator:0.30333333333333334
AcceptorEnumerator:0.29333333333333333
