ListTypeManagerComponent:0.3547619047619048
ServiceManagerComponent:0.3547619047619048
SDHModule:0.2833333333333333
ContactManagerModule:0.22
IPAMModule:0.21333333333333335
ProjectsModule:0.21333333333333335
OSPTopComponent:0.21333333333333335
MPLSModule:0.1988888888888889
OutsidePlantModule:0.19666666666666666
ContainmentManagerModule:0.19666666666666666
NavigationTreeModule:0.19666666666666666
ListTypeManagerModule:0.18
ServiceManagerModule:0.15
