Madvoc:0.7666666666666667
WebRunner:0.16333333333333333
MadvocContextListener:0.14333333333333334
