PartitionName:0.48
CreateTableNode:0.3333333333333333
Constants:0.31333333333333335
Builder:0.25666666666666665
CopyAnalyzedStatement:0.23666666666666666
Planner:0.21333333333333335
PartitionNameTest:0.21333333333333335
CreateTableAnalyzedStatement:0.19
CreateTableTask:0.16833333333333333
TransportExecutorDDLTest:0.15666666666666668
DocTableInfoBuilder:0.11333333333333333
