Request:0.4766666666666667
Node:0.31
IOUtil:0.27666666666666667
ClusterService:0.26
MGet:0.25666666666666665
RequestBasedCall:0.20833333333333334
MPut:0.205
BaseManager:0.17333333333333334
TargetAwareOp:0.17166666666666666
SimpleMapTest:0.14
LockSupportQueue:0.10666666666666667
MBackupAwareOp:0.10666666666666667
CallCache:0.09666666666666666
ResponseQueueFactory:0.07666666666666666
SpinQueue:0.01
