WebSocket:0.7233333333333334
HttpServerOptions:0.35333333333333333
HttpClientOptions:0.35333333333333333
WebSocketImplBase:0.34
WebSocketBase:0.2833333333333333
ServerConnection:0.26
WebSocketImpl:0.21333333333333335
ServerWebSocketImpl:0.2
HTTPExamples:0.17
WebsocketTest:0.12666666666666668
SocketMessages:0.006666666666666667
