CreateIndexResponse:0.58
CreateIndexIT:0.43666666666666665
TransportBulkActionIndicesThatCannotBeCreatedTests:0.38
ShrinkResponse:0.15333333333333332
