Activator:0.6033333333333334
GeneralMetadataFormPage:0.3566666666666667
MetadataModifiyListener:0.33
JCampContentProvider:0.2633333333333333
