XCAAdhocQueryRequest:0.43666666666666665
XCAInitiatingGateway:0.31
XCARespondingGateway:0.2966666666666667
XCAIGAdhocQueryRequest:0.24333333333333335
XCAAbstractTransaction:0.21333333333333335
XCARetrieveDocumentSet:0.15666666666666668
XCAGateway:0.15365079365079365
XCARGAdhocQueryRequest:0.07666666666666666
XCAIGRetrieveDocumentSet:0.03
XCARGRetrieveDocumentSet:0.03
