ByteBuddyCommonsTest:0.5016666666666667
MostSpecificTypeResolverPrimitiveTest:0.3811111111111111
InstrumentationContextDefaultTest:0.3555555555555555
