RandomAccessInputStream:0.5363333333333333
PositionableBufferedInputStream:0.4716666666666667
ARCReader:0.45888888888888885
