PackageResourceLoader:0.5666666666666667
ResName:0.3433333333333333
RobolectricTestRunner:0.32
RoutingResourceLoader:0.24
ResBundle:0.23
ResourceExtractor:0.21222222222222223
DrawableResourceLoaderTest:0.19333333333333333
ResMap:0.10333333333333333
