HiveClient:0.6466666666666666
AbstractTestHiveClient:0.3566666666666667
AbstractTestHiveClientS3:0.2966666666666667
HiveClientModule:0.22166666666666668
HiveConnectorFactory:0.21333333333333335
