StgCmtScuScpService:0.5
IANScuService:0.44
MPPSScuService:0.42
StgCmtOrder:0.37333333333333335
MPPSOrder:0.37333333333333335
