PbufferTest:0.7433333333333333
TextureRenderer:0.38
SharedRendererRTT:0.10666666666666667
SharedRenderer:0.056666666666666664
UniqueRendererRTT:0.056666666666666664
UniqueRenderer:0.013333333333333334
