GravesLSTM:0.43666666666666665
BaseLayer:0.4066666666666667
FwdPassReturn:0.3333333333333333
GradientCheckTests:0.25
MultiLayerTest:0.24666666666666667
