CoreDaoImpl:0.38166666666666665
AbstractEntryProcessor:0.38
AbstractBinderProcessor:0.36666666666666664
AbstractFolderCoreProcessor:0.30333333333333334
