DuoCredential:0.6966666666666667
DuoAuthenticationService:0.37333333333333335
DuoAuthenticationHandler:0.22
