OCSPServlet:0.6506111111111111
OcspConfiguration:0.5033333333333333
SigningEntityContainer:0.3566666666666667
PrivateKeyContainerCard:0.24333333333333335
OCSPServletStandAloneSession:0.22666666666666666
P11ProviderHandler:0.20272222222222222
OCSPServletBase:0.18333333333333332
OCSPServletStandAlone:0.16666666666666666
