HtmlParserTest:0.6233333333333333
DocumentType:0.4666666666666667
DocumentTest:0.24
DocumentTypeTest:0.15333333333333332
