TransportSQLActionTest:0.58
ColumnIdent:0.5733333333333334
SymbolPrintVisitor:0.2966666666666667
ExpressionAnalyzerTest:0.22
