MakumbaTLDGenerator:0.6266666666666667
TaglibDocGenerator:0.5433333333333333
