FolderProperties:0.39666666666666667
EntryProperties:0.39666666666666667
SizeCtrl:0.33666666666666667
EnhancedViewProperties:0.33166666666666667
CustomJspProperties:0.33166666666666667
ListProperties:0.315
