BatchSingle:0.6214444444444445
jOOQAbstractTest:0.5255555555555556
BatchTests:0.47333333333333333
