ApolloPanel:0.35
GAMEAdapter:0.26
StrandedZoomableApolloPanel:0.25333333333333335
Transcript:0.25
AminoAcidIcon:0.22333333333333333
PropertyScheme:0.22
ViewMenu:0.21333333333333335
