WADOSupport:0.5033333333333333
BasicRequestObject:0.33916666666666667
BasicRequestObjectImpl:0.29
WADOServiceDelegate:0.25666666666666665
