PluginManager:0.48
PluginHandle:0.37
PluginManagerIT:0.2733333333333333
GetThread:0.21333333333333335
LoggingServerHandler:0.06
