SynchronizationErrorImpl:0.4533333333333333
JdbcResourceLocalTransactionCoordinatorImpl:0.43666666666666665
AbstractBasicJtaTestScenarios:0.15666666666666668
SynchronizationRegistryStandardImplTests:0.13666666666666666
BasicJdbcTransactionTests:0.04666666666666667
