Address:0.47
CheckoutController:0.37666666666666665
AddressBuilder:0.36666666666666664
