DBTable:0.5166666666666667
DBView:0.44666666666666666
DBTableModel:0.26666666666666666
DBManager:0.26
DBRecord:0.24333333333333335
HSQLDBManager:0.06333333333333334
DBException:0.05
H2DBManager:0.013055555555555556
