NodeFsDataExpression:0.4066666666666667
NodeFsTotalExpression:0.26
NodeFsDiskChildExpression:0.23333333333333334
NodeFsDisksExpression:0.23333333333333334
TestModule:0.12666666666666668
