KernelServices:0.6155555555555555
KernelProperties:0.40222222222222226
