NamePreFilter:0.7424603174603175
FilterUtils:0.46
MapSerializer:0.23
SimpleNamePreFilter:0.14333333333333334
