CollectionIndexDefinition:0.5886666666666667
AbstractCollectionPersister:0.4722222222222222
MetamodelGraphWalker:0.36333333333333334
