ExecutionService:0.72
InternalPartitionImpl:0.4166666666666667
MapService:0.41
PartitionServiceImpl:0.35333333333333333
MapContainer:0.31666666666666665
ClusterServiceImpl:0.3
ScheduledExecutorServiceDelegate:0.29333333333333333
PartitionReplicaVersions:0.28577777777777785
Migrator:0.26911111111111113
BackupMigrationTask:0.245
AbstractReplicatedRecordStore:0.24
LockServiceImpl:0.23333333333333334
QueueService:0.23
MigrationThread:0.2101111111111111
BasicInvocation:0.19333333333333333
BasicOperationService:0.19333333333333333
ExecutionServiceImpl:0.18666666666666668
MapStoreTest:0.16666666666666666
ReplicaSyncEntryProcessor:0.14833333333333334
NoDuplicateMapStore:0.13666666666666666
RepartitioningTask:0.12166666666666667
LocalPartitionListener:0.12
Merger:0.115
SyncReplicaVersionTask:0.11166666666666666
BasicCompletableFuture:0.06111111111111111
CompletableFutureEntry:0.023333333333333334
CompletableFutureTask:0.01
WaitingOnFirstTestMapStore:0.0033333333333333335
MapStoreWithStoreCount:0.0033333333333333335
ScheduledTaskRunner:0.0033333333333333335
ProcessingStore:0.0025
BasicMapStoreFactory:0.0
