BinderHelper:0.33666666666666667
AnnotationMetadataSourceProcessorImpl:0.22666666666666666
MapBinder:0.22
RevisionInfoConfiguration:0.18666666666666668
AnnotationsMetadataReader:0.18
LegacyCallbackProcessor:0.17
ComponentPropertiesSource:0.17
TestIntegrator:0.11333333333333333
