SecurityMemberAccess:0.44333333333333336
OgnlValueStack:0.39
OgnlUtil:0.32
SecurityMemberAccessTest:0.28
XWorkConstants:0.03333333333333333
