FileModule:0.69
FileModuleImpl:0.5133333333333333
FileResource:0.30666666666666664
FileCustomProperty:0.29
WebdavResource:0.24
