Robolectric:0.5433333333333333
ShadowContentResolver:0.2633333333333333
ShadowHandler:0.24
HandlerTest:0.21333333333333335
ShadowAsyncTask:0.19
ActivityTest:0.18777777777777777
ShadowActivity:0.18333333333333332
ShadowService:0.14
AsyncTaskTest:0.11333333333333333
MessageTest:0.10333333333333333
ShadowMessage:0.09333333333333334
ContentResolverTest:0.07
ServiceTest:0.05777777777777779
ShadowFrameLayout:0.043333333333333335
EditTextTest:0.03666666666666667
InsertStatement:0.023333333333333334
UpdateStatement:0.01
DeleteStatement:0.01
