MappingIterable:0.43333333333333335
CollectionAcceptanceTest:0.32666666666666666
OperationIterable:0.18666666666666668
FilterAcceptanceTest:0.17666666666666667
ReplaceAcceptanceTest:0.15333333333333332
MapReduceResultsIterable:0.11333333333333333
InsertAcceptanceTest:0.10333333333333333
MongoIterable:0.09166666666666666
