QedeqTreeView:0.6033333333333334
QedeqActionCommand:0.21666666666666667
