ReplicatedRecordStore:0.8133333333333334
ReplicatedMapWriteOrderTest:0.39666666666666667
AbstractBaseReplicatedRecordStore:0.3233333333333333
AbstractReplicatedRecordStore:0.27666666666666667
ReplicatedMapBaseTest:0.18666666666666668
SyncReplicatedMapDataOperation:0.15
NoOpReplicatedRecordStore:0.13333333333333333
ReplicatedMapEvictionProcessor:0.10666666666666667
