WebSocket:0.48
WebSocketServer:0.3433333333333333
WebSocketClient:0.30333333333333334
