IssueServiceImpl:0.5830000000000001
NotificationService:0.4387857142857142
