DicomFileLocationFilter:0.6066666666666667
DicomFilter:0.35912698412698413
