ReusableObjManager:0.48
KeywordsStrategy:0.27
ContactsStrategy:0.27
ReplacementStrategy:0.2678730158730158
FormatsStrategy:0.2633333333333333
ExtentsStrategy:0.22333333333333333
AddXLink:0.10666666666666667
