HttpTest:0.47333333333333333
HttpClientOptions:0.4666666666666667
HttpClientRequestImpl:0.3
HttpServerResponseImpl:0.2633333333333333
HttpServerResponse:0.23666666666666666
HttpClientOptionsConverter:0.20666666666666667
