Operation:0.6733333333333333
Layer:0.5666666666666667
BeanshellAttributeCalculatorPlugIn:0.41333333333333333
BeanshellAttributeOperation:0.38
OpenJumpConfiguration:0.24
AttributeOperationFactory:0.17666666666666667
BeanshellAttributeOperationFactory:0.09666666666666666
