Configuration:0.6233333333333333
DriverConductor:0.43
Sender:0.2733333333333333
Receiver:0.2733333333333333
ClientCommandAdapter:0.23333333333333334
