MaterialViewPager:0.6966666666666667
MaterialViewPagerHeader:0.5233333333333333
MaterialViewPagerSettings:0.17666666666666667
MainActivity:0.08
