ModuleManager:0.5966666666666667
ViewDetailAction:0.28
BaseAction:0.24666666666666667
ViewBaseAction:0.21
ViewProductFromInvoiceDetailAction:0.19
MinimizeImageAction:0.17
InitDefaultYearTo2002Action:0.16666666666666666
RemoveImageFromGalleryAction:0.11666666666666667
UpdateReferenceBaseAction:0.11666666666666667
MaximizeImageAction:0.11666666666666667
SelectSchemaAction:0.11333333333333333
CancelDialogAction:0.11333333333333333
SetControllersAction:0.07
RemoveActionsAction:0.056666666666666664
ReturnAction:0.056666666666666664
AddActionsAction:0.056666666666666664
GoFamilyProductsReportAction:0.04666666666666667
GoAddFullAddressAction:0.006666666666666667
ViewCustomerFromInvoiceAction:0.0
