ChronicleMap:0.5866111111111111
StatelessServerConnector:0.34
ReplicationCheckingMap:0.32
SingleCloseMap:0.32
StatelessChronicleMap:0.27
VanillaChronicleMap:0.21666666666666667
