Formatter:0.36333333333333334
NodeRewriter:0.34
StatementAnalyzer:0.27666666666666667
TestQueries:0.24333333333333335
RewritingVisitor:0.2
Visitor:0.16666666666666666
