AbstractJavaMailCrawler:0.7045555555555556
MboxCrawler:0.37472222222222223
