EndEntityProfile:0.49222222222222217
BatchMakeP12:0.43
P12toPEM:0.38333333333333336
