DynamicByteBuffer:0.28
OffHeapRecord:0.2733333333333333
Data:0.23
SerializationServiceImpl:0.23
TxnDeleteOperation:0.21
DummyValue:0.2063968253968254
ByteArrayObjectDataInput:0.20333333333333334
StreamSerializerAdapter:0.16333333333333333
MapTransactionTest:0.14333333333333334
MapReplicationOperation:0.13666666666666666
ByteArraySerializerAdapter:0.12333333333333334
HazelcastInstanceFactory:0.10666666666666667
IssuesTest:0.02666666666666667
