AtmosphereConfig:0.7155555555555555
ApplicationConfig:0.5405555555555556
ExecutorsFactory:0.29
