DrawableSeqFeature:0.5446666666666666
ApolloPanel:0.40777777777777774
GFFAdapter:0.34
