Constants:0.8961111111111112
ConfigManager:0.49666666666666665
ExternalRESTConnector:0.19333333333333333
ExternalConnector:0.18066666666666667
PrefPageGeneral:0.18
PreferencesDialog:0.17
ExternalConfigManager:0.14444444444444443
PrefPageREST:0.09666666666666666
RESTStartStopHandler:0.01
