Property:0.16052675
Config:0.15753947
MColorChooser:0.10996456
TK:0.10761115
MColorPicker:0.06125597
HTMLBuilder:0.037687548
MURLButton:0.033078156
