Description:0.6366666666666667
JUnit38ClassRunner:0.42333333333333334
MaxCore:0.39666666666666667
Suite:0.35394444444444445
WillTimeOut:0.14
MaxStarterTest:0.08666666666666667
AllTestsTest:0.06333333333333334
