XmlConfigBuilder:0.27666666666666667
InvalidConfigurationTest:0.27
ExpiryPolicyFactoryConfig:0.25666666666666665
CacheSimpleConfig:0.25666666666666665
CacheConfig:0.25333333333333335
XMLConfigBuilderTest:0.20333333333333334
ConfigXmlGenerator:0.19
CacheSimpleConfigReadOnly:0.19
SpringXmlConfigBuilder:0.18
CacheConfigTest:0.13333333333333333
TestJCache:0.04
