PresenceInfo:0.29
Eventeditor:0.26666666666666666
SlidingTableTag:0.26666666666666666
Timepicker:0.26666666666666666
Eventtext:0.13
ExpandableAreaTag:0.12666666666666668
