FormalTypes:0.5433333333333333
SymbolHashTyping:0.4533333333333333
