Request:0.48333333333333334
CrudIT:0.35
RestHighLevelClient:0.32
RequestTests:0.08666666666666667
