Function:0.41333333333333333
WindowNode:0.38
Specification:0.31333333333333335
WindowOperator:0.20666666666666667
WindowOperatorFactory:0.18333333333333332
Visitor:0.18333333333333332
TestEffectivePredicateExtractor:0.18333333333333332
TestWindowOperator:0.18333333333333332
TestTypeValidator:0.17333333333333334
WindowPartition:0.16666666666666666
WindowFunctionDefinition:0.13
Rewriter:0.09666666666666666
SpecificationAndFrame:0.03
