NewMoleculeWizardPage:0.21
NewMoleculeFromSMILESWizard:0.2061111111111111
Bc_cdkPlugin:0.19666666666666666
MoleculeSaveAsWizard:0.185
ChemObjectTreeView:0.18333333333333332
ConvertMoleculeDialog:0.1811111111111111
NewMoleculeWizard:0.17
NewMoleculeFromSMILESWizardPage:0.1625
ConvertActionDelegate:0.13333333333333333
CDKFormatDetector:0.0905
PDBEditor:0.09
