IndexMetaDataExtractor:0.7833333333333333
InformationSchemaQueryTest:0.5766666666666667
TablesTable:0.18333333333333332
IndicesTable:0.12666666666666668
ColumnsTable:0.08666666666666667
TableConstraintsTable:0.07
