CopyAnalyzerTest:0.7222222222222222
CopyStatementAnalyzer:0.3933333333333333
