GateConstants:0.735
OptionsDialog:0.4066666666666667
CleanMarkedCorpusEvalAction:0.15333333333333332
NewCorpusEvalAction:0.15333333333333332
StoredMarkedCorpusEvalAction:0.15333333333333332
OKAction:0.06666666666666667
