MapDataSerializerHook:0.44
EvictAllOperation:0.39666666666666667
EvictOperation:0.3566666666666667
EvictAllBackupOperation:0.35333333333333333
