TypeConversionUtil:0.5166666666666667
UserTypeFormat:0.5066666666666667
MultiProcessState:0.29333333333333333
