X509CA:0.49833333333333335
JobRunner:0.2866666666666667
EditUserCommand:0.22333333333333333
Lookup:0.22333333333333333
TestInstance:0.18
Pkcs10RequestCommand:0.16333333333333333
