HTMLDocument:0.6033333333333334
HTMLDocumentTest:0.37
XMLDocumentTest:0.31333333333333335
