BusinessEntityManagerImpl:0.38666666666666666
RemoteObjectLight:0.35
MetadataEntityManagerImpl:0.32666666666666666
WebserviceBean:0.27166666666666667
Validator:0.26666666666666666
MetadataEntityManager:0.26644444444444443
RemoteValidator:0.20422222222222222
WebserviceBeanImpl:0.19666666666666666
KuwaibaService:0.17333333333333334
