FilterFactory:0.6877777777777778
FilterFactory2:0.43389285714285714
