HttpClient:0.52
TestIngestDemoObjects:0.31333333333333335
SuperAPIALite:0.24333333333333335
TestAPIMLite:0.22733333333333333
HttpDataSource:0.22733333333333333
TestOAIService:0.224
