VanillaChronicleMap:0.5166666666666667
ChronicleHash:0.49611111111111106
ChronicleMapBuilder:0.38
ChronicleHashBuilder:0.31337301587301586
ChronicleHashBuilderPrivateAPI:0.29003968253968254
OldDeletedEntriesCleanupThread:0.25333333333333335
ChronicleSetBuilder:0.21333333333333335
ReplicationCheckingMap:0.21333333333333335
ChronicleSetBuilderPrivateAPI:0.19666666666666666
ChronicleMapBuilderPrivateAPI:0.19666666666666666
TierRecovery:0.18333333333333332
SetFromMap:0.15333333333333332
