Robolectric:0.6266666666666667
ShadowView:0.4266666666666667
ViewGroupTest:0.4166666666666667
Reflection:0.05
