RemoteTodoList:0.41
TodosDwrImpl:0.3466666666666667
TodoListsDwrImpl:0.23
JAMonFilter:0.21333333333333335
RecoverPasswordAction:0.16666666666666666
UserDetailsServiceImpl:0.13333333333333333
UserManagerImpl:0.11666666666666667
