AddressUtil:0.3466666666666667
ClientConfig:0.32666666666666666
HazelcastClient:0.29333333333333333
Connection:0.23
ConnectionManager:0.1877222222222222
AddressPicker:0.17
AddressHolder:0.16666666666666666
ClientRunnable:0.15666666666666668
