FilterAllocationDecider:0.37333333333333335
Balancer:0.31
AllocationDecider:0.25666666666666665
NodeSorter:0.24333333333333335
AllocationDeciders:0.19
