BindingBuilder:0.29
RecordingBinder:0.2833333333333333
BindCommandProcessor:0.27
MultibinderTest:0.23666666666666666
MapBinderTest:0.23666666666666666
BinderTest:0.05
