SchedulerTest:0.7340555555555557
TempDirectory:0.6266666666666667
