Musician:0.47
RmiSWTWorkbenchBot:0.43333333333333335
ISarosState:0.4226746031746032
BotConfiguration:0.32666666666666666
IRmiSWTWorkbenchBot:0.30803968253968256
ISarosRmiSWTWorkbenchBot:0.30803968253968256
SarosRmiSWTWorkbenchBot:0.2866666666666667
RmiTest:0.10277777777777776
TestShareProject3Users:0.09666666666666666
StartupSaros:0.07583333333333334
SarosState:0.07
TestBasicSarosElements:0.03
TestHandleContacts:0.016666666666666666
TestShareProject:0.013333333333333334
AllTests:0.0
