ServerHandler:0.6266666666666667
ServerActor:0.5766666666666667
ServerTest:0.33
BehaviorActor:0.21333333333333335
Server:0.19333333333333333
Actor3:0.18855555555555562
ObjectProxyServerTest:0.18
AbstractServerHandler:0.11333333333333333
