ModuleTestBase:0.64
POJOPersistenceProviderBase:0.2833333333333333
MapFacadeBean:0.2733333333333333
AnnotatedClassParser:0.21333333333333335
PublicJSPTest:0.19333333333333333
TestServletTest:0.14
ParentTest:0.07666666666666666
