JsonFormat:0.71
Json:0.6066666666666667
JsonRendering:0.2188888888888889
JsonCompileFilterTest:0.20333333333333334
JsonCompile:0.19666666666666666
JsonRenderingFilterTest:0.14
