Editor:0.6933333333333334
Imager:0.33666666666666667
FormatOption:0.2966666666666667
AspectEdge:0.23333333333333334
EditorViewOption:0.18333333333333332
