TabSheetTag:0.7533333333333333
TabSheetTagTest:0.30666666666666664
