variables:0.87
FunctionTable:0.5866666666666667
CodeGenerator:0.1727857142857143
