PolygonObj:0.3566666666666667
CSObj:0.19
ExtrudeObj:0.09333333333333334
BooleanObj:0.09333333333333334
CylinderObj:0.07333333333333333
SphereObj:0.07333333333333333
CubeObj:0.07333333333333333
