InvitationProcess:0.6533333333333333
EnterNamePage:0.6166666666666667
