SuppressionHandler:0.42753968253968255
FrameTranslator:0.41
Default:0.4066666666666667
Advice:0.33
TypeConstantAdjustmentTest:0.32666666666666666
CodeTranslationVisitor:0.3233333333333333
Active:0.3233333333333333
AsmVisitorWrapper:0.29
Dispatcher:0.2633333333333333
AdviceVisitor:0.26
AdviceTest:0.24333333333333335
FrameSample:0.24
AnnotationAppenderDefaultTest:0.23333333333333334
BridgeMethodImplementation:0.23333333333333334
ClassFileExtraction:0.22111111111111115
AbstractDynamicTypeBuilderTest:0.2
AbstractDynamicTypeBuilderForInliningTest:0.2
ForDeclaredMethods:0.19666666666666666
DispatchingVisitor:0.19333333333333333
Entry:0.19
AsmVisitorWrapperCompoundTest:0.16833333333333333
ForCreation:0.16777777777777778
AsmVisitorWrapperForDeclaredFieldsTest:0.16333333333333333
Compound:0.15333333333333332
AsmVisitorWrapperForDeclaredMethodsTest:0.15
DebuggingWrapper:0.13333333333333333
ForMethodEnter:0.13
ForMethodExit:0.12333333333333334
AsmVisitorWrapperNoOpTest:0.11666666666666667
ForInlining:0.11333333333333333
Suppressing:0.11333333333333333
ForField:0.09666666666666666
ForDeclaredFields:0.09666666666666666
RenamingWrapper:0.05333333333333334
MethodVisitorWrapper:0.0
