JChemPaintEditorWidget:0.63
JChemPaintEditor:0.5333333333333333
JCPOutlinePage:0.36666666666666664
