CacheContext:0.5
LoadingCacheTest:0.43666666666666665
Sync:0.4120952380952381
AsMapTest:0.31666666666666665
UnboundedLocalCache:0.2966666666666667
BoundedLocalCache:0.2866666666666667
EvictionTest:0.22
RejectingRemovalListener:0.19722222222222224
CacheGenerator:0.16333333333333333
ExpireAfterAccessTest:0.15333333333333332
