Jdk:0.6433333333333333
TestJdk:0.41333333333333333
Files:0.21
