IoUtilityTest:0.8077777777777778
QedeqTestCase:0.2733333333333333
