ConcurrentMapManager:0.61
Node:0.3933333333333333
TransactionImpl:0.30333333333333334
BlockingQueueManager:0.2833333333333333
ConnectionMonitor:0.2594444444444445
TransactionRecord:0.22333333333333333
OperationTimeoutException:0.08666666666666667
