FieldDataFieldsFetchSubPhase:0.2816666666666667
TermVectorsFetchSubPhase:0.2816666666666667
PercolateContext:0.24666666666666667
FetchSubPhaseContext:0.24666666666666667
TestSearchContext:0.24333333333333335
DefaultSearchContext:0.24333333333333335
SearchContext:0.19916666666666666
FilteredSearchContext:0.18333333333333332
FieldDataFieldsParseElement:0.17333333333333334
TermVectorsFetchParseElement:0.14333333333333334
