ChronicleMapBuilder:0.6533333333333333
PostClusterMapCreationTest:0.31666666666666665
ClusterReplicationTest:0.31666666666666665
SingleMapClusterTest:0.31666666666666665
