ShadowAssetManager:0.65
DrawableTest:0.26666666666666666
AssetManagerTest:0.26666666666666666
