ObjectFactory:0.5933333333333334
IEjbcaWS:0.4144722222222222
GetPublisherQueueLengthResponse:0.26
EjbRemoteHelper:0.22
GetPublisherQueueLength:0.17666666666666667
EjbcaWS:0.17666666666666667
EJBCAWSRACommandFactory:0.14333333333333334
