InjectAdapterProcessor:0.43
ModuleAdapterProcessor:0.32
ModuleAdapterGenerationTest:0.31333333333333335
InjectAdapterGenerationTest:0.18083333333333335
