Template:0.4166666666666667
StrategyEnumerator:0.29333333333333333
ExportAction:0.27666666666666667
Generator:0.23333333333333334
AcceptorEnumerator:0.22666666666666666
Exploration:0.22333333333333333
ActionStore:0.21666666666666667
ExplorationDialog:0.2
AbstractLayouter:0.19333333333333333
ExplorationTest:0.18666666666666668
LTSDisplay:0.17666666666666667
CheckLTLAction:0.10333333333333333
TemplateListEditor:0.04666666666666667
