Tds:0.71
TdsComm:0.35333333333333333
TdsResultSet:0.33666666666666667
