CallStep:0.6633333333333333
StepFactory:0.38333333333333336
