AlwaysVisibleCaret:0.6133333333333333
SearchWindow:0.29333333333333333
MatchesTextArea:0.25666666666666665
GlossaryTextArea:0.20666666666666667
MultipleTransPane:0.19333333333333333
CommentsTextArea:0.19333333333333333
MachineTranslateTextArea:0.18666666666666668
EntryListPane:0.17777777777777776
DictionariesTextArea:0.17333333333333334
