Window:0.6433333333333333
EventListenersContainer:0.4266666666666667
ComputedCSSStyleDeclarationTest:0.3233333333333333
