OobChannel:0.42333333333333334
ManagedChannelImpl:0.39666666666666667
ClientCallImpl:0.35333333333333333
ClientCallImplTest:0.30666666666666664
AbstractManagedChannelImplBuilder:0.26
ManagedChannelImplIdlenessTest:0.18666666666666668
ClientStreamListenerImpl:0.1847222222222222
LbHelperImpl:0.14944444444444446
RealChannel:0.1
ManagedChannelImplTest:0.09333333333333334
