DataHandler:0.49
Environment:0.41333333333333333
AnsiQueryHandler:0.2733333333333333
QueryHandler:0.2535396825396825
Encryption:0.21666666666666667
AdminServlet:0.19666666666666666
DatabaseUpgrades:0.17833333333333334
AnsiDataHandler:0.15333333333333332
UpgradeServlet:0.15
SetupServlet:0.15
AdminVirtualWikiServlet:0.12666666666666668
