HiveClientConfig:0.7666666666666667
AbstractTestHiveClient:0.37
HdfsConfiguration:0.32666666666666666
TestHiveClientConfig:0.26666666666666666
