RecordStore:0.6366666666666667
EntryBackupOperation:0.4533333333333333
DefaultRecordStore:0.43
EvictionHelper:0.3
EntryOperation:0.28
AbstractEvictableRecordStore:0.27666666666666667
BasicMapContextQuerySupport:0.26
AbstractMultipleEntryOperation:0.24
BasicMapTest:0.235
PartitionWideEntryOperation:0.20333333333333334
MultipleEntryOperation:0.18666666666666668
PartitionWideEntryBackupOperation:0.1827777777777778
MapReplicationOperation:0.15333333333333332
ReadOnlyRecordIterator:0.11833333333333333
MultipleEntryBackupOperation:0.08444444444444445
AddIndexOperation:0.08
MapMigrationAwareService:0.059166666666666666
MapSplitBrainHandlerService:0.02666666666666667
