TestPR:0.8066666666666666
TestGate:0.23333333333333334
SaveAction:0.22333333333333333
SaveAsXmlAction:0.22333333333333333
