DatabaseManagerSwing:0.07364682
ConnectionDialogCommon:0.06275057
CommonSwing:0.025078103
