I18NBundle:0.31333333333333335
UBJsonWriter:0.30333333333333334
LwjglApplication:0.30333333333333334
MoveToAction:0.2833333333333333
LwjglGraphics:0.2633333333333333
LwjglInput:0.25166666666666665
LwjglApplicationConfiguration:0.24333333333333335
AssetManager:0.23666666666666666
I18NSimpleMessageTest:0.20111111111111113
I18NMessageTest:0.20111111111111113
Pools:0.16666666666666666
ControllersTest:0.16
TextField:0.15333333333333332
FullscreenTest:0.12833333333333333
