Element2LatexImpl:0.68
Element2Latex:0.5733333333333334
ModuleLabelsCreator:0.3383333333333333
