SimpleCharStream:0.5433333333333333
ParseCpsl:0.5033333333333333
ParseCpslTokenManager:0.37
