Array:0.44
Sort:0.42333333333333334
SnapshotArray:0.20666666666666667
DelayedRemovalArray:0.20666666666666667
