DefaultDnsRecordEncoder:0.5333333333333333
DefaultDnsRecordDecoder:0.52
DefaultDnsRecordDecoderTest:0.28
DefaultDnsRecordEncoderTest:0.22666666666666666
