HttpLock:0.4419444444444445
SparkTestUtil:0.43333333333333335
MatcherFilter:0.39
