StructureDao:0.8155555555555555
LabelDao:0.47333333333333333
