JSONUtil:0.55
JSONResult:0.51
JSONInterceptor:0.4633333333333333
JSONCleaner:0.21333333333333335
Filter:0.13666666666666666
