MatchesInfo:0.8033333333333333
CameraParams:0.7033333333333334
