RegExpr:0.5033333333333333
Wildcard:0.49
WildcardEdgeRecord:0.36666666666666664
WildcardEdgeSearchItem:0.35999999999999993
DefaultLabel:0.2633333333333333
GraphJEdge:0.23333333333333334
VarEdgeSearchItem:0.2
