AbstractNodeJSONWrapper:0.8366666666666667
SitemapNodeEditorControllerResult:0.5533333333333333
