SPMapper:0.7705555555555555
MapperAnnotationBuilder:0.4166666666666667
SPTest:0.35333333333333333
