AbstractNode:0.7366666666666667
GISView:0.2833333333333333
AddEmployeeWithAgeAction:0.20666666666666667
TreeView:0.14905555555555552
MainUI:0.13
