ClientExecutionService:0.56
ClientConnection:0.5466666666666666
ClientIOExecutorPoolSizeLowTest:0.4033333333333333
ClientCallFuture:0.26
ClientPartitionServiceImpl:0.24444444444444446
ClientExecutionServiceImpl:0.23666666666666666
ClientConnectionManagerImpl:0.20666666666666667
ClusterListenerThread:0.20333333333333334
ClientPacketProcessor:0.09222222222222222
CleanResourcesTask:0.03
