TypeDescription:0.8766666666666667
ByteBuddyAgentTest:0.21
ByteBuddyAgentInstallerTest:0.20666666666666667
ClassReloadingStrategy:0.19333333333333333
InlineInstrumentedType:0.1875
TypeWriterEngineForRedefinitionTest:0.17
TypeWriterEngineForCreationTest:0.14333333333333334
AbstractTypeDescription:0.12333333333333334
