GwtServerHelper:0.4
BlogGlobalTagsCtrl:0.3333333333333333
GwtTeamingMessages:0.32666666666666666
BlogArchiveCtrl:0.24
BlogPageCtrl:0.23
GwtRpcServiceImpl:0.22333333333333333
EventHelper:0.22333333333333333
GwtBlogHelper:0.20333333333333334
BlogPage:0.20333333333333334
BlogFolderView:0.15333333333333332
BlogPages:0.13666666666666666
BlogPageSelectedEvent:0.07
GetBlogPagesCmd:0.013333333333333334
