MolecularFormulaSetTest:0.49666666666666665
AdductFormulaTest:0.4533333333333333
NNAdductFormulaTest:0.16333333333333333
DebugMolecularFormulaSetTest:0.0
NNMolecularFormulaSetTest:0.0
DebugAdductFormulaTest:0.0
