ServerWindow:0.5566666666666666
ServerDisplay:0.4266666666666667
Selector:0.32
WindowConnector:0.2733333333333333
ServerCockpitChangeLayoutTest:0.27
AbstractServerGUI:0.21
Message:0.21
WindowsWindowManager:0.19666666666666666
ScenarioDebuggerAction2Test:0.19666666666666666
ScenarioDebuggerActionTest:0.19666666666666666
PrivilegedGetFlagAction:0.18
UIUtilities:0.01
