AssignmentController:0.48333333333333334
AssignmentPage:0.43
SpecMolTableComposite:0.36
SpecMolController2D:0.19777777777777777
SpecMolDrawingComposite:0.16055555555555553
SpecMolPeackChartComposite:0.06
AssignAction:0.059166666666666666
SwitchModeAction:0.05333333333333334
SpecMolEditorContributor:0.043333333333333335
