WFEConnection:0.6166666666666667
TasksChecker:0.3433333333333333
