BaseObject:0.6966666666666667
Structure:0.5333333333333333
User:0.48
BaseObjectTest:0.065
UserTest:0.06166666666666667
