HibernateTransaction:0.56
QueryProvider:0.49333333333333335
HQLQueryProvider:0.33666666666666667
ArgumentReplacer:0.15666666666666668
