HtmlPage:0.6233333333333333
WebClient:0.57
ElementNotFocussableException:0.15694444444444444
WebClientTest:0.13666666666666666
