RackWidget:0.52
NestedDeviceWidget:0.3433333333333333
RackUnitWidget:0.24333333333333335
RackViewScene:0.24333333333333335
PortWidget:0.21
PhysicalConnectionProvider:0.19666666666666666
RackViewService:0.15
ChangePositionAction:0.13666666666666666
RackConnectionSelectProvider:0.13
