Management:0.5166666666666667
DateUtility:0.45666666666666667
Server:0.43666666666666665
RequestContent:0.35055555555555556
APIMStubWrapper:0.30666666666666664
RestHelper:0.24
FedoraAPIMBindingSOAPHTTPImpl:0.24
JournalConsumer:0.23666666666666666
BaseRestResource:0.22333333333333333
TestJournalRoundTrip:0.22
FedoraClient:0.21699999999999997
TestAPIALite:0.20666666666666667
DefaultManagement:0.20333333333333334
TestRESTAPI:0.20333333333333334
FieldSearchResultSQLImpl:0.19833333333333333
ManagementModule:0.19666666666666666
Journaler:0.19
FedoraAPIABindingSOAPHTTPImpl:0.18666666666666668
RestUtil:0.17305555555555557
TestDateUtility:0.16666666666666666
FedoraAccessServlet:0.16666666666666666
FieldSearchSQLImpl:0.15833333333333333
JournalCreator:0.15666666666666668
DefaultSerializer:0.15333333333333332
ListMethodsServlet:0.14833333333333334
MockManagementDelegate:0.13666666666666666
MethodResource:0.13333333333333333
DatastreamResource:0.13333333333333333
DatastreamLockedException:0.12788035113035118
ProfileSerializerThread:0.12
DatastreamDefSerializerThread:0.115
FedoraObjectDatastreams1_0Format:0.11333333333333333
ModifyDatastreamByValueMethod:0.11333333333333333
ModifyDatastreamByReferenceMethod:0.11333333333333333
ModifyObjectMethod:0.11333333333333333
FedoraObjectResource:0.11
RestParam:0.10666666666666667
JournalConstants:0.10666666666666667
ListDatastreamsServlet:0.1
RelationshipResource:0.06666666666666667
AbstractParam:0.03333333333333333
DateTimeParam:0.03
DateTimeParamTest:0.013333333333333334
