JdbcTemplate:0.5633333333333334
HsqlDbSupport:0.27666666666666667
H2DbSupport:0.24
OracleDbSupport:0.23833333333333337
SQLServerDbSupport:0.19666666666666666
MySQLDbSupport:0.19666666666666666
PostgreSQLDbSupport:0.19666666666666666
DB2DbSupport:0.19
MetaDataTableRowDumper:0.17305555555555557
OracleDbSupportMediumTest:0.10666666666666667
