MappedStatement:0.5066666666666667
Environment:0.46
Builder:0.3933333333333333
Configuration:0.39
MapperAnnotationBuilder:0.21666666666666667
MapperBuilderAssistant:0.21666666666666667
XMLConfigBuilder:0.20888888888888887
DynamicContext:0.11333333333333333
XMLStatementBuilder:0.10333333333333333
SelectKeyHandler:0.09
