SqlCursorInputSource:0.5278888888888889
SqlCursorInputSourceIntegrationTests:0.41
ExceptionDataSource:0.04833333333333333
