DefaultApplicationFactory:0.51
ApplicationRegistrator:0.26666666666666666
DefaultApplicationFactoryTest:0.25
SpringBootAdminClientEnabledCondition:0.2188888888888889
ApplicationRegistratorTest:0.19
SpringBootAdminClientAutoConfigurationTest:0.17666666666666667
SpringBootAdminClientEnabledConditionTest:0.16666666666666666
SpringBootAdminClientAutoConfiguration:0.11333333333333333
ClientApplicationTest:0.0
