AJAXTest:0.36
CarrierTest:0.2833333333333333
CollectionBaseAction:0.19333333333333333
CutElementsFromCollectionAction:0.19
CommunityTest:0.15333333333333332
AuthorTest:0.15
RemoveSelectedInCollectionAction:0.14333333333333334
RemoveSelectedTreeViewNodeAction:0.14
ShowCutRowsAction:0.0
