ExtractorProbability:0.5933333333333334
ExtractorAbundance:0.44333333333333336
