RubyProject:0.8033333333333333
IRubyProject:0.43389285714285714
