PartitionedTableIntegrationTest:0.5822222222222223
SQLTypeMappingTest:0.34833333333333333
ExpressionToStringVisitor:0.345
