NetcdfMetadata:0.6166666666666667
IOTestCase:0.3983333333333333
NetcdfMetadataTest:0.21333333333333335
