AdministrationAction:0.5233333333333333
ConfigurationManager:0.36
ConfigurationManagerImpl:0.2966666666666667
