Poller:0.4266666666666667
PollableService:0.42333333333333334
Schedule:0.30666666666666664
PollableNode:0.27666666666666667
DumpVisitor:0.2683333333333333
PollableInterface:0.23333333333333334
PollStatus:0.22666666666666666
PollerEventProcessor:0.21
PollerTest:0.20333333333333334
SmbMonitor:0.09333333333333334
PollableNetwork:0.08666666666666667
PollableElement:0.04666666666666667
