LoadTracker:0.44333333333333336
IOBalancer:0.44
ItemCounter:0.27388888888888885
IOBalancerMemoryLeakTest:0.09666666666666666
ConnectionAddedTask:0.03
ConnectionRemovedTask:0.03
