TavernaTestData:0.59
LRM_LoadModel:0.19333333333333333
LRM_GetValues:0.18333333333333332
LRM_InitializeBuild:0.17333333333333334
LRM_Predict:0.16666666666666666
CDKTavernaTests:0.10333333333333333
SmilesTools:0.07
