AtomContainer:0.5066666666666667
Renderer2D:0.3933333333333333
RingSet:0.2
StructureDiagramGenerator:0.18666666666666668
RingPlacer:0.13333333333333333
