DependencyTest:0.28
ScopingTest:0.21333333333333335
Cardinality0to1Test:0.20333333333333334
ServiceProxyFactoryBeanTest:0.19666666666666666
ServiceCollectionTest:0.16666666666666666
ServiceProxyTest:0.16666666666666666
WeatherServiceBundleTest:0.14666666666666667
ReferenceProxyTest:0.12666666666666668
ServiceListenerTest:0.12666666666666668
PropertyPlaceholderTest:0.11666666666666667
SimpleServiceBundleTest:0.04666666666666667
LifecycleTest:0.016666666666666666
