GeoDistanceSortBuilder:0.5583333333333333
ScriptSortBuilder:0.42333333333333334
FieldSortBuilder:0.35833333333333334
