AttributeDefinition:0.5738888888888889
DataCollectionConfig:0.5666666666666667
PersistOperationBuilder:0.38
RrdRepository:0.36666666666666664
CollectionSet:0.2633333333333333
DataCollectionConfigFactory:0.25
BasePersister:0.2275
MockDataCollectionConfig:0.16
CollectionResource:0.13333333333333333
AttributeGroupType:0.13111111111111112
ByNameComparator:0.03666666666666667
ResourceIdentifier:0.006666666666666667
