LayerTreeEditor:0.8183333333333334
TreeEditorCopyHelper:0.42333333333333334
TreeEditorHelper:0.26666666666666666
