SpectrumEditor:0.5033333333333333
GeneralMetadataFormPage:0.33666666666666667
MetadataUtils:0.25777777777777783
MetadataModifiyListener:0.23333333333333334
CMLToJcampSpectrumMapper:0.23333333333333334
