Builder:0.7933333333333333
TokenizerThread:0.16666666666666666
PerformanceTests:0.09666666666666666
