Key:0.6933333333333334
ErrorMessages:0.37333333333333335
BinderImpl:0.28
LineNumberReader:0.27666666666666667
LineNumbers:0.24788888888888885
BindingBuilderImpl:0.22
StackTraceElements:0.21
MyModule:0.2
