InfoViewer:0.4633333333333333
History:0.42
TitledURLEntry:0.3
open_file:0.24
edit_url:0.21666666666666667
URLButtonHandler:0.16111111111111112
