DisplayArea:0.5166666666666667
Toolbar:0.4122222222222222
ColorScheme:0.39533333333333337
