Maps:0.5066666666666667
WorkCostOrderedInvoicesTest:0.29
SaveCollectionTotalsAction:0.25666666666666665
PasteElementsInCollectionAction:0.24666666666666667
CutElementsInCollectionAction:0.10333333333333333
CutCollectionElements:0.04666666666666667
