ParamMappedTaskHandler:0.43666666666666665
ExtendedMappedTaskHandler:0.4166666666666667
BotsLogic:0.4066666666666667
TaskStubFactory:0.20416666666666666
