GraphicStyleListener:0.48275396825396827
GraphicStyleEvent:0.4066666666666667
