JDBCDataStore:0.5463333333333333
TestPersist:0.38666666666666666
UserGroupEditor:0.32666666666666666
TestSecurity:0.24733333333333335
OpenDSAction:0.13666666666666666
JDBCDSPersistence:0.10666666666666667
