BusinessEntityManagerImpl:0.46
Util:0.45666666666666667
Constants:0.45359523809523816
MetadataEntityManagerImpl:0.35
ActivityLogEntry:0.13
