PseudoEpsgFactory:0.4533333333333333
TestCase:0.37
TransformCaseTest:0.31333333333333335
Series2000Test:0.2966666666666667
Key:0.2966666666666667
AuthorityFactoryTest:0.28
ParameterizedTransformTest:0.25
AffineTransformTest:0.24666666666666667
ValidatorContainer:0.23111111111111116
Validator:0.22666666666666666
TransformTestCase:0.21
TestSuite:0.20666666666666667
NetcdfProjectionTest:0.19666666666666666
NameTest:0.19666666666666666
Validators:0.19611111111111112
ObjectFactoryTest:0.18
SimpleTransform2DTest:0.13666666666666666
Objects:0.06333333333333334
CRSTest:0.03333333333333333
