NeuralNetwork:0.603
BaseNeuralNetwork:0.43666666666666665
NeuralNetworkOptimizer:0.3333333333333333
Conf:0.315
DBN:0.23366666666666666
MasterActor:0.194
StackedDenoisingAutoEncoder:0.18
MnistExampleMultiThreaded:0.16
