FileAssociation:0.55
Report:0.53
Sequence:0.1877777777777778
RunExternal:0.15666666666666668
