MqlNode:0.6133333333333333
FunctionCall:0.49
MqlTreePrinter:0.37
FunctionInliner:0.31333333333333335
MqlDotNode:0.2111111111111111
MqlSqlWalker:0.19333333333333333
MqlBinaryOperator:0.11
