PdfExtractor:0.5533333333333333
FlickrCrawler:0.4
PdfExtractorTest:0.38333333333333336
