DependencyBank:0.3233333333333333
Dependency:0.3233333333333333
GdxSetup:0.30333333333333334
ExternalExtensionsDialog:0.27
GdxSetupUI:0.24444444444444444
ExternalExtension:0.10666666666666667
