ValidatableResponseOptionsImpl:0.38333333333333336
HeaderITest:0.37583333333333335
ValidatableResponseOptions:0.3466666666666667
HeaderTest:0.31
