AbstractPager:0.5716666666666667
PageInfo:0.39
ServerRedirectView:0.2833333333333333
