NettyResponseFuture:0.7233333333333334
ChannelManager:0.3233333333333333
Protocol:0.31666666666666665
HttpProtocol:0.2788888888888889
NettyRequestSender:0.27
