Model:0.65
ERDesignerComponent:0.35333333333333333
CellEditorFactory:0.15666666666666668
SubjectAreaEditorView:0.15333333333333332
SubjectAreaEditor:0.15
ERDesignerBundle:0.10722222222222222
SubjectAreaSerializer:0.10333333333333333
SubjectAreaList:0.03333333333333333
