LinkRepositoryImpl:0.47833333333333333
AbstractTestCase:0.45666666666666667
RepairProcessor:0.2833333333333333
LinkMgmtService:0.14666666666666667
LinkQueryService:0.13
