CertificateProfile:0.84
EndEntityProfile:0.31666666666666665
CertificateProfileSession:0.2539841269841269
CertificateProfileSessionBean:0.16333333333333333
CaImportProfilesCommand:0.14333333333333334
CAAuthorization:0.09166666666666666
ProfileID:0.07333333333333333
