RotationPersist2WorkerFragment:0.37666666666666665
IAmYourMaster:0.3438888888888889
MainFragment:0.33
RotationPersist2Fragment:0.31333333333333335
MainActivity:0.3
