TextToTransitionCriteria:0.5583333333333333
TextToTransitionTargetStateResolver:0.555
DefaultFlowArtifactFactory:0.4166666666666667
