Controller:0.7766666666666666
FindPanel:0.31333333333333335
SliderWindow:0.3
WindowScoreCalculator:0.24666666666666667
