FastutilSetHelper:0.3566666666666667
TestExpressionCompiler:0.32666666666666666
TestInCodeGenerator:0.3
BlockAssertions:0.24666666666666667
ExpressionInterpreter:0.21666666666666667
TestExpressionInterpreter:0.19666666666666666
ByteCodeExpressionVisitor:0.10666666666666667
Builder:0.1
TestPageSourceProvider:0.09333333333333334
InCodeGenerator:0.065
ObjectStrategy:0.01
LongStrategy:0.01
DoubleStrategy:0.01
