CML2Test:0.5866666666666667
CML2WriterTest:0.4766666666666667
CMLIOTests:0.19666666666666666
