TransportSQLActionClassLifecycleTest:0.42
DistributingCollectOperation:0.38333333333333336
DistributingShardCollectFuture:0.19666666666666666
SysJobsLogTableInfo:0.16666666666666666
DistributingCollectTest:0.16333333333333333
ShardProjectorChain:0.15333333333333332
ShardCollectFuture:0.14333333333333334
SimpleShardCollectFuture:0.14
