Scope:0.5638055555555556
Georeferenceable:0.39
MaintenanceInformation:0.3433333333333333
