IShellFolder:0.81
IShellFolderTest:0.4033333333333333
Secur32Test:0.39
Shlwapi:0.31166666666666665
Converter:0.10444444444444444
