KeyframedModelViewer:0.5955555555555555
TextureAttribute:0.5866666666666667
G3dLoader:0.24833333333333332
