jEdit:0.59
GUIUtilities:0.4766666666666667
View:0.4166666666666667
VFS:0.33666666666666667
VFSAdapter:0.24666666666666667
JEditTextArea:0.225
JEditTextEditor:0.19333333333333333
EnhancedDialog:0.17
ViewBase:0.17
StringFoldHandler:0.14666666666666667
ErrorDisplayer:0.14
LogSettings:0.13
StyleEditor:0.12666666666666668
HelpTOCPanel:0.12333333333333334
BeanShellErrorDialog:0.11333333333333333
AboutDialog:0.10333333333333333
CompletionPopup:0.08333333333333333
AddAbbrevDialog:0.08333333333333333
