Actor:0.6353333333333333
Group:0.47333333333333333
Stage:0.4
StageTest:0.29
Image:0.12666666666666668
