DateUtil:0.6
Util:0.5033333333333333
Project:0.33
Log:0.25
ProjectTest:0.22333333333333333
Schedule:0.22
TimeBuild:0.2
BuildStatus:0.19
PauseBuilder:0.18666666666666668
BuildStatusTest:0.14333333333333334
DateUtilTest:0.03
