KerberosLoginModuleResources:0.63
ClassLoaderUtil:0.3933333333333333
Version:0.2866666666666667
WebResources:0.2833333333333333
KerberosLoginModule:0.26
PropertyResources:0.24333333333333335
KrbFilterConfig:0.19333333333333336
KrbFilter:0.16444444444444445
KrbLoginAction:0.12666666666666668
