StoreRecovery:0.5366666666666666
ShrinkIndexIT:0.4166666666666667
LocalShardSnapshot:0.26
