Jedis:0.5466666666666666
Protocol:0.39666666666666667
StringValuesCommandsTest:0.27666666666666667
JedisCommandTestBase:0.25
Client:0.22333333333333333
BinaryClient:0.19
BinaryJedis:0.08666666666666667
