Node:0.6666666666666666
ParserTest:0.3233333333333333
TreeBuilder:0.27666666666666667
NodeTest:0.21333333333333335
