TestingPrestoServer:0.56
PrestoTestingServer:0.5252777777777777
DiscoveryTestingServer:0.25666666666666665
TestServer:0.24
