HopSymbolTableWalker:0.5233333333333333
AbstractVirtualMachine:0.44
BeginCheckScopeStep:0.24666666666666667
DFA51:0.19799999999999998
DFA62:0.19799999999999998
