OnmsIpInterface:0.7066666666666667
InterfaceBuilder:0.33666666666666667
NetworkBuilder:0.21666666666666667
SnmpInterfaceBuilder:0.12666666666666668
