WebSocketImpl:0.6066666666666667
SSLSocketChannel2:0.44666666666666666
SocketChannelIOHelper:0.2833333333333333
