MouseManager:0.571111111111111
MouseManager14:0.2733333333333333
