CryptoTokenTestUtils:0.49666666666666665
CaSessionTestBase:0.44333333333333336
CaSessionTest:0.4166666666666667
CaPKCS11SessionTest:0.21666666666666667
