AxiomContentHandler:0.57
AbstractXomPayloadEndpoint:0.44666666666666666
AxiomSoapFaultDetail:0.2633333333333333
AxiomSoapBody:0.19222222222222224
AxiomSoapHeader:0.17111111111111113
AxiomSoapFaultDetailElement:0.15888888888888889
XomPayloadEndpointTest:0.15666666666666668
AxiomSoapHeaderElement:0.15555555555555556
AxiomContentHandlerTest:0.043333333333333335
