TopologyNode:0.39
JPPFDriverAdminMBeanStaticProxy:0.32
NodeSelectionHelper:0.2733333333333333
JPPFDriverAdmin:0.26666666666666666
JMXDriverConnectionWrapper:0.25
WaitInitialBundleState:0.2
NodeRefreshHandler:0.16
JPPFDriverAdminMBean:0.14416666666666667
