ElementButton:0.5133333333333333
ProcessInstanceView:0.43666666666666665
ProcessInstanceIndicatorView:0.31333333333333335
ComponentButton:0.22
