ChatRoomParticipant:0.5466666666666666
ChatControlDemo:0.43
MainDemo:0.36
RosterSessionDemoContainer:0.15666666666666668
BuddySessionDisplayCompositeDemo:0.15
ParticipantPropertyTester:0.02
