Annotation:0.6833333333333333
FeatureMap:0.3826111111111111
AnnotationImpl:0.36
GateEvent:0.29583333333333334
AnnotationDiffTableModel:0.19666666666666666
VerboseHashMap:0.19333333333333333
EventsHandler:0.12333333333333334
SimpleFeatureMapImpl:0.11
