Parser:0.8366666666666667
GeoDistanceSortBuilder:0.33
FieldSortBuilder:0.31666666666666665
SearchModule:0.3
SortBuilder:0.29766666666666663
ScriptSortBuilder:0.2633333333333333
GeoDistanceSortBuilderTests:0.21666666666666667
AbstractSortTestCase:0.20333333333333334
StreamOutput:0.19611111111111112
ScriptSortBuilderTests:0.19333333333333333
StreamInput:0.19
SortBuilderTests:0.16
ScoreSortBuilder:0.15666666666666668
SortOrderTests:0.11
FieldSortBuilderTests:0.08333333333333333
ScoreSortBuilderTests:0.07916666666666666
SortParserTests:0.07333333333333333
