Http2Connection:0.8866666666666667
FramedSocketHandler:0.32
RealConnection:0.2833333333333333
