ClientConnectionsEntry:0.665
RedisClientEntry:0.4766666666666667
Node:0.3903333333333333
MasterSlaveConnectionManager:0.3433333333333333
ConnectionManager:0.24972222222222218
MasterSlaveEntry:0.2325
SingleEntry:0.19666666666666668
RedisNodes:0.10666666666666667
NodesGroup:0.09166666666666666
