RecordingLog:0.5966666666666667
Entry:0.5133333333333333
RecordingLogTest:0.21
