FactLine:0.5733333333333334
MInvoice:0.44333333333333336
MGLBookPeriod:0.4033333333333333
MInOut:0.29305555555555557
MMovement:0.28444444444444444
X_T_CashBankAccount:0.2733333333333333
X_M_Movement:0.2633333333333333
X_C_BOEStatement:0.25
X_M_InOut:0.24333333333333335
X_T_Acquisitions:0.23666666666666666
X_T_Aging:0.23666666666666666
X_T_Greater:0.23666666666666666
X_T_MatchAccounts:0.23666666666666666
X_T_ReportStatement:0.23666666666666666
X_T_Sales:0.23666666666666666
X_T_DailyBook:0.23666666666666666
X_C_RetentionStatement:0.23666666666666666
X_C_Perception:0.23666666666666666
X_T_TrialBalance:0.23666666666666666
X_C_Cash:0.23
X_GL_Journal:0.22666666666666666
X_C_AllocationHdr:0.22666666666666666
X_C_Invoice:0.21
X_C_Payment:0.20666666666666667
Doc_Allocation:0.20333333333333334
Doc_Invoice:0.20166666666666666
X_Fact_Acct:0.19
X_C_Period:0.19
Doc_RetentionStatement:0.17333333333333334
Doc_BOEStatement:0.17333333333333334
Doc_Payment:0.15666666666666668
Doc_Cash:0.12333333333333334
Doc_Movement:0.10666666666666667
Doc_InOut:0.10666666666666667
Doc_GLJournal:0.10333333333333333
Doc_Perception:0.1
