FolderDao:0.6827777777777778
AbstractFolderModule:0.45666666666666667
FolderDaoImpl:0.32
BinderState:0.2833333333333333
