ContentControl:0.5433333333333333
ShowGlobalWSEvent:0.39666666666666667
ShowTeamRootWSEvent:0.37333333333333335
EventHelper:0.2635555555555556
