Env:0.6033333333333334
Util:0.38666666666666666
PrintWorkerPO:0.37333333333333335
MRole:0.37
PrintWorker:0.3566666666666667
ReportCtl:0.24666666666666667
AMenu:0.2
Bootstrap:0.195
AReport:0.16333333333333333
MPrinterDocumentFormat:0.15666666666666668
DataEngine:0.15666666666666668
Formats:0.10333333333333333
RuleXMLParser:0.09333333333333334
PrinterDocumentCtrl:0.08666666666666667
Constants:0.06333333333333334
Viewer:0.06
ParseFormat:0.04666666666666667
PrintFormatXMLParser:0.014166666666666666
