ReceivedEmail:0.7866666666666666
ReceiveMailSession:0.4666666666666667
EmailUtil:0.31333333333333335
