MapServiceContext:0.8666666666666667
AbstractEvictableRecordStore:0.38666666666666666
DefaultMapServiceContext:0.3433333333333333
