KoelnerPhonetik:0.5716666666666667
MoreExpressionTests:0.505
PhoneticTokenFilterFactory:0.2157777777777778
