Toolbox:0.49333333333333335
Cooccurrence:0.44
Project:0.34
InternalView:0.27666666666666667
