AxisAlignedBoundingBox:0.52
KdTree:0.4066666666666667
MxCifQuadTree:0.30666666666666664
XYPoint:0.2866666666666667
DataStructuresTiming:0.2866666666666667
Data:0.2675
PointRegionQuadTree:0.21333333333333335
QuadTreeTests:0.18333333333333332
KdNode:0.13
XYZPoint:0.12
QuadTree:0.11587301587301586
