UpdateCheckRunner:0.5733333333333334
UpdateManager:0.4666666666666667
UpdateChecker:0.25333333333333335
