Canvas:0.43333333333333335
EuropePanel:0.37333333333333335
CanvasKeyListener:0.21944444444444447
DragListener:0.18666666666666668
CargoPanel:0.18666666666666668
DocksPanel:0.18666666666666668
