Extension:0.5466666666666666
JFXSandboxRenderer:0.36
ExtensionException:0.3
JFXSandbox:0.21666666666666667
ClassExtension:0.18
ExtensionElement:0.1322222222222222
FXMLExtension:0.11666666666666667
SandboxManager:0.08
SandboxConfigurationHandler:0.07
ExtensionWidget:0.03666666666666667
