BindingUtil:0.69
GeneratedMethodBinding:0.49
RewriterTest:0.29
MetadataGenerator:0.2733333333333333
ObjectiveCSourceFileGenerator:0.26
DestructorGenerator:0.19222222222222224
Functionizer:0.19
CopyAllFieldsWriter:0.13
