ShadowDummyClass:0.42042857142857143
ShadowWindow:0.38166666666666665
ShadowConnectivityManager:0.2833333333333333
ShadowTime:0.27666666666666667
ShadowTypeface:0.27
ShadowActivityManagerTest:0.24666666666666667
ShadowWranglerUnitTest:0.22666666666666666
ShadowWindowTest:0.13333333333333333
