Row:0.57
TableView:0.30333333333333334
PosPanel:0.2866666666666667
TableViewAdapter:0.20522222222222222
LookupRenderer:0.16333333333333333
LookupEditor:0.01
