OCSPUtil:0.5066666666666667
OCSPServletBase:0.39
TransactionLogger:0.24666666666666667
AuditLogger:0.20333333333333334
