PlacemarkWriter:0.6566666666666666
ReportKML:0.29333333333333333
