SerializationBuilder:0.44333333333333336
ChronicleMapBuilder:0.4166666666666667
OpenJDKAndHashMapExamplesTest:0.3
CopyingMetaBytesInterop:0.29333333333333333
VanillaChronicleMap:0.27166666666666667
SizeMarshallers:0.16055555555555553
ConstantSizeMarshaller:0.023333333333333334
