RubyScriptStructureBuilder:0.58
RdtPosition:0.43133333333333335
DefaultOccurrencesFinder:0.3333333333333333
DefaultReferenceFinder:0.33
TypeInferenceHelper:0.23666666666666666
