IndexShardRoutingTable:0.5533333333333333
IndexRoutingTable:0.30666666666666664
JavaScriptScriptMultiThreadedTests:0.2633333333333333
PythonScriptMultiThreadedTests:0.21083333333333334
InternalSettingsPreparer:0.1811111111111111
TransportValidateQueryAction:0.17
