CreateAnalyzer:0.37333333333333335
TimestampLiteral:0.32
TimeLiteral:0.295
LogicalBinaryExpression:0.28
CurrentTime:0.28
Extract:0.26641269841269843
DropTable:0.25
DateLiteral:0.23833333333333334
SqlParserOptions:0.12
