TryCatch:0.6133333333333333
RobolectricGeneratorAdapter:0.33555555555555555
SandboxClassLoader:0.30333333333333334
OldClassInstrumentor:0.27
ShadowDecorator:0.15666666666666668
