Update:0.6683888888888888
Database:0.5666666666666667
DBConnection:0.39
Query:0.20666666666666667
ParameterAssigner:0.12666666666666668
SQLUpdate:0.10666666666666667
