ProtocolHelper:0.665
CommandMonitoringTest:0.35333333333333333
CommandResultCallback:0.32
CommandProtocol:0.29
ResponseBuffers:0.11666666666666667
