NavigationManager:0.5066666666666667
MainActivity:0.3933333333333333
BaseNavigationManager:0.38333333333333336
ToolbarManager:0.37333333333333335
