DatabaseComment:0.28
Comment:0.27166666666666667
DatabaseTrackback:0.20666666666666667
DatabasePingback:0.2
Trackback:0.19416666666666665
Pingback:0.15833333333333333
