AccessTokenManager:0.84
AbstractZoneModule:0.36
RemoteApplicationManagerImpl:0.31666666666666665
AccessTokenManagerImpl:0.22333333333333333
RemoteAccessoryTag:0.2
NameSearchServlet:0.14333333333333334
DispatchServer:0.13666666666666666
