BuildLoopQueryService:0.5355555555555557
ForceBuildController:0.39
ForceBuildControllerTest:0.2966666666666667
TextView:0.09333333333333334
