QueueChannel:0.47333333333333333
OwnedSynchronizer:0.3983333333333333
SimpleConditionSynchronizer:0.36333333333333334
