ItemWriteListener:0.7
CountingStepListenerSupport:0.29333333333333333
CompositeItemReadListener:0.2866666666666667
CompositeStepExecutionListener:0.2866666666666667
CompositeItemWriteListener:0.2833333333333333
CompositeChunkListener:0.2733333333333333
CompositeSkipListener:0.2733333333333333
OrderedCompositeTests:0.27
CompositeExecutionJobListener:0.26666666666666666
MulticasterBatchListener:0.25666666666666665
MulticasterBatchListenerTests:0.25
StepListenerSupport:0.2225
ItemOrientedStepHandler:0.20833333333333334
ItemListenerSupport:0.19083333333333333
CompositeItemWriteListenerTests:0.13666666666666666
SimpleStepFactoryBeanTests:0.11666666666666667
OrderedComposite:0.11333333333333333
DefaultItemFailureHandler:0.006666666666666667
