Materialisation:0.47333333333333333
Materialisation_Old:0.3
ExtendPreMatch:0.21666666666666667
SingulariseNode:0.19333333333333333
MatOp:0.1761111111111111
MaterialiseNode:0.15666666666666668
CleanupImpossibleEdges:0.08333333333333333
SetPermutation:0.02
