BaseMultiLayerNetwork:0.6433333333333333
DBN:0.3383333333333333
StackedDenoisingAutoEncoder:0.3383333333333333
