MultipleBuffersLocation:0.76
NioObject:0.5341666666666667
RemoteNodeMessage:0.22515873015873017
