WebPrincipal:0.7266666666666667
PublicWebPrincipal:0.4266666666666667
EjbcaWebBean:0.26
ApprovalDataVOView:0.23
RequestInstance:0.20333333333333334
RAInterfaceBean:0.19333333333333333
ApplyBean:0.18
RegisterReqBean:0.17666666666666667
CertDistServlet:0.16666666666666666
ScepServlet:0.16333333333333333
AutoEnrollServlet:0.14666666666666667
DemoCertReqServlet:0.14666666666666667
RenewServlet:0.13666666666666666
CmpServlet:0.13666666666666666
CmpTcpCommandHandler:0.12333333333333334
