SeekBar:0.5
RangeSeekBar:0.43666666666666665
CarbonResources:0.32
SeekBarPopup:0.3
GroupViewHolder:0.29333333333333333
Chip:0.25
ExpandableFruitAdapter:0.21
SimpleGroupViewHolder:0.06333333333333334
