AuditLogger:0.4066666666666667
TransactionLogger:0.4066666666666667
OCSPServletBase:0.3466666666666667
