MulticastRegistry:0.3933333333333333
ConfigUtils:0.3566666666666667
FailoverClusterInvoker:0.18
CompatibleTypeUtils:0.18
TimeoutFilter:0.17666666666666667
Main:0.14777777777777776
PageServlet:0.11666666666666667
