RealConnection:0.43
EventListenerTest:0.31333333333333335
StreamAllocation:0.29
RecordingEventListener:0.14666666666666667
SecureConnectEnd:0.056666666666666664
SecureConnectStart:0.018333333333333333
