AccumulatorCompiler:0.3933333333333333
AggregationMetadata:0.37
ParameterMetadata:0.22666666666666666
MaxByAggregations:0.22
AggregationCompiler:0.21
