Handler:0.6342222222222221
MacOSPlugin:0.4533333333333333
MacOSHandler:0.33666666666666667
MacOSOptionPane:0.2866666666666667
