SVGExporter:0.5566666666666666
JFXSnapshotInitializer:0.2633333333333333
SwingSnapshotInitializer:0.2633333333333333
SnapshotPlugin:0.19
SaveSVGAction:0.17
LibrariesChecker:0.14666666666666667
SVGExtensionHandler:0.14333333333333334
SVGJFXExporter:0.10666666666666667
SVGSwingExporter:0.1
ConvertorSVGGraphics2D:0.09
SVGSwingServerExporter:0.06
AbstractSVGServerExporter:0.013333333333333334
SVGJFXServerExporter:0.006666666666666667
AbstractPPTServerExporter:0.0033333333333333335
