JDBCDataStore:0.7911111111111111
OracleDataStore:0.6624444444444445
