DisplayTest:0.7266666666666667
SysTest:0.4188888888888889
