ResourceLoader:0.74
ShadowApplication:0.5533333333333333
MenuLoader:0.37
PackageResourceLoader:0.3
RobolectricTestRunner:0.25
ResourceLoaderTest:0.19666666666666666
ShadowContext:0.18666666666666668
ShadowMenuInflater:0.17666666666666667
RobolectricTestRunnerTest:0.16
MenuInflaterTest:0.07666666666666666
