ArticleAPI2:0.5077777777777777
DomainAPI2:0.13666666666666666
TagAPI2:0.13666666666666666
