NTLMEngine:0.6033333333333334
CipherGen:0.22994444444444445
NettyRequestFactory:0.22666666666666666
Type2Message:0.21638888888888885
AsyncHttpClientFilter:0.21333333333333335
ProxyAuthorizationHandler:0.19666666666666666
HttpProtocol:0.19333333333333333
ProxyFilter:0.19
Type1Message:0.14666666666666667
Type3Message:0.14333333333333334
HMACMD5:0.1205
