Custom:0.35333333333333333
PrivateCustomPlugin:0.31366666666666665
TransportClusterStateAction:0.30333333333333334
SimpleClusterStateIT:0.3
TestCustom:0.15
ClusterStateRequestBuilder:0.11666666666666667
