ActivityScanerCode:0.8233333333333334
ActivityCodeTool:0.38
ActivityBaseLocation:0.20666666666666667
ApplicationRxTools:0.17
