DBRef:0.5313888888888889
JSON:0.17666666666666667
DBObjectTest:0.17333333333333334
