RegisteredServiceAuthenticationHandlerResolverTests:0.29333333333333333
DefaultServicesManagerImplTests:0.2733333333333333
CasCoreServicesConfiguration:0.18333333333333332
ManageRegisteredServicesMultiActionControllerTests:0.17666666666666667
SamlRegisteredServiceTests:0.15333333333333332
ServiceThemeResolverTests:0.15333333333333332
Saml10SuccessResponseViewTests:0.15333333333333332
RegisteredServiceSimpleFormControllerTests:0.14
LogoutActionTests:0.14
