NormalState:0.43
NormalAutomaton:0.36333333333333334
SimpleAutomaton:0.28
TypeGuard:0.24666666666666667
AutomatonTest:0.043333333333333335
AutomatonConstructionTest:0.006666666666666667
AllRelTests:0.0
