ParsedStatement:0.56
QueryPlanner:0.39
NodeExecutionContext:0.32666666666666666
SQLResponseBuilder:0.30333333333333334
TransportSQLActionTest:0.29
ESRequestBuilder:0.2833333333333333
QueryVisitorTest:0.24666666666666667
QueryVisitor:0.20333333333333334
TableVisitorTest:0.13666666666666666
SQLFacetExecutor:0.13666666666666666
InsertVisitorTest:0.11666666666666667
