CustomDocumentHandler:0.8233333333333334
MyCustomObject:0.3687222222222222
TestXml:0.27826190476190477
