DriverFactory:0.5466666666666666
Visitor:0.36333333333333334
LocalQueryRunner:0.26
LocalExecutionPlanContext:0.2388888888888889
SqlTaskExecution:0.2088888888888889
IndexBuildDriverFactoryProvider:0.15
AbstractSimpleOperatorBenchmark:0.12333333333333334
