Printer:0.7066666666666667
GenericExtruder:0.44333333333333336
Producer:0.27111111111111114
GenericRepRap:0.24333333333333335
GCodeRepRap:0.22
VelocityProfile:0.21444444444444447
LayerRules:0.18666666666666668
StepperPositionJPanel:0.18
PrintTabFrame:0.17
