PhysicalCondition:0.8733333333333333
PersonTableModel:0.22555555555555556
EatMeal:0.21833333333333332
EatDessert:0.21833333333333332
Crop:0.20166666666666666
EatDessertMeta:0.13333333333333333
TabPanelHealth:0.12666666666666668
EatMealMeta:0.12333333333333334
