BaseNeuralNetwork:0.5533333333333333
LFWRBMExample:0.25666666666666665
CRBM:0.23347619047619048
MnistDataFetcher:0.21
RawMnistRBMExample:0.20333333333333334
TfidfVectorizer:0.18666666666666668
