MongoSession:0.6024444444444443
TestMongoIntegrationSmokeTest:0.43555555555555553
