UtilFile:0.6333333333333333
RootScope:0.25666666666666665
ResultPanel:0.22833333333333333
DocFetcher:0.22833333333333333
Const:0.195
HTMLParser:0.1588888888888889
Modifiable:0.13333333333333333
