WindowTest:0.525
JavaScriptEngineTest:0.3233333333333333
JavaScriptEngine2Test:0.27666666666666667
JavaScriptJobManagerTest:0.23666666666666666
