GUIUtilities:0.67
VFSBrowser:0.35333333333333333
RolloverButton:0.22333333333333333
DefaultTokenHandler:0.2
HelpViewer:0.19333333333333333
SoftWrapTokenHandler:0.15666666666666668
FavoritesMenuButton:0.13527777777777777
PluginsMenuButton:0.13527777777777777
CommandsMenuButton:0.12944444444444445
