Options:0.7566666666666667
Import:0.41400000000000003
SourceFileGenerator:0.31
