ShadowView:0.5266666666666666
RobolectricClassLoader:0.38
ShadowViewGroup:0.35333333333333333
ContextTest:0.34
ShadowBitmapFactory:0.31333333333333335
ViewGroupTest:0.2833333333333333
ShadowApplication:0.23666666666666666
RobolectricTest:0.19333333333333333
BitmapFactoryTest:0.15666666666666668
ViewTest:0.09333333333333334
ShadowLinearLayout:0.04
MyView:0.016666666666666666
ShadowLayoutParams:0.006666666666666667
ShadowFrameLayout:0.0
ShadowAbsoluteLayout:0.0
