MsgPong:0.57
IPUtils:0.5011111111111112
MsgPing:0.4866666666666667
