AbstractFormatterFactory:0.6283333333333333
ClassMethodKeyTests:0.5322222222222223
