AdminServerProperties:0.25666666666666665
ReactiveRestApiConfiguration:0.19666666666666666
ServletRestApiConfirguation:0.19666666666666666
InstancesServletProxyController:0.16666666666666666
InstancesReactiveProxyController:0.16666666666666666
AbstractInstancesProxyController:0.13666666666666666
InstanceProxyProperties:0.016666666666666666
