ProjectSetup:0.45666666666666667
LibraryDef:0.24111111111111108
BaseProjectConfiguration:0.014071428571428572
