PhysicalCondition:0.6666666666666666
ConstructBuilding:0.36666666666666664
Mind:0.3566666666666667
UnitManager:0.21333333333333335
LoadVehicleGarage:0.2111111111111111
LoadVehicleEVA:0.21
RobotJob:0.19305555555555554
TradeUtil:0.18666666666666668
ConstructBuildingMeta:0.18333333333333332
MetaTaskUtil:0.14
Constructionbot:0.12333333333333334
