Robolectric:0.574388888888889
VibratorTest:0.39666666666666667
