UpdateTask:0.2833333333333333
TransportMasterNodeOperationAction:0.27666666666666667
UpdateMappingTests:0.24333333333333335
MetaDataMappingService:0.21333333333333335
TransportGetMappingsAction:0.19
PublishClusterStateRequestHandler:0.15
