ProcessInstanceBean:0.53
TimelineView:0.3566666666666667
ProcessManagerComponent:0.33
ProcessInstancesView:0.29333333333333333
ProcessInstanceToolsView:0.08333333333333333
