Publication:0.6966666666666667
PublicationTest:0.3433333333333333
ClientConductor:0.33
PublicationManagedResource:0.25333333333333335
