Base64:0.44333333333333336
GetUserModelFromADPrivilegedAction:0.29
InputStream:0.26666666666666666
ITrackerServices:0.24666666666666667
