VertxHttp2Handler:0.5518888888888889
HttpConnection:0.3296428571428571
