TryTest:0.45
Predicates:0.3333333333333333
PredicatesTest:0.21333333333333335
