ParameterizedContextMapper:0.49083333333333334
SimpleLdapTemplateITest:0.39666666666666667
AbstractParameterizedContextMapper:0.2833333333333333
SimpleLdapOperations:0.28
SimpleLdapTemplate:0.17666666666666667
