BotTaskEditor:0.8011111111111111
BotResourcesLabelProvider:0.22666666666666666
