AppearanceExport:0.47333333333333333
ParallelogramExport:0.33666666666666667
BoxExport:0.16666666666666666
PlaneExport:0.04
CylinderExport:0.03666666666666667
ConeExport:0.03666666666666667
