SyncManagerComponent:0.6
AbstractMiniApplication:0.5766666666666667
BgpSyncProvider:0.3566666666666667
MiniApplicationEventtListener:0.27051984126984113
MiniAppRackView:0.23333333333333334
PortBean:0.20666666666666667
RemoteSynchronizationProvider:0.18
MiniAppRackSelector:0.17
MiniAppInstallation:0.14
ConfigureSyncGroupMiniApp:0.08
SyncManagerModule:0.07333333333333333
