NameTable:0.6466666666666666
Functionizer:0.45666666666666667
FunctionizerTest:0.32
TranslationProcessor:0.28
