ExtOCSPHealthCheck:0.48333333333333334
EJBCAHealthCheck:0.37666666666666665
HealthCheckServlet:0.19333333333333333
CommonHealthCheck:0.17
WebEjbcaHealthCheckTest:0.1
IHealthCheck:0.08738888888888888
WebHealthTestAbstract:0.04
WebOcspHealthCheckTest:0.03333333333333333
AbstractHealthServlet:0.016666666666666666
OCSPHealthServlet:0.0
