Analysis:0.8011111111111111
StatementAnalyzer:0.27666666666666667
AnalyzerTest:0.04
Planner:0.03333333333333333
