FileUtils:0.58
DeleteStudyService:0.4033333333333333
FileSystemMgt2Service:0.38333333333333336
UpgradeToEnhancedMFService:0.2733333333333333
