Column:0.6266666666666667
FormatUtils:0.5466666666666666
Entity:0.3433333333333333
OpenXavaUtils:0.25333333333333335
ColumnDDLUtils:0.24333333333333335
ColumnAbstract:0.24333333333333335
ColumnUtils:0.22666666666666666
BaseColumn:0.19416666666666665
ColumnBaseAbstract:0.17333333333333334
ColumnUMLNotation:0.11
