BitMatrixParser:0.7487777777777778
CenterComparator:0.2833333333333333
