Indi:0.43
PropertyName:0.39
PropertyDate:0.37
PropertySex:0.2638888888888889
PropertyChoiceValue:0.23666666666666666
Interpreted:0.21333333333333335
Format:0.17333333333333334
