AdminModule:0.88
AbstractAdminModule:0.33
AjaxController:0.30333333333333334
ManageQuotasController:0.22333333333333333
WebKeys:0.043333333333333335
