MTreeItem:0.1653906
MTable:0.15529016
MTreeModel:0.13919377
MTreeScanner:0.030165765
