MigrationTestCase:0.6144444444444445
DbMigrate:0.37666666666666665
