WidgetTester:0.6233333333333333
BasicFinder:0.42
FinderTest:0.35
Robot:0.30666666666666664
WidgetTesterTest:0.25
ClassMultiMatcherTest:0.25
WidgetReference:0.24333333333333335
Logger:0.23666666666666666
ArgumentParser:0.18333333333333332
AbbotSwtPlugin:0.17
SimpleResolver:0.15333333333333332
CompositeMatcherTest:0.11333333333333333
CelsiusConverterTest:0.11111111111111112
AllTests:0.06
CompositeMatcher:0.04666666666666667
