InsertBenchmark:0.49666666666666665
SelectBenchmark:0.36333333333333334
BenchmarkBase:0.32666666666666666
UpdateBenchmark:0.30666666666666664
DeleteBenchmark:0.2966666666666667
