User:0.5766666666666667
Permission:0.4622222222222222
