Printer:0.8033333333333333
RFO:0.65
PrintTabFrame:0.43666666666666665
GenericRepRap:0.37666666666666665
RepRapBuild:0.31
Main:0.2833333333333333
