JbpmDefinitionLogic:0.33
JbpmCommonLogic:0.3233333333333333
DefinitionDelegateGetLatestProcessDefinitionStubsTest:0.25666666666666665
DefinitionServiceDelegateLocalImpl:0.18666666666666668
DefinitionServiceDelegateRemoteImpl:0.18666666666666668
JbpmDefinitionServiceBean:0.18666666666666668
DefinitionServiceImpl:0.15
BaseDeployProcessDefinitionAction:0.15
DeployDefinitionFormTag:0.15
