Fiber:0.6133333333333333
Supervisor:0.39666666666666667
Strand:0.2966666666666667
Channel:0.29333333333333333
LocalActor:0.24
FiberOwnedSynchronizer:0.22333333333333333
ThreadOwnedSynchronizer:0.21333333333333335
AddChildMessage:0.20333333333333334
ChannelGroup:0.17333333333333334
FiberStrand:0.17
ThreadStrand:0.16666666666666666
SupervisorTest:0.05333333333333334
