CriticalPair:0.8488888888888888
TestDeleteUse:0.37333333333333335
