XMPPChatTransmitter:0.49333333333333335
JingleFileTransferData:0.47560317460317453
FileTransferTCPReceiver:0.31
FileTransferTCPTransmitter:0.27
