TermsAggregatorFactory:0.34
StringTermsAggregator:0.32666666666666666
StringTermsTests:0.30583333333333335
TermsParser:0.30333333333333334
TermsBuilder:0.23
