PolygonContext:0.41333333333333333
MapItemPaints:0.38333333333333336
MapItemsRenderer:0.36484126984126986
LineContext:0.36333333333333334
AbstractMapItemList:0.35333333333333333
SwingMapItemTexture:0.25666666666666665
SwingFactory:0.25666666666666665
ServerConfigurationParser:0.24666666666666667
PicturesHandler:0.24
FilledPolyStartRenderer:0.19472222222222227
MapItemListRenderer:0.19333333333333333
LineSegmentRenderer:0.18666666666666668
SwingPolygonContext:0.16666666666666666
ImagesParser:0.12666666666666668
ProjectionTask:0.09444444444444444
LineStartRenderer:0.08922222222222223
LineArcRenderer:0.08333333333333333
TriangleEndRenderer:0.03333333333333333
TriangleEndDoubleRenderer:0.03333333333333333
SymbolRunwayRenderer:0.016666666666666666
LegendRenderer:0.016666666666666666
TriangleSegmentDoubleRenderer:0.01
SymbolCircleRenderer:0.01
SymbolRectangleRenderer:0.006666666666666667
SymbolOvalRenderer:0.006666666666666667
LegendAnchorRenderer:0.006666666666666667
SymbolRotatedRenderer:0.0033333333333333335
SymbolGenericRenderer:0.0033333333333333335
SymbolTargetRenderer:0.0033333333333333335
AbstractTriangleStartRenderer:0.0025
DrawLineToCursorRenderer:0.0025
ItemStyleRenderer:0.0
TriangleStripStartRenderer:0.0
TriangleSegmentRenderer:0.0
TriangleFanStartRenderer:0.0
