GsonMessageBodyProvider:0.38666666666666666
Constitution:0.37666666666666665
GsonStreamer:0.3
NameForms:0.2816666666666667
JdkOnlyTest:0.24
JacksonStreamer:0.21666666666666667
JaxrsTest:0.17
LessVisibleImplementation:0.14333333333333334
OutsideBuildableNew:0.12666666666666668
HiddenImplementation:0.11333333333333333
OutsideBuildable:0.09877777777777777
StreamingOptions:0.056666666666666664
GsonProviderOptions:0.02666666666666667
