Stage:0.44666666666666666
Group:0.43666666666666665
Event:0.36
GestureDetector:0.27666666666666667
GestureListener:0.268984126984127
GestureAdapter:0.22333333333333333
VelocityTracker:0.11
Scene2dTest:0.057777777777777775
TouchFocus:0.013055555555555556
