WorkflowProcessUtils:0.6433333333333333
DefinitionModuleImpl:0.5133333333333333
BuildDefinitionDivs:0.3563888888888889
