adap:0.45666666666666667
BasicFunctions:0.28
catelogGrid:0.28
paginator:0.23666666666666666
TestExpandableRV:0.19666666666666666
regular:0.19166666666666668
SampleDataboxset:0.16
TestAdvancedAdmobActivity:0.13
catelogLinear:0.11666666666666667
