SequenceBean:0.6555555555555557
RegenerateFullTextIndices:0.33
SearchAllObjects:0.3233333333333333
SearchAllSequences:0.17333333333333334
SearchAllTerms:0.17
