Main:0.7466666666666667
CruiseControlControllerAgent:0.3466666666666667
MainTest:0.21333333333333335
