JpaTicketRegistry:0.48333333333333334
HazelcastTicketRegistry:0.47
CasCoreTicketsConfiguration:0.39666666666666667
JpaTicketRegistryConfiguration:0.09666666666666666
HazelcastTicketRegistryConfiguration:0.09
HazelcastTicketRegistryMapsConfiguration:0.016666666666666666
JpaTicketRegistryTicketMetadataConfiguration:0.013333333333333334
