XMPPChatTransmitter:0.4744444444444445
Saros:0.4666666666666667
SharedProject:0.42
ActivitySequencer:0.41
ITransmitter:0.19583333333333333
