Packet:0.7766666666666666
Reply:0.5766666666666667
IcmpMonitor:0.2
