BuchiGraph:0.6333333333333333
BuchiLocation:0.4533333333333333
AbstractModelCheckingStrategy:0.3333333333333333
ModelChecking:0.31
BuchiTransition:0.29
NASABuchiGraphTest:0.14
LTL2BuchiGraphTest:0.12
DefaultBuchiLocation:0.10333333333333333
BuchiGraphFactory:0.09333333333333334
LTL2BuchiTransition:0.08611111111111111
AbstractBuchiGraph:0.07333333333333333
TransformEdgeVisitor:0.05888888888888888
NASABuchiTransition:0.056666666666666664
BuchiLabel:0.04666666666666667
LTL2BuchiGraph:0.041944444444444444
NASABuchiGraph:0.03527777777777778
TransformNodeVisitor:0.02666666666666667
NASABuchiLabel:0.018333333333333333
LTL2BuchiLabel:0.01
DefaultBuchiTransition:0.0033333333333333335
