ServerJob:0.51
AbstractNioContext:0.29
AbstractNodeContext:0.29
NodeNioServer:0.2633333333333333
JMXConnectionWrapper:0.22333333333333333
DriverJobManagement:0.17666666666666667
LifeCycleTask:0.16666666666666666
ServerDebug:0.16666666666666666
ServerDebugMBean:0.15833333333333333
CancelJobRunner:0.006666666666666667
