Registry:0.5866666666666667
App:0.4033333333333333
