BulkWriteResult:0.6825555555555555
AcknowledgedBulkWriteResult:0.41333333333333333
UnacknowledgedBulkWriteResult:0.29
BulkWriteBatchCombiner:0.25666666666666665
WriteCommandResultHelper:0.22666666666666666
