BiojavaManager:0.53
CDKManager:0.4166666666666667
JsEnvironment:0.37666666666666665
