PingPongLatencyTestRunner:0.5333333333333333
Ping:0.503611111111111
Pong:0.3233333333333333
