ClassInfo:0.6233333333333333
Deobfuscator:0.37666666666666665
DeobfClsInfo:0.31
NameMapper:0.17
