Cell:0.8638888888888888
BasicEditor:0.4033333333333333
