JaxbGxlIO:0.5033333333333333
DefaultArchiveSystemStore:0.4455555555555556
DefaultGxl:0.20666666666666667
