Parser:0.5133333333333333
SemanticContext:0.31833333333333336
OR:0.30333333333333334
AND:0.30333333333333334
ParserATNSimulator:0.28
PrecedencePredicate:0.27599999999999997
DFA:0.2733333333333333
TestParseErrors:0.25333333333333335
TestLeftRecursion:0.25
