GraphModMine:0.6566666666666666
ModMineAdapter:0.44666666666666666
DatabaseManager:0.29
