ThreadInfo:0.6433333333333333
JVM:0.4033333333333333
DynamicArea:0.38
ThreadList:0.3233333333333333
