ThunderbirdCrawler:0.6713888888888889
DATASOURCE_GEN:0.25594227994228
