T_639NumbersTableRecord:0.5866666666666667
T_639NumbersTable:0.4583333333333333
XUnused:0.4583333333333333
XUnusedRecord:0.43
