TraditionalPersonDaoImpl:0.7016666666666667
PersonDaoImpl:0.6133333333333333
