GrammarAST:0.44333333333333336
Tool:0.32
LexerATNFactory:0.28488888888888897
Utils:0.27
ActionTranslator:0.27
ParserFactory:0.24333333333333335
Target:0.24
AttributeDict:0.22
BufferedTokenStream:0.21333333333333335
TokenRewriteStream:0.20666666666666667
SymbolChecks:0.19333333333333333
BlockAST:0.17905555555555555
