CompatibilityTest:0.38
IncompatibleChange:0.34
IndexGenerator:0.2966666666666667
UmlProcessor:0.25
KeywordType:0.14566666666666667
AssociationType:0.14566666666666667
Classification:0.14566666666666667
MaintenanceFrequency:0.14566666666666667
CoverageContentType:0.14566666666666667
DateType:0.14566666666666667
CodeListTest:0.023333333333333334
