OsgiServiceBindingUtils:0.3471666666666667
OsgiServiceUtils:0.3233333333333333
OsgiServiceFactoryBean:0.30666666666666664
ApplicationContextConfiguration:0.27666666666666667
ServiceWrapper:0.2633333333333333
AbstractRefreshableOsgiBundleApplicationContext:0.24666666666666667
OsgiServiceProxyFactoryBean:0.21666666666666667
Listener:0.19333333333333333
OsgiBundleUtils:0.18666666666666668
OsgiServiceDynamicInterceptorTest:0.1827777777777778
OsgiServiceDynamicInterceptor:0.17666666666666667
AbstractBundleXmlApplicationContextTest:0.17
ConfigurableOsgiBundleApplicationContext:0.16166666666666665
SpringBundleEvent:0.145
OsgiServiceInvokerTest:0.14333333333333334
OsgiBundleXmlApplicationContext:0.11666666666666667
ConfigUtils:0.09666666666666666
TargetSourceLifecycleListenerWrapper:0.07916666666666666
HeaderConstantsTest:0.07
ApplicationContextConfigurationTest:0.07
EntryLookupControllingMockBundle:0.058333333333333334
OsgiServiceUtilsTest:0.016666666666666666
OsgiBundleUtilsTest:0.014166666666666666
