WebRequestSettings:0.73
HTMLSelectElementTest:0.32666666666666666
DocumentTest:0.2866666666666667
XMLDocumentTest:0.27666666666666667
HtmlAnchorTest:0.2733333333333333
WebClientTest:0.20666666666666667
XMLHttpRequestTest:0.20333333333333334
HtmlFormTest:0.20333333333333334
WindowTest:0.20333333333333334
UrlUtilsTest:0.19666666666666666
HTMLFrameElementTest:0.19666666666666666
HtmlPageTest:0.19333333333333333
LocationTest:0.18333333333333332
