SingleConsumerQueueBenchmark:0.5033333333333333
ReadBufferBenchmark:0.08333333333333333
PollCounters:0.0
OfferCounters:0.0
RecordCounter:0.0
