Graph:0.6633333333333333
QState:0.43333333333333335
CompiletimeModel:0.27
