BaseLayer:0.5833333333333334
LossLayer:0.4644444444444444
ActivationLayer:0.3408333333333333
