ClientTracer:0.54
SynchronizedAtomicHelper:0.36333333333333334
SerializingExecutor:0.28
AtomicHelper:0.24666666666666667
ServerTracer:0.14
ClientCallTracer:0.11666666666666667
FieldUpdaterAtomicHelper:0.11
