WriteHandler:0.47
AbstractTextCommand:0.4066666666666667
DataAdapter:0.36
SocketWritable:0.2946666666666667
