Shell:0.8766666666666667
ConsoleBeanShell:0.2633333333333333
RunActionHandler:0.12333333333333334
