Suite:0.295
ListOQLTest:0.2866666666666667
ListHQLTest:0.2866666666666667
FormsOQLTest:0.19
FormsHQLTest:0.19
