IRmiSWTWorkbenchBot:0.6835555555555556
RmiSWTWorkbenchBot:0.45666666666666667
SarosConditions:0.15666666666666668
TestAllParticipantsFollowDriver:0.07333333333333333
IsEditorOpen:0.05333333333333334
IsEditorClosed:0.043333333333333335
