SerializationServiceImpl:0.37666666666666665
ByteArrayObjectDataOutput:0.35
BufferObjectDataOutput:0.3375396825396825
Node:0.30666666666666664
UnsafeObjectDataOutput:0.28
SerializationServiceBuilder:0.21
GroupProperties:0.06
