PeerGroup:0.7233333333333334
PeerGroupTest:0.24666666666666667
PeerHandler:0.20166666666666666
PeerMonitor:0.18
NetworkHandler:0.10333333333333333
