NettyClient:0.32666666666666666
MinaClient:0.32666666666666666
AbstractClient:0.30666666666666664
NettyServer:0.2833333333333333
MinaServer:0.2833333333333333
GrizzlyServer:0.17333333333333334
ClusterUtils:0.11666666666666667
