RobolectricProcessorTest:0.49666666666666665
RealObjectValidatorTest:0.2966666666666667
ImplementsValidatorTest:0.21333333333333335
Utils:0.21031746031746032
ResetterValidatorTest:0.19666666666666666
SingleClassSubject:0.15666666666666668
ImplementationValidatorTest:0.1
