XPathParser:0.6266666666666667
XMLMapperBuilder:0.3622222222222222
NodeEventParser:0.2733333333333333
XMLConfigBuilder:0.25
XPathParserTest:0.17333333333333334
