Utils:0.7466666666666667
SarosSessionManager:0.3233333333333333
XMPPTransmitter:0.29
AddProjectToSessionWizard:0.2633333333333333
AddToSessionAction:0.14666666666666667
GeneralNewSessionAction:0.12666666666666668
