Discovery:0.6133333333333333
JUnitPlatform:0.30333333333333334
CommandLineOptions:0.26
ClasspathScanningSupport:0.18666666666666668
DiscoveryRequestCreator:0.18166666666666667
DiscoveryFilterApplier:0.17333333333333334
JOptSimpleCommandLineOptionsParserTests:0.16166666666666665
DiscoveryFilterApplierTests:0.15833333333333333
AvailableOptions:0.13
DiscoveryRequestCreatorTests:0.11666666666666667
