AbstractMobyImpl:0.5666666666666667
IMobyServiceImpl:0.48
DownloadGenbankMoby:0.41333333333333333
BiomobyManager:0.38333333333333336
