ATNConfigSet:0.8433333333333334
Array2DHashSet:0.6543333333333333
