ClassBodyWriter:0.28833333333333333
FieldWriter:0.2561111111111111
Modifiable:0.24
MethodWriter:0.23055555555555557
ClassWriter:0.23
ConstructorWriter:0.21722222222222223
VariableWriter:0.215
EnumWriter:0.17900000000000002
InterfaceWriter:0.17233333333333334
