BootstrapProgressBar:0.62
BootstrapProgressBarGroup:0.42333333333333334
BootstrapButton:0.30666666666666664
ProgressView:0.17833333333333334
BootstrapProgressBarGroupExample:0.023333333333333334
