NewFrontier:0.5766666666666667
NewWorkQueue:0.5316666666666666
