Generator:0.6033333333333334
Database:0.5758333333333333
PostgresDatabase:0.3511111111111111
JavaGenerator:0.3333333333333333
AbstractDatabase:0.29333333333333333
FirebirdDatabase:0.26666666666666666
GenerationTool:0.24111111111111114
AbstractGenerator:0.23333333333333334
