Domain:0.5733333333333334
UserAction:0.38666666666666666
AbstractUserAction:0.2733333333333333
Credentials:0.20333333333333334
