NDArray:0.5833333333333334
INDArray:0.49
ComplexNDArray:0.4266666666666667
NDArrays:0.42333333333333334
DummyNDArray:0.32666666666666666
NDArrayFactory:0.2500396825396825
JblasNDArrayFactory:0.235
NeuralNetworkOptimizer:0.17666666666666667
BaseNDArrayFactory:0.15666666666666668
NDArrayTests:0.14
NDArrayBlas:0.13444444444444442
LossFunctions:0.042222222222222223
