KeywordTokenizer:0.7166666666666667
KeywordTokenizerTest:0.3466666666666667
