TabPanelWeather:0.4166666666666667
Mines:0.2783333333333333
GameUIDemo2:0.19777777777777777
TabPanelFavorite:0.19666666666666666
TabPanelPowerGrid:0.16
ChatDemo:0.15877777777777777
GameUIDemo:0.15166666666666667
ListKeyEvents:0.1421111111111111
NodeDemo:0.1021111111111111
