OutputSettings:0.43333333333333335
Attributes:0.42333333333333334
Element:0.38333333333333336
Attribute:0.27666666666666667
Entities:0.26
BooleanAttribute:0.24333333333333335
Tag:0.20666666666666667
Node:0.20416666666666666
ParseSettings:0.16333333333333333
StringUtilTest:0.15666666666666668
DocumentType:0.14333333333333334
Dataset:0.12666666666666668
AttributesTest:0.10666666666666667
OuterHtmlVisitor:0.023333333333333334
