ListUI:0.6766666666666666
UIAction:0.41
Container:0.38
BasicTextUI:0.38
Component:0.37
TextUI:0.36
Event:0.3566666666666667
ButtonUI:0.3272804232804233
ESParser:0.31666666666666665
UIInspector:0.29
JPF_javax_swing_text_AbstractDocument:0.27051984126984113
JPFRunner:0.24666666666666667
Script:0.24
JPFAdapter:0.22666666666666666
ComponentUI:0.22333333333333333
UIActionGeneratorFactory:0.2
JPF_java_text_Bidi:0.19
StringSetGenerator:0.15333333333333332
BasicButtonUI:0.13666666666666666
SingleChoice:0.12
ScriptElementContainer:0.11666666666666667
JPF_java_awt_EventDispatchThread:0.1
Repetition:0.08
Alternative:0.07333333333333333
ScriptElement:0.07
JComponent:0.056666666666666664
Cursor:0.055
BasicTextFieldUI:0.0425
SetChoice:0.04
UIManager:0.0
