StoreScp:0.45
StgCmtScuScpService:0.2833333333333333
StoreScpService:0.27666666666666667
FileCopyService:0.23666666666666666
CompressionService:0.23666666666666666
