IOSApplication:0.5622222222222222
VertexAttributes:0.44666666666666666
TideMapLoader:0.3616666666666667
