DnsNameResolver:0.63
DnsNameResolverFactory:0.18333333333333332
DnsNameResolverTest:0.15666666666666668
FakeClock:0.09
MockResolver:0.08
