DataPoint:0.6866666666666666
SQLServer2005Dialect:0.45
PaginationTest:0.39666666666666667
