Request:0.66
Header:0.6366666666666667
Sender:0.2866666666666667
HttpDumper:0.17
PostSender:0.10666666666666667
FilePostSender:0.10666666666666667
