RequestBuilderTest:0.5933333333333334
RequestFactoryParser:0.37
JavaUriUrl:0.05333333333333334
StringUrl:0.05333333333333334
AndroidUriUrl:0.05333333333333334
