BackendBean:0.41
ClassInfoLight:0.32
ClassInfo:0.29444444444444445
ConfigurationItem:0.2733333333333333
View:0.25
KuwaibaWebservice:0.2
BackendBeanRemote:0.19416666666666665
ClassMetadata:0.16666666666666666
ObjectView:0.08666666666666667
