WordVectorsImpl:0.42333333333333334
AbstractVectors:0.4066666666666667
AsyncSequencer:0.3433333333333333
Builder:0.2966666666666667
VectorCalculationsThread:0.29
AbstractVectorsTest:0.21
