GridLayout:0.24333333333333335
Button:0.24333333333333335
FrameLayout:0.24333333333333335
RelativeLayout:0.24333333333333335
ImageView:0.24333333333333335
DrawerLayout:0.24333333333333335
LinearLayout:0.24333333333333335
