UserExt:0.45
UserMgmtService:0.3433333333333333
ArticleMgmtService:0.32
UserProcessor:0.24666666666666667
