Artifact:0.9083333333333333
ManualSwimlaneElement:0.38333333333333336
