IBioclipsePlugin:0.6766666666666666
PerspectiveSwitchQuestionDialog:0.62
CDKResource:0.3466666666666667
SpectrumResource:0.32666666666666666
ApplicationActionBarAdvisor:0.22333333333333333
BiojavaResource:0.16666666666666666
Bc_biojavaPlugin:0.1
Bc_cdkPlugin:0.1
bc_spectrumPlugin:0.1
CDKPerspectiveOpenPreferencePage:0.07333333333333333
PerspectiveOpenPreferencePage:0.07333333333333333
BioJavaPerspectiveOpenPreferencePage:0.07333333333333333
SpectrumPerspectiveOpenPreferencePage:0.07333333333333333
