RrCSGPolygon:0.4666666666666667
RrPolygon:0.39
Reprap:0.28
GenericExtruder:0.27749999999999997
LayerProducer:0.23
