ProcessingContext:0.71
ConfigurationProcessor:0.38333333333333336
CglibConfigurationEnhancer:0.3433333333333333
ClassConfigurationListener:0.26666666666666666
AbstractBeanMethodProcessor:0.13
