View:0.66
ColorTest:0.33
OnChangeSearchAction:0.21666666666666667
AuthorTest:0.18333333333333332
