Py:0.83
Options:0.4061111111111111
PySystemState:0.39416666666666667
CommandLineOptions:0.18
