ComponentTestFixture:0.4
JComboBoxTesterTest:0.32166666666666666
UnitTestSuite:0.24666666666666667
ChoiceTesterTest:0.24
AllTests:0.18555555555555556
ChoiceTester:0.03
