ShardManager:0.6448888888888888
RaptorMetadata:0.4533333333333333
DatabaseShardManager:0.37333333333333335
TestRaptorMetadata:0.32666666666666666
TestDatabaseShardManager:0.21666666666666667
