BloomFilter:0.5766666666666667
Membership:0.3233333333333333
CountMin4:0.2866666666666667
AddThisBloomFilter:0.19333333333333333
PeriodicResetCountMin4:0.19
GuavaBloomFilter:0.15
IncrementalResetCountMin4:0.14
