ScriptEditor:0.5133333333333333
ComponentTester:0.47
ComponentBrowser:0.38
ComponentBrowserListener:0.30666666666666664
TesterMethodAction:0.22111111111111115
ScriptTableSelectionHandler:0.17277777777777778
ComponentPropertyModel:0.1311111111111111
XMLEditor:0.12666666666666668
