Input:0.78
AndroidInput:0.31
LwjglInput:0.2916666666666667
RemoteInput:0.16416666666666666
JoglInput:0.15833333333333333
