FrameworkMethod:0.61
Assignments:0.44333333333333336
AllMembersSupplier:0.3333333333333333
Theories:0.22
WithDataPointMethod:0.21
