HttpConfigurationBuilder:0.6266666666666667
Elements:0.5910000000000001
SecurityNamespaceHandlerTests:0.33666666666666667
