TypeDescriptionForLoadedTypeTest:0.73
UnboxingResponsible:0.23833333333333334
TypeCreationTest:0.17666666666666667
StackManipulationSizeTest:0.13666666666666666
