BriefRegistryObjectConversionTest:0.44622222222222224
SummaryRegistryObjectConversionTest:0.24699999999999997
