PaymentChannelServer:0.3933333333333333
PaymentChannelServerState:0.37
StoredServerChannel:0.24
StoredPaymentChannelServerStates:0.21666666666666667
ServerHandler:0.13166666666666665
PaymentChannelServerListener:0.06
