MySqlDdlBuilder:0.33666666666666667
OracleDdlReader:0.3
DbExportTest:0.22333333333333333
H2DdlBuilder:0.20666666666666667
MySqlDdlReader:0.20666666666666667
