DSLContext:0.7016666666666667
BlockImpl:0.5066666666666667
DSL:0.38166666666666665
DefaultDSLContext:0.325
