Util:0.6166666666666667
CacheManager:0.5
BusinessEntityManagerImpl:0.33666666666666667
MetadataEntityManagerImpl:0.25
