HopParser:0.53
HopSymbolTableWalker:0.4033333333333333
HopVirtualMachine:0.23666666666666666
DFA27:0.15444444444444444
IntermediateExecutionBuilder:0.15
DFA7:0.1311111111111111
AssignmentStep:0.1276190476190476
