RemoteObject:0.42
Util:0.32666666666666666
BusinessEntityManagerImpl:0.26
RemoteObjectLight:0.22666666666666666
ResultRecord:0.14333333333333334
BusinessEntityManagerRemote:0.09916666666666667
