CommunicationsStub:0.51
LocalClassMetadataLightImpl:0.39666666666666667
LocalClassMetadataImpl:0.32666666666666666
LocalStuffFactory:0.3
LocalObjectListItemImpl:0.26
LocalAttributeMetadataImpl:0.24333333333333335
Constants:0.0
