TestTaskRunner:0.7033333333333334
DriverJobManagement:0.4066666666666667
JobManagementTestRunner:0.36666666666666664
JppfBug:0.13333333333333333
