NNMEvent:0.5166666666666667
EventQueue:0.3433333333333333
EventQueueTest:0.31
State:0.22333333333333333
Assert:0.2061111111111111
AbstractEventForwarder:0.17666666666666667
FilterChainBuilder:0.17333333333333334
Configuration:0.15333333333333332
AbstractConfiguration:0.13166666666666665
