XULExceptionViewer:0.43333333333333335
ScriptPanel:0.4222222222222222
ScriptErrorPane:0.30666666666666664
