RegistrationApplicationListener:0.5833333333333334
AdminServerWebConfiguration:0.528888888888889
SpringBootAdminClientAutoConfiguration:0.3566666666666667
