Property:0.7833333333333333
ActionUpDown:0.29
Callback:0.08333333333333333
