Lifecycle:0.8033333333333333
ServletConfig:0.4866666666666667
