ConnectionThread:0.41
AbstractProtocol:0.38
TCPProtocol:0.2966666666666667
WebServerProtocol:0.27666666666666667
