Transaction:0.6016666666666667
Script:0.5233333333333333
TransactionOutput:0.30666666666666664
TransactionInput:0.23416666666666666
WalletTest:0.22
FullPrunedBlockChain:0.21
ScriptTest:0.19
