GreenLabGUI:0.8405555555555555
GreenLabColorBox:0.2633333333333333
