ScopedExpression:0.8694444444444446
InformationSchemaService:0.44666666666666666
SQLQueryService:0.23666666666666666
ShardLevelExpression:0.09666666666666666
ClusterLevelExpression:0.08738888888888888
NodeLevelExpression:0.03333333333333333
TableLevelExpression:0.03333333333333333
