EndEntityProfile:0.6266666666666667
GlobalConfiguration:0.49666666666666665
UserNotification:0.36666666666666664
AdminPreference:0.20333333333333334
