Cfg:0.8466666666666667
UpdateCheckRunner:0.3333333333333333
UpdateManager:0.2866666666666667
