Constants:0.6563333333333333
ColumnWidth:0.45149999999999996
MilestoneFolderView:0.39666666666666667
GwtTeamingMessages:0.31666666666666665
GwtMenuHelper:0.23666666666666666
EventHelper:0.224
ShowMilestoneFolderEvent:0.22333333333333333
GwtViewHelper:0.22111111111111115
ContentControl:0.19666666666666666
