ISharedProject:0.66
SharedProject:0.5366666666666666
Saros:0.34
EditorManager:0.32
XMPPChatTransmitter:0.2586111111111111
SessionView:0.20444444444444446
SessionContentProvider:0.19444444444444445
ConsistencyWatchdogServer:0.17
JumpToDriverPositionAction:0.17
FollowModeAction:0.15666666666666668
PreferenceManager:0.12333333333333334
