FilterRenderer:0.65
VectorizedNonZeroStoppingConjugateGradient:0.35333333333333333
NeuralNetPlotter:0.30666666666666664
MnistConvNet:0.24333333333333335
