Atom:0.5266666666666666
AtomContainer:0.43333333333333335
Molecule:0.34833333333333333
Bond:0.31333333333333335
RandomGenerator:0.27666666666666667
StructureDiagramGenerator:0.21666666666666667
StructureDiagramGeneratorTest:0.20444444444444446
RandomStructureGeneratorTest:0.19777777777777777
AtomPlacer:0.18333333333333332
CDKTests:0.043333333333333335
