AnnotationSchema:0.9166666666666666
TestXSchema:0.26666666666666666
