ShadowAlertDialog:0.5666666666666667
ShadowBuilder:0.36333333333333334
ProgressDialogTest:0.22
ShadowProgressDialog:0.15
TestOnCancelListener:0.05564814814814814
