Input:0.7533333333333333
TouchEvent:0.38388888888888884
JoglInput:0.3433333333333333
KeyEvent:0.29
LwjglInput:0.2733333333333333
AndroidInput:0.22666666666666666
RemoteInput:0.18
AngleInput:0.18
AndroidMultiTouchHandler:0.09
