DataAwareEntryEvent:0.5866666666666667
AddEntryListenerRequest:0.2833333333333333
CollectionAddListenerRequest:0.2733333333333333
AddListenerRequest:0.2733333333333333
AbstractMapAddEntryListenerRequest:0.27
MessageListenerImpl:0.23666666666666666
