MessageContextErrors:0.9866666666666667
PropertyEditorFormatter:0.2633333333333333
