ParamDefWizardPage:0.7516111111111111
BotTaskContentUtil:0.41833333333333333
