PosModel:0.7166666666666667
PosPanel:0.4266666666666667
