Mission:0.7833333333333333
PersonDialog:0.30333333333333334
CollectRockSamplesMission:0.2788888888888889
TravelToSettlement:0.24
PersonTableModel:0.18333333333333332
