SnmpCollector:0.4666666666666667
OnmsSnmpCollection:0.3933333333333333
SnmpCollectorTestCase:0.31666666666666665
