Annotations:0.5033333333333333
ValueAttribute:0.47333333333333333
ValueType:0.47
