ClassConfigurationListener:0.4633333333333333
ConfigurationProcessor:0.43333333333333335
ProcessingContext:0.36666666666666664
ConfigurationProcessor2:0.18222222222222223
Reactor:0.135
