EmbeddableHierarchyTest:0.44
EntityClass:0.3933333333333333
ConfiguredClass:0.3566666666666667
EntityHierarchyTest:0.35333333333333333
ConfiguredClassHierarchyBuilder:0.2866666666666667
AnnotationMetadataSourceProcessorImpl:0.24
QuotedIdentifierTests:0.23048989898989902
TableNameTest:0.20666666666666667
GenericTypeDiscoveryTest:0.13666666666666666
TypeDiscoveryTest:0.12
BaseAnnotationIndexTestCase:0.09
TableSourceImpl:0.013333333333333334
JoinedA:0.0033333333333333335
JoinedB:0.0033333333333333335
TablePerClassA:0.0033333333333333335
TablePerClassB:0.0033333333333333335
LocalBindingContext:0.0
