LexicalTableEditor:0.52
LineLabelProvider:0.3575
AddBase:0.31333333333333335
ExecuteScriptImport:0.12777777777777777
