CommandLineRunner:0.37666666666666665
ChartServlet:0.2966666666666667
Validators:0.27
DecodeHandler:0.24666666666666667
CommandLineEncoder:0.20333333333333334
