PredictionContext:0.6033333333333334
SingletonPredictionContext:0.37666666666666665
LexerATNSimulator:0.27666666666666667
LL1Analyzer:0.25666666666666665
ArrayPredictionContext:0.25666666666666665
