DataStore:0.45666666666666667
StreamProducerProcess:0.31666666666666665
CaptureCapabilities:0.30733333333333335
SystemDataRes:0.25
ChannelDataRes:0.24916666666666668
StreamConsumerProcess:0.235
