JFXEditorOverlay:0.5466666666666666
JFXEditorLayerManager:0.36666666666666664
OverlayGroup:0.3
