NewProcessDefinitionWizardPage:0.38666666666666666
TimerStateFigure:0.36
ExtraPropertiesProvider:0.33666666666666667
TaskFigure:0.24666666666666667
DrawProperties:0.18
