AbstractCommandLauncher:0.4666666666666667
SymmetricAdmin:0.42
SymmetricLauncher:0.20666666666666667
DbExportCommand:0.17666666666666667
DbImportCommand:0.17666666666666667
