CasConfigurationProperties:0.6143333333333333
CasCoreWebflowConfiguration:0.4166666666666667
