MetaProperty:0.7733333333333333
PropertyEvent:0.3218888888888889
Parser:0.21
TableViewSettings:0.19666666666666666
ActionInsert:0.13666666666666666
