DynamicGeneratedRecord:0.4
DynamicRecord:0.30333333333333334
DynamicUnsafeRecord:0.2916666666666667
DynamicRecordTest:0.19666666666666666
DynamicReflectionRecord:0.17666666666666667
DynamicMethodHandleRecord:0.17666666666666667
ClassInfo:0.16111111111111112
RecordCaliperBenchmark:0.14666666666666667
ReadOnlyFieldException:0.07
MyClassLoader:0.056666666666666664
