DefaultQueryHandler:0.5616666666666666
UpgradeServlet:0.4266666666666667
DatabaseUpgrades:0.26666666666666666
FileUpgrades:0.18666666666666668
