Util:0.64
X3DParser:0.44333333333333336
X3DImport:0.34
ProtoInstanceImport:0.26
ColorImport:0.16088888888888891
BoxImport:0.11783333333333333
TextureTransformImport:0.11783333333333333
PointLightImport:0.11783333333333333
DirectionalLightImport:0.11783333333333333
TransformImport:0.08583333333333333
SpotLightImport:0.0825
MaterialImport:0.0825
SceneImport:0.08
AppearanceImport:0.08
ProtoDeclareImport:0.08
IndexedFaceSetImport:0.07861111111111112
ImageTextureImport:0.07055555555555555
ExtrusionImport:0.07
ElevationGridImport:0.044444444444444446
TextureCoordinateImport:0.028333333333333332
NormalImport:0.028333333333333332
CoordinateImport:0.028333333333333332
ShapeImport:0.023333333333333334
GroupImport:0.023333333333333334
ConeImport:0.015
CylinderImport:0.015
SphereImport:0.015
