PDBStructureTest:0.42333333333333334
MappingTest:0.42333333333333334
RingSetTest:0.42333333333333334
