DataFlowTypeInferrer:0.5988888888888888
DefaultTypeInferrer:0.49666666666666665
TypeInferenceVisitor:0.41
