PojoCodec:0.6433333333333333
PojoTestCase:0.35333333333333333
PojoCodecProvider:0.26
CreatorExecutable:0.22
ClassModelTest:0.18333333333333332
ConstructorNotPublicModel:0.18166666666666667
Builder:0.16333333333333333
PojoCodecProviderTest:0.12666666666666668
DiscriminatorLookup:0.11
LazyPojoCodec:0.08333333333333333
PojoQuickTour:0.08333333333333333
ConventionDefaultsImpl:0.07666666666666666
AnnotationModel:0.07
