List:0.45
Stream:0.44
API:0.37333333333333335
PredicatesTest:0.25666666666666665
Future:0.23083333333333333
Predicates:0.22166666666666668
For1:0.09
For8:0.07666666666666666
For7:0.06666666666666667
For6:0.06
For5:0.06
For3:0.05333333333333334
For2:0.05
For4:0.05
