RecordingSession:0.5966666666666667
ArchiveConductor:0.44333333333333336
ArchiveReplayLoadTest:0.31666666666666665
RecordingEventsAdapter:0.15666666666666668
