OrFilter:0.8154444444444445
AttributeIterator:0.4533333333333333
