KerasLstm:0.27666666666666667
KerasLayerUtils:0.25333333333333335
KerasEmbedding:0.23333333333333334
WrapperLayerParamInitializer:0.20333333333333334
Keras2ModelConfigurationTest:0.17666666666666667
KerasEmbeddingTest:0.17666666666666667
KerasModel:0.16333333333333333
KerasLSTMTest:0.08333333333333333
