GUIRegistry:0.4888888888888889
UpdateNotificationListener:0.37833333333333335
UpdateNotificationDialog:0.3
SkinLookAndFeelLoader:0.21666666666666667
GUIUpdateNotificationListener:0.10333333333333333
