WriteConcern:0.6333333333333333
JavaClientTest:0.39416666666666667
DBCollectionTest:0.23416666666666666
MyCollection:0.1963888888888889
