SeleniumTestCase:0.4
RootFolderInterceptor:0.39
ActiveBuildPageTest:0.19333333333333333
RootFolderInterceptorTest:0.06333333333333334
