SeqFeatureI:0.7267222222222222
SeqFeature:0.6533333333333333
AnnotationEditor:0.25666666666666665
GmodNameAdapter:0.24777777777777782
TransactionXMLAdapter:0.24777777777777782
TransactionManager:0.18
