VertexArray:0.8044444444444445
VertexData:0.8044444444444445
Mesh:0.36666666666666664
