PathTools:0.325
RingPlacer:0.29
AtomPlacer3D:0.2833333333333333
Torsions:0.24666666666666667
Fingerprinter:0.24333333333333335
SaturationChecker:0.23666666666666666
RDFProtonDescriptor:0.22466666666666663
StructureDiagramGenerator:0.20333333333333334
EquivalentClassPartitioner:0.19333333333333333
Polarizability:0.19333333333333333
TPSADescriptor:0.18283333333333332
