FolderEntryComposite:0.5266666666666666
ManageCommentsComposite:0.36333333333333334
FolderEntrySidebar:0.3
FolderEntryDocument:0.28777777777777774
