DefaultGazetteer:0.42
SimpleTokeniser:0.405
Nerc:0.37
CustomProgressListener:0.36333333333333334
AbstractProcessingResource:0.31
SentenceSplitter:0.28805555555555556
DefaultTokeniser:0.2613888888888889
