JUnitCore:0.4666666666666667
FilterFactoryParams:0.17961111111111114
FilterFactory:0.15666666666666668
FilterFactoryFactory:0.07333333333333333
IncludeCategories:0.0
ExcludeCategories:0.0
