TermSuggestionBuilder:0.5366666666666666
DirectCandidateGeneratorBuilder:0.5366666666666666
DirectCandidateGeneratorTests:0.2966666666666667
StringDistanceImplTests:0.25333333333333335
TermSuggestionBuilderTests:0.16666666666666666
