Todo:0.6033333333333334
RemoteTodo:0.24666666666666667
TodosDwrImplTest:0.24
TodosDwr:0.21083333333333334
TodosDwrImpl:0.2
RemoteTodoList:0.18
TodosManagerImpl:0.14
