DiscoveryNode:0.5333333333333333
DiscoveryNodes:0.3488888888888889
DiscoveryNodesTests:0.16333333333333333
LivenessResponse:0.13666666666666666
ConnectTransportException:0.13666666666666666
DiscoveryNodeService:0.07
TransportNodesActionTests:0.06333333333333334
ClusterChangedEventTests:0.05
