ClusterServiceImpl:0.5366666666666666
Node:0.49333333333333335
MulticastJoiner:0.345
TcpIpJoiner:0.24666666666666667
NodeIOService:0.21666666666666667
JoinStressTest:0.2
JoinRequestOperation:0.1877777777777778
AbstractJoiner:0.17666666666666667
