Generator:0.8733333333333333
JavaGenerator:0.58
GenerationTool:0.3044444444444444
AbstractGenerator:0.2833333333333333
