ResourcesTest:0.6266666666666667
Converter:0.35
PackageResourceLoader:0.31666666666666665
fraction:0.18411111111111111
FromFraction:0.06314814814814815
