ScriptTest:0.5
ScriptEditor:0.4472222222222222
ThreadTerminatingSecurityManager:0.3933333333333333
