SpatialJoinPlugIn:0.4266666666666667
ReplaceValuePlugIn:0.4266666666666667
JoinTablePlugIn:0.2733333333333333
PlanarGraphPlugIn:0.24
