SubnetEngine:0.6633333333333333
SubnetChildren:0.26666666666666666
SubnetNode:0.23
CreateSubnetFrame:0.22333333333333333
DeleteSubnetAction:0.15000000000000002
CreateSubnetAction:0.12
AddIPAddressFrame:0.09
