ForJava8CapableVm:0.8833333333333333
ForJava7CapableVm:0.44
TypeDescriptionGenericAnnotationReaderTest:0.22333333333333333
ParameterDescriptionForLoadedParameterDispatcherTest:0.15666666666666668
JavaInstanceMethodTypeDispatcherTest:0.13
JavaInstanceMethodHandleDispatcherTest:0.12666666666666668
ByteArrayClassLoaderSynchronizationEngineTest:0.12333333333333334
ParameterListForLoadedExectutableDispatcherTest:0.12333333333333334
