Model:0.41
Event:0.21666666666666667
RulerRenderer:0.18
Renderer:0.14
ContentRenderer:0.13666666666666666
Content:0.12333333333333334
Ruler:0.12333333333333334
