BaseMultiLayerNetwork:0.35
Builder:0.19333333333333333
Conf:0.18
MatrixUtil:0.16333333333333333
