Layer:0.7133333333333334
ConvolutionLayer:0.38333333333333336
SubsamplingLayer:0.3433333333333333
MultiLayerNetwork:0.3155555555555556
SimpleOptimizableModel:0.23666666666666666
ConvolutionParamInitializer:0.22666666666666666
BaseLayer:0.18666666666666668
RNTN:0.18
SubsampleTests:0.15666666666666668
ConvolutionDownSampleLayer:0.12333333333333334
