StringConsumer:0.6333333333333333
Template:0.49666666666666665
