CaughtHost:0.8383333333333334
CaughtHostComparator:0.37333333333333335
