EmailSettings:0.6666666666666666
InstallServiceImpl:0.44333333333333336
OutboundEmailPage:0.22333333333333333
