SysClusterTableInfo:0.63
HandlerSideLevelCollectTest:0.3433333333333333
TestModule:0.32666666666666666
ReferenceInfosITest:0.28
