DaoAuthenticationProviderTests:0.45
DaoAuthenticationProvider:0.4166666666666667
PasswordDaoAuthenticationProvider:0.3233333333333333
ProviderManagerTests:0.31666666666666665
ProviderManager:0.23
MockApplicationEventPublisher:0.22333333333333333
PasswordDaoAuthenticationProviderTests:0.22166666666666668
AbstractSecurityInterceptor:0.21833333333333332
