BundleDelegatingClassLoader:0.55
OsgiBundleResource:0.4666666666666667
DuplicateClassTest:0.42333333333333334
MyServiceImpl:0.0
