HiveRecordSet:0.54
ColumnarBinaryHiveRecordCursorProvider:0.3233333333333333
ColumnarTextHiveRecordCursorProvider:0.3233333333333333
GenericHiveRecordCursorProvider:0.22333333333333333
