X_C_POS:0.44333333333333336
PosPanel:0.36
PosModel:0.32
PayDialog:0.22111111111111115
PosTicketFormatter:0.22111111111111115
