SpringXmlConfigBuilder:0.46
XmlConfigBuilder:0.44666666666666666
TestFullApplicationContext:0.31666666666666665
TestClientApplicationContext:0.15666666666666668
