RuleGraph:0.3566666666666667
RuleSystem:0.35333333333333333
SystemProperties:0.33
RuleViewGrammar:0.29333333333333333
AspectualRuleView:0.27666666666666667
GraphGrammar:0.26666666666666666
AspectualGpsGrammar:0.25666666666666665
GpsGrammar:0.25666666666666665
SPOEvent:0.2252777777777778
Simulator:0.22083333333333333
DefaultGraphCondition:0.21861111111111114
TypeDiscoverer:0.21722222222222218
Generator:0.20333333333333334
VarroBenchmark:0.07333333333333333
