SerializationService:0.641888888888889
MemberState:0.5453333333333333
MemberStateImpl:0.47
TimedMemberStateFactory:0.3233333333333333
SerializationServiceImpl:0.24666666666666667
