TransportActionProvider:0.42866666666666664
DDLTask:0.4066666666666667
DDLStatementDispatcher:0.37333333333333335
InnerVisitor:0.22333333333333333
ShardReferenceResolver:0.06166666666666667
