ServerDescription:0.7166666666666667
Builder:0.34
ServerDescriptionTest:0.25333333333333335
TestClusterableServerFactory:0.22333333333333333
ServerDiscoveryAndMonitoringTest:0.21
MultiServerCluster:0.21
DescriptionHelper:0.21
