TransportSQLActionTest:0.6494444444444444
Planner:0.5733333333333334
PlannerTest:0.19333333333333333
