DataTransportPoller:0.47333333333333333
Sender:0.32666666666666666
Receiver:0.30333333333333334
ControlTransportPoller:0.26666666666666666
