EditAETPanel:0.54
LoginPage:0.4597619047619048
AEListPanel:0.24666666666666667
