BroadcasterCache:0.69
DefaultBroadcaster:0.37333333333333335
AtmosphereFramework:0.35333333333333333
BroadcasterConfig:0.25666666666666665
AbstractBroadcasterCache:0.2
DefaultBroadcasterCache:0.13
SimpleBroadcaster:0.12333333333333334
DefaultAnnotationProcessor:0.11
