WebClientOptions:0.4222222222222222
HttpWebConnection:0.36666666666666664
OnFile:0.23
