RegisteredServiceEditBean:0.5766666666666667
CachingPrincipalAttributesRepository:0.493
RegisteredServiceAttributeReleasePolicyEditBean:0.30833333333333335
