AbstractTestQueries:0.43666666666666665
ExchangeNode:0.4066666666666667
Rewriter:0.29
Visitor:0.20333333333333334
PlanOptimizersFactory:0.15333333333333332
TestMemoryPools:0.10666666666666667
