DebugListener:0.4866666666666667
QueryLog:0.48
ResultLog:0.47333333333333333
DebuggerTests:0.20666666666666667
