MobyViewService:0.6966666666666667
MobyViewServiceType:0.5055555555555555
MobyViewLabelProvider:0.17333333333333334
