Frame:0.5694999999999999
FrameRecorder:0.56
FFmpegFrameRecorder:0.43333333333333335
OpenCVFrameRecorder:0.22333333333333333
AudioRecordRunnable:0.12666666666666668
