TestLexerExec:0.58
TestLexerErrors:0.33666666666666667
TestSemPredEvalLexer:0.2833333333333333
TestCompositeLexers:0.22
