CasConfigurationProperties:0.43333333333333335
LdapSearchEntryHandlersProperties:0.2
RiskBasedAuthenticationProperties:0.2
CloudDirectoryProperties:0.19416666666666665
AuditProperties:0.14416666666666667
LdapAuthorizationProperties:0.14416666666666667
