Attribute:0.5566666666666666
Main:0.49
MainFrame:0.36666666666666664
Editor:0.34
SerialControllerEditor:0.22333333333333333
AccessControllerImpl:0.21333333333333335
NameBearerHandle:0.20666666666666667
DocumentEditor:0.20333333333333334
MachineLearningPR:0.16666666666666666
Wrapper:0.16333333333333333
DatasetDefintion:0.06666666666666667
Scratch:0.043333333333333335
