TestInCodeGenerator:0.52
FastutilSetHelper:0.4816666666666667
InCodeGenerator:0.33266666666666667
