Log:0.5566666666666666
ConnectionFactory:0.27666666666666667
LoggedStatement:0.21777777777777782
LoggedConnection:0.20333333333333334
HitBean:0.20333333333333334
AddArticle:0.20333333333333334
RegenerateFullTextIndices:0.18
PubServlet:0.17666666666666667
Hits:0.17333333333333334
Summary:0.13666666666666666
SqlSearcher:0.12666666666666668
TermBeanFactory:0.12333333333333334
