Carbon:0.44333333333333336
TextView:0.3655555555555555
EditText:0.31333333333333335
DropDown:0.31333333333333335
ListAdapter:0.28527777777777774
Button:0.23666666666666666
DropDownMenu:0.21333333333333335
VectorDrawable:0.19666666666666666
CustomItemFactory:0.0011111111111111111
