ConnectorServlet:0.8183333333333334
FtlTagSupportServlet:0.3441666666666667
