RedisConnection:0.5666666666666667
RedissonLocalCachedMap:0.4
RedissonLiveObjectService:0.38666666666666666
LoadBalancerManager:0.26666666666666666
