Period:0.94
DateParser:0.21
ISMA:0.1511111111111111
AFB:0.1511111111111111
PeriodParser:0.04666666666666667
