BlogFolderView:0.45666666666666667
BlogArchiveMonth:0.35333333333333333
SpecificFolderData:0.31666666666666665
GwtActivityStreamHelper:0.24
GwtBlogHelper:0.12666666666666668
