ChronicleMapBuilder:0.3233333333333333
VanillaChronicleMap:0.32
Segment:0.31333333333333335
EntrySizeInfo:0.12333333333333334
