AbstractChannelReplicator:0.6133333333333333
LargeEntriesTest:0.37722222222222224
DemoChronicleMapTest:0.35333333333333333
