Operation:0.5
Invocation:0.4583333333333333
InvocationRegistry:0.23
OperationRunnerImpl:0.1988888888888889
MonitorInvocationsTask:0.18166666666666667
InvocationRegistryTest:0.17666666666666667
OperationBackupHandler:0.17666666666666667
OperationAccessor:0.11333333333333333
