Node:0.5433333333333333
HazelcastInstanceImpl:0.3566666666666667
MyLifecycleListener:0.26777777777777784
EventCountingListener:0.05564814814814814
LifeCycleListenerTest:0.05
