ArticleQueryService:0.5755555555555555
ArticleConsole:0.41444444444444445
PageProcessor:0.21666666666666667
