MappingUpdatedAction:0.4633333333333333
TransportIndexAction:0.4033333333333333
TransportShardBulkAction:0.32666666666666666
PercolatorService:0.25333333333333335
