BasicCodeGenerator:0.44
TestStringSwitch:0.25333333333333335
Generator:0.22666666666666666
BeanMap:0.22
BeanMapGenerator:0.21333333333333335
CodeGenerator:0.19333333333333333
TestBeanMap:0.13333333333333333
BeanMapKey:0.0011111111111111111
