Builder:0.7066666666666667
StringPart:0.23333333333333334
NettyRequestFactory:0.20333333333333334
MiscUtils:0.19666666666666666
Unauthorized401Interceptor:0.18666666666666668
FileLikePart:0.18666666666666668
