StringProperty:0.51
PropertyBuilder:0.42333333333333334
DecimalProperty:0.20444444444444446
BaseIntegerProperty:0.19777777777777777
