WidgetFactory:0.59
XMLType:0.55
XMLObjectAttribute:0.49333333333333335
ARINCModelFactory:0.42
Attribute:0.36666666666666664
Bool:0.31666666666666665
XMLTypeTest:0.30333333333333334
Short:0.2966666666666667
Char:0.2966666666666667
DefaultARINCUtils:0.28
Str:0.2733333333333333
ClientConfigurationParser:0.26666666666666666
ARINCComUtils:0.2475
Long:0.24666666666666667
DefaultClientXMLDFHandler:0.22
AbstractWidgetFactory:0.22
ProtocolInputDecoder:0.21333333333333335
APIFactory:0.21
TreeEditorCopyHelper:0.20666666666666667
ServerXMLSymbolsHandler:0.20666666666666667
ClientWrapper:0.20666666666666667
DefaultXMLExporter:0.20333333333333334
ServerXMLObjectAttribute:0.20166666666666666
DefaultBinaryExporter:0.2
TreeEditorHelper:0.2
LayerTreeEditorCopyPaste3Test:0.19666666666666666
AbstractWidgetRefHandler:0.19666666666666666
Channel:0.19333333333333333
AbstractConfigurationParser:0.19333333333333333
Float:0.19333333333333333
AbstractXMLDFHandler:0.19333333333333333
EditorWidgetTableConstructor:0.18833333333333332
SyntheticWidget:0.18666666666666668
DefaultClientBinaryDFHandler:0.18666666666666668
WidgetDefaultsHandler:0.18333333333333332
ARINCClientWidgetFactory:0.18166666666666667
WidgetTableConstructor:0.17666666666666667
XMLValue:0.17666666666666667
GUIUtilities:0.16333333333333333
WidgetEvent:0.16
DefaultServerBinaryDFHandler:0.15833333333333333
DefaultBinaryDFDecoder:0.15333333333333332
UIComponentsFactory:0.15333333333333332
WidgetListener:0.14833333333333334
LayerHelper:0.14333333333333334
EngineConfigurator:0.14333333333333334
Byte:0.13666666666666666
ARINCDefinitionVerifier:0.13666666666666666
ParameterStruct:0.13333333333333333
ARINCBroadcastReceiver:0.13
SyntheticExtension:0.12
TreeEditorScaleHelper:0.09666666666666666
ClientUtilities:0.08333333333333333
ConfigProperties:0.07
AttrString:0.03916666666666667
