BaseNDArrayFactory:0.44
RBM:0.33
Sampling:0.3144444444444444
RBMTests:0.21666666666666667
