PlannerTest:0.5066666666666667
Visitor:0.37333333333333335
SplitPoints:0.24166666666666667
FetchProjector:0.23733333333333334
ProjectionBuilder:0.22333333333333333
OutputOrderReferenceCollector:0.08666666666666667
OutputOrderReferenceContext:0.07
QueryThenFetchConsumer:0.0
