jOOQAbstractTest:0.61
Val:0.51
AbstractDataType:0.32777777777777783
DefaultBindContext:0.17666666666666667
