Attr:0.46
HtmlInput:0.41333333333333333
HtmlPage:0.37
HtmlOption:0.31333333333333335
AttributeCaseTest:0.2833333333333333
HTMLElement:0.27666666666666667
HtmlForm:0.24
HtmlButton:0.22
HtmlTextArea:0.20666666666666667
HTMLOptionElement:0.20333333333333334
HTMLSelectElement:0.19
HtmlSubmitInput:0.18333333333333332
HtmlSelect:0.17333333333333334
HtmlRadioButtonInput:0.17
HtmlCheckBoxInput:0.16333333333333333
HtmlOptionGroup:0.11666666666666667
