MultiLayerNetwork:0.7633333333333333
ModelGuesserTest:0.24666666666666667
BaseMultiLayerUpdater:0.23
ModelGuesser:0.1561111111111111
