PrestoConnection:0.6533333333333333
PrestoStatement:0.5283333333333333
TestJdbcResultSet:0.33166666666666667
