XmlPlugin:0.4033333333333333
Tag:0.34444444444444444
XmlParser:0.3233333333333333
TagHighlight:0.26
GeneralOptionPane:0.25
