ResourceFuture:0.7733333333333333
JPPFClassLoader:0.2966666666666667
ClassLoaderRequestHandler:0.1413888888888889
PeriodicTask:0.1411111111111111
LocalResourceRequest:0.13666666666666666
RemoteResourceRequest:0.12916666666666668
