StaxSource:0.2127777777777778
StaxResultTest:0.17666666666666667
StaxSourceTest:0.17666666666666667
XPathExpressionFactory:0.16166666666666665
SimpleNamespaceContext:0.15666666666666668
XmlValidatorFactory:0.08
XmlValidatorFactoryTest:0.06666666666666667
StaxResult:0.06333333333333334
XPathExpressionFactoryTest:0.01
