Fetch:0.57
PyArgParser:0.25333333333333335
PyExtendedCursor:0.24666666666666667
StaticFetch:0.23666666666666666
DynamicFetch:0.18666666666666668
Queue:0.17577777777777778
