IPreAggregationAndOrPostAggregationTask:0.7572380952380953
TaskExecutor:0.56
DataAggregationJoblet:0.49666666666666665
IPreRunAndOrPostRunTask:0.4464166666666665
