Submit:0.44
SubmitTag:0.30666666666666664
RemoteBean:0.3000833333333333
AbstractRemoteBean:0.25666666666666665
AbstractRemoteTag:0.23666666666666666
SubmitAjaxTest:0.14583333333333334
AnchorTest:0.10600000000000001
BindTest:0.10600000000000001
DivTest:0.10600000000000001
