El2Test:0.71
RPNCalculate:0.39666666666666667
AccessOpt:0.32666666666666666
ArrayOpt:0.17666666666666667
