Param:0.42542857142857143
CanvasFrame:0.35333333333333333
JavaCV:0.34
opencv_core:0.31666666666666665
DenseOpticalFlow:0.23666666666666666
opencv_video:0.23666666666666666
CvDTreeTrainData:0.19416666666666665
BFMatcher:0.17333333333333334
opencv_flann:0.0
