DcmElement:0.6666666666666666
ValueElement:0.51
DcmObjectImpl:0.45
Dataset:0.4166666666666667
DcmElementImpl:0.225
DatasetTest:0.20333333333333334
SQElement:0.2
