GwtClientHelper:0.5033333333333333
TeamingActionEvent:0.44666666666666666
GwtMainPage:0.35
GwtTeaming:0.30333333333333334
MastHead:0.2833333333333333
TeamingActionEventHandler:0.27051984126984113
LogOutEventHandler:0.27051984126984113
LoginEventHandler:0.27051984126984113
UserStatusControl:0.23666666666666666
MainMenuControl:0.23333333333333334
WorkspaceTreeControl:0.22666666666666666
GwtProfilePage:0.22333333333333333
AdminControl:0.21
GwtQuickViewDlg:0.19
UIStateManager:0.16333333333333333
BrandingPanel:0.16
WorkSpaceActionHandler:0.12
LogOutEvent:0.013333333333333334
LoginEvent:0.013333333333333334
