TestPlan:0.56
JUnit5TestEngineTests:0.37333333333333335
AbstractTestDescriptor:0.27
Launcher:0.19
JUnit5TestEngine:0.18472222222222223
TestEngineStub:0.17666666666666667
EngineDescriptor:0.16666666666666666
AbstractTestDescriptorTest:0.13666666666666666
JUnit5TestTree:0.13
EngineExecutionContext:0.08333333333333333
