Reader:0.6027777777777777
ResourceWithSubResources:0.2633333333333333
SubResourceHead:0.2633333333333333
