Graph:0.6933333333333334
RelationEdge:0.58
Automaton:0.545
SetNodeRelation:0.2866666666666667
AutomatonTest:0.22666666666666666
DefaultApplication:0.22111111111111115
SupportedSetNodeRelation:0.22
MatchingAlgorithm:0.20666666666666667
AbstractGraphShape:0.18666666666666668
AbstractNodeRelation:0.18
AbstractEvent:0.145
RegExprEdgeMultipleRecord:0.14333333333333334
RegExprEdgeSingularRecord:0.10333333333333333
