Editor:0.5316666666666666
JVertexView:0.4033333333333333
MyRenderer:0.33666666666666667
EditorMarqueeHandler:0.23333333333333334
MyEdgeRenderer:0.22666666666666666
