ClusterSettingsTests:0.5866666666666667
ClusterSettings:0.5533333333333333
RestClusterGetSettingsAction:0.18666666666666668
