HTMLDocument:0.5233333333333333
UrlUtils:0.33666666666666667
ConsoleFormatter:0.32666666666666666
History:0.22333333333333333
Console:0.2
