Beans:0.77
AbstractJpaProperties:0.44666666666666666
CasPersonDirectoryConfiguration:0.3933333333333333
