GwtRpcServiceImpl:0.6688888888888889
GwtServerHelper:0.39
GwtRpcController:0.26666666666666666
