Mvcs:0.5457777777777778
UploadingUnitTest:0.29333333333333333
FastUploading:0.27
