LogType:0.52
JTableDestination:0.3466666666666667
Column:0.2966666666666667
Runner:0.29
JTextAreaDestination:0.23833333333333334
FileFollowingPane:0.22666666666666666
FileFollower:0.22
LogViewerPlugin:0.2
