Constants:0.35888888888888887
PojoUtilsTest:0.28
PojoUtils:0.2652777777777778
InjvmProtocol:0.24666666666666667
InjvmInvoker:0.21666666666666667
WrappedChannelHandler:0.15
UrlUtils:0.14333333333333334
UrlUtilsTest:0.12666666666666668
Child:0.11277777777777777
ThreadPoolStatusChecker:0.09
TestData:0.05
