ConnectionBase:0.6466666666666666
Http2ConnectionBase:0.4166666666666667
Http1xPool:0.25333333333333335
