ClassySharkPanel:0.71
ToolBar:0.38666666666666666
ExperimentalBlackFrame:0.19333333333333333
Main:0.16
TabsBuilder:0.13333333333333333
