AuthenticationWebFilter:0.5733333333333334
HttpBasicSpec:0.30333333333333334
FormLoginSpec:0.30333333333333334
AuthenticationWebFilterTests:0.29333333333333333
