XmlSafetyUtils:0.51
XmlSafetyTest:0.3
ApertureTestBase:0.2966666666666667
XmlSafeWriter:0.2288888888888889
XmlSafeModelTests:0.13
ExtractorTestBase:0.11333333333333333
WordExtractorTest:0.0575
PowerPointExtractorTest:0.010833333333333334
