LastModifiedHelper:0.65
WsdlDefinitionHandlerAdapter:0.39666666666666667
XsdSchemaHandlerAdapter:0.2966666666666667
LastModifiedHelperTest:0.07333333333333333
