InitializationStrategy:0.48333333333333334
Default:0.4066666666666667
AgentBuilderDefaultTest:0.32
Dispatcher:0.2633333333333333
Resolution:0.19444444444444445
AgentBuilderInitializationStrategyTest:0.13666666666666666
