IndexShard:0.5833333333333334
Listener:0.3333333333333333
SearchService:0.29
FieldDataWarmer:0.18666666666666668
IndicesWarmer:0.16666666666666666
SearchWarmer:0.14
NormsWarmer:0.11
BitSetProducerWarmer:0.043333333333333335
