ActionsManager:0.7033333333333334
ActionMethodParserTest:0.25333333333333335
ActionResultTest:0.23
