RoleManagementSessionBean:0.6038888888888888
RoleManagementSessionBeanTest:0.4166666666666667
