JdbcPlayerSummaryDao:0.12
JdbcGameDao:0.10333333333333333
JdbcJobRepositoryTests:0.05
JdbcPlayerDaoIntegrationTests:0.032777777777777774
JdbcGameDaoIntegrationTests:0.03
JdbcPlayerSummaryDaoIntegrationTests:0.023333333333333334
JdbcPlayerDao:0.008981481481481483
