WordVectorSerializer:0.6233333333333333
WordVectorSerializerTest:0.33666666666666667
Word2VecTests:0.24
Word2VecTestsSmall:0.15333333333333332
