Array:0.5433333333333333
LongArray:0.26222222222222225
CharArray:0.26222222222222225
FloatArray:0.26222222222222225
IntArray:0.26222222222222225
ShortArray:0.26222222222222225
BooleanArray:0.26222222222222225
