Options:0.5266666666666666
SampleActivity:0.33666666666666667
OverlayView:0.3333333333333333
UCropActivity:0.33
