LwjglCanvas:0.6322222222222222
LwjglFrame:0.29333333333333333
AntScriptGenerator:0.23
AndroidNdkScriptGenerator:0.22111111111111115
LwjglDebugStarter:0.07333333333333333
