ParserFacade:0.4866666666666667
PyScriptEngineFactory:0.31333333333333335
PyScriptEngine:0.31333333333333335
PythonInterpreter:0.24333333333333335
PyScriptEngineScope:0.13666666666666666
ScriptEngineTest:0.1
