EditDicomObjectPanel:0.47
MoveEntitiesPage:0.41
StudyListPage:0.36
ModalityWorklistPanel:0.3333333333333333
SimpleEditDicomObjectPanel:0.32666666666666666
Mpps2MwlLinkPage:0.3182777777777778
DicomEchoWindow:0.24333333333333335
AEMgtTest:0.21666666666666667
WadoImagePage:0.20199999999999999
DicomEchoPage:0.17666666666666667
ElementFragment:0.1688174603174603
AEListPanel:0.15555555555555556
ExportPage:0.13111111111111112
CreateOrEditAETPage:0.13
InfoPanel:0.12833333333333333
SeriesListView:0.12
InstanceListView:0.12
StudyListView:0.12
PatientListView:0.12
PPSListView:0.11666666666666667
