AbstractTestCase:0.48
PluginRepositoryImpl:0.33
PluginMgmtService:0.23666666666666666
RepairProcessor:0.17666666666666667
PluginRefresher:0.17333333333333334
PermalinkFilter:0.13
PageProcessor:0.08666666666666666
PluginQueryService:0.05333333333333334
