DOManager:0.8111111111111111
DefaultDOManager:0.4666666666666667
DirectoryBasedRepositoryReader:0.45
