SequenceElement:0.5233333333333333
VocabWord:0.5233333333333333
Sequence:0.19061111111111112
WordVectorsImpl:0.155
Builder:0.13666666666666666
