AtmosphereResponse:0.47333333333333333
AtmosphereRequest:0.39
Builder:0.23
WebSocketProcessor:0.22333333333333333
SimpleHttpProtocol:0.12666666666666668
