Options:0.3933333333333333
JavadocConverter:0.38333333333333336
TreeConverter:0.36
