BuildingConfig:0.5383333333333333
EVA:0.38666666666666666
TendGreenhouse:0.31
