AbstractNearCacheBasicTest:0.8466666666666667
NearCacheTestUtils:0.35333333333333333
