RefererAnalysisViewReportController:0.4666666666666667
RefererTreeElement:0.44333333333333336
RefererAnalysisViewControllerResultData:0.19666666666666666
RefererTreeAggregationsPDFNode:0.13
RefererTreeAggregationsPDFNodeComparator:0.013333333333333334
