GUI:0.9166666666666666
DestinationPanel:0.24333333333333335
DefaultTransferHandler:0.22666666666666666
ReportColonyPanel:0.21
FindSettlementDialog:0.20333333333333337
