RemoteScrollableHitSource:0.7938888888888889
RemoteScrollableHitSourceTests:0.5266666666666666
HeapBufferedAsyncResponseConsumer:0.43333333333333335
