TestDateTime_Properties:0.4066666666666667
TestConverterManager:0.38666666666666666
TestStringConverter:0.3333333333333333
TestDateMidnight_Properties:0.32
TestConverterSet:0.23
TestAll:0.22
