HttpClientImpl:0.58
ServerConnection:0.4266666666666667
MetricsContextTest:0.2833333333333333
