View:0.5016666666666667
ViewState:0.4166666666666667
MvcView:0.37
MockView:0.15833333333333333
ActionExecutingView:0.09166666666666666
NullView:0.09166666666666666
JsfView:0.08583333333333333
MvcViewFactoryCreator:0.05
