DescribeInstances:0.49666666666666665
EC2RequestSigner:0.48333333333333334
Constants:0.426626984126984
