Flyweight:0.5866666666666667
LogBufferAppenderTest:0.46
LogBufferAppender:0.31666666666666665
FrameDescriptor:0.23
