OracleDataStore:0.75
DBHelper:0.4666666666666667
ConnectionPool:0.19666666666666666
