TransportIndexAction:0.37666666666666665
TransportDeleteAction:0.33666666666666667
WritePrimaryResult:0.3330952380952381
TransportBulkAction:0.2966666666666667
NoMasterNodeIT:0.28
DynamicMappingDisabledTests:0.25666666666666665
TransportShardBulkAction:0.17666666666666667
WriteReplicaResult:0.14
BulkOperation:0.11
