CollectionContainer:0.58
SemaphoreService:0.38333333333333336
CollectionService:0.37333333333333335
CollectionPartitionContainer:0.23666666666666666
