NetworkEditor:0.6566666666666666
NeuralNetworkScene:0.4122222222222222
MainPopupMenuProvider:0.12
