UserBean:0.5233333333333333
UserListBean:0.32666666666666666
AddAllele:0.29333333333333333
AnnotationStrategyI:0.15276190476190485
DisplayAssignedTasks:0.08666666666666667
AnnotationTaskBean:0.06
SimpleAnnotationStrategy:0.04666666666666667
EmptyStringToNullRequestWrapper:0.04666666666666667
AddAnnotationTask:0.04
AssignTasks:0.016666666666666666
