CDKMolecule:0.8355555555555555
GenerateInChI:0.03333333333333333
