Spark:0.6766666666666666
Routable:0.3933333333333333
