AutocorrelationDescriptorCharge:0.8466666666666667
AutocorrelationDescriptorChargeTest:0.14333333333333334
