MethodSecurityInterceptorTests:0.5083333333333333
FilterSecurityInterceptorTests:0.2966666666666667
MockObjectDefinitionSourceWhichOnlySupportsStrings:0.27422222222222215
