Printer:0.6333333333333333
LoggerPrinter:0.5333333333333333
LoggerTest:0.32666666666666666
Logger:0.27666666666666667
