InitializationStrategy:0.5266666666666666
Nexus:0.37333333333333335
AgentBuilderDefaultTest:0.3466666666666667
Dispatcher:0.25333333333333335
Resolution:0.09666666666666666
AgentBuilderDefaultApplicationTest:0.056666666666666664
AgentBuilderInitializationStrategyTest:0.04666666666666667
