Window:0.74
WebWindowImpl:0.43333333333333335
HtmlOptionTest:0.2816666666666667
