NodeConnectionsService:0.553611111111111
ClusterServiceTests:0.5533333333333333
NodeConnectionsServiceTests:0.21666666666666667
