IndexMetaData:0.7833333333333333
UnassignedShards:0.33666666666666667
IndexDynamicSettingsModule:0.29333333333333333
IndexShardTests:0.24666666666666667
