InheritanceState:0.5033333333333333
AnnotationBinder:0.41333333333333333
ColumnsBuilder:0.3753333333333333
