HSMKeyTool:0.7466666666666667
CMS:0.5466666666666666
ClientToolBox:0.18666666666666668
