GUIUtilities:0.9533333333333334
InstallPanel:0.22666666666666666
ShortcutsOptionPane:0.2
TaskMonitor:0.2
ManagePanel:0.19666666666666666
AbbrevsOptionPane:0.19222222222222224
SyntaxHiliteOptionPane:0.18666666666666668
BrowserColorsOptionPane:0.18666666666666668
