Def:0.778888888888889
ArrayTests:0.4
StringTests:0.2866666666666667
