TemplateHandlerTest:0.6343333333333334
OverlapResolverTest:0.6343333333333334
