Assert:0.6566666666666666
OnlyTestIsIgnored:0.6105555555555556
AssertionTest:0.5533333333333333
TestMethodTest:0.24333333333333335
