TypeWriter:0.6466666666666666
ClassWriter:0.3333333333333333
EnumWriter:0.29333333333333333
InterfaceWriter:0.2866666666666667
