TaskletStep:0.7933333333333333
StubTasklet:0.35
TaskletStepTests:0.3433333333333333
