StatisticsServer:0.73
OverViewController:0.29333333333333333
AbstractStatisticsViewController:0.18666666666666668
OverViewControllerResultData:0.14666666666666667
AbstractStatisticsViewControllerResultData:0.02666666666666667
