AddressBookParsedResult:0.5566666666666666
VCardResultParser:0.3333333333333333
TelResultHandler:0.19666666666666666
EmailAddressResultHandler:0.19
ResultHandler:0.18
BizcardResultParser:0.10666666666666667
AddressBookDoCoMoResultParser:0.09
AddressBookAUResultParser:0.09
AddressBookResultHandler:0.07666666666666666
VEventResultParser:0.04666666666666667
Contents:0.03333333333333333
