Inventory:0.6466666666666666
Vehicle:0.5033333333333333
DriveGroundVehicle:0.3922222222222222
CollectRockSamplesMission:0.24
Person:0.23666666666666666
