JedisCluster:0.6766666666666666
JedisClusterCommand:0.242
JedisClusterTest:0.23333333333333334
