CRLDistributionPointRevocationChecker:0.49333333333333335
X509SubjectAlternativeNameUPNPrincipalResolver:0.3933333333333333
X509SubjectPrincipalResolver:0.29
