Music:0.6123055555555555
AndroidMusic:0.5366666666666666
OpenALMusic:0.5
IOSMusic:0.2966666666666667
OnCompletionListener:0.23159523809523813
AndroidOnCompletionListener:0.15666666666666668
AudioDelegate:0.15666666666666668
GwtMusic:0.14416666666666667
