BuildLoopStatusReportTask:0.6427777777777777
BuildLoopControllerFake:0.07466666666666666
BuildLoopSmokeTest:0.06
