EntryMenuPanel:0.3466666666666667
GwtTeamingMessages:0.32666666666666666
DataTableFolderViewBase:0.32
ToolPanelBase:0.28650000000000003
GwtTeamingImageBundle:0.2833333333333333
EventHelper:0.24666666666666667
VibeDataTableConstants:0.21
PresenceCell:0.19
EntryTitleCell:0.17
ViewCell:0.17
EntryPinCell:0.16
DownloadCell:0.16
FolderRowAsyncProvider:0.08666666666666667
VibeDataGrid:0.07666666666666666
InvokeColumnResizerEvent:0.06
VibeCellTable:0.03
