GreenPlum:0.7136111111111111
DriverDataSource:0.6661111111111111
DbSupportFactory:0.38
