FtpVFS:0.6233333333333333
SFtpConnection:0.36
ConnectionInfo:0.34
FtpConnection:0.25666666666666665
ConnectionManager:0.17333333333333334
LoginDialog:0.16166666666666665
