NodeService:0.8666666666666667
Callback:0.6201944444444444
TheCall:0.2866666666666667
PutOperation:0.21
MapProxy:0.013333333333333334
