WebserviceBean:0.35333333333333333
JobManager:0.32666666666666666
SNMPDataProcessor:0.32666666666666666
KuwaibaService:0.30333333333333334
SyncAction:0.27
BackgroundJob:0.23666666666666666
ReferenceSnmpSyncProvider:0.1766666666666667
SyncResult:0.1611111111111111
DefaultSyncReader:0.10333333333333333
