RedissonListTest:0.5933333333333334
RedissonDequeTest:0.37333333333333335
RedissonQueueTest:0.33
