ASTVerifier:0.3933333333333333
CollectSymbols:0.28
Message:0.24666666666666667
SymbolChecks:0.24666666666666667
BaseTest:0.18333333333333332
Rule:0.18
TestBasicSemanticErrors:0.09333333333333334
DFA1:0.03
labeledElement_return:0.023888888888888887
DFA31:0.013333333333333334
DFA53:0.013333333333333334
DFA40:0.013333333333333334
DFA27:0.013333333333333334
DFA49:0.013333333333333334
InOutPair:0.0
