ManyDisseminationsTestSetup:0.5866666666666667
MIMETypedStream:0.33666666666666667
FedoraAccessServlet:0.32
