TestHttpRemoteTask:0.6369444444444444
TestingDiscoveryServer:0.44
TestHeartbeatFailureDetector:0.29333333333333333
