CastResolver:0.5233333333333333
StatementGeneratorTest:0.49666666666666665
StatementGenerator:0.39166666666666666
TypeUtil:0.29333333333333333
