AbstractClientStreamTest:0.26
TransportState:0.2546666666666667
BaseAbstractClientStream:0.23
Http2ClientStreamTransportStateTest:0.2
NettyClientStream:0.19666666666666666
OkHttpClientStream:0.18833333333333332
BaseTransportState:0.17333333333333334
Http2ClientStreamTransportState:0.15666666666666668
AbstractClientStream:0.14333333333333334
