Options:0.7666666666666667
FileProcessor:0.34
SourceFileGenerator:0.34
ImplementationImportCollectorTest:0.29333333333333333
