ComponentTester:0.5466666666666666
ComponentRecorderTest:0.5
ComponentRecorder:0.3466666666666667
ComponentReference:0.33666666666666667
ScriptEditor:0.325
EventRecorder:0.26
TesterTestSuite:0.2511111111111111
AbstractSemanticRecorderTest:0.24333333333333335
FrameworkTestSuite:0.21
SemanticRecorder:0.17166666666666666
Costello:0.12333333333333334
RecorderTestSuite:0.11666666666666667
JComboBoxTester:0.09166666666666666
JComboBoxRecorderTest:0.06
JComboBoxRecorder:0.041111111111111105
