ValueCurve:0.47333333333333333
PointOutsideCoverageException:0.4066666666666667
CannotEvaluateException:0.3566666666666667
