XmlConfigBuilder:0.37
CredentialsFactoryConfig:0.22666666666666666
PermissionPolicyConfig:0.22666666666666666
PermissionConfig:0.19333333333333333
AbstractXmlConfigHelper:0.12666666666666668
