FlowSessionImpl:0.6266666666666667
FlowExecutionImpl:0.5822222222222222
FlowExecutionImplStateRestorer:0.16666666666666666
