JsonReader:0.6033333333333334
ReturnTypeTest:0.49333333333333335
ReadContext:0.40797222222222224
