ListRecordingsForUriSession:0.5146666666666667
ControlSession:0.4266666666666667
ArchiveConductor:0.36333333333333334
ArchiveProxy:0.17333333333333334
