JFXAnimation2Test:0.7133333333333334
JFXAnimation3Test:0.7133333333333334
