Router:0.41
Subscription:0.31666666666666665
Keys:0.2966666666666667
JUTestKeys:0.23333333333333334
KeyScheme:0.23222222222222225
Connection:0.22
TestingIoHandler:0.14833333333333334
JUTestFederation:0.13
