DataService:0.6797222222222223
DataExtractorService:0.4352777777777778
