MatchQueryBuilder:0.7233333333333334
MatchQueryBuilderTests:0.3
NestedQueryBuilderTests:0.25833333333333336
