SessionImplementor:0.5758333333333333
SessionImpl:0.5466666666666666
StatelessSessionImpl:0.37333333333333335
AbstractDelegateSessionImplementor:0.33666666666666667
PartialComponentPropertyRefTest:0.24
CompleteComponentPropertyRefTest:0.24
TwoPhaseLoad:0.21333333333333335
EntityIdentityInsertAction:0.19
EntityInsertAction:0.15666666666666668
