Node:0.5033333333333333
MemberHealthStatsImpl:0.36666666666666664
MemberHealthStats:0.3383333333333333
NodeServiceImpl:0.33666666666666667
HazelcastInstanceImpl:0.25666666666666665
ManagementCenterService:0.20666666666666667
InOutSelector:0.20333333333333334
StateSender:0.1877777777777778
