MultiLayerNetwork:0.7933333333333333
ComputationGraph:0.34
FileLabelAwareIterator:0.22666666666666666
MultiLayerTest:0.22333333333333333
