DefaultBindingSetStatementContext:0.18333333333333332
DefaultBindingGetResultSetContext:0.18333333333333332
DefaultBindingGetStatementContext:0.18333333333333332
DefaultBindingGetSQLInputContext:0.18333333333333332
DefaultBindingSQLContext:0.18333333333333332
DefaultBindingSetSQLOutputContext:0.17333333333333334
DefaultBindingRegisterContext:0.17333333333333334
