Qedeq2Latex:0.5733333333333334
FormulaCheckerGlobalTest:0.46
IoUtilityTest:0.37833333333333335
