Printer:0.8112698412698413
Reprap:0.54
NullCartesianMachine:0.25333333333333335
