PreferencesActivity:0.7355555555555555
CaptureActivity:0.6733333333333333
