DefaultPlatformManager:0.53
ModuleClassLoader:0.5233333333333333
PartialPooledByteBufAllocator:0.3233333333333333
TestClient:0.25
ModuleIncludeTest:0.24333333333333335
WeakHashSet:0.16
