StructureResonanceGeneratorTest:0.38666666666666666
StructureResonanceGenerator:0.33666666666666667
HeterolyticCleavageReaction:0.26
MreactionTests:0.18333333333333332
RadicalSiteIonizationMechanism:0.1311111111111111
SharingChargeRadicalReactionTest:0.1
