ConcordanceParam:0.6533333333333333
ConcordanceServiceImpl:0.4166666666666667
ConcordanceForm:0.37666666666666665
