DeadCodeEliminatorTest:0.49666666666666665
DeadCodeEliminator:0.44333333333333336
ObjectiveCHeaderGenerator:0.37
TranslationProcessor:0.36
GenerationTest:0.22333333333333333
J2ObjC:0.19733333333333333
CopyAllFieldsWriter:0.09666666666666666
