ClusterServiceImpl:0.5
InternalPartitionServiceImpl:0.4266666666666667
Registration:0.37666666666666665
EventServiceImpl:0.32666666666666666
TransactionManagerServiceImpl:0.29555555555555557
FinalizeJoinOperation:0.27661111111111114
AbstractJoiner:0.27
EventServiceSegment:0.23444444444444448
ExecutorServiceProxy:0.21777777777777782
MigrationThread:0.2101111111111111
LocalPartitionListener:0.19666666666666666
ProxyEventProcessor:0.19666666666666666
ProxyRegistry:0.19577777777777777
TransactionImpl:0.19333333333333333
MigrateTask:0.17333333333333334
ProxyServiceImpl:0.16666666666666666
RepartitioningTask:0.16444444444444442
PostJoinProxyOperation:0.16
SendEventOperation:0.15833333333333333
EventPacketProcessor:0.13666666666666666
LockEvictionProcessor:0.11
SyncReplicaVersionTask:0.1075
DistributedObjectFuture:0.05888888888888888
AwaitCompletionExceptionHandler:0.0
PostJoinFutureUtilExceptionHandler:0.0
FutureUtilExceptionHandler:0.0
