Marker:0.9
MarkerSet:0.59
Constants:0.5011111111111112
SetScale:0.12666666666666668
Action:0.12666666666666668
Move:0.12666666666666668
MailWmcContext:0.10666666666666667
Reset:0.09
Delete:0.061000000000000006
Get:0.061000000000000006
Update:0.043888888888888894
Add:0.030166666666666668
