TypeUtils:0.5305555555555556
SerializeConfig:0.31333333333333335
DateSerializer:0.29
