color:0.5351825396825398
ResourceLoader:0.37666666666666665
FakeTextView:0.36666666666666664
