PartitionStateManager:0.6233333333333333
PartitionReplicaStateChecker:0.43666666666666665
MigrationInvocationsSafetyTest:0.21666666666666667
