PatientModel:0.47333333333333333
StudyModel:0.43333333333333335
SecureSession:0.38
ExportInfo:0.3333333333333333
SelectedEntities:0.24
StudyListBean:0.22666666666666666
MoveEntitiesPage:0.21333333333333335
StudyPermissionsPage:0.19444444444444445
PrivPatientModel:0.18333333333333332
StudyListPage:0.18333333333333332
Mpps2MwlLinkPage:0.17833333333333334
Mpps2MwlLinkPanelM:0.12666666666666668
WebLoginContext:0.11
StudyListView:0.1
ExportPage:0.08444444444444445
