ListDescriptorsSession:0.37
ArchiveIndex:0.36333333333333334
ReplaySession:0.32
Archiver:0.28
ArchiveIndexTest:0.18666666666666668
