MqlNode:0.7466666666666667
MqlIdentNode:0.17666666666666667
