ShadowDefaultRequestDirector:0.6883333333333334
DefaultRequestDirectorTest:0.5366666666666666
