ITargetObject:0.32666666666666666
JettyAcegiUserRealmTests:0.2633333333333333
ConfigAttributeEditorTests:0.24
UserAttributeEditorTests:0.24
SecurityInterceptorTests:0.23333333333333334
ProviderManagerTests:0.23
MethodDefinitionSourceEditorTests:0.21666666666666667
DaoAuthenticationProviderTests:0.20666666666666667
CatalinaAcegiUserRealmTests:0.20333333333333334
MethodDefinitionAttributesTests:0.18333333333333332
JbossAcegiLoginModuleTests:0.16666666666666666
SecureContextImplTests:0.13444444444444442
MockAuthenticationManager:0.11086616161616165
TargetObject:0.10033333333333334
MockAttributes:0.09222222222222222
MockRunAsAuthenticationToken:0.08666666666666667
SecurityConfigTests:0.08277777777777778
UsernamePasswordAuthenticationTokenTests:0.08277777777777778
RunAsImplAuthenticationProviderTests:0.08277777777777778
UserMapTests:0.08277777777777778
ContextInterceptorTests:0.08222222222222222
AbstractAuthenticationTokenTests:0.07166666666666667
TestingAuthenticationProviderTests:0.05611111111111112
RunAsUserTokenTests:0.05611111111111112
TestingAuthenticationTokenTests:0.05611111111111112
UserTests:0.05611111111111112
RunAsManagerImplTests:0.051666666666666666
UserMapEditorTests:0.051666666666666666
AbstractAdapterAuthenticationTokenTests:0.051666666666666666
ContextImplTests:0.04666666666666667
ContextHolderTests:0.04
OtherTargetObject:0.023333333333333334
MockAccessDecisionManager:0.016666666666666666
MockRunAsManager:0.006666666666666667
