CompressionCodecs:0.4694444444444444
DefaultCompressionCodecResolver:0.44666666666666666
GzipCompressionCodec:0.19666666666666666
DeflateCompressionCodec:0.18333333333333332
