FolderModule:0.7166666666666667
WebKeys:0.5040555555555557
AjaxController:0.3933333333333333
FilterHelper:0.3
FolderModuleImpl:0.20333333333333334
DashboardHelper:0.19666666666666666
FilterController:0.14333333333333334
