Cache:0.7333333333333333
CacheTest:0.3
ExpireAfterWriteTest:0.28
EvictionTest:0.25666666666666665
ExpireAfterAccessTest:0.25333333333333335
Sync:0.24666666666666667
LoadingCacheTest:0.22666666666666666
LocalManualCache:0.22333333333333333
GuavaCache:0.22333333333333333
ReferenceTest:0.19666666666666666
