DFHandlerWithExtension2Test:0.62
ClientXMLDFHandlerWithExtension2Test:0.4766666666666667
DefaultXMLExporterExtensionsTest:0.14333333333333334
