MeshBuilder:0.6461111111111111
SpriteDrawable:0.39
DependencyBank:0.38333333333333336
