RuleNode:0.5566666666666666
RuleElement:0.5005555555555556
Rule:0.47
Wildcard:0.4633333333333333
TypeGraph:0.44666666666666666
VarSupport:0.39
RegExpr:0.37666666666666665
VariableNode:0.35
Search:0.3433333333333333
ProductNode:0.2866666666666667
AbstractReteMatch:0.28
DefaultNodeChecker:0.2633333333333333
RegExprTyper:0.25666666666666665
RuleEdge:0.25666666666666665
Level4:0.25
VarEdgeMultipleRecord:0.24472222222222223
VarEdgeSingularRecord:0.23833333333333334
LevelTree:0.23666666666666666
RuleFactory:0.22666666666666666
RuleApplicationTest:0.22666666666666666
RuleToHostMap:0.22333333333333333
RuleModel:0.22142857142857145
NodeTypeSearchItem:0.21666666666666667
EdgeCheckerNode:0.21666666666666667
FindReplaceDialog:0.21666666666666667
RootNode:0.21333333333333335
TypeFactory:0.21333333333333335
TypeGuard:0.20666666666666667
AspectJVertex:0.2
BasicEvent:0.2
RuleToShapeMap:0.1980952380952381
ReteNetwork:0.18666666666666668
SeedSearchItem:0.18666666666666668
Level2:0.18333333333333332
MatrixAutomaton:0.18333333333333332
Valuation:0.18
TypeCheckTest:0.17333333333333334
Property:0.17083333333333334
Edge2SingularRecord:0.16666666666666666
Level3:0.16
NodeTypeSingularRecord:0.14
RegExprEdgeMultipleRecord:0.13666666666666666
NodeTypeMultipleRecord:0.13
CollectionOfCollections:0.125
PathCheckerFactory:0.12333333333333334
VarEdgeSearchItem:0.11916666666666667
MinimalAnchorFactory:0.11666666666666667
DefaultRuleNode:0.1
DefaultHostNode:0.06
VarMap:0.058333333333333334
WildcardEdgePathChecker:0.05
