Factory:0.47
WebDialog:0.30666666666666664
Content:0.30333333333333334
EditorQuickFind:0.24
OpenAllInTabsAction:0.23
TaskPanel:0.20833333333333334
