IndicesService:0.6877777777777778
IterablesTests:0.25666666666666665
