Configuration:0.6666666666666666
Filter:0.5116666666666667
Starter:0.2733333333333333
ReportConfiguration:0.22333333333333333
ChooseXsltFilter:0.22166666666666668
DateStopFilter:0.18333333333333332
LayoutManager:0.18166666666666667
XmlDataSource:0.165
TaskInfo:0.16
ChooseFileToSavePanel:0.15166666666666667
DateFilter:0.14
ConfigurationPanel:0.12666666666666668
ConfigurationWindow:0.11
MainMenuBar:0.029166666666666667
chooseFileAction:0.02
LayoutTab:0.01
ButtonsPanel:0.01
GeneralTab:0.0
DataSourceTab:0.0
