Builder:0.44666666666666666
RequestBuilderTest:0.38666666666666666
RetrofitTest:0.35333333333333333
CallMethod:0.2111111111111111
ProtoConverterFactoryTest:0.16
WireConverterFactoryTest:0.16
Annotated:0.15166666666666667
