CouchbaseTicketRegistryConfiguration:0.31
MemcachedTicketRegistryConfiguration:0.2866666666666667
CouchbaseTicketRegistryCleaner:0.17394444444444446
MemcachedTicketRegistryCleaner:0.17394444444444446
