Simulator:0.7671111111111112
AspectJGraph:0.36666666666666664
