Synth2Parser:0.5533333333333333
SynthMultiLineLabelUI:0.31666666666666665
SynthRectangleUI:0.2733333333333333
ParsedSynthStyle:0.25777777777777783
SynthLineUI:0.25666666666666665
