Article:0.5105555555555555
AdminProcessor:0.3933333333333333
ArticleMgmtService:0.3
ArticleProcessor:0.23333333333333334
AnonymousViewCheck:0.14333333333333334
