CallStep:0.77
StepBackOver:0.2783333333333333
StepBackInto:0.2783333333333333
