Option:0.4633333333333333
ActionOpen:0.3566666666666667
ControlCenter:0.3466666666666667
Report:0.2966666666666667
Resources:0.2966666666666667
PropertyFile:0.2569444444444445
ActionAbout:0.19
ActionHelp:0.19
Options:0.16333333333333333
ActionView:0.16333333333333333
ActionToggleTnI:0.16333333333333333
ActionClose:0.15333333333333332
ActionExit:0.15333333333333332
ActionSave:0.13333333333333333
Loader:0.11666666666666667
OptionsWidget:0.09666666666666666
ActionOptions:0.09027777777777778
MultipleChoiceOption:0.06
OptionMetaInfo:0.0425
OptionProvider:0.04
