MethodDescription:0.6033333333333334
TypeDescription:0.5666666666666667
GenericTypeDescription:0.4866666666666667
FieldDescription:0.45
Visitor:0.42
Token:0.35
ForLoadedType:0.3433333333333333
LazyTypeDescription:0.33
ForPackageDescription:0.3283333333333333
MalformedBase:0.3272804232804233
LazyProjection:0.32666666666666666
GenericTypeList:0.30333333333333334
MethodToken:0.29
GenericTypeRegistrant:0.27051984126984113
ForWildcardType:0.2633333333333333
Substitutor:0.25333333333333335
ForGenericArray:0.24666666666666667
TypePoolDefaultTypeDescriptionTest:0.24333333333333335
DeclaredInMethod:0.23833333333333334
AbstractTypeDescriptionTest:0.23166666666666666
AbstractTypeDescription:0.23
ImplementationContextDefaultTest:0.22333333333333333
ArrayProjection:0.22333333333333333
MethodExtractor:0.22
AbstractMethodDescription:0.21
Traversal:0.2063968253968254
ForLoadedMethod:0.20222222222222222
FieldToken:0.19666666666666666
TypeExtractor:0.19666666666666666
GenericTypeToken:0.19666666666666666
LazyParameterList:0.19333333333333333
LazyTypeList:0.19
LazyParameterDescription:0.18666666666666668
LazyPackageDescription:0.18333333333333332
ForLoadedConstructor:0.18
LazyMethodDescription:0.18
AbstractGenericTypeDescriptionTest:0.17
Latent:0.16666666666666666
FieldExtractor:0.1577777777777778
AbstractFieldDescription:0.15166666666666667
LazyAnnotationDescription:0.14333333333333334
ForLoadedField:0.13666666666666666
LazyFieldDescription:0.12666666666666668
ForSignatureVisitor:0.1
GenericTypeExtractor:0.085
ForTypeVariable:0.08333333333333333
ForRawType:0.07333333333333333
TokenizedGenericType:0.06
TypeSubstituting:0.055
SignatureMalformer:0.05333333333333334
ForUpperBoundWildcard:0.046388888888888896
Generified:0.03
ForArray:0.013333333333333334
ForLowerBoundWildcard:0.012777777777777779
ForParameterizedType:0.01
TypeDescriptionForLoadedTypeTest:0.01
SampleGenericType:0.0025
