ServerWidgetDefinition:0.48333333333333334
ServerApplications:0.3433333333333333
BasicServerEngine:0.28
ConnectorWidget:0.27
DefaultServerWidgetsHandler:0.24666666666666667
ServerEngine:0.2
ARINCDataConnector:0.06666666666666667
WindowConnector:0.06
