ApprovalData:0.6133333333333333
DummyApprovalRequest:0.4
ApprovalSessionBean:0.3
ApprovalSessionTest:0.29
ApprovalExecutionSessionBean:0.11666666666666667
