TypeSpecTest:0.27666666666666667
AnnotationSpec:0.26
JavaWriterTest:0.20666666666666667
JavaFileTest:0.16
FieldSpec:0.16
TypeSpec:0.15333333333333332
ParameterSpec:0.13
Builder:0.13
MethodSpec:0.09666666666666666
