MBOE:0.5866666666666667
X_C_AcctSchema_Default:0.4266666666666667
Doc_Allocation:0.275
X_C_BOE_Acct:0.22166666666666668
Doc_BOEStatement:0.18333333333333332
AcctSchemaDefaultCopy:0.17666666666666667
