Flyway:0.5833333333333334
StringUtils:0.4033333333333333
CompositeMigrationResolver:0.22333333333333333
MigrationTestCase:0.21666666666666667
CommandLineLargeTest:0.19333333333333333
JdbcMigrationResolver:0.16
JavaMigrationResolver:0.16
SpringJdbcMigrationResolver:0.16
AntDistWithSpringLargeTest:0.13666666666666666
CompositeMigrationResolverSmallTest:0.12666666666666668
AbstractMigrationLoadingMojo:0.12
AbstractMigrationLoadingTask:0.11333333333333333
CommandLineDistWithSpringLargeTest:0.08333333333333333
CommandLineDistLargeTest:0.08333333333333333
