AsyncClient:0.4166666666666667
NettyClientTransport:0.26
AsyncServer:0.26
TestServiceServer:0.26
Http2NettyTest:0.23333333333333334
Tester:0.18
ClientUtil:0.10333333333333333
