AnnotationListView:0.6633333333333333
EditAnnotationAction:0.37333333333333335
