HtmlPage2Test:0.5966666666666667
WebDriverTestCase:0.4866666666666667
HtmlEmbedTest:0.20333333333333334
