IOSGraphics:0.38333333333333336
IOSSound:0.35333333333333333
GameLoop:0.2252777777777778
Assets:0.22199999999999998
IOSApplication:0.18
IOSAudio:0.17
AssetManager:0.16
IOSMusic:0.13
GdxInvaders:0.13
IOSApplicationConfiguration:0.0
