Annotation:0.4866666666666667
IStructuredbInstanceManager:0.47
Structure:0.42
StructuredbManager:0.32666666666666666
StructuredbInstanceManager:0.2966666666666667
IStructuredbManager:0.24972222222222218
Property:0.20333333333333334
StructureDao:0.19333333333333333
StructuredbManagerTest:0.18333333333333332
Database:0.15633333333333332
StructuredbInstanceManagerTest:0.15333333333333332
StructureDaoTest:0.14
LabelTest:0.13666666666666666
LabelDaoTest:0.13
LabelDao:0.12
StructureTest:0.10666666666666667
RealNumberAnnotationTest:0.08194444444444444
TextAnnotationTest:0.08194444444444444
ChoiceAnnotationTest:0.08194444444444444
RemoveLabelAction:0.05583333333333333
RealNumberProperty:0.03666666666666667
ChoiceAnnotation:0.023333333333333334
TextAnnotation:0.023333333333333334
RealNumberAnnotation:0.023333333333333334
TextProperty:0.016666666666666666
ChoiceProperty:0.01
