WebSocket:0.5333333333333333
AtmosphereRequest:0.53
AtmosphereFramework:0.3466666666666667
AtmosphereResponse:0.2733333333333333
AtmosphereFilterChain:0.21333333333333335
AsynchronousProcessor:0.195
JettyWebSocketDraft08Servlet:0.19333333333333333
TomcatWebSocketHandler:0.17833333333333334
DefaultWebSocketProcessor:0.17333333333333334
Grizzly2WebSocketApplication:0.17
TomcatWebSocketUtil:0.1
JettyWebSocketUtil:0.07333333333333333
