SVMLightDataFetcher:0.5733333333333334
WorkerNode:0.49666666666666665
TestSVMLightDataFetcher:0.21333333333333335
SVMLightHDFSDataSetIterator:0.06333333333333334
