QuorumImpl:0.43
ProbabilisticQuorumFunction:0.32666666666666666
QuorumServiceImpl:0.31666666666666665
RecentlyActiveQuorumFunction:0.22
AbstractPingAwareQuorumFunction:0.19333333333333333
UpdateQuorums:0.19000000000000003
QuorumTest:0.056666666666666664
