TimerDuration:0.7466666666666667
TimerAction:0.45
JpdlSerializer_3_2:0.31666666666666665
TimerActionEditDialog:0.24
