WikiEnvironment:0.67
Utilities:0.43
InterWikiHandler:0.2866666666666667
WikiCache:0.2866666666666667
WikiReference:0.25333333333333335
TableOfContentsImpl:0.24
Encryption:0.23666666666666666
ImageUtil:0.21666666666666667
LinkUtil:0.18333333333333332
WikiBase:0.16
LuceneSearchEngine:0.16
SpamFilter:0.13666666666666666
