OgreXmlLoader:0.52
StillSubMesh:0.31333333333333335
SkeletonSubMesh:0.19666666666666666
SubMesh:0.17333333333333334
