NoSuchEndEntityException:0.5455555555555556
SignSessionBean:0.35333333333333333
ScepServlet:0.22
