ObjectIntMap:0.36666666666666664
LongMap:0.26666666666666666
ObjectMap:0.26666666666666666
IntMap:0.26666666666666666
IdentityMap:0.26666666666666666
