HTMLEmailPublisher:0.8633333333333333
HTMLEmailPublisherTest:0.41333333333333333
