TableLayoutHandle:0.37666666666666665
LegacyTransactionConnector:0.3
ConnectorManager:0.29333333333333333
TableLayout:0.24666666666666667
SplitManager:0.22666666666666666
ConnectorEntry:0.22333333333333333
