GwtShareItemMember:0.45
ShareThisDlg:0.4266666666666667
GwtTeamingMessages:0.32666666666666666
GwtServerHelper:0.32666666666666666
GwtRpcServiceImpl:0.19333333333333333
GwtShareItem:0.18666666666666668
RecipientNameWidget:0.16333333333333333
GwtSharingInfo:0.15666666666666668
ShareRightsWidget:0.13
SetShareRightsEvent:0.09111111111111111
GwtShareHelper:0.08416666666666667
RemoveShareWidget:0.056666666666666664
ShareExpirationWidget:0.04666666666666667
ShareRightsPopupMenu:0.03333333333333333
GetSharingInfoCmd:0.02666666666666667
