Order:0.8266666666666667
OrderStorageProcessor:0.23666666666666666
