NetcdfMetadata:0.6033333333333334
Metadata:0.5466666666666666
Creator:0.41333333333333333
SimpleCitation:0.38
ReferencingValidator:0.19
MetadataProxyFactoryTest:0.07916666666666666
