WebKeys:0.45359523809523816
SearchFilter:0.43333333333333335
AjaxController:0.29
BuildDefinitionDivs:0.25333333333333335
Find:0.23666666666666666
