CDKAtomTypeMatcher:0.7566666666666667
CDKAtomTypeMatcherTest:0.25333333333333335
