ConnectionPool:0.88
StaticConnectionPool:0.34
SniffingConnectionPool:0.19666666666666666
StaticConnectionPoolTests:0.14333333333333334
RestClientTests:0.13
