UpdateException:0.5722222222222222
SesameRDFContainer:0.38666666666666666
