Edge:0.6233333333333333
WeightedGraph:0.38333333333333336
PrimsMST:0.15333333333333332
