EndState:0.6433333333333333
ViewState:0.5233333333333333
