NodeStats:0.8633333333333333
NodesInfoResponse:0.30666666666666664
ListTasksResponse:0.29
