OkHttpClient:0.4633333333333333
Call:0.4033333333333333
ResponseBody:0.31666666666666665
RealInterceptorChain:0.29333333333333333
AsyncCall:0.28444444444444444
