InternalKernelServices:0.5333333333333333
QedeqFileDao:0.4533333333333333
Qedeq2Xml:0.3933333333333333
DummyInternalKernelServices:0.3
Qedeq2UnicodeVisitor:0.2966666666666667
DynamicHeuristicCheckerExecutor:0.27666666666666667
FormalProofCheckerExecutor:0.27522222222222226
ControlVisitor:0.27
DefaultInternalKernelServices:0.25
WellFormedCheckerExecutor:0.25
LoadRequiredModulesExecutor:0.23
SimpleProofFinderExecutor:0.22
Qedeq2LatexExecutor:0.19333333333333333
LoadDirectlyRequiredModulesExecutor:0.19
QedeqBoDuplicateLanguageChecker:0.15333333333333332
Xml2Xml:0.14333333333333334
LoadAllRequiredModulesExecutor:0.14
Qedeq2Utf8Executor:0.13666666666666666
XmlQedeqFileDao:0.13333333333333333
ModuleLabelsCreator:0.11333333333333333
Qedeq2UnicodeTextExecutor:0.09
