CriteriaQueryTranslator:0.38666666666666666
CriteriaQueryTest:0.37666666666666665
PropertyProjection:0.3433333333333333
AliasedProjection:0.26
ProjectionList:0.25833333333333336
IdentifierProjection:0.20666666666666667
Course:0.14666666666666667
CriteriaLoader:0.14333333333333334
SimpleProjection:0.12
Student:0.11333333333333333
Distinct:0.1
