X509CA:0.5966666666666667
CmsCAService:0.31
ScepResponseMessage:0.30666666666666664
ScepRequestGenerator:0.24666666666666667
