GwtServerHelper:0.65
GwtRpcServiceImpl:0.38333333333333336
GwtRpcController:0.3611111111111111
HttpRequestInfo:0.3566666666666667
