NewMoleculeFileWizardPage:0.41
JCPMultiPageEditor:0.29
JCPSaveAsDialog:0.2733333333333333
MoleculeSaveAsWizard:0.16
NewMoleculeWizard:0.12666666666666668
MoleculeSaveAsWizardPage:0.11333333333333333
