StressTestSupport:0.31333333333333335
MapUpdateStressTest:0.2733333333333333
MapStableReadStressTest:0.2733333333333333
AtomicLongStableReadStressTest:0.22
