InvertedIndex:0.5466666666666666
LuceneInvertedIndex:0.47
VocabActor:0.30666666666666664
BaseHazelCastStateTracker:0.26666666666666666
BaseTextVectorizer:0.23
TfIdfVectorizerTest:0.19333333333333333
Builder:0.1351111111111111
TfidfVectorizer:0.13333333333333333
BagOfWordsVectorizer:0.08
LuceneInvertedIndexTest:0.043333333333333335
BagOfWordsVectorizerTest:0.04
