MoreTypes:0.5067777777777778
TypesTest:0.4533333333333333
Outer:0.12166666666666667
