PDPTest:0.32
XACMLRequestBuilder:0.31
PDPRequest:0.30666666666666664
PatientConsentDirectives:0.22666666666666666
PDPClient:0.18333333333333332
PolicyConfig:0.12333333333333334
PIPClient:0.11
PolicyConstants:0.08166666666666667
XACMLResponseBuilder:0.05
XACMLAuthzDecisionQueryElement:0.026388888888888885
RequestTypeElement:0.026388888888888885
SAMLResponseElement:0.026388888888888885
SAML2Assertion:0.02
ResponseTypeElement:0.017388888888888888
OMElementWrapper:0.006666666666666667
PolicyUtil:0.0
