Result:0.6061666666666666
ResultQuery:0.4644841269841271
ResultImpl:0.43666666666666665
SelectImpl:0.27666666666666667
AbstractResultQuery:0.15
