SoloServletListener:0.64
ArticleUpdater:0.33166666666666667
OptionMgmtService:0.25666666666666665
ChanceProcessor:0.23
