Element:0.7166666666666667
HTMLDocumentTest:0.36666666666666664
HTMLElement:0.36
