TransformDemo:0.4033333333333333
AddDelegateTransformer:0.37333333333333335
TestAll:0.30666666666666664
AbstractTransformTest:0.30666666666666664
DumpFieldsTask:0.15666666666666668
