Icons:0.57
ResourceDisplay:0.4633333333333333
RuleTree:0.31666666666666665
CheckboxTree:0.3
StateTree:0.29333333333333333
ActionTreeNode:0.27051984126984113
RuleDisplay:0.25
DisplayTreeCellRenderer:0.23333333333333334
AbstractResourceTree:0.2
LabelTree:0.19666666666666666
StateDisplay:0.18666666666666668
MatchTreeNode:0.15
ResourceTree:0.14333333333333334
RuleTreeNode:0.10333333333333333
RecipeTreeNode:0.07444444444444444
DisplayTreeNode:0.07
RuleLevelTree:0.05
ResourceTreeNode:0.011666666666666667
