Role:0.6833333333333333
UserAccess:0.6266666666666667
UserAccessBean:0.36666666666666664
JNDIUtils:0.12555555555555556
