CA:0.8766666666666667
CorrespondanceAnalysisEditorInput:0.5133333333333333
CorporaView:0.25
ComputeCorrespondanceAnalysis:0.16444444444444445
