MsgDisplayCompletionItems:0.38
ResourceCompletion:0.3333333333333333
ResourceListServiceAsync:0.23159523809523813
ResourceListService:0.23159523809523813
SimpleAutoCompletionItems:0.18416666666666667
ResourceListServiceImpl:0.03
