ProfileShardResult:0.3933333333333333
InternalQueryProfileTree:0.32
QueryProfiler:0.31
QuerySearchResult:0.29333333333333333
Profilers:0.25666666666666665
ContextIndexSearcher:0.24666666666666667
QueryProfilerIT:0.23666666666666666
AggregatorFactory:0.2227777777777778
AggregatorFactories:0.21
SearchProfileShardResults:0.18666666666666668
MultiBucketAggregatorWrapper:0.15333333333333332
QueryPhase:0.12333333333333334
