BinderModule:0.7833333333333333
ExportHelper:0.45666666666666667
CoreDaoImpl:0.43
BinderModuleImpl:0.21666666666666667
ExportImportController:0.12333333333333334
