PreferencesWindow:0.6066666666666667
MainWindowMenu:0.21333333333333335
