DSL:0.7566666666666667
DSLContext:0.49366666666666664
DefaultDSLContext:0.27
AlterTableImpl:0.27
AlterIndexImpl:0.18333333333333332
AlterSequenceImpl:0.17333333333333334
AlterViewImpl:0.17333333333333334
