SignWithWorkingAlgorithm:0.4866666666666667
InternalKeyBindingMgmtSessionBean:0.32666666666666666
KeyStoreTools:0.2733333333333333
CreateCsrOperation:0.27
GetCSROperation:0.22333333333333333
GetCSROperationException:0.05333333333333334
