GlobalConfigurationSessionLocal:0.7166666666666667
GlobalConfigurationSessionBean:0.5066666666666667
ClearCacheServlet:0.38333333333333336
