Spark:0.8166666666666667
MatcherFilter:0.32
SparkBase:0.2833333333333333
