Node:0.692
Leaf:0.46
InnerNode:0.39666666666666667
SceneTree:0.29333333333333333
SceneGraphExport:0.23
