ShadowView:0.6033333333333334
Robolectric:0.5833333333333334
ResourceLoader:0.31333333333333335
RobolectricTest:0.2966666666666667
ViewTest:0.08
