ClusterRerouteResponse:0.5
ClusterRerouteRequest:0.42333333333333334
RestClusterRerouteAction:0.22
AcknowledgedRestResponseActionListener:0.21222222222222223
AckTests:0.20333333333333334
TransportClusterRerouteAction:0.18666666666666668
