PUTFIELD:0.38
FieldInstruction:0.37
PUTSTATIC:0.27666666666666667
VirtualInvocation:0.21666666666666667
ObjectTracker:0.09666666666666666
