Robolectric:0.6366666666666667
ShadowApplication:0.41
AndroidManifest:0.37666666666666665
DefaultTestLifecycle:0.21666666666666667
RobolectricTest:0.17666666666666667
ApplicationTest:0.13333333333333333
DefaultTestLifecycleTest:0.11333333333333333
