EventFactorySupport:0.6933333333333334
ResultEventFactory:0.27051984126984113
FormActionTests:0.23
LocalBeanInvokingAction:0.18666666666666668
CompositeAction:0.17333333333333334
AbstractBeanInvokingAction:0.17
AbstractAction:0.16
TestBean:0.15333333333333332
SetPortletModeActionTest:0.12
BeanFactoryBeanInvokingActionTests:0.07666666666666666
LocalBeanInvokingActionTests:0.016111111111111114
DefaultResultEventFactory:0.0
