SpareAndReservedInventoryObjectsDashboardWidget:0.52
ProcessInstanceView:0.47
ComponentConnectionCreator:0.20666666666666667
LinkBean:0.07666666666666666
