DefaultGraphNextState:0.7666666666666667
StateCache:0.3566666666666667
