Console:0.5233333333333333
Shell:0.52
SystemShell:0.4066666666666667
ConsoleState:0.36666666666666664
HistoryText:0.21777777777777782
ConsolePane:0.19666666666666666
browse:0.17444444444444446
edit:0.14333333333333334
run:0.14333333333333334
dirstack:0.14333333333333334
SystemShellBuiltIn:0.13666666666666666
ActionHandler:0.13333333333333333
cd:0.11666666666666667
ShellState:0.11333333333333333
popd:0.11
pushd:0.11
detach:0.11
kill:0.10333333333333333
SearchDownAction:0.0025
SearchUpAction:0.0025
