DefaultClassLoaderStrategy:0.5033333333333333
ClassLoaderUtilTest:0.41
AsmUtil:0.38888888888888884
Dummy:0.08333333333333333
