FactoryImpl:0.5833333333333334
MemberState:0.4694444444444444
IOUtil:0.3233333333333333
MemberStateImpl:0.2633333333333333
MAtomic:0.255
AtomicNumberReal:0.19666666666666666
