SkeletonModel:0.4866666666666667
MD2Viewer:0.39666666666666667
OgreXmlLoader:0.3433333333333333
MD2Loader:0.30666666666666664
KeyframedModel:0.23
