Structure:0.5266666666666666
IStructureDao:0.4720000000000001
StructureDao:0.22666666666666666
Label:0.205
StructureDaoTest:0.20333333333333334
StructuredbInstanceManager:0.19333333333333333
StructureTest:0.13333333333333333
LibraryTest:0.11
LabelDaoTest:0.03333333333333333
