AbstractVirtualMachine:0.611111111111111
ArrayLibrary:0.37666666666666665
SodbeansLibraryManager:0.3175
HopLibraryManager:0.2
