SampleAction:0.44333333333333336
SampleAction20:0.4266666666666667
VisibleTest:0.3463888888888889
