AbstractTestIntegrationSmokeTest:0.2966666666666667
TestMySqlIntegrationSmokeTest:0.12083333333333333
TestMongoIntegrationSmokeTest:0.12083333333333333
TestPostgreSqlIntegrationSmokeTest:0.12083333333333333
TestJdbcIntegrationSmokeTest:0.1162777777777778
TestRedisIntegrationSmokeTest:0.052388888888888895
