GeoParsedResult:0.5833333333333334
ZXingMIDlet:0.4122222222222222
ResultHandler:0.2211111111111111
