Doc:0.6544444444444445
FactLine:0.5566666666666666
Doc_RetentionStatement:0.19333333333333333
Doc_BOEStatement:0.19333333333333333
Doc_Invoice:0.19333333333333333
Doc_Allocation:0.19
Doc_Movement:0.16666666666666666
Doc_Perception:0.16666666666666666
Doc_GLJournal:0.16666666666666666
Doc_Payment:0.16666666666666666
Doc_InOut:0.16666666666666666
