QueryExplainer:0.42333333333333334
Visitor:0.24666666666666667
TestFeaturesConfig:0.24
DistributedLogicalPlanner:0.23333333333333334
LocalQueryRunner:0.23333333333333334
FeaturesConfig:0.19333333333333333
SqlQueryExecution:0.18666666666666668
DistributedQueryRunner:0.18333333333333332
AbstractTestQueryFramework:0.18
CreateViewTask:0.1
SqlQueryExecutionFactory:0.043333333333333335
