ForumActionModule:0.83
ForumActionModuleImpl:0.5866666666666667
AddEntryController:0.34
ModifyEntryController:0.20333333333333334
