SkeletonSubMesh:0.51
MD2Loader:0.3
G3DTLoader:0.29
OgreXmlLoader:0.27
Animation:0.26666666666666666
SkeletonModel:0.2633333333333333
KeyframedSubMesh:0.24
SkeletonAnimation:0.22
KeyframedModel:0.20333333333333334
Keyframe:0.18333333333333332
KeyframedAnimation:0.15333333333333332
