ValidationUtil:0.7266666666666667
ExportParWizardPage:0.4666666666666667
OpenFormValidationDelegate:0.17666666666666667
OpenVisualFormEditorDelegate:0.17333333333333334
