SequenceI:0.5666666666666667
Drawable:0.5066666666666667
FeatureSet:0.49333333333333335
Config:0.45666666666666667
StrandedFeatureSetI:0.44333333333333336
Transcript:0.42333333333333334
Gene:0.4033333333333333
DrawableSeqFeature:0.4033333333333333
DrawableFeatureSet:0.39
FeatureProperty:0.37666666666666665
StrandedFeatureSet:0.36
SeqFeature:0.36
Transformer:0.36
CurationSet:0.35333333333333333
Comment:0.3433333333333333
GenericAnnotation:0.33666666666666667
GAMEAdapter:0.32666666666666666
Exon:0.32666666666666666
AbstractSequence:0.31666666666666665
GenericAnnotationSet:0.31333333333333335
FeatureEditorDialog:0.27666666666666667
BaseFineEditor:0.265
TranscriptEditPanel:0.24666666666666667
ScaleView:0.24666666666666667
DrawableSpliceSite:0.23666666666666666
SiteView2:0.23333333333333334
DrawableAnnotatedFeatureSet:0.23333333333333334
AnnotationChangeCoalescer:0.23166666666666666
StrandedZoomableApolloPanel:0.23
HighlightDragListener:0.22833333333333333
CORBAAdapter:0.22833333333333333
FeatureTreePanel:0.22666666666666666
TranslatedSequence:0.22333333333333333
DrawableAnnotatedSeqFeature:0.22
TierMenu:0.21666666666666667
ApolloFrame:0.21666666666666667
DataLoader:0.21666666666666667
SequenceView:0.21333333333333335
FineApolloPanel:0.21
ResultAlignmentRenderer:0.20333333333333334
ResultView:0.19666666666666666
FineFeatureEditorPanel:0.19333333333333333
AminoAcidIcon:0.19
AlignmentViewerRowHeader:0.18333333333333332
DrawableLimitedFeatureSet:0.18
BOFEWindowListener:0.17833333333333334
FindPanel:0.17666666666666667
AnnotationMenu:0.17
RowLabel:0.16666666666666666
FeatureView:0.16666666666666666
SequenceSelector:0.16
DrawableResultFeatureSet:0.16
DrawableInsertionSite:0.155
GFFAdapter:0.155
TranslationViewer:0.15
FlyNameAdapter:0.14333333333333334
AnnotationChangeDoodad:0.12
DrawableResultSeqFeature:0.12
GCScoreCalculator:0.12
AnnotationAlignmentRenderer:0.03916666666666667
FineEditorScrollListener:0.02
NavClickListener:0.013333333333333334
