IOSSound:0.4666666666666667
IOSMusic:0.43
IOSAudio:0.3506666666666667
BufferedReader:0.263
MD5Loader:0.23333333333333334
VertexAttributes:0.18166666666666667
