CrawlJob:0.49333333333333335
ListType:0.25
XMLSettingsHandler:0.22666666666666666
CrawlJobHandler:0.07333333333333333
