ExtensionManager:0.33666666666666667
PPTGraphics2D:0.32666666666666666
EditorLayer:0.3233333333333333
ServerMessageProcessor:0.29455555555555557
ServerXMLSymbolsHandler:0.26666666666666666
DefaultServerXMLDFHandler:0.25333333333333335
AbstractServerEngine:0.25333333333333335
NumericFormatter:0.24666666666666667
SizedTextPane:0.23444444444444443
AbstractEditorPanel:0.20333333333333334
SwingLoggerFactory:0.19666666666666666
UpdateRunnable:0.17333333333333334
ServerXMLDFHandler:0.17166666666666666
EditorEngine:0.16666666666666666
LoggerFactory:0.15333333333333332
