Template:0.7266666666666667
ModelGenerator:0.42333333333333334
TargetConvention:0.36333333333333334
