GeneTable:0.61
TraceCaller:0.3333333333333333
CachedConnectionSource:0.25333333333333335
TraceCallerException:0.08333333333333333
