TransactionalMapProxy:0.5633333333333334
TransactionalMapProxySupport:0.3566666666666667
TxnMapNearCacheInvalidationTest:0.1627777777777778
