SitemapNode:0.7033333333333334
Duration:0.66
TestDuration:0.12666666666666668
SearchSite:0.10533333333333333
SitemapNodeDurationFilterFactory:0.013333333333333334
