RegistryContainer:0.7666666666666667
DependenciesPageHandler:0.14
RegistriesPageHandler:0.12
SubscribedPageHandler:0.09333333333333334
RegisteredPageHandler:0.09333333333333334
ServersPageHandler:0.09333333333333334
ClientsPageHandler:0.09333333333333334
ServicesPageHandler:0.08666666666666667
ProvidersPageHandler:0.08666666666666667
ConsumersPageHandler:0.08666666666666667
ApplicationsPageHandler:0.006666666666666667
