StorageBean:0.2833333333333333
ContentEditBean:0.2833333333333333
PatientUpdateBean:0.27
PatientBean:0.24333333333333335
GPSPSBean:0.22333333333333333
UPSRelatedPSBean:0.21666666666666667
Priority:0.21666666666666667
FileSystemMgt2Bean:0.20666666666666667
UPSRequestBean:0.19333333333333333
UPSState:0.16666666666666666
GPWLQueryCmd:0.12666666666666668
UPSBean:0.07
