SearchTransportService:0.7566666666666667
MockSearchPhaseContext:0.46888888888888897
TransportSearchAction:0.3303333333333333
