SerialCorpusImpl:0.5933333333333334
SerialDataStore:0.4866666666666667
TestPersist:0.39
