WebUrlUtil:0.7733333333333333
GwtProfileHelper:0.3233333333333333
SsfsUtil:0.3
WebKeys:0.27165079365079364
ViewFileController:0.14666666666666667
