OkHttpClientTransportTest:0.52
OkHttpClientTransport:0.47
OkHttpChannelProviderTest:0.3433333333333333
ClientFrameHandler:0.29333333333333333
WriteRunnable:0.14333333333333334
