PersistencyHandler:0.6758333333333333
DatabaseHandler:0.5133333333333333
FileHandler:0.48
UpgradeServlet:0.25
CategoryServlet:0.18666666666666668
