UploadEngine:0.5266666666666666
VersionUtils:0.44666666666666666
SWQuickDownloadAction:0.19
