ActionScreenshot:0.5288888888888889
TreeView:0.5122222222222222
TimelineView:0.39666666666666667
