StructureDiagramGenerator:0.7266666666666667
AtomPlacer:0.35333333333333333
StructureDiagramGeneratorTest:0.27666666666666667
