DListener:0.4166666666666667
AMTarget:0.37333333333333335
Task:0.3277777777777778
SimpleSchedulerListener:0.13444444444444442
AMReceiver:0.13333333333333333
CheckUtil:0.1
