IPAtomicDescriptorTest:0.6033333333333334
IPAtomicDescriptor:0.37333333333333335
