Server:0.5786666666666667
GenServer:0.5519999999999999
GenServerTest:0.37666666666666665
LocalGenServer:0.35333333333333333
AbstractServer:0.09444444444444446
GenServerRequest:0.09
GenServerHelper:0.08666666666666667
