RepeatTemplate:0.39666666666666667
RepeatSynchronizationManager:0.27666666666666667
AbstractStatefulRetryPolicy:0.2633333333333333
CompositeRetryPolicy:0.225
CompositeRetryContext:0.18333333333333332
JdkConcurrentResultQueue:0.14666666666666667
RepeatInternalStateSupport:0.045182539682539685
