FormatProcess:0.5666666666666667
BasicFormatterTest:0.28
DdlFormatterTest:0.22555555555555556
