FileModuleImpl:0.45666666666666667
FolderUtils:0.4066666666666667
ListFolderHelper:0.38
GwtMenuHelper:0.33
