SimulationConfigEditor:0.46
SettlementTableModel:0.41
MainWindow:0.37666666666666665
MarsProject:0.21055555555555558
SettlementInfo:0.16333333333333333
