Simulator:0.6133333333333333
Options:0.45
ControlPanel:0.2866666666666667
ControlTextArea:0.24
ControlNameField:0.16333333333333333
CancelAction:0.14666666666666667
NewAction:0.13666666666666666
DeleteAction:0.11
SaveAction:0.09666666666666666
EnableAction:0.06
RenameAction:0.03
CopyAction:0.013333333333333334
