TestUpdaters:0.6133333333333333
NoOpGradientUpdater:0.5638055555555556
BaseUpdater:0.45888888888888885
