MnistDataFetcher:0.35
LFWDataSetIterator:0.35
BaseDatasetIterator:0.30666666666666664
MnistFetcher:0.30333333333333334
BaseDataFetcher:0.30333333333333334
MnistManager:0.3
RBMTests:0.27666666666666667
LFWDataFetcher:0.23666666666666666
AbstractVectors:0.02
