SMARTSTest:0.33
AnyAtom:0.29333333333333333
SMARTSSearchTest:0.2633333333333333
SMARTSAtom:0.24777777777777782
AliphaticAtom:0.09333333333333334
AromaticAtom:0.09333333333333334
