QueryQueueDefinition:0.4866666666666667
TestSqlQueryQueueManager:0.36333333333333334
QueryQueueRule:0.3433333333333333
SqlQueryQueueManager:0.28
