MultiLayerConfiguration:0.6133333333333333
ComputationGraphConfiguration:0.52
RegressionTest060:0.2633333333333333
RegressionTest050:0.18
RegressionTest071:0.05
