GenerationTest:0.41
JdtParser:0.4
FileUtil:0.34
InputFilePreprocessor:0.29333333333333333
ProcessingContext:0.21333333333333335
J2ObjC:0.16
