MultiLayerNetwork:0.6266666666666667
GravesLSTM:0.37333333333333335
GRU:0.37
MultiLayerTestRNN:0.08
