RobolectricTestRunner:0.67
RootAndDirectory:0.30333333333333334
WithTestDefaultsRunner:0.20666666666666667
WithoutTestDefaultsRunner:0.08333333333333333
