EmptyCachesTest:0.5366666666666666
CaffeinatedGuavaTest:0.35
UnsafeAccess:0.23333333333333334
