ViewUtil:0.6933333333333334
EditLinkedListsTag:0.37666666666666665
