GOTOInclusionTransformation:0.5966666666666667
Jupiter:0.4188888888888889
GOTOInclusionTransformationTest:0.2833333333333333
