ChannelWrapper:0.508
JPPFTask:0.4846666666666667
AbstractClientJob:0.35333333333333333
JPPFJob:0.32
TaskQueueChecker:0.31
AbstractNodeContext:0.23666666666666666
JPPFPriorityQueue:0.22
ChannelWrapperRemote:0.19666666666666666
MyTask:0.14
RemoteRunnable:0.12666666666666668
MyCallable:0.11666666666666667
LocalRunnable:0.07333333333333333
JPPFCallableRunner:0.07
