RecordParser:0.7066666666666667
FieldCursor:0.5116666666666667
