JpgExtractor:0.6166666666666667
TestDefaultExtractorRegistry:0.19666666666666666
JpgExtractorTest:0.04666666666666667
