DataTypes:0.47333333333333333
Builder:0.3433333333333333
Planner:0.32666666666666666
DataType:0.30333333333333334
AnalyzerDispatcher:0.3
AnalysisVisitor:0.29333333333333333
SelectAnalyzerTest:0.27666666666666667
ArrayType:0.22
SetType:0.22
TestModule:0.21333333333333335
PlannerTest:0.19333333333333333
NotSupportedType:0.17333333333333334
NullType:0.0961111111111111
IpType:0.09333333333333334
