NettyClientHandler:0.37666666666666665
HttpUtil:0.36666666666666664
NettyClientStream:0.32666666666666666
NettyClientStreamTest:0.32666666666666666
NettyClientHandlerTest:0.22333333333333333
AbstractStub:0.1688888888888889
StubConfigBuilder:0.11666666666666667
