Proxetta:0.5433333333333333
ProxettaBuilder:0.37
WrapperProxetta:0.31
InvokeProxettaBuilder:0.2916666666666667
ProxyProxettaBuilder:0.24333333333333335
ProxyProxetta:0.22
InvokeProxetta:0.22
WrapperProxettaBuilder:0.17333333333333334
ProxyAspectData:0.14333333333333334
ProxyAspect:0.09666666666666666
DelegateAdviceUtil:0.08333333333333333
