AsyncOperationBatchIterator:0.25333333333333335
LuceneBatchIterator:0.25333333333333335
BatchPagingIterator:0.24
CloseAssertingBatchIterator:0.23
BatchIteratorTester:0.21333333333333335
