RubyEnvironmentTab:0.6866666666666666
RubyApplicationLauncherDelegate:0.27
RubyCore:0.15333333333333332
RubyLaunchConfigurationAttribute:0.014444444444444444
