LoadWorker:0.5724603174603176
CascadingTest:0.5466666666666666
