MapNearCacheManager:0.5133333333333333
MapProxyImpl:0.43
TransactionalMapProxy:0.3466666666666667
MapProxySupport:0.34
TransactionalMapProxySupport:0.23
TxnMapNearCacheBasicTest:0.22
NearCachedMapProxyImpl:0.20333333333333334
LiteMemberMapNearCacheSerializationCountTest:0.15666666666666668
MapNearCacheBasicTest:0.15666666666666668
MapNearCacheSerializationCountTest:0.15666666666666668
LiteMemberMapNearCacheBasicTest:0.15666666666666668
