Factory:0.5233333333333333
H2ArrayTable:0.345
ArrayTable:0.33
jOOQAbstractTest:0.19666666666666666
ArrayAsSubqueryCondition:0.18666666666666668
AliasProviderImpl:0.12333333333333334
DialectArrayTable:0.043333333333333335
OracleArrayTable:0.013055555555555556
PostgresHSQLDBTable:0.013055555555555556
