BoundedLocalCache:0.5066666666666667
NodeGenerator:0.3616666666666667
ExpireAfterAccessTest:0.12200000000000001
