GraphicPolygon:0.5866666666666667
GraphicLineString:0.4572222222222223
