XJBSWDownloadCandidate:0.5783333333333334
XJBSWDownloadFile:0.49805555555555564
XJBSWDownloadFileImpl:0.36666666666666664
XJBSWDownloadCandidateImpl:0.3433333333333333
Unmarshaller:0.25333333333333335
