SimpleExportedJobLauncherTests:0.32666666666666666
MapJobRegistry:0.32
TaskExecutorLauncher:0.2866666666666667
MapJobRegistryTests:0.2
JobRegistry:0.16333333333333333
JobRegistryBeanPostProcessor:0.14333333333333334
ReferenceJobFactory:0.13333333333333333
ClassPathXmlApplicationContextJobFactory:0.11666666666666667
InfiniteLoopTasklet:0.06
