AbstractProcessingFilterTests:0.6533333333333333
AuthenticationProcessingFilterTests:0.5233333333333333
AuthenticationProcessingFilterEntryPointTests:0.39666666666666667
