Element:0.4766666666666667
Parser:0.36666666666666664
Node:0.3566666666666667
TextNode:0.20666666666666667
SelectorTest:0.20666666666666667
Attribute:0.2
ElementTest:0.17
DataNode:0.12666666666666668
Document:0.12
StartTag:0.1
XmlDeclaration:0.09666666666666666
ParserTest:0.09333333333333334
Comment:0.06833333333333333
Jsoup:0.05333333333333334
