JobCollectContext:0.5566666666666666
MapSideDataCollectOperation:0.43666666666666665
JobCollectContextTest:0.27
HandlerSideLevelCollectTest:0.20333333333333334
InnerPreparer:0.14333333333333334
LuceneDocCollectorProvider:0.13333333333333333
JobExecutionContextTest:0.11666666666666667
MapSideDataCollectOperationTest:0.08666666666666667
ThreadPools:0.07194444444444445
