Settings:0.6366666666666667
ObjectFinder:0.49
GeometricCalibrator:0.26666666666666666
