DatabaseShardManager:0.6461111111111111
DatabaseUtil:0.34
TestDatabaseShardManager:0.22666666666666666
