DefaultConversionServiceTests:0.47
DefaultConversionService:0.39
StringToEnum:0.2966666666666667
StringToEnumTests:0.23333333333333334
