JMSManager:0.6666666666666666
JMSManagerTest:0.28
JmsNotificationClient:0.25722222222222224
TestNotificationClient:0.19333333333333333
AllUnitTests:0.16333333333333333
JmsBroker:0.05333333333333334
