Simulation:0.4666666666666667
Task:0.4033333333333333
PhysicalCondition:0.38666666666666666
Person:0.38666666666666666
Unit:0.38333333333333336
Mind:0.37666666666666665
UnitManager:0.37333333333333335
Vehicle:0.36333333333333334
Inventory:0.3566666666666667
Mission:0.32666666666666666
TaskManager:0.31
Settlement:0.30666666666666664
BuildingManager:0.27666666666666667
UnitTableModel:0.2733333333333333
TravelToSettlement:0.23
VehicleMission:0.22666666666666666
Farming:0.22333333333333333
UnitManagerListener:0.21250000000000002
MissionTableModel:0.2
RescueSalvageVehicle:0.19
MissionListModel:0.18333333333333332
JobManager:0.18
MalfunctionManager:0.18
PersonTableModel:0.17333333333333334
PowerGrid:0.13666666666666666
VehicleTableModel:0.13
NavpointPanel:0.12666666666666668
VehicleAirlock:0.12333333333333334
MainDetailPanel:0.12
ActivityTabPanel:0.11333333333333333
SettlementTableModel:0.09
UnitManagerEvent:0.06666666666666667
AssociatedSettlementListener:0.06
LocalUnitManagerListener:0.05333333333333334
LocalCrewListener:0.03666666666666667
InhabitantSettlementListener:0.03666666666666667
UnitEvent:0.03
MissionEvent:0.03
LocalMissionManagerListener:0.023333333333333334
LocalMissionListener:0.02
