Slice:0.6433333333333333
TupleInfo:0.3413333333333334
ByteArraySlice:0.33
ByteBufferSlice:0.296
Builder:0.29
UnsafeSlice:0.27666666666666667
TestTupleInfo:0.17333333333333334
