GwtServerHelper:0.49
GwtUser:0.47
GwtGroup:0.37666666666666665
GroupInfo:0.26666666666666666
GwtProfileHelper:0.24
GwtNetFolderHelper:0.23666666666666666
GwtRpcServiceImpl:0.22666666666666666
GwtShareHelper:0.20333333333333334
SearchResultItemWidget:0.20333333333333334
ShareThisDlg2:0.19666666666666666
PrincipalNameWidget:0.16333333333333333
GroupCoordinator:0.16333333333333333
GwtSearchHelper:0.15
GroupTitleCell:0.11
