ChannelWrapper:0.5910555555555556
ClientJob:0.5633333333333334
TaskQueueChecker:0.29
AbstractClientJob:0.2833333333333333
JPPFPriorityQueue:0.25666666666666665
TestConnectionPool:0.11666666666666667
