Target:0.5366666666666666
ResourceTarget:0.45
AbstractGenerator:0.35
Resource:0.2833333333333333
