SearchHits2:0.6622222222222222
NewConstraints:0.4033333333333333
