HsqlSchema:0.6233333333333333
HsqlMigrationMediumTest:0.28833333333333333
