DefaultQueryCacheEventData:0.42
SimpleEntryView:0.38333333333333336
CacheEventDataImpl:0.25333333333333335
ClientExceptionFactoryTest:0.21333333333333335
JobPartitionStateImpl:0.16333333333333333
