DateUtility:0.5366666666666666
FieldSearchResultSQLImpl:0.38333333333333336
TestDateUtility:0.29
FieldSearchSQLImpl:0.215
