ConfirmationWindow:0.5025
MessageWindowPanel:0.37666666666666665
TrashListPage:0.32666666666666666
StudyListPage:0.2833333333333333
