SodbeansRunToCursorAction:0.4877222222222222
SodbeansRunBackToCursorAction:0.4877222222222222
