IndiBox:0.9233333333333333
BasicTreeBuilder:0.22666666666666666
