ViewFactory:0.6866666666666666
ViewManager:0.51
TreeView:0.37
SettingsWidget:0.32
ResumeView:0.29
ApplyResetSupport:0.27977777777777774
TableView:0.26666666666666666
TimelineView:0.24666666666666667
Applet:0.21944444444444447
ActionDelegate:0.20833333333333334
ActionView:0.19666666666666666
ActionSettings:0.19666666666666666
ControlCenter:0.13333333333333333
ViewWidget:0.11333333333333333
ActionZoom:0.11086616161616165
TreeViewSettings:0.09666666666666666
ResumeViewFactory:0.09
ToolBarSupport:0.0867222222222222
ActionBookmark:0.07333333333333333
ResumeViewSettings:0.02666666666666667
AsChangeListener:0.017388888888888888
ActionOverview:0.0033333333333333335
