ViewObject:0.26666666666666666
BatchModify:0.23416666666666666
DatastreamsPane:0.2175
SourceRepoDialog:0.215
NewDatastreamPane:0.21333333333333335
GeneralPane:0.21
NewDisseminatorPane:0.20666666666666667
Login:0.20416666666666666
DisseminatorsPane:0.1975
Downloader:0.19416666666666665
MechanismInputPanel:0.19416666666666665
ViewObjectXML:0.19333333333333333
PurgeObject:0.19333333333333333
ExportActionListener:0.16333333333333333
EditingPane:0.16333333333333333
ExportObject:0.15666666666666668
CurrentVersionPane:0.13
ChangeObjectState:0.13
BatchModifyValidate:0.11
ImportAction:0.11
PurgeButtonListener:0.11
LoginAction:0.10333333333333333
ExportDialog:0.09
IngestDialog:0.08
PriorVersionPane:0.08
CreateAction:0.07666666666666666
