ElementPTFactory:0.6416666666666667
ElementPTHandler:0.48366666666666663
ElementPTReader:0.2680952380952381
