AttributesTest:0.615
IEConditionalCompilationTest:0.503611111111111
TestThread:0.42333333333333334
