Renderer2DModel:0.7233333333333334
AlphaRenderer2D:0.2966666666666667
Renderer2D:0.22833333333333333
ArrowRenderer2D:0.20666666666666667
CDK2DAtomColors:0.18944444444444444
CPKAtomColors:0.18
