PropertyPath:0.4766666666666667
HbmBinder:0.34555555555555556
AbstractLoadPlanBuildingAssociationVisitationStrategy:0.28
NonEncapsulatedEntityIdentifierDefinition:0.2290158730158731
LoadQueryInfluencers:0.19694444444444442
AbstractEntityTuplizer:0.19333333333333333
AnnotationBinder:0.19333333333333333
ComponentPropertyHolder:0.19
FetchStyleLoadPlanBuildingAssociationVisitationStrategy:0.14666666666666667
ForeignGenerator:0.13333333333333333
