GwtMenuHelper:0.34444444444444444
GwtTeamingMessages:0.31666666666666665
UserShareRightsDlg:0.31333333333333335
EventHelper:0.28400000000000003
ManageUsersDlg:0.23333333333333334
EntryMenuPanel:0.22444444444444447
SetSelectedUserShareRightsEvent:0.21666666666666667
