BasicSettings:0.5666666666666667
Simulator:0.36333333333333334
SyntheticSource:0.24333333333333335
FileSource:0.24333333333333335
AbstractLinkedPolicy:0.24
