JPPFNode:0.355
JPPFClassLoader:0.2966666666666667
StatsHandler:0.27666666666666667
NewConnectionTask:0.22333333333333333
NodeDataPanel:0.22
PermissionsFactory:0.21666666666666667
PeerDiscoveryThread:0.20666666666666667
NodeRunner:0.20333333333333334
NodeHandler:0.18
SecurityTestTask:0.16
TaskNotificationRunner:0.13
