UrlUtils:0.605
FailbackRegistry:0.4766666666666667
AbstractRegistry:0.33666666666666667
