RatedDocument:0.5433333333333333
RankEvalResult:0.3333333333333333
RankEvalResponse:0.33
PrecisionAtNTests:0.19333333333333333
PrecisionAtN:0.17333333333333334
QuerySpecTests:0.17
TransportRankEvalAction:0.145
EvalQueryQuality:0.09
RankEvalRequestTests:0.02666666666666667
RatedDocumentTests:0.0
