AndroidApplication:0.4866666666666667
AndroidLiveWallpaper:0.4166666666666667
AndroidFragmentApplication:0.3433333333333333
