LdapUserDetailsManager:0.3566666666666667
Essence:0.30666666666666664
InetOrgPerson:0.27
DefaultInitialDirContextFactory:0.17666666666666667
