FullRecordConversion:0.30333333333333334
RegistryObjectToAbstractRecord:0.25333333333333335
AbstractRecordConversion:0.17
BriefRecordConversion:0.05
SummaryRecordConversion:0.043333333333333335
