OnmsMonitoredServiceResource:0.47
OnmsSnmpInterfaceResource:0.45666666666666667
OnmsIpInterfaceResource:0.415
NodeRestService:0.22666666666666666
