GraphJdbc:0.5466666666666666
GoThread:0.4736666666666666
GOBrowser:0.43666666666666665
