Assert:0.5533333333333333
Description:0.3933333333333333
TemporaryFolder:0.2716111111111111
Parameterized:0.23333333333333334
TestClassRunnerForParameters:0.19
AssertionTest:0.15333333333333332
ParameterizedTestTest:0.15
ClassRequest:0.13666666666666666
ExpectedException:0.13
DummySortWithNameAsc:0.12833333333333333
DummySortJvm:0.12833333333333333
DummySortWithDefault:0.12833333333333333
ExpectedExceptionStatement:0.10833333333333334
TestedOnSupplier:0.09333333333333334
MethodSorterTest:0.07666666666666666
TempFolderRuleTest:0.07333333333333333
NameClashes:0.04
ParameterizedWithoutSpecialTestname:0.03916666666666667
MethodSorter:0.03666666666666667
TestDescriptionTest:0.016666666666666666
