InputAbc:0.4766666666666667
Object:0.29494444444444445
Util:0.1
DisplayObject:0.0
EventDispatcher:0.0
InteractiveObject:0.0
MovieClip:0.0
Sprite:0.0
DisplayObjectContainer:0.0
