GeoIpProcessor:0.5633333333333334
SimpleProcessor:0.1
ConfigurationUtils:0.07666666666666666
GeoIpProcessorFactoryTests:0.05
IngestModule:0.015555555555555553
GrokProcessor:0.006666666666666667
