View2D:0.4088888888888889
Navigator2DFactory:0.37666666666666665
Type:0.21
