ListenerConfig:0.37333333333333335
AcceptorConfig:0.35
HL7v2Acceptor:0.2966666666666667
HL7v2Listener:0.2833333333333333
Connection:0.2633333333333333
