ScriptEditor:0.42333333333333334
Script:0.38333333333333336
JTextComponentTester:0.29
JComponentTester:0.25333333333333335
StepEditor:0.25
ScriptTableCellRenderer:0.24666666666666667
JTextComponentTesterTest:0.17
JComponentTesterTest:0.15333333333333332
