JobRepository:0.8733333333333333
SimpleJobRepository:0.25333333333333335
SimpleJobRepositoryIntegrationTests:0.21666666666666667
SimpleJob:0.18444444444444444
SimpleJobRepositoryTests:0.17666666666666667
JobRepositorySupport:0.1613888888888889
JdbcJobRepositoryTests:0.15666666666666668
