AbstractTestQueries:0.43
SqlQueryExecutionFactory:0.32666666666666666
PlanOptimizersFactory:0.29
LocalQueryRunner:0.2866666666666667
CoordinatorModule:0.13
