FailedToCommitClusterStateException:0.4766666666666667
PublishClusterStateAction:0.35
ZenDiscovery:0.3125
PublishClusterStateActionTests:0.30666666666666664
SendingController:0.23333333333333334
UpdateTask:0.19
MinimumMasterNodesIT:0.14333333333333334
