ListProxyImpl:0.47533333333333333
CollectionContainer:0.43111111111111106
ListContainer:0.38333333333333336
CollectionDataSerializerHook:0.26666666666666666
ListTest:0.17666666666666667
