ProfileAttribute:0.8233333333333334
ProfileMainPanel:0.4033333333333333
ProfileSidePanel:0.38333333333333336
GwtProfilePage:0.34
ProfileSearchesSectionPanel:0.3094867724867724
GwtProfileHelper:0.19333333333333333
