SimpleName:0.45666666666666667
Local:0.23333333333333334
NameValidator:0.21333333333333335
SimpleNameSpace:0.19666666666666666
Scoped:0.19333333333333333
SimpleNameTest:0.11833333333333333
