Body:0.58
World:0.5133333333333333
Group:0.37
IOSSound:0.3466666666666667
AtlasTmxMapLoader:0.2966666666666667
TmxMapLoader:0.24
