IoUtil:0.45
EventReader:0.17666666666666667
PubAndSubTest:0.15333333333333332
SubUnicastTest:0.15333333333333332
SubMulticastTest:0.15333333333333332
PubMulticastTest:0.15333333333333332
PubUnicastTest:0.15333333333333332
