SQLGrammar:0.5266666666666666
TransportSQLActionTest:0.4633333333333333
AnalyzerVisitor:0.32
AnalyzerElements:0.30666666666666664
CreateAnalyzerNode:0.18333333333333332
TransportSQLAction:0.15
DeleteResponseListener:0.11666666666666667
NodeFactoryImpl:0.08
AnalyzerVisitorTest:0.08
NodeExecutionContext:0.07777777777777778
SQLModule:0.04
ClusterUpdateSettingsResponseListener:0.033650793650793646
TransportClusterUpdateCrateSettingsAction:0.013333333333333334
NodeNames:0.0
