HtmlOption:0.7733333333333333
HTMLOptionElement:0.39
HTMLOptionsCollection:0.25666666666666665
