OverViewControllerResultData:0.4955555555555555
DataAggregationJoblet:0.48333333333333334
OverViewController:0.3566666666666667
AbstractStatisticsViewController:0.29333333333333333
