Rebuilder:0.55
Rebuild:0.5166666666666667
SQLRebuilder:0.25
ResourceIndexRebuilder:0.19555555555555554
NoOpRebuilder:0.17333333333333334
