ElasticsearchDomainConfig:0.5
AWSElasticsearch:0.46711904761904766
CreateElasticsearchDomainRequest:0.33
ElasticsearchDomainStatus:0.3233333333333333
UpdateElasticsearchDomainConfigRequest:0.2866666666666667
AbstractAWSElasticsearchAsync:0.2733333333333333
AbstractAWSElasticsearch:0.25333333333333335
AWSElasticsearchAsync:0.2500396825396825
AWSElasticsearchAsyncClient:0.25
ElasticsearchDomainConfigMarshaller:0.19333333333333333
ElasticsearchDomainStatusMarshaller:0.19333333333333333
AWSElasticsearchClient:0.17666666666666667
ElasticsearchDomainConfigJsonUnmarshaller:0.11666666666666667
CreateElasticsearchDomainRequestMarshaller:0.11666666666666667
ElasticsearchDomainStatusJsonUnmarshaller:0.11666666666666667
UpdateElasticsearchDomainConfigRequestMarshaller:0.08333333333333333
