WrongTargetException:0.43
CallerNotMemberException:0.2866666666666667
TargetNotMemberException:0.2866666666666667
PartitionMigratingException:0.2866666666666667
