RobolectricConfig:0.7733333333333333
TestUtil:0.25333333333333335
ViewGroupTest:0.23333333333333334
ResourceLoaderTest:0.21666666666666667
MenuResourceLoaderTest:0.17666666666666667
