ControlVisitor:0.55
DefaultKernelQedeqBoTest:0.3433333333333333
DefaultModuleEventListenerTest:0.20666666666666667
ModuleEventListenerLogTest:0.20666666666666667
