SelectAnalysis:0.62
Planner:0.4166666666666667
SelectStatementAnalyzer:0.24
AbstractIndexWriterProjector:0.23666666666666666
TransportSQLAction:0.19666666666666666
InsertFromSubQueryAnalyzer:0.19
TransportBaseSQLAction:0.18666666666666668
