Privilege:0.5266666666666666
AllTests:0.20765079365079367
DateTimeHandler:0.14666666666666667
PasswordAuthenticationHandler:0.14666666666666667
ConcurrencyHandler:0.14666666666666667
ModalAuthenticationHandler:0.14666666666666667
ChainHandler:0.11666666666666667
