MockHttpServletRequest:0.5627777777777778
FilterSecurityInterceptor:0.37333333333333335
