GradientPanel:0.3433333333333333
LwjglApplication:0.3433333333333333
NetAPITest:0.29333333333333333
Renderer:0.24
ParticleEditor:0.22733333333333333
StreamUtils:0.17333333333333334
AndroidMultiTouchHandler:0.16777777777777778
ModelBatch:0.16333333333333333
HttpClientResponse:0.12666666666666668
MeshPart:0.03666666666666667
