ConnectionManager:0.37333333333333335
HazelcastClient:0.27
HazelcastClientTest:0.25333333333333335
DynamicClusterTest:0.23666666666666666
ListenerManager:0.07555555555555554
OutRunnable:0.06777777777777778
InRunnable:0.03
