AttributeMember:0.48333333333333334
EntityGenerator:0.3983333333333333
EntityType:0.3433333333333333
EntityDescriptor:0.20916666666666667
