Export2FileWriter:0.6
ClassySharkPanel:0.46388888888888885
CliMode:0.24666666666666667
