SelectionListener:0.46
GraphEditorTab:0.41833333333333333
ListPanel:0.2833333333333333
TemplateListEditor:0.24666666666666667
BoundedModelCheckingDialog:0.24333333333333335
