CachedBdbMap:0.9433333333333334
BdbServerCache:0.3466666666666667
