DefinitionLogic:0.42333333333333334
DefinitionServiceBean:0.30666666666666664
ExecutionLogic:0.25666666666666665
BulkDeployProcessDefinitionAction:0.2
FormHashModel:0.19666666666666666
