TextArea:0.5866666666666667
Log:0.4533333333333333
JEditTextArea:0.37
JEditBuffer:0.36333333333333334
MouseHandler:0.3111111111111111
BeanShell:0.2833333333333333
Registers:0.2633333333333333
View:0.26
SearchAndReplace:0.24
EditPane:0.24
InputHandler:0.23
HistoryText:0.23
DisplayManager:0.22
BeanShellFacade:0.21
CompleteWord:0.21
DockableWindowManagerImpl:0.21
SearchDialog:0.20666666666666667
PanelWindowContainer:0.20666666666666667
EmacsUtil:0.19333333333333333
Abbrevs:0.19333333333333333
VFSFileChooserDialog:0.17666666666666667
DefaultInputHandler:0.17388888888888887
TextAreaInputHandler:0.17333333333333334
SearchBar:0.16666666666666666
SelectLineRange:0.16333333333333333
ActionHandler:0.16333333333333333
PasteFromListDialog:0.13333333333333333
ButtonActionHandler:0.11416666666666667
