RxFileUtils:0.5955555555555556
ActivityDialog:0.3466666666666667
ActivityMain:0.24
RxAnimationUtils:0.17333333333333334
RxUtils:0.15666666666666668
