Window:0.76
StorageTest:0.25666666666666665
StorageList:0.19333333333333333
