Host:0.8533333333333334
NetworkManager:0.41
SWDownloadWorker:0.23111111111111116
ConnectionEngine:0.22333333333333333
MagmaParser:0.19666666666666666
GURLHandler:0.19666666666666666
IncomingConnectionDispatcher:0.11
