ParentChildIndexFieldData:0.48333333333333334
OsService:0.15666666666666668
JvmService:0.15666666666666668
ProcessService:0.15666666666666668
FsService:0.13333333333333333
