Package:0.5766666666666667
I18nUtils:0.34
AuthorizationUtils:0.26666666666666666
PresentationUtils:0.12666666666666668
I18nUtilsTest:0.09666666666666666
