AddContactWindow:0.7027222222222224
ContactManagerModule:0.6166666666666667
IndexUI:0.23333333333333334
Constants:0.02
