GeneEditPanel:0.43
TranscriptEditPanel:0.34833333333333333
IDFocusListener:0.2866666666666667
GeneNameFocusListener:0.23666666666666666
TranscriptNameFocusListener:0.17083333333333334
