DBView:0.7466666666666667
DBRecordPanel:0.36333333333333334
DBTableModel:0.32666666666666666
