RequestLoggingFilter:0.4454444444444444
LoggingITest:0.3466666666666667
FilterContext:0.33166666666666667
