ListTemplate:0.5033333333333333
ClientListProxy:0.4683333333333333
ClientSetProxy:0.19666666666666666
