ShadowApplication:0.83
ApplicationTest:0.38666666666666666
ShadowContextWrapper:0.36000000000000004
