CaffeineSpec:0.54
MultiQueuePolicy:0.25333333333333335
HashFunctionParser:0.22425396825396826
TinyCacheWithGhostCache:0.16333333333333333
RandomRemovalFrequencyTable:0.14333333333333334
TinyCacheAdapter:0.14333333333333334
