ChunkCache:0.6133333333333333
TextArea:0.45555555555555555
TextAreaPainter:0.4166666666666667
