KeyChainGroup:0.5966666666666667
Wallet:0.5366666666666666
TransactionOutPoint:0.31333333333333335
KeyChainGroupTest:0.24333333333333335
DecryptingKeyBag:0.20666666666666667
KeyBag:0.013333333333333334
