JPPFNode:0.3488888888888889
AutoTunedBundler:0.31333333333333335
AutotunedDelegatingBundler:0.31
RLBundler:0.25333333333333335
ProportionalBundler:0.23666666666666666
AbstractAutoTunedBundler:0.22666666666666666
SimulatedProportionalBundler:0.1627777777777778
SendingBundleState:0.13666666666666666
ProportionalBundlerProvider:0.13333333333333333
