AdaptiveRevisitFrontier:0.6533333333333333
ARHostQueueList:0.5833333333333334
