EnterElementOrGroupDialog:0.49666666666666665
EnterElementSwingModule:0.3933333333333333
SaveAsAction:0.36222222222222217
JCPActionChangeMode:0.13666666666666666
