ResourceItem:0.6066666666666667
AbstractEntryProcessor:0.5366666666666666
CommonDependencyInjection:0.24
