ListFolderHelper:0.7833333333333333
IdTriple:0.5516666666666666
ListFolderController:0.25333333333333335
