Setting:0.5633333333333334
Settings:0.38
Bootstrap:0.3233333333333333
Builder:0.2866666666666667
Elasticsearch:0.19666666666666666
ESElasticsearchCliTestCase:0.14333333333333334
InitConsumer:0.1162777777777778
