EditorReader:0.6822222222222222
CodeCharacterLineProcessor:0.16333333333333333
LiteralCharacterProcessor:0.16333333333333333
