ClusteredEventBusTest:0.37583333333333335
LocalEventBusTest:0.35888888888888887
EventBusImpl:0.34
EventBus:0.33916666666666667
