ColumnBlock:0.22534955
Selection:0.07541997
JEditBuffer:0.06403281
BufferAdapter:0.051338967
TextArea:0.031594172
ChunkCache:0.014717197
DisplayManager:0.01469982
ColumnBlockLine:0.006839958
