HyperSearchResults:0.20391734
HyperSearchOperationNode:0.14878237
SearchAndReplace:0.13589917
HyperSearchFileNode:0.07187965
TextArea:0.05923503
HyperSearchResult:0.057743337
SearchMatcher:0.057715822
JEditBuffer:0.052734166
jEdit:0.048540033
Buffer:0.041092265
GUIUtilities:0.03021944
View:0.02917412
JEditTextArea:0.027982218
Selection:0.026874049
Mode:0.021043848
Log:0.019371536
ThreadUtilities:0.018553779
Task:0.01076439
SearchFileSet:0.010399047
