OptionsDialog:0.73746943
OptionGroup:0.14915767
TabbedOptionDialog:0.09379721
OptionPane:0.041580677
AbstractOptionPane:0.03797816
jEdit:0.024597716
Log:0.016509295
BeanShell:0.013784589
CombinedOptions:0.011741107
OperatingSystem:0.005320744
StringModel:0.0036181598
