Transition:0.7966666666666666
TransitionMoveCommand:0.31666666666666665
TransitionConnectionEditPolicy:0.08
