BasicBondGenerator:0.29333333333333333
LineElement:0.2733333333333333
IntermediateRenderer:0.21
BasicAtomGenerator:0.15
OvalElement:0.13666666666666666
IntermediateRendererTest:0.13333333333333333
RingElement:0.11
AtomMassGenerator:0.10333333333333333
RingGenerator:0.10333333333333333
HighlightGenerator:0.1
WedgeLineElement:0.09
AtomSymbolElement:0.05333333333333334
AtomMassSymbolElement:0.03333333333333333
TextElement:0.006666666666666667
