BasicAuthTest:0.4572222222222222
AuthTimeoutTest:0.41083333333333333
DigestAuthTest:0.2997222222222222
