AbstractDatabasePlatform:0.5066666666666667
IDatabasePlatform:0.43333333333333335
DefaultDatabaseWriter:0.43
