DaoAuthenticationProvider:0.3933333333333333
DaoAuthenticationProviderTests:0.37
PasswordDaoAuthenticationProvider:0.30666666666666664
PasswordDaoAuthenticationProviderTests:0.23083333333333333
ProviderManager:0.22333333333333333
ProviderManagerTests:0.22
AbstractSecurityInterceptor:0.1875
AuthenticationSuccessEvent:0.0936789321789322
AuthenticationEventTests:0.07333333333333333
AuthorizedEvent:0.056666666666666664
AuthenticationCredentialsNotFoundEvent:0.056666666666666664
AbstractAuthenticationFailureEvent:0.05
AuthorizationFailureEvent:0.05
AbstractAuthenticationEvent:0.04666666666666667
LoggerListenerTests:0.02
LoggerListener:0.02
AuthenticationFailureDisabledEvent:0.019166666666666665
AuthenticationFailureProxyUntrustedEvent:0.017388888888888888
AuthenticationFailureServiceExceptionEvent:0.017388888888888888
AuthenticationFailureCredentialsExpiredEvent:0.017388888888888888
AuthenticationFailureExpiredEvent:0.017388888888888888
AuthenticationFailureProviderNotFoundEvent:0.017388888888888888
AuthenticationFailureConcurrentLoginEvent:0.017388888888888888
AuthenticationFailureBadCredentialsEvent:0.017388888888888888
AuthenticationFailureLockedEvent:0.017388888888888888
PublicInvocationEvent:0.017388888888888888
AuthorizationFailureEventTests:0.016666666666666666
AuthenticationCredentialsNotFoundEventTests:0.013333333333333334
AuthorizedEventTests:0.013333333333333334
AuthenticationSwitchUserEvent:0.006666666666666667
AbstractAuthorizationEvent:0.0
MockApplicationEventPublisher:0.0
