DicomMediaIO:0.5
DicomVideoSeries:0.37
MimeInspector:0.33
FileExtractor:0.3272804232804233
DicomVideoElement:0.31
DicomExplorer:0.2866666666666667
DicomModel:0.21333333333333335
DownloadManager:0.17
DicomEncapDocSeries:0.13
DicomCodec:0.12333333333333334
AudioVideoElement:0.05333333333333334
MimeSystemOpenFactory:0.03666666666666667
DicomEncapDocElement:0.02
