Convention:0.6166666666666667
ConventionInterface:0.5533333333333333
CDOInterface:0.4083333333333333
CMLHandler:0.24666666666666667
CMLReader:0.24
XMLHandler:0.07333333333333333
CDOAcceptedObjects:0.06666666666666667
PDBConvention:0.065
PMPConvention:0.04833333333333333
MDLMolConvention:0.03944444444444445
CMLCDO:0.03666666666666667
NMRCDO:0.0033333333333333335
CMLResolver:0.0033333333333333335
FortranFormat:0.0033333333333333335
ANIMATIONCDO:0.0033333333333333335
