Setting:0.6233333333333333
Settings:0.5433333333333333
Builder:0.27
AbstractScopedSettings:0.2302777777777778
SettingsTests:0.14
FilteredMap:0.03333333333333333
