SystemStore:0.545611111111111
DefaultFileSystemStore:0.41
Simulator:0.38
VersionDialog:0.29333333333333333
DefaultArchiveSystemStore:0.20666666666666667
