HTTPCommunicator:0.5566666666666666
HttpPostCommandProcessor:0.39599999999999996
RestTest:0.2833333333333333
ConnectionResponse:0.11833333333333333
