XJBAlternateLocation:0.5588888888888889
XJBAlternateLocationImpl:0.37333333333333335
Unmarshaller:0.23333333333333334
