URLConnectionTest:0.7233333333333334
Connection:0.42
ConnectionPool:0.3566666666666667
RouteSelector:0.30333333333333334
