DBCursor:0.47333333333333333
DBCollection:0.35333333333333333
MyCollection:0.2833333333333333
