Face:0.62
FreeType:0.5866666666666667
BulletTest:0.33
FreeTypeFontGenerator:0.21777777777777782
