AbstractAWSCodeStarAsync:0.49333333333333335
RequestExecutor:0.38666666666666666
RequestHandler2:0.37333333333333335
AWSCodeStar:0.35
AbstractAWSCodeStar:0.3
AWSCodeStarAsyncClient:0.23
IRequestHandler2:0.22166666666666668
AWSCodeStarClient:0.22
AmazonHttpClientTest:0.20333333333333334
AWSCodeStarAsync:0.20127777777777778
StackedRequestHandler:0.09
