RWorkspace:0.6233333333333333
MessagePrinter:0.43333333333333335
RConsole:0.35333333333333333
CheckRPackages:0.23166666666666666
ParametersDialog:0.2227777777777778
ApplicationWorkbenchAdvisor:0.2055
ExecuteRText:0.1572222222222222
ComputeCorrespondanceAnalysis:0.14
CreateSubCorpus:0.14
ConvertCorpus:0.14
CreatePartition:0.13333333333333333
ExecuteRScript:0.12966666666666665
StreamHog:0.08166666666666667
RestartTXM:0.07216666666666666
