ContextValueFilter:0.6033333333333334
FilterUtils:0.4766666666666667
JSONSerializer:0.42
ASMSerializerFactory:0.32666666666666666
FieldSerializer:0.27416666666666667
MTopTest:0.12333333333333334
MapSerializer:0.11
Model:0.05
