ReportMultDesc:0.7719444444444444
ReportSosa:0.5442777777777777
