Transition:0.5766666666666667
FlowExecutionImpl:0.4666666666666667
FlowExecutionControlContextImpl:0.36
