EntityType:0.55
CollectionType:0.38666666666666666
ClobTypeDescriptor:0.22666666666666666
BlobTypeDescriptor:0.22666666666666666
NClobTypeDescriptor:0.22666666666666666
