OnTimeChangedListener:0.5472222222222223
Dialog:0.5366666666666666
TimePicker:0.44
TimePickerLayout:0.33666666666666667
TimePickerDialog:0.22
ButtonFragment:0.15444444444444444
