BooleanType:0.19333333333333333
ByteType:0.19333333333333333
IntegerType:0.16666666666666666
LongType:0.16666666666666666
DoubleType:0.16666666666666666
ShortType:0.16666666666666666
FloatType:0.16666666666666666
