Glove:0.4594444444444444
GloveWeightLookupTable:0.37
Builder:0.25
AbstractVectors:0.18753968253968253
GloveTest:0.12666666666666668
VectorsConfiguration:0.10066666666666667
