NettyTransport:0.5066666666666667
NettyHttpServerTransport:0.42
BindHttpException:0.3478333333333333
