MagicNumber:0.4666666666666667
MimeTypeDescription:0.4633333333333333
MagicMimeTypeIdentifier:0.38666666666666666
TestMagicMimeTypeIdentifier:0.20333333333333334
