Viewer:0.7138888888888889
FileDialog:0.3333333333333333
