Statement:0.5366666666666666
IndexDocumentHandler:0.505
OperationsImpl:0.38333333333333336
