HTMLElement:0.5566666666666666
HTMLInputElement:0.24666666666666667
HTMLFrameElement:0.20333333333333334
HTMLLinkElement:0.20333333333333334
HTMLImageElement:0.20333333333333334
HTMLMetaElement:0.20333333333333334
HTMLAreaElement:0.12666666666666668
HTMLTableColElement:0.12666666666666668
HTMLBaseFontElement:0.12666666666666668
HTMLBaseElement:0.12666666666666668
HTMLBRElementTest:0.05
HTMLBRElement:0.03666666666666667
HTMLParamElement:0.006666666666666667
HTMLHRElement:0.006666666666666667
HTMLIsIndexElement:0.006666666666666667
