AuthorizationCodeAuthenticationProvider:0.4633333333333333
InMemoryAccessTokenRepository:0.2
AuthorizedClientIdentifierStrategy:0.18666666666666668
SecurityTokenRepository:0.11666666666666667
