CAAdminSessionBean:0.525
InformationMemory:0.4166666666666667
EditServiceManagedBean:0.35333333333333333
EJBCAHealthCheck:0.25333333333333335
LocalPublisherSessionBean:0.25
