Mirror:0.5183333333333333
CastorTest:0.4725
NutConf:0.3027777777777778
