Applet:0.45666666666666667
Init:0.42
ControlCenter:0.4033333333333333
