GlassPainter:0.49333333333333335
MTextFieldPanel:0.38
AbstractPainter:0.32
GradientPainter:0.2633333333333333
CategoryListRenderer:0.23333333333333334
