HtmlElement:0.6933333333333334
EventTest:0.5466666666666666
UIEvent:0.2833333333333333
