InternalClusterInfoService:0.51
IndexShardTests:0.4166666666666667
ClusterInfoServiceIT:0.33666666666666667
SubmitReschedulingClusterInfoUpdatedJob:0.13666666666666666
