GwtTeamingMessages:0.89
ShareThisDlg2:0.41333333333333333
EditShareDlg:0.35333333333333333
ShareThisDlg:0.35
