ManyToOneRingBuffer:0.4766666666666667
Flyweight:0.43333333333333335
IoUtil:0.30333333333333334
