LocalRaAdminSessionBean:0.5566666666666666
RevokeResponseGenerator:0.32
RequestAbstractTypeResponseGenerator:0.26666666666666666
