Variable:0.4633333333333333
DumpByteCodeVisitor:0.31666666666666665
MethodDefinition:0.28
CompilerContext:0.28
VariableInstruction:0.20166666666666666
LocalVariableNode:0.165
IncrementVariableInstruction:0.14666666666666667
StoreVariableInstruction:0.14
LoadVariableInstruction:0.14
MethodGenerationContext:0.09333333333333334
