DefaultPollerFrontEnd:0.39666666666666667
PollerFrontEndTest:0.2966666666666667
Poller:0.2833333333333333
State:0.23666666666666666
ServerUnreachableAdaptor:0.21666666666666667
Disconnected:0.17666666666666667
Paused:0.09666666666666666
DemoPollerConfiguration:0.085
