BaseWicketApplication:0.39666666666666667
ModuleSelectorPanel:0.30666666666666664
WicketApplicationTest:0.24666666666666667
LoginPage:0.24333333333333335
MainPage:0.16666666666666666
AEMgtPanel:0.13666666666666666
JaasWicketSession:0.10333333333333333
BaseWicketPage:0.03666666666666667
PageExpiredErrorPage:0.03333333333333333
InternalErrorPage:0.0033333333333333335
AccessDeniedPage:0.0033333333333333335
