RedisRunner:0.8733333333333333
RedissonBlockingQueueTest:0.2733333333333333
RedissonTest:0.25
BaseConcurrentTest:0.16666666666666666
RedisProcess:0.15
RedissonMultiLockTest:0.13666666666666666
BaseReactiveTest:0.11666666666666667
RedisClientTest:0.10333333333333333
BaseTest:0.1
