TODHandler:0.59675
DefaultExecutionTracker:0.5633333333333334
SourceInfo:0.21333333333333335
TestConditionalStep:0.2
DefaultTODHandler:0.18333333333333332
SearchResult:0.043055555555555555
