InternalAwsS3Service:0.37333333333333335
AwsEc2ServiceImpl:0.2966666666666667
S3Repository:0.23666666666666666
REPOSITORY_S3:0.10838095238095237
CLOUD_S3:0.10838095238095237
CLOUD_AWS:0.06666666666666668
CLOUD_EC2:0.014285714285714285
