StrandedFeatureSet:0.6566666666666666
FindPanel:0.41333333333333333
DataLoader:0.34
