JavaConfigAspectRegistry:0.5333333333333333
DefaultJavaConfigBeanFactory:0.26
JavaConfigBeanFactory:0.13444444444444442
ReflectiveJavaConfigBeanDefinitionReader:0.03666666666666667
ConfigurationUtils:0.03333333333333333
JavaConfigBeanDefinitionReader:0.03
JavaConfigInternalPostProcessor:0.0
AsmJavaConfigBeanDefinitionReader:0.0
