NodeExtension:0.5641666666666667
MemberState:0.5466666666666666
MemberStateImpl:0.49333333333333335
ClusterStateManager:0.2966666666666667
HotRestartPersistenceConfig:0.2733333333333333
HttpPostCommandProcessor:0.23666666666666666
DefaultNodeExtension:0.23333333333333334
ClusterStateManagerTest:0.23
TimedMemberStateFactory:0.18333333333333332
IOUtil:0.16666666666666666
IOUtilTest:0.08
FactoryIdHelper:0.07666666666666666
MemberStateImplTest:0.045
HttpCommandProcessor:0.0
