URIBuilder:0.49666666666666665
HTTPBuilder:0.35
RequestConfigDelegate:0.34
RestAssuredConfig:0.31666666666666665
