Generator:0.47333333333333333
Parser:0.36333333333333334
Type:0.32
Builder:0.30666666666666664
ClassScanner:0.2875
Info:0.2833333333333333
Piper:0.25666666666666665
ClassProperties:0.25333333333333335
DeclarationList:0.16416666666666666
BuildMojo:0.09333333333333334
Attribute:0.023888888888888887
