Mol2Writer:0.7166666666666667
Mol2Format:0.47333333333333333
