ClientMapProxy:0.44666666666666666
ClientCallFuture:0.4166666666666667
ClientExecutorServiceProxy:0.36333333333333334
ClientClusterServiceImpl:0.32
ClusterListenerThread:0.2733333333333333
ClientExecutionServiceImpl:0.16
ManagerAuthenticator:0.05333333333333334
ClientPacketProcessor:0.03666666666666667
ClusterAuthenticator:0.02666666666666667
