Robolectric:0.6533333333333333
ShadowDialog:0.3566666666666667
ShadowVideoView:0.28
ShadowCountDownTimer:0.13166666666666665
VideoViewTest:0.11666666666666667
ShadowConfiguration:0.11333333333333333
CountDownTimerTest:0.08333333333333333
ConfigurationTest:0.06
DialogTest:0.05
