ImmutableTestCluster:0.5664444444444444
ElasticsearchIntegrationTest:0.5016666666666667
AckTests:0.35
AckClusterUpdateSettingsTests:0.20333333333333334
SearchStatsTests:0.19666666666666666
SuggestStatsTests:0.17
SearchPreferenceTests:0.17
