TableTest:0.35333333333333333
TableHibernateTest:0.33
HqlAnalyzerTest:0.24666666666666667
MqlAnalyzerTest:0.22666666666666666
ExceptionTest:0.21333333333333335
MddTest:0.13
LockTest:0.13
QueryGenerationTest:0.12666666666666668
ConcurrentTest:0.12
ExternalSetAPITest:0.1
ConfigurationTest:0.1
