Suite:0.5766666666666667
Request:0.49333333333333335
JUnitCore:0.22666666666666666
