ResultQuery:0.7977777777777778
SelectImpl:0.6375
AbstractResultQuery:0.17666666666666667
