Color:0.61
BatchTiledMapRenderer:0.30666666666666664
Vector2:0.2833333333333333
List:0.27444444444444444
OrthogonalTiledMapRenderer2:0.27
AndroidGraphics:0.23633333333333334
TmxMapLoader:0.18333333333333332
