IndexMetaData:0.46
IndexSettings:0.295
AbstractScopedSettings:0.29
ByteSizeValue:0.24
TimeValue:0.22333333333333333
AutoExpandReplicas:0.21638888888888885
SettingsUpdater:0.18333333333333332
ScopedSettingsTests:0.15666666666666668
IndicesService:0.1425
MetaDataIndexUpgradeService:0.14
MetaDataUpdateSettingsService:0.11666666666666667
SettingsModule:0.11
TransportPutIndexTemplateAction:0.10666666666666667
MetaDataCreateIndexService:0.07333333333333333
RestGetSettingsAction:0.04
RestGetIndicesAction:0.03
