TaskListing:0.5655555555555555
PassThroughEventsPanel:0.4633333333333333
