NodeScheduler:0.5888888888888889
TestNodeScheduler:0.47333333333333333
TopologyAwareNodeSelector:0.24
