Flow:0.6333333333333333
XmlFlowBuilder:0.43333333333333335
State:0.36333333333333334
ViewState:0.29
ActionExecutingView:0.18333333333333332
FlowDefinitionRedirectAction:0.16
FlowVariable:0.14333333333333334
FlowArtifactFactory:0.13
ViewVariable:0.11
XmlFlowBuilderTests:0.05
ViewInfo:0.02666666666666667
FlowVariableTests:0.006666666666666667
BeanFactoryVariableValueFactoryTests:0.0
