PlannerTest:0.616111111111111
QuerySplitterTest:0.29333333333333333
SplitVisitor:0.19
