TableNodeHandler:0.49333333333333335
DumpNodeHandler:0.15944444444444444
LabelNodeHandler:0.15944444444444444
