Engine:0.59
AppliConfiguration:0.48
ExtensionManager:0.4633333333333333
ParameterizedRenderer:0.3272804232804233
EditorEngine:0.2966666666666667
ProtocolInputDecoder:0.29
Connector:0.2664444444444445
ClientMessageConstructor:0.2633333333333333
ExtensionConfigurator:0.24666666666666667
DefaultARINCUtils:0.23838888888888887
AbstractMapItemList:0.23666666666666666
Renderer:0.23333333333333334
MessageDecoder:0.23
ClientMessageDecoder:0.23
ClientConfigurationParser:0.22666666666666666
DefaultLayerSet:0.22666666666666666
JFXLineArcRenderer:0.22333333333333333
LoaderUtilities:0.22
AbstractClientEngine:0.21833333333333332
ServerMessageConstructor:0.21666666666666667
ARINC661App:0.21666666666666667
AbstractServerEngine:0.21666666666666667
JFXEventLogger:0.21166666666666667
ServerConfigurationParser:0.21166666666666667
RendererFactory:0.19366666666666665
DefaultParamStructConverter:0.19305555555555554
ParsedWidget:0.18333333333333332
ARINCSettings:0.17333333333333334
ARINCMultiStateButton:0.16166666666666665
JFXSymbolOvalRenderer:0.13333333333333333
JFXSymbolTargetRenderer:0.13333333333333333
ConfigurationSerializer:0.08666666666666667
