Downstream:0.5433333333333333
DistributingDownstream:0.4266666666666667
TransportJobAction:0.34
InternalRowDownstreamFactoryTest:0.24333333333333335
DistributingDownstreamTest:0.17666666666666667
TransportExecutorModule:0.15666666666666668
InternalRowDownstreamFactory:0.10333333333333333
JobModule:0.09666666666666666
