MultiDerivation:0.7433333333333333
Derivation:0.4766666666666667
Term:0.3466666666666667
AtomTerm:0.2
TransitTerm:0.19333333333333333
WhileTerm:0.19333333333333333
StarTerm:0.19333333333333333
UntilTerm:0.19333333333333333
CallTerm:0.16666666666666666
OrTerm:0.16333333333333333
TermDerivationTest:0.16333333333333333
SeqTerm:0.14333333333333334
DerivationStack:0.06666666666666667
BodyTerm:0.043333333333333335
