Writer:0.44666666666666666
Metadata:0.37666666666666665
Analyzer:0.36666666666666664
AnalyzerExternal:0.3044444444444444
WriterExternal:0.2563888888888889
WriterStatement:0.2563888888888889
ReservedWordTests:0.17
