Report:0.8222222222222222
ActionSave:0.36666666666666664
