WinBase:0.8933333333333333
Kernel32:0.558888888888889
Kernel32Test:0.4
DCB:0.18666666666666668
COMMTIMEOUTS:0.05055555555555556
