Util:0.6133333333333333
WebserviceBean:0.5
BusinessEntityManagerImpl:0.31666666666666665
ApplicationEntityManagerImpl:0.28
