Analysis:0.59
AnalyzerTest:0.32666666666666666
Analyzer:0.22
TestModule:0.18666666666666668
StatementAnalyzer:0.18333333333333332
