HttpClient:0.8833333333333333
HttpClientRequestImpl:0.42333333333333334
HttpClientImpl:0.32666666666666666
HTTPExamples:0.29333333333333333
