SystemPropertyModel:0.74
MBeanValueModel:0.52
SystemInfoPanel:0.21666666666666667
SystemPropertyTreeTable:0.1577777777777778
