JobConfiguration:0.57
StepConfigurationSupport:0.51
JobConfigurationTests:0.25666666666666665
StepConfigurationSupportTests:0.21666666666666667
SpringBeanJobConfigurationTests:0.056666666666666664
