MockRepository:0.6033333333333334
SharedClusterSnapshotRestoreTests:0.4066666666666667
MockBlobStore:0.3233333333333333
DedicatedClusterSnapshotRestoreTests:0.2733333333333333
AbstractSnapshotTests:0.26
