ServerDescription:0.83
DefaultMultiServerCluster:0.4866666666666667
Clusters:0.37777777777777777
