PreferencesActivity:0.4678888888888888
CaptureActivity:0.4033333333333333
CameraConfigurationManager:0.37
CameraManager:0.31
AmbientLightManager:0.2805555555555555
