JSONLexer:0.7172777777777778
ParserConfig:0.3566666666666667
JSONLexerBase:0.30666666666666664
TypeUtils:0.305
DefaultJSONParser:0.29
WriteClassNameTest2:0.28833333333333333
JavaBeanDeserializer:0.259
MapDeserializer:0.19666666666666666
ThrowableDeserializer:0.16055555555555553
AbstractDateDeserializer:0.11
Issue1483:0.0
