ChooseHandler:0.5733333333333334
XMLScriptBuilder:0.43333333333333335
DefaultObjectFactoryTest:0.2633333333333333
