MethodSignatureVisitor:0.87
SuperClassVisitor:0.30333333333333334
TargetClassInfoReader:0.29333333333333333
