DataManager:0.67
AccessManager:0.38
PrepareMassiveUpdatePrivileges:0.30666666666666653
PrepareMassiveUpdateCategories:0.2509444444444444
MassiveUpdateCategories:0.23255555555555552
MassiveUpdatePrivileges:0.23255555555555552
UserGroups:0.15333333333333332
Editors:0.14333333333333334
ImportFromDir:0.14
EditUtils:0.13666666666666666
Validate:0.13333333333333333
Update:0.12666666666666668
MassiveNewOwner:0.11694444444444445
MassiveDelete:0.10166666666666667
Params:0.06333333333333334
OwnershipUtils:0.05333333333333334
PrepareMassiveNewOwner:0.020055555555555556
