PollStatus:0.44666666666666666
PollableService:0.38333333333333336
PollablesTest:0.2866666666666667
PollableElement:0.26666666666666666
PollerTest:0.26
MockMonitor:0.13666666666666666
