ParticleEmitter:0.53
Sprite:0.31666666666666665
Renderer:0.25
Particle:0.22416666666666665
TwlRenderer:0.22333333333333333
ParticleEditor:0.19444444444444445
TextAreaTest:0.17061111111111113
LwjglTestStarter:0.1
JoglTestStarter:0.1
ParticleEmitterTest:0.09666666666666666
