ToHtmlSerializer:0.9333333333333333
ArticleMgmtService:0.48
Markdowns:0.19777777777777777
MarkdownsTestCase:0.15
