Property:0.4657222222222222
MapItemPaints:0.335
MapItemsUIHandler:0.31
MapVertRenderer:0.30333333333333334
ItemsRenderersHelper:0.27666666666666667
MapHorzRenderer:0.22
