DrawingChangeListener:0.5483333333333333
StandardDrawingView:0.43333333333333335
DrawApplication:0.3933333333333333
NullDrawingView:0.35333333333333333
MDIDesktopPane:0.27
MDI_DrawApplication:0.26
StandardDrawing:0.20666666666666667
JPanelDesktop:0.17666666666666667
MappedDrawingChangeListener:0.013333333333333334
