BoundedLocalCache:0.5466666666666666
Buffer:0.4972222222222222
CaffeineConfiguration:0.3055555555555556
StripedBuffer:0.18
FakeBuffer:0.16666666666666666
RingBuffer:0.13333333333333333
