AtmosphereServlet:0.6466666666666666
ApplicationConfig:0.014071428571428572
HeaderConfig:0.014071428571428572
