Project:0.58
ProjectGUI:0.53
AddN3Action:0.20777777777777778
RDFAction:0.19777777777777777
