PutAllOperation:0.61
TxnSetOperation:0.5966666666666667
PostProcessingMapStoreTest:0.22666666666666666
