ApplicationRegistry:0.41
RegistryController:0.3466666666666667
SimpleApplicationStore:0.2833333333333333
RegistryControllerTest:0.26666666666666666
HazelcastApplicationStore:0.15
