DependenciesPageHandler:0.44
ProvidersPageHandler:0.14333333333333334
ApplicationsPageHandler:0.14333333333333334
ConsumersPageHandler:0.14333333333333334
