FlowExecutionListener:0.6861111111111111
FlowExecutionImpl:0.38666666666666666
FlowExecutionListeners:0.34
FlowExecutionListenerAdapter:0.33916666666666667
