MockIFile:0.4881111111111112
BioclipseStoreTest:0.12666666666666668
