Structure:0.7733333333333333
Library:0.5966666666666667
LibraryTest:0.24333333333333335
StructureTest:0.12
