FailbackClusterInvokerTest:0.31666666666666665
FailbackClusterInvoker:0.2396666666666667
FailsafeClusterInvoker:0.21533333333333332
FailoverClusterInvokerTest:0.15333333333333332
ForkingClusterInvokerTest:0.15
ForkingClusterInvoker:0.12666666666666668
FailfastClusterInvokerTest:0.12666666666666668
FailfastClusterInvoker:0.12666666666666668
FailSafeClusterInvokerTest:0.07666666666666666
