Version:0.4666666666666667
MatrixUtilTestCase:0.27
GlobalHistogramBinarizer:0.205
GenericGFPoly:0.19722222222222222
RSSUtils:0.19
Code93Reader:0.19
Decoder:0.1761111111111111
Code39Reader:0.14333333333333334
QRCodeTestCase:0.09
