Const:0.4633333333333333
ExprParser:0.37666666666666665
Engine:0.3433333333333333
NumTok:0.2701111111111111
Index:0.20666666666666667
Unary:0.18333333333333332
