EditorOverlay:0.4766666666666667
MaskContainerRenderer:0.3982777777777778
EditorLayerWrapper:0.23666666666666666
MutuExclRenderer:0.21666666666666667
TranslationContainerRenderer:0.21
LineRenderer:0.19
TriangleRenderer:0.17
PanelRenderer:0.17
ExtendedLayerRenderer:0.14
