CertTools:0.8733333333333333
InternalKeyBindingMgmtSessionBean:0.31
ClientX509TrustManager:0.25333333333333335
ClientX509KeyManager:0.21333333333333335
