DSLContext:0.43333333333333335
AbstractResultQuery:0.38
DefaultDSLContext:0.12200000000000001
