CSSSelectorTest:0.6077777777777779
CSSStyleSheet:0.48611111111111116
