DefaultDataFieldMaxValueIncrementerFactory:0.5766666666666667
DefaultDataFieldMaxValueIncrementerFactoryTests:0.5166666666666667
