StudyListLocal:0.5166666666666667
StudyListPage:0.51
StudyPermissionHelper:0.38
PatientModel:0.32
SelectedEntities:0.31666666666666665
TrashListBean:0.2966666666666667
WebCfgService:0.2633333333333333
StudyListBean:0.26
StudyListView:0.25666666666666665
TrashListLocal:0.24666666666666667
BaseCfgDelegate:0.23333333333333334
TrashListPage:0.22333333333333333
PrivPatientModel:0.21333333333333335
ExportInfo:0.17333333333333334
CreateDicomRoleForm:0.13083333333333333
PatientListView:0.12333333333333334
PPSListView:0.12
WebLoginContext:0.09666666666666666
