DevelUtils:0.7533333333333333
DataServlet:0.42
ReferenceChecker:0.31
DataObjectViewerServlet:0.18333333333333332
DataPointerValueConverter:0.15666666666666668
DataQueryServlet:0.15666666666666668
DataTypeListerServlet:0.12333333333333334
