ClientOptions:0.3933333333333333
HttpTest:0.3566666666666667
SSLHelper:0.3466666666666667
VertxTestBase:0.3
HttpServerOptions:0.29333333333333333
HttpClientOptions:0.29333333333333333
NetTest:0.26
NetServerOptions:0.25666666666666665
TCPOptions:0.23333333333333334
WebsocketTest:0.19333333333333333
NetClientOptions:0.19
HttpServerImpl:0.16
NetServerImpl:0.16
