CMap:0.6533333333333333
Request:0.34
TestUtil:0.23288888888888892
VersionCheck:0.18666666666666668
QueryOperationHandler:0.14666666666666667
ClusterListTest:0.14333333333333334
