TransactionalSet:0.5633333333333334
TransactionImpl:0.49333333333333335
TransactionRecord:0.42333333333333334
MAdd:0.16333333333333333
TransactionTest:0.11666666666666667
