Matrix:0.7516666666666667
GaussiansBasis:0.6711111111111111
