Array:0.8966666666666666
AssetManager:0.36666666666666664
BitmapFontLoader:0.19000000000000003
TextureAtlasLoader:0.18333333333333332
ParticleEffectLoader:0.18333333333333332
