RedissonLock:0.49333333333333335
PubSubConnectionEntry:0.32
RedisPubSubConnection:0.29333333333333333
MasterSlaveConnectionManager:0.2833333333333333
RedissonLockTest:0.20666666666666667
