SPropsUtil:0.7966666666666666
BuildDefinitionDivs:0.34
DashboardHelper:0.28638888888888886
ModifyDashboardController:0.21666666666666667
ObjectKeys:0.043333333333333335
