RangeSet:0.7233333333333334
Moc:0.45666666666666667
RangeSetTest:0.25333333333333335
AmocTest:0.10333333333333333
