Channel:0.5533333333333333
ClientConductor:0.2946666666666667
Subscriber:0.2833333333333333
Aeron:0.2758333333333333
Source:0.23333333333333334
Context:0.08
