LispTokenizer:0.7933333333333333
LispTokenizerTest:0.10666666666666667
