ParallelUniverse:0.62
SandboxClassLoaderTest:0.43083333333333335
RobolectricTestRunner:0.33555555555555555
RobolectricTestRunnerTest:0.21777777777777782
ParallelUniverseTest:0.21
MyParallelUniverse:0.18
