InternalEngine:0.47
RecoveryTests:0.30333333333333334
IndexShardTests:0.16333333333333333
