OpenBracketIndentRule:0.42333333333333334
CloseBracketIndentRule:0.4166666666666667
JEditBuffer:0.31666666666666665
