ServletContainer:0.6362103174603173
AbstractWebFilterTest:0.41333333333333333
TomcatServer:0.3433333333333333
ContainerContext:0.28
JettyServer:0.21333333333333335
