MavenBuilder:0.3566666666666667
AntScript:0.34
AntBuilder:0.31
Maven2Script:0.3
CompositeBuilder:0.2866666666666667
PhingBuilder:0.27
NantScript:0.26
Maven2Builder:0.25666666666666665
ExecBuilder:0.21333333333333335
RakeScript:0.18666666666666668
NantBuilder:0.17
RakeBuilder:0.11
