ParameterConstants:0.5669444444444445
DataGapRouteReader:0.5433333333333333
CsvData:0.49333333333333335
DataGapRouteReaderTest:0.26666666666666666
