Model:0.41333333333333333
PointInTime:0.3675
Report:0.35333333333333333
EntityView:0.28488888888888897
LnF:0.28488888888888897
ReportView:0.2833333333333333
ReportGedcomStatistics:0.27666666666666667
ReportHTMLSheets:0.27666666666666667
ControlCenter:0.26666666666666666
EntityTableModel:0.25666666666666665
ActionSearch:0.2541666666666667
AbstractWindowManager:0.24666666666666667
NavigatorView:0.24666666666666667
ReportPhonetics:0.24666666666666667
Renderer:0.23666666666666666
Results:0.20944444444444443
TableViewSettings:0.20333333333333334
SearchView:0.19
ReportEvents:0.15666666666666668
SaveOptionsWidget:0.14333333333333334
Init:0.14333333333333334
CreateEntity:0.13666666666666666
ReportTrees:0.13333333333333333
EntityViewSettings:0.13333333333333333
NameBean:0.12666666666666668
AgeBean:0.11333333333333333
ChoosePropertyBean:0.11333333333333333
EventBean:0.10666666666666667
SwitchCalendar:0.1
PropertyTableCellRenderer:0.08
TableCallback:0.07666666666666666
