GlobeDisplay:0.55
NavigatorWindow:0.4266666666666667
MapPanel:0.4066666666666667
