DocumentTest:0.6066666666666667
Document:0.48333333333333334
StringPrimitivePrototypeBugFixer:0.3333333333333333
SimpleScriptableTest:0.29333333333333333
Stylesheet:0.13666666666666666
