JavaConfigAspectRegistry:0.8066666666666666
BeanMethodInterceptor:0.38333333333333336
CglibConfigurationEnhancer:0.19333333333333333
