ClusterMemoryManager:0.5233333333333333
SqlTaskManager:0.47
MemoryPoolAssignmentsRequest:0.3
TestIdGenerator:0.1513888888888889
QueryIdGenerator:0.13666666666666666
