Request:0.71
RequestTests:0.33
IndicesClientDocumentationIT:0.3233333333333333
RestHighLevelClient:0.28472222222222227
ClusterUpdateSettingsRequest:0.10333333333333333
ClusterUpdateSettingsResponse:0.06
