ZoneConfig:0.47
AuditTrail:0.38
CoreDaoImpl:0.33
BasicAudit:0.25333333333333335
AbstractZoneModule:0.25333333333333335
LoginAudit:0.22666666666666666
AuditTrailMigrationUtil:0.056666666666666664
