MapSourceWidget:0.46
LayerHelper:0.3566666666666667
AbstractMap2DWidget:0.27051984126984113
ItemSynchronization:0.19
AbstractInteractiveContainer:0.13666666666666666
ServerDependencyTest:0.12666666666666668
AbstractMapItemList:0.11
ServerSymbol:0.10666666666666667
AbstractMapWidget:0.03666666666666667
AbstractMap2DSource:0.023333333333333334
AbstractMap2DItemList:0.006666666666666667
