EnabledIfTests:0.5066666666666667
EnabledIfConditionTests:0.4266666666666667
EnabledIfCondition:0.275
