PriorityQueue:0.42333333333333334
AbstractMultimapTest:0.37583333333333335
AbstractTraversableTest:0.35888888888888887
AbstractMapTest:0.2833333333333333
