MultiMapResponse:0.5933333333333334
MultiMapContainer:0.49333333333333335
MultiMapOperation:0.30333333333333334
ClientMultiMapProxy:0.2833333333333333
GetAllRequest:0.17333333333333334
RemoveAllRequest:0.16666666666666666
RemoveAllOperation:0.15666666666666668
TxnLockAndGetOperation:0.14
KeySetOperation:0.11
ValuesOperation:0.11
GetAllOperation:0.043333333333333335
