BlojsomUtils:0.7033333333333334
AbstractVisualCalendarPlugin:0.20666666666666667
