ProjectDeltaVisitor:0.4866666666666667
VCSActivity:0.43
SharedProject:0.32666666666666666
SharedResourcesManager:0.27
VCSAdapter:0.25333333333333335
SubclipseAdapter:0.20666666666666667
ResourceInfo:0.18333333333333332
LocalPresenceTracker:0.16666666666666666
TestSharedProject:0.12666666666666668
SubclipseProjectDeltaVisitor:0.06777777777777778
ResourceActivityFilter:0.03333333333333333
TestVCSActivity:0.005555555555555555
TestSharedResourcesManager:0.0044444444444444444
HeadlessPluginTestsSuite:0.0
