ModuleTestBase:0.6266666666666667
MetaCollection:0.43666666666666665
HibernatePG:0.18
