SarosState:0.3862301587301587
SarosPEViewComponent:0.32666666666666666
SarosStateImp:0.30666666666666664
WindowPart:0.30666666666666664
ProgressViewComponent:0.29
Musician:0.26666666666666666
SarosPEViewComponentImp:0.22666666666666666
TestShare3UsersConcurrently:0.22666666666666666
EditorComponenttImp:0.2111111111111111
TestSVNStateUpdates:0.19666666666666666
TestSVNStateInitialization:0.19333333333333333
TestSessionViewComponent:0.18
TestRosterViewComponent:0.13666666666666666
TestHostAsDriverInvitesBelatedly:0.12333333333333334
TestShare3UsersSequentially:0.11333333333333333
TestShareProjectUsingExistingProject:0.11
TestDriverChangeAndImmediateWrite:0.10666666666666667
TestStrictSequentialInvitationWithoutTermination:0.10666666666666667
TestFollowMode:0.10666666666666667
TestChatViewFunctions:0.10666666666666667
TestChangingNameInRosterView:0.10666666666666667
ProgressViewComponentImp:0.10333333333333333
TestParallelInvitationWithTerminationByInvitees:0.09
TestAllParticipantsFollowDriver:0.07333333333333333
TestShare2UsersSequentially:0.06
TestParallelInvitationWithTerminationByHost:0.056666666666666664
TestEditDuringInvitation:0.016666666666666666
