File:0.9566666666666667
RunAnt:0.6066666666666667
RunJPF:0.16666666666666666
RunJava:0.16333333333333333
