MediaDriver:0.5433333333333333
Aeron:0.455
Agent:0.36333333333333334
