WordVectorSerializer:0.6333333333333333
SkipGram:0.34
CBOW:0.29333333333333333
DBOW:0.22444444444444447
DM:0.2227777777777778
Word2VecTests:0.13333333333333333
