LwjglGL20:0.4
TmxMapLoader:0.4
PerformanceCounter:0.36
InputProcessorQueue:0.25333333333333335
PolygonRegion:0.2
Ellipse:0.17666666666666667
Circle:0.13
PerformanceCounters:0.12333333333333334
