SeqFeatureI:0.7133333333333334
Gene:0.48
FeatureSet:0.3466666666666667
GAMEAdapter:0.31333333333333335
FeaturePair:0.27666666666666667
CurationSet:0.2633333333333333
SeqFeature:0.25666666666666665
DrawableSeqFeature:0.23333333333333334
SeqFeatureHolder:0.23333333333333334
AnnotationEditor:0.23333333333333334
FeatureEditorDialog:0.22333333333333333
GenericAnnotationSet:0.21666666666666667
AnnotatedFeatureSet:0.2111111111111111
Transcript:0.20333333333333334
Translation:0.20333333333333334
SetDetailPanel:0.17333333333333334
ExpandableFeatureSet:0.15666666666666668
