NodeHandler:0.3333333333333333
ButtonNodeHandler:0.22
LinkNodeHandler:0.22
TableNodeHandler:0.11333333333333333
CommandlistNodeHandler:0.11333333333333333
CheckboxNodeHandler:0.016666666666666666
RadiobuttonNodeHandler:0.016666666666666666
TextAreaNodeHandler:0.016666666666666666
TextFieldNodeHandler:0.016666666666666666
PasswordFieldNodeHandler:0.016666666666666666
ActionNodeHandler:0.0
