QuorumXMLParser:0.64
QuorumAudioListener:0.31444444444444447
QuorumDebugger:0.27
QuorumClassInformationProvider:0.17666666666666667
