ModificationIterator:0.36
ReplicationUpdate:0.35333333333333333
ReplicatedChronicleMap:0.35
ReplicableEntryDelegating:0.2966666666666667
ReplicableEntry:0.23666666666666666
ReplicatedMapEntryStages:0.19666666666666666
