LSTM:0.6419444444444444
LSTMTest:0.22
NegativeDefaultStepFunction:0.20333333333333334
TrainTest:0.17
