FedoraHome:0.6933333333333334
ServerController:0.5466666666666666
