TimeSlotTracker:0.8033333333333333
WorkTimeService:0.5366666666666666
Configuration:0.47
DaysTree:0.3233333333333333
Starter:0.28
WorkTimeServiceImpl:0.15
