Node:0.5133333333333333
LocalCacheGenerator:0.4266666666666667
NodeGenerator:0.41333333333333333
