MoreWorkMessage:0.4766666666666667
DenoisingAutoEncoder:0.4072222222222222
MasterActor:0.38
BatchActor:0.21666666666666667
DenoisingTests:0.17333333333333334
ModelSavingActor:0.1675
