AbstractManagerMethodDispatcher:0.6666666666666666
JavaScriptManagerMethodDispatcher:0.4533333333333333
