ApplicationEntityManager:0.7947222222222223
ApplicationEntityManagerImpl:0.5033333333333333
MetadataEntityManagerImpl:0.3333333333333333
