EachTestNotifier:0.503611111111111
Assume:0.4866666666666667
IgnoredClassRunner:0.4033333333333333
