ResultsModel:0.4
CommonSearchDialog:0.33666666666666667
TextSearchIndex:0.2966666666666667
SearchFieldListener:0.19611111111111112
SearchDialog:0.17333333333333334
UsageDialog:0.15333333333333332
