XLogPDescriptorTest:0.18
RDFProtonDescriptorTest:0.16333333333333333
AtomHybridizationVSEPRDescriptorTest:0.14666666666666667
ConnectivityOrderZeroDescriptorTest:0.13666666666666666
ConnectivityOrderOneDescriptorTest:0.13666666666666666
WeightedPathDescriptorTest:0.13333333333333333
AtomCountDescriptorTest:0.13
CarbonConnectivityOrderZeroDescriptorTest:0.13
CarbonConnectivityOrderOneDescriptorTest:0.13
InductiveAtomicHardnessDescriptorTest:0.11
InductiveAtomicSoftnessDescriptorTest:0.11
MomentOfInertiaDescriptorTest:0.1
PiContactDetectionDescriptorTest:0.09
WHIMDescriptorTest:0.08666666666666667
EffectivePolarizabilityDescriptorTest:0.08666666666666667
RuleOfFiveDescriptorTest:0.08666666666666667
EccentricConnectivityIndexDescriptorTest:0.08666666666666667
IsProtonInAromaticSystemDescriptorTest:0.08666666666666667
HBondAcceptorCountDescriptorTest:0.08666666666666667
AromaticAtomsCountDescriptorTest:0.08666666666666667
KappaShapeIndicesDescriptorTest:0.08666666666666667
BCUTDescriptorTest:0.08666666666666667
APolDescriptorTest:0.08666666666666667
AtomHybridizationDescriptorTest:0.08666666666666667
WienerNumbersDescriptorTest:0.08666666666666667
WeightDescriptorTest:0.08666666666666667
AromaticBondsCountDescriptorTest:0.08666666666666667
IsProtonInConjugatedPiSystemDescriptorTest:0.08666666666666667
VdWRadiusDescriptorTest:0.08666666666666667
TPSADescriptorTest:0.08666666666666667
RotatableBondsCountDescriptorTest:0.08666666666666667
PeriodicTablePositionDescriptorTest:0.08666666666666667
PetitjeanNumberDescriptorTest:0.08666666666666667
DistanceToAtomDescriptorTest:0.08666666666666667
GravitationalIndexDescriptorTest:0.08666666666666667
ProtonTotalPartialChargeDescriptorTest:0.08666666666666667
BPolDescriptorTest:0.08666666666666667
BondsToAtomDescriptorTest:0.08666666666666667
AtomDegreeDescriptorTest:0.08666666666666667
CPSADescriptorTest:0.08666666666666667
AtomValenceDescriptorTest:0.08666666666666667
SigmaElectronegativityDescriptorTest:0.08666666666666667
HBondDonorCountDescriptorTest:0.08666666666666667
ValenceConnectivityOrderZeroDescriptorTest:0.08333333333333333
ZagrebIndexDescriptorTest:0.08333333333333333
ValenceCarbonConnectivityOrderOneDescriptorTest:0.07666666666666666
ValenceCarbonConnectivityOrderZeroDescriptorTest:0.07666666666666666
ValenceConnectivityOrderOneDescriptorTest:0.06666666666666667
PetitjeanShapeIndexDescriptorTest:0.043333333333333335
QSARDescriptorTests:0.03666666666666667
BondCountDescriptorTest:0.016666666666666666
