Table:0.6633333333333333
Name:0.5433333333333333
DSL:0.43
DefaultDSLContext:0.3933333333333333
WithStep:0.2833333333333333
SelectImpl:0.26
TableLike:0.2500396825396825
NameImpl:0.22666666666666666
DSLContext:0.224484126984127
CreateViewImpl:0.21333333333333335
AbstractTable:0.19666666666666666
SelectQueryImpl:0.19333333333333333
WithImpl:0.18666666666666668
DerivedColumnListImpl:0.12666666666666668
