TransferCompletionHandler:0.57
TransferAdapter:0.51
NettyAsyncHttpProvider:0.4533333333333333
TransferListener:0.33648412698412694
AsyncHttpClientFilter:0.20733333333333334
NettyRequestSender:0.14666666666666667
