TestPreProcessors:0.32666666666666666
RnnToCnnPreProcessor:0.30333333333333334
RnnToFeedForwardPreProcessor:0.30333333333333334
CnnToRnnPreProcessor:0.30333333333333334
FeedForwardToRnnPreProcessor:0.30333333333333334
