NestedResultSetHandler:0.7066666666666667
Mapper:0.6141666666666666
NestedResultHandlerTest:0.22666666666666666
