Relation:0.6133333333333333
SQL92SQLGenerator:0.43333333333333335
MySQLSQLGenerator:0.21333333333333335
BaseUseCases:0.07333333333333333
