TypeParsers:0.4633333333333333
TypeParser:0.37666666666666665
