ErrorUtil:0.58
NBrowseApplet:0.5333333333333333
NbrowseJdbcAdapter:0.21666666666666667
MouseManager:0.21
StepExpansionThread:0.206
DataAdapterI:0.19661111111111113
NodeInfo:0.13666666666666666
XMLio:0.13
TouchGraphXmlAdapter:0.12666666666666668
DBReader:0.04666666666666667
