Edge:0.30666666666666664
Vertex:0.3
IntervalData:0.22
Graph:0.19666666666666666
CostVertexPair:0.19666666666666666
XYZPoint:0.19277777777777777
KdNode:0.16055555555555553
Pair:0.11166666666666666
