SqlExpressionGroup:0.56
Exps:0.18666666666666668
LongRange:0.07333333333333333
IntRange:0.07333333333333333
CndTest:0.06333333333333334
