Configuration:0.688888888888889
NestedResultSetHandler:0.44333333333333336
XMLConfigBuilder:0.27
