Simulator:0.5166666666666667
AspectualViewGps:0.5
FileGps:0.3433333333333333
DefaultGrammarView:0.26166666666666666
History:0.2111111111111111
StateJList:0.14666666666666667
LoadURLAction:0.13333333333333333
ArchiveGps:0.04
