GwtRpcServiceAsync:0.4125
GetViewFolderEntryUrlCmd:0.3333333333333333
GwtRpcService:0.28865079365079366
UIData:0.2866666666666667
ActivityStreamCtrl:0.2633333333333333
GwtRpcServiceImpl:0.2608333333333333
GetDocBaseUrlCmd:0.25666666666666665
ActivityStreamUIEntry:0.24333333333333335
BrandingTinyMCEConfiguration:0.20666666666666667
AbstractTinyMCEConfiguration:0.20083333333333334
LPETinyMCEConfiguration:0.17333333333333334
SaveWhatsNewSettingsCmd:0.13333333333333333
