ResourceDriverConfig:0.7733333333333333
ResourceDriver:0.7286666666666667
ResourceDriverModuleImpl:0.33666666666666667
ObjectKeys:0.04666666666666667
