StatsHandler:0.6666666666666666
NodeDataPanel:0.3566666666666667
JobDataPanel:0.255
ConnectionStatusListener:0.19
ActionsInitializer:0.19
