ChadoInstance:0.9033333333333333
JdbcChadoAdapter:0.44333333333333336
XmlConfigFileParser:0.3
FlybaseChadoInstance:0.27666666666666667
TigrChadoInstance:0.2733333333333333
AbstractChadoInstance:0.21666666666666667
