CrateCoreModule:0.5466666666666666
CrateCoreShardModule:0.4533333333333333
CrateCorePlugin:0.39666666666666667
