InternalTestCluster:0.7866666666666666
MetaDataWriteDataNodesTests:0.4166666666666667
DiscoveryWithServiceDisruptionsTests:0.26666666666666666
TransportClientFactory:0.14333333333333334
