Request:0.36
RequestTests:0.3233333333333333
RestHighLevelClient:0.30666666666666664
RestHighLevelClientTests:0.20333333333333334
SearchIT:0.16333333333333333
