MoshiConverterFactory:0.67
MoshiRequestBodyConverter:0.2733333333333333
MoshiConverterFactoryTest:0.24333333333333335
