QueryCacheEventService:0.6560555555555555
DefaultQueryCache:0.41
NullQueryCache:0.37363888888888885
AbstractInternalQueryCache:0.28
ClientQueryCacheEventService:0.2633333333333333
NodeQueryCacheEventService:0.2633333333333333
ClientSmartListenerService:0.23666666666666666
AbstractQueryCacheEndToEndConstructor:0.23333333333333334
InternalQueryCache:0.23
ClientMembershipListener:0.17666666666666667
