MessageFramer:0.5333333333333333
MessageFramerTest:0.2833333333333333
NettyClientHandlerTest:0.2833333333333333
Utils:0.26066666666666666
OkHttpClientStream:0.25
NettyWritableBufferAllocator:0.22
OkHttpWritableBufferAllocator:0.22
WritableBufferAllocatorTestBase:0.19687301587301587
NettyServerHandlerTest:0.19
AbstractStream:0.16666666666666666
BytesWritableBufferAllocator:0.10333333333333333
NettyWritableBufferAllocatorTest:0.016666666666666666
OkHttpWritableBufferAllocatorTest:0.016666666666666666
