CSSStyleDeclarationTest:0.6962222222222223
CSSStyleDeclaration2Test:0.5722222222222223
