ConditionalJumpStep:0.5546666666666666
ConditionalJumpAction:0.43666666666666665
SodbeansSoundMap:0.18333333333333332
