GeoLocation:0.7466666666666667
Country:0.38666666666666666
GeoService:0.19666666666666666
GeoView:0.17333333333333334
GeoList:0.11777777777777776
ChooseMap:0.06666666666666667
