View:0.6566666666666666
ILayoutElement:0.5500555555555556
DefaultLayoutPainter:0.35333333333333333
XavaPreferences:0.28
AnnotatedClassParser:0.21333333333333335
LayoutPainterManager:0.21333333333333335
DefaultLayoutParser:0.19666666666666666
LayoutBaseElement:0.17333333333333334
