TaskDisplayDataRpcResponseData:0.48333333333333334
GwtServerHelper:0.42333333333333334
GwtTaskHelper:0.3433333333333333
GwtMainPage:0.3433333333333333
GwtClientHelper:0.34
TaskListing:0.33666666666666667
GwtViewHelper:0.24666666666666667
ContentControl:0.21333333333333335
GwtRpcServiceImpl:0.20416666666666666
TaskFolderView:0.15333333333333332
GetTaskDisplayDataCmd:0.016666666666666666
