TestStringConverter:0.39
TestNullConverter:0.38
TestDateTimeUtils:0.32466666666666666
TestCalendarConverter:0.19
TestReadableInstantConverter:0.19
TestLongConverter:0.19
TestReadableIntervalConverter:0.19
TestDateConverter:0.19
TestReadablePartialConverter:0.14333333333333334
TestReadablePeriodConverter:0.14333333333333334
TestReadableDurationConverter:0.14333333333333334
TestAllPackages:0.13494444444444445
