ScriptQuery:0.54
ScriptQueryBuilder:0.47333333333333333
ScriptQueryBuilderTests:0.23
MockCompiledScript:0.17
MockFilterScript:0.11666666666666667
