HeaderlessObjectOutputStream:0.3333333333333333
HeaderlessObjectInputStream:0.3333333333333333
