InstancePerMethodTestCase:0.4666666666666667
TestTemplateContainerExtensionContext:0.46
TestInstanceLifecycleTests:0.32666666666666666
InstanceTrackingExtension:0.24333333333333335
TestTemplateTestDescriptor:0.21
