UdpChannelTest:0.4552777777777777
LossDetector:0.34
Configuration:0.2733333333333333
BasicPublisher:0.13
