MainActivity:0.7566666666666667
RxBusFrag1:0.2866666666666667
RxBusFrag3:0.2866666666666667
RxBusFrag2:0.2866666666666667
