UsersPrivilegesMetaData:0.42809523809523814
UserPrivileges:0.37333333333333335
AstBuilder:0.3433333333333333
PrivilegesIntegrationTest:0.2633333333333333
PrivilegesAnalyzer:0.24666666666666667
RelationVisitor:0.24666666666666667
StatementPrivilegeValidatorTest:0.21666666666666667
TransportDropViewAction:0.19777777777777777
DDLClusterStateService:0.18105555555555555
UsersPrivilegesMetaDataTest:0.16666666666666666
PrivilegesDCLAnalyzerTest:0.14333333333333334
UserManagerDDLModifier:0.1
DDLClusterStateModifier:0.09821428571428571
PrivilegesRequestTest:0.09333333333333334
PrivilegesTest:0.07
