Node:0.39666666666666667
MapReduceCommand:0.37333333333333335
ReplicaSetStatus:0.31666666666666665
