BootstrapButton:0.5966666666666667
BootstrapCircleThumbnail:0.49333333333333335
BootstrapClassView:0.3023888888888889
MainActivity:0.21333333333333335
