PercolateQuery:0.3233333333333333
PercolatorFieldMapper:0.32
PercolatorFieldMapperTests:0.3
Result:0.2966666666666667
QueryAnalyzerTests:0.26
FieldType:0.25
CandidateQueryTests:0.195
QueryAnalyzer:0.19
PercolatorQuerySearchIT:0.15833333333333333
Builder:0.14083333333333334
TypeParser:0.07666666666666666
