RuleBenzeneAnaloguesTest:0.6544444444444445
RuleHasOnlySaltSulphonateSulphate:0.36977777777777776
