FilesetBuilder:0.35333333333333333
Executer:0.3325
CDRecordService:0.31666666666666665
MediaComposerService:0.30333333333333334
MakeIsoImageService:0.27
