FilterUtil:0.45666666666666667
MemoryCacheFilter:0.42333333333333334
