NetworkConfig:0.36333333333333334
ClusterHeartbeatManager:0.3233333333333333
ConfigXmlGenerator:0.30666666666666664
XmlConfigBuilder:0.2733333333333333
SpringXmlConfigBuilder:0.19666666666666666
TestFullApplicationContext:0.17333333333333334
ConfigXmlGeneratorTest:0.13333333333333333
