InternalKeyBindingMgmtSession:0.6216666666666667
InternalKeyBindingGenerateCsrCommandTest:0.34444444444444444
InternalKeyBindingMgmtTest:0.2633333333333333
InternalKeyBindingGenerateCsrCommand:0.23333333333333334
InternalKeyBindingMgmtSessionBean:0.15866666666666668
