Selector:0.6766666666666666
WindowManager:0.6662222222222222
WindowElement:0.49666666666666665
ServerWindow:0.45166666666666666
ARINCUIManager:0.45
ServerLayout:0.36
AbstractWindowElement:0.3566666666666667
ServerCockpit:0.35333333333333333
WindowConnector:0.3333333333333333
ServerDisplay:0.3333333333333333
UIDefinition:0.3
ServerDevices:0.26666666666666666
DevicesPainter:0.25666666666666665
AbstractWindowManager:0.25333333333333335
AbstractUIManager:0.23333333333333334
ServerWindowDefinition:0.19722222222222222
SuperLayerPainter:0.19666666666666666
AbstractCockpitWindowManager:0.185
WindowManagerFactory:0.14666666666666667
LayerRef:0.13333333333333333
DevicesProvider:0.07666666666666666
