ExtractGmlTest:0.5866666666666667
List:0.47
AllCollection:0.23
ExtentHelper:0.08
RunXSL:0.013333333333333334
