SqlScript:0.5366666666666666
SqlScriptSmallTest:0.29
PostgreSQLSqlScriptSmallTest:0.25333333333333335
OracleDbSupport:0.24083333333333334
H2SqlScriptSmallTest:0.23333333333333334
HsqlDbSupport:0.19333333333333333
DerbyDbSupport:0.19333333333333333
PostgreSQLDbSupport:0.19333333333333333
H2DbSupport:0.19333333333333333
SQLServerDbSupport:0.19333333333333333
DB2DbSupport:0.19333333333333333
MySQLDbSupport:0.19333333333333333
MetaDataTable:0.19
MigrationVersion:0.15666666666666668
DbSupport:0.13
HsqlSqlScriptSmallTest:0.11666666666666667
OracleSqlScriptSmallTest:0.10666666666666667
SqlMigrationExecutor:0.08
