BinderModule:0.6066666666666667
FileModule:0.5383333333333333
ChangeLog:0.43666666666666665
Binder:0.4033333333333333
FolderDao:0.34045238095238095
BinderModuleImpl:0.25666666666666665
ExportHelper:0.24333333333333335
AbstractAdminModule:0.21333333333333335
RepositoryUtil:0.20666666666666667
FileModuleImpl:0.19333333333333333
FolderDaoImpl:0.19333333333333333
TemplateModuleImpl:0.18
WebKeys:0.14666666666666667
ManageVersionControlsController:0.13333333333333333
