Search:0.5
NodeRecord:0.2983333333333334
DefaultGraphTransition:0.2841666666666667
VarEdgeMultipleRecord:0.27666666666666667
RegExprEdgeMultipleRecord:0.2733333333333333
AspectEdge:0.25416666666666665
AlgebraEdge:0.23666666666666666
AbstractEdge:0.23333333333333334
AbstractBinaryEdge:0.23333333333333334
SearchPlanStrategy:0.21666666666666667
ValueNodeRecord:0.1988888888888889
AbstractGraphState:0.19633333333333333
ProductEdge:0.19083333333333333
AttributeAspect:0.17333333333333334
RegExprEdgeSingularRecord:0.16666666666666666
Edge2MultipleRecord:0.16
OperatorEdgeRecord:0.14333333333333334
BasicRecord:0.12333333333333334
InjectionRecord:0.11333333333333333
WildcardEdgeRecord:0.11333333333333333
VarEdgeSingularRecord:0.11333333333333333
