ModuleManager:0.5166666666666667
Artist:0.31333333333333335
OnChangePropertyBaseAction:0.26
AnnotatedPOJOTest:0.06
ArtistTest:0.056666666666666664
OnChangeArtistNameAction:0.013333333333333334
