TableBarDataset:0.5883333333333334
TablePieDataset:0.525
PieChartTab:0.20166666666666666
BarChartTab:0.09333333333333334
