VarcharType:0.76
VariableWidthBlockEncoding:0.31777777777777777
ServerMainModule:0.31333333333333335
VariableWidthBlockEncodingFactory:0.25666666666666665
TestingBlockEncodingManager:0.19
