SetProxyImpl:0.7433333333333333
SetProxyReal:0.5066666666666667
Entries:0.4533333333333333
