WorkbenchListener:0.5466666666666666
Workbench:0.36333333333333334
View:0.2833333333333333
EditPlugin:0.24666666666666667
WriterImpl:0.21666666666666667
ViewDockable:0.19333333333333333
Menu:0.19111111111111112
Group:0.125
ActionOpenView:0.12
OpenForEdit:0.12
ActionCloseView:0.12
ReportView:0.08333333333333333
ReportPlugin:0.07666666666666666
Runner:0.043333333333333335
RunnerCallback:0.006666666666666667
