ParentRunner:0.5366666666666666
Filter:0.45666666666666667
FilterTest:0.12
ExampleSuiteWithUnmodifyableChildList:0.10838095238095237
ParentRunnerFilteringTest:0.10666666666666667
SuiteWithUnmodifyableChildList:0.034166666666666665
