CmsCAService:0.42333333333333334
OCSPCAService:0.42333333333333334
XKMSCAService:0.42333333333333334
