Latex2Utf8Parser:0.55
Qedeq2Latex:0.36666666666666664
Qedeq2Utf8:0.2838888888888889
