SnmpAgentConfig:0.9233333333333333
SnmpPeerFactory:0.5066666666666667
Snmp4JStrategy:0.31833333333333336
