CompleteCompareEditor:0.5033333333333333
ModelComparator:0.35
ModelCompareResult:0.31666666666666665
RedefinedViewInfo:0.31547390572390566
MissingEntityInfo:0.3021624579124578
MissingIndexInfo:0.3021624579124578
RedefinedAttributeInfo:0.3021624579124578
MissingViewInfo:0.3021624579124578
RedefinedIndexInfo:0.3021624579124578
MissingAttributeInfo:0.3021624579124578
Info:0.02
RedefinedRelationInfo:0.0
MissingInfo:0.0
RedefinedInfo:0.0
MissingRelationInfo:0.0
