ALC:0.6666666666666666
ALUT:0.49
BasicTest:0.29333333333333333
BaseAL:0.16333333333333333
