NodeExtension:0.7833333333333333
ClientEngineImpl:0.4066666666666667
ServiceManagerImpl:0.33666666666666667
ProxyManager:0.33
DefaultNodeExtension:0.30666666666666664
