Listener:0.5233333333333333
AgentBuilderRedefinitionStrategyListenerTest:0.3233333333333333
AgentBuilderDefaultTest:0.31666666666666665
Compound:0.2733333333333333
Collector:0.22833333333333333
Bar:0.2063968253968254
PoolStrategy:0.20142857142857143
CompoundIterable:0.12
FailureCollectingListener:0.11777777777777776
StreamWriting:0.11777777777777776
Foo:0.09666666666666666
AgentBuilderRedefinitionStrategyTest:0.09
Partitioning:0.06666666666666667
PrependableIterator:0.05333333333333334
Adapter:0.03333333333333333
BatchReallocator:0.02666666666666667
