Chunk:0.053028435
BufferPrinter1_3:0.0414166
BufferPrinter1_4:0.04080849
SyntaxUtilities:0.024763117
JEditBuffer:0.024384491
jEdit:0.022589246
GUIUtilities:0.020871496
TextArea:0.018952634
DisplayTokenHandler:0.018579548
Buffer:0.015055108
Log:0.0149535695
View:0.014572769
DisplayManager:0.01110268
SyntaxStyle:0.009374363
Token:0.0019685903
