TextAreaPainter:0.19444707
DisplayTokenHandler:0.16972214
BufferPrintable:0.15187877
ChunkCache:0.08460172
TextArea:0.07057274
SyntaxStyle:0.030603029
Debug:0.024734758
Token:0.020991953
ParserRuleSet:0.01486856
