CompleteWord:0.17555921
View:0.07528057
GUIUtilities:0.037791748
InputHandler:0.032149415
TextArea:0.023893256
StatusBar:0.019874454
TextAreaPainter:0.019385451
