KeywordMap:0.1856445
TextUtilities:0.16439895
TextArea:0.1190886
JEditBuffer:0.09094645
CompletionPopup:0.077531904
EditPane:0.07487762
View:0.069118194
JEditTextArea:0.06517517
Buffer:0.037402544
TextAreaPainter:0.034343526
StandardUtilities:0.029960295
jEdit:0.027922148
MiscUtilities:0.022375051
JEditVisitorAdapter:0.01722621
