View:0.3275345
jEdit:0.270154
BufferSetManager:0.21745886
TextArea:0.21550363
Buffer:0.2125019
TextAreaPainter:0.20471054
Gutter:0.17466366
BeanShell:0.15255764
PositionChanging:0.13758244
JEditTextArea:0.13758074
TextAreaTransferHandler:0.13694452
JEditBuffer:0.12406904
BufferSwitcher:0.12239309
HyperSearchResult:0.121940896
JEditEmbeddedTextArea:0.12059653
StatusListener:0.120239526
BufferSet:0.11324841
EditPaneUpdate:0.10911639
JEditVisitorAdapter:0.10864372
GUIUtilities:0.104346894
MouseHandler:0.1000963
JEditVisitor:0.09886769
MarkerViewer:0.09545054
BufferUpdate:0.093140714
StatusBar:0.091483936
BufferChanging:0.08913805
EditServer:0.083273344
VFSBrowser:0.080695145
QuickNotepad:0.08016929
BufferSetListener:0.078944884
BufferSetWidgetFactory:0.074553356
CompleteWord:0.07215363
SearchBar:0.06819476
Marker:0.0643963
Mode:0.06419479
TextAreaExtension:0.06264165
HyperSearchFileNode:0.06074694
HyperSearchNode:0.053546127
MacOSXPlugin:0.05198491
EditBus:0.048659064
HyperSearchResults:0.046035558
EBComponent:0.04577394
Selection:0.041588496
GutterOptionPane:0.03932718
VFSManager:0.03916153
PerspectiveManager:0.03646337
SyntaxUtilities:0.027058333
BufferHistory:0.026265474
EBMessage:0.024723446
ActionBar:0.022954827
PropertiesChanged:0.01430739
SaveCaretInfoVisitor:0.009010629
AntiAlias:0.0065701054
GutterPopupHandler:0.0037924834
SyntaxStyle:0.0034970092
