AbstractOptionPane:0.13027251
jEdit:0.124230444
ColorWellButton:0.06902917
EditPane:0.06737448
JEditTextArea:0.054181267
GUIUtilities:0.044100206
SyntaxUtilities:0.032538638
ServiceManager:0.016987026
FontSelector:0.012827788
