jEdit:0.11456907
FontSelector:0.09209758
AbstractOptionPane:0.08537514
ColorWellButton:0.0758746
AntiAlias:0.021778362
