TransFrame:0.5983333333333334
SearchWindow:0.24333333333333335
UTF8Writer:0.17
NewDirectoryChooser:0.16666666666666666
