RedisCommand:0.5416666666666666
Redisson:0.47333333333333333
RedissonClient:0.43333333333333335
