KeyframedModel:0.48333333333333334
G3DTLoader:0.39
QbobViewer:0.3433333333333333
MultitouchTest:0.26
AndroidMultiTouchHandler:0.19666666666666666
