Chunker:0.5333333333333333
ItemChunker:0.46
ItemDechunker:0.44666666666666666
ChunkedStep:0.30666666666666664
ItemChunkerTests:0.26666666666666666
ChunkedStepTests:0.24666666666666667
ItemDechunkerTests:0.12
