Term:0.69
NlpAnalysis:0.36666666666666664
MyStaticValue:0.29
NatureRecognition:0.2633333333333333
AnsjServlet:0.17666666666666667
NlpTest:0.17666666666666667
NlpDemo:0.13000000000000003
