FlowExecutionListeners:0.6887777777777777
FlowExecutionImplTests:0.36333333333333334
