DiscussionWSView:0.34
GwtTeamingMessages:0.31666666666666665
TeamWSView:0.30666666666666664
ContentControl:0.2733333333333333
EventHelper:0.24066666666666667
ShowTeamWSEvent:0.19666666666666666
