MMFF94BasedParameterSetReader:0.6333333333333333
ForceFieldConfigurator:0.4166666666666667
MMFF94ParametersCall:0.22333333333333333
