SitemapNodeEditorController:0.22666666666666666
RightsCheckUtils:0.21333333333333335
SitemapNodeEditorControllerCommandURLGenerator:0.19
PriceUpdateController:0.18105555555555555
ViewEditorCommandURLGenerator:0.17
SitemapNodeEditorControllerResult:0.16333333333333333
LoadRolesForAssorterResult:0.11333333333333333
AbstractCommandURLGenerator:0.08
DefaultCommandURLGenerator:0.02666666666666667
