GwtTeamingMessages:0.7166666666666667
CopyMoveEntriesDlg:0.36333333333333334
GwtViewHelper:0.25666666666666665
GwtRpcServiceImpl:0.2544444444444445
BinderViewsHelper:0.25333333333333335
GwtClientHelper:0.21
GwtServerHelper:0.20955555555555555
CopyEntriesCmd:0.12333333333333334
MoveEntriesCmd:0.12333333333333334
