ContextMenusInSessionArea:0.5733333333333334
SarosSWTBot:0.45
RemoteWorkbenchBot:0.37
ContextMenuHelper:0.22833333333333333
Share3UsersLeavingSessionTest:0.21
Editing3ProjectsTest:0.11666666666666667
InviteAndLeaveStressTest:0.0786111111111111
EditDuringInvitationTest:0.05
RefactorInFollowModeTest:0.04
