SettlementTransparentPanel:0.5122222222222222
LocationTabPanel:0.5022222222222222
PromptComboBoxRenderer:0.2733333333333333
