EventService:0.6730555555555556
EntryOperation:0.39666666666666667
EntryProcessorTest:0.3566666666666667
EventServiceImpl:0.30666666666666664
EventServiceSegment:0.13333333333333333
