Model:0.4666666666666667
SQL92SQLGenerator:0.44333333333333336
TableEditor:0.36666666666666664
ModelModificationTracker:0.29333333333333333
EmptyModelModificationTracker:0.29333333333333333
SQLGenerator:0.2725
SquirrelSQLGenerator:0.2633333333333333
HistoryModificationTracker:0.19
BaseUseCases:0.18333333333333332
MySQLSQLGenerator:0.09
SQL92Dialect:0.07333333333333333
