FieldStats:0.5266666666666666
GeoPoint:0.3933333333333333
GeoPointFieldType:0.23666666666666666
FieldStatsIntegrationIT:0.21
LatLonPointFieldType:0.20333333333333334
