XmlFlowModelBuilder:0.8466666666666667
XmlFlowModelBuilderTests:0.36666666666666664
