Log4jAdapter:0.63
DefaultEntityMaker:0.36666666666666664
TestAppender:0.27
Log4jAdapterTest:0.15666666666666668
