AllRingsFinder:0.6963888888888888
FiguerasSSSRFinder:0.5422222222222222
