ERDesignerComponent:0.39055555555555554
MessagesHelper:0.33666666666666667
ERDesignerBundle:0.18833333333333332
