CaTestUtils:0.49666666666666665
CryptoTokenTestUtils:0.4583333333333333
ProtocolScepHttpTest:0.42
