GwtTeamingMessages:0.5718412698412698
NetFolderRoot:0.51
GwtServerHelper:0.34
ModifyNetFolderRootDlg:0.3233333333333333
ManageNetFolderRootsDlg:0.29
EventHelper:0.2633333333333333
GwtRpcServiceImpl:0.21666666666666667
NetFolderRootModifiedEvent:0.05444444444444444
NetFolderRootCreatedEvent:0.05444444444444444
GwtNetFolderHelper:0.05333333333333334
CreateNetFolderRootCmd:0.025
ModifyNetFolderRootCmd:0.025
