ClientMapNearCacheTest:0.4633333333333333
ClientNearCacheTestSupport:0.38
NearCacheTest:0.33666666666666667
ClientNearCacheTest:0.22333333333333333
