Main:0.5633333333333334
BuildLoopInformationProvider:0.54
BuildLoopStatusReportTask:0.37
BuildLoopMonitor:0.23666666666666666
BuildLoopStatusReportTaskTest:0.11333333333333333
BuildLoopMonitorTest:0.01
