TcpMessage:0.45666666666666667
CmpTcpCommandHandler:0.37333333333333335
CmpMessageDispatcher:0.30333333333333334
CmpServlet:0.18333333333333332
