FeatureLocImplementation:0.6633333333333333
FlybaseChadoInstance:0.3233333333333333
ChromosomeFeatureLocImp:0.29333333333333333
