StandardHtmlStripAnalyzer:0.39666666666666667
PreBuiltAnalyzerTests:0.12666666666666668
SynonymsAnalysisTest:0.07666666666666666
StandardHtmlStripAnalyzerProvider:0.07055555555555557
PatternAnalyzerProvider:0.06
ElasticsearchTokenStreamTestCase:0.0
