JDBCDataStore:0.5961111111111111
OracleDataStore:0.2654444444444444
