Filler:0.5733333333333334
Common:0.41761111111111116
CategoryRepository:0.3175
CategoryRepositoryImpl:0.16333333333333333
