ESTestCase:0.555
GeoDistanceSortBuilderTests:0.30333333333333334
ScriptSortBuilderTests:0.2866666666666667
FieldSortBuilderTests:0.2733333333333333
ScoreSortBuilderTests:0.21
