AbstractLoadQueryDetails:0.5066666666666667
MultipleBagFetchException:0.468
FetchStats:0.2875
FetchStatsImpl:0.22333333333333333
