ClusterDescription:0.4
ReadPreference:0.38
ServerDescription:0.38
Builder:0.29
MongoQueryCursorTest:0.27
ReadPreferenceTest:0.27
TaggableReadPreference:0.26666666666666666
MultiServerCluster:0.25333333333333335
PrimaryServerSelector:0.22666666666666666
MongoClientURI:0.20666666666666667
MongoClientURITest:0.20333333333333334
PrimaryReadPreference:0.19666666666666666
DefaultServer:0.165
ReplicaSetServerStateListener:0.16
ReplicaSetStatus:0.16
PrimaryPreferredReadPreference:0.13
SecondaryPreferredReadPreference:0.13
NearestReadPreference:0.12
SecondaryReadPreference:0.12
DefaultReplicaSetCluster:0.12
ReplicaSetTest:0.08666666666666667
ServerDescriptionTest:0.08333333333333333
ClusterSession:0.03333333333333333
