MarshalingSupport:0.37166666666666665
ImmutableOrdinalSet:0.26166666666666666
Marshaling:0.24666666666666667
InsertObjectList:0.23
WrapingFluentFuture:0.22333333333333333
EventualProvidersModule:0.21916666666666668
Id:0.20916666666666667
TimeMeasure:0.20583333333333334
ConstraintBuilder:0.2025
BsonEncoding:0.16
JaxrsMessageBodyProvider:0.14666666666666667
FluentFutures:0.11
