ServerFactory:0.46
DefaultServerFactoryTest:0.43333333333333335
EnvironmentCommand:0.34
DefaultServerFactory:0.2833333333333333
SimpleServerFactory:0.26
SimpleServerFactoryTest:0.15
TestServerFactory:0.013333333333333334
