Robot:0.4866666666666667
JTreeLocation:0.30333333333333334
JTreeTester:0.2644444444444445
ComponentRecorderTest:0.23333333333333334
ComponentRecorder:0.225
TreePathParser:0.15666666666666668
JTreeRecorderTest:0.13333333333333333
JTreeTesterTest:0.13333333333333333
JTreeLocationTest:0.13
TreePathParserTest:0.12
