SpectrumUtils:0.6216666666666667
SpectrumEditor:0.48833333333333334
