SimpleValue:0.61
ModelBinder:0.38
SybaseTimestampVersioningTest:0.27666666666666667
SimpleValueBinder:0.23
BasicTypeRegistry:0.1491111111111111
StandardBasicTypes:0.045182539682539685
