Command:0.4
Parameter:0.30666666666666664
ServiceRequestImpl:0.2633333333333333
ServiceRequestImplConfig:0.255
LocaleManager:0.23111111111111116
CommandBuilder:0.20916666666666667
FileUploadConfig:0.19666666666666666
UploadedFileImpl:0.19444444444444445
