FeaturePair:0.7933333333333333
CondensedAlignment:0.4266666666666667
AlignFrame:0.3433333333333333
