IsotopeFactory:0.5033333333333333
ElementFactory:0.44
IsotopeFactoryTest:0.27066666666666667
ElementFactoryTest:0.27066666666666667
CDKTests:0.17666666666666667
