Tables:0.6333333333333333
Pojos:0.30666666666666664
SupportedFieldType:0.13666666666666666
PkTest:0.13666666666666666
FieldFilterTest:0.13666666666666666
CndTest:0.13666666666666666
TransLevelTest:0.12
TransactionTest:0.12
BatchTransTest:0.11666666666666667
SimpleDaoTest:0.11333333333333333
QueryTest:0.11
SimpleTransTest:0.11
AutoGenerateValueTest:0.11
CustomizedFieldNameTest:0.09333333333333334
DTableProcessingTest:0.09333333333333334
