GTS:0.5333333333333333
LTSLabels:0.41333333333333333
Viewer:0.25777777777777783
SaveLTSAsDialog:0.25
PlaceholderFieldListener:0.17777777777777778
