EdgeMatEqSystem:0.5733333333333334
MaterialiseEdge:0.32666666666666666
CountingSet:0.22333333333333333
