WeatherInformation:0.75
Weather:0.6933333333333334
NWSInformation:0.29
WeatherFetcher:0.22666666666666666
WeatherChecker:0.2111111111111111
WeatherPlugin:0.18444444444444444
WeatherPluginUtils:0.14777777777777779
