AbstractResultSet:0.5733333333333334
TimestampTest:0.5133333333333333
TdsUtil:0.23333333333333334
