Robolectric:0.6266666666666667
ShadowWrangler:0.49666666666666665
AsmInstrumentingClassLoader:0.33666666666666667
AndroidTranslator:0.26777777777777784
ShadowResources:0.26555555555555554
FragmentActivityTest:0.24666666666666667
InstrumentingClassLoaderTest:0.24
ShadowLooper:0.23
DialogTest:0.21666666666666667
FragmentManagerTest:0.21666666666666667
InvocationPlan:0.21
InstrumentedClassWithoutToStringWithSuperToString:0.2063968253968254
ClassWithoutEqualsHashCodeToString:0.2063968253968254
NotInstrumentedClass:0.2063968253968254
ShadowBundle:0.20444444444444446
Setup:0.20333333333333334
ClassInstrumentor:0.2
ShadowAssetManager:0.19555555555555554
MyClassHandler:0.19305555555555554
RobolectricContext:0.18666666666666668
HandlerThreadTest:0.10583333333333333
ShadowConfig:0.07353968253968254
AsmClassInfo:0.05
MySetup:0.04
Info:0.02
ClassWithEqualsHashCodeToString:0.01
MyUncaughtExceptionHandler:0.0025
UninstrumentedClassWithToString:0.0
