CodeGenerator:0.44333333333333336
MessageTypeEnumModel:0.2916666666666667
ParameterUtil:0.25333333333333335
DistributedObjectEventParameters:0.19222222222222224
CodeGenerationUtils:0.15
MemberCodec:0.03
TemplateConstants:0.0
