Node:0.93
Xmls:0.4633333333333333
SimpleNode:0.24333333333333335
