Viewer:0.73
Eval:0.3433333333333333
Layout:0.31333333333333335
MouseManager:0.28777777777777774
GlobalSettings:0.24833333333333332
Layouter:0.19444444444444445
pjmReader:0.09166666666666666
LayoutAnimation:0.07833333333333334
