Messages:0.6141666666666666
DefinitionLogic:0.5697222222222222
SystemLogTDBuilder:0.2875
