Pipeline:0.5566666666666666
ShardedJedisPipeline:0.5133333333333333
BasicRedisPipeline:0.3596666666666667
