AbstractBufferedItemReaderItemStream:0.4533333333333333
StaxEventItemReaderTests:0.44
FlatFileItemReaderAdvancedTests:0.3655555555555555
