Commentator:0.41333333333333333
GeneEditPanel:0.41333333333333333
FlyNameAdapter:0.31333333333333335
CannedListItemListener:0.20194444444444445
CommentTextFocusListener:0.18444444444444444
