LineCurveRenderer:0.37666666666666665
TriangleSegmentDoubleRenderer:0.205
TriangleSegmentRenderer:0.205
TriangleEndDoubleRenderer:0.18
TriangleEndRenderer:0.18
LegendRenderer:0.18
SymbolGenericRenderer:0.16333333333333333
SymbolOvalRenderer:0.15666666666666668
SymbolCircleRenderer:0.15666666666666668
SymbolRotatedRenderer:0.15666666666666668
SymbolRunwayRenderer:0.15666666666666668
SymbolRectangleRenderer:0.15666666666666668
DrawLineToCursorRenderer:0.15666666666666668
SymbolTargetRenderer:0.15666666666666668
FilledPolyStartRenderer:0.11666666666666667
LineStartRenderer:0.11666666666666667
