ExitStatus:0.5233333333333333
DefaultStepFactoryBeanTests:0.32666666666666666
ItemOrientedStepTests:0.2633333333333333
AbstractStepFactoryBean:0.25
ExitStatusTests:0.21666666666666667
SimpleJobRepositoryTests:0.15833333333333333
StepExecutorInterruptionTests:0.14333333333333334
StatefulRetryStepFactoryBean:0.13333333333333333
RepeatOperationsStepFactoryBeanTests:0.07333333333333333
StatefulRetryStepFactoryBeanTests:0.043333333333333335
