HtmlBaseFont:0.65
DefaultElementFactory:0.39666666666666667
HTMLBaseFontElementTest:0.18333333333333332
