Item:0.37333333333333335
MTreeItem:0.36
Property:0.2966666666666667
ValueEvent:0.15833333333333333
ChartPainter:0.15083333333333335
