StatusManager:0.49
BadLine:0.44555555555555554
LineParser:0.2966666666666667
StatusLis:0.24333333333333335
