LatestBuildsListingController:0.47
LatestBuildsListingControllerTest:0.42
ForceBuildEnabledInterceptor:0.30333333333333334
ActiveBuildPageTest:0.21666666666666667
ForceBuildEnabledInterceptorTest:0.02666666666666667
