OpenIDAuthenticationProcessingFilter:0.48
OpenIDAuthenticationRequiredException:0.47222222222222227
OpenID4JavaConsumer:0.31666666666666665
OpenIDAuthenticationTokenTests:0.04
