Visitor:0.7633333333333333
TestAnalyzer:0.7163333333333335
