UserAdminSessionBean:0.45666666666666667
CaTestCase:0.4166666666666667
EndEntityAccessSessionBean:0.19333333333333333
AuthenticationSessionBean:0.18333333333333332
EndEntityCertificateAuthenticationModule:0.15333333333333332
CliAuthenticationProviderSessionBean:0.15
