RequestInfo:0.8052222222222223
GwtUIHelper:0.5933333333333334
TinyMCEDlg:0.37666666666666665
