ClientAdminThread:0.8316666666666667
AtomicArray:0.4
AdminBuffers:0.3433333333333333
AeronTest:0.19
