ParameterConstants:0.43583333333333335
RouterStats:0.43
MockStatisticManager:0.32
DataGapRouteReader:0.30666666666666664
RouterService:0.22333333333333333
StatisticManager:0.21666666666666667
ChannelRouterContext:0.20333333333333334
IStatisticManager:0.19416666666666665
DataGap:0.16666666666666666
AcknowledgeService:0.14444444444444446
