ScriptException:0.6
HtmlOption:0.44333333333333336
FailingHttpStatusCodeException:0.37166666666666665
ScriptExceptionTest:0.18833333333333332
