TableInfo:0.6333333333333333
InsertAnalysis:0.3466666666666667
PartitionName:0.34
InsertAnalyzerTest:0.31
Visitor:0.2733333333333333
Planner:0.2733333333333333
Builder:0.2633333333333333
DocTableInfo:0.25333333333333335
PlanVisitor:0.25333333333333335
BlobTableInfo:0.25333333333333335
ESIndexNode:0.22333333333333333
TestingTableInfo:0.20333333333333334
AbstractDataAnalysis:0.19333333333333333
TransportSQLActionTest:0.17666666666666667
AbstractTableInfo:0.17333333333333334
SelectAnalyzerTest:0.16666666666666666
InsertStatementAnalyzer:0.15333333333333332
AbstractESIndexTask:0.14333333333333334
TransportExecutor:0.12666666666666668
TransportExecutorTest:0.12666666666666668
TestMetaDataModule:0.08
DuplicateKeyException:0.04
ESIndexTask:0.03666666666666667
