Query:0.8233333333333334
AbstractProducedQuery:0.44666666666666666
IdentifierLoadAccessImpl:0.21666666666666667
IdentifierLoadAccess:0.135
BasicGetLoadAccessTest:0.06666666666666667
