Grammar:0.5977777777777779
TestFastQueue:0.39388888888888884
StreamVacuum:0.28833333333333333
