TestSignSession:0.55
CrmfRAPbeRequestTest:0.42333333333333334
CertificateValidity:0.35
TestCertificateValidity:0.07666666666666666
