GL20:0.8066666666666666
ShaderProgram:0.4266666666666667
Mesh:0.31666666666666665
VertexData:0.235
VertexArray:0.2111111111111111
LwjglGL20:0.20333333333333334
AndroidGL20:0.19416666666666665
GL20Profiler:0.19333333333333333
GwtGL20:0.09666666666666666
GL30Profiler:0.08
