NettyResponseFuture:0.61
NettyAsyncHttpProvider:0.5033333333333333
PerRequestTimeoutTest:0.23333333333333334
SlowHandler:0.16444444444444445
