PrintTabFrame:0.8683333333333333
XYZTabPanel:0.47722222222222227
