ReportModule:0.8933333333333333
ReportModuleImpl:0.6333333333333333
WebKeys:0.47904761904761906
ReportDownloadController:0.3
