Translog:0.6633333333333333
InternalEngine:0.4066666666666667
InternalEngineTests:0.30333333333333334
TranslogHandler:0.10333333333333333
