Debugger:0.6733333333333333
Breakpoint:0.6233333333333333
DebuggerPane:0.31
ClientDebugger:0.2966666666666667
LocalDebugger:0.21
CMS_modifyBreakpoint:0.14333333333333334
CMS_addBreakpoint:0.14333333333333334
CMS_setBreakpoints:0.13333333333333333
CMS_removeBreakpoint:0.12333333333333334
