OldIndexBackwardsCompatibilityIT:0.48333333333333334
TestRoutingService:0.4633333333333333
RoutingServiceTests:0.2833333333333333
RecoveryWithUnsupportedIndicesIT:0.17
