Context:0.6066666666666667
Configuration:0.2633333333333333
RecordingIndex:0.22666666666666666
AuthenticationTest:0.19333333333333333
ClusterNodeRestartTest:0.18333333333333332
ClusterNodeTest:0.13
