FileUtils:0.45
FolderServiceImpl:0.35333333333333333
FileResource:0.2733333333333333
