FilterFactory:0.6188888888888888
BinarySpatialOperator:0.2609761904761905
