BrowserVersion:0.8166666666666667
NavigatorTest:0.44666666666666666
Navigator:0.18333333333333332
