Py:0.73
MethodExposer:0.41333333333333333
Exposer:0.30333333333333334
DescriptorExposer:0.2780952380952381
SimpleExposed:0.19333333333333333
MethodExposerTest:0.19
ExposedTypeProcessorTest:0.17333333333333334
PyTypes:0.0
