MockSnmpAgent:0.79
MockSnmpAgentTest:0.30666666666666664
PropsMockSnmpMOLoaderImpl:0.23666666666666666
