ExplorePoint:0.7566666666666667
SimpleExplorePoint:0.49333333333333335
ExploreOutcome:0.2966666666666667
ExplorePointValuation:0.27051984126984113
FrontierFactory:0.27051984126984113
ExploreFrontier:0.27
ExploreConfig:0.26
ExploreInstance:0.24666666666666667
ExploreProduct:0.17816666666666667
HeuristicSetting:0.16716137566137568
NewestFrontier:0.10333333333333333
OldestFrontier:0.10333333333333333
BoundedFrontier:0.09
RandomFrontier:0.07666666666666666
SingularFrontier:0.056666666666666664
PriorityFrontier:0.03
StateExploreProduct:0.024761904761904763
BasicFrontier:0.023333333333333334
BoundSetting:0.022261904761904764
TraceExploreProduct:0.006666666666666667
CostSetting:0.0033333333333333335
