HTMLParserTest:0.49
HTMLElementTest:0.44
DocumentTest:0.43
LocationTest:0.32666666666666666
HTMLTextAreaElementTest:0.30333333333333334
HtmlPasswordInputTest:0.29333333333333333
JavaScriptEngineTest:0.27666666666666667
NodeTest:0.27666666666666667
HTMLOptionElementTest:0.24666666666666667
StyleSheetTest:0.24666666666666667
HTMLFrameElementTest:0.24666666666666667
WebTestCase:0.23333333333333334
HtmlAppletTest:0.23
PopupTest:0.18333333333333332
