HttpQuery:0.5066666666666667
HttpQueryProvider:0.47333333333333333
SumFragmentMaster:0.25666666666666665
TestHttpQueryProvider:0.24333333333333335
StaticQueryManager:0.21666666666666667
Execute:0.16
