RelationSplitterTest:0.6816666666666666
Visitor:0.5111111111111111
MultiSourceGroupByConsumer:0.23997619047619048
