SendMailSession:0.48333333333333334
Pop3Server:0.36666666666666664
SmtpServer:0.36333333333333334
Pop3SslServer:0.22666666666666666
