Logging:0.45666666666666667
JFXUtilsFactory:0.4066666666666667
ServerConfiguration:0.4033333333333333
JFXPainterUtils:0.39666666666666667
Widget:0.38333333333333336
MapContextSource:0.3516666666666667
SwingPainterUtils:0.32666666666666666
SymbolUtils:0.32666666666666666
FrameworkConfiguration:0.3233333333333333
ARINCGPCrown:0.31666666666666665
Synth2Parser:0.27666666666666667
SliderRenderer:0.2633333333333333
SwingUtilsFactory:0.2597777777777778
RendererUtils:0.25333333333333335
JFXLayerRenderer:0.25
MutuExclRenderer:0.24666666666666667
SymbolRenderer:0.24666666666666667
JFXClippings:0.24333333333333335
JFXFactory:0.24333333333333335
EditorWidgetTableConstructor:0.23666666666666666
JFXSymbolPainter:0.23333333333333334
ArcEllipseRenderer:0.23
PanelRenderer:0.23
RotationContainerRenderer:0.23
ArcCircleRenderer:0.22666666666666666
ARINCModelFactory:0.22333333333333333
JFXFont:0.22333333333333333
JFXLineStroke:0.22199999999999998
DefTriangle:0.22
PictureRenderer:0.22
TreeEditorCopyHelper:0.21666666666666667
ServerConfigurationParser:0.21666666666666667
EditorEngine:0.21555555555555553
TabPanelRenderer:0.21333333333333335
BasicServerEngine:0.21
JFXServerWrapper:0.20666666666666667
PictureAnimatedRenderer:0.20333333333333334
MapItemListRenderer:0.20333333333333334
JFXEditorLayerManager:0.2
TranslationContainerRenderer:0.2
CrownRenderer:0.19666666666666666
SymbolAnimatedRenderer:0.19666666666666666
AbstractMoveWidgetEdit:0.19666666666666666
BasicWindowManager:0.19666666666666666
MouseListenerImpl:0.195
ComboBoxRenderer:0.19333333333333333
JFXSymbolCommand:0.19333333333333333
JFXEditorPanel:0.19
PopUpPanelButtonRenderer:0.19
JFXLineStyle:0.18333333333333332
ARINCSettings:0.18
MaskContainerRenderer:0.18
BasicContainerRenderer:0.18
LineRenderer:0.18
ScrollPanelRenderer:0.18
LabelRenderer:0.17666666666666667
WidgetListener:0.17666666666666667
RadioBoxRenderer:0.17333333333333334
TimerListener:0.17166666666666666
CrownRendererUI:0.17
SwingRendererBridge:0.17
AbstractServerEngine:0.17
RectangleRenderer:0.16666666666666666
PopUpPanelRenderer:0.16333333333333333
JFXRendererBridge:0.16333333333333333
AbstractMapRenderer:0.16333333333333333
PolarLineRenderer:0.15666666666666668
ShuffleToFitContainerRenderer:0.15333333333333332
CheckBoxRenderer:0.15166666666666667
MapVertSourceRenderer:0.14333333333333334
MapHorzSourceRenderer:0.14333333333333334
MapHorzPanelRenderer:0.14333333333333334
JFXUIDefinition:0.13666666666666666
SynthCrownUI:0.13
PolylineRenderer:0.13
DefText:0.12333333333333334
ConfigurationSerializer:0.11666666666666667
JFXRepresentation:0.11666666666666667
BlinkingContainerRenderer:0.11666666666666667
JFXLayerEventHandler:0.11666666666666667
DefTriangleFan:0.10666666666666667
DefPolyLine:0.10333333333333333
DefArcEllipse:0.09666666666666666
ClickListener:0.08666666666666667
DefArcCircle:0.08
EndGroup:0.07666666666666666
StartGroup:0.07666666666666666
PanelListener:0.07
JFXGUITools:0.06333333333333334
SetTranslation:0.056666666666666664
SetRotation:0.05333333333333334
DefLinePolar:0.04666666666666667
DefLine:0.043333333333333335
DefRectangle:0.043333333333333335
DefHalo:0.04
GCSymbolAnimatedRenderer:0.03666666666666667
DefFont:0.03
GCSymbolRenderer:0.02
DefTriangleStrip:0.02
ElementList:0.013333333333333334
DefLineStyle:0.0125
DefColor:0.01
GUIActionRunnable:0.0
GUIToolsTask:0.0
