BasicBSONCallback:0.56
JavaClientTest:0.27
BSONEncoder:0.25
BSONTest:0.23
ByteTest:0.19472222222222224
BSONDecoder:0.18333333333333332
