RequestHelper:0.6366666666666667
RequestInstance:0.45666666666666667
CertificateFinderBean:0.29
CertDistServlet:0.20666666666666667
