BDDPointerAnalysis:0.5833333333333334
BDDMethodSummary:0.5133333333333333
CSPA:0.45
sun142_linuxObjectTraverser:0.10666666666666667
