BatchPresentationTestHelper:0.42
TaskComparatorDescByStateDescription:0.33666666666666667
TaskComparatorAscByStateDescription:0.33666666666666667
AnywhereStringFilterCriteria:0.2955555555555555
