ObjectGenerator:0.6033333333333334
GenerateWORDAction:0.4266666666666667
ExtensionProperties:0.3433333333333333
