ConsoleProgress:0.30763006
SwingInstall:0.03468545
InstallThread:0.02416319
