SequencerAgent:0.7533333333333333
MemberStatusAdapter:0.45561111111111113
MemberStatusPublisher:0.25333333333333335
