DrawableAnnotatedFeatureSet:0.5719444444444445
TranscriptEditPanel:0.3983333333333333
