JPPFTestTask:0.42
SecurityTestTask:0.41133333333333333
TestTaskRunner:0.4066666666666667
ConstantTask:0.2521547619047619
ExceptionTestTask:0.24800000000000003
ClassNotFoundTestTask:0.08666666666666667
InnerTask:0.08333333333333333
FileDownloadTestTask:0.056666666666666664
ExecutionReport:0.043055555555555555
