Platform:0.4633333333333333
OkHttpProtocolNegotiatorTest:0.4166666666666667
Android:0.41333333333333333
OkHttpProtocolNegotiator:0.17166666666666666
JdkWithJettyBootPlatform:0.1411111111111111
AndroidNegotiator:0.12
