SettlementMapPanel:0.7186111111111111
SettlementWindow:0.4533333333333333
BuildingPanelFarming:0.4116666666666667
CropType:0.18333333333333332
