Vector:0.62
Vector2:0.37
Vector3:0.3466666666666667
Quaternion:0.32666666666666666
Bezier:0.2763333333333334
CatmullRomSpline:0.27
BSpline:0.25
Path:0.013333333333333334
