PagingDAO:0.5333333333333333
DeleteDAO:0.36333333333333334
LoadDAO:0.3233333333333333
PagingDAOResult:0.19333333333333333
