IdMapper:0.7366666666666667
CollectionMetadataGenerator:0.44666666666666666
OneAuditEntityQueryGenerator:0.3433333333333333
ValueHolder:0.056666666666666664
AbstractIdMapper:0.05333333333333334
