Node:0.5866666666666667
ClusterServiceImpl:0.3333333333333333
PartitionServiceImpl:0.3
AbstractAccessDelegate:0.2866666666666667
ConnectionFactoryImpl:0.24444444444444446
MigrationThread:0.22444444444444447
TcpIpJoinerOverAWS:0.21944444444444447
ConfigXmlGenerator:0.19
ServiceManager:0.1877777777777778
CallableProcessor:0.15
