Toolbar:0.63
ClassySharkPanel:0.5166666666666667
ToolbarController:0.42380555555555555
