TempDirectory:0.43
RobolectricPackageManager:0.39699999999999996
DefaultPackageManager:0.36
RuntimeEnvironment:0.2966666666666667
ShadowEnvironment:0.2633333333333333
ShadowPackageManagerTest:0.22333333333333333
SQLiteDatabaseTest:0.20333333333333334
ShadowPackageManager:0.20333333333333334
RobolectricTest:0.17666666666666667
ParallelUniverseTest:0.17333333333333334
ShadowEnvironmentTest:0.15
ParallelUniverse:0.12666666666666668
RobolectricTestRunnerSelfTest:0.11666666666666667
TempDirectoryTest:0.056666666666666664
