WebUtils:0.7033333333333334
ClientAction:0.2
SimpleTestUsernamePasswordAuthenticationHandler:0.19666666666666666
AuthenticationContextValidator:0.17666666666666667
AbstractMultifactorAuthenticationProvider:0.15333333333333332
AbstractMetadataResolverAdapter:0.14
