Person:0.6466666666666666
NaturalAttributeManager:0.4166666666666667
