MainWindow:0.6566666666666666
TutorialTopComponent:0.6366666666666667
