FlowBuilder:0.44333333333333336
Flow:0.4066666666666667
XmlFlowBuilder:0.3433333333333333
DefaultFlowArtifactFactory:0.29333333333333333
AbstractFlowBuilder:0.23
FlowRegistryImpl:0.22666666666666666
XmlFlowRegistrar:0.18666666666666668
FlowAssembler:0.16277777777777777
FlowArtifactFactoryAdapter:0.15333333333333332
XmlFlowBuilderTests:0.14
LocalFlowArtifactRegistry:0.07637638287638286
AbstractFlowArtifactFactory:0.03666666666666667
LocalFlowArtifactFactory:0.016666666666666666
