PublicationImage:0.5211111111111112
NetworkPublication:0.43666666666666665
RetransmitHandler:0.2563888888888889
