IndexShard:0.46
InternalEngineTests:0.44666666666666666
TranslogRecoveryRunner:0.4282380952380953
Index:0.4166666666666667
ExceptionSerializationTests:0.2733333333333333
InternalEngine:0.20333333333333334
EngineConfig:0.1375
TranslogOperationsRequestHandler:0.11
IndexShardTests:0.07
TranslogHandler:0.043333333333333335
