SeqFeatureI:0.622
SeqFeature:0.49333333333333335
FeatureSet:0.41333333333333333
AnnotationEditor:0.32666666666666666
