Daos:0.5033333333333333
Files:0.49
UploadAdaptor:0.30333333333333334
DaoUp:0.2866666666666667
Jdbcs:0.2683333333333333
NutIoc:0.23333333333333334
JdbcExpertConfigFile:0.2
SimpleDaoTest:0.19666666666666666
NutDaoExecutor:0.13333333333333333
