ShareThisDlg:0.3933333333333333
GwtShareHelper:0.36
GwtSharingInfo:0.3566666666666667
EditShareRightsDlg:0.3
ShareRightsWidget:0.23333333333333334
