API:0.44666666666666666
TreeMap:0.4
LinkedHashMap:0.35
HashMap:0.2733333333333333
APITest:0.16666666666666666
