PyObject:0.7533333333333333
PyInteger:0.44
PyJavaClass:0.38666666666666666
