table:0.7266666666666667
CollectionUtils:0.47333333333333333
