Project:0.8088888888888889
ProjectTest:0.24333333333333335
