GwtTeamingMessages:0.31666666666666665
MainMenuControl:0.27
MenuItemBox:0.22333333333333333
MenuItemButton:0.14444444444444446
MenuItemWidgetHover:0.08666666666666667
MenuItemToggle:0.08444444444444445
MenuItemIDHover:0.06
