ServiceBuilder:0.49333333333333335
OAuthConfig:0.44666666666666666
OAuth20Service:0.4066666666666667
GoogleApi20:0.20333333333333334
RenrenApi:0.19
ViadeoApi:0.19
Foursquare2Api:0.19
KaixinApi20:0.19
ConstantContactApi2:0.19
LiveApi:0.19
PinterestApi:0.14333333333333334
SinaWeiboApi20:0.14333333333333334
MailruOAuthServiceImpl:0.10333333333333333
LinkedIn20ServiceImpl:0.10333333333333333
TutByExample:0.09
OdnoklassnikiExample:0.09
HHExample:0.09
