ShardInfo:0.6333333333333333
RandomObjects:0.2966666666666667
ReplicationResponseTests:0.23333333333333334
IndexResponseTests:0.23
DeleteResponseTests:0.10666666666666667
UpdateResponseTests:0.05
BulkItemResponseTests:0.04666666666666667
