ConfigUtils:0.5066666666666667
Elements:0.45359523809523816
HttpSecurityBeanDefinitionParser:0.33666666666666667
GlobalMethodSecurityBeanDefinitionParser:0.2866666666666667
FilterInvocationDefinitionSourceBeanDefinitionParser:0.15333333333333332
