Subscription:0.44666666666666666
Router:0.38666666666666666
Connection:0.33
SubscriptionMatch:0.33
