MultipleBuffersOutputStream:0.5233333333333333
StreamConstants:0.4442619047619048
MultipleBuffersInputStream:0.43333333333333335
