AboutPaneDialog:0.8166666666666667
HelpAboutSlugAction:0.3433333333333333
