KeyStoreContainer:0.49666666666666665
HSMKeyTool:0.3233333333333333
CATokenContainerImpl:0.30666666666666664
NCipherHSMKeyTool:0.22
PKCS11HSMKeyTool:0.19333333333333333
ClientToolBox:0.16777777777777778
