ClientInvocation:0.46
ClientInvocationFuture:0.41333333333333333
ClientExecutionServiceImpl:0.30333333333333334
AbstractClientCacheProxyBase:0.23
ClientDelegatingFuture:0.22777777777777777
ClientPartitionServiceImpl:0.21333333333333335
RefreshTask:0.14444444444444443
RefreshTaskCallback:0.11666666666666667
