AclItem:0.5733333333333334
ResourceDriverManager:0.5333333333333333
NullResourceDriverManager:0.45
