CollectionMap:0.8066666666666666
AbstractCollectionMap:0.42
AbstractCollectionSortedMap:0.21333333333333335
SetSortedMap:0.18666666666666668
