ScriptRuntime:0.7833333333333333
MemberBox:0.34
DelegatorAndHostObjectTest:0.21666666666666667
MyHostObject:0.18333333333333332
