VariableWidthBlock:0.7066666666666667
InterleavedBlock:0.67
TestInterleavedBlock:0.17333333333333334
TestVariableWidthBlock:0.07333333333333333
