RuntimeEnvironment:0.66
Configuration:0.4766666666666667
Indexer:0.3933333333333333
Util:0.39
AnalyzerGuru:0.29
IndexerTest:0.25333333333333335
CommandLineOptions:0.21444444444444447
IndexDatabase:0.20333333333333334
SearchEngineTest:0.17666666666666667
SearchTest:0.13333333333333333
SearchHelperTest:0.12333333333333334
IndexDatabaseTest:0.03333333333333333
