RegisteredService:0.9066666666666666
RegisteredServiceSimpleFormController:0.25666666666666665
