GenericExtruder:0.4633333333333333
Printer:0.4581666666666666
CartesianGCode:0.41
CartesianBot:0.3433333333333333
CartesianSNAP:0.20666666666666667
SNAPExtruder:0.14666666666666667
Producer:0.143
