Sharded:0.5766666666666667
ShardInfo:0.5758888888888888
JedisShardInfo:0.42333333333333334
ShardedJedisTest:0.08666666666666667
ShardedJedisPoolTest:0.04666666666666667
