ShardManager:0.6566666666666666
ShardManagerDao:0.5
ShardIterator:0.2733333333333333
DatabaseShardManager:0.25333333333333335
TestDatabaseShardManager:0.19
RaptorSplitSource:0.18666666666666668
IndexInserter:0.16666666666666666
TestRaptorSplitManager:0.16
