DashboardHelper:0.6433333333333333
WebKeys:0.4494444444444445
ModifyDashboardController:0.3
SAbstractForumController:0.22555555555555554
WorkspaceTreeController:0.16333333333333333
ListProfilesController:0.16
