Operation:0.6205555555555555
SplitOperation:0.33
InsertOperation:0.29
DeleteOperation:0.28
NoOperation:0.24666666666666667
TimestampOperation:0.16333333333333333
