InternalEngine:0.55
ElasticsearchMergePolicy:0.4633333333333333
InternalEngineTests:0.30333333333333334
