AbstractDbDialect:0.4666666666666667
TestOracle8Platform:0.35777777777777775
Oracle8Platform:0.2960555555555555
TestOracle9Platform:0.22333333333333333
