TagValidationFrame:0.37
TagValidationTool:0.18666666666666668
StringData:0.18166666666666667
ITagValidation:0.06333333333333334
LegacyTM:0.06
