UdpChannel:0.43666666666666665
NetworkUtil:0.41333333333333333
UriUtilTest:0.3333333333333333
UriUtil:0.30666666666666664
