RingbufferContainer:0.5133333333333333
RingbufferConfig:0.30666666666666664
RingbufferContainerTest:0.27
RingbufferService:0.19777777777777777
RingbufferContainerSerializationTest:0.13666666666666666
RingbufferConfigReadonly:0.0761111111111111
RingbufferTTLTest:0.06
