RequestResponseProcess:0.39666666666666667
OneWayProcess:0.39
OLParser:0.39
OOITBuilder:0.27666666666666667
