Document:0.4277777777777777
WindowTest:0.4266666666666667
Location2Test:0.30666666666666664
Window2Test:0.12866666666666668
