Realm:0.5766666666666667
RealmBuilder:0.4666666666666667
NettyAsyncHttpProvider:0.27
BasicAuthTest:0.13666666666666666
