RestAssured:0.7366666666666667
AuthConfig:0.26
OAuthSigner:0.21333333333333335
AuthenticationSpecification:0.2025
