Referencing:0.7933333333333333
Formulas:0.4766666666666667
