GeometryColumn:0.6833333333333333
WritableDataStoreDataSource:0.26666666666666666
SpatialDatabasesDSMetadata:0.26
SpatialiteDSMetadata:0.19138888888888891
PostgisDSMetadata:0.18333333333333332
MariadbDSMetadata:0.16333333333333333
H2DSMetadata:0.15666666666666668
OracleDSMetadata:0.15666666666666668
AddWritableDataStoreLayerWizard:0.11
