GrpcUtil:0.4
ClientCallImpl:0.32666666666666666
ChannelImplTest:0.27666666666666667
AbstractClientStreamTest:0.26666666666666666
AbstractClientStream:0.23099999999999998
AbstractTransportTest:0.22
NettyServerHandler:0.2
ServerTransportListenerImpl:0.2
ChannelImpl:0.19166666666666668
TimeoutMarshaller:0.09
GrpcUtilTest:0.043333333333333335
