RuntimeEnvironment:0.6766666666666666
JDBCHistoryCache:0.39666666666666667
MercurialRepository:0.2644444444444444
FileHistoryCache:0.26111111111111107
JDBCHistoryCacheTest:0.21
FileHistoryCacheTest:0.20666666666666667
Indexer:0.20333333333333337
