Vector:0.57
SpecificitesResult:0.32666666666666666
Specificites:0.25333333333333335
Partition:0.25083333333333335
QuantitativeDataStructureImpl:0.17
Localizer:0.16666666666666666
ContingencyTableTest:0.13666666666666666
SpecificitesResultTest:0.12666666666666668
VectorImpl:0.12
MatrixImpl:0.1
Toolbox:0.085
VectorizeArray:0.056666666666666664
TestVectorizeArray:0.014444444444444444
