AzureRepository:0.5216666666666666
GoogleCloudStorageRepository:0.49333333333333335
GoogleCloudStorageBlobStoreRepositoryTests:0.3933333333333333
AzureRepositorySettingsTests:0.22666666666666666
