BackupConfig:0.7733333333333333
TimeoutBackupStore:0.4033333333333333
TestBackupConfig:0.25
BackupModule:0.22
