PhysicalCondition:0.6797222222222223
Mind:0.5445555555555556
