WorkThread:0.098668054
IOProgressMonitor:0.08424664
VFSFileChooserDialog:0.07659488
VFSManager:0.069066726
StatusBar:0.06108037
WorkThreadProgressListener:0.059533514
Log:0.02347909
