MethodDatabase:0.6066666666666667
Fiber:0.5974999999999999
QuasarInstrumentor:0.2253492063492063
