ReferenceConfig:0.57
ServiceConfig:0.44666666666666666
AbstractReferenceConfig:0.27199999999999996
