WebCrawler:0.7933333333333333
HttpAccessor:0.41355555555555557
