ResourceGroupId:0.6466666666666666
TestingResourceGroup:0.41333333333333333
TestFileResourceGroupConfigurationManager:0.29333333333333333
TestResourceGroupIdTemplate:0.18333333333333332
TestResourceGroupIntegration:0.13333333333333333
TestResourceGroupId:0.11
