EndEntityProfile:0.6455555555555557
EjbcaWebBean:0.34
UserFullfillEndEntityProfileTest:0.18
CaGetCrlInfo:0.16666666666666666
SubjectDirAttrExtension:0.15333333333333332
