NettyStream:0.45666666666666667
NettyStreamFactory:0.2866666666666667
NettyStreamFactoryFactory:0.24666666666666667
Builder:0.17333333333333334
