StatsHandler:0.42
JPPFClientConnectionImpl:0.38666666666666666
JPPFNodeAdmin:0.35
JPPFClient:0.30083333333333334
NodeHandler:0.2525
JMXNodeConnectionWrapper:0.23
JPPFNodeAdminMBean:0.205
JPPFDriverAdmin:0.19666666666666666
JPPFAdminMBean:0.17
JMXDriverConnectionWrapper:0.056666666666666664
JPPFDriverAdminMBean:0.04
