Material:0.3933333333333333
Light:0.35
Attribute:0.31
TextureAttribute:0.31
ColorAttribute:0.30666666666666664
BlendingAttribute:0.23333333333333334
FloatAttribute:0.12333333333333334
