HttpEngine:0.6833333333333333
HttpURLConnectionImpl:0.31333333333333335
Call:0.21666666666666667
