RBucket:0.606388888888889
RedissonBucket:0.3566666666666667
RedissonBucketTest:0.22666666666666666
RBucketAsync:0.14583333333333334
RedisCommands:0.09
