Resolver:0.6295
ConcatFunctionTest:0.4502777777777777
ScalarFunctionModule:0.3233333333333333
