C3DTreeTableRowSkin:0.2836666666666666
TreeTableDemo:0.24666666666666667
C3DTreeTableRow:0.18333333333333332
