Peer:0.44333333333333336
Wallet:0.33
GetHeadersMessage:0.28
GetBlocksMessage:0.24666666666666667
PeerGroup:0.23
WalletTest:0.13333333333333333
