AuthenticatingHttpConnector:0.6066666666666667
DefaultHttpConnector:0.3933333333333333
AuthenticatingHttpConnectorTest:0.21333333333333335
