Generate:0.72
Generator:0.6266666666666667
JavaGenerator:0.47333333333333333
GenerationTool:0.20111111111111113
XMLGenerator:0.18333333333333332
AbstractGenerator:0.13333333333333333
