NativeStateMachine:0.47
StateMachine:0.4633333333333333
SCEvent:0.4533333333333333
SimStateMachine:0.29
PendingEventQueue:0.23666666666666666
JPF_gov_nasa_jpf_sc_StateMachine:0.16666666666666666
SentSCEvent:0.14
NativeSentSCEvent:0.013333333333333334
