EntryActionTest:0.3466666666666667
PersonFactoryTest:0.31333333333333335
EntryAction:0.27666666666666667
AbstractTest:0.18666666666666668
CountryTest:0.10666666666666667
