ShadowApplication:0.8666666666666667
ShadowContextWrapper:0.3566666666666667
ApplicationTest:0.13333333333333333
