JFXLayerRenderer:0.3433333333333333
EditorPanel:0.3333333333333333
JFXPainterUtils:0.3233333333333333
ARINCClientWidgetFactory:0.29066666666666674
JFXFactory:0.2866666666666667
AbstractEditorPanel:0.2866666666666667
BasicClientEngine:0.2833333333333333
ARINC661App:0.27666666666666667
JFXLoggerFactory:0.276
SwingLoggerFactory:0.276
AbstractEditorEngine:0.2733333333333333
EditorEngine:0.2633333333333333
UACockpitConfigurationHandler:0.26
GUIClientEngine:0.241
AbstractServerEngine:0.23666666666666666
JFXLayerPainter:0.20944444444444443
ServerCockpitConfigurationHandler:0.14333333333333334
FocusManager:0.045
MediaLayerRenderer:0.045
JFXMediaLayerRenderer:0.02777777777777778
MediaLayer:0.018888888888888886
