Builder:0.7388888888888888
TypeProxy:0.31333333333333335
AbstractDynamicTypeBuilderTest:0.30666666666666664
AgentBuilderInitializationStrategySelfInjectionDispatcherTest:0.30333333333333334
