TransportSQLActionTest:0.59
ESQueryBuilderTest:0.2966666666666667
OrderBySymbolVisitor:0.2922222222222222
