Builder:0.38
ModificationIterator:0.38
ChronicleHashBuilder:0.3596666666666667
ChronicleMapBuilder:0.3566666666666667
CHMUseCasesTest:0.28
ChronicleSetBuilder:0.26138888888888884
ReplicatedChronicleMap:0.23666666666666666
