SelectAnalyzerTest:0.4666666666666667
MatchPredicate:0.35333333333333333
DataStatementAnalyzer:0.3466666666666667
ESQueryBuilderTest:0.24
