Native2AsciiHelper:0.7066666666666667
BotTaskListTag:0.32
BotTaskConfigurationFileDownLoader:0.10333333333333333
UpdateTaskHandlerConfiguration:0.0911111111111111
