SeriesBean:0.6366666666666667
StoreScpService:0.52
StorageBean:0.26666666666666666
