Suggest:0.5433333333333333
QuerySearchResult:0.4533333333333333
InternalSearchResponse:0.24166666666666667
RestSuggestAction:0.11333333333333333
