TypeFieldType:0.7633333333333333
TypeFieldMapper:0.5266666666666666
TypeFieldMapperTests:0.20666666666666667
TypeFieldTypeTests:0.09
