ApplicationEntityManager:0.6759444444444445
WebserviceBean:0.37
WebserviceBeanImpl:0.34
ApplicationEntityManagerImpl:0.31333333333333335
Util:0.23
ProcessInstanceView:0.1811111111111111
ScriptQueryExecutorImpl:0.16666666666666666
