StringTools:0.5233333333333333
CATokenContainerImpl:0.5066666666666667
TestStringTools:0.3566666666666667
CATokenContainer:0.18416666666666667
CATokenInfo:0.12333333333333334
