EmitUtils:0.6016666666666667
Source:0.4
TestInterceptor:0.31333333333333335
