ExceptionUtil:0.54
InvocationFuture:0.2833333333333333
JobSupervisor:0.2833333333333333
ClientInvocationFuture:0.2733333333333333
