Utils:0.7033333333333334
BlockUtils:0.45666666666666667
RegionMaker:0.23666666666666666
ConstInlinerVisitor:0.18666666666666668
InternalJadxTest:0.14333333333333334
ProcessReturnInsns:0.12666666666666668
