ExecutionEventRecorder:0.5
MethodTestDescriptor:0.4266666666666667
DiscoverySelectorResolver:0.29
MethodInvoker:0.26666666666666666
