OrderPOS:0.4866666666666667
PosPanel:0.4666666666666667
PayDialog:0.31833333333333336
ProductThread:0.2633333333333333
