NetworkParameters:0.59
PeerAddress:0.5066666666666667
PeerGroup:0.36666666666666664
TCPNetworkConnection:0.2733333333333333
DnsDiscovery:0.23111111111111116
SeedPeers:0.23
VersionMessage:0.22333333333333333
WalletTool:0.20333333333333334
PrintPeers:0.11
FetchTransactions:0.07666666666666666
FetchBlock:0.07666666666666666
