WikiServlet:0.6233333333333333
DatabaseInit:0.59
AbstractSearchEngine:0.45666666666666667
AdminController:0.19
