Factory:0.48
Element:0.44
Manager:0.39666666666666667
MapPropertiesFactory:0.28
Status:0.17333333333333334
Severity:0.17333333333333334
VLink:0.16
Avail:0.1
LoadCurrentNodesServlet:0.1
OpenMapServlet:0.07666666666666666
SaveMapServlet:0.07333333333333333
