SimulateProcessorResult:0.6333333333333333
SimulateProcessorResultTests:0.3
SimulateExecutionServiceTests:0.2866666666666667
TrackingResultProcessor:0.20833333333333334
