MsgManager:0.8733333333333333
MsgHeader:0.5844444444444444
