VectorSizeException:0.7033333333333334
NeuralNetwork:0.37
TrainingSet:0.2866666666666667
SupervisedLearning:0.20333333333333334
KohonenLearning:0.18
ImageRecognitionSample:0.14
SupervisedHebbianLearning:0.12666666666666668
UnsupervisedLearning:0.12666666666666668
TrainingSetImport:0.12333333333333334
