QueryUtil:0.6033333333333334
WebCfgDelegate:0.3466666666666667
TrashListBean:0.27
StudyListBean:0.23333333333333334
ModalityWorklistBean:0.22333333333333333
StudyListPage:0.19666666666666666
ModalityWorklistPanel:0.19
TrashListPage:0.19
ModalityWorklistFilter:0.16
StudyListFilter:0.16
TrashListFilter:0.15333333333333332
WebCfgService:0.12666666666666668
