WfTask:0.6566666666666666
BotTaskConfigurationUtils:0.36333333333333334
AddObjectToListActionHandler:0.26
