Column:0.4666666666666667
Tokenizer:0.35333333333333333
Table:0.3433333333333333
Session:0.24666666666666667
BinaryServerRowInput:0.22333333333333333
BinaryDatabaseRowInput:0.22
Library:0.22
Parser:0.21333333333333335
DatabaseRowInput:0.19666666666666666
jdbcPreparedStatement:0.19
Function:0.18
ScriptRunner:0.10333333333333333
