StatementGenerator:0.6433333333333333
StatementGeneratorTest:0.37888888888888883
PrimitiveArrayTest:0.2866666666666667
