FWElegantPanel:0.6766666666666666
SWDownloadTab:0.2833333333333333
SharedFilesChangeHandler:0.24666666666666667
PhexColors:0.19111111111111112
StatisticsTab:0.16333333333333333
UploadTab:0.16333333333333333
SecurityTab:0.16333333333333333
ResultMonitorTab:0.15666666666666668
NetworkTab:0.15666666666666668
SearchTab:0.14666666666666667
SearchMonitorTab:0.14333333333333334
FileSystemTableCellRenderer:0.13333333333333333
LibraryTab:0.13
