StyleFactory:0.5427777777777776
Symbolizer:0.40111507936507934
