CriteraPanel:0.43666666666666665
GroupedDateSelector:0.4033333333333333
DateSlider:0.29
TextSelectionServiceImpl:0.21
SubscribeForm:0.16333333333333333
TextTable:0.11
