DateHistogramIT:0.5633333333333334
DateRangeTests:0.22333333333333333
