IDataService:0.6566666666666666
DataService:0.5866666666666667
MockDataService:0.30333333333333334
PurgeServiceTest:0.15
OutgoingBatchServiceTest:0.13
DataExtractorServiceTest:0.13
