CDKChemObject:0.58
AbstractJChemPaintHandler:0.48333333333333334
RemoveHandler:0.2486111111111111
