GAMEAdapter:0.51
AnnotationChangeLog:0.4266666666666667
Gene:0.31333333333333335
