ArrayMerger:0.53
ResultMergerTest:0.26
ListMerger:0.20666666666666667
SetMerger:0.20666666666666667
ArrayFiller:0.19
MapMerger:0.06
