MultiLayerNetwork:0.44333333333333336
ComputationGraph:0.39666666666666667
ParallelExistingMiniBatchDataSetIterator:0.28
AsyncDataSetIterator:0.27666666666666667
AsyncMultiDataSetIterator:0.18666666666666668
