GwtServerHelper:0.4066666666666667
UserAccessConfig:0.39166666666666666
ConfigureUserAccessDlg:0.3233333333333333
LoginDlg:0.29
GwtLoginInfo:0.22633333333333336
