SamlUtils:0.5616666666666666
AbstractSamlObjectBuilder:0.55
GoogleAccountsServiceResponseBuilder:0.4926666666666667
