FilterBasedLdapUserSearch:0.6511111111111111
LdapUserSearch:0.2155582010582011
