Session:0.5566666666666666
AstVisitor:0.32
TestSqlParser:0.31666666666666665
AbstractTestQueries:0.3
AbstractTestQueryFramework:0.2633333333333333
Formatter:0.25333333333333335
StatementAnalyzer:0.24333333333333335
AstBuilder:0.24
LocalQueryRunner:0.23722222222222225
SqlQueryManager:0.16666666666666666
