ObjectImporter:0.7733333333333333
ptrEditor:0.3233333333333333
HtmlTableImporter:0.21333333333333335
RecordFormatter:0.12333333333333334
