TermsQueryBuilder:0.48
HasParentQueryBuilder:0.43333333333333335
AbstractQueryTestCase:0.35
QueryStringQueryBuilderTests:0.13
TermsQueryParser:0.12
NotQueryParser:0.07666666666666666
HasParentQueryBuilderTests:0.05
TermsQueryBuilderTests:0.04666666666666667
NotQueryBuilderTests:0.016666666666666666
