ShadowSystem:0.4533333333333333
LightFilter:0.3687222222222222
FrustumLightFilter:0.20333333333333334
AllLightFilter:0.034444444444444444
