ServiceBindingDAO:0.3466666666666667
ClassificationSchemeDAO:0.30666666666666664
RegistryObjectDAO:0.29
ClassificationNodeDAO:0.2866666666666667
IdentifiableDAO:0.27
SlotDAO:0.26
SQLPersistenceManagerImpl:0.25666666666666665
EmailAddressDAO:0.25
PostalAddressDAO:0.25
AbstractDAO:0.2302777777777778
TelephoneNumberDAO:0.21333333333333335
InternationalStringDAO:0.2
UsageParameterDAO:0.19666666666666666
