Binder:0.5766666666666667
ResourceDriver:0.514888888888889
AbstractBinderProcessor:0.3
BinderModuleImpl:0.23
ResourceDriverManager:0.20422222222222222
NullResourceDriverManager:0.20333333333333334
Constants:0.0
