DefaultTypeInferrer:0.6066666666666667
DataFlowTypeInferrerTest:0.48333333333333334
TypeInferrerTest:0.28
TypeInferrerTestCase:0.22666666666666666
