LocationService:0.5433333333333333
HiveLocationService:0.44666666666666666
HiveMetadata:0.4266666666666667
AbstractTestHiveClient:0.33
AbstractTestHiveClientS3:0.23
HiveWriteUtils:0.19333333333333333
TestHivePageSink:0.13666666666666666
