ApplicationActionBarAdvisor:0.49666666666666665
PickWorkspaceDialog:0.49666666666666665
Activator:0.38333333333333336
ActionSwitchWorkspace:0.3466666666666667
