Settlement:0.7233333333333334
MonitorWindow:0.35
Farming:0.3233333333333333
MainDesktopPane:0.2683333333333333
TableStyle:0.23472222222222225
MainSceneMenu:0.21666666666666667
ToolWindow:0.10777777777777779
