AppleAddressbookCrawlerTest:0.7722222222222223
DATA_GEN:0.25594227994228
