XLGraph:0.5733333333333334
Descriptor:0.33666666666666667
QueueImpl:0.32
GRSQueue:0.29333333333333333
PropertyQueue:0.29333333333333333
MakePersistentDescriptor:0.023333333333333334
PropertyQueueDescriptor:0.016666666666666666
