RequestContext:0.8766666666666667
AccessTokenValidationInterceptor:0.36333333333333334
