CMap:0.5266666666666666
Request:0.4633333333333333
PartitionManager:0.3566666666666667
CMapEntry:0.27
ConcurrentMapManager:0.23
ClusterLockTest:0.20666666666666667
MaxSizePerJVMPolicy:0.013333333333333334
MaxSizePartitionsWidePolicy:0.01
MaxSizeClusterWidePolicy:0.006666666666666667
ComparatorWrapper:0.0033333333333333335
MaxSizeHeapPolicy:0.0033333333333333335
MaxSizeHeapPercentagePolicy:0.0
