SqlStageExecution:0.5333333333333333
RemoteTask:0.41
HttpRemoteTask:0.30333333333333334
TaskOutput:0.28
StageExecutionNode:0.27059523809523806
SqlQueryExecution:0.23333333333333334
TestSqlStageExecution:0.12333333333333334
