MediaGridFragment:0.7066666666666667
MainActivity:0.6666666666666666
MediaGridAdapter:0.42333333333333334
MediaActivity:0.35333333333333333
