Lang:0.6466666666666666
NutMap:0.43666666666666665
Region:0.25333333333333335
NutMapTest:0.15333333333333332
FastUploading:0.11
