HazelcastCache:0.73
HazelcastCacheRegionFactory:0.2833333333333333
ReadOnlyAccessDelegate:0.27416666666666667
HazelcastCacheProvider:0.25666666666666665
