PasswordPolicyHelper:0.31666666666666665
GwtTeamingMessages:0.31666666666666665
GwtServerHelper:0.3
GwtMenuHelper:0.20777777777777778
PasswordExpirationRpcResponseData:0.20666666666666667
UserActionsPopup:0.18
GwtRpcServiceImpl:0.16
GetPasswordExpirationCmd:0.034166666666666665
