JSONLexer:0.8440873015873016
DefaultJSONParser:0.48333333333333334
ASMSerializerFactory:0.4266666666666667
