VersionUtils:0.6733333333333333
Builder:0.4766666666666667
NodeJoinControllerTests:0.33
VersionTests:0.265
MembershipAction:0.22699999999999998
ValidateJoinRequestRequestHandler:0.13666666666666666
MembershipActionTests:0.04777777777777777
