SaltSourceBeanDefinitionParser:0.64
AuthenticationProviderBeanDefinitionParserTests:0.5372222222222222
PasswordEncoderParser:0.18833333333333332
