RoverMission:0.6055555555555556
Trade:0.5133333333333333
