TriangleEndDoubleRenderer:0.4325
TriangleSegmentRenderer:0.36666666666666664
TriangleSegmentDoubleRenderer:0.33416666666666667
