TestDoubleSpecial1:0.37666666666666665
TestFloatSpecial1:0.31333333333333335
TestBooleanSpecial1:0.18333333333333332
TestIntSpecial1:0.18333333333333332
BytecodeUtils:0.13
