DelayedClientTransportTest:0.6227777777777778
CallOptionsTest:0.5877777777777778
