ValidationUtility:0.47333333333333333
ValidationUtilityTest:0.36666666666666664
DefaultManagement:0.34
SimpleDOWriter:0.2966666666666667
