Mirror:0.4766666666666667
Strings:0.33
By:0.19333333333333333
DefaultStatementAdapter:0.17333333333333334
Pet:0.17333333333333334
Pojos:0.11333333333333333
CustomizedSqlsTest:0.11333333333333333
