QuorumXMLParser:0.7533333333333333
AudioActionMap:0.2733333333333333
