TimeZoneRoundingTests:0.37
Builder:0.31333333333333335
PrePostRounding:0.30333333333333334
Streams:0.19666666666666666
HistogramTests:0.18666666666666668
DateHistogramFacetParser:0.17333333333333334
FactorRounding:0.15333333333333332
DateHistogramParser:0.14333333333333334
HistogramBuilder:0.07
ValueScriptDateHistogramFacetExecutor:0.07
ValueDateHistogramFacetExecutor:0.07
HistogramParser:0.06666666666666667
CountDateHistogramFacetExecutor:0.06
DateHistogramProc:0.01
