Input:0.63
LwjglInput:0.22666666666666666
AndroidInput:0.22666666666666666
IOSInput:0.20666666666666667
LwjglAWTInput:0.20666666666666667
RemoteInput:0.20666666666666667
GwtInput:0.20666666666666667
InputWrapper:0.20666666666666667
JglfwInput:0.20666666666666667
MockInput:0.2
