FieldDefinitionImpl:0.5488888888888889
DataDefinitionImpl:0.5233333333333333
MDDNode:0.22333333333333333
MDDAnalyzeWalker:0.2127777777777778
MDDFactory:0.20666666666666667
