FlowServiceLocatorAdapter:0.6022222222222222
BeanInvokingActionTests:0.4866666666666667
