BoundingBox:0.5633333333333334
HttpCache:0.5533333333333333
MapMerger:0.48
MapUtil:0.45666666666666667
DefaultMapServers:0.38333333333333336
MapService:0.35333333333333333
Constants:0.3433333333333333
Layer:0.3
WmsService:0.2966666666666667
HttpClient:0.22333333333333333
ConcurrentHTTPTransactionHandler:0.22
Get:0.21
ImageMerger:0.20666666666666667
ServiceException:0.2063968253968254
WmsGetCapClient:0.20333333333333334
ArcIMSService:0.18666666666666668
SetContext:0.18561111111111112
GetServices:0.18016666666666672
Util:0.18
MapServices:0.1461111111111111
ReCenter:0.14194444444444446
ZoomIn:0.14194444444444446
SetServices:0.14194444444444446
ZoomOut:0.14194444444444446
HttpGetCache:0.13666666666666666
WmsTime:0.13
AddServices:0.1288888888888889
ShowExtents:0.12722222222222224
ZoomToService:0.12722222222222224
WmsConfigForm:0.12388888888888888
SetExtents:0.12388888888888888
GetPrintImage:0.12388888888888888
GetFeatures:0.12166666666666665
Add:0.11083333333333331
GetGeonetRecords:0.10749999999999997
WmcManager:0.10055555555555556
Update:0.09638888888888889
ToggleVisibility:0.09638888888888889
Rebuild:0.09638888888888889
Action:0.09083333333333331
SetOrder:0.08861111111111111
Move:0.0875
Geonet:0.08700000000000001
Extents:0.08666666666666667
ListServers:0.08666666666666667
SetAoi:0.08416666666666667
FullExtent:0.07694444444444443
HttpGetFileCache:0.07666666666666666
ToggleImageSize:0.07472222222222222
Refresh:0.06694444444444445
DelService:0.06222222222222223
GetInspectorData:0.06222222222222223
WmsConfig:0.06222222222222223
TimeExtent:0.056666666666666664
SetTransparency:0.05388888888888888
TempFiles:0.05333333333333334
Identify:0.05305555555555555
GetLegend:0.03833333333333333
UnsetAoi:0.03805555555555555
Reset:0.03805555555555555
SetWmcContext:0.0375
Intermap:0.03666666666666667
GetOrder:0.029166666666666667
MainEmbedded:0.02666666666666667
ArcIMSClient:0.025
AxlRequestBuilder:0.023333333333333334
WmsLayerInfo:0.018055555555555557
Main:0.016666666666666666
ShowError:0.007777777777777778
