JChemPaintManager:0.5066666666666667
JChemPaintEditorWidget:0.5033333333333333
JChemPaintWidget:0.41
