ProtocolHelper:0.6266666666666667
BaseWriteOperation:0.2866666666666667
CommandResultCodecProvider:0.27
ChildCodecRegistry:0.25
CreateIndexOperation:0.13
