Starter:0.41
XmlDataSource:0.39666666666666667
XmlSave:0.3
TaskInfo:0.2966666666666667
