DisplayTool:0.6133333333333333
CORBAAdapter:0.2633333333333333
GFFAdapter:0.22
