InternalTestCluster:0.31666666666666665
ZenDiscoveryIT:0.28638888888888886
TestPlugin:0.27666666666666667
UnicastZen:0.24333333333333335
NoMasterNodeIT:0.19694444444444445
ClusterDiscoveryConfiguration:0.013333333333333334
