RegExprLabel:0.755
MatrixAutomaton:0.6266666666666667
Automaton:0.42380555555555555
