Subtractdays_date:0.013333333333333334
Adddays_date:0.013333333333333334
Adddays_timestamptz:0.013333333333333334
Subtractdays_timestamptz:0.013333333333333334
Adddays_timestamp:0.013333333333333334
Subtractdays_timestamp:0.013333333333333334
