DefaultPlatformManager:0.5233333333333333
ModuleClassLoader:0.49666666666666665
TestClient:0.30333333333333334
ModuleIncludeTest:0.2866666666666667
WeakHashSet:0.2
