MM2BasedParameterSetReader:0.4766666666666667
AtomPlacer3D:0.47361111111111104
MMFF94BasedParameterSetReader:0.38666666666666666
