Record:0.8440873015873016
IOUtil:0.35
AbstractRecord:0.27666666666666667
