KeyValueProcessor:0.55
KeyValueProcessorTests:0.3466666666666667
KeyValueProcessorFactoryTests:0.26
Factory:0.21444444444444447
