CrawlController:0.6166666666666667
ARCWriterFactory:0.45949999999999996
ARCWriterPool:0.34
