Lib:0.4166666666666667
ConfigLib:0.2966666666666667
Mapper:0.27051984126984113
MetadataLib:0.17444444444444443
Worker:0.15333333333333332
GuiLib:0.13333333333333333
Util:0.09
ServerLib:0.0521031746031746
MainFrame:0.04
GNSource:0.03
ServiceLib:0.006666666666666667
MainPanel:0.0033333333333333335
