DataManager:0.6
AccessManager:0.39
Download:0.32666666666666666
Result:0.25666666666666665
PrepareFileDownload:0.25
