TestDomainTranslator:0.5966666666666667
Visitor:0.37433333333333335
