Metadata:0.7566666666666667
XmlHelper:0.45666666666666667
OrmXmlParserTests:0.17666666666666667
BasicHbmBindingTests:0.15
OrmXmlParser:0.14333333333333334
