Robot:0.6633333333333333
RobotTest:0.37333333333333335
RobotAppletTest:0.31333333333333335
WindowTracker:0.20666666666666667
RobotAWTModeTest:0.18444444444444444
TesterTestSuite:0.13333333333333333
ContextTracker:0.02666666666666667
