HTMLElement:0.5566666666666666
Node:0.47333333333333333
HtmlPasswordInput:0.31333333333333335
