MapService:0.6633333333333333
AbstractMapServiceContextSupport:0.38666666666666666
ServiceManager:0.27
MapServiceContext:0.2539166666666667
EvictionMaxSizePolicyTest:0.23666666666666666
MapEventPublishingService:0.23666666666666666
DefaultMapServiceContext:0.19666666666666666
DefaultNodeExtension:0.18666666666666668
MapRemoteService:0.18666666666666668
MapServiceContextEventListenerSupport:0.11994444444444445
