Robot:0.6905555555555556
RobotTest:0.4633333333333333
