MethodDefinition:0.7275
ClassDefinition:0.51
AccumulatorCompiler:0.2866666666666667
PageProcessorCompiler:0.2833333333333333
