OsgiBundleApplicationContextEventMulticaster:0.29833333333333334
AbstractDelegatedExecutionApplicationContext:0.29333333333333333
ExtenderConfiguration:0.27
DependencyWaiterApplicationContextExecutor:0.24
ContextLoaderListener:0.23333333333333334
OsgiBundleApplicationContextEvent:0.22333333333333333
ApplicationListenerAdapter:0.20333333333333334
DelegatedExecutionOsgiBundleApplicationContext:0.19031746031746033
OsgiBundleApplicationContextEventMulticasterAdapter:0.15666666666666668
OsgiBundleContextFailedEvent:0.12666666666666668
ListListenerAdapter:0.01
