MapOperationProvider:0.7067222222222221
RemoveOperation:0.6266666666666667
MapProxySupport:0.25666666666666665
MapRemoveMessageTask:0.20666666666666667
MapOperationProviderDelegator:0.20333333333333334
DefaultMapOperationProvider:0.20333333333333334
WANAwareOperationProvider:0.2
MapRemoveRequest:0.19
