MoleculeTableViewer:0.45666666666666667
JCPCellPainter:0.4
MoleculesEditor:0.3933333333333333
