HazelcastStoreConfiguration:0.31
AdminServerWebConfigurationTest:0.30666666666666664
AdminApplicationHazelcastTest:0.25666666666666665
SpringBootAdminApplication:0.08349999999999999
TestHazelcastConfig:0.043111111111111114
TestAdminApplication:0.008888888888888889
