ResultParser:0.69
ParsedResultType:0.44963888888888887
UPCResultParser:0.3933333333333333
