AlleleBean:0.688888888888889
UpdateAllele:0.34555555555555556
AddAllele:0.31333333333333335
