MainWindow:0.47333333333333333
ForgotPasswordDialog:0.4533333333333333
Starter:0.26666666666666666
Installer:0.2633333333333333
LoginDialog:0.21666666666666667
CreateAccountDialog:0.1
