DriverConductor:0.5033333333333333
PublicationImage:0.4633333333333333
SubscriberPos:0.22666666666666666
ReceiverTest:0.11083333333333334
StreamPositionCounter:0.10666666666666667
PublicationImageConductorFields:0.0
