AstBuilder:0.4766666666666667
TestStatementBuilder:0.14333333333333334
PostProcessor:0.14333333333333334
CastFunctionTest:0.07666666666666666
