PackageNode:0.42333333333333334
MethodNode:0.42
FieldInfo:0.41333333333333333
FieldNode:0.3933333333333333
MethodInfo:0.3566666666666667
Deobfuscator:0.3466666666666667
JavaField:0.25333333333333335
InsnGen:0.23583333333333334
NameMapper:0.21666666666666667
ClassGen:0.21
MethodGen:0.21
RegionGen:0.19
JavaMethod:0.16333333333333333
DependencyCollector:0.16333333333333333
Jadx:0.15333333333333332
ProcessClass:0.13666666666666666
RenameVisitor:0.06333333333333334
