Visitor:0.5483333333333333
TestSqlStandardAccessControlChecks:0.47333333333333333
AbstractTestDistributedQueries:0.4533333333333333
