Installer:0.5666666666666667
Starter:0.5166666666666667
