BaseTest:0.525
TestSymbolIssues:0.36333333333333334
BasicSemanticChecks:0.29333333333333333
