HopParser:0.6466666666666666
DFA18:0.25
HopParserAPITest:0.24
and_return:0.05564814814814814
or_return:0.05564814814814814
