TabRecord:0.40166666666666667
XMLLayoutPanel:0.3233333333333333
LayoutBuilder:0.3
TabElement:0.19
ProgressBarProgressListener:0.14666666666666667
