SelectComputationPage:0.5266666666666666
SelectComputationWizard:0.4033333333333333
SelectComputationAction:0.32666666666666666
ComputationCollectionSorter:0.13666666666666666
