DBCursor:0.6566666666666666
Result:0.5033333333333333
