TxmUser:0.5033333333333333
OrderedPickList:0.28
TxmParaHTMLPane:0.26277777777777783
EditionPanel:0.24666666666666667
TextTable:0.24361111111111114
UIServiceImpl:0.23111111111111116
AuthenticationServiceImpl:0.22916666666666666
Profiles:0.22333333333333333
TextSelectionTab:0.21777777777777782
EditionServiceImpl:0.2105
