FakeMapView:0.49666666666666665
FakeCanvas:0.44333333333333336
PaintEvents:0.24377777777777776
FakePaint:0.21333333333333335
