ObjectKeys:0.47904761904761906
WebKeys:0.47904761904761906
WorkspaceTreeController:0.43666666666666665
ListFolderController:0.30666666666666664
