DrawablePhaseHighlightGeneSeqFeature:0.8766666666666667
DrawablePhaseHighlightGeneFeatureSet:0.11666666666666667
