ImageProvider:0.6533333333333333
ImageLibrary:0.59
GoodsType:0.49666666666666665
Canvas:0.37333333333333335
MarketLabel:0.2733333333333333
ProductionLabel:0.23666666666666666
GoodsLabel:0.22333333333333333
ColopediaPanel:0.22
UnitInfoPanel:0.21333333333333335
TilePanel:0.15666666666666668
FreeColProgressBar:0.15333333333333332
TileInfoPanel:0.14
MapEditorTransformPanel:0.09666666666666666
DragListener:0.09666666666666666
CargoLabel:0.07666666666666666
