MailUtil:0.5066666666666667
ImapCrawler:0.38666666666666666
MboxCrawler:0.30333333333333334
MailUtilTest:0.15
