Wallet:0.5766666666666667
BloomFilter:0.39666666666666667
BloomFilterTest:0.16333333333333333
