AbstractFlowBuilder:0.5133333333333333
XmlFlowBuilder:0.4
TextToViewSelector:0.39666666666666667
TextToViewSelectorTests:0.2866666666666667
ExternalRedirectSelector:0.2733333333333333
TextToTransitionTargetStateResolver:0.13666666666666666
TextToTransitionCriteria:0.13333333333333333
SimpleFlow:0.10666666666666667
TextToFlowExecutionListenerCriteria:0.056666666666666664
