View:0.8233333333333334
FilesFolderTest:0.30666666666666664
