Fields:0.3522222222222222
MoreLikeThisRequest:0.3466666666666667
CompletionFieldMapper:0.30666666666666664
DirectCandidateGenerator:0.2833333333333333
TermSuggestionBuilder:0.2833333333333333
Builder:0.24861111111111114
SuggestUtils:0.23
MoreLikeThisFieldQueryBuilder:0.22666666666666666
CompletionSuggestSearchTests:0.22333333333333333
MoreLikeThisRequestBuilder:0.20666666666666667
MoreLikeThisQueryParser:0.1877777777777778
MoreLikeThisQueryBuilder:0.18333333333333332
ParseField:0.17
TransportMoreLikeThisAction:0.16333333333333333
TypeParser:0.09666666666666666
RestMoreLikeThisAction:0.08
CompletionFieldMapperTests:0.03916666666666667
