ReplacementStrategy:0.4705555555555556
ExtentHelper:0.4033333333333333
LangUtils:0.37666666666666665
ExtentsStrategy:0.3466666666666667
List:0.31666666666666665
ContactsStrategy:0.31
Add:0.30666666666666664
ParamUtils:0.30666666666666664
Get:0.27
Utils:0.2569444444444444
KeywordsStrategy:0.25333333333333335
ReusableObjManager:0.23666666666666666
FormatsStrategy:0.21666666666666667
Format:0.20666666666666667
Search:0.20666666666666667
RegisterXsl:0.19333333333333333
Replace:0.17333333333333334
Reject:0.16666666666666666
Delete:0.165
Deleted:0.165
Validate:0.16111111111111112
Update:0.12833333333333333
ViewNonValidated:0.09666666666666666
Format2:0.09
Page:0.06666666666666667
