Context:0.36333333333333334
SearchEngine:0.23666666666666666
Ctags:0.2175
MercurialGet:0.215
RCSget:0.19416666666666665
AnalyzerGuru:0.19416666666666665
HistoryContext:0.18
JarAnalyzer:0.16333333333333333
Config:0.16
Search:0.12416666666666666
MercurialRepository:0.12
