LoginBackingBean:0.5433333333333333
LoginBackingBeanDataModel:0.43
StartupServletContextListener:0.31333333333333335
XingConnectorBackingBean:0.06666666666666667
