Flow:0.81
FlowExecutionListener:0.4666666666666667
FlowExecutionListenerSupport:0.4666666666666667
FlowExecution:0.34
StateTransition:0.32666666666666666
FlowExecutionAggregator:0.27051984126984113
StateTransitionTests:0.21666666666666667
SimpleFlowExecutionAggregatorTests:0.20005555555555554
BasicFlowTests:0.14333333333333334
FlowExecutionExceptionTests:0.12083333333333336
StateSupport:0.10666666666666667
State:0.10033333333333334
SplitStateTests:0.07444444444444444
FlowExecutionException:0.05333333333333334
SimpleFlow:0.03333333333333333
FlowExecutionTests:0.03333333333333333
SplitState:0.026111111111111113
PatternMatcher:0.01
MaxValueFlowExecutionAggregator:0.0
AbstractState:0.0
