GwtTeamingMessages:0.518888888888889
GuestbookFolderView:0.30333333333333334
GuestCell:0.27
GwtMenuHelper:0.25333333333333335
DescriptionHtmlCell:0.24333333333333335
GwtViewHelper:0.2111111111111111
ContentControl:0.20777777777777778
GuestInfo:0.2
EventInfo:0.08
VibeDataTableConstants:0.07527777777777778
