HashAggregationOperator:0.5666666666666667
Visitor:0.43666666666666665
HashAggregationOperatorFactory:0.4066666666666667
TestHashAggregationOperator:0.18666666666666668
DummySpillerFactory:0.0
FailingSpillerFactory:0.0
