TC_RubyParser:0.7030555555555555
RubyTokenizer:0.635
TC_RubyTokenizer:0.2633333333333333
