PostgresTest:0.779388888888889
PostgresDatabase:0.37333333333333335
