RegTokenPasswordExtractor:0.5252777777777777
CrmfKeyUpdateHandler:0.3566666666666667
RevocationMessageHandler:0.22333333333333333
GeneralCmpMessage:0.10666666666666667
