Bootstrap:0.5633333333333334
DummySubCommand:0.42
Elasticsearch:0.31666666666666665
MultiCommandTests:0.27
DummyMultiCommand:0.05564814814814814
