RedBlackNode:0.49
RedBlackTree:0.30333333333333334
PatriciaTrie:0.27666666666666667
RedBlackTreePrinter:0.18599999999999997
RadixTrie:0.18333333333333332
RadixTreePrinter:0.1811111111111111
