Utils:0.6216666666666667
MaterialViewPagerAnimator:0.4033333333333333
RecyclerViewFragment:0.3233333333333333
