Iterator:0.71
Algebra:0.5816666666666667
RandomListIterator:0.5616666666666666
Array:0.38666666666666666
RowIterator:0.33
ColumnIterator:0.32666666666666666
Matrix:0.31
AbstractColumnIterator:0.26666666666666666
AbstractInterpolation:0.2633333333333333
AbstractRowIterator:0.26
TimeGrid:0.21666666666666667
ConstRowIterator:0.18
QRDecomposition:0.18
ArrayTest:0.17666666666666667
CubicSplineInterpolationImpl:0.13333333333333333
BackwardFlarInterpolationImpl:0.13
ForwardFlatInterpolationImpl:0.13
LinearInterpolationImpl:0.13
LogLinearInterpolationImpl:0.13
AbstractIterator:0.12666666666666668
MatrixTest:0.12166666666666667
ConstColumnIterator:0.11333333333333333
ConstIterator:0.013333333333333334
Abs:0.0025
Sqrt:0.0025
