TypedResource:0.7266666666666667
PackageResourceTable:0.29333333333333333
RawResourceLoader:0.12666666666666668
PluralResourceLoader:0.11666666666666667
ResourceParser:0.10666666666666667
DrawableResourceLoader:0.1
OpaqueFileLoader:0.08
ValueResourceLoader:0.08
AttrResourceLoader:0.056666666666666664
ColorResourceLoader:0.056666666666666664
XmlBlockLoader:0.056666666666666664
StyleResourceLoader:0.056666666666666664
