FileSystemMgtBean:0.38666666666666666
SeriesStored:0.36333333333333334
EnhancedMFBuilder:0.2633333333333333
FileSystemMgtService:0.21333333333333335
StoreScpService:0.20666666666666667
UpgradeToEnhancedMFService:0.06666666666666667
UpgradeToEnhancedMFException:0.02
UpgradeToEnhancedMF:0.012
UpgradeToEnhancedMFQueue:0.0
upgradeToEnhancedMF:0.0
