TempFiles:0.55
GlobalTempFiles:0.3933333333333333
HttpGetFileCache:0.34
Intermap:0.31333333333333335
