ReplayCharSequence:0.63
HttpMethodBase:0.3566666666666667
ReplayInputStream:0.3433333333333333
ARCWriter:0.30666666666666664
HttpRecorder:0.24666666666666667
CrawlServer:0.24111111111111114
RecordingOutputStream:0.19666666666666666
MultiThreadedHttpConnectionManager:0.14
RecordingInputStream:0.12666666666666668
FetcherHTTPSimple:0.11333333333333333
