HostParentOfITest:0.6966666666666667
Reflect:0.6586666666666667
HostParentOfSTest:0.43666666666666665
SyncManager:0.40944444444444444
RTCCertificate:0.40944444444444444
