JChemPaintPanel:0.585
RotateModule:0.3088888888888889
ChangeBondAction:0.29333333333333333
