DefaultAtmosphereObjectFactory:0.43055555555555564
IOUtils:0.35333333333333333
AtmosphereFrameworkInitializer:0.30333333333333334
