ValidationAuthorityTst:0.4633333333333333
CreateCRLSessionTest:0.35333333333333333
WebdistHttpTest:0.31
