GwtClientHelper:0.5933333333333334
TinyMCE:0.31666666666666665
DropWidget:0.3
GwtMainPage:0.27
WorkspaceTreeControl:0.26
ActivityStreamCtrl:0.24666666666666667
GwtQuickViewDlg:0.24666666666666667
MastHead:0.22666666666666666
ActivityStreamUIEntry:0.22
LandingPageEditor:0.21666666666666667
BrandingPanel:0.21666666666666667
LoginDlg:0.21333333333333335
AdminControl:0.18
TinyMCEDlg:0.17666666666666667
SearchOptionsComposite:0.16333333333333333
BrandingContentPanel:0.15666666666666668
AdminActionsTreeControl:0.13666666666666666
