X:0.44333333333333336
FPGenerator:0.39
AList:0.34
MutableAList:0.22333333333333333
