HttpClient:0.63
NingHttpClient:0.4066666666666667
AhcHttpClient:0.4066666666666667
ApacheHttpClient:0.25666666666666665
AbstractClientTest:0.21333333333333335
OkHttpHttpClient:0.18777777777777777
JDKHttpClient:0.18611111111111112
OAuthAsyncCompletionHandler:0.125
ApacheHttpClientConfig:0.09666666666666666
ApacheProvider:0.09333333333333334
JDKHttpClientTest:0.08333333333333333
NingHttpClientTest:0.08333333333333333
AhcHttpClientTest:0.08333333333333333
OkHttpHttpClientTest:0.08333333333333333
TestCallback:0.023333333333333334
