Candidate:0.5266666666666666
SuggestSearchTests:0.4266666666666667
Correction:0.32
NoisyChannelSpellCheckerTests:0.2277777777777778
CandidateSet:0.12
