HTMLOptionElement2Test:0.6688888888888889
HTMLOptionElement:0.34555555555555556
HTMLOptionElementTest:0.17555555555555555
