EhCacheTicketRegistry:0.3566666666666667
HazelcastTicketRegistry:0.3433333333333333
EhCacheTicketRegistryTests:0.3016666666666667
MemCacheTicketRegistry:0.22666666666666666
