Compound:0.27466666666666667
Entry:0.265
ForFieldToken:0.18033333333333335
ForMethodToken:0.18033333333333335
InstrumentableMatcher:0.17944444444444446
InliningImplementationMatcher:0.17666666666666667
LatentMatcherForFieldTokenTest:0.16333333333333333
LatentMatcherForMethodTokenTest:0.15666666666666668
LatentMatcherCompoundTest:0.14333333333333334
