FileInfo:0.45
FileBean:0.39
RetrieveCmd:0.36333333333333334
FileDTO:0.33666666666666667
FileSystemMgtBean:0.33
