GlobalConfiguration:0.5833333333333334
EndEntityProfile:0.4633333333333333
CertificateProfile:0.35333333333333333
HardTokenInterfaceBean:0.32666666666666666
AdminEntity:0.2608333333333333
CertReqServlet:0.24
RAInterfaceBean:0.23333333333333334
LocalAuthorizationSessionBean:0.22333333333333333
LogConfiguration:0.20944444444444443
LocalRaAdminSessionBean:0.20333333333333334
LocalHardTokenSessionBean:0.20333333333333334
EjbcaWebBean:0.20333333333333334
NotificationCreator:0.15333333333333332
LocalLogSessionBean:0.15
TomcatServiceXMLPasswordReplace:0.11333333333333333
