EventService:0.4
ClusterService:0.38333333333333336
PartitionInfo:0.38
NodeServiceImpl:0.2866666666666667
SpinReadWriteLock:0.27
PartitionContainer:0.26
BaseRemoveOperation:0.25333333333333335
RegistrationOperation:0.22944444444444448
RemoveOperation:0.12
SimpleQueueTest:0.11
EventPublishingService:0.0
