ILpointf:0.6586666666666667
ILinfo:0.6586666666666667
ILpointi:0.6586666666666667
ILU:0.5983333333333334
BasicTest:0.31666666666666665
