AuditReaderImpl:0.6616666666666666
RevisionDoesNotExistException:0.5433333333333333
AuditReaderFactory:0.34
AuditQueryCreator:0.3011111111111111
