GEFFigureTester:0.4841666666666667
Visitor:0.4352380952380952
GEFCanvasPlacer:0.32666666666666666
GEFFinderImpl:0.21333333333333335
GEFHierarchyImpl:0.18
GEFHierarchy:0.09166666666666666
