IMap:0.5072222222222222
MultiMap:0.48
ClientCallFuture:0.33666666666666667
ClientMapProxy:0.32666666666666666
ClientMapReduceRequest:0.2633333333333333
ClientMultiMapProxy:0.2
ProxyManager:0.18666666666666668
MapProxyImpl:0.15666666666666668
ObjectMultiMapProxy:0.14333333333333334
ClientContext:0.1071031746031746
FactoryIdHelper:0.0
