Settlement:0.5866666666666667
SimulationConfig:0.31666666666666665
SettlementConfig:0.31
CropConfig:0.26
MealConfig:0.2533333333333333
