LocalTask:0.8066666666666666
ExecuteTaskAction:0.23666666666666666
