UserExt:0.8311111111111111
Mails:0.2633333333333333
UserMgmtService:0.24666666666666667
UserProcessor:0.23666666666666666
UserRegisterValidation:0.1991666666666667
SymphonyServletListener:0.17
LoginProcessor:0.15666666666666668
