DownloadFile:0.7266666666666667
DownloadManager:0.37666666666666665
DownloadTab:0.33
DownloadWorker:0.25666666666666665
JobsRunner:0.20444444444444446
SearchCandidateHandler:0.15111111111111108
QueryManager:0.08944444444444444
ResearchChangeListener:0.0
