HtmlPage:0.6333333333333333
HtmlOption:0.32666666666666666
BrowserVersionFeaturesTest:0.2866666666666667
HtmlOptionGroup:0.18333333333333332
