MultiValueModeTests:0.5933333333333334
NumericFieldDataScoreFunction:0.34833333333333333
GeoFieldDataScoreFunction:0.34833333333333333
