PersistenceService:0.6133333333333333
MplsSyncProvider:0.36744444444444446
ConfigureSyncGroupMiniApp:0.28
FunctionRunner:0.27666666666666667
ScriptQueryExecutorImpl:0.21666666666666667
