SdkPicker:0.6
SdkPickerTest:0.38333333333333336
ConfigTest:0.36333333333333334
