BusinessEntityManager:0.35666666666666663
WebserviceBean:0.3466666666666667
WebserviceBeanImpl:0.3333333333333333
AbstractElement:0.32666666666666666
ElementGrid:0.26666666666666666
BusinessEntityManagerImpl:0.2633333333333333
MiniAppRackView:0.2351111111111111
ProcessInstanceView:0.22
WarehouseManagerComponent:0.16
ElementButton:0.12666666666666668
SpareInventoryObjectsDashboardWidget:0.10333333333333333
ElementColumn:0.09821428571428571
WarehouseManagerDashboard:0.085
WarehouseManagerModule:0.05
ProcessInstancesView:0.04666666666666667
