GraphViewI:0.49599999999999983
GraphData:0.44166666666666665
NodeViewI:0.4144722222222222
NBrowseApplet:0.38333333333333336
JnetManager:0.27666666666666667
NodeAttrQueryView:0.24333333333333335
AbstractView:0.12333333333333334
