GoodsManager:0.8033333333333333
ConstructionValues:0.37555555555555553
