Verticle:0.7066666666666667
Context:0.5666666666666667
ContextImpl:0.3233333333333333
AbstractVerticle:0.32
VertxImpl:0.32
TestVerticle:0.31333333333333335
Starter:0.3
VertxInternal:0.29333333333333333
DeploymentTest:0.2833333333333333
StarterTest:0.15666666666666668
MyVerticle:0.11666666666666667
WorkerContext:0.11666666666666667
EventLoopContext:0.07777777777777778
MultiThreadedWorkerContext:0.02666666666666667
