ServiceMonitor:0.6333333333333333
PollableService:0.38666666666666666
PollerConfigFactory:0.21
IPv4LatencyMonitor:0.1
DominoIIOPMonitor:0.07666666666666666
SnmpMonitor:0.07333333333333333
CitrixMonitor:0.07
LdapMonitor:0.07
DhcpMonitor:0.07
ImapMonitor:0.07
FtpMonitor:0.07
Pop3Monitor:0.07
SmtpMonitor:0.07
HttpsMonitor:0.06666666666666667
HttpMonitor:0.06666666666666667
IcmpMonitor:0.06
TcpMonitor:0.05
DnsMonitor:0.05
SmbMonitor:0.03
