Aggregation:0.54
SymbolVisitor:0.43666666666666665
AggregationTest:0.18666666666666668
LocalAggregationTask:0.16333333333333333
PlanNode:0.10333333333333333
TransportExecutorTest:0.056666666666666664
CountAggregationTest:0.04
GroupingCollectorTest:0.023333333333333334
JobExecutorTest:0.023333333333333334
Planner:0.0033333333333333335
