ARINCModelFactory:0.31666666666666665
AppliConfiguration:0.31666666666666665
PopUpMenuButtonRenderer:0.26
PopUpPanelButtonRenderer:0.25
AbstractUnsizedContainer:0.23666666666666666
WidgetListener:0.22
DefaultConnectorRenderer:0.22
BlinkingContainerRenderer:0.22
MenuBarRenderer:0.22
MaskContainerRenderer:0.22
WatchDogRenderer:0.22
NoServiceMonitorRenderer:0.18
MapVertSourceRenderer:0.16333333333333333
BasicContainerRenderer:0.16333333333333333
TranslationContainerRenderer:0.16333333333333333
MutuExclRenderer:0.16333333333333333
MapHorzSourceRenderer:0.16333333333333333
