TooltipBehaviour:0.3566666666666667
EditAETPanel:0.3466666666666667
MainPage:0.2866666666666667
FileSystemPage:0.21333333333333335
InternalErrorPage:0.19666666666666666
