ActivityController:0.44666666666666666
ServiceController:0.3
FragmentController:0.2866666666666667
ComponentController:0.2733333333333333
ShadowActivityTest:0.27
Robolectric:0.22333333333333333
ActivityControllerTest:0.21666666666666667
SupportFragmentController:0.21
ServiceControllerTest:0.19333333333333333
ShadowThemeTest:0.16333333333333333
