Repository:0.4633333333333333
SubversionRepository:0.27666666666666667
MercurialRepository:0.23333333333333334
BazaarRepository:0.23333333333333334
SCCSRepository:0.23333333333333334
CVSRepository:0.23333333333333334
PerforceRepository:0.23333333333333334
MonotoneRepository:0.23333333333333334
GitRepository:0.15333333333333332
ClearCaseRepository:0.15333333333333332
