AvailableSettings:0.426626984126984
SchemaManagementToolCoordinator:0.4066666666666667
SchemaGenerationTest:0.29333333333333333
