NestedMessageContent:0.7233333333333334
NestedMessageContentTest:0.38666666666666666
CmpMessageDispatcherSessionBean:0.20095238095238094
