Configuration:0.5788888888888889
FastResultSetHandler:0.37333333333333335
EnhancedDeserializationProxyImpl:0.2733333333333333
EnhancedResultObjectProxyImpl:0.2733333333333333
