ImageInfo:0.65
ImageHandler:0.2733333333333333
SeriesHandler:0.2633333333333333
DcmAttributeRetrieve:0.19
LightBoxHandler:0.1061111111111111
