IBioResource:0.8233333333333334
BioResource:0.6666666666666666
FileResource:0.25777777777777783
NewMoleculeFromSMILESWizardPage:0.22666666666666666
BioResourceView:0.22333333333333333
NewMoleculeFromSMILESWizard:0.2
FolderResource:0.17666666666666667
CMLResource:0.15333333333333332
NewMoleculeWizard:0.14333333333333334
CDKUtils:0.12
