LSTMHelpers:0.42333333333333334
MultiLayerConfiguration:0.3169444444444444
LSTM:0.2511111111111111
GravesLSTM:0.2
CustomLayer:0.19277777777777777
GravesBidirectionalLSTM:0.15
StaticInnerGraphVertex:0.13666666666666666
TestGraphVertex:0.13
