ShadowApplication:0.64
ShadowContext:0.30416666666666664
ShadowBitmapFactory:0.27666666666666667
ShadowMapView:0.2375
ShadowContextWrapper:0.21666666666666667
ShadowPreferenceActivity:0.21333333333333335
CoreShadowsAdapter:0.20333333333333334
RobolectricTestRunnerSelfTest:0.2
DefaultRobolectricPackageManagerTest:0.19666666666666666
ShadowView:0.19333333333333333
ResourceLoaderTest:0.15666666666666668
TestPreferenceActivity:0.0
