Medea:0.6533333333333333
Fragmenter:0.34
SpectrumWizardPage:0.23222222222222225
AdministratorFilesWriter:0.18833333333333332
AdministratorFilesReader:0.17333333333333334
