MailNotifier:0.4866666666666667
AdminServerWebConfigurationTest:0.44
MailNotifierTest:0.2
AdminServerImportSelector:0.17666666666666667
