CanThrow:0.62
IsOverridable:0.5566666666666666
ElementMatchers:0.5233333333333333
Setters:0.4880555555555555
ElementMatchersTest:0.46
VisibilityBridgeBase:0.27051984126984113
BridgeBase:0.27051984126984113
AbstractMethodDescription:0.24666666666666667
InstrumentationContextDefaultTest:0.24333333333333335
FieldCacheAppender:0.22883333333333336
ForLoadedType:0.16
NoOpStatement:0.13833333333333334
InstrumentationContextExtractableViewInjectedCodeNoneTest:0.11333333333333333
Getters:0.06444444444444446
IsBridge:0.045
DeclaresFieldOrMethod:0.045
JavaVersionRule:0.02666666666666667
ObjectMethods:0.016666666666666666
IsSpecialization:0.006666666666666667
OtherInherited:0.0033333333333333335
IsVisibilityBridge:0.0033333333333333335
Other:0.0033333333333333335
