DefaultIndexChangedListener:0.7659920634920635
SCCSgetTest:0.39666666666666667
Indexer:0.3516666666666667
