RemoveFileFromLibraryAction:0.4166666666666667
MovieTest:0.38666666666666666
ChooseFileAction:0.24666666666666667
ChooseFilesForLibraryAction:0.06666666666666667
UploadFileIntoLibraryAction:0.06
