HerTestClass:0.6586666666666667
UniqueId:0.64
AbstractTestDescriptor:0.2866666666666667
JUnit5TestEngineTests:0.2633333333333333
SpecificationResolverTest:0.20666666666666667
