TypeVariableName:0.38666666666666666
TypeName:0.3616666666666667
CodeWriter:0.29
Builder:0.22
JavaFile:0.20666666666666667
WildcardTypeName:0.16333333333333333
JavaFileTest:0.13333333333333333
ParameterizedTypeName:0.12666666666666668
