FractalRunner:0.3933333333333333
Matrix:0.34
WebCrawlerRunner:0.25666666666666665
MatrixRunner:0.17
MatrixTask:0.12333333333333334
NonBlockingMatrixRunner:0.1
ExtMatrixTask:0.03666666666666667
