EngineMap:0.6714444444444445
ClientWiredStatelessChronicleMap:0.5177777777777778
