BasicProofErrors:0.9604444444444444
ProofCheckerImpl:0.4266666666666667
