GeometryTools:0.5666666666666667
Renderer2D:0.49333333333333335
AtomPlacer:0.3466666666666667
AbstractRenderer2D:0.2633333333333333
GeometryToolsTest:0.25333333333333335
AbstractController2D:0.24666666666666667
JCPPropertyHandler:0.24
MoleculeViewer2DPanel:0.19
MoleculeViewer2D:0.17833333333333334
ArrowRenderer2D:0.16333333333333333
HydrogenPlacer:0.15666666666666668
Controller2D:0.14833333333333334
SimpleRenderer2D:0.12666666666666668
Renderer2DTest:0.08333333333333333
ArrowRenderer2DTest:0.07666666666666666
