UrlFetchClient:0.4866666666666667
TestingUtils:0.3466666666666667
UrlFetchClientTest:0.2866666666666667
MimeHelper:0.21333333333333335
