GCLBuilder:0.6333333333333333
GCLParser:0.6172222222222222
DFA9:0.26416666666666666
