Frontier:0.46
DiskQueue:0.31733333333333336
MemQueue:0.27888888888888885
DiskBackedQueue:0.25066666666666665
CrawlJobHandler:0.25
KeyedQueue:0.24333333333333335
