LocalQueryRunner:0.5633333333333334
HashProjectionFunction:0.30333333333333334
AbstractOperatorBenchmark:0.3
