SpdyReader:0.4066666666666667
SpdyStream:0.30333333333333334
Handler:0.2678730158730158
Reader:0.18333333333333332
SpdyWriter:0.13333333333333333
SpdyConnectionTest:0.12333333333333334
InFrame:0.029444444444444447
