GeoUtils:0.5433333333333333
GeoDistanceRangeQueryBuilder:0.49333333333333335
GeoDistanceRangeQueryTests:0.26
