Cli:0.5063888888888889
CliTest:0.2633333333333333
Application:0.2454206349206349
