JobRegistryBackgroundJobRunner:0.6766666666666666
RemoteLauncherTests:0.2833333333333333
ClassPathXmlApplicationContextFactoryTests:0.22333333333333333
ApplicationContextJobFactory:0.10333333333333333
ApplicationContextFactory:0.08159523809523808
OsgiBundleXmlApplicationContextFactory:0.04666666666666667
JobFactoryRegistrationListener:0.02666666666666667
ClassPathXmlApplicationContextFactory:0.02
JobRegistryBackgroundJobRunnerTests:0.0033333333333333335
ApplicationContextJobFactoryTests:0.0
