FilterConvertImpl:0.6433333333333333
MapListEach:0.49
StructureConvert:0.27
MapListTest:0.21333333333333335
