QedeqBoFactory:0.5755555555555555
DefaultModuleProperties:0.4252777777777778
