RobolectricPackageManager:0.48
DefaultPackageManager:0.4
ShadowContext:0.36333333333333334
ParallelUniverse:0.3
ShadowContextTest:0.26666666666666666
ShadowEnvironmentTest:0.22333333333333333
RuntimeEnvironment:0.14
