ApplicationEntityManager:0.6072222222222223
ApplicationEntityManagerImpl:0.4766666666666667
WarehouseManagerModule:0.27666666666666667
ProcessInstanceView:0.25333333333333335
CypherParser:0.24333333333333335
FunctionRunner:0.21083333333333334
OutsidePlantView:0.18666666666666668
WarehouseManagerSearchQuery:0.15275132275132278
ObjectViewDashboardWidget:0.13
ObjectsAndClassesSuggestionProvider:0.05
WarehouseManagerSearchWidget:0.05
Constants:0.03333333333333333
