BrowserVersion:0.6666666666666666
WebDriverTestCase:0.32666666666666666
NavigatorTest:0.31666666666666665
BrowserVersionClassRunner:0.31666666666666665
NativeStringTest:0.29
BrowserRunner:0.14527777777777778
