AdminModule:0.93
AbstractAdminModule:0.36333333333333334
EmailHelper:0.2733333333333333
