DistributedObjectFuture:0.6116666666666667
ProxyServiceImpl:0.54
ProxyRegistry:0.45666666666666667
