Node:0.5258333333333334
MemberImpl:0.4033333333333333
ThreadMonitoringService:0.3
DefaultPortableReader:0.2866666666666667
OperationServiceImpl:0.2733333333333333
