PayPanel:0.5766666666666667
SalesMessageProcessor:0.5533333333333333
PaymentForm:0.205
AcceptSales:0.15333333333333332
