SyncFinding:0.6980555555555557
SyncAction:0.46888888888888897
PollResult:0.35
SyncUtil:0.23666666666666666
