AbstractWidgetRefHandler:0.6111111111111112
AbstractXMLDFHandler:0.33766666666666667
