DBCollection:0.48222222222222216
CommandFailureException:0.41
CommandResult:0.29333333333333333
DBTest:0.24666666666666667
CommandResultTest:0.23666666666666666
ProtocolHelper:0.21333333333333335
DB:0.2
CommandHelper:0.12333333333333334
