BuildSummary:0.5916666666666667
TooltipTest:0.43333333333333335
