BytecodeToQuad:0.42333333333333334
PConstOperand:0.38
AbstractState:0.3333333333333333
Move:0.32
Operator:0.3
BuildMethodSummary:0.2
Util:0.15444444444444444
