ConfigAccess:0.6866666666666666
ConfigAccessTest:0.22333333333333333
KernelSeTestSuite:0.21666666666666667
KernelSeConfigTestSuite:0.2
