KeywordFieldMapper:0.5366666666666666
TextFieldMapper:0.5366666666666666
StringMappingUpgradeTests:0.14666666666666667
