ActivationRecord:0.5366666666666666
CallStep:0.36
StepFactory:0.35
ReturnStep:0.235
ClassExecution:0.21
Linker:0.20333333333333334
