Constants:0.7016825396825397
CommunicationsStub:0.5966666666666667
