RrPolygonList:0.7666666666666667
TestMain:0.24555555555555553
