GeometryFactory:0.4633333333333333
SplineCurveForm:0.43
BSplineCurve:0.075
Tin:0.075
Polygon:0.03
Triangle:0.0011111111111111111
TriangulatedSurface:0.0011111111111111111
PolyhedralSurface:0.0011111111111111111
Bezier:0.0
