RunLengthEncodedBlockCursor:0.3233333333333333
AbstractTestUncompressedSliceCursor:0.30333333333333334
AbstractTestUncompressedLongBlockCursor:0.30333333333333334
UncompressedSliceCursor:0.30333333333333334
RangePositionBlockCursor:0.3
AbstractTestUncompressedSliceBlockCursor:0.3
RunLengthEncodedCursor:0.2966666666666667
MaskedBlockCursor:0.26666666666666666
DictionaryEncodedCursor:0.26666666666666666
DictionaryEncodedBlockCursor:0.25333333333333335
PositionsBlock:0.22
TestRunLengthEncodedCursor:0.18333333333333332
MaskedValueBlock:0.13333333333333333
BenchmarkHashAggregation:0.11333333333333333
DataScan1:0.09333333333333334
