Batch:0.8433333333333334
SqlDataWriter:0.4033333333333333
CsvDataWriter:0.31666666666666665
CsvConstants:0.3027420634920635
DataContext:0.24333333333333335
TableCopy:0.17666666666666667
TableCopyProperties:0.16333333333333333
AbstractDataFilter:0.02666666666666667
