Image:0.5866666666666667
Main:0.5
MainPreferences:0.23566666666666666
