PreferenceManager:0.7333333333333333
NewProjectDialog:0.32666666666666666
EntryListPane:0.31333333333333335
Main:0.12
