NeuralNetConfiguration:0.6016666666666667
MultiLayerConfiguration:0.36666666666666664
