BinderHelper:0.8216666666666667
ListFolderHelper:0.45166666666666666
ViewEntryController:0.24333333333333335
