MastermindGame:0.25
TestFlowArtifactFactory:0.24
MastermindGameTests:0.22666666666666666
SearchFlowExecutionTests:0.22333333333333333
SellItemFlowExecutionTests:0.21333333333333335
SampleFlowExecutionListener:0.17
BirthDateFormAction:0.13666666666666666
HigherLowerGame:0.13
AddItemAction:0.11333333333333333
SellItemFlowExecutionListener:0.09333333333333334
SellItemAction:0.09333333333333334
