Domain:0.5066666666666667
Question:0.4866666666666667
QuestionGroup:0.37666666666666665
GroupTest:0.22
SubmissionAction:0.20333333333333334
QuestionAction:0.16333333333333333
QuestionGroupFactory:0.05333333333333334
QuestionGroupAction:0.03333333333333333
