LinearLayout:0.74
DrawerActivity:0.33666666666666667
StatusBar:0.2633333333333333
