SharedBuffer:0.5666666666666667
TestSharedBuffer:0.27666666666666667
NamedQueue:0.26
GetPagesJob:0.24333333333333335
TaskResource:0.20666666666666667
