TavernaTestData:0.6866666666666666
CDKTavernaTests:0.48333333333333334
ResonancePositiveChargeTest:0.24722222222222223
WriteToCMLChemFileTest:0.23333333333333334
PetitjeanShapeIndexTest:0.2066666666666667
LengthOverBreadthTest:0.19000000000000003
InductiveAtomicHardnessTest:0.19000000000000003
DistanceToAtomTest:0.19000000000000003
InductiveAtomicSoftnessTest:0.19000000000000003
RuleOfFiveTest:0.19000000000000003
