ScopeInterceptor:0.3
SessionMap:0.2833333333333333
UIBean:0.27666666666666667
DoubleListUIBean:0.27666666666666667
Counter:0.22333333333333333
DebuggingInterceptor:0.22333333333333333
ApplicationMap:0.19666666666666666
RequestMap:0.19666666666666666
ListUIBean:0.19666666666666666
Date:0.19666666666666666
MethodConfigurationProvider:0.17666666666666667
ActionContextCleanUp:0.17
