ProcessOutputHandler:0.4866666666666667
ScriptEditor:0.4866666666666667
Launcher:0.3466666666666667
ScriptTable:0.3333333333333333
ForkedStepRunnerTest:0.21333333333333335
ForkedStepRunner:0.21166666666666667
Platform:0.13333333333333333
LauncherTest:0.05
InputStreamHandler:0.043333333333333335
EditorEmailAction:0.03
EditorUserGuideAction:0.03
EditorWebsiteAction:0.03
ProcessOutputHandlerTest:0.01
ProcessAbnormalExitException:0.0033333333333333335
EditorConstants:0.0
