Localize:0.7886111111111112
MirrorBorning:0.4519444444444445
