ReadOnlyEntityRegionAccessStrategy:0.53875
ReadWriteEntityRegionAccessStrategy:0.53875
ReadOnlyCollectionRegionAccessStrategy:0.41267857142857145
BaseRegionAccessStrategy:0.29333333333333333
NonstrictReadWriteEntityRegionAccessStrategy:0.2833333333333333
EntityRegionImpl:0.27
CollectionRegionImpl:0.24333333333333335
NonstrictReadWriteCollectionRegionAccessStrategy:0.19333333333333333
