ProcessDefinition:0.8
SubprocessDefinition:0.35
ExecutionLogic:0.26666666666666666
TransitionLog:0.24333333333333335
ExecutionContext:0.22694444444444448
ProcessLogDAO:0.14
