TestRun:0.75
ReportHelper:0.2733333333333333
DSConsensusCalculator:0.25666666666666665
BaseDSPropertyCalculator:0.23333333333333334
ConsensusTest:0.17666666666666667
