StaticNodeFactory:0.5333333333333333
HazelcastInstanceFactory:0.47
CountDownLatchTest:0.23333333333333334
