MapService:0.69
MultiMapService:0.43333333333333335
MultiMapTest:0.31666666666666665
MultiMapProxySupport:0.26
ClearRequest:0.18666666666666668
