JPF_MIRROR:0.53
ClassParsingAlg:0.43333333333333335
MangoInstructionFactory:0.3233333333333333
