CropImageView:0.5366666666666666
UCropActivity:0.44666666666666666
BitmapWorkerTask:0.25777777777777783
SampleActivity:0.18333333333333332
BitmapLoadUtils:0.12666666666666668
