PrecisionTests:0.39
RatedSearchHit:0.37
DiscountedCumulativeGainTests:0.34
ReciprocalRankTests:0.27666666666666667
RatedSearchHitTests:0.20666666666666667
