PostprocessingMachineTest:0.4766666666666667
PostprocessingMachine:0.36666666666666664
ImportsBuilder:0.3333333333333333
FiniteStateMachine:0.11333333333333333
