Action:0.36
IndexNameExpressionResolverTests:0.34
MultiTermVectorsRequest:0.26
TransportDeleteAction:0.18666666666666668
IndexNameExpressionResolver:0.18333333333333332
BaseAsyncAction:0.18
TransportIndexAction:0.16
Context:0.12666666666666668
ActionModule:0.12333333333333334
TransportUpdateAction:0.09666666666666666
AutoCreateIndex:0.07666666666666666
TransportBulkAction:0.07333333333333333
DateMathExpressionResolver:0.03
