Default:0.53
Substitutor:0.3933333333333333
RebaseDynamicTypeBuilder:0.2111111111111111
RedefinitionDynamicTypeBuilder:0.2111111111111111
RedefinitionClassVisitor:0.11333333333333333
