RecordParser:0.8133333333333334
LineViewer:0.2966666666666667
