LogBufferDescriptor:0.6933333333333334
Publication:0.43
Image:0.36333333333333334
DriverConductor:0.25666666666666665
LogBufferUnblocker:0.23666666666666666
PublicationImage:0.21666666666666667
ArchiveConductor:0.21333333333333335
NetworkPublication:0.21333333333333335
IpcPublication:0.2111111111111111
ClientConductorTest:0.2
ArchiveRecordingLoadTest:0.16333333333333333
ReceiverTest:0.14666666666666667
