AgentConnection:0.57
OGAgent:0.49333333333333335
SettingsPersistence:0.29333333333333333
AgentConnectionTest:0.17
