ScopesTest:0.6566666666666666
CycleDetectingLockTest:0.35
SingletonScope:0.2833333333333333
