RightHandSide:0.6333333333333333
RhsAction:0.5916666666666667
SinglePhaseTransducer:0.5633333333333334
