FileVisitor:0.36777777777777776
SelectionManager:0.33
MefLib:0.24416666666666667
Harvester:0.22666666666666666
Search:0.22333333333333333
GuiBuilder:0.22333333333333333
Result:0.21
Aligner:0.2
Importer:0.19333333333333333
LuceneSearcher:0.1861111111111111
MainUtil:0.15333333333333332
Session:0.14666666666666667
MassiveDelete:0.12666666666666668
SearchResult:0.12
MEFFileVisitor:0.11
Import:0.1
InputStreamBridge:0.058333333333333334
CatalogSearcher:0.04666666666666667
XMLFileVisitor:0.016666666666666666
Params:0.006666666666666667
