DecodeHintType:0.7466666666666667
AbstractUPCEANReader:0.26666666666666666
Detector:0.26666666666666666
CaptureActivity:0.26
ViewfinderView:0.22
FinderPatternFinder:0.20333333333333334
DecodeThread:0.17666666666666667
AlignmentPatternFinder:0.17333333333333334
AbstractOneDReader:0.13666666666666666
CaptureActivityHandler:0.13
MultiFormatUPCEANReader:0.09
UPCAReader:0.09
UPCEANReader:0.0425
MultiFinderPatternFinder:0.023333333333333334
