PartitionManager:0.59
ClusterImpl:0.46
ClusterLockTest:0.34
PartitionProxy:0.21333333333333335
PartitionServiceImpl:0.17
ProcessMigrationResult:0.13666666666666666
