SubclassDynamicTypeBuilderInstrumentableMatcherTest:0.24666666666666667
ByteBuddyTest:0.24666666666666667
TargetMethodAnnotationDrivenBinderTest:0.235
SubclassImplementationTargetTest:0.23333333333333334
SubclassImplementationTargetFactoryTest:0.22666666666666666
MethodRebaseResolverResolutionForRebasedMethodTest:0.20666666666666667
