User32:0.8433333333333334
GDI32:0.5633333333333334
NativeWindowUtils:0.49333333333333335
Kernel32Util:0.31666666666666665
W32WindowUtils:0.18333333333333332
User32Test:0.15
WindowUtilsTest:0.13666666666666666
WindowUtils:0.11
WinUser:0.08
WinNT:0.06
ICONINFO:0.05305555555555556
BITMAP:0.030873737373737373
GDI32Test:0.03
