AsynchronousProcessor:0.54
DefaultWebSocketProcessor:0.3433333333333333
NettyCometSupport:0.19
IdleResourceInterceptor:0.17666666666666667
OnDisconnectInterceptor:0.13
FrameworkConfig:0.06916666666666667
