UserServiceImpl:0.6833333333333333
UserServiceImplTest:0.21266666666666667
