DocFetcher:0.5333333333333333
ProgressPanel:0.27
SearchPanel:0.24666666666666667
IndexingTab:0.2235
ViewerMenuManager:0.17333333333333334
BrowserPanel:0.14333333333333334
InputDialog:0.10333333333333333
MSExcelParser:0.08
SortSelector:0.03666666666666667
FilesizeGroupNavigator:0.03
ParserGroupNavigator:0.02666666666666667
ResultPanelNavigator:0.023333333333333334
