UCM:0.45
Accurev:0.37333333333333335
AccurevCommandline:0.37333333333333335
XSLTLogPublisher:0.24666666666666667
DateTimespec:0.23333333333333334
