SearchSourceBuilder:0.6366666666666667
StreamOutput:0.3433333333333333
StreamInput:0.34
TopHitsAggregatorBuilder:0.2866666666666667
InnerHitBuilder:0.2866666666666667
