Collections:0.57
Queue:0.36666666666666664
Vector:0.2966666666666667
Node:0.27666666666666667
PriorityQueue:0.23666666666666666
AbstractBitSet:0.2
AbstractNode:0.17666666666666667
