XmlFileLoader:0.44666666666666666
XmlFileLoaderTest:0.36333333333333334
PackageResourceLoader:0.2811111111111111
XmlFileBuilder:0.22333333333333333
ResourcesTest:0.20333333333333334
