MProxyImpl:0.47
MProxy:0.4635119047619048
ListenerManager:0.44333333333333336
HazelcastTest:0.27
ListenerItem:0.22166666666666668
