ChronicleMapBuilderI:0.5176468253968255
ReplicationHubFindByName:0.3244444444444444
ModificationIterator:0.32111111111111107
ChronicleMapBuilder:0.32
Segment:0.2866666666666667
AbstractChronicleMapBuilder:0.2833333333333333
NodeDiscovery:0.24111111111111114
MapByNameTest:0.23666666666666666
ReplicatedChronicleMap:0.22333333333333333
ChannelProvider:0.12333333333333334
