FormAction:0.6966666666666667
FormObjectAccessor:0.5166666666666667
