ShardingUpsertExecutor:0.4633333333333333
BatchIteratorBackpressureExecutor:0.43333333333333335
ShardDMLExecutor:0.36333333333333334
