ObjectiveCSourceFileGenerator:0.42
ObjectiveCImplementationGenerator:0.4033333333333333
StatementGeneratorTest:0.3566666666666667
InitializationNormalizerTest:0.33
ObjectiveCImplementationGeneratorTest:0.27
ObjectiveCHeaderGenerator:0.24
ObjectiveCSourceFileGeneratorTest:0.22666666666666666
DeadCodeEliminatorTest:0.11333333333333333
