MirrorTest:0.65
LinkedArray:0.5266666666666666
DefaultTypeExtractor:0.21333333333333335
