JModel:0.49666666666666665
Simulator:0.44
GraphJModel:0.35333333333333333
AspectGraph:0.29
EditorMarqueeHandler:0.2644444444444444
EditStateAction:0.14333333333333334
