SystemSplit:0.45666666666666667
SystemPartition:0.41
SystemSplitManager:0.30666666666666664
TestInternalSplit:0.23
