GwtServerHelper:0.5733333333333334
GwtViewHelper:0.51
GetIsUserExternalCmd:0.4066666666666667
FolderEntrySharing:0.2866666666666667
GwtRpcServiceImpl:0.21666666666666667
