HazelcastClientInstanceImpl:0.5533333333333333
LifecycleServiceImpl:0.47333333333333333
HazelcastClientCacheManager:0.4159047619047619
AbstractHazelcastCacheManager:0.38333333333333336
HazelcastServerCacheManager:0.15666666666666668
