Publication:0.5866666666666667
Subscription:0.51
ExclusivePublication:0.2966666666666667
ClientConductor:0.25
ActiveSubscriptions:0.20333333333333334
ActivePublications:0.08
