DefaultJSONParser:0.4988888888888889
Bug_for_lenolix_9:0.37
ResolveTask:0.3233333333333333
