HeapAnalyzer:0.8666666666666667
HeapAnalyzerTest:0.22060317460317463
TestUtil:0.14666666666666667
