EhCacheTicketRegistryTests:0.2633333333333333
IgniteTicketRegistryTests:0.26
AbstractTicketRegistryTests:0.20666666666666667
MockOnlyOneTicketRegistry:0.19666666666666666
InfinispanTicketRegistryTests:0.16666666666666666
HazelcastTicketRegistryTests:0.16333333333333333
MemCacheTicketRegistryTests:0.07666666666666666
DistributedTicketRegistryTests:0.04
