ChangeLog:0.5631111111111111
FolderModule:0.5631111111111111
AbstractFolderModule:0.4633333333333333
WorkflowModule:0.42542857142857143
BaseFolderModule:0.32666666666666666
AbstractEntryProcessor:0.31333333333333335
ModifyEntryController:0.24666666666666667
EntryProcessor:0.2
NullWorkflowModuleImpl:0.2
