StepFactory:0.6311111111111111
AntlrTokenReader:0.43666666666666665
