MPPSModel:0.6
MWLConsoleCtrl:0.37666666666666665
MPPSConsoleCtrl:0.32666666666666666
