LockException:0.5466666666666666
UtilConcurrentConversationLock:0.3933333333333333
JdkConcurrentConversationLock:0.3933333333333333
