Image:0.37333333333333335
Main:0.3333333333333333
Coordinates:0.30333333333333334
AxisAlignedBoundingBox:0.2833333333333333
Voxel:0.22666666666666666
ImageSegmentation:0.19666666666666666
