TreeViewer:0.5166666666666667
RuleContext:0.3233333333333333
BaseAST:0.31666666666666665
VariableExtentProvide:0.31333333333333335
DefaultTreeTextProvider:0.2897619047619048
CommonAST:0.24666666666666667
TestT:0.1
