StatisticsTracker:0.6294444444444445
ARCWriterProcessor:0.36666666666666664
