HTMLScanner:0.702
HTMLConfiguration:0.3333333333333333
EvaluateInputSourceFilter:0.15666666666666668
HTMLScannerTest:0.11333333333333333
