RecordStore:0.8066666666666666
MapService:0.5633333333333334
HazelcastTestSupport:0.49333333333333335
DefaultRecordStore:0.35
MapStoreTest:0.33
TestMapStore:0.2825
PutBackupOperation:0.26666666666666666
Merger:0.25666666666666665
MapStoreWithStoreCount:0.24777777777777782
NoDuplicateMapStore:0.15
PartitionWideEntryBackupOperation:0.12444444444444443
SimpleMapLoader:0.10666666666666667
