ExecutorServiceManager:0.58
HttpClientBuilder:0.41333333333333333
ExecutorServiceBuilder:0.38333333333333336
ScheduledExecutorServiceBuilder:0.25666666666666665
