ServerSynchronizedDocument2:0.78
SimpleClientServerTest:0.4033333333333333
DOptPuzzleTest:0.25333333333333335
SimpleServerProxyTest:0.21666666666666667
SimulatedNetworkTest:0.12666666666666668
