StateTrackerDropWizardResource:0.7669444444444444
ApiResource:0.38333333333333336
