BasicComponent:0.39055555555555554
SarosPEViewComponent:0.35
TestBasicComponent2:0.2733333333333333
