AuthenticationPanel:0.8433333333333334
Installer:0.2633333333333333
