WriteLock:0.44
CompiledMapIterationContext:0.41333333333333333
CompiledReplicatedMapIterationContext:0.35333333333333333
ReadLock:0.31338888888888883
CompiledMapQueryContext:0.24666666666666667
CompiledReplicatedMapQueryContext:0.23666666666666666
TCPSocketReplicationBootStrapTest:0.15666666666666668
DeprecatedMapAcquireContextOnQuery:0.13333333333333333
