FeatureProperty:0.6933333333333334
AnnotatedFeature:0.5733333333333334
AnnotatedFeatureI:0.5633333333333334
TiersIO:0.3
DrawableUtil:0.27111111111111114
