Model:0.55
Parser:0.43666666666666665
DescendantsWithFams:0.24666666666666667
FoldUnfold:0.15333333333333332
NextFamily:0.13
