HandshakeBuilder:0.47
WebSocket:0.39666666666666667
HandshakedataImpl1:0.3566666666666667
Draft:0.33666666666666667
WebSocketListener:0.30333333333333334
WebSocketAdapter:0.25
Draft_10:0.24666666666666667
Draft_76:0.23666666666666666
WebSocketServer:0.23333333333333334
WebSocketClient:0.22666666666666666
Handshakedata:0.22
Draft_75:0.18666666666666668
AutobahnClientTest:0.15642857142857144
ChatClient:0.14
AutobahnServerTest:0.11666666666666667
ChatServer:0.11666666666666667
Draft_17:0.11666666666666667
