SVN:0.8255555555555555
SVNTest:0.38333333333333336
