Simulator:0.6266666666666667
ControlPanel:0.45666666666666667
SimulatorAction:0.24666666666666667
DeleteControlAction:0.043333333333333335
RenameControlAction:0.043333333333333335
EditControlAction:0.043333333333333335
ControlAction:0.03666666666666667
SaveControlAction:0.02
DisableControlAction:0.013333333333333334
EnableControlAction:0.013333333333333334
CopyControlAction:0.01
CancelControlEditAction:0.006666666666666667
NewControlAction:0.006666666666666667
