GraphicsListener:0.4431269841269841
ActionW:0.4266666666666667
ComboItemListener:0.35333333333333333
MeasureTool:0.3466666666666667
MeasureToolBar:0.3333333333333333
AbstractLayerModel:0.3233333333333333
JToogleButtonGroup:0.24166666666666667
Measure2DAnalyse:0.21333333333333335
ImageViewerEventManager:0.19666666666666666
MeasurementsAdapter:0.19666666666666666
EventManager:0.19
DropDownButton:0.16
GroupRadioMenu:0.14
MouseHandler:0.13333333333333333
MeasureButton:0.016666666666666666
MeasureGroupMenu:0.013333333333333334
