Timeslots:0.6333333333333333
TimeSlotsInterface:0.51
TimeslotsTableModel:0.4805555555555555
