InnerPreparer:0.45666666666666667
ContextPreparer:0.4166666666666667
PageDownstreamFactory:0.34
PageDownstreamFactoryTest:0.30666666666666664
