MonochromeParam:0.45666666666666667
BaseDatasetImpl:0.37666666666666665
DcmImageReader:0.3233333333333333
ImageBox:0.2966666666666667
ColorModelFactory:0.25333333333333335
Dcm2Jpg:0.13555555555555557
ColorModelFactoryImpl:0.1
