LogicalPlanner:0.5133333333333333
SqlQueryExecution:0.35
CreateMaterializedView:0.3233333333333333
ServerMainModule:0.2
LocalQueryRunner:0.17272222222222222
SqlQueryExecutionFactory:0.15
AbstractSqlBenchmark:0.11333333333333333
