StringHelper:0.38333333333333336
HQLTest:0.36333333333333334
AbstractQueryImpl:0.3566666666666667
CompositeIdTest:0.25
ASTParserLoadingTest:0.24
SQLLoaderTest:0.21666666666666667
SQLFunctionsTest:0.20333333333333334
QueryTest:0.19333333333333333
