ScreenReaderImpl:0.6711111111111111
JButtonReader:0.3384603174603175
