EventRecorderTest:0.45
AbstractSemanticRecorderTest:0.38333333333333336
ComponentRecorderTest:0.3566666666666667
DefaultComponentFinderTest:0.3433333333333333
AbstractRecorderTest:0.27
