Iterator:0.6933333333333334
BulkStorage:0.6766666666666666
Array:0.47333333333333333
Algebra:0.36333333333333334
AbstractIterator:0.3333333333333333
Matrix:0.27
Cells:0.2503333333333333
ArrayTest:0.24
RandomListIterator:0.23
ConstColumnIterator:0.21
ColumnIterator:0.2
QRDecomposition:0.19666666666666666
AbstractColumnIterator:0.18166666666666667
AbstractRowIterator:0.17833333333333334
ConstRowIterator:0.17
BulkStorageOperations:0.06666666666666667
