ModuleTestBase:0.5266666666666666
MetaTab:0.3433333333333333
ModelMapping:0.31333333333333335
WebEditors:0.28777777777777774
