Tds:0.5866666666666667
CallableStatement_base:0.3
DatabaseMetaData:0.27666666666666667
PerformanceTest:0.19722222222222222
TimestampTest:0.19333333333333333
TdsResultSetMetaData:0.19
MSSqlServerInfo:0.16
SAfeTest:0.06333333333333334
