Event:0.6733333333333333
EventsViewHelper:0.43
IcalModuleImpl:0.25666666666666665
Notify:0.19666666666666666
EventHelper:0.14666666666666667
Eventtext:0.14333333333333334
NotifyBuilderEvent:0.14
