Utils:0.9033333333333333
DefaultBinding:0.37
UDTConstant:0.24
UDTRecordImpl:0.22666666666666666
