TupleTest:0.49333333333333335
Tuple7:0.22444444444444447
Tuple8:0.22444444444444447
Tuple4:0.22066666666666668
Tuple5:0.22066666666666668
Tuple6:0.22066666666666668
Tuple1:0.22066666666666668
Tuple2:0.22066666666666668
Tuple3:0.22066666666666668
