Tab:0.5766666666666667
MockPageContext:0.4555555555555556
TabSheetTagTest:0.44333333333333336
TabSheetTag:0.36
MockBodyContent:0.2966666666666667
AllTests:0.25333333333333335
TabTag:0.20666666666666667
TabTagTest:0.17666666666666667
