VanillaGlobalMutableState:0.6400000000000001
ChronicleMapBuilder:0.6055555555555555
VanillaChronicleHash:0.5033333333333333
