Geonetwork:0.5066666666666667
DbLib:0.30666666666666664
ServerLib:0.25
TextLib:0.17666666666666667
