ColumnPolicyIntegrationTest:0.32666666666666666
TransportSQLActionTest:0.32
PartitionedTableIntegrationTest:0.31333333333333335
ArrayMapperTest:0.3
DeleteIntegrationTest:0.2633333333333333
FulltextIntegrationTest:0.25
DocIndexMetaDataTest:0.21666666666666667
TransportSchemaUpdateAction:0.19666666666666666
SQLXContentSourceParser:0.15333333333333332
MappingDefaultsTest:0.1
