TlbAbstractMethod:0.3466666666666667
TlbFunction:0.33
TlbPropertyPut:0.33
TlbPropertyPutStub:0.17333333333333334
TlbFunctionStub:0.17333333333333334
PARAMDESC:0.05333333333333334
