DefaultRequestDispatcher:0.5
Builder:0.39
RequestDispatcher:0.27555555555555555
EndpointIterator:0.22333333333333333
SshAgentSSLSocketFactory:0.15
