StatementGenerator:0.42333333333333334
ObjectiveCImplementationGenerator:0.37666666666666665
AutoboxerTest:0.33666666666666667
FunctionizerTest:0.31
InnerClassExtractorTest:0.31
ArrayCreationTest:0.27666666666666667
StatementGeneratorTest:0.27666666666666667
ObjectiveCImplementationGeneratorTest:0.2633333333333333
InitializationNormalizerTest:0.24666666666666667
AnonymousClassConverterTest:0.20333333333333334
GwtConverterTest:0.19666666666666666
EnumRewriter:0.19666666666666666
