CacheRecordStore:0.5233333333333333
CacheProxy:0.42333333333333334
