HtmlElement:0.41833333333333333
EventHandler:0.32666666666666666
JavaScriptEngine:0.29333333333333333
DomNode:0.2866666666666667
Window:0.24666666666666667
HtmlTableRowTest:0.22666666666666666
SimpleScriptable:0.22666666666666666
JavaScriptEngineTest:0.17333333333333334
ScoperFunctionObject:0.13333333333333333
EventTest:0.11333333333333333
SimpleScriptableTest:0.08333333333333333
