SearchMenuPanel:0.4666666666666667
SearchOptionsComposite:0.4066666666666667
GwtTeamingMessages:0.4
GwtTeamingMainMenuImageBundle:0.26
