Kernel32:0.8566666666666667
Native:0.4266666666666667
Kernel32Test:0.24333333333333335
Kernel32Util:0.23666666666666666
NativeTest:0.20666666666666667
Kernel32UtilTest:0.20111111111111113
WinNT:0.155
AbstractWin32TestSupport:0.03666666666666667
