Sorts:0.37
RadixSort:0.31333333333333335
HeapSort:0.30333333333333334
ShellSort:0.28300000000000003
CountingSort:0.25633333333333336
InsertionSort:0.242
MergeSort:0.19666666666666666
