IQueryBond:0.661611111111111
IQueryAtom:0.47355555555555556
UniversalIsomorphismTester:0.32666666666666666
XLogPDescriptor:0.32
OrderQueryBond:0.2633333333333333
AromaticQueryBond:0.21
QueryAtomContainer:0.2
QueryAtomContainerCreator:0.17666666666666667
AnyOrderQueryBond:0.12
SMARTSBond:0.0811111111111111
