AdminClientPropertiesTest:0.30333333333333334
ApplicationRouteLocator:0.27666666666666667
ConcatenatingResourceResolver:0.16
RemindingNotifier:0.16
MailNotifierTest:0.16
