FlyweightTest:0.33
LockStoreImplTest:0.33
DiagnosticsTest:0.26666666666666666
ClientMessageTest:0.21666666666666667
SerializationV1Portable:0.20133333333333334
EventCountBasicMigrationStrategyTest:0.19333333333333333
AddOperationsTest:0.19
AddAllOperationTest:0.19
LoadTrackerTest:0.17333333333333334
