RobolectricTestRunner:0.5333333333333333
Builder:0.41333333333333333
InstrumentationConfiguration:0.41
InstrumentationConfigurationTest:0.21666666666666667
