Flyway:0.6633333333333333
Main:0.37
AbstractMigrationLoadingTask:0.22
MigrateTask:0.17
InitTask:0.13333333333333333
DateUtils:0.09666666666666666
InitMojo:0.08666666666666667
MigrateMojo:0.08333333333333333
AbstractMigrationLoadingMojo:0.06
ValidateTask:0.0033333333333333335
ValidateMojo:0.0033333333333333335
