UIRepeatListComponent:0.5966666666666667
SetIterationContext:0.2611111111111111
MakumbaELResolver:0.22
MakumbaFunctions:0.19
