IncludesFromAnnotations:0.5866666666666667
IgnoresFromAnnotations:0.58
Process:0.5166666666666667
DefaultFilterConfiguration:0.20666666666666667
