ShadowLooper:0.5627777777777778
LocalActivityManagerContainer:0.42333333333333334
