Association:0.5879166666666666
AcceptorPolicyImpl:0.3466666666666667
AssociationImpl:0.32666666666666666
FsmImpl:0.2916666666666667
StringElement:0.29
