GraphView:0.36666666666666664
SurveillanceView:0.35333333333333333
Dashlet:0.2633333333333333
PageableTableView:0.21666666666666667
SurveillanceData:0.21666666666666667
DefaultSurveillanceService:0.2
DashletView:0.17333333333333334
SurveillanceDashlet:0.17
AlarmView:0.15
GraphDashlet:0.12333333333333334
DashletTitle:0.10666666666666667
NotificationView:0.043333333333333335
