Iterator:0.46
OptionTest:0.45666666666666667
AbstractTraversableTest:0.37333333333333335
Traversable:0.34
Value:0.33666666666666667
Foldable:0.2
