Constants:0.9227777777777779
ScriptEditViewPart:0.2633333333333333
ScriptExecuteHandler:0.16
ScriptsAddOrEditHandler:0.15333333333333332
ScriptNewStepHandler:0.09666666666666666
ScriptSaveHandler:0.08444444444444445
