ExpandableStringReader:0.42333333333333334
SimStateMachine:0.42
StringExpander:0.29333333333333333
TestContext:0.29333333333333333
