ValidationResultNotation:0.5466666666666666
ValidationResult:0.5233333333333333
Log4jValidationResults:0.41333333333333333
