SpatialFilter:0.8166666666666667
IsFullyOutsideOfFilter:0.31333333333333335
