MInvoice:0.5905555555555555
VInOutGen:0.5133333333333333
InOutLineGenerate:0.30333333333333334
