NativeSQLQueriesTest:0.41
QueryKey:0.31333333333333335
DistinctRootEntityResultTransformer:0.26
UpperCasedAliasToEntityMapResultTransformer:0.24444444444444446
RootEntityResultTransformer:0.22166666666666668
AliasToEntityMapResultTransformer:0.18666666666666668
PassThroughResultTransformer:0.1275
