Property:0.8533333333333334
Copy:0.27444444444444444
PropertyTreeWidget:0.26666666666666666
Paste:0.21777777777777782
Cut:0.21333333333333335
Model:0.20777777777777778
Propagate:0.20333333333333334
ViewManager:0.19666666666666666
AdvancedEditor:0.16666666666666666
Cancel:0.16333333333333333
InteractionListener:0.12
