LuceneDocCollector:0.52
InternalCollectContext:0.46907142857142875
CollectionPauseException:0.41031746031746036
OrderedLuceneDocCollector:0.16666666666666666
