OutputModelFactory:0.5324722222222221
TreeAdaptor:0.4125
BaseTreeAdaptor:0.36666666666666664
ParserASTExtension:0.3333333333333333
OutputModelController:0.3333333333333333
ParserFactory:0.27666666666666667
CodeGeneratorExtension:0.23666666666666666
DefaultOutputModelFactory:0.23666666666666666
Target:0.23666666666666666
Alternative:0.17666666666666667
RuleBecomeRoot:0.121
AddTokenLeaf:0.121
AddRuleLeaf:0.121
TokenBecomeRoot:0.121
