DelegatingMongoConnector:0.7233333333333334
MongoConnectorsImpl:0.33
MongoClientsImpl:0.18333333333333332
