MapRenderer:0.6833333333333333
Texture:0.54
TiledMapRenderer:0.5066666666666667
GleedMapRenderer:0.36
GleedMapLoader:0.26
AndroidFileHandle:0.26
TiledMapBench:0.23333333333333334
IOSSocket:0.19666666666666666
Array:0.19333333333333333
RepeatAction:0.19
TiledMapDirectLoaderTest:0.12916666666666668
GleedTest:0.12666666666666668
Thread:0.09555555555555555
UncaughtExceptionHandler:0.0867222222222222
GwtTestWrapper:0.08666666666666667
LwjglDebugStarter:0.07666666666666666
TiledMapAssetManagerTest:0.035833333333333335
