InfinispanRegionFactory:0.4633333333333333
RegionFactoryInitiator:0.24777777777777782
SettingsFactory:0.23666666666666666
EhCacheRegionFactory:0.23333333333333334
AbstractEhcacheRegionFactory:0.19383333333333333
StrategyRegistrationProviderImpl:0.17666666666666667
