GwtRpcServiceImpl:0.665
TreeDisplayVertical:0.30333333333333334
MyFavoritesMenuPopup:0.29333333333333333
