DefaultCacheKeysFactory:0.72
SimpleCacheKeysFactory:0.3466666666666667
NaturalIdCacheKeyTest:0.2633333333333333
