Visitor2D:0.7405555555555555
CollapseExpandVisitor:0.4890555555555556
