MainWindow:0.6866666666666666
MainDesktopPane:0.5783333333333334
PreferencesWindow:0.27666666666666667
