MapItemPaints:0.48
MapItemsUIHandler:0.44333333333333336
MapItemTexture:0.36333333333333334
