AuthenticationRiskScore:0.7
AuthenticationRequestRiskCalculator:0.41031746031746036
RiskAwareAuthenticationWebflowEventResolver:0.2966666666666667
IpAddressAuthenticationRequestRiskCalculatorTests:0.16333333333333333
