Settings:0.4533333333333333
QueryStringQueryBuilder:0.3466666666666667
QueryParserSettings:0.33
MapperQueryParser:0.25666666666666665
SimpleExistsTests:0.23
SearchQueryTests:0.22
SimpleQueryStringBuilder:0.18666666666666668
CountQueryTests:0.16666666666666666
SimpleQueryStringParser:0.13666666666666666
SimpleSearchTests:0.13666666666666666
RestSearchAction:0.13333333333333333
SimpleQueryParser:0.13166666666666665
SimpleCountTests:0.12333333333333334
RestExplainAction:0.08
SimpleQueryStringTests:0.07
QueryStringQueryParser:0.04666666666666667
