ServiceDeploymentBuilder:0.41333333333333333
Administrator:0.32
ServiceDefinitionBuilder:0.3
DSInputSpecGenerator:0.22666666666666666
WSDLGenerator:0.22333333333333333
MethodMapGenerator:0.20666666666666667
ServiceProfileSerializer:0.16333333333333333
ServiceDeploymentTemplate:0.13333333333333333
ServiceDeploymentMETSSerializer:0.09333333333333334
ServiceDefinitionMETSSerializer:0.07
