DefaultInternalKernelServices:0.43555555555555553
LoadRequiredModulesExecutor:0.4216666666666667
InternalKernelServices:0.32172222222222224
