WxMpService:0.7522222222222222
WxMpServiceImpl:0.6197777777777778
