ConnectorPageSource:0.48833333333333334
TableScanOperator:0.40777777777777774
ScanFilterAndProjectOperator:0.3466666666666667
PageSourceOperator:0.26666666666666666
