GwtTeamingMessages:0.7133333333333334
RequestInfo:0.40277777777777773
MastHead:0.3466666666666667
GwtMainPage:0.29
GwtTeamingImageBundle:0.24666666666666667
