LocalUserAdminSessionBean:0.4766666666666667
UserAdminSessionTest:0.4166666666666667
AddEndEntityApprovalRequest:0.41
EditEndEntityApprovalRequest:0.41
