FileList:0.59
OutgoingInvitationProcess:0.29
SubclipseAdapter:0.2633333333333333
IncomingInvitationProcess:0.25333333333333335
FileListData:0.01
