Flyway:0.74
FlywayConfiguration:0.5308690476190477
SqlScript:0.3
AbstractFlywayTask:0.25333333333333335
FlywayConfigurationForTests:0.22666666666666666
SqlScriptFlywayCallback:0.21666666666666667
FlywayExtension:0.19666666666666666
TransactionTemplate:0.14333333333333334
AbstractFlywayMojo:0.13666666666666666
SqlMigrationExecutor:0.12333333333333334
