CongestionControl:0.55
CongestionControlSupplier:0.45905555555555555
PublicationImage:0.44333333333333336
Context:0.37333333333333335
Configuration:0.2911111111111111
SubscriberPosition:0.225
MediaDriver:0.19944444444444442
ReceiverTest:0.13333333333333333
StaticWindowCongestionControl:0.13111111111111112
DefaultCongestionControlSupplier:0.043333333333333335
