MockPageContext:0.6116666666666667
NavigationTag:0.5783333333333334
NavigationTagTest:0.28
NavigationTagExtraInfo:0.12
