JmsSenderConnection:0.4166666666666667
TcpMessageReceiverIntegrationTest:0.32666666666666666
MailSenderConnection:0.3088888888888889
MailMessageSender:0.27955555555555556
JmsMessageSender:0.22666666666666666
MailtoUri:0.20555555555555555
JmsMessageSenderIntegrationTest:0.17333333333333334
MailTransportConstants:0.06333333333333334
