PublicLinkInfo:0.4866666666666667
EditPublicLinkDlg:0.38
GwtTeamingMessages:0.32666666666666666
PublicLinksRpcResponseData:0.31666666666666665
EventHelper:0.27
GwtMenuHelper:0.2633333333333333
FolderEntryMenu:0.235
BinderViewsHelper:0.21666666666666667
GwtShareHelper:0.19666666666666666
ActionMenuCell:0.17666666666666667
FolderEntryComposite:0.17666666666666667
DataTableFolderViewBase:0.17444444444444443
EditPublicLinkSelectedEntitiesEvent:0.16
