InformationSchemaTest:0.6366666666666667
TableSettingsTest:0.24666666666666667
InformationSchemaInfo:0.18666666666666668
InformationSchemaIterables:0.16666666666666666
