TrapInformation:0.6866666666666666
V2TrapInformation:0.43666666666666665
V1TrapInformation:0.15
