GCLNewParser:0.48
GCLNewLexer:0.4266666666666667
NamespaceNew:0.21
DFA5:0.17543434343434344
DFA4:0.17543434343434344
DFA3:0.17543434343434344
DFA12:0.14
GCLHelper:0.13
function_return:0.11
arg_list_return:0.11
stat_return:0.11
block_return:0.11
expr_return:0.11
program_return:0.11
literal_return:0.11
cond_return:0.11
cond_atom_return:0.11
expr2_return:0.11
call_return:0.11
var_type_return:0.11
var_decl_return:0.11
expr_atom_return:0.11
rule_name_return:0.11
arg_return:0.11
