ReadWorker:0.5266666666666666
MonitorTab:0.36
MonitorRowsDocumentListener:0.25333333333333335
SearchHistoryTableModel:0.19
EnableMonitorChangeListener:0.11
