Query:0.7066666666666667
Part:0.5066666666666667
