ClientProperties:0.47
ClientInvocation:0.42
GroupProperties:0.36
HazelcastClientInstanceImpl:0.3433333333333333
ClientMapIssueTest:0.27
ClientReplicatedMapLiteMemberTest:0.24666666666666667
ClientRegressionWithMockNetworkTest:0.23
HazelcastProperty:0.22166666666666668
ProxyManager:0.21666666666666667
ClusterListenerSupport:0.19333333333333333
ClientConnectionManagerImpl:0.17333333333333334
GroupPropertiesTest:0.16333333333333333
ClientConnectionTest:0.15666666666666668
