StyleSetKey:0.5466666666666666
SynthLookGenerator:0.3566666666666667
SynthStyleSet:0.2683333333333333
