TypeBuilder:0.5336111111111109
TypeFactory:0.38269841269841276
