DBCollection:0.5188888888888888
DropCollectionOperation:0.4988888888888889
CollectionAdministrationImpl:0.17439682539682538
