Options:0.6285714285714286
AspectNode:0.5011111111111111
DefaultFileSystemStore:0.365
