MethodTestDescriptorTests:0.35
ReflectionUtils:0.3221428571428571
ClassNameTestDescriptorResolver:0.31600000000000006
SpecificationResolver:0.29333333333333333
UniqueIdParts:0.15666666666666668
JUnit4TestEngine:0.14333333333333334
