Properties:0.63
Parser:0.5433333333333333
GrammarProperties:0.48
PropertyKey:0.4633333333333333
GraphProperties:0.44
PropertiesTable:0.3
GraphInfo:0.29
EnumParser:0.2733333333333333
Rule:0.26666666666666666
Exploration:0.2633333333333333
GrammarModel:0.21333333333333335
GraphTab:0.20666666666666667
TableModel:0.20666666666666667
SimulatorModel:0.20333333333333334
GraphEditorTab:0.19666666666666666
BooleanParser:0.19333333333333333
SplitParser:0.19333333333333333
StringParser:0.18666666666666668
IntParser:0.18666666666666668
RuleTreeNode:0.18333333333333332
CellEditor:0.15666666666666668
PropertiesDisplay:0.14
EditSystemPropertiesAction:0.13666666666666666
PropertiesHandler:0.13333333333333333
PropertiesDialog:0.11666666666666667
CellRenderer:0.11
