AvisMinaTransport:0.7766666666666666
WebManagementManager:0.20333333333333334
