EntityIndexUtils:0.5
ResourceUtil:0.4166666666666667
Constants:0.37505555555555553
FilePropertiesBuilder:0.35333333333333333
FileIndexData:0.21666666666666667
