ShopContent:0.7033333333333334
ShopVariant:0.6633333333333333
