DigLocalRegolith:0.6576666666666667
DigLocalIce:0.6576666666666667
