BoundedLocalCache:0.4716666666666667
ExpirationTest:0.44666666666666666
ReferenceTest:0.44666666666666666
