DataManager:0.4533333333333333
SchemaLoader:0.4
EditLib:0.31
ElementEntry:0.2866666666666667
MetadataSchema:0.28
AttributeEntry:0.27
MetadataType:0.25333333333333335
Logger:0.23333333333333334
SimpleContentEntry:0.18333333333333332
ComplexTypeEntry:0.1811111111111111
ComplexContentEntry:0.18
EditUtils:0.15333333333333332
GroupEntry:0.15
Config:0.12
Geonetwork:0.11
Update:0.05
File:0.04666666666666667
AttributeGroupEntry:0.031111111111111107
FileCopyMgr:0.015
SchemaSubstitutions:0.015
RootChild:0.006666666666666667
