Configuration:0.73
XMLConfigBuilder:0.4166666666666667
XmlConfigBuilderTest:0.25666666666666665
