MossModel:0.88
MossWizard:0.2633333333333333
MossTestRunner:0.25333333333333335
ParametersPage:0.21333333333333335
ParametersPage3:0.1877777777777778
ParametersPage2:0.14111111111111113
