CompilerDescriptor:0.47333333333333333
HopClassDescriptor:0.24333333333333335
CompilerNode:0.22666666666666666
CompilerMethodDescriptor:0.19
CompilerClassDescriptor:0.16333333333333333
HopMethodDescriptor:0.08666666666666667
