SupervisorActor:0.5866666666666667
SupervisorTest:0.2966666666666667
GetChildrenMessage:0.25666666666666665
Supervisor:0.20333333333333334
