WebResponseImpl:0.5
MockWebConnection:0.37666666666666665
HttpWebConnection:0.3333333333333333
WebResponseData:0.32666666666666666
HttpWebConnectionTest:0.2633333333333333
