Program:0.5033333333333333
CtrlLoader:0.36666666666666664
Template:0.36333333333333334
CtrlChecker:0.25583333333333336
ProgramBuildTest:0.19
ControlAttributeParametersTest:0.13666666666666666
CompositeControlModel:0.13
