AbstractDbDialect:0.4633333333333333
StatementBuilder:0.44333333333333336
OracleDbDialect:0.32
IDbDialect:0.27166666666666667
TableTemplate:0.27
MsSqlDbDialect:0.24280158730158727
