WebUtils:0.8783333333333333
ConsentWebflowConfigurer:0.43333333333333335
