LazyBSONObject:0.5
DBCollection:0.36666666666666664
BasicBSONDecoder:0.31333333333333335
LazyBSONCallback:0.26
LazyDBCallback:0.24666666666666667
LazyBSONIterator:0.16666666666666666
