RunListenerAdapter:0.3233333333333333
UniqueIdSelectorResolver:0.29277777777777775
VintageTestEngine:0.22
VintageDiscoverer:0.21666666666666667
UniqueIdSelectorResolverTests:0.19
RunnerExecutor:0.14444444444444446
UniqueIdReader:0.14333333333333334
TestClassRequestResolver:0.14
VintageDiscovererTests:0.1
TestClassRequestResolverTests:0.09666666666666666
UniqueIdReaderTests:0.07666666666666666
