FedoraOAIDriver:0.7566666666666667
TestFedoraOAIDriver:0.4066666666666667
QueryFactory:0.3638888888888889
ITQLQueryFactory:0.043333333333333335
