MockHttpServletResponse:0.54
ChannelDecisionManager:0.43066666666666664
ChannelProcessingFilterTests:0.36333333333333334
ChannelDecisionManagerImplTests:0.35
ChannelProcessingFilter:0.3455555555555555
ChannelDecisionManagerImpl:0.22
MockFilterInvocationDefinitionMap:0.16
MockChannelDecisionManager:0.013333333333333334
MockChannelProcessor:0.0033333333333333335
