QueryImpl:0.58
AbstractQueryImpl:0.36
LockTest:0.3433333333333333
AbstractEntityManagerImpl:0.3333333333333333
LockModeTest:0.22333333333333333
