Parser:0.5283333333333333
TreeParser:0.45666666666666667
TreeFilter:0.37333333333333335
IntStream:0.36666666666666664
