PageableTaskResult:0.78
Visitor:0.5133333333333333
QueryThenFetchTask:0.43333333333333335
TestingHelpers:0.25
QueryThenFetchTaskTest:0.20666666666666667
QueryShardResponseListener:0.16
TransportExecutor:0.14333333333333334
SinglePageTaskResult:0.13666666666666666
SinglePagePageableTaskIterable:0.08805555555555555
CollectingPageableTaskIterable:0.0872222222222222
QTFScrollTaskResult:0.08333333333333333
TransportExecutorPagingTest:0.07666666666666666
FetchedRowsIterable:0.03666666666666667
NestedLoopOperation:0.03333333333333333
CrateResultSorter:0.0
