Mongo:0.43666666666666665
ClusterId:0.4
ClusterSettings:0.27
JMXConnectionPoolListener:0.23
Builder:0.13944444444444443
DefaultClusterFactory:0.12777777777777777
