TaskDefinition:0.6233333333333333
JpdlXmlReader:0.35333333333333333
BpmnXmlReader:0.32
TaskLogic:0.24666666666666667
