MetadataEntityManager:0.8366666666666667
MetadataEntityManagerImpl:0.57
ApplicationEntityManagerImpl:0.36333333333333334
MetadataEntityManagerRemote:0.2833333333333333
