UserService:0.65
UserUtilities:0.4766666666666667
LoginUtilities:0.44666666666666666
Permission:0.44
IssueUtilities:0.39666666666666667
ProjectPTO:0.30666666666666664
IssueNavigationUtilTest:0.2833333333333333
UserDAO:0.2756746031746032
UserDAOImpl:0.2733333333333333
PermissionDAO:0.24934126984126975
PluggableAuthenticator:0.22337301587301586
ListProjectsAction:0.22
UserUtilitiesIT:0.21833333333333332
ExecuteAlwaysFilter:0.21666666666666667
DefaultAuthenticator:0.21333333333333335
AbstractSeleniumTestCase:0.21333333333333335
WorkflowScript:0.21
ProjectForm:0.20333333333333334
GenericController:0.185
EditReportFormAction:0.18333333333333332
UserServiceImplIT:0.18333333333333332
UserServiceImpl:0.16666666666666666
PermissionTest:0.15333333333333332
DefaultAccessDeniedHandler:0.14333333333333334
PermissionTypeTest:0.14
ListIssuesActionUtil:0.13666666666666666
ViewIssueAction:0.13666666666666666
LogoffAction:0.12666666666666668
EditVersionFormAction:0.12166666666666667
ImportDataVerifyAction:0.11666666666666667
MoveIssueFormAction:0.11333333333333333
LoginAction:0.11333333333333333
EditUserAction:0.1125
ItrackerBaseAction:0.11
ViewIssueActivityAction:0.11
EditLanguageFormAction:0.10333333333333333
ExportReportAction:0.10333333333333333
EditProjectAction:0.10333333333333333
PermissionDAOImplIT:0.1
LockUserAction:0.09333333333333334
ExportAttachmentsAction:0.09333333333333334
PortalHomeAction:0.09333333333333334
EditReportAction:0.09
MoveIssueAction:0.09
ImportDataFormAction:0.08333333333333333
EditComponentAction:0.08
ListProjectsAdminAction:0.08
LoginHandler:0.07666666666666666
CreateIssueFormAction:0.07666666666666666
EditUserFormAction:0.07666666666666666
SearchIssuesFormAction:0.07
CreateIssueAction:0.06666666666666667
EditProjectScriptAction:0.06666666666666667
PermissionDAOImpl:0.03
ITrackerUserDetails:0.02666666666666667
ITrackerPasswordEncoder:0.0033333333333333335
AuthenticationErrorHandler:0.0
