DatabasePlatformTest:0.5066666666666667
IDdlBuilder:0.45438888888888895
AbstractDdlBuilder:0.43
MySqlDdlBuilder:0.33666666666666667
