Tracer:0.665
BoundedBuffer:0.44333333333333336
CacheProfiler:0.28
TracerHolder:0.22111111111111115
