CasAuthenticationTokenTests:0.43
CasAuthenticationProvider:0.42
CasAuthenticationProviderTests:0.32666666666666666
EhCacheBasedTicketCacheTests:0.22833333333333333
MockAuthoritiesPopulator:0.11777777777777776
