DOTranslationUtility:0.5733333333333334
Datastream:0.4166666666666667
BasicDigitalObject:0.37666666666666665
FOXMLDOSerializer:0.37333333333333335
AtomDOSerializer:0.3333333333333333
AtomDODeserializer:0.26666666666666666
AtomAPIMMessage:0.26666666666666666
TestAPIM:0.2547222222222222
METSFedoraExtDOSerializer:0.25333333333333335
DefaultAccess:0.21
AutoExporter:0.19666666666666666
FedoraServerTestCase:0.19333333333333333
METSFedoraExtDODeserializer:0.18
TestXMLDODeserializer:0.18
TestAPIALiteConfigA:0.14666666666666667
TestTomcatServerXML:0.12333333333333334
TestFedoraWebXML:0.12333333333333334
ValidateSchematronTest:0.11333333333333333
ExportOptionsDialog:0.11
Constants:0.09666666666666666
DOValidatorXMLSchemaTest:0.08666666666666667
NamespaceContextImplTest:0.08333333333333333
TranslationTest:0.0725
NamespaceContextImpl:0.06
DOTranslationUtilityTest:0.056666666666666664
DOTranslatorModule:0.05333333333333334
AllAPITests:0.05333333333333334
QName:0.05333333333333334
ObjectFormatDialog:0.043333333333333335
ConvertObjectSerialization:0.04
TestAtomDOSerializer:0.03333333333333333
TestAtomDODeserializer:0.023333333333333334
AllUnitTests:0.006666666666666667
FedoraModelNamespace:0.006666666666666667
MimeTypeUtils:0.0033333333333333335
ATOM1_0Format:0.0
