AssertFalseAssertionsTests:0.36333333333333334
AssertTrueAssertionsTests:0.35
AssertTrue:0.2966666666666667
AssertFalse:0.2966666666666667
