BeanUtil:0.74
BeanUtilBean:0.5412222222222222
BeanUtilTest:0.37333333333333335
