AssetManager:0.6366666666666667
FileTextureData:0.45777777777777773
TextureLoader:0.35333333333333333
