SpectrumUtils:0.6133333333333333
NewSpectrumFileWizardPage:0.30333333333333334
SpectrumResource:0.28833333333333333
JcampParser:0.24666666666666667
JcampToCMLSpectrumMapper:0.24277777777777781
NewSpectrumWizard:0.21333333333333335
NewSpectrumDetailWizardPage:0.20722222222222222
CMLResource:0.20305555555555557
NewMoleculeWizard:0.1811111111111111
CMLToJcampSpectrumMapper:0.08
