Options:0.7233333333333334
GenerationUnit:0.42
PackageInfoPreProcessor:0.35
TranslationProcessor:0.24333333333333335
AnonymousClassConverterTest:0.23333333333333334
GenerationTest:0.22333333333333333
J2ObjC:0.18333333333333332
FileProcessor:0.16333333333333333
TranslationProcessorTest:0.13833333333333334
AnnotationPreProcessor:0.12
HeaderMappingPreProcessor:0.11444444444444445
