ApplicationConfig:0.560484126984127
AtmosphereResourceImpl:0.44333333333333336
AtmosphereResponse:0.43666666666666665
AtmosphereFramework:0.3761111111111111
JSR356ServerApplicationConfig:0.13777777777777778
