PixelColour:0.45
Main:0.45
Image:0.39666666666666667
Voxel:0.31333333333333335
EdgeExtraction3D:0.20944444444444446
