AtomicNumberDifferenceDescriptor:0.7766666666666666
AtomicNumberDifferenceDescriptorTest:0.45
MqsarbondTests:0.12666666666666668
