HybridLightTest:0.6966666666666667
Viewer:0.42333333333333334
ModelViewerActivity:0.12
