Segment:0.7053333333333334
CharSegment:0.54
CharSegmentTest:0.32
Context:0.24333333333333335
Node:0.22333333333333333
ServerRedirectView:0.11333333333333333
R:0.1
Segments:0.09122222222222222
