CSPA:0.49
PA:0.35333333333333333
AndersenPointerAnalysis:0.35333333333333333
LoadedCallGraph:0.33666666666666667
CSPAResults:0.29333333333333333
BDDPointerAnalysis:0.2733333333333333
ClassInvariantAnalysis:0.21333333333333335
BDDMethodSummary:0.20733333333333334
HeapPathSelector:0.20666666666666667
Factories:0.19837301587301587
SortedArraySetFactory:0.03
