ClusterManager:0.6083333333333333
TestFullApplicationContext:0.36333333333333334
SpringXmlConfigBuilder:0.2966666666666667
XMLConfigBuilderTest:0.16666666666666666
