CDKIOFileWriter:0.2966666666666667
writeCMLChemFileToFile:0.29333333333333333
CDKIOReader:0.22333333333333333
Has2DCoordinates:0.20333333333333334
Has3DCoordinates:0.19333333333333333
DetectHueckelAromaticity:0.19333333333333333
BioclipseResultViewer:0.18
