MenuFactory:0.5333333333333333
ARINC661App:0.43666666666666665
DefaultWindowManagerListener:0.24666666666666667
