IRemoteRepository:0.10441528
RepositoryUtils:0.031457167
