Facade:0.8566666666666667
WSClient:0.4533333333333333
JaxRpcFacade:0.26666666666666666
AbstractFacade:0.2
PWCallbackDigest:0.1
PWCallbackText:0.1
