JobHandler:0.49666666666666665
StatusLine:0.45
Logger:0.35
NilsTest:0.21777777777777782
