ChadoXmlWrite:0.6066666666666667
ChadoXmlAdapter:0.4766666666666667
CurationState:0.3044444444444444
