IndexShard:0.63
IndexShardTests:0.4033333333333333
TranslogRecoveryPerformer:0.24066666666666667
