RuntimeWrappedException:0.6366666666666667
Database:0.32
ErrorFormatter:0.2733333333333333
RecordInfo:0.25333333333333335
HqlAnalyzer:0.22
MultipleAttributeParametrizer:0.17166666666666666
MakumbaTransactionProvider:0.14666666666666667
GeneratedCodeViewer:0.12333333333333334
ErrorControllerHandler:0.12
OQLQueryProvider:0.12
