SelectableWidget:0.5077777777777777
ViewScene:0.44
GISViewTopComponent:0.36666666666666664
MapPanel:0.3516666666666667
GISViewScene:0.25333333333333335
AbstractNodeWidget:0.20666666666666667
GISViewService:0.2
ImageFilter:0.189
AbstractConnectionWidget:0.17666666666666667
JComplexDialogPanel:0.12333333333333334
ObjectWidgetMenu:0.06972222222222221
