LayerTreeEditor:0.64
EditorWidgetTableConstructor:0.2966666666666667
TreeEditorCopyHelper:0.2833333333333333
ClickListener:0.18
