Config:0.6333333333333333
MapConfig:0.45
TopicConfig:0.2866666666666667
QueueConfig:0.27
HazelcastClusterTest:0.14333333333333334
