DmsIntegrationTests:0.5433333333333333
DataSourcePopulator:0.48333333333333334
SecureDmsIntegrationTests:0.36666666666666664
