Dialect:0.6166666666666667
ProcedureCallImpl:0.33
AbstractParameterRegistrationImpl:0.31
Oracle8iDialect:0.26666666666666666
PostgreSQL81Dialect:0.2
