Transformer:0.5133333333333333
DrawableFeatureSet:0.41333333333333333
ApolloLayoutManager:0.3911111111111111
FeatureView:0.2733333333333333
