MultipartBody:0.4766666666666667
FeedableBodyGeneratorTest:0.28
ByteBody:0.25666666666666665
PushBody:0.2
InputStreamBody:0.18
BodyChunkedInput:0.18
ByteArrayBodyGeneratorTest:0.17666666666666667
MultipartBodyTest:0.13666666666666666
