AbstractXPathExpressionFactoryTestCase:0.4170555555555555
AbstractStaxXmlReaderTestCase:0.2633333333333333
AbstractStaxContentHandlerTestCase:0.18666666666666668
AbstractValidatorFactoryTestCase:0.16
