TypeDeclaration:0.5066666666666667
RewriteContext:0.32
SuperConstructorInvocation:0.30333333333333334
PackageInfoRewriter:0.22666666666666666
AnonymousClassConverter:0.21333333333333335
