JSONUtil:0.55
JSONPopulator:0.2966666666666667
JSONInterceptor:0.29
JSONResult:0.28
JSONCleaner:0.25333333333333335
JSONWriter:0.22166666666666668
StringBridge:0.1
