TransformTestCase:0.6966666666666667
TransformCaseTest:0.305
SimpleDirectPosition:0.2866666666666667
