WithQueryParamsInPath:0.7033333333333334
RequestTemplate:0.45666666666666667
DefaultContractTest:0.33666666666666667
Util:0.25666666666666665
