AnnotationProcessor:0.6666666666666667
AtmosphereFramework:0.3938888888888889
DefaultAnnotationProcessor:0.35
