HtmlSerializer:0.4533333333333333
HtmlNoFrames:0.4252777777777778
HtmlNoFramesTest:0.33
