Robolectric:0.6266666666666667
ShadowResolveInfo:0.48333333333333334
ResolveInfoTest:0.26
