J2ObjC:0.5533333333333333
AnonymousClassConverter:0.35833333333333334
AnonymousClassConverterTest:0.20666666666666667
AnonymousClassRenamer:0.19666666666666666
