MethodArgumentsProviderTests:0.6633333333333333
JavaTimeArgumentConverterTests:0.5912222222222222
