ScriptSettings:0.46888888888888897
ScriptSettingsTests:0.43333333333333335
ScriptServiceTests:0.3333333333333333
ESSingleNodeTestCase:0.30333333333333334
ScriptModesTests:0.2833333333333333
ScriptContextTests:0.17666666666666667
FileScriptTests:0.12333333333333334
