Application:0.66
DefaultProfileCoreProcessor:0.4066666666666667
QueryBuilder:0.27666666666666667
ManageApplicationsController:0.22
ObjectKeys:0.19127777777777774
AccessControlManagerImpl:0.19
