AuthenticationProcessingFilterEntryPoint:0.6683333333333333
AuthenticationProcessingFilterEntryPointTests:0.5466666666666666
