LabelMapLayer:0.4
GroundVehicle:0.39666666666666667
RescueSalvageVehicle:0.2866666666666667
Trade:0.2733333333333333
RoverMission:0.26666666666666666
ResupplyManager:0.24666666666666667
UnloadVehicle:0.23666666666666666
Mining:0.21
BuildingSalvageMission:0.20666666666666667
SettlementMapPanel:0.20333333333333334
VehicleMapLayer:0.2
BuildingConstructionMission:0.19666666666666666
ReturnLightUtilityVehicle:0.13666666666666666
SettlementWindow:0.06333333333333334
SVGMapUtil:0.058333333333333334
