Messages:0.38388888888888884
ThreadLocalRequestTest:0.20666666666666667
RequestAttribute:0.15
SessionAttribute:0.15
ApplicationAttribute:0.15
Interceptor:0.1162777777777778
Result:0.1162777777777778
