SmilesGeneratorTest:0.6016666666666667
StructGenMatcher:0.3566666666666667
