Template:0.46
AbstractEntityPersister:0.42333333333333334
SQLFunctionRegistry:0.23
TrimOperands:0.17333333333333337
ColumnMapperImpl:0.13333333333333333
