ListFolderHelper:0.5733333333333334
WebKeys:0.4997222222222222
DefinitionUtils:0.3466666666666667
ToolbarTag:0.29
ListFolderController:0.25333333333333335
