CollisionJNI:0.7133333333333334
LinearMathJNI:0.6933333333333334
AllHitsRayResultCallback:0.35
SoftbodyJNI:0.2775396825396825
btConvexPolyhedron:0.25333333333333335
ConvexH:0.25333333333333335
btPolyhedralContactClipping:0.20333333333333334
btGeometryUtil:0.18333333333333332
HullResult:0.17666666666666667
btSoftBody:0.17666666666666667
btConvexHullComputer:0.16666666666666666
FrustumCullingTest:0.14666666666666667
btCollisionAlgorithm:0.12
