Internal:0.6057222222222223
RecordedRequest:0.48
URLConnectionTest:0.41333333333333333
