Application:0.43333333333333335
IPSSABuilder:0.4266666666666667
SSABuilder:0.35333333333333333
SSADefinition:0.27
LocalLocation:0.25333333333333335
ApplicationLaunchingPad:0.23333333333333334
FormalIn:0.22333333333333333
ReachabilityTracerApp:0.05
Main:0.020555555555555556
AnalysisObjectSpec:0.016666666666666666
