Fiber:0.5533333333333333
Identity:0.38
ParkableForkJoinTask:0.36666666666666664
Objects:0.2
