PopulationListModel:0.3
TabPanelAssociatedPeople:0.29333333333333333
TabPanelPopulation:0.23666666666666666
TabPanelVehicles:0.21333333333333335
AssociatedPopulationListModel:0.06666666666666667
VehicleListModel:0.06
