Hibernate:0.5316666666666666
JdbcSupport:0.35333333333333333
LobCreationContext:0.33894444444444444
ContextualLobCreator:0.29333333333333333
SettingsFactory:0.22666666666666666
NClobProxy:0.16333333333333333
