Vector:0.6633333333333332
DependencyBank:0.4461111111111111
Vector2:0.30666666666666664
Vector3:0.2733333333333333
GdxSetup:0.27
AtlasTmxMapLoader:0.25333333333333335
TmxMapLoader:0.24777777777777782
GdxSetupUI:0.24333333333333335
Form:0.22666666666666666
Vector2dTest:0.07333333333333333
