ChadoTransaction:0.5666666666666667
ChadoTransactionTransformer:0.5533333333333333
