AnnotationChangeEvent:0.45666666666666667
AnnotationEditor:0.37
FeatureChangeEvent:0.36666666666666664
DrawableFeatureSet:0.33
XMLParser:0.27777777777777773
AnnotationChangeLog:0.24333333333333335
GAMEAdapter:0.24
BaseFineEditor:0.20444444444444446
