PharmacophoreMatcherTest:0.82
PharmacophoreQueryAngleBondTest:0.24333333333333335
PharmacophoreQueryBondTest:0.22666666666666666
