Context:0.5688888888888889
SequencerAgent:0.5027777777777778
SequencerAgentTest:0.03666666666666667
