ParallelWrapper:0.65
Builder:0.37666666666666665
DefaultTrainer:0.35583333333333333
TestListener:0.29
TestListeners:0.22
ParallelWrapperMainTest:0.14
ParallelWrapperTest:0.14
