ThumbnailWidget:0.9066666666666666
EventHandler:0.37333333333333335
