JsonProvider:0.6533333333333333
PathToken:0.63
ScanPathToken:0.32
AbstractJsonProvider:0.25666666666666665
ArrayPathTokenPredicate:0.07666666666666666
WildcardPathTokenPredicate:0.07416666666666667
FilterPathTokenPredicate:0.06333333333333334
PropertyPathTokenPredicate:0.05333333333333334
