EditLdapConfigDlg:0.49666666666666665
LdapSyncResultsDlg:0.33
EditLdapSearchDlg:0.32666666666666666
EditLdapServerConfigDlg:0.31
AdminControl:0.2733333333333333
