DefaultProfileCoreProcessor:0.54
ProfileModuleImpl:0.44666666666666666
GenerateLdapList:0.42333333333333334
AddFolderController:0.15666666666666668
