Contact:0.6633333333333333
GeonetContext:0.6
ContactManager:0.47333333333333333
SelectionManager:0.4266666666666667
List:0.38333333333333336
Params:0.3416666666666667
MetadataContact:0.2633333333333333
Download:0.16877777777777783
Delete:0.16377777777777783
DeleteElement:0.11238888888888887
NewElement:0.10488888888888886
DuplicateElement:0.1021111111111111
UpdateElement:0.09888888888888887
SaveElement:0.08944444444444442
EditUtils:0.05111111111111111
Geonetwork:0.043333333333333335
Upload:0.025
