BsonDocumentWrapper:0.7266666666666667
BsonDocumentWrapperCodec:0.22166666666666668
BsonDocumentWrapperHelper:0.22
