ExecutionFailureInfo:0.6266666666666667
Failures:0.42333333333333334
TestHttpPageBufferClient:0.33
PageTransportTimeoutException:0.14666666666666667
