InlineTempConfig:0.71
InlineTempConditionChecker:0.31
TempInliner:0.18
Messages:0.14772222222222223
InlineTempRefactoring:0.050555555555555555
MethodCallReplaceProvider:0.03
TempValueReplaceProvider:0.03
