Token:0.38333333333333336
RedefinitionClassVisitor:0.31666666666666665
MethodDescriptionTokenTest:0.23
ParameterDescriptionTokenTest:0.21666666666666667
AbstractDynamicTypeBuilderForInliningTest:0.18666666666666668
FieldDescriptionTokenTest:0.14
Transform:0.12333333333333334
