ServerCockpit_7Test:0.37
ServerCockpitChangeLayoutTest:0.24777777777777776
ServerCockpitMultiAppli_Test:0.23666666666666666
ServerCockpitMultiAppli5_Test:0.23666666666666666
ServerCockpitMultiLayerTest:0.23444444444444443
ServerCockpitMultiAppli3_Test:0.23027777777777778
ServerCockpitChangeWindow2Test:0.23027777777777778
ServerCockpitMultiAppli4_Test:0.23027777777777778
ServerCockpitDefaultLayer3Test:0.23027777777777778
ServerCockpitNoAutoactivatedAllLayersTest:0.23027777777777778
ServerCockpitMultiAppli2_Test:0.23027777777777778
ServerCockpitMapHorzPanelTest:0.23027777777777778
ServerCockpitChangeZOrderTest:0.23027777777777778
ServerCockpitChangeLayout2Test:0.23
ServerCockpitRuntimeExceptionTest:0.18138888888888885
ServerCockpitDefaultLayer2Test:0.17416666666666664
ServerCockpitEmptyWindowTest:0.17416666666666664
ServerCockpitDefaultLayerTest:0.17416666666666664
ServerCockpitInitInactiveLayerTest:0.17416666666666664
ServerCockpitMultiAppli6_Test:0.17416666666666664
ServerCockpit_2Test:0.17416666666666664
ServerCockpitEmptyDefaultLayerTest:0.17416666666666664
ServerCockpitInstanceTest:0.17416666666666664
ServerCockpitConnectors4Test:0.17416666666666664
ServerCockpitMultiAppli7_Test:0.17416666666666664
ServerCockpit_3Test:0.17416666666666664
ServerCockpitConnectorsTest:0.17416666666666664
ServerCockpitConnectors3Test:0.17416666666666664
ServerCockpitConnectors2Test:0.17416666666666664
ServerCockpit_4Test:0.17416666666666664
ServerCockpitMultiLayer3Test:0.15611111111111112
ServerCockpit_5Test:0.14666666666666667
ServerCockpit_6Test:0.14666666666666667
ServerCockpitMultiLayer2Test:0.11333333333333333
