SourceIndexerRequestor:0.645
RubySearchDocument:0.44666666666666666
AddExternalFolderToIndex:0.4033333333333333
