Visitor:0.7933333333333333
TestHiveTableStatistics:0.27666666666666667
TestLocalQueries:0.20666666666666667
ShowStatsRewrite:0.15
