VARIANT:0.5266666666666666
ITypeInfo:0.49
ITypeLib:0.4766666666666667
ITypeInfoUtil:0.38666666666666666
IDispatch:0.33
TlbEnum:0.30333333333333334
ScodeArg:0.3
ElemDescArg:0.3
TlbBase:0.3
ITypeLibUtil:0.2833333333333333
TLIBATTR:0.2678888888888889
TYPEDESC:0.2633333333333333
IUnknown:0.22333333333333333
TlbImp:0.20333333333333334
ITypeComp:0.16666666666666666
ELEMDESC:0.12666666666666668
VARDESC:0.12
TYPEKIND:0.10666666666666667
FUNCDESC:0.08833333333333333
TYPEATTR:0.08333333333333333
DESCKIND:0.08
_VARIANT_BOOLbyReference:0.05333333333333334
ARRAYDESC:0.043333333333333335
IDLDESC:0.03333333333333333
SYSKIND:0.023333333333333334
LIBFLAGS:0.023333333333333334
PARAMDESCEX:0.0
OaIdl:0.0
PARAMDESC:0.0
Variant:0.0
