PluginManagerIT:0.5233333333333333
GroovyScriptEngineService:0.42333333333333334
Murmur3HashFunctionTests:0.21333333333333335
MurmurHash3Tests:0.15333333333333332
