CoreWsSecuritySecurityTokenServiceConfiguration:0.5991666666666666
DefaultRelyingPartyTokenProducer:0.5616666666666666
CoreWsSecurityIdentityProviderConfiguration:0.31333333333333335
