DefaultQedeqBo:0.6933333333333334
LoadRequiredModules:0.13333333333333333
