HttpResponse:0.575
StreamUtilTest:0.42111111111111116
StuckTest:0.23666666666666666
LoggerFactoryTest:0.15333333333333332
