RrdStrategy:0.57
RrdUtils:0.37333333333333335
NullRrdStrategy:0.3233333333333333
DefaultRrdGraphService:0.2833333333333333
QueuingRrdStrategy:0.26
JRobinRrdStrategyTest:0.20333333333333334
JRobinRrdStrategy:0.20333333333333334
RrdDao:0.18365079365079365
DefaultRrdDao:0.18333333333333332
JniRrdStrategy:0.17333333333333334
JniRrdStrategyTest:0.16666666666666666
DefaultRrdDaoTest:0.13666666666666666
PrefabGraph:0.09333333333333334
JRobinRrdGraphDetails:0.09111111111111111
