Unit:0.59
LocationState:0.4852380952380953
InsideSettlement:0.24
OutsideOnMars:0.24
SettlementVicinity:0.24
InsideBuilding:0.24
InsideVehicle:0.24
LocationTabPanel:0.18666666666666668
