TransportSQLActionTest:0.3408333333333333
Planner:0.3333333333333333
PrimaryKeyVisitor:0.30666666666666664
ESQueryBuilderTest:0.24333333333333335
DeleteAnalysis:0.24
ESQueryBuilder:0.20277777777777778
