AdminModuleImpl:0.6527777777777777
ZoneModuleImpl:0.41333333333333333
ViewController:0.29
