HttpConnection:0.55
Response:0.45666666666666667
SlowRider:0.21666666666666667
