Printer:0.7533333333333333
RrCSGPolygon:0.46
BooleanGrid:0.33
TestMain:0.32666666666666666
GenericCartesianPrinter:0.3233333333333333
RrGraphics:0.23333333333333334
