DbfFile:0.7366666666666667
ShapefileWriter:0.43666666666666665
MyTable:0.2297222222222222
