Response:0.7705555555555555
ResponseBuilder:0.3466666666666667
SessionIdITest:0.25
