ApplicationEntityManager:0.60125
IPAMModule:0.4266666666666667
WebserviceBean:0.39666666666666667
WebserviceBeanRemote:0.2866666666666667
ApplicationEntityManagerImpl:0.2633333333333333
