DefaultGraphNextState:0.52
GraphJModel:0.25666666666666665
StateTab:0.15666666666666668
