AcceptAuthenticationProperties:0.4483333333333333
CasCoreAuthenticationHandlersConfiguration:0.36
AbstractUsernamePasswordAuthenticationHandler:0.29333333333333333
GroovyScriptAttributeReleasePolicy:0.21333333333333335
FieldVisitor:0.19666666666666666
