NavigatorTest:0.6366666666666667
RangeTest:0.38666666666666666
NamedNodeMapTest:0.18333333333333332
ScreenTest:0.18333333333333332
