Polygon:0.6796666666666666
Shape2D:0.2616428571428572
