EngineDescriptor:0.5866666666666667
XmlReportsWritingListener:0.26
DummyTestDescriptor:0.19666666666666666
XmlReportsWritingListenerTests:0.19
DummyEngineDescriptor:0.18666666666666668
DefaultLauncherTests:0.16333333333333333
DummyTestEngine:0.16
XmlReportDataTests:0.14333333333333334
XmlReportWriterTests:0.13
AbstractTestDescriptorTests:0.10666666666666667
JUnit4TestEngine:0.10666666666666667
RunListenerAdapterTests:0.07666666666666666
