EmailConfig:0.5866666666666667
EmailUtils:0.4866666666666667
EmailTaskNotifier:0.21333333333333335
ExpressionEvaluator:0.2
FreemarkerProcessor:0.19416666666666668
SendEmailActionHandler:0.13666666666666666
EmailTaskNotifierActionHandler:0.13666666666666666
EmailTaskHandler:0.13666666666666666
