ListFolderHelper:0.4
WebKeys:0.32255555555555554
WorkspaceTreeHelper:0.26
AdvancedSearchController:0.25666666666666665
