MapFacadeBean:0.6066666666666667
MapFacade:0.4633333333333333
EJBPersistenceProvider:0.27666666666666667
IPersistenceProvider:0.15833333333333333
HibernatePersistenceProvider:0.11
EJBMapFacade:0.04
