Printer:0.9041666666666667
GCodeReaderAndWriter:0.4
PrintTabFrame:0.31333333333333335
Simulator:0.3
GCodeRepRap:0.26
SNAPReprap:0.26
