ORMService:0.4766666666666667
ADTService:0.39
PatientUpdateBean:0.32666666666666666
AbstractHL7Service:0.22666666666666666
ORUService:0.16666666666666666
