ApolloPanel:0.6583333333333333
FileMenu:0.31333333333333335
