Path:0.8233333333333334
FsStats:0.34
NodeEnvironment:0.24
CorruptedFileTest:0.21333333333333335
ClusterStatsNodes:0.21
MockDiskUsagesTests:0.13666666666666666
ClusterInfoUpdateJob:0.12333333333333334
CorruptedTranslogTests:0.11333333333333333
MonitorModule:0.09666666666666666
FsProbe:0.09333333333333334
