TakeExample:0.53
MainActivity:0.44166666666666665
ZipExample:0.41333333333333333
SimpleExample:0.2833333333333333
MapExample:0.2833333333333333
