LongDecimalType:0.5816666666666667
Decimals:0.51
TestLongDecimalType:0.20666666666666667
HashCode:0.14333333333333334
