ShadowService:0.5266666666666666
ShadowNotificationManager:0.20666666666666667
ServiceTest:0.12333333333333334
