ResourceTable:0.5333333333333333
ShadowAssetManager:0.4
ResourceParserTest:0.24
ShadowResources:0.225
PackageResourceTable:0.2
MetaData:0.19
DrawableResourceLoaderNoRunnerTest:0.18333333333333332
ShadowResourcesImpl:0.18
RoutingResourceTable:0.17833333333333334
StyleResolver:0.17
ResBundleTest:0.16
XmlResourceParserImplTest:0.15666666666666668
RawResourceLoaderTest:0.13
StaxPluralsLoaderTest:0.08333333333333333
StyleResourceLoaderTest:0.08333333333333333
ResBunch:0.06333333333333334
ResMap:0.043333333333333335
ResBundle:0.04
