DomNode:0.64
Document:0.325
XmlUtil:0.24444444444444446
XPathUtils:0.24333333333333335
XMLDocument:0.24
ActiveXObject:0.19666666666666666
XMLDocumentTest:0.19
XPathDomNodeList:0.17
XPathNSResolver:0.16666666666666666
NativeFunctionPrefixResolver:0.056666666666666664
