AbstractDbDialect:0.49083333333333334
TriggerHistory:0.4766666666666667
TableTemplate:0.32666666666666666
PostgresSqlStatementBuilder:0.19
CsvExtractor:0.17666666666666667
AbstractTest:0.15333333333333332
StreamDeleteDataCommand:0.13666666666666666
