Session:0.4633333333333333
BaseTransport:0.39
EventBusBridge:0.37666666666666665
JsonPListener:0.18333333333333332
BaseXhrListener:0.13
BaseListener:0.11
HtmlFileListener:0.07
EventSourceListener:0.07
XhrStreamingListener:0.013333333333333334
