Search:0.6266666666666667
SearchFilter:0.5433333333333333
SearchTab:0.37333333333333335
SearchUpdateChangeListener:0.1688888888888889
SubmitSearchAction:0.13888888888888887
SearchComboActionHandler:0.06666666666666667
FilterSelectionHandler:0.06666666666666667
