FeatureSet:0.6666666666666666
GAMESave:0.35333333333333333
GAMEAdapter:0.3333333333333333
