LTSTab:0.6933333333333334
LTSDisplay:0.6766666666666666
