Size:0.48333333333333334
ClassNameMethodMatcher:0.39
SyntheticMethodMatcher:0.3534941077441077
ImplicitUnboxingResponsible:0.26666666666666666
Assigner:0.26
WideningAssignment:0.22333333333333333
ExplicitlyTypedUnboxingAssignment:0.18694444444444444
BoxingAssignment:0.18694444444444444
AnnotationCallBinder:0.18666666666666668
ImplicitlyTypedUnboxingAssignment:0.18194444444444444
VoidAwareAssigner:0.18
ArgumentLoadingAssignment:0.15666666666666668
PrimitiveTypeAwareAssigner:0.13
MethodReturnValueAssignment:0.11855555555555554
ReturnTypeMatcher:0.07
ExceptionMethodMatcher:0.03666666666666667
ParameterTypeMatcher:0.024761904761904763
ModifierMethodMatcher:0.024761904761904763
EqualityMethodMatcher:0.024761904761904763
BooleanMatcher:0.013333333333333334
MethodMatcher:0.013333333333333334
NegatingMethodMatcher:0.013333333333333334
MethodNameMethodMatcher:0.013333333333333334
ArgumentHandler:0.006666666666666667
Conjunction:0.006666666666666667
Disjunction:0.006666666666666667
UnboxingResponsible:0.0
