OperatorContext:0.46
SharedLookupSource:0.4066666666666667
NestedLoopJoinPages:0.2866666666666667
