InputFile:0.4666666666666667
DexNode:0.41333333333333333
ResourcesLoader:0.22666666666666666
JadxDecompiler:0.22
RootNode:0.21666666666666667
RenameVisitor:0.21333333333333335
ConvertToClsSet:0.13333333333333333
FileUtils:0.07
