LogicalPlanner:0.28
PlanRewriter:0.2
Optimizer:0.16333333333333333
IndexSourceRewriter:0.16
Rewriter:0.11666666666666667
RewriteContext:0.04666666666666667
Replacer:0.01
