UnitDisplayInfo:0.7316666666666667
MainMenu:0.38333333333333336
MarsProject:0.27416666666666667
EditorController:0.27051984126984113
ScenarioConfigEditorFX:0.20083333333333334
EquipmentDisplayInfoBean:0.18
SettlementDisplayInfoBean:0.18
PersonDisplayInfoBean:0.15333333333333332
RobotDisplayInfoBean:0.15
UnitWindow:0.13333333333333333
LUVDisplayInfoBean:0.13
UnitButton:0.09333333333333334
RoverDisplayInfoBean:0.02666666666666667
