SoloServletListener:0.7533333333333333
CommentMgmtService:0.55
CommentQueryService:0.27666666666666667
CommentReceiver:0.20333333333333334
