CMLFragmentsTest:0.6966666666666667
CMLRoundTripTest:0.38666666666666666
CML23FragmentsTest:0.24666666666666667
Jumbo46CMLFragmentsTest:0.24
