HtmlPage:0.7433333333333333
HtmlElement:0.54
HtmlSelect:0.3044444444444444
WebClientTest:0.24333333333333335
HtmlSelectTest:0.20333333333333334
FocusableElementTest:0.2
SimpleScriptableTest:0.19666666666666666
TestThread:0.10666666666666667
TextRange:0.10666666666666667
