Project:0.5733333333333334
ProjectXMLHelper:0.38
Main:0.33
MainTest:0.30333333333333334
ProjectController:0.2633333333333333
ProjectTest:0.20666666666666667
BuildQueue:0.195
BuildQueueTest:0.14
