AbstractEntryProcessor:0.34
Datepicker:0.31
BinderModuleImpl:0.2833333333333333
ObjectKeys:0.26944444444444443
WebKeys:0.26944444444444443
FilterHelper:0.14666666666666667
ListFolderController:0.13666666666666666
DateHelper:0.08666666666666667
