Procedure:0.47
Call:0.45
CtrlParser:0.39666666666666667
CtrlTree:0.37333333333333335
Namespace:0.3333333333333333
ParseTree:0.2733333333333333
Program:0.25333333333333335
Template:0.24166666666666667
CtrlBuildTest:0.24
CtrlHelper:0.22333333333333333
CtrlChecker:0.21333333333333335
TemplateBuildTest:0.21
ControlModel:0.20666666666666667
CompositeControlModel:0.175
CtrlLoader:0.15333333333333332
CtrlTester:0.14666666666666667
