EditionService:0.8233333333333334
EditionPanel:0.41
EditionServiceImpl:0.34
EditionServiceAsync:0.2825
EditionResult:0.2733333333333333
ConcordanceTab:0.19
TxmParaHTMLPane:0.04
