ClusterTest:0.4166666666666667
BlockingQueueManager:0.36666666666666664
TransactionTest:0.34
CMap:0.295
BQ:0.19666666666666666
TransactionRecord:0.1877777777777778
InitializationAwareOperationHandler:0.13466666666666666
ResponsiveOperationHandler:0.08888888888888889
