AjaxController:0.4633333333333333
ListFolderController:0.4166666666666667
Statistics:0.28
ProgressBar:0.13666666666666666
WebKeys:0.12111111111111111
