MCMModel:0.7966666666666666
MCMScuDelegate:0.23
MCMConsoleCtrl:0.16666666666666666
