IntegrationTest:0.7133333333333334
AbstractIntegrationTest:0.39
TestFactory:0.3333333333333333
