Tables:0.6191666666666666
Result:0.5533333333333333
Record:0.5266666666666666
Convert:0.4633333333333333
jOOQAbstractTest:0.37666666666666665
ResultQuery:0.34045238095238095
Keys:0.32022222222222224
ResultImpl:0.21333333333333335
Public:0.21333333333333335
GeneralTests:0.21333333333333335
DataTypeTests:0.12666666666666668
AbstractRecord:0.10333333333333333
AbstractDelegatingSelect:0.10333333333333333
jOOQHSQLDBTest:0.08666666666666667
AbstractResultQuery:0.06666666666666667
ConvertAll:0.06
