SelectQuery:0.6727777777777778
SelectQueryImpl:0.4866666666666667
SelectImpl:0.38
SQLServerTest:0.26666666666666666
