Shape:0.7133333333333334
Materialisation:0.34
PullNode:0.22666666666666666
TestMaterialisation:0.19666666666666666
TestShapeGenerator:0.19
