JoinFilterCacheKey:0.38333333333333336
PagesIndex:0.2633333333333333
CacheKey:0.25333333333333335
JoinFilterFunctionCompiler:0.21666666666666667
SimplePagesHashStrategy:0.18666666666666668
JoinCompiler:0.16666666666666666
Visitor:0.15666666666666668
HashBuilderOperator:0.14
TestPositionLinks:0.13666666666666666
IndexSnapshotBuilder:0.13666666666666666
HashBuilderOperatorFactory:0.12666666666666668
JoinFilterFunctionFactory:0.12666666666666668
LookupSourceSupplierFactory:0.10333333333333333
TestJoinProbeCompiler:0.1
JoinHashSupplier:0.07333333333333333
IsolatedJoinFilterFunctionFactory:0.04
