PaddingStringBufferTest:0.31666666666666665
ArchiveUtilsTest:0.30666666666666664
ARCWriterProcessor:0.27
TmpDirTestCase:0.14333333333333334
DiskQueueTest:0.11666666666666667
ExtractorUniversal:0.11666666666666667
MemLongFPSetTest:0.10333333333333333
LongFPSetCacheTest:0.09
DiskBackedQueueTest:0.09
MemQueueTest:0.09
QueueTestBase:0.04
LongFPSetTestCase:0.02666666666666667
SharedExclusiveLock:0.0033333333333333335
