JSPRelationMiner:0.5466666666666666
RelationCrawler:0.5133333333333333
