X509AuthenticationProvider:0.7933333333333333
NullX509UserCache:0.37666666666666665
