QueryTest:0.6555555555555557
IssuesTest:0.3566666666666667
MapTransactionTest:0.3433333333333333
