PercolateContext:0.51
PercolatorService:0.2352777777777778
PercolateShardResponse:0.23444444444444448
MatchAndScore:0.21
Match:0.20633333333333334
MatchAndSort:0.20333333333333334
PercolatorTests:0.19
