RIDSupport:0.38666666666666666
QueryRetrieveScpService:0.36333333333333334
ExportManagerService:0.36
WADOSupport:0.31666666666666665
StudyInfoService:0.27
XDSIService:0.23666666666666666
FindScp:0.20633333333333334
VMFMultiCFindRsp:0.18
