SkypeManager:0.8538888888888888
SkypeAction:0.29333333333333333
