JUMPConfiguration:0.5766666666666667
ExtractLayersByGeometry:0.45666666666666667
OpenJumpConfiguration:0.43333333333333335
ExtractLayerInFence:0.29
ChangeLayerableNamePlugIn:0.19666666666666666
