Traversable:0.533888888888889
Value:0.5066666666666667
Foldable:0.35
