SeedList:0.5772222222222222
SeedListTest:0.5166666666666667
