Gedcom:0.5833333333333334
Indi:0.35
ViewManager:0.3333333333333333
EditView:0.31666666666666665
EditViewFactory:0.22666666666666666
PropertyTree:0.22333333333333333
SpouseOf:0.13222222222222224
