TransitionSet:0.36666666666666664
ActionList:0.3466666666666667
StateExceptionHandlerSet:0.32666666666666666
