TestPlanSpecification:0.7066666666666667
JUnit5TestEngineTests:0.20666666666666667
TestPlanSpecificationTests:0.15
ConsoleRunner:0.14
