DeleteByQueryRequest:0.6333333333333333
DeleteByQueryBasicTests:0.25333333333333335
RetryTests:0.24333333333333335
RethrottleTests:0.20666666666666667
DeleteByQueryRequestTests:0.09
