FieldStatsRequest:0.4766666666666667
FieldStatsShardRequest:0.3466666666666667
FieldStats:0.30833333333333335
Double:0.25
Float:0.25
Long:0.25
TransportFieldStatsTransportAction:0.14333333333333334
Date:0.125
Text:0.10111111111111112
FieldStatsRequestBuilder:0.0825
FieldStatsTests:0.07333333333333333
RestFieldStatsAction:0.06583333333333333
FieldStatsIntegrationTests:0.023333333333333334
