CountingSort:0.47111111111111104
QuickSort:0.38666666666666666
Sorts:0.29333333333333333
