SparkInstance:0.5366666666666666
SparkServer:0.27244444444444443
JettySparkServer:0.25666666666666665
