ClamAVScanner:0.5244444444444445
InputStreamScannerChain:0.31972222222222224
OutputStreamScannerChain:0.31972222222222224
