TableIdent:0.8733333333333333
SysShardsTableInfo:0.2966666666666667
TableIdentTest:0.17
