WADORequestObject:0.65
WADOSupport:0.4033333333333333
WADOService:0.36333333333333334
WADOServiceDelegate:0.2833333333333333
WADOServlet:0.27666666666666667
RequestObjectFactory:0.17666666666666667
