AbstractDbDialect:0.4866666666666667
SqlTemplate:0.3566666666666667
MsSqlDbDialect:0.35333333333333333
SqlScript:0.2916666666666667
PostgreSqlDbDialect:0.29
TestFactory:0.15333333333333332
