HiveClientConfig:0.89
StaticHiveCluster:0.2833333333333333
HiveClientModule:0.2733333333333333
TestHiveClientConfig:0.25
