Seq:0.4666666666666667
List:0.37333333333333335
LinearSeq:0.31
CharSeqTest:0.2866666666666667
Stream:0.27
Nil:0.24333333333333335
Stack:0.24253968253968253
Cons:0.2342063492063492
Vector:0.23333333333333334
AbstractSeqTest:0.21666666666666667
Queue:0.18333333333333332
CharSeq:0.17333333333333334
IndexedSeq:0.14587301587301588
