CollectionSet:0.51
AliasedGroup:0.3433333333333333
IfAliasResourceType:0.23333333333333334
AliasedResource:0.23
