InvoiceTest:0.48
State:0.2916666666666667
Issue:0.26
IssueTest:0.10666666666666667
