PreferenceConstants:0.66
OutgoingInvitationProcess:0.44333333333333336
SessionManager:0.3433333333333333
MultiUserChatManager:0.25
PreferenceInitializer:0.08666666666666667
CommunicationNegotiatingManager:0.03333333333333333
CommunicationPreferencePage:0.013333333333333334
