BroadcasterCache:0.5153333333333333
DefaultBroadcaster:0.51
ApplicationConfig:0.4976111111111112
BroadcasterConfig:0.44333333333333336
JerseyBroadcasterUtil:0.17333333333333334
BroadcasterCacheBase:0.15666666666666668
