WorkspaceOperations:0.6183333333333333
JpdlSerializer:0.47333333333333333
SearchPage:0.31666666666666665
