QueryChunk:0.6913333333333334
QueryUtils:0.5033333333333333
