MapBasedMethodDefinitionSource:0.6566666666666666
BusinessService:0.41336111111111107
GlobalMethodSecurityBeanDefinitionParserTests:0.33666666666666667
ProtectPointcutPostProcessor:0.23666666666666666
Jsr250BusinessServiceImpl:0.21333333333333335
MapBasedMethodDefinitionSourceTests:0.09666666666666666
BusinessServiceImpl:0.07666666666666666
