SimpleCitation:0.44666666666666666
SimpleName:0.4033333333333333
AliasList:0.36
NetcdfTransformFactory:0.2758333333333333
ProjectionProvider:0.1633730158730159
NetcdfTransformFactoryTest:0.12333333333333334
Albers:0.11333333333333333
Transverse:0.11333333333333333
Perspective:0.11333333333333333
Ortho:0.11333333333333333
Flat:0.11333333333333333
LambertAzimuthal:0.11333333333333333
UTM:0.07666666666666666
Mercator2SP:0.02666666666666667
RotatedSouth:0.02666666666666667
ObliqueStereographic:0.02666666666666667
PlateCarree:0.02666666666666667
LambertConic1SP:0.02666666666666667
RotatedNorth:0.02666666666666667
