MapServiceContext:0.49450000000000005
ICacheRecordStore:0.4813452380952381
AbstractCacheService:0.44
AbstractCacheRecordStore:0.4066666666666667
MapServiceContextImpl:0.30666666666666664
CachePartitionSegment:0.30333333333333334
PartitionContainer:0.21
MapManagedService:0.15666666666666668
