TimeProvider:0.6483333333333333
ReplicatedChronicleMap:0.4266666666666667
ReplicatedMapEntryStages:0.2966666666666667
OldDeletedEntriesCleanup:0.2833333333333333
TcpTimeBasedReplicationSoakTest:0.17
