Cfg:0.63
ResultMonitorTab:0.43
MsgQuery:0.25
SWQuickDownloadAction:0.21588888888888888
AddToFavoritesAction:0.1988888888888889
BanHostAction:0.1988888888888889
SWConfigDownloadAction:0.1988888888888889
UltrapeerCapabilityChecker:0.14
ResearchChangeListener:0.1
