IteratingPCCompoundASNReader:0.2966666666666667
IteratingMDLReader:0.2833333333333333
IteratingSMILESReader:0.2833333333333333
DefaultIteratingChemObjectReader:0.22666666666666666
IteratingPCCompoundXMLReader:0.22
IteratingPCSubstancesXMLReader:0.20333333333333334
