ElementMatchersTest:0.5333333333333333
JavaModule:0.35833333333333334
AgentBuilderDefaultTest:0.2966666666666667
ExecutingTransformer:0.2733333333333333
Dispatcher:0.21777777777777782
Factory:0.2
JavaTypeTest:0.14
