Node:0.32301572
MemoryNode:0.17328449
PointerNode:0.15926401
Trace:0.050091226
HsqlException:0.0066730366
