CachedRow:0.18644263
DataFileCache:0.17833045
TextCache:0.10288872
DataFileDefrag:0.06770595
Trace:0.05537467
Log:0.05208594
Table:0.050932087
DatabaseInformationFull:0.043085434
Database:0.036422122
HsqlDatabaseProperties:0.028531756
CacheFree:0.017569913
DITableInfo:0.014905046
ScaledRAFile:0.012600766
HsqlException:0.0092822565
