TemplateHandler3D:0.7886111111111112
ModelBuilder3dTest:0.5858333333333332
