DataFilter:0.6713888888888889
TestExport:0.11333333333333333
