ShadowMotionEvent:0.56
NativeInput:0.34
ShadowGestureDetectorTest:0.25333333333333335
ShadowVelocityTracker:0.21333333333333335
ShadowMotionEventTest:0.20666666666666667
