TransportSQLActionTest:0.5316666666666666
StatementAnalyzer:0.45166666666666666
SelectAnalyzerTest:0.32
