MapService:0.4033333333333333
MapProxySupport:0.31333333333333335
RemoveOperation:0.29
MapEvictTask:0.29
RemoveAllOperation:0.27416666666666667
GetAllOperation:0.265
QueueService:0.26
PutOperation:0.25
MultiMapProxySupport:0.23333333333333334
QueryOperation:0.22611111111111115
BasePutOperation:0.22
BaseRemoveOperation:0.22
GetOperation:0.21733333333333335
