SQLParser:0.37833333333333335
JtdsStatement:0.36333333333333334
CallableStatementTest:0.3466666666666667
JtdsPreparedStatement:0.3233333333333333
SunTest:0.23666666666666666
