BuildInformationRepositoryInMemoImpl:0.9033333333333333
BuildInformationRepositoryInMemoImplTest:0.41333333333333333
