AbstractDragGraphic:0.59
Graphic:0.5633333333333334
MeasureTool:0.39666666666666667
AbstractDragGraphicOld:0.3
JMVUtils:0.21
PolygonGraphic:0.21
MeasureDialog:0.2
TableNumberRenderer:0.19666666666666666
PropertiesDialog:0.19333333333333333
TableColumnAdjuster:0.09666666666666666
ContextMenuHandler:0.07333333333333333
TableHeaderRenderer:0.016666666666666666
