StringUtil:0.6233333333333333
BinderModuleImpl:0.5233333333333333
AclResourceSession:0.435
IndexHelper:0.1811111111111111
