GeoView:0.7633333333333333
ZoomOnOff:0.36666666666666664
