Materialisation:0.6166666666666667
AbstractPatternGraph:0.25666666666666665
PatternEquivRel:0.23666666666666666
TestMaterialisation:0.03333333333333333
