BaseForm:0.39
TooltipBehaviour:0.30666666666666664
SimpleDateTimeField:0.27777777777777773
ModuleSelectorPanel:0.21166666666666667
