KryoSerializer:0.39
JDKSerializer:0.3
Serialization:0.27666666666666667
ByteArraySerializer:0.18333333333333332
