IndexShard:0.72
InternalEngine:0.4033333333333333
IndexingMemoryController:0.36
ShardAndBytesUsed:0.24666666666666667
ShardsIndicesStatusChecker:0.17
EngineMergeScheduler:0.10333333333333333
SearchFactory:0.013333333333333334
ShardEngineFailListener:0.0
