KernelQedeqBo:0.6466666666666666
DefaultKernelQedeqBo:0.6066666666666667
StateManager:0.38
ControlVisitor:0.26666666666666666
QedeqBoFormalLogicChecker:0.21444444444444447
LoadRequiredModules:0.17777777777777778
PluginManager:0.15
Qedeq2LatexPlugin:0.1
PluginResultManager:0.02666666666666667
PluginResults:0.026111111111111113
