LookupSource:0.68
OuterLookupSource:0.41333333333333333
EmptyLookupSource:0.20333333333333334
JoinHash:0.20333333333333334
