FetchOrEval:0.41333333333333333
LogicalPlanner:0.30666666666666664
HasColumnVisitor:0.25666666666666665
Symbols:0.24666666666666667
SubQueryPlannerTest:0.24
LogicalPlannerTest:0.21
CopyStatementPlanner:0.19666666666666666
Visitor:0.13666666666666666
InsertFromSubQueryPlanner:0.11666666666666667
GlobalAggregatePlannerTest:0.04
