ClientConductor:0.737111111111111
SubscriberMap:0.3416666666666667
