Catalog:0.6666666666666666
RecordingWriter:0.4066666666666667
RecordingFragmentReader:0.38666666666666666
