WebCfgDelegate:0.4033333333333333
TCObject:0.2966666666666667
TCUtilities:0.2966666666666667
TCViewPanel:0.2733333333333333
WebCfgService:0.26666666666666666
TCViewDialog:0.23
TCViewGenericTextTab:0.195
ForumAPI:0.19
TCPanel:0.17333333333333334
JForumAPI:0.16666666666666666
TCResultPanel:0.11
TCViewForumTab:0.05333333333333334
TCForumPostsPanel:0.04666666666666667
ImageManager:0.02666666666666667
