Property:0.6066666666666667
TagPath:0.30666666666666664
Glue:0.22
TagPathTree:0.20466666666666666
GedcomReader:0.17
ActionInsert:0.14666666666666667
Example:0.14333333333333334
ChoosePropertyBean:0.11666666666666667
LinkedBy:0.11
BlueprintEditor:0.09666666666666666
