ExecutionService:0.59
LockServiceImpl:0.39
ScheduledExecutorServiceDelegate:0.3
MapService:0.25166666666666665
AbstractReplicatedRecordStore:0.23666666666666666
BasicInvocation:0.22666666666666666
ClusterServiceImpl:0.22666666666666666
BasicOperationService:0.22333333333333333
PartitionServiceImpl:0.2111111111111111
QueueService:0.20666666666666667
ExecutionServiceImpl:0.20666666666666667
MapContainer:0.18666666666666668
MapStoreTest:0.15333333333333332
ScheduledTaskRunner:0.0033333333333333335
WaitingOnFirstTestMapStore:0.0
