CharStream:0.7533333333333333
TokenStream:0.6066666666666667
RuleContext:0.3433333333333333
ParserRuleContext:0.3333333333333333
Parser:0.3233333333333333
LexerNoViableAltException:0.29333333333333333
CommonToken:0.2833333333333333
ANTLRInputStream:0.25333333333333335
TokenRewriteStream:0.23666666666666666
IntTokenStream:0.23666666666666666
Lexer:0.23
ParserATNSimulator:0.22
UnbufferedCharStream:0.21666666666666667
LexerATNSimulator:0.21
UnbufferedTokenStream:0.20666666666666667
BufferedTokenStream:0.20666666666666667
DefaultErrorStrategy:0.18
TestTokenRewriteStream:0.17666666666666667
DiagnosticErrorListener:0.16333333333333333
