SnmpPeerFactory:0.82
Snmpv3PluginTest:0.2733333333333333
SnmpV3Monitor:0.15666666666666668
SnmpV3Plugin:0.13666666666666663
