SimulatorModel:0.6466666666666666
GraphEditorTab:0.6275
GraphTab:0.35333333333333333
