Index:0.5933333333333334
SosaPlugin:0.42
Root:0.2966666666666667
SosaIndex:0.16333333333333333
Remove:0.16333333333333333
Maintain:0.1
Reindex:0.03333333333333333
