Info:0.41
LookAndFeelSettings:0.29
LookAndFeelPlugin:0.24111111111111114
AbstractPlugin:0.20666666666666667
