TaskCollectingVisitor:0.6133333333333333
DDLStatementDispatcher:0.31666666666666665
DCLStatementDispatcher:0.26
