Structure:0.5
Function:0.48
Native:0.44
StructureTest:0.3333333333333333
BadFieldStructure:0.2063968253968254
CbStruct2:0.2063968253968254
VolatileStructure:0.2063968253968254
VarArgsTest:0.2
TestLibrary:0.19
Handler:0.13333333333333333
NativeCallbackHandler:0.11666666666666667
StructField:0.041222222222222216
CbTest:0.03666666666666667
