Configuration:0.5466666666666666
XmlDataSource:0.32666666666666666
Timeslots:0.2866666666666667
TimeslotsTableModel:0.22666666666666666
TableHeaderListener:0.13222222222222224
SetConfigurationActionListener:0.006666666666666667
