XmlReportWriter:0.49
XmlReportsWritingListener:0.35777777777777775
XmlReportData:0.32
XmlReportsWritingListenerTests:0.26666666666666666
