Utils:0.7233333333333334
AbstractField:0.43666666666666665
MergeImpl:0.2966666666666667
Pivot:0.25333333333333335
DataTypeTest:0.21333333333333335
