NDArray:0.6566666666666666
ComplexNDArray:0.61
FFT:0.22666666666666666
ComplexNDArrayTests:0.17
FFTTest:0.16
VectorFFT:0.07666666666666666
ComplexNDArrayUtilTests:0.02
