SEach:0.5033333333333333
Walker:0.48
LBrace:0.22
SFor:0.21666666666666667
BasicStatementTests:0.21333333333333335
