Fiber:0.51
Stack:0.35333333333333333
InstrumentMethod:0.28
TraceLine:0.24
InstrumentClass:0.17
SuspendableHelper:0.14666666666666667
FrameInfo:0.08
