Proto:0.5266666666666666
ValueType:0.4666666666666667
DeclaringPackage:0.2833333333333333
MetaAnnotated:0.27
AbstractDeclaring:0.18666666666666668
