Lab:0.45
Research:0.43333333333333335
Vehicle:0.3333333333333333
Landmark:0.31333333333333335
VehicleDescriptor:0.26
ResearchDescriptor:0.16
LabDescriptor:0.16
LandmarkDescriptor:0.11
