JavaBeanSerializer:0.4
Context:0.33666666666666667
Model:0.14622222222222223
SerializeEnumAsJavaBeanTest:0.14333333333333334
SerializeEnumAsJavaBeanTest_private:0.14333333333333334
