SetupFlyweight:0.7365555555555555
DataHeaderFlyweight:0.41766666666666663
