IndicesAliasesRequest:0.6566666666666666
IndexAliasesIT:0.39666666666666667
RestIndicesAliasesAction:0.17333333333333334
