UserSharingRightsInfoRpcResponseData:0.47333333333333333
GwtServerHelper:0.44333333333333336
PerUserShareRightsInfo:0.35
GwtViewHelper:0.2966666666666667
GwtMenuHelper:0.2833333333333333
UserShareRightsDlg:0.2111111111111111
