PUTFIELD:0.5432936507936508
PUTSTATIC:0.5432936507936508
