LwjglGL20:0.505
TiledMap:0.4533333333333333
SpriteBatch:0.31666666666666665
ImmediateModeRenderer20:0.24666666666666667
FilesTest:0.2288888888888889
Rect:0.215
TmxMapLoader:0.20777777777777778
TideMapLoader:0.17
LwjglDebugStarter:0.14333333333333334
