MasterSlaveConnectionManager:0.66
CommandHandler:0.30333333333333334
ConnectionManager:0.2833333333333333
SentinelConnectionManager:0.22666666666666666
