OutputBufferManager:0.4984444444444444
BroadcastOutputBufferManager:0.20666666666666667
PartitionedOutputBufferManager:0.20666666666666667
