JMSDelegate:0.5
MediaComposerService:0.31
CDRecordService:0.24
MakeIsoImageService:0.22666666666666666
MediaCreationMgtScpService:0.21333333333333335
NeroCmdService:0.21333333333333335
AbstractMediaWriterService:0.165
