CAToken:0.5933333333333334
PurposeMapping:0.3333333333333333
CATokenConstants:0.18833333333333332
