TimePicker:0.5966666666666667
ButtonFragment:0.2941666666666667
YearPicker:0.23
YearAdapter:0.21916666666666668
MainActivity:0.19666666666666666
DialogFragment:0.18333333333333335
TimePickerLayout:0.18
