TcpTransport:0.7116666666666667
AbstractSimpleTransportTestCase:0.45
SimpleNetty4TransportTests:0.15666666666666668
MockTcpTransportTests:0.12666666666666668
