CollectionUtils:0.5972936507936508
HttpSessionMap:0.32666666666666666
PortletSessionMap:0.32666666666666666
EmptyEnumeration:0.25666666666666665
