TermTree:0.6166666666666667
CheckLTLAction:0.2733333333333333
CheckCTLAction:0.22333333333333333
