Parser:0.6466666666666666
AbstractParser:0.17333333333333334
DeployParser:0.15333333333333332
