Id:0.4633333333333333
AbstractDataAnalysis:0.3333333333333333
IdTest:0.27
PartitionName:0.22333333333333333
Importer:0.2
PartitionNameTest:0.2
