ParseField:0.49666666666666665
AbstractQueryTestCase:0.4766666666666667
QueryParseContext:0.37777777777777777
MatchAllQueryBuilderTests:0.22333333333333333
