Field:0.6877777777777778
Parameter:0.2826746031746032
