WordVectorsImpl:0.43
InMemoryLookupTable:0.41
Builder:0.3233333333333333
JointStorage:0.23333333333333334
WeightLookupTable:0.18416666666666667
