Authentication:0.43666666666666665
RedirectSafelyEvent:0.3433333333333333
ISingleSignOnTask:0.30666666666666664
Servlet:0.2966666666666667
BundleInvoker:0.29
AuthenticationResult:0.22333333333333333
Invoker:0.18666666666666668
AuthenticationConfig:0.09333333333333334
AuthenticationAdapter:0.056666666666666664
