AbstractTestHiveClientS3:0.5733333333333334
TestingHiveMetastore:0.5433333333333333
TestHiveClientS3:0.14
