QueueContainer:0.49
QueueService:0.37333333333333335
ClusterListenerThread:0.2111111111111111
ClientClusterServiceImpl:0.20666666666666667
MapStoreTest:0.19333333333333333
ClientIssueTest:0.056666666666666664
