TestDocument:0.6866666666666666
Files:0.5966666666666667
