PagerdutyNotifier:0.4533333333333333
ApplicationDiscoveryListener:0.28
AbstractStatusChangeNotifier:0.24666666666666667
MailNotifier:0.23333333333333334
HipchatNotifier:0.23333333333333334
SlackNotifier:0.23333333333333334
AbstractEventNotifier:0.22666666666666666
DefaultServiceInstanceConverter:0.13666666666666666
