LockOptions:0.5266666666666666
CoreMessageLogger:0.4
Loader:0.37333333333333335
CriteriaLoader:0.21
