GLContext:0.48333333333333334
BufferObjectTracker:0.46
ContextCapabilities:0.45666666666666667
ContextCapabilitiesGenerator:0.3
