AuditLogger:0.4866666666666667
ProcedureRecord:0.42333333333333334
AuditLoggerImpl:0.37333333333333335
PatientRecord:0.3333333333333333
IHEYr4:0.23333333333333334
