RequestBuilderTest:0.7066666666666667
Builder:0.4
RequestBuilder:0.24
RawPart:0.19299999999999998
