CachingLogic:0.3416666666666667
CacheReaderExclusiveAccess:0.32666666666666666
CacheReader:0.3233333333333333
JbpmExecutionLogic:0.31333333333333335
CacheWriter:0.31
JbpmCommonLogic:0.26666666666666666
