SessionFactoryImpl:0.57
ClassLoaderServiceImpl:0.36666666666666664
JpaIntegrator:0.24333333333333335
PersistCascadeStyle:0.17666666666666667
JPADuplicationStrategy:0.05333333333333334
