BidirectionalLayer:0.53
Bidirectional:0.3466666666666667
BidirectionalParamInitializer:0.31333333333333335
Builder:0.27
TimeSeriesUtils:0.1461111111111111
