CompletionEngine:0.7366666666666667
SelectionEngine:0.42222222222222217
