Email:0.8466666666666667
Delete:0.24333333333333335
