DebugASTPrinter:0.5616666666666666
OperatorRewriter:0.37166666666666665
OperatorRewriterTest:0.33
