AtmosphereResource:0.6433333333333333
AtmosphereRequest:0.5833333333333334
AtmosphereResourceImpl:0.44
AtmosphereResourceFactoryTest:0.29
DefaultWebSocketProcessor:0.21333333333333335
AsynchronousProcessor:0.19
AtmosphereResourceFactory:0.17666666666666667
SessionTest:0.04833333333333333
