JSONLexerBase:0.7766666666666666
ASMDeserializerFactory:0.4666666666666667
DateBenchmark:0.3233333333333333
