ClientEngine:0.55
WidgetFactory:0.55
ServerEngine:0.5466666666666666
Styles:0.5166666666666667
XMLSAXParser:0.49333333333333335
CommonConfiguration:0.46
StyleSets:0.43333333333333335
ConcreteLayer:0.4033333333333333
ServerConfiguration:0.38666666666666666
Synth2LookAndFeel:0.38333333333333336
Synth2:0.3233333333333333
AppliConfiguration:0.31666666666666665
MapsDFLoaderListener:0.31666666666666665
LayerPanel:0.24666666666666667
ARINCToggleButton:0.24666666666666667
AbstractWidgetFactory:0.24
ARINCSettings:0.23333333333333334
LabelRenderer:0.23
WidgetListener:0.21666666666666667
ARINCUIManager:0.21666666666666667
AbstractXMLDFHandler:0.215
UIDefinition:0.21333333333333335
AbstractServerEngine:0.21333333333333335
AbstractClientEngine:0.20333333333333334
DefaultARINCUtils:0.2
ARINC661App:0.2
BasicClientEngine:0.2
Synth2Parser:0.19866666666666666
SynthConverterAction:0.19666666666666666
UIDefinitionHandler:0.19333333333333333
EmbedClient:0.19333333333333333
ARINCLabel:0.17333333333333334
UIComponentsFactory:0.16666666666666666
UIDefinitionParser:0.16333333333333333
EditorWidgetTableConstructor:0.16
WidgetTableConstructor:0.16
GUIClientEngine:0.16
ClientMapUtilities:0.15666666666666668
ExtractStyleSetsDialog:0.14666666666666667
LookModelPlugin:0.13833333333333334
StyleSetsHandler:0.09
MapItemPanelFactory:0.08333333333333333
ConfigurationSerializer:0.08333333333333333
StyleSetWriter:0.06
SynthXMLLookParser:0.04666666666666667
StyleSetExtractionAction:0.043333333333333335
AbstractTableEditor:0.03
SwingStyleSetExtractor:0.021666666666666667
