IoUtil:0.5433333333333333
MappingConductorBufferStrategy:0.30333333333333334
ConductorBuffers:0.27
SharedDirectories:0.25333333333333335
AeronTest:0.24333333333333335
UnicastReceiverTest:0.21
CreatingConductorBufferStrategy:0.18333333333333332
MediaConductorTest:0.18
