MoleculesPage:0.4646666666666667
DescriptorsPage:0.2866666666666667
ResponsesPage:0.26666666666666666
