StringGrid:0.5988888888888888
Word2Vec:0.29333333333333333
SentenceIteratorTest:0.25666666666666665
