DataTable:0.36666666666666664
HTMLBR:0.3
HTMLReport:0.28
WebserviceBeanRemote:0.25833333333333336
HTMLColumn:0.24666666666666667
ToolsBean:0.24
KuwaibaService:0.24
DefaultReports:0.23916666666666667
DrawChartFunction:0.19333333333333333
WebserviceBean:0.18
ProjectsModule:0.1475
HTMLDiv:0.10333333333333333
HTMLHx:0.04
JavaScriptFunction:0.02
ChartsFactory:0.011111111111111112
