SarosSessionManager:0.36333333333333334
InvitationProcess:0.2633333333333333
OutgoingSessionNegotiation:0.24
IncomingSessionNegotiation:0.21083333333333334
IncomingProjectNegotiation:0.18
OutgoingProjectNegotiation:0.16
ProjectNegotiation:0.09666666666666666
