ClientMapTest:0.3883333333333333
PartitionClientRequest:0.33
MapGetRequest:0.25666666666666665
MapRemoveRequest:0.25666666666666665
MapPutRequest:0.25666666666666665
