JComboBoxMW:0.6016666666666667
ManufactureTabPanel:0.42333333333333334
ResourceProcessesTabPanel:0.35333333333333333
GoodsTabPanel:0.22
