FieldNamesFieldMapper:0.8366666666666667
OldIndexBackwardsCompatibilityTests:0.49333333333333335
FieldNamesFieldMapperTests:0.06333333333333334
