BSON:0.5033333333333333
JavaClientTest:0.37666666666666665
BasicBSONCallback:0.35333333333333333
