CasCoreBootstrapStandaloneConfiguration:0.801
CasConfigurationProperties:0.6922222222222223
CasCoreConfigurationWatchConfiguration:0.2833333333333333
