MimeSubCrawler:0.8755555555555554
MimeSubCrawlerTest:0.11666666666666667
