CompletionSuggestSearchIT:0.45666666666666667
ObjectParser:0.4166666666666667
CompletionSuggestionContext:0.23666666666666666
ObjectParserTests:0.2
ContextAndSuggest:0.1
ContextCompletionSuggestSearchIT:0.05333333333333334
CompletionSuggestParser:0.0
