DirContextAdapter:0.6733333333333333
LdapTemplate:0.4866666666666667
AbstractContextSource:0.3333333333333333
LdapTemplateListTest:0.22666666666666666
LdapTemplateTest:0.22
LdapTemplateLookupTest:0.2
PagedResultsRequestControl:0.19333333333333333
LdapTemplateModifyITest:0.19333333333333333
LdapTemplateRenameTest:0.18333333333333332
ContextMapperCallbackHandler:0.17622222222222222
LdapTemplateRecursiveDeleteITest:0.16333333333333333
MappingCollectingNameClassPairCallbackHandler:0.14666666666666667
AttributesMapperCallbackHandler:0.14666666666666667
LdapTemplateRenameITest:0.13333333333333333
LdapTemplateBindUnbindITest:0.13333333333333333
LdapTemplateNoBaseSuffixITest:0.11666666666666667
CreateControlFailedException:0.10293650793650794
ObjectRetrievalException:0.10293650793650794
DefaultNamingExceptionTranslator:0.1
