LuceneSearcher:0.3933333333333333
SearchManager:0.35
GetRecordById:0.23166666666666666
XmlSerializer:0.19666666666666666
DescribeRecord:0.18666666666666668
AbstractOperation:0.17666666666666667
GetCapabilities:0.17666666666666667
CatalogSearcher:0.16
OgcGenericFilters:0.1
