DevicesPainter:0.8382222222222222
DefaultCursorRenderer:0.37222222222222223
