RemoteActor:0.5633333333333334
GlxRemoteChannel:0.5133333333333333
PeerTKB:0.29
GlxRemoteActor:0.2733333333333333
