JdbcUserDetailsManager:0.43333333333333335
JdbcUserDetailsManagerTests:0.43
PopulatedDatabase:0.3566666666666667
InsertGroup:0.1375
AllGroupsQuery:0.11333333333333333
InsertGroupAuthority:0.050833333333333335
GroupMembersQuery:0.043333333333333335
FindGroupIdQuery:0.043333333333333335
