VisitContextTest:0.4533333333333333
InsertQueryImpl:0.45
AbstractStoreQuery:0.27666666666666667
InsertSelectQueryImpl:0.17
