Multiplicity:0.4533333333333333
Shape:0.4166666666666667
Util:0.35333333333333333
EdgeSignature:0.23
