SamplePoints:0.5233333333333333
MathTransformTest:0.4266666666666667
