BulkShardProcessor:0.77
SymbolBasedBulkShardProcessor:0.3466666666666667
LuceneDocCollector:0.2966666666666667
CollectionAbortedException:0.20666666666666667
