Walker:0.46
OVsnmpSessionTest:0.31666666666666665
SnmpCallbackTemplate:0.26
OpenNMSDaemon:0.25333333333333335
TrapProcessingDaemon:0.24666666666666667
