EatMeal:0.8766666666666667
EatMealMeta:0.3933333333333333
