ThresholdFileWriter:0.4666666666666667
StagedResource:0.31666666666666665
ProtocolDataReader:0.27
AbstractDataReader:0.25333333333333335
BatchUriHandler:0.18
