CrateSettingsPreparer:0.6266666666666667
BootstrapProxy:0.45888888888888885
NodeSettingsTest:0.16666666666666666
