Groove:0.7766666666666666
Options:0.38333333333333336
