BaseTest:0.7133333333333334
TestGenerator:0.5566666666666666
