Madvoc:0.6133333333333333
WebApplication:0.35
InterceptorsManager:0.24
MadvocController:0.23333333333333334
ResultsManager:0.16333333333333333
ServletConfigInterceptor:0.15333333333333332
MadvocContextInjector:0.14333333333333334
MadvocParamsInjectorTest:0.13
MadvocParamsInjector:0.12333333333333334
TomcatTestServer:0.11
MyWebApplication:0.03
