Py:0.5933333333333334
PyTraceback:0.4066666666666667
PyException:0.35
PyTableCode:0.2277777777777778
