CriticalPair:0.57
LazyCriticalPairSet:0.3933333333333333
ParallelPair:0.3466666666666667
ConfluenceResult:0.25333333333333335
HostGraphWithMorphism:0.2305555555555555
OrderedCriticalPairSet:0.17333333333333334
TestDeleteUseWithAttributes:0.15
ConfluenceAnalyzer:0.11666666666666667
TestConfluenceWithAttributes:0.08
TestConfluence:0.07666666666666666
TestDeleteUse:0.04666666666666667
ConfluentPair:0.023333333333333334
