PortletAuthenticationProvider:0.47333333333333333
NullUserCache:0.4666666666666667
PortletSessionContextIntegrationInterceptor:0.3466666666666667
PortletProcessingInterceptor:0.18666666666666668
PortletAuthenticationToken:0.08666666666666667
UserCache:0.04666666666666667
ContainerPortletAuthoritiesPopulator:0.04666666666666667
EhCacheBasedUserCache:0.016666666666666666
DaoPortletAuthoritiesPopulator:0.008888888888888889
PortletAuthoritiesPopulator:0.0011111111111111111
