XLogMessage:0.445
XBaseTransaction:0.42133333333333334
XAbstractService:0.42
Structure:0.4166666666666667
