IMolecule:0.63
CDKMolecule:0.4666666666666667
ICDKManager:0.43916666666666665
CDKManager:0.43666666666666665
DBMolecule:0.30333333333333334
TestCDKQsar:0.24333333333333335
CDK10Manager:0.22833333333333333
StructuredbManager:0.21666666666666667
CDKManagerTest:0.21333333333333335
CDK10Molecule:0.21333333333333335
StructuredbManagerTest:0.18333333333333332
TestQsarManager:0.17833333333333334
TestCDKMolecule:0.16833333333333333
TestCDK10Molecule:0.15333333333333332
MoleculeManager:0.12
SMILESMolecule:0.11
CreateSmilesAction:0.08333333333333333
