CAToken:0.69
KeyStoreCache:0.3433333333333333
CachingKeyStoreWrapper:0.28
CATokenTestBase:0.24666666666666667
SoftCATokenTest:0.18666666666666668
PKCS11CATokenTest:0.16555555555555557
