BioclipseConstants:0.9604444444444444
UIPreferenceInitializer:0.26666666666666666
