RecordStore:0.8633333333333333
EntryBackupOperation:0.31666666666666665
PutBackupOperation:0.2966666666666667
PartitionWideEntryBackupOperation:0.2544444444444445
MultipleEntryBackupOperation:0.2544444444444445
PutAllBackupOperation:0.21666666666666667
DefaultRecordStore:0.20666666666666667
RemoveBackupOperation:0.20333333333333334
MapReplicationOperation:0.14333333333333334
