FeatureView:0.563888888888889
PickViewI:0.4274444444444445
EnsCGIAdapter:0.38
