SplitPoints:0.5866666666666667
GlobalAggregateConsumer:0.22333333333333333
Visitor:0.2
SplitPointsTest:0.15666666666666668
SplitPointVisitor:0.15666666666666668
