Model:0.5133333333333333
Table:0.48333333333333334
ERDesignerComponent:0.39
SQL92SQLGenerator:0.36666666666666664
HandTool:0.23333333333333334
ERDesignerGraph:0.19666666666666666
