ExSymExe2:0.47333333333333333
ExSymExe1:0.18333333333333332
ExSymExe29:0.16666666666666666
ExSymExe28:0.13333333333333333
ExSymExe4:0.12333333333333334
ExSymExe3:0.12333333333333334
