GwtUIHelper:0.6966666666666667
WebKeys:0.416984126984127
LoginFilter:0.27666666666666667
PortletUrlToStringHelper:0.10666666666666667
