ComboTester:0.8866666666666667
ComboTesterTest:0.11333333333333333
