DataSink:0.7633333333333333
PostFiles:0.3877777777777778
TopFrame:0.37333333333333335
