AndroidApplication:0.46
AndroidLiveWallpaper:0.42333333333333334
AndroidDaydream:0.37666666666666665
