UniversalIsomorphismTester:0.5133333333333333
RGraph:0.49666666666666665
InvPair:0.2633333333333333
BondTools:0.26
FingerprinterTool:0.09333333333333334
