DataProviderTestTask:0.38
NativeLibRunner:0.34
DataProviderTestRunner:0.24666666666666667
MyCallable:0.19733333333333333
NativeLibTask:0.06
NativeLibLoader:0.043055555555555555
