DbTriggerTest:0.6627777777777778
TriggerMapper:0.1827777777777778
