RearrangementRadical1Reaction:0.49666666666666665
RearrangementCation1ReactionTest:0.4066666666666667
RearrangementRadical1ReactionTest:0.38
SharingElectronMechanism:0.25333333333333335
