WebRequestSettings:0.5366666666666666
WebClient:0.42333333333333334
MockWebConnection:0.4033333333333333
Cache:0.2966666666666667
HttpWebConnection:0.21666666666666667
WebClientTest:0.19
XMLHttpRequestTest:0.19
HtmlPageTest:0.18333333333333332
LocationTest:0.18
FalsifyingWebConnection:0.16666666666666666
NicelyResynchronizingAjaxController:0.14333333333333334
CacheTest:0.10333333333333333
ImmediateRefreshHandlerTest:0.08333333333333333
