Extruder:0.8933333333333333
GenericExtruder:0.44
NullExtruder:0.41
RrCSGPolygonList:0.33666666666666667
LayerProducer:0.23
