Jedis:0.7366666666666667
BinaryJedis:0.23666666666666666
BinaryClient:0.17333333333333334
Client:0.16666666666666666
ScriptingCommandsTest:0.08
