Request:0.39666666666666667
Streams:0.3933333333333333
Response:0.3466666666666667
Sender:0.2377777777777778
StringsTest:0.23666666666666666
Stopwatch:0.20666666666666667
SimplePluginManager:0.18333333333333332
Nums:0.16
