GlobalConfigurationSessionBean:0.4080952380952381
GlobalConfigurationSessionBeanTest:0.33
CommonEjbcaWS:0.31
UserDataTest:0.28
CliCommandAuthenticationTest:0.28
HardTokenTest:0.2733333333333333
GlobalConfigurationProxySessionRemote:0.2636150793650792
AuthenticationSessionTest:0.26
UserAdminSessionTest:0.23333333333333334
EjbcaWSTest:0.23333333333333334
GlobalConfigurationProxySessionBean:0.22
GlobalConfigurationSessionRemote:0.20623809523809525
XKMSKRSSTest:0.19666666666666666
