UIInspector:0.45
UIAction:0.4
EventDispatchThread:0.3794444444444444
JPF_java_awt_EventDispatchThread:0.20444444444444446
UIActionTracker:0.18666666666666668
