ServerJob:0.7133333333333334
AbstractServerJob:0.5133333333333333
TaskQueueChecker:0.3266666666666666
