UACDSModel:0.5533333333333333
UACDSLink:0.449484126984127
UACDSWidgetLink:0.37
UACDSLayerLink:0.3233333333333333
UACDSExtension:0.18
