DrawableSeqFeature:0.7383333333333333
DrawableGeneSeqFeature:0.40166666666666667
