ARINCEditBoxNumeric:0.42333333333333334
AbstractEditBoxNumericRenderer:0.3466666666666667
EditBoxNumericBCDRenderer:0.18666666666666668
ARINCEditBoxText:0.18
ARINCEditBoxNumericBCD:0.14333333333333334
