LFWLoader:0.7416666666666667
MnistFetcher:0.38333333333333336
