SequencerAgent:0.5505555555555556
ConsensusModule:0.42333333333333334
LogAppender:0.32
