BytesRefOrdValComparator:0.5766666666666667
NoOrdinalsStringFieldDataTests:0.5
PerSegmentComparator:0.41333333333333333
NestedSortingTests:0.03
