CompositeApolloFrameManager:0.5666666666666667
CompositeApolloFrame:0.4188888888888889
ApolloFrameManager:0.28
