PlannerTest:0.5333333333333333
Planner:0.33
TestingTableInfo:0.3011111111111111
ESGetTask:0.21
PartitionPropertiesAnalyzer:0.14333333333333334
CustomSchemaIntegrationTest:0.056666666666666664
