CrewEditorFX:0.39
CrewEditor:0.38666666666666666
SimulationConfigEditor:0.37666666666666665
ScenarioConfigEditorFX:0.37333333333333335
TabPanelGeneral:0.07
