DefaultShader:0.49444444444444446
BaseShader:0.44666666666666666
Basic3DTest:0.4066666666666667
