Plugin:0.46
PluginManager:0.3466666666666667
PrestoServer:0.23666666666666666
AuthenticationFilter:0.1877777777777778
ServerSecurityModule:0.11333333333333333
