ResponderFactory:0.6483333333333333
ResponderCacheManager:0.4083333333333333
