ConcurrentMapManager:0.5733333333333334
RecordUpdate:0.23666666666666666
WanMergePacketProcessor:0.22666666666666666
AsyncMergePacketProcessor:0.1811111111111111
GetDataRecordEntryOperationHandler:0.09
MGetDataRecordEntry:0.09
