AbstractManagerTest:0.6166666666666667
AbstractCoverageTest:0.44333333333333336
AbstractBioManagerFramework:0.37666666666666665
CoverageTest:0.19666666666666666
APITest:0.07666666666666666
