RubyEvaluationResult:0.5966666666666667
RubyDebuggerProxy:0.5366666666666666
