Repartition:0.5033333333333333
RepartitionDialog:0.4388888888888889
ComputeSpecifities:0.21555555555555553
