NumberObjectCastStep:0.3566666666666667
BooleanObjectCastStep:0.3566666666666667
TextObjectCastStep:0.3566666666666667
IntegerObjectCastStep:0.3566666666666667
