TestTablesService:0.5166666666666667
SimpleIntegrationTest:0.44
JdbcUtils:0.3855555555555556
