BeanConfig:0.5883333333333334
ApiListingResource:0.34555555555555556
AbstractScanner:0.29
