AbstractTriggerTemplate:0.44333333333333336
SqliteTriggerTemplate:0.37666666666666665
SqliteSymmetricDialect:0.31
ColumnMapper:0.15666666666666668
