ExtractorDOCTest:0.6118333333333333
FetcherDNSTest:0.47333333333333333
ARCWriterTest:0.39166666666666666
