SearchHelper:0.7766666666666666
SearchHelperTest:0.31
CustomQueryParser:0.3
DirectoryHistoryReader:0.24666666666666667
