DomTreeBuilder:0.7133333333333334
TreeTag:0.2833333333333333
AjaxController:0.27
LocalLuceneSession:0.23099999999999998
QueryBuilder:0.22
WorkspaceModuleImpl:0.19666666666666666
DomTreeHelper:0.17833333333333334
WsDomTreeBuilder:0.14333333333333334
WsTreeHelper:0.13333333333333333
SearchTreeHelper:0.12
FolderConfigHelper:0.12
MailTreeHelper:0.12
WorkspaceConfigHelper:0.12
FavoritesTreeHelper:0.08666666666666667
ConfigHelper:0.07666666666666666
