ProfileBackingBean:0.45166666666666666
ProfileSearchServiceImpl:0.37
ProfileBackingBeanDataModel:0.34
ContextUtils:0.19666666666666666
