AsyncHandler:0.5066666666666667
AsyncHttpProvider:0.4766666666666667
ResponseStatus:0.28
AsyncProvidersBasicTest:0.25333333333333335
AsyncHttpClient:0.24
AsyncStreamHandlerTest:0.23666666666666666
ResponseHeaders:0.22666666666666666
NettyAsyncHttpProvider:0.22
NettyAsyncResponse:0.20333333333333334
ResponseBodyPart:0.2
MultipleHeaderTest:0.16
AsyncCompletionHandler:0.15333333333333332
HttpResponseHeaders:0.11333333333333333
HttpResponseBodyPart:0.11
MyAsyncHandler:0.08
AsyncHandlerAdapter:0.07333333333333333
HttpContent:0.06666666666666667
HttpResponseStatus:0.06
