UIData:0.4266666666666667
GwtTaskHelper:0.4166666666666667
GwtTeamingMessages:0.39055555555555554
