Feed:0.039430305
AbstractChannel:0.022396093
FeedUtils:0.0138444565
FeedListException:0.006645317
