Messages:0.6989444444444446
GeneralPreferencePage:0.5666666666666667
SarosPreferences:0.35333333333333333
StfTestCase:0.24
Constants:0.23999999999999996
RemoteBotList:0.23666666666666666
ISarosPreferences:0.21583333333333332
SarosPreferencesTest:0.16
IRemoteBotList:0.14416666666666667
AccountPreferenceTest:0.08666666666666667
