CommunicationsStub:0.5933333333333334
NavigationTreeTopComponent:0.25666666666666665
ObjectNode:0.24333333333333335
HierarchyCustomizerTopComponent:0.18805555555555556
Copy:0.17
Paste:0.15
ClassMetadataTransferManager:0.07
