JdbcModelReader:0.4033333333333333
BusinessPackage:0.38333333333333336
BusinessModel:0.37333333333333335
FormatUtils:0.33
