ReserveRover:0.6433333333333333
CollectRockSamplesMission:0.33666666666666667
TravelToSettlement:0.3
