EditInterpreterDialog:0.6566666666666666
RubyInterpreter:0.5504444444444444
