ProjectInfo:0.54
GetActiveBuildInfoControllerTest:0.34
BuildLoopQueryServiceStub:0.21333333333333335
BuildDetailController:0.19666666666666666
BuildLoopMonitorTest:0.1788888888888889
BuildLoopQueryService:0.175
BuildDetailControllerTest:0.14333333333333334
BuildInformationHelperTest:0.11333333333333333
