IfRegion:0.4
LoopRegion:0.36
DebugInfoParser:0.3566666666666667
RegionStack:0.30666666666666664
RegionGen:0.21333333333333335
RegionMaker:0.20666666666666667
State:0.19666666666666666
RunTests:0.13333333333333333
CheckRegions:0.1
AbstractTest:0.07416666666666667
TestStringProcessing:0.043333333333333335
