Study:0.38
Series:0.28
Patient:0.28
MWLItem:0.23
VerifyingObserver:0.20666666666666667
GPSPSPerformer:0.20666666666666667
RequestAttributes:0.20666666666666667
