DeployProcessDefinitionAction:0.4767539682539683
RedeployDefinitionFormTag:0.44333333333333336
RedeployProcessDefinitionAction:0.34
DeployDefinitionFormTag:0.3088888888888889
TasksCssClassStrategy:0.16
BaseDeployProcessDefinitionAction:0.06333333333333334
