ConstructorJavaGenerator:0.5466666666666666
ScriptClassJavaInstrumentor:0.5333333333333333
PrototypeJavaGenerator:0.41333333333333333
JavaMain:0.16666666666666666
