ParameterVectorUpdateable:0.5533333333333333
WorkerNode:0.31333333333333335
Master:0.25333333333333335
ApplicationWorkerService:0.22
