ResultHandler:0.55
PreferencesActivity:0.5259444444444444
ISBNResultHandler:0.25666666666666665
ProductResultHandler:0.25666666666666665
