Document:0.5166666666666667
HtmlPage:0.49
JavaScriptConfiguration:0.37109523809523814
HTMLFormElement:0.22505555555555556
HTMLCollection:0.21666666666666667
HTMLCollectionTest:0.20666666666666667
ScriptableWrapper:0.15833333333333333
HTMLCollectionTags:0.12666666666666668
