AbstractListenersOnReconnectTest:0.5277777777777777
ReplicatedMapEntryListenerOnReconnectTest:0.07666666666666666
EntryListenerOnReconnectTest:0.07666666666666666
MultiMapEntryListenerOnReconnectTest:0.07666666666666666
QueueItemListenerOnReconnectTest:0.07666666666666666
SetItemListenerOnReconnectTest:0.07666666666666666
ListItemListenerOnReconnectTest:0.07666666666666666
TopicOnReconnectTest:0.07666666666666666
