DaoAuthenticationProvider:0.6608333333333334
MD5PasswordEncoderTest:0.22277777777777777
SHAPasswordEncoderTest:0.22277777777777777
