TransportService:0.58
SearchTransportService:0.42
TransportSearchAction:0.30666666666666664
RemoteClusterService:0.19666666666666666
TransportActionProxy:0.023333333333333334
