ProxyXRef:0.3466666666666667
Proxy:0.325
EditView:0.2833333333333333
ProxyEvent:0.20666666666666667
OK:0.20333333333333334
ProxyFile:0.15
ProxySimpleValue:0.14333333333333334
ProxyDate:0.13666666666666666
ProxySex:0.07
ProxyAge:0.03333333333333333
ProxyChoice:0.03333333333333333
ProxyMLE:0.03333333333333333
ProxyName:0.013333333333333334
