FeatureProperty:0.83
TierProperty:0.43333333333333335
TiersIO:0.3566666666666667
