MultipartBody:0.8766666666666667
NettyMultipartBody:0.23666666666666666
PartsBodyHandler:0.22333333333333333
MultipartBodyTest:0.22
