TypeDeclarationGeneratorTest:0.32
ElementUtil:0.30333333333333334
GenerationUnit:0.25333333333333335
TypeDeclarationGenerator:0.25333333333333335
TypeGenerator:0.24333333333333335
CompilationUnit:0.23666666666666666
TypePrivateDeclarationGenerator:0.2127777777777778
ObjectiveCHeaderGenerator:0.18
ObjectiveCSegmentedHeaderGenerator:0.16333333333333333
Rewriter:0.15333333333333332
