EventService:0.8866666666666667
EventServiceImpl:0.31333333333333335
ProxyRegistry:0.2866666666666667
SendEventOperation:0.20555555555555557
ProxyEventProcessor:0.18666666666666668
