ServerBuilder:0.5633333333333334
CustomHeaderServer:0.27444444444444444
RouteGuideServer:0.24583333333333332
HelloWorldServer:0.23444444444444448
AbstractServerImplBuilder:0.22
ServerInterceptors:0.13333333333333333
