QueryCmd:0.71
GPWLQueryCmd:0.30333333333333334
MPPSQueryCmd:0.24666666666666667
MWLQueryCmd:0.2
QueryStudiesCmd:0.14666666666666667
