Processor:0.5533333333333333
FetchHTTP:0.32
ExtractorHTML:0.23333333333333334
RecordingInputStream:0.21333333333333335
ExtractorJS:0.16966666666666666
ExtractorUniversal:0.16333333333333333
ExtractorDOC:0.14
ExtractorPDF:0.13333333333333333
ExtractorHTTP:0.13333333333333333
FetchDNS:0.11333333333333333
ExtractorSWF:0.06
ExtractorCSS:0.05966666666666666
