CorporaView:0.7433333333333333
DeleteObject:0.4066666666666667
Application:0.2377777777777778
AdapterFactory:0.13
ExportSVG:0.11333333333333333
