IndexDeleteResponse:0.4683333333333333
ShardActionResult:0.4666666666666667
DeleteByQueryTests:0.44333333333333336
TransportIndexReplicationOperationAction:0.3333333333333333
TransportIndexDeleteAction:0.22666666666666666
TransportIndexDeleteByQueryAction:0.13666666666666666
