ProtocolInputDecoder:0.6797222222222223
StringUtils:0.4016666666666666
