JEdgeView:0.5183333333333333
LayouterItem:0.3983333333333333
GraphJGraph:0.385
