JavaConfigBeanDefinitionLoader:0.43333333333333335
AnnotationApplicationContextTests:0.38
JavaConfigApplicationContext:0.3333333333333333
ConfigurationProcessor:0.28833333333333333
JavaConfigWebApplicationContext:0.27
GetBeansOfTypeTests:0.25666666666666665
SimpleConfiguration:0.25333333333333335
JavaConfigApplicationContextTests:0.07666666666666666
JavaConfigBeanFactoryPostProcessorRegistry:0.030873737373737373
DefaultJavaConfigBeanDefinitionLoader:0.013333333333333334
JavaConfigContextLoaderListener:0.01
JavaConfigContextLoaderListenerTest:0.0044444444444444444
JavaConfigWebApplicationContextTests:0.0011111111111111111
JavaConfigDispatcherServlet:0.0
