RootObject:0.52
BackendBean:0.32
HierarchyUtils:0.2788888888888889
MetadataUtils:0.26000000000000006
UPS:0.22666666666666666
GenericService:0.18
Warehouse:0.11
OLA:0.0
