DataHandler:0.65
LogItem:0.4066666666666667
QueryHandler:0.37123412698412694
AnsiQueryHandler:0.3
RecentChange:0.21
JAMWikiUnitTest:0.17666666666666667
AnsiDataHandler:0.17
ManageServlet:0.09666666666666666
AnsiDataHandlerTest:0.006666666666666667
