MySQLDialect:0.6294444444444444
DefaultUniqueDelegate:0.4166666666666667
PreparedStatementSpyConnectionProvider:0.3433333333333333
