ClusterSettingsExpression:0.41
TestModule:0.38666666666666666
InformationSchemaTest:0.36
CrateSettings:0.36
SetAnalyzerTest:0.3566666666666667
SysClusterTableInfo:0.19944444444444445
ObjectSettingsApplier:0.18688888888888888
ClusterSettingsExpressionTest:0.15333333333333332
SetStatementAnalyzer:0.12666666666666668
