Stash:0.6666666666666666
StashTests:0.12666666666666668
