HTMLElement:0.5766666666666667
HTMLTableElement:0.31666666666666665
HTMLTableSectionElement:0.18666666666666668
HTMLTableRowElement:0.16
HTMLHtmlElement:0.16
