Api:0.7433333333333333
SelfResource:0.29333333333333333
ApiImpl:0.2833333333333333
ApiTestBinding:0.27
NotModifiedException:0.16333333333333333
HttpException:0.14666666666666667
AdhocSettingChangedException:0.14333333333333334
BaseApiImpl:0.11666666666666667
AuditTrailPurgedException:0.08333333333333333
AclChangeException:0.08333333333333333
ConflictException:0.07
ErrorInfo:0.02
MyFilesLastModTimeTest:0.02
