ASTParserLoadingTest:0.5622222222222222
SequenceStyleConfigUnitTest:0.5333333333333333
DynamicFilterTest:0.38333333333333336
