ActiveMQQManager:0.43666666666666665
HornetQQManager:0.36666666666666664
OpenMQQManager:0.3
