GeomUtil:0.59
GraphicLabel:0.5
AbstractDragGraphic:0.38333333333333336
AdvancedShape:0.27666666666666667
DefaultDragSequence:0.23666666666666666
RectangleGraphic:0.19666666666666666
DragLayer:0.13666666666666666
OpenAngleToolGraphic:0.12333333333333334
EllipseGraphic:0.12333333333333334
FourPointsAngleToolGraphic:0.10833333333333334
ThreePointsCircleGraphic:0.10666666666666667
AbstractDragGraphicArea:0.07333333333333333
