JtdsResultSet:0.44666666666666666
Support:0.33666666666666667
JtdsCallableStatement:0.30833333333333335
ResultSetTest:0.2711111111111111
TdsData:0.25333333333333335
JtdsPreparedStatement:0.2275
Tds8Test:0.2227777777777778
