DwrfMetadataReader:0.5966666666666667
OrcWriteValidation:0.33916666666666667
OrcMetadataWriter:0.25666666666666665
DwrfMetadataWriter:0.19
