FeatureMap:0.6466666666666666
DatabaseDocumentImpl:0.31
SimpleFeatureMapImpl:0.28
DocumentEditor:0.26166666666666666
DatabaseCorpusImpl:0.24666666666666667
AnnotationImpl:0.24333333333333335
EventsHandler:0.12
