Settings:0.77
PdfBursterTest:0.26666666666666666
PdfBurster:0.2666666666666666
AbstractBurster:0.24
Helpers:0.14
