AnnotationSet:0.5730000000000001
Document:0.5481111111111111
DocumentImpl:0.5233333333333333
Annotation:0.4845000000000001
SimpleAnnotationSet:0.245
SimpleDocument:0.2
SimpleAnnotation:0.13666666666666666
SimpleFeatureMap:0.043055555555555555
