ServletDispatcherResult:0.5
HelloActionTest:0.44333333333333336
MyWebApplication:0.33666666666666667
ServletDispatcherResultTest:0.2733333333333333
