TestDescriptor:0.7966666666666666
EngineDescriptor:0.30666666666666664
TreePrinterTests:0.24666666666666667
