AbstractS3SnapshotRestoreTest:0.34
S3Repository:0.2633333333333333
S3RepositoryPlugin:0.22333333333333333
AwsS3Service:0.21333333333333335
InternalAwsS3Service:0.18333333333333332
TestAwsS3Service:0.09194444444444444
Repositories:0.06666666666666668
Repository:0.06666666666666668
