XMLDoubleConverter:0.5433333333333333
PatternConverter:0.24
ListenerSupport:0.18333333333333332
Rectangle2DConverter:0.11
Point2DConverter:0.11
ArrayConverterNGTest:0.08611111111111111
MessageFormatConverterFactory:0.05444444444444444
AbstractCompositeFigureNGTest:0.023333333333333334
XMLConverterFactory:0.016666666666666666
XMLDoubleConverterNGTest:0.012777777777777779
DefaultConverterNGTest:0.0
