MapContainer:0.5666666666666667
MapService:0.49333333333333335
PostJoinMapOperation:0.29
AddInterceptorOperation:0.2066666666666667
NegativeInterceptor:0.0761111111111111
InterceptorTest:0.06333333333333334
InterceptorInfo:0.03666666666666667
