Mapping:0.4533333333333333
ModelMapping:0.36
EntityTab:0.3433333333333333
WebsphereSchxmiPG:0.20988888888888893
WebsphereDbxmiPG:0.20988888888888893
WebsphereCodeGenerator:0.14
WebsphereTblxmiPG:0.03333333333333333
