AnalysisResult:0.613484126984127
Wallet:0.56
Peer:0.3466666666666667
PeerGroup:0.34
WalletTest:0.24666666666666667
PeerGroupTest:0.19333333333333333
WalletProtobufSerializerTest:0.17
PeerTest:0.14333333333333334
