DomNode:0.7533333333333333
HtmlTextArea:0.38333333333333336
HtmlSerializer:0.27666666666666667
