ServerConfiguration:0.43083333333333335
MapContextSource:0.4033333333333333
ServerWidgetsHandler:0.2966666666666667
LayerRendererBridge:0.2866666666666667
AbstractWidgetFactory:0.27666666666666667
CheckDefinitionAction3Test:0.26666666666666666
AbstractMapItemList:0.26666666666666666
EditorLayer:0.24666666666666667
LineSegmentRenderer:0.24333333333333335
AbstractRenderingLayer:0.23666666666666666
ARINCMapHorzPanel:0.23
AbstractServerEngine:0.21666666666666667
JFXTriangleEndDoubleRenderer:0.21
DefaultConnectorRenderer:0.21
JFXTriangleEndRenderer:0.21
JFXLineSegmentRenderer:0.21
ARINCMapHorzContainer:0.20333333333333334
JFXSymbolGenericRenderer:0.2
TriangleEndRenderer:0.19666666666666666
TriangleEndDoubleRenderer:0.19666666666666666
JFXTriangleSegmentRenderer:0.19
JFXTriangleSegmentDoubleRenderer:0.19
JFXSymbolRectangleRenderer:0.19
JFXSymbolRotatedRenderer:0.19
JFXSymbolCircleRenderer:0.19
JFXSymbolTargetRenderer:0.19
JFXSymbolRunwayRenderer:0.19
JFXSymbolOvalRenderer:0.19
RenderersHandler:0.18
MapItemListRenderer:0.17666666666666667
AbstractMapSource:0.17333333333333334
MapItemsPaneRenderer:0.17333333333333334
ARINCMapGrid:0.16333333333333333
ServerMapDataWidget:0.15833333333333333
MapHorzPanelRenderer:0.15
SymbolRotatedRenderer:0.14333333333333334
JFXDrawLineToCursorRenderer:0.14333333333333334
SymbolTargetRenderer:0.14333333333333334
SymbolRunwayRenderer:0.14333333333333334
SymbolGenericRenderer:0.14333333333333334
TriangleSegmentDoubleRenderer:0.13666666666666666
SymbolRectangleRenderer:0.13666666666666666
SymbolCircleRenderer:0.13666666666666666
SymbolOvalRenderer:0.13666666666666666
TriangleSegmentRenderer:0.13666666666666666
LineArcRenderer:0.11333333333333333
DrawLineToCursorRenderer:0.11333333333333333
JFXLineArcRenderer:0.11
GenericRendererExtension:0.09333333333333334
AbstractSwingProjectedMapItemRenderer:0.07
AbstractJFXProjectedMapItemRenderer:0.06666666666666667
