Carbon:0.4166666666666667
GridLayout:0.2633333333333333
RelativeLayout:0.26
LinearLayout:0.26
FrameLayout:0.23666666666666666
FlowLayout:0.23333333333333334
