NettyResponseFuture:0.6555555555555557
NettyRequestSender:0.43
NettyInputStreamBody:0.2
HttpHandler:0.18
Unauthorized401Interceptor:0.14666666666666667
ProxyUnauthorized407Interceptor:0.14666666666666667
NettyReactiveStreamsBody:0.14666666666666667
WriteListener:0.14333333333333334
