HtmlPage:0.4033333333333333
HtmlElement:0.4033333333333333
HtmlTableRow:0.24333333333333335
Form:0.24333333333333335
HtmlOption:0.23583333333333334
HtmlForm:0.23333333333333334
HtmlTable:0.23
HtmlElementTest:0.18
HtmlInputElementCreator:0.17166666666666666
UnknownHtmlElement:0.16333333333333333
TableElementCreator:0.15333333333333332
JavaScriptEngineTest:0.14
WindowTest:0.13
WebTestCase:0.12
