ScoreFunction:0.7433333333333333
RandomScoreFunctionTests:0.31333333333333335
CustomBoostFactorWeight:0.25666666666666665
BoostScoreFunction:0.25
FieldValueFactorFunction:0.18
RandomScoreFunction:0.17333333333333334
AbstractDistanceScoreFunction:0.07666666666666666
ScriptScoreFunction:0.07666666666666666
