MapperService:0.6033333333333334
SharedClusterSnapshotRestoreIT:0.39666666666666667
MetaDataCreateIndexService:0.35833333333333334
MetaDataIndexTemplateService:0.31333333333333335
SimpleIndexTemplateIT:0.31
MapperServiceTests:0.155
MetaDataCreateIndexServiceTests:0.07
MetaDataIndexTemplateServiceTests:0.056666666666666664
