Node:0.6995
TermNode:0.4666666666666667
TermTreeBrowser:0.24666666666666667
TermTreeBrowserTest:0.15333333333333332
