GenerateHits:0.6533333333333333
HitGeneratorI:0.48275396825396827
