NbrowseJdbcAdapter:0.6797222222222223
ModMineAdapter:0.5687222222222222
