FakeActivity:0.49
ViewLoader:0.36
FakeTextView:0.30666666666666664
Directions:0.2833333333333333
