LSInputImpl:0.47333333333333333
XmlUtil:0.2833333333333333
MultiTaskExecutorsActionsDelegate:0.25333333333333335
MultiInstanceDialog:0.25
ConstructorView:0.2
AddStateNodeFeature:0.12333333333333334
AddMultiSubprocessFeature:0.05
AddSubProcessFeature:0.05
