LuceneQueryBuilderTest:0.5644444444444445
LuceneQueryBuilderIntegrationTest:0.31666666666666665
