ConnectionManager:0.6666666666666666
MasterSlaveEntry:0.42
ClusterConnectionManager:0.31333333333333335
CommandAsyncExecutor:0.2733333333333333
CommandReactiveService:0.2733333333333333
RedissonKeys:0.2733333333333333
RedisCommands:0.23777777777777775
CommandReactiveExecutor:0.23
MasterSlaveConnectionManager:0.21333333333333335
SentinelConnectionManager:0.195
ClusterPartition:0.19333333333333333
CommandAsyncService:0.19
CommandBatchService:0.16666666666666666
RedissonKeysReactive:0.15666666666666668
SingleConnectionManager:0.14333333333333334
ElasticacheConnectionManager:0.13666666666666666
NodeSource:0.09333333333333334
