Job:0.61
Builder:0.5233333333333333
JobTest:0.22
JobValidatorTest:0.21666666666666667
JobInspectCommand:0.14666666666666667
IdMismatchJobCreateTest:0.13
