DisplaysPanel:0.42
Simulator:0.3933333333333333
Options:0.37666666666666665
SimulatorAction:0.27666666666666667
TabLabel:0.21916666666666668
DefaultFileSystemStore:0.21
ActionStore:0.2
MyCellRenderer:0.19666666666666666
MyMouseListener:0.17166666666666666
SelectColorAction:0.16944444444444443
RelabelGrammarAction:0.16333333333333333
TypeGraphTreeNode:0.075
