PrivateTags:0.620611111111111
QueryCmd:0.36
PatientBean:0.3566666666666667
SeriesBean:0.35333333333333333
StudyBean:0.35333333333333333
