SecuredObjectDAOHibernateImpl:0.6261111111111112
TableViewSetupFormTag:0.38222222222222224
