NeuralNetConfiguration:0.8416666666666667
LayerVertex:0.41333333333333333
TestCustomLayers:0.03333333333333333
