Dialect:0.5166666666666667
ArrayHelper:0.4594444444444444
AbstractSessionImpl:0.30666666666666664
SessionImpl:0.2833333333333333
ClobLocatorTest:0.25333333333333335
ClobProxy:0.2511111111111111
AbstractStandardBasicType:0.24666666666666667
BlobLocatorTest:0.24666666666666667
ClobType:0.19666666666666666
BlobType:0.19666666666666666
