RobolectricFrameworkMethod:0.51
RobolectricTestRunner:0.4533333333333333
SandboxClassLoader:0.43333333333333335
Sandbox:0.4066666666666667
InstrumentationConfiguration:0.39
SandboxClassLoaderTest:0.26666666666666666
RobolectricTestRunnerSelfTest:0.25333333333333335
HelperTestRunner:0.25
TestRunnerSequenceTest:0.22166666666666668
SandboxTestRunner:0.19666666666666666
AndroidConfigurer:0.17333333333333334
AndroidSandboxClassLoaderTest:0.11
SandboxFactory:0.043333333333333335
RobolectricTestRunnerClassLoaderConfigTest:0.035833333333333335
