AuditMetadataGenerator:0.49666666666666665
EntityConfiguration:0.4766666666666667
ModWorkUnit:0.37333333333333335
ClassAuditingData:0.3
