FastResultSetHandler:0.7
ProductMapper:0.4093888888888889
ProductDAO:0.36
PrimitiveResultTypeTest:0.10666666666666667
