P4:0.4866666666666667
SfeeTrackerPublisher:0.31333333333333335
ClearCase:0.2966666666666667
ClearCaseModification:0.29333333333333333
PlasticSCM:0.2877777777777778
SfeeFrsPublisher:0.27666666666666667
PvcsStreamConsumer:0.2644444444444445
UserAndCommentConsumer:0.25666666666666665
Maven2SnapshotDependency:0.25666666666666665
SVN:0.24666666666666667
SVNLogXMLParser:0.24416666666666667
PVCS:0.24166666666666667
ConcurrentVersionsSystem:0.23666666666666666
P4Modification:0.19333333333333333
MKS:0.19
ServerInfoConsumer:0.16666666666666666
ClearCaseTest:0.15
Git:0.13777777777777775
ModificationsConsumer:0.09333333333333334
