Environment:0.47
BasicAuthProvider:0.3730952380952381
ServerCommand:0.33
JsonProcessingExceptionMapper:0.26
ServerFactory:0.21
LoggingExceptionMapper:0.20666666666666667
TaskServlet:0.20666666666666667
LoggingFactory:0.19666666666666666
SlowRequestFilter:0.19
OAuthInjectable:0.19
AsyncRequestLog:0.16166666666666665
RenderCommand:0.14
DbCalculateChecksumCommand:0.13666666666666666
HelloWorldResource:0.13666666666666666
BasicAuthInjectable:0.1322222222222222
LoggingDBIExceptionMapper:0.09333333333333334
InvalidEntityExceptionMapper:0.09333333333333334
LoggingSQLExceptionMapper:0.09333333333333334
SessionFactoryFactory:0.08666666666666667
