JCPMultiPageEditor:0.39888888888888885
JCPAction:0.3933333333333333
JCPMultiPageEditorContributor:0.33666666666666667
ChemAction:0.30333333333333334
ToolBarMaker:0.20333333333333334
