VanillaChronicleHash:0.6924444444444445
VanillaChronicleMap:0.41622222222222227
