DownloadTarget:0.36666666666666664
MySchedulerListener:0.26666666666666666
DownloadTaskQueue:0.24
UploadTarget:0.23333333333333334
SingleThreadTask:0.22
HighestPriorityActivity:0.19333333333333333
AbsTarget:0.18666666666666668
SingleTaskActivity:0.17333333333333334
