MappedInstanceMethodAdapter:0.7533333333333333
MappedObjectTransformer:0.6233333333333333
