DistributingDownstream:0.6627777777777778
InnerPreparer:0.33666666666666667
