OpenAleaHttpHandler:0.7733333333333333
OpenAleaCommand:0.29333333333333333
HandleException:0.07
