SqlScript:0.47333333333333333
JdbcTemplate:0.3233333333333333
SqlStatement:0.30142857142857143
MigrationInfoDumper:0.23333333333333334
ErrorHandler:0.1162777777777778
PostgreSQLCopyStatement:0.07
StandardSqlStatement:0.056666666666666664
