Project:0.48333333333333334
ProjectConfig:0.36
DateUtil:0.35333333333333333
ProjectState:0.2678730158730158
Listeners:0.22333333333333333
Bootstrappers:0.22333333333333333
Publishers:0.22333333333333333
ProjectController:0.19472222222222224
