ObjectFactory:0.47333333333333333
Database:0.4575
ForcedTypes:0.06666666666666667
MasterDataTables:0.06666666666666667
EnumTypes:0.06666666666666667
