VirtualFileSystem:0.37666666666666665
AbstractDAVServlet:0.37666666666666665
IfHeader:0.2844444444444445
VFSDAVStore:0.28
DAVStore:0.2686507936507936
BasicAuthentication:0.22555555555555556
HttpDAVServletRequest:0.2127777777777778
PropFindRequest:0.20722222222222222
PropPatchRequest:0.20722222222222222
VFInputStream:0.18
