QueueStoreWrapper:0.46
ReplaceIfSameOperation:0.2816666666666667
PutIfAbsentOperation:0.26166666666666666
ReplaceOperation:0.26166666666666666
TryPutOperation:0.26166666666666666
QueueStoreTest:0.09333333333333334
