Recorder:0.49333333333333335
ArchiveConductor:0.38666666666666666
ReplaySessionTest:0.26666666666666666
RecordingSession:0.26
RecordingContext:0.11666666666666667
