FolderDao:0.7512222222222222
FolderModule:0.3986111111111111
FolderDaoImpl:0.33666666666666667
FolderCoreProcessor:0.26055555555555554
AbstractFolderCoreProcessor:0.2
ListUnseenController:0.14666666666666667
FolderModuleImpl:0.13666666666666666
Counter:0.11
