SemaphoreProxyReal:0.5266666666666666
MSemaphore:0.45666666666666667
SemaphoreTest:0.28
MCountDownLatch:0.25333333333333335
