JChemPaintEditorWidget:0.45
JChemPaintEditor:0.4
SWTAddAtomsAndBondsEdit:0.36666666666666664
SWTUndoRedoFactory:0.13333333333333333
