AudioMgmtService:0.6102777777777778
FetchUploadProcessor:0.13777777777777778
PostExportService:0.13777777777777778
