Pipeline:0.54
PipelineBlock:0.45666666666666667
Jedis:0.44
BinaryJedis:0.21166666666666667
Connection:0.20800000000000002
PipeliningTest:0.06166666666666667
