CodeShrinker:0.4866666666666667
ConstInlinerVisitor:0.38
TestTernary3:0.15333333333333332
