Model:0.49333333333333335
ModelConfiguration:0.44
ModelConfigurationTest:0.31666666666666665
