Wallet:0.5133333333333333
NetworkParameters:0.43333333333333335
BitcoinURI:0.28
FullPrunedBlockChain:0.26666666666666666
PaymentSession:0.24444444444444446
Networks:0.07788888888888888
