AnalyserRunningStrategyPersistence:0.3469444444444445
ConditionalControllerPersistence:0.11833333333333333
