GeneratorScenarioHandlerFactory:0.7066666666666667
ScenarioHandlerFactory:0.4602777777777778
