FileModule:0.5961666666666666
GwtViewHelper:0.4166666666666667
FileModuleImpl:0.38666666666666666
AbstractFolderCoreProcessor:0.37333333333333335
