BulkCreateIndicesRequest:0.5833333333333334
TransportBulkCreateIndicesAction:0.37
SymbolBasedBulkShardProcessor:0.2866666666666667
BulkShardProcessor:0.23833333333333334
TransportBulkCreateIndicesActionTest:0.21833333333333332
BulkCreateIndicesRequestTest:0.16666666666666666
SQLService:0.12333333333333334
PendingTriggeringActionListener:0.04
TestModule:0.03333333333333333
PendingOperation:0.03222222222222222
DefaultIndexTemplateFilter:0.0
