ContentControl:0.43
GwtMainPage:0.4266666666666667
EventHelper:0.4066666666666667
