RatedDocument:0.6033333333333334
EvalQueryQuality:0.3233333333333333
QuerySpec:0.2
DiscountedCumulativeGainAt:0.18
RankEvalResponse:0.07333333333333333
TransportRankEvalAction:0.051333333333333335
PrecisionAtN:0.04666666666666667
ReciprocalRank:0.043333333333333335
RankEvalRequestTests:0.01
RatingMapping:0.01
PrecisionAtNTests:0.007777777777777778
ReciprocalRankTests:0.006666666666666667
DiscountedCumulativeGainAtTests:0.006666666666666667
QuerySpecTests:0.0033333333333333335
