Drawable:0.6266666666666667
FeatureView:0.53
ApolloPanel:0.39
Selection:0.32666666666666666
Transformer:0.2966666666666667
TierManager:0.2866666666666667
DragSourceViewI:0.28155555555555556
SelectableI:0.27977777777777774
StrandedZoomableApolloPanel:0.2733333333333333
FeatureSelectionEvent:0.25333333333333335
FeatureTreePanel:0.21722222222222218
DrawableSeqFeature:0.21
DragViewI:0.14333333333333334
