Context:0.45
Configuration:0.43111111111111117
CncFileDescriptor:0.3566666666666667
