EventUtils:0.6866666666666666
BroadcastEventProcessor:0.4266666666666667
NetworkElementFactory:0.35
DeleteServiceServlet:0.34
DeleteInterfaceServlet:0.16
