RuleJTree:0.5666666666666667
MatchTreeNode:0.428
RuleEntry:0.30666666666666664
