ParameterConstants:0.7930555555555554
BootstrapService:0.4666666666666667
SymmetricEngine:0.41333333333333333
IBootstrapService:0.35777777777777775
