Factory:0.68
ApplicationViewer:0.4033333333333333
MainFrame:0.4033333333333333
DefaultResourceHandle:0.25
ModulesTableModel:0.22833333333333333
RunAction:0.18022222222222226
ParameterValueEditor:0.1766666666666667
CustomTreeCellRenderer:0.14444444444444446
