MemberState:0.712
MemberStateImpl:0.6566666666666666
DefaultTimedMemberStateFactory:0.31333333333333335
