AuthenticationTransaction:0.42333333333333334
TestUtils:0.30666666666666664
PolicyBasedAuthenticationManager:0.25333333333333335
AuthenticationViaFormAction:0.20333333333333334
AbstractNonInteractiveCredentialsAction:0.20333333333333334
AbstractServiceValidateController:0.18666666666666668
GenerateServiceTicketAction:0.15
ClientAction:0.13666666666666666
GenerateServiceTicketActionTests:0.13666666666666666
MultifactorAuthenticationTests:0.12333333333333334
WsFederationAction:0.12333333333333334
InspektrThrottledSubmissionByIpAddressAndUsernameHandlerInterceptorAdapterTests:0.10333333333333333
TokenAuthenticationAction:0.08333333333333333
