Op:0.6880000000000001
Formula:0.53
Proposition:0.45
FormulaTest:0.30666666666666664
IdValidator:0.27666666666666667
ExprParseTest:0.27
StringHandler:0.2625
AExprTree:0.26
ExprTree:0.25888888888888884
FormulaParser:0.24833333333333332
CtrlParser:0.24666666666666667
CtrlChecker:0.24666666666666667
FormulaLexer:0.23666666666666666
ATermTree:0.23
CTLMarker:0.23
CtrlLexer:0.21333333333333335
Exceptions:0.20322594997594998
ExprTreeParser:0.20166666666666666
ATermTreeParser:0.17333333333333334
DefaultOp:0.12666666666666668
ExprOp:0.10111111111111111
CTLTest:0.06055555555555555
AExprTreeParser:0.02666666666666667
ScanException:0.0025
ParseException:0.0025
