ManageRegisteredServicesMultiActionControllerTests:0.19333333333333333
RegisteredServiceAuthenticationHandlerResolverTests:0.15
SamlRegisteredServiceTests:0.15
ServiceThemeResolverTests:0.15
Saml10SuccessResponseViewTests:0.15
DefaultServicesManagerTests:0.14333333333333334
CasCoreServicesConfiguration:0.14333333333333334
RegisteredServiceSimpleFormControllerTests:0.12666666666666668
LogoutActionTests:0.12666666666666668
