Request:0.6433333333333333
SessionTest:0.43666666666666665
Session:0.36333333333333334
GenericIntegrationTest:0.21666666666666667
RequestTest:0.17333333333333334
