ZipSubCrawlerTest:0.4266666666666667
AbstractArchiverSubCrawler:0.37333333333333335
StandaloneValidatorWrapper:0.31666666666666665
