AntPathRequestMatcher:0.6433333333333333
AntPathRequestMatcherTests:0.4666666666666667
DefaultFilterInvocationSecurityMetadataSourceTests:0.27666666666666667
AntMatchersPathVariablesCamelCaseVariables:0.11333333333333333
AntPatchersPathVariables:0.11333333333333333
