Config:0.5766666666666667
HazelcastInstance:0.5533333333333333
ExecutionServiceImpl:0.37333333333333335
ClientProtocolErrorCodes:0.32022222222222224
HazelcastClientInstanceImpl:0.31666666666666665
SpringXmlConfigBuilder:0.2733333333333333
ProxyManager:0.23
HazelcastOSGiInstanceImpl:0.23
ServiceManagerImpl:0.22166666666666668
ConfigXmlGenerator:0.19666666666666666
HazelcastInstanceImpl:0.17166666666666666
HazelcastInstanceProxy:0.17
HazelcastClientProxy:0.17
ClientExceptionFactoryTest:0.09666666666666666
ClientExceptionFactory:0.08
DefaultMessageTaskFactoryProvider:0.07333333333333333
ExecutorServiceTestSupport:0.050833333333333335
InternalExecutionService:0.0
