Context:0.5133333333333333
SequencerAgent:0.3466666666666667
RecordingWriter:0.30333333333333334
Catalog:0.29
ClusteredServiceAgent:0.27666666666666667
AeronArchive:0.26111111111111107
RecordingFragmentReader:0.15833333333333333
