MapContainsValueHandler:0.569555315055315
MapReplaceIfNotNullHandler:0.569555315055315
MapRemoveIfSameHandler:0.569555315055315
MapContainsKeyHandler:0.569555315055315
MapClientProxy:0.37333333333333335
MapReplaceIfSameHandler:0.36366209716209713
MapUnlockHandler:0.36366209716209713
MapPutIfAbsentHandler:0.36366209716209713
DynamicClusterTest:0.23333333333333334
Keys:0.22333333333333333
HazelcastClientTest:0.22
ClientEndpoint:0.21333333333333335
AddListenerHandler:0.20465656565656565
ListenerManager:0.18333333333333332
RemoveListenerHandler:0.16595238095238096
MapIterateKeysHandler:0.11
ClientService:0.1
ClientIterator:0.09333333333333334
TransactionCommitHandler:0.08
TransactionRollbackHandler:0.08
TransactionBeginHandler:0.08
MapLockHandler:0.07
DummyEntry:0.013333333333333334
ClientTransactionOperationHandler:0.0
