OOITBuilder:0.6755555555555556
TypeChoice:0.35333333333333333
TypeImpl:0.2633333333333333
