MetaModel:0.7333333333333333
DeliveryTypesTest:0.3433333333333333
XHibernate:0.2733333333333333
CalculatorsListener:0.18666666666666668
HibernatePersistenceProvider:0.18
