Dispatcher:0.8333333333333334
FilterDispatcher:0.36666666666666664
PrepareOperations:0.2966666666666667
NoOpDispatcher:0.21966666666666668
