Bc_MEDEAPlugin:0.30666666666666664
SaveSpectrumWizardPage:0.2966666666666667
PredictWizard:0.29333333333333333
SaveTreeReactionWizardPage:0.2633333333333333
SpectrumWizardPage:0.24
