GeoDistanceSortBuilder:0.35888888888888887
FieldSortBuilder:0.31
SortBuilder:0.3
ScriptSortBuilder:0.2866666666666667
ScriptSortBuilderTests:0.19333333333333333
GeoDistanceSortBuilderTests:0.17333333333333334
FieldSortBuilderTests:0.14666666666666667
SimpleNestedIT:0.13333333333333333
SortBuilders:0.12333333333333334
