WebTestCase:0.42333333333333334
WebClientTest:0.42
CollectingPageCreator:0.31333333333333335
ThreadManagerTest:0.25
WebResponseImplTest:0.24666666666666667
WebResponseDataTest:0.19333333333333333
TopLevelWindowTest:0.13666666666666666
IncorrectnessListenerTest:0.13666666666666666
