ConfirmDlg:0.47
TrashView:0.3566666666666667
TaskDueDateDlg:0.30333333333333334
ProgressDlg:0.2783333333333333
