AndroidManifest:0.3933333333333333
AndroidManifestTest:0.38
ResourcePath:0.3333333333333333
TestUtil:0.23
ResourcesTest:0.23
FileFsFile:0.19583333333333336
