RuntimeEnvironment:0.4166666666666667
RobolectricFrameworkMethod:0.31
ParallelUniverse:0.28583333333333333
ShadowArscAssetManager:0.27
RobolectricTestRunner:0.25333333333333335
ParallelUniverseTest:0.22666666666666666
ParallelUniverseInterface:0.17920634920634923
ShadowParcelFileDescriptor:0.14666666666666667
StyleResourceLoaderTest:0.09
MyParallelUniverse:0.04
StubDependencyResolver:0.0025
