DBCollectionOldTest:0.5366666666666666
MongoChannelTest:0.35333333333333333
FindAndRemoveAcceptanceTest:0.325
