PartialPiChargeDescriptor:0.74
EffectiveAtomPolarizabilityDescriptor:0.42
PartialTChargeMMFF94Descriptor:0.3333333333333333
PartialTChargePEOEDescriptor:0.2966666666666667
