QueryAnalyzer:0.5883333333333334
QueryAnalyzerTests:0.39
CandidateQueryTests:0.24333333333333335
