EditView:0.49333333333333335
Images:0.4633333333333333
Clipboard:0.2633333333333333
PropertyTreeWidget:0.25333333333333335
DelEntity:0.22
ActionAdd:0.21666666666666667
ActionUpDown:0.2
Model:0.17666666666666667
EditViewFactory:0.13666666666666666
ActionSticky:0.12
ActionBack:0.12
ActionCopy:0.056666666666666664
ActionCut:0.03
Callback:0.02
ActionPaste:0.013333333333333334
