InfoSetUtil:0.5733333333333334
XDSbRepositoryService:0.38333333333333336
XDSQueryService:0.35333333333333333
XdsHttpCfgDelegate:0.2127777777777778
