DiskLogAdapterTest:0.561111111111111
CsvFormatStrategyTest:0.4822222222222223
