BlojsomEvent:0.6133333333333333
BlojsomFilter:0.40944444444444444
SimpleBlojsomEventBroadcaster:0.18333333333333332
BlojsomEventBroadcaster:0.16333333333333333
BlojsomListener:0.07611111111111112
