TutorialCrawlerHandler:0.30666666666666664
SimpleCrawlerHandler:0.2633333333333333
TutorialCrawlingExample:0.24
