ICache:0.6844444444444445
SimpleCacheTest:0.2733333333333333
CacheTest:0.1
BasicCacheTest:0.03666666666666667
