Word2VecDataSetIterator:0.46
ListDataSetIterator:0.25666666666666665
SamplingDataSetIterator:0.25666666666666665
BaseDatasetIterator:0.25666666666666665
TestDataSetIterator:0.24666666666666667
