ReflectHelper:0.5366666666666666
HierarchicalLayout:0.34
PropertyWidget:0.33666666666666667
