AriaManager:0.63
DownloadReceiver:0.27666666666666667
WidgetLiftManager:0.23666666666666666
UploadReceiver:0.21333333333333335
DownloadDialog:0.2
AbsReceiver:0.0
