PublicationImage:0.5933333333333334
DriverConductor:0.3466666666666667
