MetaModel:0.6066666666666667
CarrierWithSectionsTest:0.3333333333333333
AnnotatedClassParser:0.32
OnChangeMyReportColumnNameAction:0.22333333333333333
EditMyReportColumnAction:0.15333333333333332
InvoiceTest:0.1
CreateNewMyReportColumnAction:0.0
