CookieManager4Test:0.4166666666666667
AttributesTest:0.35
WebRequestTest:0.31666666666666665
WebClientUtils:0.16333333333333333
TestThread:0.16
