FeatureBlock:0.8233333333333334
CondensedAlignment:0.3566666666666667
