FedoraClient:0.9866666666666667
LoginDialog:0.31333333333333335
