ClassInfo:0.6433333333333333
TestCastJPF:0.30333333333333334
TestCast:0.29333333333333333
CHECKCAST:0.17111111111111113
