AtomContainerManipulator:0.45
ValidatorEngine:0.4166666666666667
RingSetManipulator:0.4066666666666667
