Planner:0.6466666666666666
BenchmarkBase:0.35
BulkDeleteBenchmark:0.26666666666666666
SelectBenchmark:0.25666666666666665
UpdateBenchmark:0.25
GroupByBenchmark:0.14333333333333334
