EcOptions:0.5782222222222222
Ep:0.4066666666666667
Ec:0.36
EpOptions:0.30391269841269847
