MP3FileExtractor:0.7633333333333333
ID3V2_3_0Test:0.02666666666666667
