SoakTestHelper:0.7433333333333333
MediaDriverAdminSoakTestRunner:0.31333333333333335
ClientAdminSoakTestRunner:0.14
