JEditHistoryModelSaver:0.15173642
HistoryText:0.1508803
HistoryModelSaver:0.14248201
HistoryTextField:0.07444492
HistoryTextArea:0.06346751
RecentDirectoriesProvider:0.05250384
MutableListModel:0.052422587
VFSBrowser:0.043605212
SearchDialog:0.043055985
Registers:0.032274175
jEdit:0.026664656
View:0.022010284
InputHandler:0.013967487
