TopologyViewScene:0.47
TopologyViewActions:0.29333333333333333
SDHModuleActionsFactory:0.18333333333333332
SpecialRelationshipsTopComponent:0.18166666666666667
ConfigurationObject:0.18
DeleteConnectionAction:0.15914285714285717
ObjectNodeWidget:0.15333333333333332
SingleFormatPanel:0.13
DeleteNodeAction:0.10533333333333332
