RdtDebugUiMessages:0.67
RdtDebugUiPlugin:0.51
RubyEnvironmentTab:0.26
EvaluationExpressionsPreferencePage:0.26
RubyInterpreterPreferencePage:0.24333333333333335
RubyApplicationShortcut:0.21333333333333335
RubyEntryPointTab:0.20333333333333334
RubyArgumentsTab:0.2
EditEvaluationExpressionDialog:0.18333333333333332
ModifyCatchpointAction:0.14
RubySourceLocator:0.12333333333333334
RubyExecutionArgumentsPage:0.11333333333333333
TC_RubyEntryPointTab:0.09
TC_RubyEnvironmentTab:0.07333333333333333
TC_RubyArgumentsTab:0.07333333333333333
