Result:0.9033333333333333
ResultImpl:0.35
ResultQuery:0.28065079365079365
AbstractDelegatingSelect:0.21333333333333335
AbstractResultQuery:0.18666666666666668
jOOQAbstractTest:0.15333333333333332
TypeUtils:0.04
