EmailOpener:0.7033333333333334
DefaultDataOpenerRegistry:0.36666666666666664
TestDataOpenerRegistryImpl:0.3566666666666667
EmailOpenerFactory:0.31666666666666665
EmailOpenerTest:0.0033333333333333335
ResourceNotFoundException:0.0
