ViewControlsHideableBlockAjaxTag:0.5736666666666667
BulkDeployDefinitionControlHideableBlockAjaxTag:0.5736666666666667
