Maven2Script:0.74
Maven2Builder:0.42333333333333334
Maven2ScriptTest:0.16666666666666666
