RaMasterApi:0.7608333333333334
RaMasterApiLocalImpl:0.5
RaMasterApiProxyBean:0.22333333333333333
RaCertDistServlet:0.16333333333333333
RaSearchCertsBean:0.11666666666666667
