HTMLScanner:0.5366666666666666
XercesBridge:0.36666666666666664
HTMLTagBalancer:0.3433333333333333
NamespaceSupport:0.29
