RubyScript:0.4533333333333333
IProblemRequestor:0.41305555555555556
IProblem:0.33211904761904765
RubyScriptStructureBuilder:0.33
RubyCore:0.30333333333333334
IRubyScript:0.27116666666666667
RubyModelManager:0.22666666666666666
Warning:0.17
PerWorkingCopyInfo:0.15666666666666668
TaskParser:0.15666666666666668
BecomeWorkingCopyOperation:0.11666666666666667
ReconcileWorkingCopyOperation:0.07666666666666666
MarkerUtility:0.07666666666666666
RubyScriptProblemFinder:0.06333333333333334
RubyBuilder:0.056666666666666664
DefaultProblem:0.055
Error:0.04
TaskTag:0.02
