GwtClientHelper:0.5833333333333334
RequestInfo:0.4896666666666667
ManageUsersDlg:0.34
EntryTitleCell:0.2633333333333333
TrashView:0.21833333333333332
GwtUIHelper:0.21666666666666667
DataTableFolderViewBase:0.2
ManageUsersInfoRpcResponseData:0.1847222222222222
BinderSelector:0.09
EntryTitleColumn:0.06666666666666667
