Dispatcher:0.51
MethodToken:0.3433333333333333
ForModernVm:0.32666666666666666
ForTypeAnnotations:0.27666666666666667
MethodExtractor:0.26666666666666666
LazyMethodDescription:0.26
TypeDescriptionGenericAnnotationReaderTest:0.13
