AttributeSet:0.7255555555555555
AbstractAttributeSet:0.43333333333333335
SAXWriter:0.17666666666666667
