CommunicationsStub:0.83
ExecuteClassReportAction:0.21666666666666667
AddIPAddressAction:0.21666666666666667
