BoolQueryBuilder:0.45
DisMaxQueryBuilder:0.37666666666666665
QueryBuilder:0.32666666666666666
BoolQueryParser:0.22333333333333333
DisMaxQueryParser:0.18333333333333332
