AnotherClassWithTestFactory:0.314436507936508
IsTestMethodTests:0.25
ClassWithTestMethods:0.23333333333333334
IsTestTemplateMethod:0.197
IsTestFactoryMethod:0.09666666666666666
IsTestMethod:0.09666666666666666
IsTestableMethod:0.09
AClassWithTestTemplate:0.05222222222222222
IsTestTemplateMethodTests:0.03666666666666667
IsTestFactoryMethodTests:0.023333333333333334
