ClientClusterServiceImpl:0.4666666666666667
ClusterListenerThread:0.43
TargetCallableRequest:0.25
LocalTargetCallableRequest:0.23666666666666666
ManagerAuthenticator:0.06333333333333334
ClientPacketProcessor:0.04
ClusterAuthenticator:0.03
