Ejb3Configuration:0.5616666666666666
IsolatedClassLoaderTest:0.36666666666666664
BasicTransactionalTestCase:0.18666666666666668
BasicJdbcTransactionalTestCase:0.16
AvailableSettings:0.06333333333333334
