Lang:0.6333333333333333
RingItem:0.36666666666666664
BufferRing:0.20333333333333334
BufferRingTest:0.09666666666666666
