MFAnalyser:0.5466666666666666
RingPartitioner:0.46
AllRingsFinder:0.36666666666666664
AminoAcidManipulator:0.12333333333333334
