BlockMetaData:0.6066666666666667
JFXRendererBridge:0.37666666666666665
ParamStructDefinition:0.31
AbstractWidgetRefHandler:0.29
JFXEditorPanel:0.27666666666666667
BlockCell:0.26666666666666666
TreeEditorScaleHelper:0.235
DefaultWindowManagerListener:0.22166666666666668
XMLMessageTest:0.21333333333333335
ServerExtensionLoader:0.2111111111111111
ExternalSourceRenderer:0.19666666666666666
DefaultParamStructConverter:0.18333333333333332
EditorScaleLayerTest:0.16333333333333333
ARINCDefinitionVerifier:0.14333333333333334
EventStructDefinition:0.12666666666666668
DefArcEllipse:0.04666666666666667
WindowManagerListener:0.04
