VariableUserType:0.6333333333333333
MoveUserTypeAttributeRefactoring:0.2866666666666667
MoveToTypeAttributeSelectionListener:0.19
VariableEditorPage:0.18333333333333332
ParamDefComposite:0.18
CreateEmbeddedSubprocessAction:0.14
MultiSubprocess:0.14
