MPTItemIterator:0.8166666666666667
MPTQueryFactory:0.38333333333333336
