IndentingAppendable:0.4666666666666667
BlockWriter:0.388
MethodWriter:0.32666666666666666
ConstructorWriter:0.2833333333333333
MethodWriterTest:0.22666666666666666
