FeatureEditorDialog:0.5566666666666666
Commentator:0.35
FeatureEditPanel:0.31
GeneEditPanel:0.30666666666666664
FeatureTypeItemListener:0.1411111111111111
