Locality:0.5866666666666667
MailAddress:0.4066666666666667
