AclItem:0.57
AclItemPermissionMapper:0.3869761904761903
FunctionManager:0.23333333333333334
FunctionManagerImpl:0.2
AclItemPermissionMappingException:0.0
