URLConnectionTest:0.6833333333333333
IosHttpURLConnection:0.4033333333333333
