DefaultManagement:0.7683333333333333
RIQueue:0.4822222222222223
