Peer:0.8066666666666666
BlockChain:0.3654444444444444
