Geonet:0.4976111111111112
Record:0.36
ReusableObjectLogger:0.35
Replace:0.33666666666666667
DetectOld:0.31333333333333335
Email:0.27
