NodeExtension:0.8933333333333333
PartitionStateManager:0.3466666666666667
MigrateTask:0.32
FetchMostRecentPartitionTableTask:0.20333333333333337
DefaultNodeExtension:0.15833333333333333
