ImageGridFragment:0.37333333333333335
BucketBean:0.31333333333333335
MediaGridView:0.27
MediaGridAdapter:0.205
MediaUtils:0.17333333333333334
MediaGridPresenter:0.14666666666666667
RecyclerImageView:0.14333333333333334
MediaActivity:0.12333333333333334
MediaSrcFactoryInteractorImpl:0.10666666666666667
BitmapUtils:0.09444444444444444
PicassoImageLoader:0.09333333333333334
MediaGridPresenterImpl:0.06416666666666666
OnGenerateMediaListener:0.006944444444444445
MediaSrcFactoryInteractor:0.0
