JNAKernel32Library:0.7677222222222223
Seccomp:0.48
SeccompTests:0.26666666666666666
JOBOBJECT_BASIC_LIMIT_INFORMATION:0.09583333333333334
