AbstractTestQueries:0.681111111111111
Visitor:0.31833333333333336
