GenericCollectionMatcher:0.34
ObservableFieldMatcher:0.34
MapReadWriteGenerator:0.14
ListReadWriteGenerator:0.14
SetReadWriteGenerator:0.13333333333333333
SparseArrayReadWriteGenerator:0.13333333333333333
ObservableFieldReadWriteGenerator:0.13333333333333333
