DOMBuilderTagVisitor:0.6161111111111112
HtmlImplicitClosingRuleTest:0.15266666666666664
