AtomicFieldData:0.5366666666666666
WithOrdinals:0.34476190476190477
Empty:0.25
SingleSparse:0.19
NumericDVAtomicFieldData:0.19
GeoPointBinaryDVAtomicFieldData:0.19
BinaryDVAtomicFieldData:0.19
BytesBinaryDVAtomicFieldData:0.19
PagedBytesAtomicFieldData:0.18666666666666668
Atomic:0.17666666666666667
Single:0.17666666666666667
FSTBytesAtomicFieldData:0.15
SingleFixedSet:0.15
ParentChildAtomicFieldData:0.14666666666666667
SortedSetDVBytesAtomicFieldData:0.1
AbstractAtomicNumericFieldData:0.1
