Style:0.615
JavaScriptEngine:0.4552777777777777
SimpleScriptableTest:0.27
DomElement:0.24666666666666667
