ViewUtil:0.6333333333333333
EditText:0.41
Dialog:0.27666666666666667
WeekView:0.25666666666666665
RecurringPickerDialog:0.24666666666666667
CircleCheckedTextView:0.22333333333333333
ButtonFragment:0.22
SnackBar:0.21666666666666667
TabPageIndicator:0.20666666666666667
ProgressView:0.20333333333333334
ContactView:0.19666666666666666
ToolbarManager:0.18666666666666668
RippleManager:0.16166666666666665
