BlastXMLParser:0.43666666666666665
PrimerBlastHtmlParser:0.37666666666666665
AnalysisFilter:0.37333333333333335
RemotePrimerBlastNCBI:0.32
AnnotationMenu:0.31666666666666665
DrawableUtil:0.2775
BlastParser:0.2637222222222222
SequenceCheckMenuListener:0.24166666666666667
RemoteBlastNCBI:0.19
AnalysisGUI:0.17
AnalysisMenu:0.12666666666666668
DrawableHalfArrow:0.10111111111111112
RemoteBlastNCBITest:0.024444444444444442
RemotePrimerBlastNCBITest:0.024444444444444442
DrawablePrimerSet:0.016666666666666666
BlastXMLParserTest:0.011666666666666667
PrimerBlastHtmlParserTest:0.011666666666666667
