ProcessLauncher:0.4533333333333333
SlaveNodeLauncher:0.4266666666666667
ProcessLauncherListener:0.30666666666666664
NodeRunner:0.2596666666666667
AbstractProcessLauncher:0.20333333333333334
SlaveNodeManager:0.18333333333333332
ProcessCommands:0.04
ShutdownRestartNodeProtocolHandler:0.02666666666666667
ProcessLauncherEvent:0.016666666666666666
