NamingTestEntity1:0.5366666666666666
MetadataTools:0.49666666666666665
RevisionInfoConfiguration:0.29
BasicNaming:0.19083333333333333
