ConstructionSite:0.7533333333333333
BuildingConstructionMission:0.39666666666666667
ConstructionWizard:0.30666666666666664
BuildingAirlock:0.26666666666666666
SettlementMapPanel:0.23666666666666666
BuildingConstructionMissionMeta:0.15
KeyboardDetection:0.03444444444444444
MouseDetection:0.02
