CommunicationsStub:0.79
LocalObjectView:0.37666666666666665
LocalObjectLightImpl:0.35333333333333333
ObjectNode:0.24
Utils:0.14833333333333334
