ObjectGraph:0.58
InjectionTest:0.24333333333333335
MembersInjectorTest:0.19
LazyInjectionTest:0.16333333333333333
SetBindingTest:0.15333333333333332
ProblemDetectorTest:0.15
InjectStaticsTest:0.14666666666666667
ModuleIncludesTest:0.14333333333333334
TestApp:0.12333333333333334
CoffeeApp:0.12333333333333334
InjectionOfLazyTest:0.12333333333333334
