CharMap:0.13666666666666666
PatternParser:0.13333333333333333
FSMState:0.13333333333333333
RHS:0.12666666666666668
PatternPart:0.04
