PersistedDBCDKResource:0.7441666666666666
CDKDBResource:0.7066666666666667
