XmlPath:0.9038888888888887
XmlPathObjectDeserializationTest:0.09333333333333334
