Calendar:0.76
DateWidget:0.44666666666666666
FrenchRCalendar:0.30333333333333334
ProxyDate:0.18666666666666668
SwitchCalendar:0.14111111111111113
