XEGImport:0.52
XEGCylinder:0.17333333333333334
XEGTranslate:0.16333333333333333
XEGScale:0.16333333333333333
XEGBezierSurface:0.15666666666666668
XEGSphere:0.15333333333333332
OpenAleaHttpHandler:0.12666666666666668
XEGScaleClass:0.03
XEGTypeRoot:0.03
XEGSRoot:0.03
