HeartBeat:0.57
ClientConnectionManagerImpl:0.4633333333333333
InitConnectionTask:0.23199999999999998
