CollectionUtil:0.43666666666666665
Blackboard:0.4166666666666667
CollectionMap:0.4066666666666667
LoadDatasetPlugIn:0.3333333333333333
ExceptionUtil:0.2866666666666667
DataSourceQueryChooserOpenWizard:0.08166666666666667
AbstractLoadDatasetPlugIn:0.058333333333333334
