DocumentImpl:0.5866666666666667
AnnotationSetImpl:0.46
TestPersist:0.2733333333333333
DatabaseDocumentImpl:0.2472222222222222
TestEqual:0.17333333333333334
TestGate:0.13444444444444445
