PluginsDependencyTest:0.7166666666666667
JFXEditorOpenDFExtensionsTest:0.38333333333333336
XMLMapsDefinitionParserTest:0.35
