AuthenticationProcessingFilterBeanDefinitionParser:0.39666666666666667
AuthenticationRepositoryBeanDefinitionParser:0.3566666666666667
AutoConfigBeanDefinitionParser:0.35333333333333333
AutoConfigBeanDefinitionParserTests:0.3466666666666667
AuthenticationMechanismBeanDefinitionParser:0.14333333333333334
