Tcp:0.4666666666666667
ThreadPools:0.4
SigarExtendedNodeInfo:0.36666666666666664
Cpu:0.33666666666666667
Interface:0.31333333333333335
