Library:0.5933333333333334
GraphProperty:0.36
RGGGraph:0.25333333333333335
Instantiation:0.25
Compiletime:0.17444444444444446
RGGThreadData:0.07333333333333333
