ConfigManager:0.82
RESTConnector:0.21666666666666667
PreferencesDialog:0.21333333333333335
