FileSystemDTO:0.5333333333333333
FileSystemMgtService:0.4166666666666667
FileSystemBean:0.31
FileBeanTest:0.1802777777777778
FileSystemMgt2Bean:0.07666666666666666
FileSystemMgt2Service:0.06666666666666667
DFCommandService:0.05
