QRCode:0.6433333333333333
MatrixUtil:0.5033333333333333
Matrix:0.3075
