AtomAPIServlet:0.43666666666666665
BloggerAPIHandler:0.41
MetaWeblogAPIHandler:0.32416666666666666
