HostClassNameStandardsTest:0.64
SubtleCrypto:0.47350000000000014
XMLHttpRequestEventTarget:0.47350000000000014
