QueryShardContext:0.4533333333333333
HasChildQueryBuilder:0.44
NestedQueryBuilder:0.38666666666666666
ScriptField:0.37
HasParentQueryBuilder:0.33666666666666667
SubSearchContext:0.30333333333333334
PercolatorIT:0.27666666666666667
SearchSourceBuilder:0.25666666666666665
InnerHitsIT:0.25333333333333335
InnerHitsContext:0.25333333333333335
BaseInnerHits:0.23666666666666666
HasChildQueryParser:0.22333333333333333
SearchSourceBuilderTests:0.21666666666666667
SearchService:0.2
HasParentQueryParser:0.18333333333333332
HasParentQueryBuilderTests:0.16333333333333333
HasChildQueryBuilderTests:0.16166666666666665
NestedQueryParser:0.16
InnerHitsFetchSubPhase:0.14916666666666667
NestedQueryBuilderTests:0.12666666666666668
ParentChildInnerHits:0.10666666666666667
TopHitsAggregatorFactory:0.043333333333333335
NestedInnerHits:0.03333333333333333
