Model:0.6466666666666666
SBMLDocument:0.4666666666666667
XMLElement:0.33666666666666667
SBMLDocumentTest:0.16666666666666666
XMLList:0.16
