EvalQueryQuality:0.58
PrecisionAtN:0.29
ReciprocalRank:0.2866666666666667
ReciprocalRankTests:0.27666666666666667
DiscountedCumulativeGainAtTests:0.18333333333333332
EvalQueryQualityTests:0.17333333333333334
RankEvalRequestTests:0.13
RankEvalResponseTests:0.12666666666666668
