DataHolder:0.5233333333333333
DBConnection:0.44666666666666666
HibernateTransaction:0.2866666666666667
DataTypeListerServlet:0.11666666666666667
DataQueryServlet:0.10666666666666667
TransactionImplementation:0.07666666666666666
