BufferedSource:0.7466666666666667
Buffer:0.5633333333333334
Timeout:0.3933333333333333
BufferTest:0.3233333333333333
RealBufferedSource:0.30333333333333334
AsyncTimeout:0.25333333333333335
Okio:0.18333333333333332
AsyncTimeoutTest:0.16
RealBufferedSourceTest:0.13
OkioTest:0.02
