FTC_RubyDebugCommunicationTest:0.5433333333333333
FTC_AbstractDebuggerCommunicationTest:0.4452777777777777
