Default:0.5266666666666666
ByteBuddyAgent:0.38333333333333336
