WebSocket:0.7974920634920635
WebSocketImpl:0.40222222222222226
HandshakeImpl1Client:0.37444444444444447
