LayerBuilderTest:0.5
GravesBidirectionalLSTMTest:0.3233333333333333
TrainModuleUtils:0.25666666666666665
GravesLSTMTest:0.25333333333333335
