PatternJEdge:0.38666666666666666
PatternJModel:0.33666666666666667
GraphJModel:0.2733333333333333
AbstractPatternGraph:0.26866666666666666
PatternJVertex:0.26666666666666666
LayouterItem:0.2633333333333333
MyMouseListener:0.19666666666666668
PatternJGraph:0.15
