UserDataVO:0.5522222222222222
DNFieldsUtil:0.5
EjbcaWSHelper:0.30333333333333334
