NoNonNull:0.42
TypeNode:0.42
Pair:0.2966666666666667
AspectGraph:0.27
GrooveEnvironment:0.2633333333333333
RuleModel:0.2375
Typing:0.21166666666666667
Wildcard:0.21111111111111108
RegExprTyper:0.2
EdgeCheckerNode:0.19333333333333333
Token:0.19
OpFamily:0.19
GrooveToMeta:0.14
SelectColorAction:0.13333333333333333
Duo:0.12
