SQLTransportIntegrationTest:0.47361111111111104
PostgresITest:0.47361111111111104
PostgresStatsTablesITest:0.4166666666666667
