FileServletTest:0.4633333333333333
FileServlet:0.39561111111111114
TestFileServlet:0.16666666666666666
