Config:0.5633333333333334
Constants:0.5416666666666666
Routes:0.38
