FunctionalTest:0.4
EntityDataStore:0.37
BoundParameters:0.36
Attributes:0.32666666666666666
CompletableEntityStore:0.29333333333333333
SingleEntityStoreFromBlocking:0.29333333333333333
Queryable:0.2
