MigrationInfoHelper:0.56
FlywayMediumTest:0.49
MigrationInfoHelperSmallTest:0.35333333333333333
SpringJdbcMigrationResolver:0.11666666666666667
JdbcMigrationResolver:0.11666666666666667
SqlMigrationResolver:0.07666666666666666
