DrawableSeqFeature:0.43666666666666665
Config:0.4166666666666667
EvidencePanel:0.30666666666666664
GAMEAdapter:0.2833333333333333
DetailInfo:0.24333333333333335
TranscriptEditPanel:0.24
SetDetailPanel:0.23333333333333334
SelectionSet:0.21666666666666667
FeatureTreePanel:0.21
ApolloFrame:0.2
FeatureEditorDialog:0.19333333333333333
DrawableResultFeatureSet:0.14666666666666667
ApolloFeatureSelectionListener:0.025
