ConfigUtils:0.8533333333333334
AuthenticationProviderBeanDefinitionParser:0.24333333333333335
