Cooking:0.7566666666666667
Ingredient:0.3744444444444444
CropTableModel:0.31
TabPanelCooking:0.22444444444444447
