ReportFamily:0.24
Tree:0.18133333333333332
Report4Generations:0.15333333333333332
ReportAges:0.14
Callback:0.13333333333333333
ReportDescendants:0.13
ReportEvents:0.13
