ESIndexNode:0.4533333333333333
Planner:0.4533333333333333
TransportExecutorTest:0.3233333333333333
ESBulkIndexTask:0.2111111111111111
