CursorConstants:0.9604444444444444
CursorRenderer:0.5666666666666667
