ScriptingConsoleView:0.5566666666666666
JsConsoleView:0.2743333333333333
