ArchiveConductor:0.38333333333333336
DedicatedModeArchiveConductor:0.3566666666666667
SessionWorker:0.2866666666666667
SharedModeRecorder:0.2555555555555556
SharedModeReplayer:0.2555555555555556
SharedModeArchiveConductor:0.16
DedicatedModeSessionWorker:0.13666666666666666
DedicatedModeRecorder:0.09
DedicatedModeReplayer:0.043333333333333335
