DatastreamManagedContent:0.2966666666666667
FieldSearchResultSQLImpl:0.29333333333333333
ValidationUtilityTest:0.2733333333333333
TestRISearch:0.26166666666666666
ValidationUtility:0.26
SimpleDOWriter:0.25666666666666665
DefaultDOManager:0.25333333333333335
TestRelationships:0.23666666666666666
FieldSearchSQLImpl:0.23111111111111116
XMLDatastreamProcessor:0.22333333333333333
FedoraServerTestCase:0.21555555555555558
DefaultManagement:0.21416666666666667
ManagementModule:0.21
TestAPIM:0.20666666666666667
ManagedContentTranslator:0.14333333333333334
FedoraObjectTripleGenerator_3_0:0.14
DefaultDisseminatorImpl:0.12444444444444443
ObjectInfoAsXML:0.08777777777777779
