ReportEntry:0.49666666666666665
XmlReportWriter:0.43333333333333335
XmlReportsWritingListenerTests:0.33
XmlReportWriterTests:0.23666666666666666
