Band:0.315
Usage:0.15833333333333333
Constraints:0.15833333333333333
Source:0.14416666666666667
ProcessStep:0.09916666666666667
MaintenanceInformation:0.09916666666666667
Lineage:0.09166666666666666
Dimension:0.09166666666666666
BrowseGraphic:0.09166666666666666
RangeDimension:0.013333333333333334
