StepExecutionListener:0.7566666666666667
MulticasterBatchListenerTests:0.37
AbstractStep:0.32
AbstractStepTests:0.25333333333333335
MulticasterBatchListener:0.23333333333333334
CompositeStepExecutionListener:0.11666666666666667
CompositeStepExecutionListenerTests:0.09333333333333334
