PercolateRequest:0.6633333333333333
TransportPercolateAction:0.31666666666666665
SimplePercolatorTests:0.29333333333333333
PercolateSourceBuilder:0.29333333333333333
PercolateShardRequest:0.26166666666666666
PercolateRequestBuilder:0.17
PercolatorService:0.15666666666666668
RestPercolateAction:0.07666666666666666
