ServerVersion:0.5733333333333334
BaseWriteOperation:0.19
CreateIndexesOperation:0.023333333333333334
DropUserOperation:0.013333333333333334
MixedBulkWriteOperation:0.013333333333333334
UserExistsOperation:0.0
CreateUserOperation:0.0
UpdateUserOperation:0.0
