TreeItem:0.67
PropertiesFile:0.5033333333333333
ViewContentProvider:0.2
ViewLabelProvider:0.17333333333333334
