Frontier:0.6666666666666666
HostQueuesFrontier:0.36
CrawlController:0.31333333333333335
RecoveryJournal:0.28
AbstractFrontier:0.18333333333333332
BdbFrontier:0.18
ExperimentalFrontier:0.16333333333333333
DomainSensitiveFrontier:0.14888888888888888
