ConnectionsPool:0.5766666666666667
NettyAsyncHttpProvider:0.52
NettyAsyncHttpProviderConfig:0.40277777777777773
AsyncProvidersBasicTest:0.25666666666666665
NettyConnectionsPool:0.25666666666666665
ConnectionPoolTest:0.17333333333333334
