AbstractMethodEndpointMapping:0.6844444444444445
AbstractAnnotationMethodEndpointMapping:0.3457936507936508
