BootstrapCircleThumbnail:0.49
BootstrapThumbnail:0.43333333333333335
HomeActivity:0.2733333333333333
