UserView:0.6091666666666666
HashMapTest:0.3566666666666667
UsersView:0.26
CertificateProfileNameProxy:0.13666666666666666
UserDataConstants:0.043333333333333335
