Tds:0.5866666666666667
Procedure:0.45
PreparedStatement_base:0.30333333333333334
