CodeGenerator:0.6733333333333333
ProcessArrayCallback:0.4928809523809524
ClassFileConstants:0.014071428571428572
