AggregationTree:0.5133333333333333
PIPathElement:0.4166666666666667
DataAggregationJoblet:0.2833333333333333
