Grammar:0.45666666666666667
DFA:0.37666666666666665
Rule:0.37333333333333335
StackLimitedNFAToDFAConverter:0.35333333333333333
DFAState:0.32666666666666666
CollectSymbols:0.2733333333333333
Resolver:0.17
LinearApproximator:0.16333333333333333
DOTGenerator:0.15333333333333332
DFA1:0.15
DFASerializer:0.14333333333333334
DFA5:0.06588888888888889
AnalysisPipeline:0.06
LexerNFAFactory:0.05333333333333334
