DashboardHelper:0.45555555555555555
WebKeys:0.426626984126984
ViewController:0.3333333333333333
