KeyStoreContainer:0.65
KeyStoreContainerFactory:0.36666666666666664
KeyStoreContainerBase:0.2966666666666667
KeyStoreContainerJCE:0.285
Sign:0.25
KeyStoreContainerTest:0.18666666666666668
HSMKeyTool:0.18
CATokenContainerImpl:0.16
NormalTest:0.125
KeyStoreContainerP11:0.12444444444444443
Crypto:0.08333333333333333
HwCaInitCommand:0.07666666666666666
CryptoNotAvailableForThisAlgorithm:0.01
