GLUtessellatorCallback:0.5616666666666666
GLUtessellatorCallbackAdapter:0.5616666666666666
GLUtessellator:0.37511904761904763
GLU:0.3233333333333333
PriorityQSort:0.2633333333333333
Sweep:0.26
Mesh:0.25333333333333335
Dict:0.22666666666666666
Geom:0.22333333333333333
ActiveRegion:0.2063968253968254
DictNode:0.2063968253968254
TessState:0.2063968253968254
GLUtessellatorImpl:0.18333333333333332
TessellationTest:0.17333333333333334
PriorityQ:0.16
Render:0.15333333333333332
GLUhalfEdge:0.08333333333333333
GLUmesh:0.08333333333333333
CachedVertex:0.08333333333333333
Normal:0.07666666666666666
PriorityQHeap:0.07166666666666667
VertexData:0.036388888888888894
TessMono:0.021666666666666667
GLUface:0.02
GLUvertex:0.02
TessCallback:0.016666666666666666
