ImportRetailersFromExcelJSPController:0.49666666666666665
FacebookGalleryAppController:0.3566666666666667
SitemapToTranslationDocumentController:0.14666666666666667
CSVRetailerExporter:0.14666666666666667
XLSXRetailerExporter:0.13666666666666666
SitemapToExcelController:0.13666666666666666
