StringUtils:0.43666666666666665
ReflectionUtils:0.3566666666666667
VintageTestEngineDiscoveryTests:0.27666666666666667
AbstractMethodResolver:0.23333333333333334
ToStringBuilder:0.215
StringUtilsTests:0.20333333333333334
ParameterizedTestNameFormatterTests:0.16333333333333333
