ScriptDocValues:0.8163888888888889
Empty:0.2833333333333333
