SkipLimitStepFactoryBean:0.8055555555555555
SkipLimitStepFactoryBeanTests:0.5166666666666667
