TopologyViewTopComponent:0.51
TopologyViewScene:0.25666666666666665
LabelTextFieldEditor:0.24666666666666667
ObjectFrameWidget:0.21444444444444447
TopologyViewService:0.15
