MKS:0.8538888888888888
MKSTest:0.056666666666666664
