AboutDialog:0.4809523809523809
NBrowseApplet:0.42833333333333334
