Context:0.53
ReceiveChannelEndpoint:0.3333333333333333
SendChannelEndpoint:0.31333333333333335
UdpChannelTransport:0.22
