BackendBean:0.4666666666666667
BackendBeanRemote:0.43333333333333335
KuwaibaWebservice:0.30333333333333334
