RangeI:0.7366666666666667
SeqFeatureI:0.5733333333333334
TranslationI:0.46138888888888896
SeqFeature:0.4066666666666667
FeatureSet:0.39666666666666667
Protein:0.37
Transcript:0.32
GAMEAdapter:0.29
AnnotationEditor:0.29
Range:0.27666666666666667
ChadoXmlAdapter:0.22333333333333333
GenbankRead:0.20333333333333334
GenbankReport:0.2011111111111111
BaseMouseListener:0.18
GAMESave:0.17333333333333334
FeatureTypeItemListener:0.08666666666666667
