ZoneUtil:0.6566666666666666
ZoneModule:0.6133333333333333
AbstractZoneModule:0.31
BaseZoneModule:0.28
AuthenticationManagerImpl:0.2658333333333333
SpringAuthenticationBeans:0.21511111111111111
RequestContext:0.21333333333333335
