Responder:0.7566666666666667
FormResponder:0.44333333333333336
ResponderCacheManager:0.27666666666666667
ResponderOp:0.09277777777777778
