BatchMakeP12:0.45
CertificateDataTest:0.27666666666666667
PublisherQueueTest:0.2733333333333333
PublisherTest:0.25666666666666665
ApprovalSessionTest:0.23
RequestInstance:0.19666666666666666
AuthorizationProxy:0.19333333333333333
KRSSResponseGenerator:0.18333333333333332
UserDataTest:0.17333333333333334
