MapReduceTest:0.3233333333333333
ClientMapReduceTest:0.25666666666666665
ListSetMapReduceTest:0.19
HazelcastTestSupport:0.17666666666666667
CustomDataSourceMapReduceTest:0.13
MapReduceManagedContextTest:0.13
MultiMapMapReduceTest:0.13
DistributedMapperMapReduceTest:0.12666666666666668
DistributedMapperClientMapReduceTest:0.05333333333333334
