TabPanelSocial:0.45666666666666667
RelationshipTableModel:0.4166666666666667
WizardPanel:0.16833333333333333
SalvageSettlementPanel:0.135
LightUtilityVehiclePanel:0.135
