ClientConnection:0.5666666666666667
HazelcastOSGiServiceImpl:0.27166666666666667
ChangeClusterStateRequest:0.26
ClientConnectionManagerImpl:0.22333333333333333
JCloudsDiscoveryFactoryTest:0.17333333333333334
CleanResourcesTask:0.16666666666666666
ClientEventProcessor:0.15333333333333332
ClientListenerServiceImpl:0.1275
ChangeClusterStateRequestTest:0.11666666666666667
ResponseThread:0.11333333333333333
ClientServiceTest:0.09
