DrawableFeatureSet:0.7383333333333333
DrawableAnnotatedFeatureSet:0.40166666666666667
