TextureHandler:0.5933333333333334
SunshineRaytracer:0.55
Kernel:0.38666666666666666
Testumgebung:0.31666666666666665
