Target:0.48
Reference:0.36666666666666664
FormatUtils:0.36666666666666664
Template:0.32
TemplateTarget:0.32
CommonUtils:0.31
ModelUtils:0.27
BslaLibraryUtils:0.26666666666666666
ReferenceDDLUtils:0.23666666666666666
DBTemplateUtils:0.22333333333333333
TableDDLUtils:0.21
DatabaseUtils:0.19666666666666666
AbstractGenerator:0.17
ModelGenerator:0.16
URLUtils:0.15333333333333332
ConvertUtils:0.07666666666666666
