ChartUtils:0.66
ChartUtilsTest:0.43666666666666665
PurdyChartServlet:0.18333333333333332
