Executor:0.38666666666666666
BatchPresentationTestHelper:0.3566666666666667
ExecutorCache:0.3466666666666667
JbpmExecutionLogic:0.26
SecuredObjectDAOHibernateImpl:0.23666666666666666
SubstitutionLogic:0.21666666666666667
DAOHibernateImpl:0.21666666666666667
Fork1Test:0.195
WebServiceTaskHandler:0.16833333333333333
ExecutorComparatorAscByNameDescription:0.165
ExecutorComparatorAscByDescription:0.14833333333333334
ExecutorComparatorAscByName:0.14833333333333334
TaskComparatorDescByProcessDefinitionName:0.14833333333333334
ProcessInstanceComparatorDescById:0.14833333333333334
ExecutorComparatorDescByDescription:0.14833333333333334
TaskComparatorAscByProcessDefinitionName:0.14833333333333334
ProcessDefinitionComparatorAscByVersionName:0.14833333333333334
ProcessInstanceComparatorDescByName:0.14833333333333334
ProcessDefinitionComparatorDescByDescription:0.14833333333333334
TaskComparatorDescByStateDescription:0.14833333333333334
ProcessInstanceComparatorAscByName:0.14833333333333334
TaskComparatorAscByStateName:0.14833333333333334
ExecutorComparatorDescByNameDescription:0.14833333333333334
ProcessDefinitionComparatorDescByName:0.14833333333333334
ExecutorComparatorDescByName:0.14833333333333334
TaskComparatorAscByStateDescription:0.14833333333333334
ProcessDefinitionComparatorAscByName:0.14833333333333334
ProcessInstanceComparatorDescByStartDate:0.14833333333333334
ProcessDefinitionComparatorAscByDescription:0.14833333333333334
TaskComparatorDescByStateName:0.14833333333333334
OracleStringComparator:0.13666666666666666
SubstringDBSource:0.11333333333333333
MySQLStringComparator:0.056666666666666664
PostgreStringComparator:0.056666666666666664
MSSQLStringComparator:0.056666666666666664
ProcessInstanceComparatorAscById:0.02
DefaultStringComparator:0.0025
