FlowControl:0.5259444444444444
NetworkPublication:0.5066666666666667
MaxMulticastFlowControl:0.23333333333333334
UnicastFlowControl:0.23333333333333334
