jEdit:0.11333233
AbstractOptionPane:0.054590438
BufferSetManager:0.047651444
BufferSet:0.045138776
GUIUtilities:0.04071398
