IOccurrencesFinder:0.5616666666666666
PreferencesMessages:0.4995
RubyCore:0.4666666666666667
RubyProject:0.4066666666666667
ITypeInferrer:0.40552380952380945
AbstractOccurencesFinder:0.35333333333333333
Variable:0.35
TypeInferrerTest:0.34833333333333333
DataFlowTypeInferrerTest:0.33666666666666667
RubyScript:0.32
RubyScriptStructureBuilder:0.31666666666666665
RubyCompletionProposal:0.31666666666666665
RubyParser:0.31333333333333335
Scope:0.31
SelectionVisitor:0.2833333333333333
MarkOccurrencesTest:0.27666666666666667
IInformationControlExtension4:0.27051984126984113
IReferenceFinder:0.27051984126984113
ITypeGuess:0.23333333333333334
RubyCompletionProcessor:0.22666666666666666
RubyEditor:0.21333333333333335
PreferenceConstants:0.20666666666666667
DataFlowTypeInferrer:0.20333333333333334
RubySourceViewerConfiguration:0.20333333333333334
DefaultTypeInferrer:0.19
DefaultOccurrencesFinder:0.18666666666666668
CompletionProposal:0.18333333333333332
RubyAbstractEditor:0.18
MarkOccurrencesConfigurationBlock:0.18
AbstractRubyCompletionProposal:0.18
RubyScriptCompletion:0.17333333333333334
IndexUpdater:0.17333333333333334
MassIndexUpdater:0.17
ConstNodeTypeNames:0.163238455988456
TypeInferenceVisitor:0.16
BrowserInformationControl:0.15333333333333332
DefaultReferenceFinder:0.14666666666666667
ScopedNodeLocator:0.14666666666666667
ReferenceMatchTest:0.13666666666666666
OffsetNodeLocator:0.13666666666666666
CompletionRequestor:0.13666666666666666
MarkOccurrencesPreferencePage:0.1288888888888889
ScopingVisitor:0.115
RubyScriptProblemFinder:0.11333333333333333
OccurrencesFinderJob:0.1
RubyCodeAnalyzer:0.1
MethodDefinitionLocator:0.08833333333333333
ReferenceTypeGuess:0.07333333333333333
BasicTypeGuess:0.06
ProposalInfo:0.058333333333333334
AttributeLocator:0.058333333333333334
FirstPrecursorNodeLocator:0.056666666666666664
OccurrencesFinderJobCanceler:0.051666666666666666
INodeAcceptor:0.051666666666666666
TypeInferenceHelper:0.04833333333333333
NodeLocator:0.04666666666666667
ICodeAssist:0.04
MethodInvocationLocator:0.035
AbstractReusableInformationControlCreator:0.03333333333333333
ClosestSpanningNodeLocator:0.028333333333333332
RubyElementRequestor:0.02
ActivationListener:0.0033333333333333335
TypicalMethodReturnNames:0.0
