QueryManagerConfig:0.5833333333333334
QueryStarter:0.44666666666666666
TestQueryManagerConfig:0.36
SqlQueryManager:0.3566666666666667
