TargetPanel:0.5266666666666666
ConsoleSample:0.4533333333333333
TechnologyLimitationPanel:0.39666666666666667
TechnologyConventionPanel:0.3233333333333333
