TestClass:0.5833333333333334
Description:0.36666666666666664
ParentRunner:0.34
Suite:0.28
Parameterized:0.15333333333333332
ClassRequest:0.13333333333333333
Theories:0.12333333333333334
