SequencerAgent:0.47
ClusteredServiceAgent:0.3233333333333333
LogAdapter:0.24555555555555558
BoundedLogAdapter:0.23333333333333334
SequencerAgentTest:0.23333333333333334
ConsensusModule:0.20666666666666667
LogAppender:0.20333333333333334
ConsensusModuleProxy:0.09666666666666666
