OperationNode:0.49833333333333335
OperationExecutionResultsVisualPanel:0.4083333333333333
OperationSetNode:0.35833333333333334
