StopClock:0.5111111111111111
EquityOptions:0.3933333333333333
