Call:0.84
OkHttpCall:0.3466666666666667
Service:0.2454444444444444
EmptyCall:0.22666666666666666
Calls:0.17666666666666667
CallTest:0.14
BehaviorCall:0.1388888888888889
ExecutorCallbackCall:0.1388888888888889
