AbstractSharedClusterTest:0.4766666666666667
SourceFieldMapper:0.44333333333333336
UpdateTask:0.23333333333333334
UpdateMappingTests:0.11333333333333333
