BasicAuthenticationBeanDefinitionParser:0.38333333333333336
HttpSecurityBeanDefinitionParser:0.27
GlobalMethodSecurityBeanDefinitionParser:0.21666666666666667
AuthenticationProviderBeanDefinitionParser:0.20666666666666667
ConcurrentSessionsBeanDefinitionParser:0.1877777777777778
AnonymousBeanDefinitionParser:0.1406904761904762
SaltSourceBeanDefinitionParser:0.11333333333333333
