DataManager:0.6964444444444443
Get:0.38333333333333336
SaveDisplayOrder:0.043333333333333335
MdInfo:0.014444444444444444
