DefaultPortableReader:0.64
SerializationServiceImpl:0.49
QueueStoreWrapper:0.20666666666666667
PortableSerializer:0.16111111111111112
PortableContext:0.10666666666666667
