Fiber:0.5366666666666666
Debug:0.36666666666666664
ClassLoaderUtil:0.32666666666666666
ASMUtil:0.21333333333333335
InstrumentClass:0.19666666666666666
Classes:0.013333333333333334
