Loader:0.62
GraphAnalysisLoader:0.2633333333333333
TestingLoader:0.16666666666666666
FailoverLoader:0.16
GeneratedAdapters:0.08666666666666667
