ObjectiveCImplementationGenerator:0.5066666666666667
ObjectiveCImplementationGeneratorTest:0.49333333333333335
ObjectiveCHeaderGenerator:0.3566666666666667
EnumRewriter:0.18333333333333332
