JsonArray:0.5633333333333334
JsonObject:0.5366666666666666
JsonArrayTest:0.24666666666666667
JsonObjectTest:0.15666666666666668
