CertificateProfile:0.7966666666666666
CertificateRequestThrowAwayTest:0.3566666666666667
CertificateCreateSessionBean:0.2966666666666667
EndEntityManagementSessionBean:0.25333333333333335
RequestInstance:0.24666666666666667
