SupervisorActor:0.3433333333333333
ActorRefDelegate:0.2966666666666667
ActorRefImpl:0.23333333333333334
GenEventActor:0.22333333333333333
GenServerActor:0.2075
Local:0.2006666666666667
GenEvent:0.18666666666666668
Supervisor:0.18333333333333332
AddChildMessage:0.11333333333333333
RemoveChildMessage:0.05
GetChildMessage:0.05
HandlerMessage:0.05
