PartitionReplicaVersions:0.5166666666666667
FirewallingMockConnectionManager:0.35
PartitionCorrectnessTestSupport:0.20666666666666667
PartitionReplicaManager:0.18333333333333332
CheckReplicaVersion:0.17666666666666667
TestPartitionUtils:0.17
PartitionReplicaVersionsView:0.14
AssertSizeAndDataTask:0.13333333333333333
AntiEntropyCorrectnessTest:0.1
GetReplicaVersionsRunnable:0.09333333333333334
DelayedPacketTask:0.06666666666666667
