EditorScriptConfiguration:0.4816666666666667
PropertiesScript:0.45592857142857146
EditorScriptHelper:0.36333333333333334
PropertiesScriptManager:0.23333333333333334
GroovyScript:0.20666666666666667
EditorScriptPlugin:0.20666666666666667
