ServerImpl:0.67
NettyServerTransport:0.47333333333333333
SimpleServerTransport:0.32666666666666666
