KBClass:0.7566666666666667
KBProperty:0.7316666666666668
KBInstance:0.5533333333333333
KBPropertyImpl:0.37
KBDatatypeProperty:0.27051984126984113
KBFunctionalProperty:0.27051984126984113
KBObjectProperty:0.16333333333333333
KnowledgeBase:0.15083333333333335
KBClassImpl:0.08
KBObjectPropertyImpl:0.0033333333333333335
KBTransitiveProperty:0.0
KBDatatypePropertyImpl:0.0
KBSymmetricProperty:0.0
