ReplicatedChronicleMap:0.3466666666666667
Segment:0.3433333333333333
VanillaChronicleMap:0.30666666666666664
AbstractChronicleMapBuilder:0.25666666666666665
ChronicleMapTest:0.18333333333333332
EntryCountMapTest:0.15666666666666668
