Protocol:0.6189444444444444
BinaryJedis:0.35333333333333333
BinaryClient:0.35
BasicCommands:0.23666666666666666
MultiKeyPipelineBase:0.23333333333333334
BasicRedisPipeline:0.2
AllKindOfValuesCommandsTest:0.12333333333333334
