LSTM:0.5833333333333334
ScoreIterationListener:0.46
BaseUpdater:0.31166666666666665
