DBCollection:0.48
FindAndUpdateOperation:0.4666666666666667
MongoCollectionView:0.3466666666666667
NewMongoCollectionImpl:0.3
