AnalysisInput:0.5033333333333333
Compress:0.2943333333333334
BlastFilter:0.29333333333333333
BlastParser:0.25
TwilightFilter:0.22666666666666666
BlastFilterPanel:0.13
