SearchItem:0.48333333333333334
TypeGraph:0.35333333333333333
AbstractPatternGraph:0.2633333333333333
Matcher:0.24666666666666667
PatternEdgeSearchItem:0.20666666666666667
LayerComparator:0.18366666666666667
Search:0.18333333333333332
PatternSearchPlan:0.17333333333333334
PatternNodeSearchItem:0.16
AbstractRecord:0.10333333333333333
PlanData:0.06333333333333334
ItemTypeComparator:0.02722222222222222
ConnectedPartsComparator:0.021666666666666667
PatternNodeSearchRecord:0.01
ItemComparatorComparator:0.0033333333333333335
