MaterialViewPagerAnimator:0.58
MaterialViewPager:0.43666666666666665
TestRecyclerViewAdapter:0.24666666666666667
TestListViewAdapter:0.24666666666666667
