UnitManager:0.6866666666666666
TaskDrive:0.5066666666666667
InsituResourceProcessorFacility:0.43666666666666665
