WebTestCase:0.5816666666666667
OptionTest:0.4266666666666667
HtmlUnitContextAction:0.27555555555555555
