InsertTextPanel:0.5533333333333333
JChemPaintAbstractApplet:0.44333333333333336
CopyPasteAction:0.27666666666666667
EnterElementSwingModule:0.18
