FinalizePromotionOperation:0.48333333333333334
MigrationCommitRollbackTestingService:0.31
PromotionCommitOperation:0.2633333333333333
DummyPartitionAwareOperation:0.18
MigrationAwareServiceEventTest:0.17333333333333334
FailingOperationResponseHandler:0.1124206349206349
