DocumentMapper:0.49333333333333335
GetActionTests:0.32666666666666666
Builder:0.32111111111111107
TransportTwoNodesSearchTests:0.29
MapperBuilders:0.23
SimpleSortTests:0.19666666666666666
DocumentMapperParser:0.19
TransportSearchFailuresTests:0.12333333333333334
