SharingModule:0.7612698412698413
GwtShareHelper:0.6533333333333333
SharingModuleImpl:0.32666666666666666
