LoggerController:0.64
CruiseControlControllerAgent:0.42
LoggerControllerMBean:0.2966666666666667
LoggerControllerTest:0.09333333333333334
