ExternalResourceSupportForMixedMethodAndFieldRulesTests:0.36666666666666664
ExternalResourceSupportForMultipleMethodRulesTests:0.36666666666666664
ExternalResourceSupportForTemporaryFolderFieldTests:0.17666666666666667
ExternalResourceWithoutAdapterTests:0.17666666666666667
EnableRuleMigrationSupportWithBothRuleTypesTestCase:0.12333333333333334
EnableRuleMigrationSupportWithBothRuleTypesTests:0.10666666666666667
