CropIwaImageView:0.37
CropIwaView:0.27666666666666667
CropIwaDynamicOverlayView:0.26666666666666666
CropIwaImageViewConfig:0.23333333333333334
CropIwaOverlayView:0.20666666666666667
MainActivity:0.14666666666666667
CropIwaShape:0.13666666666666666
CropIwaUtils:0.11333333333333333
AspectRatio:0.10333333333333333
