TimeSeriesDouble:0.5466666666666666
TimeSeries:0.5466666666666666
IntervalPrice:0.48
GarmanKlassOpenClose:0.19666666666666666
GarmanKlassSigma4:0.18333333333333332
GarmanKlassSigma5:0.18333333333333332
ParkinsonSigma:0.17333333333333334
GarmanKlassSimpleSigma:0.16333333333333333
CubicSplineInterpolationTest:0.14
EstimatorsTest:0.13
