Commandline:0.6133333333333333
CMSynergy:0.26666666666666666
OSEnvironment:0.20666666666666667
CMSynergyModification:0.18333333333333332
ManagedCommandline:0.18333333333333332
CMSynergyBootstrapper:0.056666666666666664
EnvCommandline:0.0033333333333333335
