AttributeMetadata:0.5566666666666666
BusinessEntityManagerImpl:0.38666666666666666
ClassMetadata:0.3
MetadataEntityManagerImpl:0.28833333333333333
GroupProfile:0.27
UserProfile:0.16
ApplicationEntityManagerImpl:0.14666666666666667
