SingleElectronTest:0.47
ReactionTest:0.44
PseudoAtomTest:0.3
ChemModelTest:0.2966666666666667
RingTest:0.20333333333333334
