IoUtility:0.6566666666666666
KernelContext:0.4033333333333333
StringUtility:0.36333333333333334
DefaultInternalKernelServices:0.31
DateUtility:0.17
