Node:0.5
GenericListTag:0.26966666666666667
ExprTypeAST:0.235
ObjectTypeAST:0.16111111111111112
RangeValidationRule:0.09916666666666667
MqlIdentNode:0.05
MqlAritmeticNode:0.013333333333333334
MqlComparisonNode:0.013333333333333334
