IChatControlListener:0.45888888888888885
ChatControl:0.42
ChatDisplay:0.36
IChatDisplayListener:0.24940873015873027
ChatView:0.24333333333333335
ChatHistory:0.13666666666666666
ChatHistoryEntry:0.08666666666666667
ChatControlAdapter:0.04666666666666667
ChatClearedEvent:0.021666666666666667
