StepRunner:0.4633333333333333
ScriptEditor:0.42
NoExitSecurityManager:0.27
ScriptFixture:0.19000000000000003
MyCodeStressTest:0.13666666666666666
EditorSecurityManager:0.12666666666666668
