IdsQueryBuilder:0.5733333333333334
AbstractQueryBuilder:0.4033333333333333
MatchAllQueryBuilder:0.29333333333333333
IdsQueryBuilderTests:0.27666666666666667
