RMap:0.5766666666666667
RedissonMap:0.3933333333333333
RedissonMapCache:0.36333333333333334
Redisson:0.3
RMapAsync:0.2833333333333333
RedissonMapReactive:0.25
RedissonLocalCachedMapTest:0.245
MapGetAllDecoder:0.23166666666666666
RedissonBatch:0.22333333333333333
LocalCachedMapOptions:0.22
RedissonLocalCachedMap:0.22
RedissonMapCacheTest:0.21666666666666667
RedissonMapCacheReactive:0.20333333333333334
RedissonClient:0.19559523809523813
RedissonMapTest:0.17111111111111113
