WebResponse:0.8466666666666667
WebResponseWrapper:0.42
WebResponseImpl:0.38333333333333336
