SaxEntityResolver:0.43833333333333335
SaxParser:0.29
XmlFilePositionException:0.20166666666666666
