Helper:0.37333333333333335
GwtApplication:0.32666666666666666
Preloader:0.32
LibraryDef:0.27133333333333337
ParticleEffect:0.26666666666666666
AntScriptGenerator:0.215
ProjectSetup:0.18666666666666668
AdvancedSettingsPanel:0.14
ResultTree:0.12
ProjectUpdate:0.11333333333333333
FreetypeBuild:0.10333333333333333
BaseProjectConfiguration:0.0
