ObjectKeys:0.45359523809523816
EntityIndexUtils:0.44
AccessUtils:0.37666666666666665
AbstractZoneModule:0.3333333333333333
SharingModuleImpl:0.25666666666666665
