ConcurrentMap8Test:0.5333333333333333
TcpReplicationConfig:0.4533333333333333
AddressAndPort:0.44
BytesExternalizableImpl:0.37666666666666665
ProposedIdentifierWithHost:0.37333333333333335
TcpReplicator:0.24666666666666667
DiscoveryCluster:0.2
UDPEventListener:0.19
RemoteNodes:0.18666666666666668
NodeDiscoveryBroadcasterTest:0.04
