Version:0.6066666666666667
TransportAddress:0.4633333333333333
DiscoveryNode:0.32
