BaseManager:0.5322222222222223
TransactionImpl:0.49666666666666665
KeyValue:0.33666666666666667
Entries:0.22
