XJBSharedFile:0.655
XJBAlternateLocation:0.4450555555555555
XJBSharedFileImpl:0.31
XJBAlternateLocationImpl:0.26666666666666666
Unmarshaller:0.26066666666666666
XJBSearchFilterImpl:0.25333333333333335
ObjectFactory:0.23388888888888887
