Chronology:0.6066666666666667
DateTimeFieldType:0.5033333333333333
DurationFieldType:0.3616666666666667
DateTimeComparator:0.22
AbstractDateTime:0.21666666666666667
BaseChronology:0.19333333333333333
AbstractPartialFieldProperty:0.19
StandardDateTimeFieldType:0.12666666666666668
StandardDurationFieldType:0.04833333333333333
