Factory:0.3566666666666667
Builder:0.31333333333333335
ConfigurationUtils:0.31333333333333335
PipelineStore:0.25333333333333335
ProcessorsRegistry:0.24333333333333335
PipelineFactoryTests:0.24
CombineProcessorsTests:0.22666666666666666
NodeService:0.20666666666666667
SimulatePipelineRequest:0.18333333333333332
IngestService:0.08166666666666667
ConfigurationUtilsTests:0.06833333333333333
NodeModule:0.05333333333333334
ProcessorsRegistryTests:0.0
