LoggingTestWatchman:0.56
TestWatchmanTest:0.2633333333333333
FailingTest:0.23438888888888887
ViolatedAssumptionTest:0.23438888888888887
