ExitStatus:0.64
StubStep:0.33444444444444443
ExitStatusTests:0.27666666666666667
SimpleJobTests:0.24333333333333335
