Builder:0.445
ObjectFactory:0.3233333333333333
ValidatorConfig:0.31666666666666665
EmailValidatorTest:0.24666666666666667
AnnotationValidationConfigurationBuilder:0.24666666666666667
RegexFieldValidator:0.24
SpringObjectFactoryTest:0.21
ReflectionProvider:0.19253968253968257
DummyContainer:0.18666666666666668
OgnlReflectionProvider:0.14333333333333334
DefaultValidatorFileParser:0.06333333333333334
