Gradient:0.09714819
ImageMath:0.09123377
