CrystallizeFilter:0.09379112
ImageMath:0.055425175
Gradient:0.042753424
Colormap:0.028195519
PixelUtils:0.02788365
WholeImageFilter:0.009370162
