ChronicleMapBuilder:0.5066666666666667
SegmentHeader:0.4266666666666667
CompactOffHeapLinearHashTable:0.31337301587301586
VanillaChronicleHash:0.2725
ReplicatedChronicleMap:0.27
BigSegmentHeader:0.2633333333333333
ChronicleSetBuilder:0.23
SegmentStages:0.21666666666666667
ChronicleHashBuilder:0.21253968253968256
CHMUseCasesTest:0.21
ChronicleHashBuilderPrivateAPI:0.18587301587301588
ChronicleMapBuilderPrivateAPI:0.14
