ProvenanceDao:0.48
SlotFactory:0.36666666666666664
VersionInfoFactory:0.36333333333333334
InternationalStringFactory:0.28
ClassificationFactory:0.24
ProvenanceDaoTest:0.12
EmailAddressFactory:0.09888888888888889
TelephoneNumberFactory:0.0811111111111111
PostalAddressFactory:0.0811111111111111
ExtrinsicObjectFactory:0.075
ClassificationSchemeFactory:0.06638888888888889
RegistryObjectFactory:0.06
ExternalIdentifierFactory:0.045
ExternalLinkFactory:0.045
OrganizationFactory:0.03933333333333334
UserFactory:0.03666666666666667
PersonFactory:0.03666666666666667
ClassificationNodeFactory:0.03638888888888889
RegistryPackageFactory:0.03555555555555556
PersonNameFactory:0.03
ObjectRefFactory:0.023333333333333334
ValueListFactory:0.006666666666666667
LocalizedStringFactory:0.006666666666666667
AbstractDaoTest:0.0
