ScriptEditor:0.4533333333333333
MethodInvocation:0.43666666666666665
Script:0.35
Launch:0.31
DefaultComponentFinder:0.2361111111111111
CustomCheckBoxMenuItem:0.1
