PrivilegeInfo:0.8683333333333333
UserInfoLight:0.42380555555555555
UserInfo:0.32666666666666666
