HTTPScanner:0.6272222222222222
SOAPProtocol:0.5466666666666666
