ASTParserLoadingTest:0.47333333333333333
Child:0.4
CompositeElementTest:0.3111111111111111
NativeSQLQueriesTest:0.27
