NativeStateMachine:0.5833333333333334
StateMachine:0.41333333333333333
ConsoleOutputStream:0.39
JPF_gov_nasa_jpf_sc_StateMachine:0.25666666666666665
JPF_gov_nasa_jpf_ConsoleOutputStream:0.18416666666666667
