Translator2AndroidXml:0.7416666666666667
DisplayArea:0.6576666666666667
