GwtApplication:0.59
SoundTest:0.2711111111111111
GwtSound:0.26
GwtMusic:0.24666666666666667
GwtAudio:0.16333333333333333
LwjglDebugStarter:0.13333333333333333
