SequenceView:0.5744444444444444
BiojavaResource:0.44
BioinformaticsPerspective:0.19666666666666666
