Execution:0.5583333333333333
Compiler:0.5066666666666667
