QuorumVirtualMachine:0.5266666666666666
QuorumStandardLibrary:0.4166666666666667
QuorumParser:0.37
CompilerTestSuite:0.3383333333333333
QuorumTreeWalker:0.22666666666666666
HopCompiler:0.21888888888888886
StepFactory:0.21666666666666667
TableTester:0.21
ExceptionsTester:0.21
ListTester:0.21
TemplateTester:0.21
ArraysTester:0.21
MathTester:0.21
StackTester:0.18333333333333332
PublicPrivateTester:0.18333333333333332
InheritanceTester:0.18333333333333332
QueueTester:0.18333333333333332
RandomTester:0.18333333333333332
HopParserResult:0.176
QuorumLexer:0.17
TypeCheckTester:0.165
IfStatementTester:0.13833333333333334
UseTester:0.13833333333333334
DateTimeTester:0.13833333333333334
HopVirtualMachineTest:0.13833333333333334
CurriculumTester:0.13833333333333334
NativeFunctionsTester:0.13833333333333334
PriorityQueueTester:0.13833333333333334
FileTester:0.13833333333333334
OtherTester:0.13833333333333334
LoopsTester:0.13833333333333334
ActionsTester:0.12833333333333333
QuorumFile:0.11
HopEditorParser:0.1
SyntaxErrorsHighlightingTask:0.09666666666666666
QuorumLibraryIndexEntry:0.023333333333333334
