Pathref:0.5866666666666667
Methref:0.584
ProxyAspectData:0.36833333333333335
DelegateAdviceUtil:0.19
