SubjectAreaCellView:0.25333333333333335
MyRenderer:0.23666666666666666
ViewCellView:0.12666666666666668
TableCellView:0.12666666666666668
CommentCellView:0.12666666666666668
RelationEdgeView:0.07333333333333333
