HttpClientRequest:0.5766666666666667
HttpHeadersAdapter:0.4766666666666667
MultiMap:0.36
PartialPooledByteBufAllocator:0.36
HttpServerResponse:0.35333333333333333
CaseInsensitiveMultiMap:0.3466666666666667
DefaultHttpServerResponse:0.33666666666666667
DefaultHttpClient:0.31333333333333335
VertxHandler:0.30666666666666664
HttpTestClient:0.305
DefaultNetClient:0.26666666666666666
DefaultHttpClientRequest:0.2633333333333333
DefaultHttpServer:0.26
ServerConnection:0.24333333333333335
DatagramServerHandler:0.23
DefaultNetServer:0.21800000000000003
ClientHandler:0.21666666666666667
ServerHandler:0.19799999999999998
ClientConnection:0.17666666666666667
VertxHttpHandler:0.15666666666666668
VertxNetHandler:0.10666666666666667
FlashPolicyHandler:0.03333333333333333
