Constants:0.6634722222222222
RelateSubnetToVRFAction:0.30666666666666664
