AtmosphereResourceEventImpl:0.8466666666666667
AsynchronousProcessor:0.42333333333333334
DefaultWebSocketProcessor:0.2733333333333333
OnDisconnectInterceptor:0.25
