ExtractorHelper:0.495
PortablePositionNavigator:0.45666666666666667
PortableNavigatorContext:0.3233333333333333
PortablePathCursor:0.31666666666666665
