DumpingPR:0.7461111111111112
AnnotationSetTransfer:0.38333333333333336
