EdgeDirection:0.6466666666666666
Both:0.368
EdgePattern:0.2966666666666667
