EntPhysicalSynchronizer:0.5366666666666666
FormView:0.32666666666666666
EndToEndViewScene:0.2966666666666667
ServiceManagerDashboard:0.15333333333333332
FormsDashboardWidget:0.10666666666666667
