Layer:0.7533333333333333
ConvolutionLayer:0.4666666666666667
SubsamplingLayer:0.35333333333333333
SimpleOptimizableModel:0.27
RNTN:0.25
BaseLayer:0.23666666666666666
TestOptimizers:0.21333333333333335
RastriginFunctionModel:0.09821428571428571
RosenbrockFunctionModel:0.09821428571428571
ConvolutionLayerTest:0.06666666666666667
SphereFunctionModel:0.0571031746031746
