Person:0.5633333333333334
UnitManager:0.33
Resupply:0.29333333333333333
ArrivingSettlement:0.21666666666666667
LoadVehicleTest:0.14666666666666667
UnloadVehicleTest:0.11333333333333333
GeneralTabPanel:0.10666666666666667
