MockWebConnection:0.4633333333333333
WebTestCase:0.29333333333333333
DocumentTest:0.29333333333333333
ElementTest:0.29
WebClientTest:0.23666666666666666
LocationTest:0.22666666666666666
HtmlAnchorTest:0.21333333333333335
ScriptExceptionTest:0.18666666666666668
JavaScriptEngineTest:0.18666666666666668
DomTextTest:0.14
HtmlAppletTest:0.11666666666666667
WebRequestSettingsTest:0.11333333333333333
ImmediateRefreshHandlerTest:0.09333333333333334
DocumentTypeTest:0.06
