DefaultDisseminator:0.8141666666666667
DefaultDisseminatorImpl:0.4766666666666667
