KmeansClusterTest:0.17
SMOModelTest:0.15666666666666668
LinearRegressionWModelTest:0.14
MultilayerPerceptronModelTest:0.12333333333333334
SMOregModelTest:0.12333333333333334
EMClusterTest:0.12333333333333334
DensityBasedClustererModelTest:0.11666666666666667
FilterUnSupervisedResampleTest:0.11333333333333333
SimpleLinearRegressionModelTest:0.11333333333333333
FilterSupervisedResampleTest:0.11333333333333333
FilterUnSupervisedRandomizeTest:0.11333333333333333
J48WModelTest:0.11333333333333333
NaiveBayesModelTest:0.11333333333333333
QSARWekaModelTests:0.043333333333333335
MqsarwekaTests:0.0
