PhoneNumberType:0.6
AnnotationBinder:0.5266666666666666
ContactDetails:0.32666666666666666
BasicHibernateAnnotationsTest:0.21333333333333335
