Utils:0.6866666666666666
BitcoinSerializer:0.61
SpeedTest:0.38976190476190475
