DFA:0.4666666666666667
StackLimitedNFAToDFAConverter:0.32666666666666666
Resolver:0.31666666666666665
DOTGenerator:0.22333333333333333
DFAVerifier:0.12666666666666668
AnalysisPipeline:0.04666666666666667
