Payload:0.6466666666666666
AxiomSoapBody:0.27666666666666667
AxiomSoap11Body:0.25
WebServiceTemplateIntegrationTest:0.24333333333333335
AxiomSoap12Body:0.15
AxiomSoap12NonCachingMessageTest:0.0735
AxiomSoap11NonCachingMessageTest:0.0735
AbstractSoap11MessageTestCase:0.04
AbstractSoap12MessageTestCase:0.04
AxiomSoap11NonCachingBodyTest:0.028333333333333332
CachingPayload:0.013333333333333334
NonCachingPayload:0.013333333333333334
AxiomSoap12NonCachingBodyTest:0.006666666666666667
AxiomSoap12BodyTest:0.005555555555555555
AxiomSoap11BodyTest:0.005555555555555555
