NodeMessage:0.47
JPPFContainer:0.45666666666666667
NodeContext:0.2633333333333333
NodeIO:0.25
