SwingChangeAtomSymbolEdit:0.8366666666666667
EnterElementSwingModule:0.48
SwingUndoRedoFactory:0.36444444444444446
