Unit:0.6733333333333333
AIMain:0.33166666666666667
AIPlayer:0.26666666666666666
IndianSettlement:0.25666666666666665
InGameInputHandler:0.25333333333333335
Mission:0.22
IndianBringGiftMission:0.19111111111111112
AIObject:0.18333333333333332
