ErrorProneCLIFlagsConfig:0.49333333333333335
NullAway:0.49333333333333335
Config:0.4552619047619048
AbstractConfig:0.21333333333333335
DummyOptionsConfig:0.21
T6:0.17
