Transaction:0.7308333333333333
TransactionInput:0.5233333333333333
TransactionTest:0.27666666666666667
