RobolectricTestRunner:0.7033333333333334
AsmInstrumentingClassLoader:0.6110714285714286
