RoutingService:0.52
IBatchAlgorithm:0.31711111111111107
TransactionalBatchAlgorithm:0.15333333333333332
DefaultBatchAlgorithm:0.15333333333333332
