RubyPlugin:0.62
RubyUIMessages:0.39
RubyPluginImages:0.33
RubyElementLabelProvider:0.21666666666666667
FoldingConfigurationBlock:0.20666666666666667
RubyEnvironmentTab:0.19
RubyCompletionProcessor:0.19
RubyProjectPropertyPage:0.18666666666666668
RubyEntryPointTab:0.18
RubyBasePreferencePage:0.17666666666666667
RubyProjectLibraryPage:0.17333333333333334
ExceptionHandler:0.16666666666666666
OptionsConfigurationBlock:0.16666666666666666
TextEditorPreferencePage2:0.15666666666666668
NewProjectCreationWizard:0.15666666666666668
TextPropertyWidget:0.12
MessageLine:0.11333333333333333
ExternalRubyDocumentProvider:0.11333333333333333
RubyEditorActionContributor:0.10333333333333333
RubyFilesOnlyFilterAction:0.09666666666666666
