DateTime:0.76
AbstractDuration:0.2866666666666667
Duration:0.2733333333333333
Instant:0.26266666666666666
AbstractInstant:0.25333333333333335
AbstractInterval:0.24333333333333335
Interval:0.22222222222222218
