BreakpointAnnotationListener:0.47388888888888886
QuorumBreakpointActionProvider:0.27638888888888885
QuorumClassInformationProvider:0.27638888888888885
