AtomContainer:0.7266666666666667
AtomContainerTest:0.49833333333333335
PathTools:0.37333333333333335
