BreakpointID:0.44666666666666666
BreakpointResponseActivity:0.25
BreakpointRequestActivity:0.23
BreakpointActivityProvider:0.23
BreakpointAcknowledgmentActivity:0.2
BreakpointRequestActivityDataObject:0.16666666666666666
BreakpointConsumer:0.13166666666666665
SharingBreakpointListener:0.11166666666666666
BreakpointResponseActivityDataObject:0.09666666666666666
BreakpointAcknowledgmentDO:0.08
