ScriptEditor:0.42
ArgumentParser:0.30666666666666664
JTreeLocation:0.305
JTreeTester:0.2866666666666667
ArgumentParserTest:0.24
NoExitSecurityManager:0.22333333333333333
AppEventQueue:0.19777777777777777
JTreeTesterTest:0.19444444444444445
RobotAppletTest:0.19333333333333336
