HashQuery:0.515
QuerySegmentStages:0.23944444444444443
QueryHashLookupSearch:0.23944444444444443
