DataHandler:0.84
AnsiDataHandler:0.6216666666666667
DatabaseUpgrades:0.31333333333333335
