Process:0.7166666666666667
WfProcess:0.5866666666666667
ReflectionRowBuilder:0.24666666666666667
ProcessClassPresentation:0.2
SubProcessDBSource:0.19
RootProcessTDBuilder:0.1688888888888889
AlfHandlerData:0.16666666666666666
