Robolectric:0.8633333333333333
ShadowService:0.305
ServiceTest:0.043333333333333335
