LinuxDisplay:0.8366666666666667
LinuxPbufferPeerInfo:0.27166666666666667
LinuxDisplayPeerInfo:0.27166666666666667
