TxnRollbackOperation:0.6513333333333333
MapTransactionLog:0.4033333333333333
ClientTxnMapTest:0.13666666666666666
