MainScene:0.8666666666666667
MarsProjectFX:0.2966666666666667
FunMenuItem:0.24333333333333335
MeetTogether:0.19333333333333333
