FlowScopeAwareParameterizableAttributeMapper:0.4166666666666667
ParameterizableFlowAttributeMapper:0.38333333333333336
FlowScopeExpression:0.21666666666666667
