TodoListsManagerImpl:0.3566666666666667
TodoDAO:0.30046031746031737
ShowRssFeedAction:0.25666666666666665
TodoListsManager:0.18833333333333332
ShareDAOHibernate:0.17666666666666667
ShowTodosAction:0.15
ShareDAO:0.065
TodoDAOHibernate:0.03
