DataStatementAnalyzer:0.47
BlobTableAnalyzer:0.2277777777777778
NumberOfReplicasSettingApplier:0.1775
RefreshIntervalSettingApplier:0.14666666666666667
