AbstractDataRouter:0.4766666666666667
BshDataRouter:0.29333333333333333
MySqlDmlStatement:0.27666666666666667
SubSelectDataRouter:0.17
