EntityClass:0.5855555555555556
ColumnValuesSourceImpl:0.36133333333333334
DiscriminatorSourceImpl:0.22666666666666666
InheritanceBindingTest:0.13
RootOfSingleTableInheritance:0.043055555555555555
SubclassOfSingleTableInheritance:0.043055555555555555
Base:0.043055555555555555
Jump:0.0
