SlideInWindow:0.5533333333333333
FileDialogHandler:0.3433333333333333
GUIUserMessageListener:0.21666666666666667
AddShareFolderAction:0.17666666666666667
