Button:0.71
CheckBox:0.26
ImageButton:0.25222222222222224
ImageTextButton:0.24666666666666667
TextButton:0.21666666666666667
