TypeChecker:0.5966666666666667
StepFactory:0.5433333333333333
HopVirtualMachine:0.25
