RecordStore:0.8633333333333333
PutBackupOperation:0.29333333333333333
EntryBackupOperation:0.29
DefaultRecordStore:0.2866666666666667
PutAllBackupOperation:0.23333333333333334
PartitionWideEntryBackupOperation:0.2277777777777778
MultipleEntryBackupOperation:0.2277777777777778
RemoveBackupOperation:0.20666666666666667
MapReplicationOperation:0.13666666666666666
