Style:0.5533333333333333
Config:0.5233333333333333
