HashID:0.47
CRLStoreServlet:0.31666666666666665
CertStoreServlet:0.31333333333333335
StoreServletBase:0.25333333333333335
VAConfiguration:0.1943968253968254
ValidationAuthorityTst:0.16666666666666666
