ThreadQueue:0.5833333333333334
WorkerThread:0.5073333333333333
