AuthenticationManagerFactoryBean:0.7133333333333334
InvalidConfigurationTests:0.3233333333333333
AuthenticationManagerDelegator:0.18
