Window:0.5533333333333333
JavaScriptBackgroundJob:0.3933333333333333
WindowTest:0.2966666666666667
