RequestLine:0.5066666666666667
HttpRequestBuilder:0.3333333333333333
RestAdapter:0.31333333333333335
RestHandler:0.2
CallbackResponseHandler:0.09333333333333334
