Builder:0.53
TypeSpecTest:0.4266666666666667
CodeWriter:0.36333333333333334
