ElvinURI:0.7933333333333333
JUTestClient:0.4066666666666667
JUTestElvinURI:0.02666666666666667
