PyObject:0.63
PyType:0.30666666666666664
PythonObjectInputStream:0.21666666666666667
PyNone:0.19666666666666666
TypeResolver:0.15
SingletonResolver:0.13
PyEllipsis:0.10333333333333333
PyNotImplemented:0.1
