AuthService:0.8833333333333333
LoginDialog:0.5233333333333333
LoginAction:0.02
