RedissonKeys:0.6433333333333333
RKeys:0.31333333333333335
RKeysAsync:0.31333333333333335
