Installer:0.7133333333333334
InstallerDBTest:0.3
InstallerWebappTest:0.27666666666666667
