Gate:0.6166666666666667
ResourceData:0.4066666666666667
CreoleXmlHandler:0.24
Factory:0.21333333333333335
TestCreole:0.19666666666666666
TestBumpyStack:0.19
TestConfig:0.11666666666666667
ConfigXmlHandler:0.11333333333333333
BumpyStack:0.08962962962962963
PrintOutTokens:0.08333333333333333
TestGate:0.043333333333333335
Controller:0.006666666666666667
SerialController:0.0033333333333333335
