Common:0.8045
Filler:0.558888888888889
IndexProcessor:0.20333333333333334
