ChunkingTest:0.6633333333333333
FileMultipartPart:0.2866666666666667
MultipartUploadTest:0.2683333333333333
