Utils:0.6233333333333333
JavaMethodsGenerator:0.31333333333333335
NativeMethodStubsGenerator:0.31
GeneratorVisitor:0.27
GLChecks:0.23666666666666666
