MsgQuery:0.5233333333333333
Search:0.4266666666666667
MsgQueryResponse:0.2488888888888889
IOUtil:0.22666666666666666
AccessUtils:0.21444444444444447
ShareManager:0.17333333333333334
PhexTestSuite:0.16
QueryHistoryMonitorTableModel:0.15666666666666668
SearchHistoryTableModel:0.15666666666666668
TestMsgQuery:0.14333333333333334
