BufferChecks:0.6016666666666667
NondirectBufferWrapper:0.45666666666666667
JavaMethodsGenerator:0.42333333333333334
