SourceProviders:0.6033333333333334
ErrorMessages:0.3933333333333333
BinderImpl:0.31666666666666665
BindingBuilderImpl:0.295
Objects:0.26666666666666666
Message:0.23666666666666666
ProxyFactory:0.2227777777777778
StackTraceElements:0.20333333333333334
InternalFactoryToProviderAdapter:0.19333333333333333
DefaultConstructionProxyFactory:0.15666666666666668
ErrorHandlingTest:0.12
SingleFieldInjector:0.11333333333333333
SingleMethodInjector:0.08666666666666667
NeedsString:0.023888888888888887
