Function:0.7033333333333334
ZoneModuleImpl:0.33666666666666667
ObjectKeys:0.02
