HttpMonitor:0.5533333333333333
HttpMonitorClient:0.4649444444444445
HttpMonitorTest:0.33666666666666667
HttpsMonitor:0.16666666666666666
