XmlConfigBuilder:0.5191666666666667
XMLConfigBuilderTest:0.46166666666666667
SpringXmlConfigBuilder:0.4533333333333333
TestFullApplicationContext:0.39
