Jedis:0.48
Commands:0.3786111111111111
Client:0.33666666666666667
JedisCommands:0.3225
BinaryClient:0.31666666666666665
Connection:0.25083333333333335
ShardedJedis:0.24
