FileCopyService:0.5405555555555556
AbstractFileCopyService:0.5116666666666667
RetrieveCmd:0.44166666666666665
