BlojsomUtils:0.8833333333333333
FileBackedBlogEntry:0.4
EditBlogCategoriesPlugin:0.24666666666666667
