Test:0.7966666666666666
Post:0.31
TestRunnerActivity:0.30666666666666664
SubscriberClassEventBusAsync:0.07666666666666666
