ControllerFilter:0.6166666666666667
AnalysisInitControllerHandler:0.35444444444444445
