CharSupport:0.5133333333333333
LexerATNFactory:0.41
ATNOptimizer:0.2788888888888889
