DSL:0.71
Utils:0.42333333333333334
AlterTableImpl:0.3333333333333333
AlterTableStep:0.25666666666666665
