MethodDelegation:0.47333333333333333
Proxy:0.36333333333333334
ElementMatchersTest:0.31333333333333335
MethodLoading:0.22333333333333333
AmbiguityResolver:0.20865079365079361
Appender:0.20666666666666667
AccessBridgeWrapper:0.19333333333333333
AssignableSignatureCall:0.18666666666666668
InvocationProvider:0.18666666666666668
AccessorMethodDelegation:0.18
FieldSetterDelegation:0.175
ForBridgeTarget:0.11666666666666667
