JPackage:0.42
JClass:0.3933333333333333
JNode:0.3422222222222222
MainWindow:0.2866666666666667
JRoot:0.26
