ServerInstallVisualPanel:0.61
ConnectionVisualPanel:0.5566666666666666
ServerInstallPanel:0.33666666666666667
