LaunchingPlugin:0.7733333333333333
RubyVMContainer:0.44333333333333336
