SeedsSummary:0.5247222222222222
StatisticsTracker:0.4766666666666667
