IMetaPropertyFormatter:0.6515555555555554
WebEditors:0.4066666666666667
InvoiceTest:0.3
MetaEditor:0.3
ProductTest:0.28
CarrierWithSectionsTest:0.26
Product5Test:0.19666666666666666
BooleanIconListFormatter:0.19
BooleanListFormatter:0.16666666666666666
Invoice5Test:0.15
DebtTest:0.13
