RxPhotoUtils:0.6383333333333333
FragmentLazy:0.42333333333333334
ActivityRxPhoto:0.4188888888888889
