User:0.6566666666666666
VFSDAVStore:0.27
DAVStore:0.23666666666666666
BasicAuthentication:0.21333333333333335
VFSPropFindResponse:0.16666666666666666
PropFindResponse:0.16666666666666666
DeadProperty:0.07
