Installer:0.47333333333333333
ConfigFileConstants:0.4066666666666667
MockSnmpAgentTest:0.38333333333333336
DependencyCheckingContextListener:0.2633333333333333
