Builder:0.5333333333333333
TemporaryJobBuilder:0.42
TemporaryJobs:0.36
SimpleTest:0.22666666666666666
