RuntimeObject:0.72
ActivationRecord:0.5066666666666667
VirtualMethodDescriptor:0.26111111111111107
HopDataStorage:0.26
CallStep:0.25666666666666665
ReturnStep:0.16666666666666666
