JUnit5TestEngine:0.3933333333333333
JUnit5EngineDescriptor:0.29333333333333333
ClassTestDescriptor:0.26666666666666666
MethodTestDescriptor:0.14666666666666667
NestedClassTestDescriptor:0.11
