Peer:0.54
Wallet:0.53
PrivateKeys:0.19666666666666666
NetworkConnection:0.16666666666666666
RefreshWallet:0.16
GetDataFuture:0.14777777777777779
PeerAddress:0.12666666666666668
