Default:0.5833333333333334
AgentBuilder:0.3933333333333333
PoolStrategy:0.38333333333333336
Simple:0.33
Delegator:0.31
ExecutingTransformer:0.30333333333333334
AgentBuilderDefaultTest:0.28
DescriptionStrategy:0.24666666666666667
Ignoring:0.20111111111111113
AgentBuilderDefaultApplicationTest:0.19
Transforming:0.1811111111111111
AgentBuilderTypeLocatorWithTypePoolCacheSimpleTest:0.14666666666666667
Factory:0.13
AgentBuilderDescriptionStrategyTest:0.11
Collector:0.02
