AuditLoggerImpl:0.558888888888889
AuditLoggerFactory:0.5519444444444445
AuditLoggerFactoryImpl:0.36666666666666664
