View:0.6333333333333333
Is:0.4033333333333333
ModuleTestBase:0.30833333333333335
Module:0.2866666666666667
AJAXTest:0.22666666666666666
ModuleManager:0.17666666666666667
XavaSuite:0.15
CollectionElementViewBaseAction:0.12333333333333334
TabBaseAction:0.12
TranslateAllCarrierNameAction:0.0
