Links:0.5
ArticleBaiduSender:0.4216666666666667
ManQueryService:0.33666666666666667
LinkForgeMgmtService:0.18333333333333332
