Robolectric:0.7266666666666667
ShadowLooper:0.51
HandlerTest:0.29333333333333333
