ShadowBitmap:0.77
ShadowBitmapFactory:0.3333333333333333
ShadowBitmapFactoryTest:0.24666666666666667
