IndexRequest:0.51
MetaDataCreateIndexService:0.4766666666666667
ClusterModule:0.2377777777777778
MetaDataDeleteIndexService:0.23666666666666666
TransportPutMappingAction:0.19
DeleteIndexListener:0.18
CreateIndexIT:0.13666666666666666
MetaDataIndexTemplateServiceTests:0.11666666666666667
