GeoDistanceSortBuilder:0.4766666666666667
ScriptSortBuilder:0.4633333333333333
FieldSortBuilder:0.4
GeoDistanceIT:0.2833333333333333
SimpleNestedIT:0.22666666666666666
FieldSortIT:0.18666666666666668
AbstractSortTestCase:0.16666666666666666
GeoDistanceSortBuilderIT:0.15333333333333332
GeoDistanceSortBuilderTests:0.10333333333333333
