SigmaElectronegativityDescriptor:0.6966666666666667
StabilizationPlusChargeDescriptor:0.6766666666666666
