OracleTable:0.4866666666666667
HsqlTable:0.4866666666666667
PostgreSQLTable:0.4866666666666667
