TestConditionalAction:0.42333333333333334
AssignmentAction:0.42333333333333334
MethodCallAction:0.42333333333333334
