LdapConsentRepository:0.34
DefaultCasSslContext:0.3233333333333333
LdapUserGraphicalAuthenticationRepository:0.27133333333333337
GraphicalUserAuthenticationConfiguration:0.25666666666666665
LdapPasswordManagementService:0.16
InfluxDbConnectionFactoryTests:0.13666666666666666
CasAcceptableUsagePolicyLdapConfiguration:0.10666666666666667
