C3DDrawer:0.48333333333333334
MainController:0.26
IconsController:0.25666666666666665
C3DHamburger:0.14
