TestEnhancer:0.52
TypeUtils:0.4633333333333333
Enhancer:0.4266666666666667
Interface:0.29833333333333334
Context:0.29503968253968255
PackageViz:0.27051984126984113
MethodInterceptorGenerator:0.2633333333333333
NoOpGenerator:0.09
VizIntf:0.0867222222222222
Interceptor:0.056666666666666664
Impl:0.029944444444444447
PublicViz:0.023888888888888887
Refined:0.023888888888888887
RetType:0.023888888888888887
Concrete:0.023888888888888887
ErasedType:0.023888888888888887
Superclass:0.02
ReverseSuper:0.017388888888888888
ReverseImpl:0.0
