ISqlTemplate:0.7586111111111111
DbFill:0.4
AbstractSqlTemplate:0.31333333333333335
DbFillCommand:0.22
