XPath:0.4633333333333333
BaseTest:0.38666666666666666
XPathElement:0.25222222222222224
XPathTokenElement:0.19111111111111112
XPathRuleElement:0.19111111111111112
XPathWildcardElement:0.13238888888888886
XPathWildcardAnywhereElement:0.13238888888888886
TestXPath:0.12333333333333334
