AbstractOsgiBundleApplicationContext:0.5266666666666666
CompleteRefreshTask:0.3233888888888889
DependencyWaiterApplicationContextExecutor:0.3233333333333333
