RxGalleryFinal:0.55
AbsImageLoader:0.31711111111111107
BitmapUtils:0.18666666666666668
PicassoImageLoader:0.13
