UnsuccessfulWithDataPointFields:0.6608333333333334
PotentialAssignment:0.6466666666666666
TestedOnSupplierTest:0.2633333333333333
