AddGene:0.5666666666666667
GeneralDB:0.5488888888888889
