ObjectFactory:0.5933333333333334
DeviceLayoutExporter:0.20666666666666667
RackViewService:0.18333333333333332
DeviceLayoutImporter:0.15
