Configuration:0.6333333333333333
FastResultSetHandler:0.2866666666666667
XMLConfigBuilder:0.2733333333333333
DefaultMapResultHandler:0.25333333333333335
DefaultSqlSession:0.23
DefaultResultHandler:0.10666666666666667
