AggregatorBase:0.6155555555555555
SingleBucketAggregator:0.24059523809523806
