CA:0.6211111111111112
OCSPCAServiceResponse:0.2833333333333333
LocalCertificateStoreSessionBean:0.2633333333333333
OCSPServlet:0.26
X509CA:0.26
OCSPCAService:0.25
OCSPCAServiceRequest:0.22333333333333333
CAAdminSessionBean:0.2
CaInitCommand:0.14
ExtendedCAServiceRequestException:0.08
