Emitter:0.6233333333333333
Ops:0.5133333333333333
FastClassEmitter:0.37
BeanMapEmitter:0.20333333333333334
EnhancerEmitter:0.19
MethodInterceptorGenerator:0.14
BulkBeanEmitter:0.13333333333333333
InvocationHandlerGenerator:0.11666666666666667
