TransportSQLActionTest:0.5866666666666667
Version:0.5377777777777777
TransportSQLActionClassLifecycleTest:0.39666666666666667
