XMLWriter:0.43
WSDLGenerator:0.42333333333333334
BMechBuilder:0.31
MethodMapGenerator:0.13333333333333333
