CodeGenerator:0.6869999999999999
LineViewer:0.36333333333333334
GeneratedCodeViewer:0.2
jspViewer:0.18333333333333332
