OperationServiceImpl:0.61
InvocationFuture:0.42333333333333334
TraceableIsStillExecutingOperation:0.23666666666666666
IsStillExecutingOperation:0.23666666666666666
