BotLogic:0.5866666666666667
PermissionTableBuilder:0.18
TableViewSetupFormAction:0.17333333333333334
ShowBotTaskErrorsTag:0.15666666666666668
