SettingsFrameworkTestCase:0.6683333333333333
MapServerCacheTest:0.29888888888888887
