DnComponents:0.6877777777777778
TestCertTools:0.4427777777777777
