CMLConstants:0.894626984126984
Bc_cmlPlugin:0.8933333333333333
