Common:0.903611111111111
PointtransferQueryService:0.19666666666666666
