FreeCockpitConfiguration:0.58
DisplayZone:0.5766666666666667
FreeWindowManager:0.38333333333333336
