JsonArray:0.49333333333333335
JsonObject:0.49333333333333335
JsonObjectTest:0.24666666666666667
JsonArrayTest:0.17333333333333334
