ParsedTree:0.62
ScaleObj:0.24
ObjFactory:0.12333333333333334
CSObj:0.11333333333333333
