WebKeys:0.8566666666666667
FolderModule:0.6133333333333333
TreeTag:0.2966666666666667
FolderModuleImpl:0.29333333333333333
AjaxController:0.25333333333333335
BoxTag:0.14
ListFolderController:0.12333333333333334
ViewEntryController:0.11333333333333333
WorkspaceTreeController:0.11333333333333333
ViewController:0.10333333333333333
PresenceInfo:0.08
DashboardTag:0.08
