CA:0.65
FactorialMapEditor:0.21333333333333335
CorrespondanceAnalysisEditorInput:0.20666666666666667
CooccurrencesEditor:0.20333333333333337
CorporaView:0.1811111111111111
SingularValuesEditor:0.17333333333333334
ColRowInfosLabelProvider:0.16222222222222224
ComputeCorrespondanceAnalysis:0.14
CaEditor:0.03
