SearchTransportService:0.4877777777777777
IngestProxyActionFilter:0.18666666666666668
ActionListenerResponseHandler:0.16666666666666666
AsyncSingleAction:0.14666666666666667
TransportActionNodeProxy:0.13
