TorDiscovery:0.7886111111111112
SendRequest:0.2891666666666667
