BSONReader:0.5
BSONBinaryReader:0.47333333333333333
BSONWriter:0.4266666666666667
InputBuffer:0.3983333333333333
DBObjectSerializer:0.38333333333333336
DocumentSerializer:0.31416666666666665
ReplicaSetMember:0.29
ByteBufferInput:0.2866666666666667
PrimitiveSerializers:0.2841666666666667
Node:0.24
DocumentSerializerTest:0.23333333333333334
ReplicaSetStateGenerator:0.23
BSONBinaryWriter:0.20666666666666667
BSONBinaryWriterTest:0.19333333333333333
ReplicaSetStateGeneratorTest:0.13
BSONDocumentBufferSerializer:0.11
IsMasterCommandResult:0.09111111111111111
