OAuthAuthentication:0.6066666666666667
EhCacheTicketRegistry:0.35
OAuth20AccessTokenControllerTests:0.30666666666666664
OAuth20ProfileControllerTests:0.29333333333333333
OAuth20AuthorizeController:0.2633333333333333
