MetadataAspectReader:0.61
FieldDefinitionImpl:0.43333333333333335
TypeMetadataImpl:0.23
FieldMetadataImpl:0.18
FieldMetadata:0.15833333333333333
TypeMetadata:0.013333333333333334
