CertTools:0.78
CAAdminSession:0.48100793650793644
CAInfo:0.4266666666666667
CertificateStoreSessionBean:0.2633333333333333
CAAdminSessionBean:0.24
X509CAInfo:0.21333333333333335
CertificateStoreSessionRemote:0.2
CaImportCertCommand:0.18
CaImportCACertCommand:0.14333333333333334
CVCCAInfo:0.13
