MockResponse:0.7166666666666667
Connection:0.4666666666666667
SpdySocketHandler:0.24666666666666667
HttpOverSpdyTest:0.21
