BaseMultiLayerNetwork:0.5633333333333334
Builder:0.5366666666666666
MnistExampleMultiThreaded:0.25666666666666665
DBN:0.24333333333333335
DeepAutoEncoder:0.22666666666666666
MasterActor:0.2111111111111111
Conf:0.15
