CacheProxy:0.5333333333333333
ClientCacheProxy:0.26
ClientNearCacheTestSupport:0.25
AbstractClientInternalCacheProxy:0.24666666666666667
AbstractInternalCacheProxy:0.17666666666666667
HazelcastClientCacheManager:0.16666666666666666
CacheEventDataCodec:0.15333333333333332
