AndroidGraphics:0.6533333333333333
AndroidApplication:0.47333333333333333
AndroidNet:0.28
