FlowExecutionManager:0.5
FlowExecutionHolder:0.4866666666666667
JsfFlowNavigationManager:0.4533333333333333
DataStoreFlowExecutionStorage:0.4266666666666667
Context:0.37666666666666665
FlowExecutionStorage:0.22166666666666668
ContinuationDataStoreFlowExecutionStorage:0.18666666666666668
ClientContinuationFlowExecutionStorage:0.18666666666666668
FlowPhaseListener:0.16333333333333333
FlowPropertyResolver:0.13666666666666666
FlowNavigationHandler:0.11
FlowVariableResolverTests:0.08333333333333333
