RealTester:0.3233333333333333
NetworkManipulatorImpl:0.32
ControlBotImpl:0.26666666666666666
INetworkManipulator:0.21944444444444444
IControlBot:0.14772222222222223
InvalidTester:0.10333333333333333
AbstractTester:0.09916666666666667
