CoreDao:0.66
ShareResource:0.42
EncryptUtil:0.2891666666666667
AbstractResource:0.28
ResourceUtil:0.27666666666666667
RequestContext:0.26666666666666666
AuthenticationManagerImpl:0.25833333333333336
AbstractBinderResource:0.22
FolderEntryResource:0.21
CoreDaoImpl:0.20333333333333334
AbstractZoneModule:0.19666666666666666
AbstractAuthenticationProviderModule:0.18
HashMapCache:0.0
