RowCountResult:0.5266666666666666
ArrayBucket:0.44944444444444437
CollectionBucket:0.29333333333333333
