WebClient:0.7233333333333334
ObjectInstantiationException:0.3333333333333333
SimpleHtmlElementCreator:0.28
JavaScriptEngineTest:0.2633333333333333
