Vertx:0.45666666666666667
VertxThread:0.39
VertxInternal:0.33666666666666667
VertxImpl:0.32666666666666666
ContextImpl:0.30666666666666664
NamedWorkerPool:0.2916666666666667
DeploymentOptions:0.25666666666666665
WorkerContext:0.24666666666666667
MultiThreadedWorkerContext:0.18333333333333332
CoreExamples:0.16666666666666666
EventLoopContext:0.10777777777777776
VertxThreadFactory:0.09
BlockedThreadChecker:0.02
