RLEImageReader:0.42333333333333334
SimpleYBRColorSpace:0.41333333333333333
DicomImageReader:0.38666666666666666
ImageReaderFactory:0.20777777777777778
ColorModelFactory:0.16111111111111112
