BasicMapContextQuerySupport:0.38333333333333336
PagingPredicate:0.36333333333333334
ClientMapProxy:0.3433333333333333
SortedQueryResultSet:0.28
QueryOperation:0.27222222222222225
ClientSortLimitTest:0.21666666666666667
SortingUtil:0.21
SortLimitTest:0.16666666666666666
