KafkaMetadata:0.37333333333333335
KafkaSplitManager:0.19666666666666666
KafkaHandleResolver:0.16333333333333333
