BaseRFC124IntegrationTest:0.5783333333333334
NamespaceManager:0.43333333333333335
ChainActivator:0.31
