WebServiceTemplate:0.81
AbstractSoapServlet:0.26666666666666666
WebServiceTemplateIntegrationTest:0.25666666666666665
