MetaModel:0.6033333333333334
MapFacadeBean:0.36333333333333334
ServiceExpense:0.06333333333333334
ServiceExpenses:0.04666666666666667
ServiceExpensesTest:0.043333333333333335
IKeyTester:0.03
