Span:0.7133333333333334
AnalysisI:0.6733333333333333
ResultSet:0.5066666666666667
Analysis:0.4033333333333333
SpanSet:0.26
Sim4QFilter:0.25
Sim4Parser:0.25
