LambdaTests:0.5266666666666666
AugmentationTests:0.49
FunctionRefTests:0.4766666666666667
