DriverConductor:0.6061111111111112
Configuration:0.4725
EmbeddedPingPong:0.33166666666666667
