Adapter:0.5283333333333333
LocalTransport:0.52
ActionNamesTests:0.32722222222222225
MessageChannelHandler:0.2833333333333333
TransportServiceAdapter:0.20083333333333334
