SyncActionsFrame:0.6698888888888889
NewSyncDataSourceConfigurationAction:0.5442777777777777
