HtmlOptionTest:0.2733333333333333
HtmlTableSectionTest:0.15659523809523812
HtmlObjectTest:0.15242857142857144
HtmlOrderedListTest:0.13777777777777778
HtmlOrderedList2Test:0.043333333333333335
HtmlObject2Test:0.043333333333333335
HtmlTableSection2Test:0.043333333333333335
HtmlOption2Test:0.04
