ReflectionUtils:0.5566666666666666
TestClassTester:0.26
AnnotationUtils:0.21666666666666667
ClassNameTestDescriptorResolver:0.09333333333333334
