NodeContext:0.49
NodeMessage:0.43666666666666665
NodeNioServer:0.2733333333333333
ApplicationConnection:0.25
AbstractJPPFQueue:0.18333333333333332
BundleIterator:0.17888888888888888
AbstractResultSender:0.17333333333333334
SystemUtils:0.17
PeerNode:0.12722222222222224
BufferPool:0.10666666666666667
JPPFQueue:0.105
SendingBundleState:0.09
WaitInitialBundleState:0.08333333333333333
SendInitialBundleState:0.08333333333333333
WaitingResultsState:0.08333333333333333
TaskQueueChecker:0.07666666666666666
BufferReference:0.07
JPPFPriorityQueue:0.06666666666666667
PeerNodeResultSender:0.05
ApplicationResultSender:0.04666666666666667
