Stage:0.49666666666666665
BitmapFont:0.48
BitmapFontCache:0.2966666666666667
Touchpad:0.2633333333333333
TableLayout:0.15333333333333332
