DocumentEditor:0.6166666666666667
SearchDialog:0.43333333333333335
SearchAction:0.11333333333333333
