Flow:0.8533333333333334
JobExecution:0.6633333333333333
StateTransition:0.42333333333333334
FlowExecution:0.42
JobExecutionDecider:0.3272804232804233
FlowExecutionAggregator:0.27051984126984113
AbstractJob:0.25333333333333335
SimpleJobRepository:0.21
SimpleFlowExecutionAggregatorTests:0.20005555555555554
SimpleJobOperator:0.19666666666666666
State:0.19166666666666668
JobFlowExecutor:0.1736111111111111
SimpleJobLauncher:0.16666666666666666
StateTransitionTests:0.15
SimpleJobLauncherTests:0.13666666666666666
BasicFlowTests:0.12111111111111111
StateSupport:0.10666666666666667
FlowJobTests:0.09
SplitStateTests:0.07444444444444444
DecisionState:0.07333333333333333
StepState:0.06
FlowExecutionException:0.05333333333333334
FlowJob:0.04111111111111111
PauseState:0.03944444444444445
FlowExecutionTests:0.03333333333333333
SimpleFlow:0.03
SplitState:0.017777777777777778
PatternMatcher:0.01
AbstractState:0.006666666666666667
MaxValueFlowExecutionAggregator:0.0
