WebServiceBean:0.5666666666666667
WebServiceBeanRemote:0.5266666666666666
Kuwaiba:0.32666666666666666
