PagingData:0.5833333333333334
GwtActivityStreamHelper:0.27666666666666667
ActivityStreamData:0.24333333333333335
ActivityStreamCache:0.21666666666666667
