OperationExecutorImpl:0.5766666666666667
MetricsRegistry:0.5294444444444444
OperationExecutorImpl_AbstractTest:0.2966666666666667
OperationServiceImpl:0.28
EventServiceImpl:0.23666666666666666
MetricsRegistryImpl:0.22333333333333333
NodeEngineImpl:0.21
OperationRunnerImpl:0.20333333333333334
ProxyServiceImpl:0.17666666666666667
InvocationMonitor:0.17666666666666667
OperationThread:0.1761111111111111
ResponseHandler:0.16
AsyncResponseHandler:0.14666666666666667
InvocationRegistry:0.14666666666666667
AsyncResponseHandlerTest:0.1
