FeatureTypes:0.4
ApolloPanel:0.3522222222222222
TypesChangedListener:0.3272804232804233
Config:0.30333333333333334
Controller:0.26
EvidencePanel:0.24111111111111114
StrandedZoomableApolloPanel:0.22333333333333333
FineFeatureEditorPanel:0.22
FeatureTreePanel:0.21666666666666667
ApolloFrame:0.20666666666666667
FineApolloPanel:0.19583333333333333
TypesObserver:0.09666666666666666
TypesChangedEvent:0.058333333333333334
