EncodingUtils:0.75
ResourceUtils:0.43666666666666665
AbstractCipherExecutor:0.33666666666666667
EncodingUtilsTests:0.2
ThrottledSubmissionHandlerInterceptor:0.14583333333333334
