BasicOutputBuffer:0.30333333333333334
BSONBinaryWriterTest:0.29333333333333333
AddIndexAcceptanceTest:0.27
BSONTimestamp:0.26777777777777784
Binary:0.2633333333333333
Code:0.26
BSONBinaryWriter:0.253
Symbol:0.21611111111111114
CodeWScope:0.17111111111111113
Fixture:0.013333333333333334
