Band:0.31833333333333336
DistributedComputingPlatform:0.27666666666666667
CouplingType:0.27666666666666667
ServiceIdentification:0.235
CoupledResource:0.13666666666666666
OperationMetadata:0.13444444444444442
OperationChainMetadata:0.04666666666666667
