AuthenticationBuilder:0.7516666666666667
DefaultAuthenticationBuilder:0.5033333333333333
RankedAuthenticationProviderWebflowEventResolver:0.26
DefaultAuthenticationResultBuilder:0.2
YubiKeyMultifactorAuthenticationProvider:0.18666666666666668
RadiusMultifactorAuthenticationProvider:0.18666666666666668
DuoMultifactorAuthenticationProvider:0.18666666666666668
SuccessfulHandlerMetaDataPopulator:0.16666666666666666
DuoServletContextListener:0.11333333333333333
