TestIncrementalCrawlerHandler:0.78
ApertureTestBase:0.37666666666666665
CrawlerHandlerBase:0.33666666666666667
TestIcalCrawlerIncremental:0.3333333333333333
TestIcalCrawler:0.28
CrawlerBase:0.25333333333333335
TestMboxCrawler:0.24333333333333335
SubCrawlerTestBase:0.13333333333333333
TestMboxCrawlerMultiFolder:0.13333333333333333
TestVcardFileCrawlerCombination:0.11
