AbstractInteropTest:0.72
TestServiceImpl:0.3233333333333333
TestServiceClient:0.21666666666666667
ResponseDispatcher:0.19333333333333333
TestCasesTest:0.14666666666666667
