HttpRequestBuilder:0.41
RestAdapterTest:0.38
CallbackResponseHandler:0.32666666666666666
TypeTestService:0.275
RestAdapter:0.24
HttpRequestBuilderTest:0.20333333333333334
RestHandler:0.18666666666666668
Fetcher:0.15
FetcherTest:0.09666666666666666
DownloadHandler:0.08
HttpClients:0.05
