AsyncHttpClientCall:0.8133333333333334
AsyncHttpClientCallTest:0.25333333333333335
