TransformTestCase:0.3466666666666667
ReportEntry:0.2966666666666667
AuthorityFactoryTest:0.2866666666666667
Coverage:0.24
Series2000Test:0.21666666666666667
AffineTransformTest:0.20333333333333334
TestCase:0.19444444444444445
SwingResultCellRenderer:0.09
SupportedOperationTest:0.0
