Vector:0.6333333333333333
RWorkspace:0.36
ComputeSpecificitiesDialog:0.3466666666666667
MatrixImpl:0.33
VectorImpl:0.29333333333333333
LexicalTableImpl:0.27
Part:0.27
SpecificitesResult:0.19333333333333333
Partition:0.19194444444444445
SpecificitiesTableEditor:0.19
Specificites:0.18333333333333332
ComputeSpecificities:0.14444444444444446
ArrayIndex:0.11555555555555558
