Materialisation:0.7766666666666666
TestMaterialisation:0.25666666666666665
