HeapSort:0.33666666666666667
MergeSort:0.2633333333333333
AmericanFlagSort:0.2633333333333333
ShellSort:0.16666666666666666
RadixSort:0.14666666666666667
