UploadedFile:0.7683333333333333
TemporaryFile:0.48361111111111116
