v2ParserATNSimulator:0.58
ATNConfig:0.42333333333333334
LexerATNSimulator:0.37333333333333335
DFAState:0.25
TestATNParserPrediction:0.21
ParserInterpreter:0.19055555555555556
TestATNDeserialization:0.18
DOTGenerator:0.1522222222222222
TestYang:0.11
