Exception:0.44333333333333336
ExceptionReport:0.40244444444444444
