SaveToDictionaryEditor:0.4
ERDesignerComponent:0.39666666666666667
ERDesignerBundle:0.33644444444444443
ClasspathEditorView:0.29
SaveToDictionaryView:0.056666666666666664
