DataDefinitionImpl:0.44
MultipleUniqueKeyDefinition:0.22
MDDAnalyzeWalker:0.20333333333333334
ValidationRuleNode:0.19333333333333333
FieldNode:0.18666666666666668
MDDPostProcessorWalker:0.16
MDDNode:0.15666666666666668
RangeValidationRule:0.056666666666666664
MultiUniquenessValidationRule:0.01
