MapContainer:0.6533333333333333
KeyBasedMapOperation:0.30333333333333334
MapLoadAllTask:0.29
AbstractMapOperation:0.27
