AtomTetrahedralLigandPlacer3D:0.49
AtomPlacer3D:0.44666666666666666
ModelBuilder3dTest:0.36
CDKTests:0.20333333333333334
