NavigatorView:0.5766666666666667
Jump:0.5366666666666666
