Model:0.57
GridCache:0.48
Overview:0.2966666666666667
ContentRenderer:0.2633333333333333
