View:0.58
FlowLayout:0.25888888888888884
ConstraintLayout:0.25888888888888884
CoordinatorLayout:0.25888888888888884
GridLayout:0.25888888888888884
FrameLayout:0.25888888888888884
RelativeLayout:0.25888888888888884
ImageView:0.25888888888888884
DrawerLayout:0.25888888888888884
LinearLayout:0.25888888888888884
Toolbar:0.24666666666666667
TextView:0.22333333333333333
TypefaceUtils:0.21
EditText:0.20666666666666667
CollapsingToolbarLayout:0.19666666666666666
Button:0.19333333333333333
RecyclerView:0.17666666666666667
AppBarLayout:0.17
TextAppearanceActivity:0.13333333333333333
