Mvcs:0.6188888888888889
NutFilter:0.2866666666666667
NutServlet:0.2816666666666667
