Content:0.6208333333333333
ContentResult:0.3566666666666667
