GrammarAST:0.3516666666666667
ParserATNSimulator:0.3111111111111111
NoViableAltException:0.30833333333333335
TestATNInterpreter:0.24666666666666667
TreeParser:0.24
BaseRecognizer:0.22333333333333333
BaseAST:0.22277777777777777
RecognitionException:0.21666666666666667
TestParseErrors:0.14666666666666667
ANTLRParserListener:0.11333333333333333
GrammarTransformPipeline:0.08
