MetadataManager:0.4866666666666667
AccumuloMetadata:0.29333333333333333
CassandraMetadata:0.28
JdbcMetadata:0.2633333333333333
BlackHoleMetadata:0.2633333333333333
LocalExecutionPlanner:0.25
ClassLoaderSafeConnectorMetadata:0.24666666666666667
MongoMetadata:0.22333333333333333
