HiveClient:0.5166666666666667
HiveRecordSink:0.4766666666666667
HiveType:0.4402777777777778
