Command:0.40555555555555556
ServiceRequestImpl:0.31333333333333335
Servlet:0.31
AbstractDAVServlet:0.24666666666666667
WebDAVFilter:0.15666666666666668
VersionRewriteFilter:0.10666666666666667
UnparsableRequestException:0.04666666666666667
AbstractPulseFilter:0.04
