StoreScpService:0.48
StoreScp:0.45
FileSystemMgtService:0.3466666666666667
FileSystemMgtBean:0.2966666666666667
