SupervisorActor:0.36666666666666664
TempActor:0.2733333333333333
ServerActor:0.24666666666666667
EventSource:0.23666666666666666
Server:0.23666666666666666
ActorRef:0.23666666666666666
Supervisor:0.23333333333333334
BehaviorActor:0.20666666666666667
EventSourceActor:0.20555555555555555
Behavior:0.16333333333333333
