PutFromLoadValidator:0.48333333333333334
InfinispanRegionFactory:0.44333333333333336
EntityCollectionInvalidationTestCase:0.39666666666666667
PutFromLoadValidatorUnitTestCase:0.3233333333333333
TransactionalAccessDelegate:0.25
AbstractEntityRegionAccessStrategyTestCase:0.245
Invalidation:0.2446666666666667
BasicTransactionalTestCase:0.23
PendingPutMap:0.22
DualNodeJtaPlatformImpl:0.16642857142857143
AbstractFunctionalTestCase:0.15
AbstractCollectionRegionAccessStrategyTestCase:0.15
DualNodeTestCase:0.14333333333333334
CacheCommandFactory:0.13333333333333333
CacheCommandIds:0.12666666666666668
NakedPut:0.12
PendingPut:0.11666666666666667
RegularPut:0.115
CacheCommandInitializer:0.07666666666666666
HookInterceptor:0.0033333333333333335
PutFromLoadInterceptor:0.0
Invalidator:0.0
