Stash:0.49
RestTestSuiteParseContext:0.4375
RestClient:0.3233333333333333
RestTestExecutionContext:0.24666666666666667
