TestHiveIntegrationSmokeTest:0.5166666666666667
ParquetTester:0.33666666666666667
TestHiveBucketing:0.22666666666666666
TestHiveTypeTranslator:0.22333333333333333
AbstractTestHiveFileFormats:0.15833333333333333
TestOrcPageSourceMemoryTracking:0.15833333333333333
RecordFormatWriter:0.013333333333333334
