View:0.7266666666666667
InitViewAction:0.3433333333333333
ApplicantTest:0.25
Strings:0.24
TotalInvoiceCalculator:0.21333333333333335
CustomerNewOnInitTest:0.15333333333333332
