Robolectric:0.4955555555555555
ShadowBitmapDrawable:0.42333333333333334
ShadowCanvas:0.20166666666666666
ShadowPaint:0.18333333333333332
BitmapDrawableTest:0.12
