WifiParsedResult:0.68
WifiConfigManager:0.29333333333333333
WifiResultParser:0.2633333333333333
