User:0.4605555555555556
LazyPropertiesTest:0.38
EnhancedResultObjectProxyImpl:0.22333333333333333
ResultLoaderMap:0.15333333333333332
