DefaultKernelQedeqBo:0.5933333333333334
StateManager:0.5666666666666667
