ListFolderController:0.47
ViewController:0.4
WorkspaceTreeController:0.3233333333333333
WebKeys:0.32255555555555554
