Intersector:0.5605555555555556
ConvexHull:0.2966666666666667
DelaunayTriangulator:0.29
