ScriptEditor:0.9066666666666666
Costello:0.09333333333333334
