ActionURLExtractor:0.7633333333333333
IATagParser:0.03666666666666667
