SaveAction:0.6883333333333334
DeliveryTypeTest:0.22916666666666666
