JFXTextAreaSkin:0.24666666666666667
JFXTextAreaSkinAndroid:0.24666666666666667
JFXPasswordFieldSkin:0.21666666666666667
JFXPasswordFieldSkinAndroid:0.21666666666666667
JFXTextFieldSkinAndroid:0.21666666666666667
JFXTextFieldSkin:0.21666666666666667
