DownloadAdapter:0.5156666666666665
MySchedulerListener:0.33
BaseActivity:0.2733333333333333
