StaxEventItemWriter:0.7333333333333333
StaxEventWriterItemWriterTests:0.24666666666666667
