ServerLayer:0.41333333333333333
ClientConfigurationParser:0.27
AppliConfiguration:0.27
ServerConfigurationParser:0.255
GrowableTablePanel:0.24666666666666667
AbstractClientEngine:0.24333333333333335
AbstractServerEngine:0.24333333333333335
ARINCModelFactory:0.24111111111111108
ARINCSettings:0.23666666666666666
WidgetListener:0.23333333333333334
BooleanPanel:0.21666666666666667
DefaultServerXMLDFHandler:0.19333333333333333
ServerComUtilities:0.19333333333333333
