StyleTest:0.8502777777777777
CurvyCornersTest:0.40166666666666667
