QueryAnalysis:0.7302777777777778
QueryContext:0.36666666666666664
MqlQueryAnalysis:0.2833333333333333
HqlAnalyzer:0.27
