ExpirationPolicy:0.6866111111111111
EhCacheTicketRegistry:0.5066666666666667
HardTimeoutExpirationPolicy:0.22333333333333333
LdapUtils:0.21583333333333332
TimeoutExpirationPolicy:0.18666666666666668
EhcacheTicketRegistryConfiguration:0.18333333333333332
MultiTimeUseOrTimeoutExpirationPolicy:0.17
RememberMeDelegatingExpirationPolicy:0.12666666666666668
NeverExpiresExpirationPolicy:0.04
AlwaysExpiresExpirationPolicy:0.04
