SymmetricTables:0.7016666666666667
SqlScript:0.23333333333333334
ParameterServiceTest:0.22833333333333333
NodeService:0.22
IDbDialect:0.20833333333333334
SymmetricClient:0.19333333333333333
AbstractDbDialect:0.19
TestUtils:0.12
AbstractServiceTest:0.11333333333333333
NodeServiceTest:0.05
AbstractNodeServiceTest:0.016666666666666666
