CommandLineOptions:0.7766666666666666
Indexer:0.23333333333333334
CommandLineOptionsTest:0.15666666666666668
