RepeatAction:0.5622777777777778
ActionTest:0.42333333333333334
