LowLevelEventWriter:0.4683333333333333
LowLevelEventReader:0.39
EventInterpreter:0.37666666666666665
EventCollector:0.24333333333333335
ILowLevelCollector:0.2275
