Commands:0.7911111111111111
Client:0.6813333333333335
