NeuralNetwork:0.5466666666666666
LMS:0.3
Perceptron:0.25333333333333335
ThresholdNeuron:0.24333333333333335
MultiLayerPerceptron:0.21333333333333335
IterativeLearning:0.19333333333333333
PauseLearningSample:0.18666666666666668
NeuronFactory:0.17333333333333334
SupervisedLearning:0.11666666666666667
LayerFactory:0.10966666666666666
DynamicBackPropagation:0.056666666666666664
BiasNeuron:0.05
DLRSample:0.013333333333333334
