PrimitivePA:0.6366666666666667
PrimitivePAMethodSummary:0.35
BuildMethodSummary:0.27666666666666667
