IndexShard:0.7545
SearchService:0.37
IndexCache:0.29333333333333333
QueryCacheModule:0.21666666666666667
