ClickableElement:0.39
DisabledElement:0.3601666666666667
DisabledElementTest:0.3
HtmlSelect:0.295
HtmlOptionGroup:0.2633333333333333
HtmlOption:0.20666666666666667
HtmlTextArea:0.20333333333333334
