VssJournalDateFormat:0.5366666666666666
VssJournalElement:0.5133333333333333
