StorageModule:0.49333333333333335
ShardManagerDao:0.47
DatabaseUtil:0.41333333333333333
