XMLType:0.49
XMLAttribute:0.4533333333333333
TextureHelper:0.2593888888888889
AbstractWidgetRefHandler:0.25333333333333335
JFXServerWindow:0.24333333333333335
DefaultARINCUtils:0.23
NumericFormatterTest:0.22666666666666666
SaveAsDialog:0.21333333333333335
MetaDefinitionWriter:0.19
SymbolRectangleRenderer:0.19
J2DPrismGraphics:0.19
DefaultXMLConverter2Test:0.18333333333333332
ARINCDefinitionVerifier:0.17833333333333334
ObjectGenerator:0.17666666666666667
JFXServerDisplay:0.17444444444444443
JFXServerCockpitTest:0.14333333333333334
SymbolCommandGenerator:0.13666666666666666
MapItemsGenerator:0.13666666666666666
DefaultXMLConverterTest:0.06333333333333334
JFXEditBoxNumericBCDTest:0.041666666666666664
XMLNodesHandler:0.03333333333333333
JFXMapItemRectangleRendererTest:0.02
AbstractWidgetRefHandler3Test:0.02
