SQLiteCursorTest:0.5403333333333333
SQLiteDatabaseTest:0.5116666666666667
