ObjectFactory:0.61
RemoteMPLSConnectionDetails:0.43666666666666665
KuwaibaService:0.43
CommunicationsStub:0.21
LocalMPLSConnectionDetails:0.16666666666666666
GetMPLSLinkEndpointsResponse:0.09
DisconnectMPLSLinkResponse:0.03631746031746032
GetE2EMPLSconnectionsResponse:0.023333333333333334
GetE2EMPLSconnections:0.01
DisconnectMPLSLink:0.009444444444444443
