HopParser:0.6333333333333333
HopSymbolTableWalker:0.4633333333333333
StepFactory:0.21666666666666667
DFA19:0.11466666666666667
DFA31:0.09
