Table:0.55
Color:0.4033333333333333
Button:0.29
FlickScrollPane:0.26
OpenALAudioDevice:0.24333333333333335
LibgdxToolkit:0.23666666666666666
Window:0.20333333333333334
ProjectiveTextureTest:0.14333333333333334
Music:0.14
ShadowMappingTest:0.12666666666666668
MipMapTest:0.11
SoundTest:0.1
