StudyPermissionsLocal:0.5952777777777778
WebCfgService:0.5433333333333333
StudyPermissionsBean:0.29
