Animal:0.6866666666666666
LogFactory:0.42333333333333334
IocObject:0.39
SimpleJsonIocTest:0.28
