Location:0.47
Template:0.41333333333333333
TemplateBuilder:0.3433333333333333
ThreadPool:0.24
LocationKey:0.22333333333333333
Automaton:0.19666666666666666
Relocation:0.18
CtrlVarSet:0.1
BackMap:0.0867222222222222
TermKey:0.02666666666666667
BackRecord:0.0
