QueryVisitor:0.38666666666666666
AbstractInformationSchemaTable:0.36666666666666664
InformationSchemaQueryTest:0.3433333333333333
QueryVisitorTest:0.25
TableExecutionContext:0.23666666666666666
TransportSQLActionTest:0.16333333333333333
ITableExecutionContext:0.15833333333333333
InformationSchemaTableExecutionContext:0.10777777777777776
