DocSchemaInfo:0.4866666666666667
BlobSchemaInfo:0.27666666666666667
DropBlobTableAnalyzedStatement:0.15
CreateSnapshotStatementAnalyzer:0.15
DropTableAnalyzedStatement:0.15
