MongoCollection:0.774388888888889
MongoCollectionImpl:0.6133333333333333
DropIndexOperation:0.27
CreateIndexesOperation:0.24
