URLConnectionTest:0.4
CacheTest:0.31333333333333335
Response:0.2633333333333333
HttpEngine:0.23444444444444448
CacheStrategy:0.16444444444444445
StatusLine:0.07788888888888888
