ShadowView:0.55
ResourceLoader:0.36
ViewGroupTest:0.3466666666666667
ShadowContext:0.20666666666666667
ShadowViewGroup:0.16666666666666666
