Header:0.7133333333333334
SetInfo:0.6866666666666666
OAIProvider:0.4936507936507937
ResumptionToken:0.45
OAIResponder:0.3566666666666667
MetadataFormat:0.34199999999999997
Record:0.34199999999999997
MDIDesktopPane:0.33
SimpleHelpBroker:0.28
SimpleContentViewerUI:0.23666666666666666
SortTableModel:0.21333333333333335
JSortTable:0.20666666666666667
SampleOAIProvider:0.19
SimpleResumptionToken:0.14333333333333334
DefaultSortTableModel:0.06333333333333334
MDIDesktopManager:0.06277777777777778
SimpleXMLFormatter:0.055
SampleOAIProviderServlet:0.048888888888888885
SortHeaderRenderer:0.04416666666666667
DatingFileHandler:0.043333333333333335
JSortTableTest:0.035
BadResumptionTokenException:0.03
NoRecordsMatchException:0.03
WindowMenu:0.028333333333333332
SimpleHeader:0.016666666666666666
SimpleRecord:0.013333333333333334
SimpleMetadataFormat:0.013333333333333334
SimpleSetInfo:0.013333333333333334
DeletedRecordSupport:0.01
ColumnComparator:0.01
NoMetadataFormatsException:0.01
DateGranularitySupport:0.01
OAIException:0.0033333333333333335
SortArrowIcon:0.0033333333333333335
BadArgumentException:0.0
CannotDisseminateFormatException:0.0
IDDoesNotExistException:0.0
NoSetHierarchyException:0.0
RepositoryException:0.0
BadVerbException:0.0
