GeometryTools:0.7933333333333333
AtomPlacer:0.3466666666666667
StructureDiagramGenerator:0.31333333333333335
Renderer2D:0.2966666666666667
RingPlacer:0.27666666666666667
AtomPlacer3D:0.25
ModelBuilder3D:0.23333333333333334
CML2Test:0.23
GeometryToolsInternalCoordinatesTest:0.23
AbstractController2D:0.215
MDLV2000ReaderTest:0.21
AbstractRenderer2D:0.20833333333333334
JmolTest:0.20666666666666667
WWMMatrixReader:0.20166666666666666
SVGWriter:0.19666666666666666
PharmacophoreMatcher:0.19666666666666666
StructureDiagramGeneratorTest:0.195
JChemPaintTest:0.19
HydrogenPlacer:0.1761111111111111
Controller2D:0.175
MoleculeViewer2DPanel:0.17333333333333334
ModelBuilder3dTest:0.17333333333333334
JumboTest:0.16666666666666666
HydrogenPlacerTest:0.16166666666666665
LengthOverBreadthDescriptor:0.16
FlipEditTest:0.15166666666666667
ArrowRenderer2D:0.14666666666666667
MomentOfInertiaDescriptor:0.13666666666666666
PetitjeanShapeIndexDescriptor:0.13666666666666666
SimpleRenderer2D:0.13
DataFeaturesTool:0.08666666666666667
