Robolectric:0.58
drawable:0.560484126984127
ResourceLoader:0.4066666666666667
ImageViewTest:0.34
ShadowImageView:0.20666666666666667
