Euler:0.7233333333333334
EulerRunner:0.30666666666666664
