Euler:0.8416666666666667
EulerLibrary:0.27666666666666667
