LogReader:0.5566666666666666
LogReaderTest:0.38
Connection:0.35
ConnectionTest:0.30666666666666664
SubscriptionTest:0.19111111111111112
