RegExpFindFile:0.4866666666666667
WildcardFindFile:0.4866666666666667
FilterFindFile:0.44
