Activator:0.8413095238095238
BioclipseMobyModel:0.5333333333333333
EarlyStartup:0.27133333333333337
