MoleculeAnnealerAdapter:0.47333333333333333
AdaptiveAnnealingEngine:0.35333333333333333
StochasticStructureElucidationJob:0.2866666666666667
AnnealingEngineI:0.24151587301587307
MonitorWrapper:0.23166666666666666
AnnealerAdapterI:0.17472222222222222
