Database:0.52
HibernateTransaction:0.43666666666666665
HibernateCRUDOperationProvider:0.35833333333333334
Table:0.3433333333333333
NameResolver:0.26555555555555554
