RampTest:0.30333333333333334
LinearTest:0.27666666666666667
SgnTest:0.18
GaussianTest:0.06666666666666667
StepTest:0.06666666666666667
TrapezoidTest:0.06666666666666667
SigmoidTest:0.06666666666666667
TanhTest:0.06666666666666667
