AbstractClient:0.3433333333333333
InjvmProtocol:0.25
ReferenceConfigCache:0.24333333333333335
WrappedChannelHandler:0.17
DubboCountCodec:0.17
MonitorFilter:0.14666666666666667
