ModelGenerator:0.38666666666666666
BusinessModel:0.37666666666666665
Convention:0.23333333333333334
Conventions:0.21
Enrichment:0.17666666666666667
ViewForeignKeyConvention:0.08666666666666667
ViewPrimaryKeyConvention:0.06666666666666667
