DataManager:0.64
XmlSerializer:0.45
ArcSDEHarvester:0.27
LocalFilesystemHarvester:0.24666666666666667
Aligner:0.23666666666666666
Harvester:0.19666666666666666
AjaxEditUtils:0.19333333333333333
Transaction:0.19333333333333333
Update:0.16666666666666666
XslProcessing:0.10333333333333333
EditUtils:0.1
