EBinary:0.5166666666666667
MethodWriter:0.39
WriterConstants:0.35444444444444445
EChain:0.24666666666666667
StringTests:0.15666666666666668
