BufferManagementStrategy:0.37
UnicastReceiverTest:0.3466666666666667
UnicastSenderTest:0.3466666666666667
MappedBufferRotator:0.31666666666666665
