CheckLogicTest:0.4066666666666667
DefaultModulePropertiesTest:0.4066666666666667
GenerateLatexTest:0.4
KernelBoModuleTestSuite:0.19333333333333333
CharsetParserTest:0.016666666666666666
