Settings:0.92
DefaultRenderContext:0.43333333333333335
SettingsTools:0.25333333333333335
ObjectFactory:0.17333333333333334
