Tokenizer:0.41611111111111115
BaseMultiLayerNetwork:0.38333333333333336
Word2Vec:0.3466666666666667
DataSet:0.3233333333333333
Window:0.24666666666666667
ZookeeperConfigurationRetriever:0.23333333333333334
BatchActor:0.23333333333333334
ZooKeeperConfigurationRegister:0.22
WorkerActor:0.21833333333333332
ActorNetworkRunnerApp:0.21666666666666667
ActorNetworkRunner:0.19
MultiLayerNetworkOptimizer:0.16277777777777777
Word2VecLoader:0.09333333333333334
DefaultTokenizer:0.05
