XsdSchema:0.8888333333333335
SimpleXsdSchema:0.4066666666666667
WsCommonsXsdSchema:0.4
