AspectValue:0.49666666666666665
DefaultLabel:0.36666666666666664
AspectualRuleView:0.3333333333333333
RuleAspect:0.2377777777777778
AspectParser:0.23
GraphJVertex:0.22333333333333333
GraphJEdge:0.20583333333333337
AspectualGraphView:0.17333333333333334
FreeLabelParser:0.12
