Types:0.4633333333333333
StatementGeneratorTest:0.3433333333333333
Rewriter:0.2633333333333333
RewriterTest:0.2633333333333333
AutoboxerTest:0.23666666666666666
