Toolbar:0.44933333333333336
MediaBean:0.36333333333333334
Tools:0.33
TableView:0.26
SwitchMode:0.24
ToolbarWidget:0.15
