JsonPath:0.61
GsonJsonProvider:0.32
JsonProvider:0.2773055555555555
EvaluationContext:0.23644444444444446
AbstractJsonProvider:0.22
EvaluationContextImpl:0.21333333333333335
JacksonMappingProvider:0.20277777777777778
GsonMappingProvider:0.15666666666666668
BaseTest:0.0
