CoreMessageLogger:0.4
AnnotationBinder:0.26666666666666666
HibernateXmlBinder:0.2633333333333333
XmlHelper:0.25333333333333335
