ExtractorHTML:0.49333333333333335
ExtractorJS:0.42
ExtractorHTML2:0.25666666666666665
