PrimaryShardAllocator:0.53
ReplicaShardAllocator:0.2966666666666667
MatchingNodes:0.28
DelayedShardsMockGatewayAllocator:0.22
DecidedNode:0.19874603174603173
NodesToAllocate:0.14333333333333334
