Tab:0.6066666666666667
PropertyMapping:0.37333333333333335
MappingParser:0.29333333333333333
WarehousesTest:0.25333333333333335
ModelMapping:0.25333333333333335
WebsphereTblxmiPG:0.14111111111111113
Generators:0.03
