SelectionWindow:0.6166666666666667
SearchDialog:0.44333333333333336
MainWindow:0.30333333333333334
