ProjectServiceImpl:0.54
UserServiceImpl:0.47833333333333333
EditUserAction:0.2372222222222222
