IndexSettings:0.5
QueryBuilders:0.49
IndexSettingsTests:0.3333333333333333
SearchQueryIT:0.2866666666666667
QueryDSLDocumentationTests:0.2633333333333333
IndicesService:0.22333333333333333
IndexSettingsModule:0.21333333333333335
QueryShardContext:0.1942222222222222
MatchedQueriesIT:0.15666666666666668
