DriverJobManagement:0.38666666666666666
CancelJobTask:0.33133333333333337
JPPFJobManager:0.28
LongTaskRunner:0.15333333333333332
WaitingResultsState:0.13666666666666666
