Type:0.5666666666666667
AnimationController:0.33666666666666667
Window:0.32666666666666666
ShapeRenderer:0.27
ReflectionCacheSourceCreator:0.21333333333333335
TideMapLoader:0.19666666666666666
PolygonRegion:0.19
Polygon:0.1738888888888889
BaseAnimationController:0.17333333333333334
MipMapGenerator:0.14642857142857144
UITest:0.09333333333333334
