ListProxyImpl:0.44666666666666666
CollectionRemoveBackupOperation:0.30666666666666664
CollectionDataSerializerHook:0.23
ListContainer:0.17333333333333334
ListTest:0.12666666666666668
CollectionContainer:0.09916666666666667
