ShadowResources:0.42
ShadowThemeTest:0.32666666666666666
ShadowEditTextTest:0.32666666666666666
ShadowViewTest:0.30333333333333334
RoboAttributeSetTest:0.25333333333333335
ShadowLayoutInflaterTest:0.25
ShadowProgressBarTest:0.21666666666666667
ViewStubTest:0.15
