Link:0.47
Connector:0.4166666666666667
FederationClasses:0.23666666666666666
FederationManager:0.20833333333333334
