Table:0.6072222222222222
Utils:0.45666666666666667
SelectImpl:0.44333333333333336
SelectQueryImpl:0.2791666666666667
AbstractTable:0.25
SelectJoinStep:0.23666666666666666
JoinTable:0.18
