Listener:0.42333333333333334
OsgiServiceCollection:0.2833333333333333
OsgiServiceProxyFactoryBean:0.25333333333333335
ServiceDynamicInterceptor:0.24
OsgiServiceCollectionProxyFactoryBean:0.19
AbstractOsgiServiceImportFactoryBean:0.18666666666666668
Executor:0.13666666666666666
