RollingUpdateCommandTest:0.4866666666666667
WildcardJobCommand:0.22916666666666666
JobInspectCommand:0.21666666666666667
RollingUpdateCommand:0.08666666666666667
JobStopCommand:0.04666666666666667
JobStartCommand:0.04666666666666667
JobRemoveCommand:0.02
JobUndeployCommand:0.02
JobDeployCommand:0.02
