SwingFactory:0.6433333333333333
ButtonHelper:0.33
DateEntry:0.21
ProxyName:0.12
ProxyMLE:0.12
ProxyEntity:0.12
ProxyUnknown:0.12
ProxyChoice:0.11
ProxyDate:0.10666666666666667
ProxyXRef:0.10666666666666667
ChoosePropertyBean:0.10333333333333333
ActionInsert:0.09
