GeometryOptimizationComputationJob:0.495
MolecularDynamicsComputationWizard:0.2633333333333333
GeometryOptimizationComputationWizard:0.2633333333333333
