AbstractServiceTest:0.7086111111111112
MetadataPermissionsServiceTest:0.45666666666666667
