ClassySharkPanel:0.7266666666666667
ArchiveDisplayer:0.3023888888888889
FileTransferHandler:0.27666666666666667
RecentFilesListener:0.14
