UserPreferences:0.7566666666666667
UserForm:0.4266666666666667
UserServiceImpl:0.3233333333333333
LoginUtilities:0.3
LoginHandler:0.18666666666666668
UserServiceImplIT:0.18
LoginForm:0.17
EditPreferencesFormAction:0.16333333333333333
EditPreferencesAction:0.16333333333333333
LoginSeleniumIT:0.06333333333333334
