string:0.461111111111111
ShadowResourcesTest:0.4
ShadowAssetManager:0.38333333333333336
Converter:0.2277777777777778
PackageResourceLoader:0.22444444444444447
ShadowResources:0.16666666666666666
bool:0.155
array:0.155
integer:0.155
