SystemTestBase:0.46027777777777773
CliDeploymentTest:0.18
JobListCommand:0.18
JobInspectCommand:0.17333333333333334
ConfigFileJobCreationTest:0.12666666666666668
