Columns:0.47560317460317453
InformationSchemaTest:0.45666666666666667
InformationViewsTableInfo:0.25333333333333335
ViewInfo:0.21333333333333335
