InvocationLog:0.5666666666666667
ExecutionService:0.5333333333333333
InvocationLogImpl:0.5233333333333333
StateLog:0.4633333333333333
TransitionImpl:0.43666666666666665
VariableInstanceImpl:0.4066666666666667
ActionLog:0.40552380952380945
TokenImpl:0.4033333333333333
ExecutionServiceImpl:0.36
StateLogImpl:0.33
VariableUpdateLog:0.2951190476190476
EnumType:0.2756746031746032
ExecutionServiceDelegate:0.2500396825396825
JbpmExecutionServiceBean:0.24666666666666667
ExecutionServiceDelegateLocalImpl:0.24
ExecutionServiceDelegateRemoteImpl:0.24
HibernateSession:0.23333333333333334
ActionImpl:0.2325
ForkImpl:0.19
ExecutionContextImpl:0.19
StateImpl:0.18666666666666668
ShowHistoryFormTag:0.17666666666666667
ExecutionLog:0.16866666666666666
JoinImpl:0.16666666666666666
DefaultHibernateSessionFactory:0.16
JbpmExecutionLogic:0.15666666666666668
Messages:0.14222222222222225
MilestoneImpl:0.13333333333333333
ExecutionLogImpl:0.12666666666666668
MessageLog:0.1175
TransitionLog:0.1175
VariableUpdateLogImpl:0.11
EndOfTokenLogImpl:0.10833333333333334
ActionLogImpl:0.10833333333333334
ProcessStateImpl:0.07666666666666666
DecisionImpl:0.07
ServiceMethod:0.05333333333333334
EndStateImpl:0.04583333333333333
TransitionLogImpl:0.03166666666666667
MessageLogImpl:0.03166666666666667
SubTokenLogImpl:0.015
DecisionLogImpl:0.006666666666666667
LevelType:0.0
ServiceMethodType:0.0
VariableCreationLogImpl:0.0
ShowHistoryLinkTag:0.0
UnUndoableException:0.0
