ProcessDefinition:0.41333333333333333
Node:0.38333333333333336
IOUtils:0.37333333333333335
FormNode:0.36
Transition:0.36
NodeTypeDefinition:0.33666666666666667
Variable:0.31333333333333335
NamedGraphElement:0.27666666666666667
AbstractCreateNodeFeature:0.25333333333333335
JpdlSerializer:0.23
GEFElementCreationFactory:0.21333333333333335
Swimlane:0.21333333333333335
GraphElement:0.20333333333333334
TransitionGraphicalEditPart:0.20333333333333334
NodeCreateCommand:0.19666666666666666
ValidatorParser:0.1811111111111111
ValidationUtil:0.18
DiagramEditorPage:0.17666666666666667
FormType:0.17333333333333334
BaseHtmlFormType:0.16666666666666666
AddActionCommand:0.15833333333333333
SwimlaneActionsDelegate:0.14
TransitionCreateCommand:0.13666666666666666
CreateTransitionFeature:0.13666666666666666
GpdXmlContentProvider:0.13
OpenFormValidationDelegate:0.12666666666666668
NodeSetNameCommand:0.12666666666666668
FormsXmlContentProvider:0.12666666666666668
CopyGraphCommand:0.12333333333333334
BpmnSerializer:0.08666666666666667
OpenFormScriptDelegate:0.08666666666666667
SubstitutionExceptionsXmlContentProvider:0.08333333333333333
PasteSwimlaneSelectionListener:0.07666666666666666
CreateSwimlaneSelectionListener:0.07333333333333333
CreateFormDelegate:0.07333333333333333
NotificationMessages:0.07
HtmlFormType:0.006666666666666667
