TestMapOperators:0.39666666666666667
TestArrayOperators:0.3566666666666667
TestSerDeUtils:0.30666666666666664
TestLearnAggregations:0.26666666666666666
StructuralTestUtil:0.20666666666666667
TestStateCompiler:0.18
