GAMEAdapter:0.5333333333333333
DASAdapter:0.44333333333333336
DASAdapterGUI:0.36333333333333334
XMLParser:0.22333333333333333
DataLoader:0.18666666666666668
BookmarkMenu:0.17333333333333334
ServerListener:0.16666666666666666
HistoryListener:0.16666666666666666
DASClient:0.09333333333333334
SeqListener:0.021555555555555557
addBookmarkListener:0.013333333333333334
removeBookmarkListener:0.01
