AuthenticationProperties:0.7072222222222223
CasCoreAuthenticationConfiguration:0.35111111111111115
MongoDbCloudConfigBootstrapConfiguration:0.3466666666666667
