Advice:0.4166666666666667
AdviceTest:0.39666666666666667
Illegal:0.38666666666666666
Active:0.32666666666666666
Dispatcher:0.2966666666666667
ForMethodEnter:0.24666666666666667
CodeTranslationVisitor:0.12
ForReturnValue:0.1
ForMethodExit:0.09666666666666666
ThisReferenceAdvice:0.056666666666666664
Box:0.04666666666666667
IllegalThrowableTypeAdvice:0.01
IllegalArgumentAdvice:0.01
IllegalThisReferenceAdvice:0.01
ThisSubstitutionAdvice:0.0033333333333333335
