AnnotationBinder:0.6366666666666667
DerivedIdentitySimpleParentSimpleDepTest:0.11333333333333333
MedicalHistory:0.0
