Shape:0.5766666666666667
ShapeState:0.42333333333333334
ShapeStateGenerator:0.25666666666666665
ShapeGenerator:0.23444444444444448
