Teach:0.5366666666666666
Task:0.52
LoadVehicleGarage:0.29333333333333333
UnloadVehicleGarage:0.28
Maintenance:0.2644444444444444
EatMeal:0.24666666666666667
EatDessert:0.23
Sleep:0.22333333333333333
RequestMedicalTreatment:0.21666666666666667
RestingMedicalRecovery:0.21666666666666667
OperateVehicle:0.21166666666666667
RoverMission:0.21
RepairEmergencyMalfunction:0.20333333333333334
RepairMalfunction:0.20333333333333334
MaintainGroundVehicleGarage:0.20333333333333334
MedicalAssistance:0.19833333333333333
PerformMathematicalModeling:0.19333333333333333
ObserveAstronomicalObjects:0.19333333333333333
PerformLaboratoryExperiment:0.19333333333333333
StudyFieldSamples:0.19333333333333333
ManufactureConstructionMaterials:0.19333333333333333
PerformLaboratoryResearch:0.19333333333333333
Yoga:0.19
CompileScientificStudyResults:0.18333333333333332
Relax:0.18333333333333332
TreatMedicalPatient:0.18333333333333332
PrepareDessert:0.18333333333333332
AssistScientificStudyResearcher:0.18333333333333332
SelfTreatHealthProblem:0.18333333333333332
ManufactureGood:0.18333333333333332
ProduceFood:0.18333333333333332
ToggleResourceProcess:0.18333333333333332
TendGreenhouse:0.18333333333333332
SalvageGood:0.18333333333333332
NegotiateTrade:0.18333333333333332
CookMeal:0.18333333333333332
Workout:0.16333333333333333
ConsolidateContainers:0.15333333333333332
ProposeScientificStudy:0.13333333333333333
InviteStudyCollaborator:0.13333333333333333
RespondToStudyInvitation:0.13333333333333333
PrescribeMedication:0.13333333333333333
PeerReviewStudyPaper:0.13333333333333333
