AttributeSet:0.77
Attribute:0.5333333333333333
DicomDirReader:0.32666666666666666
VR:0.30666666666666664
BasicAttributeSet:0.27
FilteredAttributeSet:0.24
BasicAttribute:0.23333333333333334
AbstractAttributeSet:0.23
DicomDirReaderTest:0.18666666666666668
DA_TM:0.04666666666666667
TextVR:0.016666666666666666
