GedcomReader:0.45666666666666667
GedcomWriter:0.39666666666666667
SniffedInputStream:0.2966666666666667
AnselCharset:0.29333333333333333
