NioSelector:0.45
AtomicArray:0.44
AtomicArrayTest:0.2833333333333333
Receiver:0.28
MediaConductor:0.2733333333333333
UdpTransport:0.25
ToBooleanFunction:0.0011111111111111111
