TestATNParserPrediction:0.6627777777777778
TestListeners:0.3566666666666667
