DOValidatorXMLSchema:0.53
DOValidatorSchematron:0.4066666666666667
DOValidatorIntegrityCheck:0.23333333333333334
