LinePrinter:0.52
Reprap:0.25000000000000006
Printer:0.195984126984127
Repstrap:0.15833333333333333
VirtualPolarPrinter:0.15833333333333333
MachineFactory:0.10666666666666667
SquareTest:0.0011111111111111111
