RestActions:0.8633333333333333
RestPercolateAction:0.3
RestMultiGetAction:0.22333333333333333
RestMultiTermVectorsAction:0.22333333333333333
RestMultiPercolateAction:0.22333333333333333
RestMultiSearchAction:0.22333333333333333
