StateTab:0.6733333333333333
Level4:0.5066666666666667
