NetworkUtils:0.8266666666666667
IPFilter:0.38
JPPFBroadcaster:0.22333333333333333
