GwtTeamingMessages:0.37888888888888883
FooterPanel:0.3011111111111111
SsfsUtil:0.28
DefinitionHelper:0.24
EventHelper:0.20111111111111113
GwtMenuHelper:0.18333333333333332
InvokeEditInPlaceEvent:0.08666666666666667
