ViewManager:0.5666666666666667
ViewWidget:0.19194444444444442
EditViewFactory:0.16666666666666666
TableViewFactory:0.12666666666666668
EntityViewFactory:0.12666666666666668
NavigatorViewFactory:0.12666666666666668
ReportViewFactory:0.12666666666666668
TimelineViewFactory:0.12666666666666668
TreeViewFactory:0.12666666666666668
AbstractChange:0.12666666666666668
ViewFactory:0.125
SaveOptionsWidget:0.1
