NettyAsyncHttpProvider:0.5533333333333333
NettyConnectionsPool:0.275
ReaperFuture:0.25
ProgressListener:0.2277777777777778
AsyncHttpUrlConnection:0.15333333333333332
PropertiesBasedResumableProcessor:0.15333333333333332
ApacheClientRunnable:0.11
