Entity:0.54
FormatUtils:0.3466666666666667
Query:0.34
PresentationUtils:0.2866666666666667
QueryParam:0.28
