IIBMiHostContributions:0.6333333333333333
CLCommand:0.2833333333333333
CLFormatter:0.18333333333333332
IBMiHostContributionsHandler:0.16666666666666666
IClCommandPrompter:0.14583333333333334
