Mongo:0.62
MongoClient:0.28
AuthenticatingConnectionTest:0.23666666666666666
DefaultClusterableServerFactory:0.20666666666666667
InternalStreamConnectionFactory:0.16
MongoClients:0.16
DefaultClusterFactory:0.15666666666666668
ClientMetadataHelper:0.12
SingleServerClusterTest:0.11666666666666667
PlainAuthenticatorTest:0.10333333333333333
