Sprite:0.4866666666666667
SpriteBatch:0.415
Table:0.33666666666666667
Image:0.32666666666666666
NinePatch:0.31333333333333335
Button:0.2511111111111111
Skin:0.21777777777777782
Stage:0.2175
FlickScrollPane:0.21
Label:0.16666666666666666
