LibraryPathsFile:0.40377777777777774
RuntimeConfigurationFile:0.40377777777777774
