TreeContextMenu:0.35333333333333333
TxmI18N:0.31666666666666665
DimensionsPermission:0.3
ActionFactory:0.23666666666666666
DimensionsServiceImpl:0.14
Services:0.10777777777777776
DimensionsService:0.0011111111111111111
DimensionsServiceAsync:0.0011111111111111111
