Operation:0.47
PJIdentifier:0.44333333333333336
PJFactory:0.24
Objects:0.07666666666666666
