Channel:0.43
LocalActor:0.39666666666666667
ChannelGroup:0.2733333333333333
ActorImpl:0.25333333333333335
SelectiveReceiveHelper:0.20333333333333334
DisruptorReceiveChannel:0.15666666666666668
ActorLifecycleListener:0.12833333333333333
ReceiveChannel:0.013333333333333334
