AspectualGraphView:0.5266666666666666
BoolPointAlgebra:0.39
AspectualRuleView:0.38333333333333336
Simulator:0.33666666666666667
AttributeElementFactory:0.31
Editor:0.28833333333333333
AlgebraRegister:0.2833333333333333
JavaIntAlgebra:0.25333333333333335
IntSignature:0.24666666666666667
AspectualViewGps:0.23333333333333334
AspectualView:0.17833333333333334
RealPointAlgebra:0.11333333333333333
IntPointAlgebra:0.11333333333333333
StringPointAlgebra:0.02666666666666667
