StaticQueryManager:0.34
SumQuery:0.22680952380952382
PartialSumQuery:0.15514285714285714
Execute:0.10083333333333333
Main:0.1
ServerMainModule:0.06
ImportDelimited:0.043333333333333335
ImportHiveTableQuery:0.023333333333333334
ImportHiveTablePartitionQuery:0.023333333333333334
