Header:0.5066666666666667
Image:0.5
TermReader:0.16666666666666666
