ResourceIndex:0.6047777777777777
ResourceIndexImpl:0.49
ResourceIndexModule:0.31666666666666665
ResourceIndexIntegrationTest:0.31666666666666665
ResourceIndexRebuilder:0.14333333333333334
