ObjectKeys:0.7930555555555554
ProfileModuleImpl:0.49333333333333335
BinderHelper:0.44333333333333336
WebKeys:0.04666666666666667
