ArticleQueryService:0.5366666666666666
ArticleProcessor:0.43666666666666665
CommentQueryService:0.24
