DatabaseMap:0.55
ShadowSQLiteDatabase:0.37
SQLite:0.2966666666666667
NullDatabaseMap:0.29333333333333333
DatabaseConfigTest:0.2833333333333333
DatabaseConfig:0.22666666666666666
SQLiteMap:0.17277777777777775
