KuwaibaService:0.54
ObjectFactory:0.5166666666666667
CommunicationsStub:0.26666666666666666
DataModelManagerTopComponent:0.2086111111111111
GenericExportPanel:0.1927777777777778
RemoteArtifact:0.16
Constants:0.12169841269841271
