IStructuredbManager:0.6433333333333333
StructuredbManager:0.4633333333333333
StructuredbManagerTest:0.22333333333333333
ForConsoleDecoratedStructuredbManager:0.22
