AtomTypeFactory:0.5804444444444444
AbstractController2D:0.5627777777777778
