Product4:0.4166666666666667
MapFacadeBean:0.39666666666666667
JPAPersistenceProvider:0.30333333333333334
GenerateReportServlet:0.24666666666666667
CarrierTest:0.21666666666666667
DeleteAction:0.17333333333333334
Product4Test:0.12333333333333334
