DataServlet:0.6130555555555556
DataTypeListerServlet:0.19666666666666666
DataObjectViewerServlet:0.19666666666666666
DataQueryServlet:0.13666666666666666
DataPointerValueConverter:0.12333333333333334
