LwjglApplication:0.36
GradientPanel:0.35333333333333333
NetAPITest:0.29
ParticleEditor:0.2306666666666667
Renderer:0.22666666666666666
StreamUtils:0.18666666666666668
ModelBatch:0.16333333333333333
HttpClientResponse:0.12666666666666668
MeshPart:0.05333333333333334
