DefinitiveDOWriter:0.5133333333333333
DefaultDOManager:0.4633333333333333
DefaultManagement:0.3933333333333333
Administrator:0.32
DOReplicator:0.2796666666666667
FedoraAPIMBindingSOAPHTTPImpl:0.25
ReplicationException:0.10258730158730157
DefaultDOReplicator:0.065
