SimpleRetryPolicy:0.6833333333333333
StatefulRetryStepFactoryBean:0.2733333333333333
SkipLimitStepFactoryBean:0.19333333333333333
SimpleRetryPolicyTests:0.08666666666666667
