JsonReader:0.7133333333333334
GenericBsonTest:0.2733333333333333
GridFSTest:0.2633333333333333
GenericBsonDecimal128Test:0.24333333333333335
