TransportSQLActionTest:0.4866666666666667
ParsedStatement:0.2966666666666667
AsyncBroadcastAction:0.2866666666666667
NodeTypes:0.24277777777777776
AnalyzerElements:0.23
NodeFactoryImpl:0.12666666666666668
NodeNames:0.07333333333333333
