NodeDataPanelManager:0.465
NodeDataPanel:0.45
JVMHealthPanel:0.4033333333333333
NodeRefreshHandler:0.22166666666666668
