Transducer:0.6533333333333333
ParseCpsl:0.37722222222222224
SinglePhaseTransducer:0.34
