RenderingContext:0.5141666666666667
LiteralExpression:0.39666666666666667
ParameterExpressionImpl:0.39666666666666667
CriteriaQueryCompiler:0.20333333333333334
ExpressionsTest:0.16666666666666666
