RestApi:0.7066666666666667
RestApiParser:0.6033333333333334
RestSpec:0.2325
RestApiParserTests:0.17
RestApiParserFailingTests:0.13666666666666666
RestTestSuiteParser:0.13666666666666666
