Pow:0.2733333333333333
Norm2:0.15
RBMTest:0.15
Abs:0.14666666666666667
Log:0.14666666666666667
Sqrt:0.14666666666666667
Sigmoid:0.14666666666666667
Stabilize:0.11
Sampling:0.11
