TokenAuthenticationConfiguration:0.4066666666666667
TokenAuthenticationProperties:0.36666666666666664
TokenizedWebApplicationServiceResponseBuilder:0.31666666666666665
SimpleWebApplicationServiceImpl:0.1488888888888889
TokenWebApplicationService:0.013333333333333334
