UserAdminSessionBean:0.6116666666666667
UserPasswordExpireWorker:0.21416666666666667
KeyRenewer:0.20333333333333334
TLSProvider:0.2
