EditorOverlay:0.5133333333333333
AppliConfiguration:0.37
ServerConfiguration:0.35333333333333333
DefaultXMLExporter:0.34
LayerTreeEditor:0.31666666666666665
FrameworkConfiguration:0.2866666666666667
ServerExtensionLoader:0.26666666666666666
SwingEditorOverlay:0.24666666666666667
ServerMapItemsUtilities:0.23583333333333334
DefaultServerXMLDFHandler:0.21333333333333335
TreeEditorHelper:0.20166666666666666
LegendRenderer:0.19666666666666666
ARINCSettings:0.19
AbstractEditorOverlay:0.18833333333333332
JFXServerCockpitMultiLayerMapsTest:0.17666666666666667
JFXEditorOverlay:0.14833333333333334
EditorMenuFactory:0.14666666666666667
Extension19Test:0.12555555555555556
JFXGeomUtils:0.12
RendererPropertiesFactory3Test:0.1
JFXTreeEditorCutPasteTest:0.0875
DefaultXMLConverter3Test:0.08666666666666667
ConverterConfigHandler:0.08333333333333333
JFXDefaultXMLExporterLayerSizeTest:0.08
DefaultXMLConverter4Test:0.08
DefaultConversionRules:0.07666666666666666
Extension19_2Test:0.03333333333333333
