CommandLineCapableReport:0.7333333333333333
ReportBatches:0.31333333333333335
