IL:0.6566666666666666
ILU:0.5066666666666667
ILUT:0.26666666666666666
BasicTest:0.04666666666666667
