StatisticManager:0.5133333333333333
AbstractStatisticCollector:0.38166666666666665
PreferenceConstants:0.0
