PublicationImage:0.44333333333333336
Context:0.43666666666666665
Receiver:0.32
LossDetector:0.29444444444444445
SendChannelEndpoint:0.2544444444444445
CubicCongestionControl:0.2527777777777778
Sender:0.24777777777777782
DriverConductor:0.23333333333333334
DriverConductorTest:0.20222222222222222
IpcPublicationTest:0.10666666666666667
