ReflectorServletProcessor:0.68
DefaultWebSocketProcessor:0.42
AtmosphereServlet:0.18416666666666667
SimpleHttpProtocol:0.17833333333333334
MeteorServlet:0.13166666666666665
