BytesReference:0.62
BytesArray:0.3333333333333333
PagedBytesReference:0.29333333333333333
NettyHttpRequest:0.23955555555555558
MessageChannelHandler:0.19666666666666666
ChannelBufferStreamInput:0.19222222222222224
NettyHttpChannel:0.18333333333333332
NettyUtils:0.16666666666666666
PagedBytesReferenceTests:0.15
