MsgHeader:0.7966666666666666
ConnectionEngine:0.39666666666666667
VendorMsg:0.3
MessageProcessor:0.20777777777777778
MessagesSupportedVMsg:0.04
VendorMessageConstants:0.0
