Optimizable:0.8333333333333334
Parser:0.52
ChoiceProcess:0.24333333333333335
Definition:0.12666666666666668
RequestResponseProcess:0.10666666666666667
ParallelProcess:0.09
NullProcess:0.06666666666666667
ChoicePair:0.04666666666666667
SequentialProcess:0.043333333333333335
CallProcess:0.03666666666666667
WhileProcess:0.03
