HazelcastProperties:0.6066666666666667
HazelcastTicketRegistry:0.4666666666666667
HazelcastTicketRegistryConfiguration:0.16666666666666666
HazelcastMonitor:0.13444444444444445
