TriggerRouterService:0.6511111111111112
SqlTemplate:0.5133333333333333
