SinglePassBootImage:0.435
BuildBDDIR:0.42333333333333334
MultiPassBootImage:0.42333333333333334
sun15_linuxObjectTraverser:0.23666666666666666
ObjectTraverser:0.22666666666666666
