HtmlFormTest:0.43666666666666665
AttributesTest:0.3433333333333333
HttpWebConnectionTest:0.30333333333333334
HtmlFileInputTest:0.27
DisabledElementTest:0.18566666666666667
Upload2Servlet:0.1059206349206349
