ConfigureImportAction:0.4766666666666667
ApplicantTest:0.31666666666666665
ImportAction:0.17666666666666667
Invoice5Test:0.17333333333333334
AppointmentTest:0.17
