BlojsomConstants:0.47904761904761906
BlogCalendar:0.44333333333333336
CalendarPlugin:0.43
VelocityHelper:0.24
