Default:0.4166666666666667
SubclassDynamicTypeBuilder:0.25583333333333336
SubclassFieldAnnotationTarget:0.17777777777777778
ConstructorStrategy:0.17666666666666667
SubclassInstrumentationContextDelegate:0.16833333333333333
MethodRegistry:0.16333333333333333
ByteBuddyCommons:0.15
ConstructorDelegate:0.12333333333333334
Compiled:0.10666666666666667
Builder:0.10305555555555555
ForLoadedMethod:0.10166666666666667
MethodDelegate:0.1
ForLoadedType:0.09666666666666666
ForLoadedConstructor:0.09333333333333334
ForAnnotation:0.08666666666666667
Compound:0.08
OnMethodParameter:0.06
Simple:0.06
SameSignatureMethodCall:0.05
ListDifferenceMethodMatcher:0.03888888888888889
