PropertyDate:0.6066666666666667
Format:0.49666666666666665
PropertyDateTest:0.31666666666666665
DateBean:0.20666666666666667
PIT:0.12
Interpreted:0.02
