RedissonDoubleAdder:0.4066666666666667
RedissonBaseAdder:0.36333333333333334
RedissonLongAdder:0.33666666666666667
