Writer:0.36
Http2ConnectionTest:0.20333333333333334
Spdy3ConnectionTest:0.18666666666666668
TestUtil:0.15666666666666668
