Comments:0.52
InitService:0.43666666666666665
UserMgmtService:0.4066666666666667
UserRepositoryImplTestCase:0.16
