SessionSettingRegistry:0.801
TableIdent:0.6011111111111112
SessionContext:0.47138888888888886
