PlatformUtils:0.5733333333333334
GreenplumDbDialect:0.4592619047619047
PlatformFactory:0.31666666666666665
DbDialectFactory:0.31333333333333335
