PicturePushButtonRenderer:0.32
EditBoxNumericBCDRenderer:0.2733333333333333
EditBoxTextRenderer:0.2733333333333333
EditBoxMultilineRenderer:0.2733333333333333
EditBoxNumericRenderer:0.2733333333333333
WidgetListener:0.22
LabelComplexRenderer:0.21666666666666667
LabelRenderer:0.14666666666666667
