CorrelatedMessageFlyweight:0.4909444444444445
MappedBufferManagement:0.4277777777777777
ReceiverTest:0.2866666666666667
ClientProxy:0.25666666666666665
