BaseImporter:0.44
AbstractSaveOrUpdateOperation:0.43333333333333335
ImportOperationsManagerTest:0.2833333333333333
