ScreenReaderInformation:0.72
GlobalListener:0.3566666666666667
CompilerView:0.32666666666666666
ScreenReaderImpl:0.24
HopClassDescriptor:0.23
CompilerDescriptor:0.22166666666666668
JTreeReader:0.19
CompilerNode:0.10888888888888891
HopMethodDescriptor:0.09083333333333334
AccessibleNode:0.0698174603174603
ClassInformation:0.0
MethodInfo:0.0
