JUnit5TestEngineTests:0.4166666666666667
TestEngine:0.30433333333333334
TestExecutionNode:0.29333333333333333
MethodTestExecutionNode:0.24333333333333335
JUnit4TestEngine:0.23133333333333336
EngineTestExecutionNode:0.18333333333333332
JUnit5TestEngine:0.16
AbstractTestDescriptorTest:0.12333333333333334
ClassTestExecutionNode:0.10666666666666667
TestEngineStub:0.015
