HopParser:0.38666666666666666
HopLexer:0.3566666666666667
HopSymbolTableWalker:0.30666666666666664
DFA43:0.21
DFA30:0.15333333333333332
DFA23:0.1487777777777778
DFA22:0.13544444444444442
DFA4:0.12833333333333333
