SearchFilter:0.7466666666666667
SearchFilterKeys:0.5496507936507937
SearchFilterToMapConverter:0.28
SearchFilterRequestParser:0.13333333333333333
