LaunchedClassLoader:0.42
Script:0.2966666666666667
ScriptTest:0.28
ScriptEditor:0.27666666666666667
Launch:0.2633333333333333
LaunchedClassLoaderTest:0.21
ComponentTester:0.21
FrameworkTestSuite:0.14111111111111113
Tags:0.0
