JSONCallback:0.38333333333333336
JSONCallbackTest:0.36333333333333334
JSONSerializersTest:0.24333333333333335
JSONSerializers:0.23666666666666666
UndefinedSerializer:0.12
