HeapSort:0.37
QuickSort:0.11666666666666667
BubbleSort:0.10666666666666667
InsertionSort:0.10666666666666667
MergeSort:0.10333333333333333
ShellSort:0.10333333333333333
