GeoLocation:0.64
GeoIPLocationProvider:0.5133333333333333
PageImpressionRecorder:0.31333333333333335
GeoIPLocationProviderConfiguration:0.21666666666666667
