Messages:0.5166666666666667
AbstractDataQueueMonitorView:0.5033333333333333
RDQM0200:0.35
DataQueueEntryViewer:0.3333333333333333
DataQueueEntryMenuAdapter:0.3
ContentProviderTableViewer:0.1522222222222222
UpdateDataUIJob:0.12333333333333334
HexFormatter:0.08333333333333333
