ConfigurationService:0.7911111111111111
ConfigurationServiceImpl:0.6796666666666666
