PetiteBeans:0.47
PetiteContainer:0.43333333333333335
AutomagicPetiteConfigurator:0.33166666666666667
