FeedableBodyGenerator:0.5812777777777778
FeedableBodyGeneratorTest:0.31666666666666665
PushBody:0.31
SimpleFeedableBodyGenerator:0.25333333333333335
BodyPart:0.1880952380952381
ReactiveStreamsBodyGenerator:0.13
ReactiveStreamsTest:0.12
FailedStream:0.03333333333333333
