GwtServerHelper:0.49666666666666665
SearchUtils:0.3933333333333333
GwtViewHelper:0.35
TargetIds:0.14333333333333334
