NetworkMemoryReport:0.38333333333333336
ComputationGraphConfiguration:0.2683333333333333
InputType:0.26666666666666666
RnnOutputLayer:0.18222222222222223
MultiLayerConfiguration:0.17355555555555555
BaseRecurrentLayer:0.13
