UserGroupEditor:0.7133333333333334
RemoveUserAction:0.22333333333333333
AddGroupAction:0.15444444444444444
RenameUserAction:0.14555555555555555
