AppUtils:0.5183333333333333
AbstractDbDialect:0.4
SqlScript:0.35333333333333333
IDbDialect:0.3466666666666667
