Good:0.37666666666666665
GoodsUtil:0.3711111111111111
Settlement:0.3566666666666667
GoodsManager:0.33
EquipmentFactory:0.07888888888888888
