BuildAgentService:0.55
MulticastDiscoveryTest:0.27051984126984113
PropertiesHelper:0.24666666666666667
BuildAgent:0.15666666666666668
InteractiveBuildUtility:0.12333333333333334
BuildAgentServiceImpl:0.11666666666666667
DistributedMasterBuilder:0.11666666666666667
SearchablePropertyEntries:0.10333333333333333
ZipUtilTest:0.08333333333333333
ZipUtil:0.08333333333333333
ReggieUtil:0.06666666666666667
MulticastDiscovery:0.04
FileUtil:0.03666666666666667
JiniLookUpUtility:0.035
PropertiesHelperTest:0.03166666666666667
PropertyEntry:0.029166666666666667
