QueryBuilder:0.8866666666666667
IndexDatabase:0.5033333333333333
AnalyzerGuru:0.41333333333333333
