ComboIocLoader:0.5788888888888889
ComboAopConfigration:0.37666666666666665
DefaultMirrorFactory:0.20666666666666667
