ExtenderConfiguration:0.5633333333333334
ContextLoaderListener:0.27
ServiceReferenceDependencyBeanFactoryPostProcessor:0.24
ImporterCallAdapter:0.15666666666666668
AnnotationProxyTest:0.14166666666666666
OsgiAnnotationPostProcessor:0.10527777777777778
