Doc_Movement:0.19333333333333333
Doc_GLJournal:0.19333333333333333
Doc_InOut:0.19333333333333333
Doc_Perception:0.18666666666666668
Doc_RetentionStatement:0.15333333333333332
Doc_BOEStatement:0.15333333333333332
Doc_Invoice:0.15333333333333332
Doc_Payment:0.12666666666666668
