ManagedChannelProvider:0.39
NameResolverProvider:0.3233333333333333
NameResolverProviderTest:0.25666666666666665
ManagedChannelProviderTest:0.18666666666666668
NettyChannelProviderTest:0.11666666666666667
DnsNameResolverProviderTest:0.11666666666666667
OkHttpChannelProviderTest:0.11666666666666667
FilteringClassLoader:0.016666666666666666
