El2Test:0.5666666666666667
NutConf:0.49666666666666665
CustomMake:0.30666666666666664
MethodOpt:0.2833333333333333
StaticMethodRunMethod:0.17333333333333334
