HTMLElement:0.8433333333333334
HTMLFrameElementTest:0.39666666666666667
HTMLElementTest:0.3466666666666667
