CassandraTokenSplitManager:0.38666666666666666
SizeEstimate:0.34
CassandraQueryRunner:0.24333333333333335
CassandraSession:0.24333333333333335
CassandraSplitManager:0.21
EmbeddedCassandra:0.16333333333333333
