Py:0.6033333333333334
PyInstance:0.4775
PyClass:0.25
AbstractReference:0.18000000000000002
PyFinalizableInstance:0.1577777777777778
