VoIPAction:0.31
AudioService:0.3
RosterView:0.2866666666666667
SessionView:0.28
SessionViewToolBar:0.21333333333333335
AudioServiceManager:0.07
