DefinitionHelper:0.8166666666666667
ListFolderHelper:0.5466666666666666
ListFolderController:0.17
