AsyncHttpClientConfig:0.6666666666666666
AdditionalChannelInitializer:0.5336111111111111
Builder:0.31333333333333335
DefaultAsyncHttpClientConfig:0.30333333333333334
ChannelManager:0.19472222222222224
EventPipelineTest:0.12333333333333334
