DistanceFunction:0.4683333333333333
TransportSQLActionTest:0.44333333333333336
TransportSQLActionClassLifecycleTest:0.26
DistanceFunctionTest:0.24333333333333335
