TypeSignature:0.7933333333333333
RewriteContext:0.33
TypeUtils:0.2833333333333333
