GdxBuild:0.5266666666666666
GwtModuleGenerator:0.49333333333333335
