BoundedLocalCache:0.505
Stresser:0.2733333333333333
IsValidBoundedLocalCache:0.26
NonReentrantLockTest:0.17333333333333334
