IPAtomicLearningDescriptor:0.7333333333333333
StructureResonanceGeneratorTest:0.4518888888888889
IPAtomicLearningDescriptorTest:0.38666666666666666
