NodeService:0.45
INodeIdGenerator:0.4322222222222223
MockNodeService:0.32
RegistrationService:0.32
INodeService:0.2991666666666667
RegistrationServiceTest:0.23666666666666666
ExtensionProcessor:0.15666666666666668
DefaultNodeIdGenerator:0.043333333333333335
