NoCycEdgeIter:0.7133333333333334
GraphData:0.46
NBrowseApplet:0.41
NodeMover:0.235
JNetScriptWriter:0.20333333333333337
VRMLOutput:0.19666666666666666
NodeMoverWithConstraints:0.13
