Compiler:0.5833333333333334
XLParser:0.36666666666666664
