GwtTeamingMessages:0.96
EditShareDlg:0.4066666666666667
ShareThisDlg2:0.2633333333333333
ShareItemCell:0.17
