CasPersonDirectoryConfiguration:0.5366666666666666
CachingPrincipalAttributesRepository:0.43166666666666664
DefaultSamlRegisteredServiceCachingMetadataResolver:0.18305555555555555
