ProcessingContext:0.6066666666666667
ConfigurationProcessor:0.39666666666666667
