DeploymentGroupEvent:0.49
ZooKeeperMasterModel:0.37
Builder:0.31333333333333335
ReportingZooKeeperClient:0.27666666666666667
DeploymentGroupEventTest:0.12666666666666668
