Robolectric:0.5522222222222222
DimenResourceLoader:0.29444444444444445
TestWindow:0.27
DimenResourceLoaderTest:0.14666666666666667
dimen:0.13111111111111112
ShadowWindow:0.11666666666666667
