EdgeSearchItem:0.62
OperatorEdgeSearchItem:0.33
RegExprEdgeRecord:0.31
OperatorEdgeRecord:0.26666666666666666
NeededPartsComparator:0.19666666666666666
