TestCursor:0.7166666666666667
ShadowContentResolver:0.36666666666666664
RequestMatcherBuilder:0.31
ParamsParser:0.26222222222222225
ContentResolverTest:0.08333333333333333
QueryParamTrackingTestCursor:0.02
