GwtTeamingMessages:0.4680555555555556
GwtPersonalPreferences:0.4066666666666667
PersonalPreferencesDlg:0.31666666666666665
SearchUtils:0.30333333333333334
EventHelper:0.26666666666666666
GwtMainPage:0.23
GwtRpcServiceImpl:0.23
FilrActionsCtrl:0.22333333333333333
GwtServerHelper:0.20333333333333334
PublicCollectionStateChangedEvent:0.12
ObjectKeys:0.03
