NeurophProject:0.56
CreateNeuralNetworkFileService:0.4666666666666667
NeurophProjectLogicalView:0.3644444444444444
