PythonSecurityTests:0.47333333333333333
JavaScriptSecurityTests:0.47333333333333333
GroovySecurityTests:0.4
