BatchPresentation:0.59
Fields:0.49333333333333335
FilterCriteria:0.4033333333333333
StringFilterCriteria:0.35
WorkflowThreadPoolBotInvoker:0.25666666666666665
EmailConfig:0.24666666666666667
FieldsSerializer:0.19666666666666666
TableViewSetupFormTag:0.18
ActorsMultiSelectTag:0.17
DateFilterCriteria:0.14333333333333334
EnumerationFilterCriteria:0.13666666666666666
LongFilterCriteria:0.13666666666666666
ReflectionRowBuilder:0.13
LegacyActorsMultiSelectTag:0.13
EjbTransactionSupport:0.11333333333333333
ExpandCollapseGroupAction:0.11083333333333334
AnywhereStringFilterCriteria:0.1
StartProcessTaskHandler:0.08666666666666667
