TcpIpConnection:0.4633333333333333
NonBlockingSocketWriter:0.2833333333333333
ClientReadHandler:0.28008730158730155
CloseTask:0.24842063492063493
AbstractHandler:0.224484126984127
NonBlockingSocketReader:0.21
