jOOQAbstractTest:0.545
MergeImpl:0.4055555555555555
MergeNotMatchedStep:0.30333333333333334
