HttpClientImpl:0.38333333333333336
DummyMetricsTest:0.27666666666666667
DummyVertxMetrics:0.27426190476190476
EventBusImpl:0.23666666666666666
VertxImpl:0.23666666666666666
DatagramSocketImpl:0.2
NetServerImpl:0.2
HttpServerImpl:0.2
NetClientImpl:0.19
MetricsExamples:0.12666666666666668
Measured:0.006944444444444445
