H2Dialect:0.4633333333333333
DataExtractorService:0.41333333333333333
AbstractEmbeddedTrigger:0.38
DbDialectFactory:0.21
H2Platform:0.10333333333333333
H2Builder:0.06666666666666667
H2Functions:0.043111111111111114
H2ModelReader:0.013333333333333334
H2Trigger:0.01
