URLConnectionTest:0.51
Connection:0.4766666666666667
OkHttpClient:0.3466666666666667
ConnectionPoolTest:0.30333333333333334
HttpEngine:0.27416666666666667
HttpConnection:0.24333333333333335
