GwtGL20:0.44
CompatibilityImpl:0.37
Vector2:0.359
NumberUtils:0.25666666666666665
GwtGraphics:0.24666666666666667
FrameBuffer:0.22
Uint16Array:0.21666666666666667
Float32Array:0.21666666666666667
GwtApplication:0.20900000000000002
ArrayUtils:0.16666666666666666
GdxGwtTest:0.13
LwjglDebugStarter:0.09333333333333334
