IntervalDayTime:0.41
IntervalYearMonth:0.41
TestIntervalYearMonth:0.16333333333333333
TestIntervalDayTime:0.16333333333333333
