ClientConductorProxy:0.32666666666666666
AeronTest:0.30333333333333334
FlyweightTest:0.2833333333333333
MediaConductor:0.23333333333333334
MediaConductorProxy:0.22166666666666668
EventCodec:0.22
MappedBufferRotator:0.21
MediaConductorTest:0.19
ReceiverProxy:0.13333333333333333
ControlProtocolEvents:0.12
ConductorErrorHandler:0.0
