MapNearCache:0.7886111111111112
SimpleExecution:0.4619444444444445
