JFXServerWrapper:0.4633333333333333
JFXLineStyle:0.3566666666666667
JFXServerGraphicsConfigHandler:0.28
JFXServerWindow:0.27666666666666667
WindowsWindowManager:0.20666666666666667
SynthModelVisitor:0.18666666666666668
