HelpContext:0.42333333333333334
MDialog:0.39
Help:0.35333333333333333
DefaultHelpSystem:0.08333333333333333
