AbstractPseudoAtomTest:0.8719444444444444
PseudoAtomTest:0.4816666666666667
