Stream:0.49
HashMap:0.35
TreeMap:0.3333333333333333
AbstractMap:0.26
StreamTest:0.25333333333333335
LinkedHashMap:0.2
