CertificateData:0.78
CertificateDataUtil:0.3466666666666667
LocalCertificateStoreSessionBean:0.2733333333333333
