SQLUtility:0.59
DOValidatorIntegrityCheck:0.3111111111111111
FastBmechReader:0.27
FieldSearchResultSQLImpl:0.26666666666666666
DefaultDOManager:0.26666666666666666
FastBdefReader:0.26666666666666666
OAIReplicator:0.24333333333333335
DefaultDOReplicator:0.24333333333333335
DOValidatorImpl:0.24
FastDOReader:0.20333333333333334
RowInsertion:0.19666666666666666
FieldSearchSQLImpl:0.19666666666666666
DbmsConnection:0.17833333333333334
DBPathRegistry:0.17
DBPIDGenerator:0.16333333333333333
