DaoStatement:0.6766666666666666
Trans:0.36333333333333334
DaoSupport:0.34
NutStatement:0.18
