CoreDao:0.9233333333333333
SharingModuleImpl:0.4033333333333333
CoreDaoImpl:0.4033333333333333
