HPComparator:0.5633333333333334
HPSelector:0.5466666666666666
HPDisplaySet:0.43333333333333335
AbstractHPSelector:0.36666666666666664
HangingProtocol:0.33
AbstractHPComparator:0.15666666666666668
HPImageSet:0.14666666666666667
HPSelectorFactory:0.13
ImagePlaneSelector:0.11916666666666667
HPDisplaySetTest:0.09333333333333334
AlongAxisComparator:0.09
ByAcqTimeComparator:0.09
HPComparatorFactory:0.03666666666666667
