ByteArrayClassLoader:0.55
OverridenClassMethod:0.3188888888888889
ByteArrayClassLoaderTest:0.23
ClassLoadingStrategy:0.21
AnnotationAppenderDefaultTest:0.20333333333333334
Factory:0.14
