HelloWebfluxFnApplicationTests:0.30333333333333334
HelloWebfluxApplicationITests:0.2966666666666667
HelloWebfluxApplicationTests:0.2866666666666667
HelloWebfluxFnApplicationITests:0.27
WebClientOAuth2PocTests:0.24666666666666667
AuthenticationWebFilterTests:0.17666666666666667
