Heritrix:0.7966666666666666
JobConfigureUtils:0.37555555555555553
