GUIUtils:0.41333333333333333
MainFrame:0.3433333333333333
NetworkTab:0.3
SearchTab:0.29333333333333333
ConnectToHostHandler:0.22666666666666666
ComboBoxUIChangeListener:0.043333333333333335
