GTS:0.5266666666666666
Values:0.36083333333333334
LabelFilter:0.32666666666666666
Icons:0.2678730158730158
LTSJModel:0.24666666666666667
LabelTree:0.22666666666666666
LabelValue:0.22333333333333333
LTSJGraph:0.19138888888888891
RuleTreeNode:0.16666666666666666
