GoodRoot:0.5525
PluginInfo:0.38666666666666666
PluginRegistry:0.38333333333333336
IO:0.38
PluginInfoParser:0.38
AttributeInfo:0.36666666666666664
GoodChild:0.35642857142857143
BadRoot:0.35642857142857143
HtmlUtils:0.34
RecursiveChild:0.3272804232804233
CruiseControlMBean:0.2833333333333333
ConfigHtmlGenerator:0.25666666666666665
ChildInfo:0.24
HTMLEmailPublisher:0.23142857142857143
P4Bootstrapper:0.22166666666666668
CMSynergy:0.22142857142857145
MemberInfo:0.22
GendocMain:0.20505555555555563
SfeeDocumentManagerPublisher:0.20142857142857143
Accurev:0.18642857142857144
CruiseControlControllerJMXAdaptor:0.18
XMLValidator:0.15311111111111111
AccurevBootstrapper:0.13833333333333334
ConfigHtmlGeneratorTest:0.13
GendocTestUtils:0.12352380952380952
CruiseControlControllerJMXAdaptorTest:0.12
PluginInfoTest:0.1
AttributeInfoTest:0.09333333333333334
ChildInfoTest:0.07111111111111111
NoPluginParsingErrorsTest:0.06555555555555556
HtmlUtilsTest:0.04
IOTest:0.02
CruiseControlControllerJMXAdaptorProjectTest:0.02
DummySourceControl:0.01
PluginInfoParserTest:0.0061111111111111106
