RedissonScoredSortedSet:0.5433333333333333
RScoredSortedSetAsync:0.5166666666666667
RedissonScoredSortedSetTest:0.32
Redisson:0.2866666666666667
RScoredSortedSet:0.24166666666666667
CommandExecutor:0.2277777777777778
CommandExecutorService:0.22333333333333333
RedissonExpirable:0.22
RCollectionAsync:0.215
RedissonClient:0.20083333333333334
RedissonObject:0.2
RedisCommands:0.03333333333333333
IntegerReplayConvertor:0.03
