RestClient:0.65
RestClientSingleHostTests:0.2733333333333333
ResponseException:0.26
SyncResponseListener:0.21777777777777782
RestClientTests:0.18666666666666668
SyncResponseListenerTests:0.17333333333333334
RestClientMultipleHostsTests:0.11333333333333333
