jOOQAbstractTest:0.5222222222222221
TDates:0.37138888888888894
GeneralTests:0.32111111111111107
RenderAndBindTests:0.24666666666666667
TDatesRecord:0.20666666666666667
BaseTest:0.2
