Database:0.6466666666666666
MySQLDatabase:0.28
AbstractTypedElementDefinition:0.2733333333333333
AbstractDatabase:0.25666666666666665
MySQLDataType:0.07
