Mapper:0.5
AbstractFieldMapper:0.3233333333333333
ObjectMapper:0.31666666666666665
DocumentMapper:0.2733333333333333
MapperService:0.23333333333333334
GeoPointFieldMapper:0.22
ExternalMapper:0.17333333333333334
ExternalRootMapper:0.14333333333333334
BooleanFieldMapperTests:0.10333333333333333
MultiFields:0.09666666666666666
ObjectMapperListener:0.05333333333333334
InternalObjectMapperListener:0.023333333333333334
