Grammar:0.5566666666666666
Rule:0.32
TestTopologicalSort:0.2733333333333333
TestLexerErrors:0.22
TestParseErrors:0.21333333333333335
TestFullContextParsing:0.21333333333333335
GrammarTransformPipeline:0.18
