ExecutionThread:0.65
RequestResponseProcess:0.2725
OperationStartedEvent:0.24444444444444446
SessionThread:0.22
OperationEndedEvent:0.18083333333333335
ParallelThread:0.17333333333333334
OneWayProcess:0.1725
