Subscription:0.5116666666666667
ConnectedSubscription:0.3269444444444445
SubUnicastTest:0.2633333333333333
SubMulticastTest:0.2633333333333333
AeronTest:0.23333333333333334
