DefaultTicketRegistry:0.49666666666666665
CasCoreTicketsConfiguration:0.43
NoOpTicketRegistryCleaner:0.31
HazelcastTicketRegistryConfiguration:0.15333333333333332
MongoDbTicketRegistryConfiguration:0.14333333333333334
CasCoreTicketsSchedulingConfiguration:0.14
CouchbaseTicketRegistryConfiguration:0.13333333333333333
DefaultTicketRegistryTests:0.12666666666666668
MemcachedTicketRegistryConfiguration:0.12
