FreelancerProfile:0.5916666666666667
ProfileIndexerServiceImpl:0.37333333333333335
ProfileSearchServiceImpl:0.31333333333333335
LuceneServiceImpl:0.28
LuceneService:0.17833333333333334
