JavaMailer:0.48
MailTransportParameters:0.43666666666666665
ActionDiscoveryServlet:0.22333333333333333
NtpPlugin:0.18
DnsPlugin:0.18
DiskUsageMonitor:0.16733333333333333
OmsaStorageMonitor:0.164
SnmpMonitor:0.13866666666666666
PercMonitor:0.13866666666666666
