WxService:0.54
WxServiceImpl:0.48333333333333334
MediaDownloadRequestExecutor:0.43
WxQrCodeAPITest:0.18333333333333332
