InternalAggregationTestCase:0.41333333333333333
InternalDerivativeTests:0.22666666666666666
ParsedMax:0.19333333333333333
ParsedAvg:0.19333333333333333
ParsedMin:0.19333333333333333
ParsedSum:0.18333333333333332
InternalSimpleValueTests:0.16333333333333333
ParsedSingleValueNumericMetricsAggregation:0.10333333333333333
