ServerDescription:0.6966666666666667
Builder:0.37333333333333335
IsMasterServerStateNotifier:0.35
DefaultMultiServerCluster:0.3233333333333333
ServerDescriptionTest:0.30333333333333334
