ReplicatedMapService:0.37666666666666665
ClientReplicatedMapTest:0.23333333333333334
ClientReplicatedMapAddEntryListenerRequest:0.22333333333333333
ReplicatedMapEventPublishingService:0.22333333333333333
ReplicatedMapPortableEntryEvent:0.20333333333333334
AbstractReplicatedMapAddEntryListenerMessageTask:0.18333333333333332
ClearLocalOperation:0.15666666666666668
ReplicatedMapEventHandler:0.15333333333333332
ReplicatedMapNearCacheEventHandler:0.15
ClientReplicatedMapEntryListener:0.11277777777777777
