Lwjgl3ApplicationConfiguration:0.4766666666666667
Lwjgl3Application:0.44333333333333336
Lwjgl3Window:0.39
Lwjgl3WindowConfiguration:0.33
