Keys:0.44666666666666666
InjectProcessor:0.3233333333333333
AtInjectBinding:0.27666666666666667
CodeGen:0.26
GeneratorKeys:0.23666666666666666
InjectionTest:0.14666666666666667
ExtendsParameterizedType:0.04416666666666667
