MetaData:0.6566666666666666
Builder:0.38333333333333336
ClusterStateUpdater:0.3272804232804233
BlobStoreRepository:0.27666666666666667
LocalGatewayMetaState:0.21
DedicatedClusterSnapshotRestoreTests:0.18333333333333332
Factory:0.15666666666666668
TransportClusterStateAction:0.15666666666666668
TestCustomMetaData:0.06
SnapshottableGatewayMetadata:0.0025
SnapshotableGatewayNoApiMetadata:0.0025
NonSnapshottableMetadata:0.0025
SnapshottableMetadata:0.0025
NonSnapshottableGatewayMetadata:0.0025
