JEditActionSet:0.18368469
HyperSearchResult:0.08449846
HelpIndex:0.08060133
JEditKillRing:0.062034834
OptionPane:0.053634726
BufferAutosaveRequest:0.052179977
AbstractContextOptionPane:0.051750816
OptionGroupPane:0.043245967
Autosave:0.025597509
ViewOptionPane:0.021000529
ModeCatalogHandler:0.019411208
ColorWellButton:0.003236898
