AspectValue:0.43
Aspect:0.3219444444444445
AspectNode:0.30333333333333334
AttributeAspect:0.2966666666666667
RuleAspect:0.28
AbstractAspect:0.25333333333333335
AspectJModel:0.24333333333333335
DefaultGraphView:0.22
DefaultRuleView:0.20666666666666667
Parameters:0.15222222222222223
