URLUtils:0.40166666666666667
URLUtilsTest:0.28
LinkedInApi:0.22
EncodingRule:0.16666666666666666
LinkedInExample:0.14
