MultiLayerNetwork:0.6133333333333333
ComputationGraph:0.5966666666666667
MultiLayerTest:0.28
TestComputationGraphNetwork:0.17333333333333334
TransferLearningComplex:0.12
