TextPrintInfo:0.5566666666666666
MWebBrowserPanel:0.36666666666666664
ImageEditor:0.2866666666666667
TodoEditor:0.2575
AbstractTextEditor:0.23333333333333334
WebBrowserEditor:0.23333333333333334
LinkEditor:0.22805555555555557
