PageProcessorOutput:0.3466666666666667
LazyBlock:0.3433333333333333
TestScanFilterAndProjectOperator:0.22166666666666668
SelectAllFilter:0.20333333333333334
SelectNoneFilter:0.20333333333333334
TestingPageFilter:0.19666666666666666
TestPageProcessor:0.19416666666666665
PositionsPageProcessorIterator:0.17666666666666667
PageProcessor:0.15666666666666668
SinglePagePageSource:0.12666666666666668
LazyPagePageProjection:0.043333333333333335
