DBHelper:0.6694444444444445
OracleDataStore:0.5066666666666667
JDBCDataStore:0.2838888888888889
