CsvData:0.7855555555555557
DatabaseReader:0.4442619047619048
BatchCsvDataReader:0.05
