Default:0.37333333333333335
AnnotationExtractor:0.2833333333333333
ValidatingClassVisitor:0.2733333333333333
TypeExtractor:0.23333333333333334
MethodExtractor:0.21583333333333332
AbstractMethodDescription:0.2
FieldExtractor:0.17777777777777778
NoOpStatement:0.14333333333333334
JavaVersionRule:0.08666666666666667
ForInlining:0.07666666666666666
ForCreation:0.06333333333333334
TypeWriterDefaultTest:0.06
TrivialTypeTest:0.05333333333333334
