CMLRoundTripTest:0.49333333333333335
CMLRoundTripTool:0.4388888888888889
CDKRoundTripTest:0.26666666666666666
