RWorkspace:0.46166666666666667
CwbProcess:0.3463888888888889
StartRserve:0.3453333333333333
