JFXPasswordFieldSkinAndroid:0.38
JFXListCell:0.2833333333333333
JFXPasswordFieldSkin:0.25333333333333335
JFXListViewSkin:0.20666666666666667
MasonryPaneController:0.17666666666666667
