Flyway:0.6066666666666667
DbValidator:0.26199999999999996
MigrationTestCase:0.20666666666666667
