InMemoryLookupTable:0.8266666666666667
WordVectorSerializer:0.38666666666666666
ApiResource:0.20333333333333334
FileResource:0.19666666666666666
