ArgumentExtractor:0.5333333333333333
OpenIdConfiguration:0.36333333333333334
SamlConfiguration:0.2966666666666667
CasCoreWebConfiguration:0.2
AbstractArgumentExtractor:0.18333333333333332
SamlGoogleAppsConfiguration:0.16666666666666666
