DefaultStepFactoryBean:0.6755555555555556
StatefulRetryStepFactoryBean:0.37666666666666665
SkipLimitStepFactoryBean:0.34
