AWTInputAdapterTest:0.5466666666666666
AWTInputAdapter:0.45666666666666667
