GraphWidget:0.37
Content:0.32666666666666666
SwingHelper:0.3
Shell:0.2866666666666667
DnDCreateArc:0.28
ActionExecuteLayout:0.205
DefaultGraphRenderer:0.19333333333333333
DnDIdle:0.18333333333333332
DnDMoveNode:0.18333333333333332
DnDResizeNode:0.16666666666666666
UnitGraphics:0.14
ActionCreateNode:0.1275
TreeLayoutRenderer:0.11333333333333333
DnD:0.11333333333333333
GraphRenderer:0.10583333333333333
