Evaluation:0.7033333333333334
SparkDl4jMultiLayer:0.6666666666666666
TestSparkMultiLayer:0.21
