CandidateURI:0.49666666666666665
KeyedQueue:0.4866666666666667
Postselector:0.24666666666666667
BdbMultiQueue:0.24
WakeTask:0.13666666666666666
