Def:0.49666666666666665
RestFielddataAction:0.27
WriterExternal:0.25333333333333335
BasicAPITests:0.245
CircuitBreakerServiceIT:0.22666666666666666
SimpleQueryStringIT:0.19
ListPluginsCommandTests:0.17
WriterConstants:0.15866666666666668
ListPluginsCommand:0.15333333333333332
DynamicCallSite:0.15260101010101007
BucketMetricsParser:0.12
ArrayLengthHelper:0.095
ExtendedStatsBucketTests:0.03333333333333333
PercentilesBucketTests:0.03333333333333333
ExtendedStatsBucketParser:0.03
