Util:0.5666666666666667
OkHttpURLConnection:0.3433333333333333
Settings:0.2844444444444445
RetryAndFollowUpInterceptor:0.27888888888888885
HeadersTest:0.23666666666666666
