ValidateQueryRequest:0.48
SimpleValidateQueryTests:0.31
TransportValidateQueryAction:0.2833333333333333
RestValidateQueryAction:0.24666666666666667
ShardValidateQueryRequest:0.235
ValidateQueryRequestBuilder:0.14666666666666667
