AndroidSingleTouchHandler:0.5433333333333333
AndroidInput:0.44333333333333336
AndroidTouchHandler:0.19
