Function:0.65
SymbolVisitor:0.5133333333333333
AggregationFunction:0.24666666666666667
EqOperator:0.22666666666666666
StringLiteral:0.21
AndOperator:0.16666666666666666
NotEqOperator:0.13666666666666666
OrOperator:0.13333333333333333
FunctionImplementation:0.013333333333333334
