Operation:0.8666666666666667
ConcurrentDocumentManager:0.46
JupiterDocumentServer:0.35
InsertOperation:0.2866666666666667
DeleteOperation:0.25333333333333335
JupiterDocumentClient:0.23666666666666666
Serializer:0.21611111111111114
TimestampOperation:0.18166666666666667
SplitOperation:0.1730952380952381
ProxyJupiterDocument:0.10666666666666667
NoOperation:0.07666666666666666
