ManageCommentsDlg:0.43666666666666665
ManageCommentsComposite:0.35
GwtTeamingMessages:0.35
FolderEntryComposite:0.29333333333333333
FolderEntryDlg:0.29
FolderEntryView:0.24
ManageCommentsCallback:0.03
