ProblemReporter:0.7091111111111111
Compiler:0.37333333333333335
