Profile:0.5033333333333333
MailContent:0.33666666666666667
AdminServiceImpl:0.2833333333333333
AuthenticationServiceImpl:0.23
TreeContextMenu:0.18
BiblioTab:0.16555555555555554
TxmHTMLPane:0.12494444444444444
ManageProfileTab:0.12333333333333334
HelloServiceImpl:0.08333333333333333
