StepRunner:0.5227777777777778
ScriptTestSuite:0.4533333333333333
ScriptTestSuiteTest:0.3433333333333333
ScriptTestCase:0.26
FrameworkTestSuite:0.20111111111111113
