DeprecationLogger:0.8066666666666666
StrategySelectorBuilder:0.31333333333333335
TransactionCoordinatorBuilderInitiator:0.29
BootstrapServiceRegistryBuilder:0.19
