WebKeys:0.8366666666666667
AjaxController:0.45
MeetingController:0.38333333333333336
ListFolderController:0.23
ICBrokerImpl:0.20666666666666667
ICBroker:0.16555555555555554
ViewEntryController:0.09
WorkspaceTreeController:0.07
