OperateVehicle:0.6266666666666667
DriveGroundVehicle:0.5066666666666667
NavigationTabPanel:0.24166666666666667
