TypeHelper:0.7
StandardCacheEntryImpl:0.44333333333333336
ClobTypeDescriptor:0.21333333333333335
BlobTypeDescriptor:0.21333333333333335
NClobTypeDescriptor:0.21333333333333335
StructuredCacheEntry:0.20333333333333334
