NearCache:0.36666666666666664
EvictionTest:0.2966666666666667
IncrementorEntryProcessor:0.25133333333333335
MapBinaryClientTest:0.22333333333333333
MapLoaderTest:0.19333333333333333
MapEntryListenerTest:0.17333333333333334
MapLocalStatsTest:0.17
EntryProcessorTest:0.11333333333333333
MapMergeTest:0.10666666666666667
MapDeathTest:0.08333333333333333
