DeleteDocumentSetCommand:0.4033333333333333
SubmitAssociationCommandValidator:0.32
SubmitObjectsRequest:0.27666666666666667
UpdateDocumentSetRequest:0.1661111111111111
DeleteDocumentSetCommandValidator:0.14333333333333334
DeleteDocumentSetRequest:0.08666666666666667
