Strings:0.49
Builder:0.44333333333333336
Factory:0.27666666666666667
PathTrie:0.26
SettingsTests:0.24833333333333332
XContentMapValues:0.24333333333333335
TasksIT:0.20666666666666667
GeoShapeQueryBuilder:0.20333333333333334
Table:0.19666666666666666
RandomDocumentPicks:0.19666666666666666
DocumentParser:0.18666666666666668
AzureRepository:0.13666666666666666
S3Repository:0.13666666666666666
TransportSearchHelper:0.13666666666666666
GceNameResolver:0.12333333333333334
FieldPath:0.08666666666666667
