DSLContext:0.5478333333333333
DSL:0.5166666666666667
ParserImpl:0.3466666666666667
DefaultDSLContext:0.25666666666666665
