WindowsDisplay:0.45
LinuxDisplay:0.4166666666666667
Display:0.37
MacOSXDisplay:0.35333333333333333
DisplayImplementation:0.3496666666666666
