URLConnectionTest:0.49666666666666665
Builder:0.4266666666666667
Headers:0.3466666666666667
HttpUrl:0.33666666666666667
UrlComponentEncodingTester:0.29555555555555557
RouteException:0.21
HttpUrlTest:0.18666666666666668
HeadersTest:0.15
