DataTableFolderViewBase:0.53
FolderViewBase:0.31
FileFolderView:0.249
DiscussionFolderView:0.249
TaskFolderView:0.22666666666666666
FolderRowAsyncProvider:0.13666666666666666
FolderRowSortHandler:0.10258730158730157
