Pointer:0.5733333333333334
Memory:0.5333333333333333
StructureTest:0.3466666666666667
Structure:0.32
