RecordStore:0.7033333333333334
MapProxySupport:0.48
DefaultRecordStore:0.46
WriteBehindMapStoreWithEvictionsTest:0.3233333333333333
MapStoreTest:0.26
DeleteOperation:0.24333333333333335
MapExecutionCallbackAdapter:0.1811111111111111
TestEventBasedMapStore:0.16666666666666666
