AbstractMultimapTest:0.5927777777777778
Maps:0.27599999999999997
