CookieRetrievingCookieGenerator:0.7566666666666667
OidcImplicitIdTokenAuthorizationResponseBuilder:0.37666666666666665
