XmlFlowRegistrar:0.5633333333333334
AbstractFlowExecutionTests:0.43333333333333335
XmlFlowRegistryFactoryBean:0.19666666666666666
AbstractRegisteredFlowExecutionTests:0.15666666666666668
AbstractXmlFlowExecutionTests:0.11666666666666667
