Context:0.5766666666666667
ClusterMember:0.32666666666666666
Configuration:0.3
Election:0.2633333333333333
ElectionTest:0.18
