IndexShard:0.3466666666666667
InternalEngine:0.3466666666666667
EngineConfig:0.34
InternalEngineTests:0.29
Engine:0.27666666666666667
IndexingMemoryControllerTests:0.17333333333333334
ApplyRefreshSettings:0.13333333333333333
InternalEngineSettingsTest:0.09
