KeyWordComputer:0.4708333333333333
AnsjHttpHandler:0.4666666666666667
Summary:0.41333333333333333
Sentence:0.2966666666666667
