EventListenerTest:0.37333333333333335
RecordingEventListener:0.29333333333333333
EventListener:0.2680952380952381
ConnectEnd:0.24
RealConnection:0.19883333333333333
RouteSelector:0.19666666666666666
CallEnd:0.08666666666666667
DnsEnd:0.08
RequestBodyEnd:0.07333333333333333
SecureConnectEnd:0.07333333333333333
RequestHeadersEnd:0.07333333333333333
ResponseHeadersEnd:0.07333333333333333
ResponseBodyEnd:0.07333333333333333
