UnitWindow:0.39
TabPanelFavorite:0.30333333333333334
TabPanelPersonality:0.27
ResupplyMissionEditingPanel:0.24
ModalInternalFrame:0.18666666666666668
