AttachmentDownloadController:0.5166666666666667
ReportDownloadController:0.5166666666666667
ReportChartController:0.4066666666666667
