Class:0.49333333333333335
Constructor:0.40073015873015877
State:0.4
Event:0.35
JPF_java_lang_Class:0.3233333333333333
StateMachine:0.2375
SimStateMachine:0.21333333333333335
SCEvent:0.20277777777777778
JPF_gov_nasa_jpf_sc_StateMachine:0.17333333333333334
JPF_java_lang_reflect_Constructor:0.035
