SQL:0.56
TabFile:0.35277777777777775
LoaderConfig:0.3333333333333333
GnbInteraction:0.23
EdgeAttribLoader:0.17
Where:0.15666666666666668
NoResult:0.11333333333333333
