TechnologyCatalogUtils:0.555
BasicIntegrationConfiguration:0.4533333333333333
AbstractConfiguration:0.4266666666666667
