DMBean:0.46
DOperation:0.3433333333333333
ClassLoaderFactory:0.28
ChildFirstClassloader:0.21444444444444447
