INodeService:0.43333333333333335
NodeSecurity:0.4083333333333333
NodeService:0.4
