Argument:0.5766666666666667
Arguments:0.45666666666666667
TextToMethodKey:0.12333333333333334
