DateUtility:0.7333333333333333
Server:0.4066666666666667
RestHelper:0.34
BaseRestResource:0.24
FedoraClient:0.22333333333333333
FedoraAPIMBindingSOAPHTTPImpl:0.21333333333333335
FedoraAccessServlet:0.18
FedoraAPIABindingSOAPHTTPImpl:0.17333333333333334
FieldSearchResultSQLImpl:0.17333333333333334
DatastreamResource:0.17333333333333334
ListMethodsServlet:0.16333333333333333
FedoraObjectResource:0.13666666666666666
MethodResource:0.12666666666666668
ListDatastreamsServlet:0.11
