ImageLoader:0.37666666666666665
ToolToolBar:0.35333333333333333
MainWindowMenu:0.32666666666666666
ToolButton:0.18133333333333332
NumberCellRenderer:0.05333333333333334
AnnouncementWindow:0.013333333333333334
