Configuration:0.53
RuntimeEnvironment:0.49666666666666665
IndexDatabase:0.3466666666666667
RuntimeEnvironmentTest:0.21333333333333335
Indexer:0.19666666666666666
IndexFileWork:0.1425
IndexDownArgs:0.10838095238095237
