CountDownLatchProxy:0.8310000000000001
ClientCountDownLatchProxy:0.48333333333333334
