HTMLConfiguration:0.44
Writer:0.3566666666666667
HTMLScanner:0.3333333333333333
DefaultFilter:0.24333333333333335
HTMLTagBalancer:0.23333333333333334
ContentScanner:0.21
SpecialScanner:0.18333333333333332
CurrentEntity:0.17666666666666667
ElementRemover:0.12333333333333334
Script:0.07
RemoveElements:0.05683333333333333
Identity:0.023333333333333334
TestHTMLDOM:0.009166666666666667
HTMLSAXParser:0.0
