JUMPConfiguration:0.36
RunDatastoreQueryPlugIn:0.3233333333333333
AddImageLayerPlugIn:0.31333333333333335
OpenJumpConfiguration:0.22666666666666666
BlendLineStringsPlugIn:0.15333333333333332
SelectByTypePlugIn:0.15333333333333332
