RewritingVisitor:0.4
Visitor:0.3566666666666667
Formatter:0.35
DefaultTraversalVisitor:0.35
TestExpressionInterpreter:0.34
NodeRewriter:0.32
AstVisitor:0.32
ExpressionInterpreter:0.25666666666666665
TestQueries:0.17
