PhenotypeBean:0.42
PubSourceAliasBean:0.42
CommentBean:0.37333333333333335
GeneSequenceLinkingBean:0.3566666666666667
NullPubSourceAliasBean:0.2088888888888889
NullGeneSequenceLinkingBean:0.2088888888888889
NullPhenotypeBean:0.2088888888888889
NullCommentBean:0.07477777777777779
