ClientInvocation:0.7433333333333333
ClientProperty:0.6666666666666666
ClientInvocationServiceImpl:0.4633333333333333
ProxyManager:0.33
