AriaManager:0.3933333333333333
CmdFactory:0.32
DownloadTaskQueue:0.31333333333333335
CommonUtil:0.3
DownloadSchedulers:0.27666666666666667
MainActivity:0.235
AMReceiver:0.23333333333333334
IDownloadSchedulers:0.23333333333333334
ITaskQueue:0.215
AMTarget:0.19
IDownloadCmd:0.13666666666666666
SingleCmd:0.12
StartCmd:0.12
CancelCmd:0.12
Aria:0.11
AddCmd:0.10333333333333333
StopCmd:0.10333333333333333
