WebXML:0.44
InstallOptions:0.4
WebXMLOptions:0.27
Database:0.25333333333333335
FedoraHome:0.24333333333333335
FedoraWebXML:0.23666666666666666
FileUtils:0.2
XACMLPolicy:0.19111111111111115
Installer:0.17777777777777778
