DefinitionService:0.6066666666666667
SystemProperties:0.2966666666666667
ExecutorServiceBean:0.29333333333333333
HTMLUtils:0.2866666666666667
BotServiceBean:0.24666666666666667
DefinitionServiceDelegate:0.22
DefinitionServiceBean:0.21
WebResources:0.18
DefinitionServiceDelegateGetFileTest:0.17
RedeployDefinitionFormTag:0.15333333333333332
WFFormTag:0.13666666666666666
BotTaskConfigurationUtils:0.13666666666666666
InitializerLogic:0.13666666666666666
DefinitionServiceDelegateGetDeclaredVariablesNamesTest:0.13666666666666666
ProcessDefinitionDescriptionFormTag:0.11333333333333333
SaveBotStationLinkTag:0.11333333333333333
SwimlaneSubstitutionCriteriaRenderer:0.10666666666666667
EmailTaskHandler:0.09333333333333334
InputVariableTag:0.09333333333333334
LoadProcessDefinitionFileAction:0.09
ProcessDefinitionGraphImageAction:0.09
LoadProcessDefinitionHtmlFileAction:0.08333333333333333
LoadProcessDefinitionArchiveAction:0.08333333333333333
RkDemoDisplayLinkedListsForEnteredGuestsTag:0.03666666666666667
DelegateDefinitionVariableProvider:0.03333333333333333
RkDemoRegisterInOutsTag:0.0
RkDemoEditGuestsTag:0.0
BotServiceLocal:0.0
