QueryUtil:0.6433333333333333
WebCfgDelegate:0.35
StudyListBean:0.27666666666666667
TrashListPage:0.26
StudyListPage:0.24666666666666667
TrashListBean:0.24666666666666667
TrashListFilter:0.19333333333333333
PatientModel:0.19333333333333333
StudyListFilter:0.19
WebCfgService:0.17666666666666667
