MapProxySupport:0.3233333333333333
ClientConfig:0.26666666666666666
EntryOperation:0.2633333333333333
BasicTest:0.25
ClientClusterServiceImpl:0.22
SqlPredicate:0.19911111111111113
Predicates:0.16244444444444445
ValueSetterEntryProcessor:0.16166666666666665
PredicatesTest:0.13333333333333333
EntryProcessorTest:0.043333333333333335
