RecordStore:0.7833333333333333
PartitionCheckIfLoadedOperation:0.37
MapStoreTest:0.32
MapProxySupport:0.25
MapKeyLoader:0.21333333333333335
DefaultRecordStore:0.21333333333333335
CallbackResponseSender:0.16738095238095238
