PatientModel:0.5
SelectedEntities:0.43
StudyListLocal:0.2833333333333333
StudyListBean:0.18333333333333332
