GwtMainPage:0.3433333333333333
TreeDisplayHorizontal:0.29333333333333333
TreeDisplayBase:0.25
WorkspaceTreeControl:0.24666666666666667
TreeDisplayVertical:0.23
GwtTeaming:0.21
EventHelper:0.20666666666666667
BreadCrumbPanel:0.15
TreeNodeExpandedEvent:0.11333333333333333
TreeNodeCollapsedEvent:0.11333333333333333
BusyInfo:0.11166666666666666
BinderExpander:0.09666666666666666
