BuildingConfig:0.5166666666666667
Function:0.5
Building:0.40777777777777774
Settlement:0.4
ThermalSystem:0.37
Crop:0.36833333333333335
BuildingManager:0.296
Storage:0.2866666666666667
Farming:0.28
PowerSource:0.2756746031746032
ThermalStorage:0.26
LifeSupport:0.23333333333333334
Research:0.22666666666666666
AstronomicalObservation:0.22666666666666666
VehicleMaintenance:0.22666666666666666
EVA:0.22333333333333333
Manufacture:0.22
ThermalGeneration:0.21666666666666667
Cooking:0.20333333333333334
MedicalCare:0.20333333333333334
ResourceProcessing:0.20333333333333334
CookMeal:0.20333333333333334
PowerStorage:0.2
LivingAccommodations:0.2
PowerGeneration:0.19333333333333333
Exercise:0.19333333333333333
GroundVehicleMaintenance:0.17333333333333334
Management:0.12333333333333334
EarthReturn:0.12
TabPanelThermalSystem:0.12
HeatSource:0.11
Communication:0.10333333333333333
Dining:0.1
Recreation:0.1
BuildingConnection:0.09666666666666666
Administration:0.08666666666666667
BuildingPanelThermal:0.06861111111111112
SolarHeatSource:0.057777777777777775
ElectricHeatSource:0.04666666666666667
SettlementWindow:0.043333333333333335
BuildingPanel:0.04
BuildingPanelThermalStorage:0.03944444444444445
