StrategySelectorBuilder:0.7993333333333333
StandardJtaPlatformResolver:0.18333333333333332
