HopParser:0.44666666666666666
HopSymbolTableWalker:0.43
HopLexer:0.3566666666666667
AntlrTokenReader:0.17666666666666667
DFA61:0.15333333333333332
DFA80:0.15333333333333332
