ArticleMgmtService:0.49666666666666665
VoteMgmtService:0.29333333333333333
ArticleProcessor:0.2866666666666667
SymphonyServletListener:0.22333333333333333
CommentMgmtService:0.18666666666666668
ActivityMgmtService:0.18
