Enhancer:0.51
DefaultReflectManager:0.23666666666666666
PointCut:0.21666666666666667
TraceCommand:0.19333333333333333
GlobalOptions:0.12169841269841271
AsmCommand:0.10666666666666667
TracingAsmCodeLock:0.10666666666666667
