BaseMultiLayerNetwork:0.8
Conf:0.5788888888888889
AkkaSdaRunnerTest:0.25333333333333335
