RobolectricTestRunner:0.7433333333333333
RobolectricTestRunnerTest:0.25333333333333335
Test4:0.09666666666666666
Test3:0.09666666666666666
