Config:0.4633333333333333
SearchEngine:0.42
raw:0.38666666666666666
Consts:0.02
