Preferences:0.5033333333333333
GenericExtruder:0.34
Reprap:0.31333333333333335
GenericStepperMotor:0.2733333333333333
NullExtruder:0.2325
NullCartesianMachine:0.23
Main:0.21444444444444447
StepperPanel:0.20444444444444446
