Saml10ObjectBuilder:0.5566666666666666
Saml10SuccessResponseView:0.3
SamlConfiguration:0.2866666666666667
Saml10SuccessResponseViewTests:0.14333333333333334
Saml10FailureResponseViewTests:0.14
SamlCoreProperties:0.13
Saml10FailureResponseView:0.08666666666666667
AbstractSaml10ResponseView:0.08333333333333333
