Window:0.4
Controller:0.3566666666666667
Keyboard:0.33666666666666667
FullScreenWindowedTest:0.3144444444444444
Mouse:0.25333333333333335
