Condition:0.6233333333333333
DefaultDOManager:0.41
FieldSearchExistImpl:0.2733333333333333
FieldSearchTest:0.19
