ActionSupport:0.4
TimerInterceptorTest:0.3433333333333333
TokenInterceptor:0.29333333333333333
ValidationInterceptor:0.2
MethodFilterInterceptor:0.17133333333333334
ShowJarsAction:0.15133333333333332
ListValidatorsAction:0.14416666666666667
