SelectAnalyzerTest:0.34
ESUpdateNode:0.3
DocIndexMetaData:0.27666666666666667
ESDeleteNode:0.2733333333333333
Planner:0.27
ESUpdateByIdTask:0.23666666666666666
Visitor:0.23333333333333334
CreateAlterTableStatementAnalyzerTest:0.23333333333333334
ESDeleteByQueryTask:0.23
CreateTableAnalysis:0.22666666666666666
InsertAnalysis:0.21666666666666667
TransportExecutorTest:0.2
TransportSQLActionTest:0.162
