Cursor:0.6166666666666667
Result:0.5733333333333334
Record:0.5333333333333333
ResultQuery:0.34045238095238095
ResultImpl:0.31666666666666665
jOOQAbstractTest:0.27666666666666667
AbstractRecord:0.18666666666666668
AbstractResultQuery:0.17666666666666667
AbstractDelegatingSelect:0.17
CursorImpl:0.15
FetchTests:0.15
