Console:0.48
StreamThread:0.461111111111111
Shell:0.42333333333333334
SystemShell:0.3566666666666667
ConsoleProcess:0.28
ConsolePlugin:0.19666666666666666
ActionHandler:0.15500000000000003
ConsoleToolBar:0.11666666666666667
BeanShell:0.1
ErrorMatcher:0.06333333333333334
