ColoredPrintingTestListener:0.5733333333333334
TestPlan:0.31666666666666665
TestSummaryReportingTestListener:0.2833333333333333
