AEProperties:0.47
DicomCFindFilter:0.41
DicomFileLocationFilter:0.25333333333333335
ReopenableImageInputStream:0.25
RecordsAE:0.18883333333333338
FileLocationMgtFilter:0.13666666666666666
