Message:0.8033333333333333
NodeId:0.42
AllTests:0.16333333333333333
