JsonRpcProtocol:0.6633333333333333
JsonRpcProtocolFactory:0.3333333333333333
