UserAccess:0.66
User:0.55
UserAccessBean:0.33666666666666667
Role:0.29
UserListPanel:0.17333333333333334
RoleValidator:0.12
UserManagementMainPage:0.11
RoleListPanel:0.06666666666666667
UserRoleAssignment:0.06333333333333334
UserRoleAssignmentPK:0.03666666666666667
UserManagementPanel:0.01
