FetchArticles:0.5066666666666667
AddArticle:0.41333333333333333
AddPubSource:0.31666666666666665
MedlineMap:0.15
