LoadBalancer:0.7433333333333333
Listener:0.7266666666666667
AbstractManagedChannelImplBuilder:0.25288888888888894
DnsNameResolverTest:0.24666666666666667
GrpclbLoadBalancerTest:0.21666666666666667
GrpclbLoadBalancer:0.21666666666666667
DirectAddressNameResolverFactory:0.19666666666666668
ManagedChannelImpl:0.19666666666666666
ManagedChannelImplTest:0.18666666666666668
