Settings:0.69
Builder:0.5566666666666666
AbstractScopedSettings:0.21666666666666667
UpdateSettingsIT:0.15
