DSL:0.7482777777777778
InsertUpdateTests:0.4172222222222222
