WorkflowUtilities:0.505
EditWorkflowScriptFormAction:0.3566666666666667
EditWorkflowScriptAction:0.16666666666666666
