Types:0.5266666666666666
CodeWriter:0.4866666666666667
JavaFile:0.23666666666666666
JavaPoet:0.23333333333333334
JavaPoetTest:0.23
JavaFileTest:0.19
