Node:0.8033333333333333
AbstractImageGroup:0.37333333333333335
InnerList:0.25333333333333335
