LuceneDictionaryImpl:0.49666666666666665
LookupParseUtilities:0.4066666666666667
UmlsToSnomedLuceneConsumerImpl:0.19333333333333333
OrangeBookFilterConsumerImpl:0.1
NamedEntityLookupConsumerImpl:0.023333333333333334
UmlsToSnomedDbConsumerImpl:0.016666666666666666
