Coordinates:0.6533333333333333
InitialSettlement:0.3333333333333333
NewArrivingSettlement:0.3333333333333333
SettlementConfig:0.3
LandmarkConfig:0.15333333333333332
