CasAuthenticationProvider:0.46
OpenIDAuthenticationProviderTests:0.3233333333333333
CasAuthenticationProviderTests:0.28
UserDetailsService:0.24046031746031743
MockTicketValidator:0.16333333333333333
OpenIDAuthenticationProvider:0.15
MockAuthoritiesPopulator:0.043333333333333335
MockUserDetailsService:0.008981481481481483
