LikeOperator:0.5633333333333334
AnalyzerTest:0.4866666666666667
StatementAnalyzer:0.21333333333333335
