XAbstractService:0.7825
XConfig:0.5433333333333333
XBaseTransaction:0.2733333333333333
