FormErrors:0.5
AddAllele:0.42333333333333334
UpdateGermplasm:0.29333333333333333
AlleleGermplasmLinkingBean:0.27666666666666667
AddGermplasm:0.26666666666666666
AddPhenotype:0.16944444444444443
GermplasmPhenotypeLinkingBean:0.16666666666666666
UpdateAllele:0.1
UpdatePhenotype:0.09
AlleleGermplasmLinkingTable:0.029166666666666667
GermplasmPhenotypeLinkingTable:0.029166666666666667
