ShellComponent:0.6475
SarosPEViewComponentImp:0.4666666666666667
ShellComponentImp:0.4116666666666667
SarosMainMenuComponentImp:0.37333333333333335
