ValueMirrors:0.6255952380952382
ValueType:0.47833333333333333
StyleInfo:0.45166666666666666
Reporter:0.32666666666666666
Proto:0.3111111111111111
