ShadowApplication:0.5955555555555556
AndroidManifest:0.5266666666666666
AndroidManifestTest:0.32666666666666666
RobolectricPackageManager:0.23
DefaultTestLifecycleTest:0.2
Setup:0.2
