SerializationTest:0.8116666666666666
SerializationConstants:0.6994007936507937
