UserView:0.4033333333333333
LogEntryView:0.3933333333333333
CAAuthorization:0.33444444444444443
InformationMemory:0.31666666666666665
CertificateProfileCache:0.2525
LogInterfaceBean:0.21333333333333335
LogEntriesView:0.20666666666666667
RaAddUserCommand:0.19
CAInfoView:0.17
UsersView:0.14333333333333334
