HashCodeEqualsTester:0.32
TargetMethodAnnotationDrivenBinderTest:0.31333333333333335
DelegationProcessor:0.24666666666666667
TargetMethodAnnotationDrivenBinder:0.24666666666666667
UnloadedFieldDescription:0.23333333333333334
TypePoolTypeList:0.21888888888888886
UnloadedMethodDescription:0.20333333333333334
ObjectTypeGenerator:0.1943968253968254
AbstractBase:0.11666666666666667
