InternalExtendedStats:0.55
StatsTests:0.33666666666666667
ExtendedStatsAggregator:0.3233333333333333
ExtendedStatsTests:0.15333333333333332
