AllMembersSupplier:0.5866666666666667
ParameterSignature:0.51
Assignments:0.30666666666666664
ParameterSignatureTest:0.18666666666666668
AssumingInTheoriesTest:0.12333333333333334
AllMembersSupplierTest:0.11
HasDataPointsWithObjectParameter:0.10005555555555554
HasDataPointsArrayField:0.0867222222222222
HasDataPointsArrayWithMatchingButInaccurateTypes:0.0867222222222222
HasDataPointMethodWithOverlyGeneralTypes:0.049166666666666664
TheoryTestUtils:0.0033333333333333335
