JSFUtils:0.48
TableAbstractPaginator:0.3933333333333333
MenuUtils:0.33
DateUtils:0.31333333333333335
EntityPaginator:0.17333333333333334
ADFUtils:0.14
TablePaginationUtils:0.13333333333333333
QueryResponse:0.11333333333333333
Pagination:0.10333333333333333
QueryRequest:0.09333333333333334
SecurityUser:0.09333333333333334
PopupUtil:0.07333333333333333
TreeItem:0.03666666666666667
FileUploadBackingBean:0.02255555555555555
SecurityBean:0.021388888888888888
