GraphEltSet:0.51
DataAdapterManager:0.31666666666666665
DataLoader:0.31
NBrowseApplet:0.30666666666666664
NBEdge:0.2833333333333333
EdgeDataset:0.2733333333333333
TabFileAdapter:0.19
NodeInfoModel:0.19
LineParser:0.19
EdgeTableModel:0.14333333333333334
