DefaultStepFactoryBean:0.44
ItemSkipPolicyItemProcessor:0.36
StatefulRetryStepFactoryBean:0.3233333333333333
StatefulRetryItemProcessor:0.15666666666666668
