Node:0.8366666666666667
DOMBuilderTagVisitor:0.44333333333333336
LagartoDOMBuilder:0.24
