AtmosphereFramework:0.6036666666666667
DefaultAtmosphereObjectFactory:0.55
AtmosphereConfig:0.31416666666666665
MetaBroadcaster:0.30333333333333334
Filter:0.23
MetaBroadcasterTest:0.21333333333333335
