SqlProviderTest:0.7
ParameterExpressionTest:0.4041666666666667
LazyDeserializeTest:0.2816666666666667
