ApolloNameAdapterI:0.539345238095238
AnnotationEditor:0.5366666666666666
TigrAnnotNameAdapter:0.37333333333333335
ParameciumNameAdapter:0.26666666666666666
DefaultNameAdapter:0.26666666666666666
