ExpressionVerifier:0.5833333333333334
TestPlanMatchingFramework:0.41
TestMergeWindows:0.32666666666666666
TestExpressionVerifier:0.14
