BusinessCalendar:0.8333333333333334
JbpmConfiguration:0.5033333333333333
TimerTriggerActionHandler:0.3333333333333333
CancelTimerActionHandler:0.32666666666666666
DefinitionParser:0.3
BusinessCalendarImpl:0.2866666666666667
Day:0.27
TestHelper:0.20666666666666667
TimerTest:0.15666666666666668
CreateTimerActionHandler:0.14666666666666667
DayPart:0.14
BusinessCalendarFactory:0.10333333333333333
TestBusinessCalendar:0.02666666666666667
Holiday:0.016666666666666666
Duration:0.0
