TestMathFunctions:0.625
FunctionRegistry:0.5066666666666667
Sign:0.2633333333333333
