ConnectionEntry:0.39
RedisClient:0.36333333333333334
MasterSlaveConnectionManager:0.31333333333333335
ConnectionPool:0.27
SubscribesConnectionEntry:0.23
