DocIndexMetaDataTest:0.35333333333333333
CreateTableStatementAnalyzer:0.35
Context:0.31666666666666665
AnalyzerDispatcher:0.31333333333333335
