GiveDriverRoleAction:0.525
NewSessionAction:0.4866666666666667
InviteAction:0.4866666666666667
