ExternalContext:0.5133333333333333
ServletExternalContext:0.3566666666666667
PortletExternalContext:0.27
MockExternalContext:0.25
FlowHandlerAdapter:0.20666666666666667
FlowHandlerAdapterTests:0.19666666666666666
FlowModelFlowBuilder:0.19333333333333333
EndState:0.185
ViewState:0.18333333333333332
ServletExternalContextTests:0.18
PortletExternalContextTests:0.18
JsfViewFactory:0.12333333333333334
