Input:0.75
AndroidInput:0.31333333333333335
Font:0.25
UITest:0.24666666666666667
JoglInput:0.2319285714285714
AppletInput:0.2319285714285714
LwjglInput:0.2319285714285714
SpriteBatch:0.21250000000000002
