ErrorUtil:0.7033333333333334
NBSelectionManager:0.43666666666666665
EdgeInfoMaker:0.4
