ESIntegTestCase:0.5083333333333333
NodeEnvironment:0.43
IndexWithShadowReplicasIT:0.29
NodeEnvironmentTests:0.2633333333333333
ESSingleNodeTestCase:0.19
IndicesCustomDataPathIT:0.18
