CoreDao:0.7416666666666667
DefinitionModule:0.4948888888888888
ExtensionDeployerImpl:0.31
ExtensionDeployer:0.26666666666666666
DefinitionModuleImpl:0.24
CoreDaoImpl:0.16333333333333333
ExtensionManager:0.15833333333333333
ExtensionManagerImpl:0.09
Utils:0.07666666666666666
