InternalEngineTests:0.3433333333333333
InternalEngine:0.30666666666666664
Engine:0.30333333333333334
Result:0.2833333333333333
Index:0.25666666666666665
Delete:0.17333333333333334
IndexResult:0.09
DeleteResult:0.09
