ObjectKeys:0.5011111111111112
WorkAreaFunctionMembership:0.41333333333333333
Utils:0.38
EntityIndexUtils:0.3233333333333333
WorkAreaFunctionMembershipManager:0.31866666666666665
AccessUtils:0.31666666666666665
SecurityDaoImpl:0.2966666666666667
SecurityDao:0.23587301587301587
QueryBuilder:0.23
WebKeys:0.2
WorkAreaHelper:0.12333333333333334
Constants:0.11666666666666667
ConfigureRolesController:0.08666666666666667
ManageSearchIndexController:0.07333333333333333
