InsnNode:0.8105555555555555
InsnGen:0.2866666666666667
