ComponentView2D:0.6633333333333333
Layout:0.5233333333333333
