SearchTab:0.6133333333333333
SearchContainerChangeListener:0.37
LazyEventQueue:0.2833333333333333
SearchUpdateChangeListener:0.225
