HistoryGuruTest:0.49666666666666665
HistoryReader:0.4672222222222222
PerforceRepositoryTest:0.33666666666666667
