Grammar:0.6133333333333333
Tool:0.5333333333333333
LexerInterpreter:0.23722222222222225
ParseTreeMatch:0.18666666666666668
