ServerMainModule:0.4066666666666667
TestingPrestoServer:0.27666666666666667
PrestoServer:0.25
CoordinatorModule:0.24444444444444446
TestQueryResourceServer:0.14333333333333334
TestingDiscoveryServer:0.13666666666666666
TestHeartbeatFailureDetector:0.1
