WikiUserAuth:0.7727777777777778
WikiVersion:0.33888888888888885
