Article:0.9066666666666666
Common:0.7072222222222223
ArticleProcessor:0.26
SymphonyServletListener:0.23
Filler:0.22333333333333333
ArticleQueryService:0.16333333333333333
ArticleSender:0.14944444444444444
CommentMgmtService:0.12666666666666668
ArticleMgmtService:0.12333333333333334
