LazyFluentIterable:0.4666666666666667
Customer:0.42
SimpleApplication:0.3
DbManager:0.2633333333333333
