Filter:0.658888888888889
Client:0.28
App:0.25333333333333335
FilterChain:0.20333333333333334
FilterManager:0.13666666666666666
DepositFilter:0.043333333333333335
NameFilter:0.043333333333333335
AddressFilter:0.043333333333333335
ContactFilter:0.043333333333333335
OrderFilter:0.043333333333333335
