Settlement:0.83
PersonTableModel:0.26
PowerGridTabPanel:0.25333333333333335
VehicleTableModel:0.14333333333333334
SettlementTableModel:0.14333333333333334
