LogUtils:0.56
SequenceContentProvider:0.24333333333333335
Activator:0.23444444444444448
NewSampleDataProjectWizard:0.22333333333333333
JsEnvironment:0.2
SelectDataFoldersPage:0.19805555555555554
NewTemplateProjectWizard:0.16666666666666666
LongJob:0.11333333333333333
