DropwizardTestSupport:0.5566666666666666
DropwizardAppRule:0.42
ConfigurationFactory:0.275
DropwizardClientRule:0.12666666666666668
DropwizardAppRuleWithoutConfigTest:0.1
TestConfiguration:0.03
