BasicSettings:0.8066666666666666
SamplingPolicy:0.3466666666666667
CountMin64TinyLfu:0.24333333333333335
CountMin4TinyLfu:0.17333333333333334
RandomRemovalFrequencyTable:0.16666666666666666
