QueryExecution:0.46366666666666667
Query:0.4266666666666667
QueryStateMachine:0.36333333333333334
ExchangeLocationsConsumer:0.27051984126984113
FailedQueryExecution:0.20333333333333334
DataDefinitionExecution:0.20333333333333334
MockQueryExecution:0.20333333333333334
SqlQueryExecution:0.16666666666666666
SqlQueryScheduler:0.1580952380952381
TestQueryStateMachine:0.13666666666666666
QueryManager:0.1308730158730159
QueryOutputManager:0.11666666666666667
QueryOutputInfo:0.11666666666666667
SqlQueryManager:0.10333333333333333
StageLinkage:0.05
