DataFrameHandler:0.5066666666666667
Receiver:0.5
ClientConductor:0.33
ReceiverProxy:0.25666666666666665
