AbstractController2D:0.48333333333333334
Controller2D:0.4033333333333333
SimpleController2D:0.17
CopyPasteAction:0.14
