Request:0.71
ProxyServer:0.37666666666666665
Part:0.3466666666666667
Builder:0.31
RequestImpl:0.2966666666666667
Realm:0.28
AsyncHttpUrlConnection:0.2633333333333333
RealmBuilder:0.2153888888888889
AsyncHttpClientConfig:0.19777777777777777
