NettyServer:0.5075
TransportFrameUtil:0.2866666666666667
ServerCalls:0.2866666666666667
ServerTransportListenerImpl:0.20666666666666667
