NewMoleculeWizard:0.45
NewMoleculeFromSMILESWizard:0.32
NewMoleculeWizardPage:0.21666666666666667
NewMoleculeFromSMILESWizardPage:0.21
CDKMoleculeIO:0.03333333333333333
