GPUFluxLightModel:0.6433333333333333
FluxJOCLScene:0.46
GPUFluxTracer:0.36666666666666664
