EbrimGenericSearchDaoTest:0.31
HSInvestigationSearchTest:0.2633333333333333
HSInvestigationSaveTest:0.2633333333333333
ProvenanceSearchDaoTest:0.18666666666666668
AbstractDaoTest:0.14666666666666667
