MethodDescriptor:0.715
HopVirtualMachine:0.43666666666666665
Documentation:0.40166666666666667
