IntSignature:0.24666666666666667
RealSignature:0.24666666666666667
StringSignature:0.24666666666666667
BoolSignature:0.22166666666666668
RealPointAlgebra:0.19666666666666666
JavaDoubleAlgebra:0.19666666666666666
BigDoubleAlgebra:0.19666666666666666
IntPointAlgebra:0.19666666666666666
JavaIntAlgebra:0.19666666666666666
BigIntAlgebra:0.19666666666666666
StringAlgebra:0.19
StringPointAlgebra:0.19
BoolPointAlgebra:0.13
BoolAlgebra:0.13
