ClusterUtils:0.5233333333333333
InvertedIndex:0.32666666666666666
ParagraphVectors:0.275
BaseClusteringAlgorithm:0.26777777777777784
DiskBasedQueue:0.26
DeepWalk:0.2544444444444445
VocabConstructor:0.19666666666666666
ClusterSetup:0.14444444444444446
MultiThreadUtils:0.14
