Task:0.6366666666666667
ReserveGroundVehicle:0.225
CollectRockSamplesMission:0.22333333333333333
ExitVehicle:0.2
EnterVehicle:0.2
DriveGroundVehicle:0.18444444444444444
LoadVehicle:0.16
UnloadVehicle:0.14666666666666667
Relax:0.13666666666666666
RepairMechanicalFailure:0.13666666666666666
TendGreenhouse:0.13666666666666666
Sleep:0.13666666666666666
MaintainVehicle:0.13666666666666666
CollectRockSamples:0.12
EatMeal:0.11
MaintainSettlement:0.11
