ColumnarBinaryHiveRecordCursorProvider:0.48333333333333334
ColumnarTextHiveRecordCursorProvider:0.48333333333333334
AbstractTestHiveClient:0.41333333333333333
TestHiveFileFormats:0.22
TestHiveStorageFormats:0.20333333333333334
HiveTestUtils:0.17
