Injector:0.7433333333333333
Builder:0.3433333333333333
InjectorImpl:0.3233333333333333
JitBindingsTest:0.2833333333333333
InjectorBuilder:0.19
Guice:0.12
StaticInjection:0.11
InjectableReference:0.10666666666666667
PrivateElementProcessor:0.05333333333333334
