ButtonHelper:0.4166666666666667
PopupWidget:0.39
TreeView:0.36666666666666664
ToggleWidget:0.15333333333333332
