DefinitionModule:0.8366666666666667
AbstractBinderProcessor:0.42333333333333334
FieldBuilderSelect:0.28
AbstractFieldBuilder:0.13666666666666666
