PopUpListener:0.35
JChemPaintPopupMenu:0.33
ValidateFrame:0.3233333333333333
ChemObjectPropertyDialog:0.22333333333333333
AddHydrogenAction:0.18333333333333332
ValidateAction:0.07333333333333333
ConvertToRadicalAction:0.056666666666666664
CreateReactionAction:0.02
EditChemObjectPropsAction:0.013333333333333334
ChangeIsotopeAction:0.006666666666666667
