MCostElement:0.8266666666666667
X_M_CostElement:0.5866666666666667
