AbstractHttpSendingWebServiceConnection:0.5166666666666667
InvalidContentSizeServlet:0.4119444444444445
AbstractHttpWebServiceMessageSenderIntegrationTestCase:0.41111111111111115
