RobolectricModel:0.4666666666666667
ShadowProviderGenerator:0.33666666666666667
ImplementsValidatorTest:0.27666666666666667
RobolectricProcessor:0.27666666666666667
RobolectricProcessorTest:0.225
ImplementsValidator:0.18666666666666668
ShadowProviderGeneratorTest:0.17333333333333334
Generator:0.16166666666666665
ServiceLoaderGenerator:0.06333333333333334
DocumentedObject:0.03631746031746032
