ShadowWrangler:0.43666666666666665
ShadowMetadata:0.36366209716209713
ShadowMap:0.30333333333333334
Builder:0.2866666666666667
SandboxClassLoaderTest:0.22666666666666666
Plan:0.21716666666666667
MyClassHandler:0.19833333333333333
ClassHandler:0.13444444444444445
ClassInstrumentor:0.09333333333333334
InvokeDynamicClassInstrumentor:0.07333333333333333
ShadowMethodPlan:0.04
ClassValueMap:0.006666666666666667
ShadowDecorator:0.0
