AbstractEntityManagerImpl:0.4666666666666667
JDBCContext:0.45166666666666666
JDBCTransaction:0.3433333333333333
AuditProcess:0.24333333333333335
AuditProcessManager:0.14
