PartitionRecordStore:0.45666666666666667
MapStoreConfig:0.36
BasicTest:0.3
SampleIndexableObjectMapLoader:0.25
SampleIndexableObject:0.22666666666666666
