JPAOverridenAnnotationReader:0.76
Ejb3XmlOneToManyTest:0.29
Ejb3XmlManyToManyTest:0.29
Ejb3XmlTestCase:0.22333333333333333
Ejb3XmlManyToOneTest:0.15333333333333332
