Builder:0.22
UnimplementedServiceGrpc:0.12333333333333334
WorkerGrpc:0.12333333333333334
GreeterGrpc:0.12333333333333334
TestServiceGrpc:0.12333333333333334
ReconnectServiceGrpc:0.12333333333333334
RouteGuideGrpc:0.12333333333333334
