GroovyRegisteredServiceUsernameProvider:0.8166666666666667
LdapPasswordManagementService:0.3467936507936508
