AsyncShardFetch:0.7
TestFetch:0.5533333333333333
InternalAsyncFetch:0.24666666666666667
