OrcRecordReader:0.5833333333333334
StripeReader:0.5666666666666667
OrcStorageManager:0.32666666666666666
