SessionFactoryFactory:0.5266666666666666
HelloWorldService:0.48
ConfiguredBundle:0.45666666666666667
HibernateBundle:0.14333333333333334
