CrateSettingsPreparer:0.4666666666666667
CrateSettingsPreparerTest:0.46
BootstrapProxy:0.42611111111111116
NodeSettingsTest:0.22666666666666666
CrateDB:0.15666666666666668
