Shape:0.62
Multiplicity:0.5266666666666666
EquationSystem:0.42
Equation:0.3333333333333333
Materialisation:0.32666666666666666
Solution:0.30333333333333334
ShapeMorphism:0.27
RuleToShapeMap:0.24972222222222218
Equality:0.18666666666666668
MultVar:0.13666666666666666
EdgeBundle:0.09333333333333334
Constraint:0.055
EdgeVar:0.043333333333333335
NodeVar:0.04
