ClassMetadata:0.4666666666666667
Kuwaiba:0.33
HierarchyUtils:0.31333333333333335
BackendBean:0.29333333333333333
BackendBeanRemote:0.2633333333333333
