UnitDisplayInfoFactory:0.5966666666666667
CargoRoverDisplayInfoBean:0.10666666666666667
