BitUtil:0.37666666666666665
AtomicBuffer:0.17666666666666667
BufferBuilder:0.13333333333333333
ClientMessage:0.07666666666666666
