ClientConductor:0.41333333333333333
AeronTest:0.36666666666666664
UnicastTest:0.33
Channel:0.28
BufferMapper:0.2511111111111111
ConsumerChannel:0.06166666666666667
ConsumerSession:0.056666666666666664
