TopHitsAggregationBuilder:0.34
InternalHistogram:0.30333333333333334
InternalBinaryRange:0.29333333333333333
Bucket:0.26666666666666666
InternalTopHits:0.19
Factory:0.18
SortedBinaryRangeLeafCollector:0.16666666666666666
