Strings:0.6016666666666667
PrefixQueryParser:0.17666666666666667
RangeQueryParser:0.17666666666666667
RegexpQueryParser:0.17666666666666667
TermQueryParser:0.17666666666666667
AnalysisModuleTests:0.17333333333333334
StringsTests:0.15
