SeqFeatureI:0.6866666666666666
Sequence:0.5966666666666667
DrawableSeqFeature:0.44
SeqFeature:0.34
FeatureSet:0.34
GAMEAdapter:0.24333333333333335
DrawableFeatureSet:0.23416666666666666
HighlightDragListener:0.22833333333333333
ScaleView:0.22666666666666666
StrandedZoomableApolloPanel:0.21666666666666667
FeatureView:0.215
SeqAlignPanel:0.20666666666666667
DragFeatureView:0.20666666666666667
FilteredFeatureModel:0.20333333333333334
DrawableAnnotatedSeqFeature:0.2
DrawableTerminalCodon:0.19
Alignment:0.13
TranscriptMenu:0.12333333333333334
ExpandableFeatureSet:0.10333333333333333
SortMouseListener:0.09333333333333334
DrawableResultSeqFeature:0.05
DrawableSpliceSite:0.05
