Disseminator:0.84
DSInputSpecParser:0.30666666666666664
Util:0.30333333333333334
WSDLGenerator:0.29
BESecurityConfig:0.23666666666666666
RelsExtValidator:0.23666666666666666
ServiceDefinitionMETSSerializer:0.23
METSFedoraExtDODeserializer:0.22666666666666666
FOXMLDOSerializer:0.21333333333333335
FOXMLDODeserializer:0.21333333333333335
METSFedoraExtDOSerializer:0.21
MethodRoleConfig:0.18666666666666668
BackendPolicies:0.185
ServiceDeploymentMETSSerializer:0.18
DigitalObjectTest:0.16333333333333333
MethodMapGenerator:0.15
ServiceProfileSerializer:0.13
DSInputSpecGenerator:0.12833333333333333
TranslationTest:0.12333333333333334
RepositoryReaderTest:0.12333333333333334
FOXMLNamespace:0.09666666666666666
ServiceDeploymentRoleConfig:0.03333333333333333
