DefaultJSONParser:0.43333333333333335
JSONScanner:0.41333333333333333
JSONLexer:0.37166666666666665
JSONReaderScanner:0.36
