DataSource:0.7516666666666667
XmlDataSource:0.36333333333333334
AttributeCategory:0.26
IntegerAttribute:0.24666666666666667
SimpleTextAttribute:0.24
XmlParser:0.20666666666666667
AttributesWindow:0.15666666666666668
