Report:0.56
ReportList:0.4533333333333333
ReportView:0.36666666666666664
ReportLinesCirc:0.32666666666666666
Callback:0.2866666666666667
ReportSelectionListener:0.27051984126984113
ReportGedcomStatistics:0.25333333333333335
ReportAlmanac:0.25333333333333335
Report4Generations:0.25333333333333335
ReportToDo:0.25
ReportAncestorStatistics:0.25
ReportFlashList:0.25
ActionStart:0.17666666666666667
ReportSameValues:0.17333333333333334
ReportDemography:0.17333333333333334
ReportEventsByMonths:0.17333333333333334
ReportFamily:0.17333333333333334
ReportLinesFan:0.17333333333333334
ReportDateCalculator:0.17333333333333334
ReportAges:0.17333333333333334
ReportPlaceHistory:0.17333333333333334
ReportPhonetics:0.17333333333333334
ReportEvents:0.17333333333333334
ReportGoogleMap:0.17333333333333334
ReportNameHistory:0.17333333333333334
Category:0.16666666666666666
ReportRelatives:0.16333333333333333
ActionReload:0.15383333333333332
ActionGroup:0.13333333333333333
ReportMultDesc:0.11666666666666667
ReportCommonAncestor:0.11666666666666667
ReportSummaryOfRecords:0.11666666666666667
ReportValidate:0.11666666666666667
ReportTrees:0.11666666666666667
ReportCGW:0.11666666666666667
ReportSosa:0.11
ReportExec:0.043333333333333335
ReportGraphicalTree:0.043333333333333335
