ExtensionContext:0.5294444444444444
EngineExecutionListener:0.3712222222222222
JUnit5:0.3566666666666667
MethodBasedTestExtensionContext:0.31666666666666665
JUnit5TestTree:0.31
TestExecutionListener:0.29503968253968255
ClassBasedContainerExtensionContext:0.28
TestExtensionRegistryTests:0.2733333333333333
ExecutionEventRecorder:0.2733333333333333
ClassTestDescriptor:0.22166666666666668
MethodTestDescriptor:0.21833333333333332
ExecutionEvent:0.17333333333333334
ExecutionListenerAdapter:0.17333333333333334
ExtensionContextTests:0.14666666666666667
JUnit5EngineExecutionContext:0.11666666666666667
JUnit5TestEngine:0.09333333333333334
State:0.07
AbstractExtensionContext:0.056666666666666664
