StatsStorage:0.5066666666666667
SessionTypeWorkerId:0.32
MapDBStatsStorage:0.2833333333333333
SessionWorkerIdSerializer:0.26666666666666666
Persistable:0.2175
StatsStorageRouter:0.052388888888888895
