Address:0.49333333333333335
Connection:0.38
HttpEngine:0.275
RouteSelectorTest:0.26666666666666666
OkHttpClient:0.22333333333333333
ConnectionPoolTest:0.18666666666666668
