HtmlTable:0.42
StreamDecoder:0.39666666666666667
AbstractJavaScriptConfiguration:0.17
BrowserParameterizedRunner:0.17
HtmlUnitBrowserCompatCookieSpec:0.16333333333333333
