Datastream:0.4766666666666667
ReadOnlyContext:0.45666666666666667
Server:0.42333333333333334
SQLUtility:0.42
ConnectionPool:0.39666666666666667
StreamUtility:0.36
PolicyEnforcementPoint:0.3466666666666667
AxisUtility:0.33666666666666667
DateUtility:0.3333333333333333
DefaultDOManager:0.33
DOReaderSAXErrorHandler:0.32666666666666666
DOTranslationUtility:0.32
Store:0.31333333333333335
ServerUtility:0.3
PolicyFinderModule:0.3
AttributeFinderModule:0.27666666666666667
DOValidatorXMLErrorHandler:0.2733333333333333
ReducedPolicyFinderModule:0.2733333333333333
MultiValueMap:0.26166666666666666
SchemaErrorHandler:0.26
DefaultAuthorization:0.25666666666666665
JournalRecoveryLog:0.25333333333333335
PathRegistry:0.25
FedoraOAIProviderModule:0.25
MyErrorHandler:0.24833333333333332
GenericFileSystem:0.24333333333333335
SimpleDOReader:0.24055555555555552
BESecurityConfig:0.24
DisseminationService:0.24
BackendSecuritySpec:0.23666666666666666
BackendPolicies:0.23666666666666666
DOValidatorSchematron:0.23666666666666666
ReducedPolicyEnforcementPoint:0.23333333333333334
JournalCreator:0.23333333333333334
UploadServlet:0.23
UnbufferedJournalRecoveryLog:0.23
Condition:0.228
JournalWriter:0.22666666666666666
DBPIDGenerator:0.22333333333333333
GetNextPIDServlet:0.22333333333333333
DOValidatorImpl:0.22288888888888891
Journaller:0.22
BasicServer:0.21666666666666667
FedoraAccessServlet:0.21333333333333335
RelsExtValidator:0.21
ContextAttributeFinderModule:0.20666666666666667
DynamicAccessModule:0.20666666666666667
ValidatePolicy:0.20666666666666667
MethodParameterResolverServlet:0.20666666666666667
TypeUtility:0.20366666666666663
GetObjectHistoryServlet:0.20333333333333334
METSLikeDODeserializer:0.20333333333333334
DefaultExternalContentManager:0.20333333333333334
JournalReader:0.20166666666666666
ListMethodsServlet:0.2
FastDOReader:0.2
BackendSecurityDeserializer:0.2
ListDatastreamsServlet:0.2
FOXMLDOSerializer:0.19666666666666666
METSLikeDOSerializer:0.19666666666666666
FedoraAPIMBindingSOAPHTTPImpl:0.19666666666666666
DescribeRepositoryServlet:0.19333333333333333
DOValidatorSchematronResult:0.19
DefaultDOReplicator:0.19
DOTranslatorImpl:0.19
ServiceMapper:0.18666666666666668
DOValidatorXMLSchema:0.18666666666666668
FastBmechReader:0.18333333333333332
DefaultAccess:0.18333333333333332
FOXMLDODeserializer:0.18333333333333332
DefaultLowlevelStorage:0.18333333333333332
SimplePathRegistry:0.18333333333333332
ThreadMonitorImpl:0.18166666666666667
ResourceAttributeFinderModule:0.18
SQLRebuilder:0.18
FedoraAPIABindingSOAPHTTPImpl:0.18
ServerController:0.175
DOValidatorModule:0.17277777777777778
FastBdefReader:0.17
DatastreamResolverServlet:0.17
DbmsConnection:0.17
RebuildServer:0.16666666666666666
JournalConsumerThread:0.16666666666666666
DefaultBackendSecurity:0.16
DirectoryBasedRepositoryReader:0.16
RebuildDOManager:0.16
DBPathRegistry:0.15
Downloader:0.14666666666666667
BufferedJournalRecoveryLog:0.14333333333333334
ObjectHistorySerializerThread:0.14333333333333334
GetNextPIDSerializerThread:0.14333333333333334
ResourceIndexRebuilder:0.13666666666666666
FieldSearchSQLImpl:0.13333333333333333
ConnectionPoolManagerImpl:0.12333333333333334
ValidationUtility:0.12333333333333334
ProfileSerializerThread:0.12166666666666667
ObjectMethodsDefSerializerThread:0.12166666666666667
ReposInfoSerializerThread:0.12
DefaultManagement:0.10666666666666667
DatastreamDefSerializerThread:0.10333333333333333
MD5Utility:0.056666666666666664
