RMap:0.539345238095238
RedissonMap:0.47833333333333333
RedissonMapTest:0.27
RMapAsync:0.18416666666666667
RedisCommands:0.06333333333333334
