NumericAttributeMeter:0.37666666666666665
NumericAttributeGaugeMeter:0.3233333333333333
MBeanChildren:0.194
OperationExecutionResultsVisualPanel:0.19066666666666668
GlobalDashboardChildren:0.18666666666666668
AttributeSetChildren:0.17533333333333334
OperationListComponent:0.12666666666666668
