BytesRestResponse:0.4666666666666667
RestChannel:0.2866666666666667
RestTable:0.27666666666666667
RestTableTests:0.20333333333333334
MetaStateService:0.18666666666666668
