FDMultiPeriodEngine:0.38333333333333336
DividendOptionTest:0.3333333333333333
FDVanillaEngine:0.3333333333333333
FDDividendEngineMerton73:0.16666666666666666
