Step:0.45
Assert:0.36333333333333334
Terminate:0.3
Script:0.2966666666666667
Launch:0.26666666666666666
Sequence:0.25333333333333335
ForkedScript:0.2305555555555555
MethodInvocation:0.22
