ScriptService:0.6566666666666666
ScriptContextRegistry:0.5266666666666666
ScriptServiceTests:0.29333333333333333
PluginManagerIT:0.23333333333333334
ScriptModesTests:0.21250000000000002
BucketSelectorPipelineAggregator:0.19666666666666666
IndexedScriptIT:0.19
ScriptModule:0.11
