AbstractIntegrationTest:0.39
InterbaseDdlReader:0.32666666666666666
FirebirdDdlReader:0.2833333333333333
InterbaseTriggerTemplate:0.2633333333333333
InterbaseSymmetricDialect:0.25333333333333335
