VisibilityFilter:0.545
ModifierFilter:0.533888888888889
MethodFilter:0.3036111111111111
EnhancerKey:0.17583333333333337
