HostManager:0.6166666666666667
ReadWorker:0.36333333333333334
ShareManager:0.27666666666666667
SendWorker:0.1511111111111111
