ShardRouting:0.5466666666666666
ImmutableShardRouting:0.4
IndexShardRoutingTable:0.35333333333333333
RoutingTable:0.3233333333333333
TransportRefreshAction:0.25333333333333335
TransportFlushAction:0.25333333333333335
RelocationTests:0.1
