HiveClientConfig:0.87
PrestoS3FileSystem:0.42
TestHiveClientConfig:0.18333333333333332
HdfsConfigurationUpdater:0.17
TestPrestoS3FileSystem:0.15666666666666668
