MainFrame:0.6566666666666666
CreoleXmlHandler:0.37333333333333335
LoadANNIEWithDefaultsAction:0.23333333333333334
FeaturesTableModel:0.21333333333333335
LoadANNIEWithoutDefaultsAction:0.17666666666666667
