Config:0.55
MapConfig:0.31
QueueConfig:0.20333333333333334
MultiMapConfig:0.19333333333333333
SemaphoreConfig:0.18
TopicConfig:0.18
ExecutorConfig:0.17666666666666667
CollectionConfig:0.16
SetConfig:0.05
ListConfig:0.05
