BrowserStatement:0.5566666666666666
BrowserVersionClassRunner:0.4755555555555555
BrowserNoneClassRunner:0.28
