Attribute:0.33322222222222225
AbstractFormInstanceCreator:0.30333333333333334
ComponentUpload:0.2866666666666667
ElementUpload:0.2833333333333333
FileInformation:0.25333333333333335
AbstractFormInstanceLoader:0.24666666666666667
FormInstanceCreator:0.17333333333333334
Uploader:0.14333333333333334
Property:0.14
FormInstanceLoader:0.09333333333333334
