RestAliasesExistAction:0.4766666666666667
RestGetAliasesAction:0.32666666666666666
RestActionModule:0.21666666666666667
