IncomingBatchService:0.5766666666666667
IIncomingBatchService:0.3466666666666667
IncomingBatchMapper:0.30666666666666664
ManageIncomingBatchListener:0.27
