RulebaseMsg:0.39
SymbolHash:0.3
ScheduleAutoCommand:0.25333333333333335
AckPermCommand:0.21
ResetMsg:0.043333333333333335
NewWorkerMsg:0.0011111111111111111
GenerateSpecificationMsg:0.0011111111111111111
OpenDefinitionMsg:0.0011111111111111111
SaveMsg:0.0011111111111111111
