ArrayOneRowResultSetAdapter:0.7566666666666667
ObjectPreparedStatementAdapter:0.24333333333333335
NotNullStringType:0.23666666666666666
HibernateCompositeTypeConverter:0.21777777777777782
XSystem:0.10333333333333333
ModelPropertyCalculator:0.04666666666666667
SiNoType:0.0
