XSLTUtils:0.5666666666666667
AbstractScpService:0.5633333333333334
MultiCFindRsp:0.17
