MCalendar:0.4990476190476191
SummaryData:0.36333333333333334
MCalendarPanel:0.2966666666666667
Day:0.2891666666666667
MDate:0.2833333333333333
RepeatRule:0.2377777777777778
FeedViewer:0.20666666666666667
FieldsPanel:0.17333333333333334
