MethodDescriptor:0.39666666666666667
HopParser:0.31666666666666665
BlockDescriptor:0.29333333333333333
Scopable:0.24666666666666667
ScopeTest:0.24666666666666667
HopSymbolTableWalker:0.21583333333333332
HopVirtualMachineTest:0.2
DFA11:0.18333333333333332
DFA29:0.18333333333333332
VariableParameterCommonDescriptor:0.17333333333333334
ClassDescriptor:0.15666666666666668
