PubSourceBean:0.6083333333333333
CommentBean:0.55
CommentListBean:0.39920634920634923
