AppliConfiguration:0.5866666666666667
ARINCSettings:0.49
WidgetListener:0.29333333333333333
AbstractEditorListener:0.22166666666666668
