Loader:0.54
ClassProperties:0.43333333333333335
Builder:0.36666666666666664
Parser:0.33077777777777784
BuildMojo:0.14
