Unit:0.52
Mission:0.49
LivingAccommodations:0.30777777777777776
VehicleMission:0.29
TravelMission:0.22333333333333333
CollectResourcesMission:0.21666666666666667
Sleep:0.19555555555555557
UnitWindow:0.17666666666666667
MissionWindow:0.16666666666666666
