DocViewer:0.38333333333333336
Config:0.2833333333333333
DocViewerController:0.25333333333333335
AuthenticationDomainConfig:0.16
Credentials:0.13222222222222224
