Rule:0.44333333333333336
Tier:0.43333333333333335
CoreRule:0.4033333333333333
LOG:0.38333333333333336
CoreMangoActiveObject:0.37666666666666665
CoreTier:0.31
ActiveObject:0.2966666666666667
CoreTierTableModel:0.19666666666666666
CoreRuleBaseTableModel:0.18666666666666668
TemplateRuleManager:0.18
CoreRuleBase:0.17666666666666667
CoreRuleBaseWindowFactory:0.15333333333333332
DestroyActiveObjectMsg:0.15
NameChangeActiveObjectMsg:0.15
MangoModelUtilities:0.14
AddActiveObjectMsg:0.09333333333333334
Pair:0.023333333333333334
