FileTest:0.44333333333333336
Posix:0.38666666666666666
FileOutputStream:0.3333333333333333
Os:0.27166666666666667
IoBridge:0.20277777777777778
OsConstants:0.2
FileInputStreamTest:0.19
