Response:0.43333333333333335
Result:0.38666666666666666
MongoException:0.29133333333333333
DBTCPConnector:0.235
MyCollection:0.20333333333333334
MyInputStream:0.19944444444444448
BasicBSONCallback:0.17333333333333334
DBCallback:0.1161111111111111
CommandFailure:0.1
