FavoritesVFS:0.5566666666666666
VFSBrowser:0.42333333333333334
Favorite:0.2966666666666667
FileCellRenderer:0.26822222222222225
FavoritesMenuButton:0.1511111111111111
FavoritesProvider:0.14666666666666667
RenameBrowserTask:0.13888888888888887
