Grok:0.5066666666666667
GrokTests:0.33666666666666667
GrokProcessor:0.27666666666666667
GrokProcessorTests:0.20333333333333334
