BusinessEntityManager:0.46634523809523815
BusinessEntityManagerRemote:0.46634523809523815
WebserviceBean:0.43
Kuwaiba:0.35
WebserviceBeanRemote:0.30333333333333334
BusinessEntityManagerImpl:0.26666666666666666
RemoteObjectSpecialRelationships:0.21666666666666667
