Repository:0.7841666666666667
BlobStoreRepository:0.37666666666666665
SnapshotsService:0.3233333333333333
SharedClusterSnapshotRestoreTests:0.29333333333333333
RestoreService:0.23555555555555557
