SettlementRegistry:0.55
MultiplayerClient:0.42
ScenarioConfigEditorFX:0.29333333333333333
SettlementTableModel:0.29333333333333333
CentralRegistry:0.24666666666666667
