HTMLIFrameElement:0.5433333333333333
HTMLIFrameElementTest:0.49166666666666664
HTMLIFrameElement3Test:0.29
