ZoomToSelectedItemsPlugIn:0.4266666666666667
PanTool:0.31666666666666665
MeasureTool:0.26
DrawRectangleFenceTool:0.25666666666666665
