TestWatcher:0.5833333333333334
TestWatcherTest:0.31
InternalViolatedAssumptionTest:0.2818333333333334
LoggingTestWatcher:0.13
