IPAtomicDescriptor:0.5569999999999999
IPAtomicDescriptorTest:0.44333333333333336
HOSECodeGeneratorTest:0.38666666666666666
IPdb:0.1
