HyperSearchRequest:0.15881236
PatternSearchMatcher:0.15499985
BeanShell:0.14937851
TextArea:0.14279793
SearchMatcher:0.14018497
SearchBar:0.13683477
SearchDialog:0.13542724
View:0.12750912
jEdit:0.12329026
Buffer:0.12229453
BoyerMooreSearchMatcher:0.12054464
JEditBuffer:0.11076394
Macros:0.10594259
JEditTextArea:0.09992476
HyperSearchResults:0.09803804
TextUtilities:0.08734861
GUIUtilities:0.07749548
Selection:0.063673034
AllBufferSet:0.061267354
EditBus:0.05869067
StandardUtilities:0.058024887
VFSBrowser:0.05786143
SearchFileSet:0.056852378
DockableWindowManager:0.04976514
Mode:0.048696265
StatusBar:0.047216915
VFSManager:0.046559565
NameSpace:0.045735873
Log:0.033943564
CurrentBufferSet:0.033304628
SearchSettingsChanged:0.032993186
DirectoryListSet:0.029465513
ReverseCharSequence:0.02879093
BufferSetManager:0.02822245
SettingsReloader:0.020936435
PositionChanging:0.017243387
BshMethod:0.016987167
ThreadUtilities:0.013177561
TextAreaDialog:0.008427089
