TaskManager:0.07785654
TaskListener:0.059784066
IOProgressMonitor:0.052152928
Task:0.042795748
ThreadUtilities:0.03541294
GUIUtilities:0.024569832
jEdit:0.016983353
