VFSManager:0.12747172
TaskManager:0.06975629
WorkThreadPool:0.06484793
EditBus:0.050084375
Task:0.046566743
VFSBrowser:0.04199676
CopyFileWorker:0.040902022
AbstractBrowserTask:0.038248193
WorkThread:0.03333752
VFS:0.030769518
TaskMonitor:0.029345855
IOProgressMonitor:0.023253579
Log:0.020251192
Buffer:0.019663135
HyperSearchRequest:0.018103357
BrowserView:0.016702795
PluginManager:0.016688555
EditPane:0.013451509
SearchAndReplace:0.012765277
PluginManagerOptionPane:0.012048378
TextArea:0.011452653
BufferSwitcher:0.010980566
HelpTOCPanel:0.009004788
VFSDirectoryEntryTable:0.0087326225
InstallPanel:0.007901435
HyperSearchResult:0.007869736
HelpSearchPanel:0.0075232736
LogViewer:0.0047605406
