VFSFileChooserDialog:0.1646021
BrowserView:0.15621324
VFS:0.15238638
VFSDirectoryEntryTable:0.12713996
BrowserCommandsMenu:0.120633185
jEdit:0.10895433
VFSFile:0.096982375
GUIUtilities:0.09550252
VFSFileFilter:0.09343253
Buffer:0.09335121
VFSFileNameField:0.0913186
FavoritesVFS:0.087558
GlobVFSFileFilter:0.083059646
View:0.07939286
FilePropertiesDialog:0.07841956
SearchDialog:0.07394779
VFSDirectoryEntryTableModel:0.07344476
MiscUtilities:0.06833731
VFSManager:0.068150885
PluginJAR:0.067484
CopyFileWorker:0.06390614
ManagePanel:0.06390571
RenameBrowserTask:0.061987
BrowserListener:0.061009247
FileCellRenderer:0.060210828
ListVFSFileTransferable:0.059478704
FavoritesProvider:0.0585685
InstallPanel:0.058204018
DockableWindowManager:0.055681624
ActionSet:0.05381485
ListDirectoryBrowserTask:0.053309686
JEditActionSet:0.052212846
FileRootsVFS:0.050690077
EditPlugin:0.04803189
EditPane:0.043723013
BeanShell:0.04099902
DirectoryProvider:0.040018633
JEditBuffer:0.038938258
SearchAndReplace:0.03711944
DirectoryListSet:0.035950527
ToolBarEditDialog:0.033082645
TextAreaTransferHandler:0.032930642
RecentDirectoriesProvider:0.031887706
MkDirBrowserTask:0.030758483
HistoryTextField:0.029934466
HistoryModel:0.029615581
EditAction:0.02917555
ServiceManager:0.028548075
DeleteBrowserTask:0.027821328
EditBus:0.02692537
JEditActionContext:0.02605793
Registers:0.024639625
Log:0.023945784
VFSUpdate:0.023801753
NameSpace:0.023442598
AbstractBrowserTask:0.021844115
ThreadUtilities:0.02099979
DefaultFocusComponent:0.018245976
PluginUpdate:0.01780507
ActionContext:0.017582288
BufferUpdate:0.017152661
OperatingSystem:0.015851527
SaveBackupOptionPane:0.010691574
MenuItemTextComparator:0.00718832
DockableWindow:0.0063482844
PropertiesChanged:0.006134565
Task:0.006064848
RolloverButton:0.0054115187
TaskManager:0.0052909027
TaskAdapter:0.003475679
UtilEvalError:0.0017359527
