SWTRenderer:0.4666666666666667
SWTFontManager:0.4533333333333333
