GwtTeamingMessages:0.5722222222222223
DlgBox:0.5033333333333333
EditBrandingDlg:0.2833333333333333
GwtTeamingImageBundle:0.24666666666666667
VibeTour:0.07833333333333334
