RequestInfo:0.6866666666666666
GwtMainPage:0.38333333333333336
OnSelectBinderInfo:0.37666666666666665
TreeDisplayVertical:0.29
UserStatusControl:0.26666666666666666
AddNewFolderDlg:0.24833333333333332
EventHelper:0.24
TrashView:0.23333333333333334
BlogFolderView:0.2305555555555555
CopyMoveEntriesDlg:0.2305555555555555
WorkspaceTreeControl:0.22
DataTableFolderViewBase:0.20666666666666667
RefreshSidebarTreeEvent:0.20333333333333334
RerootSidebarTreeEvent:0.13666666666666666
