InternalAwsS3Service:0.4266666666666667
AwsEc2ServiceImpl:0.4266666666666667
AwsS3ServiceImplTests:0.39
AwsEc2ServiceImplTests:0.25
