CatalogRequest:0.6383333333333333
Csw:0.4494444444444445
CswServer:0.31
Harvester:0.2866666666666667
GetRecordsRequest:0.27666666666666667
CswOperation:0.2
