Style:0.41333333333333333
ModuleManager:0.31666666666666665
BaseAction:0.25333333333333335
ControllersParser:0.24333333333333335
MetaController:0.23666666666666666
MetaSubcontroller:0.17
XmlElementsNames:0.0
