MonochromeParam:0.45666666666666667
DcmImageReader:0.38666666666666666
ColorModelParam:0.33916666666666667
PaletteColorParam:0.2833333333333333
