AbstractTransactSQLDialect:0.5991666666666666
NullablePrimaryKeyTest:0.24333333333333335
JoinColumnOverrideTest:0.24333333333333335
