Row:0.6033333333333334
TableView:0.58
TableViewColumn:0.4533333333333333
VNumber:0.42833333333333334
TableViewModelListener:0.39561111111111114
TableViewModel:0.37333333333333335
PosPanel:0.30666666666666664
MBOEGroup:0.29
DefaultTableViewColumn:0.27
X_C_Coupon:0.2633333333333333
DefaultTableViewModel:0.22
AbstractTableViewModel:0.18000000000000002
VCellRenderer:0.16666666666666666
TableViewAdapter:0.16666666666666666
AbstractTableViewColumn:0.13666666666666666
C_AcctSchema_Default_Copy:0.11333333333333333
AcctSchemaDefaultCopy:0.11333333333333333
VCouponGen:0.11
MCoupon:0.056666666666666664
TableViewModelEvent:0.055
POSCellRenderer:0.048611111111111105
TableHeaderRenderer:0.04666666666666667
POSCellEditor:0.02666666666666667
