Simulator:0.6033333333333334
Options:0.48
StateJList:0.31
NewGraphAction:0.22055555555555556
DefaultGrammarView:0.21333333333333335
DeleteGraphAction:0.15999999999999998
SaveGraphAction:0.15
EditGraphAction:0.14666666666666667
MyMouseListener:0.12
FreshNameDialog:0.10333333333333333
