JPPFScheduleHandler:0.7333333333333333
PeerNode:0.6916666666666667
