ArbitraryAggregationState:0.4494444444444445
ArbitraryAggregation:0.39
ArbitraryAggregationStateSerializer:0.24
SingleArbitraryAggregationState:0.21333333333333335
TestArbitraryAggregation:0.20333333333333334
GroupedArbitraryAggregationState:0.19333333333333333
ArbitraryAggregationStateFactory:0.17666666666666667
