OAIProviderServlet:0.6666666666666666
ServerController:0.4066666666666667
