TransactionalMap:0.83
TransactionalMapProxySupport:0.41333333333333333
ClientTxnMapProxy:0.33666666666666667
MapTransactionLog:0.2861111111111111
TransactionalMapProxy:0.22333333333333333
TxnLockAndGetOperation:0.21166666666666667
AbstractTxnMapRequest:0.20333333333333334
MapTransactionTest:0.13333333333333333
ClientTxnMapTest:0.06333333333333334
