ClusterServiceImpl:0.6555555555555557
MembershipManager:0.5666666666666667
JoinStressTest:0.17333333333333334
DecideNewMembersViewTask:0.14333333333333334
