WebserviceBean:0.5
WebserviceBeanRemote:0.4666666666666667
Kuwaiba:0.37666666666666665
