StoreScp:0.44333333333333336
FileDTO:0.3466666666666667
PrivateFileBean:0.2833333333333333
FileBean:0.2833333333333333
QueryFilesCmd:0.2561111111111111
StoreScpService:0.24
FileSystemMgt2Service:0.21666666666666667
