HbmHelper:0.44333333333333336
HibernateMappingBinder:0.36
HbmPluralAttributeDomainState:0.36
JaxbHelper:0.31
EntityBinding:0.24333333333333335
HbmSimpleValueRelationalStateContainer:0.23666666666666666
AbstractHbmAttributeDomainState:0.21333333333333335
AbstractEntityBinder:0.2
HbmSimpleAttributeDomainState:0.2
HbmColumnRelationalState:0.19666666666666666
HibernateXmlBinder:0.19333333333333333
RootEntityBinder:0.16666666666666666
OrmXmlParser:0.11333333333333333
HbmCollectionElementDomainState:0.02666666666666667
HibernateMappingJaxbRoot:0.0
