SamplesUtil:0.8466666666666666
BasicPublisher:0.35333333333333333
BasicSubscriber:0.3258333333333333
