DocumentEditor:0.43666666666666665
SetsTableCellEditor:0.36
TypeHandler:0.3433333333333333
SetHandler:0.2966666666666667
SetsTableCellRenderer:0.19777777777777777
SetsTableModel:0.18333333333333332
AnnotationSetsView:0.17666666666666667
