ServerConnection:0.6233333333333333
DummyHttpServerMetrics:0.25666666666666665
HttpServerMetrics:0.22911111111111113
