IOSInput:0.6366666666666667
MainMenuScreen:0.36
SuperJumper:0.3466666666666667
