GraphEltSet:0.61
GraphViewI:0.4737857142857143
SQL:0.3433333333333333
NbrowseJdbcAdapter:0.2833333333333333
NyuWormRnai:0.25666666666666665
JnetManager:0.24666666666666667
TouchGraphXmlAdapter:0.23333333333333334
GraphData:0.20111111111111113
TabFileAdapter:0.17333333333333334
RamAdapter:0.15666666666666668
JdbcMetaDataReader:0.14
QueryMaker:0.13666666666666666
DatabaseWriteXML:0.11753968253968256
StepExpansionThread:0.11333333333333333
DBReader:0.03333333333333333
DBThread:0.03333333333333333
