MapProxy:0.8533333333333334
SortedMapProxy:0.6877777777777778
