Utils:0.7466666666666667
SelectQueryImpl:0.32
OrderByTests:0.30666666666666664
Alias:0.25777777777777783
