LayeredCanvas:0.6566666666666666
WindowingLayeredCanvas:0.37083333333333335
NetworkQueueUpdateDelegate:0.22
SeriesListUpdator:0.20333333333333334
