Context:0.72
Archiver:0.35
ArchiveConductor:0.29
Replayer:0.21333333333333335
Recorder:0.19666666666666666
