GwtViewHelper:0.5483333333333333
DataTableFolderViewBase:0.47361111111111104
CollectionView:0.3616666666666667
