DataEnvironment:0.8666666666666667
Linker:0.34
CreateObjectStep:0.21666666666666667
CreateMainObjectStep:0.19166666666666668
ObjectInitPopStep:0.17438888888888887
