Util:0.7033333333333334
CruiseControlControllerJMXAdaptor:0.35333333333333333
