Word2Vec:0.4066666666666667
InMemoryLookupCache:0.37
TextVectorizer:0.32600793650793647
TfidfVectorizer:0.20666666666666667
VocabCache:0.20583333333333334
Builder:0.17
BaseTextVectorizer:0.17
VocabActor:0.16666666666666666
Word2VecLoader:0.10333333333333333
Word2VecRawExample:0.09
BagOfWordsVectorizer:0.07833333333333334
BagOfWordsVectorizerTest:0.056666666666666664
TfIdfVectorizerTest:0.056666666666666664
