MapFacadeBean:0.4066666666666667
Assert:0.38333333333333336
MapFacade:0.25666666666666665
IMapFacadeImpl:0.23666666666666666
ActionTagBase:0.2
LinkTag:0.2
InvoiceTest:0.165
PasteElementsInCollectionAction:0.13666666666666666
