RedisCommands:0.9604444444444444
RedissonAtomicLong:0.3566666666666667
