Response:0.7033333333333334
Sender:0.33666666666666667
AtMapInitTest:0.23333333333333334
