AssignmentInfo:0.53
UserAndGroupType:0.49333333333333335
GwtViewHelper:0.4633333333333333
GwtServerHelper:0.37
FolderRow:0.36666666666666664
FolderColumn:0.30333333333333334
PersonalWorkspacesView:0.22
AdministratorsView:0.21333333333333335
DataTableFolderViewBase:0.20666666666666667
GwtShareItem:0.20333333333333334
UserPropertiesDlg:0.2
FolderRowComparator:0.18444444444444444
UserAndGroupTypeCell:0.14333333333333334
GwtAdministratorsHelper:0.08
UserAndGroupTypeColumn:0.023333333333333334
