Connection:0.8666666666666667
Mongo:0.6133333333333333
MongoQueryCursor:0.26
OperationHelper:0.23333333333333334
MongoAsyncQueryCursorTest:0.19111111111111112
CommandOperationHelper:0.13666666666666666
MongoQueryCursorExhaustTest:0.10305555555555554
DefaultServer:0.1
QueryOperationHelper:0.08472222222222221
PinnedBinding:0.04666666666666667
MongoAsyncQueryCursor:0.043333333333333335
QueryOperation:0.02
PinnedBindingTest:0.016666666666666666
AbstractReferenceCounted:0.0
