Q:0.43333333333333335
ThreadContext:0.4166666666666667
ClusterImpl:0.37666666666666665
MProxyImpl:0.31333333333333335
ReplicatedMap:0.29333333333333333
ClusterService:0.28272222222222226
Node:0.26666666666666666
ConcurrentMapManager:0.26333333333333336
IMap:0.2500396825396825
ClusterManager:0.24666666666666667
Serializer:0.24
CMap:0.22333333333333333
BlockingQueueManager:0.21166666666666667
TextCommandServiceImpl:0.205
MapClientProxy:0.19666666666666666
PartitionServiceImpl:0.185
ReadHandler:0.13666666666666666
AbstractSelectionHandler:0.12666666666666668
ResponseThreadRunnable:0.043333333333333335
ClientRequestHandler:0.03333333333333333
