DSLContext:0.665
DSL:0.48
DefaultDSLContext:0.2866666666666667
SQLResultQuery:0.19333333333333333
jOOQAbstractTest:0.17333333333333334
SQLTable:0.14666666666666667
SQLField:0.13333333333333333
SQLQuery:0.13333333333333333
SQLCondition:0.13
