RedisConnection:0.67
CommandAsyncService:0.33666666666666667
RedissonBlockingQueueTest:0.3333333333333333
