GoToDialog:0.53
BaseEditorPanel:0.39222222222222225
BaseFineEditor:0.38333333333333336
