BaseLayer:0.42333333333333334
UpdateActivationIterationListener:0.36
LBFGS:0.28
DefaultParamInitializer:0.2568095238095238
PretrainParamInitializer:0.22658730158730161
PlotFilters:0.20333333333333334
TestRenders:0.17666666666666667
ApiResource:0.08
TsneResource:0.013333333333333334
