Socks5ProxySocketFactory:0.48
HTTPProxySocketFactory:0.47333333333333333
Socks4ProxySocketFactory:0.47333333333333333
SocketHttpConnectionProvider:0.2866666666666667
