TasksTree:0.7183333333333334
TimeSlotDescriptionInputDialog:0.5133333333333333
