RepositoryService:0.7491666666666666
GenericWebdavRepositoryService:0.64
FileRepositoryService:0.33666666666666667
