GoogleMapsGeoLocationService:0.5766666666666667
GeoLocationService:0.485
GoogleMapsProperties:0.37666666666666665
MaxmindDatabaseGeoLocationService:0.31333333333333335
GoogleMapsGeoCodingConfiguration:0.17333333333333334
