ClientConductor:0.6966666666666667
DriverEventsAdapter:0.42916666666666664
DriverEventsListener:0.33088888888888884
