WebResources:0.8416666666666667
DelegateTaskServlet:0.17333333333333334
