FailingOperationResponseHandler:0.569555315055315
MigrationOperation:0.4866666666666667
MigrationManager:0.3466666666666667
MigrateTask:0.2813333333333334
BaseMigrationOperation:0.25333333333333335
BeforePromotionTask:0.24949999999999997
MigrationRequestOperation:0.23666666666666666
PromotionCommitOperation:0.22
FinalizeMigrationOperation:0.19333333333333333
MigrationCommitRollbackTestingService:0.19
PartitionReplicaStateChecker:0.17
CheckReplicaVersionTask:0.12488095238095236
DummyOperation:0.09333333333333334
DummyPartitionAwareOperation:0.06333333333333334
MigrationAwareServiceEventTest:0.01
