CommandLineOptions:0.6966666666666667
Collections:0.4772222222222222
