Builder:0.6397222222222222
SimpleGrantedAuthorityMixinTests:0.5638055555555556
CoreJackson2Module:0.48
