LockService:0.4166666666666667
QueryTest:0.36
TxnMapProxySupport:0.3333333333333333
Backup:0.32
TopicTest:0.30333333333333334
QueueClientRequestTest:0.2833333333333333
EvictionTest:0.25666666666666665
ListenerTest:0.25633333333333336
PartitionRecordStore:0.24666666666666667
MapClientRequestTest:0.24666666666666667
BasicTest:0.22888888888888886
TestMapStore:0.22888888888888886
TransactionQueueTest:0.21333333333333335
SemaphoreTest:0.18333333333333332
MapStoreTest:0.16
MultiMapTest:0.15666666666666668
BaseLockOperation:0.15333333333333332
ExecutorTest:0.15333333333333332
LockTest:0.14333333333333334
PredicatesTest:0.13666666666666666
