DistributedMasterBuilder:0.6994444444444444
DistributedMasterBuilderTest:0.5266666666666666
