ConfiguredClass:0.4633333333333333
ComponentAttributeSourceImpl:0.4
EntitySourceImpl:0.26
EmbeddableBindingTest:0.2
A:0.17
B:0.17
C:0.17
Customer:0.023888888888888887
User:0.0
Address:0.0
Phone:0.0
Zipcode:0.0
