ShadowActivity:0.45
ShadowWindow:0.42333333333333334
ShadowWrangler:0.37333333333333335
Setup:0.21666666666666667
ActivityControllerTest:0.20666666666666667
