WindowManager:0.6133333333333333
LayerPainter:0.58
Path:0.49333333333333335
DecoderListener:0.4866666666666667
Layer:0.47
ConcreteLayerPainter:0.4533333333333333
EventQueue:0.42
Widget:0.3933333333333333
AbstractWidgetRefHandler:0.365
MessageProcessor:0.3566666666666667
WidgetsRefHandler:0.2866666666666667
ProcessingListener:0.2853333333333333
ServerBinaryDFHandler:0.27666666666666667
BasicServerEngine:0.2733333333333333
Synth2Parser:0.26666666666666666
ClientMessageDecoder:0.265
ServerMessageProcessor:0.25
ScenarioDecoderAction:0.24666666666666667
TreeDynamicEnum:0.24666666666666667
AbstractCockpitConfigurationHandler:0.23
ServerXMLDFHandler:0.23
DevicesPainter:0.22833333333333333
WidgetListener:0.22333333333333333
Perf:0.21333333333333335
CockpitConfigurationHandler:0.21333333333333335
AbstractServerEngine:0.21
DefaultEventQueue:0.21
DummyProtocol:0.205
ServerDFHandler:0.205
ClientMessageProcessor:0.2
MessageDecoder:0.19833333333333333
MessageDecoderAction:0.19666666666666666
TextRenderer:0.19666666666666666
EmbeddedWindowManager:0.18333333333333332
ServerGUITools:0.18333333333333332
WindowsWindowManager:0.18
AbstractWindowManager:0.17666666666666667
LimitableEventQueue:0.17666666666666667
EventQueueListener:0.16055555555555556
ReaderEventQueue:0.16
ScenarioDebuggerAction:0.15333333333333332
BlockingEventQueue:0.15333333333333332
EditorEngine:0.15333333333333332
MeasureHistory1d:0.15333333333333332
AbstractClientEngine:0.15333333333333332
ListenerTask:0.14833333333333334
ARINCCSSRenderer:0.14
SuperLayerPainter:0.13833333333333334
CSSPropertiesParser:0.13833333333333334
CockpitIDGenerator:0.13666666666666666
DFHandler_3Test:0.13666666666666666
NetworkClient:0.11753968253968256
CSSPropertyHandler:0.11666666666666667
ServerCockpitTest:0.10333333333333333
ServerCockpit_4Test:0.10333333333333333
UpdateRunnable:0.08
AbstractLayerPainter:0.07666666666666666
PlainTextCellEditor:0.05
ChangeStamp:0.05
Chronometer:0.04666666666666667
DefaultProcessingListener:0.03666666666666667
CPU:0.006666666666666667
GUIActionRunnable:0.0033333333333333335
