IDBResource:0.7066666666666667
DatabaseManager:0.5233333333333333
ConfigurationHelper:0.41
AddToDBWizard:0.22333333333333333
