DynamicCollection:0.37666666666666665
DynamicList:0.3233333333333333
DynamicListIterator:0.29333333333333333
DynamicSortedSet:0.29
DynamicSortedSetTest:0.26
DynamicCollectionTest:0.25666666666666665
DynamicListTest:0.25
DynamicIterator:0.24333333333333335
OsgiServiceCollection:0.23666666666666666
ServiceProxyFactoryBeanTest:0.14333333333333334
Listener:0.11333333333333333
DynamicCollectionIteratorTests:0.09333333333333334
WeakCollectionTests:0.06533333333333334
DynamicSetTest:0.058333333333333334
DynamicSortedSetIteratorTest:0.056666666666666664
DynamicSet:0.013333333333333334
GCTests:0.0033333333333333335
