InferenceRule:0.525
BDDSolver:0.41333333333333333
Solver:0.3566666666666667
