ITransmitter:0.5166666666666667
ISharedProject:0.485
Saros:0.47333333333333333
User:0.47333333333333333
IncomingTransferObject:0.43333333333333335
SharedProject:0.4166666666666667
TransferDescription:0.4166666666666667
Util:0.3283333333333333
JoinSessionWizard:0.31333333333333335
ISessionManager:0.2816666666666667
IIncomingInvitationUI:0.27051984126984113
InvitationDialog:0.27
XMPPChatTransmitter:0.27
InvitationProcess:0.27
BinaryHeader:0.27
DataTransferManager:0.25
IInvitationProcess:0.2375
IBBTransferListener:0.23333333333333334
JingleFileTransferSession:0.22333333333333333
OutgoingInvitationProcess:0.20666666666666667
ActivitySequencer:0.205
BinaryPacket:0.2
JingleFileTransferManager:0.19666666666666666
SarosPacketCollector:0.19
SarosUI:0.17666666666666667
IncomingInvitationProcess:0.17666666666666667
SessionManager:0.17666666666666667
ConsistencyWatchdogHandler:0.17333333333333334
IOutgoingInvitationUI:0.16333333333333333
BinaryChannel:0.16
XMPPConnectionListener:0.155
InvitationDialogLabelProvider:0.15333333333333332
SessionLabelProvider:0.15333333333333332
FileMediaManager:0.15
IJingleFileTransferListener:0.15
PacketExtensionUtils:0.13
FileTransferConnection:0.125
InviterData:0.12333333333333334
JoinSessionWizardUtils:0.12333333333333334
LocalCancellationException:0.10666666666666667
UserCancellationException:0.10666666666666667
InvitationInfo:0.08121825396825397
ISessionListener:0.07
UserListHandler:0.06666666666666667
CancelInviteHandler:0.06666666666666667
IInvitationUI:0.05
AbstractSessionListener:0.05
ShowDescriptionPage:0.04666666666666667
JingleTransferListener:0.04
TransferDescriptionTest:0.035833333333333335
ScanRunner:0.03333333333333333
XMPPChatReceiver:0.025833333333333333
ReceiverThread:0.023333333333333334
InvitationHandler:0.02
DefaultInvitationInfo:0.016666666666666666
ActivitiesHandler:0.014444444444444447
DispatchThreadContext:0.01
UserListInfo:0.0033333333333333335
RemoteCancellationException:0.0
