DefaultRenderContext:0.62
MetaCatalog:0.4046666666666667
JDBCUtils:0.27666666666666667
MetaImpl:0.19666666666666666
