Main:0.6833333333333333
Launcher:0.37666666666666665
MainTest:0.3566666666666667
LauncherTest:0.11666666666666667
