HttpSecurityBeanDefinitionParserTests:0.44333333333333336
HttpSecurityBeanDefinitionParser:0.38666666666666666
Elements:0.19061111111111112
GlobalMethodSecurityBeanDefinitionParser:0.16
OrderDecorator:0.11333333333333333
