jOOQAbstractTest:0.5
ResultQuery:0.4885952380952381
AbstractDelegatingSelect:0.31333333333333335
ResultQueryCallable:0.31255555555555553
AbstractResultQuery:0.22333333333333333
