List:0.34
Option:0.32
Array:0.30333333333333334
Either:0.29333333333333333
CharSeq:0.2833333333333333
LeftProjection:0.2
RightProjection:0.18666666666666668
