ForRebaseInstrumentation:0.25666666666666665
FieldCacheAppender:0.25666666666666665
AbstractMethodDescription:0.25
InliningDynamicTypeBuilder:0.22666666666666666
ClassReloadingStrategy:0.22333333333333333
TargetHandler:0.21833333333333332
Simple:0.18
FieldRegistryDefaultTest:0.16333333333333333
