ManifestAttributes:0.44333333333333336
ClsSet:0.38333333333333336
BinaryXMLParser:0.34
ConvertToClsSet:0.17333333333333334
