NeuralNetConfiguration:0.7333333333333333
Builder:0.5433333333333333
DeepLearningConfigurable:0.30046031746031737
ZooKeeperConfigurationRegister:0.24333333333333335
ZookeeperConfigurationRetriever:0.23666666666666666
ListBuilder:0.1877777777777778
