NutDao:0.6066666666666667
NutEntity:0.37333333333333335
OneLinkField:0.2633333333333333
OneTest:0.24666666666666667
