String:0.6733333333333333
InitializationNormalizer:0.30333333333333334
InnerClassExtractorTest:0.2866666666666667
StatementGeneratorTest:0.23333333333333334
AnonymousClassConverterTest:0.22666666666666666
SortedMapTestBase:0.22166666666666668
Rewriter:0.21666666666666667
InitializationNormalizerTest:0.20666666666666667
RewriterTest:0.205
MathContext:0.16666666666666666
ScopeTest:0.14
StringTest:0.09666666666666666
