LWJGLException:0.43805555555555553
Window:0.3566666666666667
Mouse:0.32666666666666666
Sys:0.31733333333333336
Display:0.2966666666666667
EAX:0.19333333333333336
AL:0.1877777777777778
