HTMLElement:0.55
HTMLElementTest:0.4066666666666667
StringUtils:0.33666666666666667
StringUtilsTest:0.23
