MBOE:0.39666666666666667
X_C_PrintServer:0.25
MOrderLine:0.22833333333333333
MOrder:0.22333333333333333
X_C_AllocationLine:0.21333333333333335
X_GL_JournalLine:0.21
MPayment:0.20333333333333334
X_C_POSLog:0.2
X_C_POS:0.19666666666666666
X_C_PaymentLine:0.16333333333333333
MPaymentLine:0.13
X_M_PriceList_SalesRep:0.058333333333333334
