BotsService:0.7863888888888889
BotsDAO:0.3691111111111111
BotsDAOHibernateImpl:0.2833333333333333
BotsServiceBean:0.28
BotsServiceDelegateLocalImpl:0.24333333333333335
BotsServiceDelegateRemoteImpl:0.23666666666666666
BotsLogic:0.16333333333333333
BotsServiceDelegate:0.14416666666666667
