GeneBean:0.9033333333333333
NullGeneBean:0.36
ObsoleteGene:0.32
AddGene:0.31666666666666665
GeneBeanImpl:0.17333333333333334
GeneBeanTest:0.11
