ErrorFormatter:0.7041666666666667
MakumbaJspException:0.4083333333333333
