DeterministicGenerator:0.4766666666666667
FragmentList:0.38666666666666666
DeterministcGeneratorTest:0.23666666666666666
GenerationList:0.23666666666666666
