UncompressedCursor:0.5266666666666666
TestRunLengthEncodedCursor:0.2833333333333333
UncompressedLongCursor:0.20333333333333334
TestUncompressedSliceCursor:0.20333333333333334
ValueCursor:0.20333333333333334
FilteredValueCursor:0.20333333333333334
TestUncompressedCursor:0.17333333333333334
RunLengthEncodedCursor:0.16166666666666665
UncompressedSliceCursor:0.16166666666666665
