ServiceEndpoint:0.79
CliDeploymentTest:0.30666666666666664
CliJobCreationTest:0.3
ConfigFileJobCreationTest:0.19666666666666666
