Lib:0.5466666666666666
Xml:0.45666666666666667
GetRecord:0.2658333333333333
ListRecords:0.2658333333333333
AbstractRequest:0.17666666666666667
ListMetadataFormats:0.17
ListIdentifiers:0.1313888888888889
