ReturnMappedAttributeReleasePolicyTests:0.43333333333333335
BaseRegisteredServiceUsernameAttributeProvider:0.3466666666666667
AnonymousRegisteredServiceUsernameAttributeProvider:0.2916666666666667
DefaultRegisteredServiceUsernameProvider:0.25666666666666665
ShibbolethCompatiblePersistentIdGenerator:0.20666666666666667
