BatchNormalization:0.5783333333333334
BatchNormalizationParamInitializer:0.41333333333333333
BatchNormalizationTest:0.22
