RecordStore:0.7833333333333333
PartitionCheckIfLoadedOperation:0.3566666666666667
MapStoreTest:0.32
MapProxySupport:0.27
DefaultRecordStore:0.21333333333333335
MapKeyLoader:0.21
CallbackResponseSender:0.16738095238095238
