TrainingFunction:0.30333333333333334
SparkWord2Vec:0.22666666666666666
SparkSequenceVectors:0.11
