Value:0.9483333333333334
JolieGWTConverter:0.30666666666666664
