TextureHandler:0.5226666666666667
SunshineRaytracer:0.49333333333333335
Kernel:0.49333333333333335
Testumgebung:0.26
TestRaytracer:0.13083333333333333
