Description:0.59
JUnitCore:0.43
RunNotifier:0.22333333333333333
TestWatcher:0.19
CommandLineTest:0.15666666666666668
JUnitCoreReturnsCorrectExitCodeTest:0.12666666666666668
TestListenerTest:0.12666666666666668
SafeNotifier:0.11482323232323231
TestSystem:0.09333333333333334
RealSystem:0.08
DescriptionTest:0.02
JUnitSystem:0.006944444444444445
