SLTime:0.44333333333333336
Location:0.4411111111111111
UnitGroup:0.4066666666666667
InfantryGroup:0.4033333333333333
Infantry:0.25333333333333335
ScenarioRoot:0.25
PersistenceRegistry:0.24666666666666667
RulesVersion:0.22166666666666668
TransportGroup:0.21833333333333332
GameBuilder:0.09333333333333334
FireMachineGunsTest:0.06333333333333334
