ToAnalysis:0.6343333333333334
UserDefineAnalysis:0.6343333333333334
