DULServiceUser:0.5283333333333333
DULServiceProvider:0.42333333333333334
AAbort:0.3433333333333333
State:0.32666666666666666
AAssociateRQAC:0.2966666666666667
AAssociateRQACEncoder:0.17333333333333334
DULProtocolHandler:0.17
DULProtocolAcceptor:0.16
Sta1:0.14666666666666667
Client:0.13
UserIdentity:0.13
AAssociateRQEncoder:0.12666666666666668
AAssociateACEncoder:0.12666666666666668
AReleaseRP:0.12
PresentationContext:0.09444444444444446
AAssociateRQ:0.08333333333333333
Sta7:0.07333333333333333
Sta5:0.07333333333333333
Sta4:0.07
Sta2:0.06666666666666667
Sta13:0.06
Sta9:0.05333333333333334
Sta8:0.05333333333333334
Sta6:0.043333333333333335
Sta3:0.03666666666666667
Server:0.035833333333333335
AReleaseRQ:0.03527777777777778
AAssociateAC:0.03123015873015873
Sta10:0.01
Sta12:0.01
Sta11:0.01
