Table:0.59
RestTable:0.44333333333333336
RestHealthAction:0.3466666666666667
RestCountAction:0.24333333333333335
