Style:0.6833333333333333
GAMEAdapter:0.35
FeatureProperty:0.33666666666666667
ApolloRunner:0.21222222222222223
TiersIO:0.17333333333333334
HelpMenu:0.15333333333333332
GAMEPanel:0.08
