RequestBuilderBase:0.49
ReactiveStreamsBodyGenerator:0.36
NettyReactiveStreamsBody:0.19333333333333333
StreamedBody:0.18666666666666668
NettyRequestFactory:0.17666666666666667
