Sender:0.47
PublicationImage:0.4166666666666667
RetransmitHandler:0.3
MediaDriver:0.2377777777777778
SendChannelEndpoint:0.2175
