MyObject:0.49861111111111106
RedissonLiveObjectService:0.49333333333333335
RedissonLiveObjectServiceTest:0.41
