OperationExecutor:0.6733333333333333
OperationServiceImpl:0.61
OperationExecutorImpl:0.5133333333333333
NodeEngineImpl:0.32
PacketDispatcherImplTest:0.2633333333333333
InternalOperationService:0.2
PacketDispatcherImpl:0.12666666666666668
OperationThreadTest:0.06
