ParcelableParcelable:0.6866666666666666
ParcelTest:0.3433333333333333
ParcelCodeRepository:0.34
ParcelableParcelableFactory:0.17981481481481482
