LanderHab:0.37333333333333335
ERVBase:0.37333333333333335
