BioResource:0.6966666666666667
StringResource:0.49333333333333335
