ScriptService:0.6
ESIntegTestCase:0.44333333333333336
ScriptServiceTests:0.2733333333333333
ESSingleNodeTestCase:0.2733333333333333
ScriptModule:0.14666666666666667
