OutgoingInvitationProcess:0.37333333333333335
CommunicationNegotiatingManager:0.30666666666666664
MultiUserChatManager:0.2633333333333333
AudioPlayer:0.215
CommunicationPreferences:0.11944444444444442
PreferenceConstants:0.07333333333333333
