BeanUtil:0.6233333333333333
BeanUtilUtil:0.2966666666666667
JspValueResolver:0.28
TypeConverterManager:0.25666666666666665
JoddDefault:0.011111111111111112
