MapNearCacheManager:0.5466666666666666
AbstractNearCacheBasicTest:0.45
MapServiceContextImpl:0.44666666666666666
ReplicatedMapProxy:0.30666666666666664
