IOSGraphics:0.5333333333333333
IOSInput:0.45666666666666667
IOSApplication:0.38333333333333336
IOSUIViewController:0.13
