JdbcDateTypeDescriptor:0.5283333333333333
CalendarDateTypeDescriptor:0.4266666666666667
CalendarTimeTypeDescriptor:0.4266666666666667
