TransientFedoraSession:0.61
APIMWrapper:0.5883333333333334
FedoraOAIDriverTestBase:0.11666666666666667
