Transaction:0.4766666666666667
GraphManager:0.45666666666666667
PersistenceManager:0.22333333333333333
LogStore:0.20444444444444443
