FileUtils:0.7033333333333334
ARCWriterTest:0.3233333333333333
ARCSocketFactoryTest:0.31333333333333335
TmpDirTestCase:0.2966666666666667
