FedoraUsers:0.5633333333333334
TestFedoraUsers:0.20333333333333334
