Strings:0.68
MaplRebuild:0.36333333333333334
NutMap:0.33
MaplTest:0.24
Tmpl:0.19666666666666666
StringsTest:0.09
TmplTest:0.08
