INVOKESTATIC:0.33666666666666667
INVOKESPECIAL:0.33666666666666667
INVOKEVIRTUAL:0.33666666666666667
LCMP:0.27051984126984113
LUSHR:0.13805555555555557
LDIV:0.13805555555555557
LAND:0.13805555555555557
LSHL:0.13805555555555557
LXOR:0.13805555555555557
LREM:0.13805555555555557
LOR:0.13805555555555557
LSHR:0.13805555555555557
LNEG:0.016666666666666666
LADD:0.016666666666666666
LSUB:0.016666666666666666
LMUL:0.016666666666666666
