CompatibilityTest:0.6726666666666667
IndexGenerator:0.6177777777777778
