UpdateAnnotation:0.3
SearchGenes:0.28
GeneSearcher:0.27
UpdateTerm:0.25
AddGene:0.23166666666666666
UpdateGene:0.23
SearchTerms:0.23
SearchArticles:0.20388888888888887
AddAllele:0.1983888888888889
SqlSearcher:0.19666666666666666
UpdateSequence:0.19666666666666666
UpdateLocus:0.19
Summary:0.18666666666666668
AddUrl:0.18555555555555556
AddProtocol:0.18388888888888888
TermHelper:0.17065656565656565
UrlLinkingTable:0.16454545454545452
DisplayGoTerm:0.1634343434343434
DisplayObjectTerm:0.1634343434343434
AddPubSource:0.1391111111111111
AddCommunication:0.1391111111111111
AddBulkGoTerm:0.13666666666666666
