PyInstance:0.6033333333333334
PyClass:0.38333333333333336
ProxyMaker:0.26
PythonObjectInputStream:0.09
