GeneTable:0.44166666666666665
TermTable:0.37583333333333335
Gene:0.34
PubAuthenticationObject:0.23083333333333328
GeneTableTest:0.18666666666666668
