StructureResonanceGeneratorTest:0.36
PartialPiChargeDescriptorTest:0.2916666666666667
BreakingBondReaction:0.26
RearrangementCation3Reaction:0.22166666666666668
RearrangementRadical1Reaction:0.22166666666666668
RearrangementRadical2Reaction:0.22166666666666668
RearrangementRadical3Reaction:0.22166666666666668
BondPartialTChargeDescriptorTest:0.16866666666666666
