AbstractTypeDescriptionGenericTest:0.49416666666666664
MethodToken:0.44
LazyTypeDescription:0.32666666666666666
FieldToken:0.29
TypeDescriptionGenericBuilderTest:0.24666666666666667
GenericTypeToken:0.225
RawAnnotatedType:0.17833333333333334
ForUpperBoundWildcard:0.17333333333333334
MethodTokenList:0.14333333333333334
FieldTokenList:0.14333333333333334
TypePoolDefaultTest:0.11333333333333333
LazyLowerBoundWildcard:0.10666666666666667
LazyUpperBoundWildcard:0.023333333333333334
ForWildcardBound:0.02
