ISharedProject:0.6144444444444445
SharedProject:0.35
User:0.2866666666666667
PacketExtensionUtils:0.22333333333333333
XMPPChatTransmitter:0.22
IncomingInvitationProcess:0.21666666666666667
ITransmitter:0.20083333333333334
ISharedProjectListener:0.19333333333333333
SessionManager:0.19
OutgoingInvitationProcess:0.19
DefaultInvitationInfo:0.18333333333333332
AbstractSharedProjectListener:0.11
DefaultSessionInfo:0.08273352573352574
SessionContentProvider:0.07444444444444444
InvitationCompleteExtensionProvider:0.0
