RetryingRequestDispatcher:0.41
Utils:0.35333333333333333
CliParserTest:0.30666666666666664
Builder:0.24333333333333335
DefaultRequestDispatcher:0.18666666666666668
MultiTargetControlCommand:0.17333333333333334
RetryingRequestDispatcherTest:0.15833333333333333
GlobalArgs:0.15333333333333332
ControlCommand:0.12666666666666668
