ProfileModule:0.6759444444444445
ProfileModuleImpl:0.31
TeamingServiceEndpoint:0.30333333333333334
ProfileService:0.28444444444444444
TeamingServiceClientWithCall:0.25333333333333335
GroupCollection:0.21666666666666667
ProfileServiceImpl:0.11333333333333333
WSClientBase:0.08666666666666667
GroupBrief:0.06333333333333334
