STFWorkbenchBot:0.5533333333333333
STFBot:0.5233333333333333
STFBotEditor:0.4266666666666667
STFBotEditorImp:0.41333333333333333
Tester:0.3283333333333333
TestUserWithWriteAccessSavesFiles:0.2966666666666667
STFBotImp:0.24666666666666667
SarosConditions:0.24666666666666667
TestEditorByAlice:0.24333333333333335
TestSessionView:0.21666666666666667
TestContextMenuOpen:0.21333333333333335
TestBasicWidgetTree:0.20333333333333334
STFWorkbenchBotImp:0.2
TestEditorByAliceAndBob:0.2
TestFileOperations:0.16666666666666666
TestSVNStateInitialization:0.15333333333333332
NoBot:0.152
TestAllParticipantsFollowUserWithWriteAccess:0.15
TestCreatingNewFile:0.13
TestFollowMode:0.12333333333333334
TestUserWithWriteAccessResetsFiles:0.12
STFController:0.11666666666666667
TestConcurrentEditing:0.11
TestChangingUserWithWriteAccessWhileOtherFollow:0.10333333333333333
TestEditDuringInvitation:0.1
NoBotImp:0.1
TestHostInvitesBelatedly:0.1
