PercolatorFieldMapper:0.8266666666666667
PercolatorPlugin:0.26166666666666666
PercolatorQuerySearchTests:0.15333333333333332
