GroupByPlannerTest:0.3933333333333333
InsertPlannerTest:0.32
PlanVisitor:0.2833333333333333
NodeOperationTreeGenerator:0.24666666666666667
PlanSymbolVisitor:0.23916666666666667
Visitor:0.13666666666666666
