BasicScheduleUtils:0.5666666666666667
UserManager:0.38666666666666666
MockPollerConfig:0.32
NotificationsTestCase:0.27666666666666667
PollOutagesConfigManager:0.2633333333333333
PollOutagesConfigFactory:0.23833333333333334
PollOutagesConfigManagerTest:0.12
