AcegiAuthenticationSource:0.4991507936507937
AcegiAuthenticationSourceTest:0.3466666666666667
DummyAuthoroty:0.18333333333333332
