FileSystemMgt2Bean:0.43
IANScuService:0.3933333333333333
DeleteStudyService:0.39166666666666666
