BlojsomConfiguration:0.7533333333333333
FileUploadPlugin:0.3063888888888889
EditBlogUsersPlugin:0.2833333333333333
