JdbcChadoAdapter:0.5266666666666666
PureJDBCTransactionWriter:0.4305555555555555
