Elvin:0.8466666666666667
ToolOptions:0.21333333333333335
Ep:0.1511111111111111
Ec:0.1511111111111111
