HtmlPage:0.6033333333333334
HtmlElement:0.54
DocumentTest:0.21333333333333335
