DerivativeTests:0.6533333333333333
MovAvgTests:0.2966666666666667
DateHistogramParser:0.14666666666666667
MaxBucketTests:0.10666666666666667
MinBucketTests:0.10666666666666667
DateHistogramTests:0.06666666666666667
HistogramParser:0.05
