Builder:0.36666666666666664
LocalProperties:0.33666666666666667
Rewriter:0.33
PartitioningPreferences:0.28
ActualProperties:0.25666666666666665
PreferredProperties:0.22
Visitor:0.18333333333333332
TestLocalProperties:0.08
