AptanaRDTPlugin:0.9733333333333334
MethodMissingWithoutRespondTo:0.35333333333333333
RubyRedLint:0.3466666666666667
