TransactionSubpart:0.45666666666666667
ChadoTransactionTransformer:0.42
FeatureProperty:0.41333333333333333
TiersIO:0.34
AnnotationEditor:0.34
PropertyScheme:0.25
SequenceEdit:0.23333333333333334
JDBCTransactionWriter:0.23333333333333334
AnnotationView:0.22555555555555556
GmodNameAdapter:0.21333333333333335
EvidencePanel:0.15777777777777777
GAMEPanel:0.08666666666666667
LocationGAMEPanel:0.043333333333333335
