ProfileDao:0.7866666666666666
ProfileDaoImpl:0.41
AbstractZoneModule:0.32
RequestContext:0.27666666666666667
ZoneModule:0.2532777777777777
NoZoneByTheNameException:0.20666666666666667
