ShardCompactionManager:0.6816666666666666
ShardCompactionDriver:0.2966666666666667
ShardCompactor:0.2916666666666667
StorageModule:0.11
