RecyclerView:0.7
Adapter:0.5633333333333334
ExpandableRecyclerView:0.36
SnackbarActivity:0.23666666666666666
SavedState:0.18666666666666668
ExpandableFruitAdapter:0.18333333333333332
DrawerActivity:0.16333333333333333
WidgetsActivity:0.12333333333333334
FeaturesActivity:0.12
GuidelinesActivity:0.12
DemosActivity:0.12
AppsLibrariesActivity:0.11333333333333333
TableLayoutActivity:0.1075
NavigationViewActivity:0.02
NinePatchShadow:0.0
