ExecutionContextStringSerializer:0.5746666666666667
JdbcExecutionContextDao:0.48
AbstractExecutionContextDaoTests:0.23
MySqlPagingQueryProvider:0.20666666666666667
JdbcJobRepositoryTests:0.18666666666666668
XStreamExecutionContextStringSerializer:0.14666666666666667
JdbcStepExecutionDaoTests:0.13666666666666666
JdbcJobExecutionDaoTests:0.13666666666666666
JdbcJobInstanceDaoTests:0.11333333333333333
ExecutionContextRowMapper:0.09787037037037037
MySqlPagingQueryProviderTests:0.09333333333333334
MapExecutionContextDaoTests:0.013333333333333334
JdbcExecutionContextDaoTests:0.0033333333333333335
