ContextCapabilitiesGenerator:0.48
GeneratorProcessor:0.36666666666666664
StateTracker:0.24333333333333335
ContextGeneratorProcessorFactory:0.19
Util:0.08666666666666667
