WorkflowProcessUtils:0.59
DefaultEmailFormatter:0.4066666666666667
DefaultEmailPoster:0.35333333333333333
