ClientMessage:0.39666666666666667
ClientDelegatingFuture:0.36
ClientExecutorServiceProxy:0.34
DelegatingFuture:0.29
DelegatingExecutionCallback:0.27133333333333337
MessageFlyweight:0.2633333333333333
FlyweightTest:0.25
FutureClientMessage:0.15
CancellableDelegatingFuture:0.10333333333333333
