GAMEAdapter:0.7591666666666667
SiteView:0.47
ScaleView:0.42333333333333334
DataLoader:0.17111111111111113
