PeriodType:0.51
TestPeriodType:0.42
YearDayType:0.3466666666666667
TestInterval_Constructors:0.30333333333333334
