PropertyRenderer:0.25666666666666665
PropertyView:0.2502777777777778
PrintTask:0.25
Content:0.22666666666666666
Printer:0.15
Entity:0.12666666666666668
Date:0.11
EntityRenderer:0.1
MyHTMLDocument:0.08666666666666667
Name:0.07666666666666666
MLE:0.06333333333333334
File:0.06
XRef:0.059166666666666666
Sex:0.016666666666666666
TreeViewPrinter:0.01
