Target:0.85
PreAuthenticatedAuthenticationProviderTests:0.33666666666666667
AclTagTests:0.29
AuthenticationTagTests:0.25333333333333335
JaasAuthenticationProviderTests:0.24666666666666667
AuthzImplTests:0.23
MethodExpressionVoterTests:0.22
SecurityContextHolderAwareRequestWrapperTests:0.19666666666666666
AnonymousAuthenticationTokenTests:0.19666666666666666
AclAuthorizationStrategyImpl:0.18666666666666668
PreInvocationExpressionAttribute:0.17333333333333334
MethodExpressionAfterInvocationProvider:0.14
ExpressionUtils:0.13333333333333333
AspectJSecurityInterceptorTests:0.13333333333333333
SimpleMethodInvocation:0.11333333333333333
ExpressionAnnotationMethodDefinitionSourceTests:0.11333333333333333
ContextPropagatingRemoteInvocationTests:0.09916666666666667
MethodExpressionVoter:0.09333333333333334
ExpressionAnnotationMethodDefinitionSource:0.09333333333333334
TargetImpl:0.08761111111111111
WebExpressionVoter:0.07333333333333333
AbstractExpressionBasedMethodConfigAttribute:0.06666666666666667
PostInvocationExpressionAttribute:0.06322222222222224
AclImplementationSecurityCheckTests:0.04666666666666667
SecurityEvaluationContext:0.03333333333333333
WebExpressionConfigAttribute:0.023333333333333334
SecurityExpressionTests:0.006666666666666667
