Util:0.8066666666666666
Results:0.22333333333333333
