ClientDynamicClusterConfig:0.36666666666666664
CacheSimpleEntryListenerConfig:0.33666666666666667
ExpiryPolicyFactoryConfig:0.2915555555555555
CacheSimpleConfig:0.29
ConfigDataSerializerHook:0.21
AddCacheConfigMessageTask:0.17333333333333334
DynamicConfigTest:0.14333333333333334
SampleCachePartitionLostListener:0.04
SampleEvictionPolicyComparator:0.023333333333333334
