Jedis:0.6033333333333334
Connection:0.37666666666666665
BinaryJedis:0.3433333333333333
Protocol:0.33666666666666667
BinaryJedisCommands:0.2825
JedisCommands:0.26916666666666667
BinaryShardedJedis:0.16333333333333333
