ParcelableAnalysisTest:0.5233333333333333
ParcelerModule:0.24333333333333335
MapReadWriteGenerator:0.23333333333333334
ListReadWriteGenerator:0.23333333333333334
SetReadWriteGenerator:0.23333333333333334
NonGenericMapCollection:0.043055555555555555
NonMappedGenericsMapCollection:0.043055555555555555
NonMappedGenericsListCollection:0.043055555555555555
NonGenericListCollection:0.043055555555555555
