DefaultProfileCoreProcessor:0.4855555555555555
ExternalUserUtil:0.4766666666666667
ObjectKeys:0.0
