EntryNode:0.5
LabelTree:0.44888888888888884
TypeEntry:0.37333333333333335
