DocumentEditor:0.5622222222222222
TestWeakValueHashMap:0.43333333333333335
TestGate:0.13666666666666666
