RedissonReactiveClient:0.6466666666666666
RedissonAtomicLongReactive:0.6316666666666667
RedissonReactive:0.4
