JGraph:0.54
SetLayoutMenu:0.3824444444444445
LTSJGraph:0.26666666666666666
ShapeJGraph:0.17444444444444446
PatternJGraph:0.1577777777777778
