Node:0.6666666666666666
BaseManager:0.35333333333333333
ResponseQueueCall:0.34
ManagementCenterService:0.33666666666666667
GroupProperties:0.24666666666666667
