MulticastDiscovery:0.5966666666666667
DistributedMasterBuilderTest:0.31333333333333335
UI:0.29333333333333333
MulticastDiscoveryTest:0.27666666666666667
LookupServiceUI:0.22
ClassServerUtil:0.05333333333333334
