BeanToArrayTest_long:0.3233333333333333
BeanToArrayTest_int:0.25666666666666665
BeanToArrayTest2:0.19333333333333333
