Utils:0.82
EnterProjectNamePage:0.2521666666666667
CollaborationUtils:0.24333333333333335
ImageTileEncoder:0.22666666666666666
