DefaultOutageService:0.39
OutageService:0.35
CurrentOutageService:0.18
AllOutagesFilters:0.13666666666666666
OutageAllController:0.08666666666666667
