DocxConfig:0.5433333333333333
FilesSupplierConfig:0.27
DataBindings:0.27
DocxHandler:0.18666666666666668
ExcelBindings:0.16
