ExecuteMobyServiceAction:0.5166666666666667
MobyView:0.5033333333333333
MobyViewCentral:0.29333333333333333
