ByteArrayObjectDataOutput:0.5833333333333334
ByteArrayObjectDataInput:0.5766666666666667
BufferPoolTest:0.3233333333333333
