JsonInjector:0.6566666666666666
JsonAdaptor:0.2733333333333333
AdaptorTestModule:0.24
Issue338Test:0.15666666666666668
SimpleAdaptorTest:0.023333333333333334
