WriterConstants:0.608
Writer:0.5166666666666667
PainlessScriptEngineService:0.28833333333333333
