MouseManager:0.6257777777777779
MouseManager14:0.42333333333333334
