DefaultHttpClient:0.4033333333333333
DefaultNetSocket:0.33166666666666667
DefaultNetClient:0.3233333333333333
DefaultAsyncFile:0.2633333333333333
DefaultVertx:0.24
DeploymentTest:0.23833333333333334
VertxHandler:0.21333333333333335
DeploymentManager:0.18666666666666668
DatagramServerHandler:0.14333333333333334
VertxNetHandler:0.11666666666666667
ServerHandler:0.10333333333333333
DeploymentImpl:0.09333333333333334
