Attribute:0.43333333333333335
HtmlParserTest:0.4266666666666667
Tag:0.4266666666666667
CleanerTest:0.2633333333333333
