ShadowApplication:0.5555555555555555
TestSharedPreferences:0.53
TestSharedPreferencesEditor:0.4667063492063494
TestSharedPreferencesTest:0.23333333333333334
PreferenceManagerTest:0.12
