MongoCollectionStream:0.4633333333333333
MongoCollectionImpl:0.3466666666666667
MongoAsyncReadTest:0.25666666666666665
DiscardCallback:0.23333333333333334
MongoStream:0.14416666666666667
AsyncGetMoreOperation:0.056666666666666664
