AgentBuilderDefaultTest:0.6066666666666667
LambdaFactoryTest:0.2811111111111111
ClassFileLocatorAgentBasedTest:0.21333333333333335
AgentBuilderLambdaInstrumentationStrategyTest:0.20666666666666667
