ButtonTextComponentMatcher:0.8713333333333333
JCPEditorAppletMenuTest:0.6133333333333333
