ControlVisitor:0.5961111111111111
PluginResults:0.39666666666666667
