Settlement:0.6633333333333333
UnitManager:0.38333333333333336
MultiplayerClient:0.25666666666666665
SettlementRegistry:0.23666666666666666
MultiplayerServer:0.17666666666666667
MarsNode:0.16333333333333333
CentralRegistry:0.115
