Listener:0.4666666666666667
OsgiServiceInterceptor:0.3566666666666667
OsgiServiceProxyFactoryBean:0.3566666666666667
MockServiceListener:0.3272804232804233
OsgiServiceProxyFactoryBeanTest:0.3233333333333333
OsgiServiceExporter:0.2816666666666667
AbstractOsgiTests:0.23333333333333334
OsgiJUnitTest:0.2105952380952381
OsgiServiceInterceptorTest:0.19833333333333333
TestExample:0.17
OsgiServiceExporterTest:0.12
OsgiNamespaceHandlerTest:0.11333333333333333
BeanNameServicePropertiesResolver:0.1
BeanNameServicePropertiesResolverTest:0.09333333333333334
OsgiServicePropertiesResolver:0.025833333333333333
AddServiceListenerMatcher:0.025
ServiceListenerTest:0.02
MyListener:0.006666666666666667
