TransitionLog:0.6233333333333333
Timer:0.48111111111111104
GraphImageBuilder:0.33
ProcessLogDAO:0.28
