JMSManager:0.8166666666666667
MessagingImpl:0.25666666666666665
MessagingModule:0.21666666666666667
NotificationInvocationHandlerTest:0.17111111111111113
