AttributeFilter:0.58
UPSManagementBean:0.3
GPWLManagerBean:0.28
GPPPSManagerBean:0.27666666666666667
MWLManagerBean:0.2633333333333333
MPPSManagerBean:0.19666666666666666
GPPPSBean:0.18666666666666668
AttributeFilterLoader:0.18333333333333332
MWLItemBean:0.17666666666666667
MPPSBean:0.17666666666666667
UPSBean:0.17666666666666667
GPSPSBean:0.17666666666666667
