RequestBuilderTest:0.42333333333333334
RequestBuilder:0.4166666666666667
RestAdapter:0.30666666666666664
Builder:0.26666666666666666
MockHandler:0.2633333333333333
RestHandler:0.23
