TrieNode:0.8133333333333334
PathTrie:0.38666666666666666
PathTrieTests:0.08666666666666667
