SelectEntityWidget:0.44
Model:0.43
CreateRelationship:0.2733333333333333
PropertyComparator:0.26666666666666666
AbstractChange:0.20333333333333334
CHILComparator:0.05
