PyFile:0.5033333333333333
__builtin__:0.39666666666666667
PyComplex:0.37
PyArray:0.35
PyFloat:0.34
PyBoolean:0.33666666666666667
PyEnumerate:0.2633333333333333
PyClassMethod:0.22333333333333333
