BlockingTimer:0.48583333333333334
ScenarioReaderImpl:0.4266666666666667
ScenarioOptions:0.25666666666666665
