JPFConfigEditor:0.44527777777777783
JPFAnnotation:0.37
JPFConfigEditorSupport:0.35777777777777775
AnnotationParser:0.19333333333333333
JPFConfigPropertySheet:0.12
