AbstractFolderCoreProcessor:0.6066666666666667
BuildDefinitionDivs:0.31333333333333335
ObjectKeys:0.28977777777777775
EnterExitEvent:0.24666666666666667
