FileHandler:0.32666666666666666
DefaultQueryHandler:0.26
WikiFile:0.24
WikiFileVersion:0.24
DatabaseHandler:0.22666666666666666
WikiPreparedStatement:0.16666666666666666
XMLUtil:0.15666666666666668
UploadServlet:0.11583333333333333
