World:0.5033333333333333
Body:0.4666666666666667
OrthographicCamera:0.27
