Mem:0.41333333333333333
OsProbe:0.26666666666666666
Swap:0.25666666666666665
Cpu:0.22
OsStats:0.20333333333333334
OsProbeTests:0.15
