RecordStore:0.8052222222222223
DefaultRecordStore:0.5633333333333334
DeleteOperation:0.2633333333333333
