Robolectric:0.5533333333333333
ShadowApplication:0.42333333333333334
ShadowLooper:0.35333333333333333
LooperTest:0.10666666666666667
