XMLDatabase:0.6666666666666666
Test:0.29
Tables:0.2603888888888889
Keys:0.0
ForeignKeys0:0.0
UniqueKeys0:0.0
