OutsidePlantViewDashboardWidget:0.7433333333333333
SelectContainerEndpointsStep:0.33666666666666667
OutsidePlantComponent:0.2866666666666667
ObjectViewScene:0.22333333333333333
