RouterContext:0.8533333333333334
SimpleRouterContext:0.8533333333333334
