Query:0.7433333333333333
Factory:0.3933333333333333
jOOQAbstractTest:0.3333333333333333
Util:0.31333333333333335
AbstractDelegatingSelect:0.29
FactoryOperations:0.2833333333333333
SettingsTools:0.27
GeneralTests:0.27
UpdateImpl:0.25
DeleteImpl:0.25
TableRecordImpl:0.24666666666666667
BatchSingle:0.2305555555555555
InsertImpl:0.2
FactoryProxy:0.18666666666666668
BatchMultiple:0.1622222222222222
