XHRPollingTransport:0.40888888888888886
WebSocketTransport:0.35
SocketIOPipelineFactory:0.2866666666666667
AuthorizeHandler:0.19833333333333333
AckEntry:0.12444444444444443
