PolygonBuilder:0.37666666666666665
ShapeBuilder:0.35
PointBuilder:0.30666666666666664
CircleBuilder:0.24833333333333332
MultiPointBuilder:0.24222222222222223
MultiPolygonBuilder:0.2227777777777778
MultiLineStringBuilder:0.21944444444444447
EnvelopeBuilder:0.2
GeometryCollectionBuilder:0.19361111111111112
LineStringBuilder:0.18666666666666668
