GUIUtilities:0.5533333333333333
JEditTextArea:0.54
ChunkCache:0.27166666666666667
BufferIORequest:0.26666666666666666
MouseHandler:0.24
View:0.23
DockableLayout:0.22166666666666668
HistoryTextField:0.20333333333333334
PanelWindowContainer:0.17333333333333334
BrowserView:0.17
BufferOptions:0.14666666666666667
ToolBarOptionPane:0.13666666666666666
LoadSaveOptionPane:0.08666666666666667
