XsdToJolieConverterImpl:0.45666666666666667
WSDLConverter:0.24666666666666667
Operation:0.20333333333333334
XsdUtils:0.14333333333333334
