DateTest:0.6433333333333333
CalendarCodec:0.19
EnumTest2:0.18666666666666668
DateSerializer:0.12333333333333334
