IAtomContainer:0.7666666666666667
AtomContainer:0.38333333333333336
AtomContainerTest:0.34
DebugRing:0.3233333333333333
DebugAminoAcid:0.3233333333333333
DebugStrand:0.3233333333333333
DebugPolymer:0.3233333333333333
DebugBioPolymer:0.3233333333333333
DebugMonomer:0.3233333333333333
DebugMolecule:0.3233333333333333
DebugCrystal:0.2675
MoleculeTest:0.21333333333333335
DebugAtomContainer:0.20666666666666667
AtomContainerManipulator:0.18
ConnectivityChecker:0.09
