GeoDistanceSortBuilder:0.5566666666666666
SimpleSortTests:0.3466666666666667
SortBuilders:0.29
GeoDistanceTests:0.2633333333333333
SearchSourceBuilderTests:0.17633333333333334
GeoDistanceSortParser:0.08333333333333333
