TODHandler:0.7466666666666667
DefaultExecutionTracker:0.4533333333333333
MethodInfo:0.25333333333333335
CallStackDataStorage:0.2
DefaultTODHandler:0.19
ExecutionListener:0.18
QuorumDebuggerUtils:0.15666666666666668
VariablesWatcher:0.11994444444444445
DefaultVariablesWatcher:0.11666666666666667
SearchResult:0.02666666666666667
