AddRemoveListFieldEditor:0.5766666666666667
BiomartManager:0.3333333333333333
IBiomartManager:0.28883333333333333
BiomartConstants:0.2720555555555556
Activator:0.25333333333333335
BiomartServersPreferencePage:0.03194444444444445
