HtmlPage:0.6766666666666666
HtmlScript:0.2866666666666667
HtmlInlineFrameTest:0.15666666666666668
HtmlFrameSetTest:0.08666666666666667
