FieldSearchExistImpl:0.41333333333333333
FieldSearchServlet:0.39666666666666667
AutoLister:0.33666666666666667
METSLikeDOSerializer:0.31
RepositoryBrowser:0.18444444444444444
