AWTGears:0.5766666666666667
AWTTest:0.38333333333333336
