AntBuilder:0.6333333333333333
AntScriptTest:0.39
AntScript:0.3333333333333333
AntPublisher:0.2733333333333333
AntBootstrapper:0.22333333333333333
AntBuilderTest:0.14666666666666667
AntPublisherTest:0.012222222222222221
