Native:0.64
RawTest:0.38
FFIType:0.3
CLibrary:0.25703968253968257
CInterface:0.1163888888888889
