ClassInfoLoader:0.35
DumpBytecodeVisitor:0.3466666666666667
BytecodeVisitor:0.3466666666666667
BytecodeGeneratorContext:0.33666666666666667
DynamicClassLoader:0.30666666666666664
CompilerUtils:0.21666666666666667
