ParcelProcessor:0.41
ParcelableGenerator:0.3333333333333333
ParcelProcessorTest:0.30666666666666664
ParcelerModule:0.20666666666666667
ParcelAnnotationProcessor:0.1791111111111111
ParcelableAnalysis:0.16
