ServerXMLDFHandler:0.87
ClientXMLDFHandler:0.74
DefaultClientXMLDFHandler:0.6533333333333333
DefaultServerXMLDFHandler:0.6066666666666667
BinaryDFDecoder:0.57
A661XMLDFHandler:0.5616666666666666
WindowManager:0.5166666666666667
A661ServerFactory:0.5166666666666667
A661Factory:0.48333333333333334
DefaultEditorXMLDFHandler:0.43
ServerConfiguration:0.42
SuperLayerCockpitProvider:0.41305555555555556
CockpitProvider:0.41
BasicClientEngine:0.3933333333333333
A661BinaryDFHandler:0.37976190476190474
DefaultBinaryDFDecoder:0.37333333333333335
A661RefHandler:0.35642857142857143
ServerA661RefHandler:0.35642857142857143
AbstractServerCockpitConfigurationHandler:0.3433333333333333
DFHandler_KOTest:0.3433333333333333
EditorEngine:0.3388888888888889
DFHandlerTest:0.33133333333333337
BinaryDFParser:0.29333333333333333
ServerXMLSymbolsHandler:0.29333333333333333
ClickListener:0.2833333333333333
AbstractXMLDFHandler:0.2733333333333333
DefaultServerBinaryDFHandler:0.27
Executor:0.2644444444444445
AbstractCockpitConfigurationHandler:0.25666666666666665
AppliConfiguration:0.24666666666666667
ClientCockpitConfigurationHandler:0.24666666666666667
AbstractWidgetRefHandler:0.24444444444444444
EditorExtensionLoader:0.24333333333333335
AbstractBinaryDFHandler:0.23833333333333334
ChangeWidgetEdit:0.23333333333333334
JFXMapItemSymbolRendererTest:0.23333333333333334
ServerExtensionLoader:0.23
SuperLayerWindowManager:0.22777777777777777
ClientConfiguration:0.22666666666666666
DFHandlerWithExtensionTest:0.22033333333333333
DFHandler_KO2Test:0.21699999999999997
ClientXMLDFHandlerTest:0.21666666666666667
ClientXMLSymbolsHandler:0.2105952380952381
DefaultXMLExporterTest:0.21
SuperLayerCockpitConfigurationHandler:0.20666666666666667
DFHandlerWithJFXExtensionTest:0.20333333333333334
A661ClientFactory:0.19533333333333333
AbstractEditorPanel:0.19333333333333333
DFHandler_2Test:0.18333333333333332
DFHandler_3Test:0.18333333333333332
DFHandlerWithExtension2Test:0.18333333333333332
ServerBinaryDFHandler_KOTest:0.18333333333333332
DFHandlerExtensionNotAllowedTest:0.18333333333333332
MapItemEditorListener:0.18166666666666667
MapsHandler:0.18
JFXBackgroundImage:0.18
SuperLayerGeneratorTest:0.17666666666666667
ClientXMLDFHandler_3Test:0.17666666666666667
ClientXMLDFHandlerExtensionNotAllowedTest:0.17666666666666667
ClientXMLDFHandler_2Test:0.17666666666666667
ClientXMLDFHandlerWithExtensionTest:0.17666666666666667
ClientXMLDFHandlerWithExtension2Test:0.17666666666666667
ClientXMLDFHandler_KOTest:0.17333333333333334
DFHandler_5Test:0.16666666666666666
DFHandler_4Test:0.16666666666666666
AbstractServerEngine:0.16666666666666666
DFHandler_MapsTest:0.16666666666666666
DFHandlerWithJFXBehaviorTest:0.16666666666666666
DefaultClientBinaryDFHandler:0.16333333333333333
ClientXMLDFHandlerSupp5Test:0.16
MapItemPanelFactory:0.15833333333333333
ClientXMLDFHandler_KO2Test:0.15333333333333332
EditorXMLDFHandlerKOTest:0.15
DefaultXMLExporterExtensionsTest:0.14666666666666667
A661EditorFactory:0.14
ClientBinaryDFHandler:0.14
EditorXMLDFHandlerKO2Test:0.14
AbstractClientEngine:0.14
ClientXMLDFHandlerMapsTest:0.14
ClientBinaryDFHandler_KOTest:0.13333333333333333
ClientUtilities:0.13
ARINCDefinitionParser:0.12666666666666668
GUIClientEngine:0.10333333333333333
ServerBinaryDFHandler:0.08333333333333333
DefaultBinaryDFHandler:0.06833333333333333
DefaultA661ClientFactory:0.065
DefaultA661ServerFactory:0.056666666666666664
ClientExtensionLoader:0.04666666666666667
EditorXMLDFHandler:0.04
ConstantParser:0.03666666666666667
DFExceptionListener:0.03666666666666667
DefaultA661EditorFactory:0.01
ClientDFHandler:0.006666666666666667
