AbstractJPPFClassLoader:0.48
JPPFClassLoader:0.36
JPPFNode:0.3433333333333333
AbstractClassLoaderManager:0.24
ResourceCache:0.24
AbstractJPPFClassLoaderLifeCycle:0.19666666666666666
JPPFLocalClassLoader:0.15333333333333332
ClientClassServerFactory:0.15333333333333332
