Mappings:0.7666666666666667
MetadataXml:0.5133333333333333
ExtendedMappingsImpl:0.5
Configuration:0.44
ExtendedMappings:0.4
MappingsImpl:0.38
HbmBinder:0.37333333333333335
AnnotationConfiguration:0.37
CMTTest:0.24333333333333335
ExecutionEnvironment:0.23666666666666666
MultiPathCircleCascadeTest:0.22333333333333333
XMLHelper:0.20666666666666667
LegacyTestCase:0.19666666666666666
ErrorLogger:0.19333333333333333
MetadataSourceQueue:0.17333333333333334
ExtendsTest:0.17
NonReflectiveBinderTest:0.17
MappingExceptionTest:0.16666666666666666
ConfigurationTest:0.15916666666666668
CascadeMergeToChildBeforeParentTest:0.14833333333333334
ComponentNotNullTest:0.12666666666666668
ExtendsQueueEntry:0.09333333333333334
Serial:0.06333333333333334
JPAMetadataProvider:0.04666666666666667
MetadataXmlSource:0.03666666666666667
ConfigurationSerializationTest:0.03666666666666667
MetadataXmlImpl:0.03333333333333333
CacheHolder:0.006666666666666667
ErrorLogger2:0.006666666666666667
