Renderer:0.45
SelectEntityWidget:0.3466666666666667
Sort:0.31333333333333335
