QuantitativeResult:0.4533333333333333
Distributor:0.4533333333333333
CoverageDescription:0.31
