InvoiceTest:0.4666666666666667
CarrierWithSectionsTest:0.36666666666666664
OnChangeCustomReportColumnNameAction:0.23333333333333334
SaveCustomReportColumnAction:0.11666666666666667
