TestPR:0.6133333333333333
AnnotationDiffer:0.5133333333333333
TestGate:0.14
