OrcPageSourceFactory:0.4633333333333333
TestHiveFileFormats:0.3233333333333333
HiveTestUtils:0.25666666666666665
RcFilePageSourceFactory:0.22
RcFileFileWriterFactory:0.15333333333333332
HdfsRcFileDataSource:0.12333333333333334
HiveClientModule:0.12333333333333334
TestPreparer:0.11666666666666667
DwrfPageSourceFactory:0.08
HdfsOrcDataSource:0.07
