RemoteTask:0.3983333333333333
PlanFragment:0.31666666666666665
HttpRemoteTask:0.31
SqlTaskExecution:0.28
TaskSource:0.27666666666666667
SqlStageExecution:0.26666666666666666
SubPlanBuilder:0.25666666666666665
SplitAssignments:0.22666666666666666
SplitManager:0.18333333333333332
Visitor:0.18166666666666667
TaskOutput:0.16333333333333333
ScheduledSplit:0.15666666666666668
SplitWorker:0.14
TestExchangeOperator:0.12333333333333334
HttpRemoteTaskFactory:0.0025
RemoteTaskFactory:0.0
