Model:0.6825555555555555
RefModel:0.44666666666666666
ModelResolver:0.31333333333333335
Reader:0.3
AbstractModel:0.2833333333333333
