ASTParserLoadingTest:0.45666666666666667
ComponentTest:0.27666666666666667
JoinedSubclassTest:0.23
SubselectTest:0.17666666666666667
UnionSubclassTest:0.17
ColumnTransformerTest:0.12666666666666668
TestCustomColumnReadAndWrite:0.12
