Action:0.9008333333333332
PooledLinkedList:0.42333333333333334
Actor:0.40055555555555555
