XavaPreferences:0.82
AggregateReferencePG:0.38333333333333336
Generators:0.37666666666666665
XavaPortlet:0.2966666666666667
