NeuralNetConfiguration:0.5666666666666667
Builder:0.5533333333333333
GradientCheckTests:0.27
GradientCheckUtil:0.22444444444444447
TestConvolutionLayer:0.15333333333333332
ListBuilder:0.07344444444444444
