HtmlImage:0.8666666666666667
HTMLImageElement:0.5566666666666666
ImageOnLoadAction:0.25472222222222224
HTMLImageElementTest:0.16
