CDKManager:0.73
MoleculeContentProvider:0.33666666666666667
PcorePage:0.27111111111111114
