AnnotationAppender:0.43666666666666665
MethodAttributeAppender:0.4
Default:0.2866666666666667
ForAnnotation:0.27
TypeAttributeAppender:0.24
ByteBuddy:0.22
AbstractBase:0.21333333333333335
DefaultFieldValueTarget:0.20333333333333334
DefaultMethodAnnotationTarget:0.20333333333333334
MethodAnnotationTarget:0.2
ForMethod:0.17666666666666667
ValueFilter:0.17
MethodAttributeAppenderForMethodTest:0.15666666666666668
ForType:0.15333333333333332
ForField:0.15333333333333332
FieldAttributeAppenderForFieldTest:0.15
TypeAttributeAppenderForAnnotationTest:0.15
FieldAttributeAppenderForAnnotationTest:0.14666666666666667
AnnotationAppenderDefaultTest:0.11333333333333333
MethodAttributeAppenderForAnnotationTest:0.1
TypeAttributeAppenderForSuperTypeTest:0.09
TypeAttributeAppenderForTypeTest:0.09
MethodAttributeAppenderForInstrumentedMethodTest:0.08333333333333333
ForInstrumentedMethod:0.03666666666666667
ForSuperType:0.023333333333333334
AbstractAttributeAppenderTest:0.0033333333333333335
