ComputedCSSStyleDeclaration:0.8166666666666667
CSSStyleDeclarationTest:0.31666666666666665
