ShadowViewTest:0.52
ShadowLayoutInflaterTest:0.4777777777777777
ShadowTypedArray:0.23333333333333334
ResTableTheme:0.19
