EngineConfig:0.6333333333333333
FileStringSource:0.43333333333333335
MemoryStringSource:0.39
