ICDKManager:0.6877777777777778
CDKManager:0.5466666666666666
