MessageContext:0.6453333333333333
WebServiceTemplate:0.43666666666666665
ClientInterceptor:0.3453333333333334
WebServiceMessageReceiverObjectSupport:0.19333333333333333
DefaultMessageContext:0.19333333333333333
WebServiceTemplateTest:0.08
TransportUtils:0.01
