FeatureView:0.43333333333333335
LinearView:0.39
ScaleView:0.27666666666666667
TierViewI:0.22583333333333333
