RubyUI:0.56
TypeHierarchyViewPart:0.49333333333333335
RubyEditorActionContributor:0.38
RubyUIMessages:0.3595555555555555
OpenTypeHierarchyUtil:0.26
PreferenceConstants:0.20166666666666666
RubyElementReferenceConverter:0.09666666666666666
OpenTypeInHierarchyAction:0.08361111111111111
ActionMessages:0.04816666666666666
ShowElementInTypeHierarchyViewHandler:0.016666666666666666
IContextMenuConstants:0.0
IRubyEditorActionDefinitionIds:0.0
