LayerRenderer:0.66
ARINCBehaviorRenderer:0.5733333333333334
EditorLayer:0.4766666666666667
ServerConfiguration:0.4633333333333333
FrameworkConfiguration:0.43
JFXLayerRenderer:0.41333333333333333
ScenarioReaderImpl:0.3566666666666667
SwingLayerRenderer:0.35333333333333333
AdaptorShape:0.33666666666666667
ChangeWidgetEdit:0.33222222222222225
JFXEditorPanel:0.33
JFXPainterUtils:0.32777777777777783
PopUpMenuButtonRenderer:0.32666666666666666
AbstractEditorLayerManager:0.30333333333333334
MutuExclRenderer:0.27
ARINC661App:0.2688888888888889
EditorUtilities:0.26277777777777783
J2DPrismGraphics:0.2608333333333333
PPTRTTexture:0.25666666666666665
MapItemListRenderer:0.24666666666666667
LayerListener:0.24
DataScalingTest:0.24
JFXFactory:0.2322222222222222
Renderer_2Test:0.23166666666666666
ChangeWidgetNameEdit:0.23
DeleteCreateWidgetEdit:0.23
SwingEditorPanel:0.22555555555555554
AbstractEditorEngine:0.225
DefaultConnectorRenderer:0.22
ClientConfigurationParser:0.21916666666666668
LayerRendererBridge:0.21
AbstractBehaviorRenderer:0.2
JFXRendererBridge:0.2
AbstractMoveWidgetEdit:0.19666666666666666
AdaptorPathIterator:0.19666666666666666
AbstractEditorPanel:0.19333333333333333
UndoAdd:0.19
TestBehaviorRenderer:0.18666666666666668
WidgetListener:0.18666666666666668
ARINC661ChangeLookAndFeelTest:0.18666666666666668
SwingEditorLayerManager:0.18333333333333332
GroupUngroupWidgetEdit:0.18333333333333332
JFXEditorLayerManager:0.17666666666666667
AbstractEditorUndoableEdit:0.17333333333333334
ClickListener:0.17
SwingRendererBridge:0.17
JFXSizeToFitContainerRendererTest:0.165
TreeEditorCopyHelper:0.16333333333333333
ApplyScriptJFXAction3Test:0.16
ARINC661AppSynthLookAndFeelTest:0.16
PPTSwingExporter:0.15333333333333332
JFXComponentsExtractor:0.15333333333333332
CutAndPasteWidgetEdit:0.15
SavePPTAction:0.14666666666666667
TreeEditorAlignHelper:0.14
DFListener:0.13666666666666666
UndoRemove:0.13666666666666666
JFXLayerEventHandler:0.13333333333333333
ApplyScriptJFXAction2Test:0.10333333333333333
ExtensionWidgetEdit:0.09333333333333334
PPTJFXExporter:0.07666666666666666
EditorUndoManager:0.03
PPTExporter:0.025833333333333333
