Context:0.65
Alias:0.41
TableImpl:0.4033333333333333
ScopeStack:0.31333333333333335
SelectQueryImpl:0.2866666666666667
TableAlias:0.22666666666666666
DefaultRenderContext:0.17333333333333334
FieldAlias:0.14
AbstractContext:0.08666666666666667
ScopeStackElement:0.05333333333333334
JoinNode:0.03
