PlatformInfo:0.7833333333333333
TriggerRouterService:0.3022222222222222
GreenplumPlatform:0.17
