WsDomTreeBuilder:0.4633333333333333
DomTreeHelper:0.42209523809523813
MailTreeHelper:0.22166666666666668
SearchTreeHelper:0.22166666666666668
FolderConfigHelper:0.22166666666666668
WorkspaceConfigHelper:0.22166666666666668
ConfigHelper:0.22166666666666668
TemplateCopyHelper:0.22166666666666668
AbstractFacade:0.21666666666666667
WebSvcTreeHelper:0.13
WsActionTreeHelper:0.12
