Encoding:0.44
Other:0.43
EncodedElement:0.4033333333333333
Term:0.4
ValueAttribute:0.39666666666666667
Code:0.30333333333333334
Renderers:0.24666666666666667
Scanner:0.185
ValueTypeComposer:0.13666666666666666
Structurizer:0.10666666666666667
Instantiation:0.10166666666666667
InstantiationCreator:0.08666666666666667
Binder:0.08
TableEncoding:0.07666666666666666
VariableResolver:0.07111111111111112
CodeTest:0.055
Interpolator:0.016666666666666666
