AbstractWidgetRefHandler:0.5566666666666666
DefaultServerXMLDFHandler:0.37333333333333335
ServerWidgetDefinition:0.23133333333333336
ServerXMLMapItem:0.22244444444444444
ARINCTabbedPanelGroup:0.14
