Robolectric:0.6566666666666666
AndroidTranslator:0.2866666666666667
WebViewTest:0.2866666666666667
ShadowWebView:0.21333333333333335
ShadowActivity:0.20583333333333337
RobolectricClassLoader:0.08666666666666667
