Node:0.6433333333333333
ClusterManager:0.4066666666666667
HazelcastClientQueueTest:0.2
AsyncRemotelyBooleanCallable:0.1761111111111111
