Edition:0.5933333333333334
Corpus:0.5916666666666667
Page:0.4633333333333333
