AllTests:0.6586666666666667
AllIntegrationTests:0.59
ResourceIndexIntegrationTest:0.5233333333333333
ResourceIndexDatePrecisionIntegrationTest:0.4766666666666667
Flusher:0.23333333333333334
