Rippler:0.568888888888889
C3DButtonSkin:0.48
C3DProgressBarSkin:0.39444444444444443
PopupTransition:0.12
