Key:0.58
ContainerBuilder:0.55
ConstantConversionTest:0.21666666666666667
BindingBuilder:0.20777777777777778
AbstractModule:0.16333333333333333
ContainerTest:0.15
ReflectionTest:0.11666666666666667
KeyTest:0.10666666666666667
StaticInjectionTest:0.1
ServletModule:0.09333333333333334
MyModule:0.07666666666666666
FactoryTest:0.04
