Publication:0.64
Subscription:0.63
PublicationTest:0.24666666666666667
SubscriptionTest:0.22666666666666666
