ComputationStrategyFactory:0.6966666666666667
ComputeEnergy:0.43333333333333335
