NonIdentifierAttribute:0.6366666666666667
AbstractEntityPersister:0.4766666666666667
EntityMetamodel:0.47333333333333333
Builder:0.41
Property:0.32
BaselineAttributeInformation:0.30666666666666664
Ejb3Column:0.27
AbstractNonIdentifierAttribute:0.25
PropertyFactory:0.22333333333333333
BinderHelper:0.20666666666666667
HbmBinder:0.20666666666666667
MapBinder:0.16333333333333333
AbstractCompositionAttribute:0.15
PropertyBinder:0.14
SelectGenerator:0.13666666666666666
GenerationStrategyPair:0.06333333333333334
FullInMemoryValueGenerationStrategy:0.056666666666666664
HbmDefinedValueGeneration:0.05333333333333334
LegacyValueGeneration:0.05333333333333334
CompositeGenerationStrategyPairBuilder:0.023333333333333334
StandardProperty:0.013333333333333334
InDatabaseValueGenerationStrategyImpl:0.011666666666666667
NoInDatabaseValueGenerationStrategy:0.01
NoValueGeneration:0.006666666666666667
ValueGenerationStrategyException:0.0033333333333333335
NoInMemoryValueGenerationStrategy:0.0033333333333333335
