PointInTime:0.5733333333333334
Calendar:0.4
Model:0.26
Hit:0.21666666666666667
ReportEvents:0.16733333333333333
Events:0.16
