GitRepository:0.6516666666666666
SubversionHistoryParserTest:0.4
ClearCaseHistoryParser:0.15666666666666668
AccuRevHistoryParser:0.14
