UserInfo:0.51
KuwaibaWebservice:0.39666666666666667
BackendBean:0.39666666666666667
BackendBeanRemote:0.2833333333333333
