Protocol:0.7366666666666667
ScenarioManager:0.4066666666666667
ScenarioManagerImpl:0.29
TCPProtocol:0.27666666666666667
DatagramProtocol:0.27666666666666667
ScenarioOptions:0.2633333333333333
ARINCRuntimeMessage:0.26
ScenarioReaderImpl:0.25
WebServerProtocol:0.21333333333333335
ScenarioPanel:0.19333333333333333
ReaderEventQueue:0.14333333333333334
ScenarioListDialog:0.14333333333333334
