SynthState:0.6966666666666667
SynthLookGenerator:0.37333333333333335
StateDefinition:0.29333333333333333
ComponentPropertiesList:0.25333333333333335
PropertiesList:0.2454444444444444
SynthStyleSet:0.14
ComponentCapacities:0.11722222222222224
