NNSingleElectronTest:0.49
NNLonePairTest:0.49
NNIsotopeTest:0.22333333333333333
NNPDBMonomerTest:0.18666666666666668
NNReactionSetTest:0.17
NNRingSetTest:0.17
NNReactionSchemeTest:0.17
NNAtomContainerTest:0.15
NNBondTest:0.08666666666666667
DebugPDBMonomerTest:0.043333333333333335
NNPDBStructureTest:0.0
NNMolecularFormulaTest:0.0
