BaseTextVectorizer:0.69
TfidfVectorizer:0.44333333333333336
BagOfWordsVectorizer:0.42380555555555555
