Chronology:0.53
LocalDate:0.45666666666666667
TestChronology:0.38333333333333336
TestLocalDate_Basics:0.3433333333333333
TestDateTimeZoneCutover:0.32805555555555554
