ForLoadedType:0.4633333333333333
Latent:0.3333333333333333
InlineInstrumentedType:0.27666666666666667
AbstractTypeDescription:0.2733333333333333
SubclassInstrumentedType:0.24111111111111114
ArrayProjection:0.21472222222222223
LazyTypeDescription:0.20333333333333334
InlineInstrumentedTypeTest:0.15666666666666668
