LdapTemplateModifyITest:0.3233333333333333
LdapTemplateRecursiveDeleteITest:0.2633333333333333
LdapTemplateRenameITest:0.2633333333333333
LdapTemplateSearchCountITest:0.16666666666666666
LdapServerManager:0.16
AbstractLdapTemplateIntegrationTest:0.13666666666666666
