Function:0.683888888888889
Interpreter:0.36333333333333334
Model:0.3233333333333333
Operator:0.2866666666666667
Predicate:0.26
CalculateTruth:0.08666666666666667
HeuristicErrorCodes:0.014285714285714285
PredicateConstant:0.01
FunctionConstant:0.01
