MethodSignature:0.8033333333333333
MethodInvocationException:0.39666666666666667
