OptionDefinition:0.6966666666666667
InstallOptions:0.3333333333333333
