RingBuffer:0.7533333333333333
ManyToOneRingBuffer:0.4633333333333333
ManyToOneRingBufferTest:0.37
ClientConductorProxyTest:0.22
RecordDescriptor:0.15666666666666668
RingBufferTestUtil:0.03666666666666667
