Resolver:0.42083333333333334
ScalarFunctionModule:0.3
ToLongArrayFunction:0.2446666666666667
ToIntArrayFunction:0.2446666666666667
ToStringArrayFunction:0.20666666666666667
