TestAnalyzer:0.6755555555555556
StatementAnalyzer:0.49333333333333335
CreateDropViewTests:0.33166666666666667
