AspectualRuleView:0.48
AbstractCondition:0.43333333333333335
ForallCondition:0.2603333333333333
RuleDependencies:0.23166666666666666
Edge2SearchItem:0.23166666666666666
AspectJEdge:0.2
AnchorSearchItem:0.19666666666666666
MinimalAnchorFactory:0.13666666666666666
