AnnotationChangeEvent:0.5722222222222222
FeatureChangeEvent:0.5516666666666666
