Call:0.8266666666666667
CallTest:0.5466666666666666
