Utils:0.5966666666666667
Socks5Transport:0.44666666666666666
ConsistencyAction:0.19666666666666666
ActivitySequencer:0.17633333333333334
RosterComparatorTest:0.13333333333333333
XMPPTunnelPacketExtensionTest:0.03333333333333333
