State:0.5354761904761904
MessageDispatcher:0.5033333333333333
StateMachine:0.13444444444444442
DefaultStateMachine:0.09
PriorityQueue:0.04666666666666667
StateMachineTest:0.02783333333333333
