HWCursorTest:0.37333333333333335
PbufferTest:0.33
Cursor:0.32666666666666666
Mouse:0.3
Pbuffer:0.15833333333333333
