VibeMenuItem:0.49
PopupMenu:0.4166666666666667
TaskPopupMenu:0.31333333333333335
ActionsPopupMenu:0.15
MastheadPopupMenu:0.14
ShowSettingPopupMenu:0.14
