XsdBasedSoap11Wsdl4jDefinitionBuilder:0.6746666666666666
AbstractSoap11Wsdl4jDefinitionBuilder:0.45666666666666667
