DB:0.6433333333333333
CreateCollectionOptions:0.3333333333333333
DatabaseAcceptanceTest:0.25
CollectionAdminImpl:0.23
CollectionAcceptanceTest:0.023333333333333334
CollectionAdmin:0.013333333333333334
