ClasspathHelper:0.44
ZipDir:0.44
Utils:0.37333333333333335
UrlTypeVFS:0.2866666666666667
