Operation:0.6233333333333333
BasicOperationService:0.49
IOUtil:0.31333333333333335
DataSerializer:0.30111111111111116
RemoteCallKey:0.20777777777777778
OperationHandler:0.2
Issue2509Runnable:0.13333333333333333
ResponseHandlerFactory:0.13333333333333333
RemoteInvocationResponseHandler:0.06
InvokeOnPartitions:0.051666666666666666
OperationBackupHandler:0.04666666666666667
OperationPacketHandler:0.044444444444444446
SerializationTest:0.03222222222222222
CallableTaskOperation:0.016666666666666666
UnDeserializable:0.01
ResponsePacketHandler:0.0033333333333333335
BasicDispatcherImpl:0.0033333333333333335
