VFSBrowser:0.51
ListDirectoryBrowserTask:0.22666666666666666
DeleteBrowserTask:0.11666666666666667
MkDirBrowserTask:0.09333333333333334
RenameBrowserTask:0.09333333333333334
AbstractBrowserTask:0.09333333333333334
