P4:0.4266666666666667
AntBuilder:0.42
AntBuilderTest:0.33
Util:0.29333333333333333
P4Test:0.16
