RGeo:0.5631111111111111
RedissonGeo:0.23333333333333334
RGeoAsync:0.19416666666666665
RedissonScoredSortedSetTest:0.11333333333333333
RedissonGeoTest:0.09333333333333334
RedisCommands:0.05333333333333334
