SubsamplingLayer:0.39666666666666667
BatchNormalization:0.39666666666666667
LocalResponseNormalization:0.2833333333333333
ConvolutionLayer:0.27666666666666667
