SymbolRepresentation:0.6266666666666667
SymbolCommand:0.5433333333333333
GraphicFactory:0.44156349206349205
SymbolDefinition:0.3566666666666667
SwingSymbolRepresentation:0.29333333333333333
ServerXMLDFHandler:0.23666666666666666
SymbolRenderer:0.23
SymbolRendererUI:0.22
SwingFactory:0.20666666666666667
SymbolAnimatedRenderer:0.2
SynthSymbolUI:0.15
SwingGUITools:0.14
SwingSymbolCommand:0.02666666666666667
