RestRequest:0.6796666666666666
BaseRestHandlerTests:0.3668650793650794
