VMStandin:0.7
IVMInstallType:0.67
RubyRuntime:0.5066666666666667
EditInterpreterDialog:0.3566666666666667
VMDefinitionsContainer:0.29
AbstractInterpreter:0.21666666666666667
RubyContainerInitializer:0.11333333333333333
