ClassySharkPanel:0.46888888888888886
DisplayArea:0.4266666666666667
IDisplayArea:0.3000555555555556
