CollectSymbols:0.34
SymbolChecks:0.30666666666666664
ScopeParser:0.26
TestScopeParsing:0.25833333333333336
DFA1:0.19666666666666666
Rule:0.19
TestSymbolIssues:0.17333333333333334
AttributeScope:0.14333333333333334
