PlainTextEditor:0.4216666666666667
AbstractARINCTextEditor:0.4
StylableTextEditor:0.39166666666666666
