Case:0.5466666666666666
Match:0.3933333333333333
Typed:0.36
MatchTest:0.35
