DownloadEngine:0.5616666666666666
SWDownloadWorker:0.4683333333333333
