MaterializedResult:0.3566666666666667
PrestoHeaders:0.32022222222222224
QueryInfo:0.2833333333333333
Query:0.27666666666666667
Formatter:0.19333333333333333
TestSqlParser:0.19333333333333333
QueryStateMachine:0.18333333333333332
AbstractTestDistributedQueries:0.16833333333333333
Console:0.16666666666666666
AstVisitor:0.16333333333333333
StatementClient:0.15666666666666668
AbstractTestQueryFramework:0.15333333333333332
ResultsSession:0.08444444444444445
CoordinatorModule:0.043333333333333335
KafkaLoadingSession:0.043333333333333335
MaterializedResultSession:0.009166666666666667
