TypeDeclarationGenerator:0.37666666666666665
DeadCodeEliminator:0.34
TypePrivateDeclarationGenerator:0.3340396825396825
MetadataWriter:0.31
DeadCodeEliminatorTest:0.23
TypeImplementationGenerator:0.20166666666666666
AbstractTypeDeclaration:0.18666666666666668
TranslationProcessor:0.11666666666666667
