SearchEngine:0.5266666666666666
EbrimGenericSearchDao:0.31333333333333335
StubSearchEngine:0.19666666666666666
