QedeqBoTestCase:0.6333333333333333
KernelBoTestSuite:0.6288333333333334
