Def:0.6866666666666666
LDefCall:0.29333333333333333
DefBootstrapTests:0.2733333333333333
DefBootstrap:0.25666666666666665
