View:0.775
ColorWithGroupsAndChangeControllersTest:0.2733333333333333
OnChangeGroupInColorAction:0.24333333333333335
