InternalClusterInfoService:0.4583333333333333
ReroutePhase:0.44666666666666666
IndicesTTLService:0.28555555555555556
