OnlyEditDetailsInvoiceTest:0.16
InvoicesNoListTest:0.14666666666666667
Invoice20020001Test:0.14666666666666667
InvoicesActiveYearTest:0.14666666666666667
Invoices2004Test:0.14666666666666667
InvoicesDeliveriesTest:0.14666666666666667
InvoicesFromDeliveriesTest:0.14666666666666667
Invoices2002Test:0.14333333333333334
InvoicesFromCustomersTest:0.13333333333333333
InvoicesNestedSectionsTest:0.11333333333333333
OnlyReadDetailsInvoiceTest:0.11333333333333333
