ValueMirrors:0.641888888888889
StyleInfo:0.5166666666666667
ValueType:0.42333333333333334
Proto:0.3411111111111111
Scheme:0.011111111111111112
