GrpcUtil:0.36666666666666664
TransportSetTest:0.31333333333333335
OkHttpClientTransport:0.28
TransportListener:0.24666666666666667
BaseTransportListener:0.18333333333333332
ManagedChannelImplTest:0.17
ManagedChannelImpl:0.16666666666666666
DelayedClientTransport:0.13
NettyClientTransport:0.12
InProcessTransport:0.1
TransportSet:0.08666666666666667
