RequestHelper:0.9533333333333334
CertDistServlet:0.31333333333333335
CACertServlet:0.2733333333333333
