EvaluationBinary:0.7733333333333333
ROCBinary:0.6266666666666667
EvalTests:0.09333333333333334
