Cookie:0.5316666666666666
HtmlUnitContextFactory:0.30666666666666664
WebClientWaitForBackgroundJobsTest:0.26
DefaultJavaScriptExecutor:0.22333333333333333
CookieManagerTest:0.22
JavaScriptJobManagerTest:0.22
JavaScriptJobManagerGaeMinimalTest:0.20333333333333334
GWT250Test:0.20333333333333334
SocksProxyTest:0.20194444444444445
CookieManager3Test:0.14333333333333334
HtmlUnitCookieStoreTest:0.11666666666666667
LibraryDependencyTest:0.1
