ClientTxnListTest:0.43
ClientTxnMapTest:0.27666666666666667
ClientTxnMultiMapTest:0.22333333333333333
ClientTxnQueueTest:0.18333333333333332
