AsyncHandlerExtensions:0.65
NettyChannelConnector:0.2866666666666667
NettyConnectListener:0.2866666666666667
NettyRequestSender:0.27
EventCollectingHandler:0.24666666666666667
ExtendedAsyncHandler:0.2425
ReplayedSimpleAsyncHandler:0.2425
