Assert:0.7833333333333333
TestCase:0.4633333333333333
AssertTest:0.22333333333333333
