ReportAncestorStatistics:0.7669444444444444
ReportTrees:0.4486111111111111
