ExtraCounter:0.4866666666666667
SparkSkipGram:0.25666666666666665
SparkCBOW:0.24
