TaskListener:0.38760343
AbstractBrowserTask:0.23133254
TaskMonitorWidgetFactory:0.17058717
TaskMonitor:0.15889819
ThreadUtilities:0.046745386
Task:0.029178461
VFSBrowser:0.025973223
