DlgBox:0.7066666666666667
TableWidgetDlgBox:0.27666666666666667
ListWidgetDlgBox:0.22333333333333333
LinkToUrlWidgetDlgBox:0.22333333333333333
UtilityElementWidgetDlgBox:0.18
CustomJspWidgetDlgBox:0.18
