Robot:0.65
Bugs:0.41333333333333333
BugsTest:0.38333333333333336
RobotTest:0.36666666666666664
