Swagger:0.75
Operation:0.69
ReaderExtension:0.24392857142857144
Reader:0.23
SpecFilter:0.23
ReaderExtension1:0.2
ReaderExtension2:0.2
ServletReaderExtension:0.16666666666666666
ScannerTest:0.07333333333333333
ReaderTest:0.06666666666666667
