Array:0.5
ArrayMap:0.43333333333333335
SnapshotArray:0.32666666666666666
DelayedRemovalArray:0.32666666666666666
