Locals:0.49
Variable:0.4166666666666667
NodeToStringTests:0.3
SSubEachArray:0.29833333333333334
SSubEachIterable:0.29333333333333333
ECapturingFunctionRef:0.24833333333333332
ScriptClassInfo:0.2425
SCatch:0.23166666666666666
SDeclaration:0.23166666666666666
EVariable:0.22666666666666666
ELambda:0.19666666666666666
SReturn:0.175
SFunction:0.16777777777777778
SEach:0.15333333333333332
SExpression:0.12166666666666667
SSource:0.11333333333333333
MethodArgument:0.04666666666666667
Parameter:0.04666666666666667
