MimeUtil:0.49166666666666664
GsonConverter:0.37333333333333335
MimeUtilTest:0.28
