Fetcher:0.6366666666666667
BreadthCrawler:0.5466666666666666
HttpUtils:0.3233333333333333
FetcherThread:0.11111111111111109
