GraphElement:0.6133333333333333
Timer:0.38
Decision:0.2633333333333333
CommonHandler:0.16333333333333333
