Cluster:0.7686666666666666
MembershipEvent:0.5333333333333333
ClusterImpl:0.2733333333333333
MembershipListenerManager:0.12611111111111112
ConnectionManagerTest:0.06333333333333334
