ComputedCSSStyleDeclaration:0.47
HostParentOfHTest:0.32
Window3Test:0.29
XMLHTTPRequestTest:0.29
HTMLInputElementTest:0.2866666666666667
HTMLDocumentTest:0.24666666666666667
HostParentOfITest:0.18666666666666668
