Channels:0.64
NettyRequestSender:0.33666666666666667
HttpProtocol:0.26666666666666666
ResumableAsyncHandler:0.19666666666666666
Protocol:0.18888888888888888
