Py:0.6933333333333334
PySystemState:0.43333333333333335
PythonInterpreter:0.25
jython:0.12666666666666668
