CrawlURI:0.47
CredentialAvatar:0.41
Credential:0.38
FetchHTTP:0.37333333333333335
CrawlServer:0.2866666666666667
Frontier:0.27
HtmlFormCredential:0.26666666666666666
Rfc2617Credential:0.26666666666666666
CredentialStore:0.25333333333333335
PreconditionEnforcer:0.08
HttpRecorderPostMethod:0.03333333333333333
