ExternalizedFlowDefinition:0.44
EndState:0.3933333333333333
LocalFlowArtifactFactory:0.33666666666666667
