DropwizardTestSupport:0.6311111111111112
DAOTestRule:0.31972222222222224
Enums:0.21638888888888885
