GLChecks:0.41
StateTracker:0.2966666666666667
ReferencesStack:0.28
BaseReferences:0.26133333333333336
FastIntMap:0.16666666666666666
VAOState:0.03333333333333333
