MockRequest:0.47
ILinkCorrectableElement:0.2993650793650794
ILinkCorrectorConfiguration:0.13666666666666666
LinkCorrectorConfiguration:0.06666666666666667
LinkCorrector:0.06
ILinkCorretable:0.0011111111111111111
