SecurityNamespaceHandler:0.5322222222222222
Elements:0.426626984126984
SecurityNamespaceHandlerTests:0.21666666666666667
