ERDesignerBundle:0.5910000000000001
DomainEditorView:0.4866666666666667
DomainEditor:0.2866666666666667
