JayceReader:0.77
FilesTree:0.41333333333333333
RootBuilder:0.33666666666666667
