CDKDescriptorProvider:0.7886111111111112
JOELibDescriptorProvider:0.5736666666666667
