WanSyncStateImpl:0.7866666666666666
WanSyncState:0.6633333333333333
MemberStateImplTest:0.10333333333333333
