Metadata:0.9033333333333333
MetadataManager:0.4666666666666667
InformationSchemaDataStreamProvider:0.32666666666666666
StatementAnalyzer:0.23333333333333334
InformationSchemaMetadata:0.19
AbstractTestDistributedQueries:0.09
