SendEmailsTask:0.6133333333333333
SendEmailsTaskConfiguration:0.31666666666666665
NamedXSLHandleConfiguration:0.19666666666666666
