HtmlElement:0.5666666666666667
HtmlAnchor2Test:0.37333333333333335
HtmlInput:0.22666666666666666
HtmlResetInput:0.21666666666666667
HtmlSubmitInput:0.1941111111111111
