Maintenance:0.7466666666666667
MaintenanceEVA:0.4033333333333333
SettlementWindow:0.16333333333333333
