HTTPCommunicator:0.5033333333333333
HttpCommand:0.4066666666666667
TextCommandServiceImpl:0.39666666666666667
RestTest:0.26666666666666666
ConnectionResponse:0.17333333333333334
RestClusterTest:0.09666666666666666
