Utils:0.7766666666666666
ObjectNode:0.3933333333333333
LocalClassMetadata:0.3233333333333333
LocalClassMetadataLight:0.31
SpecialChildrenTopComponent:0.20777777777777778
SpecialRelationshipsTopComponent:0.20777777777777778
SpecialRootNode:0.19666666666666666
InnerPanel:0.09666666666666666
