DefaultInternalKernelServices:0.6933333333333334
ServiceProcessManager:0.5247222222222222
