SaveRasterImageAsImagePlugIn:0.705
ZoomToWMSLayerPlugIn:0.6260714285714286
ZoomToRasterImagePlugIn:0.48333333333333334
