AvatarQueryService:0.6183333333333333
UserProcessor:0.4066666666666667
Markdowns:0.3722222222222222
