MapStepExecutionDao:0.51
MapExecutionContextDao:0.48
MapStepExecutionDaoTests:0.2
StubStep:0.15666666666666668
MapJobExecutionDaoTests:0.05333333333333334
