URLConnectionTest:0.5833333333333334
HttpOverSpdyTest:0.43333333333333335
OkHttpClient:0.4061111111111111
