Response:0.8466666666666667
JDKResponse:0.44
NettyAsyncResponse:0.44
ApacheResponse:0.4
WebDavResponse:0.2966666666666667
