Vertx:0.61
Context:0.5080555555555555
ContextImpl:0.4266666666666667
VertxImpl:0.3
ContextTest:0.16
