Results:0.6778333333333333
ResultOrRowsImpl:0.4666666666666667
ResultsImpl:0.33666666666666667
Utils:0.2733333333333333
AbstractResultQuery:0.26666666666666666
AbstractRoutine:0.1675
