ShareManager:0.5566666666666666
URLUtil:0.5166666666666667
