FormActionTests:0.5333333333333333
AbstractBeanInvokingAction:0.3693333333333333
