Crop:0.37
Farming:0.36
BuildingPanelFarming:0.31666666666666665
Cooking:0.275
PopUpBuildingMenu:0.21666666666666667
TabPanelFoodProduction:0.18633333333333332
TabPanelManufacture:0.183
CropType:0.17666666666666667
PromptComboBoxRenderer:0.11666666666666667
ListModel:0.06666666666666667
