RemoteBot:0.5733333333333334
InternalImpl:0.25666666666666665
InternalTest:0.23
IInternal:0.21333333333333335
Constants:0.011111111111111112
