EntityRenderer:0.43666666666666665
BlueprintManager:0.32
Glue:0.31333333333333335
EntityView:0.25666666666666665
ActionDel:0.16333333333333333
ContentRenderer:0.16
EntityViewSettings:0.15666666666666668
Preview:0.14
ActionAdd:0.06333333333333334
