Channel:0.6966666666666667
MemberChannelReaderInitializer:0.3433333333333333
PlainChannel:0.30083333333333334
NioChannelReader:0.27
SpinningChannelReader:0.23
ChannelReader:0.13805555555555554
