AuthenticationManagerBuilder:0.54
GlobalMethodSecurityConfiguration:0.31666666666666665
WebSecurityConfigurerAdapter:0.30333333333333334
AbstractConfiguredSecurityBuilder:0.29333333333333333
