Pointtransfer:0.665
Article:0.665
ArticleMgmtService:0.4266666666666667
UserMgmtService:0.23333333333333334
CommentMgmtService:0.16
PointtransferMgmtService:0.14
ArticleProcessor:0.11666666666666667
