HtmlPage:0.5766666666666667
SimpleRange:0.48333333333333334
HTMLElement:0.37
TextRange:0.34
Selection:0.23
TextRangeTest:0.08333333333333333
