ClientEngineImpl:0.4746666666666667
ClientInvocationServiceSupport:0.44333333333333336
ServiceManagerImpl:0.43333333333333335
ResponseThread:0.3
CleanResourcesTask:0.27
