Result:0.5766666666666667
SappyMasterMatcher:0.5333333333333333
EditorReader:0.37
HopEndMatcher:0.10333333333333333
