ClassDescriptor:0.5933333333333334
MethodDescriptor:0.55
HopSymbolTableWalker:0.3333333333333333
SymbolTable:0.3
HopParser:0.28
OnCreateStep:0.1663888888888889
RuntimeError:0.1638888888888889
Linker:0.14333333333333334
DFA51:0.12
DFA62:0.12
DFA81:0.12
DFA58:0.12
DFA35:0.12
