DefaultSavedRequest:0.38
HttpConfigurationBuilder:0.32
AbstractRememberMeServicesTests:0.31666666666666665
DummyResponse:0.18333333333333332
DummyRequest:0.092
