DynamicByteBuffer:0.33666666666666667
SerializationServiceImpl:0.3333333333333333
StreamSerializerAdapter:0.3233333333333333
ByteArraySerializerAdapter:0.3233333333333333
ByteArrayObjectDataInput:0.31333333333333335
OffHeapRecord:0.26666666666666666
MapReplicationOperation:0.19666666666666666
IssuesTest:0.08
DummyValue:0.03333333333333333
