TestKeyStoreUtil:0.39
BasicSSLContextFactory:0.35333333333333333
PortableSerializer:0.22666666666666666
SSLConnectionTest:0.17
ClientSSLSocketTest:0.10333333333333333
ServerSocketChannelProcessor:0.05
