XMLElement:0.5333333333333333
SBMLMasterDetailBlock:0.41
Reaction:0.4066666666666667
XMLList:0.33666666666666667
