CoordinateOperation:0.18833333333333332
IdentifiedObject:0.065
Identifier:0.05333333333333334
Datum:0.013333333333333334
ReferenceSystem:0.013333333333333334
OperationMethod:0.013333333333333334
