HtmlStyle:0.3933333333333333
HtmlCssStyle:0.31666666666666665
HtmlPainter:0.29
Main:0.2733333333333333
HtmlDocument:0.19666666666666666
JEditConfig:0.1825
CommandLineConfig:0.1825
Code2HTML:0.1413888888888889
