DB:0.68
JavaClientTest:0.38
CommandResult:0.29333333333333333
CommandResultPair:0.19
DBPortTest:0.18444444444444444
CommandResultTest:0.16666666666666666
