Settlement:0.42333333333333334
Mission:0.4066666666666667
PioneeringMission:0.31333333333333335
TileImprovementPlan:0.3
EuropeanAIPlayer:0.20666666666666667
NativeAIPlayer:0.17666666666666667
PioneeringMissionTest:0.16666666666666666
