Messages:0.7691111111111112
ShowHistoryFormTag:0.6633333333333333
