Builder:0.42333333333333334
MultiLayerConfiguration:0.4066666666666667
ComputationGraphConfiguration:0.36333333333333334
GraphBuilder:0.26666666666666666
TestConvolutionModes:0.10333333333333333
