KeyStoreContainer:0.6466666666666666
KeyStoreContainerJCE:0.4033333333333333
KeyStoreContainerP11:0.24333333333333335
HSMKeyTool:0.19333333333333333
KeyStoreContainerTest:0.1897777777777778
HwCaInitCommand:0.14
