PublisherQueueData:0.63
TestPublisherQueue:0.36333333333333334
LocalPublisherSessionBean:0.3
PublisherQueueDataBean:0.25
CRLUpdateWorker:0.15188888888888888
PublisherQueueSessionBean:0.11
PublishQueueProcessWorker:0.09333333333333334
