Mailbox:0.6566666666666666
MoblogPlugin:0.27
MailboxChecker:0.21777777777777782
MoblogPluginUtils:0.1511111111111111
