CommonConfiguration:0.85
JFXServerDisplay:0.35
OSSpecific:0.33444444444444443
XMLSAXParser:0.25
JFXUIDefinitionParser:0.19666666666666666
