GwtFolder:0.4633333333333333
FolderProperties:0.36666666666666664
EntryProperties:0.2733333333333333
GwtFolderEntry:0.24666666666666667
EntryDropWidget:0.18333333333333332
FolderDropWidget:0.18333333333333332
GwtRpcServiceImpl:0.14333333333333334
