Simulation:0.5733333333333334
MainWindow:0.36333333333333334
Mars:0.24666666666666667
MainDesktopPane:0.24666666666666667
MarsProject:0.19777777777777777
SettlementWindow:0.19666666666666666
