jEdit:0.23953524
VFS:0.18944128
JEditBuffer:0.18452768
FileVFS:0.11842565
EditPane:0.11713083
BufferSaveRequest:0.115533814
View:0.11407202
MiscUtilities:0.11340839
VFSManager:0.10820546
VFSBrowser:0.105790325
Macros:0.102955386
VFSFile:0.10163428
GUIUtilities:0.09261563
SearchAndReplace:0.08749792
Mode:0.08551955
BufferLoadRequest:0.08481684
PluginJAR:0.079475224
PerspectiveManager:0.07655994
BufferIORequest:0.07647137
BufferUpdate:0.07465619
VFSFileChooserDialog:0.0736408
TextArea:0.07163143
MarkersSaveRequest:0.07134663
BeanShell:0.06855692
BufferInsertRequest:0.064724475
Abbrevs:0.064610064
BufferAutosaveRequest:0.06448432
EditServer:0.06392903
BufferSetManager:0.06269392
Log:0.06111936
LastModifiedWidgetFactory:0.060887884
EditBus:0.058566943
ModeProvider:0.058012627
BrowserView:0.057297304
BufferSet:0.05278096
Marker:0.052382
HyperSearchResult:0.048685607
HyperSearchResults:0.048002277
AllBufferSet:0.045813408
VFSDirectoryEntryTable:0.045150273
GeneralOptionPane:0.044024497
FoldHandler:0.043566648
HyperSearchFileNode:0.04194021
StatusBar:0.04193125
CloseDialog:0.04105439
SearchDialog:0.039760564
TextAreaTransferHandler:0.038638595
BufferListSet:0.03774102
GrabKeyDialog:0.036690325
MarkerViewer:0.036027856
StandardUtilities:0.03488446
DockingLayoutManager:0.03204655
HyperSearchRequest:0.03201612
BufferOptionPane:0.0296609
CurrentBufferSet:0.028487477
FilesChangedDialog:0.027254954
LineSepWidgetFactory:0.027242579
FoldWidgetFactory:0.025653575
ThreadUtilities:0.025516177
DirectoryProvider:0.025505347
BufferChanging:0.024897253
UndoManager:0.023365535
ReloadWithEncodingProvider:0.022901017
ModeWidgetFactory:0.022496158
WrapWidgetFactory:0.021779908
MarkersProvider:0.021539692
BufferUndoListener:0.020759339
EncodingWidgetFactory:0.020535007
ParserRuleSet:0.020488707
SelectionManager:0.01840784
SaveBackupOptionPane:0.018121898
Autosave:0.016562032
BufferPrinter1_4:0.016007604
CompleteWord:0.015864817
BufferPrintable:0.015125078
BufferSetListener:0.014199783
BufferSwitcher:0.01344026
BufferSetAdapter:0.01266018
JEditVisitorAdapter:0.0117474105
HyperSearchNode:0.0065141805
BufferPrinter1_3:0.006170731
BufferOptions:0.006046535
SelectLineRange:0.006028187
IntegerArray:0.0021760792
SaveCaretInfoVisitor:0.0020752174
