View:0.3379502
jEdit:0.2924868
TextArea:0.23952314
TextAreaPainter:0.21497534
BufferSetManager:0.21473283
Buffer:0.21157451
Gutter:0.198077
JEditTextArea:0.17294194
BeanShell:0.16801344
TextAreaTransferHandler:0.15128142
PositionChanging:0.1467509
HyperSearchResult:0.14316335
JEditBuffer:0.14310722
StatusListener:0.13734592
JEditEmbeddedTextArea:0.13527577
BufferSwitcher:0.13350028
JEditVisitorAdapter:0.12110976
MouseHandler:0.11642421
GUIUtilities:0.11338
JEditVisitor:0.1100238
BufferSet:0.10839347
EditPaneUpdate:0.10501107
BufferUpdate:0.10210398
MarkerViewer:0.100667335
StatusBar:0.100064576
BufferChanging:0.092754506
VFSBrowser:0.091448866
CompleteWord:0.08170712
BufferSetListener:0.079503775
Marker:0.073292606
Mode:0.07195073
TextAreaExtension:0.07159477
SearchBar:0.06660994
HyperSearchFileNode:0.06491699
HyperSearchResults:0.056577604
HyperSearchNode:0.05595197
EditBus:0.052146655
Selection:0.04713149
GutterOptionPane:0.046176042
LastModifiedWidgetFactory:0.041464504
BufferHistory:0.031309746
SyntaxUtilities:0.030851724
ActionBar:0.025694488
ThreadUtilities:0.0228939
AntiAlias:0.014530134
PropertiesChanged:0.013782586
SaveCaretInfoVisitor:0.009732264
GutterPopupHandler:0.0046151946
SyntaxStyle:0.0039917226
