jEdit:0.19305414
Buffer:0.13599977
View:0.057132646
AbstractOptionPane:0.054513734
Log:0.024309678
