NetFolderRoot:0.5
GwtTeamingMessages:0.4166666666666667
GwtServerHelper:0.3333333333333333
SyncNetFolderServerCmd:0.33
ShareThisDlg:0.26
ManageNetFolderRootsDlg:0.26
GwtNetFolderHelper:0.24
GwtRpcServiceImpl:0.2
ModifyNetFolderRootDlg:0.2
NetFolderRootNameCell:0.17833333333333334
SyncNetFolderRootsRpcResponseData:0.06333333333333334
CheckNetFolderServerStatusCmd:0.03
CheckNetFolderServerStatusRpcResponseData:0.023333333333333334
