LocusTable:0.6266666666666667
GeneTable:0.3466666666666667
GeneralDB:0.33
GermplasmTable:0.15694444444444444
PhenotypeTable:0.15694444444444444
