AbstractWebServicesConnector:0.6877777777777777
WFEJboss7WebServicesConnector:0.17333333333333334
WFEJboss4WebServicesConnector:0.17333333333333334
