Sequence:0.59
TestImports:0.47
OpenEdition:0.2633333333333333
OpenLocalizedWebPage:0.17333333333333334
TestCommands:0.0033333333333333335
