RFO:0.49666666666666665
XMLOut:0.34
PrintTabFrame:0.30333333333333334
XMLIn:0.29333333333333333
RepRapBuild:0.2633333333333333
