Options:0.7433333333333333
TranslationProcessor:0.34
J2ObjC:0.25666666666666665
