EdgeView:0.6202777777777778
EdgeFilterEvent:0.29333333333333333
