BlogComment:0.7391111111111112
Trackback:0.3433333333333333
