EndEntityProfile:0.4633333333333333
DnComponents:0.41
DNFieldExtractor:0.38
TestDnFieldExtractor:0.14333333333333334
