QueueingHistoryWriter:0.6133333333333333
KafkaClientProvider:0.5966666666666667
QueueingHistoryWriterTest:0.25333333333333335
