PropertyBuilder:0.61
ObjectProperty:0.58
PropertyBuilderTest:0.2733333333333333
JsonDeserializationTest:0.10333333333333333
