UndoableCommand:0.7033333333333334
AbstractPlugIn:0.4
EditTransaction:0.4
FeatureDrawingUtil:0.21916666666666668
AddNewFeaturesPlugIn:0.19666666666666668
MergeSelectedFeaturesPlugIn:0.13
