InsertIntoIntegrationTest:0.37
GroupByAggregateTest:0.37
FunctionTest:0.2833333333333333
PartitionedTableConcurrentIntegrationTest:0.22333333333333333
DocTableInfoBuilderTest:0.16333333333333333
