PasswordManagementWebflowConfigurer:0.6133333333333333
AuthenticationExceptionHandlerAction:0.2966666666666667
PasswordManagementWebflowConfiguration:0.29
TicketGrantingCookieCipherExecutor:0.20666666666666667
