GroupProjection:0.8133333333333334
FilterProjection:0.51
GroupProjectionTest:0.06666666666666667
