IRenderingElement:0.7233333333333334
IRenderingVisitor:0.6861111111111111
LineElement:0.16666666666666666
TextElement:0.10666666666666667
OvalElement:0.08666666666666667
BasicBondGenerator:0.07333333333333333
BasicGenerator:0.03666666666666667
WedgeLineElement:0.03
RenderingModel:0.02666666666666667
AtomMassSymbolElement:0.016666666666666666
AtomSymbolElement:0.01
RingGenerator:0.009444444444444445
AbstractGenerator:0.006666666666666667
ControllerFeedbackGenerator:0.0
ExtraGenerator:0.0
