PrestoVerifier:0.63
HumanReadableEventClient:0.21333333333333335
JsonEventClient:0.14333333333333334
