FollowQueryService:0.42333333333333334
Common:0.41761111111111116
UserProcessor:0.38
LoginCheck:0.13666666666666666
