JPPFNode:0.34
JPPFClient:0.26666666666666666
TestTaskRunner:0.23666666666666666
SecurityTestTask:0.20666666666666667
ApplicationConnection:0.18333333333333332
DriverLauncher:0.13666666666666666
CWaitingInitialInfo:0.12
