WebKeys:0.5583333333333335
SearchFilter:0.5566666666666666
BinderHelper:0.39666666666666667
SearchFilterToMapConverter:0.26666666666666666
DashboardHelper:0.24333333333333335
SearchFilterRequestParser:0.18666666666666668
FilterController:0.13333333333333333
SearchFilterKeys:0.09333333333333334
