Point:0.42333333333333334
ConvolutionDownSampleLayer:0.2816666666666667
ConvolutionLayer:0.2816666666666667
RecordReaderDataSetIterator:0.24
CommandLineInterfaceDriver:0.22
LayerFactories:0.15333333333333332
