OJOsmReader:0.74
LoadOSMFilePlugIn:0.33166666666666667
OsmDataSource:0.22666666666666666
