AccessTokenRequestDataHolder:0.56
CasOAuthConfiguration:0.38666666666666666
OAuth20AccessTokenEndpointController:0.38
OAuth20AuthorizeEndpointController:0.3466666666666667
OAuth20UserProfileControllerController:0.21888888888888886
AccessTokenAuthorizationCodeGrantRequestExtractor:0.13
OidcAuthorizeEndpointController:0.11666666666666667
BaseOAuth20Controller:0.023333333333333334
