AdminGroupsManagedBean:0.47333333333333333
BasicAccessRuleSetDecoder:0.46
DefaultRolesTest:0.4066666666666667
BasicAccessRuleSetEncoder:0.27666666666666667
