JavaElement:0.56
Version:0.5
JavaElementCollector:0.3233333333333333
ChangeReport:0.25666666666666665
DescriptionsTest:0.14666666666666667
