MapConfig:0.7633333333333333
ClusterTest:0.5033333333333333
HazelcastClusterTest:0.26
