Types:0.7466666666666667
SignatureGenerator:0.4666666666666667
SignatureGeneratorTest:0.19333333333333333
