Hierarchy:0.7466666666666667
Robot:0.57
AWT:0.3433333333333333
ComponentReference:0.33
ComponentNode:0.2633333333333333
ComponentBrowser:0.23666666666666666
ComponentNodeTest:0.21666666666666667
ComponentRecorder:0.20666666666666667
ScriptModel:0.19333333333333333
TestHierarchy:0.18166666666666667
ComponentTestFixture:0.16333333333333333
AWTTest:0.16
SingleComponentHierarchy:0.12
HierarchyWriter:0.11
AWTHierarchy:0.10777777777777776
TestComponentBrowser:0.09
ComponentBrowserTest:0.05333333333333334
