RedissonClient:0.6466666666666666
Redisson:0.6333333333333333
RedissonRemoteService:0.48333333333333334
