RestMethodInfoTest:0.4533333333333333
Utils:0.37
RestMethodInfo:0.36666666666666664
MultimapCallback:0.08333333333333333
