OrbitInfo:0.8033333333333333
SurfaceFeatures:0.6233333333333333
