BenchmarkTestUtil:0.5566666666666666
BenchmarkIntegrationTest:0.49
BenchmarkService:0.24
BoundsManagingActionListener:0.17333333333333334
StatisticCollectionActionListener:0.16
