HtmlSelect:0.6733333333333333
HTMLSelectElement:0.32666666666666666
HtmlElementTest:0.25666666666666665
Prototype150rc1Test:0.25333333333333335
HtmlSelectTest:0.2
Prototype160Test:0.18
