Management:0.6466666666666666
JournalConsumer:0.30666666666666664
FedoraAPIMBindingSOAPHTTPImpl:0.27666666666666667
TestJournalRoundTrip:0.24333333333333335
JournalCreator:0.17666666666666667
ManagementModule:0.16
MockManagementDelegate:0.14666666666666667
Journaler:0.14666666666666667
DefaultManagement:0.14
ManagementMethod:0.12666666666666668
CreateNewMethod:0.023333333333333334
