Graph:0.8440873015873016
XMLPersistenceReader:0.47277777777777774
Edge:0.38666666666666666
