PlannerTest:0.4266666666666667
NonDistributedGroupBy:0.4066666666666667
GlobalAggregate:0.4066666666666667
CollectAndMerge:0.24333333333333335
PlanPrinter:0.23333333333333334
PlanVisitor:0.21333333333333335
NodeOperationTreeGenerator:0.19666666666666666
