jEdit:0.267522
JEditBuffer:0.22518454
VFS:0.18861814
View:0.12812784
EditPane:0.12676899
FileVFS:0.1256499
VFSBrowser:0.123558186
BufferSaveRequest:0.12333829
VFSManager:0.120783165
MiscUtilities:0.11708698
Macros:0.11644111
VFSFile:0.11164091
Mode:0.1033132
GUIUtilities:0.10287398
PluginJAR:0.09646573
SearchAndReplace:0.096396305
BufferLoadRequest:0.090232156
VFSFileChooserDialog:0.08386768
PerspectiveManager:0.08291217
BufferIORequest:0.08178313
BufferUpdate:0.08099225
TextArea:0.079439685
MarkersSaveRequest:0.07522343
BeanShell:0.07444757
Abbrevs:0.0721619
EditServer:0.06967756
BufferInsertRequest:0.069051825
BufferAutosaveRequest:0.06813945
BufferSetManager:0.06726301
Log:0.06646595
ModeProvider:0.06574572
LastModifiedWidgetFactory:0.06557906
EditBus:0.06292615
BrowserView:0.058973126
BufferSet:0.05835603
DockableWindowManager:0.057538085
Marker:0.05348423
HyperSearchResult:0.05303683
HyperSearchResults:0.05232883
VFSDirectoryEntryTable:0.051238395
GeneralOptionPane:0.05059445
AllBufferSet:0.05002174
FoldHandler:0.049153343
StatusBar:0.048695706
HyperSearchFileNode:0.047110923
WrapWidgetFactory:0.045004804
CloseDialog:0.044153545
SearchDialog:0.043268975
TextAreaTransferHandler:0.04215914
MarkerViewer:0.041231547
StandardUtilities:0.039923336
GrabKeyDialog:0.03971401
TokenMarker:0.03707942
DockingLayoutManager:0.035972927
BufferOptionPane:0.035313245
HyperSearchRequest:0.03505104
BufferListSet:0.03400494
LineSepWidgetFactory:0.030518223
CurrentBufferSet:0.029696792
FilesChangedDialog:0.029304355
FoldWidgetFactory:0.029225053
DirectoryProvider:0.02759367
BufferChanging:0.027271187
ModeWidgetFactory:0.025548182
TokenHandler:0.025505532
UndoManager:0.025479034
ReloadWithEncodingProvider:0.025344823
ParserRuleSet:0.025143893
ThreadUtilities:0.024736691
EncodingWidgetFactory:0.02317734
MarkersProvider:0.0228722
IndentWidgetFactory:0.022621147
BufferUndoListener:0.022282429
SaveBackupOptionPane:0.020746242
SelectionManager:0.019981647
BufferPrintable:0.018112171
CompleteWord:0.0175522
Autosave:0.017518751
BufferPrinter1_4:0.016928315
BufferSetListener:0.0153717045
BufferSwitcher:0.014038688
BufferSetAdapter:0.013902842
JEditVisitorAdapter:0.012107651
HyperSearchNode:0.007008037
BufferPrinter1_3:0.0066813384
SelectLineRange:0.0065273866
BufferOptions:0.006385875
SaveCaretInfoVisitor:0.002448056
IntegerArray:0.00240397
