KeymapMigration:0.09005439
jEdit:0.07995295
