LexerATNSimulator:0.5733333333333334
SingletonPredictionContext:0.36
TestLexerExec:0.30666666666666664
ArrayPredictionContext:0.225
