Server:0.54
InstallOptions:0.26666666666666666
Rebuild:0.24333333333333335
FedoraClient:0.21716666666666667
Administrator:0.21
TestMulticastJournalWriterOperation:0.20666666666666667
PopulatePolicyDatabase:0.19
ReadOnlyContext:0.185
LogConfig:0.18333333333333332
ValidatorProcessParameters:0.17
ServerUtility:0.16666666666666666
RmiJournalReceiverArguments:0.15666666666666668
ValidatorProcess:0.14966666666666667
RmiJournalReceiver:0.14333333333333334
Installer:0.11666666666666667
RebuildServer:0.11
ConvertObjectSerialization:0.10666666666666667
ServerController:0.10583333333333333
LogSetupContextListener:0.065
