RpcConstants:0.37
ReferenceCountExchangeClient:0.3433333333333333
DubboProtocol:0.24
AbstractPeer:0.23666666666666666
HeaderExchangeHandler:0.17333333333333334
DubboInvokerAvilableTest:0.13666666666666666
WrappedChannelHandler:0.13
