SeedList:0.4533333333333333
SeedIterator:0.43444444444444436
IoUtils:0.38333333333333336
IoUtilsTest:0.17
