ExtractFunctions:0.52
ExtractFunction:0.47833333333333333
ExtractYear:0.2678888888888889
ExtractDayOfWeek:0.2678888888888889
ExtractQuarter:0.26066666666666666
ExtractWeek:0.26066666666666666
ExtractCentury:0.26066666666666666
ExtractMonth:0.26066666666666666
ExtractHour:0.26066666666666666
ExtractDayOfMonth:0.26066666666666666
ExtractSecond:0.26066666666666666
ExtractMinute:0.26066666666666666
ExtractDayOfYear:0.26066666666666666
ExtractFunctionsTest:0.25666666666666665
InnerExpressionAnalyzer:0.23
TestStatementBuilder:0.15
