ColumnDefinition:0.44
Index:0.41
TransportSQLActionTest:0.35
QueryVisitor:0.30333333333333334
TableExecutionContext:0.23
ITableExecutionContext:0.22166666666666668
QueryVisitorTest:0.2
ObjectColumnDefinition:0.19
InformationSchemaTableExecutionContext:0.13376984126984126
IndexMetaDataExtractor:0.10666666666666667
BuiltInColumnDefinition:0.013333333333333334
