OAuth20WrapperController:0.4666666666666667
OAuth20AuthorizeControllerTests:0.33
OAuth20AccessTokenControllerTests:0.27666666666666667
OAuth20ProfileControllerTests:0.26
BaseOAuthWrapperController:0.24
OAuth20CallbackAuthorizeControllerTests:0.15333333333333332
