BrowserColorsModel:0.5266666666666666
KeyEventTranslator:0.2733333333333333
ContextOptionPane:0.22
BrowserColorsOptionPane:0.12666666666666668
ActionHandler:0.12526190476190477
