URLConnectionTest:0.6377777777777777
RawHeaders:0.41
Entry:0.27
HttpEngine:0.24
HttpURLConnectionImpl:0.22444444444444447
HttpTransport:0.20666666666666667
EntrySecureCacheResponse:0.19666666666666666
EntryCacheResponse:0.15
