HazelcastTestSupport:0.5366666666666666
ThreadLeakClientTest:0.28753968253968254
