TupleDescriptor:0.49
RelationPlan:0.2611111111111111
TupleAnalyzer:0.22333333333333333
QueryPlanner:0.22333333333333333
Field:0.22
StatementAnalyzer:0.22
Visitor:0.20444444444444446
RelationPlanner:0.16333333333333333
AggregationAnalyzer:0.13
LogicalPlanner:0.13
