Types:0.49333333333333335
Key:0.47611111111111104
InjectorImpl:0.45666666666666667
Parameter:0.43666666666666665
BindingBuilder:0.24111111111111114
AnnotationTypeStrategy:0.23253968253968252
CommandRecorderTest:0.2175
FactoryProviderTest:0.19666666666666666
ConvertToTypesCommandProcessor:0.17333333333333334
KeyTest:0.14666666666666667
AllTests:0.09
