Attribute:0.5566666666666666
Document:0.4666666666666667
Attributes:0.4533333333333333
Cleaner:0.22333333333333333
