GwtRpcService:0.5520555555555555
UIData:0.3933333333333333
GwtTaskHelper:0.33666666666666667
GwtTeamingMessages:0.31666666666666665
GwtRpcServiceAsync:0.23666666666666666
TaskInfo:0.17333333333333334
TaskBundle:0.15666666666666668
GwtRpcServiceImpl:0.15333333333333332
