CalendarDisplayDataRpcResponseData:0.44666666666666666
GwtTeamingMessages:0.3422222222222222
CalendarSettingsDlg:0.2966666666666667
GwtCalendarHelper:0.26
UpdateCalendarEventCmd:0.22666666666666666
CalendarFolderView:0.22111111111111115
GwtServerHelper:0.21066666666666667
GwtRpcServiceImpl:0.19777777777777777
