ConcurrentDocumentManager:0.6044444444444443
IConsistencyListener:0.52
ConsistencyAction:0.37333333333333335
SessionView:0.33666666666666667
ConsistencyWatchdog:0.22
