LabelParser:0.5066666666666667
LabelLexer:0.5011111111111112
DFA1:0.2353333333333333
DFA12:0.07333333333333333
LabelParseTest:0.03916666666666667
DFA2:0.025
sqText_return:0.021555555555555557
sqTextSpecial_return:0.021555555555555557
ident_return:0.021555555555555557
atomLabel_return:0.021555555555555557
graphDefault_return:0.021555555555555557
actualLabel_return:0.021555555555555557
rnumber_return:0.021555555555555557
number_return:0.021555555555555557
ruleDefault_return:0.021555555555555557
