RemoveDuplicates:0.48
RemoveDuplicatesTest:0.36
Factorial:0.14
SumBinaryNumbers:0.14
FibonacciNumbers:0.11666666666666667
MoveZerosInArray:0.10666666666666667
DivideUsingSubtraction:0.07666666666666666
MergeSortedArrays:0.05
VectorScalarProduct:0.05
