TaskInfo:0.54
StageInfo:0.44
QueryDriverProvider:0.40777777777777774
QueryInfo:0.4
PageBuffer:0.36333333333333334
TestQueryState:0.26
HttpTaskClient:0.20666666666666667
SqlQueryExecution:0.19666666666666666
SqlStageExecution:0.19333333333333333
StaticQueryDriverProvider:0.18666666666666668
HttpRemoteTask:0.18
MockTaskManager:0.17666666666666667
TestHttpQueryProvider:0.17
HttpQueryClient:0.16833333333333333
TaskOutput:0.16666666666666666
QueryDriversOperator:0.15666666666666668
SqlTaskExecution:0.14333333333333334
ImportTableExecution:0.12
SimpleQuery:0.11666666666666667
TestQueryDriversOperator:0.11
MockQueryManager:0.10166666666666667
HackPlanFragmentSourceProvider:0.07
QueryDriversIterator:0.06666666666666667
