ConcordanceService:0.4866666666666667
TxmI18N:0.31666666666666665
TreeContextMenu:0.31666666666666665
ComplexSortForm:0.29
ContextTab:0.2727777777777778
ConcordanceForm:0.18944444444444444
ConcordanceServiceAsync:0.15833333333333333
ConcordanceServiceImpl:0.12
