XmlConfigBuilder:0.5833333333333334
SocketInterceptorConfig:0.45666666666666667
ConnectionManager:0.3
