StudyListPage:0.4533333333333333
StudyListBean:0.30666666666666664
BaseForm:0.2733333333333333
LoginPage:0.2457777777777778
ExpandCollapseLink:0.24333333333333335
PatientModel:0.24333333333333335
AbstractDicomModel:0.22337301587301586
StudyModel:0.21666666666666667
EchoDelegate:0.19
SeriesModel:0.18666666666666668
Cell:0.1776111111111111
ExportPage:0.17333333333333334
BaseWicketApplication:0.15642857142857144
PatientListView:0.15
PPSModel:0.15
StudyListFilter:0.13333333333333333
StudyListHeader:0.1288888888888889
BaseWicketPage:0.10666666666666667
PopupLink:0.06833333333333333
InstanceModel:0.06666666666666667
FileListView:0.05
ExportDelegate:0.03666666666666667
SeriesListView:0.03666666666666667
InstanceListView:0.03666666666666667
StudyListView:0.03666666666666667
PPSListView:0.03666666666666667
BaseMBeanDelegate:0.006666666666666667
