ThreadInfo:0.5366666666666666
SystemState:0.4166666666666667
JVM:0.4
TestAttrs:0.32
StackFrame:0.23666666666666666
I2L:0.16666666666666666
LRETURN:0.16333333333333333
DRETURN:0.16333333333333333
D2I:0.15
I2D:0.15
D2L:0.15
L2D:0.15
ReturnInstruction:0.1361111111111111
TestAttrsJPF:0.08333333333333333
DoubleListener:0.08333333333333333
IntListener:0.08333333333333333
