CookieParameter:0.5633333333333334
HeaderParameter:0.5633333333333334
FormParameter:0.56
