IsotopeReader:0.5442777777777777
AtomTypeReader:0.5442777777777777
