PollableSourceRetryTests:0.5361111111111111
RetryTemplate:0.37666666666666665
