NeuronPropertiesDialog:0.38
GraphComponent:0.31583333333333335
SupervisedTrainingMonitorFrame:0.2633333333333333
SupervisedTrainingDialog:0.24333333333333335
BackpropagationTrainingDialog:0.23333333333333334
MLPerceptronWizard:0.21944444444444447
NeuralNetworkViewFrame:0.20333333333333334
GraphFrame:0.2
TrainingController:0.1461111111111111
