JobWatchCommand:0.45666666666666667
CliParser:0.44333333333333336
ControlCommand:0.43666666666666665
Utils:0.2633333333333333
