jEdit:0.7133333333333334
OperatingSystem:0.37333333333333335
Install:0.25
