JUMPConfiguration:0.48333333333333334
AdvancedMeasureTool:0.4777777777777777
SaveDatasetsPlugIn:0.31666666666666665
