PetiteContainerRegistry:0.35
PetiteManager:0.33666666666666667
PetiteConfig:0.2966666666666667
ProxettaAwarePetiteContainer:0.29
PetiteContainer:0.28
PetiteUtil:0.22333333333333333
DefaultAppCore:0.21416666666666667
PropertyInjectionPoint:0.20666666666666667
WebApplication:0.185
AutomagicPetiteConfigurator:0.18166666666666667
PropertyResolver:0.14194444444444443
PetiteTests:0.06333333333333334
