BasicClientEngineBinaryEncodingTest:0.4033333333333333
BasicClientEngineEncodingTest:0.4033333333333333
ClientWrapper2Test:0.20666666666666667
ClientWrapperNetworkTest:0.20666666666666667
ExtensionKO2Test:0.09333333333333334
