Functions:0.7133333333333334
SQLConverter:0.5566666666666666
TablesLoader:0.5066666666666667
LoadJet:0.19666666666666666
