XPathExpression:0.8166666666666667
WsdlDefinitionHandlerAdapter:0.2966666666666667
Jaxp13XPathExpression:0.24666666666666667
JaxenXpathExpression:0.20333333333333334
AbstractXPathExpressionFactoryTestCase:0.18333333333333332
XPathExpressionFactory:0.15
