TaskStarter:0.5855555555555555
TaskOutput:0.5683333333333334
SimpleTaskManager:0.3466666666666667
SqlTaskManager:0.33
