WebDriverTestCase:0.7
StandardsFrameworkMethod:0.5533333333333333
BrowserVersionClassRunner:0.43333333333333335
StandardsTestClass:0.11333333333333333
