Node:0.6766666666666666
Element:0.6433333333333333
