ExecutionContext:0.7133333333333334
TaskListBuilder:0.3566666666666667
IExecutorContextFactory:0.13555555555555554
DefaultExecutorContextFactory:0.11333333333333333
