Simulator:0.8033333333333333
ClosingStrategy:0.37333333333333335
