WebServiceTaskHandler:0.3433333333333333
WebServiceTaskHandlerSettings:0.31333333333333335
OrgFunctionHelper:0.25
WebServiceTaskHandlerXMLParser:0.14333333333333334
Interaction:0.1
WebServiceTaskHandlerXSLTHelper:0.07333333333333333
