WrappedServletInputStream:0.45
AssetServletTest:0.3875
AbstractServerFactory:0.37333333333333335
WrappedServletRequest:0.15333333333333332
RoutingHandlerTest:0.15333333333333332
AdminEnvironmentTest:0.11
