LagartoParserTest:0.58
ParsingProblemsTest:0.32
EmitStringsBenchmark:0.23
TagAdapterTest:0.20666666666666667
StripHtmlTest:0.17666666666666667
UrlRewriterTest:0.17666666666666667
