NutIoc:0.46
Daos:0.4266666666666667
Nums:0.3233333333333333
ObjectProxy:0.27699999999999997
Colors:0.17333333333333334
NumsTest:0.023333333333333334
