ComposedQuery:0.53
Projections:0.31666666666666665
ComposedQueryAuthorization:0.22666666666666666
Grouper:0.19666666666666666
ComposedSubquery:0.13333333333333333
QueryUnauthorizedException:0.04
