BlockNode:0.7333333333333333
RegionMaker:0.38666666666666666
BlockMakerVisitor:0.31666666666666665
TestTernary2:0.14666666666666667
