GeoBoundingBoxQueryBuilder:0.59
GeoHashUtils:0.5633333333333334
GeoHashGridIT:0.32
RightTester:0.18333333333333332
