DatabaseConnectionEditorView:0.31
RepositoryConnectionEditorView:0.26666666666666666
SaveToRepositoryView:0.14666666666666667
LoadFromRepositoryView:0.14
ClasspathEditorView:0.11666666666666667
MigrationScriptView:0.11666666666666667
