GwtTeamingMessages:0.5144444444444445
DesktopAppDownloadDlg:0.33666666666666667
GwtClientHelper:0.28
GwtTeamingFilrImageBundle:0.24666666666666667
DlgBox:0.212
