SpectrumEditor:0.8033333333333333
PeakPickingAction:0.31333333333333335
SpectrumEditorContributor:0.26
