SessionFactoryImpl:0.43333333333333335
BeansMessageLogger:0.3678888888888889
CompositeManagedBeanRegistry:0.2733333333333333
ManagedBeanImpl:0.22
NamedManagedBeanImpl:0.18666666666666668
ManagedBeanRegistry:0.16666666666666666
JmxServiceImpl:0.14666666666666667
CallbackBuilderLegacyImpl:0.14333333333333334
ManagedBeanRegistryInitiator:0.11
ManagedBeanRegistryCdiExtendedImpl:0.1
AbstractManagedBeanRegistry:0.07
ManagedBeanRegistryCdiDelayedImpl:0.06666666666666667
ManagedBeanRegistryDirectImpl:0.05333333333333334
ManagedBeanRegistryCdiStandardImpl:0.05
