TextView:0.29
Switch:0.28
YearPicker:0.2733333333333333
MainActivity:0.27
Button:0.25
FloatingActionButton:0.24800000000000003
Slider:0.23666666666666666
ContactReplaceAdapter:0.22666666666666666
CompoundButton:0.20333333333333334
DrawerAdapter:0.18333333333333332
Spinner:0.18333333333333332
ButtonFragment:0.17666666666666667
RecurringPickerDialog:0.16333333333333333
CheckedTextView:0.13
ImageButton:0.13
