CertTools:0.87
CertificateFinderBean:0.39666666666666667
CertificateView:0.2866666666666667
CertDistServlet:0.23333333333333334
