Sgml2Xml:0.4
TestHtml:0.38333333333333336
TestXml:0.29
TestSgml:0.21666666666666667
