DataManager:0.5866666666666667
AjaxEditUtils:0.31
Utils:0.2633333333333333
Harvester:0.23333333333333334
LuceneSearcher:0.21
Importer:0.185
IncreasePopularityTask:0.16333333333333333
Get:0.16183333333333333
UnusedSearcher:0.16166666666666665
Remove:0.16
DownloadArchive:0.14666666666666667
SearchController:0.145
SchemaUtils:0.12333333333333334
Transfer:0.12333333333333334
AddLimitations:0.12
Create:0.12
PrepareFileDownload:0.11666666666666667
GetRelated:0.11333333333333333
Insert:0.10666666666666667
GetByOwner:0.10333333333333333
GetSuggestion:0.09333333333333334
UpdateCategories:0.08666666666666667
XslProcessing:0.08666666666666667
UpdateAdminOper:0.08666666666666667
GetLatestUpdated:0.08333333333333333
GetRandom:0.08333333333333333
Show:0.07
