Configuration:0.49
LanguageDriverRegistry:0.4266666666666667
MapperAnnotationBuilder:0.29333333333333333
MapperBuilderAssistant:0.25
XMLStatementBuilder:0.21
LanguageDriverRegistryTest:0.16066666666666668
