CSW202ServiceException:0.6833333333333333
CSW202ServiceImpl:0.4266666666666667
MsgInvalidRequestFault:0.4066666666666667
CSW202ServiceExceptionTest:0.04
