AbstractEmbeddedTrigger:0.47061111111111115
H2Builder:0.34
H2Dialect:0.3333333333333333
H2Trigger:0.32666666666666666
H2Platform:0.27
DbTriggerTest:0.25666666666666665
