ITriggerRouterService:0.4766666666666667
TriggerRouterService:0.4033333333333333
RouterMapper:0.34
CsvExtractor:0.2633333333333333
TriggerRouterMapper:0.20444444444444446
TriggerRouterServiceTest:0.1
