Base:0.5266666666666666
Selection:0.5
RWorkspace:0.48222222222222216
