ViewsMetaData:0.45666666666666667
FetchOrEval:0.31
LogicalPlanner:0.27666666666666667
RelationAnalyzer:0.24333333333333335
AnalyzedRelationVisitor:0.23666666666666666
Schemas:0.22333333333333333
NormalizerVisitor:0.21
ViewsITest:0.19666666666666666
SelectFromViewAnalyzerTest:0.14666666666666667
