PubConnection:0.30333333333333334
PubSourceTable:0.3
GermplasmBean:0.2833333333333333
RelationshipTypeTable:0.27
PubSourceAliasTable:0.27
PhenotypeTable:0.26
Term2TermTable:0.26
PhenotypeBean:0.23666666666666666
PubReferenceTable:0.23666666666666666
PubObjectTable:0.23666666666666666
TermAliasTable:0.23666666666666666
SequenceTable:0.23333333333333334
LocusTable:0.20888888888888887
EvidenceDescriptionListBean:0.20888888888888887
UserListBean:0.20888888888888887
EvidenceTypeListBean:0.20888888888888887
PubAliasTable:0.19
SqlCommands:0.18
GeneSequenceLinkingTable:0.14333333333333334
SimpleBeanSubfactory:0.13666666666666666
ProtocolTable:0.13666666666666666
SqlFileEvaluator:0.11333333333333333
PubCommunicationTable:0.11
LocusBeanFactory:0.08666666666666667
