SecuredObjectDAO:0.7833333333333333
ExecutorDAOHibernateImpl:0.4666666666666667
JbpmCommonLogic:0.43333333333333335
JbpmExecutionLogic:0.3466666666666667
SecuredObjectDAOHibernateImpl:0.23666666666666666
IdentifiableFormTag:0.20666666666666667
AssignmentHandler:0.1527777777777778
