BenchmarkBase:0.6833333333333333
BaseCreateBenchmark:0.2866666666666667
BulkDeleteBenchmark:0.27
