Maven2BuilderTest:0.7366666666666667
CompositeBuilder:0.7166666666666667
CompositeBuilderTest:0.24666666666666667
