AnnotationSet:0.89
AnnotationSetImpl:0.5866666666666667
TestAnnotation:0.4633333333333333
