ComputationContentProvider:0.6066666666666667
SelectComputationPage:0.5333333333333333
