TimeZoneRoundingTests:0.31
Builder:0.31
RangeQueryBuilder:0.30666666666666664
DateHistogramTests:0.24666666666666667
DateHistogramParser:0.20466666666666666
Streams:0.16
TimeUnitRounding:0.14666666666666667
TimeIntervalRounding:0.14666666666666667
IndicesQueryCacheTests:0.11
DateHistogramBuilder:0.10666666666666667
