ServiceDynamicInterceptor:0.48833333333333334
ExtenderConfiguration:0.48833333333333334
OsgiServiceDependencyTimedOutEvent:0.043333333333333335
OsgiServiceDependencySatisfiedEvent:0.043333333333333335
OsgiServiceDependencyWaitingEvent:0.043333333333333335
