ObjectFactory:0.5466666666666666
GetProfile:0.36
EJBCAWSRACommandFactory:0.2277777777777778
EjbcaWS:0.19416666666666665
IEjbcaWS:0.19416666666666665
ejbcawsracli:0.10333333333333333
GetProfileCommand:0.08
GetProfileResponse:0.03333333333333333
