ProjectInfo:0.5033333333333333
ProjectInfoWidget:0.37
GwtTeamingMessages:0.31666666666666665
GwtServerHelper:0.24666666666666667
GwtRpcServiceImpl:0.21777777777777782
ProjectManagementWSView:0.09944444444444445
GetProjectInfoCmd:0.04666666666666667
