LocationTest:0.5266666666666666
EventTest:0.36666666666666664
Event2Test:0.35
Location2Test:0.33
NodeTest:0.2733333333333333
Event3Test:0.20666666666666667
CSSStyleRuleTest:0.15
JavascriptErrorListenerTest:0.14666666666666667
MemoryLeakTest:0.04666666666666667
BoxObjectTest:0.02
Event4Test:0.0
