Expression:0.57
Script:0.5433333333333333
ScriptEditor:0.44666666666666666
Annotation:0.2833333333333333
ExpressionEditorTest:0.08666666666666667
InsertExpressionAction:0.08666666666666667
ExpressionTest:0.07
ExpressionEditor:0.015833333333333335
EditorConstants:0.0
