CustomHashMap:0.4533333333333333
Strftime:0.28
JSONParser:0.27666666666666667
ByteEncoder:0.2733333333333333
JSONParseException:0.26133333333333336
StringUtil:0.18
RegexHandler:0.14333333333333334
Util:0.14
BinaryHandler:0.013333333333333334
StringHandler:0.013333333333333334
