AtomPlacer:0.6333333333333333
JChemPaintEditorPanel:0.37
AbstractController2D:0.3466666666666667
