MockedClientConnection:0.6466666666666666
MockedNodeConnection:0.41
MockClientConnectionManager:0.17833333333333334
