ClientExtension:0.7938888888888889
ProxyManager:0.5666666666666667
DefaultClientExtension:0.25
