View:0.72
SearchByViewKeyAction:0.27
SaveAction:0.18566666666666665
ReferenceSearchAction:0.15666666666666668
