EntityIndexUtils:0.5366666666666666
AbstractBinderProcessor:0.49
Constants:0.39533333333333337
