SessionFactoryImpl:0.45
StatisticsImpl:0.4166666666666667
QueryStatistics:0.33666666666666667
EntityStatistics:0.30666666666666664
SecondLevelCacheStatistics:0.2966666666666667
CollectionStatistics:0.28777777777777774
