DcmSnd:0.5566666666666666
DcmRcv:0.43
DcmEcho:0.38333333333333336
