RuleLogP:0.4241666666666667
RuleLogPRange:0.31333333333333335
RuleDAMutagenicityABUnsaturatedAldehydes:0.29333333333333333
Rule_highLogP:0.10666666666666667
