PingRequest:0.3333333333333333
ZenDiscovery:0.32666666666666666
Listener:0.302
SendPingRequest:0.20333333333333334
RejoinClusterRequestHandler:0.19666666666666666
MasterFaultDetection:0.19
ClusterBlocks:0.17777777777777778
NodesFaultDetection:0.15333333333333332
MasterPinger:0.14333333333333334
UnicastZenPing:0.13333333333333333
MasterPingRequest:0.12666666666666668
NotMasterException:0.08083333333333333
PingRequestHandler:0.06666666666666667
DiscoverySettings:0.049166666666666664
MasterPingRequestHandler:0.04666666666666667
ApplySettings:0.04666666666666667
NodeFaultDetectionListener:0.0
