TypeChecker:0.66
BooleanReverseAutoBoxStep:0.02666666666666667
NumberReverseAutoBoxStep:0.02666666666666667
IntegerReverseAutoBoxStep:0.02666666666666667
TextReverseAutoBoxStep:0.02666666666666667
