CoreDao:0.69
EntryProcessor:0.4096666666666667
ProfileModuleImpl:0.31333333333333335
ObjectKeys:0.2911111111111111
AbstractFolderModule:0.25666666666666665
AbstractFolderCoreProcessor:0.23333333333333334
CoreDaoImpl:0.23
AbstractEntryProcessor:0.20666666666666667
DefaultProfileCoreProcessor:0.17
