Renderer3D:0.39
MoleculeViewer3D:0.3566666666666667
Viewer:0.32
FileConvertor:0.26666666666666666
Renderer3DModel:0.21666666666666667
