TaskInstance:0.42
TaskMgmtInstance:0.41333333333333333
Task:0.4033333333333333
JpdlXmlReader:0.3433333333333333
