MethodMetadata:0.4766666666666667
SynchronousMethodHandler:0.3333333333333333
Feign:0.3333333333333333
Module:0.30666666666666664
FeignTest:0.25666666666666665
JAXRSContractTest:0.21
DefaultContractTest:0.20333333333333334
GsonModuleTest:0.17
Defaults:0.16333333333333333
BaseContract:0.15583333333333332
Factory:0.14666666666666667
GsonCodec:0.13666666666666666
GsonModule:0.12
GitHubExample:0.11666666666666667
TestInterface:0.11087301587301589
ParseHandlersByName:0.08666666666666667
EncodersAndDecoders:0.07
ReflectiveFeign:0.06666666666666667
GitHub:0.025833333333333333
