Constants:0.616388888888889
AbstractReferenceConfig:0.39
DubboMonitorFactroy:0.21666666666666667
