SqlQueryExecution:0.5666666666666667
ScheduleResult:0.48333333333333334
SqlQueryScheduler:0.38
SqlQueryExecutionFactory:0.17333333333333334
