PlannerTest:0.36666666666666664
Visitor:0.35
AggregationProjection:0.33
ProjectionBuilder:0.26
FlatProjectorChain:0.20111111111111113
ProjectionToProjectorVisitorTest:0.15
ShardCollectSource:0.10333333333333333
GlobalAggregateConsumer:0.07
