Qualifiers:0.5333333333333333
ParallelUniverse:0.3466666666666667
QualifiersTest:0.19
bool:0.03
