EllipticCurveDsaSignSessionTest:0.5133333333333333
HardTokenIssuerTest:0.36333333333333334
HardTokenProfileTest:0.30666666666666664
AccessControlSessionBeanTest:0.21333333333333335
