CoreDao:0.8633333333333333
CoreDaoImpl:0.48
ProfileDaoImpl:0.30666666666666664
