MetadataDao:0.7233333333333334
ShardDao:0.6533333333333333
ShardManager:0.51
TestDatabaseShardManager:0.25333333333333335
TestShardDao:0.23666666666666666
ShardRange:0.23333333333333334
SchemaDao:0.22337301587301586
StorageModule:0.20333333333333334
DatabaseShardManager:0.18166666666666667
TestShardCleaner:0.16666666666666666
TestShardEjector:0.13666666666666666
TestMetadataDao:0.11
StorageManagerConfig:0.09666666666666666
SchemaDaoUtil:0.07666666666666666
