Pointer:0.5966666666666667
Structure:0.49666666666666665
StructureTest:0.4
