Engine:0.5066666666666667
Operation:0.5033333333333333
Index:0.48333333333333334
GetResult:0.2833333333333333
InternalEngineTests:0.27666666666666667
InternalIndexingStats:0.26
InternalEngine:0.19666666666666666
IndexingMemoryController:0.17666666666666667
TranslogRecoveryPerformer:0.16
Delete:0.11333333333333333
Get:0.07333333333333333
