XmlRequest:0.7861111111111111
NetLib:0.36666666666666664
