MangoClassPeer:0.66
MangoMethodPeer:0.4
BackupAlg:0.2683333333333333
CodeSurvey:0.17333333333333334
LDC:0.15333333333333332
ClassTests:0.07
