FakeActivity:0.42333333333333334
ProxyDelegatingHandler:0.35333333333333333
FakeView:0.3466666666666667
FakeTextView:0.24666666666666667
ViewLoader:0.21666666666666667
Directions:0.06666666666666667
