BytesStreamOutput:0.42333333333333334
IndicesQueryCache:0.42
ShardQueryCache:0.22333333333333333
Value:0.20333333333333334
QueryCacheWeigher:0.06333333333333334
