QedeqTreeCtrl:0.38
QedeqTreeModel:0.34
QedeqTreeCellRenderer:0.32
SelectionChangedCommand:0.2437777777777778
QedeqActionCommand:0.19611111111111112
