ARINCServerContainer:0.5956111111111111
ConcreteLayer:0.4633333333333333
LayerTreeEditor:0.35
ARINCWatchDog:0.32
AbstractContainer:0.30666666666666664
ARINCRadioBox:0.30666666666666664
ARINCTabbedPanelGroup:0.30666666666666664
