ControlSession:0.61
ControlSessionDemuxer:0.36333333333333334
ArchiveConductor:0.3
ControlRequestListener:0.23416666666666666
ControlRequestAdapter:0.16
