AbstractCacheRecordStore:0.5633333333333334
CacheRecordStore:0.36666666666666664
ClientCacheProxy:0.28
AbstractClientCacheProxy:0.28
