ShardPath:0.6633333333333333
NodeEnvironment:0.5188888888888888
NewPathForShardTests:0.27666666666666667
