Thesaurus:0.5233333333333333
SelectionManager:0.3333333333333333
ThesaurusManagerSesame:0.31333333333333335
XmlSerializer:0.23
ThesaurusManager:0.22333333333333333
LocaleUtil:0.12166666666666667
SchemaSuggestions:0.12
