ApplyNode:0.56
PlanBuilder:0.37666666666666665
SubqueryPlanner:0.2833333333333333
Rewriter:0.24333333333333335
