ESQueryBuilderTest:0.46
LuceneQueryBuilderTest:0.42333333333333334
MatchPredicateTest:0.40111111111111114
