FolderModule:0.47
BaseFolderModule:0.450138888888889
NetFolderHelper:0.43333333333333335
