Model:0.6825555555555555
RefModel:0.44666666666666666
Reader:0.43333333333333335
ModelResolver:0.2866666666666667
AbstractModel:0.25333333333333335
