Engine:0.46
IndexShard:0.37333333333333335
CommitId:0.29333333333333333
InternalEngine:0.2733333333333333
ShadowEngine:0.19
InternalEngineTests:0.175
SearchFactory:0.16666666666666666
SyncedFlushService:0.07333333333333333
SycnedFlushSingleNodeTest:0.06333333333333334
