MockWebConnection:0.5933333333333334
WebClientTest:0.38333333333333336
HTMLParser:0.36333333333333334
