InternalStreamConnection:0.53
InternalConnection:0.3333333333333333
WriteCommandProtocol:0.31666666666666665
CommandProtocol:0.31
TestInternalConnection:0.27666666666666667
CommandHelper:0.27666666666666667
PooledConnection:0.27
UsageTrackingInternalConnection:0.22666666666666666
TestConnectionPool:0.13666666666666666
