IndexShard:0.5533333333333333
CircuitBreaker:0.38666666666666666
EngineConfig:0.31666666666666665
InternalEngine:0.25
InternalEngineTests:0.24666666666666667
IndexService:0.22142857142857145
ExternalTestCluster:0.21666666666666667
EngineTestCase:0.20666666666666667
HierarchyCircuitBreakerService:0.18142857142857144
IndexShardIT:0.16333333333333333
IndexShardTests:0.1
