ImportIcalByFileDlg:0.42333333333333334
ImportIcalByUrlDlg:0.42333333333333334
GwtTeamingMessages:0.31333333333333335
MainMenuControl:0.2966666666666667
DlgBox:0.29333333333333333
