UrlJdbc:0.7666666666666667
NodeInfoJdbc:0.31333333333333335
