CommonEjbcaWS:0.5206666666666666
EjbcaWSTest:0.49666666666666665
DnFieldsTest:0.4217063492063492
EjbcaWSNonAdminTest:0.29333333333333333
CustomCertSerialnumberWSTest:0.2
CertificateExtensionTest:0.2
