MetaTab:0.3983333333333333
TabConverter:0.38
POJOPersistenceProviderBase:0.3
ModelMapping:0.27
ReferenceMappingDetail:0.20666666666666667
EntityTab:0.205
