QueueItem:0.52
QueueContainer:0.4955555555555555
QueueTestsFrom2X:0.22666666666666666
