ConnectionPool:0.5033333333333333
SQLUtilityImpl:0.49333333333333335
ConnectionPoolManagerImpl:0.2611111111111111
