TriggerRouterService:0.5333333333333333
AbstractSymmetricDialect:0.33666666666666667
TriggerHistory:0.29
OracleSymmetricDialect:0.2733333333333333
PostgreSqlSymmetricDialect:0.22666666666666666
