NullAway:0.6266666666666667
NullAwayRxSupportPositiveCases:0.48300000000000004
NullAwayJava8PositiveCases:0.3885555555555556
NullAwayTest:0.31
