Asset:0.81
SideKickPlugin:0.4766666666666667
Renderer:0.19444444444444445
MouseHandler:0.14
ActionHandler:0.14
