PetiteContainer:0.4633333333333333
PetiteBeans:0.36333333333333334
PetiteRegistry:0.29333333333333333
MethodResolver:0.11222222222222224
InitMethodResolver:0.11222222222222224
PropertyResolver:0.11222222222222224
CtorResolver:0.09333333333333334
