ASMUtils:0.5833333333333334
FieldInfo:0.41333333333333333
