DataManager:0.46
Xml:0.30666666666666664
Set:0.2866666666666667
AbstractHarvester:0.25666666666666665
Path:0.24444444444444444
Harvester:0.23666666666666666
SchemaLoader:0.21
MetadataSchema:0.17
OgcWxSHarvester:0.12666666666666668
OgcWxSParams:0.11333333333333333
OgcWxSResult:0.023888888888888887
Unset:0.0
