DiskThresholdSettings:0.6133333333333333
ESIntegTestCase:0.4633333333333333
DiskThresholdDeciderTests:0.30333333333333334
DiskThresholdSettingsTests:0.19
HighDiskWatermarkValidator:0.05
LowDiskWatermarkValidator:0.05
FloodStageValidator:0.05
