AbstractDatabasePlatform:0.5133333333333333
AbstractJdbcDdlReader:0.4791666666666667
IDatabasePlatform:0.4083333333333333
