Peer:0.5433333333333333
Utils:0.4533333333333333
PeerGroup:0.4166666666666667
PeerTest:0.215
PeerSocketHandler:0.2
TestWithNetworkConnections:0.18333333333333332
PeerGroupTest:0.15
PrintPeers:0.10666666666666667
TestWithPeerGroup:0.05
