ThreadContext:0.47
CallState:0.44333333333333336
CallStateService:0.35333333333333333
Node:0.31
CallKey:0.25666666666666665
ClusterService:0.20666666666666667
BaseManager:0.20666666666666667
MPut:0.2
AbstractCall:0.17333333333333334
SchedulableOperationHandler:0.13333333333333333
CMapTest:0.13
PutOperationHandler:0.13
MBackup:0.1
TargetAwareOperationHandler:0.09
StateQueue:0.02666666666666667
