FormulaUtility:0.37666666666666665
SubstPredVo:0.32
ModusPonensVo:0.32
ElementSet:0.2966666666666667
ModusPonensBo:0.24666666666666667
ProofFinder:0.20666666666666667
SubstPredBo:0.16333333333333333
ProofFoundException:0.052
