ModuleTestBase:0.5066666666666667
Style:0.43
HumanTest:0.2833333333333333
CustomerTest:0.27666666666666667
CarrierTest:0.27666666666666667
InvoiceDetailsWithTotalsTest:0.23333333333333334
CustomerWithSectionTest:0.22333333333333333
Tab:0.18333333333333332
InvoiceTest:0.14666666666666667
AuthorTest:0.043333333333333335
CustomizeListTestBase:0.04
