RatioPerformanceReport:0.6175
JmhRunner:0.49
BenchmarkPerformanceReporter:0.4
PriorityQueueBenchmark:0.23444444444444448
HashSetBenchmark:0.23444444444444448
BitSetBenchmark:0.23444444444444448
