IndexShard:0.7033333333333334
IndexShardTests:0.26
RecoveryTarget:0.20333333333333334
IndicesLifecycleListenerSingleNodeTests:0.11
