Conf:0.5466666666666666
BaseMultiLayerNetwork:0.4866666666666667
NetworkRunner:0.31666666666666665
Word2Vec:0.31
MasterActor:0.25333333333333335
NeuralNetworkOptimizer:0.24666666666666667
WorkerActor:0.22166666666666668
ActorNetworkRunner:0.21833333333333332
ActorNetworkRunnerApp:0.19333333333333333
MultiLayerNetworkOptimizer:0.19305555555555554
ComputableWorkerAkka:0.185
ComputableMasterAkka:0.16
AkkaSdaRunnerTest:0.13333333333333333
ActorRunnerTest:0.12833333333333333
SdaRunnerTest:0.12
ActorsTest:0.1
