EventManagerImpl:0.26666666666666666
MetaData:0.24
BundleInvoker:0.21583333333333332
Authentication:0.17666666666666667
Servlet:0.17333333333333334
PulseException:0.14
AuthenticationException:0.05
InvokerException:0.05
