NantBuilderTest:0.6616666666666666
MockBuilder:0.35355555555555557
