SQL92SQLGenerator:0.58
H2ViewProperties:0.41505555555555557
H2SQLGenerator:0.08666666666666667
