ProgressBar:0.6483333333333333
Slider:0.36833333333333335
SliderStyle:0.28
