JbpmHtmlTaskFormParser:0.7033333333333334
SubmitTaskFormAction:0.43333333333333335
