NamedNodeMap:0.56
HTMLElement:0.41333333333333333
DomElement:0.25666666666666665
XMLElement:0.25666666666666665
