QueueItem:0.49333333333333335
QueueContainer:0.47
QueueTestsFrom2X:0.20333333333333334
TransactionalMultiMapProxySupport:0.18333333333333332
TransactionalMultiMap:0.15833333333333333
TransactionalQueueProxySupport:0.15333333333333332
MultiMapTransactionLog:0.1
