AuthLoginException:0.51
CrmfMessageHandler:0.30666666666666664
CertificateRequestSessionBean:0.29
AuthStatusException:0.20666666666666667
