LineContext:0.48
LineSegmentRenderer:0.2866666666666667
LineCurveRenderer:0.23666666666666666
LineArcRenderer:0.22
