NewIssueDialog:0.6133333333333333
TasksTree:0.5366666666666666
