ThriftMetadata:0.6877777777777778
PrestoThriftTableMetadata:0.4423333333333333
