ConcurrentMigrationTestCase:0.5433333333333333
OracleConcurrentMigrationMediumTest:0.11666666666666667
H2ConcurrentMigrationMediumTest:0.11666666666666667
PostgreSQLConcurrentMigrationMediumTest:0.11666666666666667
DB2ConcurrentMigrationMediumTest:0.11666666666666667
MySQLConcurrentMigrationMediumTest:0.11666666666666667
