ItemOrientedStepTests:0.2833333333333333
ItemOrientedStep:0.2611111111111111
SimpleJobTests:0.23
SimpleJob:0.22166666666666668
TaskletStep:0.22
MockRestartableItemReader:0.1761111111111111
JobParametersAware:0.14772222222222223
StepScope:0.14
JobParametersAwareStepScopeTests:0.1
