HighlightBuilder:0.7066666666666667
TopHitsAggregatorBuilder:0.42
PercolateSourceBuilder:0.27666666666666667
HighlightBuilderTests:0.26666666666666666
