NodeEngineImpl:0.8633333333333333
InternalOperationService:0.6233333333333333
WaitingOperation:0.26666666666666666
BasicInvocation:0.24333333333333335
SlowOperationDetector_purgeTest:0.22666666666666666
Backup:0.20333333333333334
TraceableIsStillExecutingOperation:0.17666666666666667
IsStillExecutingOperation:0.17666666666666667
