GedcomReader:0.39666666666666667
GedcomWriter:0.34
Paste:0.26
FocusPolicy:0.25666666666666665
InteractionListener:0.25666666666666665
Copy:0.25
PropertyTransferable:0.21666666666666667
Model:0.1875
Cut:0.14333333333333334
PropertyReader:0.126
EntityReader:0.11166666666666666
AdvancedEditor:0.11
PropertyWriter:0.09666666666666666
PropertyReadWriteTest:0.05388888888888888
GedcomReadWriteTest:0.034444444444444444
EntityWriter:0.013333333333333334
