MultiLayerNetwork:0.6933333333333334
ComputationGraph:0.6466666666666666
GravesLSTM:0.25
