MediaGridFragment:0.5533333333333333
MediaPreviewFragment:0.4166666666666667
MediaPreviewAdapter:0.28
BaseActivity:0.19666666666666666
