Console:0.5333333333333333
RemoteDebuggerServer:0.42333333333333334
ServerDebuggerCommandMessage:0.10666666666666667
ClientDebuggerCommandMessage:0.10666666666666667
