IRubyElement:0.5666666666666667
MyVisitor:0.48333333333333334
IRubyProject:0.41305555555555556
IWorkingCopyManager:0.41305555555555556
RubyParser:0.4
RubyElement:0.38
RdtUiPlugin:0.37666666666666665
IRubyMethod:0.3272804232804233
RubyImport:0.30333333333333334
RubyProject:0.2733333333333333
IRubyType:0.27051984126984113
RubyCompletionProcessor:0.26
TestSearchEngine:0.24333333333333335
RubyCore:0.23666666666666666
RubyOutlineContentProvider:0.23333333333333334
RubyMethod:0.22666666666666666
RubyScript:0.21666666666666667
TestUnitLaunchShortcut:0.21
RubyScriptInfo:0.2063968253968254
RubyClassSelector:0.2
RubyModel:0.18
RubyOutlineLabelProvider:0.16955555555555557
ResourceAdapterFactory:0.15666666666666668
RubyAbstractEditor:0.15
RubyEditor:0.145
RubyPlugin:0.14333333333333334
RubyModule:0.12916666666666668
RubyApplicationShortcut:0.12666666666666668
TestUnitMainTab:0.12
RubyElementSorter:0.1175
RubyDocumentProvider:0.11333333333333333
IRubyScript:0.11166666666666666
TC_AST:0.10972222222222222
RubyElementAdapterFactory:0.1
TS_Parser:0.09
RubyViewerFilter:0.07666666666666666
WorkingCopyManager:0.07333333333333333
RubyReconcilingStrategy:0.07
ObjectClass:0.056666666666666664
RubyGlobal:0.05333333333333334
RubyContentOutlinePage:0.05333333333333334
RubyClassVar:0.05333333333333334
RubyDynamicVar:0.05333333333333334
RubyLocalVar:0.05333333333333334
RubyInstVar:0.05333333333333334
RubyClass:0.05
NullErrorHandler:0.03916666666666667
RubyAnnotationModel:0.03888888888888889
ParserStack:0.03333333333333333
RubyRange:0.023333333333333334
RubyVariable:0.023333333333333334
IWorkingCopyManagerExtension:0.006666666666666667
RubyBlock:0.0
