ReplacementStrategy:0.595
Utils:0.43666666666666665
KeywordsStrategy:0.27777777777777773
FormatsStrategy:0.27777777777777773
ContactsStrategy:0.27777777777777773
ExtentsStrategy:0.26611111111111113
ViewNonValidated:0.21
DeletedObjects:0.19611111111111112
ReferencingMetadata:0.16666666666666666
