Location:0.7
StringUtils:0.6533333333333333
AbstractLocation:0.22
SortedSetSortedMap:0.06333333333333334
