LookCapacitiesWriterTest:0.4166666666666667
LayerTreeEditorCreate1Test:0.2966666666666667
JFXEditorRefreshLayer2Test:0.25
JFXTreeEditorCopyPaste3Test:0.21666666666666667
LayerTreeEditorCreateTest:0.185
JFXLayerTreeEditorCreate1Test:0.15833333333333333
