SharedLocalNamedPipe:0.5133333333333333
PreparedStatementTest:0.35833333333333334
ConnectionJDBC2:0.3566666666666667
