FormulaChecker:0.48333333333333334
PredicateExistsAlways:0.32
FunctionExistsAlways:0.21666666666666667
