Node:0.6233333333333333
ESIntegTestCase:0.44333333333333336
NettyTransport:0.2733333333333333
ESSmokeClientTestCase:0.25
