Table:0.6866666666666666
Configuration:0.4294444444444444
UniqueConstraintTest:0.12333333333333334
UniqueNoNameA:0.0575
UniqueNoNameB:0.0575
