Range:0.7466666666666667
RainbowGUI:0.4033333333333333
