Interpreter:0.8766666666666667
HttpProtocol:0.30666666666666664
CommChannelHandlerRunnable:0.23666666666666666
ChannelClosingException:0.23666666666666666
