ReportDescendants:0.4644444444444444
ReportAncestors:0.38333333333333336
ReportBirthdays:0.23
