Settlement:0.43
SimulationConfig:0.30333333333333334
ConstructionStage:0.27666666666666667
ConstructionSite:0.2633333333333333
ConstructionStageInfo:0.25666666666666665
BuildingConstructionMission:0.25333333333333335
ConstructionManager:0.19666666666666666
ConstructionVehicleType:0.19
JUnitTests:0.09
AllJUnitTests:0.08
MockSettlement:0.07333333333333333
ConstructionStageInfoTest:0.06666666666666667
ConstructionStageTest:0.05333333333333334
ConstructionValues:0.05
ConstructionSiteTest:0.05
ConstructionValuesTest:0.04833333333333333
ConstructionVehicleTypeTest:0.02
ConstructionConfig:0.016666666666666666
ConstructionManagerTest:0.01
