Repository:0.42888888888888893
Event:0.3233333333333333
