FlatFileItemWriter:0.4533333333333333
StepExecutionTests:0.36666666666666664
DefaultFlatFileItemReader:0.34
FlatFileItemWriterTests:0.2966666666666667
StaxEventItemReader:0.2877777777777778
DefaultFlatFileItemReaderTests:0.20666666666666667
SkippableItemWriter:0.20333333333333334
SimpleTradeTasklet:0.18333333333333332
SimpleStepExecutorTests:0.18333333333333332
SkippableItemReader:0.13
SimpleStepContextTests:0.11666666666666667
StaxEventItemReaderTests:0.06333333333333334
StepContributionTests:0.03666666666666667
