RmiSWTWorkbenchBot:0.55
EclipseEditorObject:0.5233333333333333
IRmiSWTWorkbenchBot:0.45809523809523817
EclipseState:0.41333333333333333
IEclipseState:0.40428571428571425
IPackageExplorerViewObject:0.40428571428571425
IEclipseEditorObject:0.40428571428571425
EclipseWindowObject:0.4033333333333333
ISessionViewObject:0.39178571428571424
ISarosWindowObject:0.3876190476190476
IEclipseMainMenuObject:0.3876190476190476
IEclipseWindowObject:0.3876190476190476
IRosterViewObject:0.3751190476190476
ViewObject:0.37333333333333335
SarosRmiSWTWorkbenchBot:0.37
EditorObject:0.36
RosterViewObject:0.35333333333333333
Musician:0.3491666666666667
SessionViewObject:0.3433333333333333
RmiTest:0.31666666666666665
TableObject:0.30333333333333334
PackageExplorerViewObject:0.2966666666666667
WindowObject:0.2833333333333333
IChatViewObject:0.27051984126984113
ISarosRmiSWTWorkbenchBot:0.26920634920634917
TreeObject:0.2633333333333333
EclipseMainMenuObject:0.23666666666666666
PopUpWindowObject:0.22
TestHandleContacts:0.20333333333333334
TestFileOperations:0.2
TestShareProjectUsingExistingProject:0.2
MainObject:0.19
TestDriverSavesFiles:0.18333333333333332
TestAllParticipantsFollowDriver:0.18
MenuObject:0.18
TestChangingDriverWhileOtherFollow:0.17
TestFollowMode:0.17
TestHostAsDriverInvitesBelatedly:0.17
TestSVN:0.16333333333333333
TestSessionViewObject:0.16333333333333333
TestDriverResetsFiles:0.16
TestFolderOperations:0.16
TestCreatingNewFile:0.15333333333333332
TestEditDuringInvitation:0.15
TestShare2UsersSequentially:0.15
PerspectiveObject:0.13666666666666666
StartupSaros:0.13333333333333333
TestDriverChangeAndImmediateWrite:0.11666666666666667
TestStrictSequentialInvitationWithoutTermination:0.11666666666666667
TestChatViewFunctions:0.11666666666666667
TestShare3UsersConcurrently:0.11666666666666667
TestShare3UsersSequentially:0.11666666666666667
TestChangingNameInRosterView:0.11666666666666667
IsClassContentsSame:0.11
IsJavaEditorContentsSame:0.1
IsEditorContentsSame:0.1
IsEditorOpen:0.1
IsEditorClosed:0.1
ToolbarObject:0.09333333333333334
TestParallelInvitationWithTerminationByHost:0.08666666666666667
TestParallelInvitationWithTerminationByInvitees:0.056666666666666664
EclipseObject:0.03
BasicObject:0.02
SarosObject:0.0
ChatViewObject:0.0
