ItemEventHandler:0.555
JFXItemEventHandler:0.36333333333333334
ServerBinaryDFHandler_5Test:0.3333333333333333
JFXLineGroupRenderer:0.32
ClientBinaryDFHandler_KOTest:0.2633333333333333
ClientBinaryDFHandlerTest:0.22333333333333333
ServerBinaryDFHandler_KOTest:0.2227777777777778
EditorRewriteBinaryDFTest:0.2227777777777778
JFXMapRenderer:0.20833333333333334
ServerBinaryDFHandler7Test:0.20333333333333334
DefaultBinaryExporter1_Test:0.19666666666666666
JFXProjectedMapItemRenderer:0.19031746031746033
MapItemsPaneRenderer:0.18666666666666668
CoursePoint:0.15666666666666668
ServerBinaryDFHandler8Test:0.14333333333333334
CourseArc:0.12333333333333334
LineArcRenderer:0.12333333333333334
AbstractJFXProjectedMapItemRenderer:0.10333333333333333
ServerNotificationNoAutoConnectTest:0.07277777777777779
