ParsedReaderResult:0.3233333333333333
EmailDoCoMoResult:0.18
URIParsedResult:0.15666666666666668
AddressBookDoCoMoResult:0.12666666666666668
BookmarkDoCoMoResult:0.12333333333333334
AddressBookAUResult:0.10333333333333333
EmailAddressResult:0.09666666666666666
UPCParsedResult:0.09333333333333334
URLTOResult:0.08333333333333333
TextParsedResult:0.08
