HttpBasedServiceCredential:0.5266666666666666
CoreAuthenticationTestUtils:0.3468888888888889
RegisteredServiceTestUtils:0.28
RegisteredServiceRegexAttributeFilter:0.22444444444444447
CompressionUtils:0.22333333333333333
HttpBasedServiceCredentialTests:0.18333333333333332
Cas20ProxyHandler:0.16
FileTrustStoreSslSocketFactoryTests:0.14
HttpBasedServiceCredentialsAuthenticationHandler:0.11333333333333333
