AdmobAdapter:0.515
admobdfpadapter:0.37333333333333335
TestAdMob:0.29333333333333333
SampleDataboxset:0.18666666666666668
