SyslogHandler:0.5166666666666667
SyslogProcessor:0.48333333333333334
Syslogd:0.44333333333333336
SyslogdIPMgr:0.266111111111111
