SystemState:0.6633333333333333
NEW:0.42333333333333334
NEWARRAY:0.27666666666666667
ANEWARRAY:0.13333333333333333
