ChannelWriter:0.7033333333333334
NioChannelWriter:0.39
SpinningChannelWriter:0.30333333333333334
ChannelReader:0.26133333333333336
SpinningChannelReader:0.22666666666666666
NioChannelReader:0.21
ClientChannelWriterInitializer:0.15333333333333332
MemberChannelReaderInitializer:0.14
MemberChannelWriterInitializer:0.11
ClientChannelReaderInitializer:0.08
