BaseStatsListener:0.30333333333333334
LSTM:0.2683333333333333
SubsamplingLayer:0.2683333333333333
LocalResponseNormalization:0.2683333333333333
BatchNormalization:0.2683333333333333
ConvolutionLayer:0.2683333333333333
CustomIUpdater:0.22
