CNNRegressionModelFit:0.46
CNNRegressionModel:0.41333333333333333
RModel:0.29166666666666663
CNNRegressionModelTest:0.26
