CssParser:0.38333333333333336
SelectorModel:0.20472222222222225
StyleableSelectorModel:0.19666666666666666
DocumentSelectorModel:0.16333333333333333
AttributeSelector:0.12
AttributeValueContainsWordSelector:0.09666666666666666
AttributeValueStartsWithSelector:0.09666666666666666
AttributeValueEqualsSelector:0.09666666666666666
AbstractAttributeSelector:0.043055555555555555
