InvitationDialog:0.7366666666666667
EnterProjectNamePage:0.38333333333333336
SessionManager:0.23333333333333334
