SimpleDOReader:0.61
SimpleBMechReader:0.17
SimpleWSDLAwareReader:0.08194444444444446
SimpleBDefReader:0.08194444444444446
