Configuration:0.5666666666666667
ReceiveChannelEndpoint:0.5533333333333333
DataTransportPoller:0.3466666666666667
