Block:0.6666666666666666
Cell:0.52
Folder:0.31666666666666665
DescriptorHandler:0.25
Column:0.24777777777777782
