Utils:0.47
FilterCompiler:0.35333333333333333
FilterCompilerTest:0.28
Filter:0.19333333333333333
StringNode:0.19333333333333333
LogicalExpressionNode:0.18333333333333332
ExpressionNode:0.10955555555555553
CompiledFilter:0.06
