SparkDl4jMultiLayer:0.5116666666666667
TextPipelineTest:0.44
Train:0.43333333333333335
MLLIbUtilTest:0.16087301587301586
ParamAccumulator:0.15333333333333332
TestSparkMultiLayer:0.14
IterativeReduceFlatMap:0.13577777777777778
TrainTest:0.13
