AbstractTestQueries:0.52
TestLogicalPlanner:0.31333333333333335
RelationPlanner:0.30666666666666664
InPredicateRewriter:0.21
