RealWebSocket:0.43666666666666665
WebSocketHttpTest:0.36666666666666664
MockWebServer:0.32916666666666666
WebSocketReader:0.2616666666666666
