HTMLScanner:0.5
ContentScanner:0.3466666666666667
HTMLTagBalancer:0.3433333333333333
DefaultFilter:0.3
HTMLConfiguration:0.3
