HttpClient:0.7116666666666667
HttpClientImpl:0.5433333333333333
