Netapi32:0.82
Netapi32Util:0.6033333333333334
Netapi32Test:0.3233333333333333
