GUIUtil:0.5666666666666667
WorkbenchFrame:0.5433333333333333
InfoFrame:0.28
ViewAttributesFrame:0.27777777777777773
