Vertex:0.6266666666666667
Edge:0.4166666666666667
UndirectedGraph:0.3233333333333333
PolynomialSolutionForVertexCover:0.22666666666666666
DFS:0.20916666666666667
DirectedGraph:0.1675
