MapUtil:0.7833333333333333
DefaultMapServers:0.37666666666666665
MainEmbedded:0.19333333333333333
AddServices:0.15333333333333332
