Unit:0.4666666666666667
LocationState:0.44
ChatBox:0.3233333333333333
InsideVehicleInSettlement:0.18
MeetTogetherMeta:0.18
OutsideOnMars:0.18
SettlementVicinity:0.18
OnAPerson:0.18
InsideVehicleOutsideOnMars:0.18
InsideBuilding:0.17333333333333334
InsideSettlement:0.16666666666666666
