ParticleController:0.67
FlameMain:0.37333333333333335
ResourceData:0.3233333333333333
ParallelArray:0.255
ParticleEffectLoader:0.17666666666666667
