BSON:0.4906111111111111
BSONDecoder:0.36666666666666664
ByteTest:0.31333333333333335
OutMessage:0.24
DBCallback:0.17666666666666667
DBRefTest:0.17333333333333334
