CVS:0.8072222222222222
CVSTest:0.3466666666666667
