Fetcher:0.4866666666666667
Crawler:0.41333333333333333
BerkeleyDBManager:0.31
BerkeleyGenerator:0.30333333333333334
