SecConst:0.7766666666666666
RSASignSessionBean:0.6633333333333333
