ShapeBuilder:0.68
BasePolygonBuilder:0.32
Edge:0.31666666666666665
ShapeBuilderTests:0.27
GeoJSONShapeParserTests:0.25666666666666665
