Request:0.8033333333333333
SocketContext:0.35333333333333333
