Http2ClientTest:0.7501111111111111
ChannelConnector:0.2994444444444444
