FrameDescriptor:0.48
LogReader:0.395
LogReaderTest:0.25
LogBufferDescriptor:0.2342539682539683
LogRebuilder:0.18
LogScanner:0.17333333333333334
