BrowserVersion:0.8733333333333333
PluginConfiguration:0.41
BrowserVersionTest:0.043333333333333335
