Constants:0.46327777777777784
OLParser:0.4266666666666667
OLVisitor:0.30333333333333334
RequestResponseOperationStatement:0.3
OptimizerVisitor:0.24
Scanner:0.21444444444444447
SemanticVerifier:0.19333333333333333
OneWayOperationStatement:0.12
VariablePath:0.09
StatementChannelInfo:0.03333333333333333
