Flow:0.5527777777777778
FlowDefinition:0.31272222222222223
