LookCapacitiesHandler2Test:0.3333333333333333
LookCapacitiesHandler3Test:0.3333333333333333
LookCapacitiesHandlerTest:0.3333333333333333
LookDefinitionHandler3Test:0.17
LookDefinitionHandlerTest:0.17
LookDefinitionHandler2Test:0.17
LookDefinitionHandlerCheckTest:0.10666666666666667
LookDefinitionHandlerCheckKOTest:0.06333333333333334
