ResponseListener:0.6933333333333334
Http2CIntegrationTest:0.2833333333333333
Http2IntegrationTest:0.2833333333333333
