DAS2AdapterGUI:0.5066666666666667
DAS2Adapter:0.39666666666666667
DAS2FeatureSaxParser:0.25666666666666665
DAS2Writer:0.17666666666666667
ProxyListener:0.06166666666666667
HistoryListener:0.06166666666666667
DSNListener:0.012222222222222223
ServerListener:0.012222222222222223
LongValidator:0.0
