ElementUtil:0.5233333333333333
BindingConverter:0.48333333333333334
EnhancedForRewriter:0.30666666666666664
TypeUtil:0.2833333333333333
MethodInvocation:0.2633333333333333
GeneratedVariableElement:0.23666666666666666
