TaskState:0.5966666666666667
JpdlSerializer:0.32
BpmnSerializer:0.23
UpdateSwimlaneNameDialog:0.22055555555555553
SwimlaneActionsDelegate:0.18666666666666668
ProcessSerializer:0.15833333333333333
EnableReassignSwimlaneToTaskPerformerCommand:0.15333333333333332
EnableReassignSwimlaneToInitializerCommand:0.15
EnableReassignSwimlaneToInitializerAction:0.06333333333333334
EnableReassignSwimlaneToTaskPerformerAction:0.06333333333333334
