JMSDelegate:0.5833333333333334
MediaCreationRequest:0.37666666666666665
LabelPrintService:0.2733333333333333
MediaComposerService:0.26
FilesetBuilder:0.25666666666666665
DicomDirDOM:0.24666666666666667
SpoolDirService:0.24333333333333335
MakeIsoImageService:0.20666666666666667
NeroCmdService:0.2
CDRecordService:0.2
MediaCreationMgtScpService:0.18666666666666668
AbstractMediaWriterService:0.13666666666666666
