FilterDefinition:0.4533333333333333
FilterDispatchIntegrationTest:0.27
ContinuingRequestIntegrationTest:0.17666666666666667
VarargsServletDispatchIntegrationTest:0.16666666666666666
ServletDispatchIntegrationTest:0.16666666666666666
VarargsFilterDispatchIntegrationTest:0.16666666666666666
InjectedFilterPipelineTest:0.16
FilterPipelineTest:0.15333333333333332
ServletDefinition:0.12666666666666668
MultiModuleDispatchIntegrationTest:0.12666666666666668
FilterDefinitionTest:0.10333333333333333
