SettingsHandler:0.5
CrawlerSettings:0.48
Refinement:0.48
ComplexType:0.4533333333333333
DoubleList:0.3283333333333333
IntegerList:0.3283333333333333
LongList:0.3283333333333333
FloatList:0.3283333333333333
Type:0.31333333333333335
Criteria:0.2877777777777778
ListType:0.2833333333333333
DataContainer:0.28
XMLSettingsHandler:0.24333333333333335
Constraint:0.23333333333333334
MapType:0.22666666666666666
ModuleType:0.22666666666666666
SoftSettingsHash:0.22333333333333333
ModuleAttributeInfo:0.19
SettingsFrameworkTestCase:0.16666666666666666
ValueErrorHandler:0.15529365079365082
StringList:0.15416666666666667
RegularExpressionConstraint:0.14333333333333334
CrawlSettingsSAXSource:0.13
TimespanCriteria:0.12666666666666668
MapTypeTest:0.12
TimespanCriteriaTest:0.09305555555555554
TextField:0.07333333333333333
SettingsCache:0.06972222222222223
SimpleType:0.06666666666666667
CrawlerSettingsTest:0.0575
CrawlSettingsSAXHandler:0.05333333333333334
XMLSettingsHandlerTest:0.043333333333333335
LegalValueTypeConstraint:0.03666666666666667
PortnumberCriteria:0.03166666666666667
LegalValueListConstraint:0.03166666666666667
RegularExpressionCriteria:0.03166666666666667
SimpleTypeTest:0.017777777777777778
OverrideTest:0.006666666666666667
