Grammar:0.49666666666666665
Label:0.39166666666666666
Tool:0.38333333333333336
GrammarASTAdaptor:0.2544444444444445
CollectSymbols:0.25333333333333335
BasicSemanticChecks:0.20333333333333334
BaseTest:0.19
SymbolChecks:0.18
SemanticPipeline:0.17666666666666667
