Webviewer:0.47333333333333333
WebviewerLinkProvider:0.31
WebviewerLinkProviderSPI:0.2966666666666667
DummyProvider:0.24666666666666667
WebviewerSelectionPage:0.16444444444444445
