ZoneModule:0.84
ViewController:0.31333333333333335
WebKeys:0.22872222222222216
BaseZoneModule:0.19333333333333333
ManageZonesController:0.17666666666666667
LiferayProxyServer:0.12666666666666668
