DbQuery:0.5
DbSession:0.3933333333333333
DbQueryBase:0.3233333333333333
DbThreadSession:0.18444444444444444
