VocabConstructor:0.59
ExplodingTokenizerFactory:0.29333333333333333
ExplodingTokenizer:0.16
TfidfVectorizerTest:0.09333333333333334
