ActivityStreamCtrl:0.4533333333333333
PopupMenu:0.4166666666666667
ActionsPopupMenu:0.37666666666666665
ActivityStreamUIEntry:0.32
