WeightDescriptor:0.9833333333333333
WeightDescriptorTest:0.4066666666666667
