MeasurementStyle:0.5333333333333333
AdvancedMeasureOptionsPanel:0.31
MeasureLayerFinder:0.20333333333333334
AdvancedMeasureTool:0.185
CoordinateListMetrics:0.17166666666666666
