SybaseDialect:0.64
HQLTest:0.4166666666666667
SQLServerDialect:0.4066666666666667
FooBarTest:0.2633333333333333
ASTParserLoadingTest:0.22333333333333333
SQLFunctionsTest:0.21
SerializableTypeTest:0.16222222222222224
TimestampGeneratedValuesWithCachingTest:0.16
