ObjectKeys:0.7930555555555554
RightSet:0.43666666666666665
Function:0.38333333333333336
AbstractZoneModule:0.3433333333333333
