InternalCircuitBreakerService:0.7366666666666667
CircuitBreakerServiceTests:0.27666666666666667
Validator:0.2507777777777777
ClusterDynamicSettingsModule:0.20666666666666667
ApplySettings:0.15333333333333332
