JbpmDefinitionLogic:0.6722222222222222
LoadProcessDefinitionArchiveAction:0.57
ProcessDefinitionInfoFormTag:0.2966666666666667
