HttpRequestBuilder:0.39666666666666667
PathTrie:0.36
RestApi:0.32666666666666666
PathTrieTests:0.29333333333333333
TrieNode:0.26666666666666666
RestClient:0.22
SitePluginIT:0.14333333333333334
