SchemaUpdate:0.4166666666666667
SchemaExport:0.37333333333333335
SchemaUpdateTask:0.23333333333333334
SchemaExportTask:0.23333333333333334
SchemaValidatorTask:0.22
SchemaValidator:0.20333333333333334
