RobolectricTestRunner:0.6261111111111112
SupportFragmentControllerTest:0.41333333333333333
