DBUtils:0.43
XPath:0.42333333333333334
BinaryFile:0.22666666666666666
Execute:0.14
Select:0.14
ServiceConfig:0.13333333333333333
