HeapModel:0.54
JclassSym:0.54
Invocation:0.3877777777777778
HeapSym:0.30244444444444446
LDC:0.2927222222222223
Instanceof:0.24555555555555553
TranslationSym:0.23666666666666666
HeapObjectModel:0.22777777777777777
NEW:0.19666666666666666
ATHROWCREATOR:0.19666666666666666
SymbolHashMangoModel:0.19666666666666666
TranslationManager:0.19333333333333333
SymbolHashEngine:0.19166666666666668
NEWARRAY:0.18383333333333332
Checkcast:0.17333333333333334
InstanceOfAgent:0.16666666666666666
ANEWARRAY:0.15555555555555556
CheckCast_getValueAgent:0.135
MULTIANEWARRAY:0.12333333333333334
ARRAYLENGTH:0.11333333333333333
CASTORE:0.11333333333333333
CALOAD:0.11333333333333333
FALOAD:0.11333333333333333
LASTORE:0.11333333333333333
BASTORE:0.11333333333333333
DALOAD:0.11333333333333333
IASTORE:0.11333333333333333
AALOAD:0.11333333333333333
SALOAD:0.11333333333333333
DASTORE:0.11333333333333333
BALOAD:0.11333333333333333
LALOAD:0.11333333333333333
IALOAD:0.11333333333333333
AASTORE:0.11333333333333333
SASTORE:0.11333333333333333
FASTORE:0.11333333333333333
SymbolHashOpcodeSyms:0.11
LDC_W:0.10333333333333333
InequivalentPtr:0.09333333333333334
SymbolHashRewriter:0.09166666666666666
