Printer:0.8752777777777777
GenericExtruder:0.4116666666666667
GenericRepRap:0.38333333333333336
Simulator:0.2683333333333333
GCodeRepRap:0.24666666666666667
GCodeExtruder:0.23166666666666666
