FunctionalGroups:0.6766666666666666
FuncGroupsTest:0.32666666666666666
SimpleReactions:0.32666666666666666
