OracleDatabase:0.4766666666666667
PostgresDatabase:0.4766666666666667
MySQLDatabase:0.4766666666666667
