SqlHelper:0.38
DbEntity:0.35083333333333333
DownloadTarget:0.24666666666666667
UploadTarget:0.24
DownloadTaskEntity:0.23666666666666666
UploadTaskQueue:0.23
DownloadTaskQueue:0.21666666666666667
UploadTaskEntity:0.21
ResumeAllCmd:0.1494444444444445
UploadReceiver:0.14333333333333334
FileInfoThread:0.13333333333333333
DownloadGroupUtil:0.1
DownloadGroupTaskQueue:0.06666666666666667
DownloadGroupTaskEntity:0.017388888888888888
DownloadGroupTarget:0.0
AbsTaskEntity:0.0
