RubyTokenScanner:0.8933333333333333
TC_RubyTokenScanner:0.06333333333333334
