AbstractViewPort:0.46
DummyWebCfgMBean:0.4166666666666667
MainPage:0.33666666666666667
WicketApplication:0.30666666666666664
