Wallet:0.5266666666666666
Peer:0.51
PeerGroup:0.3433333333333333
