FieldValueFactorFunction:0.7566666666666667
FieldValueFactorFunctionBuilder:0.22666666666666666
FieldValueFactorFunctionParser:0.15666666666666668
FunctionScoreFieldValueTests:0.06
