JSONScanner:0.5374444444444444
DefaultJSONParser:0.335
MapSerializer:0.29333333333333333
