IOUtils:0.83
JSR356AsyncSupport:0.23444444444444448
GlassFishServ30WebSocketSupport:0.17666666666666667
ContainerInitializer:0.17
