AbstractDatabase:0.6877777777777777
FieldTypeHelper:0.38
OracleDatabase:0.3416666666666667
