AnnotationDiffer:0.6966666666666667
Choice:0.5966666666666667
Pairing:0.2869444444444445
