ColumnWriter:0.7366666666666667
SliceDirectColumnWriter:0.24666666666666667
DoubleColumnWriter:0.24666666666666667
TimestampColumnWriter:0.24666666666666667
FloatColumnWriter:0.24666666666666667
DecimalColumnWriter:0.24666666666666667
ByteColumnWriter:0.24666666666666667
BooleanColumnWriter:0.24666666666666667
LongColumnWriter:0.24666666666666667
SliceDictionaryColumnWriter:0.17416666666666666
MapColumnWriter:0.16666666666666666
StructColumnWriter:0.16666666666666666
ListColumnWriter:0.16666666666666666
