Aligner:0.6155555555555556
CswParams:0.2866666666666667
Harvester:0.28
ArcSDEHarvester:0.25
