FilesSupplierConfig:0.7633333333333333
MergeDocxConfigParser:0.24
DocxHandler:0.20027777777777775
MergeDocxConfig:0.16333333333333333
MergeDocxHandler:0.04666666666666667
