Flow:0.6233333333333333
NoMatchingTransitionException:0.37666666666666665
TransitionableState:0.30666666666666664
ActionExecutor:0.28
ActionState:0.22333333333333333
EndState:0.17733333333333334
