HibernateEntityManagerImplementor:0.5134166666666666
AbstractEntityManagerImpl:0.43333333333333335
Customer:0.2833333333333333
TupleCriteriaTest:0.23666666666666666
CriteriaQueryCompiler:0.159
CriteriaQueryTransformer:0.03
