AbstractIdentifiableType:0.49333333333333335
MetadataContext:0.33
EntityTypeImpl:0.23333333333333334
MappedSuperclassTypeImpl:0.23
MappedSuperclassTypeTest:0.09333333333333334
