ClassUtils:0.3933333333333333
AbstractOsgiServiceProxyFactoryBean:0.35333333333333333
AbstractDelegatedExecutionApplicationContext:0.33666666666666667
BundleContextAwareProcessorTest:0.27
BundleContextAwareProcessor:0.21666666666666667
ApplicationContextConfiguration:0.12
