DynamicSettersActivity:0.4533333333333333
DisableDaysActivity:0.16666666666666666
CustomizeCodeActivity:0.16666666666666666
BasicActivityDecorated:0.16666666666666666
OldCalendarViewActivity:0.16666666666666666
CustomizeXmlActivity:0.16666666666666666
BasicActivity:0.13333333333333333
DialogsActivity:0.11
