Fiber:0.65
FiberTask:0.34703968253968254
ParkableForkJoinTask:0.32
FiberForkJoinTask:0.2966666666666667
