FedoraClient:0.6983333333333334
WebClient:0.4683333333333333
Downloader:0.32
