ForeignKeyDropTest:0.46888888888888897
MariaDB10Dialect:0.22333333333333333
SupportDropConstraints:0.208
