BsonEncoding:0.503611111111111
UnmarshalableWrapper:0.32
RepositorySupport:0.2866666666666667
SillyManualFixture:0.27
