BoundedLocalCache:0.44
CacheContext:0.32
CacheWriterVerifier:0.31666666666666665
GuavaCache:0.29333333333333333
LocalManualCache:0.28
ExpireAfterAccessTest:0.15
