Constants:0.7966666666666666
ResourceInfo:0.43666666666666665
Property:0.36333333333333334
PropertyValue:0.34
Utils:0.32666666666666666
OWLIMServiceImpl:0.30333333333333334
AbstractOWLIMOntologyImpl:0.29333333333333333
AnnotationPropertyImpl:0.21166666666666667
OClassImpl:0.19
RDFPropertyImpl:0.18666666666666668
OInstanceImpl:0.18666666666666668
OResourceImpl:0.18333333333333332
ObjectPropertyImpl:0.10666666666666667
DatatypePropertyImpl:0.10666666666666667
TransitivePropertyImpl:0.01
AnonymousClassImpl:0.01
SymmetricPropertyImpl:0.01
