EndEntityCertificateAuthenticationModule:0.5466666666666666
HMACAuthenticationModule:0.42333333333333334
VerifyPKIMessage:0.30333333333333334
AuthenticationModulesTest:0.19333333333333333
CrmfMessageHandler:0.18
RevocationMessageHandler:0.11333333333333333
