DB:0.58
ReportStarter:0.3
GridTab:0.2833333333333333
WebDoc:0.27666666666666667
PosProcessor:0.26666666666666666
X_C_Posqueue:0.23666666666666666
PLAFEditor:0.21333333333333335
GridTable:0.2111111111111111
XendraServerMgr:0.20666666666666667
XendraServer:0.20444444444444446
PosPanel:0.18666666666666668
X_C_PosProcessor:0.18
GenerateModel:0.16166666666666665
PosModel:0.145
EntityTypeRegister:0.11333333333333333
DeleteClient:0.09666666666666666
RegisterSystem:0.08333333333333333
MPosProcessor:0.043333333333333335
ReportData:0.023333333333333334
MPOSqueue:0.006666666666666667
