ComponentTest:0.5066666666666667
NativeSqlAndQuotedIdentifiersTest:0.36
MigrationTest:0.26
ExplicitSqlResultSetMappingTest:0.19666666666666666
