Submit:0.7766666666666666
Reset:0.3933333333333333
