DBCollection:0.4766666666666667
AggregationOptions:0.47
AggregateOperation:0.31333333333333335
JavaClientOldTest:0.27666666666666667
