PopUpMenuEnabler:0.4033333333333333
ActionManager:0.36333333333333334
Actions:0.32777777777777783
ScheduleRequestMsg:0.2733333333333333
MangoActionManager:0.26666666666666666
ActionAgent:0.20416666666666666
GlobalViewWindow:0.14833333333333334
PopUpMsg:0.0
