MockExternalContext:0.49666666666666665
XmlFlowBuilder:0.42
FlowBuilderServices:0.23666666666666666
FlowDefinitionRedirectResult:0.16
FlowDefinitionRedirector:0.15
FlowExecutorImplTests:0.14666666666666667
ViewStateTests:0.13333333333333333
ExternalRedirectActionTests:0.12444444444444443
FlowDefinitionRedirectAction:0.10666666666666667
FlowDefinitionRedirectActionTests:0.03666666666666667
ViewFactoryCreator:0.03666666666666667
ExternalRedirectAction:0.0
