Node:0.6033333333333334
ConfigCheck:0.53
MulticastJoinTest:0.22
ConfigCheckTest:0.12333333333333334
