TransformTestCase:0.7711111111111112
ReportEntry:0.4766666666666667
