SecondLevelCacheLogger:0.6214603174603174
JCacheRegionFactory:0.42
AbstractReadWriteAccess:0.33
RegionFactoryInitiator:0.26666666666666666
SingleRegisteredProviderTest:0.21333333333333335
