Window2Test:0.44666666666666666
WebDriverTestCase:0.42333333333333334
TopLevelWindow:0.37
WebClient2Test:0.20666666666666667
