SpringXmlConfigBuilder:0.49666666666666665
SpringXmlBuilderHelper:0.31
HazelcastCache:0.2725
SpringManagedContext:0.25666666666666665
HazelcastCacheManager:0.24333333333333335
SpringXmlBuilder:0.17
HazelcastConfigBeanDefinitionParser:0.15
HazelcastInstanceDefinitionParser:0.14333333333333334
HazelcastClientBeanDefinitionParser:0.14333333333333334
HazelcastNamespaceHandler:0.08333333333333333
RegionFactoryBeanDefinitionParser:0.08333333333333333
HazelcastTypeBeanDefinitionParser:0.04
CacheManagerBeanDefinitionParser:0.03
