ResourceIndex:0.7353333333333333
ResourceIndexImpl:0.5733333333333334
ResourceIndexModule:0.38666666666666666
TestResourceIndexImpl:0.2511111111111111
