Refinement:0.6133333333333333
CrawlSettingsSAXSource:0.37666666666666665
CrawlerSettings:0.30666666666666664
XMLSettingsHandler:0.27216666666666667
CrawlSettingsSAXHandler:0.15666666666666668
OperatorHandler:0.01
OrganizationHandler:0.01
AudienceHandler:0.01
