InputListener:0.6666666666666666
ScrollPane:0.32
Selection:0.22666666666666666
DragListener:0.22666666666666666
ClickListener:0.22666666666666666
Window:0.215
SplitPane:0.20666666666666667
TextFieldClickListener:0.20333333333333334
Touchpad:0.2
Slider:0.15666666666666668
ListScroll:0.10333333333333333
Scene2dTest:0.1
MyActor:0.08
