ComplexType:0.4633333333333333
CrawlerSettings:0.30833333333333335
It:0.2966666666666667
MapType:0.24333333333333335
MapTypeTest:0.17666666666666667
Context:0.12
