SessionScope:0.64
ShutdownTest:0.24666666666666667
SessionBeans:0.245
ShutdownAwareScope:0.18666666666666668
ServletsMockitoUtil:0.14333333333333334
