MapInfoStylePlugin:0.4
InstallDeegreeFileAdaptersPlugIn:0.35
I18N:0.2733333333333333
DeeMapInfoFile:0.24409259259259253
OldDeeJUMPExtension:0.14333333333333334
DeegreeMapInfoReader:0.10333333333333333
