CloudWatchMetricConfig:0.7138888888888889
MetricUploaderThread:0.57
DefaultMetricCollectorFactory:0.18666666666666668
