DbExport:0.44333333333333336
DbImport:0.30666666666666664
SymmetricAdmin:0.2833333333333333
AbstractCommandLauncher:0.27666666666666667
DbImportCommand:0.17333333333333334
DbExportCommand:0.1511111111111111
