StringUtil:0.7433333333333333
StringUtilTest:0.27
ActionMethodParser:0.21333333333333335
