JsonReader:0.8433333333333334
JsonReaderTest:0.6433333333333333
