ASTFactory:0.5033333333333333
StatementGeneratorTest:0.5
RewriterTest:0.32666666666666666
Rewriter:0.30333333333333334
