ClientConductor:0.44333333333333336
ReceiverProxy:0.36666666666666664
MediaConductor:0.3433333333333333
ClientConductorProxy:0.26
MediaConductorTest:0.22333333333333333
AeronTest:0.20166666666666666
ClientConductorProxyTest:0.19666666666666666
ConductorErrorHandler:0.15
FlyweightTest:0.12
UnicastReceiverTest:0.11
