Processes:0.6328333333333334
Executor:0.3538333333333334
ProcessesTest:0.10333333333333333
RuntimeExecutor:0.016666666666666666
