SimpleSortTests:0.5991666666666666
GeoDistanceTests:0.42
AutoExpandReplicas:0.41333333333333333
