ParserATNSimulator:0.42333333333333334
ATNConfig:0.4066666666666667
ATNConfigSet:0.3466666666666667
TestFullContextParsing:0.2966666666666667
TestT:0.15666666666666668
ATNSimulator:0.15333333333333332
ANTLRErrorListener:0.12833333333333333
BaseErrorListener:0.11994444444444445
ProxyErrorListener:0.11666666666666667
DiagnosticErrorListener:0.05416666666666667
