Vacuumd:0.6933333333333334
VacuumdConfigFactory:0.62
VacuumdTest:0.31333333333333335
VacuumdConfigFactoryTest:0.07
