EquationSystem:0.39
MultVar:0.35
AdmissibilityConstraint:0.33
EdgeMatEqSystem:0.30583333333333335
MultTerm:0.29333333333333333
NodeSingEqSystem:0.2325
