Pop3Server:0.48333333333333334
ImapServer:0.43666666666666665
SmtpSslServer:0.27666666666666667
ImapSslServer:0.14
Pop3SslServer:0.14
