ClientConnection:0.65
HttpClientPool:0.38333333333333336
ConnQueue:0.23333333333333334
ClientHandler:0.1
Http2ClientConnection:0.07333333333333333
ConnectionManager:0.023333333333333334
