LookModelPlugin:0.49666666666666665
ParserError:0.24333333333333335
CSSSelector:0.22333333333333333
CSSCheckerParser:0.13333333333333333
CSSCheckerAction:0.09666666666666666
CSSRule:0.03
