SchedulerServer:0.5836111111111112
JbpmExecutionLogic:0.4533333333333333
SchedulerServerImpl:0.2833333333333333
