AbstractDbDialect:0.4866666666666667
IDbDialect:0.48
IncomingBatchService:0.3466666666666667
PostgreSqlDbDialect:0.3233333333333333
CsvLoader:0.29333333333333333
DataLoaderService:0.29333333333333333
DbDialectFactory:0.20333333333333334
