PerRequestTimeoutTest:0.4266666666666667
RequestTimeoutTimerTask:0.31333333333333335
IdleChannelDetector:0.2833333333333333
TimeoutsHolder:0.25333333333333335
