AndroidManifest:0.72
MavenManifestFactory:0.34
ManifestIdentifier:0.3333333333333333
AndroidManifestTest:0.30666666666666664
ManifestFactory:0.19
