ESIntegTestCase:0.65
HttpCompressionIT:0.27
ContextAndHeaderTransportIT:0.2658333333333333
CorsRegexIT:0.21583333333333332
HttpSmokeTestCase:0.21583333333333332
ESNetty4IntegTestCase:0.20583333333333334
GradleMessageBuilder:0.15
DetailedErrorsDisabledIT:0.1275
ResponseHeaderPluginIT:0.1275
