TaskManager:0.5466666666666666
ResearchAstronomy:0.13333333333333333
ResearchAstrophysics:0.13333333333333333
ResearchMathematics:0.13333333333333333
ResearchBiology:0.13333333333333333
ResearchPhysics:0.13333333333333333
ResearchMeteorology:0.13333333333333333
