Tab:0.59
MetaProperty:0.4766666666666667
ApplicantTest:0.18333333333333332
Invoice6Test:0.07
LocalDateFormatter:0.05333333333333334
Invoice6:0.04777777777777777
CurrentLocalDateCalculator:0.0
