GraphicFactory:0.5666666666666667
ServerMapItem:0.55
Line:0.4766666666666667
JFXItemsRenderersHelper:0.45666666666666667
JFXPainterUtils:0.44666666666666666
MapItemPaint:0.43388888888888894
Widget:0.4266666666666667
CommonConfiguration:0.41800000000000004
ConfigurationParser:0.395
JFXMapItemPaint:0.3933333333333333
Network:0.39
ItemStyle:0.39
Logging:0.39
TriangleContext:0.38666666666666666
LegendContext:0.38666666666666666
MapItemsRenderer:0.38
RendererFactory:0.37333333333333335
MapItemRendererFactory:0.3675
MapItemPaints:0.35
Vertex:0.3466666666666667
MapSourceContext:0.32666666666666666
CoursePoint:0.31666666666666665
LineContext:0.3046666666666667
AbstractMapItem:0.2966666666666667
SwingGraphicalProperties:0.29
JFXMapSymbol:0.2866666666666667
JFXGraphicalProperties:0.2633333333333333
RelatedPoint:0.25666666666666665
ServerWidgetsHandler:0.24666666666666667
JFXServerGraphicsConfigHandler:0.23333333333333334
ItemDef:0.22416666666666665
AbstractMapItemRendererFactory:0.22
SwingMapItemColor:0.2180952380952381
SwingLegendContext:0.21777777777777782
AbstractMapItemList:0.21666666666666667
MapSourceRenderer:0.21
JFXEventLogger:0.20666666666666667
ServerConfigurationParser:0.20666666666666667
JFXFactory:0.20666666666666667
MapItemListRenderer:0.20333333333333334
ExtensionManager:0.2003333333333333
SwingFactory:0.2
MapItemsUIHandler:0.2
ServerExtensionLoader:0.19666666666666666
ServerMapItemsUtilities:0.19333333333333333
AbstractServerEngine:0.19333333333333333
JFXGUITools:0.1930952380952381
LineSegmentRenderer:0.18666666666666668
SwingGUITools:0.18642857142857144
GraphicalProperties:0.18333333333333332
JFXServerWrapper:0.18333333333333332
JFXMapRenderer:0.18
JFXMapItemTexture:0.17666666666666667
JFXLegendContext:0.17333333333333334
JFXLineSegmentRenderer:0.17
JFXRenderersHandler:0.17
JFXTriangleSegmentDoubleRenderer:0.17
MapItemsPaneRenderer:0.17
JFXTriangleSegmentRenderer:0.16666666666666666
RenderersHandler:0.16666666666666666
AbstractJFXProjectedMapItemRenderer:0.16333333333333333
JFXMapItemColor:0.16
JFXLineArcRenderer:0.16
JFXConfiguration:0.15666666666666668
JFXTriangleEndDoubleRenderer:0.15333333333333332
JFXTriangleEndRenderer:0.15
SwingRenderersHandler:0.15
JFXLegendRenderer:0.15
JFXFilledPolyStartRenderer:0.14333333333333334
ScenarioOptions:0.14333333333333334
TriangleEndRenderer:0.14333333333333334
TriangleEndDoubleRenderer:0.14333333333333334
LineArcRenderer:0.14
JFXSymbolGenericRenderer:0.13333333333333333
CourseArc:0.13
ItemStyleRange:0.13
JFXDrawLineToCursorRenderer:0.1125
JFXSymbolRotatedRenderer:0.11
JFXSymbolRunwayRenderer:0.11
JFXSymbolTargetRenderer:0.11
ItemStyleRenderer:0.1075
SwingMapItemTexture:0.10666666666666667
JFXSymbolCircleRenderer:0.1
FilledPolyStartRenderer:0.09666666666666666
GUIActionRunnable:0.09333333333333334
JFXSymbolRectangleRenderer:0.09333333333333334
JFXSymbolOvalRenderer:0.09333333333333334
GUIToolsTask:0.09333333333333334
TriangleSegmentDoubleRenderer:0.08666666666666667
TriangleSegmentRenderer:0.08
JFXPerformanceDialog:0.07666666666666666
JFXTextAttribute:0.07
JFXLineStartRenderer:0.06333333333333334
StyleSetRange:0.04666666666666667
ItemStyleElement:0.04666666666666667
SwingMapItemRendererFactory:0.04
JFXInitializer:0.03833333333333333
AbstractJFXMapItemRenderer:0.03333333333333333
ItemStyleMap:0.013333333333333334
SwingStyleSetRange:0.0033333333333333335
SwingInitializer:0.0033333333333333335
AbstractJFXMapItemPaint:0.0
