SimpleDemo:0.14
ForeignPersonRecongnitionTest:0.13666666666666666
FilterAndUpdateNatureDemo:0.12
BaseAnalysisDemo:0.11333333333333333
UserDefinedAnalysisTest:0.11333333333333333
IndexPaserDemo:0.11333333333333333
UserDefineAnalysisDemo:0.11
NlpDemo:0.09333333333333334
PersonRecognitionTest:0.09333333333333334
NatrueFileTest:0.09333333333333334
JianFanZhuanhuanDemo:0.09333333333333334
CompanyTest:0.09333333333333334
AccuracyTest:0.09
