AggregateStatusService:0.48
DefaultAggregateStatusService:0.47333333333333333
DefaultAggregateServiceIntegrationTest:0.39666666666666667
AggregateStatusController:0.3111111111111111
