UserBean:0.7066666666666667
AnnotationTaskBean:0.3466666666666667
DisplayAssignedTasks:0.24333333333333335
MarkFinishedAnnotationTask:0.21333333333333335
AddAnnotationTask:0.21333333333333335
