CustomAcceptActionProvider:0.6094444444444445
CustomResizeProvider:0.5933333333333334
