LogConfig:0.36333333333333334
JSONGetITest:0.30666666666666664
ResponseITest:0.2633333333333333
ResponseLoggingFilter:0.24333333333333335
LoggingITest:0.22666666666666666
RequestLoggingFilter:0.20333333333333334
LogSpecification:0.15833333333333333
ResponseBody:0.15833333333333333
StatusCodeBasedLoggingFilter:0.13333333333333333
