Planner:0.7566666666666667
PlannerTest:0.24666666666666667
