CertificateCache:0.6016666666666667
CacheTester:0.29
TestCertificateCache:0.22333333333333333
