FavoriteInfo:0.42333333333333334
GwtServerHelper:0.4033333333333333
GwtRpcServiceImpl:0.35
GwtTeamingMessages:0.31666666666666665
MainMenuControl:0.25666666666666665
FavoritesMenuPopup:0.25166666666666665
GwtRpcService:0.24333333333333335
GwtRpcServiceAsync:0.23666666666666666
