MembersAdapter:0.4666666666666667
MembersActivity:0.37333333333333335
SampleModule:0.16333333333333333
Dagger1MvpFragment:0.059166666666666666
Dagger1MvpLceViewStateActivity:0.059166666666666666
Dagger1MvpActivity:0.059166666666666666
Dagger1MvpViewStateActivity:0.059166666666666666
Dagger1MvpLceFragment:0.059166666666666666
Dagger1MvpLceActivity:0.059166666666666666
Dagger1MvpLceViewStateFragment:0.059166666666666666
Dagger1MvpViewStateFragment:0.059166666666666666
