AvailableSettings:0.5040555555555557
EntityManagerFactoryImpl:0.44
CoreMessageLogger:0.31666666666666665
BaseEntityManagerFunctionalTestCase:0.2377777777777778
AbstractEntityManagerImpl:0.22
UpgradeLockTest:0.20666666666666667
Ejb3Configuration:0.20666666666666667
