DataStructureAdapter:0.7333333333333333
TransactionalMapDataStructureAdapterTest:0.22666666666666666
IMapDataStructureAdapterTest:0.22666666666666666
ReplicatedMapDataStructureAdapterTest:0.22666666666666666
ReplicatedMapDataStructureAdapter:0.18833333333333332
ICacheDataStructureAdapter:0.18833333333333332
IMapDataStructureAdapter:0.18833333333333332
ICacheDataStructureAdapterTest:0.14666666666666667
TransactionalMapDataStructureAdapter:0.14333333333333334
