StatelessChronicleMap:0.5533333333333333
ReaderWithSize:0.5033333333333333
StatelessServerConnector:0.3233333333333333
SerializerTest:0.18
