DirectSpellcheckerSettings:0.6216666666666667
TermSuggester:0.36666666666666664
PhraseSuggester:0.31166666666666665
