ControllerHub:0.47
McontrolextraTests:0.4442619047619048
ControlextraCoverageTest:0.39666666666666667
