Default:0.6133333333333333
AgentBuilder:0.52
Matched:0.35
AgentBuilderDefaultTest:0.30666666666666664
AgentBuilderDefaultApplicationTest:0.16333333333333333
Bar:0.10838095238095237
