NestedCrmfRequestWrongSignatureTestCommand:0.5133333333333333
NestedCrmfRequestMissingStoredCertTestCommand:0.5133333333333333
NestedCrmfRequestTestCommand:0.4866666666666667
