Tab:0.765
ViewDetailAction:0.3233333333333333
AccessTracker:0.27777777777777773
InvoiceDetailsWithSectionsTest:0.12333333333333334
