MainScene:0.5333333333333333
MonitorWindow:0.39666666666666667
TabPanelStructure:0.30333333333333334
TableTab:0.15666666666666668
LocalUnitManagerListener:0.1375
InventoryTabPanel:0.13333333333333333
TabPanelGoods:0.07666666666666666
AssociatedSettlementListener:0.024722222222222222
