ImagePanel:0.6466666666666666
LocalizerDelegate:0.3068888888888889
SliceLocator:0.2833333333333333
SeriesListUpdator:0.18666666666666668
