Settlement:0.5933333333333334
Building:0.45
ItemResource:0.34
LifeSupportType:0.32600793650793647
BuildingManager:0.3
Administration:0.2733333333333333
AstronomicalObservation:0.2633333333333333
Communication:0.25666666666666665
Mining:0.23666666666666666
RoverMission:0.22
Cooking:0.215
TestItemResource:0.19666666666666666
SettlementTableModel:0.18
StartingSettlementPanel:0.08833333333333333
