Notification:0.7425
NotificationMgmtService:0.43
NotificationQueryService:0.33666666666666667
FollowProcessor:0.31333333333333335
NotificationProcessor:0.29333333333333333
