Management:0.6
DOReader:0.48
MultiValueMap:0.41333333333333333
Authorization:0.4116666666666667
JournalEntryContext:0.3566666666666667
TestJournalRoundTrip:0.3433333333333333
FedoraAPIMBindingSOAPHTTPImpl:0.3433333333333333
JournalConsumer:0.33666666666666667
JournalReader:0.31666666666666665
MockManagementDelegate:0.25666666666666665
MockDOReader:0.24666666666666667
AutoIngestor:0.24666666666666667
DefaultManagement:0.24666666666666667
WebXML:0.24666666666666667
TestLockingFollowingJournalReader:0.23666666666666666
DefaultAuthorization:0.23333333333333334
SourceRepoDialog:0.23
TestContextXmlWriterAndReader:0.22666666666666666
JournalCreator:0.20666666666666667
ManagementModule:0.20166666666666666
Journaller:0.20166666666666666
AutoExporter:0.19666666666666666
LoginDialog:0.19
SimpleDOReader:0.165
LockAfterSecondIngest:0.14833333333333334
JournalConstants:0.12666666666666668
ActionNamespace:0.1
MockJournalReader:0.09444444444444446
ManagementMethod:0.09333333333333334
ConsumerJournalEntry:0.08666666666666667
MockServerForJournalTesting:0.06
MockJournalWriter:0.03333333333333333
MockJournalRecoveryLog:0.02
AllUnitTests:0.016666666666666666
AddRelationshipMethod:0.0033333333333333335
IngestMethod:0.0033333333333333335
MyMockManagementDelegate:0.0033333333333333335
PurgeRelationshipMethod:0.0
