Enhancer:0.3933333333333333
Delegator:0.38666666666666666
MethodClosure:0.36666666666666664
KeyFactory:0.31
MethodProxy:0.27
