PLSRegressionModel:0.42333333333333334
SmilesGenerator:0.41333333333333333
CNNRegressionModel:0.33666666666666667
CNNClassificationModel:0.3016666666666667
ChemGraph:0.29366666666666663
SmilesParser:0.18
AtomTypeTools:0.11666666666666667
CrossoverMachine:0.10333333333333333
