RootTestDescriptor:0.6166666666666667
DummyTestDescriptor:0.44666666666666666
DummyTestEngine:0.2966666666666667
Launcher:0.2
AbstractTestDescriptorTest:0.16666666666666666
