ClientEngineImpl:0.7133333333333334
AuthenticationBaseMessageTask:0.35333333333333333
ClientOwnershipTest:0.26
ClientDataSerializerHook:0.14
