GenbankAdapter:0.7804444444444445
GAMEAdapterGUI:0.39666666666666667
