HtmlParserTest:0.57
Comment:0.5522222222222223
XmlTreeBuilder:0.3311111111111111
XmlTreeBuilderTest:0.20666666666666667
