PartitionRecordStore:0.6161111111111112
TxnMultiMapTest:0.2833333333333333
