MembershipEvent:0.45
TcpIpConnectionManager:0.26666666666666666
ClientMapProxy:0.2596666666666667
ClusterListenerThread:0.23
InvocationImpl:0.22666666666666666
OperationServiceImpl:0.22194444444444447
ClientEngineImpl:0.22
MapReplaceIfSameRequest:0.19277777777777777
ClusterServiceImpl:0.17333333333333334
ClientClusterServiceImpl:0.17333333333333334
RemoteCall:0.17333333333333334
MembershipServiceEvent:0.11666666666666667
ClientIssueTest:0.09666666666666666
ClientMembershipEvent:0.09
