Name:0.5566666666666666
FeatureType:0.5533333333333333
AssociationDescriptor:0.18333333333333332
Namespace:0.11333333333333333
