JmsNotificationClient:0.5366666666666666
TestManagementNotifications:0.386
NotificationClient:0.3046666666666667
TestNotificationClient:0.21333333333333335
