SearchSourceBuilder:0.35
HighlightBuilder:0.3233333333333333
Field:0.31
TopHitsAggregatorBuilder:0.27
InnerHitBuilder:0.237484126984127
HighlightBuilderTests:0.22
AbstractHighlighterBuilder:0.16
