OrcPageSource:0.41333333333333333
AbstractOrcDataSource:0.3566666666666667
CachingOrcDataSource:0.23333333333333334
TestingOrcDataSource:0.23333333333333334
FakeOrcDataSource:0.19666666666666666
OrcDataSource:0.09916666666666667
