IndexService:0.5666666666666667
IndicesService:0.43333333333333335
Node:0.39
