PyString:0.5033333333333333
PyList:0.4033333333333333
PyTuple:0.3566666666666667
PySequence:0.3
PyUnicode:0.25333333333333335
