TransactionalOperation:0.58
TransactionManagerServiceImpl:0.4266666666666667
TransactionalMapOperation:0.27666666666666667
TransactionalQueueOperation:0.2225
TransactionalQueueProxySupport:0.21
FutureTransactionProcessor:0.14327777777777773
