EventBusOptions:0.6258333333333334
ClusteredEventBus:0.33666666666666667
ConnectionHolder:0.2761111111111111
ClusteredEventBusWithSSLTest:0.13666666666666666
