Materialisation:0.9866666666666667
TestMaterialisation:0.36666666666666664
