JFreeChartTopComponent:0.27
HistogramChartTopComponent:0.20916666666666667
VisualizeDataset:0.2
NeuralNetworkTraining:0.18666666666666668
ScenePreferencesDialog:0.18666666666666668
NewTrainingSetWizardIterator:0.18333333333333332
NewNeuralNetworkWizardIterator:0.18333333333333332
Hist3DAction:0.16
DatasetVisualization3DAction:0.13666666666666666
DatasetVisualization2DAction:0.13666666666666666
VisualizeAction:0.13
MainPopupMenuProvider:0.09
VisualizeDialog:0.03333333333333333
Surface3DAction:0.01
