ConvexHull:0.7572380952380953
Geometry:0.6466666666666666
Hole:0.2
ConvexHullImpl:0.11055555555555555
