Has2DCoordinates:0.5130555555555556
Has3DCoordinates:0.5130555555555556
