Style:0.7258333333333333
NaviOXStyle:0.3566666666666667
DefaultLayoutPainter:0.35
Liferay6Style:0.23666666666666666
