Index:0.49
Result:0.43
Engine:0.4
IndexShard:0.39
Operation:0.3566666666666667
InternalEngine:0.32
PrimaryResult:0.2833333333333333
Delete:0.27666666666666667
IndexResult:0.27
DeleteResult:0.24666666666666667
ExceptionSerializationTests:0.23
WritePrimaryResult:0.20333333333333334
IndexingMemoryController:0.2
IndexShardTests:0.19
TransportWriteAction:0.16333333333333333
TransportShardBulkAction:0.14666666666666667
PrimaryShardReference:0.14
TransportIndexAction:0.10333333333333333
IndexingOperationListenerTests:0.09666666666666666
ReplicaResult:0.095
TransportDeleteAction:0.08333333333333333
WriteReplicaResult:0.08166666666666667
IndexingAction:0.043333333333333335
UpdateResultHolder:0.0
