AttributeTab:0.7766666666666666
JUMPConfiguration:0.3333333333333333
ZoomToFullExtentPlugIn:0.2966666666666667
AddWmsLayerWizard:0.23333333333333334
