TestLibrary:0.7275
NativeLibrary:0.4033333333333333
Native:0.35333333333333333
Library:0.33322222222222225
ArgumentsMarshalTest:0.31666666666666665
Function:0.2733333333333333
ReturnTypesTest:0.20333333333333334
NativeLibraryTest:0.20333333333333334
Handler:0.15666666666666668
