LuceneQueryBuilder:0.655
Save:0.24833333333333332
MetadataNotifierClient:0.24666666666666667
