SearchPhaseController:0.5933333333333334
SearchPhaseControllerTests:0.42
ReduceContext:0.30666666666666664
