SyntenyComparaAdapterGUI:0.6466666666666666
SyntenyComparaAdapter:0.4633333333333333
SyntenyAdapterGUI:0.35
