Utils:0.9366666666666666
UpdatableRecordImpl:0.30333333333333334
