Dump:0.4710555555555556
Reader:0.38666666666666666
