FolderForm:0.5966666666666667
ContentEditDelegate:0.36666666666666664
TrashFolderForm:0.34
BasicFolderForm:0.2966666666666667
TrashFolderCtrl:0.27
