FromElement:0.8333333333333334
ComponentJoin:0.33
CompositeIdTest:0.2
IdentNode:0.18666666666666668
