FormalProofLineListHandler:0.46
FormalProofHandler:0.35
SubstPredvarHandler:0.24333333333333335
PropositionHandler:0.24
AddHandler:0.12666666666666668
