CacheTest:0.4766666666666667
URLConnectionTest:0.36666666666666664
HttpEngine:0.268
OkHttpClientTest:0.21666666666666667
AbstractSource:0.17333333333333334
