AbsNode:0.47
GrammarDialog:0.3566666666666667
PreGraph:0.3466666666666667
GrooveExport:0.26666666666666666
GrammarVisitor:0.25666666666666665
AbsGraph:0.21333333333333335
ConstraintToGroove:0.20333333333333334
DesignToGroove:0.1830952380952381
GlossaryToGroove:0.1830952380952381
MetaToGroove:0.16470634920634922
ConceptualPorter:0.15333333333333332
GrooveExportThreaded:0.13333333333333333
