Viewer:0.5719444444444445
InfoNodeMan:0.37333333333333335
