RequestHelper:0.6687777777777778
AdminCertReqServlet:0.5736666666666667
