ResourceLoader:0.7433333333333333
RawResourceLoader:0.4
ShadowResources:0.34555555555555556
RoutingResourceLoader:0.20333333333333334
RawResourceLoaderTest:0.20333333333333334
OverlayResourceLoader:0.2
PackageResourceLoader:0.19611111111111112
ResourcesTest:0.18333333333333332
XResourceLoader:0.13333333333333333
IntegerResolver:0.1
