NettyChannelBuilder:0.4766666666666667
OkHttpChannelBuilder:0.4033333333333333
ManagedChannelBuilder:0.22333333333333333
AbstractManagedChannelImplBuilder:0.2
InProcessChannelBuilder:0.19794444444444445
Http2NettyLocalChannelTest:0.13666666666666666
AutoWindowSizingOnTest:0.13666666666666666
Http2NettyTest:0.13333333333333333
Http2OkHttpTest:0.13333333333333333
TransportCompressionTest:0.13333333333333333
