AppConfig:0.6666666666666666
ConfigWithAspects:0.461111111111111
AbstractBeanMethodProcessor:0.41
PropertyChangeTracker:0.095
