TimelineView:0.42333333333333334
OrientationListener:0.36892857142857144
ViewWidget:0.33
Content:0.24666666666666667
Ruler:0.24666666666666667
Renderer:0.10166666666666667
RulerRenderer:0.016666666666666666
ContentRenderer:0.0033333333333333335
