BrowserVersion:0.7166666666666667
XMLHttpRequest:0.48
BrowserVersion2Test:0.18333333333333332
