ProjectConfig:0.6633333333333333
CruiseControlConfig:0.5433333333333333
