OpenBrowser:0.68
ConcordancesEditor:0.4166666666666667
InternalViewEditor:0.21666666666666667
SpecificitiesTableEditor:0.21
SummaryView:0.20666666666666667
BasesView:0.16333333333333333
PartsSize:0.13833333333333334
OpenBiblio:0.13666666666666666
OpenEdition:0.12
Diagnostique:0.11333333333333333
ExecuteText:0.09666666666666666
