SqlScript:0.6433333333333333
MigrationTestCase:0.37
DbMigrate:0.19666666666666666
