IngestLogger:0.4266666666666667
Ingest:0.41
Export:0.2633333333333333
IngestDialog:0.19
ExportDialog:0.11
IngestCounter:0.08333333333333333
