ItemWriter:0.7200000000000001
HibernateAwareItemWriter:0.4877777777777778
DelegatingItemWriter:0.24333333333333335
CompositeItemWriterTests:0.14
AbstractItemWriter:0.0
