DriverDocumentManager:0.4533333333333333
SessionView:0.36333333333333334
ConcurrentDocumentManager:0.35333333333333333
GiveDriverRoleAction:0.3
GiveExclusiveDriverRoleAction:0.07666666666666666
