Strings:0.83
HttpStatusView:0.26111111111111107
NutMap:0.23333333333333334
Times:0.17
DefaultViewMaker:0.14333333333333334
HttpStatusException:0.01
