FieldTransformer:0.6599999999999999
InstrumentedClassLoader:0.38
JavassistClassTransformer:0.32666666666666666
InterceptFieldClassFileTransformerTest:0.12
Simple:0.08333333333333333
