NewProcessAction:0.12333333333333334
ImportAction:0.12333333333333334
DeleteAction:0.12333333333333334
ExportAction:0.12333333333333334
BaseActionDelegate:0.11
ExportBotElementAction:0.03666666666666667
ImportBotElementAction:0.013333333333333334
NewBotAction:0.0
NewBotStationAction:0.0
NewBotTaskAction:0.0
NewBotTaskWithFormalAction:0.0
