ProcessInfo:0.68
ProcessInfoKey:0.43333333333333335
DataExtractorService:0.3466666666666667
MockStatisticManager:0.3433333333333333
AbstractSymmetricEngine:0.32
IStatisticManager:0.20083333333333334
StatisticManager:0.18333333333333332
InternalTransportManager:0.16666666666666666
PushService:0.14
AbstractDataExtractorServiceTest:0.13666666666666666
PullUriHandler:0.09666666666666666
ProcessInfoDataWriter:0.08333333333333333
IDataExtractorService:0.065
