CostVertexPair:0.5833333333333334
CostPathPair:0.5733333333333334
BellmanFord:0.23
Dijkstra:0.23
DataStructures:0.14333333333333334
