CompletionSuggestionBuilder:0.5933333333333334
CompletionSuggestSearchIT:0.32666666666666666
CompletionSuggester:0.23166666666666666
CompletionSuggestionContext:0.22666666666666666
SearchPhaseControllerTests:0.2
CompletionSuggesterBuilderTests:0.16333333333333333
CompletionSuggestionTests:0.10333333333333333
