Document:0.7766666666666666
Parser:0.44888888888888884
DocumentTest:0.08666666666666667
