EnableCheckFactory:0.5483333333333333
SuperZoomPanTool:0.35833333333333334
AttributeTab:0.35833333333333334
