JPPFPriorityQueue:0.5825
ResourceCache:0.4116666666666667
NodeNioServer:0.33666666666666667
