AndroidControllers:0.5
GwtControllers:0.25666666666666665
DesktopControllerManager:0.22
ControllerManagerStub:0.09666666666666666
ControllerManager:0.09666666666666666
