SSAVar:0.71
MethodNode:0.42
LocalVar:0.3158333333333333
DebugInfoParser:0.18666666666666668
SSATransform:0.17333333333333334
