HttpEntityStub:0.8166666666666667
ShadowLayoutInflater:0.38666666666666666
