TestOptimizers:0.6233333333333333
BackTrackLineSearchTest:0.39
BaseLayerTest:0.2733333333333333
