FilePerKeyChronicleMap:0.61
FilePerKeyMap:0.5916666666666667
FilePerKeyMapTest:0.17333333333333334
FPMWatcher:0.12333333333333334
