ConfigurationProcessor:0.65
JavaConfigDispatcherServletTest:0.42333333333333334
JavaConfigDispatcherServlet:0.27666666666666667
