CrawlJobHandler:0.4033333333333333
CrawlJob:0.39
Heritrix:0.37083333333333335
Alert:0.26
CrawlJobErrorHandler:0.21
