INDArray:0.8066666666666666
IComplexNDArray:0.56
NDArray:0.48333333333333334
ComplexNDArray:0.41333333333333333
ArrayOps:0.33666666666666667
IComplexNumber:0.31337301587301586
ElementWiseOp:0.29503968253968255
NDArrays:0.21
BaseElementWiseOp:0.18
NDArrayTests:0.08666666666666667
ComplexUtil:0.02
