InputFile:0.35333333333333333
MainWindow:0.328
ResourcesLoader:0.23333333333333334
FileUtils:0.205
ResTableParser:0.19
JRoot:0.19
RenameVisitor:0.16666666666666666
AndroidResourcesUtils:0.14666666666666667
