PropertyBean:0.4766666666666667
OK:0.22333333333333333
ChoiceBean:0.14
XRefBean:0.11666666666666667
FileBean:0.05
EntityBean:0.05
SimpleValueBean:0.03
DateBean:0.023333333333333334
EventBean:0.016666666666666666
MLEBean:0.016666666666666666
SexBean:0.013333333333333334
NameBean:0.01
AgeBean:0.006666666666666667
