EndEntityManagementSessionBean:0.5
CmpServlet:0.31
CertificateStoreSessionBean:0.2966666666666667
EndEntityAuthenticationSessionBean:0.23666666666666666
CertReqHistorySessionBean:0.18666666666666668
