Jnet:0.6033333333333334
MouseManager:0.42333333333333334
SliderListener:0.3138888888888889
