SarosSession:0.71
ShareWithC:0.2866666666666667
IShareWithC:0.18333333333333332
OverlappingSharing:0.06666666666666667
