Renderer:0.6066666666666667
MRenderer:0.5166666666666667
ItemRenderer:0.25333333333333335
ColorRenderer:0.18666666666666668
StuffRenderer:0.15333333333333332
BooleanRenderer:0.14416666666666667
CompleteRenderer:0.14416666666666667
