Settings:0.3433333333333333
HttpOverSpdyTest:0.31
Connection:0.29333333333333333
SpdyConnection:0.27666666666666667
MockWebServer:0.2425
Builder:0.24
SettingsTest:0.14
Variant:0.12833333333333333
