BaseCoreFunctionalTestCase:0.42333333333333334
StatsTest:0.27666666666666667
OrmVersion1SupportedTest:0.21
MetadataImplTest:0.20666666666666667
EmbeddableIntegratorTest:0.17666666666666667
CriterionTest:0.16666666666666666
CacheConfigurationTest:0.1
AnnotatedFormWithBeanValidationNotNullTest:0.1
SessionFactorySerializationTest:0.09333333333333334
