FsTranslogFile:0.45305555555555554
FsTranslog:0.4033333333333333
AbstractSimpleTranslogTests:0.33
BufferingFsTranslogFile:0.32
SimpleFsTranslogFile:0.21666666666666667
