Result:0.8433333333333334
MonitorFilter:0.43
RpcResult:0.37333333333333335
Constants:0.02
