MainScene:0.4633333333333333
ChatBox:0.44333333333333336
TableGenerator:0.34933333333333316
Emoji:0.3233333333333333
MarsNode:0.23194444444444448
Smiley:0.18333333333333332
EmojiParser:0.14666666666666667
EmojiManager:0.07
EmojiLoader:0.03333333333333333
IconsInTableCell:0.025
AnimatedIconTableExample:0.016666666666666666
