Window:0.66
PageInfo:0.41333333333333333
SimpleScriptable:0.2866666666666667
NavigatorTest:0.22333333333333333
Navigator:0.20333333333333334
JavaScriptEngine:0.18444444444444444
