SocketClient:0.4033333333333333
ObjectSerializer:0.335
HtmlDocGenerator:0.28833333333333333
JPPFConfiguration:0.2
AbstractSocketServer:0.19666666666666666
TypedProperties:0.16666666666666666
BootstrapSocketClient:0.13
MatrixRunner:0.11333333333333333
ObjectSerializerImpl:0.10666666666666667
JPPFBuffer:0.08666666666666667
ClassServer:0.05
ClassServerDelegate:0.02
StringUtils:0.009166666666666667
SerializationHelper:0.006666666666666667
SerializationHelperImpl:0.0033333333333333335
ResourceProvider:0.0
