Options:0.5933333333333334
UCropActivity:0.41333333333333333
UCrop:0.37666666666666665
BitmapLoadUtils:0.24333333333333335
TransformImageView:0.23666666666666666
BitmapWorkerTask:0.18666666666666668
FileUtils:0.04
