ThreadedExtractorWrapper:0.5
ExtractionThread:0.38
ThreadedExtractorWrapperTest:0.17333333333333334
TestExtractors:0.17333333333333334
