GrammarProperties:0.6311111111111112
CtrlHelper:0.4008333333333333
PolicyMapParser:0.2763888888888889
