PeerGroup:0.7433333333333333
UserThread:0.33666666666666667
PeerGroupTest:0.2633333333333333
