DataStore:0.6861666666666667
OracleDataStore:0.3
SerialDataStore:0.2833333333333333
JDBCDataStore:0.19333333333333333
