AtmosphereResponseImpl:0.6055555555555556
IntrospectionUtils:0.29333333333333333
CookieUtil:0.23611111111111113
UriTemplateParser:0.22333333333333333
JSR356Endpoint:0.16
GoogleAnalytics_v1_URLBuildingStrategy:0.14333333333333334
