TransferDataProvider:0.5913888888888889
SWDownloadFile:0.44666666666666666
PriorityRating:0.35
SWDownloadSegment:0.3
UploadState:0.2866666666666667
SWDownloadSegmentComparatorByRating:0.1411111111111111
TransferRateCellRenderer:0.12
