TcpIpConnectionManager:0.6511111111111112
TcpIpConnection_AbstractTest:0.27444444444444444
TcpIpConnectionManager_ConnectTest:0.26
SocketTextReader:0.24
TcpIpConnectionMonitor:0.21944444444444447
