DSL:0.71
AbstractField:0.35333333333333333
InCondition:0.3128333333333333
