QueryStringQueryBuilder:0.44
SearchSourceBuilder:0.41333333333333333
MultiMatchQuery:0.18666666666666668
QueryStringQueryBuilderTests:0.1775
MapperService:0.17
