CalculateTruthDynamicThreeModelTest:0.33666666666666667
FormulaCheckerPredicateFormulaTest:0.33
FormulaCheckerTermTest:0.33
FormulaCheckerFunctionTermTest:0.33
SimpleMathParserTest:0.31333333333333335
FormulaCheckerTest:0.30666666666666664
FormulaCheckerLogicalConnectivesTest:0.30666666666666664
FormulaCheckerQuantifiersTest:0.30666666666666664
FormulaCheckerSubjectVariableTest:0.30333333333333334
FormulaCheckerClassTermTest:0.29333333333333333
CalculateTruthZeroModelTest:0.29333333333333333
FormulaCheckerNegationTest:0.29333333333333333
FormulaCheckerFormulaTest:0.29333333333333333
LatexMathParserTest:0.2833333333333333
CalculateTruthThreeModelTest:0.2733333333333333
AsciiMathParserTest:0.27
CalculateTruthTestCase:0.27
DynamicDirectInterpreterTest:0.2633333333333333
DynamicInterpreterTest:0.26
FormulaUtilityReplaceSubjectVariableQuantifierTest:0.26
FormulaUtilityReplaceOperatorVariableTest:0.21666666666666667
