Kernel32:0.9066666666666666
Kernel32Util:0.44666666666666666
Kernel32Test:0.39666666666666667
Kernel32UtilTest:0.26666666666666666
Tlhelp32:0.03333333333333333
