IHasContentPlugins:0.52
Bundle:0.4633333333333333
LoadDAO:0.41333333333333333
IPrepareDeleteDAORequest:0.3272804232804233
ContentPluginEditorController:0.29333333333333333
DeleteDAO:0.2733333333333333
ContentPlugin:0.27
PagingDAO:0.24
Controller:0.23666666666666666
IContentPluginController:0.18366666666666667
ContentPluginResult:0.16666666666666666
ContentPluginEditorControllerRequestBean:0.1
ContentPluginEditURLJSONWrapper:0.09333333333333334
ContentPluginCreateUrlsResult:0.09333333333333334
XMLContentPlugin:0.09
XMLContentPluginEditorController:0.08666666666666667
ContentPluginControllerConfiguration:0.07333333333333333
IContentPluginControllerConfiguration:0.05250000000000001
ContentPluginEditorControllerConfiguration:0.01
