AtmosphereHandlerServiceInterceptor:0.5633333333333334
MeteorServiceInterceptor:0.5133333333333333
AtmosphereHandlerServiceProcessor:0.2
MeteorServiceProcessor:0.2
ManagedServiceProcessor:0.12666666666666668
