HttpServerResponse:0.7655555555555555
HttpServerResponseImpl:0.6238888888888888
