TopicService:0.5766666666666667
TopicProxy:0.36333333333333334
TopicProxySupport:0.3333333333333333
TopicTest:0.22333333333333333
SerializationCounting:0.13654761904761906
