Parser:0.6516666666666666
Recognizer:0.37
Lexer:0.36833333333333335
