CollectionBinder:0.601111111111111
OneToManyTest:0.3566666666666667
OnDeleteUnidirectionalOneToManyParent:0.043055555555555555
OnDeleteUnidirectionalOneToMany:0.043055555555555555
OnDeleteUnidirectionalOneToManyChild:0.043055555555555555
ParentUnawareChild:0.043055555555555555
