Direction:0.49
Coordinates:0.44666666666666666
Vehicle:0.36333333333333334
GroundVehicle:0.31444444444444447
TaskDrive:0.25666666666666665
VehicleDialog:0.2
GroundVehicleDialog:0.16666666666666666
VehicleDirectionDisplay:0.13333333333333333
VirtualMars:0.056666666666666664
TerrainElevation:0.056666666666666664
SurfaceFeatures:0.043333333333333335
