WorkflowBot:0.7516111111111111
BotInvokerActionHandler:0.38083333333333336
