WebFilter:0.4866666666666667
HazelcastHttpSession:0.33666666666666667
SessionAttributePredicate:0.29
InvalidateEntryProcessor:0.22611111111111115
AbstractWebfilterTestCase:0.21333333333333335
WebfilterTestCase:0.19666666666666666
