IServiceImplementation:0.6005555555555555
ServiceType:0.5233333333333333
ServiceImpl:0.38666666666666666
WebServicesRoot:0.24
LocalServicesRoot:0.16833333333333333
