ObjectKeys:0.7930555555555554
WebKeys:0.7930555555555554
AjaxController:0.4033333333333333
AdvancedSearchController:0.31666666666666665
