JavaBeanDeserializer:0.4166666666666667
ParserConfig:0.4
JavaBeanInfo:0.36333333333333334
