CoreDao:0.7070555555555555
FolderModule:0.4305555555555555
CoreDaoImpl:0.33
BinderModule:0.3196666666666667
ViewEntryController:0.25666666666666665
FolderModuleImpl:0.21
BinderModuleImpl:0.2
WebKeys:0.06333333333333334
