Context:0.4574444444444444
ClassWriter:0.43333333333333335
JavaWriter:0.31
CompilationUnitContext:0.29
Snippet:0.24666666666666667
FieldWriter:0.12
MethodWriter:0.10777777777777776
TypeWriter:0.06333333333333334
