HazelcastClient:0.5866666666666667
ClusterListenerThread:0.3222222222222222
HazelcastClientProxy:0.31666666666666665
ClientClusterServiceImpl:0.2733333333333333
ClientConnectionTest:0.14666666666666667
