Article:0.4744444444444445
ArticleProcessor:0.38666666666666666
VoteMgmtService:0.34
VoteProcessor:0.23
Comment:0.1670952380952381
