WorkspaceResource:0.43666666666666665
FolderResource:0.37666666666666665
FileResource:0.30666666666666664
EipFileIdResource:0.20333333333333334
