ShadowAssetManager:0.64
ThemeTest:0.21333333333333335
attr:0.18833333333333332
