AnnotationSetsView:0.5333333333333333
TextMouseListener:0.4266666666666667
SelectAnnotationAction:0.425
