Glove:0.43333333333333335
LuceneInvertedIndex:0.38333333333333336
WordVectorsImpl:0.3433333333333333
GloveWeightLookupTable:0.29
WordVectorSerializer:0.24333333333333335
