AbstractCompressorSubCrawler:0.7522222222222222
TestMagicMimeTypeIdentifier:0.7155555555555555
