TableUtils:0.5572222222222222
SemanticReference:0.33666666666666667
PresentationUtils:0.2
