StreamSessionInputStream:0.5563333333333333
PacketSender:0.32166666666666666
