KablinkFileSystemLibrary:0.33666666666666667
FolderServiceImpl:0.23666666666666666
IcalModuleImpl:0.23666666666666666
KablinkFileSystemInternal:0.21666666666666667
AttachmentUtilities:0.2
ProfileServiceImpl:0.19333333333333333
ProfileBridge:0.18
