AccessTokenRequestDataHolder:0.6033333333333334
OAuth20AccessTokenControllerTests:0.51
AccessTokenAuthorizationCodeGrantRequestExtractor:0.3933333333333333
AccessTokenRefreshTokenGrantRequestExtractor:0.24333333333333335
