NotificationManager:0.5166666666666667
Persist:0.42333333333333334
EventWriter:0.23666666666666666
ListenerThread:0.21777777777777782
NotificationManagerTest:0.056666666666666664
