ModuleGenerator:0.5266666666666666
ModuleIncludesTest:0.29
ReflectiveModuleAdapter:0.25666666666666665
SetBindingTest:0.25
FullGraphProcessor:0.14333333333333334
ProvidesProcessor:0.11333333333333333
