CommentPlugin:0.4866666666666667
BlojsomServlet:0.4866666666666667
TrackbackPlugin:0.42333333333333334
