Keys:0.426626984126984
LwjglInput:0.42333333333333334
JoglInput:0.3933333333333333
