SetSchema:0.5813333333333334
ParserImpl:0.5366666666666666
