IRemoteRepository:0.7533333333333333
RealProject:0.4533333333333333
GITRemoteRepository:0.22333333333333333
SVNRemoteRepository:0.19666666666666666
