AbstractInteropTest:0.7766666666666666
TestUtils:0.4633333333333333
Http2NettyLocalChannelTest:0.16333333333333333
Http2NettyTest:0.16333333333333333
Http2OkHttpTest:0.16333333333333333
AutoWindowSizingOnTest:0.16333333333333333
TransportCompressionTest:0.16
