SamlServletContextListener:0.7424444444444445
SamlApplicationContextInitializer:0.21233333333333335
