AbstractMetadataResolverAdapter:0.6366666666666667
DynamicMetadataResolverAdapter:0.25333333333333335
SamlMetadataUIParserAction:0.205
