ValueNode:0.4166666666666667
ProductNode:0.3933333333333333
AspectualRuleView:0.36333333333333334
OperatorEdge:0.34
AttributeAspect:0.26
GraphJVertex:0.23
PlanData:0.2
AspectualGraphView:0.18666666666666668
JVertexView:0.18333333333333332
OperatorEdgeSearchItem:0.17666666666666667
ValueNodeRecord:0.16111111111111112
AlgebraGraph:0.16
PositiveCondition:0.09
ValueNodeSearchItem:0.08666666666666667
ArgumentEdge:0.08333333333333333
AttributeElementFactory:0.06333333333333334
