NodeService:0.5133333333333333
AbstractSymmetricEngine:0.38666666666666666
MockNodeService:0.30333333333333334
INodeService:0.30333333333333334
