Simulator:0.6333333333333333
EditRulePropertiesAction:0.29
CopyRuleAction:0.29
EditRuleAction:0.29
NewRuleAction:0.29
LoadRuleAction:0.29
DeleteRuleAction:0.29
DefaultFileSystemStore:0.2733333333333333
LaunchThread:0.2475
CopyGraphAction:0.22666666666666666
RenameRuleAction:0.11666666666666667
DeleteGraphAction:0.09
