BinaryClient:0.4033333333333333
JedisSentinelPoolTest:0.2966666666666667
BinaryJedis:0.26
JedisPool:0.24333333333333335
JedisSentinelPool:0.2366666666666666
JedisPoolTest:0.14333333333333334
TransactionCommandsTest:0.11
