CrawlURI:0.49333333333333335
Frontier:0.42333333333333334
KeyedQueue:0.3855555555555556
SchedulingComparator:0.13
