TypeInterpreter:0.4716666666666667
InstrumentMethod:0.44
FrameInfo:0.27666666666666667
TypeAnalyzer:0.21666666666666667
TypeFrame:0.19666666666666666
