XavaPreferences:0.5633333333333334
CustomerWithSectionTest:0.37666666666666665
Emails:0.35333333333333333
CreateMyExcelAction:0.24
ClerkTest:0.16
