BreadthCrawler:0.4033333333333333
BreadthGenerator:0.32666666666666666
AvroModel:0.23
BreadthCrawlerUI:0.20333333333333334
Log:0.20333333333333334
HttpUtils:0.17777777777777778
TraverseRunnable:0.16333333333333333
FileSystemOutput:0.14666666666666667
Retry:0.14666666666666667
Injector:0.14333333333333334
Config:0.1311111111111111
BreadthRunnable:0.09
