LockProxy:0.43666666666666665
ClientLockProxy:0.2966666666666667
MapProxyImpl:0.2833333333333333
ClientMultiMapProxy:0.2733333333333333
ObjectMultiMapProxy:0.2733333333333333
ValidationUtil:0.2633333333333333
MapLockTest:0.23666666666666666
