Window:0.5716666666666667
ThreadManager:0.45666666666666667
JavaScriptBackgroundJob:0.3233333333333333
