VonUtils:0.5
ActivityVonPhoto:0.4166666666666667
AdapterRecyclerViewMain:0.3144444444444444
ActivityMain:0.23333333333333334
VonConstUtils:0.011111111111111112
