SocketHandler:0.4766666666666667
SocketClient:0.42333333333333334
AbstractSocketHandler:0.41333333333333333
SocketServer:0.2633333333333333
AbstractSocketServer:0.11666666666666667
AdminSocketHandler:0.08
AdminSocketServer:0.023333333333333334
