ApplicationEntityManagerImpl:0.5916666666666667
SimpleMapDashboardWidget:0.4077777777777778
DefaultReports:0.345
