TypeDescriptor:0.4033333333333333
HopParser:0.35333333333333333
AssignmentStep:0.29527777777777775
StepFactory:0.29
GenericDescriptor:0.2733333333333333
ArraysTester:0.25333333333333335
AssignmentLocalStep:0.14333333333333334
