Fields:0.5966666666666667
Factory:0.4033333333333333
ResultImpl:0.32666666666666666
DivideBy:0.2966666666666667
Function:0.29
SelectQueryImpl:0.24666666666666667
UDTImpl:0.23666666666666666
JoinTable:0.22666666666666666
Executor:0.21333333333333335
InsertQueryImpl:0.20333333333333334
MergeImpl:0.20111111111111113
ReferenceImpl:0.18666666666666668
Expression:0.17944444444444446
Rollup:0.16333333333333333
DefaultPivotTable:0.13333333333333333
