Main:0.4755555555555555
MigrationInfoDumper:0.43666666666666665
StringUtils:0.4096666666666667
