InsnNode:0.44666666666666666
TypedVar:0.42333333333333334
InsnArg:0.4
RegisterArg:0.2833333333333333
ClassGen:0.17361111111111113
RegionMaker:0.16666666666666666
InsnDecoder:0.16666666666666666
DebugInfoParser:0.16666666666666666
CodeGen:0.16
ModVisitor:0.15333333333333332
ConstInlinerVisitor:0.15
FallbackModeVisitor:0.07333333333333333
