TLDList:0.7327777777777779
Parser:0.5852777777777778
