JedisCluster:0.55
JedisClusterConnectionHandler:0.3433333333333333
JedisSlotBasedConnectionHandler:0.31
JedisRandomConnectionHandler:0.16666666666666666
