PubSourceBean:0.6755555555555556
UpdatePubSource:0.39666666666666667
AddPubSource:0.315
