Engine:0.6866666666666666
WidgetFactory:0.67
XMLObject:0.4866666666666667
XMLObjectAttribute:0.4166666666666667
Widget:0.4066666666666667
XMLWidget:0.39666666666666667
Triangle:0.3566666666666667
ServerXMLObjectAttribute:0.34
Channel:0.30666666666666664
ARINCComUtils:0.2833333333333333
Legend:0.28
XMLMapItemAttr:0.2708333333333333
SynthLookGeneratorTest:0.2633333333333333
ServerXMLWidget:0.2633333333333333
ServerMapItem:0.2500396825396825
WidgetEvent:0.2488888888888889
ARINCLayerEvent:0.23333333333333334
ARINCDefinition:0.23333333333333334
ServerWidgetsHandler:0.23142857142857143
ARINCModelFactory:0.21333333333333335
ExtensionManager:0.21333333333333335
ScenarioReaderImpl:0.21166666666666667
ARINClientWidgetFactory:0.20666666666666667
WidgetListener:0.2
DefaultARINCUtils:0.19333333333333333
StatefullAPIImpl:0.19333333333333333
ProtocolInputDecoder:0.19
ScriptHelper:0.18666666666666668
TriangleDouble:0.18666666666666668
ServerXMLExtension:0.18642857142857144
ExceptionEvent:0.18333333333333332
WidgetsRefHandler:0.18333333333333332
LayerEvent:0.18333333333333332
NetworkWebProtocolTest:0.17666666666666667
AbstractClientEngine:0.17
TriangleStart:0.16666666666666666
AbstractServerEngine:0.16333333333333333
ReaderEventQueue:0.16333333333333333
AbstractWidgetFactory:0.16
ServerBinaryDFHandler_KOTest:0.16
ItemSynchronization:0.16
ClientBinaryDFHandler_KOTest:0.13666666666666666
ItemStyle:0.13333333333333333
LayerHelper:0.13
LegendAnchor:0.12666666666666668
AbstractLegendRenderer:0.12666666666666668
LegendAnchorRotated:0.12666666666666668
LegendPopUp:0.12666666666666668
TriangleSegment:0.12333333333333334
AbstractWidgetFactoryTest:0.12
ClientLayerHelper:0.11333333333333333
SymbolOval:0.10833333333333334
LineStart:0.10833333333333334
SymbolCircle:0.10833333333333334
FilledPolyStart:0.10833333333333334
SymbolRunway:0.10833333333333334
SymbolTarget:0.10833333333333334
SymbolRectangle:0.10833333333333334
SymbolRotated:0.10833333333333334
DrawLineToCursor:0.10833333333333334
SymbolGeneric:0.10833333333333334
DebugPropertyPanelFactory:0.09666666666666666
TriangleEnd:0.08
LineSegment:0.07666666666666666
TriangleEndDouble:0.07333333333333333
TriangleSegmentDouble:0.07333333333333333
LineArc:0.05333333333333334
