ChadoInstance:0.76
JdbcChadoAdapter:0.51
TigrSybilChadoInstance:0.25666666666666665
XmlConfigFileParser:0.23
RiceChadoInstance:0.21333333333333335
AbstractChadoInstance:0.20333333333333334
FlybaseChadoInstance:0.19666666666666666
