ProvideCTLFormulaAction:0.44666666666666666
Simulator:0.3838888888888889
VerifyMenu:0.25666666666666665
