Builder:0.48
ConvexOptimizer:0.449484126984127
BaseOptimizer:0.43
NeuralNetConfiguration:0.3433333333333333
TestUpdaters:0.23333333333333334
