LauncherTest:0.705
MyLauncher:0.5033333333333333
TestUtils:0.41333333333333333
