ConnectionManager:0.6033333333333334
ClusterManager:0.56
SelectorBase:0.35333333333333333
Connector:0.13777777777777775
Acceptor:0.11777777777777776
