WindowFunction:0.78
InMemoryWindowOperatorIterator:0.3466666666666667
FunctionRegistry:0.32666666666666666
RowNumberFunction:0.19
TestWindowFunctions:0.18
