TypeSignature:0.55
TypeRegistry:0.2733333333333333
TypeUtils:0.25333333333333335
TestingTypeRegistry:0.14333333333333334
TestTypeSignature:0.11333333333333333
