AGTS:0.42
Simulator:0.3933333333333333
SystemRecord:0.3333333333333333
ExploreStateStrategy:0.18333333333333332
