ThreadInfo:0.5666666666666667
HTMLPublisher:0.43
MethodCoverage:0.42
ClassInfo:0.4066666666666667
CoverageAnalyzer:0.33
VarRecorder:0.2683333333333333
Source:0.26
SystemState:0.25
Coverage:0.25
Transition:0.20333333333333334
SimpleIdleFilter:0.16
ClassCoverage:0.12
Publish:0.06277777777777778
PublishConsole:0.056666666666666664
PublishHtml:0.041666666666666664
