Stream:0.7952777777777779
NettyServerHandler:0.38666666666666666
ServerTransportListenerImpl:0.31333333333333335
NoopClientStream:0.14583333333333334
