MultiLayerNetwork:0.6311111111111111
GradientAdjustment:0.4266666666666667
BaseLayer:0.32666666666666666
BaseOptimizer:0.2966666666666667
MultiLayerTest:0.17
