AlfrescoActionHandler:0.13666666666666666
AlfrescoDeleteFile:0.08666666666666667
AlfrescoGetFile:0.08666666666666667
AlfrescoPutFile:0.08666666666666667
CreateDurationActionHandler:0.06666666666666667
AddHoursAndMinutesToDateTimeActionHandler:0.06666666666666667
ProcessNumberVariableAdditionActionHandler:0.06666666666666667
CurrentDateTimeVariableAdditionActionHandler:0.06666666666666667
AddHoursToDateTimeActionHandler:0.06666666666666667
InOutVariablesAdditionActionHandler:0.06666666666666667
ActorFullNameVariableAdditionActionHandler:0.06666666666666667
AddInOutDateTimesActionHandler:0.06666666666666667
SendEmailActionHandler:0.06666666666666667
EmailTaskNotifierActionHandler:0.06666666666666667
ActorAllNamesVariableAdditionActionHandler:0.06666666666666667
CancelInOutVariablesAdditionActionHandler:0.06666666666666667
CopyDateActionHandler:0.06666666666666667
AlfrescoSearchFiles:0.06333333333333334
SetSubProcessPermissionsActionHandler:0.0
AddCurrentDateTimeActionHandler:0.0
