QueryUtil:0.6666666666666666
ModalityWorklistFilter:0.3566666666666667
ModalityWorklistBean:0.3466666666666667
StudyListBean:0.3433333333333333
TrashListBean:0.24
AbstractDicomModel:0.2
MessageWindowPanel:0.19583333333333333
ConfirmationWindow:0.19
RspHandler:0.13666666666666666
MppsToMwlLinkBean:0.13666666666666666
