LocalHardTokenSessionBean:0.6866666666666666
LocalKeyRecoverySessionBean:0.44333333333333336
LocalEjbcaHardTokenBatchJobSessionBean:0.30333333333333334
KeyRecoveryDataBean:0.22666666666666666
