ResultMap:0.47
Builder:0.4033333333333333
MapperAnnotationBuilder:0.3
XMLMapperBuilder:0.27666666666666667
