Settings:0.34
SpdyStream:0.30666666666666664
SpdyConnectionTest:0.30333333333333334
SpdyDataSource:0.17888888888888888
Reader:0.17333333333333334
SpdyConnection:0.16583333333333333
SettingsTest:0.12666666666666668
