ParentRunner:0.5866666666666667
Categories:0.21666666666666667
ExampleTestWithCustomClassRule:0.2088888888888889
ExternalResource:0.18
ClassRulesTest:0.08333333333333333
CustomCounter:0.04
