SQL92SQLGenerator:0.47
PostgresReverseEngineeringStrategy:0.29333333333333333
XMLCustomTypeSerializer:0.22333333333333333
AbstractXMLCustomTypeSerializer:0.02
