ViewUtil:0.7844444444444445
DisplayLinkedListsTag:0.22944444444444442
