BucketMerger:0.46
NoOpProjector:0.19333333333333333
OrderingByPosition:0.16
RowOrdering:0.12666666666666668
ArrayOrdering:0.12666666666666668
