TypeDescriptor:0.49
HopParser:0.37666666666666665
HopSymbolTableWalker:0.35333333333333333
TypeChecker:0.18
DFA43:0.043333333333333335
DFA54:0.018333333333333333
DFA42:0.018333333333333333
DFA70:0.018333333333333333
DFA37:0.018333333333333333
generic_statement_scope:0.0033333333333333335
