AdminServerWebConfiguration:0.6133333333333333
SpringBootAdminClientAutoConfiguration:0.42333333333333334
AdminServerWebConfigurationTest:0.23333333333333334
DiscoveryClientConfigurationTest:0.21666666666666667
SpringBootAdminClientAutoConfigurationTest:0.21666666666666667
AdminApplicationHazelcastTest:0.09916666666666667
