ViewsMetaData:0.68
ViewsITest:0.30333333333333334
TransportCreateViewAction:0.2733333333333333
