State:0.6466666666666666
Conjunction:0.5533333333333333
JpdlSerializer:0.23333333333333334
ElementGraphicalEditPart:0.22666666666666666
ConjunctionFigure:0.19333333333333333
TaskStateFigure:0.17
CompactViewFeatureDelegate:0.16
GpdXmlContentProvider:0.14333333333333334
CopyGraphCommand:0.11
StateGraphicalEditPart:0.08666666666666667
ConjunctionGraphicalEditPart:0.0033333333333333335
