ClientMessage:0.6533333333333333
ClientDelegatingFuture:0.36333333333333334
ClientMessageTest:0.3
DelegatingExecutionCallback:0.2377777777777778
ClientMapIssueTest:0.17
