URLRepository:0.35
PathUtils:0.27666666666666667
RestoreBackwardsCompatTests:0.27
Environment:0.26805555555555555
ElasticsearchRestTestCase:0.23333333333333334
RepositoriesTests:0.17333333333333334
EnvironmentTests:0.12333333333333334
