TestDiscoveryRequest:0.7047222222222222
TestDiscoveryRequestBuilder:0.4
EngineDiscoveryRequest:0.33166666666666667
DiscoveryRequest:0.32555555555555554
