JEditActionSet:0.104913086
TextAreaPainter:0.10280251
TextArea:0.097781934
JEditBuffer:0.09538666
SyntaxUtilities:0.076638505
Mode:0.06906582
JEditBeanShellAction:0.06518194
Gutter:0.0607457
IPropertyManager:0.046631347
JEditEmbeddedTextArea:0.035288442
FoldHandler:0.035138164
JEditActionContext:0.03319072
RichJEditTextTransferableService:0.030767791
ParserRuleSet:0.029597022
ModeProvider:0.027601672
Chunk:0.023079846
KillRing:0.020738496
DefaultFoldHandlerProvider:0.019953532
AbstractInputHandler:0.017888494
StringTransferableService:0.017677143
TextAreaMouseHandler:0.016733812
FoldHandlerProvider:0.016714847
Log:0.015784876
TokenMarker:0.015473177
TransferHandler:0.012963928
IOUtilities:0.010484302
SyntaxStyle:0.010350059
IndentFoldHandler:0.008137997
AntiAlias:0.008042421
DummyFoldHandler:0.0074095647
ExplicitFoldHandler:0.007256272
