Simulation:0.5233333333333333
GoodsUtil:0.44333333333333336
GoodsManager:0.4272222222222223
