Inventory:0.7333333333333333
LoadVehicle:0.4033333333333333
UnloadVehicle:0.2833333333333333
