RequestScopeInjector:0.5966666666666667
ApplicationScopeInjector:0.14333333333333334
SessionScopeInjector:0.12666666666666668
ServletContextScopeInjector:0.12333333333333334
MadvocContextScopeInjector:0.08666666666666667
