AlfObject:0.8616666666666667
AlfHelper:0.35333333333333333
