PollableSourceRetryTests:0.7405555555555555
MessageChannelItemWriterTests:0.32666666666666666
