JTreeTester:0.6616666666666666
JListTester:0.47111111111111104
