Release:0.5866666666666667
Asset:0.34
MainWindow:0.26666666666666666
JadxUpdate:0.19444444444444445
SearchBar:0.17
