GenericRepRap:0.6416666666666667
Simulator:0.5942777777777778
