Profesor:0.92
ProfesorValue:0.32
ProfesorHome:0.25972222222222224
ProfesorKey:0.18666666666666668
ProfesorCMP:0.15
ProfesorData:0.13333333333333333
TeachersTest:0.13
ProfesorBean:0.12666666666666668
ProfesorUtil:0.10083333333333333
IProfesor:0.04666666666666667
