Options:0.53
UCropActivity:0.4166666666666667
ImageGridFragment:0.26
Configuration:0.16666666666666666
ThemeUtils:0.10333333333333333
