ParquetColumnReader:0.5766666666666667
ParquetBlockLoader:0.37333333333333335
ParquetReader:0.3566666666666667
ParquetPageSource:0.27666666666666667
