WebClient:0.7533333333333333
HtmlInput:0.2425
JavaScriptConfiguration:0.22583333333333333
HtmlTextArea:0.21916666666666668
HtmlCheckBoxInput:0.17
HtmlRadioButtonInput:0.17
