XAnalyzingSuggester:0.6433333333333333
AnalyzingSuggestHolder:0.33
XFuzzySuggester:0.32666666666666666
CompletionPostingsFormatTest:0.20666666666666667
AnalyzingCompletionLookupProviderV1:0.16361111111111112
AnalyzingCompletionLookupProvider:0.15694444444444444
