HttpSessionContext:0.31
BaseSessionContext:0.31
PortletSessionContext:0.30333333333333334
SessionContext:0.22666666666666666
