XJBSearchFilter:0.6633333333333333
XJBSWDownloadCandidate:0.49805555555555564
XJBSWDownloadCandidateImpl:0.32
XJBSearchFilterImpl:0.31666666666666665
Unmarshaller:0.304
XJBGUITableListImpl:0.25333333333333335
