CoreDao:0.7271111111111112
CoreDaoTest:0.3223333333333333
