GraphToTikz:0.6244444444444444
PrologEngine:0.4633333333333333
FromFileAction:0.3005555555555556
