Model:0.5766666666666667
Mesh:0.53
ModelInstance:0.43333333333333335
Camera:0.31333333333333335
DefaultTextureBinder:0.24
SoftBodyTest:0.20666666666666667
Ray:0.18333333333333332
BulletEntity:0.10666666666666667
BatchRenderTest:0.016666666666666666
NewModelTest:0.013333333333333334
