List:0.4666666666666667
AbstractTraversableTest:0.45
Vector:0.3933333333333333
StreamTest:0.3
ListTest:0.2633333333333333
