GeneBean:0.6533333333333333
Gene:0.5033333333333333
NullGeneBean:0.22666666666666666
GeneSaxHandler:0.21
GeneParsedListener:0.20333333333333334
StorableGeneBeanImpl:0.2
GeneBeanImpl:0.16
GeneSaxReaderTest:0.07333333333333333
