TmxMapLoader:0.5
AtlasTmxMapLoader:0.4533333333333333
AnimatedTiledMapTile:0.37666666666666665
