Property:0.5966666666666667
Parameter:0.5105555555555557
AbstractProperty:0.25
AbstractParameter:0.23666666666666666
ModelImpl:0.23333333333333334
AnnotationsHelper:0.20666666666666667
ApiParamWrapper:0.18
ApiImplicitParamWrapper:0.18
