FileFormatDataSourceStats:0.5333333333333333
OrcBlockLoader:0.45
OrcPageSource:0.37333333333333335
TestOrcPageSourceMemoryTracking:0.32666666666666666
