WebKeys:0.426626984126984
AdvancedSearchController:0.41333333333333333
AjaxController:0.31333333333333335
