Sequences:0.5405555555555556
Public:0.41333333333333333
JPADatabase:0.4033333333333333
