TestEngine:0.4866666666666667
JUnit5TestEngine:0.24333333333333335
DummyTestEngine:0.22333333333333333
JUnit4TestEngine:0.17333333333333334
TestEngineStub:0.08
