RuleLabel:0.56
TypeGraph:0.5333333333333333
RuleFactory:0.3566666666666667
AspectLabel:0.25666666666666665
