HiveMetadata:0.57
AbstractTestHiveClient:0.4266666666666667
HiveSplitManager:0.4166666666666667
HiveClientModule:0.2966666666666667
AbstractTestHiveClientS3:0.22333333333333333
HiveHandleResolver:0.15666666666666668
