FileAppenderFactory:0.59
JerseyClientBuilderTest:0.31333333333333335
DropwizardApacheConnectorTest:0.2966666666666667
FileAppenderFactoryTest:0.19333333333333333
