VanillaChronicleMap:0.5166666666666667
BuildVersion:0.45
StatelessChronicleMap:0.3933333333333333
StatelessServerConnector:0.20666666666666667
StatelessClientTest:0.19666666666666666
BuildVersionTest:0.13666666666666666
TestOversizedReplicationHub:0.11333333333333333
