Database:0.5533333333333333
AbstractJdbcDdlReader:0.3466666666666667
OracleDdlReader:0.26666666666666666
DbExport:0.23
InterbaseDdlReader:0.21
AbstractDatabasePlatform:0.2
InformixDdlReader:0.19666666666666666
FirebirdDdlReader:0.19333333333333333
Db2DdlReader:0.15333333333333332
