LogicalModuleState:0.72
CheckLevel:0.4442619047619048
LogicalModuleStateDescriptions:0.4442619047619048
