Article:0.76
UserProcessor:0.33666666666666667
SymphonyServletListener:0.2733333333333333
UserQueryService:0.27
ArticleProcessor:0.25666666666666665
ArticleMgmtService:0.20333333333333334
