DefaultActionInvocation:0.5566666666666666
SimpleAction:0.5044444444444445
DefaultActionInvocationTest:0.41333333333333333
