Content:0.4066666666666667
TreeView:0.315
PrintTask:0.27666666666666667
ActionPrint:0.22
ViewWidget:0.21166666666666667
PrintManager:0.20333333333333334
PrintableImpl:0.2
PropertyView:0.17333333333333334
TreeViewFactory:0.15333333333333332
File:0.14666666666666667
TreePrintRenderer:0.11333333333333333
