CompilerTestSuite:0.41498412698412696
MathLibrary:0.36
Sine:0.23
Tangent:0.23
Cosine:0.23
LinkedListTester:0.19
HyperbolicSine:0.19
HyperbolicTangent:0.19
HyperbolicCosine:0.19
InverseHyperbolicSine:0.11333333333333333
InverseHyperbolicCosine:0.11333333333333333
InverseHyperbolicTangent:0.11333333333333333
AbsoluteValue:0.08666666666666667
InverseTangent:0.08
InverseCosine:0.08
InverseSine:0.08
