GetResult:0.41333333333333333
ElasticsearchAssertions:0.35333333333333333
Text:0.34
XContentParserUtilsTests:0.31
GetResponse:0.23
XContentHelper:0.22333333333333333
GetField:0.19
RestToXContentListener:0.14333333333333334
MultiGetResponse:0.13666666666666666
XContentParserUtils:0.13
Fields:0.08
