DefinitionUtils:0.5166666666666667
WebKeys:0.426626984126984
DisplayConfiguration:0.36666666666666664
