Fiber:0.5
ServerActor:0.39666666666666667
Migrant:0.30333333333333334
Main:0.19666666666666666
ThreadLocalSerializer:0.19111111111111112
