GlobalConfiguration:0.8516666666666667
EjbcaWebBean:0.3433333333333333
