Tools:0.6533333333333333
MockResultSetMetaData:0.30333333333333334
AbstractDelegatingQuery:0.30333333333333334
ReferenceImpl:0.26666666666666666
DefaultRecordMapper:0.2
Attachable:0.19566666666666668
BatchCRUD:0.19333333333333333
Mock:0.18555555555555556
