FileAccessor:0.4988888888888889
DataAccessor:0.3772222222222222
