Row:0.5166666666666667
EntityTableModel:0.3233333333333333
RowComparator:0.19
