GeneratedMethodBinding:0.6766666666666666
Rewriter:0.43666666666666665
RewriterTest:0.30666666666666664
