AttributeBinding:0.5966666666666667
ColumnRelationalState:0.4936507936507937
SimpleAttributeBinding:0.47
EntityBinding:0.37333333333333335
RootEntityBinder:0.33
TupleRelationalState:0.27051984126984113
AbstractEntityBinder:0.26
SingularAttributeBinding:0.24333333333333335
Size:0.23
MappingDefaults:0.22166666666666668
HibernateMappingBinder:0.20833333333333334
AbstractAttributeBinding:0.19583333333333333
DomHelper:0.1
DerivedRelationalState:0.0867222222222222
SingleValueRelationalState:0.023888888888888887
