FlowControllerTests:0.37833333333333335
FlowPhaseListenerTests:0.34
FlowActionTests:0.25333333333333335
FlowExecutionManageImplTests:0.24666666666666667
FlowVariableResolverTests:0.2
FlowNavigationHandlerTests:0.18666666666666668
DefaultFlowExecutionListenerLoaderTests:0.04666666666666667
