Entity:0.8666666666666667
NutEntity:0.36333333333333334
CallbackFactory:0.35333333333333333
