BeanMap:0.6166666666666667
Generator:0.35
BeanMapEmitter:0.2866666666666667
TestBeanMap:0.2833333333333333
