DropDown:0.5183333333333333
GestureDetector:0.36666666666666664
IntegerRenderer:0.18666666666666668
FloatRenderer:0.18666666666666668
StringRenderer:0.14333333333333334
