PersistencyHandler:0.65
FileHandler:0.45555555555555555
ManageServlet:0.4066666666666667
