RotationPersistFragment:0.49
RotationPersistWorkerFragment:0.4483333333333333
MainActivity:0.3433333333333333
