Default:0.553611111111111
ValidatingClassVisitor:0.48333333333333334
ForClassFileVersion:0.38333333333333336
TypeWriterDefaultTest:0.29
