RestAssuredMockMvc:0.7933333333333333
BasePathTest:0.30666666666666664
BasePathController:0.2733333333333333
