FeedEntryResource:0.3933333333333333
FeedResource:0.35333333333333333
RDFResourceFactory:0.23666666666666666
FeedEntryResourcePropertySource:0.06231481481481481
FeedResourcePropertySource:0.06231481481481481
