TransactionConfidence:0.44
Builder:0.3933333333333333
Transaction:0.35
Wallet:0.32666666666666666
Listener:0.32
BlockChain:0.24944444444444447
WalletProtobufSerializer:0.18
TransactionConfidenceOrBuilder:0.15833333333333333
WalletProtobufSerializerTest:0.14
