CSSStyleDeclaration:0.43
Attr:0.43
Node:0.4066666666666667
Document:0.3233333333333333
Range:0.2773333333333333
EventListenersContainer:0.23666666666666666
NamedNodeMap:0.21666666666666667
XMLDocument:0.21666666666666667
HTMLDocument:0.21
ComputedCSSStyleDeclaration:0.18333333333333332
RowContainer:0.18
XSLTProcessor:0.18
XMLSerializer:0.17666666666666667
