ActionQueue:0.4633333333333333
EntityAction:0.4
EntityIdentityInsertAction:0.29333333333333333
CollectionAction:0.29333333333333333
CreateTest:0.2866666666666667
