AbstractJdbcExpert:0.5316666666666666
OracleJdbcExpert:0.4166666666666667
MysqlJdbcExpert:0.35
