SQLTransportExecutor:0.5938333333333333
PostgresITest:0.461111111111111
SQLTransportIntegrationTest:0.33166666666666667
