XCPDRespondingGateway:0.43666666666666665
XCPDGatewayRequestHandler:0.38666666666666666
XCPDGatewayRequestController:0.3466666666666667
XCPDInitiatingGateway:0.33666666666666667
XCPDGateway:0.2633333333333333
