Mongo:0.8533333333333334
MongoClients:0.29333333333333333
