CertTools:0.54
DnComponents:0.35
EjbcaConfiguration:0.24088888888888885
CAAdminSessionBean:0.2225
X509CA:0.21
CertToolsTest:0.13333333333333333
DnComponentsTest:0.11333333333333333
