RedissonMapCache:0.6166666666666666
MapCacheEvictionTask:0.49666666666666665
EvictionScheduler:0.22
