DynamicClassLoader:0.5433333333333333
JoinCompiler:0.33666666666666667
ByteCodeUtils:0.21333333333333335
Bootstrap:0.20183333333333334
GroupByHash:0.18333333333333332
JoinProbeCompiler:0.16333333333333333
ExpressionCompiler:0.13666666666666666
TestJoinCompiler:0.11666666666666667
CompilerUtils:0.06666666666666667
OrderingCompiler:0.05333333333333334
