ClientContext:0.6066666666666667
PeerNodeResultSender:0.29333333333333333
RemoteNodeIO:0.29333333333333333
