ServiceRequest:0.5266666666666666
UploadedFile:0.4766666666666667
Command:0.43333333333333335
IUploadedFile:0.4015634920634921
ServiceRequestImpl:0.32
MockRequest:0.24333333333333335
DownloadEvent:0.22666666666666666
TestingServiceRequest:0.22
FileBrowser:0.20666666666666667
BundleInvoker:0.17
SerializableDataSource:0.16666666666666666
AbstractDescriptor:0.14666666666666667
ServiceRequestImplConfig:0.09333333333333334
TemporaryFile:0.016666666666666666
ITemporaryFile:0.0
