AbstractService:0.32
Service:0.17466666666666666
HelloWorldService:0.1577777777777778
TemplateService:0.1577777777777778
FakeService:0.14
ServerCommand:0.135
ManagedCommand:0.11333333333333333
ServiceTest:0.0
