ConnectionJDBC2:0.5166666666666667
ConnectionJDBC2UnitTest:0.31333333333333335
DefaultProperties:0.31
UnitTestBase:0.21666666666666667
DefaultPropertiesUnitTest:0.20666666666666667
