Carbon:0.6833333333333333
VectorDrawable:0.43333333333333335
VectorState:0.23333333333333334
ControlFocusedColorStateList:0.14
ControlCheckedColorStateList:0.14
TintPrimaryColorStateList:0.14
