Frontier:0.47
ModuleType:0.43899999999999995
SettingsHandler:0.36111111111111116
StatisticsTracker:0.26916666666666667
CrawlScope:0.26166666666666666
CrawlController:0.25666666666666665
FetchHTTP:0.19555555555555557
XMLSettingsHandler:0.16
