textViewer:0.19333333333333333
booleanViewer:0.18
FieldViewer:0.16666666666666666
binaryViewer:0.16333333333333333
charViewer:0.16
