SocketClient:0.44333333333333336
HtmlDocGenerator:0.29500000000000004
SocketExceptionListener:0.26
SocketExceptionEvent:0.2596031746031746
ExecutionSocketHandler:0.24333333333333335
AbstractSocketServer:0.18
AbstractSocketHandler:0.15666666666666668
AdminSocketHandler:0.14333333333333334
ExecutionSocketServer:0.013333333333333334
