HopCompletionItem:0.8066666666666666
HopCompletionProvider:0.27666666666666667
