Sync:0.5553888888888888
BoundedLocalCache:0.4766666666666667
DescriptionBuilder:0.355
BoundedLocalCacheTest:0.33
IsValidBoundedLocalCache:0.2711111111111111
AsyncLoadingCache:0.21605555555555556
IsValidLinkedDeque:0.14777777777777779
