AxiomSoapHeader:0.26666666666666666
AxiomSoapHeaderElement:0.2633333333333333
AxiomSoapBody:0.22333333333333333
AbstractSoapBodyTestCase:0.21333333333333335
AxiomSoapFaultDetailElement:0.19555555555555557
AxiomSoapFaultDetail:0.17
AxiomUtils:0.1
