CMap:0.4866666666666667
AbstractSerializer:0.45666666666666667
Serializer:0.35333333333333333
Logger:0.16500000000000004
ClientSerializer:0.13666666666666666
SemaphoreOperationHandler:0.11666666666666667
Externalizer:0.11333333333333333
SerializationHelper:0.10666666666666667
DataSerializer:0.10666666666666667
ClassSerializer:0.07333333333333333
