UnitOfWorkApplicationListenerTest:0.36
ChainedAuthFactory:0.3333333333333333
HttpsConnectorFactory:0.28
Size:0.27666666666666667
BaseReporterFactory:0.25
SyslogAppenderFactoryTest:0.17666666666666667
CacheControlledResponseFeature:0.12
HttpsConnectorFactoryTest:0.085
SizeTest:0.05
