AbstractVirtualMachine:0.6516666666666666
HopSymbolTableWalker:0.47833333333333333
UnaryIntegerTextCastStep:0.2783333333333333
