DefaultAtmosphereObjectFactory:0.72
WebSocketHandlerServiceProcessor:0.48333333333333334
AtmosphereInterceptorTest:0.3333333333333333
