ZooKeeperRegistrar:0.45
ZooKeeperMasterModel:0.3343333333333333
AgentService:0.24333333333333335
AgentZooKeeperRegistrar:0.19416666666666665
SystemTestBase:0.17666666666666667
AgentConfig:0.12666666666666668
MasterService:0.11333333333333333
DeregisterTest:0.08666666666666667
AgentParser:0.07
LabelReporter:0.06
EnvironmentVariableReporter:0.06
