Workbench:0.63
Impl:0.44333333333333336
StatusBar:0.33666666666666667
