OfNonGenericType:0.41333333333333333
Latent:0.35
Symbolic:0.30333333333333334
TypeDescription:0.29
InstrumentedTypeDefaultTest:0.2733333333333333
OfTypeVariable:0.2633333333333333
Builder:0.22666666666666666
RuntimeTypeVerifierTest:0.20666666666666667
TypeDescriptionGenericOfTypeVariableSymbolicTest:0.19666666666666666
ForAttachment:0.18
TypeDescriptionGenericOfTypeVariableWithAnnotationOverlayTest:0.18
Substitutor:0.16666666666666666
ForDetachment:0.16666666666666666
TypeDescriptionGenericVisitorTypeVariableErasingTest:0.16333333333333333
ForTokenNormalization:0.15333333333333332
OfParameterizedType:0.153
TypeVariableReviser:0.1511111111111111
OfGenericArrayType:0.1511111111111111
ForRawType:0.15
TypeDescriptionGenericVisitorSubstitutorForTokenNormalizationTest:0.15
WithAnnotationOverlay:0.11
DeclaringAnnotationMatcherTest:0.09
