StatsInitializationReport:0.6688888888888889
StaticInfoDecoder:0.5533333333333333
StaticInfoEncoder:0.34
SbeStatsInitializationReport:0.3333333333333333
StatsListener:0.19444444444444445
TestStatsSBE:0.09
