Invocation:0.7516666666666667
RpcInvocation:0.6633333333333333
RpcUtils:0.25
AbstractInvoker:0.22666666666666666
MockInvocation:0.18666666666666668
ConsumerContextFilter:0.15333333333333332
ContextFilter:0.15333333333333332
