DiscoveryNodes:0.5066666666666667
OperationRouting:0.28
Builder:0.24333333333333335
GatewayMetaState:0.22333333333333333
ReplicationPhase:0.22
SnapshotShardsService:0.20333333333333334
TransportReplicationActionTests:0.19666666666666666
IndicesClusterStateService:0.19666666666666666
RestoreService:0.18666666666666668
UnicastZenPing:0.17666666666666667
ClusterStateDiffIT:0.16666666666666666
DiscoveryNodesTests:0.15666666666666668
SimpleNodesInfoIT:0.12666666666666668
MasterPingRequestHandler:0.07333333333333333
