JMXDriverConnectionWrapper:0.7216666666666667
JPPFDriverAdminMBean:0.30742063492063487
