AnnotationEditor:0.6033333333333334
AnnotationSetsView:0.5533333333333333
EditAnnotationAction:0.2833333333333333
