TransactionOutput:0.5466666666666666
TransactionOutPoint:0.5
TransactionInput:0.2866666666666667
DumpedPrivateKey:0.22444444444444447
