Assignment:0.35333333333333333
Analysis:0.25333333333333335
SelectStatementAnalyzer:0.25
DefaultTraversalVisitor:0.25
SelectAnalysis:0.2377777777777778
InsertAnalysis:0.23
TestStatementBuilder:0.20666666666666667
Analyzer:0.20333333333333334
SubscriptExpression:0.19777777777777777
Update:0.17333333333333334
StatementAnalyzer:0.08666666666666667
SubscriptVisitor:0.07
