HttpClientBuilder:0.6766666666666666
HttpClientBuilderTest:0.5666666666666667
JerseyClientBuilder:0.2733333333333333
JerseyClientBuilderTest:0.24666666666666667
