DiscoveryModule:0.55
DummyHostsProviderPlugin:0.3
DummyDiscoveryPlugin:0.3
Ec2DiscoveryPlugin:0.23666666666666666
Plugin:0.22166666666666668
AzureComputeServiceImpl:0.22
DiscoveryModuleTests:0.18666666666666668
AzureDiscoveryPlugin:0.15666666666666668
FileBasedDiscoveryPlugin:0.11
GceDiscoveryPlugin:0.1
DiscoveryPlugin:0.043333333333333335
