Binder:0.66
AdminModule:0.31617857142857136
DashboardHelper:0.26666666666666666
DefinableEntity:0.24111111111111114
TemplateBinder:0.21333333333333335
AdminModuleImpl:0.2
ConfigureConfigurationController:0.19666666666666666
ListProfilesController:0.13666666666666666
WorkspaceTreeController:0.11666666666666667
ConfigureController:0.04666666666666667
