ModelGenerator:0.4266666666666667
Presentation:0.3433333333333333
XmlGenerator:0.30333333333333334
TemplateTarget:0.29333333333333333
PresentationEntities:0.15333333333333332
ColumnUtils:0.06333333333333334
