DataEnvironment:0.6491111111111112
StepOver:0.25333333333333335
