EditorScriptHelper:0.6483333333333333
ScriptDirectoryDialog:0.5141666666666667
ScriptHelper:0.35
