QuorumParser:0.43333333333333335
QuorumLexer:0.36666666666666664
DFA33:0.15666666666666668
DFA4:0.14
DFA57:0.14
DFA79:0.14
