SideKick:0.52
SideKickTree:0.24666666666666667
Asset:0.1927777777777778
CaretHandler:0.1741666666666667
SideKickOptionPane:0.14
Renderer:0.13416666666666666
ActionHandler:0.08583333333333333
