SelectionHandler:0.48222222222222216
ClientWriteHandler:0.3333333333333333
AbstractClientSelectionHandler:0.25666666666666665
ClientReadHandler:0.24
NonBlockingWriteHandler:0.21333333333333335
NonBlockingReadHandler:0.06333333333333334
ClientNonBlockingOutputThread:0.02
NonBlockingOutputThread:0.016666666666666666
AbstractSelectionHandler:0.016666666666666666
NonBlockingInputThread:0.0033333333333333335
