AjaxController:0.5866666666666667
WebKeys:0.426626984126984
BuildDefinitionDivs:0.2833333333333333
