StunDiscovery:0.49666666666666665
SarosNet:0.41
StunServiceImpl:0.4033333333333333
UPnPServiceImpl:0.36666666666666664
IStunService:0.17111111111111113
