NeuralNetwork:0.5533333333333333
BaseMultiLayerNetwork:0.5333333333333333
Activations:0.4766666666666667
Builder:0.37333333333333335
RectifiedLinearHiddenLayer:0.28444444444444444
DenoisingAutoEncoder:0.26
MultiLayerNetworkOptimizer:0.24444444444444446
GaussianRectifiedLinearRBM:0.21694444444444447
DBN:0.12
GaussianRectifiedLinearDBN:0.11
