WebClient:0.65
HtmlPage:0.37833333333333335
HtmlFrameSetTest:0.31333333333333335
FrameWindow:0.31333333333333335
BaseFrame:0.2633333333333333
TopLevelWindow:0.18333333333333332
WebWindowImpl:0.17333333333333334
