Joiner:0.7511111111111112
GroupProperties:0.6691111111111112
Node:0.5033333333333333
ConfigCheck:0.36
ClusterServiceImpl:0.34
MulticastJoiner:0.24611111111111114
ClusterJoinTest:0.22666666666666666
NodeMulticastListener:0.2188888888888889
AbstractJoiner:0.15666666666666668
AuthenticationFailureOperation:0.10666666666666667
