PeriodicGroupNumberAtom:0.6833333333333333
SMARTSSearchTest:0.51
Smarts2MQLVisitor:0.24333333333333335
SmartsDumpVisitor:0.24333333333333335
SmartsQueryVisitor:0.24333333333333335
ASTPeriodicGroupNumber:0.16333333333333333
