InstallerDb:0.59
Installer:0.36333333333333334
C3P0ConnectionFactory:0.35
SimpleDataSource:0.2966666666666667
DataSourceFactory:0.25605555555555554
