GwtTeamingMessages:0.78
GwtTeamingDataTableImageBundle:0.4737857142857143
AdminRights:0.31333333333333335
GroupInfo:0.3
GwtServerHelper:0.27666666666666667
GwtClientHelper:0.25666666666666665
GwtGroup:0.20666666666666667
GroupInfoPlus:0.18666666666666668
DataTableFolderViewBase:0.17333333333333334
GroupType:0.15666666666666668
SetPrincipalsAdminRightsRpcResponseData:0.15
PrincipalAdminTypeCell:0.13666666666666666
GroupTypeCell:0.09333333333333334
