DocxTableModel:0.37888888888888883
DocxModel:0.33666666666666667
MergeDocxModel:0.33666666666666667
MergeInputOutputModel:0.3
MergeInputOutputComposite:0.056666666666666664
MergeDocxHandlerCellEditorProvider:0.023333333333333334
