LonePair:0.6233333333333333
SingleElectron:0.3385277777777778
Monomer:0.17
