JCPMenuTextMaker:0.59
JChemPaintPanel:0.43
JChemPaint:0.2428888888888889
JChemPaintPopupMenu:0.22361111111111115
JChemPaintMenuBar:0.20805555555555558
JCPToolBar:0.18666666666666668
