Array:0.6066666666666667
LongArray:0.2585952380952381
FloatArray:0.2585952380952381
IntArray:0.2585952380952381
BooleanArray:0.2585952380952381
