StoreScp:0.4166666666666667
StoreScpService:0.3933333333333333
FindScp:0.35333333333333333
AbstractScpService:0.27
PPSScp:0.25
MPPSScp:0.16333333333333333
