Flyway:0.5433333333333333
MigrationInfoServiceImpl:0.30333333333333334
MigrationInfoImpl:0.2966666666666667
MigrationInfoContext:0.25666666666666665
FlywayMediumTest:0.25333333333333335
DbValidate:0.19666666666666668
