FolderModule:0.5833333333333334
AbstractBinderResource:0.3566666666666667
LibraryInfo:0.3466666666666667
AbstractResource:0.24666666666666667
BinderResource:0.14333333333333334
AbstractFolderModule:0.13333333333333333
