UrlUtil:0.35
GwtTeamingMessages:0.31666666666666665
GwtServerHelper:0.3
FooterPanel:0.25666666666666665
GwtRpcServiceImpl:0.2277777777777778
GwtMenuHelper:0.20666666666666667
GetFooterToolbarItemsCmd:0.04666666666666667
