SyncUIHelper:0.4666666666666667
ExportParWizardPage:0.4266666666666667
WFEServerProcessDefinitionImporter:0.32
WFEServerConnector:0.28
ImportParWizard:0.27666666666666667
ExportParWizard:0.2733333333333333
DataImporter:0.23
WFEServerExecutorsImporter:0.19333333333333333
WorkspaceOperations:0.18333333333333332
ImportParWizardPage:0.18333333333333332
WFEServerRelationsImporter:0.16333333333333333
ParFileExporter:0.12
SwimlaneRelationsElement:0.11333333333333333
SwimlaneADElement:0.11
LDAPExecutorsImporter:0.10333333333333333
SwimlaneWFGroupElement:0.08
ParExportOperation:0.02
CompactWizardDialog:0.01
