IteratorGeneratorTag:0.4
SubsetIteratorTag:0.3933333333333333
SortIteratorTag:0.31
StrutsBodyTagSupport:0.2733333333333333
