NetTest:0.43666666666666665
NetClientOptions:0.3566666666666667
VertxHttp2NetSocket:0.29333333333333333
SSLHelper:0.28
NetSocket:0.2732777777777778
NetSocketImpl:0.2732777777777778
HttpTLSTest:0.21666666666666667
NetExamples:0.21666666666666667
NetClientOptionsConverter:0.19571428571428573
TLSTest:0.17904761904761904
