HttpClientRequestImpl:0.33666666666666667
HttpTLSTest:0.33666666666666667
ConnQueue:0.31333333333333335
KeyStoreTest:0.2733333333333333
HttpClientOptions:0.24333333333333335
HttpClientImpl:0.23333333333333334
RequestOptions:0.22
ConnectionKey:0.18666666666666668
ConnectionManager:0.14916666666666667
TLSTest:0.06333333333333334
QueueManager:0.013333333333333334
