Config:0.5336785714285714
NullAway:0.49333333333333335
NullAwayTest:0.3333333333333333
AbstractConfig:0.23666666666666666
ErrorProneCLIFlagsConfig:0.23
DummyOptionsConfig:0.23
