LoadFilter:0.7433333333333333
ISymmetricEngine:0.38666666666666666
AbstractSymmetricEngine:0.36
ParameterConstants:0.3583333333333333
TableConstants:0.2733333333333333
DataLoaderService:0.24666666666666667
LoadFilterService:0.22
ILoadFilterService:0.18833333333333332
BshDatabaseWriterFilter:0.15
LoadFilterServiceSqlMap:0.13
