MeshShaderTest:0.51
MeshTest:0.40166666666666667
ManagedTest:0.40166666666666667
