ParameterizedType:0.6066666666666667
MethodDefinition:0.37833333333333335
ClassDefinition:0.35
ClassInfo:0.22416666666666665
