DefaultConversionService:0.5733333333333334
LocalParameterMap:0.37
DefaultExpressionParserFactory:0.31666666666666665
FlowExecutorFactoryBean:0.23333333333333334
DefaultExpressionFactoryUtils:0.1675
FlowRegistryBeanDefinitionParser:0.11
TestFlowBuilderServicesFactory:0.10333333333333333
FlowBuilderServicesBeanDefinitionParser:0.1
MvcViewTests:0.08666666666666667
OgnlExpressionParser:0.05805555555555556
TestConversionService:0.04666666666666667
ParentConversionServiceProxy:0.04666666666666667
