MultiLayerNetwork:0.5688888888888889
BaseRecurrentLayer:0.5116666666666667
GRU:0.30666666666666664
GravesLSTM:0.2966666666666667
MultiLayerTestRNN:0.16
