Server:0.5016666666666667
HeaderExchangeServer:0.2575
HeaderExchangeClient:0.22333333333333333
ClientDelegate:0.22
ServerDelegate:0.20333333333333334
ExchangeServerDelegate:0.20333333333333334
AbstractEndpoint:0.16666666666666666
Client:0.165
Resetable:0.1162777777777778
