MagnificationOptions:0.9066666666666666
Starter:0.37666666666666665
DecreaseZoom:0.18333333333333332
IncreaseZoom:0.15333333333333332
ToggleFullScreen:0.15333333333333332
ToggleMagnification:0.15333333333333332
MagnificationProperties:0.08055555555555556
