VirtualFile:0.6433333333333333
VirtualFileSystem:0.5566666666666666
VFSDAVStore:0.2733333333333333
RecordingVisitor:0.16666666666666666
VFSServlet:0.15
