Json:0.6133333333333333
Skin:0.32
InputMultiplexer:0.27666666666666667
AssetManager:0.26666666666666666
SkinLoader:0.2111111111111111
Logger:0.15
TextureAtlasData:0.08666666666666667
