HttpClientRequestImpl:0.6633333333333333
Http2ClientTest:0.36333333333333334
HttpClientRequestPushPromise:0.27
Http2ClientStream:0.26
