FeaturesConfig:0.6833333333333333
SystemSessionProperties:0.2758333333333334
FullConnectorSession:0.26666666666666666
TestingConnectorSession:0.22333333333333333
TestFeaturesConfig:0.21
TestMathFunctions:0.20333333333333334
MathFunctions:0.19333333333333333
ConnectorSession:0.15833333333333333
TruncateNBigintDecimals:0.06
RoundNBigintDecimals:0.02666666666666667
