ClientCall:0.53
ClientCalls:0.25
ClientCallImpl:0.24333333333333335
GrpcFuture:0.20666666666666667
CallToStreamObserverAdapter:0.18333333333333332
ManagedChannelImplTest:0.18333333333333332
ClientInterceptorsTest:0.18
ForwardingClientCall:0.13166666666666665
ClientAuthInterceptorTests:0.12666666666666668
ClientCallsTest:0.11666666666666667
GenericAsyncPingPongWorker:0.08333333333333333
