Entry:0.7566666666666667
EntityHelper:0.39
ListHelper:0.3333333333333333
EntryHelper:0.27
