XJBSWDownloadFile:0.5622222222222222
XJBSWDownloadFileImpl:0.5266666666666666
Unmarshaller:0.23333333333333334
