WebServiceBean:0.6341666666666667
WebServiceBeanRemote:0.5266666666666666
Kuwaiba:0.48333333333333334
