Routes:0.5466666666666666
AfterFilters:0.5466666666666666
MatcherFilter:0.37
