DefaultConfiguration:0.5566666666666666
DefaultLocalizedTextProvider:0.535
XWorkConfigurationProvider:0.2833333333333333
StrutsTestCaseHelper:0.12
