XDSIModel:0.5566666666666666
XDSIExportDelegate:0.4533333333333333
XDSService:0.27
FolderSubmitCtrl:0.26888888888888884
RIDStorageImpl:0.1988888888888889
XDSIExportCtrl:0.19
