EAExporter:0.7033333333333334
GenericDocumentToTemplateConverter:0.22666666666666666
ODTDocumentToTemplateConverter:0.15
DOCXDocumentToTemplateConverter:0.12333333333333334
