CompletionContext:0.5716666666666667
CompletionEngine:0.5433333333333333
