NestedAggregationBuilder:0.6333333333333333
ReverseNestedAggregationBuilder:0.39
ChildrenAggregationBuilder:0.38
InternalChildren:0.20333333333333334
InternalReverseNested:0.20333333333333334
InternalNested:0.20333333333333334
