PerformanceMonitor:0.4766666666666667
NodeEngineImpl:0.46
PerformanceLog:0.3466666666666667
PerformanceMonitorTest:0.26666666666666666
