AbstractTestParquetReader:0.6327777777777777
ParquetTester:0.53
ParquetShortDecimalColumnReader:0.25666666666666665
