CubicSpline:0.39666666666666667
CubicSplineInterpolation:0.39
InterpolationTestBase:0.34
CubicSplineInterpolationTest:0.21666666666666667
NaturalMonotonicCubicSplineInterpolationTest:0.12200000000000003
NaturalCubicSplineInterpolationTest:0.11561111111111112
MonotonicCubicSplineInterpolationTest:0.023333333333333334
