ParallelHashBuildOperator:0.5666666666666667
TestHashJoinOperator:0.3753333333333333
PartitionedLookupSourceSupplier:0.2866666666666667
