AuthenticationConfig:0.5833333333333334
ObjectKeys:0.48111111111111104
GwtTeamingMessages:0.4166666666666667
ChangeLog:0.4
GwtServerHelper:0.20333333333333334
ConfigureUserAccessDlg:0.2
BaseAuthenticationModule:0.19
BinderModuleImpl:0.18666666666666668
SharingModuleImpl:0.18
AccessControlManagerImpl:0.17333333333333334
AbstractFolderModule:0.14666666666666667
UserAccessConfig:0.08333333333333333
ConfigureUserAccessController:0.08333333333333333
ChangeLogUtils:0.013333333333333334
