X2RSubCrawlerUtil:0.6966666666666667
X2RSubCrawlerFactory:0.38555555555555554
X2RSubCrawlerUtilTest:0.1
