METSDOSerializer:0.7733333333333333
METSDODeserializer:0.36577777777777776
