EditMenu:0.5333333333333333
ViewMenu:0.3922222222222222
