FindWriteReferencesInProjectAction:0.66
RubySearchActionGroup:0.5233333333333333
WriteReferencesSearchGroup:0.38666666666666666
FindWriteReferencesInWorkingSetAction:0.38
SearchMessages:0.26944444444444443
FindWriteReferencesAction:0.21333333333333335
RdtActionConstants:0.014285714285714285
IRubyEditorActionDefinitionIds:0.014285714285714285
