tableOld:0.6233333333333333
HQLQueryProvider:0.30666666666666664
lock:0.30666666666666664
MakumbaTestSetup:0.18
