ObjTest:0.34
EdgeDetectionTest:0.24
CullTest:0.21
FrustumTest:0.21
FramebufferToTextureTest:0.21
SoftMeshTest:0.20666666666666667
PickingTest:0.18333333333333332
ProjectTest:0.18333333333333332
ConvexHullTest:0.17
MeshShapeTest:0.15
ProjectiveTextureTest:0.13
ShadowMappingTest:0.13
