GrizzlyAsyncHttpProvider:0.575
FeedableBodyGenerator:0.38333333333333336
NoNullResponseTest:0.22666666666666666
EmptyBody:0.13666666666666666
