SeqFeature:0.6433333333333333
ChadoXmlAdapter:0.44333333333333336
ChadoXmlWrite:0.32
Comment:0.27
