Select:0.45666666666666667
CodeSwitcher:0.4033333333333333
Parser:0.38666666666666666
TestGroupByHaving:0.3566666666666667
