LdapPasswordManagementService:0.49333333333333335
PasswordManagementConfiguration:0.3933333333333333
PasswordManagementWebflowConfigurer:0.31333333333333335
CasWebflowConstants:0.016666666666666666
