OperatorStats:0.5766666666666667
OperatorContext:0.45
TestOperatorStats:0.25666666666666665
