CacheProxy:0.5546666666666666
CaffeineConfiguration:0.42333333333333334
CacheManagerImpl:0.28
