EmptyArgsConstructorBorning:0.07666666666666666
MethodCastingBorning:0.07666666666666666
EmptyArgsMethodBorning:0.07666666666666666
DynaMethodBorning:0.07666666666666666
ConstructorBorning:0.07666666666666666
ConstructorCastingBorning:0.07666666666666666
DynamicConstructorBorning:0.07666666666666666
MethodBorning:0.07666666666666666
