DefinitionModule:0.8933333333333333
WebKeys:0.7930555555555554
DefinitionModuleImpl:0.37
DefinitionHelper:0.36333333333333334
