AggregationFunction:0.6928333333333333
SumAggregation:0.46
AverageAggregation:0.25666666666666665
DoubleSumAggregation:0.195
CountAggregation:0.11333333333333333
