HtmlPage:0.51
WebClient:0.46
Cache:0.22666666666666666
CSSStyleSheet:0.20333333333333334
Entry:0.12666666666666668
CacheTest:0.1
