FilterTest:0.5866666666666667
JsonValue:0.45
IssuesTest:0.30333333333333334
