ExprParser:0.44333333333333336
Expr:0.38666666666666666
ExprParseTest:0.2966666666666667
Instance:0.29333333333333333
Id:0.26666666666666666
SymbolTable:0.24333333333333335
Token:0.21666666666666667
OpFamily:0.13666666666666666
LineFragment:0.08666666666666667
TokenFamily:0.07
TokenType:0.056666666666666664
ScanException:0.017388888888888888
ParseException:0.017388888888888888
