Mining:0.5833333333333334
MineSite:0.15666666666666668
CollectMinedMinerals:0.13
Driver:0.09666666666666666
Areologist:0.09333333333333334
