AlwaysAllowLocalAuthenticationToken:0.49333333333333335
StartServicesServlet:0.35
LocalJvmOnlyAuthenticationToken:0.26666666666666666
ComplexAccessControlSessionBean:0.23
ComplexAccessControlSessionLocal:0.043333333333333335
