XMPPChatTransmitter:0.48222222222222216
EnterProjectNamePage:0.47333333333333333
JoinSessionWizard:0.27
StackTrace:0.15333333333333332
IBBTransferListener:0.13777777777777775
JingleTransferListener:0.11666666666666667
