GroovyValidationModel:0.7233333333333334
GroovyParamsComposite:0.4633333333333333
