TreeDisplayVertical:0.48333333333333334
TreeDisplayHorizontal:0.37333333333333335
BusyInfo:0.175
BinderSelectorMouseHandler:0.14333333333333334
GwtConstants:0.13666666666666666
BinderExpander:0.09333333333333334
