StatefulPersistenceContext:0.48333333333333334
HQLQueryPlan:0.39666666666666667
QueryPlanCache:0.3466666666666667
SessionFactoryImpl:0.2866666666666667
FilterQueryPlanKey:0.2111111111111111
HQLQueryPlanKey:0.1786111111111111
AbstractSessionImpl:0.17666666666666667
AvailableSettings:0.014285714285714285
