Assert:0.5366666666666666
JUnitCore:0.32666666666666666
Parameterized:0.27
TemporaryFolder:0.2632777777777777
ExpectedExceptionStatement:0.23048989898989902
TestClassRunnerForParameters:0.19333333333333333
RunNotifier:0.19
AssertionTest:0.18666666666666668
ExpectedException:0.17333333333333334
CommandLineTest:0.16194444444444442
ParameterizedTestTest:0.14666666666666667
ParameterizedWithoutSpecialTestname:0.13794047619047622
ClassRequest:0.13666666666666666
JUnitCoreReturnsCorrectExitCodeTest:0.12333333333333334
SafeNotifier:0.11
DummySortWithNameAsc:0.10087301587301588
DummySortJvm:0.10087301587301588
DummySortWithDefault:0.10087301587301588
TestSystem:0.09333333333333334
TestedOnSupplier:0.09333333333333334
TestListenerTest:0.09
MethodSorterTest:0.08333333333333333
RealSystem:0.08
TempFolderRuleTest:0.07333333333333333
NameClashes:0.03333333333333333
MethodSorter:0.03333333333333333
JUnitSystem:0.006944444444444445
