MaterialBean:0.5766666666666667
ProcessInstanceView:0.38666666666666666
ComponentRackSelector:0.28
ComponentSubform:0.19
MiniAppInstallation:0.16666666666666666
