Formatter:0.5766666666666667
TestSqlParser:0.26
TestStatementBuilder:0.24
AstBuilder:0.17666666666666667
AstVisitor:0.16
