ThreadInfo:0.5966666666666667
Thread:0.45666666666666667
Monitor:0.26666666666666666
JPF_java_lang_Thread:0.23333333333333334
SchedulerFactory:0.22337301587301586
JPF_sun_misc_Unsafe:0.18
DefaultSchedulerFactory:0.17
TestInterrupt:0.16833333333333333
TestExecutorService:0.11555555555555555
TestInterruptJPF:0.05333333333333334
TestExecutorServiceJPF:0.0
