RedisConnection:0.73
RedisPubSubConnection:0.3566666666666667
PubSubConnectionEntry:0.27
ConnectionWatchdog:0.22333333333333333
