ReopenableImageInputStream:0.6333333333333333
StudyInfo:0.38666666666666666
DicomUpdateFilter:0.36666666666666664
DicomFilter:0.22333333333333333
StudyInfoCache:0.04
DicomUpdateFilterTest:0.03666666666666667
StudyInfoCacheTest:0.03
StudyInfoTest:0.0011111111111111111
