Messages:0.6110555555555556
JbpmExecutionLogic:0.5433333333333333
ExecutionServiceDelegateLocalImpl:0.37333333333333335
ExecutionServiceDelegateRemoteImpl:0.37333333333333335
ExecutionServiceDelegate:0.34355555555555556
JbpmExecutionServiceBean:0.32
HistoryGraphImageAction:0.3
GraphConverter:0.23666666666666666
ShowGraphHistoryLinkTag:0.19
ShowGraphHistoryFormTag:0.07333333333333333
