MapSplitBrainTest:0.35333333333333333
CacheSplitBrainTest:0.35333333333333333
LegacyMapSplitBrainTest:0.31
TestTaskExecutorUtil:0.28
