HttpUrlTest:0.47
HttpUrl:0.44333333333333336
RealCall:0.23444444444444448
WebSocketHttpTest:0.22
