JobRepositoryFactoryBean:0.7405555555555555
JdbcJobRepositoryTests:0.5498888888888889
