SparkDl4jMultiLayer:0.5566666666666666
CanovaByteDataSetFunction:0.44666666666666666
IterativeReduceFlatMap:0.43
CanovaDataSetFunction:0.18333333333333332
