CallStack:0.41333333333333333
Switch:0.4066666666666667
Frame:0.3933333333333333
Stage:0.25
CtrlTester:0.24666666666666667
Location:0.24666666666666667
Step:0.23333333333333334
ProgramBuildTest:0.23
TemplateBuildTest:0.18
TermTest:0.17
MultiSwitch:0.06333333333333334
