ASBeautifier:0.5866666666666667
ASFormatter:0.45
AStyleThread:0.41111111111111115
