ValueAttribute:0.82
AccessorAttributesCollector:0.31333333333333335
AnnotationTest:0.16666666666666666
IfaceValue:0.16666666666666666
