UserGroup:0.6233333333333333
Service:0.2213888888888889
PropertiesFeatureToggleVersion:0.22
TieredFeatureToggleVersion:0.06666666666666667
