AttributeType:0.4
CollectionAgent:0.31666666666666665
CollectionSet:0.31666666666666665
SnmpCollector:0.31
IfResourceType:0.22
SnmpCollectorTestCase:0.20333333333333334
SnmpIfCollectorTest:0.18666666666666668
SnmpNodeCollectorTest:0.16
SnmpIfCollector:0.14333333333333334
SNMPCollectorEntry:0.14
SnmpNodeCollector:0.08333333333333333
