UdpDestination:0.4066666666666667
UnicastReceiverTest:0.32666666666666666
ReceiverThread:0.26916666666666667
MediaDriverAdminThread:0.2630555555555556
RcvFrameHandler:0.26
UdpTransport:0.24277777777777776
BasicBufferManagementStrategy:0.19666666666666666
RcvChannelState:0.16055555555555553
RcvSessionState:0.09666666666666666
