ComponentTesterTest:0.6083333333333333
JTextComponentTester:0.41833333333333333
JTextComponentTesterTest:0.36666666666666664
