GUIUtilities:0.8366666666666667
VFSFileChooserDialog:0.225
FontSelectorDialog:0.18666666666666668
StyleEditor:0.16333333333333333
GrabKeyDialog:0.15666666666666668
SelectLineRange:0.13666666666666666
ColorChooserDialog:0.13666666666666666
FilePropertiesDialog:0.13333333333333333
AddModeDialog:0.12666666666666668
EditAbbrevDialog:0.12666666666666668
PasteFromListDialog:0.12666666666666668
ToolBarEditDialog:0.12666666666666668
ContextAddDialog:0.11666666666666667
PasteSpecialDialog:0.11
