IUserAdminSessionRemote:0.6966666666666667
LogEntry:0.5766666666666667
RAInterfaceBean:0.35333333333333333
ICertificateStoreSessionLocal:0.31337301587301586
ICertificateStoreSessionRemote:0.2833333333333333
LocalHardTokenSessionBean:0.25333333333333335
DNFieldExtractor:0.23666666666666666
AdminEntity:0.23333333333333334
EjbcaWebBean:0.2
LocalUserAdminSessionBean:0.18666666666666668
BatchMakeP12:0.16333333333333333
LocalCertificateStoreSessionBean:0.16
TestRunner:0.07666666666666666
SecConst:0.02666666666666667
