Pager:0.49666666666666665
NutDao:0.46
Files:0.32666666666666666
SqlMaker:0.30666666666666664
Response:0.23666666666666666
SpecialPager:0.11
DB2Pager:0.016666666666666666
SQLServerPager:0.006666666666666667
OraclePager:0.0033333333333333335
PostgresqlPager:0.0
MySQLPager:0.0
