ProfileEntryDlg:0.4533333333333333
ProfileEntryInfoRpcResponseData:0.3333333333333333
GwtTeamingMessages:0.31666666666666665
PresenceCell:0.2866666666666667
DataTableFolderViewBase:0.22333333333333333
ModifyEntryController:0.2
GwtViewHelper:0.19777777777777777
PresenceColumn:0.16933333333333334
PersonalWorkspacesView:0.16494444444444445
