DefinitionModule:0.642
ObjectKeys:0.4976111111111112
WebKeys:0.4976111111111112
AjaxController:0.35
DefinitionModuleImpl:0.2733333333333333
DefinitionHelper:0.24
