Builder:0.4666666666666667
WordVectorSerializer:0.3933333333333333
VectorsConfiguration:0.315
