Icons:0.6353333333333333
RuleTreeNode:0.45666666666666667
RuleTree:0.45
RuleEntry:0.23744444444444446
ResourceTree:0.22555555555555554
