ClientMapProxy:0.6288888888888888
MapProxySupport:0.49933333333333335
