Config:0.6233333333333333
OperationsImpl:0.49666666666666665
Statement:0.2353333333333333
