Messages:0.8
SaveBotAction:0.24666666666666667
SaveBotLinkTag:0.20333333333333334
