RegistryObject:0.8033333333333333
ClassificationScheme:0.4633333333333333
