DownloadTaskQueue:0.5311111111111111
DownloadSchedulers:0.36333333333333334
DownloadManager:0.36
ITaskQueue:0.3175
