TermReader:0.6202777777777778
TermScanner:0.3233333333333333
TermGapScanner:0.22277777777777777
