StartGamePanel:0.1017505
EuropePanel:0.048266195
FreeColPanel:0.029581502
