Head:0.7808333333333334
HeadTag:0.36333333333333334
HeadTagTest:0.2633333333333333
