Util:0.7666666666666667
RemoteWorkbenchBot:0.4033333333333333
WidgetUtil:0.3566666666666667
ContextMenusInSessionArea:0.30333333333333334
SuperBot:0.2866666666666667
PackageExplorerView:0.25333333333333335
SarosView:0.25
RemoteBotEditor:0.24333333333333335
StfTestCase:0.22333333333333333
SarosPreferences:0.20333333333333334
Share3UsersLeavingSessionTest:0.2
ChatViewTest:0.16666666666666666
WindowMenu:0.16666666666666666
Constants:0.12
ContextMenusInSarosView:0.12
BuddiesByAliceBobTest:0.08583333333333333
EditorByAliceBobTest:0.08583333333333333
