TCUtilities:0.5933333333333334
TCImagePage:0.3233333333333333
TCImageViewPanel:0.31666666666666665
