AndroidInput:0.32716666666666666
LwjglGraphics:0.3233333333333333
GLFrameBuffer:0.29
AndroidFileHandle:0.25333333333333335
CumulativeDistribution:0.25
AndroidFiles:0.21333333333333335
AndroidTestStarter:0.21
ObjLoader:0.2075
LwjglAWTCanvas:0.20355555555555555
AndroidAudio:0.1877777777777778
