Util:0.5866666666666667
MetadataEntityManagerRemote:0.35
MetadataEntityManager:0.35
MetadataEntityManagerImpl:0.33
Constants:0.22872222222222216
WrongMappingException:0.1
