Qedeq2Latex:0.6466666666666666
Qedeq2LatexPlugin:0.4766666666666667
