Trackback:0.78
BlojsomFetcher:0.7233333333333334
BlogComment:0.59
FileBackedBlogEntry:0.35333333333333333
AtomAPIServlet:0.24666666666666667
BloggerAPIHandler:0.24666666666666667
MetaWeblogAPIHandler:0.21666666666666667
PingbackHandler:0.18
TrackbackPlugin:0.18
StandardFetcher:0.17
MailboxChecker:0.14333333333333334
FileBackedPingback:0.14333333333333334
CommentAPIServlet:0.13333333333333333
DeliciousChecker:0.11333333333333333
FileBackedBlogComment:0.11333333333333333
FileBackedTrackback:0.11333333333333333
EditBlogCategoriesPlugin:0.11
EditBlogEntriesPlugin:0.1
CommentPlugin:0.09333333333333334
BookmarkletPlugin:0.08666666666666667
