ChildTrackerPduBuilder:0.6666666666666666
AggregateTracker:0.37
ChildTrackerResponseProcessor:0.35333333333333333
TrapIdentity:0.25
AbstractSnmpStore:0.24333333333333335
