FrameRecorder:0.5533333333333333
FFmpegFrameRecorder:0.43
Frame:0.18833333333333332
