DicomModel:0.6066666666666667
LoadSeries:0.44
LoadRemoteDicomManifest:0.39666666666666667
LoadRemoteDicomURL:0.19444444444444445
