FrameworkMethod:0.5033333333333333
TestClass:0.3622222222222222
AllMembersSupplier:0.3433333333333333
AllMembersSupplierTest:0.15666666666666668
TestElement:0.13833333333333334
MultipleFailureException:0.11666666666666667
