MailModule:0.89
MailModuleImpl:0.5333333333333333
Notify:0.21333333333333335
SendEmail:0.15
DefaultSendEmail:0.10333333333333333
