KuwaibaService:0.6383333333333333
ObjectFactory:0.4066666666666667
RemoteActivityDefinition:0.23333333333333334
RemoteSession:0.23333333333333334
CommunicationsStub:0.22666666666666666
CreateSession:0.2
