HostProvisioner:0.5261111111111112
ClusterSetup:0.37666666666666665
DeepAutoEncoderExample:0.35833333333333334
