VisualTopComponent:0.42333333333333334
NeuralNetworkClass:0.2733333333333333
NeuralNetworkDataObject:0.21
Deserialise:0.15
LayerEditor:0.05
OutputNeuronsEditor:0.05
InputNeuronsEditor:0.05
