FieldSetMapper:0.58
FlatFileItemReader:0.42
FixedLengthTokenizerTests:0.2866666666666667
LineTokenizer:0.2833333333333333
FlatFileItemWriter:0.26333333333333336
LineAggregator:0.25
FormatterLineAggregatorTests:0.24
OrderItemReader:0.22333333333333333
FlatFileItemWriterTests:0.21333333333333335
FlatFileItemReaderBasicTests:0.19666666666666666
DelimitedLineAggregatorTests:0.18
PassThroughLineAggregatorTests:0.18
OrderProcessor:0.17666666666666667
CompositeCustomerUpdateLineTokenizerTests:0.16833333333333333
BeanWrapperFieldSetMapperTests:0.16333333333333333
DelimitedLineTokenizerTests:0.15333333333333332
PrefixMatchingCompositeLineTokenizerTests:0.15333333333333332
AggregateItemFieldSetMapperTests:0.15333333333333332
BeanWrapperFieldSetMapper:0.14666666666666667
AbstractFieldSetMapperTests:0.14333333333333334
RecursiveCollectionItemTransformerTests:0.12333333333333334
AbstractLineTokenizer:0.11
OrderItemReaderTests:0.09833333333333333
ExampleItemReader:0.09333333333333334
PassThroughFieldSetMapperTests:0.09333333333333334
AggregateItemFieldSetMapper:0.08
FlatFileItemReaderCommonTests:0.07
MultiResourceItemReaderFlatFileTests:0.07
FormatterLineAggregator:0.06666666666666667
PrefixMatchingCompositeLineTokenizer:0.04
StubLineTokenizer:0.03666666666666667
GameFieldSetMapper:0.03
CompositeCustomerUpdateLineTokenizer:0.02666666666666667
PassThroughLineAggregator:0.014285714285714285
RecursiveCollectionLineAggregator:0.013333333333333334
DelimitedLineAggregator:0.006666666666666667
CustomerUpdateFieldSetMapper:0.006666666666666667
AddressFieldSetMapper:0.0
TradeMapper:0.0
CustomerFieldSetMapper:0.0
ShippingFieldSetMapper:0.0
PassThroughFieldSetMapper:0.0
OrderItemFieldSetMapper:0.0
BillingFieldSetMapper:0.0
HeaderFieldSetMapper:0.0
TradeFieldSetMapper:0.0
PlayerFieldSetMapper:0.0
