Euler:0.7233333333333334
Codd:0.38
EulerRunner:0.2866666666666667
