OpenDocumentExtractorFactory:0.16
OfficeExtractorFactory:0.14666666666666667
WordExtractorFactory:0.14666666666666667
XmlExtractorFactory:0.14666666666666667
PowerPointExtractorFactory:0.14666666666666667
VisioExtractorFactory:0.14666666666666667
WorksExtractorFactory:0.14666666666666667
PresentationsExtractorFactory:0.14666666666666667
QuattroExtractorFactory:0.14666666666666667
ExcelExtractorFactory:0.14666666666666667
HtmlExtractorFactory:0.14666666666666667
PlainTextExtractorFactory:0.14666666666666667
PdfExtractorFactory:0.14666666666666667
PublisherExtractorFactory:0.14666666666666667
WordPerfectExtractorFactory:0.14666666666666667
RtfExtractorFactory:0.14666666666666667
