IndexSettings:0.5966666666666667
InternalEngineTests:0.36333333333333334
IndexScopedSettings:0.2866666666666667
TypeFieldMapper:0.26
TypeParser:0.2511111111111111
IndexSettingsTests:0.14666666666666667
MapperService:0.14083333333333334
