UpgradeSessionBean:0.6733333333333333
UpgradeSessionLocal:0.6090873015873016
UpgradeSessionBeanTest:0.19666666666666666
