ARCReader:0.7966666666666666
ARCConstants:0.25594227994228
