List:0.63
Lazy:0.49
AbstractStream:0.16666666666666666
LazyTest:0.16166666666666665
