Morph:0.7727777777777778
FlexibleGazetteer:0.38333333333333336
