BriefRecord:0.8333333333333334
BriefRecordTest:0.31666666666666665
BriefRecordFactory:0.13666666666666666
