PipelineExecutionService:0.37333333333333335
IngestActionFilter:0.31333333333333335
PipelineExecutionServiceTests:0.245
