SUPPLE:0.6233333333333333
Category:0.6
EmptyFeatureMap:0.3
Chart:0.20333333333333334
PrologCafe:0.12
SUPPLERecord:0.07777777777777778
Prolog:0.07285714285714284
SynOutput:0.058333333333333334
SemOutput:0.058333333333333334
BrillToSUPPLE:0.05694444444444445
IllegalCategoryName:0.0425
InvalidPosCategory:0.0425
InitialEdge:0.03333333333333333
FeatureValue:0.03333333333333333
TestSuite:0.025333333333333333
Edge:0.023333333333333334
SynSemTriple:0.0033333333333333335
BestParseOutput:0.0033333333333333335
SWIJavaProlog:0.0025
SICStusProlog:0.0025
SWIProlog:0.0025
SynSemPair:0.0
SortedAnnotationList:0.0
