AbstractTest:0.4633333333333333
HsqlDb2DatabasePlatform:0.38666666666666666
DerbyDatabasePlatform:0.38666666666666666
Db2DatabasePlatform:0.38666666666666666
