FWTableColumnModel:0.5133333333333333
DateCellRenderer:0.4066666666666667
SWDownloadTableModel:0.4033333333333333
