SearchAndReplace:0.7199999999999999
ExtendedGridLayout:0.48
DirectoryLoadedAWTRequest:0.2966666666666667
