TestTablePartitioningSelect:0.5266666666666666
AllSimpleTypesTableDefinitions:0.3466666666666667
