Entry:0.9333333333333333
LabelFilter:0.37333333333333335
LabelTree:0.3566666666666667
LabelTreeNode:0.29333333333333333
RuleModel:0.25
TypeModel:0.21
FindReplaceAction:0.17
HostModel:0.17
SelectColorAction:0.16
FilterAction:0.14666666666666667
GraphBasedModel:0.13833333333333334
MyMouseListener:0.13666666666666666
MyTreeCellRenderer:0.11
TypeModelMap:0.08
LabelEntry:0.044444444444444446
TypeEntry:0.04
