CommandLineOptions:0.62
DiscoveryRequestCreatorTests:0.3466666666666667
JOptSimpleCommandLineOptionsParserTests:0.3233333333333333
AvailableOptions:0.21666666666666667
DiscoveryRequestCreator:0.2111111111111111
