ConfigurationPostProcessor:0.43
ConfigurationClass:0.37
JavaConfigurationModelBeanDefinitionGenerator:0.12333333333333334
ConfigurationVisitor:0.11666666666666667
JavaConfigurationModel:0.09
BeanMethod:0.08333333333333333
Sjc87Tests:0.08
Util:0.07388888888888889
MyConfig:0.030873737373737373
JavaConfigBeanDefinitionReader:0.023888888888888887
AsmJavaConfigBeanDefinitionReader:0.016666666666666666
ReflectiveJavaConfigBeanDefinitionReader:0.01
AbstractJavaConfigBeanDefinitionReader:0.0
