DataSet:0.82
TfidfVectorizer:0.35
TextVectorizer:0.20222222222222222
TweetOpinionMining:0.14666666666666667
BagOfWordsVectorizer:0.1
