CasCoreAuthenticationConfiguration:0.43333333333333335
DefaultPasswordEncoderTests:0.32
TestOneTimePasswordAuthenticationHandler:0.19833333333333333
SimpleTestUsernamePasswordAuthenticationHandler:0.19333333333333333
AbstractAuthenticationHandler:0.12333333333333334
