BotTaskConfigHelper:0.49333333333333335
BotTaskEditor:0.49
BotTask:0.4633333333333333
WorkspaceOperations:0.33666666666666667
NewBotStationWizard:0.2683333333333333
BotTaskContentUtil:0.24333333333333335
ConstructorView:0.23333333333333334
NewProcessDefinitionWizard:0.22
NewBotTaskWizardPage:0.21666666666666667
ParamDefWizardPage:0.21333333333333335
WFEServerBotElementImporter:0.20666666666666667
ImportBotWizard:0.20166666666666666
BotConfigBasedProvider:0.2
ImportBotElementWizardPage:0.16666666666666666
BotExplorerTreeView:0.16666666666666666
SwimlaneActionsDelegate:0.16
BotXmlUtil:0.15
NewBotTaskWizard:0.15
XmlBasedConstructorProvider:0.14666666666666667
BotStationImportCommand:0.13666666666666666
BotsXmlContentProvider:0.12333333333333334
BotImportCommand:0.11833333333333333
BotTaskParamRenameProvider:0.11
BotStationLabelProvider:0.1075
ParamDefWizard:0.1
BindSwimlaneActionDelegate:0.09822222222222221
ExportBotTaskWizardPage:0.06666666666666667
BotTaskDeployCommand:0.05333333333333334
ChooseBotTaskDialog:0.03666666666666667
FormNodeEditPart:0.03333333333333333
ImportBotTaskWizardPage:0.024166666666666666
