NbrowseGoose:0.67
NBrowseApplet:0.45666666666666667
InfoNodeMan:0.4266666666666667
