DrawableSeqFeature:0.68
DrawableGeneFeatureSet:0.38
DrawableAnnotatedSeqFeature:0.2866666666666667
DrawableResultFeatureSet:0.22666666666666666
DrawableGeneSeqFeature:0.03333333333333333
