TaskConfig:0.41555555555555557
Builder:0.30666666666666664
AgentConfig:0.2833333333333333
SupervisorFactory:0.25666666666666665
AgentService:0.18333333333333332
AgentParser:0.14
