JEditVisitor:0.8522313
BufferSetManager:0.24185976
SaveCaretInfoVisitor:0.2336266
View:0.23155552
EditPane:0.11193241
CompleteWord:0.102914475
Buffer:0.062454425
JEditTextArea:0.054400437
