jEdit:0.20206282
Buffer:0.16446027
View:0.13084838
EditServer:0.090106525
Log:0.087146245
SplitConfigParser:0.0784931
XMLUtilities:0.053323403
DockableWindowManager:0.051024225
SettingsXML:0.047023926
MiscUtilities:0.045590147
IOUtilities:0.043860693
DockingFrameworkProvider:0.03428464
Autosave:0.012689169
