Simulator:0.43
Options:0.4073333333333333
GraphJEdge:0.31166666666666665
GraphJVertex:0.30666666666666664
GraphJModel:0.2733333333333333
StatePanel:0.23333333333333334
