ConvolutionUtils:0.4633333333333333
KerasLayerUtils:0.43666666666666665
CNNGradientCheckTest:0.36
ConvolutionLayerSetupTest:0.21333333333333335
InputTypeUtil:0.04666666666666667
Keras1LayerConfiguration:0.0
Keras2LayerConfiguration:0.0
KerasLayerConfiguration:0.0
