PollerFrontEnd:0.8112698412698413
DefaultPollerFrontEnd:0.4222222222222222
PollerFrontEndTest:0.25
