PipelineStore:0.6533333333333333
IngestPlugin:0.22333333333333333
IngestClientIT:0.13666666666666666
IngestActionFilter:0.13666666666666666
PipelineStoreTests:0.12666666666666668
DeletePipelineTransportAction:0.1025
PutPipelineTransportAction:0.1025
GetPipelineTransportAction:0.07666666666666666
SimulatePipelineTransportAction:0.06666666666666667
IngestActionFilterTests:0.06666666666666667
PipelineExecutionService:0.05333333333333334
IngestModule:0.049166666666666664
SimulateExecutionService:0.006666666666666667
