BreakpointHit:0.62
DebugListener:0.36666666666666664
BreakpointHitEditor:0.19333333333333333
