MPTQueryFactory:0.36666666666666664
MPTItemIterator:0.31333333333333335
ITQLQueryFactory:0.26
FedoraRecord:0.23333333333333334
CombinerRecordIterator:0.20666666666666667
