PortletTestUtils:0.5366666666666666
PortletProcessingInterceptor:0.38666666666666666
ContainerPortletAuthoritiesPopulator:0.29333333333333333
PortletAuthenticationTokenTests:0.06166666666666667
PortletAuthenticationProviderTests:0.06166666666666667
DaoPortletAuthoritiesPopulatorTests:0.06166666666666667
ContainerPortletAuthoritiesPopulatorTests:0.06
PortletSessionContextIntegrationInterceptorTests:0.056666666666666664
PortletProcessingInterceptorTests:0.04666666666666667
EhCacheBasedUserCacheTests:0.03833333333333333
PortletProcessingFilterEntryPointTests:0.0033333333333333335
