FileBackedBlogEntry:0.6166666666666667
StandardFetcher:0.38333333333333336
BloggerAPIHandler:0.3
MetaWeblogAPIHandler:0.23333333333333334
