FieldDeserializer:0.5133333333333333
ArrayListTypeDeserializer:0.44
ParserConfig:0.38
CollectionDeserializer:0.37666666666666665
