Corpus:0.59
AnnotationManager:0.33666666666666667
Concordance:0.32166666666666666
ConcordancesEditor:0.31
TemporaryAnnotationManager:0.30333333333333334
KnowledgeRepositoryManager:0.29333333333333333
AnnotationInjector:0.18833333333333332
SaveAnnotations:0.14444444444444446
AnnotationWriter:0.14333333333333334
