Redisson:0.43
RedissonClient:0.37
RedissonBlockingQueueTest:0.36
CommandAsyncService:0.27
RedissonBlockingQueue:0.2688888888888889
RedisCommands:0.22033333333333333
RBlockingQueue:0.155
