CAAdminSessionBean:0.6166666666666667
CAAdminSession:0.6133333333333333
CreateCRLSessionBean:0.3333333333333333
CreateCRLSession:0.24549999999999997
CADataHandler:0.23666666666666666
