Child:0.8221031746031746
ReflectionUtils:0.5127777777777778
ReflectionUtilsTest:0.4766666666666667
