CrateMetaDataUpgradeService:0.5566666666666666
TableCompatibilitySysChecksTest:0.31333333333333335
CrateMetaDataUpgradeServiceTest:0.26
