Grammar:0.4666666666666667
BasicSemanticTriggers:0.43333333333333335
Tool:0.265
BasicSemanticChecks:0.22333333333333333
DFA1:0.19000000000000003
SemanticsPipeline:0.13777777777777775
