Delete:0.4766666666666667
Index:0.45666666666666667
Create:0.41333333333333333
IndexRequest:0.39
DeleteRequest:0.31333333333333335
UpdateRequest:0.2733333333333333
TransportShardBulkAction:0.2733333333333333
InternalEngine:0.22666666666666666
TransportIndexAction:0.22
DeleteByQuery:0.21166666666666667
TransportDeleteAction:0.20333333333333334
InternalIndexShard:0.2
TransportShardDeleteAction:0.185
InternalEngineTests:0.18
UpdateHelper:0.14333333333333334
WriteResult:0.08
VersionTypeTests:0.07
SimpleVersioningTests:0.06
