TestOAIService:0.32
TestAPIA:0.29333333333333333
TestAPIM:0.29
TestCommandLineUtilities:0.28833333333333333
TestXACMLPolicies:0.2808333333333333
DCFieldsTest:0.26222222222222225
TestAPIALite:0.23666666666666666
TestFOXMLDOSerializer:0.23333333333333334
TestMETSFedoraExtDOSerializer:0.23333333333333334
TestCommandLineFormats:0.23333333333333334
TestRelationships:0.23166666666666666
TestAuthentication:0.22666666666666666
FedoraServerTestCase:0.22416666666666665
TestAtomDOSerializer:0.205
TestServerConfiguration:0.185
TestMETSFedoraExt1_1DOSerializer:0.18333333333333332
TestMETSFedoraExt1_0DOSerializer:0.17666666666666667
