RemoteTask:0.405
HttpRemoteTask:0.33666666666666667
PlanFragment:0.32
SplitAssignments:0.30666666666666664
Visitor:0.24
TableWriter:0.24
SqlStageExecution:0.23
SubPlanBuilder:0.23
SplitManager:0.22666666666666666
SqlTaskExecution:0.21666666666666667
TaskSource:0.17333333333333334
TaskOutput:0.17
ScheduledSplit:0.15
NodeSplits:0.132205747955748
TestExchangeOperator:0.12333333333333334
SplitWorker:0.10666666666666667
DistributedExecutionPlanner:0.10666666666666667
TableWriterIterator:0.023333333333333334
TableWriterIterable:0.02
HttpRemoteTaskFactory:0.0025
RemoteTaskFactory:0.0
