Formatter:0.7633333333333333
ReportMultDesc:0.32666666666666666
ReportSosa:0.31
