Array:0.57
LongArray:0.2866666666666667
CharArray:0.2866666666666667
FloatArray:0.2866666666666667
IntArray:0.2866666666666667
BooleanArray:0.2866666666666667
ArrayMap:0.22666666666666666
