DataManager:0.8866666666666667
SearchManager:0.37333333333333335
Get:0.03666666666666667
