CheckLogicTest:0.29
FormulaCheckerPredicateFormulaTest:0.22
FormulaCheckerTermTest:0.22
FormulaCheckerFunctionTermTest:0.22
FormulaCheckerQuantifiersTest:0.19333333333333333
FormulaCheckerTest:0.19333333333333333
FormulaCheckerLogicalConnectivesTest:0.19333333333333333
FormulaCheckerGlobalTest:0.19333333333333333
FormulaCheckerClassTermTest:0.18
FormulaCheckerSubjectVariableTest:0.16333333333333333
FormulaCheckerFormulaTest:0.16333333333333333
FormulaCheckerNegationTest:0.16333333333333333
