MetadataUpdateCommand:0.5266666666666666
UpdateStatusCommandValidator:0.30666666666666664
UpdateFolderMetadataCommand:0.25666666666666665
UpdateDocumentEntryMetadataCommand:0.25666666666666665
DeleteDocumentSetCommandValidator:0.25
DeleteDocumentSetCommand:0.24666666666666667
