PhraseSuggestionBuilder:0.7216666666666667
CompletionSuggesterBuilderTests:0.36666666666666664
PhraseSuggestionBuilderTests:0.16333333333333333
