HeaderFlyweight:0.7333333333333333
Configuration:0.5333333333333333
StatusMessageFlyweight:0.5166666666666667
DriverPublication:0.30666666666666664
UdpTransport:0.2866666666666667
ReceiveChannelEndpoint:0.26
SendChannelEndpoint:0.22666666666666666
Receiver:0.21
EventCodec:0.20666666666666667
DriverConductor:0.18333333333333332
SenderTest:0.16333333333333333
DataFrameDispatcher:0.15666666666666668
SelectorAndTransportTest:0.15333333333333332
ReceiverProxy:0.12
ReceiverTest:0.11333333333333333
SubUnicastTest:0.11
SubMulticastTest:0.11
PubMulticastTest:0.10833333333333334
PubUnicastTest:0.10833333333333334
DriverConductorProxy:0.043333333333333335
