RecoverySettings:0.5533333333333333
Streams:0.35
IndexRecoveryIT:0.33666666666666667
RecoverySourceHandler:0.2
ApplySettings:0.1588888888888889
RecoveryOutputStream:0.15333333333333332
TruncatedRecoveryIT:0.07
