VocabularyService:0.6266666666666667
NavigationToolStrip:0.5333333333333333
TxmI18N:0.32666666666666666
Profile:0.3233333333333333
TxmUser:0.31666666666666665
ConcordanceServiceAsync:0.28055555555555556
IndexTab:0.26666666666666666
ConcordanceForm:0.22666666666666666
ExportTab:0.22666666666666666
ConcordanceServiceImpl:0.21
LexiconForm:0.19666666666666666
IndexForm:0.19666666666666666
ConcordanceTab:0.14333333333333334
ManageUserTab:0.13666666666666666
ContextTab:0.11333333333333333
VocabularyServiceAsync:0.11
VocabularyServiceImpl:0.10666666666666667
