iPoint:0.5355555555555557
BooleanGrid:0.31166666666666665
