FullBlockTestGenerator:0.58
FullPrunedBlockChainTest:0.29866666666666664
BitcoindComparisonTool:0.24333333333333335
