XmlTree:0.37666666666666665
XmlInsert:0.33
Handler:0.31
XmlPlugin:0.19733333333333333
EntityManager:0.17400000000000002
XmlParser:0.17333333333333334
EntityDecl:0.12333333333333334
EntityDeclCompare:0.10333333333333333
ElementDeclCompare:0.013055555555555556
