AbstractQueryBuilder:0.7133333333333334
SearchSourceBuilder:0.45666666666666667
HasChildQueryBuilder:0.38
PercolatorIT:0.31
QueryShardContext:0.2966666666666667
HasParentQueryBuilder:0.2866666666666667
NestedQueryBuilder:0.2866666666666667
InnerHitsIT:0.2833333333333333
HasChildQueryBuilderTests:0.26
BoostingQueryBuilder:0.24333333333333335
FunctionScoreQueryBuilder:0.2188888888888889
SearchSourceBuilderTests:0.21666666666666667
ConstantScoreQueryBuilder:0.21222222222222223
SearchService:0.21166666666666667
BoolQueryBuilder:0.19
SearchRequestBuilder:0.17333333333333334
HasParentQueryBuilderTests:0.15
NestedQueryBuilderTests:0.07
