Detector:0.6766666666666666
FinderPatternFinder:0.4166666666666667
QRCodeReader:0.2511111111111111
