RemoteScrollableHitSourceTests:0.6166666666666667
TestRemoteScrollableHitSource:0.3746111111111111
RemoteScrollableHitSource:0.36666666666666664
