Builder:0.41
GraphToTikz:0.39
MultiLabel:0.3566666666666667
Line:0.26
LineFormat:0.23
LabelValue:0.21
JVertexView:0.21
MyEdgeRenderer:0.18666666666666668
Styled:0.13
Colored:0.12333333333333334
Empty:0.11666666666666667
Atomic:0.11333333333333333
TeXLineFormat:0.085
HTMLLineFormat:0.06333333333333334
Composed:0.056666666666666664
