CassandraTable:0.5151190476190477
CassandraMetadata:0.32666666666666666
CassandraTestingUtils:0.2966666666666667
CassandraTableLayoutHandle:0.22666666666666666
CassandraSplitManager:0.22333333333333333
Constants:0.20333333333333334
CassandraPartitionResult:0.06154761904761905
TestCassandraIntegrationSmokeTest:0.03666666666666667
