InvalidBindingException:0.45
Binding:0.4266666666666667
Keys:0.4033333333333333
InjectionTest:0.2633333333333333
ReflectiveAtInjectBinding:0.21777777777777782
Linker:0.21333333333333335
GraphAnalysisProcessor:0.15666666666666668
