Management:0.66
DefaultManagement:0.48
FedoraAPIMBindingSOAPHTTPImpl:0.31333333333333335
AutoIngestor:0.2733333333333333
