MissionManager:0.5633333333333334
CreditManager:0.4633333333333333
CreditEvent:0.2966666666666667
CreditListener:0.22666666666666666
