LexicalTable:0.5683333333333334
RWorkspace:0.5333333333333333
Corpus:0.4033333333333333
LexicalTableImpl:0.32666666666666666
Lexicon:0.31666666666666665
Concordance:0.2866666666666667
VectorImpl:0.27
Cooccurrence:0.23333333333333334
Referencer:0.22666666666666666
CAH:0.21666666666666667
Vocabulary:0.21
Repartition:0.2
Subcorpus:0.2
SpecificitesResult:0.19666666666666666
Specificites:0.17666666666666667
QuantitativeDataStructureImpl:0.17333333333333334
