Rule:0.81
Condition:0.5333333333333333
AnchorFactory:0.3023888888888889
MinimalAnchorFactory:0.15666666666666668
