EntityParsingTest:0.8719444444444444
AnnotationEntityMaker:0.5866666666666667
