CountingInputStream:0.5733333333333334
FileDataObjectBase:0.47
TestFileDataObject:0.32666666666666666
CountingInputStreamTest:0.17666666666666667
TestAccessors:0.05
