UserInfo:0.8466666666666667
Users:0.38333333333333336
