ColumnIdent:0.7066666666666667
SysNodesTableInfo:0.3433333333333333
TransportExecutorTest:0.17
DocLevelCollectTest:0.15666666666666668
AnalyzerTest:0.15
NodeLoadExpression:0.14333333333333334
NodePortExpression:0.11666666666666667
TestGlobalSysExpressions:0.10666666666666667
LoadExpression:0.10333333333333333
NodeFsExpression:0.09
MemoryExpression:0.09
PortExpression:0.09
FsExpression:0.09
NodeMemoryExpression:0.07
TestModule:0.06
NodeIdExpression:0.056666666666666664
NodeHostnameExpression:0.056666666666666664
NodeNameExpression:0.056666666666666664
SysNodeExpressionModule:0.04388888888888889
TestMetaDataModule:0.043333333333333335
