TriggerRouter:0.74
TriggerRouterService:0.33666666666666667
RouterService:0.24666666666666667
TriggerRouterMapper:0.1
