OAuth20Utils:0.53
AccessTokenRequestDataHolder:0.4166666666666667
CollectionUtils:0.30666666666666664
AccessTokenAuthorizationCodeGrantRequestExtractor:0.27666666666666667
AccessTokenPasswordGrantRequestExtractor:0.14333333333333334
