DSL:0.8333333333333334
Function:0.28
AbstractField:0.24666666666666667
FirebirdDatabase:0.17666666666666667
CastDerby:0.16333333333333333
Round:0.14666666666666667
Nvl:0.12
Nvl2:0.12
Least:0.12
Every:0.12
Greatest:0.12
Sign:0.12
ConditionAsField:0.12
