TableSorter:0.5233333333333333
PersonTableModel:0.3233333333333333
UnitTableModel:0.3
TableTab:0.2633333333333333
VehicleTableModel:0.14
SettlementTableModel:0.14
