SyncThread:0.4666666666666667
JnetManager:0.4255555555555556
DataLoader:0.3456666666666667
