JmsUri:0.55
JmsMessageSenderIntegrationTest:0.27
JmsReceiverConnection:0.22
JmsSenderConnection:0.21666666666666667
JmsUriTest:0.19333333333333333
JmsMessageSender:0.16333333333333333
WebServiceMessageDrivenBean:0.13333333333333333
JmsMessageReceiver:0.09877777777777777
WebServiceMessageListenerIntegrationTest:0.02666666666666667
