StressTestClient:0.8866666666666667
TestServiceClient:0.33555555555555555
StressTestClientTest:0.19333333333333333
