FunctionScoreQuery:0.29
FiltersFunctionScoreQuery:0.28
FunctionScoreQueryBuilder:0.25666666666666665
CustomBoostFactorWeight:0.19777777777777777
FunctionScoreQueryParser:0.19666666666666666
FunctionScoreTests:0.11
FiltersFunctionFactorScorer:0.03333333333333333
FunctionFactorScorer:0.023333333333333334
