CaInfoCommand:0.2833333333333333
CaImportCertCommand:0.11
CaListExpiredCommand:0.10333333333333333
CaListCAsCommand:0.1
CaCreateCrlCommand:0.1
CaGetCrlCommand:0.1
CaImportCACertCommand:0.1
