MolecularDynamicsComputationJob:0.19333333333333333
GeometryOptimizationComputationJob:0.19333333333333333
ManualScaleFactorWizardPage:0.18696825396825395
AbstractGhemicalComputationJob:0.15833333333333333
MolecularDynamicsComputationWizard:0.15833333333333333
GeometryOptimizationComputationWizard:0.15833333333333333
QuantumMechanicsComputationWizard:0.15833333333333333
QuantumMechanicsComputationJob:0.14666666666666667
ChooseScaleMethodWizardPage:0.11
MolecularMechanicsComputationWizard:0.09166666666666666
