DataFrameHandler:0.43666666666666665
LossHandler:0.3466666666666667
LossHandlerTest:0.31666666666666665
CreateConnectedSubscriptionCmd:0.3
MediaConductor:0.21666666666666667
Receiver:0.12333333333333334
NewConnectedSubscriptionCmd:0.04666666666666667
MediaConductorProxy:0.04
