AbstractClassReader:0.624
FieldMetadata:0.4874444444444445
FieldDefinitionImpl:0.43666666666666665
JavassistClassReader:0.32
FieldMetadataImpl:0.2733333333333333
MakumbaAnnotationReader:0.22666666666666666
EntityClassGenerator:0.20666666666666667
AnnotationUtil:0.16
TypeMetadataImpl:0.14666666666666667
