Conversation:0.4066666666666667
FlowExecutorImpl:0.37333333333333335
ExternalContext:0.3266666666666666
FlowExecutionRepository:0.3266666666666666
MockExternalContext:0.26
ClientContinuationFlowExecutionRepository:0.25333333333333335
ServletExternalContext:0.25333333333333335
PortletExternalContext:0.25333333333333335
FlowExecutionManagerImplTests:0.23
ContinuationFlowExecutionRepository:0.21
JsfExternalContext:0.21
SimpleFlowExecutionRepository:0.16044444444444445
FlowExecutorParameterExtractor:0.1252777777777778
FlowExecutorHelper:0.11666666666666667
RequestPathFlowExecutorParameterExtractor:0.11
