Binder:0.7133333333333334
BinderModuleImpl:0.32
AbstractBinderProcessor:0.28583333333333333
IndexHelper:0.16
