PersonConfig:0.5866666666666667
CrewEditor:0.47333333333333333
SimulationConfigEditor:0.3566666666666667
