RDBERule:0.37666666666666665
FiguerasSSSRFinder:0.3233333333333333
AllRingsFinder:0.29
InChIGenerator:0.28
IsotopePatternGenerator:0.28
