MultiMatchQuery:0.49666666666666665
MultiMatchQueryIT:0.43333333333333335
CrossFieldsQueryBuilder:0.38666666666666666
MultiMatchQueryTests:0.20333333333333334
