Simulator:0.44
AspectualViewGps:0.33666666666666667
AbstractXml:0.24916666666666668
PriorityFileName:0.24666666666666667
EditRulePropertiesAction:0.23444444444444448
LayedOutXml:0.19666666666666666
DefaultGxl:0.18
