Robolectric:0.5155555555555555
ShadowBundle:0.5066666666666667
TestAttributeSet:0.32666666666666666
ShadowIntent:0.24666666666666667
BundleTest:0.08333333333333333
