Dialect:0.59
PostgreSQL81Dialect:0.33
AbstractHANADialect:0.31
AbstractTransactSQLDialect:0.29
Oracle10gDialect:0.22666666666666666
SyntaxChecker:0.19799999999999998
AbstractLockHintTest:0.09333333333333334
