LCDUIImageMonochromeBitmapSource:0.5524444444444445
SnapshotThread:0.5166666666666667
VideoCanvas:0.3
