RuntimeModel:0.6433333333333333
Graph:0.4633333333333333
DOMProducer:0.4166666666666667
PropertyRuntimeModel:0.15833333333333333
Iterator:0.15666666666666668
RGG:0.03
PropertyCompiletimeModel:0.01722222222222222
CompiletimeModel:0.01
