NoOpsRequest:0.5633333333333334
AtmosphereRequest:0.5166666666666667
FakeHttpSession:0.42
SessionTest:0.04
