Redisson:0.6333333333333333
RedissonLock:0.49333333333333335
RedissonCountDownLatch:0.31666666666666665
RedissonLockTest:0.25333333333333335
