Scans:0.5033333333333333
NutResource:0.3933333333333333
DefaultLoading:0.37
Castors:0.30333333333333334
JarEntryResource:0.20666666666666667
JsonLoader:0.19666666666666666
