Window:0.5866666666666667
Event:0.44
Node:0.35333333333333333
SimpleScriptableTest:0.2866666666666667
Location:0.22666666666666666
Location2Test:0.20666666666666667
HashChangeEvent:0.19666666666666666
UIEvent:0.12333333333333334
