Layer:0.47333333333333333
BatchGetImageRequest:0.4
PutImageRequest:0.29333333333333333
CopyDBSnapshotRequest:0.25333333333333335
LayerJsonMarshaller:0.14777777777777779
LayerJsonUnmarshaller:0.14777777777777779
PutImageRequestMarshaller:0.10666666666666667
BatchGetImageRequestMarshaller:0.10666666666666667
CopyDBSnapshotRequestMarshaller:0.04
