DefinitionHelper:0.32
DefinitionUtils:0.31666666666666665
TaskHelper:0.28444444444444444
NotifyBuilderUtil:0.2561111111111111
DefaultEmailFormatter:0.24
EntityIndexUtils:0.23666666666666666
IcalModuleImpl:0.23333333333333334
