AuthorizeHandler:0.333
BaseClient:0.30333333333333334
SocketIOListener:0.21166666666666667
SocketIOPipelineFactory:0.20666666666666667
WebSocketTransport:0.17
PacketListener:0.16580952380952382
SocketIOServer:0.11333333333333333
HeartbeatHandler:0.09333333333333334
