Builder:0.4
ESSearchNode:0.30666666666666664
AbstractDataAnalysis:0.3
DocIndexMetaData:0.27666666666666667
TransportSQLActionTest:0.22666666666666666
ESQueryBuilderTest:0.22333333333333333
TestingTableInfo:0.22
Planner:0.21333333333333335
TransportExecutorTest:0.20833333333333334
PrimaryKeyVisitor:0.20666666666666667
PartitionNameTest:0.19666666666666666
Context:0.18666666666666668
ESSearchTask:0.17833333333333334
DataStatementAnalyzer:0.17333333333333334
DocIndexMetaDataTest:0.17333333333333334
InsertAnalyzerTest:0.15666666666666668
SelectAnalyzerTest:0.09
BaseAnalyzerTest:0.06833333333333333
TestMetaDataModule:0.054444444444444455
KeyBucket:0.03333333333333333
