QuxTransformer:0.39666666666666667
AgentBuilderDefaultApplicationTest:0.38333333333333336
Qux:0.33
AgentBuilderDefaultTest:0.28
