ScriptingTools:0.42222222222222217
RhinoEditor:0.4155555555555555
RunRhinoScriptInThreadAction:0.32
RunRhinoScriptActionPulldown:0.30666666666666664
RunRhinoScriptAsJobAction:0.29333333333333333
