InMemoryLookupTable:0.6533333333333333
WordVectorSerializer:0.5833333333333334
WordVectorSerializerTest:0.16
