Status:0.6380555555555555
ConfigurationData:0.37666666666666665
CConnection:0.36333333333333334
ConfigurationPanel:0.27444444444444444
DB_PostgreSQL:0.20666666666666667
StatusBean:0.20333333333333334
