RequestInfo:0.54
ManageCommentsDlg:0.53
DlgBox:0.38333333333333336
GwtUIHelper:0.29333333333333333
ReplyToEntryCmd:0.15
CommentsCell:0.11333333333333333
CommentsWidget:0.10333333333333333
WebKeys:0.07333333333333333
CommentAddedCallback:0.0011111111111111111
