LdapCompensatingTransactionDataManager:0.5666666666666667
LdapCompensatingTransactionDataManagerTest:0.43666666666666665
AbstractCompensatingTransactionDataManager:0.36
ContextSourceTransactionManager:0.20333333333333334
