Get:0.44083333333333335
Add:0.4166666666666667
AddDefault:0.19666666666666666
GetImportXSLs:0.14333333333333334
SaveDisplayOrder:0.14333333333333334
Env:0.14
