DefaultServerBinaryDFHandler:0.38333333333333336
ServerNotificationNoAutoConnectTest:0.2866666666666667
DefaultServerXMLDFHandler:0.27666666666666667
ServerMessageProcessor:0.25
SymbolAnimatedRenderer:0.18194444444444446
ARINCSymbolAnimated:0.17492063492063492
SymbolAnimatedRendererTest:0.17444444444444446
PictureAnimatedRenderer:0.17
ARINCPictureAnimated:0.08323809523809522
ServerNotificationAutoConnectTest:0.04666666666666667
