Lax:0.37727777777777777
LaxErrorHandler:0.3233333333333333
ScratchCristian:0.15
HandlerObject:0.1
TemplateLaxErrorHandler:0.0033333333333333335
MyLaxErrorHandler:0.0033333333333333335
