AbstractClassServerDelegate:0.43166666666666664
JcaClassServerDelegate:0.41333333333333333
ClassServerDelegateImpl:0.4083333333333333
