PainlessParser:0.6516666666666666
NoSemiColonTest:0.38333333333333336
PainlessLexer:0.33666666666666667
