EditText:0.51
SeekBar:0.38166666666666665
RangeSeekBar:0.33
Toolbar:0.24333333333333335
