HttpClientBuilder:0.65
HttpClientBuilderTest:0.41
DropwizardApacheConnector:0.36333333333333334
JerseyClientBuilder:0.24666666666666667
