ListFolderController:0.47333333333333333
WebKeys:0.28977777777777775
AddEntryController:0.21666666666666667
ReloadOpenerController:0.19
