SunshineRaytracer:0.8166666666666667
SunshineStandardRaytracer:0.30333333333333334
