Corpus:0.54
Lexicon:0.4155555555555555
Partition:0.39666666666666667
PartitionTest:0.19
Specificites:0.11
QueryPart:0.07
