Generator:0.9433333333333334
GenerationTool:0.38333333333333336
AbstractGenerator:0.26
