NDArray:0.7633333333333333
NDArrayUtil:0.21
NDArrayTests:0.18666666666666668
