JSONReaderImpl:0.6833333333333333
JSONAsserterImpl:0.315
JSONAssert:0.28
JSONReaderTest:0.27666666666666667
