List:0.5133333333333333
ScrollPane:0.38
TextField:0.25666666666666665
SelectBox:0.2188888888888889
Slider:0.2088888888888889
SplitPane:0.2
ClickListener:0.14333333333333334
