TestWatchman:0.5766666666666667
Interceptors:0.31
InterceptorTest:0.30333333333333334
BeforesAndAfters:0.22666666666666666
