Robolectric:0.6366666666666667
FakeHttpLayer:0.2866666666666667
TestHttpEntity:0.24666666666666667
TestHttpResponse:0.21666666666666667
DefaultRequestDirectorTest:0.13666666666666666
