SelfTestCase:0.6266666666666667
AllSelfTestCases:0.37333333333333335
FramesSelfTestCase:0.23
BackgroundImageExtractionSelfTestCase:0.11111111111111109
MaxLinkHopsSelfTest:0.04666666666666667
