Match:0.42833333333333334
MatchFunctionTest:0.34
MatchMonadTest:0.14333333333333334
