ServerConnection:0.38
DatagramSocketImpl:0.2633333333333333
ClientConnection:0.21
VertxNetHandler:0.19333333333333333
VertxHandler:0.18666666666666668
VertxHttpHandler:0.13333333333333333
ServerHandler:0.11333333333333333
DatagramServerHandler:0.11
ClientHandler:0.03666666666666667
