FieldDefinition:0.6466666666666666
FieldDefinitionImpl:0.36666666666666664
DataDefinitionImpl:0.31
MDDFactory:0.29
TableManager:0.26
FieldInfo:0.25
ObjectImporter:0.22
MDDParser:0.19305555555555554
MDDNode:0.16333333333333333
charEnumEditor:0.14333333333333334
FieldNode:0.12666666666666668
ValidationRuleNode:0.09333333333333334
