GwtTeamingMessages:0.4680555555555556
AddNewFolderDlg:0.34
InvokeAddNewFolderEvent:0.31333333333333335
GwtViewHelper:0.3
GwtClientHelper:0.2833333333333333
GwtServerHelper:0.26733333333333337
EventHelper:0.26733333333333337
GwtMenuHelper:0.25333333333333335
DlgBox:0.25
GwtRpcServiceImpl:0.24
EntryMenuPanel:0.23666666666666666
GwtMainPage:0.19333333333333333
AddNewFolderCmd:0.02666666666666667
