OkBuffer:0.62
OkBuffers:0.33
Reader:0.24333333333333335
OkBufferTest:0.21333333333333335
ContinuationSource:0.19333333333333333
NameValueBlockReader:0.12
