AwsEc2Service:0.3233333333333333
AbstractS3BlobContainer:0.16333333333333333
S3BlobStore:0.13333333333333333
AwsS3Service:0.11
AwsSettingsFilter:0.0938888888888889
AwsModule:0.0775
S3Gateway:0.06333333333333334
AwsEc2UnicastHostsProvider:0.06
Ec2NameResolver:0.056666666666666664
S3IndexGateway:0.03333333333333333
S3ImmutableBlobContainer:0.02666666666666667
Ec2Discovery:0.02
CloudAwsPlugin:0.01
S3IndexGatewayModule:0.01
Ec2CustomNodeAttributes:0.006666666666666667
Ec2DiscoveryITest:0.0
S3GatewayModule:0.0
Ec2DiscoveryModule:0.0
S3IndexShardGateway:0.0
