ParameterAveragingTrainingMaster:0.49666666666666665
TestCompareParameterAveragingSparkVsSingleMachine:0.31333333333333335
ParameterAveragingTrainingMasterStats:0.25666666666666665
Builder:0.23
LoadSerializedDataSetFunction:0.03388888888888889
