ScopedSettingsTests:0.6877777777777778
FilteringAllocationIT:0.19666666666666666
