LightFilter:0.5612142857142858
ShadowSystem:0.2733333333333333
ShadowMapAllocator:0.19666666666666666
