AnnotationProcessor:0.6378333333333334
DefaultAtmosphereObjectFactory:0.41
BytecodeBasedAnnotationProcessor:0.2633333333333333
ServletContainerInitializerAnnotationProcessor:0.22333333333333333
DefaultAnnotationProcessor:0.15666666666666668
