BotsService:0.8097222222222222
BotsDAO:0.3791111111111111
BotsServiceBean:0.2633333333333333
BotsLogic:0.23666666666666666
BotsServiceDelegateLocalImpl:0.215
BotsServiceDelegateRemoteImpl:0.215
BotsDAOHibernateImpl:0.18
BotsServiceDelegate:0.09916666666666667
