FormulaChecker:0.6766666666666666
ProofChecker:0.6766666666666666
EqualFormulaSet:0.45666666666666667
LogicalEquivalence:0.31261111111111095
ClassOperatorExistenceChecker:0.27051984126984113
FormulaCheckerFactory:0.27051984126984113
ServiceProcessImpl:0.20666666666666667
ServiceProcessManager:0.17333333333333334
LogicalCheckExceptionList:0.10666666666666667
LogicalCheckException:0.1
EqualFormula:0.08666666666666667
FormulaCheckerImpl:0.056666666666666664
FormulaUtility:0.01
IdentityOperatorExistenceChecker:0.006666666666666667
FunctionExistenceChecker:0.006666666666666667
ExistenceChecker:0.0
