JDBCDataStore:0.7327777777777779
OracleDataStore:0.49822222222222234
