MapService:0.4666666666666667
DefaultRecordStore:0.36666666666666664
MapEvictTask:0.24944444444444447
RecordState:0.245
HazelcastInstanceFactory:0.19666666666666666
MapRecordStateOperation:0.194
MapEvictionTest:0.08666666666666667
