AlignFrame:0.53
TierPopupMenu:0.3466666666666667
AlignSubMenu:0.3
MenuManager:0.19444444444444445
IdCanvas:0.19
