DataProvider:0.5266666666666666
ExecutionSocketHandler:0.3933333333333333
MemoryMapDataProvider:0.3466666666666667
