CAAdminSessionBean:0.65
RemoveCATest:0.4066666666666667
CAsTest:0.2633333333333333
