SarosRmiSWTWorkbenchBot:0.4066666666666667
RmiSWTWorkbenchBot:0.4
ISarosRmiSWTWorkbenchBot:0.2758333333333333
ViewObject:0.24333333333333335
SarosConditions:0.22333333333333333
IRmiSWTWorkbenchBot:0.20127777777777778
SarosConstant:0.18333333333333332
TreeObject:0.18
TestBasicSarosElements:0.15333333333333332
TestChangingNameInRosterView:0.13666666666666666
TestHandleContacts:0.13
IsConnect:0.10666666666666667
isDisConnected:0.08333333333333333
MyClass2:0.03
