MedicationTableModel:0.5433333333333333
HealthProblemTableModel:0.5333333333333333
