AuthorityCodesReport:0.58
OperationParametersReport:0.47333333333333333
Reports:0.30666666666666664
