WorkerActor:0.36333333333333334
MasterActor:0.35
ZookeeperStateTracker:0.3233333333333333
UpdateableImpl:0.30666666666666664
