RubyEditor:0.6633333333333333
RubyEditorMessages:0.4862222222222222
RubySourceViewerConfiguration:0.17666666666666667
RubyEditorActionContributor:0.14333333333333334
InformationDispatchAction:0.12666666666666668
RubyInformationProvider:0.07
InformationProvider:0.06333333333333334
RdtActionConstants:0.014285714285714285
RubyTypeHover:0.0
