EntityManagerFactoryBuilderImpl:0.6233333333333333
Bootstrap:0.43
OsgiPersistenceProvider:0.22666666666666666
