Saros:0.6366666666666667
SarosUI:0.3933333333333333
ConnectDisconnectAction:0.24666666666666667
XMPPConnectionListener:0.2377777777777778
