SimpleDistributorTests:0.4888888888888889
RecoverySettings:0.4666666666666667
IndicesStore:0.2816666666666667
