BroadcastEventProcessor:0.42333333333333334
EventUtils:0.41
OutageWriter:0.27
VacuumdMBean:0.2
Vacuumd:0.17666666666666667
VacuumdConfigFactory:0.16
InsufficientInformationException:0.03666666666666667
FailedOperationException:0.03
