TransactionBuilder:0.48
TransactionMetadata:0.455
TestingSessionFactory:0.2777777777777778
TestCommitTask:0.18333333333333332
TestRollbackTask:0.18333333333333332
