Products2Test:0.6366666666666667
Products2ReferenceAndStereotype:0.2111111111111111
Subfamilies2Test:0.16333333333333333
SubfamiliesSelectTest:0.16333333333333333
SubfamiliesTest:0.16
