SeqFeatureI:0.7208333333333333
ChadoXmlWrite:0.5666666666666667
Protein:0.18444444444444444
