Queries:0.5233333333333333
SimpleIndexQueryParserTests:0.4533333333333333
MatchQuery:0.2866666666666667
MatchAllQueryParser:0.23333333333333334
MapperQueryParser:0.20666666666666667
ParsedQuery:0.19777777777777777
SearchContext:0.18666666666666668
EngineSearcherTotalHitsMatcher:0.15666666666666668
SimpleQueryTests:0.12333333333333334
IndicesQueryParser:0.11666666666666667
FilteredQueryParser:0.11333333333333333
ApplyAcceptedDocsFilter:0.04833333333333333
