List:0.4666666666666667
Stream:0.41333333333333333
Nil:0.36333333333333334
Queue:0.31333333333333335
StackTest:0.29
AbstractTraversableTest:0.2833333333333333
HashSet:0.23666666666666666
QueueTest:0.21666666666666667
StreamTest:0.21666666666666667
ListTest:0.21666666666666667
HashSetTest:0.18
Cons:0.17722222222222223
