Options:0.6433333333333333
Simulator:0.5166666666666667
LabelValue:0.3566666666666667
LTSJGraph:0.29
