RenderPanel:0.41
SwingUndoRedoFactory:0.37666666666666665
JCPMenuTextMaker:0.14666666666666667
EnterElementSwingModule:0.13333333333333333
RedoAction:0.12333333333333334
UndoAction:0.12333333333333334
SwingAddAtomsAndBondsEdit:0.07666666666666666
SwingChangeAtomSymbolEdit:0.07666666666666666
SwingChangeChargeEdit:0.07666666666666666
SwingRemoveAtomsAndBondsEdit:0.07666666666666666
SwingAdjustBondOrdersEdit:0.07666666666666666
AddHydrogenAction:0.006666666666666667
