ResourceLoader:0.54
ViewNode:0.4033333333333333
ViewLoaderTest:0.3
ViewLoader:0.24333333333333335
ShadowArrayAdapter:0.20333333333333334
ListViewTest:0.19333333333333333
ResourceLoaderTest:0.16333333333333333
RobolectricTestRunnerTest:0.14
ShadowLayoutInflater:0.13666666666666666
