ChadoInstance:0.7766666666666666
XmlConfigFileParser:0.3433333333333333
TigrSybilChadoInstance:0.26
FlybaseChadoInstance:0.24666666666666667
AbstractChadoInstance:0.19666666666666666
