QueryCompletionTable:0.38
GraphJdbc:0.32
ModMineAdapter:0.2733333333333333
TouchGraphXmlAdapter:0.2633333333333333
NbrowseJdbcAdapter:0.26
RamAdapter:0.23666666666666666
GraphModMine:0.23
TabFileAdapter:0.2
DataAdapterI:0.2
