Path:0.6666666666666666
Geometry:0.6233333333333333
Recursion:0.2733333333333333
