MockHttpServletRequest:0.6066666666666667
AuthenticationProcessingFilterEntryPoint:0.2866666666666667
AbstractProcessingFilter:0.26944444444444443
CasAuthenticationProvider:0.25
FilterInvocationTests:0.21111111111111108
SecurityEnforcementFilter:0.19000000000000003
FilterInvocation:0.18666666666666668
AuthenticationProcessingFilterEntryPointTests:0.18333333333333332
SecurityEnforcementFilterTests:0.15
