NettyAsyncHttpProvider:0.71
AsyncProvidersBasicTest:0.4166666666666667
AsyncStreamHandlerTest:0.37888888888888883
