Principal:0.6066666666666667
BinderHelper:0.4533333333333333
ObjectKeys:0.2733333333333333
DefaultProfileCoreProcessor:0.23666666666666666
RelevanceAjaxController:0.18666666666666668
AddFolderController:0.16333333333333333
SendMailController:0.15333333333333332
SendEntryMailController:0.11666666666666667
