SequenceElement:0.4766666666666667
Builder:0.4266666666666667
WordVectorSerializer:0.39
VocabWord:0.2306666666666667
SequenceVectors:0.194
VectorsConfiguration:0.13
ElementPair:0.043333333333333335
