Version:0.38666666666666666
Builder:0.37
OldIndexBackwardsCompatibilityIT:0.3
DFRSimilarityProvider:0.29333333333333333
VersionsTests:0.2633333333333333
NumberFieldMapper:0.2447063492063492
SimilarityTests:0.17333333333333334
DFISimilarityProvider:0.07
