DomNode:0.45666666666666667
DocumentTest:0.35333333333333333
HtmlElement:0.35
EventHandler:0.30833333333333335
NodeImpl:0.25
