IMultiUserChatListener:0.48816666666666664
MultiChatSession:0.39
ChatView:0.28498412698412695
IMultiUserChatStatusListener:0.24940873015873027
ChatLine:0.24666666666666667
ChatStatusManager:0.19
MessagingManager:0.11333333333333333
IMultiUserChatSessionProvider:0.04666666666666667
MultiUserChatManager:0.0033333333333333335
