InjectionTest:0.6933333333333334
ReflectiveAtInjectBinding:0.38333333333333336
ProviderMethodBinding:0.26666666666666666
ThrowsOnConstruction:0.20483333333333337
