RerouteActions:0.4137619047619048
AnalyzerDispatcher:0.31333333333333335
AnalyzedStatementVisitor:0.31333333333333335
StatementVisitor:0.27
AstBuilder:0.25666666666666665
InnerVisitor:0.23666666666666666
PrivilegesIntegrationTest:0.22
AstVisitor:0.21666666666666667
RerouteActionsTest:0.16
