PartitionedTableIntegrationTest:0.47
SQLTypeMappingTest:0.3
UpdateIntegrationTest:0.29333333333333333
SQLTransportIntegrationTest:0.2875
ObjectColumnTest:0.23666666666666666
