AbstractOAuth2Token:0.49333333333333335
NimbusJwtDecoderJwkSupportTests:0.2633333333333333
OAuth2AccessTokenTests:0.20333333333333334
JwtTests:0.15666666666666668
OidcIdTokenTests:0.14333333333333334
NimbusJwtDecoderJwkSupport:0.14
