IndexOf:0.44622222222222224
EndsWith:0.3125555555555556
