MappingIterable:0.62
OperationIterable:0.45
ListCollectionsFluent:0.24651587301587308
FindFluentImpl:0.23666666666666666
ListDatabasesFluentImpl:0.22666666666666666
ListIndexesFluent:0.22512698412698418
MongoIterable:0.22166666666666668
ListIndexesFluentImpl:0.17666666666666667
ListCollectionsFluentImpl:0.17666666666666667
FindFluent:0.17638888888888887
AwaitingWriteOperationIterable:0.09333333333333334
FindOperationIterable:0.07666666666666666
