SpectrumUtils:0.43666666666666665
ContinuousSpectrumView:0.36
PeakSpectrumView:0.31666666666666665
SpectrumChartFactory:0.22
PeakContentProvider:0.21333333333333335
