ActivitySequencer:0.5266666666666666
ConcurrentDocumentManager:0.46
ActivitySequencerTest:0.3
IActivitySequencer:0.20416666666666666
