RedissonScoredSortedSet:0.6533333333333333
RScoredSortedSet:0.6423611111111112
RedissonScoredSortedSetTest:0.16333333333333333
RScoredSortedSetAsync:0.15638888888888888
RedisCommands:0.06333333333333334
