AbstractTicketRegistry:0.3933333333333333
TicketGrantingTicketDelegator:0.34
TicketRegistryDecorator:0.22333333333333333
AbstractTicketDelegator:0.20333333333333334
ServiceTicketDelegator:0.15666666666666668
ProxyGrantingTicketDelegator:0.08333333333333333
ProxyTicketDelegator:0.02666666666666667
