AbstractReplicatedRecordStore:0.6733333333333333
ReplicatedMapTest:0.38333333333333336
ReplicatedMapProxy:0.33
