ElementMatchers:0.8466666666666667
TypeLocator:0.34833333333333333
ElementMatchersTest:0.27666666666666667
