CollectionUtils:0.7815555555555556
BackgroundTileMapLayer:0.36333333333333334
