BasicDBList:0.42333333333333334
Input:0.37
BSONCallback:0.2913730158730159
Mongo:0.2808333333333333
PerformanceTest:0.21666666666666667
BasicBSONCallback:0.21
BSONDecoder:0.20666666666666667
BSONEncoder:0.1761111111111111
DBObjectTest:0.16666666666666666
OutputBuffer:0.15944444444444444
BSONTest:0.13
