TypeUtils:0.9333333333333333
FieldSerializer:0.28
SerializeConfig:0.24333333333333335
