AlfObject:0.44
Mappings:0.32666666666666666
AlfSession:0.29333333333333333
AlfHelper:0.18666666666666668
AlfObjectFactory:0.17111111111111113
AlfConn:0.15833333333333333
GetAlfObjectsCollectionInterceptor:0.11
AlfSessionLazyProxy:0.09333333333333334
AlfObjectCallbackFilter:0.04666666666666667
