TestBase:0.8607539682539683
SAfeTest:0.5755555555555555
Test_JtdsDataSource_getConnection:0.37333333333333335
