BreakpointAcknowledgmentActivity:0.33666666666666667
BreakpointAcknowledgmentDO:0.29333333333333333
BreakpointConsumer:0.27111111111111114
BreakpointActivityProvider:0.22
SharingBreakpointListener:0.18666666666666668
