Session:0.8533333333333334
GaServer:0.36
DefaultCommandHandler:0.2733333333333333
SessionCommand:0.11666666666666667
