ActivationRecord:0.3933333333333333
HopSymbolTableWalker:0.35333333333333333
HopParser:0.3383333333333333
ReturnStep:0.33666666666666667
CallStep:0.30666666666666664
DataEnvironment:0.2866666666666667
StepFactory:0.23
ClassExecution:0.18666666666666668
OmniscientStack:0.18
StackSave:0.02666666666666667
