FeedResource:0.6343333333333334
OPMLResource:0.6343333333333334
