ServerCache:0.5566666666666666
CrawlController:0.43333333333333335
CrawlServer:0.4166666666666667
ServerCacheFactory:0.33666666666666667
MapServerCache:0.10666666666666667
MapServerCacheTest:0.019166666666666665
