PolicyFinderModule:0.45
DefaultManagement:0.4066666666666667
TestXACMLPolicies:0.39666666666666667
ResourceAttributeFinderModule:0.29
