Param:0.2966666666666667
TableViewerLabelProvider:0.29
MethodTag:0.29
JpdlSerializer:0.26
FreemarkerUtil:0.20333333333333334
VariableEditorPage:0.19
ConjunctionFigure:0.19
DesignerGraphicalEditorPart:0.18333333333333332
VariableNamePage:0.16666666666666666
GraphicalEditorContributor:0.15333333333333332
SelectAllAction:0.12666666666666668
FtlTagSupportServlet:0.09666666666666666
ProcessDefinitionXYLayoutEditPolicy:0.09333333333333334
NodeChangeConstraintCommand:0.07
VariableWizard:0.05333333333333334
SwimlaneRelationsElement:0.043333333333333335
