BridgeDomainSyncProvider:0.5633333333333334
BridgeDomainsASR1006Parser:0.5333333333333333
