AnnotationBinder:0.6416666666666667
MapBinder:0.43666666666666665
