SpecificitesResult:0.7366666666666667
Specificites:0.38666666666666666
