Assert:0.7633333333333333
AssertionTest:0.58
InitializationError:0.30666666666666664
InexactComparisonCriteria:0.11555555555555558
