CertificateProfile:0.6766666666666666
CertTools:0.45666666666666667
X509CA:0.22666666666666666
TestCertificateProfile:0.20333333333333334
