FormHashModel:0.48333333333333334
Timer:0.47333333333333333
AjaxFreemarkerTag:0.3616666666666667
AjaxFreemarkerTagServlet:0.19666666666666666
VariableDownloaderAction:0.16666666666666666
ConvertMapKeysToListActionHandler:0.15666666666666668
ConvertMapValuesToListActionHandler:0.15666666666666668
