SimulatorModel:0.65
PrologDisplay:0.46
SavePrologAction:0.26055555555555554
PrologEditor:0.26
PrologJList:0.23666666666666666
CancelEditPrologAction:0.18000000000000002
MyMouseListener:0.16666666666666669
MyCellRenderer:0.09666666666666666
