Texture:0.5283333333333333
Array:0.45666666666666667
AndroidFileHandle:0.28
GwtTestWrapper:0.26
IOSSocket:0.23666666666666666
UncaughtExceptionHandler:0.23159523809523813
RepeatAction:0.23
Thread:0.09222222222222222
