Field:0.7266666666666667
MJIEnv:0.5266666666666666
Types:0.42333333333333334
JPF_java_lang_reflect_Field:0.32666666666666666
Class:0.32666666666666666
Unsafe:0.2833333333333333
JPF_java_lang_Class:0.2733333333333333
FieldInfo:0.26
AccessController:0.25333333333333335
JPF_java_lang_System:0.22666666666666666
IntegerFieldInfo:0.21611111111111114
FloatFieldInfo:0.21611111111111114
IfInstruction:0.19666666666666666
JPF_java_lang_reflect_Method:0.19666666666666666
Method:0.17666666666666667
ReferenceFieldInfo:0.17388888888888887
MessageDigest:0.11333333333333333
Constructor:0.08833333333333333
JPF_java_lang_reflect_Constructor:0.07333333333333333
LongFieldInfo:0.055
DoubleFieldInfo:0.055
JPF_java_io_ObjectStreamClass:0.034722222222222224
JPF_java_text_DateFormatSymbols:0.03
JPF_gov_nasa_jpf_SerializationConstructor:0.011666666666666667
JPF_java_security_MessageDigest:0.01
SerializationConstructor:0.006666666666666667
JPF_sun_reflect_ReflectionFactory:0.0033333333333333335
JPF_java_io_ObjectInputStream:0.0
