NetServerOptions:0.72
HttpTest:0.39
HttpServerOptionsImpl:0.31666666666666665
HttpClientOptionsImpl:0.31333333333333335
VertxHandler:0.30666666666666664
NetTest:0.3
NetClientOptionsImpl:0.28
NetServerOptionsImpl:0.24333333333333335
TCPOptions:0.2
