ActionConfig:0.56
ScopeDataResolver:0.41333333333333333
ActionRequest:0.3466666666666667
WebApplication:0.2733333333333333
ActionBuilder:0.2519444444444444
ActionMethodParser:0.24166666666666667
ArgsTest:0.16666666666666666
ActionRequestRecursionTest:0.11333333333333333
ServletDispatcherResultTest:0.10333333333333333
Hello:0.0
ArgsAction:0.0
ManualMadvocConfigurator:0.0
