CollisionJNI:0.5166666666666667
btDbvt:0.49666666666666665
