Configuration:0.6727777777777778
Context:0.43
MappedRawLog:0.4066666666666667
RawLogFactory:0.2633333333333333
