LagartoDOMBuilder:0.65
Jerry:0.6366666666666667
JerryParser:0.42
ParsingProblemsTest:0.21
JerryMiscTest:0.19
JerryParserTest:0.17666666666666667
JerryCustomTest:0.14333333333333334
