JsonObject:0.6766666666666666
WebsocketTest:0.43666666666666665
JsonArray:0.38
