Splash:0.57
Main:0.40222222222222226
HelpAboutAction:0.21333333333333335
