ExtrinsicObjectFactory:0.22777777777777777
VersionInfoFactory:0.22
RegistryObjectFactory:0.2122222222222222
SlotFactory:0.19
ExternalIdentifierFactory:0.12222222222222223
ExternalLinkFactory:0.12222222222222223
ObjectRefFactory:0.11111111111111112
RegistryPackageFactory:0.1
ExternalLinkTest:0.04416666666666667
ExternalIdentifierTest:0.04416666666666667
RegistryObjectTest:0.04416666666666667
SlotTest:0.04416666666666667
ExtrinsicObjectTest:0.04416666666666667
ObjectRefTest:0.04416666666666667
RegistryPackageTest:0.04416666666666667
ValueListFactory:0.006666666666666667
