Var:0.83
VarTest:0.3466666666666667
VarFiber:0.22666666666666666
