ScopeDataResolver:0.48
InterceptorsManagerTest:0.31333333333333335
ContextInjectorComponent:0.23333333333333334
ScopeDataResolverTest:0.19333333333333333
MadvocParamsInjector:0.15
BaseScopeInjector:0.12
MadvocContextScopeInjector:0.09
ServletContextScopeInjector:0.09
MadvocParamsInjectorTest:0.08333333333333333
ContextInjector:0.08333333333333333
ApplicationScopeInjector:0.08333333333333333
