Call:0.5033333333333333
Node:0.36666666666666664
ClusterManager:0.32666666666666666
OutRunnable:0.26
DynamicClusterTest:0.23333333333333334
ProxyHelper:0.18666666666666668
IORunnable:0.13333333333333333
Acceptor:0.11
