LocalMapStats:0.6380555555555555
LocalMapStatsImpl:0.5033333333333333
MapService:0.37333333333333335
CollectionService:0.3466666666666667
TimedMemberState:0.25222222222222224
MemberStateImpl:0.17333333333333334
