DefaultSerializer:0.7669444444444444
FieldSearchServlet:0.4486111111111111
