PrologDisplay:0.7533333333333333
PrologFirstResultAction:0.5766666666666667
