ConsensusPos:0.5233333333333333
RecordingPos:0.49333333333333335
ClusteredServiceAgent:0.43666666666666665
SequencerAgent:0.36333333333333334
ConsensusTracker:0.18333333333333335
BasicArchiveTest:0.14
RecoveryState:0.11333333333333333
RecordedBasicPublisher:0.11
