Transport:0.6066666666666667
TestStaticHiveCluster:0.2966666666666667
HiveMetastoreClientFactory:0.29
MockHiveMetastoreClientFactory:0.15333333333333332
