GAMEPanel:0.5866666666666667
ApolloGridBagConstraints:0.37333333333333335
LocationGAMEPanel:0.26
FileGAMEPanel:0.22333333333333333
