GlobalConfiguration:0.9
EjbcaWebBean:0.39666666666666667
WebLanguages:0.31866666666666665
