SQLGrammar:0.67
CreateIndexNode:0.21944444444444447
IndexConstraintDefinitionNode:0.2041111111111111
NodeTypes:0.14622222222222223
NodeFactoryImpl:0.12666666666666668
NodeNames:0.07333333333333333
