MockSpringSecurityContextSource:0.5466666666666666
MockUserSearch:0.2886111111111111
