Grammar:0.5466666666666666
Lexer:0.4266666666666667
Parser:0.3433333333333333
BaseRecognizer:0.25666666666666665
PDA:0.21666666666666667
OutputModelFactory:0.20666666666666667
Tool:0.19666666666666666
LexerFactory:0.12333333333333334
MatchToken:0.09333333333333334
SemanticPipeline:0.09
CodeGenerator:0.03333333333333333
