ProvenanceDaoTest:0.6197777777777778
ServiceDaoTest:0.4266666666666667
AssociationDaoTest:0.27666666666666667
