SharedTrainingMaster:0.48333333333333334
SharedFlatMapMultiDataSet:0.28833333333333333
SharedFlatMapMultiDataSetAdapter:0.11666666666666667
SharedTrainingWrapper:0.10333333333333333
