GT:0.73
JChemPaintPanel:0.37666666666666665
JCPMenuTextMaker:0.24666666666666667
InsertTextPanel:0.21333333333333335
JCPToolBar:0.19666666666666666
JChemPaint:0.19
