BaseMultiLayerNetwork:0.6533333333333333
RNTN:0.4066666666666667
StackedDenoisingAutoEncoderTest:0.2833333333333333
