jOOQAbstractTest:0.59
TruncateTests:0.4266666666666667
TruncateImpl:0.3433333333333333
TruncateIdentityStep:0.19
