AbstractTestQueries:0.45666666666666667
Visitor:0.2833333333333333
TestConditions:0.2733333333333333
TestAnalyzer:0.22666666666666666
