LdapTemplateLookupOpenLdapITest:0.6666666666666666
LdapTemplatePagedSearchITest:0.33849999999999997
