CommunicationsStub:0.49
InterruptedException:0.19555555555555557
Exception:0.19555555555555557
Exception_Exception:0.12666666666666668
InterruptedException_Exception:0.08666666666666667
AbstractSyncRunnable:0.07
