HiveWriterFactory:0.5488888888888889
HiveWriter:0.49
HivePageSinkProvider:0.43666666666666665
HiveClientModule:0.2833333333333333
TestHivePageSink:0.22
