ProtocolOcspHttpTest:0.6133333333333333
OcspJunitHelper:0.45
ProtocolOcspHttpStandaloneTest:0.31333333333333335
