VehicleMission:0.5316666666666666
AssociatedSettlementListener:0.29333333333333333
InhabitantSettlementListener:0.29333333333333333
LocalCrewListener:0.29333333333333333
VehicleInfoUpdater:0.26666666666666666
SettlementTableModel:0.2633333333333333
CollectResourcesMissionCustomInfoPanel:0.25666666666666665
TradeTableModel:0.18666666666666668
MemberTableModel:0.18666666666666668
VehicleTableModel:0.13666666666666666
