Locals:0.6266666666666667
MainMethodReserved:0.16
SFunction:0.16
FunctionReserved:0.14666666666666667
LambdaTests:0.11533333333333334
