DynamicClassLoader:0.5266666666666666
ScriptEditor:0.3933333333333333
Terminate:0.3466666666666667
Script:0.29
Launch:0.26
DynamicClassLoaderTest:0.1636111111111111
TestHelper:0.04416666666666667
