Attributes:0.38333333333333336
Tree:0.31
CategoryManager:0.30666666666666664
Tracker:0.27
AutoCompletion:0.26666666666666666
ConsoleCommand:0.24805555555555558
CommandOptions:0.22777777777777777
CategoryManagerDialog:0.19333333333333336
HistoryManager:0.18
