RedissonSetTest:0.8719444444444444
TimeoutTest:0.4033333333333333
