MethodSorter:0.6166666666666667
Dummy:0.6066666666666667
MethodSorterTest:0.29333333333333333
FruitTest:0.06
