FWAction:0.6366666666666667
FWToolBar:0.36
FWTab:0.30333333333333334
ActionChangedListener:0.14888888888888888
GUIRegistryConstants:0.011111111111111112
