OperationService:0.5566666666666666
OperationServiceImpl:0.36333333333333334
ManagedExecutorService:0.31666666666666665
InstanceMBean:0.2866666666666667
ManagedExecutorServiceMBean:0.23
OperationServiceMBean:0.16833333333333333
