TestHazelcastInstanceFactory:0.68
ClientMembershipListener:0.39666666666666667
IssuesTest:0.22333333333333333
ClientReconnectTest:0.16333333333333333
