ModelResolver:0.6033333333333333
ModelConverterContextImpl:0.2763333333333334
InheritedBeanTest:0.19666666666666666
MultipleSub2Bean:0.043055555555555555
MultipleBaseBean:0.043055555555555555
MultipleSub1Bean:0.043055555555555555
