Grammar:0.6533333333333333
ATNSimulator:0.34
TestATNSerialization:0.2966666666666667
ATNSerializer:0.29
