MapsDependencyTest:0.5233333333333333
WidgetDefaultsFactoryTest:0.49333333333333335
JFXComponentsExtractionActionTest:0.4533333333333333
RendererFactory5Test:0.05333333333333334
