SamlProfileSamlAttributeStatementBuilder:0.5066666666666667
SamlIdPConfiguration:0.5033333333333333
SamlProfileSamlSubjectBuilder:0.47333333333333333
TerminateSessionAction:0.43
