PartialProjectSelectionDialog:0.5333333333333333
PartialNewSessionAction:0.48333333333333334
