Relation:0.5125
Domain:0.48
Index:0.4533333333333333
Model:0.43666666666666665
Attribute:0.38
Table:0.3546666666666667
DefaultValue:0.32
Serializer:0.06
TableSerializer:0.025
ModelSerializer:0.02
RelationSerializer:0.01866666666666666
AttributeSerializer:0.01866666666666666
IndexSerializer:0.0033333333333333335
DefaultValueSerializer:0.0033333333333333335
DomainSerializer:0.002
