FutureTest:0.6877777777777778
Concurrent:0.40111507936507934
