FolderDao:0.5377777777777778
ManageNetFoldersDlg:0.41333333333333333
NetFolderSelectSpec:0.38666666666666666
GwtNetFolderHelper:0.37333333333333335
GwtRpcServiceImpl:0.30333333333333334
NetFolderHelper:0.28
GetNetFoldersCmd:0.19333333333333333
GetNetFoldersRpcResponseData:0.18666666666666668
FolderDaoImpl:0.18333333333333332
