TestApp:0.6066666666666667
FactoryImpl:0.4166666666666667
CreateInstance:0.22166666666666668
DestroyInstance:0.21666666666666667
