ModalityWorklistPanel:0.5716666666666667
StudyListPage:0.54
TrashListPage:0.5233333333333333
