Builder:0.74
MapperTestUtils:0.23333333333333334
MapperAttachmentsPlugin:0.16666666666666666
TypeParser:0.1
