Map:0.5777777777777777
AbstractMapTest:0.3333333333333333
AbstractMap:0.31333333333333335
