TestMutablePeriod_Updates:0.6333333333333333
TestPeriod_Basics:0.35333333333333333
TestDuration_Basics:0.2
MockChangeDuration:0.10333333333333333
MockMutableDuration:0.07333333333333333
