ShowMoreInformationAction:0.45666666666666667
ObjectNode:0.4533333333333333
PoolNode:0.3333333333333333
CreateBusinessObjectFromTemplateAction:0.2457777777777778
DeleteBusinessObjectAction:0.24449999999999997
DeletePoolAction:0.24333333333333335
DeleteAttributeAction:0.235
CreateClassAction:0.23333333333333334
TemplateElementNode:0.22666666666666666
EditObjectAction:0.2233888888888889
AttributeMetadataNode:0.22333333333333333
NewPoolItemAction:0.22166666666666668
CreateSpecialBusinessObjectAction:0.22166666666666668
ClassMetadataNode:0.21333333333333335
CreateBusinessObjectAction:0.21333333333333335
CreateAttributeAction:0.20333333333333334
RefreshObjectAction:0.19666666666666666
DeleteListTypeAction:0.18
NewPoolAction:0.17
ObjectEditorTopComponent:0.17
DeleteClassAction:0.16333333333333333
RelationshipNode:0.15
TemplateListFrame:0.14833333333333334
IPAMRootNode:0.14666666666666667
CustomerPoolNode:0.14
ServicePoolNode:0.14
SpecialRelationshipChildren:0.12
RootObjectNode:0.115
RefreshClassMetadataAction:0.11333333333333333
CreateListTypeAction:0.11333333333333333
PoolRootNode:0.10333333333333333
ContractNode:0.1
ServiceNode:0.08666666666666667
CustomerNode:0.08666666666666667
SpecialObjectNode:0.08
