JMXConnectionWrapper:0.7283333333333334
JMXServerImpl:0.4486111111111111
