EnterElementSwingModule:0.5366666666666666
JCPMenuTextMaker:0.49333333333333335
ConvertToPseudoAtomAction:0.3144444444444444
