SelectionNodeProvider:0.44333333333333336
NodeProvider:0.42
MethodCallNodeWrapper:0.39
LocalNodeWrapper:0.37
RenameConditionChecker:0.33666666666666667
RenameLocalConfig:0.3233333333333333
FieldNodeWrapper:0.31666666666666665
NodeUtil:0.29333333333333333
PartialClassNodeWrapper:0.22666666666666666
VisibilityNodeWrapper:0.22666666666666666
RefactoringConditionChecker:0.21333333333333335
MethodMover:0.20666666666666667
RenameMethodConditionChecker:0.20666666666666667
ExtractedMethodHelper:0.20333333333333334
RenameLocalConditionChecker:0.2
LocalVariablesEditProvider:0.19666666666666666
ExtractMethodConditionChecker:0.18
TempToFieldConverter:0.17333333333333334
InlineTempConditionChecker:0.17333333333333334
InsertMethodEditProvider:0.16
RenameClassConditionChecker:0.15666666666666668
TC_NodeProvider:0.15666666666666668
CallArgsNodeWrapper:0.14666666666666667
LocalVariableRenamer:0.13333333333333333
TS_RenameLocalCondition:0.1075
RenameFieldConditionChecker:0.10333333333333333
RenameLocalVariableRefactoring:0.08
TS_RenameLocalVariable:0.08
RenameLocalConditionTester:0.07666666666666666
RenameTester:0.06
RenameLocalTester:0.03777777777777778
RenameConfig:0.01
