JaasAuthenticationProvider:0.6566666666666666
JaasAuthenticationProviderTests:0.43666666666666665
