Configuration:0.56
JsonReader:0.30666666666666664
ConfigurationBuilder:0.29333333333333333
Defaults:0.2361984126984128
JacksonJsonProvider:0.21333333333333335
