BasicSemanticChecks:0.49833333333333335
BasicSemanticTriggers:0.46
DFA1:0.16666666666666666
rewrite_return:0.08333333333333333
