CertTools:0.6466666666666666
AuthorityKeyIdentifier:0.44666666666666666
X509CA:0.31
WebAuthenticationProviderSessionBeanTest:0.19333333333333333
