CertificateData:0.69
PublisherQueueData:0.33666666666666667
AdminGroupData:0.3
PublisherQueueSessionBean:0.16666666666666666
