ResultParser:0.49
VCardResultParser:0.36
BizcardResultParser:0.24
AddressBookDoCoMoResultParser:0.24
EmailDoCoMoResultParser:0.23666666666666666
BookmarkDoCoMoResultParser:0.1962121212121212
AbstractOneDReader:0.14666666666666667
VEventResultParser:0.14166666666666666
AddressBookAUResultParser:0.14
CommandLineRunner:0.13666666666666666
AbstractDoCoMoResultParser:0.04666666666666667
