SmartsMatchingTest:0.7066666666666667
SmartsInclusiveExclusiveTest:0.4033333333333333
