ThreadInfo:0.41
MethodInfo:0.36333333333333334
Instruction:0.34
JVM:0.32166666666666666
KernelState:0.25333333333333335
Class:0.23333333333333334
SearchMonitor:0.22
SearchStats:0.19666666666666666
JPF_java_lang_Thread:0.18333333333333332
FilteringSerializer:0.18333333333333332
MONITOREXIT:0.13666666666666666
RUNSTART:0.05
DefaultInstructionFactory:0.006666666666666667
