Search:0.49666666666666665
SearchPlanStrategy:0.3566666666666667
DefaultGraphCondition:0.33666666666666667
AbstractMatchStrategy:0.31333333333333335
SPORule:0.28
SPOEvent:0.23666666666666666
Edge2SearchItem:0.21833333333333332
VarEdgeMultipleRecord:0.21
VarEdgeSingularRecord:0.19666666666666666
NodeSearchItem:0.19305555555555554
Edge2SingularRecord:0.16
VarEdgeSearchItem:0.16
PlanData:0.15333333333333332
ConditionSearchPlanFactory:0.14666666666666667
NACTest:0.13666666666666666
GrammarPlanData:0.13333333333333333
GraphSearchPlanFactory:0.12666666666666668
OperatorEdgeRecord:0.12
