ApprovalRequest:0.76
ApprovalSessionBean:0.3933333333333333
ApproveActionManagedBean:0.2966666666666667
