IOService:0.49366666666666664
WriteHandler:0.4633333333333333
ReadHandler:0.2833333333333333
TcpIpConnection:0.26666666666666666
TcpIpConnectionManager:0.25
NodeIOService:0.21666666666666667
GroupProperties:0.10666666666666667
