IndexStoreModule:0.3333333333333333
FsDirectoryService:0.3177777777777778
Builder:0.25666666666666665
PluginManager:0.23583333333333334
DateTime:0.20333333333333334
ValuesSourceParser:0.2
PluginManagerIT:0.18333333333333332
MockFSDirectoryService:0.15
IndexStoreTests:0.08
Input:0.06333333333333334
DateHistogramParser:0.056666666666666664
MetaDataIndexUpgradeService:0.04666666666666667
