TrashListPage:0.24666666666666667
TrashListBean:0.23666666666666666
TrashListLocal:0.23583333333333334
ContentEditDelegate:0.23333333333333334
StudyListPage:0.20333333333333334
Mpps2MwlLinkPanel:0.17777777777777778
WadoPage:0.013333333333333334
