SessionState:0.47333333333333333
ClusteredSessionService:0.32
DeleteSessionEntryProcessor:0.27
WebFilter:0.2633333333333333
SessionUpdateEntryProcessor:0.2633333333333333
GetSessionStateEntryProcessor:0.23
GetAttributeEntryProcessor:0.23
GetAttributeNamesEntryProcessor:0.23
WebFilterBasicTest:0.22666666666666666
HazelcastInstanceLoader:0.21333333333333335
DeferredFailoverClusterTest:0.14666666666666667
WebFilterSessionCleanupTest:0.14333333333333334
