ARINCSettings:0.44333333333333336
AppliConfiguration:0.41333333333333333
EditorApplications:0.37777777777777777
ARINC661App:0.30333333333333334
AbstractEditorEngine:0.21333333333333335
ConfigurationSerializer:0.15333333333333332
