Py:0.6333333333333333
TypeBuilder:0.4294444444444444
PyType:0.3466666666666667
PySystemState:0.2376111111111111
TypeExposer:0.22333333333333333
TypeProcessor:0.21
ExposedTypeVisitor:0.19666666666666666
BaseTypeBuilder:0.11333333333333333
TypeExposerTest:0.09
ExposedTypeVisitorTest:0.07583333333333334
