RuleDAMutagenicityABUnsaturatedAldehydes:0.38333333333333336
DescriptorMopacShellTest:0.3233333333333333
RuleLogP:0.30333333333333334
Rule_highLogP:0.25
