ResourceExtractor:0.45
ResourceLoaderTest:0.14333333333333334
styleable:0.13166666666666665
id:0.014444444444444444
