UserService:0.5133333333333333
GetUserByUsername:0.5066666666666667
UserServiceStub:0.31666666666666665
GaapServicesClient:0.28
UserServiceImpl:0.22666666666666666
UserServiceMessageReceiverInOut:0.22333333333333333
UserServiceSkeleton:0.11944444444444442
