TypeUtils:0.4866666666666667
JSON:0.41
DefaultJSONParser:0.30833333333333335
DeserializeBeanInfo:0.2733333333333333
ParserConfig:0.25666666666666665
ASMSerializerFactory:0.21666666666666667
JavaBeanSerializer:0.18666666666666668
FieldSerializer:0.175
BenchmarkMain:0.043333333333333335
