BackTrackLineSearch:0.7433333333333333
BaseOptimizer:0.3233333333333333
StochasticHessianFree:0.2966666666666667
GradientAscent:0.19666666666666666
