MessagePage:0.8272222222222222
SubmitWizard:0.24333333333333335
