Workbench:0.6033333333333334
BeanPanel:0.44666666666666666
Focus:0.4
Images:0.2733333333333333
AdvancedEditor:0.26777777777777784
BasicEditor:0.22333333333333333
ViewDockable:0.20837301587301588
EditView:0.19
Startup:0.15333333333333332
Add:0.14
EditPlugin:0.12666666666666668
InteractionListener:0.12333333333333334
ActionSave:0.08333333333333333
ActionCloseView:0.06333333333333334
ActionNew:0.05
ActionOpen:0.05
