TypeFactory:0.36333333333333334
PropertyDescriptor:0.22944444444444448
XMLTypeFactory:0.13666666666666666
SimpleFeatureType:0.09916666666666667
GeometryAttribute:0.09916666666666667
PropertyType:0.09916666666666667
SimpleTypeFactory:0.03
