BuildDetail:0.76
GetActiveBuildInfoControllerTest:0.3
BuildCommandTest:0.2966666666666667
BuildService:0.2683333333333333
BuildDetailTest:0.26
