HtmlPage:0.6566666666666666
DomNode:0.59
HtmlImage:0.35
BaseFrameElement:0.29333333333333333
HtmlElement:0.26
HtmlScript:0.22666666666666666
HtmlTextInput:0.22
XmlSerializer:0.20666666666666667
UnknownElementFactory:0.15
HTMLParser:0.15
DomNamespaceNode:0.12
