ValidateSchematronTest:0.24333333333333335
FOXMLDeserializeTest:0.19333333333333333
METSToFOXMLTest:0.19333333333333333
METSInOutTest:0.12
ValidateXMLSchemaTest:0.11333333333333333
