Teach:0.5333333333333333
EVAOperation:0.53
Walk:0.42333333333333334
Task:0.3933333333333333
ExitAirlock:0.36333333333333334
Maintenance:0.32666666666666666
VehicleMission:0.30333333333333334
WalkSettlementInterior:0.29
WalkOutside:0.29
WalkRoverInterior:0.27166666666666667
OperateVehicle:0.25976190476190475
PerformLaboratoryExperiment:0.25666666666666665
PerformLaboratoryResearch:0.25666666666666665
ManufactureConstructionMaterials:0.24666666666666667
EatMeal:0.24
UnloadVehicleGarage:0.24
RepairEmergencyMalfunction:0.23333333333333334
LoadVehicleGarage:0.23
PerformMathematicalModeling:0.23
DriveGroundVehicle:0.23
ObserveAstronomicalObjects:0.23
StudyFieldSamples:0.23
ManufactureGood:0.22666666666666666
TendGreenhouse:0.22666666666666666
MaintainGroundVehicleGarage:0.22666666666666666
SalvageBuilding:0.22666666666666666
CookMeal:0.22666666666666666
MaintainGroundVehicleEVA:0.22333333333333333
MaintenanceEVA:0.22333333333333333
RepairMalfunction:0.21666666666666667
Sleep:0.21666666666666667
SalvageGood:0.21
NegotiateTrade:0.21
EnterAirlock:0.21
MineSite:0.20666666666666667
TaskManager:0.2053333333333333
AssistScientificStudyResearcher:0.2
ToggleResourceProcess:0.2
CompileScientificStudyResults:0.2
ConstructBuilding:0.19666666666666666
DigLocalIce:0.19666666666666666
DigLocalRegolith:0.19666666666666666
LoadVehicleEVA:0.19666666666666666
UnloadVehicleEVA:0.19666666666666666
MedicalAssistance:0.19
DeathInfo:0.19
Yoga:0.19
ToggleFuelPowerSource:0.18666666666666668
AreologyStudyFieldWork:0.18333333333333332
CollectMinedMinerals:0.18333333333333332
ExploreSite:0.18333333333333332
BiologyStudyFieldWork:0.18333333333333332
Relax:0.18
RoverMission:0.17666666666666667
RepairEVAMalfunction:0.17
Workout:0.16333333333333333
PrescribeMedication:0.16
ConsolidateContainers:0.15333333333333332
CollectResources:0.15
TabPanelActivity:0.15
ReturnLightUtilityVehicle:0.13666666666666666
RespondToStudyInvitation:0.13666666666666666
InviteStudyCollaborator:0.13666666666666666
PeerReviewStudyPaper:0.11
ProposeScientificStudy:0.11
TaskPhase:0.10666666666666667
