UserAccess:0.7066666666666667
Role:0.6833333333333333
UserAccessBean:0.37
UsrCfgDelegate:0.17333333333333334
RolePanel:0.15333333333333332
RoleListPanel:0.13
AETAssignmentPage:0.10666666666666667
AETGroupListPanel:0.09666666666666666
AETGroupAssignmentPage:0.08
WebPermissionsPage:0.07333333333333333
CreateOrEditAETGroupPage:0.043333333333333335
CreateOrEditRoleForm:0.03666666666666667
AETGroupValidator:0.006666666666666667
