MapConfig:0.5766666666666667
AbstractEvictableRecordStore:0.3333333333333333
XmlConfigBuilder:0.30666666666666664
MapEventPublisherSupport:0.27
AbstractXmlConfigHelper:0.25333333333333335
BasicMapTest:0.23666666666666666
TestFullApplicationContext:0.23666666666666666
ClientMapTest:0.22333333333333333
EntryProcessorTest:0.20666666666666667
MapConfigAdapter:0.19333333333333333
MapConfigReadOnly:0.19
ConfigXmlGenerator:0.18833333333333332
MapConfigTest:0.18
XMLConfigBuilderTest:0.14666666666666667
ListenerTest:0.13666666666666666
ClientMapStoreTest:0.09666666666666666
UpdateMapConfigOperation:0.06666666666666667
