IndexFieldDataService:0.5133333333333333
DuelFieldDataTests:0.43666666666666665
QueriesLoaderCollector:0.33666666666666667
LongFieldDataBenchmark:0.23333333333333334
FilterFieldDataTest:0.15666666666666668
AbstractFieldDataTests:0.12666666666666668
QueryCollector:0.11666666666666667
ShardLifecycleListener:0.11
