FileTrigger:0.5733333333333334
FileSnapshot:0.4666666666666667
FileSyncService:0.30666666666666664
FileSyncZipDataWriter:0.21222222222222223
FileSnapshotMapper:0.09777777777777777
