CodeGenerator:0.6455555555555557
TestMetaClass:0.4166666666666667
EnhancerGenerator:0.35333333333333333
