Factory:0.8313333333333334
HttpResponseCacheTest:0.26666666666666666
