DefaultOutageService:0.48333333333333334
OutageService:0.3466666666666667
OutageSuppressedController:0.20666666666666667
SuppressOutages:0.16
