NetFolder:0.47
GwtNetFolderHelper:0.38666666666666666
GwtRpcServiceImpl:0.37
GetNetFoldersCmd:0.25666666666666665
ManageNetFoldersDlg:0.24333333333333335
