TestLocalExchange:0.6233333333333333
LocalExchangeSource:0.4116666666666667
PageReference:0.2833333333333333
