ZooKeeperClient:0.6827777777777778
ReportingZooKeeperClient:0.37583333333333335
ZooKeeperMasterModel:0.3433333333333333
DefaultZooKeeperClient:0.33
