SelectExpression:0.5633333333333334
Dialect:0.43
SelectClause:0.3333333333333333
HQLTest:0.33
Zoo:0.29333333333333333
ConstructorNode:0.28
ASTParserLoadingOrderByTest:0.27666666666666667
ASTParserLoadingTest:0.25333333333333335
MapEntryNode:0.23666666666666666
Mammal:0.23333333333333334
SqlASTFactory:0.21333333333333335
HqlSqlWalker:0.21333333333333335
AbstractSelectExpression:0.18666666666666668
QueryNode:0.17333333333333334
JPAQLComplianceTest:0.10833333333333334
