ActionSplitter:0.47333333333333333
CollectSymbols:0.36
TestAttributeChecks:0.27666666666666667
AttributeChecks:0.2733333333333333
Grammar:0.23
Rule:0.18666666666666668
AttributeResolver:0.15833333333333333
Alternative:0.08111111111111112
DFA29:0.07
DFA22:0.03666666666666667
