SelfDirtinessTracker:0.7066666666666667
LazyAttributeLoader:0.33
AbstractEntityEntry:0.31333333333333335
EnhancerConstants:0.3028730158730159
EntityEnhancer:0.2633333333333333
DefaultMergeEventListener:0.20666666666666667
DirtyTrackerTest:0.17666666666666667
DecompileUtils:0.14
