PropertyTableWidget:0.5866666666666667
Content:0.44333333333333336
