RequestBuilder:0.5033333333333333
RequestBuilderTest:0.43333333333333335
MethodInfo:0.35
MethodInfoTest:0.22333333333333333
DefaultCallAdapterFactoryTest:0.19666666666666666
OkHttpCall:0.16611111111111113
MediaTypeOverridingRequestBody:0.07666666666666666
