Robot:0.6316666666666667
RangeSensor:0.43555555555555553
RobotFitnessFunction:0.21666666666666667
