SceneObjectInterface:0.4572222222222222
Display:0.43
SceneObjectAbstract:0.36333333333333334
SphereIcosahedronMesh:0.3466666666666667
GLDisplay:0.32666666666666666
SphereAbstract:0.24333333333333335
DisplayAbstract:0.23666666666666666
SphereTextured:0.22333333333333333
Input:0.15333333333333332
Util:0.14
SphereLongLatMesh:0.12333333333333334
SphereLongLatSolid:0.12
SceneGroup:0.10666666666666667
MainOGL:0.05
SphereIcosahedronSolid:0.02666666666666667
