PJ:0.4066666666666667
PJAxis:0.2866666666666667
TransformTestCase:0.26666666666666666
EPSG:0.26
Scale:0.24666666666666667
PJOperation:0.23833333333333334
ToleranceModifiersTest:0.17
Projected:0.16
Geographic:0.15333333333333332
Geocentric:0.14833333333333334
PJIdentifier:0.14333333333333334
PJCRS:0.13333333333333333
PJTest:0.04666666666666667
ConformanceTest:0.04
