BufferedImageLuminanceSource:0.555
Code39Reader:0.4633333333333333
RSS14BlackBox2TestCase:0.2486111111111111
