LoginModuleConfig:0.4166666666666667
TestFullApplicationContext:0.4033333333333333
SpringXmlConfigBuilder:0.3433333333333333
