CheckedFunction0Test:0.2
CheckedFunction7Test:0.14416666666666667
CheckedFunction1Test:0.14416666666666667
CheckedFunction8Test:0.14416666666666667
CheckedFunction3Test:0.14416666666666667
CheckedFunction6Test:0.14416666666666667
CheckedFunction2Test:0.14416666666666667
CheckedFunction5Test:0.14416666666666667
CheckedFunction4Test:0.14416666666666667
