QueryParam:0.52
QueryUtils:0.45666666666666667
StatementModel:0.3433333333333333
QueryParams:0.32
QueryFilter:0.16666666666666666
