MongoFind:0.5466666666666666
CountCommand:0.31333333333333335
MongoQueryMessage:0.25
MongoQuery:0.17666666666666667
MongoUpdate:0.12666666666666668
