SWDownloadFile:0.61
SWDownloadTab:0.4033333333333333
SWCandidateTableModel:0.3655555555555555
DownloadOverviewPanel:0.27
MultiScopeProgressBar:0.23472222222222225
DownloadTransfersPanel:0.09
SWDownloadTableModel:0.07666666666666666
DownloadTransferTableModel:0.056666666666666664
