GwtTeamingMessages:0.8033333333333333
ModifyNetFolderRootDlg:0.274
GwtPrincipal:0.26
RemovePrincipalWidget:0.2277777777777778
ManageNetFoldersDlg:0.21861111111111114
ManageNetFolderRootsDlg:0.21444444444444447
ModifyNetFolderDlg:0.21333333333333335
