JoinImpl:0.5366666666666666
QueryStructure:0.3566666666666667
ListJoinImpl:0.2966666666666667
MapJoinImpl:0.2866666666666667
SetJoinImpl:0.24
CollectionJoinImpl:0.24
