EditorManager:0.49333333333333335
EditorAPI:0.35
Predicate:0.3272804232804233
EditorListener:0.26666666666666666
IEditorAPI:0.23
SessionView:0.20666666666666667
SessionLabelProvider:0.20666666666666667
SharedProjectFileDecorator:0.16
RemoteEditorState:0.15
RemoteEditor:0.13
DirtyStateListener:0.11666666666666667
FollowModeAction:0.11
EditorPool:0.09833333333333333
EditorUtils:0.06666666666666667
RemoteEditorManager:0.05472222222222223
StoppableDocumentListener:0.006666666666666667
