DebugReactionSetTest:0.24333333333333335
DebugPDBStructureTest:0.24333333333333335
DebugMappingTest:0.24333333333333335
DebugRingSetTest:0.24333333333333335
