Image:0.82
Main:0.3933333333333333
GraphicsFeedback:0.3333333333333333
MainPreferences:0.24
