SEMLibrary:0.6797222222222223
jDuration:0.5493333333333333
