DocFetcher:0.42333333333333334
ErrorDialog:0.38666666666666666
HotkeyDialog:0.3333333333333333
ExceptionHandler:0.18666666666666668
ErrToScreen:0.18533333333333335
