MapSideDataCollectOperation:0.8066666666666666
NodeFetchOperation:0.25666666666666665
