AtomicReferenceBasicTest:0.4533333333333333
BasicOperationRunner:0.44666666666666666
FailingFunction:0.21325396825396828
ErrorAndNoReturnsResponseOperation:0.1988888888888889
BasicResponsePacketHandler:0.14333333333333334
BasicOperationServiceTest:0.11666666666666667
