Property:0.6333333333333333
PropertyEvent:0.2733333333333333
PropertyMedia:0.2644444444444444
PropertyNote:0.24777777777777776
