AbstractEntityManagerImpl:0.43333333333333335
StoredProcedureQueryImpl:0.3466666666666667
BaseQueryImpl:0.34
EntityManagerImpl:0.25
HibernateEntityManagerImplementor:0.21333333333333335
