CrawlDatum:0.6
Crawler:0.59
Fetcher:0.28
Page:0.17
DemoMetaCrawler:0.16777777777777778
TutorialCrawler:0.16666666666666669
DemoTypeCrawler:0.13444444444444445
FetcherThread:0.13444444444444442
