Cooccurrence:0.5533333333333333
Messages:0.4795
CooccurrencesEditor:0.30666666666666664
LexicalTableEditor:0.245
