Reaction:0.6266666666666667
ReactionBalancer:0.32666666666666666
ReactionBalancerTest:0.32
CDKTests:0.26666666666666666
PermutationGenerator:0.20666666666666667
