GetFolderRowsCmd:0.44333333333333336
GwtViewHelper:0.4266666666666667
GwtRpcServiceImpl:0.32666666666666666
DataTableFolderViewBase:0.3233333333333333
