Project:0.7166666666666667
MainTest:0.36333333333333334
