HSMException:0.7233333333333334
SyncFileStatusService:0.43
HSMURIModule:0.24
MappedHSMModule:0.2313888888888889
HSMFileBasedModule:0.19333333333333333
DiceyFSModule:0.17
