Multimap:0.6633333333333333
HashMultimap:0.4066666666666667
HashMultimapTest:0.19333333333333333
MultimapImpl:0.09
