MLineStringTest:0.2841666666666667
DataSourceUtils:0.28
TestSpatialRestrictions:0.25333333333333335
PropertyFileReader:0.25333333333333335
AbstractExpectationsFactory:0.25333333333333335
HSConfiguration:0.24666666666666667
TestSpatialFunctions:0.19333333333333333
OracleSpatial10gDialect:0.18333333333333332
TestStoreRetrieve:0.16333333333333333
AbstractConvertorTest:0.11
JTS:0.0
