Activator:0.6533333333333333
IWebservicesManager:0.4464166666666665
WebservicesManager:0.3
WebservicesManagerFactory:0.03333333333333333
