BsonBinaryWriter:0.73
BsonWriterHelper:0.3230555555555556
BsonBinaryWriterTest:0.30666666666666664
