PagingDAO:0.49666666666666665
CriteriaBuilder:0.4866666666666667
IModifyCriteriaBuilderPagingDAORequest:0.22666666666666666
ContentPluginEditorControllerRequestBean:0.19666666666666666
