ReplicaSetMember:0.49333333333333335
ReplicaSetMonitor:0.35333333333333333
ReplicaSetMemberMonitor:0.32666666666666666
ConnectionSetMemberMonitor:0.25
ReadPreferenceTest:0.17
