Id:0.6633333333333333
PartitionName:0.52
CopyAnalyzerTest:0.32666666666666666
AbstractIndexWriterProjector:0.22333333333333333
SQLTypeMappingTest:0.16666666666666666
IndexWriterProjector:0.15666666666666668
MapInput:0.10666666666666667
BytesRefInput:0.023333333333333334
BytesReferenceGenerator:0.0011111111111111111
