ObjectFactory:0.5766666666666667
KuwaibaService:0.505
LocalPrivilege:0.3747619047619048
CommunicationsStub:0.29333333333333333
RemoteFileObjectLight:0.2633333333333333
LocalFileObjectLight:0.24333333333333335
AttachmentsTopComponent:0.09333333333333334
FileObjectNode:0.08666666666666667
AttachmentsRootNode:0.04070707070707071
DetachFileAction:0.04
RemoteScriptQueryResultCollection:0.03222222222222222
ExecuteScriptQueryCollection:0.013333333333333334
AttachFileAction:0.011111111111111112
AttachmentsActionFactory:0.01
ExecuteScriptQueryCollectionResponse:0.0
