FeatureSet:0.7483333333333333
BaseEditorPanel:0.44333333333333336
