CommandLineOptions:0.7
JOptSimpleCommandLineOptionsParserTests:0.35333333333333333
ExecuteTestsTask:0.3
AvailableOptions:0.24333333333333335
