MasterSlaveEntry:0.6366666666666667
MasterSlaveConnectionManager:0.38666666666666666
SentinelConnectionManager:0.36333333333333334
LoadBalancerManagerImpl:0.31
