Utils:0.3933333333333333
JavaFileBuilder:0.38333333333333336
RuntimePermissionsAnnotatedElement:0.38
