ValueType:0.52
ValueAttribute:0.45666666666666667
ValuesTest:0.3333333333333333
Output:0.2812222222222222
JdkOptionalTest:0.14
Flag:0.056666666666666664
ValuesTemplate:0.013333333333333334
