RepositoryService:0.7166666666666667
GenericWebdavRepositoryService:0.47
FileRepositoryService:0.31333333333333335
RepositoryServiceUtil:0.13666666666666666
