OkBuffer:0.7633333333333333
OkBufferTest:0.36666666666666664
InflaterSource:0.26666666666666666
