InfixExpression:0.6966666666666667
ConstantBranchPruner:0.35333333333333333
ConstantBranchPrunerTest:0.3
