BlockStore:0.86
DiskBlockStore:0.4166666666666667
BoundedOverheadBlockStore:0.39666666666666667
MemoryBlockStore:0.24333333333333335
DiskBlockStoreTest:0.12666666666666668
