Robolectric:0.6033333333333334
CookieManagerTest:0.36666666666666664
ShadowCookieManager:0.29333333333333333
