ListAttachmentsActionIT:0.44666666666666666
EditIssueActionIT:0.33666666666666667
DisplayReportActionIT:0.22333333333333333
AdminHomeActionIT:0.09666666666666666
