SubscriptionParser:0.7033333333333334
MathUnaryMinus:0.46
JUTestParser:0.3233333333333333
JUTestEvaluation:0.23
