InputPage:0.385
ParametersPage:0.3416666666666667
MossWizard:0.2966666666666667
ParametersPage2:0.21
ViewLabelProvider:0.1
ViewContentProvider:0.043333333333333335
