CheckBox:0.4583333333333333
RadioButton:0.4583333333333333
PopupMenu:0.44666666666666666
Spinner:0.32
WidgetsActivity:0.18333333333333332
