ShadowWrangler:0.51
AndroidTranslator:0.5066666666666667
InvocationPlan:0.35333333333333333
withEquals:0.24666666666666667
AndroidTranslatorUnitTest:0.08333333333333333
ShadowWranglerTest:0.07
withToString:0.008981481481481483
