FileSystemMgtService:0.5516666666666666
FTPArchiverService:0.3566666666666667
AbstractFileCopyService:0.3
FileSystemMgtBean:0.17666666666666667
FileCopyService:0.16805555555555557
