Flyway:0.7833333333333333
AbstractFlywayMojo:0.21666666666666667
MigrateMojo:0.19
InitMojo:0.17666666666666667
