TomcatServer:0.4922222222222223
EncodingTest:0.45666666666666667
HttpBrowserTest:0.19666666666666666
TestServer:0.1811111111111111
TimeoutTest:0.15833333333333333
HttpRedirectTest:0.15833333333333333
