WebSocketWriterTest:0.4166666666666667
WebSocketWriter:0.29333333333333333
WebSocketReader:0.25333333333333335
WebSocketReaderTest:0.18
