ImageRecognitionFrame:0.42333333333333334
EasyNeuronsApplicationView:0.37666666666666665
FractionRgbData:0.35
ImageRecognitionPlugin:0.34
ImageSampler:0.11333333333333333
ImageRecognitionHelper:0.07333333333333333
ImagesLoader:0.018888888888888886
ImageRecognitionSample:0.006666666666666667
ImagesIterator:0.0
