ArticleQueryService:0.6333333333333333
Common:0.616388888888889
CommentQueryService:0.36666666666666664
