BookFlightEndpoint:0.7933333333333333
BookFlightEndpointTest:0.27666666666666667
