Configuration:0.62
MapperRegistry:0.4666666666666667
TypeHandlerRegistry:0.3
TypeAliasRegistry:0.21666666666666667
InterceptorChain:0.16333333333333333
