CastorTest:0.6333333333333333
Castor:0.43
String2Number:0.12333333333333334
String2Boolean:0.1
Number2Boolean:0.1
String2BigDecimal:0.05
