IcalCrawler:0.6833333333333333
TestIcalCrawler:0.30333333333333334
