TestDescriptor:0.5092063492063492
TestDescriptorStub:0.35
RunnerTestDescriptor:0.27
JUnit4TestEngineDiscoveryTests:0.23666666666666666
ClassTestDescriptor:0.23333333333333334
JUnit4TestDescriptor:0.21333333333333335
MethodTestDescriptor:0.2
DummyTestDescriptor:0.18666666666666668
MyLeaf:0.18333333333333332
LeafDescriptor:0.16666666666666666
MyContainer:0.16666666666666666
EngineDescriptor:0.16666666666666666
GroupDescriptor:0.16666666666666666
SummaryGenerationTests:0.13333333333333333
TestIdentifierTests:0.09
