SchedulePanel:0.5583333333333333
FilterPanel:0.4866666666666667
GeneralPanel:0.4802777777777777
