X_C_Invoice:0.51
PosPanel:0.30666666666666664
MInvoiceAdvance:0.2966666666666667
MInvoiceLine:0.27
FormFrame:0.2678730158730158
X_C_InvoiceAdvance:0.2633333333333333
VTemplate:0.23
APanel:0.20744444444444443
VAdvanceBills:0.03333333333333333
