Context2SimpleXPath:0.49666666666666665
FormalProofLineListHandler:0.275
LocationNotFoundException:0.24666666666666667
