TimedMemberState:0.6466666666666666
TimedMemberStateFactory:0.48333333333333334
TimedMemberStateTest:0.18666666666666668
TimedMemberStateIntegrationTest:0.18333333333333332
