JdbcRecordCursor:0.4766666666666667
BaseJdbcClient:0.2966666666666667
JdbcClient:0.205
MySqlClient:0.18
PostgreSqlClient:0.11666666666666667
