Geometry:0.5033333333333333
Path:0.4377777777777778
LayoutHelper:0.29333333333333333
EditableEdge:0.19
GeometryTest:0.17
OpShapeShapeDistance:0.13333333333333333
OpLineShapeIntersections:0.1
