AwsConfig:0.5433333333333333
XmlConfigBuilder:0.30666666666666664
InvalidConfigurationClientTest:0.27
XmlClientConfigBuilder:0.21666666666666667
DescribeInstances:0.18666666666666668
AWSClient:0.15
CloudyUtilityTest:0.04666666666666667
