ShadowSQLiteCursor:0.32666666666666666
ShadowSQLiteDatabase:0.32
SQLiteCursorTest:0.31666666666666665
ShadowOverlayItem:0.17
Strings:0.11535714285714287
CursorAdapterTest:0.10666666666666667
