ComponentFinder:0.5
ComponentTester:0.445
ComponentReference:0.39
Assert:0.33666666666666667
DefaultComponentFinder:0.3333333333333333
StepRunner:0.33
Action:0.32
Launch:0.25666666666666665
ComponentTesterTest:0.23
StepEditor:0.21333333333333335
ScriptEditorFrame:0.19
Call:0.18333333333333332
JComboBoxRecorder:0.17
JComboBoxRecorderTest:0.17
EventExceptionHandler:0.16
JTextComponentTesterTest:0.15
CallEditor:0.15
ComponentPropertyModel:0.14333333333333334
StepRunnerTest:0.12666666666666668
JComboBoxTester:0.10333333333333333
LaunchEditor:0.08
AssertEditor:0.05
ActionEditor:0.03
AssertEditorTest:0.02666666666666667
ComponentTestFixture:0.006666666666666667
ActionEditorTest:0.0033333333333333335
CallEditorTest:0.0
