AbstractServiceValidateController:0.6
OpenIdValidateController:0.25333333333333335
OpenIdServiceResponseBuilder:0.18333333333333332
