DescriptorProvider:0.5166666666666667
QsarPackage:0.4
QsarManager:0.37666666666666665
DescriptorInstancePropertySource:0.24
MoleculeResourceType:0.14416666666666667
Literals:0.0
