LocalClassMetadata:0.8333333333333334
LocalClassMetadataImpl:0.42333333333333334
SwitchClassNodeWidgetFilterAction:0.33666666666666667
