TargetPanel:0.4066666666666667
ConsoleSample:0.33666666666666667
ModelAccessPanel:0.26
ModelCommonPanel:0.25666666666666665
DatabaseChangeListener:0.1211111111111111
