Drag:0.4866666666666667
TaskTable:0.45666666666666667
DnDTransferHandler:0.27
StaticDragHandler:0.1
