ExecutionSubContext:0.6266666666666667
JobExecutionContext:0.58
JobContextService:0.4266666666666667
JobContextServiceTest:0.2866666666666667
TransportFetchNodeAction:0.2733333333333333
