DefaultProperties:0.4666666666666667
JtdsDataSource:0.38
ConnectionJDBC2:0.3233333333333333
Driver:0.27666666666666667
SAfeTest:0.21666666666666667
DefaultPropertiesTestLibrary:0.21666666666666667
DefaultPropertiesUnitTest:0.215
DriverUnitTest:0.16833333333333333
Tds5Test:0.16666666666666666
Tds8Test:0.16666666666666666
XaTest:0.15166666666666667
ConnectionJDBC2UnitTest:0.14833333333333334
Test_JtdsDataSource_getConnection:0.14166666666666666
JtdsObjectFactory:0.11
