TestQsarManager:0.6866666666666666
DummyCalculator:0.40611111111111114
