AddGermplasm:0.36
AddGene:0.3433333333333333
AddAllele:0.33666666666666667
AddPhenotype:0.195
UpdatePhenotype:0.14666666666666667
UpdateGermplasm:0.11333333333333333
UpdateAllele:0.07333333333333333
