PosEventHandler:0.6788888888888889
PosEventInterface:0.48275396825396827
