NodeMapper:0.316
NodeDaoJdbc:0.3
OutageMapper:0.246
IpInterfaceMappingQuery:0.24333333333333335
AbstractDaoTestCase:0.19
NodeMappingQuery:0.16666666666666666
MonitoredServiceMapper:0.12933333333333333
OutageMappingQuery:0.12
AssertEquals:0.10666666666666667
MonitoredServiceMappingQuery:0.09666666666666666
NodeMapperWithLazyRelatives:0.07933333333333334
IpInterfaceMapper:0.056666666666666664
NodeDaoTest:0.056666666666666664
PropertyComparator:0.016666666666666666
MonitoredServiceMapperWithLazyRelatives:0.0033333333333333335
