MainToolBar:0.53
MainWindowFX:0.4938888888888889
MainScene:0.35333333333333333
