OutageDaoJdbc:0.6755555555555556
OutageMappingQuery:0.5308333333333334
OutageDao:0.34
