DcmDir:0.66
BaseDatasetImpl:0.38666666666666666
DatasetTest:0.37666666666666665
DcmMetadataFormat:0.12333333333333334
