ActionConfig:0.57
MadvocConfig:0.3566666666666667
ActionAnnotation:0.24666666666666667
ActionsManager:0.23666666666666666
MadvocController:0.15333333333333332
ActionMethodParser:0.15
MadvocServletFilter:0.14666666666666667
AsyncConfig:0.12333333333333334
ActionRequestRecursionTest:0.12333333333333334
ActionBuilder:0.11333333333333333
ActionAnnotationData:0.07777777777777778
ServletDispatcherResultTest:0.07333333333333333
ActionRequestInvoker:0.0033333333333333335
