S3Repository:0.5166666666666667
AwsS3Service:0.3869761904761903
InternalAwsS3Service:0.32666666666666666
CLOUD_S3:0.31666666666666665
TestAwsS3Service:0.19
