ObjectNode:0.4866666666666667
NavigationTreeTopComponent:0.39
Edit:0.32666666666666666
Delete:0.17666666666666667
