SubnetEngine:0.3333333333333333
SubnetNode:0.2966666666666667
CreateSubnetAction:0.2733333333333333
SubnetPoolNode:0.25
SubnetPoolChildren:0.19
NativeTypeProperty:0.16
IPAMModuleService:0.14
ItemListPropertyEditor:0.05
ListTypeProperty:0.013333333333333334
