ExplorationTest:0.39
RetePathMatch:0.38333333333333336
ClosurePathChecker:0.25666666666666665
SingleEdgePathChecker:0.23333333333333334
EndPointPair:0.23333333333333334
CacheEntry:0.22333333333333333
AbstractPathChecker:0.19
EmptyPathChecker:0.18333333333333332
PathMatchCache:0.04
