Shape:0.83
ShapeGenerator:0.32666666666666666
ShapeJGraph:0.29333333333333333
EdgeMatEqSystem:0.23111111111111116
