VariableNodeSearchItem:0.8133333333333334
ItemTypeComparator:0.25666666666666665
