RandomScoreFunction:0.7833333333333333
RandomScoreFunctionTests:0.32666666666666666
RandomScoreFunctionParser:0.29333333333333333
