CredentialStore:0.8833333333333333
CredentialStoreTest:0.03333333333333333
