PosPanel:0.6482222222222223
MConversionRate:0.5972222222222223
