OpenIdConstants:0.6713333333333333
OAuthServletContextListener:0.5569444444444445
