XVisualInfo:0.8933333333333333
VisualID:0.37333333333333335
Visual:0.3466666666666667
AlphaMaskDemo:0.34
X11WindowUtils:0.30333333333333334
