MapEventPublisher:0.45240476190476187
MapEventPublisherSupport:0.39
ClientMapProxy:0.36666666666666664
ClientMapNearCacheTest:0.28
MapPortableHook:0.2342539682539683
EvictionOperator:0.21666666666666667
AbstractMapAddEntryListenerRequest:0.10333333333333333
