ClientExecutorServiceTest:0.4066666666666667
ClientExecutorServiceInvokeTest:0.37
ClientExecutorServiceExecuteTest:0.14666666666666667
ClientExecutorServiceSubmitTest:0.12866666666666668
