Jedis:0.6233333333333333
BinaryJedis:0.47
SortedSetCommandsTest:0.3933333333333333
