ItemHandler:0.8766666666666667
ItemOrientedStep:0.3566666666666667
SimpleItemHandler:0.3566666666666667
ItemOrientedStepTests:0.31666666666666665
AbstractStepFactoryBean:0.17333333333333334
DefaultStepFactoryBean:0.14666666666666667
StepExecutorInterruptionTests:0.13
RepeatOperationsStepFactoryBean:0.10666666666666667
StatefulRetryStepFactoryBean:0.09666666666666666
ItemTransformerItemWriterTests:0.043333333333333335
ItemSkipPolicyItemHandler:0.016666666666666666
StatefulRetryItemHandler:0.0033333333333333335
