BusinessPackage:0.6666666666666666
TableUtils:0.39
PropelUtils:0.3411111111111111
