CountMin64TinyLfu:0.6244484126984127
PerfectFrequency:0.6244484126984127
PeriodicResetCountMin4:0.59675
CountMin4:0.4666666666666667
Frequency:0.45876587301587307
IncrementalResetCountMin4:0.45876587301587307
TinyLfu:0.4533333333333333
RandomRemovalFrequencyTable:0.18680952380952381
