Bucket:0.7033333333333334
SignificantTermsBuilder:0.3233333333333333
SignificantTermsParser:0.20511111111111113
SignificantTermsTests:0.18333333333333332
