ProjectionBuilder:0.6277777777777778
GlobalAggregateConsumer:0.30666666666666664
Visitor:0.25666666666666665
