ConnectionManager:0.7322222222222222
ConnectionManagerImpl:0.7205555555555555
