GraphicalRepSpecialRelationshipsTopComponent:0.25666666666666665
SpecialRelationshipsTopComponent:0.2
LocalObjectLightWrapper:0.17333333333333334
GraphicalRepSpecialRelationshipsScene:0.15
SpecialChildrenTopComponent:0.08666666666666667
ShowSpecialRelationshipChildrenAction:0.07666666666666666
HideSpecialRelationshipChildrenAction:0.07666666666666666
GraphicalRepSpecialRelationshipsActionsFactory:0.06666666666666667
GraphicalResSpecialRelationshipService:0.058333333333333334
SpecialRelatedObjectNode:0.04070707070707071
RelationshipNode:0.02666666666666667
SpecialRelatedObjectNodeWidget:0.01
ShowObjectSpecialChildrenAction:0.0
