Maven2BuilderTest:0.6733333333333333
MavenBuilderTest:0.4033333333333333
