JsonModel:0.56
JsonProvider:0.5
JsonModelTest:0.30333333333333334
JacksonProvider:0.24666666666666667
JsonSmartProvider:0.08333333333333333
