Activator:0.43666666666666665
InChIManager:0.36
ICDKManager:0.32666666666666666
IJavaScriptInChIManager:0.2063968253968254
IJavaInChIManager:0.2063968253968254
InChIManagerTest:0.20333333333333334
IInChIManager:0.09533333333333334
InChIManagerFactory:0.08333333333333333
AbstractInChIManagerPluginTest:0.01
JavaInChIManagerPluginTest:0.0025
JavaScriptInChIManagerPluginTest:0.0025
GenerateInChI:0.0
AllInChIManagerPluginTests:0.0
