Authorization:0.8733333333333333
DefaultAuthorization:0.38666666666666666
FedoraHome:0.305
ActionNamespace:0.2
