ExchangeClient:0.5633333333333334
HttpPageBufferClient:0.36666666666666664
TestHttpPageBufferClient:0.28
TestExchangeClient:0.18
TestExchangeOperator:0.17666666666666667
TestExchangeClientConfig:0.17333333333333334
ExchangeClientFactory:0.16
ExchangeClientConfig:0.0761111111111111
