ServiceInfo:0.37666666666666665
AbstractDistributedObject:0.33666666666666667
DefaultObjectNamespace:0.31
AbstractWaitNotifyKey:0.29333333333333333
OperationAccessor:0.29333333333333333
