RetrofitTest:0.3333333333333333
CallTest:0.32
WireConverterTest:0.19666666666666666
ProtoConverterTest:0.19666666666666666
ObservableCallAdapterFactoryTest:0.18333333333333332
SimpleXmlConverterTest:0.15333333333333332
JacksonConverterTest:0.15
MoshiConverterTest:0.15
GsonConverterFactoryTest:0.15
