ArrayExpress:0.6733333333333333
Intact:0.6733333333333333
BrunnDatabaseType:0.6733333333333333
Genbank:0.6733333333333333
IRunnableService:0.18416666666666667
ClustalwAtEBI:0.17333333333333334
bogusActiveSite:0.15666666666666668
Smi23D:0.15666666666666668
CommandLineService:0.13333333333333333
ClustalwLocal:0.09333333333333334
