Mars:0.49333333333333335
ExplorationSitesPanel:0.37
NavpointEditLayer:0.32
ProspectingSitePanel:0.2633333333333333
NavpointMouseMotionListener:0.22555555555555556
MapUtils:0.19333333333333333
NavpointMouseListener:0.18
EllipseLayer:0.16
