JPPFResourceWrapper:0.84
CompositeResourceWrapper:0.28
WaitingNodeRequestState:0.27666666666666667
NodeWaitingProviderResponseState:0.18666666666666668
CacheClassKey:0.17666666666666667
