OutputPort:0.7866666666666666
DirectAggregatedOperation:0.3871111111111111
