Weak:0.42333333333333334
StaticRedoAction:0.14333333333333334
StaticUndoAction:0.14333333333333334
ColumnAction:0.14
ToggleStatusBarAction:0.12666666666666668
SortAction:0.12
VisibleAction:0.12
MonthAction:0.11
