Vault:0.7566666666666667
RTCPostSubscriber:0.31
AddNewInterfaceServlet:0.14333333333333334
NodeLabelChangeServlet:0.14
DeleteNodesServlet:0.14
ManageNodesServlet:0.13333333333333333
ManageNodeServlet:0.13333333333333333
NodeRescanServlet:0.12333333333333334
ModifyAssetServlet:0.12333333333333334
SnmpManageNodesServlet:0.12333333333333334
DeleteServiceServlet:0.11333333333333333
DeleteInterfaceServlet:0.11333333333333333
FinishPollerConfigServlet:0.09333333333333334
SnmpConfigServlet:0.09
