WebKeys:0.7930555555555554
Folder:0.48
AjaxController:0.37
AccessControlController:0.22444444444444447
