OkHeaders:0.44333333333333336
Builder:0.36
CacheTest:0.32
ResponseCacheTest:0.30666666666666664
Cache:0.3
HttpEngine:0.28
Factory:0.24666666666666667
JavaApiConverter:0.21
CallTest:0.17666666666666667
CacheAdapter:0.17642857142857143
Crawler:0.16333333333333333
CacheStrategy:0.15333333333333332
RecordedResponse:0.15
InternalCache:0.12420634920634922
