XmlActions:0.5
CompletionInfo:0.4766666666666667
XmlInsert:0.23
EditTagDialog:0.22444444444444447
CompletionInfoHandler:0.20361111111111113
XmlComplete:0.18811111111111112
XmlTree:0.18333333333333332
KeyHandler:0.15444444444444444
ComboValueRenderer:0.15333333333333332
