Packet:0.5966666666666667
NamespaceClient:0.27666666666666667
Decoder:0.21555555555555558
AckManager:0.20944444444444443
AckRequest:0.17888888888888888
Encoder:0.17666666666666667
BroadcastOperations:0.17
AuthorizeHandler:0.12
PacketListener:0.09
