EnterProjectNamePage:0.31
JoinSessionWizard:0.29
SessionManager:0.2633333333333333
PreferenceUtils:0.18333333333333332
JoinSessionWizardUtils:0.18
ShowDescriptionPage:0.15444444444444444
PreferencePage:0.1443333333333333
PreferenceConstants:0.11333333333333333
AdvancedPreferencePage:0.1125
PreferenceInitializer:0.08333333333333333
