DataRefRouteReader:0.6166666666666667
RouterService:0.58
IDataToRouteReader:0.307
RouterServiceTest:0.30333333333333334
DataToRouteReaderUnitTest:0.14666666666666667
DataRefGapDetector:0.11666666666666667
DataToRouteReaderFactory:0.07
IDataToRouteGapDetector:0.0011111111111111111
