MeshPart:0.61
MeshBuilder:0.5366666666666666
Model:0.37
ModelCache:0.35444444444444445
PointSpriteParticleBatch:0.29
BillboardParticleBatch:0.21666666666666667
ModelInstance:0.19916666666666666
HeightMapTest:0.17333333333333334
Sorter:0.13666666666666666
