Vss:0.6872222222222223
VssTest:0.5266666666666666
