DateTimePrinter:0.4906111111111111
Composite:0.39476190476190476
BaseDateTimeFormatter:0.37666666666666665
Fraction:0.2780952380952381
FPrinter:0.24333333333333335
FParser:0.21666666666666667
PaddedNumber:0.19
UnpaddedNumber:0.19
