Record:0.6
CMap:0.43333333333333335
MapIndexService:0.24333333333333335
PartitionManager:0.18916666666666668
MapIndexServiceTest:0.17666666666666667
ContainsValueOperationHandler:0.07
