StrUtil:0.8133333333333334
VersionUtils:0.33666666666666667
