DefaultLabel:0.38333333333333336
TypeAspect:0.37
RegExpr:0.31333333333333335
AspectEdge:0.3
AspectualGraphView:0.28
VariableNode:0.2733333333333333
AttributeElementFactory:0.2733333333333333
ValueNode:0.2633333333333333
GraphJVertex:0.24666666666666667
AttributeAspect:0.20333333333333334
RelabelDialog:0.18333333333333332
AspectGraph:0.18
