IMolecularFormula:0.55
MolecularFormula:0.43666666666666665
Strand:0.4266666666666667
ChemObject:0.42333333333333334
GeometryTools:0.3333333333333333
AtomTypeFactoryTest:0.32666666666666666
CDKAtomTypeMatcher:0.31666666666666665
BasicValidator:0.30333333333333334
DeduceBondSystemTool:0.28
DeduceBondSystemToolTest:0.26666666666666666
CDKAtomTypeMatcherTest:0.2633333333333333
SmilesValencyChecker:0.24666666666666667
AtomContainerManipulatorTest:0.23666666666666666
AutocorrelationDescriptorCharge:0.21666666666666667
DefaultEventChemObjectReader:0.2
CoverageAnnotationTest:0.19666666666666666
MDLWriter:0.19333333333333333
DefaultChemObjectBuilderTest:0.19333333333333333
MolecularFormulaTest:0.18333333333333332
PharmacophoreMatcher:0.17666666666666667
MolecularFormulaSetTest:0.16666666666666666
AdductFormulaTest:0.16333333333333333
TaeAminoAcidDescriptor:0.16333333333333333
TextGUIListener:0.15333333333333332
LengthOverBreadthDescriptor:0.14666666666666667
SwingGUIListener:0.11666666666666667
AtomicDescriptorTest:0.11333333333333333
BondDescriptorTest:0.11333333333333333
OptionIOSetting:0.11333333333333333
MolecularFormulaChecker:0.10333333333333333
MolecularDescriptorTest:0.1
MextraTests:0.09333333333333334
MformulaTests:0.09333333333333334
MvalencycheckTests:0.09
LengthOverBreadthDescriptorTest:0.054444444444444455
MomentOfInertiaDescriptor:0.04666666666666667
MdataTests:0.04
