GwtTeamingMessages:0.8
MastHead:0.35
GwtMainPage:0.3
EditBrandingDlg:0.27777777777777773
RequestInfo:0.2678730158730158
GwtRpcServiceImpl:0.25
BrandingPanel:0.22666666666666666
ViewPermalinkController:0.2066666666666667
GwtTeamingImageBundle:0.19416666666666665
