StackFrame:0.41333333333333333
TestNumeric:0.31333333333333335
TestVMDeadlock:0.31333333333333335
DefaultSchedulerFactory:0.29333333333333333
ExecTracker:0.22
JPF_java_lang_Thread:0.18333333333333332
TestVMDeadlockJPF:0.12666666666666668
RawTest:0.03666666666666667
