TierMenu:0.45666666666666667
ExpandableFeatureSet:0.3933333333333333
ScaleView:0.3333333333333333
PlotUtil:0.29
URLQueryGenerator:0.05
