WebSocket:0.8366666666666667
NettyWebSocket:0.4033333333333333
GrizzlyWebSocketAdapter:0.22
