TestsView:0.47333333333333333
Activator:0.47
TestBursiSmarts:0.29333333333333333
DSManagerFactory:0.22
TestSignSIc:0.14
TestDBLookup:0.12666666666666668
IJavaScriptDSManager:0.052
IJavaDSManager:0.052
AllDsTests:0.0
