Settlement:0.8066666666666666
BuildingConstructionMission:0.26666666666666666
BuildingSalvageMission:0.26666666666666666
ConstructionTabPanel:0.15666666666666668
