Doc:0.6366666666666667
Doc_Allocation:0.46
Doc_AllocationTax:0.25833333333333336
