Login:0.37666666666666665
GeneBean:0.30333333333333334
SearchAllObjects:0.2966666666666667
ArticleBean:0.27666666666666667
PubBeanI:0.18666666666666668
UserBean:0.17666666666666667
LocusBean:0.16666666666666666
Display:0.15666666666666668
XmlRpc:0.09222222222222222
