XSLTag:0.9033333333333333
XSLTagTest:0.14666666666666667
