TrainToolbarAction:0.41
TestToolbarAction:0.3433333333333333
CalculateToolbarAction:0.11333333333333333
SetInputToolbarAction:0.1
ResetToolbarAction:0.1
RandomizeToolbarAction:0.08
