BaseClient:0.5666666666666667
SocketIOClient:0.3466666666666667
SocketIOListener:0.195
PacketListener:0.14333333333333334
