PointInTime:0.6133333333333333
DateWidget:0.36666666666666664
Calendar:0.34
SwitchCalendar:0.19666666666666666
