ObjCompileImpl:0.5466666666666666
MapListTest:0.38666666666666666
MapListCompile:0.2932222222222222
Maplist:0.17
