Index:0.71
MapService:0.36666666666666664
DefaultRecordStore:0.3566666666666667
IndexImpl:0.23333333333333334
IndexService:0.19
