ImportDialog:0.6372222222222222
ExecuteScriptImport:0.4866666666666667
ImportSelectedText:0.17
