FlyIdValidator:0.6844444444444445
FlyOverlap:0.2866666666666667
