CacheControl:0.6666666666666666
CacheControlTest:0.2833333333333333
CacheStrategy:0.19333333333333333
