Order:0.7966666666666666
EmailProcessorConfiguration:0.34
EmailProcessor:0.2733333333333333
TestEmailProcessorConfiguration:0.2633333333333333
