NameTable:0.8133333333333334
CastResolver:0.31333333333333335
CastResolverTest:0.30333333333333334
