HttpUrlTest:0.5666666666666667
HttpUrl:0.3473333333333333
RealCall:0.3433333333333333
AsyncCall:0.23111111111111116
StreamWebSocket:0.1811111111111111
