FluxPhongShader:0.74
FluxLight:0.49222222222222217
FluxParallelLight:0.3155555555555556
