PrimitiveArrayTest:0.37
ObjectiveCImplementationGenerator:0.33666666666666667
ArrayAccessTest:0.31666666666666665
StatementGeneratorTest:0.31
ObjectiveCImplementationGeneratorTest:0.21666666666666667
AutoboxerTest:0.21666666666666667
AnonymousClassConverterTest:0.19666666666666666
ArrayRewriter:0.16
