HiveClient:0.41
HivePartition:0.36666666666666664
AbstractTestHiveClient:0.23666666666666666
SplitManager:0.19744444444444442
BytesHiveRecordCursor:0.18666666666666668
InformationSchemaDataStreamProvider:0.18333333333333332
HiveUtil:0.13
TestHiveClientSplitIteratorBackPressure:0.07333333333333333
TestHiveClient:0.07333333333333333
