ChannelTableModel:0.45
SymmetricDatabase:0.41333333333333333
ModelObjectTableModel:0.3466666666666667
ChannelEditScreen:0.3
