NetworkLocation:0.64
TestNetworkTopology:0.24833333333333332
BenchmarkNetworkTopology:0.24833333333333332
