GwtTeamingMessages:0.6966666666666667
DlgBox:0.3433333333333333
ConfigureUserAccessDlg:0.31
InvokeConfigureUserAccessDlgEvent:0.27666666666666667
GwtServerHelper:0.25333333333333335
ManageNetFoldersDlg:0.22333333333333333
ModifyAvatarDlg:0.21666666666666667
EventHelper:0.18733333333333335
AdminControl:0.17666666666666667
