PayloadValidatingInterceptorTest:0.5703333333333334
AbstractSoap11BodyTestCase:0.44333333333333336
AxiomSoap11BodyTest:0.25
