Speak:0.31
SodbeansOutputTopComponent:0.2633333333333333
AbstractScreenReader:0.23666666666666666
HopCompletionItem:0.23083333333333333
TextToSpeechPanel:0.20666666666666667
ComponentScreenReader:0.18694444444444444
SpeechBlockTalk:0.17083333333333334
SpeechTalk:0.17083333333333334
SpeechSoundManager:0.1686111111111111
CommandLineImpl:0.16333333333333333
CompilerView:0.16
KeyHandler:0.145
RightKeyHandler:0.145
ScreenReaderImpl:0.14333333333333334
Starter:0.13333333333333333
SodbeansStopDebuggerAction:0.13333333333333333
GlobalListener:0.13
SodbeansDebugAction:0.13
SodbeansRunAction:0.12666666666666668
SodbeansCleanAction:0.12
SodbeansBuildAction:0.12
SodbeansCleanBuildAction:0.12
Stopper:0.11
SodbeansToggleBreakpointAction:0.11
LeftKeyHandler:0.09
InitTTSAction:0.09
