IOContext:0.6866111111111111
XEGImport:0.36333333333333334
XEGExport:0.32666666666666666
XEGUnknown:0.23666666666666666
XEGNode:0.07666666666666666
XEGSphere:0.043333333333333335
XEGFrustum:0.04
XEGCylinder:0.02
XEGCone:0.016666666666666666
XEGBox:0.016666666666666666
