ResourceUtil:0.5566666666666666
FolderUtils:0.32666666666666666
SelfResource:0.21333333333333335
FolderResource:0.21333333333333335
BinderUtils:0.15
LinkUriUtil:0.14083333333333334
WorkspaceResource:0.12333333333333334
TemplateBrief:0.11666666666666667
AbstractResource:0.11
MiscResource:0.10333333333333333
AbstractBinderResource:0.08666666666666667
TemplateResource:0.015277777777777777
TemplatesResource:0.013333333333333334
