AgentService:0.7057777777777778
MasterService:0.5253333333333333
