AtomContainer:0.5366666666666666
Strand:0.39666666666666667
Polymer:0.38
BioPolymer:0.22
