LotteryTestUtils:0.42333333333333334
LotteryAdministrationImpl:0.15
LotteryServiceImpl:0.15
LotteryAdministrationTest:0.10333333333333333
LotteryTicketRepositoryTest:0.03666666666666667
