ConfiguredClass:0.48
ColumnValues:0.3933333333333333
MappedAttribute:0.36333333333333334
EntityBinder:0.30333333333333334
