PortException:0.4066666666666667
DefaultFileSystemStore:0.31333333333333335
GrammarVisitor:0.273
SystemStore:0.25666666666666665
DefaultArchiveSystemStore:0.23333333333333334
GxlToGlossary:0.19333333333333333
GrooveExport:0.17777777777777778
EcoreToDesign:0.17333333333333334
ConceptualPorter:0.15666666666666668
ResourceEdit:0.14333333333333334
EcoreToGlossary:0.14
GxlExport:0.13333333333333333
EcoreExport:0.10666666666666667
