SessionRegistry:0.8674206349206349
SessionRegistryImpl:0.29333333333333333
SessionRegistryImplTests:0.22333333333333333
