EditIssueActionUtil:0.4066666666666667
IssueServiceTest:0.3933333333333333
IssueServiceImpl:0.27666666666666667
ITrackerResourcesTest:0.21666666666666667
HTMLUtilities:0.20333333333333334
AdminHomeAction:0.17333333333333334
ApplicationInitialization:0.16170634920634921
