GraphVertex:0.6266666666666667
ComputationGraph:0.4866666666666667
LayerVertex:0.13111111111111112
PreprocessorVertex:0.13111111111111112
DuplicateToTimeSeriesVertex:0.13111111111111112
LastTimeStepVertex:0.13111111111111112
MergeVertex:0.13111111111111112
SubsetVertex:0.13111111111111112
ElementWiseVertex:0.12444444444444445
TestGraphVertex:0.10333333333333333
StaticInnerGraphVertex:0.02
