PredictionContext:0.37
TestGraphNodes:0.27666666666666667
SingletonPredictionContext:0.27
ArrayPredictionContext:0.22666666666666666
LexerATNSimulator:0.22666666666666666
