Groove:0.48333333333333334
Simulator:0.4216666666666667
Options:0.37
