LinkedFilterBinding:0.37166666666666665
InstanceFilterBinding:0.37166666666666665
LinkedServletBinding:0.37166666666666665
InstanceServletBinding:0.37166666666666665
AbstractServletModuleBinding:0.28
FilterDefinition:0.27
ServletDefinition:0.26666666666666666
LinkedServletBindingImpl:0.06666666666666667
InstanceFilterBindingImpl:0.06666666666666667
LinkedFilterBindingImpl:0.06666666666666667
InstanceServletBindingImpl:0.06666666666666667
