ExecUtility:0.52
TestCommandLineUtilities:0.42
TestIngestDemoObjects:0.2966666666666667
FedoraHome:0.21666666666666667
