FieldValueFactorFunction:0.8133333333333334
FieldValueFactorFunctionParser:0.23666666666666666
FunctionScoreFieldValueIT:0.09666666666666666
