BsonBinaryReader:0.5766666666666667
BsonBinaryWriter:0.43
LazyBSONObject:0.20333333333333334
RawBsonDocument:0.20333333333333334
BasicBSONEncoder:0.19
DocumentCodecTest:0.17
MessageHelper:0.16
BsonBinaryWriterTest:0.15666666666666668
RawBsonDocumentCodec:0.13333333333333333
BasicBSONDecoder:0.12
CodecTestUtil:0.11333333333333333
DBEncoderAdapter:0.1
ReplyMessage:0.1
DBDecoderAdapter:0.09333333333333334
MyEncoder:0.08
BsonBinaryReaderTest:0.023333333333333334
