DBManager:0.43666666666666665
ClientToolBox:0.3333333333333333
CommandLine:0.22
DataBaseConfig:0.18
Arguments:0.13333333333333333
