AbstractGenerator:0.68
Configuration:0.39666666666666667
RooUtils:0.29833333333333334
