Toolbar:0.37333333333333335
CollapsingToolbarLayout:0.33
TextView:0.31333333333333335
LinearLayout:0.23666666666666666
AppBarLayout:0.23
FlowLayout:0.22666666666666666
ConstraintLayout:0.22666666666666666
CoordinatorLayout:0.22666666666666666
GridLayout:0.22666666666666666
Button:0.22666666666666666
FrameLayout:0.22666666666666666
RelativeLayout:0.22666666666666666
ImageView:0.22666666666666666
DrawerLayout:0.22666666666666666
EditText:0.20333333333333334
