PluginManager:0.4666666666666667
PluginManagerTests:0.4633333333333333
GetThread:0.42
HttpDownloadHelper:0.20333333333333334
