Tag:0.6733333333333333
SimpleCrawlerHandler:0.4766666666666667
ExampleDeliciousCrawler:0.23044444444444448
AbstractTagCrawler:0.2
BibsonomyCrawler:0.16166666666666665
ExampleBibsonomyCrawler:0.09
