GL12:0.7833333333333333
GLU:0.5333333333333333
OpenGLException:0.37555555555555553
