LayoutFrame:0.4866666666666667
PaperSizes:0.4066666666666667
RulerOverlay:0.21
GeometricMath:0.10333333333333333
MatrixTools:0.07
FileFilter:0.07
Template:0.07
TypoUnits:0.023333333333333334
