ChadoTransactionTransformer:0.57
TransactionManager:0.4066666666666667
TransactionXMLAdapter:0.39266666666666666
