TimeSlotDescriptionInputDialog:0.41333333333333333
Starter:0.41333333333333333
ScreenshotMonitoringTask:0.25333333333333335
SaveAction:0.12666666666666668
