ParameterConstants:0.616388888888889
DataLoaderService:0.39
OutgoingBatchService:0.27666666666666667
