Player:0.5366666666666666
FreeCol:0.44
Server:0.39
FreeColServer:0.38333333333333336
MetaServer:0.35
Canvas:0.30333333333333334
InGameInputHandler:0.24
ConnectController:0.23333333333333334
PreGameController:0.18
NewPanel:0.17333333333333334
StartGamePanel:0.17
ServerInfo:0.16666666666666666
ServerListPanel:0.13333333333333333
PreGameInputHandler:0.09333333333333334
ServerListTableModel:0.08333333333333333
NetworkHandler:0.05
UserConnectionHandler:0.03333333333333333
MetaRegister:0.03
MetaItem:0.013333333333333334
