Errors:0.8233333333333334
InternalProvisionException:0.43333333333333335
ProviderMethod:0.22666666666666666
ProviderInternalFactory:0.19
InternalFactoryToProviderAdapter:0.19
