Record:0.49666666666666665
CMap:0.47333333333333333
MapConfig:0.41
PartitionProxy:0.35
TcpIpConfig:0.35
Request:0.35
MapIndexService:0.34
DataRecordEntry:0.275
QueryTest:0.27
PartitionServiceImpl:0.2633333333333333
PartitionManager:0.23
ClusterTest:0.22666666666666666
XmlConfigBuilder:0.22
ConcurrentMapManager:0.2
GetOperationHandler:0.19333333333333333
EvictOperationHandler:0.15666666666666668
QueryOperationHandler:0.15666666666666668
HazelcastClientClusterTest:0.15333333333333332
TestFullApplicationContext:0.13666666666666666
CMapTest:0.12666666666666668
MPut:0.12666666666666668
MContainsKey:0.11
MGet:0.10666666666666667
StoreAwareOperationHandler:0.10333333333333333
MEmpty:0.08
