RDF2GoRDFContainerFactory:0.2633333333333333
ModelUtil:0.20666666666666667
RDF2GoValueFactory:0.20666666666666667
TestOutlookCrawlAll:0.12
TestOutlookCrawler:0.09666666666666666
IcalDataSourceFactory:0.04666666666666667
WebDataSourceFactory:0.04666666666666667
FileSystemDataSourceFactory:0.04666666666666667
ImapDataSourceFactory:0.04666666666666667
AddressbookDataSourceFactory:0.04666666666666667
DataSourceFactory:0.04
OutlookDataSourceFactory:0.03333333333333333
