ImagePanel:0.78
PLutPanel:0.4033333333333333
PLutGUIFrame:0.33166666666666667
