Edge:0.5766666666666667
NBEdge:0.4066666666666667
XMLio:0.28
EdgesInfoModel:0.26666666666666666
JNetScriptWriter:0.25666666666666665
