LuceneSession:0.6776666666666666
BinderModule:0.49
SearchFilter:0.4766666666666667
AjaxController:0.3333333333333333
LocalLuceneSession:0.27666666666666667
BinderModuleImpl:0.26666666666666666
