WindowMatcher:0.5066666666666667
PlanMatchPattern:0.39666666666666667
AnySymbolReference:0.20666666666666667
RelaxedEqualityFunctionCall:0.17666666666666667
