JavaScriptJobManagerImpl:0.42333333333333334
JavaScriptJobsSupervisor:0.2966666666666667
ExtJS22Test:0.26
ExecutingJobTracker:0.24555555555555553
JavaScriptJob:0.23666666666666666
MooTools121Test:0.1775
