Model:0.5433333333333333
View:0.38
Controller:0.30333333333333334
ModelChangeListener:0.09333333333333334
