MultiMap:0.6771666666666666
Cfg:0.53
MultiHashMap:0.3933333333333333
UnboundedFifoBuffer:0.37333333333333335
Buffer:0.3167619047619048
Main:0.13733333333333334
BufferUnderflowException:0.016666666666666666
