Config:0.5513888888888889
RedissonMultiLock:0.3566666666666667
