InnerHitsParseElement:0.29
NestedInnerQueryParseSupport:0.22333333333333333
NestedQueryParser:0.05333333333333334
NestedScope:0.05
InnerHitsTests:0.03333333333333333
