TigerParser:0.6366666666666667
TigerNode:0.49
JavaParser:0.25
TigerLabeler:0.22
ClassNode:0.20666666666666667
