ARINC661App:0.6633333333333333
ARINCSettings:0.43666666666666665
