ChadoInstance:0.7930555555555555
ChadoDatabase:0.37333333333333335
ChadoAdapter:0.3
XmlConfigFileParser:0.26666666666666666
ChadoAdapterGUI:0.22333333333333333
AbstractChadoInstance:0.14
