Document:0.73
ContentParserConfig:0.38333333333333336
CodedValueUtils:0.3161111111111111
SubmitDocumentRequestBuilder:0.19666666666666666
CDAToXDSMapper:0.18666666666666668
XDSBridgeConfigXmlParser:0.15
XDSBridgeConfigTest:0.13
MockRegistryClient:0.09666666666666666
MockRepositoryClient:0.08666666666666667
MockXConfigTransaction:0.02666666666666667
