User:0.58
SharedProject:0.4866666666666667
EditorManager:0.3
FollowModeAction:0.21
OutgoingInvitationProcess:0.20027777777777778
SessionView:0.19666666666666666
SessionContentProvider:0.18
JumpToDriverPositionAction:0.14333333333333334
LeaveHandler:0.11666666666666667
ConsistencyWatchdogServer:0.10666666666666667
PreferenceManager:0.07666666666666666
