GLSLDisplay:0.51
OpenGLState:0.48
LightShaderConfiguration:0.33666666666666667
GLSLVolumeBuilder:0.23
GLSLBox:0.21166666666666667
Drawable:0.20666666666666667
FullQualityRenderPass:0.16966666666666666
GLSLSkyReflectionLight:0.16333333333333333
GLSLPlane:0.16
PlaneMaterialConfiguration:0.14666666666666667
CacheScenePass:0.13
GLSLUpdateCache:0.11666666666666667
ToneMappingPass:0.11
