NtlmProcessingFilter:0.4766666666666667
NtlmType2MessageException:0.42661111111111105
NtlmAwareLdapAuthenticatorImpl:0.2833333333333333
