Robolectric:0.7066666666666667
ShadowParameters:0.4533333333333333
CameraParametersTest:0.17
