WebKeys:0.47560317460317453
FindUsers:0.43666666666666665
AbstractAccessControlController:0.25333333333333335
AjaxController:0.18666666666666668
