ClientInvocationService:0.7705555555555555
ClientInvocationServiceSupport:0.4033333333333333
ClientConnectionManagerImpl:0.31666666666666665
