PythonScriptEngineService:0.7566666666666667
PythonScriptSearchTests:0.15333333333333332
PythonScriptEngineTests:0.06666666666666667
PythonPlugin:0.023333333333333334
SimpleBench:0.016666666666666666
PythonScriptMultiThreadedTest:0.013333333333333334
