Executor:0.44666666666666666
SchemaMapping:0.38333333333333336
Utils:0.2966666666666667
RenamedTable:0.14666666666666667
