UserStatisticsController:0.6957777777777778
UserStatisticsGFXController:0.5766666666666668
