OutputBuffer:0.58
BasicBSONEncoder:0.52
DBCollectionTest:0.2633333333333333
BasicBSONEncoderTest:0.12333333333333334
