RegisteredService:0.9133333333333333
AbstractRegisteredService:0.5666666666666667
DefaultRegisteredServiceProperty:0.27666666666666667
JsonServiceRegistryDaoTests:0.12666666666666668
JpaServiceRegistryDaoImplTests:0.04666666666666667
