NettyAsyncHttpProvider:0.51
JDKAsyncHttpProvider:0.25666666666666665
GrizzlyAsyncHttpProvider:0.215
ConnectionManager:0.21333333333333335
AsyncHttpUrlConnection:0.20111111111111113
HttpProtocol:0.15
AsyncHttpClientFilter:0.11333333333333333
