Utils:0.52
SarosSession:0.4533333333333333
PairTest:0.37
OutgoingProjectNegotiation:0.29333333333333333
VoIPCollector:0.25333333333333335
GeneralPreferencePage:0.22142857142857145
EnterXMPPAccountComposite:0.205
ArchiveStreamService:0.19666666666666666
ExplanationComposite:0.19
UPnPAccessStub:0.19
EnterProjectNamePage:0.18666666666666668
SelectionUtils:0.185
CollaborationUtils:0.17333333333333334
BaseResourceSelectionComposite:0.17333333333333334
AddProjectToSessionWizard:0.17333333333333334
ActivitySequencer:0.15666666666666668
MUCSessionPreferencesNegotiatingManager:0.14333333333333334
FileMediaManager:0.14333333333333334
AudioRecorder:0.14333333333333334
UpdatableValue:0.14333333333333334
WholeImageFilter:0.14
BaseProjectSelectionComposite:0.13666666666666666
DiffPrint:0.12
ListExplanationContentComposite:0.12
SendFileAction:0.11333333333333333
ProjectShareBuddies:0.10833333333333334
ConcurrentEditingTest:0.10333333333333333
ArrayUtilsTest:0.1
NetworkRequest:0.095
