Renderer:0.5922222222222221
RendererListener:0.2763095238095238
