NetSocketImpl:0.6133333333333333
HttpClientImpl:0.3422222222222222
ClientConnection:0.30333333333333334
NetClientImpl:0.2866666666666667
ServerConnection:0.2633333333333333
ServerHandler:0.1608730158730159
