Option:0.43333333333333335
Impl:0.32666666666666666
Report:0.28
OptionsWidget:0.21666666666666667
PropertyOption:0.1855952380952381
Cell:0.18333333333333332
UserHomeGenJOption:0.16333333333333333
FileAssociationOption:0.16333333333333333
MultipleChoiceOption:0.16
