BackendBeanRemote:0.43666666666666665
KuwaibaWebservice:0.4033333333333333
BackendBean:0.37666666666666665
UserGroup:0.3333333333333333
UserInfo:0.2
UserGroupInfoLight:0.08
UserGroupInfo:0.01
