MobileLaboratory:0.778888888888889
Lab:0.48333333333333334
