Window:0.65
SimpleScriptable:0.27777777777777773
JavaScriptEngine:0.2733333333333333
XMLHttpRequest:0.23
CSSStyleSheet:0.20722222222222222
HTMLParser:0.18
HtmlNoScript:0.16753968253968254
DefaultPageCreator:0.16333333333333333
XMLSerializer:0.16
SvgPageTest:0.14666666666666667
