RedissonClient:0.6466666666666666
Redisson:0.6105555555555555
TestObject:0.47333333333333333
