BeanMethod:0.38
ConfigurationClass:0.33
ExternalBeanMethod:0.33
NonJavaConfigMethod:0.30333333333333334
AutoBeanMethod:0.2833333333333333
AspectClass:0.23666666666666666
ModelMethod:0.19
ModelClass:0.13666666666666666
ExternalValueMethod:0.08333333333333333
