CSSStyleDeclaration:0.5733333333333334
StyleElement:0.36666666666666664
ComputedCSSStyleDeclaration:0.30333333333333334
CSSStyleDeclarationTest:0.26666666666666666
