TimeFragmentTableView:0.55
TimeTunnelCommand:0.38666666666666666
TimeFragmentDetailView:0.38333333333333336
PathTraceCommand:0.11666666666666667
