Array:0.6266666666666667
SnapshotArray:0.27666666666666667
LongArray:0.23
CharArray:0.23
FloatArray:0.23
IntArray:0.23
BooleanArray:0.23
