HttpClientRequestImpl:0.44666666666666666
HttpClientStream:0.4036111111111111
StreamImpl:0.32666666666666666
Http2ClientStream:0.30333333333333334
Http1xClientConnection:0.23333333333333334
HttpClientConnection:0.19055555555555556
Http2ClientConnection:0.155
Http1xClientHandler:0.08
