TriggerRouterService:0.42
DatabaseWriter:0.38666666666666666
RouterService:0.31333333333333335
ChannelRouterContext:0.23333333333333334
DefaultDatabaseWriterConflictResolver:0.22444444444444447
DataLoaderService:0.19605555555555554
TriggerRouterServiceSqlMap:0.1841666666666667
