EventsWithoutWhitespaceIterator:0.9133333333333333
SaxPullParserTest:0.32666666666666666
