MyDesklet:0.7933333333333333
Main:0.3333333333333333
Plugin:0.13666666666666666
