AgentBuilder:0.56
Default:0.39
Matched:0.3233333333333333
AgentBuilderDefaultApplicationTest:0.22333333333333333
ByteBuddyTutorialExamplesTest:0.22
AgentBuilderDefaultTest:0.19333333333333333
