EditUserDialog:0.8455555555555555
UserManagerPreferencePage:0.36333333333333334
