CachingKeyStoreWrapper:0.5769047619047619
KeyStoreTools:0.4666666666666667
BaseCryptoToken:0.4483333333333333
