EmbedClient:0.4866666666666667
DefaultDataProviderParserHandler:0.45
ApplyScriptAction:0.30366666666666664
ScriptHelper:0.3
ConfigParser:0.292
VariableCellEditor:0.27
VariableTableModel:0.15580952380952381
DefaultDataComponent:0.14
EditorScriptPlugin:0.13333333333333333
