Kernel32:0.9066666666666666
Kernel32Test:0.2866666666666667
Kernel32Util:0.2833333333333333
Kernel32UtilTest:0.28
WinBase:0.20333333333333334
