ContainerBuilder:0.7233333333333334
AbstractModule:0.28222222222222226
ContainerTest:0.25
StaticInjectionTest:0.11777777777777776
