ShardsLimitAllocationDecider:0.61
ClusterModule:0.48
ApplySettings:0.11666666666666667
ShardsLimitAllocationTests:0.023333333333333334
