Mappings:0.8266666666666667
Configuration:0.4533333333333333
AttributeNodeImpl:0.36666666666666664
EntityBinder:0.25666666666666665
MappingsImpl:0.19333333333333333
EntityManagerFactoryImpl:0.19
