AggregationPipe:0.48111111111111104
CollectingBatchConsumer:0.3566666666666667
MergeCountProjector:0.21
