HttpTest:0.43888888888888894
HttpClientImpl:0.4166666666666667
Http2Test:0.39
HttpServerImpl:0.31527777777777777
ConnQueue:0.2966666666666667
