BatchSqlUpdateItemWriter:0.4066666666666667
HibernateAwareItemWriter:0.375
AbstractTransactionalResourceItemWriter:0.3333333333333333
