AbstractBulkByScrollRequest:0.6088888888888889
RestReindexAction:0.42055555555555557
RestReindexActionTests:0.23333333333333334
