VariationalAutoencoder:0.6116666666666667
ReconstructionDistribution:0.6038888888888888
TestReconstructionDistributions:0.2633333333333333
BernoulliReconstructionDistribution:0.25666666666666665
ExponentialReconstructionDistribution:0.25666666666666665
GaussianReconstructionDistribution:0.22666666666666666
CompositeReconstructionDistribution:0.05
