SmilesTools:0.7033333333333335
SmilesToolsTest:0.49666666666666665
