GUIUtils:0.44
FWTable:0.37666666666666665
NewSecurityRuleAction:0.27666666666666667
SecurityTab:0.25
EditSecurityRuleAction:0.18
