DataManager:0.5733333333333334
UserQueryInput:0.39666666666666667
LuceneQueryBuilder:0.20333333333333334
LuceneIndexField:0.06333333333333334
SearchParameter:0.06333333333333334
