IPathConverter:0.46
UrlEncodingStringConverter:0.46
EditorManager:0.42333333333333334
AbstractActivity:0.3291507936507937
ViewportActivity:0.25
TextEditActivity:0.25
EditorActivity:0.17400000000000002
XppReader:0.06333333333333334
