ARCReader:0.47333333333333333
ARCWriter:0.41333333333333333
GzippedInputStream:0.34
ARCRecord:0.30666666666666664
CompressedARCReader:0.18
ARCWriterTest:0.03666666666666667
