ClientMapProxy:0.5233333333333333
MapCodecTemplate:0.43666666666666665
MapExecuteOnKeyRequest:0.39
MapExecuteOnKeyMessageTask:0.23666666666666666
MapSubmitToKeyMessageTask:0.23666666666666666
ClientMapLockTest:0.10666666666666667
LockEntryProcessor:0.09785714285714286
