HivePartitionKey:0.6033333333333334
BackgroundHiveSplitLoader:0.338
TestHiveSplit:0.20346031746031742
