AbstractSharedClusterTest:0.65
SimpleSortTests:0.47333333333333333
IgnoreIndicesTests:0.24666666666666667
SearchStatsTests:0.16
