CmsCAService:0.44666666666666666
XKMSCAService:0.44666666666666666
CAAdminSessionBean:0.38666666666666666
CADataHandler:0.2833333333333333
