UnicodeUtils:0.4666666666666667
SourceBuilder:0.33666666666666667
TypeImplementationGenerator:0.32
EnumRewriter:0.2733333333333333
JavadocGenerator:0.25222222222222224
