MigrationOperation:0.575
MigrationEventCounterService:0.4166666666666667
MigrationRequestOperation:0.37
MigrationAwareServiceTest:0.18666666666666668
