Sequence:0.47
Script:0.44
DynamicClassLoader:0.4066666666666667
Step:0.35933333333333334
Launch:0.35
ScriptEditor:0.32
ForkedStepRunner:0.20444444444444446
ScriptTestCase:0.19444444444444445
StepRunnerTest:0.19
StepRunner:0.19
AppletSecurityManager:0.03666666666666667
