WxGroup:0.48
WxServiceImpl:0.3933333333333333
WxService:0.3466666666666667
WxGroupAPITest:0.23
