TopicConfig:0.42
XmlConfigBuilder:0.41
TopicService:0.3566666666666667
SpringXmlConfigBuilder:0.27
ConfigXmlGenerator:0.2633333333333333
TopicAddMessageListenerMessageTask:0.15333333333333332
TopicConfigReadOnly:0.125
TopicProxySupport:0.10666666666666667
TopicStressTest:0.09333333333333334
TopicTest:0.06333333333333334
TopicConfigTest:0.04666666666666667
