View:0.8133333333333334
CustomerWithGroupsTest:0.3233333333333333
