CoreDao:0.865
DefaultProfileCoreProcessor:0.36333333333333334
CoreDaoImpl:0.2833333333333333
