DefaultGenerator:0.43333333333333335
DefaultGeneratorStrategy:0.4166666666666667
GeneratorStrategy:0.27166666666666667
Keys:0.22191269841269842
Tables:0.22191269841269842
Public:0.13666666666666666
