PropertyName:0.5533333333333333
Literal:0.5533333333333333
Function:0.23666666666666666
BinaryExpression:0.23666666666666666
