Utils:0.5666666666666667
EditorAPI:0.41333333333333333
Saros:0.37
SarosContext:0.27
InvitationWizard:0.22666666666666666
SubscriptionManager:0.20333333333333334
BalloonNotification:0.17722222222222223
SarosView:0.16
SarosContextBuilder:0.13666666666666666
ImageManager:0.12666666666666668
