LockProxy:0.5133333333333333
ClientLockProxy:0.32666666666666666
LockTest:0.27666666666666667
LockProxySupport:0.2633333333333333
