ShadowWrangler:0.5066666666666667
Plan:0.48161111111111116
SandboxClassLoader:0.38666666666666666
MyClassHandler:0.2866666666666667
InstrumentingClassWriter:0.22333333333333333
OldClassInstrumentor:0.21333333333333335
ClassHandler:0.175
ShadowMetadata:0.16413167388167385
ClassInstrumentor:0.07333333333333333
ShadowMethodPlan:0.03333333333333333
ShadowDecorator:0.0033333333333333335
