Broadcaster:0.6716666666666666
DefaultBroadcaster:0.38666666666666666
AtmosphereServlet:0.36666666666666664
AsynchronousProcessor:0.31666666666666665
ApplicationConfig:0.29
AtmosphereResourceImpl:0.27666666666666667
DefaultBroadcasterFactory:0.23
AtmosphereResourceEventImpl:0.22333333333333333
AsyncIOWriter:0.22166666666666668
BroadcasterConfig:0.20666666666666667
Entry:0.14
AsyncWriteToken:0.13333333333333333
AtmosphereResponse:0.12666666666666668
AtmosphereRequest:0.12666666666666668
FrameworkConfig:0.12
HeaderConfig:0.07
