PathKit:0.47
MetaBuilder:0.29
TableBuilder:0.26166666666666666
SqlServerDialect:0.23
RenderManager:0.19
RandomDirective:0.15666666666666668
OreillyCos:0.13666666666666666
OracleDialect:0.12666666666666668
Captcha:0.09916666666666667
