ConfigFileConstants:0.47737301587301584
WmiPeerFactory:0.47
WmiDataCollectionConfigFactory:0.29
WmiCollector:0.16666666666666666
WmiCollectionAttribute:0.13333333333333333
WmiCollectionResource:0.1
WmiAgentState:0.07666666666666666
WmiGroupState:0.042777777777777776
WmiCollectionSet:0.035
WmiCollectorException:0.017388888888888888
WmiCollectionAttributeType:0.016666666666666666
