Attribute:0.79
Structure:0.3333333333333333
Validator:0.29333333333333333
