VocabWord:0.58
Word2Vec:0.34
InMemoryLookupCache:0.2816666666666667
SentenceActor:0.2277777777777778
SkipGramActor:0.19444444444444445
Builder:0.16
VocabCache:0.14416666666666667
