Array:0.4066666666666667
LongArray:0.23333333333333334
FloatArray:0.23333333333333334
Bag:0.21666666666666667
IntArray:0.21333333333333335
FloatBag:0.2
IntBag:0.2
LongBag:0.2
ArrayPool:0.15666666666666668
BagPool:0.14333333333333334
ItemIterator:0.09333333333333334
