C:0.5923333333333333
RequestInjectionTest:0.43
TypeLiteralInjectionTest:0.29
SuccessTest:0.24666666666666667
AllTests:0.13
