ManagedAtmosphereHandler:0.5866666666666667
IOUtils:0.42
BroadcastOnPostAtmosphereInterceptor:0.15666666666666668
HeaderConfig:0.02
