Subprocess:0.58
MultiInstanceDialog:0.44333333333333336
MultiInstance:0.25666666666666665
MultiInstanceDelegate:0.03833333333333333
MultiInstanceGraphicalEditPart:0.006666666666666667
