ActionInvocation:0.7533333333333333
DefaultActionInvocation:0.3566666666666667
MockActionInvocation:0.33666666666666667
DummyActionInvocation:0.30333333333333334
TestActionInvocation:0.30333333333333334
InvocationSessionStore:0.2546666666666667
DefaultActionInvocationTest:0.22666666666666666
TokenSessionStoreInterceptor:0.13
DefaultActionInvocationTester:0.12432936507936508
InvocationSessionStoreTest:0.11916666666666667
