ComponentRecorder:0.5733333333333333
LauncherTest:0.47
AbstractRecorderFixture:0.2966666666666667
