MultipleEntryOperation:0.48
PartitionWideEntryOperation:0.4066666666666667
AbstractMapServiceContextSupport:0.22333333333333333
MapServiceContextEventListenerSupport:0.195
