FuzzyLikeThisActionTests:0.24666666666666667
MoreLikeThisFieldQueryBuilder:0.23666666666666666
MoreLikeThisQueryBuilder:0.23666666666666666
MoreLikeThisActionTests:0.21666666666666667
FuzzyLikeThisQueryBuilder:0.18
FuzzyLikeThisFieldQueryBuilder:0.16333333333333333
