FlowExecutionContext:0.6033333333333334
FlowExecutionListener:0.48333333333333334
Flow:0.48
MockFlowExecutionListener:0.4166666666666667
MockRequestControlContext:0.37333333333333335
FlowExecutionImpl:0.3466666666666667
ViewState:0.29333333333333333
HibernateFlowExecutionListener:0.26
FlowExecutionListeners:0.22
RequestControlContextImpl:0.22
AbstractFlowExecutionTests:0.21166666666666667
FlowExecutionImplTests:0.20666666666666667
ActionState:0.175
FlowTests:0.16333333333333333
JpaFlowExecutionListener:0.15666666666666668
ActionStateTests:0.12666666666666668
FlowExecutionListenerAdapter:0.12253968253968256
SubflowStateTests:0.11666666666666667
TransitionTests:0.11
ActionExecutorTests:0.0875
ViewFactory:0.0625
StateTests:0.043333333333333335
DecisionStateTests:0.041944444444444444
AnnotedActionTests:0.03666666666666667
NullFinalResponse:0.02666666666666667
FlowExecutionHandlerSetTests:0.025333333333333333
StubViewFactory:0.02
SimpleViewFactory:0.006666666666666667
NoInputMapper:0.0
NoOutputMapper:0.0
