SignificantTermsAggregatorFactory:0.5766666666666667
FilterAggregatorFactory:0.19333333333333333
AggregatorTestCase:0.18
