Settlement:0.53
Simulation:0.39666666666666667
Task:0.28
BuildingMalfunctionPanel:0.225
BuildingPanel:0.21333333333333335
BuildingMaintenancePanel:0.21
MainWindow:0.20666666666666667
MarsProjectFX:0.20333333333333334
LocationTabPanel:0.19666666666666666
Sleep:0.19666666666666666
MainMenu:0.19
BuildingPanelMaintenance:0.17666666666666667
MaintenanceTabPanel:0.15666666666666668
Weather:0.15
TabPanelMaintenance:0.03333333333333333
