StreamInput:0.62
BytesStreamsTests:0.42
PagedBytesReferenceTests:0.35333333333333333
PagedBytesReferenceStreamInput:0.22666666666666666
InputStreamStreamInput:0.21
FilterStreamInput:0.10265873015873016
StreamTests:0.07666666666666666
