DomNode:0.5833333333333334
HtmlPage:0.52
Script:0.31
Document:0.2725
HtmlScript:0.18666666666666668
DomNodeTest:0.04
ScriptTest:0.04
