CliConfig:0.5883333333333334
Utils:0.3933333333333333
Resolver:0.31666666666666665
