StoreroomFacility:0.8233333333333334
InsituResourceProcessorFacility:0.30666666666666664
FacilityManager:0.23666666666666666
Structure:0.0
