PathWatcherService:0.7388888888888889
CasManagementAuthenticationConfiguration:0.43333333333333335
CasCoreConfigurationWatchConfiguration:0.29333333333333333
CasConfigurationSupportUtilitiesConfiguration:0.02
