ResourceUtil:0.5866666666666667
LinkUriUtil:0.42
LegacyFileByNameResource:0.22333333333333333
AbstractFileResource:0.21666666666666667
FolderEntryResource:0.20333333333333334
FileResource:0.17666666666666667
FolderEntryBriefBuilder:0.13333333333333333
LegacyFileByIdResource:0.13333333333333333
