ARINC661ChangeLookAndFeelTest:0.38666666666666666
SynthToLookModelParser:0.29333333333333333
SynthLookGenerator3Test:0.28
ApplyScriptJFXAction27Test:0.19166666666666668
PropertySetterTest:0.13666666666666666
ApplyScriptJFXAction28Test:0.12666666666666668
SynthLookGenerator4Test:0.04
