LagartoParser:0.41555555555555557
LagartoParserUtil:0.38666666666666666
DomXmlTest:0.27
