HTMLImageElement:0.6933333333333334
HTMLImageElementTest:0.2663333333333333
