Display:0.49
Article:0.26
Protocol:0.20333333333333334
PubSource:0.20333333333333334
DisplayDefault:0.17
User:0.16666666666666666
DelegatorServlet:0.16
Locus:0.11333333333333333
