NFA:0.5966666666666667
NFABytecodeGenerator:0.37666666666666665
NFABytecodeTriggers:0.3466666666666667
TestNFABytecodeInterp:0.22666666666666666
TestNFABytecodeGeneration:0.21733333333333335
