TypeDescription:0.6666666666666666
ForLoadedType:0.55
AbstractTypeDescriptionTest:0.3333333333333333
MethodCall:0.2866666666666667
ArrayProjection:0.25666666666666665
AbstractBase:0.24333333333333335
LazyTypeDescription:0.24333333333333335
Sample:0.22111111111111115
AbstractMethodDescription:0.19666666666666666
AbstractInstrumentedTypeTest:0.18777777777777777
AbstractTypeDescription:0.17
MethodCallProxy:0.16666666666666666
AbstractMethodDescriptionTest:0.155
Appender:0.03333333333333333
SampleSub:0.0025
