StreamInput:0.6266666666666667
StreamOutput:0.4427777777777777
BytesStreamsTests:0.19666666666666666
