Workstation:0.7366666666666667
InputManagerView:0.23333333333333334
WorkstationApp:0.16333333333333333
SelectAllAction:0.14666666666666667
ApplicationWorkbenchAdvisor:0.14
RuleBaseClickAdapter:0.09305555555555556
SourceCodeDeleteAction:0.01
LibraryDeleteAction:0.01
