ColorWell:0.48
TokenMarker:0.47333333333333333
ColorWellButton:0.41333333333333333
NoWrapTokenHandler:0.1692063492063492
DisplayTokenHandler:0.13333333333333333
SoftWrapTokenHandler:0.10666666666666667
