Table:0.5733333333333334
jOOQAbstractTest:0.46
UpdatableTableImpl:0.2627777777777778
AbstractTable:0.25333333333333335
Public:0.19333333333333333
UpdatableTable:0.14984920634920637
Keys:0.08666666666666666
