VcardSubCrawlerTest:0.5311111111111111
MimeSubCrawlerTest:0.29833333333333334
SubCrawlerTestBase:0.22666666666666666
