SingleConsumerNonblockingProducerPriorityQueue:0.5833333333333334
SingleConsumerNonblockingProducerDelayQueueTest:0.30333333333333334
DelayQueueBenchmark:0.2633333333333333
