DiscoveryNodeFiltersTests:0.7910555555555556
FilterAllocationDeciderTests:0.2733333333333333
