TranslogTests:0.5344444444444444
MinDocCountIT:0.5233333333333333
NodePath:0.3055555555555555
