JPPFJob:0.6433333333333333
MyJobListener:0.3223518518518519
AbstractFutureTask:0.28
TestPreferencePolicy:0.23333333333333334
LongTaskRunner:0.17
MyTask:0.13777777777777775
MyResult:0.07666666666666666
EminRunner:0.04
TaskData:0.012
MyFutureTask:0.0033333333333333335
