Bond:0.5333333333333333
IborIndex:0.33666666666666667
InterestRateIndex:0.30333333333333334
Currency:0.29333333333333333
SimpleCashFlowVisitor:0.27051984126984113
FloatingRateBond:0.25666666666666665
SwapIndex:0.25083333333333335
Libor:0.21
CmsLeg:0.21
BondTest:0.18
ConvertibleBondOption:0.17
ResultsImpl:0.16666666666666666
FloatingLeg:0.14333333333333334
PricerSetter:0.14333333333333334
YieldFinder:0.13
ArgumentsImpl:0.09
CommonVars:0.03333333333333333
