SummaryComparator:0.7669444444444444
MyErrorHandler:0.4486111111111111
