Loader:0.4088888888888889
SubselectFetch:0.36333333333333334
ResultSetProcessingContextImpl:0.27666666666666667
