ProcessError:0.5166666666666667
ProcessExecutionErrors:0.39666666666666667
PropertyResources:0.3233333333333333
Utils:0.23
BackCompatibilityClassNames:0.14333333333333334
