ExecutionService:0.6033333333333334
ManagedExecutorService:0.46
PartitionIteratingOperation:0.2733333333333333
CompletableFutureTask:0.27111111111111114
BasicOperationService:0.24
ClientEngineImpl:0.20333333333333334
ManagedExecutorServiceMBean:0.19
MapContainer:0.18666666666666668
BasicOperationScheduler:0.16166666666666665
ClusterServiceImpl:0.15333333333333332
ExecutionServiceImpl:0.15333333333333332
NodeJobTracker:0.13333333333333333
HealthMetrics:0.12
