Trigger:0.5633333333333334
TriggerRouterService:0.4033333333333333
TriggerHistory:0.3233333333333333
Router:0.30333333333333334
ITriggerRouterService:0.3025
StreamReloadDataCommand:0.13666666666666666
TriggerRouterMapper:0.13
TriggerHistoryMapper:0.12222222222222222
