AssignmentPage:0.5833333333333334
SpecMolResource:0.39166666666666666
SpecMolEditor:0.31
