RelsValidator:0.5766666666666667
RelsValidatorTest:0.46866666666666673
