RedissonClient:0.7191666666666666
Redisson:0.6866666666666666
RedissonRemoteService:0.3466666666666667
RedissonRemoteServiceTest:0.1
