A:0.7616666666666667
DynamicGeneratedRecord:0.3433333333333333
DynamicReflectionRecord:0.31333333333333335
RecordCaliperBenchmark:0.2866666666666667
DynamicMethodHandleRecord:0.2633333333333333
DynamicRecord:0.24
DynamicRecordTest:0.21666666666666667
DynamicUnsafeRecord:0.20666666666666667
Records:0.145
SimpleRecordTest:0.135
