TestFSM:0.6166666666666667
TestGate:0.2633333333333333
