SpectrumChartFactory:0.756388888888889
JcampToCMLSpectrumMapper:0.5219444444444444
