ParserRuleSet:0.35
Token:0.34
LineContext:0.28
TokenMarker:0.2733333333333333
NoWrapTokenHandler:0.23
ParserRule:0.22333333333333333
ChunkCache:0.18555555555555558
Chunk:0.18333333333333332
BufferPrinter1_4:0.12
DefaultTokenHandler:0.02666666666666667
TokenHandler:0.025833333333333333
DisplayTokenHandler:0.02
DummyTokenHandler:0.0
