EventBus:0.6633333333333333
EventBusBuilder:0.4633333333333333
EventBusBuilderTest:0.21
