Log:0.44666666666666666
CruiseControlException:0.3933333333333333
Project:0.36
Modification:0.33
IO:0.27666666666666667
ProjectConfig:0.25
Util:0.23666666666666666
LogTest:0.21
ProjectTest:0.19666666666666666
MergeLoggerTest:0.19666666666666666
NantBuilderTest:0.18333333333333332
DateFormatFactory:0.1825
FileSystemTest:0.16
HttpFileTest:0.14666666666666667
