DefaultAttributeReleasePolicyMapper:0.48333333333333334
CasManagementWebAppConfiguration:0.41333333333333333
