FileIO:0.4666666666666667
CalculateGibbsAction:0.44666666666666666
ReactionInputAction:0.32
InputAction:0.2733333333333333
