TreeItemTester:0.5933333333333334
TreeTester:0.35333333333333333
Watcher:0.12333333333333334
TreeItemVisibleCondition:0.07
