MetadataTools:0.72
CollectionMetadataGenerator:0.4066666666666667
AuditMetadataGenerator:0.31333333333333335
ToOneRelationMetadataGenerator:0.23666666666666666
