ERDesignerComponent:0.48
EntityTool:0.22666666666666666
CommentTool:0.22666666666666666
ViewTool:0.22666666666666666
