ComponentTester:0.45
Step:0.37666666666666665
ComponentReference:0.3566666666666667
Action:0.35333333333333333
Launch:0.25666666666666665
Assert:0.23333333333333334
Script:0.23
MethodInvocation:0.22666666666666666
JLabelTester:0.16666666666666666
JListTester:0.16333333333333333
JComboBoxTester:0.16333333333333333
ComponentTesterTest:0.15
AbstractButtonTester:0.13
