ChildrenViewScene:0.416
CreateMultipleSpecialBusinessObjectAction:0.36333333333333334
CreateSpecialBusinessObjectAction:0.2833333333333333
CreateBusinessObjectAction:0.2816666666666667
CreateSpecialBusinessObjectFromTemplateAction:0.22333333333333333
CustomMoveAction:0.22333333333333333
TemplateListFrame:0.11592063492063491
