AnnotatedFeature:0.5833333333333334
Transaction:0.5566666666666666
UpdateTransaction:0.36333333333333334
TransactionManager:0.30666666666666664
ChadoTransactionTransformer:0.2866666666666667
DataAdapterException:0.22444444444444447
DeleteTransaction:0.12666666666666668
TransactionUtil:0.11666666666666667
AnnotationAddEvent:0.08333333333333333
