Launcher:0.55
JUnit4TestEngineDiscoveryTests:0.44
DiscoveryRequestBuilder:0.41333333333333333
LauncherTests:0.25333333333333335
