ChadoInstance:0.7633333333333333
FlybaseChadoInstance:0.2866666666666667
JdbcChadoAdapter:0.2633333333333333
ChadoProgram:0.2633333333333333
XmlConfigFileParser:0.26
AbstractChadoInstance:0.22
TigrSybilChadoInstance:0.22
AnalysisTable:0.13
