Main:0.5766666666666667
EmbeddedJettyServer:0.22333333333333333
CruiseControlWithJetty:0.22
MainTest:0.14666666666666667
EmbeddedJettyServerTest:0.013333333333333334
