JUnit4TestEngine:0.5
RunListenerAdapter:0.41888888888888887
JUnit4TestEngineExecutionTests:0.23666666666666666
