PseudoEpsgFactory:0.40900000000000003
MathTransformTest:0.36333333333333334
TestSuite:0.2633333333333333
