TestCaseDataSet:0.4866666666666667
TaskLogicMockFactory:0.45
GetAcceptableTaskBoundConditionsTests:0.4473333333333331
ITaskListBuilderTestProvider:0.4033333333333333
EscalationGroup:0.30666666666666664
TaskListBuilder:0.24333333333333335
ITestCaseDataSet:0.21777777777777782
TemporaryGroup:0.18333333333333332
ActorInInactiveEscalationGroupBoundConditionsTests:0.10544444444444444
TaskListBuilderTestProvider:0.1
DelegateTaskServlet:0.07333333333333333
TaskAcceptableBySubstitutionRulesBoundConditionsTests:0.05333333333333334
CheckSubstitutionRulesBoundConditionsTests:0.0175
AddColumnsToSubstituteEscalatedTasksPatch:0.0025
