MultiLayerNetwork:0.6
ComputationGraph:0.4266666666666667
LayerVertex:0.35
SparkDl4jMultiLayer:0.25333333333333335
SparkComputationGraph:0.21666666666666667
SparkUtils:0.15333333333333332
TestComputationGraphNetwork:0.10333333333333333
