Context:0.6333333333333333
SequencerAgent:0.42333333333333334
ConsensusModuleHarness:0.2833333333333333
Configuration:0.22333333333333333
