X3DTexture:0.39444444444444443
X3DImageTexture:0.2833333333333333
X3DMaterial:0.2833333333333333
X3DImport:0.26
Type:0.25333333333333335
X3DTextureTransform:0.22666666666666666
X3DFontStyle:0.22166666666666668
X3DAppearance:0.19333333333333333
X3DTextureCoordinate:0.14666666666666667
X3DNormal:0.14333333333333334
X3DColor:0.14333333333333334
X3DCoordinate:0.14333333333333334
