RedissonMapTest:0.5686111111111111
CommandEncoder:0.47
RedissonBatchTest:0.38666666666666666
CommandBatchEncoder:0.05333333333333334
