ClientSynchronizedDocument:0.7133333333333334
ServerSynchronizedDocument:0.68
SimulatedNetworkTest:0.20333333333333334
SimpleServerProxyTest:0.17
DOptPuzzleTest:0.17
SimpleClientServerTest:0.16972222222222225
JupiterSimulater:0.15333333333333332
