ReceiveChannelEndpoint:0.5066666666666667
SendChannelEndpoint:0.4166666666666667
UdpChannelTransport:0.19666666666666666
