DataLoader:0.5633333333333334
MouseManager:0.3933333333333333
