KuwaibaWebservice:0.43
RootObject:0.42333333333333334
BackendBean:0.39666666666666667
BackendBeanRemote:0.25666666666666665
