AbstractProperty:0.35333333333333333
OAuth2Definition:0.3433333333333333
ApiKeyAuthDefinition:0.32
Response:0.24666666666666667
ExternalDocs:0.24
SecurityRequirement:0.24
BasicAuthDefinition:0.23166666666666666
AbstractModel:0.20333333333333334
SecuritySchemeDefinition:0.013333333333333334
