BusinessEntityManagerImpl:0.5983333333333334
Reports:0.36833333333333335
