FullQualifiedNameFieldProvider:0.5833333333333334
SelectStatementAnalyzerTest:0.47333333333333333
SessionContext:0.34
SQLExecutor:0.3333333333333333
Schemas:0.30666666666666664
Builder:0.2866666666666667
SqlExpressions:0.20388888888888887
ExpressionAnalyzerTest:0.19
RelationAnalyzer:0.18
FieldProviderTest:0.18
SessionSettingRegistry:0.0
