VariableMapping:0.5133333333333333
VariableUtils:0.48
ProcessDefinition:0.43666666666666665
MultiTaskState:0.43333333333333335
GraphElement:0.4
MultiinstanceParameters:0.36666666666666664
VariableFormatRegistry:0.31666666666666665
MultiinstanceComposite:0.27
FormEditor:0.23333333333333334
FormType:0.21916666666666668
VariablesComposite:0.21777777777777782
QuickFormEditor:0.21666666666666667
UpdateSwimlaneNameDialog:0.21333333333333335
FieldValidatorsWizardPage:0.21333333333333335
QuickFormVariableWizardPage:0.21333333333333335
JpdlSerializer:0.19666666666666666
BpmnSerializer:0.185
UserVariablesListComboParameter:0.17333333333333334
SubprocessDialog:0.16666666666666666
MultiTaskVariableDialog:0.16333333333333333
VariableSearchVisitor:0.155
ValidatorWizard:0.15166666666666667
UpdateVariableNameDialog:0.14333333333333334
EditorsPlugin:0.125
MultiSubprocessDialog:0.12
LanguageElementPreferencePage:0.11666666666666667
SendEmailActionHandlerProvider:0.11333333333333333
GaProperty:0.1075
MultiTaskPresentation:0.105
CreateSwimlaneFeature:0.09
SubprocessPresentation:0.09
PropertyNames:0.09
LayoutStateNodeFeature:0.09
VariableMappingsChange:0.07
QuickFormVariableWizard:0.07
MultiTaskDiscriminatorDialog:0.05
AddMultiSubprocessFeature:0.043333333333333335
SelectMultiTaskSynchronizationModeAction:0.03666666666666667
EditMultiTaskDiscriminatorAction:0.006944444444444445
MultiTaskDiscriminatorChange:0.0
AddMultiTaskFeature:0.0
