MarsClock:0.8033333333333333
EarthClock:0.48
MasterClock:0.2469047619047619
