ShadowApplicationTest:0.42
ShadowDisplay:0.39666666666666667
ShadowContextImpl:0.34
ShadowTelephonyManager:0.25333333333333335
ShadowWindowManagerImpl:0.22666666666666666
ShadowContextImplTest:0.21
ShadowInputMethodManager:0.18
ShadowKeyguardManager:0.16
NoOpInterceptor:0.13666666666666666
AndroidInterceptorsTest:0.13666666666666666
ShadowServiceManager:0.10666666666666667
ShadowMediaRouter:0.0
