BulletTestCollection:0.4083333333333333
BaseBulletTest:0.2633333333333333
ConvexHullTest:0.24800000000000003
MeshShapeTest:0.23666666666666666
ConstraintsTest:0.16666666666666666
KinematicTest:0.056666666666666664
