FieldDefinition:0.59
ClassDefinition:0.5433333333333333
ClassDefinitionWriter:0.38666666666666666
FieldDefinitionImpl:0.31
ClassDefinitionBuilder:0.26666666666666666
DefaultPortableReader:0.25
BinaryClassDefinitionProxy:0.23333333333333334
DefaultPortableWriter:0.23333333333333334
ClassDefinitionImpl:0.18
PortableWriter:0.17587301587301588
PortableSerializer:0.11333333333333333
