TreeInfo:0.56
GwtRpcServiceAsync:0.48888888888888893
GwtRpcService:0.48888888888888893
GwtServerHelper:0.38333333333333336
WorkspaceTreeControl:0.23
GwtRpcServiceImpl:0.21666666666666667
MainMenuControl:0.2111111111111111
GwtMainPage:0.19666666666666666
TreeDisplayVertical:0.14333333333333334
TreeDisplayHorizontal:0.11
