RubyParsedComponent:0.6133333333333333
RubyParser:0.32
TS_UiTests:0.26666666666666666
TC_RubyParser:0.25
