Channel:0.5366666666666666
NodeChannel:0.49
ConfigurationService:0.32666666666666666
TriggerRouterService:0.2733333333333333
RouterService:0.25333333333333335
