MapItemsConstructor:0.6766666666666666
MapItemsPanel:0.3988333333333334
MapsConfiguration:0.36833333333333335
MapsPluginItemsListConstructor:0.33666666666666667
ClientConfiguration:0.2633333333333333
MapItemListConstructor:0.25333333333333335
MapsPanel:0.21
OpenXMLAction:0.13333333333333333
XMLMapsDefinitionParser:0.03
BufferOfItemsInfo:0.016666666666666666
ClientMapUtilities:0.0033333333333333335
