Renderer2D:0.5933333333333334
GeometryTools:0.57
Controller2D:0.24
StructureDiagramGeneratorTest:0.17166666666666666
