HotkeysReferencer:0.7333333333333333
HotkeysTableModel:0.6266666666666667
