HTMLElement:0.7033333333333334
HTMLDocument:0.5933333333333334
