Pixmap:0.6066666666666667
ShadowMappingTest:0.5833333333333334
ScissorStack:0.25666666666666665
LwjglDebugStarter:0.20666666666666667
