DescriptorimplTypeItemProvider:0.4533333333333333
MoleculelistTypeItemProvider:0.43333333333333335
QsarItemProviderAdapterFactory:0.35333333333333333
TestWrite:0.27666666666666667
MoleculeResourceTypeItemProvider:0.23666666666666666
