DeepAutoEncoder:0.4033333333333333
DBN:0.36333333333333334
BaseMultiLayerNetwork:0.36
AutoEncoder:0.25666666666666665
DeepAutoEncoderTest:0.21666666666666667
DeepAutoEncoderReconstructions:0.12666666666666668
DeepAutoEncoderExample:0.08666666666666667
