Drawable:0.5694444444444445
DrawableSeqFeature:0.4755555555555555
Transformer:0.4633333333333333
DrawableUtil:0.39
PixelRange:0.16333333333333333
