CacheEnvironment:0.6566666666666666
LocalRegionCache:0.39666666666666667
AbstractGeneralRegion:0.2833333333333333
HazelcastTimestamper:0.23333333333333334
