Model:0.4827777777777778
MultiLayerNetwork:0.39666666666666667
FrozenLayer:0.2866666666666667
ComputationGraph:0.25
BarnesHutTsne:0.23666666666666666
SimpleOptimizableModel:0.23666666666666666
SymmetricTrainer:0.21
VariationalAutoencoder:0.20666666666666667
GradientsExtractor:0.18333333333333332
BaseLayer:0.17666666666666667
