SwingUtility:0.45
GenericMBeanServerProxy:0.21333333333333335
JMXRemotingMBeanServerProxy:0.21333333333333335
Mx4jMBeanServerProxy:0.21333333333333335
