MatchQuery:0.6866666666666666
MultiMatchQuery:0.42288888888888887
MultiMatchQueryBuilder:0.41
QueryBuilder:0.2728888888888889
MultiMatchQueryIT:0.2633333333333333
MultiMatchQueryBuilderTests:0.22333333333333333
