BackPropMLPTest:0.4066666666666667
ConvolutionLayerTest:0.4066666666666667
ConvolutionLayerSetupTest:0.27666666666666667
MultiLayerNeuralNetConfigurationTest:0.25333333333333335
