SessionFactoryImplementor:0.8866666666666667
SessionFactoryImpl:0.54
EntityManagerFactoryImpl:0.37333333333333335
