MetaModel:0.6466666666666666
MetaTab:0.44
AnnotatedClassParser:0.20333333333333334
XavaSuite:0.16666666666666666
Warehouse2Test:0.14666666666666667
Warehouse2Key:0.05
Warehouse2:0.04666666666666667
