ValidatorBase:0.57
JFXTextArea:0.27666666666666667
JFXTextField:0.27666666666666667
JFXPasswordField:0.27666666666666667
