SelectWidgetAction:0.2633333333333333
RemoveAllLinksAction:0.2633333333333333
NewWidgetAction:0.16333333333333333
MouseWheelFunctionAction:0.14
RemoveLinkAction:0.12
AddLinkAddressAction:0.12
MoveToDesktopAction:0.12
CharacterAction:0.11666666666666667
BrushTypeAction:0.11333333333333333
