ImportContext:0.5266666666666666
NodeImportRequest:0.48333333333333334
AbstractTransportImportAction:0.37333333333333335
RestImportActionTest:0.09533333333333334
