CVSRepository:0.8233333333333334
CVSHistoryParser:0.24666666666666667
CVSRepositoryTest:0.10333333333333333
