PieChartTab:0.7211111111111111
BarChartTab:0.5567777777777778
