MethodDescription:0.6305555555555555
Default:0.41333333333333333
TypeWriterDefaultTest:0.3233333333333333
AbstractMethodDescriptionTest:0.30666666666666664
AccessBridgeWrapper:0.26777777777777784
AbstractBase:0.13333333333333333
