FieldMapper:0.8633333333333333
AbstractFieldMapper:0.36666666666666664
NumberFieldMapper:0.33666666666666667
FieldDataTermsFilterTests:0.27
TermsFilterParser:0.15
