ByteBuddyMojo:0.7886111111111112
TransformationAction:0.5736666666666667
