PostponedAction:0.7158333333333333
JavaScriptEngine:0.37
BaseFrame:0.31666666666666665
HtmlUnitContextAction:0.27
GWT15RC1Test:0.22
