EjbcaWebBean:0.5583333333333333
AuditorManagedBean:0.51
RAInterfaceBean:0.2966666666666667
EndEntityAuthenticationSessionBean:0.14
