MaterialCalendarView:0.5566666666666666
DayViewFacade:0.41
DayView:0.3566666666666667
MonthPagerAdapter:0.2633333333333333
HighlightWeekendsDecorator:0.16
Span:0.035
