Mixin:0.3566666666666667
ConstructorDelegate:0.3333333333333333
AbstractClassGenerator:0.32
Enhancer:0.3
TestMixin:0.23333333333333334
MulticastDelegate:0.22
MixinEmitter:0.20666666666666667
EnhancerEmitter:0.19666666666666666
Helpers:0.14333333333333334
Generator:0.13666666666666666
