IndexLookup:0.47333333333333333
AccumuloClient:0.4533333333333333
AccumuloSessionProperties:0.2966666666666667
ColumnCardinalityCache:0.2633333333333333
CardinalityCacheLoader:0.21
CacheKey:0.17333333333333334
TestAccumuloClient:0.16666666666666666
AccumuloModule:0.09
