NodeConcurrencyFilter:0.29333333333333333
ThrottleFilter:0.22666666666666666
AuthenticationFilter:0.2
SymmetricFilter:0.2
SymmetricWebServer:0.17666666666666667
AbstractFilter:0.17333333333333334
SymmetricFilterTest:0.16666666666666666
RegistrationServlet:0.12666666666666668
AbstractServlet:0.11666666666666667
AlertServlet:0.07333333333333333
PullServlet:0.06333333333333334
AckServlet:0.05333333333333334
CompressionFilter:0.05111111111111111
PushServlet:0.03666666666666667
