StubXMPPTransmitter:0.5616666666666666
ResourceHelper:0.43333333333333335
FileStub:0.4166666666666667
SmackFileTransferTest:0.33666666666666667
MockInvitationProcess:0.27666666666666667
InvitationProcessTest:0.27051984126984113
IncomingInvitationProcessStub:0.25333333333333335
EditorAPIStub:0.23333333333333334
ReceiveFileListFileTransferListener:0.21591666666666665
Test:0.1838888888888889
FileListHelper:0.18152513227513226
FileTransferListenerImpl:0.1671031746031746
EditorAPITest:0.15333333333333332
XMPPTransmitterTest:0.08333333333333333
MultiUserChatManagerTest:0.0033333333333333335
