ErrorCode:0.47333333333333333
EjbcaWS:0.4594444444444444
EjbcaWSTest:0.43
ObjectFactory:0.4
IEjbcaWS:0.27615079365079365
CommonEjbcaWS:0.21776190476190474
AddSubjectToRole:0.19333333333333333
EnterpriseEditionWSBridgeSessionBean:0.17333333333333334
AddSubjectToRoleResponse:0.03631746031746032
EnterpriseEditionWSBridgeSessionLocal:0.013333333333333334
