QueueContainer:0.48333333333333334
ClientClusterServiceImpl:0.31666666666666665
KeyBasedMapOperation:0.23666666666666666
MapPutAllRequest:0.18
MemberLeftException:0.18
