TrackbackPlugin:0.7952777777777779
CommentPlugin:0.5736666666666667
