SimulationConfig:0.5733333333333334
Simulation:0.48
MasterClock:0.32666666666666666
ClockThreadTask:0.2733333333333333
