ICacheRecordStore:0.5966666666666667
CacheReplicationOperation:0.37
AbstractCacheRecordStore:0.3233333333333333
CacheService:0.25333333333333335
CachePartitionSegment:0.18666666666666668
CacheNearCacheStateHolder:0.18333333333333332
CacheSerializationTest:0.16
CacheClearBackupOperation:0.14
AbstractCacheOperation:0.13666666666666666
CacheReplicationOperationTest:0.13333333333333333
CacheLoadAllOperation:0.12333333333333334
CacheClearOperation:0.12333333333333334
CachePutAllOperation:0.12333333333333334
CachePutAllBackupOperation:0.08333333333333333
