SideKickPlugin:0.42333333333333334
SideKickOptionPane:0.37666666666666665
SideKickCompletionPopup:0.2733333333333333
SideKickActions:0.23333333333333334
ActionHandler:0.14666666666666667
