Mongo:0.6633333333333333
DefaultConnection:0.49666666666666665
MongoClientOptions:0.43333333333333335
DefaultConnectionFactory:0.24
AuthenticatingConnectionTest:0.21333333333333335
MongoClients:0.16
SingleServerClusterTest:0.10333333333333333
PlainAuthenticatorTest:0.10333333333333333
