DcmGPWL:0.52
DcmHPQR:0.4166666666666667
Dcm2Dcm:0.3016666666666667
DcmMoverCli:0.27666666666666667
