QueryStats:0.48333333333333334
ExecutionStats:0.27666666666666667
SqlTaskManager:0.26666666666666666
SqlQueryManager:0.26666666666666666
QueryManagerConfig:0.22333333333333333
TestQueryManagerConfig:0.15333333333333332
