GeneBean:0.8633333333333333
UpdateGene:0.4166666666666667
DisplayGene:0.3233333333333333
