SelectorOptimizer:0.5837777777777777
ProxyManager:0.5627777777777778
