ServletTest:0.44
FilterChainInvocation:0.36333333333333334
FilterDispatchIntegrationTest:0.36333333333333334
ThrowingFilter:0.056666666666666664
ThrowingServlet:0.05333333333333334
