CondensedAlignment:0.49666666666666665
ColourSchemeFactory:0.43333333333333335
IdCanvas:0.4266666666666667
ColourMenu:0.23333333333333334
