LDAPMapper:0.6266666666666667
PluginType:0.6233333333333333
PluginTypeTest:0.3466666666666667
