AbstractUserDetailsAuthenticationProvider:0.67
JdbcDaoImpl:0.4166666666666667
DaoAuthenticationProvider:0.30333333333333334
DefaultPostAuthenticationChecks:0.19
DefaultPreAuthenticationChecks:0.10666666666666667
