WeightInitUtil:0.7411111111111112
TfIdfVectorizerTest:0.39666666666666667
