ActionResultTest:0.38666666666666666
AppAction:0.34
ResultMapper:0.32355555555555554
OneMoveAction:0.20333333333333334
OneRedirectAction:0.20333333333333334
