IOSelector:0.501984126984127
BasicOperationScheduler:0.4066666666666667
EventPacketProcessor:0.34
EventServiceImpl:0.3233333333333333
ProxyServiceImpl:0.31666666666666665
NodeIOService:0.29
IOService:0.2775396825396825
TcpIpConnectionManager:0.2633333333333333
Registration:0.25666666666666665
PostJoinProxyOperation:0.2227777777777778
EventServiceSegment:0.19333333333333333
ClientServiceTest:0.14666666666666667
PartitionThreadFactory:0.055
PartitionThread:0.03
ProcessTask:0.0
