ErrorsAndWarningsMessagesWidget:0.6733333333333333
BuildDetailTest:0.5232222222222223
