InstrumentClass:0.6066666666666667
QuasarInstrumentor:0.3466666666666667
ASMUtil:0.3333333333333333
Transformer:0.14333333333333334
