Workstation:0.49
MangoScriptModel:0.47
Command:0.3466666666666667
CoreRuleBase:0.31666666666666665
SystemBuilder:0.31666666666666665
ReplayedMsg:0.21444444444444447
WorkerControl:0.20666666666666667
WorkstationWindow:0.20333333333333334
ScheduleRequestMsg:0.15333333333333332
ScriptableCommand:0.11833333333333333
ScriptAndPostAction:0.09666666666666666
TrapCommand:0.08666666666666667
StopWorkerAction:0.04666666666666667
