RuntimeEnvironment:0.6933333333333334
Repository:0.46
RepositoryInfo:0.3466666666666667
HistoryGuru:0.27666666666666667
MercurialRepository:0.25666666666666665
MonotoneRepository:0.24666666666666667
ClearCaseRepository:0.24666666666666667
GitRepository:0.20666666666666667
CVSRepository:0.20666666666666667
BazaarRepository:0.19666666666666666
SubversionRepository:0.19333333333333333
RepositoryFactory:0.17833333333333334
ProjectHelperTest:0.17666666666666667
HistoryContext:0.17555555555555558
RazorRepository:0.16333333333333333
PerforceRepositoryTest:0.14333333333333334
RepositoryInfoTest:0.08333333333333333
IndexerRepoTest:0.06333333333333334
