FederationManager:0.64
FederationClasses:0.24333333333333335
JUTestFederationManager:0.23333333333333334
