FormalProofCheckerExecutor:0.4583333333333333
DefaultInternalKernelServices:0.4033333333333333
WellFormedCheckerExecutor:0.3933333333333333
LogPane:0.21666666666666667
