OperatorContext:0.37
PipelineContext:0.31666666666666665
DriverContext:0.30833333333333335
TaskContext:0.29333333333333333
