OuterReferenceResolver:0.42333333333333334
ClassInstanceCreation:0.4166666666666667
OuterReferenceFixer:0.36666666666666664
TypeDeclaration:0.32666666666666666
LambdaExpression:0.26
SuperMethodInvocation:0.24
SuperMethodReference:0.23333333333333334
FunctionConverter:0.22944444444444448
ExpressionMethodReference:0.2227777777777778
TypeMethodReference:0.2227777777777778
OuterReferenceResolverTest:0.19333333333333333
CommonTypeDeclaration:0.17333333333333334
RewriteContext:0.16666666666666666
CreationReference:0.1411111111111111
FunctionalExpression:0.14
