OkHttpClient:0.4266666666666667
RealCall:0.4033333333333333
WebSocketEcho:0.2111111111111111
RetryAndFollowUpInterceptor:0.20333333333333334
Internal:0.13083333333333333
