ReferenceUtils:0.36
CommonUtils:0.34
ForeignKeyConvention:0.2866666666666667
ReferenceDDLUtils:0.2833333333333333
ColumnUtils:0.2633333333333333
ColumnNamingConvention:0.20333333333333334
TableDDLUtils:0.19333333333333333
