Simulator:0.4766666666666667
RuleJTree:0.30333333333333334
LoadRuleAction:0.29
MyMouseListener:0.2227777777777778
EditRulePropertiesAction:0.21
CopyRuleAction:0.21
EditRuleAction:0.21
NewRuleAction:0.21
RenameRuleAction:0.21
DeleteRuleAction:0.20666666666666667
RuleSelectionListener:0.18
