AbstractRequest:0.45888888888888885
OAuthRequest:0.3933333333333333
JDKHttpClientConfig:0.32666666666666666
