ReportService:0.8666666666666667
ITrackerServices:0.83
ITrackerServicesImpl:0.29333333333333333
SearchIssuesAction:0.17
ApplicationInitialization:0.14666666666666667
ReportDownloadController:0.09666666666666666
DisplayReportAction:0.09666666666666666
AdminHomeAction:0.09333333333333334
ListReportsAction:0.09333333333333334
EditReportFormAction:0.07666666666666666
RemoveReportAction:0.07666666666666666
SearchIssuesFormAction:0.07666666666666666
EditReportAction:0.07666666666666666
ExportReportAction:0.07666666666666666
ReportServiceImpl:0.06666666666666667
