ParentFieldMapper:0.54
Builder:0.42
SimpleChildQuerySearchTests:0.36666666666666664
TypeParser:0.15333333333333332
FieldDataWarmer:0.13666666666666666
