JbpmExecutionLogic:0.5766666666666667
JbpmCommonLogic:0.4066666666666667
TaskAssigner:0.32666666666666666
ThreadScheduler:0.2866666666666667
TaskCacheCtrl:0.2833333333333333
