CharacterIndex:0.5933333333333334
PropertyPathToken:0.38166666666666665
FilterCompilerTest:0.24
PathTokenFactory:0.23333333333333334
PathCompiler:0.21916666666666668
PathCompilerTest:0.21666666666666667
FilterCompiler:0.21
PathTokenTest:0.11666666666666667
