CommandThread:0.61
Core:0.5166666666666667
SpellChecker:0.4633333333333333
ISpellChecker:0.34703968253968254
MainWindowMenuHandler:0.31
EditorSpellChecking:0.27
ChangeUserDictionary:0.14844444444444446
