LinearDefinition:0.58
Gazetteer:0.5466666666666666
AbstractGazetteer:0.23333333333333334
AbstractOntoGazetteer:0.22
DefaultGazetteer:0.14472222222222222
