ProfileCoreProcessor:0.54
LdapSyncResults:0.4533333333333333
AjaxController:0.3466666666666667
UserCoordinator:0.23666666666666666
LdapSyncThread:0.23333333333333334
DefaultProfileCoreProcessor:0.20666666666666667
GroupCoordinator:0.20666666666666667
LdapModuleImpl:0.2
ConfigureLdapController:0.18333333333333332
PartialLdapSyncResults:0.06666666666666667
WebKeys:0.06
