SymbolFormatter:0.5766666666666667
SymbolFormatterTest:0.3466666666666667
LocalDataCollectTest:0.2833333333333333
