CDKManager:0.6366666666666667
CDK10Manager:0.47333333333333333
