Sound:0.83
GwtMusic:0.42333333333333334
OpenALSound:0.37333333333333335
SMSound:0.28805555555555556
OpenALAudio:0.25
AndroidSound:0.24666666666666667
IOSObjectALSound:0.14416666666666667
IOSSound:0.14416666666666667
GwtSound:0.12333333333333334
