AssociationType:0.16
Association:0.14666666666666667
AssociationDescriptor:0.1317222222222222
StructuralDescriptor:0.09
PropertyDescriptor:0.08
