FormActionMethods:0.6533333333333333
FormAction:0.6083333333333333
FormActionTests:0.38333333333333336
