CommChannel:0.5833333333333334
NotificationProcess:0.24666666666666667
OutputPort:0.2
WhileProcess:0.19
SelectableStreamingCommChannel:0.18
CommChannelHandlerRunnable:0.16
SelectorThread:0.15
