LandingPageEditor:0.5533333333333333
DropWidget:0.42
FileAttachments:0.3744444444444444
HtmlDropWidget:0.23333333333333334
GraphicWidgetDlgBox:0.22
TinyMCEDlg:0.20333333333333334
