ConfigurationEnhancer:0.7316666666666667
ConfigurationListener:0.6877777777777778
ConfigurationProcessor:0.5333333333333333
EnhancerMethodInvoker:0.42333333333333334
CglibConfigurationEnhancer:0.35
ConfigurationEnhancerFactory:0.27051984126984113
BeanMethodMethodInterceptor:0.15333333333333332
ConfigurationListenerSupport:0.12666666666666668
LifecycleTests:0.11333333333333333
BeanMethodReturnValueProcessor:0.10666666666666667
BeanNameTrackingDefaultListableBeanFactory:0.05
MethodBeanWrapper:0.03333333333333333
SpringAdvisorConfigurationListener:0.03
HotSwapConfigurationListener:0.03
ConfigurationListenerRegistry:0.02
ScopedProxyBeanMethodMethodInterceptor:0.01
DefaultConfigurationEnhancerFactory:0.006666666666666667
AspectJAdviceConfigurationListener:0.006666666666666667
ExternalBeanMethodMethodInterceptor:0.006666666666666667
ExternalValueMethodMethodInterceptor:0.0033333333333333335
ResourceBundlesConfigurationListener:0.0033333333333333335
ScopedProxyConfigurationListener:0.0033333333333333335
SpringAdviceConfigurationListener:0.0
AbstractAopConfigurationListener:0.0
AutoBeanConfigurationListener:0.0
