ESIntegTestCase:0.39666666666666667
InternalTestCluster:0.38
RandomShapeGenerator:0.3
RandomDocumentPicks:0.29
FailAndRetryMockTransport:0.27666666666666667
RestClientMultipleHostsTests:0.24666666666666667
XContentMapValues:0.24666666666666667
ElasticsearchHostsSnifferTests:0.23
BackgroundIndexer:0.21666666666666667
ESTestCase:0.21333333333333335
CancellableTasksTests:0.19
RandomQueryBuilder:0.17666666666666667
RequestLoggerTests:0.14
SlicedInputStreamTests:0.13666666666666666
SnifferBuilderTests:0.11666666666666667
