Curve:0.45366666666666666
PiecewiseYieldCurve:0.4533333333333333
IborIndex:0.4166666666666667
InterestRateIndex:0.36333333333333334
InterpolatedDiscountCurve:0.36
Libor:0.24166666666666667
SwapIndex:0.19666666666666666
IborLeg:0.17
SwapRateHelper:0.13666666666666666
FloatingLeg:0.12444444444444445
InterpolatedZeroCurve:0.12333333333333334
InterpolatedForwardCurve:0.09333333333333334
Datum:0.08333333333333333
BondDatum:0.08333333333333333
PiecewiseYieldCurveTest:0.046388888888888896
CommonVars:0.021666666666666664
