QueryRetrieveScpService:0.7233333333333334
MoveTask:0.31666666666666665
GetTask:0.31333333333333335
