RemoteBotMenu:0.5
RemoteBot:0.49333333333333335
Util:0.43333333333333335
RemoteBotShell:0.42333333333333334
SuperBot:0.38333333333333336
RemoteWorkbenchBot:0.38
RemoteBotToggleButton:0.34833333333333333
ProgressView:0.3383333333333333
ShareWithC:0.3383333333333333
WorkTogetherOnC:0.33666666666666667
SarosSWTBot:0.3333333333333333
ConsoleView:0.33166666666666667
RemoteBotView:0.31666666666666665
RemoteBotTree:0.30666666666666664
RemoteBotCombo:0.3016666666666667
RemoteBotList:0.2966666666666667
SarosView:0.2866666666666667
RemoteBotCheckBox:0.28
RemoteBotText:0.28
RemoteBotCCombo:0.28
RemoteBotToolbarDropDownButton:0.27666666666666667
RemoteBotToolbarButton:0.26666666666666666
RemoteBotTable:0.2622222222222222
ContextMenusInSessionArea:0.26
RemoteBotEditor:0.26
RemoteBotTreeItem:0.25333333333333335
RemoteBotTableItem:0.25333333333333335
RemoteBotStyledText:0.25333333333333335
RemoteBotLabel:0.25333333333333335
IRemoteBotTree:0.24444444444444444
RemoteBotButton:0.24
PEView:0.24
SarosPreferences:0.24
NewC:0.24
SarosM:0.23666666666666666
RemoteBotRadio:0.23666666666666666
RemoteBotToolbarToggleButton:0.23666666666666666
RemoteBotToolbarRadioButton:0.23666666666666666
Chatroom:0.23666666666666666
RemoteBotToolbarPushButton:0.23666666666666666
RemoteBotPerspective:0.235
TeamC:0.23333333333333334
RemoteBotChatLine:0.21611111111111114
ContextMenusInPEView:0.21333333333333335
WindowM:0.21333333333333335
MenuBar:0.20333333333333334
RefactorC:0.2
RemoteBotCTabItem:0.18611111111111112
ContextMenusInBuddiesArea:0.18333333333333332
RSView:0.17388888888888887
RemoteBotViewMenu:0.17388888888888887
Views:0.17
SarosViewTest:0.14666666666666667
STFController:0.13666666666666666
IRemoteBotToolbarDropDownButton:0.1308730158730159
ContextMenusInSarosView:0.11666666666666667
IRemoteBotView:0.1092063492063492
StfRemoteObject:0.07
TesterFactory:0.06666666666666667
