ImportExportUtilities:0.5766666666666667
ImportHandler:0.43333333333333335
ImportExportUtilitiesIT:0.33666666666666667
DisplayReportActionIT:0.17333333333333334
