FileHandler:0.55
DatabaseHandler:0.41333333333333333
PersistencyHandler:0.39666666666666667
