Table:0.48333333333333334
Container:0.48
State:0.395
ImmediateModeRenderer:0.2550396825396825
DefaultStateMachine:0.2
DebugRect:0.19666666666666666
Pool:0.17
ImmediateModeRenderer20:0.12
LabelTest:0.06333333333333334
TableDebug:0.06
