ScriptsAddOrEditDialog:0.61
Step:0.5833333333333334
ScriptsAddOrEditHandler:0.20333333333333334
TemplateAddOrEditHandler:0.14
