TdsCore:0.42333333333333334
TdsData:0.39666666666666667
CallableStatementTest:0.3333333333333333
TestBase:0.2833333333333333
ConnectionJDBC2:0.21333333333333335
TdsToken:0.19666666666666666
PreparedStatementTest:0.18166666666666667
Tds5Test:0.10333333333333333
