SettingsTests:0.32
XContentSettingsLoader:0.32
YamlSettingsLoader:0.32
SettingsLoaderFactory:0.22
JsonSettingsLoader:0.13527777777777777
YamlSettingsLoaderTests:0.065
JsonSettingsLoaderTests:0.013333333333333334
