Base58:0.76
VersionedChecksummedBytes:0.2733333333333333
Base58Test:0.26666666666666666
