MonitorService:0.9
SimpleMonitorService:0.43666666666666665
DubboMonitor:0.33
DubboMonitorTest:0.17666666666666667
MonitorFilter:0.13
SimpleMonitorServiceTest:0.12666666666666668
MockMonitorService:0.06
