Query:0.48333333333333334
Concordance:0.36333333333333334
Line:0.23666666666666666
Toolbox:0.22
