TestPlanSpecification:0.49666666666666665
MethodSpecification:0.11333333333333333
JUnit4SpecificationResolver:0.10333333333333333
UniqueIdSpecification:0.05
ClassSpecification:0.05
PackageSpecification:0.05
TestPlanSpecificationElement:0.036166666666666666
AllTestsSpecification:0.03333333333333333
