BioclipseConsole:0.5633333333333334
ApplicationWorkbenchAdvisor:0.37666666666666665
