ScopedNodeLocator:0.6777777777777777
OffsetNodeLocator:0.5633333333333334
