GwtServerHelper:0.53
GwtUIHelper:0.44
GwtMenuHelper:0.30333333333333334
GwtRpcServiceImpl:0.2833333333333333
