CertificateRequestRequest:0.7166666666666667
PKCS10Request:0.59
TestRAApi:0.32666666666666666
BaseCertRequest:0.32
SubMessageFactory:0.17666666666666667
CertificateRequestRequestProcessor:0.12
