NativeSentSCEvent:0.5353333333333333
NativeStateMachine:0.4066666666666667
ExecTracker:0.355
