LocalUserAdminSessionBean:0.5966666666666667
TimeMatch:0.2833333333333333
