DBCollection:0.7666666666666667
DBCursorTest:0.5466666666666666
MapReduceTest:0.36333333333333334
GridFS:0.27
DBCursorOldTest:0.18
QueryBuilderTest:0.17
DBCollectionOldTest:0.16666666666666666
DBCollectionTest:0.08
