GraphJVertex:0.44666666666666666
ShapeJEdge:0.39466666666666667
ShapeJVertexView:0.3021624579124578
ShapeJEdgeView:0.2728888888888888
ShapeJGraph:0.25
ShapeDialog:0.21833333333333332
ShapeJPort:0.17294444444444443
ShapeJVertex:0.12933333333333333
ShapeJCellViewFactory:0.08765873015873014
ShapeJModel:0.02
ShapeJPortView:0.01
JGraphTest:0.0
