Entry:0.7911111111111111
DatabaseEntry:0.6796666666666666
