Toolbar:0.36
View2dContainer:0.35333333333333333
Activator:0.2866666666666667
WeasisLauncher:0.2866666666666667
ViewerPlugin:0.26
EventManager:0.25666666666666665
MeasureToolBar:0.24666666666666667
WeasisWin:0.23333333333333334
ToolBarContainer:0.22333333333333333
ViewerToolBar:0.20833333333333334
WtoolBar:0.18333333333333332
