ServiceReferenceComponentMetadata:0.7033333333333334
OsgiEventDispatcher:0.34
MapValue:0.3078888888888889
ConversionService:0.27051984126984113
ComponentsBeanDefinitionParser:0.26
MetadataFactory:0.22333333333333333
BlueprintModuleListener:0.21666666666666667
ListValue:0.2061111111111111
SetValue:0.2061111111111111
ValueFactory:0.1994285714285714
BeanMetadataElementFactory:0.19933333333333333
CoverterPropertyEditorRegistrar:0.18
SpringModuleContext:0.17666666666666667
CollectionBasedServiceReferenceComponentMetadata:0.13916666666666666
TypeConverterBeanDefinitionParser:0.1
SpringServiceReferenceComponentMetadata:0.09666666666666666
ModuleContextServicePublisher:0.09666666666666666
SimpleParameterSpecification:0.07666666666666666
SpringParserContext:0.07638888888888888
BeanDefinitionFactory:0.07333333333333333
SpringLocalComponentMetadata:0.06666666666666667
NamespaceHandler:0.06444444444444446
ModuleContextApiTest:0.056666666666666664
ModuleContextEventConstants:0.04666666666666667
SimpleListValue:0.04
SpringComponentDefinitionRegistry:0.04
SimpleSetValue:0.04
SpringServiceExportComponentMetadata:0.03833333333333333
BaseMetadataTest:0.03666666666666667
ConverterToPropertyEditorAdapter:0.03
MetadataConstants:0.023888888888888887
SimpleMethodInjectionMetadata:0.023333333333333334
SpringComponentMetadata:0.016666666666666666
SimplePropertyInjectionMetadata:0.016666666666666666
SimpleMapValue:0.016666666666666666
SimpleConstructorInjectionMetadata:0.013333333333333334
SimpleTypedStringValue:0.013333333333333334
ComponentMetadataFactory:0.01
SpringDmRfc124Test:0.006666666666666667
ArrayValue:0.006666666666666667
MetadataUtils:0.0033333333333333335
SimpleBindingListenerMetadata:0.0033333333333333335
SimpleReferenceNameValue:0.0
NullValue:0.0
LocalComponentMetadataTest:0.0
SimpleComponentValue:0.0
SimpleReferenceValue:0.0
SimplePropertiesValue:0.0
