ExtendedFacetsTests:0.43
TermsFacetSearchBenchmark:0.16333333333333333
QuickRollingRestartStressTest:0.16333333333333333
CustomSuggesterSearchTests:0.14333333333333334
ConcurrentSearchSerializationTests:0.10666666666666667
StringMapAdjustOrPutBenchmark:0.10666666666666667
