ByteArrayObjectDataInput:0.36666666666666664
SerializationV1Portable:0.35333333333333333
FieldDefinitionImpl:0.32
AbstractSerializationService:0.25666666666666665
ClassDefinitionImpl:0.24666666666666667
SerializationV1Dataserializable:0.2225
