HistoryModelSaver:0.20967378
HistoryModel:0.16874538
jEdit:0.1224703
MiscUtilities:0.058893956
Log:0.057833973
IOUtilities:0.054436635
StandardUtilities:0.021934979
