DefaultInputHandler:0.22039217
AbstractInputHandler:0.18366425
KeyEventWorkaround:0.13503858
GrabKeyDialog:0.11920727
TextAreaInputHandler:0.1063432
InputHandler:0.073210694
DockableWindowManager:0.04174604
StandardUtilities:0.033681333
Debug:0.030177504
Log:0.014809431
MouseActions:0.014659917
OperatingSystem:0.013888896
