KeyEventTranslator:0.43951526
AbstractInputHandler:0.41458836
TextAreaInputHandler:0.3424733
ActionBar:0.33732107
GrabKeyDialog:0.25290605
InputHandler:0.24362253
DefaultInputHandler:0.011265053
Debug:0.005498291
OperatingSystem:0.0051846933
Log:0.0030482083
