View:0.13441257
EditPane:0.119323
GUIUtilities:0.10213528
Buffer:0.08681821
jEdit:0.07228326
BufferUpdate:0.059157047
EditBus:0.044775914
JEditBuffer:0.04238674
TextArea:0.037859835
JEditTextArea:0.0364284
RolloverButton:0.031598363
Marker:0.029338134
ViewUpdate:0.025310788
EditPaneUpdate:0.010557081
