DockableWindowManagerImpl:0.18658511
DockablePanel:0.13683923
DockableLayout:0.09613233
GUIUtilities:0.050847787
View:0.045319203
DockableWindowManager:0.037560277
OperatingSystem:0.028199695
jEdit:0.027116051
DockableWindowFactory:0.022637904
StandardUtilities:0.012208292
EditBus:0.011438172
DockableWindowContainer:0.0066581136
DockableWindowUpdate:0.004795855
DefaultFocusComponent:0.0031726179
