JEditDataFlavor:0.21851681
Registers:0.13349757
View:0.04402015
TextArea:0.02434849
jEdit:0.022880001
EnhancedDialog:0.012105305
JEditRichText:0.0023473254
