GUIUtilities:0.06907352
View:0.067892544
TextArea:0.052258693
jEdit:0.04510785
MutableListModel:0.019521004
EnhancedDialog:0.01536131
