Table:0.7018333333333334
IDatabasePlatform:0.35
AbstractDatabasePlatform:0.32666666666666666
