CustomTree:0.5966666666666667
Catalog:0.33666666666666667
XmlActions:0.2966666666666667
MouseHandler:0.29583333333333334
CompletionInfo:0.28733333333333333
Handler:0.2866666666666667
XmlInsert:0.26
XmlTree:0.22333333333333333
EditTagDialog:0.22
CatalogsOptionPane:0.21666666666666667
XmlParser:0.19666666666666666
Attribute:0.19
XmlPlugin:0.18066666666666667
CompletionInfoHandler:0.17333333333333334
AttributeDecl:0.16666666666666666
AttributeTableModel:0.15333333333333332
XmlListCellRenderer:0.14833333333333334
ListHandler:0.0025
