Actor:0.5908333333333333
Group:0.5533333333333333
Image:0.33
