Value:0.30666666666666664
TcpIpConnection:0.2833333333333333
IndexImpl:0.2833333333333333
NodeHolder:0.2733333333333333
ClientPartitionServiceImpl:0.2683333333333333
ClientClusterServiceImpl:0.25666666666666665
QueryTest:0.24333333333333335
