ScheduledExecutorServiceProxy:0.5991666666666666
ScheduledExecutorGetAllScheduledMessageTask:0.42
ScheduledExecutorDataSerializerHook:0.30666666666666664
