DataType:0.8733333333333333
DefaultDataType:0.7566666666666667
CreateTableImpl:0.26661111111111113
