Data:0.43666666666666665
MProxyReal:0.36
ClusterTest:0.33666666666666667
LockBasedResponseQueue:0.28
ClusterQueueTest:0.25
ConcurrentMapManager:0.23555555555555557
RequestBasedCall:0.21666666666666667
MapStoreTest:0.21
AbstractSerializer:0.16055555555555553
