BinaryStream:0.6133333333333333
BinaryStreamImpl:0.31666666666666665
BlobProxy:0.27666666666666667
DataHelper:0.2633333333333333
ClobProxy:0.18
JdbcSupportTest:0.14333333333333334
BlobTypeDescriptor:0.12
LobCreationContextImpl:0.0
