AbstractJavaMailCrawler:0.6346666666666667
ImapCrawler:0.6244444444444445
