Config:0.6233333333333333
XmlConfigBuilder:0.39
RingbufferConfig:0.36
ReliableTopicConfig:0.35
SpringXmlConfigBuilder:0.32
InvalidConfigurationTest:0.18666666666666668
TestFullApplicationContext:0.12
