DownloadEntity:0.5333333333333333
DownloadManager:0.37666666666666665
IDownloadListener:0.25666666666666665
DownloadTarget:0.24
DbEntity:0.24
DbUtil:0.21333333333333335
BtClickListener:0.19833333333333333
DownLoadTask:0.19305555555555554
SingleTaskActivity:0.16
AutoTaskHandler:0.12333333333333334
DownloadModule:0.11333333333333333
DownloadListener:0.09333333333333334
DownLoadUtil:0.09
DownloadAdapter:0.06666666666666667
