MemberState:0.7525555555555555
MemberStateImpl:0.44666666666666666
ReplicatedMapService:0.37666666666666665
TimedMemberStateFactory:0.16333333333333333
TimedMemberStateTest:0.14
MemberStateImplTest:0.10666666666666667
