InvalidConfigurationTest:0.6938888888888889
WriteBehindWithEntryProcessorTest:0.35888888888888887
