Project:0.5733333333333334
Log:0.4866666666666667
ProjectTest:0.37333333333333335
