BusinessEntityManager:0.666611111111111
BusinessEntityManagerImpl:0.39
KuwaibaService:0.26666666666666666
WebserviceBeanRemote:0.235
WebserviceBean:0.23
