JavaBeanDeserializer:0.5466666666666666
SerialContext:0.30333333333333334
JSONPath:0.24666666666666667
JSONSerializer:0.24666666666666667
