NettyResponseFuture:0.64
ConnectionSemaphore:0.44666666666666666
DefaultAsyncHttpClient:0.2733333333333333
NettyConnectListener:0.20111111111111113
