Signature:0.7733333333333333
MethodInvoker:0.30333333333333334
InvalidMethodSignatureException:0.09799999999999999
