TimeSpan:0.7133333333333334
TestTimeSpan:0.24333333333333335
