MultiResourceItemReader:0.5733333333333334
MultiResourceItemReaderIntegrationTests:0.4266666666666667
