LocalMergeTask:0.42
DistributedRequestContextManager:0.4066666666666667
NodeVisitor:0.3466666666666667
DistributedResultRequestTest:0.18333333333333332
LocalMergeTaskTest:0.16666666666666666
TransportExecutor:0.12
MergeOperationModule:0.1
TransportMergeNodeAction:0.056666666666666664
