T:0.65
Linker:0.2833333333333333
InjectionTest:0.25666666666666665
ObjectGraph:0.24666666666666667
AtInjectBinding:0.19666666666666666
ReflectiveAtInjectBinding:0.19333333333333333
FullGraphProcessor:0.14333333333333334
