AbstractDbDialect:0.47
BootstrapService:0.39444444444444443
SymmetricEngine:0.275
OracleDbDialect:0.24
IntegrationTest:0.20666666666666667
