SpecificationResolver:0.58
SpecificationResolverTest:0.5366666666666666
JUnit5TestEngine:0.31214285714285717
