Q:0.47
Request:0.42333333333333334
ConcurrentMapManager:0.36666666666666664
ClusterManager:0.33666666666666667
Remove:0.32666666666666666
Size:0.31
ClusterService:0.31
Packet:0.29
BaseManager:0.27
MLock:0.26666666666666666
Offer:0.25
Poll:0.25
MAdd:0.24666666666666667
CMap:0.23666666666666666
MMigrate:0.22833333333333333
Read:0.225
MEvict:0.22
DistributedExecutorAction:0.21166666666666667
ExecutorManager:0.21
ListenerManager:0.20666666666666667
BlockingQueueManager:0.19666666666666666
AsyncRemotelyBooleanCallable:0.19666666666666666
MContainsKey:0.19
RequestBasedCall:0.18
MPutMulti:0.16666666666666666
MValueCount:0.13666666666666666
AsyncRemotelyObjectCallable:0.13666666666666666
ResponsiveRemoteProcess:0.13666666666666666
MPut:0.13333333333333333
MRemoveMulti:0.12333333333333334
CommitPoll:0.12333333333333334
ListenerRegistrationProcess:0.12166666666666667
DefaultPacketProcessor:0.12
MRemoveItem:0.11666666666666667
MGet:0.11333333333333333
MRemove:0.10166666666666667
MGetMapEntry:0.08666666666666667
MBackupAwareOp:0.07916666666666666
MBackup:0.04
