Configuration:0.5766666666666667
RuntimeEnvironment:0.49
WebappListener:0.2733333333333333
