FormHashModel:0.5133333333333333
FtlFormBuilder:0.37333333333333335
