Edge:0.4033333333333333
BasePolygonBuilder:0.37
ShapeBuilderTests:0.2833333333333333
