MutableDuration:0.5766666666666667
Duration:0.42333333333333334
AbstractDuration:0.41333333333333333
