IANScuService:0.5966666666666667
MPPSManagerBean:0.36833333333333335
