GUIUtils:0.6033333333333334
ButtonActionHandler:0.25666666666666665
SearchControlPanel:0.23333333333333334
SubmitSearchHandler:0.12277777777777776
TextFieldUIChangeListener:0.09
