NetFolderHelper:0.36666666666666664
NullLdapModuleImpl:0.25333333333333335
ContainerCoordinator:0.2527777777777778
UserCoordinator:0.23111111111111116
LdapModule:0.22811111111111113
LdapModuleImpl:0.22
AuthenticationManagerImpl:0.22
