URL:0.6333333333333333
UrlHelper:0.33
UrlHelperTest:0.25333333333333335
URLTagTest:0.12666666666666668
