DefaultView2d:0.45666666666666667
TagW:0.39666666666666667
FileUtil:0.3933333333333333
AbstractDragGraphic:0.3333333333333333
LoadSeries:0.2733333333333333
Thumbnail:0.27
DicomExplorer:0.24
AbstractLayerModel:0.21194444444444446
LoadRemoteDicomManifest:0.20777777777777776
InfoLayer:0.20666666666666667
CircularProgressBar:0.20666666666666667
DicomMediaIO:0.20666666666666667
DicomInstance:0.19777777777777777
CobbAngleToolGraphic:0.19333333333333333
AnimatedLabel:0.18333333333333332
PerpendicularLineGraphic:0.16333333333333333
DownloadManager:0.14666666666666667
MouseHandler:0.10333333333333333
Animate:0.09666666666666666
PriorityTaskComparator:0.09666666666666666
ContextMenuHandler:0.08333333333333333
PolygonGraphic:0.07
SeriesProgressMonitor:0.06666666666666667
