DownloadEntity:0.78
DownloadSchedulers:0.32666666666666666
SingleTaskActivity:0.29
CmdFactory:0.2744444444444445
ITaskQueue:0.22166666666666668
DownloadManager:0.21666666666666667
DListener:0.18
DownloadTaskQueue:0.16111111111111112
IDownloadSchedulers:0.11
CheckUtil:0.09333333333333334
DownloadModule:0.07666666666666666
