MProxyImpl:0.5366666666666666
CMap:0.40166666666666667
HazelcastTest:0.15666666666666668
