LuceneQueryBuilderTest:0.6066666666666667
OperatorModule:0.38
QueryBuilderHelper:0.18666666666666668
StringQueryBuilder:0.18
