LoggerPrinter:0.7066666666666667
LoggerTest:0.6166666666666667
