MultiLayerNetwork:0.5522222222222223
Builder:0.4066666666666667
MultiLayerNeuralNetConfigurationTest:0.28
BaseGraphVertex:0.2419444444444445
PreprocessorVertex:0.22
GraphVertex:0.21699999999999997
GraphBuilder:0.20333333333333334
BasePretrainNetwork:0.17277777777777778
