JobExecutionDao:0.6152777777777778
SimpleJobRepository:0.3933333333333333
AbstractJobExecutionDaoTests:0.20333333333333334
JdbcJobExecutionDao:0.15
SimpleJobRepositoryTests:0.13666666666666666
MapJobExecutionDao:0.09916666666666667
