TransportSQLActionTest:0.571111111111111
SQLTransportExecutor:0.34
InsertFromValuesAnalyzerTest:0.25
SQLTransportIntegrationTest:0.12333333333333334
