OkCancelDialog:0.5833333333333334
DocumentEditor:0.58
NewAnnotationAction:0.17666666666666667
EditAnnotationAction:0.12444444444444443
LogArea:0.08
