TypeUtils:0.6233333333333333
FieldInfo:0.39
DeserializeBeanInfo:0.29
ASMUtils:0.25333333333333335
JavaBeanDeserializer:0.22333333333333333
FieldSerializer:0.21666666666666667
ThrowableDeserializer:0.10666666666666667
