BlojsomServlet:0.7222222222222222
VelocityDispatcher:0.40888888888888886
