SQL:0.7833333333333333
UrlJdbc:0.46
NodeInfoJdbc:0.2633333333333333
JdbcMetaDataReader:0.2
