Relative:0.6766666666666666
ReportRelatives:0.5166666666666667
