ProjectForm:0.2833333333333333
TaskForm:0.2833333333333333
ReportForm:0.2833333333333333
ProjectScriptForm:0.28
CustomFieldForm:0.24666666666666667
LanguageForm:0.24666666666666667
VersionForm:0.24666666666666667
ComponentForm:0.24666666666666667
WorkflowScriptForm:0.24666666666666667
ImportForm:0.24666666666666667
ConfigurationForm:0.24666666666666667
AdminActionForm:0.24666666666666667
ForgotPasswordForm:0.22166666666666668
RemoveRelationForm:0.22166666666666668
IssueRelationForm:0.22166666666666668
MoveIssueForm:0.22166666666666668
AssignIssueForm:0.22166666666666668
LoginForm:0.22166666666666668
DisplayReportForm:0.22166666666666668
CustomFieldValueForm:0.22166666666666668
WatchIssueForm:0.21333333333333335
SearchForm:0.20083333333333334
RemoveHistoryForm:0.11
