UpdateStatisticsDatabaseTask:0.57
TreeAggregationUtil:0.27666666666666667
GroupAnalysisViewDegunkController:0.25666666666666665
PageImpressionRecorder:0.24666666666666667
RefererTreeAggregation:0.24333333333333335
AbstractStatisticsViewController:0.24
GroupAnalysisViewController:0.22444444444444447
DataAggregationJoblet:0.21777777777777782
SendReportEmailJoblet:0.21333333333333335
RefererAnalysisViewController:0.205
TechnicalInformationViewController:0.19833333333333333
PathTreeAggregator:0.18333333333333332
ScreenResolutionPerVisitAggregator:0.18
WestPanelController:0.145
RefererTreeAggregator:0.12666666666666668
RefererAnalysisViewReportController:0.12333333333333334
AbstractAggregator:0.09333333333333334
OperatingSystemPerVisitAggregator:0.09
UserAgentPerVisitAggregator:0.09
