AbstractSimpleTransportTests:0.52
SimpleLocalTransportTests:0.20666666666666667
SimpleNettyTransportTests:0.19333333333333333
