QueryCompletionTable:0.5366666666666666
NyuWormRnai:0.4422222222222223
QueryCompTableModel:0.28777777777777774
