MetaProperty:0.4166666666666667
View:0.4066666666666667
MetaReference:0.35
MetaModel:0.3
IMetaEjb:0.29003968253968254
Products2Test:0.22666666666666666
MetaEntityEjb:0.21666666666666667
MetaEjbImpl:0.21666666666666667
ModelParser:0.15333333333333332
MetaAggregateEjb:0.13333333333333333
DefaultWarehouse2Calculator:0.0
