DisplayAnnotation:0.6033333333333334
RelationshipTypeTable:0.5277777777777778
