StringUtils:0.9066666666666666
PubServlet:0.39666666666666667
