Builder:0.8655555555555554
IndexTemplateMetaDataTests:0.056666666666666664
