GL11:0.72
BufferChecks:0.49666666666666665
EXTVertexShader:0.22333333333333333
GL12:0.22333333333333333
GL14:0.22
ARBMatrixPalette:0.21666666666666667
ARBVertexProgram:0.21333333333333335
ARBVertexBlend:0.21333333333333335
NVVertexProgram:0.21333333333333335
ATIElementArray:0.17333333333333334
EXTSecondaryColor:0.17333333333333334
EXTDrawRangeElements:0.16666666666666666
EXTVertexWeighting:0.14666666666666667
EXTFogCoord:0.14666666666666667
