Rule:0.54
AttributeChecks:0.2260555555555556
ErrorNodeImpl:0.22444444444444447
ActionTranslator:0.22333333333333333
Trees:0.22
TestParseTrees:0.19666666666666666
TestW:0.15
