ArchiveConductor:0.54
ReplaySession:0.4033333333333333
RecordingWriter:0.33666666666666667
RecordingFragmentReader:0.27666666666666667
RecordingSession:0.21666666666666667
ReplaySessionTest:0.15972222222222224
RecordingSessionTest:0.09166666666666666
RecordingWriterTest:0.013333333333333334
