OnmsIpInterface:0.38666666666666666
OnmsNode:0.37
ThresholdingVisitor:0.2733333333333333
Collectd:0.26666666666666666
JavaMailerTest:0.24666666666666667
AliasedResource:0.24666666666666667
HttpMonitorTest:0.24666666666666667
OnmsCriteria:0.23
TriggerProcessor:0.19666666666666666
CollectdTest:0.19
CollectionType:0.17333333333333334
BasePersisterTest:0.17
SnmpCollectorTestCase:0.16666666666666666
Receiver:0.15666666666666668
OnmsDetachedCriteria:0.15
CollectdIntegrationTest:0.13666666666666666
