JPPFNode:0.43666666666666665
NodeIoHandler:0.2896666666666667
IdleState:0.287
NodeIoFilter:0.25366666666666665
MinaNodeServer:0.22666666666666666
WaitingResultsState:0.21333333333333335
NodeServerFactory:0.13066666666666668
