Names:0.61
TestCluster:0.39
ThreadPool:0.2966666666666667
SnapshotsService:0.27
InternalNode:0.17333333333333334
URLBlobStore:0.15666666666666668
Sync:0.15333333333333332
FsBlobStore:0.13
MockRepository:0.10333333333333333
FsRepository:0.08333333333333333
URLRepository:0.03666666666666667
