OALSimpleAudio:0.32599999999999996
GwtGL20:0.2833333333333333
IOSApplication:0.25333333333333335
LwjglAWTCanvas:0.25
MathUtils:0.23333333333333334
AndroidInput:0.2316111111111111
GwtInput:0.22666666666666666
GdxSetup:0.22333333333333333
SwingLwjglTest:0.21
IOSSound:0.20333333333333334
IOSInput:0.19666666666666666
WindowCreator:0.04777777777777777
