SimplePool:0.46
SimplePoolTest:0.43333333333333335
Result:0.39666666666666667
DBPortPool:0.3466666666666667
ReplicaSetHolder:0.23666666666666666
MongosStatus:0.2303333333333333
DynamicConnectionStatus:0.21666666666666667
