ControlPointMarker:0.6833333333333333
Connection:0.58
Edge:0.32666666666666666
Constans:0.22666666666666666
Measure:0.21777777777777782
ControlPointMarkerClickListener:0.17666666666666667
EdgeClick:0.17333333333333334
EdgeDblClick:0.17333333333333334
ControlPointMarkerDragListener:0.15333333333333332
GISView:0.13333333333333333
NodeMarkerClickListener:0.1
NodeMarkerDragListener:0.1
UploadMapButton:0.09666666666666666
MapFileReader:0.09166666666666666
ButtonDeleteNode:0.09
MapFileWritter:0.03138888888888889
