ModelMetaData:0.7783333333333333
ModelSelector:0.3466666666666667
InstantiableModel:0.2491666666666667
VGG16:0.19333333333333333
InceptionResNetV1:0.19
FaceNetNN4Small2:0.19
AlexNet:0.19
LeNet:0.19
ZooModel:0.15666666666666668
