AbstractClientEngine:0.5566666666666666
ClientXMLSymbolsHandler:0.3602222222222222
DefaultClientXMLDFHandler:0.3
ClientWidgetsRefHandler:0.29333333333333333
ClientConfigurationParser:0.2633333333333333
