AbstractWsAddressingVersion:0.59
AxiomSoap11Body:0.20333333333333334
WsAddressing200408:0.18666666666666668
WsAddressing200605:0.18666666666666668
