Property:0.758888888888889
AbstractProperty:0.43
PropertyBuilder:0.26777777777777784
PropertyDeserializer:0.11666666666666667
IntegerProperty:0.08666666666666667
LongProperty:0.08666666666666667
DoubleProperty:0.08666666666666667
FloatProperty:0.08666666666666667
UUIDProperty:0.08333333333333333
StringProperty:0.08333333333333333
