BundleClassPathTest:0.5666666666666667
FelixPlatform:0.3566666666666667
KnopflerfishPlatform:0.25
BundleClassPathWildcardTest:0.19666666666666666
