ActionRun:0.7133333333333334
ReportPlugin:0.37666666666666665
