MInvoice:0.5416666666666666
PosPanel:0.35333333333333333
