GasteigerPEPEPartialCharges:0.31333333333333335
ResonancePositiveChargeDescriptorTest:0.28
PartialPiChargeDescriptor:0.26
PiElectronegativityDescriptor:0.24666666666666667
PartialPiChargeDescriptorTest:0.21333333333333335
ResonancePositiveChargeDescriptor:0.2
PiElectronegativityDescriptorTest:0.19472222222222224
