PutOperation:0.43333333333333335
RemoveOperation:0.43333333333333335
RemoveAllOperation:0.2966666666666667
GetAllOperation:0.25
