GCLChecker:0.36666666666666664
GCLParser:0.35
GCLBuilder:0.3233333333333333
AntlrParser:0.19333333333333333
DFA7:0.14
DFA6:0.14
DFA2:0.14
DFA1:0.13866666666666666
DFA14:0.12755555555555556
DFA9:0.06333333333333334
DFA8:0.06333333333333334
