DBCollection:0.5488888888888889
ObjectId:0.38333333333333336
Bytes:0.25833333333333336
JavaClientTest:0.17333333333333334
DBCollectionTest:0.09333333333333334
ObjectIdTest:0.06333333333333334
