TcpIpConnectionManager:0.46
IOBalancer:0.4033333333333333
LoadTracker:0.36666666666666664
LoadTrackerTest:0.11333333333333333
