DepthRegionTraversal:0.6466666666666666
IfRegionVisitor:0.33
LoopRegionVisitor:0.33
ProcessVariables:0.18
CheckRegions:0.13333333333333333
ProcessTryCatchRegions:0.12666666666666668
CleanRegions:0.12
TernaryVisitor:0.023333333333333334
