SpectrumUtils:0.5966666666666667
SpectrumItem:0.4455555555555556
JcampToCMLSpectrumMapper:0.3383333333333333
