ShadowLooper:0.65
ShadowHandlerTest:0.25333333333333335
ParallelUniverse:0.20666666666666667
ShadowValueAnimatorTest:0.16666666666666666
ShadowLooperTest:0.14333333333333334
QuitThread:0.10944444444444446
