TransactionConfidence:0.38666666666666666
TransactionInput:0.35
Builder:0.3016666666666667
WalletProtobufSerializer:0.22
WalletProtobufSerializerTest:0.13333333333333333
