Rule:0.74
RuleFunction:0.31
TestLeftRecursion:0.2633333333333333
LeftRecursiveRule:0.16333333333333333
ListenerFile:0.13333333333333333
VisitorFile:0.13333333333333333
