AbstractDbDialect:0.5033333333333333
StatementBuilder:0.43
TableTemplate:0.37666666666666665
OracleDbDialect:0.26666666666666666
IDbDialect:0.235
