RrCSGPolygon:0.47333333333333333
RrHalfPlane:0.43666666666666665
RrPolygon:0.4266666666666667
RrBox:0.39
RrCSG:0.38666666666666666
Preferences:0.37
RrGraphics:0.36666666666666664
Rr2Point:0.36333333333333334
RrPolygonList:0.3566666666666667
RrInterval:0.3466666666666667
STLSlice:0.26
BooleanExpression:0.25666666666666665
Main:0.23666666666666666
StatusMessage:0.23333333333333334
Variable:0.22666666666666666
RrLine:0.22333333333333333
TableRow:0.21666666666666667
RrCSGPolygonList:0.2
FunctionTable:0.18666666666666668
TestMain:0.14833333333333334
LayerProducer:0.13666666666666666
TrackPolygon:0.11666666666666667
myMouse:0.11333333333333333
LineSegment:0.11
CodeGenerator:0.08333333333333333
LineIntersection:0.07444444444444444
testIntersection:0.03333333333333333
ExtensionFileFilter:0.03333333333333333
myKB:0.006666666666666667
