ConfigurationUtil:0.4533333333333333
IcalCrawler:0.36
DataObjectFactory:0.2683333333333333
Contact:0.26
ValueFactoryImpl:0.24
RDFContainerImpl:0.23666666666666666
ImapCrawler:0.19666666666666666
OpenXmlExtractor:0.19666666666666666
MimeExtractor:0.19666666666666666
Mail:0.19
ThunderbirdCrawler:0.14
