ResourceGroup:0.6066666666666667
InternalResourceGroup:0.31666666666666665
ResourceGroupSpec:0.2866666666666667
ResourceGroupInfo:0.20333333333333334
LegacyResourceGroupConfigurationManager:0.19666666666666666
ResourceGroupStateInfo:0.18333333333333332
InternalResourceGroupManager:0.17333333333333334
DbResourceGroupConfigurationManager:0.16666666666666666
ResourceGroupSpecBuilder:0.16333333333333333
TestFileResourceGroupConfigurationManager:0.16333333333333333
TestingResourceGroup:0.15666666666666668
TestDbResourceGroupConfigurationManager:0.13666666666666666
LegacyResourceGroupConfigurationManagerFactory:0.09666666666666666
Mapper:0.09
TestResourceGroupStateInfo:0.08333333333333333
