NestedInnerQueryParseSupport:0.67
GeoDistanceSortParser:0.305
AbstractFieldDataTestCase:0.25
SortParseElement:0.22333333333333333
SortParser:0.20166666666666666
SortParserTests:0.17
ScriptSortParser:0.12666666666666668
