LdapPublisher:0.7866666666666666
ActiveDirectoryPublisher:0.4033333333333333
EditPublisherJSPHelper:0.12555555555555556
