GwtTeamingMessages:0.7088888888888889
GwtRpcServiceAsync:0.5633333333333334
GwtRpcService:0.5633333333333334
DefinitionModuleImpl:0.28833333333333333
GwtBrandingData:0.28
DlgBox:0.2733333333333333
GwtBrandingDataExt:0.24
EditBrandingDlg:0.21
MastHead:0.18333333333333332
GwtMainPage:0.14
GwtRpcServiceImpl:0.12166666666666667
