JUnit4ClassRunner:0.4666666666666667
Suite:0.37333333333333335
Parameterized:0.32
TestClassRunnerForParameters:0.28
TheoryAnchor:0.22555555555555554
