Lang:0.6633333333333333
Context:0.4
MirrorTest:0.2733333333333333
ContextTest:0.24333333333333335
