VariableNameChecker:0.6266666666666667
VariableNamePage:0.38333333333333336
UpdateSwimlaneNameDialog:0.37
UpdateVariableNameDialog:0.29
