OutputLayer:0.67
BaseLayer:0.36333333333333334
BaseActivationFunction:0.2633333333333333
OutputLayerTest:0.22666666666666666
