Navigator:0.6733333333333333
NavigatorPlugin:0.32
NavToolBar:0.22666666666666666
OptionPanel:0.21
