Handler:0.5005555555555556
SpdyStream:0.3233333333333333
Writer:0.3233333333333333
FrameWriter:0.29333333333333333
Reader:0.24333333333333335
SpdyConnection:0.20333333333333334
Http20Draft09:0.17666666666666667
InFrame:0.16666666666666666
SpdyDataOutputStream:0.16642857142857143
SpdyConnectionTest:0.15333333333333332
Http20Draft09Test:0.15333333333333332
Spdy3Test:0.11333333333333333
BaseTestHandler:0.09833333333333333
