Operation:0.6633333333333333
BasicInvocation:0.35
InvocationBuilder:0.2614444444444444
BasicOperationService:0.2525
BasicOperationScheduler:0.24333333333333335
BasicInvocationFuture:0.22
BasicInvocationBuilder:0.1866666666666667
BasicTargetInvocation:0.16
BasicPartitionInvocation:0.03666666666666667
