DrawableSeqFeature:0.64
DrawableFeatureSet:0.5366666666666666
FeatureView:0.30666666666666664
DrawableResultFeatureSet:0.18444444444444444
