DigestProcessingFilterTests:0.5183333333333333
DigestProcessingFilter:0.43666666666666665
MockUserCache:0.20666666666666667
