Factory:0.49166666666666664
AbstractManagedChannelImplBuilder:0.27666666666666667
ManagedChannelImplGetNameResolverTest:0.26666666666666666
NameResolverRegistry:0.26666666666666666
ManagedChannelImpl:0.24083333333333334
FailingNameResolverFactory:0.20333333333333334
DnsNameResolverFactory:0.17
DirectAddressNameResolverFactory:0.06305555555555555
FakeNameResolverFactory:0.06305555555555555
