Tool:0.3433333333333333
BaseTest:0.3233333333333333
PredictionDFAFactory:0.29733333333333334
LexerNFAToDFAConverter:0.2633333333333333
ParserNFAFactory:0.2633333333333333
SemanticPipeline:0.25333333333333335
GrammarASTAdaptor:0.24333333333333335
Resolver:0.195
AnalysisPipeline:0.19333333333333333
TestDFAConstruction:0.14333333333333334
LexerState:0.04816666666666666
