XMLConfigBuilderTest:0.8133333333333334
TestFullApplicationContext:0.44333333333333336
