BlojsomConfiguration:0.5566666666666666
BlojsomServlet:0.36
InternalAggregatorPlugin:0.18333333333333332
EditBlogUsersPlugin:0.16333333333333333
MailboxChecker:0.15333333333333332
WeatherChecker:0.15
