CustomPublisherProperty:0.5366666666666666
CustomPublisherContainer:0.41333333333333333
EditPublisherJSPHelper:0.3466666666666667
GeneralPurposeCustomPublisher:0.3466666666666667
CustomPublisherUiSupport:0.2833928571428571
