Node:0.6
ProcessDAO:0.27
NodeAsyncPusherBean:0.17333333333333334
AddColumnProcessStatusActiveSuspendedPath:0.14
JMSAsyncExecutorImpl:0.13333333333333333
TokenDAO:0.08666666666666667
ListSuspendedProcessesAction:0.03666666666666667
RestartSuspendedProcessAction:0.023333333333333334
