SodbeansDebugAction:0.6261111111111112
SodbeansRunToCursorAction:0.13777777777777778
SodbeansStepBackIntoAction:0.13777777777777778
