ParserATNSimulator:0.53
TestSemPredEvalParser:0.33666666666666667
TestFullContextParsing:0.27
TestLeftRecursion:0.22666666666666666
