DaoAuthenticationProvider:0.5166666666666667
AbstractUserDetailsAuthenticationProvider:0.44666666666666666
PasswordDaoAuthenticationProviderTests:0.36333333333333334
PasswordAuthenticationDao:0.2
PasswordDaoAuthenticationProvider:0.19
