DriverPublication:0.6333333333333333
TermScannerTest:0.5333333333333333
TermScanner:0.4066666666666667
