CATokenContainer:0.6390277777777779
CAAdminSessionBean:0.44333333333333336
CATokenContainerImpl:0.37
TestRenewCA:0.2966666666666667
CADataHandler:0.19333333333333333
