AssignmentPage:0.6266666666666667
SpecMolController2D:0.5766666666666667
NewSpecMolWizard:0.2816666666666667
