AttributeTab:0.5033333333333333
AttributeTablePanel:0.38
AttributePanel:0.3566666666666667
InfoFrame:0.22055555555555556
OneLayerAttributeTab:0.16333333333333333
