Transaction:0.44
AnnotationEditor:0.43666666666666665
AnnotationChangeEvent:0.38
CompoundTransaction:0.28
TransactionManager:0.25
SeqWrapper:0.24666666666666667
ChangeList:0.23333333333333334
BaseMouseListener:0.22666666666666666
BaseEditorPanel:0.21333333333333335
FeatChangeData:0.2063968253968254
SeqAlignPanel:0.20111111111111113
DeleteTransaction:0.19666666666666666
AddTransaction:0.19333333333333333
AnnotationCompoundEvent:0.16666666666666666
BaseFineEditor:0.15333333333333332
AnnotationDeleteEvent:0.11
AnnotationAddEvent:0.07444444444444444
EditMenu:0.06666666666666667
