JVM:0.62
TestDataChoiceJPF:0.44333333333333336
TestDataChoice:0.31666666666666665
DefaultSchedulerFactory:0.27666666666666667
JPF_java_lang_Object:0.19666666666666666
DoubleChoiceFromSet:0.1877777777777778
IntSpec:0.15666666666666668
ReturnInstruction:0.15333333333333332
MONITOREXIT:0.15333333333333332
DoubleSpec:0.15
