RuntimeEnvironment:0.64
SearchEngine:0.24333333333333335
SearchHelper:0.24
ThreadpoolSearcherFactory:0.12677777777777777
