FieldSearchSQLImpl:0.7466666666666667
FieldSearchTest:0.5666666666666667
