DiskQueue:0.6133333333333333
DiskByteQueue:0.3616666666666667
DiskBackedQueue:0.3477777777777778
