OperatingSystemPerVisitAggregator:0.5033333333333333
UserAgentPerVisitAggregator:0.5033333333333333
ScreenResolutionPerVisitAggregator:0.33
