RequestContext:0.52
ProfileModuleImpl:0.4666666666666667
RequestContextUtil:0.4033333333333333
RssAuthenticationFilter:0.25
