Jdk8DateCodec:0.5266666666666666
LocalTimeTest:0.27666666666666667
LocalDateTest:0.27666666666666667
