MalfunctionManager:0.4266666666666667
Vehicle:0.3933333333333333
DriveGroundVehicle:0.30333333333333334
Settlement:0.2966666666666667
RandomUtil:0.27133333333333337
MalfunctionXmlReader:0.23166666666666666
Greenhouse:0.18333333333333332
InsituResourceProcessor:0.16666666666666666
Infirmary:0.14666666666666667
Equipment:0.12333333333333334
Structure:0.12333333333333334
MalfunctionFactory:0.11333333333333333
Facility:0.10333333333333333
MaintenanceGarage:0.09277777777777778
Laboratory:0.09277777777777778
ExplorerRover:0.09
EVASuit:0.08
