PartialMerkleTree:0.3933333333333333
BloomFilter:0.39
FilteredBlock:0.36333333333333334
FakeTxBuilder:0.20277777777777778
FilteredBlockAndPartialMerkleTreeTests:0.056666666666666664
