AdaGrad:0.5333333333333333
RBM:0.41
Builder:0.33666666666666667
DenoisingAutoEncoder:0.22333333333333333
RBMTest:0.17666666666666667
