IActivity:0.5333333333333333
TextEditActivity:0.46
EditorManager:0.4033333333333333
FileActivity:0.30333333333333334
RoleActivity:0.2733333333333333
FolderActivity:0.26
ViewportActivity:0.25666666666666665
OutgoingInvitationProcess:0.25333333333333335
IEditorAPI:0.23
SessionView:0.21333333333333335
ActivitySequencer:0.21
XMPPChatTransmitter:0.20666666666666667
DeleteOperation:0.205
InsertOperation:0.205
EditorActivity:0.20333333333333334
TextSelectionActivity:0.17666666666666667
RoleManager:0.16333333333333333
SharedResourcesManager:0.16
EditorAPI:0.16
SplitOperation:0.15833333333333333
ResourceDeltaVisitor:0.14
AbstractActivity:0.1
JumpToDriverPositionAction:0.07333333333333333
RemoteEditorManager:0.03
