KeyTools:0.7433333333333333
EjbcaWS:0.44416666666666665
CvcRequestCommand:0.27
CvcPrintCommand:0.17333333333333334
