Person:0.54
TabPanelStructure:0.39666666666666667
GoodsManager:0.39
UnitManager:0.3233333333333333
TabPanelUnitWindow:0.18333333333333332
Role:0.08666666666666667
Networkable:0.03
