TestUnitLaunchShortcut:0.6576666666666667
RubyApplicationShortcut:0.6576666666666667
