AtomContainer:0.6233333333333333
AtomContainerManipulator:0.3566666666666667
