ServiceLookupException:0.6233333333333333
ActionLocator:0.5612142857142858
FlowLocator:0.5612142857142858
