Tree:0.4666666666666667
TreeStyle:0.45876587301587307
Actions:0.2966666666666667
Widget:0.2966666666666667
WidgetGroup:0.2966666666666667
RunnableAction:0.15
DelegateAction:0.12666666666666668
