ClassPathResourceHandlerTest:0.38666666666666666
ExternalResourceHandlerTest:0.38666666666666666
ResourceUtilsTest:0.14
