ConditionalFlowExecutionListenerLoader:0.7669444444444444
FlowIdFlowExecutionListenerCriteria:0.38333333333333336
