DBCollection:0.4166666666666667
FindAndUpdateOperation:0.35333333333333333
FindAndReplaceOperation:0.35333333333333333
FindAndDeleteOperation:0.3333333333333333
MongoCollectionImpl:0.29333333333333333
