BindingUtil:0.6
NameTable:0.59
Types:0.49333333333333335
DestructorGeneratorTest:0.2733333333333333
Functionizer:0.21
DestructorGenerator:0.12
