LinkableNode:0.41333333333333333
DbIpRouteInterfaceEntry:0.33566666666666667
Linkd:0.33066666666666666
DbStpNodeEntry:0.31333333333333335
DiscoveryLink:0.30666666666666664
DbDataLinkInterfaceEntry:0.30333333333333334
DbStpInterfaceEntry:0.30233333333333334
LinkdEventProcessor:0.29333333333333333
DbAtInterfaceEntry:0.2806666666666667
DbEventWriter:0.25333333333333335
