Flyway:0.5966666666666667
OracleSqlScriptSmallTest:0.30333333333333334
MySQLDbSupport:0.2475555555555555
SQLServerMigrationTestCase:0.21666666666666667
SqlStatementBuilder:0.17666666666666667
OracleSqlStatementBuilder:0.17
OracleSqlStatementBuilderSmallTest:0.12
DbSupportFactory:0.11
MySQLSqlStatementBuilderSmallTest:0.09666666666666666
H2MigrationMediumTest:0.07
MsSQLServerMigrationMediumTest:0.0
