MLabeledTextField:0.52
MTextFieldPanel:0.34
FeedsFS:0.30666666666666664
SearchBar:0.23
InternetSearch:0.22222222222222224
MountPanel:0.21
