OutgoingConnectionDispatcher:0.5346666666666667
NetworkHostsContainer:0.39666666666666667
