ConfigurationProcessor:0.39666666666666667
ConfigurationPostProcessorTests:0.2866666666666667
ExternalBeanMethodMethodInterceptor:0.2815873015873015
LegalOverrideConfiguration:0.06333333333333334
IllegalOverrideConfiguration:0.06333333333333334
ExternalBeanConfiguration:0.013333333333333334
