FunctionDeclaration:0.5033333333333333
NameTable:0.4533333333333333
StatementGeneratorTest:0.32666666666666666
ObjectiveCImplementationGenerator:0.30916666666666665
ObjectiveCHeaderGenerator:0.22583333333333333
Functionizer:0.18333333333333332
