PIRecord:0.53
DataAggregationJoblet:0.23
Visit:0.22833333333333333
HitCounter:0.18333333333333332
OverViewController:0.17333333333333334
AbstractStatisticsViewController:0.14277777777777775
PIRecordCountAggregation:0.13666666666666666
WestPanelController:0.11666666666666667
OverViewControllerResult:0.07333333333333333
WestPanelControllerResultData:0.016666666666666666
WestPanelControllerResult:0.01
AbstractStatisticsViewControllerResultData:0.006666666666666667
OverViewControllerResultData:0.0033333333333333335
