StrutsJarURLConnection:0.5066666666666667
StrutsJUnit4TestCase:0.37666666666666665
JarEntryRevisionTest:0.3333333333333333
JarEntryRevision:0.2866666666666667
StrutsJUnit4TestCaseTest:0.04666666666666667
