Workstation:0.77
LoginDialog:0.2966666666666667
Perspective:0.20333333333333334
ApplicationWorkbenchWindowAdvisor:0.15666666666666668
