BufferUtils:0.77
VertexBufferObjectSubData:0.33666666666666667
VertexArray:0.33666666666666667
VertexBufferObject:0.33666666666666667
