FederationLink:0.7166666666666667
FederationConnector:0.36333333333333334
FederationListener:0.3
