Settings:0.8833333333333333
PdfBurster:0.4033333333333333
Helpers:0.12
