TestClass:0.58
TestMethod:0.2866666666666667
JUnit4ClassRunner:0.2833333333333333
TestMethodTest:0.21333333333333335
Suite:0.16666666666666666
Parameterized:0.15
TestClassRunnerForParameters:0.13365079365079363
InaccessibleBaseClassTest:0.09666666666666666
Theories:0.075
