TestUnitMessages:0.46866666666666673
TestHierarchyTab:0.45
CompareResultDialog:0.4166666666666667
CompareResultsAction:0.19
