EventLogRecord:0.4766666666666667
Advapi32Test:0.39666666666666667
EventLogIterator:0.36333333333333334
Advapi32UtilTest:0.32
