AbstractEntityPersister:0.5866666666666667
AbstractCollectionPersister:0.39
JoinedSubclassEntityPersister:0.35333333333333333
UnionSubclassEntityPersister:0.3333333333333333
SingleTableEntityPersister:0.22666666666666666
