PreferenceInitializer:0.5133333333333333
VideoSharingPreferencePage:0.5133333333333333
ScreenPreferencePage:0.44
