XmlActions:0.33
XmlPlugin:0.26666666666666666
CatalogManager:0.26
TagParser:0.25333333333333335
XmlParser:0.235
TagHighlight:0.1663888888888889
