JandexHelper:0.5045
EntityBinder:0.44666666666666666
EntityIdentifier:0.44666666666666666
