Compiler:0.5566666666666666
HopCompilerHistory:0.32666666666666666
AbstractVirtualMachine:0.28
CompilerVariableHistory:0.24777777777777782
HopCompiler:0.24333333333333335
HopCompilerVariableHistory:0.09
CompilerHistory:0.08316666666666667
