MatrixUtil:0.49
Tensor:0.43333333333333335
ConvolutionalRBM:0.39666666666666667
FourDTensor:0.27666666666666667
Builder:0.23333333333333334
ConvolutionalDBN:0.21333333333333335
