SimpleWebDriverTest:0.35333333333333333
WebDriverTestCase:0.29
CharacterDataImplTest:0.26666666666666666
BoxObjectTest:0.18
HTMLHtmlElementTest:0.17
CommentTest:0.1
