FindFile:0.7866666666666666
WildcardFileScanner:0.375
ff:0.2733333333333333
FindFileTest:0.15666666666666668
