JglfwInput:0.6416666666666667
JglfwApplication:0.5183333333333333
