JPPFPriorityQueue:0.41
JPPFJobManager:0.3933333333333333
JPPFDriverStatsUpdater:0.16
SendingBundleState:0.15666666666666668
