ColumnarBinaryHiveRecordCursor:0.461111111111111
ColumnarTextHiveRecordCursor:0.461111111111111
