ShareManager:0.59
DialogBanner:0.42
ExportDialog:0.2833333333333333
ExportEngine:0.10333333333333333
SharedFilesPipeFiller:0.06
