StyleInfo:0.6233333333333333
ValueAttribute:0.6033333333333334
StyleTest:0.22333333333333333
Proto:0.22111111111111115
