FooItemReader:0.4666666666666667
SingleColumnJdbcKeyCollector:0.41333333333333333
AbstractJdbcItemReaderIntegrationTests:0.31
MultipleColumnJdbcKeyCollector:0.2866666666666667
FooDao:0.21888888888888886
SingleColumnJdbcDrivingQueryItemReaderCommonTests:0.09333333333333334
CompositeKeyFooDao:0.043333333333333335
MultipleColumnJdbcDrivingQueryItemReaderIntegrationTests:0.04
SingleColumnJdbcDrivingQueryItemReaderIntegrationTests:0.03333333333333333
