ClientEngine:0.65
ClientEngineImpl:0.45666666666666667
ReadManyRequest:0.26666666666666666
ClientPacketProcessor:0.26
Filter:0.1943968253968254
RingbufferTest:0.13
ConnectionListenerImpl:0.06
