TimeMeasure:0.72
TimeMeasureTest:0.44333333333333336
BuiltinMarshalingRoutines:0.3333333333333333
JerseyInjectBridges:0.25333333333333335
