Attribute:0.6766666666666666
MachineLearningPR:0.44666666666666666
MLEngine:0.3133888888888889
Wrapper:0.24666666666666667
MaxentWrapper:0.24333333333333335
