TestCompositeParsers:0.5416666666666666
TestGenerator:0.5233333333333333
