Call:0.4033333333333333
AbstractSemanticRecorderFixture:0.2733333333333333
JTreeLocationTest:0.2733333333333333
ArgumentParser:0.26
JComboBoxTester:0.24111111111111114
JTreeRecorderTest:0.23
JTreeLocation:0.17333333333333334
