DockableWindowManagerImpl:0.35342377
DockableWindowFactory:0.21884489
View:0.12364099
jEdit:0.10901516
FloatingWindowContainer:0.10023016
EditPlugin:0.09193374
VFSBrowser:0.08929538
PanelWindowContainer:0.08461694
PluginJAR:0.083787106
DockableWindowUpdate:0.07522559
DockableWindowManagerProvider:0.06983422
EditBus:0.06747836
DockingFrameworkProvider:0.06746256
WindowTableModel:0.064212926
BeanShell:0.06000382
SearchAndReplace:0.05751773
PluginUpdate:0.04750482
HyperSearchResults:0.041965
KeyEventTranslator:0.040015362
DockingLayoutManager:0.0400027
BrowserView:0.038858768
RegisterViewer:0.03518899
DockableLayout:0.035041682
TaskMonitorWidgetFactory:0.032562852
DockingOptionPane:0.028505698
Log:0.028048718
PerspectiveManager:0.025429225
DockablePanel:0.024139835
DefaultFocusComponent:0.009390384
PropertiesChanged:0.008904899
