jEdit:0.008961604
HistoryText:0.0087228445
