jEdit:0.17100486
Log:0.10924456
FilteredListModel:0.0931293
AbstractOptionPane:0.08633648
EditBus:0.06520996
MiscUtilities:0.046535686
ColorWellButton:0.043484017
Registers:0.038735732
ThreadUtilities:0.025183426
PropertiesChanged:0.024614131
DefaultFocusComponent:0.017309006
