SaveBackupOptionPane:0.067889385
AppearanceOptionPane:0.033223145
