JsonProcessingExceptionMapperTest:0.6283333333333333
JsonProcessingExceptionMapper:0.33555555555555555
JsonResource:0.31333333333333335
