GwtSharingInfo:0.5066666666666667
ShareThisDlg:0.38
GwtShareHelper:0.28
ShareSendToWidget:0.18666666666666668
