ExpressionValue:0.49
ExecutionStep:0.4033333333333333
SymbolTable:0.36666666666666664
HopSymbolTableWalker:0.27666666666666667
Result:0.17166666666666666
BinaryOperationStep:0.15333333333333332
IntermediateExecutionBuilder:0.12
MoveStep:0.06833333333333333
expression_return:0.023888888888888887
TypeDescriptor:0.016666666666666666
Structure:0.0
DataTimeMachine:0.0
