MetricsTest:0.36333333333333334
DatagramSocketImpl:0.3433333333333333
FakeVertxMetrics:0.30666666666666664
ConnectionBase:0.18333333333333332
