CreateCA:0.41
ErrorCode:0.37333333333333335
EjbcaWS:0.33416666666666667
IEjbcaWS:0.2966666666666667
EjbcaWSTest:0.2633333333333333
EnterpriseEditionWSBridgeSessionLocal:0.23166666666666666
EnterpriseEditionWSBridgeSessionBean:0.15
CertificateProfileTypeNotAcceptedException:0.09333333333333334
CAExistsException:0.09
CaConstants:0.0
SignedByExternalCANotSupportedException:0.0
CryptoTokenConstants:0.0
