WindowsDirectInput:0.7583333333333333
WindowsDirectInputDevice:0.37333333333333335
