WebSocket:0.61
WebSocketImpl:0.48
WebSocketClient:0.36666666666666664
WebSocketServer:0.24
WebSocketServerFactory:0.059333333333333335
WebSocketFactory:0.059333333333333335
