AwaitOperation:0.42333333333333334
TxnPrepareBackupOperation:0.3218888888888889
UnlockOperation:0.24666666666666667
TransactionContextProxy:0.21333333333333335
TxnPrepareOperation:0.21333333333333335
ClientTxnMultiMapTest:0.20666666666666667
TxnRollbackBackupOperation:0.19666666666666666
SignalOperation:0.19
BeforeAwaitOperation:0.16333333333333333
