Resupply:0.6233333333333333
BuildingTemplate:0.5333333333333333
