OmsaStorageMonitor:0.3433333333333333
DiskUsageMonitor:0.24166666666666667
SnmpMonitor:0.23166666666666666
PercMonitor:0.23166666666666666
NtpPlugin:0.11
DnsPlugin:0.11
