EventAnticipator:0.48333333333333334
MockElement:0.44666666666666666
MockNetwork:0.3288888888888889
MockNetworkTest:0.31
MockEventIpcManager:0.31
