Callback:0.6866666666666666
GrpcUtil:0.5047619047619049
ManagedChannelImpl:0.4066666666666667
TransportSet:0.3233333333333333
ManagedChannelImplTest:0.30666666666666664
ClientStreamListenerImpl:0.2525
ManagedChannelBuilder:0.24666666666666667
ClientCallImpl:0.24055555555555552
AbstractManagedChannelImplBuilder:0.23666666666666666
InterimTransportImpl:0.23
CallCredentialsApplyingTransportFactory:0.21666666666666667
TransportSetTest:0.19666666666666666
OobTransportProviderImpl:0.18133333333333332
FakeClock:0.16666666666666666
RealChannel:0.1636111111111111
BaseTransportListener:0.1511111111111111
ManagedChannelImplTransportManagerTest:0.10916666666666666
ScheduledTask:0.09666666666666666
AbstractManagedChannelImplBuilderTest:0.09194444444444444
LogExceptionRunnable:0.09
NameResolverListenerImpl:0.03
IdleModeTimer:0.02666666666666667
DeadlineTimer:0.017388888888888888
CallCredentialsApplyingTransport:0.013333333333333334
