NewBibtexFileWizardPage:0.5566666666666666
Activator:0.49333333333333335
NewBibtexWizard:0.28
JabrefBibliodata:0.23666666666666666
BibtexManagerFactory:0.12
IJavaScriptBibtexManager:0.03333333333333333
IJavaBibtexManager:0.0
