WebRole:0.6966666666666667
Manager:0.52
GroupManager:0.43333333333333335
MonthlyCalendar:0.4166666666666667
RolesTest:0.28
WebRoleManager:0.2454444444444444
SaveDetailsAction:0.17333333333333334
NewAction:0.13
ManagedRole:0.09944444444444445
