StackFrame:0.6222222222222222
InvokeInstruction:0.325
JPF_java_io_InputStreamReader:0.23666666666666666
CallMonitor:0.16
JPF_java_text_DecimalFormatSymbols:0.11333333333333333
