Buffer:0.8633333333333333
BufferImpl:0.38333333333333336
BufferTest:0.13333333333333333
