Mongo:0.5733333333333334
DBCollection:0.43
DB:0.28
MongoAsyncQueryCursorTest:0.26666666666666666
DBCursor:0.2272222222222222
AsyncInsertOperationTest:0.16
BindingHolder:0.023055555555555555
