TestHiveCoercion:0.36333333333333334
AbstractTestHiveClient:0.35
HiveCoercionRecordCursor:0.27666666666666667
HivePageSource:0.274
ConflictTrigger:0.2353333333333333
HiveUtil:0.20083333333333334
ColumnarMap:0.2
ColumnarArray:0.18333333333333332
ColumnarRow:0.18333333333333332
CoercionLazyBlockLoader:0.12333333333333334
HiveTestUtils:0.12
MapCoercer:0.11
StructCoercer:0.11
ListCoercer:0.08333333333333333
BridgingRecordCursor:0.07666666666666666
HiveCoercionPolicy:0.06
DropPartitionFailure:0.01
DirectoryRenameFailure:0.006666666666666667
AddPartitionFailure:0.006666666666666667
FileRenameFailure:0.006666666666666667
