DecayFunctionParser:0.36333333333333334
NumericFieldDataScoreFunction:0.27
GeoFieldDataScoreFunction:0.27
DecayFunctionBuilder:0.21666666666666667
AbstractDistanceScoreFunction:0.13666666666666666
LinearDecayScoreFunction:0.13666666666666666
ExponentialDecayScoreFunction:0.13666666666666666
DecayFunctionScoreTests:0.12
