ReferenceInfo:0.5133333333333333
DocIndexMetaData:0.30333333333333334
AnalysisTest:0.29333333333333333
ColumnIdent:0.2866666666666667
Builder:0.2833333333333333
Analysis:0.26666666666666666
SysNodesTableInfo:0.13
TestMetaDataModule:0.11
