EmailLog:0.48
MailModuleImpl:0.41
JavaMailSender:0.28111111111111114
DefaultEmailPoster:0.2633333333333333
JavaMailSenderImpl:0.15333333333333332
