JUnit4ClassRunner:0.6533333333333333
TheoryAnchor:0.23666666666666666
TestMethodTest:0.2016666666666667
ParameterizedTestMethodTest:0.19444444444444445
JUnit4Builder:0.12
