JdbcExtendedDaoImpl:0.6833333333333333
NullAclEntryCache:0.45876587301587307
EhCacheBasedAclEntryCacheTests:0.24333333333333335
EhCacheBasedAclEntryCache:0.14333333333333334
NullAclEntryCacheTests:0.12666666666666668
MockCache:0.12666666666666668
BasicAclEntryCache:0.013333333333333334
