EditorManager:0.6566666666666666
EditorAPITest:0.3433333333333333
