XMLConfigManager:0.46
CruiseControlConfig:0.43333333333333335
Util:0.34
CruiseControlController:0.27666666666666667
SFEEFrsPublisherTest:0.20333333333333334
CruiseControlConfigTest:0.2
MainTest:0.19666666666666666
CruiseControlControllerJMXAdaptor:0.19666666666666666
CruiseControlControllerTest:0.17333333333333334
TestUtil:0.17166666666666666
ProjectInterface:0.16333333333333333
CruiseControlConfigPreConfTest:0.11
XMLConfigManagerTest:0.10333333333333333
ProjectWrapper:0.10333333333333333
ServerXMLHelper:0.08333333333333333
