IndexDatabase:0.4666666666666667
SearchEngine:0.25333333333333335
PathTokenizer:0.22666666666666666
FileAnalyzer:0.18666666666666668
JFlexTokenizer:0.18
BZip2Analyzer:0.17333333333333334
PhpSymbolTokenizerTest:0.17333333333333334
SearchHelper:0.16
AbstractSourceCodeAnalyzer:0.12333333333333334
TroffAnalyzer:0.12
UuencodeAnalyzer:0.12
GZIPAnalyzer:0.12
HistoryAnalyzer:0.12
PathTokenizerTest:0.09333333333333334
CompatibleAnalyser:0.06
