ScriptEngineService:0.8277777777777778
ScriptService:0.35333333333333333
MustacheScriptEngineService:0.19
MvelScriptEngineService:0.16666666666666666
NativeScriptEngineService:0.16666666666666666
