NetworkTableModel:0.4266666666666667
QueryHistoryMonitorTableModel:0.31666666666666665
SearchHistoryTableModel:0.31666666666666665
PushWorker:0.30333333333333334
