CollectionEntry:0.73
CollectionType:0.5533333333333333
BadMergeHandlingTest:0.43333333333333335
