Context:0.5733333333333334
Aeron:0.4866666666666667
ExampleUtil:0.25
AeronTest:0.19333333333333333
PubAndSubTest:0.18333333333333332
PubMulticastTest:0.17666666666666667
IoUtil:0.17527777777777778
SubUnicastTest:0.17
SubMulticastTest:0.17
PubUnicastTest:0.17
ClientAdminSoakTestRunner:0.09
MediaDriverAdminSoakTestRunner:0.09
ExamplePublisher:0.04
