CryptoToken:0.9066666666666666
CaTestCase:0.4666666666666667
BaseCryptoToken:0.3
CaInitCommand:0.29277777777777775
CaInitCommandTest:0.13666666666666666
