KernelContext:0.5116666666666667
ServiceProcessManager:0.48333333333333334
DefaultInternalKernelServices:0.42333333333333334
KernelServices:0.33916666666666667
