Pixmap:0.5966666666666667
Gdx2DPixmap:0.37666666666666665
Lwjgl3Window:0.27666666666666667
GLTexture:0.20333333333333334
FacedCubemapData:0.19666666666666666
Bitmap:0.19666666666666666
PixmapPacker:0.18666666666666668
MipMapGenerator:0.175
FileTextureArrayData:0.14666666666666667
Gdx2DTest:0.12
KTXProcessorListener:0.11666666666666667
MainWindow:0.10333333333333333
PixmapBlendingTest:0.1
