Image:0.7666666666666667
Main:0.4266666666666667
Testing:0.35
