DefaultBinderTest:0.4166666666666667
InvocationFactory:0.4
SuperBinderTest:0.26
TypeProxyInvocationFactoryDefaultTest:0.16333333333333333
MethodDelegationDefaultTest:0.05
