DatabaseDocumentImpl:0.5
SerialCorpusImpl:0.4422222222222223
Factory:0.42333333333333334
