HistoryGuru:0.5233333333333333
RazorHistoryParser:0.195
BZip2Analyzer:0.17444444444444446
DirectoryHistoryReader:0.17
Filter:0.13666666666666666
Summarizer:0.12666666666666668
