AtomTypeFactoryTest:0.35
RDFProtonDescriptor:0.35
RTools:0.30666666666666664
ValidateFrame:0.23333333333333334
PluginClassLoader:0.22
MDLWriter:0.20666666666666667
IChIHandler:0.20666666666666667
Fingerprinter:0.20333333333333334
INChIContentProcessorTool:0.20333333333333334
