View:0.5833333333333334
MetaReference:0.32
Tab:0.2733333333333333
CarrierTest:0.25333333333333335
MetaProperty:0.25
FormulaTest:0.2
ShipmentChargeTest:0.07666666666666666
CMPFieldComparator:0.016666666666666666
