MockedClientConnection:0.4533333333333333
MockedNodeConnection:0.41888888888888887
MockClientConnectionManager:0.36
ClientTestSupport:0.22
TestClientRegistry:0.1136111111111111
