NettyServerHandler:0.40166666666666667
NettyClientHandler:0.40166666666666667
NettyHandlerTestBase:0.22
