TagRepository:0.4066666666666667
AdminProcessor:0.4033333333333333
Tag:0.385
ArticleMgmtService:0.24
UserMgmtService:0.22
TagCache:0.1988888888888889
TagQueryService:0.19
TagProcessor:0.15666666666666668
TagMgmtService:0.11666666666666667
