XMLExportFilter:0.5533333333333333
FileReaderTask:0.4666666666666667
ImportPanel:0.11666666666666667
CreateClassesTask:0.1
