Robolectric:0.8033333333333333
BitmapTest:0.23333333333333334
CanvasTest:0.17
