Ray:0.5658333333333333
SubPatch:0.49
RayProcessorBase:0.2833333333333333
