TestKeyRecovery:0.5766666666666667
TestAuthenticationSession:0.36333333333333334
TestAdminPreference:0.27666666666666667
