ReactionManipulator:0.5666666666666667
SetOfReactionsManipulator:0.2733333333333333
