Factory:0.74
CodeGenerator:0.47
Enhancer:0.38666666666666666
EnhancerGenerator:0.37666666666666665
DelegatorKey:0.27051984126984113
EnhancerKey:0.27051984126984113
MetaClassKey:0.27051984126984113
TestEnhancer:0.175
KeyFactoryGenerator:0.17333333333333334
TestKeyFactory:0.16333333333333333
MetaClass:0.15166666666666667
Delegator:0.14666666666666667
Info:0.11
