Pac4jProperties:0.6866666666666666
Pac4jAuthenticationEventExecutionPlanConfiguration:0.38333333333333336
OAuth20:0.37666666666666665
DelegatedClientAuthenticationAction:0.28
