MasterSlaveConnectionManager:0.53
RedissonNodeConfig:0.4666666666666667
RedissonNode:0.44666666666666666
