DatabaseHandler:0.45666666666666667
QueryHandler:0.4400555555555555
Environment:0.33555555555555555
EditServlet:0.3233333333333333
DefaultQueryHandler:0.32166666666666666
TemplateTag:0.27666666666666667
ManageServlet:0.23666666666666666
AdminServlet:0.12333333333333334
