Constants:0.8733333333333333
CommunicationsStub:0.8666666666666667
ObjectNode:0.42333333333333334
DeleteBusinessObjectAction:0.18
RelateToInterface:0.13333333333333333
GeneralPurposeDeleteSDHContainerLink:0.10333333333333333
GeneralPurposeDeleteSDHTributaryLink:0.10333333333333333
GeneralPurposeDeleteSDHTransportLink:0.10333333333333333
SoftwareAssetNode:0.09
GeneralPurposeDeletePhysicalLink:0.016666666666666666
GeneralPurposeDeletePhysicalContainer:0.016666666666666666
