AbstractArchiverSubCrawler:0.6266666666666667
UriUtil:0.478888888888889
