Okio:0.8233333333333334
GzipSink:0.37444444444444447
OkioTest:0.19
