PathBasedFilterDefinitionMapTests:0.48333333333333334
RegExpBasedFilterDefinitionMapTests:0.48333333333333334
RegExpBasedFilterInvocationDefinitionMap:0.24666666666666667
PathBasedFilterInvocationDefinitionMap:0.2
AbstractFilterInvocationDefinitionSource:0.14694444444444446
MockFilterInvocationDefinitionSource:0.09666666666666666
