CommunicationsStub:0.67
KuwaibaService:0.4658333333333333
ObjectFactory:0.44
WarehousesTopComponent:0.21944444444444447
AssociateObjectsToEvlanResponse:0.2063968253968254
DeleteWorkOrderResponse:0.2063968253968254
AssociateObjectsToCvlanResponse:0.2063968253968254
UpdateWorkOrderResponse:0.2063968253968254
ReleaseObjectFromEvlanResponse:0.2063968253968254
ReleaseObjectFromCvlanResponse:0.2063968253968254
ReleaseFromEvlanAction:0.19
CreateEvlanAction:0.18
RelateToEvlanAction:0.16833333333333333
EvlanChildren:0.16166666666666665
DeleteEvlanAction:0.1288888888888889
GetWorkOrdersForCustomer:0.12333333333333334
EgvlanNode:0.1
EvlanNode:0.06972222222222223
AssociateObjectsToEvlan:0.065
ReleaseObjectFromEvlan:0.065
GetWorkOrders:0.065
CreateWorkOrder:0.065
UpdateWorkOrder:0.065
DeleteWorkOrder:0.065
ReleaseObjectFromCvlan:0.065
AssociateObjectsToCvlan:0.065
GetWorkOrder:0.065
EgvlanChildren:0.04
GetWorkOrdersResponse:0.03333333333333333
GetWorkOrdersForCustomerResponse:0.03333333333333333
CreateEvlan:0.03
CreateWorkOrderResponse:0.0
CreateEvlanResponse:0.0
GetWorkOrderResponse:0.0
