NetcdfMetadata:0.54
DateType:0.3888888888888889
Responsibility:0.27244444444444443
