ClientConfig:0.8333333333333334
HazelcastClientInstanceImpl:0.29333333333333333
XmlClientConfigBuilderTest:0.29
XmlClientConfigBuilder:0.25333333333333335
ClientCacheConfigTest:0.19666666666666666
HazelcastClient:0.16666666666666666
