WebSocket:0.48
WebSocketListener:0.29333333333333333
Charsetfunctions:0.2833333333333333
WebSocketClient:0.27666666666666667
WebSocketAdapter:0.2683333333333333
CloseFrameBuilder:0.24333333333333335
AutobahnServerTest:0.19
ChatServer:0.17
ChatClient:0.16666666666666666
WebSocketServer:0.16666666666666666
AutobahnClientTest:0.09666666666666666
