FrameworkMethod:0.33666666666666667
MethodRulesTest:0.25666666666666665
SuiteTest:0.25333333333333335
NonPublicExampleTest:0.23159523809523813
FrameworkField:0.19333333333333333
SonOfNonPublicExampleTest:0.043055555555555555
TestMethodRule:0.023333333333333334
