SafeEncoder:0.4166666666666667
JedisClusterCRC16:0.36
HostAndPortUtil:0.3233333333333333
JedisURIHelper:0.3233333333333333
BuilderFactory:0.09333333333333334
KeyMergeUtil:0.06
