Quad:0.405
Triple:0.395
TemplateBuilder:0.36333333333333334
TermKey:0.13583333333333333
