Console:0.42
Shell:0.32666666666666666
SystemShell:0.2633333333333333
ConsoleState:0.17333333333333334
ActionHandler:0.11
CommandoTextField:0.10666666666666667
ShellState:0.1
CommandoComboBox:0.09
CommandoCheckBox:0.08666666666666667
