MangoInstruction:0.49666666666666665
BackupAlg:0.34
SCANNER:0.27
GlobalViewWindow:0.21
MangoFormalLanguage:0.18666666666666668
AbstractUconPlace:0.16666666666666666
OSplace:0.16666666666666666
BadPlace:0.16666666666666666
TreeViewAgent:0.15666666666666668
NewWorkerMsg:0.14
FolderViewAgent:0.11777777777777779
ApplicationWorkbenchAdvisor:0.11333333333333333
Perspective:0.07333333333333333
