AuditTrail:0.45
ReportModule:0.44
AbstractBinderProcessor:0.32
AbstractEntryProcessor:0.2866666666666667
FolderService:0.26644444444444443
NullReportModule:0.23666666666666666
TeamingServiceEndpoint:0.19
ReportModuleImpl:0.18666666666666668
FolderServiceImpl:0.14333333333333334
