ESTestCase:0.41
HasChildQueryBuilder:0.29
ParseFieldTests:0.25333333333333335
PercolateQueryBuilder:0.2236111111111111
HasParentQueryBuilder:0.21777777777777782
IncludeExcludeTests:0.21666666666666667
ParentIdQueryBuilder:0.20877777777777778
MultiValuesSourceParser:0.19
CustomSuggestionBuilder:0.17044444444444445
MatrixStatsParser:0.15
