SeqFeatureI:0.8033333333333333
FeatureSetI:0.5666666666666667
SeqFeature:0.36333333333333334
GameSynteny:0.3233333333333333
PeptideLinker:0.21
FeatureList:0.2
LocationLinker:0.17333333333333334
SpeciesComparison:0.14666666666666667
LinkerI:0.08777777777777777
AbstractLinker:0.013333333333333334
