Entities:0.5111111111111111
Tag:0.4033333333333333
Tokeniser:0.37666666666666665
