GeneBean:0.6666666666666666
TermBean:0.48333333333333334
GeneBeanFactory:0.23333333333333334
TermBeanFactory:0.195
