NodeFactoryGenerator:0.5133333333333333
LocalCacheFactoryGenerator:0.45
LocalCacheRule:0.40431746031746035
NodeRule:0.38
AddStats:0.32
AddValue:0.24666666666666667
AddKeyValueStrength:0.23666666666666666
AddDeques:0.23333333333333334
AddExpiration:0.19666666666666666
AddHealth:0.19
AddMaximum:0.18333333333333332
AddWriteBuffer:0.14666666666666667
AddRefreshAfterWrite:0.14
AddExpireAfterWrite:0.14
AddExpirationTicker:0.14
LocalCacheContext:0.11666666666666667
AddExpireAfterAccess:0.08666666666666667
NodeContext:0.07833333333333334
AddRemovalListener:0.05
