ClientAction:0.5
Pac4jConfiguration:0.47
ClientAuthenticationHandler:0.2733333333333333
MockFacebookClient:0.20333333333333334
