BaseRecognizer:0.6491666666666667
DefaultANTLRErrorStrategy:0.4166666666666667
ANTLRParserListener:0.3566666666666667
ANTLRErrorStrategy:0.195
