Client:0.3680952380952381
ApplicationWorkerService:0.3416666666666667
ApplicationMasterService:0.34
IRUnitDriver:0.30666666666666664
ApplicationMaster:0.30666666666666664
SVMLightDataFetcher:0.26166666666666666
ApplicationWorker:0.25083333333333335
HDFSLineParser:0.09916666666666667
ContainerManagerHandler:0.013333333333333334
