MDLReader:0.7316666666666667
SDFReaderTest:0.44333333333333336
