MongoClient:0.7875
SingleServerMongoClient:0.52
MongoCollectionImpl:0.23333333333333334
SingleServerMongoClientTest:0.10666666666666667
