ClusterServiceImpl:0.5366666666666666
MemberImpl:0.43
StaticMemberListener:0.2997777777777778
ClientIssueTest:0.26666666666666666
AddMembershipListenerRequest:0.11333333333333333
