ObjectNode:0.4298333333333333
DeviceLayoutTopComponent:0.31333333333333335
ActionsGroup:0.2866666666666667
ActionGroupActionsFactory:0.2633333333333333
SpecialObjectNode:0.17666666666666667
