FindSubjectsHandler:0.5566666666666666
SubjectMatchFieldsDAO:0.39555555555555555
AddSubjectHandler:0.31333333333333335
