MainWindow:0.7457777777777779
RobotConfig:0.44666666666666666
