WebSocketImpl:0.7433333333333333
Draft_6455:0.3466666666666667
