AbstractTraversableOnceTest:0.47
AbstractSetTest:0.31333333333333335
AbstractSortedSetTest:0.23666666666666666
