WordExtractor:0.37333333333333335
BoolByReference:0.12166666666666667
TmExtractorsWrapper:0.05
