URLConnectionTest:0.56
OkHttpClient:0.49666666666666665
HttpURLConnectionImpl:0.27666666666666667
SyncApiTest:0.2633333333333333
AsyncApiTest:0.2633333333333333
Job:0.235
Main:0.23333333333333334
