DefaultPlatformManager:0.6566666666666666
Deployment:0.41
Redeployer:0.29
RedeployerTest:0.25333333333333335
