Address:0.5233333333333333
AddressPicker:0.36
Joiner:0.3555555555555555
Node:0.33666666666666667
ClientHandlerService:0.21916666666666668
ClusterManager:0.20416666666666666
TcpIpJoiner:0.2
MulticastJoiner:0.18333333333333332
AddressUtil:0.18
AbstractJoiner:0.17
AsyncRemotelyBooleanCallable:0.12
InterfaceDefinition:0.07333333333333333
AddressDefinition:0.0033333333333333335
