ScriptedMetricAggregator:0.4266666666666667
ScriptedMetricParser:0.3744444444444444
ScriptedMetricTests:0.33
ScriptedMetricBuilder:0.30666666666666664
Factory:0.23333333333333334
