MqlNode:0.67
MqlSqlASTFactory:0.32
MqlComparisonNode:0.19111111111111112
MqlLogicalNode:0.19
ParserTest:0.18333333333333332
