FileUtil:0.5666666666666667
imp:0.37333333333333335
SyspathJavaLoader:0.23444444444444448
PathVFSJavaLoader:0.18333333333333332
