SubclassImplementationTarget:0.3433333333333333
ConstructorStrategy:0.31416666666666665
MethodRebaseResolverResolutionForRebasedConstructorTest:0.26
MethodListEmptyTest:0.25
MethodAttributeAppenderForMethodTest:0.20666666666666667
MethodRebaseResolverResolutionForRebasedMethodTest:0.16333333333333333
RedefinitionDynamicTypeBuilderTest:0.16333333333333333
MethodDelegationBinderTest:0.16333333333333333
ImplementationContextDefaultTest:0.15333333333333332
MethodRegistryDefaultTest:0.14666666666666667
RebaseImplementationTargetFactoryTest:0.14333333333333334
MethodAttributeAppenderForInstrumentedMethodTest:0.13
MethodDescriptionLatentTest:0.13
MethodVariableAccessOtherTest:0.11
SubclassImplementationTargetFactoryTest:0.10666666666666667
