HeadlessLabel:0.6487777777777778
PropertyTableCellRenderer:0.2733333333333333
