MultiUserChatManager:0.47333333333333333
MessagingManager:0.47333333333333333
XMPPChatTransmitter:0.38666666666666666
MultiChatSession:0.29333333333333333
MessagingAction:0.13666666666666666
