SocketConnectorWrapper:0.4483333333333333
SocketConnectorIoFilter:0.2833333333333333
ByteMessage:0.25333333333333335
SocketConnectorIoHandler:0.15666666666666668
