Contact:0.48333333333333334
Rectangle:0.2633333333333333
ShapeRenderer:0.21533333333333332
Ouya:0.02
