ReflectionUtils:0.5866666666666667
MethodMatcher:0.5512142857142858
ReflectionUtilsTests:0.45
