DatabaseStructure:0.4552619047619048
HqlSqlWalker:0.4266666666666667
SequenceGenerator:0.31333333333333335
SequenceStructure:0.31
BulkManipulationTest:0.3
TableStructure:0.21216666666666667
SequenceStyleGenerator:0.16333333333333333
AbstractPostInsertGenerator:0.11666666666666667
