DefaultBroadcaster:0.42333333333333334
DefaultAtmosphereObjectFactory:0.41
Filter:0.38666666666666666
Servlet30CometSupport:0.19666666666666666
