KuwaibaService:0.45666666666666667
CommunicationsStub:0.43
StringPair:0.43
ObjectFactory:0.38666666666666666
LocalObject:0.3466666666666667
Utils:0.24333333333333335
Cache:0.21833333333333332
LocalLogicalConnectionDetails:0.17333333333333334
RemoteObject:0.16
UpdateObject:0.13
SearchForContactsResponse:0.1075
GetContactsForCustomerResponse:0.1075
CreateSubnet:0.10666666666666667
RemoteContact:0.08
LocalContact:0.06
AddIPAddress:0.041666666666666664
AddIPAddressResponse:0.0
