HbmColumnRelationalState:0.6066666666666667
HbmSimpleValueRelationalStateContainer:0.41
AbstractHbmAttributeDomainState:0.30333333333333334
RootEntityBinder:0.18333333333333332
HbmCollectionElementDomainState:0.16
