AbstractMapItemList:0.5474444444444444
ProjectionTask:0.3253333333333333
AbstractMapItemsRenderer:0.32
