STFBotShell:0.71
STFBotView:0.61
STFBotTree:0.5933333333333334
STFBotTreeItem:0.5533333333333333
STFBotCombo:0.5116666666666667
STFBotStyledText:0.505
STFBotToolbarButton:0.505
STFBotViewMenu:0.4017857142857143
STFBotImp:0.3933333333333333
STFBotLabel:0.3817857142857143
STFBotButton:0.3817857142857143
STFBotText:0.3817857142857143
STFBotCCombo:0.3751190476190476
STFBotToolbarDropDownButton:0.3751190476190476
STFBotRadio:0.3751190476190476
STFBotList:0.3751190476190476
STFBotCheckBox:0.3751190476190476
STFBotEditor:0.3516666666666667
STFBotShellImp:0.3433333333333333
STFTest:0.32666666666666666
STFBotPerspectiveImp:0.30666666666666664
TestSessionView:0.30333333333333334
STFBotTreeItemImp:0.3
STFBotToggleButtonImp:0.29333333333333333
SarosCImp:0.2922222222222222
STFBotEditorImp:0.2866666666666667
SessionViewImp:0.2866666666666667
STFBotTableImp:0.2833333333333333
STFBotTreeImp:0.27666666666666667
STFBotViewImp:0.27666666666666667
STFBotButtonImp:0.27666666666666667
STFBotListImp:0.27555555555555555
TeamCImp:0.2733333333333333
STFBotTableItemImp:0.2633333333333333
STFBotComboImp:0.2633333333333333
STFBotCComboImp:0.2633333333333333
OpenCImp:0.2628888888888889
STFBotCheckBoxImp:0.26
TestBasicWidgetTree:0.25833333333333336
FileMImp:0.25
STFBotTextImp:0.24666666666666667
SarosPreferencesImp:0.23666666666666666
ProgressViewImp:0.235
STFBotToolbarRadioButtonImp:0.23333333333333334
STFBotToolbarToggleButtonImp:0.23333333333333334
TestSarosPreferences:0.23333333333333334
STFBotToolbarPushButtonImp:0.23333333333333334
STFWorkbenchBotImp:0.2322222222222222
ChatViewImp:0.22666666666666666
STFBotToolbarRadioButton:0.22337301587301586
STFBotToolbarToggleButton:0.22337301587301586
TestRosterView:0.22
STFBotToolbarDropDownButtonImp:0.21666666666666667
STFBotLabelImp:0.21666666666666667
WindowMImp:0.21666666666666667
RefactorMImp:0.21666666666666667
EclipseComponentImp:0.21666666666666667
RosterViewImp:0.21333333333333335
STFBotToolbarPushButton:0.2105952380952381
EditMImp:0.21
STFBotRadioImp:0.20222222222222222
TestEditorByAliceAndBob:0.19666666666666666
STFBotMenuImp:0.19333333333333333
STFBotToolbarButtonImp:0.18333333333333332
PEViewImp:0.18333333333333332
RSViewImp:0.18166666666666667
TestBasicWidgetsTable:0.18
ConsoleViewImp:0.17
TestConcurrentEditing:0.16333333333333333
SarosComponentImp:0.16
STFBotStyledTextImp:0.155
TestFollowMode:0.13666666666666666
TestParallelInvitationWithTerminationByInvitees:0.12333333333333334
STFBotViewMenuImp:0.08333333333333333
AbstractRmoteWidget:0.0
