SubscriptionParser:0.5866666666666667
SubscriptionParserBase:0.2922222222222222
