EditorPane:0.58
LoggerPane:0.4044444444444445
Console:0.39666666666666667
