Starter:0.7433333333333333
StarterTest:0.30366666666666664
MyStarter:0.17
