AccessInfo:0.71
Utils:0.41333333333333333
InsnGen:0.275
JMethod:0.21666666666666667
JField:0.2
JClass:0.19666666666666666
JavaClass:0.17666666666666667
SaveCode:0.17531746031746034
MethodInlinerVisitor:0.11666666666666667
JadxCLI:0.09333333333333334
JavaMethod:0.06
JavaField:0.056666666666666664
