Listener:0.5483333333333333
TransportReplicationActionTests:0.36333333333333334
ReplicationPhase:0.36333333333333334
TransportReplicationAction:0.33666666666666667
ShardStateAction:0.3
PrimaryPhase:0.26666666666666666
ClusterModule:0.12333333333333334
ShardStateActionTests:0.06666666666666667
