Groove:0.44666666666666666
AJModel:0.4166666666666667
Editor:0.40166666666666667
AspectGraph:0.38333333333333336
JEdge:0.37333333333333335
AJEdge:0.3566666666666667
AJVertex:0.35
GraphJModel:0.34
Converter:0.3045555555555556
LTSJModel:0.24666666666666667
JGraphPanel:0.24
LTSJVertex:0.22666666666666666
GraphJVertex:0.21
GraphJEdge:0.20666666666666667
EditorJGraph:0.16333333333333333
NewGraphAction:0.15666666666666668
NewAction:0.15666666666666668
LTSJEdge:0.15333333333333332
AutFormat:0.13
FsmFormat:0.13
NewRuleAction:0.11
