StructuredbManager:0.5166666666666667
ForConsoleDecoratedStructuredbManager:0.39
IStructuredbManager:0.21166666666666667
StructuredbManagerFactory:0.20666666666666667
ConsoleProgressMonitor:0.2
