SeqFeatureI:0.5266666666666666
SeqFeature:0.4766666666666667
AnnotationEditor:0.35333333333333333
DrawableAnnotatedFeatureSet:0.22944444444444448
DrawableSeqFeature:0.22333333333333333
SeqFeatureHolder:0.22
DetailInfo:0.18
TranslationViewer:0.14333333333333334
FlyNameAdapter:0.13
FlexibleTextFeatureTierManager:0.12666666666666668
