KeywordsGenerator:0.5166666666666667
GenerateWORDAction:0.4866666666666667
ObjectGenerator:0.47
WidgetDefPlugin:0.21666666666666667
AbstractTableGenerator:0.16666666666666666
