SubMap:0.5752777777777778
ResourceTreeCellRenderer:0.4477777777777777
