HostParentOfTest:0.5
CodeStyleTest:0.36
BrowserStatement:0.2633333333333333
BrowserVersionClassRunner:0.24444444444444446
TestCaseCorrector:0.06944444444444443
