Simulator:0.4666666666666667
SimulatorModel:0.38333333333333336
CopyControlAction:0.3644444444444444
SimulatorPanel:0.36333333333333334
EditHostOrStateAction:0.31333333333333335
DeleteControlAction:0.3011111111111111
RenameControlAction:0.3011111111111111
EditControlAction:0.3011111111111111
ActionStore:0.2733333333333333
NewHostAction:0.26111111111111107
ControlPanel:0.25333333333333335
NewRuleAction:0.24777777777777776
AspectJGraph:0.24333333333333335
EditRuleAction:0.23333333333333334
NewTypeAction:0.23111111111111116
EditorPanel:0.23
EditTypeAction:0.2277777777777778
SaveAction:0.22666666666666666
LTSJGraph:0.22666666666666666
DeleteRuleAction:0.21944444444444447
SimulatorAction:0.21666666666666667
CopyTypeAction:0.21611111111111114
DeleteTypeAction:0.21611111111111114
RenameTypeAction:0.21611111111111114
GraphJGraph:0.21333333333333335
StatePanel:0.21
DeleteHostAction:0.20777777777777778
TypePanel:0.20333333333333334
StateJList:0.20333333333333334
RenameRuleAction:0.18611111111111112
RenameHostAction:0.18444444444444444
CopyHostAction:0.18444444444444444
PreviewControlAction:0.18
CopyRuleAction:0.1761111111111111
CtrlJGraph:0.17166666666666666
RulePanel:0.17
MouseListener:0.16666666666666666
LTSPanel:0.16666666666666666
SaveHostOrStateAction:0.14
JGraphWindow:0.05
ExportAction:0.02666666666666667
