ServiceRegistry:0.54
Environment:0.3466666666666667
ConfigurationHelper:0.32
ServiceRegistryBuilder:0.20333333333333334
PersisterClassProviderTest:0.16
ServiceBootstrappingTest:0.14666666666666667
