CdkJmolAdapter:0.47333333333333333
JmolView:0.36
JmolManager:0.3566666666666667
JmolScriptingTools:0.2
JmolPanel:0.19333333333333333
Activator:0.0
