DITypeInfo:0.6202777777777778
BaseTable:0.4066666666666667
