JoddJson:0.6533333333333333
JoddJsonDefaults:0.38333333333333336
JsonSerializer:0.3415555555555555
JsonParser:0.31
JsonContext:0.29333333333333333
JSONSerializationTest:0.24666666666666667
JsonParserTest:0.22
JSONDeserializerTest:0.22
JsonSerializerTest:0.21
JsonAnnotationManager:0.20666666666666667
TypeJsonSerializerMap:0.20222222222222225
CustomAnnotationTest:0.13666666666666666
TypeJsonVisitor:0.10666666666666667
