Formatter:0.5566666666666666
SetAnalysis:0.36333333333333334
InternalUpdateFacet:0.24416666666666667
AggregationCollector:0.20333333333333334
ReadWriteLock:0.16333333333333333
ESGetTask:0.16333333333333333
TransportSQLAction:0.16333333333333333
ESDeleteTask:0.13
ESClusterUpdateSettingsTask:0.13
AbstractESUpdateTask:0.13
PlannerFunctionArgumentCopier:0.09333333333333334
