RedissonKeys:0.43333333333333335
MasterSlaveConnectionManager:0.37333333333333335
ClusterConnectionManager:0.3566666666666667
CommandAsyncService:0.30666666666666664
