SarosState:0.8766666666666667
StartupSaros:0.3466666666666667
