HttpConnectionsTest:0.63
Utils:0.39666666666666667
OsgiCatalinaLoader:0.3566666666666667
StaticResourceTest:0.29
JettyWarDeployer:0.24
BaseWebIntegrationTest:0.10333333333333333
CoreTaglibTest:0.07
SimpleServletTest:0.06666666666666667
TomcatWarDeployer:0.006666666666666667
