Malfunction:0.6666666666666666
MalfunctionFactory:0.36333333333333334
RepairEVAMalfunction:0.19333333333333333
MaintainVehicle:0.18666666666666668
Maintenance:0.17444444444444446
DeathInfo:0.17
RepairMalfunction:0.16333333333333333
RepairEmergencyMalfunction:0.12
