SearchSource:0.56
Entry:0.39666666666666667
IndexWarmersMetaData:0.37
IndicesOptionsIntegrationIT:0.30666666666666664
GetIndexResponse:0.23955555555555558
ClusterStateDiffIT:0.23955555555555558
GetWarmersResponse:0.19666666666666666
TransportPutWarmerAction:0.18
SearchWarmer:0.12666666666666668
