TableManager:0.63
OdbcjetTableManager:0.25666666666666665
QedTableManager:0.20333333333333334
