ModificationSet:0.8833333333333333
ModificationSetTest:0.14666666666666667
