ReportVariable:0.4766666666666667
DeployReportFormTag:0.32
DeployReportForm:0.31
Messages:0.3002539682539683
ReportParameterTypeVisitor:0.24166666666666667
BaseDeployReportAction:0.22
RedeployReportAction:0.18666666666666668
AnalizeReportAction:0.16333333333333333
BulkDeployDefinitionFormTag:0.16333333333333333
ReportDefinition:0.13666666666666666
DeployReportAction:0.03333333333333333
ReportClassPresentation:0.006666666666666667
