OCSPServletStandAlone:0.35333333333333333
OCSPServlet:0.35
BaseOcspServlet:0.14
HealthCheckServlet:0.013333333333333334
