User:0.9466666666666667
AuthenticationManager:0.6266666666666667
AuthenticationManagerImpl:0.385
WebUrlUtil:0.3466666666666667
AuthenticationManagerImplTests:0.2866666666666667
DispatchServer:0.15666666666666668
AuthenticationManagerUtil:0.06666666666666667
