PeakTableViewer:0.7985555555555556
PeakView:0.3933333333333333
