DicomMediaIO:0.7133333333333334
Download:0.32666666666666666
WadoParameters:0.2377777777777778
SeriesProgressMonitor:0.19666666666666666
Activator:0.19
LoadSeries:0.17666666666666667
DicomSeriesProgressMonitor:0.04666666666666667
