LogStreamFollower:0.7528333333333334
Decoder:0.38333333333333336
LoggingLogStreamFollower:0.35333333333333333
HeliosSoloDeploymentTest:0.31666666666666665
InMemoryLogStreamFollower:0.28
