Module:0.8133333333333334
WorkCostTest:0.26666666666666666
