ComputeServiceBuilder:0.6322222222222222
DefaultDiscoveryService:0.32166666666666666
JCloudsDiscoveryFactoryTest:0.26
