JSON:0.5466666666666666
JSONArray:0.5233333333333333
AbstractJSONParser:0.3883333333333333
DefaultJSONParser:0.32666666666666666
ArrayDeserializer:0.08666666666666667
ListResolveFieldDeserializer:0.07
ArrayRefTest2:0.04666666666666667
ArrayRefTest:0.04666666666666667
