WFSPanel:0.7233333333333334
PropertyCriteriaPanel:0.51
SpatialCriteriaPanel:0.2733333333333333
