PartitionServiceImpl:0.5133333333333333
MapProxySupport:0.3333333333333333
MultiMapProxySupport:0.29333333333333333
AsyncInvocationService:0.26187301587301587
ProxyRegistry:0.18333333333333332
