FetchHTTP:0.4633333333333333
HttpRecorderGetMethod:0.36
HttpRecorderMethod:0.32666666666666666
CloseConnectionMarker:0.22666666666666666
