ModelTest:0.42
MyRenderer:0.37
RelationCell:0.31
Test:0.18666666666666668
ReverseEngineeringTest:0.17666666666666667
