Bytes:0.5061666666666667
ByteDecoder:0.41333333333333333
ByteTest:0.37
ByteEncoder:0.37
Element:0.26
