Filler:0.48
ArticleProcessor:0.35
ArticleQueryService:0.21533333333333332
Common:0.14983333333333335
