AbstractValue:0.41633333333333333
SelectionValue:0.36666666666666664
SurveyExportConfiguration:0.34
SectionValue:0.22333333333333333
BooleanValue:0.22333333333333333
StringValue:0.22333333333333333
TestExcelExportConfiguration:0.21333333333333335
ExcelExportJoblet:0.21333333333333335
ExcelExportConfiguration:0.12
