BaseManager:0.4633333333333333
ConcurrentMapManager:0.3466666666666667
BlockingQueueManager:0.33
