ParallelUniverse:0.7109444444444444
InstrumentationConfiguration:0.6333333333333333
