SendFileCGI:0.2683333333333333
InputPopup:0.26666666666666666
AppletFileOutputAction:0.21333333333333335
InputBoxAction:0.18
AppletFilePopup:0.17666666666666667
SaveAlignFileAction:0.13666666666666666
InputAlignBoxAction:0.01
