MetaWeblogAPIHandler:0.5266666666666666
BloggerAPIHandler:0.5183333333333333
AbstractBlojsomAPIHandler:0.3466666666666667
