LicenseReportComposite:0.4266666666666667
GwtTeamingMessages:0.3794444444444444
EmailReportComposite:0.37
