Inventory:0.57
Settlement:0.54
Rover:0.35333333333333333
EVASuit:0.3333333333333333
InventoryPanel:0.3
PhysicalCondition:0.24666666666666667
DriveGroundVehicle:0.23
ResourceProcess:0.22
CollectRockSamplesMission:0.20666666666666667
LoadVehicle:0.18666666666666668
TravelToSettlement:0.18333333333333332
Greenhouse:0.17
TransportRover:0.16777777777777778
CollectRockSamples:0.16333333333333333
UnloadVehicle:0.16111111111111112
EnterAirlock:0.16
InsituResourceProcessor:0.15666666666666668
EVAOperation:0.15
StudyRockSamples:0.13666666666666666
InflatableGreenhouse:0.12666666666666668
ERVBase:0.11
VehicleTableModel:0.09
SettlementTableModel:0.07333333333333333
ResourceProcessManager:0.04
ResourceProcessing:0.006666666666666667
