CommunicationsStub:0.7
ObjectNode:0.29
ObjectChildren:0.2866666666666667
LocalObjectLightImpl:0.24777777777777782
ObjectNodeProperty:0.21055555555555558
Delete:0.19788888888888892
LocalObjectView:0.16666666666666666
