FiberAsyncIO:0.65
FiberSocketChannel:0.5866666666666667
FiberServerSocketChannel:0.2833333333333333
