AWT:0.69
EventRecorder:0.3233333333333333
EventNormalizerTest:0.27
DragAwareEventQueue:0.22666666666666666
AppEventQueue:0.22444444444444447
EventNormalizer:0.14333333333333334
Listener:0.10333333333333333
