AzureStorageServiceMock:0.6683333333333333
AzureBlobContainer:0.43333333333333335
AzureBlobStoreContainerTests:0.18666666666666668
