CallImpl:0.6716666666666666
OkHttpClientTransport:0.535
ChannelImpl:0.26666666666666666
