AbstractDbDialect:0.71
IDbDialect:0.43333333333333335
FirebirdDbDialect:0.3233333333333333
