TopicService:0.5433333333333333
TopicProxySupport:0.28
SemaphorePortableHook:0.24077777777777784
ClientMultiMapProxy:0.19333333333333333
ClientListProxy:0.17666666666666667
ClientSetProxy:0.17666666666666667
ClientQueueProxy:0.17666666666666667
ProxyManager:0.16666666666666666
TopicPortableHook:0.14
SemaphoreDestroyRequest:0.13333333333333333
CollectionPortableHook:0.03
QueuePortableHook:0.03
