Mesh:0.6266666666666667
SpriteBatch:0.4066666666666667
ShaderProgram:0.39
VertexBufferObject:0.29333333333333333
IndexBufferObject:0.2866666666666667
