Binder:0.5783333333333334
NetFolder:0.37666666666666665
ModifyNetFolderDlg:0.3333333333333333
