AtmosphereConfig:0.44
InjectableObjectFactory:0.36333333333333334
BroadcasterIntrospector:0.3466666666666667
ExecutorsFactory:0.27
ServiceInterceptor:0.24
ManagedServiceInterceptor:0.11
PostConstructIntrospector:0.10666666666666667
