TestMySqlDistributedQueries:0.33666666666666667
TestPostgreSqlDistributedQueries:0.25666666666666665
TestMySqlIntegrationSmokeTest:0.24666666666666667
TestPostgreSqlIntegrationSmokeTest:0.21
