ChooseFormTypeDialog:0.6433333333333333
CopyFormDialog:0.47
OpenFormValidationDelegate:0.35333333333333333
CreateFormDelegate:0.23666666666666666
FormDelegate:0.06333333333333334
CopyFormDelegate:0.013333333333333334
