PropertyBean:0.4266666666666667
HVLayout:0.31
SexBean:0.3
ChoiceBean:0.24666666666666667
NameBean:0.24666666666666667
MLEBean:0.24666666666666667
SimpleValueBean:0.16333333333333333
FileBean:0.06333333333333334
