AttributeMap:0.5166666666666667
MockRequestContext:0.37666666666666665
EndState:0.31666666666666665
AnnotatedAction:0.3
FormObjectAccessor:0.2833333333333333
AnnotatedObject:0.24666666666666667
FlowPropertyResolver:0.24583333333333332
FlowVariable:0.24
FlowArtifactFactoryAdapter:0.23333333333333334
AbstractFlowBuilder:0.22666666666666666
StatefulActionProxy:0.21333333333333335
XmlFlowBuilder:0.21333333333333335
FormActionTests:0.21
EventFactorySupport:0.20666666666666667
FlowSessionImpl:0.205
InputOutputMapper:0.20333333333333334
MockFlowSession:0.2
FlowArtifactParameters:0.19666666666666666
CompositeAction:0.19
MutableAttributeCollection:0.18155555555555555
RedirectViewSelector:0.17833333333333334
FlowPropertyResolverTests:0.17
DefaultFlowAttributeMapperTests:0.16
TextToTransitionCriteriaTests:0.15333333333333332
AbstractBeanInvokingAction:0.15333333333333332
FlowExecutionTests:0.14
TextToViewSelectorTests:0.12
BeanInvokingActionTests:0.11333333333333333
CompositeActionTests:0.09666666666666666
PersonIdMapper:0.08333333333333333
MutableAttributeCollectionPropertyAccessor:0.08333333333333333
