PartitionChunk:0.5357777777777778
HivePartitionChunk:0.45
HiveClient:0.4033333333333333
PartitionChunkIterable:0.34
