ReflectionUtils:0.7933333333333333
ExecutableInvokerTests:0.31666666666666665
ReflectionUtilsTests:0.31
NumberParameterResolver:0.2897619047619048
ExecutableInvoker:0.22833333333333333
ConstructorInjectionTestCase:0.20666666666666667
ClassWithOneCustomConstructor:0.18883333333333338
ParameterResolverTests:0.056666666666666664
ClassWithTwoConstructors:0.03
