TreeViewer:0.5666666666666667
BaseSwiftTest:0.31666666666666665
TestCodePointCharStream:0.2733333333333333
CodePoint8BitCharStream:0.25
TestToolSyntaxErrors:0.16333333333333333
ParserATNSimulator:0.16333333333333333
