AbstractOnTheFlyBundleCreatorTests:0.54
TestInDifferentPackageThenItsParents:0.27
LocalFileSystemMavenRepository:0.16666666666666666
BaseClassFromAnotherPackage:0.11944444444444442
DifferentParentsInDifferentBundlesTest:0.10666666666666667
BaseClassFromAnotherPackageAndBundle:0.03333333333333333
