SystemShell:0.5683333333333334
ErrorMatcher:0.42
aliases:0.29
ConsolePlugin:0.26666666666666666
Generic:0.24666666666666667
CommandoHandler:0.20666666666666667
alias:0.19666666666666666
ConsoleProcess:0.19622222222222221
Windows:0.14916666666666667
GeneralOptionPane:0.13
unset:0.13
cd:0.12
TextAreaPane:0.10333333333333333
Windows9x:0.09333333333333334
WindowsNT:0.09333333333333334
CommandoTextField:0.07777777777777778
ErrorsOptionPane:0.056666666666666664
ErrorMatcherDialog:0.043333333333333335
CommandoComboBox:0.04
unalias:0.013055555555555556
