ReplicatedMapTest:0.5333333333333333
RequestMapDataOperation:0.4605555555555556
ReplicatedMapProxy:0.28
