MapContextQuerySupport:0.5416666666666666
BasicMapTest:0.3933333333333333
MapProxySupport:0.2733333333333333
DefaultMapServiceContext:0.25333333333333335
