Connection:0.7866666666666666
Response:0.4
UrlConnectTest:0.33666666666666667
KeyVal:0.24
HttpConnection:0.20333333333333334
EchoServlet:0.16666666666666666
ConnectTest:0.08666666666666667
