CaughtHostsContainer:0.5177777777777778
HTTPProcessor:0.39488888888888884
