ScaleSelectedItemsTool:0.7366666666666667
GeoUtils:0.39666666666666667
EditingPlugIn:0.31333333333333335
ScaleSelectedItemsPlugIn:0.02666666666666667
