MapService:0.44333333333333336
DeleteOperation:0.35
TransactionalMapProxy:0.33
PartitionRecordStore:0.29333333333333333
DeleteCommandProcessor:0.29
IncrementCommandProcessor:0.29
HttpGetCommandProcessor:0.25666666666666665
TxRemoveOperation:0.24333333333333335
TxPutOperation:0.23333333333333334
PartitionContainer:0.2227777777777778
MapTransactionTest:0.21333333333333335
TransactionalMapProxySupport:0.19
TextCommandServiceImpl:0.16666666666666666
MemcacheCommandProcessor:0.04666666666666667
