PropertyBuilder:0.43
StringProperty:0.41
DecimalProperty:0.29
PropertyBuilderTest:0.26666666666666666
BaseIntegerProperty:0.23666666666666666
