SessionFactoryHealthCheckTest:0.28
CustomAspect:0.24666666666666667
UnitOfWorkAspect:0.24666666666666667
MockDAO:0.22
UnitOfWorkApplicationListenerTest:0.21333333333333335
AbstractDAO:0.21
DogDAO:0.20666666666666667
AbstractDAOTest:0.20333333333333334
SessionFactoryFactoryTest:0.19666666666666666
SessionDao:0.19
DataExceptionMapper:0.1638888888888889
UnitOfWorkAwareProxyFactoryTest:0.14666666666666667
JerseyIntegrationTest:0.06
TestApplication:0.05
