BotInvoker:0.4909444444444445
CommonLogic:0.49
BotsLogic:0.43
BotInvokerServiceBean:0.25333333333333335
