AntBuilder:0.6391666666666667
Property:0.33
AntBuilderTest:0.2833333333333333
