JChemPaintAbstractApplet:0.7266666666666667
JChemPaintEditorApplet:0.3566666666666667
JChemPaintViewerOnlyApplet:0.17333333333333334
