AbstractConversationManager:0.43333333333333335
ConversationProxy:0.42333333333333334
SessionBindingConversationManager:0.32666666666666666
ExecutorBeanDefinitionParser:0.24333333333333335
LocalConversationManager:0.22333333333333333
