EmnistFetcher:0.6616666666666666
MnistDataFetcher:0.41333333333333333
TestEmnistDataSetIterator:0.26944444444444443
EmnistDataFetcher:0.25
