TestClass:0.6733333333333333
ParentRunner:0.5822222222222222
Parameterized:0.2207936507936508
