AsyncBroadcastAction:0.5216666666666666
TransportShardReplicationOperationAction:0.36666666666666664
AsyncSingleAction:0.3433333333333333
TransportBroadcastOperationAction:0.3333333333333333
BaseAsyncAction:0.25333333333333335
TransportUpdateAction:0.18
