PluginRegistry:0.6633333333333333
PluginRegistryTest:0.35
ProjectXMLHelper:0.31866666666666665
