ReflectionUtils:0.46
JUnit5TestableFactory:0.38
SpecificationResolver:0.37333333333333335
ReflectionObjectTester:0.2633333333333333
CanBeTestClass:0.21
IsTestContext:0.0033333333333333335
