HttpClientResponse:0.6861111111111111
HttpClientResponseImpl:0.45
ClientConnection:0.3566666666666667
Http2ClientStream:0.2966666666666667
