ConfigUtils:0.5833333333333334
InternalInterceptMethodsBeanDefinitionDecorator:0.3333333333333333
HttpSecurityConfigPostProcessor:0.32666666666666666
InterceptMethodsBeanDefinitionDecoratorTests:0.32
InterceptMethodsBeanDefinitionDecorator:0.14
HttpSecurityBeanDefinitionParser:0.09666666666666666
AnnotationDrivenBeanDefinitionParser:0.07333333333333333
