OracleSchema:0.5877777777777777
DbSupport:0.53
OracleDbSupport:0.36333333333333334
