AbstractWebServicesConnector:0.53
BotAdapter:0.3566666666666667
BotStationAdapter:0.3566666666666667
BotTaskAdapter:0.2866666666666667
