CachingElement:0.5733333333333334
ProtoclassCollecter:0.56
Round:0.2633333333333333
CachingElements:0.23333333333333334
