XwssMessageProcessorUsernameTokenTest:0.2633333333333333
KeyStoreCallbackHandler:0.25666666666666665
SaajSoapMessageContext:0.25333333333333335
XwssMessageProcessorSignTest:0.25
XwssMessageProcessorEncryptTest:0.25
XwsSecurityInterceptor:0.24333333333333335
IntegrationTest:0.14666666666666667
AbstractWsSecurityInterceptor:0.12
KeyStoreFactoryBean:0.09666666666666666
XwssMessageProcessorTestCase:0.09
XwsSecurityValidationException:0.033650793650793646
XwsSecuritySecurementException:0.033650793650793646
