BeanShellFacade:0.65601724
EditServer:0.2273358
Macros:0.20080426
ActionSet:0.19251798
View:0.19178426
Interpreter:0.18572111
NameSpace:0.18311797
JEditActionSet:0.18162757
jEdit:0.17586605
BeanShellAction:0.17458735
ServiceManager:0.16216981
SearchAndReplace:0.16171512
BshClassManager:0.13913427
EditPane:0.13022321
Buffer:0.10694888
DockableWindowManager:0.09831126
GUIUtilities:0.09500108
InputHandler:0.08642316
JEditBuffer:0.07978596
VFSBrowser:0.07867754
TextArea:0.07673867
VFSManager:0.07632854
BshMethod:0.07496206
JEditTextArea:0.05980885
ActionBar:0.05501052
PluginJAR:0.054338343
Log:0.051607825
DockableWindowFactory:0.050326973
JARClassLoader:0.048954904
BeanShellErrorDialog:0.044617135
EvalError:0.027321076
OptionGroupPane:0.026736008
Selection:0.026590647
OptionsDialog:0.021528278
UtilEvalError:0.016233198
EnhancedMenu:0.011234188
