View:0.07946217
jEdit:0.06597222
EditPane:0.06433487
Buffer:0.054300714
StatusWidgetFactory:0.04886132
Macros:0.048429828
EnhancedMenuItem:0.047421053
TextArea:0.04586897
EnhancedCheckBoxMenuItem:0.0458563
JEditBuffer:0.045267407
SearchAndReplace:0.038547475
VFSManager:0.0347687
WorkThreadProgressListener:0.03427491
JEditTextArea:0.033718888
Abbrevs:0.03334532
EnhancedButton:0.032936797
StandardUtilities:0.03175675
ActionBar:0.030185014
WorkThreadPool:0.029426731
InputHandler:0.029277364
SearchBar:0.025890876
CompletionPopup:0.02525782
DefaultInputHandler:0.022283416
ServiceManager:0.021141179
RecentFilesProvider:0.017304514
RecentDirectoriesProvider:0.017070465
Widget:0.012607258
OperatingSystem:0.009576463
ToolTipLabel:0.005522691
