TaskManager:0.22655055
TaskListener:0.11897915
StatusWidgetFactory:0.05565632
Task:0.043943018
Widget:0.04353082
DockableWindowManager:0.03269461
View:0.029000878
jEdit:0.027873097
