TaskManager:0.481258
WorkRequest:0.21542424
LocalFileSaveTask:0.19470339
ProgressObserver:0.17646305
TaskMonitor:0.16313861
HyperSearchRequest:0.16136287
MkDirBrowserTask:0.14117305
DeleteBrowserTask:0.1340075
ListDirectoryBrowserTask:0.13147373
RenameBrowserTask:0.124412015
AbstractBrowserTask:0.11242796
CopyFileWorker:0.09734197
TaskAdapter:0.09453215
TaskMonitorWidgetFactory:0.09020189
ThreadUtilities:0.08840064
PluginManagerOptionPane:0.08269761
MarkersSaveRequest:0.08229084
TaskListener:0.08117054
VFSManager:0.06971405
PluginManager:0.05989478
VFSBrowser:0.054916847
Log:0.040270686
PluginList:0.03286978
