RestartableItemOrientedTaskletRestartData:0.43
SkippableItemWriter:0.3388095238095238
ItemOrientedTaskletTests:0.25666666666666665
ItemWriterAdapterIntegrationTests:0.25
RestartableItemOrientedTasklet:0.20333333333333334
CompositeItemWriter:0.14333333333333334
PropertyExtractingDelegatingItemProccessorIntegrationTests:0.10333333333333333
