ParentRunner:0.7041111111111111
BlockJUnit4ClassRunner:0.6633333333333333
