IcalConverter:0.81
CommonDependencyInjection:0.35333333333333333
AbstractAllModulesInjected:0.29333333333333333
SSimpleFormController:0.29333333333333333
SAbstractController:0.29333333333333333
AdminModuleImpl:0.2833333333333333
AllModulesInjected:0.2833333333333333
MimeHelper:0.25083333333333335
AjaxController:0.23
MailModuleImpl:0.21333333333333335
DefaultFolderEmailFormatter:0.19666666666666666
GetController:0.12
ViewICalController:0.12
IcalConverterImpl:0.08333333333333333
