JUnitPlatform:0.34
JUnit4TestEngineDiscoveryTests:0.29
Discovery:0.24333333333333335
JOptSimpleCommandLineOptionsParserTests:0.20666666666666667
CommandLineOptions:0.19
ClassFilter:0.18666666666666668
FilterCompositionTests:0.14
AvailableOptions:0.14
UsingTheLauncherDemo:0.13666666666666666
DiscoveryRequestCreatorTests:0.12666666666666668
ClassFilterTests:0.08666666666666667
