CNNGradientCheckTest:0.4533333333333333
VaeGradientCheckTests:0.32666666666666666
LSTMGradientCheckTests:0.23666666666666666
GradientCheckTestsMasking:0.2
