OutputLayer:0.6633333333333333
BaseMultiLayerNetwork:0.4766666666666667
DeepAutoEncoder:0.36666666666666664
DeepAutoEncoderExample:0.10666666666666667
