Size:0.31333333333333335
Invocation:0.26666666666666666
Appender:0.20333333333333334
Compound:0.09
MethodInvocationTest:0.08333333333333333
