HtmlTagEnumerator:0.4425
OrderedProperties:0.37805555555555553
NameCase:0.24666666666666667
