ShareItem:0.38
EntityIdentifier:0.36666666666666664
GwtShareHelper:0.3433333333333333
SharingModule:0.270595238095238
SharingModuleImpl:0.19333333333333333
