AbstractStep:0.43
ItemOrientedStepTests:0.32666666666666666
JdbcJobInstanceDao:0.29333333333333333
SimpleJobTests:0.16
CompositeStepListener:0.07333333333333333
DefaultItemFailureHandler:0.06
CompositeChunkListener:0.05333333333333334
CompositeItemWriteListener:0.05
CompositeItemReadListener:0.05
CompositeStepListenerTests:0.04
CompositeJobListener:0.02666666666666667
CompositeItemWriteListenerTests:0.013333333333333334
CompositeItemReadListenerTests:0.006666666666666667
CompositeJobListenerTests:0.0033333333333333335
CompositeChunkListenerTests:0.0033333333333333335
