SelectPlannerTest:0.6413888888888889
Paging:0.4702777777777778
PagingTest:0.23
