JnetManager:0.8533333333333334
StepManager:0.57
FileDialog:0.2733333333333333
