SystemUtil:0.56
DefaultAppCore:0.255
ClassLoaderUtil:0.24833333333333332
HtmlStaplerBundlesManager:0.19
ExtendedURLClassLoader:0.18
DiskFileUploadFactory:0.16666666666666666
StringPool:0.016666666666666666
