ISarosRmiSWTWorkbenchBot:0.44484523809523807
IRmiSWTWorkbenchBot:0.4272222222222223
RmiSWTWorkbenchBot:0.4033333333333333
SarosRmiSWTWorkbenchBot:0.33
SarosConstant:0.26944444444444443
Musician:0.22333333333333333
RmiTest:0.15
TestShareProjectUsingExistingProject:0.09
