AnnotationDataReader:0.6666666666666666
TransactionAnnotation:0.42333333333333334
ActionAnnotation:0.37166666666666665
