RedissonMapIterator:0.49333333333333335
RedissonMap:0.47888888888888886
RedissonMapCache:0.36666666666666664
