DatabaseManager:0.09588754
DatabaseManagerSwing:0.071287766
TransferCommon:0.06756281
ConnectionDialog:0.053799905
TransferTable:0.040721606
TransferDb:0.04003904
TransferSQLText:0.036589034
SQLStatements:0.029466417
DataAccessPoint:0.014534708
Traceable:7.931463E-4
