SystemProperties:0.5366666666666666
GrammarModel:0.3433333333333333
SimulatorModel:0.2833333333333333
StateTab:0.20333333333333334
