GwtTeamingMessages:0.7233333333333334
MastHead:0.33666666666666667
GwtMainPage:0.30666666666666664
GwtRpcServiceImpl:0.2866666666666667
RequestInfo:0.2678730158730158
GwtTeamingImageBundle:0.23666666666666666
LoginDlg:0.23666666666666666
ViewPermalinkController:0.19111111111111112
LoginController:0.11666666666666667
