Box2DTest:0.49333333333333335
LifeCycleTest:0.2633333333333333
StageTest:0.2633333333333333
GwtInput:0.24333333333333335
LabelTest:0.21
FlickScrollPaneTest:0.19666666666666666
Box2DCharacterControllerTest:0.18333333333333332
AccelerometerTest:0.13666666666666666
SimpleStageCullingTest:0.13666666666666666
KinematicBodyTest:0.11666666666666667
GwtTestStarter:0.08
LwjglDebugStarter:0.08
