PushButton:0.5766666666666667
PopPanel:0.5
pluginhttpclient:0.19666666666666666
PrintFormatStep:0.17
