TableEntity:0.7633333333333333
IndexEntity:0.5166666666666667
DictionaryModelSerializer:0.3333333333333333
DictionaryTableSerializer:0.16
DictionaryIndexSerializer:0.15333333333333332
