PIPathAggregation:0.4866666666666667
DataAggregationJoblet:0.38333333333333336
Visit:0.35333333333333333
AggregationTree:0.31333333333333335
AbstractDataAggregation:0.3027420634920635
DataAggregationJobletConfiguration:0.03666666666666667
PathTreeDataAggregation:0.03666666666666667
