DownloadEntity:0.63
SqlHelper:0.47
DownloadTarget:0.43333333333333335
CommonUtil:0.42333333333333334
DownloadTaskEntity:0.24666666666666667
SingleTaskActivity:0.23666666666666666
DownloadModule:0.19666666666666666
UploadTaskEntity:0.18
AbsNormalTarget:0.09083333333333334
AbsGroupEntity:0.07333333333333333
AbsNormalEntity:0.07333333333333333
DownloadGroupEntity:0.07
Downloader:0.05
DownloadGroupTaskEntity:0.0
AbsTaskEntity:0.0
