CreateUACDSAction2Test:0.49
JFXLayerTreeEditorCreateLayersTest:0.4633333333333333
JFXEditorOpenDFWith2LayersTest:0.3466666666666667
EditUACDSAction10Test:0.2966666666666667
UIPropertiesPluginToolbarTest:0.10666666666666667
