JsonParser:0.6733333333333333
Path:0.6266666666666667
CatalogTest:0.19333333333333333
