AnnotationUtils:0.55
TestActionInterface:0.27051984126984113
DummyClass:0.26066666666666666
AnnotationCacheKey:0.24333333333333335
AnnotationUtilsTest:0.21333333333333335
AnnotationValidationInterceptor:0.2110454545454545
AnnotationWorkflowInterceptorTest:0.18666666666666668
TestActionBase:0.17
BeanValidationInterceptor:0.15666666666666668
AnnotationWorkflowInterceptor:0.12333333333333334
DefaultWorkflowInterceptor:0.11666666666666667
BaseAnnotatedAction:0.07333333333333333
ModelDrivenAction:0.05738095238095237
TestAction:0.0571031746031746
BeanValidationInterceptorTest:0.043333333333333335
AnnotationValidationInterceptorTest:0.03
