ForwardingReadableBufferTest:0.7066666666666667
ForwardingServerCallListenerTest:0.36
ForwardingChannelBuilderTest:0.20666666666666667
