ECKey:0.71
DeterministicKeyChain:0.4266666666666667
KeyChainGroup:0.36
WalletTool:0.31333333333333335
