CaffeineConfiguration:0.6
Synthetic:0.45
CacheManagerImpl:0.4266666666666667
BasicSettings:0.25333333333333335
