BuildAgentService:0.6233333333333333
DistributedMasterBuilder:0.3333333333333333
BuildAgentServiceImpl:0.3233333333333333
BuildAgentServiceImplTest:0.31
PropertiesHelper:0.3
DistributedMasterBuilderTest:0.17
DistributedMasterBuilderNoLookupTest:0.13
