ResolveIds:0.54
TaskHelper:0.42
AjaxController:0.3
DashboardHelper:0.2833333333333333
TreeTag:0.24666666666666667
MiniBusinessCard:0.23826767676767677
DateHelper:0.19666666666666666
ModifyEntryController:0.19666666666666666
DefinitionModuleImpl:0.19216666666666665
ObjectKeys:0.18333333333333332
AddEntryController:0.13333333333333333
DateComparer:0.03
FieldBuilderPlaces:0.0033333333333333335
NotifyBuilderPlaces:0.0033333333333333335
ElementBuilderPlaces:0.0033333333333333335
