Dialog:0.5933333333333334
ScriptIDE:0.2966666666666667
AddFeedDialog:0.20333333333333334
QuickOpenDialog:0.2
