CompoundTransaction:0.51
AnnotationEditor:0.44666666666666666
GmodNameAdapter:0.2833333333333333
ChangeList:0.2388888888888889
DefaultNameAdapter:0.20666666666666667
UpdateParentTransaction:0.19805555555555554
FlyNameAdapter:0.18333333333333332
IDFocusListener:0.12333333333333334
