ServiceData:0.7
CertificateExpireTest:0.26666666666666666
LocalServiceSessionBean:0.2633333333333333
PublisherQueueProcessTest:0.18666666666666668
ServiceDataSessionLocal:0.13666666666666666
ServiceDataSessionBean:0.12666666666666668
ServiceSessionLocal:0.08738888888888888
ServiceDataSession:0.0011111111111111111
ServiceDataSessionRemote:0.0
