FormActionTests:0.5333333333333333
FlowController:0.5166666666666667
