EditorManager:0.78
ConsistencyAction:0.21833333333333332
EditorPool:0.19333333333333333
DirtyStateListener:0.19
ConsistencyWatchdogHandler:0.18333333333333332
