Module:0.5033333333333333
Parameterized:0.3
Pluggable:0.2633333333333333
