MockWebServer:0.5366666666666666
EventListenerTest:0.4666666666666667
SslClient:0.2813333333333334
ClientAuthTest:0.23666666666666666
