Database:0.4667063492063494
Project:0.43666666666666665
TreeView:0.37
Base2Database:0.22
MockDatabase:0.17333333333333334
