Wallet:0.6166666666666667
WalletTest:0.15666666666666668
