MapperService:0.96
InternalParseContext:0.42333333333333334
NestedObjectMapperTests:0.2586984126984127
