PluginInfo:0.025917016
AbstractPlugin:0.014951418
