MockRmiJournalReceiver:0.33
TestRmiJournalReceiver:0.2966666666666667
TestMulticastJournalWriterInitializations:0.28
TestRmiTransport:0.23
TestLocalDirectoryTransport:0.21333333333333335
TestMulticastJournalWriterOperation:0.21
TestRmiTransportWriter:0.19666666666666666
MockServerForJournalTesting:0.18
TestJournalEntrySizeEstimator:0.13333333333333333
MockMulticastJournalWriter:0.11666666666666667
AllUnitTests:0.09083333333333334
MockTransport:0.08333333333333333
SampleJournalEntries:0.06
AllIntegrationTests:0.02666666666666667
SampleJournalFile1:0.023888888888888887
AbstractJournalTester:0.0033333333333333335
