Collectd:0.63
CollectdConfigFactory:0.45666666666666667
BroadcastEventProcessor:0.42333333333333334
