CMap:0.4766666666666667
PartitionManager:0.3466666666666667
ConcurrentMapManager:0.33
PartitionInfo:0.32
BaseManager:0.32
ClusterService:0.21111111111111108
MigrationTask:0.12333333333333334
ClusterBackupTest:0.056666666666666664
