Tab:0.5966666666666667
ModuleTestBase:0.3933333333333333
ModuleManager:0.28
CustomReport:0.24777777777777782
