ClassExecutionNode:0.72
MockitoExtensionInBaseClassTest:0.2833333333333333
NestedClassExecutionNode:0.2833333333333333
MockitoExtension:0.14333333333333334
