BasePublisher:0.4266666666666667
LdapPublisher:0.3933333333333333
GeneralPurposeCustomPublisher:0.32666666666666666
GeneralPurposeCustomPublisherTest:0.26666666666666666
CustomPublisherContainer:0.21
ICustomPublisher:0.185
ExternalOCSPPublisher:0.16333333333333333
DummyCustomPublisher:0.12666666666666668
