DateFieldMapper:0.5166666666666667
DateMathParser:0.39
DateMathParserTests:0.29
DateMath:0.24333333333333335
