EsExecutors:0.5133333333333333
SizeBlockingQueue:0.42333333333333334
Info:0.41
FixedExecutorBuilder:0.24333333333333335
ExecutorBuilder:0.22666666666666666
