Operations:0.8611111111111113
GenericOperationsImpl:0.33
RESTClient:0.31
FgsOperationsSoapBindingStub:0.27
FgsOperationsSoapBindingImpl:0.16
RESTImpl:0.1225
Statement:0.03666666666666667
