WebSocket:0.71
WebSocketListener:0.53
Pong:0.4066666666666667
RealWebSocket:0.2966666666666667
EmptyWebSocketListener:0.28977777777777775
WebSocketWriterTest:0.28
Ping:0.24666666666666667
WebSocketEcho:0.22
WebSocketReaderTest:0.21
AutobahnTester:0.19666666666666666
RealWebSocketTest:0.19666666666666666
WebSocketReader:0.18777777777777777
WebSocketCallTest:0.18
WebSocketRecorder:0.14666666666666667
WebSocketWriter:0.14
FrameCallback:0.05333333333333334
