NetworkPublication:0.37333333333333335
SendChannelEndpoint:0.34
DriverConductorTest:0.3333333333333333
DriverConductor:0.2966666666666667
Sender:0.2833333333333333
NewPublicationCmd:0.14666666666666667
SelectorAndTransportTest:0.14333333333333334
SenderProxy:0.08333333333333333
PublicationAssembly:0.07333333333333333
