SubsamplingLayer:0.4766666666666667
ConvolutionLayer:0.4766666666666667
DefaultLayerFactory:0.39222222222222225
