Filter:0.5266666666666666
AtmosphereServlet:0.42
AtmosphereFilter:0.16111111111111112
ApplicationConfig:0.03333333333333333
FrameworkConfig:0.03333333333333333
