GroovyScript:0.65
PluginScriptPanel:0.38333333333333336
UAScriptManager:0.3655555555555555
