ExecutionContext:0.46
NodeLog:0.18666666666666668
TransitionLog:0.15666666666666668
TaskLog:0.15666666666666668
ActionLog:0.12333333333333334
