ConnectionInfoAction:0.85
GenericMBeanServerProxy:0.16666666666666666
JMXRemotingMBeanServerProxy:0.16666666666666666
Mx4jMBeanServerProxy:0.16666666666666666
