FluxChannelMap:0.6666666666666667
FluxRGB:0.5066666666666667
FluxChannelMapBuilder:0.44333333333333336
