BitmapFont:0.5233333333333333
Group:0.4166666666666667
Label:0.33666666666666667
StageTest:0.26
LwjglGraphics:0.21666666666666667
ImmediateModeRenderer:0.21
