ResourceData:0.9116666666666666
CreoleRegisterImpl:0.4766666666666667
