ExecutorServiceDelegate:0.6033333333333334
ExecutorService:0.6
Relation:0.56
Permission:0.4633333333333333
ExecutorDAO:0.45666666666666667
RelationPermission:0.42333333333333334
RelationPair:0.30333333333333334
PrepertyTDBuilder:0.2397222222222222
PermissionNotFoundException:0.2377777777777778
RelationDoesnotExistsException:0.23666666666666666
ExecutorDAOHibernateImpl:0.21666666666666667
ActionExceptionHelper:0.2
WfeScriptRunner:0.19666666666666666
ExecutorLogic:0.19
ListExecutorsWithoutPermissionsOnRelationsFormTag:0.18333333333333332
ListExecutorsWithoutPermissionsOnRelationFormTag:0.18333333333333332
RelationExecutorBaseTDBuilder:0.18
ListRelationMembersFormTag:0.18
ExecutorServiceBean:0.17333333333333334
OrgFunctionHelper:0.16666666666666666
ExecutorServiceDelegateLocalImpl:0.16
ExecutorServiceDelegateRemoteImpl:0.16
UpdatePermissionOnRelationFormTag:0.15333333333333332
ExecutorServiceDelegateRelationsTest:0.15333333333333332
AFInitializerLogic:0.15
UpdatePermissionOnRelationGroupsFormTag:0.13666666666666666
ListRelationsFormTag:0.13
ManagePermissionOnRelationLinkTag:0.12333333333333334
GrantPermissionOnRelationAction:0.12333333333333334
CreateRelationLinkTag:0.12333333333333334
GrantPermissionOnRelationLinkTag:0.12333333333333334
RelationGroupNameTDBuilder:0.11333333333333333
RelationTablesAddition:0.11
RemoveRelationGroupAction:0.11
RelationURLStrategy:0.1075
CreateRelationGroupLinkTag:0.10666666666666667
RemoveRelationAction:0.10666666666666667
GrantPermissionOnGroupsOfRelationsLinkTag:0.10666666666666667
ManagePermissionOnGroupsOfRelationsLinkTag:0.10666666666666667
RelationGroupClassPresentation:0.08666666666666667
CreateRelationGroupAction:0.07666666666666666
CreateRelationAction:0.07666666666666666
RelationClassPresentation:0.07333333333333333
RelationToTDBuilder:0.05333333333333334
RelationFromTDBuilder:0.05333333333333334
RelationExistException:0.03
RelationPairDoesnotExistException:0.0
