ITypeLib:0.36666666666666664
IDispatch:0.35100000000000003
ITypeInfo:0.3466666666666667
IUnknown:0.25333333333333335
IUnknownTest:0.19666666666666666
USHORTbyReference:0.18666666666666668
WORDbyReference:0.15333333333333332
ITypeComp:0.12666666666666668
