AttributeConfig:0.5976666666666665
PolicyConfig:0.52
PDPRequest:0.52
XACMLRequestBuilder:0.30666666666666664
PDPTest:0.14
PIPResponseBuilder:0.11333333333333333
PatientConsentDirectives:0.06666666666666667
