OutputLayer:0.73
GravesLSTM:0.54
DefaultLayerFactory:0.15333333333333332
GradientCheckTests:0.14333333333333334
GradientCheckUtil:0.13555555555555554
LayerFactories:0.12666666666666668
MultiLayerTestRNN:0.12333333333333334
GravesLSTMParamInitializer:0.10666666666666667
TestSetGetParameters:0.07666666666666665
