IrisUtils:0.5833333333333334
LFWLoader:0.27666666666666667
BaseDataFetcher:0.21
MnistDataFetcher:0.14333333333333334
LFWDataFetcher:0.14
IrisDataFetcher:0.05
