TxmObject:0.86
ObjectExplorer:0.25666666666666665
TxmObjectCellEditor:0.11
ComputeRepartition:0.09333333333333334
TxmObjectContentProvider:0.04
TxmObjectLabelProvider:0.013333333333333334
