Update:0.42333333333333334
ConfigTest:0.3933333333333333
