LabelTree:0.55
LTSJVertex:0.4633333333333333
GraphJGraph:0.4472222222222222
