XSearchPanel:0.6
ReplaceActions:0.33
XSearchOptionPane:0.17666666666666667
MultiFileActionHandler:0.10444444444444444
