JsonModel:0.5166666666666667
FilterAdapter:0.4266666666666667
JsonPath:0.4166666666666667
Criteria:0.36333333333333334
FilterTest:0.31666666666666665
Filter:0.23
ArrayQueryFilter:0.11666666666666667
JsonPathFilterTest:0.11666666666666667
JsonModelTest:0.10666666666666667
MapFilter:0.07666666666666666
