Code39Writer:0.5466666666666666
EAN8Writer:0.3233333333333333
EAN13Writer:0.3233333333333333
