Options:0.54
ObjectiveCImplementationGenerator:0.41333333333333333
InitializationNormalizerTest:0.2966666666666667
StatementGenerator:0.26666666666666666
InnerClassExtractorTest:0.24
StatementGeneratorTest:0.22
GenerationTest:0.20666666666666667
AnonymousClassConverterTest:0.19666666666666666
DestructorGeneratorTest:0.18
OptionsTest:0.10333333333333333
