Operation:0.5
NodeEngineImpl:0.4
EventProcessor:0.31
ProxyServiceImpl:0.26
Node:0.23666666666666666
TransactionContextImpl:0.23
QuorumServiceImpl:0.22333333333333333
TimedMemberStateFactory:0.22
ProxyRegistry:0.21666666666666667
ClientPacketProcessor:0.21333333333333335
XATransactionContextImpl:0.18666666666666668
LocalEventDispatcher:0.16666666666666666
IsStillRunningService:0.14333333333333334
