RemoteTask:0.7733333333333333
HttpRemoteTask:0.41333333333333333
SqlStageExecution:0.38
TestDistributedQueries:0.18
MockRemoteTaskFactory:0.09666666666666666
RemoteTaskFactory:0.036166666666666666
HttpRemoteTaskFactory:0.023333333333333334
