DataExtractorService:0.5666666666666667
DataService:0.3
IDataExtractorService:0.26105555555555554
StagingDataWriter:0.26
MultiBatchStagingWriter:0.25333333333333335
SelectFromTableSource:0.25
FileSyncService:0.1877222222222222
DataExtractorSqlMap:0.1841666666666667
