FactoryImpl:0.4666666666666667
HazelcastClientMapTest:0.44
Packet:0.31666666666666665
Request:0.2966666666666667
