Helper:0.26666666666666666
ConnectivityStateManager:0.24
ManagedChannelImpl:0.23666666666666666
LbHelperImpl:0.17333333333333334
ManagedChannelImplTest:0.14666666666666667
Listener:0.12
