AbstractAnnotationBinderTest:0.33666666666666667
RuntimeTypeVerifierTest:0.26666666666666666
IgnoreForBindingVerifierTest:0.26666666666666666
BindingPriorityResolverTest:0.21333333333333335
