AdviceVisitor:0.6533333333333333
Advice:0.5777777777777777
AdviceTest:0.33
AdviceTypeTest:0.17
AdviceSuppressionTest:0.12666666666666668
AdviceWriteTest:0.12666666666666668
