AbstractTester:0.6983333333333334
STFTest:0.42
TestEditorByAlice:0.30333333333333334
TestBasicWidgetTree:0.2966666666666667
TestSarosView:0.2866666666666667
TestSessionAliceBob:0.2733333333333333
TestMenuSarosByAliceBob:0.27
TestUserWithWriteAccessSavesFiles:0.25666666666666665
DummyTester:0.25666666666666665
TestSVNStateInitialization:0.24666666666666667
TestEditorByAliceBob:0.24666666666666667
TestContextMenuOpen:0.24333333333333335
TestPattern:0.23666666666666666
TestConcurrentEditing:0.21666666666666667
TestSarosPreferences:0.21
TestSVNStateUpdates:0.20333333333333334
TestHostInvitesBelatedly:0.2
TestCreatingNewFile:0.19666666666666666
TestMenuRefactor:0.19666666666666666
TestFileOperations:0.19666666666666666
TestAllParticipantsFollowUserWithWriteAccess:0.19333333333333333
TestChangingUserWithWriteAccessWhileOtherFollow:0.18333333333333332
TestParallelInvitationWithTerminationByInvitees:0.18333333333333332
TestParallelInvitationWithTerminationByHost:0.18333333333333332
TestFollowMode:0.17666666666666667
RealTester:0.17333333333333334
TestEditDuringInvitation:0.15333333333333332
TestWriteAccessChangeAndImmediateWrite:0.15333333333333332
TestShare2UsersSequentially:0.14
TestEditor2:0.14
TestUserWithWriteAccessResetsFiles:0.14
TestHandleContacts:0.1
CreateAccountWithDismatchedPassword:0.06666666666666667
TestChatViewFunctions:0.03666666666666667
