PartitionRefiner:0.58
DefaultIsoChecker:0.5566666666666666
SPORule:0.4816666666666667
HashBag:0.27
Generator:0.23333333333333334
