WriteBehindStore:0.5766666666666667
WriteBehindQueueTest:0.30333333333333334
MapReplicationOperation:0.24333333333333335
RecordStoreTest:0.19666666666666666
WriteBehindQueues:0.18
InternalStoreListener:0.07
