ImportTableExecution:0.6791666666666667
QueryExecution:0.6416666666666667
SqlQueryExecution:0.43666666666666665
SqlQueryManager:0.43333333333333335
