AtomAPIServlet:0.44333333333333336
AtomUtils:0.44
AtomConstants:0.014071428571428572
