SimpleQueryTests:0.779388888888889
FilteredQueryBuilder:0.3333333333333333
