STF:0.7766666666666666
TeamC:0.5466666666666666
SarosC:0.54
PEView:0.505
SarosCImp:0.4266666666666667
TeamCImp:0.4166666666666667
SarosBotImp:0.4066666666666667
SarosBot:0.38333333333333336
RosterViewImp:0.35133333333333333
NoBot:0.32666666666666666
OpenC:0.31866666666666665
TestContextMenuOpen:0.30333333333333334
TestUserWithWriteAccessSavesFiles:0.2966666666666667
TestShareProjectUsingExistingProject:0.2966666666666667
NoBotImp:0.26666666666666666
TestBasicWidgetTree:0.24666666666666667
TestMenuRefactor:0.24
SessionViewImp:0.2378333333333333
PEViewImp:0.23444444444444448
STFTest:0.23333333333333334
TestRosterView:0.23
TestSVNStateUpdates:0.21666666666666667
TestSVNStateInitialization:0.20666666666666667
TestBasicSarosElements:0.19666666666666666
OpenCImp:0.16
TestParallelInvitationWithTerminationByHost:0.15
TestConcurrentEditing:0.13666666666666666
TestStrictSequentialInvitationWithoutTermination:0.13666666666666666
TestParallelInvitationWithTerminationByInvitees:0.12333333333333334
TestShare3UsersSequentially:0.11333333333333333
TestShare2UsersSequentially:0.11333333333333333
TestHostInvitesBelatedly:0.11333333333333333
TestShare3UsersConcurrently:0.11333333333333333
STFController:0.06333333333333334
TestEditDuringInvitation:0.05
SarosComponent:0.04
SarosComponentImp:0.006666666666666667
