TestCreole:0.9933333333333333
TestGate:0.10733333333333334
