JSONSerializer:0.58
JavaBeanSerializer:0.43383333333333346
ListSerializer:0.42333333333333334
