Channel:0.7233333333333334
LwtDoubleChannel:0.1988888888888889
LwtFloatChannel:0.1988888888888889
ThreadDoubleChannel:0.1988888888888889
LwtIntChannel:0.1988888888888889
ThreadLongChannel:0.1988888888888889
LwtLongChannel:0.1988888888888889
ThreadFloatChannel:0.1988888888888889
ThreadIntChannel:0.1988888888888889
