GeneratorFactory:0.5333333333333333
PropertyPG:0.37
EntityReferencePG:0.1788888888888889
GeneratorsParser:0.17833333333333334
XmlElementsNames:0.011111111111111112
