AnnotationObjectDirectoryMap:0.46
LdapDaoITest:0.32666666666666666
ObjectDirectoryMapperImpl:0.27666666666666667
AbstractObjectDirectoryMapTest:0.27
