jdbcPreparedStatement:0.59930533
jdbcResultSet:0.569194
jdbcConnection:0.561937
jdbcCallableStatement:0.48542303
jdbcResultSetMetaData:0.40339395
Util:0.09562419
