jdbcCallableStatement:0.600265
jdbcStatement:0.406425
jdbcConnection:0.35547048
jdbcResultSet:0.35333967
jdbcDatabaseMetaData:0.33952639
jdbcResultSetMetaData:0.27851194
jdbcClob:0.2564131
jdbcBlob:0.2436065
jdbcParameterMetaData:0.20387556
Util:0.066502266
