SaajUtils:0.32
Saaj13Implementation:0.2991666666666667
SaajSoapMessage:0.2733333333333333
Saaj11Implementation:0.27166666666666667
Saaj12Implementation:0.27166666666666667
AxiomSoapMessage:0.21
AbstractSoap11MessageTestCase:0.19666666666666668
SaajSoapMessageFactory:0.19500000000000003
AbstractSoapMessageTestCase:0.19333333333333333
