BufferedSource:0.598
Buffer:0.5866666666666667
BufferTest:0.42333333333333334
RealBufferedSource:0.3233333333333333
RealBufferedSourceTest:0.26666666666666666
