BiAdAdapterSwitcher:0.5766666666666667
AdmobAdapter:0.5333333333333333
TestAdvancedAdmobActivity:0.27
