LocalizedTextUtilTest:0.69
DispatcherTest:0.20333333333333334
DefaultBeanSelectionProviderTest:0.18333333333333332
SettingsTest:0.16333333333333333
XWorkTestCaseHelper:0.16
