EditorWidget:0.41333333333333333
LayerTreeEditor:0.35
WidgetDefaultsFactory:0.3333333333333333
WidgetListChooser:0.32666666666666666
WidgetListener:0.32083333333333336
LayerListener:0.30666666666666664
TreeEditorCopyHelper:0.27666666666666667
DefaultXMLExporter:0.24166666666666667
EditorWidgetTableConstructor:0.23666666666666666
MenuFactory:0.22333333333333333
ARINCSettings:0.22
SymbolPanel:0.19777777777777777
TreeEditorHelper:0.18666666666666668
WidgetDefaultsHandler:0.185
PropertyPanelFactory:0.15333333333333332
GroupActionListener:0.0
