Function:0.7566666666666667
WorkAreaFunctionMembershipManagerImpl:0.39
FunctionManagerImpl:0.18666666666666668
ConditionEvaluationResult:0.15
FunctionManager:0.14583333333333334
