SubsamplingLayer:0.53
TestGraphNodes:0.31666666666666665
MaskedReductionUtil:0.2866666666666667
SubsamplingLayerTest:0.28
ElementWiseVertexTest:0.25333333333333335
ShiftVertexTest:0.23333333333333334
BackPropMLPTest:0.23
TestMemoryReports:0.19666666666666666
WorkspaceTests:0.19666666666666666
TestComputationGraphNetwork:0.18
TransferLearningCompGraphTest:0.11666666666666667
