ConditionalFlowExecutionListenerLoader:0.6211111111111111
ConditionalFlowExecutionListenerLoaderTests:0.17666666666666667
