OperationService:0.5633333333333334
MemberImpl:0.2966666666666667
OperationServiceImpl:0.2833333333333333
LockServiceImpl:0.22666666666666666
QueueService:0.22
WriteBehindStore:0.21
PromotionCommitOperation:0.20333333333333334
SemaphoreService:0.19666666666666666
FinalizeJoinOperation:0.19666666666666666
AbstractJoiner:0.19666666666666666
NodeStateTest:0.19333333333333333
CollectionService:0.17333333333333334
BeforePromotionTask:0.17333333333333334
LockEvictionProcessor:0.10666666666666667
ConnectionListenerImpl:0.10333333333333333
DestroyEndpointTask:0.10333333333333333
OperationParkerImpl:0.08666666666666667
OperationRunnerFactory:0.07666666666666666
