IgnoreConditionCreator:0.7566666666666667
ConditionalRunRule:0.23666666666666666
CompositeCondition:0.18
