SchemaToolTransactionHandlingTest:0.3333333333333333
EmbeddableWithOneToMany_HHH_11302_xml_Test:0.21
EmbeddableWithOneToMany_HHH_8564_Test:0.10666666666666667
EmbeddableWithOneToMany_HHH_8860_Test:0.10666666666666667
EmbeddableWithManyToMany_HHH_11302_Test:0.10666666666666667
EmbeddableWithOneToMany_HHH_11302_Test:0.10666666666666667
