TypeConverterManagerBean:0.48
ClassIntrospector:0.40444444444444444
BeanPrefixTest:0.33444444444444443
