AbstractNearCachePreloaderTest:0.6277777777777778
ClientMapNearCachePreloaderTest:0.33666666666666667
ClientCacheNearCachePreloaderTest:0.21666666666666667
