HistoryGuru:0.4
ClearCaseRepository:0.29333333333333333
BazaarRepository:0.28
Repository:0.2736349206349206
MercurialRepository:0.26666666666666666
TeamwareRepository:0.24
RazorRepository:0.23333333333333334
PerforceRepository:0.22666666666666666
SubversionRepository:0.19
GitRepository:0.18666666666666668
