SearchFilter:0.6866666666666666
AbstractEntryProcessor:0.38555555555555554
AbstractBinderProcessor:0.38555555555555554
