DB:0.5933333333333334
DBCollection:0.5433333333333333
Mongo:0.3466666666666667
CommandResult:0.33
DBCollectionOldTest:0.06666666666666667
DBCollectionTest:0.054444444444444455
