HtmlPage:0.53
DomNode:0.5
HtmlPageTest:0.19666666666666666
XMLHttpRequestTest:0.15666666666666668
DomNodeTest:0.15333333333333332
