NativeCodeGenerator:0.4266666666666667
MD5Test:0.36666666666666664
MD5Renderer:0.32666666666666666
MD5Mesh:0.26666666666666666
GdxBuild:0.15333333333333332
LwjglDebugStarter:0.15333333333333332
