Failure:0.5833333333333334
IndicesRequestIT:0.37666666666666665
TransportIndexAction:0.37
TransportDeleteAction:0.2866666666666667
DynamicMappingDisabledTests:0.2711111111111111
NoMasterNodeIT:0.26666666666666666
TransportBulkAction:0.19333333333333333
TransportShardBulkAction:0.19
WaitActiveShardCountIT:0.14666666666666667
BulkOperation:0.13
