DefaultTokeniser:0.45
DefaultGazetteer:0.4033333333333333
MainFrame:0.4
Transducer:0.36333333333333334
