ReceiveChannelEndpoint:0.5683333333333334
DriverConductor:0.49166666666666664
DataFrameDispatcher:0.3255555555555556
