TableEditorView:0.5363333333333333
TableEditor:0.4066666666666667
OutlineComponent:0.38666666666666666
AttributeNameCellEditor:0.2
ConvertPropertyAdapter:0.17333333333333334
RelationAttributesPropertyAdapter:0.16333333333333333
