NutDaoExecutor:0.5766666666666667
NutDaoRunner:0.53
DaoSupport:0.39666666666666667
DaoCase:0.2
