SimpleEntryView:0.65
ObjectMapProxy:0.4166666666666667
MapTest:0.36666666666666664
GetEntryViewOperation:0.3144444444444444
MapGetEntryHandler:0.14333333333333334
