TypeInfo:0.5544444444444445
COMInvoker:0.1888888888888889
