XmlFlowBuilder:0.5133333333333333
FlowArtifactFactoryAdapter:0.45666666666666667
FlowRegistryFlowArtifactFactory:0.37
