EditIssueActionUtil:0.5233333333333333
ListIssuesActionUtil:0.24666666666666667
EditProjectFormActionUtil:0.236
ApplicationInitialization:0.22666666666666666
EditProjectScriptAction:0.18353968253968256
EditVersionFormAction:0.16333333333333333
EditComponentFormAction:0.16333333333333333
ListIssuesAction:0.15944444444444444
EditProjectFormAction:0.15944444444444444
EditProjectScriptFormAction:0.11666666666666667
EditVersionFormActionUtil:0.08740608465608467
EditComponentFormActionUtil:0.08740608465608467
EditCustomFieldActionUtil:0.056666666666666664
AdminProjectUtilities:0.0
