LandingPageWidget:0.5633333333333334
LandingPageView:0.37
GwtTeamingMessages:0.31333333333333335
DiscussionWSView:0.21000000000000002
PreviewLandingPageDlg:0.17
