MapFacadeBean:0.5177777777777778
POJOPersistenceProviderBase:0.3751269841269842
