XmlFlowRegistrar:0.6883333333333334
FlowRegistryFactoryBean:0.21333333333333335
