LwjglGL20:0.5822222222222222
FilesTest:0.4697777777777778
LwjglDebugStarter:0.19
