IndexSettings:0.9266666666666666
PlainHighlighter:0.27666666666666667
CustomUnifiedHighlighter:0.27666666666666667
