ResourceLoader:0.6866666666666666
ShadowResources:0.32666666666666666
