GraphicsTreeElements:0.2633333333333333
DetermineLevelHeight:0.23333333333333334
TreeRendererBase:0.23
VerticalTreeRenderer:0.2
DetermineFamboxSize:0.19
TreeElements:0.17805555555555558
DetermineIndiboxSize:0.16333333333333333
BasicTreeBuilder:0.16
ReportGraphicalTree:0.14
IndiBox:0.12666666666666668
FamBox:0.06833333333333333
