HtmlSelect:0.6833333333333333
HtmlOption:0.5016666666666667
OptionTest:0.3233333333333333
