StoreScp:0.5166666666666667
MPPSScp:0.3722222222222222
AbstractScpService:0.18533333333333335
