CloseablesManager:0.3744444444444444
TCPSocketReplication3wayPutReturnsNullTest:0.31083333333333335
TCPSocketReplication3VoidValueTest:0.31083333333333335
TCPSocketReplication3wayTest:0.31083333333333335
