DelimitedLineTokenizer:0.5266666666666666
PrefixMatchingCompositeLineTokenizerTests:0.26
PrefixMatchingCompositeLineTokenizer:0.20333333333333334
FixedLengthTokenizer:0.13666666666666666
RangeArrayPropertyEditor:0.10333333333333333
RecursiveCollectionItemTransformer:0.1
AbstractLineTokenizer:0.1
