Binder:0.7566666666666667
Folder:0.4166666666666667
ProcessorManager:0.3233333333333333
AbstractFolderCoreProcessor:0.22333333333333333
BinderModuleImpl:0.21333333333333335
FolderModuleImpl:0.2
WebKeys:0.2
AbstractBinderProcessor:0.19
WorkflowModuleImpl:0.18666666666666668
SAbstractForumController:0.14666666666666667
AddFolderController:0.14333333333333334
WorkspaceTreeController:0.13
