OOITBuilder:0.38
Type:0.37333333333333335
TypeChoice:0.29
TypeImpl:0.2733333333333333
