Robolectric:0.7666666666666667
DrawableResourceLoaderTest:0.35
ShadowBitmapFactory:0.26
DrawableTest:0.22333333333333333
drawable:0.07
