Symbols:0.4766666666666667
PreparerContext:0.44666666666666666
Visitor:0.2866666666666667
ConsumingPlanner:0.27666666666666667
AnalyzedRelationVisitor:0.26
