FeedableBodyGenerator:0.4766666666666667
TestFeedListener:0.3678888888888889
Processor:0.3233333333333333
ChannelManager:0.29
RequestBuilderBase:0.27
TestUtils:0.23333333333333334
HttpProtocol:0.2
NettyBodyBody:0.2
FeedListener:0.15333333333333332
FeedableBodyGeneratorTest:0.13666666666666666
ChunkingTest:0.13666666666666666
NettyRequestFactory:0.12333333333333334
ByteBufferIterable:0.056666666666666664
