TryTest:0.5466666666666666
Match:0.38333333333333336
AbstractMapTest:0.37
API:0.34
Person_:0.15333333333333332
PatternsProcessor:0.13666666666666666
