ResultObjectBasedEventFactory:0.6266666666666667
EvaluateActionTests:0.18333333333333332
