IndexMetaData:0.6733333333333333
Builder:0.29333333333333333
MetaDataCreateIndexService:0.25
CorruptedFileIT:0.1988888888888889
PrimaryShardAllocator:0.1888888888888889
ClusterModule:0.17666666666666667
MetaDataUpdateSettingsService:0.15555555555555556
PriorityComparator:0.14888888888888888
TransportUpdateSettingsAction:0.11333333333333333
