CqiClient:0.5466666666666666
Project:0.2833333333333333
CqiServer:0.28
Toolbox:0.26666666666666666
RWorkspace:0.25333333333333335
Partition:0.23666666666666666
CqiClientException:0.22666666666666666
MainCorpus:0.22333333333333333
Cooccurrence:0.20666666666666667
Repartition:0.20333333333333334
Base:0.20166666666666666
ApplyXsl2:0.165
PatchCwbRegistry:0.165
