AbstractServerFactory:0.5166666666666667
DefaultServerFactoryTest:0.38333333333333336
DropwizardTestResourceConfig:0.18666666666666668
