AntFarm:0.6366666666666667
AntFarmPlugin:0.44190476190476186
TargetNode:0.3
AntTree:0.18666666666666668
AntFarmOptionPane:0.17666666666666667
ProjectNode:0.17
RootNode:0.15333333333333332
ProjectSelectionListener:0.13
