File:0.8633333333333333
FormData:0.3333333333333333
FormDataTest:0.056666666666666664
