Py:0.62
PosixModule:0.2833333333333333
FileIO:0.26
StreamIO:0.25333333333333335
jython:0.21666666666666667
PyStatResult:0.15
FileUtil:0.14666666666666667
PythonPOSIXHandler:0.02
