SQLRequest:0.66
SQLXContentSourceContext:0.5866666666666667
SQLTransportIntegrationTest:0.36666666666666664
RestSQLAction:0.24
SQLRequestBuilder:0.15666666666666668
RestSqlActionTest:0.13333333333333333
RestSQLActionIntegrationTest:0.06666666666666667
Fields:0.0
