PetiteResolvers:0.4533333333333333
PetiteBeans:0.44333333333333336
PetiteContainer:0.37
CtorResolver:0.24966666666666668
MadvocParamsInjector:0.16333333333333333
MethodResolver:0.12666666666666668
PropertyResolver:0.12666666666666668
SetResolver:0.12666666666666668
InitMethodResolver:0.11
