GraphManager:0.7633333333333333
Registry:0.54
FluxLightModel:0.49666666666666665
RGG:0.24333333333333335
FunctionBrowserManager:0.22194444444444447
JConsole:0.20583333333333337
FeedbackDialog:0.19000000000000003
