ShadowFragment:0.5988888888888889
ShadowDialogFragment:0.44666666666666666
DialogFragmentTest:0.05
