Channels:0.6766666666666666
AsyncHttpClientHandler:0.37666666666666665
