OperateVehicle:0.7066666666666667
DriveGroundVehicle:0.45666666666666667
