SaajUtils:0.4666666666666667
SoapHeader:0.2808888888888889
Saaj12SoapHeaderElement:0.21
SaajSoapMessage:0.20666666666666667
Saaj12Soap11Body:0.19333333333333333
Saaj12SoapHeader:0.17333333333333334
Saaj12SoapFaultDetail:0.16666666666666666
AbstractSoapHeaderTestCase:0.15
SaajUtilsTest:0.14333333333333334
Saaj12SoapMessage:0.006666666666666667
Saaj13SoapMessage:0.006666666666666667
