Version:0.6133333333333333
AnalysisRegistry:0.30666666666666664
GeoBoundingBoxQueryBuilderTests:0.30666666666666664
IndexTemplateMetaData:0.30333333333333334
InternalEngine:0.29333333333333333
