Context:0.4666666666666667
ServletDefinition:0.2733333333333333
GuiceFilter:0.24333333333333335
ManagedFilterPipeline:0.20333333333333334
ServletTest:0.19333333333333333
ManagedServletPipeline:0.14333333333333334
FilterChainInvocation:0.13333333333333333
ServletScopes:0.11666666666666667
