JChemPaintEditorWidget:0.6316666666666667
AbstractJChemPaintHandler:0.45166666666666666
