FlowHolder:0.7233333333333334
FlowRegistry:0.47
XmlFlowRegistrar:0.26666666666666666
FlowRegistrar:0.10666666666666667
RefreshableFlowHolder:0.10666666666666667
XmlFlowRegistryFactoryBean:0.056666666666666664
FlowRegistryImpl:0.04
FlowRegistryFactoryBean:0.03333333333333333
StaticFlowHolder:0.016666666666666666
ChainedFlowRegistrar:0.013333333333333334
FlowRegistrarImpl:0.013333333333333334
ConfigurableFlowRegistry:0.006666666666666667
