AuthenticationManagerBeanDefinitionParser:0.38666666666666666
SecurityNamespaceHandler:0.29333333333333333
BeanIds:0.016666666666666666
Elements:0.016666666666666666
