FilterChainInvocation:0.47
ManagedServletPipeline:0.43333333333333335
ManagedFilterPipeline:0.3933333333333333
