QedeqBoFactoryAssert:0.33666666666666667
QedeqBoFactoryTest:0.3333333333333333
GenerateLatexTest:0.30666666666666664
DefaultQedeqBo2Test:0.2
Xml2Wiki:0.2
Xml2Latex:0.19944444444444445
CheckLogicTest:0.17666666666666667
KernelBoModuleTestSuite:0.15444444444444444
DefaultQedeqBoTest:0.09333333333333334
