SelectionWindow:0.41333333333333333
MainWindow:0.39666666666666667
TutorialTopComponent:0.37666666666666665
SearchDialog:0.30333333333333334
HelpWindow:0.2544444444444445
