FuncGoose:0.57
Table:0.37
InfoNodeMan:0.3333333333333333
Test:0.21333333333333335
Jsonquery:0.20666666666666667
TableTest:0.15
GroupTest:0.0825
URLTest:0.07027777777777777
saveTest:0.045
GenespaceQuery:0.042777777777777776
GetNamespaces:0.042777777777777776
GetSpecies:0.042777777777777776
GenespaceName:0.042777777777777776
DebugTest:0.03666666666666667
Genenames:0.03
ReadTest:0.02666666666666667
GoosePanel:0.006666666666666667
NamespaceParams:0.0
