NeuralNetworkScene:0.5966666666666667
NeuralLayerWidget:0.45
NeuronWidget:0.39811111111111114
NeuralLayerPopupMenuProvider:0.28777777777777774
NeuralNetworkWidget:0.24
