ERDesignerMainFrame:0.41333333333333333
IconFactory:0.35333333333333333
DatabaseConnectionEditor:0.29
DatabaseConnectionDatamodel:0.12333333333333334
ClasspathEditorView:0.07666666666666666
ClasspathEditor:0.03666666666666667
