MongoGateway:0.4866666666666667
SingleChannelSyncMongoConnector:0.36333333333333334
DocumentCodec:0.33
MongoSocketGateway:0.15666666666666668
MongoSocketChannelGateway:0.14666666666666667
