ShadowResourcesTest:0.779388888888889
ShadowResources:0.39666666666666667
