HazelcastClient:0.5933333333333334
ConnectionManager:0.45666666666666667
DynamicClusterTest:0.14666666666666667
