AlignViewport:0.4766666666666667
DrawableSequence:0.4033333333333333
SeqCanvas:0.3566666666666667
Controller:0.2733333333333333
SeqPanel:0.25
JalToggleGroup:0.23444444444444448
ScrollFillPanel:0.23
SeqFillPanel:0.20333333333333334
AlignmentPanel:0.20333333333333334
Debug:0.030873737373737373
FastDrawAction:0.02
