xml:0.6179444444444444
ResourceLoader:0.5633333333333334
PreferenceLoader:0.26666666666666666
ShadowPreferenceActivity:0.17333333333333334
PreferenceActivityTest:0.17
PreferenceLoaderTest:0.10333333333333333
