StateList:0.6166666666666667
MatchTreeNode:0.4633333333333333
