DownloadFile:0.7441666666666666
DownloadTab:0.5
DownloadFilesChangeHandler:0.2833333333333333
