ReadResultSetImpl:0.65
ClientConfig:0.43
ProxyManager:0.27666666666666667
RingbufferReadManyAsyncMessageTask:0.27666666666666667
ReadManyOperation:0.27
ReadManyRequest:0.17
