ResourceMap:0.41002777777777777
ResourceMapImpl:0.38
TestAtomDOSerializer:0.24666666666666667
AtomSerializer:0.24611111111111114
TestAtomOreDOSerializer:0.22666666666666666
AtomOreDOSerializer:0.21666666666666667
Proxy:0.13
