Tsne:0.38333333333333336
StochasticHessianFree:0.32
InMemoryLookupCache:0.3
Builder:0.2733333333333333
SemanticHashing:0.27
BaseNeuralNetwork:0.27
Word2Vec:0.25333333333333335
VectorizedBackTrackLineSearch:0.25083333333333335
VectorizedDeepLearningGradientAscent:0.19666666666666666
Windows:0.15
TsneExample:0.07333333333333333
