VariableUtils:0.7966666666666666
ParamDefComposite:0.2866666666666667
ContentComposite:0.22666666666666666
