WebKeys:0.8366666666666667
Binder:0.49666666666666665
SAbstractForumController:0.26
AddEntryController:0.15
WorkspaceTreeController:0.13333333333333333
ViewController:0.12666666666666668
ViewEntryController:0.12333333333333334
ModifyEntryController:0.07333333333333333
