PluginSettingsPage:0.48
AbstractSettings:0.36
AbstractSettingsPage:0.20333333333333334
LookAndFeelSettings:0.20333333333333334
