ClusterReplicator:0.8466666666666667
ClusterReplicatorBuilder:0.37333333333333335
ClusterReplicationTest:0.27666666666666667
