PrinterService:0.6266666666666667
PrintScpServiceMBean:0.5305
PrintScpService:0.3566666666666667
FilmSessionService:0.2633333333333333
PrintableImageBox:0.25333333333333335
Annotation:0.24666666666666667
FilmBox:0.22666666666666666
PrintableFilmBox:0.17333333333333334
ImageBoxService:0.11333333333333333
