RdtPosition:0.62
DefaultProblem:0.535
RdtPositionFactory:0.3466666666666667
MarkerUtility:0.24666666666666667
