ContextAndHeaderTransportIT:0.2966666666666667
CorsRegexIT:0.2833333333333333
ResponseHeaderPluginIT:0.17666666666666667
CorsNotSetIT:0.16666666666666666
DetailedErrorsEnabledIT:0.15333333333333332
RestClientMultipleHostsTests:0.15333333333333332
NettyHttpCompressionIT:0.14
DetailedErrorsDisabledIT:0.13666666666666666
