Lifecycle:0.57
Bundle:0.4533333333333333
Component:0.2633333333333333
ServiceRequestImpl:0.21222222222222223
LifecycleHibernateTasks:0.20666666666666667
LifecycleJAXBTasks:0.12333333333333334
DirectOutputEvent:0.07333333333333333
