AssignObj:0.6066666666666667
ObjFactory:0.5066666666666667
