AbstractArchiverSubCrawler:0.6666666666666666
ZipSubCrawlerTest:0.5466666666666666
