ChronicleMapBuilder:0.9033333333333333
ChronicleHashBuilder:0.450138888888889
ChronicleSetBuilder:0.44
