Property:0.48
KeyRing:0.4766666666666667
AccountType:0.19333333333333333
