BroadcasterCache:0.7166666666666667
DefaultBroadcaster:0.49
UUIDBroadcasterCache:0.26666666666666666
DefaultBroadcasterCache:0.25222222222222224
AbstractBroadcasterCache:0.235
SessionBroadcasterCache:0.19666666666666666
HeaderBroadcasterCache:0.17
