TestThread:0.34
ConsumeThread:0.25266666666666665
ProduceThread:0.25266666666666665
RingbufferAddAllReadManyStressTest:0.18333333333333332
RingbufferAsyncAddWithBackoffStressTest:0.18333333333333332
RingbufferAddReadOneStressTest:0.18333333333333332
