AlgebraGraph:0.3933333333333333
DefaultIntegerAlgebra:0.37944444444444436
AlgebraConstants:0.34833333333333333
AttributeAspect:0.22666666666666666
DefaultRealAlgebra:0.18
