Instruction:0.48
MethodInfo:0.41
GOTO:0.22333333333333333
CoverageAnalyzer:0.17
MethodCoverage:0.15666666666666668
IfInstruction:0.12833333333333333
GOTO_W:0.11333333333333333
Coverage:0.07333333333333333
