Node:0.56
Element:0.5166666666666667
JavaScriptEngine:0.3233333333333333
ClassConfiguration:0.25666666666666665
XMLHTTPRequest:0.2405952380952381
AbstractJavaScriptConfiguration:0.19333333333333333
XMLSerializer:0.1922222222222222
XSLTProcessor:0.16333333333333333
DOMParser:0.04666666666666667
XPathEvaluator:0.02
CSSValue:0.013333333333333334
CSSPrimitiveValue:0.013333333333333334
