InvalidConfigurationException:0.5997222222222222
XmlConfigBuilder:0.4033333333333333
XmlClientConfigBuilder:0.28
