ISortableModel:0.479
SearchTreeTableModel:0.24
SearchResultsDataModel:0.22
SearchResultElementComparator:0.2
TreeTableModelAdapter:0.19
FWTable:0.18333333333333332
SortedTableHeaderRenderer:0.08333333333333333
