MetadataDao:0.6580555555555555
Table:0.6133333333333333
TableMapper:0.24666666666666667
ShardCompactionManager:0.21333333333333335
