ConfigDialog:0.36666666666666664
EcoreResource:0.25666666666666665
ConceptualPorter:0.25333333333333335
Importer:0.25
Exporter:0.22
FormatPorter:0.20666666666666667
Exportable:0.19444444444444442
GrooveToInstance:0.19
ExportAction:0.12333333333333334
ImportAction:0.11
ColImporter:0.08666666666666667
AbstractFormatExporter:0.06
