MethodUtil:0.6666666666666666
ExceptionHandlerUtil:0.39166666666666666
