CommunicationsStub:0.4866666666666667
AbstractNodeWidget:0.39
AbstractScene:0.37333333333333335
AbstractConnectionWidget:0.25666666666666665
ChooseResourcesStep:0.23666666666666666
CustomAddRemoveControlPointAction:0.22166666666666668
SDHModuleScene:0.21333333333333335
PhysicalConnectionProvider:0.2101111111111111
ObjectWidgetMenu:0.20199999999999999
SDHModuleTopComponent:0.2
TagLabelWidget:0.19
CustomMoveControlPointAction:0.18166666666666667
ChildrenViewScene:0.17
GISViewScene:0.17
TopologyViewScene:0.16333333333333333
SceneConnectProvider:0.15333333333333332
SceneLookup:0.13666666666666666
SDHConnectionWizard:0.13333333333333333
CustomAcceptActionProvider:0.06
CustomMoveProvider:0.055
SDHModuleConnectProvider:0.05333333333333334
CustomSelectProvider:0.01
SelectableNodeWidget:0.01
SelectableConnectionWidget:0.006666666666666667
