ReflectionUtils:0.6066666666666667
DiscoverySelectorsTests:0.44
ReflectionUtilsTests:0.26666666666666666
