EmailDocumentHandler:0.48333333333333334
XmlDocumentHandler:0.3233333333333333
TestGate:0.2
EmailDocumentFormat:0.18
TextualDocumentFormat:0.15666666666666668
LoadANNIEWithDefaultsAction:0.15
