DropwizardResourceConfig:0.74
Environment:0.36666666666666664
JerseyIntegrationTest:0.23333333333333334
ResourceTest:0.23
BasicAuthProviderTest:0.16
OAuthProviderTest:0.16
DropwizardResourceConfigTest:0.14666666666666667
