ParserTest:0.6791269841269841
ExperimentalClassesTests:0.4266666666666667
