Management:0.5676388888888889
DefaultManagement:0.3466666666666667
TestAPIM:0.274
MockManagementDelegateForJournalTesting:0.22666666666666666
BatchModifyParser:0.19566666666666668
FedoraAPIMBindingSOAPHTTPImpl:0.18666666666666668
ChangeObjectState:0.14333333333333334
