OAuth20AccessTokenControllerTests:0.5833333333333334
BaseOAuthWrapperController:0.23666666666666666
OAuth20Validator:0.20666666666666667
OAuthWebApplicationServiceTests:0.19
