NetworkParameters:0.65
PeerGroup:0.5466666666666666
DnsDiscovery:0.31
WalletTool:0.23583333333333334
PrintPeers:0.22
ToyWallet:0.17777777777777778
