ResourceUtil:0.7966666666666666
AbstractResource:0.43
AbstractAdminResource:0.22333333333333333
