FlowExecutionListener:0.6333333333333333
FlowExecutionListenerAdapter:0.6333333333333333
FlowExecution:0.4308888888888888
