GL20:0.43333333333333335
AndroidGL20:0.43333333333333335
JoglGL20:0.2966666666666667
