TransportSQLActionClassLifecycleTest:0.7178888888888889
SysJobsTest:0.30333333333333334
