FilterChainProxyConfigTests:0.6416666666666667
HttpPathParameterStrippingTests:0.20333333333333334
