Cost:0.6566666666666666
Cost_InOut:0.17222222222222225
Cost_Production:0.17222222222222225
Cost_Inventory:0.17222222222222225
Cost_Movement:0.17222222222222225
Cost_Invoice:0.17222222222222225
