TTransportWrapper:0.49
Transport:0.49
TestingHiveCluster:0.24666666666666667
StaticHiveCluster:0.11
HiveMetastoreClientFactory:0.056666666666666664
MockHiveMetastoreClientFactory:0.03666666666666667
