ServerDescription:0.6666666666666666
Builder:0.35
MultiServerCluster:0.31
ServerStateNotifier:0.2633333333333333
ServerDescriptionTest:0.18333333333333332
