Options:0.47833333333333333
RegExpr:0.4633333333333333
RegExprLabel:0.4033333333333333
DefaultLabel:0.4
AspectValue:0.39
NameLabel:0.36
DefaultIsoChecker:0.3566666666666667
AbstractGraph:0.35
AspectGraph:0.35
ValueNode:0.3433333333333333
UntypedGxl:0.34
Wildcard:0.3377777777777778
JModel:0.3333333333333333
SPORule:0.32
AspectEdge:0.31333333333333335
DefaultMorphism:0.3066666666666667
TemporalFormula:0.30533333333333335
ExprParser:0.2733333333333333
GraphFactory:0.26666666666666666
FormatException:0.26666666666666666
AbstractMorphism:0.26666666666666666
SPOApplication:0.26
AttributeAspect:0.25333333333333335
CTLFormula:0.24666666666666667
AspectualGpsGrammar:0.24666666666666667
GraphTest:0.24333333333333335
AspectualRuleView:0.24333333333333335
GpsGrammar:0.24333333333333335
RuleGraph:0.24
CTLModelChecker:0.23333333333333334
Editor:0.23
RuleSystem:0.22866666666666666
GraphJVertex:0.22666666666666666
Reformatter:0.22666666666666666
AspectParser:0.22555555555555554
LayedOutXml:0.22333333333333333
GgxGrammar:0.22
ExplorationTest:0.21666666666666667
DefaultGraphCondition:0.21
MatchingSimulation:0.21
Simulator:0.21
AbstractAspect:0.21
Generator:0.20666666666666667
RuleEdge:0.20333333333333334
LTLFormula:0.20333333333333334
Imager:0.2
TypeDiscoverer:0.2
GraphJModel:0.2
Validator:0.19666666666666666
AspectualGraphView:0.18666666666666668
ProductNode:0.18333333333333332
AutomatonTest:0.18
DefaultInjectiveMorphism:0.17666666666666667
SPOEvent:0.17666666666666667
RuleAspect:0.17333333333333334
MatchingTestCases:0.17
LTSPanel:0.17
DefaultSearchPlanFactory:0.17
AspectJVertex:0.16333333333333333
GraphDatabase:0.16333333333333333
AspectJModel:0.16333333333333333
AttributeSimulation:0.16
EditableJUserObject:0.16
PlanData:0.15833333333333333
AttributedSPOApplication:0.15666666666666668
AspectualGxl:0.14666666666666667
AttributedRuleGraph:0.14333333333333334
AttributedSPORule:0.14333333333333334
NACTest:0.13666666666666666
ValueEdge:0.13666666666666666
HintedIndegreeScheduleFactory:0.13333333333333333
AttributedSPORuleFactory:0.12333333333333334
Gossips:0.12333333333333334
MorphismTest:0.12
IsoMatcher:0.11666666666666667
RegExprAction:0.09666666666666666
SaveGrammarAction:0.09333333333333334
CalculatorSample:0.08333333333333333
ModelCheckingTest:0.07666666666666666
TemporalFormulaTest:0.07666666666666666
AspectMap:0.04
ValueNodeSearchItem:0.03
ProductEdgeSearchItem:0.016666666666666666
