GraphNeighEquiv:0.6133333333333333
PreMatch:0.4852380952380953
Parameters:0.16666666666666666
TestGraphNeighEquiv:0.15333333333333332
TestPreMatch:0.15333333333333332
TestShape:0.13
AllAbstractionTests:0.03
