JavaConfigBeanFactory:0.6466666666666666
JavaConfigApplicationContext:0.4533333333333333
ConfigurationClassParsingBeanFactoryPostProcessor:0.2633333333333333
ConfigurationEnhancingBeanFactoryPostProcessor:0.21666666666666667
PropagateBeanNamingTests:0.21666666666666667
InternalBeanFactoryEstablishingBeanFactoryPostProcessor:0.19333333333333333
ConfigurationModelBeanDefinitionReaderTests:0.18666666666666668
JavaConfigWebApplicationContext:0.17333333333333334
AbstractJavaConfigBeanDefinitionReader:0.15
JavaConfigApplicationContextUtils:0.14805555555555555
ConfigurationModelBeanDefinitionReader:0.14
CglibConfigurationEnhancer:0.10666666666666667
DefaultJavaConfigBeanFactory:0.095
ConfigurationEnhancingBeanFactoryPostProcessorTests:0.07666666666666666
ReflectiveSjc87Tests:0.07666666666666666
ReflectiveJavaConfigBeanDefinitionReader:0.07333333333333333
ConfigurationPostProcessor:0.06666666666666667
AbstractMethodInterceptor:0.056666666666666664
BeanMethodInterceptor:0.03666666666666667
AutoBeanMethodInterceptor:0.03
ExternalBeanMethodInterceptor:0.03
ExternalValueMethodInterceptor:0.03
AsmJavaConfigBeanDefinitionReader:0.0
