ResultRecord:0.4633333333333333
CypherQueryBuilder:0.44333333333333336
RemoteBusinessObjectLight:0.28
DataModelLoader:0.13
