BasicOperationService:0.5366666666666666
BasicOperationRunner:0.47
BasicInvocation:0.42
InternalOperationService:0.26105555555555554
PacketTransceiverImpl:0.25666666666666665
InvokeOnPartitions:0.1927777777777778
BasicOperationRunnerFactory:0.08333333333333333
