AssociationAttribute:0.7433333333333333
ManyToOneBindingStateImpl:0.5733333333333334
