Paths:0.7233333333333334
SystemTestBase:0.4122222222222222
DefaultZooKeeperClient:0.38
