MultipartPart:0.9066666666666666
MultipartPartTest:0.14666666666666667
