BenchmarkActivity:0.44963888888888887
InactivityTimer:0.3433333333333333
AppPickerActivity:0.31
