Application:0.6866666666666666
LwjglApplication:0.3233333333333333
PolygonShape:0.2733333333333333
LwjglAWTCanvas:0.2733333333333333
GwtApplication:0.2733333333333333
AndroidApplication:0.27
TextField:0.23333333333333334
LwjglCanvas:0.21555555555555558
JoglApplication:0.21555555555555558
IOSApplication:0.21555555555555558
LwjglDebugStarter:0.14333333333333334
Box2DTest:0.13333333333333333
GdxBuild:0.006666666666666667
