SocketWriter:0.49333333333333335
NonBlockingSocketWriter:0.41
SpinningSocketWriter:0.38
NonBlockingIOThreadingModel:0.2733333333333333
ShutdownTask:0.2111111111111111
SpinningIOThreadingModel:0.14666666666666667
TaskFrame:0.10666666666666667
StartMigrationTask:0.06416666666666666
CloseTask:0.04416666666666667
