Table:0.37333333333333335
MetaDataTableImpl:0.3433333333333333
DriverDataSource:0.17666666666666667
DbSupportFactory:0.13
OracleTable:0.12666666666666668
H2Table:0.12666666666666668
MySQLTable:0.12666666666666668
DB2Table:0.12666666666666668
DerbyTable:0.12666666666666668
SQLServerTable:0.12666666666666668
HsqlTable:0.12666666666666668
PostgreSQLTable:0.12666666666666668
SQLite:0.1
SuppressCloseHandler:0.07333333333333333
