ComputedCSSStyleDeclaration:0.5238888888888888
CSSStyleSheetTest:0.42
CSSStyleSheet:0.37833333333333335
