AspectJEdge:0.6733333333333333
EditorJModel:0.38333333333333336
