VersionManager:0.74
TopicVersion:0.53
PersistencyHandler:0.4220674603174603
DatabaseHandler:0.37666666666666665
FileHandler:0.36
FileVersionManager:0.2966666666666667
DatabaseVersionManager:0.25333333333333335
HistoryServlet:0.12333333333333334
TopicVersionComparator:0.04666666666666667
