IssueDAO:0.6089722222222222
IssueServiceImpl:0.5366666666666666
ITrackerServices:0.4396785714285715
SystemConfigurationUtilities:0.32876190476190476
IssueDAOImpl:0.2633333333333333
SearchIssuesAction:0.26199999999999996
IssueSearchQuery:0.18333333333333332
ITrackerServicesImpl:0.16666666666666666
