Receiver:0.6266666666666667
MediaConductor:0.46
ReceiverTest:0.25666666666666665
ReceiverProxy:0.24
Context:0.17
