SCPPublisher:0.885
ExecutePublisher:0.14333333333333334
ExecutePublisherTest:0.02611111111111111
SCPPublisherTest:0.013333333333333334
