FakeIntent:0.36666666666666664
IntentTest:0.36333333333333334
FakeContextWrapper:0.31333333333333335
SpanishTestAppWidgetProvider:0.28
FakeApplication:0.26
FakeAppWidgetManager:0.2
FakeHelper:0.186
StartedMatcher:0.17333333333333334
FakeRemoteViews:0.10888888888888891
AppWidgetManagerTest:0.09333333333333334
