ListSelectionWidget:0.88
TableViewSettings:0.3333333333333333
TimelineViewSettings:0.2966666666666667
