RDFContainer:0.38666666666666666
Extractor:0.3473888888888889
RDFContainerSesame:0.30333333333333334
RDFUtil:0.2966666666666667
