Request:0.6033333333333334
Sender:0.42
Http:0.38333333333333336
