Schemas:0.7533333333333333
ReferenceInfos:0.21333333333333335
TransportExecutorDDLTest:0.19666666666666666
DropTableAnalyzedStatement:0.19133333333333333
TestMetaDataModule:0.18088888888888888
DropTableAnalyzerTest:0.16666666666666666
TableAliasIntegrationTest:0.15666666666666668
TestModule:0.15333333333333332
DropTableAnalyzedStatementTest:0.12
