Statistics:0.49
GenericSequenceStatistics:0.38
Pair:0.38
Everywhere:0.3534941077441077
RiskStatistics:0.3534941077441077
IncrementalStatistics:0.3
GeneralStatistics:0.29
SwaptionVolatilityStructure:0.29
ConvergenceStatistics:0.2833333333333333
StatisticsTest:0.25666666666666665
GenericGaussianStatistics:0.24333333333333335
GaussianStatistics:0.22833333333333333
DiscrepancyStatistics:0.22
GenericRiskStatistics:0.16333333333333333
ExchangeRate:0.14216666666666666
SequenceStatistics:0.024761904761904763
ComposedFunction:0.013333333333333334
ComparablePair:0.006666666666666667
Nowhere:0.0
