GPWLQueryCmd:0.42277777777777775
HPQueryCmd:0.40944444444444444
BaseDSQueryCmd:0.2633333333333333
MWLQueryCmd:0.19333333333333333
