XmlRpcNotifier:0.38
XmlrpcdConfigFactory:0.36666666666666664
EventQueueProcessor:0.3433333333333333
Xmlrpcd:0.31
BroadcastEventProcessor:0.2833333333333333
