DataAccessPoint:0.19710822
TransferHelper:0.096606836
SQLStatements:0.07864193
TransferTable:0.069846004
PostgresTransferHelper:0.05723523
HsqldbTransferHelper:0.051549464
OracleTransferHelper:0.048702564
McKoiTransferHelper:0.047847718
Transfer:0.041245386
DataAccessPointException:0.036420077
TransferResultSet:0.03230785
SqlServerTransferHelper:0.020769803
TransferCommon:0.015014526
InformixTransferHelper:0.014751635
HelperFactory:0.010965905
Traceable:5.554119E-4
