KerberosLoginModuleResources:0.4666666666666667
KerberosLoginModule:0.30333333333333334
AuthenticationServiceBean:0.15333333333333332
KerberosLoginModuleConfiguration:0.14666666666666667
KerberosCallback:0.12333333333333334
KerberosCallbackHandler:0.12
AuthenticationLogic:0.11666666666666667
KrbLoginAction:0.11333333333333333
KrbFilter:0.05
