BaseSetup:0.58
TestJPPFExecutorService:0.4266666666666667
SimpleRunnable:0.23666666666666666
SimpleCallable:0.1952222222222222
TaskResult:0.14
