QueryCacheConfigHolder:0.3688888888888889
DynamicConfigTest:0.34
SampleCachePartitionLostListener:0.19333333333333333
SamplePartitionLostListener:0.19333333333333333
AddMapConfigMessageTask:0.15
SampleEvictionPolicyComparator:0.14
