Trigger:0.5633333333333334
SqlTemplate:0.29
AbstractDbDialect:0.24
TriggerMapper:0.23666666666666666
BootstrapService:0.21166666666666667
OracleDbDialect:0.19666666666666666
PushService:0.19
MySqlDbDialect:0.18666666666666668
PullService:0.15
DbTriggerTest:0.10666666666666667
