TestWindowFunctions:0.43666666666666665
LagFunction:0.3566666666666667
LeadFunction:0.3566666666666667
NthValueFunction:0.22666666666666666
