ForEachProcessor:0.5266666666666666
ForEachProcessorTests:0.31333333333333335
ForEachProcessorFactoryTests:0.24666666666666667
Factory:0.17666666666666667
