Window:0.6166666666666667
SimpleScriptable:0.32
JavaScriptEngine:0.2833333333333333
WindowTest:0.26666666666666666
FrameTest:0.19
