SearchFilterRequestParser:0.43333333333333335
DashboardHelper:0.32
AjaxController:0.25333333333333335
TreeTag:0.23333333333333334
AdvancedSearchController:0.22666666666666666
SearchFilterKeys:0.155
Period:0.14
FilterController:0.09
