RangeAggregatorBuilder:0.56
DateRangeAggregatorBuilder:0.37
AbstractRangeBuilder:0.3566666666666667
IPv4RangeAggregatorBuilder:0.2833333333333333
RangeParser:0.13666666666666666
IpRangeParser:0.09
DateRangeParser:0.07666666666666666
