TextArea:0.5733333333333334
Buffer:0.5466666666666666
WrapWidget:0.19333333333333333
