CommonContext:0.6533333333333333
LogBufferDescriptor:0.37333333333333335
DriverConductor:0.32666666666666666
IpcPublication:0.2833333333333333
NetworkPublication:0.2833333333333333
ExclusiveTermAppender:0.20333333333333334
IpcPublicationTest:0.16
DriverConductorTest:0.14333333333333334
PublicationParams:0.10838095238095237
