MobileAjaxController:0.5566666666666666
UrlBuilder:0.5266666666666666
MarkupUtil:0.4633333333333333
MarkupTag:0.31333333333333335
