DataUtils:0.57
Projects:0.4666666666666667
Configuration:0.39111111111111113
EnvironmentService:0.33
EnvironmentServiceTest:0.30333333333333334
ConfigXmlFileServiceTest:0.24333333333333335
ConfigXmlFileService:0.23444444444444448
ConfigurationTest:0.20666666666666667
ProjectsTest:0.18666666666666668
Localhost:0.11777777777777776
