SearchRequestSupport:0.5533333333333333
ProfileSearchServiceImpl:0.31333333333333335
SavedProfileSearch:0.26
ProfileIndexerServiceImpl:0.23333333333333334
ProfileBackingBean:0.21
ProfileSearchResult:0.12666666666666668
ProfileSearchEntry:0.12666666666666668
ProfileSearchService:0.11
FreelancerProfile:0.06666666666666667
ProfileIndexerService:0.06333333333333334
ProfileSearchDAO:0.006666666666666667
SavedProfileSearchEntry:0.0033333333333333335
ProfileSearchDAOHibernateImpl:0.0033333333333333335
