SimpleIndexQueryParserTests:0.5380555555555556
QueryBuilders:0.41333333333333333
MoreLikeThisActionTests:0.3333333333333333
IndicesQueriesModule:0.26
TransportMoreLikeThisAction:0.21666666666666667
