AntPathRequestMatcher:0.6166666666666667
RegexRequestMatcher:0.36333333333333334
AntPathRequestMatcherTests:0.36
RegexRequestMatcherTests:0.2833333333333333
