ClientMapProxy:0.47
ClientNearCache:0.4694444444444444
ClientNearCacheTest:0.3233333333333333
