NodeExtension:0.5083333333333333
InternalPartitionServiceImpl:0.4533333333333333
FinalizeJoinOperation:0.31666666666666665
PartitionRuntimeState:0.3
BasicClusterStateTest:0.22
ClusterJoinManager:0.21666666666666667
DefaultNodeExtension:0.21333333333333335
PartitionStateOperation:0.16666666666666666
FrozenPartitionTableTest:0.12333333333333334
PartitionDataSerializerHook:0.11666666666666667
