Record:0.7166666666666667
CMap:0.4166666666666667
LRUMapEntryComparator:0.22333333333333333
