BatchNormalization:0.6
ConvolutionLayerSetup:0.23333333333333334
MultiLayerTest:0.23333333333333334
BatchNormalizationParamInitializer:0.20333333333333334
LocalResponseTest:0.14333333333333334
