WxCpServiceImpl:0.37666666666666665
WxMpServiceImpl:0.37666666666666665
WxCpService:0.2833333333333333
WxMpService:0.2833333333333333
