RrPolygonList:0.6466666666666666
PolPoint:0.5333333333333333
