JobExplorer:0.5167222222222222
AbstractStepExecutionDaoTests:0.3566666666666667
Entity:0.3333333333333333
SimpleJobExplorer:0.27
StepExecutionRowMapper:0.23666666666666666
SimpleJobExplorerTests:0.16666666666666666
