StreamOutput:0.7733333333333333
ElasticsearchExceptionTests:0.43666666666666665
