JglfwGraphics:0.58
JglfwInput:0.5233333333333333
JglfwApplication:0.41333333333333333
