AdminService:0.7266666666666667
AdminServiceImpl:0.35333333333333333
ControlPanelTab:0.35
AdminServiceAsync:0.235
ActivityLog:0.12333333333333334
