AbstractOsgiTests:0.6566666666666666
ClassSpaceWildcardTest:0.5666666666666667
