PartitionedTableIntegrationTest:0.5591666666666667
NodeBucket:0.5
FetchProjector:0.29333333333333333
BenchmarkBase:0.24
