RequestSpecification:0.43333333333333335
Cookie:0.41
Builder:0.26666666666666666
XmlPathTest:0.25333333333333335
Cookies:0.23333333333333334
StatusCodeBasedLoggingFilter:0.13333333333333333
CookieITest:0.013333333333333334
