NioThread:0.51
NioOutboundPipeline:0.39
NioInboundPipeline:0.3433333333333333
NioPipeline:0.2544444444444444
StartMigrationTask:0.16599999999999998
