WorkArea:0.6072222222222222
Binder:0.57
AbstractAdminModule:0.33666666666666667
ResourceDriverConfig:0.2633333333333333
Entry:0.25
ZoneConfig:0.22933333333333333
WorkAreaHelper:0.18333333333333332
