ProxyObject:0.4533333333333333
CallbackProxy:0.43
ComThread:0.41
Factory:0.36333333333333334
