RubyRuntime:0.7233333333333334
StandardLoadpathProvider:0.19
IRubyLaunchConfigurationConstants:0.18833333333333332
