Word2Vec:0.6366666666666667
RNTN:0.38
Builder:0.20944444444444446
BasicRNTNTest:0.18666666666666668
TreeVectorizer:0.14166666666666666
