ApolloFrame:0.5466666666666666
EvidencePanel:0.5416666666666666
