Word2Vec:0.6033333333333334
Tree:0.6033333333333334
MovingWindowExample:0.17
WindowConverter:0.15666666666666668
