CommandThread:0.635
FileInfo:0.5351825396825398
ProjectFrame:0.25333333333333335
