Concrete:0.37
DBCollection:0.3000555555555556
MongoDatabase:0.2
ConcreteSerializer:0.1911111111111111
MongoClientTestBase:0.03666666666666667
MongoStreamTest:0.03333333333333333
MongoDatabaseImpl:0.016666666666666666
