Game:0.7133333333333334
GameOrderExecutionThread:0.3283333333333333
