TypeSpecTest:0.51
LineWrapper:0.4666666666666667
CodeBlockTest:0.37
Builder:0.328
CodeWriter:0.2
LineWrapperTest:0.05333333333333334
