Http1x:0.42
HttpClientImpl:0.39666666666666667
HttpServerRequestImpl:0.29
HttpServerImpl:0.19416666666666665
HttpServerResponseImpl:0.18333333333333332
HttpConnectionPool:0.18333333333333332
WebSocketImpl:0.08
ServerHandlerWithWebSockets:0.05
