Node:0.3233333333333333
FactoryImpl:0.28
RequestBasedCall:0.24666666666666667
ConcurrentMapManager:0.24666666666666667
BlockingQueueManager:0.22666666666666666
MProxyImpl:0.20777777777777778
ResponseQueueCall:0.2
ClusterTest:0.2
BaseManager:0.18
UnlockOperationHandler:0.16333333333333333
GroupProperties:0.15333333333333332
ClusterLockTest:0.13666666666666666
MLock:0.125
MBackup:0.04
MasterOp:0.03
