BuildServiceTest:0.4166666666666667
BuildCommand:0.38666666666666666
ModificationSet:0.2925
ModificationCommand:0.19166666666666668
ModificationSetTest:0.10333333333333333
