AbstractFlowBuilder:0.6
SearchPersonFlowBuilder:0.32166666666666666
SearchFlowExecutionTests:0.30666666666666664
PhonebookFlowRegistrar:0.25333333333333335
