WxMpInMemoryConfigStorage:0.39
WxMpService:0.2866666666666667
WxMpConfigStorage:0.18416666666666667
WxMpServiceImpl:0.11
WxConsts:0.011111111111111112
