WebserviceBean:0.6797222222222223
BusinessEntityManagerImpl:0.3938888888888889
