VendorMsg:0.6266666666666667
ConnectionEngine:0.3933333333333333
VendorMessageConstants:0.014071428571428572
