MultiTierTest:0.48
DataExtractorService:0.39666666666666667
ConfigurationService:0.31666666666666665
IConfigurationService:0.2833333333333333
