LocaleUtils:0.5766666666666667
TypeParser:0.39444444444444443
