DaoSupport:0.4766666666666667
Sockets:0.42333333333333334
Trans:0.31833333333333336
