Tds:0.5466666666666666
DatabaseMetaData:0.39666666666666667
ParameterUtils:0.3
TdsUtil:0.2833333333333333
TdsResultSetMetaData:0.22333333333333333
