RLexSortedSet:0.55
RedissonLexSortedSet:0.43666666666666665
RLexSortedSetAsync:0.235
RedissonLexSortedSetTest:0.22333333333333333
RedisCommands:0.09
