TransportSQLActionTest:0.49166666666666664
LuceneDocCollector:0.44
ScoreCollectorExpression:0.38783333333333325
