IndexShard:0.5466666666666666
IndexService:0.46142857142857147
ESIntegTestCase:0.30666666666666664
SearchService:0.27
BitsetFilterCache:0.26
NodeServicesProvider:0.25333333333333335
IndicesModule:0.24833333333333332
BitSetFilterCacheTests:0.22666666666666666
IndexShardTests:0.19666666666666666
BitSetProducerWarmer:0.19222222222222224
IndexModuleTests:0.18666666666666668
ShadowIndexShard:0.15666666666666668
Reaper:0.03222222222222222
MockSearchService:0.02666666666666667
