ClientMapProxy:0.5966666666666667
XmlClientConfigBuilder:0.38166666666666665
ClientConnectionManagerImpl:0.33166666666666667
