ConfiguredClassHierarchyBuilderTest:0.4266666666666667
ConfiguredClassHierarchy:0.35333333333333333
ConfiguredClass:0.31333333333333335
ConfiguredClassHierarchyBuilder:0.24333333333333335
AnnotationBinder:0.14333333333333334
JPADotNames:0.12883333333333333
MappedProperty:0.03666666666666667
