MetadataEntityManagerImpl:0.6433333333333333
Util:0.43666666666666665
BusinessEntityManagerImpl:0.29333333333333333
XMLBackupReader:0.26666666666666666
DataModelLoader:0.12
