HivePageSink:0.4166666666666667
RecordFileWriter:0.39666666666666667
HiveWriter:0.37666666666666665
TableWriterOperator:0.3
RecordFormatWriter:0.18
ClassLoaderSafeConnectorPageSink:0.17666666666666667
RcFileFileWriter:0.16333333333333333
ConnectorPageSink:0.10666666666666667
HiveFileWriter:0.013333333333333334
