Platform:0.42333333333333334
CertificateChainCleaner:0.38
AndroidPlatform:0.29333333333333333
AndroidCertificateChainCleaner:0.15333333333333332
