ClientMapProxy:0.5877777777777777
MapProxyImpl:0.28
MapAggregateTest:0.25333333333333335
MapProjectionTest:0.25333333333333335
