IntArray:0.34
FloatBag:0.2833333333333333
IntBag:0.2833333333333333
LongBag:0.2833333333333333
LongArray:0.2733333333333333
FloatArray:0.2733333333333333
