MockMvcRequestSpecificationImpl:0.6866666666666666
MockMvcParamConfig:0.5033333333333333
MockMvcRequestSpecBuilder:0.29333333333333333
