TupleInfo:0.57
AggregationTestUtils:0.32
GroupByHash:0.24777777777777782
HashSemiJoinOperator:0.19666666666666666
BlockBuilders:0.16
MarkDistinctHash:0.14333333333333334
