ISymmetricEngine:0.6766666666666666
RouterService:0.6733333333333333
AbstractSymmetricEngine:0.42
LoadFromClientIntegrationTest:0.25
