PyObject:0.6233333333333333
Py:0.5633333333333334
PyType:0.3566666666666667
TypeResolver:0.08333333333333333
