MonochromeBitmapSource:0.6533333333333333
BufferedImageMonochromeBitmapSource:0.49333333333333335
RGBMonochromeBitmapSource:0.47333333333333333
LCDUIImageMonochromeBitmapSource:0.38
