DSLContext:0.6613333333333333
DSL:0.5733333333333334
jOOQAbstractTest:0.30333333333333334
DefaultDSLContext:0.22666666666666666
VisitContextTest:0.20666666666666667
DDLTests:0.16333333333333333
