ParameterDescription:0.5166666666666667
ParameterToken:0.5
MethodListExplicitTest:0.23
LazyMethodDescription:0.21083333333333334
TypePoolParameterBagTest:0.21
ForLoadedParameter:0.17333333333333334
LazyParameterDescription:0.14944444444444444
TypePoolLazyObjectPropertiesTest:0.11666666666666667
Simple:0.10666666666666667
TypeWriterMethodPoolEntryTest:0.1
LazyParameterList:0.09666666666666666
ParameterList:0.08866666666666667
Empty:0.08333333333333333
Latent:0.07666666666666666
AbstractBase:0.0
