HTMLBodyElement:0.7805555555555556
RecursiveFunctionObject:0.4683333333333333
HTMLBodyElementTest:0.42
