TestExtractors:0.25333333333333335
TestPackage:0.24
PlainTextExtractorTest:0.23666666666666666
PlainTextExtractorFactory:0.15333333333333332
PlainTextExtractor:0.12666666666666668
