TransactionImpl:0.72
TransactionManagerServiceImpl:0.43666666666666665
TransactionImpl_TwoPhaseTest:0.20666666666666667
TransactionImpl_OnePhaseTest:0.20333333333333334
