ModuleConstantsExistenceChecker:0.2733333333333333
IdentityOperatorAlreadyExistsException:0.21333333333333335
ClassOperatorAlreadyExistsException:0.21333333333333335
