UpdateGene:0.575
StorableGeneBeanImpl:0.43111111111111106
GeneBeanTest:0.19333333333333333
