GeneNameListener:0.37666666666666665
DataInput:0.37333333333333335
LinkSet:0.32666666666666666
TestApollo:0.2866666666666667
SpeciesComparison:0.25333333333333335
CompositeDataHolder:0.25
GuiTabPanel:0.22333333333333333
CompositeApolloFrame:0.22111111111111115
