AbstractPatternStrategy:0.5955555555555555
PatternStrategy:0.25922222222222224
ClosingPatternStrategy:0.15333333333333332
