DataObjectFactory:0.5833333333333334
ImapInputStream:0.4066666666666667
AbstractJavaMailCrawler:0.37666666666666665
ImapDataObject:0.27
DataObjectFactoryTest:0.26666666666666666
MboxCrawler:0.24666666666666667
ImapStreamPool:0.22
ImapCrawler:0.19
TestMboxCrawlerMultiFolder:0.04666666666666667
TestMboxCrawler:0.04
TestDefaultDataAccessorRegistry:0.016666666666666666
MboxCrawlerFactory:0.01
MboxTestBase:0.01
