ProfileGraphTool:0.4866666666666667
CreatePolygonGridFromSelectedImageLayerPlugIn:0.32666666666666666
RasterColorEditorPlugIn:0.2633333333333333
CreateLatticeFromSelectedImageLayerPlugIn:0.25666666666666665
ShowProfile:0.2227777777777778
ProfileGraphPlugIn:0.21000000000000002
RasterColorEditorDialog:0.19694444444444445
