QuadTree:0.7466666666666667
QuadTreeTest:0.16666666666666666
