RepairingTask:0.45
NearCachedClientCacheProxy:0.36333333333333334
NearCachedClientMapProxy:0.33
ClientProxy:0.21333333333333335
ConnectedServerVersionAwareNearCacheEventHandler:0.16666666666666666
RepairableNearCacheEventHandler:0.08
HandlerConstructor:0.023333333333333334
