ProfileModule:0.8233333333333334
AbstractEntryProcessor:0.31333333333333335
ProfileModuleImpl:0.27
ModifyEntryController:0.25333333333333335
WorkspaceTreeHelper:0.22444444444444447
EntryProcessor:0.2
ViewEntryController:0.15666666666666668
WebKeys:0.10722222222222222
