Frontier:0.5433333333333333
FrontierMarker:0.2738888888888889
CrawlJob:0.25666666666666665
KeyedQueue:0.25
DiskBackedQueue:0.24133333333333334
