StudyLevel:0.35333333333333333
MinMaxPixelInfo:0.23833333333333334
DicomImageFilter:0.23083333333333333
PagedImageFilter:0.22672222222222221
XsltFilter:0.21333333333333335
DicomCFindFilter:0.21333333333333335
MemoryCacheFilter:0.17
ImageServletResponseItem:0.16333333333333333
StudyModel:0.15666666666666668
MetaDataServlet:0.15
WLFilter:0.13666666666666666
ConversationStudyModel:0.11666666666666667
AddFileLocationFilter:0.11666666666666667
PageConfig:0.11333333333333333
ParamSizeMemoryCacheFilter:0.09333333333333334
DicomObjectComparator:0.09333333333333334
ScaleFilter:0.09333333333333334
