Validator:0.6133333333333333
FindSubjectsHandler:0.37
AddSubjectHandler:0.32
MergeSubjectsHandler:0.21333333333333335
BaseHandler:0.17
UpdateSubjectHandler:0.16666666666666666
MergeSubjectsValidator:0.12333333333333334
UpdateSubjectValidator:0.02666666666666667
FindSubjectsValidator:0.023333333333333334
AddSubjectValidator:0.013333333333333334
