ComponentDescriptionContent:0.7466666666666667
LoadDescription:0.37666666666666665
ComponentDescriptor:0.37333333333333335
ComponentDescriptionParser:0.3466666666666667
ComponentDescriptionXMLReader:0.17333333333333334
ComponentDescriptionFont:0.17166666666666666
ComponentDescriptionXMLWriter:0.057222222222222216
ComponentDescriptionGridLayout:0.009444444444444443
