Jedis:0.47333333333333333
Protocol:0.4533333333333333
Client:0.38666666666666666
JedisCommands:0.3466666666666667
SortedSetCommandsTest:0.32666666666666666
BinaryJedis:0.31666666666666665
BinaryClient:0.2966666666666667
BinaryRedisPipeline:0.2833333333333333
BinaryJedisCommands:0.2833333333333333
RedisPipeline:0.2833333333333333
JedisCluster:0.22333333333333333
PipelineBase:0.19333333333333333
BinaryShardedJedis:0.18333333333333332
ShardedJedis:0.18
