Compiler:0.5
ImplementInterfacesTests:0.2833333333333333
PainlessScriptEngine:0.2833333333333333
ScriptTestCase:0.165
Debugger:0.16444444444444445
PainlessPlugin:0.09333333333333334
NeedsScoreTests:0.08
