SubCrawler:0.74
SubCrawlerRegistry:0.465
DataObjectFactory:0.3433333333333333
ApertureTestBase:0.32
DataObjectBase:0.2733333333333333
DataObjectFactoryTest:0.26666666666666666
MimeSubCrawler:0.22666666666666666
SubCrawlerUtil:0.21333333333333335
SubCrawlerRegistryImpl:0.19666666666666666
MimeSubCrawlerTest:0.19333333333333333
AbstractCompressorSubCrawler:0.16
DummyFactory:0.10666666666666667
AbstractSubCrawlerTest:0.07916666666666666
TestSubCrawlerUtilIntegration:0.07866666666666668
TestSubCrawlerUtil:0.07
PathNotFoundException:0.05516666666666667
GetDataObjectSubCrawlerHandler:0.055
AbstractArchiverSubCrawler:0.043333333333333335
AbstractSubCrawler:0.031111111111111107
TestSubCrawlerRegistryImpl:0.03
TestSubCrawlers:0.03
ZipSubCrawlerTest:0.016666666666666666
TarSubCrawlerTest:0.01
TestRDFContainerFactory:0.0033333333333333335
