FindModel:0.43666666666666665
NewMongoCollection:0.33916666666666667
DBCursor:0.32
NewMongoCollectionImpl:0.31666666666666665
CountModel:0.22666666666666666
MongoCollectionView:0.22333333333333333
AggregateModel:0.2
FindOneAndDeleteModel:0.19
FindOneAndReplaceModel:0.18333333333333332
FindOneAndUpdateModel:0.18333333333333332
DistinctModel:0.16666666666666666
ReplaceOneModel:0.15444444444444444
UpdateOneModel:0.15444444444444444
UpdateManyModel:0.15444444444444444
BulkWriteModel:0.15333333333333332
InsertManyModel:0.15333333333333332
