Builder:0.3466666666666667
Platform:0.26
JdkWithJettyBootPlatform:0.245
Android:0.23333333333333334
FrameSink:0.23
MockWebServer:0.22333333333333333
WebSocketWriterTest:0.21666666666666667
MockWebServerTest:0.20666666666666667
SslContextBuilder:0.20111111111111113
RealWebSocket:0.195
CallTest:0.18333333333333332
WebSocketWriter:0.18
RealWebSocketTest:0.18
WebSocketReaderTest:0.17333333333333334
RequestTest:0.17333333333333334
FramedMessageSource:0.16666666666666666
WebSocketReader:0.145
