PropertyXRef:0.8433333333333334
PropertyFamilyChild:0.40444444444444444
