IndiaCalendarTest:0.5333333333333333
IndonesiaBEJCalendar:0.52
IndonesiaCalendarTest:0.33199999999999996
