VersionTests:0.7316666666666667
VersionUtilsTests:0.4666666666666667
