StepFactory:0.6266666666666667
HopSymbolTableWalker:0.6066666666666667
DFA19:0.23
