SellItemFlowExecutionTests:0.63
InMemoryDatabaseCreator:0.3846666666666667
JdbcSaleProcessor:0.1861111111111111
