Coordinates:0.6033333333333334
SettlementConfig:0.39
TempSimulationConfigEditor:0.27666666666666667
SettlementTableModel:0.20333333333333334
