HttpTest:0.6716666666666666
HttpServerResponse:0.450138888888889
HttpServerResponseImpl:0.4033333333333333
