JedisCluster:0.69
JedisClusterTest:0.28
JedisClusterInfoCache:0.17
JedisClusterCommand:0.13111111111111112
JedisClusterConnectionHandler:0.09333333333333334
JedisSlotBasedConnectionHandler:0.06
