SRUSearch:0.33666666666666667
GNProfileService:0.29111111111111115
GNResultSet:0.18333333333333332
GNExplainInfoDTO:0.15666666666666668
GNSearchSessionFactory:0.1
SRUParamTestDBO:0.07333333333333333
SRUArgumentParseException:0.05
SRUParamTester:0.03666666666666667
SRUDiag:0.02666666666666667
