AbstractFlowExecutionTests:0.6372222222222222
AbstractXmlFlowExecutionTests:0.3433333333333333
AbstractExternalizedFlowExecutionTests:0.3333333333333333
