CDKManager:0.5133333333333333
ICDKManager:0.47333333333333333
CDKManagerPluginTest:0.32666666666666666
CDKManagerTest:0.2633333333333333
ElucidateWizard:0.15222222222222223
Create3dHandler:0.14333333333333334
Create2dHandler:0.14333333333333334
ExtractWizard:0.12
