Xml:0.38888888888888884
Info:0.29333333333333333
AbstractHarvester:0.26666666666666666
MetadataFragmentsParams:0.2
BadXmlResponseEx:0.18083333333333335
Harvester:0.16
MetadataFragmentsHarvester:0.12666666666666668
MetadataFragmentsResult:0.10838095238095237
