TypedProperties:0.65
ReflectionHelper:0.31666666666666665
SSLHelper:0.26
SubstitutionsHandler:0.24666666666666667
TimeMarker:0.19
FileReplacer:0.15944444444444444
