AuthenticationProcessingFilter:0.41333333333333333
UrlUtils:0.388
SavedRequestAwareAuthenticationSuccessHandler:0.3
OpenIDAuthenticationProcessingFilter:0.2733333333333333
AuthenticationProcessingFilterEntryPoint:0.2733333333333333
AbstractProcessingFilterTests:0.2633333333333333
AbstractProcessingFilter:0.25666666666666665
ConfigUtils:0.23666666666666666
SimpleUrlAuthenticationFailureHandler:0.1811111111111111
ExceptionMappingAuthenticationFailureHandler:0.18
AuthenticationProcessingFilterEntryPointTests:0.16333333333333333
CasProcessingFilterTests:0.16333333333333333
AuthenticationProcessingFilterTests:0.15333333333333332
ConcurrentSessionFilter:0.13666666666666666
CasProcessingFilter:0.11333333333333333
MockAbstractProcessingFilter:0.10666666666666667
FormLoginBeanDefinitionParser:0.07666666666666666
OpenIDAuthenticationProcessingFilterTests:0.07
MockProcessingFilter:0.05333333333333334
