JdbcUserDetailsManager:0.40777777777777774
FilterChainProxyTests:0.28
SecurityContextHolderAwareRequestFilterTests:0.26
ChannelSecurityInterceptorTests:0.22333333333333333
RoleHierarchyImplTests:0.21666666666666667
AclEntryAfterInvocationProviderTests:0.20666666666666667
AclEntryAfterInvocationCollectionFilteringProviderTests:0.15666666666666668
DelegatingMethodSecurityMetadataSourceTests:0.15333333333333332
