HazelcastClient:0.5266666666666666
ClientConfig:0.47
ConnectionManager:0.2966666666666667
DynamicClusterTest:0.2633333333333333
TestUtility:0.22666666666666666
HazelcastClientClusterTest:0.17666666666666667
CustomPropertiesTest:0.14
ConnectionManagerTest:0.13
HazelcastClientLoader:0.11666666666666667
TestClientApp:0.09666666666666666
SimpleMapTest:0.08333333333333333
SimpleMapTestFromClient:0.08333333333333333
