DefinitionService:0.522
ExecutionService:0.522
HibernateSessionFactory:0.49
ArchiveDAOHibernateImpl:0.31
JbpmDefinitionLogic:0.3055555555555556
JbpmExecutionServiceBean:0.2966666666666667
JbpmDefinitionServiceBean:0.29333333333333333
DefinitionServiceDelegate:0.2733333333333333
ExecutionServiceDelegate:0.2733333333333333
ExecutionServiceDelegateLocalImpl:0.25
ExecutionServiceDelegateRemoteImpl:0.25
DefinitionServiceDelegateRemoteImpl:0.23666666666666666
DefinitionServiceDelegateLocalImpl:0.23666666666666666
WfeScriptRunner:0.23
JbpmCommonLogic:0.21
JbpmExecutionLogic:0.19
DynamicFieldsTableRename:0.09333333333333334
ReassignColumnInTask:0.09333333333333334
InitializerLogic:0.07
