FunctionInfo:0.5133333333333333
FunctionListBuilder:0.37666666666666665
FunctionRegistry:0.33666666666666667
ByteCodeUtils:0.24666666666666667
Visitor:0.23333333333333334
TestFunctionRegistry:0.14666666666666667
TestCustomFunctions:0.09333333333333334
