VisibilityListener:0.5664444444444444
StrandedZoomableApolloPanel:0.5133333333333333
GraphAdapter:0.23
LinearView:0.22
DiscreteGraphView:0.16
DiscreteGraphMouseMotionListener:0.11333333333333333
GraphAdapterGUI:0.08
GraphVisibilityListener:0.07
VisibilityEvent:0.05655555555555556
ColorActionListener:0.05655555555555556
