UnassignedShard:0.6166666666666667
ShardStatsTest:0.53
TransportSQLActionSingleNodeTest:0.056666666666666664
UnassignedShardIteratorContext:0.0
