StandardDrawingView:0.5266666666666666
DNDHelper:0.4066666666666667
DragNDropTool:0.3433333333333333
AddUndoActivity:0.09333333333333334
innerDragSourceListener:0.056666666666666664
RemoveUndoActivity:0.05333333333333334
innerDropTargetListener:0.03666666666666667
