RelsExtValidator:0.36666666666666664
BasicDigitalObject:0.3566666666666667
RelsExtValidatorTest:0.27666666666666667
ObjectBuilder:0.27666666666666667
ValidationUtilityTest:0.2633333333333333
ResourceIndexModDSIntegrationTest:0.24
RelationshipProcessor:0.17
ResourceIndexAddDelDSIntegrationTest:0.13777777777777778
ValidationUtility:0.10777777777777776
TestRISearch:0.09611111111111112
