FileSystemDTO:0.555
StoreScp:0.38333333333333336
FileSystemMgt2Service:0.33
StorageBean:0.2833333333333333
