SnmpEventInfo:0.6533333333333333
BroadcastEventProcessor:0.44666666666666666
SnmpPeerFactory:0.43666666666666665
EventConstants:0.3744444444444444
