ArchiveUtil:0.35
RecordingSession:0.30666666666666664
ImageRecorder:0.27
ArchiveConductor:0.20666666666666667
ListRecordingsSession:0.17
RecordingChunkReader:0.13666666666666666
RecordingSessionTest:0.13666666666666666
RecordingFragmentReader:0.12333333333333334
