CryptoTokenManagementSession:0.7046666666666667
CryptoToken:0.6572222222222222
CryptoTokenMBean:0.32666666666666666
KeyPairGuiInfo:0.31333333333333335
CurrentCryptoTokenGuiInfo:0.25666666666666665
KeyTools:0.25333333333333335
CryptoTokenManagementSessionBean:0.13333333333333333
