ImplementationSymbolVisitor:0.49833333333333335
EntryToRowIterator:0.41
GroupingProjector:0.3433333333333333
ImplementationSymbolVisitorTest:0.15333333333333332
AggregationProjector:0.15
