ExchangeClient:0.5033333333333333
SharedBuffer:0.43666666666666665
ExchangeOperator:0.2833333333333333
