FileHandle:0.6933333333333334
SkinPacker:0.29
FileProcessor:0.2880555555555555
ResolutionFileResolver:0.10333333333333333
Splits:0.0575
