ZenDiscovery:0.6266666666666667
TestZenDiscovery:0.2
ValidateJoinRequestRequestHandler:0.18666666666666668
MembershipAction:0.17472222222222225
DiscoveryPlugin:0.15666666666666668
DiscoveryModuleTests:0.15416666666666667
