HttpTest:0.31333333333333335
WebSocketImplBase:0.2633333333333333
ConnectionBase:0.2633333333333333
Http2ServerResponseImpl:0.25
HttpServerResponseImpl:0.24666666666666667
