SettlementTableModel:0.67
MonitorWindow:0.37222222222222223
FoodTableModel:0.31666666666666665
