PickViewI:0.44444444444444436
ApolloPanel:0.39666666666666667
FeatureView:0.37
Selection:0.28833333333333333
SiteView:0.2733333333333333
SelectionItem:0.19666666666666666
SelectionManager:0.15333333333333332
MouseManager:0.14
