Window:0.5866666666666667
FrameWindow:0.43333333333333335
DocumentTest:0.29333333333333333
PopupPseudoWebWindow:0.18666666666666668
WindowTest:0.18333333333333332
SimpleScriptableTest:0.17333333333333334
NodeImpl:0.1597222222222222
Popup:0.15333333333333332
IFrameTest:0.09
PopupTest:0.006666666666666667
