Unit:0.54
Player:0.4166666666666667
DefaultInGameNetworkListener:0.3933333333333333
Server:0.26666666666666666
Canvas:0.23
TrainPanel:0.22
InGameNetworkListener:0.2105952380952381
ClientMessageHandler:0.20333333333333334
PurchasePanel:0.20333333333333334
PanelContainer:0.20083333333333334
ServerMessageCreator:0.19444444444444442
Client:0.19333333333333333
InGameMessageHandler:0.16666666666666666
EuropePanel:0.14666666666666667
RecruitPanel:0.12
