ApiListingResource:0.5333333333333333
SwaggerConfigLocator:0.4483333333333333
SwaggerScannerLocator:0.2833333333333333
