BooleanType:0.859888888888889
ScalarFunctionModule:0.4166666666666667
