ARINCGPPolyline:0.42333333333333334
PolylineRenderer:0.39
XMLType:0.3566666666666667
ARINCModelFactory:0.25666666666666665
TriangleRenderer:0.24666666666666667
GrowableTable:0.235
DefaultXMLExporter:0.21466666666666667
DefaultARINCUtils:0.20333333333333334
ClientWidgetPanel:0.19666666666666666
ServerXMLDFHandler:0.18666666666666668
MessagePanelFactory:0.18
LongLongPanel:0.17444444444444446
PolylineRendererUI:0.16333333333333333
SynthPolylineUI:0.08
