MapService:0.6
MapStoreTest:0.26666666666666666
MapStoreWithStoreCount:0.24666666666666667
GroupProperties:0.11333333333333333
