SubclassImplementationTarget:0.5866666666666667
Factory:0.23
SubclassImplementationTargetTest:0.19666666666666666
SubclassDynamicTypeBuilder:0.16666666666666666
RedefinitionDynamicTypeBuilder:0.16666666666666666
MethodLoading:0.16166666666666668
SubclassImplementationTargetFactoryTest:0.14333333333333334
