AntFarm:0.41
AntFarmLogger:0.30666666666666664
AntCellRenderer:0.17777777777777778
TargetExecutor:0.17333333333333334
TargetParser:0.1
