Flyway:0.56
DbSupport:0.25666666666666665
MetaDataTableImpl:0.2375
OracleDbSupport:0.22
SQLServerDbSupport:0.22
DB2DbSupport:0.22
DerbyDbSupport:0.22
MySQLDbSupport:0.22
PostgreSQLDbSupport:0.16666666666666666
H2DbSupport:0.15333333333333332
HsqlDbSupport:0.15333333333333332
