ScriptParameterParser:0.503611111111111
TransformOnIndexMapperIntegrationTest:0.4866666666666667
ScriptTransform:0.43666666666666665
