AndroidManifest:0.4866666666666667
RobolectricTestRunnerTest:0.2966666666666667
ShadowAccountManager:0.2866666666666667
ShadowObjectAnimator:0.24444444444444446
RobolectricTestRunner:0.23
Setup:0.21694444444444447
AndroidManifestTest:0.2
ObjectAnimatorTest:0.14
AccountManagerTest:0.10333333333333333
AnimationRunnable:0.03
