Lut:0.6833333333333333
LutModule:0.4533333333333333
CRImage:0.26666666666666666
DXImage:0.25333333333333335
VoiLutModule:0.023333333333333334
ModalityLutModule:0.013055555555555556
