LoadingState:0.5552777777777778
LoadingStateDescriptions:0.25594227994228
