C3DComboBox:0.65
C3DTreeTableView:0.6010714285714286
C3DTabPane:0.6010714285714286
