MultiMapClientProxy:0.44333333333333336
SetClientProxy:0.2866666666666667
TransactionClientProxy:0.28
AtomicNumberClientProxy:0.27666666666666667
ClusterClientProxy:0.27666666666666667
