TedXMLParser:0.3466666666666667
TedMainDialog:0.2966666666666667
TedParser:0.27
TedIO:0.25333333333333335
TedAboutDialog:0.2188888888888889
Message:0.21
ScheduleParser:0.19666666666666668
