SPORule:0.72
SPOEvent:0.3933333333333333
GCLChecker:0.2833333333333333
MinimalAnchorFactory:0.25666666666666665
