JsonPath:0.47
Configuration:0.24333333333333335
PathToken:0.24333333333333335
PathComponentAnalyzer:0.21083333333333334
PropertyPathTokenTest:0.18666666666666668
JsonAssertTest:0.18
JsonAsserterImpl:0.18
IssuesTest:0.16333333333333333
