PainlessParser:0.42333333333333334
AugmentationTests:0.32666666666666666
PainlessParserBaseVisitor:0.32
PainlessParserVisitor:0.3000833333333333
PainlessLexer:0.27
Walker:0.2633333333333333
Augmentation:0.17333333333333334
ComparisonTests:0.17333333333333334
InstanceofContext:0.12
