NetFolder:0.44333333333333336
GwtTeamingMessages:0.4166666666666667
Binder:0.35333333333333333
NetFolderHelper:0.31666666666666665
FolderModule:0.2967222222222222
BaseFolderModule:0.29
GwtNetFolderHelper:0.21666666666666667
ModifyNetFolderDlg:0.20333333333333334
AbstractBinderProcessor:0.19
ResourceDriverModuleImpl:0.18333333333333332
SyncJobDescription:0.13666666666666666
GwtNetFolderSyncScheduleConfig:0.06166666666666667
ObjectKeys:0.016666666666666666
