PlannerTest:0.49
SelectPlannerTest:0.3961666666666667
GroupByPlannerTest:0.3466666666666667
TableDefinitions:0.06333333333333334
