Position:0.51
Namespace:0.43
Procedure:0.41
Call:0.39
ControlGraph:0.3466666666666667
Recipe:0.3233333333333333
Template:0.32
FormatError:0.31
Program:0.30666666666666664
AGTS:0.30666666666666664
ControlModel:0.2866666666666667
CtrlJVertex:0.2594444444444445
GrammarModel:0.25
CtrlHelper:0.23666666666666666
GTS:0.23333333333333334
CtrlParser:0.21666666666666667
CtrlBuilder:0.21333333333333335
CtrlChecker:0.21333333333333335
CtrlJEdge:0.21
ActionStore:0.21
SwitchStack:0.20833333333333334
CtrlFactory:0.20666666666666667
Term:0.20666666666666667
AutomatonBuildTest:0.20333333333333334
GraphPreviewDialog:0.20222222222222225
CtrlLexer:0.2
ForestLayouter:0.19666666666666666
Function:0.18333333333333332
Automaton:0.18333333333333332
RecipeTreeNode:0.18
CompositeControlModel:0.17333333333333334
LogReporter:0.15333333333333332
PreviewControlAction:0.14333333333333334
CtrlJGraph:0.13777777777777778
LabelValue:0.13333333333333333
RecipeEntry:0.12333333333333334
ControlNode:0.08833333333333333
OldCtrlJGraph:0.03333333333333333
OldCtrlJEdge:0.03
OldCtrlJVertex:0.013333333333333334
OldPreviewControlAction:0.007777777777777777
