CertProfileBean:0.5566666666666666
EjbcaJSFHelper:0.45833333333333326
CertProfilesBean:0.325
