MongoCollection:0.7666666666666667
MongoClient:0.7233333333333334
MongoDatabase:0.5133333333333333
DBCollection:0.3433333333333333
DB:0.27666666666666667
DatabaseAcceptanceTest:0.2733333333333333
SingleChannelMongoClient:0.24333333333333335
MongoCollectionImpl:0.23666666666666666
Fixture:0.22333333333333333
AddIndexAcceptanceTest:0.21333333333333335
DropIndexAcceptanceTest:0.185
CollectionAcceptanceTest:0.16333333333333333
AcceptanceTestCase:0.14333333333333334
ReplicaSetMongoClientTest:0.13833333333333334
MongoClientConnectedAcceptanceTest:0.12333333333333334
DatabaseTestCase:0.11666666666666667
MongoDatabaseImpl:0.11666666666666667
ShutdownHook:0.11166666666666666
BsonDocumentBufferSerializerTest:0.10333333333333333
AbstractMongoClient:0.07333333333333333
