AccessControlManagerImpl:0.44333333333333336
AccessControlManager:0.4066666666666667
NullAccessControlManager:0.36666666666666664
