RobolectricModel:0.5766666666666667
RealObjectValidatorTest:0.26666666666666666
RobolectricProcessorTest:0.25666666666666665
ImplementsValidatorTest:0.19666666666666666
Shadows:0.17166666666666666
ImplementsValidator:0.17111111111111113
JavadocJsonGenerator:0.14333333333333334
ShadowProviderGenerator:0.14333333333333334
