ConcatOperation:0.47
IntInt2BoolOperation:0.24666666666666667
IntInt2IntOperation:0.24666666666666667
DefaultIntegerAlgebra:0.2
