LuceneHighAvailabilityPanel:0.5533333333333333
InstallServiceImpl:0.49833333333333335
LuceneConfigPage:0.2816666666666667
