WebSocketWriter:0.48
WebSocketWriterTest:0.45666666666666667
WebSocketRecorder:0.29333333333333333
RealWebSocketTest:0.25
WebSocketReader:0.19666666666666666
FrameSink:0.12666666666666668
WebSocketProtocol:0.013333333333333334
