Array:0.49333333333333335
MaxRects:0.35
LongArray:0.24333333333333335
CharArray:0.24333333333333335
FloatArray:0.24333333333333335
IntArray:0.24333333333333335
