AbstractInstrumentedTypeTest:0.5793888888888888
MethodRegistryDefaultTest:0.44666666666666666
