Channel:0.7333333333333333
NetworkHandler:0.43
NetworkWithConfiguration2Test:0.2633333333333333
NetworkWithConfiguration3Test:0.07
