Responder:0.69
FormResponder:0.4266666666666667
FormTagBase:0.35333333333333333
ResponseControllerHandler:0.30333333333333334
ResponderFactory:0.235
