StringTemplateGroup:0.6166666666666667
FindAllTemplates:0.19666666666666666
JSTemplateServlet:0.09888888888888889
JSTemplateTest:0.08666666666666667
NameJSTemplate:0.07333333333333333
StringTemplatePrintWriter:0.06444444444444446
StringTemplateTest:0.02861111111111111
StringSafeRenderer:0.023333333333333334
StringTemplateServlet:0.02
SessionMap:0.006666666666666667
StringUtil:0.006666666666666667
