GIMatrix:0.6633333333333333
RandomNumbersTool:0.43
ChemGraph:0.38
HuLuIndexTool:0.25
CrossoverMachine:0.17666666666666667
