SimpleStore:0.8366666666666667
SimpleSelector:0.39
SimpleScheduler:0.15333333333333332
