Icons:0.565
SimulatorModel:0.5133333333333333
Simulator:0.45666666666666667
DisplaysPanel:0.3333333333333333
StateList:0.3
SimulatorAction:0.26
EditAction:0.23666666666666666
SaveStateAction:0.22666666666666666
PrologModel:0.21333333333333335
RuleJTree:0.21
ControlModel:0.20666666666666667
NewAction:0.19444444444444445
RenameAction:0.19444444444444445
SaveAction:0.19333333333333333
ActionStore:0.185
MyMouseListener:0.17666666666666667
CopyAction:0.17444444444444446
LTSDisplay:0.14666666666666667
EditStateAction:0.13
TextBasedModel:0.016666666666666666
