TransportShardBulkAction:0.3233333333333333
UpdateTests:0.28
AsyncShardOperationAction:0.25666666666666665
BulkTests:0.18
OperationTransportHandler:0.14666666666666667
