IndexedSeq:0.331984126984127
Array:0.3233333333333333
List:0.31666666666666665
Stream:0.31333333333333335
CharSeqTest:0.3
Seq:0.29333333333333333
Vector:0.28
AbstractSeqTest:0.25
Stack:0.23253968253968252
LinearSeq:0.22476190476190477
Queue:0.17
CharSeq:0.15666666666666668
