TaskManagerConfig:0.6866666666666666
Visitor:0.37
LocalQueryRunner:0.2916666666666667
SystemSessionProperties:0.25333333333333335
TestTaskManagerConfig:0.17
