BiojavaManager:0.6233333333333333
IBiojavaManager:0.39
BiojavaManagerTest:0.20666666666666667
