Request:0.47333333333333333
Call:0.36
RecordedResponse:0.3466666666666667
URLConnectionTest:0.31666666666666665
Factory:0.2833333333333333
CacheHttpURLConnection:0.25
HttpEngine:0.23166666666666666
RecordingCallback:0.22166666666666668
RequestTest:0.21666666666666667
CallTest:0.21
JavaApiConverter:0.21
JavaApiConverterTest:0.20333333333333334
RequestLine:0.2
InterceptorTest:0.19
HttpURLConnectionImpl:0.18
NetworkInterceptorChain:0.17277777777777778
RealConnection:0.17
Http2xStream:0.17
AsyncCall:0.16666666666666666
Crawler:0.15333333333333332
LoggingInterceptors:0.14
AuthenticatorAdapter:0.12333333333333334
HttpLoggingInterceptor:0.12333333333333334
