XmlFlowRegistrar:0.5833333333333334
XmlFlowBuilder:0.5783333333333334
FlowRegistryPopulationTests:0.2733333333333333
