AgentConfig:0.42
MasterConfig:0.4166666666666667
ServiceParser:0.28
ZooKeeperAclProviders:0.2733333333333333
MasterParser:0.15
AgentParser:0.15
AgentService:0.14333333333333334
MasterService:0.14333333333333334
