EntryProcessorTest:0.31
EntryBackupOperation:0.27666666666666667
IncrementorEntryProcessor:0.25
PartitionWideEntryBackupOperation:0.20666666666666667
ValueSetterEntryProcessor:0.18333333333333332
RemoveEntryProcessor:0.13333333333333333
ValueReaderEntryProcessor:0.1275
