SkypeManager:0.68
JID:0.3933333333333333
SkypeAction:0.18
SkypeIQ:0.13333333333333333
