Headers:0.5166666666666667
OkHttpClientStream:0.35333333333333333
OkHttpClientTransport:0.3
NettyClientStreamTest:0.3
TransportState:0.26666666666666666
Sink:0.23333333333333334
OkHttpClientStreamTest:0.17333333333333334
