Preferences:0.7933333333333333
Messages:0.47
SpooledFile:0.36333333333333334
DataQueuePropertySource:0.25777777777777783
ISphereAppearance:0.05
