CSVSelectionPanel:0.5166666666666667
InstallDeegreeFileAdaptersPlugIn:0.16945238095238097
DeegreeCSVReader:0.15333333333333332
