FreelancerProfile:0.65
DataPage:0.5702777777777778
ProfileSearchServiceImpl:0.3466666666666667
KeyValuePair:0.3175
