LocalParameterMapTests:0.3333333333333333
MultiActionTests:0.25333333333333335
SimpleFlow:0.24189682539682536
LocalAttributeMapTests:0.20333333333333334
FlowTests:0.19666666666666666
TestBean:0.19666666666666666
AttributeMapperActionTests:0.14666666666666667
EndStateTests:0.12666666666666668
LocalBeanInvokingActionTests:0.11
EventTests:0.11
TestAttributeMapper:0.08666666666666667
ActionStateTests:0.08
ViewStateTests:0.08
ResultObjectEventFactoryTests:0.07333333333333333
SubflowStateTests:0.03333333333333333
DecisionStateTests:0.02666666666666667
StatefulBeanInvokingActionTests:0.022777777777777775
BeanFactoryBeanInvokingActionTests:0.015
TransitionTests:0.01
AnnotedActionTests:0.0033333333333333335
MementoBeanStatePersisterTests:0.0033333333333333335
SuccessEventFactoryTests:0.0
ActionExecutorTests:0.0
AnnotatedObjectTests:0.0
StateExceptionHandlerTests:0.0
NullViewSelectionTests:0.0
StateTests:0.0
