Jedis:0.5666666666666667
Client:0.41333333333333333
BinaryRedisPipeline:0.2833333333333333
RedisPipeline:0.2833333333333333
Commands:0.2833333333333333
JedisCluster:0.26666666666666666
BinaryClient:0.24
BinaryJedisCluster:0.23
ShardedJedis:0.20666666666666667
BinaryJedis:0.20416666666666666
PipelineBase:0.16
BinaryShardedJedis:0.15333333333333332
