NeuralNetworkGraphScene:0.5266666666666666
NeuralNetworkWidget:0.3333333333333333
GraphViewTopComponent:0.32166666666666666
FunctionConnectProvider:0.23111111111111116
MainPopupMenuProvider:0.09577777777777777
