WMC:0.75
WMSBaseBoundingBox:0.5166666666666667
BoundingBox:0.5133333333333333
WMCLayer:0.4066666666666667
MapMerger:0.3466666666666667
ArcIMSService:0.325
WMCParser:0.3233333333333333
MapUtil:0.32
WMCViewContext:0.25
WMCBoundingBox:0.24333333333333335
WMCWindow:0.23
WMCGeneral:0.22333333333333333
WMC2jdom:0.22
WMCExtension:0.21333333333333335
WMSBoundingBoxImpl:0.21
ScaleBar:0.18166666666666667
MarkerSet:0.16
WMCUtil:0.15666666666666668
WMCOnlineResource:0.13333333333333333
WmcCodec:0.13
GetGeonetRecords:0.09666666666666666
WMCLayerList:0.09333333333333334
WMCFormat:0.09
SetWmcContext:0.09
SetWmcFromURL:0.09
GetWmcContext:0.09
UploadWmcContext:0.09
WMCStyleList:0.08
WMCFormatList:0.08
WMCStyle:0.06666666666666667
WMCServer:0.06666666666666667
WMCURL:0.06
WMCSLD:0.06
Geonet:0.04666666666666667
MailWmcContext:0.006666666666666667
