DisplayAction:0.7719444444444444
CdkwebServlet:0.3917222222222222
