WebServiceTemplate:0.38333333333333336
MessageDispatcher:0.3333333333333333
AxiomSoapMessage:0.31
AxiomSoapMessageFactory:0.23333333333333334
