DB:0.44333333333333336
MongoCollectionImpl:0.37666666666666665
MongoDatabaseImpl:0.29
DBObjects:0.22333333333333333
MongoCommandOperation:0.13
