CallTimeoutException:0.6166666666666667
OperationServiceImpl:0.5066666666666667
InvocationImpl:0.27666666666666667
WaitingOp:0.25
