ExecutionPhasesTask:0.3466666666666667
InnerPreparer:0.30333333333333334
ContextPreparer:0.25666666666666665
FetchOperationIntegrationTest:0.2
TransportJobAction:0.18
TaskCollectingVisitor:0.16
DirectResponseListener:0.12333333333333334
DocLevelCollectTest:0.07333333333333333
PreparerContext:0.07
