TransFrame:0.5766666666666667
MatchWindow:0.43333333333333335
OmegaTVersion:0.17866666666666667
