GetVirtualRunTimeMethod:0.43666666666666665
LDC:0.35333333333333333
GetVirtualRunTimeException:0.18333333333333332
ClassTests:0.1675
DoesNotThrow:0.15
GetInterfaceRunTimeException:0.14
