EulerLibrary:0.7886111111111112
EulerRunner:0.6687777777777778
