Html5FileUploaderClientHelper:0.4866666666666667
AddFilesHtml5Popup:0.4066666666666667
GwtTeamingMessages:0.4
BinderViewsHelper:0.19333333333333333
