RingbufferConfig:0.6266666666666667
RingbufferService:0.25333333333333335
RingbufferConfigTest:0.24333333333333335
RingbufferProxy:0.24166666666666667
AbstractRingBufferOperation:0.18
RingbufferConfigReadOnly:0.11944444444444442
