DocumentEditor:0.6083333333333333
NameBearerHandle:0.43333333333333335
DumpPreserveFormatAction:0.24
