SessionImpl:0.57
JdbcResourceLocalTransactionCoordinatorImpl:0.3233333333333333
AbstractSharedSessionContract:0.2733333333333333
JtaTransactionCoordinatorImpl:0.2633333333333333
SessionWithSharedConnectionTest:0.14666666666666667
