CoreDao:0.645
KeyShieldConfig:0.6066666666666667
GwtRpcServiceImpl:0.35583333333333333
GwtServerHelper:0.3333333333333333
KeyShieldModule:0.31666666666666665
AllModulesInjected:0.27615079365079365
CoreDaoImpl:0.23666666666666666
AbstractAllModulesInjected:0.23333333333333334
SAbstractController:0.21
KeyShieldModuleImpl:0.1475
