Extruder:0.9066666666666666
RrPolygon:0.4166666666666667
RrPolygonList:0.31666666666666665
AllSTLsToBuild:0.27111111111111114
GenericExtruder:0.24333333333333335
LayerProducer:0.22
