Name:0.93
AbstractName:0.4066666666666667
DerivedColumnListImpl:0.2733333333333333
