Record:0.48333333333333334
HazelcastInstanceProxy:0.43666666666666665
ExecutorServiceProxy:0.26666666666666666
FactoryImpl:0.25666666666666665
CMap:0.23
