Authorization:0.7256944444444445
Management:0.7256944444444445
DefaultManagement:0.44333333333333336
FedoraAPIMBindingSOAPHTTPImpl:0.35333333333333333
DefaultAuthorization:0.17
