PermutationsTest:0.43
ExponentiationTest:0.3233333333333333
Primes:0.23666666666666666
CoprimesTest:0.19
