HttpTest:0.54
Http2Settings:0.37
HttpServerOptions:0.35
HttpClientOptions:0.3233333333333333
HttpServerImpl:0.22666666666666666
Http2ConnectionBase:0.20666666666666667
HttpClientOptionsConverter:0.19333333333333333
TestUtils:0.14
Http2TestBase:0.14
Http2SettingsConverter:0.10333333333333333
Http2Test:0.07
HttpServerOptionsConverter:0.03333333333333333
