LocalConversationManager:0.7365555555555555
SessionBindingConversationManager:0.4633333333333333
