TextToTransitionCriteria:0.5566666666666666
BooleanExpressionTransitionCriteria:0.47333333333333333
NotTransitionCriteria:0.31
