CMap:0.7166666666666667
PartitionManager:0.31833333333333336
ConcurrentMapManager:0.26
GroupProperties:0.12
