InternalTestCluster:0.61
ElasticsearchIntegrationTest:0.38666666666666666
InternalTestClusterTests:0.31
ElasticsearchSingleNodeTest:0.2833333333333333
ElasticsearchTestCase:0.27166666666666667
TribeTests:0.19
UnicastZen:0.14333333333333334
