SwitchUserProcessingFilter:0.8233333333333334
SwitchUserAuthorityChanger:0.49222222222222217
