View:0.47333333333333333
ModelMapping:0.3
MetaTab:0.2733333333333333
CustomersTwoSellersNumberInListTest:0.22333333333333333
XavaSuite:0.2
CustomersTwoSellersInListTest:0.11666666666666667
