Map:0.44333333333333336
HashMap:0.38666666666666666
AbstractTraversableTest:0.36
TraversableOnce:0.3352222222222222
HashMapTest:0.23666666666666666
Comparator:0.22666666666666666
