AndroidFragmentApplication:0.4622222222222222
TestViewFragment:0.35333333333333333
AndroidVisibilityListener:0.26199999999999996
