LdapTemplate:0.8033333333333333
AttributesMapper:0.6234814814814815
