Transcript:0.6333333333333333
BaseFineEditor:0.36333333333333334
AnnotationMenu:0.2866666666666667
