HazelcastClient:0.4216666666666667
SerializationServiceBuilder:0.39
Node:0.27666666666666667
ClientMapTest:0.19333333333333333
GroupProperties:0.12333333333333334
PartitionAwareKey:0.07
