ColumnsSelectChunk:0.4766666666666667
DbSqlTemplateTest:0.4644444444444445
TemplateParser:0.42444444444444446
DbHintTest:0.18333333333333332
