ShadowPaint:0.41333333333333333
DefaultPackageManager:0.41333333333333333
FragmentController:0.3566666666666667
ShadowApplicationTest:0.24333333333333335
ShadowPaintTest:0.14333333333333334
