UserProcessor:0.6683333333333333
UserQueryService:0.5591666666666667
