TedTableModel:0.5933333333333334
TedTable:0.5133333333333333
TedTableRenderer:0.2733333333333333
TedTableRowRenderer:0.18
