ReportEvents:0.6066666666666667
Hit:0.49333333333333335
