IndicesOptionsIntegrationTests:0.5316666666666666
UpdateSettingsTests:0.5
MetaDataUpdateSettingsService:0.4033333333333333
