CSSStyleDeclaration:0.4033333333333333
Node:0.3275
HtmlScript:0.2833333333333333
XmlAttr:0.2377777777777778
DomNode:0.22
XmlElement:0.21333333333333335
HtmlAttr:0.21
XMLDocumentTest:0.17
XPathUtils:0.14
HtmlScriptTest:0.11666666666666667
