SelectFilesPanel:0.7933333333333333
OpenFileWizardState:0.44666666666666666
