Renderer:0.7
RenderPanel:0.31666666666666665
SwingPopupModule:0.19333333333333333
BasicBondGenerator:0.18333333333333332
RendererTestPanel:0.09666666666666666
ZoomAction:0.05333333333333334
