Vertex:0.5333333333333333
Edge:0.44
RewriteChoiceGenerator:0.3433333333333333
InterpretableSym:0.26666666666666666
RewriteListener:0.18333333333333332
RewriterInstruction:0.12833333333333333
SimpleLoopPath:0.11
