ArgType:0.46
Utils:0.44944444444444437
MethodNode:0.33666666666666667
ClassNode:0.27
FieldNode:0.27
ClassGen:0.24666666666666667
MethodGen:0.18333333333333332
WildcardType:0.13666666666666666
GenericObject:0.07666666666666666
ObjectType:0.06333333333333334
GenericType:0.04666666666666667
KnownType:0.0
