OAuth2LoginConfigurer:0.6333333333333333
TokenEndpointConfig:0.32
UserInfoEndpointConfig:0.18333333333333332
AuthorizationEndpointConfig:0.18333333333333332
AuthorizationCodeRequestRedirectFilter:0.15333333333333332
SecurityTestConfig:0.14333333333333334
RedirectionEndpointConfig:0.05277777777777778
AuthorizationCodeGrantLoginConfigurer:0.035
