Native:0.6266666666666667
NativeLibrary:0.5666666666666667
DirectTest:0.24777777777777782
RemappedCLibrary:0.20138888888888887
