RegisteredService:0.7533333333333333
AbstractRegisteredService:0.4533333333333333
OpenIdServiceResponseBuilder:0.22333333333333333
SamlServiceTests:0.16666666666666666
SimpleWebApplicationServiceImplTests:0.16
GoogleAccountsServiceResponseBuilder:0.15666666666666668
OpenIdServiceTests:0.14666666666666667
OpenIdConfiguration:0.14666666666666667
AbstractWebApplicationServiceResponseBuilder:0.13333333333333333
SamlConfiguration:0.11666666666666667
TokenWebApplicationServiceResponseBuilder:0.11
WebApplicationServiceResponseBuilder:0.10333333333333333
SamlServiceResponseBuilder:0.06333333333333334
CasCoreServicesConfiguration:0.06333333333333334
