MockMvcRequestSender:0.5855555555555555
RestAssuredMockMvc:0.45
PostController:0.15666666666666668
MockMvcRequestSpecification:0.14583333333333334
PostTest:0.10333333333333333
