IndexShard:0.6466666666666666
TransportShardBulkAction:0.38
IndexLevelReplicationTests:0.24333333333333335
TransportShardBulkActionTests:0.22666666666666666
IndexShardTests:0.22333333333333333
ESIndexLevelReplicationTestCase:0.16
