SimpleIndexQueryParserTests:0.561111111111111
InternalClusterService:0.31666666666666665
ApplySettings:0.2687777777777778
UpdateTask:0.26666666666666666
ClusterDynamicSettingsModule:0.24
IndicesQueriesModule:0.20333333333333334
QueryBuilders:0.16333333333333333
ClusterServiceTests:0.07666666666666666
