IMoleculeTableManager:0.8533333333333334
MoleculeTableManager:0.11088888888888888
