ServiceProcess:0.7366666666666667
QedeqBoSet:0.5397777777777778
ProcessListModel:0.44333333333333336
KernelQedeqBoSet:0.42
ProcessListPane:0.12
