CacheControlledResourceMethodDispatchAdapterTest:0.4377777777777777
LoggingExceptionMapperTest:0.17
ConstraintViolationExceptionMapperTest:0.15666666666666668
OptionalResourceMethodDispatchAdapterTest:0.13666666666666666
OptionalQueryParamInjectableProviderTest:0.13666666666666666
JsonProcessingExceptionMapperTest:0.13666666666666666
