IncomingInvitationProcess:0.8083333333333333
OutgoingInvitationProcess:0.4166666666666667
