Request:0.52
RequestTests:0.22
IndicesClient:0.19416666666666665
IndicesClientIT:0.19
IndicesClientDocumentationIT:0.15
ClearIndicesCacheResponse:0.11
EndpointBuilder:0.10666666666666667
