PreferencesActivity:0.6666666666666667
HelpActivity:0.59
CaptureActivity:0.47333333333333333
