ServletDefinition:0.4033333333333333
ServletModule:0.27666666666666667
ServletPipelineRequestDispatcherTest:0.21333333333333335
ManagedServletPipeline:0.19494444444444442
ForwardedServlet:0.19
ServletDefinitionPathsTest:0.17
ServletDispatchIntegrationTest:0.13
RequestDispatcherRequestWrapper:0.03
