QueryResult:0.7416666666666667
SearchException:0.3342222222222222
