CalculateTruthTest:0.6533333333333333
Interpreter:0.43111111111111117
Model:0.31666666666666665
QedeqHeuristicCheckerTest:0.23
