DoubleMetaphone:0.6766666666666666
Nysiis:0.35083333333333333
Soundex:0.19333333333333333
Phonex:0.18
MetaPhone:0.05
