MapContainer:0.5466666666666666
QueueService:0.5233333333333333
InterceptorRegistry:0.2857777777777778
