PeerAddress:0.5983333333333334
VersionMessage:0.5683333333333334
VersionMessageTest:0.18666666666666668
