Sheet:0.6233333333333333
NodeProperty:0.2833333333333333
ApplicationView:0.23666666666666666
ApplicationViewLogic:0.07611111111111112
CustomButton:0.0
