CastedArrayListLceViewState:0.5133333333333333
MailsFragment:0.4
ArrayListLceViewState:0.32666666666666666
ParcelableDataLceViewState:0.24333333333333335
SerializeableLceViewState:0.12
