NNMEvent:0.7166666666666667
EventFormat:0.3455555555555555
EventForwarder:0.2454444444444444
AbstractEventForwarder:0.21333333333333335
OpenNMSDaemon:0.20666666666666667
DefaultNNMEventFactory:0.13666666666666666
