FileUtil:0.7719444444444444
PropertiesHelperTest:0.3917222222222222
