EngineConfig:0.61
InternalEngineTests:0.37666666666666665
IndexDynamicSettingsModule:0.2338888888888889
FailEngineOnMergeFailure:0.17
ApplyRefreshSettings:0.17
InternalEngineSettingsTest:0.17
