Entity:0.6266666666666667
Gedcom:0.42
BlueprintManager:0.285
Model:0.23666666666666666
TableView:0.23666666666666666
TreeView:0.20666666666666667
FilterByType:0.17111111111111113
EntityView:0.17
GedcomTableWidget:0.14
TableViewSettings:0.13333333333333333
ActionSearch:0.12333333333333334
ActionChooseEntity:0.10416666666666667
SaveOptionsWidget:0.1
