MsgInvalidRequestFault:0.2866666666666667
CSWEBRIMSOAPServiceMessageReceiverInOut:0.25333333333333335
CSWEBRIMSOAPServiceSkeleton:0.15333333333333332
