GridSpan:0.6488888888888888
GridLayoutRVTest:0.26666666666666666
