GwtTeamingMessages:0.6188888888888889
ConfigureUserFileSyncAppDlg:0.33
DlgBox:0.32733333333333337
ConfigureFileSyncAppDlg:0.27666666666666667
AdminControl:0.23666666666666666
GwtRpcServiceImpl:0.23333333333333334
GwtServerHelper:0.18666666666666668
ObjectKeys:0.16333333333333333
GwtUserFileSyncAppConfig:0.09666666666666666
SaveUserFileSyncAppConfigRpcResponseData:0.06333333333333334
SaveUserFileSyncAppConfigCmd:0.03666666666666667
GetUserFileSyncAppConfigCmd:0.02666666666666667
