PeptideMenu:0.5333333333333333
AnnotationMenu:0.30666666666666664
