AsyncHttpClient:0.7266666666666667
AsyncProvidersBasicTest:0.5233333333333333
AsyncStreamHandlerTest:0.2
