VFS:0.10470158
Log:0.024494337
WorkRequest:0.007088826
