DCMUser:0.47333333333333333
UserAdminModel:0.4
UserEditSubmitCtrl:0.2966666666666667
BasicFormModel:0.23
UserNewCtrl:0.15783333333333333
