Hash:0.5466666666666666
RedissonMap:0.28
JCache:0.24666666666666667
RedissonBaseMultimapReactive:0.21
RedissonMultimap:0.21
RedissonBloomFilter:0.2
RedissonLocalCachedMap:0.18666666666666668
Collector:0.11
