Listener:0.7066666666666667
MessageDeframer2Test:0.3466666666666667
MessageDeframer2:0.32
Metadata:0.29333333333333333
AbstractStream:0.2733333333333333
NettyClientHandler:0.2633333333333333
OkHttpClientTransport:0.22333333333333333
NettyServerStream:0.22166666666666668
NettyClientStreamTest:0.21666666666666667
NettyClientHandlerTest:0.21
AbstractClientStream:0.19
OkHttpClientStream:0.16666666666666666
