JobInformation:0.5733333333333334
JPPFJobManager:0.2966666666666667
ChannelBundlePair:0.27
DriverJobManagement:0.21
JobEventTask:0.14
AbstractSuspendJobAction:0.12666666666666668
CancelJobAction:0.12666666666666668
ResumeJobAction:0.12666666666666668
UpdateMaxNodesAction:0.12
