IPReactionsExtraction:0.45
ExtractorSetQsarsRSI:0.37666666666666665
ExtractorSetReactions:0.14333333333333334
ExtractorSetQsarsRSH:0.04
ExtractorSetQsarsHR:0.04
ExtractorSetQsarsCE:0.04
