PropsUtil:0.47333333333333333
EntityIndexUtils:0.4038888888888889
FieldFactory:0.26
