ExecutorServiceProxy:0.5
RunnableAdapter:0.38333333333333336
ExecutorServiceTest:0.32
SleepLatchRunnable:0.14
EmptyRunnable:0.10333333333333333
