DFStrategy:0.45
DefaultGraphCalculator:0.31666666666666665
ScenarioMenu:0.31333333333333335
ExploreRuleDFStrategy:0.29333333333333333
ExploreStrategyParser:0.24
ExploreStateDFStrategy:0.10666666666666667
ExploreSingleTransitionDFStrategy:0.1
