RestoreSnapshotRequest:0.4094444444444445
CreateSnapshotRequest:0.2833333333333333
SnapshotTests:0.17
