Blog:0.8366666666666667
BlojsomUtils:0.51
DatabaseBlog:0.30333333333333334
BlojsomConstants:0.02
