Car:0.5432936507936508
Part:0.5432936507936508
