BinderHelper:0.8166666666666667
AbstractEntryProcessor:0.33
EntryWorkflowHistoryController:0.19333333333333333
