Suite:0.39666666666666667
Description:0.31333333333333335
Assert:0.30333333333333334
TestIntrospector:0.25833333333333336
TestSuite:0.23666666666666666
AssertionTest:0.23
BaseTestRunner:0.20666666666666667
OldTestClassRunner:0.19666666666666666
Version:0.19666666666666666
TestClassRunnerForParameters:0.19
CompositeRunner:0.18666666666666668
JUnitCore:0.17666666666666667
ClassRequest:0.17666666666666667
Request:0.17
TestClassMethodsRunner:0.16666666666666666
ClassesRequest:0.13
TimeoutFailureTest:0.09333333333333334
