EventsProperties:0.735
ConfigurationStateController:0.33666666666666667
CasCoreConfigurationWatchConfiguration:0.28222222222222226
