Times:0.7966666666666666
TimesTest:0.2
Calendar2String:0.19666666666666666
