Term:0.7966666666666666
DATDictionary:0.4666666666666667
Analysis:0.25333333333333335
Graph:0.23
MyStaticValue:0.22333333333333333
GetWordsImpl:0.22333333333333333
UserDefineLibrary:0.21444444444444447
NatureRecognition:0.19333333333333333
NgramLibrary:0.19
NlpAnalysis:0.18333333333333332
DefineDemo:0.10333333333333333
SpeedTest:0.09333333333333334
Test:0.08333333333333333
TestError:0.08333333333333333
