GwtTeamingMessages:0.6261111111111112
EditNetFolderRightsDlg:0.47
PerUserRightsInfo:0.30666666666666664
GwtNetFolderHelper:0.22
NetFolderSelectPrincipalsWidget:0.22
