RobolectricModel:0.7587777777777779
ShadowProviderGenerator:0.37333333333333335
