NewSetParameterDialog:0.5066666666666667
UACDSEditor:0.38333333333333336
TypeChecker:0.27666666666666667
