BatchPresentation:0.57
SubstitutionLogic:0.31666666666666665
CacheReaderExclusiveAccess:0.3
ExecutorLogic:0.29333333333333333
JbpmCommonLogic:0.2633333333333333
JbpmExecutionLogic:0.2633333333333333
CacheReader:0.24333333333333335
ExternalCriteriaFilter:0.2
BatchPresentationStrongComparison:0.16966666666666666
TableViewSetupFormAction:0.13
AssignmentHandler:0.10333333333333333
