HopParser:0.5955555555555555
HopSymbolTableWalker:0.5233333333333333
CallInfo:0.0
