Kernel32Library:0.49599999999999983
Bootstrap:0.31666666666666665
BytesStreamsTests:0.2833333333333333
StreamOutput:0.23333333333333334
Natives:0.16666666666666666
StreamInput:0.15666666666666668
MemoryBasicInformation:0.012314814814814815
