BindingBuilder:0.7133333333333334
FactoryTest:0.44666666666666666
BoundGenerator:0.21
ServletModule:0.19
AllTests:0.15666666666666668
