ShadowWrangler:0.4533333333333333
ShadowMap:0.41
Setup:0.26
RobolectricInternals:0.21
RealApisWithoutDefaults:0.12166666666666667
ShadowTextFoo:0.03333333333333333
ShimmeryShadowPony:0.0
