ShellSlacFrame:0.5166666666666667
LoadAllDocumentAction:0.21
ApplicationLoadRun:0.10333333333333333
StoreAllDocumentAsAction:0.10333333333333333
StoreAllDocumentAction:0.10333333333333333
