WebResponse:0.6047777777777777
WebClient:0.38
StringWebResponse:0.37333333333333335
MockWebConnection:0.27666666666666667
HttpWebConnection:0.24777777777777782
