Meta:0.5833333333333334
TypeModel:0.44666666666666666
Global:0.36
Fields:0.35333333333333333
StringsType:0.34
GrammarVisitor:0.23
Objects:0.23
ConstraintToGroove:0.22
ConfigDialog:0.21
GrooveToGlossary:0.21
MetaToGroove:0.20666666666666667
Configuration:0.19
ObjectFactory:0.18666666666666668
DesignToGroove:0.17666666666666667
GrooveToMeta:0.175
GlossaryToGroove:0.17
Config:0.15333333333333332
Constraints:0.1
InstanceModel:0.06333333333333334
Defaults:0.0
