Context:0.4766666666666667
ViewManager:0.35333333333333333
ContextListener:0.2966666666666667
Back:0.27
EntityView:0.23
EditView:0.22666666666666666
AdvancedEditor:0.22333333333333333
PropertyBean:0.20142857142857143
BeanPanel:0.19
PropertyTableWidget:0.18666666666666668
AbstractChange:0.18166666666666667
ResultWidget:0.17666666666666667
SearchView:0.17333333333333334
ControlCenter:0.17
TreeView:0.16666666666666666
InteractionListener:0.16333333333333333
EditViewFactory:0.16333333333333333
NavigatorView:0.16333333333333333
TimelineView:0.16
Propagate:0.16
Callback:0.15333333333333332
BasicEditor:0.14976190476190476
Content:0.14833333333333334
TableView:0.14333333333333334
ItemList:0.14333333333333334
ContextSelectionEvent:0.12666666666666668
Jump:0.12
OpenForEdit:0.10333333333333333
InteractionHandler:0.09666666666666666
GeoView:0.09333333333333334
ChildrenBean:0.025833333333333333
ParentsBean:0.025833333333333333
FamiliesBean:0.025833333333333333
