BoundedLocalCache:0.6733333333333333
FrequencySketch:0.25666666666666665
HashFunctionParser:0.21666666666666667
