DefinitionModuleImpl:0.7028888888888889
WorkspaceModuleImpl:0.36333333333333334
