ComplexAccessControlSession:0.5543373015873015
EnterpriseEditionEjbBridgeSessionLocal:0.48652777777777784
EnterpriseEditionEjbBridgeSessionBean:0.48652777777777784
ClearCacheCommand:0.35333333333333333
EnterpriseEjbLocalHelper:0.23
ComplexAccessControlSessionBean:0.22
