JCPEditorAppletBugsTest:0.7666666666666667
AbstractAppletTest:0.3466666666666667
