JobCollectContext:0.5533333333333333
JobContextService:0.44
LuceneDocCollectorTest:0.24666666666666667
NodeFetchOperation:0.19
LuceneDocCollectorBenchmark:0.18666666666666668
LocalDataCollectTest:0.18333333333333332
MapSideDataCollectOperation:0.17666666666666667
NodeFetchOperationTest:0.15
Reaper:0.13694444444444445
