EngineFilter:0.7118333333333333
TestEngineStub:0.35333333333333333
DiscoveryFilterTests:0.22333333333333333
