RecordStore:0.5733333333333334
EvictionOperator:0.5066666666666667
AbstractEvictableRecordStore:0.32
AbstractMapAddEntryListenerRequest:0.22
MapEventPublisherImpl:0.21333333333333335
AbstractMapAddEntryListenerMessageTask:0.2
ClientMapEventHandler:0.2
MapListenerAdaptors:0.013333333333333334
