TDBuilder:0.6633333333333333
BatchPresentation:0.5533333333333333
ClassPresentation:0.4266666666666667
ReflectionRowBuilder:0.42
Commons:0.39666666666666667
GroupState:0.36333333333333334
FieldDescriptor:0.3433333333333333
Env:0.2951190476190476
CheckboxTDBuilder:0.29333333333333333
SortingHeaderBuilder:0.2866666666666667
JbpmExecutionServiceBean:0.27666666666666667
JbpmExecutionLogic:0.26666666666666666
TableViewSetupForm:0.25666666666666665
DAOHibernateImpl:0.225
TitledFormTag:0.22166666666666668
TableViewSetupFormActionTest:0.2
JbpmCommonLogic:0.2
BatchPresentationTestHelper:0.195
FilterCriteriaFactory:0.19
SecuredObjectDAOHibernateImpl:0.175
ListExecutorsWithoutPermissionsOnSystemFormTag:0.17333333333333334
ProcessInstanceBaseDateTDBuilder:0.17333333333333334
ListExecutorsWithoutPermissionsOnBotStationFormTag:0.17333333333333334
TaskDetailsTag:0.16666666666666666
ListExecutorsWithoutPermissionsOnDefinitionFormTag:0.16333333333333333
ListExecutorsWithoutPermissionsOnProcessInstanceFormTag:0.16333333333333333
BaseTDBuilder:0.16
HibernateRawFormatter:0.15666666666666668
StringFilterCriteria:0.15666666666666668
DefaultBatchPresentationFactory:0.15333333333333332
ListProcessesDefinitionsFormTag:0.14333333333333334
PrepertyTDBuilder:0.12333333333333334
BatchPresentationHibernateCompiler:0.12
TaskProcessDefinitionTDBuilder:0.11666666666666667
ListExecutorsBaseFormTag:0.11666666666666667
ListTasksFormTag:0.11666666666666667
TableViewSetupFormTag:0.11666666666666667
BatchPresentationComparator:0.11333333333333333
RedeployProcessTDBuilder:0.11
AssignmentHandler:0.11
WFClassPresentationFinder:0.11
IdentifiableCheckboxTDBuilder:0.10666666666666667
TableViewSetupFormAction:0.10666666666666667
DescriptionProcessTDBuilder:0.10666666666666667
ListProcessesInstancesFormTag:0.10333333333333333
ListAllExecutorsFormTag:0.10333333333333333
DynamicField:0.09
ProcessInstanceEndDateTDBuilder:0.09
ProcessInstanceStartDateTDBuilder:0.09
AFClassPresentationFinder:0.09
TaskRoleTDBuilder:0.08666666666666667
FilterParserImpl:0.08333333333333333
ProcessInstanceClassPresentation:0.08333333333333333
TaskClassPresentation:0.08333333333333333
TaskVariableTDBuilder:0.08
ProcessDefinitionClassPresentation:0.07666666666666666
StartProcessTDBuilder:0.07666666666666666
ExecutorClassPresentation:0.07666666666666666
AssignTaskCheckboxTDBuilder:0.075
TaskProcessInstanceIdTDBuilder:0.06666666666666667
TaskOwnerTDBuilder:0.06666666666666667
AllEnabledIdentifiableCheckboxTDBuilder:0.06166666666666667
PropertiesProcessTDBuilder:0.05
EnvImpl:0.025
ProcessInstanceVariableTDBuilder:0.023333333333333334
TypeProcessTDBuilder:0.023333333333333334
VariableDBSource:0.02
