Keys:0.8833333333333333
XUnusedRecord:0.27666666666666667
TTriggers:0.23333333333333334
TBook:0.22333333333333333
TBookToBookStoreRecord:0.20333333333333334
TBookToBookStore:0.15333333333333332
XTestCase_85:0.15
XTestCase_71:0.15
T_986_2:0.15
T_986_1:0.15
XTestCase_64_69:0.15
TAuthor:0.14333333333333334
TLanguage:0.14333333333333334
TDates:0.14333333333333334
T_639NumbersTable:0.14333333333333334
TExoticTypes:0.14333333333333334
T_725LobTest:0.14333333333333334
TBooleans:0.14333333333333334
TBookStore:0.14
XUnused:0.13
UniqueKeys0:0.0
