AtmosphereResource:0.8233333333333334
AtmosphereResourceEvent:0.6853333333333333
AtmosphereResourceImpl:0.4033333333333333
AtmosphereResourceEventImpl:0.3566666666666667
WebSocketProcessorTest:0.32
