ValidatorBase:0.5833333333333334
AnimationHandler:0.4066666666666667
JFXTextAreaSkin:0.36333333333333334
JFXAnimationTimer:0.19
