Aeron:0.4766666666666667
TestUtil:0.31666666666666665
MediaDriver:0.2866666666666667
ArchiverSystemTest:0.27
ArchiveRecordingLoadTest:0.23
Archiver:0.20416666666666666
ArchiveReplayLoadTest:0.13666666666666666
