XMPPChatTransmitter:0.36
OutgoingInvitationProcess:0.3433333333333333
InvitationProcess:0.33
ITransmitter:0.26916666666666667
IncomingInvitationProcess:0.2213888888888889
FileTransferProgressMonitor:0.18
Transmitter:0.17055555555555554
