TinyCacheSketch:0.37333333333333335
TinyLfu:0.31666666666666665
HashFunctionParser:0.26666666666666666
PolicyBuilder:0.26666666666666666
HashedItem:0.16
