URL:0.66
ZookeeperRegistry:0.34
RpcConstants:0.32022222222222224
MulticastRegistry:0.31666666666666665
RpcStatus:0.21777777777777782
AbstractRegistry:0.19666666666666666
EnumBak:0.19333333333333333
DubboRegistry:0.16666666666666666
MulticastRegistryTest:0.14
AbstractMonitorFactroy:0.13666666666666666
MonitorFilter:0.11333333333333333
ServicePageHandler:0.09
MulticastRegistryFactory:0.006666666666666667
