AtmosphereResourceImpl:0.5766666666666667
DefaultBroadcaster:0.5633333333333334
Meteor:0.39
AsynchronousProcessor:0.21333333333333335
TomcatCometSupport:0.20333333333333334
