DbOrmManager:0.5066666666666667
DbEntityDescriptor:0.4633333333333333
DbNameUtil:0.4166666666666667
DbNameUtilTest:0.39
DbMetaUtil:0.2866666666666667
