PageConfig:0.44333333333333336
Filter:0.35
MercurialRepository:0.2733333333333333
DirectoryListingTest:0.25333333333333335
DirectoryListing:0.24277777777777781
FileEntry:0.21
IgnoredNamesTest:0.14666666666666667
