InvocationHandlerAdapter:0.5466666666666666
Appender:0.4126666666666667
