Neuron:0.5233333333333333
Weight:0.41333333333333333
Layer:0.38666666666666666
NeuralNetwork:0.30333333333333334
NeuronTest:0.19
LayerTest:0.18666666666666668
NeuralNetworkTest:0.14333333333333334
Test:0.0033333333333333335
