MessageProducerImpl:0.3466666666666667
VertxImpl:0.27166666666666667
NetTest:0.27
HandlerRegistration:0.2633333333333333
EventBus:0.23666666666666666
MessageProducer:0.23644444444444446
ClusteredMessage:0.23
ClusteredEventBus:0.21333333333333335
