RoutingTable:0.58
DiscoveryNodes:0.48333333333333334
AllocationCommandsTests:0.26666666666666666
ClusterRerouteIT:0.24
PrimaryAllocationIT:0.13
