TinyMCEDlg:0.4633333333333333
GwtTeaming:0.46216666666666667
EditBrandingDlg:0.37333333333333335
