CSValidator:0.4866666666666667
Validators:0.36
CRSValidator:0.33
NameValidator:0.29
DatumValidator:0.29
Assert:0.24666666666666667
Validator:0.20666666666666667
NameTest:0.19666666666666666
ReferencingValidator:0.19666666666666666
GeometryValidator:0.18666666666666668
ParameterValidator:0.043333333333333335
