HtmlPage:0.52
Element:0.38333333333333336
HTMLElement:0.37333333333333335
HTMLDocument:0.24333333333333335
HTMLFormElement:0.23444444444444448
