JPPFNode:0.5733333333333334
TestTaskRunner:0.37666666666666665
TimeoutTask:0.3333333333333333
NodeExecutionManager:0.30333333333333334
