FilmSessionService:0.58
PrintScpService:0.3933333333333333
FilmBoxService:0.2266666666666667
ImageBoxService:0.20666666666666667
PrinterService:0.18666666666666668
