Transaction:0.58
BitcoinSerializerTest:0.28
GetBlocksMessage:0.24500000000000005
AlertMessage:0.24333333333333335
DerbyBlockStore:0.24222222222222223
LazyParseByteCacheTest:0.20333333333333334
