DemoService:0.6672380952380952
JavaObjectOutput:0.45
JavaObjectInput:0.44666666666666666
User:0.32166666666666666
UnserializableBoxDemoServiceImpl:0.27666666666666667
DemoServiceImpl_LongWaiting:0.27666666666666667
GenericServiceTest:0.15333333333333332
DemoServiceImpl:0.15
GenericFilter:0.056666666666666664
