DocumentManager:0.78
ScaleUpdater:0.27666666666666667
ScaleBarUpdater:0.25666666666666665
SimplifyingJava2DConverter:0.23
