Configuration:0.7433333333333333
ConfigurationInterceptor:0.31333333333333335
DetailsInterceptor:0.30161111111111105
