JniGenSharedLibraryLoader:0.38333333333333336
BuildTarget:0.32416666666666666
AntScriptGenerator:0.3
SharedLibraryFinder:0.17333333333333334
