SimpleStepFactoryBean:0.5833333333333334
AbstractStepFactoryBean:0.43333333333333335
RepeatOperationsStepFactoryBean:0.38666666666666666
