Configuration:0.5166666666666667
ModelViewGenerator:0.43666666666666665
ModelServiceGenerator:0.35
RestrictedCodeUtils:0.27
