CsvUtils:0.7633333333333333
DataService:0.33666666666666667
DataExtractorService:0.22333333333333333
CsvExtractor13:0.17
CsvExtractor14:0.17
CsvExtractor10:0.16
CsvExtractor16:0.09666666666666666
StreamSQLDataCommand:0.09
StreamCreateDataCommand:0.09
StreamInsertDataCommand:0.09
StreamUpdateDataCommand:0.09
StreamDeleteDataCommand:0.09
CsvExtractor:0.05
