IosHttpURLConnection:0.43666666666666665
URLConnectionTest:0.43111111111111117
IosX509Certificate:0.38666666666666666
IosHttpsURLConnection:0.32
