Field:0.8666666666666667
AbstractField:0.34
jOOQAbstractTest:0.30333333333333334
