ImportParWizard:0.44666666666666666
ImportParWizardPage:0.44
ProjectFinder:0.38
ExportParWizardPage:0.26
ValidationUtil:0.24361111111111114
PrefixedArchiveFileExportOperation:0.2186111111111111
XSNFormType:0.13
