Printer:0.6866666666666666
GCodeStepperMotor:0.31777777777777777
LayerProducer:0.29
GCodeRepRap:0.29
GenericRepRap:0.26666666666666666
Producer:0.2633333333333333
StepperPositionJPanel:0.22333333333333333
Simulator:0.21
XYZTabPanel:0.19666666666666666
SNAPReprap:0.18
