Json:0.5566666666666666
JacksonMessageBodyProvider:0.37
SnakeCaseExample:0.28404761904761905
ConfigurationFactory:0.18
JsonHelpers:0.17333333333333334
JsonTest:0.12333333333333334
