ParsedReaderResultType:0.5819444444444444
ParsedReaderResult:0.35333333333333333
ZXingMIDlet:0.29333333333333333
ParsedReaderResultTestCase:0.25666666666666665
BarcodeReaderCaptureActivity:0.22666666666666666
ResultHandler:0.17805555555555558
