TestHTTPStatusCodes:0.41333333333333333
FedoraAccessServlet:0.37666666666666665
RootException:0.328
DefaultAccess:0.26666666666666666
GetObjectHistoryServlet:0.25666666666666665
TrippiServlet:0.25333333333333335
GetNextPIDServlet:0.20333333333333334
RISearchServlet:0.20333333333333334
TestHTTPStatusCodesConfigB:0.19666666666666666
FilterSetup:0.185
AllSystemTestsConfigA:0.17666666666666667
ListMethodsServlet:0.15666666666666668
AllCommonSystemTests:0.15666666666666668
ListDatastreamsServlet:0.14666666666666667
FieldSearchServlet:0.13666666666666666
ServiceMethodDispatcher:0.09333333333333334
AllSystemTestsConfigB:0.08755555555555555
NotFound404Exception:0.07
