Builder:0.8416666666666667
BaseUpdater:0.31666666666666665
TestDecayPolicies:0.14333333333333334
