SIPContent:0.615
METSReader:0.44333333333333336
FileBasedSIPContent:0.3
MemoryTreeNode:0.16666666666666666
ResolverBasedSIPContent:0.16666666666666666
TreeNode:0.11888888888888888
