AuthorityUtils:0.6569444444444444
SecurityExpressionHandler:0.25666666666666665
