DefaultAppCore:0.6233333333333333
WebApplicationStarter:0.5033333333333333
