TransactionDriverControlImpl:0.41333333333333333
AbstractBasicJtaTestScenarios:0.27666666666666667
TransactionImpl:0.24
BasicJdbcTransactionTests:0.17333333333333334
SynchronizationRegistryStandardImplTests:0.13666666666666666
