WeightLookupTable:0.31916666666666665
BarnesHutTsne:0.31
InMemoryLookupTable:0.2966666666666667
Builder:0.2956666666666667
Tsne:0.27166666666666667
BarnesHutTsneTest:0.13666666666666666
Word2VecVisualizationTests:0.11333333333333333
ApiTest:0.10333333333333333
