HttpRequest:0.8333333333333334
HttpRequestTest:0.4866666666666667
ServerTestCase:0.2633333333333333
