UpTimer:0.6566666666666666
MasterClock:0.5166666666666667
