Parallelogram:0.7733333333333333
Patch:0.4066666666666667
