AgentBased:0.4922222222222223
AgentBuilderDefaultApplicationTest:0.4105555555555555
LambdaCreator:0.39666666666666667
