Config:0.8266666666666667
Logger:0.21666666666666667
