Publication:0.7133333333333334
PublicationTest:0.44666666666666666
ClientConductor:0.4033333333333333
