WebKeys:0.7930555555555554
AjaxController:0.3933333333333333
EventsViewHelper:0.36666666666666664
CalendarViewRangeDates:0.17111111111111113
