HeaderFlyweight:0.5166666666666667
ReceiverThreadTest:0.2866666666666667
FlyweightTest:0.2866666666666667
DataHeaderFlyweight:0.19333333333333333
