Definition:0.9066666666666666
BinderHelper:0.5966666666666667
ListFolderController:0.31333333333333335
ListProfilesController:0.18333333333333332
ViewEntryController:0.17666666666666667
