ATI_text_fragment_shader:0.7136111111111111
ContextCapabilities:0.67
ATITextFragmentShader:0.5612142857142858
