Mvcs:0.9166666666666666
SessionInjector:0.16333333333333333
AbstractPathView:0.15
Uploads:0.14666666666666667
CheckSession:0.14333333333333334
ModuleProcessor:0.14333333333333334
AllAttrInjector:0.14333333333333334
SessionAttrInjector:0.14333333333333334
