ShaderProgram:0.5133333333333333
StatusManager:0.35
NativeCodeGenerator:0.3433333333333333
Bob:0.2545
Cube:0.24783333333333332
SimpleButton:0.22333333333333333
