TypeDescription:0.75
Default:0.46
LazyTypeDescription:0.24333333333333335
ForLoadedType:0.22666666666666666
AbstractTypeDescriptionTest:0.22333333333333333
TypeExtractor:0.21333333333333335
ForPackageDescription:0.20333333333333334
InstrumentedTypeTest:0.20333333333333334
ArrayProjection:0.19833333333333333
RebaseDynamicTypeBuilder:0.18666666666666668
RedefinitionDynamicTypeBuilder:0.18666666666666668
Latent:0.17333333333333334
TypeDescriptionLatentTest:0.16333333333333333
