MultiLingualIndexSupport:0.5033333333333333
LuceneSearcher:0.35333333333333333
SearchManager:0.2833333333333333
XslUtil:0.26
