RosterViewComponent:0.7133333333333334
SarosState:0.65
TestHandleContacts:0.31666666666666665
RosterViewComponentImp:0.30666666666666664
InitMusician:0.2511111111111111
SarosStateImp:0.23666666666666666
Musician:0.18666666666666668
TestChangingNameInRosterView:0.05333333333333334
