StructureTableEntry:0.55
StructureTablePage:0.31
StructureEntitySelection:0.24666666666666667
SDFEditor:0.23333333333333334
