JedisCluster:0.7266666666666667
BinaryJedisCluster:0.33666666666666667
JedisClusterInfoCache:0.27666666666666667
JedisClusterConnectionHandler:0.20666666666666667
JedisSlotBasedConnectionHandler:0.16833333333333333
