VariableDeclaration:0.6266666666666667
VariableDeclarationFragment:0.36583333333333334
StatementGenerator:0.3233333333333333
DebugASTPrinter:0.29
TreeConverter:0.27666666666666667
SingleVariableDeclaration:0.2733333333333333
DebugASTDump:0.2633333333333333
AnonymousClassConverterTest:0.20666666666666667
DeadCodeEliminator:0.11
SwitchRewriter:0.11
