WebSocketImpl:0.9016666666666666
WebSocketAdapter:0.25333333333333335
