GoodRoot:0.5483333333333333
PluginInfo:0.44
ChildInfo:0.36
AttributeInfo:0.34
MemberInfo:0.305
CruiseControlMBean:0.2833333333333333
CompositeBuilder:0.27
CMSynergy:0.26
CruiseControlControllerJMXAdaptor:0.20277777777777778
ConfigHtmlGeneratorTest:0.19333333333333333
PluginInfoTest:0.17
CruiseControlControllerJMXAdaptorTest:0.16666666666666666
PluginInfoParser:0.15
ChildInfoTest:0.13666666666666666
AttributeInfoTest:0.12666666666666668
CruiseControlControllerJMXAdaptorGendocTest:0.05
OperationFailedException:0.0025
