JavaGenerator:0.6666666666666666
Generator:0.5961666666666666
GenerationTool:0.33444444444444443
AbstractGenerator:0.24
