IMap:0.8366666666666667
QueryTest:0.43333333333333335
MapProxyImpl:0.3566666666666667
ClientMapProxy:0.3233333333333333
