MockFlowArtifactFactory:0.5408333333333334
SearchFlowExecutionTests:0.38666666666666666
SellItemFlowExecutionTests:0.35
