Feature:0.5551111111111112
FeatureCollection:0.5401031746031747
AttributeFactory:0.44333333333333336
ProgressListener:0.18111111111111108
FeatureEvent:0.16
BackingStoreException:0.13333333333333333
SimpleFeatureFactory:0.08738888888888888
DataFeatureCollection:0.04666666666666667
FeatureListener:0.04666666666666667
FeatureVisitor:0.03
