CA:0.7066666666666667
TestExtendedCAService:0.29333333333333333
CaSessionTest:0.21333333333333335
TestExtendedCAServiceInfo:0.19333333333333333
CaSessionTestBase:0.11666666666666667
TestExtendedCAServiceResponse:0.10838095238095237
