AzureStorageServiceMock:0.51
FsBlobContainer:0.37
HdfsBlobContainer:0.27666666666666667
HdfsBlobStoreContainerTests:0.18666666666666668
