ResultHandlerTest:0.6566666666666666
ValidatableMockMvcResponse:0.5638055555555556
ValidatableMockMvcResponseImpl:0.35333333333333333
