IncomingInvitationProcess:0.6666666666666666
ISessionManager:0.6130555555555556
SessionManager:0.38333333333333336
