NetworkConfig:0.8166666666666667
DefaultAddressPicker:0.5633333333333334
DefaultNodeContext:0.15483333333333335
