NeuralNetwork:0.67
Builder:0.5933333333333334
DeepAutoEncoder:0.4633333333333333
DataSet:0.4033333333333333
BaseNeuralNetwork:0.33666666666666667
MasterActor:0.14333333333333334
DeepAutoEncoderSDA:0.08
DeepAutoEncoderExample:0.0225
MovingWindowSingleThreaded:0.0225
DeepAutoEncoderFromFile:0.015833333333333335
DeepAutoEncoderTest:0.013333333333333334
