SeqFeatureI:0.7333333333333333
FeatureSetI:0.6833333333333333
SequenceI:0.5933333333333334
ApolloDataAdapterI:0.56
SeqFeature:0.5166666666666667
Sequence:0.5133333333333333
FeatureSet:0.5
Config:0.5
Controller:0.4866666666666667
Transcript:0.46
FeaturePairI:0.45
Tier:0.44333333333333336
CurationSet:0.44333333333333336
Selection:0.43666666666666665
Gene:0.43
ExonI:0.42033333333333334
FeaturePair:0.4166666666666667
PropertyScheme:0.41333333333333333
GAMEAdapter:0.3933333333333333
FeatureProperty:0.38333333333333336
ApolloFrame:0.37666666666666665
TierManager:0.3566666666666667
TierProperty:0.34
Identifier:0.31166666666666665
DummySequenceAdapter:0.30666666666666664
Transformer:0.30666666666666664
GenericAnnotationSet:0.30333333333333334
Exon:0.29
StrandedFeatureSet:0.2866666666666667
FeatureEditorDialog:0.2866666666666667
SequenceTextPanel:0.2866666666666667
GenericAnnotationSetI:0.2834523809523809
GFFAdapter:0.28
AnnotationEditor:0.28
PropertyPanel:0.27666666666666667
GenericAnnotation:0.27
FeatureTreePanel:0.27
TypePanel:0.2633333333333333
AlignmentViewer:0.2633333333333333
FastaFile:0.26
CORBAAdapter:0.26
SerialDiskAdapter:0.25666666666666665
SwingMissingUtil:0.25333333333333335
SeqFeatureUtil:0.25333333333333335
FindPanel:0.25
DetailInfo:0.23666666666666666
GenbankAdapter:0.23333333333333334
EfetchSequenceAdapter:0.23
SeqAnalysisGUI:0.2253333333333333
CORBAAdapterGUI:0.22333333333333333
AminoAcidIcon:0.22333333333333333
SeqAnalysisLocal:0.22
BookmarkMenu:0.21666666666666667
SelectionSet:0.21333333333333335
ApolloNameAdapterI:0.2105952380952381
TestRunner:0.21
FilteredFeatureModel:0.21
CommentEditPanel:0.20833333333333334
ResultAlignmentRenderer:0.20666666666666667
EvidencePanel:0.20333333333333334
AnnotationChangeLog:0.2
FileParse:0.2
ExpandableFeatureSet:0.2
GenericFileAdapterGUI:0.2
ControlledObjectI:0.19333333333333333
ControlledWindow:0.19
SeqAnalysisBase:0.18666666666666668
DisplayTool:0.18666666666666668
TranscriptEditPanel:0.18666666666666668
DetailRange:0.18333333333333332
PlainSequenceRenderer:0.18333333333333332
FlyNameAdapter:0.18333333333333332
WindowMenu:0.18
AlignmentViewerRowHeader:0.17777777777777778
TranscriptMenu:0.17777777777777778
GAMEAdapterGUI:0.17666666666666667
ViewMenu:0.17666666666666667
TreeMenu:0.17333333333333334
SeqMatchPanel:0.17333333333333334
FileMenu:0.17333333333333334
SetDetailPanel:0.17
AnnotationAlignmentRenderer:0.17
RowLabel:0.16666666666666666
DataLoader:0.16666666666666666
HistoryItemListener:0.16333333333333333
SeqAnalysisBDGP:0.16333333333333333
NumberColumnHeader:0.16333333333333333
AnnotationMenu:0.16
SeqAnalysisNCBI:0.16
SeqAnalysisRemote:0.16
SequenceRenderer:0.15666666666666668
GenbankAdapterGUI:0.15
PropertyMenu:0.15
SortMouseListener:0.14833333333333334
SelectionItem:0.14666666666666667
FeatureSelectionEvent:0.14666666666666667
MegaComparator:0.14333333333333334
TypesObserver:0.14333333333333334
GFFFile:0.13666666666666666
SeqMatchTableListener:0.13333333333333333
ShowMenu:0.13333333333333333
RowSelectionListener:0.13
AnnotationChangeCoalescer:0.12666666666666668
StatusBar:0.12166666666666667
GFFAdapterGUI:0.12
TablePanel:0.11333333333333333
ApolloFeatureSelectionListener:0.10333333333333333
FocusMenuListener:0.1
BaseFocusEvent:0.1
TestUI:0.1
ControlledPanel:0.09666666666666666
BaseValidator:0.09333333333333334
HelpMenu:0.085
ApolloFrameManager:0.085
AutoSaveThread:0.07333333333333333
removeBookmarkListener:0.07333333333333333
EditMenu:0.06666666666666667
ReturnCommit:0.0425
StatusPane:0.04
addBookmarkListener:0.03333333333333333
MenuActionListener:0.03
MenuManager:0.016666666666666666
ClearOutDataListener:0.0033333333333333335
ItemWindowListener:0.0033333333333333335
MaxRowListener:0.0025
