RestMethodInfoTest:0.6303333333333333
UrlConnectionClient:0.37666666666666665
UrlConnectionClientTest:0.26666666666666666
