GeoLocation:0.75
GeoView:0.36666666666666664
GeoService:0.23333333333333334
