StudyTableModel:0.4533333333333333
FinishedStudyListPanel:0.22666666666666666
OngoingStudyListPanel:0.22666666666666666
StudyDetailPanel:0.13166666666666665
ScienceWindow:0.09666666666666666
