TreeMap:0.47333333333333333
HashMap:0.45666666666666667
LinkedHashMap:0.443
HashMapTest:0.23333333333333334
TreeMapTest:0.18666666666666668
LinkedHashMapTest:0.18666666666666668
AbstractMapTest:0.185
