GwtTeamingMessages:0.6722222222222223
ConfigureUserMobileAppsDlg:0.37333333333333335
GetUserMobileAppsConfigCmd:0.30666666666666664
DlgBox:0.26666666666666666
AdminControl:0.25333333333333335
GwtRpcServiceImpl:0.23333333333333334
GwtServerHelper:0.21
ConfigureMobileAppsDlg:0.20666666666666667
SaveUserMobileAppsConfigRpcResponseData:0.06333333333333334
ObjectKeys:0.04
SaveUserMobileAppsConfigCmd:0.03
