AggregationNode:0.4
HashAggregationOperator:0.3933333333333333
HashAggregationOperatorFactory:0.38666666666666666
TestHashAggregationOperator:0.24
