ComputationGraph:0.57
VariationalAutoencoder:0.41
IteratorDataSetIterator:0.25333333333333335
PathSparkDataSetIterator:0.21611111111111114
ComputationGraphUtil:0.21222222222222223
TestSparkMultiLayerParameterAveraging:0.10333333333333333
