FaultMessageResolver:0.56
WebServiceTemplate:0.55
WebServiceConnection:0.47
HttpServletConnection:0.38
DomPoxMessage:0.35333333333333333
DomPoxMessageFactory:0.31666666666666665
MessageDispatcher:0.2818888888888889
WebServiceMessageCallbackMessageExtractor:0.2633333333333333
SimpleSaajServlet:0.24666666666666667
SaajSoapMessageFactory:0.2446666666666667
MessageDispatcherServlet:0.24
CommonsHttpConnection:0.23666666666666666
WebServiceTemplateTest:0.23333333333333334
WebServiceGatewaySupport:0.23
HttpUrlConnection:0.22333333333333333
DefaultStrategiesHelper:0.21333333333333335
WebServiceAccessor:0.19666666666666666
AbstractEndpointMapping:0.19666666666666666
AbstractHttpSenderConnection:0.16333333333333333
WebServiceTemplateIntegrationTest:0.14666666666666667
WebServiceMessageReceiverObjectSupport:0.12333333333333334
AbstractSoapServlet:0.11666666666666667
DomPoxMessageTest:0.1
SimpleFaultMessageResolverTest:0.08972222222222222
WebServiceMessageCallback:0.08666666666666667
DomPoxMessageFactoryTest:0.08
WebServiceFaultException:0.07333333333333333
SoapFaultServlet:0.03333333333333333
NoResponseSoapServlet:0.017388888888888888
EchoSoapServlet:0.017388888888888888
SoapFaultClientException:0.016666666666666666
PoxServlet:0.006666666666666667
SoapActionCallback:0.006666666666666667
SoapFaultMessageResolver:0.0
SimpleFaultMessageResolver:0.0
ErrorServlet:0.0
