AlarmDaoJdbc:0.5133333333333333
LazyOutage:0.33666666666666667
JdbcDaoTestConfig:0.29
AlarmSaveOrUpdate:0.18
AlarmMappingQuery:0.14666666666666667
AssetRecordDaoTest:0.1
AlarmDaoTest:0.08
