BeanMethod:0.5333333333333333
ConfigurationClass:0.38333333333333336
JavaConfigurationModel:0.31666666666666665
JavaConfigurationModelPopulatorTests:0.25333333333333335
AsmJavaConfigBeanDefinitionReader:0.15666666666666668
ValidationErrors:0.15033333333333335
BeanDefinitionJavaConfigurationModelRenderer:0.13
JavaConfigurationModel_EquivalenceTests:0.023333333333333334
JavaConfigurationModel_ValidationTests:0.01972222222222222
