IBioObject:0.6466666666666666
BioObject:0.53
BioList:0.4266666666666667
BioListTest:0.30333333333333334
ScriptGenerationTests:0.26666666666666666
MethodRecord:0.17694444444444443
TestBioObject:0.07666666666666666
TestObject:0.07666666666666666
