RedisClientConfig:0.6866666666666666
RedisClient:0.37333333333333335
MasterSlaveConnectionManager:0.31666666666666665
BaseConnectionHandler:0.19333333333333333
BaseConfig:0.12666666666666668
