AggregateStatusService:0.5908095238095239
DefaultAggregateStatusService:0.44666666666666666
DefaultAggregateServiceIntegrationTest:0.22333333333333333
AggregateStatusController:0.21
DefaultAggregateStatusServiceTest:0.15666666666666668
DefaultSurveillanceServiceTest:0.056666666666666664
