WidgetFactory:0.48
MonitoringAttributes:0.4533333333333333
QueuedMessageFilter:0.4266666666666667
AbstractMonitoringPropertiesPage:0.27666666666666667
QueuedMessageFilterStringEditPaneDelegate:0.16
MessageHandler:0.10666666666666667
