GeoMap:0.6666666666666666
GeoService:0.24
GeoView:0.23666666666666666
GeoViewFactory:0.06666666666666667
