ClientConnectionManagerImpl:0.42333333333333334
ClientEngineImpl:0.4033333333333333
DestroyEndpointTask:0.29
ClusterListenerSupport:0.23833333333333334
AuthenticationFuture:0.23666666666666666
ClientReAuthOperation:0.23333333333333334
Heartbeat:0.2
AuthenticationBaseMessageTask:0.19333333333333333
ConnectionListenerImpl:0.19
ConcurrencyUtil:0.1761111111111111
InitConnectionTask:0.15
ReAuthenticationOperationSupplier:0.12666666666666668
ClientHeartbeatTest:0.04666666666666667
