TypeFilter:0.735
PropertySource:0.27199999999999996
MethodVisitorSupport:0.25333333333333335
ConfigurationClassScanningBeanDefinitionReader:0.21333333333333335
DependencyAnalyzer:0.19666666666666666
AnnotationVisitorSupport:0.15333333333333332
PropertyDefinitionException:0.13
ConfigurationSupport:0.12666666666666668
AbstractAnnotationApplicationContext:0.1
AbstractClassScanningBeanDefinitionReader:0.09666666666666666
DelegatingTargetSource:0.08666666666666667
ClassListBuilder:0.07333333333333333
ClassVisitorSupport:0.07166666666666667
AbstractHibernateConfiguration:0.04
AnnotationTypeFilter:0.021111111111111112
LocalHelper:0.02
AnnotationApplicationContext:0.016666666666666666
PropertiesPropertySource:0.008333333333333333
AbstractClassTestingTypeFilter:0.006666666666666667
AbstractPropertySource:0.006666666666666667
AbstractAsmClassScanningBeanDefinitionReader:0.0033333333333333335
CompositePropertySource:0.0033333333333333335
AbstractTransactionalConfiguration:0.0
MvcHelper:0.0
TypePatternTypeFilter:0.0
AnnotationHandlerMapping:0.0
AbstractStringBasedPropertySource:0.0
BeanFindingClassScanningBeanDefinitionReader:0.0
J2eeHelper:0.0
AbstractMvcConfiguration:0.0
AssignableTypeFilter:0.0
