ClientEndpoint:0.6233333333333333
TestApp:0.5772222222222222
RemoveListenerHandler:0.20346031746031742
