LexerATNFactory:0.5133333333333333
SymbolChecks:0.39
TestToolSyntaxErrors:0.35
TestSymbolIssues:0.27666666666666667
SemanticPipeline:0.20333333333333334
