BasicInvocation:0.5133333333333333
BasicOperationService:0.43
BasicInvocationFuture:0.24055555555555558
ClientNetworkConfig:0.2275
HttpPostCommand:0.19
