AbstractAuthenticationHandler:0.8083333333333333
CasGenericConfiguration:0.6842777777777777
