TribeClientNode:0.5433333333333333
TribeService:0.46
TribeUnitTests:0.36333333333333334
