GenerateLatexTest:0.5233333333333333
CheckLogicTest:0.4266666666666667
DefaultQedeqBo2Test:0.26666666666666666
