Connection:0.5333333333333333
Case:0.49
MockWebServer:0.36
Story:0.2633333333333333
HeadersTest:0.25666666666666665
ConnectionPool:0.21777777777777782
HpackJsonUtil:0.12333333333333334
FramedSocketHandler:0.1
HpackDecodeInteropTest:0.07333333333333333
HpackRoundTripTest:0.0638888888888889
HpackDecodeTestBase:0.013333333333333334
