Util:0.6233333333333333
Header:0.4033333333333333
NamedRunnable:0.3277777777777778
Builder:0.2833333333333333
URLConnectionTest:0.27
Reader:0.2633333333333333
WebSocketWriterTest:0.22666666666666666
FramedConnection:0.22
CallTest:0.21666666666666667
MockWebServer:0.20666666666666667
Main:0.20333333333333334
WebSocketReaderTest:0.19333333333333333
StreamWebSocket:0.17
MockWebServerTest:0.17
WebPlatformUrlTestData:0.15
UrlComponentEncodingTester:0.15
RecordingProxySelector:0.14666666666666667
