ConnectionManager:0.655
Node:0.37666666666666665
SocketConnector:0.2733333333333333
AddressUtil:0.24611111111111109
