AbstractApertureInOsgiTest:0.6566666666666666
TestBasicSubCrawlerHandler:0.20666666666666667
FileRemoverMojo:0.09799999999999999
