BaseTest:0.31666666666666665
TestLexerExec:0.30666666666666664
TestATNLexerInterpreter:0.27
TestATNSerialization:0.24
TestATNDeserialization:0.20666666666666667
