Interner:0.801
ELFAnalyzer:0.676111111111111
CVSRepository:0.48333333333333334
