BuildCommand:0.8933333333333333
BuildCommandTest:0.20666666666666667
