Markdowns:0.5133333333333333
CommentQueryService:0.42333333333333334
Common:0.25665079365079363
UserProcessor:0.08
FollowQueryService:0.05333333333333334
