ImagePanel:0.5522222222222222
WindowingPanelLoader:0.42333333333333334
WindowingImagePanel:0.32
SettingsDialog:0.28777777777777774
Thumbnail:0.23666666666666666
ApplicationFacade:0.16111111111111115
