SWDownloadFile:0.58
SWDownloadCandidate:0.5433333333333333
SWDownloadSet:0.37305555555555553
SWDownloadWorker:0.29333333333333333
