GlobalConfiguration:0.42333333333333334
MetadataTools:0.3433333333333333
RevisionInfoConfiguration:0.2833333333333333
ValidityAuditStrategyRevEndTsTest:0.25666666666666665
AbstractEntityManagerTest:0.25666666666666665
BaseEnversJPAFunctionalTestCase:0.23666666666666666
AbstractOneSessionTest:0.22
JtaTransaction:0.21666666666666667
BaseEnversFunctionalTestCase:0.2
TestTools:0.11
