MaxAggregationFunction:0.43333333333333335
MinAggregationFunction:0.43333333333333335
