RuntimeEnvironment:0.5066666666666667
LineHighlight:0.2966666666666667
QueryBuilder:0.26666666666666666
StrictLineBreakIterator:0.24333333333333335
ContextFormatter:0.23
Context:0.21666666666666667
FormattedLines:0.2
ContextArgs:0.18333333333333332
PassageConverter:0.1811111111111111
OGKUnifiedHighlighter:0.11
