DomNode:0.7266666666666667
Node:0.6166666666666667
NodeTest:0.24333333333333335
