IndexShard:0.6466666666666666
IndicesService:0.29333333333333333
ShardRequestCache:0.20666666666666667
SearchService:0.2013888888888889
IndexStatsIT:0.19666666666666666
IndexShardCacheEntity:0.19333333333333333
TransportClearIndicesCacheAction:0.14666666666666667
CacheCleaner:0.06666666666666667
