DataHandler:0.8233333333333334
AnsiDataHandler:0.44333333333333336
MoveServlet:0.37
