IMetaPropertyFormatter:0.6515555555555554
BooleanListFormatter:0.4166666666666667
WebEditors:0.36
InvoiceTest:0.30666666666666664
MetaEditor:0.3
ProductTest:0.2833333333333333
CarrierWithSectionsTest:0.26666666666666666
Product5Test:0.23333333333333334
Invoice5Test:0.15
DebtTest:0.13
BooleanIconListFormatter:0.006666666666666667
