EventBus:0.78
BackgroundPoster:0.1866666666666667
AsyncPoster:0.1866666666666667
EventBusSubscriberExceptionTest:0.14666666666666667
EventBusMethodModifiersTest:0.12666666666666668
SubscriberMethodFinder:0.12333333333333334
AbstractEventBusTest:0.11333333333333333
EventBusNoSubscriberEventTest:0.11333333333333333
