ReceiveChannelEndpoint:0.5733333333333334
SendChannelEndpoint:0.4066666666666667
DriverConductor:0.36666666666666664
DataPacketDispatcher:0.28
SelectorAndTransportTest:0.09666666666666666
DataPacketHandler:0.036166666666666666
SetupMessageHandler:0.036166666666666666
