Geonetwork:0.44666666666666666
SettingManager:0.4166666666666667
Geonet:0.32777777777777783
ObjectInfo:0.10838095238095237
DbLib:0.04666666666666667
TextLib:0.03333333333333333
Lib:0.016666666666666666
AddDefault:0.008888888888888889
ServerLib:0.0
