Times:0.3466666666666667
Castors:0.29333333333333333
DerbyJdbcExpert:0.23666666666666666
CodeAnalysisResult:0.22666666666666666
CastorTest:0.21666666666666667
RingItem:0.21
Dummy:0.18333333333333332
UploadingUnitTest:0.12
BufferRingTest:0.06
