Tab:0.6133333333333333
XavaPreferences:0.51
ReportParametersProviderFactory:0.35
IReportParametersProvider:0.3027420634920635
CommunityTest:0.22
GenerateReportServlet:0.15666666666666668
Invoice3Test:0.15666666666666668
DefaultReportParametersProvider:0.03
