AdminModule:0.8266666666666667
AbstractAdminModule:0.4166666666666667
FileVersionAging:0.3444444444444445
GwtServerHelper:0.29333333333333333
DefaultFileVersionAgingDelete:0.09333333333333334
ConfigureFileVersionAgingJobController:0.049166666666666664
WebKeys:0.03
