AuditMetadataGenerator:0.7146666666666667
RevisionInfoConfiguration:0.6144444444444445
