FormatUtils:0.5080555555555555
ColumnUtils:0.3933333333333333
Query:0.3388888888888889
