MainScene:0.6033333333333334
BrowserJFX:0.3028174603174603
UnitManager:0.27166666666666667
MainSceneMenu:0.23666666666666666
GuideWindow:0.23666666666666666
MarsProjectFX:0.21666666666666667
