MailReceiverConnection:0.41333333333333333
MailMessageReceiver:0.23666666666666666
AbstractPollingMonitoringStrategy:0.21666666666666667
MessageRequestHandler:0.20666666666666667
TcpMessageReceiverIntegrationTest:0.19
Driver:0.1822222222222222
MonitoringRunnable:0.14888888888888888
AddressingHelperTest:0.14333333333333334
MailSenderConnection:0.14
MailMessageSenderIntegrationTest:0.13333333333333333
AbstractWsAddressingMapping:0.11333333333333333
DefaultMonitoringStrategy:0.02
MonitoringStrategy:0.0
