Context:0.4533333333333333
RecordingIndex:0.42333333333333334
SequencerAgent:0.23666666666666666
