HSMKeyTool:0.6466666666666666
Pkcs11SlotLabel:0.5016666666666667
