CollectionReference:0.4552619047619048
MetamodelGraphWalker:0.33
AbstractCollectionLoadQueryDetails:0.3
AbstractCollectionReference:0.2633333333333333
IndexedCollectionTest:0.21333333333333335
CompositionSingularSubAttributesHelper:0.1807777777777778
