AlignedTablePrinter:0.6113333333333334
TestAlignedTablePrinter:0.37333333333333335
TestVerticalRecordPrinter:0.3233333333333333
