TemporaryJobBuilder:0.49333333333333335
Stop:0.2833333333333333
GracePeriodTest:0.22333333333333333
