NativeList:0.6633333333333333
JavaScriptScriptSearchTests:0.22666666666666666
CustomWrapFactory:0.20666666666666667
ScriptValueConverter:0.2
