IDataLoader:0.7509920634920635
CsvLoader:0.4533333333333333
ParameterConstants:0.0
