GwtRpcService:0.5783333333333334
TagThisDlg:0.4166666666666667
GwtServerHelper:0.3466666666666667
GwtTeamingMessages:0.31333333333333335
FindCtrl:0.24333333333333335
GwtRpcServiceAsync:0.24198412698412697
GwtRpcServiceImpl:0.19666666666666666
