ComponentTester:0.6033333333333334
ComponentTesterTest:0.33666666666666667
ScriptEditor:0.3333333333333333
DefaultComponentFinder:0.30666666666666664
JListTester:0.22666666666666666
JComboBoxTester:0.22666666666666666
