BooleanGridList:0.7533333333333333
Producer:0.6433333333333333
