WorkflowUtils:0.47333333333333333
BinderHelper:0.37333333333333335
WebKeys:0.0
