Result:0.8933333333333333
ResultQuery:0.6205555555555556
ResultImpl:0.47
AbstractResultQuery:0.20333333333333334
