GL20:0.8933333333333333
BufferFormat:0.5133333333333333
AndroidGraphics:0.27
ShadowMappingTest:0.20666666666666667
FilterPerformanceTest:0.19666666666666666
JoglGraphics:0.19
LwjglGraphics:0.18666666666666668
GdxEglConfigChooser:0.185
ProjectiveTextureTest:0.13666666666666666
AnimationTest:0.13666666666666666
MeshMultitextureTest:0.13666666666666666
LwjglDebugStarter:0.09333333333333334
GdxTestActivity:0.08333333333333333
