SearchManager:0.38
LuceneQueryBuilder:0.33666666666666667
TokenStreamComponents:0.20080952380952383
SettingInfo:0.2
ConfigEntry:0.14333333333333334
GeoNetworkAnalyzer:0.09
StopwordFileParser:0.03
