ConnectionWrapper:0.5733333333333334
ClientConnectionManager:0.5033333333333333
QueueBasedObjectPool:0.37666666666666665
