HostGraph:0.62
Groove:0.5666666666666667
AspectGraph:0.2633333333333333
DefaultArchiveSystemStore:0.25333333333333335
JaxbGxlIO:0.24
GTS:0.19
DefaultApplication:0.19
StateSet:0.17
DefaultGxl:0.16966666666666666
TypeReconstructor:0.16333333333333333
LayedOutXml:0.13666666666666666
AntlrGrapher:0.10666666666666667
EdgeBoundCondition:0.08
ColConverter:0.07333333333333333
