OsgiServiceProxyFactoryBean:0.45
OsgiServiceProxyEqualityTest:0.45
AbstractDependableServiceImporter:0.24666666666666667
AbstractDependentServiceExporter:0.21333333333333335
OneExporterWithTwoMandatoryImportersTest:0.07333333333333333
