PlanNodeVisitor:0.49666666666666665
PlanVisitor:0.49666666666666665
ExecutionPhaseVisitor:0.36666666666666664
