AggExpr:0.47
QueryVisitor:0.37666666666666665
GroupByAggregateTest:0.29
ParameterInfo:0.26666666666666666
