Engine:0.7333333333333333
InternalEngine:0.4633333333333333
IndexShard:0.36083333333333334
InternalEngineTests:0.24666666666666667
InternalEngineSettingsTest:0.10666666666666667
SearchFactory:0.1
