MavenBuilder:0.8933333333333333
MavenBuilderTest:0.0033333333333333335
