ExecutionService:0.7166666666666667
PartitionServiceImpl:0.29
ScheduledExecutorServiceDelegate:0.2816666666666667
ClusterServiceImpl:0.25666666666666665
ExecutionServiceImpl:0.25666666666666665
QueueService:0.21333333333333335
OperationServiceImpl:0.2
MapContainer:0.18666666666666668
ScheduledTaskRunner:0.16
CallbackResponseProcessor:0.10333333333333333
