Report:0.5566666666666666
ReportGedcomStatistics:0.24666666666666667
ReportLinesCirc:0.23333333333333334
ReportAlmanac:0.21333333333333335
Report4Generations:0.21333333333333335
ReportEventsByMonths:0.2
ReportFamily:0.2
ReportPlaceHistory:0.2
ReportPhonetics:0.2
ReportEvents:0.2
ReportNameHistory:0.2
ReportSameValues:0.19
ReportDemography:0.19
ReportLinesFan:0.19
ReportDateCalculator:0.19
ReportAges:0.19
ReportToDo:0.18333333333333332
ReportAncestorStatistics:0.18333333333333332
ReportGraphicalTree:0.14666666666666667
ReportList:0.14666666666666667
ReportRelatives:0.12666666666666668
Callback:0.12
ReportFlashList:0.12
ReportMultDesc:0.10666666666666667
ReportSummaryOfRecords:0.10666666666666667
ReportValidate:0.10666666666666667
ReportCGW:0.10666666666666667
ReportCommonAncestor:0.09333333333333334
ReportTrees:0.09333333333333334
ReportExec:0.09
ReportSosa:0.056666666666666664
Categories:0.0
