ParserATNFactory:0.5858333333333333
ATNState:0.53
LexerATNFactory:0.36666666666666664
