ViewManager:0.7233333333333334
EditViewFactory:0.2966666666666667
Change:0.16555555555555554
Relate:0.11
Create:0.043333333333333335
