VanillaChronicleHash:0.64
SegmentStages:0.49333333333333335
ModificationIterator:0.2833333333333333
