TextPipeline:0.6316666666666667
Glove:0.4166666666666667
