Response:0.49666666666666665
Pipeline:0.26666666666666666
PipeliningTest:0.21
MultiResponseBuilder:0.0911111111111111
