ConfigurationProcessor:0.6433333333333333
MethodEvent:0.5186666666666666
StandardBeanConfigurationListener:0.36
