SimpleScriptable:0.7166666666666667
HTMLDocument:0.5266666666666666
XSLTProcessor:0.23333333333333334
DOMImplementation:0.14333333333333334
