TestSysNodesExpressions:0.6533333333333333
SysObjectArrayReference:0.6266666666666667
NodeStatsTest:0.23666666666666666
