CertificateData:0.6133333333333333
ValueExtractor:0.4766666666666667
CertificateExpirationNotifierWorker:0.13333333333333333
