AbstractAzureComputeServiceTestCase:0.49333333333333335
GceDiscoverTests:0.49166666666666664
AbstractAwsTestCase:0.32666666666666666
