MLFunctionFactory:0.6766666666666666
MLPlugin:0.33666666666666667
TestMLQueries:0.33
TestEvaluateClassifierPredictions:0.26
