BusinessEntityManager:0.4211111111111111
EndToEndViewScene:0.3566666666666667
WebserviceBean:0.3466666666666667
WebserviceBeanImpl:0.28
ObjectView:0.27051984126984113
PropertyFactory:0.22333333333333333
BusinessEntityManagerImpl:0.18333333333333332
RemoteObjectLightList:0.17043650793650797
Constants:0.15
ListTypeItemManagerDashboardWidget:0.15
IPAddressManagerExplorerDashboardWidget:0.14
EndToEndView:0.07
AbstractScene:0.056666666666666664
ObjectViewScene:0.0
ObjectViewDashboardWidget:0.0
