AbstractCache:0.6
Sequence:0.26666666666666666
ParagraphVectorsTest:0.245
AbstractVectors:0.23333333333333334
AbstractVectorsTest:0.22666666666666666
AsyncSequencer:0.19777777777777777
VectorCalculationsThread:0.16777777777777778
AbstractCacheTest:0.15
