HtmlPasswordInput:0.68
HtmlTextArea:0.49666666666666665
HtmlTextInput:0.4633333333333333
SelectableTextInput:0.16
SelectionDelegate:0.06
HtmlPasswordInputTest:0.02666666666666667
