UdpChannel:0.7033333333333334
UdpChannelTest:0.36666666666666664
ValuesSupplier:0.2733333333333333
