TreeView:0.4533333333333333
LadderView:0.39
LogUtil:0.22599999999999998
