Materialisation:0.5533333333333333
TestMaterialisation:0.27
PairSetIterator:0.23333333333333334
TestPairSetIterator:0.14333333333333334
AllAbstractionTests:0.12333333333333334
