Scalar:0.84
AnalysisTest:0.29
AbstractImplementationSymbolVisitor:0.2261111111111111
FunctionExpression:0.14333333333333334
BaseAnalyzerTest:0.11
MatchFunction:0.09083333333333334
CollectionCountFunction:0.09083333333333334
CollectionAverageFunction:0.06416666666666666
LocalDataCollectTest:0.06
SimpleTopNProjectorTest:0.06
Operator:0.033650793650793646
ImplementationSymbolVisitorTest:0.02666666666666667
