DocumentManager:0.6708333333333333
LayoutFrame:0.5433333333333333
PrintLayoutPlugin:0.17333333333333334
