ProgramLocation:0.63
BDDPointerAnalysis:0.38333333333333336
BytecodeToQuad:0.37333333333333335
CallGraph:0.25666666666666665
QuadProgramLocation:0.24333333333333335
AbstractState:0.24333333333333335
SSAProgramLocation:0.19555555555555557
BDDCallGraph:0.10833333333333334
CHACallGraph:0.08
