EmailConfig:0.5633333333333334
EmailUtils:0.3233333333333333
EmailConfigParser:0.31666666666666665
EmailSenderImpl:0.29
EmailTaskHandler:0.26666666666666666
ParamBasedActionHandler:0.18833333333333332
SendEmailActionHandler:0.15333333333333332
EmailActionHandler:0.025555555555555554
EmailTest:0.02
BaseActionHandler:0.0011111111111111111
