GetPipelineRequest:0.5883333333333334
PipelineStore:0.5466666666666666
RestGetPipelineAction:0.22
