jOOQAbstractTest:0.5866666666666667
Utils:0.3933333333333333
ResultQueryListener:0.2966666666666667
BatchMultipleListener:0.2733333333333333
BatchSingleListener:0.2733333333333333
