Controller2DHub:0.4866666666666667
HighlightModule:0.42333333333333334
AddBondModule:0.38133333333333336
IntermediateRenderer:0.35333333333333333
