HtmlSelect:0.6316666666666667
HtmlSelectTest:0.35333333333333333
OptionTest:0.3416666666666667
