SwarmingManager:0.4666666666666667
LoadDownloadListJob:0.4111111111111111
FileHandlingException:0.27666666666666667
SWDownloadSegmentComparatorByStartPosition:0.18
