ConnectionJDBC2:0.42333333333333334
SharedLocalNamedPipe:0.31
SAfeTest:0.3
SSPIJNIClient:0.2866666666666667
