QueryStringQueryBuilder:0.84
TransportTwoNodesSearchIT:0.3811111111111111
QueryStringQueryBuilderTests:0.25777777777777783
