MetadataManager:0.665
InternalMetadata:0.37666666666666665
ServerMainModule:0.30666666666666664
InternalDataStreamProvider:0.24333333333333335
