Window:0.6466666666666666
Location:0.5533333333333333
HTMLFrameElementTest:0.15666666666666668
