TableUtils:0.8766666666666667
PresentationUtils:0.30333333333333334
