BazaarRepository:0.4633333333333333
MercurialRepository:0.45777777777777773
RepositoryFactory:0.21666666666666667
