TestDescriptor:0.7866666666666666
TestSummaryReportingTestListener:0.3566666666666667
ContextTestExecutionNode:0.31
AbstractTestDescriptor:0.3016666666666667
EngineDescriptor:0.20666666666666667
JUnit5TestEngineTests:0.18605555555555553
TestCaseWithContext:0.0011111111111111111
