CMap:0.5683333333333334
ClusterTest:0.32666666666666666
ConcurrentMapManager:0.3
MemoryLeakTest:0.29
RequestBasedCall:0.29
PartitionServiceImpl:0.25777777777777783
MigrationRequestTask:0.23222222222222225
MBackupAwareOp:0.11333333333333333
MigrationCompletionLatch:0.02
