Datepicker:0.6766666666666666
DateHelper:0.32666666666666666
EventHelper:0.23
