ConversionRules:0.7066666666666667
MinimalMetadata:0.33666666666666667
SIPCreator:0.25666666666666665
ConversionRulesTask:0.23666666666666666
MinimalMetadataPanel:0.235
OpenFileAction:0.22333333333333333
MetadataEntryTask:0.14666666666666667
LoadConversionRulesWebAction:0.13
LoadConversionRulesAction:0.13
SaveSIPAction:0.12333333333333334
FileSelectTask:0.10666666666666667
ExploreChildren:0.1
EventHandler:0.07666666666666666
SIPEntryAcceptor:0.0
