Poller:0.5233333333333333
OmsaStorageMonitor:0.1938888888888889
SnmpMonitor:0.18944444444444444
PercMonitor:0.18688888888888888
DiskUsageMonitor:0.18666666666666668
FtpMonitor:0.173
NtpPlugin:0.14666666666666667
DnsPlugin:0.14666666666666667
PollerTest:0.09666666666666666
