Transaction:0.5666666666666667
Script:0.54
TransactionInput:0.5108333333333334
