GroupIdNode:0.44666666666666666
GroupIdOperatorFactory:0.4266666666666667
AbstractTestQueries:0.4066666666666667
GroupIdOperator:0.35333333333333333
Visitor:0.28
ChildReplacer:0.19333333333333333
Rewriter:0.17333333333333334
TestGroupIdOperator:0.10666666666666667
