XPathLocationParser:0.5066666666666667
VisitorContextTest:0.36666666666666664
XmlQedeqFileDao:0.18666666666666668
XPathLocationFinder:0.16666666666666666
XPathLocationParserTest:0.14333333333333334
