WanReplicationService:0.4792063492063492
ConsoleApp:0.44333333333333336
XMLConfigBuilderTest:0.37
TestFullApplicationContext:0.2833333333333333
WanReplicationServiceImpl:0.26
TaskPollThread:0.23666666666666666
RestTest:0.21666666666666667
SimulateLoadTask:0.20666666666666667
ConsoleHandlerApp:0.19666666666666666
SerializationServiceV1:0.19666666666666666
HttpPostCommandProcessor:0.19333333333333333
HTTPCommunicator:0.18666666666666668
HttpCommandProcessor:0.0
ConsoleRequestConstants:0.0
