PeriodFormatter:0.5233333333333333
PeriodPrinter:0.5066666666666667
TestPeriodFormatterBuilder:0.33
PeriodFormatterBuilder:0.2866666666666667
TestPeriodFormatter:0.24333333333333335
Separator:0.24333333333333335
TestPeriodFormatParsing:0.23444444444444448
TestISOPeriodFormatParsing:0.22694444444444448
Composite:0.21666666666666667
PeriodParser:0.21138888888888885
FieldFormatter:0.2
Literal:0.17166666666666666
StringConverter:0.17
TestAll:0.08333333333333333
