ChronicleMap:0.5466666666666666
StatelessChronicleMap:0.4633333333333333
VanillaChronicleMap:0.43333333333333335
ReplicationCheckingMap:0.3233333333333333
SingleCloseMap:0.3233333333333333
TcpSocketChannelEntryWriter:0.2833333333333333
StatelessClientTest:0.275
CHMUseCasesTest:0.25666666666666665
StatelessServerConnector:0.25333333333333335
AbstractChannelReplicator:0.18333333333333332
TcpReplicationSoakTest:0.12333333333333334
