Flow:0.5233333333333333
XmlFlowBuilder:0.2733333333333333
Scope:0.22583333333333333
FlowAction:0.20222222222222225
TextToTransitionCriteria:0.2
NoSuchFlowStateException:0.2
ActionState:0.1988888888888889
NoMatchingTransitionException:0.1872222222222222
BaseFlowBuilder:0.11666666666666667
