PredictionContext:0.3433333333333333
SingletonPredictionContext:0.30333333333333334
ArrayPredictionContext:0.25666666666666665
TestParserExec:0.25
LexerATNSimulator:0.22
TestParseErrors:0.21666666666666667
TestGraphNodes:0.21
