ParcelableGenerator:0.44333333333333336
ParcelableDescriptor:0.38666666666666666
ParcelImplementations:0.2966666666666667
