Setting:0.6077777777777779
TestGlobalSysExpressions:0.2966666666666667
SettingExpression:0.23
StringSetting:0.19333333333333333
TimeSetting:0.19333333333333333
BoolSetting:0.10666666666666667
NestedSetting:0.04666666666666667
FloatSetting:0.043333333333333335
IntSetting:0.043333333333333335
DoubleSetting:0.043333333333333335
ByteSizeSetting:0.043333333333333335
