AbstractJoiner:0.5233333333333333
JoinCheckOperation:0.45666666666666667
SplitBrainHandler:0.27
SplitBrainHandlerTest:0.12200000000000001
