MockPublisher:0.8633333333333333
PluginXMLHelper:0.2733333333333333
PluginXMLHelperTest:0.03
