Style:0.6233333333333333
Config:0.5433333333333333
