ApkDashboard:0.7233333333333334
MultidexReader:0.3433333333333333
ApkTranslator:0.29
