AssignmentState:0.5432936507936508
EscalationActionHandler:0.5432936507936508
