LossDetector:0.5066666666666667
PublicationImage:0.4855555555555555
LossDetectorTest:0.31
