WebserviceBean:0.43333333333333335
KuwaibaService:0.42333333333333334
WebserviceBeanImpl:0.18
