OffsetRounding:0.38333333333333336
Builder:0.3433333333333333
DateHistogramBuilder:0.2733333333333333
DateHistogramParser:0.24611111111111114
TimeZoneRoundingTests:0.2
HistogramParser:0.19666666666666668
Streams:0.16444444444444445
DateHistogramOffsetTests:0.16
RoundingTests:0.08
