TestReload:0.8466666666666667
TestGate:0.21666666666666667
