GTS:0.55
StateTab:0.5233333333333333
StateErrorTab:0.3233333333333333
NewStateCollector:0.14666666666666667
ExploreListener:0.1
