Entry:0.84
Comment:0.42916666666666664
Trackback:0.42916666666666664
DatabaseComment:0.22
DatabaseTrackback:0.22
DatabasePingback:0.16333333333333333
