RealWebSocket:0.5433333333333333
MockWebServer:0.41
ConnectionWebSocket:0.39
RealWebSocketTest:0.2733333333333333
WebSocketCall:0.19777777777777777
