TabPanelManufacture:0.36666666666666664
TabPanelFoodProduction:0.32666666666666666
Cooking:0.285
CropTableModel:0.18666666666666668
SupplyTableModel:0.18444444444444444
ResupplyDetailPanel:0.17
PromptComboBoxRenderer:0.12333333333333334
TypeCellEditor:0.10333333333333333
ManufactureSelectionListCellRenderer:0.06666666666666667
FoodProductionSelectionListCellRenderer:0.06666666666666667
