Subject:0.73
SubjectBuilder:0.35333333333333333
HL7V3MessageBuilderHelper:0.2866666666666667
PRPA_IN201306UV02_Message_Builder:0.16333333333333333
PRPA_IN201310UV02_Message_Builder:0.16333333333333333
