Project:0.6033333333333334
TableComponent:0.3433333333333333
TableRenderer:0.23333333333333334
TableHandler:0.22
ProjectBackingBean:0.19333333333333333
ProfileBackingBean:0.18666666666666668
