GwtViewHelper:0.54
FolderColumn:0.5366666666666666
DataTableFolderViewBase:0.36666666666666664
