Euler:0.51
jDuration:0.45666666666666667
jDateTime:0.26
EulerRunner:0.19333333333333333
