JdbcMutableAclService:0.61
BasicLookupStrategy:0.31333333333333335
ProcessResultSet:0.31166666666666665
JdbcAclService:0.2
