AttributeBinding:0.7138095238095238
Tuple:0.6033333333333334
AbstractAttributeBinding:0.45666666666666667
