RequestBuilderTest:0.5466666666666666
RequestBuilder:0.33
ExceptionCatchingRequestBody:0.26666666666666666
MethodInfo:0.2636111111111111
RestAdapterTest:0.23
