Redisson:0.5666666666666667
RedissonLock:0.5366666666666666
RedissonClient:0.43333333333333335
