RamAdapter:0.5991666666666666
LineParser:0.4166666666666667
