MergeableClusterInvoker:0.51
ArrayMerger:0.44666666666666666
ResultMergerTest:0.3566666666666667
