ERDesignerComponent:0.49333333333333335
ModelChecker:0.27
TableWithPrimaryKeryCheck:0.11777777777777776
ForeignKeyWithoutIndexCheck:0.11777777777777776
ModelCheckEditor:0.10333333333333333
ModelCheckEditorView:0.10333333333333333
ModelError:0.06
ModelCheckCommand:0.03666666666666667
ERDesignerBundle:0.03
