Lexicon:0.4533333333333333
RWorkspace:0.38333333333333336
CA:0.36666666666666664
FrequencyListEditorInput:0.24666666666666667
SpecificitesResult:0.24
