RuleView:0.5633333333333334
Level:0.4666666666666667
LabelStore:0.36
TypeGraph:0.31666666666666665
AspectualGraphView:0.3125
StoredGrammarView:0.3
LabelTree:0.2966666666666667
LevelMap:0.25
NewRuleView:0.19
DefaultRuleView:0.14416666666666667
