FunctionInfo:0.49666666666666665
FunctionBinding:0.38333333333333336
JsonExtract:0.33666666666666667
TestJsonExtract:0.23
TestExpressionCompiler:0.20666666666666667
RegexpFunctions:0.18
Visitor:0.17
LikeFunctionBinder:0.14
BootstrapFunctionBinder:0.10666666666666667
DefaultFunctionBinder:0.10333333333333333
RegexFunctionBinder:0.08361111111111111
PatternCache:0.07
FunctionListBuilder:0.06
JsonFunctionBinder:0.006666666666666667
JsonExtractScalarCache:0.0
JsonExtractJsonCache:0.0
