SVN:0.8266666666666667
SVNTest:0.36333333333333334
