PredictionContext:0.4166666666666667
ArrayPredictionContext:0.4066666666666667
EmptyPredictionContext:0.4066666666666667
SingletonPredictionContext:0.37
