BundleDelegatingClassLoader:0.6533333333333333
BundleDelegatingClassLoaderTest:0.33666666666666667
AbstractRefreshableOsgiBundleApplicationContextTest:0.30266666666666664
