CurrentBuildStatusListenerTest:0.4266666666666667
CurrentBuildStatusPublisherTest:0.3233333333333333
CurrentBuildStatusBootstrapperTest:0.3233333333333333
CurrentBuildFileWriter:0.25666666666666665
