ControlPanel:0.04585808
Slideshow:0.034815844
