HexCoordinate:0.5877777777777778
Location:0.44333333333333336
HexCoordinateValue:0.43666666666666665
Hex:0.2833333333333333
