ModuleType:0.47333333333333333
ComplexType:0.47333333333333333
SettingsHandler:0.4266666666666667
CrawlOrder:0.25
CrawlerSettings:0.20666666666666667
CrawlSettingsSAXSource:0.18333333333333332
MapTypeTest:0.16333333333333333
CrawlerSettingsTest:0.16
OverrideTest:0.14333333333333334
ModuleHandler:0.08333333333333333
NewModuleHandler:0.08
