TasksTree:0.4866666666666667
JiraTracker:0.36333333333333334
IssueWorklogStatusType:0.2866666666666667
IssueKeyAttributeType:0.22
BuildInData:0.19
