MultiplexerContext:0.7966666666666666
MultiplexerMessage:0.7266666666666667
ReceivingState:0.14
SendingMultiplexingInfoState:0.14
IdentifyingInboundChannelState:0.13333333333333333
SendingState:0.13333333333333333
SendingOrReceivingState:0.13333333333333333
