Empty:0.43
Array:0.33
Node:0.32666666666666666
AbstractNode:0.2833333333333333
RightProjection:0.28
LeftProjection:0.28
Queue:0.22666666666666666
Traversable:0.22333333333333333
LinkedHashSet:0.21333333333333335
Collections:0.20666666666666667
Vector:0.20666666666666667
HashSet:0.20666666666666667
HashMap:0.19666666666666666
EmptyNode:0.17888888888888888
Cons:0.16333333333333333
LeafSingleton:0.16
LeafList:0.15666666666666668
ArrayNode:0.14333333333333334
HashArrayMappedTrieTest:0.13
IndexedNode:0.09333333333333334
