SubstitutionsHandler:0.48
PropertyProvider:0.42
TestTypedProperties:0.39
ConfigurationHelper:0.3233333333333333
RegexRunner:0.17666666666666667
