RLiveObject:0.4486111111111111
RedissonAttachedLiveObjectService:0.3566666666666667
RedissonAttachedLiveObjectServiceTest:0.2833333333333333
RAttachedLiveObjectService:0.065
