ErrorsAndWarningsMessagesWidget:0.6783333333333333
BuildDetailTest:0.32666666666666666
ErrorsAndWarningsMessagesWidgetTest:0.17
