GwtServerHelper:0.43
SelectionDetails:0.31833333333333336
DeleteSelectionsDlg:0.30666666666666664
GwtViewHelper:0.29333333333333333
BinderViewsHelper:0.18333333333333332
GwtMenuHelper:0.18333333333333332
