Graph:0.61
GraphFactory:0.4166666666666667
AbstractGraph:0.38333333333333336
Simulator:0.38333333333333336
ExtensionFilter:0.3233333333333333
DefaultGraph:0.25333333333333335
GraphShape:0.2328333333333333
AspectualViewGps:0.21
DefaultGxl:0.20333333333333334
AbstractGraphShape:0.2
DefaultGrammarView:0.2
SaveGrammarAction:0.19666666666666666
DeltaGraph:0.18333333333333332
EditGraphAction:0.14666666666666667
EditRuleAction:0.14666666666666667
