ServerConfiguration:0.65
AppliConfiguration:0.37
ServerComUtilities:0.26666666666666666
JFXEditorPanel:0.25333333333333335
BasicWindowManager:0.22333333333333333
ExtensionFXMLTest:0.22111111111111115
SwingEditorPanel:0.21666666666666667
FrameworkManager:0.15666666666666668
AltToggleButtonRenderer:0.13333333333333333
