Request:0.6966666666666667
Sender:0.43
UploadTest:0.07333333333333333
