XavaPreferences:0.6433333333333333
DefaultLayoutParser:0.51
LayoutJspKeys:0.41031746031746036
DefaultLayoutPainter:0.33
