CasKryoTranscoder:0.5466666666666666
CasManagementWebAppConfiguration:0.5022222222222222
MemcachedPooledConnectionFactory:0.42
