ResponseSpecification:0.65
JSONGetITest:0.5066666666666667
EncoderRegistry:0.44333333333333336
ConfigITest:0.38
ObjectMappingITest:0.20333333333333334
ContentTypeITest:0.1
HttpResponseContentTypeFinder:0.1
