MouseHandler:0.4777777777777777
TableHeaderMouseHandler:0.15666666666666668
SearchTreeTableSelectionListener:0.15666666666666668
SearchResultElementComparator:0.15666666666666668
