Message:0.5466666666666666
MApplication:0.4866666666666667
MMainWindow:0.2633333333333333
