ResponseHeaders:0.41
RawHeaders:0.39666666666666667
Libcore:0.35
HttpConnection:0.31666666666666665
SpdyConnectionTest:0.21961111111111117
HttpTransport:0.1761111111111111
SpdyStream:0.16666666666666666
HttpURLConnectionImpl:0.15833333333333333
HttpResponseCache:0.14333333333333334
SslContextBuilder:0.12666666666666668
URLConnectionTest:0.12333333333333334
SpdyWriter:0.11166666666666666
SpdyReader:0.08166666666666667
SpdyServer:0.08166666666666667
SpdyTransport:0.08083333333333333
MimeUtils:0.07333333333333333
RecordingHostnameVerifier:0.03333333333333333
Base64:0.03
RecordingTrustManager:0.0033333333333333335
