XMLMessage:0.45666666666666667
Logger:0.4533333333333333
BufferOfItems:0.43333333333333335
