DatabaseHandler:0.5155555555555557
EditServlet:0.4533333333333333
WatchlistServlet:0.38666666666666666
