Node:0.48333333333333334
AbstractRegistryNode:0.43
SitemapNode:0.38
InnerList:0.25666666666666665
ContentFolderNode:0.25666666666666665
AbstractNodeJSONWrapper:0.24
AbstractAttribute:0.22444444444444447
TestSitemapNode:0.20333333333333334
AttributeRegistryEditor:0.19666666666666666
RegistryBundleNode:0.17444444444444443
LocaleCopy:0.17
AbstractTreeElement:0.16333333333333333
RegistryLocaleNode:0.14
SetupBasicContentRegistry:0.02666666666666667
