ConvertUtils:0.48333333333333334
Query:0.37
QueryParam:0.3233333333333333
QueryUtils:0.23333333333333334
StatementUtils:0.14
