Console:0.5833333333333334
ErrorMatcher:0.44666666666666666
ConsolePlugin:0.3722222222222222
CommandoToolBar:0.2833333333333333
