Viewer:0.57
Sticks:0.39
FrameRenderer:0.2966666666666667
RepaintManager:0.24333333333333335
SticksRenderer:0.23166666666666666
