RestfulPasswordlessUserAccountStore:0.3253333333333333
GroovyPasswordlessUserAccountStore:0.3253333333333333
Accounts:0.014071428571428572
