WorkbenchThemeManager:0.5333333333333333
ProgressManagerUtil:0.37666666666666665
KeyStroke:0.3077777777777778
UpdateWizard:0.2511111111111111
CoolBarToTrimManager:0.25
BindingPersistence:0.21333333333333335
IUDetailsGroup:0.19666666666666666
ThemeRegistryModifiedHandler:0.19
WorkbenchThemeChangedHandler:0.19
