Aria:0.8466666666666667
AriaManager:0.43666666666666665
