JoddHttp:0.7133333333333334
HttpRequest:0.5233333333333333
HttpBase:0.32666666666666666
HttpBrowser:0.2733333333333333
SocketHttpConnectionProvider:0.18
