KeywordTokenizer:0.6133333333333333
UpdateHistoryTest:0.31166666666666665
KeywordTokenizerTest:0.27666666666666667
