HtmlPage:0.5233333333333333
DomNode:0.38666666666666666
HtmlBody:0.35
Window:0.2906666666666667
Document:0.2833333333333333
DocumentTest:0.23
XMLDocument:0.18333333333333332
HtmlUnitDOMBuilder:0.17333333333333334
DefaultElementFactory:0.11666666666666667
HTMLParser:0.11
