PrinterCalibration:0.5855555555555556
PrinterService:0.47
PrinterServiceMBean:0.43333333333333335
