HtmlElement:0.48333333333333334
HtmlPage:0.4633333333333333
Navigator:0.27666666666666667
PropertyInfo:0.2633333333333333
SimpleArray:0.255
FunctionInfo:0.24333333333333335
XMLHttpRequest:0.24333333333333335
HtmlTableRow:0.23111111111111116
HtmlTable:0.22
ClassConfiguration:0.22
JavaScriptEngine:0.21666666666666667
HtmlSelect:0.20666666666666667
XMLSerializer:0.13666666666666666
