Repository:0.6541666666666667
SnapshotInfo:0.4633333333333333
SnapshotStatus:0.41333333333333333
BlobStoreRepository:0.29333333333333333
RestoreOnlyRepository:0.19666666666666666
SharedClusterSnapshotRestoreIT:0.15333333333333332
SnapshotStatusTests:0.13333333333333333
