ExecuteMobyServiceAction:0.43333333333333335
BioMobyInputsWizard:0.42333333333333334
MobyView:0.31333333333333335
BioMobyConstants:0.11055555555555555
UpdateCacheListener:0.1
BioclipseMobyModel:0.056666666666666664
MobyJob:0.04
