ApplicationConfig:0.47904761904761906
AtmosphereFramework:0.41
AsynchronousProcessor:0.27666666666666667
DefaultAnnotationProcessor:0.2
