BlojsomConfiguration:0.5933333333333334
BlojsomProperties:0.5666666666666667
