ValueType:0.5733333333333334
ValueAttribute:0.3566666666666667
CaseStructure:0.20333333333333334
AbstractGenerator:0.12277777777777776
Round:0.10916666666666666
AttributesCollector:0.09333333333333334
Processor:0.08
LongPositions:0.07
Styles:0.065
AnnotationPrinting:0.05333333333333334
ValuesTemplate:0.02
Proto:0.006666666666666667
