MaterialCalendarView:0.64
MonthView:0.45633333333333337
CalendarPagerView:0.38666666666666666
Weekly:0.24333333333333335
