GwtViewHelper:0.44666666666666666
GwtSharedMeItem:0.41333333333333333
FolderColumn:0.29
FolderRow:0.26666666666666666
TrashHelper:0.24333333333333335
DataTableFolderViewBase:0.24
AssignmentCell:0.19
GwtPerShareInfo:0.18333333333333332
ShareAccessInfo:0.05333333333333334
ShareDateInfo:0.05333333333333334
ShareExpirationInfo:0.05333333333333334
ShareMessageInfo:0.05333333333333334
ShareStringValue:0.04
ShareStringValueColumn:0.016666666666666666
ShareStringValueCell:0.01
