FileTrigger:0.7066666666666667
IStagedResource:0.3451230158730158
FileSyncService:0.2733333333333333
IFileSyncService:0.21503968253968253
StagedResource:0.21
FileSyncServiceSqlMap:0.17666666666666667
FileSyncZipDataWriter:0.16666666666666666
FileSyncDataRouter:0.13333333333333333
FileTriggerMapper:0.07333333333333333
