Administrator:0.37666666666666665
BatchModify:0.37333333333333335
AutoModify:0.20666666666666667
BatchModifyValidator:0.15
BatchModifyValidatorErrorHandler:0.09333333333333334
BatchModifyValidate:0.07333333333333333
