HopVirtualMachine:0.51
HopVirtualMachineTest:0.48333333333333334
HopStandardLibrary:0.4766666666666667
