EventBusTestBase:0.5583333333333333
LocalEventBusTest:0.45
ClusteredEventBusTest:0.3763888888888889
