SSLConfig:0.47
XMLConfigBuilderTest:0.4
SpringXmlBuilderHelper:0.26666666666666666
XmlConfigBuilder:0.2633333333333333
ConfigXmlGenerator:0.24666666666666667
XmlClientConfigBuilder:0.23333333333333334
SpringXmlBuilder:0.2
SpringXmlConfigBuilder:0.19333333333333333
TestFullApplicationContext:0.19
ConfigXmlGeneratorTest:0.18
XmlClientConfigBuilderTest:0.15666666666666668
NetworkConfigChecker:0.15666666666666668
TestClientNetworkConfig:0.13666666666666666
