DebugAminoAcid:0.55
DebugChemObjectBuilder:0.5466666666666666
DebugMonomer:0.5333333333333333
MonomerTest:0.3233333333333333
DebugDataClassesTests:0.18333333333333332
DebugAminoAcidTest:0.06166666666666667
DebugMonomerTest:0.02666666666666667
