UnitGroup:0.6366666666666667
Game:0.43333333333333335
ActionSequenceList:0.32
Rout:0.31333333333333335
