DeniedPermission:0.6179444444444444
Utils:0.4666666666666667
RuntimePermissionsAnnotatedElement:0.34
PermissionsProcessorTest:0.31
JavaFileBuilder:0.2633333333333333
DeniedPermissionNotMatching:0.10838095238095237
