JettyLogger:0.5609444444444444
JettyHandler:0.24333333333333335
