PersonConfig:0.49333333333333335
CropType:0.36
Cooking:0.2633333333333333
PhysicalCondition:0.22666666666666666
SettlementTableModel:0.19777777777777777
Crop:0.19666666666666666
Farming:0.17333333333333334
CropConfig:0.15666666666666668
