RubyStackTraceHyperlink:0.49
InterpreterRunner:0.48
RubySourceLocator:0.3333333333333333
RubyConsoleTracker:0.08333333333333333
TC_RubyConsoleTracker:0.013333333333333334
