DbMigrator:0.41
OracleSqlScript:0.3933333333333333
OracleMigrationMediumTest:0.31333333333333335
SQLServerMigrationMediumTest:0.16333333333333333
