StatusPrinter:0.6466666666666666
Execute:0.4066666666666667
Console:0.4
AlignedTuplePrinter:0.21
