AzureBlobContainer:0.36
AzureStorageServiceMock:0.2733333333333333
S3BlobContainer:0.25666666666666665
HdfsBlobContainer:0.2322222222222222
FsBlobContainer:0.11333333333333333
ESBlobStoreContainerTestCase:0.09166666666666666
