FetchHTTP:0.49666666666666665
HostQueuesFrontier:0.37
HttpRecorderMethod:0.22666666666666666
RecordingInputStream:0.21666666666666667
HttpRecorderGetMethod:0.18
HttpRecorderPostMethod:0.18
PostRestore:0.12777777777777777
SingleHttpConnectionManager:0.09666666666666666
RecorderIOException:0.08333333333333333
RecorderTimeoutException:0.07
