ViewEditor:0.465
AbstractContentRegistryEditor:0.36333333333333334
SitemapEditor:0.32666666666666666
