ISharedProject:0.6377777777777778
ConcurrentDocumentManager:0.5333333333333333
SharedProject:0.43333333333333335
ConsistencyWatchdogHandler:0.25333333333333335
ActivitySequencer:0.25
