ShadowTextView:0.6566666666666666
ShadowEditText:0.37333333333333335
TestOnEditorActionListener:0.18802380952380954
TextViewTest:0.18666666666666668
EditTextTest:0.10888888888888891
MockTextWatcher:0.10877777777777778
