Event:0.5333333333333333
HtmlElement:0.4033333333333333
Location:0.25
BaseFrame:0.24666666666666667
UIEvent:0.23777777777777775
MouseEvent:0.23666666666666666
HtmlImage:0.21666666666666667
EventTest:0.21333333333333335
HTMLFormElement:0.21
HtmlScript:0.2
KeyboardEvent:0.15666666666666668
KeyboardEventTest:0.016666666666666666
