ExpressionInterpreter:0.62
TestQueries:0.6077777777777778
RelationAnalyzer:0.3566666666666667
NoOpSymbolResolver:0.225
