SimpleSelect:0.6233333333333333
LockTest:0.31
Oracle9iDialect:0.17666666666666667
PessimisticWriteSelectLockingStrategy:0.17666666666666667
PessimisticReadSelectLockingStrategy:0.17666666666666667
AbstractLockUpgradeEventListener:0.1
