CDKResource:0.4866666666666667
JCPEditor:0.48333333333333334
JCPMultiPageEditor:0.39666666666666667
