CardCertReqServlet:0.36333333333333334
CmpTestCase:0.2866666666666667
NestedMessageContentTest:0.2866666666666667
XKMSCLIBaseCommand:0.27666666666666667
BasicCertificateExtensionTest:0.25333333333333335
OcspKeyRenewalSessionBean:0.24666666666666667
InitializeHardTokenIssuing:0.24666666666666667
ServiceSessionBean:0.23416666666666666
RequestMessageUtils:0.23
ProtocolOcspHttpTest:0.21333333333333335
AuthenticationModulesTest:0.2
EjbDependencyGraphTool:0.16
FixEndOfBrokenXMLTest:0.15416666666666667
DemoCertReqServlet:0.15260101010101007
SVGTemplatePrinter:0.14333333333333334
CmpMessageDispatcherSessionBean:0.14333333333333334
PluginTool:0.11333333333333333
CaImportCRLCommandTest:0.11
