ViewLoader:0.57
ViewLoaderTest:0.49333333333333335
ShadowLayoutInflater:0.3433333333333333
layout:0.33644444444444443
MyAsyncTask:0.22
