AbstractDialectTestCase:0.5033333333333333
BaseERDesignerTestCaseImpl:0.17666666666666667
ReverseEngineeringTest:0.16333333333333333
