InternalEngine:0.3433333333333333
Engine:0.3233333333333333
ShardStats:0.31
IndexShard:0.25333333333333335
ShadowEngine:0.24416666666666667
ShadowEngineTests:0.10333333333333333
InternalEngineTests:0.1
IndicesStatsTests:0.013333333333333334
