DriveGroundVehicle:0.7016666666666667
UnloadVehicle:0.3416666666666667
