Entry:0.4
SnapshotMetaData:0.34
DiscoveryNodes:0.2733333333333333
SnapshotsService:0.27
SnapshotIndexShardStatus:0.24
IndicesOptionsIntegrationTests:0.23666666666666666
TransportSnapshotsStatusAction:0.17333333333333334
RepositoriesService:0.14666666666666667
SharedClusterSnapshotRestoreTests:0.09
DedicatedClusterSnapshotRestoreTests:0.03333333333333333
