ReportPanel:0.365
WebCfgService:0.3466666666666667
DisplayDiagramAndTableLink:0.22199999999999998
CreateOrEditReportLink:0.22199999999999998
DisplayDiagramLink:0.22199999999999998
DisplayTableLink:0.22199999999999998
DisplayReportDiagramPanel:0.14
