Form:0.8433333333333334
ScriptEngineTest:0.4166666666666667
FormTest:0.15
