Float:0.5583333333333333
Double:0.4866666666666667
FloatTest:0.08333333333333333
