GceComputeService:0.7585714285714286
CloudGcePlugin:0.29333333333333333
GceModule:0.20064814814814816
GceUnicastHostsProvider:0.09666666666666666
