FileUtil:0.7533333333333333
TranslationProcessor:0.39666666666666667
FileProcessor:0.2866666666666667
InputFilePreprocessor:0.25333333333333335
