GraphicProperties:0.5633333333333334
GraphicsConfigHandler:0.4533333333333333
ConfigProperties:0.014071428571428572
