BSHLHSPrimarySuffix:0.11336926
BSHAmbiguousName:0.07968662
BSHAssignment:0.07482692
BSHUnaryExpression:0.068119034
SimpleNode:0.05474486
Parser:0.03357217
Interpreter:0.032778446
EvalError:0.020387892
LHS:0.012335191
CallStack:0.006169013
