Converter:0.8172222222222222
RPN:0.47333333333333333
ShuntingYard:0.20333333333333334
