TestSummaryReportingTestListener:0.7669444444444444
MultipleFailuresException:0.39222222222222225
