RefererLogPlugin:0.44666666666666666
MacroExpansionPlugin:0.2633333333333333
AbstractCalendarPlugin:0.19
MetaPlugin:0.18
