Tab:0.8416666666666667
DescriptionsCalculator:0.27666666666666667
