MessageResource:0.43
AtmosphereGuiceServlet:0.16666666666666666
ResourceChat:0.11666666666666667
GuiceManagedAtmosphereServlet:0.02666666666666667
