ClassicOperationExecutor:0.4633333333333333
RunOperationOnCallingThreadTest:0.31333333333333335
IsAllowedToRunInCurrentThreadTest:0.27
IsInvocationAllowedFromCurrentThreadTest:0.22666666666666666
DummyOperationHostileThread:0.16666666666666666
