AsyncHttpClientEventFilter:0.38666666666666666
RealmBuilder:0.2614444444444445
ProxyServer:0.20666666666666667
AuthenticatorUtils:0.12333333333333334
