Assert:0.5
Action:0.43333333333333335
ScriptEditor:0.39
ComponentNode:0.2821666666666667
ComponentBrowser:0.28
Comment:0.27661111111111114
EventRecorder:0.24666666666666667
ComponentRecorder:0.24333333333333335
ScriptModel:0.22666666666666666
ScriptEditorFrame:0.22666666666666666
ResourceLoader:0.22166666666666668
ComponentPropertyModel:0.2025
TestSelector:0.19777777777777777
EditorSecurityManager:0.18333333333333332
TesterMethodAction:0.16333333333333333
EditorAction:0.15
DialogRecorder:0.13666666666666666
Strings:0.12666666666666668
AbstractButtonRecorder:0.11
FrameRecorder:0.11
