GraphEltSet:0.47
NBNode:0.45
GraphData:0.43666666666666665
JnetSelListener:0.38
TabFileAdapter:0.27
NBSelectionManager:0.26666666666666666
NbrowseGoose:0.21666666666666667
SelectionListener:0.12833333333333333
