FileActivity:0.41333333333333333
XMPPChatTransmitter:0.38333333333333336
ActivitySequencer:0.21333333333333335
ConcurrentDocumentManager:0.20888888888888887
InvitationDialog:0.18666666666666668
PacketExtensions:0.16333333333333333
ITransmitter:0.14416666666666667
