JdbcJobExecutionDao:0.49
JdbcStepExecutionDao:0.45666666666666667
AbstractJdbcBatchMetadataDao:0.3566666666666667
