PhysicalConnectionProvider:0.41333333333333333
ChildrenViewScene:0.31333333333333335
SDHModuleActionsFactory:0.23933333333333337
MPLSModuleActions:0.23933333333333337
ConnectionSettingsPanel:0.23333333333333334
SelectableNodeWidget:0.21
ObjectWidgetMenu:0.185
TagLabelWidget:0.17666666666666667
SDHModuleScene:0.16333333333333333
MPLSModuleScene:0.16333333333333333
