XMPPTransmitter:0.5833333333333334
ITransmitter:0.49083333333333334
