Tds:0.51
DatabaseMetaData:0.4755555555555555
EscapeProcessor:0.4066666666666667
