CommonContext:0.6575396825396825
NetworkPublication:0.5033333333333333
DriverConductor:0.41
SubscriptionLink:0.34
