JPPFJcaClient:0.35111111111111115
JPPFConnectionImpl:0.3466666666666667
JcaSubmissionManager:0.26666666666666666
JcaSubmissionResult:0.24
JPPFJcaClientConnection:0.23333333333333334
JPPFResourceAdapter:0.17
JcaJobSubmission:0.07666666666666666
