NodeOptions:0.8133333333333334
NodeLayout:0.36666666666666664
AlignNodeOptions:0.31666666666666665
DefaultNodeOptions:0.17333333333333334
