EntryBackupOperation:0.4766666666666667
EntryOperation:0.35333333333333333
AbstractMultipleEntryOperation:0.3466666666666667
MultipleEntryOperation:0.20666666666666667
PartitionWideEntryOperation:0.2
PartitionWideEntryBackupOperation:0.18
MultipleEntryBackupOperation:0.18
RemoveEntryProcessor:0.13666666666666666
