Foo:0.8297222222222221
TypeProxyCreationTest:0.4166666666666667
MorphBinderTest:0.18666666666666668
