MoreMath:0.36
Visitor:0.25666666666666665
TestScalarStatsCalculator:0.17533333333333334
