ResourcePathTransformer:0.7633333333333333
JmolEditor:0.4
BioclipseJob:0.33666666666666667
AbstractManagerMethodDispatcher:0.24333333333333335
ResourcePathTransformerTest:0.23333333333333334
IResourcePathTransformer:0.16
TestManager:0.15666666666666668
JavaScriptManagerMethodTest:0.08666666666666667
JavaScriptManagerMethodDispatcher:0.056666666666666664
BioclipseUIJob:0.03333333333333333
UglyHacker:0.015277777777777777
BioclipseJobUpdateHook:0.01
