Files:0.6
Streams:0.4533333333333333
BufferRing:0.3433333333333333
HTTP:0.26
