Aslod:0.6586666666666667
Display:0.6116666666666667
Game:0.30666666666666664
MovingSoundTest:0.2808333333333334
ALCTest:0.26666666666666666
