WidgetsRefHandler:0.4766666666666667
ServerMap2DProjection:0.46
Map2DSourceContext:0.29
CoursePoint:0.25333333333333335
AbstractProjection:0.21333333333333335
MapSymbol:0.19916666666666666
Map2DScreenCoordinate:0.13
MapItemsRenderer:0.11994444444444445
EnslavedProjectedMapItemRenderer:0.1162777777777778
