SqlType:0.4033333333333333
DbQuery:0.39
DbOomQuery:0.3566666666666667
DbEntityColumnDescriptor:0.27
DbUtil:0.25166666666666665
