InjectorImpl:0.4866666666666667
EncounterImpl:0.37333333333333335
RecordingBinder:0.2966666666666667
Builder:0.25333333333333335
InjectableTypeListenerTest:0.20333333333333334
MembersInjectorStore:0.17555555555555558
ConstructorInjectorStore:0.15444444444444444
InjectorBuilder:0.14277777777777775
MembersInjectorLookup:0.12277777777777776
ProviderLookup:0.12277777777777776
