Actor:0.7233333333333334
LocalActorUtil:0.36777777777777776
ActorUtil:0.31333333333333335
SupervisorActor:0.31333333333333335
