Channel:0.5566666666666666
Aeron:0.3433333333333333
Source:0.3333333333333333
