MergeSchedulerProvider:0.65
ConcurrentMergeSchedulerProvider:0.53
InternalEngineTests:0.37333333333333335
InternalIndexService:0.3466666666666667
SerialMergeSchedulerProvider:0.22294444444444447
ApplySettings:0.05
