Materialisation:0.7
EquationSystem:0.5033333333333333
TestMaterialisation:0.25666666666666665
