URIFrontier:0.8144444444444445
Frontier:0.7266666666666667
