Rule:0.3466666666666667
FileSizeCondition:0.3
MediaTypeCondition:0.26666666666666666
FilenameCondition:0.20666666666666667
ConcatCondition:0.17333333333333334
Range:0.13607936507936508
