MethodRecord:0.8533333333333334
IScriptGenerator:0.6868333333333334
JsScriptGenerator:0.29
IHistory:0.2367619047619047
ScriptGenerationTests:0.23
ActionHistoryView:0.21666666666666667
History:0.21
RecordTest:0.13
CompositeRecord:0.0
