MappedBufferRotator:0.5433333333333333
SenderChannelBuffer:0.4033333333333333
SenderChannelBufferTest:0.16666666666666666
MappedBufferRotatorTest:0.12
TemplateFileResource:0.06
