ShadowTypedArray:0.41333333333333333
ShadowBluetoothDevice:0.21666666666666667
ShadowQueuedWork:0.185
RuntimeAdapterFactory:0.185
