ScalarFunctionModule:0.5366666666666666
InsertFromSubQueryAnalyzerTest:0.44666666666666666
InsertFromSubQueryAnalyzer:0.41
