Cooccurrence:0.5266666666666666
LexicalTable:0.4542777777777778
CooccurrencesEditor:0.30666666666666664
CooccurrenceEditorInput:0.27
LexicalTableImpl:0.25333333333333335
LexicalTableEditor:0.22859523809523807
ComputeCooccurrences:0.18333333333333332
