EmailPoster:0.7775
FolderServiceImpl:0.36666666666666664
MailModuleImpl:0.3466666666666667
DefaultEmailPoster:0.25666666666666665
Handler:0.2466666666666667
