CommonConfiguration:0.7033333333333334
ServerConfigurationParser:0.28
ServerAppletTest:0.19333333333333333
ServerApplet:0.13666666666666666
ServerAppletTest3:0.09666666666666666
