Game:0.6033333333333334
GameState:0.5930555555555557
InfantryGroup:0.31666666666666665
