TestSemPredEvalParser:0.33666666666666667
TestParseErrors:0.31333333333333335
TestFullContextParsing:0.28
TestLeftRecursion:0.25
DiagnosticErrorListener:0.24666666666666667
