TestTaskRunner:0.30666666666666664
JPPFResourceAdapter:0.2966666666666667
TaskNotificationRunner:0.2866666666666667
StagedTask:0.2627222222222222
ClientExecution:0.25666666666666665
TimeoutTask:0.24994444444444444
ResourceProvider:0.10666666666666667
