DriverPublication:0.5533333333333333
PubAndSubTest:0.42
DriverSubscriptionDispatcher:0.3055555555555556
