UByte:0.44333333333333336
Unsigned:0.36666666666666664
ULong:0.23333333333333334
UInteger:0.23333333333333334
UShort:0.23333333333333334
