MtuScanner:0.5933333333333334
AppenderTest:0.5633333333333334
MtuScannerTest:0.26666666666666666
