Vertex:0.8833333333333333
Graph:0.5233333333333333
ModelHelper:0.42333333333333334
Tree:0.3344444444444445
Recursion:0.28
EditableVertex:0.2677777777777778
TreeLayoutAlgorithm:0.22666666666666666
EditableGraph:0.22666666666666666
RadialLayoutAlgorithm:0.19666666666666666
DirectedGraphFactory:0.18333333333333332
TreeGraphAdapter:0.17333333333333334
AcyclicGraph:0.16
CircularGraph:0.16
RandomLayoutAlgorithm:0.15333333333333332
CircularLayoutAlgorithm:0.13
SwingTree:0.10333333333333333
HierarchicalLayoutAlgorithm:0.09333333333333334
FamilyTree:0.08333333333333333
DefaultEdge:0.07333333333333333
DefaultVertex:0.07111111111111111
