MapLayer:0.5566666666666666
OrthoCachedTiledMapRenderer:0.32666666666666666
OrthogonalTiledMapRenderer:0.26666666666666666
BaseTmxMapLoader:0.24666666666666667
IsometricStaggeredTiledMapRenderer:0.2
IsometricTiledMapRenderer:0.18333333333333332
HexagonalTiledMapRenderer:0.09666666666666666
