CommonUtil:0.7533333333333333
DownloadTask:0.34
SingleTaskActivity:0.32666666666666666
SingleThreadTask:0.2733333333333333
AbsTarget:0.23333333333333334
DownloadUtil:0.21333333333333335
