AtmosphereResource:0.89
AtmosphereResourceImpl:0.32666666666666666
Meteor:0.30333333333333334
