AbstractComposedAction:0.6705555555555556
AddEmployeeWithAgeAction:0.5466666666666666
