FileModule:0.52
FolderService:0.38145634920634913
TeamingServiceEndpoint:0.27
FileUtils:0.25666666666666665
FileModuleImpl:0.25666666666666665
FolderServiceImpl:0.20666666666666667
AbstractEntryProcessor:0.19333333333333333
ObjectKeys:0.11666666666666667
TeamingServiceClientWithCall:0.08333333333333333
NoContentMultipartFile:0.075
