Communication:0.7449444444444445
LoginTag:0.4619444444444445
