CVSElement:0.44666666666666666
VssElement:0.43666666666666665
ModificationSet:0.38
StarTeamElement:0.3
ClearCaseElement:0.23666666666666666
