ExpressionRewriter:0.31333333333333335
Visitor:0.31333333333333335
Formatter:0.31333333333333335
TestSqlParser:0.31333333333333335
TestAnalyzer:0.31333333333333335
AbstractTestQueries:0.30333333333333334
AstVisitor:0.29333333333333333
RewritingVisitor:0.2833333333333333
AstBuilder:0.22666666666666666
