Subscription:0.52
AeronTest:0.24333333333333335
ConnectedSubscription:0.22694444444444448
SubUnicastTest:0.20666666666666667
SubMulticastTest:0.20666666666666667
ExampleSubscriber:0.013333333333333334
