FFT:0.5133333333333333
Convolution:0.41
FFTSliceOp:0.39
FFTTest:0.05333333333333334
