SarosSession:0.5733333333333334
ISarosSession:0.43388888888888894
EditorManager:0.25666666666666665
IncomingProjectNegotiation:0.24333333333333335
SarosSessionManager:0.22
