BuildAgent:0.5133333333333333
InteractiveBuildUtility:0.3433333333333333
UI:0.3
PropertiesHelper:0.25
Log4JJTextAreaAppender:0.25
ReggieUtil:0.2388888888888889
BuildAgentUtility:0.16455555555555557
BuildAgentTest:0.15333333333333332
