SqlExecutor:0.51
Upgrade:0.3433333333333333
UpgradeSessionBean:0.18333333333333332
