JDBCReverseEngineeringStrategy:0.4866666666666667
ERDesignerBundle:0.47904761904761906
TableEntry:0.4166666666666667
PostgresReverseEngineeringStrategy:0.2966666666666667
