AnalyzedTableElements:0.66
AlterTableAddColumnAnalyzer:0.41333333333333333
CreateTableStatementAnalyzer:0.4066666666666667
