ApolloPanel:0.6666666666666666
FeatureView:0.4766666666666667
BaseEditorPanel:0.33
SetDetailPanel:0.24
