SearchCriteria:0.859888888888889
JpaBookingService:0.4766666666666667
