ItemStreamException:0.41333333333333333
State:0.36
FlatFileItemReader:0.28
OutputState:0.24
FlatFileItemWriter:0.24
StaxEventItemReader:0.22666666666666666
JdbcCursorItemReader:0.20333333333333334
FlatFileItemReaderBasicTests:0.18666666666666668
ResourceLineReaderTests:0.18666666666666668
ItemOrientedStepTests:0.18666666666666668
StagingItemReader:0.18666666666666668
AbstractExceptionTests:0.18
StaxEventItemReaderTests:0.18
SimpleStreamManagerTests:0.14666666666666667
ReaderNotOpenException:0.11
UnexpectedInputException:0.09
ResetFailedException:0.07666666666666666
MarkFailedException:0.041666666666666664
ResetFailedExceptionTests:0.01
ItemReaderException:0.01
ItemStreamExceptionTests:0.01
ClearFailedException:0.01
UnexpectedInputExceptionTests:0.01
MarkFailedExceptionTests:0.01
FlushFailedException:0.0033333333333333335
NoWorkFoundException:0.0033333333333333335
ItemWriterException:0.0033333333333333335
CommitFailedException:0.0
