ScopeInterceptor:0.66
FileUploadInterceptor:0.19333333333333333
ServletConfigInterceptor:0.17333333333333334
CreateSessionInterceptor:0.03777777777777777
