SequencerAgent:0.5366666666666666
LogAppender:0.3883333333333333
ClusteredServiceAgent:0.37333333333333335
SequencerAgentTest:0.32
