CMap:0.5466666666666666
ReplicatedMap:0.35
TestApp:0.32
Record:0.2966666666666667
IMap:0.26644444444444443
MProxyImpl:0.24416666666666673
ResponseQueueCall:0.23722222222222228
MapClientProxy:0.21333333333333335
MLocalMapStats:0.016666666666666666
