Operator:0.4477777777777777
Converter:0.44666666666666666
El2Test:0.056666666666666664
El2:0.04
ShuntingYard:0.016666666666666666
ValParse:0.006666666666666667
OptParse:0.006666666666666667
AbstractOpt:0.0033333333333333335
