Advapi32:0.8375
Advapi32Util:0.44333333333333336
COMUtils:0.3233333333333333
COMInfo:0.15666666666666668
EnumKey:0.08
InfoKey:0.08
