Compiler:0.5366666666666666
AbstractVirtualMachine:0.45
VirtualMachineAnnotator:0.2636150793650792
CompilerAnnotator:0.19333333333333333
RunToCursor:0.15333333333333332
RunBackToCursor:0.10333333333333333
UnstepToBreakpoint:0.023333333333333334
StepToBreakpoint:0.023333333333333334
StepBackOver:0.016666666666666666
StepInto:0.016666666666666666
StepBackInto:0.016666666666666666
StepOver:0.016666666666666666
LineAnnotation:0.0
