BindingUtil:0.4533333333333333
JdtElement:0.4294444444444444
NameTable:0.3466666666666667
BindingConverter:0.29333333333333333
GeneratedTypeBinding:0.29333333333333333
AbstractTypeBinding:0.24
PackageDeclaration:0.20666666666666667
SignatureGenerator:0.20333333333333334
TypeGenerator:0.2
IOSTypeBinding:0.18666666666666668
TranslationUtil:0.17666666666666667
PackagePrefixes:0.16333333333333333
PackageInfoRewriter:0.15
JdtPackageElement:0.11833333333333333
