RackWidget:0.5133333333333333
RackUnitWidget:0.27
TemplatesTopComponent:0.25666666666666665
ShapeHierarchyTopComponent:0.25
RackViewService:0.21333333333333335
EquipmentWidget:0.21
PredefinedShapesTopComponent:0.17333333333333334
ChangePositionAction:0.14333333333333334
ModelLayoutAcceptProvider:0.13666666666666666
RackConnectionSelectProvider:0.07666666666666666
