Builder:0.5266666666666666
ParagraphVectors:0.5133333333333333
SequenceVectors:0.3516666666666667
AsyncSequencer:0.29333333333333333
WordVectorsImpl:0.27166666666666667
InferenceCallable:0.04666666666666667
BlindInferenceCallable:0.04666666666666667
Word2Vec:0.006666666666666667
