Drawable:0.6005555555555555
AWTGLCanvas:0.3466666666666667
Context:0.3433333333333333
BackgroundLoadTest:0.31666666666666665
DemoBox:0.23444444444444448
DemoBoxGLCanvas:0.22111111111111115
SharedDrawable:0.2
Pbuffer:0.19333333333333333
BackgroundLoader:0.0961111111111111
