Extruder:0.7166666666666667
Printer:0.62
SNAPStepperMotor:0.3333333333333333
GenericExtruder:0.25666666666666665
GCodeRepRap:0.25333333333333335
SNAPExtruder:0.21333333333333335
Simulator:0.2080952380952381
GenericRepRap:0.20666666666666667
GenericExtruderTabPanel:0.20333333333333334
XYZTabPanel:0.19666666666666666
GCodeExtruder:0.15666666666666668
