AbstractWsAddressingVersion:0.4880000000000001
WsAddressingVersion:0.3190277777777778
