FormulaCheckerQuantifiersTest:0.4866666666666667
TestParser:0.33644444444444443
KernelBoLogicTestSuite:0.24
