MapPutAllRequest:0.5166666666666667
ClientMapProxy:0.4
MapPutAllMessageTask:0.2866666666666667
