MetaDataTableRow:0.72
MetaDataTable:0.5966666666666667
MigrationTestCase:0.25333333333333335
MetaDataTable085UpgraderTestCase:0.21666666666666667
MetaDataTableRowMapper:0.13333333333333333
OracleMigrationMediumTest:0.12333333333333334
StatusMojo:0.11333333333333333
DbValidator:0.11
DbMigrator:0.10666666666666667
HistoryMojo:0.1
