QuorumImpl:0.5221666666666667
HazelcastInstanceAwareQuorumFunction:0.33349999999999996
CacheQuorumListenerTest:0.2866666666666667
QuorumTest:0.2
BaseQuorumListenerTest:0.06666666666666667
