SearchService:0.5333333333333333
TemplateQueryParserTest:0.24666666666666667
TemplateQueryTest:0.18866666666666668
