Reader:0.45666666666666667
MockWebServer:0.26
SpdyConnection:0.24333333333333335
Http20Draft04:0.14333333333333334
FrameReader:0.013333333333333334
