ThresholdingConfigFactory:0.59
EventdTest:0.2966666666666667
LatencyThresholder:0.21555555555555553
OpenNMSTestCase:0.17666666666666667
EventAnticipator:0.08666666666666667
LatencyThresholderTest:0.03333333333333333
