HazelcastClientTest:0.695
ClusterClientProxy:0.31222222222222223
Serializer:0.2372222222222222
