RedisEncoder:0.4666666666666667
StringCodec:0.28833333333333333
RedisCommand:0.25866666666666666
