TestServiceReference:0.48
HazelcastOSGiInstanceTest:0.48
TestBundleContext:0.31333333333333335
HazelcastOSGiScriptEngineTest:0.30666666666666664
HazelcastOSGiScriptEngineFactoryTest:0.30333333333333334
