Favorites:0.5066666666666667
AbstractEntryProcessor:0.36
Datepicker:0.36
EntryBuilder:0.26666666666666666
AjaxController:0.21333333333333335
WorkflowModule:0.20127777777777778
WorkflowUtils:0.19666666666666666
WfCondition:0.19666666666666666
WorkflowModuleImpl:0.17666666666666667
FavoritesTreeHelper:0.17292857142857143
DecisionAction:0.13833333333333334
