Err:0.40377777777777774
Out:0.40377777777777774
