TranslationUtil:0.7333333333333333
TranslateModuleAgent:0.44333333333333336
RewriteLocatorMsg:0.37333333333333335
RewriteAgent:0.22666666666666666
TranslateThrownExceptionUcon:0.12
TranslateLoopUcon:0.12
TranslateReturnUcon:0.12
TranslateOpVar:0.09666666666666666
TranslateLocalVar:0.09666666666666666
TranslateArraySubaddress:0.09
TranslateHeapObject1:0.09
