ValidateTransformationTest:0.4514444444444445
GM03Iso19139RountripTest:0.43666666666666665
