Files:0.5933333333333334
DefaultTokeniser:0.43388888888888894
TestGate:0.25666666666666665
