Tds:0.62
TdsConnection:0.45
TdsDataSource:0.31333333333333335
Driver:0.18666666666666668
TdsObjectFactory:0.09333333333333334
TdsDefinitions:0.014285714285714285
