ElasticsearchIntegrationTest:0.6905555555555555
RestTestExecutionContext:0.4816666666666667
ElasticsearchRestTestCase:0.29333333333333333
