OpenIdConstants:0.7801031746031746
OpenIdPostUrlHandlerMapping:0.39666666666666667
SamlServletContextListener:0.31666666666666665
WsFedServletContextListener:0.27666666666666667
OAuthConstants:0.011111111111111112
