jq_NativeThread:0.4
jq_Thread:0.36
GCBits:0.21333333333333335
jq_RegisterState:0.18333333333333332
GCBitsManager:0.18333333333333332
jq_InterrupterThread:0.1388888888888889
TraceMSGC:0.11333333333333333
SweepUnit:0.03
