FolderEntryComposite:0.3933333333333333
GwtViewHelper:0.38
FolderEntryDocument:0.32
FolderEntryHeader:0.2644444444444445
FolderEntryDetails:0.26
GwtTeamingDataTableImageBundle:0.21833333333333332
FolderEntryCallback:0.013333333333333334
