MoleculeTableContentProvider:0.6796666666666666
IMoleculeTableColumnHandler:0.33375
