GateException:0.58
Jdk:0.4088888888888889
Javac:0.18666666666666668
