MemberState:0.6128333333333333
MemberStateImpl:0.58
TimedMemberStateFactory:0.30333333333333334
SimpleCacheTest:0.22666666666666666
TimedMemberStateTest:0.12333333333333334
