CallTest:0.5233333333333333
HttpLoggingInterceptor:0.3171111111111111
HttpLoggingInterceptorTest:0.2966666666666667
HttpOverHttp2Test:0.26666666666666666
Http2SocketHandler:0.24666666666666667
