IDSTest:0.6983333333333334
TestRun:0.6066666666666667
TestsView:0.4266666666666667
AbstractWarningTest:0.2
