AnnotationBean:0.6766666666666666
AnnotationTable:0.43333333333333335
AnnotationBeanTest:0.2866666666666667
UpdateAnnotation:0.2633333333333333
AnnotationBeanImpl:0.21666666666666667
AllJUnitTests:0.21
AssignTasks:0.19333333333333333
StorableAnnotationBeanImpl:0.13666666666666666
AnnotationBeanFactory:0.13666666666666666
StoreStatement:0.02
StoreStatementTest:0.02
