JResource:0.39
ResContainer:0.2866666666666667
MainWindow:0.28
JSources:0.26416666666666666
JClass:0.25666666666666665
JRoot:0.1813888888888889
