HTMLOutput:0.5866666666666667
Report:0.47888888888888886
PropertyTreeWidget:0.35333333333333333
