EventBus:0.6866666666666666
SubscriberMethodFinder:0.43666666666666665
