JChemPaintPanel:0.73
JChemPaintEditorPanel:0.5266666666666666
AppCloser:0.2111111111111111
NewAction:0.16333333333333333
CloseAction:0.14333333333333334
