I18NBundle:0.6366666666666667
TextFormatter:0.36666666666666664
I18NSimpleMessageTest:0.3333333333333333
