SqlScript:0.5466666666666666
DbSupport:0.44095634920634924
Flyway:0.2
H2DbSupport:0.17777777777777776
HsqlDbSupport:0.17777777777777776
MySQLDbSupport:0.17777777777777776
OracleMediumTest:0.15333333333333332
OracleDbSupport:0.13166666666666665
MigrateMojo:0.11333333333333333
