CountedBitSet:0.6
LocalCheckpointTracker:0.4122222222222222
LocalCheckpointTrackerTests:0.2833333333333333
CountedBitSetTests:0.18333333333333332
SeqNoSet:0.08666666666666667
