Lifecycle:0.71
User:0.39
ServletConfig:0.3433333333333333
StringUtils:0.25666666666666665
LocalizationLocator:0.17666666666666667
