CallStep:0.5366666666666666
StepFactory:0.5333333333333333
Linker:0.22333333333333333
AbstractVirtualMachine:0.17
