DataSourceFactory:0.8266666666666667
DataSourceFactoryTest:0.24333333333333335
DataSourceConfigurationTest:0.12666666666666668
