CommonAnalysisFactoryTests:0.8958888888888888
AnalysisTestsHelper:0.5097222222222222
