ComputationGraphUpdater:0.6533333333333333
DataVecDataSetFunction:0.29333333333333333
