BaseLayer:0.8433333333333334
TestUpdaters:0.2733333333333333
TestGradientNormalization:0.23
TestCustomUpdater:0.19
TransferLearningMLNTest:0.13333333333333333
TransferLearningCompGraphTest:0.12
