Metadata:0.6183333333333333
FunctionInfo:0.59
MetadataManager:0.24666666666666667
ExpressionInterpreter:0.2438888888888889
FunctionRegistry:0.22
TupleAnalyzer:0.22
Visitor:0.18666666666666668
FunctionListBuilder:0.16666666666666666
InformationSchemaDataStreamProvider:0.16333333333333333
