HazelcastHttpSession:0.5555555555555556
WebFilter:0.49
RequestWrapper:0.3466666666666667
