JChemPaintPanel:0.43666666666666665
JChemPaintEditorApplet:0.26666666666666666
AbstractJChemPaintPanel:0.2633333333333333
SmilesSelection:0.15333333333333332
CopyPasteAction:0.13666666666666666
JCPMenuTextMaker:0.11666666666666667
JCPEditorAppletTest:0.09
