ClientEngineImpl:0.57
PhoneHome:0.44
AuthenticationBaseMessageTask:0.25666666666666665
PhoneHomeTest:0.22
PhoneHomeParameterCreator:0.20777777777777778
