ConfigManager:0.4866666666666667
ScriptJAXBParentListener:0.26438888888888895
ScriptExecutionEngine:0.21333333333333335
ScriptStepAddOrEditHandler:0.21333333333333335
