DefaultLdapAuthoritiesPopulator:0.8266666666666667
DefaultLdapAuthoritiesPopulatorTests:0.12666666666666668
