BuildingManager:0.5033333333333333
BuildingPanel:0.33
UnitInfoPanel:0.2866666666666667
BuildingPanelFarming:0.23666666666666666
BuildingConstructionMission:0.21
BalloonToolTip:0.19
TabPanelBots:0.08611111111111112
TabPanelCrew:0.08611111111111112
