VirtualEvent:0.6666666666666666
BuchiLocation:0.43333333333333335
LTLBenchmarker:0.33
StateGenerator:0.3
BFStrategy:0.21666666666666667
BoundedNestedDFSStrategy:0.20666666666666667
SPOEvent:0.20333333333333334
Generator:0.19666666666666666
DefaultModelCheckingStrategy:0.18666666666666668
MatchSetCollector:0.15666666666666668
MatchMapCollector:0.15333333333333332
AliasMatchesIterator:0.14
