GeoModelListener:0.6880000000000001
GeoLocation:0.5466666666666666
GeoMatcher:0.30333333333333334
GeoService:0.27666666666666667
GeoMap:0.2677777777777778
GeoModel:0.22333333333333333
Locator:0.16333333333333333
GeoView:0.14333333333333334
GedcomLayer:0.10666666666666667
