ListFolderHelper:0.65
WorkspaceTreeHelper:0.3433333333333333
ProfilesBinderHelper:0.25333333333333335
ViewEntryController:0.24666666666666667
