Query:0.49
QueryUtils:0.3336111111111111
TableUtils:0.24666666666666667
PresentationUtils:0.22
ViewDDLUtils:0.2
QueryDisplay:0.08666666666666667
