FreeMemManager:0.45
GCBits:0.38666666666666666
FreeMemStrategy:0.24653968253968253
MemUnitComparator:0.17222222222222222
WorstAdaptionStrategy:0.06
BestAdaptionStrategy:0.04666666666666667
