CertificateData:0.6033333333333334
UserData:0.47
CertificateStoreSessionBean:0.37333333333333335
UserAdminSessionBean:0.34
