ParameterAveragingTrainingMaster:0.44333333333333336
ParameterAveragingTrainingWorker:0.33666666666666667
TestCompareParameterAveragingSparkVsSingleMachine:0.22333333333333333
SparkDl4jMultiLayer:0.20666666666666667
SparkComputationGraph:0.2
CudnnConvolutionHelper:0.19333333333333333
ExecuteWorkerFlatMap:0.15666666666666668
ExecuteWorkerMultiDataSetFlatMap:0.15666666666666668
CudnnBatchNormalizationHelper:0.08666666666666667
CudnnSubsamplingHelper:0.08666666666666667
CudnnLocalResponseNormalizationHelper:0.08666666666666667
ParameterAveragingElementCombineFunction:0.019007936507936505
ParameterAveragingElementAddFunction:0.019007936507936505
