SqlExpressionGroup:0.38333333333333336
Response:0.3
ReqHeaderInjector:0.2966666666666667
Daos:0.25333333333333335
InsertByChainPItem:0.24333333333333335
SimpleCriteria:0.22333333333333333
RawView:0.21416666666666667
Cnd:0.2
TransLevelTest:0.19666666666666666
AbstractJdbcExpert:0.19333333333333333
AbstractAdaptor:0.11333333333333333
OrderBySet:0.09821428571428571
HttpTest:0.08
RawViewTest:0.03666666666666667
AnnotationIocProvider:0.016666666666666666
HttpStatusView:0.0
