ScriptingUtils:0.44666666666666666
CollectionUtils:0.4
RegisteredServiceScriptedAttributeFilter:0.26666666666666666
ReturnMappedAttributeReleasePolicy:0.26666666666666666
GroovyRegisteredServiceUsernameProvider:0.24333333333333335
AbstractCasWebflowConfigurer:0.24333333333333335
PasswordManagementWebflowConfigurer:0.22333333333333333
JdbcCloudConnection:0.22166666666666668
Rest:0.22166666666666668
WsFedClient:0.22166666666666668
CentralAuthenticationServiceImplWithMockitoTests:0.22
PasswordManagementProperties:0.19666666666666666
SwivelCredential:0.17905555555555555
ScriptedRegisteredServiceAttributeReleasePolicy:0.12
ConsentWebflowConfigurer:0.11333333333333333
AccountStatus:0.09
