XDSbRepositoryService:0.63
XDSExportMessage:0.3566666666666667
XDSImportMessage:0.3566666666666667
BasicXDSAuditMessage:0.3175
