TestFragmentManager:0.7366666666666667
ShadowDialogFragment:0.12666666666666668
DialogFragmentTest:0.11333333333333333
