Element:0.49
Selector:0.2866666666666667
AttributeStarting:0.20333333333333334
SelectorTest:0.18
