AbstractTypeDescriptionTest:0.4666666666666667
EnclosingType:0.4655555555555555
TypeWriterDefaultTest:0.3333333333333333
