Specifications:0.3678888888888889
TimerWheel:0.35
Caffeine:0.31
TimerWheelTest:0.30333333333333334
NodeSelectorCode:0.2733333333333333
HillClimberWindowTinyLfuPolicy:0.26
NodeFactoryGenerator:0.25666666666666665
BoundedLocalCache:0.24333333333333335
LocalCacheSelectorCode:0.23111111111111116
Expiry:0.20666666666666667
CaffeineTest:0.19333333333333333
AddDeques:0.15
PerfectFrequency:0.14333333333333334
MockCache:0.09
TimerWheelBenchmark:0.023333333333333334
AddExpireAfterAccess:0.013333333333333334
