Engine:0.43
RestService:0.42333333333333334
RestError:0.3233333333333333
EngineList:0.14
