ProxyDelegatingHandler:0.6666666666666666
AbstractAndroidTestRunner:0.2733333333333333
ProxyDelegatingHandlerTest:0.18666666666666668
MetaSheep:0.12527777777777777
TestFakeView:0.11904761904761905
TestFakeViewParent:0.10333333333333333
