Emitter:0.5433333333333333
ClassTransformer:0.30333333333333334
FieldTransformer:0.28
AddDelegateTransformer:0.26
AddClintTransformer:0.26
TransformerChain:0.16611111111111113
EmittingTransformer:0.14333333333333334
CodeTransformer:0.14277777777777778
AddStaticInitTransformer:0.12
