Configuration:0.62
RuntimeEnvironment:0.5133333333333333
Indexer:0.32666666666666666
HistoryGuru:0.3233333333333333
CVSRepository:0.24666666666666667
RuntimeEnvironmentTest:0.21666666666666667
IndexDatabase:0.205
ConfigurationsFrame:0.16
