Internal:0.56
OkHttpClient:0.5266666666666666
Address:0.4766666666666667
URLConnectionTest:0.31666666666666665
RouteSelectorTest:0.26666666666666666
RouteSelector:0.2561111111111111
ConnectionPoolTest:0.22666666666666666
HttpEngine:0.21333333333333335
CallTest:0.19666666666666666
AddressTest:0.12666666666666668
