ParserRule:0.8066666666666666
TokenMarker:0.43333333333333335
TagDecl:0.23
