BytecodeToQuad:0.43666666666666665
BasicBlock:0.38666666666666666
ControlFlowGraph:0.27
BuildMethodSummary:0.25333333333333335
MethodSummary:0.24333333333333335
TypeCheck:0.22444444444444447
GCBitsManager:0.22
JSRInfo:0.09666666666666666
