GwtRpcService:0.6916666666666667
GwtRpcServiceAsync:0.47222222222222227
GwtRpcServiceImpl:0.3016666666666667
GwtMainPage:0.2966666666666667
MastHead:0.25
SaveBrandingCmd:0.14666666666666667
GetSiteAdminUrlCmd:0.11333333333333333
SavePersonalPrefsCmd:0.11333333333333333
BooleanRpcResponseData:0.07666666666666666
StringRpcResponseData:0.07666666666666666
GetSiteBrandingCmd:0.013333333333333334
GetPersonalPrefsCmd:0.013333333333333334
