UserExt:0.8888333333333335
Common:0.47350000000000014
UserMgmtService:0.43666666666666665
