QueryRetrieveScpService:0.44333333333333336
StoreScp:0.43333333333333335
AbstractScpService:0.33
FindScp:0.23111111111111116
MultiCFindRsp:0.18133333333333332
MPPSScp:0.17333333333333334
MWLFindScp:0.16
