GrooveEnvironment:0.7516111111111111
PrologModel:0.39222222222222225
