Column:0.6033333333333334
DmlStatement:0.41
AbstractDatabasePlatform:0.34
JdbcSqlTemplate:0.22333333333333333
DbExportImportTest:0.16666666666666666
OracleDmlStatement:0.08333333333333333
PostgreSqlDmlStatement:0.07
