Plugin:0.6049999999999999
AbstractPlugin:0.48833333333333334
