Saros:0.73
RosterView:0.56
SubscriptionListener:0.22666666666666666
ViewLabelProvider:0.16444444444444445
GroupItem:0.13666666666666666
AddContactWizard:0.13333333333333333
UnfiledGroupItem:0.12
