GLGraphics2D:0.5133333333333333
AgileGraphics2D:0.35
EmbeddedWindowsManager:0.2833333333333333
NativeWindowManager:0.21
EmbeddedWindowManager:0.20666666666666667
MyMouseAdapter:0.15
MouseAndKeyboardEnum:0.0
