ComIWebBrowser2WithoutConnectionPoint:0.5344444444444445
ComInternetExplorerWithoutConnectionPoint:0.33666666666666667
ComEventCallbacksObjectFactory_Test:0.20333333333333334
ComEventCallbacksFactory_Test:0.20333333333333334
