CallStreamObserver:0.45240476190476187
ServerCallStreamObserver:0.40996031746031747
TransportCompressionTest:0.37
Fzip:0.27666666666666667
TestServiceImpl:0.22
ServerCallImpl:0.18333333333333332
LocalServer:0.18283333333333335
ServerCallStreamObserverImpl:0.17666666666666667
CompressionTest:0.17333333333333334
