ShowInfoThread:0.5432936507936508
EpisodeParserThread:0.5432936507936508
