CapturingTransport:0.56
TransportInstanceSingleOperationActionTests:0.3044444444444444
DiscoveryWithServiceDisruptionsIT:0.27166666666666667
TransportReplicationActionTests:0.26666666666666666
ShardStateAction:0.22666666666666666
TransportMasterNodeActionTests:0.20444444444444446
TransportBroadcastByNodeActionTests:0.20444444444444446
