JMagnifier:0.58
JMagnifierDialog:0.43
JMagnifierInterface:0.29333333333333333
JMagnifierEditorTest:0.19666666666666666
Main:0.10333333333333333
