Configuration:0.5980555555555556
DSLContext:0.49366666666666664
DefaultConfiguration:0.37666666666666665
Utils:0.36666666666666664
jOOQAbstractTest:0.3333333333333333
DefaultDSLContext:0.24666666666666667
