AbstractTestQueries:0.6511111111111111
LookupJoinOperator:0.44133333333333336
Visitor:0.2633333333333333
LookupJoinOperators:0.20633333333333334
PlanOptimizersFactory:0.18666666666666668
