AbstractWidgetRefHandler:0.6797222222222223
AbstractConfigurationParser:0.3938888888888889
