Peer:0.6733333333333333
BlockChain:0.4533333333333333
ToyWallet:0.4266666666666667
