ServerXMLDFHandler:0.57
CSSProperty:0.4633333333333333
CSSActionsRenderer:0.34
SwingCSSFactory:0.22666666666666666
ARINCCSSParser:0.18
CSSFactory:0.15833333333333333
CSSPropertiesRenderer:0.11666666666666667
