PrinterServiceMBean:0.5966666666666667
FilmBox:0.38
PrinterService:0.30666666666666664
PrintScpServiceMBean:0.26133333333333336
PrintScpService:0.24333333333333335
FilmSession:0.19333333333333333
FilmSessionService:0.18
FilmBoxService:0.15
