Activator:0.5033333333333333
LogUtils:0.3233333333333333
SequenceContentProvider:0.2966666666666667
BiojavaManager:0.25
TemplateBuilder:0.18333333333333332
BiojavaHelper:0.16
JsConsoleView:0.15666666666666668
TranslateRNAToDNAAction:0.15041847041847042
TranslateRNAToProteinAction:0.15041847041847042
DummyAction:0.14333333333333334
DummyActionHandler:0.11
BioclipsePreferenceInitializer:0.09333333333333334
