EditorLayer:0.4666666666666667
JFXFactory:0.43
SwingFactory:0.43
LineSegmentRenderer:0.21333333333333335
RendererUtils:0.17333333333333334
FilledPolyStartRenderer:0.16666666666666666
