AssignmentPage:0.47333333333333333
SpecMolDrawingComposite:0.45
AssignmentController:0.38
SelectByClickModule:0.14666666666666667
