ConstructionWizard:0.45666666666666667
MainDesktopPane:0.395
SettlementMapPanel:0.3566666666666667
TransportWizard:0.3
MainWindow:0.18
