PurgeService:0.5016666666666667
SqliteSymmetricDialect:0.4033333333333333
SqliteJdbcSqlTemplate:0.34
