Tables:0.5334444444444444
DefaultRenderContext:0.5266666666666666
