FOXMLMaker:0.53
IngestSIP:0.5166666666666667
StagingIngester:0.44333333333333336
