RedisConnection:0.7
RedisAsyncConnection:0.38333333333333336
RedissonSortedSet:0.3825396825396825
RedissonSortedSetTest:0.20333333333333334
