AccumulatorCompiler:0.5666666666666667
AggregationMetadata:0.5333333333333333
AggregationCompiler:0.25666666666666665
MinBy:0.25642857142857145
MaxBy:0.16142857142857145
MapAggregation:0.14476190476190476
CountColumn:0.14476190476190476
ArbitraryAggregation:0.14476190476190476
