ShadowMap:0.36
ShadowWrangler:0.36
InvocationProfile:0.2833333333333333
Builder:0.26666666666666666
SandboxTestRunner:0.23333333333333334
ClassHandler:0.18365079365079365
MyClassHandler:0.17166666666666666
MethodCallSite:0.13444444444444442
ShadowMapTest:0.11833333333333333
InvokeDynamicSupport:0.11666666666666667
RobolectricInternals:0.09333333333333334
RoboCallSite:0.043333333333333335
ShadowMetadata:0.03222222222222222
