JsonObjectInput:0.44333333333333336
FastJsonObjectInput:0.44333333333333336
ObjectInput:0.38098412698412704
DubboCodec:0.2916666666666667
JavaObjectInput:0.26666666666666666
Hessian2ObjectInput:0.23666666666666666
GenericObjectInput:0.13333333333333333
