QueryAST:0.8066666666666666
SQLUpdate:0.22333333333333333
