QueryInfo:0.57
SqlQueryExecution:0.26666666666666666
ImportTableExecution:0.2633333333333333
SqlQueryManager:0.22666666666666666
SimpleQuery:0.16
MockQueryManager:0.14666666666666667
