FlowBuilderContext:0.76
FlowBuilder:0.6133333333333333
XmlFlowBuilder:0.5466666666666666
FlowAssembler:0.29
RefreshableFlowDefinitionHolder:0.257
TextToTransitionCriteriaTests:0.22166666666666668
TextToTransitionCriteria:0.19666666666666666
FlowRegistryFactoryBean:0.19333333333333333
SerializedFlowExecutionContinuationFactoryTests:0.19
MockFlowBuilderContext:0.19
AbstractFlowBuilder:0.16666666666666666
TextToTargetStateResolver:0.16
AbstractExternalizedFlowExecutionTests:0.16
FlowAssemblerTests:0.15833333333333333
XmlFlowBuilderTests:0.15666666666666668
TransitionExecutingFlowExecutionExceptionHandlerTests:0.14
RefreshableFlowDefinitionHolderTests:0.11666666666666667
FlowBuilderContextImpl:0.11333333333333333
LocalFlowBuilderContext:0.11
SearchFlowExecutionTests:0.1
AbstractXmlFlowExecutionTests:0.0525
SimpleFlowBuilder:0.01
FlowRelativeResourceLoader:0.01
ViewResourceExpression:0.006666666666666667
