ClusterSession:0.37666666666666665
ConsensusModule:0.33
SequencerAgent:0.31333333333333335
LogAppender:0.2911111111111111
ClusteredServiceAgent:0.27666666666666667
ClientSession:0.22333333333333333
SequencerAgentTest:0.15
ConsensusModuleSnapshotTaker:0.1
ServiceSnapshotTaker:0.09
