DesignerLogger:0.5266666666666666
Variable:0.44333333333333336
IOUtils:0.38
FormNode:0.37666666666666665
DesignerGraphicalEditorPart:0.30833333333333335
Swimlane:0.3
DesignerEditor:0.24
Param:0.23
WYSIWYGHTMLEditor:0.21666666666666667
MethodTag:0.21644444444444447
InfoPathSupport:0.21
BSHEditorDialog:0.20166666666666666
FreemarkerUtil:0.19666666666666666
EditorUtils:0.1877777777777778
PortabilityRefactoring:0.17666666666666667
BaseHtmlFormType:0.17333333333333334
TaskState:0.17
GlobalValidatorsWizardPage:0.16666666666666666
ConstructorView:0.16
ErrorLogView:0.16
EditorHashModel:0.15333333333333332
PhraseDecliner:0.15
ValidationUtil:0.14933333333333335
PluginConstants:0.13
ImageCellEditor:0.13
CKEditorDialogCreatorHelper:0.12333333333333334
CreateVariableDialog:0.12
SwimlaneActionsDelegate:0.12
CopyVariableAction:0.11666666666666667
AlfHandlerProvider:0.11666666666666667
ApplicationWorkbenchAdvisor:0.11666666666666667
BSHCellEditorProvider:0.11333333333333333
RenameRefactoringWizard:0.11
GpdXmlContentProvider:0.11
ParamBasedProvider:0.11
ActionDescriptionContentProvider:0.11
From2JpdlModelConverter:0.1
SQLHandlerCellEditorProvider:0.08666666666666667
PasteVariableSelectionListener:0.08333333333333333
MyTemplateExceptionHandler:0.08333333333333333
FtlTagSupportServlet:0.08333333333333333
IgnoreSubstitutionAction:0.08333333333333333
CreateVariableSelectionListener:0.08
ChangeVariableSelectionListener:0.07666666666666666
SwimlaneAssignerCellEditorProvider:0.07
NotificationMessages:0.07
IgnoreSubstitutionCommand:0.06666666666666667
VariablesXmlContentProvider:0.06666666666666667
SubstitutionExceptionsXmlContentProvider:0.035833333333333335
