EntryTitleInfo:0.44333333333333336
ContentControl:0.4266666666666667
GwtMainPage:0.3433333333333333
EntryTitleCell:0.2966666666666667
TreeDisplayVertical:0.27
DataTableFolderViewBase:0.25333333333333335
GwtTeamingFilrImageBundle:0.23666666666666666
GwtViewHelper:0.21
