StructureTableEditingSupport:0.56
SDFEditor:0.5122222222222222
StructureTablePage:0.4533333333333333
