SWTWorkarounds:0.5866666666666667
ScrollBarTester:0.4066666666666667
TableTester:0.33666666666666667
WidgetLocator:0.2561111111111111
