AutoConfigBeanDefinitionParser:0.48333333333333334
SecurityNamespaceHandler:0.35
BeanDefinitionParserUtils:0.33166666666666667
FilterSecurityInterceptorBeanDefinitionParser:0.15444444444444444
PrincipalRepositoryBeanDefinitionParser:0.14666666666666667
