ReplicatedChronicleMap:0.45666666666666667
TcpSocketChannelEntryWriter:0.38333333333333336
TcpSocketChannelEntryReader:0.355
TcpReplicator:0.31
TcpReplicationSoakTest:0.23666666666666666
TCPSocketReplicationTest:0.21333333333333335
