MimeNotifyPreparator:0.6866666666666666
MimeEntryPreparator:0.41111111111111115
MimeMapPreparator:0.21111111111111108
