ShapeState:0.5333333333333333
RuleDependencies:0.48333333333333334
MatchSetCollector:0.38
StateCache:0.2733333333333333
ConfluentMatchSetCollector:0.1
