InputTag:0.6797222222222223
dateEditor:0.44527777777777783
