Table:0.6133333333333333
SplitPane:0.4033333333333333
SelectBox:0.3
Window:0.29333333333333333
UITest:0.2377777777777778
