HTMLDocument:0.48833333333333334
TreeWalker:0.36
HTMLTableRowElement:0.2633333333333333
HtmlUnitContextFactory:0.23333333333333334
HTMLTableCellElement:0.22333333333333333
HTMLTableElementTest:0.19
HTMLTableRowElementTest:0.18
