SuggestBuilder:0.43666666666666665
SearchSourceBuilder:0.4033333333333333
SuggestRequest:0.36333333333333334
SuggestBuilderTests:0.29
TermSuggestionBuilderTests:0.24666666666666667
AbstractSuggestionBuilderTestCase:0.24333333333333335
CompletionSuggesterBuilderTests:0.14833333333333334
RestSuggestAction:0.09
