NodeChannel:0.35333333333333333
Channel:0.29
ConfigurationService:0.29
RouterService:0.2833333333333333
DataExtractorService:0.20666666666666667
RouterServiceTest:0.20666666666666667
NodeChannelControl:0.19666666666666666
OutgoingBatchService:0.18166666666666667
IConfigurationService:0.1592063492063492
DataMetaData:0.11333333333333333
OutgoingBatchServiceTest:0.10666666666666667
DefaultBatchAlgorithm:0.08
NonTransactionalBatchAlgorithm:0.08
NodeConcurrencyFilterTest:0.07333333333333333
NodeConcurrencyFilter:0.06666666666666667
ConfigurationServiceTest:0.06
