Client:0.6466666666666666
Jedis:0.4533333333333333
PersistenceControlCommandsTest:0.3433333333333333
