ConnectionManager:0.6633333333333333
BaseRedisPubSubListener:0.47
PubSubConnectionEntry:0.38333333333333336
MasterSlaveConnectionManager:0.27
MasterSlaveEntry:0.25666666666666665
CommandDecoder:0.23666666666666666
PubSubMessageListener:0.20333333333333334
PublishSubscribe:0.18333333333333332
SentinelConnectionManager:0.17
RedissonTopicTest:0.16333333333333333
PubSubMessage:0.15333333333333332
RedissonPatternTopicReactive:0.14
RedissonTopic:0.11
PubSubMessageDecoder:0.10666666666666667
RedissonTopicReactive:0.1
RedissonPatternTopic:0.07666666666666666
RedissonTopicPatternTest:0.03333333333333333
