Property:0.6625555555555555
ModelImpl:0.4666666666666667
ModelResolver:0.38
AbstractProperty:0.30333333333333334
ModelPropertyTest:0.08333333333333333
