Row:0.5266666666666666
MoleculesEditor:0.42333333333333334
MoleculeTableContentProvider:0.32666666666666666
MultiPageMoleculesEditorPart:0.22
Header:0.05333333333333334
