UploadTask:0.48333333333333334
ITask:0.34
DownloadTask:0.21666666666666667
