HttpProtocol:0.5458333333333333
WebSocketProtocol:0.26
Processor:0.25333333333333335
LazyNettyResponseBodyPart:0.25333333333333335
