Variable:0.5966666666666667
VariableWizard:0.30333333333333334
VariableFormatPage:0.18
VariablesXmlContentProvider:0.14
MultiTaskExecutorsActionsDelegate:0.11333333333333333
TableViewerLabelProvider:0.10666666666666667
VariableNamePage:0.09333333333333334
PasteVariableSelectionListener:0.08333333333333333
ChangeVariableSelectionListener:0.08333333333333333
VariableDefaultValuePage:0.08333333333333333
CreateVariableSelectionListener:0.08333333333333333
ContentWizardPage:0.07
VariableAccessPage:0.04666666666666667
DynaContentWizardPage:0.0
