Reprap:0.38666666666666666
Preferences:0.37666666666666665
Main:0.35333333333333333
Utility:0.27
GenericStepperMotor:0.26
