SpecMolResource:0.6233333333333333
AssignmentPage:0.45666666666666667
SpecMolEditor:0.22166666666666668
SpecMolSpectrumChildResource:0.14333333333333334
