Bisimulator:0.7533333333333333
DefaultIsoChecker:0.53
IsoSearchItem:0.38333333333333336
IsoSearchPair:0.13
