ItemOrientedStep:0.6233333333333333
ListenerMulticaster:0.2578888888888889
