IndexBufferObject:0.6966666666666667
Mesh:0.5666666666666667
LwjglDebugStarter:0.20333333333333334
