BindingUtil:0.9333333333333333
Functionizer:0.34
PrivateDeclarationResolver:0.29333333333333333
