AuditLogger:0.55
StudyDeleted:0.42
AuditLoggerImpl:0.37333333333333335
IHEYr4:0.36666666666666664
