SnmpPeerFactory:0.7
HttpMonitor2:0.39
SnmpPeerFactoryTest:0.2833333333333333
HttpMonitorTest:0.06666666666666667
