RequestInfo:0.6066666666666667
PermaLinkUtil:0.48
GwtUIHelper:0.33
ActivityStreamCache:0.30333333333333334
TreeDisplayHorizontal:0.29003968253968254
TreeDisplayVertical:0.20666666666666667
WorkspaceTreeControl:0.2
GwtMainPage:0.195
ViewPermalinkController:0.19
LoginFilter:0.17666666666666667
TreeDisplayBase:0.17333333333333334
ActivityStreamParams:0.15
WebKeys:0.1
LoginController:0.1
