Edge:0.5466666666666666
Vertex:0.5033333333333333
Graph:0.4166666666666667
Graphs:0.22666666666666666
Dijkstra:0.19
BellmanFord:0.16333333333333333
CycleDetection:0.14666666666666667
ConnectedComponents:0.14666666666666667
Prim:0.12666666666666668
FloydWarshall:0.12666666666666668
TopologicalSort:0.12666666666666668
Johnson:0.11666666666666667
