OsgiServiceFactoryBean:0.4266666666666667
ManagedServiceFactoryTest:0.39
Listener:0.2816666666666667
BaseConfigurationAdminTest:0.23666666666666666
