Create2DActionDelegate:0.7133333333333334
Create3DCoordinatesJob:0.49379365079365073
