LazyTypeDescription:0.5133333333333333
Default:0.3516666666666667
AnnotationToken:0.32666666666666666
MethodCallProxy:0.22
TypeProxy:0.22
MethodDelegation:0.215
FieldExtractor:0.18666666666666668
MethodToken:0.18333333333333332
ForLoadedField:0.175
TypeListEmptyTest:0.17333333333333334
TypeListForLoadedTypeTest:0.17333333333333334
MethodCall:0.17
ForDefaultMethod:0.16666666666666666
InvocationFactory:0.16
Appender:0.15666666666666668
LazyMethodDescription:0.14666666666666667
MethodExtractor:0.14333333333333334
DefaultValueTest:0.14
TypeExtractor:0.13666666666666666
OnTypeCollector:0.13333333333333333
FieldToken:0.13333333333333333
ForComplexArray:0.12666666666666668
AnnotationVisibilityTest:0.11
AnnotationExtractor:0.11
AnnotationInvocationHandler:0.09666666666666666
LazyFieldDescription:0.09
LazyTypeList:0.08666666666666667
ComponentTypeLocator:0.07805555555555556
ForClassLoader:0.06666666666666667
TypeListExplicitTest:0.06333333333333334
ForAnnotationProperty:0.05
TypeProxyObjectPropertiesTest:0.05
ForSuperMethodByConstructor:0.04666666666666667
ForSuperMethodByReflectionFactory:0.02666666666666667
LazyAnnotationDescription:0.013333333333333334
FixedArrayReturnType:0.006666666666666667
AnnotationRegistrant:0.006666666666666667
