ScriptEditor:0.5466666666666666
ScriptModel:0.5133333333333333
