Type:0.8433333333333334
PropertyList:0.6766666666666666
LookCapacities:0.4633333333333333
ElementDefinition:0.41305555555555556
ElementCapacities:0.34365079365079365
LookHandler:0.3433333333333333
NamedElement:0.3272804232804233
Constant:0.2733333333333333
TypeFactory:0.25
LookDefinition:0.22666666666666666
SynthTypeFactory:0.22333333333333333
Element:0.21
LookModelPlugin:0.18333333333333332
LookDefinitionDialog:0.17666666666666667
Context:0.16333333333333333
ValuedElement:0.16333333333333333
Property:0.12666666666666668
StateDefinition:0.09111111111111111
StyleSet:0.06833333333333333
SynthLookDefinition:0.06
Table:0.058333333333333334
WidgetCapacities:0.055
Enumerate:0.055
ComponentCapacities:0.055
TypeDefinition:0.05333333333333334
TypedElement:0.04666666666666667
SynthTypesList:0.04666666666666667
WidgetDefinition:0.03666666666666667
ComponentDefinition:0.03666666666666667
TableEntry:0.03333333333333333
CapacitiesAttribute:0.013333333333333334
PropertyParsingException:0.013333333333333334
NamedElementImpl:0.006666666666666667
CheckLookCapacitiesAction:0.006666666666666667
CheckLookDefinitionAction:0.0027777777777777775
ElementImpl:0.0
AbstractContext:0.0
