HighlighterSearchIT:0.49333333333333335
FetchSourceSubPhaseTestSearchContext:0.43
SearchFieldsIT:0.29
FetchSourceSubPhaseTests:0.21333333333333335
