NameTable:0.38
ObjectiveCHeaderGeneratorTest:0.36
ObjectiveCImplementationGeneratorTest:0.2633333333333333
PrimitiveArrayTest:0.26
StatementGeneratorTest:0.24666666666666667
