CertificateExpirationNotifierWorker:0.49111111111111116
SecConst:0.4666666666666667
TestCertificateExpire:0.3433333333333333
