IndexService:0.7855555555555557
TransportShardReplicationOperationAction:0.5833333333333334
IndexMetaData:0.5533333333333333
IndicesClusterStateService:0.18666666666666668
InternalIndexService:0.07666666666666666
ShardStateAction:0.04833333333333333
SimpleIdCacheTests:0.04666666666666667
MetaDataCreateIndexService:0.023333333333333334
