DefaultXMLExporter:0.7066666666666667
DefaultBinaryExporter:0.3933333333333333
