IteratorPageDownstream:0.5733333333333334
CollectingRowReceiver:0.495
IteratorPageDownstreamTest:0.31333333333333335
