JPPFDriver:0.7033333333333334
DriverJobManagement:0.23666666666666666
WaitInitialBundleState:0.19333333333333333
CancelJobTask:0.16333333333333333
TaskQueueChecker:0.15333333333333332
JPPFDriverAdmin:0.15333333333333332
JobEventTask:0.12666666666666668
