NameGen:0.6433333333333333
MthParameterArg:0.5166666666666667
ProcessVariables:0.4533333333333333
