AnnotationDiff:0.74
TestAnnotationDiff:0.24
AnnotationDiffCellRenderer:0.22333333333333333
TestGate:0.12777777777777777
