FastClippingGraphics:0.6797222222222223
ApolloFrame:0.6754444444444445
