MainScene:0.7966666666666666
ComboBoxFX:0.45
SettlementMapPanel:0.37666666666666665
SettlementTransparentPanel:0.35333333333333333
ComboBoxItem:0.19833333333333333
