FilterFactory:0.5336111111111111
FilterFactoryFactory:0.3
FilterFactoryParams:0.27666666666666667
JUnitCommandLineParser:0.11333333333333333
CategoryFilterFactoryTest:0.043333333333333335
FilterFactoryFactoryTest:0.03666666666666667
CategoryFilterFactory:0.03333333333333333
