ShadowArscAssetManager:0.4266666666666667
ReflectionHelpers:0.38
ResXMLParser:0.33666666666666667
Chunk:0.33
ResChunk_header:0.27666666666666667
ResTableTheme:0.25083333333333335
PackageChunk:0.24166666666666667
ResXMLTree:0.23666666666666666
AttributeSetBuilder:0.23333333333333334
StringPoolChunk:0.22
Robolectric:0.20388888888888887
ShadowResources:0.20333333333333334
ShadowResourcesTest:0.16333333333333333
ResXMLTree_attribute:0.15111111111111108
ResXMLTree_attrExt:0.14833333333333332
ResXMLTree_node:0.09
ResStringPool_ref:0.07777777777777778
ResXMLTree_header:0.07666666666666666
ResXMLTree_endElementExt:0.056666666666666664
xml:0.04666666666666667
ResStringPoolHeader:0.04666666666666667
Res_value:0.023888888888888887
ShortWriter:0.0
ResourceTypes:0.0
ResTableType:0.0
ResTable_ref:0.0
ResTableHeader:0.0
FutureWriter:0.0
IntWriter:0.0
ResTableTypeSpec:0.0
ResTablePackage:0.0
