DownloadListener:0.6527777777777778
TemplateManager:0.4866666666666667
DownloadTask:0.4066666666666667
HttpUtils:0.38333333333333336
Listener:0.3819047619047619
