GeoPoint:0.38666666666666666
BasePolygonBuilder:0.3466666666666667
Edge:0.3466666666666667
ShapeBuilder:0.34
GeoUtils:0.31
MultiPointBuilder:0.29
Ring:0.25666666666666665
PointCollection:0.24
MultiLineStringBuilder:0.22611111111111115
GeoJSONShapeParserTests:0.21333333333333335
PolygonBuilder:0.21
MultiPolygonBuilder:0.20722222222222222
BaseLineStringBuilder:0.19666666666666666
GeoShapeFieldMapper:0.19
CircleBuilder:0.16666666666666666
ShapeBuilderTests:0.16
EnvelopeBuilder:0.12777777777777777
GeoPolygonDocIdSet:0.11
PointBuilder:0.09111111111111111
CoordinateNode:0.07666666666666666
