LongTermsTests:0.43666666666666665
DoubleTermsTests:0.43666666666666665
StringTermsTests:0.3466666666666667
