WxService:0.8221031746031746
WxServiceImpl:0.6166666666666667
WxServiceTest:0.5533333333333333
