Type:0.8666666666666667
BaseType:0.3933333333333333
TypeBuilder:0.32
