RrPolygonList:0.5666666666666667
BooleanGridList:0.44333333333333336
AllSTLsToBuild:0.26666666666666666
