LayoutMap:0.48
GraphInfo:0.39666666666666667
LayoutIO:0.35
ElementMap:0.24333333333333335
ShapeMorphism:0.22666666666666666
GraphToTikz:0.22359523809523807
JModel:0.22
DefaultArchiveSystemStore:0.21666666666666667
AspectJModel:0.21
AbstractGraph:0.20470634920634923
HostToShapeMap:0.18
GraphManager:0.17
AbstractJaxbGxlIO:0.16333333333333333
LayedOutXml:0.13
