RoboAttributeSetTest:0.6730555555555555
Converter:0.4866666666666667
AttrResourceLoader:0.3333333333333333
