AccessControlManagerImpl:0.5105555555555555
NullAccessControlManager:0.35833333333333334
AccessControlManager:0.33166666666666667
