BlogCalendar:0.5533333333333333
CalendarPlugin:0.4866666666666667
BlojsomConstants:0.426626984126984
