CameraManager:0.7366666666666667
BarcodeReaderCaptureActivity:0.4066666666666667
