ClusterFixture:0.4166666666666667
DBCollectionAggregationTest:0.32
DBCollectionTest:0.31333333333333335
DBCursorOldTest:0.28
DBCursorTest:0.2733333333333333
MapReduceTest:0.25
DBTest:0.21666666666666667
QueryBuilderTest:0.21666666666666667
OperationHelper:0.208
