ASTParserLoadingTest:0.5966666666666667
Customer:0.42
BinaryLogicOperatorNode:0.2833333333333333
QueryBuilderTest:0.19333333333333333
UnaryLogicOperatorNode:0.13666666666666666
