DocumentParser:0.41333333333333333
ParseContext:0.39666666666666667
InternalParseContext:0.39
FieldTypeLookupTests:0.27666666666666667
DynamicMappingTests:0.23
SimpleObjectMappingTests:0.20333333333333334
FilterParseContext:0.16777777777777778
OtherFakeFieldType:0.11333333333333333
DocumentParserTests:0.07333333333333333
