Elvin:0.5033333333333333
ConnectionOptions:0.36666666666666664
Subscription:0.3
LogFailTester:0.25333333333333335
FrameCodec:0.22333333333333333
AcceptorConnectorSetup:0.14777777777777779
JUTestLivenessFilter:0.11
LegacyConnectionOptions:0.03666666666666667
JUTestLegacyConnectionOptions:0.03
