OkHttpClientTransport:0.49666666666666665
OkHttpClientTransportTest:0.37666666666666665
OkHttpChannelBuilder:0.2833333333333333
OkHttpTransportFactory:0.16666666666666666
OkHttpTlsUpgrader:0.11666666666666667
Http2OkHttpTest:0.11333333333333333
