Concept:0.7933333333333333
KeywordsSearcher:0.4066666666666667
