Step:0.5066666666666667
Script:0.46
ComponentReference:0.2833333333333333
ScriptEditorFrame:0.25666666666666665
MyCode:0.11666666666666667
