Bugs:0.41944444444444445
BugsTest:0.41333333333333333
RobotAWTModeTest:0.37333333333333335
