Strings:0.7333333333333333
NutFilePool:0.4766666666666667
FilePool:0.3175
StringsTest:0.15333333333333332
