MasterConfig:0.7388888888888889
MasterService:0.4
MasterParser:0.36333333333333334
