ObjectFactory:0.5466666666666666
KuwaibaService:0.31437301587301586
LocalBookmark:0.22333333333333333
CommunicationsStub:0.19333333333333333
RemoteBookmark:0.10333333333333333
ReleaseObjectsFromBookmark:0.04611111111111111
AssociateObjectsToBookmark:0.04611111111111111
CreateBookmarkForUser:0.042777777777777776
GetBookmarkItems:0.042777777777777776
UpdateBookmark:0.042777777777777776
ObjectIsBookmarkItemIn:0.042777777777777776
GetBookmarkItemsResponse:0.03222222222222222
DeleteBookmarks:0.03
UpdateBookmarkResponse:0.02722222222222222
ReleaseObjectsFromBookmarkResponse:0.023888888888888887
AssociateObjectsToBookmarkResponse:0.023888888888888887
DeleteBookmarksResponse:0.023888888888888887
GetBookmark:0.013333333333333334
GetBookmarksForUser:0.013333333333333334
GetBookmarksForUserResponse:0.0
GetBookmarkResponse:0.0
ObjectIsBookmarkItemInResponse:0.0
CreateBookmarkForUserResponse:0.0
