MockElement:0.27
PollableService:0.24666666666666667
OutageAnticipator:0.23444444444444448
MockDatabase:0.23333333333333334
Outage:0.20333333333333334
MockMonitor:0.2
PollerTest:0.18666666666666668
