StoreScpService:0.51
SeriesBean:0.5
StoreScp:0.35333333333333333
StorageBean:0.31666666666666665
