BioResourceTransfer:0.7633333333333333
BioResourceView:0.45666666666666667
PasteBioResourceAction:0.03666666666666667
CopyBioResourceAction:0.029166666666666667
CutBioResourceAction:0.029166666666666667
BioResourceDropAdapter:0.016666666666666666
BioResourceDragListener:0.016666666666666666
