MetadataCache:0.7969444444444443
ImportClientFactory:0.44333333333333336
TestImportClientFactory:0.26666666666666666
