Project:0.8266666666666667
MockLog:0.5747698412698412
ProjectTest:0.18666666666666668
