jOOQAbstractTest:0.6072222222222222
CRUDTests:0.48
UpdatableRecordImpl:0.37666666666666665
