TypesModel:0.6633333333333333
TypesPanel:0.3
EnsJAdapterGUI:0.23333333333333334
EnsJAdapter:0.22
DataFetcher:0.19666666666666666
ShowAbInitioCountsByTypeHandler:0.13333333333333333
ChangeDatabaseHandler:0.09666666666666666
SelectNewEnsemblDatabaseHandler:0.08
