Application:0.5336785714285714
SimpleTest:0.48
JoglGraphics:0.47
AndroidGraphics:0.4066666666666667
AndroidApplication:0.29333333333333333
DestroyListener:0.1851547619047619
JoglApplication:0.11333333333333333
