AuthyClientInstance:0.51
AuthyConfiguration:0.38333333333333336
AuthyAuthenticationHandler:0.31333333333333335
AuthyAuthenticationWebflowAction:0.15666666666666668
