PDA:0.5116666666666667
Lexer:0.38777777777777783
PDABytecodeTriggers:0.31333333333333335
DFA10:0.17777777777777778
DFA16:0.17777777777777778
