TdsCore:0.6566666666666666
RequestStream:0.31333333333333335
ResponseStream:0.31333333333333335
ResultSetTest:0.2563888888888889
SharedSocket:0.22666666666666666
JDBC3Test:0.11666666666666667
