DefaultDnsRecordEncoder:0.6033333333333334
DefaultDnsRecordDecoder:0.47111111111111104
