TODSession:0.6133333333333333
TODSessionImpl:0.48333333333333334
MirroredPrimitiveJVMImpl:0.27
FieldVariableJVMImpl:0.23
MirroredObjectInstanceJVMImpl:0.13666666666666666
