CrawlerBase:0.41333333333333333
FileAccessor:0.4033333333333333
FileSystemCrawler:0.37666666666666665
MovableDataSource:0.3441666666666667
FileSystemDataSourceFactory:0.23666666666666666
TestMovingFoldersFileSystemCrawler:0.03333333333333333
TestFileSystemDataSource:0.014166666666666666
