Renderer:0.5930555555555557
Console:0.4533333333333333
AutoCompletion:0.25
ConsoleCommand:0.19666666666666666
ScriptCommand:0.17333333333333334
VarListCommand:0.12666666666666668
CompletionList:0.11666666666666667
CompletionWindow:0.08333333333333333
StaticAutoCompletionRenderer:0.07
