ClientEndpointManager:0.6766666666666666
ClientEngineImpl:0.39666666666666667
ClientEndpointManagerImpl:0.36
AuthenticationBaseMessageTask:0.34
ClientServiceTest:0.33
ConnectionListenerImpl:0.2866666666666667
DestroyEndpointTask:0.19666666666666666
