ClassFinder:0.8
BaseTestSuite:0.26
QedeqTestSuite:0.23
BasePestSuite:0.09333333333333334
BaseEachClassHasATest:0.013055555555555556
EachClassHasATestCase:0.01
