GenericUIRenderer:0.6733333333333333
GenericUIComponent:0.6266666666666667
ComponentFactory:0.5866666666666667
GenericUIHandler:0.18
RichfacesComponentFactory:0.12666666666666668
Block:0.06333333333333334
Library:0.01
BaseComponentHandler:0.0
