OkBuffers:0.5997222222222222
OkBufferTest:0.38666666666666666
InflaterSourceTest:0.3033333333333333
