GeneBuilder:0.63
BasicState:0.5066666666666667
IntronState:0.29333333333333333
