Tab:0.7916666666666666
MovieTest:0.3
AuthorTest:0.26666666666666666
