NutStatement:0.5177777777777777
NutSql:0.4666666666666667
NutPojo:0.45216666666666666
DaoTimeInterceptor:0.21333333333333335
