BlackPointEstimator:0.37666666666666665
LCDUIImageMonochromeBitmapSource:0.34
BufferedImageMonochromeBitmapSource:0.29333333333333333
CommandLineRunner:0.27
UPCDecoder:0.25333333333333335
