BuildInfo:0.7133333333333334
ClientLoggingService:0.25666666666666665
LoggingServiceImpl:0.23
PhoneHome:0.19666666666666666
PhoneHomeTest:0.17666666666666667
BuildInfoProvider:0.15333333333333332
DefaultLogger:0.14333333333333334
BuildInfoPlugin:0.1
