JedisException:0.6033333333333334
Connection:0.4066666666666667
