Commandline:0.7066666666666667
CruiseRuntime:0.18
MockRuntime:0.16333333333333333
CommandLineTest:0.07666666666666666
