Config:0.49
JdbcChadoAdapter:0.4766666666666667
Style:0.38666666666666666
ChadoInstance:0.38333333333333336
PostgresChadoAdapter:0.2833333333333333
SybaseChadoAdapter:0.19583333333333333
FlybaseChadoInstance:0.09
TigrSybilChadoInstance:0.06333333333333334
