FeatureCollection:0.5466666666666666
AssociationType:0.4866666666666667
