MongoClient:0.62
MongoDatabase:0.5533333333333333
MongoCollection:0.5505555555555556
MongoQuery:0.53
MongoOperations:0.415
MongoCollectionImpl:0.37
MongoDatabaseImpl:0.25666666666666665
SingleServerMongoOperations:0.25333333333333335
SingleServerMongoClient:0.22666666666666666
MongoInsert:0.21
SingleChannelMongoOperations:0.18
SingleChannelMongoClientTest:0.15
SingleChannelMongoClient:0.15
MongoChannelTest:0.14333333333333334
MongoCollectionTest:0.14
AbstractCommand:0.13666666666666666
MongoUpdate:0.11277777777777777
MongoDelete:0.05333333333333334
MongoWrite:0.006666666666666667
