AbstractVersionsQuery:0.611111111111111
SimpleQuery:0.3333333333333333
AuditConjunction:0.24333333333333335
AuditDisjunction:0.24333333333333335
