AttributeFilter:0.43833333333333335
MyHandler:0.388
StorageBean:0.33666666666666667
MPPSManagerBean:0.17666666666666667
MWLManagerBean:0.17666666666666667
