Context:0.28
Planner:0.25333333333333335
NestedLoopConsumerTest:0.25
ManyTableConsumer:0.22666666666666666
SubExecutionContextFuture:0.21333333333333335
InputColumn:0.21
ConsumingPlanner:0.18333333333333332
SQLTransportExecutor:0.16666666666666666
ConsumerContext:0.15666666666666668
MultiShardScoreDocCollector:0.15333333333333332
CopyStatementPlanner:0.14333333333333334
ESJobContext:0.13666666666666666
PositionalOrderBy:0.13666666666666666
LuceneDocCollectorProvider:0.12
ESDeleteTask:0.10333333333333333
FetchOperationIntegrationTest:0.09666666666666666
RowReceivers:0.09333333333333334
Visitor:0.08
