QsarType:0.545
PreprocessingStepType:0.52
DescriptorimplType:0.5033333333333333
QsarPackage:0.4633333333333333
QsarPackageImpl:0.39
DescriptorimplTypeImpl:0.36666666666666664
QsarFactory:0.3337857142857143
QsarAdapterFactory:0.26
PreprocessingStepTypeImpl:0.25333333333333335
QsarTypeImpl:0.21333333333333335
QsarFactoryImpl:0.17666666666666667
PreprocessingType:0.16666666666666666
QsarSwitch:0.15333333333333332
PreprocessingTypeImpl:0.06944444444444443
Literals:0.013333333333333334
