SoapFaultDetailElement:0.45092857142857146
PayloadValidatingInterceptorTest:0.39
PayloadValidatingInterceptor:0.35333333333333333
SaajSoapFaultDetailElement:0.24666666666666667
AxiomSoapFaultDetailElement:0.24666666666666667
