LuceneUtils:0.29333333333333333
ProfileIndexerServiceImpl:0.2833333333333333
ProfileAnalyzer:0.2683333333333333
WrongDataServiceImpl:0.23333333333333334
LuceneServiceImpl:0.21666666666666667
GoogleStyleQueryParser:0.21166666666666667
ProfileSearchServiceImpl:0.21
ProfileExporter:0.1
