Wallet:0.45666666666666667
Script:0.4175
ScriptPattern:0.3933333333333333
TransactionOutput:0.3233333333333333
TransactionOutPoint:0.26666666666666666
WalletTest:0.25333333333333335
ScriptTest:0.19333333333333333
KeyTimeCoinSelector:0.17277777777777778
