GUIRegistry:0.5833333333333334
DisconnectNetworkAction:0.3933333333333333
ConnectNetworkAction:0.21
GUIRegistryConstants:0.02
