ScriptRuntime:0.62
Context:0.5491666666666667
ContextFactory:0.3433333333333333
EvalScopeTest:0.26666666666666666
