AuditRecord:0.48
AuditRecordList:0.37
AuditRecordListAction:0.31333333333333335
AuditRecordEntry:0.23666666666666666
