Maplist:0.43
Objs:0.38666666666666666
Json:0.3466666666666667
JsonEntityField:0.23666666666666666
NutConf:0.18666666666666668
ObjectNavlPairInjector:0.11333333333333333
