AdminScriptRunner:0.5941666666666666
Messages:0.4909444444444445
ScriptingServiceBean:0.25333333333333335
ImportDataFileAction:0.22
