StreamSessionInputStream:0.5433333333333333
StreamServiceManager:0.43
SessionViewToolBar:0.32666666666666666
PacketSender:0.22888888888888886
PacketReceiver:0.21333333333333332
StreamSessionOutputStream:0.20666666666666667
SessionView:0.195
SendFileAction:0.15333333333333332
StreamJob:0.04711111111111112
