StructureTableEntry:0.5466666666666666
SDFEditor:0.3675
MoleculeListLabelProviderNew:0.20777777777777778
StructureTablePage:0.14
