ProviderMethod:0.5633333333333334
ProviderMethodsModule:0.3466666666666667
AllTests:0.30666666666666664
ReflectionProviderMethod:0.07083333333333333
FastClassProviderMethod:0.07
ProvidesMethodBinding:0.011666666666666667
