DocumentManager:0.6316666666666666
LayoutFrame:0.30333333333333334
TypoUnits:0.22333333333333333
