AtomTest:0.5566666666666666
ReactionTest:0.43333333333333335
CoreCoverageTest:0.30666666666666664
SetOfMoleculesTest:0.27666666666666667
SetOfAtomContainersTest:0.19666666666666666
