TranslateModuleAgent:0.43
FormalTypes:0.40444444444444444
HitemUtil:0.35
TranslationUtil:0.31333333333333335
SymbolHashTyping:0.14444444444444443
