FileUtils:0.53
UpdatedAreaUtils:0.45666666666666667
UpdatedAreaHolder:0.22666666666666666
