MethodInfo:0.7933333333333333
MethodSignatureVisitor:0.41333333333333333
MethodSignatureVisitorTest:0.32
TypeInfo:0.31
AnnotationReader:0.26210317460317456
M10:0.14772222222222223
MethodAnnotationReader:0.12666666666666668
MethodInfoTest:0.12666666666666668
