RunSynchronizationProcessAction:0.5866666666666667
SyncDatasourceConfigEditorTopComponent:0.49333333333333335
ConfigSyncDatasourceAction:0.30333333333333334
