ResultMetadataType:0.46
DecoderResult:0.44
Decoder:0.41
DecodedBitStreamParser:0.31333333333333335
DataMatrixReader:0.26666666666666666
QRCodeReader:0.2
QRCodeMultiReader:0.17333333333333334
DecodedBitStreamParserTestCase:0.16333333333333333
