Qedeq2Latex:0.44333333333333336
LatexContentException:0.36
LatexErrorCodes:0.12166666666666667
