DbSessionProvider:0.5805555555555555
ThreadDbSessionProvider:0.56
DbJtxSessionProvider:0.5438888888888889
