ThreadInfo:0.5844444444444444
ThreadList:0.3566666666666667
Search:0.3466666666666667
ExceptionInfo:0.3
Publisher:0.275
Error:0.24666666666666667
Reporter:0.18
