DefinitionModuleImpl:0.505
DefinitionHelper:0.44333333333333336
WebKeys:0.18833333333333332
