AcceptorPolicy:0.7679761904761905
AcceptorPolicyImpl:0.6533333333333333
DcmRcv:0.38333333333333336
