MatrixUtil:0.7266666666666667
TopicModeling:0.4033333333333333
VocabCreator:0.2538888888888889
TopicModelingCDBN:0.20777777777777778
