HashingSource:0.5566666666666666
HashingSinkTest:0.4066666666666667
HashingSourceTest:0.2833333333333333
HashingTest:0.26666666666666666
