SyslogMsg:0.5366666666666666
ArrServiceImpl:0.32666666666666666
AuditLoggerFactory:0.20966666666666667
ISO8601DateFormat:0.20333333333333334
ArrService:0.2013888888888889
AuditLoggerFactoryImpl:0.18
ArrInputException:0.06666666666666667
