DefaultSearchContext:0.6733333333333333
SearchScrollIT:0.2633333333333333
ClusterModule:0.24333333333333335
SimpleSearchIT:0.15666666666666668
Defaults:0.13666666666666666
