IChatViewObject:0.5280555555555556
SarosRmiSWTWorkbenchBot:0.5266666666666666
ChatViewObject:0.5133333333333333
ISarosRmiSWTWorkbenchBot:0.3836507936507937
Musician:0.31333333333333335
SarosConditions:0.24666666666666667
TestBasicSarosElements:0.23333333333333334
IsChatMessageExist:0.17
TestChatViewFunctions:0.14
StartupSaros:0.11666666666666667
