NodeEngine:0.69
OperationServiceImpl:0.4633333333333333
Operation:0.43666666666666665
Response:0.36666666666666664
OperationAccessor:0.22333333333333333
AsyncInvocationServiceImpl:0.22
InvocationImpl:0.21
NodeEngineImpl:0.18666666666666668
MultiResponse:0.17333333333333334
PartitionIteratingOperation:0.17333333333333334
RemoteCallKey:0.13666666666666666
WaitNotifyServiceImpl:0.12666666666666668
RemoteOperationProcessor:0.12333333333333334
