CompressionService:0.39
CodecCmd:0.3433333333333333
DecompressCmd:0.29333333333333333
CompressCmd:0.2833333333333333
Jpeg2000:0.1988888888888889
JpegLossless:0.1988888888888889
JpegLS:0.1988888888888889
BufferedImagePool:0.08666666666666667
