RemoteTask:0.5922777777777778
StageLinkage:0.4666666666666667
SqlStageExecution:0.39
TestingSplit:0.3466666666666667
MockRemoteTask:0.3433333333333333
SqlQueryScheduler:0.20666666666666667
HttpRemoteTask:0.18666666666666668
StageStateMachine:0.10666666666666667
PlanFragment:0.10666666666666667
