Glove:0.47
GloveWeightLookupTable:0.31
GloveJobIterator:0.22
DeepLearning4jDistributed:0.21333333333333335
CoOccurrences:0.21333333333333335
UimaResource:0.17666666666666667
GlovePerformer:0.15333333333333332
Word2VecLoader:0.15
CoOccurrenceIterator:0.043333333333333335
CoOccurrenceBatchIterator:0.02666666666666667
