SubjectReviewItem:0.42
PersistenceManager:0.4166666666666667
ScoredRecord:0.3933333333333333
SubjectReviewItemDAO:0.37666666666666665
LinkConstraintController:0.25333333333333335
AddSubjectHandler:0.22
