ScriptConfiguration:0.5433333333333333
UAScriptManager:0.38333333333333336
GroovyException:0.32
ScriptSettings:0.26555555555555554
PluginScriptPanel:0.2633333333333333
XULExceptionViewer:0.19666666666666666
ScriptConfigurationHandler:0.18333333333333332
ConfigurationLoader:0.12666666666666668
