ClassInfo:0.5433333333333333
Thread:0.5366666666666666
MJIEnv:0.2966666666666667
MethodInfo:0.29333333333333333
Trace:0.2733333333333333
CHECKCAST:0.26666666666666666
AnnotationInfo:0.21333333333333335
JPF_sun_misc_Unsafe:0.07666666666666666
TestAnnotationJPF:0.07416666666666667
TestAnnotation:0.07333333333333333
SequenceAnalyzer:0.07333333333333333
TestSequence:0.006666666666666667
