Binder:0.68
State:0.6266666666666667
TestState:0.35333333333333333
RecordingBinder:0.29
ModuleAnnotatedMethodScanner:0.2833333333333333
Elements:0.25333333333333335
ProviderMethodsModule:0.25
ModuleAnnotatedMethodScannerTest:0.25
NamedMunger:0.23666666666666666
DefaultElementVisitor:0.23333333333333334
ElementVisitor:0.22337301587301586
InheritingState:0.21333333333333335
Modules:0.18666666666666668
OverrideModuleTest:0.18
OverrideModule:0.14666666666666667
Builder:0.14333333333333334
FailingScanner:0.06666666666666667
InheritedScannersModule:0.04666666666666667
ModuleInfo:0.03333333333333333
