StreamAllocation:0.76
Call:0.70875
RealCall:0.42333333333333334
