InputOutputMapper:0.34
TextToTransitionCriteria:0.3
XmlFlowBuilder:0.2966666666666667
AbstractFlowBuilder:0.2866666666666667
MockRequestContext:0.26666666666666666
ActionTransitionCriteria:0.2452222222222222
MockFlowExecutionListener:0.21333333333333335
ParameterizableFlowAttributeMapper:0.2111111111111111
DefaultActionExecuteMethodNameResolver:0.20438888888888887
FlowExecutionImplTests:0.15
