LogElementPresentation:0.58
GraphConverter:0.4266666666666667
SubprocessesGraphElementAdapter:0.13
SubprocessPermissionVisitor:0.10333333333333333
StartedSubprocessesVisitor:0.10333333333333333
