LuceneShardCollectorProvider:0.48
BlobShardCollectorProvider:0.42333333333333334
ShardCollectorProvider:0.22333333333333333
