XMPPChatTransmitter:0.5866666666666667
JingleFileTransferManager:0.44
FileTransferTCPReceiver:0.30666666666666664
FileTransferTCPTransmitter:0.23333333333333334
NegotiationProcess:0.0961111111111111
