Generator:0.5866666666666667
STGroupModelAdaptor:0.4427777777777778
Antlr4TestGeneratorMojo:0.2663333333333333
