Node:0.47
ManagementCenterService:0.44
GroupProperties:0.2633333333333333
PartitionStateGeneratorTest:0.20666666666666667
StateSender:0.19777777777777777
TaskPoller:0.19666666666666668
