SymbolicListener:0.4666666666666667
SCANNER:0.43333333333333335
ASTORE:0.23666666666666666
BytecodeUtils:0.2
