DashboardModule:0.65
WebKeys:0.33644444444444443
AjaxController:0.32666666666666666
DashboardModuleImpl:0.2966666666666667
ModifyDashboardController:0.17666666666666667
