DataSourceConfigurationPanel:0.6478333333333333
CompositeDataSourceConfigurationPanel:0.5333333333333333
