Cluster:0.6833333333333333
ClusterSet:0.48333333333333334
KMeansClustering:0.11
