MacOSPlugin:0.6666666666666666
MacOSActions:0.25583333333333336
ScriptFilter:0.19666666666666666
