MultiMapService:0.4533333333333333
MultiMapTest:0.31333333333333335
MultiMapTestsFrom2X:0.24666666666666667
MultiMapListener:0.23666666666666666
PutOperation:0.21333333333333335
RemoveOperation:0.21333333333333335
MultiMapOperation:0.20333333333333334
CountDownValueNotNullListener:0.19666666666666666
RemoveAllOperation:0.19666666666666666
CountDownValueNullListener:0.19666666666666666
AddEntryListenerRequest:0.17666666666666667
MultiMapAddEntryListenerMessageTask:0.15666666666666668
MultiMapAddEntryListenerToKeyMessageTask:0.15666666666666668
TxnRemoveOperation:0.14333333333333334
TxnRemoveAllOperation:0.14333333333333334
TxnPutOperation:0.14333333333333334
MultiMapEventsPublisher:0.13
AbstractMultiMapAddEntryListenerMessageTask:0.10833333333333334
