RemoteDigestBlob:0.5633333333333334
LimitedExponentialBackoffIterator:0.37
RecursiveFileIterator:0.36666666666666664
