MainFrame:0.6433333333333333
RefreshHandler:0.28
UploadFilesListener:0.24333333333333335
