Packet:0.41333333333333333
Encoder:0.31
XHRPollingTransport:0.29
Decoder:0.2866666666666667
EncoderHandler:0.28
WebSocketTransport:0.16666666666666666
JsonSupportWrapper:0.15666666666666668
SocketIOChannelInitializer:0.15333333333333332
JacksonJsonSupport:0.14333333333333334
JsonSupport:0.12420634920634922
HTMLCharacterEscapes:0.013333333333333334
