MethodInvocation:0.44333333333333336
TreeConverter:0.42
DebugASTPrinter:0.35333333333333333
DebugASTDump:0.3333333333333333
GwtConverter:0.18666666666666668
