LotteryConstants:0.8733333333333333
LotteryTicket:0.49
PlayerDetails:0.44333333333333336
LotteryAdministration:0.15333333333333332
LotteryService:0.14666666666666667
ConsoleLottery:0.11333333333333333
MongoEventLogTest:0.10333333333333333
LotteryTicketTest:0.08666666666666667
SampleData:0.07666666666666666
MongoTicketRepositoryTest:0.06333333333333334
PlayerDetailsTest:0.056666666666666664
LotteryTestUtils:0.013333333333333334
