AbstractHistogramBuilder:0.45
DateHistogramAggregatorBuilder:0.4166666666666667
HistogramAggregatorBuilder:0.32
HistogramParser:0.15666666666666668
DateHistogramParser:0.14333333333333334
