VariableExtractionHelper:0.6555555555555556
LoadXsnVariablesAction:0.18044444444444446
GetActorsForTemplatePartAction:0.18044444444444446
