ElementMatchers:0.66
SubTypeMatcherTest:0.29444444444444445
MethodSortMatcherTest:0.27666666666666667
