Node:0.5933333333333334
SplitBrainTestSupport:0.24333333333333335
AbstractJoiner:0.23
TcpIpJoiner:0.21666666666666667
MockJoiner:0.19555555555555557
TestClusterUpgradeUtils:0.15333333333333332
MulticastJoiner:0.145
ClusterDataSerializerHook:0.023333333333333334
