FieldMappingMetaData:0.6083333333333333
RestGetFieldMappingAction:0.4066666666666667
SimpleGetFieldMappingsTests:0.14333333333333334
