Context:0.41333333333333333
Routing:0.41333333333333333
CollectPhase:0.31
LuceneDocCollectorTest:0.23666666666666666
CountPhase:0.20333333333333334
ShardCollectService:0.20333333333333334
LuceneDocCollectorBenchmark:0.17666666666666667
HandlerSideLevelCollectTest:0.16916666666666666
NodeOperationGrouper:0.16666666666666666
ExecutionPhasesTask:0.16333333333333333
SysShardsTableInfo:0.15666666666666668
UnassignedShard:0.12
ShardCollectSource:0.12
ExecutionPhasesTaskTest:0.08
UnassignedShardsCollectSource:0.04666666666666667
