ComputeSpecificitiesDialog:0.37666666666666665
LexicalTable:0.3761111111111111
Corpus:0.37
Subcorpus:0.3333333333333333
MainCorpus:0.30333333333333334
Partition:0.3
LexicalTableImpl:0.2633333333333333
Specificites:0.24
CreateSubcorpusDialog:0.22666666666666666
SpecificitiesResultEditorInput:0.22666666666666666
CA:0.21333333333333335
SpecificitesResult:0.21333333333333335
ComputeSpecificities:0.14444444444444446
ArrayIndex:0.02666666666666667
