MulticastZenPing:0.31666666666666665
AwsEc2ServiceImpl:0.30333333333333334
AzureSettingsParserTest:0.2966666666666667
TypeParser:0.26
