ForTypeVariableBinding:0.32666666666666666
ForParameterizedType:0.2866666666666667
GenericTypeDescriptionTest:0.19333333333333333
TypeSubstituting:0.17333333333333334
GenericTypeDescriptionVisitorAttachmentDetachmentTest:0.14
AbstractGenericTypeDescriptionTest:0.12
Substituted:0.03666666666666667
Qux:0.023888888888888887
TypeResolution:0.023888888888888887
