Wallet:0.8366666666666667
AutosaveThread:0.32666666666666666
WalletTest:0.23666666666666666
