SharedProject:0.6466666666666666
UpdatableValue:0.22333333333333333
ResourceInfo:0.14
