A:0.76
C:0.7133333333333334
ConstructionProxy:0.46061111111111114
Errors:0.43
Binder:0.3963888888888889
InjectorImpl:0.3566666666666667
ErrorMessagesTest:0.29
ProviderMethodsModule:0.22666666666666666
B:0.21333333333333335
AImpl:0.2063968253968254
AbstractModule:0.20333333333333334
RecordingBinder:0.18333333333333332
ScopesTest:0.18333333333333332
ProxyFactory:0.15333333333333332
BinderTest:0.14666666666666667
DefaultConstructionProxyFactory:0.13
ConstructorInjector:0.13
BindCommandProcessor:0.11333333333333333
Scopes:0.08
Keys:0.04666666666666667
