Signature:0.4666666666666667
DirObjectSource:0.4266666666666667
Analyzer:0.30666666666666664
DefaultClassifier:0.16333333333333333
PIDGenerator:0.14772222222222223
ObjectSource:0.14772222222222223
DefaultPIDGenerator:0.1
