BootstrapButton:0.6733333333333333
BootstrapDrawableFactory:0.32
HomeActivity:0.2877777777777778
