InjectionPoint:0.6366666666666667
LinkedBindingBuilder:0.2874444444444444
BindingBuilder:0.26666666666666666
BindingTest:0.26666666666666666
ElementsTest:0.25333333333333335
ConstructorBindingImpl:0.24333333333333335
