BytecodeExpressionVisitor:0.44666666666666666
AbstractTestQueries:0.39666666666666667
TryCodeGenerator:0.35333333333333333
PageProcessorCompiler:0.34
CursorProcessorCompiler:0.2633333333333333
