Def:0.49666666666666665
Walker:0.4633333333333333
ScriptImpl:0.30333333333333334
FunctionRefTests:0.3
MethodWriter:0.29
PainlessParser:0.28
RuntimeClass:0.21
ArrayIteratorHelper:0.2063968253968254
FunctionRef:0.18
Struct:0.16777777777777778
Type:0.14666666666666667
SEach:0.14333333333333334
DefBootstrapTests:0.14333333333333334
FuncrefContext:0.13166666666666665
FeatureTest:0.125
DefBootstrap:0.10333333333333333
EFunctionRef:0.09333333333333334
PIC:0.09
LDefArray:0.08833333333333333
LDefField:0.08833333333333333
LDefCall:0.08
EachContext:0.055
WriterConstants:0.0
