JedisPoolTest:0.42333333333333334
ShardedJedisPoolTest:0.27
JedisSentinelPoolTest:0.26666666666666666
ConnectionCloseTest:0.16
