Poll:0.7216666666666667
Ssh:0.5766666666666667
SshTest:0.13666666666666666
