ServiceManager:0.5733333333333334
MsgManager:0.47333333333333333
Search:0.38666666666666666
NetworkManager:0.27
ShareManager:0.22666666666666666
NetworkTab:0.22333333333333333
MonitorTab:0.20666666666666667
NetworkTableModel:0.19305555555555554
PassiveSearchTableModel:0.185
ResearchService:0.185
NetworkHostsContainer:0.18333333333333332
OutgoingConnectionDispatcher:0.16333333333333333
PushRequestSleeper:0.15333333333333332
NewConnectedHostListener:0.14
TestMsgManager:0.13666666666666666
StatusBar:0.13333333333333333
NetworkPane:0.13
