GwtGL20:0.48333333333333334
ByteBuffer:0.36
ShaderProgram:0.2733333333333333
GwtGraphics:0.24666666666666667
GwtApplication:0.24
BufferUtils:0.22
GdxGwtTest:0.18
