SodbeansLibrary:0.8483333333333334
InputStep:0.23666666666666666
