FieldErrorResult:0.5866666666666667
BindingValueExpression:0.38333333333333336
ELExpression:0.38333333333333336
MessageContextErrors:0.35333333333333333
ELExpressionParser:0.33
AbstractMvcView:0.27
DefaultConversionService:0.23333333333333334
NumberToNumber:0.13666666666666666
MessageContextErrorsTests:0.11333333333333333
