DrugChangeStatusFSM:0.2966666666666667
DecimalStrengthFSM:0.16
DurationFSM:0.14333333333333334
FormFSM:0.11666666666666667
FractionStrengthFSM:0.10333333333333333
DosagesFSM:0.10333333333333333
