ConvolutionDownSampleLayer:0.6166666666666667
ConvolutionInputPreProcessor:0.38666666666666666
ConvolutionDownSampleLayerTest:0.2833333333333333
