QueryItem:0.6733333333333333
ComplexSubcorpusPanel:0.55
OpenBiblio:0.3466666666666667
