DbEntity:0.4666666666666667
DbUtil:0.4633333333333333
SimpleTestActivity:0.27
DownloadListener:0.25
