ConfigXmlGenerator:0.6466666666666666
AbstractXmlConfigHelper:0.42
BuildInfoProvider:0.2833333333333333
DescribeInstances:0.16
