Management:0.72
DOManager:0.58
JournalConsumer:0.31666666666666665
FedoraAPIMBindingSOAPHTTPImpl:0.27666666666666667
TestRESTAPI:0.23333333333333334
DatastreamManagedContent:0.21
AtomAPIMMessageTest:0.21
DefaultManagement:0.20666666666666667
TestJournalRoundTrip:0.20333333333333334
FedoraObjectResource:0.19666666666666666
SampleJournalEntries:0.19666666666666666
TestLockingFollowingJournalReader:0.18333333333333332
DefaultDOManager:0.18
Journaler:0.15666666666666668
ManagementModule:0.15666666666666668
MockManagementDelegate:0.13333333333333333
BasicServer:0.13
JournalCreator:0.12666666666666668
IngestMethod:0.11333333333333333
MyMockManagementDelegate:0.04
