FulltextAnalyzerResolver:0.535
FulltextAnalyzerResolverTest:0.37666666666666665
HostBasedAuthenticationTest:0.2916666666666667
CreateDropRepositoryAnalyzerTest:0.25333333333333335
CrateSettings:0.24666666666666667
CreateAnalyzerAnalyzedStatement:0.2375
SnapshotRestoreAnalyzerTest:0.23666666666666666
SQLTransportIntegrationTest:0.21333333333333335
DecommissionAllocationDecider:0.19666666666666666
AlterTableAnalyzer:0.19666666666666666
CreateAnalyzerAnalyzerTest:0.14666666666666667
NodeSettingsTest:0.12
RepositoryParamValidator:0.11333333333333333
ClusterLoggingOverridesExpression:0.08333333333333333
