ClassTransformer:0.5366666666666666
EmitUtils:0.5133333333333333
ClassEmitter:0.33
TestTransformingLoader:0.24
MethodFilterTransformer:0.18666666666666668
ClassTransformerChain:0.17333333333333334
ClassFilterTransformer:0.16333333333333333
TransformingClassGenerator:0.11333333333333333
InvocationHandlerGenerator:0.09666666666666666
AbstractClassTransformer:0.006666666666666667
ClassTransformerTee:0.006666666666666667
