NodeDaoJdbc:0.6572222222222222
NodeDao:0.42380555555555555
NodeDaoHibernate:0.3433333333333333
