GCLNewParser:0.5166666666666667
GCLNewLexer:0.43111111111111106
DFA12:0.21666666666666667
DFA6:0.21333333333333335
DFA5:0.21333333333333335
DFA4:0.21333333333333335
function_return:0.20666666666666667
arg_list_return:0.20666666666666667
stat_return:0.20666666666666667
block_return:0.20666666666666667
expr_return:0.20666666666666667
program_return:0.20666666666666667
literal_return:0.20666666666666667
cond_return:0.20666666666666667
cond_atom_return:0.20666666666666667
expr2_return:0.20666666666666667
call_return:0.20666666666666667
var_type_return:0.20666666666666667
var_decl_return:0.20666666666666667
expr_atom_return:0.20666666666666667
rule_name_return:0.20666666666666667
arg_return:0.20666666666666667
