GwtMenuHelper:0.6283333333333333
SizeColumnsDlg:0.375
EntryMenuPanel:0.35833333333333334
