Bootstrap:0.6766666666666666
ElasticsearchF:0.21333333333333335
Elasticsearch:0.21333333333333335
