MapProxyImpl:0.5433333333333333
QueryResultUtils:0.41333333333333333
TransactionalMapProxy:0.3566666666666667
ClientTxnMapTest:0.2866666666666667
TransactionalMapProxySupport:0.21666666666666667
DefaultMapProjectMessageTask:0.15333333333333332
