UI:0.6466666666666666
LiveOutputUI:0.47333333333333333
