Settings:0.81
Merger:0.29333333333333333
Poller:0.25666666666666665
SimpleExploder:0.23666666666666666
Helpers:0.22333333333333333
TestSimpleExploder:0.16666666666666666
TestFtpSender:0.15666666666666668
TestFacade:0.15
DocumentBurster:0.11
TestEmailSender:0.10666666666666667
TestSettings:0.10666666666666667
Facade:0.08
IFacade:0.04
TestMerger:0.03333333333333333
BurstManager:0.0
