InferenceWorker:0.5866666666666667
ParallelInference:0.5266666666666666
Builder:0.39
RankClassificationResult:0.2833333333333333
