LocalMapStatsImpl:0.4066666666666667
LocalQueueStatsImpl:0.35333333333333333
MemberStateImpl:0.33
LocalCacheStatsImpl:0.33
LocalOperationStatsImpl:0.31
LocalExecutorStatsImpl:0.30666666666666664
LocalOperationStatsImplTest:0.30333333333333334
LocalTopicStatsImpl:0.29333333333333333
TimedMemberState:0.29
LocalMemoryStatsImpl:0.2658333333333333
MemberPartitionStateImpl:0.26
LocalGCStatsImpl:0.24333333333333335
MemberStateImplTest:0.12333333333333334
TimedMemberStateTest:0.1
