BatchPresentation:0.8233333333333334
ListTaskTestSelenium:0.39666666666666667
BaseSeleniumTestClass:0.35111111111111115
