HttpURLConnectionImpl:0.44
URLConnectionTest:0.36
HttpEngine:0.285
PipeTest:0.24666666666666667
OkUrlFactoryTest:0.24666666666666667
WaitUntilNotifiedTest:0.23333333333333334
UrlConnectionCacheTest:0.21333333333333335
ResponseCacheTest:0.21333333333333335
HttpsURLConnectionImpl:0.20333333333333334
RealCall:0.19333333333333333
Pipe:0.13
NetworkInterceptor:0.13
