GAMEAdapter:0.5338888888888889
FeatureEditorDialog:0.3933333333333333
TranscriptEditPanel:0.32
