Geometry:0.5566666666666666
AbstractCockpitConfigurationHandler:0.38333333333333336
CockpitConfigurationHandler:0.33
