StreamSession:0.6166666666666667
SendFileAction:0.37
StreamServiceManager:0.30666666666666664
SendFileStreamService:0.2833333333333333
PacketSender:0.1461111111111111
DataNotification:0.1188888888888889
