SQLiteTableDefinition:0.6966666666666667
SQLiteDatabase:0.37666666666666665
