ZipFileRO:0.4266666666666667
ShadowAssetManager:0.41
Asset:0.36666666666666664
FileMap:0.33
ResTable:0.32
ShadowTypeface:0.28
ImplementsValidator:0.22333333333333333
ResTableTheme:0.11333333333333333
CppAssetManager:0.056666666666666664
