FloatingRateCouponPricer:0.64
Index:0.42
Leg:0.36333333333333334
CapletVolatilityStructure:0.2833333333333333
Schedule:0.26
InterestRateIndex:0.23244444444444445
CapVolatilityStructure:0.21666666666666667
FloatingRateCoupon:0.07333333333333333
IborCoupon:0.05444444444444444
BlackIborCouponPricer:0.023333333333333334
IborCouponPricer:0.0033333333333333335
CmsCouponPricer:0.0
