Library:0.38666666666666666
PointLight:0.31666666666666665
LightBase:0.22333333333333333
Type:0.214
DirectionalLight:0.19
