SWDownloadFile:0.7533333333333333
Executer:0.35333333333333333
GeneratePreviewAction:0.19
