DistinguishedName:0.38666666666666666
LdapRdnComponent:0.3333333333333333
LdapRdn:0.23
LdapRdnTest:0.13
DistinguishedNameTest:0.10666666666666667
ListComparator:0.06666666666666667
ListComparatorTest:0.05
LdapRdnComponentTest:0.01
