Res_value:0.39
ShadowArscAssetManager:0.34833333333333333
DynamicRefTable:0.2733333333333333
ResXMLParser:0.27
_CompressedAsset:0.2633333333333333
ShadowLayoutInflaterTest:0.26
ShadowViewTest:0.25666666666666665
_FileAsset:0.24666666666666667
ResTable:0.22
ShadowXmlBlock:0.19333333333333333
ResTableTheme:0.14
Ref:0.13333333333333333
theme_entry:0.12
ShadowTypedArray:0.11666666666666667
AppliedStyle:0.03
ResourceName:0.0
