CoreDao:0.5966666666666667
FolderDao:0.56
SeenMap:0.42333333333333334
Binder:0.38666666666666666
Workspace:0.38
ProfileModule:0.3753333333333333
AbstractFolderCoreProcessor:0.23
ForumActionModuleImpl:0.20666666666666667
FolderDaoImpl:0.20666666666666667
CoreDaoImpl:0.17333333333333334
FolderModuleImpl:0.14666666666666667
FolderCoreProcessor:0.1308730158730159
WorkspaceModuleImpl:0.12
ProfileModuleImpl:0.12
ViewEntryController:0.11
