Transaction:0.36
Block:0.36
Script:0.35
TransactionOutput:0.29333333333333333
Wallet:0.28
TransactionInput:0.25666666666666665
BlockChain:0.2
NetworkParameters:0.17777777777777778
TransactionOutPoint:0.155
BlockChainTest:0.10666666666666667
