Context:0.7833333333333333
ClusteredServiceAgent:0.32666666666666666
SequencerAgent:0.31666666666666665
ClusterNodeTest:0.22
ConsensusModuleAdapter:0.2061111111111111
SequencerAgentTest:0.13666666666666666
Configuration:0.10265873015873016
