AspectJVertex:0.5633333333333334
ParameterAspect:0.5433333333333333
