Model:0.5566666666666666
Event:0.51
RulerRenderer:0.45666666666666667
Ruler:0.21
