DatagramServerHandler:0.38
VertxHttpHandler:0.36666666666666664
VertxHandler:0.325
VertxNetHandler:0.31333333333333335
