CrawlController:0.7233333333333334
UURI:0.6388888888888888
