BioMobyInputsWizard:0.6333333333333333
testBiomoby2:0.2966666666666667
PrimaryArticlesPage:0.2833333333333333
ExecuteMobyServiceAction:0.25333333333333335
