DateTimeField:0.8633333333333333
UnsupportedDateTimeField:0.3466666666666667
DelegatedDateTimeField:0.3433333333333333
