EventCodec:0.51
SenderTest:0.33666666666666667
MediaConductorTest:0.32666666666666666
ReceiverTest:0.15833333333333333
SubUnicastTest:0.15
EventLogger:0.15
PubAndSubUnicastTest:0.13333333333333333
PubUnicastTest:0.13333333333333333
