ERDesignerGraph:0.4866666666666667
ERDesignerComponent:0.4522222222222222
Dialect:0.4325
