Model:0.6333333333333333
ChartModel:0.6133333333333333
ChartPainter:0.31
ChartUtils:0.14333333333333334
TodoEditorPlugin:0.13333333333333333
TaskReader:0.12
