SocketStats:0.43666666666666665
OkHttpClientTransport:0.31333333333333335
InProcessTransportTest:0.24166666666666667
Utils:0.23333333333333334
SocketOptions:0.22666666666666666
NettyClientTransport:0.22
ChannelzProtoUtil:0.22
AbstractTransportTest:0.19
NettyServerTransport:0.18666666666666668
ChannelzProtoUtilTest:0.14
TestSocket:0.12666666666666668
UtilsTest:0.01
