CommandOperationHelper:0.5666666666666667
CommandProtocol:0.4066666666666667
FindAndUpdateAcceptanceTest:0.24611111111111114
FindAndReplaceAcceptanceTest:0.24611111111111114
BaseUpdateCommandMessage:0.1827777777777778
CommandProtocolExecutingCallback:0.16333333333333333
CommandMessage:0.16333333333333333
InsertCommandMessage:0.16166666666666665
FindAndUpdateOperation:0.12333333333333334
FindAndReplaceOperation:0.07666666666666666
