PeakTableViewer:0.6633333333333333
PeakTablePage:0.28
SpectrumEditor:0.24333333333333335
PeakCellModifier:0.175
