ObjectGraph:0.38666666666666666
ModuleAdapter:0.31
ProvidesProcessor:0.27666666666666667
ReflectiveModuleAdapter:0.24666666666666667
FullGraphProcessor:0.17
DripCoffeeModule:0.15198412698412697
