ClassPresentation:0.8166666666666667
ExecutionService:0.6
ReflectionRowBuilder:0.37333333333333335
JbpmCommonLogic:0.31
JbpmExecutionServiceBean:0.29333333333333333
JbpmExecutionLogic:0.24666666666666667
BotTaskRowBuilder:0.22333333333333333
SubstitutionRowBuilder:0.22333333333333333
ProcessInstanceSwimlaneRowBuilder:0.21333333333333335
SortingHeaderBuilder:0.20638888888888887
ExecutionServiceDelegateLocalImpl:0.20333333333333334
ExecutionServiceDelegateRemoteImpl:0.20333333333333334
TableViewSetupFormTag:0.19666666666666666
ProcessInstanceSwimlaneAssignmentRowBuilder:0.16666666666666666
ExecutionServiceDelegate:0.16333333333333333
ProcessInstanceVariablesRowBuilder:0.14333333333333334
DefaultBatchPresentationFactory:0.14
HibernateCompilerAliasMapping:0.13333333333333333
ListProcessesInstancesFormTag:0.11333333333333333
ProcessInstanceClassPresentation:0.11333333333333333
TableBuilder:0.10666666666666667
HibernateCompilerHelper:0.10666666666666667
HibernateCompilerLeftJoinBuilder:0.1
