Builder:0.6383333333333333
RBM:0.6
DeepLearningTest:0.24666666666666667
RBMTest:0.17666666666666667
