FileZipper:0.47
OutgoingInvitationProcess:0.42
XMPPChatTransmitter:0.39
ITransmitter:0.23333333333333334
MockOutgoingInvitationProcess:0.17
XMPPTransmitterTest:0.16416666666666666
StubXMPPTransmitter:0.14416666666666667
FileTransferProcessMonitor:0.11
TarFileZipperTest:0.016666666666666666
IFileTransferCallback:0.013333333333333334
