DisplayWizardPage:0.37333333333333335
PredictWizard:0.3466666666666667
SpectrumTypeWizardPage:0.2733333333333333
PasswordWizardPage:0.24666666666666667
ServerWizardPage:0.23333333333333334
AssignPredictWizard:0.20333333333333334
AssignByPredictionAction:0.11666666666666667
