SystemProperties:0.5513333333333333
Token:0.46
ComplexVariable:0.29333333333333333
TransitionLog:0.2511111111111111
ScriptingComplexVariable:0.22833333333333333
AjaxProcessDefinitionVersionsList:0.22333333333333333
ExecutionServiceDelegate:0.21333333333333335
UpgradeProcessToDefinitionVersionAction:0.20666666666666667
ExecutionServiceBean:0.18666666666666668
ProcessInfoFormTag:0.18
GroovyScriptBinding:0.15
ExecutionLogic:0.14666666666666667
ParallelGateway:0.14
Fork:0.11666666666666667
