BaseResult:0.46
ElementProducer:0.31666666666666665
RxSupport:0.3016666666666667
OnSubscribeFromQuery:0.27666666666666667
