ChadoXmlAdapter:0.7866666666666666
FileMenu:0.31666666666666665
ChadoXmlAdapterGUI:0.31666666666666665
