BotLogger:0.7566666666666667
WorkflowThreadPoolBotInvoker:0.5766666666666667
