Name:0.9166666666666666
QualifiedName:0.45666666666666667
UnqualifiedName:0.3566666666666667
