BufferListener:0.9067765
BufferChangeAdapter:0.8789892
JEditBuffer:0.23933204
Buffer:0.1010802
BufferUpdate:0.050399065
