BufferChangeListener:0.87623525
Buffer:0.100082785
