Utils:0.57
TemplateSaveDialog:0.36333333333333334
DNDData:0.32666666666666666
MessageDialogAbstract:0.23333333333333334
MessageSaveAsTemplateHandler:0.19666666666666666
TemplateDropListener:0.13
TemplateAddOrEditHandler:0.12333333333333334
MessageViewHandler:0.12333333333333334
