DocumentCodecProvider:0.4866666666666667
BsonValueCodecProvider:0.4866666666666667
CommandResultCodecProvider:0.42333333333333334
