RedissonLock:0.6433333333333333
Redisson:0.5533333333333333
