JTextComponentTester:0.57
JTreeTesterTest:0.39
JTreeRecorderTest:0.38333333333333336
JTreeRecorder:0.10666666666666667
