Default:0.49222222222222217
LambdaFactory:0.43333333333333335
MetaFactoryRedirection:0.2577777777777778
AlternativeMetaFactoryRedirection:0.22666666666666666
LambdaCreator:0.1811111111111111
