OsgiArchiveDescriptor:0.5847619047619048
OsgiPersistenceProvider:0.3233333333333333
OsgiArchiveDescriptorFactory:0.3
