ServerCockpit:0.7344444444444445
ServerWindow:0.4982222222222221
SwingServerDisplay:0.4666666666666667
ComboBoxEditRenderer:0.2866666666666667
ServerTransparentCockpitTest:0.2633333333333333
ComboBoxRenderer:0.25333333333333335
LoadConfigurationAction:0.14333333333333334
JFXPolylineTest:0.06
PolylineRendererTest:0.023333333333333334
