HtmlUnitDOMBuilder:0.8033333333333333
FormData:0.35333333333333333
