FormulaCheckerGlobalTest:0.58
KernelBoLogicTestSuite:0.31666666666666665
KernelTestSuite:0.22666666666666666
