Layouter:0.5144444444444445
JnetViewer:0.47
Eval:0.33666666666666667
