Freelancer:0.7466666666666667
TagsBackingBean:0.39666666666666667
TagsBackingBeanDataModel:0.3433333333333333
AuditableEntity:0.26666666666666666
FreelancerServiceImpl:0.23333333333333334
FreelancerDAO:0.22166666666666668
FreelancerDAOHibernateImpl:0.21
TagDAOHibernateImpl:0.15666666666666668
FreelancerService:0.11
TagServiceImpl:0.04
TagService:0.04
TagDAO:0.0
