User:0.5533333333333333
VirtualFile:0.43666666666666665
UserContext:0.2733333333333333
PropFindResponse:0.19333333333333333
