GateConstants:0.75
DocumentImpl:0.4866666666666667
APFormatExporter:0.23666666666666666
HtmlDocumentHandler:0.23666666666666666
GateFormatXmlDocumentHandler:0.21333333333333335
XmlDocumentHandler:0.21333333333333335
EmailDocumentHandler:0.2111111111111111
TestXml:0.18333333333333332
CookBook:0.18333333333333332
TestSgml:0.17333333333333334
TextualDocumentFormat:0.16666666666666666
TestAnnotationDiff:0.14333333333333334
DumpAsXmlAction:0.13666666666666666
SaveAsXmlAction:0.11666666666666667
EmailDocumentFormat:0.10333333333333333
