ExecutionService:0.5933333333333334
ProcessInstanceStub:0.37333333333333335
ReflectionRowBuilder:0.27
JbpmExecutionServiceBean:0.26
TitledFormTag:0.24666666666666667
JbpmCommonLogic:0.24
EnvImpl:0.23666666666666666
RootProcessInstanceTDBuilder:0.23
TableBuilder:0.23
BotTaskRowBuilder:0.2
SubstitutionRowBuilder:0.2
JbpmExecutionLogic:0.2
ProcessInstanceSwimlaneRowBuilder:0.19
ExecutionServiceDelegate:0.17333333333333334
ExecutionServiceDelegateRemoteImpl:0.16666666666666666
ExecutionServiceDelegateLocalImpl:0.14333333333333334
ProcessInstanceSwimlaneAssignmentRowBuilder:0.12666666666666668
HibernateCompilerHelper:0.09333333333333334
ProcessInstanceVariablesRowBuilder:0.08666666666666667
ProcessInstanceClassPresentation:0.08333333333333333
RowBuilder:0.07
ListProcessesInstancesFormTag:0.06666666666666667
AddHierarchyProcessInstance:0.0033333333333333335
