Element:0.6533333333333333
Node:0.43666666666666665
ElementTest:0.19
NodeList:0.11333333333333333
