Buffer:0.8033333333333333
SocketTimeoutTest:0.26666666666666666
BufferedSinkTest:0.26344444444444437
