StudyRockSamples:0.35333333333333333
ResearchImpl:0.32666666666666666
MobileLaboratory:0.27666666666666667
LanderHab:0.26666666666666666
TendGreenhouse:0.26666666666666666
Maintenance:0.2594444444444445
Relax:0.16544444444444445
EatMeal:0.15
Sleep:0.13127777777777777
