FieldDefinitionImpl:0.5555555555555555
PortableContext:0.5216666666666666
PortableSerializer:0.27
