UpgradeSessionLocal:0.8112698412698413
UpgradeSessionBean:0.4033333333333333
GlobalUpgradeConfiguration:0.2783333333333333
