TreeConverter:0.6633333333333333
JavacJ2ObjCIncompatibleStripper:0.39666666666666667
JavacParser:0.26666666666666666
JavacParseResult:0.18444444444444444
