AbstractScpService:0.44333333333333336
DcmServerService:0.25666666666666665
HL7ServerService:0.24666666666666667
AbstractHL7Service:0.22333333333333333
