EditConfigurationAction:0.31
EditCustomFieldAction:0.26666666666666666
ExportAttachmentsAction:0.21333333333333335
EditConfigurationFormAction:0.19333333333333333
DownloadAttachmentAction:0.12666666666666668
