EjbcaWebBean:0.5133333333333333
CommonCacheBase:0.2733333333333333
CryptoTokenSessionBean:0.23666666666666666
ClearCacheServlet:0.16666666666666666
CryptoTokenSessionLocal:0.15833333333333333
CommonCache:0.15833333333333333
