EditViewFactory:0.7669444444444444
ReportSummaryOfRecords:0.5736666666666667
