PostgresDialect:0.6083333333333333
SquirrelReverseEngineeringStrategy:0.4
PreferencesEditorView:0.3566666666666667
