DefaultView2d:0.41333333333333333
ActionW:0.4
MimeInspector:0.37
ShutterOperation:0.33
JIListModel:0.21666666666666667
View2d:0.16138888888888892
ContextMenuHandler:0.13
