ObjectKeys:0.45359523809523816
AccessUtils:0.3
WorkAreaOperation:0.2994444444444444
ModifyEntryController:0.25
AbstractZoneModule:0.22333333333333333
