Tds:0.5833333333333334
NtlmAuth:0.27666666666666667
TdsComm:0.26470634920634917
MD4Digest:0.10666666666666667
DESEngine:0.06666666666666667
PacketAuthTokenResult:0.03333333333333333
TdsDefinitions:0.03
NtlmAuthTest:0.023111111111111114
GeneralDigest:0.006666666666666667
