ServiceDefinitionTripleGenerator_3_0:0.30666666666666664
ServiceDeploymentTripleGenerator:0.16666666666666666
ContentModelTripleGenerator_3_0:0.08
FedoraObjectTripleGenerator_3_0:0.03666666666666667
