DefaultWebflowConfigurer:0.5433333333333333
JpaMultifactorAuthenticationTrustStorage:0.23666666666666666
MongoDbMultifactorAuthenticationTrustStorage:0.21333333333333335
TrustedDevicesController:0.20333333333333334
RestMultifactorAuthenticationTrustStorage:0.15666666666666668
CasWebflowConstants:0.12666666666666668
InMemoryMultifactorAuthenticationTrustStorage:0.09916666666666667
MultifactorAuthenticationTrustStorage:0.09916666666666667
