BoundedLocalCache:0.48333333333333334
Caffeine:0.33
EntryIterator:0.24333333333333335
TimerWheel:0.21
Expiry:0.20333333333333334
CaffeineTest:0.19
RemovalTask:0.18833333333333332
ValueIterator:0.13666666666666666
KeyIterator:0.12333333333333334
TimerWheelTest:0.12
UpdateTask:0.11333333333333333
BoundedWeigher:0.1
BoundedExpiry:0.09333333333333334
TimerWheelBenchmark:0.07666666666666666
