AbstractPropertyTableModel:0.6183333333333333
HeadlessLabel:0.5627777777777778
