ContentEditService:0.6316666666666667
ADTService:0.36666666666666664
PrivateManagerBean:0.32666666666666666
