NGramTokenizer:0.8433333333333334
NGramTokenizerFactory:0.30333333333333334
NGramTokenizerTest:0.13333333333333333
