CA:0.65
CVCCA:0.4266666666666667
X509CA:0.36333333333333334
CAAdminSessionBean:0.33
