v2ParserATNSimulator:0.4
DefaultErrorStrategy:0.35333333333333333
DiagnosticErrorStrategy:0.2633333333333333
ANTLRErrorStrategy:0.15916666666666668
