RoutineAndUDTTests:0.5783333333333334
AbstractStoreQuery:0.4033333333333333
StoreQuery:0.2758888888888889
