Kernel32:0.57
ITypeInfo:0.5566666666666666
TypeInfo:0.5033333333333333
DISPPARAMS:0.3678888888888889
IDispatch:0.31
TypeLib:0.30333333333333334
TypeInfoUtil:0.2633333333333333
ITypeInfoTest:0.25666666666666665
IDispatchTest:0.24
TypeLibUtil:0.24
DWORDByReference:0.23333333333333334
WORDByReference:0.23333333333333334
ITypeLibTest:0.21
Kernel32Util:0.16333333333333333
COMLateBindingBaseObject:0.16333333333333333
ITypeLib:0.13698412698412699
Dispatch:0.08666666666666667
UINTByReference:0.07
HREFTYPEByReference:0.02
USHORTByReference:0.016666666666666666
BOOLByReference:0.013333333333333334
DISPIDByReference:0.013333333333333334
CHARByReference:0.013333333333333334
_VARIANT_BOOLByReference:0.006666666666666667
MEMBERIDByReference:0.006666666666666667
SCODEByReference:0.006666666666666667
ULONGByReference:0.006666666666666667
LONGLONGByReference:0.006666666666666667
LONGByReference:0.006666666666666667
ULONGLONGByReference:0.006666666666666667
VARIANT_BOOLByReference:0.006666666666666667
