GeoFunctions:0.71
TestGeoFunctions:0.4166666666666667
GeometrySerde:0.29333333333333333
TestGeometrySerde:0.2866666666666667
