DiscoveryAddressTranslator:0.56
ClientDiscoverySpiTest:0.32
TestDiscoveryStrategy:0.2633333333333333
MockClientConnectionManagerFactory:0.17722222222222223
DefaultClientConnectionManagerFactory:0.17722222222222223
ClientProperty:0.14931746031746032
