Type:0.6433333333333333
ClassClass:0.37666666666666665
PropertyClass:0.36333333333333334
DataCollectionImpl:0.32
AbstractDatatype:0.31
NodeImpl:0.2966666666666667
PropertyImpl:0.29
GOET:0.27
RestrictionClass:0.26
ClassEditor:0.205
ReflectionClassList:0.04666666666666667
DefaultMenuFactory:0.04666666666666667
