SimpleQueryTests:0.5922222222222223
DateFieldMapper:0.5433333333333333
IndexQueryParserFilterCachingTests:0.22
RangeFilterParser:0.14
