Builder:0.6033333333333334
Generator:0.5533333333333333
