DefaultANTLRErrorStrategy:0.39666666666666667
BaseRecognizer:0.38333333333333336
TestParseErrors:0.27666666666666667
ANTLRErrorStrategy:0.19661111111111113
TreeParser:0.18333333333333332
LL1PlusBlockSingleAlt:0.12666666666666668
LL1StarBlockSingleAlt:0.10666666666666667
LL1Loop:0.013333333333333334
LL1PlusBlock:0.0
