ServerImplTest:0.62
ServerImpl:0.3933333333333333
AbstractServerImplBuilder:0.32
Builder:0.19666666666666666
