RubyElement:0.8066666666666666
RubyMethod:0.3611111111111111
