MatrixUtil:0.5166666666666667
NDArray:0.5033333333333333
Convolution:0.35333333333333333
ArrayUtil:0.3233333333333333
NDArrayTests:0.12
DataSetTest:0.09666666666666666
ConvolutionTest:0.044444444444444446
