WFS:0.5233333333333333
List:0.45
ExtentManager:0.3433333333333333
Search:0.24666666666666667
