BeanMap:0.7608333333333334
TestBeanMap:0.41333333333333333
BeanMapEmitter:0.3933333333333333
