InventoryPanel:0.49666666666666665
Settlement:0.37666666666666665
VehicleDialog:0.33
SettlementDialog:0.32
PersonDialog:0.31666666666666665
UnitCollection:0.23333333333333334
