HTMLSpanElement:0.5852777777777778
HTMLBlockElement:0.37333333333333335
