MddToMapping:0.4033333333333333
MddToClass:0.39
HibernateUtils:0.23333333333333334
