Filter:0.46
OrFilter:0.3566666666666667
URIRegExpFilter:0.29333333333333333
PathDepthFilter:0.2633333333333333
HopsFilter:0.13666666666666666
TransclusionFilter:0.10333333333333333
