Intersection:0.7
BoundingBox:0.2866666666666667
Square:0.25777777777777783
MeshVolume:0.21333333333333335
LightModelVisualizer:0.21
Cone:0.19
ImplicitVolume:0.18
Lamella:0.18
Cylinder:0.17333333333333334
Sphere:0.16
Cube:0.16
GridClonerUnion:0.12
HalfSpace:0.11333333333333333
