FastClass:0.43333333333333335
FastMember:0.24666666666666667
GetIndexCallback:0.24111111111111114
TestFastClass:0.2111111111111111
FastMethod:0.21
FastConstructor:0.19
FastClassGenerator:0.15666666666666668
