RedisStore:0.49666666666666665
MemoryStore:0.446373015873016
JsonSupport:0.44610317460317467
SocketIOChannelInitializer:0.34
StoreFactory:0.314436507936508
JacksonJsonSupport:0.28
RedisStoreFactory:0.26
JsonSupportWrapper:0.21333333333333335
MainBaseClient:0.14416666666666667
MemoryStoreFactory:0.05333333333333334
