DbJtxSessionProvider:0.44666666666666666
ThreadDbSessionProvider:0.43
AllTests:0.4033333333333333
SizeSnapshot:0.29333333333333333
DbSessionProvider:0.12
