OcniExtractor:0.4666666666666667
TranslationProcessor:0.37333333333333335
AbstractMethodRewriter:0.3566666666666667
DeadCodeMap:0.17333333333333334
DeadCodeEliminatorTest:0.11666666666666667
