JQAddInImpl:0.4633333333333333
MathHelper:0.41333333333333333
Settings:0.4
OptionHelper:0.22333333333333333
