CasWebflowContextConfiguration:0.5133333333333333
RegisteredServiceThemeBasedViewResolver:0.49666666666666665
RegisteredServiceThemeBasedViewResolverTests:0.4033333333333333
CasWebAppConfiguration:0.31
