HtmlLink:0.26
HtmlAudio:0.24666666666666667
HtmlListing:0.18
HtmlBaseFont:0.15666666666666668
HtmlFrameSet:0.15666666666666668
HtmlHead:0.13333333333333333
HtmlDialog:0.12666666666666668
HtmlMarquee:0.12666666666666668
HtmlFrame:0.12666666666666668
HtmlBase:0.10666666666666667
