InjectAdapterProcessor:0.4572222222222222
ModuleAdapterProcessor:0.41083333333333333
DemoApplication:0.26305555555555554
