AbstractBinderResource:0.3233333333333333
AbstractResource:0.31333333333333335
SelfResource:0.31
WorkspaceResource:0.2833333333333333
FolderResource:0.27
ShareResource:0.21666666666666667
