SarosView:0.6533333333333333
SessionContextMenuWrapper:0.57
ISarosContextMenuWrapper:0.5266666666666666
SarosContextMenuWrapper:0.36
Views:0.33166666666666667
STFController:0.30666666666666664
ISessionContextMenuWrapper:0.21666666666666667
