AbstractElement:0.5666666666666667
ProcessInstancesView:0.31
ProcessInstanceBean:0.2966666666666667
ComponentSubform:0.2401666666666666
MiniAppRackSelector:0.23333333333333334
ComponentLabel:0.21833333333333332
ComponentTextField:0.21833333333333332
ComponentComboBox:0.21833333333333332
ProcessManagerComponent:0.2046111111111111
ComponentFactory:0.20333333333333334
AbstractElementContainer:0.19333333333333333
