Property:0.66
MutableDateTime:0.5533333333333333
AbstractReadableInstantFieldProperty:0.15333333333333332
AbstractPartialFieldProperty:0.13666666666666666
