PartitionManager:0.5366666666666666
BaseManager:0.38333333333333336
HazelcastClientExecutorServiceTest:0.29333333333333333
ConcurrentMapManager:0.26666666666666666
HazelcastClientTopicTest:0.08666666666666667
