Config:0.5933333333333334
SpringXmlConfigBuilder:0.36
WanTargetClusterConfig:0.32
WanReplicationConfig:0.20666666666666667
TestFullApplicationContext:0.12
ConfigXmlGenerator:0.09333333333333334
