ProcessDefinition:0.6066666666666667
Validator:0.4866666666666667
ComplexVariable:0.46
ValidatorManager:0.3333333333333333
GroovyScriptExecutor:0.2733333333333333
AbstractIteratorOperation:0.2733333333333333
ScriptingComplexVariable:0.23672222222222222
IVariableProvider:0.2105952380952381
ExecutionServiceBean:0.18333333333333332
FormatCommons:0.17666666666666667
TestVariableProvider:0.17333333333333334
EmptyVariableProvider:0.17333333333333334
FileVariablesUtil:0.16333333333333333
DatabaseTaskHandler:0.15666666666666668
DelegateProcessVariableProvider:0.15
XWorkJavascriptValidator:0.13333333333333333
WFCommonLogic:0.12333333333333334
FileVariableProxy:0.115
BSHScriptExecutor:0.11333333333333333
GroovyScriptBinding:0.10666666666666667
GroovyDecisionHandler:0.10333333333333333
VariableLogic:0.1
VariableDefinitionParser:0.1
OfficeProperties:0.08666666666666667
DelegateTaskVariableProvider:0.08333333333333333
DocxUtils:0.08
DelegableVariableProvider:0.07777777777777778
DefinitionVariableProvider:0.07666666666666666
DelegateDefinitionVariableProvider:0.07666666666666666
GroovyExpressionValidator:0.07666666666666666
TaskHandlerBase:0.07
DebugHandler:0.056666666666666664
FieldValidator:0.05333333333333334
ExecutionVariableProvider:0.04
IScriptExecutor:0.013333333333333334
BackCompatibilityBinding:0.01
GroovyHandler:0.006666666666666667
CancelCurrentProcessTaskHandler:0.0
