Document:0.5333333333333333
XPathResult:0.33
XMLDocument:0.2808333333333334
TestClassRunnerForBrowserVersion:0.2633333333333333
JavaScriptEngine:0.24
