NotificationParamGen:0.5
UserNotificationParamGen:0.44166666666666665
ApprovalNotificationParamGen:0.27166666666666667
