TimedMemberStateFactory:0.5933333333333334
ClusterServiceImpl:0.4188888888888889
ClusterMembershipTest:0.31333333333333335
FinalizeJoinOperation:0.22666666666666666
ManagementCenterService:0.22333333333333333
StateSendThread:0.20444444444444446
TimedMemberStateTest:0.11666666666666667
