Text:0.4666666666666667
TagWriter:0.42
Jerry:0.38333333333333336
LagartoParserTest:0.27777777777777773
ParsedTag:0.2633333333333333
ParsingProblemsTest:0.16666666666666666
FormTag:0.16333333333333333
LagartoNodeHtmlRenderer:0.14666666666666667
