MolecularFormula:0.64
IMolecularFormula:0.5085555555555555
AdductFormula:0.29333333333333333
MolecularFormulaSet:0.29
IMolecularFormulaSet:0.24666666666666667
IAdductFormula:0.22166666666666668
DebugAdductFormula:0.20333333333333334
DebugMolecularFormula:0.17
DebugMolecularFormulaSet:0.16666666666666666
NNMolecularFormula:0.08
NNAdductFormula:0.05333333333333334
NNMolecularFormulaSet:0.05333333333333334
