El2:0.43
ElFieldMacro:0.19
AbstractPathView:0.17333333333333334
RPNCalculate:0.15333333333333332
SimpleSpeedTest:0.09
Converter:0.056666666666666664
QuestionOpt:0.05
AbstractOpt:0.043333333333333335
LBracketOpt:0.03666666666666667
RBracketOpt:0.03666666666666667
StringParse:0.02666666666666667
QuestionSelectOpt:0.023333333333333334
OptParse:0.016666666666666666
NotOpt:0.013333333333333334
Trim:0.0
ValParse:0.0
AndOpt:0.0
OrOpt:0.0
