AdvancedShape:0.4
AbstractDragGraphic:0.3566666666666667
FourPointsAngleToolGraphic:0.28
ViewSetting:0.28
PaintLabel:0.26666666666666666
GraphicLabel:0.26
MeasureTool:0.25666666666666665
MedianLineGraphic:0.21722222222222218
ImageViewerEventManager:0.21333333333333335
MeasureToolBar:0.21
PerpendicularLineGraphic:0.20666666666666667
AbstractDragGraphicArea:0.17333333333333334
AngleToolGraphic:0.12333333333333334
OpenAngleToolGraphic:0.08
