Block:0.8633333333333333
Peer:0.4
GetDataFuture:0.23666666666666666
