StudyTableModel:0.31333333333333335
StudyDetailPanel:0.16
ScienceWindow:0.15333333333333332
OngoingStudyListPanel:0.10333333333333333
FinishedStudyListPanel:0.08333333333333333
ResearcherPanel:0.056666666666666664
