UserDataConstants:0.6466666666666666
ChangeStatusEndEntityApprovalRequest:0.37333333333333335
EditEndEntityApprovalRequest:0.37333333333333335
LocalAuthenticationSessionBean:0.25333333333333335
