Value:0.5333333333333333
VariablePath:0.37666666666666665
ValueLink:0.36833333333333335
State:0.31044444444444436
RootValueImpl:0.3
OOITBuilder:0.27
ValueImpl:0.25333333333333335
OptimizerVisitor:0.19333333333333333
VariablePathBuilder:0.1322222222222222
