DnParsePerformanceITest:0.4033333333333333
AcegiAuthenticationSourceITest:0.3
LdapContextSourcelITest:0.16
LdapContextSourcelMultiServerITest:0.06666666666666667
