EndToEndViewScene:0.7633333333333333
EndToEndView:0.42333333333333334
