PeriodFormat:0.42333333333333334
TestISOPeriodFormatParsing:0.31
ISOPeriodFormat:0.30333333333333334
TestISOPeriodFormat:0.21
TestCompiler:0.1988888888888889
TestPeriodFormatter:0.19666666666666666
AbstractPeriod:0.18
TestPeriodFormatParsing:0.1588888888888889
StringConverter:0.15
