WSFederationRegisteredService:0.6866666666666666
WSFederationConstants:0.45359523809523816
WSFederationValidateRequestCallbackController:0.25
DefaultRelyingPartyTokenProducer:0.17333333333333334
SecurityTokenServiceAuthenticationPostProcessor:0.15666666666666668
