LinuxDisplay:0.73
LinuxPbufferPeerInfo:0.20955555555555555
LinuxDisplayPeerInfo:0.20955555555555555
LinuxCanvasImplementation:0.10333333333333333
