VcardSubCrawler:0.52
VcardSubCrawlerTest:0.36333333333333334
ApertureTestBase:0.29
SubCrawlerTestBase:0.24
TestSubCrawlerUtilIntegration:0.10333333333333333
