CommandLineParser:0.48833333333333334
Interpreter:0.4222222222222222
SelectorThread:0.3233333333333333
