OAuth20Service:0.6844444444444444
OAuth20ServiceUnit:0.4033333333333333
OAuth20ServiceTest:0.2833333333333333
TypeTokenImpl:0.22666666666666666
