AbstractHarvester:0.48333333333333334
HarvestManager:0.3433333333333333
GeonetHarvester:0.2733333333333333
WAFHarvester:0.19333333333333333
