HttpTLSTest:0.41
KeyStoreHelper:0.37666666666666665
Cert:0.32255555555555554
KeyStoreTest:0.24666666666666667
