AudioService:0.7427777777777778
AudioReceiverAction:0.4602777777777778
