HtmlElement:0.7666666666666667
HtmlAttr:0.36333333333333334
HtmlAttrTest:0.27
DefaultElementFactory:0.23
HtmlElementTest:0.20666666666666667
MapEntryWrappingIterator:0.19666666666666668
UnknownElementFactory:0.11
InputElementFactory:0.05333333333333334
