AdminModule:0.8233333333333334
TempFileCleanup:0.5053333333333333
TempFileUtil:0.33
AbstractZoneModule:0.3233333333333333
AbstractAdminModule:0.21
DefaultTempFileCleanup:0.19333333333333333
