HitBean:0.64
NullSequenceBean:0.23333333333333334
HitBeanTests:0.16444444444444445
HitBeanFactory:0.12444444444444443
NullHitBean:0.05
