VssElement:0.5166666666666667
StarTeamCheckout:0.2733333333333333
StarTeamElement:0.09333333333333334
StarTeamLabel:0.09333333333333334
