NeuralNetworkScene:0.5366666666666666
NeuralLayerWidget:0.42
NeuronWidget:0.41333333333333333
