RankEvalPlugin:0.643888888888889
RankEvalSpec:0.57
EvaluationMetric:0.5066666666666667
RankEvalSpecTests:0.2633333333333333
