LTSJGraph:0.35333333333333333
RuleJGraph:0.3233333333333333
StateJGraph:0.31333333333333335
ControlJGraph:0.28
