EMPIConfig:0.53
CodesConfig:0.49333333333333335
SubjectDAO:0.23333333333333334
CodeSystem:0.21333333333333335
SubjectLanguageDAO:0.18611111111111112
AbstractDAO:0.16333333333333333
SubjectPersonalRelationshipDAO:0.14444444444444446
UpdateSubjectHandler:0.07666666666666666
AddSubjectHandler:0.06
BaseHandler:0.043333333333333335
