Schedule:0.8733333333333333
ScheduleTest:0.31333333333333335
