IDbDialect:0.6733333333333333
SymmetricEngine:0.45
IBootstrapService:0.29503968253968255
SymmetricDatabase:0.29
InfoScreen:0.25666666666666665
IActivityListener:0.22166666666666668
AdminTreeControl:0.20111111111111113
BootstrapService:0.1811111111111111
ActivityListenerSupport:0.09944444444444445
ConnectionDialog:0.09333333333333334
AppFrame:0.049166666666666664
PropertiesConstants:0.04
