ShadowPaint:0.48
ShadowCanvasTest:0.4533333333333333
ShadowCanvas:0.43666666666666665
ShadowPaintTest:0.18666666666666668
