GedcomWriter:0.6883333333333334
SniffedInputStream:0.4033333333333333
