QueryManager:0.59
Poller:0.46
Node:0.39666666666666667
MockEventIpcManager:0.39
Outage:0.37666666666666665
PassiveStatusKeeper:0.31333333333333335
PollerTest:0.31333333333333335
DefaultPollContext:0.2633333333333333
PollableNetwork:0.25333333333333335
NotificationManager:0.24333333333333335
SnmpTrapHelper:0.21
NetworkElementFactory:0.20666666666666667
DefaultQueryManager:0.20666666666666667
MockQueryManager:0.20333333333333334
PassiveStatusKeeperTest:0.20333333333333334
Pollerd:0.2
PollContextTest:0.18666666666666668
PassiveStatusd:0.15333333333333332
DumpVisitor:0.14833333333333334
