FingerprinterTest:0.6133333333333333
Fingerprinter:0.5633333333333334
