XmlUtils:0.7766666666666666
FileService:0.5733333333333334
