SelectAtomGenerator:0.39444444444444443
SelectBondGenerator:0.39444444444444443
