OLParser:0.6772222222222222
Interpreter:0.38666666666666666
