Channels:0.52
HttpProtocol:0.29333333333333333
NettyRequestSender:0.24
NettyConnectListener:0.22055555555555556
WebSocketProtocol:0.18388888888888888
Processor:0.13333333333333333
Protocol:0.1211111111111111
