JavaScriptSyntaxHighlighter:0.7299285714285714
GroovySyntaxHighlighter:0.7299285714285714
AbstractSyntaxHighlighter:0.6266666666666667
