ShadowAccessibilityNodeInfo:0.59
ParallelUniverseTest:0.25083333333333335
SupportFragmentController:0.24555555555555553
TestRunnerSequenceTest:0.24333333333333335
ShadowAccessibilityNodeInfoTest:0.23
ParallelUniverseInterface:0.21661111111111112
TestLifecycle:0.175
MyApplication:0.14666666666666667
MyTestLifecycle:0.1375
DefaultTestLifecycle:0.08
