CSW202ServiceImpl:0.4033333333333333
CSW202ServiceImplTest:0.38666666666666666
GetCapabilitiesValidation:0.25333333333333335
CSW202Constants:0.19061111111111112
GetCapabilitiesValidationTest:0.16
