Reader:0.6211111111111112
ReflectionUtils:0.3933333333333333
ReaderTest:0.28
