TierProperty:0.5333333333333333
FeatureView:0.3933333333333333
PropertyScheme:0.37
FlexibleFeatureTierManager:0.3333333333333333
