Utils:0.4033333333333333
ServerConfiguration:0.36333333333333334
NoClipLabeledSkinBase:0.30666666666666664
ARINCModelFactory:0.25
EmbedClient:0.24026190476190473
JFXPainterUtils:0.23666666666666666
DecoratedLabel:0.2
DecoratedButton:0.2
ServerConfigurationParser:0.19666666666666666
RenderersHandler:0.19666666666666666
PropertyParser:0.09166666666666666
DecoratedLabelSkin:0.016666666666666666
DecoratedButtonSkin:0.016666666666666666
ConfigProperties:0.0
