NioThread:0.49333333333333335
LoadTracker:0.4866666666666667
MigrationStrategy:0.4527777777777777
LoadImbalance:0.22666666666666666
IOBalancer:0.22
NioThreadAbstractTest:0.20333333333333334
NioInboundPipeline:0.18
NioOutboundPipeline:0.16333333333333333
EventCountBasicMigrationStrategyTest:0.15
NioPipeline:0.15
IOBalancerMemoryLeakTest:0.13
MonkeyMigrationStrategyTest:0.12333333333333334
IOBalancerTest:0.11
IOBalancerStressTest:0.1
MonkeyMigrationStrategy:0.07
EventCountBasicMigrationStrategy:0.06666666666666667
AddPipelineTask:0.06
LoadTrackerTest:0.04666666666666667
RemovePipelineTask:0.0033333333333333335
