TimeoutTest:0.5066666666666667
Timeout:0.3333333333333333
FailOnTimeout:0.31333333333333335
InfiniteLoopMultithreaded:0.10666666666666667
InfiniteLoopWithStuckThreadTest:0.01111111111111111
InfiniteLoopStuckInMainThreadTest:0.01111111111111111
