ServiceDependency:0.5233333333333333
DependencyServiceListener:0.27
OsgiListenerUtils:0.27
BundleDelegatingClassLoader:0.25
StaticServiceProxyCreator:0.24777777777777782
OsgiServiceCollection:0.23666666666666666
DependencyServiceManager:0.22
ContextLoaderListener:0.1988888888888889
AbstractOsgiServiceImportFactoryBean:0.19194444444444445
OsgiServiceCollectionProxyFactoryBean:0.18
DependencyWaiterApplicationContextExecutor:0.17416666666666666
