UncompressedBlockSerde:0.7933333333333333
TestCsv:0.3433333333333333
TestUncompressedBlockSerde:0.13333333333333333
