SystemInfoDialog:0.7333333333333333
FluxSettings:0.6766666666666666
