MainListAdapter:0.5433333333333333
ListRippleAdapter:0.33
AnimationsActivity:0.12333333333333334
ListRippleActivity:0.12083333333333333
WidgetsActivity:0.1175
FeaturesActivity:0.1175
AppsLibrariesActivity:0.1175
DemosActivity:0.1175
MainActivity:0.10666666666666667
ViewHolder:0.09537638287638288
