View:0.8633333333333333
TreeViewMoveNodeAction:0.17666666666666667
RemoveSelectedTreeViewNodeAction:0.17
SaveElementInTreeViewAction:0.15333333333333332
NewTreeViewItemAction:0.15333333333333332
RemoveTreeViewNodeAction:0.15
SaveAndStayElementInCollectionAction:0.14
RemoveSelectedInCollectionAction:0.14
TreeViewExpandCollapseAction:0.13666666666666666
