TagElement:0.44666666666666666
SeriesViewerEvent:0.3433333333333333
DicomModel:0.3411111111111111
DicomMediaIO:0.25333333333333335
DicomExplorer:0.2331666666666667
EventManager:0.23111111111111116
ImageViewerEventManager:0.2
ImageViewerPlugin:0.19333333333333333
DownloadManager:0.19333333333333333
DicomFieldsView:0.17333333333333334
