ArrayDifferenceFunction:0.5266666666666666
CollectionAverageFunction:0.43333333333333335
ArrayCatFunction:0.13
CollectionCountFunction:0.12666666666666668
ArrayUniqueFunction:0.12333333333333334
ManyKeyGrouper:0.12333333333333334
