GenerateLatexTest:0.5566666666666666
DummyPlugin:0.42333333333333334
QedeqBoFactoryAssert:0.24666666666666667
HeuristicCheckerPlugin:0.22666666666666666
