NameTable:0.59
StatementGenerator:0.4447222222222222
FunctionizerTest:0.36333333333333334
Functionizer:0.29333333333333333
FunctionConverter:0.22666666666666666
