InvocationChoiceGenerator:0.7866666666666666
INVOKEINTERFACE:0.12666666666666668
INVOKEVIRTUAL:0.12666666666666668
INVOKESTATIC:0.11666666666666667
