RecordStore:0.7083333333333334
MapLoaderTest:0.4533333333333333
DefaultRecordStore:0.31666666666666665
PutFromLoadAllBackupOperation:0.304
PutFromLoadAllOperation:0.22333333333333333
SimpleLoader:0.11666666666666667
