Peer:0.5833333333333334
NetworkConnection:0.49666666666666665
PeerAddress:0.42333333333333334
PeerGroup:0.31666666666666665
PeerTest:0.26
PeerGroupTest:0.20666666666666667
TCPNetworkConnection:0.17333333333333334
PeerGroupThread:0.16333333333333333
FetchBlock:0.09
TestWithNetworkConnections:0.07666666666666666
PrintPeers:0.07333333333333333
PeerHandler:0.05333333333333334
PeerStartupListener:0.034499999999999996
NetworkHandler:0.023333333333333334
