GwtClientHelper:0.7766666666666666
GwtUIHelper:0.31666666666666665
RequestInfo:0.30666666666666664
TaskDueDateDlg:0.30333333333333334
ShareExpirationWidget:0.27777777777777773
