TableNamingStrategy:0.3466666666666667
TableNamingStrategyTest:0.32
DbMetaUtil:0.27
ColumnNamingStrategy:0.19555555555555557
BaseNamingStrategy:0.18666666666666668
