DOMBuilderTagVisitor:0.4766666666666667
Document:0.46277777777777773
DomXmlTest:0.23
