JdbcChadoAdapter:0.45666666666666667
PureJDBCTransactionWriter:0.31
ChadoFeature:0.304
ChromosomeFeatureLocImp:0.29333333333333333
ChadoAdapter:0.26066666666666666
JdbcChadoWriter:0.23333333333333334
FeatureLocImplementation:0.22
ParameciumDBChadoInstance:0.20666666666666667
FlybaseChadoInstance:0.16666666666666666
