IocMaking:0.4866666666666667
NutIoc:0.43666666666666665
ChainParsingTest:0.38333333333333336
