GLContext:0.6633333333333333
ARBTextureRectangle:0.5612142857142858
ARBDrawBuffers:0.31
