UnitFocusListener:0.6201944444444444
Canvas:0.41
UserInputHandler:0.32666666666666666
ClientGame:0.24111111111111114
MapControls:0.16333333333333333
