Layer:0.30666666666666664
LayerBuilderTest:0.26666666666666666
Builder:0.22
GravesLSTMParamInitializer:0.16
GravesLSTM:0.15
