ExtractionInListSpecTest:0.35333333333333333
AbstractMultiValueGetter:0.28
ExtractionInCollectionSpecTest:0.28
MapTransactionTest:0.26666666666666666
ExtractionInSingleValueSpecTest:0.25
MethodGetterTest:0.21666666666666667
FieldGetterTest:0.21666666666666667
ExtractionInArraySpecTest:0.19333333333333333
GetterFactory:0.14666666666666667
