TokenEntry:0.45
CPD:0.3566666666666667
AbstractRdtCompiler:0.27666666666666667
RubySourceFileCollectingVisitor:0.21
RubyTokenizer:0.16333333333333333
ProjectFileFinder:0.11166666666666666
CleanRdtCompiler:0.0825
