ConnectionListenerImpl:0.5442777777777777
DestroyEndpointTask:0.5442777777777777
