ComponentReference:0.37333333333333335
Robot:0.33
ComponentRecorderTest:0.28
ScriptEditor:0.2788333333333334
BugReport:0.23333333333333334
ComponentRecorder:0.20916666666666667
