NutDao:0.47
ActionInfo:0.33666666666666667
EntityOperator:0.30666666666666664
EntityParsingTest:0.2966666666666667
LangTest:0.27666666666666667
NutTransaction:0.24666666666666667
BatchTransTest:0.19
ConnInfo:0.17592592592592593
DaoSupport:0.17
NutMappingField:0.17
OracleJdbcExpert:0.15666666666666668
NutLoading:0.11666666666666667
