Mesh:0.6833333333333333
SpriteBatch:0.5433333333333333
SpriteBatchTest:0.21
FrameBufferTest:0.13
