StringComparator:0.6466666666666666
Args:0.2866666666666667
TagsUtils:0.28
Console:0.27
Commands:0.18333333333333332
