NearCacheStats:0.5933333333333334
NearCachePreloaderConfig:0.41
NearCachePreloader:0.38
NearCacheStatsImpl:0.23666666666666666
XmlClientConfigBuilderTest:0.19
NearCacheTestContext:0.18666666666666668
XmlClientConfigBuilder:0.18333333333333332
BaseHeapNearCacheRecordStore:0.16111111111111112
AbstractNearCachePreloaderTest:0.16
NearCachePreloaderConfigTest:0.155
ClientCacheNearCachePreloaderTest:0.15333333333333332
NearCachePreloaderConfigReadOnlyTest:0.11
NearCacheStatsImplTest:0.09666666666666666
ClientMapNearCachePreloaderTest:0.09
NearCachePreloaderConfigReadOnly:0.09
