MoleculesEditor:0.48
MultiPageMoleculesEditorPart:0.32666666666666666
MoleculesOutlinePage:0.3233333333333333
JChemPaintSWTWidget:0.29
JChemPaintEditor:0.22583333333333333
MoleculesFromSDF:0.18333333333333332
