AnalyzerService:0.5213333333333333
TableVisitorTest:0.21666666666666667
TableVisitor:0.19666666666666666
SQLParseService:0.17666666666666667
