Operator:0.4922222222222223
MementoTextInput:0.35333333333333333
LatexTextParser:0.3
LatexMathParser:0.28
SimpleMathParser:0.15666666666666668
