UdpChannel:0.6533333333333333
UdpChannelTest:0.4066666666666667
NetworkUtil:0.32
