CreateMissionWizard:0.3933333333333333
ConstructionVehiclePanel:0.21333333333333335
DestinationSettlementPanel:0.21333333333333335
ConstructionSettlementPanel:0.21333333333333335
StartingSettlementPanel:0.21333333333333335
VehiclePanel:0.21333333333333335
