HeterolyticCleavageReactionTest:0.49333333333333335
SharingChargeSBReaction:0.29
SharingChargeSBReactionTest:0.29
SharingChargeDBReactionTest:0.17333333333333334
MreactionTests:0.16666666666666666
