Script:0.56
ScriptModel:0.33
ScriptEditor:0.32666666666666666
Assert:0.3233333333333333
ScriptTest:0.28
ComponentRecorder:0.1813888888888889
AssertionFailedError:0.09666666666666666
DefaultStep:0.08
EditorStepRunner:0.03
