TestUtil:0.4033333333333333
ReplaySessionTest:0.3
RecordingSessionTest:0.18333333333333332
CatalogTest:0.18
RecordingWriterTest:0.17333333333333334
