HttpConnection:0.4766666666666667
Request:0.45
Response:0.37666666666666665
Jsoup:0.25666666666666665
