AddAllele:0.3466666666666667
AlleleGermplasmLinkingBean:0.27
UpdateAnnotation:0.26
GeneralDB:0.24333333333333335
GermplasmPhenotypeLinkingBean:0.21
GermplasmBean:0.19333333333333333
AlleleBean:0.19333333333333333
AddPhenotype:0.12
PhenotypeTable:0.06933333333333333
UpdateGermplasm:0.06666666666666667
SimpleBeanSubfactory:0.043333333333333335
GermplasmTable:0.04
AddGermplasm:0.03666666666666667
DisplayGermplasm:0.030793650793650797
DisplayPhenotype:0.030793650793650797
UpdatePhenotype:0.005
