MockHttpServletResponse:0.57
ChannelProcessor:0.4181111111111111
ChannelProcessingFilter:0.4066666666666667
ChannelDecisionManagerImplTests:0.37333333333333335
ChannelProcessingFilterTests:0.3433333333333333
ChannelDecisionManagerImpl:0.28
MockFilterInvocationDefinitionMap:0.22333333333333333
ChannelDecisionManager:0.21944444444444447
SecureChannelProcessorTests:0.05333333333333334
InsecureChannelProcessorTests:0.05333333333333334
SecureChannelProcessor:0.042777777777777776
InsecureChannelProcessor:0.042777777777777776
MockChannelDecisionManager:0.016666666666666666
MockChannelProcessor:0.013333333333333334
