Configuration:0.5905555555555555
Environment:0.43
Builder:0.32
XMLConfigBuilder:0.2833333333333333
ProviderTest:0.15333333333333332
DynamicContext:0.14
