CommentEditPanel:0.5233333333333333
TierMenu:0.45
DrawableResultFeatureSet:0.36333333333333334
