JasperReportBaseAction:0.8633333333333333
GenerateReportAction:0.42722222222222217
