ClusterNameExpression:0.3876666666666667
ShardTableNameExpression:0.3876666666666667
SysShardsExpressionsTest:0.27
ShardRelocatingNodeExpression:0.23933333333333337
ShardStateExpression:0.23933333333333337
ClusterIdExpression:0.17666666666666667
NodeIdExpression:0.16666666666666666
NodeNameExpression:0.16666666666666666
NodeHostnameExpression:0.15
TestSysNodesExpressions:0.12
