AdhocQueryRequest:0.31
FindDocuments:0.30666666666666664
XDSbRegistry:0.2733333333333333
FindFoldersForMultiplePatients:0.23
FindDocumentsForMultiplePatients:0.22
StoredQueryFactory:0.14666666666666667
