MockPollerConfig:0.6133333333333333
PollOutagesConfig:0.4694444444444444
PollableServiceConfig:0.3566666666666667
MockNetworkTest:0.2866666666666667
ThresholdableService:0.22333333333333333
PollablesTest:0.14
