MainFrame:0.5533333333333333
StatisticsTab:0.4166666666666667
RefreshHandler:0.19777777777777777
StatisticsTableModel:0.16333333333333333
