ArchiveConductor:0.31333333333333335
Context:0.31
AeronArchive:0.23333333333333334
ControlSessionProxy:0.22333333333333333
ControlResponsePoller:0.22333333333333333
ListRecordingsSessionTest:0.19666666666666666
AbstractListRecordingsSession:0.19666666666666666
ArchiveProxy:0.19444444444444445
ReplaySession:0.18833333333333332
