TokenMarker:0.7166666666666667
DefaultTokenHandler:0.24833333333333332
NoWrapTokenHandler:0.21666666666666667
