BusinessEntityManagerImpl:0.5666666666666667
ToolsController:0.31222222222222223
ToolsBean:0.2872222222222222
