Console:0.6233333333333333
ConsolePlugin:0.44333333333333336
BeanShell:0.22
ConsoleToolBar:0.0911111111111111
