Builder:0.5266666666666666
GenericTypeToken:0.32666666666666666
TypeDescriptionGenericAnnotationReaderTest:0.21333333333333335
ForRawType:0.20111111111111113
Formal:0.1877777777777778
RawAnnotatedType:0.1877777777777778
OfTypeVariable:0.17833333333333334
OfNonGenericType:0.17833333333333334
TokenizedGenericType:0.17833333333333334
OfGenericArrayType:0.17833333333333334
OfParameterizedType:0.17833333333333334
AnnotationReader:0.17333333333333334
