AbstractAuditQuery:0.6083333333333333
EntitiesModifiedAtRevisionQuery:0.24888888888888885
EntitiesAtRevisionQuery:0.24888888888888885
