Http1xTest:0.7911111111111111
HttpClientImpl:0.5730000000000001
