RelationList:0.52
Java3DEditor:0.36666666666666664
JasperUtils:0.2872222222222222
