TestUtil:0.89
RawResourceLoaderTest:0.32
ShadowContentResolver:0.2833333333333333
ContentResolverTest:0.09333333333333334
