ClientRegistrationConfiguration:0.4241666666666667
OAuth2LoginSecurityConfiguration:0.25
DefaultStateGenerator:0.25
ClientRegistrationAutoConfiguration:0.13333333333333333
