DriverConductor:0.7133333333333334
UdpTransport:0.31
NioSelector:0.27166666666666667
