Csw:0.6933333333333334
CatalogRequest:0.29
Harvester:0.25333333333333335
CswServer:0.22666666666666666
Aligner:0.19
GetRecordByIdRequest:0.18
OutputSchemaPreference:0.1538888888888889
CswParams:0.13976190476190478
CswOperation:0.09333333333333334
GetCapabilitiesRequest:0.09166666666666666
