DefaultTheme:0.2966666666666667
HeadTest:0.19666666666666666
HeadHandler:0.16
DivHandler:0.10666666666666667
JavaTemplateEngine:0.10666666666666667
SelectHandler:0.1
