Context:0.43
Aeron:0.3497619047619048
AeronTest:0.25333333333333335
AdminBuffers:0.21333333333333335
MediaConductor:0.21
MediaConductorTest:0.20333333333333334
