MethodInvoker:0.5566666666666666
ClassTestDescriptor:0.3333333333333333
MethodTestDescriptor:0.2966666666666667
