ARINCUIManager:0.42333333333333334
UpdateRunnable:0.18133333333333332
DefaultProcessingListener:0.18
UIDefinitionHandler:0.18
AbstractMapWidget:0.18
BlinkingContainerRenderer:0.18
ServerApplet3Test:0.07666666666666666
