Authorization:0.5972222222222222
AuthorizationManager:0.2966666666666667
