HttpChannelConnector:0.47
ConnectionProvider:0.31922222222222224
ConnectionManager:0.18333333333333332
