SubmissionManager:0.521373015873016
JPPFPriorityQueue:0.47333333333333333
SubmissionManagerClient:0.33
AbstractGenericClient:0.30333333333333334
AbstractSubmissionManager:0.22
