AnnotationEditor:0.4266666666666667
CustomAnnotationEditDialog:0.36333333333333334
LogAreaOutputStream:0.29
MyCustomFeatureBearer:0.24611111111111109
EditAnnotationAction:0.2
Scratch:0.16666666666666666
BootStrapDialog:0.13277777777777777
NewCustomAnnotationPopupItem:0.043333333333333335
LogArea:0.035555555555555556
