AndroidManifest:0.7766666666666666
RobolectricTestRunner:0.5533333333333333
RobolectricTestRunnerTest:0.20666666666666667
