SmartsHit:0.625
SignSicHit:0.43666666666666665
SubStructureMatch:0.31166666666666665
