Flyway:0.53
MigrationInfoImpl:0.38333333333333336
MetaDataTable:0.24666666666666667
JdbcMigrationResolver:0.23
DbMigrator:0.22666666666666666
JavaMigrationResolver:0.22111111111111115
SpringJdbcMigrationResolver:0.22111111111111115
SqlMigrationResolver:0.21666666666666667
MigrationTestCase:0.19666666666666666
DbInit:0.16666666666666666
CompositeMigrationResolverSmallTest:0.14666666666666667
DbInfoAggregator:0.14333333333333334
SqlMigrationResolverSmallTest:0.13833333333333334
MigrationInfoRowMapper:0.13416666666666666
DbInfoAggregatorSmallTest:0.12666666666666668
JdbcMigrationResolverSmallTest:0.12333333333333334
JavaMigrationResolverSmallTest:0.12333333333333334
SpringJdbcMigrationResolverSmallTest:0.115
CompositeMigrationResolver:0.11333333333333333
DbValidator:0.06333333333333334
