FilterableRequestSpecification:0.7341666666666666
HttpClientConfig:0.4533333333333333
HTTPBuilder:0.37
FilterITest:0.1
HttpClientConfigITest:0.03
