SortingBucketMerger:0.5966666666666667
SortingBucketMergerTest:0.35
NonSortingBucketMerger:0.3466666666666667
NonSortingBucketMergerTest:0.3
PageDownstreamFactory:0.20333333333333334
