Interface:0.42333333333333334
Util:0.38333333333333336
Installer:0.2833333333333333
MockDatabase:0.2833333333333333
NetworkElementFactory:0.2525
GraphModelAbstract:0.24333333333333335
