AuthenticationManager:0.6436666666666666
AuthenticationManagerImpl:0.4666666666666667
AbstractAuthenticationProviderModule:0.37
AuthenticationManagerUtil:0.2527777777777778
AuthenticationManagerImplTests:0.21666666666666667
