TedConfig:0.8
AdvancedPanel:0.3
TedIO:0.2492222222222222
TedParser:0.22583333333333333
LooknFeelPanel:0.1988888888888889
ConfigDialog:0.18
ConfigDialogToolBar:0.12333333333333334
