ShadowResourcesTest:0.5566666666666666
ShadowResources:0.43666666666666665
string:0.32255555555555554
StringResources:0.11
