List:0.56
PersonFactory:0.2633333333333333
EntityHelper:0.19333333333333333
ListFactory:0.04
ListHelper:0.03333333333333333
