AsyncProvidersBasicTest:0.5991666666666666
NettyResponseFuture:0.4266666666666667
AsyncStreamHandlerTest:0.4166666666666667
