DrawableFeatureSet:0.6533333333333333
DrawableResultFeatureSet:0.36333333333333334
FeatureView:0.2633333333333333
StrandedZoomableApolloPanel:0.25833333333333336
