AbstractCasWebflowConfigurer:0.41333333333333333
CasWebflowConfigurer:0.21
DuoSecurityAuthenticationEventExecutionPlanConfiguration:0.16333333333333333
AbstractCasMultifactorWebflowConfigurer:0.14666666666666667
DefaultCasWebflowExecutionPlan:0.11333333333333333
YubiKeyMultifactorTrustConfiguration:0.08333333333333333
SwivelMultifactorTrustConfiguration:0.08333333333333333
RadiusMultifactorTrustConfiguration:0.08333333333333333
AuthyMultifactorTrustConfiguration:0.08333333333333333
AzureAuthenticatorMultifactorTrustConfiguration:0.08333333333333333
GoogleAuthenticatorMultifactorTrustConfiguration:0.08333333333333333
