DebuggingClassWriter:0.5
ClassReaderGenerator:0.37333333333333335
AbstractTransformTask:0.26666666666666666
MethodVisitorTee:0.25666666666666665
ClassNameReader:0.21555555555555558
AbstractClassLoader:0.17333333333333334
DumpFieldsTask:0.13666666666666666
DefaultGeneratorStrategy:0.11666666666666667
