ModelInstance:0.5833333333333334
Simulation:0.41333333333333333
GdxInvadersDesktop:0.13666666666666666
Animation:0.02
