NFA:0.5133333333333333
Instruction:0.3746666666666667
NFABytecodeTriggers:0.32
NFAContext:0.17805555555555558
NFABytecodeGenerator:0.16333333333333333
CodeGenPipeline:0.11333333333333333
CallInstr:0.08666666666666667
RetInstr:0.04416666666666667
