CommandLine:0.5933333333333334
InputFileCommandOption:0.42333333333333334
DataLoader:0.3933333333333333
