MultiLayerConfiguration:0.4033333333333333
MultiLayerNetwork:0.4
BernoulliReconstructionDistribution:0.2966666666666667
GaussianReconstructionDistribution:0.22333333333333333
ExponentialReconstructionDistribution:0.22333333333333333
ComputationGraphConfiguration:0.2066666666666667
Builder:0.16666666666666666
