VehicleMission:0.81
LoadVehicle:0.26666666666666666
RoverMission:0.23
RescueSalvageVehicle:0.22222222222222224
CollectResourcesMission:0.22
TravelToSettlement:0.2088888888888889
