View:0.6433333333333333
InvoiceTest:0.35333333333333333
MetaView:0.29
HideShowAction:0.06666666666666667
