Ldap:0.5666666666666667
AbstractLdapProperties:0.5525
PasswordManagementConfiguration:0.25666666666666665
LdapUtils:0.23333333333333334
PasswordPolicyProperties:0.23333333333333334
LdapAuthenticationConfiguration:0.21
