Table:0.08695356
Index:0.06448249
HsqlException:0.014028845
