RowOutputBase:0.49462953
RowInputBinary:0.20969853
