AbstractCasWebflowConfigurer:0.7233333333333334
AbstractCasMultifactorWebflowConfigurer:0.19
AbstractMultifactorTrustedDeviceWebflowConfigurer:0.1836111111111111
SamlIdPMetadataUIWebflowConfigurer:0.13666666666666666
SamlMetadataUIWebflowConfigurer:0.13666666666666666
OAuth20WebflowConfigurer:0.13666666666666666
OidcWebflowConfigurer:0.13666666666666666
WSFederationWebflowConfigurer:0.13666666666666666
