ConstraintMessage:0.38
ValidatingResource:0.3566666666666667
ConstraintViolationExceptionMapperTest:0.16666666666666666
