Parameter:0.6099444444444445
Operation:0.4633333333333333
Path:0.35333333333333333
Info:0.22666666666666666
AbstractParameter:0.22666666666666666
