JsonExtract:0.44333333333333336
Failures:0.4166666666666667
DropTableExecution:0.41
