StringUtils:0.6566666666666666
Val:0.4533333333333333
Convert:0.35333333333333333
RenderAndBindTests:0.29
