NotRetainingCountriesFragment:0.37666666666666665
RetainingCountriesFragment:0.37666666666666665
CountriesFragment:0.36
MainActivity:0.18333333333333332
CountriesLayout:0.1475
CountriesViewStateActivity:0.1475
MyCustomFragment:0.12
CountriesActivity:0.1175
MyCustomActivity:0.1175
NestedViewPagerFragment:0.06666666666666667
NestedFragment:0.04
