ReportLinesCirc:0.6111111111111112
ReportEventsByPlace:0.30666666666666664
