Config:0.6266666666666667
FactoryImpl:0.4666666666666667
HazelcastInstanceProxy:0.34
Hazelcast:0.23333333333333334
