UIRepeatListComponent:0.86
MakumbaELResolver:0.23444444444444448
Car:0.13666666666666666
MakumbaSetELResolver:0.08
SelectBean:0.07666666666666666
