JoinFilterFunctionCompiler:0.6633333333333333
BytecodeGeneratorContext:0.5666666666666667
Visitor:0.33
