ApplicationEntityManager:0.6380555555555555
ApplicationEntityManagerImpl:0.39
IPAMModule:0.30666666666666664
Constants:0.2911111111111111
WebserviceBeanRemote:0.27166666666666667
WebserviceBean:0.23666666666666666
PersistenceService:0.2111111111111111
BusinessEntityManagerImpl:0.2
DataModelLoader:0.16833333333333333
