BeanStatePersister:0.6716666666666666
AbstractAction:0.2866666666666667
MementoBeanStatePersister:0.2833333333333333
CompositeAction:0.27
MethodResultSpecification:0.1
BeanFactoryBeanInvokingAction:0.09666666666666666
AbstractBeanInvokingAction:0.09333333333333334
DefaultMultiActionMethodResolver:0.09
ResultEventFactory:0.07
MementoOriginator:0.0695
BeanInvokingActionFactory:0.06333333333333334
StatefulBeanInvokingAction:0.056666666666666664
ResultObjectBasedEventFactory:0.056666666666666664
LocalBeanInvokingAction:0.03
Memento:0.023333333333333334
SuccessEventFactory:0.0
