Delivery:0.6933333333333334
DeliveryValue:0.45
IDelivery:0.2833333333333333
DeliveriesTest:0.2633333333333333
DeliveryCMP:0.22666666666666666
WebEditors:0.21666666666666667
DeliveryBean:0.17
EditorsParser:0.12666666666666668
MetaEditor:0.12666666666666668
ByPassCalculator:0.03666666666666667
XmlElementsNames:0.0
