TxmUser:0.5633333333333334
UIServiceImpl:0.2783333333333333
SpecificitiesTab:0.25666666666666665
ConcordanceTab:0.22
AdminServiceImpl:0.2122222222222222
CenterPanel:0.19611111111111112
TxmMenuBar:0.19333333333333333
ReferencerTab:0.19333333333333333
IndexTab:0.19333333333333333
CooccurrencesTab:0.18
