AbstractReferenceConfig:0.43666666666666665
ReferenceConfig:0.4166666666666667
ServiceConfig:0.41
AbstractConfig:0.23333333333333334
