BinaryTreeInOrderTest:0.4066666666666667
BinaryTreeInOrder:0.37333333333333335
IsBST:0.35
IsBSTTest:0.24
