Tab:0.7033333333333334
UserPreferences:0.41333333333333333
CustomReport:0.25333333333333335
