HTMLAnchorElement:0.9066666666666666
HTMLAnchorElement2Test:0.47333333333333333
