TestGeoQueries:0.63
QueryResults:0.5283333333333333
GeometryType:0.21666666666666667
TestQueryResults:0.20666666666666667
StandardTypes:0.08666666666666667
