DataStructureAdapter:0.74
TransactionalMapDataStructureAdapterTest:0.22333333333333333
IMapDataStructureAdapterTest:0.22333333333333333
ReplicatedMapDataStructureAdapterTest:0.22333333333333333
ReplicatedMapDataStructureAdapter:0.16666666666666666
ICacheDataStructureAdapter:0.16666666666666666
IMapDataStructureAdapter:0.16666666666666666
TransactionalMapDataStructureAdapter:0.12666666666666668
ICacheDataStructureAdapterTest:0.1
