JSON:0.6966666666666667
JavaBeanDeserializer:0.36666666666666664
JavaBeanSerializer:0.3
