SimplePortal:0.5683333333333334
Session:0.5033333333333333
ConnectionContext:0.3333333333333333
PostgresITest:0.18333333333333332
