OrcStorageManager:0.5166666666666667
TestOrcStorageManager:0.32
OrcStoragePageSink:0.26777777777777784
TestBackupConfig:0.16
StorageModule:0.11
BackupConfig:0.08666666666666667
