OpenID4JavaConsumer:0.5977777777777779
HttpSecurityBeanDefinitionParserTests:0.42333333333333334
AuthenticationConfigBuilder:0.38
