VFSDirectoryEntryTableModel:0.4166666666666667
FileVFS:0.29
VFSDirectoryEntryTable:0.2866666666666667
LocalDirectoryEntry:0.1577777777777778
ExtendedAttribute:0.03666666666666667
