AuthenticationContextDTO:0.61
AuthenticationContextTransform:0.38333333333333336
PatientConsentRule:0.3
DocViewerController:0.18666666666666668
PatientContainerCanvas:0.16666666666666666
DocViewer:0.16
AuthenticationService:0.15333333333333332
PatientConsentCanvas:0.13666666666666666
AuthenticationObserver:0.13
UserProfileDTO:0.12333333333333334
PatientConsentDirectives:0.11
AuthenticationRemoteServiceImpl:0.06
CredentialsDTO:0.058333333333333334
AuthenticationRemoteServiceAsync:0.04666666666666667
PermissionDTO:0.023333333333333334
AuthenticationRemoteService:0.02
