Analysis:0.5533333333333333
ESUpdateNode:0.42333333333333334
SelectAnalysis:0.31333333333333335
ESUpdateByIdTask:0.2733333333333333
SelectAnalyzerTest:0.26666666666666666
ESQueryBuilder:0.21666666666666667
PlannerTest:0.20833333333333334
InsertAnalysis:0.20666666666666667
Planner:0.20333333333333334
Analyzer:0.18666666666666668
AnalysisTest:0.185
Visitor:0.18
BaseAnalyzerTest:0.16666666666666666
TransportSQLAction:0.12666666666666668
SQLFacetExecutor:0.12333333333333334
TransportExecutorTest:0.09333333333333334
DeleteAnalyzerTest:0.07333333333333333
UpdateAnalysis:0.06333333333333334
Context:0.03
