RobustJavaMethodParser:0.6533333333333333
MyJniClass:0.5933333333333334
