ServiceConfig:0.5666666666666667
ServiceManager:0.38666666666666666
XmlConfigBuilder:0.3433333333333333
