FileHistoryCache:0.4633333333333333
HistoryGuru:0.4533333333333333
IndexDatabase:0.35333333333333333
