ErrorsCounter:0.4633333333333333
IntegrationTest:0.37
InsnGen:0.33
SmaliTest:0.2733333333333333
InsnDecoder:0.26
