CollectingRowReceiver:0.5666666666666667
IteratorPageDownstream:0.47277777777777774
IteratorPageDownstreamTest:0.18
FailingOnRepeatReceiver:0.16666666666666666
