HighlightBuilder:0.5033333333333333
Field:0.37333333333333335
HighlightBuilderTests:0.36333333333333334
AbstractHighlighterBuilder:0.32
RangeQueryBuilderTests:0.25
