BotTask:0.6166666666666667
AdminScriptRunner:0.42333333333333334
BotServiceBean:0.35
WfeScriptForBotStations:0.22222222222222218
AddColumnForEmbeddedBotTaskFileName:0.14333333333333334
