Trigger:0.6166666666666667
TriggerRouterService:0.4633333333333333
Router:0.45666666666666667
