Builder:0.6166666666666667
Util:0.3333333333333333
OkHttpClient:0.2833333333333333
Jdk9Platform:0.22666666666666666
JdkWithJettyBootPlatform:0.21666666666666667
AndroidTrustRootIndex:0.2111111111111111
AndroidPlatform:0.20527777777777778
CertificatePinner:0.1766666666666667
