Configuration:0.6132777777777779
DSLContext:0.54
DefaultDSLContext:0.45
DefaultConfiguration:0.4033333333333333
