Actor:0.8233333333333334
SupervisorActor:0.26
Actor2:0.25333333333333335
ActorTest:0.21
Actor1:0.21
GenBehaviorActor:0.20666666666666667
