MProxyImpl:0.6633333333333333
PutOperation:0.4066666666666667
RemoveOperation:0.37333333333333335
MapProxy:0.20333333333333334
GenericBackupOperation:0.16111111111111112
