OsgiServiceProxyFactoryBean:0.5066666666666667
OsgiServiceCollection:0.49166666666666664
AbstractRefreshableOsgiBundleApplicationContext:0.33666666666666667
ServiceBeanDefinitionParser:0.17
