PageProjection:0.6266666666666667
TestInterpretedPageProjectionFunction:0.38666666666666666
PageFunctionCompiler:0.27666666666666667
TestDictionaryAwarePageProjection:0.19
InterpretedPageProjection:0.18666666666666668
DictionaryAwarePageProjection:0.17
TestPageProcessor:0.16666666666666666
YieldPageProjection:0.14666666666666667
LazyPagePageProjection:0.13333333333333333
PositionsPageProcessorIterator:0.12333333333333334
InvocationCountPageProjection:0.10666666666666667
InputPageProjection:0.09666666666666666
TestPageProjection:0.09666666666666666
ConstantPageProjection:0.08666666666666667
TestPageFunctionCompiler:0.043333333333333335
DictionaryAwarePageProjectionOutput:0.013333333333333334
ConstantPageProjectionOutput:0.0033333333333333335
InputPageProjectionOutput:0.0033333333333333335
InterpretedPageProjectionOutput:0.0
