AbstractChange:0.7333333333333333
CreateRelationship:0.5491666666666667
