ServerDescription:0.5966666666666667
Builder:0.2733333333333333
MultiServerCluster:0.26666666666666666
ServerMonitor:0.21333333333333335
TestServer:0.1988888888888889
ServerDescriptionTest:0.19333333333333333
ServerMonitorRunnable:0.18388888888888888
TestClusterableServerFactory:0.18
