ProvidedInterceptor:0.58
GuiceObjectFactory:0.45666666666666667
Count:0.20666666666666667
ExampleModule:0.14666666666666667
