Property:0.6866666666666666
Indi:0.5066666666666667
ReportBridge:0.38
EntityList:0.26
ReportDescendants:0.08666666666666667
