UserManager:0.8166666666666667
UserManagerTest:0.36333333333333334
