JedisCluster:0.6233333333333333
JedisClusterConnectionHandler:0.31666666666666665
JedisSlotBasedConnectionHandler:0.30333333333333334
JedisClusterCommand:0.22333333333333333
