FTC_AbstractDebuggerCommunicationTest:0.5433333333333333
RubyDebugCommandFactory:0.295
FTC_RubyDebugCommunicationTest:0.28555555555555556
