AtomicReferenceAbstractTest:0.5888888888888889
AlterOperation:0.24666666666666667
AlterAndGetOperation:0.24666666666666667
GetAndAlterOperation:0.15666666666666668
