VerifierConfig:0.8333333333333334
Validator:0.44
PrestoVerifier:0.30333333333333334
TestVerifierConfig:0.24333333333333335
