GwtViewHelper:0.5433333333333333
GwtMenuHelper:0.5433333333333333
UserPropertiesDlg:0.4266666666666667
