AdductionProtonPBReactionTest:0.9366666666666666
AdductionPBMechanism:0.6711111111111111
