JDBCHistoryCache:0.4988888888888889
HistoryCache:0.49666666666666676
HistoryGuru:0.39666666666666667
FileHistoryCache:0.32
