HiveWriterFactory:0.6843333333333332
HiveRecordWriter:0.6843333333333332
HiveMetadata:0.5266666666666666
HiveWriteUtils:0.29333333333333333
HivePageSinkProvider:0.20666666666666667
RecordFormatWriter:0.13333333333333333
