Secur32:0.91
SecurityPackage:0.7017777777777777
Secur32Test:0.3466666666666667
Secur32UtilTest:0.20333333333333334
PSecPkgInfo:0.1825
Secur32Util:0.11333333333333333
SecPkgInfo:0.08333333333333333
