QueryInfo:0.48
SqlQueryExecution:0.3933333333333333
ImportTableExecution:0.37333333333333335
SimpleQuery:0.16
