MKS:0.8033333333333333
MKSTest:0.09333333333333334
