LdapSyncResults:0.7433333333333333
LdapModuleImpl:0.3233333333333333
LdapSyncThread:0.26
