SqlExecutor:0.83
Upgrade:0.27666666666666667
UpgradeSessionBean:0.25333333333333335
