DefaultSurveillanceService:0.5983333333333334
SurveillanceService:0.44963888888888887
SurveillanceViewController:0.43
