Person:0.8166666666666667
Freelancer:0.45666666666666667
