ClassDescriptor:0.5666666666666667
SymbolTable:0.5266666666666666
StepFactory:0.37333333333333335
