Graph:0.43111111111111106
Producer:0.2961984126984128
XLParser:0.24333333333333335
