AbstractFlowExecutionRepository:0.43333333333333335
DefaultFlowExecutionRepository:0.31333333333333335
DefaultFlowExecutionRepositoryTests:0.23
StubConversationManager:0.1907222222222222
AbstractFlowExecutionContinuationRepository:0.13333333333333333
