PluginLogger:0.44666666666666666
VariableUtils:0.3466666666666667
Validator:0.33666666666666667
ValidatorDefinition:0.29
Param:0.28
FieldValidator:0.27666666666666667
FormNode:0.25666666666666665
FieldValidatorsWizardPage:0.25333333333333335
ValidatorConfig:0.25
Transition:0.23333333333333334
ValidationUtil:0.20666666666666667
QuickFormEditor:0.20666666666666667
WYSIWYGHTMLEditor:0.20333333333333334
SystemProperties:0.19
FormNodeValidation:0.19
VariableSearchVisitor:0.18666666666666668
GroovyTypeSupport:0.18
ClassLoaderUtil:0.18
BpmnSerializer:0.17666666666666667
ParContentProvider:0.16666666666666666
ValidatorParser:0.16333333333333333
ValidatorManager:0.15
ValidatorDefinitionRegistry:0.14666666666666667
ValidatorWizard:0.13666666666666666
GlobalValidatorsWizardPage:0.13333333333333333
DateRangeFieldValidator:0.12666666666666668
LocalizableException:0.11666666666666667
PhraseDecliner_ru:0.11666666666666667
OpenFormValidationDelegate:0.11333333333333333
DefaultValidatorInfoControl:0.035
ValidationXmlParser:0.013333333333333334
