DWRBase:0.45
EmailNotifications:0.45
ModuleManager:0.44
MapFacadeBean:0.36333333333333334
SellerTest:0.35333333333333333
SaveAction:0.25333333333333335
Emails:0.22666666666666666
ModuleInfo:0.11
BackgroundSender:0.018333333333333333
