Entity:0.5
Indi:0.39666666666666667
Fam:0.37
Repository:0.14
Submitter:0.14
Note:0.13666666666666666
Media:0.13666666666666666
Source:0.13666666666666666
Renderer:0.12333333333333331
PropertyMultilineValue:0.11
