AtomicReferenceContainer:0.5666666666666667
MergeOperation:0.44666666666666666
AtomicReferenceSplitBrainTest:0.42
MergingValueFactory:0.25333333333333335
Merger:0.13
AtomicReferenceDataSerializerHook:0.12
