ScheduledTaskDescriptor:0.5816666666666667
ScheduledExecutorServiceSlowTest:0.4633333333333333
ScheduledExecutorServiceTestSupport:0.36
