MemberState:0.7286666666666667
MemberStateImpl:0.5766666666666667
ReplicatedMapService:0.37666666666666665
TimedMemberStateFactory:0.3
