MultiLayerNetwork:0.6066666666666667
Input:0.425
StringUtils:0.2733333333333333
HistogramIterationListener:0.21666666666666667
ComputationGraphUpdater:0.21611111111111114
StringGrid:0.21
MultiLayerUpdater:0.19444444444444445
