SharedBuffer:0.6266666666666667
SharedBufferInfo:0.48
HttpRemoteTask:0.3
SqlTaskManager:0.23666666666666666
