JarHell:0.755
JarHellTests:0.4666666666666667
LogConfigurator:0.35833333333333334
