Response:0.5333333333333333
CacheStrategy:0.4033333333333333
Builder:0.38333333333333336
HttpEngine:0.27
ParsedHeaders:0.18750000000000003
Factory:0.17333333333333334
SpdySocketHandler:0.17333333333333334
