Pointtransfer:0.616388888888889
ActivityMgmtService:0.2633333333333333
PointtransferQueryService:0.24666666666666667
