Ejb3Column:0.6266666666666667
Ejb3JoinColumn:0.445
PojoComponentTuplizer:0.27
CompositeIdTest:0.27
Ejb3DiscriminatorColumn:0.13666666666666666
