OnmsIpInterfaceResource:0.37
OnmsCategoryResource:0.2946666666666667
OnmsSnmpInterfaceResource:0.2813333333333334
OnmsMonitoredServiceResource:0.2813333333333334
NodeRestService:0.23666666666666666
OnmsRestService:0.23333333333333334
