EditorOverlay:0.46
AppliConfiguration:0.41
MenuFactory:0.3933333333333333
DefaultXMLExporter:0.39
TreeEditorCopyHelper:0.35800000000000004
LayerTreeEditor:0.35333333333333333
SymbolCommand:0.35
WidgetListChooser:0.3233333333333333
BackgroundImage:0.308
EditorGrid:0.308
SnapshotsFactory:0.29355555555555557
EditorLayerWrapper:0.29055555555555557
EditorPanel:0.2833333333333333
WidgetDefaultsHandler:0.27666666666666667
EditorExtensionLoader:0.27661111111111114
MapItemsPanel:0.2733333333333333
EventTreeDialog:0.27
DefaultBinaryExporter:0.26666666666666666
ARINC661App:0.26
UIDefaultExporter:0.25416666666666665
LockableUI:0.25333333333333335
EditorMode:0.25244444444444447
ScenarioReaderImpl:0.25083333333333335
XMLExportConfigurationHandler:0.24666666666666667
TreeEditorHelper:0.24666666666666667
SymbolConverter:0.24666666666666667
TreeEditorAlignHelper:0.245
LongLongPanel:0.24416666666666667
GrowableArrayPanel:0.24083333333333334
ScenarioMessageProcessor:0.2397222222222222
TableArrayEditor:0.23333333333333334
GrowableTable:0.23333333333333334
OpenRawListAction:0.23166666666666666
ScenarioManagerImpl:0.22666666666666666
PropertyPanelFactory:0.22666666666666666
SaveAsDialog:0.22583333333333333
ScenarioOptions:0.22333333333333333
ScenarioWriter:0.21666666666666667
MapsPlugin:0.21116666666666664
EditorEngine:0.21
WidgetListener:0.205
MapsPanel:0.20333333333333334
WriterEventQueue:0.19666666666666666
EditorBinaryDFHandler:0.19305555555555554
SaveXMLAction:0.19305555555555554
SearchAction:0.19305555555555554
EditorDFHandler:0.19305555555555554
OpenRawListDialog:0.19
ConverterConfigHandler:0.18333333333333332
SaveImageSnapshotAction:0.18166666666666667
EditorResizer:0.18
EditorMenuFactory:0.17333333333333334
EditorWidgetTableConstructor:0.17333333333333334
WidgetDefaultsParser:0.17166666666666666
ClickListener:0.17
SymbolsEditor:0.16333333333333333
ScenarioPanel:0.15666666666666668
ReaderEventQueue:0.15333333333333332
BufferTask:0.14833333333333334
SaveWidgetSnapshotAction:0.14333333333333334
SymbolRunwayRenderer:0.14
LineArcRenderer:0.12333333333333334
SymbolOvalRenderer:0.12333333333333334
SymbolCircleRenderer:0.12
ConverterRulesParser:0.10333333333333333
LineSegmentRenderer:0.09333333333333334
BackgroundTranspDialog:0.06666666666666667
