StemmerTokenFilterFactory:0.6530952380952382
ExtendedProcessor:0.46
BasicAnalysisBackwardCompatibilityIT:0.32666666666666666
