Table:0.7833333333333333
Field:0.7633333333333333
Schema:0.6711666666666667
Catalog:0.5633333333333334
Tools:0.36666666666666664
AbstractField:0.25333333333333335
TableImpl:0.22444444444444447
AbstractTable:0.22333333333333333
SchemaImpl:0.1978888888888889
CatalogImpl:0.18055555555555558
