ResourceCache:0.4666666666666667
Scenario:0.2633333333333333
SaveResourceAction:0.25
JPPFResourceConnection:0.20666666666666667
NodeServerFactory:0.14666666666666667
LinkedListSortedMap:0.14666666666666667
ClientClassServerFactory:0.14666666666666667
NodeClassServerFactory:0.14666666666666667
