Builder:0.7866666666666666
AbstractQueryBuilder:0.36666666666666664
NamedXContentRegistry:0.3411111111111111
