StatusLine:0.5229999999999999
URLConnectionTest:0.37
OkHttpClient:0.36666666666666664
HttpEngine:0.34
HttpURLConnectionImpl:0.2966666666666667
HttpTransport:0.24611111111111114
Policy:0.22
Job:0.17666666666666667
