ClientExecutorServiceInvokeTest:0.41333333333333333
ClientExecutorServiceTest:0.16666666666666666
ClientExecutorServiceExecuteTest:0.14666666666666667
ClientExecutorServiceSubmitTest:0.12866666666666668
