UIInitializer:0.6633333333333333
DefaultCellRenderer:0.18333333333333332
DefaultStatusBar:0.17666666666666667
DefaultInternalFrame:0.16666666666666666
DefaultTable:0.15666666666666668
DefaultTitledBorder:0.14
DefaultScrollPane:0.13333333333333333
DefaultListSelectableItemEditor:0.13
DefaultListSelectableItemRenderer:0.11666666666666667
DefaultListRenderer:0.11
DefaultComboboxRenderer:0.11
TreeTableCellRenderer:0.1
