GwtTeamingMessages:0.31666666666666665
WhoHasAccessDlg:0.30333333333333334
AccessInfo:0.25
AccessInfoComparator:0.24
GwtViewHelper:0.20400000000000001
GwtMenuHelper:0.19444444444444445
DlgLabel:0.13333333333333333
