ArrayProperty:0.59
PropertyBuilder:0.2966666666666667
AbstractSerializableParameter:0.2833333333333333
Reader:0.21666666666666667
ModelResolver:0.18333333333333332
BeanValidationsModel:0.16333333333333333
ModelSerializerTest:0.15666666666666668
Swagger:0.15333333333333332
ParameterProcessor:0.12666666666666668
PropertyDeserializer:0.12666666666666668
AnnotationsHelper:0.1
ObjectProperty:0.04
ParameterProcessorTest:0.02666666666666667
BeanValidatorTest:0.006666666666666667
ArrayPropertyTest:0.0
