ElasticsearchIntegrationTest:0.7522222222222222
PercolatorTests:0.41333333333333333
UpdateMappingTests:0.3
