EBinary:0.49
MethodWriter:0.32
EChain:0.27
StringTests:0.21333333333333335
WriterConstants:0.043333333333333335
