HtmlSubmitInput:0.59
HtmlFormTest:0.48333333333333334
HtmlSubmitInputTest:0.09666666666666666
