TestDecayPolicies:0.29333333333333333
RemoteFlowIterationListener:0.25
BaseStatsListener:0.25
TestSparkMultiLayerParameterAveraging:0.24
MultiLayerNeuralNetConfigurationTest:0.23
RegressionTest080:0.23
FlowIterationListener:0.22133333333333335
NeuralNetConfigurationTest:0.19666666666666666
