FlowPhaseListener:0.6688888888888889
ViewIdMapper:0.5612142857142858
DefaultViewIdMapper:0.24133333333333334
