AbstractTestQueries:0.7013333333333334
TranslationMap:0.34755555555555556
