IClusterService:0.47333333333333333
RegistrationService:0.46
ClusterService:0.4266666666666667
