AnalyzeRequest:0.43
GetFieldMappingsIndexRequest:0.3433333333333333
TransportHandler:0.25
SingleCustomOperationRequest:0.24666666666666667
TransportSingleCustomOperationAction:0.22666666666666666
AsyncSingleAction:0.22611111111111115
ActionNames:0.20666666666666667
TransportAnalyzeAction:0.19666666666666666
TransportGetFieldMappingsIndexAction:0.15
