ServiceRequest:0.6166666666666667
Command:0.4533333333333333
AcceptLanguages:0.44
LocaleManager:0.35
Locale:0.3
MockRequest:0.25333333333333335
TestingServiceRequest:0.24333333333333335
ServiceRequestImpl:0.23
TestLocaleManager:0.21666666666666667
ServiceRequestImplConfig:0.15333333333333332
HomepageRedirector:0.13
LocalizationLocator:0.056666666666666664
LocaleManagerConfiguration:0.03666666666666667
