TCQueryFilterValue:0.4716666666666667
WebCfgService:0.43333333333333335
WebCfgDelegate:0.24777777777777782
TCListModel:0.24
TCQueryLocal:0.14266666666666666
TCQueryBean:0.12666666666666668
