CorpusImpl:0.7066666666666667
Factory:0.5833333333333334
TestCorpus:0.33666666666666667
