HttpTest:0.31333333333333335
HttpClientResponseImpl:0.25333333333333335
HttpServerRequest:0.24666666666666667
HttpServerRequestImpl:0.24333333333333335
HttpClientResponse:0.21333333333333335
