ExtensionLoader:0.7866666666666666
RegistryConfig:0.4266666666666667
ProtocolConfig:0.39666666666666667
