AndroidManifest:0.6266666666666667
AndroidManifestTest:0.37333333333333335
MetaData:0.3677777777777778
