SecurityJacksonModules:0.6466666666666666
CasAuthenticationTokenMixinTests:0.18
CookieMixinTests:0.17666666666666667
DefaultCsrfTokenMixinTests:0.17
WebAuthenticationDetailsMixinTests:0.16666666666666666
AbstractMixinTests:0.14666666666666667
