AuditStrategy:0.78
AuditMetadataGenerator:0.37666666666666665
AbstractAuditQuery:0.30333333333333334
CollectionMetadataGenerator:0.28
QueryGeneratorBuilder:0.2733333333333333
EntitiesAtRevisionQuery:0.21666666666666667
AuditConfiguration:0.20666666666666667
ThreeEntityQueryGenerator:0.14
EntitiesConfigurator:0.13333333333333333
TwoEntityQueryGenerator:0.12
TwoEntityOneAuditedQueryGenerator:0.11333333333333333
OneEntityQueryGenerator:0.11333333333333333
OneAuditEntityQueryGenerator:0.11333333333333333
ValidTimeAuditStrategy:0.061111111111111116
DefaultAuditStrategy:0.01
