NioSocketChannel:0.49666666666666665
WriteOperation:0.44666666666666666
TcpFrameDecoderTests:0.3233333333333333
SocketEventHandlerTests:0.21
TcpWriteContextTests:0.21
SocketSelectorTests:0.18333333333333332
TcpFrameDecoder:0.09333333333333334
TcpReadContext:0.07666666666666666
WriteOperationTests:0.06
