TransactionCoordinator:0.8366666666666667
SynchronizationCallbackCoordinatorImpl:0.36333333333333334
TransactionCoordinatorImpl:0.30666666666666664
AbstractSessionImpl:0.30333333333333334
