Elem:0.7633333333333333
DataManager:0.4066666666666667
Xml:0.3933333333333333
MetadataSchema:0.30333333333333334
EditLib:0.23333333333333334
ErrorHandler:0.18166666666666667
EditUtils:0.13333333333333333
GetEditableData:0.09333333333333334
Validate:0.09
GetPositionMD:0.08666666666666667
Update:0.03666666666666667
Params:0.03
