Environment:0.47333333333333333
JacksonMessageBodyProvider:0.34
JerseyClientBuilder:0.25666666666666665
ResourceTest:0.22666666666666666
JerseyIntegrationTest:0.21
EnvironmentTest:0.14666666666666667
EnvironmentCommand:0.12333333333333334
JsonBundle:0.11333333333333333
Validator:0.09333333333333334
