StudyListPage:0.7533333333333333
ModalityWorklistPanel:0.3233333333333333
MWLItemListView:0.2666666666666667
PPSListView:0.22666666666666666
InstanceListView:0.14
SeriesListView:0.13333333333333333
StudyListView:0.13333333333333333
PatientListView:0.13333333333333333
