ObjectFactory:0.48333333333333334
KuwaibaService:0.48333333333333334
CommunicationsStub:0.4066666666666667
CreateSubnetAction:0.1877777777777778
CreateSubnetFrame:0.1811111111111111
GetSubnetPools:0.17444444444444446
GetSubnetsInSubnetResponse:0.17333333333333334
GetSubnetsInSubnet:0.125
AddIPAddressFrame:0.12333333333333334
SubnetChildren:0.11666666666666667
