MongoCollectionTest:0.36
AddIndexAcceptanceTest:0.32
MongoCursorTest:0.26
MongoStreamTest:0.23666666666666666
MongoSaveTest:0.23666666666666666
BsonDocumentBufferSerializerTest:0.17666666666666667
DocumentSerializerTest:0.17666666666666667
MongoFindTest:0.13333333333333333
GetLastErrorTest:0.13333333333333333
MongoGetMoreTest:0.13
