AbstractExpressionParser:0.4266666666666667
OgnlExpressionParserTests:0.4033333333333333
OgnlExpressionParser:0.19666666666666666
BeanWrapperExpressionParser:0.14333333333333334
