IdentifiebleSetConvertions:0.4066666666666667
ScriptValidation:0.3655555555555556
AdminScriptRunner:0.3566666666666667
NamedIdentitySet:0.2866666666666667
Identity:0.26722222222222225
AdminScriptConstants:0.25333333333333335
Permission:0.24
ScriptValidationException:0.20666666666666667
DeployProcessDefinitionOperation:0.19666666666666666
DeleteExecutorOperation:0.14166666666666666
ScriptExecutionContext:0.12
ScriptOperation:0.1175
BotConfiguration:0.06
SetActorInactiveOperation:0.05138888888888889
WorkflowScriptDto:0.050833333333333335
RemoveAllPermissionsFromIdentifiableOperation:0.04
AddConfigurationsToBot:0.03833333333333333
RemoveAllPermissionsFromExecutorOperation:0.03805555555555555
SetPermissionsOnProcessesOperation:0.03805555555555555
RemoveAllPermissionsFromProcessDefinitionOperation:0.03805555555555555
RemovePermissionsOnProcessesOperation:0.03805555555555555
AddPermissionsOnProcessesOperation:0.03805555555555555
UpdateBotStationOperation:0.035
CreateRelationOperation:0.035
DeleteBotOperation:0.035
CreateActorOperation:0.035
UpdateBotOperation:0.035
DeleteExecutorsOperation:0.035
CreateBotOperation:0.035
RemoveAllConfigurationsFromBot:0.035
RemoveConfigurationsFromBot:0.02944444444444444
AddExecutorsToGroupOperation:0.023055555555555555
RemoveExecutorsFromGroupOperation:0.023055555555555555
CreateGroupOperation:0.015833333333333335
CreateBotStationOperation:0.015833333333333335
DeleteBotStationOperation:0.015833333333333335
RemovePermissionsOnDefinitionOperation:0.014722222222222223
AddPermissionsOnActorOperation:0.014722222222222223
RemovePermissionsOnActorOperation:0.014722222222222223
RemovePermissionsOnGroupOperation:0.014722222222222223
SetPermissionsOnActorOperation:0.014722222222222223
SetPermissionsOnRelationOperation:0.014722222222222223
SetPermissionsOnGroupOperation:0.014722222222222223
AddPermissionsOnRelationOperation:0.014722222222222223
RemovePermissionsOnRelationOperation:0.014722222222222223
SetPermissionsOnDefinitionOperation:0.014722222222222223
AddPermissionsOnDefinitionOperation:0.014722222222222223
AddPermissionsOnGroupOperation:0.014722222222222223
ChangePermissionsOnIdentifiablesOperation:0.013333333333333334
RemoveAllPermissionsFromProcessesOperation:0.01
ExecutorsSetContainerOperation:0.01
ExecutorsSetContainer:0.01
RemoveAllPermissionsFromIdentifiablesOperation:0.006666666666666667
IdentitiesSetContainer:0.006666666666666667
ChangePermissionsOnIdentifiableOperation:0.006666666666666667
IdentitiesSetContainerOperation:0.0033333333333333335
CancelProcessesOperation:0.0
AddPermissionsOnSystemOperation:0.0
FilterableProcessInstancesOperation:0.0
RemovePermissionsOnSystemOperation:0.0
SetPermissionsOnRelationGroupOperation:0.0
RemoveAllPermissionsFromSystemOperation:0.0
RemoveProcessesOperation:0.0
AddPermissionsOnBotStationOperation:0.0
RemovePermissionsOnBotStationOperation:0.0
AddPermissionsOnRelationGroupOperation:0.0
SetPermissionsOnSystemOperation:0.0
SetPermissionsOnBotStationOperation:0.0
RemovePermissionsOnRelationGroupOperation:0.0
