DatabaseList:0.56
JnetManager:0.5255555555555556
Config:0.2733333333333333
