ShadowView:0.5338888888888889
drawable:0.426626984126984
ViewLoaderTest:0.28
