AnalyzeRequest:0.7966666666666666
TransportAnalyzeAction:0.38
AnalyzeRequestBuilder:0.23
RestAnalyzeAction:0.1752222222222222
RestAnalyzeActionTests:0.13
TransportAnalyzeActionTests:0.05333333333333334
Fields:0.006666666666666667
