DefaultResultSetHandler:0.4033333333333333
CachingExecutor:0.2866666666666667
MethodSignature:0.25666666666666665
DateOnlyTypeHandler:0.25333333333333335
TimeOnlyTypeHandler:0.24333333333333335
PooledConnection:0.23694444444444443
MapperAnnotationBuilder:0.21333333333333335
DefaultCursor:0.20333333333333334
EnhancedDeserializationProxyImpl:0.19333333333333333
MapperProxy:0.19
DateTypeHandler:0.14333333333333334
