FieldSetTests:0.46
BeanWrapperFieldSetMapper:0.4533333333333333
BeanWrapperFieldSetMapperTests:0.25666666666666665
BindingException:0.14333333333333334
