Report:0.5994444444444444
FieldSearchServlet:0.4691666666666667
ObjectProfile:0.014071428571428572
