CasCoreTicketsConfiguration:0.31333333333333335
SurrogateAuthenticationConfiguration:0.30666666666666664
SurrogateAuthenticationService:0.11666666666666667
SurrogateAuthenticationMetaDataPopulator:0.11333333333333333
Tgt:0.10333333333333333
SurrogateAuthenticationProperties:0.07
SurrogateAccount:0.013333333333333334
