ScriptingConsoleView:0.7657777777777778
JsConsoleView:0.6744444444444445
