PolygonBuilder:0.6466666666666666
AbstractShapeBuilderTestCase:0.40444444444444444
LineStringBuilderTests:0.2733333333333333
