CustomReportColumn:0.62
TableModelDecorator:0.4
GenerateReportServlet:0.25333333333333335
CarrierWithSectionsTest:0.12333333333333334
GenerateCustomReportAction:0.12
SaveCustomReportColumnAction:0.11666666666666667
JasperReportServlet:0.04
