DefaultJVMHandler:0.8133333333333334
DefaultExecutionTracker:0.5766666666666667
