MessageFileCompareItem:0.44
AbstractMessageFileCompareEditor:0.41
MessageFileCompareEditorInput:0.2833333333333333
TableContextMenu:0.26666666666666666
TableStatistics:0.25333333333333335
TableFilterData:0.15333333333333332
AbstractTableLabelProvider:0.08333333333333333
TableContentProvider:0.03
TableFilter:0.02666666666666667
