ArgType:0.5933333333333334
InsnGen:0.25333333333333335
ErrorsCounter:0.22777777777777777
ModVisitor:0.15333333333333332
FillArrayNode:0.14333333333333334
TestArrays:0.13666666666666666
TypeMergeTest:0.12
