View:0.79
FilterContentDisplayerResult:0.25666666666666665
FilterContentDisplayer:0.20333333333333334
