TransportSQLActionTest:0.6216666666666667
InformationSchemaTableExecutionContext:0.4558333333333333
SQLModule:0.4166666666666667
