MultiInstanceState:0.69
InternalGetActorsByGroupActionHandler:0.30666666666666664
InternalGetActorsByRelationActionHandler:0.30666666666666664
