JUMPFeatureFactory:0.44
TransactionFactory:0.43
UpdateWFSLayerPlugIn:0.35333333333333333
WFSPlugIn:0.15833333333333333
