SRDocumentImpl:0.5133333333333333
UIDDictionary:0.4396785714285715
UIDDictionaryImpl:0.3
RefSOPImpl:0.25
PresContextImpl:0.19666666666666666
Entry:0.12222222222222223
