Digester:0.6433333333333333
StandardPasswordEncoder:0.48
SecureRandomBytesKeyGenerator:0.42333333333333334
DigesterTests:0.20333333333333334
