SubModRqst:0.6026666666666667
SubAddRqst:0.5233333333333333
