AllSTLsToBuild:0.5866666666666667
BoundingBox:0.42
LayerProducer:0.41333333333333333
