DefaultPortableReaderQuickTest:0.4166666666666667
CarPortable:0.39666666666666667
ChipPortable:0.36666666666666664
DefaultPortableReaderSpecTest:0.27666666666666667
WheelPortable:0.23333333333333334
EnginePortable:0.23333333333333334
TestPortableFactory:0.12444444444444443
