Eventd:0.5166666666666667
UdpEventReceiver:0.36666666666666664
TcpEventReceiver:0.36666666666666664
OpenNMSTestCase:0.2833333333333333
EventIpcManagerEventHandlerProxy:0.09666666666666666
