ConfigurationUtils:0.7266666666666667
PipelineStore:0.4
PipelineStoreTests:0.37333333333333335
IngestProcessorNotInstalledOnAllNodesIT:0.2633333333333333
