AbstractMap3DProjection:0.47333333333333333
SymbolRotated3DRendererTest:0.20333333333333334
Map3DItemListRenderer:0.18
PropertiesConfiguration:0.17333333333333334
CameraDraft:0.14666666666666667
ServerMap3DItemsUtilities:0.1
Maps3DModelConstants:0.016666666666666666
PropertyLoader:0.006666666666666667
