View:0.6066666666666667
ModuleTestBase:0.47333333333333333
Ids:0.3933333333333333
Result:0.33
ModuleManager:0.31666666666666665
Module:0.2966666666666667
DeliveryTest:0.24666666666666667
CustomerTest:0.24
AJAXTest:0.23666666666666666
CustomerWithSectionTest:0.22666666666666666
LinkTag:0.21666666666666667
SeveralModulesTest:0.20333333333333334
CarrierTest:0.20333333333333334
FormulaTest:0.19
XavaSuite:0.16666666666666666
LoadImageAction:0.16333333333333333
ReferenceBaseAction:0.15333333333333332
ImageTag:0.14
ButtonTag:0.14
EditorTag:0.12666666666666668
ImagesServlet:0.12
DescriptionsListTag:0.09666666666666666
IdTag:0.006666666666666667
