SqlPredicateTest:0.5466666666666666
AbstractWebfilterTestCase:0.46216666666666667
