Messages:0.6833333333333333
JbpmExecutionServiceBean:0.41333333333333333
ListProcessesInstancesFormTag:0.24666666666666667
ChartLogPresentationBuilder:0.20333333333333334
Statistic:0.17333333333333334
GanttChartImageAction:0.16333333333333333
TasksTableLogPresentationBuilder:0.15333333333333332
ArchiveProcessesInstancesFormTag:0.08333333333333333
ShowTasksHistoryLinkTag:0.05
ShowStatisticsLinkTag:0.05
ShowTasksHistoryFormTag:0.02666666666666667
ShowStatisticsFormTag:0.013333333333333334
