OrcStorageManager:0.6766666666666666
TestOrcStorageManager:0.34
TestRaptorSplitManager:0.20333333333333334
StorageModule:0.08333333333333333
