ToLongFunctionTest:0.14
ToShortFunctionTest:0.12666666666666668
ToDoubleFunctionTest:0.12666666666666668
ToByteFunctionTest:0.12666666666666668
ToNullFunctionTest:0.12666666666666668
ToFloatFunctionTest:0.12666666666666668
