WebKeys:0.5496507936507937
AjaxController:0.3933333333333333
ListFolderHelper:0.33
MobileAjaxController:0.26666666666666666
