FastClass:0.8444444444444443
AbstractFastClass:0.55
DefaultClassDefiner:0.21666666666666667
Util:0.16666666666666666
FastClassFactory:0.13666666666666666
ConstructorComparator:0.1211111111111111
MethodComparator:0.1211111111111111
FastClassFactoryTest:0.043333333333333335
