NodeGroupLink:0.5333333333333333
TriggerRouterService:0.44
NodeGroupLinkMapper:0.22333333333333333
