Beans:0.4866666666666667
CurrentCredentialsAndAuthentication:0.3605555555555556
AuthenticationSystemSupport:0.26105555555555554
DefaultAuthenticationSystemSupport:0.25333333333333335
PasswordManagementConfiguration:0.23666666666666666
RankedAuthenticationProviderWebflowEventResolver:0.18333333333333332
GenerateServiceTicketAction:0.18
QueryDatabaseAuthenticationHandler:0.17
ThreadLocalPrincipalResolver:0.16666666666666666
ServiceWarningAction:0.13333333333333333
