SWDownloadCandidate:0.5583333333333333
FWSortedTableModel:0.3775
FlexBuf:0.3433333333333333
SharedFilesTableModel:0.28
HandshakeHeaders:0.011111111111111112
