NodePartitioningManager:0.43333333333333335
ConnectorNodePartitioningProvider:0.43083333333333335
ClassLoaderSafeNodePartitioningProvider:0.43
