hqlanalyzer:0.6633333333333333
oqlanalyzer:0.4166666666666667
