Strategy:0.5472222222222223
Exploration:0.4766666666666667
ExplorationDialog:0.35333333333333333
ExploreAction:0.23361111111111113
AbstractStrategy:0.15833333333333333
RefreshButton:0.09666666666666666
