ClassLoaderUtil:0.5766666666666667
ServiceLoader:0.35333333333333333
NewInstanceIterator:0.27666666666666667
ClassIterator:0.24333333333333335
ClassLoaderUtilTest:0.09
ExtendingClassImplementingSubInterface:0.023888888888888887
ExtendingClassImplementingInterface:0.023888888888888887
DirectlyImplementingSubInterfaceInterface:0.023888888888888887
SubInterface:0.023888888888888887
MyInterface:0.023888888888888887
DirectlyImplementingInterface:0.023888888888888887
