Success:0.37
Try:0.33
Failure:0.33
TryTest:0.3233333333333333
NonFatal:0.27666666666666667
