Request:0.8166666666666667
FilterExampleAttributes:0.33666666666666667
