MetadataManager:0.5033333333333333
ColumnHandle:0.43333333333333335
IndexManager:0.25333333333333335
PageSourceManager:0.21333333333333335
