BinderService:0.4769285714285714
ProfileService:0.4769285714285714
FolderService:0.4769285714285714
TeamingServiceEndpoint:0.43
FolderServiceImpl:0.33666666666666667
BinderServiceImpl:0.31666666666666665
TeamingServiceClientWithStub:0.31666666666666665
ProfileServiceImpl:0.27666666666666667
BaseService:0.21
