NewSpectrumFileWizardPage:0.6133333333333333
FileContentProvider:0.38666666666666666
NewSpecMolWizard:0.28888888888888886
NewSpectrumWizard:0.24
