ModelHelper:0.6166666666666667
Recursion:0.32666666666666666
AcyclicGraph:0.2833333333333333
CircularGraph:0.26
Layering:0.20287301587301584
HierarchicalLayoutAlgorithm:0.17333333333333334
