Visitor:0.30666666666666664
GroupByHash:0.30333333333333334
MultiChannelGroupByHash:0.2866666666666667
TestGroupByHash:0.26666666666666666
TopNRowNumberOperator:0.20333333333333334
RowNumberOperator:0.19666666666666666
BigintGroupByHash:0.17666666666666667
ChannelSetBuilder:0.12333333333333334
GroupByHashPageIndexer:0.10666666666666667
MarkDistinctHash:0.10666666666666667
HashAggregationOperator:0.09333333333333334
HashAggregationOperatorFactory:0.09
GroupByHashAggregationBuilder:0.043333333333333335
