StringLiteral:0.7666666666666667
Literal:0.5533333333333333
