BaseRegisteredServiceUserInterfaceInfo:0.9633333333333334
OAuth20RegisteredServiceUIAction:0.19666666666666666
OidcRegisteredServiceUIAction:0.19666666666666666
