LocalActorUtil:0.4666666666666667
ActorRefDelegate:0.34
Server:0.19666666666666666
Supervisor:0.17049999999999998
EventSource:0.17049999999999998
