AbstractSamlProfileHandlerController:0.5266666666666666
SamlProfileSamlAuthNStatementBuilder:0.3283333333333333
AbstractSaml20ObjectBuilder:0.242
