ElementsTest:0.48833333333333334
OverrideModuleTest:0.4166666666666667
ElementSourceTest:0.21777777777777782
FilterDefinitionTest:0.18666666666666668
ModulesTest:0.18
