ExecutionService:0.74
Messages:0.69
ProcessError:0.47
SystemProperties:0.4266666666666667
ProcessLog:0.36666666666666664
IProcessDefinitionLoader:0.27055555555555555
ExecutionServiceDelegate:0.19666666666666666
SubProcessState:0.19333333333333333
ProcessInfoFormTag:0.19
CancelProcessAction:0.16126190476190472
ErrorDetailsAction:0.15333333333333332
ProcessDefinitionLoader:0.14333333333333334
ExecutionServiceBean:0.12333333333333334
UpgradeProcessToNextDefinitionVersionAction:0.11666666666666667
ShowHistoryTag:0.1
ScriptingServiceBean:0.09
ProcessGraphElementPresentationVisitor:0.09
ShowProcessErrorsTag:0.08333333333333333
ExecutionLogic:0.06666666666666667
InitializeDBListener:0.05333333333333334
ConfigurationException:0.03666666666666667
AdminActionLog:0.03
