MergeMoleculesEdit:0.5597222222222222
Renderer2DModel:0.4305555555555555
AbstractController2D:0.28
