Indi:0.9483333333333334
PrivacyPolicy:0.31333333333333335
