Coordinates:0.7
MainDesktopPane:0.24666666666666667
CollectRockSamplesMission:0.24
ActivityTabPanel:0.16666666666666666
BuildingTemplate:0.15
NavigationTabPanel:0.12333333333333334
SurfMarsMap:0.08666666666666667
