Location:0.37333333333333335
SwitchStack:0.304
Step:0.30333333333333334
Frame:0.2775
Template:0.26666666666666666
AutomatonBuildTest:0.24
BodyTerm:0.13277777777777777
