RobolectricTestRunner:0.49
InstrumentingClassLoaderConfig:0.31666666666666665
ResBunchTest:0.30333333333333334
Runner:0.2866666666666667
Builder:0.19666666666666666
InstrumentingClassLoaderTest:0.18
ParallelUniverseTest:0.14666666666666667
WithDefaults:0.1275
MyClassHandler:0.03666666666666667
CustomRobolectricTestRunner:0.03333333333333333
