StreamInput:0.54
BytesArray:0.33666666666666667
TcpTransport:0.33
NettyTransport:0.2966666666666667
BytesReference:0.29333333333333333
MarkSupportingStreamInputWrapper:0.2633333333333333
PagedBytesReference:0.21333333333333335
TcpHeader:0.1877777777777778
AbstractBytesReferenceTestCase:0.16333333333333333
NodeChannels:0.10666666666666667
