CreateObjectComponent:0.7482777777777778
ObjectTagHandler:0.40388888888888885
