SignificantTermsHeuristicModule:0.6033333333333334
CustomSignificanceHeuristicPlugin:0.26
AggregationModule:0.175
SearchModule:0.17
TransportAggregationModule:0.07333333333333333
