TxmI18N:0.6877777777777778
SpecificitiesForm:0.3045555555555556
