IAtomContainer:0.69
AtomContainer:0.37666666666666665
AtomContainerTest:0.31
DebugRing:0.30666666666666664
DebugAminoAcid:0.30666666666666664
DebugStrand:0.30666666666666664
DebugPolymer:0.30666666666666664
DebugBioPolymer:0.30666666666666664
DebugMonomer:0.30666666666666664
DebugMolecule:0.30666666666666664
DebugAtomContainer:0.30666666666666664
RingPlacer:0.2866666666666667
DebugCrystal:0.26
AtomContainerManipulatorTest:0.21333333333333335
AtomContainerManipulator:0.19
