ProfileModule:0.7266666666666667
ProfileDao:0.641888888888889
ProfileDaoImpl:0.45666666666666667
ProfileModuleImpl:0.41333333333333333
ManageGroupPrincipalsController:0.20666666666666667
