StagingFOXMLParser:0.8533333333333334
StagingIngester:0.27666666666666667
