PyDictionary:0.46
PythonTree:0.2833333333333333
PyMethod:0.2633333333333333
PyFunction:0.2633333333333333
PyTraceback:0.25666666666666665
PyGenerator:0.19
PyStaticMethod:0.15666666666666668
