ShardManager:0.6166666666666667
RaptorTableHandle:0.41333333333333333
ShardNodes:0.3933333333333333
TestDatabaseShardManager:0.27666666666666667
RaptorMetadata:0.22666666666666666
RaptorSplit:0.18666666666666668
DatabaseShardManager:0.18333333333333332
TestRaptorDistributedQueries:0.14333333333333334
RaptorSplitManager:0.13333333333333333
ShardIterator:0.12666666666666668
RaptorPageSourceProvider:0.11
RaptorSplitSource:0.08666666666666667
IndexInserter:0.08333333333333333
