DnsClient:0.59125
DefaultDnsClient:0.55
DefaultVertx:0.46
HandlerAdapter:0.19666666666666666
DefaultMxRecord:0.10333333333333333
