BatchPresentation:0.66
ExecutionLogic:0.2966666666666667
TasklistBuilder:0.25666666666666665
TaskDetailsTag:0.25
