EditSecurityRuleAction:0.51
NewSecurityRuleAction:0.48833333333333334
SecurityTab:0.37333333333333335
RemoveSecurityRuleAction:0.20083333333333334
