RedissonMultiLock:0.6466666666666666
RedissonRedLock:0.36
RedissonRedLockTest:0.22666666666666666
