ProfileBackingBean:0.5375
FreelancerBackingBean:0.5083333333333333
TableRenderer:0.24333333333333335
StartupServletContextListener:0.17333333333333334
