SodbeansAction:0.6886111111111112
QuorumRunner:0.42333333333333334
SodbeansRunAction:0.2966666666666667
QuorumWebServer:0.2633333333333333
