TablesLoader:0.4033333333333333
UcanaccessSQLException:0.3433333333333333
UcanaccessErrorCodes:0.2916666666666667
AllTestsBase:0.24666666666666667
ExceptionCodeTest:0.24
ColumnMatcher:0.09333333333333334
