DefaultGraphNextState:0.6533333333333333
AutomatonBuilder:0.4021111111111111
