XmlActions:0.6933333333333334
XmlCompletion:0.2833333333333333
XmlParser:0.26
