Description:0.57
Failure:0.3433333333333333
MaxHistory:0.25
ArrayComparisonFailure:0.23333333333333334
ComparisonFailure:0.22666666666666666
InitializationError:0.22333333333333333
AssumptionViolatedException:0.22
MultipleFailureException:0.1811111111111111
