ChadoInstance:0.7744444444444445
ChadoAdapter:0.44
ChadoTransactionTransformer:0.4266666666666667
JdbcChadoAdapter:0.2633333333333333
ChadoAdapterGUI:0.22666666666666666
ChadoDatabase:0.22333333333333333
TigrSybilChadoInstance:0.19666666666666666
FlybaseChadoInstance:0.16444444444444442
ChadoTransactionXMLWriter:0.11333333333333333
