Replace:0.4888888888888889
MongoCollectionStream:0.38
DBCollection:0.32666666666666666
