AnnotationBean:0.7911111111111111
AnnotationBeanImpl:0.6796666666666666
