Config:0.5033333333333333
FeatureSet:0.37333333333333335
AminoAcidIcon:0.23666666666666666
RowLabel:0.21666666666666667
AlignmentViewerRowHeader:0.20466666666666666
