ShortArrayConverter:0.36
ShortConverter:0.3338095238095238
ShortConverterTest:0.21666666666666667
ShortArrayConverterTest:0.2
SqlTimeConverter:0.12333333333333334
SqlTimestampConverter:0.12333333333333334
SqlDateConverter:0.12333333333333334
