ModuleAddress:0.6266666666666667
XPathLocationParser:0.4766666666666667
IoUtility:0.3566666666666667
SourceFileException:0.3433333333333333
IoUtilityTest:0.26666666666666666
Qedeq2Latex:0.2633333333333333
DefaultKernelQedeqBo:0.2375
SourceArea:0.21666666666666667
DefaultModuleAddress:0.2
VisitorContextTest:0.19666666666666666
DefaultInternalKernelServices:0.19333333333333333
XmlQedeqFileDao:0.17333333333333334
QedeqLog:0.17
QedeqParserTest:0.16
QedeqBoFactoryAssert:0.14
SourcePosition:0.14
XPathLocationFinder:0.13666666666666666
LogListenerImpl:0.13666666666666666
SaxParser:0.13333333333333333
XPathLocationParserTest:0.11333333333333333
LogListener:0.11087301587301589
SaxErrorHandler:0.11
LogPane:0.10666666666666667
AddFileAction:0.08333333333333333
SimpleHandler:0.075
TestParser:0.05
