TestApprovalEnforcedByCertificateProfile:0.45666666666666667
BatchMakeP12:0.41
CmpTestCase:0.26
CrmfRARequestTest:0.23666666666666666
TestKeyRecovery:0.18666666666666668
