StudyListPage:0.5433333333333333
FileListView:0.23
EditAETPanel:0.20666666666666667
InstanceListView:0.14
PatientListView:0.13666666666666666
SeriesListView:0.13333333333333333
MainPage:0.13333333333333333
StudyListView:0.12333333333333334
PPSListView:0.12333333333333334
AEMgtPage:0.11666666666666667
WicketApplication:0.10333333333333333
ComponentUtil:0.09333333333333334
AEListPanel:0.08666666666666667
FileSystemPage:0.03666666666666667
EditInstancePage:0.013333333333333334
EditStudyPage:0.013333333333333334
EditPPSPage:0.013333333333333334
EditPatientPage:0.013333333333333334
EditSeriesPage:0.013333333333333334
AETitleValidator:0.006666666666666667
ModuleSelectorPanel:0.0
