OnmsOutage:0.5166666666666667
FindByOutageId:0.3781693121693122
AlarmFactory:0.2521666666666667
AlarmMappingQuery:0.22333333333333333
LazyIpInterface:0.20127777777777778
EventMappingQuery:0.19666666666666666
LazyOutage:0.17
LazyMonitoredService:0.1646111111111111
OutageFactory:0.16
AlarmDelete:0.11333333333333333
FindAll:0.09333333333333334
OutageDaoTest:0.07666666666666666
OutageMappingQuery:0.07333333333333333
OutageSaveOrUpdate:0.04
OutageDelete:0.03
OutageSave:0.0
OutageAll:0.0
OutageUpdate:0.0
