Chunk:0.5733333333333334
SuccessChunkResult:0.4149098124098124
SynchronousChunkProcessor:0.3233333333333333
ChunkResult:0.2733333333333333
RecoveryManager:0.27051984126984113
ChunkCompletionCallback:0.27051984126984113
ChunkProcessor:0.27
SynchronousChunkProcessorTests:0.23333333333333334
ItemReadingChunkReader:0.17333333333333334
ChunkingStepExecutor:0.11666666666666667
FailureChunkResult:0.02
