MultiplexerContext:0.6433333333333333
NioServer:0.5133333333333333
MultiplexerNioServer:0.2733333333333333
ReceivingState:0.15333333333333332
