LocalConversationManagerTests:0.6221111111111111
SessionBindingConversationManagerTests:0.48111111111111116
