FolderDaoImplTests:0.5233333333333333
ProfileDaoImplTests:0.5133333333333333
AuthenticationManagerImplTests:0.30333333333333334
