MapStoreWrapper:0.44666666666666666
SimpleMapLoader:0.37
PartitionRecordStore:0.36666666666666664
MapContainer:0.3022222222222222
MapStoreTest:0.15
