ShadowAssetManager:0.5
ShadowApplication:0.49333333333333335
ParallelUniverse:0.365
ShadowTypeface:0.2891666666666667
ParallelUniverseCreateApplicationTest:0.26666666666666666
ShadowPackageParser:0.19
