RegexpFunctions:0.4866666666666667
DotStarAroundData:0.48
TestRegexpFunctions:0.3333333333333333
RegexpType:0.21333333333333335
