WorkOrder:0.41
EnhancementContext:0.39555555555555555
PersistentAttributesEnhancer:0.23666666666666666
EnhancerTest:0.21333333333333335
MavenEnhancePlugin:0.21
Enhancer:0.20333333333333334
HibernatePlugin:0.19666666666666666
EnhancementTask:0.19
DefaultEnhancementContext:0.11666666666666667
EnhancerTestContext:0.006666666666666667
