ClientAdminThread:0.4766666666666667
BasicBufferManagementStrategy:0.4066666666666667
Aeron:0.34
BasicBufferUsageStrategy:0.3333333333333333
BufferManagementStrategy:0.155
BufferUsageStrategy:0.12682142857142856
TermMapper:0.0011111111111111111
