IOSGraphics:0.63
IOSSound:0.39666666666666667
IOSApplication:0.31333333333333335
PlayThread:0.20666666666666667
