DefaultDOReplicator:0.5166666666666667
DBIDLookup:0.4533333333333333
RowDeletion:0.43
RowInsertion:0.33666666666666667
