AtmosphereGwtHandler:0.5266666666666666
GwtAtmosphereResourceImpl:0.42
IFrameResponseWriter:0.31666666666666665
StreamingProtocolResponseWriter:0.25333333333333335
OperaEventSourceResponseWriter:0.19944444444444445
GwtResponseWriterImpl:0.19
