Lucene:0.6784444444444445
QueryRescorerTests:0.36
SearchPhaseController:0.21666666666666667
AsyncAction:0.14333333333333334
