SunshineStandardRaytracer:0.41333333333333333
SunshineRaytracer:0.36333333333333334
Sunshine:0.30233333333333334
GenRayKernel:0.25666666666666665
SunshineStandardRaytracerOld:0.24333333333333335
