PollerBackEndIntegrationTest:0.6633333333333333
BaseIntegrationTestCase:0.6433333333333333
PollerFrontEndIntegrationTest:0.22666666666666666
