Ontology:0.57
FeatureMap:0.5166666666666667
OClass:0.5033333333333333
OntologyEditor:0.45
OntologyImpl:0.37666666666666665
ClassNode:0.37
OntologyEditorImpl:0.3333333333333333
OClassImpl:0.26
OntoLexEditorVR:0.24666666666666667
DAMLOntology:0.24
ProtegeProjectName:0.23333333333333334
OEMainPanel:0.21333333333333335
Gaze:0.2
SimpleFeatureMapImpl:0.19666666666666666
DAMLKnowledgeBaseImpl:0.19
EditURIListener:0.18833333333333332
KnowledgeBaseTreeCellRenderer:0.1836111111111111
SaveListener:0.14416666666666667
SaveAsListener:0.14416666666666667
RemoveMappingAction:0.14333333333333334
AddMappingAction:0.12166666666666667
CloseListener:0.11416666666666667
RenameListener:0.11416666666666667
EditURIDialog:0.11333333333333333
LSListener:0.1075
ProtegeWrapper:0.10666666666666667
DeleteListener:0.08666666666666667
ViewPropertiesListener:0.06666666666666667
RenameClassDialog:0.06666666666666667
RenameOntologyDialog:0.06333333333333334
EditClassURIDialog:0.06
