GeoLocation:0.7528333333333334
GeoService:0.4866666666666667
GeoView:0.38
