MapLocalQueryRunner:0.62
MapServiceContextImpl:0.4
MapLocalParallelQueryRunnerTest:0.25666666666666665
MapQueryEngineImpl:0.20333333333333334
MapLocalQueryRunnerTest:0.15666666666666668
QueryPartitionOperation:0.14
QueryOperation:0.14
