Worker:0.45
MassiveDelete:0.19333333333333333
MassiveUpdateAdminOper:0.04666666666666667
PrepareMassiveUpdatePrivileges:0.04666666666666667
MassiveUpdateCategories:0.04666666666666667
PrepareMassiveUpdateCategories:0.023333333333333334
