GetRecords:0.5147222222222223
AbstractOperation:0.47088888888888886
