Field:0.6566666666666666
DataType:0.5333333333333333
DayToSecond:0.35333333333333333
AbstractField:0.31666666666666665
Factory:0.29333333333333333
Val:0.275
YearToMonth:0.21
AbstractDataType:0.20666666666666667
jOOQAbstractTest:0.20666666666666667
Expression:0.19333333333333333
jOOQCUBRIDTest:0.19333333333333333
DataTypeTests:0.18666666666666668
jOOQTest:0.15833333333333333
DateExpression:0.035
