LdapServer:0.42333333333333334
GwtRpcServiceImpl:0.37
DirectoryServer:0.3433333333333333
LdapBrowserHelper:0.28
LdapBrowserDlg:0.28
EditLdapSearchDlg:0.22111111111111115
EditLdapServerConfigDlg:0.20666666666666667
LdapTreeModel:0.15444444444444444
