CacheReadWriteThroughTest:0.54
GetAllAsyncCacheLoader:0.43666666666666665
LoadAllTask:0.14333333333333334
