Jdbcs:0.4166666666666667
Converter:0.32666666666666666
SimpleDataSource:0.32
OracleClobAdapter:0.17666666666666667
StringInputStream:0.15
PojoEachRecordCallback:0.14666666666666667
