RedisBroadcaster:0.8433333333333334
AbstractBroadcasterProxy:0.5966666666666667
FormParamFilter:0.16333333333333333
