AeronTest:0.45666666666666667
MediaConductor:0.3475
ClientProxy:0.2957777777777778
MediaConductorTest:0.27
ControlProtocolEvents:0.09
