DefaultRegisteredServiceFactory:0.48
CasManagementWebAppConfiguration:0.45
RegisteredServiceSimpleFormControllerTests:0.35333333333333333
RegisteredServiceFactory:0.31666666666666665
FormDataPopulator:0.2733333333333333
ManageRegisteredServicesMultiActionControllerTests:0.17333333333333334
