BlockEncodingManager:0.44
DateType:0.37
IntegerType:0.30666666666666664
ColorType:0.27666666666666667
FloatType:0.26
TestingBlockEncodingSerde:0.15666666666666668
