FileModule:0.6666666666666666
AbstractEntryProcessor:0.41333333333333333
FileModuleImpl:0.21533333333333332
