HttpSecurityBeanDefinitionParserTests:0.5333333333333333
HttpConfigurationBuilder:0.43333333333333335
HttpSecurityBeanDefinitionParser:0.2966666666666667
AuthenticationConfigBuilder:0.27
InMemoryXmlApplicationContext:0.22611111111111115
SecurityNamespaceHandler:0.15666666666666668
