MergeDocxHandler:0.6366666666666667
DocxHandler:0.06333333333333334
