ArrayMap:0.5033333333333333
Pools:0.10333333333333333
Keys:0.09666666666666666
Values:0.09333333333333334
Entries:0.08
