AdminModule:0.7416666666666667
FileModuleImpl:0.45666666666666667
RuntimeStatistics:0.365
AbstractAdminModule:0.31666666666666665
RuntimeStatisticsMBean:0.15833333333333333
WebKeys:0.07333333333333333
ManageRuntimeController:0.07333333333333333
