ClassificationNodeHierarchyBean:0.8583333333333333
ThesaurusTermAction:0.3333333333333333
