HazelcastHttpSession:0.5366666666666666
TestServlet:0.15666666666666668
WebfilterTestCase:0.12
