Property:0.7166666666666667
PropertyXRef:0.4633333333333333
EditViewFactory:0.29333333333333333
ChoosePropertyBean:0.17333333333333334
