AbstractDataAnalysis:0.3466666666666667
SelectAnalysis:0.32666666666666666
SelectAnalyzerTest:0.32666666666666666
UpdateAnalyzerTest:0.32
TestMetaDataModule:0.2633333333333333
DataStatementAnalyzer:0.23333333333333334
Planner:0.20888888888888887
DeleteAnalyzerTest:0.19666666666666666
