Pixmap:0.5133333333333333
GwtGL20:0.39
WeldJoint:0.28
IOSMusic:0.2377777777777778
