DAMLAdapter:0.48
Controller:0.35
Region:0.31
MacroHistoryItem:0.31
EditorKit:0.27666666666666667
NodeUtil:0.2733333333333333
PenTool:0.2633333333333333
RegionEditor:0.26
Positionable:0.24666666666666667
NodePropertyValue:0.22
SCHEMA:0.21666666666666667
SelectTool:0.18
ZoomTool:0.16666666666666666
GOETFrame:0.14
DAML:0.08333333333333333
ImageEditor:0.07
RDFS:0.0
