XmlFlowRegistrar:0.6666666666666666
XmlFlowRegistryFactoryBean:0.4766666666666667
