Attribute:0.4266666666666667
AttributeType:0.39
CollectionSet:0.37
GpPlugin:0.23333333333333334
Snmp4JValue:0.22
AttributeGroup:0.22
JoeSnmpValue:0.22
CollectionResource:0.18666666666666668
SnmpNodeCollector:0.10333333333333333
SNMPCollectorEntry:0.07
GpMonitor:0.016666666666666666
Authentication:0.0
