EIDProfile:0.94
TurkishEIDProfile:0.23
SwedishEIDProfile:0.21
EnhancedEIDProfile:0.20666666666666667
EditHardTokenProfileJSPHelper:0.19666666666666666
