DisplayAction:0.5703333333333334
AtomicQsarAction:0.5703333333333334
