Content:0.6366666666666667
BlogContent:0.25
FileContent:0.2288888888888889
FilterContent:0.2288888888888889
URLContent:0.2288888888888889
StoreContent:0.22555555555555556
CMSContent:0.22555555555555556
BlogPostContent:0.1988888888888889
AbstractContentGroup:0.13833333333333334
