Variables:0.6033333333333334
SimpleExploder:0.3333333333333333
TestSettings:0.2966666666666667
TestFtpSender:0.22666666666666666
Merger:0.20333333333333334
TestEmailSender:0.17666666666666667
