SarosUI:0.49416666666666664
SarosOrganizer:0.4633333333333333
SessionContentProvider:0.20666666666666667
RemoveAllDriverRoleAction:0.17444444444444446
SessionLabelProvider:0.15333333333333332
SessionViewTableViewer:0.012222222222222223
SessionRosterListener:0.006666666666666667
