UltimateRecyclerviewViewHolder:0.5259444444444444
SimpleAdapter:0.46777777777777774
UltimateViewAdapter:0.44666666666666666
OnStartDragListener:0.15694444444444444
