VariableUserType:0.6333333333333333
Variable:0.6133333333333333
VariableFormatPage:0.27
VariableWizard:0.16333333333333333
VariablesXmlContentProvider:0.15666666666666668
MoveToTypeAttributeSelectionListener:0.08
