ActorsMultiSelectTag:0.22333333333333333
FreemarkerTag:0.18
DisplayListElementTag:0.10666666666666667
ChooseByRelationTagBase:0.10666666666666667
GroupMembersTag:0.10666666666666667
ChooseExecutorFromRelationTag:0.10666666666666667
DisplayMapElementTag:0.10666666666666667
