ProcessHierarchyUtils:0.5233333333333333
RootProcessTDBuilder:0.38333333333333336
