TheCoffeeCan:0.3763888888888889
GetCoffeeStatus:0.30333333333333334
MakeNewCoffee:0.18333333333333332
