SearchUtils:0.4766666666666667
ObjectKeys:0.416984126984127
BinderHelper:0.37666666666666665
WorkflowModuleImpl:0.2866666666666667
