StaticQueryManager:0.42333333333333334
PlanFragment:0.38666666666666666
SqlFragmentMaster:0.32666666666666666
FunctionHandle:0.24666666666666667
