AbstractFlowExecutionRepository:0.5466666666666666
SimpleFlowExecutionRepository:0.4583333333333333
