NamedEntityGraphDefinition:0.5691666666666667
EntityBinder:0.46
EntityManagerFactoryImpl:0.3333333333333333
