Drawable:0.8866666666666667
DrawableSeqFeature:0.5866666666666667
DrawableFeatureSet:0.5133333333333333
DrawableAnnotatedSeqFeature:0.21666666666666667
DrawableAnnotatedFeatureSet:0.18
DrawableSpliceSite:0.13666666666666666
DrawableInsertSeqFeature:0.1
DrawableResultFeatureSet:0.08
DrawableDisplayTool:0.06361111111111112
DrawableResultSeqFeature:0.06333333333333334
DrawableGeneFeatureSet:0.0325
DrawableInsertFeatureSet:0.006666666666666667
DrawableEnsemblSeqFeature:0.006666666666666667
SiteCodon:0.006666666666666667
DrawableGeneSeqFeature:0.006666666666666667
DrawableAnnotationConstants:0.0
DrawableEnsemblFeatureSet:0.0
