Response:0.3933333333333333
UrlConnectTest:0.37666666666666665
