FilterNode:0.5333333333333333
LogicalPlanner:0.25
RewritingVisitor:0.24666666666666667
Rewriter:0.214
Visitor:0.19666666666666666
