UI:0.4666666666666667
BuildAgentUI:0.2966666666666667
AsyncKiller:0.19555555555555557
DelayedAction:0.19
Log4JJTextAreaAppender:0.18944444444444444
ScriptRunner:0.14333333333333334
