Domain:0.49333333333333335
ModelIOUtilities:0.44
Relation:0.43833333333333335
Table:0.4266666666666667
Index:0.41333333333333333
Model:0.3933333333333333
DefaultValue:0.39
Attribute:0.2966666666666667
ERDesignerWorldConnector:0.22166666666666668
ERDesignerComponent:0.21583333333333332
ERDesignerMainFrame:0.17
SquirrelMogwaiTabSheet:0.17
ModelSerializer:0.11666666666666667
DefaultValueSerializer:0.10944444444444443
IndexSerializer:0.07144444444444445
DomainSerializer:0.0656111111111111
Serializer:0.06333333333333334
AttributeSerializer:0.04588888888888889
TableSerializer:0.03972222222222222
RelationSerializer:0.03894444444444444
