GDI32:0.49666666666666665
DropShadow:0.3233333333333333
BubbleWindow:0.3
X11WindowUtils:0.22
MacWindowUtils:0.16
W32WindowUtils:0.15333333333333332
NativeWindowUtils:0.14333333333333334
BalloonManager:0.11333333333333333
Xext:0.045182539682539685
