FrameDescriptor:0.5666666666666667
UdpChannelTransport:0.43666666666666665
ReceiverUdpChannelTransport:0.13
SenderUdpChannelTransport:0.13
