TypeGenerator:0.43333333333333335
CastResolver:0.35
ObjectiveCSourceFileGeneratorTest:0.31166666666666665
