Operation:0.5633333333333334
MigrationInfo:0.37
ClusterServiceImpl:0.24666666666666667
OperationServiceImpl:0.23
PartitionServiceImpl:0.22
BaseMigrationOperation:0.21666666666666667
MigrationService:0.21333333333333335
DynamicClusterTest:0.21
RemoteOperationProcessor:0.20333333333333334
Migrator:0.13333333333333333
ExceptionUtil:0.13
BackupFuture:0.11333333333333333
