Ringbuffer:0.3963888888888889
MergeOperation:0.32666666666666666
AbstractMergeRunnable:0.24666666666666667
DistributedScheduledExecutorService:0.24666666666666667
RingbufferContainer:0.22666666666666666
Merger:0.21333333333333335
RingbufferService:0.21333333333333335
AtomicReferenceService:0.20666666666666667
MultiMapService:0.20333333333333334
QueueService:0.20333333333333334
AtomicLongService:0.20333333333333334
CardinalityEstimatorService:0.20333333333333334
MultiMapContainer:0.19333333333333333
CollectionService:0.19333333333333333
AbstractScheduledExecutorContainerHolder:0.17333333333333334
ArrayRingbuffer:0.16666666666666666
AtomicLongContainer:0.16
AtomicReferenceContainer:0.16
ScheduledExecutorPartition:0.14
