ModelMapping:0.525
SellersTest:0.41333333333333333
HibernatePG:0.2811111111111111
HibernatePersistenceProvider:0.23
Products2Test:0.23
