AbstractTestQueries:0.6983333333333334
PlanOptimizers:0.31333333333333335
TestLogicalPlanner:0.31
