Response:0.5466666666666666
NodeService:0.38666666666666666
KeyBasedOperation:0.2305555555555555
MapService:0.21666666666666667
PrepareOperation:0.205
RollbackOperation:0.205
CommitOperation:0.205
PutBackupOperation:0.19666666666666666
AbstractKeyBasedOperation:0.17
PutOperation:0.16
MapProxy:0.15
Workers:0.13666666666666666
MapPartition:0.043333333333333335
