Endpoint:0.36333333333333334
DefaultApplicationFactoryTest:0.32
ServletApplicationFactoryTest:0.27666666666666667
LegacyEndpointConverters:0.23444444444444448
LegacyEndpointConvertersTest:0.185
InstanceWebClientTest:0.16333333333333333
AbstractAdminApplicationTest:0.15333333333333332
SecurityConfig:0.06333333333333334
