BuildingConfig:0.51
Building:0.43333333333333335
Task:0.32666666666666666
Storage:0.25
RoboticStation:0.24666666666666667
MainScene:0.09333333333333334
