Join:0.6566666666666666
EntityQuerySpaceImpl:0.28
CompositeQuerySpaceImpl:0.27
CollectionQuerySpaceImpl:0.20666666666666667
JoinImpl:0.18666666666666668
QuerySpacesImpl:0.17222222222222222
LoadQueryJoinAndFetchProcessor:0.16
AbstractQuerySpace:0.08333333333333333
LoadPlanStructureAssertionTest:0.056666666666666664
