ActionExecutingELResolver:0.7033333333333334
SearchFlowExecutionTests:0.49
RequestContextELContextFactory:0.2966666666666667
