ApolloFrame:0.7466666666666667
GAMEAdapter:0.5166666666666667
DataLoader:0.23333333333333334
LoadUtil:0.20666666666666667
