SessionImpl:0.5466666666666666
StatefulPersistenceContext:0.5233333333333333
DeleteMultiLevelOrphansTest:0.26
Tranchenmodell:0.13666666666666666
Tranche:0.13666666666666666
