CasOAuthConfiguration:0.4
OidcConfiguration:0.38333333333333336
OAuthClientAuthenticator:0.37333333333333335
BaseOAuthWrapperController:0.2966666666666667
