UrlConnectTest:0.5133333333333333
TestServer:0.3711111111111111
StringUtil:0.33
Entities:0.26
ConnectTest:0.21333333333333335
BaseServlet:0.08666666666666667
