JedisCluster:0.34
BinaryJedisCluster:0.26666666666666666
BinaryJedisCommands:0.19416666666666665
JedisCommands:0.19416666666666665
BinaryJedisClusterCommands:0.19416666666666665
JedisClusterCommands:0.19416666666666665
ShardedJedis:0.19333333333333333
BinaryShardedJedis:0.19
