Autocompleter:0.7233333333333334
DateTimePicker:0.38
AutocompleterTag:0.33
AutocompleterTest:0.2633333333333333
