Detector:0.5066666666666667
EncoderTest:0.5033333333333333
Encoder:0.39
DetectorTest:0.17
AztecWriter:0.16
AztecReader:0.14
Token:0.12666666666666668
BinaryShiftToken:0.043333333333333335
SimpleToken:0.043333333333333335
