JCPSaveAsDialog:0.48
NewSpectrumDetailWizardPage:0.39
PeakCellModifier:0.056666666666666664
PeakContentProvider:0.043333333333333335
NewSpectrumWizard:0.04
MyTabListener:0.03
PeakLabelProvider:0.03
