Data:0.7866666666666666
DefaultData:0.45
SerializationServiceImpl:0.25666666666666665
Packet:0.24666666666666667
TextCommandServiceImpl:0.2
LockProxy:0.19555555555555557
UnsafeInputOutputFactory:0.11333333333333333
ByteArrayInputOutputFactory:0.11333333333333333
