Listener:0.52
Default:0.32
Matched:0.31833333333333336
ExecutingTransformer:0.25666666666666665
Compound:0.2
Resolution:0.18333333333333332
AgentBuilderDefaultTest:0.17
Simple:0.16333333333333333
Transformation:0.14
AgentBuilderListenerTest:0.12333333333333334
