Invalidator:0.48333333333333334
InvalidationQueue:0.4633333333333333
ClientMapNearCacheStalenessTest:0.4166666666666667
BatchInvalidator:0.22666666666666666
