MongoCollection:0.7911111111111111
MongoCollectionImpl:0.5163333333333333
