Node:0.5966666666666667
Document:0.55
HtmlTreeBuilder:0.38666666666666666
IsEmpty:0.17
IsOnlyOfType:0.16666666666666666
IsNthOfType:0.15666666666666668
