DenoisingAutoEncoder:0.2833333333333333
AutoEncoder:0.2675
NeuralNetworkOptimizer:0.25333333333333335
RBM:0.25333333333333335
DeepLearning4jDistributed:0.22027777777777782
BatchActor:0.21277777777777776
RBMTests:0.17333333333333334
RBMOptimizer:0.12666666666666668
SemanticHashingTest:0.09333333333333334
DenoisingAutoEncoderTest:0.08333333333333333
TestDistributed:0.07666666666666666
ListBuilder:0.06333333333333334
AutoEncoderOptimizer:0.06
DenoisingAutoEncoderOptimizer:0.043333333333333335
