BuildDetailTest:0.6744444444444444
FailedBuildMoreThan24HourTest:0.26777777777777784
