SnapshotRestoreIntegrationTest:0.4041666666666667
SnapshotRestoreDDLDispatcherTest:0.36666666666666664
ResolveFromSnapshotActionListener:0.3333333333333333
RestoreTableInfo:0.27
SnapshotRestoreDDLDispatcher:0.13333333333333333
ResolveIndicesAndTemplatesContext:0.11666666666666667
