DefaultRecordStore:0.5633333333333334
MapKeyLoader:0.4266666666666667
MapLoaderMultiNodeTest:0.34
ValidationUtil:0.32
