CollectionUtils:0.6155555555555556
PrincipalAttributesProperties:0.3333333333333333
CouchbasePersonAttributeDao:0.2833333333333333
CouchbaseAuthenticationConfiguration:0.22
DefaultPersonDirectoryAttributeRepositoryPlan:0.15666666666666668
