ReadableBuffer:0.5566666666666666
ForwardingReadableBuffer:0.42
ForwardingReadableBufferTest:0.2733333333333333
AbstractReadableBuffer:0.23
AbstractReadableBufferTest:0.19666666666666666
