Parameter:0.6033333333333334
BoundRequestBuilder:0.3433333333333333
OAuthSignatureCalculator:0.26
NTLMMessage:0.25
PropertiesBasedResumableProcessor:0.19
MD4:0.14666666666666667
FileBodyHandler:0.14
Type3Message:0.14
