HttpAccessor:0.4902777777777777
OutlookAccessor:0.41333333333333333
DefaultDataOpenerRegistry:0.33666666666666667
