Infantry:0.8133333333333334
FireSmallArms:0.3233333333333333
FireUnits:0.2
InfantryBuilder:0.11666666666666667
