ContractSpecLexer:0.5933333333333334
ContractSpecParser:0.41333333333333333
Operand:0.24046031746031743
SimpleContract:0.14
ContractVerifier:0.12
DFA18:0.11577777777777779
TestContracts:0.09216666666666666
