Generator:0.81
Tokenizer:0.2761111111111111
Parser:0.26666666666666666
