QManager:0.78
MQQManager:0.31
LibertyQManager:0.2833333333333333
HornetQQManager:0.22333333333333333
WASSIBQManager:0.22333333333333333
WASQManager:0.21222222222222223
OpenMQQManager:0.16666666666666666
ActiveMQQManager:0.16666666666666666
