FunctionInfo:0.46
FunctionRegistry:0.3233333333333333
MapSubscriptOperator:0.2633333333333333
ParametricFunction:0.11920634920634922
ArrayConstructor:0.11
MapConstructor:0.10333333333333333
CountColumn:0.10333333333333333
ArrayCardinalityFunction:0.08333333333333333
ArraySubscriptOperator:0.08
MaxBy:0.07333333333333333
IdentityCast:0.013333333333333334
