FileModule:0.7433333333333333
AbstractEntryProcessor:0.49
FilterException:0.33
AbstractFolderCoreProcessor:0.25666666666666665
FileModuleImpl:0.21333333333333335
VirusScanningFilter:0.11
