MathUtils:0.8366666666666667
LwjglGraphics:0.45
Slider:0.3566666666666667
Timer:0.24
