Variable:0.77
GroovyParamsComposite:0.2733333333333333
MultiTaskExecutorsActionsDelegate:0.22666666666666666
CreateVariableSelectionListener:0.15333333333333332
VariablesXmlContentProvider:0.14333333333333334
