MyMouseHandler:0.49333333333333335
CellEditorFactory:0.45666666666666667
SubjectAreaCell:0.37666666666666665
