DynamoDBMapper:0.7533333333333333
IDynamoDBMapper:0.2833333333333333
AbstractDynamoDBMapper:0.26666666666666666
DynamoDBTableSchemaParser:0.2
