Hit:0.6733333333333333
ResultsControl:0.22333333333333333
Activator:0.19666666666666666
ResultsView:0.18666666666666668
EGrokPreferencePage:0.12333333333333334
ResultsDialog:0.09333333333333334
HitContainer:0.06
Query:0.03333333333333333
JSONSearchServlet:0.02666666666666667
TextUtils:0.013333333333333334
ToolBarControl:0.0033333333333333335
