StructuredbManager:0.5933333333333334
IDBMoleculeDao:0.4377222222222223
DBMoleculeDao:0.33666666666666667
DBMoleculeDaoTest:0.18
