JavaDocumentCreator:0.6433333333333333
JavaGWTDocumentCreator:0.6033333333333334
Jolie2Java:0.19333333333333333
