AwaitOperation:0.4
ConditionTest:0.38166666666666665
ClientConditionTest:0.35333333333333333
LockStressTest:0.17666666666666667
