MobileDevicesView:0.33666666666666667
GwtTeamingMessages:0.32666666666666666
ManageMobileDevicesDlg:0.31
EventHelper:0.30333333333333334
GwtServerHelper:0.24666666666666667
GwtViewHelper:0.21666666666666667
InvokeManageMobileDevicesDlgEvent:0.20333333333333334
DlgBox:0.17
AdminControl:0.15
WebKeys:0.14666666666666667
MobileDevicesCell:0.11333333333333333
AdminCategoryControl:0.10666666666666667
