PatternBuilder:0.5533333333333333
ProblemReporter:0.3819444444444444
Place:0.3433333333333333
Members:0.3433333333333333
ArgumentDescription:0.34
PatternData:0.33
CompositeData:0.28444444444444444
TraversalData:0.26666666666666666
SimplePatternData:0.25
Argument:0.21333333333333335
Component:0.0
