LdapServiceRegistryDao:0.49944444444444436
LdapUtils:0.27666666666666667
PooledConnectionFactoryMonitor:0.18666666666666668
ConnectionFactoryMonitor:0.16666666666666666
