G3dLoader:0.7233333333333334
G3dStillModelLoader:0.13666666666666666
