ClientHandler:0.47
OptionsHandler:0.36666666666666664
OptionDescriptorParser:0.2633333333333333
OptionElementFactory:0.25
NodeDataPanel:0.24966666666666668
ComboUpdate:0.13444444444444442
NewConnectionTask:0.11444444444444443
SetCurrentConnectionTask:0.043333333333333335
