RestHealthAction:0.1
RestMasterAction:0.1
RestIndicesAction:0.09666666666666666
RestAllocationAction:0.09666666666666666
RestShardsAction:0.08
RestPendingClusterTasksAction:0.08
RestRecoveryAction:0.08
