TestClassRunnerForParameters:0.5433333333333333
Parameterized:0.4866666666666667
CompositeRunner:0.4266666666666667
