CSGEvaluatorEngine:0.9033333333333333
CSGEvaluatorDialog:0.30666666666666664
