Jedis:0.68
Protocol:0.4533333333333333
Client:0.29333333333333333
BinaryRedisPipeline:0.2833333333333333
JedisCommands:0.2833333333333333
BinaryJedisCommands:0.2833333333333333
RedisPipeline:0.2833333333333333
BinaryClient:0.23333333333333334
ShardedJedis:0.23
JedisCluster:0.16
BinaryShardedJedis:0.14777777777777779
SortedSetCommandsTest:0.13666666666666666
PipelineBase:0.13666666666666666
BinaryJedis:0.1
