ResName:0.6533333333333333
ShadowResources:0.31
Converter:0.2838333333333333
ResourceExtractor:0.24911111111111106
RoutingResourceLoader:0.22666666666666666
