SuspectEventProcessor:0.67
IfCollector:0.5666666666666667
RescanProcessor:0.44333333333333336
