AssistedParamsFactory:0.6105555555555556
InjectionPoint:0.5266666666666666
FactoryProvider:0.46
FactoryProviderTest:0.36
