Frontier:0.55
KeyedQueue:0.3566666666666667
ToePool:0.24666666666666667
CrawlController:0.24
FetchDNS:0.15666666666666668
