EdgeEndShapeValue:0.5833333333333334
ColorValue:0.2744444444444445
