ProbeJobs:0.38666666666666666
ConsoleServerHandler:0.38333333333333336
Job:0.3352777777777778
Output:0.32
