MethodWriter:0.6466666666666666
MethodVisitor:0.25666666666666665
ChangeToChildConstructorMethodAdapter:0.20666666666666667
AopInvokeAdpter:0.18333333333333332
