ViewUtil:0.5233333333333333
EditText:0.42333333333333334
Slider:0.23666666666666666
Button:0.23333333333333334
ThumbMoveAnimator:0.23055555555555557
ThumbStrokeAnimator:0.23
CompoundButton:0.20333333333333334
TextView:0.1822222222222222
