Range:0.63
RangeParser:0.24333333333333335
IpRangeParser:0.17333333333333334
