BoundedNestedDFSStrategy:0.8033333333333333
BoundedNestedDFSPocketStrategy:0.37666666666666665
