ARINCLayer:0.61
ServerLayer:0.5866666666666667
Decoder:0.58
ARINCDefinition:0.5666666666666667
LayerTreeEditor:0.4633333333333333
XMLWidget:0.4533333333333333
AbstractARINCDecoder:0.38666666666666666
CommonConfiguration:0.38333333333333336
ServerWidgetDefinition:0.37666666666666665
ClientLayer:0.3566666666666667
AbstractWidgetRefHandler:0.35
ClientFrequencies:0.335
ClientExtensionLoader:0.3333333333333333
AbstractLayer:0.29333333333333333
ChildrenGroup:0.2866666666666667
AbstractRenderingPainter:0.27666666666666667
StatefullAPI:0.2733333333333333
XMLSAXParser:0.2683333333333333
ARINCSettings:0.25
A661RefHandler:0.24666666666666667
LayerImpl:0.24444444444444444
AbstractConfigurationParser:0.23666666666666666
TCPProtocol:0.23333333333333334
WidgetListChooser:0.22555555555555554
RuntimeDecoder:0.22337301587301586
TreeEditorHelper:0.22333333333333333
LayerRef:0.21976190476190477
XMLMapItemAttr:0.21916666666666668
DefaultClientBinaryDFHandler:0.20666666666666667
TreeEditorCopyHelper:0.205
AbstractWidgetFactory:0.205
DefaultServerBinaryDFHandler:0.20333333333333334
DefaultClientXMLDFHandler:0.20333333333333334
DefaultARINCDefinition:0.20333333333333334
DefaultARINCUtils:0.2
ClientSymbols:0.18666666666666668
AbstractServerEngine:0.18666666666666668
ProtocolInputDecoder:0.185
DefaultServerXMLDFHandler:0.18333333333333332
ClientEngineFactory:0.18166666666666667
AbstractClientEngine:0.17666666666666667
AbstractBinaryDFHandler:0.16666666666666666
AbstractXMLDFHandler:0.16666666666666666
ConnectionThread:0.16333333333333333
StatefullAPIImpl:0.16333333333333333
ServerMessageProcessorTest:0.16
XMLLayer:0.15666666666666668
LayerModifications:0.13666666666666666
DefaultBufferFormatUtils:0.13
JFXServerWrapper2Test:0.11333333333333333
AbstractWidgetRefHandler2Test:0.11
ResetConfigurationAction:0.08
ConfigProperties:0.07
AbstractWidgetRefHandlerTest:0.04
