WebCfgDelegate:0.5766666666666667
WebCfgService:0.45666666666666667
StudyListPage:0.29333333333333333
PPSListView:0.24333333333333335
