Jedis:0.6566666666666666
Protocol:0.37666666666666665
JedisCommandTestBase:0.25
BinaryClient:0.18
Client:0.16833333333333333
AllKindOfValuesCommandsTest:0.16
BinaryJedis:0.08666666666666667
