TaskResult:0.43
ApplicationEntityManagerImpl:0.38333333333333336
ApplicationEntityManager:0.38145634920634913
WebserviceBean:0.36
RemoteTaskResult:0.31333333333333335
KuwaibaService:0.2833333333333333
WebserviceBeanRemote:0.27166666666666667
ResultMessage:0.2
UserInfoLight:0.09666666666666666
RemoteResultMessage:0.06333333333333334
