ImageTileEncoder:0.5166666666666667
Tile:0.48
ImageTileDecoder:0.22666666666666666
DirtyTile:0.056666666666666664
