BoundingPolygon2D:0.43333333333333335
Image:0.43
AxisAlignedBoundingBox:0.4033333333333333
Main:0.36333333333333334
