TaskDate:0.36333333333333334
GwtTeamingMessages:0.31666666666666665
TaskDueDateDlg:0.31
TaskDuration:0.30333333333333334
GwtTaskHelper:0.3
TaskEvent:0.27
UIData:0.2325
GwtRpcServiceImpl:0.17333333333333334
SaveTaskDueDateCmd:0.04666666666666667
TaskEventRpcResponseData:0.023333333333333334
