JobRepository:0.7833333333333333
SimpleJobRepository:0.3466666666666667
AbstractJobExecutionDaoTests:0.3466666666666667
SimpleJobTests:0.25333333333333335
JobExecutionRowMapper:0.20666666666666667
SimpleJob:0.17055555555555557
