Duration:0.8566666666666667
TestTimeSpan:0.37
TestDuration:0.06666666666666667
