AbstractFolder:0.84
NewEditor:0.42333333333333334
PropertySheetPage:0.15333333333333332
CompileMessageAction:0.13666666666666666
FieldFolder:0.10666666666666667
DeleteFolderAction:0.05333333333333334
RefreshFolderAction:0.006666666666666667
