BlockCursor:0.5664444444444444
HashPagePartitionFunction:0.43333333333333335
DictionaryEncodedBlockCursor:0.2866666666666667
PoissonizedBlockCursor:0.2866666666666667
RunLengthEncodedBlockCursor:0.2866666666666667
FixedWidthBlockCursor:0.2733333333333333
VariableWidthBlockCursor:0.2733333333333333
