CallState:0.5
CallStateService:0.4533333333333333
Request:0.44666666666666666
Packet:0.36333333333333334
BaseManager:0.31666666666666665
ResponseQueueCall:0.25333333333333335
RequestBasedCall:0.22
TargetAwareOp:0.20333333333333334
MPut:0.2
AbstractCall:0.19333333333333333
SubCall:0.185
ClusterService:0.18333333333333332
ConnectionAwareOp:0.17333333333333334
AsyncRemotelyBooleanCallable:0.16666666666666666
SchedulableOperationHandler:0.13333333333333333
TargetAwareOperationHandler:0.09666666666666666
PutOperationHandler:0.06
MBackup:0.015833333333333335
CMapTest:0.013333333333333334
