HopDebugFile:0.6066666666666667
HopFile:0.5463333333333333
FileDebugPlugin:0.22333333333333333
FileDescriptor:0.016666666666666666
