Activator:0.6933333333333334
OsgiCatalina:0.29333333333333333
