StandardAIPlayerTest:0.01471462
TensionTest:0.014121534
MissionAssignmentTest:0.012035851
ColonyPlanTest:0.011992437
REFTest:0.007930333
AIColonyTest:0.007876918
