Vehicle:0.44666666666666666
Unit:0.37333333333333335
VehicleMission:0.3233333333333333
MainDetailPanel:0.23333333333333334
MemberTableModel:0.16333333333333333
