Tab:0.6766666666666666
Chart:0.44666666666666666
MetaWebEditors:0.39666666666666667
WebEditors:0.30666666666666664
CarrierWithSectionsTest:0.2733333333333333
ModuleManager:0.25333333333333335
InvoiceTest:0.25
DeliveryTest:0.19333333333333333
OnChangeChartColumnBaseAction:0.1225
SelectListFormatAction:0.03333333333333333
