OptionElement:0.6902777777777778
AbstractOptionElement:0.4666666666666667
AbstractOption:0.4033333333333333
UILauncher:0.2633333333333333
