Elvin:0.54
ClientFrameCodec:0.39466666666666667
Link:0.34
FederationFrameCodec:0.22333333333333333
