VersionProperty:0.6847222222222222
TestVersionProperty:0.2140873015873016
