ConvolutionLayer:0.53
SubsamplingLayer:0.4866666666666667
ConvolutionUtils:0.3933333333333333
CNNGradientCheckTest:0.11
CuDNNGradientChecks:0.07333333333333333
