AddHit:0.6033333333333334
UpdateGene:0.39
HitTable:0.33666666666666667
