MasterSlaveConnectionManager:0.41333333333333333
CommandOutput:0.4
Command:0.2991111111111111
SimpleObjectWithoutDefaultConstructor:0.27516666666666667
RedisStateMachine:0.25666666666666665
RedissonMapTest:0.23333333333333334
