Display:0.5066666666666667
Context:0.42
AWTGLCanvas:0.34
MacOSXContextImplementation:0.22666666666666666
ContextImplementation:0.21661111111111112
Win32ContextImplementation:0.17333333333333334
LinuxContextImplementation:0.14666666666666667
