ExpressionAnalyzer:0.5466666666666666
InnerExpressionAnalyzer:0.30916666666666665
RelationAnalyzer:0.20944444444444446
ReferenceToTrueVisitorTest:0.19
CompoundLiteralTest:0.19
ExpressionAnalyzerNormalizeTest:0.17
InsertFromValuesAnalyzer:0.16333333333333333
ExpressionAnalyzerTest:0.13666666666666666
CopyStatementAnalyzer:0.13333333333333333
DeleteStatementAnalyzer:0.1
