OutageSummary:0.4
PageSequenceHttpPostMethod:0.39
HttpPage:0.2966666666666667
PageSequenceMonitorTest:0.29333333333333333
OutageModel:0.27666666666666667
PageSequenceHttpMethod:0.14772222222222223
PageSequenceHttpGetMethod:0.008981481481481483
