WxMpServiceImpl:0.49333333333333335
WxMpService:0.37
WxMenuGsonAdapter:0.25333333333333335
WxMenu:0.22666666666666666
BaseBuilder:0.19333333333333333
WxMenuRule:0.15666666666666668
WxCpMessage:0.12833333333333333
WxConsts:0.053888888888888896
