CockpitItemsManager:0.6397777777777778
DisplayZone:0.5566666666666666
FreeServerCockpit:0.46
ARINCCockpitItemList:0.34
