DefaultAuthenticationContextBuilder:0.5466666666666666
DefaultPrincipalElectionStrategy:0.49813888888888885
