Interpreter:0.6116666666666667
JavaService:0.4633333333333333
