FirebirdDdlReader:0.6561111111111111
DatabaseIO:0.4902222222222222
DatabaseNamesConstants:0.014071428571428572
