RuleContext:0.49333333333333335
ParserATNSimulator:0.4866666666666667
TestATNParserPrediction:0.24333333333333335
BaseRecognizer:0.22333333333333333
