ContinuousSpectrumView:0.54
TextEditor:0.5333333333333333
JcampToCMLSpectrumMapper:0.33666666666666667
