NioChannelReader:0.37333333333333335
AbstractHandler:0.29
NioChannelWriter:0.28583333333333333
