DataFileBuilder:0.61
ScriptingService:0.44578571428571434
AdminScriptRunner:0.3933333333333333
Messages:0.34777777777777774
AdminScriptConstants:0.3433333333333333
WfeScriptForBotStations:0.14666666666666667
PermissionsDataFileBuilder:0.14666666666666667
DefinitionDataFileBuilder:0.10333333333333333
ExportDataFileAction:0.1
ScriptingServiceDelegate:0.06333333333333334
DataFileCreator:0.052833333333333336
RelationDataFileBuilder:0.03861111111111111
ScriptingServiceBean:0.03666666666666667
ExecutorDataFileBuilder:0.016666666666666666
BotDataFileBuilder:0.016666666666666666
ImportDataFileTag:0.014444444444444447
ExportDataFileTag:0.0044444444444444444
ImportDataFileAction:0.0033333333333333335
