TODDebugEventListener:0.5133333333333333
QuorumDebugger:0.3416666666666667
AudioAction:0.3167619047619048
QuorumBreakpointActionProvider:0.19666666666666666
AssignmentAction:0.18194444444444446
NullAction:0.18194444444444446
QuorumAudioListener:0.17333333333333334
AudioActionMap:0.04666666666666667
MethodCallAction:0.043333333333333335
