FeatureSetI:0.7366666666666667
SeqFeatureI:0.5433333333333333
TransactionXMLAdapter:0.4033333333333333
TransactionSubpart:0.33166666666666667
SeqFeature:0.31333333333333335
AnnotationEditor:0.2866666666666667
TranslationI:0.27656349206349207
FeatureSet:0.27
FeatureTreePanel:0.23
SeqFeatureUtil:0.23
StrandedFeatureSet:0.22
ChadoXmlWrite:0.21
SeqExport:0.20666666666666667
JdbcChadoAdapter:0.20333333333333334
BaseEditorPanel:0.19666666666666666
GAMEAdapter:0.19
GAMESave:0.17666666666666667
RightClickActionListener:0.16333333333333333
FeatureTreeFrame:0.11666666666666667
