RaptorInsertTableHandle:0.4
RaptorMetadata:0.3433333333333333
MaterializedResult:0.2866666666666667
RaptorPageSinkProvider:0.2833333333333333
RaptorPageSink:0.25
PartitionedPageWriter:0.056666666666666664
TestRaptorIntegrationSmokeTest:0.05
TemporalFunction:0.03
