ProjectPTO:0.716888888888889
ListProjectsAdminAction:0.22777777777777777
