MatrixUtil:0.8
RBM:0.37
RBMMnistExample:0.19333333333333333
CRBM:0.13333333333333333
DenoisingAutoEncoderMnistExample:0.12
RawMnistRBMExample:0.11333333333333333
RawDBNMnistExample:0.10666666666666667
