ExecuteFormulaActionHandlerOperations:0.6616666666666666
ExecuteFormulaActionHandler:0.4533333333333333
