NearCacheTestContext:0.5366666666666666
NearCachedClientMapProxy:0.4533333333333333
AbstractNearCacheBasicTest:0.3438888888888889
NearCachedClientCacheProxy:0.29333333333333333
NearCacheTestUtils:0.24333333333333335
NearCacheTestContextBuilder:0.21333333333333335
ClientMapNearCacheBasicTest:0.15333333333333332
