CurationSet:0.59
SeqFeature:0.41
GAMEAdapter:0.3933333333333333
DrawableSeqFeature:0.36666666666666664
DASAdapter:0.32
AbstractSequence:0.27666666666666667
DASServer:0.2738888888888889
ScaleView:0.27
DefaultNameAdapter:0.24666666666666667
FlyNameAdapter:0.24666666666666667
ScrollableTierView:0.23
GenbankAdapter:0.23
SiteView:0.23
CORBAAdapter:0.22333333333333333
ApolloFrame:0.21333333333333335
EnsCGIAdapter:0.21
GFFAdapter:0.21
ApolloPanel:0.20833333333333334
StrandedZoomableApolloPanel:0.19666666666666666
SeqExport:0.19666666666666666
DataLoader:0.19
EnsCGISequence:0.19
DASAdapterGUI:0.19
GenomicRange:0.17666666666666667
TierPopupMenu:0.17
CacheSeqIdLoader:0.12783333333333333
LoadUtil:0.10666666666666667
GAMESequence:0.09666666666666666
