LDAPImporter:0.4666666666666667
RunaWFEImporter:0.42333333333333334
SwimlaneElement:0.38666666666666666
LDAPResources:0.32599999999999996
SwimlaneADElement:0.24666666666666667
ExecutorsImporter:0.08333333333333333
LDAPServerSettingsPage:0.07333333333333333
SwimlaneGUIConfiguration:0.07333333333333333
SwimlaneWFElement:0.06533333333333334
SwimlaneGroupElement:0.06
SwimlaneWFGroupElement:0.012777777777777779
SwimlaneOrgElement:0.006666666666666667
SwimlaneElementRegistry:0.0033333333333333335
SwimlaneManualElement:0.0033333333333333335
