CertificateCache:0.61
OCSPUtil:0.4766666666666667
ProtocolOcspHttpTest:0.3466666666666667
OCSPServletStandAlone:0.3233333333333333
OCSPServletBase:0.27666666666666667
OCSPServlet:0.13111111111111112
CertificateCacheInternal:0.01
CertificateCacheStandalone:0.01
