ResourceLoader:0.8066666666666666
drawable:0.5496507936507937
ShadowResources:0.28
ResourcesTest:0.24333333333333335
