Call:0.5966666666666667
ProxyHelper:0.5205555555555555
CollectionClientProxyTest:0.24333333333333335
