ScopingTest:0.7516111111111111
Cardinality0to1Test:0.43638888888888894
