Aligner:0.8533333333333334
AlignmentOutlinePage:0.59
AlignmentEditor:0.24666666666666667
