Selector:0.42333333333333334
TextSelectionTab:0.37
GroupedDateSelector:0.31666666666666665
DateSelector:0.2633333333333333
CriteraPanel:0.24
CreateSelection:0.20333333333333334
