ServerInterceptorsTest:0.4166666666666667
Utils:0.2966666666666667
NettyServerHandlerTest:0.27
NettyServerHandler:0.2633333333333333
InterceptCallHandler:0.13527777777777777
ServerTransportListener:0.1162777777777778
ProcessInterceptorsCallHandler:0.09
ServerCallHandler:0.0838095238095238
ServerInterceptor:0.0838095238095238
NoopInterceptor:0.03333333333333333
