EmbeddedWindowManager:0.43333333333333335
NativeWindowManager:0.42
WindowsWindowManager:0.3566666666666667
