TableView:0.4766666666666667
NextMode:0.4166666666666667
SwitchMode:0.24666666666666667
