CriteriaSubqueryImpl:0.5033333333333333
AbstractManipulationCriteriaQuery:0.30666666666666664
EntityManagerFactoryImpl:0.28
SubquerySelection:0.10333333333333333
UncorrelatedSubqueryTest:0.06
ManipulationCriteriaTest:0.04666666666666667
