ModuleManager:0.8166666666666667
ModuleContext:0.39166666666666666
