Assignments:0.52
ShouldFilterOutNullSingleDataPoints:0.3534941077441077
ShouldFilterOutNullElementsFromDataPointArrays:0.3534941077441077
AllMembersSupplier:0.31
TheoryAnchor:0.23
MethodParameterValue:0.18694444444444444
AllMembersSupplierTest:0.18
HasDataPointsArrayWithMatchingButInaccurateTypes:0.16716137566137568
ShouldRejectTheoriesWithOnlyDisallowedNullData:0.16716137566137568
HasDataPointsArrayField:0.16716137566137568
HasDataPointsWithObjectParameter:0.16716137566137568
WithDataPointMethod:0.14333333333333334
HasDataPointMethodWithOverlyGeneralTypes:0.11982539682539685
HasFailingDataPointsArrayMethod:0.11982539682539685
WithExtendedParameterSources:0.05
WithAutoGeneratedDataPoints:0.04
CouldNotGenerateValueException:0.03015873015873016
TheoryTestUtils:0.0033333333333333335
