InputColumn:0.55
FilterProjection:0.4816666666666667
ProjectionBuilder:0.24666666666666667
