SequenceTable:0.5633333333333334
AddAnnotation:0.4066666666666667
UpdateGene:0.37
UpdateSequence:0.24666666666666667
ArticleTable:0.13333333333333333
PropagateAnnotation:0.12666666666666668
UpdateArticleWithId:0.12333333333333334
