ShowAction:0.55
MainWindow:0.4172222222222222
AdvancedSettings:0.13666666666666666
