RrBox:0.4266666666666667
RrGraphics:0.39
STLSlice:0.36666666666666664
RrCSGPolygon:0.36333333333333334
Producer:0.2277777777777778
