SqlDataWriter:0.51
CsvDataReader:0.34
CsvDataWriter:0.2633333333333333
DataProcessor:0.21333333333333335
CsvDataReaderTest:0.056666666666666664
CsvDataWriterTest:0.0011111111111111111
