Tree:0.41
Form:0.32777777777777783
Autocompleter:0.24333333333333335
AbstractRemoteCallUIBean:0.24333333333333335
DateTimePicker:0.23666666666666666
TabbedPanel:0.22
Anchor:0.16666666666666666
TreeNode:0.16666666666666666
