ITriggerRouterService:0.66
TriggerRouterService:0.5633333333333334
DataService:0.3433333333333333
H2SymmetricDialect:0.25333333333333335
DataExtractorService:0.22333333333333333
SelectFromTableEvent:0.22111111111111115
AbstractTriggerRouterServiceTest:0.17666666666666667
TriggerRouterServiceSqlMap:0.13861111111111113
