ISpectrumManager:0.6461507936507936
SpectrumEditor:0.42333333333333334
SpectrumManager:0.2866666666666667
JcampToCMLSpectrumMapper:0.2627777777777778
SpectrumChartFactory:0.24
