Shape:0.6633333333333333
Materialisation:0.37
ShapeNode:0.29
EdgeSignature:0.2783333333333333
TestShape:0.2633333333333333
