FileRepositoryService:0.49
GenericWebdavRepositoryService:0.4766666666666667
RepositoryServiceUtil:0.4266666666666667
