ThreadContext:0.9366666666666666
ExecutorManager:0.2866666666666667
ExecutorThreadFactory:0.21333333333333335
