AddBond:0.41333333333333333
RemoveAtom:0.3566666666666667
AddAtom:0.35
CreateBond:0.35
AppendAtom:0.25666666666666665
AbstractEdit:0.17333333333333334
IEdit:0.065
