TermBean:0.5966666666666667
AnnotationBean:0.4427777777777777
YearListTagTEI:0.29333333333333333
