CrlStoreSessionBean:0.26
ServiceConfiguration:0.25916666666666666
AdminPreference:0.25916666666666666
ActiveDirectoryPublisher:0.2425
ValidationAuthorityPublisher:0.2425
TrustedTime:0.23666666666666666
HardTokenSessionBean:0.22666666666666666
HashID:0.22333333333333333
EnhancedEIDHardToken:0.22
CertificateCache:0.19333333333333333
PublishQueueProcessWorker:0.17716666666666667
SVGImageManipulator:0.16333333333333333
UnitParser:0.14333333333333334
UserDataFiller:0.13
