DefinitionModuleImpl:0.49333333333333335
ObjectKeys:0.47904761904761906
AbstractZoneModule:0.2966666666666667
FieldBuilderGuestName:0.17333333333333334
