SpatialitePlugin:0.6566666666666666
SpatialiteExtension:0.2633333333333333
PluginTest:0.2125
