RedissonMap:0.48
RedissonBucket:0.3
RedissonExpirable:0.2866666666666667
RedissonAtomicLong:0.25
MasterSlaveConnectionManager:0.22666666666666666
ClusterConnectionManager:0.21666666666666667
ConnectionManager:0.19416666666666665
RedissonObject:0.19
