DataType:0.45666666666666667
DatatypeProperty:0.20277777777777775
InvalidURIException:0.11333333333333333
UnsignedShortDT:0.05888888888888889
IntegerDT:0.05888888888888889
ShortDT:0.05888888888888889
DoubleDT:0.05888888888888889
UnsignedLongDT:0.05888888888888889
FloatDT:0.05888888888888889
NonNegativeIntegerDT:0.05888888888888889
ByteDT:0.05888888888888889
UnsignedByteDT:0.05888888888888889
LongDT:0.05888888888888889
NegativeIntegerDT:0.05888888888888889
BooleanDT:0.05888888888888889
InvalidValueException:0.006666666666666667
AnnotationProperty:0.0
AnonymousClass:0.0
