ConnectionManager:0.7233333333333334
LoginDialog:0.5633333333333334
FtpPlugin:0.34
