Util:0.5433333333333333
FigureVisitor:0.4666666666666667
GEFFinderTest:0.2733333333333333
GEFClassMatcherTest:0.22666666666666666
GEFHierarchyTest:0.22
GEFFigureMatcherTest:0.18333333333333332
GEFTextMatcherTest:0.17333333333333334
GEFFigureTesterTest:0.12333333333333334
