EclipseWorkspaceFake:0.45666666666666667
EclipseProjectFake:0.2633333333333333
EclipseContainerFake:0.24666666666666667
EclipseWorkspaceRootFake:0.23
EclipseFileFake:0.22333333333333333
EclipseWorkspaceFakeFacade:0.13666666666666666
EclipseResourceFake:0.12333333333333334
EclipseWorkspaceFakeFacadeTest:0.12194444444444445
SarosTestUtils:0.07666666666666666
WorkspaceFakeObjectTest:0.056666666666666664
EclipseFolderFake:0.017388888888888888
