Dispatcher:0.6066666666666667
Jsr168Dispatcher:0.22027777777777782
Jsr168DispatcherTest:0.18333333333333332
ActionComponent:0.16
ValidatorActionProxy:0.15666666666666668
TokenInterceptorTest:0.13333333333333333
ExecuteAndWaitInterceptorTest:0.13333333333333333
DWRValidator:0.08666666666666667
StrutsActionProxyFactory:0.07666666666666666
StrutsActionProxy:0.04
ValidatorActionInvocation:0.04
