GTSModel:0.5188888888888888
GraphModel:0.43666666666666665
Model:0.2633333333333333
