Path:0.69
PathCompiler:0.44666666666666666
JsonProviderTest:0.37666666666666665
PathToken:0.36333333333333334
JsonPath:0.30666666666666664
CharacterIndex:0.27
RootPathToken:0.23666666666666666
CompiledPath:0.08666666666666667
PathTokenFactory:0.06444444444444446
