Pac4jConfiguration:0.43666666666666665
LogoutAction:0.3466666666666667
Pac4jWebflowConfigurer:0.32
SimpleHttpClient:0.17666666666666667
Pac4jWebflowConfiguration:0.16
CasWebflowConstants:0.006666666666666667
