PropertyChange:0.5866666666666667
Entity:0.49
Monitor:0.3433333333333333
DateTimeIterator:0.2336111111111111
EntityBean:0.15
