StepFactory:0.42
HopParser:0.3933333333333333
HopSymbolTableWalker:0.3466666666666667
HopLexer:0.27666666666666667
DFA52:0.09666666666666666
DFA68:0.09666666666666666
ThisMoveStep:0.06
