AtomAPIServlet:0.6797222222222223
CommentAPIServlet:0.39222222222222225
