AbstractServerStreamTest:0.31666666666666665
MessageDeframerTest:0.26666666666666666
NettyChannelBuilderTest:0.26
ServiceDescriptorTest:0.21
OkHttpChannelBuilderTest:0.20333333333333334
AbstractClientStream2Test:0.17
NettyServerBuilderTest:0.17
ServerCallImplTest:0.16666666666666666
