StringUtil:0.9133333333333333
StringUtilTest:0.37666666666666665
PrettyStringBuilder:0.2541111111111111
AllTestsFast:0.20583333333333334
