BigArrays:0.5833333333333334
AbstractBigArray:0.25666666666666665
BigArraysTests:0.25333333333333335
BigArraysHelper:0.2417063492063492
AbstractArray:0.205
BigDoubleArray:0.09821428571428571
BigIntArray:0.09821428571428571
BigLongArray:0.09821428571428571
BigFloatArray:0.09821428571428571
BigObjectArray:0.09821428571428571
BigByteArray:0.09821428571428571
