NettyChannelBuilder:0.54
RouteGuideServer:0.375
HelloWorldServer:0.2733333333333333
CustomHeaderServer:0.2733333333333333
