LinuxDisplay:0.7033333333333334
Display:0.5066666666666667
