IndexedImageSource:0.34
FrameIterator:0.32
ObjectUidIterator:0.3171428571428571
PixelPadding:0.23
ObjectUidItFilter:0.21
SimpleTextServletResponseItem:0.12333333333333334
