Configuration:0.7833333333333333
PageConfig:0.5733333333333334
WebappListener:0.13333333333333333
