ViewBaseAction:0.62
CollectionElementViewBaseAction:0.22666666666666666
SaveAndStayElementInCollectionAction:0.20666666666666667
CreateNewElementInCollectionAction:0.17666666666666667
