Aeron:0.55
MediaDriver:0.54
SystemTestHelper:0.35
Agent:0.31
PubAndSubTest:0.2
SubUnicastTest:0.16666666666666666
SubMulticastTest:0.16666666666666666
PubMulticastTest:0.13333333333333333
PubUnicastTest:0.13333333333333333
MediaDriverAdminSoakTestRunner:0.10166666666666667
ExamplePublisher:0.09
