JbpmDefinitionLogic:0.4266666666666667
CachingLogic:0.31666666666666665
JbpmExecutionLogic:0.2966666666666667
BatchPresentationHibernateCompiler:0.25333333333333335
TaskCacheCtrl:0.22722222222222224
WFInitializerLogic:0.22666666666666666
