RegisteredService:0.74
WebUtils:0.44333333333333336
AbstractRegisteredService:0.35333333333333333
AuthenticationViaFormAction:0.24333333333333335
JsonServiceRegistryDaoTests:0.21
AbstractCasWebflowConfigurer:0.16166666666666665
SendTicketGrantingTicketAction:0.14833333333333334
DefaultAuthenticationResult:0.07333333333333333
