ClassDefinitionImpl:0.6766666666666666
FieldDefinitionImpl:0.45666666666666667
ClassDefinitionContext:0.3
