MiddleIdData:0.4666666666666667
CollectionMetadataGenerator:0.37666666666666665
AuditMetadataGenerator:0.3433333333333333
ToOneRelationMetadataGenerator:0.1988888888888889
QueryGeneratorBuilder:0.1877777777777778
BasicCollectionInitializor:0.17333333333333334
QueryGeneratorTools:0.16633333333333333
ThreeEntityQueryGenerator:0.13444444444444442
TwoEntityQueryGenerator:0.11244444444444444
