EndEntityProfile:0.52
ExtendedInformation:0.29
LocalUserAdminSessionBean:0.24333333333333335
X509CA:0.22916666666666666
TestUserFullfillEndEntityProfile:0.21666666666666667
EjbcaWebBean:0.10333333333333333
