GraphicalQueryBuilderService:0.4533333333333333
ComplexQueryResultTopComponent:0.43444444444444447
ClassHierarchyScene:0.3
