TreeSet:0.4088888888888889
HashSet:0.38333333333333336
AbstractMapTest:0.29
LinkedHashSet:0.2866666666666667
AbstractSetTest:0.25333333333333335
LinkedHashMapTest:0.21
