TransportSQLActionTest:0.39916666666666667
InputFieldComparator:0.33666666666666667
StringType:0.29333333333333333
