RedissonScoredSortedSet:0.46
RedissonMap:0.42333333333333334
RedissonSet:0.29
RedissonLexSortedSet:0.2866666666666667
RedissonKeys:0.22666666666666666
