HazelcastInstance:0.71
TransactionManagerService:0.55
TxnMapProxy:0.36
TransactionContextImpl:0.24944444444444447
TransactionImpl:0.24333333333333335
TransactionManagerServiceImpl:0.21666666666666667
HazelcastClient:0.20333333333333334
HazelcastInstanceImpl:0.18666666666666668
HazelcastInstanceProxy:0.18
