RobolectricBitmapDrawable:0.32
AndroidTranslator:0.2866666666666667
FakeRect:0.2833333333333333
TestAttributeSet:0.26666666666666666
FakeTextView:0.25
FakeDrawable:0.22666666666666666
FakeResources:0.22
HasCompoundDrawablesMatcher:0.12444444444444445
drawable:0.11622222222222224
FakeBitmapDrawable:0.052444444444444446
