UIConfig:0.5578333333333333
TempSimulationConfigEditor:0.48
SettlementTableModel:0.36
MainWindow:0.2816666666666667
