Rectangle:0.6433333333333333
Sphere:0.4633333333333333
Segment:0.4633333333333333
