SyncActionsFrame:0.48333333333333334
SyncManagerTopComponent:0.4066666666666667
SyncConfigurationNode:0.29
NewSyncGroupAction:0.24666666666666667
RunSynchronizationProcessAction:0.14666666666666667
