KeyStoreWrapper:0.49666666666666665
PrefixedSecureSettings:0.22666666666666666
SecureSettings:0.21177777777777776
KeyStoreCommandTestCase:0.19
SecureSetting:0.1875
MockSecureSettings:0.17666666666666667
KeyStoreCli:0.1601111111111111
AddStringKeyStoreCommandTests:0.13805555555555554
CreateKeyStoreCommandTests:0.13
