RemoteApplicationException:0.22966666666666669
StringCheckException:0.18033333333333335
LockIdMismatchException:0.17166666666666666
DeleteVersionException:0.17166666666666666
TextVerificationException:0.17166666666666666
ReservedByAnotherUserException:0.165
FilterException:0.165
ReadOnlyException:0.16
FIException:0.15666666666666668
FileVersionResource:0.15666666666666668
IllegalArgumentMapper:0.15
TitleException:0.13333333333333333
