BoundedLocalCache:0.528888888888889
NodeFactoryGenerator:0.38666666666666666
AddFactoryMethods:0.31
Specifications:0.2617777777777778
NodeSelectorCode:0.20333333333333334
IsCacheReserializable:0.19666666666666666
AddSubtype:0.07
