UnitType:0.4166666666666667
BoardHex:0.22666666666666666
VehicularGunType:0.21309523809523812
WeaponUnitType:0.18333333333333332
VehicularMGType:0.17744444444444446
VehicleType:0.17
OffBoardHex:0.16
GunUnitType:0.11333333333333333
InfantryType:0.08333333333333333
LeaderType:0.016666666666666666
SniperType:0.013333333333333334
RadioType:0.006666666666666667
MarkerType:0.006666666666666667
