Json:0.55
ObjectNaviNode:0.42333333333333334
ObjectNavlPairInjector:0.21666666666666667
JsonEntityField:0.20666666666666667
CustomMake:0.20666666666666667
