CudnnConvolutionHelper:0.31666666666666665
EpsTermination:0.22666666666666666
CudnnLocalResponseNormalizationHelper:0.14666666666666667
CudnnBatchNormalizationHelper:0.14666666666666667
CudnnSubsamplingHelper:0.14666666666666667
StochasticGradientDescent:0.09333333333333334
