FieldHandler:0.7482777777777778
choiceEditor:0.3988888888888889
