LexerATNConfig:0.42333333333333334
LexerATNSimulator:0.32
ATNConfig:0.31333333333333335
ConfigHashSet:0.27
TestATNLexerInterpreter:0.26
ATNConfigSet:0.25666666666666665
TestLexerExec:0.22666666666666666
ParserATNFactory:0.22333333333333333
ATNSerializer:0.21
ATNSimulator:0.20333333333333334
DecisionState:0.09992063492063492
BlockEndState:0.03
