BufferRotationDescriptor:0.6110555555555556
Publication:0.4266666666666667
LossHandler:0.35
ClientConductor:0.23666666666666666
LossHandlerTest:0.21666666666666667
DriverPublication:0.21
DriverConnectedSubscription:0.18
MappedBufferRotator:0.17666666666666667
ConnectedSubscription:0.15333333333333332
BufferRotator:0.052388888888888895
