Update:0.4066666666666667
UpdateAnalyzerTest:0.27666666666666667
CreateExecutionPlan:0.27051984126984113
Planner:0.25
Assignments:0.24
UpdatePlanner:0.2
UpdatePlannerTest:0.17333333333333334
UpdateById:0.17333333333333334
SubQueryAndParamBinder:0.16111111111111112
SingleRowSubselectAnalyzerTest:0.16
UpdateIntegrationTest:0.15333333333333332
UpdateRequests:0.14333333333333334
UpdateByIdTask:0.14
UpdateAnalyzer:0.13333333333333333
