CreateLexicalTable:0.34
ComputeSpecificities:0.34
ComplexSort:0.2633333333333333
DefineReferencePattern:0.2633333333333333
SetContextSize:0.2633333333333333
SetSortProperty:0.23333333333333334
