ButtonHelper:0.38
FileChooserWidget:0.3566666666666667
TableView:0.21333333333333335
BlueprintEditor:0.17527777777777778
PrintWidget:0.16827777777777778
AgeBean:0.16
Choose:0.12666666666666668
WelcomePanel:0.11666666666666667
ActionInsert:0.11633333333333333
Settings:0.11633333333333333
