TC_RubyConsoleTracker:0.6544444444444444
TC_RubySourceLocator:0.2808333333333333
