DateWidget:0.45555555555555555
TabbingDoc:0.45
SwitchCalendar:0.4266666666666667
