TransactionImpl:0.5266666666666666
JpaComplianceImpl:0.3433333333333333
QueryApiTest:0.20333333333333334
ClosedFactoryTests:0.14
