TypeSpecTest:0.38666666666666666
FieldSpec:0.38666666666666666
CodeWriter:0.30333333333333334
MethodSpec:0.24666666666666667
Builder:0.20333333333333334
TypeSpec:0.2
JavaFileTest:0.12666666666666668
