Apollo:0.5358333333333334
GAMEAdapter:0.48333333333333334
