OperationService:0.5966666666666667
BasicOperationService:0.4033333333333333
BasicOperationScheduler:0.39
BasicInvocation:0.38
Packet:0.33666666666666667
Backup:0.2866666666666667
CachedExecutorServiceDelegate:0.2833333333333333
WaitNotifyServiceImpl:0.21666666666666667
PostJoinOperation:0.20400000000000001
AbstractJoiner:0.20333333333333334
OperationThread:0.18
GroupProperties:0.17
FinalizeJoinOperation:0.15666666666666668
UnlockOperation:0.14
OperationServiceMBean:0.13333333333333333
ConnectionListenerImpl:0.11
BasicOperationProcessorImpl:0.1075
GenericOperationThreadFactory:0.023333333333333334
PartitionOperationThreadFactory:0.023333333333333334
LocalOperationProcessor:0.015
ResponseThread:0.006666666666666667
