PageBuilder:0.30666666666666664
TestArrayBlock:0.2633333333333333
InterpretedPageProjection:0.2633333333333333
TestVariableWidthBlock:0.2633333333333333
TestFixedWidthBlock:0.2633333333333333
PageFunctionCompiler:0.18666666666666668
TestByteArrayBlock:0.18666666666666668
TestLongArrayBlock:0.18666666666666668
TestShortArrayBlock:0.18666666666666668
TestIntArrayBlock:0.18666666666666668
