JFXWidgetComponent:0.49666666666666665
NoClipLabeledSkinBase:0.45
DecoratedLabelSkin:0.3
DecoratedButtonSkin:0.29333333333333333
NoClipButtonSkin:0.2633333333333333
