IntegerProperty:0.14261137
TK:0.104857594
Property:0.0844719
MApplication:0.081708424
