HtmlOption:0.6333333333333333
HtmlSerializer:0.4666666666666667
HtmlOptionTest:0.27
HTMLOptionElementTest:0.19
