Config:0.7566666666666667
Style:0.6733333333333333
