Defaults:0.45359523809523816
TimestampFieldMapper:0.41333333333333333
TimestampMappingTests:0.37333333333333335
Builder:0.35
UpdateMappingOnClusterTests:0.25
