ConnectionEntry:0.5466666666666666
CommandExecutorService:0.38
CommandDecoder:0.31333333333333335
MasterSlaveEntry:0.29
BaseLoadBalancer:0.26666666666666666
