RequestContext:0.6166666666666667
BindingUtility:0.41333333333333333
LifeCycleManagerImpl:0.38
Utility:0.31333333333333335
SQLPersistenceManagerImpl:0.2625
VersionProcessor:0.25555555555555554
CommonRequestContext:0.23666666666666666
AbstractDAO:0.22333333333333333
RegistryObjectDAO:0.21333333333333335
QueryManagerImpl:0.21
ServerRequestContext:0.2
ExtrinsicObjectDAO:0.19666666666666666
QueryManager:0.058333333333333334
