JarFileClassPathLocationScanner:0.65
ClassPathScannerSmallTest:0.4533333333333333
ClassPathScanner:0.31333333333333335
