ServerDescription:0.82
ServerMonitor:0.3566666666666667
BaseCluster:0.33666666666666667
ServerDescriptionTest:0.08
