BinderHelper:0.3433333333333333
WorkAreaOperation:0.33666666666666667
AccessControlManagerImpl:0.3233333333333333
AbstractZoneModule:0.31666666666666665
BinderModuleImpl:0.2866666666666667
