Utils:0.6766666666666666
WWMMCDKPlugin:0.33666666666666667
InChI:0.24333333333333335
RSSFeeder:0.19333333333333336
OpenAction:0.15444444444444444
OpenBabel:0.14666666666666667
WWMMCDKPluginQueryFrame:0.14
CreateInChIEvent:0.1311111111111111
CreateCMLEvent:0.1311111111111111
