AbstractView:0.6859444444444445
ViewMap:0.45666666666666667
OutsidePlantView:0.42333333333333334
AbstractMapProvider:0.41002777777777777
ObjectView:0.25666666666666665
GoogleMapsMapProvider:0.17666666666666667
ViewEventListener:0.0011111111111111111
