MainActiviy:0.5933333333333334
ShoppingCartItemViewHolder:0.42333333333333334
DependencyInjection:0.35
ItemSelectedListener:0.13277777777777777
