TreeViewer:0.8866666666666667
BasicFontMetrics:0.46
TreePostScriptGenerator:0.2966666666666667
