PingRequest:0.5933333333333334
ParallelPingResponseCallback:0.24666666666666667
SinglePingResponseCallback:0.20333333333333334
PingResponseCallback:0.15777777777777777
