Item:0.6133333333333333
Registry:0.3933333333333333
Link:0.33
Expression:0.2866666666666667
Directory:0.2833333333333333
Array:0.28
Not:0.25666666666666665
Option:0.24833333333333332
LazyObjectItem:0.24
PluginDescriptor:0.24
First:0.22944444444444448
Main:0.21666666666666667
FilterItem:0.2
XMLRegistryReader:0.19666666666666666
Or:0.1877777777777778
Executable:0.18666666666666668
ObjectExpr:0.16666666666666666
Insert:0.16333333333333333
LazyItem:0.15666666666666668
Void:0.15666666666666668
SetVar:0.15666666666666668
And:0.15666666666666668
CreateMap:0.15666666666666668
ConfigureInstance:0.1511111111111111
InstanceOf:0.14666666666666667
XSLTFilter:0.14333333333333334
Block:0.14
GSReader:0.13
