AlfSession:0.5233333333333333
AlfConn:0.4840873015873016
