MultiLayerNetwork:0.4766666666666667
GloveChange:0.3933333333333333
Glove:0.3411111111111111
GloveTest:0.14
