BaseOptimizer:0.6133333333333333
BackTrackLineSearch:0.5433333333333333
ConjugateGradient:0.30666666666666664
