PainterFactory:0.07746729
AbstractPainter:0.027106198
