displayStructure:0.36666666666666664
GeneratorAction:0.3233333333333333
AtomicQsarAction:0.3233333333333333
QsarAction:0.25666666666666665
