Thirty360Abstraction:0.4694444444444444
Thirty360:0.44166666666666665
ISMA:0.36
SimpleDayCounter:0.27166666666666667
DayCountersTest:0.17111111111111113
