DefinitionFile:0.7966666666666666
Engine:0.6933333333333334
ARINCSymbols:0.605
ClientLayer:0.5166666666666667
Attribute:0.4633333333333333
ClientWidget:0.4533333333333333
CommonConfiguration:0.44333333333333336
ServerSymbols:0.4066666666666667
ServerXMLDFHandler:0.3933333333333333
EditorLayer:0.36333333333333334
ClientXMLDFHandler:0.34
Property:0.31666666666666665
BinaryDFHandler:0.2834523809523809
MapContext:0.28
MapItemRendererFactory:0.2733333333333333
AbstractBinaryDFHandler:0.2733333333333333
EditorApplication:0.27
BasicClientEngine:0.26
ServerDefinitionFile:0.25333333333333335
ServerXMLSymbolsHandler:0.25
AppliConfiguration:0.24666666666666667
DefaultXMLExporter:0.23476190476190475
SymbolRenderer:0.23333333333333334
AbstractDFHandler:0.23
SymbolConverter:0.21666666666666667
TreeEditorCopyHelper:0.21
ClientDefinitionFile:0.21
DefaultBinaryDFDecoder:0.21
ClientSymbols:0.20666666666666667
DefaultBinaryExporter:0.20142857142857143
ClientConfigurationParser:0.2
ARINC661App:0.2
RendererSymbolsTest:0.19666666666666666
ServerBinaryDFHandler:0.19666666666666666
TreeEditorHelper:0.19
ServerConfigurationParser:0.18666666666666668
SymbolAnimatedRenderer:0.18333333333333332
WidgetTableConstructor:0.18333333333333332
EditorApplications:0.18333333333333332
ClientXMLDFHandlerTest:0.17666666666666667
ClientXMLDFHandler_2Test:0.17
ClientBinaryDFHandler:0.16833333333333333
ARINCSettings:0.16666666666666666
EditorWidgetTableConstructor:0.15666666666666668
AbstractClientEngine:0.1511111111111111
AbstractServerEngine:0.15
GUIUtilities:0.14333333333333334
AbstractClientObject:0.14083333333333334
EditorBinaryDFHandler:0.13666666666666666
PropertyPanelFactory:0.13666666666666666
ClientXMLDFHandlerSupp5Test:0.13333333333333333
SymbolPanel:0.12333333333333334
ServerGlobalSymbols:0.12333333333333334
ClientXMLDFHandler_KOTest:0.11666666666666667
EditorLayerInfoIterator:0.1
ClientMapItemList:0.09166666666666666
BasicServerEngineTest:0.08333333333333333
EditorLayerIterator:0.08
ConfigProperties:0.07
ClientGlobalSymbols:0.06916666666666667
BasicClientEngineTest:0.056666666666666664
ClientContainerWidget:0.05
ClientXMLSymbolsHandler:0.041666666666666664
ClientMapItem:0.03166666666666667
ClientSymbolsTest:0.02666666666666667
ClientExtension:0.0
