TransactionImplementation:0.43333333333333335
table:0.41
Transaction:0.2833333333333333
FieldValueDiff:0.26
