Commands:0.59
FunctionsToolbar:0.2733333333333333
TreeContextMenu:0.2733333333333333
ContextTab:0.22333333333333333
ConcordanceTab:0.22333333333333333
CooccurenceForm:0.19222222222222224
ConcordanceForm:0.18666666666666668
CooccurrencesTab:0.13333333333333333
TxmHTMLPane:0.12666666666666668
CommandButton:0.016666666666666666
BiblioButton:0.016666666666666666
ConcordanceButton:0.016666666666666666
