JoinPair:0.76
JoinPairs:0.33226190476190476
ManyTableConsumerTest:0.27666666666666667
ManyTableConsumer:0.26666666666666666
