PaymentChannelServer:0.6033333333333334
PaymentChannelServerState:0.5366666666666666
PaymentChannelV1ServerState:0.32666666666666666
PaymentChannelV2ServerState:0.32666666666666666
ServerHandler:0.26222222222222225
ServerConnection:0.2454444444444444
RecordingServerConnection:0.22666666666666666
