Connector:0.8755555555555554
ServerCockpitConnectors1Test:0.04666666666666667
