Parser:0.56
OutputModelController:0.32666666666666666
Recognizer:0.32666666666666666
ParserATNSimulator:0.31666666666666665
TestSemPredEvalParser:0.23666666666666666
