AsyncDataSetIterator:0.5433333333333333
FirstIterationFunction:0.33666666666666667
FileLabelAwareIterator:0.21
FilenamesLabelAwareIterator:0.21
