ImageManager:0.6566666666666666
SarosUI:0.22
ChangeXMPPAccountAction:0.18666666666666668
EnterProjectNamePage:0.16333333333333333
RosterGroupElement:0.15333333333333332
RosterEntryElement:0.15333333333333332
PauseVideoSessionAction:0.14
VideoSharingAction:0.13333333333333333
IMBeepAction:0.12333333333333334
SkypeAction:0.12333333333333334
GiveWriteAccessAction:0.12333333333333334
FollowThisPersonAction:0.12333333333333334
InviteAction:0.12333333333333334
FollowModeAction:0.12333333333333334
ConfigurationWizard:0.11666666666666667
RestrictToReadOnlyAccessAction:0.11666666666666667
VoIPAction:0.11
ShowDescriptionPage:0.11
RestrictInviteesToReadOnlyAccessAction:0.11
ChangeColorAction:0.11
OutgoingInvitationJob:0.11
MessagingAction:0.11
LeaveSessionAction:0.11
JumpToUserWithWriteAccessPositionAction:0.11
NewContactAction:0.11
OutgoingProjectJob:0.11
OpenInviteInterface:0.08333333333333333
ChangeSourceModeAction:0.08333333333333333
