Elem:0.5011111111111112
Info:0.4766666666666667
Harvester:0.4266666666666667
FragmentHarvester:0.32
ThreddsParams:0.26666666666666666
XmlRequest:0.21666666666666667
Geonet:0.20444444444444443
AbstractHarvester:0.18
UriMapper:0.16333333333333333
XmlElementReader:0.16
Get:0.1411111111111111
ThreddsHarvester:0.10666666666666667
RecordInfo:0.07444444444444444
WfsFeaturesHarvester:0.07333333333333333
WfsFeaturesParams:0.05
Path:0.02
WfsFeaturesResult:0.0
