Request:0.6266666666666667
RequestTests:0.29333333333333333
RefreshResponseTests:0.2833333333333333
IndicesClient:0.19416666666666665
IndicesClientIT:0.19
AbstractXContentTestCase:0.16777777777777778
IndicesClientDocumentationIT:0.16
FlushResponse:0.0571031746031746
