DoubleRangeFieldValidator:0.5733333333333334
DoubleRangeValidatorTest:0.36
AbstractRangeValidator:0.35
MockConfigurationProvider:0.26916666666666667
DateRangeFieldValidatorTest:0.05
ShortRangeFieldValidatorTest:0.04666666666666667
LongRangeFieldValidatorTest:0.04666666666666667
IntRangeFieldValidatorTest:0.04666666666666667
