JFXAlert:0.635
JFXListViewSkin:0.2733333333333333
JFXResponsiveHandler:0.19333333333333333
SideMenuController:0.19
