EntityBinding:0.46
AbstractEntityPersister:0.43
EntityMetamodel:0.31666666666666665
InheritanceBindingTest:0.2866666666666667
SessionFactoryImpl:0.23
SingleTableEntityPersister:0.19833333333333333
PojoEntityTuplizer:0.19333333333333333
DynamicMapInstantiator:0.1
