BaseConfig:0.44666666666666666
MasterSlaveServersConfig:0.35333333333333333
ConnectionManager:0.3333333333333333
SingleServerConfig:0.24333333333333335
ElasticacheServersConfig:0.18
SentinelServersConfig:0.18
SentinelConnectionManager:0.13666666666666666
ElasticacheConnectionManager:0.1
