Authorization:0.7266666666666667
DefaultManagement:0.4
DefaultAuthorization:0.38333333333333336
UploadServlet:0.3233333333333333
ActionNamespace:0.21666666666666667
