ModalityWorklistBean:0.5133333333333333
ModalityWorklistFilter:0.45633333333333337
ModalityWorklistPanel:0.44
