HazelcastTestSupport:0.5366666666666666
InternalPartitionServiceImpl:0.5066666666666667
PartitionMigrationListenerTest:0.3075
