StudyListLocal:0.7256944444444445
StudyListPage:0.43
StudyListFilter:0.34833333333333333
StudyModel:0.30666666666666664
StudyListBean:0.22
