Context:0.6633333333333333
Configuration:0.43213888888888885
ClusteredServiceAgent:0.37
