StringUtils:0.6033333333333334
TermBean:0.4338888888888889
TermBeanFactory:0.33666666666666667
