EdgeViewI:0.5400000000000001
Viewer:0.44333333333333336
Edge:0.4266666666666667
Node:0.33
NodeViewI:0.28065079365079365
EdgeFilterTypeGui:0.22333333333333333
GraphData:0.21444444444444447
EdgeFilterState:0.18666666666666668
DatasetFilter:0.15333333333333332
