IJob:0.5038888888888888
DataLoaderService:0.43333333333333335
AbstractJob:0.36666666666666664
ConfigurationChangedFilter:0.35
AbstractSymmetricEngine:0.31666666666666665
