XMLObject:0.5233333333333333
JFXEditorPanel:0.37666666666666665
WidgetTableConstructor:0.3233333333333333
ServerXMLExtension:0.28488888888888897
JFXEditBoxMaskedTest:0.27666666666666667
AbstractEditorEngine:0.27666666666666667
ClientWidgetsRefHandler:0.24666666666666667
AbstractEditorPanel:0.24333333333333335
EditBoxMaskedRenderer:0.225
EditorWidgetTableConstructor:0.20333333333333334
WidgetsRefHandler:0.2
AbstractWidgetRefHandler:0.18
JFXPopupMenuTest:0.16333333333333333
GUIUtilities:0.16111111111111112
FrameworkManager:0.10333333333333333
