AbstractJobDaoTests:0.6519444444444444
AbstractStepDaoTests:0.27722222222222226
