TypeSpec:0.32666666666666666
Builder:0.294
CodeWriter:0.2733333333333333
AnnotationSpec:0.24
TypeSpecTest:0.20333333333333334
MethodSpec:0.20333333333333334
JavaFile:0.16666666666666666
FieldSpec:0.14666666666666667
ParameterSpec:0.12333333333333334
