Watcher:0.49
HttpClientImpl:0.33
HttpTLSTest:0.31
ProxyErrorTest:0.27
HTTPExamples:0.24972222222222218
TestProxyBase:0.22666666666666666
CommandTestBase:0.19666666666666666
Http1xTest:0.19416666666666665
HttpTestBase:0.15833333333333333
WatcherTest:0.13333333333333333
