MainScene:0.48
MasterClock:0.33
Walk:0.225
SimulationConfig:0.20666666666666667
TimeWindow:0.18666666666666668
PanBackground:0.09333333333333334
MedusaTempGauge:0.03666666666666667
TilesfxDemo:0.03666666666666667
PanTest:0.028333333333333332
