Tuple4:0.25333333333333335
Tuple5:0.25333333333333335
Tuple6:0.25333333333333335
Tuple7:0.25333333333333335
Tuple2:0.25333333333333335
Tuple3:0.25333333333333335
Tuple1:0.21333333333333335
Tuple7Test:0.15
Tuple3Test:0.09
Tuple5Test:0.09
Tuple2Test:0.09
Tuple4Test:0.09
Tuple6Test:0.09
Tuple1Test:0.08333333333333333
