DataManager:0.5666666666666667
RTCNode:0.47
RTCHashMap:0.39
RTCNodeProcessor:0.26166666666666666
DataUpdater:0.24494444444444444
