TransferDataProvider:0.7733333333333333
ETAComparator:0.4
DownloadTransferTableModel:0.36666666666666664
SWDownloadTableModel:0.3566666666666667
ETACellRenderer:0.15333333333333332
