MultiLayerNetwork:0.64
ComputationGraph:0.36666666666666664
BaseLayer:0.19666666666666666
InputVertex:0.15666666666666668
MultiDataSetIteratorAdaptor:0.11
TestComputationGraphNetwork:0.10666666666666667
ComputationGraphUtil:0.056111111111111105
