RescoreBuilder:0.4033333333333333
AbstractSuggestionBuilderTestCase:0.27666666666666667
QueryRescoreBuilderTests:0.2633333333333333
HighlightBuilderTests:0.24666666666666667
IngestMetadataTests:0.24666666666666667
CompletionSuggesterBuilderTests:0.23666666666666666
AbstractShapeBuilderTestCase:0.18
AbstractSortTestCase:0.15333333333333332
