ServerConfigurationParser:0.4666666666666667
ServerApplet:0.36
ServerAppletTest:0.2833333333333333
ServerAppletTest3:0.12
