NavigatorWindow:0.5583333333333333
MainWindow:0.4683333333333333
