DynamicLinkPanel:0.38333333333333336
ReportPanel:0.043333333333333335
DisplayReportTablePage:0.02666666666666667
CreateOrEditReportPage:0.02666666666666667
DisplayReportDiagramPage:0.023333333333333334
SystemInfoPanel:0.023333333333333334
FileSystemPanel:0.023333333333333334
