ConfigurationListener:0.68
BytecodeConfigurationEnhancer:0.27051984126984113
ConfigurationListenerSupport:0.24666666666666667
ClassUtils:0.20666666666666667
CglibConfigurationEnhancer:0.2061111111111111
ConfigurationProcessor:0.12333333333333334
BeanNameTrackingDefaultListableBeanFactory:0.1161111111111111
BeanCreationCallbackFilter:0.10333333333333333
ConfigurationListenerRegistry:0.0867222222222222
DefaultConfigurationListenerRegistry:0.06
ConfigurationPostProcessor:0.04111111111111111
AspectJAdviceConfigurationListener:0.016666666666666666
SpringAdviceConfigurationListener:0.013333333333333334
SpringAdvisorConfigurationListener:0.0033333333333333335
HotSwapConfigurationListener:0.0033333333333333335
AbstractAopConfigurationListener:0.0
