ChronicleMap:0.6233333333333333
VanillaChronicleMap:0.39666666666666667
SingleCloseMap:0.32
ReplicationCheckingMap:0.31
StatelessChronicleMap:0.3
CHMUseCasesTest:0.25
StatelessClientTest:0.23
