FileUtils:0.6866666666666666
QueryRetrieveScpService:0.58
CompressionService:0.30666666666666664
StgCmtScuScpService:0.2833333333333333
