MethodReference:0.58
CreationReference:0.2683333333333333
ExpressionMethodReference:0.24666666666666667
TypeMethodReference:0.24666666666666667
SuperMethodReference:0.24666666666666667
