IkTokenizerFactory:0.44
IkAnalyzerProvider:0.43666666666666665
IkAnalysisBinderProcessor:0.3
IKIndicesAnalysis:0.21333333333333335
