DatabaseMetaData:0.7266666666666667
CursorResultSet:0.34833333333333333
TdsConnection:0.2961984126984128
