ExecutorServiceDelegate:0.76
ExecutorService:0.5666666666666667
ExecutorLogic:0.24
SubstitutionBean:0.23333333333333334
ExecutorServiceBean:0.22333333333333333
ExecutorServiceDelegateLocalImpl:0.21666666666666667
ExecutorServiceDelegateRemoteImpl:0.21666666666666667
WfeScriptRunner:0.21333333333333335
ExecutorServiceDelegateGetGroupChildrenTest:0.18333333333333332
ExecutorServiceDelegateGetExecutorGroupsTest:0.18
CreateRelationRightExecutorFormTag:0.16333333333333333
ListExecutorRightRelationMembersFormTag:0.16333333333333333
ListExecutorLeftRelationMembersFormTag:0.16333333333333333
CreateRelationLeftExecutorFormTag:0.16333333333333333
ListGroupMembersFormTag:0.15333333333333332
ListExecutorGroupsFormTag:0.14666666666666667
ListNotExecutorGroupsFormTag:0.14666666666666667
ListNotGroupMembersFormTag:0.14666666666666667
AjaxGroupMembersTag:0.14333333333333334
ExecutorDelegateGetExecutorGroupsTest:0.14333333333333334
ExecutorDelegateGetGroupChildrenTest:0.14333333333333334
ExecutorDelegateGetExecutorsCanBeAddedToGroupTest:0.14333333333333334
ExecutorServiceDelegateGetGroupsInThatExecutorNotPresentTest:0.14333333333333334
ExecutorServiceDelegateGetExecutorsCanBeAddedToGroupTest:0.14333333333333334
ExecutorDelegateGetGroupsInThatExecutorNotPresentTest:0.14333333333333334
GroupMembersTag:0.13166666666666665
RelationResultTag:0.11666666666666667
ListExecutorRightRelationsFormTag:0.11666666666666667
ListExecutorLeftRelationsFormTag:0.11666666666666667
ExtendedGroupMembersComboboxVarTag:0.0033333333333333335
GroupMembersAutoCompletionVarTag:0.0
GroupMembersComboboxVarTag:0.0
