Group:0.7033333333333334
GroupService:0.2313888888888889
Person:0.22
EditGroupFormAction:0.21
GroupServiceImpl:0.19666666666666666
GroupTest:0.13
GroupContextMapper:0.12333333333333334
PersonContextMapper:0.08333333333333333
