Author:0.19666666666666666
Detail:0.17
Address:0.13666666666666666
Category:0.12333333333333334
Product:0.11666666666666667
CommercialDocument:0.11
Customer:0.056666666666666664
ProductTest:0.05333333333333334
AuthorTest:0.03255555555555555
CustomerTest:0.015
NextNumberForYearCalculator:0.011111111111111112
CategoryTest:0.0033333333333333335
InvoiceTest:0.0
OrderTest:0.0
