HttpBase:0.525
GoogleMapsTest:0.3333333333333333
HttpRequestTest:0.32222222222222224
