DicomEchoPanel:0.5233333333333333
EchoDelegate:0.33666666666666667
DicomEchoWindow:0.23666666666666666
AEListPanel:0.11111111111111109
