ConsoleShell:0.36
ConsoleShellPane:0.3333333333333333
ConsoleFrame:0.2733333333333333
ConsoleShellPluginPart:0.22
ConsoleOutputPane:0.16666666666666666
ConsoleFramePluginPart:0.13
ChangeHandler:0.07
WindowHandler:0.017388888888888888
StderrThread:0.0033333333333333335
ErrorMatcher:0.0033333333333333335
StdoutThread:0.0033333333333333335
