LwjglInput:0.4066666666666667
AndroidInput:0.4066666666666667
TextInputListener:0.3138214285714286
JoglInput:0.31333333333333335
SoundTest:0.2553333333333333
TextInputDialogTest:0.18333333333333332
JoglDebugStarter:0.17666666666666667
