SocketInitializerImpl:0.4066666666666667
AbstractSocketInitializer:0.37166666666666665
SocketInitializer:0.36333333333333334
