ParamNameResolver:0.49333333333333335
Configuration:0.43555555555555564
XMLConfigBuilder:0.28
MethodSignature:0.24666666666666667
ProviderSqlSource:0.18666666666666668
