Trigger:0.8333333333333334
SqlTemplate:0.35
MySqlDbDialect:0.23666666666666666
OracleDbDialect:0.23666666666666666
IDbDialect:0.19416666666666665
TriggerMapper:0.15666666666666668
