ObjectNodeProperty:0.38666666666666666
NodeMarker:0.35
GoogleMapsGISView:0.33
NodeMarkerClickListener:0.21166666666666667
ApplicationView:0.17
ClassMatadataNodeProperty:0.14
AbstractNodePorperty:0.05333333333333334
