RippleDrawable:0.5866666666666667
Button:0.2063888888888889
FrameLayout:0.2063888888888889
RelativeLayout:0.2063888888888889
ImageView:0.2063888888888889
LinearLayout:0.2063888888888889
