Intersector:0.43666666666666665
ScrollPane:0.4066666666666667
Tree:0.37666666666666665
GestureDetector:0.19
