LocalTime:0.4633333333333333
LocalDate:0.38333333333333336
LocalDateTime:0.30666666666666664
TestLocalDateTime_Basics:0.2791666666666667
TestLocalTime_Basics:0.2633333333333333
TestLocalDate_Basics:0.19666666666666666
