ModelResolver:0.46
ModelConverterContextImpl:0.44666666666666666
ModelConverterContext:0.40797222222222224
