Simulator:0.46
LevelNode:0.34
RuleLevelTree:0.3233333333333333
GraphPanel:0.25333333333333335
