FlowModelFlowBuilder:0.6111111111111112
BinderModel:0.40777777777777774
