TransportService:0.5
TransportInterceptor:0.30333333333333334
CompositeTransportInterceptor:0.15333333333333332
InterceptingTransportService:0.09777777777777778
AssertingTransportInterceptor:0.09777777777777778
