CodeListTranslator:0.7433333333333333
LuceneSearcher:0.38333333333333336
