SearchObject:0.5633333333333334
SearchFilterToSearchBooleanConverter:0.47333333333333333
LocalLuceneWriteSession:0.29
QueryBuilder:0.26
