View:0.8033333333333333
InvoiceTest:0.3233333333333333
Product2DescriptionsListShowsReferenceViewTest:0.08333333333333333
