MetaView:0.6
MetaCollectionView:0.38333333333333336
MetaReferenceView:0.38333333333333336
MetaPropertyView:0.33
ViewParser:0.2633333333333333
MetaGroup:0.24666666666666667
PropertiesSeparator:0.2277777777777778
MetaSearchAction:0.21733333333333335
