TOKEN_OWNER:0.4766666666666667
Advapi32Test:0.46166666666666667
Netapi32Util:0.415
