FactoryProvider2Test:0.43333333333333335
FactoryProvider2:0.32
FactoryProvider:0.26
FactoryModuleBuilder:0.17305555555555557
FactoryProviderTest:0.15
AssistedConstructor:0.13333333333333333
Equals:0.11333333333333333
