OperationContext:0.3433333333333333
StatsTables:0.33666666666666667
OperationContextLog:0.3333333333333333
TransportFetchNodeAction:0.16333333333333333
JobExecutionContextTest:0.13333333333333333
RemoveSubContextCallback:0.13
StatsTablesTest:0.06
