CertTools:0.58
LdapTools:0.39
LdapPublisher:0.33666666666666667
CertToolsTest:0.27666666666666667
LdapNameStyle:0.15666666666666668
LdapToolsTest:0.03
