MigrationTestCase:0.5966666666666667
PostgreSQLMigrationMediumTest:0.24266666666666667
