NaturalIdCleanup:0.4475
BulkOperationCleanupAction:0.4166666666666667
NaturalIdXrefDelegate:0.37666666666666665
