AnnotationTaskBean:0.45666666666666667
UserBean:0.37
PhenotypeBean:0.31
PubSourceBean:0.23666666666666666
PubReferenceBean:0.22
LocusBeanImpl:0.20333333333333334
SequenceBeanImpl:0.19666666666666666
UserBeanFactory:0.13
IdsToBeanIterator:0.11333333333333333
PubSourceBeanFactory:0.11
NullUserBean:0.11
LocusBeanFactory:0.11
SequenceBeanFactory:0.09333333333333334
