Qedeq2Xml:0.5211111111111112
Qedeq2Latex:0.5
Xml2Latex:0.09333333333333334
Funcon:0.09
Predcon:0.09
