OrcStorageManager:0.5066666666666667
TestOrcStorageManager:0.42333333333333334
StorageManagerConfig:0.24
