Filter:0.5766666666666667
FilterRule:0.51
FilterMatches:0.30666666666666664
FilterRuleProperty:0.2833333333333333
