Util:0.5066666666666667
SarosView:0.43666666666666665
MenuRefactorTest:0.27
RemoteWorkbenchBot:0.2633333333333333
ContextMenusInSessionArea:0.2602777777777778
ContextMenusInBuddiesArea:0.22666666666666666
BuddySessionDisplayComposite:0.22111111111111115
EditorByAliceBobTest:0.16333333333333333
ContextMenusInSarosView:0.11333333333333333
