AbstractConcurrentArrayQueueTest:0.35
MemberSelectingCollectionTest:0.33666666666666667
PartitionRuntimeStateTest:0.24
MemberSelectingIteratorTest:0.23
RestValueTest:0.2
NearCacheManagerTestSupport:0.19666666666666666
ExecuteScriptRequestTest:0.19666666666666666
