Model:0.7933333333333333
PropertyTableWidget:0.43333333333333335
LetterBox:0.39
Letter:0.02
