ImmutableSettings:0.57
SettingsFilter:0.4766666666666667
Custom:0.36666666666666664
FakeRestRequest:0.2966666666666667
NodesInfoResponse:0.23944444444444443
RestNodesInfoAction:0.22
RestClusterStateAction:0.14666666666666667
TransportGetSettingsAction:0.12666666666666668
