NumericAttributeGaugeMeter:0.48
DashboardFactory:0.3233333333333333
DashboardHtmlEditorKit:0.3021904761904761
DashboardComponentFactory:0.2391111111111111
AttributeComponent:0.12933333333333333
TimeLabelComponent:0.12
HtmlDashboardComponent:0.056666666666666664
MappedObjectView:0.03666666666666667
