Task:0.4633333333333333
CollectRockSamplesMission:0.26666666666666666
DriveGroundVehicle:0.22
TravelToSettlement:0.19
TaskManager:0.18444444444444444
Mission:0.17333333333333334
EnterRoverEVA:0.17
ExitRoverEVA:0.16333333333333333
CollectRockSamples:0.13333333333333333
UnloadVehicle:0.12666666666666668
LoadVehicle:0.12333333333333334
RepairMechanicalFailure:0.03333333333333333
MaintainSettlement:0.03333333333333333
TendGreenhouse:0.03333333333333333
MaintainVehicle:0.03333333333333333
