Resolution:0.6883333333333334
Default:0.30333333333333334
Factory:0.27666666666666667
FlatDynamicTypeBuilder:0.27
RedefinedMethodSpecialMethodInvocation:0.23666666666666666
RebaseInstrumentationTarget:0.23333333333333334
Preserved:0.14833333333333334
ForRedefinedConstructor:0.08666666666666667
ForRedefinedMethod:0.08666666666666667
Prepared:0.06666666666666667
