SystemCounters:0.26
Agent:0.25666666666666665
Context:0.22333333333333333
Sender:0.2025
