Node:0.49666666666666665
BlobStoreIndexShardRepository:0.41333333333333333
SnapshotsInProgress:0.38666666666666666
SnapshotsService:0.36333333333333334
TransportNodesSnapshotsStatus:0.07611111111111112
RepositoriesModule:0.017777777777777778
