FileAnalyzer:0.8066666666666666
HistoryAnalyzer:0.45666666666666667
TextAnalyzer:0.24
CompatibleAnalyser:0.15
