ForwardingRules:0.5766666666666667
MoveScuService:0.5066666666666667
ForwardService2:0.12
