JMSManagerTest:0.7416666666666667
TestMessagingClient:0.6576666666666667
