OcspConfiguration:0.6133333333333333
OcspResponseGeneratorSession:0.24016666666666667
StandaloneOcspResponseGeneratorSessionTest:0.21666666666666667
OcspResponseGeneratorSessionLocal:0.08905555555555557
TestOcspResponseGeneratorSessionBean:0.03638888888888889
