JobCollectContext:0.41333333333333333
PageDownstreamContext:0.24666666666666667
CountContext:0.16666666666666666
ESJobContext:0.15666666666666668
UpsertByIdContext:0.15666666666666668
SymbolBasedBulkShardProcessorContext:0.15666666666666668
