QoSDrx:0.758888888888889
OnmsAlarmOssjMapper:0.3333333333333333
