STLSlice:0.5
Producer:0.47333333333333333
LayerProducer:0.3333333333333333
AllSTLsToBuild:0.23333333333333334
