HTMLScriptElementTest:0.48333333333333334
HtmlScript2Test:0.43
HTMLScriptElement:0.22333333333333333
