RealmBuilder:0.6166666666666667
Realm:0.5666666666666667
HttpProtocol:0.16333333333333333
AuthenticatorUtils:0.13
