TransportReplicationActionTests:0.5793888888888888
ReplicationRequest:0.5261111111111111
