Codd:0.6266666666666667
EulerRunner:0.4
ProofEngine:0.2733333333333333
