Internal:0.8111111111111111
CallTest:0.5166666666666667
AsyncCall:0.23416666666666666
JdkWithJettyBootPlatform:0.21083333333333334
Http20Draft14:0.17833333333333334
