JmolView:0.5466666666666666
Spacefill25Action:0.06666666666666667
SelectAllAction:0.06666666666666667
DeselectAllAction:0.06666666666666667
Spacefill0Action:0.06666666666666667
Bonds15Action:0.05333333333333334
WireframeAction:0.05333333333333334
RibbonsAction:0.05333333333333334
Bonds10Action:0.05333333333333334
Bonds20Action:0.05333333333333334
BondsNoneAction:0.05333333333333334
