TagThisDlg:0.32
GwtTeamingMessages:0.31666666666666665
GwtRpcServiceImpl:0.30666666666666664
GwtRpcService:0.28444444444444444
DlgBox:0.25333333333333335
GwtRpcServiceAsync:0.23666666666666666
GwtServerHelper:0.23333333333333334
GwtTeamingMainMenuImageBundle:0.2
