EventAwareLanguageResource:0.7766666666666666
DatabaseDocumentImpl:0.37333333333333335
