IndexShardTests:0.47333333333333333
ShardUtilsTests:0.38
RestoreOnlyRepository:0.37333333333333335
ReplicationGroup:0.33
ESIndexLevelReplicationTestCase:0.3
IndexServiceTests:0.21
