Util:0.57
InvitationProcess:0.37333333333333335
EditorManager:0.35
FileUtil:0.30333333333333334
EditorPool:0.3
SharedProject:0.26
OperationHistory:0.21916666666666668
SarosUI:0.21333333333333335
SessionManager:0.21333333333333335
ResourceDeltaVisitor:0.21333333333333335
DataTransferManager:0.21
StopActivity:0.21
FileActivity:0.20333333333333334
EnterProjectNamePage:0.20333333333333334
XMPPChatTransmitter:0.2
SharedResourcesManager:0.19833333333333333
InsertOperation:0.17833333333333334
UndoManager:0.17333333333333334
StopManager:0.17
InvitationDialog:0.16666666666666666
VersionManager:0.16666666666666666
ConsistencyWatchdogClient:0.15
DeleteOperation:0.14166666666666666
InvitationProcessObservable:0.12666666666666668
FolderActivity:0.10666666666666667
LocalPresenceTracker:0.10333333333333333
NameSorter:0.016666666666666666
UtilTest:0.0
