CriterionTag:0.42333333333333334
FormResponder:0.4
SearchResponderOperation:0.29333333333333333
SearchFieldTag:0.26666666666666666
InvalidValueException:0.15
