Settlement:0.5433333333333333
Storage:0.33
Cooking:0.2866666666666667
GoodsManager:0.27666666666666667
PreparingDessert:0.26
FoodProductionConfig:0.24333333333333335
EatMeal:0.22333333333333333
EatDessert:0.18333333333333332
