Factory:0.49
PipelineAggregatorFactory:0.4322222222222223
BucketScriptParser:0.24333333333333335
