ControlSession:0.36666666666666664
ArchiveConductor:0.3333333333333333
ArchiverSystemTest:0.32666666666666666
RecordingSession:0.3233333333333333
ControlRequestListener:0.21661111111111112
ArchiveProxy:0.18666666666666668
ControlRequestAdapter:0.14
