EventTableModel:0.37
MissionTab:0.30333333333333334
PersonTableModel:0.2833333333333333
VehicleTableModel:0.15
SettlementTableModel:0.15
