ShadowArscAssetManager:0.7133333333333334
ShadowLayoutInflaterTest:0.56
ShadowAssetManagerTest:0.39666666666666667
StyleResourceLoaderTest:0.14333333333333334
