MailManager:0.6861111111111111
MailManagerImpl:0.4066666666666667
DefaultFolderEmailFormatter:0.31666666666666665
MimeHelper:0.30333333333333334
