HiveClient:0.5666666666666667
AbstractTestHiveClient:0.39666666666666667
MaterializedResult:0.35
HiveConnector:0.3433333333333333
HiveTestUtils:0.30666666666666664
AbstractTestHiveClientS3:0.17333333333333334
HiveConnectorFactory:0.1577777777777778
HiveClientModule:0.10222222222222223
TestHiveConnectorFactory:0.09
