Report:0.5366666666666666
ReportsPanel:0.4166666666666667
Reports:0.27388888888888885
OperationParametersReport:0.2211111111111111
AuthorityCodesReport:0.21333333333333335
ProgressListener:0.19666666666666666
Worker:0.16333333333333333
FactoryProvider:0.07333333333333333
