ARINCSettings:0.38666666666666666
AppliConfiguration:0.36666666666666664
EditorXMLDFHandler:0.35333333333333333
EditorLayer:0.33
ARINC661App:0.32666666666666666
BasicClientEngine:0.2866666666666667
EditorBinaryDFHandler:0.2866666666666667
