CMLWriter:0.6233333333333333
FileConvertor:0.3333333333333333
PMPReader:0.31333333333333335
Viewer:0.26
