PostgreSql:0.33666666666666667
Tester2:0.31666666666666665
LiveMapperDbTest:0.25333333333333335
HsqlDb:0.16333333333333333
MySql:0.16333333333333333
