Dispatcher:0.64
DispatcherTest:0.22333333333333333
StrutsConstants:0.18833333333333332
