AbstractAdminModule:0.42
ExtensionDeployerImpl:0.3275
ExtensionsConfig:0.2733333333333333
GwtRpcServiceImpl:0.17666666666666667
ExtensionsController:0.14666666666666667
