Weka:0.65
IWekaModel:0.308
J48WModel:0.30666666666666664
J48WModelTest:0.1811111111111111
WekaTest:0.17472222222222225
LinearRegressionWModel:0.17
LinearRegressionWModelTest:0.16666666666666669
IPAtomicDescriptor:0.15438888888888888
