ConsoleProgressBar:0.4033333333333333
ApplyXsl2:0.29
ParametersDialog:0.27666666666666667
ParameterField:0.25
StringArrayField:0.13333333333333333
