StatisticMgmtService:0.6766666666666666
RepairProcessor:0.31833333333333336
StatisticQueryService:0.31333333333333335
