ViewRenderException:0.6566666666666666
ViewMessageBodyWriter:0.3088888888888889
MustacheViewRenderer:0.2916666666666667
MustacheViewRendererTest:0.2633333333333333
FreemarkerViewRendererTest:0.22666666666666666
