CacheTest:0.48555555555555563
CacheGenerator:0.43666666666666665
LoadingCacheTest:0.21
