JsfViewFactory:0.4816666666666667
JsfViewFactoryTests:0.30333333333333334
TestBean:0.14
