ASMDeserializerFactory:0.49
JavaBeanDeserializer:0.34
EnumDeserializer:0.09333333333333334
BenchmarkMain:0.05333333333333334
Opcodes:0.011111111111111112
