IssueForm:0.49666666666666665
EditIssueAction:0.3466666666666667
EditIssueFormAction:0.22
ViewIssueAction:0.103
ListIssuesAction:0.103
ListProjectsAction:0.103
