MockMvcRequestSender:0.5366666666666666
FileUploadController:0.3333333333333333
FileUploadTest:0.32
