JPPFClassLoader:0.53
MonitoredNode:0.38666666666666666
NodeApplet:0.27
NodeLauncher:0.15833333333333333
Log4jInitializer:0.10861111111111112
JPPFBuffer:0.08666666666666667
NodeThread:0.07638888888888888
NodeListener:0.058333333333333334
NodeEvent:0.0
JPPFBootstrapException:0.0
