LogAppender:0.44666666666666666
FrameDescriptor:0.4116666666666667
GapScanner:0.39
GapScannerTest:0.3
