BuildMessage:0.5133333333333333
AntFarmLogger:0.32666666666666666
IntegrationManager:0.29777777777777775
AntFarmPlugin:0.24666666666666667
AntFileFilter:0.21666666666666667
SimpleAntBridge:0.18833333333333332
ProjectBridge:0.16577777777777777
