ScriptEngineService:0.7277777777777779
JavaScriptScriptEngineService:0.23666666666666666
PythonScriptEngineService:0.23666666666666666
ExpressionScriptEngineService:0.22333333333333333
GroovyScriptEngineService:0.22333333333333333
MustacheScriptEngineService:0.22333333333333333
PythonScriptEngineTests:0.21666666666666667
JavaScriptScriptEngineTests:0.21
NativeScriptEngineService:0.18333333333333332
MockScriptEngine:0.17
TestEngineService:0.17
CustomScriptEngineService:0.17
