AbstractLockQuorumTest:0.5027777777777778
AbstractQueueQuorumTest:0.46199999999999997
