ConfigurationClass:0.6266666666666667
BeanMethod:0.3566666666666667
JavaConfigApplicationContext:0.31333333333333335
MethodNameStrategy:0.25333333333333335
BeanNamingStrategy:0.21366666666666664
Sjc87Tests:0.19
ConfigurationModelBeanDefinitionReader:0.15
MethodNameStrategyTests:0.14
JavaConfigWebApplicationContext:0.14
ConfigurationEnhancingBeanFactoryPostProcessor:0.13333333333333333
ConfigurationModelBeanDefinitionReaderTests:0.13
ChainedStrategyTests:0.13
BeanMethodInterceptor:0.12666666666666668
AbstractJavaConfigBeanDefinitionReader:0.11666666666666667
AbstractNamingStrategyTests:0.11666666666666667
ChainedStrategy:0.09666666666666666
TestNamingStrategy:0.09
ConfigurationClassParsingBeanFactoryPostProcessor:0.08522222222222223
ConfigurationEnhancingBeanFactoryPostProcessorTests:0.07666666666666666
ExternalValueMethodInterceptor:0.07666666666666666
AsmJavaConfigBeanDefinitionReader:0.07666666666666666
ModelMethod:0.07
ReflectiveJavaConfigBeanDefinitionReader:0.06666666666666667
PropagateBeanNamingTests:0.06
ConfigurationPostProcessor:0.04
DummyNameStrategy:0.03888888888888889
ExternalBeanMethodInterceptor:0.03666666666666667
CglibConfigurationEnhancer:0.03666666666666667
AutoBeanMethodInterceptor:0.03333333333333333
AbstractMethodInterceptor:0.0
ReflectiveSjc87Tests:0.0
