ArticleQueryService:0.5727777777777777
ArticleProcessor:0.21266666666666667
