DebugChemObjectBuilder:0.5433333333333333
DebugPseudoAtom:0.43
DebugSingleElectron:0.3333333333333333
DebugSetOfMolecules:0.30333333333333334
DebugSetOfAtomContainers:0.27666666666666667
DebugDataClassesTests:0.07
DebugSetOfMoleculesTest:0.04666666666666667
DebugSingleElectronTest:0.04666666666666667
DebugPseudoAtomTest:0.04666666666666667
DebugSetOfAtomContainersTest:0.04666666666666667
