ShadowWrangler:0.7
ImplementsValidator:0.23333333333333334
ImplementationValidator:0.09666666666666666
ImplementationValidatorTest:0.03
