PrinterService:0.5266666666666666
ScannerCalibration:0.39
PrinterServiceMBean:0.37
PrinterCalibration:0.31666666666666665
