Inventory:0.7333333333333333
MissionManager:0.3433333333333333
LoadVehicleGarage:0.2866666666666667
Sleep:0.2566666666666667
UnloadVehicleGarage:0.24333333333333335
ManufactureGood:0.22333333333333333
ConsolidateContainers:0.20666666666666667
EnterAirlock:0.19466666666666665
ExitAirlock:0.19
MetaTaskUtil:0.17666666666666667
