TimeConverter:0.4533333333333333
TooltipTest:0.35333333333333333
TimeConverterTest:0.14333333333333334
