ZoneModule:0.6866666666666666
AbstractZoneModule:0.6266666666666667
ContextListenerPostSpring:0.38
