ChartSelection:0.46
PlotPointData:0.43333333333333335
ScatterPlotMouseHandler:0.43333333333333335
