IndicesClusterStateService:0.3233333333333333
SimpleDistributorTests:0.19333333333333333
TransportUpdateAction:0.15333333333333332
TransportNodesListShardStoreMetaData:0.15333333333333332
MetaDataMappingService:0.12666666666666668
TransportExplainAction:0.12666666666666668
