ChadoXmlWrite:0.6766666666666666
Protein:0.49666666666666665
