OcspConfiguration:0.79
OcspJunitHelper:0.31
ProtocolOcspHttpTest:0.30333333333333334
OCSPServletBase:0.29333333333333333
