ConfigurationException:0.41333333333333333
DropwizardResourceConfig:0.35333333333333333
JsonProcessingExceptionMapper:0.25666666666666665
ServerCommand:0.23
ConfigurationExceptionTest:0.15666666666666668
ConfigurationFactoryTest:0.11666666666666667
