SearchUtils:0.52
GwtActivityStreamHelper:0.38666666666666666
ASTreeData:0.31666666666666665
ASEntryData:0.2866666666666667
ASAuthorInfo:0.21333333333333335
ASBinderInfo:0.20666666666666667
GwtServerProfiler:0.18
