KuwaibaWebservice:0.6754444444444445
BackendBean:0.5414444444444444
