VariableSearchVisitor:0.7138888888888889
FormNodePresentation:0.3433333333333333
