TypeSpecTest:0.54
CodeBlock:0.2833333333333333
MethodSpec:0.18666666666666668
AnnotationSpec:0.18666666666666668
TypeSpec:0.13
ParameterSpec:0.1
FieldSpec:0.1
