ActionManager:0.42352155
FreeColAction:0.1922962
