CachedQueryEntryTest:0.45666666666666667
QueryEntryTest:0.4166666666666667
GetterFactoryTest:0.23666666666666666
It:0.13466666666666666
OuterObject:0.10333333333333333
InnerObject:0.10333333333333333
