EnvImpl:0.6683333333333334
ReflectionRowBuilder:0.4544444444444445
ProcessRowBuilder:0.18
