OsgiServiceList:0.5333333333333333
DynamicSortedSet:0.30666666666666664
DynamicCollection:0.30666666666666664
OsgiServiceSet:0.2098015873015873
OsgiServiceCollectionTests:0.05
OsgiServiceSetTests:0.04666666666666667
OsgiServiceListTests:0.04666666666666667
AbstractOsgiCollectionTests:0.01
