OsgiServiceCollectionTest:0.30333333333333334
OsgiServiceListTest:0.30333333333333334
OsgiServiceSetTest:0.30333333333333334
DynamicCollectionIteratorTest:0.06
WeakCollectionTest:0.056666666666666664
AbstractOsgiCollectionTest:0.01
