Jedis:0.8133333333333334
Connection:0.34
JedisPubSub:0.21666666666666667
Protocol:0.21666666666666667
