WfeScriptRunner:0.5866666666666667
BotsLogic:0.48333333333333334
