LinePrinter:0.39
ExtruderPanel:0.26666666666666666
Main:0.26666666666666666
LineTest:0.19666666666666666
StepperPanel:0.17333333333333334
ShapePanel:0.1
