AwsConfig:0.5966666666666667
XmlConfigBuilder:0.44333333333333336
TcpIpJoinerOverAWSTest:0.27666666666666667
TcpIpJoinerOverAWS:0.21666666666666667
