EventBusMetrics:0.48633333333333334
EventBusImpl:0.4766666666666667
HandlerHolder:0.4666666666666667
HandlerRegistration:0.27111111111111114
DummyEventBusMetrics:0.22666666666666666
VertxTestBase:0.21333333333333335
