ShadowPackageManagerTest:0.5433333333333333
RuntimeEnvironment:0.42
ShadowPackageManager:0.41333333333333333
ComponentState:0.19
