MainFrame:0.6733333333333333
LuceneDataStoreSearchGUI:0.4166666666666667
ExitGateAction:0.21666666666666667
