UserDataSourceVO:0.37666666666666665
CustomUserDataSourceContainer:0.32
BaseUserDataSource:0.2866666666666667
ICustomUserDataSource:0.2812222222222222
DummyCustomUserDataSource:0.23
MultipleMatchException:0.08333333333333333
