QueryRetrieveScpService:0.62
MWLScuService:0.2833333333333333
HPScpService:0.28
GPWLScpService:0.25666666666666665
