ZenDiscovery:0.48333333333333334
NodeFD:0.4166666666666667
NodesFaultDetection:0.37
DiscoveryWithServiceDisruptions:0.19666666666666666
ZenFaultDetectionTests:0.16
