ServerDescription:0.66
ReplicaSetMemberDescription:0.29333333333333333
DefaultServer:0.15666666666666668
ReplicaSetDescription:0.14333333333333334
MongoServerStateListener:0.08316666666666667
ReplicaSetCluster:0.02
MongoIsMasterServerStateNotifier:0.013333333333333334
ReadPreferenceTest:0.01
