NamingScheme:0.7080555555555555
RedissonLiveObjectServiceTest:0.14333333333333334
AccessorInterceptor:0.14
DefaultNamingScheme:0.10666666666666667
LiveObjectInterceptor:0.05333333333333334
