FailingHttpStatusCodeException:0.5411111111111111
WebClient:0.5072222222222222
WebClientTest:0.27666666666666667
