EhCacheBasedTicketCache:0.24
EhCacheBasedUserCache:0.24
EhCacheBasedUserCacheTests:0.21666666666666667
EhCacheBasedTicketCacheTests:0.21666666666666667
EhCacheBasedX509UserCacheTests:0.21
EhCacheBasedAclEntryCache:0.21
EhCacheBasedAclEntryCacheTests:0.19
EhCacheBasedX509UserCache:0.1788888888888889
EhCacheBasedAclCache:0.15333333333333332
