VariableMapping:0.52
Subprocess:0.4666666666666667
ProcessDefinition:0.45
SubprocessDefinition:0.36
TaskState:0.3566666666666667
Duration:0.3333333333333333
MultiinstanceParameters:0.32
SubprocessChange:0.27777777777777773
MultiInstanceDialog:0.2633333333333333
GraphElement:0.26166666666666666
BotTaskLink:0.23333333333333334
DurationEditDialog:0.22666666666666666
ParamDefComposite:0.21666666666666667
QuickFormEditor:0.20666666666666667
JpdlSerializer:0.19666666666666666
VariableMappingChange:0.19666666666666666
MultiSubprocess:0.19583333333333333
VariableSearchVisitor:0.19
SubprocessDialog:0.18833333333333332
MultiinstanceComposite:0.18666666666666668
BpmnSerializer:0.18
QuickForm:0.17166666666666666
VariableEditorPage:0.17
TimerAction:0.16666666666666666
MessagingNode:0.1577777777777778
VariableMappingTableLabelProvider:0.15
SWTUtils:0.14333333333333334
SubprocessVariableDialog:0.13333333333333333
SwimlaneEditorPage:0.12666666666666668
MultiTaskExecutorsActionsDelegate:0.11333333333333333
TimerActionEditDialog:0.11333333333333333
TableViewerLocalDragAndDropSupport:0.10855952380952381
RelationComposite:0.1
TimerActionDialogCellEditor:0.08666666666666667
VariablesComposite:0.08666666666666667
SubprocessPresentation:0.08666666666666667
EscalationActionDialogCellEditor:0.08666666666666667
DragAndDropAdapter:0.08568253968253968
PropertyNames:0.08
MessagingNodeRenameProvider:0.07666666666666666
EscalationActionEditDialog:0.056666666666666664
AddSelectionAdapter:0.0033333333333333335
DeleteSelectionAdapter:0.0
EditSelectionAdapter:0.0
