NetUtil:0.8533333333333334
NetUtilTest:0.3433333333333333
