QueryResultsRegionImpl:0.44
QueryRegionImplTestCase:0.43666666666666665
Caches:0.4166666666666667
AbstractGeneralDataRegionTestCase:0.2966666666666667
SessionConsumer:0.27051984126984113
SFRConsumer:0.27051984126984113
SessionCallable:0.27051984126984113
RegionConsumer:0.27051984126984113
PostTransactionQueryUpdate:0.22333333333333333
ExceptionHolder:0.02
PutBlocker:0.0033333333333333335
