SqlTaskExecution:0.61
SqlTaskManager:0.29333333333333333
HashAggregationIterator:0.22333333333333333
TopNIterator:0.2
TestQueryManagerConfig:0.18333333333333332
QueryManagerConfig:0.14666666666666667
TaskMemoryManager:0.13666666666666666
