ValueFilter:0.5133333333333333
ByteBuddy:0.35
Default:0.34288888888888885
Simple:0.3383333333333333
ForAnnotations:0.26
MethodAnnotationTarget:0.22333333333333333
DefaultMethodAnnotationTarget:0.21
Entry:0.20666666666666667
AbstractBase:0.20333333333333334
DefaultFieldValueTarget:0.2
ForInstrumentedField:0.18
TypeWriterFieldPoolRecordTest:0.15666666666666668
Compiled:0.15333333333333332
FieldRegistryDefaultTest:0.15
FieldRegistryCompiledNoOpTest:0.10333333333333333
