SQLiteDatabaseTest:0.44666666666666666
ShadowContext:0.4166666666666667
ShadowContextWrapper:0.36333333333333334
SQLiteStatementTest:0.3
ShadowSQLiteConnectionTest:0.2966666666666667
ShadowContextTest:0.18333333333333332
