TedTable:0.42
TedMainDialog:0.37666666666666665
TedTablePopupMenu:0.31333333333333335
TedMainMenuBar:0.27
TedTableModel:0.26555555555555554
