UDTImpl:0.6116666666666667
DefaultGenerator:0.5483333333333333
