JNetScriptLineWriter:0.88
NBEdge:0.41333333333333333
JNetScriptWriter:0.36333333333333334
