VertxImpl:0.5416666666666666
VertxTestBase:0.41333333333333333
ContextTest:0.2988888888888889
