FragmentController:0.6626666666666667
ComponentController:0.38666666666666666
SupportFragmentController:0.38333333333333336
