FromElement:0.5833333333333334
FromElementFactory:0.35333333333333333
FromElementType:0.31777777777777777
HqlSqlWalker:0.31333333333333335
