XKMSProvider:0.33
KRSSResponseGenerator:0.2833333333333333
ReissueResponseGenerator:0.26355555555555554
RequestAbstractTypeResponseGenerator:0.2633333333333333
KISSResponseGenerator:0.21666666666666667
BaseResponseGenerator:0.15666666666666668
