PageProcessorCompiler:0.6983333333333334
GenericPageProcessor:0.36666666666666664
TestPageProcessorCompiler:0.23
