ShadowActivityTest:0.4
ShadowTheme:0.31666666666666665
ShadowThemeTest:0.30666666666666664
styleable:0.12111111111111111
attr:0.12111111111111111
