ResourceUtil:0.38333333333333336
ShareResource:0.27666666666666667
SharingModuleImpl:0.27
AbstractResource:0.27
Share:0.25666666666666665
AbstractBinderResource:0.22333333333333333
GwtShareHelper:0.21555555555555558
FolderEntryResource:0.18333333333333332
