TrustingSSLSocketFactory:0.5166666666666667
FeignTest:0.4166666666666667
Default:0.23666666666666666
Defaults:0.19
DisableHostnameVerification:0.05333333333333334
