VocabWord:0.5033333333333333
Index:0.42
InMemoryLookupCache:0.35333333333333333
Word2Vec:0.33666666666666667
EhCacheVocabCache:0.19333333333333333
Builder:0.1877777777777778
VocabCache:0.185
Word2VecLoader:0.16666666666666666
VocabActor:0.11666666666666667
Huffman:0.09333333333333334
