ParserATNSimulator:0.4766666666666667
DFA:0.43666666666666665
BaseTest:0.33
TestATNParserPrediction:0.25333333333333335
BaseRecognizer:0.23
ANTLRErrorStrategy:0.2
DefaultErrorStrategy:0.19416666666666665
