WADORetrieve:0.5333333333333333
WADOService:0.4633333333333333
BasicRequestObjectImpl:0.3933333333333333
BasicRequestObject:0.33916666666666667
