Q:0.5766666666666667
LocalMapStatsImpl:0.26666666666666666
QProxyImpl:0.2633333333333333
MapOperationsCounter:0.26
MapOperationStatsImpl:0.25333333333333335
TestApp:0.24966666666666668
MapStatisticsGenerator:0.22444444444444447
MapOperationsCounterTest:0.21
QueueClientProxy:0.2
Block:0.19555555555555557
SimpleMapTest:0.09333333333333334
IQueue:0.04816666666666666
