AbstractDependencyManagerTests:0.5627777777777778
AbstractSynchronizedOsgiTests:0.35333333333333333
