Materialisation:0.37333333333333335
Solution:0.3333333333333333
ShapePreviewDialog:0.2683333333333333
EdgeSignature:0.26555555555555554
ValueRange:0.2633333333333333
TestMaterialisation:0.18
EquationSystem:0.17333333333333334
BranchSolsIterator:0.15666666666666668
TestShapeGenerator:0.14666666666666667
