IChemModelRelay:0.6333333333333333
Controller2DHub:0.36666666666666664
IJChemPaintManager:0.2833333333333333
JChemPaintManager:0.25666666666666665
