ParentRunner:0.45
Suite:0.31666666666666665
MaxCore:0.2866666666666667
Computer:0.22
ParallelComputer:0.22
ParallelClassTest:0.07666666666666666
ParentRunnerTest:0.056666666666666664
FruitTest:0.0475
