HttpPipeliningHandler:0.56
Netty4HttpPipeliningHandlerTests:0.39666666666666667
HttpChannelHandler:0.21877777777777777
