DiscoveryNode:0.67
InternalClusterService:0.2733333333333333
AsyncAction:0.21333333333333335
ReconnectToNodes:0.12444444444444443
