VectorPathType:0.3086666666666667
UnprojectedPathType:0.3086666666666667
GlobalPathType:0.3086666666666667
LineStyle:0.2603333333333333
FillStyle:0.2603333333333333
LinePattern:0.2603333333333333
Mark:0.2603333333333333
ArrowStyle:0.2603333333333333
YAnchor:0.2603333333333333
LineCap:0.2603333333333333
XAnchor:0.2603333333333333
LineJoin:0.2603333333333333
FillPattern:0.2603333333333333
SurfaceInterpolation:0.21333333333333335
CurveInterpolation:0.21333333333333335
SampleDimensionType:0.21333333333333335
ValueInBytePacking:0.21333333333333335
ColorInterpretation:0.21333333333333335
VerticalDatumType:0.21333333333333335
ByteInValuePacking:0.21333333333333335
ParameterType:0.21333333333333335
PixelinCell:0.21333333333333335
PaletteInterpretation:0.21333333333333335
DerivedCRSType:0.21333333333333335
SimpleEnumerationType:0.19366666666666668
CodeList:0.13666666666666666
