ReaderFactory:0.37666666666666665
Gaussian95Reader:0.20333333333333334
Gaussian90Reader:0.20333333333333334
JaguarReader:0.20333333333333334
ABINITReader:0.20333333333333334
MOPAC97Reader:0.20333333333333334
Gaussian94Reader:0.20333333333333334
Aces2Reader:0.20333333333333334
CACheReader:0.20333333333333334
ADFReader:0.20333333333333334
DaltonReader:0.20333333333333334
MOPAC7Reader:0.20333333333333334
Gaussian92Reader:0.20333333333333334
MDLRXNV3000Reader:0.19
VASPReader:0.15666666666666668
Gaussian03Reader:0.15666666666666668
CIFReader:0.15666666666666668
MDLV3000Reader:0.14333333333333334
GamessReader:0.12333333333333334
Mol2Reader:0.10333333333333333
HINReader:0.10333333333333333
ShelXReader:0.10333333333333333
ChemicalRSSReader:0.10333333333333333
MDLRXNReader:0.10333333333333333
SMILESReader:0.10333333333333333
XYZReader:0.10333333333333333
GhemicalMMReader:0.10333333333333333
IChIReader:0.10333333333333333
PDBReader:0.09333333333333334
PMPReader:0.09333333333333334
