IOUtils:0.4622222222222223
SerializeWriter:0.44
UTF8Decoder:0.1938888888888889
FastJsonJsonView:0.14416666666666667
FastJsonHttpMessageConverter:0.14416666666666667
FastJsonProvider:0.14416666666666667
ClobSeriliazer:0.14333333333333334
