Image:0.49
Subscription:0.4033333333333333
PubAndSubTest:0.24666666666666667
