BlogCalendar:0.5766666666666667
VelocityHelper:0.32384920634920633
