CopyPublicLinkDlg:0.32666666666666666
GwtTeamingMessages:0.31666666666666665
AbstractAdminModule:0.30333333333333334
PublicLinksRpcResponseData:0.29
GwtServerHelper:0.2618333333333333
GwtViewHelper:0.2135
GwtRpcServiceImpl:0.20777777777777778
GwtShareHelper:0.19333333333333333
GetPublicLinksCmd:0.07333333333333333
