TransformWriter:0.5033333333333333
BshColumnTransform:0.42
VariableColumnTransform:0.4166666666666667
TransformService:0.33666666666666667
