TCQueryFilter:0.55
TCQueryFilterValue:0.4866666666666667
AcquisitionModality:0.4766666666666667
TCObject:0.31
TCEditableObject:0.22
TCSearchPanel:0.17333333333333334
TCUtilities:0.15166666666666667
TCQueryBean:0.14333333333333334
