WebEditors:0.8266666666666667
Product3WithDescriptionsListTest:0.18666666666666668
