FunctionRegistry:0.565
NullableDoubleStateSerializer:0.32666666666666666
NullableLongStateSerializer:0.32666666666666666
BenchmarkSuite:0.18666666666666668
TestAggregationOperator:0.14
