TypeUtils:0.6766666666666666
JavaBeanInfo:0.36333333333333334
