SwitchingSSLFilter:0.6433333333333333
GrizzlyAsyncHttpProvider:0.57
ConnectionManager:0.38666666666666666
