GenericHiveRecordCursor:0.36333333333333334
HiveUtil:0.27
HiveBucketing:0.18666666666666668
ColumnarBinaryHiveRecordCursorProvider:0.14666666666666667
ColumnarTextHiveRecordCursorProvider:0.14666666666666667
