CMSynergyBaselinePublisher:0.41333333333333333
CMSynergyPublisher:0.29
CMSynergyBaselineBootstrapper:0.24666666666666667
