SitemapNodeEditor:0.4166666666666667
SitemapNodeCopier:0.35333333333333333
SitemapNodeEditorController:0.33
SitemapNodeEditorRequestBean:0.21333333333333335
EditRequest:0.1162777777777778
RenameCreateSitemapNodeRequestBean:0.03666666666666667
RenameCreateRequest:0.0011111111111111111
