DefaultFileSystemStore:0.7766666666666666
DefaultArchiveSystemStore:0.39666666666666667
