ConfigurationSettingsWizardPage:0.4866666666666667
ConfigurationSummaryWizardPage:0.44666666666666666
ConfigurationWizard:0.2733333333333333
EditXMPPAccountWizard:0.21333333333333335
