XHRPollingClient:0.45
XHRPollingTransport:0.39666666666666667
AuthorizeHandler:0.3
WebSocketClient:0.16333333333333333
WrongUrlHandler:0.14
