ResourceTableModel:0.8633333333333333
InventoryTabPanel:0.24666666666666667
