ColorTest:0.4655
Configuration:0.44333333333333336
InvoiceListManyTypesTest:0.3
WarehouseTest:0.27666666666666667
ColorWithModeListOnlyAndSubcontrollerTest:0.07333333333333333
