ProperTsne:0.6066666666666667
MultipleEpochsIterator:0.5866666666666667
TsneTest:0.3566666666666667
