ApertureTestBase:0.7155555555555555
TestVcardFileCrawlerCombination:0.38666666666666666
TestFileSystemCrawler:0.37666666666666665
