DefaultBroadcaster:0.79
BaseTest:0.2966666666666667
BroadcasterScopeTest:0.15
AsyncWriteToken:0.11666666666666667
