DropWarn:0.5333333333333333
TestConn:0.51
ConfConn:0.49333333333333335
Keys:0.49
Router:0.4666666666666667
Connector:0.45666666666666667
SimpleClient:0.38666666666666666
Acceptor:0.35
Message:0.33
ConnRqst:0.3233333333333333
SecurityFilter:0.31333333333333335
Elvin:0.3
SharedExecutor:0.29244444444444445
FrameCodec:0.29
Notify:0.2833333333333333
Federation:0.2733333333333333
Nack:0.2733333333333333
AvisMinaTransport:0.24333333333333335
LivenessFilter:0.24
TestingIoHandler:0.23333333333333334
ConnRply:0.22666666666666666
Disconn:0.22333333333333333
JUTestFederation:0.22333333333333333
XdrCoding:0.22
Net:0.21666666666666667
Link:0.21166666666666667
JUTestKeys:0.20666666666666667
JUTestXdrCoding:0.2
Fuzz:0.17666666666666667
SubRply:0.17333333333333334
NotifyDeliver:0.17333333333333334
SecRqst:0.16666666666666666
ClientFrameCodec:0.16333333333333333
SubDelRqst:0.16
FedConnRqst:0.16
SubAddRqst:0.16
FedConnRply:0.15333333333333332
JUTestRouter:0.14333333333333334
JUTestFederationManager:0.13666666666666666
RouterOptionSet:0.13416666666666666
AcceptorConnectorSetup:0.13333333333333333
FedSubReplace:0.13333333333333333
XidMessage:0.13333333333333333
SubModRqst:0.13
UNotify:0.12333333333333334
JUTestFederationIntegration:0.12
JUTestAstXdrCoding:0.11
FederationFrameCodec:0.11
XdrAstCoding:0.11
XdrAstParser:0.10666666666666667
JUTestRouterTLS:0.10333333333333333
JUTestFlooding:0.09833333333333333
WebManagementManager:0.09583333333333334
FedNotify:0.095
ConnectionOptionSet:0.08333333333333333
MemoryLeak:0.07333333333333333
JUTestWebManagement:0.06944444444444443
JUTestLivenessFilter:0.06666666666666667
JUTestRequestTrackingFilter:0.06666666666666667
WebManagementOptionSet:0.06666666666666667
JUTestFederationTLS:0.06333333333333334
QuenchPlaceHolder:0.058333333333333334
JUTestSessionClose:0.045
SyntheticMessage:0.023333333333333334
Main:0.02
