ParseTree:0.9366666666666666
XPathWildcardElement:0.04666666666666667
XPathTokenElement:0.043333333333333335
XPathRuleElement:0.043333333333333335
