PopupPropertyListener:0.68
ViewMenu:0.25
FileMenu:0.24666666666666667
SyntenyChoiceMenu:0.22666666666666666
TiersMenu:0.18
SyntenyLinkMenu:0.15333333333333332
ViewMenuListener:0.13666666666666666
