Field:0.6066666666666667
StatementAnalyzer:0.35
Visitor:0.3466666666666667
ColumnFileHandle:0.2633333333333333
