Frontier:0.62
StatisticsTracker:0.36333333333333334
ToePool:0.25666666666666665
SimpleHandler:0.175
CrawlStatusAdapter:0.09166666666666666
CrawlStatusListener:0.09166666666666666
