ClientService:0.39
AtomicNumberClientProxy:0.37
RequestBasedCall:0.29
AtomicOperationHandler:0.1502777777777778
MAtomic:0.14333333333333334
ClientOperationHandler:0.13666666666666666
