SimpleListCellRenderer:0.5833333333333334
UpdateDialog:0.2911111111111111
WidgetInternalFrameUI:0.18
