MetaModel:0.8
CustomersTest:0.4777777777777778
ModuleTestBase:0.3933333333333333
