FolderForm:0.45
MPPSModel:0.3933333333333333
MWLModel:0.25333333333333335
BasicFormModel:0.24333333333333335
MWLConsoleCtrl:0.19444444444444445
