DFAState:0.42
ErrorManager:0.37333333333333335
Resolver:0.19333333333333333
StackLimitedNFAToDFAConverter:0.1813888888888889
DOTGenerator:0.15
AmbiguityMessage:0.14333333333333334
InsufficientPredicatesMessage:0.09666666666666666
DFAMinimizer:0.09
