TreeLayerNamePanel:0.52
ColorThemingValue:0.34
Range:0.18333333333333332
LayerTreeModel:0.12666666666666668
NegativeInfinity:0.03
PositiveInfinity:0.03
