BindingUtil:0.42333333333333334
StatementGenerator:0.41
DefaultMethodsTest:0.30333333333333334
MethodReferenceTest:0.2866666666666667
Functionizer:0.25
LambdaExpressionTest:0.24666666666666667
TypeImplementationGenerator:0.21
TypeDeclarationGenerator:0.20333333333333334
TypeGenerator:0.18333333333333332
AbstractMethodRewriter:0.15
DefaultMethodShimGenerator:0.11666666666666667
