Condition:0.5719444444444445
MyCellRenderer:0.4844444444444444
