BigMap:0.54
BdbFrontier:0.4266666666666667
CachedBdbMap:0.31
BigMapFactory:0.28
BdbServerCache:0.22444444444444447
CachedBdbBigMap:0.1
