StandardVMRunner:0.8833333333333333
StandardVMDebugger:0.42333333333333334
