StreamPumper:0.7133333333333334
CVSElement:0.5533333333333333
