RecordStore:0.8166666666666667
DefaultRecordStore:0.37666666666666665
LoadAllOperation:0.25
MapKeyLoader:0.22333333333333333
ExceptionalMapStore:0.18
FailingMapLoader:0.16444444444444445
ClientMapLoaderExceptionHandlingTest:0.15666666666666668
MapLoaderTest:0.13666666666666666
