ObjectKeys:0.5910000000000001
FileModuleImpl:0.37666666666666665
AbstractFolderCoreProcessor:0.32
