FilterHelper:0.42
Toolbar:0.37666666666666665
FolderUtils:0.3433333333333333
ListFolderController:0.2966666666666667
SearchFilter:0.25333333333333335
TreeTag:0.21333333333333335
MarkupTag:0.19666666666666666
BinderModuleImpl:0.18666666666666668
WorkspaceTreeController:0.16333333333333333
ViewEntryController:0.13666666666666666
SearchController:0.12333333333333334
ViewPermalinkController:0.05333333333333334
ListProfilesController:0.02666666666666667
