AllTests:0.49
ServletPipelineRequestDispatcherTest:0.38666666666666666
GuiceFilter:0.36333333333333334
ServletModule:0.3466666666666667
ManagedFilterPipeline:0.19666666666666666
ManagedServletPipeline:0.16666666666666666
FiltersModuleBuilder:0.14333333333333334
ServletsModuleBuilder:0.14333333333333334
