Node:0.5366666666666666
MethodSummary:0.3566666666666667
ProgramLocation:0.34
UnknownTypeNode:0.325
FieldNode:0.2966666666666667
AndersenPointerAnalysis:0.21333333333333335
PointerExplorer:0.20666666666666667
SelectiveCloning:0.03
