StreamInput:0.4066666666666667
SimpleDateMappingTests:0.2733333333333333
MinDocCountTests:0.24333333333333335
StreamOutput:0.24333333333333335
BasicScriptBenchmark:0.24
DecayFunctionScoreTests:0.17333333333333334
IndexQueryParserFilterDateRangeTimezoneTests:0.14333333333333334
