AbstractHarvester:0.39
Search:0.2966666666666667
Z3950Config:0.29333333333333333
Harvester:0.21666666666666667
Z3950ConfigHarvester:0.13
Z3950ConfigResult:0.11333333333333333
Z3950ConfigParams:0.10666666666666667
