SearchFilter:0.6366666666666667
SearchFilterKeys:0.4032222222222222
SearchFilterToMapConverter:0.2866666666666667
SearchFilterToSearchBooleanConverter:0.24
SearchFilterRequestParser:0.21333333333333335
Period:0.13666666666666666
