SWDownloadFile:0.53
SwarmingManager:0.47333333333333333
PhexLogger:0.33666666666666667
StrUtil:0.2911111111111111
