RedissonLock:0.4066666666666667
RedissonList:0.38333333333333336
RedissonCountDownLatch:0.31333333333333335
RedissonBlockingQueue:0.24
RedissonAtomicLong:0.22
