WebResources:0.7482777777777778
HandlerData:0.5414444444444444
