DefaultInputHandler:0.2072051
AbstractInputHandler:0.18299866
KeyEventWorkaround:0.13716476
GrabKeyDialog:0.1236831
TextAreaInputHandler:0.108072184
InputHandler:0.07521649
DockableWindowManager:0.041726306
StandardUtilities:0.031194778
Debug:0.029354336
Log:0.015141557
OperatingSystem:0.014843988
MouseActions:0.014294663
