StringUtility:0.8666666666666667
StringUtilityTest:0.2633333333333333
