jEdit:0.6233333333333333
View:0.3466666666666667
GUIUtilities:0.325
DockableWindowManager:0.21333333333333335
PastePrevious:0.18666666666666668
FoldHandler:0.16055555555555553
