CrmfRequestTest:0.35
CrmfRATcpRequestTest:0.28
CAsTest:0.27166666666666667
RoleUsingTestCase:0.16666666666666666
CrmfRAPbeRequestTest:0.16
ProtocolLookupServerHttpTest:0.14416666666666667
CaTestCase:0.14416666666666667
CrmfRARequestCustomSerialNoTest:0.14333333333333334
CrmfRARequestTest:0.13
TestAuthenticationToken:0.05
