Texture:0.59
LwjglInput:0.3688888888888889
AndroidInput:0.3688888888888889
JoglInput:0.29
ManagedTest:0.17666666666666667
MeshTest:0.16333333333333333
TextInputListener:0.013333333333333334
