SetClientProxy:0.38
CollectionClientProxy:0.31666666666666665
CollectionService:0.3
ItemEventLRH:0.29333333333333333
ListClientProxy:0.25833333333333336
IdGeneratorClientProxy:0.25666666666666665
QueueClientProxy:0.19833333333333333
