MongoDbConnectionFactory:0.6833333333333333
AuditJdbcProperties:0.37
CasSupportJdbcAuditConfiguration:0.27666666666666667
MongoDbAuditTrailManager:0.24333333333333335
MongoDbAuditTrailManagerTests:0.12666666666666668
