Fiber:0.5833333333333334
Debug:0.44
ClassLoaderUtil:0.25333333333333335
ASMUtil:0.21333333333333335
InstrumentClass:0.18
StrandsBenchmark:0.13666666666666666
Classes:0.013333333333333334
