LockInfo:0.63
RecordStore:0.4525
MapMigrationOperation:0.35
DefaultRecordStore:0.3235555555555556
QueryEventFilter:0.23666666666666666
MapBackupTest:0.11
