ChronicleMap:0.6366666666666667
VanillaChronicleMap:0.38
StatelessChronicleMap:0.26
SingleCloseMap:0.25333333333333335
StatelessServerConnector:0.25333333333333335
CHMUseCasesTest:0.25
ReplicationCheckingMap:0.23333333333333334
