BreakpointActivityDataObject:0.3233333333333333
Saros:0.31333333333333335
XStreamPacketExtension:0.3061111111111111
ActivitySequencer:0.27
BreakpointActivity:0.24
BreakpointActivityDataObjectConverter:0.22333333333333333
XStreamExtensionProvider:0.18666666666666668
