BaseRemoveOperation:0.33
RemoveIfSameOperation:0.29944444444444446
TryRemoveOperation:0.27666666666666667
RemoveOperation:0.24666666666666667
DefaultRecordStore:0.06333333333333334
