Mvcs:0.8166666666666667
BaseTest:0.4533333333333333
WhaleFilter:0.22333333333333333
