DefaultBroadcaster:0.7166666666666667
UUIDBroadcasterCache:0.5533333333333333
UUIDBroadcasterCacheTest:0.19
