TestStatementSplitter:0.43
Statement:0.34
StatementSplitter:0.23333333333333334
Console:0.20277777777777778
ErrorHandlingLexer:0.10333333333333333
