Actor:0.6033333333333334
LDAPImporter:0.2966666666666667
UpdateExecutorDetailsForm:0.14333333333333334
UpdateExecutorDetailsAction:0.11333333333333333
CreateExecutorAction:0.1
