ConfiguredCommand:0.57
FileConfigurationSourceProvider:0.15666666666666668
ConfigurationSourceProvider:0.09666666666666666
UrlConfigurationSourceProvider:0.07333333333333333
