AttributeConverterTest:0.4
JavaConstantNode:0.38
JavaTypeDescriptorRegistry:0.23666666666666666
InstantConverter:0.20222222222222225
NotAutoAppliedConverter:0.19555555555555557
IntegerToVarcharConverter:0.19555555555555557
ConvertibleEnumConverter:0.19555555555555557
EntityWithConvertibleField:0.19
