Presentation:0.037788194
Slideshow:0.029427275
