GraphProperties:0.6283333333333333
ShapeJGraph:0.42
ShapeGenerator:0.34833333333333333
