Statistics:0.5566666666666666
MeasureTool:0.2633333333333333
MeasureToolBar:0.25333333333333335
Measure2DAnalyse:0.17333333333333334
MeasurementsAdapter:0.07333333333333333
TableNumberRenderer:0.03666666666666667
