FunctionHost1:0.591111111111111
ScriptUtils:0.38666666666666666
FunctionHostTest:0.3677777777777778
