Vacuumd:0.5033333333333333
AutomationProcessor:0.47
VacuumdTest:0.4266666666666667
AutomationInterval:0.07
