OutgoingBatchService:0.53
NodeServiceTest:0.36333333333333334
RoutingService:0.29333333333333333
RoutingServiceTest:0.17805555555555555
OutgoingBatchServiceTest:0.17
