AbstractARINCTextEditor:0.6561111111111111
StrikethroughAction:0.42
ARINC661:0.014071428571428572
