PathConstraint:0.5866666666666667
JavaSourceUtils:0.5433333333333333
PathConstraintHeuristic:0.4
