MapContextSource:0.5466666666666666
AbstractLegendRenderer:0.29333333333333333
Legend:0.25333333333333335
LegendAnchorRotated:0.15333333333333332
LegendAnchor:0.14333333333333334
