SingletonScope:0.5533333333333333
SessionScope:0.30666666666666664
RequestScope:0.20666666666666667
ThreadLocalScope:0.19666666666666666
