AbstractJavaMailCrawler:0.5644444444444445
ImapCrawler:0.4033333333333333
