BusinessEntityManagerImpl:0.5566666666666666
PersistenceService:0.5166666666666667
StartupBean:0.15
