AntBuilder:0.8355555555555555
AntBuilderTest:0.24666666666666667
