HibernateFlowExecutionListener:0.5941666666666666
JpaFlowExecutionListener:0.5483333333333333
HibernateFlowManagedPersistenceIntegrationTests:0.29333333333333333
JpaFlowManagedPersistenceIntegrationTests:0.19333333333333333
