GwtRpcService:0.4233333333333333
GroupMembershipPopup:0.39666666666666667
ShareThisDlg:0.38333333333333336
GwtTeamingMessages:0.32666666666666666
GwtRpcServiceAsync:0.31337301587301586
GwtRpcServiceImpl:0.20666666666666667
GwtServerHelper:0.19
GwtGroup:0.18333333333333332
FindCtrl:0.18333333333333332
GwtSearchCriteria:0.15333333333333332
RecipientNameWidget:0.043333333333333335
