MapTransactionTest:0.44333333333333336
MapStoreTest:0.4
ClientIssueTest:0.35
NoDuplicateMapStore:0.25133333333333335
DummyEntryListener:0.20666666666666667
SemaphoreTest:0.18333333333333332
DummyMembershipListener:0.16666666666666666
