ClientInvocationServiceImpl:0.27
MultiMapClientRequestTest:0.26
ClientMultiMapProxy:0.23
BasicOperationService:0.21666666666666667
ClientEngineImpl:0.21
GroupProperties:0.19666666666666666
BasicOperationScheduler:0.19333333333333333
NodeEngineImpl:0.17
InternalOperationService:0.1561111111111111
ClientHeartbeatMonitor:0.15333333333333332
MultiMapPortableHook:0.03666666666666667
