NodesInfoRequest:0.5866666666666667
PluginManagerTests:0.34222222222222226
NodesInfoRequestBuilder:0.28
TransportNodesInfoAction:0.21
SimpleNodesInfoTests:0.208
RestNodesInfoAction:0.12333333333333334
