UserDefinedStoreCrawlerHandler:0.56
CrawlerHandlerBase:0.39
TutorialCrawlerHandler:0.36333333333333334
PersistentStoreCrawlingExample:0.27666666666666667
