CoreDao:0.66
SimpleName:0.44333333333333336
Binder:0.4066666666666667
BinderModule:0.372
BinderModuleImpl:0.20666666666666667
CoreDaoImpl:0.20333333333333334
AbstractFolderModule:0.19333333333333333
BaseZoneModule:0.19
DefaultEmailPoster:0.19
EmailPoster:0.18666666666666668
MailModuleImpl:0.18666666666666668
SimpleNameUtil:0.15666666666666668
Handler:0.15333333333333332
ConfigureController:0.12333333333333334
WebKeys:0.12
SMTPManagerImpl:0.07666666666666666
SMTPManager:0.0
