CDKResource:0.5866666666666667
SpecMolResource:0.3566666666666667
bc_SpecMolPlugin:0.28
SpecMolPerspectiveOpenPreferencePage:0.24
SpecMolPerspective:0.20111111111111113
