CacheSimpleConfig:0.43333333333333335
CacheConfig:0.4266666666666667
InvalidConfigurationTest:0.31333333333333335
CacheConfigTest:0.22333333333333333
CacheSimpleConfigReadOnly:0.215
AbstractClientInternalCacheProxy:0.20666666666666667
CacheConfigReadOnly:0.20666666666666667
ClientNearCacheTestSupport:0.20333333333333334
ConfigXmlGenerator:0.20333333333333334
XmlConfigBuilder:0.19166666666666668
SpringXmlConfigBuilder:0.18666666666666668
TestJCache:0.12
