RepositorySession:0.5076666666666667
RepositoryUtil:0.43333333333333335
FileModuleImpl:0.38666666666666666
JCRDataSource:0.2794444444444445
FileRepositorySession:0.22333333333333333
WebdavRepositorySession:0.22
JCRRepositorySession:0.21333333333333335
