AtmosphereRequest:0.6666666666666666
ApplicationConfig:0.49333333333333335
AtmosphereResourceImpl:0.36
AsynchronousProcessor:0.21333333333333335
WeblogicWebSocketHandler:0.17
Jetty9WebSocketHandler:0.14
TomcatWebSocketUtil:0.12
AtmosphereInitializer:0.11333333333333333
JettyWebSocketUtil:0.11333333333333333
