KuwaibaService:0.45666666666666667
ObjectFactory:0.38333333333333336
SyncAction:0.37
CommunicationsStub:0.2
ExecuteSyncActions:0.18666666666666668
LocalSyncAction:0.03666666666666667
