ClientMapProxy:0.6177777777777778
ClientNearCacheTest:0.30333333333333334
