XmlConfigBuilder:0.6916666666666667
XMLConfigBuilderTest:0.4866666666666667
