PeerFilterProvider:0.6565555555555556
Wallet:0.45666666666666667
FilterMerger:0.2866666666666667
BitcoindComparisonTool:0.19444444444444445
