Editor:0.59
LTLBenchmarker:0.4866666666666667
SetMaterialisations:0.295
AbstrStateGenerator:0.2661111111111111
AliasMatchesIterator:0.24333333333333335
