SVN:0.5933333333333334
SVNLogXMLParser:0.49666666666666665
SVNTest:0.2833333333333333
