Vector2:0.62
Vector3:0.45
Rectangle:0.29333333333333333
Vector2Test:0.17666666666666667
RectangleTest:0.17666666666666667
Vector3Test:0.17666666666666667
