ClientConnectionOptions:0.6016666666666667
ClientConnectionOptionSet:0.47
JUTestClientConnectionOptions:0.38333333333333336
