QueryParamsMap:0.6
Request:0.5633333333333334
QueryParamsMapTest:0.36333333333333334
NullQueryParamsMap:0.0
