MapServiceContext:0.82
DefaultRecordStore:0.30333333333333334
PartitionContainer:0.26
MapMigrationAwareService:0.26
MapServiceContextImpl:0.23666666666666666
MapReplicationOperation:0.12333333333333334
MapReplicationStateHolder:0.12333333333333334
WriteBehindStateHolder:0.12333333333333334
