Workstation:0.5166666666666667
SystemBuilder:0.45666666666666667
WorkerCommand:0.3011111111111111
Restart:0.24016666666666667
ScriptTest:0.20333333333333334
