CertificateProfile:0.7766666666666666
GlobalConfiguration:0.2
EndUserCertificateProfile:0.13666666666666666
RootCACertificateProfile:0.13666666666666666
CACertificateProfile:0.13666666666666666
