StaxEventItemWriter:0.8316666666666667
StaxEventItemWriterTests:0.3466666666666667
