CA:0.48333333333333334
Partition:0.4533333333333333
Toolbox:0.45
Repartition:0.31333333333333335
CorporaView:0.2513888888888889
Diagnostic:0.21
ApplicationWorkbenchAdvisor:0.20666666666666667
Diagnostique:0.12
ComputeRepartition:0.12
ComputeCorrespondanceAnalysis:0.11333333333333333
Watcher:0.006666666666666667
TXMCqpServerWatcher:0.005
TXMRServeWatcher:0.0016666666666666668
ConnectToRserve:0.0
RserveWatcher:0.0
CqpServerWatcher:0.0
