Match:0.54
Hit:0.3333333333333333
Results:0.29
ActionSearch:0.2733333333333333
SearchView:0.22
Matcher:0.18
ResultWidget:0.17666666666666667
SimpleMatcher:0.14
RegExMatcher:0.12
