WebClient:0.6633333333333333
TopLevelWindow:0.5866666666666667
HtmlPage:0.45
WebWindowListener:0.43122222222222223
WebClientTest:0.32
WebWindowAdapter:0.18066666666666667
TopLevelWindowTest:0.0725
