ShadowLayoutInflaterTest:0.44666666666666666
ResBundleTest:0.2866666666666667
ShadowAssetManagerTest:0.28
ResMap:0.24333333333333335
ResBundle:0.2342539682539683
ConfigurationV25:0.20933333333333332
Bootstrap:0.19027777777777777
ResourceLoaderTest:0.07666666666666666
BootstrapTest:0.06
