SimpleJCublas:0.6066666666666667
JCublasNDArrayFactory:0.35
JCublasWrapper:0.3488888888888889
