StyleVisitor:0.235
Style:0.22166666666666668
Stroke:0.22166666666666668
Graphic:0.22166666666666668
FeatureTypeStyle:0.22166666666666668
Rule:0.22166666666666668
Font:0.16166666666666665
Symbolizer:0.16166666666666665
ExternalMark:0.16166666666666665
Fill:0.11
GraphicStroke:0.11
ContrastEnhancement:0.11
Description:0.04
SelectedChannelType:0.04
ShadedRelief:0.04
Displacement:0.04
AnchorPoint:0.04
ChannelSelection:0.04
Halo:0.04
ColorMap:0.0
ColorReplacement:0.0
GraphicSymbol:0.0
OnlineResource:0.0
LabelPlacement:0.0
GraphicFill:0.0
LegendGraphic:0.0
