AbstractTestQueries:0.6127777777777778
Rewriter:0.35333333333333333
Visitor:0.25777777777777783
TestDateTimeFunctions:0.25
FunctionAssertions:0.22055555555555556
DesugaringOptimizer:0.15666666666666668
PlanOptimizersFactory:0.12666666666666668
DesugaringRewriter:0.115
