PersistencyHandler:0.5516666666666666
JAMController:0.5133333333333333
AdminController:0.3466666666666667
