DomElement:0.6033333333333334
HTMLElement:0.35833333333333334
XmlUtil:0.31
Attr:0.26666666666666666
XmlPage:0.23
HTMLCollection:0.22666666666666666
XMLElement:0.21333333333333335
XMLDocument:0.20666666666666667
XPathNSResolver:0.11
HtmlUnitPrefixResolver:0.05333333333333334
