MPPSScp:0.6066666666666667
StoreScp:0.48333333333333334
MPPSScpService:0.41
MPPSScuService:0.2733333333333333
