SingleStructureRandomGenerator:0.45666666666666667
SingleStructureRandomGeneratorTest:0.44333333333333336
SaturationChecker:0.2733333333333333
TestViewer:0.0675
MoreAction:0.04583333333333333
