Recorder:0.47333333333333333
EventRecorder:0.36
JListTester:0.3
JTextComponentTester:0.2833333333333333
JInternalFrameRecorderTest:0.2733333333333333
ComponentPropertyModel:0.26416666666666666
FrameTester:0.21666666666666667
RecorderTestSuite:0.17666666666666667
WindowTester:0.16
JInternalFrameRecorder:0.06333333333333334
ComponentPropertyModelTest:0.0275
