EditorManager:0.5333333333333333
ContributionAnnotationTest:0.38333333333333336
ContributionHelper:0.3416666666666667
DocumentListener:0.14
