SearchHits2:0.29
Search:0.28
SearchGenes:0.26
SearchTerms:0.21333333333333335
SearchAllObjects:0.19
SearchPubSource:0.17666666666666667
SearchPhenotype:0.17666666666666667
SearchArticles:0.17
