DocumentAllArray:0.6016666666666667
HttpWebConnection:0.3566666666666667
DocumentTest:0.25133333333333335
