Vector3:0.5822222222222222
AnimatedTiledMapTile:0.47333333333333333
BaseTmxMapLoader:0.3283333333333333
