AnnotationEditor:0.8066666666666666
AnnotationMenu:0.31666666666666665
