WFSPanel:0.75
WFSDialog:0.21333333333333335
WFSFrame:0.21
Version:0.20444444444444446
