Manager:0.6066666666666667
Socket:0.5
HasBinaryData:0.23444444444444448
ConnectionTest:0.23
