SqlStageExecution:0.6333333333333333
SqlQueryExecution:0.41333333333333333
SqlStageManager:0.19666666666666666
StageManager:0.17333333333333334
