JCPMultiPageEditor:0.6766666666666666
JCPEditor:0.6477777777777778
