CSW202ServiceImpl:0.5733333333333334
CSW202Constants:0.4700555555555556
GetCapabilitiesValidationTest:0.27666666666666667
GetCapabilitiesValidation:0.20666666666666667
CSW202ServiceImplTest:0.17666666666666667
