VariableDefinition:0.5933333333333334
VariableUserType:0.47333333333333333
ProcessDefinition:0.36333333333333334
FormSubmissionUtils:0.21
