Http2Settings:0.6966666666666667
TestUtils:0.4533333333333333
Http2SettingsConverter:0.3144444444444444
Http2SettingsTest:0.20333333333333334
