ChronicleMapBuilder:0.62
EntryCountMapTest:0.2966666666666667
CHMUseCasesTest:0.27
DataValueBytesMarshallers:0.26666666666666666
