AppResource:0.611111111111111
ReverseProxyPage:0.31666666666666665
NetworkInformationPage:0.29333333333333333
LucenePage:0.2886666666666666
ConfigSummaryPage:0.25666666666666665
ExportConfigurationPage:0.22366666666666665
ConfigImportExportServlet:0.22
MainUILayoutPanel:0.19666666666666666
