StemmerTokenFilterFactory:0.6158730158730159
ExtendedProcessor:0.3233333333333333
LowerCaseTokenFilterFactory:0.2733333333333333
