WADOCache:0.6061666666666666
WADOCacheImpl:0.5833333333333334
WADOService:0.21
RIDService:0.21
WADOCacheImplSun:0.04666666666666667
