TestRelationships:0.56
TestManagementNotifications:0.4533333333333333
FedoraMethod:0.3566666666666667
