Elements:0.6133333333333333
Parser:0.37
ParserTest:0.3233333333333333
ParseTest:0.18916666666666668
TokenQueue:0.15
