Submit:0.45666666666666667
RemoteUICallBean:0.4220674603174603
SubmitAjaxTest:0.33666666666666667
SubmitTag:0.27666666666666667
AbstractRemoteCallUITag:0.24
AbstractRemoteCallUIBean:0.20333333333333334
DivTest:0.09888888888888889
AnchorTest:0.05
