PersistenceContext:0.8566666666666667
StatefulPersistenceContext:0.45666666666666667
EntityEntry:0.4533333333333333
