SynsetIterator:0.6733333333333333
IndexFileWordNetImpl:0.6533333333333333
