Setting:0.4666666666666667
StatsTables:0.35
StringSetting:0.2966666666666667
ByteSizeSetting:0.2
TimeSetting:0.18666666666666668
StatsTablesTest:0.16666666666666666
FloatSetting:0.16333333333333333
DoubleSetting:0.16333333333333333
NodeSettingListener:0.16333333333333333
BoolSetting:0.12
IntSetting:0.09
NestedSetting:0.07333333333333333
