MethodSecurityInterceptorTests:0.3233333333333333
AuditLoggerTests:0.29333333333333333
LdapUtilsTests:0.27666666666666667
MethodInvocationPrivilegeEvaluatorTests:0.25333333333333335
AclImplTests:0.23833333333333334
DigestAuthenticationFilterTests:0.23666666666666666
TokenBasedRememberMeServicesTests:0.23333333333333334
LdapAuthenticationProviderTests:0.2
MethodSecurityExpressionRootTests:0.18
FilterSecurityInterceptorTests:0.17333333333333334
UserDetailsServiceWrapperTests:0.16666666666666666
AuthorizeTagExpressionLanguageTests:0.16166666666666665
SecurityContextPersistenceFilterTests:0.16
AccessControlImplEntryTests:0.13666666666666666
PasswordComparisonAuthenticatorMockTests:0.03
SecurityContextHolderAwareRequestFilterTests:0.0033333333333333335
