CertTools:0.62
StringTools:0.4766666666666667
X509CA:0.3333333333333333
TestStringTools:0.15666666666666668
