SqlStageExecution:0.5488888888888889
NodeSelector:0.33666666666666667
TestSqlStageExecution:0.3333333333333333
NodeScheduler:0.21333333333333335
MockRemoteTaskFactory:0.17777777777777778
