MetaCADEvaluatorEngine:0.5938888888888889
LatheObj:0.59
ObjFactory:0.1508730158730159
