EditText:0.7966666666666666
FeaturesActivity:0.12666666666666668
DemosActivity:0.12666666666666668
WidgetsActivity:0.08666666666666667
