ActionFigure:0.3566666666666667
TransitionFigure:0.3466666666666667
DesignerGraphicalEditorPart:0.2866666666666667
DesignerEditor:0.22522222222222227
TimerStateFigure:0.22
TransitionConnectionEndpointsEditPolicy:0.20277777777777778
TransitionGraphicalEditPart:0.17333333333333334
TimerDuration:0.14444444444444446
TimerAction:0.13333333333333333
ActionsContainer:0.08
