MaxSizeConfig:0.33
AbstractCacheRecordStore:0.32
CacheInfo:0.2966666666666667
XmlConfigBuilder:0.29
AbstractCacheService:0.24333333333333335
ICacheService:0.23666666666666666
CacheRecordStore:0.18
MapConfigAdapter:0.17
