LocalQueryRunner:0.5533333333333333
QueryExplainer:0.4083333333333333
AbstractTestQueryFramework:0.3566666666666667
SqlQueryExecutionFactory:0.16
