Gate:0.7133333333333334
AnnotationEditor:0.31666666666666665
DelayedListener:0.254
