NutLoading:0.7669444444444444
ComboIocLoader:0.6687777777777778
