WikiPreparedStatement:0.5858333333333333
SetupServlet:0.4066666666666667
OracleQueryHandler:0.28
