Repository:0.5827777777777778
JDBCHistoryCache:0.45666666666666667
FileHistoryCache:0.3333333333333333
HistoryGuru:0.29333333333333333
