CrawlURI:0.6966666666666667
Postselector:0.31666666666666665
CoreAttributeConstants:0.014071428571428572
