ShadowLooper:0.7466666666666667
ShadowHandler:0.48
ShadowHandlerTest:0.31
ShadowMessageTest:0.19
AdapterViewBehavior:0.16666666666666666
ShadowMessengerTest:0.14
ShadowSslErrorHandlerTest:0.11333333333333333
