HtmlSelect:0.41555555555555557
Select:0.35
HtmlFormTest:0.26
SelectTest:0.16666666666666666
HtmlOptionTest:0.03333333333333333
