Shark:0.7633333333333333
CliMode:0.44333333333333336
