Constraint:0.75
BoundaryConstraintTest:0.18333333333333332
CompositeConstraintTest:0.18333333333333332
PositiveConstraintTest:0.18333333333333332
NoConstraintTest:0.18
NoConstraint:0.1388888888888889
