SchemaInfo:0.5242619047619047
DocIndexMetaData:0.4533333333333333
ReferenceInfos:0.24333333333333335
SysSchemaInfo:0.20333333333333334
DocSchemaInfo:0.19333333333333333
DistributedMergeTask:0.19
ReferenceInfosITest:0.16666666666666666
