CodeGenerator:0.5233333333333333
DataServlet:0.42888888888888893
