RemoteJPF:0.5033333333333333
JPF_gov_nasa_jpf_complexcoverage_Debug:0.4666666666666667
StartJPFManager:0.24666666666666667
TestFile:0.14
