IStructuredbInstanceManager:0.71
IStructuredbManager:0.47476190476190483
StructuredbInstanceManager:0.4666666666666667
StructuredbManagerTest:0.3333333333333333
StructuredbManager:0.2966666666666667
