AbstractProcessingFilter:0.6544444444444445
SecurityEnforcementFilter:0.42333333333333334
AuthenticationProcessingFilter:0.3875
