PacketEncoder:0.4266666666666667
EncoderHandler:0.35
JacksonJsonSupport:0.3233333333333333
JsonSupportWrapper:0.21333333333333335
ByteArraySerializer:0.13666666666666666
JsonSupport:0.09916666666666667
ExBeanSerializerModifier:0.013333333333333334
