ActionConfig:0.6
ActionRequest:0.5233333333333333
ActionMethodParser:0.41333333333333333
ArgsAction:0.29
ActionRequestRecursionTest:0.22333333333333333
ServletDispatcherResultTest:0.17
ArgsTest:0.056666666666666664
Data2:0.0
