XMLConfigBuilder:0.5783333333333334
SqlSessionFactoryBuilder:0.30333333333333334
BaseBuilder:0.2866666666666667
