MonitorWindow:0.44333333333333336
SoundWindow:0.17333333333333334
SearchWindow:0.16333333333333333
TableTab:0.16
TimeWindow:0.14333333333333334
