JTBQueuesContentViewPart:0.6333333333333333
QueueBrowseHandler:0.18333333333333332
MessageSendHandler:0.18333333333333332
QueueEmptyHandler:0.18333333333333332
