CasCommandLineParser:0.73
CommandLineOptions:0.41031746031746036
OpenSamlConfigBean:0.2966666666666667
CasCommandLineEngine:0.17
