ComplexNDArray:0.88
FFT:0.43333333333333335
FFTTest:0.21666666666666667
