EnsJAdapter:0.45
DataTypeButton:0.45
SyntenyAdapter:0.3733333333333333
DataSourceConfigurationPanel:0.3566666666666667
AnnotationEnsJAdapter:0.34
FlyNameAdapter:0.33
GenbankValidator:0.30833333333333335
CompositeDataSourceConfigurationPanel:0.2866666666666667
BaseGFFAdapter:0.2833333333333333
SampleAdapterGUI:0.2733333333333333
EfetchSequenceAdapter:0.2733333333333333
AnnotationEnsJAdapterGUI:0.2633333333333333
FeatureSetBuilder:0.25666666666666665
GbrowseAdapterGUI:0.25
GenbankAdapter:0.24611111111111114
ChromosomeAdapter:0.24444444444444446
EnsJAdapterGUI:0.24333333333333335
SyntenyLinkPanel:0.2402777777777778
SampleAdapter:0.24
CompositeApolloFrame:0.20333333333333334
SyntenyMenu:0.16
SyntenyMenuActionListener:0.09333333333333334
