NodeDaoJdbc:0.4266666666666667
FindByVarCharAssetColumnAndCategoryList:0.20666666666666667
NodeDao:0.205
FindByVarCharAssetColumn:0.19044444444444444
NodeDaoHibernate:0.18
