StringUtils:0.4583333333333333
AnnotationBean:0.4533333333333333
GeneBean:0.3233333333333333
