AbstractTokenLister:0.37666666666666665
Geonetwork:0.36333333333333334
OaiPmhDispatcher:0.33666666666666667
ListRecords:0.29
ListIdentifiers:0.23666666666666666
