Document:0.6933333333333334
Formatter:0.39666666666666667
XSLFOFormatter:0.30666666666666664
PDFFormatter:0.16
HTMLFormatter:0.13666666666666666
FormatterTest:0.08
