NodeJSONWrapper:0.36666666666666664
SitemapNodeJSONWrapper:0.19
ViewJSONWrapper:0.15333333333333332
BundleJSONWrapper:0.07
ContentJSONWrapper:0.056666666666666664
AbstractBasicEntityJSONWrapper:0.05333333333333334
AbstractNamableEntityJSONWrapper:0.05
