LSYParser:0.5666666666666667
LSYTokenizer:0.42
LSYTokenTypes:0.014071428571428572
