Kernel32Util:0.5133333333333333
Advapi32Util:0.36666666666666664
Kernel32UtilTest:0.3333333333333333
Advapi32Test:0.24333333333333335
Crypt32Test:0.1622222222222222
Crypt32Util:0.15333333333333332
VersionTest:0.11
