Lucene:0.61
MetadataSnapshot:0.5433333333333333
CommitPoint:0.38166666666666665
RestoreContext:0.21333333333333335
LuceneTest:0.05
