ActionSearch:0.7952777777777779
Renderer:0.5467777777777778
