ScaleClass:0.64
GraphManager:0.49666666666666665
RGG:0.37666666666666665
XLParser:0.32666666666666666
XLTokenizer:0.27777777777777773
View3D:0.24111111111111114
View:0.20666666666666667
ScaleVisibilityPanel:0.18
JavaTokenizer:0.12666666666666668
