RegistryDirectoryTest:0.54
RegistryDirectory:0.5155555555555555
RpcConstants:0.39533333333333337
