IChemModelRelay:0.6877777777777778
IUndoRedoFactory:0.393531746031746
