SecureSession:0.5533333333333333
GroupedChoices:0.32666666666666666
SSOLoginContext:0.32
WebLoginContext:0.27
