DBCollection:0.7133333333333334
BSONDecoder:0.5466666666666666
BSONTest:0.25
MongoOptions:0.22333333333333333
ByteTest:0.2225
DBPort:0.21
DBRefTest:0.19444444444444445
DBTest:0.17333333333333337
Response:0.16333333333333333
