ApprovalDataVOView:0.44333333333333336
ApproveActionManagedBean:0.44
ApprovalSessionBean:0.37666666666666665
ApproveActionRequestBean:0.16333333333333333
