MetaDataServlet:0.49666666666666665
ResourceBundleMap:0.30666666666666664
FilterUtil:0.30333333333333334
StringTemplateFilter:0.2966666666666667
FilterUtilTest:0.19666666666666666
AutoStringTemplateGroup:0.18
P3PHeaderFilter:0.14666666666666667
JSONServletResponseItem:0.14
