MethodCallAction:0.7327777777777779
QuorumFilter:0.5357380952380953
