CDKManager:0.6666666666666666
ICDKManager:0.44333333333333336
CDKManagerTest:0.32
