AbstractServerStreamTest:0.35
NettyServerHandler:0.30666666666666664
TransportTracer:0.25333333333333335
AbstractServerStream:0.24444444444444446
TransportState:0.17333333333333334
AbstractTransportTest:0.15666666666666668
