JCPPage:0.5333333333333333
DrawingPanel:0.41333333333333333
JCPControlListener:0.39666666666666667
