Alignment:0.5597222222222222
FixedLengthLineAggregatorTests:0.5491666666666667
FixedLengthLineAggregator:0.3333333333333333
