MetadataManager:0.3433333333333333
MockImportClientFactor:0.25666666666666665
ImportClientFactory:0.2434285714285714
HiveImportClientFactory:0.23
ImportMetadata:0.22666666666666666
ImportClientManager:0.09666666666666666
