AttributeNodeImpl:0.5333333333333333
SubgraphImpl:0.4166666666666667
AbstractGraphNode:0.31
EntityGraphImpl:0.2966666666666667
