BoundedLocalCache:0.6797222222222223
LocalCacheSelectorCode:0.5426666666666666
