AEModel:0.79
AEDelegate:0.3416666666666667
AENewCtrl:0.19666666666666666
