ChadoXmlAdapter:0.5966666666666667
ChadoXmlWrite:0.5636111111111112
