Thrower:0.39666666666666667
ThrowingFields:0.3433333333333333
RandomExceptionCircuitBreakerTests:0.22722222222222224
