HeaderImportCollector:0.3933333333333333
ObjectiveCSourceFileGenerator:0.30666666666666664
TranslationUtil:0.26666666666666666
TypeImplementationGenerator:0.25
ObjectiveCImplementationGenerator:0.2306666666666667
TranslationProcessor:0.22333333333333333
TypeDeclarationGenerator:0.22333333333333333
BodyDeclaration:0.15666666666666668
