MailNotifier:0.5683333333333334
ClientApplicationEvent:0.47333333333333333
MailNotifierTest:0.43333333333333335
AbstractNotifierTest:0.3233333333333333
