HtmlTextArea:0.5991666666666666
HtmlElementTest:0.5266666666666666
HtmlTextInput:0.525
