RedisConnection:0.6266666666666667
RedisPubSubConnection:0.45
ClientConnectionsEntry:0.3433333333333333
ConnectionWatchdog:0.2966666666666667
