AtomTypeFactory:0.45666666666666667
AtomTypeConfigurator:0.34199999999999997
SaturationChecker:0.27
ValencyChecker:0.23666666666666666
AtomTypeFactoryTest:0.22666666666666666
BasicValidator:0.21333333333333335
FileConvertor:0.20666666666666667
AbstractRenderer2D:0.2
NumericalSurface:0.19666666666666666
ProteinPocketFinder:0.19
AtomHybridizationVSEPRDescriptor:0.15833333333333333
ValencyHybridChecker:0.14
Mol2Reader:0.13666666666666666
RebondToolTest:0.135
AtomTypeHandlerTest:0.13
InductiveAtomicSoftnessDescriptor:0.12333333333333334
InductiveAtomicHardnessDescriptor:0.12333333333333334
VdWRadiusDescriptor:0.12333333333333334
AtomTypeReaderTest:0.11333333333333333
AtomTypeHandler:0.11333333333333333
InductivePartialCharges:0.10333333333333333
CDKBasedAtomTypeConfiguratorTest:0.08666666666666667
TXTBasedAtomTypeConfiguratorTest:0.08666666666666667
MMFF94AtomTypeMatcher:0.08
MM2AtomTypeMatcher:0.08
ConvertToRadicalAction:0.08
HybridizationStateATMatcher:0.08
CDKBasedAtomTypeConfigurator:0.07666666666666666
AtomTypeReader:0.07333333333333333
TXTBasedAtomTypeConfigurator:0.05
HybridizationMatcher:0.04666666666666667
