DuplicateKey:0.5366666666666666
DBCollection:0.4066666666666667
WriteConcernException:0.4033333333333333
DBCollectionTest:0.3333333333333333
CreateIndexOperation:0.20583333333333337
ProtocolHelper:0.18333333333333332
BaseWriteOperation:0.16333333333333333
DuplicateKeyException:0.03
