Structure:0.4166666666666667
TlbFunction:0.229
TlbPropertyPut:0.229
TlbPropertyGet:0.18566666666666667
TlbPropertyPutStub:0.1811111111111111
TlbFunctionStub:0.1811111111111111
TlbPropertyGetStub:0.16777777777777778
FUNCDESC:0.013333333333333334
