ConstructorInsn:0.5833333333333334
IntegrationTest:0.5066666666666667
ModVisitor:0.34
