User:0.6866666666666666
ResourceUtil:0.5866666666666667
SelfResource:0.36666666666666664
MiscResource:0.29
