Definitions:0.43333333333333335
IndexDatabase:0.3933333333333333
DefinitionsTest:0.22666666666666666
JFlexXref:0.2086111111111111
JFlexXrefTest:0.20583333333333334
LineTagMap:0.013055555555555556
