SideKickTree:0.5933333333333334
MouseHandler:0.5133333333333333
