FileAppenderFactory:0.46
LoggingFactoryTest:0.35333333333333333
SyslogAppenderFactory:0.2866666666666667
AbstractAppenderFactory:0.27666666666666667
ConsoleAppenderFactory:0.27
