InstallerDb:0.5
Installer:0.44333333333333336
OutageModel:0.27666666666666667
JRobinRrdStrategy:0.21666666666666667
ApplicationController:0.19333333333333333
ConfigFileConstants:0.155
NotificationModel:0.14
NotificationFeed:0.12333333333333334
