AbstractOsgiBundleApplicationContext:0.6111111111111112
DictionaryEditorTest:0.30333333333333334
