OgnlUtil:0.5766666666666667
DefaultConfiguration:0.28
XWorkConstants:0.2720555555555556
XWorkConfigurationProvider:0.17666666666666667
BeanSelectionProvider:0.16
StrutsConstants:0.014285714285714285
