Main:0.52
DefaultPollerBackEnd:0.5166666666666667
MonitoringLocationListCellRenderer:0.20333333333333334
