MediaDriver:0.62
SystemTestHelper:0.57
SubUnicastTest:0.19666666666666666
SubMulticastTest:0.19666666666666666
PubMulticastTest:0.19666666666666666
PubUnicastTest:0.19666666666666666
PubAndSubTest:0.19
EventReader:0.18
