GuiUtils:0.6216666666666667
JPPFSplash:0.33666666666666667
UILauncher:0.26
