NettyAsyncHttpProvider:0.52
AsyncHttpProviderUtils:0.32666666666666666
RequestImpl:0.31666666666666665
NettyWebSocket:0.20444444444444446
WebSocketProtocol:0.18666666666666668
