Model:0.5366666666666666
TimelineView:0.27
Renderer:0.26
ContentRenderer:0.13333333333333333
Content:0.1016111111111111
ActionCmPerYear:0.056666666666666664
ActionPixelsPerEvent:0.056666666666666664
