TouchEvent:0.7930555555555554
AndroidInput:0.5633333333333334
AndroidMultiTouchHandler:0.3566666666666667
AndroidInputThreePlus:0.20333333333333334
