CML2Test:0.37
AtomContainerManipulator:0.30666666666666664
AtomContainerManipulatorTest:0.2966666666666667
CMLRoundTripTest:0.25333333333333335
Mol2Reader:0.24333333333333335
MakeJavafilesFiles:0.22466666666666663
StructureResonanceGeneratorTest:0.20333333333333334
AbstractAtomTypeTest:0.2
MolecularFormulaManipulatorTest:0.15
MolecularFormulaManipulator:0.14666666666666667
Mol2ReaderTest:0.10666666666666667
