jOOQAbstractTest:0.5066666666666667
PredicateTests:0.48333333333333334
Factory:0.4188888888888889
