NodePanel:0.33
JPPFScreenSaver:0.3233333333333333
LogoDisplayTask:0.24
NodeThread:0.19666666666666666
NodeState:0.14333333333333334
NodeEvent:0.13166666666666665
Log4jInitializer:0.09333333333333334
LogoUpdateTask:0.06166666666666667
