Extruder:0.6
Printer:0.5666666666666667
GenericExtruder:0.35
LinePrinter:0.26666666666666666
NullExtruder:0.2633333333333333
XYZTabPanel:0.25
GCodeWriter:0.23666666666666666
Reprap:0.20166666666666666
GenericExtruderTabPanel:0.17666666666666667
LayerProducer:0.16333333333333333
NullCartesianMachine:0.1525
