Element:0.5
StringUtil:0.3333333333333333
TextNode:0.29
StringUtilTest:0.13666666666666666
