MergeStats:0.5066666666666667
ElasticsearchIntegrationTest:0.49666666666666665
ConcurrentMergeSchedulerProvider:0.37666666666666665
MockAppender:0.27
TrackingConcurrentMergeScheduler:0.24666666666666667
IndicesStore:0.24111111111111108
SimpleDistributorTests:0.19666666666666666
AbstractIndexStore:0.19
AbstractDistributor:0.13333333333333333
IndexDynamicSettingsModule:0.09666666666666666
ApplySettings:0.08333333333333333
StoreUtils:0.03666666666666667
UpdateSettingsTests:0.02
Fields:0.0
