NetworkModule:0.58
Builder:0.4033333333333333
Node:0.39
IndicesRequestTests:0.35
TestPlugin:0.18666666666666668
ESBackcompatTestCase:0.17333333333333334
NettyTransportMultiPortIntegrationIT:0.13
NettyTransportIT:0.1
ModuleTestCase:0.07666666666666666
NettyTransportPublishAddressIT:0.07333333333333333
DeleteByQueryPlugin:0.04666666666666667
TestResponseHeaderPlugin:0.016666666666666666
