TransformTestCase:0.5433333333333333
TransformCaseTest:0.32666666666666666
AffineTransformTest:0.3
TestCase:0.1941111111111111
AuthorityFactoryTest:0.18666666666666668
