Receiver:0.8583333333333333
Aeron:0.4766666666666667
