RBatch:0.63
CommandBatchService:0.5166666666666667
RedissonBatch:0.4666666666666667
