VtorTests:0.45
ManualTest:0.37666666666666665
AnnotationTest:0.3566666666666667
