ExtensionTest:0.43666666666666665
JFXMapHorzWithChildrenTest:0.23333333333333334
JFXMapVertWithChildrenTest:0.23333333333333334
ExtensionClient6Test:0.20666666666666667
XMLTypeTest:0.185
JFXMapItemBindingTest:0.175
ServerCockpit_5Test:0.13333333333333333
ScriptEditorTestLogger:0.09916666666666667
