IndexAliasesTests:0.665
IndicesAliasesRequest:0.6433333333333333
RestIndicesAliasesAction:0.25
MetaDataIndexAliasesService:0.16666666666666666
