ZenDiscovery:0.65
DiscoveryWithServiceDisruptionsTests:0.4
ZenDiscoveryUnitTest:0.2833333333333333
PublishClusterStateRequestHandler:0.16
ZenDiscoveryTests:0.06333333333333334
