Reprap:0.6833333333333333
Main:0.5566666666666666
