SessionFactoryImpl:0.8666666666666667
StatisticsService:0.4533333333333333
