AtomHybridizationVSEPRDescriptorTest:0.6066666666666667
AtomHybridizationVSEPRDescriptor:0.4583333333333333
