FigureTester:0.43333333333333335
FigureFormatter:0.4266666666666667
GEFWorkbenchUtilities:0.23333333333333334
EditPartHierarchyImpl:0.14666666666666667
EditPartFormatter:0.04666666666666667
FigureHierarchyPrinter:0.02
EditPartHierarchy:0.0011111111111111111
