ComponentRecorder:0.5033333333333333
EventRecorderTest:0.29
ComponentTesterTest:0.2733333333333333
ComponentRecorderTest:0.27
AbstractSemanticRecorderTest:0.2633333333333333
JTabbedPaneRecorderTest:0.17333333333333334
JComboBoxRecorderTest:0.16666666666666666
JTabbedPaneTesterTest:0.15333333333333332
JListTesterTest:0.15333333333333332
JTableTesterTest:0.15333333333333332
AbstractButtonTesterTest:0.13666666666666666
JTabbedPaneTester:0.07
ComponentReferenceTest:0.043333333333333335
RecorderTestSuite:0.04
TesterTestSuite:0.04
StepTest:0.02666666666666667
JTabbedPaneRecorder:0.023333333333333334
