JdbcJobDao:0.5333333333333333
ScheduledJobIdentifier:0.43333333333333335
AbstractJobDaoTests:0.24
JdbcJobDaoTests:0.04
