StepHandlerStep:0.41800000000000004
SimpleStepFactoryBean:0.29
StepHandlerStepTests:0.22
ChunkMessageItemWriterIntegrationTests:0.20333333333333334
StatefulRetryStepFactoryBeanTests:0.19666666666666666
SkipLimitStepFactoryBean:0.19333333333333333
SimpleStepFactoryBeanTests:0.17666666666666667
ChunkMessageChannelItemWriter:0.145
StepHandlerStepIntegrationTests:0.13666666666666666
ItemOrientedStepHandler:0.12333333333333334
StepExecutorInterruptionTests:0.12
RepeatOperationsStepFactoryBeanTests:0.11
SimpleStepHandler:0.08666666666666667
StatefulRetryStepHandler:0.08444444444444445
ItemOrientedStepHandlerTests:0.08
RepeatOperationsStepFactoryBean:0.03666666666666667
