BinderHelper:0.5766666666666667
WebKeys:0.5496507936507937
MiscUtil:0.41
MobileAjaxController:0.31666666666666665
