Freelancer:0.5366666666666666
PersistenceService:0.4792063492063492
Bo:0.34
FreelancerContact:0.27
FreelancerController:0.25333333333333335
PersistenceServiceImpl:0.24333333333333335
SchemaGen:0.18
JobInfo:0.13666666666666666
User:0.13333333333333333
FreelancerHistory:0.0
FreelancerContactFax:0.0
FreelancerContactEmail:0.0
FreelancerContactPhone:0.0
FreelancerContactWeb:0.0
