MailToPublicLinkInfo:0.5
MailToMultiplePublicLinksSelectDlg:0.41333333333333333
GwtTeamingMessages:0.31666666666666665
GwtViewHelper:0.27666666666666667
FolderEntrySharing:0.25333333333333335
GwtShareHelper:0.20666666666666667
BinderViewsHelper:0.16
