ValueAttribute:0.8233333333333334
ValueType:0.41
AccessorAttributesCollector:0.26666666666666666
FactoryMethodAttributesCollector:0.16666666666666666
ValueTypeComposer:0.15666666666666668
