ElementMatchers:0.5366666666666666
MethodList:0.47
FieldList:0.47
TypeList:0.45666666666666667
ParameterList:0.2727777777777778
ForLoadedType:0.24611111111111114
ArrayProjection:0.23666666666666666
Explicit:0.22666666666666666
ForGenericArray:0.20333333333333334
ForPackageDescription:0.19
Empty:0.18333333333333332
OfLegacyVmConstructor:0.18166666666666667
OfLegacyVmMethod:0.18166666666666667
AbstractBase:0.06666666666666667
TypeDependant:0.05
