PropertyPathToken:0.5766666666666667
ArrayPathToken:0.4
PredicatePathToken:0.3333333333333333
PropertyPathTokenPredicate:0.31666666666666665
