List:0.4126666666666667
Stream:0.3566666666666667
HashSet:0.3433333333333333
IndexedSeq:0.33
Vector:0.3
LinkedHashSet:0.2866666666666667
TreeSet:0.25666666666666665
CharSeq:0.21
Queue:0.2
Array:0.19733333333333333
AbstractSeqTest:0.16
Traversables:0.14333333333333334
