QueueContainer:0.58
ObjectQueueProxy:0.25666666666666665
QueueStoreWrapper:0.24666666666666667
MigrationInfo:0.23111111111111116
OfferOperation:0.20666666666666667
PartitionStateGeneratorImpl:0.2
QueueOperation:0.19666666666666666
ClearOperation:0.19666666666666666
PollOperation:0.19
AddAllOperation:0.17666666666666667
PeekOperation:0.16666666666666666
DrainOperation:0.15333333333333332
CompareCollectionOperation:0.14
KeyDataPair:0.0
