PlanFragment:0.5133333333333333
SubPlanBuilder:0.3566666666666667
SqlStageExecution:0.3116111111111111
Visitor:0.30666666666666664
DistributedLogicalPlanner:0.024444444444444442
