LoggingTool:0.8003333333333333
CDKTestCase:0.31666666666666665
