DefaultPageCreator:0.68
WebResponse:0.37333333333333335
DefaultPageCreatorTest:0.28
XmlPageTest:0.18666666666666668
