Value:0.8633333333333333
TypeImpl:0.21366666666666664
TypeCastingException:0.20666666666666667
