EditorPrint:0.42267857142857146
PrintDialog:0.38498412698412704
TodoEditor:0.36666666666666664
NotepadEditor:0.36666666666666664
ImageEditor:0.3333333333333333
TextEditor:0.25
EditorSearch:0.013333333333333334
