Action:0.6827777777777778
Console:0.55
ActionHelper:0.19
AudioUtil:0.14666666666666667
