Daos:0.73
JdbcExpert:0.6719999999999999
SimpleDaoTest:0.31666666666666665
