PropertyAge:0.6966666666666667
ReportGedcomStatistics:0.4033333333333333
