SingleChannelAsyncMongoConnection:0.38333333333333336
MongoClientOptions:0.31
SingleChannelSyncMongoConnection:0.31
MongoRequestMessage:0.2966666666666667
PooledByteBufferOutputBuffer:0.22
MongoClientOptionsTest:0.21666666666666667
Builder:0.19
AsyncDetector:0.18666666666666668
PowerOfTwoByteBufferPool:0.17533333333333334
MongoConnectionsImpl:0.11333333333333333
ChannelAwareOutputBuffer:0.04
