NameTable:0.7133333333333334
BindingUtil:0.6966666666666667
DestructorGenerator:0.35333333333333333
OperatorRewriter:0.24333333333333335
