Toolbox:0.7133333333333334
ExecuteScriptImport:0.45
CwbEncode:0.33166666666666667
ImportSelectedText:0.18
