DefaultGenerator:0.5633333333333334
DefaultGeneratorStrategy:0.37666666666666665
GeneratorStrategy:0.35
