CAInterfaceBean:0.6116666666666667
UpgradeSessionBean:0.44666666666666666
CACertReqServlet:0.20666666666666667
CACertServlet:0.2
