RecordImpl:0.49
AbstractRecord:0.43
UDTRecordImpl:0.27805555555555556
JavaGenerator:0.26666666666666666
TableRecordImpl:0.2630555555555556
UpdatableRecordImpl:0.195
