MwCounter:0.5466666666666666
SafeSwCounter:0.4033333333333333
SwCounterTest:0.3566666666666667
UnsafeSwCounter:0.2866666666666667
