Action:0.5333333333333333
MAction:0.53
MText:0.4066666666666667
MUndoManager:0.29
EditorQuickFind:0.17333333333333334
SDK:0.16666666666666666
NewFileAction:0.13666666666666666
QuickSaveAction:0.11333333333333333
QuickPasteAction:0.11333333333333333
StaticRedoAction:0.11333333333333333
CloseAllAction:0.11333333333333333
StaticUndoAction:0.11333333333333333
TabsMenuAction:0.11333333333333333
ZoomOutAction:0.09333333333333334
ZoomInAction:0.09333333333333334
DeleteAction:0.07333333333333333
