MultiLayerNetwork:0.54
Builder:0.39
LayerUpdater:0.31666666666666665
Model:0.2733333333333333
NeuralNetConfiguration:0.25666666666666665
LayerBuildTest:0.24666666666666667
PlayUIServer:0.18333333333333332
ModelConfiguration:0.15333333333333332
MultiLayerUpdater:0.12
