TypeJsonUtils:0.37666666666666665
DecimalCasts:0.3433333333333333
JsonFunctions:0.31
SqlDecimal:0.23
FunctionRegistry:0.20666666666666667
RowToJsonCast:0.15666666666666668
ArrayToJsonCast:0.14666666666666667
MapToJsonCast:0.14666666666666667
TestJsonOperators:0.05
