HopParser:0.39666666666666667
HopSymbolTableWalker:0.25
DFA4:0.205
DFA43:0.1811111111111111
DFA42:0.15444444444444444
DFA54:0.14444444444444443
DFA70:0.14444444444444443
DFA37:0.14444444444444443
method_declaration_scope:0.02666666666666667
