Empty:0.43
Array:0.33
Node:0.32666666666666666
AbstractNode:0.2833333333333333
List:0.2833333333333333
RightProjection:0.28
LeftProjection:0.28
Collections:0.25333333333333335
Queue:0.23333333333333334
Traversable:0.22333333333333333
LinkedHashSet:0.20666666666666667
Stream:0.20416666666666666
EmptyNode:0.20222222222222222
HashMap:0.19666666666666666
Vector:0.19333333333333333
HashSet:0.19333333333333333
Cons:0.17666666666666667
LeafSingleton:0.16
LeafList:0.16
ArrayNode:0.14333333333333334
HashArrayMappedTrieTest:0.13
IndexedNode:0.09333333333333334
