AuthenticationProcessingFilterEntryPointTests:0.37
RetryWithHttpEntryPointTests:0.3516666666666667
RetryWithHttpsEntryPointTests:0.3516666666666667
BasePasswordEncoderTests:0.21666666666666667
