FolderModule:0.75
NetFolder:0.49
NetFolderServer:0.34
BaseFolderModule:0.32
AdminResourceUtil:0.28
AdminNetFolderServerResource:0.24666666666666667
SelfResource:0.19333333333333333
AbstractAdminResource:0.18
