MextraTests:0.5066666666666667
MpdbTests:0.47
MioTests:0.26666666666666666
