PUTFIELD:0.5033333333333333
PUTSTATIC:0.48138888888888887
