ApertureTestBase:0.43
FileSystemCrawler:0.38
FilesystemCrawlerActivator:0.20527777777777778
CrawlerBase:0.19333333333333333
CrawlReportBase:0.18
CrawlerServiceActivator:0.10416666666666667
DefaultCrawlerRegistry:0.09333333333333334
FileSystemCrawlerFactory:0.04777777777777777
CrawlerRegistryImpl:0.03333333333333333
TestFileSystemCrawler:0.023333333333333334
TestDefaultCrawlerRegistry:0.0
DefaultCrawlerServiceActivator:0.0
