ObjectQueueProxy:0.43
QueueBinaryClientTest:0.2733333333333333
AddListenerRequest:0.25666666666666665
IteratorRequest:0.23
DrainRequest:0.21666666666666667
QueuePortableHook:0.15
SpiPortableHook:0.14333333333333334
