MFNode:0.34
SFNode:0.33666666666666667
MFFloat:0.24333333333333335
MFVec3f:0.24333333333333335
MFVec3d:0.24333333333333335
MFInt32:0.24333333333333335
MFDouble:0.24333333333333335
MFColor:0.24333333333333335
MFTime:0.24333333333333335
MFString:0.24333333333333335
MFVec2f:0.24333333333333335
MFVec2d:0.24333333333333335
MFRotation:0.24333333333333335
MFBool:0.24333333333333335
SFVec3d:0.20333333333333334
SFVec3f:0.20333333333333334
SFImage:0.20333333333333334
ConstMFRotation:0.20333333333333334
SFColor:0.20333333333333334
ConstMFColor:0.20333333333333334
ConstMFVec2d:0.20333333333333334
ConstMFVec2f:0.20333333333333334
SFVec2d:0.20333333333333334
ConstMFVec3f:0.20333333333333334
ConstMFVec3d:0.20333333333333334
SFVec2f:0.20333333333333334
SFRotation:0.12666666666666668
ConstMFFloat:0.12666666666666668
SFInt32:0.12666666666666668
ConstMFDouble:0.12666666666666668
ConstMFString:0.12666666666666668
ConstMFInt32:0.12666666666666668
SFBool:0.12666666666666668
ConstSFVec2d:0.12666666666666668
ConstSFVec2f:0.12666666666666668
ConstSFColor:0.12666666666666668
ConstMFBool:0.12666666666666668
SFDouble:0.12666666666666668
SFTime:0.12666666666666668
ConstSFImage:0.12666666666666668
SFFloat:0.12666666666666668
ConstSFVec3d:0.12666666666666668
ConstSFVec3f:0.12666666666666668
ConstMFTime:0.12666666666666668
SFString:0.12666666666666668
ConstMFNode:0.10333333333333333
ConstSFNode:0.05
ConstSFFloat:0.03666666666666667
ConstSFInt32:0.03666666666666667
ConstSFDouble:0.03666666666666667
ConstSFRotation:0.03666666666666667
ConstSFString:0.03666666666666667
ConstSFBool:0.03666666666666667
ConstSFTime:0.03666666666666667
