Property:0.6533333333333333
PropertyName:0.2288888888888889
PropertyXRef:0.2288888888888889
PropertyDate:0.22666666666666666
PropertyFile:0.22222222222222224
PropertyAge:0.20666666666666667
PropertySex:0.19666666666666666
PropertyBlob:0.19333333333333333
