BeanOverridingTests:0.3433333333333333
GetBeansOfTypeTests:0.15
ConfigurationSupportTests:0.14333333333333334
AutoBeanTests:0.13666666666666666
BeansAndPostprocessorTests:0.13
Sjc70Tests:0.12333333333333334
