ComponentAttributeSourceImpl:0.5566666666666666
JandexHelper:0.43
EmbeddableBindingTest:0.36666666666666664
EmbeddableClass:0.22666666666666666
MainEntity:0.043055555555555555
EmbeddableEntity:0.0
