TodayTableController:0.8632539682539683
TodayDialog:0.6166666666666667
TodayImpl:0.3333333333333333
