InternalDateHistogram:0.43666666666666665
InternalHistogram:0.4266666666666667
Bucket:0.30333333333333334
Factory:0.15333333333333332
HistogramParser:0.15
DateHistogramParser:0.14333333333333334
TransportAggregationModule:0.13333333333333333
