MultiPageWizardExampleTest:0.725
JavaProjectTester:0.5276666666666667
DriveHTMLWizard:0.2966666666666667
