ClassMatcher:0.5433333333333333
GaMethodMatcher:0.3
AsmCommand:0.18333333333333332
OptionsCommand:0.13
GaNetCat:0.09
