Model:0.5566666666666666
TreeView:0.5566666666666666
Overview:0.32611111111111113
ActionBookmark:0.31666666666666665
Content:0.30333333333333334
Bookmark:0.24333333333333335
ContentRenderer:0.2377777777777778
ActionChooseRoot:0.2
Output:0.18
ActionRoot:0.16333333333333333
Dispatcher:0.16333333333333333
ActionFamsAndSpouses:0.16333333333333333
ActionFoldSymbols:0.16333333333333333
ActionOrientation:0.16333333333333333
XRefBean:0.14
AbstractChange:0.12666666666666668
ActionOverview:0.12
TreeViewPrinter:0.10666666666666667
Jump:0.08666666666666667
TreeViewFactory:0.016666666666666666
