ResponseCacheTest:0.49
OkUrlFactory:0.37333333333333335
JavaApiConverter:0.35
Entry:0.2527777777777778
OkUrlFactoryTest:0.19
