CruiseControlConfig:0.5766666666666667
PluginRegistry:0.5566666666666666
CruiseControlConfigPreConfTest:0.19666666666666666
Foo:0.09666666666666666
