DroolsCorrelationEngine:0.43
DroolsEngineFactoryBean:0.38666666666666666
DroolsCorrelationEngineTest:0.3333333333333333
RuleSetConfiguration:0.18333333333333332
