Selector:0.4766666666666667
TokenQueue:0.39222222222222225
SelectorTest:0.31
