PrimaryKeyPolicyPattern:0.8066666666666666
ConnectionTest:0.4633333333333333
DatabaseUtils:0.3633333333333334
