CSSStyleDeclaration:0.4766666666666667
WebClient:0.33
Location:0.32066666666666666
StyleElement:0.28638888888888886
FormField:0.26
ScriptResult:0.234
