ReportEntry:0.4266666666666667
Series2000Test:0.30333333333333334
SwingPanelBuilder:0.2966666666666667
SwingFrame:0.28
AffineTransformTest:0.25333333333333335
AuthorityFactoryTest:0.25
TestCase:0.20777777777777778
SwingResultTableModel:0.20172222222222222
PJObject:0.19666666666666666
Runner:0.18222222222222223
ParameterizedTransformTest:0.10333333333333333
