OAuth20AuthorizeEndpointController:0.4266666666666667
CasOAuthConfiguration:0.4266666666666667
OAuth20AccessTokenEndpointController:0.27
OidcAuthorizeEndpointController:0.21
OAuth20AccessTokenResponseGenerator:0.192
OAuth20UserProfileControllerController:0.16333333333333333
OAuthClientAuthenticator:0.14533333333333331
OAuthUserAuthenticator:0.14533333333333331
OidcProfileScopeToAttributesFilter:0.14333333333333334
OidcConsentApprovalViewResolver:0.14333333333333334
CasOAuthAuthenticationServiceSelectionStrategyConfiguration:0.07333333333333333
