GraphData:0.54
Jnet:0.4033333333333333
MouseManager:0.3566666666666667
