Config:0.73
MapConfig:0.5533333333333333
ClusterTest:0.2966666666666667
RequestExecutor:0.21666666666666667
