Fun:0.4066666666666667
Fun2:0.3272804232804233
ArrayRewriter:0.32666666666666666
ClassInstanceCreation:0.2866666666666667
MethodReference:0.28
MethodInvocation:0.27666666666666667
Rewriter:0.26
ExpressionMethodReferenceTest:0.26
GenerationTest:0.24333333333333335
SuperMethodInvocation:0.23666666666666666
StatementGenerator:0.22333333333333333
TreeUtil:0.21333333333333335
DebugASTPrinter:0.20444444444444446
Autoboxer:0.19833333333333333
CreationReference:0.18166666666666667
ExpressionMethodReference:0.18
GeneratedMethodBinding:0.18
TypeMethodReference:0.18
SuperMethodReference:0.18
MethodReferenceTest:0.14333333333333334
