ChangeListener:0.5866666666666667
CachingLogic:0.5466666666666666
ExecutorCache:0.3933333333333333
ExecutorDAOHibernateImpl:0.36666666666666664
WFRunaHibernateInterceptor:0.33666666666666667
HibernateSessionFactory:0.31
RunaHibernateIntercepter:0.2966666666666667
WFDbPersistenceServiceFactory:0.12333333333333334
ProcessDefCache:0.12
InitializerLogic:0.10666666666666667
ProcessTaskAssignmentAction:0.09333333333333334
TaskCache:0.06861111111111111
SubstitutionCache:0.017777777777777778
