ConnectionPool:0.54
MasterSlaveConnectionManager:0.36666666666666664
MasterSlaveEntry:0.2966666666666667
SingleEntry:0.28
LoadBalancerManagerImpl:0.25833333333333336
ClusterConnectionManager:0.16666666666666666
SingleConnectionManager:0.12666666666666668
