OptionGroup:0.18496491
PluginOptions:0.15532674
GlobalOptions:0.074294455
OptionPane:0.07099216
EditPlugin:0.050922107
jEdit:0.04881111
GUIUtilities:0.047018435
Log:0.023265889
BeanShell:0.022982066
OperatingSystem:0.010820416
EnhancedDialog:0.010545082
