ChadoInstance:0.76
JdbcChadoAdapter:0.47333333333333333
XmlConfigFileParser:0.34
AbstractChadoInstance:0.27666666666666667
TigrSybilChadoInstance:0.25666666666666665
FlybaseChadoInstance:0.23
RiceChadoInstance:0.19
