Map:0.45666666666666667
HashMap:0.3055
TreeMap:0.3055
LinkedHashMap:0.237484126984127
AbstractMapTest:0.23333333333333334
SortedMap:0.22303968253968254
