RemindingNotifier:0.6333333333333333
RemindingNotifierTest:0.27666666666666667
NotifierConfig:0.27
FluxNotifier:0.02
