Context:0.33666666666666667
BlobContainerWrapper:0.32666666666666666
GoogleCloudStorageBlobContainer:0.32
BlobContainer:0.25
AbstractBlobContainer:0.22361111111111115
