DelayedClientTransport:0.52
TransportSet:0.2833333333333333
TransportListener:0.2544444444444445
DelayedClientTransportTest:0.16
TransportSetTest:0.15333333333333332
