winOutputTopComponent:0.5366666666666666
CommandLineDescriptor:0.27666666666666667
CommandLineOutput:0.25333333333333335
CommandLineRootNode:0.12666666666666668
CommandLineImpl:0.095
