PlannerTest:0.46
DropTableTask:0.3566666666666667
Planner:0.34
PlanVisitor:0.31333333333333335
TaskCollectingVisitor:0.23333333333333334
PlanNodeVisitor:0.21194444444444446
NodeVisitor:0.21194444444444446
