BuildInfo:0.6376666666666667
MasterBuild:0.41333333333333333
