FunctionAssertions:0.7
FunctionRegistry:0.5597222222222222
TypeJsonUtils:0.19333333333333333
TestArrayOperators:0.18333333333333332
