Database:0.7933333333333333
TableManager:0.6866666666666666
