StrandedZoomableApolloPanel:0.5066666666666667
FeatureView:0.3333333333333333
IOUtil:0.25
GenomicRange:0.24333333333333335
GeneFinderParser:0.23666666666666666
GenscanParser:0.23333333333333334
FgeneshParser:0.07333333333333333
