FolderForm:0.5133333333333333
QueryStudiesCmd:0.35333333333333333
StudyFilterModel:0.25
