Constants:0.6317222222222223
SearchFilter:0.43666666666666665
GwtServerHelper:0.31333333333333335
GwtViewHelper:0.2866666666666667
ProfileIndexUtils:0.24333333333333335
