ARINCCockpitItemList:0.34
ARINCCockpitClientWidgetFactory:0.32666666666666666
DisplayZone:0.3233333333333333
BasicCockpitItemContainerRenderer:0.30666666666666664
FreeCockpitConfigurationHandler:0.2866666666666667
ARINCCockpitItemFactory:0.27666666666666667
BaseCockpitItemRenderer:0.2657777777777777
BufferOfCockpitCommandsConverter:0.26416666666666666
CockpitItemsPanel:0.2633333333333333
SaveXMLActionCockpit:0.25666666666666665
FreeWidgetsRefHandler:0.25
WindowingPluginTest:0.23833333333333334
ClientCockpitWidgetsRefHandler:0.23
AbstractCockpitItem:0.22050000000000003
FreeWindowManager:0.22
PropertiesHandlerClientWndTest:0.21944444444444447
CockpitItemPanelFactory:0.21333333333333335
CockpitItemDefaults:0.2
ServerFreeCockpitRuntimeNotifTest:0.19666666666666666
BufferOfCockpitCommandsConverterTest:0.19
CockpitItemsDefaultValues:0.18699999999999997
CockpitPanel:0.18
