Assert:0.4033333333333333
DefaultComponentFinder:0.38666666666666666
AssertTest:0.27666666666666667
ColorConverter:0.22666666666666666
ExtendedComparator:0.16666666666666666
