BoundedLocalCache:0.7333333333333333
IsCacheReserializable:0.22916666666666666
LocalCacheFactoryGenerator:0.22444444444444447
LocalCacheGenerator:0.2127777777777778
CacheSelectorCode:0.20333333333333334
BoundedLocalManualCache:0.20111111111111113
BoundedLocalAsyncLoadingCache:0.1527777777777778
EntryIterator:0.11333333333333333
BoundedPolicy:0.09333333333333334
