PersistentClassAuditingData:0.6533333333333333
AnnotationsMetadataReader:0.38666666666666666
