MongoCollection:0.85
MongoCollectionImpl:0.4066666666666667
AddIndexAcceptanceTest:0.31333333333333335
