ResourceUtil:0.49333333333333335
ProfileModuleImpl:0.4066666666666667
UserProperties:0.38333333333333336
MobileAppConfig:0.24
SelfResource:0.23333333333333334
MiscResource:0.13333333333333333
