DatePicker:0.68
DatePickerLayout:0.31
TimePickerLayout:0.27666666666666667
DatePickerDialog:0.1992063492063492
PositionScroller:0.15666666666666668
