AbstractBinderProcessor:0.44333333333333336
GwtDeleteHelper:0.33666666666666667
AbstractFolderCoreProcessor:0.28
GwtViewHelper:0.24333333333333335
