SpdyConnection:0.5266666666666666
IoUtils:0.23833333333333334
Ping:0.23166666666666666
SpdyWriter:0.21
Reader:0.1638888888888889
SpdyReader:0.14666666666666667
SpdyConnectionTest:0.14666666666666667
