GCLNewParser:0.45666666666666667
GCLNewChecker:0.41
CtrlCall:0.4066666666666667
GCLNewLexer:0.33
MyTree:0.32666666666666666
CtrlAut:0.24666666666666667
DFA6:0.24333333333333335
DFA5:0.24333333333333335
DFA4:0.24333333333333335
NamespaceNew:0.24333333333333335
CtrlState:0.2402222222222222
SymbolTable:0.24
CtrlFactory:0.23666666666666666
GCLHelper:0.22333333333333333
cond_return:0.20666666666666667
rule_return:0.20666666666666667
expr2_return:0.20666666666666667
call_return:0.20666666666666667
functions_return:0.20666666666666667
rule_name_return:0.20666666666666667
arg_list_return:0.20666666666666667
expr_return:0.20666666666666667
cond_atom_return:0.20666666666666667
var_type_return:0.20666666666666667
expr_atom_return:0.20666666666666667
DFA1:0.20244444444444445
DFA12:0.20027777777777778
DFA7:0.18
DFA2:0.18
CtrlLabel:0.18
CtrlType:0.15666666666666668
function_return:0.14
stat_return:0.14
block_return:0.14
arg_return:0.14
program_return:0.14
var_decl_return:0.14
GenericScope:0.13666666666666666
type_return:0.11086616161616165
literal_return:0.11086616161616165
CtrlTransition:0.08333333333333333
GenericSymbolTable:0.03333333333333333
MyTreeAdaptor:0.03
NewSymbolTable:0.0
