Binder:0.6066666666666667
Visitor:0.39411111111111113
CommandReplayer:0.33
AllTests:0.30666666666666664
CommandProcessor:0.2563888888888889
AbstractModule:0.24666666666666667
InjectorBuilder:0.23666666666666666
RecordingBinder:0.22333333333333333
FailingVisitor:0.17666666666666667
