IAsset:0.78
Asset:0.59
SideKickActions:0.23333333333333334
CustomTree:0.17666666666666667
SideKickParsedData:0.17666666666666667
Renderer:0.11
MouseHandler:0.1
KeyHandler:0.09
