NettyAsyncHttpProvider:0.6055555555555556
BasicHttpsTest:0.4
AsyncCompletionHandler:0.3
ResponseBuilder:0.19333333333333333
