RoleManagementSessionBean:0.6083333333333333
UpgradeSessionBean:0.5633333333333334
RoleManagementSessionLocal:0.19
UpgradeFailedException:0.16333333333333333
