Caffeine:0.5833333333333334
CacheGenerator:0.47333333333333333
LocalLoadingCache:0.3466666666666667
CacheProvider:0.24
