VertxHttp2ClientHandler:0.4166666666666667
Pool:0.38
ClientConnection:0.29
Http2ClientTest:0.27166666666666667
HttpConnection:0.27
HttpClientConnection:0.24522222222222226
Http2Pool:0.15
