Bot:0.9333333333333333
Tree:0.7366666666666667
Shell:0.7233333333333334
View:0.72
Menu:0.6633333333333333
TreeImp:0.38
SarosCImp:0.32666666666666666
ViewImp:0.30666666666666664
LabelImp:0.26166666666666666
CommonWidgetsWrapper:0.26
FileMImp:0.25333333333333335
PEViewImp:0.23333333333333334
WindowMImp:0.23
SessionViewImp:0.22666666666666666
TeamCImp:0.22
RosterViewImp:0.22
RefactorMImp:0.21666666666666667
EditorImp:0.21333333333333335
SarosPreferencesImp:0.21
TestBasicWidgetTree:0.20333333333333334
ConsoleViewImp:0.19444444444444445
EditMImp:0.19
STF:0.18333333333333332
EclipseComponentImp:0.18333333333333332
OpenCImp:0.17666666666666667
ShellImp:0.17666666666666667
RSViewImp:0.17666666666666667
Tester:0.16666666666666666
MenuImp:0.13666666666666666
STFController:0.13
SarosComponentImp:0.10333333333333333
BotImp:0.08333333333333333
