Battalion:0.33666666666666667
Scenario5:0.30333333333333334
Scenario4:0.25
Reinforcements:0.24
GamesMasterLocal:0.23333333333333334
ScenarioRoot:0.21
ScenarioAlpha:0.19605555555555554
GamesMasterRemote:0.1877222222222222
