DefaultResultSet:0.48
DSLContext:0.37666666666666665
DefaultConnection:0.35800000000000004
DefaultCallableStatement:0.31333333333333335
DefaultDSLContext:0.25333333333333335
DefaultPreparedStatement:0.20666666666666667
DefaultStatement:0.18333333333333332
