ITestPerson:0.5066666666666667
ObjectDirectoryMapperImpl:0.33666666666666667
LdapDaoITest:0.33
ITestRole:0.29
GenericsTest:0.09666666666666666
LdapTypeConverter:0.06821428571428571
ConfigEnvHelper:0.013333333333333334
