WebTestCase:0.5322222222222223
CodeStyleTest:0.4766666666666667
HtmlAppletTest:0.17333333333333334
