Corpus:0.5533333333333333
Match:0.4033333333333333
QueryResult:0.35
NetCqiClient:0.26666666666666666
MainCorpus:0.24
Subcorpus:0.21666666666666667
MemCqiClient:0.2111111111111111
Mesures:0.20976190476190476
Magnitude:0.12
Proportion:0.06333333333333334
PresenceRate:0.056666666666666664
Diversity:0.02833333333333334
