Library:0.5383333333333333
JConsole:0.46166666666666667
SystemInfoDialog:0.4066666666666667
