HttpClientRequest:0.39965079365079365
HttpClientRequestImpl:0.37666666666666665
Http2ServerTest:0.37666666666666665
HttpClientRequestPushPromise:0.27
HttpServerResponse:0.26916666666666667
CaseInsensitiveHeaders:0.24805555555555553
Http2ServerResponseImpl:0.22
HttpServerResponseImpl:0.2
