IntervalExampleActivity:0.533611111111111
LastOperatorExampleActivity:0.42333333333333334
ReplaySubjectExampleActivity:0.13777777777777778
