DataStructures:0.5733333333333334
BinarySearchTree:0.52
TreePrinter:0.17777777777777778
HeapPrinter:0.14666666666666667
TreapPrinter:0.14333333333333334
