DataModelManagerTopComponent:0.45
CreateSpecialBusinessObjectAction:0.42333333333333334
SpecialObjectNode:0.3433333333333333
CreateSpecialBusinessObjectFromTemplateAction:0.25666666666666665
CreateMultipleSpecialBusinessObjectAction:0.17666666666666667
