CommunicationsStub:0.5355555555555556
EdgeMenu:0.37666666666666665
Constants:0.36083333333333334
ConnectLinksAction:0.2633333333333333
ObjectNode:0.26
ViewScene:0.24
ConnectLinksFrame:0.23
ConnectionMenu:0.19
ExplorablePanel:0.02666666666666667
