Statistic:0.5166666666666667
DataLoaderService:0.38666666666666666
StatisticManager:0.3433333333333333
IncomingManagementService:0.19333333333333333
