MapJobConfigurationRegistry:0.5433333333333333
MapJobConfigurationRegistryTests:0.3383333333333333
