ElementMatchers:0.5233333333333333
AnnotationList:0.4683333333333333
AnnotationMatcher:0.32666666666666666
SubTypeMatcher:0.24
Explicit:0.20333333333333334
EqualityMatcher:0.18333333333333332
ForLoadedAnnotation:0.11777777777777776
Empty:0.08888888888888889
