JXLayer:0.77
AbstractLayerUI:0.36666666666666664
EditorLayerWrapper:0.36333333333333334
MouseEventUI:0.31
ListenerImpl:0.17833333333333334
