TdsData:0.6433333333333333
DatabaseTestCase:0.37666666666666665
Tds8Test:0.36
ResultSetTest:0.31666666666666665
