RedisCommands:0.7164444444444444
RedisClient:0.3433333333333333
RedisConnection:0.2555555555555556
RedisDecoder:0.17666666666666667
