MainPage:0.5466666666666666
SpecificitiesTableEditor:0.5133333333333333
SpecificitesTableLabelProvider:0.4777777777777778
