ClientQueueProxy:0.3466666666666667
QueuePortableHook:0.285
QueueProxyImpl:0.2733333333333333
QueueProxySupport:0.24333333333333335
AddListenerRequest:0.18666666666666668
IteratorRequest:0.15333333333333332
ClearRequest:0.15333333333333332
RemainingCapacityRequest:0.15333333333333332
RemoveListenerRequest:0.15333333333333332
RemoveRequest:0.14
AddAllRequest:0.14
PeekRequest:0.13333333333333333
SizeRequest:0.13333333333333333
DrainRequest:0.13
CompareAndRemoveRequest:0.13
PollRequest:0.12666666666666668
ContainsRequest:0.12666666666666668
OfferRequest:0.12666666666666668
QueueDataSerializerHook:0.06666666666666667
