AspectClass:0.46
ConfigurationClassTests:0.4220674603174603
ConfigurationModel:0.313
AspectJConfigurationProcessorTests:0.25333333333333335
ConfigWithAspects:0.24
ConfigurationModelTests:0.11666666666666667
AspectClassTests:0.10333333333333333
ValidAspectAnnotation:0.013055555555555556
