Page:0.7553333333333333
SavedRow:0.3333333333333333
GenericPartitioningSpiller:0.27666666666666667
