FedoraServerTestSetup:0.5133333333333333
TestIngestDemoObjects:0.35
TestAPIALite:0.29333333333333333
FedoraServerTestCase:0.16
TestAPIA:0.15333333333333332
SuiteFoo:0.13666666666666666
TestAPIMLite:0.07333333333333333
TestCommandLineUtilities:0.03333333333333333
