Visitor:0.39
InterpretedProjectionFunction:0.25666666666666665
TestInterpretedProjectionFunction:0.22666666666666666
SymbolToInputRewriter:0.22333333333333333
InterpretedFilterFunction:0.18333333333333332
TestInterpretedFilterFunction:0.15333333333333332
LocalExecutionPlanner:0.09666666666666666
ProjectionFunctions:0.08
