FolderEntryBrief:0.51
AbstractResource:0.4033333333333333
FolderEntryResource:0.3
ShareResource:0.28
SelfResource:0.22333333333333333
FolderEntryBriefBuilder:0.20277777777777775
