Request:0.5033333333333333
Response:0.4533333333333333
Sender:0.2966666666666667
Http:0.25333333333333335
HttpTest:0.10333333333333333
