SIPEntry:0.5033333333333333
SIPCreator:0.45
EventHandler:0.41333333333333333
ConversionRulesTask:0.29333333333333333
FileSelectTask:0.20666666666666667
LoadConversionRulesAction:0.14333333333333334
CheckRenderer:0.14333333333333334
LoadConversionRulesWebAction:0.14333333333333334
SaveSIPAction:0.11583333333333333
LoadSIPAction:0.07083333333333333
