Editor:0.56
Context:0.41
EditView:0.3933333333333333
Workbench:0.32
PopupWidget:0.28
TreeView:0.2733333333333333
ActionSave:0.27133333333333337
Undo:0.25
Redo:0.25
SearchView:0.22333333333333333
EntityView:0.21
ViewDockable:0.2
TableView:0.19
NavigatorView:0.19
TimelineView:0.18
Mode:0.17333333333333334
AdvancedEditor:0.16333333333333333
ReportView:0.1311111111111111
SafeHandler:0.11333333333333333
BasicEditor:0.11
Callback:0.10333333333333333
ViewFactory:0.07
ReportViewFactory:0.016666666666666666
TimelineViewFactory:0.016666666666666666
TreeViewFactory:0.016666666666666666
TableViewFactory:0.016666666666666666
EntityViewFactory:0.016666666666666666
SearchViewFactory:0.016666666666666666
EditViewFactory:0.016666666666666666
NavigatorViewFactory:0.016666666666666666
