ServiceData:0.6033333333333334
RegisteredServiceEditBean:0.44666666666666666
RegisteredServiceSimpleFormControllerTests:0.39
RegisteredServiceFactory:0.3453333333333334
DefaultRegisteredServiceFactory:0.3333333333333333
FormData:0.15333333333333332
RegisteredServiceSimpleFormController:0.11666666666666667
