GraphEditorTab:0.4666666666666667
EditorTab:0.43333333333333335
AspectJGraph:0.42333333333333334
AspectJModel:0.30666666666666664
JGraphPanel:0.30666666666666664
GraphJGraph:0.27
Simulator:0.26555555555555554
TextTab:0.23333333333333334
LTSDisplay:0.22333333333333333
DisplaysPanel:0.21
GraphTab:0.20333333333333334
Imager:0.19666666666666666
StateTab:0.19666666666666666
ResourceDisplay:0.19333333333333333
SnapToGridAction:0.11783333333333333
SyntaxCellRenderer:0.08666666666666667
DeleteAction:0.05
MyGraphPanel:0.02
ToolbarAction:0.0033333333333333335
TransferAction:0.0
