JsEnvironment:0.6366666666666667
JsThread:0.23666666666666666
