ValueAttribute:0.5866666666666667
Immutables:0.5433333333333334
StyleInfo:0.36633333333333334
ValueType:0.36
Proto:0.2811111111111111
ValueAttributeFunctions:0.23
UniqueOnNestedBuilder:0.17333333333333334
Scheme:0.0
