RequestLogFactory:0.5733333333333334
RequestLogFactoryTest:0.36666666666666664
