WithCustomProperties:0.2633333333333333
ForInstance:0.24666666666666667
FieldGetter:0.23
FieldSetter:0.23
AccessorMethod:0.23
Factory:0.22333333333333333
CacheValueField:0.22
SuffixingRandom:0.21333333333333335
Prefixing:0.19666666666666666
PrefixingRandom:0.18333333333333332
MethodCallProxy:0.17333333333333334
UsingInstrumentation:0.16916666666666666
ForValue:0.15666666666666668
Suffixing:0.1505
InvocationHandlerAdapter:0.11666666666666667
