ParserConfig:0.6266666666666667
MiscCodec:0.58
PathTest:0.25333333333333335
