ApplicationEntityManager:0.6266666666666667
ProjectsModule:0.37666666666666665
WebserviceBeanRemote:0.37666666666666665
KuwaibaService:0.3433333333333333
MetadataEntityManagerImpl:0.34
DefaultReports:0.25333333333333335
ApplicationEntityManagerImpl:0.24333333333333335
BusinessEntityManagerImpl:0.23333333333333334
HTMLDiv:0.19666666666666666
WebserviceBean:0.19333333333333333
ToolsBean:0.19
