RepositoryUtil:0.5991666666666666
ViewFileController:0.41333333333333333
ReadFileController:0.24333333333333335
