Uri:0.8472222222222222
UriTest:0.24666666666666667
