SnackBar:0.43333333333333335
DatePicker:0.41
SimpleDialog:0.31333333333333335
DatePickerDialog:0.30333333333333334
Builder:0.2733333333333333
DatePickerLayout:0.20333333333333334
SnackbarFragment:0.18055555555555558
ButtonFragment:0.16333333333333333
MainActivity:0.10666666666666667
DialogFragment:0.06666666666666667
