AWTTest:0.44333333333333336
ScriptEditorFrame:0.295
WindowTracker:0.2946666666666667
Appletviewer:0.28
JTreeLocationTest:0.27
ComponentTestFixtureTest:0.2544444444444444
BugReport:0.19
ComponentTestFixture:0.16666666666666666
EventDispatchException:0.16
