DataManager:0.6366666666666667
AjaxEditUtils:0.33
Harvester:0.16555555555555557
