Request:0.48333333333333334
RestHighLevelClientTests:0.35333333333333333
RestHighLevelClient:0.30666666666666664
RequestTests:0.21333333333333335
PingAndInfoIT:0.08333333333333333
