PyObject:0.5533333333333333
PyString:0.5333333333333333
PyStringDerived:0.34
PyObjectDerived:0.34
