InMemoryLookupTable:0.8566666666666667
WordVectorSerializerTest:0.3466666666666667
WeightLookupTable:0.34
