MaxCore:0.4766666666666667
Runner:0.4033333333333333
JUnit4TestAdapter:0.33666666666666667
