FlowArtifactFactoryAdapter:0.5733333333333334
Transition:0.49333333333333335
AbstractFlowBuilder:0.38333333333333336
XmlFlowBuilderCustomTypeTests:0.21444444444444447
BaseFlowBuilder:0.19472222222222224
FlowRegistryPopulationTests:0.12333333333333334
AbstractFlowBuilderTests:0.11333333333333333
