BytesRestResponse:0.5366666666666666
RestResponse:0.19
WithRestHeaders:0.13333333333333333
