DefaultResourceHandle:0.36333333333333334
ReloadAction:0.32805555555555554
