Configuration:0.39555555555555555
RuntimeEnvironment:0.3333333333333333
Message:0.32
Messages:0.26
Util:0.23
RuntimeEnvironmentTest:0.14
SearchHelper:0.13976190476190478
WebappListener:0.12666666666666668
AbortMessage:0.07333333333333333
NormalMessage:0.04
