jOOQAbstractTest:0.6630555555555556
LoaderImpl:0.37666666666666665
