BeanIds:0.47904761904761906
HttpSecurityConfigPostProcessor:0.46
DefaultLoginPageGeneratingFilter:0.41
HttpSecurityBeanDefinitionParser:0.27666666666666667
