Cookie:0.7233333333333334
DocumentTest:0.4866666666666667
CookieManager:0.44
HTMLDocument:0.36333333333333334
Cache:0.2566666666666667
HtmlMeta:0.18666666666666668
CookieManagerTest:0.15666666666666668
CacheTest:0.13
StringUtils:0.10666666666666667
IncorrectnessListenerTest:0.03
