RenameVo:0.30666666666666664
SubstFuncVo:0.30666666666666664
SubstFreeVo:0.30666666666666664
HypothesisVoTest:0.27
ConditionalProofVo:0.2602777777777778
ExistentialVo:0.21777777777777776
UniversalVo:0.21777777777777776
SubstPredVo:0.18444444444444444
SubstPredVoTest:0.07
SubstFreeVoTest:0.07
RenameVoTest:0.07
SubstFuncVoTest:0.07
ExistentialVoTest:0.07
UniversalVoTest:0.07
TermVoTest:0.016666666666666666
FormalProofVoTest:0.01
