BusinessRulesListModel:0.7766666666666666
MatchingRulesFrame:0.2833333333333333
