DefaultResultMapBuilderTest:0.6166666666666667
PackageBasedActionConfigBuilderTest:0.5466666666666666
DefaultResultMapBuilder:0.37666666666666665
ReflectionTools:0.16
