PersistencyHandler:0.5533333333333333
DiffUtil:0.35333333333333333
EditServlet:0.34
WikiDiff:0.23666666666666666
DiffServlet:0.15333333333333332
