ScriptEditor:0.8233333333333334
ScriptEditorFrame:0.35333333333333333
ScriptEditorWindowHandler:0.17666666666666667
