QueryBuilder:0.7566666666666667
TermQueryBuilder:0.4866666666666667
BaseQueryTestCase:0.26666666666666666
BaseQueryBuilder:0.22333333333333333
TermQueryParser:0.21
MatchAllQueryBuilderTest:0.010833333333333334
