SliderStyle:0.505
Slider:0.4683333333333333
TexturePacker2:0.37666666666666665
Page:0.016666666666666666
