ProtocolConfig:0.8366666666666667
ProviderConfig:0.4033333333333333
ServiceConfig:0.28
TelnetHandlerAdapter:0.2
