AdminModule:0.6291666666666667
Entry:0.48
AccessUtils:0.27666666666666667
AbstractAdminModule:0.26
AbstractZoneModule:0.22333333333333333
AccessControlController:0.20666666666666667
EntityIndexUtils:0.19333333333333333
ViewEntryController:0.17222222222222225
WorkAreaHelper:0.1
