CleanupAction:0.5333333333333333
CopyPasteAction:0.5333333333333333
InsertSmilesListener:0.3233333333333333
