ConfigurationServiceImpl:0.6233333333333333
OrderCustomFieldValueAction:0.20666666666666667
OrderConfigurationItemAction:0.20666666666666667
