DuoConfiguration:0.4266666666666667
MultifactorAuthenticationProperties:0.38333333333333336
CasCoreWebflowConfiguration:0.17333333333333334
AuthenticationEventsConfiguration:0.09
