UnitManager:0.36333333333333334
MarsProjectFX:0.35
MainWindow:0.28
MetaTaskUtil:0.27
TaskManager:0.2325
TabPanelActivity:0.21
MainScene:0.21
PrepareDessertMeta:0.18666666666666668
ProduceFoodMeta:0.18666666666666668
TendGreenhouseMeta:0.18666666666666668
CookMealMeta:0.18666666666666668
Medicbot:0.1865
AmountResourceConfig:0.14333333333333334
MarsProjectStarter:0.09333333333333334
