GradientCheckUtil:0.8766666666666667
LossFunctionGradientCheck:0.05333333333333334
