TransportBaseSQLAction:0.51
TransportSQLBulkAction:0.2833333333333333
TransportSQLAction:0.2833333333333333
