ConstraintRules:0.8
TypeGraphRep:0.3433333333333333
InstanceGraphRep:0.27844444444444444
Transform:0.2733333333333333
