Message:0.5733333333333334
Transaction:0.38333333333333336
PeerAddress:0.33
Block:0.33
ChildMessage:0.30666666666666664
TransactionOutput:0.26666666666666666
RejectMessage:0.26
TransactionInput:0.24333333333333335
VersionMessage:0.23
ListMessage:0.22333333333333333
EmptyMessage:0.19666666666666666
AddressMessage:0.17666666666666667
InventoryMessage:0.17
FilteredBlock:0.16333333333333333
GetBlocksMessage:0.16333333333333333
GetHeadersMessage:0.16
GetDataMessage:0.11666666666666667
UnknownMessage:0.11333333333333333
