GraphJModel:0.36
AJModel:0.2833333333333333
AspectJModel:0.26
AspectJEdge:0.23333333333333334
AJEdge:0.22416666666666665
LTSJModel:0.21083333333333334
CtrlJModel:0.19666666666666666
ReteJModel:0.11333333333333333
