Element:0.63
Selector:0.38
SelectorTest:0.3
Collector:0.24333333333333335
Or:0.21666666666666667
FirstFinder:0.04
