ThumbnailWidget:0.7366666666666667
MediaBean:0.43666666666666665
Del:0.14
Add:0.08
