GrammarInfo:0.84
GrammarInfoFacade:0.54
UnmarshallerImpl:0.33444444444444443
DefaultJAXBContextImpl:0.25333333333333335
GrammarInfoImpl:0.20333333333333334
Util:0.14333333333333334
