DatabaseShardManager:0.5166666666666667
ShardCleaner:0.4066666666666667
TestRaptorMetadata:0.28
TestShardCleaner:0.23333333333333334
ConditionalModule:0.155
DatabaseMetadataModule:0.12
DaoSupplierProvider:0.04
