Json:0.5
JsonReader:0.41333333333333333
Serializer:0.30333333333333334
Skin:0.23
JsonWriter:0.19666666666666666
Serializable:0.17388888888888887
ReadOnlySerializer:0.17388888888888887
