ClassLoaderService:0.6598888888888889
EntityManagerFactoryBuilderImpl:0.5227777777777777
ClassLoaderServiceImpl:0.3933333333333333
EnversServiceImpl:0.36
