GwtTeamingMessages:0.44166666666666665
EditBrandingDlg:0.3933333333333333
GwtBrandingDataExt:0.36
LoginDlg:0.27
GwtBrandingData:0.25333333333333335
GwtMainPage:0.20333333333333334
AdminControl:0.19
GwtServerHelper:0.1886111111111111
