ErikExampleDaoTest:0.6533333333333333
ErikExampleDao:0.5105555555555555
