LdapProviderBeanDefinitionParserTests:0.31333333333333335
LdapProviderBeanDefinitionParser:0.24333333333333335
Elements:0.22872222222222216
LdapUserServiceBeanDefinitionParser:0.22666666666666666
LdapUserServiceBeanDefinitionParserTests:0.22
PasswordEncoderParser:0.20133333333333334
