ImagePanel:0.3933333333333333
LayeredCanvas:0.39
LocalizerDelegate:0.3461111111111111
DatabaseHandler:0.32666666666666666
MainScreen:0.3233333333333333
SeriesChooserDelegate:0.3177777777777778
ImageToolbar:0.31
ExportLocationChooser:0.29833333333333334
ConfirmDelete:0.2127777777777778
SeriesListUpdator:0.2
ShowComparisonViewerDelegate:0.14666666666666667
