Subscription:0.55
Elvin:0.4666666666666667
JUTestClient:0.21333333333333335
