WikiServlet:0.735
SearchServlet:0.16333333333333333
ImportServlet:0.15666666666666668
UnlockServlet:0.15333333333333332
LoginServlet:0.15333333333333332
LockListServlet:0.15
MemberServlet:0.12333333333333334
