SellItemFlowExecutionTests:0.26666666666666666
SearchPersonFlowBuilder:0.22
SearchFlowExecutionTests:0.14666666666666667
PersonDetailFlowBuilder:0.14
PhonebookFlowRegistrar:0.10666666666666667
