OracleSchema:0.5733333333333334
OracleMigrationMediumTest:0.4766666666666667
OracleDbSupport:0.30666666666666664
