ServerXMLFieldAttribute:0.47333333333333333
ARINCGestureArea:0.35
FrameworkConfiguration:0.3393888888888889
ARINCModelFactory:0.3288888888888889
AbstractXMLDFHandler:0.21333333333333335
TestWidget2:0.1947698412698413
TestWidget2Renderer:0.11666666666666667
ModelConstants:0.10666666666666667
GestureAreaRenderer:0.09
Starter3D:0.08333333333333333
