MatrixResource:0.6666666666666666
MatrixResourcePropertySource:0.4033333333333333
JamaMatrix:0.3
