ClusterService:0.7833333333333333
StatisticFlushJob:0.2708333333333333
ClusterConstants:0.0
