IOFlavor:0.5
VirtualFileWriterSource:0.3027420634920635
IO:0.25333333333333335
StreamAdapter:0.24
FileSource:0.1625
NullSource:0.14333333333333334
LazyFilter:0.13
VirtualFileReaderSource:0.08316666666666667
