BinderHelper:0.5533333333333333
WsDomTreeBuilder:0.44333333333333336
AbstractAllModulesInjected:0.41333333333333333
SiteScapeFileSystemLibrary:0.36333333333333334
DomTreeHelper:0.3547619047619048
SiteScapeFileSystemInternal:0.28
AllModulesInjected:0.25916666666666666
ConfigHelper:0.19
SearchTreeHelper:0.15666666666666668
FolderConfigHelper:0.15666666666666668
WsTreeHelper:0.15666666666666668
MailTreeHelper:0.15666666666666668
WorkspaceConfigHelper:0.15666666666666668
TemplateCopyHelper:0.15666666666666668
AccessControlController:0.05
