OleAut32:0.8616666666666667
Ole32:0.7133333333333334
Oleaut32Test:0.2966666666666667
COMUtils:0.23666666666666666
OaIdl:0.1276190476190476
COMObject:0.09666666666666666
