JChemPaintWidget:0.51
MultiPageMoleculesEditorPart:0.48333333333333334
OpenJCPTab:0.12333333333333334
