ReportView:0.4
Console:0.2833333333333333
CheckGedcom:0.21
ActionSave:0.13444444444444442
