SimpleScriptable:0.7216666666666667
Enumerator:0.31333333333333335
WebClient3Test:0.30666666666666664
KeyDataPair:0.2
