ChainingMetadataResolverCacheLoader:0.6333333333333333
SamlIdPConfiguration:0.37
SamlMetadataController:0.3416666666666667
