MasterSlaveConnectionManager:0.49333333333333335
CommandOutput:0.3883333333333333
Command:0.338
RedisStateMachine:0.23
