MvcRequestMatcher:0.6066666666666667
AbstractRequestMatcherRegistry:0.3933333333333333
InMemoryXmlApplicationContext:0.3466666666666667
