VisualMap:0.47333333333333333
GraphJGraph:0.39
HTMLConverter:0.36333333333333334
LabelValue:0.30333333333333334
GraphToTikz:0.275
JVertexView:0.25666666666666665
MyEdgeRenderer:0.23
AspectJObject:0.215
Util:0.2105952380952381
AbstractJCell:0.20666666666666667
PatternLabelValue:0.18333333333333332
JEdgeView:0.18
ShapeLabelValue:0.06333333333333334
ConstantValue:0.013333333333333334
