Viewer:0.52
Text:0.36333333333333334
NodeInfoView:0.3433333333333333
Hover:0.2866666666666667
LinkUrl:0.23333333333333334
RepaintManager:0.23
NodeInfoMaker:0.21666666666666667
NodeInfoJdbc:0.18666666666666668
DatabaseList:0.17
HoverWatcher:0.14333333333333334
JnetPanel:0.10666666666666667
DrawHoverThread:0.0033333333333333335
