JobClientSLA:0.62
JPPFJob:0.5566666666666666
JobCommonSLA:0.5533333333333333
JPPFJobSLA:0.48333333333333334
JobSLA:0.47
AbstractClientJob:0.27
JPPFJobClientSLA:0.25333333333333335
TaskQueueChecker:0.19666666666666666
ManyJobsRunner:0.16333333333333333
JPPFCallableRunner:0.12
AbstractCommonSLA:0.11
