GT:0.8916666666666667
TemplateBrowser:0.39666666666666667
