MetaHeuristic:0.44333333333333336
StateGenListener:0.43666666666666665
TrackTraceAndTrails:0.38666666666666666
PrintToXML:0.38
StaticClass:0.33666666666666667
GuidedDFSearch:0.24333333333333335
GuidedListener:0.14333333333333334
RunGuidedTest:0.1
