Json:0.7966666666666666
JsonEntityField:0.3333333333333333
ObjectNavlPairInjector:0.30666666666666664
