FrameworkConfiguration:0.5766666666666667
Executor:0.365
JFXEditorDeleteTest:0.31166666666666665
LayerTreeEditorDeleteTest:0.15333333333333332
