DeeRenderingStylePanel:0.4533333333333333
ColorThemingStylePanel:0.45
XBasicStyle:0.4166666666666667
