MemberStatusAdapter:0.7439444444444444
SequencerAgent:0.31
MemberStatusPublisher:0.25666666666666665
