TiledMapTile:0.6638888888888889
StaticTiledMapTile:0.44
AnimatedTiledMapTile:0.32
BaseTmxMapLoader:0.27
AtlasTmxMapLoader:0.22
TmxMapLoader:0.19916666666666666
