IdentifiedObjects:0.5533333333333333
ParameterNamesReport:0.44
Report:0.3433333333333333
