MainWindow:0.6333333333333333
SelectionWindow:0.47333333333333333
SearchDialog:0.37666666666666665
