WebSocket:0.8008333333333333
WebSocketProcessor:0.3433333333333333
WebSocketProtocol:0.3361111111111111
EchoProtocol:0.25
GrizzlyWebSocket:0.22333333333333333
SimpleHttpProtocol:0.18666666666666668
Jetty8WebSocket:0.14666666666666667
JettyWebSocket:0.14666666666666667
