Grammar:0.7233333333333334
GrammarTransformPipeline:0.30666666666666664
SemanticPipeline:0.23333333333333334
