X_AD_Process:0.8166666666666667
X_AD_Org:0.40444444444444444
