GwtTeaming:0.44666666666666666
ContentControl:0.38
ASEntryData:0.3333333333333333
GwtTeamingMessages:0.31666666666666665
GwtViewHelper:0.21077777777777779
FolderEntryMenu:0.20722222222222222
FolderEntryComposite:0.20111111111111113
ManageCommentsDlg:0.19666666666666666
GwtActivityStreamHelper:0.19444444444444445
EventsHandledBySourceMarker:0.03631746031746032
