IPreferenceConstants:0.9604444444444444
GeneralPreferencePage:0.6566666666666666
