ManagedAtmosphereHandler:0.58
DefaultAnnotationProcessor:0.2866666666666667
ManagedAtmosphereHandlerTest:0.2833333333333333
ManagedMessage:0.11333333333333333
ManagedDelete:0.0
ManagedPut:0.0
ManagedGet:0.0
ManagedPost:0.0
