GenericProcessLauncher:0.56
TestJPPFTask:0.3433333333333333
NodeProcessLauncher:0.27666666666666667
DriverProcessLauncher:0.23
