Keys:0.61
KeysTest:0.36666666666666664
Linker:0.26666666666666666
