FeatureView:0.52
Selection:0.51
TierManager:0.465
TierViewI:0.16972222222222222
SelectionItem:0.08666666666666667
