MemberInfo:0.6591666666666667
MembershipListenerImpl:0.43666666666666665
AddMembershipListenerRequest:0.3333333333333333
