RubyTokenizer:0.5733333333333334
TC_RubyParser:0.4033333333333333
RubyParser:0.2966666666666667
TC_RubyTokenizer:0.17666666666666667
