JdbcModelReader:0.5894444444444444
HsqlDb2ModelReader:0.2733333333333333
