AdminEnvironmentTest:0.6666666666666666
Environment:0.5366666666666666
TaskServlet:0.43333333333333335
AdminEnvironment:0.31666666666666665
