ARINCSettings:0.51
TreeEditorCopyHelper:0.46722222222222226
AppliConfiguration:0.3466666666666667
