RScoredSortedSet:0.7290277777777778
RedissonScoredSortedSet:0.62
RScoredSortedSetAsync:0.18416666666666667
RedissonScoredSortedSetTest:0.14666666666666667
RedisCommands:0.06333333333333334
