AbstractCacheRecordStore:0.5866666666666667
HazelcastCacheManager:0.4117222222222223
AbstractCacheService:0.38333333333333336
CachePartitionSegment:0.33666666666666667
ICacheRecordStore:0.2669444444444445
AbstractHazelcastCacheManager:0.21333333333333335
InternalCacheRecordStoreTest:0.12
CachePrimaryStateGetterOperation:0.07666666666666666
