SentenceTransformer:0.5566666666666666
AbstractVectorsTest:0.26
SequenceTransformer:0.23333333333333334
VocabConstructorTest:0.01
