NotificationMenu:0.43833333333333335
TelegraphQueue:0.2763333333333334
NotificationWindow:0.18333333333333332
PopUpBuildingMenu:0.18333333333333332
NextTask:0.024722222222222222
CancelTask:0.0
