MangoFormalLanguage:0.4033333333333333
ExceptionHandlerUtil:0.19333333333333333
AALOAD:0.16533333333333333
