URIFrontier:0.5883333333333333
Postselector:0.48333333333333334
