DrawableFeatureSet:0.5366666666666666
DrawableSeqFeature:0.48
StrandedZoomableApolloPanel:0.32666666666666666
