LineSegmentRenderer:0.6466666666666666
LineArcRenderer:0.44666666666666666
