MultiFileJournalConstants:0.25594227994228
JournalConstants:0.25594227994228
