FakeLooper:0.6933333333333334
FakeHelper:0.44333333333333336
Scheduler:0.34
