SimpleOptimizableModel:0.44666666666666666
LayerUpdater:0.345
BaseMultiLayerUpdater:0.3233333333333333
RBMTests:0.2833333333333333
ModelGuesserTest:0.1857777777777778
