FFmpegFrameRecorder:0.43333333333333335
ProjectorDevice:0.29333333333333333
CameraDevice:0.2866666666666667
PinnedIplImage:0.21
ProCamColorCalibrator:0.21
