AnyOperator:0.5466666666666666
AnyLikeOperator:0.45666666666666667
SelectStatementAnalyzerTest:0.39
WhereClauseAnalyzerTest:0.23666666666666666
InnerExpressionAnalyzer:0.20333333333333334
ExpressionAnalyzerTest:0.20333333333333334
AnyEqOperatorTest:0.17333333333333334
ProxyInjectingVisitor:0.12333333333333334
RewriteCandidateGatherer:0.11333333333333333
OperatorModule:0.09666666666666666
AnyResolver:0.043333333333333335
AnyLikeResolver:0.02666666666666667
