Peer:0.5133333333333333
ConnectionHandler:0.37333333333333335
TransactionOutput:0.33
NioClientManager:0.2111111111111111
