IntHashtable:0.49
Association:0.32666666666666666
DicomImageReader:0.2866666666666667
RLEImageReader:0.27666666666666667
BasicDicomObject:0.27
DicomOutputStreamTest:0.25666666666666665
VRMap:0.255
ElementDictionary:0.255
AAssociateRQAC:0.24333333333333335
DcmQR:0.22666666666666666
DicomDirReader:0.20666666666666667
Itr:0.19
IntHashtableTest:0.15666666666666668
