QueryCmd:0.38666666666666666
ImageQueryCmd:0.34
StudyQueryCmd:0.32666666666666666
SeriesQueryCmd:0.32666666666666666
DeviceBean:0.22
