ResourceData:0.6133333333333333
CreoleRegister:0.375
JapeGUI:0.3233333333333333
ResourceDataImpl:0.31
CreoleXmlHandler:0.23333333333333334
GateException:0.19222222222222224
Gate:0.18666666666666668
TestCreole:0.17333333333333334
TestGate:0.10333333333333333
Scratch:0.09
CreoleRegisterImpl:0.05333333333333334
