SimpleRnn:0.6466666666666666
GradientCheckUtil:0.4166666666666667
RnnGradientChecks:0.2
LayerValidation:0.17666666666666667
BidirectionalTest:0.02
