Unit:0.8433333333333334
InGameControllerTest:0.45
SimpleCombatModel:0.26844444444444443
CombatTest:0.07666666666666666
