Plugin:0.5333333333333333
Node:0.49333333333333335
PluginsService:0.4766666666666667
TransportClient:0.18666666666666668
GceDiscoveryPlugin:0.12
JvmExamplePlugin:0.08666666666666667
Ec2DiscoveryPlugin:0.08
AzureDiscoveryPlugin:0.05333333333333334
SettingsListenerPlugin:0.016666666666666666
MockEngineFactoryPlugin:0.016666666666666666
TestPlugin:0.006666666666666667
ActionLoggingPlugin:0.006666666666666667
