RescanProcessor:0.48
Capsd:0.47333333333333333
Scheduler:0.36666666666666664
IfCollector:0.2833333333333333
