HtmlUnitCookieStore:0.5166666666666667
HttpWebConnection:0.4622222222222222
HttpWebConnectionInsecureSSLTest:0.3416666666666667
