Session:0.7116666666666667
JdbcCoordinator:0.61
IsolationDelegate:0.535
SessionImpl:0.5183333333333333
JtaIsolationDelegate:0.29
JdbcCoordinatorImpl:0.21
TableGenerator:0.20666666666666667
GeneralWorkTest:0.2
TableStructure:0.15333333333333332
MultipleHiLoPerTableGenerator:0.13666666666666666
JdbcIsolationDelegate:0.09333333333333334
