MApplication:0.21434952
MMenu:0.080918126
UI:0.06562826
MMainWindow:0.064201616
MAction:0.044640496
MIcon:0.03184474
MMouseAdapter:0.028303446
MActionInfo:0.024801176
MFrame:0.02335204
MLogger:0.022445897
Property:0.019738657
PropertyAccess:0.013454572
OS:0.011627013
BooleanProperty:0.0018283663
