ILayoutRowBeginElement:0.4915555555555556
ILayoutElement:0.455
LayoutParserDefaultImpl:0.38666666666666666
ILayoutPropertyBeginElement:0.33988888888888885
AbstractJspPainter:0.30333333333333334
LayoutFrameBeginElementDefaultImpl:0.2966666666666667
LayoutViewBeginElementDefaultImpl:0.28
LayoutRowBeginElementDefaultImpl:0.21666666666666667
LayoutSectionsBeginElementDefaultImpl:0.20666666666666667
ILayoutPainter:0.20666666666666667
LayoutPainterDefaultImpl:0.19
EditorTag:0.16666666666666666
LayoutPropertyBeginElementDefaultImpl:0.15333333333333332
LayoutBaseElement:0.14333333333333334
LayoutBaseContainerElement:0.12333333333333334
LayoutSectionsRenderBeginElementDefaultImpl:0.10333333333333333
LayoutSectionsRenderEndElementDefaultImpl:0.10333333333333333
LayoutPainterManager:0.08333333333333333
ILayoutSectionsRenderBeginElement:0.07833333333333334
ILayoutSectionsRenderEndElement:0.006666666666666667
