Stream:0.8766666666666667
Util:0.51
StreamServiceManager:0.43
CircularByteBuffer:0.34
StreamSession:0.33
StreamPath:0.28
Packet:0.24
AudioSenderAction:0.19111111111111112
SessionView:0.19
AudioEncoder:0.16
AudioServiceManager:0.15333333333333332
StreamSessionOutputStream:0.15
AudioService:0.14666666666666667
StreamSessionInputStream:0.12666666666666668
PacketSender:0.11666666666666667
StreamService:0.10833333333333334
SessionViewToolBar:0.07
StreamClose:0.03666666666666667
PacketReceiver:0.03333333333333333
SessionKiller:0.028333333333333332
Initiation:0.025
