Property:0.6733333333333333
PropertyDate:0.37666666666666665
PropertyTreeWidget:0.2633333333333333
ReportSameValues:0.25
PopupBean:0.22333333333333333
