AbstractAuthenticationToken:0.6783333333333333
AbstractAuthenticationTokenTests:0.31666666666666665
