PatientBean:0.52
PatientMatching:0.49333333333333335
StudyReconciliationBean:0.27
GPWLManagerBean:0.18
EditMwl:0.16244444444444445
MWLManagerBeanTest:0.14444444444444446
