FormTagBase:0.6283333333333333
ResponseControllerHandler:0.5583333333333333
AJAXDataControllerHandler:0.21666666666666667
