CertificateProfile:0.5333333333333333
CmpPbeVerifyer:0.4
EndEntityProfile:0.33666666666666667
CrmfRAPbeRequestTest:0.26666666666666666
IRequestMessage:0.23666666666666666
PKCS10RequestMessage:0.19327777777777777
CrmfMessageHandler:0.16666666666666666
CrmfRequestMessage:0.13333333333333333
ConfirmationMessageHandler:0.10333333333333333
