Attachment:0.58
TeamingServiceEndpoint:0.36
BaseService:0.3233333333333333
FolderEntryBrief:0.29
FolderService:0.257
FolderServiceImpl:0.21333333333333335
ElementBuilderAttachments:0.12333333333333334
