NodeScheduler:0.3466666666666667
TestingPrestoServer:0.33666666666666667
NodeSchedulerConfig:0.30333333333333334
MockRemoteTask:0.24666666666666667
PrestoServer:0.20400000000000001
NodeMap:0.18666666666666668
TestNodeScheduler:0.18666666666666668
TestNodeSchedulerConfig:0.14
TestSplitRemote:0.13
TopologyAwareNodeSelector:0.02
TestNetworkTopology:0.0033333333333333335
