LwjglGraphics:0.7294444444444445
PaxBritannicaDesktop:0.34833333333333333
