HttpUtils:0.4866666666666667
HttpUtilsTest:0.38333333333333336
NettyRequestFactory:0.36666666666666664
