OperationExecutorImpl:0.4066666666666667
OperationServiceImpl:0.29
AsyncResponseHandler:0.26
ResponseThread:0.24666666666666667
ClientInvocationServiceSupport:0.23
AsyncResponseHandlerTest:0.12666666666666668
