LockTest:0.538888888888889
TransactionUtil:0.4266666666666667
ExceptionUtil:0.29122222222222227
