XMLObject:0.5433333333333333
ARINCModelFactory:0.48333333333333334
ProtocolInputDecoder:0.29333333333333333
MutuExclRenderer:0.25388888888888883
MutuExclRendererWithExtensionTest:0.18666666666666668
