AnnotationChangeEvent:0.49666666666666665
AnnotationView:0.48833333333333334
TransactionManager:0.425
