C3DSliderSkin:0.64
C3DSpinner:0.5166666666666667
SpinnerDemo:0.20333333333333334
SideMenuController:0.16333333333333333
SliderDemo:0.13666666666666666
