HazelCastStateTracker:0.6
UpdateableImpl:0.39
ModelSavingActor:0.22833333333333333
MasterActor:0.19666666666666666
ActorNetworkRunner:0.17333333333333334
MnistExampleMultiThreaded:0.12
DeepAutoEncoderExample:0.10666666666666667
