SystemInterface:0.7033333333333334
HeapAllocator:0.43333333333333335
PrimordialClassLoader:0.37333333333333335
DefaultHeapAllocator:0.33666666666666667
SimpleAllocator:0.21666666666666667
jq_NativeThread:0.21666666666666667
SemiConservative:0.20333333333333334
Bootstrapper:0.041666666666666664
