Store:0.38
StoreTest:0.37666666666666665
Lucene:0.26
InternalEngineTests:0.24333333333333335
ShadowEngineTests:0.21
CleanFilesRequestHandler:0.13666666666666666
RecoveryStatusTests:0.08666666666666667
LuceneTest:0.02
