ProfileModuleImpl:0.4266666666666667
HashMapCache:0.36
EncryptUtil:0.30333333333333334
