BondSymbol:0.31
DropShadowVisitor:0.31
PrintVisitor:0.29333333333333333
DrawVisitor:0.27666666666666667
BasicBondGenerator:0.25
AtomSymbol:0.24666666666666667
SymbolTreeTest:0.22333333333333333
BasicGenerator:0.21333333333333335
SymbolGroup:0.21
IntermediateRenderer:0.19666666666666666
IntermediateRendererTest:0.18333333333333332
RingSymbol:0.1761111111111111
BondModule:0.09333333333333334
RingGenerator:0.0033333333333333335
