ExampleImapCrawler:0.8033333333333333
IMAPUrisValidatingCrawlerHandler:0.5233333333333333
