AbstractServiceValidateController:0.6033333333333334
ProxyController:0.29
DelegatingController:0.21333333333333335
