SettlementRegistry:0.5933333333333334
MultiplayerTray:0.25
MultiplayerClient:0.15666666666666668
CentralRegistry:0.14333333333333334
MultiplayerServer:0.08666666666666667
