OmegaTIcons:0.6133333333333333
MainWindow:0.36333333333333334
ScriptingWindow:0.35333333333333333
OmegaTFileChooser:0.25
HelpFrame:0.24333333333333335
TagValidationFrame:0.23333333333333334
AboutDialog:0.20666666666666667
ProjectFilesList:0.13333333333333333
SearchWindowForm:0.13333333333333333
