GenericDaoTest:0.6133333333333333
StructureDao:0.3016666666666667
StructureDaoTest:0.2966666666666667
