Coordinates:0.6333333333333333
MapDisplay:0.3433333333333333
OrbitInfo:0.29333333333333333
GlobeDisplay:0.28
SurfaceFeatures:0.2733333333333333
NavigatorWindow:0.19666666666666666
VirtualMars:0.1788888888888889
