GeneralSettingsEditor:0.8166666666666667
ModifyGeneralSettingsDialog:0.3566666666666667
