ArchiveConductor:0.4866666666666667
SequencerAgent:0.46
ConsensusModule:0.2833333333333333
TimerService:0.16333333333333333
IngressAdapter:0.10333333333333333
