LoggingToolTest:0.4266666666666667
IsotopeHandlerTest:0.31666666666666665
AtomTypeHandlerTest:0.31666666666666665
AtomTypeFactoryTest:0.24077777777777773
CoverageTest:0.2
CDKExceptionTest:0.1645
CDKBasedAtomTypeConfiguratorTest:0.16116666666666668
TXTBasedAtomTypeConfiguratorTest:0.16116666666666668
CDKConstantsTest:0.14999999999999997
CoreCoverageTest:0.14400000000000002
