Rewriter:0.62
ExpressionUtils:0.35333333333333333
DeterminismEvaluator:0.2633333333333333
Optimizer:0.16111111111111112
