PA:0.37
CSPAResults:0.27666666666666667
BDDSet:0.2277777777777778
ToString:0.2
TypedBDD:0.18
CollectionFinder:0.15
PACallTargetMap:0.09333333333333334
