CriticalPair:0.8688888888888887
TestDeleteUse:0.23333333333333334
