CallTest:0.5966666666666667
Reader:0.36333333333333334
Internal:0.2773055555555555
Call:0.22333333333333333
AsyncCall:0.20055555555555554
Http20Draft14:0.155
JdkWithJettyBootPlatform:0.14333333333333334
