PlusBlock:0.4977777777777778
ParserATNSimulator:0.42333333333333334
IntTokenStream:0.37
LL1PlusBlock:0.30666666666666664
DefaultANTLRErrorStrategy:0.22666666666666666
LL1PlusBlockSingleAlt:0.1
