PPECheckoutController:0.5166666666666667
PPECheckoutLocDepConfiguration:0.43666666666666665
PPECheckoutState:0.42333333333333334
