Molecule:0.8433333333333334
MDLWriter:0.43333333333333335
ChemModel:0.38333333333333336
ControllerTest:0.29
MDLReader:0.1922222222222222
