ClientClusterServiceImpl:0.5316666666666666
IncrementorEntryProcessor:0.5133333333333333
PartitionWideEntryOperation:0.33666666666666667
