TaskInfo:0.5233333333333333
SqlTask:0.44
Failures:0.37333333333333335
HttpRemoteTask:0.23555555555555557
MockRemoteTask:0.20333333333333334
SqlTaskManager:0.20226190476190478
TestSqlTaskManager:0.19666666666666666
MockTask:0.14
TestSqlTask:0.13666666666666666
