TreeViewTestBase:0.7266666666666667
TreeViewDoubleEditorsTest:0.29833333333333334
