Search:0.8666666666666667
NewConnectedHostListener:0.29333333333333333
