FieldFormat:0.5133333333333333
ISpherePlugin:0.4633333333333333
RemoteObject:0.3233333333333333
StringHelper:0.30666666666666664
AbstractMessageFileCompareEditor:0.3
MessageFileCompareEditorInput:0.25666666666666665
MessageFileCompareItem:0.25333333333333335
MessageDescription:0.24
WidgetFactory:0.23333333333333334
StatusBar:0.21333333333333335
AbstractObjectEditorInput:0.2
MessageDescriptionHelper:0.16666666666666666
AutoRefreshJob:0.13666666666666666
Messages:0.08
