Binder:0.5666666666666667
CoreDaoImpl:0.41
UserProperties:0.32666666666666666
Dashboard:0.25666666666666665
