MFAnalyser:0.6605555555555557
MFAnalyserTest:0.31333333333333335
