NameImpl:0.8166666666666667
CommonTableExpressionImpl:0.4008888888888889
