ObjectMapper:0.5766666666666667
TypeParsers:0.34
TypeParser:0.10527777777777778
