FileConvertor:0.49666666666666665
DescriptorCalculator:0.41
Validator:0.24666666666666667
SubstructureFinder:0.15733333333333335
FileFormatGuesser:0.15733333333333335
FingerPrinter:0.15733333333333335
IUPACNameGenerator:0.13333333333333333
