Graph:0.66
PerformanceModel:0.27666666666666667
ResponseTimeModel:0.21333333333333335
GraphModel:0.20222222222222222
GraphResults:0.15
