JavaScriptEngine:0.5766666666666667
HiddenFunctionObject:0.3944444444444445
ActiveXObject2Test:0.3433333333333333
