AbstractFlowExecutionTests:0.6388888888888888
JsfFlowExecutionManager:0.5433333333333333
