Simulator:0.48333333333333334
LTSPanel:0.27
Result:0.25333333333333335
CycleAcceptor:0.23333333333333334
LaunchThread:0.19333333333333333
CycleResult:0.18666666666666668
