ByteBuddyAgent:0.5866666666666667
Installer:0.5633333333333334
ByteBuddyAgentTest:0.23333333333333334
ByteBuddyAgentInstallerTest:0.21
