CallTest:0.32666666666666666
Platform:0.3233333333333333
AndroidPlatform:0.32
JavaNetCookieJar:0.225
Internal:0.22337301587301586
HttpURLConnectionImpl:0.22
Reader:0.21666666666666667
FramedServer:0.18
JdkWithJettyBootPlatform:0.17
ConnectionPool:0.15333333333333332
AsyncCall:0.14666666666666667
