Constants:0.9266666666666666
ConfigManager:0.41
ScriptsBrowserViewPart:0.13666666666666666
TemplateNewFolderHandler:0.12
ScriptComparator:0.10333333333333333
ScriptsNewFolderHandler:0.05333333333333334
ScriptsRenameDuplicateDeleteHandler:0.04666666666666667
ScriptsAddOrEditHandler:0.023333333333333334
