ChemFileCDO:0.5566666666666666
Convention:0.52
CMLHandler:0.37666666666666665
CMLReader:0.3
