Shape:0.7533333333333333
TestMaterialisation:0.23
TestShape:0.20333333333333334
