Builder:0.7266666666666667
AsyncHttpClientConfig:0.5966666666666667
AsyncProvidersBasicTest:0.26666666666666666
AsyncSuiteConfiguration:0.17
AuthTimeoutTest:0.16666666666666666
IdleStateHandlerTest:0.16
PutTest:0.12
PerRequestTimeoutTest:0.11
NoNullResponseTest:0.11
ResumingExternalDownload:0.1
