StringUtil:0.6033333333333334
MetaAttributeGenerationVisitor:0.26666666666666666
StringUtilTest:0.25666666666666665
HashEntity:0.1963888888888889
EmbeddedAttributeVisitor:0.13333333333333333
ContainsAttributeTypeVisitor:0.13333333333333333
