BioclipseUIJob:0.72
SDFileMoleculesEditorModel:0.31077777777777776
CreateJobAdvice:0.31
BioclipseJob:0.20555555555555555
JSJobCreatorAdvice:0.16666666666666666
