RubyApplicationShortcut:0.74
TC_RubyApplicationShortcut:0.38666666666666666
RubyArgumentsTab:0.3433333333333333
RdtDebugUiConstants:0.02
