Options:0.6633333333333333
Parser:0.53
CycleFinder:0.26777777777777784
GenerationTest:0.25333333333333335
J2ObjC:0.24333333333333335
