AliasFilter:0.6266666666666667
SearchTransportService:0.46
TransportSearchAction:0.38333333333333336
