SaajSoapMessage:0.44666666666666666
Saaj13Soap12Header:0.31083333333333335
SaajUtils:0.30333333333333334
SaajSoapMessageContext:0.2866666666666667
Saaj12SoapHeader:0.2833333333333333
Saaj13Soap11Body:0.27
Saaj13SoapHeader:0.27
Saaj12Soap11Body:0.2633333333333333
Saaj12SoapFaultDetail:0.24333333333333335
Saaj13Soap11Fault:0.23666666666666666
Saaj12SoapHeaderElement:0.23
Saaj13Soap12Body:0.22
Saaj13SoapMessageContext:0.21333333333333335
PayloadValidatingInterceptorTest:0.19666666666666666
Saaj13SoapEnvelope:0.19333333333333333
Saaj13SoapBody:0.18666666666666668
AbstractSoap12MessageContextTestCase:0.18
Saaj13SoapMessage:0.17
SoapEnvelopeLoggingInterceptorTest:0.16833333333333333
Saaj12Soap11Fault:0.16
SaajSoapMessageContextFactory:0.15333333333333332
Saaj12SoapFaultDetailElement:0.14666666666666667
Saaj12SoapEnvelope:0.14
SoapFaultMappingExceptionResolverTest:0.13
SoapMessageDispatcherTest:0.12666666666666668
XwsSecurityInterceptorTest:0.11
Saaj12SoapMessage:0.11
SaajSoap11MessageTestCase:0.10333333333333333
AbstractSoap11MessageContextTestCase:0.10333333333333333
Saaj13Soap12MessageTest:0.08666666666666667
Saaj12SoapHeaderElementIterator:0.05
Saaj12SoapElement:0.04666666666666667
AbstractAttachmentTestCase:0.04
Saaj12SoapMessageContext:0.03333333333333333
Saaj13Soap11MessageTest:0.0
Saaj12AttachmentTest:0.0
Saaj12Soap11BodyTest:0.0
Saaj13Soap11HeaderTest:0.0
Saaj13Soap12BodyTest:0.0
Saaj12Soap11HeaderTest:0.0
Saaj13Soap11MessageContextTest:0.0
Saaj13Soap12EnvelopeTest:0.0
Saaj13Soap11EnvelopeTest:0.0
Saaj13Soap12MessageContextTest:0.0
Saaj12Soap11EnvelopeTest:0.0
Saaj13Soap11BodyTest:0.0
Saaj12Soap11MessageContextTest:0.0
Saaj13AttachmentTest:0.0
Saaj13SoapElement:0.0
Saaj12Soap11MessageTest:0.0
Saaj13Soap12HeaderTest:0.0
