AbstractDaoHibernate:0.3433333333333333
DefaultManualProvisioningDao:0.34
NodeDaoJdbc:0.32666666666666666
DefaultManualProvisioningService:0.28
NodeDaoHibernate:0.25333333333333335
NodeDao:0.24666666666666667
ManualProvisioningService:0.24666666666666667
LocationMonitorDaoHibernate:0.22666666666666666
ManualProvisioningDao:0.16166666666666665
EditProvisioningGroupController:0.09666666666666666
ProvisioningGroupsController:0.023333333333333334
