SearchMatcher:0.3864799
SearchAndReplace:0.33420625
ReverseCharSequence:0.07019957
