SearchBar:0.16158989
HyperSearchRequest:0.15750171
BeanShell:0.1527423
TextArea:0.14797612
View:0.14162682
SearchDialog:0.14091751
PatternSearchMatcher:0.13958323
JEditTextArea:0.13576934
jEdit:0.1290508
Buffer:0.12604024
SearchMatcher:0.12031312
BoyerMooreSearchMatcher:0.11619732
Macros:0.11280092
JEditBuffer:0.10807949
HyperSearchResults:0.09625691
GUIUtilities:0.083668314
Selection:0.065346844
AllBufferSet:0.06429854
EditBus:0.064037465
TextUtilities:0.059406776
VFSBrowser:0.058647543
DockableWindowManager:0.055013176
StatusBar:0.054090787
SearchFileSet:0.05258017
StandardUtilities:0.051655024
VFSManager:0.04730573
NameSpace:0.046312213
CurrentBufferSet:0.04365074
Log:0.036421802
SearchSettingsChanged:0.035774868
DirectoryListSet:0.032009494
BufferSetManager:0.028972207
ReverseCharSequence:0.0251107
SettingsReloader:0.02432434
BshMethod:0.01796259
PositionChanging:0.017787326
TextAreaDialog:0.0098640155
