ManagementCenterConfig:0.6433333333333333
XmlConfigBuilder:0.4975
XMLConfigBuilderTest:0.2966666666666667
DemoApp:0.17
