RoleListPanel:0.6566666666666666
UserListPanel:0.5833333333333334
CreateOrEditRoleForm:0.2833333333333333
