SSAGraphPrinter:0.48
SimpleDominatorQuery:0.4633333333333333
SSABuilder:0.4033333333333333
