SearchFlowExecutionTests:0.44666666666666666
SellItemFlowExecutionTests:0.36666666666666664
SearchPersonFlowBuilder:0.17333333333333334
PersonDetailFlowBuilder:0.15333333333333332
SellItemFlowExecutionListener:0.09
