ShardId:0.6033333333333334
GroupShardsIterator:0.5166666666666667
PlainOperationRouting:0.3333333333333333
CorruptedFileTest:0.30333333333333334
PlainShardIterator:0.17666666666666667
CorruptedTranslogTests:0.15333333333333332
