XMLNamespace:0.335
Ingest:0.2833333333333333
Export:0.2733333333333333
AutoExporter:0.23666666666666666
AtomDODeserializer:0.20833333333333334
AtomDOSerializer:0.20666666666666667
NamespaceContextImplTest:0.19
TestAPIM:0.18777777777777777
AtomAPIMMessage:0.18666666666666668
FedoraTypes:0.17833333333333334
TestAtomDOSerializer:0.17333333333333334
TestCommandLineFormats:0.16666666666666666
NamespaceContextImpl:0.16166666666666665
DOValidatorXMLSchemaTest:0.16166666666666665
FedoraServerTestCase:0.155
Constants:0.15333333333333332
ExportOptionsDialog:0.14333333333333334
ObjectFormatDialog:0.13
AtomNamespace:0.015
AtomZip1_1Format:0.006666666666666667
Atom1_1Format:0.006666666666666667
AtomZip1_1DOSerializer:0.0
Atom1_1DODeserializer:0.0
Atom1_1DOSerializer:0.0
