PrincipalInfo:0.5466666666666666
GwtServerHelper:0.4633333333333333
GwtViewHelper:0.45
