XmlPublisherDataRouter:0.6733333333333333
IDataLoaderContext:0.6046666666666667
XmlPublisherDataLoaderFilter:0.4
Output:0.09333333333333334
AbstractXmlPublisherExtensionPoint:0.09333333333333334
SimpleJmsPublisher:0.08
IPublisher:0.07187301587301588
IRouterContext:0.015
ICacheContext:0.0011111111111111111
