Token:0.5203333333333333
DefaultToken:0.23333333333333334
KeyBasedPersistenceTokenService:0.12666666666666668
SecureRandomFactoryBean:0.11666666666666667
SecureRandomFactoryBeanTests:0.09333333333333334
TokenService:0.08316666666666667
Sha512DigestUtils:0.05444444444444444
KeyBasedPersistenceTokenServiceTests:0.03333333333333333
DefaultTokenTests:0.006666666666666667
