ReportModule:0.6766666666666666
ReportModuleImpl:0.4066666666666667
RelevanceDashboardHelper:0.38666666666666666
WSClient:0.25666666666666665
SearchService:0.1942222222222222
SearchUtils:0.14666666666666667
SearchServiceEndpoint:0.13333333333333333
SearchServiceImpl:0.11333333333333333
