ExpectedData:0.87
Series2000Test:0.42333333333333334
ExpectedDataTest:0.06333333333333334
