Report:0.4
Resources:0.4
Format:0.3433333333333333
ResourcesTest:0.22305555555555553
PropertyTest:0.14666666666666667
ReportRecompile:0.12
