SomeCDKFunctionOne:0.5432936507936508
SomeCDKFunctionTwo:0.5432936507936508
