CommonConfiguration:0.61
Error:0.38
ErrorPanel:0.32666666666666666
GenericDialog:0.31666666666666665
Channel:0.2683333333333333
SearchResultDialog:0.23
ErrorPanelInternal:0.11333333333333333
