RackWidget:0.8483333333333334
ChangePositionAction:0.24333333333333335
