FlowExecutionContinuationDeserializationException:0.569555315055315
NoSuchFlowDefinitionException:0.37666666666666665
ResponseInstruction:0.25666666666666665
FlowExecutorIntegrationTests:0.25
ClientContinuationFlowExecutionRepository:0.22666666666666666
FlowRegistryImpl:0.22666666666666666
FlowRedirect:0.20333333333333334
ContinuationFlowExecutionRepository:0.18666666666666668
FlowExecutorImpl:0.17666666666666667
FlowExecutorArgumentExtractor:0.17333333333333334
ConversationRedirect:0.17
CannotContinueConversationException:0.14333333333333334
FlowExecutorArgumentExtractorTests:0.13333333333333333
TestFlowArtifactFactory:0.11666666666666667
FlowExecutionKeyFormatter:0.06
FlowExecutionKeyFormatterTests:0.04666666666666667
FlowControllerTests:0.016666666666666666
SessionMapLocator:0.016666666666666666
SimpleFlowExecutorIntegrationTests:0.0
FlowActionTests:0.0
