Config:0.46
SeqFeature:0.45
FeatureSet:0.4166666666666667
DrawableSeqFeature:0.4
Controller:0.38333333333333336
ApolloFrame:0.36
TierManager:0.36
DrawableFeatureSet:0.34
CGI:0.30666666666666664
ControlledObjectI:0.2848968253968253
ExpandableFeatureSet:0.27466666666666667
EnsCGIAdapterGUI:0.27
ApolloPanel:0.27
FeatureView:0.23666666666666666
TypePanel:0.22
EnsCGIAdapter:0.22
StrandedZoomableApolloPanel:0.21
DrawableAnnotatedSeqFeature:0.20666666666666667
DataLoader:0.2061111111111111
AnnotationChangeLog:0.19333333333333333
DrawableTerminalCodon:0.19305555555555554
DrawableSpliceSite:0.19305555555555554
HighlightDragListener:0.19
ScrollableTierView:0.19
FindPanel:0.18333333333333332
AnnotationEditor:0.17666666666666667
PropertyPanel:0.17333333333333334
BOFEWindowListener:0.16333333333333333
WindowMenu:0.15666666666666668
TypesObserver:0.15166666666666667
FeatureTreePanel:0.15
TableSelector:0.14833333333333334
ViewMenu:0.13666666666666666
LinearView:0.13666666666666666
AnnotationChangeCoalescer:0.13
StatusBar:0.11166666666666666
ApolloFrameManager:0.09833333333333333
FastaFile:0.09777777777777778
ControlledPanel:0.09666666666666666
ItemWindowListener:0.0033333333333333335
GuideLine:0.0033333333333333335
Orientations:0.0
