BaseOutputLayer:0.6366666666666667
EmbeddingLayer:0.21
GradientCheckTestsComputationGraph:0.19
TestGraphNodes:0.12666666666666668
