SelectStatementAnalyzerTest:0.6733333333333333
BaseAnalyzerTest:0.33166666666666667
TestMetaDataModule:0.21333333333333335
