CoreConnectionPool:0.595
DriverManagerConnectionProvider:0.43888888888888894
PostgreSqlDbAccess:0.22666666666666666
