Materialisation:0.5172222222222221
ShapeTransition:0.4633333333333333
ShapeNextState:0.30666666666666664
