XMLWidget:0.5266666666666666
Timer:0.4633333333333333
JFXPainterUtils:0.46
PictureAnimatedRenderer:0.45666666666666667
AppliConfiguration:0.4533333333333333
ServerXMLWidget:0.44333333333333336
ServerWidgetDefinition:0.43333333333333335
NumericReadoutRenderer:0.42
LayerTreeEditor:0.4166666666666667
SwingUtilsFactory:0.378
MapContextSource:0.37333333333333335
WidgetListChooser:0.37
FrameworkConfiguration:0.3566666666666667
MapLibraryManager:0.3433333333333333
SwingUIManager:0.34
JFXUIManager:0.3333333333333333
EngineHints:0.32666666666666666
JFXMapItemColor:0.32666666666666666
RendererFactory:0.32
EditorEngine:0.31222222222222223
EditBoxNumericRenderer:0.30333333333333334
ChangeWidgetEdit:0.2985555555555556
SliderRenderer:0.2966666666666667
TreeEditorHelper:0.28555555555555556
ARINC661App:0.28222222222222226
ListSpinner:0.28
TabPanelRenderer:0.27666666666666667
JFXEditorLayerManager:0.26
ClientGUIWrapper:0.26
SymbolAnimatedRenderer:0.24666666666666667
AbstractUIManager:0.24666666666666667
JFXEditorPanel:0.24666666666666667
EditBoxMultilineRenderer:0.24666666666666667
JFXMapsUtils:0.24333333333333335
JFXRendererBridge:0.24
TreeEditorCopyHelper:0.2372222222222222
GroupUngroupWidgetEdit:0.23166666666666666
DeleteCreateWidgetEdit:0.22666666666666666
FrameworkUtilities:0.22666666666666666
MapItemListRenderer:0.22333333333333333
ListSpinnerCaspianSkin:0.22
LabelRenderer:0.21916666666666668
AbstractServerEngine:0.21666666666666667
PropertyPanelFactory:0.21333333333333335
LineSegmentRenderer:0.21333333333333335
WidgetDefaultsHandler:0.21
ARINCSettings:0.21
TabbedPanelGroupRenderer:0.205
PopUpMenuRenderer:0.2
SwingGUITools:0.2
SwingUIDefinitionParser:0.19666666666666666
AbstractMoveWidgetEdit:0.19666666666666666
BasicWindowManager:0.19333333333333333
PopUpMenuButtonRenderer:0.19333333333333333
WidgetsRefHandler:0.18666666666666668
LayerTreeEditorCopyPasteTest:0.18333333333333332
EditorWidgetTableConstructor:0.18166666666666667
UIComponentsFactory:0.17666666666666667
BasicServerEngineTest:0.1688888888888889
EditBoxNumericBCDRenderer:0.16666666666666666
SizeToFitContainerRenderer:0.16666666666666666
WidgetDefaultsParser:0.16333333333333333
LineArcRenderer:0.16
SymbolRenderer:0.15333333333333332
CockpitPlugin:0.15333333333333332
MapsPlugin:0.15333333333333332
DefPolyLine:0.14666666666666667
ConvertToSynth2Dialog:0.13333333333333333
LookCapacitiesDialog:0.13333333333333333
ConvertFromSynth2Dialog:0.13333333333333333
LookDefinitionDialog:0.13333333333333333
JarDependencyTest:0.13166666666666665
BasicJFXServerEngineTest:0.13
UIPropertiesPlugin:0.12666666666666668
MapGridRenderer:0.12666666666666668
LayerTreeEditorCopyPaste4Test:0.12666666666666668
LineStartRenderer:0.12
PopUpPanelRenderer:0.11666666666666667
MapHorzContainerRenderer:0.11666666666666667
ShuffleToFitContainerRenderer:0.11666666666666667
JFXLineArcRenderer:0.10666666666666667
BackgroundDialog:0.09333333333333334
GroupActionListener:0.09333333333333334
MapHorzPanelRenderer:0.08694444444444444
TreeEditorScaleHelper:0.07666666666666666
ListSpinnerIntegerList:0.06833333333333333
PanelRenderer:0.06166666666666667
ListSpinnerBehavior:0.04833333333333333
Invoker:0.0033333333333333335
