Counts:0.7466666666666667
RestClusterStatsAction:0.25333333333333335
ClusterStatsIT:0.23333333333333334
