GasteigerMarsiliPartialChargesTest:0.66
MreactionTests:0.33
MextraTests:0.25666666666666665
MqsarTests:0.12666666666666668
