CtrlCall:0.36333333333333334
Recipe:0.29
CtrlLabel:0.2633333333333333
CtrlState:0.25333333333333335
CtrlAut:0.25
RuleModel:0.24333333333333335
ResourceDisplay:0.22666666666666666
EnableAction:0.22333333333333333
CtrlFactory:0.22
GraphGrammar:0.21666666666666667
CtrlTree:0.21
Namespace:0.20166666666666666
CtrlBuildTest:0.2
RuleJTree:0.16666666666666666
CtrlLoader:0.14666666666666667
CtrlHelper:0.14333333333333334
TransitionSet:0.11666666666666667
RuleTreeNode:0.1
CompositeControlModel:0.02
