EventConfDao:0.8433333333333334
EventconfFactory:0.5266666666666666
DefaultEventConfDao:0.49333333333333335
EventExpander:0.3233333333333333
EventIpcManagerDefaultImpl:0.26666666666666666
Trapd:0.2633333333333333
TrapHandler:0.2633333333333333
Eventd:0.24
TrapQueueProcessor:0.24
TrapHandlerTest:0.23833333333333334
EventconfFactoryTest:0.23666666666666666
EventconfFactorySaveTest:0.22333333333333333
EventdTest:0.19666666666666666
OpenNMSTestCase:0.19
EventConfDataTest:0.18666666666666668
BroadcastEventProcessor:0.17
BroadcastEventProcessorTest:0.06333333333333334
EventHandler:0.06
EventExpanderTest:0.013333333333333334
EventIpcManagerDefaultImplTest:0.006666666666666667
