ChronicleMapBuilder:0.6566666666666666
ChronicleMap:0.3826111111111111
ConcurrentMap8Test:0.22666666666666666
ByteableMarshaller:0.18666666666666668
ByteableMarshallerWithCustomFactory:0.17666666666666667
ExternalizableMarshallerWithCustomFactory:0.08666666666666667
BytesMarshallableMarshallerWithCustomFactory:0.08666666666666667
