AdaptiveAnnealingEngine:0.5166666666666667
StochasticStructureElucidationJob:0.4633333333333333
AnnealingEngineI:0.2758888888888889
