StandardDrawingView:0.7233333333333334
CompositeFigure:0.42
AbstractFigure:0.2633333333333333
ZoomDrawingView:0.25
