ProjectedMapItem:0.43011904761904757
Triangle:0.43
MapContext:0.39666666666666667
MapContextSource:0.3566666666666667
AbstractMapItem:0.27666666666666667
MapItemRendererFactory:0.23666666666666666
AbstractProjectedMapItem:0.23666666666666666
ARINCMapVertItems:0.23
Line:0.23
TriangleDouble:0.22666666666666666
PolygonContext:0.22
CoursePoint:0.20666666666666667
LegendContext:0.2
ARINCMapVertSource:0.2
ARINCMapHorzSource:0.2
Vertex:0.19
ARINCMapHorzItems:0.19
BiReferencedAbstractProjectedMapItem:0.17
MapHorzRenderer:0.16333333333333333
TriangleContext:0.15
MapVertRenderer:0.14333333333333334
CourseArc:0.14
InnerMouseInputAdapter:0.12333333333333334
AbstractProjection:0.1
LineContext:0.09833333333333333
TriangleSegmentDouble:0.08333333333333333
TriangleEndDouble:0.08333333333333333
Starter:0.07666666666666666
DrawLineToCursor:0.07333333333333333
BearingProjection:0.05
GraphicalProperties:0.04833333333333333
TriangleSegment:0.023333333333333334
TriangleEnd:0.023333333333333334
LineToCursorContext:0.02
TriangleStart:0.016666666666666666
LatLongProjection:0.013333333333333334
VerticalProjectionImpl:0.013333333333333334
DistDistProjection:0.013333333333333334
