SunshineOctree:0.7866666666666666
SunshineBidirPathtracer:0.42333333333333334
