Simulator:0.5466666666666666
Options:0.4266666666666667
DefaultExplorationAction:0.3333333333333333
DefaultMarking:0.3233333333333333
CTLFormula:0.3
LaunchThread:0.21666666666666667
Atom:0.19
ExplorationDialog:0.18166666666666667
LTSPanel:0.17
ModelCheckingMenu:0.17
CTLTransitionMarker:0.08333333333333333
CheckCTLAction:0.02666666666666667
