LuceneProvider:0.5333333333333333
SearcherManager:0.2866666666666667
IndexingResource:0.25333333333333335
LuceneProviderManager:0.23666666666666666
CommitThread:0.2094444444444445
LuceneProviderManagerMBean:0.09166666666666666
IndexSearcherHandle:0.02
