Point:0.5108333333333334
Cluster:0.36666666666666664
ClusterUtils:0.3566666666666667
