PetiteContainer:0.5
PetiteBeans:0.31
LocalizationUtil:0.2866666666666667
LagartoDOMBuilderTagVisitor:0.19333333333333333
HtmlStaplerFilter:0.18
