FeaturesConfig:0.82
LocalQueryRunner:0.41
BinarySpillerFactory:0.3466666666666667
TestFeaturesConfig:0.22
BinaryFileSpiller:0.14
TaskTestUtils:0.12666666666666668
