Tool:0.4
GrammarASTWithOptions:0.24
GrammarASTAdaptor:0.21777777777777782
DFA29:0.20111111111111113
GrammarRootAST:0.13
TerminalAST:0.12333333333333334
ActionAST:0.11333333333333333
BlockAST:0.10666666666666667
AltAST:0.10333333333333333
RuleAST:0.05333333333333334
