ProfileModule:0.665
AdminModule:0.44484523809523807
GwtServerHelper:0.31333333333333335
BaseAdminModule:0.30666666666666664
MobileDevices:0.3
User:0.24333333333333335
MobileAppsConfig:0.22666666666666666
ProfileModuleImpl:0.20666666666666667
MobileOpenInWhiteLists:0.19333333333333333
