Signature:0.49333333333333335
FunctionInfo:0.43666666666666665
FunctionRegistry:0.27
TestSignature:0.24
MapSubscriptOperator:0.23333333333333334
Signatures:0.23
TypeUtils:0.17333333333333334
MapConstructor:0.14333333333333334
ArrayConstructor:0.13333333333333333
ParametricFunction:0.10087301587301586
ArrayCardinalityFunction:0.07333333333333333
ArraySubscriptOperator:0.06333333333333334
IdentityCastParametricFunction:0.03333333333333333
