MapService:0.53
DynamicClusterTest:0.36
PartitionRecordStore:0.3566666666666667
BaseTest:0.30333333333333334
MapEvictionTest:0.2966666666666667
