Native:0.6883333333333334
JNAUnloadTest:0.30666666666666664
ReturnTypesTest:0.2961111111111111
ArgumentsMarshalTest:0.2866666666666667
NativeTest:0.27
CallbacksTest:0.2533333333333333
TestLoader:0.18222222222222223
