ResourceDriverManager:0.8054761904761905
ResourceDriver:0.7608333333333334
ResourceDriverManagerUtil:0.36
