PluginJAR:0.2297475
jEdit:0.18574321
PluginManager:0.15359929
EditPlugin:0.12946758
PluginDetailPanel:0.12698413
Roster:0.12204216
MiscUtilities:0.09596108
VFSBrowser:0.091856234
GUIUtilities:0.0896925
VFS:0.08298857
JARClassLoader:0.08060495
VFSFileChooserDialog:0.06919272
HelpViewer:0.06534845
VFSManager:0.045977432
Log:0.042842176
FileVFS:0.037424695
EditBus:0.034827895
XMLUtilities:0.026968276
StandardUtilities:0.026106102
IOUtilities:0.0238409
KeyboardCommand:0.009086028
PropertiesChanged:0.007412016
RolloverButton:0.005330565
