PluginJAR:0.17668794
jEdit:0.14069289
ManagePanel:0.11924055
IOUtilities:0.10757129
MiscUtilities:0.09011829
PluginUpdate:0.08178673
InstallPanel:0.07813142
MirrorList:0.05767658
FileVFS:0.055308968
GUIUtilities:0.050700065
PluginManagerProgress:0.043652963
Log:0.038146432
EditBus:0.029966742
