InvalidConstructor:0.569555315055315
ContainerImpl:0.5666666666666667
ContainerBuilder:0.31
BindingBuilder:0.21966666666666668
FieldInjector:0.21833333333333332
MethodInjector:0.20666666666666667
ConstructorInjector:0.19
ConstantConversionTest:0.15333333333333332
PrimitiveConverters:0.13333333333333333
ConstantConversionException:0.06333333333333334
Validation:0.045
RuntimeErrorHandler:0.04015873015873015
ConfigurationErrorHandler:0.03
InvalidErrorHandler:0.0
