Dialect:0.5613888888888889
Teradata14IdentityColumnSupport:0.3883333333333333
TeradataDialect:0.29
Teradata14Dialect:0.21333333333333335
