DMLProjector:0.4544444444444445
UpdateConsumer:0.3466666666666667
UpdatePlannerTest:0.26666666666666666
DeleteStatementPlanner:0.23333333333333334
