Printer:0.8133333333333334
GCodeReaderAndWriter:0.4266666666666667
SNAPReprap:0.3333333333333333
PrintTabFrame:0.30333333333333334
GCodeRepRap:0.27666666666666667
Simulator:0.23666666666666666
