CoverageTest:0.5531481481481482
AllGistManagerTests:0.4442619047619048
APITest:0.29
