PreferencesPage:0.5033333333333333
ISphereCompare:0.4716666666666667
DefaultFileDialog:0.31222222222222223
