ActionRuntime:0.6466666666666666
MadvocConfig:0.5266666666666666
ActionMethodParser:0.32
ActionBuilder:0.26
WrapperManager:0.22666666666666666
ResultsManager:0.13666666666666666
FiltersManager:0.09
InterceptorsManager:0.09
