TaskOutput:0.5866666666666667
SqlTaskExecution:0.4166666666666667
TaskExecution:0.39
SqlStageExecution:0.37333333333333335
HttpRemoteTask:0.31
UpdateLoop:0.2519444444444444
TaskManager:0.215
SqlQueryExecution:0.18333333333333332
RemoteTask:0.15111111111111108
StageExecutionNode:0.15111111111111108
SqlTaskManager:0.14666666666666667
TaskResource:0.14
MockTaskManager:0.13
TestAlignmentOperator:0.1
TestRecordProjectOperator:0.1
PrestoHeaders:0.03333333333333333
