ZooKeeperMetrics:0.40996031746031747
NoopZooKeeperMetrics:0.40996031746031747
ReportingZooKeeperClient:0.4033333333333333
ZooKeeperModelReporter:0.29333333333333333
ZooKeeperMetricsImpl:0.29
ZooKeeperMetricsImplTest:0.23333333333333334
