RobolectricContext:0.5266666666666666
AndroidResourcePathFinder:0.44666666666666666
Attribute:0.38
