ProcessCache:0.6633333333333333
AbstractFormInstanceCreator:0.3577777777777778
FormInstanceCreator:0.2611111111111111
ProcessInstanceView:0.2
OutsidePlantComponent:0.14666666666666667
