Robolectric:0.56
TimeTest:0.32666666666666666
ShadowTime:0.3144444444444444
ShadowHandler:0.25666666666666665
ShadowAlarmManager:0.19333333333333333
ShadowMessage:0.18
MessageTest:0.14333333333333334
AlarmManagerTest:0.09333333333333334
HandlerTest:0.08333333333333333
