AbstractAutomatonTest:0.5366666666666666
DFATest:0.2633333333333333
