ProgramStepFactory:0.5833333333333334
DefaultExecutionTracker:0.4533333333333333
