MetaModule:0.8433333333333334
InvoiceDetailTest:0.3433333333333333
