AnalysisFilter:0.5530555555555555
FastaHeader:0.41977777777777775
Sim4Parser:0.3333333333333333
