SyntenyLinkPanel:0.5966666666666667
DrawableLink:0.5627777777777778
SyntenyLinkPolygon:0.54
LineAndBar:0.31
