MultiLayerNetwork:0.81
TestUtils:0.2966666666666667
EvalTest:0.2633333333333333
