Metadata:0.5966666666666667
SIPCreator:0.2966666666666667
DCFields:0.28
SaveSIPAction:0.23
MinimalMetadata:0.21222222222222223
ChangeDirectoryAction:0.20666666666666667
CloseCurrentTabAction:0.17666666666666667
Constants:0.0
