FeatSub:0.43666666666666665
ChadoWriter:0.3575
GameWriter:0.2966666666666667
Mapping:0.25833333333333336
GameSaxReader:0.25666666666666665
ChadoSaxReader:0.23666666666666666
