RackViewTopComponent:0.43333333333333335
RackWidget:0.4166666666666667
RackViewScene:0.4033333333333333
EquipmentWidget:0.29333333333333333
NestedDeviceWidget:0.2733333333333333
NestedDevice:0.202
RackTableViewTopComponent:0.2
RackUnitWidget:0.10444444444444444
RackViewService:0.09333333333333334
PortWidget:0.08333333333333333
RackWidgetWrapper:0.08
ChangePositionAction:0.0513888888888889
SelectableRackViewWidget:0.05
RackViewConnectionRouter:0.02
RackViewWidget:0.0175
RackViewConnectionWidget:0.0
