UnitCollection:0.45666666666666667
Iterator:0.3566666666666667
UnitIterator:0.34
PersonCollection:0.06
SettlementCollection:0.06
VehicleCollection:0.06
SettlementIterator:0.04666666666666667
VehicleIterator:0.04666666666666667
PersonIterator:0.04666666666666667
