UINodeHandler:0.8221031746031746
RegistryAdapter:0.5366666666666666
CheckBoxItem:0.44333333333333336
