UserMgmtService:0.44333333333333336
Filler:0.4033333333333333
UserQueryServiceTestCase:0.24333333333333335
CategoryProcessor:0.17333333333333334
UserMgmtServiceTestCase:0.043333333333333335
