LuceneDocCollector:0.5866666666666667
SortSymbolVisitor:0.38333333333333336
ShardCollectService:0.32666666666666666
LuceneSortGenerator:0.18666666666666668
