GraphTransition:0.8399999999999999
VerifyCTLAction:0.44666666666666666
CTLTransitionMarker:0.15
