Setting:0.7763333333333332
SettingTests:0.29547619047619045
