WebSocketServer:0.61
Base64:0.5466666666666666
WebsocketNotConnectedException:0.17544444444444443
NotSendableException:0.15281746031746035
CompressionExtension:0.13
ContinuousFrameTest:0.03666666666666667
BinaryFrameTest:0.03666666666666667
TextFrameTest:0.03666666666666667
