ItemOrientedStep:0.62
ItemOrientedStepTests:0.37333333333333335
ListenerMulticaster:0.26
DefaultStepFactoryBean:0.08666666666666667
SimpleStepFactoryBean:0.07333333333333333
