TestToolSyntaxErrors:0.7432222222222222
ToolANTLRLexer:0.2833333333333333
