ResourceFormatTest:0.51
MioTests:0.26
ADFFormatTest:0.08609523809523811
AlchemyFormatTest:0.08609523809523811
CacaoInternalFormatTest:0.08609523809523811
CacaoCartesianFormatTest:0.08609523809523811
CACheFormatTest:0.08609523809523811
Aces2FormatTest:0.08609523809523811
BSFormatTest:0.08609523809523811
BGFFormatTest:0.08609523809523811
