Process:0.5933333333333334
Token:0.5066666666666667
Action:0.45
BatchPresentationConsts:0.32022222222222224
GenericDAO:0.25333333333333335
BpmnXmlReader:0.22333333333333333
GraphElement:0.22
Timer:0.20333333333333334
TaskNodeFigure:0.19
ServiceTask:0.18
DatabaseTaskXmlParser:0.175
BatchPresentationFactory:0.175
JpdlXmlReader:0.16666666666666666
SystemUtils:0.16333333333333333
ExecutionLogic:0.16
Join:0.13966666666666666
ProcessVariablesRowBuilder:0.13666666666666666
NodeProcessDAO:0.13666666666666666
EndNode:0.11666666666666667
EndTokenNode:0.11666666666666667
BPMNFigureFactory:0.09333333333333334
GroupMembersComboboxVarTag:0.08333333333333333
ActionLog:0.05333333333333334
