DocumentImpl:0.5466666666666666
HtmlDocumentHandler:0.47
HtmlDocumentFormat:0.38666666666666666
