AllocationCommands:0.43
RerouteExplanation:0.33666666666666667
StreamInput:0.30333333333333334
AllocateEmptyPrimaryAllocationCommand:0.27666666666666667
AbstractAllocateAllocationCommand:0.24333333333333335
AllocationCommandsTests:0.23666666666666666
StreamOutput:0.22333333333333333
ClusterRerouteRequest:0.18
MoveAllocationCommand:0.16666666666666666
AllocationCommand:0.16333333333333333
CancelAllocationCommand:0.14666666666666667
Builder:0.14333333333333334
AllocateStalePrimaryAllocationCommand:0.14
AllocateReplicaAllocationCommand:0.14
ClusterRerouteRequestBuilder:0.12333333333333334
NetworkModule:0.11333333333333333
BasePrimaryAllocationCommand:0.09333333333333334
Parser:0.07
RestClusterRerouteAction:0.01
