FeatureView:0.5033333333333333
DragFeatureView:0.4
EvidencePanel:0.33666666666666667
