SwaggerContextService:0.6833333333333333
BeanConfig:0.41333333333333333
BaseApiListingResource:0.2866666666666667
SwaggerContextServiceTest:0.19333333333333333
