InternalSettingsPreparer:0.42
InternalSettingsPreparerTests:0.37666666666666665
PluginsService:0.34
CliTool:0.2866666666666667
PluginManager:0.24333333333333335
PluginManagerIT:0.22
Bootstrap:0.20666666666666667
Builder:0.2
Node:0.19666666666666666
PluginManagerCliParser:0.1811111111111111
NettyTransportMultiPortIntegrationIT:0.11
PluginsServiceTests:0.11
