Mirror:0.5566666666666666
JsonRender:0.5097222222222222
JsonRenderImpl:0.35333333333333333
JsonFormat:0.24
Json:0.23666666666666666
JsonTest:0.16666666666666666
Function:0.014285714285714285
