Util:0.76
StringUtils:0.4266666666666667
Val:0.36
RenderAndBindTests:0.21666666666666667
