DefaultConfiguration:0.44333333333333336
Tools:0.31333333333333335
DefaultDSLContext:0.29333333333333333
DSLContext:0.2866666666666667
DefaultTransactionProvider:0.22333333333333333
