FailOnTimeout:0.44333333333333336
Description:0.378
TemporaryFolder:0.32
StatementThread:0.31
FrameworkMethod:0.25
Result:0.2155952380952381
AllTests:0.16666666666666666
Failure:0.1488888888888889
IncorrectUsage:0.10666666666666667
TempFolderRuleTest:0.06333333333333334
