PeakTableViewer:0.625
SpectrumEditor:0.44166666666666665
SpectrumChartFactory:0.33194444444444443
