Hits:0.37333333333333335
SearchUtils:0.3233333333333333
SearchObject:0.3233333333333333
RssModuleImpl:0.26
LuceneProvider:0.24666666666666667
VibeAnalyzer:0.22333333333333333
VibeIndexAnalyzer:0.22
VibeQueryAnalyzer:0.22
VibeASCIIFoldingFilter:0.22
VibeSnowballFilter:0.20333333333333334
TokenDecomposingFilter:0.18
SsfTokenFilter:0.07
