ProfileModule:0.7
User:0.43666666666666665
BaseService:0.33
AjaxController:0.3
ProfileModuleImpl:0.2
Constants:0.13666666666666666
ObjectKeys:0.03
