MainScene:0.37
Person:0.30666666666666664
MainMenu:0.29333333333333333
MainWindow:0.24333333333333335
SimulationConfigEditor:0.21666666666666667
EarthClock:0.21666666666666667
HeatTableModel:0.19666666666666666
