ClientExecutorServiceProxy:0.6011111111111112
ClientExecutorServiceTest:0.23333333333333334
