NativeSQLQueryRootReturn:0.4266666666666667
NativeSQLQueryNonScalarReturn:0.34
QueryAndSQLTest:0.30333333333333334
RootReturnBuilder:0.2966666666666667
FetchReturnBuilder:0.2866666666666667
