PortletCodeGenerator:0.7986666666666666
XavaPortlet:0.5716666666666667
