JmolScriptResource:0.7266666666666667
JmolView:0.36666666666666664
RunJmolScriptActionDelegate:0.29333333333333333
JmolScriptResourceFactory:0.05333333333333334
JmolScriptResourcePropertySource:0.03666666666666667
