DebugRingTest:0.37
DebugAtomContainerTest:0.09333333333333334
DebugChemObjectTest:0.07
DebugCrystalTest:0.06666666666666667
DebugPDBAtomTest:0.06
DebugAtomTypeTest:0.056666666666666664
