Unbound:0.6866666666666666
ByteBuddy:0.56
Builder:0.31137301587301586
SuffixingRandom:0.29
AbstractDelegatingBuilder:0.29
MethodAnnotationTarget:0.2866666666666667
AbstractBase:0.2733333333333333
OptionalMethodInterception:0.2733333333333333
Fixed:0.19
ByteBuddyTutorialExamplesTest:0.18666666666666668
ByteBuddyTest:0.11833333333333333
NamingStrategyTest:0.08
PrefixingRandom:0.05333333333333334
