Packet:0.6366666666666667
MockConnection:0.3
PacketTest:0.2966666666666667
MemberChannelInboundHandlerTest:0.22666666666666666
MemberChannelInboundHandler:0.20333333333333334
MemberChannelOutboundHandler:0.1588888888888889
MemberChannelOutboundHandlerTest:0.13666666666666666
