XmlPage:0.41
XmlUtil:0.264
NamedNodeMap:0.2306666666666667
HtmlElementTest:0.22666666666666666
XMLDocument:0.22666666666666666
XMLElement:0.21666666666666667
SimpleScriptableTest:0.19666666666666666
XMLSerializer:0.17133333333333334
HtmlUnitPrefixResolver:0.11
