DcmElementImpl:0.59
DcmSnd:0.43
DcmParserImpl:0.42333333333333334
CheckImpl:0.2866666666666667
