Types:0.5466666666666666
BindingUtil:0.4066666666666667
ASTUtil:0.37333333333333335
ASTFactory:0.3566666666666667
StatementGenerator:0.32666666666666666
ObjectiveCImplementationGenerator:0.21666666666666667
JavaToIOSTypeConverter:0.19333333333333333
DeadCodeEliminator:0.19333333333333333
JavaToIOSMethodTranslator:0.19333333333333333
DestructorGenerator:0.185
JavaMethod:0.185
ObjectiveCSourceFileGenerator:0.18333333333333332
RewriterTest:0.16111111111111112
InitializationNormalizer:0.14333333333333334
Rewriter:0.13
