ComparisonExpression:0.5366666666666666
ImportColumnHandle:0.5166666666666667
SplitManager:0.41333333333333333
