NodeRunner:0.49333333333333335
JPPFNodeAdmin:0.47333333333333333
JMXConnectionWrapper:0.3933333333333333
JMXNodeConnectionWrapper:0.32
RestartNodeAction:0.12333333333333334
