Py:0.7066666666666667
__builtin__:0.35333333333333333
PythonInterpreter:0.21333333333333335
PythonTreeTester:0.19666666666666666
jython:0.19666666666666666
