ImmediateModeRenderer:0.6872222222222223
ImmediateModeRenderer10:0.37
ShapeRenderer:0.37
ImmediateModeRenderer20:0.2633333333333333
