LdapAuthenticationProvider:0.4533333333333333
Essence:0.38666666666666666
LdapUserDetailsImpl:0.37
BindAuthenticator:0.26777777777777784
LdapUserDetailsMapper:0.20333333333333334
