ClientEngine:0.7433333333333333
ClientMessageDecoder:0.41
ClientEngineImpl:0.38666666666666666
MemberChannelInitializer:0.25666666666666665
MockedNodeConnection:0.20055555555555554
ClientMessageSplitAndBuildTest:0.19333333333333333
ClientChannelInitializer:0.12666666666666668
