ComputationGraph:0.7258333333333333
LastTimeStepVertex:0.25666666666666665
GradientCheckTestsComputationGraph:0.11666666666666667
TestGraphNodes:0.10666666666666667
