RGB2Spectrum_Ref:0.4553333333333333
RGB2Spectrum_Illum:0.4553333333333333
