RealWebSocket:0.5266666666666666
WebSocketHttpTest:0.35333333333333333
OkHttpClient:0.32166666666666666
MockWebServer:0.2886111111111111
TestStreams:0.16333333333333333
