JobHandler:0.47
ApplicationWorkbenchAdvisor:0.47
ComplexSortSelector:0.27666666666666667
Messages:0.22191269841269842
AbstractSplashHandler2:0.023333333333333334
NullComparator:0.006666666666666667
