ManagedChannelImplTest:0.57
InternalSubchannel:0.52
Channelz:0.32666666666666666
LbHelperImpl:0.2711111111111111
TestUtils:0.24555555555555558
InternalSubchannelTest:0.23666666666666666
TransportListener:0.17333333333333334
