FeatureEditPanel:0.45
FeatureEditorDialog:0.44
GeneEditPanel:0.38333333333333336
TranscriptEditPanel:0.3233333333333333
