WfTask:0.5433333333333333
HandlerData:0.4633333333333333
ExecutionService:0.2886666666666667
ExecutionServiceBean:0.2833333333333333
ExecutionServiceDelegate:0.21
WfTaskFactory:0.12666666666666668
CommonParamBasedHandler:0.09
