MapStoreDeleteProcessor:0.47866666666666674
MapStoreWriteProcessor:0.47866666666666674
