MockHttpServletRequest:0.38666666666666666
NutServlet:0.3383333333333333
NemberTwoModule:0.24666666666666667
NutFilter:0.24333333333333335
MvcBaseTest:0.16666666666666666
ServerRedirectViewTest:0.16666666666666666
