ControllerHub:0.39666666666666667
BoundsGenerator:0.2733333333333333
ReactionPlusGenerator:0.27
ReactionBoxGenerator:0.2295952380952381
ReactionArrowGenerator:0.21333333333333335
ReactantsBoxGenerator:0.17
ProductsBoxGenerator:0.1
