RestMethodInfoTest:0.4166666666666667
RestAdapter:0.4
RestMethodInfo:0.2487777777777778
Builder:0.17666666666666667
Base:0.15
Android:0.14077777777777778
