SerializableTypeDescriptor:0.52
FallbackJavaTypeDescriptor:0.45666666666666667
SerializableMutabilityPlan:0.44666666666666666
ImmutableTest:0.22
