KeyEventTranslator:0.5433333333333333
KeyEventWorkaround:0.5383333333333333
