EditView:0.5566666666666666
ProxyName:0.4166666666666667
ProxyFile:0.31222222222222223
