ServerAddress:0.6066666666666667
Mongo:0.39222222222222225
ReplicaSetStatus:0.3233333333333333
