EventQueueProcessor:0.5566666666666666
Xmlrpcd:0.49
XmlrpcdConfigFactory:0.4766666666666667
