GenericCartesianPrinter:0.6797222222222223
SNAPExtruder:0.4352777777777778
