ResultDecoder:0.6433333333333333
BsonEncoding:0.3566666666666667
RepositorySetup:0.18333333333333332
SimpleReplacerTest:0.17333333333333334
SimpleUpdaterTest:0.06666666666666667
