Disco:0.4
XmppItem:0.35
IoDataElement:0.3233333333333333
XMLConverter:0.20444444444444446
ExceptionGenerator:0.18666666666666668
Config:0.17666666666666667
