ReflectionUtils:0.6366666666666667
ReflectionUtilsTests:0.36333333333333334
TreePrinter:0.3333333333333333
Basic:0.24666666666666667
Executor:0.09666666666666666
TreeNode:0.05
ConsoleDetailsTests:0.043333333333333335
