TreeConverter:0.38333333333333336
Type:0.37
TreeUtil:0.34
PropertyAnnotation:0.29333333333333333
BodyDeclaration:0.25333333333333335
Expression:0.23
TypeCollector:0.17
