ApprovalStep:0.5566666666666666
ApprovalProfile:0.4533333333333333
ApprovalProfileMBean:0.41
ApprovalRequest:0.34
