Gedcom:0.5933333333333334
PropertyShuffle:0.18666666666666668
PropertyDel:0.14333333333333334
PropertyAdd:0.14333333333333334
PropertyValue:0.14333333333333334
