ObjectList:0.37666666666666665
ByteList:0.21833333333333332
CharList:0.21833333333333332
DoubleList:0.21833333333333332
ShortList:0.21833333333333332
LongList:0.21833333333333332
FloatList:0.21833333333333332
IntList:0.21833333333333332
BooleanList:0.215
