ChatServer:0.5566666666666666
AutobahnServerTest:0.4166666666666667
AutobahnClientTest:0.3933333333333333
