Saros:0.49333333333333335
XMPPAccountStore:0.31666666666666665
PreferenceConstants:0.2911111111111111
GeneralPreferencePage:0.2833333333333333
PreferenceUtils:0.23666666666666666
PreferenceInitializer:0.1
StartupSaros:0.06
