DefaultAuthorization:0.38666666666666666
AllSystemTestsConfigA:0.38
TestManyDisseminations:0.3473333333333333
TestXACMLPolicies:0.33
PolicyEnforcementPoint:0.33
ManyDisseminationsTestSetup:0.27638888888888885
ResourceAttributeFinderModule:0.24333333333333335
AllCommonSystemTests:0.1051111111111111
