Connection:0.8366666666666667
ProtocolTest:0.37333333333333335
Protocol:0.3655555555555555
