ApplicationEntityManager:0.7933333333333333
WebserviceBeanImpl:0.33
BridgeDomainSyncProvider:0.27666666666666667
ApplicationEntityManagerImpl:0.26
BgpSyncProvider:0.25833333333333336
SnmpCiscoVlansSyncProvider:0.25833333333333336
ReferenceSnmpSyncProvider:0.25833333333333336
IPAddressesSyncProvider:0.25833333333333336
