HtmlPage:0.5227777777777777
WebRequestSettings:0.43333333333333335
WebClient:0.38
BaseFrame:0.19666666666666666
DocumentTest:0.19666666666666666
HTMLElementTest:0.19333333333333333
HtmlSelectTest:0.19
HtmlInputTest:0.18666666666666668
HtmlPageTest:0.18666666666666668
HtmlFormTest:0.18
WebClientTest:0.18
HtmlTextAreaTest:0.15666666666666668
