Content:0.6566666666666666
StoreContent:0.2966666666666667
AbstractBasicContentEditor:0.26666666666666666
ShopContent:0.20333333333333334
StoreContentEditor:0.19666666666666666
CMSPageEditor:0.18666666666666668
CMSContent:0.17666666666666667
ContentGroupEditor:0.16333333333333333
FilterContent:0.15
FileContent:0.14666666666666667
URLContent:0.14666666666666667
ContentGroup:0.11333333333333333
