NflGame:0.5366666666666666
SqlNflPlayerDao:0.48333333333333334
NflPlayerSummary:0.38
SqlNflPlayerSummaryDaoIntegrationTests:0.05
SqlNflPlayerDaoIntegrationTests:0.03
SqlNflGameDaoIntegrationTests:0.02666666666666667
