Bytes:0.5266666666666666
ByteEncoder:0.3933333333333333
ByteDecoder:0.2833333333333333
JSON:0.17333333333333334
