Logger:0.5933333333333334
DataManager:0.3466666666666667
MetadataSchema:0.3233333333333333
MetadataType:0.30666666666666664
EditLib:0.2866666666666667
SimpleTypeEntry:0.2633333333333333
ElementEntry:0.22333333333333333
ComplexTypeEntry:0.21444444444444447
GroupEntry:0.17
ComplexContentEntry:0.16333333333333333
SchemaLoader:0.16
AttributeEntry:0.13333333333333333
