File:0.5766666666666667
FileList:0.41
FileListDiff:0.31333333333333335
MetaData:0.29333333333333333
FileListTest:0.2633333333333333
