SpectrumUtils:0.41
SpectrumResource:0.30666666666666664
JcampParser:0.2711111111111111
CMLToJcampSpectrumMapper:0.23111111111111116
JcampToCMLSpectrumMapper:0.2111111111111111
ContinuousSpectrumView:0.2025
PeakTableViewer:0.1975
SpectrumMetadataView:0.18666666666666668
MetadataUtils:0.1811111111111111
PeakSpectrumView:0.1811111111111111
