HttpClient:0.6783333333333333
KeyStoreHelper:0.41333333333333333
ClusterWideMapTest:0.37666666666666665
HttpTLSTest:0.29333333333333333
WrappedAsyncMap:0.28
FakeAsyncMap:0.24666666666666667
AsyncMap:0.24666666666666667
JsonObjectTest:0.22666666666666666
Cert:0.18333333333333332
KeyStoreTest:0.16666666666666666
Http1xTest:0.15083333333333335
WebsocketTest:0.15083333333333335
HttpClientImpl:0.12666666666666668
