GWebCache:0.6166666666666667
GWebCacheContainer:0.46
GWebCacheConnection:0.25666666666666665
GWebCacheComparator:0.17444444444444446
QueryHostsRunner:0.13666666666666666
QueryGWebCachesRunner:0.09333333333333334
