BufferedTokenStream:0.6341666666666667
DropLoopEntryBranchInLRRule:0.20344444444444443
