OracleMigrationMediumTest:0.6677777777777777
OracleDbSupportMediumTest:0.4
SqlMigrationExecutor:0.20333333333333334
OracleConcurrentMigrationMediumTest:0.09
