LeaderType:0.20666666666666667
InfantryType:0.20666666666666667
WeaponUnitType:0.20666666666666667
GunUnitType:0.18666666666666668
MarkerType:0.18666666666666668
VehicleTypes:0.11333333333333333
SniperType:0.06666666666666667
