ReportConfiguration:0.4066666666666667
DateStopFilter:0.36
DateStartFilter:0.2733333333333333
