ExpandableFeatureSet:0.7128888888888889
MovementPanel:0.7016666666666667
