Context:0.6333333333333333
FetchProjector:0.41
SymbolPrinterTest:0.31666666666666665
InterceptingRowReceiver:0.2472222222222222
FetchReference:0.24666666666666667
ProjectionToProjectorVisitor:0.24
AbstractProjector:0.22666666666666666
FetchContext:0.21
TransportFetchNodeAction:0.13333333333333333
