Mars:0.49333333333333335
MalfunctionConfig:0.37333333333333335
MalfunctionFactory:0.31333333333333335
SimulationConfig:0.25
