PatternState:0.7516666666666667
PatternShapeIsoChecker:0.41333333333333333
PSTS:0.23666666666666666
PatternShapeGenerator:0.14111111111111113
PatternDFSStrategy:0.13666666666666666
PatternGraphState:0.07666666666666666
ShapeStateSet:0.0526984126984127
