HttpConnection:0.46
HttpEngine:0.33
RouteSelectorTest:0.2733333333333333
HttpConnectionPool:0.25
RouteSelector:0.23255555555555554
HttpTransport:0.19222222222222224
SpdyTransport:0.19055555555555556
