MoleculeKU:0.72
WriteResultsAsHTML:0.2966666666666667
SMARTCyp:0.21
GenerateImages:0.20666666666666667
WriteResultsAsCSV:0.12333333333333334
