SimpleIndexQueryParserTests:0.5033333333333333
Fields:0.4511111111111111
FetchSourceContext:0.4033333333333333
MoreLikeThisQueryBuilder:0.24333333333333335
MultiGetRequest:0.22666666666666666
Item:0.20666666666666667
MoreLikeThisQueryParser:0.20333333333333334
SearchModule:0.18555555555555558
Uid:0.16666666666666666
MoreLikeThisActionTests:0.04666666666666667
MockMoreLikeThisFetchService:0.018888888888888886
