MetaEditor:0.6033333333333334
EditorsParser:0.33
CarrierWithCalculatedFellowsTest:0.31
CarrierTest:0.29
WebEditors:0.2608333333333333
AJAXTest:0.19666666666666666
SubfamilyTest:0.06666666666666667
XmlElementsNames:0.0
