LWJGLUtil:0.41333333333333333
Sys:0.38
LWJGLInstaller:0.27666666666666667
ILNative:0.27666666666666667
FMOD:0.27
