ControlSession:0.5133333333333333
ArchiveConductor:0.4533333333333333
ReplaySessionTest:0.43
ReplaySession:0.28
ListRecordingsSession:0.17666666666666667
