BroadcastEventProcessor:0.6766666666666666
ConvertToEvent:0.41933333333333334
AddPollerConfigServlet:0.39
