ConcreteLayerPainter:0.65
AbstractLayerPainter:0.46111111111111114
LayerPainter:0.42380555555555555
