JavaBeanDescriptor:0.7633333333333333
Constants:0.5040555555555557
ProtocolUtils:0.28
GenericImplFilter:0.21
GenericFilter:0.16333333333333333
GenericParameter:0.11666666666666667
GenericServiceTest:0.03
