ServletExternalContext:0.47333333333333333
PortletExternalContext:0.47333333333333333
JsfExternalContext:0.47333333333333333
