Node:0.6933333333333334
JpdlSerializer_2:0.34
MessagesRefactoringUtil:0.19666666666666666
