AccessTreeNode:0.37333333333333335
RoleManagementSessionBean:0.3
AccessControlSessionBean:0.29333333333333333
RoleManagementSession:0.2773055555555555
AccessTree:0.23666666666666666
StandAloneVaMockSessionBean:0.22666666666666666
RoleManagementSessionBeanTest:0.14666666666666667
AccessControlSession:0.013333333333333334
