TypeDescription:0.6266666666666667
ForWildcardType:0.43666666666666665
ForGenericArray:0.43666666666666665
GenericTypeDescription:0.39
Latent:0.37333333333333335
LazyProjection:0.26
Default:0.24333333333333335
InlineInstrumentedType:0.22
SubclassInstrumentedType:0.22
ForTypeVariable:0.20666666666666667
AbstractAnnotationDescriptionTest:0.19
ForRebasedConstructor:0.17
ForRebasedMethod:0.17
MethodDescriptionLatentTest:0.16666666666666666
ForParameterizedType:0.15
RebaseImplementationTargetSpecialMethodInvocationTest:0.14666666666666667
ImplementationSpecialMethodInvocationSimpleTest:0.14666666666666667
FieldDescriptionLatentTest:0.10666666666666667
