EsExecutors:0.4533333333333333
ThreadPool:0.44111111111111106
EsRejectedExecutionException:0.43666666666666665
EsAbortPolicy:0.2866666666666667
LocalTransport:0.20666666666666667
PrioritizedExecutorsTests:0.19
RecoverySettings:0.19
InternalClusterService:0.18333333333333332
UnicastZenPing:0.17666666666666667
EsThreadPoolExecutor:0.17
PrioritizedEsThreadPoolExecutor:0.125
EsExecutorsTests:0.09666666666666666
ElasticsearchUncaughtExceptionHandler:0.08333333333333333
