OgnlUtil:0.38666666666666666
ProxyUtil:0.29
OgnlReflectionProvider:0.20666666666666667
ChainingInterceptor:0.20055555555555554
SpringProxyUtilTest:0.2
OgnlUtilTest:0.17333333333333334
ReflectionProvider:0.14416666666666667
ActionsFromSpringTest:0.13
