PrologQuery:0.34
BuiltinPredicateTests:0.31
TransPrologCode:0.15587301587301589
Predicate_active_ruleevent:0.14
Predicate_rulematch_edge:0.09333333333333334
Predicate_rule_confluent:0.09333333333333334
Predicate_rule_enabled:0.09333333333333334
Predicate_rulematch_rule:0.09333333333333334
Predicate_rule:0.09333333333333334
Predicate_rulematch_node:0.09333333333333334
Predicate_rule_name:0.0
