Log:0.5
Vss:0.41333333333333333
IvySourceControl:0.3233333333333333
Entry:0.25666666666666665
BuildStatus:0.25333333333333335
Darcs:0.24
Compound:0.23333333333333334
SSCM:0.23333333333333334
Veto:0.19333333333333333
ForceOnly:0.19
TimeBuild:0.18277777777777776
VetoTest:0.17333333333333334
DarcsXmlParser:0.1527777777777778
MockBuildStatus:0.14333333333333334
AlwaysBuild:0.14
HttpFile:0.12
