DicomImageWriter:0.5133333333333333
ByteLookupTable:0.47333333333333333
DicomImageReader:0.4666666666666667
DicomImageWriterSpi:0.09333333333333334
DicomImageWriterTest:0.05333333333333334
ImageWriterFactory:0.013333333333333334
