ARCRecord:0.53
ARCReader:0.45666666666666667
SelfTestCase:0.30666666666666664
GZIPMemberPushbackInputStream:0.24611111111111109
ARCWriterTest:0.20666666666666667
BackgroundImageExtractionSelfTestCase:0.08333333333333333
PositionInputStream:0.04416666666666667
