AstVisitor:0.43
PlanOptimizersFactory:0.2866666666666667
TableAliasSelector:0.28
SitevarsConfig:0.2633333333333333
ImportMetadata:0.22444444444444447
TestSitevarsConfig:0.21333333333333335
Sitevars:0.21333333333333335
ServerMainModule:0.15333333333333332
