DataFetcher:0.5433333333333333
EnsJAdapterGUI:0.4633333333333333
SelectNewEnsemblDatabaseHandler:0.3
