Options:0.5666666666666667
Functionizer:0.35
ArgProcessor:0.2544444444444444
FunctionizerTest:0.10333333333333333
