SettlementConfig:0.4
ScenarioConfigEditorFX:0.36666666666666664
SettlementRegistry:0.36277777777777775
MarsProject:0.27666666666666667
InitialSettlement:0.26944444444444443
SettlementTable:0.25333333333333335
SettlementInfo:0.24
MonitorWindow:0.20083333333333334
SimulationConfigEditor:0.2
ButtonColumn:0.19
SettlementTableModel:0.17
NewArrivingSettlement:0.0
