VcardSubCrawlerTest:0.4583333333333333
ThunderbirdCrawlerTest:0.31
AppleAddressbookCrawlerTest:0.31
TestMboxCrawler:0.22666666666666666
