CacheMessage:0.6266666666666667
AbstractBroadcasterCache:0.32666666666666666
BroadcasterCacheTest:0.29333333333333333
UUIDBroadcasterCache:0.28
DefaultBroadcasterTest:0.27666666666666667
SessionBroadcasterCache:0.12666666666666668
HeaderBroadcasterCache:0.11333333333333333
