Builder:0.8133333333333334
ShortestPathFinder:0.4583333333333333
BuilderWithParams:0.36
ExcludedRefs:0.32
