NeuralNetConfiguration:0.5366666666666666
MultiLayerNetwork:0.49666666666666665
OutputPreProcessor:0.4553333333333333
InputPreProcessor:0.3855555555555556
Builder:0.30666666666666664
MultiLayerConfiguration:0.29
ConvolutionInputPreProcessor:0.2866666666666667
ListBuilder:0.15333333333333332
MultiLayerNeuralNetConfigurationTest:0.15
ReshapePreProcessor:0.12666666666666668
ZeroMeanPrePreProcessor:0.11
ZeroMeanAndUnitVariancePrePreProcessor:0.11
ComposableInputPreProcessor:0.06
BaseInputPreProcessor:0.056666666666666664
BaseOutputPreProcessor:0.056666666666666664
ComposableOutputPostProcessor:0.05416666666666667
ConvolutionPostProcessor:0.03
UnitVariancePrePreProcessor:0.02666666666666667
