AppliConfiguration:0.35
ARINC661App:0.3233333333333333
LockableStatusBar:0.31333333333333335
ARINCSettings:0.28
AbstractEditorListener:0.23666666666666666
EditorLayerWrapper:0.20333333333333334
WidgetListener:0.18333333333333332
ClickListener:0.18333333333333332
PropertyPanelFactory:0.12333333333333334
