FCSaveFile:0.37333333333333335
DrawingPanel:0.36333333333333334
TrainingSetTopComponent:0.30666666666666664
HWRTopComponent:0.27
HWRVisualPanel1:0.24111111111111114
SupervisedTrainingMonitorFrameTopComponent:0.23
TCRTopComponent:0.23
WritingFile:0.035
