CDKManager:0.8366666666666667
CDKManagerTest:0.43666666666666665
