RdtDebugCorePlugin:0.49333333333333335
RubyDebugTarget:0.3933333333333333
RubyLineBreakpoint:0.3466666666666667
RubyExceptionBreakpoint:0.22333333333333333
