Preferences:0.58
Messages:0.37333333333333335
SpooledFile:0.31333333333333335
WidgetFactory:0.3
ISphereConnectionPropertyPageDelegate:0.2733333333333333
ISphereSpooledFiles:0.25666666666666665
