AsMapTest:0.36666666666666664
ReferenceTest:0.35
RefreshAfterWriteTest:0.31666666666666665
GuavaCache:0.2966666666666667
BoundedLocalCache:0.25
CacheTest:0.21666666666666667
HasRemovalNotifications:0.20133333333333334
