MongoDatabase:0.5166666666666667
Cluster:0.49666666666666665
MongoCollection:0.43328571428571433
Mongo:0.42333333333333334
MongoCollectionImpl:0.4
MongoDatabaseImpl:0.36666666666666664
MongoClient:0.22666666666666666
MongoClientImpl:0.2
AsyncOperationExecutorImpl:0.2
ClientSessionImpl:0.19
AggregateIterableImpl:0.18666666666666668
ListDatabasesIterableImpl:0.15
DistinctIterableImpl:0.14666666666666667
FindIterableImpl:0.14
ListCollectionsIterableImpl:0.13666666666666666
ChangeStreamIterableImpl:0.13666666666666666
MappingIterable:0.12666666666666668
ListIndexesIterableImpl:0.11333333333333333
