Value:0.59
EntryObject:0.36583333333333334
QueryEntry:0.31
PredicateBuilderTest:0.2833333333333333
ReflectionHelper:0.245
