RequestBuilderTest:0.39666666666666667
RequestBuilder:0.3333333333333333
Url:0.29555555555555557
RequestFactoryParser:0.27666666666666667
RequestFactory:0.18666666666666668
