WebCfgService:0.6894444444444444
StudyListPage:0.44666666666666666
WebCfgDelegate:0.32
DummyWebCfgMBean:0.22333333333333333
