Log4JLogger:0.5514444444444444
Log4jLogAdapter:0.36666666666666664
Logs:0.22222222222222218
