ShadowApplication:0.6466666666666666
ShadowResources:0.36
ShadowContextTest:0.31
TestUtil:0.2833333333333333
ShadowPreferenceGroupTest:0.25333333333333335
ShadowApplicationTest:0.19666666666666666
CoreShadowsAdapter:0.18666666666666668
ShadowContextImplTest:0.08333333333333333
