OCSPCAServiceRequest:0.45
X509CA:0.37
OCSPCAService:0.30666666666666664
OCSPCAServiceResponse:0.23333333333333334
OCSPServlet:0.22333333333333333
