MQLFunctionDefinition:0.53
MqlNode:0.4033333333333333
MQLFunctionRegistry:0.3933333333333333
MqlSqlWalker:0.3233333333333333
