Generator:0.36666666666666664
Loader:0.3575
Parser:0.3566666666666667
Builder:0.35
ClassProperties:0.33666666666666667
InfoMap:0.32944444444444443
Context:0.2633333333333333
TokenIndexer:0.2569444444444445
DeclarationList:0.24611111111111114
UserClassLoader:0.2426111111111111
