HashMap:0.6433333333333333
AbstractMapTest:0.5633333333333334
TreeMapTest:0.23
