UserExt:0.76
Article:0.5466666666666666
ArticleQueryService:0.4033333333333333
CommentQueryService:0.27
LoginProcessor:0.26
ArticleProcessor:0.2
UserProcessor:0.18666666666666668
Comment:0.16
InitProcessor:0.13333333333333333
