ComputationGraph:0.6066666666666667
MultiLayerNetwork:0.41333333333333333
Upsampling2D:0.24333333333333335
ConvolutionLayer:0.21666666666666667
BaseMultiLayerUpdater:0.20333333333333334
CudnnConvolutionHelper:0.19666666666666666
AbstractLayer:0.18666666666666668
SeparableConvolution2DLayer:0.13666666666666666
CudnnSubsamplingHelper:0.12333333333333334
Deconvolution2DLayer:0.043333333333333335
WorkspaceTests:0.03333333333333333
