SeparatorAction:0.695
Workbench:0.29333333333333333
Menu:0.27666666666666667
WindowManager:0.25333333333333335
EditPlugin:0.24
MenuHelper:0.21
BasicEditor:0.20722222222222222
ContextHook:0.1811111111111111
Tree:0.09666666666666666
Toolbar:0.06
