Strings:0.8066666666666666
Failure:0.3111111111111111
StringsTests:0.09
