AdditionalDetailBean:0.34
DeliveryDetailBean:0.2966666666666667
ReceptionistBean:0.2966666666666667
EJBeanPG:0.268
InvoiceDetailBean:0.22666666666666666
DeliveryPlaceBean:0.22666666666666666
EJBTest:0.10666666666666667
