TypeHandlerRegistry:0.6122222222222222
Jdk:0.47350000000000014
Jsr310TypeHandlerRegistryTest:0.22666666666666666
