CommandThread:0.5566666666666666
FilterMaster:0.47333333333333333
TMXReader:0.37666666666666665
