UTFEncoderDecoder:0.7233333333333334
HazelcastUtil:0.4633333333333333
UTFEncoderDecoderTest:0.15333333333333332
