DataLoaderService:0.48333333333333334
PushService:0.2833333333333333
IncomingManagementService:0.2
PullService:0.18
