RecordStoreLoader:0.5921666666666668
DefaultRecordStore:0.4066666666666667
BasicRecordStoreLoader:0.36333333333333334
MapLoadAllTask:0.3333333333333333
