ChemObject:0.8533333333333334
AtomType:0.4572222222222223
