NbrowseGoose:0.43333333333333335
MetaDataManager:0.35333333333333333
Species:0.30333333333333334
DataAdapterManager:0.27666666666666667
NBSelectionManager:0.185
