CartItem:0.5433333333333334
Item:0.4166666666666667
Order:0.3233333333333333
Category:0.3061111111111111
Cart:0.2811111111111111
Product:0.2678730158730158
LineItem:0.20281746031746034
Sequence:0.15833333333333333
Account:0.155
