PrestoServer:0.6233333333333333
TpchSplitManager:0.4033333333333333
ServerMainModule:0.33
