RobolectricConfig:0.43666666666666665
ApplicationResolver:0.42333333333333334
RobolectricTestRunner:0.32
ApplicationResolverTest:0.24666666666666667
TestUtil:0.19277777777777777
ActivityTest:0.18
ApplicationTest:0.12333333333333334
