ArgType:0.6066666666666667
InsnGen:0.32
LocalVarInfo:0.3
MethodNode:0.29333333333333333
DebugInfoParser:0.23666666666666666
