TermRealAlgebra:0.2633333333333333
PointIntAlgebra:0.24333333333333335
JavaIntAlgebra:0.24333333333333335
PointRealAlgebra:0.24333333333333335
TermIntAlgebra:0.24333333333333335
JavaDoubleAlgebra:0.24333333333333335
BigDoubleAlgebra:0.24333333333333335
BigIntAlgebra:0.24333333333333335
IntSignature:0.2
RealSignature:0.2
