TemplateModule:0.65
ObjectKeys:0.5011111111111112
WebKeys:0.45111111111111113
CoreDao:0.39311111111111113
CoreDaoImpl:0.30333333333333334
ListFolderHelper:0.26666666666666666
GwtMenuHelper:0.23666666666666666
BinderModuleImpl:0.21
WorkspaceTreeHelper:0.2
ConfigureConfigurationController:0.15
TemplateModuleImpl:0.14
AddFolderController:0.10333333333333333
