TreeItemTester:0.5991666666666666
WidgetGetter:0.4
WidgetLocator:0.33666666666666667
