SpanNearQueryBuilder:0.5633333333333334
QueryDSLDocumentationTests:0.37333333333333335
SpanNearQueryParser:0.18833333333333332
SpanNearQueryBuilderTests:0.17666666666666667
SpanNotQueryBuilderTests:0.16333333333333333
SpanWithinQueryBuilderTests:0.14
SpanContainingQueryBuilderTests:0.14
