BasicDBObject:0.56
DefaultDBEncoder:0.41
BasicDBObjectTest:0.29
LazyDBList:0.17666666666666667
LazyDBObject:0.17666666666666667
