ComponentRecorder:0.6433333333333333
ComponentRecorderTest:0.4266666666666667
MenuListener:0.3233333333333333
