TransactionImpl:0.5133333333333333
Hazelcast:0.39666666666666667
TransactionRecord:0.3233333333333333
Offer:0.30666666666666664
