ReportView:0.8166666666666667
ActionStart:0.3433333333333333
