EntityManagerFactoryBuilderImpl:0.6133333333333333
EntityManagerFactoryBuilder:0.5444285714285715
HibernatePersistenceProvider:0.3333333333333333
PersistentIdentifierGenerator:0.15666666666666668
AvailableSettings:0.09
