Euler:0.7383333333333333
Support:0.3516666666666667
