TopologyViewDashboardWidget:0.42
EndToEndViewScene:0.39666666666666667
ObjectViewScene:0.29333333333333333
TopologyViewScene:0.25666666666666665
ServiceManagerDashboard:0.23
TopologyView:0.21666666666666667
EndToEndViewDashboardWidget:0.12333333333333334
