Request:0.6933333333333334
RequestImpl:0.4
NettyAsyncHttpProvider:0.36333333333333334
RequestBuilderBase:0.2966666666666667
RequestBuilderTest:0.07333333333333333
