GeoDistanceRangeQuery:0.39666666666666667
Builder:0.36666666666666664
GeoBoundingBoxQueryBuilderTests:0.32
GeoDistanceRangeQueryBuilder:0.2866666666666667
GeoBoundingBoxQueryBuilder:0.22
GeoDistanceQueryBuilder:0.22
AbstractFieldDataTestCase:0.19
TypeParser:0.11
GeoEncodingTests:0.1
