ConfigurationVariable:0.45
ApplicationEntityManagerImpl:0.44333333333333336
WebserviceBeanImpl:0.38
RemoteConfigurationVariable:0.33666666666666667
