DriverPublication:0.58
DriverConductor:0.4666666666666667
DriverConductorTest:0.36333333333333334
