JTreeRecorder:0.5405555555555556
JTreeTester:0.5272222222222221
JTreeRecorderTest:0.42
