IngestService:0.5666666666666667
Parameters:0.3933333333333333
IngestServiceTests:0.3
