BlockingQueueManager:0.4666666666666667
NamedEntryListener:0.13
NamedListener:0.1
NamedMessageListener:0.08333333333333333
NamedItemListener:0.08
ListenerLifecycleTest:0.06666666666666667
