ViewIssueSeleniumIT:0.17666666666666667
LoginSeleniumIT:0.13333333333333333
ForgotPasswordSeleniumIT:0.12333333333333334
CreateIssueSeleniumIT:0.08
LogoutSeleniumIT:0.07333333333333333
EditIssueSeleniumIT:0.07
ViewPortalHomeSeleniumIT:0.05
ViewProjectListSeleniumIT:0.05
ViewProjectIssueListSeleniumIT:0.05
