MTGRoot:0.32
M:0.30333333333333334
E:0.3
P:0.3
Y:0.3
View:0.25666666666666665
Type:0.24333333333333335
MTGNode:0.22666666666666666
I:0.22333333333333333
N:0.22333333333333333
S:0.22333333333333333
MTGVoxel:0.22
MTGBranchElement:0.21
MTGDressingFile:0.2063968253968254
MTGGraphBuilderBodyData:0.19
MTGBranch:0.19
WireframeCanvas:0.18166666666666667
T:0.18
GLDisplay:0.17833333333333334
A:0.17666666666666667
C:0.17666666666666667
D:0.17666666666666667
F:0.17666666666666667
G:0.17666666666666667
L:0.17666666666666667
O:0.17666666666666667
U:0.17666666666666667
MTGDressingData:0.16444444444444445
Q:0.15
MTGDressingDefaultValues:0.1437301587301587
B:0.14333333333333334
R:0.14333333333333334
Attributes:0.14277777777777775
MTGNodeDataClasses:0.12333333333333334
MTGNodeDataDescription:0.12
MTGNodeData:0.12
H:0.11333333333333333
K:0.11333333333333333
V:0.11333333333333333
W:0.11333333333333333
X:0.11333333333333333
MTGError:0.11
MTGKeys:0.10666666666666667
MTGNodeDataFeature:0.0911111111111111
Z:0.08333333333333333
J:0.07333333333333333
MTGSquares:0.06166666666666667
MTGTokenizer:0.06
MTGLoader:0.05555555555555557
MTGGraphBuilder:0.045
MTGGraphBuilderHeaderClasses:0.041666666666666664
MTGTranslator:0.041666666666666664
MTGGraphBuilderHeaderTopo:0.03833333333333333
MTGGraphBuilderHeaderAttributes:0.035
MTGFilter:0.02666666666666667
MTGGraphBuilderHeaderCode:0.016666666666666666
MTGLineReader:0.01
