Doc:0.6966666666666667
RColumn:0.29333333333333333
Doc_RetentionStatement:0.2633333333333333
Doc_Allocation:0.2633333333333333
AcctViewerData:0.25
