XmlFlowRegistryFactoryBean:0.73
AbstractFlowBuilderParameterizationTests:0.2866666666666667
ParameterizationTestAction:0.2821666666666667
XmlFlowRegistryFactoryBeanParameterizationTests:0.06333333333333334
