Channel:0.5333333333333333
ConfigurationService:0.41
TriggerRouterService:0.3755555555555556
