Component:0.6633333333333333
Property:0.3063888888888889
StrutsConstants:0.014071428571428572
