BoundedLocalCache:0.595
Sync:0.45438888888888895
EvictionTest:0.38333333333333336
BoundedLocalCacheTest:0.22
