SimpleScriptable:0.4266666666666667
NodeList:0.42
ActiveXObject:0.2780952380952381
ArrayBuffer:0.27476190476190476
HTMLAllCollectionTest:0.24666666666666667
