AuthorizeTag:0.6127777777777778
AuthorizeTagTests:0.508888888888889
