Node:0.5
Ec2DiscoveryTests:0.31666666666666665
AggregatorParsingTests:0.21
DummyEc2HostProvider:0.20333333333333334
SearchSourceBuilderTests:0.20333333333333334
BasePipelineAggregationTestCase:0.2
BaseAggregationTestCase:0.2
GceDiscoveryTests:0.1988888888888889
NativeScriptTests:0.17333333333333334
GatewayModule:0.13361111111111112
