ExecutionService:0.7533333333333333
ExecutionServiceDelegate:0.6633333333333333
BatchPresentation:0.5333333333333333
Commons:0.44
ExecutorLogic:0.3
JbpmExecutionServiceBean:0.2833333333333333
JbpmExecutionLogic:0.27
ClassPresentation:0.24333333333333335
ExecutionServiceDelegateLocalImpl:0.23333333333333334
ExecutionServiceDelegateRemoteImpl:0.23333333333333334
JbpmCommonLogic:0.2277777777777778
ExecutionServiceDelegateAssignTaskTest:0.22666666666666666
FieldDescriptor:0.21333333333333335
WorkflowBotConfigurationParser:0.20833333333333334
BotStationBean:0.19666666666666666
ExecutionServiceDelegateSubstitutionAssignTaskTest:0.19333333333333333
ExecutionServiceDelegateGetSwimlaneExecutorMapTest:0.19333333333333333
TableViewSetupFormActionTest:0.175
Fork1Test:0.14166666666666666
ListExecutorsBaseFormTag:0.13666666666666666
ProcessInstanceInfoFormTag:0.13
UserInputAuthenticator:0.11333333333333333
FigureFactory:0.11333333333333333
TableSubstitutionFunction:0.10666666666666667
AssignmentHandler:0.10333333333333333
UsersEmailVarTag:0.10333333333333333
ForkFaultTest:0.1
Fork2Test:0.09666666666666666
WFClassPresentationFinder:0.07666666666666666
TabHeaderTag:0.07166666666666667
DemoSubordinateAutoCompletingComboboxVarTag:0.07
ProcessTaskAssignmentAction:0.07
Store:0.03888888888888889
MenuForward:0.01
