Constants:0.5
BinderModuleImpl:0.34
FolderEntry:0.3333333333333333
Folder:0.3233333333333333
BinderModule:0.28683333333333333
FolderModule:0.28683333333333333
AbstractFolderModule:0.28
Workspace:0.27
TrashHelper:0.23666666666666666
EntityIndexUtils:0.21333333333333335
