FlowFacesContext:0.6666666666666666
JsfViewTests:0.27
JsfViewFactory:0.2488888888888889
FlowActionListener:0.14
JsfFinalResponseActionTests:0.12
