Restriction:0.6433333333333334
OracleDataStore:0.5166666666666667
OrderByRestriction:0.17666666666666667
