HiveClientConfig:0.8
HivePageSinkProvider:0.36333333333333334
AbstractTestHiveClient:0.33666666666666667
HivePageSink:0.29333333333333333
AbstractTestHiveClientS3:0.22666666666666666
TestHiveClientConfig:0.11666666666666667
