GeoIpProcessorTests:0.4533333333333333
Factory:0.28605555555555556
GeoIpProcessorFactoryTests:0.28
IngestGeoIpPlugin:0.23
