MasterSlaveConnectionManager:0.5233333333333333
ClusterConnectionManager:0.30416666666666664
SentinelConnectionManager:0.24833333333333332
