ViewFileController:0.21666666666666667
ViewDefinitionXmlController:0.17666666666666667
ListController:0.17666666666666667
ZipDownloadController:0.11666666666666667
ReportDownloadController:0.11666666666666667
ReadFileController:0.10666666666666667
ViewICalController:0.10666666666666667
GetController:0.10666666666666667
