IMap:0.86
MapProxyImpl:0.38333333333333336
MapProxySupport:0.18333333333333332
EntryProcessorTest:0.13666666666666666
