AtmosphereGWTSerializer:0.6726428571428571
AtmosphereProxy:0.6166666666666667
GWTDemo:0.33
