DefaultErrorStrategy:0.43055555555555564
ANTLRErrorStrategy:0.3566666666666667
DiagnosticErrorStrategy:0.25666666666666665
