ShadowLooper:0.62
Robolectric:0.5233333333333333
ViewTest:0.24
ApplicationTest:0.24
ActivityTest:0.22333333333333333
HandlerTest:0.22
ServiceControllerTest:0.21666666666666667
RobolectricTest:0.19666666666666666
ActivityControllerTest:0.17333333333333334
ObjectAnimatorTest:0.17
AsyncTaskTest:0.15
ScrollerTest:0.14666666666666667
OverScrollerTest:0.13333333333333333
