DrawableFeatureSet:0.4033333333333333
Rubberband:0.36
StrandedScrollableFeaturePanel:0.31333333333333335
FeatureTreePanel:0.22666666666666666
FeatureSelectionEvent:0.20666666666666667
