CognitoIdentityProvider:0.56
PutEvaluationsRequest:0.51
PutEvaluationsRequestMarshaller:0.13333333333333333
CognitoIdentityProviderJsonMarshaller:0.1311111111111111
CognitoIdentityProviderJsonUnmarshaller:0.1311111111111111
