JavaConfigApplicationContext:0.5666666666666667
ConfigurationProcessorTests:0.37666666666666665
ConfigurationModelBeanDefinitionReader:0.24666666666666667
AbstractJavaConfigBeanDefinitionReader:0.20666666666666667
BeansAndPostprocessorTests:0.15333333333333332
BeanMethodInterceptor:0.15333333333333332
HiddenBeansAutowiringTests:0.13333333333333333
HiddenBeanPostProcessorTests:0.12
ConfigurationEnhancingBeanFactoryPostProcessor:0.10666666666666667
