SVN:0.47333333333333333
CruiseControlException:0.37
SVNTest:0.31666666666666665
