SymmetricWebServer:0.6166666666666667
SymmetricLauncher:0.4533333333333333
SecurityConstants:0.18833333333333332
