Analysis:0.7033333333333334
MapperQueryParser:0.33
CommonGramsTokenFilterFactoryTests:0.16666666666666666
TransportAnalyzeAction:0.14666666666666667
CharFilterTests:0.14
CommonTermsQueryParser:0.13
NumericAnalyzerTests:0.09
PatternCaptureTokenFilterTests:0.09
UniqueTokenFilterTests:0.09
TruncateTokenFilterTests:0.09
StopAnalyzerTests:0.07666666666666666
