Okio:0.83
RealBufferedSourceTest:0.3433333333333333
OkioTest:0.19666666666666666
