PythonGrammarTokenManager:0.6233333333333333
PythonGrammar:0.46888888888888886
PythonGrammarConstants:0.014071428571428572
