MongoClientOptions:0.5166666666666667
Builder:0.3676388888888889
MongoClientURI:0.33444444444444443
DBObjectCodecProvider:0.27666666666666667
ConnectionString:0.26
BsonTypeClassMap:0.12
ChildCodecRegistry:0.11333333333333333
DocumentCodecProvider:0.11111111111111112
RootCodecRegistry:0.11111111111111112
CommandResultCodecProvider:0.065
