IBioResource:0.8166666666666667
BioResource:0.78
EditorUtils:0.31
CDKResource:0.25
JCPMultiPageEditor:0.21666666666666667
