Kernel32Library:0.8066666666666666
Bootstrap:0.35555555555555557
Natives:0.3233333333333333
