MapFacadeBean:0.5177777777777778
SaveElementInCollectionAction:0.37268253968253967
