Domain:0.5666666666666667
UserAction:0.5183888888888888
AbstractUserAction:0.4229365079365079
GroupAction:0.15833333333333333
RoleAction:0.15833333333333333
EmailVerifierRegistrationHandler:0.14416666666666667
PermissionAction:0.09166666666666666
SubjectAction:0.0
