ForbiddenEvent:0.2844444444444445
PDFOutputEvent:0.2833333333333333
XMLOutputEvent:0.2833333333333333
DownloadEvent:0.25333333333333335
JSONOutputEvent:0.23666666666666666
RedirectEvent:0.23666666666666666
XSLTOutputEvent:0.21
DirectOutputEvent:0.19
ExcelOutputEvent:0.14666666666666667
JFreeChartPNGOutputEvent:0.14666666666666667
PlainTextOutputEvent:0.14666666666666667
NotFoundEvent:0.14666666666666667
JSONOutputAsHtmlEvent:0.14666666666666667
RedirectSafelyEvent:0.11333333333333333
