ContainerIterator:0.5666666666666667
MMessage:0.2833333333333333
MFileChooser:0.28
AutoCompletion:0.23333333333333334
Pager:0.17555555555555558
CompletionList:0.15444444444444444
