TypeSafeActivator:0.5999999999999999
DDLTest:0.31666666666666665
Tv:0.0
