Range:0.69
FixedLengthLineAggregatorTests:0.3433333333333333
FixedLengthLineAggregator:0.3433333333333333
FixedLengthTokenizerTests:0.29
RangeArrayPropertyEditor:0.25
FixedLengthTokenizer:0.02666666666666667
RangeArrayPropertyEditorTests:0.023333333333333334
