SSStatefulJob:0.3333333333333333
DefaultEmailNotification:0.14
DefaultFolderNotification:0.14
DefaultMirroredFolderSynchronization:0.14
DefaultFillEmailSubscription:0.13666666666666666
DefaultNetFolderServerSynchronization:0.13333333333333333
DefaultWorkflowProcess:0.13333333333333333
DefaultNetFolderContentIndexing:0.13333333333333333
