GeneralPreferencePage:0.5788888888888889
XMPPAccountStore:0.48333333333333334
ChangeXMPPAccountAction:0.38333333333333336
