Person:0.5966666666666667
Mind:0.42
PersonalityType:0.31333333333333335
TabPanelGeneral:0.30333333333333334
PersonConfig:0.24444444444444446
UnitManager:0.24
RelationshipManager:0.24
PersonTableModel:0.21333333333333335
QualityGauge:0.21
Relationship:0.19
PersonWindow:0.14333333333333334
PersonalityTraitManager:0.14
TabPanelPersonality:0.09666666666666666
QualityGaugeDemo:0.0033333333333333335
