Renderer2DModel:0.6474444444444445
Renderer2DModelEditor:0.38333333333333336
