Native:0.5433333333333333
Library:0.4377777777777777
Platform:0.3182222222222222
LibraryLoadTest:0.31666666666666665
NativeLibrary:0.29
NativeTest:0.24666666666666667
WebStartTest:0.20666666666666667
JNAUnloadTest:0.19000000000000003
NativeLibraryTest:0.17
TestLoader:0.023333333333333334
