FieldLocator:0.6133333333333333
Factory:0.39
ForNamedField:0.2791666666666667
Appender:0.22
ForUnnamedField:0.1925
ForClassHierarchy:0.17
FieldLocatorForClassHierarchyTest:0.12
FieldAccessorObjectPropertiesTest:0.10333333333333333
FieldNameExtractor:0.09666666666666666
FieldLocatorExactTypeTest:0.07
FieldLocatorNoOpTest:0.03
