EurekaServiceInstanceConverterTest:0.5933333333333334
DefaultServiceInstanceConverterTest:0.39166666666666666
