HtmlPage:0.6716666666666666
Node:0.43333333333333335
HTMLParser:0.335
HTMLElement:0.31666666666666665
HtmlUnitDOMBuilder:0.24333333333333335
DomNamespaceNode:0.2
XmlUtil:0.17
XMLSerializerTest:0.12666666666666668
