SingleConsumerLinkedQueue:0.46361111111111103
Supervisor:0.42
ReceivePortGroup:0.25333333333333335
SupervisorTest:0.25333333333333335
