Query:0.7866666666666666
ResultQuery:0.48100793650793644
jOOQAbstractTest:0.4583333333333333
AbstractQuery:0.36666666666666664
AbstractDelegatingSelect:0.25
InsertImpl:0.24666666666666667
UpdateImpl:0.21
DeleteImpl:0.21
FetchTests:0.20333333333333334
AbstractResultQuery:0.18333333333333332
