Packet:0.6
AsyncResponsePacketHandler:0.2633333333333333
MemberReadHandler:0.25
MockIOService:0.22666666666666666
EventServiceImpl:0.20666666666666667
TcpIpConnection_BaseTest:0.19666666666666666
ClassicOperationExecutor:0.19166666666666668
HazelcastTestSupport:0.19
TcpIpConnectionManager:0.18666666666666668
OperationServiceImpl:0.17666666666666667
OperationThreadTest:0.16
ExecutePacketTest:0.14666666666666667
WriteThread:0.13333333333333333
PacketDispatcherImplTest:0.13333333333333333
MemberReadHandlerTest:0.13333333333333333
AsyncResponsePacketHandlerTest:0.12333333333333334
PacketDispatcherImpl:0.12
PacketTransportTest:0.1
