ResourceData:0.7466666666666667
AnnotationSchema:0.3466666666666667
Gate:0.31888888888888883
ResourceDataImpl:0.2833333333333333
CreoleXmlHandler:0.19361111111111112
TestXSchema:0.15666666666666668
CreoleRegisterImpl:0.11444444444444443
