WebserviceBeanRemote:0.7522222222222222
WebserviceBean:0.6633333333333333
