RxGalleryFinal:0.38333333333333336
UCropActivity:0.38
MediaGridFragment:0.32666666666666666
Configuration:0.32666666666666666
