Simulator:0.5066666666666667
BasicSettings:0.42
TextTraceReader:0.18
TraceFilesSettings:0.10785714285714287
WikipediaTraceReader:0.06666666666666667
LirsTraceReader:0.06333333333333334
AddressTraceReader:0.06333333333333334
ArcTraceReader:0.06333333333333334
StorageTraceReader:0.06333333333333334
