DefaultCasEventListener:0.67
ConfigurationDirectoryPathWatchService:0.44666666666666666
AbstractCasEvent:0.20666666666666667
