TemplateTarget:0.7953333333333333
TableUtils:0.40377777777777774
