ServerXMLDFHandler:0.5766666666666667
AbstractServerEngine:0.4633333333333333
EditorEngine:0.38666666666666666
DFHandler_3Test:0.043333333333333335
