AnnotationBinder:0.4166666666666667
DerivedIdentitySimpleParentEmbeddedIdDepTest:0.19333333333333333
DerivedIdentitySimpleParentSimpleDepMapsIdTest:0.19333333333333333
DerivedIdentityEmbeddedIdParentEmbeddedIdDepTest:0.12333333333333334
DerivedIdentityIdClassParentEmbeddedIdDepTest:0.12333333333333334
DerivedIdentityEmbeddedIdParentSameIdTypeDepTest:0.12333333333333334
DerivedIdentityIdClassParentSameIdTypeDepTest:0.12333333333333334
