SourcePosition:0.5175
XPathLocationParser:0.4866666666666667
LoadXmlOperatorListUtility:0.37333333333333335
