CrawlConfig:0.5522222222222222
URLCanonicalizer:0.43666666666666665
PageFetcher:0.20111111111111113
Parser:0.18444444444444444
ImageCrawlController:0.18
SniPoolingHttpClientConnectionManager:0.07222222222222222
