Request:0.8466666666666667
RequestImpl:0.36
RequestBuilderBase:0.24
NettyRequestFactory:0.15333333333333332
