PyObject:0.6166666666666667
PyType:0.35
PyJavaType:0.28
Visible:0.26
PySystemState:0.23222222222222225
