Invalidation:0.5466666666666666
BatchInvalidator:0.29333333333333333
Invalidator:0.2866666666666667
BatchNearCacheInvalidation:0.28
SingleNearCacheInvalidation:0.2
