HarvestManager:0.6466666666666666
History:0.3456666666666667
Get:0.26
File:0.04666666666666667
