XwsSecurityInterceptor:0.6766666666666666
XwssMessageInterceptorUsernameTokenTest:0.12333333333333334
XwssMessageInterceptorTestCase:0.09333333333333334
XwssMessageInterceptorSignTest:0.043333333333333335
XwssMessageInterceptorEncryptTest:0.043333333333333335
XwssMessageInterceptorKeyStoreTestCase:0.03666666666666667
XwsSecurityInterceptorTest:0.016666666666666666
