Renderer2DModel:0.6133333333333333
AbstractController2D:0.46
AbstractRenderer2D:0.28622222222222227
BondTools:0.2833333333333333
Renderer2D:0.19666666666666666
