SdkConfig:0.4816666666666667
CachedDependencyResolver:0.31666666666666665
CachedDependencyResolverTest:0.30333333333333334
DependencyResolver:0.2650595238095238
MavenDependencyResolver:0.12666666666666668
CacheNamingStrategy:0.10348809523809524
LocalDependencyResolver:0.07333333333333333
DefaultCacheNamingStrategy:0.06333333333333334
