Trigger:0.6633333333333333
Router:0.4633333333333333
TemplatedPublisherDataLoaderFilter:0.2
TriggerRouter:0.15972222222222224
CompressionResponseStream:0.15833333333333333
ModelComparator:0.15833333333333333
