DicomModel:0.7
WeasisWin:0.5133333333333333
CineToolBar:0.24666666666666667
MeasureToolBar:0.15333333333333332
