PhexSecurityManager:0.5566666666666666
IPAccessRule:0.5366666666666666
