SenderChannel:0.5891666666666666
MediaConductor:0.3016666666666667
Context:0.27666666666666667
