AsyncWriteOperation:0.5705555555555555
WriteResultCallback:0.43
MongoAsyncBatchInsertTest:0.17333333333333334
