TrashListLocal:0.7443253968253968
TrashListBean:0.4033333333333333
TrashListPage:0.37
