WsAddressingInterceptor:0.24
TcpMessageReceiver:0.19333333333333333
AbstractWsAddressingInterceptorTestCase:0.19333333333333333
TcpMessageSender:0.14333333333333334
TcpSenderConnection:0.13333333333333333
SocketAcceptingRunnable:0.103
TcpIntegrationTest:0.1
TcpRequestHandler:0.019166666666666665
TcpTransportConstants:0.006666666666666667
WebServiceInvocation:0.0
MarshallingInvocation:0.0
