ComplexNDArray:0.7
ArrayUtil:0.39666666666666667
ComplexNDArrayTests:0.2633333333333333
ComplexNDArrayUtilTests:0.09666666666666666
