MainFrame:0.6033333333333334
XJEditorPane:0.53
HelpFrame:0.30333333333333334
HelpUserGuideAction:0.18333333333333332
