IOUtil:0.52
ClusterHeartbeatManager:0.4533333333333333
PeriodicPingTask:0.21
GroupProperty:0.14894047619047618
PingTask:0.056666666666666664
