FileSystemMgt2Bean:0.39
FileMoveService:0.32
DeleteStudyService:0.2833333333333333
StudyOnFileSystemBean:0.27666666666666667
AbstractDeleterService:0.2633333333333333
