Enhancer:0.5133333333333333
TestEnhancer:0.4
Proxy:0.22711111111111112
Trace:0.21666666666666667
Beans:0.19944444444444445
TestNoOp:0.14222222222222225
