WebKeys:0.8566666666666667
WebUrlUtil:0.35
BinderHelper:0.35
WebHelper:0.3
DefinitionUtils:0.24
ListFolderController:0.20333333333333334
AjaxController:0.2
ICBrokerModuleImpl:0.19
DefaultFolderEmailFormatter:0.16333333333333333
ViewPermalinkController:0.16
AddFolderController:0.13666666666666666
ViewEntryController:0.13333333333333333
WorkspaceTreeController:0.13
PermaLinkUtil:0.08666666666666667
