AWT:0.49
ScriptEditor:0.36333333333333334
AbstractComponentDecorator:0.35333333333333333
AWTTest:0.2633333333333333
AbstractAnimatedIcon:0.24666666666666667
Decorator:0.22333333333333333
SpinningDial:0.21333333333333335
AbstractComponentDecoratorTest:0.20666666666666667
AnimatedIcon:0.1211111111111111
GifDecoder:0.11666666666666667
LaunchAction:0.11333333333333333
ComponentPredicate:0.0867222222222222
SpinningDialWaitIndicator:0.056666666666666664
WaitIndicator:0.043333333333333335
