Rewriter:0.5716666666666667
CreationReferenceTest:0.42380555555555555
MethodReferenceTest:0.17333333333333334
