Wss4jSecurityInterceptor:0.6083333333333333
SaajWss4jMessageInterceptorSignTest:0.4339285714285715
