AbstractMvcView:0.6566666666666666
MappingResultsHolder:0.45
PortletMvcView:0.12
PortletMvcViewTests:0.09
PortletMvcViewFactory:0.05
MockPortletMvcView:0.04416666666666667
MockView:0.04
