NewConnectedHostListener:0.7327777777777779
CellRenderer:0.5987777777777779
