Ep:0.6333333333333333
Ec:0.43666666666666665
