BinderHelper:0.66
ObjectKeys:0.5040555555555557
ListFolderHelper:0.24333333333333335
PersonalPreferencesDlg:0.20333333333333334
ProfilesBinderHelper:0.2
WorkspaceTreeController:0.18444444444444444
