ExtentsStrategy:0.4819444444444444
CodeListTranslator:0.4046666666666667
DbDescTranslator:0.4046666666666667
LuceneSearcher:0.37333333333333335
