Constants:0.4772777777777778
ColumnWidth:0.4395952380952381
Definition:0.4362619047619048
GwtViewHelper:0.33
GwtTeamingMessages:0.31666666666666665
SurveyFolderView:0.24333333333333335
EventHelper:0.24066666666666667
GwtMenuHelper:0.21777777777777782
ShowSurveyFolderEvent:0.21666666666666667
ContentControl:0.20666666666666667
