ExportHelper:0.6966666666666667
ZoneModule:0.435
AbstractZoneModule:0.4033333333333333
ContextListenerPostSpring:0.24
