ObjectiveCImplementationGeneratorTest:0.5333333333333333
MetadataWriter:0.43333333333333335
MetadataGenerator:0.37666666666666665
SignatureGeneratorTest:0.30666666666666664
NameTableTest:0.2633333333333333
MetadataWriterTest:0.13333333333333333
