Shape:0.72
Materialisation:0.31333333333333335
EdgeSignature:0.2861111111111111
AllAbstractionTests:0.19333333333333333
PairSetIterator:0.18666666666666668
NodeEdgeHashMap:0.16
TestMaterialisation:0.12
