ExportLocationChooser:0.49666666666666665
MainScreen:0.43333333333333335
ExportDialog:0.4266666666666667
ImageToolbar:0.27666666666666667
ExportingDelegate:0.2111111111111111
