HTMLAppletElement:0.4633333333333333
HTMLObjectElement:0.3333333333333333
HTMLInputElement:0.285
HTMLMarqueeElement:0.18
HTMLVideoElement:0.16333333333333333
