TestFastClass:0.43333333333333335
MemberSwitchBean:0.36666666666666664
EnhancerEmitter:0.3433333333333333
VisibilityPredicate:0.30333333333333334
