Cake:0.22333333333333333
CakeBakingServiceImpl:0.22
CakeLayer:0.21
CakeTopping:0.21
App:0.15575396825396828
CakeInfo:0.15
CakeLayerInfo:0.11
CakeToppingInfo:0.11
CakeBakingService:0.08666666666666667
