ParentRunner:0.43666666666666665
BlockJUnit4ClassRunner:0.38
TestClass:0.30666666666666664
ParentRunnerTest:0.16666666666666666
FrameworkField:0.16
