Dialog:0.4033333333333333
PrintPreviewPanel:0.3333333333333333
Widget:0.31333333333333335
PluginSettingsTab:0.3022222222222222
GHNSDialog:0.26666666666666666
VersionPanel:0.24
PropertiesPanel:0.23444444444444448
