RedissonCache:0.44666666666666666
CommandAsyncService:0.38666666666666666
CommandAsyncExecutor:0.33916666666666667
RedissonCacheTest:0.30333333333333334
