WebKeys:0.47904761904761906
AjaxController:0.4633333333333333
BuildDefinitionDivs:0.3933333333333333
Find:0.25
