MDesktopManager:0.53
DragAdapter:0.49666666666666665
MDesktopPane:0.28
WidgetInternalFrameUI:0.18666666666666668
