KeyRing:0.51
Account:0.4866666666666667
EditSuperUserDialog:0.2891666666666667
PassWordPromptDialog:0.2833333333333333
KeyRingTest:0.14
SuperUser:0.13
ChangePasswordDialog:0.11666666666666667
