MongoDbObjectFactory:0.4033333333333333
MongoDb:0.3055555555555556
MongoDbEventsConfiguration:0.18666666666666668
MongoDbMultifactorAuthenticationTrustConfiguration:0.16333333333333333
GoogleAuthenticatorMongoDbConfiguration:0.14
YubiKeyMultifactorProperties:0.1277777777777778
ConsentProperties:0.1277777777777778
MonitorProperties:0.1277777777777778
CasConsentMongoDbConfiguration:0.12333333333333334
MongoDbMonitoringConfiguration:0.12333333333333334
MongoDbYubiKeyConfiguration:0.11666666666666667
EventsProperties:0.10333333333333333
