Generator:0.41333333333333333
CalendarEventGenerator:0.22333333333333333
ContactInfoGenerator:0.19333333333333333
GeoLocationGenerator:0.19
SmsAddressGenerator:0.09333333333333334
EmailGenerator:0.08666666666666667
PhoneNumberGenerator:0.08666666666666667
UrlGenerator:0.07
