TestingHelpers:0.5722222222222223
ToNullFunctionTest:0.42333333333333334
UndefinedType:0.35
