ActionModule:0.5066666666666667
ActionLoggingPlugin:0.25333333333333335
TestPlugin:0.14333333333333334
