Robolectric:0.7066666666666667
ShadowLooper:0.41333333333333333
RobolectricTest:0.19666666666666666
LooperTest:0.05333333333333334
