Encoding:0.5822222222222222
Binder:0.46888888888888897
CodeTest:0.21666666666666667
