DeleteBGPPeer:0.44333333333333336
DeleteProviderAction:0.44333333333333336
