Printer:0.87
Enhancer:0.47333333333333333
RowAction:0.46
GetEnhancerAction:0.27666666666666667
TimeTunnelCommand:0.2633333333333333
SilentAction:0.25
JvmCommand:0.18333333333333332
OptionsCommand:0.17666666666666667
DefaultCommandHandler:0.15666666666666668
HelpCommand:0.14333333333333334
ShutdownCommand:0.12666666666666668
QuitCommand:0.11666666666666667
SessionCommand:0.09
GroovyScriptCommand:0.08333333333333333
SearchClassCommand:0.08
VersionCommand:0.08
SearchMethodCommand:0.08
WatchCommand:0.07
StackCommand:0.07
TraceCommand:0.07
MonitorCommand:0.07
ResetCommand:0.07
