VisitorContextTest:0.45
GenerateLatexTest:0.2966666666666667
QedeqBoFactoryAssert:0.2833333333333333
LoadRequiredModulesTest:0.25333333333333335
CheckLogicTest:0.24
QedeqBoFactoryTest:0.24
ModuleConstantsExistenceCheckerTest:0.21333333333333335
