Farming:0.6233333333333333
Crop:0.5033333333333333
