ResourcesManager:0.8133333333333334
GUI:0.5766666666666667
LoginDialog:0.18666666666666668
