HTMLMapElement:0.31
HTMLImageElement:0.30666666666666664
HTMLObjectElement:0.26
HTMLFieldSetElement:0.17333333333333334
HTMLEmbedElement:0.15666666666666668
HTMLKeygenElement:0.13
HTMLOutputElement:0.13
