GeoShapeQueryBuilder:0.47333333333333333
SearchService:0.4666666666666667
SearchRequest:0.35333333333333333
