TestEngine:0.531
JUnit5TestEngineTests:0.3333333333333333
MethodTestDescriptorTests:0.30666666666666664
JUnit5TestEngine:0.26
ReflectionUtils:0.19111111111111112
EngineDescriptor:0.14
TestClassTester:0.12333333333333334
MethodTestDescriptor:0.11
Launcher:0.10333333333333333
JUnit4TestEngine:0.09333333333333334
ClassTestDescriptor:0.09
TestEngineStub:0.05333333333333334
