DefaultLayerFactory:0.63
LayerBuilderTest:0.3466666666666667
LayerFactories:0.29333333333333333
LSTMHelpers:0.21333333333333335
