WikiServlet:0.6333333333333333
JMController:0.5461111111111111
EditServlet:0.2
TopicController:0.19
PrintableServlet:0.10666666666666667
SearchServlet:0.10333333333333333
LockListServlet:0.10333333333333333
RecentChangesServlet:0.10333333333333333
AttachServlet:0.09
DiffServlet:0.09
VirtualWikiServlet:0.08666666666666667
MemberServlet:0.08666666666666667
HistoryServlet:0.08666666666666667
