AbstractTestQueries:0.45666666666666667
Rewriter:0.42
RewritingVisitor:0.4166666666666667
NodeRewriter:0.255
