SmilesGenerator:0.6900000000000001
SmilesGeneratorTest:0.5533333333333333
