FileListDiff:0.4866666666666667
FileList:0.4666666666666667
IncomingInvitationProcess:0.27
SubversionAdapter:0.05333333333333334
FileListData:0.043333333333333335
