Store:0.49666666666666665
MockDirectoryHelper:0.43
ElasticsearchIntegrationTest:0.34
InternalEngine:0.27
StoreDirectory:0.25666666666666665
UpdateNumberOfReplicasTests:0.24666666666666667
ElasticsearchTestCase:0.22
RestoreContext:0.15333333333333332
SnapshotContext:0.14
MockRamDirectoryService:0.13
RecoveryCounter:0.12
EngineSearcher:0.11833333333333333
ElasticsearchMockDirectoryWrapper:0.11666666666666667
CleanFilesRequestHandler:0.11333333333333333
FsImmutableBlobContainer:0.10333333333333333
SearchFactory:0.09333333333333334
RecoverySource:0.08
SimpleRecoveryLocalGatewayTests:0.08
SearchWithRandomExceptionsTests:0.04833333333333333
MockFSDirectoryService:0.03
