LayerTreeEditor:0.36666666666666664
TreeEditorCopyHelper:0.29
DefaultXMLExporter:0.27166666666666667
ConcreteLayerPainter:0.26
SymbolListChooser:0.2111111111111111
WidgetListChooser:0.17733333333333334
TreeTransferHandler:0.12333333333333334
TreeEditorAlignHelper:0.11333333333333333
