TestingPrestoServer:0.64
TestProcedureCall:0.4633333333333333
DistributedQueryRunner:0.38666666666666666
ProcedureRegistry:0.24
TestingSession:0.17
