PKCS10RequestMessage:0.705
ScepRequestMessage:0.48833333333333334
TestMessages:0.13666666666666666
