Robot:0.6033333333333334
ComponentReference:0.4766666666666667
AWT:0.3933333333333333
Script:0.33
ComponentReferenceTest:0.30333333333333334
PlatformTest:0.3011111111111111
ComponentBrowser:0.26666666666666666
ComponentNode:0.23311111111111113
FileDialogTesterTest:0.22666666666666666
AWTHierarchy:0.225
ComponentTestFixture:0.21
WindowTrackerTest:0.2
RobotAppletTest:0.19666666666666666
AbstractButtonTesterTest:0.18166666666666667
ThreadTerminatingSecurityManagerTest:0.175
InputStateTest:0.17333333333333334
ScriptTest:0.17333333333333334
AnnotationTest:0.16666666666666666
ComponentRecorderTest:0.16666666666666666
RobotTest:0.16
AllTests:0.15444444444444444
JComboBoxRecorder:0.14333333333333334
UnitTestSuite:0.135
XMLConstants:0.12333333333333334
DummyLaunch:0.11333333333333333
TestHierarchy:0.11333333333333333
AWTTest:0.07666666666666666
BasicFinderTest:0.06666666666666667
TestHierarchyTest:0.043333333333333335
ResolverFixture:0.03805555555555556
WeakAWTEventListener:0.03666666666666667
MenuListener:0.02
ComponentBrowserTest:0.013333333333333334
ButtonMatcher:0.01
ComponentMatcher:0.0
