Documented:0.85
ExplorationDialog:0.3433333333333333
Enumerator:0.22166666666666668
DocumentedSelection:0.13666666666666666
AcceptorEnumerator:0.04416666666666667
StrategyEnumerator:0.03666666666666667
