Display:0.4414285714285715
TypeGraph:0.43666666666666665
ResourceTree:0.34
LayoutIO:0.32
Condition:0.30666666666666664
Result:0.30333333333333334
AspectNode:0.29333333333333333
AspectLabel:0.2932777777777778
RegExprTyper:0.28
AspectEdge:0.26916666666666667
GrooveEnvironment:0.26666666666666666
RuleDisplay:0.2593888888888889
RuleJTree:0.25333333333333335
PrologModel:0.22666666666666666
GraphGrammar:0.21333333333333335
DisplaysPanel:0.21333333333333335
HostModel:0.21333333333333335
ResourceDisplay:0.21
FolderTree:0.19622222222222221
GraphBasedModel:0.17
TypeModel:0.16
PrologEngine:0.14666666666666667
PreviewControlAction:0.13666666666666666
MyTreeCellRenderer:0.13355555555555554
ResourceNode:0.11
