NetServer:0.6532777777777777
HttpTest:0.6266666666666667
DatagramSocketImpl:0.3233333333333333
NetServerImpl:0.29333333333333333
NetTest:0.24666666666666667
DatagramTest:0.2
