Tools:0.7166666666666667
AbstractResultQuery:0.41
AbstractRoutine:0.29333333333333333
