ITypeInfo:0.44
ITypeInfoTest:0.36333333333333334
COMObject:0.23666666666666666
ITypeLib:0.16
Variant:0.043055555555555555
OaIdl:0.043055555555555555
WTypes:0.043055555555555555
