Toolbar:0.29
CollapsingToolbarLayout:0.25833333333333336
RecyclerView:0.24
AppBarLayout:0.23
FlowLayout:0.21333333333333335
ConstraintLayout:0.21333333333333335
CoordinatorLayout:0.21333333333333335
ExpandableRecyclerView:0.21333333333333335
GridLayout:0.21333333333333335
FrameLayout:0.21333333333333335
RelativeLayout:0.21333333333333335
DrawerLayout:0.21333333333333335
LinearLayout:0.21333333333333335
