CacheControlHeadersWriter:0.36333333333333334
CacheControlHeadersWriterTests:0.32666666666666666
HeaderWriterFilterTests:0.2633333333333333
HeaderWriterFilter:0.21
HeaderWriterResponse:0.04666666666666667
