User:0.6266666666666667
Domain:0.37
PermissionFactory:0.3566666666666667
PermissionFactoryTest:0.18333333333333332
ValidTag:0.13333333333333333
