Project:0.5966666666666667
BuildAgentService:0.495
Progress:0.3233333333333333
DistributedMasterBuilderTest:0.32
DistributedMasterBuilder:0.31666666666666665
BuilderTest:0.31666666666666665
MockBuilder:0.31
Builder:0.3
AntBuilderTest:0.25666666666666665
MavenScript:0.25333333333333335
PhingBuilder:0.25333333333333335
NantBuilderTest:0.24833333333333332
AntBuilder:0.24666666666666667
AntBootstrapper:0.24333333333333335
Schedule:0.22
Maven2Builder:0.21666666666666667
AntPublisher:0.21
Maven2Script:0.20666666666666667
NantBuilder:0.2
BuildAgentServiceImplTest:0.19333333333333333
Maven2BuilderTest:0.19333333333333333
MavenBuilderTest:0.18333333333333332
ExecBootstrapper:0.18166666666666667
BuildAgentServiceImpl:0.17666666666666667
MockSchedule:0.17
CompositeBuilderTest:0.16333333333333333
ProjectTest:0.16
ExecBuilderTest:0.15666666666666668
InteractiveBuildUtility:0.15666666666666668
FileUtil:0.15333333333333332
ExecBuilder:0.14
RakeBuilder:0.14
DistributedMasterBuilderNoLookupTest:0.13333333333333333
Maven2ScriptTest:0.12833333333333333
DateFormatFactory:0.12666666666666668
LUSTestSetup:0.12333333333333334
CompositeBuilder:0.12
ProgressRemote:0.1175
MavenBuilder:0.11666666666666667
MavenScriptTest:0.11333333333333333
ProgressImplTest:0.11277777777777777
CurrentBuildStatusListenerTest:0.06333333333333334
Foo:0.05
MockBadBuilder:0.05
MockBuilderChangesProjectConfig:0.04
ProgressRemoteImpl:0.04
ProgressImpl:0.03333333333333333
ProgressChangedEvent:0.03333333333333333
CurrentBuildStatusListener:0.03
FileUtilTest:0.025333333333333333
TestBuilder:0.02
