ShadowView:0.49
ViewNode:0.48
ShadowTextView:0.29333333333333333
ShadowImageView:0.21666666666666667
ShadowCompoundButton:0.14
