Message:0.8233333333333334
EventBus:0.7195
EventBusImpl:0.4666666666666667
BaseMessage:0.39666666666666667
