TestTools:0.5266666666666666
EjbcaWS:0.4533333333333333
CommonEjbcaWSTest:0.44
LocalCertificateRequestSessionBean:0.3
CertificateRequestSessionTest:0.043333333333333335
