Config:0.6766666666666666
DrawableSeqFeature:0.41333333333333333
ApolloPanel:0.31
DrawableFeatureSet:0.3056666666666667
StrandedZoomableApolloPanel:0.23
DrawableResultFeatureSet:0.20833333333333334
DrawableGeneFeatureSet:0.17666666666666667
ViewMenu:0.12666666666666668
