Permutation:0.7033333333333334
SymEDMatrix:0.3252777777777777
EDGFinder:0.24333333333333335
PermutationGroup:0.21333333333333335
