CommunicationsStub:0.9233333333333333
Constants:0.5239047619047619
ConnectionWizardWizardPanel1:0.30666666666666664
ObjectNode:0.24333333333333335
