AABBNearFarAnalyzer:0.49
FixedShadowMapAllocator:0.4633333333333333
BoundingSphereDirectionalAnalyzer:0.10666666666666667
FrustumLightFilter:0.016666666666666666
AllLightFilter:0.0
