DBPatch:0.7533333333333333
ArchivingInitializerLogic:0.2833333333333333
