ExtendedFolderService:0.8234523809523809
ExtendedFolderServiceEndpoint:0.35
ExtendedFolderServiceImpl:0.16333333333333333
