LocalActor:0.8233333333333334
Supervisor:0.4066666666666667
AddChildMessage:0.19666666666666666
GenFromMessage:0.18333333333333332
