IndexOptions:0.44666666666666666
DBCollection:0.36666666666666664
CreateIndexOperation:0.35
AddIndexAcceptanceTest:0.24666666666666667
MongoCollectionImpl:0.23333333333333334
