CodeGenerator:0.49666666666666665
Target:0.42
OutputModelController:0.4066666666666667
CodeGenPipeline:0.10666666666666667
