JPPFConnection:0.6095277777777778
AbstractJPPFClientConnection:0.27666666666666667
JPPFJcaClientConnection:0.25666666666666665
JPPFClient:0.23666666666666666
SubmissionManagerClient:0.22666666666666666
JPPFConnectionImpl:0.21666666666666667
JcaClassServerDelegate:0.2
JPPFClientConnectionImpl:0.19666666666666666
JPPFJcaClient:0.18611111111111112
AbstractGenericClient:0.17
