GrammarModel:0.41333333333333333
TypeModel:0.3233333333333333
HostModel:0.31333333333333335
RuleModel:0.30833333333333335
ResourceModel:0.30666666666666664
PrologModel:0.30333333333333334
CompositeTypeModel:0.24333333333333335
ControlModel:0.22666666666666666
PreviewControlAction:0.12666666666666668
