Vehicle:0.5533333333333333
Person:0.5
Settlement:0.4266666666666667
UnitManager:0.32
Weather:0.2866666666666667
Building:0.24611111111111109
SettlementTemplate:0.20666666666666667
MainWindow:0.19916666666666666
