LongGCDisruption:0.5733333333333334
IntermittentLongGCDisruption:0.36666666666666664
