TestAPIM:0.7416666666666667
TestManagementNotifications:0.6476666666666667
