Server:0.3566666666666667
ColumnSpec:0.32666666666666666
DefaultDOManager:0.3
PID:0.26666666666666666
FieldSearchResultSQLImpl:0.19555555555555557
TableSpecDeserializer:0.16666666666666666
PathAlgorithm:0.15
FieldSearchSQLImpl:0.11
MySQLDDLConverter:0.10666666666666667
