DT:0.4066666666666667
ComponentAnimation:0.325
ArticleList:0.30333333333333334
ArchiveItemRenderer:0.3
Model:0.29777777777777775
FeedThread:0.21666666666666667
StatusRenderer:0.13
DateRenderer:0.0911111111111111
