PrologPanel:0.67
PrologQuery:0.3888888888888889
HTMLConverter:0.36333333333333334
