HL7SRExport:0.61
SRDocumentFactory:0.5566666666666666
PackageTest:0.36333333333333334
SRDocumentFactoryImpl:0.2866666666666667
HL7SRExportImpl:0.11
HL7SRExportTest:0.10666666666666667
