SearchResultBuilderUtil:0.54
AbstractResource:0.42
FilePropertiesBuilder:0.36666666666666664
UniversalBuilder:0.19666666666666666
ShareResource:0.19
AbstractBinderResource:0.18666666666666668
FileResource:0.16666666666666666
BuilderFactory:0.16666666666666666
BaseFolderEntryBriefBuilder:0.11666666666666667
MiscResource:0.10666666666666667
