BoundBlogMapper:0.7416666666666667
MapperAnnotationBuilder:0.4222222222222222
BindingTest:0.37333333333333335
