ChunkMessageItemWriterIntegrationTests:0.3
MessageChannelItemWriterTests:0.24555555555555553
JobRepositorySupport:0.23
JobLaunchingMessageHandlerIntegrationTests:0.18666666666666668
MessageOrientedStepIntegrationTests:0.18333333333333332
StepExecutionMessageHandler:0.15333333333333332
