Index:0.49666666666666665
IndexShard:0.4666666666666667
Create:0.46
InternalEngine:0.30666666666666664
TransportShardBulkAction:0.25
InternalEngineTests:0.24666666666666667
IndexingOperation:0.23666666666666666
