SourceFileException:0.6333333333333333
ModuleContext:0.6133333333333333
