Rules:0.65
Rule:0.5686666666666667
AnnotationToRuleConverter:0.32666666666666666
