ResXMLParser:0.38
ShadowAssetManager:0.32
ShadowXmlBlock:0.20333333333333334
FileAsset:0.19666666666666666
AttributeSetBuilderTest:0.19666666666666666
ResXMLTree_endElementExt:0.17488888888888887
ResXMLTree_attribute:0.16666666666666666
ResourceHelper:0.16666666666666666
FromInt:0.16333333333333333
NativeObjRegistry:0.15333333333333332
XmlPullParserTest:0.13
id:0.11333333333333333
attr:0.11333333333333333
AttributeSetBuilder:0.11
Res_value:0.09
Converter:0.06777777777777778
ResStringPool_ref:0.05
ResourceTypes:0.0
