HtmlElement:0.8
WebRequest:0.34
HtmlScript:0.30333333333333334
ScriptableWrapper:0.23666666666666666
