AbstractName:0.61
ConstraintImpl:0.4266666666666667
InsertQueryImpl:0.31666666666666665
AbstractNamed:0.17111111111111113
