ImportRecord:0.54
ImportColumnHandle:0.38666666666666666
ImportPartition:0.19666666666666666
ImportRecordIterator:0.19666666666666666
ImportJob:0.1557777777777778
ImportMetadata:0.14
ImportDataStreamProvider:0.1275
LocalShardManager:0.12
