ComponentFinder:0.59
Resolver:0.52
ComponentTester:0.48333333333333334
Recorder:0.48
Step:0.43
ComponentReference:0.42333333333333334
DefaultComponentFinder:0.41333333333333333
Action:0.37666666666666665
Script:0.36333333333333334
Assert:0.33666666666666667
SemanticRecorder:0.32
ScriptEditor:0.31666666666666665
Launch:0.2633333333333333
AbbotHelper:0.23666666666666666
JComponentTester:0.21833333333333332
ComponentBrowser:0.21
ComponentRecorder:0.20666666666666667
SemanticEvents:0.2063968253968254
ComponentNode:0.19666666666666666
LaunchedClassLoader:0.19333333333333333
EventRecorder:0.19333333333333333
DialogTester:0.16666666666666666
JRootPaneTester:0.16333333333333333
FrameTester:0.15333333333333332
FullTestSuite:0.14333333333333334
JLabelTester:0.13666666666666666
EventRecorderTest:0.13666666666666666
TesterMethodAction:0.13
JListTester:0.12666666666666668
Parser:0.1105
JComboBoxTester:0.11
ScriptTest:0.08
JMenuItemRecorder:0.07333333333333333
AbstractButtonRecorder:0.06194444444444444
Costello:0.05944444444444444
RecordingCanceledException:0.05333333333333334
JListRecorder:0.050277777777777775
ComponentReferenceTest:0.04666666666666667
TesterTestSuite:0.03333333333333333
FrameworkTestSuite:0.02
RecorderTestSuite:0.018333333333333333
JComboBoxRecorder:0.0
