AbstractCasWebflowConfigurer:0.8566666666666667
AuthenticationViaFormAction:0.2733333333333333
GenerateServiceTicketActionTests:0.22666666666666666
AuthenticationExceptionHandler:0.20333333333333334
GenerateServiceTicketAction:0.17388888888888887
UnsatisfiedAuthenticationPolicyException:0.13888888888888887
AuthenticationExceptionHandlerTests:0.08666666666666667
TestContextualAuthenticationPolicy:0.08
ContextualAuthenticationPolicy:0.04
