QueryState:0.5788888888888889
QueryStateMultiScale:0.5166666666666667
Graph:0.35583333333333333
QStateMultiScale:0.3233333333333333
QState:0.23666666666666666
