EditorManager:0.82
SessionView:0.43333333333333335
FollowModeAction:0.3233333333333333
