PollerConfigFactory:0.49666666666666665
PollerConfigManager:0.48722222222222217
PollerConfigFactoryTest:0.21
TestPollerConfigManager:0.08
