Matrix4:0.57
ObjTest:0.39666666666666667
OrthographicCamera:0.15666666666666668
Frustum:0.09333333333333334
JoglDebugStarter:0.09
