AdminModule:0.5758333333333333
WorkAreaOperation:0.5266666666666666
TeamingServiceClientWithStub:0.37333333333333335
TeamingServiceEndpoint:0.2866666666666667
AdminServiceImpl:0.20666666666666667
AbstractAdminModule:0.16333333333333333
AbstractZoneModule:0.16333333333333333
AdminService:0.14555555555555555
ObjectKeys:0.053888888888888896
