DynamicClassLoaderTest:0.7566666666666667
ClassForReloading:0.3433333333333333
