BitmapFont:0.6466666666666666
BitmapFontCache:0.37
TWL:0.21
BitmapFontFlipTest:0.15333333333333332
BitmapFontTest:0.15333333333333332
TestList:0.10666666666666667
