InnermostAndOutermost:0.5433333333333333
ExtensionPointRegistry:0.5333333333333333
DelegatingExtensionPointRegistry:0.22666666666666666
