RequestControlContext:0.6366666666666667
FlowSession:0.56
ViewState:0.5033333333333333
FlowExecutionImpl:0.33
SearchFlowExecutionTests:0.32
RequestControlContextImpl:0.23333333333333334
FlowSessionImpl:0.21333333333333335
AbstractFlowExecutionTests:0.20333333333333334
MockFlowSession:0.09666666666666666
FlowExecutionImplTests:0.07
