ProfileModule:0.571888888888889
TeamingServiceEndpoint:0.39666666666666667
FolderService:0.31337301587301586
BinderService:0.31337301587301586
FolderServiceImpl:0.29
Group:0.25333333333333335
ProfileServiceInternal:0.245
DefaultProfileCoreProcessor:0.24333333333333335
BinderServiceImpl:0.21666666666666667
AttachmentsHelper:0.17666666666666667
ProfileService:0.17503968253968255
TwitterServlet:0.14666666666666667
AttachmentUtilities:0.14666666666666667
NameSearchServlet:0.11666666666666667
ProfileModuleImpl:0.08333333333333333
ProfileServiceImpl:0.03666666666666667
NoApplicationByTheNameException:0.03
