IOUtils:0.6166666666666667
FreemarkerUtil:0.58
BaseHtmlFormType:0.37
FtlTagSupportServlet:0.19
HtmlFormType:0.02666666666666667
FtlFormType:0.013333333333333334
