StatementGeneratorTest:0.3933333333333333
StatementGenerator:0.35
RewriterTest:0.34
JdtTypes:0.30666666666666664
Rewriter:0.25666666666666665
MethodInvocation:0.22666666666666666
ElementUtil:0.22666666666666666
ArrayInitializer:0.22333333333333333
SwitchCase:0.13
TranslationProcessor:0.13
TypeUtil:0.07833333333333334
