PutIndexTemplateRequest:0.6851111111111111
CreateIndexRequest:0.40044444444444444
