CorpusController:0.6083492063492064
ShellSlacFrame:0.5166666666666667
TestStoreAction:0.21666666666666667
