Common:0.5580555555555556
CommentQueryService:0.39
UserProcessor:0.37333333333333335
