AbstractMvcView:0.4766666666666667
BindingModel:0.3933333333333333
FlowModelFlowBuilder:0.37666666666666665
BinderConfiguration:0.28
XmlFlowModelBuilder:0.19
BinderModel:0.18
MvcViewTests:0.16
ViewFactoryCreator:0.10666666666666667
MvcViewFactoryCreator:0.10666666666666667
AbstractMvcViewFactory:0.10333333333333333
PortletMvcViewFactory:0.02
ServletMvcViewFactory:0.02
TestViewFactoryCreator:0.006666666666666667
MockViewFactoryCreator:0.006666666666666667
