Router:0.37666666666666665
Link:0.36666666666666664
Acceptor:0.3333333333333333
Elvin:0.30666666666666664
Connector:0.30333333333333334
SecurityFilter:0.26
SimpleClient:0.20444444444444446
JUTestFederation:0.18666666666666668
BrokenRouter:0.16
JUTestFederationTLS:0.13
BlacklistFilter:0.11
AcceptorConnectorSetup:0.09666666666666666
JUTestSessionClose:0.07666666666666666
