JavaFileBuilder:0.4033333333333333
UtilsTest:0.35
PermissionUtils:0.19
ClassTypeTest:0.12666666666666668
