Delegator:0.6
Default:0.4866666666666667
Ignoring:0.30666666666666664
Transforming:0.29
AgentBuilderDefaultTest:0.2633333333333333
ClassFileVersion:0.23
Ignored:0.11666666666666667
