NodeEnvironment:0.45166666666666666
MultiDataPathUpgrader:0.3983333333333333
BitArray:0.34
AzureStorageServiceImpl:0.3308333333333333
