MethodDelegation:0.6866666666666666
Baz:0.3316666666666667
Processor:0.33
MethodDelegationBinderProcessorTest:0.3
ForInstanceField:0.2138888888888889
Appender:0.18333333333333332
ForStaticField:0.17888888888888888
MethodDelegationArgumentTest:0.1322222222222222
Qux:0.09305555555555556
