AbstractFileCopyService:0.52
FileCopyOrder:0.5066666666666667
FileCopyService:0.37333333333333335
