AbstractTestQueries:0.6433333333333333
StatementAnalyzer:0.4116666666666667
InformationSchemaDataStreamProvider:0.3566666666666667
