EndEntityProfileSession:0.6466666666666666
HardTokenSession:0.5927777777777778
CAAdminSession:0.4216666666666667
CAAdminSessionBean:0.29
ServiceSessionBean:0.25666666666666665
EndEntityProfileSessionBeanTest:0.22666666666666666
HardTokenSessionBean:0.19666666666666666
EndEntityProfileSessionBean:0.19333333333333333
EndEntityManagementSessionLocal:0.18531746031746033
EndEntityManagementSessionBean:0.16666666666666666
CAInterfaceBean:0.09666666666666666
