LayoutRenderer:0.6423253968253968
TreeLayoutRenderer:0.44
GraphWidget:0.4166666666666667
