QualifiedTableName:0.34
StatementAnalyzer:0.29
PeriodicImportRunnable:0.2111111111111111
MetadataUtil:0.19666666666666666
Analyzer:0.18666666666666668
ServerMainModule:0.16666666666666666
