Database:0.49666666666666665
TransactionProvider:0.49333333333333335
DataDefinitionProvider:0.48333333333333334
mdd:0.38666666666666666
table:0.3616666666666667
Query:0.355
config:0.355
DBConnection:0.2866666666666667
copy:0.2633333333333333
Suite:0.25333333333333335
MddToClass:0.23666666666666666
QueryAST:0.23142857142857143
DbConnectionProvider:0.2305555555555555
RequestAttributes:0.2280952380952381
HibernateTransactionProvider:0.22666666666666666
FormResponder:0.22666666666666666
HQLQueryProvider:0.22333333333333333
tableHibernate:0.22333333333333333
CodeGenerator:0.22
MakumbaTransactionProvider:0.21833333333333332
ObjectImporter:0.21666666666666667
ptrEditor:0.20666666666666667
ResponderFactory:0.20666666666666667
Configuration:0.2
GenericListTag:0.19
HtmlTableImporter:0.18666666666666668
HqlAnalyzer:0.18476190476190477
ErrorFormatter:0.18333333333333332
TransactionImplementation:0.18333333333333332
TransactionProviderInterface:0.18087301587301588
mddViewer:0.18
DataHolder:0.17
GeneratedCodeViewer:0.15666666666666668
HibernateSFManager:0.15333333333333332
MddToMapping:0.145
SearchResponderOperation:0.13
OQLQueryProvider:0.13
MakumbaInfoTag:0.12666666666666668
lock:0.11666666666666667
ObjectToRecord:0.11333333333333333
javaViewer:0.11166666666666666
DataTypeListerServlet:0.09666666666666666
DataObjectViewerServlet:0.09333333333333334
DataQueryServlet:0.07666666666666666
DataPointerValueConverter:0.07666666666666666
UniquenessServlet:0.07
MddObjectType:0.043333333333333335
CharsetFilter:0.03666666666666667
