BlojsomConfiguration:0.6333333333333333
EmailUtils:0.4633333333333333
CommentPlugin:0.25333333333333335
TrackbackPlugin:0.25333333333333335
