XMLDocument:0.44
ActiveXObject:0.4166666666666667
XMLDocumentTest:0.14333333333333334
