CarrierTest:0.43333333333333335
GoDetailAction:0.28
BaseAction:0.27
InitListAction:0.16944444444444445
NetMachineWithoutNewTest:0.13666666666666666
