GaStringUtils:0.6533333333333333
Configure:0.31333333333333335
Probes:0.25333333333333335
GaObjectUtils:0.18333333333333332
GaOgnlUtils:0.17
ConsoleServerHandler:0.15666666666666668
GaDetailUtils:0.10666666666666667
