Versions:0.5580555555555556
VersionedInCurrentVersionTest:0.4802777777777778
VersionsTest:0.33111111111111113
