XMPPChatTransmitter:0.43
JingleTransferListener:0.41655555555555557
IJingleStateListener:0.35
JingleFileTransferManager:0.3466666666666667
DataTransferManager:0.33666666666666667
IJingleFileTransferListener:0.30046031746031737
FileTransferConnection:0.25666666666666665
RosterView:0.23333333333333334
ViewLabelProvider:0.1461111111111111
