GlobalMethodSecurityBeanDefinitionParserTests:0.49333333333333335
GlobalMethodSecurityBeanDefinitionParser:0.4866666666666667
