DefaultLdapAuthoritiesPopulator:0.42
MockUserSearch:0.40996031746031747
LdapAuthoritiesPopulator:0.36892857142857144
MockSpringSecurityContextSource:0.18833333333333332
DefaultLdapAuthoritiesPopulatorTests:0.04666666666666667
LdapUserDetailsServiceTests:0.02861111111111111
