BatchPresentationHibernateCompiler:0.44
PermissionDAO:0.3566666666666667
HibernateCompilerParameters:0.32
CommonLogic:0.25666666666666665
RelationLogic:0.23666666666666666
HibernateCompilerHQLBuider:0.21333333333333335
DefinitionLogic:0.20333333333333334
PresentationCompilerHelper:0.17666666666666667
