GraphJModel:0.7482777777777778
AspectJVertex:0.3988888888888889
