SettlementWindow:0.49666666666666665
ResourceProcessesTabPanel:0.47138888888888897
GoodsTabPanel:0.44666666666666666
CreditTabPanel:0.30666666666666664
