WebClient:0.73
DocumentTest:0.3233333333333333
HTMLDocument:0.31666666666666665
HtmlPageTest:0.24333333333333335
HttpWebConnection:0.23
NavigatorTest:0.19
Navigator:0.19
HtmlMeta:0.12333333333333334
