DateUtil:0.30666666666666664
SVN:0.29
SSCM:0.2816666666666667
Item:0.275
ClearCase:0.2733333333333333
DateTimespec:0.2677777777777778
SnapshotCM:0.26666666666666666
ConcurrentVersionsSystem:0.2625
UCM:0.24666666666666667
P4:0.2302777777777778
ConcurrentVersionsSystemTest:0.23
SVNLogXMLParser:0.22
Schedule:0.18666666666666668
SVNTest:0.17333333333333334
ItemTest:0.12666666666666668
SnapshotCMTest:0.11333333333333333
RSS:0.04
