Multipart:0.82
DatastreamResource:0.48333333333333334
RestParam:0.014071428571428572
