ContentReader:0.5466666666666666
ClassySharkPanel:0.4
FilesTree:0.30666666666666664
Component:0.23
ApkReader:0.22333333333333333
TranslatorFactory:0.16
