AbstractS3SnapshotRestoreTest:0.3333333333333333
S3Repository:0.27666666666666667
AwsS3Service:0.23
InternalAwsS3Service:0.19333333333333333
S3RepositoryPlugin:0.17333333333333334
DummyS3Service:0.16
TestAwsS3Service:0.08333333333333333
Repositories:0.06666666666666668
Repository:0.06666666666666668
