InternalEventJournalCacheEvent:0.6733333333333333
InternalEventJournalMapEvent:0.6733333333333333
