Mappings:0.6933333333333334
FetchProfile:0.3466666666666667
MappingsImpl:0.29
ExtendedMappingsImpl:0.2833333333333333
ExtendedMappings:0.2684285714285714
HbmBinder:0.25333333333333335
AnnotationConfiguration:0.22333333333333333
VerifyFetchProfileReferenceSecondPass:0.11333333333333333
