XMoreLikeThis:0.49
MoreLikeThisQuery:0.4033333333333333
TypeParsers:0.2833333333333333
SimilarityTests:0.25
TermVectorsFilter:0.21333333333333335
BlendedTermQueryTests:0.2
SimilarityIT:0.1
