ProxyAwareConnectorHandler:0.38666666666666666
GrizzlyMaxConnectionsInThreadsTest:0.38
Builder:0.36
ConnectionManager:0.31
TunnelFilter:0.27555555555555555
EventHandler:0.2683333333333333
GrizzlyAsyncHttpProvider:0.20666666666666667
SwitchingSSLFilter:0.15833333333333333
NoNullResponseTest:0.12
