Config:0.5166666666666667
Style:0.4033333333333333
ColumnApolloLayout:0.27
ApolloLayoutManager:0.2586111111111111
