WebClient3Test:0.32666666666666666
HTMLImageElementTest:0.32666666666666666
FailingHttpStatusCodeExceptionTest:0.2733333333333333
HtmlFrameTest:0.17333333333333334
