LineViewer:0.7656666666666667
jspViewer:0.3722222222222222
