DrawableSeqFeature:0.5066666666666667
ExpandableFeatureSet:0.2866666666666667
StrandedZoomableApolloPanel:0.24833333333333332
ScaleView:0.22333333333333333
GFFAdapter:0.20111111111111113
