IocValue:0.7019444444444445
XmlIocLoader:0.43333333333333335
DefaultValueTypes:0.29333333333333333
DefaultValueProxyMaker:0.2633333333333333
