SimpleQueryTests:0.5916666666666667
IndicesQueryParser:0.26
IndicesFilterParser:0.25333333333333335
