TemporaryJobBuilder:0.6247777777777778
SimpleTestImpl:0.2816666666666667
TemporaryJobBuilderTest:0.19666666666666666
