MultiMapService:0.5866666666666667
MultiMapContainer:0.42
MultiMapTest:0.18333333333333332
