DataHolder:0.475
CRUDOperationProvider:0.46277777777777773
HibernateCRUDOperationProvider:0.45666666666666667
