NioSelector:0.5166666666666667
ReceiverProxy:0.30333333333333334
MediaConductorProxy:0.2866666666666667
