KuwaibaService:0.53
BridgeDomainSyncProvider:0.35833333333333334
BusinessEntityManagerImpl:0.30666666666666664
BridgeDomainsASR920Parser:0.20333333333333334
