ServerActor:0.5333333333333333
EventSourceActor:0.4533333333333333
GenServerTest:0.3
EventSource:0.2866666666666667
Server:0.19
