ClientInvocation:0.33666666666666667
RepairingHandler:0.2866666666666667
RepairingTask:0.2833333333333333
ProxyManager:0.24
MapNearCacheManager:0.23
ClientContext:0.21583333333333332
RepairingTaskTest:0.19666666666666666
InvalidationAcceptorFilter:0.1
