Search:0.7116666666666667
LuceneSearcher:0.43333333333333335
LuceneIndexer:0.11666666666666667
GFFRangeBin_Recoder:0.10333333333333333
LuceneSocket:0.08
ANNOT_SYM_Recoder:0.006666666666666667
