TedIO:0.5433333333333333
AddShowDialog:0.3383333333333333
TedParser:0.3
TedMainDialog:0.26666666666666666
Daemon:0.15
TedMainCore:0.15
