GameLoop:0.43
GameOver:0.29333333333333333
MainMenu:0.29333333333333333
