GwtRpcServiceAsync:0.5653888888888888
GwtRpcService:0.5653888888888888
ExtensionsConfig:0.3233333333333333
GwtTeamingMessages:0.31666666666666665
ExtensionViewDetailsDlg:0.30333333333333334
ExtensionInfoClient:0.26
GwtRpcServiceImpl:0.19
ExtensionFiles:0.06
