DashboardHelper:0.48
WebKeys:0.4494444444444445
DashboardModule:0.4220674603174603
AjaxController:0.34
ModifyDashboardController:0.26666666666666666
DashboardModuleImpl:0.22333333333333333
WorkspaceTreeController:0.08666666666666667
