AbstractCollectionRegionAccessStrategyTestCase:0.4066666666666667
AbstractEntityRegionAccessStrategyTestCase:0.4066666666666667
AbstractReadOnlyAccessTestCase:0.18666666666666668
AbstractTransactionalAccessTestCase:0.1
