DefaultResultSetHandler:0.5766666666666667
Reflector:0.49
MetaClass:0.38666666666666666
