DisplayArea:0.4633333333333333
LightTheme:0.26666666666666666
DarkTheme:0.26666666666666666
Theme:0.25666666666666665
