TransportSQLActionClassLifecycleTest:0.38
NodeStatsTest:0.36
SysShardsTest:0.3466666666666667
StaticInformationSchemaQueryTest:0.31
SysOperationsTest:0.24666666666666667
SysJobsTest:0.043333333333333335
