Messages:0.7572380952380953
WordCloud:0.68
WordCloudEditor:0.4666666666666667
ComputeWordCloud:0.10666666666666667
