Messages:0.8045
OpenLocalizedWebPage:0.41083333333333333
ComputeCoocMatrix:0.36833333333333335
