PainterUtils:0.4766666666666667
JFXPainterUtils:0.4033333333333333
AbstractEditorOverlay:0.3333333333333333
FastStyleableAttributes:0.3272804232804233
EmbedClient:0.30666666666666664
AbstractDataProviderHandler:0.29333333333333333
EditorWidgetTableConstructor:0.2733333333333333
DataProviderHandler:0.2500396825396825
EditorUtilities:0.2425
DefaultDataProviderHandler:0.2397222222222222
ServerStarter:0.23666666666666666
AbstractEditorLayerManager:0.23666666666666666
ARINCStarter:0.22337301587301586
JFXEditorOverlay:0.22333333333333333
LayerTreeEditor:0.22311111111111112
SwingPainterUtils:0.21
JFXServerWrapper:0.20666666666666667
SwingZoomManager:0.19666666666666666
ClickListener:0.18
DefaultDataProviderParserHandler:0.16666666666666666
NumericReadoutRenderer:0.15333333333333332
JFXZoomManager:0.15333333333333332
FastStyleableHelper:0.056666666666666664
MetaDatasForCSS:0.04666666666666667
