TermUtil:0.5666666666666667
Graph:0.49
UserDefineRecognition:0.44
AsianPersonRecognition:0.26666666666666666
IndexAnalysis:0.1877777777777778
ToAnalysis:0.1877777777777778
NewWordRecognition:0.1811111111111111
UserDefineAnalysis:0.17777777777777778
NlpAnalysis:0.1775
UserDefineAnalysisTest:0.15666666666666668
