Compiler:0.6766666666666666
MethodScope:0.6633333333333333
GetDescriptor:0.34
