Tools:0.5733333333333334
RevisionInfoConfigurationResult:0.29333333333333333
RevisionInfoConfiguration:0.28
AuditReaderImpl:0.25333333333333335
AuditConfiguration:0.19666666666666666
AnnotatedTrackingRevisionEntity:0.17666666666666667
EntityChangeNotifier:0.11333333333333333
ExtendedRevisionListener:0.08333333333333333
ExtendedRevisionEntity:0.056666666666666664
