ObjectKeys:0.7930555555555554
WebKeys:0.7930555555555554
BinderHelper:0.55
AdvancedSearchController:0.25
