ResourcesManager:0.5577777777777778
GUI:0.42
BrowserView:0.35333333333333333
