WebUtils:0.6366666666666667
AuthenticationViaFormActionTests:0.37333333333333335
AbstractCasWebflowEventResolver:0.06333333333333334
InitialAuthenticationAttemptWebflowEventResolver:0.05
