XmlPathConfig:0.6366666666666667
XmlConfig:0.5033333333333333
XmlPathNamespaceTest:0.27
LazyXmlParser:0.20333333333333334
GivenWhenThenNamespaceITest:0.13666666666666666
