AbstractEntityTuplizer:0.49
MappedIdentifierValueMarshaller:0.3167619047619048
ForeignGenerator:0.31666666666666665
IncrediblySillyJpaMapsIdMappedIdentifierValueMarshaller:0.14
EmbeddableWithOne2ManyTest:0.13666666666666666
DerivedIdentitySimpleParentIdClassDepTest:0.13
Dependent:0.12666666666666668
DependentId:0.12666666666666668
NormalMappedIdentifierValueMarshaller:0.09333333333333334
