Purifier:0.38
Writer:0.3566666666666667
HTMLScanner:0.30666666666666664
HTMLTagBalancer:0.2966666666666667
HTMLEntities:0.27
ObjectFactory:0.24333333333333335
SecuritySupport:0.24333333333333335
IntProperties:0.056666666666666664
SecuritySupport12:0.04
