CacheContext:0.6772222222222223
HasRemovalNotifications:0.38333333333333336
ReferenceTest:0.32
