DashboardHelper:0.49
WebKeys:0.47904761904761906
AjaxController:0.4033333333333333
AbstractFolderModule:0.3433333333333333
