ShopSettings:0.5666666666666667
ShopSettingsEditor:0.47333333333333333
ShopSettingsEditorConfiguration:0.2677777777777778
