RegisterMembershipListenerEventParameters:0.2966666666666667
GetPartitionsResultParameters:0.17
CreateProxyParameters:0.15666666666666668
AddEntryListenerParameters:0.15666666666666668
ClientInvocationServiceSupport:0.15333333333333332
AddListenerResultParameters:0.12
RegisterMembershipListenerParameters:0.12
GetPartitionsParameters:0.12
ClientMessageBuilder:0.091
ClientReadHandler:0.023888888888888887
SocketClientDataReaderNew:0.01111111111111111
