Report:0.5566666666666666
FileExtensionFilter:0.5133333333333333
