Dao:0.7933333333333333
DaoHibernate:0.6533333333333333
