Directories:0.8933333333333333
MediaDriverAdminThread:0.43333333333333335
UdpDestination:0.37666666666666665
Builder:0.315
MediaDriver:0.19222222222222224
