RecordStore:0.6566666666666666
MapProxySupport:0.4166666666666667
DefaultRecordStore:0.38
LoadAllOperation:0.37
MapProxyImpl:0.36
MapLoadGivenKeysRequest:0.2644444444444444
MapLoadAllTask:0.2633333333333333
MapExecutionCallbackAdapter:0.25666666666666665
PartitionContainer:0.20333333333333334
MapLoadAllOperationFactory:0.07333333333333333
LoadAllKeysTask:0.0033333333333333335
