HostFactory:0.47
Dispenser:0.4166666666666667
DefaultHostGraph:0.35333333333333333
TypeGraph:0.31666666666666665
DefaultDispenser:0.28
QuantifierCountChecker:0.23333333333333334
ShapeCache:0.22777777777777777
RuleFactory:0.21972222222222218
GraphCache:0.21666666666666667
HostModel:0.20833333333333334
STSTest:0.20666666666666667
BasicEvent:0.205
LTSFactory:0.20333333333333334
ValueNodeChecker:0.20166666666666666
StoreFactory:0.2
ShapeGraph:0.19666666666666666
PatternFactory:0.19666666666666666
ValueNodeRecord:0.19666666666666666
TestShapeGenerator:0.19666666666666666
QuantifierRecord:0.19666666666666666
OperatorNodeRecord:0.19666666666666666
ValueQueryRecord:0.19
ShapeFactory:0.18
RegAutCalculator:0.16
ElementFactory:0.15333333333333332
LabelPatternTest:0.14666666666666667
AntlrGrapher:0.14333333333333334
DataOperatorChecker:0.14333333333333334
ColImporter:0.13666666666666666
Antlr4Grapher:0.13
NodeFactory:0.09666666666666666
FreeNumberDispenser:0.08333333333333333
SingleDispenser:0.05
DefaultHostNodeFactory:0.02
DependentNodeFactory:0.015277777777777779
ValueNodeFactory:0.01
ShapeNodeFactory:0.0
