AtomContainer:0.7166666666666667
SetOfMolecules:0.33
CoreClassesTests:0.29333333333333333
ChemModel:0.27
ChemSequence:0.26666666666666666
SetOfAtomContainers:0.25666666666666665
ChemObject:0.18
ChemFile:0.13777777777777775
