RubyParser:0.7066666666666667
TC_RubyParser:0.37666666666666665
RubyParserUtil:0.2833333333333333
