Lazy:0.4666666666666667
MatchMonadTest:0.38333333333333336
Value:0.37333333333333335
AbstractValueTest:0.29
LazyTest:0.2866666666666667
MatchMonad:0.25166666666666665
MatchModule:0.18333333333333332
Arbitrary:0.17
