SpringSecurityAuthenticationSourceTests:0.37777777777777777
RememberMeProcessingFilterTests:0.33666666666666667
RoleVoter:0.3333333333333333
SessionFixationProtectionFilterTests:0.2633333333333333
