Default:0.5677777777777777
ForTypes:0.26666666666666666
TypeInitializerDelegate:0.23
RedefinitionClassVisitor:0.19166666666666668
