Broadcaster:0.7458888888888888
AtmosphereServlet:0.5133333333333333
DefaultBroadcaster:0.36666666666666664
DefaultBroadcasterFactory:0.35333333333333333
AtmosphereResourceImpl:0.31333333333333335
ApplicationConfig:0.03666666666666667
