SearchSourceBuilder:0.42
AbstractQueryTestCase:0.36333333333333334
SearchSourceBuilderTests:0.31
SimpleQueryStringBuilderTests:0.27111111111111114
GeoShapeQueryBuilder:0.25666666666666665
BoolQueryBuilderTests:0.22666666666666666
TemplateQueryBuilderTests:0.22666666666666666
GeoShapeQueryParser:0.15444444444444444
