Interpreter:0.48
SequentialProcess:0.41
VariablePath:0.38
OOITBuilder:0.30666666666666664
OutputPort:0.22333333333333333
AndCondition:0.19333333333333333
OrCondition:0.19333333333333333
NDChoiceProcess:0.19
ParallelExecution:0.11
JolieServiceLoader:0.11
Jolie:0.08
LazyLocalUriHolder:0.04816666666666666
SpawnExecution:0.04
LazyHolder:0.0
ResponseContainer:0.0
LazyDummyChannelHolder:0.0
EmptyPathLazyHolder:0.0
