Int8Array:0.21333333333333335
ArrayBuffer:0.11666666666666667
ArrayBufferView:0.02666666666666667
ArrayBufferTest:0.013333333333333334
Int16ArrayTest:0.01
Int16Array:0.006666666666666667
Float32Array:0.006666666666666667
Float64Array:0.006666666666666667
Int32Array:0.0033333333333333335
ArrayBufferViewTest:0.0016666666666666668
Int8ArrayTest:0.0
Int32ArrayTest:0.0
Float32ArrayTest:0.0
Float64ArrayTest:0.0
