RingbufferContainer:0.5866666666666667
RingbufferService:0.5466666666666666
RingbufferWaitNotifyKey:0.30666666666666664
RingbufferCacheEventJournalImpl:0.23
RingbufferMapEventJournalImpl:0.23
BasicCacheJournalTest:0.19
BasicMapJournalTest:0.19
RingbufferContainerTest:0.17666666666666667
ReplicationOperation:0.16666666666666666
RingbufferContainerSerializationTest:0.13
RingbufferWaitNotifyKeyTest:0.09
