HTMLElement:0.5483333333333333
Node:0.42266666666666663
