Jedis:0.5666666666666667
BinaryJedis:0.45
MultiKeyBinaryCommands:0.24666666666666667
MultiKeyCommands:0.24666666666666667
BinaryClient:0.16666666666666666
