MultiLayerNetwork:0.5733333333333334
BatchNormalization:0.36666666666666664
BaseLayer:0.30666666666666664
TestUpdaters:0.24
BasePretrainNetwork:0.21861111111111114
