RedissonSet:0.5166666666666667
ConnectionManager:0.32666666666666666
RedissonSetTest:0.2866666666666667
