RedisRunner:0.5791666666666667
RedissonTest:0.36333333333333334
