RepoUtil:0.61
LocalRepoObjectStore:0.3333333333333333
Transformer:0.2833333333333333
Generator:0.21666666666666667
