MatrixUtil:0.39
RBM:0.3547619047619048
BaseMultiLayerNetwork:0.26
BaseNeuralNetwork:0.24
DBN:0.22611111111111115
MnistDataFetcher:0.21
CDBN:0.1565
Builder:0.148
DenoisingTests:0.09666666666666666
RBMTest:0.056666666666666664
ModelTester:0.04
MnistDbnTest:0.03333333333333333
MnistSdaTest:0.03333333333333333
CRBMTest:0.013333333333333334
