AbstractTestQueries:0.535
TypeJsonUtils:0.3466666666666667
FunctionRegistry:0.3255555555555556
