FolderModule:0.74
ResourceDriverModule:0.3933333333333333
AbstractBinderProcessor:0.35333333333333333
GwtNetFolderHelper:0.26666666666666666
DefaultMirroredFolderSynchronization:0.26
BaseFolderModule:0.25
DefaultNetFolderServerSynchronization:0.1877777777777778
ResourceDriverModuleImpl:0.16
AbstractFolderModule:0.14333333333333334
MirroredFolderSynchronizationController:0.12333333333333334
MirroredFolderSynchronization:0.10333333333333333
NetFolderServerSynchronization:0.10333333333333333
