FrameworkMethod:0.51
ParentRunner:0.4666666666666667
TestClass:0.3433333333333333
FrameworkField:0.31
FrameworkMember:0.24
ParameterizedAssertionError:0.22
TestClassTest:0.21
RuleFieldValidatorTest:0.16666666666666666
ParentRunnerTest:0.15
Timeout:0.1411111111111111
MethodsAnnotated:0.03333333333333333
NonPublicTestWithClassRule:0.0033333333333333335
AnnotationValidatorFactory:0.0033333333333333335
FieldAnnotated:0.0
MethodComparator:0.0
FieldComparator:0.0
