Peer:0.54
PeerGroup:0.3433333333333333
BitcoinSerializer:0.25
PeerHandler:0.2488888888888889
PeerGroupTest:0.20333333333333334
PeerTest:0.18
TestWithNetworkConnections:0.11666666666666667
