HttpClientBuilder:0.49333333333333335
JerseyClientIntegrationTest:0.4166666666666667
HttpClientBuilderTest:0.28
JerseyClientBuilderTest:0.28
AssetServlet:0.23666666666666666
JerseyClientBuilder:0.23055555555555557
