ImageIcon:0.32666666666666666
Preview:0.25
PropertyFile:0.21333333333333335
PropertyBlob:0.20333333333333334
File:0.20333333333333334
ActionZoom:0.19777777777777777
ProxyFile:0.16333333333333333
ImageSniffer:0.15
