MultiServerCluster:0.73
ServerDiscoveryAndMonitoringMonitoringTest:0.33666666666666667
AbstractServerDiscoveryAndMonitoringTest:0.3333333333333333
ServerDiscoveryAndMonitoringTest:0.25333333333333335
