ManagedChannelImplTest:0.3466666666666667
ManagedChannelReference:0.33666666666666667
ManagedChannelImpl:0.3
NameResolverListenerImpl:0.28
LbHelperImpl:0.20333333333333334
NettyChannelBuilderTest:0.20333333333333334
IdleModeTimer:0.1841666666666667
