DateUtil:0.3466666666666667
JmxInfo:0.3333333333333333
BuildLoopInformationProvider:0.30333333333333334
BuildLoopInformationProviderTest:0.2866666666666667
ProjectInfo:0.22666666666666666
CruiseControlControllerStub:0.1425
CruiseControlControllerAgent:0.14
