FedoraServerTestSetup:0.7183333333333334
TestCommandLineUtilities:0.5216666666666666
