Tool:0.53
GrammarTransformPipeline:0.33666666666666667
DOTGenerator:0.29333333333333333
LexerATNSimulator:0.29
