Ini:0.77
ConfigurationData:0.5733333333333334
EquipmentProcessor:0.2733333333333333
