Workbench:0.7211111111111111
StatusBar:0.48333333333333334
