CDKSourceCodeWriterTest:0.7
MioTests:0.27666666666666667
ChemObjectIOTest:0.19666666666666666
