OkHttpClientTransport:0.5466666666666666
OkHttpClientTransportTest:0.44666666666666666
OkHttpClientTransportFactory:0.13
