Common:0.616388888888889
TagQueryService:0.42
TagProcessor:0.38666666666666666
