MockMvcRequestSenderImpl:0.48
RequestSenderOptions:0.4741666666666667
MockMvcRequestSpecificationImpl:0.47333333333333333
