DisplayLeakActivity:0.5233333333333333
HeapAnalyzer:0.37666666666666665
LeakTraceElement:0.30333333333333334
LeakCanary:0.23666666666666666
LeakTrace:0.21333333333333335
DisplayLeakService:0.12777777777777777
