RoboticAttributeManager:0.62
Task:0.49666666666666665
Robot:0.34
RobotConfig:0.26666666666666666
LoadVehicleGarage:0.23666666666666666
ProduceFood:0.22
UnitManager:0.22
LoadVehicleEVA:0.21666666666666667
Maintenance:0.21666666666666667
SalvageBuilding:0.21
UnloadVehicleGarage:0.21
ManufactureGood:0.21
RepairMalfunction:0.21
NegotiateTrade:0.21
RepairEVAMalfunction:0.21
CookMeal:0.21
WalkOutside:0.20666666666666667
PrepareDessert:0.20333333333333334
ConsolidateContainers:0.20333333333333334
EnterAirlock:0.20333333333333334
TendGreenhouse:0.20333333333333334
PrescribeMedication:0.20333333333333334
MaintenanceEVA:0.2
ConstructBuilding:0.2
UnloadVehicleEVA:0.2
Repairbot:0.19444444444444445
CollectMinedMinerals:0.19
MineSite:0.19
AttributeTableModel:0.19
DriveGroundVehicle:0.18333333333333332
ExitAirlock:0.17
Chefbot:0.16111111111111112
Deliverybot:0.14444444444444446
Gardenbot:0.14444444444444446
Medicbot:0.14444444444444446
Makerbot:0.14444444444444446
Technician:0.12666666666666668
RobotWindow:0.03333333333333333
