TxmPreferences:0.49666666666666665
Application:0.3386111111111111
SpecificitiesTableEditor:0.3233333333333333
OpenSVGGraph:0.20666666666666667
ApplicationWorkbenchAdvisor:0.20333333333333334
TextometriePreferencePage:0.14
