SwingLayerPainter:0.3233333333333333
JFXLayerRenderer:0.31666666666666665
JFXFactory:0.3
BasicWindowManager:0.2966666666666667
JFXRendererBridge:0.29
SwingRendererBridge:0.2825
JFXLayerPainter:0.28
ScrollListRenderer:0.2733333333333333
WindowsWindowManager:0.25333333333333335
ScenarioReaderImpl:0.22
SwingFactory:0.20416666666666666
