QueryShardContext:0.6066666666666667
TopHitsAggregationBuilder:0.33022222222222225
ScriptSortBuilder:0.22666666666666666
ValuesSourceConfig:0.22655555555555557
ScriptHeuristic:0.2127777777777778
QueryRewriteContext:0.21
ScriptedMetricAggregatorFactory:0.20666666666666667
ScriptQueryBuilder:0.20666666666666667
ScriptScoreFunctionBuilder:0.20588888888888887
InnerHitContextBuilder:0.175
