Reflections:0.55
Utils:0.3933333333333333
JavaCodeSerializer:0.27666666666666667
ReflectionsTest:0.23
ReflectionsCollectTest:0.12333333333333334
