Options:0.67
StatementGenerator:0.47333333333333333
ObjectiveCImplementationGenerator:0.33
GenerationTest:0.22444444444444447
OptionsTest:0.11333333333333333
