ManagementCenterService:0.9166666666666666
ConsoleRequestConstants:0.4928809523809524
ShutdownMemberRequest:0.21333333333333335
