GWebCacheContainer:0.47
CaughtHostsContainer:0.36666666666666664
GWebCache:0.23666666666666666
GWebCacheManager:0.22666666666666666
NormalizableURL:0.18666666666666668
NetworkTab:0.1611111111111111
QueryGWebCacheTimer:0.1075
UpdateGWebCacheTimer:0.1075
UpdateGWebCacheRunner:0.04
QueryHostsRunner:0.04
QueryGWebCachesRunner:0.03
