MetadataUtils:0.49666666666666665
SpectrumMetadataView:0.3433333333333333
JCampEditCellModifier:0.33666666666666667
SwitchEditToDisplayAction:0.23
