BasicEditor:0.5433333333333333
BeanPanel:0.503
Cancel:0.2833333333333333
