JCPEditorAppletDrawingTest:0.6487777777777778
ReactionHub:0.38333333333333336
