CollectionSet:0.6366666666666667
CollectionAgent:0.47333333333333333
SnmpCollectorTestCase:0.31333333333333335
