DependencyBank:0.6333333333333333
GdxSetup:0.38666666666666666
GdxSetupUI:0.24066666666666667
UI:0.2
BuildScriptHelper:0.18333333333333332
Form:0.17666666666666667
