FolderUtils:0.5333333333333333
TrashHelper:0.48333333333333334
FolderServiceImpl:0.29333333333333333
KablinkFileSystemLibrary:0.20666666666666667
FileResource:0.18666666666666668
AbstractFileResource:0.18666666666666668
