MaterialCalendarView:0.7333333333333333
DynamicSettersActivity:0.2833333333333333
Weekly:0.25333333333333335
DateFormatTitleFormatter:0.15666666666666668
