TxmI18N:0.31666666666666665
ResultTab:0.27
TabContextMenu:0.19777777777777777
ConcordanceForm:0.17
VocabularyForm:0.17
CenterPanel:0.17
ConcordanceResultTab:0.08333333333333333
VocabularyResultTab:0.07333333333333333
