EditSuperUserDialog:0.7833333333333333
TableContentProvider:0.5066666666666667
