EarlyStoppingTrainer:0.47611111111111115
MultipleEpochsIterator:0.461111111111111
BaseEarlyStoppingTrainer:0.26
EarlyStoppingResult:0.21666666666666667
TestEarlyStopping:0.17666666666666667
