JvmCommand:0.3
TimeTunnelCommand:0.27666666666666667
GaStringUtils:0.22
GlobalOptions:0.19944444444444445
HelpCommand:0.17333333333333334
Entity:0.17
OptionsCommand:0.15
SessionCommand:0.11333333333333333
SearchMethodCommand:0.11
SearchClassCommand:0.09333333333333334
WatchCommand:0.09333333333333334
MonitorCommand:0.09333333333333334
PathTraceCommand:0.09333333333333334
TraceCommand:0.08666666666666667
