ShardPath:0.585
IndexService:0.5033333333333333
IndexShardTests:0.15333333333333332
