AstBuilder:0.48
Table:0.39
AddColumnDefinition:0.35111111111111115
CopyTo:0.3433333333333333
CreateSnapshot:0.30333333333333334
PartitionedBy:0.2633333333333333
ArrayLiteral:0.2633333333333333
ObjectColumnType:0.2633333333333333
DefaultTraversalVisitor:0.23333333333333334
Formatter:0.20194444444444445
Extractor:0.17
TestStatementBuilder:0.16666666666666666
