Builder:0.69
ExpiredJobReaper:0.48333333333333334
GracePeriodTest:0.21666666666666667
ExpiredJobReaperTest:0.06666666666666667
