Layer:0.54
WeightInitUtil:0.4866666666666667
DefaultLayerFactory:0.4266666666666667
