Signature:0.5133333333333333
TypeManager:0.47556349206349213
FunctionRegistry:0.4266666666666667
StatementAnalyzer:0.36333333333333334
Visitor:0.22666666666666666
NullIfCodeGenerator:0.16333333333333333
OperatorNotFoundException:0.12666666666666668
TypeRegistry:0.12666666666666668
TestingTypeManager:0.07333333333333333
