CreateTableNode:0.44333333333333336
CreateTable:0.42333333333333334
TestStatementBuilder:0.28
Planner:0.26666666666666666
TransportExecutorDDLTest:0.22666666666666666
CreateTableAnalyzedStatement:0.15
CreateTableTask:0.12666666666666668
CreateTableStatementAnalyzer:0.12666666666666668
