EventTest:0.7340555555555557
MouseEvent:0.5133333333333333
