Err:0.44600000000000006
Out:0.44600000000000006
