Tag:0.75
TagQueryService:0.38333333333333336
ArticleMgmtService:0.3
ArticleProcessor:0.26
AdminProcessor:0.25333333333333335
UserMgmtService:0.25333333333333335
ArticleAddValidation:0.15666666666666668
UpdateProfilesValidation:0.12
