TestUtils:0.6317777777777778
TestDoubleSpecial2:0.58
TestFloatSpecial1:0.33666666666666667
JPF_gov_nasa_jpf_symbc_TestUtils:0.056666666666666664
