Main:0.7666666666666667
Languages:0.2505952380952381
