FlowExecutionManager:0.6133333333333333
ConditionalFlowExecutionListenerHolder:0.5366666666666666
FlowActionTests:0.25666666666666665
FlowExecutionManagerTests:0.19333333333333333
