GLContext:0.5752777777777778
ARBPixelBufferObject:0.4955555555555555
