Table:0.7833333333333333
SqlBuilder:0.36333333333333334
TableCopy:0.25
