AntScript:0.6672222222222223
AntScriptTest:0.5933333333333334
