TaskManagerConfig:0.6866666666666666
ExchangeClientConfig:0.48333333333333334
ServerMainModule:0.19666666666666666
TestTaskManagerConfig:0.16666666666666666
TestExchangeClientConfig:0.16666666666666666
