CorefData:0.49666666666666665
DocumentEditor:0.41
MainFrame:0.3466666666666667
DeleteSelectedAnnotationsAction:0.11111111111111109
