DefaultDOManager:0.6066666666666667
SQLRebuilder:0.44333333333333336
