MapService:0.6233333333333333
MapEvictionTest:0.43666666666666665
PartitionRecordStore:0.42333333333333334
