GreenLabGUI:0.4266666666666667
DoubleNumberFieldFocusListener:0.4066666666666667
GreenLabGrowthSourcePanel:0.29333333333333333
GreenLabTooltipPanel:0.20666666666666667
