InternalAggregation:0.49666666666666665
SignificantTermsSignificanceScoreIT:0.2866666666666667
InternalSampler:0.19394444444444442
UnmappedSignificantTerms:0.1875
UnmappedTerms:0.1875
RestSearchAction:0.17333333333333334
RestMultiSearchTemplateAction:0.17333333333333334
RestMultiSearchAction:0.15666666666666668
RestSearchTemplateAction:0.11
