TestTaskRunner:0.5266666666666666
JPPFTestTask:0.4666666666666667
DB2LoadingTask:0.21505555555555556
