LegacyTransactionHandle:0.4766666666666667
TestAnalyzer:0.4533333333333333
LegacyTransactionConnector:0.3433333333333333
LegacyTransactionConnectorFactory:0.14
