AssertionsAssertAllTests:0.827611111111111
AssertionTestUtils:0.6016666666666667
