JedisCluster:0.61
JedisClusterCRC16:0.37333333333333335
JedisClusterCommand:0.26666666666666666
JedisClusterTest:0.2122222222222222
JedisClusterCRC16Test:0.13333333333333333
