JavaDoubleAlgebra:0.5414444444444444
BigDoubleAlgebra:0.5414444444444444
