OperationServiceImpl:0.6533333333333333
NodeEngineImpl:0.47333333333333333
SlowOperationDetectorAbstractTest:0.36333333333333334
