Enhancer:0.35333333333333333
EnhancerAffect:0.3233333333333333
Affect:0.2833333333333333
RowAffect:0.23
DefaultCommandHandler:0.175
