TransactionSynchronizer:0.8277777777777778
StateContextImpl:0.44666666666666666
DataStoreTokenTransactionSynchronizer:0.22583333333333333
AbstractTokenTransactionSynchronizer:0.16333333333333333
FlowScopeTokenTransactionSynchronizer:0.1563888888888889
