Jedis:0.6266666666666667
BinaryJedis:0.36
BinaryJedisCommands:0.2825
JedisCommands:0.2525
BinaryShardedJedis:0.21666666666666667
