SPMapper:0.7638888888888888
SPTest:0.44
MapperAnnotationBuilder:0.43333333333333335
