RecordReaderDataSetIterator:0.3933333333333333
CanovaRecordReader:0.33
CanovaMapRedInputSplit:0.2833333333333333
WorkerNode:0.21666666666666667
Word2Vec:0.20666666666666667
