GCLBuilder:0.8366666666666667
AntlrParser:0.36666666666666664
Namespace:0.21333333333333335
