Mongo:0.4866666666666667
DBTCPConnector:0.355
DefaultDBEncoder:0.32
MongoOptions:0.2966666666666667
DefaultDBDecoder:0.27666666666666667
MongoAuthority:0.26888888888888884
DefaultFactory:0.12666666666666668
