Mvcs:0.59
NutBean:0.4066666666666667
NutLoading:0.31
Loadings:0.25666666666666665
AnnotationIocLoader:0.23444444444444448
