TransportChannel:0.69
TransportReplicationActionTests:0.4166666666666667
DirectResponseChannel:0.23666666666666666
CapturingTransportChannel:0.22
TestTransportChannel:0.22
RequestHandlerRegistry:0.20666666666666667
TcpTransportChannel:0.2
