EditSuperUserDialog:0.7366666666666667
AccountType:0.25600000000000006
