Secur32:0.7677222222222223
Secur32Test:0.4
SecPkgContext_PackageInfo:0.33
Sspi:0.016666666666666666
