SecurityUtils:0.7066666666666667
HdfsRepository:0.38666666666666666
