Locals:0.42333333333333334
ScriptInterface:0.28
SSource:0.25666666666666665
ImplementInterfacesTests:0.25333333333333335
ReturnsPrimitiveDouble:0.18605555555555556
UnknownReturnType:0.0011111111111111111
ReturnsPrimitiveInt:0.0011111111111111111
ReturnsPrimitiveFloat:0.0011111111111111111
ReturnsPrimitiveBoolean:0.0011111111111111111
