LocalUserAdminSessionBean:0.6083333333333333
EjbcaWS:0.5216666666666666
EditUserCommand:0.2688888888888889
