ValueType:0.6033333333333334
ValueAttribute:0.6005555555555555
