AsyncMultiDataSetIterator:0.53
IteratorMultiDataSetIterator:0.3233333333333333
PortableDataStreamMultiDataSetIterator:0.3233333333333333
RecordReaderMultiDataSetIterator:0.28
PathSparkMultiDataSetIterator:0.28
IteratorRunnable:0.22333333333333333
AsyncShieldMultiDataSetIterator:0.22333333333333333
SingletonMultiDataSetIterator:0.22333333333333333
MultiDataSetIteratorAdapter:0.22333333333333333
