HTMLElement:0.7933333333333333
HTMLIFrameElement:0.3933333333333333
