LocalServiceSessionBean:0.38
MailAction:0.36666666666666664
CertificateExpirationNotifierWorker:0.32
BaseWorker:0.22416666666666665
PeriodicalInterval:0.09911111111111111
