ShadowTextView:0.7166666666666667
Robolectric:0.5205555555555555
TextViewTest:0.19
