DaoBaseImpl:0.37
App:0.21
ServiceExecutor:0.13666666666666666
FileLoader:0.13
RainbowFishSerializer:0.11666666666666667
ObjectPool:0.10333333333333333
SpellDaoImpl:0.1
WizardDaoImpl:0.1
SpellbookDaoImpl:0.1
