FakeApplication:0.63
FakeContextWrapper:0.3933333333333333
Wrapper:0.26666666666666666
FakeActivity:0.22
RobolectricWiringTest:0.17666666666666667
FakeMapActivity:0.03
ConnectivityBroadcastReceiver:0.0011111111111111111
