MapperBuilderAssistant:0.49333333333333335
MapperAnnotationBuilder:0.34
ResultMap:0.32666666666666666
XMLMapperBuilder:0.26666666666666666
Builder:0.20666666666666667
NestedResultSetHandler:0.18666666666666668
