CacheProfiler:0.38333333333333336
CacheContext:0.37
AsyncLoadingCacheTest:0.37
BoundedLocalAsyncLoadingCache:0.33666666666666667
RefreshAfterWriteTest:0.19416666666666665
CaffeineCacheFromContext:0.16333333333333333
CacheProvider:0.16333333333333333
