StringUtility:0.8833333333333333
StringOutput:0.5533333333333333
StringOutputTest:0.32666666666666666
