InternalTestCluster:0.54
ElasticsearchIntegrationTest:0.4166666666666667
CircuitBreakerServiceTests:0.37333333333333335
ApplySettings:0.20666666666666667
ClusterDynamicSettingsModule:0.17
