ForeignKey:0.62
DataService:0.5
SortByForeignKeyComparator:0.30333333333333334
IDatabasePlatform:0.235
SortByForeignKeyComparatorTest:0.06166666666666667
