WebUtils:0.6016666666666667
CasCoreWebflowConfiguration:0.3233333333333333
SpengoWebflowConfigurer:0.22333333333333333
