CreateObjectStep:0.8866666666666667
ObjectInitPopStep:0.4122222222222222
