JPAOverriddenAnnotationReader:0.5933333333333334
Collection:0.5866666666666667
Car:0.30333333333333334
IndexTest:0.22333333333333333
Dealer:0.14666666666666667
MappingReader:0.14333333333333334
