DefinitionManager:0.6966666666666667
MangoAnnotation:0.3144444444444444
RewriteListener:0.28
HarvestChoiceTrap:0.24666666666666667
Graphic:0.2325
HarvestChoiceCmd:0.19666666666666668
LoopDefinitionRequestMsg:0.19
MethodDefinitionRequestMsg:0.19
