SequenceElement:0.9366666666666666
VocabWord:0.2866666666666667
SparkWord2VecTest:0.21333333333333335
