Loader:0.5777777777777777
PessimisticLockException:0.49
AbstractEntityManagerImpl:0.36666666666666664
HibernateEntityManagerImplementor:0.17833333333333334
SQLStateConverter:0.13666666666666666
