TestSparkMultiLayerParameterAveraging:0.5866666666666667
Word2Vec:0.27
GloveTest:0.16333333333333333
MiniBatchTests:0.16
