EmptyLineFilter:0.5233333333333333
ControllerHandler:0.2966666666666667
ControllerFilter:0.2
ErrorControllerHandler:0.16
AnalysisInitControllerHandler:0.06333333333333334
DatabaseConnectionControllerHandler:0.043333333333333335
AttributesControllerHandler:0.04
ResponseControllerHandler:0.03
FilterConditionControllerHandler:0.023333333333333334
