RTVM0300:0.36
IQMHRTVM:0.24
QWCRDTAA:0.18333333333333332
ContentProviderTableViewer:0.15666666666666668
SubstitutionVariable:0.12333333333333334
APIFormat:0.09666666666666666
APIProgramCallDocument:0.07666666666666666
IQMHRTVMResult:0.03
APIFieldTypeMismatchException:0.02666666666666667
APIInt4FieldDescription:0.017388888888888888
APICharFieldDescription:0.017388888888888888
AbstractAPIFieldDescription:0.016666666666666666
APIErrorCode:0.013333333333333334
APIDateTimeFieldDescription:0.0033333333333333335
PcmlProgramCallDocument:0.0
