ShadowBitmap:0.7566666666666667
ShadowResources:0.32666666666666666
ShadowBitmapFactory:0.27666666666666667
ShadowBitmapDrawable:0.21666666666666667
