MarsClock:0.38
TaskManager:0.27444444444444444
Mars:0.25333333333333335
NavigatorWindow:0.18333333333333332
SurfaceFeatures:0.13333333333333333
LandmarkConfig:0.12666666666666668
TerrainElevation:0.11666666666666667
Landmark:0.07666666666666666
OrbitInfo:0.06333333333333334
EarthClock:0.03333333333333333
UpTimer:0.03333333333333333
Weather:0.02861111111111111
MasterClock:0.01
