CSSStyleDeclaration:0.8633333333333333
ComputedCSSStyleDeclaration:0.55
CSSStyleDeclarationTest:0.31
ComputedCSSStyleDeclarationTest:0.22666666666666666
CSSStyleDeclaration2Test:0.10333333333333333
