JSON:0.8466666666666667
JavaBeanSerializer:0.4583333333333333
