Store:0.7433333333333333
ReflectionUtils:0.35333333333333333
ExtensionValuesStore:0.3233333333333333
NamespaceAwareStore:0.3
Namespace:0.22333333333333333
AbstractExtensionContext:0.15666666666666668
StoringValuesTests:0.10666666666666667
CompositeNamespaceTests:0.0125
