InfoViewer:0.4766666666666667
close:0.3333333333333333
EnhancedJEditorPane:0.27499999999999997
InfoViewerPlugin:0.24666666666666667
