DefaultRecordStore:0.5566666666666666
LazyEntryView:0.5466666666666666
EntryViews:0.32
MergePolicyTest:0.11666666666666667
