SeedList:0.6033333333333334
SeedIterator:0.2866666666666667
SeedListTest:0.24666666666666667
