BuildAgentServiceImpl:0.33
BuildAgentServiceImplTest:0.32
DistributedMasterBuilder:0.28
WrappedRemoteProgress:0.2426111111111111
BuildOutputLoggerRemote:0.09333333333333334
BuildOutputLoggerManager:0.09
DistributedMasterBuilderNoLookupTest:0.06666666666666667
LiveOutputReader:0.03
LiveOutputReaderRemote:0.03
BuildOutputLoggerRemoteTest:0.02666666666666667
