RealNewWebSocket:0.5033333333333333
RealWebSocketTest:0.36333333333333334
NewWebSocketRecorder:0.31
OkHttpClient:0.24666666666666667
AutobahnTester:0.24333333333333335
MockResponse:0.23666666666666666
MockWebServer:0.19416666666666665
RtmSession:0.18666666666666668
WebSocketEcho:0.15666666666666668
SlackApi:0.08666666666666667
