TigerParser:0.5533333333333333
JBrowseOptionPane:0.43333333333333335
