IOInterface:0.7
IOHandle:0.4166666666666667
WriteHandler:0.35833333333333334
NITFResourceManager:0.35333333333333333
StreamIOWriteHandler:0.28
NativeIOInterface:0.27666666666666667
TestWriter4:0.25333333333333335
MemoryIO:0.25333333333333335
Writer:0.20333333333333334
ImageReader:0.19833333333333333
Reader:0.10277777777777777
IOTest:0.006666666666666667
