Console:0.43666666666666665
Shell:0.3466666666666667
SystemShell:0.2866666666666667
CommandoHandler:0.25316666666666665
ConsoleBeanShell:0.12333333333333334
CommandoDialog:0.10333333333333333
Script:0.1
CommandoThread:0.09
Command:0.08666666666666667
ConsoleProcess:0.08666666666666667
