AuditedPropertiesReader:0.5566666666666666
CollectionMetadataGenerator:0.26
MappedSuperclassEmbeddableTest:0.25333333333333335
AnnotationsMetadataReader:0.23666666666666666
ComponentAuditedPropertiesReader:0.15
