Settlement:0.595
Mind:0.43
Person:0.3466666666666667
UnitManager:0.3405
SettlementConfig:0.27666666666666667
Cooking:0.23666666666666666
LivingAccommodations:0.21
ScenarioConfigEditorFX:0.18333333333333332
SettlementTableView:0.17666666666666667
SleepMeta:0.16666666666666666
PlayHoloGameMeta:0.15333333333333332
RelaxMeta:0.15333333333333332
LoadVehicleTest:0.13
