Feign:0.36666666666666664
Builder:0.33
FeignTest:0.32666666666666666
Defaults:0.20666666666666667
DefaultModule:0.17
RibbonClientTest:0.14777777777777779
LoadBalancingTargetTest:0.14777777777777779
