JMXBuildAgentUtility:0.48333333333333334
UI:0.41333333333333333
JMXBuildAgentUtilityMBean:0.4027896825396826
BuildAgentUtility:0.32666666666666666
CruiseControlControllerAgent:0.25333333333333335
BuildAgentUtilityTest:0.10333333333333333
JMXBuildAgentUtilityTest:0.013333333333333334
