Jedis:0.66
Client:0.6166666666666667
ShardedJedis:0.22333333333333333
ListCommandsTest:0.15333333333333332
