RSS:0.5765555555555556
Item:0.55
Feed:0.33
CruiseControlItemTest:0.11305555555555555
CruiseControlFeed:0.08833333333333333
RSSPublisher:0.06333333333333334
FeedTest:0.03
CruiseControlItem:0.02666666666666667
CruiseControlFeedTest:0.016666666666666666
RSSPublisherTest:0.006666666666666667
ItemTest:0.0033333333333333335
