OntologyImpl:0.44
ClassNode:0.4266666666666667
IFolder:0.405
OntologyEditorImpl:0.33666666666666667
EditableTreeView:0.3333333333333333
Gaze:0.32666666666666666
KnowledgeBaseImpl:0.30333333333333334
DAMLOntology:0.22666666666666666
OntoTreeModel:0.21666666666666667
DAMLKnowledgeBaseImpl:0.16611111111111113
MappingTreeView:0.16
NewOntologyDialog:0.15666666666666668
EditURIDialog:0.12
EditClassURIDialog:0.12
RenameOntologyDialog:0.12
RenameClassDialog:0.12
OEMainPanel:0.11333333333333333
AddSubClassDialog:0.06666666666666667
MultipleSelectionDialog:0.03333333333333333
GeneralEditorException:0.017388888888888888
CloseOKListener:0.0033333333333333335
SaveOKListener:0.0033333333333333335
