Launcher:0.5466666666666666
EnvironmentChecker:0.5333333333333333
Splash:0.26666666666666666
App:0.1
