MappingUpdatedAction:0.4633333333333333
ObjectMapper:0.34
InternalTestCluster:0.31
PercolatorTests:0.2733333333333333
ElasticsearchIntegrationTest:0.26666666666666666
UpdateMappingTests:0.22666666666666666
InternalNode:0.2
ApplySettings:0.1475
MappingChange:0.12666666666666668
ClusterDynamicSettingsModule:0.08666666666666667
MasterMappingUpdater:0.07333333333333333
ConcurrentDynamicTemplateTests:0.03333333333333333
