Lang:0.75
Castor:0.26666666666666666
Trans:0.25333333333333335
PropertiesProxy:0.22333333333333333
NutStatement:0.21666666666666667
DaoStatement:0.20083333333333334
CastorTest:0.18666666666666668
Number2Boolean:0.09333333333333334
String2Boolean:0.09
DoInsertLinkVisitor:0.09
String2BigDecimal:0.04666666666666667
String2Number:0.04
