IImageKeys:0.7827777777777778
CA:0.48
CAH:0.41333333333333333
ICA:0.33651190476190473
AdapterFactory:0.25
CorporaView:0.16666666666666666
RVariablesLabelProvider:0.15
OpenGraph:0.10083333333333333
FactoMineRCA:0.06333333333333334
ComputeCAH:0.02611111111111111
