ExecBuilderTest:0.45
AbstractAntBuilderDelegate:0.42
EnvConf:0.3233333333333333
ExecBootstrapper:0.23833333333333334
