BSONObjectEncoder:0.58
TestDate:0.35333333333333333
TestDateTransformer:0.2212037037037037
BSONOldTest:0.15333333333333332
