LAFUtilities:0.14921175
FreeColLookAndFeel:0.0010360442
