TextFieldController:0.7305555555555555
ListViewController:0.7305555555555555
IconsController:0.32611111111111113
ProgressBarController:0.21
