Button:0.54
LinkEditor:0.3566666666666667
TaskPanel:0.23222222222222225
DayButton:0.23222222222222225
ConsoleCommandLine:0.18333333333333335
