SqlContext:0.6283333333333333
FetchLongCallback:0.18222222222222223
FetchStringCallback:0.16333333333333333
FetchIntegerCallback:0.16333333333333333
