CVS:0.54
Modification:0.4533333333333333
CVSTest:0.27666666666666667
