PA:0.48111111111111104
ConcreteTypeNode:0.39666666666666667
BuildMethodSummary:0.30666666666666664
MethodInline:0.29333333333333333
TypeCheckInliningDecision:0.24111111111111114
