RobotTest:0.5366666666666666
TreeTest:0.52
WidgetTesterTest:0.43333333333333335
TreeTesterTest2:0.04
