MedicalAid:0.49888888888888894
HealthProblem:0.4266666666666667
HealthTabPanel:0.39666666666666667
LanderHab:0.2833333333333333
MedicalStation:0.22333333333333333
MedicalAssistance:0.21
StandardMedicalCare:0.07666666666666666
