Saros:0.5866666666666667
SarosUI:0.3566666666666667
CDTFacade:0.3433333333333333
JDTFacade:0.3433333333333333
EditorAPI:0.27666666666666667
IJDTSupport:0.1778888888888889
ICDTSupport:0.1778888888888889
XMPPConnectionListener:0.11666666666666667
JDTSupport:0.04666666666666667
CDTSupport:0.03666666666666667
