MockHttpServletRequest:0.41
RememberMeServices:0.37866666666666665
MockHttpServletResponse:0.3566666666666667
RememberMeAuthenticationToken:0.2866666666666667
TokenBasedRememberMeServices:0.2833333333333333
AbstractProcessingFilter:0.27666666666666667
TokenBasedRememberMeServicesTests:0.22
RememberMeAuthenticationTokenTests:0.21
AuthenticationTrustResolverImplTests:0.18333333333333332
AbstractProcessingFilterTests:0.17666666666666667
RememberMeProcessingFilterTests:0.14
RememberMeProcessingFilter:0.058333333333333334
RememberMeAuthenticationProvider:0.05
RememberMeAuthenticationProviderTests:0.041944444444444444
NullRememberMeServices:0.034166666666666665
NullRememberMeServicesTests:0.021944444444444447
