CmpTestCase:0.5980555555555556
CrmfRATcpRequestTest:0.3566666666666667
CrmfMessageHandler:0.22
