AllMembersSupplier:0.6033333333333334
AllMembersSupplierTest:0.3933333333333333
HasDataPointsArrayField:0.23159523809523813
HasDataPointsArrayWithMatchingButInaccurateTypes:0.23159523809523813
HasDataPointsWithObjectParameter:0.23159523809523813
HasDataPointMethodWithOverlyGeneralTypes:0.18861111111111112
