StrutsUtil:0.8266666666666667
StrutsUtilTest:0.31666666666666665
RadioTest:0.12
