Publication:0.43
LogAppender:0.3333333333333333
PublicationBuffersReadyFlyweight:0.26666666666666666
ClientConductor:0.25333333333333335
EventCodec:0.2
ClientProxy:0.19666666666666666
DriverListenerAdapter:0.13
