QueryManagerTopComponent:0.475
QueryManagerService:0.37333333333333335
DataModelManagerTopComponent:0.3566666666666667
QueryEditorNodeWidget:0.3433333333333333
