RecordParser:0.7482777777777778
MDDPostProcessorWalker:0.4238888888888889
