ProjectBrowser:0.5433333333333333
MainWindow:0.3333333333333333
DefaultElementPanel:0.31333333333333335
SelectionPanel:0.25
PluginPanel:0.23333333333333334
SametimeAnnouncementPublisherPanel:0.22
ProjectPanel:0.21666666666666667
ThreadsPanel:0.21333333333333335
DateFormatPanel:0.21333333333333335
FtpBootstrapperPanel:0.14
FtpPublisherPanel:0.13333333333333333
MavenSnapshotDependencyPanel:0.12666666666666668
FtpCommonPanel:0.12333333333333334
BaseElementPanel:0.1
