FeatureSet:0.5633333333333334
Transcript:0.36666666666666664
AnnotationEditor:0.30666666666666664
ExonHolder:0.2833333333333333
EvidencePanel:0.23833333333333334
