EventHandler:0.4533333333333333
GrizzlyAsyncHttpProvider:0.38666666666666666
AsyncHttpClientTransportFilter:0.31666666666666665
StatusHandler:0.29055555555555557
AsyncHttpClientFilter:0.23333333333333334
FileBodyHandler:0.19333333333333333
ProxyFilter:0.19
FeedableBodyGenerator:0.19
BaseFeeder:0.14333333333333334
ContinueEvent:0.10333333333333333
ProxyAuthorizationHandler:0.09333333333333334
RedirectHandler:0.07666666666666666
AuthorizationHandler:0.04
