AtomicProperties:0.6679761904761905
CNNClassificationModel:0.6533333333333333
