PrinterService:0.47
PrintImage:0.37333333333333335
PrinterCalibration:0.36666666666666664
PrinterServiceMBean:0.3466666666666667
