FlatFileItemWriter:0.7766666666666666
FlatFileItemWriterTests:0.3333333333333333
