BCrypt:0.45166666666666666
UserData:0.3788888888888889
EjbcaConfiguration:0.19666666666666666
