SimulatePipelineResponse:0.6716666666666666
SimulatePipelineRequest:0.6166666666666667
SimulatePipelineResponseTests:0.21333333333333335
