SVGGraphicEditor:0.4266666666666667
TestCreateGraphic:0.29333333333333333
ApplicationActionBarAdvisor:0.29
SVGGraphicEditorInput:0.21583333333333332
CQPPreferenceInitializer:0.16
