JsonTest:0.6166666666666667
Region:0.43333333333333335
JsonEntityField:0.32666666666666666
JsonRenderImpl:0.26
GenericTest:0.19333333333333333
