SetOfAttributes:0.6766666666666666
SetAttributesExtension:0.335
SetAttributesToolbox:0.21666666666666667
