TestRun:0.8666666666666667
TestRunPropertySource:0.2733333333333333
