HistoryGuru:0.45
HistoryReader:0.4266666666666667
Util:0.24333333333333335
HistoryEntry:0.22
ExternalRepository:0.21888888888888886
AnalyzerGuru:0.19583333333333333
DirectoryHistoryReader:0.19416666666666665
HistoryContext:0.1811111111111111
MercurialRepository:0.09666666666666666
