ChadoXmlWrite:0.6833333333333333
ChadoXmlAdapter:0.5766666666666667
