CaptureActivity:0.5338888888888889
CameraManager:0.39666666666666667
CameraConfigurationManager:0.2633333333333333
