QsarPackage:0.63
StructureType:0.57
DescriptorType:0.55
Literals:0.48111111111111104
QsarPackageImpl:0.38
IQsarManager:0.2833333333333333
StructureTypeImpl:0.24
DescriptorTypeImpl:0.21333333333333335
StructureTypeItemProvider:0.19666666666666666
DescriptorTypeItemProvider:0.155
QsarManager:0.11666666666666667
TestWrite:0.11
