Paths:0.59
SystemTestBase:0.2966666666666667
ZooKeeperMasterModel:0.2833333333333333
MasterConfig:0.28
ReportingZooKeeperClient:0.27666666666666667
ServiceParser:0.22333333333333333
MasterService:0.19
AgentParser:0.18666666666666668
RolloutTask:0.17166666666666666
RolloutOperations:0.12
MasterParser:0.1
