BioResource:0.7933333333333333
BioResourceView:0.2633333333333333
TypeAndNameSorter:0.16333333333333333
