PA:0.5966666666666667
Bootstrapper:0.2733333333333333
GenRelations:0.23666666666666666
