PoolMetrics:0.6333333333333333
FakeThreadPoolMetrics:0.4066666666666667
VertxImpl:0.30666666666666664
ContextImpl:0.22555555555555556
DummyVertxMetrics:0.2
VertxMetrics:0.18142857142857147
FakeVertxMetrics:0.18
SharedWorkerPool:0.17444444444444446
DummyWorkerPoolMetrics:0.14333333333333334
MetricsTest:0.13333333333333333
