EntityPersister:0.78
EnhancerConstants:0.51
EnhancementTask:0.38666666666666666
AbstractEntityPersister:0.38
EntityEntry:0.3333333333333333
CustomPersister:0.32666666666666666
HibernateEnhancementMojo:0.31333333333333335
Enhancer:0.2833333333333333
PojoEntityTuplizer:0.27666666666666667
NoopEntityPersister:0.2733333333333333
EnhancerTest:0.22666666666666666
EnhancementContext:0.22166666666666668
DefaultFlushEntityEventListener:0.16333333333333333
AttributeTypeDescriptor:0.16
SimpleEntity:0.12
AbstractAttributeTypeDescriptor:0.050555555555555555
