PredictionContext:0.5333333333333333
ParserATNSimulator:0.45
ATNConfigSet:0.44333333333333336
ATNSimulator:0.15333333333333332
