IndicesAdminClient:0.5525
GetIndexTemplatesRequest:0.48333333333333334
AbstractIndicesAdminClient:0.36
TransportGetIndexTemplatesAction:0.19
GetIndexTemplatesRequestBuilder:0.09888888888888889
SimpleIndexTemplateTests:0.07333333333333333
RestGetIndexTemplateAction:0.06666666666666667
