DocumentImpl:0.5516666666666666
GateFormatXmlDocumentHandler:0.3233333333333333
AnnotationObject:0.2916666666666667
XmlDocumentHandler:0.21
