MethodRef:0.37
RobolectricInternals:0.35333333333333333
MethodGeneratorTest:0.3466666666666667
MethodGenerator:0.33666666666666667
AndroidTranslator:0.28400000000000003
ShadowWrangler:0.27666666666666667
ClassHandler:0.2454444444444444
Setup:0.1
