Body:0.42333333333333334
btSliderConstraint:0.2906666666666667
btTypedConstraint:0.29
btWorldImporter:0.26
btHingeConstraint:0.2331666666666667
btConeTwistConstraint:0.2331666666666667
btSolverBody:0.21927777777777777
Anchor:0.21333333333333335
btRaycastVehicle:0.21333333333333335
CollideSDF_RS:0.20333333333333334
