ParameterService:0.5033333333333333
IParameterService:0.4033333333333333
ParameterServiceSqlMap:0.36666666666666664
MockParameterService:0.24666666666666667
