ClientEngine:0.5264444444444445
AbstractServerEngine:0.43333333333333335
GUIClientEngine:0.34
BasicClientEngine:0.3333333333333333
MapsDFLoaderListener:0.29
EditorEngine:0.17
