BuildMessageExtractor:0.5133333333333333
WidgetPluginServiceTest:0.37
ErrorsAndWarningsMessagesWidget:0.2733333333333333
BuildDetailTest:0.26
BuildMessageExtractorTest:0.18333333333333332
