Socket:0.5
Binary:0.37666666666666665
ConnectionTest:0.36
Helpers:0.22333333333333333
HasBinaryData:0.1577777777777778
