AbstractLdapProperties:0.6402777777777778
Beans:0.5833333333333334
LdapAuthenticationConfiguration:0.27
