ConnectorSession:0.5617777777777777
Session:0.4666666666666667
TestDateTimeFunctions:0.34
FullConnectorSession:0.2733333333333333
TestingConnectorSession:0.22666666666666666
