ReadOnlyProxyTest:0.6366666666666667
ReadOnlySessionLazyNonLazyTest:0.41
ReadOnlySessionTest:0.36333333333333334
ReadOnlyTest:0.31333333333333335
DefaultRefreshEventListener:0.22333333333333333
