Binder:0.6466666666666666
Validator:0.49333333333333335
DefaultProfileCoreProcessor:0.24666666666666667
