Span:0.5766666666666667
MonthView:0.38333333333333336
DayViewFacade:0.36
BasicActivityDecorated:0.27
TextDecorator:0.2633333333333333
DayView:0.19166666666666668
OneDayDecorator:0.09333333333333334
