ConcordancesEditor:0.7183333333333334
ExecuteScriptGroovy:0.4066666666666667
