CommonEjbcaWS:0.4066666666666667
RolesManagedBean:0.39
EjbcaWSTest:0.3
UpgradeSessionBean:0.27666666666666667
EndEntityProfileSessionBean:0.23355555555555554
ComplexAccessControlSessionBean:0.18
UpgradeSessionBeanTest:0.12666666666666668
AuthorizationDataHandler:0.12666666666666668
InformationMemory:0.09666666666666666
ComplexAccessControlSession:0.013333333333333334
