MetricsRegistry:0.6366666666666667
NonBlockingIOThread:0.51
NonBlockingIOThreadingModel:0.4666666666666667
AbstractHandler:0.3
NonBlockingSocketWriter:0.22666666666666666
ClientConnectionManagerImpl:0.20388888888888887
NodeEngineImpl:0.2
MetricsRegistryImpl:0.18
NonBlockingSocketReader:0.17666666666666667
HazelcastClientInstanceImpl:0.17333333333333334
StartMigrationTask:0.05
PublishAllTask:0.04055555555555555
