MapQueryEngine:0.6633333333333333
MapQueryEngineImpl:0.35333333333333333
QueryOperation:0.35333333333333333
MapProxySupport:0.32
QueryResult:0.2966666666666667
QueryResultSizeLimiter:0.26
QueryPartitionOperation:0.2227777777777778
HazelcastTestSupport:0.19
QueryPartitionCallable:0.0325
