BinaryJedis:0.5866666666666667
ScanResult:0.4166666666666667
ScanParams:0.37
AllKindOfValuesCommandsTest:0.16666666666666666
SortedSetCommandsTest:0.16666666666666666
SetCommandsTest:0.16
HashesCommandsTest:0.15666666666666668
