JGraphLocation:0.58
JTableLocation:0.3233333333333333
JTableHeaderLocation:0.31666666666666665
JTabbedPaneLocation:0.31333333333333335
ListLocation:0.2866666666666667
ComponentTestFixture:0.2833333333333333
JListLocation:0.24666666666666667
JComponentTester:0.24666666666666667
JTreeLocation:0.2302777777777778
ComponentLocation:0.22666666666666666
JGraphTesterTest:0.09666666666666666
JGraphLocationTest:0.05333333333333334
JGraphTester:0.02666666666666667
