HiveClientConfig:0.6966666666666667
HiveSessionProperties:0.3566666666666667
AbstractTestHiveClient:0.27
HiveUtil:0.24
TestHiveIntegrationSmokeTest:0.23666666666666666
RcFilePageSourceFactory:0.23
TestHiveDistributedQueries:0.22
HiveFileFormatBenchmark:0.2185
TestHiveFileFormats:0.20666666666666667
HiveTestUtils:0.13333333333333333
HiveClientModule:0.12333333333333334
TestHiveClientConfig:0.09666666666666666
