MappingDefaults:0.68
HbmSimpleAttributeBindingState:0.31666666666666665
AbstractEntityBinder:0.2966666666666667
HbmPluralAttributeBindingState:0.27
MappingDefaultsImpl:0.24666666666666667
OverriddenMappingDefaults:0.24666666666666667
HbmManyToOneAttributeBindingState:0.23
HbmEntityBindingState:0.21444444444444447
AbstractHbmAttributeBindingState:0.20333333333333334
HbmDiscriminatorBindingState:0.12333333333333334
