CDATASection:0.7406111111111111
XmlPage:0.5155555555555555
XMLDocument:0.4066666666666667
ActiveXObject:0.33666666666666667
GWTSourceTest:0.20666666666666667
