MongoCollection:0.83
MongoDatabase:0.7533333333333333
MongoCollectionImpl:0.43
MongoDatabaseImpl:0.32
CollectionAcceptanceTest:0.23666666666666666
DatabaseTestCase:0.23
DatabaseAcceptanceTest:0.18
ClientAcceptanceTest:0.14333333333333334
NewQuickTour:0.1
