CommunicationsStub:0.6766666666666666
ObjectNode:0.29
SyncService:0.25333333333333335
ServiceChildren:0.15333333333333332
