CAToken:0.7708333333333334
X509CA:0.36
NullCAToken:0.24333333333333335
SoftCAToken:0.24333333333333335
