S3BlobStore:0.63
DefaultS3OutputStream:0.5633333333333334
S3Repository:0.35333333333333333
