BoundingSphereDirectionalAnalyzer:0.6897777777777778
BaseShadowSystem:0.43
FirstPassBaseShadowSystem:0.30333333333333334
