Table:0.6766666666666666
UniqueKey:0.43333333333333335
