Step:0.5333333333333333
ComponentReference:0.44
Robot:0.43666666666666665
DefaultComponentFinder:0.42
Platform:0.4083333333333333
Script:0.37
ScriptEditor:0.3566666666666667
Log:0.32666666666666666
RobotAWTModeTest:0.2733333333333333
ComponentTesterTest:0.2633333333333333
RobotTest:0.2633333333333333
ComponentNode:0.24666666666666667
ArgumentParser:0.24333333333333335
Annotation:0.24142857142857144
ScriptTest:0.23333333333333334
ScriptEditorFrame:0.21333333333333335
OSXTest:0.21333333333333335
Call:0.21142857142857144
ScriptModel:0.2080952380952381
ComponentBrowser:0.20666666666666667
ComponentRecorderTest:0.2
ForkedStepRunner:0.19666666666666666
JTextComponentTesterTest:0.1880952380952381
AppClassLoader:0.1880952380952381
JTreeRecorderTest:0.1880952380952381
KeyStrokeMapTest:0.1880952380952381
ComponentReferenceTest:0.17
AbstractButtonTesterTest:0.16642857142857143
EventEditor:0.16
EventCapture:0.16
AbstractSemanticRecorderTest:0.15666666666666668
JComponentRecorder:0.13666666666666666
JTextComponentRecorder:0.13666666666666666
AssertEditor:0.12333333333333334
JTableTesterTest:0.12
FrameRecorder:0.10833333333333334
BrowserHierarchyListener:0.1075
AbstractEventExceptionHandlerTest:0.08666666666666667
ImageComparatorTest:0.06666666666666667
AnnotationEditor:0.023333333333333334
TreePathConverter:0.0011111111111111111
