NBNode:0.4766666666666667
GraphJdbc:0.44
NbrowseJdbcAdapter:0.33666666666666667
NBEdge:0.31333333333333335
StepManager:0.28
