AbstractXomPayloadEndpoint:0.38333333333333336
AbstractDomPayloadEndpoint:0.2966666666666667
XomSourceCallback:0.22333333333333333
AbstractJDomPayloadEndpoint:0.16
XomPayloadEndpointTest:0.09833333333333333
StaxStreamConverter:0.06666666666666667
XomParsingException:0.06555555555555555
AbstractDom4jPayloadEndpoint:0.013333333333333334
