ObjectiveCImplementationGenerator:0.6116666666666667
FunctionizerTest:0.37333333333333335
Functionizer:0.35333333333333333
