HighlighterSearchIT:0.6133333333333333
FetchSourceSubPhaseTestSearchContext:0.37
SearchFieldsIT:0.29
FetchSourceSubPhaseTests:0.22666666666666666
