CertificateProfile:0.56
CertificateTransparency:0.375
KeyTools:0.36
X509CA:0.35333333333333333
CertificateStoreSession:0.31337301587301586
SignSessionBean:0.2833333333333333
GlobalConfiguration:0.20666666666666667
CertificateStoreSessionBean:0.14
CTLogInfo:0.056666666666666664
ParameterMap:0.016666666666666666
CertificateTransparencyFactory:0.0033333333333333335
CTLogException:0.0
HttpUpload:0.0
