ProxyDelegatingHandler:0.4533333333333333
layout:0.4494444444444445
ViewLoaderTest:0.2733333333333333
ShadowAppWidgetManager:0.26666666666666666
ShadowRemoteViews:0.13666666666666666
InvocationPlan:0.11944444444444442
AppWidgetManagerTest:0.10666666666666667
WidgetInfo:0.1
drawable:0.014285714285714285
