RefProperty:0.47
Reader:0.45
SwaggerExtension:0.37
PropertyBuilder:0.35
IntegerProperty:0.30333333333333334
ParameterProcessor:0.2
AbstractSwaggerExtension:0.1
AnnotationsHelper:0.08333333333333333
DefaultParameterExtension:0.06
SwaggerJersey2Jaxrs:0.03944444444444445
SwaggerJerseyJaxrs:0.03
