LevelMap:0.43
Level:0.3566666666666667
DefaultRuleView:0.3466666666666667
LevelIndex:0.32
AspectGraph:0.26
DefaultGraphView:0.13
Parameters:0.095
