DummyCustomPublisher:0.3144444444444444
X509CA:0.30666666666666664
LocalHardTokenSessionBean:0.30666666666666664
LdapPublisher:0.3
ActiveDirectoryPublisher:0.2041111111111111
LocalEjbcaHardTokenBatchJobSessionBean:0.19333333333333333
CAAdminSessionBean:0.18
HardCATokenManager:0.17577777777777778
CRLCreateThread:0.16544444444444445
