TableItemTester:0.5483333333333333
CComboTester:0.5483333333333333
Wait:0.37833333333333335
