XTestDriver:0.38666666666666666
StepContext:0.37666666666666665
RegisterTransaction:0.21733333333333335
StringSub:0.19666666666666666
ProvideAndRegisterTransaction:0.18333333333333332
PlanContext:0.1643888888888889
TestSpec:0.09333333333333334
