LiveVersionMap:0.6633333333333333
InternalEngine:0.5333333333333333
LiveVersionMapTests:0.265
