Aspect:0.4766666666666667
LabelPattern:0.45166666666666666
AspectNode:0.37666666666666665
Const:0.28
GraphJCell:0.27656349206349207
AspectEdge:0.2733333333333333
AspectJEdge:0.22666666666666666
AspectJVertex:0.22333333333333333
Expression:0.22
GraphToTikz:0.21666666666666667
LabelTree:0.21333333333333335
AspectLabel:0.20333333333333334
AspectGraph:0.19666666666666666
JVertexView:0.18333333333333332
TypeModel:0.16333333333333333
Field:0.13666666666666666
Assignment:0.07333333333333333
