EditorPanel:0.65
ChangeWidgetEdit:0.4033333333333333
EditorLayerWrapper:0.3333333333333333
WidgetListener:0.27666666666666667
EditorMenuFactory:0.23666666666666666
EditorEngine:0.17666666666666667
