Part:0.5633333333333334
PartVisitor:0.4511111111111111
AbstractFilePart:0.3
FilePart:0.21
ByteArrayPart:0.2
PartBase:0.14333333333333334
OutputStreamPartVisitor:0.07333333333333333
CounterPartVisitor:0.06555555555555555
