AuthorizationManagerBeanDefinitionParser:0.7633333333333333
AuthorizationManagerBeanDefinitionParserTests:0.25222222222222224
