ICertificateStoreSessionRemote:0.5366666666666666
ICertificateStoreSessionLocal:0.39
LocalCertificateStoreSessionBean:0.38666666666666666
LDAPPublisherSessionBean:0.3566666666666667
CertificateDataLocalHome:0.31976190476190475
CRLDataLocalHome:0.30142857142857143
CertificateProfileDataBean:0.21666666666666667
CertificateDataHome:0.17333333333333334
LDAPActiveDirectoryPublisherSessionBean:0.13333333333333333
CRLDataHome:0.015
