ShamProject:0.41333333333333333
ShamResource:0.32
TestConsole:0.2833333333333333
LaunchConfiguration:0.2794682539682539
ShamLaunchManager:0.25333333333333335
MultiReaderStrategy:0.24333333333333335
ShamFile:0.24
RuntimeConfigurationFile:0.15
SimpleDocument:0.09666666666666666
