LayerRenderer:0.5166666666666667
ConcreteLayerPainter:0.41333333333333333
Overlay:0.21666666666666667
ExtendedLayerRenderer:0.209
