GetINSDEntryNewWizard:0.4683333333333333
GetINSDEntryNewWizardPageDDBJ:0.21333333333333335
GetINSDEntryNewWizardPageEMBL:0.2
GetINSDEntryNewWizardPageChooseServiceProvider:0.14944444444444446
GetINSDEntryNewWizardData:0.14666666666666667
GetINSDEntryNewWizardPageFinal:0.14333333333333334
