Button:0.47333333333333333
ButtonStyle:0.3333333333333333
ImageButton:0.27
TextButton:0.2025
TextButtonStyle:0.17666666666666667
ImageButtonStyle:0.11666666666666667
