EditorDialog:0.6627777777777778
ExploreStrategyMenu:0.48333333333333334
