AddressDaoTest:0.29
CountryDaoTest:0.25
CityDaoTest:0.23666666666666666
UserDaoTest:0.23666666666666666
DepartmentDaoTest:0.23333333333333334
AdapterFunctionalTestDao:0.22333333333333333
BClientDaoTest:0.20666666666666667
