EntityMetamodel:0.6
AbstractEntityPersister:0.4866666666666667
CollectionBinder:0.23722222222222225
PojoEntityTuplizer:0.23666666666666666
Enhancer:0.19744444444444442
DefaultFlushEntityEventListener:0.19333333333333333
SimpleDirtyTracker:0.14333333333333334
SortedDirtyTracker:0.14333333333333334
