Editor:0.41
Simulator:0.39
EditGraphAction:0.35444444444444445
JGraphPanel:0.335
AspectJCell:0.3323333333333333
AspectJGraph:0.30666666666666664
EditorDialog:0.29
SetTypeRoleAction:0.2633333333333333
PreviewTypeAction:0.25666666666666665
NewGraphAction:0.2544444444444444
AspectJEdge:0.24333333333333335
AspectJVertex:0.24
AspectJModel:0.23666666666666666
EditorMarqueeHandler:0.15333333333333332
MyEdgeHandle:0.15333333333333332
