InternalAggregations:0.605
AggregationStreams:0.29711111111111116
SimilarityLookupService:0.23666666666666666
PipelineAggregatorStreams:0.23
BucketStreams:0.16333333333333333
