ClientMultiMapProxy:0.4766666666666667
MapLockTest:0.3466666666666667
ValidationUtil:0.15666666666666668
ClientMultiMapLockTest:0.09333333333333334
