Ontology:0.8533333333333334
OClass:0.8533333333333334
OClassImpl:0.17333333333333334
