TestCompositeGrammars:0.47333333333333333
TestATNConstruction:0.33666666666666667
TestAttributeChecks:0.25
SemanticPipeline:0.23333333333333334
