CompletionSuggestion:0.5266666666666666
TopDocumentsCollector:0.39
CompletionSuggestionBuilder:0.31666666666666665
CompletionSuggestionContext:0.27
SearchPhaseControllerTests:0.23
CompletionSuggestSearchIT:0.22666666666666666
CompletionSuggester:0.16966666666666666
ContextCompletionSuggestSearchIT:0.16416666666666666
SuggestionTests:0.16333333333333333
SuggestTests:0.16333333333333333
CompletionSuggesterBuilderTests:0.13333333333333333
CompletionSuggestionTests:0.07666666666666666
