ApprovalExecutorUtil:0.45666666666666667
ApprovalEnforcedByCertificateProfileTest:0.37
EndEntityManagementSessionBean:0.3566666666666667
CAAdminSessionBean:0.31133333333333335
ApprovalProfileMBean:0.25
CrmfRAPbeRequestTest:0.25
KeyRecoverySessionBean:0.24
