Task:0.49333333333333335
ExecutorServiceBean:0.27666666666666667
CalendarUtil:0.24333333333333335
ExecutorLogic:0.23333333333333334
TasklistBuilder:0.23333333333333334
ChangeListener:0.2305555555555555
SubstitutionCacheImpl:0.21666666666666667
AdminScriptRunner:0.19333333333333333
Timer:0.17666666666666667
CalendarInterval:0.15
TaskEndLog:0.15
TaskExpiredLog:0.09
BotInvokerServiceBean:0.08333333333333333
CachingLogic:0.07666666666666666
AssignmentHelper:0.056666666666666664
ChangeListenerGuard:0.03
BotInvokerFactory:0.03
