AndOperator:0.5
PlannerTest:0.44666666666666666
WhereClause:0.34
MultiSourceSelect:0.27
JoinPair:0.23
ManyTableConsumer:0.22666666666666666
Visitor:0.20666666666666667
RelationNormalizer:0.20666666666666667
ManyTableConsumerTest:0.20666666666666667
Symbols:0.20333333333333334
ConsumingPlanner:0.12
SplitVisitor:0.09
RCReplaceVisitor:0.0
