Reducer:0.7
MaxBucketReducer:0.15666666666666668
MaxBucketBuilder:0.08
MaxBucketParser:0.0425
MaxBucketTests:0.023333333333333334
DerivativeParser:0.011666666666666667
MovAvgParser:0.0
