Vector:0.7233333333333334
Vector3:0.5566666666666666
Intersector:0.3
Vector2:0.29333333333333333
Plane:0.29
BulletConstructor:0.2833333333333333
Matrix4:0.28
PerspectiveCamController:0.19
SoftMeshTest:0.19
RayPickRagdollTest:0.15333333333333332
BaseBulletTest:0.14111111111111113
ConstraintsTest:0.11666666666666667
TestInternalTickCallback:0.11333333333333333
SoftBodyTest:0.10666666666666667
BasicShapesTest:0.09666666666666666
RayCastTest:0.09333333333333334
