IfCollector:0.74
RescanProcessor:0.4572222222222222
SessionHandler:0.31666666666666665
