Window:0.6033333333333334
JavaScriptJobManager:0.48633333333333334
XMLHttpRequest:0.21916666666666668
JavaScriptJob:0.18
JavaScriptJobManagerImpl:0.16333333333333333
JavaScriptStringJob:0.15
JavaScriptExecutionJob:0.056666666666666664
JavaScriptFunctionJob:0.05333333333333334
