BoyerMooreSearchMatcher:0.68
HighlightingTree:0.2977777777777778
HyperSearchRequest:0.2966666666666667
