VersionMessage:0.49333333333333335
Message:0.44
Peer:0.4266666666666667
PeerGroup:0.38
MockNetworkConnection:0.19
BitcoinSerializerTest:0.14333333333333334
