FirstOrderIntegratorAdapter:0.5533333333333333
RGG:0.5466666666666666
Solver:0.22166666666666668
SolverBase:0.22166666666666668
