Interpreter:0.6805555555555555
ParallelThread:0.55
ParallelExecution:0.20333333333333334
