Stream:0.4766666666666667
List:0.4633333333333333
Collections:0.4066666666666667
Array:0.33
Seq:0.32666666666666666
CharSeq:0.2569285714285714
LinearSeq:0.24142857142857144
Vector:0.22642857142857142
IndexedSeq:0.20976190476190476
Queue:0.20142857142857143
AbstractSeqTest:0.14666666666666667
