DefaultDistributedStatusServiceTest:0.51
DistributedStatusHistoryModel:0.48333333333333334
DefaultDistributedStatusService:0.37
BogusResourceType:0.14666666666666667
