Child:0.37333333333333335
ParentTest:0.35
Parent:0.3433333333333333
ChildId:0.25666666666666665
PhoneNumber:0.23
Person:0.23
ChildValidator:0.1786111111111111
EmbeddedableTest:0.043333333333333335
SalesRepresentative:0.04
