Lang:0.6833333333333333
Json:0.44
Daos:0.30333333333333334
ManyManyLinkField:0.28833333333333333
Sender:0.24333333333333335
SimpleDaoTest:0.23333333333333334
AbstractJdbcExpert:0.20666666666666667
DaoSupport:0.2
JsonEntity:0.19333333333333333
NutDaoRunner:0.19305555555555554
NutDaoExecutor:0.17333333333333334
JsonEntityField:0.15333333333333332
SQLiteJdbcExpert:0.15
SimpleTransTest:0.10666666666666667
RecordDaoTest:0.09333333333333334
HttpTest:0.03333333333333333
JsonEntityTest:0.03
