TestCluster:0.6433333333333333
RestTestSuiteRunner:0.35
ReproduceInfoPrinter:0.3233333333333333
ElasticsearchIntegrationTest:0.30666666666666664
RestReproduceInfoPrinter:0.21333333333333335
