ARINCUIManager:0.43666666666666665
UIDefinition:0.39666666666666667
CockpitConfigurationHandler:0.27
WebServerProtocol:0.2633333333333333
ClientCockpitConfigurationHandler:0.24666666666666667
EditorEngine:0.23416666666666666
EditBoxTextRenderer:0.2305555555555555
AbstractServerCockpitConfigurationHandler:0.21333333333333335
AbstractCockpitConfigurationHandler:0.19666666666666666
WidgetEventListener:0.1572222222222222
ServerEngineComm_3Test:0.15
NetworkWebProtocol2Test:0.03666666666666667
EditorOpenDF2Test:0.03
