AbstractServiceValidateController:0.39666666666666667
WebApplicationService:0.3595555555555555
AbstractWebApplicationService:0.32
AbstractCasView:0.23
Cas30ResponseViewTests:0.16
Cas30ResponseView:0.12333333333333334
AbstractServiceValidateControllerTests:0.11666666666666667
CasViewConstants:0.1
CasProtocolConstants:0.1
WebApplicationServiceFactory:0.09666666666666666
AbstractDelegatingCasView:0.04
