RequestHelper:0.53
LogInterfaceBean:0.3333333333333333
ILogExporter:0.31366666666666665
LocalLogSessionBean:0.30333333333333334
CmpServlet:0.22944444444444448
ScepServlet:0.15666666666666668
CsvLogExporter:0.14
TestLog:0.1
