ManyToOneRingBuffer:0.7166666666666667
Aeron:0.31666666666666665
ClientContext:0.29333333333333333
ManyToOneRingBufferTest:0.14
