Hibernate:0.43666666666666665
Settings:0.3
SessionImpl:0.29333333333333333
Loader:0.22
ByteArrayBlobType:0.22
ClobType:0.18666666666666668
BlobType:0.18666666666666668
SerializableToBlobType:0.18666666666666668
SettingsFactory:0.15333333333333332
