OptionsPageBuilder:0.6633333333333333
OptionsHandler:0.6066666666666667
