DocumentImpl:0.6033333333333334
CorpusImpl:0.4
Corpus:0.3163333333333333
LanguageResource:0.2644444444444445
