PostgisDSMetadata:0.29
PostgisSQLBuilder:0.2733333333333333
DataSource:0.19666666666666666
PostgisDSConnection:0.17
PostgisFeatureInputStream:0.13333333333333333
DataStoreQueryDataSource:0.13
ColumnNameBlock:0.13
AdhocQuery:0.12333333333333334
FilterQuery:0.12
DoubleConverter:0.11333333333333333
IntegerConverter:0.11333333333333333
DataStoreMetadata:0.11
ValueConverterFactory:0.08666666666666667
LongConverter:0.0033333333333333335
