EventCodec:0.5563333333333333
ClientProxy:0.38333333333333336
