ComputedCSSStyleDeclaration:0.6766666666666666
HTMLElement:0.6733333333333333
HTMLInputElementTest:0.40222222222222226
