Netty4HeadBodyIsEmptyIT:0.7766666666666666
RestGetSourceAction:0.17333333333333334
Document:0.12666666666666668
RestHeadAction:0.12333333333333334
