Research:0.6772222222222223
ResearchMaterialsScience:0.23666666666666666
