NoClipLabeledSkinBase:0.5983333333333334
SymbolAnimatedRenderer:0.36
SymbolRef:0.22666666666666666
