WorkbenchListener:0.5433333333333333
EditView:0.37
Workbench:0.3433333333333333
ViewDockable:0.22333333333333333
GedcomAction:0.20666666666666667
ReportPlugin:0.18
StatusBar:0.17666666666666667
WorkbenchAdapter:0.17666666666666667
EditPlugin:0.16666666666666666
EditViewFactory:0.14
Sticky:0.13666666666666666
Startup:0.12666666666666668
Mode:0.10333333333333333
DelTab:0.08333333333333333
