Shape:0.7366666666666667
EdgeSigPortRenderer:0.38262698412698404
ShapeJPortView:0.24666666666666667
ShapeJVertex:0.23333333333333334
ShapePreviewDialog:0.23333333333333334
ShapeJEdge:0.21666666666666667
GraphJModel:0.2
ShapeJModel:0.19333333333333333
ShapeJGraph:0.17
LayouterItem:0.14777777777777776
MyMouseListener:0.12
ShapeJPort:0.1
ShapeJEdgeView:0.016666666666666666
