TopHitsIT:0.4
DecayFunctionScoreIT:0.3433333333333333
TemplateQueryIT:0.33666666666666667
SearchRequestBuilderTests:0.33666666666666667
FunctionScoreIT:0.2833333333333333
TransportTwoNodesSearchIT:0.28
GroovyScriptIT:0.2733333333333333
IndexQueryParserService:0.2733333333333333
SearchFieldsIT:0.2633333333333333
IndexedScriptIT:0.25666666666666665
OnDiskScriptIT:0.25333333333333335
ChildQuerySearchIT:0.24
SimpleSortIT:0.24
GroovySecurityIT:0.23
SimpleQueryStringIT:0.21666666666666667
TransportSearchFailuresIT:0.12
FetchSubPhasePluginIT:0.1
