DomAttr:0.5666666666666667
HtmlElement:0.51
NamedNodeMap:0.43111111111111106
Attr:0.4266666666666667
XMLDocument:0.23555555555555557
