JSONPath:0.5166666666666667
JavaBeanSerializer:0.4
DefaultJSONParser:0.38333333333333336
JSONPathParser:0.23111111111111116
