AbstractTask:0.41
LifeCycleTask:0.3933333333333333
AbstractExecutionManager:0.35333333333333333
TestJPPFTask:0.27666666666666667
TimeoutTimerTask:0.13
Interruptibility:0.0011111111111111111
