IssueUtilities:0.81
FormatIconActionTag:0.4166666666666667
ViewIssueAction:0.15694444444444444
CreateIssueAction:0.15666666666666668
