IntermediateRenderer:0.37333333333333335
BasicBondGenerator:0.3433333333333333
BasicAtomGenerator:0.19333333333333333
Renderer:0.18416666666666667
HighlightGenerator:0.11666666666666667
Controller2DModuleAddBond:0.11333333333333333
BasicGenerator:0.11111111111111109
RingGenerator:0.09
IGenerator:0.05714285714285714
