OptionsView:0.5633333333333334
FederationView:0.47
Page:0.20666666666666667
StandardPage:0.08666666666666667
HtmlView:0.07611111111111112
