SerializeWriter:0.7766666666666666
ASMSerializerFactory:0.3
MediaSerializer:0.20666666666666667
