IndexSettings:0.5633333333333334
MergePolicySettingsTests:0.3
ClusterModule:0.2633333333333333
MergePolicyConfig:0.25666666666666665
