EndState:0.8366666666666667
XmlFlowBuilderTests:0.3566666666666667
