SignatureGenerator:0.6366666666666667
MetadataGenerator:0.4266666666666667
MetadataWriter:0.24333333333333335
SignatureGeneratorTest:0.23666666666666666
MetadataWriterTest:0.20333333333333334
