ConcreteLayer:0.5266666666666666
ConcreteLayerPainter:0.47
AbstractARINCTextEditor:0.37333333333333335
EditorPanel:0.3433333333333333
XULPanel:0.33666666666666667
RendererFactory:0.30133333333333334
ScriptPanel:0.2966666666666667
EditorEngine:0.28
ScenarioManagerImpl:0.27666666666666667
GUIClientEngineGUI:0.27666666666666667
XMLSAXParser:0.27
JSScriptPanel:0.26666666666666666
ARINCModelFactory:0.25666666666666665
AttributedStringDrawing:0.25333333333333335
ModelFactoryHelper:0.2475
MapItemRendererFactory:0.24666666666666667
MapsPanel:0.24666666666666667
StringUtils:0.24333333333333335
PluginScriptPanel:0.24166666666666667
EditorXMLDFHandler:0.22666666666666666
SACParser:0.22444444444444447
LayerListener:0.21666666666666667
DefaultStringConverter:0.21666666666666667
WidgetListener:0.2
LoadScriptPanel:0.19305555555555554
EditorListener:0.1905
UIPropertiesDialog:0.19
PlainTextEditor:0.18833333333333332
AbstractEditorEngine:0.17
VariableTable:0.16333333333333333
BasicServerEngine:0.16333333333333333
ConfigurationLoader:0.14666666666666667
DebugPropertyPanelFactory:0.14333333333333334
DefaultDataComponent:0.13333333333333333
MapItemEditorListener:0.13333333333333333
PanelListener:0.11333333333333333
