FDVanillaEngine:0.41
FDAmericanEngine:0.2783333333333333
FDAmericanCondition:0.27666666666666667
AmericanOptionTest:0.17666666666666667
FDEngineAdapter:0.04
