IScriptGenerator:0.6621071428571426
ActionHistoryView:0.43333333333333335
JSScriptGenerator:0.42333333333333334
