ConstraintRules:0.5233333333333333
GraphLabels:0.39666666666666667
ModelHandler:0.24666666666666667
Transform:0.2111111111111111
