Saros:0.4277777777777777
SessionStatistic:0.4066666666666667
BreakpointActivityProvider:0.38666666666666666
BreakpointSynchronizer:0.31333333333333335
SharingBreakpointListener:0.2733333333333333
PreferenceConstants:0.19
PreferenceInitializer:0.16666666666666666
SessionDataCollector:0.12
SharedBreakpointManager:0.09333333333333334
DistribDebugObserver:0.0867222222222222
DistributedDebugPreferencePage:0.04
DebugPropertiesObserver:0.0033333333333333335
