Default:0.6366666666666667
LazyResolution:0.35333333333333333
WithLazyResolution:0.3233333333333333
TypeLocator:0.22
AgentBuilderDefaultApplicationTest:0.18333333333333332
WithTypePoolCache:0.14333333333333334
AgentBuilderTypeLocatorTest:0.07583333333333334
TypePoolDefaultWithLazyResolutionTypeDescriptionTest:0.04
LazyTypeDescription:0.02
