Iterator:0.56
Array:0.37
AbstractSeqTest:0.36333333333333334
QueueTest:0.28
StreamTest:0.28
StackTest:0.28
VectorTest:0.28
ListTest:0.28
ArrayTest:0.24
IteratorTest:0.20666666666666667
IndexedNode:0.17
ArrayNode:0.17
