ZooKeeperMasterModel:0.5066666666666667
RollingUpdatePlanner:0.4066666666666667
RollingUndeployPlanner:0.38333333333333336
RollingUpdatePlannerTest:0.23666666666666666
RolloutPlanner:0.21333333333333335
RollingUndeployPlannerTest:0.17666666666666667
DeploymentGroupTest:0.17666666666666667
UpdateDeploymentGroupHosts:0.1
