NewPushButtonRenderer:0.2833333333333333
TestWidgetRenderer:0.2833333333333333
ARINCCursor:0.27133333333333337
SimplePlugin:0.2
CursorRenderer:0.18
CustomMapManager:0.16666666666666666
TestWidget:0.14333333333333334
NewPushButton:0.14333333333333334
APIMapsDemo:0.1
