AbstractRegisteredServiceAttributeReleasePolicy:0.69
DenyAllAttributeReleasePolicy:0.36333333333333334
ApplicationContextProvider:0.2833333333333333
