Diagnostics:0.45666666666666667
JPPFNode:0.34800000000000003
CloseableHandler:0.34
ResourceCache:0.19333333333333333
CPUTimeCollector:0.18833333333333332
ClientConnection:0.18666666666666668
AbstractRecoveryConnection:0.17
PeriodicTask:0.13833333333333334
DriverDiagnosticsMBeanProvider:0.09
NodeDiagnosticsMBeanProvider:0.09
ClassLoaderRequestHandler:0.07
ConcurrentMapCopyOnWriteList:0.03333333333333333
