LoadVehicle:0.5133333333333333
VehicleMission:0.4866666666666667
UnloadVehicle:0.3233333333333333
CollectResourcesMission:0.25
Exploration:0.24444444444444446
RoverMission:0.22333333333333333
UnloadVehicleTest:0.056666666666666664
