ChannelInputSource:0.4666666666666667
StreamInputSource:0.4666666666666667
SocketWrapperInputSource:0.44
