MessageEvent:0.6633333333333333
MessageEventTest:0.37666666666666665
