LambdaBytecodeGenerator:0.43166666666666664
ScalarFunctionImplementation:0.43
Visitor:0.37833333333333335
BindCodeGenerator:0.28
