Environment:0.6
ServerFactory:0.24666666666666667
JerseyClientBuilderTest:0.23
JerseyClientBuilder:0.19444444444444445
DropwizardServiceRule:0.17
DropwizardServiceRuleTest:0.15333333333333332
SessionFactoryFactory:0.15
ServerCommand:0.14633333333333332
JDBITest:0.13
SessionFactoryFactoryTest:0.09
DBIFactory:0.08
JerseyIntegrationTest:0.07583333333333334
