TextRecognizer:0.5166666666666667
TextRecognitionFrame:0.4633333333333333
HandwritingRecognitionToolFrame:0.25333333333333335
DrawingPanel:0.25
OcrHelper:0.10666666666666667
ControlWorker:0.05333333333333334
