SessionView:0.54
SessionViewImp:0.47
STFTest:0.4166666666666667
TestShare3UsersConcurrently:0.23666666666666666
TestShare3UsersSequentially:0.23666666666666666
TestSVNStateInitialization:0.23333333333333334
TestSVNStateUpdates:0.20333333333333334
TestCreatingNewFile:0.19333333333333333
TestEditDuringInvitation:0.13666666666666666
TestShare2UsersSequentially:0.12666666666666668
