ArticleQueryService:0.36666666666666664
Article:0.33
ArticleMgmtService:0.2633333333333333
CommentQueryService:0.20666666666666667
NotificationQueryService:0.18666666666666668
MP3Players:0.17466666666666666
AudioMgmtService:0.15
CommentMgmtService:0.13
