Application:0.56
AdminClientProperties:0.2866666666666667
ApplicationRegistryTest:0.23
HashingApplicationUrlIdGenerator:0.19
AdminClientPropertiesTest:0.18
ApplicationRegistry:0.18
ApplicationRegistrator:0.17833333333333334
AdminApplicationHazelcastTest:0.14666666666666667
ApplicationRegistratorTest:0.13333333333333333
RegistryControllerTest:0.13333333333333333
ApplicationDiscoveryListener:0.125
AdminApplicationTest:0.09666666666666666
ApplicationDiscoveryListenerTest:0.09
ApplicationRouteLocator:0.06
ApplicationRouteLocatorTest:0.01
