CertificateGenerator:0.69
TestCVCertificate:0.33666666666666667
TestPublicKey:0.2833333333333333
GenerateCert:0.21666666666666667
TestECCCVCertificate:0.05333333333333334
