MaterialHandler:0.3333333333333333
Type:0.30333333333333334
SunshineSceneVisitor:0.26666666666666666
CookTorranceShader:0.23666666666666666
SunshineObject:0.21666666666666667
MicrofacetShader:0.21
WardShader:0.20333333333333334
SunshineImageChannel:0.16666666666666666
SunshineSPDShader:0.06666666666666667
SunshineFloatChannel:0.01
