Document:0.8233333333333334
Formatter:0.3333333333333333
