CMSContent:0.49666666666666665
Page:0.44638888888888884
