Row:0.8066666666666666
PosPanel:0.37666666666666665
