FrameworkConfiguration:0.44666666666666666
EditorEngine:0.42333333333333334
AppliConfiguration:0.4033333333333333
FrameworkManager:0.37666666666666665
PainterUtils:0.37333333333333335
AbstractConfigurationParser:0.31
JFXPainterUtils:0.2866666666666667
BasicServerEngine:0.285
ARINC661App:0.28
SwingEditorPanel:0.27666666666666667
RenderingLayerImpl:0.26666666666666666
FrameworkDependencyTest:0.26
AbstractServerEngine:0.25
JFXEditorPanel:0.23666666666666666
AbstractEditorEngine:0.23666666666666666
JFXServerWrapper:0.23333333333333334
ARINCClippings:0.2105952380952381
APIFactory:0.21
CrownRendererTest:0.20833333333333334
JFXClippings:0.20366666666666666
EditorUtilities:0.2011111111111111
ARINCSettings:0.19666666666666666
SwingClippings:0.19666666666666666
MaskContainerRenderer:0.185
GraphicsConfigHandler:0.18333333333333332
DefaultXMLExporterTest:0.18
AbstractClippings:0.17333333333333334
ToSynthGeneratorTest:0.17
EditorOpenDFTest:0.16833333333333333
LayerTreeEditorCopyPaste5Test:0.14333333333333334
EditorEngineTest:0.11333333333333333
EditorPanelTest:0.11333333333333333
EditorApplicationsTest:0.11333333333333333
EditorXMLDFHandlerKOTest:0.09333333333333334
LayerTreeEditorCreate1Test:0.08666666666666667
LayerTreeEditorCopyPaste2Test:0.08666666666666667
EditorXMLDFHandlerKO2Test:0.08666666666666667
LayerTreeEditorCreate2Test:0.08666666666666667
ApplyScriptAction3Test:0.08666666666666667
ApplyScriptAction2Test:0.08666666666666667
ApplyScriptActionTest:0.08666666666666667
UIPropertiesConstructorTest:0.08666666666666667
LayerTreeEditorCopyPaste1Test:0.08666666666666667
SynthToLookModelParser:0.08333333333333333
JFXPictures:0.05333333333333334
SwingRunnable:0.03666666666666667
JFXRunnable:0.03333333333333333
