ShadowDrawable:0.5033333333333333
ShadowImageView:0.4533333333333333
ImageViewTest:0.3566666666666667
TestDrawable:0.19
DrawableTest:0.16333333333333333
