SingleBucketBuilderTest:0.35333333333333333
BatchConsumerToRowReceiverTest:0.28
CompositeBatchIteratorTest:0.16
MultiConsumerTest:0.15083333333333335
RowGenerator:0.14
