ClassExtension:0.7833333333333333
ExtensionWidget:0.24666666666666667
