IslamicChronology:0.36
GJChronology:0.35333333333333333
BasicChronology:0.3333333333333333
BuddhistChronology:0.27666666666666667
ISOChronology:0.23666666666666666
