Tag:0.85
ParsedTag:0.46
LagartoParser:0.4
Scanner:0.2833333333333333
FormProcessorVisitor:0.20333333333333334
LagartoParsingProcessor:0.06
