ManagementManager:0.6066666666666667
Main:0.2966666666666667
RunWithManagement:0.2733333333333333
ManagementOptionSet:0.22666666666666666
JUTestOptionsView:0.16666666666666666
JUTestManagement:0.02
