StressTestSupport:0.49666666666666665
AtomicLongStableReadStressTest:0.31333333333333335
MapStableReadStressTest:0.16666666666666666
MapUpdateStressTest:0.12333333333333334
