FlowArtifactLookupException:0.8066666666666666
FlowExecutionImplTests:0.21333333333333335
TestFlowArtifactLocator:0.19333333333333333
FlowActionTests:0.18
DefaultFlowArtifactFactory:0.17666666666666667
JsfFlowExecutionManagerTests:0.17666666666666667
AbstractFlowBuilderTests:0.12
