AnalysisFilter:0.5766666666666667
TwilightFilter:0.49416666666666664
FastaHeader:0.24
