SetLiteral:0.5866666666666667
TransportSQLAction:0.3433333333333333
StatementAnalyzer:0.30666666666666664
InOperator:0.23666666666666666
SymbolDataTypeVisitor:0.18666666666666668
