IChemModelRelay:0.596111111111111
AddRingModule:0.4186111111111111
