MemberState:0.6566666666666666
MemberStateImpl:0.48333333333333334
Version:0.37333333333333335
HttpPostCommandProcessor:0.25
TimedMemberStateFactory:0.17333333333333334
MemberStateImplTest:0.11
HttpCommandProcessor:0.0
