ISharedProject:0.83
SharedProject:0.6366666666666667
RoleActivity:0.32666666666666666
RoleManager:0.23
RemoveAllDriverRoleAction:0.15666666666666668
GiveExclusiveDriverRoleAction:0.14666666666666667
GiveDriverRoleAction:0.10666666666666667
RemoveDriverRoleAction:0.10666666666666667
