NodeInfo:0.49333333333333335
Build:0.44
NodeService:0.31
RestNodesAction:0.23
NodesInfoResponse:0.21555555555555558
