InitService:0.7433333333333333
SoloServletListener:0.71
InitCheckFilter:0.16446031746031745
