BaseLayer:0.6077777777777779
ConvolutionLayer:0.35888888888888887
