DeployParser:0.5288888888888889
CommCore:0.49666666666666665
Interpreter:0.4083333333333333
