AbstractBasicContent:0.41
StoreVariant:0.37
AbstractBasicVariant:0.2733333333333333
Page:0.25
AbstractSummaryDescriptionContent:0.20333333333333334
