Parameters:0.395
MethodDescriptor:0.3933333333333333
DataEnvironment:0.30333333333333334
StepFactory:0.28833333333333333
HopSymbolTableWalker:0.2625
ActivationRecord:0.25733333333333336
RuntimeScope:0.21066666666666667
CallStep:0.2
