Named:0.51
ClassLoadingCallback:0.39466666666666667
ForConstructor:0.3433333333333333
ByteArrayClassLoader:0.31666666666666665
AbstractInstrumentedType:0.2733333333333333
SubclassDynamicProxyBuilder:0.22
MethodDescriptionForConstructorTest:0.20666666666666667
MethodCallProxyTest:0.13333333333333333
ByteCodeAppenderFactoryTester:0.11666666666666667
ByteBuddyTest:0.11333333333333333
Context:0.006944444444444445
