TypeUtils:0.65
FieldInfo:0.3233333333333333
DefaultJSONParser:0.31
JavaBeanInfo:0.23
JavaBeanDeserializer:0.18583333333333332
DefaultSavedRequestTest:0.17666666666666667
