FunctionalTest:0.7057777777777778
AbstractGroup:0.7016825396825397
