BasePermission:0.5666666666666667
CumulativePermission:0.46
BasicLookupStrategy:0.29
PermissionTests:0.20333333333333334
PermissionFactory:0.14772222222222223
AbstractRegisteredPermission:0.09666666666666666
AbstractPermission:0.05
DefaultPermissionFactory:0.03666666666666667
SpecialPermission:0.008981481481481483
