Messages:0.6141666666666666
JbpmExecutionLogic:0.5016666666666667
ShowHistoryFormTag:0.2833333333333333
