ShellSlacFrame:0.8866666666666667
ExportAllRunnable:0.2
ExportAllDocumentAction:0.16333333333333333
