DocumentCodec:0.6266666666666667
ListCodec:0.4666666666666667
DocumentCodecSource:0.30333333333333334
