Connection:0.6572222222222222
Request:0.2966666666666667
DataUtil:0.25333333333333335
HttpConnection:0.21666666666666667
Response:0.19583333333333333
UrlConnectTest:0.07
