SqlMigration:0.48333333333333334
MigrationTestCase:0.39
SqlMigrationResolver:0.3388888888888889
JavaMigrationResolverSmallTest:0.22
SqlMigrationResolverSmallTest:0.12666666666666668
