Slider:0.8166666666666667
UITest:0.37
PixelsPerInchTest:0.3352777777777778
