DebugUtils:0.6833333333333333
PerformanceObserver:0.16333333333333333
PerformanceSimpleObserver:0.16333333333333333
