PostgisPG93Dialect:0.20333333333333334
PostgisPG9Dialect:0.20333333333333334
MySQLSpatialDialect:0.20333333333333334
PostgisPG91Dialect:0.20333333333333334
PostgisPG95Dialect:0.20333333333333334
PostgisPG92Dialect:0.20333333333333334
PostgisPG94Dialect:0.20333333333333334
PostgisPG82Dialect:0.20333333333333334
MySQL56SpatialDialect:0.16
MySQL5InnoDBSpatialDialect:0.16
SpatialFunctionsRegistry:0.04
