ExchangeClient:0.4866666666666667
HttpPageBufferClient:0.4
TestExchangeClientConfig:0.2733333333333333
TestHttpPageBufferClient:0.22333333333333333
ExchangeClientFactory:0.18666666666666668
TestExchangeClient:0.17333333333333334
ExchangeClientConfig:0.12
