DefaultDatabaseWriter:0.7966666666666666
DefaultDatabaseWriterConflictResolver:0.3433333333333333
DbImport:0.32666666666666666
DataContext:0.21855555555555553
AbstractWriterTest:0.19333333333333333
DefaultTransformWriterConflictResolver:0.15333333333333332
ManageIncomingBatchListener:0.13
TransformDatabaseWriter:0.12333333333333334
DefaultDataLoaderFactory:0.12
AbstractDatabaseWriter:0.05333333333333334
AbstractDatabaseWriterConflictResolver:0.05
IDatabaseWriterConflictResolver:0.0
