ViewBase:0.47833333333333333
DataTableFolderViewBase:0.3466666666666667
DiscussionFolderView:0.33666666666666667
