Tracer:0.36444444444444446
AbstractLinkedPolicy:0.29
TextLogIterator:0.20944444444444446
AsyncTracer:0.17666666666666667
BinaryLogIterator:0.17555555555555558
LogReader:0.14333333333333334
TracerTest:0.14
TextLogEventHandler:0.09333333333333334
BinaryLogEventHandler:0.07
LogReaderTest:0.05333333333333334
