Loader:0.48333333333333334
Pointer:0.48333333333333334
ClassScanner:0.32666666666666666
Builder:0.2966666666666667
