Snmp4JValue:0.44333333333333336
MockSnmpAgentTestCase:0.4066666666666667
SnmpUtilsTest:0.36666666666666664
Gauge32SnmpValue:0.31
Integer32SnmpValue:0.31
Counter32SnmpValue:0.31
Counter64SnmpValue:0.31
Snmp4JStrategyTest:0.26666666666666666
SnmpMonitorStrategyTest:0.16333333333333333
StringSnmpValue:0.07577777777777778
