DefaultLogoutPage:0.6433333333333333
ServerHttpSecurity:0.44666666666666666
LogoutBuilderTests:0.21
FormLoginTests:0.1811111111111111
