QueueConfig:0.43
XmlConfigBuilder:0.35333333333333333
NodeServiceImpl:0.31
MigrationRequestOperation:0.23666666666666666
QueueService:0.23333333333333334
ObjectQueueProxy:0.18333333333333332
QueueMigrationOperation:0.0911111111111111
SimpleQueueTest:0.06
