MainScreen:0.5
DcmQR:0.41333333333333333
DcmRcv:0.34833333333333333
ServerManager:0.3277777777777778
QueryRetrive:0.2277777777777778
SettingsDialog:0.2277777777777778
ReceiveDelegate:0.12666666666666668
CgetDelegate:0.01
