AndroidHttpClient:0.5566666666666666
PreferencesActivity:0.31166666666666665
DecodeThread:0.27
ISBNResultHandler:0.23333333333333334
ProductResultHandler:0.23333333333333334
NetworkThread:0.1971111111111111
SearchBookContentsActivity:0.16333333333333333
SearchBookContentsListItem:0.15333333333333332
ViewfinderView:0.013333333333333334
