Sim4Parser:0.5888888888888889
BlastParser:0.5396666666666667
