LagartoParser:0.31
Lexer:0.30333333333333334
EmptyTagVisitor:0.2708730158730159
TagVisitor:0.2708730158730159
TagWriter:0.21666666666666667
LagartoParserTest:0.19111111111111112
TagAdapterWrapper:0.16
TagAdapter:0.12444444444444445
TagWriterUtil:0.04666666666666667
