SmartChineseAnalysisBinderProcessor:0.4533333333333333
SmartChineseSentenceTokenizerFactory:0.18666666666666668
SmartChineseWordTokenFilterFactory:0.18666666666666668
AnalysisSmartChinesePlugin:0.11666666666666667
SimpleSmartChineseAnalysisTests:0.05
SmartChineseAnalyzerProvider:0.013333333333333334
