MapContextQuerySupport:0.5288333333333333
MapProxySupport:0.4633333333333333
BasicMapTest:0.4033333333333333
MapStoreTest:0.37666666666666665
MapProxyImpl:0.35333333333333333
QueryResultSet:0.22305555555555553
TestEventBasedMapStore:0.2
DefaultMapServiceContext:0.18666666666666668
MapExecutionCallbackAdapter:0.14777777777777776
MapStoreWithPredicateTest:0.12166666666666667
