NSClientAgentConfig:0.45
SnmpPeerFactory:0.39
ConfigFileConstants:0.3
NSClientDataCollectionConfigFactory:0.26666666666666666
NsclientPlugin:0.22
NSClientPeerFactory:0.21
PeerFactory:0.19333333333333333
NSClientCollector:0.15333333333333332
NsclientMonitor:0.13666666666666666
