DateProperty:0.29
StringProperty:0.15666666666666668
FloatProperty:0.15666666666666668
FontProperty:0.14
IntegerProperty:0.14
BooleanProperty:0.14
ColorProperty:0.14
PropertyAccessV2:0.09916666666666667
