TestKeyStoreUtil:0.62
BasicSSLContextFactory:0.37666666666666665
SSLConnectionTest:0.31666666666666665
ClientSSLSocketTest:0.10333333333333333
ServerSocketChannelProcessor:0.05
