WindowManager:0.7733333333333333
CommonConfiguration:0.5233333333333333
Channel:0.39
ClientXMLDFHandler:0.32666666666666666
AbstractWidget:0.30883333333333335
AbstractMapItemList:0.2866666666666667
ARINCMapHorzItems:0.2821666666666667
ServerMapItemsUtilities:0.2783333333333333
AbstractMapItem:0.27
GLGraphics2D:0.268
AbstractWindowManager:0.2625
EmbeddedWindowsManager:0.23333333333333334
ARINCMapVertItems:0.21666666666666667
ServerConfigurationParser:0.2
ClientXMLSymbolsHandler:0.19666666666666666
DefPolyLine:0.19
AbstractServerEngine:0.18
ServerWrapper:0.13333333333333333
AbstractCockpitWindowManager:0.13333333333333333
GUITestUtilities:0.08666666666666667
CockpitConfigurationHandlerTest:0.07333333333333333
GLRepaintManager:0.03666666666666667
MyJWindow:0.016666666666666666
EndReceptionRunnable:0.0
