GwtTeamingMessages:0.6222222222222222
GwtRpcService:0.56
GwtRpcServiceAsync:0.3694444444444444
GwtClientHelper:0.30333333333333334
PersonalPreferencesDlg:0.2866666666666667
DlgBox:0.27066666666666667
EditBrandingDlg:0.25166666666666665
LoginDlg:0.24
GwtMainPage:0.22666666666666666
GwtRpcServiceImpl:0.16
GwtPersonalPreferences:0.11333333333333333
