ValidationUtil:0.77
CreateFormDelegate:0.5133333333333333
XSNFormType:0.33666666666666667
