OsgiPropertyPlaceholder:0.5933333333333334
DictionaryMapWrapper:0.4766666666666667
OsgiNamespaceHandlerTest:0.37
OsgiPropertyPlaceholderNamespaceHandlerTest:0.03333333333333333
