RandomMineralMap:0.8166666666666667
MineralMapLayer:0.6494444444444445
