URLConnectionTest:0.5766666666666667
HttpResponseCacheTest:0.42
OkHeaders:0.39
OkHttpClient:0.22666666666666666
