HostAddress:0.7033333333333334
PushHandler:0.33666666666666667
SWDownloadCandidate:0.2866666666666667
PushRequestSleeper:0.25333333333333335
AlternateLocation:0.24444444444444446
IDownloadCandidate:0.2
DownloadEngine:0.15666666666666668
GnutellaHeaderNames:0.14
BrowseHostConnection:0.11
UploadEngine:0.07666666666666666
