Tools:0.7466666666666667
AddWorkUnit:0.44
DelWorkUnit:0.3933333333333333
