Map:0.45666666666666667
Multimap:0.38883333333333336
HashMap:0.2941666666666667
TreeMap:0.2941666666666667
LinkedHashMap:0.24333333333333335
AbstractMultimap:0.22333333333333333
AbstractMapTest:0.13
AbstractMultimapTest:0.11666666666666667
