GwtTeamingMessages:0.4
ConfigData:0.37
GwtServerHelper:0.31333333333333335
GwtMainPage:0.30333333333333334
