FileAppenderFactory:0.7133333333333334
DefaultLoggingFactoryTest:0.26666666666666666
FileAppenderFactoryTest:0.15666666666666668
