Attempt:0.7233333333333334
Switch:0.5766666666666667
Term:0.57
Template:0.5566666666666666
PlainGraph:0.5366666666666666
Stage:0.47
Position:0.46
TermDerivationTest:0.33666666666666667
TemplatePosition:0.30789682539682545
GTS:0.25
Instance:0.24333333333333335
ConstraintRules:0.23666666666666666
Location:0.23666666666666666
CtrlCall:0.23142857142857143
Viewer:0.23
TypeGraphRep:0.23
AspectGraph:0.21666666666666667
Deadlock:0.21666666666666667
NodeSetOutEdgeMapGraph:0.21333333333333335
PGTS:0.20833333333333334
ReteNetwork:0.20833333333333334
IsoChecker:0.20833333333333334
Derivation:0.20666666666666667
Frame:0.20333333333333334
Step:0.2
AttrGraph:0.2
GraphCreationTest:0.19666666666666666
Program:0.18
CallTerm:0.17666666666666667
TemplateBuildTest:0.16333333333333333
AutIO:0.15333333333333332
InstanceGraphRep:0.15333333333333332
IfTerm:0.11833333333333333
SingleAttempt:0.1175
EpsilonTerm:0.11333333333333333
TemplateBuilder:0.10666666666666667
TermTest:0.10333333333333333
DefaultGraphTest:0.08333333333333333
DerivationList:0.08
StageSwitch:0.06666666666666667
SeqTerm:0.065
DeltaTerm:0.06333333333333334
TransitTerm:0.06166666666666667
WhileTerm:0.06166666666666667
StarTerm:0.06166666666666667
UntilTerm:0.06166666666666667
AtomTerm:0.06166666666666667
StepAction:0.06
TermPool:0.03
OrTerm:0.03
MultiSwitch:0.02
MultiAttempt:0.0
