PopModel:0.5566666666666666
PopPanel:0.5366666666666666
ProductThread:0.18
VLookupEditor:0.09666666666666666
