Preconditions:0.8033333333333333
AssertionsTests:0.39666666666666667
Assertions:0.36
PreconditionsTests:0.19666666666666666
Filter:0.17111111111111113
TagFilter:0.15333333333333332
Namespace:0.14777777777777779
DefaultLauncher:0.14
