Datum:0.20083333333333334
CoordinateSystemAxis:0.18416666666666667
ReferenceSystem:0.17833333333333334
Ellipsoid:0.16166666666666665
CoordinateSystem:0.15666666666666668
PrimeMeridian:0.15666666666666668
Identifier:0.08833333333333333
