SpectrumManagerTest:0.8033333333333333
SpectrumPluginManagerTest:0.5233333333333333
