AbstractDependencyManagerTests:0.575
LocalFileSystemMavenRepository:0.43166666666666664
LogUtils:0.21638888888888885
