SourceFileSearchAction:0.5244444444444444
MessageFileSearchAction:0.4866666666666667
Editor:0.2303333333333333
