InternalCertificateStoreSessionRemote:0.5997222222222223
CertificateStoreSessionTest:0.42333333333333334
CertificateRetrievalTest:0.4166666666666667
InternalCertificateStoreSessionBean:0.26
CertificateStoreSessionLocal:0.235
