JCPMultiPageEditor:0.47
AtomContainerTransfer:0.45666666666666667
PasteAction:0.15333333333333332
CutAction:0.1511111111111111
