GlobalConfiguration:0.7671111111111112
HardTokenInterfaceBean:0.42833333333333334
