NavigationPanel:0.4633333333333333
BatchProcessingDialog:0.415
CompoundPanel:0.2633333333333333
ToxTreeModule:0.15
DataModule:0.15
