Lang:0.7166666666666667
MockHttpServletRequest:0.43666666666666665
MultipartInputStream:0.33666666666666667
Inputings:0.2733333333333333
MultipartItem:0.22
ParamMultipartItem:0.13777777777777775
FileMultipartItem:0.1311111111111111
HTTP:0.12
UploadingUnitTest:0.07
