WebUtils:0.8433333333333334
SendTicketGrantingTicketAction:0.31
CookieRetrievingCookieGenerator:0.18666666666666668
