ProtocolConfig:0.47611111111111104
GenericException:0.44666666666666666
DemoServiceImpl:0.2225
DemoService:0.17222222222222222
UnserializableBoxDemoServiceImpl:0.16333333333333333
DemoServiceImpl_LongWaiting:0.16333333333333333
GenericImplFilter:0.11
GenericFilter:0.11
