ObjectFactory:0.45
EJBCAWSRACommandFactory:0.4166666666666667
ejbcawsracli:0.20666666666666667
EjbcaWS:0.19583333333333333
IEjbcaWS:0.19583333333333333
