Uri:0.6608888888888889
OAuthSignatureCalculator:0.5266666666666666
OAuthSignatureCalculatorTest:0.3566666666666667
