DefaultApplicationFactory:0.67
DefaultApplicationFactoryTest:0.23666666666666666
AdminClientProperties:0.14
SpringBootAdminClientAutoConfigurationTest:0.12333333333333334
SpringBootAdminClientAutoConfiguration:0.06666666666666667
TestClientApplication:0.03166666666666667
