CrateTestCluster:0.42333333333333334
TransportExecutor:0.3466666666666667
Visitor:0.2816666666666667
PlanVisitor:0.28
ESDeleteTask:0.24777777777777782
TransportExecutorDDLTest:0.02666666666666667
