RecordingSession:0.51
Catalog:0.38333333333333336
ArchiveTest:0.37666666666666665
ArchiveConductor:0.32666666666666666
