LoggingListener:0.69
Debugger:0.6633333333333333
QueryMatcher:0.2633333333333333
LoggerPane:0.24
LocalDebugger:0.2325
ClientDebugger:0.19666666666666666
ServerDebugger:0.18
QueryDebuggingInfo:0.17333333333333334
BreakpointEditor:0.15666666666666668
LoggerPaneLoggingListener:0.14333333333333334
DebugListener:0.13666666666666666
CMC_logResultSet:0.06666666666666667
CMS_setLoggingActive:0.03666666666666667
