Robot:0.6733333333333333
ComponentRecorder:0.3433333333333333
CaptureDragDropTest:0.2544444444444445
RobotTest:0.23555555555555557
AbstractRecorderFixture:0.22
