Vss:0.37666666666666665
VssJournal:0.31333333333333335
CVS:0.2866666666666667
P4:0.255
SourceControlElement:0.23333333333333334
PVCS:0.2277777777777778
ClearCase:0.22
StarTeam:0.21666666666666667
MKS:0.185
