MetadataPanel:0.4533333333333333
FileBrowserData:0.22333333333333333
DummyFactory:0.16333333333333333
OpenDocumentExtractorFactory:0.13666666666666666
HtmlExtractorFactory:0.13666666666666666
PdfExtractorFactory:0.13666666666666666
