WxMpService:0.6466666666666666
WxJsapiSignature:0.3933333333333333
WxMpServiceImpl:0.36
