AbstractJdbcDdlReader:0.6283333333333333
SqliteDdlReader:0.39666666666666667
IDdlReader:0.33166666666666667
