StudyListLocal:0.7
TrashListLocal:0.56
StudyListPage:0.30333333333333334
TrashListPage:0.2966666666666667
ExportInfo:0.29
PatientModel:0.2846666666666667
PrivPatientModel:0.2725
StudyListBean:0.22666666666666666
TrashListBean:0.20666666666666667
ExportPage:0.16
Mpps2MwlLinkPanelM:0.13666666666666666
