AWT:0.6233333333333333
Robot:0.5166666666666667
RobotTest:0.41333333333333333
AWTTest:0.29777777777777775
Appletviewer:0.2733333333333333
