JavaScriptConfiguration:0.6533333333333333
ClassConfiguration:0.5608333333333333
JavaScriptEngine:0.3333333333333333
