Buffer:0.7966666666666666
CompositeBuffer:0.30666666666666664
ByteArrayWrapper:0.29333333333333333
ForwardingBuffer:0.28
NettyBuffer:0.28
NettyClientStream:0.24
ByteBufferWrapper:0.21333333333333335
NettyServerStream:0.19333333333333333
AbstractStream:0.18
ByteStringWrapper:0.13166666666666665
