JCPMultiPageEditor:0.5766666666666667
JCPEditor:0.41333333333333333
PluginDisplayAction:0.2
MenuBarMaker:0.19
SelectAllAction:0.13666666666666666
JCPMultiPageEditorContributor:0.12
EditAction:0.11666666666666667
ChemAction:0.11333333333333333
Activator:0.11
ExportAction:0.10333333333333333
InsertSmilesListener:0.08333333333333333
