SymmetricCipherBuilder:0.503611111111111
AsymmetricCipherPacketWriter:0.503611111111111
AsymmetricCipherPacketReader:0.18
