FilmSession:0.5466666666666666
PrintScpService:0.43
FilmBox:0.2966666666666667
FilmSessionService:0.25
ImageBoxService:0.16333333333333333
FilmBoxService:0.14666666666666667
