Extruder:0.9466666666666667
RrCSG:0.35333333333333333
Producer:0.27
LayerRules:0.26
GenericExtruder:0.23
RrCSGPolygonList:0.18444444444444444
TestMain:0.14
