SearchEngine:0.65
FilterSearchEngine:0.25
SearchEngineFactory:0.22666666666666666
StubSearchEngine:0.11666666666666667
