RestNodesStatsAction:0.31333333333333335
RestClusterStatsAction:0.31333333333333335
RestNodesInfoAction:0.31333333333333335
RestNodesHotThreadsAction:0.31333333333333335
