HTMLCollectionTest:0.2833333333333333
TypingTest:0.23333333333333334
RegExpJsToJavaConverterTest:0.19
HTMLSelectElement2Test:0.09333333333333334
HTMLFrameSetElementTest:0.07
HTMLCollection2Test:0.04
