AtmosphereServlet:0.6066666666666667
Filter:0.4666666666666667
AbstractBroadcasterProxy:0.24666666666666667
AtmosphereFilter:0.21833333333333332
JerseyBroadcasterUtil:0.17111111111111113
