CockpitItemPanelFactory:0.4
BasicCockpitItemContainerRenderer:0.28
ClientCockpitWidgetsRefHandler:0.25
CockpitItemEditorListener:0.23166666666666666
ARINCCockpitClientWidgetFactory:0.20833333333333334
FreeARINCUtils:0.18666666666666668
FreeWindowingParamStructConverter:0.08666666666666667
