DBCollection:0.543
DBCollectionTest:0.49333333333333335
MyCollection:0.2866666666666667
