MMessageLabel:0.75
MPanel:0.5766666666666667
MAboutDialog:0.23
PrintPreviewPanel:0.21666666666666667
PluginSettings:0.21666666666666667
GHNSDialog:0.20666666666666667
MNotification:0.20666666666666667
MStatusBar:0.2
MCalendarPanel:0.19333333333333333
Console:0.19333333333333333
ToggleButton:0.17666666666666667
PickerColorChooserPanel:0.17333333333333334
Page:0.16666666666666666
SettingsForm:0.11
