ProtocolLookupServerHttpTest:0.5466666666666666
IOCSPExtension:0.34076190476190477
OCSPUnidResponse:0.28
OCSPServletBase:0.27666666666666667
OCSPUnidExtension:0.23
OCSPConstants:0.03444444444444444
