CommandLine:0.5833333333333334
NBrowseApplet:0.5266666666666666
NBrowseFrame:0.36
