GwtServerHelper:0.36333333333333334
GwtUIHelper:0.32666666666666666
GwtTeamingMessages:0.32666666666666666
WebKeys:0.29333333333333333
RequestInfo:0.2833333333333333
GwtMainPage:0.27666666666666667
GwtRpcServiceImpl:0.2633333333333333
GwtViewHelper:0.24
GwtActivityStreamHelper:0.22333333333333333
MainPageInfoRpcResponseData:0.22
GetMainPageInfoCmd:0.03333333333333333
