JavaGenerator:0.57
WireCompiler:0.3433333333333333
AdapterConstant:0.3
Profile:0.26666666666666666
WireGenerateSourcesMojo:0.09
