DataSourceFactory:0.34
C3P0ConnectionFactory:0.31333333333333335
PropertiesUtils:0.29333333333333333
TemporaryDatabase:0.27666666666666667
ConfigurationTestUtils:0.26466666666666666
MockDatabase:0.24
DataSourceFactoryBean:0.15
OpenNMSIntegrationTestCase:0.04
OpenNMSIntegrationTestCaseTest:0.006666666666666667
