Application:0.46
ClientProperties:0.4533333333333333
InstanceProperties:0.41833333333333333
DefaultApplicationFactory:0.36333333333333334
ApplicationRegistratorTest:0.26
ApplicationTest:0.08333333333333333
