Android:0.2633333333333333
TestUtils:0.23333333333333334
Platform:0.22333333333333333
GrpcUtil:0.21666666666666667
OkHttpChannelBuilder:0.20666666666666667
ClientFrameHandler:0.19666666666666666
JdkWithJettyBootPlatform:0.18666666666666668
OkHttpChannelProvider:0.16333333333333333
Http2OkHttpTest:0.16333333333333333
