SunshineRaytracer:0.5066666666666667
TextureHandler:0.24300000000000002
SunshineSceneVisitor:0.20333333333333334
