FunctionInfo:0.4633333333333333
AbstractTestQueries:0.4033333333333333
FunctionListBuilder:0.36
FunctionRegistry:0.27111111111111114
TestFunctionRegistry:0.08333333333333333
