EmailDocumentHandler:0.6577777777777777
TestEmail:0.5533333333333333
RawEditorKit:0.26666666666666666
