DBRefBase:0.48333333333333334
ByteEncoder:0.4533333333333333
DBPointer:0.22666666666666666
