SpringXmlConfigBuilder:0.5858333333333333
SpringXmlBuilder:0.29
SpringXmlBuilderHelper:0.27666666666666667
TestBeansApplicationContext:0.13666666666666666
