AntFarm:0.6133333333333333
AntFarmPlugin:0.36333333333333334
TargetRunner:0.31333333333333335
AntTree:0.2833333333333333
AntPrintStream:0.26666666666666666
AntFarmShell:0.24
IntegrationManager:0.21666666666666667
