AnalyzedStatementVisitor:0.5766666666666667
Planner:0.5
GenericDDLPlan:0.33666666666666667
AbstractDDLAnalyzedStatement:0.18055555555555555
