OldIndexBackwardsCompatibilityIT:0.41
AliasValidator:0.2966666666666667
InvalidAliasNameException:0.28833333333333333
MetaDataCreateIndexService:0.22333333333333333
