SpringXmlConfigBuilder:0.52
XmlConfigBuilder:0.4633333333333333
JobTrackerConfig:0.39666666666666667
NodeJobTracker:0.16666666666666666
JobTrackerConfigReadOnly:0.15666666666666668
