ApplicationDiscoveryListener:0.665
DefaultServiceInstanceConverter:0.5466666666666666
DefaultServiceInstanceConverterTest:0.3933333333333333
ApplicationDiscoveryListenerTest:0.17333333333333334
