GreedyProxyingAttributeCallback:0.6756058201058202
StaticServiceProxyCreator:0.4
AbstractReferenceDefinitionParser:0.3566666666666667
OsgiServiceCollectionProxyFactoryBean:0.27
OsgiReferenceCollectionNamespaceHandlerTest:0.19333333333333333
GreedyProxyTest:0.18666666666666668
OsgiServiceCollectionProxiesTest:0.18
CollectionBeanDefinitionParser:0.09333333333333334
