GeoView:0.7066666666666667
ActionLocate:0.5566666666666666
