Config:0.6966666666666667
LoadUtil:0.15333333333333332
