ClientToolBox:0.35333333333333333
CMPNestedMessageStressTest:0.2833333333333333
NestedCrmfRequestTestCommand:0.23666666666666666
NestedCrmfRequestWrongSignatureTestCommand:0.14333333333333334
NestedCrmfRequestMissingStoredCertTestCommand:0.14333333333333334
CMPNestedMessageTest:0.11666666666666667
CMPNestedMessageTestBaseCommand:0.06
