LaunchingPlugin:0.47
RubyRuntime:0.45666666666666667
RuntimeLoadpathEntry:0.33666666666666667
TypeInferenceVisitor:0.28
RegExpView:0.27666666666666667
KXmlParser:0.27666666666666667
NodeMethod:0.27666666666666667
ExtractedMethodHelper:0.2575
NameHelper:0.24666666666666667
RubyModelManager:0.24333333333333335
VariablesAndContainersSaveHelper:0.23666666666666666
PreferenceConstants:0.22777777777777777
StandardVMType:0.22777777777777777
RubyScriptStructureBuilder:0.21333333333333335
RubyElementRequestor:0.20666666666666667
SClassNodeWrapper:0.20666666666666667
FTC_ClassicDebuggerCommunicationTest:0.20166666666666666
TestUnitLaunchShortcut:0.20166666666666666
WorkspaceDocumentProvider:0.19666666666666666
ExtractMethodPage:0.19666666666666666
DefaultProjectLoadpathEntry:0.19
StandardVMRunner:0.18666666666666668
AbstractRubyLaunchConfigurationDelegate:0.16666666666666666
AbstractVMInstallType:0.13666666666666666
RIView:0.12333333333333334
RubyLaunchDelegate:0.09333333333333334
TC_MassIndexUpdater:0.08333333333333333
