Index:0.66
BetweenPredicate:0.4066666666666667
IndexAwarePredicate:0.40222222222222226
EqualPredicate:0.19333333333333333
QueryService:0.15333333333333332
GreaterLessPredicate:0.14333333333333334
AndOrPredicate:0.12666666666666668
