LayoutThread:0.7011111111111111
StatLis:0.27338888888888885
