OpenNMSProvisioner:0.5633333333333334
JDBCPlugin:0.4066666666666667
JDBCMonitor:0.36666666666666664
JDBCStoredProcedureMonitor:0.17666666666666667
JDBCStoredProcedurePlugin:0.07666666666666666
