WriteUserResponse:0.33666666666666667
TransportUserActionTest:0.2833333333333333
UserManagerService:0.27222222222222225
User:0.25333333333333335
UserManagerServiceTest:0.20666666666666667
TransportCreateUserAction:0.18555555555555558
TransportDropUserAction:0.18555555555555558
UserManagementIntegrationTest:0.12333333333333334
PermissionVisitor:0.11333333333333333
