Namematch:0.7966666666666666
TestNamematch:0.2733333333333333
