P4:0.693888888888889
P4Test:0.38333333333333336
