Model:0.6633333333333333
ERDesignerMainFrame:0.39666666666666667
HandTool:0.24444444444444446
ERDesignerGraph:0.22333333333333333
RelationList:0.05333333333333334
ERDesignerBundle:0.04666666666666667
