MapService:0.5966666666666667
MapContainer:0.56
MapReplicationStateHolder:0.25
PostJoinMapOperation:0.22555555555555556
AbstractMapServiceFactory:0.18333333333333332
MapMigrationAwareService:0.17
MapPostJoinAwareService:0.14333333333333334
