NodeFactory:0.3933333333333333
RubyParser:0.38
NodeProvider:0.2633333333333333
NodeUtil:0.24333333333333335
TC_ReturnStatementReplacer:0.22333333333333333
RubyPartitionScanner:0.22
RubyTokenScanner:0.21666666666666667
DefaultReferenceFinder:0.21666666666666667
OccurrencesFinder:0.21666666666666667
FieldEncapsulator:0.19666666666666666
TC_ModuleNodeProvider:0.16
TC_MethodNodeWrapper:0.1580952380952381
ParameterReplacer:0.15333333333333332
TC_NodeProvider:0.15
TC_FieldNodeWrapper:0.14333333333333334
DownPushedMethodsClass:0.13666666666666666
UpPulledMethodsClass:0.13666666666666666
GeneratedConstructor:0.12333333333333334
PreviewGeneratorImpl:0.08666666666666667
