RmiSWTWorkbenchBot:0.6783333333333333
Musician:0.6433333333333333
RmiTest:0.19
