WebWindowImpl:0.5144444444444445
HTMLElement:0.4672222222222222
HTMLElementTest:0.4066666666666667
