ITriggerRouterService:0.5766666666666667
TriggerRouterService:0.5033333333333333
DataService:0.32666666666666666
RouterService:0.28
FormatUtils:0.27
DataExtractorService:0.24333333333333335
TransformService:0.24
SimpleIntegrationTest:0.22
ConfigurationChangedDataRouter:0.21666666666666667
AbstractTriggerRouterServiceTest:0.205
AbstractSymmetricEngine:0.2
SnapshotUtil:0.19666666666666666
RestService:0.19333333333333333
AbstractRouterServiceTest:0.18333333333333332
SelectFromSymDataSource:0.18166666666666667
AbstractDataExtractorServiceTest:0.12666666666666668
ExtractRequestMapper:0.1075
FileTriggerRouterMapper:0.08
KeyedCache:0.07833333333333334
TriggerMapper:0.03
RouterMapper:0.02666666666666667
