JFXServerMemory2Test:0.6466666666666666
JFXServerMemoryTest:0.6466666666666666
