ConnectionString:0.4633333333333333
MongoCredential:0.32666666666666666
ScramShaSaslClient:0.30666666666666664
ScramShaAuthenticator:0.22833333333333333
DefaultAuthenticator:0.22333333333333333
InternalStreamConnectionFactory:0.16
ConnectionStringTest:0.12666666666666668
