Robot:0.6366666666666667
TestHelper:0.2866666666666667
RobotTest:0.21666666666666667
AllTests:0.12777777777777777
