Fiber:0.7316666666666667
InstrumentMethod:0.39
FiberAsync:0.16
FiberAsyncIO:0.05333333333333334
