Data:0.5633333333333334
Trigger:0.49
IChannelBatchController:0.3272804232804233
IDataRouter:0.3272804232804233
BatchJob:0.27051984126984113
Channel:0.26666666666666666
AbstractJob:0.26
DataExtractorService:0.23666666666666666
OutgoingBatchHistory:0.18333333333333332
OutgoingBatchService:0.16
StatisticFlushJob:0.09333333333333334
PurgeJob:0.09333333333333334
HeartbeatJob:0.09
PullJob:0.07666666666666666
PushJob:0.07666666666666666
SyncTriggersJob:0.07666666666666666
