HttpClientConfiguration:0.4633333333333333
HttpClientBuilderTest:0.36333333333333334
ApacheClientBuilderBase:0.34
JerseyClientBuilderTest:0.2966666666666667
