DefinitionModule:0.5294444444444445
Event:0.41
WebUrlUtil:0.3796666666666667
DefinitionModuleImpl:0.3333333333333333
ObjectKeys:0.33322222222222225
CustomAttribute:0.27
DefinitionHelper:0.23666666666666666
ReadFileController:0.21333333333333335
EntryCsvHelper:0.18
CsvHelper:0.07
