ParserExtensionHandler:0.6866666666666666
DefaultDataProviderParserHandler:0.4166666666666667
DefaultParserExtensionHandler:0.36666666666666664
