RestActionMapper:0.4666666666666667
RestActionMapperTest:0.19333333333333333
DefaultUrlHelper:0.18
ValueStackDataSource:0.15133333333333332
Restful2ActionMapper:0.14666666666666667
RestfulActionMapper:0.14333333333333334
