WorkAreaFunctionMembership:0.8
AdminModuleImpl:0.36
AdminModule:0.3333333333333333
WorkAreaFunctionMembershipManagerImpl:0.285
WorkAreaFunctionMembershipManager:0.23644444444444446
SecurityDao:0.23644444444444446
SecurityDaoImpl:0.12
