Factory:0.5266666666666666
Transducer:0.49666666666666665
AnnotationSchema:0.42833333333333334
DefaultGazetteer:0.41
POSTagger:0.3933333333333333
OrthoMatcher:0.38666666666666666
SentenceSplitter:0.37333333333333335
DefaultTokeniser:0.37
TestDocument:0.35
PronominalCoref:0.30333333333333334
Quote:0.285
AnnotationSetTransfer:0.2834523809523809
CorpusImpl:0.26866666666666666
SyntaxTreeViewer:0.265
SimpleTokeniser:0.25
TestPR:0.23333333333333334
TestPersist:0.22333333333333333
CorpusBenchmarkTool:0.215
AnnotationDeletePR:0.2105952380952381
TestAnnotation:0.21
DocumentEditor:0.21
TestCreole:0.21
CorpusSaver:0.20666666666666667
OracleDataStore:0.20333333333333334
DumpingPR:0.20142857142857143
APFormatExporter:0.20142857142857143
TestXSchema:0.19666666666666666
TestXml:0.18666666666666668
Coreferencer:0.18166666666666667
TestDatabaseAnnotationSet:0.17666666666666667
TestSgml:0.17
TestTokeniser:0.16666666666666666
TestCoref:0.16333333333333333
CookBook:0.16333333333333333
TestGazetteer:0.15666666666666668
TestSplitterTagger:0.15666666666666668
TestControllers:0.15
Scratch:0.13333333333333333
RemoveDocumentsAction:0.11333333333333333
ANNIEConstants:0.08
ProfilePRs:0.07666666666666666
