ArgType:0.5966666666666667
InsnArg:0.44333333333333336
InsnUtils:0.4033333333333333
UnknownArg:0.27111111111111114
ErrorsCounter:0.23666666666666666
IntegrationTest:0.21333333333333335
CodeShrinker:0.19
InsnDecoder:0.18666666666666668
LoopRegionVisitor:0.18666666666666668
TypeMergeTest:0.17
ArrayArg:0.11666666666666667
PhiInsn:0.08555555555555555
TestWrongCode:0.08333333333333333
BlockProcessingHelper:0.08
ConstInlinerVisitor:0.056666666666666664
KnownType:0.006666666666666667
