Redisson:0.43333333333333335
RedissonReference:0.41
Config:0.4066666666666667
CommandAsyncExecutor:0.2833333333333333
RedissonReactiveClient:0.2833333333333333
RedissonObjectReactive:0.25333333333333335
RedissonLiveObjectService:0.24666666666666667
RedissonLiveObjectServiceTest:0.22
RObjectReactive:0.2105952380952381
RedissonBatch:0.2011111111111111
RedissonClient:0.20059523809523813
RedissonBatchReactive:0.19333333333333333
RedissonReactive:0.16
CommandAsyncService:0.15666666666666668
AccessorInterceptor:0.14666666666666667
CommandBatchService:0.13666666666666666
