ClientSymmetricEngine:0.54
DatabaseWriter:0.5233333333333333
AbstractCommandLauncher:0.29
DataProcessor:0.2833333333333333
DataContext:0.18666666666666668
