Index:0.61
IndexTest:0.38
IndexImpl:0.3433333333333333
Indexes:0.30333333333333334
AbstractRecordStore:0.2677777777777778
QueryRecord:0.225
DefaultRecordStore:0.16
MapMigrationAwareService:0.13666666666666666
NullObject:0.10055555555555555
