ApolloNameAdapterI:0.7233333333333334
AnnotationEditor:0.45555555555555555
DefaultNameAdapter:0.2866666666666667
