LocalizedStringComparable:0.45
Concept:0.4222222222222222
KeywordsSearcher:0.36333333333333334
