ReceiveMessageNodeAnchor:0.3933333333333333
SendMessageNodeAnchor:0.3933333333333333
MessageNodeFigure:0.36
SendMessageFigure:0.26
ReceiveMessageFigure:0.26
