CacheProxy:0.5166666666666667
HazelcastCacheManager:0.44666666666666666
CacheRecordStore:0.3566666666666667
CacheEntryProcessorEntry:0.22366666666666665
MXBeanUtil:0.21
CacheEventFilterAdaptor:0.15833333333333333
