AtomContainer:0.585
ChemGraph:0.3333333333333333
HuLuIndexTool:0.33
SmilesGenerator:0.2633333333333333
Convertor:0.19666666666666666
