RelationCrawler:0.54
JSPRelationMiner:0.5383333333333333
JavaRelationMiner:0.34
MDDRelationMiner:0.19333333333333333
