PutAllBackupOperation:0.6533333333333333
PutAllOperation:0.5933333333333334
