AliasMetaData:0.8033333333333333
IndexNameExpressionResolver:0.49
AliasResolveRoutingIT:0.14666666666666667
