StoreImpl:0.68
Messenger:0.6794444444444445
Grid:0.30333333333333334
GalaxyGlobalRegistry:0.12
