KernelContext:0.49333333333333335
DefaultInternalKernelServices:0.35333333333333333
KernelState:0.2591111111111111
KernelServices:0.1425
ServiceModule:0.06333333333333334
