ConnectionDescription:0.4866666666666667
Authenticator:0.3933333333333333
ConnectionId:0.2866666666666667
SaslAuthenticator:0.27666666666666667
CommandHelper:0.22333333333333333
InternalStreamConnection:0.22311111111111112
InternalStreamConnectionInitializer:0.19666666666666666
ScramSha1SaslAuthenticatorTest:0.14
PlainAuthenticatorTest:0.11666666666666667
X509AuthenticatorUnitTest:0.09666666666666666
ScramSha1Authenticator:0.09
NativeAuthenticatorUnitTest:0.08666666666666667
PlainAuthenticator:0.08333333333333333
GSSAPIAuthenticator:0.07666666666666666
NativeAuthenticator:0.07666666666666666
X509Authenticator:0.07333333333333333
InternalStreamConnectionFactory:0.06
CompoundAuthenticator:0.05
InternalConnectionInitializer:0.04666666666666667
PlainAuthenticatorUnitTest:0.02666666666666667
Continuator:0.0033333333333333335
