PA:0.6133333333333333
PAResults:0.52
HeapPathSelector:0.19333333333333333
