ElementWiseParamInitializer:0.59
ElementWiseMultiplicationLayer_impl:0.38333333333333336
ElementWiseMultiplicationLayer:0.3333333333333333
