OutputModelFactory:0.6909444444444445
ParserFactory:0.3233333333333333
OutputModelController:0.26
RuleFunction:0.25166666666666665
CodeGenerator:0.2
CodeGeneratorExtension:0.17777777777777778
ParserASTExtension:0.13333333333333333
DefaultOutputModelFactory:0.13
