DynamicSliceOutput:0.5266666666666666
TupleInfo:0.4716666666666667
UnsafeSlice:0.3933333333333333
BasicSliceOutput:0.32666666666666666
SliceInput:0.29
