SampledCurve:0.54
InterestRate:0.32666666666666666
TransformedGrid:0.2966666666666667
FDStepConditionEngine:0.16
FDVanillaEngine:0.14416666666666667
AmericanOptionTest:0.14333333333333334
ArrayWrapper:0.14
