PrivatePatientDAOImpl:0.25666666666666665
PrivateFileDAOImpl:0.16166666666666665
PrivateInstanceDAOImpl:0.15666666666666668
PrivateStudyDAOImpl:0.14333333333333334
PrivateSeriesDAOImpl:0.14333333333333334
SeriesRequestDAOImpl:0.08966666666666666
GPSPSRequestDAOImpl:0.08966666666666666
