EndEntityCertificateAuthenticationModule:0.625
CrmfKeyUpdateTest:0.5933333333333334
CrmfKeyUpdateHandler:0.14333333333333334
