IStagedResource:0.5505555555555556
FileTriggerRouter:0.5
IIncomingTransport:0.365
HttpTransportManager:0.35
StagedResource:0.31
FileSyncService:0.27666666666666667
InternalIncomingTransport:0.26666666666666666
FileSyncZipDataWriter:0.25666666666666665
MockTransportManager:0.25333333333333335
DataExtractorService:0.23188888888888887
ITransportManager:0.22166666666666668
DataLoaderService:0.20666666666666667
HttpOutgoingTransport:0.19333333333333333
IOutgoingTransport:0.17253968253968252
FileSyncServiceSqlMap:0.15666666666666668
InternalOutgoingTransport:0.15
HttpIncomingTransport:0.14
InternalOutgoingWithResponseTransport:0.11
InternalTransportManager:0.07666666666666666
FileTriggerRouterMapper:0.03333333333333333
