CasKryoTranscoder:0.5666666666666667
CasKryoTranscoderTests:0.41
MemcachedUtils:0.25083333333333335
MemcachedTicketRegistryConfiguration:0.17
MemcachedMonitorConfiguration:0.13666666666666666
