BasicYearDateTimeField:0.6933333333333334
BaseGJChronology:0.5233333333333333
CopticChronology:0.47333333333333333
