Builder:0.6266666666666667
JobValidator:0.37666666666666665
JobValidatorTest:0.29
JobInspectCommand:0.26416666666666666
JobsResource:0.15666666666666668
JobCreateCommand:0.15
JobCreateCommandTest:0.10666666666666667
JobInspectCommandTest:0.08666666666666667
