TransportSQLActionTest:0.4
Context:0.32166666666666666
SQLTypeMappingTest:0.29
SQLParseService:0.2896666666666667
PrimaryKeyVisitor:0.23666666666666666
TransportSQLAction:0.18
