HttpTest:0.5833333333333334
HttpClientRequestImpl:0.47
HttpClientImpl:0.3
Waiter:0.19
ConnQueue:0.14
ConnectionManager:0.07666666666666666
