DefaultTraversalVisitor:0.37666666666666665
Visitor:0.31666666666666665
FunctionAssertions:0.2866666666666667
AstVisitor:0.2833333333333333
Formatter:0.26
TestSqlParser:0.26
AbstractTestQueries:0.24666666666666667
AstBuilder:0.23666666666666666
ExpressionRewriter:0.2227777777777778
RewritingVisitor:0.15333333333333332
PlanOptimizersFactory:0.13666666666666666
