Index:0.4866666666666667
IndexShard:0.37666666666666665
Create:0.3433333333333333
InternalEngineTests:0.2833333333333333
IndexingOperation:0.25666666666666665
InternalEngine:0.22966666666666669
DoubleIndexingDocTest:0.09
StoredNumericValuesTest:0.08333333333333333
