TransformTestCase:0.5333333333333333
MathTransformTest:0.2816666666666667
