FileHandler:0.5966666666666667
WikiBase:0.37666666666666665
PersistencyHandler:0.31916666666666665
DatabaseHandler:0.2966666666666667
EditServlet:0.20666666666666667
ImportServlet:0.17666666666666667
DatabaseInit:0.16611111111111113
SaveAttachmentServlet:0.10666666666666667
