HttpClientOptions:0.8433333333333334
ConnectionListener:0.29688888888888887
ConnectionManager:0.19666666666666666
