GeneralTests:0.6461111111111111
CommandMessage:0.461111111111111
