HazelcastTest:0.6002777777777778
ListenerManager:0.4633333333333333
HazelcastClientMapTest:0.36
