NettyResponseFuture:0.6066666666666667
NettyAsyncHttpProvider:0.5566666666666666
AuthTimeoutTest:0.24333333333333335
NettyConnectionsPool:0.21666666666666667
ConnectionPoolTest:0.21
IdleRunner:0.07333333333333333
