XmlWebApplicationContext:0.22
Log4jConfigListener:0.15
DispatcherPortlet:0.04666666666666667
LocalSessionFactoryBean:0.023333333333333334
JtaTransactionManager:0.013333333333333334
PropertyPlaceholderConfigurer:0.01
JndiObjectFactoryBean:0.01
