Base:0.69
Project:0.6733333333333333
DeleteDir:0.37333333333333335
