TestFlowArtifactLocator:0.6347619047619049
BeanFactoryFlowArtifactLocator:0.503611111111111
FlowExecutionImplTests:0.2833333333333333
