TimedActivity:0.5333333333333333
SharedProject:0.35333333333333333
JupiterActivity:0.29
Jupiter:0.24333333333333335
TextEditActivity:0.22666666666666666
ActivityQueue:0.2227777777777778
ActivitiesExtensionProviderTest:0.18333333333333332
ActivitySequencer:0.18333333333333332
ActivityQueuesManager:0.12333333333333334
