LayerTreeEditor:0.35333333333333333
TreeEditorCopyHelper:0.31
PainterUtils:0.2991666666666667
ScaleDialog:0.25
WidgetDefaultsHandler:0.24
SymbolDefaultsFactory:0.23
ARINCModelFactory:0.22666666666666666
TreeEditorHelper:0.21666666666666667
SymbolDefinition:0.18666666666666668
