RequestResponseOperationDeclaration:0.38333333333333336
OLParser:0.36
DeployParser:0.32
OLValidator:0.27166666666666667
ExitStatement:0.2633333333333333
Scanner:0.255
OptimizerVisitor:0.21666666666666667
OLVisitor:0.20833333333333334
