LayerViewPanel:0.81
TaskFrame:0.38333333333333336
MultiClickTool:0.37666666666666665
