NettyAsyncHttpProvider:0.41
AsyncHttpClient:0.38333333333333336
ResponseHeaders:0.35
ResponseBodyPart:0.14
ApacheResponseStatus:0.13666666666666666
ResponseStatus:0.08666666666666667
HttpResponseStatus:0.07333333333333333
ApacheResponseHeaders:0.06333333333333334
HttpResponseHeaders:0.06
HttpResponseBodyPart:0.05333333333333334
ApacheResponseBodyPart:0.05
HttpContent:0.04666666666666667
