TestLibrary:0.623
ArgumentsMarshalTest:0.47333333333333333
UnicodeLibrary:0.45876587301587307
Function:0.44666666666666666
W32APIMapperTest:0.2733333333333333
W32APITypeMapper:0.09666666666666666
