CDKManager:0.8066666666666666
ICDKManager:0.7911111111111111
