ResourcesTest:0.6166666666666667
GedcomReadWriteTest:0.42333333333333334
