ElementDecl:0.41333333333333333
Handler:0.2966666666666667
XmlTree:0.2966666666666667
EditTagDialog:0.22666666666666666
XmlPlugin:0.21666666666666667
XmlInsert:0.21666666666666667
MouseHandler:0.14833333333333334
EntityDeclCompare:0.14833333333333334
XmlParser:0.11666666666666667
ElementDeclCompare:0.1075
AttributeDecl:0.09
