Xml:0.57
AbstractHarvester:0.28
Harvester:0.2644444444444444
AbstractParams:0.22333333333333333
Info:0.22
LocalFilesystemHarvester:0.20666666666666667
Z3950Harvester:0.18333333333333332
AbstractRequest:0.12666666666666668
Z3950Result:0.014285714285714285
