DomNode:0.5466666666666666
HTMLElement:0.37333333333333335
Prototype160Test:0.31333333333333335
Prototype150rc1Test:0.2833333333333333
Node:0.25133333333333335
XMLHttpRequest:0.19166666666666668
Range:0.19
XMLHttpRequestTest:0.17666666666666667
RangeTest:0.045
