AtmosphereServlet:0.6683333333333333
AtmosphereResourceImpl:0.36
Action:0.3
AtmosphereFilterChain:0.24333333333333335
BaseTest:0.24
ReflectorServletProcessor:0.23666666666666666
TomcatCometSupportTest:0.14666666666666667
BlockingIOCometSupportTest:0.11333333333333333
BlockingIOJerseyTest:0.11
GrizzlyCometSupportTest:0.11
AbstractReflectorAtmosphereHandler:0.09333333333333334
TomcatJerseyTest:0.043333333333333335
