ForAllArguments:0.4533333333333333
AdviceTest:0.4
Simple:0.3933333333333333
ForOrigin:0.3466666666666667
