ShardDao:0.8533333333333334
DatabaseShardManager:0.36333333333333334
TestShardDao:0.32666666666666666
