DriverConductor:0.5133333333333333
DriverPublication:0.42
StaticDelayGenerator:0.25333333333333335
SenderTest:0.18416666666666667
Gap:0.09466666666666666
