LDefCall:0.4866666666666667
LDefField:0.30666666666666664
LDefArray:0.30666666666666664
LCall:0.28
EChain:0.27
