BasicOperationScheduler:0.6183333333333333
ClientPacketProcessor:0.4166666666666667
ClientReconnectTest:0.37222222222222223
