Repository:0.44666666666666666
BsonWriter:0.35333333333333333
Repositories:0.35
BsonEncoding:0.35
ConstraintBuilder:0.31666666666666665
BsonReader:0.29
RepositorySetup:0.27666666666666667
Support:0.26
Builder:0.21333333333333335
MongoContext:0.19666666666666666
JsonQuery:0.17944444444444446
Ent:0.17666666666666667
Finder:0.14333333333333334
SimpleIndexerTest:0.13
Modifier:0.10333333333333333
Criteria:0.0867222222222222
Replacer:0.06
MongoAsserts:0.05333333333333334
Operation:0.03
Indexer:0.016666666666666666
Adapted:0.013333333333333334
UpdatatingOperation:0.0033333333333333335
Updater:0.0033333333333333335
FinderWithDelete:0.0
