BindingUtil:0.41
StatementGenerator:0.32666666666666666
ObjectiveCImplementationGenerator:0.31666666666666665
ClassInstanceCreation:0.30666666666666664
ObjectiveCSourceFileGenerator:0.24666666666666667
TranslationProcessor:0.21666666666666667
ClassTest:0.20666666666666667
AnonymousClassConverterTest:0.18666666666666668
Test$$With$$Dollar$$Signs:0.10838095238095237
