QueryTest:0.30333333333333334
OperationServiceImpl:0.29
MapStoreTest:0.27666666666666667
ScheduledBackup:0.24333333333333335
MapContainer:0.24111111111111114
LockTest:0.23666666666666666
MapProxySupport:0.22
EvictionTest:0.18333333333333332
ScheduledBackupProcessor:0.15264814814814814
ClientTestSupport:0.14333333333333334
ClientCompatibleTestsSuit:0.12
