Element:0.705
Node:0.6266666666666667
Elements:0.4166666666666667
Cleaner:0.17
W3CDom:0.15
HtmlToPlainText:0.14
Collector:0.13333333333333333
