FullscreenTest:0.5266666666666666
JglfwGraphics:0.3933333333333333
JglfwInput:0.36333333333333334
JglfwDebugStarter:0.19
LwjglDebugStarter:0.19
