SecureSettings:0.49
Settings:0.4866666666666667
KeyStoreWrapper:0.3466666666666667
AbstractScopedSettings:0.22194444444444447
SecureSetting:0.21
RemoveSettingKeyStoreCommandTests:0.18333333333333332
RemoveSettingKeyStoreCommand:0.17666666666666667
SettingsTests:0.15666666666666668
PrefixedSecureSettings:0.15666666666666668
S3RepositoryPlugin:0.14333333333333334
ScopedSettingsTests:0.13666666666666666
AddStringKeyStoreCommand:0.1
ListKeyStoreCommand:0.08
MockSecureSettings:0.07777777777777778
