Repository:0.5233333333333333
HistoryGuru:0.31333333333333335
MercurialRepository:0.25333333333333335
SCCSRepository:0.24666666666666667
GitRepository:0.23666666666666666
BazaarRepository:0.23666666666666666
PerforceRepository:0.18666666666666668
RepositoryFactory:0.095
