Viewer:0.47333333333333333
NodeViewI:0.4172222222222222
NodeAttrValueI:0.40166666666666667
InfoRetriever:0.3678888888888889
NBNode:0.34
DoubleValue:0.31666666666666665
NodeView:0.225
JnetManager:0.21666666666666667
XMLio:0.17
MetaData:0.15666666666666668
NodeInfoJdbc:0.15444444444444444
NodeInfoView:0.14666666666666667
AttrValueRangeSet:0.06
