CSSStyleDeclaration:0.64
ComputedCSSStyleDeclaration:0.47333333333333333
WebDriverTestCase:0.33666666666666667
CSSStyleDeclarationTest:0.3244444444444444
BrowserConfiguration:0.29
ComputedCSSStyleDeclarationTest:0.22666666666666666
CodeStyleTest:0.22333333333333333
StyleAttributes:0.11277777777777777
