QueryInfo:0.6733333333333333
QueryStateMachine:0.44333333333333336
MockQueryExecution:0.3466666666666667
QueryExecution:0.23327777777777778
SqlQueryExecution:0.18666666666666668
FailedQueryExecution:0.13583333333333333
DataDefinitionExecution:0.11916666666666667
TestBasicQueryInfo:0.10333333333333333
