ECKey:0.8
DeterministicKey:0.37333333333333335
SendRequest:0.21777777777777782
PkiVerificationData:0.19333333333333333
