ProxyObject:0.63
IDispatch:0.49599999999999983
ComInternetExplorerDISPID:0.3441666666666667
ComInternetExplorerMethodname:0.3441666666666667
ComInternetExplorerNamed:0.3441666666666667
IDispatchTest:0.2633333333333333
ComInternetExplorerIDispatch:0.03333333333333333
