DataTableFolderViewBase:0.44333333333333336
FooterPanel:0.2833333333333333
DescriptionPanel:0.27
BreadCrumbPanel:0.24
AccessoriesPanel:0.23666666666666666
LandingPage:0.21438888888888888
EntryMenuPanel:0.2
FilterPanel:0.19
ToolPanelBase:0.14666666666666667
