GwtRpcServiceImpl:0.5366666666666666
EntryProperties:0.30333333333333334
GwtFolderEntry:0.3
GetEntryCmd:0.275
EntryWidget:0.17333333333333334
