WebFilter:0.43
HazelcastHttpSession:0.4266666666666667
JettyWebFilterTest:0.3566666666666667
RequestWrapper:0.33
TestServlet:0.09333333333333334
