Configuration:0.49333333333333335
RuntimeEnvironment:0.4266666666666667
PlainAnalyzer:0.2866666666666667
IndexDatabase:0.24333333333333335
FileAnalyzer:0.18
