TestUserData:0.385
TestSignSession:0.3466666666666667
TestAuthenticationSession:0.23
CertReqServlet:0.20333333333333334
