GeomUtil:0.7
WeasisLauncher:0.36666666666666664
LoadLocalDicom:0.26666666666666666
ParallelLineGraphic:0.25333333333333335
