Vertex:0.6133333333333333
Graph:0.525
EdgeLayoutHelper:0.22
DirectedGraph:0.20277777777777775
DirectedGraphFactory:0.19555555555555554
TreeLayoutAlgorithm:0.19
AbstractGraphFactory:0.18666666666666668
ModelHelper:0.1588888888888889
CircularGraph:0.15333333333333332
