DefaultCursor:0.52
CursorSimpleTest:0.19666666666666666
CursorIterator:0.18333333333333332
ObjectWrapperResultHandler:0.09666666666666666
