VCSAdapter:0.7566666666666667
SubclipseAdapter:0.4066666666666667
SharedResourcesManager:0.38333333333333336
IncomingInvitationProcess:0.28
SharedProject:0.15583333333333332
