PopModel:0.6533333333333333
PopPanel:0.38333333333333336
