Materialisation:0.4633333333333333
PatternShape:0.41
AbstractPatternGraph:0.37
AbstractPatternEdge:0.32
SimpleMorphism:0.28
TestPatternShapeGenerator:0.18666666666666668
