ManagePanel:0.07753786
jEdit:0.027477328
