PluginListHandler:0.18158919
InstallPanel:0.16537991
PluginJAR:0.1580508
Roster:0.15039925
jEdit:0.1343226
EditPlugin:0.11151192
MirrorList:0.09514401
MiscUtilities:0.08787075
IOUtilities:0.058768373
GUIUtilities:0.055475876
StandardUtilities:0.054044094
PluginManager:0.048010528
Log:0.041611377
Task:0.012461548
