OnmsOutage:0.7066666666666667
LazyOutage:0.45666666666666667
OutageMappingQuery:0.26555555555555554
FindSuppressedOutages:0.20666666666666667
DefaultOutageServiceIntegrationTest:0.18333333333333332
OutageSaveOrUpdate:0.07666666666666666
