AtomicArray:0.31
ToIntFunction:0.27051984126984113
DriverConnectedSubscription:0.25333333333333335
LogScannerTest:0.24333333333333335
Receiver:0.23
ClientConductor:0.22
DriverPublication:0.21666666666666667
LogScanner:0.2
Agent:0.18666666666666668
MediaConductor:0.18666666666666668
NioSelector:0.18666666666666668
TimerWheel:0.14666666666666667
AgentIdleStrategy:0.12333333333333334
