JEditTextArea:0.55
TextUtilities:0.35
SearchAndReplace:0.24333333333333335
BoyerMooreSearchMatcher:0.2213888888888889
RESearchMatcher:0.20444444444444446
