TypeNode:0.32666666666666666
VariableNode:0.2833333333333333
Aspect:0.26
TypeGraph:0.25
RuleNode:0.2311111111111111
AspectJVertex:0.21583333333333332
TypeModel:0.21
DefaultRuleNode:0.21
AspectJEdge:0.20416666666666666
AspectEdge:0.19666666666666666
CompositeTypeModel:0.15
ProductNode:0.14333333333333334
RuleFactory:0.11333333333333333
RuleEdge:0.023333333333333334
