Member:0.6066666666666667
ClusterMember:0.42
ConcurrentMapManager:0.29333333333333333
MemberImpl:0.2866666666666667
BaseManager:0.26
ClusterImpl:0.24444444444444446
DistributedExecutorAction:0.22
