RecordedRequest:0.4866666666666667
MockWebServer:0.39666666666666667
MockResponse:0.37
URLConnectionTest:0.29333333333333333
CacheTest:0.19333333333333333
UrlConnectionCacheTest:0.19333333333333333
ResponseCacheTest:0.18
MockWebServerTest:0.17666666666666667
SpdySocketHandler:0.13666666666666666
HttpOverHttp20Draft16Test:0.11666666666666667
PushPromise:0.08666666666666667
