InternalEngine:0.36666666666666664
LiveVersionMap:0.34
InternalEngineTests:0.30333333333333334
VersionLookup:0.27666666666666667
Maps:0.17666666666666667
LiveVersionMapTests:0.06333333333333334
