TarEntryHeader:0.5433333333333333
TarEntrySupplicant:0.41333333333333333
TarReader:0.3333333333333333
DbBackup:0.21833333333333332
