ExecutableList:0.5233333333333333
ActionQueue:0.4633333333333333
PrimitiveCharacterArrayTypeDescriptor:0.22666666666666666
CharacterArrayTypeDescriptor:0.22666666666666666
ByteArrayTypeDescriptor:0.22666666666666666
PrimitiveByteArrayTypeDescriptor:0.22666666666666666
CacheDataDescriptionImpl:0.16849999999999998
ListProvider:0.1487777777777778
