Node:0.5466666666666666
ModificationQueue:0.3433333333333333
