SubjectPrincipalsHelper:0.5233333333333333
ListAggregateFunctionActionHandler:0.15333333333333332
TypeConversionUtil:0.14666666666666667
SetObjectToListActionHandler:0.13
