SupplyTableModel:0.7666666666666667
NewModifyResupplyDialog:0.5866666666666667
