Building:0.4166666666666667
SettlementConfig:0.39
BuildingTemplate:0.2733333333333333
ConstructionSite:0.2633333333333333
SettlementTemplate:0.24333333333333335
BuildingManager:0.21333333333333335
Resupply:0.19666666666666666
UnitManager:0.18916666666666668
ConstructionManager:0.18333333333333332
ResupplyManager:0.13666666666666666
ResupplyTemplate:0.12333333333333334
ResupplyConfig:0.1
ResupplyMissionTemplate:0.043333333333333335
