Model:0.49666666666666665
BlueprintList:0.44111111111111106
Add:0.30666666666666664
Del:0.30666666666666664
