EditUserAction:0.2966666666666667
UnlockUserAction:0.23333333333333334
LockUserAction:0.23333333333333334
EditUserFormAction:0.22333333333333333
ListUsersAction:0.07111111111111112
