AbstractReplicatedRecordStore:0.56
ReplicationPublisher:0.3333333333333333
ClientReplicatedMapProxy:0.32
ReplicatedMapPortableHook:0.15666666666666668
