PPECheckoutController:0.49666666666666665
PPECheckoutState:0.4625
PPECheckoutLocDepConfiguration:0.39788888888888885
