G3DTLoader:0.4266666666666667
KeyframedModel:0.4066666666666667
KeyframedSubMesh:0.39533333333333337
