PyComplex:0.6116666666666667
ReflectedArgs:0.48333333333333334
Reflection:0.4592619047619047
PyReflectedFunction:0.30666666666666664
