Aeron:0.5
ClientConductor:0.28833333333333333
ConnectedSubscription:0.16
SubUnicastTest:0.12583333333333332
SubMulticastTest:0.12583333333333332
