IndicesAdminClient:0.41333333333333333
AbstractIndicesAdminClient:0.3333333333333333
RestGetAliasesAction:0.252
RestGetIndicesAliasesAction:0.2226666666666667
RestGetMappingAction:0.2226666666666667
RestGetSettingsAction:0.2226666666666667
RestGetWarmerAction:0.2226666666666667
TrieNode:0.212
PathTrieTests:0.20333333333333334
RestActionModule:0.20333333333333334
ActionModule:0.08666666666666667
