ScrollBarTester:0.6466666666666666
TableTester:0.38333333333333336
