AbstractSkipAutoCommitTest:0.6066666666666667
TransactionUtil2:0.45
MySQLSkipAutoCommitTest:0.15333333333333332
