NetworkPublication:0.5533333333333333
Publication:0.37
DriverConductor:0.30666666666666664
ClientConductor:0.23333333333333334
SendChannelEndpoint:0.22333333333333333
UdpDestinationTracker:0.21666666666666667
MultiDestinationCastTest:0.21
UdpChannel:0.19305555555555554
DriverProxy:0.13666666666666666
ControlProtocolEvents:0.0
