UrlManager:0.4666666666666667
NBrowseApplet:0.38333333333333336
MetaData:0.32666666666666666
EdgeFilterButton:0.29
EdgeFilter:0.27
MetaDataIO:0.23666666666666666
DataLoader:0.19000000000000003
DatabaseConnection:0.16
ColorManager:0.11444444444444443
MetaListener:0.02
