Node:0.5366666666666666
Attribute:0.36
Text:0.3566666666666667
Jerry:0.33666666666666667
Element:0.25
LagartoDOMBuilder:0.22666666666666666
DOMBuilderTagVisitor:0.2
CData:0.17
Comment:0.16666666666666666
DomTreeTest:0.15666666666666668
DocumentType:0.15111111111111108
Document:0.15
XmlDeclaration:0.12
JerryParserTest:0.03
