GraphJdbc:0.6666666666666666
GraphModMine:0.6633333333333333
