JCPEditorAppletBugsTest:0.6683333333333333
JCPToolBar:0.3138888888888889
ChangeBondAction:0.30333333333333334
