JdbcStepExecutionDao:0.39666666666666667
StatefulRetryStepFactoryBeanTests:0.36
AbstractStepExecutionDaoTests:0.2111111111111111
