TestSignSession:0.31
TestAuthenticationSession:0.30333333333333334
ChangeStatusEndEntityApprovalRequest:0.2866666666666667
ApprovalDataVOView:0.27666666666666667
BatchMakeP12:0.2633333333333333
RAInterfaceBean:0.25666666666666665
LocalUserAdminSessionBean:0.25
TestUserData:0.24666666666666667
LocalApprovalSessionBean:0.24666666666666667
ProtocolScepHttpTest:0.23333333333333334
TestSignLotsOfCerts:0.19666666666666666
TestCreateCRLSession:0.19666666666666666
CaImportCertCommand:0.14333333333333334
RaKeyRecoverCommand:0.11333333333333333
RaRevokeUserCommand:0.11333333333333333
RaUnRevokeUserCommand:0.11333333333333333
RaKeyRecoverNewestCommand:0.11333333333333333
RaSetUserStatusCommand:0.11333333333333333
