Event:0.8655555555555554
EventTest:0.13666666666666666
