Builder:0.8766666666666667
TypeDescriptionArrayProjectionTest:0.31
TypeDescriptionGenericBuilderTest:0.26666666666666666
Foo:0.09666666666666666
