MetaPrimaryKey:0.5733333333333334
MetaTable:0.44333333333333336
UniqueKeyImpl:0.24666666666666667
UniqueKey:0.19
