Gedcom:0.5166666666666667
Transaction:0.38666666666666666
MetaProperty:0.32
Entity:0.31666666666666665
Model:0.31333333333333335
GedcomReader:0.17
PropertyTreeWidget:0.14083333333333334
