TestunitPlugin:0.5733333333333334
TestUnitLaunchConfigurationDelegate:0.36333333333333334
InterpreterRunnerConfiguration:0.2186111111111111
TestUnitRunnerConfiguration:0.20666666666666667
TestUnitLaunchShortcut:0.16666666666666666
RubyApplicationLaunchConfigurationDelegate:0.13333333333333333
