StringUtils:0.41333333333333333
AutoTunedBundler:0.3566666666666667
ResilientBundler:0.2866666666666667
MatrixDemoRunner:0.23
AnnealingTuneProfile:0.22666666666666666
LongTask:0.21333333333333335
LongTaskDemoRunner:0.17
AbstractBundler:0.16333333333333333
ConsoleHelper:0.16
BundlerFactory:0.14166666666666666
BundlePerformanceSample:0.08
CopyOfResilientBundler:0.04666666666666667
MatrixRunner:0.043333333333333335
ExtMatrixTask:0.02666666666666667
