CrawlHost:0.7266666666666667
SimpleDNSFetcher:0.27666666666666667
SimpleDNSFetcherTest:0.01
