TestCaseTest:0.44333333333333336
ParameterizedTestTest:0.42833333333333334
TestClassMethodsRunner:0.26666666666666666
RunAllParameterMethods:0.14666666666666667
WrongElementType:0.051666666666666666
