MultiMatchQueryBuilder:0.5233333333333333
SimpleIndexQueryParserTests:0.37416666666666665
AbstractQueryTestCase:0.33
SearchQueryIT:0.2633333333333333
MultiMatchQueryIT:0.19
MultiMatchQueryParser:0.19
