ComputationGraph:0.7533333333333333
MultiLayerNetwork:0.6433333333333333
EvalTest:0.25
