ConfigurationListener:0.74
ConfigurationProcessor:0.5333333333333333
MethodBeanWrapper:0.18333333333333332
ConfigurationListenerSupport:0.15666666666666668
DefaultConfigurationListenerRegistry:0.15333333333333332
AspectJAdviceConfigurationListener:0.11
ScopedProxyConfigurationListener:0.09333333333333334
SpringAdviceConfigurationListener:0.05
AutoBeanConfigurationListener:0.04666666666666667
SpringAdvisorConfigurationListener:0.04
HotSwapConfigurationListener:0.03666666666666667
ResourceBundlesConfigurationListener:0.02
AbstractAopConfigurationListener:0.01
