ColoredPrintingTestListener:0.585
CompositeTestPlanExecutionListener:0.5627777777777778
TestPlanExecutionListener:0.5627777777777778
Launcher:0.3233333333333333
