Attribute:0.18666666666666668
ComplexAttribute:0.18666666666666668
GeometryAttribute:0.18666666666666668
Choice:0.043333333333333335
Sequence:0.043333333333333335
