SWDownloadFile:0.5666666666666667
CandidateRating:0.3983333333333333
PriorityRating:0.26666666666666666
IRating:0.17833333333333334
TransferRateCellRenderer:0.09333333333333334
