Server:0.44333333333333336
Canvas:0.3233333333333333
EuropePanel:0.2733333333333333
ServerMessageCreator:0.25333333333333335
RecruitPanel:0.25
InGameMessageHandler:0.23333333333333334
ClientMessageHandler:0.22333333333333333
InGameNetworkListener:0.18066666666666667
DefaultInGameNetworkListener:0.09
