XmlActions:0.8666666666666667
XmlCompletion:0.27666666666666667
GeneralOptionPane:0.25333333333333335
MouseHandler:0.20666666666666667
