CompletionSuggestionBuilder:0.3933333333333333
FuzzyOptionsBuilder:0.35333333333333333
SuggestUtils:0.3466666666666667
RegexOptionsBuilder:0.22
Fields:0.19061111111111112
