ClassFileVersion:0.5966666666666667
TypeWriterDefaultTest:0.39666666666666667
VersionLocator:0.2866666666666667
ClassFileVersionKnownVersionsTest:0.25333333333333335
Foo:0.16333333333333333
