Saros:0.45777777777777773
XMPPChatTransmitter:0.37333333333333335
MessagingManager:0.28
SessionManager:0.24
InvitationDialog:0.20333333333333334
TreeContentProvider:0.19305555555555554
SkypeManager:0.18944444444444444
RosterView:0.18833333333333332
PacketExtensions:0.1761111111111111
ChatSession:0.15666666666666668
MessagingAction:0.13
MultiChatSession:0.06666666666666667
MessageEventListener:0.05333333333333334
XMPPConnectionListener:0.043333333333333335
MUCListener:0.0
