AbstractDAVServlet:0.5666666666666667
PropPatchOperation:0.32666666666666666
BasicDAVResponse:0.31666666666666665
PropPatchRequest:0.27
PropFindRequest:0.21
PropFindResponse:0.2
VFSPropFindResponse:0.19666666666666666
WebDAVFilter:0.12666666666666668
MultiStatusResponse:0.12111111111111111
PropPatchResponse:0.03666666666666667
