DefaultFileSystemStore:0.56
Simulator:0.4033333333333333
SaveGrammarAction:0.34777777777777774
DefaultArchiveSystemStore:0.29333333333333333
GenericSystemStore:0.26661111111111113
