Accumulator:0.6775
AccumulatorCompiler:0.3933333333333333
AggregateWindowFunction:0.32666666666666666
