BrowserVersion:0.6633333333333333
WebDriverTestCase:0.22
BrowserVersionFeaturesTest:0.14666666666666667
