IpInterfaceDao:0.7223333333333333
JdbcTrapdIpMgr:0.45666666666666667
TrapdTest:0.20666666666666667
IpInterfaceDaoTest:0.20333333333333334
IpInterfaceDaoHibernate:0.16666666666666666
HibernateTrapdIpMgr:0.056666666666666664
