CDKManager:0.8038888888888889
CDKManagerPluginTest:0.4066666666666667
