UserExt:0.616388888888889
ArticleQueryService:0.4633333333333333
InitProcessor:0.22666666666666666
