PrinterService:0.45
PrinterCalibration:0.2911111111111111
PrinterServiceMBean:0.2866666666666667
PrintableImageBox:0.2733333333333333
PLutBuilder:0.228
