RescueSalvageVehicle:0.8233333333333334
CrewTabPanel:0.34833333333333333
