SiteScapeFileSystem:0.7066666666666667
FileModule:0.5766666666666667
SiteScapeFileSystemLibrary:0.36333333333333334
FileLock:0.36
CrossContextConstants:0.24444444444444444
SiteScapeFileSystemInternal:0.23666666666666666
CCClient:0.23
FileModuleImpl:0.2
SiteScapeFileSystemImpl:0.16
SimpleLock:0.15
WebdavSiteScape:0.11
DispatchServer:0.1
