WADOCacheImpl:0.86
ExtendedWADOSupport:0.31666666666666665
ExtendedWADOService:0.21333333333333335
