AeronTest:0.7576666666666667
BroadcastTransmitter:0.4266666666666667
