Peer:0.67
PeerTest:0.35333333333333333
BitcoinSerializer:0.20666666666666667
PeerHandler:0.17888888888888888
FetchBlock:0.15666666666666668
