ServerDescription:0.72
Builder:0.33
BaseCluster:0.25333333333333335
ClusterDescription:0.23666666666666666
ServerStateNotifier:0.19666666666666666
ServerDescriptionTest:0.19333333333333333
ClusterDescriptionTest:0.07
