ZooKeeperMasterModel:0.6466666666666666
ZooKeeperRegistrarUtil:0.335
MasterModel:0.2833333333333333
HostsResourceTest:0.24
