MTreeItem:0.16896568
MTree:0.15749124
