RdtUiPlugin:0.6
AbstractRubyScanner:0.41333333333333333
RubyTextTools:0.25
RubyColorProvider:0.09
RubyColorConstants:0.043333333333333335
