IRubyElement:0.6730555555555556
RubyScriptStructureBuilder:0.5733333333333334
RubyPluginImages:0.3844444444444444
RubySingletonMethod:0.34
RubyElementLabelProvider:0.26
