RubyScriptStructureBuilder:0.41333333333333333
EclipsePreferencesListener:0.3272804232804233
RubyProject:0.30666666666666664
RubyElement:0.25333333333333335
RubyModelManager:0.21666666666666667
RubyType:0.19333333333333333
RubyMethod:0.18
RubyElementDeltaBuilder:0.17
RubyScriptProblemFinder:0.07666666666666666
RubySingletonMethod:0.05333333333333334
RubyLocalVar:0.04666666666666667
