RemoveDriverRoleAction:0.5033333333333333
SessionView:0.43888888888888894
GiveDriverRoleAction:0.4051111111111111
