Nut:0.61
FileSqlManager:0.36333333333333334
DatabaseAssemble:0.11333333333333333
JsonAssemble:0.11
Assemble:0.043333333333333335
