ShadowPackageManager:0.5683333333333334
ShadowProcess:0.37666666666666665
ParallelUniverse:0.28222222222222226
