JsonBackedAccount:0.515
JsonResourcePasswordManagementService:0.3933333333333333
JsonResourcePasswordManagementServiceTests:0.18666666666666668
TokenTicketCipherExecutor:0.13
SecurityTokenServiceCredentialCipherExecutor:0.06666666666666667
