SPORule:0.6166666666666667
MinimalAnchorFactory:0.3036111111111111
IOTest:0.2936111111111111
