CAInfo:0.5433333333333333
CA:0.47
X509CA:0.45666666666666667
CAAdminSession:0.2500396825396825
InternalCertificateStoreSessionRemote:0.24666666666666667
CvcPlugin:0.23166666666666666
CaSessionLocal:0.22337301587301586
CaSessionBean:0.22333333333333333
X509CAInfo:0.21666666666666667
PublishingCrlSession:0.2105952380952381
CRLData:0.20333333333333334
CAData:0.19333333333333333
PublishingCrlSessionBean:0.19333333333333333
CAAdminSessionBean:0.19
CADataHandler:0.19
EndEntityProfile:0.18333333333333332
InternalCertificateStoreSessionBean:0.17666666666666667
RenewCATest:0.13
