RestUtils:0.5566666666666666
NettyHttpChannel:0.4166666666666667
HttpRequestBuilder:0.3933333333333333
HttpRequestHandler:0.33
RestUtilsTests:0.08333333333333333
