GeneratedProperty:0.45666666666666667
EntityGenerator:0.3566666666666667
Builder:0.3566666666666667
EntityType:0.32
AttributeMember:0.27666666666666667
EntityDescriptor:0.14416666666666667
