GsonJsonProvider:0.37333333333333335
Utils:0.37333333333333335
JsonSmartJsonProvider:0.15
AbstractJsonProvider:0.15
GsonMappingProvider:0.14
