SameDiffLayer:0.5433333333333333
SameDiffParamInitializer:0.38666666666666666
SameDiffOutput:0.36
SameDiffOutputLayer:0.3566666666666667
BaseSameDiffOutputLayer:0.1730952380952381
