MTextFieldBeanInfo:0.02666666666666667
MFontComboBoxBeanInfo:0.02666666666666667
MToggleButtonBeanInfo:0.02666666666666667
MCalendarPanelBeanInfo:0.02666666666666667
MTextPaneBeanInfo:0.02666666666666667
MURLButtonBeanInfo:0.02666666666666667
MTogglePanelBeanInfo:0.013333333333333334
MSliderBeanInfo:0.0033333333333333335
MSmallColorChooserBeanInfo:0.0033333333333333335
MColorButtonBeanInfo:0.0033333333333333335
MPanelBeanInfo:0.0033333333333333335
MThrobberBeanInfo:0.0033333333333333335
