ExecutionThread:0.76
Interpreter:0.3466666666666667
SleepProcess:0.21205555555555555
Fields:0.2063968253968254
InputOperation:0.19333333333333333
DefinitionProcess:0.185
SleepInputHandler:0.1757222222222222
CommChannel:0.16
InternalLink:0.15666666666666668
InProcess:0.14
OneWayProcess:0.13333333333333333
CorrelatedProcess:0.12666666666666668
NDChoiceProcess:0.12333333333333334
ScopeProcess:0.12333333333333334
LinkInProcess:0.11666666666666667
IfProcess:0.11666666666666667
SequentialProcess:0.11
StatefulThread:0.10333333333333333
CompensateProcess:0.1
RequestResponseProcess:0.09
ParallelThread:0.08666666666666667
InstallFaultHandlerProcess:0.08666666666666667
LinkOutProcess:0.08666666666666667
ThrowProcess:0.08666666666666667
OutProcess:0.08666666666666667
InstallCompensationProcess:0.08666666666666667
WhileProcess:0.08666666666666667
AssignmentProcess:0.08333333333333333
StatelessThread:0.08333333333333333
NotificationProcess:0.07333333333333333
Scope:0.05
