MapStepExecutionDao:0.6866666666666666
AbstractStepExecutionDaoTests:0.4766666666666667
StubStep:0.21666666666666667
MapStepExecutionDaoTests:0.08666666666666667
