CrateIntegrationTest:0.4866666666666667
ColumnPolicyIntegrationTest:0.36666666666666664
AlterTableAnalyzer:0.2633333333333333
