IType:0.61
IRubyProject:0.6
RubyType:0.32
RubyCore:0.26666666666666666
RegionBasedTypeHierarchy:0.25666666666666665
CreateTypeHierarchyOperation:0.23333333333333334
HierarchyBuilder:0.16055555555555553
RegionBasedHierarchyBuilder:0.09333333333333334
