ElementDefaultStyleDisplayTest:0.49666666666666665
HtmlIsIndex:0.22
HtmlNextId:0.18666666666666668
HtmlBackgroundSound:0.18666666666666668
HtmlMenuItem:0.18666666666666668
HtmlNoLayer:0.18666666666666668
