DataManager:0.6366666666666667
Update:0.25333333333333335
EditUtils:0.15
