CustomerTest:0.46
MapFacadeBean:0.37333333333333335
MapFacade:0.32666666666666666
InvoiceTest:0.24
IMapFacadeImpl:0.23666666666666666
ViewBaseAction:0.21611111111111114
OnChangeSearchAction:0.13666666666666666
CreateNewElementInCollectionAction:0.10666666666666667
