ContextCapabilities:0.6166666666666667
ContextCapabilitiesGenerator:0.5583333333333333
GeneratorProcessor:0.20666666666666667
