FileLabeledSentenceProvider:0.5197222222222223
CollectionLabeledSentenceProvider:0.5197222222222223
