Graph:0.7966666666666666
EditableVertex:0.57
Layout2D:0.5616666666666666
EditableGraph:0.5233333333333333
EditableEdge:0.33666666666666667
GraphRenderer:0.3272804232804233
Branch:0.23333333333333334
DefaultGraphRenderer:0.21
GraphWriter:0.20333333333333334
Shell:0.2
DirectedGraph:0.2
TreeLayoutAlgorithm:0.18333333333333332
ActionExecuteLayout:0.17333333333333334
GraphWidget:0.17
AbstractGraphFactory:0.16
DirectedGraphFactory:0.16
TreeFactory:0.13333333333333333
Animation:0.13333333333333333
AlgorithmWidget:0.10666666666666667
EdgeLayoutHelper:0.09666666666666666
GraphReader:0.09333333333333334
GraphHandler:0.09
EditableTree:0.08333333333333333
EmptyFactory:0.07333333333333333
Movement:0.07
EditableLayout:0.056666666666666664
ShapeHelper:0.04
EdgeHandler:0.03
VertexHandler:0.02666666666666667
EditableGraphWidget:0.02
EditableElement:0.0
