NutConf:0.5608333333333333
ClassY:0.53
JsonAopConfigrationTest:0.35
AsmClassAgent:0.1936111111111111
