AspectJTestEventHandler:0.38
SimpleDateFormatBeanDefinitionParser:0.11333333333333333
AspectJTestEventHandlerInteceptor:0.09666666666666666
AspectJTest:0.05
OnmsNamespaceHandlerTest:0.05
OnmsNamespaceHandler:0.023333333333333334
