FeatureView:0.7033333333333334
SiteView2:0.36666666666666664
ScaleView:0.33666666666666667
MenuManager:0.22555555555555556
