ClickableElement:0.5133333333333333
HTMLElement:0.4255555555555556
EventTest:0.32
