SimpleQueryTests:0.5094444444444444
SimpleAllTests:0.20666666666666667
