HttpServlet25RequestFactory:0.2966666666666667
SecurityContextHolderAwareRequestWrapper:0.27666666666666667
SessionManagementFilter:0.23666666666666666
Servlet3SecurityContextHolderAwareRequestWrapper:0.23166666666666666
SaveToSessionResponseWrapper:0.1975
DefaultMethodSecurityExpressionHandler:0.17
HttpSessionSecurityContextRepository:0.15666666666666668
HttpSessionSecurityContextRepositoryTests:0.13333333333333333
DefaultWebSecurityExpressionHandlerTests:0.13
SecurityContextHolderAwareRequestFilter:0.11333333333333333
HttpServlet3RequestFactory:0.11333333333333333
SessionManagementFilterTests:0.03333333333333333
DefaultWebSecurityExpressionHandler:0.02238095238095238
