UimaDepTree:0.4633333333333333
DependencyFileCollectionReader:0.37
UimaDepNode:0.3566666666666667
PosAssigner:0.14
ClearParserAE:0.11666666666666667
DependencyNodeWriter:0.11666666666666667
