TagThisDlg:0.47333333333333333
GwtTeamingMessages:0.4
GwtServerHelper:0.35777777777777775
ManageMenuPopup:0.20666666666666667
