DefaultLayoutPainter:0.69
AbstractBasePainter:0.44333333333333336
AbstractJspPainter:0.40797222222222224
