IReflectionCache:0.6390277777777779
ReflectionCacheSourceCreator:0.48
ReflectionCache:0.34
Preloader:0.25333333333333335
SwitchedCodeBlockByString:0.20666666666666667
