MadvocConfig:0.5783333333333334
EchoInterceptor:0.27666666666666667
ActionInterceptor:0.26666666666666666
ActionFilter:0.26666666666666666
EchoFilter:0.22
RestActionConfig:0.13166666666666665
