NetcdfMetadataTest:0.37
ValidatorContainer:0.31
CRSValidator:0.30333333333333334
ReferencingValidator:0.3
OperationValidator:0.2966666666666667
CSValidator:0.2833333333333333
ParameterValidator:0.27
ExtentValidator:0.2633333333333333
NameValidator:0.24
DatumValidator:0.24
Validator:0.19666666666666666
GeometryValidator:0.19
Validators:0.18
MetadataValidator:0.12666666666666668
CitationValidator:0.07
ValidatorTest:0.03
MainValidator:0.0033333333333333335
NetcdfCRSTest:0.0
