GraphState:0.5733333333333334
Location:0.44
Switch:0.42333333333333334
CtrlVar:0.36666666666666664
Template:0.3433333333333333
ExplorationTest:0.29
CtrlLoader:0.28111111111111114
ShapeState:0.27666666666666667
Frame:0.27
PropertiesTable:0.24666666666666667
CtrlPar:0.24333333333333335
ValueNode:0.21916666666666668
GrammarProperties:0.20777777777777778
Simulator:0.2
DefaultGraphNextState:0.19333333333333333
AutomatonBuildTest:0.17666666666666667
LTSJGraph:0.17333333333333334
TemplateBuildTest:0.17333333333333334
AbstractGraphState:0.17
Options:0.16833333333333333
CtrlHelper:0.16333333333333333
ProgramBuildTest:0.14666666666666667
StateSet:0.12666666666666668
LabelValue:0.11666666666666667
TemplateBuilder:0.11333333333333333
