DefaultJSONParser:0.36333333333333334
JSONLexerBase:0.36
SymbolTable:0.33
DeserializeBeanInfo:0.27444444444444444
JSONReaderScanner:0.17333333333333334
StackTraceElementDeserializer:0.16333333333333333
