ArticleBean:0.8333333333333334
PubSourceBean:0.5233333333333333
SelectReference:0.30666666666666664
PubSourceTable:0.22166666666666668
