TableTest:0.5933333333333334
MakumbaTestData:0.39666666666666667
MakumbaTestSetup:0.21333333333333335
MakumbaWebTestSetup:0.04
