ByteBuddy:0.6666666666666666
MethodAnnotationTarget:0.42333333333333334
ByteBuddyTutorialExamplesTest:0.36
Proxy:0.06
