Weak:0.33
SnippetAction:0.2633333333333333
StaticAction:0.22444444444444447
SaveAsDefaultAction:0.16666666666666666
HistoryAction:0.16666666666666666
StopAction:0.16666666666666666
BackAction:0.16666666666666666
SortAction:0.16666666666666666
InternetSearchAction:0.13666666666666666
InsertAction:0.13666666666666666
