Context:0.7933333333333333
Configuration:0.3416666666666667
ArchiveConductor:0.3377777777777778
