ManageTodosAction:0.31333333333333335
ManageTodoListsAction:0.28
MyInfoAction:0.16
ShowTodosAction:0.16
ShowTodoListsAction:0.16
SecurityFilter:0.15
AuthenticateAction:0.13666666666666666
TodoListsDecorator:0.13333333333333333
