DesignerLogger:0.3566666666666667
Node:0.32666666666666666
TimerStateFigure:0.32666666666666666
StateFigure:0.32611111111111113
FormNode:0.31333333333333335
FormType:0.2966666666666667
IOUtils:0.2733333333333333
NodeFigure:0.26
StartStateFigure:0.24666666666666667
TransitionGraphicalEditPart:0.22666666666666666
DesignerEditor:0.20666666666666667
ExportParWizardPage:0.2
ChooseFormTypeDialog:0.19666666666666666
ErrorDialog:0.19666666666666666
ActionGraphUtils:0.17666666666666667
NodeGraphicalEditPart:0.17666666666666667
SwimlaneNodeEditPart:0.16
TransitionConnectionEndpointsEditPolicy:0.16
StateGraphicalEditPart:0.15833333333333333
TransitionFigure:0.14666666666666667
ActionGraphicalEditPart:0.14333333333333334
ValidationUtil:0.14333333333333334
TimerAnchor:0.14333333333333334
CenteredFlowLayout:0.14166666666666666
XSNFormType:0.12666666666666668
ActionFigure:0.12333333333333334
TerminalFigure:0.11666666666666667
FormTypeProvider:0.09333333333333334
OpenExternalFormEditorDelegate:0.07333333333333333
EndStateFigure:0.06666666666666667
StateAnchor:0.06333333333333334
TerminalAnchor:0.04
NotificationMessages:0.0
