NBNode:0.52
GraphEltSet:0.49333333333333335
NodeView:0.4066666666666667
StatLis:0.20666666666666667
