OrderedProperties:0.39
ClosedDBConnection:0.3623161375661375
FieldParser:0.3566666666666667
Logic:0.33
FieldManager:0.31333333333333335
DBConnectionWrapper:0.28
FieldDefinition:0.235
RecordParser:0.06666666666666667
setParser:0.02277777777777778
SQLUpdate:0.02
FieldPrinter:0.0
dateTimeManager:0.0
RecordManager:0.0
