ClusteredSessionService:0.38333333333333336
HazelcastInstanceLoader:0.3433333333333333
WebFilter:0.3233333333333333
HazelcastHttpSession:0.23333333333333334
DisconnectedHazelcastTest:0.22333333333333333
WebFilterBasicTest:0.21666666666666667
AbstractWebFilterTest:0.20333333333333334
