JsonPath:0.71
XmlPath:0.6733333333333333
JsonPathTest:0.25666666666666665
