RosterViewComponent:0.5633333333333334
SarosMainMenuComponent:0.56
SarosState:0.5033333333333333
SarosStateImp:0.47
InitMusician:0.41333333333333333
RosterViewComponentImp:0.37
SarosWorkbenchComponentImp:0.27661111111111114
Musician:0.2733333333333333
WindowPart:0.26916666666666667
SessionViewComponentImp:0.22866666666666666
EclipseComponent:0.2105952380952381
SarosPEViewComponentImp:0.20666666666666667
TestSVNStateUpdates:0.20333333333333334
TestHandleContacts:0.19833333333333333
SarosMainMenuComponentImp:0.17666666666666667
TestRosterViewComponent:0.17666666666666667
TestChangingNameInRosterView:0.15166666666666667
TestBasicSarosElements:0.12666666666666668
TestMainMenuComponent:0.11333333333333333
STFController:0.10333333333333333
