Euler:0.8966666666666666
EulerRunner:0.23666666666666666
