QueryTest:0.54
PartitionRecordStore:0.37666666666666665
RecordStore:0.3233333333333333
BaseMap:0.21333333333333335
MapTransactionTest:0.15
