LogicalPlanner:0.5833333333333334
LocalQueryRunner:0.45888888888888885
PlanSanityChecker:0.23333333333333334
