CollectionSet:0.43666666666666665
OnmsSnmpCollection:0.37666666666666665
ServiceParameters:0.23333333333333334
CollectdTest:0.12666666666666668
