NettyClientHandlerTest:0.48
NettyServerHandler:0.43333333333333335
NettyClientHandler:0.43333333333333335
NettyHandlerTestBase:0.34
BufferingHttp2ConnectionEncoderTest:0.3233333333333333
NettyServerHandlerTest:0.26
GrpcSslContexts:0.25
BufferUntilTlsNegotiatedHandler:0.234031746031746
ProtocolNegotiators:0.14333333333333334
