Metadata:0.5233333333333333
Status:0.4166666666666667
MessageDeframer2Test:0.29
MessageDeframer2:0.26
Deframer:0.25666666666666665
GrpcDeframer:0.24444444444444446
GrpcDeframerTest:0.21166666666666667
NettyServerHandlerTest:0.20333333333333334
AbstractStream:0.2
AbstractBuffer:0.19666666666666666
AbstractServerStream:0.18833333333333332
InputStreamDeframer:0.17333333333333334
NettyServerStream:0.15944444444444442
NettyClientStream:0.15666666666666668
NettyServerHandler:0.155
MetadataTest:0.11333333333333333
NettyServerStreamTest:0.11166666666666666
AbstractClientStream:0.08333333333333333
Key:0.08
CodeMarshaller:0.06666666666666667
Sink:0.03666666666666667
