Workspace:0.4766666666666667
Toolbox:0.47333333333333333
TxmPreferences:0.3933333333333333
AddBase:0.2733333333333333
ApplicationWorkbenchAdvisor:0.16633333333333333
