TextToSpeech:0.5933333333333334
TTSVoice:0.28
TTSService:0.20083333333333334
TTSServiceImpl:0.18333333333333332
