ProfileModule:0.8866666666666667
GwtViewHelper:0.43666666666666665
ProfileModuleImpl:0.27
