JavaClientTest:0.4266666666666667
BasicBSONCallback:0.4
BSONEncoder:0.29333333333333333
JSON:0.2733333333333333
JSONCallback:0.16333333333333333
