JobExecutionListener:0.6733333333333333
SimpleJobLauncher:0.41333333333333333
SimpleJobExecutorFacadeTests:0.29333333333333333
SimpleJobExecutorFacade:0.28
TaskExecutorJobLauncherTests:0.24666666666666667
SimpleJobLauncherTests:0.20333333333333334
JobExecutionListenerSupport:0.10200000000000001
ThreadInterruptJobExecutionListener:0.043333333333333335
JobExecutionListenerSupportTests:0.02666666666666667
InterruptJobTests:0.019333333333333334
JobExecutionNotificationPublisherTests:0.016666666666666666
JobExecutionNotificationPublisher:0.0033333333333333335
