BotsService:0.7863888888888889
BotsDAOHibernateImpl:0.4066666666666667
BotsDAO:0.3691111111111111
BotsServiceBean:0.36666666666666664
BotsServiceDelegateLocalImpl:0.215
BotsServiceDelegateRemoteImpl:0.215
BotsLogic:0.16
BotsServiceDelegate:0.14416666666666667
