TestAlternateLocation:0.6611111111111111
EnvironmentConstants:0.25594227994228
