ExceptionSerializationTests:0.7383333333333333
YamlXContent:0.4083333333333333
