ConnectionManager:0.545
InstanceListenerManager:0.44333333333333336
MembershipListenerManager:0.38333333333333336
