GeometrySerde:0.5133333333333333
GeoFunctions:0.4266666666666667
TestGeoFunctions:0.33666666666666667
TestGeometrySerialization:0.19333333333333333
