Builder:0.51
ChannelManager:0.4633333333333333
AsyncHttpClientConfig:0.38
SSLEngineFactory:0.11051190476190476
DefaultSSLEngineFactory:0.03666666666666667
