ERDesignerComponent:0.4088888888888889
VertexCellElement:0.4066666666666667
ERDesigner:0.29333333333333333
