DataDefinitionImpl:0.46
DataDefinitionProvider:0.41333333333333333
MDDProvider:0.32666666666666666
FieldDefinitionImpl:0.3233333333333333
Configuration:0.30666666666666664
MDDFactory:0.23666666666666666
MakumbaDataDefinitionFactory:0.22666666666666666
tableNew:0.21
TransactionImplementation:0.19
SingletonHolder:0.18333333333333332
mddNew:0.18333333333333332
MDDParserDiff:0.07333333333333333
MDDParserTest:0.013333333333333334
