SeqFeatureI:0.6233333333333333
SeqExport:0.43666666666666665
DrawableSeqFeature:0.39
SeqFeature:0.36333333333333334
SeqExportSelectionListener:0.20444444444444446
