OAuthService:0.7733333333333333
OAuth10aServiceImpl:0.15194444444444444
DefaultApi10a:0.1375
OAuth2ServiceImpl:0.13
TwitterExample:0.12333333333333334
EvernoteApi:0.12333333333333334
FoursquareExample:0.12333333333333334
GoogleApi:0.12333333333333334
LinkedInExample:0.12333333333333334
YahooExample:0.11
LinkedInApi:0.07988095238095237
TwitterApi:0.07988095238095237
YahooApi:0.07988095238095237
FoursquareApi:0.07988095238095237
VimeoApi:0.03666666666666667
YammerApi:0.03666666666666667
