Actor:0.53
Stage:0.43
Group:0.36666666666666664
Table:0.23666666666666666
Touchpad:0.2
ScrollPane:0.19333333333333333
Target:0.19
ClickListener:0.19
DragAndDrop:0.17333333333333334
Window:0.16
StageTest:0.12333333333333334
Source:0.09666666666666666
SelectList:0.07333333333333333
