PluginsService:0.6633333333333333
Builder:0.3566666666666667
Node:0.30333333333333334
PluginsServiceTests:0.22
