WebServiceAccessPanel:0.57
ConsoleSample:0.48222222222222216
TargetPanel:0.37166666666666665
