NameLabel:0.5233333333333333
Simulator:0.3933333333333333
TemporalFormula:0.3233333333333333
CTLTransitionMarker:0.16666666666666666
