SunshineRaytracer:0.53
Kernel:0.49666666666666665
Testumgebung:0.43666666666666665
TestRaytracer:0.17333333333333334
