MetadataEntityManagerImpl:0.5566666666666666
XMLBackupReader:0.4066666666666667
BusinessEntityManagerImpl:0.35333333333333333
CacheManager:0.3433333333333333
LoadTester:0.01
