Vector:0.53
API:0.41
APITest:0.17666666666666667
For1:0.15666666666666668
For8:0.13666666666666666
For3:0.11333333333333333
For6:0.10666666666666667
For5:0.1
For7:0.1
For2:0.09666666666666666
For4:0.09333333333333334
