RubyCore:0.5033333333333333
RubyScript:0.37666666666666665
RubyScriptProblemFinder:0.36333333333333334
CompletionProposal:0.31666666666666665
RubyCodeAnalyzer:0.14666666666666667
CompletionRequestor:0.1
ICodeAssist:0.013333333333333334
