TransportBroadcastByNodeAction:0.5166666666666667
TransportUpgradeAction:0.3466666666666667
AsyncAction:0.295
TransportIndicesStatsAction:0.21333333333333335
TransportClearIndicesCacheAction:0.16666666666666666
TransportUpgradeStatusAction:0.16666666666666666
TransportOptimizeAction:0.16666666666666666
TransportIndicesSegmentsAction:0.16666666666666666
TestTransportBroadcastByNodeAction:0.15666666666666668
TransportRecoveryAction:0.11666666666666667
