WorkspaceTreeControl:0.5133333333333333
GwtActivityStreamHelper:0.5
FilrActionsCtrl:0.4666666666666667
