MapServiceContextImpl:0.5633333333333334
NearCacheInvalidatorImpl:0.48333333333333334
NearCacheProvider:0.4266666666666667
LocalMapStatsProvider:0.4066666666666667
LocalMapOnDemandCalculatedStats:0.25388888888888883
MapMemoryUsageStressTest:0.15
MapRemoteService:0.06333333333333334
