ObjFactory:0.43
MetaCADEvaluatorEngine:0.4
ParsedTree:0.24666666666666667
MacroPrototype:0.20333333333333334
MetaCADContext:0.1866666666666667
MacroObj:0.08
