DomNode:0.6233333333333333
HTMLElement:0.29
HtmlOption:0.27666666666666667
DescendantElementsIterator:0.26666666666666666
Option:0.24333333333333335
HtmlSelect:0.21666666666666667
HTMLSelectElement:0.20333333333333334
HtmlScript:0.15
