EntityIndexUtils:0.46
BinderHelper:0.42333333333333334
SearchFilterToSearchBooleanConverter:0.29333333333333333
ObjectKeys:0.11944444444444442
