ExpressionUrlAuthorizationConfigurer:0.49
GlobalMethodSecurityConfiguration:0.4766666666666667
RoleHiearchyConfig:0.4033333333333333
AuthorizeRequestsTests:0.21
