StatementClient:0.5433333333333333
ResourceUtil:0.45777777777777773
ClientOptions:0.285
