Azure:0.7066666666666667
AzureAuthenticatorGenerateTokenAction:0.29333333333333333
AzureAuthenticatorAuthenticationEventExecutionPlanConfiguration:0.29333333333333333
