Value:0.3977777777777778
ResBunch:0.38
RobolectricTestRunnerSelfTest:0.29333333333333333
ParallelUniverse:0.29
QualifiersTest:0.24
