GrizzlyAsyncHttpProvider:0.3933333333333333
Pool:0.37333333333333335
ConnectionManager:0.3566666666666667
ProxyAwareConnectorHandler:0.29333333333333333
EventHandler:0.19966666666666666
SwitchingSSLFilter:0.1902777777777778
NonCachingPool:0.08
ConnectionMonitor:0.02666666666666667
