Default:0.6566666666666666
PoolStrategy:0.433
DescriptionStrategy:0.41
SuperTypeLoading:0.37
ExecutingTransformer:0.24666666666666667
AgentBuilderDescriptionStrategyTest:0.23666666666666666
AgentBuilderDefaultApplicationRedefineTest:0.22666666666666666
