MongoSocketException:0.5666666666666667
MongoExceptions:0.26666666666666666
