Metadata:0.6033333333333334
ConnectorMetadata:0.45366666666666666
HivePartition:0.43
HiveClient:0.31
ImportColumnHandle:0.22
AbstractTestHiveClient:0.21
NativeMetadata:0.20666666666666667
InMemoryMetadata:0.20666666666666667
MetadataManager:0.20333333333333334
TpchMetadata:0.19666666666666666
ClassLoaderSafeImportClient:0.19333333333333333
CachingHiveMetastore:0.16666666666666666
ImportMetadata:0.15666666666666668
SplitManager:0.14833333333333334
InformationSchemaData:0.14
ImportClient:0.1308730158730159
MockImportClientFactor:0.09333333333333334
UnpartitionedPartition:0.0
