UpdateRequest:0.63
SimpleVersioningIT:0.305
VersionTypeTests:0.2866666666666667
UpdateIT:0.25333333333333335
BulkWithUpdatesIT:0.22
UpdateHelper:0.17333333333333334
