Tds:0.6433333333333333
Procedure:0.33
PreparedStatement_base:0.31333333333333335
PerformanceTest:0.26
ParameterUtils:0.23666666666666666
EscapeProcessor:0.22666666666666666
