Transaction:0.69
ObjectImporter:0.42333333333333334
Logic:0.31333333333333335
QueryExecution:0.23333333333333334
delete:0.20666666666666667
HtmlTableImporter:0.19333333333333333
ptrEditor:0.18333333333333332
ComposedQuery:0.16333333333333333
DbConnectionProvider:0.14666666666666667
MultipleAttributeParametrizer:0.12
AttributeParametrizer:0.06666666666666667
DataTransformer:0.0
