Internal:0.5766666666666667
Http2Stream:0.47
CallTest:0.37333333333333335
Http2Server:0.2966666666666667
Http2ConnectionTest:0.27666666666666667
RealConnection:0.26
MockWebServer:0.21333333333333335
Http1Codec:0.19666666666666666
HttpCodec:0.19031746031746033
FramedSocketHandler:0.18833333333333332
Http2Codec:0.12666666666666668
CallServerInterceptor:0.09333333333333334
