URISet:0.30666666666666664
RegExpFilter:0.30333333333333334
UURI:0.22055555555555562
Filter:0.18333333333333332
NormalizedURIString:0.15333333333333332
CrawlURI:0.15333333333333332
CrawlHost:0.0
