IndexShard:0.8666666666666667
TranslogRecoveryPerformer:0.43333333333333335
InternalEngine:0.25666666666666665
IndexShardTests:0.056666666666666664
RecoveryTarget:0.03
ClusterStateObserver:0.016666666666666666
