AbstractReteMatch:0.7327777777777779
SequenceOperatorPathChecker:0.39277777777777784
