EventBus:0.8166666666666667
PendingPostQueue:0.3333333333333333
BackgroundPoster:0.17
