ReportEvents:0.6433333333333333
Hit:0.3888888888888889
