DocumentManager:0.6633333333333333
LayoutFrame:0.49
Options:0.38333333333333336
PrintBorderOverlay:0.16
PrintBorderAction:0.06666666666666667
