Mouse:0.5466666666666666
WindowsDisplay:0.49166666666666664
