QueueContainer:0.7466666666666667
TxnReservePollOperation:0.4
ClientTxnQueueTest:0.19333333333333333
TransactionQueueTest:0.18
