EntityTab:0.44666666666666666
TabConverter:0.4033333333333333
XavaSuite:0.20333333333333334
TransportCharges2Test:0.18
