HttpTransportSettings:0.801
Netty4HttpServerTransport:0.7805555555555556
Netty4Plugin:0.31333333333333335
