DefaultStepFunction:0.5980952380952381
BackTrackLineSearch:0.45666666666666667
NegativeDefaultStepFunction:0.35833333333333334
