ESSearchNode:0.4766666666666667
JobExecutorTest:0.37166666666666665
TransportExecutorTest:0.3233333333333333
ProjectionToProjectorVisitor:0.19
PlanVisitor:0.17
ProjectionToProjectorVisitorTest:0.11111111111111109
Visitor:0.11
