QedeqBo:0.7466666666666667
DefaultKernelQedeqBo:0.5066666666666667
StateManager:0.38666666666666666
DefaultInternalKernelServices:0.27
DefaultKernelQedeqBoTest:0.2633333333333333
GenerateLatexTest:0.19333333333333333
ModuleEventListenerLog:0.16333333333333333
