CertificateStoreSessionLocal:0.5561111111111111
CAAdminSessionBean:0.49333333333333335
ProtocolScepHttpTest:0.4
CertificateStoreSessionBean:0.26666666666666666
