InternalMax:0.8133333333333334
InternalMinTests:0.4261111111111111
