OsgiServiceCollection:0.8633333333333333
MultiServiceProxyFactoryBeanTest:0.23333333333333334
