IcalCrawler:0.7212222222222222
DataObjectFactory:0.4633333333333333
