ImageSearch:0.4909444444444445
DicomCFindFilter:0.44333333333333336
SeriesBean:0.43333333333333335
MaxAgeFilter:0.2733333333333333
