ParquetColumnReader:0.39666666666666667
ParquetReader:0.37333333333333335
ParquetDictionaryReader:0.2866666666666667
ParquetDictionaryPage:0.28
ParquetCompressionUtils:0.24333333333333335
ParquetTester:0.20333333333333334
ParquetBinaryColumnReader:0.20277777777777778
ParquetColumnChunkDescriptor:0.18
ParquetPageReader:0.13
