Structure:0.68
TestLibrary:0.5578333333333333
ReturnTypesTest:0.31
Function:0.26666666666666666
