SourceRoot:0.5415714285714286
Source:0.51
ClassInfo:0.4066666666666667
JVM:0.39
TestDataChoiceJPF:0.21833333333333332
ConsolePublisher:0.20333333333333334
Reporter:0.19
TestAnnotationPropertiesJPF:0.18666666666666668
XMLPublisher:0.17
SourceRef:0.16
JarRoot:0.016666666666666666
DirRoot:0.006666666666666667
