Data:0.43333333333333335
PortableTest:0.2966666666666667
SerializationConfig:0.29
SerializationServiceImpl:0.2733333333333333
SerializationServiceBuilder:0.25666666666666665
DataAdapter:0.23666666666666666
Externalizer:0.19166666666666668
ObjectDataTest:0.16333333333333333
CustomSerializationTest:0.11333333333333333
ObjectSerializer:0.02
GroupProperties:0.0
