HtmlPage:0.7466666666666667
FrameWindow:0.4866666666666667
FrameTest:0.24
