RandomScopeSelectionStrategy:0.19333333333333333
BeginEndAvailRandSelectionStrategy:0.18333333333333332
BeginAvailRandSelectionStrategy:0.18333333333333332
