JCPToolBar:0.7646666666666667
AbstractJChemPaintPanel:0.4066666666666667
