ReplaySession:0.53
ReplaySessionTest:0.4033333333333333
ArchiveConductor:0.3455555555555555
