TransportSQLActionTest:0.3977777777777778
CreateBlobTableAnalysis:0.31333333333333335
AnalysisVisitor:0.30666666666666664
DropBlobTableStatementAnalyzer:0.23666666666666666
DDLAnalysisDispatcher:0.22666666666666666
CreateBlobTableStatementAnalyzer:0.22
AnalyzerDispatcher:0.20666666666666667
BlobIndices:0.11666666666666667
