ScriptingConsoleView:0.5627777777777778
JsConsoleView:0.39666666666666667
