JedisCluster:0.42333333333333334
BinaryJedis:0.25333333333333335
BinaryRedisPipeline:0.19916666666666666
BinaryJedisCommands:0.19916666666666666
JedisCommands:0.19916666666666666
RedisPipeline:0.19916666666666666
BinaryShardedJedis:0.19666666666666666
