UserTypeFormat:0.8133333333333334
MultipleSelectFromListTag:0.24666666666666667
