RxDataUtils:0.5033333333333333
Builder:0.38
RxUtils:0.2633333333333333
RxDeviceUtils:0.24944444444444447
RxImageUtils:0.24
RxActivityUtils:0.23666666666666666
RxDialogSure:0.22633333333333336
RxTimeUtils:0.21
RxTitle:0.20666666666666667
RxDialogWheelYearMonthDay:0.20333333333333334
RxKeyboardUtils:0.17
ActivitySplash:0.16
RxLocationUtils:0.15333333333333332
ActivityPopupView:0.13666666666666666
ActivityRxCaptcha:0.13666666666666666
ActivityTextUtils:0.12666666666666668
