WFCommonLogic:0.4533333333333333
ProcessDefinitionLoader:0.25666666666666665
TasklistBuilder:0.23
TaskAssigner:0.20666666666666667
IProcessDefinitionLoader:0.13722222222222222
