Shape:0.6066666666666667
EdgeSignatureStore:0.38333333333333336
HostFactory:0.31583333333333335
ShapeGraph:0.26666666666666666
TypeEdgeMap:0.25666666666666665
ShapeCache:0.19666666666666666
TypeGraph:0.19333333333333333
TreeHashSet:0.18333333333333332
ShapeJaxbGxlIO:0.17333333333333334
ShapeStore1:0.17
ShapeStore2:0.17
GraphNeighEquiv:0.13666666666666666
