StringUtils:0.7266666666666667
JMXConnectionWrapper:0.35333333333333333
MultipleBuffersInputStream:0.27
MultipleBuffersOutputStream:0.2633333333333333
