Style:0.8416666666666667
SyntenyLinkPanel:0.2866666666666667
