RuntimeEnvironment:0.6966666666666667
Repository:0.43
HistoryGuru:0.24805555555555558
JavaClassAnalyzer:0.23666666666666666
Indexer:0.22444444444444447
RazorHistoryParser:0.16666666666666669
SearchEngine:0.16666666666666666
ClearCaseHistoryParser:0.12333333333333334
