DefaultRecordStore:0.42333333333333334
ClientMapNearCacheTest:0.38333333333333336
NearCacheTest:0.36
RingbufferContainer:0.3233333333333333
QueueContainer:0.31333333333333335
AbstractHazelcastClassRunner:0.2633333333333333
TestQueueStore:0.25
NearCacheDataRecordStore:0.19333333333333333
NearCacheObjectRecordStore:0.12666666666666668
