MigrationListener:0.63
ItemEvent:0.47333333333333333
PartitionManager:0.42333333333333334
MProxyReal:0.30333333333333334
ProcessMigrationResult:0.25666666666666665
TestMigrationListener:0.22166666666666668
MigrationNotification:0.22
ConcurrentMapManager:0.2175
ListenerManager:0.20833333333333334
ClusterBackupTest:0.20333333333333334
BlockingQueueManager:0.19
PartitionServiceImpl:0.17333333333333334
ClusterTest:0.17333333333333334
MigrationCompletionLatch:0.1515
QueueItemListenerManager:0.12333333333333334
LostPartitionsAssignmentProcess:0.11333333333333333
ItemListenerManager:0.1
DataAwareItemEvent:0.09666666666666666
Migrator:0.07
