Api:0.8633333333333333
OAuthConfig:0.4033333333333333
OAuth10aServiceImpl:0.24777777777777782
OAuthService:0.205
DefaultApi10a:0.20333333333333334
ServiceBuilder:0.2
ServiceBuilderTest:0.16666666666666666
OAuth20ServiceImpl:0.16333333333333333
ApiMock:0.1
DefaultApi20:0.08
OAuthConfigTest:0.07333333333333333
