Client:0.5733333333333334
Jedis:0.51
BinaryJedis:0.34
AllKindOfValuesCommandsTest:0.25666666666666665
