MockHttpServletRequest:0.6533333333333333
PortResolver:0.53
AuthenticationProcessingFilterEntryPointTests:0.4166666666666667
AuthenticationProcessingFilterEntryPoint:0.3466666666666667
SecurityEnforcementFilter:0.28
SecurityEnforcementFilterTests:0.17666666666666667
PortMapperImplTests:0.15666666666666668
PortMapper:0.11666666666666667
PortResolverImplTests:0.09666666666666666
PortResolverImpl:0.042777777777777776
PortMapperImpl:0.03666666666666667
MockPortResolver:0.016666666666666666
