ExecutorDAOHibernateImpl:0.6083333333333333
JbpmDefinitionLogic:0.4533333333333333
SecuredObjectDAOHibernateImpl:0.34222222222222226
