IssueService:0.7633333333333333
IssueServiceImpl:0.4533333333333333
ReminderNotification:0.29
ItrackerBaseAction:0.2544444444444445
NotificationServiceImpl:0.25333333333333335
UserServiceImpl:0.21666666666666667
UserService:0.19916666666666666
