ServiceData:0.5666666666666667
DefaultRegisteredServiceMapper:0.3811111111111111
RegisteredServiceViewBean:0.37333333333333335
