SyncParameterConstants:0.51
DirectoryChangeTracker:0.48
SyncJob:0.335
DirectorySpecSnapshot:0.31666666666666665
FileChange:0.2833333333333333
ITransportConnector:0.24166666666666667
AbstractTransportConnector:0.24166666666666667
DirectoryChangeTrackerTest:0.16666666666666666
DirectorySpecSnasphotUpdater:0.16666666666666666
LocalTransportConnector:0.15
SyncConfigCollection:0.14
SyncJobTest:0.13
