Robolectric:0.64
PendingIntentTest:0.32666666666666666
ShadowPendingIntent:0.2633333333333333
