JUnit4TestEngineDiscoveryTests:0.68
RunnerTestDescriptor:0.44166666666666665
JUnit4TestPlanSpecificationResolver:0.20166666666666666
OrFilter:0.16333333333333333
