InsertQuery:0.6
jOOQAbstractTest:0.3933333333333333
F:0.3566666666666667
InsertQueryImpl:0.26666666666666666
InsertSetStep:0.255
StoreQuery:0.255
LoaderImpl:0.22666666666666666
UpdateImpl:0.17
MergeImpl:0.16333333333333333
InsertImpl:0.13333333333333333
UpdateSetStep:0.12666666666666668
MergeMatchedSetStep:0.12666666666666668
InsertOnDuplicateSetStep:0.12666666666666668
AbstractStoreQuery:0.11333333333333333
