CurrentBuildStatusPublisher:0.8066666666666666
CurrentBuildStatusBootstrapper:0.6966666666666667
