R:0.5466666666666666
RConsoleView:0.39666666666666667
TextR:0.36333333333333334
JsPluginable:0.11333333333333333
