ConcordancesEditor:0.37666666666666665
LineLabelProvider:0.32
VocabularyEditor:0.3
ViewPropertySelection:0.29
LexicalTableEditor:0.2733333333333333
