TestFiles:0.41777777777777775
Files:0.395
MyCustomObject:0.24
TestXml:0.215
TestHtml:0.18
HtmlDocumentFormat:0.03333333333333333
HtmlCustomDocumentHandler:0.03
