Vector:0.5961666666666666
Vector3:0.43
Vector2:0.42
Vector2dTest:0.22333333333333333
