PluginInfo:0.6133333333333333
PluginsService:0.4766666666666667
SimpleNodesInfoTests:0.42333333333333334
Fields:0.11944444444444442
