BMechBuilder:0.5133333333333333
MethodsPane:0.46
MethodPropertiesDialog:0.43333333333333335
