VehicleMission:0.52
Mission:0.49
RescueSalvageVehicle:0.29333333333333333
Exploration:0.255
Trade:0.255
CollectResourcesMission:0.25333333333333335
BiologyStudyFieldMission:0.23666666666666666
AreologyStudyFieldMission:0.23666666666666666
EmergencySupplyMission:0.23666666666666666
BuildingSalvageMission:0.22333333333333333
Mining:0.21333333333333335
TravelToSettlement:0.20666666666666667
VehicleMapLayer:0.20666666666666667
BuildingConstructionMission:0.2
MissionPhase:0.19666666666666666
InfoPanel:0.17666666666666667
