TrackbackPlugin:0.7886111111111112
CommentPlugin:0.5736666666666667
