QueryExecution:0.49
QueryTag:0.31166666666666665
FormTagBase:0.2916666666666667
ValueComputer:0.18666666666666668
QueryValueComputer:0.15333333333333332
