InternalContext:0.7033333333333334
MembersInjectorImpl:0.38333333333333336
ConstructorInjector:0.25333333333333335
