Content:0.47333333333333333
Localized:0.46
VirtualFile:0.42
Node:0.41
Group:0.39
Role:0.38333333333333336
User:0.35333333333333333
SitemapNode:0.33
Variant:0.3233333333333333
ContentLocalizationMap:0.31
Parameter:0.30666666666666664
PIRecord:0.2866666666666667
FilterRule:0.23666666666666666
ShopVariant:0.23
ShopContent:0.23
View:0.23
AbstractAggregation:0.22666666666666666
AbstractRegexVersioned:0.22666666666666666
AbstractImageGroup:0.22333333333333333
StoreContent:0.22333333333333333
CommandMatcher:0.22333333333333333
Filter:0.22333333333333333
AbstractRegexVersionedCounter:0.22333333333333333
CountryPerVisitAggregation:0.21666666666666667
Price:0.21666666666666667
StoreVariant:0.21333333333333335
AbstractBasicContent:0.21333333333333335
TaxGroup:0.21
CountryPerPIRecordAggregation:0.21
CommandBuilder:0.21
CMSContent:0.20666666666666667
ShopSettings:0.20333333333333334
SelectionAttribute:0.2
AbstractAttribute:0.2
FilterMatches:0.2
AbstractBasicVariant:0.19666666666666666
AbstractValue:0.19666666666666666
AbstractRegexVersionedCounterAggregation:0.19333333333333333
TechnicalInformationViewControllerResultData:0.18666666666666668
ScreenResolutionPerVisitAggregation:0.18166666666666667
Page:0.17666666666666667
ViewInfo:0.17666666666666667
AbstractUserBase:0.17666666666666667
PIRecordCountAggregation:0.17666666666666667
ContentInfo:0.17333333333333334
Permission:0.17311111111111113
Selection:0.16777777777777778
AbstractTreeElement:0.16666666666666666
StoreContentImageGroup:0.16599999999999998
AbstractSummaryDescriptionContent:0.16
AbstractSummaryDescriptionVariant:0.15333333333333332
AbstractTreeAggregation:0.15333333333333332
AbstractBasicEntity:0.14333333333333334
