HtmlTextArea:0.5183333333333333
HTMLFormElementTest:0.47333333333333333
HTMLFormElement:0.41333333333333333
