Encoder:0.5666666666666667
ReedSolomonDecoder:0.3933333333333333
ReedSolomonEncoder:0.2
Decoder:0.18666666666666668
ReedSolomonEncoderQRCodeTestCase:0.16666666666666666
AbstractReedSolomonTestCase:0.12333333333333334
