TypeDescription:0.6366666666666667
ConstructorStrategy:0.275
AbstractTypeDescriptionTest:0.24666666666666667
AbstractBase:0.22666666666666666
ConstructorStrategyDefaultTest:0.21666666666666667
SubclassDynamicTypeBuilder:0.15555555555555556
ExecutionStatusTest:0.15
WithMethodAttributeAppenderFactory:0.1
ForDefaultConstructor:0.07666666666666666
