GwtTeamingMessages:0.7497222222222222
RequestInfo:0.3611507936507936
GwtMainPage:0.3
MastHead:0.28777777777777774
ViewPermalinkController:0.24777777777777782
