DefaultIndexDefinition:0.6533333333333333
DocumentAnalyzer:0.5533333333333333
IndexManager:0.29
IndexException:0.11888888888888888
