AbstractInteropTest:0.5991666666666666
Http2ClientStreamTransportState:0.4166666666666667
AbstractConfigurationBuilder:0.37
