STLObject:0.6733333333333333
RepRapBuild:0.3933333333333333
PreviewPanel:0.29
Offsets:0.09666666666666666
