DummyGraphics:0.58
ClientWrapper:0.3080555555555556
DOMExceptionImpl:0.29333333333333333
ParseTest:0.26111111111111107
EditorXMLDFHandler:0.24666666666666667
ScriptHelper:0.23333333333333334
NumericReadoutRenderer:0.23
ClientXMLDFHandler:0.21333333333333335
ScenarioPlugin:0.21
ScenarioManagerImpl_2Test:0.19666666666666666
NumericFormatter:0.17333333333333334
CSSOMParseTest:0.1165952380952381
