Cell:0.49666666666666665
Table:0.3433333333333333
Stage:0.32083333333333336
BaseTableLayout:0.27
Stack:0.25277777777777777
Window:0.21333333333333335
TableLayout:0.2
