VanillaChronicleHash:0.5991666666666666
DirectBytesBuffer:0.475
CharSequenceWriter:0.41333333333333333
