TableView:0.65
EntityTableModel:0.6433333333333333
Filter:0.31555555555555553
