ContextList:0.58
ContextListWidget:0.37333333333333335
ReportValidate:0.27666666666666667
Output:0.24333333333333335
ReportView:0.23333333333333334
EditView:0.18333333333333332
ReportRelatives:0.15333333333333332
ReportSameValues:0.14
ReportCommonAncestor:0.13
Model:0.08333333333333333
ActionSave:0.056666666666666664
