JavaGenerator:0.62
SakilaReportService:0.3466666666666667
SQLSchemaVersionProvider:0.19333333333333333
SQLCatalogVersionProvider:0.19333333333333333
