PlanMatchPattern:0.7366666666666667
GroupReference:0.44
PlanMatchingVisitor:0.22
ExtendProjectionRewriter:0.12333333333333334
