BasicFolderForm:0.515
QueryStudiesCmd:0.49666666666666665
FolderSubmitCtrl:0.41333333333333333
