FancyBlockingQueue:0.4066666666666667
ParallelWrapper:0.3933333333333333
CudaGradientsAccumulator:0.3433333333333333
SharedTrainingWrapper:0.24666666666666667
SilentTrainingDriver:0.24333333333333335
