ARINCModelFactory:0.49666666666666665
MapContextSource:0.37833333333333335
ServerMessageProcessor:0.30666666666666664
ProtocolInputDecoder:0.30666666666666664
EditBoxNumericRenderer:0.22
