GenericService:0.43333333333333335
GenericCorporateService:0.18333333333333332
Rack:0.043333333333333335
VoiceService:0.016666666666666666
DDF:0.016666666666666666
CorporativeCustomer:0.016666666666666666
ODF:0.016666666666666666
GenericCommunicationsPort:0.016666666666666666
XDSLService:0.016666666666666666
PowerPort:0.016666666666666666
GenericPort:0.016666666666666666
OpticalPort:0.0
VirtualPort:0.0
MobileDataService:0.0
RackType:0.0
SONETService:0.0
SDHService:0.0
ElectricalPort:0.0
GenericCustomer:0.0
GenericHomeService:0.0
Contractor:0.0
DistributionFrameType:0.0
VoIPService:0.0
PhysicalContainerType:0.0
CableTVService:0.0
GigaEthernetService:0.0
PDHService:0.0
FTTHService:0.0
CableDataService:0.0
