MetaModel:0.8166666666666667
Generators:0.31222222222222223
PropertyPG:0.1761111111111111
XHibernate:0.16944444444444445
PojoPG:0.16333333333333333
FastSizeList:0.12666666666666668
HibernatePG:0.12333333333333334
DefaultValueCalculatorsListener:0.12
DefaultValueIdentifierGenerator:0.03
ReferenceConverterToDBListener:0.013333333333333334
