IDescriptorResult:0.63
DescriptorResult:0.5033333333333333
TestQsarManager:0.31
DummyCalculator:0.19333333333333333
