AdminModule:0.92
AjaxController:0.3333333333333333
AbstractAdminModule:0.3
ManageRuntimeStatisticsController:0.20666666666666667
WebKeys:0.043333333333333335
