JUnit38ClassRunner:0.45
ParameterSignature:0.37
AllTests:0.24476190476190476
ParameterSignatureTest:0.22666666666666666
OldTestClassAdaptingListener:0.2061111111111111
ClassRequest:0.18
