ComponentType:0.5855555555555555
TypeHelper:0.4666666666666667
DefaultMergeEventListener:0.33
