ClientMessage:0.6733333333333333
AbstractMessageTask:0.3433333333333333
ParameterFlyweight:0.2833333333333333
Flyweight:0.2633333333333333
CallbackImpl:0.245
AbstractPartitionMessageTask:0.13
AbstractCallableMessageTask:0.11666666666666667
ClientMessageBuilder:0.08
RawProtocolTest:0.03333333333333333
ClientMessageAccumulatorTest:0.013333333333333334
