MasterSlaveConnectionManager:0.35
SentinelConnectionManager:0.31333333333333335
ClusterConnectionManager:0.21
BaseConfig:0.2
ElasticacheConnectionManager:0.17666666666666667
