NBrowseApplet:0.7383333333333333
NBrowseFrame:0.33666666666666667
