CVS:0.31
Vss:0.26666666666666666
ClearCase:0.21944444444444447
MKS:0.21944444444444447
P4:0.21833333333333332
PVCS:0.19944444444444445
AntBuilder:0.19944444444444445
VssBootstrapper:0.18444444444444444
CVSBootstrapper:0.18444444444444444
