SimpleReactions:0.6783333333333333
SMARTCYPRuleRank1:0.32666666666666666
AromaticAmineSubstituentsDescriptor:0.24666666666666667
