ResourceIndex:0.6661111111111111
ResourceExtractor:0.4866666666666667
OverlayResourceIndex:0.3933333333333333
MergedResourceIndex:0.26
