ERDesignerGraph:0.7166666666666667
ERDesignerComponent:0.4672222222222222
MyMouseHandler:0.09
