Articles:0.7944444444444445
LuceneArticleIterator:0.4422222222222223
