RecordReaderMultiDataSetIterator:0.5066666666666667
GravesLSTM:0.4266666666666667
Builder:0.20333333333333334
RecordReaderMultiDataSetIteratorTest:0.15
