JFXLayerRenderer:0.30333333333333334
JFXMapItemSymbolBlinkingTest:0.28
ScrollPanelRenderer:0.23666666666666666
WatchDogRenderer:0.23666666666666666
PopUpMenuButtonRenderer:0.22666666666666666
MapItemsPaneRenderer:0.215
JFXMapRenderer:0.21333333333333335
SizeToFitContainerRenderer:0.21333333333333335
JFXMutuallyExclRendererTest:0.18166666666666664
TabPanelRenderer:0.17333333333333334
JFXPopupMenuButtonTest:0.17333333333333334
JFXPanelRendererTest:0.16666666666666666
DefaultVerticalSizedRenderer:0.16666666666666666
JFXTranslationContainerRendererTest:0.16666666666666666
JFXRotationContainerRendererTest:0.16666666666666666
JFXBasicContainerRendererTest:0.16666666666666666
JFXTabbedPanelGroupRendererTest:0.16555555555555554
JFXSizeToFitContainerRendererTest:0.16555555555555554
JFXRadioBoxRendererTest:0.15333333333333332
JFXPopupMenuTest:0.15333333333333332
JFXMaskRendererTest:0.15333333333333332
ShuffleToFitContainerRenderer:0.14666666666666667
MapSourceRenderer:0.11333333333333333
BlinkingTask:0.09333333333333334
