DefaultAccess:0.6533333333333333
FedoraAccessServlet:0.4744444444444444
