DatastreamBindingTableModel:0.5466666666666666
DatastreamBindingPane:0.3466666666666667
CurrentVersionPane:0.30333333333333334
SingleKeyBindingPanel:0.23333333333333334
DisseminatorPane:0.23
