LocusBeanImpl:0.39666666666666667
Locus_Hits:0.27
AddAllele:0.25666666666666665
Hit:0.21333333333333335
AlleleBeanTest:0.19333333333333333
DisplayAllele:0.18966666666666665
