CSWEBRIMSOAPServiceStub:0.9066666666666666
CSWEBRIMSOAPServiceTest:0.25333333333333335
