UserExt:0.6880000000000001
Option:0.4666666666666667
OptionQueryService:0.2833333333333333
Filler:0.24666666666666667
UserMgmtService:0.20666666666666667
SymphonyServletListener:0.19
LoginProcessor:0.1675
InitProcessor:0.16333333333333333
