AbstractClientInternalCacheProxy:0.4866666666666667
ClientNearCacheTest:0.35333333333333333
ClientNearCacheTestSupport:0.20666666666666667
