Criteria:0.6033333333333334
FilterTest:0.3566666666666667
InlineFilterTest:0.2633333333333333
