ParameterConstants:0.45876587301587307
AbstractDatabasePlatform:0.45
IDatabasePlatform:0.3566666666666667
DefaultDataLoaderFactory:0.31
DefaultDatabaseWriter:0.28800000000000003
StructureDataWriter:0.25333333333333335
DatabaseWriterSettings:0.2
