A:0.6433333333333333
FieldInfo:0.33666666666666667
ASMSerializerFactory:0.25333333333333335
ParserConfig:0.23333333333333334
ASMUtils:0.18
SerializeConfig:0.17
IA:0.10333333333333333
Issue183:0.08
