MoreLikeThisQuery:0.6866666666666666
Fields:0.5496507936507937
MoreLikeThisQueryBuilder:0.33
MoreLikeThisQueryParser:0.22333333333333333
