NetworkParameters:0.5833333333333334
Wallet:0.485
MainNetParams:0.42333333333333334
