AbstractCasWebflowConfigurer:0.7163333333333335
WsFederationWebflowConfigurer:0.31166666666666665
