YubiKeyMultifactorProperties:0.33666666666666667
U2FMultifactorProperties:0.3333333333333333
GAuthMultifactorProperties:0.3333333333333333
AzureMultifactorProperties:0.31333333333333335
AuthyMultifactorProperties:0.31333333333333335
CasServerProfileRegistrar:0.30333333333333334
SwivelMultifactorProperties:0.28
CasReportsConfiguration:0.2594444444444444
RadiusMultifactorProperties:0.21666666666666667
CasDiscoveryProfileConfiguration:0.10333333333333333
SwivelMultifactorAuthenticationProvider:0.09333333333333334
YubiKeyMultifactorAuthenticationProvider:0.07333333333333333
AuthyMultifactorAuthenticationProvider:0.043333333333333335
AzureAuthenticatorMultifactorAuthenticationProvider:0.04
GoogleAuthenticatorMultifactorAuthenticationProvider:0.04
U2FMultifactorAuthenticationProvider:0.04
ServerDiscoveryProfileConfiguration:0.016666666666666666
