Grammar:0.66
GrammarRootAST:0.45
Tool:0.30333333333333334
BaseTest:0.21
LeftRecursiveRuleAnalyzer:0.20333333333333334
GrammarTransformPipeline:0.1788888888888889
