CorpusManager:0.37333333333333335
Header:0.3566666666666667
Partition:0.3377777777777778
Vector:0.3
Specificites:0.28
QuantitativeDataStructure:0.06666666666666667
CqpQueryConstant:0.0
QueryFocus:0.0
