DistributedObjectDestroyedException:0.31666666666666665
ClientConditionProxy:0.24333333333333335
ProxyServiceImpl:0.22666666666666666
ConditionSignalAllMessageTask:0.20333333333333334
LockIsLockedByCurrentThreadMessageTask:0.12666666666666668
ConditionSignalMessageTask:0.12666666666666668
LockLockMessageTask:0.12666666666666668
LockIsLockedMessageTask:0.12666666666666668
LockForceUnlockMessageTask:0.12666666666666668
LockUnlockMessagetask:0.12666666666666668
ConditionAwaitMessageTask:0.12666666666666668
LockGetLockCountMessageTask:0.12666666666666668
LockTryLockMessageTask:0.12666666666666668
LockGetRemainingLeaseTimeMessageTask:0.12666666666666668
