TabEntry:0.4683333333333333
AjaxController:0.4
Tabs:0.39666666666666667
AdvancedSearchController:0.2733333333333333
ViewEntryController:0.1925
