TimePickerLayout:0.6213333333333334
DialogsFragment:0.561111111111111
