Visitor:0.5224444444444444
JoinProbeCompiler:0.4866666666666667
TestHashJoinOperator:0.4
