Lwjgl3GL20:0.4633333333333333
Lwjgl3Window:0.364
Lwjgl3Application:0.33066666666666666
Lwjgl3Graphics:0.32
OpenALAudio:0.26199999999999996
Lwjgl3Controller:0.24361111111111114
Lwjgl3Input:0.20111111111111113
Lwjgl3ControllerManager:0.16
GlfwTest:0.14
AwtTestLWJGL:0.1
