SarosSession:0.44333333333333336
ISarosSession:0.41333333333333333
SPath:0.21
SPathDataObject:0.20666666666666667
SarosProjectMapper:0.19666666666666666
OutgoingInvitationProcess:0.17333333333333334
