SynonymsLibrary:0.43333333333333335
DicLibrary:0.43333333333333335
StopLibrary:0.30333333333333334
TestToken:0.18
AmbiguityLibrary:0.17
CrfLibrary:0.14
