MoleculesPage:0.6766666666666666
QSARBuilder:0.39666666666666667
ConfirmRunnable:0.2977777777777778
