WifiResultHandler:0.5216666666666666
CaptureActivity:0.4766666666666667
ResultHandlerFactory:0.3466666666666667
