LocusTable:0.87
AddUpdateHistory:0.6733333333333333
UpdateLocus:0.30666666666666664
LocusTableTest:0.19666666666666666
