TriangulatedIrregularNetwork:0.5752222222222223
TinStyle:0.53
TinFace:0.48333333333333334
ImmutableTin:0.39
TinRenderer:0.23666666666666666
JTFReader:0.18333333333333332
JTFWriter:0.15
BasicTinStyle:0.15
TinFaceStyle:0.13666666666666666
TinLayer:0.12
TinFileLayerLoader:0.09333333333333334
TinLineStyle:0.09
OpenDefaultTestTinPlugin:0.08666666666666667
JTFLayout:0.07055555555555557
TinExtension:0.04833333333333334
DataSourceFileLayerLoader:0.04
InstallTinPlugIn:0.0
TinRendererFactory:0.0
