Shape:0.6186666666666667
PolygonShape:0.4766666666666667
Fixture:0.3333333333333333
CircleShape:0.30333333333333334
