ConnectorManager:0.4766666666666667
AccessControlManager:0.37333333333333335
CatalogAccessControlEntry:0.37
LegacyConnectorAccessControl:0.23333333333333334
