PredictionContext:0.39666666666666667
SingletonPredictionContext:0.31222222222222223
TestGraphNodes:0.29
ATNConfigSet:0.26
EmptyPredictionContext:0.20944444444444443
ArrayPredictionContext:0.19666666666666666
ParserATNSimulator:0.19333333333333333
LL1Analyzer:0.12333333333333334
