MPPSScpService:0.5116666666666667
MPPSManagerBean:0.47
XSLTUtils:0.2464444444444444
