ClassInfo:0.41333333333333333
DexNode:0.37333333333333335
FieldInfo:0.30666666666666664
MethodInfo:0.23333333333333334
NameGen:0.23
Deobfuscator:0.22888888888888886
InfoStorage:0.22
ClassGen:0.20650000000000002
MethodGen:0.18
RootNode:0.15
