Server:0.6433333333333333
Rebuild:0.4258333333333333
ResourceIndexModule:0.2866666666666667
ResourceIndexRebuilder:0.2833333333333333
RebuildServer:0.20333333333333334
