Messages:0.6686666666666666
RubyProject:0.48
RubyModelStatus:0.47333333333333333
IRubyModelStatusConstants:0.04666666666666667
