Employee:0.43333333333333335
VLAN:0.15666666666666668
GenericAddress:0.13333333333333333
VPN:0.13333333333333333
GenericLogicalElement:0.10333333333333333
