PrivSeriesModel:0.4166666666666667
PrivStudyModel:0.38666666666666666
PrivInstanceModel:0.36
PrivPatientModel:0.28
MessageWindow:0.26666666666666666
ModalityWorklistPanel:0.26666666666666666
ConfirmationWindow:0.26
TrashListPage:0.22333333333333333
StudyListPage:0.21
MessageWindowPanel:0.19666666666666666
PrivSelectedEntities:0.18333333333333332
ImageSelectionWindow:0.11333333333333333
AEListPanel:0.06666666666666667
