CliConfig:0.55
Target:0.37
CliParser:0.34
Stop:0.2611111111111111
CliParserTest:0.24
CliConfigTest:0.17
TemporaryJobs:0.15333333333333332
MasterResolutionFailureMessageTest:0.08333333333333333
