MultiLayerTestRNN:0.43333333333333335
NesterovsUpdater:0.37833333333333335
Dropout:0.37833333333333335
