ApprovalDataVO:0.41333333333333333
Approval:0.41
ApprovalRequest:0.4033333333333333
BasicMatch:0.40222222222222226
Query:0.38333333333333336
LocalAuthorizationSessionBean:0.29333333333333333
ApprovalDataBean:0.2866666666666667
LocalApprovalSessionBean:0.2833333333333333
DummyApprovalRequest:0.24666666666666667
TestApprovalSession:0.19
TestCAs:0.14666666666666667
TestLog:0.14
TestApprovalRequest:0.12611111111111112
TestApproval:0.06666666666666667
AdminAlreadyApprovedRequestException:0.01
