EditServiceManagedBean:0.35
CaTestCase:0.30666666666666664
BaseWorkerType:0.2733333333333333
CertificateExpireTest:0.25666666666666665
IWorker:0.254
CertificateExpirationNotifierWorker:0.18
