ChoiceWidget:0.4802777777777777
TextFieldWidget:0.4766666666666667
TextAreaWidget:0.42333333333333334
