SpecialPermission:0.48333333333333334
Access:0.46
PainlessScriptEngineService:0.23333333333333334
HdfsRepository:0.18666666666666668
SpecialPermissionTests:0.17333333333333334
ExpressionScriptEngineService:0.16333333333333333
HdfsBlobStore:0.15666666666666668
TikaImpl:0.11
SocketAccess:0.10666666666666667
MustacheScriptEngineService:0.09916666666666667
