Context:0.48
DefaultDSLContext:0.35
DSLContext:0.3466666666666667
DAO:0.2833333333333333
ExecuteContext:0.26666666666666666
RecordContext:0.24666666666666667
VisitContext:0.24333333333333335
AbstractContext:0.24
TransactionContext:0.23777777777777775
DefaultVisitContext:0.21916666666666668
DefaultExecuteContext:0.1836111111111111
DefaultRecordContext:0.18
DefaultTransactionContext:0.1602777777777778
