GwtTeamingMessages:0.7233333333333334
LdapSyncResults:0.4633333333333333
LdapSyncResultsDlg:0.27666666666666667
GwtLdapSyncResults:0.26
UserCoordinator:0.19055555555555556
LdapModuleImpl:0.17666666666666667
LdapSyncResultsFilterPopup:0.17333333333333334
GwtLdapHelper:0.08333333333333333
