AbstractSaml20ObjectBuilder:0.44166666666666665
Saml10ObjectBuilder:0.4
AbstractSamlObjectBuilder:0.37333333333333335
