Match:0.59
API:0.52
AbstractValueTest:0.29
MatchTest:0.22333333333333333
BenchmarkPerformanceReporter:0.21633333333333335
LazyBenchmark:0.16
VectorBenchmark:0.15333333333333332
IteratorBenchmark:0.13666666666666666
