StatementGenerator:0.5833333333333334
ObjectiveCImplementationGenerator:0.32
StatementGeneratorTest:0.2866666666666667
ObjectiveCImplementationGeneratorTest:0.27
InitializationNormalizerTest:0.25333333333333335
ObjectiveCSourceFileGenerator:0.2123809523809524
