NutDao:0.45
MirrorBorning:0.2966666666666667
DynamicBorning:0.25333333333333335
BorningException:0.23
Borning:0.21666666666666667
ObjectCreator:0.20333333333333334
JsonLoader:0.19666666666666666
UTF8JsonView:0.18833333333333332
ServerRedirectView:0.18
NamePathJspView:0.13
BuiltinViewMaker:0.10333333333333333
AllService:0.0
