AuthenticationManagerBeanDefinitionParser:0.32666666666666666
AuthenticationManagerBeanDefinitionParserTests:0.30666666666666664
AuthListener:0.12138888888888888
