TypeLabel:0.5
TypeNode:0.37666666666666665
TypeEdge:0.3566666666666667
TypeFactory:0.3333333333333333
TypeGraph:0.30333333333333334
TypeModel:0.30333333333333334
AspectJVertex:0.23
RuleFactory:0.21666666666666667
DefaultHostGraph:0.2
RuleModel:0.2
HostModel:0.19833333333333333
ShapeJaxbGxlIO:0.18666666666666668
HostFactory:0.18333333333333332
ShapeFactory:0.16333333333333333
ImplicitTypeGraph:0.14333333333333334
ColorValue:0.13333333333333333
RuleModelMap:0.13333333333333333
TypeElement:0.058333333333333334
