RegisteredService:0.8633333333333333
FormData:0.30666666666666664
BaseDuoAuthenticationService:0.27055555555555555
RegisteredServiceSimpleFormController:0.25333333333333335
DefaultSingleLogoutServiceMessageHandler:0.21666666666666667
RegexRegisteredServiceTests:0.21333333333333335
