AwsS3ServiceImplTests:0.5066666666666667
AwsS3Service:0.46
S3Repository:0.41483333333333333
Repositories:0.4032222222222222
Repository:0.4032222222222222
InternalAwsS3Service:0.205
AbstractS3SnapshotRestoreTest:0.18666666666666668
CLOUD_S3:0.155
S3RepositoryPlugin:0.14333333333333334
