SelectionDetails:0.47333333333333333
DeleteSelectionsDlg:0.36666666666666664
GwtViewHelper:0.32666666666666666
GwtTeamingMessages:0.32666666666666666
DeletePurgeEntriesHelper:0.30666666666666664
GwtServerHelper:0.30333333333333334
GwtRpcServiceImpl:0.26
BinderViewsHelper:0.22333333333333333
SelectionDetailsHelper:0.043333333333333335
DeleteSelectionsCmd:0.03
GetSelectionDetailsCmd:0.016666666666666666
