GeoWKTParser:0.5966666666666667
GeoBoundingBoxQueryBuilder:0.49
GeoWKTShapeParserTests:0.20583333333333334
GeoBoundingBoxQueryBuilderTests:0.2
