ShardCompactionManager:0.58
TestCompactionSetCreator:0.45666666666666667
CompactionJob:0.2733333333333333
