ConsentProperties:0.4255555555555555
ScriptingUtils:0.32
Groovy:0.29161111111111115
CasConsentCoreConfiguration:0.26666666666666666
