AtInjectBinding:0.5366666666666666
InjectionTest:0.30833333333333335
Linker:0.2833333333333333
DeferredBinding:0.20333333333333337
ReflectiveAtInjectBinding:0.17444444444444446
RuntimeAggregatingPlugin:0.13
ReflectivePlugin:0.12
CompileTimePlugin:0.11333333333333333
