MapProxySupport:0.3720555555555556
ServiceManager:0.3233333333333333
GroupProperties:0.23333333333333334
NodeServiceImpl:0.22
