Fiber:0.7
FiberTest:0.24333333333333335
FiberForkJoinTask:0.24000000000000005
InstrumentClass:0.2327777777777778
Classes:0.20277777777777778
QuasarInstrumentor:0.18666666666666668
