MetadataSchema:0.7533333333333333
DataManager:0.31666666666666665
