Generator:0.9166666666666666
Target:0.49666666666666665
AbstractGenerator:0.4
GenerationTool:0.31777777777777777
