MetaWebEditors:0.5766666666666667
WebEditors:0.5033333333333333
CustomerCardListTest:0.22666666666666666
SelectListFormatAction:0.21
CorporationEmployeeTest:0.16333333333333333
