Constants:0.5580555555555556
NettyChannelHandler:0.48
NettyRequestSender:0.4533333333333333
