UnitManager:0.35333333333333333
SettlementMapPanel:0.27666666666666667
Role:0.26666666666666666
MemberTableModel:0.26
Relax:0.25333333333333335
SleepMeta:0.23472222222222225
MonitorWindow:0.22472222222222224
MetaTaskUtil:0.19
RelaxMeta:0.105
