ImmutableTin:0.7433333333333333
TriangulatedIrregularNetwork:0.3466666666666667
BasicTinStyle:0.32666666666666666
TinExtension:0.07
