ModelMapping:0.3144444444444444
ColorTest:0.31
TabProviderBase:0.2733333333333333
TableModelDecorator:0.24666666666666667
JPATabProvider:0.24
EntityTab:0.24
EntityTabDataProvider:0.21666666666666667
XavaPortlet:0.19666666666666666
JDBCTabProvider:0.1913888888888889
TabProviderFactory:0.15041847041847042
Subfamily:0.15
SubfamilySelectTest:0.006666666666666667
