MediaDriver:0.5266666666666666
CommonContext:0.36
EmbeddedPingPong:0.32666666666666666
EmbeddedThroughput:0.12333333333333334
