CacheEntry:0.6366666666666667
EntityPersister:0.5733333333333334
AbstractEntityPersister:0.39666666666666667
Settings:0.3566666666666667
NoopEntityPersister:0.3
SessionFactoryImpl:0.24333333333333335
DefaultLoadEventListener:0.23
CustomPersister:0.19666666666666666
StructuredCacheEntryHelper:0.19
StructuredCacheEntry:0.18444444444444444
SettingsFactory:0.18
AvailableSettings:0.16333333333333333
TwoPhaseLoad:0.16
EntityUpdateAction:0.12333333333333334
EntityInsertAction:0.12333333333333334
NoopCacheEntryHelper:0.04666666666666667
CacheEntryHelper:0.03666666666666667
ReferenceCacheEntryHelper:0.03
StandardCacheEntryHelper:0.03
