ManagedChannelImplTest:0.6133333333333333
GrpclbLoadBalancerTest:0.36666666666666664
ManagedChannelImplIdlenessTest:0.285
