DBRef:0.5
DBObjectCodec:0.2833333333333333
JSONSerializers:0.17666666666666667
Bytes:0.05333333333333334
DefaultDBEncoder:0.010833333333333334
DefaultDBCallback:0.01
JSONSerializersTest:0.006666666666666667
