SingleChannelAsyncMongoConnector:0.6655555555555556
MongoAsynchronousSocketChannelGateway:0.5216666666666666
MongoConnectorsImpl:0.3011111111111111
