JedisCluster:0.5866666666666667
JedisClusterCRC16:0.35
JedisClusterCommand:0.23
JedisClusterTest:0.21666666666666667
