Database:0.55
I18nUtils:0.3466666666666667
AbstractGenerator:0.32
BeanNamingConvention:0.24333333333333335
ForeignKeyDDLUtils:0.24
I18nUtilsTest:0.08333333333333333
