Main:0.7449444444444445
JUTestWebManagement:0.4622777777777777
