UserExt:0.7358333333333333
UserMgmtService:0.3933333333333333
AvatarQueryService:0.25666666666666665
