Builder:0.58
DBCollection:0.515
Index:0.36
AddIndexAcceptanceTest:0.30333333333333334
MongoExceptions:0.08333333333333333
DropIndexAcceptanceTest:0.06833333333333333
DuplicateKey:0.04416666666666667
