WebKeys:0.4700555555555556
AjaxController:0.31
BinderHelper:0.30333333333333334
Find:0.24166666666666667
PresenceInfo:0.21
