Report:0.5966666666666667
ReportDemography:0.2733333333333333
