PublicLinksRpcResponseData:0.3233333333333333
PublicLinkInfo:0.32
GwtTeamingMessages:0.31666666666666665
CopyPublicLinkDlg:0.29333333333333333
GwtShareHelper:0.29
GwtViewHelper:0.24666666666666667
MiscUtil:0.2
