DefaultRegisteredServiceAccessStrategy:0.68
DefaultLdapRegisteredServiceMapper:0.3433333333333333
DefaultRegisteredServiceAccessStrategyTests:0.30666666666666664
DefaultProxyPolicyMapper:0.12833333333333333
