AnnotationValue:0.5832222222222222
AbstractMethodDescription:0.25277777777777777
ForLoadedMethod:0.24777777777777782
ArrayProjection:0.24
ForLoadedConstructor:0.22
Latent:0.20666666666666667
AbstractFieldDescriptionTest:0.20333333333333334
ConflictingInterfaceMethod:0.17333333333333334
OverridenClassMethod:0.17333333333333334
RebaseInstrumentationTarget:0.16777777777777778
SubclassInstrumentationTarget:0.16777777777777778
UnloadedMethodDescription:0.16666666666666666
AbstractAnnotationDescriptionTest:0.14
AnnotationInvocationHandler:0.13333333333333333
SubclassInstrumentationTargetTest:0.12333333333333334
MethodAttributeAppenderForLoadedConstructorTest:0.10666666666666667
RebaseInstrumentationTargetTest:0.10666666666666667
UnloadedAnnotationDescription:0.06666666666666667
EnumerationCarrier:0.0
