TestingIoHandler:0.6833333333333333
JUTestFrameCodec:0.33666666666666667
JUTestRequestTrackingFilter:0.22666666666666666
JUTestLivenessFilter:0.11666666666666667
