BaseHibernateDAOImpl:0.43444444444444436
ProjectDAO:0.37333333333333335
ProjectDAOImpl:0.18
