KerasLayerUtils:0.6533333333333333
KerasMerge:0.35
KerasLayerConfiguration:0.014071428571428572
