BatchInvalidator:0.5266666666666666
Invalidator:0.39
MapNearCacheManager:0.35333333333333333
