MultiLayerNetwork:0.7066666666666667
LFWDataSetIterator:0.4066666666666667
DataSetIteratorTest:0.19666666666666666
ManualTests:0.19333333333333333
RBMTests:0.14666666666666667
MultiLayerTest:0.12666666666666668
