SpeciesDetailsPage:0.4033333333333333
GeneralProperties:0.3566666666666667
