QSARDescriptorTests:0.47809523809523813
CMLIOTests:0.39666666666666667
CDKTests:0.20333333333333334
