LogFile:0.6566666666666666
BuildInfo:0.6333333333333333
