TpchConnectorFactory:0.44666666666666666
TpchMetadata:0.39666666666666667
TestTpchMetadata:0.29
RuleTester:0.23
TestCoefficientBasedStatsCalculator:0.13666666666666666
BaseRuleTest:0.11
