DBExactMatchTest:0.8186666666666667
DBNearestNeighborTest:0.42333333333333334
