Client:0.5617777777777778
JsClient:0.47333333333333333
