XConfigTransaction:0.4633333333333333
Soap:0.3466666666666667
XConfigEntity:0.3
XConfigTransactionEndpoint:0.13333333333333333
AbstractXDSRawXMLINoutMessageReceiver:0.13
