Flow:0.55
StateMapperFlowExceptionHandler:0.4
FlowExecutionImpl:0.31666666666666665
StateExceptionHandler:0.31233333333333335
XmlFlowBuilder:0.26
BeanFactoryFlowArtifactLocator:0.18666666666666668
CompositeFlowArtifactLocator:0.18666666666666668
XmlFlowBuilderTests:0.17
StateMapperExceptionHandlerTests:0.15333333333333332
MyCustomStateExceptionHandler:0.08
