BaseTestRunnerTest:0.49
ReloadingTestSuiteLoader:0.37333333333333335
CounterPanel:0.31333333333333335
Version:0.19
TestCaseClassLoaderTest:0.10333333333333333
