Config:0.9033333333333333
Display:0.23333333333333334
Jpdbi:0.21666666666666667
