JTextComponentRecorderTest:0.54
JTextComponentRecorder:0.5194444444444445
Costello:0.4216666666666667
