SerializationHelper:0.5966666666666667
JPPFBuffer:0.44666666666666666
JPPFException:0.31666666666666665
