FileHandle:0.7833333333333333
FilesTest:0.31
AndroidTestStarter:0.2633333333333333
AndroidFileHandle:0.22966666666666669
