AlternateLocation:0.8066666666666666
AlternateLocationContainer:0.4166666666666667
AltLocComparator:0.19333333333333333
