ChadoWriter:0.35
GenFeat:0.31666666666666665
Ribosome:0.255
Span:0.24333333333333335
Attrib:0.23333333333333334
GameSaxReader:0.22444444444444447
DateConv:0.14333333333333334
RenEx:0.11944444444444442
