DiscoveryNode:0.5866666666666667
InternalTestCluster:0.45666666666666667
ESSingleNodeTestCase:0.30666666666666664
NetworkModule:0.22666666666666666
