Messages:0.7783333333333333
ApplicationWorkbenchAdvisor:0.33666666666666667
TXMDiscoveryItem:0.21
Application:0.16666666666666666
InstallPluginHandler:0.14
LanguageSwitchHandler:0.13666666666666666
TXMCatalogViewer:0.12666666666666668
GZip:0.04
TXMUpdateHandler:0.03
