InvitationProcess:0.43333333333333335
OutgoingInvitationProcess:0.37
ITransmitter:0.2833333333333333
SharedProject:0.28
FileList:0.2733333333333333
XMPPChatTransmitter:0.27
ISharedProject:0.26861111111111113
EnterProjectNamePage:0.25
IncomingInvitationProcess:0.20666666666666667
InvitationDialog:0.19333333333333333
JoinSessionWizard:0.16
ShowDescriptionPage:0.03888888888888889
