RackViewScene:0.6533333333333333
NestedDeviceWidget:0.4866666666666667
