PartitionManager:0.5933333333333334
MigrationRequestTask:0.5633333333333334
Migrator:0.4086666666666666
