IOps:0.819111111111111
TypeMergeTest:0.4083333333333333
