RobolectricTestRunner:0.48333333333333334
RobolectricFrameworkMethod:0.48
ShadowAssetManagerTest:0.28
ArscResourceResolver:0.20666666666666667
LegacyResourceResolver:0.19666666666666666
