GreenLabJLabel:0.43666666666666665
DoubleNumberField:0.43
GreenLabGUI:0.3458333333333334
IntegerNumberField:0.3333333333333333
GreenLabGeometryPanel:0.22
SMBReader:0.19666666666666666
GreenLabGrowthSinkPanel:0.16333333333333333
GreenLabOutputPanel:0.16
GreenLabTooltipPanel:0.16
GreenLabGlobalPanel:0.15444444444444444
GreenLabTopologyPanel:0.14666666666666667
GreenLabGrowthSourcePanel:0.13666666666666666
GreenLabEnvironmentPanel:0.13
GreenLabGrowthAllometryPanel:0.10666666666666667
