ShadowResources:0.72
SQLiteLibraryLoader:0.36666666666666664
ShadowBitmapFactory:0.3433333333333333
