PhysicalConnectionProvider:0.5716666666666667
ChildrenViewScene:0.43
ObjectViewService:0.3088888888888889
