DistributedObjectFutureTest:0.43666666666666665
ProxyRegistry:0.41
DistributedObjectFuture:0.4005555555555555
