AnnotationUtil:0.9866666666666667
AtmosphereServiceProcessor:0.17333333333333334
WebSocketHandlerServiceProcessor:0.17333333333333334
ManagedServiceProcessor:0.17333333333333334
MeteorServiceProcessor:0.17333333333333334
