RScoredSortedSet:0.7256944444444445
RedissonScoredSortedSet:0.5166666666666667
RScoredSortedSetAsync:0.2275
RedissonScoredSortedSetTest:0.15333333333333332
RedisCommands:0.06333333333333334
