Hours:0.26
Weeks:0.26
Minutes:0.26
Days:0.26
Seconds:0.26
Years:0.18666666666666668
Months:0.18666666666666668
TestMonths:0.16666666666666666
TestYears:0.16666666666666666
TestHours:0.13
TestWeeks:0.13
TestDays:0.13
TestMinutes:0.13
TestSeconds:0.13
