GridField:0.45666666666666667
DisplayType:0.4266666666666667
InfoEquipment:0.25
VEditorFactory:0.14
InfoQAttribute:0.05333333333333334
