EndEntityProfileSessionBean:0.5
CertificateProfileSessionBean:0.42333333333333334
EndEntityProfileTest:0.17333333333333334
CertificateProfileTest:0.12666666666666668
