LockOptions:0.5533333333333333
Dialect:0.36
QueryHints:0.31922222222222224
AbstractProducedQuery:0.31666666666666665
Oracle8iDialect:0.28
Loader:0.23333333333333334
Teradata14Dialect:0.22666666666666666
CriteriaLoader:0.18333333333333332
QueryHintDefinition:0.16333333333333333
DoesNotSupportFollowOnLocking:0.1
