DynamicInterpreterTest:0.8233333333333334
ZeroModel:0.36749999999999994
DynamicInterpreter:0.29
KernelBoTestSuite:0.17
DynamicHeuristicCheckerPluginTest:0.09333333333333334
