GitRepository:0.56
GitHistoryParser:0.4266666666666667
GitHistoryParserTest:0.36333333333333334
