Robolectric:0.6133333333333333
ShadowView:0.43333333333333335
ShadowLooper:0.1597222222222222
ContextWrapperTest:0.15666666666666668
ShadowContextWrapper:0.15083333333333335
ShadowTabHost:0.12166666666666667
TabHostTest:0.11333333333333333
ViewTest:0.09
RobolectricTest:0.09
LooperTest:0.013333333333333334
