MapContainer:0.5266666666666666
MapStoreWrapper:0.47333333333333333
BasicRecordStoreLoader:0.26666666666666666
DefaultWriteBehindProcessor:0.23188888888888887
DefaultRecordStore:0.22333333333333333
MapContainerSupport:0.22
AbstractRecordStore:0.20333333333333334
MapStoreTest:0.18333333333333332
DefaultMapServiceContext:0.18
MapProxySupport:0.17333333333333334
MapDataStores:0.14333333333333334
MapReplicationOperation:0.13666666666666666
MapRemoteService:0.10666666666666667
