MatchQuery:0.48111111111111104
QueryStringQueryParser:0.37666666666666665
Queries:0.2866666666666667
MultiMatchQuery:0.27777777777777773
SimpleQueryStringBuilderTests:0.26666666666666666
SimpleQueryStringBuilder:0.2633333333333333
SimpleQueryStringIT:0.23333333333333334
QueryStringQueryBuilder:0.22333333333333333
MultiMatchQueryBuilder:0.19666666666666666
IndexSettings:0.19416666666666665
