MongoClientOptions:0.38
DefaultClusterableServerFactory:0.28
ServerSettings:0.20666666666666667
Builder:0.20333333333333334
MongoClientOptionsTest:0.12333333333333334
SingleServerClusterTest:0.12
DefaultClusterFactory:0.11333333333333333
DaemonThreadFactory:0.03
