FlowExecutorImpl:0.7283333333333334
ClientContinuationFlowExecutionRepository:0.49694444444444447
