SubjectDAO:0.5433333333333333
SubjectMatchFieldsDAO:0.42333333333333334
SubjectCrossReferenceDAO:0.2906666666666667
SubjectTelecomAddressDAO:0.2866666666666667
SubjectLanguageDAO:0.2866666666666667
SubjectCitizenshipDAO:0.2866666666666667
SubjectAddressDAO:0.2866666666666667
SubjectIdentifierDomainDAO:0.27666666666666667
AbstractDAO:0.25333333333333335
PersistenceManager:0.24666666666666667
SubjectIdentifierDAO:0.21666666666666667
SubjectPersonalRelationshipDAO:0.16
SubjectNameDAO:0.15666666666666668
