BundleClassPathTest:0.5133333333333333
ClassSpaceTest:0.456111111111111
