ArgumentConverter:0.45429365079365075
TestCase:0.44333333333333336
ParamsApiPlayground:0.36666666666666664
ParameterizedTestExtension:0.29
ParameterizedTestIntegrationTests:0.21
AnnotationInitializer:0.15833333333333333
StringLengthConverter:0.10333333333333333
