RrPolygon:0.66
XYZTabPanel:0.47333333333333333
LayerProducer:0.3333333333333333
CodeGenerator:0.32
