PagingPredicate:0.59
BasicMapContextQuerySupport:0.37666666666666665
QueryOperation:0.2613888888888889
SortingUtil:0.25666666666666665
PagingPredicateAccessor:0.19666666666666666
