FluxSceneBuilder:0.6866666666666666
FluxPolygon:0.28588888888888886
