CertToolsTest:0.6077777777777779
DnComponentsTest:0.3444444444444445
