Pointer:0.6433333333333333
Native:0.45
Memory:0.4266666666666667
NativeString:0.38333333333333336
Function:0.23
Structure:0.17
DefaultCallbackProxy:0.15
PointerTest:0.08666666666666667
