Simulation:0.6066666666666667
MainScene:0.44333333333333336
MarsProjectFX:0.29333333333333333
MainMenu:0.2633333333333333
TabPanelStructure:0.23444444444444443
ScenarioConfigEditorFX:0.23333333333333334
MultiplayerMode:0.1988888888888889
TelegraphWindow:0.18166666666666667
TestCreditManager:0.11
SettlementUnitWindow:0.08333333333333333
SimulationTask:0.049166666666666664
