AirlineServiceImpl:0.43666666666666665
XPathAirlineEndpoint:0.375
MarshallingAirlineEndpoint:0.32166666666666666
MarshallingAirlineEndpointTest:0.2966666666666667
XPathAirlineEndpointTest:0.16
GetFrequentFlyerMileageEndpoint:0.126
GetFrequentFlyerMileageEndpointTest:0.08666666666666667
AirlineWebServiceConstants:0.0
