KnowledgeRepository:0.4866666666666667
ConcordancesEditor:0.42333333333333334
KnowledgeRepositoryManager:0.27166666666666667
