RubyCore:0.6666666666666666
TestUnitRunnerConfiguration:0.43333333333333335
