Trusted:0.8766666666666667
MultifactorAuthnTrustConfiguration:0.17666666666666667
