ProfileDao:0.6133333333333333
ProfileDaoImpl:0.5233333333333333
AccessControlManager:0.3607619047619048
AccessControlManagerImpl:0.31333333333333335
NullAccessControlManager:0.27
