IRDFManager:0.8533333333333334
RDFManager:0.761611111111111
