GAMEAdapter:0.38666666666666666
FastaHeader:0.37
HTMLUtil:0.28
bop:0.21666666666666667
