ComputationGraph:0.66
Builder:0.4033333333333333
ComputationGraphConfiguration:0.36666666666666664
GraphBuilder:0.15333333333333332
