SettlementTransparentPanel:0.38333333333333336
MainScene:0.37666666666666665
DesktopPane:0.35333333333333333
SettlementWindow:0.29
SimulationConfigEditor:0.27
GuideWindow:0.25777777777777783
FunMenu:0.25333333333333335
MainDesktopPane:0.25
MonitorWindow:0.24333333333333335
SettlementMapPanel:0.22333333333333333
CrewEditor:0.22
FunMenuItem:0.17666666666666667
PersonConfig:0.1738888888888889
MissionWindow:0.17333333333333334
ResupplyWindow:0.16
FunMenuDemo:0.03333333333333333
