MailProvider:0.34
AbsParcelableLceViewState:0.33
MvpLceViewStateActivity:0.25
MvpViewStateActivity:0.25
MenuViewState:0.21333333333333335
DetailsFragment:0.20666666666666667
CountriesActivity:0.17333333333333334
MailsFragment:0.15083333333333335
ViewStateManager:0.14
MyCustomViewState:0.13666666666666666
DefaultAccountManager:0.13333333333333333
MailProviderTest:0.11333333333333333
