MessagesHelper:0.44333333333333336
ERDesignerComponent:0.41333333333333333
ERDesignerBundle:0.2911111111111111
BaseEditor:0.25333333333333335
TableEditor:0.23666666666666666
DomainEditor:0.20555555555555557
DefaultValueEditor:0.18666666666666668
ReverseEngineerEditor:0.18222222222222223
DatabaseConnectionEditor:0.16222222222222224
