CommentNotifier:0.4533333333333333
UserProcessor:0.25333333333333335
TagQueryService:0.24
NotificationQueryService:0.22333333333333333
ArticleChannel:0.19666666666666666
CommentQueryService:0.19
Channels:0.19
AvatarQueryService:0.18333333333333332
UserMgmtService:0.18333333333333332
Mails:0.17
ArticleQueryService:0.16
PointtransferQueryService:0.14
