TableManager:0.46
ObjectImporter:0.44333333333333336
QedDatabase:0.25333333333333335
OdbcjetTableManager:0.24
PgsqlTableManager:0.16
