ThreadInfo:0.5966666666666667
MethodInfo:0.27666666666666667
TestNativePeer:0.22333333333333333
StackFrame:0.21333333333333335
TestNativePeerJPF:0.2
ForwardingPredicate:0.17666666666666667
JPF_gov_nasa_jpf_jvm_TestNativePeer:0.13333333333333333
