PyString:0.69
PyComplex:0.48333333333333334
PyFile:0.2866666666666667
