AdminProcessor:0.5833333333333334
LoginProcessor:0.31666666666666665
UserRegisterValidation:0.2891666666666667
UserRegister2Validation:0.22111111111111115
OptionQueryService:0.17333333333333334
