SecurityContextHolderAwareRequestFilter:0.58
SecurityContextHolderAwareRequestFilterTests:0.32
ServletApiIntegrationBeanDefinitionParser:0.31
HttpSecurityBeanDefinitionParser:0.18333333333333332
BeanIds:0.14622222222222223
Elements:0.07333333333333333
