Saros:0.52
SessionView:0.35
PreferenceUtils:0.10777777777777776
ChildContainer:0.09333333333333334
SessionViewContextMenu:0.04833333333333333
SessionViewToolBar:0.03333333333333333
SessionViewTableViewer:0.012222222222222223
ChildContainerProvider:0.01
