ResearchChemistry:0.43333333333333335
ResearchBiology:0.3933333333333333
TaskManager:0.34222222222222226
