RadialLayoutAlgorithm:0.6333333333333333
Recursion:0.42333333333333334
