JdbcChadoAdapter:0.37833333333333335
SybaseChadoAdapter:0.3516666666666667
PostgresChadoAdapter:0.3466666666666667
