IHibernateIdGeneratorCalculator:0.4852380952380953
MetaProperty:0.4666666666666667
HibernatePG:0.27777777777777773
XavaSuite:0.1988888888888889
MetaCalculator:0.13
SequenceCalculator:0.08666666666666667
SizesTest:0.08666666666666667
