Secur32:0.635
Secur32Test:0.47333333333333333
Netapi32:0.3433333333333333
Shell32Test:0.21476190476190476
VersionTest:0.12333333333333334
ULONG:0.07333333333333333
DS_DOMAIN_TRUSTS:0.0
