CollectionConfig:0.42
SqlPredicate:0.38
ParserTest:0.37333333333333335
SpringXmlConfigBuilder:0.31333333333333335
AbstractCollectionProxyImpl:0.2833333333333333
LikePredicate:0.2
PredicatesTest:0.06333333333333334
