Options:0.8
ObjectiveCImplementationGenerator:0.30666666666666664
ObjectiveCHeaderGenerator:0.30666666666666664
ObjectiveCSourceFileGenerator:0.2633333333333333
ObjectiveCHeaderGeneratorTest:0.25
GenerationTest:0.2322222222222222
