BoundedLocalCache:0.6066666666666667
Node:0.4533333333333333
BoundedLocalCacheTest:0.27
AddDeques:0.23333333333333334
IsValidBoundedLocalCache:0.2127777777777778
AddMaximum:0.14333333333333334
UpdateTask:0.13666666666666666
RemovalTask:0.13666666666666666
PeekingIterator:0.1313888888888889
