Unit:0.52
GoodsManager:0.5133333333333333
VehicleConfig:0.25333333333333335
GoodsTableModel:0.24333333333333335
TradeTableModel:0.2211111111111111
