AbstractService:0.54
ServerCommand:0.46888888888888897
FakeService:0.29
ServiceTest:0.18416666666666667
