JsonReader:0.3566666666666667
BsonReader:0.2833333333333333
BsonBinaryReader:0.2733333333333333
BsonDocumentReader:0.2733333333333333
