Peer:0.75
PeerGroup:0.33666666666666667
VersionMessage:0.31666666666666665
TCPNetworkConnection:0.24666666666666667
PeerGroupThread:0.16
ToyWallet:0.14666666666666667
