SimpleValueBinder:0.38
CollectionElementTest:0.24666666666666667
MapBinder:0.2
Matrix:0.17666666666666667
IndexedCollectionTest:0.17333333333333334
Atmosphere:0.07333333333333333
