Util:0.9233333333333333
Saros:0.39
ConnectDisconnectAction:0.25333333333333335
