FileHistoryCache:0.6461507936507936
HistoryCache:0.5617777777777777
JDBCHistoryCache:0.5483333333333333
JDBCHistoryCacheTest:0.32666666666666666
HistoryGuru:0.26
