QueryRunner:0.6733333333333333
Console:0.40222222222222226
TestTableNameCompleter:0.19
