MapService:0.3077777777777778
QueueService:0.30333333333333334
MapQuorumAwareService:0.26666666666666666
SemaphoreService:0.25666666666666665
MultiMapService:0.25666666666666665
ReplicatedMapService:0.25666666666666665
DistributedScheduledExecutorService:0.25666666666666665
CountDownLatchService:0.25666666666666665
RingbufferService:0.25666666666666665
LockServiceImpl:0.25
DistributedDurableExecutorService:0.22
AtomicLongService:0.22
CardinalityEstimatorService:0.22
AtomicReferenceService:0.22
DistributedExecutorService:0.20666666666666667
AbstractMapServiceFactory:0.18333333333333332
SetService:0.16666666666666666
ListService:0.16666666666666666
