GwtServerHelper:0.7233333333333334
GwtActivityStreamHelper:0.3566666666666667
GwtRpcServiceImpl:0.2966666666666667
ActivityStreamCache:0.21944444444444447
ASEntryData:0.21777777777777782
GwtViewHelper:0.18666666666666668
GetFolderRowsCmd:0.12
FolderRowAsyncProvider:0.09666666666666666
FolderColumn:0.09333333333333334
