SelectAnalyzerTest:0.62
Formatter:0.4766666666666667
AbstractStatementAnalyzer:0.2991666666666667
ColumnType:0.2833333333333333
Cast:0.26
CollectionColumnType:0.1911111111111111
ObjectColumnType:0.1911111111111111
DataStatementAnalyzer:0.14666666666666667
