IMap:0.5133333333333333
CMap:0.4666666666666667
FactoryImpl:0.30333333333333334
ReplicatedMap:0.29333333333333333
MLock:0.27666666666666667
MPut:0.23333333333333334
ConcurrentMapManager:0.23
MProxyImpl:0.2
PutOperationHandler:0.19666666666666666
TransactionTest:0.14
Util:0.12333333333333334
ClientService:0.11
StoreAwareOperationHandler:0.10666666666666667
MapClientProxy:0.09666666666666666
MapPutAndUnlockHandler:0.006666666666666667
MapTryLockAndGetHandler:0.0025
