AtomContainer:0.6366666666666667
LonePairTest:0.47333333333333333
