Euler:0.7016666666666667
EulerRunner:0.31333333333333335
