RubyPlugin:0.6886666666666665
RubyCodeScanner:0.2966666666666667
IdentifierDetector:0.06666666666666667
InstanceVariableDetector:0.043111111111111114
GlobalDetector:0.043111111111111114
IRubyColorConstants:0.03305555555555555
