CommentAPIServlet:0.5
BlojsomXMLRPCServlet:0.43333333333333335
BlojsomServlet:0.26888888888888884
