Status:0.73
OkHttpClientTransport:0.29333333333333333
NettyServerHandlerTest:0.29333333333333333
ClientAuthInterceptorTests:0.26
