LabelMapLayer:0.4166666666666667
SettlementTransparentPanel:0.3333333333333333
RepairEmergencyMalfunctionEVA:0.30666666666666664
RepairEmergencyMalfunction:0.28444444444444444
TabPanel:0.22638888888888892
PopUpUnitMenu:0.1927777777777778
LocationTabPanel:0.14333333333333334
