BatchStatus:0.48333333333333334
StreamException:0.35333333333333333
SimpleStepExecutor:0.33555555555555555
State:0.23333333333333334
SimpleStepExecutorTests:0.20666666666666667
SimpleJob:0.17888888888888888
