Waiter:0.6
HttpClientStream:0.5216666666666666
HttpClientRequestImpl:0.49
HttpClientImpl:0.3433333333333333
HttpClientResponseImpl:0.31333333333333335
Http2ClientStream:0.2733333333333333
VertxHttp2ClientHandler:0.21333333333333335
ClientConnection:0.20666666666666667
Pool:0.10333333333333333
Http2Pool:0.08166666666666667
Http1xPool:0.06583333333333333
