ConfigurationProcessor:0.6133333333333333
AspectJAdviceConfigurationListener:0.23333333333333334
ConfigurationListenerSupport:0.21333333333333335
ImportConfigurationListener:0.16666666666666666
ScopedProxyConfigurationListener:0.15666666666666668
HotSwapConfigurationListener:0.15333333333333332
ResourceBundlesConfigurationListener:0.15333333333333332
AutoBeanConfigurationListener:0.13666666666666666
