ScreenReaderFactory:0.45
EditorReader:0.3933333333333333
JTreeReader:0.31666666666666665
AbstractScreenReader:0.23333333333333334
JButtonReader:0.15333333333333332
