AbstractServletContextInitializer:0.6797222222222223
DefaultServicesManagerImpl:0.44527777777777783
