ITrackerServices:0.71
UserHandlerImpl:0.4066666666666667
ReportHandlerImpl:0.37333333333333335
ITrackerServicesImpl:0.22
DisplayReportAction:0.10666666666666667
ReportDownloadController:0.10666666666666667
EditReportFormAction:0.09
RemoveReportAction:0.09
ExportReportAction:0.09
EditReportAction:0.09
ReportDAOImpl:0.006666666666666667
ReportDAO:0.006666666666666667
