BucketMetricsParser:0.365
PercentilesBucketParser:0.09
SumBucketParser:0.016666666666666666
MinBucketParser:0.016666666666666666
MaxBucketParser:0.016666666666666666
AvgBucketParser:0.016666666666666666
