HttpMultiMap:0.51
HttpRequest:0.3566666666666667
HttpBase:0.32
HttpMultiMapTest:0.23
HttpUtil:0.22666666666666666
HttpUtilTest:0.14333333333333334
