LogBufferDescriptor:0.6877777777777778
HeaderWriter:0.34744444444444444
