Http1xTest:0.8
HttpTest:0.38333333333333336
Http1xServerConnection:0.37333333333333335
VertxHttp2Stream:0.32666666666666666
