DataManager:0.6494444444444444
AddXLink:0.30666666666666664
EditLib:0.26
