MapClientProxy:0.4866666666666667
MapConfig:0.4866666666666667
NearCacheConfig:0.22666666666666666
ClientHandlerService:0.2
