LookDefinitionWriter:0.7669444444444444
AbstractLookWriter:0.4486111111111111
