URL:0.7866666666666666
RegistryDirectory:0.3433333333333333
RegistryDirectoryTest:0.29
InvokerDelegete:0.08333333333333333
