SystemShell:0.49
StreamThread:0.3433333333333333
CommandOutputParserThread:0.3433333333333333
ConsoleProcess:0.2866666666666667
GeneralOptionPane:0.23333333333333334
