State:0.6866666666666666
WeakKeySet:0.4033333333333333
KeyAndSource:0.37
InjectorImpl:0.3566666666666667
OptionalBinderTest:0.28
AllTests:0.26666666666666666
MapBinderTest:0.26
InheritingState:0.17666666666666667
AbstractBindingProcessor:0.13666666666666666
