DataExtractorService:0.678611111111111
BatchUriHandler:0.43
IDataExtractorService:0.31333333333333335
