MutableShardRouting:0.42
UnassignedShards:0.2733333333333333
FailedShardsRoutingTests:0.23666666666666666
Balancer:0.2
UpdateNumberOfReplicasTests:0.18666666666666668
ReplicaAfterPrimaryActiveAllocationDecider:0.093989898989899
ClusterAllocationRerouteBenchmark:0.09333333333333334
AllocationDecider:0.07682539682539682
ThrottlingAllocationDecider:0.05444444444444444
AllocationDeciders:0.05
ReplicaAllocatedAfterPrimaryTests:0.04
