LocalServiceStore:0.5833333333333334
ReferenceConfig:0.3566666666666667
ServiceConfig:0.3433333333333333
