JMXServer:0.595
JMXServerImpl:0.37
JPPFNode:0.32
DriverInitializer:0.2833333333333333
JMXConnectionWrapper:0.26
JMXConnectionThread:0.19666666666666666
JMXServerFactory:0.18333333333333332
AbstractJMXServer:0.1
JMXMPServer:0.023333333333333334
