TestTemplateInvocationTests:0.48
ParameterizedTestIntegrationTests:0.4211111111111111
TestFactoryTestDescriptor:0.37
DynamicContainerTestDescriptor:0.31
DynamicTestTestDescriptor:0.30666666666666664
TestTemplateInvocationTestDescriptor:0.26666666666666666
DynamicNodeGenerationTests:0.14416666666666667
DynamicNodeTestDescriptor:0.06
