SaveContextOnUpdateOrErrorResponseWrapper:0.5566666666666666
HttpSessionSecurityContextRepositoryTests:0.39
HttpSessionSecurityContextRepository:0.3566666666666667
SaveContextOnUpdateOrErrorResponseWrapperTests:0.21666666666666667
Servlet3SaveToSessionRequestWrapper:0.07333333333333333
