Bootstrap:0.5338888888888889
Jackson:0.43
BootstrapTest:0.30666666666666664
