View:0.7953333333333333
CommunityTest:0.3433333333333333
