JadxArgs:0.8933333333333333
JadxCLIArgs:0.43333333333333335
JadxArgsValidator:0.2866666666666667
JadxSettingsWindow:0.245
JadxCLI:0.17666666666666667
JadxCLIArgsTest:0.07
