DSView:0.5566666666666666
ReportHelper:0.5033333333333333
