CacheRecord:0.5956111111111111
AbstractCacheRecordStore:0.48
UnsafeSwCounter:0.24666666666666667
SafeSwCounter:0.22
SwCounterTest:0.21333333333333335
MwCounter:0.1761111111111111
AbstractCacheRecord:0.15333333333333332
CacheReplicationOperation:0.12666666666666668
