FormObjectAccessor:0.48333333333333334
FormActionTests:0.4266666666666667
