CacheReference:0.43666666666666665
Generator:0.275
AbstractGraphState:0.26
AbstractGraphShape:0.25333333333333335
AbstractCacheHolder:0.22333333333333333
StartGraphState:0.17666666666666667
DefaultGraphNextState:0.17
