DataSet:0.45
DenoisingAutoEncoder:0.33
RBM:0.29
MnistDataFetcher:0.23
DBN:0.22944444444444448
StackedDenoisingAutoEncoder:0.22944444444444448
BaseMultiLayerNetwork:0.20361111111111113
Builder:0.12333333333333334
MnistDbnTest:0.08666666666666667
DAMnistTest:0.06666666666666667
MnistSdaTest:0.03666666666666667
