ElementFrequenciesVisitor:0.7333333333333333
RuleFunction:0.32166666666666666
ContextRuleGetterDecl:0.15
ContextTokenGetterDecl:0.12333333333333334
