DATDictionary:0.5233333333333333
MyStaticValue:0.38333333333333336
UserDefineLibrary:0.23333333333333334
UserDefineRecognition:0.23
GetWordsImpl:0.19666666666666666
CoreLibraryMaker:0.15333333333333332
NgramLibrary:0.1
