JUnit4TestEngineDiscoveryTests:0.779388888888889
UniqueIdFilter:0.4116666666666667
