TraceSignatureVisitor:0.5766666666666667
EmptyMethodVisitor:0.38666666666666666
EmptyAnnotationVisitor:0.20666666666666667
EmptyClassVisitor:0.19666666666666666
