HQLTest:0.51
JPAOverridenAnnotationReader:0.45
TimestampsRegionImpl:0.27666666666666667
BaseRegion:0.26666666666666666
Ejb3XmlTest:0.19
FromParser:0.14333333333333334
QueryResultsRegionImpl:0.13333333333333333
