BaseOutputLayer:0.6633333333333333
BaseUpdater:0.33
MultiLayerUpdater:0.21333333333333335
GradientCheckUtil:0.19111111111111112
