Constants:0.6866666666666666
IStatisticManager:0.5333333333333333
MockStatisticManager:0.5333333333333333
StatisticManager:0.4666666666666667
RouterService:0.35
ChannelStats:0.32
CsvLoader:0.24
RouterContext:0.23
SimpleRouterContext:0.22666666666666666
DataExtractorService:0.21333333333333335
DataLoaderService:0.20666666666666667
AbstractDataToRouteReader:0.17666666666666667
ExtractStreamHandler:0.16666666666666666
StatisticService:0.08333333333333333
StatisticConstants:0.07
