View:0.6866666666666666
Tab:0.5
DeliveryTest:0.32666666666666666
ModuleManager:0.23666666666666666
AJAXTest:0.23
InvoiceTest:0.19333333333333333
CarrierTest:0.19
InitListAction:0.09
CarrierURLTest:0.03666666666666667
