GeoUtils:0.6966666666666667
GeoHashUtils:0.4066666666666667
GeoPoints:0.39666666666666667
ScriptDocValuesTests:0.22666666666666666
GeoDistanceIT:0.21333333333333335
