QueryManagerConfig:0.92
SqlTaskManager:0.41333333333333333
TestQueryManagerConfig:0.19666666666666666
TestSqlTaskManager:0.19333333333333333
