PropertiesGraphDao:0.6066666666666667
FileReloadContainer:0.5233333333333333
PropertiesGraphDaoTest:0.44666666666666666
FileReloadCallback:0.26344444444444437
