$:0.51
TryTest:0.45
ImportManager:0.35
Person:0.27051984126984113
PatternsProcessor:0.24
OptionTest:0.19
Elements:0.09833333333333333
MatchErrorTest:0.09333333333333334
Generator:0.05
Developer:0.0033333333333333335
Util:0.0
MatchTest:0.0
