TypeInfo:0.49111111111111116
DatabaseMetaDataTest:0.48
JtdsDatabaseMetaData:0.44916666666666666
