StringTermsTests:0.33666666666666667
LongTermsTests:0.32
DoubleTermsTests:0.32
UnmappedTerms:0.31
StringTerms:0.24166666666666667
InternalTerms:0.23666666666666666
DoubleTerms:0.20444444444444446
LongTerms:0.19777777777777777
TermsParser:0.02666666666666667
