CA:0.6633333333333333
CVCCA:0.38
CAAdminSessionBean:0.37
X509CA:0.3433333333333333
