CallTest:0.7166666666666667
RetryAndFollowUpInterceptor:0.33666666666666667
RouteSelector:0.3
