CalendarUtil:0.8388888888888889
TypeConversionUtil:0.2733333333333333
