EndEntityProfile:0.7833333333333333
UserAdminSessionBean:0.33
BasePasswordGenerator:0.21666666666666667
IPasswordGenerator:0.18333333333333332
