NetworkPublication:0.59
DirectPublication:0.2866666666666667
MappedRawLog:0.25666666666666665
LogBufferHelper:0.23333333333333334
