DatabaseWriter:0.57
DatabaseWriterTest:0.35
AbstractIntegrationTest:0.2633333333333333
JdbcUtils:0.20333333333333334
SimpleIntegrationTest:0.17333333333333334
