AtomAPIMMessage:0.711111111111111
AtomAPIMMessageTest:0.4033333333333333
