MexperimentalTests:0.4583333333333333
MextraTests:0.18611111111111114
