XmlActions:0.44666666666666666
CompletionInfo:0.34
KeyHandler:0.11
CompletionInfoHandler:0.10666666666666667
SAXParserImpl:0.08666666666666667
ElementDecl:0.03333333333333333
EntityDecl:0.03
XmlParser:0.023333333333333334
SwingHTMLParserImpl:0.013333333333333334
XmlTag:0.006666666666666667
