CommunicationsStub:0.5433333333333333
Delete:0.28
UserManagerService:0.27
UserNode:0.23333333333333334
SetGroupsPanel:0.21333333333333335
UserManagerTopComponent:0.21333333333333335
UpdateList:0.16333333333333333
ChangePasswordPanel:0.15
UserProperty:0.12
PasswordEditorSupport:0.09833333333333333
AddGroup:0.07333333333333333
AddUser:0.06333333333333334
GroupsEditorSupport:0.056666666666666664
GroupNode:0.023333333333333334
