AjaxController:0.5
WebKeys:0.48611111111111116
ViewPermalinkController:0.21
FilterHelper:0.20333333333333334
WorkspaceTreeController:0.12666666666666668
ObjectKeys:0.04666666666666667
