PathTokenFilter:0.5583333333333333
JsonPath:0.4583333333333333
ArrayIndexFilter:0.37666666666666665
