Diagnostics:0.7633333333333333
DiagnosticsTest:0.37
DiagnosticsLogFile:0.3566666666666667
