AddressbookCrawler:0.5566666666666666
ThunderbirdCrawlerTest:0.4066666666666667
ThunderbirdCrawler:0.37333333333333335
