DefaultJVMHandler:0.4166666666666667
DefaultActionHandler:0.4
DefaultTODHandler:0.375
MasterListener:0.27666666666666667
