WebSocketImpl:0.57
WebSocketServer:0.3933333333333333
WebSocketClient:0.30333333333333334
