DiscoveryRequest:0.6283333333333333
EngineDiscoveryRequest:0.2826984126984127
