JmhRunner:0.4266666666666667
TestExecution:0.42
DetailedPerformanceReport:0.20333333333333334
PriorityQueueBenchmark:0.1761111111111111
ListBenchmark:0.1761111111111111
ArrayBenchmark:0.1761111111111111
GroupBy:0.13666666666666666
Base:0.12722222222222224
