OperationHelper:0.4166666666666667
CreateIndexesOperation:0.29
BaseWriteOperation:0.26666666666666666
GetIndexesOperation:0.18
QueryResultToListCallback:0.11666666666666667
DropIndexOperation:0.06666666666666667
HandleDuplicateKeySingleResultCallback:0.056666666666666664
