Util:0.6580555555555555
StreamService:0.44
StreamServiceManager:0.4266666666666667
