SimpleNodesInfoTests:0.52
IndexLifecycleActionTests:0.39
RelocationTests:0.30333333333333334
InternalNodeTests:0.25
SimpleDataNodesTests:0.10666666666666667
