XslUtil:0.7638888888888888
ExtentsStrategy:0.61
ValidateTransformationTest:0.2633333333333333
