OleAut32:0.6144999999999999
IDispatch:0.38333333333333336
IUnknown:0.21666666666666667
MSWord:0.20666666666666667
COMUtils:0.14666666666666667
Variant:0.09
Oleaut32Test:0.08
MSOfficeDemo:0.043333333333333335
WTypes:0.03631746031746032
COMObject:0.02666666666666667
