ObjectKeys:0.45359523809523816
WebKeys:0.45359523809523816
ReportModuleImpl:0.35
RelevanceDashboardHelper:0.2966666666666667
RelevanceAjaxController:0.2733333333333333
