HostQueuesFrontier:0.5986666666666667
BdbFrontier:0.38666666666666666
AbstractFrontier:0.29333333333333333
BdbMultiQueue:0.14
