RequestSpecification:0.7266666666666667
ResponseSpecification:0.6630555555555556
JSONGetITest:0.4066666666666667
RequestSpecBuilder:0.27666666666666667
ResponseSpecBuilder:0.24666666666666667
