HTMLDocument:0.8966666666666666
HTMLDocumentTest:0.5533333333333333
