AtmosphereFramework:0.6
Filter:0.38666666666666666
WebSocketProcessorTest:0.21666666666666667
DefaultWebSocketProcessor:0.18
AtmosphereFilter:0.12444444444444443
BroadcasterTest:0.12333333333333334
FrameworkConfig:0.016666666666666666
ApplicationConfig:0.014285714285714285
