UIBean:0.5727777777777777
Password:0.325
AbstractUITag:0.2833333333333333
