Step:0.7433333333333333
AbstractStep:0.32666666666666666
SimpleStep:0.29
RestartFunctionalTests:0.23666666666666666
SimpleStepExecutorTests:0.22333333333333333
DefaultJobExecutorTests:0.21666666666666667
SimpleStepExecutor:0.21333333333333335
DefaultJobExecutor:0.19
StepSupport:0.19
SimpleJobTests:0.16333333333333333
SimpleStepExecutorFactoryTests:0.16
ExceptionRestartableTasklet:0.13666666666666666
SimpleStepExecutorFactory:0.1
StepExecutorInterruptionTests:0.09666666666666666
RepeatOperationsHolder:0.03666666666666667
RepeatOperationsStep:0.0033333333333333335
