Preferences:0.7433333333333333
Producer:0.6433333333333333
