AbstractReteMatch:0.49333333333333335
LabelTree:0.48
PredicateTests:0.34
TypePredicates:0.19833333333333333
