ApolloPanel:0.49333333333333335
FeatureView:0.48333333333333334
TierViewI:0.4253730158730159
AnnotationView:0.29333333333333333
