Word2Vec:0.7766666666666666
Word2VecDataFetcher:0.2897222222222222
Word2VecLoader:0.20444444444444443
NERClassifier:0.20361111111111113
DataFetcherTest:0.16333333333333333
ModelReader:0.14
ModelTrainer:0.12
