Fiber:0.5088888888888888
Stack:0.4533333333333333
InstrumentMethod:0.31333333333333335
InstrumentClass:0.18
FrameInfo:0.17333333333333334
TraceLine:0.04666666666666667
