Model:0.7522222222222222
XRefBean:0.6177222222222223
