WFSPanel:0.48333333333333334
WFSLayer:0.33666666666666667
TransactionFactory:0.32
JUMPFeatureFactory:0.31
AbstractWFSWrapper:0.27
DeeJUMPException:0.25333333333333335
UpdateWFSLayerPlugIn:0.23666666666666666
WFSPlugIn:0.18666666666666668
WFServiceWrapper_1_0_0:0.16666666666666666
LoginDialog:0.16
WFServiceWrapper_1_1_0:0.14777777777777776
WFSFrame:0.14333333333333334
WFSDialog:0.10333333333333333
WFSLayerListener:0.055
UserData:0.02
DeeJUMPExtension:0.006666666666666667
MD5Hasher:0.0
