DFA:0.4166666666666667
NFAContext:0.34
IntervalSet:0.31666666666666665
DFAState:0.28
NFAConfig:0.25
StackLimitedNFAToDFAConverter:0.20083333333333334
Resolver:0.18666666666666668
DFASerializer:0.16
RecursionLimitedNFAToDFAConverter:0.14666666666666667
AnalysisPipeline:0.13
BlockStartState:0.11
DFAMinimizer:0.05333333333333334
