Mappings:0.83
Configuration:0.48
AnnotationBinder:0.38666666666666666
MappingsImpl:0.2866666666666667
QueryBinder:0.22333333333333333
