AuthenticationProperties:0.5683333333333334
CasCoreAuthenticationHandlersConfiguration:0.24666666666666667
JaasAuthenticationEventExecutionPlanConfiguration:0.20666666666666667
DefaultAuthenticationEventExecutionPlan:0.17833333333333334
AuthenticationEventExecutionPlan:0.17833333333333334
