ClientJob:0.6633333333333333
JPPFClient:0.38
AbstractClientJob:0.31
SubmissionManagerClient:0.21583333333333332
JPPFPriorityQueue:0.1991666666666667
ChannelWrapperRemote:0.18472222222222223
TaskStateMap:0.12666666666666668
