ASMDeserializerFactory:0.6166666666666667
Demo2:0.35333333333333333
ArrayListTypeFieldDeserializer:0.2633333333333333
