RedissonList:0.5433333333333333
RedissonSet:0.40166666666666667
RedissonSetTest:0.18
