Configuration:0.5433333333333333
RxGalleryFinal:0.26666666666666666
BucketAdapter:0.18333333333333332
MediaGridAdapter:0.15333333333333332
MediaPreviewAdapter:0.14
FrescoImageLoader:0.09666666666666666
UniversalImageLoader:0.02666666666666667
PicassoImageLoader:0.02666666666666667
GlideImageLoader:0.023333333333333334
MainActivity:0.02
VolleyImageLoader:0.006944444444444445
AbsImageLoader:0.0
