HangingProtocol:0.5066666666666667
HPSelectorFactory:0.46
PartialDataDisplayHandling:0.38333333333333336
HPComparatorFactory:0.18
