Factory:0.49
Util:0.47
ConnectionProxy:0.4266666666666667
ArrayRecordImpl:0.2633333333333333
