ChartConfigActions:0.5316666666666666
MonitoringPanel:0.44666666666666666
ApplicationConnection:0.37666666666666665
DriverLauncher:0.2
DifferenceChartHandler:0.19
PlotXYChartHandler:0.19
