SceneVisitor:0.5483333333333333
Sky:0.43933333333333335
