HazelcastClientTest:0.65
ListenerManager:0.4066666666666667
TestClientApp:0.3322222222222222
