HTMLElementTest:0.29333333333333333
HtmlOutput:0.26666666666666666
AttributesTest:0.23444444444444448
HTMLElementsTest:0.23
HTMLParser2Test:0.23
DefaultElementFactory:0.19777777777777777
ObjectsTest:0.19111111111111112
HTMLOutputElement:0.0
