RaMasterApiSessionBean:0.37
ApprovalStep:0.3566666666666667
RaApprovalRequestInfo:0.3
StepControl:0.2966666666666667
ApprovalRequestGUIInfo:0.26666666666666666
Step:0.22
RaManageRequestBean:0.09
StepOption:0.013333333333333334
