RedisCommands:0.4033333333333333
RedisClient:0.38333333333333336
ConnectionManager:0.36916666666666664
Decoder:0.29155555555555557
RedissonDeque:0.27666666666666667
MasterSlaveConnectionManager:0.25666666666666665
RedissonLock:0.2286111111111111
RedissonQueue:0.21333333333333335
RedissonExpirable:0.19666666666666666
BooleanReplayDecoder:0.11
StringReplayDecoder:0.11
RedisDecoder:0.09
StringCodec:0.019166666666666665
