SpringSecurityLdapTemplate:0.83
DefaultLdapAuthoritiesPopulator:0.25333333333333335
LdapUserDetailsManagerTests:0.19333333333333333
LdapTemplateTests:0.18
FilterBasedLdapUserSearch:0.18
PasswordComparisonAuthenticator:0.1761111111111111
BindAuthenticator:0.1627777777777778
