SelfTestCase:0.5755555555555555
MaxLinkHopsSelfTest:0.3833333333333333
