SystemConfigurationImpl:0.4533333333333333
ITrackerServices:0.30666666666666664
ITrackerServicesImpl:0.2633333333333333
LanguageDAOImpl:0.24333333333333335
LanguageDAO:0.13
