Assert:0.49333333333333335
TestIntrospector:0.4033333333333333
AssertionTest:0.35
TestClassMethodsRunner:0.22
ClassRequest:0.20666666666666667
MethodValidator:0.13666666666666666
BeforeAndAfterRunner:0.13333333333333333
