TreeConverter:0.48
VariableDeclaration:0.42
VariableDeclarationExpression:0.30333333333333334
FieldDeclaration:0.2966666666666667
VariableDeclarationFragment:0.2866666666666667
VariableDeclarationStatement:0.21333333333333335
SingleVariableDeclaration:0.19333333333333333
Rewriter:0.18333333333333332
