LogRebuilder:0.43
RetransmitHandlerTest:0.3233333333333333
LossHandlerTest:0.30666666666666664
DriverConnection:0.30333333333333334
LogRebuilderTest:0.2833333333333333
ConnectionTest:0.11666666666666667
