BlockJUnit4ClassRunner:0.56
ParentRunner:0.47333333333333333
BlockJUnit4ClassRunnerWithParameters:0.37222222222222223
