Library:0.7693333333333332
Native:0.69
NativeLibrary:0.32666666666666666
Function:0.31333333333333335
