DiscoverySpiTest:0.5466666666666666
TcpIpJoiner:0.48
DiscoveryJoiner:0.13333333333333333
MulticastDiscoverySender:0.09666666666666666
