Word2Vec:0.43333333333333335
InMemoryLookupCache:0.4216666666666667
FirstIterationFunction:0.29
WordVectorSerializer:0.285
TextPipeline:0.2633333333333333
Word2VecTest:0.11
