Robolectric:0.61
RobolectricConfig:0.35
ShadowContextWrapper:0.26166666666666666
RobolectricConfigTest:0.12333333333333334
RobolectricPackageManager:0.08111111111111112
