UserDetailsRepositoryAuthenticationManager:0.56
HttpSecurityConfiguration:0.3
SecurityConfig:0.17333333333333334
HelloWebfluxFnSecurityConfig:0.10333333333333333
HelloWebfluxSecurityConfig:0.10333333333333333
