DatabaseGenerator:0.7449444444444445
NameMapGenerator:0.4519444444444445
