ShowAction:0.46216666666666667
SaveAction:0.30333333333333334
