SunshineObject:0.556984126984127
MaterialHandler:0.3933333333333333
SunshineSceneVisitor:0.38333333333333336
LambertShader:0.24111111111111114
