RedBlackTree:0.38
BinarySearchTree:0.35
Treap:0.26666666666666666
TreePrinter:0.26666666666666666
AVLTree:0.26
SplayTree:0.06
