VertxOptions:0.6566666666666666
VertxImpl:0.5033333333333333
VertxOptionsConverter:0.21666666666666667
VertxOptionsTest:0.17666666666666667
