WireResponseBodyConverter:0.1888888888888889
JacksonResponseBodyConverter:0.15666666666666668
ProtoResponseBodyConverter:0.15666666666666668
MoshiResponseBodyConverter:0.15666666666666668
GsonResponseBodyConverter:0.15666666666666668
