WebSocketClient:0.8266666666666667
ChatServer:0.35777777777777775
