GraphElement:0.8233333333333334
SwimlanedNode:0.37333333333333335
JpdlSerializer:0.31
ChooseStringOrFile:0.17
