UdpTransport:0.53
AdminThread:0.48
RcvFrameHandler:0.39666666666666667
SrcFrameHandler:0.23333333333333334
MediaDriver:0.09
