GenerateSMOModel:0.4166666666666667
GenerateMultilayerPerceptronModel:0.4166666666666667
GenerateJ48WModel:0.29833333333333334
GenerateKMeanCluster:0.29833333333333334
GenerateEMCluster:0.29833333333333334
GenerateDensityBasedClustererModel:0.23
