bc_spectrumPlugin:0.6933333333333334
SpectrumUtils:0.44
SpectrumChartFactory:0.23
PeakLabelThresholdPreferencePage:0.19333333333333333
