State:0.6366666666666667
Flow:0.57
XmlFlowBuilder:0.37333333333333335
