SobolRSG:0.5966666666666667
InverseCumulativeRsg:0.4322222222222223
