CertificateProfile:0.6166666666666667
AvailableCustomCertificateExtensionsConfiguration:0.59
X509CA:0.29333333333333333
StartServicesServlet:0.2733333333333333
CertProfileBean:0.24333333333333335
UpgradeSessionBean:0.23666666666666666
CertificateExtensionTest:0.20666666666666667
X509CATest:0.18
SystemConfigMBean:0.18
UpgradeSessionBeanTest:0.15333333333333332
CertificateProfileTest:0.13666666666666666
