FolderServiceImpl:0.38666666666666666
FolderUtils:0.3233333333333333
TeamingServiceEndpoint:0.3233333333333333
FolderService:0.28027777777777774
KablinkFileSystemLibrary:0.25
BaseService:0.22
WSClientBase:0.21333333333333335
TeamingServiceClientWithCall:0.12666666666666668
