GroupProperty:0.801
BackpressureRegulator:0.6266666666666667
BackpressureRegulatorTest:0.5033333333333333
