Definition:0.6866666666666666
Database:0.5666666666666667
SchemaDefinition:0.4866666666666667
AbstractDatabase:0.29333333333333333
PostgresDatabase:0.29333333333333333
JavaGenerator:0.28
AbstractDefinition:0.18333333333333332
DefaultGeneratorStrategy:0.17333333333333334
VertabeloXMLDatabase:0.17333333333333334
XMLDatabase:0.16666666666666666
JDBCDatabase:0.16
MySQLDatabase:0.16
H2Database:0.16
FirebirdDatabase:0.16
SQLiteDatabase:0.16
DerbyDatabase:0.16
HSQLDBDatabase:0.16
CUBRIDDatabase:0.14777777777777779
