TestCachingHiveMetastore:0.29333333333333333
TestCachingCassandraSchemaProvider:0.26
HiveClientModule:0.24
TestFairBatchExecutor:0.17666666666666667
ParallelQueryRunner:0.17666666666666667
CassandraClientModule:0.10333333333333333
