AnnotationValidationConfigurationBuilderTest:0.5133333333333333
AnnotationValidationConfigurationBuilder:0.4533333333333333
MessageFormatKey:0.4266666666666667
DefaultLocalizedTextProvider:0.18666666666666668
GetDefaultMessageReturnArg:0.09855555555555555
EmptyResourceBundle:0.0
