IPMolecularHOSEDescriptorTest:0.3516666666666667
IPMolecularLearningDescriptor:0.31666666666666665
StructureResonanceGenerator:0.27
IPAtomicLearningDescriptorTest:0.2633333333333333
GasteigerPEPEPartialCharges:0.23
IPMolecularHOSEDescriptor:0.22333333333333333
IPMolecularLearningDescriptorTest:0.21777777777777782
