PercolateQuery:0.38
FieldType:0.33666666666666667
PercolatorFieldMapperTests:0.30666666666666664
PercolateQueryTests:0.2833333333333333
PercolateQueryBuilder:0.27
PercolatorIT:0.22333333333333333
PercolatorFieldMapper:0.21333333333333335
Builder:0.21305555555555558
PercolatorQuerySearchIT:0.14
