Handshakedata:0.4667142857142858
WebSocketClient:0.34
HandshakedataImpl1:0.31333333333333335
Draft_76:0.2866666666666667
Draft_75:0.24
HandshakeBuilder:0.013333333333333334
