MonthView:0.42
TimePicker:0.32666666666666666
DatePicker:0.2833333333333333
YearPicker:0.26
MonthAdapter:0.20333333333333334
DatePickerLayout:0.12333333333333334
ScrollStateRunnable:0.10666666666666667
