DriverConductorTest:0.47
RetransmitHandlerTest:0.2833333333333333
TermAppender:0.22666666666666666
TermAppenderTest:0.18
