RemoteScrollableHitSourceTests:0.46
RemoteRequestBuildersTests:0.38333333333333336
Fields:0.34
RemoteRequestBuilders:0.3
RemoteResponseParsers:0.043333333333333335
