ZenDiscovery:0.32666666666666666
ClusterModule:0.2966666666666667
DynamicSettings:0.2966666666666667
Builder:0.22666666666666666
InternalEngineTests:0.22333333333333333
Validator:0.22333333333333333
RestoreService:0.21666666666666667
ElectMasterService:0.2105952380952381
TransportService:0.19666666666666666
ESAllocationTestCase:0.17
SettingsValidatorTests:0.16333333333333333
MetaDataUpdateSettingsService:0.16
TransportClusterUpdateSettingsAction:0.14
ExtensionPoint:0.11666666666666667
ModuleTestCase:0.11
BenchmarkNettyLargeMessages:0.09333333333333334
ShardsAllocatorModuleIT:0.0425
