ConcordancesEditor:0.4766666666666667
SaveAnnotations:0.33
Delete:0.27666666666666667
Informations:0.14666666666666667
KRLabelProvider:0.14666666666666667
