Wallet:0.7366666666666667
SendRequest:0.41166666666666674
WalletTest:0.25
PeerGroupTest:0.20666666666666667
