MediaDriver:0.49
Timer:0.4766666666666667
TimerWheel:0.3061111111111111
SenderChannel:0.26
MediaDriverAdminThread:0.25
ControlFrameHandler:0.23
MediaDriverContext:0.15666666666666668
UnicastSenderTest:0.15333333333333332
