VCSAdapter:0.5655555555555556
SPath:0.36333333333333334
VCSActivity:0.31333333333333335
FileList:0.2966666666666667
ProjectDeltaVisitor:0.24
SharedProject:0.22333333333333333
SubclipseAdapter:0.19666666666666666
SharedResourcesManager:0.16666666666666666
VCSResourceInformation:0.11666666666666667
