AtmosphereResourceEventListener:0.72
AtmosphereResourceImpl:0.45
AtmosphereResourceEventListenerAdapter:0.38666666666666666
WebSocketEventListenerAdapter:0.25666666666666665
AtmosphereContinuation:0.22333333333333333
SSEAtmosphereInterceptor:0.20666666666666667
Meteor1:0.2
EventsLogger:0.15833333333333333
PushPage:0.15833333333333333
