XmlActions:0.39666666666666667
EntityManager:0.37777777777777777
TagHighlight:0.2866666666666667
Position:0.25333333333333335
CompletionOptionPane:0.17
XmlPlugin:0.12
MatchTag:0.08166666666666667
MouseHandler:0.07666666666666666
TagHighlightOptionPane:0.056666666666666664
