Metadata:0.38333333333333336
Key:0.36333333333333334
MetadataEntry:0.24333333333333335
Trailers:0.23
StatusCodeMarshaller:0.21
MetadataTest:0.16
Headers:0.15
ClientInterceptorsTest:0.14333333333333334
Utils:0.14
Http2ClientStream:0.13833333333333334
TransportFrameUtil:0.12666666666666668
ProtoUtils:0.11
BinaryMarshaller:0.03666666666666667
BinaryKey:0.016666666666666666
AsciiKey:0.016666666666666666
AsciiMarshaller:0.006666666666666667
