Location:0.7683333333333333
Location2Test:0.32966666666666666
