HttpUtils:0.7837777777777778
PolicyIndexInvocationHandler:0.45166666666666666
