StopManager:0.7416666666666667
ConsistencyWatchdogHandler:0.4083333333333333
