MenuObject:0.54
Utils:0.44333333333333336
MainActivity:0.31666666666666665
MenuAdapter:0.23333333333333334
