TestSemanticAnalyzer:0.43
TestAggregations:0.24333333333333335
BinaryOperatorBenchmark:0.22666666666666666
TestSum:0.18333333333333332
PartialSumQuery:0.18
SumQuery:0.17666666666666667
TestRewriter:0.11666666666666667
