QueryRunner:0.4533333333333333
TestQueryRunner:0.31333333333333335
TestingPrestoServer:0.29333333333333333
OkHttpUtil:0.14416666666666667
AccessToken:0.10333333333333333
ConnectionProperties:0.09166666666666666
ClientOptions:0.013333333333333334
