NodeExtension:0.8366666666666667
NodeEngineImpl:0.5333333333333333
SamplingNodeExtension:0.2833333333333333
DefaultNodeExtension:0.18333333333333332
