MethodDatabase:0.5433333333333333
SuspendablesScanner:0.37666666666666665
InstrumentClass:0.2611111111111111
CheckInstrumentationVisitor:0.23611111111111113
QuasarInstrumentor:0.22133333333333335
ExtractSuperClass:0.16777777777777778
JavaAgent:0.14444444444444446
AnnotationUtil:0.14333333333333334
