ClusterNodeInfo:0.5866666666666667
ClusterConnectionManager:0.5366666666666666
RedisStrictCommand:0.2
RedisCommands:0.02
