HazelcastClientInstanceImpl:0.5233333333333333
ClientSmartListenerService:0.49333333333333335
ClientNonSmartListenerService:0.44333333333333336
ClientListenerServiceImpl:0.22166666666666668
