CommonUtil:0.9366666666666666
HttpFileInfoThread:0.2866666666666667
HttpThreadTask:0.23666666666666666
