jOOQAbstractTest:0.5838888888888889
OrderByTests:0.45
SelectQueryImpl:0.3933333333333333
