BindSignatureAssertion:0.44666666666666666
TestSignatureBinder:0.44333333333333336
TypeRelationshipConstraintSolver:0.3691111111111111
FunctionSolver:0.23333333333333334
TestArrayReduceFunction:0.22666666666666666
