Vehicle:0.5533333333333333
Unit:0.5133333333333333
MaintenanceTabPanel:0.21333333333333335
UnitWindow:0.19
ExplorerRover:0.16666666666666666
NavigationTabPanel:0.16666666666666666
PersonWindow:0.09333333333333334
SettlementWindow:0.08333333333333333
LaboratoryTabPanel:0.08
TransportRover:0.07333333333333333
EquipmentWindow:0.06194444444444444
VehicleWindow:0.03
