OAuth20AccessTokenEndpointController:0.7033333333333334
CasOAuthConfiguration:0.5166666666666667
