MediaConductor:0.5233333333333333
DissectFunction:0.31
EventCodec:0.2353333333333333
