Atomic:0.43
GlobalOrdinalsBenchmark:0.31666666666666665
GlobalOrdinalsStringTermsAggregator:0.31333333333333335
BucketsAggregator:0.2866666666666667
OrdinalMappingSourceBuilder:0.17666666666666667
