Pipeline:0.4266666666666667
Jedis:0.4166666666666667
PipelineBlock:0.4033333333333333
BinaryClient:0.32
SortedSetCommandsTest:0.24333333333333335
BinaryJedisCommands:0.23666666666666666
Commands:0.19416666666666665
BinaryShardedJedis:0.1577777777777778
Client:0.15654761904761905
BinaryJedis:0.09
