X_GL_Book:0.6666666666666666
MGLBookPeriod:0.3466666666666667
