SelectFeaturesToolEditToolbox:0.2633333333333333
SelectFeaturesTool:0.24333333333333335
EditingPlugIn:0.19333333333333333
DrawRectangleFenceTool:0.19
ZoomToSelectedItemsPlugIn:0.18
MeasureTool:0.16333333333333333
UndoPlugIn:0.16333333333333333
RedoPlugIn:0.16333333333333333
DeeChangeStylesPlugIn:0.16333333333333333
PanTool:0.16333333333333333
ZoomTool:0.16
ZoomRealtimeTool:0.16
ViewAttributesPlugIn:0.15666666666666668
ZoomNextPlugIn:0.15333333333333332
ZoomPreviousPlugIn:0.15333333333333332
OutputWindowPlugIn:0.13
ZoomToFullExtentPlugIn:0.13
ClearSelectionPlugIn:0.13
ZoomToFencePlugIn:0.13
