AbstractTestQueries:0.45666666666666667
TypeRegistry:0.3646666666666667
TestTypeRegistry:0.27666666666666667
FunctionRegistry:0.25
