DBObject:0.7233333333333334
ByteEncoder:0.29333333333333333
RawDBObject:0.29
ReflectionDBObject:0.29
JavaClientTest:0.28444444444444444
BasicDBList:0.21666666666666667
BasicDBObject:0.15166666666666667
