InstallService:0.6759444444444445
ConfigService:0.4
DatabaseConfig:0.3333333333333333
InstallServiceImpl:0.25333333333333335
RequestsAndConnectionsPage:0.23666666666666666
InstallServiceAsync:0.19416666666666665
ReconfigureCallback:0.13333333333333333
