CommunicationsStub:0.6466666666666666
ClassMetadataNode:0.24666666666666667
ClassManagerService:0.23333333333333334
ClassManagerFrame:0.22
LocalObjectView:0.16944444444444445
RefreshLocalCache:0.16333333333333333
HierarchyCustomizerService:0.13333333333333333
UserProperty:0.12
QueryBuilderService:0.11333333333333333
AttributeCustomizerNodeProperty:0.10333333333333333
