CVSElement:0.6566666666666666
CVSElementTest:0.4033333333333333
NullDate:0.24583333333333332
NullFile:0.21333333333333335
