ResourceManager:0.5366666666666666
ResourceManagerServlet:0.4716666666666667
