ModulePropertiesPane:0.37666666666666665
UpperTabbedView:0.36
QedeqPane:0.3416666666666667
HtmlPane:0.335
