NumberInputDialog:0.5866666666666667
UserInputDialog:0.43333333333333335
NumberType:0.36666666666666664
BSHEditorDialog:0.3433333333333333
BSHTypeSupport:0.26666666666666666
DateType:0.24666666666666667
BooleanType:0.04
