Segment:0.62
SerializationBuilder:0.39666666666666667
AbstractChronicleMapBuilder:0.37666666666666665
ChronicleMapTest:0.36
