MockLogAppender:0.5583333333333333
MockSnmpAgent:0.49666666666666665
Snmp4JResponseListener:0.32
