NotificationMgmtService:0.44333333333333336
CommentQueryService:0.38
CommentNotifier:0.37666666666666665
NotificationProcessor:0.19666666666666666
Common:0.18140476190476187
NotificationQueryService:0.043333333333333335
