DbmsPool:0.6972222222222222
Worker:0.3933333333333333
