RemoveReceiverMessageFlyweight:0.32
Receiver:0.32
Flyweight:0.31666666666666665
MediaDriverAdminThread:0.23
LibraryFacade:0.17638888888888887
MediaDriverFacade:0.17638888888888887
ClientAdminThreadTest:0.15833333333333333
ClientAdminThread:0.15666666666666668
