GwtTeamingMessages:0.4680555555555556
GwtTeamingFilrImageBundle:0.31337301587301586
EventHelper:0.304
BrandingPanel:0.30333333333333334
FilrActionsCtrl:0.2966666666666667
GwtServerHelper:0.25
GwtRpcServiceImpl:0.2272222222222222
MastHead:0.21
GwtMainPage:0.16666666666666666
BrandingContentPanel:0.15666666666666668
ShowSharedByMeEvent:0.04
ShowMyFilesEvent:0.04
ShowSharedWithMeEvent:0.04
ShowFileSpacesEvent:0.04
GetCollectionPointUrlCmd:0.02666666666666667
