ParserConfig:0.47833333333333333
TypeUtils:0.4633333333333333
SerializeConfig:0.3233333333333333
DateSerializer:0.30333333333333334
