AtomTypeFactoryTest:0.41333333333333333
OWLAtomTypeMappingHandlerTest:0.19
OWLAtomTypeMappingReaderTest:0.17
AtomTypeMapperTest:0.056666666666666664
SybylAtomTypeMatcherTest:0.04666666666666667
