Node:0.5166666666666667
AbstractSymmetricEngine:0.35333333333333333
ParameterService:0.33
DataService:0.27666666666666667
IParameterService:0.2758333333333333
AlertResourceHandler:0.21
ISymmetricEngine:0.19416666666666665
