ExternalContext:0.7777777777777778
RequestPath:0.4152777777777778
ServletExternalContext:0.3333333333333333
ServletExternalContextTests:0.33
MockExternalContext:0.29333333333333333
PortletExternalContext:0.24
ServletRequestPath:0.11333333333333333
