ReflectionUtils:0.6933333333333334
ReflectionUtilsTests:0.48
NameBasedSelector:0.21333333333333335
Exploder:0.0
