DriverConnection:0.62
LogRebuilder:0.4797222222222222
LogRebuilderTest:0.30666666666666664
