JedisCluster:0.6733333333333333
JedisClusterCommand:0.3433333333333333
ClusterScriptingCommandsTest:0.2833333333333333
