TransactionOptions:0.5066666666666667
TransactionImpl:0.37
XAResourceImpl:0.32
TransactionProxy:0.20333333333333334
HazelcastXaTest:0.19666666666666666
