RankEvalContext:0.66
QuerySpecTests:0.25333333333333335
RestRankEvalAction:0.18666666666666668
RatedDocumentTests:0.17666666666666667
