DatabaseAdminImpl:0.4633333333333333
MongoDatabaseImpl:0.37333333333333335
MongoClientImpl:0.35333333333333333
