AnalysisFilter:0.46027777777777773
DrawableTierManager:0.2211111111111111
TranslationStartStopSelectionListener:0.2211111111111111
PublicDbFeature:0.21
XMLParser:0.21
