GwtTeamingMessages:0.7322222222222222
NetFolder:0.6133333333333333
ManageNetFoldersDlg:0.29444444444444445
GwtNetFolderHelper:0.25666666666666665
ModifyNetFolderDlg:0.20333333333333334
NetFolderSyncStatusCell:0.19666666666666668
