ScriptService:0.4766666666666667
ScriptModesTests:0.39666666666666667
ScriptModes:0.39
ScriptContext:0.38666666666666666
InternalScriptedMetric:0.22833333333333333
TemplateQueryParser:0.185
SearchService:0.18333333333333332
ScriptServiceTests:0.18
ScriptModule:0.15333333333333332
ScriptFilter:0.15333333333333332
ValuesSourceParser:0.14333333333333334
ScriptHeuristic:0.14
PhraseSuggestParser:0.13666666666666666
NativeScriptTests:0.11833333333333333
ScriptedMetricAggregator:0.11666666666666667
ScriptTransform:0.10333333333333333
ScriptScoreFunctionParser:0.1
ScriptHeuristicParser:0.1
ScriptSortParser:0.08
ScriptFieldsParseElement:0.07666666666666666
Plugin:0.06666666666666667
