DisplayZone:0.8416666666666667
FreeCockpitConfigurationHandler:0.27666666666666667
