TestSemPredEvalParser:0.39666666666666667
TestParserErrors:0.36
TestCompositeParsers:0.2733333333333333
OutputFile:0.11
ListenerFile:0.1
VisitorFile:0.1
LexerFile:0.1
ParserFile:0.1
