ClassLoaderUtil:0.5822222222222222
ObjectUtil:0.3063888888888889
WebRunner:0.2630555555555556
