KuwaibaService:0.5466666666666666
GetSynchronizationProviders:0.49666666666666665
ObjectFactory:0.38666666666666666
CommunicationsStub:0.265
RunSynchronizationProcessAction:0.1511111111111111
GetSynchronizationProvidersResponse:0.03333333333333333
