OkHttpClientTransportTest:0.6233333333333333
OutboundFlowController:0.30666666666666664
ClientFrameHandler:0.30333333333333334
