NameTable:0.5366666666666666
StatementGenerator:0.47333333333333333
LambdaTypeBinding:0.32
LambdaExpressionTest:0.2966666666666667
Rewriter:0.25333333333333335
MethodReferenceTest:0.24
LambdaExpression:0.24
TranslationProcessor:0.08333333333333333
