AnnotationIocLoader:0.5233333333333333
AnnotationIocLoaderTest:0.44611111111111107
ClassB:0.24333333333333335
