StandardFetcher:0.4866666666666667
BloggerAPIHandler:0.43444444444444436
MetaWeblogAPIHandler:0.27666666666666667
