PreferenceConstants:0.8416666666666667
PreferenceUtils:0.39
AdvancedPreferencePage:0.35
UPnPManager:0.31666666666666665
PreferenceInitializer:0.19666666666666666
NetworkPreferencePage:0.043333333333333335
