MetadataWriterTest:0.6366666666666667
MetadataGenerator:0.6033333333333334
