URLCoder:0.53
Builder:0.49
ServletUtil:0.2633333333333333
URLCoderTest:0.23333333333333334
HtmlEncoderTest:0.22
HtmlFormUtil:0.21333333333333335
MadvocUtil:0.19
JoddJspFunctions:0.17
HttpUtil:0.13666666666666666
TemplateParser:0.13666666666666666
AuthorizationInterceptor:0.11333333333333333
MoveResult:0.11
UrlTag:0.10666666666666667
