SPDConversion:0.5
SpectralColors:0.47333333333333333
SunshineRegularSpectralCurve:0.45666666666666667
MatElemContainer:0.22333333333333333
