FileSystemMgtService:0.6966666666666667
AEData:0.3947222222222222
AEService:0.29
