KabschAlignment:0.6783333333333333
KabschAlignmentTest:0.39666666666666667
