FilterRule:0.5833333333333334
Filter:0.5266666666666666
FilterMatches:0.48
FilterMatchesEditor:0.36666666666666664
FilterRulesEditor:0.35333333333333333
FilterEditor:0.16666666666666666
FilterRulePropertyEditor:0.13333333333333333
FilterRuleEditor:0.12666666666666668
LocalizationRequest:0.09333333333333334
CustomSaveFilterRuleRequestBean:0.07833333333333334
EditorResult:0.03
EditContextRequestBean:0.013333333333333334
FilterEditContextRequestBean:0.0
FilterRuleEditorResult:0.0
FilterRulePropertyEditorResult:0.0
LoadFilterMatchesRequestBeanWithLocale:0.0
FilterMatchesEditContextRequestBean:0.0
IFilterRuleEditContext:0.0
IFilterRulePropertyEditContext:0.0
FilterMatchesEditorResult:0.0
FilterEditorResult:0.0
FilterRuleEditContextRequestBean:0.0
IFilterMatchesEditContext:0.0
FilterRulePropertyEditContextRequestBean:0.0
IEditContext:0.0
IFilterEditContext:0.0
