AtmosphereResourceImpl:0.8266666666666667
ManagedAtmosphereHandler:0.3233333333333333
