MarsProjectFX:0.4266666666666667
PersonConfig:0.38
SettlementWindow:0.3
MarsProjectStarter:0.20666666666666667
SpringUtilities:0.19666666666666666
FinishedStudyListPanel:0.14127777777777778
OngoingStudyListPanel:0.14127777777777778
SpringFormDemo:0.023333333333333334
