Madvoc:0.5433333333333333
ActionMethodParserTest:0.27666666666666667
ActionsManagerTest:0.22666666666666666
ActionResultTest:0.17333333333333334
ManualRegistrationTest:0.14333333333333334
WebRunner:0.12666666666666668
ServletDispatcherResultTest:0.10666666666666667
MadvocParamsInjectorTest:0.10666666666666667
AnnArgTest:0.1
