AspectualRuleView:0.41333333333333333
AspectualViewGps:0.34
Converter:0.3188174603174604
JGraphPanel:0.31333333333333335
NewDeltaGraph:0.27466666666666667
Generator:0.24
ForallCondition:0.21666666666666667
NestingAspect:0.21666666666666667
StateCache:0.20333333333333334
TreeIndex:0.17
AspectJVertex:0.15333333333333332
