Node:0.6066666666666667
JoinConfig:0.37
XmlConfigBuilder:0.3466666666666667
XMLConfigBuilderTest:0.2833333333333333
ClientMemberAttributeTest:0.23666666666666666
MapStoreTest:0.23
PutAllOperation:0.21666666666666667
