QueryUtil:0.45666666666666667
StudyListFilter:0.4266666666666667
StudyListBean:0.3333333333333333
ModalityWorklistBean:0.31
