JPPFNode:0.5666666666666667
JPPFNodeServer:0.3466666666666667
ApplicationConnection:0.23333333333333334
JPPFNIOServer:0.22333333333333333
CSendingJob:0.22
CWaitingInitialInfo:0.2
CWaitingResult:0.2
