InlineInstrumentationMatcher:0.4066666666666667
Factory:0.25
RebaseDynamicTypeBuilderTest:0.21333333333333335
RedefinitionDynamicTypeBuilderTest:0.21333333333333335
InstrumentableMatcher:0.20666666666666667
SubclassDynamicTypeBuilder:0.20666666666666667
SubclassDynamicTypeBuilderTest:0.18333333333333332
RebaseInstrumentationTargetFactoryTest:0.04
