InnerHitBuilder:0.6066666666666667
NestedQueryBuilder:0.2833333333333333
CollapseBuilder:0.2733333333333333
HasParentQueryBuilder:0.24666666666666667
HasChildQueryBuilder:0.23
