IBioclipseItem:0.6638888888888889
BioclipseItem:0.6133333333333333
FileView:0.38666666666666666
BioclipsePlugin:0.15833333333333333
NewFolderWizard:0.13333333333333333
InstallSampleDataAction:0.04666666666666667
FileUtils:0.03166666666666667
