BasicIntegrationConfiguration:0.45
CommonUtilsTest:0.2833333333333333
AbstractGenerator:0.26
UpdatedAreaUtilsTest:0.25666666666666665
ReferenceNamingConvention:0.18
DirectoryTest:0.17
TargetsTest:0.14
