PVCS:0.8933333333333333
PVCSTest:0.22333333333333333
