Sequence:0.4533333333333333
Parallel:0.42333333333333334
RotateBy:0.38
UITest:0.3433333333333333
