JoinWalker:0.49666666666666665
OuterJoinableAssociation:0.48
Subcriteria:0.44333333333333336
CriteriaQueryTranslator:0.2633333333333333
CriteriaJoinWalker:0.23666666666666666
