LayerAssignment:0.8433333333333334
LayerByLayerSweepCR:0.44333333333333336
LongestPathLA:0.3566666666666667
HierarchicalLayoutAlgorithm:0.3433333333333333
