WPStringExtractor:0.3333333333333333
PresentationsExtractor:0.32
TestExtractors:0.17333333333333334
WordPerfectExtractor:0.16111111111111112
PresentationsExtractorFactory:0.14666666666666667
PresentationsExtractorTest:0.13666666666666666
WPFilterInputStream:0.02
