StringUtils:0.9033333333333333
IEConditionalCompilationScriptPreProcessor:0.3566666666666667
CSSStyleRule:0.18666666666666668
StringUtilsTest:0.15
