HopSymbolTableWalker:0.45666666666666667
ControlFlowAnalyzer:0.3566666666666667
ConditionalJumpCheckStep:0.29438888888888887
ConditionalJumpDetectAction:0.16333333333333333
SodbeansSoundMap:0.15666666666666668
DFA65:0.12777777777777777
DFA48:0.12777777777777777
check_statement_scope:0.07333333333333333
