JsonTest:0.5966666666666667
CastorTest:0.44333333333333336
SqlImplTest:0.32
