Constants:0.9266666666666666
AbstractDbDialect:0.39
SqlTemplate:0.2866666666666667
OracleDbDialect:0.25666666666666665
Db2DbDialect:0.22166666666666668
AbstractDatabaseTest:0.20666666666666667
TriggerRouterServiceTest:0.14666666666666667
DataGapRouteReader:0.13333333333333333
