Catalog:0.4633333333333333
RecordingWriter:0.41333333333333333
RecordingSession:0.32666666666666666
ArchiveConductor:0.27
ReplaySessionTest:0.2
RecordingWriterTest:0.15666666666666668
RecordingSessionTest:0.14333333333333334
