DataHandler:0.76
Category:0.42333333333333334
AnsiDataHandler:0.36
ServletUtil:0.2644444444444444
TestDataHandler:0.2633333333333333
QueryHandler:0.19916666666666666
AnsiQueryHandler:0.17
