HandshakeFailedEvent:0.5733333333333334
ServerImpl:0.39666666666666667
SSLSocketFactoryAdapter:0.29333333333333333
