MessagePanel:0.3566666666666667
ReplicationProcessor:0.33666666666666667
MReplicationOutBound:0.2733333333333333
RangeSlider:0.24333333333333335
RangeSliderUI:0.19
ReplicationGenerator:0.18666666666666668
RangeSliderDemo:0.14
