Spark:0.6133333333333333
Node:0.4766666666666667
DispatcherFilter:0.23333333333333334
RouteMatcher:0.18861111111111112
RouteTest:0.12333333333333334
WebContext:0.07666666666666666
