Mongo:0.5
DBAddress:0.48333333333333334
DBTCPConnector:0.4766666666666667
DBAddressTest:0.1
