ApplicationEntityManager:0.6777777777777777
WebserviceBeanImpl:0.35
RemoteQueryLight:0.2966666666666667
ApplicationEntityManagerImpl:0.2966666666666667
RemoteViewObjectLight:0.25
ConnectionManagerImpl:0.24666666666666667
MapComponentWrapper:0.23666666666666666
BusinessEntityManagerImpl:0.21333333333333335
PersistenceService:0.19
EndToEndView:0.14
RemoteViewObject:0.11333333333333333
StartupBean:0.07333333333333333
EndToEndViewScene:0.03333333333333333
