Generator:0.8908333333333334
GenerationTool:0.39
AbstractGenerator:0.31333333333333335
