DB:0.8166666666666667
DBCursor:0.36333333333333334
MyPort:0.2833333333333333
