Callback:0.42333333333333334
RetrofitTest:0.3433333333333333
CallTest:0.23666666666666666
RxJavaCallAdapterFactoryTest:0.21
Calls:0.20833333333333334
BehaviorCall:0.17666666666666667
MyCallAdapter:0.16966666666666666
OkHttpCall:0.16666666666666666
ExecutorCallbackCall:0.16333333333333333
BehaviorDelegateTest:0.16
ExecutorCallAdapterFactoryTest:0.15333333333333332
