CreatePipelineRequest:0.43666666666666665
AmazonRoute53AsyncClient:0.36333333333333334
PipelineDescription:0.33666666666666667
DataPipelineAsyncClient:0.33
OutboundBatchTask:0.3
AmazonHttpClient:0.29455555555555557
DataPipelineAsync:0.2833333333333333
AmazonRoute53:0.2833333333333333
DataPipeline:0.26666666666666666
AmazonRoute53Client:0.21333333333333335
AmazonRoute53Async:0.20083333333333334
SendQueueBuffer:0.16
PipelineDescriptionJsonUnmarshaller:0.12083333333333333
CreatePipelineRequestMarshaller:0.11722222222222221
DataPipelineClient:0.11333333333333333
SendMessageBatchTask:0.1
DeleteMessageBatchTask:0.05333333333333334
ChangeMessageVisibilityBatchTask:0.05333333333333334
