AbstractHighlighterBuilder:0.47333333333333333
HighlightBuilder:0.3233333333333333
FastVectorHighlighter:0.25666666666666665
FieldOptions:0.24666666666666667
HighlightBuilderTests:0.24333333333333335
HighlighterSearchIT:0.20666666666666667
