ScriptingConsoleView:0.6572222222222222
JsConsoleView:0.4166666666666667
