NodeInfoStreamingTests:0.6733333333333333
JvmInfoTests:0.4766666666666667
