TransportSQLActionTest:0.6044444444444443
SysShardsTest:0.2733333333333333
ColumnIdent:0.2633333333333333
TableIdent:0.24066666666666667
ReferenceInfo:0.24066666666666667
QueryAndFetchConsumer:0.20333333333333334
ReferenceIdent:0.19733333333333333
