NeuralNetConfiguration:0.5666666666666667
Builder:0.5366666666666666
RBM:0.4033333333333333
MultiLayerTest:0.2
TrainMultiLayerConfigTest:0.19333333333333333
MultiNeuralNetConfLayerBuilderTest:0.17333333333333334
