RBMTests:0.37333333333333335
AdaGradTest:0.13333333333333333
SerializationUtilsTest:0.12
DenoisingAutoEncoderTest:0.11666666666666667
OutputLayerTest:0.11
EnumUtilTest:0.09333333333333334
ConvolutionDownSampleLayerTest:0.09333333333333334
BackPropOptimizerTests:0.023333333333333334
SemanticHashingTest:0.02
DBNTest:0.02
StackedDenoisingAutoEncoderTest:0.01
ArrayUtilTest:0.0
