LoadedPRsTableModel:0.4666666666666667
SerialControllerEditor:0.37
MemberPRsTableModel:0.30333333333333334
