ExpressionAnnotationMethodSecurityMetadataSource:0.45666666666666667
AbstractLdapIntegrationTests:0.38666666666666666
SpringSecurityMessageSourceTests:0.24166666666666667
