SimpleChildQuerySearchTests:0.5466666666666666
HasChildFilterBuilder:0.5444444444444444
HasParentFilterBuilder:0.365
