CookieManagerTest:0.6066666666666667
HtmlUnitBrowserCompatCookieSpec:0.4266666666666667
