FileUtils:0.3333333333333333
ProportionalBundler:0.25333333333333335
ResourceProvider:0.24
AutoTunedBundler:0.23666666666666666
OptionElementFactory:0.23666666666666666
JPPFQueue:0.23333333333333334
SpinnerNumberOption:0.225
BundleDataHolder:0.22333333333333333
AbstractResultSender:0.19666666666666666
ApplicationConnection:0.19666666666666666
LongTask:0.18833333333333332
AutotunedDelegatingBundler:0.18666666666666668
NioServer:0.17527777777777775
BundlerFactory:0.13333333333333333
WaitingResultsState:0.11333333333333333
LongTaskRunner:0.09333333333333334
PlainTextOption:0.0811111111111111
MonitoringPanel:0.03333333333333333
