ClientSession:0.4555555555555556
ClusterSession:0.4166666666666667
ClusteredServiceAgent:0.30333333333333334
BoundedLogAdapter:0.2227777777777778
LogPublisher:0.21
ServiceSnapshotLoader:0.19666666666666668
SessionProxy:0.17666666666666667
ServiceSnapshotTaker:0.15444444444444444
