Vehicle:0.7433333333333333
NavigationTabPanel:0.28
VehicleWindow:0.21
VehicleDirectionDisplay:0.16333333333333333
VehicleTerrainDisplay:0.16333333333333333
DirectionDisplayPanel:0.05
TerrainDisplayPanel:0.01
