Property:0.6833333333333333
ObjectProperty:0.6006111111111111
DatatypeProperty:0.41777777777777775
PropertyImpl:0.3433333333333333
DatatypePropertyImpl:0.30666666666666664
OntologyImpl:0.30666666666666664
ObjectPropertyImpl:0.23
DetailsTableCellRenderer:0.11333333333333333
