PermaLinkUtil:0.73
GwtServerHelper:0.44333333333333336
RelevanceAjaxController:0.3233333333333333
NotifyVisitor:0.3
