AccessRulesConstants:0.9604444444444444
RAInterfaceBean:0.43666666666666665
