Size:0.5166666666666667
JUTestEvaluation:0.4266666666666667
