AbstractBase:0.4666666666666667
Entry:0.38333333333333336
ByteBuddy:0.37666666666666665
Prepared:0.3680555555555556
Simple:0.3333333333333333
Handler:0.33
PrivateMethod:0.3272804232804233
PackagePrivateArgumentType:0.3272804232804233
Target:0.30666666666666664
Default:0.2966666666666667
ForImplementation:0.2833333333333333
Proxy:0.25666666666666665
MethodPool:0.23666666666666666
ForAbstractMethod:0.23666666666666666
MethodToken:0.23333333333333334
ConstructorStrategy:0.22666666666666666
MatchedMethodInterception:0.22666666666666666
DefaultFieldValueTarget:0.21333333333333335
DefaultMethodAnnotationTarget:0.20666666666666667
RedefinitionClassVisitor:0.19
TypeWriterDefaultTest:0.18
AccessorMethodDelegation:0.17333333333333334
TypeWriterMethodPoolEntryTest:0.17333333333333334
DefaultMatchedMethodInterception:0.17333333333333334
AbstractDynamicTypeBuilderTest:0.16666666666666666
DefaultOptionalMatchedMethodInterception:0.16666666666666666
ForCreation:0.1577777777777778
DefaultExceptionDeclarableMethodInterception:0.15666666666666668
FieldGetter:0.15
FieldSetter:0.15
SubclassDynamicTypeBuilderTest:0.14
ValidatingClassVisitor:0.11
AbstractDelegationEntry:0.09666666666666666
AbstractDefiningEntry:0.09333333333333334
ForAnnotationDefaultValue:0.09
MethodRegistryHandlerTest:0.075
Compiled:0.058333333333333334
MethodAttributeAppenderForMethodTest:0.04666666666666667
FieldToken:0.03666666666666667
PackagePrivateReturnType:0.0025
