SharedClusterSnapshotRestoreIT:0.5233333333333333
SnapshotsStatusRequest:0.44666666666666666
SnapshotMissingException:0.34
RestSnapshotsStatusAction:0.17333333333333334
SnapshotsStatusRequestBuilder:0.1
