ThreadStateChecker:0.5366666666666666
AWT:0.4722222222222222
LogTest:0.34777777777777774
