HttpTransfer:0.6788888888888889
HttpParams:0.6366666666666667
HttpTest:0.28
