Label0Checker:0.38
Label0Lexer:0.36777777777777776
Label0Parser:0.35333333333333333
LabelParseTest:0.21666666666666667
AntlrParser:0.17111111111111113
