NewSwimlaneWizard:0.5266666666666666
DesignerSwimlaneEditorPage:0.39666666666666667
AddButtonSelectionListener:0.2544444444444445
SwimlaneActionsDelegate:0.08
