StreamSession:0.38
StreamPath:0.2866666666666667
Packet:0.26666666666666666
StreamServiceManager:0.24
StreamSessionInputStream:0.22
StreamSessionListener:0.21707142857142855
PacketReceiver:0.19333333333333333
SharedProjectListener:0.16666666666666666
SendFileAction:0.16333333333333333
Initiation:0.13333333333333333
PacketSender:0.1
ReceiverGoneException:0.023333333333333334
StreamException:0.023333333333333334
ConnnectionError:0.023333333333333334
