GeneralImageModule:0.32666666666666666
HangingProtocol:0.31333333333333335
Tag:0.2833333333333333
UID:0.25
BasicApplicationProfile:0.22333333333333333
CodingSchemeIdentification:0.20333333333333334
Participant:0.15
ByAcqTimeComparator:0.13
