TableColumn:0.38666666666666666
RaptorMetadata:0.36333333333333334
RaptorPageSourceProvider:0.27
SqlUtils:0.23333333333333334
RaptorSplitManager:0.18
RaptorConnectorFactory:0.15666666666666668
DatabaseMetadataModule:0.15666666666666668
DatabaseShardManager:0.14333333333333334
