CurrentUser:0.5432936507936508
CurrentSchema:0.5432936507936508
