FailOnTimeout:0.5116666666666667
TimeoutTest:0.49666666666666665
TimeOutZero:0.07
