RrPolygonList:0.7433333333333333
TestMain:0.33666666666666667
