PLutPanel:0.55
ImagePanel:0.24
PLutGUIPanel:0.22666666666666666
PLutGUIFrame:0.11666666666666667
