Viewport:0.6333333333333333
ScalingViewport:0.6233333333333333
ViewportTest1:0.28
ViewportTest2:0.24333333333333335
ViewportTest3:0.18666666666666668
