Item:0.605
ShardUpsertRequest:0.35333333333333333
ShardDeleteRequest:0.24666666666666667
ShardRequest:0.24416666666666667
