SqlBuilder:0.5233333333333333
UPSBean:0.42
UPSQueryCmd:0.4066666666666667
UPSRelatedPSBean:0.3466666666666667
UPSReplacedPSBean:0.24666666666666667
