StoreScp:0.32
StoreScpService:0.31333333333333335
FileDTO:0.30333333333333334
FileSystemDTO:0.3
FileSystemBean:0.2633333333333333
FileBeanTest:0.2519444444444444
InstanceBean:0.24666666666666667
MediaBean:0.23666666666666666
StudyBean:0.22666666666666666
SeriesBean:0.22666666666666666
StorageBeanTest:0.21
FileSystemInfo:0.20333333333333334
FileSystemMgtBean:0.19333333333333333
FileSystemMgtService:0.17333333333333334
StorageBean:0.16666666666666666
StgCmtCmd:0.16
FileInfo:0.15416666666666667
FileDataSource:0.10666666666666667
FileUtils:0.07666666666666666
