Pointtransfer:0.5972936507936508
ArticleMgmtService:0.44333333333333336
ArticleProcessor:0.31333333333333335
ArticleAddValidation:0.15
