PartitionIteratingOperation:0.5566666666666666
PartitionResponse:0.35
LockBasedResponseQueue:0.27
ResponseQueue:0.21611111111111114
CollectionUtilTest:0.17333333333333334
CollectionUtil:0.15666666666666668
InvokeOnPartitions:0.15666666666666668
