ConvertUtils:0.8466666666666667
ColumnUtils:0.47333333333333333
JooqUtils:0.36666666666666664
