AlgorithmTools:0.6866666666666666
AlgorithmConstants:0.39533333333333337
AlgorithmToolsTest:0.3566666666666667
