Mnemonic:0.52
EditorMenuItem:0.4266666666666667
EditorButton:0.4266666666666667
MnemonicTest:0.2633333333333333
Reflector:0.18666666666666668
CustomCheckBoxMenuItem:0.14333333333333334
