DSLContext:0.5103333333333333
DSL:0.37
Tools:0.3591666666666667
DefaultDSLContext:0.2633333333333333
Keywords:0.08666666666666667
