Field:0.5283333333333333
Event:0.4866666666666667
UIActionGeneratorFactory:0.46
ESParser:0.44
ElementProcessor:0.41305555555555556
Class:0.4
UIAction:0.3466666666666667
EventFactory:0.3272804232804233
State:0.28
UIInspector:0.25333333333333335
SCEvent:0.23333333333333334
JPF_java_lang_reflect_Field:0.23333333333333334
SCEventSingleChoice:0.19333333333333333
ScriptElement:0.18666666666666668
JPFRunner:0.18333333333333332
Script:0.17333333333333334
SCEventFromSet:0.17333333333333334
EventGeneratorFactory:0.17
SCEventGeneratorFactory:0.15
CG:0.1437301587301587
Environment:0.14333333333333334
Alternative:0.09666666666666666
SingleChoice:0.09333333333333334
EventGenerator:0.07333333333333333
Repetition:0.06
ScriptElementContainer:0.057777777777777775
StringExpander:0.043333333333333335
ExpandableStringReader:0.03666666666666667
StringSetGenerator:0.03
SCEventGenerator:0.018333333333333333
RunSC:0.015
SetChoice:0.015
EndState:0.0025
FixedPhone:0.0
