Transition:0.7366666666666667
TransitionTargetStateResolver:0.6005555555555556
TransitionableState:0.2966666666666667
StaticTransitionTargetStateResolver:0.17
