Visitor:0.38
BytecodeGeneratorContext:0.31
LambdaBytecodeGenerator:0.28688888888888886
Context:0.26
RowExpressionCompiler:0.24333333333333335
FunctionCallCodeGenerator:0.1552777777777778
BindCodeGenerator:0.10333333333333333
