ErrorsCounter:0.54
ClassGen:0.4033333333333333
InsnGen:0.32666666666666666
JadxCLIArgs:0.23
IJadxArgs:0.22166666666666668
RegionGen:0.18333333333333332
RegionMaker:0.18
CodeGen:0.18
DefaultJadxArgs:0.13
ProcessTryCatchRegions:0.11666666666666667
EnumVisitor:0.10333333333333333
CheckRegions:0.09333333333333334
