IconCache:0.6523611111111112
WADOCache:0.595
WADOCacheImpl:0.4766666666666667
IconCacheImpl:0.425
AbstractCacheService:0.3
