VehicleDescription:0.7047222222222222
Rover:0.51
MobileLaboratory:0.48333333333333334
VehicleConfig:0.48333333333333334
