PreparedStatement_base:0.43333333333333335
TdsStatement:0.38
CursorResultSet:0.37333333333333335
TdsConnection:0.27
CallableStatement_base:0.25333333333333335
PreparedStatementTest:0.14333333333333334
