AbstractTicketDelegator:0.38
AbstractTicketRegistry:0.32666666666666666
MemCacheTicketRegistry:0.28
AbstractCentralAuthenticationService:0.2
TicketRegistry:0.19661111111111113
MockOnlyOneTicketRegistry:0.16333333333333333
CentralAuthenticationService:0.16
