Filter:0.6266666666666667
AtmosphereFilter:0.33
AtmosphereResourceConfigurator:0.14333333333333334
ApplicationConfig:0.023333333333333334
