ModelChecker:0.35833333333333334
ModelCheckEditor:0.2866666666666667
TableWithPrimaryKeyCheck:0.20666666666666667
