DistanceToAtomDescriptor:0.4766666666666667
BondsToAtomDescriptor:0.4716666666666667
CovalentRadiusDescriptor:0.35
EffectiveAtomPolarizabilityDescriptor:0.2733333333333333
