MqlSqlWalker:0.56
MqlQueryAnalysis:0.44666666666666666
QueryContext:0.3466666666666667
InlinerMqlSqlWalker:0.16
