FolderService:0.7052777777777778
WSClient:0.5233333333333333
FolderServiceEndpoint:0.25333333333333335
FolderServiceImpl:0.21
