IOSInput:0.7183333333333334
IOSApplication:0.38666666666666666
