Listener:0.5766666666666667
Adapter:0.5566666666666666
Default:0.42333333333333334
Resolution:0.31
Unresolved:0.22
Transformation:0.18
Simple:0.15
StreamWriting:0.14666666666666667
Compound:0.13666666666666666
JavaModule:0.1
ExecutingTransformer:0.09333333333333334
Factory:0.0375
RawMatcher:0.025833333333333333
