ServerWebSocketImpl:0.5033333333333333
ServerConnection:0.43933333333333335
WebSocketImpl:0.37
WebSocketImplBase:0.30333333333333334
FileResolver:0.19666666666666666
