SubnetNode:0.36333333333333334
SubnetEngine:0.34
CreateSubnetAction:0.31
SubnetPoolNode:0.17333333333333334
SubnetProperty:0.15666666666666668
SubnetPoolProperty:0.06666666666666667
IpChildren:0.0
RelateAnIPAction:0.0
IpNode:0.0
