RxBus:0.7133333333333334
RxBusDemo_Bottom3Fragment:0.23666666666666666
RxBusDemo_Bottom2Fragment:0.23666666666666666
PaginationAutoFragment:0.22
PaginationFragment:0.22
RxBusDemo_Bottom1Fragment:0.21666666666666667
