ClusterManager:0.5933333333333334
Bind:0.5166666666666667
