JavaClass:0.44333333333333336
JClass:0.32666666666666666
MainWindow:0.24
JMethod:0.18
JField:0.10666666666666667
JNode:0.10333333333333333
