RangeFieldMapper:0.6088888888888888
BinaryDocValuesRangeQuery:0.49666666666666665
BinaryRangeUtilTests:0.35333333333333333
