OutOfMemoryErrorDispatcher:0.49
ResponseThread:0.20666666666666667
MonitorInvocationsTask:0.18333333333333332
PrepareStateThread:0.18
TaskPollThread:0.18
PacketDispatcherImpl:0.17
OperationThread:0.14333333333333334
StateSendThread:0.12
Worker:0.10666666666666667
