BucketHelpers:0.44333333333333336
PipelineAggregatorBuilders:0.42333333333333334
AggregationModule:0.30666666666666664
TransportAggregationModule:0.24666666666666667
