TestTag:0.49333333333333335
VintageTestEngineDiscoveryTests:0.41333333333333333
TestTagTests:0.21
TestIdentifierTests:0.17333333333333334
JupiterTestDescriptorTests:0.16333333333333333
JUnitPlatformRunnerTests:0.11666666666666667
