LogicalType:0.49666666666666665
HierarchyResolver:0.37666666666666665
