DateTime:0.44111111111111106
Chronology:0.41
DateTimeUtils:0.33
MutablePeriod:0.3
BasePeriod:0.26666666666666666
MutableInterval:0.21333333333333335
MutableDateTime:0.21
ReadWritablePeriod:0.19253968253968257
BaseInterval:0.18666666666666668
BaseChronology:0.16666666666666666
StringConverter:0.12666666666666668
ReadableIntervalConverter:0.12
ReadableDurationConverter:0.10666666666666667
