PortableContext:0.6542777777777776
SerializationServiceImpl:0.44
PortableSerializer:0.3933333333333333
ByteUtil:0.38666666666666666
PortableContextImpl:0.16333333333333333
