Security:0.5566666666666666
SecurityTests:0.30666666666666664
ESPolicy:0.07333333333333333
