Record:0.5266666666666666
Request:0.37
ConcurrentMapManager:0.32
CMap:0.2633333333333333
QProxy:0.2633333333333333
ClusterService:0.2633333333333333
MBackupSync:0.23
BlockingQueueManager:0.22083333333333333
MAdd:0.21333333333333335
Node:0.2075
MBackupAwareOp:0.13333333333333333
MTargetAwareOp:0.11666666666666667
MMigrate:0.09666666666666666
MPut:0.06916666666666667
