Context:0.8566666666666667
ClusteredMediaDriver:0.26
ClusterNodeTest:0.23666666666666666
ArchivingMediaDriver:0.20222222222222225
ConsensusModule:0.15666666666666668
