ClasspathScanner:0.2966666666666667
VintageTestEngine:0.29333333333333333
ClassFileVisitor:0.22166666666666668
LauncherConfigurationParameters:0.22166666666666668
ConditionEvaluator:0.22166666666666668
ExecutableInvoker:0.22166666666666668
DefaultLauncher:0.15083333333333335
ExtensionRegistry:0.15083333333333335
JavaElementsResolver:0.15083333333333335
DefensiveAllDefaultPossibilitiesBuilder:0.04
ServiceLoaderTestEngineRegistry:0.04
TestInstanceLifecycleUtils:0.04
ServiceLoaderTestExecutionListenerRegistry:0.0
