NutDao:0.39666666666666667
EntityOperator:0.35333333333333333
Items:0.3433333333333333
AnnotationEntityMaker:0.27
PojoMaker:0.21661111111111112
_Infos:0.21444444444444447
MappingInfo:0.17865079365079362
NutPojoMaker:0.16666666666666666
