RoboMenuItem:0.6566666666666666
RoboMenu:0.4633333333333333
RoboSubMenu:0.22
RoboMenuItemTest:0.20666666666666667
