HTMLElement:0.7983333333333333
NodeImplTest:0.33666666666666667
HTMLElementTest:0.16
