GLContext:0.5752777777777778
ATITextureCompression3DC:0.4955555555555555
