ConstMFRotation:0.7283333333333334
ConstMFNode:0.4486111111111111
