Builder:0.8733333333333333
TestStreams:0.23333333333333334
ResponseTest:0.23
