GenericFileAdapterGUI:0.7011111111111111
ColumnApolloLayout:0.6015555555555556
