Style:0.6466666666666666
Config:0.5566666666666666
AnnotationMenu:0.25666666666666665
