MapReduceCommand:0.4533333333333333
DBCollection:0.3933333333333333
MapReduceOperation:0.33
MongoCollectionView:0.29
