RESTClient:0.7533333333333333
SOAPClient:0.7533333333333333
