Extractor:0.7
RegexExtractorFactory:0.48
ExtractorInfo:0.345
TutorialExtractor:0.19666666666666666
MultiExtractorCrawler:0.16055555555555553
ExtractorTest:0.11333333333333333
QuestionExtractor:0.03666666666666667
PeopleExtractor:0.03666666666666667
HtmlExtractor:0.02666666666666667
