HTMLScanner:0.4766666666666667
ContentScanner:0.3333333333333333
LocationItem:0.3233333333333333
HTMLEventInfo:0.2678730158730158
CurrentEntity:0.22216666666666668
Writer:0.20972222222222223
SynthesizedItem:0.17
SpecialScanner:0.16666666666666669
