HazelcastTestSupport:0.5716666666666667
PromoteLiteMemberTest:0.31333333333333335
SplitBrainHandlerTest:0.30333333333333334
PartitionedCluster:0.2833333333333333
MembershipFailureTest:0.21666666666666667
MockConnectionManager:0.208
FullSplitAction:0.14
PartialSplitAction:0.1
