Builder:0.58
InMemoryLookupTable:0.3738888888888889
ParagraphVectors:0.35
ParagraphVectorsTest:0.22666666666666666
VocabConstructor:0.21944444444444447
SkipGram:0.19444444444444445
DBOW:0.17726190476190476
SequenceVectors:0.056666666666666664
