UserAccess:0.7466666666666667
Role:0.5966666666666667
HasAETGroupModel:0.25666666666666665
UserAccessBean:0.24666666666666667
AETGroupListPanel:0.11666666666666667
AETGroupAssignmentPage:0.08333333333333333
