StringGrid:0.36333333333333334
BaseLayer:0.32666666666666666
BaseUpdater:0.31666666666666665
GloveWeightLookupTable:0.2866666666666667
ParamAndGradientIterationListener:0.19333333333333333
Word2VecChange:0.17
MasterActor:0.16444444444444445
UpdaterAggregatorImpl:0.13444444444444442
