Exploration:0.37333333333333335
ResearchScience:0.33666666666666667
ResearchMedicine:0.2922222222222222
ResearchMaterialsScience:0.2922222222222222
ResearchBotany:0.2922222222222222
SurfaceFeatures:0.23666666666666666
ExploredLocation:0.20666666666666667
ResearchAreology:0.2
Areologist:0.16377777777777777
