Button:0.2866666666666667
FrameLayout:0.2866666666666667
ImageView:0.2866666666666667
EditText:0.2633333333333333
Toolbar:0.25666666666666665
SeekBar:0.22333333333333333
TextView:0.22
RangeSeekBar:0.2
CoordinatorLayout:0.19666666666666666
GridLayout:0.19666666666666666
RelativeLayout:0.19666666666666666
AppBarLayout:0.19666666666666666
DrawerLayout:0.19666666666666666
LinearLayout:0.19666666666666666
CheckableDrawable:0.18666666666666668
FlowLayout:0.18333333333333332
CollapsingToolbarLayout:0.18333333333333332
DefaultColorStateList:0.14666666666666667
