Tag:0.37666666666666665
ArticleMgmtService:0.25333333333333335
FollowMgmtService:0.22
TagQueryService:0.21333333333333335
UserMgmtService:0.19333333333333333
ArticleRepository:0.19111111111111112
CommentMgmtService:0.12333333333333334
TagMgmtService:0.12333333333333334
