RateReporter:0.5966666666666667
ExamplePublisher:0.23333333333333334
StreamingPublisher:0.2188888888888889
RateSubscriber:0.2188888888888889
