Node:0.6288888888888888
NodeTest:0.36333333333333334
ParseTest:0.33666666666666667
