Component:0.5752777777777778
EditPreferencesFormAction:0.41055555555555556
