Mars:0.7433333333333333
CreateMissionWizard:0.36333333333333334
Coordinates:0.30666666666666664
MissionDataBean:0.19
MembersPanel:0.135
StartingSettlementPanel:0.13333333333333333
RendezvousVehiclePanel:0.13333333333333333
CollectIce:0.11666666666666667
VehiclePanel:0.11
DestinationSettlementPanel:0.11
CollectResourcesMission:0.08666666666666667
ProspectingSitePanel:0.08
TypePanel:0.07666666666666666
NavpointEditLayer:0.06666666666666667
CenteredCircleLayer:0.01
