IteratingMDLReader:0.4633333333333333
IteratingSMILESReader:0.4633333333333333
