Options:0.6
IOSMethodBinding:0.36
IOSMethod:0.3
BindingUtil:0.2866666666666667
ObjectiveCImplementationGenerator:0.25666666666666665
ObjectiveCImplementationGeneratorTest:0.22666666666666666
NameTable:0.22
TranslationProcessor:0.21
ObjectiveCHeaderGenerator:0.15666666666666668
ObjectiveCSourceFileGenerator:0.12333333333333334
