ValueType:0.5783333333333334
StyleInfo:0.5625
Proto:0.30333333333333334
