FeatureProperty:0.6283333333333333
PropertyScheme:0.38666666666666666
