CompositeBuilder:0.4
BuildAgentServiceImpl:0.38
DistributedMasterBuilder:0.2833333333333333
BuildAgentServiceImplTest:0.20333333333333334
CompositeBuilderTest:0.19
