ProxyHelper:0.41
MapClientProxy:0.35
HazelcastClientMapTest:0.2966666666666667
ClientService:0.22
MapPutIfAbsentHandler:0.1624761904761905
MapPutHandler:0.14333333333333334
MapTryPutHandler:0.04416666666666667
ClientMapOperationHandlerWithTTL:0.02666666666666667
