ViewTestModule:0.8719444444444444
BaseTest:0.43333333333333335
