IDataLoader:0.7866666666666666
TableTemplate:0.43333333333333335
CsvLoader:0.38333333333333336
DataLoaderService:0.25666666666666665
IDataLoaderService:0.15833333333333333
IColumnFilter:0.03
