MediaDriverContext:0.34
TermBuffers:0.3078888888888889
MediaConductor:0.2733333333333333
Publication:0.2633333333333333
DriverConnectedSubscription:0.25
MappedRawLog:0.23166666666666666
ControlFrameHandler:0.22333333333333333
ReceiverTest:0.22166666666666668
MediaDriver:0.21666666666666667
PubAndSubTest:0.17166666666666666
DriverPublication:0.17
MediaConductorTest:0.15333333333333332
