Bond:0.8566666666666667
RingPlacer:0.31333333333333335
StructureDiagramGenerator:0.25333333333333335
