SimpleOneRowCollector:0.51
GroupingProjector:0.23666666666666666
FetchProjector:0.23666666666666666
CollectExpression:0.17666666666666667
AggregationProjector:0.16333333333333333
SimpleOneRowCollectorTest:0.16
OneRowCollectService:0.14
ShardCollectService:0.13333333333333333
