MultipartUtils:0.5866666666666667
DateUtil:0.35
StringPart:0.22666666666666666
BodyFileRegion:0.12333333333333334
BaseFeeder:0.11
BodyChunkedInput:0.11
