Email:0.7066666666666667
EmailAttachmentBuilder:0.30666666666666664
EmailAttachment:0.28
ReceivedEmail:0.25666666666666665
SendMailSession:0.18944444444444444
SendMailTest:0.14333333333333334
EmailGreenTest:0.12666666666666668
ByteArrayAttachment:0.08
InputStreamAttachment:0.03333333333333333
FileAttachment:0.02666666666666667
DataSourceAttachment:0.01
