RBM:0.7333333333333333
DBN:0.53
DeepAutoEncoder:0.2521666666666667
DeepAutoEncoderTest:0.16333333333333333
