CustomLoadBalancer:0.7966666666666666
CustomLoadBalancerRunner:0.17666666666666667
CustomLoadBalancerProvider:0.043333333333333335
MyCustomPolicy:0.02666666666666667
CustomLoadBalancerTask:0.023333333333333334
