Script:0.63
Step:0.5466666666666666
ScriptTest:0.42333333333333334
