RrGraphics:0.47333333333333333
RrPolygonList:0.36666666666666664
LayerProducer:0.2733333333333333
Producer:0.27
