TestClassRunnerForBrowserVersion:0.48388888888888887
BrowserRoadie:0.36333333333333334
TestClassRunnerForNoBrowser:0.25666666666666665
