DSLContext:0.6569444444444444
DSL:0.44333333333333336
DropTableImpl:0.34
ParserImpl:0.27666666666666667
DefaultDSLContext:0.22
