StageInfo:0.5733333333333334
SqlStageExecution:0.37
StageManager:0.273
SqlQueryExecution:0.25
ImportTableExecution:0.18
Execute:0.14
SimpleQuery:0.12
SqlStageManager:0.04666666666666667
