DataMatrixReader:0.5
QRCodeReader:0.37333333333333335
EAN8BlackBox1TestCase:0.3144444444444444
