SeleniumTestCase:0.6333333333333333
MultiBuildLoopTest:0.31
ElapsedTimeTest:0.2633333333333333
