UmlProcessor:0.5983333333333334
ModelComparator:0.4093333333333333
