HdfsConfiguration:0.7066666666666667
HdfsEnvironment:0.6533333333333333
TestHiveClientSplitIteratorBackPressure:0.13666666666666666
TestHiveClient:0.13666666666666666
