Attribute:0.6066666666666667
PostgresDialect:0.3466666666666667
GenericDataTypeImpl:0.33
JDBCReverseEngineeringStrategy:0.23666666666666666
XMLAttributeSerializer:0.17333333333333334
