SystemShell:0.6033333333333334
Console:0.5466666666666666
ConsoleProcess:0.24666666666666667
CommandoCommand:0.17333333333333334
