ThreadLeakTestUtils:0.9233333333333333
NodeThreadLeakTest:0.3822222222222222
