MapClientProxy:0.6516666666666666
ExecutionCallbackAdapterFactory:0.33
DistributedExecutorService:0.31
MultiExecutionCallback:0.22355555555555554
