Log:0.4666666666666667
ProjectXMLHelper:0.39
BuildLogger:0.3447777777777778
ProjectTest:0.2966666666666667
MergeLogger:0.2633333333333333
PluginRegistry:0.15166666666666667
ProjectXMLHelperTest:0.10333333333333333
