RemoteActivityDefinition:0.44666666666666666
ActivityDefinitionLight:0.35333333333333333
ProcessGraph:0.32666666666666666
ConditionalActivityDefinition:0.3
ParallelActivityDefinition:0.2733333333333333
RemoteParallelActivityDefinition:0.2733333333333333
ServiceManagerDashboard:0.17333333333333334
ReportShortcutWidget:0.03666666666666667
