MoreLikeThisQueryBuilder:0.34
IdsQueryBuilder:0.2805555555555555
TermsQueryBuilder:0.21833333333333332
HasChildQueryBuilderTests:0.21
FreqTermsEnumTests:0.20333333333333334
IdFieldType:0.20111111111111113
StringFieldType:0.2
TermBasedFieldType:0.19333333333333333
IdsQueryBuilderTests:0.12666666666666668
