QueryGUIDRoutingPair:0.4866666666666667
Search:0.38333333333333336
MsgManager:0.31
DynamicQueryEngine:0.25333333333333335
ConnectionEngine:0.21666666666666667
UpdateCheckRunner:0.20666666666666667
AccessUtils:0.19666666666666666
VendorMsg:0.17333333333333334
TestMsgManager:0.13666666666666666
QueryGUIDRoutingTable:0.13666666666666666
TCPConnectBackVMsg:0.07666666666666666
QueryEntry:0.0
VendorMessageConstants:0.0
