AbstractDbDialect:0.5
OracleDbDialect:0.30333333333333334
SqlTemplate:0.2941666666666667
BootstrapService:0.2633333333333333
DataService:0.24
MockDataService:0.23666666666666666
IDataService:0.23666666666666666
IDbDialect:0.19416666666666665
