QuorumParser:0.64
DFA57:0.26416666666666666
DFA79:0.26416666666666666
