OkHttpClient:0.76
ResponseCacheTest:0.5466666666666666
OkHttpClientTest:0.25666666666666665
