EntityPersister:0.7311111111111112
AbstractEntityPersister:0.4266666666666667
DirtyTrackerTest:0.2733333333333333
GoofyProvider:0.2633333333333333
CustomPersister:0.2633333333333333
EntityEnhancer:0.26
NoopEntityPersister:0.18666666666666668
EnhancerTestUtils:0.17777777777777778
SimpleDirtyTracker:0.08
SortedDirtyTracker:0.08
