TreeSet:0.6133333333333333
TreeMap:0.5366666666666666
TreeMultimapTest:0.29333333333333333
TreeSetTest:0.21416666666666667
Builder:0.21
TreeMapTest:0.18
