SearchResult:0.47560317460317453
LuceneSearcher:0.4533333333333333
Delete:0.23
MainUtil:0.10333333333333333
