LTSJModel:0.5833333333333334
GraphJModel:0.5216666666666666
LTSTab:0.38
ExploreAction:0.2966666666666667
