Wavelength:0.5530555555555555
SpectralLightMapNode:0.41333333333333333
ChannelSPD:0.41333333333333333
