DefaultChannelProvider:0.49166666666666664
MultiServerCluster:0.29
UsageTrackingConnectionItemFactory:0.25333333333333335
BaseCluster:0.24666666666666667
ServerStateNotifier:0.21
SingleServerCluster:0.15
