FeaturesConfig:0.8433333333333334
MetadataManager:0.5633333333333334
TestHistogram:0.24
TestFeaturesConfig:0.14333333333333334
