Http2ClientStream:0.44333333333333336
VertxClientHandler:0.37666666666666665
HttpClientRequestPushPromise:0.36666666666666664
Http2ClientTest:0.33916666666666667
