X_AD_Tree:0.48333333333333334
GridTab:0.37333333333333335
MTree_NodeEQ:0.37333333333333335
MTree:0.3
X_AD_TreeNodeEQ:0.2633333333333333
MTree_Base:0.23444444444444448
VTreeMaintenance:0.23111111111111116
MToolbarAccess:0.16666666666666666
MFamily:0.16666666666666666
