JobInstance:0.8566666666666667
JobInstanceTests:0.22666666666666666
