LogSummaryAppenderUtils:0.455
StatisticManager:0.41
IStatisticManager:0.3566666666666667
ClientSymmetricEngine:0.32666666666666666
MockStatisticManager:0.31666666666666665
StatisticFlushJob:0.16
