FIRepositorySessionFactoryAdapter:0.6141666666666666
FileModuleImpl:0.49
NullFIRepositorySessionFactoryAdapter:0.27666666666666667
