WebCfgDelegate:0.6033333333333334
WebCfgService:0.5783333333333334
StudyListPage:0.49
