BeanWrapperFieldSetMapper:0.4066666666666667
BeanWrapperFieldSetMapperTests:0.3933333333333333
