MSPowerPointParser:0.4666666666666667
MSExcel2007Parser:0.05333333333333334
MSWord2007Parser:0.05333333333333334
MSPowerPoint2007Parser:0.05333333333333334
MSOffice2007Parser:0.05333333333333334
