FlowExecutorFactoryBean:0.4533333333333333
FlowBuilderServicesBeanDefinitionParser:0.31666666666666665
FlowRegistryBeanDefinitionParser:0.31333333333333335
MvcViewFactoryCreator:0.30666666666666664
MvcEnvironment:0.30111111111111116
FlowExecutorBeanDefinitionParser:0.25666666666666665
FlowExecutorFactoryBeanTests:0.14
FlowExecutionListenerLoaderBeanDefinitionParser:0.056666666666666664
FacesNamespaceHandler:0.016666666666666666
