FileAccessor:0.51
ApertureTestBase:0.4033333333333333
ValidatingCrawlerHandler:0.32666666666666666
TestFileSystemCrawler:0.2922222222222222
FileSystemCrawler:0.2866666666666667
