LienzoComponent:0.5466666666666666
ServerElement:0.4
SrvEdgeWidget:0.39666666666666667
Edge:0.29333333333333333
LienzoComponentConnector:0.21666666666666667
SrvNodeWidget:0.15333333333333332
EdgeWidgetDblClickListener:0.0033333333333333335
EdgeWidgetClickListener:0.0033333333333333335
EdgeWidgetRightClickListener:0.0033333333333333335
NodeWidgetDblClickListener:0.0033333333333333335
NodeWidgetClickListener:0.0033333333333333335
NodeWidgetRightClickListener:0.0033333333333333335
NodeWidgetRightClickedServerRpc:0.0
NodeWidgetDblClickedServerRpc:0.0
EdgeWidgetClickedServerRpc:0.0
NodeWidgetClickedServerRpc:0.0
EdgeWidgetDblClickedServerRpc:0.0
EdgeWidgetRightClickedServerRpc:0.0
