AbstractOsgiTests:0.5566666666666666
ApplicationContextWaiter:0.21033333333333334
PropertyPlaceholderTest:0.2
BundleClassLoader:0.17666666666666667
DependencyTest:0.1733888888888889
ReferenceProxyTest:0.1608888888888889
ServiceListenerTest:0.1608888888888889
LifecycleTest:0.15666666666666668
Cardinality0to1Test:0.1542222222222222
EquinoxPlatform:0.10666666666666667
