ManyManyLinkField:0.42333333333333334
ManyLinkField:0.37333333333333335
OneLinkField:0.24333333333333335
AbstractLinkField:0.18
