ComputationGraph:0.37333333333333335
MultiLayerNetwork:0.33
ComputationGraphConfiguration:0.3056666666666667
MultiLayerConfiguration:0.2956666666666667
Builder:0.2866666666666667
GraphBuilder:0.20777777777777778
DefaultTrainer:0.18333333333333332
ListBuilder:0.14666666666666667
