PeriodicTablePanel:0.6033333333333334
ElementButton:0.39
AddAtomModule:0.29333333333333333
PTDialogChangeListener:0.24666666666666667
