Actor:0.7566666666666667
Stack:0.30333333333333334
Widget:0.28
Cell:0.2633333333333333
ScrollPane:0.23333333333333334
WidgetGroup:0.2
SplitPane:0.2
TableLayout:0.14333333333333334
