Poller:0.59
QueryManager:0.42055555555555557
PollerTest:0.30666666666666664
DefaultPollContext:0.29777777777777775
DefaultQueryManager:0.27666666666666667
MockQueryManager:0.25811111111111107
MockNetworkTest:0.19
