Robot:0.5433333333333333
RecorderTestSuite:0.19333333333333336
ChoiceTester:0.18333333333333332
PlatformTest:0.17777777777777778
TesterTestSuite:0.16111111111111112
Listener:0.14
