BloggerAPIHandler:0.7669444444444444
MetaWeblogAPIHandler:0.5736666666666667
