AccumulatorCompiler:0.31666666666666665
PageProcessorCompiler:0.27666666666666667
JoinCompiler:0.27
StateCompiler:0.24666666666666667
JoinProbeCompiler:0.24333333333333335
CursorProcessorCompiler:0.23666666666666666
OrderingCompiler:0.07
