MoleculeEditorElement:0.6266666666666667
MoleculesEditorLabelProvider:0.3433333333333333
MoleculesEditorContentProvider:0.3
