RubyEditor:0.5066666666666667
Visitor:0.4766666666666667
RubyContentOutlinePage:0.31333333333333335
JRubyParser:0.21333333333333335
