ResTable:0.35333333333333333
ShadowArscAssetManager:0.3466666666666667
ResXMLParser:0.32
ResTableTheme:0.21694444444444447
_CompressedAsset:0.21666666666666667
ResXMLTree:0.214
SharedZip:0.20333333333333334
CppAssetManager:0.20333333333333334
_FileAsset:0.19
FileMap:0.19
