WebFlow1FlowUrlHandlerTests:0.7177777777777777
WebFlow1FlowUrlHandler:0.5799444444444444
