ObjectKeys:0.45359523809523816
WebKeys:0.45359523809523816
AbstractEntryProcessor:0.42
ListFolderController:0.29333333333333333
AjaxController:0.29
