FormTest:0.30333333333333334
HTMLCollection:0.285
HtmlImageInput:0.23366666666666666
WebTestCase:0.21833333333333332
HTMLFrameElementTest:0.20666666666666667
LocationTest:0.17
DisabledElementTest:0.154
AttributesTest:0.1406666666666667
