ConflictResolutionTest:0.43
AbstractDataExtractorServiceTest:0.25666666666666665
TransformationTest:0.2
AseTriggerTemplate:0.19333333333333333
