FeatureProperty:0.7233333333333334
ColumnProperty:0.5233333333333333
TiersIO:0.30666666666666664
