Kernel32:0.89
Kernel32Util:0.45666666666666667
Kernel32Test:0.41
Kernel32UtilTest:0.36666666666666664
