InjectionPoint:0.53
ConfigurationException:0.31333333333333335
InjectorImpl:0.3
RegularBuilder:0.2866666666666667
InjectionPointTest:0.25666666666666665
InjectionRequestProcessor:0.15
StaticInjection:0.12555555555555556
ConstructorInjector:0.11333333333333333
InstanceTarget:0.06666666666666667
