TableUtils:0.5705555555555555
StringUtils:0.5566666666666666
ForeignKeyConvention:0.36
