AbstractSharedCrateClusterTest:0.5933333333333334
InformationSchemaQueryTest:0.4033333333333333
AnalyzerServiceTest:0.2633333333333333
LatchedActionListener:0.10666666666666667
