LinkedHashMap:0.6866666666666666
HashMapTest:0.3233333333333333
AbstractMapTest:0.30333333333333334
TreeMapTest:0.3
LinkedHashMapTest:0.25
