StrategySelector:0.455
InfinispanRegionFactory:0.4066666666666667
CachingRegionFactory:0.4033333333333333
BaseNaturalIdRegionAccessStrategy:0.27
BaseEntityRegionAccessStrategy:0.27
BaseCollectionRegionAccessStrategy:0.25333333333333335
BaseRegion:0.25333333333333335
ReadWriteNaturalIdRegionAccessStrategy:0.24333333333333335
ReadWriteEntityRegionAccessStrategy:0.24333333333333335
ReadWriteCollectionRegionAccessStrategy:0.21333333333333335
StrategySelectorImpl:0.17
BaseGeneralDataRegion:0.15
EntityRegionImpl:0.13333333333333333
NaturalIdRegionImpl:0.13333333333333333
CollectionRegionImpl:0.13333333333333333
RegionFactoryInitiator:0.08
QueryResultsRegionImpl:0.07666666666666666
TimestampsRegionImpl:0.07666666666666666
AvailableSettings:0.04483333333333333
BaseTransactionalDataRegion:0.016666666666666666
