TypeConverterManager:0.68
CollectionConverter:0.4033333333333333
TypeConverterManagerBean:0.2633333333333333
