XMLNamespace:0.335
Ingest:0.30333333333333334
Export:0.2733333333333333
AtomDOSerializer:0.2633333333333333
AutoExporter:0.21333333333333335
AtomDODeserializer:0.20833333333333334
TestAPIM:0.18777777777777777
AtomAPIMMessage:0.18666666666666668
FedoraTypes:0.17833333333333334
NamespaceContextImplTest:0.17
TestCommandLineFormats:0.17
NamespaceContextImpl:0.16166666666666665
DOValidatorXMLSchemaTest:0.16166666666666665
FedoraServerTestCase:0.155
Constants:0.15333333333333332
ExportOptionsDialog:0.13
ObjectFormatDialog:0.11666666666666667
AtomNamespace:0.085
AtomZip1_1Format:0.02
Atom1_1Format:0.02
AtomZip1_1DOSerializer:0.0033333333333333335
Atom1_1DODeserializer:0.0033333333333333335
Atom1_1DOSerializer:0.0033333333333333335
