Xml:0.5983333333333334
HeapSorter:0.5855555555555556
