DebugUtils:0.57
EjbTransactionSupport:0.47333333333333333
EjbExceptionSupport:0.22666666666666666
PerformanceObserver:0.013333333333333334
PerformanceSimpleObserver:0.013333333333333334
