Spatial:0.5933333333333334
SearchManager:0.2833333333333333
OgcGenericFilters:0.26
