MockWebServer:0.7533333333333333
MockWebServerTest:0.16666666666666666
