GwtMainPage:0.6533333333333333
LoginEvent:0.35333333333333333
MastHead:0.3473333333333333
