LoggingITest:0.3566666666666667
MockMvcRequestSenderImpl:0.29
LoggingIfValidationFailsTest:0.28
RequestLoggingTest:0.28
RequestPrinter:0.25
ProxyITest:0.25
SpecificationBuilderITest:0.21666666666666667
AuthenticationITest:0.21666666666666667
MockMvcRequestSpecificationMergingTest:0.21666666666666667
RequestSpecMergingITest:0.19
