UpdateSettingsRequest:0.31666666666666665
PutWarmerRequestBuilder:0.2733333333333333
SimpleIndicesWarmerTests:0.21666666666666667
UpdateSettingsResponse:0.21666666666666667
DeleteWarmerRequest:0.20111111111111113
TransportUpdateSettingsAction:0.18666666666666668
DeleteWarmerRequestBuilder:0.13333333333333333
AcknowledgedResponse:0.13
MetaDataUpdateSettingsService:0.12666666666666668
RestUpdateSettingsAction:0.09333333333333334
PutWarmerResponse:0.01
DeleteWarmerResponse:0.01
