AbstractTestQueries:0.6183333333333333
QueryPlanner:0.37333333333333335
RelationPlanner:0.35
Visitor:0.2833333333333333
Analysis:0.255
TestAnalyzer:0.21333333333333335
