DFAState:0.7633333333333333
AtomTransition:0.3933333333333333
LeftRecursionDetector:0.35
