Formatter:0.63
AstVisitor:0.5316666666666666
TestStatementBuilder:0.24666666666666667
