Description:0.72
Request:0.4033333333333333
Version:0.22333333333333333
