Lens:0.7344444444444445
JnetPanel:0.5801111111111112
