QueryBuilder:0.9266666666666666
PlainAnalyzer:0.32666666666666666
SearchEngine:0.3233333333333333
AbstractSourceCodeAnalyzer:0.2966666666666667
Results:0.26
