LaunchingPlugin:0.9233333333333333
StandardVM:0.22666666666666666
