GL20:0.7233333333333334
ShaderProgram:0.4066666666666667
Mesh:0.30666666666666664
GLTexture:0.2813333333333334
GL20Profiler:0.2633333333333333
AndroidGL20:0.23833333333333334
VertexArray:0.23555555555555552
LwjglGL20:0.20666666666666667
IOSGLES20:0.19183333333333333
VertexData:0.19166666666666668
GL30Profiler:0.17666666666666667
JglfwGL20:0.14666666666666667
GwtGL20:0.12666666666666668
