TestDescriptor:0.5280555555555556
Root:0.38666666666666666
DiscoverySelectorResolver:0.30333333333333334
