PartitionStateManager:0.5666666666666667
FinalizePromotionOperation:0.36666666666666664
PromotionCommitOperation:0.2833333333333333
BeforePromotionOperation:0.2733333333333333
MigrationCommitRollbackTestingService:0.26
BeforePromotionOperationCallback:0.06333333333333334
