IngestActionFilter:0.54
IngestActionFilterTests:0.4033333333333333
IngestDisabledActionFilter:0.2866666666666667
