TedSerie:0.8466666666666667
GeneralPanel:0.37777777777777777
FeedsPanel:0.2866666666666667
EditShowDialog:0.27666666666666667
