ConnectionSource:0.4
PinnedBinding:0.35333333333333333
SingleConnectionBinding:0.3333333333333333
MongoQueryCursorExhaustTest:0.13333333333333333
MyConnectionSource:0.05416666666666667
AsyncConnectionSource:0.013333333333333334
