Stream:0.6466666666666666
Nil:0.44666666666666666
Cons:0.3763888888888889
