FedoraObjectResource:0.7669444444444444
DatastreamResource:0.5736666666666667
