ZoneConfig:0.5833333333333334
AuthenticationModuleImpl:0.5
NewlineSeparatedClobStringArrayType:0.31666666666666665
