AbstractInteropTest:0.52
JwtHelper:0.37
GoogleAuthLibraryCallCredentials:0.27666666666666667
GoogleAuthLibraryCallCredentialsTests:0.11666666666666667
