ClusterMBean:0.3933333333333333
ManagementService:0.39
FactoryImpl:0.30666666666666664
DataMBean:0.2833333333333333
QueueMBean:0.23333333333333334
ListMBean:0.23333333333333334
SetMBean:0.23333333333333334
MapEntryMBean:0.21916666666666668
AbstractMBean:0.19666666666666666
MapMBean:0.17333333333333334
TopicMBean:0.15166666666666667
MemberMBean:0.07333333333333333
LockMBean:0.03333333333333333
MultiMapMBean:0.03
