Function:0.5283333333333333
SortFieldImpl:0.43333333333333335
AggregateWindowFunctionTests:0.3383333333333333
