ModuleTestBase:0.5966666666666667
ModuleManager:0.45
XavaSuite:0.19333333333333333
NewWarehouseAction:0.08333333333333333
WarehouseSpecialNewTest:0.07666666666666666
