Adapter:0.4533333333333333
FailAndRetryMockTransport:0.3466666666666667
TransportServiceAdapter:0.31855555555555554
TransportService:0.2633333333333333
RequestHolder:0.22333333333333333
LocalTransport:0.22
TimeoutHandler:0.16111111111111112
MessageChannelHandler:0.14333333333333334
