GlobalMethodSecurityBeanDefinitionParser:0.36666666666666664
ConfigUtils:0.3566666666666667
BeanIds:0.12169841269841271
Elements:0.12169841269841271
ProtectPointcutPostProcessor:0.11333333333333333
SecurityNamespaceHandler:0.11
DelegatingMethodDefinitionSource:0.07
GlobalMethodSecurityBeanDefinitionParserTests:0.05333333333333334
SecuredAnnotationDrivenBeanDefinitionParserTests:0.05333333333333334
