ServiceConfiguration:0.54
IWorker:0.391
ServiceData:0.3566666666666667
ServiceSessionBean:0.25333333333333335
CertificateExpirationNotifierWorker:0.146
BaseWorker:0.12333333333333334
ServiceSessionLocal:0.08738888888888888
