OperationExecuteIterator:0.39666666666666667
OperationExecutionVisualPanel:0.29
OperationExecutionResultsVisualPanel:0.25666666666666665
OperationExecuteDescriptor:0.22666666666666666
OperationExecutionPanel:0.21
OperationExecuteNodeAction:0.17083333333333334
OperationExecutionResultsPanel:0.15111111111111108
