FieldSetMapper:0.22833333333333333
LineAggregator:0.22833333333333333
LineTokenizer:0.22833333333333333
