CardView:0.39666666666666667
ShadowGenerator:0.3433333333333333
Button:0.2375
ImageView:0.2375
FrameLayout:0.22666666666666666
LinearLayout:0.22666666666666666
GridLayout:0.21416666666666667
RelativeLayout:0.19605555555555554
