DictionaryBlock:0.6033333333333334
Block:0.5766666666666667
TestDictionaryBlock:0.38666666666666666
BlockBuilder:0.28
TestPage:0.055
TestBlockBuilder:0.006666666666666667
