ConcordancesEditorInput:0.4766666666666667
CorporaView:0.22333333333333333
FrequencyListEditorInput:0.2
CorrespondanceAnalysisEditorInput:0.2
LexicalTableEditorInput:0.19777777777777777
SpecificitiesResultEditorInput:0.19333333333333333
GetConcordances:0.1675
SpecificitiesContentProvider:0.09
AdapterFactory:0.05
CASingularValueLabelProvider:0.023333333333333334
SpecificitiesResultLabelProvider:0.023333333333333334
