Job:0.57
ThreadPool:0.31666666666666665
FileAdministration:0.2733333333333333
Listener:0.25333333333333335
AsynchronousDispatcher:0.22944444444444448
NetworkHostsContainer:0.22888888888888886
GWebCacheContainer:0.22
Worker:0.19666666666666666
SWDownloadWorker:0.17
SendWorker:0.15333333333333332
ChatEngine:0.13666666666666666
PushWorker:0.13333333333333333
SocketFactory:0.08333333333333333
JobMonitor:0.023333333333333334
