PropertyBean:0.7466666666666667
BeanPanel:0.42
DateWidget:0.30333333333333334
FocusPolicy:0.17
