RedissonDeque:0.6877777777777777
RedissonQueue:0.3333333333333333
RedissonDequeTest:0.16
