ALTest:0.8177777777777778
BaseAL:0.46388888888888885
