EditorOverlay:0.4644444444444444
JFXEditorOverlay:0.4266666666666667
JFXGeomUtils:0.30333333333333334
JFXServerGraphicsConfigHandler:0.28
JFXClippings:0.26883333333333337
SynthProgressBarUI:0.26883333333333337
ListSpinnerCaspianSkin:0.24666666666666667
DefaultTransformModel:0.21333333333333335
MapHorzContainerRenderer:0.21333333333333335
ArcCircleRenderer:0.21333333333333335
RotationContainerRenderer:0.21333333333333335
GCSymbolAnimatedRenderer:0.19666666666666666
JFXSymbolGenericRenderer:0.19666666666666666
SymbolAnimatedRenderer:0.19666666666666666
JFXSymbolTargetRenderer:0.19666666666666666
SwingEditorOverlay:0.15666666666666668
AbstractEditorOverlay:0.15666666666666668
ClickListener:0.13666666666666666
ArcEllipseRenderer:0.12
