EdgeViewI:0.6909444444444445
EdgeView:0.48
GraphData:0.44666666666666666
NBSelectionManager:0.35
SelectionListener:0.3056666666666667
JnetSelLis:0.14666666666666667
EdgeSel:0.10666666666666667
JnetSelListener:0.013333333333333334
