TreeParser:0.5566666666666666
ExprTree:0.5233333333333333
Tree:0.49
Operator:0.48333333333333334
Variable:0.37
Expression:0.30666666666666664
Assignment:0.24333333333333335
StringHandler:0.23916666666666667
ExprParseTest:0.22666666666666666
DefaultOp:0.20333333333333334
ExprTreeParser:0.18333333333333332
Id:0.16333333333333333
ExpressionTest:0.15333333333333332
ExprOp:0.10777777777777776
OldExpressionTest:0.06
IdValidator:0.016666666666666666
MultiExpression:0.0033333333333333335
ScanException:0.0025
ParseException:0.0025
MyTree:0.0025
