HazelcastTest:0.4633333333333333
MapClientProxy:0.25666666666666665
HazelcastClientMapTest:0.16
