ServletResourceTemplate:0.5944444444444443
ParameterConstants:0.47904761904761906
HttpTransportManager:0.31333333333333335
CompressionFilter:0.30333333333333334
