MockPreparedStatement:0.5033333333333333
MockStatement:0.39
FieldSearchResultSQLImpl:0.33
DDLConverter:0.3144444444444444
ConnectionWrapper:0.31333333333333335
MockConnection:0.27666666666666667
DerbyDDLConverter:0.27666666666666667
InstallOptions:0.2644444444444444
Database:0.25642857142857145
DerbyDDLConverterIntegrationTest:0.22666666666666666
McKoiDDLConverter:0.15333333333333332
MySQLDDLConverter:0.08333333333333333
PostgresDDLConverter:0.08333333333333333
OracleDDLConverter:0.08333333333333333
