Result:0.84
Cursor:0.64
ResultImpl:0.43333333333333335
ResultQuery:0.2684285714285714
CursorImpl:0.22333333333333333
AbstractDelegatingSelect:0.22333333333333333
AbstractResultQuery:0.19
jOOQAbstractTest:0.18
