AsciiMathParserTest:0.6719444444444443
LatexMathParserTest:0.2633333333333333
SimpleMathParserTest:0.23333333333333334
AbstractParserTestCase:0.20333333333333334
