Redisson:0.47
RedissonList:0.3433333333333333
RedissonMap:0.24
RedissonAtomicLong:0.23333333333333334
RedissonLock:0.22666666666666666
RedissonCountDownLatch:0.22
RedissonSet:0.21666666666666667
RedissonTopic:0.20333333333333334
RedissonQueue:0.18
