TransportActionFilterChainTests:0.42
ActionFilter:0.38625000000000004
ActionFilterChain:0.28958333333333336
TransportAction:0.24400000000000002
ResponseTestFilter:0.17666666666666667
RequestTestFilter:0.17666666666666667
RequestCallback:0.16834523809523808
ResponseCallback:0.16834523809523808
RequestFilterChain:0.15666666666666668
Simple:0.15333333333333332
FilteredActionListener:0.13
ResponseFilterChain:0.12333333333333334
BlockingActionFilter:0.08
