MouseEvent:0.5866666666666667
UIEventTest:0.25666666666666665
UIEvent:0.19333333333333333
