Messages:0.6988888888888889
ApplicationActionBarAdvisor:0.5466666666666666
