GenSpecWindow:0.43666666666666665
ApplicationWorkbenchAdvisor:0.43333333333333335
LogWindow:0.38
MangoScriptWindow:0.13333333333333333
GlobalViewWindow:0.02
StatisticsWindow:0.01
