Domain:0.5766666666666667
AuthorizationException:0.37333333333333335
