Operations:0.6233333333333333
Config:0.56
RESTClient:0.3566666666666667
GenericOperationsImpl:0.3333333333333333
GTransformer:0.2966666666666667
FgsOperationsSoapBindingStub:0.26
SOAPClient:0.18333333333333332
FgsOperationsSoapBindingImpl:0.17333333333333334
OperationsTest:0.13333333333333333
RESTImpl:0.1
SOAPImpl:0.03833333333333333
URIResolverImpl:0.0
