GetActionIT:0.39666666666666667
GetResult:0.37666666666666665
Location:0.34
IndexWithShadowReplicasIT:0.31
InternalEngine:0.2833333333333333
VersionValue:0.21666666666666667
SimpleTimestampIT:0.21
TermVectorsService:0.20333333333333334
SimpleTTLIT:0.19666666666666666
TranslogTests:0.17
DeleteVersionValue:0.17
ShardGetService:0.14333333333333334
ShadowEngineTests:0.13333333333333333
InternalEngineTests:0.13
VersionValueTests:0.12166666666666667
LiveVersionMapTests:0.09
VersionValueSupplier:0.0
