PatientIdentifier:0.48333333333333334
UrlServletResponseItem:0.43933333333333335
RecodeDicom:0.38333333333333336
EncodeDicom:0.17333333333333334
WadoParams:0.06333333333333334
