Formatter:0.44333333333333336
FormatterHtml:0.44333333333333336
FormatterText:0.3466666666666667
