Musician:0.66
MakeOperationConcurrently:0.30333333333333334
TestShare3UsersConcurrently:0.19666666666666666
InitMusician:0.17333333333333334
MusicianConfiguration:0.05
