Redshift:0.7136111111111111
DriverDataSource:0.6033333333333334
DbSupportFactory:0.3333333333333333
