XMLHttpRequest:0.7733333333333333
ActiveXObject:0.39
XMLHttpRequestTest:0.20666666666666667
