Configuration:0.5
NLSPropertiesFile:0.3333333333333333
NLSExporter:0.31666666666666665
NLSImporter:0.22555555555555556
JobCanceledException:0.07555555555555554
