TaskExecutor:0.5033333333333333
PrioritizedSplitRunner:0.4066666666666667
NewInMemoryOrderByOperator:0.3025
InMemoryExchange:0.3
SqlTaskExecution:0.25666666666666665
NewRecordProjectOperator:0.24666666666666667
NewAggregationOperator:0.24666666666666667
SqlStageExecution:0.22194444444444447
Runner:0.21388888888888885
TaskExecutorSimulator:0.21333333333333335
TaskHandle:0.18666666666666668
SimulationTask:0.17666666666666667
NewLimitOperator:0.14666666666666667
NewHashSupplier:0.14333333333333334
MultiSliceFieldOrderedTupleComparator:0.13666666666666666
NewInMemoryOrderByOperatorFactory:0.13
TaskExecutorTest:0.07333333333333333
