RulesTestCase:0.4533333333333333
CramerRulesTest:0.3466666666666667
RuleHeteroaromatic:0.15666666666666668
RuleAromatic:0.15666666666666668
