ItemSkipPolicyItemHandler:0.6483333333333333
ItemSkipPolicyItemHandlerTests:0.2343333333333333
