LayoutHelper:0.6466666666666666
Branch:0.3441666666666667
DefaultGraph:0.33666666666666667
VisibilityGraph:0.3333333333333333
