GwtViewHelper:0.3933333333333333
ShareExpirationInfo:0.3333333333333333
ShareStringValue:0.32666666666666666
GwtPerShareInfo:0.27666666666666667
DataTableFolderViewBase:0.26
GwtSharedMeItem:0.22666666666666666
ShareDateInfo:0.21333333333333335
ShareAccessInfo:0.08666666666666667
ShareMessageInfo:0.08666666666666667
ShareStringValueCell:0.08666666666666667
CollectionView:0.051666666666666666
