PrivateKeyContainerKeyStore:0.45666666666666667
SigningEntity:0.42
SessionData:0.31333333333333335
SigningEntityContainer:0.2866666666666667
StandAloneSession:0.27666666666666667
