GwtTeamingMessages:0.31666666666666665
TaskListing:0.3
EventHelper:0.2733333333333333
TaskHierarchyDisabledEvent:0.2733333333333333
UIData:0.27
TaskHierarchyDisabledDlg:0.11666666666666667
