C3DRippler:0.38666666666666666
C3DDialog:0.27666666666666667
C3DDrawer:0.27666666666666667
C3DPopup:0.2633333333333333
C3DProgressBar:0.2596666666666667
C3DCheckBox:0.2596666666666667
C3DToolbar:0.20333333333333334
C3DButton:0.19866666666666666
PopupTransition:0.15333333333333332
DrawerTransition:0.10666666666666667
