AndroidFileHandle:0.5666666666666667
AndroidZipFileHandle:0.42333333333333334
AndroidFiles:0.38666666666666666
AndroidAudio:0.22333333333333333
