AsyncFrameWriter:0.37
OkHttpClientStream:0.25666666666666665
MockStreamListener:0.2454444444444444
OkHttpClientTransportTest:0.23
OkHttpSession:0.22583333333333333
OkHttpClientTransport:0.20666666666666667
ClientFrameHandler:0.18472222222222223
Http2Operation:0.14
