HttpClient:0.4827777777777777
AbstractRequest:0.4766666666666667
RequestTest:0.37666666666666665
BodySetter:0.30333333333333334
OAuthRequest:0.25083333333333335
OAuthService:0.18
FileBodySetter:0.07333333333333333
ByteArrayBodySetter:0.07333333333333333
NingHttpClient:0.07333333333333333
AhcHttpClient:0.07333333333333333
StringBodySetter:0.07333333333333333
