RankEvalResult:0.4266666666666667
RankedListQualityMetric:0.26666666666666666
PrecisionAtN:0.23
RankEvalResponse:0.15666666666666668
QuerySpecTests:0.05333333333333334
TransportRankEvalAction:0.03
RatingMapping:0.03
RestRankEvalAction:0.006666666666666667
