WebsocketTest:0.6033333333333334
HttpTLSTest:0.4066666666666667
ClusteredEventBusWithSSLTest:0.22333333333333333
