BioResourceView:0.5633333333333334
TextEditor:0.4866666666666667
