LSYParser:0.5466666666666666
LSYTokenizer:0.32666666666666666
_Field:0.20333333333333334
LSYTokenTypes:0.011111111111111112
