MultimediaManager:0.6338888888888888
AdvancedMultimediaManager:0.48
ZXingMIDlet:0.44333333333333336
DefaultMultimediaManager:0.35
