HighlighterSearchIT:0.7433333333333333
Lucene:0.47333333333333333
Version:0.38666666666666666
Analysis:0.2866666666666667
LuceneTests:0.20666666666666667
