BootstrapService:0.3433333333333333
SymmetricEngine:0.29
ParameterConstants:0.26944444444444443
RandomTimeSlot:0.24333333333333335
RegistrationService:0.23
MultiTierTest:0.21
RegistrationFailedException:0.11666666666666667
MultiTierTestConstants:0.10838095238095237
