HtmlPage:0.55
Document:0.3827777777777778
WebAssert:0.2966666666666667
HtmlImage:0.23666666666666666
HtmlSelectTest:0.18333333333333332
HtmlFormTest:0.18333333333333332
YuiTest:0.18333333333333332
HtmlPageTest:0.17333333333333334
HtmlElementTest:0.16666666666666666
DomNodeTest:0.15
JavaScriptBackgroundJob:0.15
HtmlUnitXPathTest:0.14333333333333334
JQueryTestBase:0.13
HtmlHtmlTest:0.08333333333333333
