MACiEReader:0.7916666666666666
MDLReader:0.43433333333333335
