HTMLElement:0.5466666666666666
FocusableElementTest:0.3711111111111111
Label:0.23666666666666666
LabelTest:0.08666666666666667
