ElasticsearchAssertions:0.6166666666666667
QueryRescorerTests:0.36666666666666664
SimpleRecoveryLocalGatewayTests:0.3566666666666667
