ConnQueue:0.4866666666666667
HttpClientImpl:0.37666666666666665
VertxHttp2ConnectionHandler:0.3555555555555555
HttpClientRequestImpl:0.29333333333333333
ConnectionManager:0.29
Pool:0.19666666666666666
Http1xPool:0.14
QueueManager:0.12666666666666668
Http2Pool:0.12333333333333334
VertxHttp2ConnectionHandlerBuilder:0.11
ClientHandler:0.04
