MessageDispatcherServlet:0.6233333333333333
MessageDispatcher:0.5366666666666666
AbstractEndpointExceptionResolver:0.24333333333333335
MessageDispatcherTest:0.23333333333333334
SoapMessageDispatcher:0.22333333333333333
MessageDispatcherServletTest:0.05
