Options:0.63
Import:0.34
ObjectiveCHeaderGeneratorTest:0.3
InputFilePreprocessor:0.28072222222222226
Types:0.2727777777777778
TranslationProcessor:0.25
GenerationTest:0.24333333333333335
J2ObjC:0.23
