GeoBoundsIT:0.43666666666666665
MissingValueIT:0.37333333333333335
GeoUtils:0.35333333333333333
RandomShapeGenerator:0.3
SearchModule:0.24333333333333335
AggregationBuilders:0.23666666666666666
