ClusterJoinTest:0.4033333333333333
DefaultAddressPicker:0.3
ClusterQueueTest:0.2633333333333333
TestUtil:0.2132777777777778
AsyncTest:0.19333333333333333
TopicTest:0.19333333333333333
QueueTestsFrom2X:0.19333333333333333
HazelcastTestSupport:0.14666666666666667
SpringXmlBuilder:0.13666666666666666
