CacheLoadingTest:0.45166666666666666
Sync:0.43213888888888885
CacheBuilderTest:0.28
