TC_DebuggerCommunicationTest:0.6116666666666667
RubyExceptionBreakpoint:0.48333333333333334
RubyDebuggerProxy:0.47
DebugModelPresentation:0.22333333333333333
TC_DebuggerProxyTest:0.16
ModifyCatchpointDialog:0.056666666666666664
ModifyCatchpointAction:0.03666666666666667
