IBatchListener:0.47809523809523813
DataLoaderService:0.35
AbstractTextPublisherDataLoaderFilter:0.3
ConfigurationChangedFilter:0.1425
XmlPublisherDataLoaderFilter:0.12416666666666666
