Tokenizer:0.44
Parser:0.35
Generator:0.29
Token:0.23
DeclarationList:0.22333333333333333
TokenIndexer:0.21666666666666667
InfoMap:0.17305555555555557
