IHeartbeatListener:0.5519047619047619
DataService:0.35333333333333333
ExtensionProcessor:0.2733333333333333
IDataService:0.27166666666666667
MockDataService:0.25666666666666665
PushHeartbeatListener:0.20333333333333334
