Errors:0.5366666666666666
PrivateModule:0.36
Expose:0.22666666666666666
RecordingBinder:0.21416666666666667
PrivateModuleTest:0.19333333333333333
BindingProcessor:0.15666666666666668
