HostManager:0.6797222222222223
ReadWorker:0.5984444444444444
