LogRebuilder:0.5266666666666666
DriverConnection:0.3377777777777778
LogRebuilderTest:0.33666666666666667
