UltimateViewAdapter:0.6058333333333333
UltimateGridLayoutAdapter:0.43
GridLayoutRVAdapter:0.29833333333333334
