ConnectionTypeDescriptor:0.5476666666666666
ConnectionNode:0.33
ThreadsViewComponent:0.25
DashboardTopComponent:0.24688888888888888
DMBean:0.2286111111111111
WebsphereConnectionTypeDescriptor:0.22666666666666666
MBeanFilterNode:0.19333333333333333
WebsphereConnectionProvider:0.18666666666666668
JBossConnectionProvider:0.14333333333333334
ClassLoaderFactory:0.14
ThreadDataGraphCellHeaderRenderer:0.12
AbstractConnectionTypeDescriptor:0.1163888888888889
ThreadDataGraphRenderer:0.09666666666666666
LogManager:0.07
ThreadStateCellRenderer:0.023333333333333334
