GTS:0.87
PGTS:0.4766666666666667
ExploreData:0.21133333333333332
TransSystemChecker:0.18
LTSReporter:0.14
