RecordingFragmentReader:0.4766666666666667
ReplaySession:0.44666666666666666
RecordingWriter:0.33
ArchiveConductor:0.2733333333333333
RecordingSession:0.26666666666666666
SessionWorker:0.2652777777777778
ReplaySessionTest:0.25333333333333335
TestUtil:0.18666666666666668
DedicatedModeArchiveConductor:0.12666666666666668
