YAnchor:0.19
LineJoin:0.11333333333333333
PathType:0.11333333333333333
XAnchor:0.11333333333333333
LineStyle:0.11333333333333333
FillStyle:0.11333333333333333
LinePattern:0.11333333333333333
ArrowStyle:0.11333333333333333
Mark:0.11333333333333333
FillPattern:0.11333333333333333
LineCap:0.11333333333333333
ArcClosure:0.11
