ClassMetadataChildren:0.3333333333333333
HierarchyCustomizerTopComponent:0.2966666666666667
ClassMetadataNode:0.2966666666666667
HierarchyCustomizerService:0.26
LocalClassMetadataLightImpl:0.25333333333333335
