Imager:0.5466666666666666
GTS:0.525
PngFormat:0.4077777777777778
