LongHolder:0.5438888888888888
BindingBuilderImpl:0.45
ConstantConversionTest:0.2733333333333333
ReflectionTest:0.2633333333333333
