TranslogTests:0.4166666666666667
InternalEngineTests:0.38
OldIndexBackwardsCompatibilityIT:0.36333333333333334
RestoreBackwardsCompatIT:0.3
MultiDataPathUpgraderTests:0.18333333333333332
