PyList:0.6266666666666667
PyString:0.5566666666666666
PyTuple:0.35
