GAMEAdapter:0.4266666666666667
GAMESave:0.3466666666666667
ChadoXmlWrite:0.31
ChadoXmlAdapter:0.22666666666666666
