ConfigurationProcessor:0.5833333333333334
ConfigurationPostProcessor:0.43666666666666665
