IndexSettingsTests:0.36666666666666664
MetaDataIndexUpgradeService:0.33
AbstractScopedSettings:0.30333333333333334
Gateway:0.22
