WidgetTester:0.43
StyledTextTester:0.38333333333333336
TreeItemTester:0.3433333333333333
SliderTester:0.3
ListTester:0.29
CoolBarTester:0.26666666666666666
ControlTester:0.25333333333333335
CaretTester:0.24666666666666667
TabFolderTester:0.24666666666666667
ScaleTester:0.23666666666666666
ButtonTester:0.22333333333333333
LabelTester:0.20333333333333334
ProgressBarTester:0.18333333333333332
CComboTester:0.18
CompositeTester:0.10944444444444443
CanvasTester:0.006666666666666667
LinkTester:0.006666666666666667
SashTester:0.0033333333333333335
