EditReportFormAction:0.10666666666666667
RemoveReportAction:0.10666666666666667
DownloadReportAction:0.10666666666666667
ExportReportAction:0.10666666666666667
EditReportAction:0.10666666666666667
