TransactionConfidence:0.45
Builder:0.4166666666666667
TransactionOutput:0.38333333333333336
Transaction:0.3433333333333333
WalletOrBuilder:0.2833333333333333
WalletTest:0.27666666666666667
TransactionOrBuilder:0.2500396825396825
Wallet:0.23666666666666666
WalletProtobufSerializer:0.19
