Pool:0.73
ConnectionHolder:0.4257222222222222
FakeConnectionManager:0.2611111111111111
