SnmpConfiguration:0.7
AbstractSpringJerseyRestTestCase:0.31333333333333335
FactoryBasedSnmpConfigDao:0.30333333333333334
SnmpConfigDao:0.15555555555555556
SnmpConfigDaoTest:0.15
SnmpConfigRestServiceTest:0.03666666666666667
SnmpConfigRestService:0.013333333333333334
InetAddressXmlAdapter:0.0
