DefaultConnectionPool:0.5294444444444445
DefaultConnectionPoolTest:0.36666666666666664
TimeoutTrackingConnectionGetter:0.23666666666666666
