TestExtensionRegistry:0.5116666666666667
RegisteredExtensionPoint:0.46
ExtensionPointSortingTest:0.29333333333333333
TestExtensionRegistryTest:0.24666666666666667
ExtensionPointSorter:0.21333333333333335
