JbossIntegrationFilter:0.3997777777777778
HttpSessionIntegrationFilterTests:0.30333333333333334
JbossIntegrationFilterTests:0.29
HttpRequestIntegrationFilterTests:0.26
AbstractIntegrationFilter:0.25666666666666665
AutoIntegrationFilterTests:0.16666666666666666
MockHttpSessionIntegrationFilter:0.16
HttpRequestIntegrationFilter:0.15333333333333332
AutoIntegrationFilter:0.08666666666666667
MockAbstractIntegrationFilterImpl:0.04
HttpSessionIntegrationFilter:0.03
