Result:0.47333333333333333
XmlSearch:0.23666666666666666
SelectionSearch:0.23666666666666666
RemoteShow:0.10333333333333333
SearchUnused:0.10333333333333333
GetResultsInfo:0.10333333333333333
