SimpleIndexQueryParserTests:0.5647222222222222
FilterBuilders:0.5
SimpleQueryTests:0.4266666666666667
IndicesQueriesModule:0.27666666666666667
