CookieManager:0.7
HtmlMeta:0.31666666666666665
IncorrectnessListenerTest:0.14666666666666667
CookieManager4Test:0.08
