BioclipseStore:0.49666666666666665
MockIFile:0.49333333333333335
IModelChangedListener:0.35
ICachedModel:0.3453333333333334
BioObject:0.21333333333333335
BioclipseStoreTest:0.20333333333333334
CDKAdapterFactory:0.11333333333333333
