EjbcaWS:0.6266666666666667
HashMapTest:0.23333333333333334
KeyRenewer:0.20333333333333334
JAXWSDocAndConvTools:0.20333333333333334
UniqueSernoHelper:0.15
CompilationUnit:0.07333333333333333
Method:0.045182539682539685
