Sender:0.5133333333333333
Receiver:0.41333333333333333
UdpChannelTransport:0.3933333333333333
MediaDriver:0.33
