ProcessElementPresentation:0.54
JbpmDefinitionLogic:0.3933333333333333
JbpmExecutionLogic:0.29333333333333333
GraphConverter:0.24333333333333335
BaseDetailTableBuilder:0.2
ExecutorTableBuilder:0.15
PasswordTableBuilder:0.14666666666666667
InstanceGraphFormTag:0.13333333333333333
