MadvocController:0.5733333333333334
WebApplication:0.4
ServletConfigInterceptor:0.29
ServletConfigAltInterceptor:0.17416666666666666
IdRequestInjectorInterceptor:0.14333333333333334
