SearchManager:0.9833333333333333
GetRecordsRequest:0.5833333333333334
UserQueryInput:0.54
GetInfo:0.056666666666666664
