Future:0.34
Nil:0.23444444444444448
FutureTest:0.23333333333333334
Empty:0.22666666666666666
Node:0.19777777777777777
Cons:0.19
