Condition:0.49
DcmServerService:0.44
StoreScp:0.43
AbstractScpService:0.32
StoreScpService:0.26666666666666666
DecompressCmd:0.26666666666666666
CompressCmd:0.21666666666666667
FileDataSource:0.10666666666666667
StorageRules:0.08666666666666667
CompressionRules:0.02666666666666667
ForwardingRules:0.02666666666666667
