StoredGrammarView:0.8133333333333334
StatePanel:0.33
StateJList:0.32666666666666666
MyTransferHandler:0.20666666666666667
