ResponseSpecification:0.73
Response:0.62
MockMvcRequestSenderImpl:0.3258333333333333
ResponseOptions:0.31337301587301586
ExtractableResponse:0.24666666666666667
ValidatableResponseOptions:0.20083333333333334
ResponseSpecBuilder:0.18
ValidatableResponseOptionsImpl:0.17
RestAssuredResponseOptionsImpl:0.12
ResponseTimeITest:0.10666666666666667
ValidatableResponse:0.016666666666666666
