IndexShard:0.6133333333333333
ShardRouting:0.5433333333333333
TransportShardBulkAction:0.26666666666666666
TransportReplicationAction:0.2633333333333333
TransportIndexAction:0.23333333333333334
TransportDeleteAction:0.22666666666666666
ShardRoutingTests:0.08666666666666667
