Utils:0.8366666666666667
Http2OkHttpTest:0.24333333333333335
Tester:0.1
