PlanVisitor:0.26
ValidateDependenciesChecker:0.26
ChildReplacer:0.24666666666666667
Rewriter:0.22333333333333333
NodePrinter:0.21666666666666667
Visitor:0.19
