XmlConfigBuilder:0.43
WanReplicationConfig:0.3466666666666667
XMLConfigBuilderTest:0.3
TestFullApplicationContext:0.24666666666666667
ConfigXmlGenerator:0.23333333333333334
SpringXmlConfigBuilder:0.22333333333333333
InvalidConfigurationTest:0.21666666666666667
