AbstractFolderModule:0.4533333333333333
Tag:0.4166666666666667
EntityId:0.22333333333333333
ResourceUtil:0.18
LinkUriUtil:0.16444444444444445
FolderEntryResource:0.1
