ModelGenerator:0.71
ModelViewGenerator:0.38166666666666665
ReferenceDataUtils:0.17333333333333334
