Stringification:0.5266666666666666
Configurations:0.5166666666666667
ServiceLauncher:0.28
