SearchAndReplace:0.7433333333333333
SearchDialog:0.41333333333333333
SearchBar:0.2866666666666667
ActionHandler:0.17177777777777778
