Robot:0.5066666666666667
AWT:0.41
ScriptEditor:0.3433333333333333
ComponentPropertyModel:0.2505555555555556
ComponentBrowser:0.21333333333333335
SelectionModel:0.2
ComponentTree:0.15666666666666668
HierarchyMonitor:0.07666666666666666
