JCPWizardPage:0.5133333333333333
JCPWizard:0.4266666666666667
JCPMultiPageEditor:0.36333333333333334
JCPMultiPageEditorContributor:0.27666666666666667
