KEAFilter:0.6766666666666666
KEAModelBuilder:0.2866666666666667
KEAKeyphraseExtractor:0.27666666666666667
