Metadata:0.74
FunctionInfo:0.5
FunctionRegistry:0.29333333333333333
TestingMetadata:0.21333333333333335
SessionMetadata:0.17666666666666667
ImportMetadata:0.17666666666666667
DatabaseMetadata:0.17666666666666667
MetadataManager:0.16333333333333333
