Group:0.6133333333333333
MenuHelper:0.4033333333333333
