RubyEditor:0.5766666666666667
RubyEditorActionContributor:0.3333333333333333
RubySourceViewer:0.27666666666666667
RubySourceViewerConfiguration:0.24666666666666667
RubyOutlineInformationControl:0.21333333333333335
OverrideIndicatorLabelDecorator:0.17666666666666667
