ListTester:0.45
MenuTester:0.43
ComboTester:0.4066666666666667
FormatterImpl:0.30666666666666664
WidgetFormatter:0.19666666666666666
