StaxEventItemWriter:0.5577777777777777
PropertyMatches:0.4533333333333333
CompositeItemTransformerTests:0.17333333333333334
CompositeItemTransformer:0.13666666666666666
SpringValidator:0.10333333333333333
