ModelGenerator:0.31333333333333335
BasicIntegrationConfiguration:0.30666666666666664
TechnologyCatalogUtils:0.26666666666666666
Configuration:0.25666666666666665
Targets:0.23
AbstractGenerator:0.16
MinuteProjectException:0.07333333333333333
