WebserviceBeanLocal:0.79
AbstractGISView:0.6766666666666666
PhysicalConnectionConfiguration:0.5766666666666667
BusinessEntityManager:0.5572222222222222
WebserviceBean:0.3566666666666667
CustomGoogleMap:0.32666666666666666
AbstractTooledComponent:0.28733333333333333
ClassInfoLight:0.2833333333333333
BusinessEntityManagerImpl:0.24666666666666667
DropHandlerImpl:0.22333333333333333
ObjectNodeProperty:0.215
MarkerClickListenerImpl:0.17
OutsidePlantComponent:0.15333333333333332
NodeMarker:0.14666666666666667
ConnectionPolyline:0.09111111111111111
GoogleMapsGISView:0.09
FirstStep:0.07333333333333333
PhysicalConnectionWizard:0.05
SecondStep:0.041666666666666664
GoogleMapWrapper:0.013333333333333334
