FreeMarkerResultTest:0.55
URLTagTest:0.44333333333333336
AbstractTagTest:0.2
InnerDispatcher:0.14333333333333334
NoOpDispatcher:0.07
