Context:0.4533333333333333
RecordingIndex:0.43666666666666665
ClusteredServiceAgent:0.28
ConsensusModule:0.22
SequencerAgent:0.20333333333333334
Entry:0.16333333333333333
ConsensusPos:0.15
ConsensusTracker:0.11666666666666667
SnapshotPos:0.1
EntryConsumer:0.0011111111111111111
