StatisticsTracker:0.57
CrawlController:0.3738888888888889
AbstractTracker:0.30666666666666664
