KeyStoreContainer:0.5433333333333333
KeyTools:0.42
KeyStoreContainerP11:0.21
PKCS11CAToken:0.20444444444444446
HSMKeyTool:0.09333333333333334
