Entry:0.7911111111111111
DatabaseEntry:0.7166666666666668
