AccessDecisionVoter:0.92
AbstractAccessDecisionManager:0.24333333333333335
RunAsManagerImpl:0.12333333333333334
UnanimousBased:0.07666666666666666
ConsensusBased:0.06333333333333334
RoleVoter:0.043333333333333335
AffirmativeBased:0.03666666666666667
