MockQueryExecution:0.4866666666666667
TestResourceGroups:0.34
ResourceGroupInfo:0.3233333333333333
SqlQueryManager:0.24666666666666667
ResourceGroupId:0.22
QueryManager:0.18527777777777776
TestResourceGroupId:0.05333333333333334
