BandwidthController:0.5833333333333334
ControllerWindowTimer:0.23775396825396825
