SharedProject:0.65
ActivitySequencer:0.3333333333333333
SessionView:0.2966666666666667
RemoveAllDriverRoleAction:0.2833333333333333
ConcurrentDocumentManager:0.27
