LayerRenderer:0.6333333333333333
Overlay:0.5933333333333334
RenderingLayer:0.56
SwingLayerRenderer:0.48333333333333334
EditorLayerManager:0.37
EditorLayer:0.37
EditorPanel:0.30333333333333334
EditorEngine:0.29333333333333333
TreeEditorCopyHelper:0.2733333333333333
EditorOverlay:0.2733333333333333
LayerTreeEditor:0.27
RenderingLayerImpl:0.255
JFXLayerRenderer:0.23333333333333334
ARINC661App:0.21
FrameworkConfiguration:0.21
ARINCSettings:0.21
SymbolsEditor:0.20444444444444443
JFXRendererBridge:0.20333333333333334
WidgetListener:0.2
DeleteCreateWidgetEdit:0.19333333333333333
GroupUngroupWidgetEdit:0.18666666666666668
SwingRendererBridge:0.18666666666666668
DefaultScriptLogger:0.18
AbstractMoveWidgetEdit:0.17666666666666667
ClickListener:0.16666666666666666
JFXEditorDFRenderer:0.14666666666666667
LayerListener:0.12333333333333334
SwingOverlay:0.11333333333333333
