MtuScanner:0.4866666666666667
Appender:0.43333333333333335
FrameDescriptor:0.43
MtuScannerTest:0.29333333333333333
