ZoomPanAction:0.4033333333333333
ImageBean:0.30666666666666664
SeriesBean:0.29
WadoImage:0.2866666666666667
LocalStudyModelTest:0.1466111111111111
