LockTest:0.7233333333333334
QueryBinder:0.6566666666666666
