FieldInfo:0.62
FieldHandler:0.44
intHandler:0.15666666666666668
setHandler:0.12666666666666668
intEnumHandler:0.11666666666666667
ptrRelHandler:0.1075
nilHandler:0.0
