Configuration:0.5233333333333333
JsonSupport:0.4207619047619048
ClientHead:0.3516666666666667
JsonSupportWrapper:0.2564285714285714
JacksonJsonSupport:0.24666666666666667
