DataFlowTypeInferrer:0.4633333333333333
MethodDefinitionLocator:0.4633333333333333
TypeInferenceHelper:0.14
MethodInvocationLocator:0.11666666666666667
