Atom:0.6333333333333333
ElectronContainer:0.4066666666666667
ChemObjectTest:0.2966666666666667
ChemObject:0.27666666666666667
AtomTest:0.26
Bond:0.23
AtomTypeTest:0.21666666666666667
IsotopeTest:0.20333333333333334
ElementTest:0.19
