HttpResponse:0.5111111111111112
HttpRequest:0.42
HttpBase:0.3383333333333333
