MappedFieldType:0.5966666666666667
FieldMapper:0.43333333333333335
UpdateMappingTests:0.2966666666666667
FieldTypeTestCase:0.26666666666666666
FieldTypeLookup:0.21333333333333335
