SpatialIndexWriter:0.4166666666666667
SearchManager:0.3566666666666667
Geonet:0.2911111111111111
CatalogSearcher:0.24333333333333335
Spatial:0.23666666666666666
SpatialFilter:0.20650000000000002
GetRecords:0.17333333333333334
CatalogDispatcher:0.10666666666666667
Geonetwork:0.07
SearchController:0.06333333333333334
