Windows:0.4766666666666667
Word2VecDataSetIterator:0.43888888888888894
WindowConverter:0.23333333333333334
