HtmlStaplerBundlesManager:0.6133333333333333
Jodd:0.44666666666666666
LagartoParserEngine:0.27166666666666667
LagartoServletFilter:0.15833333333333333
DOMBuilderTagVisitor:0.14416666666666667
HtmlStaplerFilter:0.11833333333333333
