DPInterface:0.44
Expression:0.41
Evaluator:0.40552380952380945
Constraint:0.36333333333333334
IntegerConstant:0.36333333333333334
SymbolicInteger:0.31333333333333335
LinearExpression:0.2866666666666667
PathCondition:0.2733333333333333
JPF_gov_nasa_jpf_symbolic_integer_SymbolicConstraints:0.24666666666666667
Heap:0.22666666666666666
FloatConstant:0.21666666666666667
ArrayBoolStructure:0.19666666666666666
ArrayIntStructure:0.17
ArrayIntCheckStructure:0.17
JPF_gov_nasa_jpf_symbolic_integer_SymbolicConstraintsSolver:0.16166666666666665
SymbolicConstraints:0.13666666666666666
DPFactory:0.13166666666666665
NativeInterface:0.13
Reconstruction:0.12666666666666668
StringConstant:0.12666666666666668
PathConditionPrinting:0.08772222222222222
StringConstraint:0.06666666666666667
StringExpression:0.04666666666666667
ConstraintBuilder:0.04611111111111111
CVCLInterface:0.043333333333333335
OmegaInterface:0.02666666666666667
SymbolicFloat:0.016666666666666666
Translator:0.013333333333333334
FileEvaluator:0.011666666666666667
PipeEvaluator:0.008333333333333333
PathConditionInc:0.007777777777777777
STPInterface:0.006666666666666667
SMTLibInterface:0.006666666666666667
YicesInterface:0.006666666666666667
CVCLPipeEvaluator:0.0033333333333333335
OmegaPipeEvaluator:0.0
