DBCollection:0.76
DBCollectionOldTest:0.33666666666666667
CollectionAdministrationImpl:0.31
DropIndexAcceptanceTest:0.25333333333333335
