ParameterConstants:0.5833333333333334
RegistrationService:0.48
IOutgoingBatchService:0.4737857142857143
IRegistrationService:0.46711904761904766
HttpTransportManager:0.4066666666666667
BatchId:0.37333333333333335
AbstractSymmetricEngine:0.2966666666666667
MockTransportManager:0.25333333333333335
ITransportManager:0.24666666666666667
IIncomingBatchService:0.24666666666666667
AcknowledgeService:0.24666666666666667
OutgoingBatchService:0.20666666666666667
IncomingBatchService:0.19
InternalTransportManager:0.16333333333333333
ServerSymmetricEngine:0.08
CopyNodeUriHandler:0.051666666666666666
BatchIdMapper:0.018333333333333333
IncomingBatchServiceSqlMap:0.016666666666666666
OutgoingBatchServiceSqlMap:0.016666666666666666
