DefaultDOManager:0.36
SimpleDOWriter:0.26166666666666666
XMLDatastreamProcessor:0.22333333333333333
TestRelationships:0.22333333333333333
DatastreamManagedContent:0.22
FedoraServerTestCase:0.20333333333333334
