Handshake:0.5033333333333333
CacheTest:0.4166666666666667
Entry:0.2733333333333333
JavaApiConverter:0.24333333333333335
JavaApiConverterTest:0.22333333333333333
DelegatingHttpsURLConnection:0.22
