RoutingAllocation:0.8866666666666667
FailedShardsRoutingTests:0.07333333333333333
