GUIRegistry:0.7166666666666667
SWDownloadWorker:0.4
Main:0.38333333333333336
