DBCollection:0.5566666666666666
AggregateOperation:0.33666666666666667
AggregationOutput:0.32
JavaClientOldTest:0.21666666666666667
CommandResultWithPayloadDecoder:0.09
