Caffeine:0.59
UnboundedLocalCache:0.36333333333333334
Sync:0.29003968253968254
BoundedLocalCache:0.28
KeySetView:0.22611111111111115
EntrySetView:0.22611111111111115
ValuesView:0.22611111111111115
LocalLoadingCache:0.22333333333333333
LocalManualCache:0.2111111111111111
KeyIterator:0.20666666666666667
EntryIterator:0.20666666666666667
ValuesIterator:0.20666666666666667
