Native:0.5966666666666667
NativeLibrary:0.44333333333333336
JNAUnloadTest:0.16
