BaseMultiLayerNetwork:0.66
StackedDenoisingAutoEncoder:0.31333333333333335
DBN:0.30333333333333334
