GuiHelper:0.4633333333333333
PreferencesDialog:0.37333333333333335
QedeqController:0.2833333333333333
PluginAction:0.23055555555555557
PluginPreferencesDialog:0.18
PluginPreferencesAction:0.17444444444444446
QedeqMenuBar:0.16666666666666666
AboutDialog:0.09
