RecordReaderMultiDataSetIterator:0.45666666666666667
GravesLSTM:0.4533333333333333
RecordReaderMultiDataSetIteratorTest:0.3
Builder:0.27
