JChemPaint:0.43666666666666665
AbstractJChemPaintPanel:0.3333333333333333
JChemPaintPanel:0.27666666666666667
JChemPaintAbstractApplet:0.2633333333333333
JCPToolBar:0.14333333333333334
JChemPaintPopupMenu:0.14333333333333334
JChemPaintMenuHelper:0.13666666666666666
JChemPaintMenuBar:0.10666666666666667
JChemPaintEditorApplet:0.06142857142857144
