Database:0.5888888888888889
ResourcePool:0.5533333333333333
StalePreventionThread:0.22
