Role:0.5533333333333333
User:0.48333333333333334
