SearchSourceBuilder:0.55
HighlightBuilder:0.35333333333333333
SearchService:0.2866666666666667
SearchSourceBuilderTests:0.23444444444444448
