NodeLineStringsTool:0.45666666666666667
JoinWithArcPlugIn:0.41333333333333333
SplitLineStringTool:0.30333333333333334
ConvexHullPlugIn:0.16
