HazelcastTestSupport:0.7383333333333333
SplitBrainHandlerTest:0.4066666666666667
OperationServiceImpl_invokeOnPartitionTest:0.2833333333333333
