DefaultBroadcaster:0.5966666666666667
DefaultBroadcasterFactory:0.22666666666666666
ApplicationConfig:0.18833333333333332
