UACDSParameterLink:0.8516666666666667
AbstractUACDSLink:0.29333333333333333
