PageProcessorCompiler:0.6475
GenericPageProcessor:0.3333333333333333
TestPageProcessorCompiler:0.22666666666666666
