Builder:0.8466666666666667
BuilderTest:0.3933333333333333
