SimpleChildQuerySearchTests:0.59
QueryRescorerTests:0.3233333333333333
FunctionScoreQueryParser:0.28833333333333333
