ResourcesTest:0.41
ShadowMediaPlayer:0.39
ShadowResourcesTest:0.30666666666666664
ShadowMediaPlayerTest:0.19166666666666668
DisplayConfig:0.19166666666666668
StringResources:0.18633333333333332
StringResourcesTest:0.15
AndroidConfigurer:0.14
