Version:0.67
VersionTests:0.38333333333333336
VersionUtilsTests:0.24333333333333335
TestNewMajorRelease:0.10838095238095237
TestVersionBumpIn6x:0.10838095238095237
TestNewMinorBranchIn6x:0.10838095238095237
