DelegatingFuture:0.45
ExecutorServiceProxy:0.4066666666666667
MapProxyImpl:0.36333333333333334
CancellableDelegatingFuture:0.30333333333333334
