PreferencesActivity:0.9008333333333332
CameraConfigurationManager:0.43833333333333335
CameraManager:0.41333333333333333
