GeneBean:0.8033333333333333
TermBean:0.45
AddAnnotation:0.30333333333333334
HitTable:0.24
