StreamInstance:0.38666666666666666
StreamInstanceArchiveWriter:0.27666666666666667
ReplaySession:0.23222222222222225
ArchiveIndex:0.21444444444444447
StreamInstanceArchiveChunkReader:0.21333333333333335
ArchiverProtocolProxy:0.17666666666666667
ImageArchivingSession:0.17555555555555558
ListDescriptorsSession:0.16666666666666666
ArchiverProtocolAdapter:0.09333333333333334
