Dialog:0.6533333333333333
ThemeUtil:0.36777777777777776
ButtonFragment:0.17666666666666667
