AbstractClientInternalCacheProxy:0.4766666666666667
HazelcastClientProxy:0.27666666666666667
Pre38NearCacheEventHandler:0.19
ConnectedServerVersionAwareNearCacheEventHandler:0.18
ProxyManagerTest:0.07
RepairableNearCacheEventHandler:0.006666666666666667
