WindowManager:0.4633333333333333
DefaultWindowManager:0.24666666666666667
AbstractWindowManager:0.24
