RolloverRequest:0.7966666666666666
RolloverResponse:0.49333333333333335
TransportRolloverAction:0.23833333333333334
RolloverRequestBuilder:0.12833333333333333
RestRolloverIndexAction:0.044722222222222226
RolloverIT:0.03666666666666667
