Carbon:0.5566666666666666
Button:0.31333333333333335
LinearLayout:0.3
FrameLayout:0.27666666666666667
RelativeLayout:0.27666666666666667
ImageActionButton:0.24333333333333335
SVGView:0.23666666666666666
TextFieldsActivity:0.1
ViewUtils:0.09333333333333334
