HealpixIndex:0.6033333333333334
Fits2HealpixMapImp:0.25
HealpixTest:0.24
ViewMaps:0.21633333333333335
ToolTipBehavior:0.20361111111111113
TestingQueryPolygon:0.15333333333333332
Pix2Ang4096Test:0.145
HighResolution:0.14333333333333334
