TreeView:0.66
Content:0.38333333333333336
Overview:0.3433333333333333
