HttpWebConnection:0.39666666666666667
KeyDataPair:0.35
HtmlFileInput:0.33
FilePartPageCharSet:0.09666666666666666
HtmlFileInputTest:0.05333333333333334
