ParamDef:0.5233333333333333
ParamDefConfig:0.36
ParamDefComposite:0.3233333333333333
EmailConfigWizardPage:0.20666666666666667
ConfigurationWizardPage:0.14333333333333334
CommonUtils:0.1425
