ExecutorParticipatesInProcessesException:0.6366666666666667
Decision:0.5541666666666667
