DriverPublication:0.38
Receiver:0.3566666666666667
DriverConductor:0.2866666666666667
CreateConnectionCmd:0.22333333333333333
DriverConductorTest:0.22333333333333333
ReceiverTest:0.19666666666666666
AddSubscriptionCmd:0.19333333333333333
RemoveSubscriptionCmd:0.19333333333333333
RegisterReceiverChannelEndpointCmd:0.18666666666666668
DataFrameDispatcher:0.17333333333333334
ReceiverProxy:0.13333333333333333
NewConnectionCmd:0.09
DriverConductorProxy:0.01
