SystemProperties:0.5966666666666667
WfJob:0.41
UndeployProcessDefinitionsAction:0.3781693121693122
ExecutionService:0.3559999999999999
ExecutionServiceDelegate:0.25
ExecutionServiceBean:0.24666666666666667
ExecutionLogic:0.22666666666666666
ExecutorLogic:0.21666666666666667
JobDAO:0.20333333333333334
UndeployProcessDefinitionTDBuilder:0.2
UndeployProcessDefinitionAction:0.15333333333333332
ListProcessesDefinitionsFormTag:0.14
ListDefinitionsHistoryFormTag:0.12666666666666668
SystemLogActorTDBuilder:0.043333333333333335
