Script:0.4266666666666667
Address:0.28
NetworkParameters:0.2633333333333333
WalletTest:0.22
ScriptBuilder:0.18
TestNet3Params:0.17
ScriptTest:0.16
MainNetParams:0.14333333333333334
TestNet2Params:0.07666666666666666
UnitTestParams:0.07666666666666666
AddressTest:0.056666666666666664
