ExecutionService:0.7866666666666666
ProcessInfoFormTag:0.4266666666666667
UpgradeProcessToDefinitionVersionAction:0.3015436507936508
Messages:0.26166666666666666
ExecutionServiceDelegate:0.21333333333333335
ExecutionServiceBean:0.21
ExecutionLogic:0.18
AdminActionLog:0.17583333333333334
AjaxProcessDefinitionVersionsList:0.09666666666666666
IdVersionForm:0.06333333333333334
