ApolloPanel:0.5483333333333333
CORBAAdapter:0.46861111111111114
