CoordinatorTask:0.4633333333333333
RMapReduce:0.2678888888888889
Collector:0.25333333333333335
CollectionMapperTask:0.21644444444444447
MapperTask:0.1975
RedissonMapReduceTest:0.18666666666666668
BaseMapperTask:0.16666666666666666
MapReduceExecutor:0.15083333333333335
ReducerTask:0.11666666666666667
RedissonCollectionMapReduce:0.10333333333333333
RedissonMapReduce:0.09916666666666667
RCollectionMapReduce:0.04
