XJBGUITab:0.46
XJBSearchFilter:0.41
XJBGUISettings:0.37333333333333335
XJBGUITable:0.34
XJBGUITableColumn:0.30666666666666664
XJBSearchFilters:0.2593333333333333
XMLPhex:0.25666666666666665
XJBGUITableColumnList:0.24666666666666667
XJBPhex:0.23666666666666666
XMLPhexXMLCodec:0.17333333333333334
XJBGUITableList:0.16333333333333333
