QueryStringQueryBuilder:0.3333333333333333
QueryParserSettings:0.32
ElasticsearchIntegrationTest:0.27666666666666667
MapperQueryParser:0.24
QueryStringQueryParser:0.2377777777777778
SimpleIndexQueryParserTests:0.20666666666666667
SimpleQueryTests:0.2
