SlideInWindow:0.4066666666666667
AnimatorThread:0.37333333333333335
ViewAboutAction:0.36333333333333334
GradientPanel:0.09333333333333334
