World:0.7566666666666667
LineJoint:0.49833333333333335
