TransportSQLActionTest:0.4033333333333333
UpdateCollector:0.27666666666666667
TransportExecutorTest:0.24333333333333335
Visitor:0.22111111111111115
ESUpdateByIdTask:0.1872222222222222
UpdateResponseListener:0.16
CollectorUpdateRequest:0.10527777777777778
