Report:0.8233333333333334
EditViewFactory:0.36833333333333335
