ColumnIdent:0.43
NestedLoopConsumerTest:0.33666666666666667
MultiSourceFetchPushDownTest:0.25666666666666665
JoinIntegrationTest:0.20333333333333334
DocReferenceConverter:0.2
ColumnIdentTest:0.06333333333333334
