PgCatalog:0.5333333333333333
PgType:0.30133333333333334
PgEnum:0.30133333333333334
PgProc:0.30133333333333334
PgClass:0.30133333333333334
PgAttribute:0.30133333333333334
Routines:0.2633333333333333
Tables:0.03777777777777778
