BaseMultiLayerNetwork:0.44666666666666666
LogisticRegression:0.4166666666666667
DBNTest:0.27
StackedDenoisingAutoEncoder:0.2
GaussianRectifiedLinearDBN:0.19944444444444445
DBN:0.19944444444444445
