Dependency:0.51
InjectorImpl:0.41333333333333333
ScopesTest:0.31333333333333335
SingleParameterInjector:0.2111111111111111
SingleFieldInjector:0.16666666666666666
InjectorBuilder:0.1622222222222222
InternalContext:0.15666666666666668
ProviderGetScope:0.0725
