DB:0.69
Server:0.6433333333333333
Transaction:0.3566666666666667
PosPanel:0.32666666666666666
VCalculateWizardAdquisition:0.2633333333333333
PAttribute:0.24333333333333335
MSequence:0.23
PosModel:0.18666666666666668
ServerBean:0.17333333333333334
posThread:0.16666666666666666
M_Production_Run:0.11
RestoreMovementInventory:0.09
