OpenAction:0.4766666666666667
InsertFromSmiles:0.4766666666666667
InsertSmilesAction:0.16666666666666666
