Distribution:0.6183333333333333
InstallOptions:0.5566666666666666
Tomcat:0.43333333333333335
Zip:0.3233333333333333
Database:0.18
Installer:0.15
ContainerFactory:0.13
BundledTomcat:0.1
ExistingTomcat50:0.07666666666666666
