ConcurrentJobs:0.5166666666666667
JobProvider:0.47
WordCountRunner:0.37
NodeListener:0.3111111111111111
WordCountTask:0.13
