ContinuousCoverage:0.5411111111111111
DiscreteCoverage:0.4708333333333333
