StoreContent:0.38666666666666666
ImageVersion:0.3466666666666667
StoreVariant:0.31666666666666665
StoreContentImageGroupEditor:0.31666666666666665
StoreContentImageGroup:0.25666666666666665
ShopVariant:0.23666666666666666
ShopContent:0.22833333333333333
TestStoreContent:0.18
AbstractImageGroup:0.16333333333333333
SetupTestContents:0.12333333333333334
TestStoreVariant:0.11
UpdateImageGroups:0.03333333333333333
