QueryStats:0.6433333333333333
StageStateMachine:0.39666666666666667
TestBasicQueryInfo:0.37333333333333335
StageStats:0.2633333333333333
