AnnotationSetsView:0.6533333333333333
SavePreserveFormatAction:0.4955555555555555
