HttpTransportSettings:0.6666666666666666
NettyHttpServerTransport:0.49666666666666665
HttpChannelPipelineFactory:0.36666666666666664
NetworkService:0.36
