ARCWriter:0.4166666666666667
CrawlController:0.41333333333333333
DiskWrite:0.37666666666666665
CrawlURI:0.34
Queue:0.13333333333333333
StatisticsTracker:0.07333333333333333
CrawlStateUpdater:0.023333333333333334
