FixedWidthBlockEncoding:0.3566666666666667
VariableWidthBlockEncoding:0.31333333333333335
SliceArrayBlockEncoding:0.31333333333333335
LazySliceArrayBlockEncoding:0.31333333333333335
