Request:0.6028333333333333
RequestImpl:0.32
NettyAsyncHttpProvider:0.2866666666666667
RequestBuilderBase:0.25333333333333335
