AuditTrailMigrationUtil:0.6383333333333333
ZoneConfig:0.601111111111111
AbstractZoneModule:0.45
