StandardVMDebugger:0.8555555555555554
TC_RunnerLaunching:0.35333333333333333
