DatabaseLib:0.6066666666666667
CallBack:0.42380555555555555
TextLib:0.3
