Converter:0.7677777777777777
RestMethodInfoTest:0.42333333333333334
RestMethodInfo:0.41333333333333333
WireConverterTest:0.20666666666666667
JacksonConverterTest:0.19666666666666666
MockTypedInput:0.19666666666666666
RequestBuilder:0.19333333333333333
JacksonConverter:0.16
SimpleXMLConverterTest:0.14333333333333334
SimpleXMLConverter:0.13666666666666666
ProtoConverterTest:0.13333333333333333
GsonConverter:0.043333333333333335
WireConverter:0.016666666666666666
ProtoConverter:0.006666666666666667
Dummy:0.0033333333333333335
