Protocol:0.7157777777777778
Client:0.4033333333333333
