Project:0.5333333333333333
Builder:0.4533333333333333
Property:0.43333333333333335
ModificationSet:0.37333333333333335
CVSBootstrapper:0.3444444444444445
P4Bootstrapper:0.3211111111111111
CurrentBuildStatusBootstrapper:0.3146666666666667
ProjectController:0.30083333333333334
PluginXMLHelperTest:0.2833333333333333
JVMArg:0.2833333333333333
MockProject:0.27666666666666667
UtilTest:0.2733333333333333
PauseBuilder:0.26777777777777784
CVSTest:0.26666666666666666
BuildQueue:0.2606666666666666
AntBuilder:0.26
VssBootstrapper:0.2544444444444445
P4BootstrapperTest:0.25
MainTest:0.24
MockModificationSet:0.2375
CurrentBuildStatusPublisher:0.22166666666666668
UpgraderTest:0.20666666666666667
HTMLEmailPublisherTest:0.20333333333333334
ProjectTest:0.19666666666666666
VssTest:0.19666666666666666
ProjectXMLHelper:0.19
P4Test:0.19
ProjectControllerAgent:0.15166666666666667
BrokenTestPublisher:0.14833333333333334
BuildQueueTest:0.14333333333333334
ScheduleTest:0.14166666666666666
AntBuilderTest:0.14
ModificationTest:0.13666666666666666
ModificationSetTest:0.13333333333333333
EmailPublisherTest:0.12666666666666668
ClearCaseTest:0.12333333333333334
SCPPublisherTest:0.09
NoExitSecurityManagerTest:0.056666666666666664
ExecutePublisherTest:0.056666666666666664
