JEditTextArea:0.4866666666666667
View:0.45
TextUtilities:0.41
ViewUpdate:0.24777777777777782
EditPaneUpdate:0.21944444444444447
BufferUpdate:0.21388888888888885
SearchDialog:0.19311111111111112
FocusHandler:0.16777777777777778
VFSUpdate:0.15
CreateDockableWindow:0.14
