ResourceProcess:0.6633333333333333
BuildingConfig:0.3413333333333334
ResourceProcessPanel:0.2966666666666667
