WebResponseImpl:0.575
MockWebConnection:0.5266666666666666
HTMLParser:0.31333333333333335
WebResponseImplTest:0.08333333333333333
