Constants:0.8366666666666667
DataStore:0.48411904761904756
AbstractReferenceConfig:0.4066666666666667
ReferenceConfig:0.4
WrappedChannelHandler:0.21
ProtocolUtils:0.19
GenericImplFilter:0.17
GenericFilter:0.15333333333333332
ThreadPoolStatusChecker:0.11
GenericServiceTest:0.08
