Vss:0.8133333333333334
VssTest:0.49666666666666665
Util:0.2633333333333333
