MoreLikeThisRequest:0.67
MoreLikeThisRequestBuilder:0.26666666666666666
TransportMoreLikeThisAction:0.24333333333333335
RestMoreLikeThisAction:0.18
MoreLikeThisActionTests:0.11333333333333333
