InputTest:0.4
LwjglInput:0.36666666666666664
BitmapFont:0.34
JoglInput:0.26
BoundingBox:0.26
SpriteBatch:0.24833333333333332
LwjglDebugStarter:0.14
JoglDebugStarter:0.14
