Messages:0.4666666666666667
ApplicationWorkbenchAdvisor:0.26
Application:0.23333333333333334
Perspective:0.2175
ExecuteScriptGroovy:0.1925
ApplicationWorkbenchWindowAdvisor:0.18666666666666668
OpenFile:0.15333333333333332
CreateSubCorpus:0.1211111111111111
ExecuteText:0.09
