CorpusBenchmarkTool:0.6666666666666666
AnnotationSetTransfer:0.5285714285714285
