Info:0.53
Parser:0.3933333333333333
TokenIndexer:0.29833333333333334
PointerPointer:0.29333333333333333
InfoMap:0.2833333333333333
Context:0.20333333333333334
ClassProperties:0.2
Builder:0.17416666666666666
Declarator:0.06
Declaration:0.06
DeclarationList:0.041944444444444444
