BaseLayer:0.44666666666666666
AbstractLayer:0.31333333333333335
RnnOutputLayer:0.29333333333333333
AutoEncoder:0.29333333333333333
ConvolutionLayer:0.2633333333333333
SubsamplingLayer:0.23333333333333334
ActivationLayer:0.19222222222222224
EmbeddingLayer:0.18194444444444446
ConvolutionParamInitializer:0.17044444444444445
UpdaterUtils:0.11666666666666667
