UploadedFile:0.9266666666666666
TabHeaderForwardAction:0.17333333333333334
Servlet1095:0.056666666666666664
