Messages:0.5766666666666667
Errors:0.4166666666666667
ProvisionException:0.2511111111111111
ConfigurationException:0.22333333333333333
CreationException:0.20777777777777778
