SegmentStages:0.42333333333333334
WriteLock:0.345
UpdateLock:0.3433333333333333
ReadLock:0.33
