Sender:0.7266666666666667
AbstractBurster:0.41333333333333333
CommandLineArgumentsTest:0.31333333333333335
SenderFactory:0.26666666666666666
EmailSender:0.22333333333333333
UploadSender:0.13666666666666666
