PyStatement:0.5733333333333334
PyCursor:0.4766666666666667
PyConnection:0.3566666666666667
