ESGetNode:0.37666666666666665
TransportExecutorTest:0.30666666666666664
Planner:0.2966666666666667
FlatProjectorChain:0.28650000000000003
PlannerTest:0.23333333333333334
Visitor:0.22666666666666666
TransportBaseSQLAction:0.17333333333333334
ESGetTask:0.14333333333333334
Context:0.12666666666666668
GetResponseListener:0.12
TransportExecutor:0.07333333333333333
TestModule:0.07
MultiGetResponseListener:0.06
FunctionExtractor:0.0033333333333333335
LiteralExtractor:0.0
