Elements:0.47904761904761906
HttpSecurityBeanDefinitionParserTests:0.4666666666666667
OrderedFilterDecorator:0.38
SecurityNamespaceHandler:0.12333333333333334
