Http2HeadersAdaptor:0.8166666666666667
Http2ServerResponseImpl:0.44666666666666666
