LockTest:0.5833333333333334
SleepingTask:0.36444444444444446
