IBootstrapService:0.5172222222222222
Node:0.4066666666666667
INodeService:0.3817857142857143
BootstrapService:0.37666666666666665
IConfigurationService:0.33166666666666667
NodeService:0.3233333333333333
RegistrationService:0.2833333333333333
AbstractDbDialect:0.24333333333333335
SqlTemplate:0.21666666666666667
HttpTransportManager:0.21666666666666667
ConfigurationService:0.19
SymmetricEngineTestFactory:0.17
AbstractTest:0.13333333333333333
NodeServiceTest:0.13
DbTriggerTest:0.13
TestConstants:0.12
DataExtractorServiceTest:0.11666666666666667
RegistrationServiceTest:0.11666666666666667
NodeRowMapper:0.11083333333333334
RegistrationServlet:0.07
