ColorTest:0.76
SeeMessageSelectedColorsAction:0.36833333333333335
ChangeToButtonAOrButtonB:0.16333333333333333
