AbstractTestHiveClient:0.7057777777777778
HiveSplitManager:0.35600793650793655
