btRigidBody:0.6433333333333333
Body:0.37666666666666665
btTypedConstraint:0.36333333333333334
btWorldImporter:0.23666666666666666
btConeTwistConstraint:0.21666666666666667
btHingeConstraint:0.21
btSliderConstraint:0.21
Anchor:0.19666666666666666
btRaycastVehicle:0.19666666666666666
btSolverBody:0.19
CollideSDF_RS:0.19
