NewWizardMessages:0.41333333333333333
PreferencesMessages:0.35055555555555556
PropertyAndPreferencePage:0.32666666666666666
RubyPluginImages:0.29503968253968255
RubyUIMessages:0.28650000000000003
RubyModelUtil:0.28650000000000003
AbstractOpenWizardAction:0.2833333333333333
StandardRubyElementContentProvider:0.26
NewTypeWizardPage:0.25333333333333335
ProjectSelectionDialog:0.22
RubyTypeSelectionDialog:0.21
ListDialogField:0.20666666666666667
NewContainerWizardPage:0.19333333333333333
RubyElementImageProvider:0.19333333333333333
CodeFormatterUtil:0.11333333333333333
TypedElementSelectionValidator:0.03944444444444445
TypedViewerFilter:0.03666666666666667
StubUtility:0.03333333333333333
RubyModuleSelectionDialog:0.0
