HealthMetrics:0.6583333333333333
GroupProperty:0.5239047619047619
HealthMonitor:0.36
HealthMonitorTest:0.2966666666666667
