RequestPacketExtension:0.6133333333333333
XMPPChatTransmitter:0.3408333333333333
MultiUserChatManager:0.2752777777777778
ITransmitter:0.24083333333333334
RequestExtensionProvider:0.22333333333333333
PrivateChatManager:0.145
StubXMPPTransmitter:0.14416666666666667
XMPPTransmitterTest:0.13416666666666666
IChatManager:0.11994444444444445
RequestExtensionProviderTest:0.06333333333333334
