JsfFlowConfigurationException:0.6066666666666667
FlowFacesUtils:0.4533333333333333
