NitrogenRule:0.8216666666666667
NitrogenRuleTest:0.25333333333333335
