AbstractStep:0.43666666666666665
SimpleJobRepositoryTests:0.3466666666666667
DefaultJobParametersConverter:0.24666666666666667
ScheduledJobParametersFactory:0.16333333333333333
StepExecutionPreparedStatementSetterTests:0.135
