Vertx:0.45666666666666667
VertxImpl:0.39
Query:0.37333333333333335
DNSTest:0.37
DnsClientImpl:0.31333333333333335
