Utf8UrlEncoder:0.4766666666666667
OAuthSignatureCalculatorInstance:0.38333333333333336
ConsumerKey:0.29333333333333333
RequestToken:0.29333333333333333
OAuthSignatureCalculatorTest:0.17
