TestDateTimeFormat:0.39666666666666667
TestDateTimeFormatStyle:0.39
TwoDigitYear:0.3466666666666667
DateTimeFormatterBuilder:0.34
DateTimeFormat:0.2916666666666667
TestDateTimeFormatter:0.26666666666666666
TestAll:0.09333333333333334
StyleFormatter:0.07833333333333334
TimeZoneName:0.041666666666666664
