ShapeJGraph:0.6833333333333333
ShapeDialog:0.5233333333333333
