Structure:0.7333333333333333
StructureTest:0.4033333333333333
Union:0.25333333333333335
UnionTest:0.15333333333333332
