CertificateInfo:0.5866666666666667
LocalCertificateStoreSessionBean:0.4
ExternalOCSPPublisher:0.3231666666666666
CertificateDataUtil:0.24833333333333332
TestCertificateData:0.22722222222222224
