UserExt:0.6372222222222222
UserMgmtService:0.3333333333333333
UserProcessor:0.29333333333333333
