CreateTableAsSelect:0.5433333333333333
TestSqlParser:0.35333333333333333
AstBuilder:0.2733333333333333
StatementAnalyzer:0.2733333333333333
AbstractTestDistributedQueries:0.22333333333333333
TestStatementBuilder:0.22333333333333333
Analysis:0.17666666666666667
LogicalPlanner:0.16666666666666666
