AnalyzerTest:0.51
Literal:0.4325
StringLiteral:0.37666666666666665
BooleanLiteral:0.36333333333333334
StatementAnalyzer:0.2833333333333333
