ArticleProcessor:0.62
Common:0.5580555555555556
DomainCache:0.19666666666666666
