Sjc91Tests:0.5879444444444445
RequiredAnnotationBeanPostProcessor:0.5433333333333333
ConfigurationProcessor:0.4172222222222222
