AdminModule:0.8333333333333334
AbstractAdminModule:0.45666666666666667
RuntimeStatistics:0.3566666666666667
SimpleProfiler:0.34
RuntimeStatisticsMBean:0.3310555555555556
ManageRuntimeStatisticsController:0.14
ContextListenerPostSpring:0.11666666666666667
WebKeys:0.014285714285714285
