CAAdminSessionBean:0.6366666666666667
EjbcaWSHelper:0.38666666666666666
