Analysis:0.5066666666666667
Visitor:0.47333333333333333
ExpressionAnalyzer:0.36666666666666664
TestInterpretedProjectionFunction:0.35333333333333333
FunctionAssertions:0.31
TranslationMap:0.30333333333333334
Analyzer:0.27
TestDomainTranslator:0.25666666666666665
TestExpressionCompiler:0.24333333333333335
StatementAnalyzer:0.23
TestExpressionInterpreter:0.23
TestInterpretedFilterFunction:0.21333333333333335
TupleAnalyzer:0.21
LiteralInterpreter:0.19
TestConditions:0.18
