MatrixUtil:0.9066666666666666
DefaultModelSaver:0.25333333333333335
RBMMnistExample:0.21666666666666667
