BootstrapCircleThumbnail:0.5033333333333333
BootstrapBaseThumbnail:0.4166666666666667
BootstrapThumbnail:0.41
BootstrapThumbnailExample:0.18666666666666668
BootstrapCircleThumbnailExample:0.18666666666666668
