LogBufferDescriptor:0.45092857142857146
Appender:0.45
MtuScanner:0.43666666666666665
AppenderTest:0.31
MtuScannerTest:0.06333333333333334
