SerializeWriter:0.5966666666666667
DefaultJSONParser:0.42833333333333334
JSONSerializer:0.23666666666666666
DefaultFieldDeserializer:0.20666666666666667
ObjectArrayCodec:0.20333333333333334
JSONToken:0.19666666666666666
