HttpConfiguration:0.5716666666666667
ServerFactory:0.44666666666666666
HttpConfigurationTest:0.44333333333333336
