DaoStatement:0.6977777777777778
NutPojo:0.32666666666666666
NutDaoExecutor:0.2833333333333333
NutStatement:0.28
NutSql2:0.25333333333333335
