ApplicationContextFactory:0.5466666666666666
DBPatch:0.545
AddSettingsTable:0.23666666666666666
