Acl:0.7866666666666666
Sid:0.7766666666666666
ObjectIdentity:0.77
AclService:0.5233333333333333
MutableAcl:0.49
ContactManager:0.47333333333333333
BasePermission:0.45
AuditLogger:0.40552380952380945
AclAuthorizationStrategy:0.40552380952380945
ObjectIdentityImpl:0.38
LookupStrategy:0.3272804232804233
AclCache:0.2951190476190476
PrincipalSid:0.2833333333333333
Filterer:0.2796190476190476
AccessControlEntryImpl:0.24333333333333335
AclImpl:0.22666666666666666
ContactManagerBackend:0.20666666666666667
GetAllContactsTests:0.18666666666666668
AddPermissionController:0.18333333333333332
BasicAclEntryAfterInvocationCollectionFilteringProvider:0.17666666666666667
DeletePermissionController:0.15
DataSourcePopulator:0.14666666666666667
SidRetrievalStrategy:0.14
AdminPermissionController:0.13
GrantedAuthoritySid:0.12333333333333334
ObjectIdentityRetrievalStrategy:0.11805555555555555
JdbcMutableAclService:0.11333333333333333
AclEntryAfterInvocationProvider:0.08666666666666667
AddPermissionValidator:0.08666666666666667
SidRetrievalStrategyImpl:0.08166666666666667
CumulativePermission:0.07666666666666666
MutableAclService:0.07
PermissionTests:0.06666666666666667
JdbcAclService:0.058333333333333334
JdbcAclServiceTests:0.05333333333333334
BasicLookupStrategy:0.05
EhCacheBasedAclCache:0.02666666666666667
AclEntryVoter:0.023333333333333334
AbstractAclProvider:0.02
ObjectIdentityRetrievalStrategyImpl:0.02
DatabaseSeeder:0.016666666666666666
AccessControlListTag:0.016666666666666666
CollectionFilterer:0.011666666666666667
ArrayFilterer:0.011666666666666667
AclEntryAfterInvocationCollectionFilteringProvider:0.010277777777777778
AuditableAcl:0.0
ConsoleAuditLogger:0.0
AclAuthorizationStrategyImpl:0.0
OwnershipAcl:0.0
