LogAppender:0.49
Publication:0.31
SenderTest:0.2833333333333333
LogAppenderTest:0.2833333333333333
PublicationTest:0.20333333333333334
EmbeddedPingPong:0.14333333333333334
