DistributedFunction:0.21333333333333335
SparkWord2Vec:0.17333333333333334
SparkSequenceVectors:0.16666666666666666
SparkDM:0.06333333333333334
SparkDBOW:0.06333333333333334
