BlockCursor:0.7433333333333333
DictionaryEncodedBlockCursor:0.2588888888888889
RunLengthEncodedBlockCursor:0.2588888888888889
UncompressedSliceBlockCursor:0.2388888888888889
UncompressedBlockCursor:0.2388888888888889
UncompressedLongBlockCursor:0.23222222222222225
BlockCursorAssertions:0.22333333333333333
ValueCursor:0.19333333333333333
FilteredValueCursor:0.19333333333333333
