Survey:0.6016666666666667
Questionnaire:0.5402777777777777
