InternalStats:0.5333333333333333
InternalAvg:0.37666666666666665
InternalExtendedStats:0.31666666666666665
AvgAggregator:0.255
SumAggregator:0.255
InternalSum:0.25
InternalAggregationTestCase:0.20833333333333334
ExtendedStatsAggregator:0.19333333333333333
StatsAggregator:0.19333333333333333
SumAggregatorTests:0.07
InternalStatsTests:0.06666666666666667
InternalSumTests:0.04
AvgAggregatorTests:0.03333333333333333
InternalAvgTests:0.03
StatsAggregatorTests:0.02666666666666667
ExtendedStatsAggregatorTests:0.02666666666666667
InternalExtendedStatsTests:0.013333333333333334
