Elvin:0.6666666666666666
ConnectionOptions:0.5266666666666666
JUTestLegacyConnectionOptions:0.03
