FilterProperties:0.5716666666666667
FilterByType:0.4066666666666667
SaveOptionsWidget:0.27666666666666667
