TxnMapRequest:0.37333333333333335
TxnCollectionRequest:0.22611111111111115
TxnMultiMapRequest:0.22611111111111115
TxnMultiMapValueCountRequest:0.17666666666666667
TxnMultiMapPutRequest:0.17666666666666667
TxnMultiMapGetRequest:0.17666666666666667
TxnListAddRequest:0.13333333333333333
TxnSetRemoveRequest:0.13333333333333333
TxnSetAddRequest:0.13333333333333333
TxnListRemoveRequest:0.13333333333333333
TxnMultiMapRemoveRequest:0.08666666666666667
