RedisAsyncConnection:0.4622222222222223
MasterSlaveConnectionManager:0.39
ConnectionManager:0.3061507936507936
LoadBalancer:0.2986507936507936
Redisson:0.24111111111111114
BaseLoadBalancer:0.23333333333333334
Config:0.22
RedisClient:0.20333333333333334
ConnectionEntry:0.20333333333333334
