ClientBinaryDFHandler:0.6766666666666666
GUIClientEngine:0.35777777777777775
GUIClientEngineTest:0.15
ClientBinaryDFHandler_KOTest:0.043333333333333335
