StreamUtil:0.38
LoggablePreparedStatement:0.30333333333333334
MadvocConfig:0.25666666666666665
CharacterEncodingFilter:0.15666666666666668
