NetworkPublication:0.6433333333333333
DriverConductor:0.4033333333333333
Sender:0.36333333333333334
DriverConductorProxy:0.18166666666666667
