Viewer:0.6833333333333333
Token:0.35833333333333334
Eval:0.3466666666666667
Context:0.2866666666666667
