ProcessDAO:0.4533333333333333
TaskDAO:0.35833333333333334
WFCommonLogic:0.32
