NodeLauncher:0.33
NodeRunner:0.30333333333333334
NodeThread:0.25333333333333335
ProcessWrapper:0.22
JPPFNodeState:0.21333333333333335
ProcessLauncher:0.19666666666666666
JPPFNodeAdminMBean:0.17
ProcessWrapperEvent:0.07333333333333333
ProcessWrapperEventListener:0.07216666666666667
ProcessConfig:0.03666666666666667
DriverPropertiesBuilder:0.03333333333333333
ProcessCommand:0.0033333333333333335
ClientPropertiesBuilder:0.0
NodePropertiesBuilder:0.0
