RFileCommunication:0.57
Pair:0.5566666666666666
FactorialMapEditor:0.41833333333333333
