PollContext:0.5866666666666667
EventConstants:0.5233333333333333
MockUtil:0.42333333333333334
PollStatus:0.4166666666666667
Poller:0.36
PollableService:0.3466666666666667
MockService:0.33666666666666667
PollerTest:0.26
PollableInterface:0.25333333333333335
PollableNode:0.24
MockNetworkTest:0.21
PollablesTest:0.2
PollContextTest:0.19333333333333333
NotifdTest:0.18
MockPollContext:0.17666666666666667
DefaultPollContext:0.16333333333333333
HttpMonitorTest:0.056666666666666664
