UserAccessReportRpcResponseData:0.32666666666666666
GwtTeamingMessages:0.32666666666666666
ReportCompositeBase:0.29
EmailReportComposite:0.28
GwtRpcServiceImpl:0.26
GwtServerHelper:0.24666666666666667
LicenseReportComposite:0.22333333333333333
UserAccessReportComposite:0.21
LoginReportComposite:0.2
GwtReportsHelper:0.2
CreateUserAccessReportCmd:0.08666666666666667
