Scopes:0.8840873015873016
GuiceFilter:0.5333333333333333
ScopesTest:0.22333333333333333
