ReportModule:0.6437777777777778
ProfileModule:0.4948888888888888
ReportDownloadController:0.4
GwtTeamingMessages:0.31666666666666665
RunAReportDlg:0.2633333333333333
ReportModuleImpl:0.21333333333333335
ProfileModuleImpl:0.19416666666666668
