VersionCheck:0.5837777777777777
TransactionalMapProxy:0.5627777777777778
