Files:0.6883333333333334
TestJdk:0.5333333333333333
