Node:0.47
TodoEditor:0.42333333333333334
GroupTree:0.30666666666666664
SummaryData:0.29333333333333333
TodoEditorCore:0.16
Renderer:0.14833333333333334
HTMLOptions:0.10838095238095237
