Point:0.4766666666666667
FixedIterationCountCondition:0.4633333333333333
IterationInfo:0.41
ConvergenceCondition:0.3466666666666667
OptimisationStrategy:0.31
ClusteringOptimization:0.29503968253968255
FixedClusterCountStrategy:0.24
PointClassification:0.22166666666666668
BaseClusteringAlgorithm:0.2010952380952381
BaseClusteringStrategy:0.12416666666666666
VarianceVariationCondition:0.10666666666666667
