HistoricalBuildSummariesService:0.53
BuildSummary:0.5233333333333333
CurrentStatus:0.44666666666666666
BuildSummaryUIService:0.3233333333333333
LatestBuildSummariesService:0.22666666666666666
HistoricalBuildSummariesServiceTest:0.21666666666666667
GetProjectBuildStatusControllerTest:0.21
BuildDetailControllerTest:0.19666666666666666
BuildSummaryTest:0.1925
BuildCommandTest:0.185
CurrentStatusTest:0.16333333333333333
GetProjectBuildStatusXmlControllerTest:0.16
GetProjectBuildStatusXmlController:0.15
BuildSummaryUIServiceTest:0.14
GetActiveBuildInfoControllerTest:0.12
GetProjectBuildStatusController:0.11
LatestBuildsListingControllerTest:0.09333333333333334
BuildListingControllerTest:0.09333333333333334
LatestBuildsListingController:0.07333333333333333
LatestBuildSummariesServiceTest:0.05333333333333334
BuildsController:0.016666666666666666
DashboardController:0.016666666666666666
