JavaConfigAspectRegistry:0.8733333333333333
ReflectiveJavaConfigBeanDefinitionReader:0.30666666666666664
BeanMethodInterceptor:0.28
