MarqueeTicker:0.6466666666666666
JFXPannableView:0.36666666666666664
SettlementWindow:0.3433333333333333
