RenderingParameters:0.7066666666666667
RendererModel:0.6066666666666667
