AutoPurger:0.49666666666666665
TestCommandLineUtilities:0.48333333333333334
