Streams:0.7466666666666667
EntityObjectContext:0.5033333333333333
ElFieldMacro:0.32666666666666666
