Std:0.4533333333333333
TimeGrid:0.43666666666666665
EquityOptions:0.3333333333333333
EuropeanOptionTest:0.32
