Alignment:0.6633333333333333
DrawableAlignment:0.36
JalToggleGroup:0.26166666666666666
AlignmentI:0.25833333333333336
AlignmentSorter:0.22666666666666666
ColourAction:0.19855555555555557
ColourMenu:0.12666666666666668
ConservationColourAction:0.12376984126984127
ClustalxColourAction:0.12
SortAction:0.08666666666666667
JalToggleActionGroup:0.0811111111111111
JalToggleNotifier:0.0
