SettlementRegistry:0.36
BuildingPanel:0.3333333333333333
MultiplayerTray:0.31
BuildingPanelMalfunctionable:0.30333333333333334
PopUpUnitMenu:0.27666666666666667
ComponentMover:0.24
CentralRegistry:0.19333333333333333
MalfunctionPanel:0.10015873015873016
MultiplayerServer:0.07333333333333333
ClientRegistry:0.07333333333333333
BuildingFunctionPanel:0.04238095238095239
Receiver:0.009166666666666667
Networkable:0.006666666666666667
