Client:0.6433333333333333
ElasticsearchAssertions:0.4266666666666667
AbstractClient:0.36
RestSearchAction:0.334
Requests:0.31133333333333335
ActionModule:0.23
IndicesRequestTests:0.15
