Invocation:0.6166666666666667
IsStillRunningService:0.29
SleepingOperation:0.07166666666666667
IsOperationStillRunningCallback:0.05333333333333334
OperationServiceImpl_timeoutTest:0.043333333333333335
InvokeIsStillRunningOperationRunnable:0.016666666666666666
