Colony:0.48333333333333334
Canvas:0.41
AIMain:0.3233333333333333
AIUnit:0.26
