FlyNameAdapter:0.7482777777777778
DefaultNameAdapter:0.5414444444444444
