CmpConfiguration:0.6466666666666666
AuthenticationModulesTest:0.36666666666666664
EndEntityCertificateAuthenticationModule:0.36333333333333334
NestedMessageContentTest:0.3333333333333333
