AtomCountTest:0.7333333333333333
SmilesToolsTest:0.7333333333333333
