RequestBuilderTest:0.779388888888889
RequestFactoryParser:0.5827777777777778
