MultiLayerConfiguration:0.6133333333333333
RegressionTest050:0.31666666666666665
BaseOutputLayer:0.16333333333333333
