TestLogicalPlanner:0.51
SubqueryPlanner:0.38333333333333336
PlanOptimizers:0.24666666666666667
