AeronTest:0.3233333333333333
SharedDirectories:0.3168888888888889
NioSelectorTest:0.2833333333333333
AdminBuffers:0.25
TimerWheelTest:0.18333333333333332
UnicastSenderTest:0.17833333333333334
MappedBufferRotatorTest:0.15
UnicastReceiverTest:0.14416666666666667
FileMappingConventionTest:0.13666666666666666
ReceiverThreadTest:0.13666666666666666
