TransactionXMLAdapter:0.5091666666666667
GAMEAdapter:0.4666666666666667
