Config:0.6366666666666667
OperationsImpl:0.37333333333333335
IndexModifier:0.2783333333333333
GenericOperationsImpl:0.20333333333333334
SOAPImpl:0.18
RESTImpl:0.16666666666666666
