OutgoingBatches:0.5566666666666666
OutgoingBatchService:0.4533333333333333
SimpleIntegrationTest:0.29333333333333333
DataExtractorService:0.26666666666666666
RouterServiceTest:0.26
AlertResourceHandler:0.19
OutgoingBatchServiceTest:0.14666666666666667
