DataExtractorService:0.37333333333333335
FileOutgoingTransport:0.32
ConfigurationService:0.32
HttpOutgoingTransport:0.23
HttpServletOutgoingTransport:0.22666666666666666
InternalOutgoingTransport:0.21666666666666667
InternalOutgoingWithResponseTransport:0.21666666666666667
IConfigurationService:0.14416666666666667
MockOutgoingTransport:0.03
IOutgoingTransport:0.013333333333333334
