TranslationUtil:0.6333333333333333
TranslateModuleAgent:0.5633333333333334
SymbolHashEnterpriseAndTranslation:0.10333333333333333
HeapBind:0.07333333333333333
