Attr:0.5966666666666667
HTMLOptionElementTest:0.33
HTMLOptionsCollection:0.28
HTMLOptionElement:0.2733333333333333
Prototype150rc1Test:0.20666666666666667
AttrTest:0.023333333333333334
