QuorumLexer:0.5066666666666667
QuorumParser:0.4066666666666667
DFA16:0.18866666666666668
DFA4:0.14
DFA80:0.13333333333333333
DFA58:0.13333333333333333
AntlrTokenReader:0.09666666666666666
