CollectionUtils:0.4866666666666667
ActionList:0.4775
TransitionSet:0.32666666666666666
