GraphicsTreeElements:0.6833333333333333
DetermineFamboxSize:0.46
DetermineIndiboxSize:0.44333333333333336
ReportGraphicalTree:0.28
