GwtRpcService:0.47333333333333333
GwtRpcServiceImpl:0.44
GwtRpcServiceAsync:0.4166666666666667
GwtQuickViewDlg:0.3
InstantMessageClickHandler:0.26666666666666666
UserStatusControl:0.22666666666666666
PresenceControl:0.20400000000000001
ProfileMainPanel:0.16666666666666666
GetUserStatusCmd:0.16333333333333333
ConferencingClickHandler:0.15333333333333332
SaveUserStatusCmd:0.14
GetImUrlCmd:0.14
GetPresenceInfoCmd:0.14
GetAddMeetingUrlCmd:0.14
GetDiskUsageInfoCmd:0.14
