MoleculeFactory:0.46
StructureDiagramGeneratorTest:0.45
CDKTests:0.19333333333333333
AtomConstraintsFactory:0.18333333333333332
MFAnalyser:0.12666666666666668
BremserOneSphereHOSECodePredictor:0.06333333333333334
FixedSizeStack:0.05333333333333334
