TypedFile:0.5483333333333333
TypedByteArray:0.43333333333333335
AbstractTypedBytes:0.4166666666666667
