SuperLayerGeneratorTest:0.42333333333333334
StatefullAPIImpMapItems4Test:0.42
EditorOpenDFTest:0.4166666666666667
StatefullAPIImpMapItems2Test:0.2966666666666667
DataConnectorRendererTest:0.15
StatefullAPIImpMapItems5Test:0.06666666666666667
SuperLayerGenerator2Test:0.02666666666666667
