AuthorizationEntity:0.7208333333333333
AuthorizationStack:0.44666666666666666
AuthorizationPlugin:0.3566666666666667
