ExpectAnim:0.49666666666666665
Expectations:0.4533333333333333
ViewCalculator:0.36666666666666664
SampleActivity:0.19666666666666666
