ReconstructionDistribution:0.6708333333333333
VariationalAutoencoder:0.4866666666666667
GaussianReconstructionDistribution:0.22333333333333333
TestReconstructionDistributions:0.19333333333333333
BernoulliReconstructionDistribution:0.14666666666666667
CompositeReconstructionDistribution:0.07666666666666666
