MultiLineLabel:0.4666666666666667
EditorEngine:0.38333333333333336
ServerDefinitionFile:0.33
ServerWrapper:0.33
MultiLineLabelUI:0.31666666666666665
SynthMultiLineLabelUI:0.2833333333333333
AbstractMultiLineLabel:0.2833333333333333
ARINC661App:0.2733333333333333
AbstractServerEngine:0.25333333333333335
EditorLayerWrapper:0.24333333333333335
WidgetListener:0.23666666666666666
ClientXMLDFHandler:0.23666666666666666
ServerXMLDFHandler:0.23333333333333334
ServerBinaryDFHandler:0.23333333333333334
LayerTreeEditor:0.22
ClientBinaryDFHandler:0.21666666666666667
AbstractEditorEngine:0.18
LayerListener:0.15
ClientDefinitionFile:0.13333333333333333
AppLoggerArea:0.07
DFListener:0.03666666666666667
