RtfExtractor:0.8922222222222222
RtfExtractorTest:0.12333333333333334
