Config:0.44333333333333336
CurationSet:0.3466666666666667
ApolloPanel:0.33666666666666667
GAMEAdapter:0.3
ApolloFrame:0.2966666666666667
DataLoader:0.28
FileMenu:0.2633333333333333
SequenceView:0.24783333333333332
StrandedZoomableApolloPanel:0.22583333333333333
TierMenu:0.17666666666666667
FineFeatureEditorPanel:0.175
