Options:0.7133333333333334
AnonymousClassConverterTest:0.48
DestructorGeneratorTest:0.22333333333333333
DestructorGenerator:0.16166666666666665
