CertTools:0.5566666666666666
CA:0.5566666666666666
CAsTest:0.34
CAAdminSessionBean:0.2733333333333333
