HttpSecurity:0.7366666666666667
HeadersBeanDefinitionParser:0.38333333333333336
FilterComparator:0.38
WebSecurityConfigurerAdapter:0.2633333333333333
