AEDTO:0.5366666666666666
StoreScp:0.2966666666666667
AEBean:0.26
AEModel:0.22333333333333333
AbstractScpService:0.20666666666666667
AEService:0.16333333333333333
AEDelegate:0.14333333333333334
