Node:0.5566666666666666
GraphManager:0.5466666666666666
NodeData:0.2733333333333333
