FilesSupplierConfig:0.7033333333333334
MergeDocxConfig:0.30333333333333334
