Synthetic:0.6966666666666667
CacheStatsTest:0.24666666666666667
SyntheticSettings:0.19
