Field:0.6188888888888889
QueryField:0.4442619047619048
MinuteProjectUtils:0.3
