InsertQuery:0.615111111111111
jOOQAbstractTest:0.4722222222222222
InsertQueryImpl:0.36333333333333334
InsertUpdateTests:0.30666666666666664
InsertImpl:0.22333333333333333
InsertOnDuplicateStep:0.013333333333333334
