ClientSession:0.5166666666666667
Query:0.4533333333333333
StatementClient:0.2866666666666667
PrestoConnection:0.24333333333333335
Console:0.19333333333333333
StatusPrinter:0.18333333333333332
AbstractTestingPrestoClient:0.18333333333333332
TestQueryRunner:0.14
ClientOptions:0.10666666666666667
BenchmarkDriverOptions:0.10333333333333333
QueryRunner:0.09944444444444445
