EventLoop:0.465
FrameHandler:0.4605555555555556
SrcFrameHandler:0.46
RcvFrameHandler:0.4166666666666667
EventLoopTest:0.33666666666666667
ReadHandler:0.305
HeaderFlyweight:0.2791666666666667
MediaDriver:0.13
