SwingCleanUpEdit:0.7533333333333333
SwingUndoRedoFactory:0.37666666666666665
