URLConnectionTest:0.5983333333333334
HttpEngine:0.46
CallTest:0.30333333333333334
HttpURLConnectionImpl:0.24
