PyObject:0.64
PyMethod:0.41333333333333333
PyDictionary:0.3933333333333333
PyFunction:0.25666666666666665
