Map:0.45666666666666667
Maps:0.4166666666666667
LinkedHashMap:0.24333333333333335
HashMap:0.19666666666666666
TreeMap:0.19666666666666666
SortedMap:0.18865079365079365
AbstractMapTest:0.15166666666666667
