CustomSQLTest:0.5733333333333334
SettingsFactory:0.56
TestData:0.35333333333333333
