ConcordancesEditor:0.5766666666666667
TxmBrowser:0.30666666666666664
AddBase:0.29
DeleteObject:0.25
