AbstractJdbcExpert:0.26
EntityOperator:0.22
Sqlserver2005JdbcExpert:0.21666666666666667
NutPojoMaker:0.2
EntityHolder:0.2
AnnotationEntityMaker:0.18666666666666668
JdbcExpert:0.14416666666666667
