GeneEditPanel:0.7683333333333333
CommentEditPanel:0.5133333333333333
