HttpServletRequestImpl:0.5566666666666666
ImageDiff:0.28
MetaDataServlet:0.22333333333333333
CombineIterator:0.19
FilterCombineIterator:0.06666666666666667
ParamReturnFilter:0.023333333333333334
