JMSManager:0.6733333333333333
TestManagementNotifications:0.30666666666666664
JMSManagerTest:0.23666666666666666
TestMessagingClient:0.21666666666666667
AllUnitTests:0.13777777777777775
JmsMessagingClient:0.13166666666666665
MessagingImpl:0.07333333333333333
