Transaction:0.6866666666666666
WalletProtobufSerializer:0.3566666666666667
WalletTest:0.2733333333333333
WalletProtobufSerializerTest:0.19333333333333333
