SourceTask:0.4166666666666667
JobFromTaskRunner:0.35333333333333333
DestinationTask:0.35
MyCallable:0.08805555555555555
