ExampleImapCrawler:0.31
ImapCrawler:0.28
ImapDataSource:0.27
SimpleCrawlerHandler:0.25333333333333335
DataSourceClassGenerator:0.24527777777777782
FlickrDataSource:0.23333333333333334
CrawlerWizard:0.22666666666666666
ExampleFlickrCrawler:0.22333333333333333
BibsonomyCrawler:0.21944444444444447
AbstractExampleCrawler:0.20666666666666667
BibsonomyDataSource:0.18733333333333335
ExampleBibsonomyCrawler:0.11666666666666667
