MultiSourceSelect:0.47333333333333333
SelectStatementAnalyzerTest:0.45666666666666667
RelationSplitterTest:0.31
LogicalPlannerTest:0.23666666666666666
RelationSplitter:0.22666666666666666
