FieldEditor:0.6766666666666666
charEditor:0.32
setintEnumEditor:0.20666666666666667
setEditor:0.18666666666666668
