SimpleJobRepository:0.5033333333333333
ItemOrientedStepTests:0.42333333333333334
SimpleJobRepositoryTests:0.3466666666666667
StepExecutorInterruptionTests:0.22
