StringPart:0.55
AsyncProvidersBasicTest:0.4
MultipartBodyTest:0.19444444444444445
MultipartUploadTest:0.17666666666666667
