LdapUserDetailsMapper:0.3933333333333333
PasswordComparisonAuthenticatorTests:0.3233333333333333
PasswordComparisonAuthenticator:0.25666666666666665
BindAuthenticator:0.1893333333333333
LdapUserDetailsMapperTests:0.17666666666666667
FilterBasedLdapUserSearch:0.14444444444444443
FilterBasedLdapUserSearchTests:0.14
PasswordComparisonAuthenticatorMockTests:0.01
