HTMLFormElementTest:0.6816666666666666
HttpWebConnection:0.4766666666666667
MockWebConnectionServlet:0.2866666666666667
