ConfigurationFactory:0.6308333333333334
GuavaExtrasDeserializers:0.31666666666666665
Jackson:0.2866666666666667
