HttpClient:0.65
HttpTest:0.5
HttpClientOptions:0.4533333333333333
WebsocketTest:0.43666666666666665
ClientConnection:0.19337301587301586
HttpClientImpl:0.15666666666666668
