FieldAccessor:0.5133333333333333
MethodCall:0.2966666666666667
Default:0.29
Appender:0.2833333333333333
PropertyConfigurable:0.27051984126984113
MethodDelegation:0.25666666666666665
InvokeDynamic:0.225
DynamicTypeDefaultTest:0.22
MethodCallTest:0.20666666666666667
ForParameterSetter:0.19
ForVirtualInvocation:0.18333333333333332
WithoutSpecifiedTarget:0.18333333333333332
InvokeDynamicTest:0.18333333333333332
TargetMethodAnnotationDrivenBinderTest:0.17333333333333334
TargetMethodAnnotationDrivenBinder:0.14666666666666667
TargetMethodAnnotationDrivenBinderTerminationHandlerReturningTest:0.08333333333333333
TargetMethodAnnotationDrivenBinderTerminationHandlerDroppingTest:0.08333333333333333
FieldAccessorFieldNameExtractorForBeanPropertyTest:0.07666666666666666
ForImplicitProperty:0.03
ForFixedValue:0.023333333333333334
