BasicOperationScheduler:0.48
OperationThread:0.4766666666666667
BasicOperationService:0.47
GenericOperationThreadFactory:0.07333333333333333
PartitionOperationThreadFactory:0.07333333333333333
