CallableStatementHandler:0.7886111111111112
SelectKeyGenerator:0.5867777777777777
