URLConnectionTest:0.45
HttpResponseCacheTest:0.4166666666666667
DiskLruCacheTest:0.4
RouteSelectorTest:0.3433333333333333
SpdyConnectionTest:0.3433333333333333
HttpsURLConnectionImpl:0.27666666666666667
SettingsTest:0.21
HttpAuthenticator:0.19333333333333333
RawHeadersTest:0.09666666666666666
StrictLineReaderTest:0.05
