FacadeClient:0.6366666666666667
WSExport:0.44333333333333336
WSImport:0.43666666666666665
WSLoadTest:0.25333333333333335
TeamingServiceClientWithCall:0.12
TeamingServiceClientWithStub:0.07333333333333333
