MaterialViewPagerAnimator:0.74
MaterialViewPager:0.3933333333333333
MainActivity:0.20333333333333334
