GenericExtruder:0.5733333333333334
GenericStepperMotor:0.5466666666666666
Device:0.2833333333333333
GenericExtruderTabPanel:0.27666666666666667
SNAPCommunicator:0.23666666666666666
GenericStepperPositionPanel:0.22
