PGType:0.51
Messages:0.21333333333333335
JsonType:0.18
PGTypesTest:0.17
BasePGTypeTest:0.16
BooleanType:0.14333333333333334
VarCharType:0.14333333333333334
BigIntType:0.11
RealType:0.11
IntegerType:0.11
SmallIntType:0.11
DoubleType:0.11
TimestampType:0.09
