Event:0.5366666666666666
StepEditor:0.44
CallEditor:0.16333333333333333
AssertEditor:0.16
SequenceEditor:0.15666666666666668
EventEditor:0.06666666666666667
PropertyCallEditor:0.06333333333333334
LaunchEditor:0.06333333333333334
ScriptEditor:0.06333333333333334
AnnotationEditor:0.03666666666666667
SampleEditor:0.03666666666666667
CommentEditor:0.016666666666666666
