NearCacheContext:0.5433333333333333
ExecutionServiceImpl:0.31333333333333335
NearCachedClientMapProxy:0.29333333333333333
DefaultNearCache:0.2518888888888889
NearCacheProvider:0.22666666666666666
ClientReplicatedMapProxy:0.21466666666666667
ClientExecutionServiceImpl:0.18333333333333332
AbstractClientInternalCacheProxy:0.16666666666666666
TestExecutionService:0.16666666666666666
NearCachedMapProxyImpl:0.15
ClientExecutionService:0.1125
CommonNearCacheTestSupport:0.04666666666666667
ExpirationTask:0.02
