Config:0.5988888888888889
DummyPermissionPolicy:0.24688888888888888
IPermissionPolicy:0.24688888888888888
