Aging:0.5066666666666667
CheckingBalance5:0.47333333333333333
AccountsByMonth:0.2633333333333333
