TODHandler:0.8386111111111111
DebugEventListener:0.4703174603174604
DefaultVariablesWatcher:0.4533333333333333
DefaultTODHandler:0.4066666666666667
MethodInfo:0.2816666666666667
