Advapi32:0.8033333333333333
Advapi32Test:0.49666666666666665
Advapi32Util:0.3433333333333333
ACCESS_ACEStructure:0.32
NtDll:0.2773333333333333
SECURITY_DESCRIPTOR:0.26666666666666666
SECURITY_DESCRIPTOR_RELATIVE:0.14333333333333334
ACL:0.13
ACCESS_ALLOWED_ACE:0.11333333333333333
NtDllTest:0.06666666666666667
ACEStructure:0.06
WinNT:0.03
PACLByReference:0.02666666666666667
NTStatus:0.0
