Build:0.5733333333333334
BuildSummary:0.4666666666666667
BuildCommandTest:0.25333333333333335
BuildDetail:0.22
HistoricalBuildSummariesService:0.21833333333333332
HistoricalBuildSummariesServiceTest:0.17666666666666667
BuildSummaryUIService:0.16333333333333333
BuildSummaryTest:0.14333333333333334
BuildSummaryServiceTest:0.13666666666666666
BuildSummaryService2Test:0.12333333333333334
LatestBuildsListingControllerTest:0.1
RSSBuildSummaryAdapter:0.1
CCTrayBuildSummaryAdapter:0.09666666666666666
