ShadowContentResolver:0.44666666666666666
ShadowNotification:0.39
ShadowContentResolverTest:0.3433333333333333
ShadowAccountManagerTest:0.32666666666666666
ShadowLocationManagerTest:0.3
ShadowDrawable:0.2675
BaseRoboAccountManagerFuture:0.23333333333333334
ShadowAccountManager:0.21333333333333335
ShadowAdapterView:0.2
ShadowDrawableTest:0.19333333333333333
ShadowContentProviderClientTest:0.13666666666666666
RoboAccountManagerFuture:0.13
ShadowImageViewTest:0.09333333333333334
