IndexNameExpressionResolverTests:0.4633333333333333
Context:0.44666666666666666
IndexNameExpressionResolver:0.36666666666666664
WildcardExpressionResolverTests:0.16333333333333333
AliasResolveRoutingIT:0.10333333333333333
