NativeMap:0.38666666666666666
ScriptableWrappedMap:0.36
ScriptableLinkedHashMap:0.31666666666666665
JavaScriptScriptEngineTests:0.25666666666666665
KoelnerPhonetik:0.25
ScriptValueConverter:0.23166666666666666
MoreExpressionTests:0.21666666666666667
PhoneticTokenFilterFactory:0.12
CustomWrapFactory:0.03333333333333333
