BitArray:0.53
ThreadInfo:0.5
ElementInfo:0.39666666666666667
FrameAmmendment:0.36822222222222223
DynamicArea:0.215
AmmendableFilterConfiguration:0.18666666666666668
FinalBitSet:0.16
FilteringSerializer:0.16
BufferedFilterConfiguration:0.11333333333333333
