RestAssuredResponseOptionsImpl:0.49944444444444436
CustomObjectMappingITest:0.38333333333333336
ResponseBodyExtractionOptions:0.14416666666666667
ObjectMapperFactory:0.14142857142857143
DefaultJackson1ObjectMapperFactory:0.016666666666666666
DefaultJAXBObjectMapperFactory:0.016666666666666666
DefaultGsonObjectMapperFactory:0.016666666666666666
DefaultJackson2ObjectMapperFactory:0.016666666666666666
