ProfileDao:0.6533333333333333
ProfileDaoImpl:0.49333333333333335
ProfileModule:0.3978333333333333
ProfileModuleImpl:0.29333333333333333
ShareItemMember:0.25333333333333335
ShareItem:0.23
ShareItemSelectSpec:0.12333333333333334
NoShareItemByTheIdException:0.09
