ProofFinderFactory:0.7966666666666666
ProofFinderFactoryImpl:0.48111111111111104
