DigitalObject:0.5533333333333333
METSDODeserializer:0.37666666666666665
METSDOSerializer:0.32
METSInOutTest:0.2
BasicDigitalObject:0.2
DatastreamXMLMetadata:0.1577777777777778
