PA:0.5822222222222222
BDDSolver:0.52
BDDInferenceRule:0.29333333333333333
