ControllerHub:0.7566666666666667
JChemPaint:0.3775
JChemPaintPanel:0.31666666666666665
IAtomBondEdits:0.23805555555555558
CopyPasteAction:0.15666666666666668
JCPMenuTextMaker:0.09333333333333334
CreateReactionAction:0.07666666666666666
