InputState:0.5933333333333334
ChoiceTesterTest:0.5783333333333334
