OptionElementFactory:0.42
ChartConfiguration:0.32066666666666666
AreaChartHandler:0.24333333333333335
DifferenceChartHandler:0.24
JPPFChartBuilder:0.23333333333333334
Bar3DChartHandler:0.23
PlotXYChartHandler:0.23
Pie3DChartHandler:0.21666666666666667
OptionsPageBuilder:0.2125
RingChartHandler:0.18666666666666668
CategorySeriesLabelGeneratorInvocationHandler:0.16413167388167385
LegendLabelGeneratorInvocationHandler:0.0796111111111111
CategoryItemLabelGeneratorInvocationHandler:0.006666666666666667
