MoreLikeThisQueryBuilder:0.35
Builder:0.3333333333333333
MoreLikeThisQueryBuilderTests:0.25333333333333335
Analysis:0.12666666666666668
