FastCharBuffer:0.48333333333333334
BCrypt:0.4666666666666667
EmailAddress:0.4666666666666667
