ClientConfig:0.35
HazelcastClient:0.3466666666666667
AddressUtil:0.29527777777777775
Connection:0.25666666666666665
ClientRunnable:0.20666666666666667
LifecycleServiceClientImpl:0.20333333333333334
ConnectionManager:0.18805555555555556
