AnnotationUtils:0.5266666666666666
DummyClass:0.44333333333333336
DummyClassExt:0.35444444444444445
AnnotationUtilsTest:0.35
DefaultWorkflowInterceptor:0.2633333333333333
