ClientClusterServiceImpl:0.5
ClientMembershipListener:0.4866666666666667
MemberShipEventLogger:0.45876587301587307
ClientRegressionWithMockNetworkTest:0.43333333333333335
MembershipListenerTest:0.2
InitialMemberShipEventLogger:0.04
