Families:0.5233333333333333
Indi:0.4533333333333333
ReportAncestorStatistics:0.23666666666666666
NavigatorView:0.21666666666666667
EditViewFactory:0.20666666666666667
Report4Generations:0.20666666666666667
CreateRelationship:0.19
ReportGedcomStatistics:0.18666666666666668
ReportFamily:0.18333333333333332
PropertyChild:0.18
PropertyFamilySpouse:0.17666666666666667
SiblingOf:0.16333333333333333
ReportTrees:0.16
AncestorsWithFams:0.14666666666666667
ReportDescendants:0.14333333333333334
ReportAges:0.14333333333333334
ReportEvents:0.14333333333333334
PropertyFamilyChild:0.14
ParentsOfChild:0.11666666666666667
ChildIn:0.11333333333333333
DescendantsWithFams:0.11333333333333333
ReportAncestors:0.11
Relationship:0.10666666666666667
AncestorsNoFams:0.10666666666666667
ChildOf:0.09166666666666666
SpouseOf:0.09
DescendantsNoFams:0.09
ParentOf:0.07333333333333333
