NearCache:0.64
MapService:0.39055555555555554
EvictionTest:0.29333333333333333
