DynamicSqlSourceTest:0.6963888888888888
GenericTokenParser:0.6644444444444445
GenericTokenParserTest:0.22
