HttpServerRequestImpl:0.505
HttpTest:0.40944444444444444
Http1xServerConnection:0.37333333333333335
