VirtualFlow:0.5933333333333334
VirtualScrollBar:0.41833333333333333
ComboBoxPopupControl:0.24
