SQLGrammar:0.5783333333333334
DispatchingVisitor:0.3
TableVisitor:0.26
TableVisitorTest:0.19666666666666666
TransportSQLActionTest:0.12333333333333334
