DataFeatures:0.5910000000000001
HINFormat:0.3566666666666667
CMLFormat:0.3333333333333333
