G3dModelLoader:0.6683333333333333
UBJsonReader:0.5302777777777778
