AbstractInteropTest:0.71
TestUtils:0.6533333333333333
Http2NettyLocalChannelTest:0.18333333333333332
AutoWindowSizingOnTest:0.18333333333333332
TransportCompressionTest:0.17666666666666667
Http2OkHttpTest:0.14666666666666667
Http2NettyTest:0.13666666666666666
