CollectNode:0.7466666666666667
Visitor:0.27666666666666667
TransportExecutor:0.2633333333333333
TransportExecutorTest:0.20666666666666667
