GlyphLayout:0.6566666666666666
BitmapFontData:0.48333333333333334
BitmapFontTest:0.23666666666666666
BitmapFontMetricsTest:0.18333333333333332
