Segment:0.36666666666666664
IntIntMultiMapTest:0.2833333333333333
ChronicleMapTest:0.24166666666666667
StatelessChronicleMap:0.2413888888888889
TCPSocketReplicationIntValueTest:0.23333333333333334
StatelessServerConnector:0.23
VanillaChronicleMap:0.21
TCPSocketReplicationTest3VoidValueTest:0.19666666666666666
ByteableMarshaller:0.18333333333333332
