ConnectionProfile:0.5166666666666667
TcpTransport:0.46
Netty4Transport:0.39666666666666667
Builder:0.30333333333333334
AbstractSimpleTransportTestCase:0.235
