SequenceStructure:0.64
OrderedSequence:0.43666666666666665
OrderedSequenceStructure:0.4066666666666667
SequenceStyleGenerator:0.3566666666666667
OrderedSequenceGenerator:0.12666666666666668
