ComponentVisitor:0.5930555555555557
Workbench:0.51
DialogHelper:0.39666666666666667
WorkbenchPane:0.2733333333333333
ContextHook:0.20111111111111113
ViewDockable:0.19666666666666666
Dispatcher:0.13777777777777778
ActionCloseView:0.13
