Gate:0.6866666666666666
Factory:0.4666666666666667
NewResourceDialog:0.33
