UpdateableMatrix:0.53
Conf:0.45166666666666666
ComputableWorkerAkka:0.26
DeepLearningAccumulator:0.23888888888888885
NetworkRunner:0.23333333333333334
