DashboardHolder:0.31666666666666665
ExtendedExplorerPanel:0.2833333333333333
NumericAttributeMeter:0.27666666666666667
DashboardTopComponent:0.23666666666666666
AttributeGraphPanel:0.13333333333333333
