ArchiveUtils:0.8
StatisticsTracker:0.5033333333333333
AbstractTracker:0.2733333333333333
UriProcessingFormatter:0.24333333333333335
