StrandedZoomableApolloPanel:0.6033333333333334
ScaleView:0.5033333333333333
