ComponentReferenceTest:0.5266666666666666
TestHierarchyTest:0.39
ComponentTestFixture:0.29
JFileChooserTesterTest:0.16333333333333333
