GWT14Test:0.5133333333333333
Sarissa099Test:0.24333333333333335
CurvyCornersTest:0.17333333333333334
JQueryTestBase:0.17333333333333334
JQuery112Test:0.11333333333333333
JQuery1131Test:0.11333333333333333
Dojo090Test:0.058333333333333334
Dojo102Test:0.058333333333333334
