BasicExpressionTests:0.4766666666666667
WhenThingsGoWrongTests:0.4266666666666667
ScriptTestCase:0.4066666666666667
