ParameterSignature:0.5433333333333333
TestMethod:0.4066666666666667
TheoryMethod:0.3333333333333333
Roadie:0.19111111111111112
DataPointMethodTest:0.16333333333333333
Version:0.15
TestedOnSupplier:0.06
