Nature:0.5233333333333333
TermNatures:0.3466666666666667
Analysis:0.30666666666666664
Graph:0.22
AnsjItem:0.19944444444444445
ToAnalysis:0.19333333333333333
TermNature:0.19333333333333333
NumRecognition:0.18666666666666668
DATDictionary:0.17
NlpAnalysis:0.17
IndexAnalysis:0.15
DicAnalysis:0.15
CoreLibraryMaker:0.14
NumNatureAttr:0.08
NumRecognitionTest:0.02666666666666667
