Utils:0.8266666666666667
ValidateTransformationTest:0.13599999999999998
