ReportModule:0.8666666666666667
ReportDownloadController:0.3933333333333333
ReportModuleImpl:0.3566666666666667
