Person:0.41
SettlementConfig:0.38333333333333336
TableStyle:0.26555555555555554
SimulationConfigEditor:0.25
UnitManager:0.21333333333333335
InitialSettlement:0.21333333333333335
MainDesktopPane:0.20666666666666667
ArrivingSettlement:0.20333333333333334
SettlementTableModel:0.2
Conversion:0.16333333333333333
TabPanelSponsorship:0.11333333333333333
NewArrivingSettlement:0.07
SettlementInfo:0.02666666666666667
