RWorkspace:0.6633333333333333
TreeTagger:0.4266666666666667
Toolbox:0.29
