ElementDecl:0.7866666666666666
Handler:0.32666666666666666
