OneAssetOption:0.4230952380952381
Handle:0.32277777777777783
BlackVarianceCurve:0.31333333333333335
InterpolatedZeroCurve:0.2633333333333333
RelinkableHandle:0.24611111111111114
InterpolatedForwardCurve:0.23666666666666666
InterpolatedDiscountCurve:0.23333333333333334
PiecewiseYieldDiscountCurve:0.22
GeneralizedBlackScholesProcess:0.22
AbstractInterpolation:0.19666666666666666
GaussKonrodPattersonIntegrator:0.19333333333333333
AbstractInterpolation2D:0.18
BlackVarianceSurface:0.16333333333333333
BackwardFlarInterpolationImpl:0.15666666666666668
LinearInterpolationImpl:0.15666666666666668
LogLinearInterpolationImpl:0.15666666666666668
