ARCReader:0.42
ARCRecord:0.38666666666666666
ARCReaderFactory:0.25333333333333335
ARCRecordMetaData:0.24666666666666667
