SparkDl4jMultiLayer:0.42333333333333334
WordVectorsImpl:0.37
TestSparkMultiLayer:0.25666666666666665
ParamAccumulator:0.14333333333333334
MiniBatchFunction:0.14
S3Uploader:0.09333333333333334
