DSLContext:0.7046666666666667
DSL:0.57
DropSequenceImpl:0.42222222222222217
DDLTests:0.31
DefaultDSLContext:0.2866666666666667
jOOQAbstractTest:0.23666666666666666
VisitContextTest:0.21666666666666667
