ExternalContext:0.8111111111111111
MockExternalContext:0.395
ServletExternalContext:0.31666666666666665
RequestContextPropertyAccessor:0.27666666666666667
RequestContextELContextFactory:0.12666666666666668
