CacheStatisticsImpl:0.48333333333333334
CacheService:0.44666666666666666
CacheRecordStore:0.31
HazelcastServerCacheManager:0.23666666666666666
CacheEntryProcessorEntry:0.2277777777777778
CacheManagementConfigOperation:0.2277777777777778
HazelcastServerCachingProvider:0.14444444444444443
