Convention:0.5166666666666667
CMLHandler:0.32666666666666666
ChemFileCDO:0.2866666666666667
MDLMolConvention:0.2225
PMPConvention:0.21583333333333332
PDBConvention:0.19416666666666665
