Trace:0.5266666666666666
TestEnhancer:0.42
Source:0.2633333333333333
EnhancerGenerator:0.25333333333333335
Bean:0.19
Beans:0.18
