CacheContext:0.7133333333333334
CacheTest:0.43166666666666664
CacheGenerator:0.32666666666666666
