MustacheScriptEngineService:0.7366666666666667
MustacheScriptEngineTests:0.3
MustachePlugin:0.2966666666666667
CustomMustacheFactoryTests:0.2833333333333333
AbstractScriptTestCase:0.19
