FileUtils:0.7266666666666667
ExportDialog:0.29333333333333333
ExportTypeListener:0.14333333333333334
BrowseOutFileBtnListener:0.13333333333333333
