FilesetComponent:0.49083333333333334
DicomDirDOM:0.44666666666666666
MediaComposerService:0.44
FilesetBuilder:0.42
