Controller:0.6333333333333333
GOETFrame:0.33
GOETTreeModel:0.23333333333333334
DefaultTreeModel:0.22
GOET:0.21444444444444447
DefaultEditorKit:0.19333333333333333
History:0.15
