ScriptingConsoleView:0.5166666666666667
JsConsoleView:0.325
RubyConsoleView:0.21666666666666667
