DataObjectFactory:0.67
AbstractJavaMailCrawler:0.26
ImapStreamPool:0.18666666666666668
ImapCrawler:0.17
PartStreamFactory:0.12833333333333333
MimeSubCrawler:0.11333333333333333
ImapDataObject:0.07
