Editor:0.4766666666666667
AspectJModel:0.37333333333333335
JAttr:0.36333333333333334
Options:0.34
GraphJGraph:0.33666666666666667
GraphJEdge:0.33
LabelTree:0.27666666666666667
RulePanel:0.25333333333333335
TypePanel:0.21
MouseHandler:0.20333333333333334
AspectJEdge:0.20166666666666666
EditorPanel:0.2
StatePanel:0.19333333333333333
GraphToTikz:0.19
AspectJVertex:0.19
JGraphUI:0.18166666666666667
GraphJModel:0.16666666666666666
AboutAction:0.12
EditPropertiesAction:0.12
