Engine:0.4866666666666667
IndexShard:0.35333333333333333
InternalEngine:0.2966666666666667
ShadowEngine:0.23666666666666666
InternalEngineTests:0.17333333333333334
IndicesModule:0.15333333333333332
FlushTest:0.04666666666666667
