LdapModuleImpl:0.69
LdapModule:0.6099444444444445
AbstractAuthenticationProviderModule:0.42
NullLdapModuleImpl:0.29333333333333333
AuthenticationManagerImpl:0.28861111111111115
