WellFormedCheckerExecutor:0.7366666666666667
ModuleConstantsExistenceCheckerImpl:0.6616666666666666
