JFXTextArea:0.7933333333333333
TextFieldController:0.7016825396825397
