CalculateAreasAndLengthsPlugIn:0.39166666666666666
JoinAttributesSpatiallyPlugIn:0.36
OpenWizardPlugIn:0.2966666666666667
JoinWithArcPlugIn:0.28
AddImageLayerPlugIn:0.25833333333333336
