StructureResonanceGenerator:0.7266666666666667
StructureResonanceGeneratorTest:0.24666666666666667
