Context:0.5633333333333334
Configuration:0.55
DriverConductorTest:0.20333333333333334
