RestController:0.6816666666666666
FakeRestChannel:0.4666666666666667
