ArticleTable:0.5066666666666667
HitTable:0.5
DisplayAnnotation:0.41333333333333333
