CAInfo:0.4666666666666667
ca:0.36833333333333335
CaChangeCertProfileCommand:0.2866666666666667
CaAdminCommandFactory:0.14444444444444446
