Mango:0.4866666666666667
Return:0.3566666666666667
Invocation:0.33666666666666667
MangoFormalLanguage:0.27051984126984113
LogicAndIntegerInc:0.26
TypeCasting:0.26
Pushing:0.26
Branching:0.21
LocalMessage:0.21
ArithmeticOp:0.2
Newandmisc:0.2
Worker:0.2
Loading:0.19
Storing:0.18
ComposePrependedClinits:0.14333333333333334
Is_class_loadable:0.14333333333333334
Invoking:0.09833333333333333
PopDupSwap:0.09333333333333334
Getandput:0.09
Linker:0.03833333333333333
