Task:0.8433333333333334
AbstractTask:0.33
AbstractExecutionManager:0.24333333333333335
ThreadContextClassLoaderTask:0.19
NodeExecutionManager:0.16333333333333333
RemoteRunnable:0.16333333333333333
ClientExecutionManager:0.16333333333333333
