GAMEPanel:0.36
FileGAMEPanel:0.2633333333333333
MovementPanel:0.23
GAMEAdapterGUI:0.21666666666666667
FindPanel:0.18666666666666668
NumericKeyFilter:0.16
LocationGAMEPanel:0.14666666666666667
ChromosomeField:0.10333333333333333
