Driver:0.76
ConnectionJDBC2UnitTest:0.3
Test_ConnectionJDBC2_unpackProperties:0.16333333333333333
Test_Driver_parseURL:0.11666666666666667
