BaseEvaluation:0.3933333333333333
ROCBinary:0.38333333333333336
RocCurve:0.37
PrecisionRecallCurve:0.37
BaseCurve:0.21666666666666667
EvalJsonTest:0.023333333333333334
