ConfigurationTestUtils:0.38
ConfigFileConstants:0.3433333333333333
JdbcFilterDaoTest:0.23333333333333334
OpennmsApplicationContext:0.22666666666666666
DataSourceFactory:0.2225
CorrelatorIntegrationTest:0.21
Installer:0.20916666666666667
PopulatedTemporaryDatabaseTestCase:0.19333333333333333
AbstractTransactionalTemporaryDatabaseSpringContextTests:0.12333333333333334
URLReader:0.11333333333333333
OpennmsResourceLoader:0.03666666666666667
