AbstractNamingStrategyTests:0.5066666666666667
JavaAndXmlTests:0.33666666666666667
PropagateBeanNamingTests:0.31333333333333335
ScopingXmlTests:0.13333333333333333
