AsyncFileImpl:0.48333333333333334
FileSystemImpl:0.4666666666666667
VertxInternal:0.3572222222222222
VertxImpl:0.2733333333333333
ContextImpl:0.25666666666666665
VertxOptions:0.24333333333333335
MultiThreadedWorkerContext:0.22
BlockingAction:0.186
WindowsFileSystem:0.14333333333333334
WorkerContext:0.13666666666666666
VertxOptionsTest:0.10333333333333333
