DateTimeParser:0.6533333333333333
DateTimePrinter:0.53
FParser:0.36
FPrinter:0.3566666666666667
Composite:0.31333333333333335
DateTimeFormatterBuilder:0.31333333333333335
BaseDateTimeFormatter:0.27666666666666667
Fraction:0.22666666666666666
TwoDigitYear:0.22666666666666666
TimeZoneOffsetFormatter:0.20666666666666667
TextField:0.18333333333333332
StringLiteral:0.16333333333333333
CharacterLiteral:0.16333333333333333
DateTimeParserBucket:0.15666666666666668
TimeZonePrinter:0.10444444444444444
PaddedNumber:0.10111111111111111
UnpaddedNumber:0.10111111111111111
MatchingParser:0.07666666666666666
NumberFormatter:0.013333333333333334
