DocumentEditor:0.5266666666666666
Scratch:0.39
LogArea:0.31666666666666665
LogAreaOutputStream:0.23333333333333334
UTF8PrintWriter:0.22666666666666666
