MediaCreationRequest:0.32666666666666666
Flag:0.3233333333333333
Executer:0.29333333333333333
FilesetBuilder:0.25333333333333335
MediaComposerService:0.24666666666666667
LabelCreator:0.24666666666666667
CDRecordService:0.24333333333333335
NeroCmdService:0.23666666666666666
SpoolDirService:0.22333333333333333
MediaCreationMgtScpService:0.21333333333333335
SpoolDirDelegate:0.19333333333333333
LabelPrintService:0.18
LabelPrintDelegate:0.02
