TermVectorsRequest:0.36333333333333334
Item:0.29
IndexRequest:0.2683333333333333
SimulatePipelineRequest:0.25666666666666665
Script:0.25
PutPipelineRequest:0.24333333333333335
PipelineConfiguration:0.22611111111111115
PercolateQueryBuilder:0.19833333333333333
PutStoredScriptRequest:0.19
