OcspConfiguration:0.7433333333333333
StandaloneOcspResponseGeneratorSessionTest:0.3233333333333333
CADataHandler:0.2966666666666667
OcspResponseGeneratorSessionBean:0.24166666666666667
CesecoreConfiguration:0.21666666666666667
InternalKeyBindingMBean:0.21666666666666667
SetDefaultOcspResponderCommand:0.13
OcspSigningCacheEntry:0.10265873015873016
