Fiber:0.5133333333333333
ThreadAccess:0.43333333333333335
FiberSerializer:0.29777777777777775
DisruptorReceiveChannel:0.2633333333333333
Debug:0.22666666666666666
