SQLGrammar:0.4766666666666667
XContentGenerator:0.36333333333333334
TableVisitor:0.3625
CreateTableNode:0.32
ParsedStatement:0.2966666666666667
SQLGrammarTokenManager:0.29
TransportSQLActionTest:0.27666666666666667
TransportSQLAction:0.25666666666666665
CreateIndexResponseListener:0.235
QueryVisitorTest:0.17
SQLPlugin:0.08666666666666667
SQLModule:0.0776010101010101
DistributedSQLResponseListener:0.0033333333333333335
SQLGrammarConstants:0.0
