Node:0.7933333333333333
HTMLCollection:0.37333333333333335
CSSRuleList:0.37
