ConnectionHeartbeatListener:0.7366666666666667
SqlPredicateTest:0.4633333333333333
ClusterHeartbeatManager:0.35
ClientConnection:0.34
Invocation:0.2833333333333333
ClusterServiceImpl:0.2733333333333333
ClientConnectionManagerImpl:0.20333333333333334
IOBalancerStressTest:0.19666666666666666
ClientEngineImpl:0.19333333333333333
Heartbeat:0.18666666666666668
ClusterListenerSupport:0.16666666666666666
ClientHeartbeatTest:0.15666666666666668
TargetDisconnectedException:0.13666666666666666
ClientHeartbeatMonitor:0.08666666666666667
CleanResourcesTask:0.08
