DBCursorTest:0.6797222222222223
QueryBatchCursor:0.3988888888888889
