RobolectricTestRunner:0.5722222222222222
DefaultManifestFactory:0.48
ManifestFactoryTest:0.36333333333333334
