JChemPaintPanel:0.5288888888888889
CleanupAction:0.3466666666666667
RenderPanel:0.31333333333333335
