OLParser:0.39
OLSyntaxNode:0.2833333333333333
SemanticVerifier:0.2633333333333333
OptimizerVisitor:0.22
ParsingContext:0.18333333333333332
AbstractParser:0.16
SumExpressionNode:0.10666666666666667
ProductExpressionNode:0.10666666666666667
Procedure:0.10333333333333333
SolicitResponseOperationStatement:0.10333333333333333
NotificationOperationStatement:0.09666666666666666
CompareConditionNode:0.09666666666666666
ForEachStatement:0.08666666666666667
ForStatement:0.08666666666666667
IfStatement:0.07333333333333333
PortInfo:0.07
ParallelStatement:0.06
NDChoiceStatement:0.06
SequenceStatement:0.06
RequestResponseOperationStatement:0.056666666666666664
AndConditionNode:0.05333333333333334
OrConditionNode:0.05333333333333334
NullProcessStatement:0.04666666666666667
TypeCastExpressionNode:0.04
ServiceInfo:0.04
IsTypeExpressionNode:0.04
Program:0.04
PointerStatement:0.04
DeepCopyStatement:0.04
OneWayOperationStatement:0.04
AssignStatement:0.04
ExitStatement:0.03333333333333333
SynchronizedStatement:0.03333333333333333
PortTypeInfo:0.03333333333333333
WhileStatement:0.03333333333333333
Scope:0.03333333333333333
OutputPortTypeInfo:0.03
RequestResponseOperationDeclaration:0.02666666666666667
PostDecrementStatement:0.02
CompensateStatement:0.02
VariableExpressionNode:0.02
CorrelationSetInfo:0.02
StateInfo:0.02
OutStatement:0.02
ExpressionConditionNode:0.02
ValueVectorSizeExpressionNode:0.02
ConstantIntegerExpression:0.02
SleepStatement:0.02
NotConditionNode:0.02
PreIncrementStatement:0.02
InStatement:0.02
ProcedureCallStatement:0.02
LinkInStatement:0.02
ExecutionInfo:0.02
OperationDeclaration:0.02
ThrowStatement:0.02
LinkOutStatement:0.02
UndefStatement:0.02
RunStatement:0.02
InstallStatement:0.02
ConstantStringExpression:0.02
PostIncrementStatement:0.02
PreDecrementStatement:0.02
ConstantRealExpression:0.02
InputPortTypeInfo:0.01
SolicitResponseOperationDeclaration:0.01
OneWayOperationDeclaration:0.01
NotificationOperationDeclaration:0.01
