DicomDirReader:0.5516666666666666
DicomDirWriter:0.443
DcmDir:0.39666666666666667
