ReloadClassAction:0.5432936507936508
SaveCorpusAsXmlAction:0.5432936507936508
