ConfigureImportAction:0.49666666666666665
Invoice4:0.43666666666666665
Invoice5:0.35
ImportDataAction:0.18
AppointmentTest:0.15666666666666668
Invoice5Test:0.03
