SoapEndpointMapping:0.62
SoapEndpointInvocationChain:0.3333333333333333
SoapMessageDispatcher:0.26666666666666666
AbstractEndpointMapping:0.19333333333333333
AbstractMapBasedEndpointMapping:0.18
SoapEnvelopeLoggingInterceptorTest:0.13333333333333333
AbstractQNameEndpointMapping:0.07333333333333333
SoapActionEndpointMapping:0.056666666666666664
DelegatingSoapEndpointMapping:0.056666666666666664
DelegatingSoapEndpointMappingTest:0.05266666666666667
PayloadRootQNameEndpointMapping:0.016666666666666666
SoapEnvelopeLoggingInterceptor:0.01
EndpointMappingTest:0.01
SoapActionEndpointMappingTest:0.006666666666666667
MapBasedSoapEndpointMappingTest:0.0033333333333333335
PayloadRootQNameEndpointMappingTest:0.0011111111111111111
