SniffingConnectionPool:0.48333333333333334
SnifferTask:0.4816666666666667
AbstractStaticConnectionPool:0.32
StaticConnectionPool:0.27
SniffingConnectionPoolTests:0.12666666666666668
StaticConnectionPoolTests:0.09333333333333334
