UserAction:0.43666666666666665
GroupAction:0.4266666666666667
UserFactoryTest:0.17666666666666667
GroupFactoryTest:0.14666666666666667
