RetrieveCmd:0.48
QueryRetrieveScpService:0.34
ExportManagerService:0.21333333333333335
StgCmtScuScpService:0.20666666666666667
Dcm4cheeFormController:0.19333333333333333
UpdateAttributesService:0.19
LossyCompressionService:0.19
MoveTask:0.18
MoveScp:0.17833333333333334
GetTask:0.16
GetScp:0.13333333333333333
FileCopyOrder:0.13
QueryStudyPermissionCmd:0.12
HPMoveScp:0.10666666666666667
HPRetrieveCmd:0.09666666666666666
