TemplateModuleImpl:0.63
ObjectKeys:0.5405555555555556
WebKeys:0.014071428571428572
