EhCacheBasedTicketCache:0.5736666666666667
EhCacheBasedUserCache:0.5736666666666667
