InfinispanRegionFactory:0.4266666666666667
TimestampsRegionImpl:0.35
QueryResultsRegionImpl:0.24
BaseRegion:0.22666666666666666
BaseGeneralDataRegion:0.16666666666666666
EntityRegionImpl:0.11222222222222224
CollectionRegionImpl:0.11222222222222224
BaseTransactionalDataRegion:0.03333333333333333
