HttpsURLConnection:0.6313095238095238
URL:0.63
URLStreamHandlerFactoryTest:0.32666666666666666
