Renderer2DModel:0.6166666666666667
Renderer2D:0.3566666666666667
