DownloadTask:0.3566666666666667
DownloadTaskEntity:0.3487380952380953
FtpDownloadUtil:0.28
DownloadReceiver:0.18333333333333332
DownloadGroupUtil:0.145
AbsTaskEntity:0.14492063492063492
IDownloadUtil:0.09916666666666667
