InternalEngine:0.45666666666666667
IndexShard:0.42
Maps:0.41333333333333333
LiveVersionMap:0.36333333333333334
GetResult:0.23666666666666666
LiveVersionMapTests:0.14
VersionLookup:0.11666666666666667
