Tools:0.7966666666666666
AlterTableImpl:0.2733333333333333
