BootstrapButton:0.7066666666666667
BootstrapCircleThumbnail:0.30666666666666664
BootstrapThumbnail:0.25
MainActivity:0.15
