CacheRecordHashMap:0.37666666666666665
SamplingEvictionStrategy:0.35
EvictableStore:0.3047619047619048
QueryCacheRecordHashMap:0.17
HeapNearCacheRecordMap:0.16333333333333333
