ExceptionSerializationTests:0.5316666666666666
InternalEngine:0.4266666666666667
MetaDataIndexUpgradeService:0.4216666666666667
