CDKAtomTypeMatcher:0.7166666666666667
CDKAtomTypeMatcherTest:0.25333333333333335
