RowPagesBuilder:0.6366666666666667
Builder:0.5333333333333333
TestOrcStorageManager:0.38666666666666666
