ListenerHandler:0.6327777777777777
ServerHandler:0.42333333333333334
ReceiveDelegate:0.34833333333333333
