JavaSoundAudioRecorder:0.38333333333333336
JavaSoundAudioDevice:0.23666666666666666
OpenALMusic:0.16
Ogg:0.11055555555555555
OpenALAudio:0.04666666666666667
OpenALSound:0.04
Mp3:0.03333333333333333
OggInputStream:0.03333333333333333
Wav:0.03333333333333333
