ClientConductor:0.5166666666666667
AeronTest:0.3
UnicastSenderTest:0.235
Aeron:0.21666666666666667
UnicastReceiverTest:0.18416666666666667
