CallTest:0.5933333333333334
HttpEngine:0.39
HttpMethod:0.18444444444444444
