ShadowApplication:0.49333333333333335
RobolectricConfig:0.32
ShadowArrayAdapter:0.24666666666666667
ViewGroupTest:0.15666666666666668
ResourceLoaderTest:0.14
ArrayAdapterTest:0.11666666666666667
