DropwizardResourceConfig:0.67
OptionalQueryParamResourceTest:0.21333333333333335
OptionalHeaderParamResourceTest:0.20333333333333334
OptionalFormParamResourceTest:0.20333333333333334
OptionalCookieParamResourceTest:0.20333333333333334
OptionalMessageBodyWriterTest:0.14333333333333334
OptionalParamBinder:0.11333333333333333
