Simulator:0.5766666666666667
AbstrStateGenerator:0.49333333333333335
