QueryBuilderTopComponent:0.31333333333333335
ClassMetadataNode:0.2633333333333333
HierarchyCustomizerTopComponent:0.22666666666666666
QueryResultTopComponent:0.20666666666666667
HierarchyCustomizerService:0.16777777777777778
QueryBuilderService:0.15
Remove:0.06
