SVN:0.8483333333333334
SVNTest:0.41333333333333333
