ServerWidget:0.75
ServerElement:0.61
XMLWidget:0.38333333333333336
AbstractSizedWidget:0.36333333333333334
AbstractUnsizedWidget:0.36333333333333334
ServerXMLWidget:0.3466666666666667
TransformUI:0.31333333333333335
AbstractWidget:0.31
SwingServerLayout:0.29333333333333333
SwingPainterUtils:0.29166666666666674
NotRenderedWidget:0.29
AbstractWidgetTest:0.2866666666666667
AbstractXMLDFHandler:0.27666666666666667
SwingServerDisplay:0.26666666666666666
ARINCLabel:0.2608333333333333
WidgetsRefHandler:0.26
LayerPanel:0.25666666666666665
ARINCMapHorzItems:0.25333333333333335
AbstractARINCTextEditor:0.24666666666666667
JFXServerDisplay:0.24666666666666667
LimitedEventQueue:0.24666666666666667
WidgetTableConstructor:0.24666666666666667
DefaultApplications:0.24666666666666667
MapsHandler:0.2397222222222222
ARINCMapGrid:0.23333333333333334
GUIUtilitiesTest:0.23333333333333334
WidgetEvent:0.23166666666666666
AbstractWindowElement:0.22666666666666666
ARINCGPLine:0.21916666666666668
ARINCGPPolyline:0.21916666666666668
ARINCGPTriangle:0.21916666666666668
ARINCGPLinePolar:0.21916666666666668
GUIUtilities:0.21666666666666667
ServerWidgetsHandler:0.21666666666666667
ExtensionTest:0.21333333333333335
ARINCMapHorzContainer:0.21333333333333335
ARINCGPArcEllipse:0.21166666666666667
AbstractServerEngine:0.21
XMLMapsDefinitionParser:0.20666666666666667
AbstractMapItemList:0.205
ARINCPopUpMenuButton:0.19666666666666666
ClickListener:0.19666666666666666
LabelRenderer2Test:0.19666666666666666
ClientMultiApplis:0.19666666666666666
ARINCPopUpPanelButton:0.19666666666666666
ARINCGPRectangle:0.195
ARINCGPArcCircle:0.19305555555555554
MessageDialog:0.18333333333333332
ConfigurationLoader:0.18166666666666667
ClientWidgetPanel:0.18
ARINCLayerEvent:0.16666666666666666
LayerEvent:0.16333333333333333
ARINCTabPanel:0.155
MutuExclRenderer:0.15
SwingLayerEventHandler:0.14333333333333334
ElementPanel:0.14333333333333334
ARINCPanel:0.14
ARINCBasicContainer:0.14
PicturesParser:0.13666666666666666
UnlimitedEventQueue:0.11333333333333333
MessageDecoderActionHandler:0.11
ParsedWidget:0.04
ARINCMutuExclContainer:0.02
