DataStore:0.5666666666666667
EmailSender:0.41333333333333333
SystemDataRes:0.21333333333333335
CaptureTask:0.19333333333333333
AdminThread:0.11333333333333333
EmailMonitor:0.09333333333333334
