X509Properties:0.4522222222222223
X509SerialNumberPrincipalResolver:0.3466666666666667
X509AuthenticationConfiguration:0.30666666666666664
X509SerialNumberPrincipalResolverTests:0.07
