ServerImplTest:0.5833333333333334
NettyServerHandler:0.42
JumpToApplicationThreadServerStreamListener:0.3046666666666667
MoreInProcessTest:0.18666666666666668
