ThreadInfo:0.6666666666666666
JPF_java_text_DecimalFormat:0.2833333333333333
Coverage:0.24777777777777782
NumberFormat:0.23644444444444446
StateMachineCoverage:0.23333333333333334
JPF_gov_nasa_jpf_sc_StateMachine:0.22
Listener:0.21177777777777776
