OcspKeyBinding:0.37805555555555553
AuthenticationKeyBinding:0.2733333333333333
ClientX509KeyManager:0.19666666666666666
