Robolectric:0.5088888888888888
ShadowIntent:0.45666666666666667
IntentTest:0.3433333333333333
RobolectricPackageManager:0.31666666666666665
ShadowContextWrapper:0.21333333333333335
ComponentState:0.1425
