ProcessingContext:0.5733333333333334
ConfigurationProcessor:0.2833333333333333
ExternalBeanMethodProcessor:0.23
StandardBeanMethodProcessor:0.22333333333333333
ClassConfigurationListener:0.21
AbstractBeanMethodProcessor:0.19
ExternalBeanMethodProcessorTests:0.17333333333333334
ScopedProxyMethodProcessor:0.16
ConfigurationListenerSupport:0.15
ExternalValueMethodProcessor:0.13333333333333333
ScopedProxyConfigurationListener:0.09
ResourceBundlesConfigurationListener:0.08333333333333333
BeanMethodMethodInterceptor:0.07
ClassEvent:0.06333333333333334
ExternalValueMethodMethodInterceptor:0.05333333333333334
ExternalBeanMethodMethodInterceptor:0.05333333333333334
CglibConfigurationEnhancer:0.05
AspectJAdviceConfigurationListener:0.043333333333333335
AutoBeanConfigurationListener:0.043333333333333335
MethodBeanWrapper:0.04
ImportConfigurationListener:0.029166666666666667
AutoBeanMethodProcessor:0.02666666666666667
BeanMethodEvent:0.023333333333333334
MethodEvent:0.023333333333333334
StandardBeanConfigurationListener:0.016666666666666666
ScopedProxyBeanMethodMethodInterceptor:0.013333333333333334
AbstractAopConfigurationListener:0.013333333333333334
EventSupport:0.006666666666666667
