Domain:0.8866666666666667
TomcatConfigurationStrategy:0.22333333333333327
JNDIConfigurationStrategy:0.22333333333333327
