Polymer:0.4033333333333333
StrandTest:0.35
Strand:0.35
PolymerTest:0.30333333333333334
PDBReader:0.17
PDBReaderTest:0.16666666666666666
DataClassesTests:0.06333333333333334
