DataHandler:0.75
AnsiDataHandler:0.3516666666666667
ItemsServlet:0.3333333333333333
TestDataHandler:0.3
