ElasticsearchIntegrationTest:0.7416666666666667
ElasticsearchTestCase:0.43333333333333335
ElasticsearchBackwardsCompatIntegrationTest:0.15
