ContactsStrategy:0.38666666666666666
Processor:0.37666666666666665
ExtentsStrategy:0.24333333333333335
Manager:0.2277777777777778
UpdateElement:0.22666666666666666
ExtractGeometriesTest:0.21
Update:0.13
