ReceiveChannelEndpoint:0.44166666666666665
SystemCounters:0.39
SendChannelEndpoint:0.38
Receiver:0.3433333333333333
Sender:0.33444444444444443
NetworkPublication:0.33
PublicationImage:0.2866666666666667
DriverConductor:0.28
PublicationLink:0.21305555555555558
MediaDriver:0.18666666666666668
RetransmitHandler:0.15333333333333332
SelectorAndTransportTest:0.13
