View:0.8133333333333334
ProductExpensesTest:0.30666666666666664
