RobolectricTestRunner:0.52
MavenCentral:0.43333333333333335
SdkEnvironment:0.42
TestUtil:0.31666666666666665
