BroadcasterFactory:0.8046428571428571
DefaultBroadcasterFactory:0.5666666666666667
MyBroadcasterFactory:0.2733333333333333
