Cnd:0.46
FieldMatcher:0.4166666666666667
Daos:0.32
Chain:0.2833333333333333
