AwsEc2ServiceImpl:0.5566666666666666
AzureDiscoveryModule:0.32666666666666666
Ec2DiscoveryPlugin:0.25
