UserDefinedFunctionService:0.5766666666666667
SelectStatementAnalyzerTest:0.42
DocSchemaInfo:0.4066666666666667
JavascriptUserDefinedFunctionTest:0.2
SubselectRewriterTest:0.2
DocIndexMetaDataTest:0.19666666666666666
SysShardsExpressionsTest:0.18333333333333332
DocSchemaInfoTest:0.17
