ShardedJedis:0.7666666666666667
ShardInfo:0.4533333333333333
Sharded:0.4066666666666667
BinaryShardedJedis:0.30666666666666664
ShardedBenchmark:0.14666666666666667
ShardedJedisFactory:0.13
ShardedJedisPoolTest:0.12
