CaSession:0.5400000000000001
CAAdminSessionBean:0.38
CAAdminSession:0.3584285714285714
CAToken:0.33666666666666667
CADataHandler:0.32
CaSessionBean:0.18333333333333332
CAInterfaceBean:0.15333333333333332
CATokenConstants:0.10722222222222222
