ElementMatchers:0.5833333333333334
FieldBinderTest:0.36
ConstructorStrategyDefaultTest:0.30083333333333334
DeclaredInMethod:0.21333333333333335
MethodRegistryDefaultTest:0.2
TypePoolDefaultComponentTypeLocatorTest:0.18
DescriptorMatcher:0.15833333333333333
TypePoolLazyDeclarationContextTest:0.1
