NestedMessageContent:0.8333333333333334
NestedMessageContentTest:0.4533333333333333
NestedMessageContentHandler:0.19484126984126984
