MongoCollectionImpl:0.4633333333333333
DocumentCodec:0.3
DBObjectCodec:0.3
ConcreteCodec:0.2966666666666667
BsonDocumentCodec:0.26
DBObjectCodecTest:0.19666666666666666
DocumentCodecTest:0.18333333333333332
WorkerCodec:0.15666666666666668
NameCodec:0.15666666666666668
PersonCodec:0.15666666666666668
