CmpTcpProxyCommandHandlerTcp:0.5366666666666666
TcpConnection:0.5155555555555555
