Operation:0.5833333333333334
ClientSortLimitTest:0.29
IOUtil:0.29
XAResourceWrapper:0.26666666666666666
MapLockTest:0.24666666666666667
OperationHandler:0.24
MemberLeftException:0.22
MultiMapService:0.21166666666666667
ProxyManager:0.19
SortingUtil:0.17166666666666666
RemoteInvocationResponseHandler:0.15333333333333332
Issue2509Runnable:0.13333333333333333
OperationPacketHandler:0.12333333333333334
ResponseHandlerFactory:0.09333333333333334
SerializationTest:0.09
UnDeserializable:0.01
