ConfigProperties:0.6186666666666667
CDimseService:0.5033333333333333
StorageServiceAdapter:0.31
SampleApplication:0.27666666666666667
