DataType:0.5733333333333334
TestMapOperators:0.4666666666666667
TestRowOperators:0.29
