Kernel32:0.5772222222222223
Winspool:0.4552619047619048
JOB_INFO_1:0.2946111111111111
WinspoolUtil:0.14666666666666667
TIME_ZONE_INFORMATION:0.0
LPPRINTER_DEFAULTS:0.0
