DefinitionHelper:0.7866666666666666
AbstractBinderProcessor:0.51
DisplayConfiguration:0.24333333333333335
WorkspaceTreeController:0.23666666666666666
