AccessUtils:0.7933333333333333
AbstractAdminModule:0.4066666666666667
RelevanceAjaxController:0.26
