ClassMetadataNode:0.54
ClassMetadataChildren:0.42333333333333334
ClassMetadataNodeProperty:0.34833333333333333
CreateClassMetadataAction:0.24333333333333335
RefreshClassMetadataAction:0.10666666666666667
DeleteClassMetadataAction:0.056666666666666664
RootClassMetadataNode:0.03805555555555555
MultipleChoiceItemListPropertyEditor:0.0
ItemListPropertyEditor:0.0
