SessionFactoryOptions:0.6630555555555556
SessionFactoryImpl:0.42333333333333334
AbstractDelegatingSessionFactoryOptions:0.30666666666666664
SessionFactoryOptionsBuilder:0.29
SessionFactoryBuilderImpl:0.21083333333333334
