CgpDispatcher:0.503611111111111
CGPRequest:0.4266666666666667
SOAPUtil:0.42333333333333334
