MapQueryRequest:0.31333333333333335
DataMapProxy:0.26
QueryResultEntryImpl:0.25666666666666665
LocalMapStatsImpl:0.22666666666666666
MapLocalKeySetRequest:0.21333333333333335
ObjectMapProxy:0.21
SimpleEntryView:0.18333333333333332
MapBinaryClientTest:0.14333333333333334
MapDataSerializerHook:0.14
QueryResultStream:0.11333333333333333
MapProxySupport:0.11
