MiscUtil:0.66
BuildDefinitionDivs:0.2633333333333333
Eventeditor:0.23333333333333334
TreeTag:0.23333333333333334
UrlTag:0.23
Datepicker:0.22
Eventtext:0.13666666666666666
ObjectKeys:0.08333333333333333
