HighlightBuilder:0.6633333333333333
HighlightBuilderTests:0.42
SearchContextHighlight:0.30527777777777776
HighlighterParseElement:0.16444444444444445
