ClusterService:0.36
Node:0.3333333333333333
MapConfig:0.30333333333333334
ExecutorManager:0.2711111111111111
ClusterManager:0.26
SplitBrainHandler:0.25333333333333335
ExecutorServiceTest:0.25
ResponseQueueCall:0.21333333333333335
