CompilerServiceImpl:0.495
actBuildProject:0.15666666666666668
HopDataNode:0.11
actRunProject:0.10666666666666667
actDebugMainProject:0.10666666666666667
actContinue:0.10666666666666667
