Request:0.4633333333333333
ConcurrentMapManager:0.44
BaseManager:0.35
PutFromLoadOperationHandler:0.23666666666666666
MPut:0.21333333333333335
PutTransientOperationHandler:0.19416666666666668
