View3D:0.7482777777777778
DisplayVisitor:0.4238888888888889
