Version:0.5466666666666666
VersionUtils:0.43666666666666665
NodeRunner:0.32666666666666666
JPPFDriver:0.30666666666666664
JPPFSystemInformation:0.23333333333333334
AbstractJPPFClient:0.22
