Indi:0.47
PointInTime:0.4166666666666667
PropertyAge:0.39666666666666667
GridBagHelper:0.2733333333333333
ButtonHelper:0.22805555555555557
Impl:0.1911111111111111
GedcomWriter:0.17666666666666667
ReportAges:0.14
ProxyEvent:0.10666666666666667
ProxyAge:0.03666666666666667
