UUIDHexGenerator:0.5766666666666667
DefaultIdentifierGeneratorFactory:0.23
BasicTypeRegistry:0.21833333333333332
GUIDGenerator:0.17419047619047615
TimeZoneTypeDescriptor:0.14333333333333334
BytesHelper:0.04
