DeleteIndexResponse:0.7133333333333334
RestDeleteIndexAction:0.34
RestIndexDeleteAliasesAction:0.16666666666666666
RestIndexPutAliasAction:0.16666666666666666
