ProfileModuleImpl:0.5822222222222222
QueryBuilder:0.48333333333333334
AccessControlManagerImpl:0.33
