CORBAAdapter:0.6366666666666667
CORBAAdapterGUI:0.6033333333333334
GenericFileAdapterGUI:0.32666666666666666
