GwtTeamingMessages:0.5380555555555556
MastHead:0.35333333333333333
MastheadPopupMenu:0.30333333333333334
PopupMenu:0.2866666666666667
GwtTeamingImageBundle:0.24666666666666667
