ActivityController:0.8533333333333334
ActivityControllerTest:0.36666666666666664
ConfigAwareActivity:0.22
