AbstractRdtCompiler:0.4066666666666667
IncrementalRdtCompiler:0.38333333333333336
BuildContextCollector:0.38
ERBBuildContext:0.33
CleanRdtCompiler:0.29333333333333333
