Attribute:0.71
DatasetDefintion:0.38
MLEngine:0.34365079365079365
AdvancedMLEngine:0.3272804232804233
SVMLightWrapper:0.2733333333333333
StringToNominalFilter:0.23333333333333334
Wrapper:0.22
MaxentWrapper:0.20666666666666667
FeatureValuePair:0.19
MachineLearningPR:0.10666666666666667
MyStringReader:0.08666666666666667
SVMLightDocument:0.07333333333333333
TestMaxentWrapper:0.06
GateEventStream:0.0033333333333333335
