Toolbox:0.8116666666666666
JFCChartsSwingComponentsProvider:0.3893333333333333
