ExecutionPhase:0.57
Merge:0.49333333333333335
NodeOperation:0.31333333333333335
SelectPlannerTest:0.31
ExecutionPhases:0.17833333333333334
NodeOperationTreeGenerator:0.15
NodeOperationTreeContext:0.125
DocLevelCollectTest:0.12
ExecutionPhasesTaskTest:0.10666666666666667
DistributingDownstreamFactoryTest:0.1
Visitor:0.07333333333333333
