UserDetailsRepositoryReactiveAuthenticationManager:0.4166666666666667
ReactiveUserDetailsServiceAuthenticationManagerTests:0.27
SecurityConfig:0.20333333333333334
ServerHttpSecurityConfigurationBuilder:0.2
CustomPasswordEncoderConfig:0.04666666666666667
ReactiveAuthenticationTestConfiguration:0.035
WebfluxFormSecurityConfig:0.02666666666666667
HelloWebfluxFnSecurityConfig:0.016666666666666666
HelloWebfluxSecurityConfig:0.016666666666666666
