BinderModule:0.92
BinderModuleImpl:0.5266666666666666
WebKeys:0.47904761904761906
ManageBinderQuotaController:0.29
