MapDisplay:0.5966666666666667
GlobeDisplay:0.48333333333333334
NavigatorWindow:0.24
