Article:0.5105555555555555
AdminProcessor:0.33666666666666667
ArticleQueryService:0.31333333333333335
NotificationQueryService:0.31
NotificationProcessor:0.24666666666666667
