FtpVFS:0.59
LoginDialog:0.35
DirectoryCache:0.22
FtpPlugin:0.16333333333333333
FtpAddress:0.09333333333333334
