XSLTOutputter:0.6866666666666666
BundleResult:0.4877777777777778
