ShardUpsertRequest:0.34
PlannerTest:0.33666666666666667
Planner:0.2941666666666667
InsertFromValuesAnalyzerTest:0.29
BulkShardProcessor:0.2833333333333333
UpsertByIdTask:0.25166666666666665
PlanNodeVisitor:0.24666666666666667
TransportShardUpsertAction:0.23666666666666666
NodeVisitor:0.18666666666666668
TransportExecutorTest:0.16333333333333333
InsertFromValuesAnalyzer:0.13333333333333333
ValuesAwareExpressionAnalyzer:0.04210317460317461
