ChoiceWidget:0.5566666666666666
TextFieldWidget:0.5233333333333333
TextAreaWidget:0.25833333333333336
DateWidget:0.25
