BaseDuoAuthenticationService:0.4033333333333333
DuoSecurityConfiguration:0.3933333333333333
DuoAuthenticationMetaDataPopulator:0.2833333333333333
DefaultDuoMultifactorAuthenticationProvider:0.21666666666666667
DuoAuthenticationWebflowAction:0.11333333333333333
BasicDuoAuthenticationService:0.11
