StatelessChronicleMap:0.6133333333333333
StatelessClientTest:0.3233333333333333
StatelessServerConnector:0.2778888888888889
