Builder:0.33
Item:0.3
MoreLikeThisQueryBuilder:0.27
FuzzyQueryBuilder:0.27
GeoPolygonQueryBuilder:0.2633333333333333
TermsQueryBuilder:0.23
AbstractQueryTestCase:0.20666666666666667
BoolQueryBuilderTests:0.13666666666666666
NotQueryBuilderTests:0.13666666666666666
InnerHitsQueryParserHelper:0.13666666666666666
TermsLookup:0.13
ConstantScoreQueryBuilderTests:0.10666666666666667
