Module:0.7953333333333333
CustomerTest:0.40377777777777774
