AbstractCacheService:0.6766666666666666
CacheGetConfigOperation:0.24666666666666667
AbstractCacheMessageTask:0.24277777777777781
CacheGetConfigMessageTask:0.24
CacheCreateConfigMessageTask:0.21666666666666667
