ProtocolOcspHttpTest:0.53
ProtocolOcspHttpStandaloneTest:0.3933333333333333
OcspJunitHelper:0.37333333333333335
