Tab:0.5266666666666666
Style:0.4866666666666667
DefaultLayoutPainter:0.30333333333333334
ModuleTestBase:0.29333333333333333
XavaPreferences:0.2866666666666667
