Geolocation:0.5633333333333334
NavigatorTest:0.2
Navigator:0.19
BackgroundJavaScriptFactory:0.10861111111111112
Coordinates:0.07
Position:0.06333333333333334
GeolocationTest:0.016666666666666666
