zxJDBC:0.49666666666666665
PyCursor:0.4
PyStatement:0.31333333333333335
PyExtendedCursor:0.215
PyConnection:0.21
BCP:0.19555555555555557
