View:0.59
XavaPreferences:0.31
Module:0.28
ModuleContext:0.2633333333333333
OnChangeSearchAction:0.10333333333333333
