WordSense:0.7333333333333333
WordNet:0.6333333333333333
RelationImpl:0.3433333333333333
IndexFileWordNetImpl:0.3333333333333333
SynsetImpl:0.31333333333333335
WNHelper:0.22333333333333333
WordImpl:0.21666666666666667
Relation:0.14666666666666667
WordSenseImpl:0.12666666666666668
