ParameterConstants:0.6477777777777778
AbstractSymmetricEngine:0.39
ConfigurationChangedDataRouter:0.2733333333333333
