TaskGraphsPanel:0.35
FolderViewBase:0.33
GwtMenuHelper:0.30666666666666664
CopyMoveEntriesDlg:0.2833333333333333
AddNewFolderDlg:0.2111111111111111
TaskFolderView:0.21
