ResourceDriverModule:0.6555555555555556
GwtServerHelper:0.5211111111111112
GwtNetFolderHelper:0.2511111111111111
DefaultNetFolderServerSynchronization:0.20666666666666667
ResourceDriverModuleImpl:0.19333333333333333
