PseudoEpsgFactory:0.55
AuthorityFactoryTest:0.33666666666666667
TransformTestCase:0.30833333333333335
SamplePoints:0.2733333333333333
MathTransformTest:0.25555555555555554
