LatexList2Text:0.8766666666666667
LatexList2TextTest:0.023333333333333334
