DetailedPlacemarkWriter:0.5866666666666667
ReportKML:0.3566666666666667
Names:0.25666666666666665
PlacemarkWriter:0.12333333333333334
FolderWriter:0.07333333333333333
CompactPlacemarkWriter:0.07
KmlWriter:0.0
