FolderEntryComposite:0.4533333333333333
DlgBox:0.4
GwtTeamingMessages:0.31666666666666665
GwtTeamingDataTableImageBundle:0.23666666666666666
GwtViewHelper:0.23
ContentControl:0.22666666666666666
FolderEntryDlg:0.20444444444444446
FolderEntryView:0.2
WebKeys:0.014285714285714285
