JsUtils:0.7333333333333333
HttpProtocol:0.41
FileService:0.31333333333333335
JsonUtilsService:0.24333333333333335
JsonRpcProtocol:0.21333333333333335
