EventService:0.6537777777777778
MapService:0.43333333333333335
MapProxySupport:0.42
ObjectMapProxy:0.3466666666666667
EventServiceImpl:0.12333333333333334
EntryEventFilter:0.10666666666666667
EventServiceSegment:0.10666666666666667
