ProcessWrapper:0.4066666666666667
CommandLineTask:0.39666666666666667
FileUtils:0.31666666666666665
TestProcess:0.19472222222222224
TestBenchmark:0.18972222222222224
StreamHandler:0.07
