TestInterface:0.7323611111111111
Util:0.7044444444444444
RecordedRequestAssert:0.49
Default:0.37666666666666665
FeignTest:0.37333333333333335
