Advapi32:0.8541666666666666
Advapi32Util:0.43666666666666665
Advapi32UtilTest:0.27
GENERIC_MAPPING:0.05055555555555556
PRIVILEGE_SET:0.02
