RWorkspace:0.4166666666666667
ApplicationWorkbenchAdvisor:0.25333333333333335
ReferencerEditor:0.24
ComputeCorrespondanceAnalysisDialog:0.21666666666666667
LexicalTableDialog:0.20333333333333334
Convert5To6:0.19666666666666666
