SequencerAgent:0.5766666666666667
ClusteredServiceAgent:0.57
ClusterNodeRestartTest:0.23666666666666666
