NodeExtension:0.5033333333333333
SecurityContext:0.47711904761904766
PermissionConfig:0.4766666666666667
DynamicConfigurationAwareConfig:0.46
HttpCommandProcessor:0.32022222222222224
Node:0.31333333333333335
HTTPCommunicator:0.2833333333333333
SamplingNodeExtension:0.18
DefaultNodeExtension:0.17333333333333334
HttpPostCommandProcessor:0.15333333333333332
RestTest:0.12666666666666668
DummyPermissionPolicy:0.11
IPermissionPolicy:0.11
ManagementDataSerializerHook:0.06
