MetaProperty:0.9166666666666666
ReportValidate:0.3
TestCardinality:0.22666666666666666
