OLSyntaxNode:0.69
Scanner:0.4166666666666667
Pair:0.38866666666666666
Constants:0.3794444444444445
OLParser:0.37666666666666665
TypeDefinition:0.31
AbstractParser:0.25
Range:0.21666666666666667
IfStatement:0.17
ProductExpressionNode:0.17
ParallelStatement:0.16
OrConditionNode:0.16
SequenceStatement:0.16
SumExpressionNode:0.15666666666666668
NDChoiceStatement:0.15
LocationParser:0.11333333333333333
LazyHolder:0.0
