StudyBean:0.5616666666666666
PrivateManagerBean:0.3466666666666667
StorageBean:0.30666666666666664
ContentEditBean:0.26666666666666666
StudyQueryCmd:0.25666666666666665
SeriesQueryCmd:0.25333333333333335
ImageQueryCmd:0.25333333333333335
StudyMgtBean:0.24666666666666667
FileSystemMgtBean:0.21333333333333335
StudyReconciliationBean:0.19666666666666666
ConsistencyCheckBean:0.14333333333333334
