GraphicFactory:0.7133333333333334
ServerXMLDFHandler:0.32
JFXFactory:0.3155555555555556
SwingFactory:0.3155555555555556
ServerBinaryDFHandler:0.25666666666666665
LayerHelper:0.2
