URLConnectionTest:0.44333333333333336
Connection:0.44333333333333336
MockWebServer:0.31777777777777777
OkHttpClient:0.31333333333333335
HttpConnection:0.23444444444444448
ConnectionPoolTest:0.21333333333333335
FakeProxySelector:0.19444444444444445
HttpOverSpdyTest:0.18333333333333332
ExternalSpdyExample:0.09666666666666666
ExternalHttp2Example:0.09666666666666666
