SpoolDirService:0.49666666666666665
MediaCreationMgtScpService:0.44333333333333336
LabelPrintService:0.2633333333333333
