MossModel:0.75
InputMolecule:0.6066666666666667
ViewLabelProvider:0.24666666666666667
InputPage:0.2
ViewContentProvider:0.17333333333333334
ParametersPage2:0.15333333333333332
MossWizard:0.13333333333333333
ParametersPage:0.10666666666666667
MossFileTestRunner:0.10333333333333333
MossTestRunner:0.06166666666666667
