IHEDocumentList:0.4533333333333333
RIDSupport:0.43333333333333335
RIDService:0.2733333333333333
InstanceModel:0.23666666666666666
ConceptNameCodeConfig:0.18666666666666668
