XMLModelSerializer:0.5466666666666666
ModelIOUtilities:0.47
Model17XMLPersister:0.12666666666666668
XMLTableSerializer:0.06
XMLAttributeSerializer:0.04666666666666667
XMLViewSerializer:0.04
XMLSubjectAreaSerializer:0.03333333333333333
XMLDomainSerializer:0.03333333333333333
XMLRelationSerializer:0.03333333333333333
XMLIndexSerializer:0.02666666666666667
XMLSerializer:0.02666666666666667
XMLCommentSerializer:0.02
