Kernel32:0.7133333333333334
Kernel32Test:0.38666666666666666
Psapi:0.3844444444444444
PsapiTest:0.17333333333333334
PERFORMANCE_INFORMATION:0.05564814814814814
