TestSubject:0.6283333333333333
TSVM:0.47
Listener:0.46
RWSameFieldRace:0.3233333333333333
