Reader:0.3566666666666667
InFrame:0.28777777777777774
SpdyConnectionTest:0.26
Writer:0.23
Http20Draft09Test:0.16666666666666666
