FilterResult:0.64
ClassFiltersTests:0.28
PredicateBasedClassFilter:0.16666666666666666
ClassNameFilter:0.16666666666666666
EngineIdFilter:0.14333333333333334
