CachingHiveMetastore:0.39
InMemoryHiveMetastore:0.36333333333333334
SqlStandardAccessControl:0.2833333333333333
HiveMetastore:0.25666666666666665
