Jump:0.7933333333333333
NavigatorView:0.5633333333333334
