Visitor:0.3
ESQueryBuilder:0.2866666666666667
AstVisitor:0.27
Delete:0.2633333333333333
PlanVisitor:0.25333333333333335
Planner:0.24333333333333335
TransportSQLAction:0.18
Analysis:0.16666666666666666
StatementAnalyzer:0.15222222222222223
TransportExecutor:0.13666666666666666
ESQueryBuilderTest:0.08666666666666667
AnalyzerTest:0.07666666666666666
TransportExecutorTest:0.01
