ServerInterceptorsTest:0.3233333333333333
GrpclbLoadBalancerTest:0.2966666666666667
NettyHandlerTestBase:0.2966666666666667
ClientInterceptorsTest:0.23666666666666666
HeaderServerInterceptorTest:0.14666666666666667
