TxmConfig:0.6133333333333333
CRUD:0.38666666666666666
AuthenticationServiceImpl:0.30333333333333334
HelloServiceImpl:0.24666666666666667
