Utils:0.7433333333333333
CreateTableImpl:0.20666666666666667
CreateViewImpl:0.18333333333333332
DropTableImpl:0.15
DropViewImpl:0.15
DropIndexImpl:0.15
DropSequenceImpl:0.15
