PlaceBean:0.7933333333333333
Options:0.5702777777777778
