HtmlElement:0.74
SimpleScriptable:0.30333333333333334
TableTest:0.23333333333333334
TableRow:0.22
JavaScriptEngine:0.19333333333333336
HtmlTableRow:0.18333333333333332
RowContainer:0.17444444444444446
HtmlElementTest:0.11666666666666667
