NetSocket:0.6666666666666666
DefaultNetSocket:0.5433333333333333
DefaultNetClient:0.23
DefaultNetServer:0.21666666666666667
ServerConnection:0.21333333333333335
JavaNetTest:0.20666666666666667
TCPSSLHelper:0.2
TestClient:0.18333333333333332
ClientConnection:0.17333333333333334
ServerHandler:0.14666666666666667
