GwtServerHelper:0.48
ConfigureUserMobileAppsDlg:0.41333333333333333
ConfigureUserFileSyncAppDlg:0.41
GwtPrincipalMobileAppsConfig:0.25
EventHelper:0.24733333333333335
ManageUsersDlg:0.24400000000000002
GwtRpcServiceImpl:0.2375
AdminControl:0.19666666666666666
GwtPrincipalFileSyncAppConfig:0.13333333333333333
InvokePrincipalDesktopSettingsDlgEvent:0.06333333333333334
InvokePrincipalMobileSettingsDlgEvent:0.06333333333333334
SavePrincipalMobileAppsConfigCmd:0.06333333333333334
SavePrincipalFileSyncAppConfigCmd:0.06333333333333334
SavePrincipalMobileAppsConfigRpcResponseData:0.056666666666666664
SavePrincipalFileSyncAppConfigRpcResponseData:0.04666666666666667
GetPrincipalFileSyncAppConfigCmd:0.02666666666666667
GetPrincipalMobileAppsConfigCmd:0.02666666666666667
