BinderModule:0.6233333333333333
Binder:0.51
FileAttachment:0.37666666666666665
FileModule:0.34045238095238095
ExportHelper:0.31666666666666665
FileModuleImpl:0.2833333333333333
ZoneConfig:0.2833333333333333
EntityIndexUtils:0.2733333333333333
BinderModuleImpl:0.22333333333333333
TemplateModuleImpl:0.19
AbstractAdminModule:0.17
WebKeys:0.14666666666666667
ManageVersionControlsController:0.11
FileUtils:0.0275
