ValidationError:0.4154285714285714
AbstractValidationError:0.32
QueryWhatInit:0.27051984126984113
AbstractModelValidator:0.24
MyProjectFactory:0.23
BeanUtils:0.21
ValidationModelError:0.18
SimpleValidationError:0.12
AbstractDomainObject:0.06333333333333334
ResultHolder:0.06
SimpleRule:0.02666666666666667
SimpleCache:0.02666666666666667
DataTransferObject:0.0
QuerySelectInit:0.0
QuerySelectDistinctInit:0.0
