Robot:0.6666666666666666
ComponentReference:0.38
RobotTest:0.31
JComponentTester:0.25
Appletviewer:0.21666666666666667
MyCode:0.14333333333333334
