H2Test:0.6816666666666666
DefaultDataType:0.38666666666666666
ConvertedDataType:0.3353333333333333
