TestXACMLPolicies:0.44388888888888883
TestCommandLineUtilities:0.4166666666666667
Util:0.3233333333333333
