TestMapOperators:0.5133333333333333
MethodHandleUtil:0.38333333333333336
MapToMapCast:0.26666666666666666
