jdbcStatement:0.514201
jdbcDatabaseMetaData:0.44243002
jdbcResultSet:0.44114903
jdbcCallableStatement:0.43680212
jdbcPreparedStatement:0.41550675
jdbcSavepoint:0.16236056
Util:0.082777165
