ComponentReference:0.5733333333333334
StepEditor:0.30333333333333334
BugReport:0.2833333333333333
CallEditor:0.2733333333333333
AssertEditorTest:0.24
ComponentNodeTest:0.23444444444444448
StepEditorTest:0.22
LaunchEditor:0.15
PropertyCallEditor:0.09
DefaultStepEditor:0.05333333333333334
