Report:0.6633333333333333
OutputWriter:0.29777777777777775
ReportView:0.2817777777777778
ActionStart:0.20666666666666667
ActionSave:0.1211111111111111
