SampleDataboxset:0.43333333333333335
MainActivity:0.4
BaseFragment:0.31
DebugLoadMoreActivity:0.29
BaseActivity:0.28111111111111114
