MetricsRegistryImpl:0.7266666666666667
HazelcastClientInstanceImpl:0.28
NodeEngineImpl:0.24666666666666667
GarbageCollectionMetricSetTest:0.16
ThreadMetricSetTest:0.16
RuntimeMetricSetTest:0.16
ClassLoadingMetricSetTest:0.15333333333333332
OperatingSystemMetricSetTest:0.10333333333333333
