GasteigerPEPEPartialCharges:0.39
GasteigerMarsiliPartialCharges:0.28
InductivePartialCharges:0.23666666666666666
MMFF94PartialCharges:0.22
AtomTypeCharges:0.14333333333333334
IChargeCalculator:0.0011111111111111111
