Event:0.49666666666666665
Window:0.3466666666666667
HtmlElement:0.33666666666666667
WebClient:0.2825
HtmlRadioButtonInput:0.24666666666666667
XmlUtil:0.18
XMLSerializer:0.13666666666666666
