DocIdSets:0.5733333333333334
FilterableTermsEnum:0.26
CustomBoostFactorWeight:0.25333333333333335
FiltersAggregator:0.20333333333333334
FilterAggregator:0.17666666666666667
DocIdSetsTests:0.09666666666666666
