RubyInterpreter:0.25666666666666665
AbstractRubyScanner:0.19666666666666666
EditInterpreterDialog:0.19333333333333333
RubyEditorPreferences:0.19333333333333333
RubyCodeScanner:0.19333333333333333
RubyCompletionProcessor:0.18333333333333332
RubyArgumentsTab:0.16333333333333333
RubyTextTools:0.16333333333333333
RubySourceViewerConfiguration:0.14666666666666667
SingleTokenRubyCodeScanner:0.07
