DicomModel:0.63
LoadLocalDicom:0.39
View2dContainer:0.23666666666666666
LocalImport:0.23277777777777775
SequenceHandler:0.18666666666666668
