WebClient:0.6066666666666667
Window:0.4666666666666667
WindowTest:0.17
