XDSIService:0.38
PrivateManagerBean:0.37666666666666665
StorageBean:0.2866666666666667
PublishedStudyBean:0.27666666666666667
ContentEditBean:0.26
KeyObjectService:0.25333333333333335
FileSystemMgt2Bean:0.24666666666666667
XDSMetadata:0.24438888888888888
QueryXdsPublishCmd:0.22444444444444442
PublishedStudyStatus:0.08333333333333333
XDSIByteArrayDocument:0.013333333333333334
DateTimeFormat:0.013333333333333334
