Simulator:0.7166666666666667
EditorPanel:0.3566666666666667
SimulatorPanel:0.30666666666666664
RuleApplicationTest:0.28
RuleJTree:0.21333333333333335
