Mission:0.61
MissionManager:0.46
UnloadVehicle:0.056666666666666664
ExitVehicle:0.056666666666666664
EnterVehicle:0.056666666666666664
Mind:0.04666666666666667
LoadVehicle:0.043333333333333335
ReserveGroundVehicle:0.023333333333333334
