Version:0.5975000000000001
Imager:0.5183333333333333
GrooveCmdLineTool:0.44
