BinaryLog:0.5466666666666666
BinaryLogTest:0.38
Builder:0.2966666666666667
BinaryLogProvider:0.25637301587301586
FactoryImpl:0.24333333333333335
