MetabolitesPanel:0.45
MetabolitesFrame:0.3566666666666667
ToxTreeModule:0.32
IMetaboliteGenerator:0.2585555555555555
