StageStats:0.5433333333333333
TaskStats:0.47
QueryStats:0.43333333333333335
QueryStateMachine:0.24333333333333335
StageStateMachine:0.21
TaskContext:0.19416666666666665
TestStageStats:0.14
TestQueryStats:0.13
TestTaskStats:0.13
