HTMLSelectElementTest:0.6061111111111112
HTMLSelectElement:0.3217777777777778
