HibernateFlowExecutionListener:0.375
JpaFlowExecutionListener:0.325
JpaFlowExecutionListenerTests:0.31333333333333335
HibernateFlowExecutionListenerTests:0.2833333333333333
