APIDemo:0.32
XYScreenProjection:0.22666666666666666
APIMapsDemo:0.2
APIScriptDemo:0.19666666666666666
APIDemos:0.1877777777777778
APIScriptDemos:0.1877777777777778
APIScriptDemo2:0.18544444444444444
APIScriptDemo3:0.17744444444444446
APIDemo2:0.17166666666666666
CustomMapManager:0.07666666666666666
