GEFClassMatcher:0.4116666666666667
ObjectMatcher:0.37
GEFTextMatcher:0.36666666666666664
