ClickableElement:0.6777777777777778
SimpleWebDriverTest:0.4266666666666667
