CovalentRadiusDescriptor:0.5466666666666666
AtomValenceDescriptor:0.3433333333333333
AtomHybridizationDescriptor:0.2966666666666667
VdWRadiusDescriptor:0.2866666666666667
