FormParser:0.3
VarTag:0.2380952380952381
AbstractActorComboBoxVarTag:0.13
AbstractAutoCompletionComboBoxVarTag:0.07666666666666666
AbstractActorVarTag:0.04
FileVariableValueDownloadVarTag:0.02666666666666667
DateValueDisplayVarTag:0.0033333333333333335
DateTimeValueDisplayVarTag:0.0033333333333333335
TimeValueDisplayVarTag:0.0033333333333333335
VariableValueDisplayVarTag:0.0033333333333333335
DateTimeInputVarTag:0.0
TimeInputVarTag:0.0
DateInputVarTag:0.0
