EpisodeChooserPanel:0.49
TedTable:0.44666666666666666
AddShowDialog:0.35333333333333333
EpisodeParserThread:0.18333333333333332
ShowInfoThread:0.08666666666666667
