FFmpegFrameGrabber:0.3606666666666667
opencv_core:0.31666666666666665
FFmpegFrameRecorder:0.24733333333333335
Predicate:0.23333333333333334
FlyCaptureFrameGrabber:0.21566666666666667
OpenCVFrameGrabber:0.21233333333333335
