IChemModelRelay:0.7911111111111111
ControllerHub:0.6796666666666666
