Index:0.5033333333333333
AddIndexAcceptanceTest:0.3933333333333333
CollectionAdminImpl:0.24333333333333335
Key:0.17333333333333334
MongoResult:0.08333333333333333
GeoKey:0.08
OrderedKey:0.02
