Node:0.6563333333333333
Extent:0.39
ExtentBase:0.37333333333333335
QueueCollection:0.2811111111111111
Runtime:0.25333333333333335
ProducerBase:0.22222222222222218
SimpleProducer:0.21
ExtentImpl:0.19833333333333333
GraphQueueImpl:0.18333333333333332
Compiletime:0.023333333333333334
