Metadata:0.5433333333333333
SelectableEntry:0.48
ChangeDirectoryAction:0.2833333333333333
SaveSIPAction:0.26666666666666666
