SpecificationResolverTest:0.43
JUnit5TestableTest:0.41333333333333333
TestPlanSpecification:0.35333333333333333
JUnit5Testable:0.2866666666666667
SpecificationResolver:0.25
TestPlanSpecificationVisitor:0.18333333333333332
JUnit4SpecificationResolver:0.10666666666666667
