Robolectric:0.6166666666666667
ShadowView:0.32666666666666666
ShadowViewGroup:0.31
ShadowImageView:0.2833333333333333
ViewGroupTest:0.24
ShadowMotionEvent:0.17888888888888888
ViewTest:0.1
PathTest:0.04666666666666667
ShadowColor:0.023333333333333334
ShadowPath:0.023333333333333334
ColorTest:0.0033333333333333335
