PortletTestUtils:0.7133333333333334
PortletSessionContextIntegrationInterceptorTests:0.27666666666666667
PortletPreAuthenticatedAuthenticationDetails:0.24166666666666667
