S3BlobStore:0.5133333333333333
DefaultS3OutputStream:0.48
S3Repository:0.4066666666666667
S3BlobStoreTests:0.25
