PreferenceNode:0.5166666666666667
PreferenceActivityTest:0.31666666666666665
PreferenceLoaderTest:0.2
