ParquetTester:0.7516111111111111
OrcPageSourceFactory:0.4486111111111111
