PortResolverImplTests:0.6633333333333333
PortResolverImpl:0.5933333333333334
