ClassySharkPanel:0.51
Reducer:0.47
Main:0.35837301587301584
MetaObjectFactory:0.2375
DexInfoTranslator:0.19333333333333333
StressTestClass:0.17
StressTestDex:0.17
