SimpleRouteMatcher:0.6627777777777778
SparkServerFactory:0.2833333333333333
