ServiceManagerComponent:0.6226666666666667
AddServiceWindow:0.5746666666666667
AddCustomerWindow:0.5746666666666667
OSPTopComponent:0.39
OutsidePlantComponent:0.3333333333333333
AbstractTopComponent:0.3233333333333333
ServiceManagerModule:0.31
ListTypeManagerComponent:0.24666666666666667
MapComponentWrapper:0.23333333333333334
OutsidePlantTooledComponent:0.23333333333333334
IndexUI:0.21
NavigationTreeComponent:0.20666666666666667
ContainmentManagerComponent:0.20666666666666667
RemotePool:0.19833333333333333
ListTypeManagerModule:0.1925
CreateInventoryObjectChildAction:0.18
AbstractModule:0.17666666666666667
PropertySheetModule:0.16333333333333333
PropertySheetComponent:0.13666666666666666
OutsidePlantModule:0.11333333333333333
ContainmentManagerModule:0.11333333333333333
NavigationTreeModule:0.11333333333333333
ShowObjectIdAction:0.09333333333333334
DynamicTree:0.09
NewObjectAction:0.08666666666666667
MessageBoxShowObjectId:0.03
NodeProperty:0.0
