Term:0.5666666666666667
SplitWord:0.3466666666666667
Graph:0.2633333333333333
NlpAnalysis:0.20333333333333334
RuleRecognition:0.18
TermUtil:0.17555555555555555
FastIndexAnalysis:0.1622222222222222
