InternalIndexShard:0.39
DeleteByQuery:0.38
IncludeNestedDocsWeight:0.32666666666666666
IndexCache:0.21666666666666667
IncludeNestedDocsQuery:0.18333333333333332
