CommonConfiguration:0.5366666666666666
NameNormalizer:0.38666666666666666
PainterUtils:0.3433333333333333
JFXUIManager:0.29333333333333333
SwingServerWrapper:0.2633333333333333
JFXServerWrapper:0.2633333333333333
PropertyParser:0.24938888888888888
MutuExclRenderer:0.23666666666666666
EditorLayer:0.23166666666666666
JFXUtilsFactory:0.23166666666666666
SwingUtilsFactory:0.2311111111111111
DecoderMessageDialog:0.22666666666666666
SwingServerDisplay:0.22333333333333333
WindowPanel:0.20833333333333334
AbstractServerDisplay:0.20666666666666667
AbstractXMLDFHandler:0.20333333333333334
EditorApplication:0.20166666666666666
SymbolCommandListener:0.19666666666666666
JFXZoomManager:0.19333333333333333
WidgetListener:0.17666666666666667
BasicWindowManager:0.17666666666666667
SymbolListener:0.10333333333333333
