ExplorationDialog:0.5633333333333334
FormattedSelection:0.30333333333333334
ExplorationDialogAction:0.23333333333333334
