RowFilter:0.5033333333333333
NestedLoopOperationTest:0.39
RightRowReceiver:0.365
NestedLoopOperationBenchmark:0.20666666666666667
FilterProjector:0.16
RightJoinRightRowReceiver:0.16
