CloseBracketIndentRule:0.12825099
OpenBracketIndentRule:0.10497787
JEditBuffer:0.050229486
TokenMarker:0.039442062
TokenHandler:0.03132863
Token:0.018701924
IndentRule:0.008161468
