ComponentTester:0.5966666666666667
Robot:0.5066666666666667
JTextComponentTester:0.27666666666666667
JComponentTester:0.23111111111111116
