ClusterFixture:0.6133333333333333
MongoOperation:0.45
Fixture:0.2683333333333333
