AType:0.5132222222222224
AttrNode:0.42
RegionGen:0.25333333333333335
EmptyAttrStorage:0.2
ReSugarCode:0.11333333333333333
EnumVisitor:0.1
EnumMapInfo:0.0961111111111111
