ClickableElementTest:0.5233333333333333
HtmlLabel:0.30333333333333334
HtmlElementTest:0.2966666666666667
ScriptExceptionTest:0.25
FixedWebDriverHtmlUnitWebElement:0.14666666666666667
