OpenIDConsumer:0.5669444444444445
MockOpenIDConsumer:0.4633333333333333
OpenIDAuthenticationProcessingFilter:0.43666666666666665
OpenID4JavaConsumer:0.31666666666666665
