A:0.915
MJIEnv:0.4
TestMethod:0.32666666666666666
ObjectTracker:0.2
VirtualInvocation:0.1922222222222222
TestMethodJPF:0.15666666666666668
JPF_java_lang_Runtime:0.14666666666666667
A1:0.043333333333333335
A0:0.04
