FormatCallout:0.3466666666666667
ImageIntrinsics:0.31666666666666665
Text:0.31333333333333335
Windows1252:0.07333333333333333
