BinderHelper:0.6433333333333333
AdvancedSearchController:0.2833333333333333
WebKeys:0.18833333333333332
