DefinitionService:0.5572222222222222
TransitionModel:0.3333333333333333
ProcessInstanceImpl:0.2966666666666667
NodeModel:0.29333333333333333
JbpmDefinitionServiceBean:0.29
DefinitionServiceDelegate:0.2833333333333333
GraphImage:0.28
TransitionFigure:0.2733333333333333
DefinitionServiceDelegateRemoteImpl:0.27
DefinitionServiceDelegateLocalImpl:0.27
AbstractFigure:0.26666666666666666
GraphConverter:0.24666666666666667
JbpmDefinitionLogic:0.24
JbpmExecutionLogic:0.22333333333333333
DrawProperties:0.18
DiagramModel:0.18
FigureFactory:0.17333333333333334
StateFigure:0.08666666666666667
ProcessStateFigure:0.05333333333333334
EndStateFigure:0.05
DecisionFigure:0.03666666666666667
StartStateFigure:0.03333333333333333
ForkJoinFigure:0.023333333333333334
RenderHits:0.02
