FormulaView:0.6033333333333334
NodeMover:0.5066666666666667
StatLis:0.18333333333333332
