ObjectiveCImplementationGenerator:0.56
ObjectiveCSourceFileGenerator:0.4
ObjectiveCHeaderGenerator:0.35
Functionizer:0.32666666666666666
FunctionizerTest:0.30333333333333334
EnumRewriter:0.19666666666666666
