JobCollectContext:0.6
LuceneDocCollectorTest:0.30333333333333334
LocalDataCollectTest:0.20666666666666667
JobCollectContextTest:0.20333333333333334
InnerStarter:0.17022222222222222
InnerPreparer:0.17
NodeFetchOperationTest:0.13666666666666666
ContextPreparer:0.13
ExecutionNodeOperationStarter:0.04
