FlowExecutor:0.85
MockApplication:0.49666666666666665
JsfExternalContext:0.48
FlowExecutorImpl:0.4266666666666667
MockFacesContext:0.36
FlowExecutionHolder:0.32666666666666666
MockJsfExternalContext:0.30333333333333334
ConditionalFlowExecutionListenerLoader:0.3
ViewIdResolver:0.27051984126984113
FlowExecutorParameterExtractor:0.23333333333333334
FlowExecutionManagerImplTests:0.20666666666666667
PortletFlowController:0.20444444444444443
FlowExecutionParameterExtractorTests:0.19666666666666666
FlowNavigationHandler:0.19333333333333333
FlowAction:0.19333333333333333
RequestPathFlowExecutionParameterExtractorTests:0.17333333333333334
DefaultFlowExecutionListenerLoaderTests:0.16333333333333333
MockViewHandler:0.13666666666666666
FlowExecutionHolderUtils:0.12666666666666668
PortletFlowControllerTests:0.12666666666666668
FlowExecutorHelper:0.12333333333333334
FlowPropertyResolverTests:0.12333333333333334
FlowActionTests:0.12333333333333334
FlowPhaseListenerTests:0.09666666666666666
FlowController:0.09194444444444445
FlowPropertyResolver:0.08833333333333333
RequestPathFlowExecutorParameterExtractor:0.08
FlowNavigationHandlerParameterExtractorTests:0.07527777777777776
FlowPhaseListener:0.05194444444444444
FlowNavigationHandlerTests:0.04
FlowNavigationHandlerParameterExtractor:0.035833333333333335
FlowControllerTests:0.03
FlowVariableResolver:0.02666666666666667
FlowVariableResolverTests:0.02
StrutsExternalContext:0.02
SpringBindingActionFormConfigurer:0.006666666666666667
JsfExternalContextMatcher:0.006666666666666667
StrutsFlowExecutionListenerLoader:0.0033333333333333335
EmptyFlowExecutionListenerLoader:0.0
