Transaction:0.8433333333333334
TransactionManager:0.48333333333333334
TransactionUtil:0.25
AnnotationDeleteEvent:0.16833333333333333
