LwjglInput:0.44333333333333336
Renderer:0.28111111111111114
TWL:0.2733333333333333
Layout:0.2511111111111111
Keys:0.19061111111111112
