RedissonSetMultimap:0.5033333333333333
Redisson:0.47
RedissonClient:0.2866666666666667
RedissonMultiMapIterator:0.16
RedissonMultiMapKeysIterator:0.07666666666666666
