Info:0.39666666666666667
Z3950Harvester:0.22
GeonetHarvester:0.20333333333333334
Geonet20Harvester:0.20333333333333334
WebDavHarvester:0.16
OgcWxSHarvester:0.16
OaiPmhHarvester:0.16
