TransportSQLActionTest:0.6069444444444445
InsertVisitor:0.6
ParsedStatement:0.3562222222222223
