WYSIWYGHTMLEditor:0.6583333333333333
ConnectorServlet:0.5616666666666666
