Config:0.61
DrawableSeqFeature:0.39
ApolloPanel:0.31333333333333335
DrawableFeatureSet:0.31
FlexibleFeatureTierManager:0.20666666666666667
StrandedZoomableApolloPanel:0.20666666666666667
GFFFile:0.19666666666666666
