EventQueue:0.6719999999999999
Channel:0.59
Network:0.5566666666666666
