MapView:0.44333333333333336
DropMapUI:0.15666666666666668
