ExecutionStep:0.5544444444444444
VirtualMachineEvent:0.37333333333333335
IntermediateStep:0.27666666666666667
VirtualMachineEventAdapater:0.19
