AbstractManagedFlowExecutionTests:0.49666666666666665
AbstractXmlFlowExecutionTests:0.36666666666666664
AbstractExternalizedFlowExecutionTests:0.23666666666666666
