Record:0.6466666666666666
CMap:0.44
ClusterTest:0.34
ConcurrentMapManager:0.22666666666666666
MPut:0.19666666666666666
CMapTest:0.19
