ServiceDiscoveryView:0.5433333333333333
TreeViewerLabelProvider:0.5366666666666666
