ElementDecl:0.42
Handler:0.3333333333333333
CompletionInfo:0.30666666666666664
CatalogManager:0.26555555555555554
XsdElementDecl:0.20833333333333334
SAXParserImpl:0.18
XmlParsedData:0.17
XercesParserImpl:0.02
