ParserRule:0.6766666666666666
TokenMarker:0.43666666666666665
BufferPrintable:0.4066666666666667
