ReservedKeywords:0.5422222222222222
RecordParser:0.4672222222222222
HibernateUtils:0.25666666666666665
