Document:0.8233333333333334
DocumentTest:0.31666666666666665
