INodeService:0.6902777777777778
SymmetricEngine:0.455
NodeService:0.43666666666666665
MockNodeService:0.25666666666666665
