Request:0.48
BaseTasksRequest:0.32666666666666666
BaseNodesRequest:0.28
ReplicationRequest:0.26666666666666666
InstanceShardOperationRequest:0.23
ClusterInfoRequest:0.19
SingleShardRequest:0.17666666666666667
ActionRequest:0.12333333333333334
AcknowledgedRequest:0.11666666666666667
BroadcastRequest:0.11666666666666667
MasterNodeReadRequest:0.11333333333333333
MasterNodeRequest:0.08333333333333333
