AnnotatedFeature:0.43666666666666665
AnnotationChangeEvent:0.41333333333333333
AnnotationEditor:0.39666666666666667
DrawableFeatureSet:0.23333333333333334
AnnotationChangeCoalescer:0.19333333333333333
