Session:0.6533333333333333
EntityPersister:0.63
SessionImpl:0.48
AbstractEntityPersister:0.4633333333333333
LockRequest:0.4473412698412699
LoadEvent:0.36333333333333334
CustomPersister:0.33
AbstractEntityJoinWalker:0.26
RefreshEvent:0.25666666666666665
LockEvent:0.25333333333333335
ArrayHelper:0.23666666666666666
AbstractEntityManagerImpl:0.205
DefaultLoadEventListener:0.16
EntityLoader:0.12666666666666668
DefaultLockEventListener:0.11333333333333333
DefaultRefreshEventListener:0.10333333333333333
EntityJoinWalker:0.09666666666666666
BatchingEntityLoader:0.09444444444444444
LockRequestImpl:0.07333333333333333
AbstractLockUpgradeEventListener:0.02
