MoblogPlugin:0.63
MoblogPluginUtils:0.24333333333333335
MailboxChecker:0.21333333333333335
