InvoiceTest:0.6819444444444445
WorkCostOrderedInvoicesTest:0.2966666666666667
CutElementsInCollectionAction:0.29333333333333333
