HTMLDocument:0.61
StyleSheetList:0.4444444444444445
Document2Test:0.4066666666666667
