RequestBuilder:0.52
AsyncHttpClient:0.3933333333333333
BoundRequestBuilder:0.31333333333333335
RequestBuilderBase:0.23
