Lang:0.59
NutMap:0.5066666666666667
NutMapTest:0.19
FastUploading:0.10666666666666667
