DocIndexMetaData:0.47333333333333333
DocIndexMetaDataTest:0.38666666666666666
Builder:0.36
