AEDTO:0.61
AEBean:0.3
AEModel:0.29
HL7SendService:0.27
AEService:0.26666666666666666
AEManagerBean:0.2388888888888889
AEDelegate:0.13666666666666666
AENewCtrl:0.10666666666666667
