DefinitionService:0.68
DefinitionServiceDelegate:0.27
DefinitionServiceDelegateGetLatestProcessDefinitionsStubsTest:0.23
DefinitionServiceBean:0.2
DefinitionServiceDelegateRedeployProcessDefinitionTest:0.14666666666666667
DefinitionServiceDelegateUndeployProcessDefinitionTest:0.14
ListDefinitionsHistoryFormTag:0.13333333333333333
ListProcessesDefinitionsFormTag:0.13333333333333333
ProcessTypesIterator:0.11666666666666667
ImportDataFileAction:0.10666666666666667
SwimlaneSubstitutionCriteriaRenderer:0.10333333333333333
DefinitionDataFileBuilder:0.08666666666666667
