Rr2Point:0.6833333333333333
RrCSGPolygon:0.61
RrQContents:0.2966666666666667
