ReceiverThread:0.6041666666666666
MediaDriverAdminThread:0.43333333333333335
TopologyBuilder:0.34
