VersionSettingTestSuite:0.5
SnmpNodeCollectorTest:0.4066666666666667
SnmpPeerFactory:0.35333333333333333
SnmpIfCollectorTest:0.35333333333333333
SnmpCollectorTestCase:0.24
SnmpCollectionTrackerTest:0.22333333333333333
VersionSettingTestSuiteTest:0.12666666666666668
