WebClient:0.6633333333333333
HtmlPage:0.53
StringWebResponse:0.22333333333333333
BinaryWebResponse:0.20333333333333334
WebResponseDataTest:0.19666666666666666
XMLDocument:0.19666666666666666
WebClientTest:0.19
FailingHttpStatusCodeExceptionTest:0.18333333333333332
XmlPageTest:0.16666666666666666
HttpWebConnectionTest:0.15666666666666668
WebConnectionWrapperTest:0.08333333333333333
