ProxyRegistry:0.5855555555555556
SpiDataSerializerHook:0.3622222222222222
InvokeOnPartitions:0.3566666666666667
