INVOKEVIRTUAL:0.8146666666666667
IADD:0.48583333333333334
