ScriptScoreFunction:0.3933333333333333
ExpressionTests:0.24
LeafFactory:0.2192063492063492
NeedsScoreTests:0.13333333333333333
WithScript:0.13
ExpressionSearchScript:0.12
MockSearchScript:0.12
