ElementTest:0.41333333333333333
GWT14Test:0.35333333333333333
GWT15Test:0.35
DomNodeTest:0.33
HtmlUnitXPathTest:0.33
HTMLParserTest:0.30333333333333334
HtmlInputTest:0.30333333333333334
WindowTest:0.26666666666666666
HtmlResetInputTest:0.23
HtmlFormTest:0.21333333333333335
Sarissa0993Test:0.20333333333333334
HtmlButtonTest:0.19666666666666666
