GraphState:0.6933333333333334
Graph:0.6033333333333334
GraphTransition:0.6033333333333334
RuleApplication:0.5033333333333333
RuleEvent:0.47833333333333333
ExploreStrategy:0.4666666666666667
LTS:0.4666666666666667
GTS:0.43666666666666665
GraphTransitionStub:0.425
GraphCalculator:0.4
AbstractGraph:0.37333333333333335
Generator:0.3333333333333333
AbstractGraphState:0.31333333333333335
CacheReference:0.3
CommandLineTool:0.29333333333333333
DeltaGraph:0.285
StackedMap:0.28
DefaultGraphTransition:0.2733333333333333
DeltaGraphFactory:0.27051984126984113
DefaultGraphNextState:0.26
FixedDeltaGraph:0.26
AbstractGraphShape:0.25
RulePanel:0.235
IsoSimulation:0.23333333333333334
IsoMatcher:0.2305555555555555
SPOApplication:0.22666666666666666
Target:0.22333333333333333
StateGenerator:0.22333333333333333
RuleJTree:0.22333333333333333
StatePanel:0.22333333333333333
CTLModelChecker:0.22
Simulator:0.22
BoundedStrategy:0.21666666666666667
LTSJModel:0.21
Explorer:0.21
DefaultGraphCalculator:0.21
AliasRuleApplier:0.21
GraphTest:0.20666666666666667
SwingDeltaGraph:0.20666666666666667
DefaultIsoChecker:0.2
DefaultGraphState:0.2
SPOEvent:0.19666666666666666
DerivedGraphState:0.19
InvariantStrategy:0.19
AbstractGraphTransitionStub:0.19
ExplorationTest:0.18333333333333332
GenerateThread:0.18
DefaultGraphResult:0.17666666666666667
DepthFirstStrategy:0.17333333333333334
TransitionJEdge:0.17
TreeHashStateSet:0.16166666666666665
AbstractStrategy:0.16
LinearStrategy:0.15666666666666668
AbstractCacheHolder:0.14666666666666667
StateCache:0.14333333333333334
BarbedStrategy:0.13333333333333333
NodeBoundedStrategy:0.12916666666666668
BranchingStrategy:0.12333333333333334
CTLTransitionMarker:0.12
EdgeBoundedStrategy:0.11666666666666667
FullStrategy:0.11333333333333333
Property:0.10284920634920634
AliasSPOApplication:0.09833333333333333
ControlledStrategy:0.09666666666666666
LiveStrategy:0.09
StatisticsListener:0.08666666666666667
StateFreezeCondition:0.08333333333333333
Function:0.08
Gossips:0.07333333333333333
FreshStateCollector:0.06
StartGraphState:0.04
IdentityTransitionStub:0.04
AddTransitionListener:0.01
SymmetryTransitionStub:0.01
GTSListener:0.0
StateFunction:0.0
