SetAnalyzedStatement:0.37
SetAnalyzerTest:0.33
AnalyzedStatementVisitor:0.24333333333333335
Planner:0.21666666666666667
BaseAnalyzerTest:0.19666666666666666
AnalyzerDispatcher:0.17
SetStatementAnalyzer:0.17
ObjectSettingsApplier:0.16544444444444445
CrateSettings:0.16
