IssueHandlerImpl:0.7066666666666667
IssueActivityDAOImpl:0.32666666666666666
IssueActivityDAO:0.19527777777777777
