EncoderConfig:0.5704444444444444
PathParamITest:0.5627777777777778
