ProcessExecutionErrors:0.6341666666666667
TaskFactory:0.5583333333333333
EmailTaskNotifier:0.38666666666666666
