Analysis:0.5983333333333334
AnalyzerDispatcher:0.42
TransportBaseSQLAction:0.36
TransportSQLBulkAction:0.2707777777777778
TransportSQLAction:0.2707777777777778
