RubyBuilder:0.5133333333333333
DeltaProcessor:0.5005555555555555
DeltaProcessingState:0.30333333333333334
