WebUrlUtil:0.6666666666666666
BinderHelper:0.4533333333333333
FileUrlTag:0.24
