ThreadInfo:0.6133333333333333
TSVM:0.4666666666666667
InvokeInstruction:0.30666666666666664
JVM:0.29
INVOKESTATIC:0.16431746031746033
LOOKUPSWITCH:0.14666666666666667
TABLESWITCH:0.14666666666666667
CallMonitor:0.10333333333333333
INVOKESPECIAL:0.08333333333333333
INVOKEVIRTUAL:0.08333333333333333
TestUnprotectedRW:0.04666666666666667
SwitchInstruction:0.013333333333333334
IASTORE:0.0
DASTORE:0.0
ISTORE:0.0
IINC:0.0
DSTORE:0.0
