NumberLinesEmitter:0.44333333333333336
CalloutEmitter:0.29800000000000004
Table:0.295
ColumnScanEmitter:0.2833333333333333
Text:0.2763333333333334
Verbatim:0.25333333333333335
Params:0.19580952380952382
