BookmarkVariableMapping:0.5033333333333333
JComMSWordReportBuilder:0.3566666666666667
JacobMSWordReportBuilder:0.3566666666666667
MSWordReportBuilder:0.17
WordReportSettingsXmlParser:0.13333333333333333
