ManagedChannelImplTest:0.39
LbHelperImpl:0.38333333333333336
OobChannel:0.36666666666666664
FakeBackoffPolicyProvider:0.26777777777777784
