MyCustomViewState:0.35333333333333333
MyCustomView:0.34555555555555556
MyCustomFragment:0.3
MyCustomActivity:0.3
MyCustomPresenter:0.19666666666666666
