ValueAttribute:0.6494444444444444
ValuesTest:0.35555555555555557
Context:0.3105555555555556
