TestShader:0.5433333333333333
GLES10Shader:0.23333333333333334
DefaultShaderProvider:0.21444444444444447
EdgeDetectionTest:0.19333333333333336
BaseBulletTest:0.18
CullTest:0.17
Renderer:0.13
