XYZTabPanel:0.49666666666666665
GenericExtruderTabPanel:0.28444444444444444
Main:0.28
StepperPositionJPanel:0.26666666666666666
LayerProducer:0.25333333333333335
PrintTabFrame:0.23333333333333334
bedPanel:0.23333333333333334
Producer:0.22666666666666666
Reprap:0.22333333333333333
BotConsoleFrame:0.18
