Tag:0.37
Definitions:0.35
SearchEngine:0.2633333333333333
Context:0.26
Results:0.19333333333333333
Ctags:0.17
AbstractSourceCodeAnalyzer:0.16333333333333333
CAnalyzer:0.10666666666666667
CxxAnalyzer:0.10666666666666667
