TypeDeclarationGenerator:0.5833333333333334
TypeImplementationGenerator:0.43
TypeGenerator:0.3233333333333333
TypePrivateDeclarationGenerator:0.16666666666666666
