SymmetricEngineHolder:0.5913333333333334
SymmetricContextListener:0.20333333333333334
WebConstants:0.0
