URLConnectionTest:0.37666666666666665
CallTest:0.35
Call:0.33166666666666667
HttpEngine:0.27
HttpURLConnectionImpl:0.2
