Util:0.33666666666666667
SpdyStream:0.32
Writer:0.29333333333333333
MockWebServer:0.25666666666666665
Reader:0.25666666666666665
ConnectionPool:0.25
DiskLruCache:0.20666666666666667
Http20Draft09Test:0.19
OkHttpClient:0.18666666666666668
SpdyConnectionTest:0.16666666666666666
SampleServer:0.15666666666666668
SpdyServer:0.1
