DefaultJwtBuilder:0.6491111111111112
RsaProvider:0.33166666666666667
