ShamFile:0.5266666666666666
TC_DebuggerCommunicationTest:0.49416666666666664
ShamResource:0.4033333333333333
