MolecularFormulaManipulator:0.9666666666666667
MolecularFormulaRangeManipulator:0.19
MolecularFormulaSetManipulator:0.17333333333333334
