IndexGenerator:0.46
ModelComparator:0.4166666666666667
UmlProcessor:0.23333333333333334
