Source:0.6233333333333333
SearchQueryIT:0.3
GeoShapeQueryBuilder:0.22388888888888892
TermsQueryBuilder:0.22
PercolateQueryBuilder:0.20666666666666667
RestHeadAction:0.20666666666666667
Document:0.15333333333333332
GeoShapeQueryTests:0.14666666666666667
RestGetSourceAction:0.10333333333333333
PercolatorQuerySearchIT:0.10166666666666667
