Response:0.5966666666666667
HttpConnection:0.49
SlowRider:0.3244444444444444
ConstrainableInputStream:0.24666666666666667
ConnectTest:0.15333333333333332
