JnetViewer:0.6877777777777778
Layouter:0.5766666666666667
