GwtApplicationConfiguration:0.801
GwtApplication:0.6333333333333333
GwtGraphics:0.6231111111111111
