TypeChecker:0.7833333333333333
UnaryNumberIntegerCastStep:0.3566666666666667
