JobRepository:0.6152777777777778
SimpleJobLauncher:0.32
SimpleJobLauncherTests:0.28
SimpleJobRepository:0.24
UpdateCountingJobRepository:0.22333333333333333
JobRepositorySupport:0.21666666666666667
