HibernateBundle:0.6133333333333333
UnitOfWorkApplicationListenerTest:0.4666666666666667
UnitOfWorkEventListener:0.21333333333333335
