Table:0.7233333333333334
TableTest:0.15666666666666668
