SimpleAttributeSource:0.6433333333333333
EntityBinding:0.43888888888888894
LocalBindingContextImpl:0.33
ExplicitHibernateTypeSource:0.2472222222222222
BindingCreator:0.22333333333333333
