FilterHelper:0.5066666666666667
AbstractFilterController:0.37
WebKeys:0.18833333333333332
