PollResult:0.46
ReferenceSnmpSyncProvider:0.30333333333333334
SyncAction:0.28
AbstractSyncProvider:0.2633333333333333
DefaultSyncProcessor:0.14333333333333334
DefaultSyncReader:0.14333333333333334
