Type:0.37333333333333335
AnimationController:0.30666666666666664
IOSApplication:0.29
Polygon:0.22666666666666666
ReflectionCacheSourceCreator:0.22333333333333333
IOSInput:0.21333333333333335
ShapeRenderer:0.21
TideMapLoader:0.19333333333333333
SuperJumper:0.19094444444444444
PolygonRegion:0.19
MainMenuScreen:0.1755
BaseAnimationController:0.17333333333333334
IOSRobovmTests:0.15
MipMapGenerator:0.145
LwjglDebugStarter:0.09333333333333334
GdxBuild:0.03666666666666667
IOSApplicationConfiguration:0.03
