SliceArrayBlock:0.62
SliceDictionaryStreamReader:0.30666666666666664
AbstractTestBlock:0.2733333333333333
TestSliceArrayBlock:0.2733333333333333
