Emitter:0.6844444444444444
NewProperty:0.36333333333333334
ExampleTask:0.2833333333333333
AbstractTransformTask:0.17666666666666667
AccessFieldTransformer:0.11911111111111111
AddPropertyTransformer:0.11911111111111111
