DefaultComponentFinder:0.505
ScriptEditor:0.49666666666666665
ComponentReferenceTest:0.2733333333333333
