GermplasmBean:0.4266666666666667
AlleleBeanImpl:0.3466666666666667
AlleleGermplasmLinkingBean:0.33
GeneBeanImpl:0.32
GermplasmPhenotypeLinkingBean:0.29333333333333333
ArticleBeanImpl:0.2833333333333333
AnnotationBeanImpl:0.24333333333333335
HitBeanImpl:0.23
ArticleBeanFactory:0.22666666666666666
StorableGeneBeanImpl:0.22
GeneAlleleLinkingBeanImpl:0.21666666666666667
StorableAnnotationBeanImpl:0.16
NullAnnotationBean:0.09777777777777777
AnnotationBeanFactory:0.09333333333333334
StorableHitBeanImpl:0.0911111111111111
HitBeanFactory:0.09
GeneBeanFactory:0.08333333333333333
AlleleBeanFactory:0.08
GeneAlleleLinkingBeanFactory:0.08
