BinderModule:0.8908333333333334
QueryBuilder:0.3433333333333333
TeamingFeedCache:0.2111111111111111
BinderModuleImpl:0.21
SearchUtils:0.20666666666666667
WorkspaceTreeController:0.16111111111111112
