BindingImpl:0.43333333333333335
RecordingBinder:0.34
UntargettedBindingImpl:0.27666666666666667
MultibinderTest:0.2733333333333333
BindingBuilder:0.21333333333333335
InstanceBindingImpl:0.21
ProviderInstanceBindingImpl:0.19777777777777777
ConstructorBindingImpl:0.18777777777777777
RealElement:0.18333333333333332
Elements:0.16333333333333333
LinkedProviderBindingImpl:0.16333333333333333
LinkedBindingImpl:0.16333333333333333
ProviderLookup:0.125
StringGrabber:0.05111111111111111
AllTests:0.03
BStringProvider:0.0025
AStringProvider:0.0025
