OkHttpClientTransport:0.52
OkHttpClientStream:0.4666666666666667
ClientFrameHandler:0.25666666666666665
Http2OkHttpTest:0.14333333333333334
