Console:0.37333333333333335
AstVisitor:0.36
StatementAnalyzer:0.30666666666666664
CoordinatorModule:0.23666666666666666
TestAnalyzer:0.23666666666666666
ClientSession:0.22333333333333333
Help:0.19799999999999998
TestClientOptions:0.1
