HazelcastTestSupport:0.4166666666666667
NearCacheTestUtils:0.2733333333333333
MapNearCacheSerializationCountTest:0.25
TxnMapNearCacheSerializationCountTest:0.25
AbstractNearCacheSerializationCountTest:0.21666666666666667
LiteMemberMapNearCacheSerializationCountTest:0.19666666666666666
ClientCacheNearCacheSerializationCountTest:0.19666666666666666
ClientMapNearCacheSerializationCountTest:0.19666666666666666
