MapDelegableVariableProvider:0.5266666666666666
ExecutionContext:0.49666666666666665
FieldValidator:0.27
EmailUtils:0.18
