Shell:0.8166666666666667
Editor:0.5833333333333334
RosterView:0.57
SessionView:0.57
ChatView:0.5633333333333334
ProgressView:0.5625
RefactorM:0.5625
SarosState:0.5625
WindowM:0.5625
EditM:0.5625
SarosPEView:0.5625
RSView:0.5625
FileM:0.5625
BasicWidgets:0.5625
SarosM:0.5525
PEView:0.54
Workbench:0.5266666666666666
SarosConditions:0.38666666666666666
Tester:0.3
EclipsePart:0.27666666666666667
SessionViewImp:0.27
SarosMImp:0.25333333333333335
ChatViewImp:0.25333333333333335
ShellImp:0.24666666666666667
EditorImp:0.23666666666666666
BasicWidgetsImp:0.23333333333333334
SarosPEViewImp:0.23333333333333334
RosterViewImp:0.23333333333333334
PEViewImp:0.23333333333333334
RSViewImp:0.22777777777777777
FileMImp:0.22333333333333333
SarosStateImp:0.22333333333333333
WindowMImp:0.21777777777777776
ShellActive:0.21333333333333335
ConsoleView:0.1825
WorkbenchImp:0.18
isViewActive:0.16333333333333333
hasContactWith:0.07333333333333333
isEditorActive:0.06666666666666667
ProgressViewImp:0.06
EditMImp:0.05444444444444444
ConsoleViewImp:0.05333333333333334
RefactorMImp:0.05
STFController:0.04777777777777778
ExistTableItem:0.04
IsChatMessageExist:0.03333333333333333
IsFileContentsSame:0.023333333333333334
ExistContextMenuOfTableItem:0.02
IsNotInSVN:0.013333333333333334
IsRevisionSame:0.013333333333333334
IsEditorContentsSame:0.013333333333333334
ExistNoInvitationProgress:0.013333333333333334
IsInSVN:0.013333333333333334
IsConnect:0.013333333333333334
ExistResource:0.013333333333333334
IsUrlSame:0.013333333333333334
ExistNoResource:0.013333333333333334
isDisConnected:0.006666666666666667
IsEditorOpen:0.0033333333333333335
IsEditorClosed:0.0033333333333333335
SarosSWTBotPreferences:0.0025
IsJavaEditorContentsSame:0.0
isMenuEnabled:0.0
IsShellClosed:0.0
IsShellOpen:0.0
