JobStatusCommand:0.25333333333333335
Output:0.25
MasterListCommand:0.24333333333333335
HostListCommand:0.23666666666666666
