BitSet:0.6366666666666667
AbstractValueTest:0.49333333333333335
BitSet1:0.29
BitSet2:0.27
Builder:0.23666666666666666
BitSetN:0.23333333333333334
AbstractBitSet:0.18
