TestingHelpers:0.49166666666666664
SysShardsExpressionsTest:0.3433333333333333
SysShardsTest:0.3233333333333333
