WriteConcernResult:0.7
CreateIndexOperation:0.31666666666666665
WriteProtocol:0.23666666666666666
BaseWriteOperation:0.22333333333333333
ProtocolHelper:0.21666666666666667
UnacknowledgedWriteResultCallback:0.14
