ComposedQuery:0.8066666666666666
WebappJSPQueryCrawler:0.22333333333333333
