FolderLabelProvider:0.6766666666666666
NewSpectrumFileWizardPage:0.37666666666666665
