PeriodicTable:0.6266666666666667
PeriodicTableElement:0.5766666666666667
PeriodicTableElementTest:0.28
PeriodicGroupNumberAtom:0.13444444444444442
