UiServer:0.51
InMemoryLookupTable:0.43888888888888894
ApiResource:0.2761111111111111
