XmlActions:0.52
ElementDecl:0.2733333333333333
AttributeDecl:0.27
CompletionInfo:0.25
AttributeCompare:0.19416666666666668
KeyHandler:0.19000000000000003
XmlComplete:0.15333333333333332
EditTagDialog:0.12666666666666668
