MockInvoker:0.5066666666666667
AbstractClusterInvoker:0.4533333333333333
AbstractClusterInvokerTest:0.31666666666666665
IHelloServiceMock:0.31333333333333335
