Messages:0.4629999999999999
ActionExceptionHelper:0.3922222222222222
BaseDeployProcessDefinitionAction:0.22
RedeployProcessDefinitionAction:0.19444444444444445
RedeployDefinitionFormTag:0.18666666666666668
