BinaryChannel:0.5933333333333334
JingleFileTransferSession:0.44555555555555554
