MessageStream:0.5833333333333334
BasicSubscriberWithFragDefragAdaptor:0.3933333333333333
SubscriberTool:0.3433333333333333
PublisherTool:0.30333333333333334
RateReporter:0.05
SimpleSubscriber:0.03
