ARINC661App:0.5755555555555555
LayerListener:0.5366666666666666
AbstractEditorEngine:0.28
