QueryVisitor:0.6033333333333334
LuceneQueryVisitorTest:0.41
InformationSchemaServiceTest:0.17666666666666667
