Report:0.49
Option:0.45666666666666667
CustomOption:0.23
ScreenResolutionOption:0.21333333333333335
