DomText:0.67
HtmlPage:0.46
DomCData:0.45
DomNode:0.4
NamedNodeMap:0.35111111111111115
HTMLElement:0.31333333333333335
HtmlElementTest:0.29
HTMLCollection:0.23
HtmlSubmitInput:0.19666666666666666
XMLElement:0.18666666666666668
DocumentNavigator:0.18
DefaultElementFactoryTest:0.11666666666666667
XMLSerializer:0.11
