BackupProvider:0.47833333333333333
BackupProviderImpl021:0.37666666666666665
Main:0.22666666666666666
