UserAdminSessionBean:0.6433333333333333
GlobalConfiguration:0.4533333333333333
UserAdminSession:0.19416666666666665
WebConfiguration:0.15666666666666668
DNFieldDescriber:0.07
RegisterReqBean:0.05
CountryCodes:0.0
