DbSupport:0.5227777777777778
SqlScript:0.5133333333333333
MetaDataTable:0.2966666666666667
OracleDbSupport:0.27
MySQLDbSupport:0.27
MigrationTestCase:0.23666666666666666
H2DbSupport:0.21666666666666667
HsqlDbSupport:0.21666666666666667
DbSupportFactory:0.18333333333333332
OracleSqlScript:0.10333333333333333
MySQLSqlScript:0.08
