Attribute:0.9933333333333333
ERDesignerGraphModelListener:0.006666666666666667
