InvoicesTest:0.5683333333333334
EntityTab:0.47333333333333333
InvoiceDetailIsFreeCalculator:0.34
