EditorManager:0.7033333333333334
ConcurrentDocumentManager:0.5933333333333334
