GuiUtils:0.6633333333333333
MainController:0.2966666666666667
Main:0.19666666666666666
BitcoinUIModel:0.18666666666666668
ProgressBarUpdater:0.06333333333333334
