WithCustomProperties:0.5433333333333333
Appender:0.4033333333333333
MethodDelegationOtherTest:0.37666666666666665
TargetMethodAnnotationDrivenBinderTest:0.2733333333333333
MethodDelegationBinderAmbiguityResolverChainTest:0.2
