NeuralNetwork:0.5666666666666667
AdaGrad:0.45
BaseMultiLayerNetwork:0.38
Builder:0.30333333333333334
RBM:0.2866666666666667
DBNTest:0.2633333333333333
BaseNeuralNetwork:0.24333333333333335
LogisticRegression:0.24333333333333335
NeuralNetworkOptimizer:0.21666666666666667
DenoisingAutoEncoder:0.19666666666666666
MnistDataFetcher:0.19611111111111112
DBN:0.17
IrisUtils:0.14333333333333334
CDBN:0.14
StackedDenoisingAutoEncoder:0.13666666666666666
RBMTest:0.010555555555555556
