InMemoryLookupTable:0.47
GloveChange:0.30666666666666664
SentenceBatch:0.25
Word2Vec:0.25
GlovePerformer:0.19777777777777777
Word2VecTest:0.18333333333333332
Word2VecChange:0.18333333333333332
Glove:0.17
GloveTest:0.09333333333333334
