BioMobyConstants:0.9604444444444444
RegistriesPreferencePage:0.39666666666666667
