FeatureSet:0.5766666666666667
Transcript:0.37
GenbankAdapter:0.29333333333333333
GAMEAdapter:0.2833333333333333
PeptideValidator:0.15333333333333332
GenbankValidator:0.14333333333333334
tRNAValidator:0.13666666666666666
