ProxyMaker:0.4866666666666667
AdapterMaker:0.31333333333333335
Loader:0.25333333333333335
PyClass:0.22966666666666669
MakeProxies:0.16333333333333333
JavaMaker:0.15666666666666668
BytecodeLoader:0.11333333333333333
