Snackbar:0.35333333333333333
Button:0.2966666666666667
OnDismissedListener:0.27051984126984113
ImageView:0.22333333333333333
GridLayout:0.20666666666666667
RelativeLayout:0.20666666666666667
DrawerLayout:0.20666666666666667
ProgressBar:0.20666666666666667
LinearLayout:0.20666666666666667
CheckBox:0.2
TextView:0.2
FrameLayout:0.18
RadioButton:0.17833333333333334
EditText:0.16666666666666666
AnimatedView:0.16166666666666665
SnackbarActivity:0.14
