Responder:0.5066666666666667
FormTagBase:0.42333333333333334
ResponderOp:0.375
FormResponder:0.32499999999999996
