RubySearchActionGroup:0.5233333333333333
FindDeclarationsInProjectAction:0.51
DeclarationsSearchGroup:0.39666666666666667
FindDeclarationsInWorkingSetAction:0.27
SearchMessages:0.26944444444444443
FindDeclarationsAction:0.13666666666666666
RdtActionConstants:0.014285714285714285
IRubyEditorActionDefinitionIds:0.014285714285714285
