DicomElement:0.9233333333333333
SequenceDicomElement:0.2733333333333333
SimpleDicomElement:0.23666666666666666
