Migration:0.7333333333333333
OracleDbSupport:0.3933333333333333
DbMigrator:0.3466666666666667
