Reference:0.62
ReferenceDDLUtils:0.5133333333333333
CommonUtils:0.36666666666666664
ReferenceAbstract:0.35
ForeignKeyDDLUtils:0.29088888888888886
ReferenceUtils:0.25666666666666665
TableDDLUtils:0.22333333333333333
ViewDDLUtils:0.18333333333333332
