HTMLElement:0.54
HTMLElementTest:0.32666666666666666
ComputedCSSStyleDeclaration:0.3233333333333333
BoxObject:0.30333333333333334
BoxObjectTest:0.01
