Frontier:0.44333333333333336
KeyedQueue:0.44333333333333336
FrontierMarker:0.05611111111111112
URIQueueMatcher:0.023333333333333334
SchedulingComparator:0.016666666666666666
