Property:0.5833333333333334
Gedcom:0.47
Change:0.37333333333333335
