DefaultDate:0.65
BaseDate:0.26666666666666666
SampledCurve:0.2
DateParser:0.19333333333333333
