KeyStoreContainer:0.7866666666666666
KeyStoreContainerBase:0.5566666666666666
CMS:0.5266666666666666
HSMKeyTool:0.3
