SeqFeature:0.7166666666666667
DrawableFeatureSet:0.35333333333333333
ExpandableFeatureSet:0.23111111111111116
SeqFeatureUtil:0.22
GFFFile:0.18666666666666668
