ExtensionRegistry:0.44
ExtensionRegistryTests:0.33
MethodTestDescriptor:0.33
ClassTestDescriptor:0.32
ExtensionPointSorter:0.14666666666666667
RegisteredExtensionPoint:0.12027777777777776
