TestBroadcastOutputBuffer:0.5896666666666667
TestPartitionedOutputBuffer:0.5124444444444445
