PosPanel:0.4455555555555556
PosModel:0.42333333333333334
PayDialog:0.37166666666666665
