ParsedReaderResultType:0.625
ParsedReaderResult:0.42
ZXingMIDlet:0.28
EmailDoCoMoParsedResult:0.2733333333333333
EmailAddressParsedResult:0.25
TelParsedResult:0.24333333333333335
ResultHandler:0.2
