DataTransferManager:0.4533333333333333
IJingleFileTransferListener:0.44333333333333336
IBBTransferListener:0.3333333333333333
JingleTransferListener:0.23666666666666666
ReceiverThread:0.11333333333333333
