Robolectric:0.7366666666666667
ShadowSQLiteCursor:0.36333333333333334
SQLiteDatabaseTest:0.3233333333333333
ShadowArrayAdapter:0.29
SQLiteCursorTest:0.23666666666666666
RobolectricTestRunnerInterface:0.2
ShadowSQLiteDatabase:0.19666666666666666
ShadowOverlayItem:0.17944444444444446
RobolectricTestRunner:0.16666666666666666
TestUtil:0.15333333333333332
ShadowAbstractCursor:0.13333333333333333
CursorAdapterTest:0.12666666666666668
ArrayAdapterTest:0.056666666666666664
Strings:0.02
WithTestDefaultsRunner:0.016666666666666666
