StoreScp:0.5991666666666666
FileCopyService:0.4766666666666667
FileDataSource:0.465
