Builder:0.61
NeuralNetConfiguration:0.5433333333333333
NeuralNetConfigurationTest:0.39
MultiLayerNeuralNetConfigurationTest:0.16
NeuralNetConfLayerBuilderTest:0.12666666666666668
ListBuilder:0.07333333333333333
