Category:0.7433333333333333
CategoryModel:0.5433333333333333
CategoryList:0.21333333333333335
CategoryUtil:0.21277777777777776
