Batch:0.4633333333333333
ParseCpsl:0.4633333333333333
Transducer:0.38666666666666666
DefaultGazetteer:0.33
AnnotationEditor:0.32
AnnotationEditDialog:0.29
TypeData:0.25333333333333335
DelayedListener:0.24666666666666667
DocumentImpl:0.24333333333333335
TestEmail:0.22611111111111115
Main:0.2227777777777778
TestFSM:0.20166666666666666
TestJape:0.18666666666666668
TestJape2:0.17333333333333334
Compiler:0.09
EditAnnotationAction:0.006666666666666667
