Store:0.8833333333333333
ExtensionContext:0.4866666666666667
AbstractExtensionContext:0.37333333333333335
Namespace:0.23666666666666666
InheritedValuesTests:0.23333333333333334
ExtensionValuesStore:0.22555555555555554
MockitoExtension:0.13666666666666666
ExtensionContextTests:0.1175
TestMethodInvocationWrapper:0.06
StoringValuesTests:0.056666666666666664
ExtensionValuesStoreTests:0.013333333333333334
