XDSIModel:0.61
XDSIService:0.44333333333333336
XDSIExportDelegate:0.26
XDSIExportCtrl:0.16333333333333333
