GwtServerHelper:0.4166666666666667
GwtViewHelper:0.34
PresenceCell:0.34
PrincipalInfo:0.33666666666666667
EmailAddressInfo:0.26
FolderRow:0.25
ContentControl:0.22083333333333333
