InjectorImpl:0.49333333333333335
BindCommandProcessor:0.35333333333333333
InjectorBuilder:0.24
ConstantFactory:0.16333333333333333
InternalFactoryToProviderAdapter:0.15333333333333332
ProviderInjectionTest:0.09
InternalContext:0.08944444444444444
EagerSingletonCreator:0.05333333333333334
Count:0.023055555555555555
StaticallyInjectable:0.013333333333333334
