OkHttpURLConnection:0.6261111111111111
Util:0.4166666666666667
OkUrlFactoryTest:0.15666666666666668
