ReaderFactory:0.5933333333333334
FileFormatGuesser:0.20666666666666667
