Layer:0.77
GravesBidirectionalLSTM:0.37333333333333335
SimpleOptimizableModel:0.32
MultiLayerNetwork:0.27666666666666667
VariationalAutoencoder:0.26
GravesLSTM:0.2388888888888889
RnnOutputLayer:0.21666666666666667
BaseLayer:0.19666666666666666
MyCustomPreprocessor:0.18222222222222223
BaseOutputLayer:0.16666666666666666
