CommonConfiguration:0.5
ServerConfiguration:0.4666666666666667
SwingRenderersHandler:0.28
JFXRenderersHandler:0.28
RenderersHandler:0.2678730158730158
SwingUIDefinitionParser:0.24333333333333335
AbstractServerEngine:0.24
EmbedClient:0.20916666666666667
