DataManager:0.5622222222222222
Aligner:0.36666666666666664
SettingManager:0.338
GeonetParams:0.325
MEFVisitor:0.22611111111111115
GeonetHarvester:0.21
