SymbolTableEntry:0.5333333333333333
ELF:0.37
SymTabSection:0.33
BootImage:0.2966666666666667
UnloadedSection:0.15333333333333332
EmptySymbolTableEntry:0.03
