AccessData:0.7041666666666667
DataAccessorRegistry:0.6766666666666666
FileAccessor:0.3466666666666667
Vocabulary:0.30333333333333334
BinaryObject:0.30333333333333334
DataAccessor:0.27051984126984113
TestFileAccessor:0.25333333333333335
DataObject:0.19499999999999998
AccessDataBase:0.13666666666666666
DataObjectBase:0.09833333333333333
Folder:0.05
DataAccessorRegistryImpl:0.05
FileAccessorFactory:0.04666666666666667
UrlNotFoundException:0.04
TestAccessors:0.04
FolderBase:0.017388888888888888
BinaryObjectBase:0.013333333333333334
DataAccessorFactory:0.006666666666666667
