HtmlPage:0.6086666666666667
HTMLDocument:0.3433333333333333
HTMLElement:0.31
CSSSelectorTest:0.24666666666666667
HTMLDocumentTest:0.18
