WebUtils:0.8733333333333333
AcceptableUsagePolicyFormAction:0.27666666666666667
AbstractPrincipalAttributeAcceptableUsagePolicyRepository:0.18666666666666668
CasSupportActionsAcceptableUsagePolicyConfiguration:0.18
DefaultAcceptableUsagePolicyRepository:0.17
CasSecurityContextConfiguration:0.14666666666666667
