ICustomNotificationRecipient:0.6105555555555556
UserNotification:0.42333333333333334
UserDataBean:0.38666666666666666
LocalUserAdminSessionBean:0.30666666666666664
