CommunicationsStub:0.7266666666666667
ContactManagerTopComponent:0.37333333333333335
ContactsTableModel:0.35333333333333333
