AndroidManifest:0.7433333333333333
ShadowContentResolver:0.4533333333333333
ShadowCursorLoader:0.41833333333333333
ContentResolverTest:0.31666666666666665
AndroidManifestTest:0.2
TestContentProvider:0.026111111111111113
