GraphToTikz:0.6866666666666666
Converter:0.43333333333333335
