OAuth20AuthorizeControllerTests:0.41333333333333333
OAuth20AccessTokenController:0.24
BaseOAuthWrapperController:0.21333333333333335
OAuth20ProfileController:0.13666666666666666
OAuth20AuthorizeController:0.12666666666666668
