GraphToTikz:0.9166666666666666
AbstractExternalFileFormat:0.41333333333333333
GraphToKth:0.39
