NamingScheme:0.7155555555555555
RedissonLiveObjectServiceTest:0.43
AccessorInterceptor:0.38
DefaultNamingScheme:0.16666666666666666
