ASTUtil:0.4666666666666667
FunctionInliner:0.34
FunctionCall:0.3
MqlSqlWalker:0.27666666666666667
MqlDotNode:0.19666666666666666
