Subscription:0.7
Receiver:0.35
ReceiverProxy:0.26
Sender:0.23333333333333334
RemoveCooldownCmd:0.20111111111111113
