AllowedMethods:0.4666666666666667
MessageStoreInterceptor:0.41333333333333333
ActionConfigMatcherTest:0.21
MessageStoreInterceptorTest:0.21
ActionConfigMatcher:0.1877777777777778
AllowedMethodsTest:0.02777777777777778
