CAInterfaceBean:0.48
ViewEndEntityHelper:0.35333333333333333
CertReqUserCreateComparator:0.2615555555555556
