Factory:0.5966666666666667
BatchSingle:0.4533333333333333
GeneralTests:0.26666666666666666
FactoryProxy:0.26
FactoryOperations:0.2275
