BoundedLocalCache:0.5516666666666666
Sync:0.43213888888888885
GetPutBenchmark:0.35888888888888887
