ARHostQueue:0.7533333333333333
OrderOfProcessingKeyCreator:0.36333333333333334
