Request:0.6133333333333333
RequestWrapper:0.41333333333333333
MatcherFilter:0.28
Access:0.18666666666666668
