Command:0.7033333333333334
CommandBuilder:0.23666666666666666
CommandGeneratorConfig:0.19666666666666666
