Simulator:0.46388888888888885
Util:0.4633333333333333
Grammar_1_0_Action:0.25666666666666665
