ReplicaResult:0.5866666666666667
PrimaryResult:0.56
TransportReplicationActionTests:0.46
TransportShardFlushAction:0.22
TransportShardRefreshAction:0.22
Action:0.20777777777777778
NoopReplicationOperation:0.1417777777777778
