GenericAccumulatorFactory:0.4033333333333333
Page:0.3566666666666667
AccumulatorFactory:0.3266666666666666
FeaturesConfig:0.27666666666666667
InternalAggregationFunction:0.21333333333333335
HashAggregationOperator:0.18666666666666668
SystemSessionProperties:0.18666666666666668
TestFeaturesConfig:0.18666666666666668
GenericAccumulatorFactoryBinder:0.06916666666666667
LazyAccumulatorFactoryBinder:0.02666666666666667
DistinctingAccumulator:0.02666666666666667
DistinctingGroupedAccumulator:0.02666666666666667
AccumulatorFactoryBinder:0.0
