ReplicatedMapTest:0.58
KeySetIterator:0.21933333333333332
ValuesIterator:0.21933333333333332
EntrySetIterator:0.20266666666666666
KeySetIteratorFactory:0.14
EntrySetIteratorFactory:0.14
ValuesIteratorFactory:0.14
