MakumbaDataComponent:0.5766666666666667
UIRepeatListComponent:0.4988888888888889
Util:0.36777777777777776
ObjectTagHandler:0.3
CreateObjectComponent:0.26
