Message:0.6204444444444445
CommandMessage:0.4483333333333333
