Entry:0.37333333333333335
LongHashMap:0.36333333333333334
IntHashMap:0.36
GdxCacheContext:0.22333333333333333
Box2DDebugRenderer:0.18666666666666668
Values:0.08273352573352574
Keys:0.07
Entries:0.07
