AbstractCasWebflowConfigurer:0.6166666666666667
CasWebflowContextConfiguration:0.4166666666666667
WebflowProperties:0.2833333333333333
Groovy:0.13166666666666665
