MockRestAdapterTest:0.6716666666666666
MockHandler:0.4066666666666667
MockHttpRetrofitError:0.38666666666666666
