MainCorpus:0.49666666666666665
ConcordancesEditor:0.46
ExecuteScriptImport:0.2611111111111111
Explorer:0.20111111111111113
