UserPropertiesDlg:0.36
GwtTeamingMessages:0.31666666666666665
GwtMenuHelper:0.3
EventHelper:0.29333333333333333
EntryMenuPanel:0.2755555555555555
AdminControl:0.24733333333333335
ManageUsersDlg:0.23333333333333334
