InformationSchemaTest:0.4033333333333333
Columns:0.22033333333333333
InformationTablesTableInfo:0.1902777777777778
InformationDocLevelReferenceResolver:0.18888888888888888
HandlerSideLevelCollectTest:0.15333333333333332
ReferenceInfos:0.006666666666666667
