Connection:0.6833333333333333
EncodingMetadata:0.3433333333333333
InsertMessage:0.21
CommandMessage:0.19666666666666666
MixedBulkWriteOperation:0.19
WriteProtocol:0.18333333333333332
TestConnection:0.17333333333333334
InsertProtocol:0.16666666666666666
DefaultServerConnection:0.16333333333333333
UpdateProtocol:0.13
DeleteProtocol:0.13
CompressedMessage:0.12333333333333334
AsyncConnection:0.12253968253968256
GetMoreMessage:0.10666666666666667
MaxDocumentSizeTest:0.10333333333333333
KillCursorsMessage:0.10333333333333333
UnacknowledgedWriteResultCallback:0.08666666666666667
QueryMessage:0.08333333333333333
UpdateMessage:0.06
DeleteMessage:0.03333333333333333
