JobCollectContext:0.5033333333333333
NestedLoopOperation:0.37333333333333335
SettableFutureRowReceiver:0.2733333333333333
AbstractRowReceiver:0.22333333333333333
