Selection:0.4866666666666667
ApolloPanel:0.4666666666666667
AnnotationView:0.34
StrandedZoomableApolloPanel:0.2733333333333333
