RetrofitError:0.63
Example:0.41311111111111115
RestAdapterTest:0.39
RestHandler:0.12666666666666668
