MInvoice:0.31333333333333335
MOrder:0.27
MInOut:0.2633333333333333
MPayment:0.25333333333333335
MJournalBatch:0.21333333333333335
X_C_CostProcessor:0.20666666666666667
XendraServer:0.20666666666666667
CostProcessor:0.20333333333333334
XendraServerMgr:0.2
MMovement:0.19666666666666666
MCostProcessor:0.19
