InMemoryHiveMetastore:0.84
HiveBenchmarkQueryRunner:0.23333333333333334
HiveQueryRunner:0.2277777777777778
