TomcatWarDeployer:0.5133333333333333
JettyWarDeployer:0.4
WarBundleListener:0.24880952380952379
WarLoaderListener:0.2322222222222222
UndeployTask:0.14333333333333334
DeployTask:0.14333333333333334
