ScaffoldingWrapper:0.5433333333333333
ScaffoldingUtils:0.30666666666666664
ERDesignerBundle:0.0
