SqlJobDaoTests:0.56
SqlJobDao:0.45666666666666667
HibernateJobDaoTests:0.33166666666666667
