Configuration:0.71
Flyway:0.6233333333333333
ClassicConfiguration:0.36333333333333334
ConfigUtils:0.27
AbstractFlywayTask:0.25333333333333335
Main:0.22111111111111115
FlywayExtension:0.19666666666666666
AbstractFlywayMojo:0.19333333333333333
Scanner:0.17333333333333334
FileSystemScanner:0.17333333333333334
