ElementInfo:0.79
MJIEnv:0.5453333333333333
JPF_java_lang_reflect_Field:0.31
JPF_java_lang_String:0.09666666666666666
