MockServiceTicket:0.5633333333333334
MockTicketGrantingTicket:0.41333333333333333
SpnegoCredential:0.32666666666666666
