btCollisionObject:0.5944444444444444
btCompoundShape:0.38666666666666666
IOSApplication:0.33666666666666667
BulletEntity:0.28
