Channel:0.5633333333333334
IntChannel:0.25472222222222224
DoubleChannel:0.25472222222222224
FloatChannel:0.25472222222222224
LongChannel:0.25472222222222224
ActorTest:0.24333333333333335
