FunctionalTest:0.6562222222222224
EntityWriter:0.5766666666666667
