AnnotatedClassParser:0.6077777777777779
Invoice2Test:0.27666666666666667
