RrCSG:0.6833333333333333
RrHalfPlane:0.3933333333333333
CodeGenerator:0.22
BooleanExpression:0.2
