Type:0.63
ValueType:0.43333333333333335
Builder:0.43
Encoding:0.43
ValueAttribute:0.4033333333333333
Renderers:0.2833333333333333
FooMutableList:0.22512698412698418
EncodedElement:0.22333333333333333
Instantiation:0.21333333333333335
EncodingInfo:0.16333333333333333
AbstractValuesTemplate:0.0
