RedisConnection:0.5622222222222223
RedisAsyncConnection:0.5066666666666667
Command:0.4266666666666667
RedisPubSubConnection:0.31666666666666665
RedisClient:0.22444444444444447
ConnectionManager:0.13666666666666666
