Parser:0.6583333333333333
XmlConfigBuilder:0.41
MapConfigAdapter:0.2697222222222222
