BaseRecognizer:0.55
ActionTranslator:0.4166666666666667
NonLocalAttrRef:0.2733333333333333
SetNonLocalAttr:0.2733333333333333
