IChemModelRelay:0.8
ControllerHub:0.5533333333333333
IAtomBondEdits:0.37916666666666665
EnterElementSwingModule:0.19
AddAtomModule:0.18333333333333332
AddBondDragModule:0.14833333333333334
