ConnectionHolder:0.7316111111111112
SimpleTransTest:0.4622777777777777
