TypeVariableName:0.6066666666666667
TypeNamesTest:0.37333333333333335
TypeNames:0.23444444444444448
