DownloadEngine:0.6933333333333334
PriorityRating:0.5
SWDownloadWorker:0.32666666666666666
SWDownloadSegmentComparatorByRating:0.21
