Preview:0.5488888888888889
Loader:0.5133333333333333
ActionChoose:0.35
ProxyFile:0.31
