ControlState:0.73
GCLDeterminismChecker:0.30333333333333334
DefaultGraphNextState:0.2833333333333333
DefaultGraphTransition:0.25666666666666665
