Config:0.51
Message:0.41333333333333333
EdgeWrapper:0.38333333333333336
AbsNode:0.3333333333333333
InstanceExporter:0.3233333333333333
TypeExporter:0.32
InstanceImporter:0.30333333333333334
TypeImporter:0.30333333333333334
ConfigDialog:0.29333333333333333
NodeWrapper:0.27666666666666667
GraphWrapper:0.25333333333333335
Limits:0.25
ConfigurationException:0.24666666666666667
AbsEdge:0.23333333333333334
TypeToGxl:0.22333333333333333
InstanceToGxl:0.22
TypeToEcore:0.20333333333333334
InvalidTypeException:0.19166666666666668
GxlResource:0.18
ConfigAction:0.17
GxlToType:0.16
GrooveToType:0.15666666666666668
GrooveToMeta:0.13333333333333333
GrooveToInstance:0.10666666666666667
AbsGraph:0.10333333333333333
GxlToInstance:0.08333333333333333
JaxFrontDialog:0.08333333333333333
