RestClient:0.8766666666666667
Sniffer:0.22333333333333333
RestClientSingleHostTests:0.08666666666666667
SnifferBuilderTests:0.057222222222222216
RestClientMultipleHostsTests:0.02666666666666667
RestClientBuilderTests:0.016666666666666666
