RecordStore:0.55
DefaultRecordStore:0.5233333333333333
EntryOperation:0.37122222222222223
