StyleInfo:0.49916666666666665
ValueType:0.42
Proto:0.38333333333333336
