Default:0.47333333333333333
MethodRegistry:0.46
Builder:0.43666666666666665
Proxy:0.32666666666666666
Resolved:0.3
AbstractDelegatingBuilder:0.29
InlineImplementationMatcherTest:0.27
ByteBuddy:0.26666666666666666
MethodAnnotationTarget:0.25666666666666665
ConstructorStrategy:0.24
MatchedMethodInterception:0.23
Entry:0.21666666666666667
SubclassDynamicTypeBuilderInstrumentableMatcherTest:0.21333333333333335
DefaultExceptionDeclarableMethodInterception:0.19333333333333333
DefaultMatchedMethodInterception:0.19
AbstractBase:0.18333333333333332
DefaultMethodAnnotationTarget:0.17666666666666667
ConstructorStrategyDefaultTest:0.17666666666666667
MethodRegistryDefaultTest:0.14333333333333334
OptionalMethodInterception:0.11333333333333333
Compound:0.09
