WfeScriptRunner:0.64
ProfileDAO:0.5397777777777778
ProfileLogic:0.22666666666666666
ProfileDAOHibernateImpl:0.22
ReplicationDescr:0.2
