Starter:0.6366666666666667
Installer:0.34222222222222226
