Builder:0.3844444444444444
Word2Vec:0.36666666666666664
WordVectorsImpl:0.29
OutputLayer:0.26
NeuralNetworkOptimizer:0.24666666666666667
RBM:0.24666666666666667
Glove:0.21666666666666667
BackPropOptimizer:0.19666666666666666
WordVectorSerializer:0.19333333333333333
OutputLayerTest:0.08333333333333333
WeightInitUtil:0.056666666666666664
