DBCollection:0.44333333333333336
Bytes:0.43
DB:0.39
DBTCPConnector:0.21333333333333335
DBCursor:0.20666666666666667
MyCollection:0.16333333333333333
