ObjectFactory:0.48333333333333334
CertificateExpiredException:0.3933333333333333
CertificateExpiredException_Exception:0.2
CertificateExpiredExceptionBean:0.04
