Query:0.8633333333333333
CommandLine:0.38333333333333336
