HtmlPage:0.6466666666666666
HTMLParser:0.3333333333333333
SVGCircleElement:0.3272804232804233
SVGSVGElement:0.3272804232804233
HtmlUnitDOMBuilder:0.32666666666666666
SvgSvg:0.08273352573352574
SvgElement:0.08273352573352574
SvgCircle:0.08273352573352574
SvgElementFactory:0.05
SvgCircleTest:0.016666666666666666
SvgSvgTest:0.016666666666666666
SvgElementTest:0.011666666666666667
