Alarm:0.5733333333333334
DefaultSurveillanceService:0.37666666666666665
AlarmView:0.28
