FileInfo:0.47904761904761906
RealProject:0.4066666666666667
FilterMaster:0.3933333333333333
ProjectFrame:0.32
