QuerySql:0.605
CustomizedSqlsTest:0.3933333333333333
ConditionSql:0.26
FetchSql:0.19666666666666666
