SpectrumResource:0.7482777777777778
SpectrumUtils:0.44527777777777783
