MapJobExecutionDao:0.676111111111111
AbstractJobExecutionDaoTests:0.48333333333333334
MapJobExecutionDaoTests:0.04666666666666667
