WSFileDialog:0.5833333333333334
MdlMolFileCoordinatesDescriber:0.4138888888888889
ApplicationWorkbenchAdvisor:0.36
BioclipseActivator:0.35
