TestClass:0.6533333333333333
BlockJUnit4ClassRunner:0.32
Assignments:0.23166666666666666
Suite:0.22
Parameterized:0.2
AllMembersSupplier:0.19305555555555554
TestClassRunnerForParameters:0.18
ParentRunner:0.16333333333333333
TheoryAnchor:0.15666666666666668
TestMethodTest:0.13666666666666666
InaccessibleBaseClassTest:0.07666666666666666
Theories:0.07
