Validation:0.4033333333333333
HashMap:0.35333333333333333
TreeMap:0.32
LinkedHashMap:0.27
