MenuAdapter:0.5533333333333333
DropDownMenuFragment:0.43666666666666665
MenuObject:0.3466666666666667
Utils:0.12666666666666668
