ATNState:0.5466666666666666
ATNSerializer:0.49
ATN:0.31
DefaultOutputModelFactory:0.23333333333333334
ParserInterpreter:0.21666666666666667
ParserATNFactory:0.2
TestATNDeserialization:0.18666666666666668
TestATNSerialization:0.18
LexerInterpreter:0.17333333333333334
TestL:0.15
Choice:0.14333333333333334
LexerFile:0.13166666666666665
QStack:0.11333333333333333
AnalysisPipeline:0.10666666666666667
LexerFactory:0.09
SerializedATN:0.08333333333333333
LexerATNFactory:0.08
LeftRecursionDetector:0.05
