RmiSWTWorkbenchBot:0.5233333333333333
IRmiSWTWorkbenchBot:0.49366666666666664
ISarosRmiSWTWorkbenchBot:0.49366666666666664
SarosRmiSWTWorkbenchBot:0.3566666666666667
PerspectiveObject:0.21333333333333335
Musician:0.16333333333333333
TestChangingDriverWhileOtherFollow:0.06
