AbstractDbDialect:0.5855555555555556
IDbDialect:0.5266666666666666
ConfigurationService:0.41
