TimeSlotTracker:0.6133333333333333
Task:0.5666666666666667
Starter:0.37333333333333335
ToolBar:0.32666666666666666
XmlTask:0.30333333333333334
DateStartFilter:0.23555555555555557
ReportConfiguration:0.22666666666666666
LayoutManager:0.21692857142857142
ClassicLayout:0.19333333333333333
RestartTimingAction:0.11666666666666667
SetDatetimeAction:0.11083333333333334
