ObjectKeys:0.7266666666666667
FileModuleImpl:0.28
AbstractBinderProcessor:0.28
AbstractEntryProcessor:0.2611111111111111
AbstractFolderModule:0.21666666666666667
DefaultProfileCoreProcessor:0.21555555555555558
AbstractFolderCoreProcessor:0.2088888888888889
