SarosSessionManager:0.45
EnterProjectNamePageUtils:0.32
JoinSessionWizard:0.30333333333333334
CollaborationUtils:0.22333333333333333
BaseBuddySelectionComposite:0.20333333333333334
