GetDomain:0.7516111111111111
CatalogSearcher:0.5836666666666667
