RmiSWTWorkbenchBot:0.63
IRmiSWTWorkbenchBot:0.48
RmiTest:0.32666666666666666
SarosRmiSWTWorkbenchBot:0.3233333333333333
ISarosRmiSWTWorkbenchBot:0.27166666666666667
EditorObject:0.07333333333333333
