Mouse:0.6633333333333333
MouseTest:0.3231666666666666
AWTUtil:0.31333333333333335
LinuxMouse:0.31
MouseEventQueue:0.26
