HtmlSubmitInput:0.7886111111111112
HtmlResetInput:0.4519444444444445
