WebApp:0.8036666666666666
MyComponent:0.4244444444444444
