Lang:0.6766666666666666
JsonTest:0.41
LangTest:0.16333333333333333
FailToCastObjectException:0.15
