Actor:0.52
Group:0.34
Table:0.23
ScrollPane:0.22
LwjglInput:0.21666666666666667
TerrainTest:0.21
SplitPane:0.20333333333333334
ActorGestureListener:0.2
TerrainChunk:0.105
