JettyLogger:0.47333333333333333
MockedHttpServletRequest:0.4533333333333333
ServletTest:0.33666666666666667
SparkServer:0.3333333333333333
