Listener:0.5033333333333333
Starter:0.28
LayoutManager:0.24666666666666667
XmlDataSource:0.24666666666666667
DaysTree:0.21333333333333335
TasksTree:0.20666666666666667
JiraTracker:0.20333333333333334
MonthYearPanel:0.15333333333333332
CalendarBrowser:0.13333333333333333
MainMenuBar:0.12
GotoActiveAction:0.11
