IndicesRequestIT:0.7096666666666667
IndexNameExpressionResolverTests:0.27488888888888885
