NettyAsyncHttpProvider:0.601111111111111
ConnectionManager:0.3566666666666667
JDKAsyncHttpProvider:0.25333333333333335
GrizzlyAsyncHttpProvider:0.23
HttpProtocol:0.12666666666666668
