PyType:0.61
GlobMatchingTask:0.3233333333333333
FileNameMatchingTask:0.18333333333333332
CompileProxiesTask:0.17333333333333334
