Builder:0.7133333333333334
BaseUpdater:0.3411111111111111
ListBuilder:0.209
TestDecayPolicies:0.16333333333333333
