InternalPartitionServiceImpl:0.4533333333333333
PartitionStateGeneratorImpl:0.37666666666666665
ReplicaSyncRequest:0.30333333333333334
DefaultNodeGroup:0.29
SingleNodeGroup:0.27
MigrationRequestTask:0.24722222222222223
MigrationRequestOperation:0.21666666666666667
RepartitioningTask:0.20333333333333334
MigrateTask:0.16333333333333333
