Worker:0.5933333333333334
WorkerControl:0.4766666666666667
CoreRuleBaseWindow:0.28
RuleBaseAction:0.25733333333333336
SaveCoreRuleBaseAction:0.22666666666666666
RulebaseMsg:0.145
GenSpecWindow:0.14333333333333334
CloseCoreRuleBaseAction:0.1
