IUndoRedoFactory:0.6833333333333333
ControllerHub:0.36666666666666664
