Lwjgl3Input:0.4866666666666667
JglfwInput:0.38333333333333336
TextInputDialogTest:0.1
Lwjgl3DebugStarter:0.09333333333333334
LwjglDebugStarter:0.09333333333333334
