EventBusExamples:0.6326666666666667
Examples:0.1622222222222222
