ParquetMetadataReader:0.8691666666666666
HdfsParquetDataSource:0.8083333333333333
