InfoPathSupport:0.6283333333333333
ProcessDefinitionAddSwimlaneCommand:0.46
SwimlaneActionsDelegate:0.2733333333333333
