CommentBean:0.5665555555555557
CommentListBean:0.47333333333333333
