Configuration:0.49666666666666665
ReceiveChannelEndpoint:0.35333333333333333
SendChannelEndpoint:0.3377777777777778
UdpChannelTransport:0.30333333333333334
EventLogger:0.18416666666666667
