HazelcastTestSupport:0.6797222222222223
MembershipFailureTest:0.3938888888888889
