MediaGridFragment:0.5066666666666667
RequestStorageReadAccessPermissionEvent:0.48333333333333334
MediaActivity:0.25
PermissionCheckUtils:0.16
