AsyncGetMoreOperation:0.4744444444444445
AsyncWriteOperation:0.3333333333333333
AsyncCommandOperation:0.2175
AsyncQueryOperation:0.2175
