ContextCapabilities:0.6866666666666666
SGIS_generate_mipmap:0.0961111111111111
SGIS_texture_lod:0.0961111111111111
SGISGenerateMipmap:0.07611111111111112
SGISTextureLOD:0.07611111111111112
