GraphJVertex:0.36
JVertex:0.3433333333333333
AspectJModel:0.31333333333333335
AbstractMorphism:0.2633333333333333
LTSJModel:0.22333333333333333
ControlJModel:0.21333333333333335
JVertexView:0.20666666666666667
AspectJVertex:0.2
AttributeMap:0.15666666666666668
JAttr:0.10666666666666667
