SDFIndexEditorModel:0.9483333333333334
MoleculeTableManager:0.36666666666666664
