CrawlScope:0.49333333333333335
SeedList:0.47
CrawlController:0.38
SeedListTest:0.29
FileUtils:0.22333333333333333
BroadScope:0.20194444444444445
