TransformTable:0.7266666666666667
TransformedData:0.5166666666666667
TransformWriter:0.3466666666666667
