AbstractTestDescriptor:0.41
SpecificationResolverTest:0.3975
TestPlan:0.26666666666666666
MethodTestDescriptor:0.20666666666666667
JUnit4TestEngine:0.20333333333333334
JUnit5TestTree:0.13666666666666666
