StackTraceInspector:0.5466666666666666
NettyConnectListener:0.30666666666666664
Processor:0.26666666666666666
ProgressListener:0.26666666666666666
