SubnetEngine:0.6066666666666667
SubnetNode:0.42333333333333334
