HeliosClient:0.9366666666666666
HeliosClientTest:0.11333333333333333
