JCPEditor:0.9566666666666667
TestOperation:0.43
PasteAction:0.17
MenuBarMaker:0.12666666666666668
