BindingUtil:0.5533333333333333
NameTable:0.5033333333333333
DeadCodeEliminator:0.38
