Viewer:0.8166666666666667
JnetManager:0.37
ModelLoader:0.30333333333333334
