UserServiceImpl:0.8333333333333334
EditPreferencesFormAction:0.2658888888888889
