Poller:0.77
QueryManager:0.47
DefaultQueryManager:0.38
Pollerd:0.30333333333333334
MockQueryManager:0.14583333333333334
