CollectionUtils:0.5933333333333334
Beans:0.4088888888888889
DynamoDbTicketRegistryFacilitator:0.19
OidcDynamicClientRegistrationEndpointController:0.18333333333333332
CasSupportActionsConfiguration:0.17666666666666667
DynamoDbServiceRegistryFacilitator:0.17666666666666667
CasCoreAuditConfiguration:0.17666666666666667
BaseUseAttributesAuthorizationGenerator:0.13666666666666666
LdapAcceptableUsagePolicyRepository:0.13666666666666666
OidcServerDiscoverySettingsFactory:0.12333333333333334
