AtmosphereResourceEvent:0.7974920634920635
AtmosphereResourceEventImpl:0.6266666666666667
ChatAtmosphereHandler:0.31
