StatementGeneratorTest:0.5666666666666667
NilCheckResolver:0.36333333333333334
NilCheckResolverTest:0.3433333333333333
