StudyDeleted:0.5866666666666667
SeriesStored:0.5233333333333333
StoreScp:0.34
IANScuService:0.25
StoreScpService:0.22666666666666666
ForwardService:0.22666666666666666
MoveOrder:0.21666666666666667
FileSystemMgtService:0.20833333333333334
MoveScuService:0.18166666666666667
