AuthenticatedVoterTests:0.4766666666666667
AuthenticatedVoter:0.42833333333333334
