XHRPollingTransport:0.48333333333333334
HeartbeatHandler:0.31
AuthorizeHandler:0.30666666666666664
WebSocketTransport:0.2733333333333333
Configuration:0.26666666666666666
SocketIOPipelineFactory:0.17333333333333334
