BlockJUnit4ClassRunner:0.43666666666666665
TestClass:0.41333333333333333
ParentRunner:0.4066666666666667
ExternalResource:0.17027777777777778
RulesTest:0.16
CustomTestName:0.04
UsesCustomMethodRule:0.016481481481481482
