CompilerTestSuite:0.4266666666666667
DateTimePlugin:0.38333333333333336
DefaultPluginLoader:0.32
DateTimeTester:0.19666666666666666
