SimulatorModel:0.5
Simulator:0.45
EnableControlAction:0.37
StoredGrammarView:0.3233333333333333
ControlPanel:0.31
TypePanel:0.3
TypeJList:0.28
ActionStore:0.26
SimulatorAction:0.25333333333333335
ControlJList:0.25333333333333335
PrologPanel:0.21333333333333335
MyMouseListener:0.21
PrologJList:0.20333333333333334
DefaultFileSystemStore:0.19333333333333333
MyCellRenderer:0.16
StateJList:0.15666666666666668
GrooveState:0.08666666666666667
NewPrologAction:0.06666666666666667
