Protocol:0.57
Connection:0.36333333333333334
SortingParams:0.31
RedisOutputStream:0.18333333333333332
ZParams:0.15
