Worker:0.49
FormalTypes:0.44333333333333336
Checkcast:0.3
MangoClassPeer:0.29333333333333333
GetInterfaceRunTimeException:0.21833333333333332
Casting:0.0033333333333333335
