ClusterSession:0.56
SequencerAgent:0.4033333333333333
LogAdapter:0.23444444444444448
SnapshotLoader:0.20333333333333337
ConsensusModuleSnapshotTaker:0.19666666666666668
LogAppender:0.185
SequencerAgentTest:0.17
