CodeWriter:0.44333333333333336
Types:0.3075
Builder:0.27
JavaFile:0.25333333333333335
JavaWriter:0.2511111111111111
JavaFileTest:0.1
