RegisterFactory:0.43
BasicBlock:0.38333333333333336
Register:0.38333333333333336
Quad:0.37666666666666665
BytecodeToQuad:0.37333333333333335
ControlFlowGraph:0.36333333333333334
ExceptionHandlerList:0.32666666666666666
Ret:0.23333333333333334
DummyOperand:0.2305555555555555
IntIfCmp:0.22555555555555554
AbstractState:0.20666666666666667
Phi:0.20555555555555557
TableSwitch:0.19
LookupSwitch:0.19
Move:0.18333333333333332
Goto:0.17555555555555555
ParamListOperand:0.16666666666666666
Jsr:0.15333333333333332
MethodInline:0.14333333333333334
CalculateSize:0.12666666666666668
Branch:0.07555555555555554
