IndexStore:0.5633333333333334
SortedIndexStore:0.38333333333333336
IndexImpl:0.33666666666666667
MultiResultSet:0.24
UnsortedIndexStore:0.23333333333333334
IndexTest:0.16
SingleResultSet:0.16
FastMultiResultSet:0.15
BaseIndexStore:0.14
DuplicateDetectingMultiResult:0.04666666666666667
