TodosDwrImpl:0.7333333333333333
UserManagerImpl:0.29333333333333333
ShowTodosAction:0.24666666666666667
TestableTodosDwrImpl:0.20666666666666667
