MangoClassPeer:0.49
SemanticsForIsPrimitiveClass:0.2866666666666667
SemanticsForIsInterface:0.2866666666666667
ClassTests:0.23
IsPrimitiveClass:0.21761111111111112
IsInterface:0.10333333333333333
AddSemanticsForIsInterface:0.01
AddSemanticsForIsPrimitiveClass:0.01
