CorrespondanceAnalysisEditorInput:0.7333333333333333
CaEditor:0.45199999999999996
DiagnosticPreferencePage:0.26
