CrawlURI:0.21333333333333335
URIManager:0.2086111111111111
URISet:0.2086111111111111
URIPolicy:0.20166666666666666
NormalizedURIString:0.20098148148148148
URIFrontier:0.19777777777777777
Processor:0.17388888888888887
RobotsExclusionPolicy:0.13333333333333333
FullyBufferedInputStream:0.07
RegExpFilter:0.04
Filter:0.006666666666666667
DecoratingExtractor:0.0
CrawlHost:0.0
