UserManager:0.8472222222222222
UserManagerTest:0.38333333333333336
