RaptorPlugin:0.75
RaptorConnectorFactory:0.5966666666666667
RaptorBenchmarkQueryRunner:0.23666666666666666
