NetworkParameters:0.7733333333333333
BloomFilter:0.38666666666666666
FullPrunedBlockChain:0.3433333333333333
DumpedPrivateKey:0.2866666666666667
