WindowManager:0.71
PainterUtils:0.58
ServerDisplay:0.35333333333333333
ServerXMLObjectAttribute:0.27666666666666667
WindowsWindowManager:0.255
AbstractWindowManager:0.25333333333333335
SymbolRendererUI:0.24666666666666667
WindowPanel:0.24666666666666667
BasicWindowManager:0.21587301587301586
ServerWrapper:0.19
AbstractServerEngine:0.19
SynthSymbolUI:0.14333333333333334
AbstractPanel:0.13666666666666666
