ResultImpl:0.5683333333333334
AbstractRoutine:0.45666666666666667
AbstractQuery:0.31
RoutineField:0.3
AbstractQueryPart:0.25027777777777777
AbstractStore:0.24
