QueryMultiHitEx:0.3566666666666667
GraphJdbc:0.35333333333333333
StatusEvent:0.30666666666666664
DataLoader:0.26
StatusManager:0.2322222222222222
