ClusterManager:0.5955555555555555
MembersUpdateCall:0.3566666666666667
MasterConfirmation:0.22666666666666666
GroupProperties:0.08
MemberListTest:0.05
