DbFill:0.44
DatabaseWriter:0.41
DbExportImportTest:0.3933333333333333
AbstractRouterServiceTest:0.28
SqliteSymmetricDialect:0.23333333333333334
