BitMatrix:0.7433333333333333
ModulusPoly:0.33666666666666667
BitMatrixTestCase:0.15
BitArrayTestCase:0.11
