ConfigUtilsTest:0.8244444444444444
Platforms:0.25594227994228
