LwjglApplication:0.5283333333333333
JglfwApplication:0.41333333333333333
LwjglCanvas:0.39
