JavaGenerator:0.49833333333333335
PostgresDatabase:0.38333333333333336
PostgresRoutineDefinition:0.27
GenerationUtil:0.23666666666666666
PostgresUDTDefinition:0.23111111111111116
PostgresMaterializedViewDefinition:0.21777777777777782
PostgresTableDefinition:0.21777777777777782
PostgresTableValuedFunction:0.16666666666666669
