Pool:0.4866666666666667
ConnectionListener:0.44634523809523813
StreamImpl:0.4066666666666667
FakeConnection:0.3383333333333333
Http2ClientStream:0.2966666666666667
ConnectionManagerTest:0.1275
