JbpmDefinitionLogic:0.6277777777777778
WFFormTag:0.37666666666666665
TaskFormTag:0.31333333333333335
