IdentifierGeneratorHelper:0.7886111111111112
VersionValue:0.4519444444444445
