Property:0.7733333333333333
PropertyName:0.26222222222222225
PropertyDate:0.2588888888888889
PropertyFile:0.24222222222222223
PropertySex:0.21666666666666667
PropertyXRef:0.20222222222222225
PropertyAge:0.17222222222222222
PropertyBlob:0.16666666666666666
