CHMUseCasesTest:0.7007777777777778
DataValueConverter:0.31666666666666665
