TestUtils:0.5366666666666666
MultiLayerTest:0.39
TestConstraints:0.24
NoBiasGradientCheckTests:0.21666666666666667
BatchNormalizationTest:0.18666666666666668
TestTransferLearningModelSerializer:0.15
TestYolo2OutputLayer:0.10666666666666667
