App:0.49666666666666665
AbstractFactoryTest:0.44666666666666666
FactoryMethodTest:0.3433333333333333
