WadoImage:0.5033333333333333
MemoryCacheFilterBase:0.37666666666666665
PagedImageFilter:0.26
WLFilter:0.20333333333333334
RegionFilter:0.2
SortImageFilter:0.14666666666666667
ConversationStudyModel:0.13333333333333333
NavigateMacro:0.10333333333333333
WindowLevelAction:0.09916666666666667
NavigateAction:0.05333333333333334
