Stream:0.795
NettyClientStreamTest:0.3466666666666667
CallImpl:0.29333333333333333
SessionClientStream:0.2633333333333333
AbstractStream:0.18666666666666668
