C3DSliderSkin:0.6966666666666667
C3DSlider:0.5266666666666666
SliderDemo:0.14884126984126983
