URIFrontier:0.59
Frontier:0.5366666666666666
StatisticsTracker:0.31666666666666665
CrawlController:0.20333333333333334
URIFrontierHostStatistics:0.2
CrawlJobHandler:0.19333333333333333
