ARINCDefinition:0.6666666666666666
ServerWidgetDefinition:0.36666666666666664
EditorEngine:0.3433333333333333
AbstractServerEngine:0.31333333333333335
AbstractClientEngine:0.31
