DBObject:0.5633333333333334
BasicDBList:0.30333333333333334
ReflectionDBObject:0.2966666666666667
DBObjectTest:0.19666666666666666
RawDBObject:0.19333333333333333
BasicDBObject:0.12
