DataStructuresTiming:0.38333333333333336
PatriciaTrie:0.2833333333333333
Trie:0.26666666666666666
TreeMap:0.2633333333333333
RedBlackTree:0.26
Treap:0.18
AVLTree:0.17
TreapNode:0.07333333333333333
