RefreshableFlowHolder:0.4455555555555556
XmlFlowBuilder:0.4094444444444445
RefreshableFlowHolderTests:0.04666666666666667
