Layout:0.8833333333333333
ArcIterator:0.26
GraphFactory:0.22666666666666666
LayeredAcyclicGraph:0.185
DnDCreateArc:0.18333333333333332
AcyclicGraph:0.17833333333333334
Animation:0.17666666666666667
ArcMovement:0.14
ArcHandler:0.13666666666666666
TreeFactory:0.13666666666666666
TreeLayout:0.13333333333333333
DnD:0.11666666666666667
NodeLayout:0.10333333333333333
ActionExecuteLayout:0.09666666666666666
RandomLayout:0.09666666666666666
TreeArcLayout:0.08666666666666667
CircularLayout:0.07
AbstractLayout:0.061111111111111116
HierarchicalLayout:0.043333333333333335
ArcLayout:0.03666666666666667
GraphReader:0.0
