CacheContext:0.36666666666666664
UnboundedLocalCache:0.28
KeyIterator:0.24666666666666667
LocalCache:0.14583333333333334
CacheTest:0.1
