LookupTable:0.6633333333333333
ShortLookupTable:0.49666666666666665
ByteLookupTable:0.4766666666666667
