BindingBuilder:0.6833333333333333
BoundFactory:0.5566666666666666
AllTests:0.23666666666666666
ServletModule:0.2
