NetServerOptions:0.5233333333333333
HttpTest:0.37666666666666665
HttpServerOptions:0.36666666666666664
SSLHelper:0.30277777777777776
NetExamples:0.26
NetTest:0.23666666666666666
