Utils:0.5333333333333333
NettyServer:0.3466666666666667
NettyChannelBuilder:0.22
NettyServerBuilder:0.2
AbstractServiceBuilder:0.17666666666666667
DefaultEventLoopGroupResource:0.06666666666666667
