TombstoneAccessDelegate:0.3433333333333333
AbstractRegionAccessStrategyTest:0.30333333333333334
ExpectingInterceptor:0.26666666666666666
NonStrictAccessDelegate:0.22444444444444447
TombstoneTest:0.20333333333333334
FutureUpdateSynchronization:0.16333333333333333
LockingInterceptor:0.12194444444444442
Condition:0.08666666666666667
BaseTransactionalDataRegion:0.07333333333333333
