Viewer:0.6916666666666667
JnetViewer:0.22714285714285712
