Coverage:0.6666666666666666
BOP:0.4043333333333334
