DicomEditLocal:0.6337777777777778
ContentEditDelegate:0.3311111111111111
DicomEditBean:0.32
ContentEditService:0.2833333333333333
WebCfgService:0.26666666666666666
DicomEditBeanTest:0.23333333333333334
WebCfgDelegate:0.2
