AtomContainerManipulator:0.48333333333333334
DebugAtom:0.47333333333333333
DebugAtomParity:0.43666666666666665
RingSetManipulator:0.3933333333333333
DebugAtomContainerSet:0.2966666666666667
CDKAtomTypeMatcher:0.29
AtomPlacer3D:0.29
DebugSingleElectron:0.2866666666666667
DebugBond:0.2866666666666667
DebugLonePair:0.2866666666666667
DebugMoleculeSet:0.2866666666666667
DebugReactionScheme:0.2866666666666667
DebugElectronContainer:0.2866666666666667
AtomTetrahedralLigandPlacer3D:0.2833333333333333
DescriptorEngine:0.27666666666666667
DebugPseudoAtom:0.2733333333333333
ModelBuilder3D:0.2733333333333333
ALOGPDescriptor:0.2633333333333333
IsotopePatternSimilarity:0.2633333333333333
MolecularFormulaManipulator:0.24666666666666667
PeriodicTableElement:0.22
AtomPlacer:0.22
InChIGenerator:0.21666666666666667
KierHallSmartsDescriptor:0.21333333333333335
XLogPDescriptor:0.20666666666666667
TemplateHandler:0.20333333333333334
TemplateHandler3D:0.2
RDBERule:0.19333333333333333
DebugAtomType:0.19
DebugFragmentAtom:0.19
FragmentComplexityDescriptor:0.18166666666666667
Fingerprinter:0.17
ProtonAffinityHOSEDescriptor:0.16333333333333333
RotatableBondsCountDescriptor:0.16
SMILESReader:0.16
ElementPTHandler:0.15333333333333332
StabilizationPlusChargeDescriptor:0.15333333333333332
NitrogenRule:0.15166666666666667
IPAtomicLearningDescriptor:0.15
GraphOnlyFingerprinter:0.15
Polymer:0.13166666666666665
InductivePartialCharges:0.12666666666666668
NNAtomParity:0.10666666666666667
