SpecMolTableComposite:0.5466666666666666
SpecmolManagerFactory:0.2733333333333333
CmlSpecmolFileDescriber:0.24333333333333335
AssignAction:0.19333333333333333
