FormulaCheckerGlobalTest:0.7666666666666667
KernelBoLogicTestSuite:0.31677777777777777
