EntityRenderer:0.5733333333333334
ContentRenderer:0.3566666666666667
EntityView:0.34
RulerRenderer:0.23
