TCQueryLocal:0.8038888888888889
TCImageViewPage:0.3466666666666667
TCQueryBean:0.28
