MultiLayerNetwork:0.79
ComputationGraph:0.6366666666666667
MultiLayerTestRNN:0.17333333333333334
