FeaturesConfig:0.6411111111111111
SystemSessionProperties:0.3466666666666667
Aggregator:0.2733333333333333
TestFeaturesConfig:0.19333333333333333
PlanOptimizers:0.18333333333333332
