QedeqTraverser:0.5268888888888889
QedeqNotNullTraverser:0.4880000000000001
