Context:0.47333333333333333
OperationServiceImpl:0.4066666666666667
PartitionInvocation:0.3933333333333333
InvocationBuilder:0.2
InvocationRegistryTest:0.19
InvocationBuilderImpl:0.1811111111111111
IndeterminateOperationStateExceptionTest:0.18
InboundResponseHandler_NotifyTest:0.17333333333333334
Invocation_NotifyCallTimeoutTest:0.15333333333333332
SilentOperation:0.09333333333333334
