WrappedXaResource:0.4166666666666667
XaTransactionImpl:0.2966666666666667
DualNodeJtaTransactionImpl:0.2866666666666667
ConcurrentWriteTest:0.25666666666666665
BasicTransactionalTestCase:0.20333333333333334
ClassLoaderTestDAO:0.19333333333333333
