Cache:0.7705555555555555
AbstractCacheMap:0.32666666666666666
NoCache:0.31666666666666665
