FlowAction:0.6183333333333333
PortletFlowController:0.39666666666666667
FlowController:0.39666666666666667
