HazelcastTestSupport:0.5
ClientProxy:0.45666666666666667
ClientQueueProxy:0.34
ClientQueueTest:0.30666666666666664
