SWDownloadCandidate:0.5266666666666666
SWDownloadFile:0.40555555555555556
InitialCandidatesComparator:0.2633333333333333
