ClientConnection:0.6766666666666666
XmlConfigBuilder:0.3466666666666667
ClientInvocationServiceImpl:0.28
ResponseThread:0.19555555555555554
ClientPortableFactory:0.12
