DocxModel:0.37
DocxTableModel:0.27666666666666667
MergeInputOutputModel:0.24333333333333335
MultiTaskNode:0.23666666666666666
MergeDocxModel:0.22333333333333333
FilesSupplierConfig:0.16
MergeDocxConfigParser:0.12666666666666668
MergeDocxConfig:0.057222222222222216
MergeInputOutputComposite:0.02666666666666667
MergeDocxHandler:0.021111111111111112
MergeDocxHandlerCellEditorProvider:0.013333333333333334
