LinearView:0.5683333333333334
StrandedZoomableApolloPanel:0.4533333333333333
ApolloPanel:0.4166666666666667
