LayoutInflaterTest:0.5766666666666667
DrawableResourceLoader:0.37
mipmap:0.11055555555555555
layout:0.07333333333333333
id:0.07333333333333333
attr:0.07333333333333333
color:0.0
