ServletTest:0.4533333333333333
StaticFiles:0.43333333333333335
StaticFilesTest:0.38333333333333336
MyApp:0.14983333333333335
