SnmpCollector:0.8566666666666667
SnmpMonitor:0.3466666666666667
SnmpPlugin:0.21666666666666667
