EditorManager:0.6972222222222222
ConsistencyWatchdogHandler:0.43213888888888885
SharedResourcesManager:0.32666666666666666
