TestConfig:0.8833333333333333
BasicTransaction:0.5
XTestConfig:0.42
XTestConfigTransaction:0.38333333333333336
RetrieveTransaction:0.25
XCAIGRetrieveTransaction:0.20333333333333334
StoredQueryTransaction:0.19
ProvideAndRegisterTransaction:0.18333333333333332
RegisterTransaction:0.16444444444444445
XTestConfigSite:0.14666666666666667
XCQTransaction:0.13333333333333333
XCAIGStoredQueryTransaction:0.11
XTestConfigRepository:0.06833333333333333
XTestConfigRegistry:0.06833333333333333
XTestConfigGateway:0.0625
XTestConfigTransactionEndpoint:0.02
XTestConfigActor:0.01
