BindingUtil:0.62
ObjectiveCImplementationGenerator:0.4672222222222222
ObjectiveCSourceFileGenerator:0.30666666666666664
