Resource:0.5711111111111111
GraphicalUserAuthenticationConfiguration:0.30666666666666664
StaticUserGraphicalAuthenticationRepository:0.18
