ScheduledExecutorServiceBasicTest:0.41333333333333333
ScheduledExecutorServiceProxy:0.31666666666666665
BasicClusterStateTest:0.31333333333333335
ClientScheduledFutureProxy:0.29333333333333333
ScheduledExecutorServiceSlowTest:0.27
SilentOperation:0.2646428571428572
ClientPartitionLostListenerTest:0.19666666666666666
ClientScheduledExecutorServiceBasicTest:0.19666666666666666
ScheduledExecutorServiceTestSupport:0.14333333333333334
