MaxCore:0.53
MaxStarterTest:0.2833333333333333
TwoUnEqualTests:0.22111111111111115
RememberingListener:0.06
TestComparator:0.06
