Trigger:0.5466666666666666
Router:0.48333333333333334
TriggerRouter:0.38
TriggerRouterService:0.2633333333333333
TriggerRouterServiceTest:0.2
RouterServiceTest:0.2
CrossCatalogSyncTest:0.14666666666666667
FunkyDataTypesTest:0.11666666666666667
TriggerRouterMapper:0.11666666666666667
SubSelectDataRouter:0.11
TriggerRouterSelector:0.08333333333333333
