MapClientRequestTest:0.6627777777777778
MapPortableHook:0.33666666666666667
