NeuralNetConfiguration:0.4866666666666667
MultiLayerNetwork:0.4066666666666667
SubsamplingLayer:0.3933333333333333
Builder:0.36666666666666664
RNTN:0.30666666666666664
ConvolutionLayer:0.24333333333333335
ConvolutionDownSampleLayerTest:0.10666666666666667
LayerFactories:0.04
