LoginUIPanel:0.48
DatabaseConfigPage:0.33666666666666667
MainUILayoutPanel:0.24
RestartFilrServerCallback:0.18333333333333332
ProductInfoCallback:0.14666666666666667
LuceneAuthCallback:0.14666666666666667
TomcatRestartPanel:0.13333333333333333
