GL:0.7866666666666666
Sys:0.43333333333333335
CoreGL11:0.4
PbufferTest:0.29
CoreGL12:0.2866666666666667
VBOTest:0.24333333333333335
Grass:0.21
CoreGL14:0.18666666666666668
