WritePrimaryResult:0.5633333333333334
TransportWriteAction:0.4066666666666667
