ReflectUtils:0.5766666666666667
FastClass:0.36
CodeGenerator:0.33666666666666667
MethodProxy:0.2733333333333333
GetIndexCallback:0.23333333333333334
EnhancerGenerator:0.21333333333333335
TestEnhancer:0.20666666666666667
ClassesKey:0.14
MethodInterceptorGenerator:0.13
FastClassGenerator:0.07333333333333333
MethodConstants:0.056666666666666664
TestAll:0.03333333333333333
