RedBlackTree:0.31333333333333335
Node:0.3
AbstractTraversableTest:0.3
HashMap:0.2833333333333333
RedBlackTreeTest:0.2733333333333333
Seq:0.27
AbstractSeqTest:0.2633333333333333
TreeSet:0.24666666666666667
IteratorTest:0.21666666666666667
Iterable:0.16333333333333333
AbstractIterator:0.12666666666666668
IteratorWithEquals:0.11666666666666667
HashMapTest:0.07333333333333333
