ActivationTableModel:0.3233333333333333
Reload:0.29333333333333333
ReloadPanel:0.25666666666666665
PluginManager:0.16333333333333333
Entry:0.11
ActivationRenderer:0.09666666666666666
EntryComparator:0.06333333333333334
ActivatorPlugin:0.02666666666666667
