HTMLElement:0.8266666666666667
NodeImpl:0.4633333333333333
SimpleScriptable:0.4
