Failure:0.67
BulkShardProcessor:0.6666666666666666
ConcurrentCopyFromTest:0.39666666666666667
