CockpitConfigurationHandler:0.78
Utils:0.69
WidgetFactory:0.5933333333333334
A661Factory:0.5666666666666667
SuperLayerCockpitConfigurationHandler:0.3933333333333333
AbstractEditBoxNumericRenderer:0.3933333333333333
ARINCDefinition:0.37
ServerCockpitConfigurationHandler:0.3680555555555556
UACockpitConfigurationHandler:0.3233333333333333
RendererFactory:0.2733333333333333
ListSpinner:0.24666666666666667
AbstractEditorEngine:0.23666666666666666
AbstractServerEngine:0.23666666666666666
NoClipLabeledSkinBase:0.22
FrameworkConfiguration:0.21333333333333335
EditorEngine:0.20666666666666667
AbstractWidgetFactory:0.20666666666666667
AbstractClientEngine:0.20666666666666667
JFXEditorLayerManager:0.205
AbstractWindowManager:0.20333333333333334
EditBoxNumericRenderer:0.20083333333333334
ClientConfigurationParser:0.19166666666666668
WindowsWindowManager:0.19
CockpitConfigurationHandlerTest:0.1822222222222222
NumericReadoutRenderer:0.17333333333333334
JFXLayerPainter:0.17166666666666666
ClientCockpitConfigurationHandler:0.16666666666666666
CockpitConfigurationHandlerKOTest:0.14333333333333334
MultiAppliGeneratorTest:0.12666666666666668
MultiAppliGenerator2Test:0.12666666666666668
MultiAppliGenerator3Test:0.12666666666666668
JFXEditorDFRenderer:0.12
DefaultA661ClientFactory:0.11666666666666667
LabelEditBoxNumericRenderer:0.09833333333333333
ConfigCockpitAction:0.09
RendererUtils:0.08666666666666667
DefaultA661ServerFactory:0.08583333333333333
NoClipLabelSkin:0.009166666666666667
NoClipButtonSkin:0.0
