PropertyDate:0.7857936507936508
ProxyDate:0.4866666666666667
