MoveScp:0.5653333333333334
MoveTask:0.5466666666666666
QueryRetrieveScpService:0.49
