ResultHandler:0.4266666666666667
NetworkThread:0.2946666666666667
QRCodeEncoder:0.23288888888888892
SearchBookContentsActivity:0.16
AddressBookResultHandler:0.09916666666666667
