CasCoreTicketsConfiguration:0.42
DefaultServiceTicketFactory:0.37666666666666665
DefaultProxyTicketFactory:0.2761904761904762
CentralAuthenticationServiceImpl:0.27
AbstractCentralAuthenticationService:0.20333333333333334
CasCoreConfiguration:0.13
