XLParser:0.5666666666666667
Compiler:0.45666666666666667
FirstLastScale:0.32
RGG:0.29333333333333333
Producer:0.2644444444444444
XLTokenizer:0.15416666666666667
JavaTokenizer:0.05333333333333334
CompilerTokenTypes:0.0
XLTokenTypes:0.0
