SymbolFormatter:0.55
SelectAnalyzerTest:0.4533333333333333
TransportSQLActionClassLifecycleTest:0.4033333333333333
SelectStatementAnalyzer:0.31
