GraphBuilder:0.5533333333333333
ScopeStateElement:0.45666666666666667
