HtmlPage:0.64
WebClient:0.59
PropertiesTest:0.36777777777777776
HtmlTextInputTest:0.19
WebClientTest:0.14
HTMLTableCellElement:0.06666666666666667
