SequencerAgent:0.6033333333333334
ClusteredServiceAgent:0.385
RecordingCatchUp:0.24666666666666667
BoundedLogAdapter:0.18333333333333332
