FlowExecutionImpl:0.49666666666666665
FlowExecutorImplTests:0.35333333333333333
FlowExecutionResult:0.33666666666666667
FlowExecutorImpl:0.3
FlowExecutor:0.18777777777777777
