SqlitexConnection:0.4666666666666667
SqlCipherConnection:0.4666666666666667
SqliteConnection:0.4666666666666667
