MockHttpServletResponse:0.6333333333333333
MockHttpServletRequest:0.5166666666666667
AbstractMvcTest:0.23
