IMap:0.8333333333333334
MapProxySupport:0.47
MapProxyImpl:0.45
BasicTest:0.23333333333333334
