MapReduceUtil:0.4294999999999999
MapReduceService:0.3566666666666667
JobSupervisor:0.3566666666666667
KeyValueSourceFacade:0.2833333333333333
TrackableJobFuture:0.1877777777777778
MapCombineTask:0.1725
PartitionProcessor:0.16333333333333336
SingleExecutionProcessor:0.12777777777777777
