Property:0.25242358
Config:0.16912314
TK:0.10394413
OS:0.09812212
MLogger:0.034453284
