ResourceLoader:0.47
SpannedThatActsLikeString:0.30333333333333334
LogTest:0.2833333333333333
DefaultRequestDirectorTest:0.27666666666666667
ShadowLog:0.27
RobolectricTestRunner:0.21
ShadowResources:0.20666666666666667
ResourceExtractor:0.2
ShadowContext:0.17666666666666667
LogItem:0.10666666666666667
dimen:0.06
ShadowEnvironment:0.043333333333333335
integer:0.023888888888888887
ResourceExtractorTest:0.023333333333333334
HtmlTest:0.023333333333333334
