MultiLayerNetwork:0.5866666666666667
ConvolutionLayer:0.3466666666666667
BatchNormalization:0.29333333333333333
EmbeddingLayer:0.2866666666666667
