Address:0.4
Script:0.3822222222222222
NetworkParameters:0.36
AddressTest:0.2733333333333333
VersionedChecksummedBytes:0.23666666666666666
WrongNetworkException:0.19333333333333333
ScriptBuilder:0.19
MainNetParams:0.16666666666666666
TestNet2Params:0.16666666666666666
BIP38PrivateKey:0.14333333333333334
DumpedPrivateKey:0.11666666666666667
TestNet3Params:0.09666666666666666
VersionedChecksummedBytesToTest:0.02666666666666667
