Modules:0.7833333333333333
Browsers:0.24666666666666667
NaviOXServlet:0.23333333333333334
NaviOXFilter:0.20333333333333334
