ConnectionPool:0.48333333333333334
Datastream:0.41
DefaultDOManager:0.30333333333333334
MockConnection:0.2633333333333333
DBPIDGenerator:0.21833333333333332
FieldSearchResultSQLImpl:0.20333333333333334
FieldSearchSQLImpl:0.20166666666666666
SQLUtilityImpl:0.18666666666666668
DBPathRegistry:0.18
SQLRebuilder:0.17666666666666667
FieldSearchSQLImplIntegrationTest:0.16
