SWDownloadFile:0.5383333333333333
SWDownloadCandidate:0.43666666666666665
