Updater:0.6733333333333333
MultiLayerNetwork:0.5733333333333334
BaseOptimizer:0.25666666666666665
Solver:0.25333333333333335
ParamAndGradientIterationListener:0.25333333333333335
ConvexOptimizer:0.22337301587301586
NoOpUpdaterAggregator:0.20666666666666667
IterativeReduceFlatMap:0.17
SparkDl4jMultiLayer:0.16
BaseUpdater:0.14333333333333334
TestUpdaters:0.14333333333333334
GradientAccumFlatMap:0.09666666666666666
TestParamAndGradientIterationListener:0.09
AdamUpdater:0.08
NesterovsUpdater:0.08
AdaGradUpdater:0.08
RmsPropUpdater:0.08
SgdUpdater:0.08
MultiLayerUpdater:0.07
AdaDeltaUpdater:0.07
NoOpUpdater:0.06944444444444445
NoOpGradientUpdater:0.06
NoOpAggregator:0.02
SgdAggregator:0.02
AdaGradAggregator:0.02
AdaDeltaAggregator:0.02
NesterovsAggregator:0.02
RmsPropAggregator:0.02
AdamAggregator:0.02
MultiLayerUpdaterAggregator:0.006666666666666667
UpdaterAggregatorImpl:0.0033333333333333335
