JsfEvent:0.54
WebFlowNavigationStrategy:0.36333333333333334
WebFlowNavigationHandler:0.3
JsfSessionScopeAccessor:0.22333333333333333
