EditingPane:0.46
SourceRepoDialog:0.3333333333333333
PasswordChangeListener:0.29
LoginAction:0.20333333333333334
