HtmlScript:0.6566666666666666
HTMLScriptElement:0.3233333333333333
HtmlScript2Test:0.21333333333333335
