FullscreenTest:0.8033333333333333
Lwjgl3DebugStarter:0.15333333333333332
