DBCollection:0.5066666666666667
CommandResult:0.4066666666666667
TestCase:0.32666666666666666
AggregationTest:0.31666666666666665
Builder:0.30666666666666664
DBCursor:0.22666666666666666
DBApiLayer:0.21916666666666668
AggregationOptions:0.21
JavaClientTest:0.19166666666666668
QueryOpBuilder:0.185
MapReduceCommand:0.155
DBCursorTest:0.14
DBCollectionTest:0.12666666666666668
DBTests:0.1
