MucSessionTest:0.5133333333333333
PingStats:0.49694444444444436
CreatingNewFileTest:0.29333333333333333
