Qedeq2Xml:0.9066666666666666
FormalProofHandler:0.3933333333333333
