ThreeDynamicModelTwo:0.4633333333333333
DynamicModel:0.38666666666666666
FunctionVariableInterpreter:0.25333333333333335
PredicateVariableInterpreter:0.25333333333333335
