ClientExecutionServiceImpl:0.48
HazelcastClientInstanceImpl:0.33666666666666667
ClusterListenerSupport:0.32
ClientInvocation:0.30333333333333334
ClientInvocationServiceSupport:0.19666666666666666
ClientHeapNearCache:0.19666666666666666
ClientRegressionWithMockNetworkTest:0.15666666666666668
