HTMLBlockElement:0.5
HTMLBlockQuoteElement:0.3283333333333333
HTMLModElement:0.16333333333333333
