Builder:0.43
DM:0.38333333333333336
SkipGram:0.38
VectorsConfiguration:0.377
CBOW:0.34111111111111114
DBOW:0.3233333333333333
WordVectorSerializer:0.3233333333333333
ParallelWrapper:0.25666666666666665
Word2Vec:0.16666666666666666
ParagraphVectorsTest:0.13
Word2VecTests:0.11666666666666667
