X509CA:0.51
UserDataVO:0.34
CVCCA:0.30333333333333334
MyCommandFactory:0.24333333333333335
DNFieldExtractor:0.18733333333333335
JobData:0.17333333333333334
StressTestCommand:0.13
