PercolateQuery:0.3933333333333333
PercolateQueryBuilder:0.3566666666666667
PercolateQueryBuilderTests:0.24
PercolatorQuerySearchIT:0.22666666666666666
CandidateQueryTests:0.19666666666666666
FieldType:0.17
PercolatorHighlightSubFetchPhase:0.11333333333333333
