Blog:0.673888888888889
BlogCalendar:0.44
CommentPlugin:0.22333333333333333
VelocityDispatcher:0.17666666666666667
