FormEditor:0.5
MultiTaskState:0.38666666666666666
QuickFormVariableWizardPage:0.22
MultiinstanceComposite:0.2066666666666667
ComponentParametersDialog:0.19333333333333333
EditorsPlugin:0.18333333333333332
BpmnSerializer:0.18
VariableComboParameter:0.13666666666666666
