Configuration:0.5433333333333333
Builder:0.37666666666666665
XmlConfigBuilderTest:0.3466666666666667
