SourceAccessError:0.6766666666666666
DefaultMappingContext:0.37666666666666665
