EntryOperation:0.6433333333333333
PartitionWideEntryOperation:0.33
MultipleEntryOperation:0.30666666666666664
