Domain:0.5466666666666666
TupleDomain:0.3067063492063492
EffectivePredicateExtractor:0.30503968253968256
Visitor:0.30333333333333334
