GrizzlyAsyncHttpProvider:0.47333333333333333
SSLSwitchingEvent:0.43333333333333335
SwitchingSSLFilter:0.2966666666666667
EventHandler:0.25472222222222224
AsyncHttpClientTransportFilter:0.23933333333333331
GrizzlyWebSocketAdapter:0.22527777777777777
AsyncHttpClientFilter:0.22333333333333333
