CSSStyleSheetTest:0.6161111111111112
HtmlIsIndexTest:0.3647619047619048
