RecoveriesCollection:0.4633333333333333
IndicesClusterStateService:0.32666666666666666
RecoveryWhileUnderLoadTests:0.27
RecoveriesCollectionTests:0.24333333333333335
RecoveryTarget:0.15361111111111111
AsyncBroadcastAction:0.14333333333333334
