QueryProvider:0.67
OQLQueryProvider:0.36333333333333334
HQLQueryProvider:0.25666666666666665
