MarrNode:0.42333333333333334
ContentRenderer:0.35
Model:0.28
IndiNode:0.27666666666666667
FamNode:0.18333333333333332
MyNode:0.16111111111111112
Content:0.09611111111111112
