Property:0.6611111111111111
TClass:0.37222222222222223
FunctionalProperty:0.27051984126984113
DatatypeProperty:0.27051984126984113
Taxonomy:0.235
PropertyImpl:0.13666666666666666
TClassImpl:0.08333333333333333
ObjectPropertyImpl:0.04666666666666667
DatatypePropertyImpl:0.016666666666666666
ObjectProperty:0.006666666666666667
TransitiveProperty:0.0
SymmetricProperty:0.0
