BasePutOperation:0.44
MapTest:0.32
BaseRemoveOperation:0.25666666666666665
DataMapProxy:0.22666666666666666
MapProxySupport:0.19
DataSerializerMapHook:0.006666666666666667
