AbstractViewNode:0.48333333333333334
PersistenceService:0.46
AbstractViewEdge:0.10333333333333333
ViewMap:0.08666666666666667
ViewFactory:0.07611111111111112
CommentViewNode:0.06
DummyViewNode:0.0
BusinessObjectViewEdge:0.0
BusinessObjectViewNode:0.0
DummyViewEdge:0.0
