PlanFragment:0.7233333333333334
SubPlan:0.38
GraphvizPrinter:0.2783333333333333
PlanPrinter:0.225
