StreamInstanceArchiveFragmentReader:0.5366666666666666
ArchiveAndReplaySystemTest:0.48
ReplaySession:0.4266666666666667
