Ep:0.7219047619047619
Ec:0.5266666666666666
