AccessMatchValueReverseLookupRegistryTest:0.7365555555555555
StartServicesServlet:0.5932777777777778
