Namespace:0.54
AnnotationScanner:0.36142857142857143
ScannerEngine:0.22333333333333333
OnJsonObjectScanner:0.10333333333333333
OnEventScanner:0.07666666666666666
OnMessageScanner:0.06
OnConnectScanner:0.05333333333333334
OnDisconnectScanner:0.05333333333333334
