WriteConcern:0.8533333333333334
WriteConcernTest:0.04
DBOldTest:0.018333333333333333
