ComplexType:0.5233333333333333
CrawlerSettings:0.25666666666666665
DataContainer:0.25666666666666665
ModuleAttributeInfo:0.19666666666666666
AbstractSettingsHandler:0.17
CrawlSettingsSAXSource:0.16666666666666666
IntegerList:0.14333333333333334
CrawlerModule:0.06833333333333333
ListType:0.042777777777777776
XMLSettingsHandler:0.02
CrawlSettingsSAXHandler:0.006666666666666667
