NodeServiceImpl:0.44
PartitionService:0.38666666666666666
ClusterService:0.38666666666666666
BasePutOperation:0.30333333333333334
MapProxySupport:0.29333333333333333
FinalizeMigrationOperation:0.2733333333333333
NodeIOService:0.26666666666666666
Migrator:0.25083333333333335
MapTest:0.24
PutIfAbsentOperation:0.22
ObjectMapProxy:0.21333333333333335
ContainsKeyOperation:0.17666666666666667
RemoteOperationExecutor:0.16666666666666666
SetOperation:0.15
PutTransientOperation:0.14333333333333334
PutOperation:0.12
AssignPartitions:0.056666666666666664
