ContactManagerTopComponent:0.49333333333333335
AddContactAction:0.37
ContactsTableModel:0.36333333333333334
CustomerNode:0.12333333333333334
ShowContactsAction:0.08333333333333333
