Visitor:0.3
Formatter:0.23333333333333334
AstVisitor:0.19666666666666666
SymbolToInputRewriter:0.18333333333333332
ConstantExpressionVerifierVisitor:0.07
InputReferenceExtractor:0.02666666666666667
