Listener:0.3566666666666667
ObjectTreeAttribute:0.34
ObjectAttribute:0.18666666666666668
IdentityAccessor:0.15666666666666668
AttributeState:0.04
