AwsS3Service:0.49
TestAwsS3Service:0.33666666666666667
S3Repository:0.29
InternalAwsS3Service:0.16333333333333333
AbstractS3SnapshotRestoreTest:0.13333333333333333
