ImagePanel:0.5533333333333333
AnnotationPanel:0.37666666666666665
WindowingImagePanel:0.37333333333333335
SeriesPanel:0.20777777777777778
ApplicationFacade:0.16111111111111112
