GroupCullingTest:0.4033333333333333
Scene2dTest:0.4033333333333333
TableTest:0.37
TestGroup:0.16333333333333333
CullableActor:0.1
