CharSeq:0.36666666666666664
Array:0.32666666666666666
Vector:0.3
List:0.2966666666666667
Queue:0.28555555555555556
