ShadowApplication:0.43666666666666665
RobolectricConfig:0.3433333333333333
ConfigTestReceiver:0.3027420634920635
ShadowIntent:0.27666666666666667
ApplicationResolver:0.15333333333333332
RobolectricConfigTest:0.09
ApplicationResolverTest:0.04666666666666667
ReceiverAndIntentFilter:0.02
