ACache:0.49333333333333335
id:0.24444444444444444
layout:0.20333333333333334
MainActivity:0.18333333333333332
SaveObjectActivity:0.18
Utils:0.16666666666666666
SaveStringActivity:0.15333333333333332
SaveBitmapActivity:0.10666666666666667
string:0.06
drawable:0.03
menu:0.0
