TransformationTestSupport:0.5933333333333334
ExtentsStrategy:0.49333333333333335
Show:0.21
LuceneIndexXslTest:0.06
