MultiLayerNetwork:0.6433333333333333
ComputationGraph:0.59
Builder:0.25333333333333335
DefaultTrainerContext:0.24
PerformanceListener:0.1811111111111111
