LiteralExpression:0.45133333333333336
SelectClause:0.32666666666666666
SearchedCaseExpression:0.29333333333333333
SimpleCaseExpression:0.24
SearchedCaseNode:0.09
SimpleCaseNode:0.09
