Editor:0.43333333333333335
AJEdge:0.34
AJModel:0.31666666666666665
AJVertex:0.31333333333333335
StatePanel:0.25333333333333335
RulePanel:0.23
Imager:0.20666666666666667
AJCell:0.19333333333333333
GraphToTikz:0.18333333333333332
JVertexView:0.18
TypeJGraph:0.17833333333333334
EditorJModel:0.17333333333333334
RuleJGraph:0.16666666666666666
GraphJEdge:0.15666666666666668
StateJGraph:0.15333333333333332
EditableJVertex:0.15
TypePanel:0.14333333333333334
EditableJEdge:0.13666666666666666
EditGraphAction:0.13333333333333333
