WebCfgDelegate:0.7433333333333333
WebCfgService:0.5927777777777777
AEListPanel:0.4066666666666667
