TransportSQLActionTest:0.6177777777777778
TransportSQLActionClassLifecycleTest:0.365
CrateClientTest:0.2866666666666667
