Robot:0.64
WidgetTester:0.37666666666666665
DefaultWidgetFinder:0.35333333333333333
Step:0.26
DecorationsTracker:0.26
MenuItemTester:0.22666666666666666
SWTHierarchy:0.21
TextTester:0.21
LabelTester:0.20333333333333334
DefaultWidgetFinderTest:0.2
TreeItemTest:0.19666666666666666
SWTPatchTest1:0.14666666666666667
ButtonTester:0.11
