ComputationGraph:0.7066666666666667
SymmetricTrainer:0.3233333333333333
VariationalAutoencoder:0.2733333333333333
ParallelWrapper:0.25
BaseOptimizer:0.23333333333333334
DefaultStepFunction:0.23111111111111116
StochasticGradientDescent:0.22
