WordSense:0.18944444444444442
Synset:0.18944444444444442
Relation:0.04666666666666667
Word:0.04666666666666667
WordNet:0.04666666666666667
SemanticRelation:0.03
LexicalRelation:0.03
Adjective:0.0011111111111111111
Verb:0.0011111111111111111
VerbFrame:0.0011111111111111111
