JavaBeanDeserializer:0.53
ParserConfig:0.51
ASMDeserializerFactory:0.5033333333333333
TestASM_primitive:0.11333333333333333
