BootstrapDrawableFactory:0.6433333333333333
BootstrapDropDown:0.27
BootstrapAlert:0.26
BootstrapButton:0.26
BootstrapCircleThumbnailExample:0.21333333333333335
BootstrapLabel:0.21333333333333335
BootstrapThumbnail:0.21333333333333335
BootstrapBadge:0.20333333333333334
BootstrapEditText:0.20333333333333334
BootstrapThumbnailExample:0.19666666666666666
BootstrapCircleThumbnail:0.16833333333333333
DividerView:0.16333333333333333
BaseActivity:0.11333333333333333
BootstrapWell:0.11
BootstrapAlertExample:0.07666666666666666
