PosBottomHalf:0.83
KeyEventTranslator:0.33666666666666667
KeyEventWorkaround:0.31777777777777777
PositionManager:0.2733333333333333
