ApplicationEntityManagerImpl:0.5744444444444444
DataModelLoader:0.3283333333333333
