FieldMatcher:0.5866666666666667
PassiveStatusConfigFactory:0.44
PassiveStatusKeeperTest:0.24
EventHandler:0.14
ParameterMatcher:0.10333333333333333
AttributeMatcher:0.01
