MboxTestIncrementalCrawlerHandler:0.5359444444444444
MboxCrawler:0.3586111111111111
TestMboxCrawler:0.2833333333333333
