TokenCountFieldMapper:0.5233333333333333
TokenCountFieldMapperIntegrationIT:0.44333333333333336
Builder:0.2866666666666667
TypeParser:0.13333333333333333
TokenCountFieldMapperTests:0.09
Defaults:0.04666666666666667
