FOXMLDOSerializer:0.49166666666666664
METSLikeDOSerializer:0.3283333333333333
METSFedoraExtDOSerializer:0.31666666666666665
