Actor:0.71
ActorImpl:0.3566666666666667
RemoteActor:0.35333333333333333
LostActor:0.30044444444444446
FakeActor:0.2866666666666667
ActorRef:0.26
ActorRefDelegate:0.13666666666666666
