PeerFilterProvider:0.5921666666666668
Wallet:0.5311111111111111
FilterMerger:0.26666666666666666
BitcoindComparisonTool:0.19777777777777777
