CurrentBufferSet:0.63941276
BufferListSet:0.5983831
SearchAndReplace:0.1846375
SearchDialog:0.13101257
HyperSearchRequest:0.07779008
View:0.06126391
