LinkedPolicy:0.6358333333333334
Simulator:0.48
PolicyActor:0.3466666666666667
