SphinxWrapper:0.41333333333333333
CrawlPR:0.17333333333333334
