TermBean:0.5866666666666667
TermBeanI:0.5268888888888889
