AbstractDbDialect:0.5383333333333333
OracleDbDialect:0.38666666666666666
MySqlDbDialect:0.26
SqlTemplate:0.24666666666666667
H2DbDialect:0.23666666666666666
