DefaultManagement:0.6111111111111112
TestRelationships:0.5721666666666667
