DomNode:0.33666666666666667
HTMLElement:0.33666666666666667
HtmlImage:0.27666666666666667
Element:0.24666666666666667
CSSStyleSheet:0.2313888888888889
BaseFrameElement:0.19555555555555557
HtmlScript:0.19333333333333333
