AbstractShapeFigure:0.66
LineFigure:0.21722222222222218
CircleFigure:0.20666666666666667
RectangleFigure:0.20666666666666667
TextFigure:0.20666666666666667
LabelFigure:0.20666666666666667
EllipseFigure:0.20666666666666667
Connector:0.03
LineConnectionFigure:0.023333333333333334
ConnectionFigure:0.0
