ShadowWrangler:0.4666666666666667
ManifestFactory:0.21
BuckManifestFactory:0.15
ResMap:0.11666666666666667
