ColumnHandle:0.7305555555555555
TableHandle:0.7305555555555555
NativeColumnHandle:0.34
NativeTableHandle:0.34
