ResourceLoader:0.8633333333333333
plurals:0.4442619047619048
ShadowResources:0.4166666666666667
