ServletKeyBindingBuilderImpl:0.5036111111111111
FilterKeyBindingBuilderImpl:0.5036111111111111
