AbstractTypeDescriptionGenericTest:0.4533333333333333
OfNonGenericType:0.38
ForLoadedType:0.37666666666666665
OfParameterizedType:0.35333333333333333
Visitor:0.34
LazyNonGenericReceiverType:0.3324444444444445
ForTypeAnnotations:0.3121666666666667
OfWildcardType:0.2966666666666667
OfTypeVariable:0.2966666666666667
LazyProjection:0.2966666666666667
Symbolic:0.2966666666666667
OfGenericArray:0.2833333333333333
Latent:0.28
RetainedTypeVariable:0.27
LazyPrimitiveType:0.24666666666666667
OfErasure:0.23666666666666666
RawAnnotatedType:0.23166666666666666
MethodHandle:0.21666666666666667
Default:0.21333333333333335
ByteBuddy:0.2
LazyParameterizedType:0.19
AbstractBase:0.18666666666666668
ForGenerifiedErasure:0.16833333333333333
LazyParameterizedReceiverType:0.165
ForLoadedSuperClass:0.10333333333333333
TypeVariableReviser:0.1
Bar:0.08333333333333333
SimpleTypeVariableType:0.07
TransformerForMethodTest:0.034444444444444444
TransformerForFieldTest:0.034444444444444444
ForTypeDefinition:0.006666666666666667
Foo:0.0025
