DaoAuthenticationProvider:0.5963333333333334
DaoAuthenticationProviderTests:0.44333333333333336
MockAuthenticationDaoReturnsNull:0.07
