TextFieldWidget:0.5566666666666666
ChoiceWidget:0.39666666666666667
