AudioServiceManager:0.34
AudioService:0.3233333333333333
CommunicationPreferencePage:0.31333333333333335
PreferenceUtils:0.23333333333333334
SessionViewToolBar:0.17666666666666667
SessionView:0.17
MixerManager:0.14333333333333334
PreferenceInitializer:0.05333333333333334
VoIPAction:0.02666666666666667
AudioSettings:0.023888888888888887
AudioReceiverRunnable:0.023333333333333334
AudioSenderRunnable:0.02
AudioRecorder:0.016666666666666666
AudioPlayer:0.013333333333333334
PreferenceConstants:0.0033333333333333335
VoIPSessionObservable:0.0
