QedeqConfig:0.7866666666666666
QedeqConfigTest:0.38
KernelSeConfigTestSuite:0.24333333333333335
