ReflectionUtils:0.6266666666666667
AnnotationUtilsTests:0.49333333333333335
AnnotationUtils:0.4922222222222223
AnnotationSupportTests:0.24666666666666667
ReflectionSupportTests:0.16777777777777778
AnnotationSupport:0.14666666666666667
ReflectionSupport:0.1
