BitmapFont:0.5633333333333334
Sprite:0.56
BitmapFontCache:0.3433333333333333
BitmapFontFlipTest:0.25
BitmapFontTest:0.25
