IntTokenStream:0.5033333333333333
BufferedTokenStream:0.43833333333333335
UnbufferedTokenStream:0.26
TokenStream:0.22166666666666668
