ConsoleServerHandler:0.56
GaConsoleOutputer:0.30444444444444446
GaConsoleInputer:0.2608333333333333
MonitorCommand:0.16666666666666666
