MapService:0.61
MapStoreWrapper:0.46
MapContainer:0.24666666666666667
MapProxySupport:0.22666666666666666
MapLoadAllTask:0.15444444444444444
QueryOperation:0.11222222222222221
