FedoraAccessSoapServlet:0.8466666666666667
DefaultBehaviorImpl:0.5833333333333334
