TestAmountResourceTypeStorage:0.6627777777777778
ConstructionManagerTest:0.4533333333333333
