TestDescriptor:0.6333333333333333
AbstractTestDescriptor:0.4666666666666667
TestPlan:0.26666666666666666
TestExecutionSummary:0.1875
