jOOQAbstractTest:0.4633333333333333
FunctionTests:0.45666666666666667
jOOQFirebirdTest:0.41333333333333333
DataTypeTests:0.27666666666666667
