Transport:0.6033333333333334
Adapter:0.4033333333333333
TransportServiceAdapter:0.285
CapturingTransport:0.27666666666666667
TcpTransport:0.2733333333333333
TCPTransportTests:0.25333333333333335
TransportService:0.23333333333333334
AbstractSimpleTransportTestCase:0.20638888888888887
MockTransport:0.19666666666666666
DelegateTransport:0.17666666666666667
FailAndRetryMockTransport:0.17333333333333334
MockTcpTransport:0.15333333333333332
Netty4MessageChannelHandler:0.12333333333333334
Netty4Transport:0.11666666666666667
SendListener:0.06333333333333334
SendMetricListener:0.03333333333333333
