User:0.5033333333333333
IRosterListener:0.4288571428571428
InvitationDialog:0.4033333333333333
RosterView:0.22666666666666666
Listener:0.22
SessionManager:0.21666666666666667
XMPPChatTransmitter:0.21
SessionView:0.20666666666666667
RosterTracker:0.19666666666666666
TreeContentProvider:0.19305555555555554
SessionRosterListener:0.18166666666666667
SessionLabelProvider:0.17333333333333334
SarosRosterListener:0.17
ViewLabelProvider:0.16
DiscoveryManager:0.14642857142857144
DeferredValueChangeListener:0.11222222222222224
LocalPresenceTracker:0.09
DispatchingRosterListener:0.01777777777777778
PrecedenceRosterListenerComparator:0.01611111111111111
TotalOrderComparator:0.0033333333333333335
