Rewriter:0.65
AddExchanges:0.37
FeaturesConfig:0.21333333333333335
TestFeaturesConfig:0.19
SystemSessionProperties:0.17666666666666667
PlanOptimizersFactory:0.13
