AbstractOsgiTests:0.41333333333333333
OsgiServiceProxyFactoryBean:0.38333333333333336
MyService2Impl:0.38
EquinoxPlatform:0.2833333333333333
OsgiServiceInterceptor:0.24333333333333335
KnopflerfishPlatform:0.20277777777777778
OsgiServiceInterceptorTest:0.14333333333333334
Cardinality0to1Test:0.13294444444444445
MyService2:0.013333333333333334
