CSGEvaluatorDialog:0.7
CSGEvaluatorTool:0.43166666666666664
CSGEvaluatorPlugin:0.37333333333333335
