GroupManager:0.6833333333333333
AddNewGroupServlet:0.38333333333333336
RenameGroupServlet:0.2633333333333333
