Joiner:0.7066666666666667
TcpIpConnectionManager:0.37333333333333335
TcpIpJoiner:0.36
IOService:0.3495
NodeIOService:0.28
AbstractJoiner:0.22
MockJoiner:0.13361111111111112
GroupMismatchOperation:0.13333333333333333
