PresenceInfo:0.5722222222222222
PresenceManager:0.4211111111111112
CommonDependencyInjection:0.36666666666666664
PresenceManagerImpl:0.17666666666666667
PresenceManagerImplMBean:0.13
