KeyedFilter:0.35333333333333333
FilterAggregatorBuilder:0.35333333333333333
FilterIT:0.25333333333333335
FilterParser:0.17333333333333334
FiltersIT:0.15666666666666668
