FlowExecutionImpl:0.8866666666666667
TransitionExecutingStateExceptionHandlerTests:0.23833333333333334
