Robolectric:0.5111111111111111
TestUtil:0.4066666666666667
ShadowIntent:0.30666666666666664
ShadowResources:0.26666666666666666
ShadowApplication:0.26666666666666666
ShadowImageView:0.23
ShadowView:0.20666666666666667
ShadowActivity:0.20666666666666667
ShadowBitmapDrawable:0.17666666666666667
ShadowPaint:0.17333333333333334
ShadowMotionEvent:0.17333333333333334
RobolectricWiringTest:0.15333333333333332
IntentTest:0.11666666666666667
ShadowCanvas:0.1
ActivityTest:0.09333333333333334
BitmapDrawableTest:0.08
