InternalEngine:0.6533333333333333
InternalEngineTests:0.32666666666666666
IndexingAction:0.30666666666666664
EngineTestCase:0.28
LiveVersionMap:0.27666666666666667
IndexLevelReplicationTests:0.22333333333333333
LiveVersionMapTests:0.14666666666666667
