Channel:0.45666666666666667
Network:0.3566666666666667
ARINCLayer:0.3566666666666667
AbstractLayer:0.22333333333333333
AbstractEventQueue:0.21333333333333335
ServerConfiguration:0.21
ServerConfigurationParser:0.19666666666666666
OutputEventQueue:0.16333333333333333
NetworkHandler:0.15
ConfigProperties:0.14666666666666667
DefaultEventQueue:0.12
EventProcessor:0.11666666666666667
CockpitConstants:0.07
