Term:0.49666666666666665
PersonNatureAttr:0.3333333333333333
PersonRecognition:0.2733333333333333
MyStaticValue:0.26666666666666666
DATDictionary:0.21555555555555558
MathUtil:0.195
Graph:0.15333333333333332
NumRecognitionTest:0.11
PersonNode:0.03333333333333333
