UpdateDetailsI:0.48633333333333334
AnnotationEditor:0.48333333333333334
AnnotationUpdateEvent:0.4633333333333333
TransactionSubpart:0.35333333333333333
FeatureEditorDialog:0.31333333333333335
TransactionManager:0.24111111111111114
