MapperTestUtils:0.58
LanguageDetectionAttachmentMapperTests:0.18666666666666668
MetadataMapperTest:0.18666666666666668
DateAttachmentMapperTests:0.045277777777777785
SimpleAttachmentMapperTests:0.037222222222222226
EncryptedDocMapperTest:0.02666666666666667
MultifieldAttachmentMapperTests:0.023333333333333334
