Injector:0.6033333333333334
Linker:0.38
InjectorTest:0.30666666666666664
