IndexShard:0.43666666666666665
EngineConfig:0.37333333333333335
TranslogConfig:0.36
MockController:0.31
IndexingMemoryController:0.25333333333333335
IndexShardTests:0.23
ShadowEngine:0.21111111111111108
ShardsIndicesStatusChecker:0.21
IndexingMemoryControllerTests:0.19666666666666666
