LoginForm:0.8566666666666667
LoginAction:0.2633333333333333
