RIDSupport:0.75
ECGSupport:0.39666666666666667
RIDService:0.35333333333333333
