AntLargeTest:0.41333333333333333
MigrateTask:0.32
MavenLargeTest:0.23
AbstractMigrationLoadingTask:0.14666666666666667
