ServiceRequestImpl:0.7116666666666667
MockRequest:0.42333333333333334
