BuildingManager:0.58
Building:0.4066666666666667
MainWindowFX:0.3433333333333333
LifeSupport:0.32666666666666666
ThermalSystem:0.30666666666666664
Heating:0.29
TabPanelThermalSystem:0.20111111111111113
BuildingPanel:0.19666666666666666
HeatTableModel:0.16666666666666666
