IndiNode:0.42
Model:0.2833333333333333
FamNode:0.22333333333333333
MouseGlue:0.19777777777777777
MarrNode:0.19333333333333336
ContentRenderer:0.14
TreeView:0.11333333333333333
ModelListener:0.08316666666666667
DummyNode:0.05
