ProjectXMLHelper:0.2966666666666667
Builder:0.29333333333333333
PauseBuilder:0.29
AntBuilder:0.25333333333333335
AntBuilderTest:0.07666666666666666
PauseBuilderTest:0.056666666666666664
