TableInformation:0.7755555555555556
IdentifierHelper:0.7
InformationExtractorJdbcDatabaseMetaDataImpl:0.38333333333333336
NormalizingIdentifierHelperImpl:0.34
TableInformationImpl:0.30666666666666664
TargetDatabaseImpl:0.19
InformationExtractor:0.17922222222222223
SequenceInformationExtractorLegacyImpl:0.16
SequenceInformationExtractorH2DatabaseImpl:0.12333333333333334
