Mars:0.78
TabPanelTow:0.6266666666666667
VehicleWindow:0.2733333333333333
