HashID:0.49333333333333335
ValidationAuthorityTst:0.34
VAConfiguration:0.2542063492063492
CertStoreServlet:0.21333333333333335
CRLStoreServlet:0.20666666666666667
CrlStoreServletTest:0.16
CertFetchAndVerify:0.15
StoreServletBase:0.11333333333333333
