OutgoingBatchService:0.43666666666666665
IncomingBatchService:0.43333333333333335
IOutgoingBatchService:0.27166666666666667
IncomingBatchServiceSqlMap:0.26666666666666666
OutgoingBatchServiceSqlMap:0.26666666666666666
IIncomingBatchService:0.14416666666666667
