AbstractJob:0.4533333333333333
KeyValueJob:0.38333333333333336
MapReduceDataSerializerHook:0.2866666666666667
ClientJob:0.18333333333333332
