CAInterfaceBean:0.4266666666666667
AdminCertReqServlet:0.25333333333333335
CAAuthorization:0.23333333333333334
CAInfoView:0.20666666666666667
CADataHandler:0.20083333333333334
PublisherDataHandler:0.19333333333333333
CertificateProfileDataHandler:0.17666666666666667
CACertServlet:0.16333333333333333
CACertReqServlet:0.16333333333333333
CertificateProfileNameProxy:0.16
GetCRLServlet:0.14333333333333334
EndEntityCertServlet:0.13666666666666666
