FluxSceneBuilder:0.42333333333333334
GPUFluxLightModel:0.37333333333333335
JOCLCore:0.26
MeasurementAggregater:0.2594444444444445
FluxSpectrum:0.14
RGBMeasurement:0.1276190476190476
IntegralMeasurement:0.1276190476190476
SpectralMeasurement:0.1276190476190476
Measurement:0.03666666666666667
