InternalTDigestPercentiles:0.26666666666666666
InternalHDRPercentiles:0.26666666666666666
AbstractInternalHDRPercentiles:0.25666666666666665
PercentileRanksAggregationBuilder:0.25416666666666665
PercentilesAggregationBuilder:0.25416666666666665
SearchModule:0.25
ValueCountAggregationBuilder:0.23333333333333334
InternalHDRPercentileRanks:0.20666666666666667
InternalTDigestPercentileRanks:0.20666666666666667
InternalValueCount:0.18
AbstractInternalTDigestPercentiles:0.18
AggregationSpec:0.0
