QueryFragmentFunctions:0.8366666666666667
InlineVisitor:0.4533333333333333
