XWorkConverter:0.5669444444444444
DefaultConversionPropertiesProcessor:0.24555555555555558
