Constants:0.6822777777777778
OLParser:0.4066666666666667
TypeDefinition:0.38666666666666666
TypeChoiceDefinition:0.3433333333333333
TypeInlineDefinition:0.23194444444444448
