SeqFeatureI:0.8541666666666666
ChadoTransactionTransformer:0.44666666666666666
SeqFeature:0.38666666666666666
Exon:0.33666666666666667
Operation:0.30333333333333334
