BarnesHutTsne:0.6333333333333333
Builder:0.3822222222222222
BarnesHutTsneTest:0.23355555555555554
