AbstractFlowBuilder:0.6615555555555556
XmlFlowBuilder:0.4743333333333334
