ManageTodosAction:0.6161111111111112
TodosDecorator:0.5066666666666667
TuduExceptionHandler:0.3466666666666667
