TestEnhancer:0.49666666666666665
TestKeyFactory:0.2733333333333333
TestMixin:0.2733333333333333
TestProxy:0.2733333333333333
TestFastClass:0.2733333333333333
CodeGenTestCase:0.185
