WebKeys:0.5910000000000001
MobileAjaxController:0.38666666666666666
DisplayConfiguration:0.31333333333333335
