HTMLElement:0.81
HTMLDocument:0.47333333333333333
HTMLElementTest:0.3333333333333333
