GPUFluxWhittedTracer:0.7633333333333333
GPUFluxLightTracer:0.10666666666666667
GPUFluxPathTracer:0.10666666666666667
