Emotion:0.5580555555555556
Emotions:0.4666666666666667
UserProcessor:0.45
