ObjectNode:0.5855555555555556
DashBoardTopComponent:0.2866666666666667
CreateBusinessObjectAction:0.22333333333333333
RelateToContractAction:0.16666666666666666
MainTest:0.13577777777777778
