BeanDefinitionRegisteringConfigurationModelRenderer:0.5
LegacyReflectingJavaConfigBeanDefinitionReader:0.28
ConfigurationPostProcessor:0.25333333333333335
ReflectingJavaConfigBeanDefinitionReader:0.20333333333333334
ReflectiveSjc87Tests:0.14666666666666667
BeanDefinitionRegisteringConfigurationModelRendererTests:0.10666666666666667
AsmJavaConfigBeanDefinitionReader:0.10333333333333333
