MoveDownloadPriorityAction:0.5366666666666666
SWDownloadTab:0.33
BanHostAction:0.26
RemoveCandidateAction:0.25666666666666665
