FakeDNSServer:0.49666666666666665
Query:0.3711111111111111
DeploymentTest:0.31333333333333335
DeploymentManager:0.2275
DeploymentImpl:0.21333333333333335
