OrderDetail:0.4633333333333333
AbstractIntegrationTest:0.4033333333333333
TestTablesService:0.37
Order:0.30666666666666664
TestTablesServiceSqlMap:0.08666666666666667
