VersionUtils:0.5066666666666667
VersionTests:0.3522222222222222
RestoreBackwardsCompatIT:0.27
OldIndexBackwardsCompatibilityIT:0.26666666666666666
VersionUtilsTests:0.24333333333333335
