MethodCallTest:0.54
ForInstanceField:0.4166666666666667
InvisibleBase:0.03333333333333333
MethodCallWithThis:0.008981481481481483
InvisibleMethodCallWithField:0.008981481481481483
MethodCallWithField:0.008981481481481483
ExplicitTarget:0.008981481481481483
MethodCallAppending:0.006666666666666667
