Chromosome:0.41
Karyotype:0.2833333333333333
ChromosomeAdapter:0.24
SyntenyGFFAdapter:0.23666666666666666
ChromosomePanel:0.23
SyntenyLinkPanel:0.17
FullSyntenyPanel:0.12666666666666668
SyntenyMenu:0.05
ChromosomeBand:0.04666666666666667
