View:0.4766666666666667
Liferay51Style:0.3933333333333333
DataSourceConnectionProvider:0.31277777777777777
Tab:0.29333333333333333
Style:0.22333333333333333
Liferay43Style:0.2
CollectionElementViewBaseAction:0.09166666666666666
