RedisHelper:0.8466666666666667
RedisGenerator:0.3933333333333333
RedisMergeFSDbupdater:0.27666666666666667
