jOOQAbstractTest:0.4166666666666667
StringUtils:0.38
TableRecordImpl:0.2866666666666667
Value:0.28
UpdatableRecord:0.2678730158730158
CRUDTests:0.16
UpdatableRecordImpl:0.09666666666666666
TableRecord:0.09166666666666666
