FilterRenderer:0.6433333333333333
NeuralNetPlotter:0.43666666666666665
S3Downloader:0.12
