MultiSourceSelect:0.6366666666666667
InnerVisitor:0.2966666666666667
SelectAnalysis:0.19333333333333333
