ConvolutionUtils:0.47
Layer2D:0.4533333333333333
Kernel:0.35
ConvolutionNeuralNetworkTest:0.25
FeatureMapsLayer:0.24
InputMapsLayer:0.23555555555555552
ConvolutionNeuralNetwork:0.17666666666666667
FeatureMapTest:0.16333333333333333
ConvolutionLayer:0.16
ConvolutionLayerTest:0.12666666666666668
PoolingLayerTest:0.11
WeightVisualiser:0.09666666666666666
OCRExample:0.07666666666666666
PoolingLayer:0.06333333333333334
SimpleLearningExample:0.05333333333333334
CNNTestUtil:0.03166666666666667
