Robolectric:0.5966666666666667
FakeHttpLayer:0.24666666666666667
ShadowAdapterView:0.23
ShadowDialog:0.21
ShadowConnectivityManager:0.20333333333333334
DefaultRequestDirectorTest:0.15333333333333332
ShadowNetworkInfo:0.08
