EJBTest:0.29
Office2Key:0.26
ClerkKey:0.26
TransportChargeKey:0.26
ShipmentKey:0.26
DeliveryKey:0.2546666666666667
InvoiceKey:0.23800000000000002
AdditionalDetailKey:0.23800000000000002
WarehouseKey:0.23444444444444448
DrivingLicenceKey:0.23444444444444448
ServiceKey:0.23133333333333336
Family2Key:0.23133333333333336
StateKey:0.22611111111111115
CarrierKey:0.22611111111111115
OfficeKey:0.22611111111111115
DeliveryTypeKey:0.22611111111111115
CustomerKey:0.22611111111111115
InvoiceDetailKey:0.22611111111111115
Product3Key:0.22611111111111115
DeliveryDetailKey:0.22611111111111115
Subfamily2Key:0.22611111111111115
ReceptionistKey:0.22611111111111115
ServiceTypeKey:0.22611111111111115
FamilyKey:0.22611111111111115
ProductKey:0.22611111111111115
DeliveryPlaceKey:0.22611111111111115
Product2Key:0.22611111111111115
SellerKey:0.22611111111111115
SellerLevelKey:0.22611111111111115
FilterBySubfamilyKey:0.20722222222222222
SubfamilyKey:0.19466666666666665
