QueueContainer:0.39
QueueConfig:0.3
QueueService:0.25
ConfigXmlGenerator:0.24333333333333335
XmlConfigBuilder:0.24
XMLConfigBuilderTest:0.22666666666666666
QueueConfigTest:0.22166666666666668
QueueSplitBrainTest:0.2
SpringXmlConfigBuilder:0.19
TestFullApplicationContext:0.18666666666666668
ConfigXmlGeneratorTest:0.17944444444444446
SplitBrainEntryViews:0.16333333333333333
QueueConfigReadOnly:0.11
QueueConfigChecker:0.1
QueueDataSerializerHook:0.05
Merger:0.0033333333333333335
