Settings:0.44
jOOQAbstractTest:0.4166666666666667
DefaultRenderContext:0.31777777777777777
RenderAndBindTests:0.28
jOOQTest:0.14333333333333334
