JPPFDriver:0.505
JPPFJobManager:0.37333333333333335
ClassContext:0.3566666666666667
DriverJobManagement:0.31666666666666665
AcceptorContext:0.15333333333333332
