ItemOrientedStepTests:0.4944444444444444
StepExecutionTests:0.32666666666666666
SimpleExportedJobLauncherTests:0.22666666666666666
ItemOrientedStepIntegrationTests:0.18333333333333332
