AlgebraRegister:0.3433333333333333
CtrlAut:0.31333333333333335
CtrlArg:0.30333333333333334
StringSignature:0.20666666666666667
CtrlState:0.2
CtrlCall:0.19
CtrlTransition:0.16
CtrlVar:0.12666666666666668
CtrlType:0.12
