WorkflowProcessUtils:0.5433333333333333
WorkflowUtils:0.47
ObjectKeys:0.4032222222222222
BinderHelper:0.33
AbstractFolderModule:0.29333333333333333
AbstractEntryProcessor:0.29333333333333333
WebKeys:0.014285714285714285
