X509CAInfo:0.59
X509CA:0.52
CAAdminSessionBean:0.27166666666666667
TestCAs:0.26666666666666666
ProtocolOcspHttpTest:0.24583333333333332
CaInitCommand:0.11
PrintableStringEntryConverter:0.03
