EmbeddedCassandra:0.7533333333333333
TestCassandraConnector:0.37666666666666665
CassandraQueryRunner:0.20666666666666667
CassandraTestingUtils:0.20333333333333334
