RedissonSemaphore:0.38333333333333336
RedissonClient:0.37
RedissonQueue:0.3466666666666667
Redisson:0.3333333333333333
RedisCommands:0.2720555555555556
RQueueAsync:0.20716666666666667
