DashboardMainPage:0.29333333333333333
ReportPanel:0.26633333333333337
DynamicLinkPanel:0.235
ValidatorMessageLabel:0.22
SystemInfoPanel:0.21347619047619049
FileSystemPanel:0.21347619047619049
CreateOrEditReportPage:0.12333333333333334
