NettyAsyncHttpProvider:0.4166666666666667
RequestBuilder:0.3
NettyResponseFuture:0.27
EchoHandler:0.10666666666666667
ComplexClientTest:0.10666666666666667
