Decimals:0.6235555555555556
RecordPageSink:0.5083333333333333
