BorningException:0.5646666666666667
AnnotationIocLoader:0.4866666666666667
DynamicConstructorBorning:0.19
