TestParserExec:0.7266666666666667
TestSemPredEvalParser:0.7266666666666667
TestParserErrors:0.7266666666666667
TestCompositeParsers:0.4266666666666667
TestLeftRecursion:0.305
BaseTest:0.21
