ClassLifecycleIntegrationTest:0.6133333333333333
TransportSQLActionClassLifecycleTest:0.38
SysShardsTest:0.35333333333333333
NodeStatsTest:0.30666666666666664
