ChemObject:0.69
PDBReader:0.3566666666666667
ChemObjectTest:0.28
PDBReaderTest:0.24333333333333335
MonomerTest:0.21333333333333335
PolymerTest:0.20333333333333334
CDKTests:0.14
MockMolecule:0.0
