Context:0.5433333333333333
ClusteredServiceAgent:0.43666666666666665
SequencerAgent:0.25333333333333335
ServiceControlAdapter:0.23666666666666666
Configuration:0.16333333333333333
ActiveLog:0.15666666666666668
ServiceControlPublisher:0.15333333333333332
BoundedLogAdapter:0.0961111111111111
ServiceControlListener:0.085
