Default:0.4
Compound:0.3516666666666667
StreamWriting:0.24400000000000002
PoolStrategy:0.2392063492063492
Redefining:0.23333333333333334
AgentBuilderListenerTest:0.21333333333333335
AgentBuilderRedefinitionStrategyListenerTest:0.18
ByThrowableType:0.14333333333333334
RedefinitionListenable:0.0011111111111111111
