URIResultInfoRetriever:0.48333333333333334
SupplementalInfoRetriever:0.37333333333333335
SearchBookContentsActivity:0.31
ProductResultInfoRetriever:0.27
BookResultInfoRetriever:0.18
