CasOAuthConfiguration:0.5683333333333334
OidcConfiguration:0.518888888888889
CasOAuthWebflowConfiguration:0.19
