AnnotationBean:0.5733333333333334
Evidence:0.41
AddAnnotation:0.39
BeanFactory:0.37666666666666665
AnnotationBeanImpl:0.2833333333333333
NullBeanTest:0.27
AnnotationTable:0.25333333333333335
StorableAnnotationBeanImpl:0.23
AnnotationBeanTest:0.18333333333333332
PropagateAnnotation:0.14666666666666667
ArticleBeanTest2:0.145
UpdateAnnotation:0.145
AddAnnotationTest:0.13666666666666666
PropagateAnnotationsToGenes:0.10333333333333333
AddHitTest:0.10083333333333333
AnnotationEvidenceTable:0.050833333333333335
AnnotationBeanFactory:0.0033333333333333335
