JVertex:0.5133333333333333
LTSLabels:0.5033333333333333
JCell:0.49
Generator:0.44333333333333336
Exploration:0.43333333333333335
GTS:0.4266666666666667
Formula:0.4266666666666667
Groove:0.42
Grammar:0.41333333333333333
Aspect:0.4
Model:0.39666666666666667
GrammarModel:0.3933333333333333
ShapeGenerator:0.3466666666666667
JModel:0.3433333333333333
ExplorationReporter:0.3272804232804233
JGraph:0.3
ExprTree:0.2966666666666667
CTLMarker:0.29
PatternGraphGenerator:0.2866666666666667
ExplorationListener:0.2796190476190476
ExprLexer:0.27666666666666667
AbstractRuleEvent:0.27666666666666667
Transformer:0.2633333333333333
ExtensionFilter:0.26
ExprParser:0.25
ConfigDialog:0.24666666666666667
SimulatorModel:0.22
StatisticsReporter:0.22
DeprecatedGraphReporter:0.21444444444444444
LabelValue:0.21333333333333335
AJCell:0.21333333333333335
SaveLTSAsDialog:0.20666666666666667
ExploreAction:0.20333333333333334
AJVertex:0.2
ReteTool:0.2
StateDisplay:0.2
DeprecatedReteTool:0.19
ExpressionTest:0.19
TemplateList:0.18666666666666668
ExplorationTest:0.17666666666666667
DeprecatedImager:0.17333333333333334
LayoutAction:0.17
LTLTest:0.17
PatternShapeGenerator:0.16666666666666666
CTLModelChecker:0.16333333333333333
TransSystemChecker:0.16
TestShapeGenerator:0.15166666666666667
StrategyEnumerator:0.14666666666666667
AbstractLayouter:0.14333333333333334
FormatFilter:0.13166666666666665
TestPatternGraphGenerator:0.12666666666666668
AExplorationReporter:0.12
CompositeExtensionFilter:0.11333333333333333
GraphReporter:0.10333333333333333
CheckLTLAction:0.09
AcceptorEnumerator:0.09
GrammarsTest:0.08472222222222221
CheckCTLAction:0.08333333333333333
ZeroOneBranchTest:0.07666666666666666
CTLTest:0.07
ShapeTransformer:0.07
CompositeReporter:0.06666666666666667
SimpleExtensionFilter:0.06333333333333334
GenerateProgressListener:0.058333333333333334
SaveLTSAsAction:0.05777777777777779
ShapeLogReporter:0.05333333333333334
GeneratorHandler:0.05
LTSReporter:0.04277777777777778
GenerateProgressMonitor:0.03333333333333333
MultiplicityHandler:0.03
LogReporter:0.02
StateReporter:0.018333333333333333
FormulaHandler:0.01
LTSLabelsHandler:0.01
GeneratorArgs:0.0033333333333333335
