SeqFeature:0.47333333333333333
Commentator:0.29
GeneEditPanel:0.2733333333333333
FeatureEditorDialog:0.2633333333333333
TransactionUtil:0.24666666666666667
FeaturePair:0.19666666666666666
TransactionManager:0.19333333333333333
CommentChangeListener:0.09666666666666666
