AbstractServiceValidateController:0.4008333333333333
AbstractSamlProfileHandlerController:0.35833333333333334
SLOPostProfileHandlerController:0.23
RadiusTokenAuthenticationHandler:0.19666666666666666
IdPInitiatedProfileHandlerController:0.15666666666666668
