RedisClient:0.6233333333333333
ClientConnectionsEntry:0.44
ConnectionPool:0.2866666666666667
