ObjectKeys:0.5496507936507937
BinderHelper:0.41333333333333333
RelevanceDashboardHelper:0.4066666666666667
WorkspaceTreeHelper:0.3
