Build:0.75
BuildInformationRepository:0.5833333333333334
BuildDetail:0.28
BuildInformationRepositoryInMemoImpl:0.26666666666666666
BuildSummariesService:0.20333333333333334
BuildLoopQueryServiceStub:0.20333333333333334
BuildSummariesServiceTest:0.18666666666666668
BuildLoopQueryService:0.17
BuildSummary:0.16666666666666666
JmxConnectionCacheServiceTest:0.15
BuildLoopQueryServiceTest:0.14
JmxConnectionCacheService:0.12
