CompletableEntityStore:0.2866666666666667
SingleEntityStoreFromBlocking:0.2866666666666667
EntityDataStore:0.22
CompletionStageEntityStore:0.2
SingleEntityStore:0.2
BlockingEntityStore:0.14416666666666667
EntityStore:0.14416666666666667
