InterceptorChain:0.5472222222222222
AbstractClassAgent:0.5213888888888889
