MessageDispatcherServlet:0.64
MessageDispatcher:0.43666666666666665
SoapMessageDispatcher:0.21333333333333335
MessageDispatcherServletTest:0.20666666666666667
DefaultStrategiesHelper:0.11666666666666667
MessageDispatcherTest:0.08
DefaultStrategiesHelperTest:0.03666666666666667
