TransportSet:0.55
TransportSetTest:0.31333333333333335
TransportListener:0.25
BaseTransportListener:0.20944444444444446
ManagedChannel:0.13222222222222224
