AntScript:0.58
AntScriptTest:0.47
ProcessesTest:0.20666666666666667
CloseAwareInputStream:0.17333333333333334
CurrentBuildStatusBootstrapperTest:0.08333333333333333
