PatternLogger:0.5066666666666667
DummyPatternLogger:0.4745555555555557
OCSPServletBase:0.3933333333333333
TransactionLoggerFactory:0.16
AuditLoggerFactory:0.04666666666666667
