CaptureActivity:0.54
Scan:0.5239047619047619
CaptureActivityHandler:0.2866666666666667
DecodeThread:0.22333333333333333
