OutRunnable:0.4533333333333333
ConnectionManager:0.45
HazelcastClient:0.43666666666666665
InRunnable:0.3433333333333333
