ExampleConnectorFactory:0.3333333333333333
ExamplePlugin:0.3233333333333333
ExampleModule:0.30333333333333334
TypeDeserializer:0.20333333333333334
