CreateRelationship:0.7366666666666667
CreateEntity:0.506388888888889
