ActivityStreamCtrl:0.48333333333333334
ActivityStreamTopEntry:0.31
ActivityStreamUIEntry:0.29
ActivityStreamReply:0.19333333333333333
