ViewUtil:0.36666666666666664
FormPresentationUtils:0.36333333333333334
AjaxCommand:0.3272804232804233
Utils:0.325
FormSubmissionUtils:0.2833333333333333
WebResources:0.2061111111111111
JMSUtil:0.18338888888888888
ViewLogsAction:0.18333333333333332
InitializerLogic:0.16666666666666666
FormParser:0.16566666666666666
ChooseActorByRelationTag:0.15666666666666668
WFFormTag:0.13666666666666666
EditLinkedListsTag:0.12833333333333333
BaseProcessFormAction:0.12333333333333334
EjbTransactionSupport:0.11666666666666667
TaskHandlerClassesInformation:0.11333333333333333
Resources:0.09666666666666666
TypeConversionUtil:0.09333333333333334
HtmlFilterTag:0.09
TaskFormBuilder:0.07666666666666666
ReceiveMessageBean:0.07666666666666666
StartFormBuilder:0.07666666666666666
FreemarkerStartFormBuilder:0.07333333333333333
FreemarkerTaskFormBuilder:0.07333333333333333
BaseTaskFormBuilder:0.07333333333333333
GroupMembersTag:0.056666666666666664
IOCommons:0.056666666666666664
AjaxCommandServlet:0.04
ChooseByRelationTagBase:0.0033333333333333335
ChooseExecutorByRelationTag:0.0
JsonAjaxCommand:0.0
GetParamDialogDataAjaxCommand:0.0
ChooseExecutorFromRelationTag:0.0
