Protocol:0.5647222222222222
HostAndPort:0.44
HostAndPortUtil:0.3466666666666667
MasterListener:0.28
JedisSentinelTest:0.27
