Name:0.6072222222222222
DSLContext:0.49366666666666664
DSL:0.4633333333333333
WithImpl:0.2966666666666667
NameImpl:0.2833333333333333
DefaultDSLContext:0.25333333333333335
WithStep:0.23666666666666666
DerivedColumnListImpl:0.21333333333333335
