CropTableModel:0.3616666666666667
PowerTableModel:0.3616666666666667
ResourceProcessPanel:0.295
NavigatorWindow:0.24333333333333335
SalvagePanel:0.18
CreditTabPanel:0.17
ResourceProcessesTabPanel:0.16
FarmingBuildingPanel:0.15666666666666668
ManufacturePanel:0.11666666666666667
PowerGridTabPanel:0.10333333333333333
