JobExecution:0.49
JobInstance:0.46
StepInstance:0.43333333333333335
JobInstanceTests:0.2833333333333333
StepInstanceTests:0.24333333333333335
