Wallet:0.5533333333333333
DeterministicKeyChain:0.43
ECKey:0.37222222222222223
BasicKeyChain:0.31666666666666665
KeyChainGroup:0.2966666666666667
BasicKeyChainTest:0.22666666666666666
BloomFilterTest:0.22
WalletTest:0.15333333333333332
KeyChainGroupTest:0.10666666666666667
