PrintDialog:0.1224142
PrintPreviewPanel:0.07472212
ComponentPrintInfo:0.02715736
