NetSocketImpl:0.686888888888889
WebSocketImpl:0.4326666666666667
