MetadataBuilder:0.7256944444444445
MetadataBuildingOptions:0.7256944444444445
AnnotationBinder:0.44666666666666666
MetadataBuildingOptionsImpl:0.41
MetadataBuilderImpl:0.31
