HtmlChoiceWriter:0.523
InputTag:0.38166666666666665
choiceEditor:0.25333333333333335
OptionTag:0.22
ChoiceSet:0.21333333333333335
