DisplayLeakActivity:0.5966666666666667
DisplayLeakAdapter:0.3
LeakListAdapter:0.2288888888888889
DisplayLeakService:0.19333333333333333
AndroidHeapDumper:0.16
