ClientTransportModule:0.44333333333333336
NodeClientModule:0.44333333333333336
InternalTransportClient:0.38666666666666666
InternalTransportClusterAdminClient:0.2966666666666667
InternalTransportIndicesAdminClient:0.2966666666666667
NodeClient:0.25666666666666665
TestIteration:0.23666666666666666
NodeClusterAdminClient:0.15666666666666668
NodeIndicesAdminClient:0.15666666666666668
