GenerateUtf8Test:0.41
GenerateLatexTest:0.19666666666666666
KernelBoServiceLatexTestSuite:0.19666666666666666
KernelBoTestSuite:0.16111111111111112
Qedeq2UnicodeTextExecutorTest:0.07
ExtendedGenerateLatexTest:0.02666666666666667
