Page:0.53
PageFetchResult:0.48
WebCrawler:0.2833333333333333
Downloader:0.25777777777777783
RobotstxtServer:0.22111111111111115
