Document:0.49333333333333335
HtmlPage:0.4866666666666667
SgmlPage:0.38333333333333336
XmlPage:0.30333333333333334
