Binder:0.7366666666666667
AuditTrail:0.37333333333333335
DefinableEntity:0.37111111111111117
