State:0.6452222222222223
InjectorImpl:0.5033333333333333
InheritingState:0.22666666666666666
Instance:0.2
ModulesBuilder:0.19
