Account:0.5733333333333334
KeyRing:0.5133333333333333
SuperUser:0.23833333333333334
KeyRingTest:0.19
