PlayUIServer:0.5273333333333333
UIServer:0.49
RemoteUIStatsStorageRouter:0.25333333333333335
