AutomationProcessor:0.5066666666666667
Vacuumd:0.43
VacuumdConfigFactory:0.3433333333333333
VacuumdTest:0.19666666666666666
