Configuration:0.51
Resource:0.3433333333333333
Starter:0.3272804232804233
Lib:0.30333333333333334
Util:0.26666666666666666
DatabaseLib:0.22333333333333333
GuiBuilder:0.20666666666666667
ObjectInfo:0.2063968253968254
Precon:0.2063968253968254
Import:0.19907936507936508
MetadataLib:0.19
ConfigLib:0.19
Messages:0.17666666666666667
TextLib:0.16
App:0.13766666666666666
Setup:0.10922222222222222
SampleData:0.10527777777777778
CreateDB:0.09676984126984127
SiteLib:0.08833333333333332
Cli:0.08083333333333333
SqlType:0.07
MefLib:0.07
LogLib:0.058333333333333334
Gast:0.058333333333333334
MySQLPanel:0.05333333333333334
ConfigPanel:0.05
OldConfigLib:0.05
GNSource:0.04777777777777779
OraclePanel:0.043333333333333335
FormPanel:0.04
AccountPanel:0.03666666666666667
EmbeddedDBLib:0.035
GuiLib:0.03333333333333333
EmbeddedSCLib:0.03333333333333333
ImportField:0.02666666666666667
MainFrame:0.023333333333333334
PostgresPanel:0.023333333333333334
ImportHandler:0.023333333333333334
Codec:0.02
EmbeddedPanel:0.02
GenericPanel:0.02
ViewPanel:0.016666666666666666
ConfigDialog:0.015
DdfLoader:0.013333333333333334
Worker:0.013333333333333334
UserDialog:0.013333333333333334
ComboInfo:0.01
MainPanel:0.01
ServerPanel:0.01
WorkPanel:0.006666666666666667
SearchPanel:0.006666666666666667
Entity:0.0033333333333333335
ServerLib:0.0033333333333333335
IOLib:0.0033333333333333335
XMLLib:0.0
ProfileLib:0.0
SqlMapper:0.0
ServiceLib:0.0
