AtmosphereResourceEventListener:0.5205555555555557
AtmosphereResourceEvent:0.46
AtmosphereResourceImpl:0.4266666666666667
WebSocketEventListenerAdapter:0.3233333333333333
AtmosphereResourceEventImpl:0.31666666666666665
AtmosphereResourceListenerTest:0.15
HeartbeatInterceptor:0.14
AtmosphereResourceEventListenerAdapter:0.11944444444444442
