Callback:0.5666666666666667
CallBehaviorAdapter:0.35333333333333333
RetrofitTest:0.2966666666666667
CallTest:0.23333333333333334
BehaviorCall:0.21666666666666667
OkHttpCall:0.19333333333333333
MockRetrofitTest:0.16
ExecutorCallAdapterFactoryTest:0.15
Calls:0.09666666666666666
MethodHandler:0.09
SimpleMockService:0.07666666666666666
MockGitHub:0.03666666666666667
ExecutorCallback:0.016666666666666666
