HibernateSFManager:0.4716666666666667
ErrorFormatter:0.39666666666666667
DbConnectionProvider:0.31
