NutDao:0.6066666666666667
SqlMaker:0.44666666666666666
