JdbcTests:0.5433333333333333
QueryExecutors:0.2290158730158731
CreateTableTests:0.2
AlterTableTests:0.16
SystemConnectorTests:0.10333333333333333
QueryStatsClientModuleProvider:0.1
