GraphJGraph:0.4066666666666667
SimulatorModel:0.35
DefaultFileSystemStore:0.34
SystemStore:0.3
FindReplaceDialog:0.25666666666666665
Simulator:0.25666666666666665
PlanSearchEngine:0.19333333333333336
AcceptorEnumerator:0.18666666666666668
