JobCollectContext:0.48333333333333334
PageDownstreamContext:0.45666666666666667
AbstractExecutionSubContext:0.31
UpsertByIdContext:0.23194444444444448
NestedLoopContext:0.17077777777777778
CountContextTest:0.15
