IRubyElement:0.37
IRubyScript:0.235
IRubyType:0.19166666666666668
ISourceImport:0.04666666666666667
IMember:0.013333333333333334
IImportDeclaration:0.0011111111111111111
IImportContainer:0.0
