RecursiveTreeObject:0.5666666666666667
RecursiveTreeItem:0.44
JFXTreeTableView:0.4083333333333333
