GanttChartDiv:0.5766666666666667
GanttView:0.2633333333333333
