TestClass:0.30666666666666664
AnnotationTest:0.28
SubShadowing:0.2
FrameworkField:0.19
FrameworkMethod:0.19
FrameworkMember:0.17666666666666667
SuperShadowing:0.16666666666666666
SubBridge:0.09333333333333334
SuperBridge:0.02666666666666667
