MethodDelegation:0.74
MethodContainer:0.3811111111111111
MethodDelegationObjectPropertiesTest:0.13333333333333333
MethodDelegationExceptionTest:0.13
