Latent:0.4666666666666667
ForWildcardType:0.45
ForSignatureVisitor:0.2866666666666667
TypeDescriptionForLoadedTypeTest:0.18333333333333332
TypePoolDefaultTypeDescriptionTest:0.15666666666666668
TypeDescriptionArrayProjectionTest:0.11
