IMultiUserChatListener:0.721388888888889
MessagingManager:0.39
MultiChatSession:0.36666666666666664
