CalendarWidget:0.8933333333333333
MonthView:0.4922222222222223
MainActivity:0.16
