SimulationConfig:0.5666666666666667
PreparingDessert:0.35333333333333333
TabPanelResourceProcesses:0.29333333333333333
