CodecModel:0.53
ParameterModel:0.5133333333333333
CodecCodeGenerator:0.49
EventModel:0.19476190476190475
EventResponseTemplate:0.17
ResponseMessageConst:0.0
