Order:0.44666666666666666
CommercialDocumentTest:0.29333333333333333
ProductTest:0.26
InvoicingDeleteSelectedAction:0.26
CustomerTest:0.18
OrderTest:0.17333333333333334
