UBJsonWriter:0.6366666666666667
LwjglDebugStarter:0.48333333333333334
UBJsonReader:0.35
