AvailCalculations:0.4033333333333333
AvailabilityData:0.38666666666666666
Bootstrap:0.29111111111111115
Executor:0.28
OutageSvcTimesList:0.25666666666666665
GlobalConfiguration:0.23333333333333334
EventIpcManagerDefaultImpl:0.23
Actiond:0.21833333333333332
IPPollAddress:0.19277777777777777
PropsMockSnmpMOLoaderImpl:0.19
ListenerThread:0.19
EventHandler:0.16666666666666666
Reaper:0.14
EventIpcManager:0.13753968253968255
IPPollRangeGenerator:0.08666666666666667
AvailabilityReportLocatorServiceTest:0.07
