Buffer:0.7233333333333334
RealBufferedSink:0.42533333333333334
BufferedSinkTest:0.26
