StringCheck:0.5797777777777778
StringCheckUtil:0.43
ReportModuleImpl:0.3566666666666667
XSSCheck:0.21333333333333335
