DateFieldType:0.44666666666666666
HighlighterSearchIT:0.3466666666666667
RangeQueryBuilderTests:0.3
RangeQueryBuilder:0.25666666666666665
