ScenarioManager:0.6759444444444445
ScenarioReaderImpl:0.45666666666666667
ScenarioManagerImpl:0.3566666666666667
ScenarioPanel:0.30666666666666664
ScenarioListener:0.2812222222222222
ScenarioListDialog:0.20666666666666667
ScenarioOptions:0.17333333333333334
