ObjectKeys:0.7633333333333333
FolderModule:0.7133333333333334
ProfileModule:0.5966666666666667
EntryProcessor:0.29333333333333333
FolderModuleImpl:0.27666666666666667
Datepicker:0.25666666666666665
ProfileModuleImpl:0.22666666666666666
SiteScapeFileSystemImpl:0.21
AjaxController:0.19666666666666666
AbstractEntryProcessor:0.15666666666666668
SAbstractForumController:0.12333333333333334
ListProfilesController:0.12333333333333334
WebKeys:0.016666666666666666
