ClientMapProxy:0.5433333333333333
ClientClusterServiceImpl:0.44
ClientNearCache:0.30666666666666664
ListenerSupport:0.26
ClusterListenerThread:0.24444444444444446
