ShaderProgram:0.63
VertexAttribute:0.5033333333333333
Mesh:0.29333333333333333
VertexAttributes:0.25666666666666665
VertexArray:0.21666666666666667
MeshShaderTest:0.1
