ValueChangeListener:0.62
SummaryPanel:0.3333333333333333
Autosave:0.22666666666666666
LocationBar:0.17333333333333334
