JPF_gov_nasa_jpf_jvm_Verify:0.6066666666666667
Verify:0.57
TestAttrs:0.3466666666666667
TestAttrsJPF:0.14333333333333334
