TwinkleToes:0.5533333333333333
PointyTooth:0.5533333333333333
Bunny:0.5533333333333333
BigIntegerType:0.5233333333333333
