ClassUtil:0.4066666666666667
Newandmisc:0.35
BackupAlg:0.30666666666666664
PUTSTATIC:0.30666666666666664
Getandput:0.26666666666666666
Invoking:0.18
Linker:0.17659523809523808
INVOKESTATIC:0.14666666666666667
HasCommutingClinit:0.13
SymbolHashMangoModel:0.09
INVOKECLINIT:0.06
NEW:0.04472222222222222
GETSTATIC:0.016666666666666666
