CMLWriter:0.4766666666666667
FileConvertor:0.39666666666666667
GaussianInputWriter:0.3333333333333333
Gaussian98Reader:0.26666666666666666
MACiEReader:0.25666666666666665
