SearchScrollRequest:0.82
RestSearchScrollAction:0.20333333333333334
SearchScrollRequestTests:0.14666666666666667
RestSearchScrollActionTests:0.13333333333333333
