TedConfig:0.57
TedIO:0.41
TedMainDialog:0.23333333333333334
AddShowDialog:0.21261111111111114
Daemon:0.1877777777777778
TedMainCore:0.16333333333333333
TedLogDialog:0.16
FilterExtensions:0.07666666666666666
TedConfigTest:0.06
HDKeywords:0.015
