RScoredSortedSet:0.7256944444444445
RedissonScoredSortedSet:0.6033333333333334
RedissonScoredSortedSetTest:0.33
RScoredSortedSetAsync:0.2275
RedisCommands:0.06333333333333334
