KeepAlivePinger:0.7597777777777778
OkHttpClientTransport:0.3933333333333333
KeepAliveManager:0.34
KeepAliveManagerTest:0.30666666666666664
NettyClientTransport:0.19416666666666665
ClientKeepAlivePinger:0.10666666666666667
