Matrix4f:0.7766666666666666
Matrix3f:0.7233333333333334
