OnItemClickListener:0.6201944444444444
SeekBar:0.43
RecentsList:0.4
RangeSeekBar:0.30666666666666664
RecentsActivity:0.23111111111111116
