MockCallbackHandler:0.74
JbossAcegiLoginModule:0.5983333333333334
JbossAcegiLoginModuleTests:0.48833333333333334
