ConfigurationManager:0.6146666666666667
Dispatcher:0.37666666666666665
UIComponentTest:0.2
ConfigurationManagerTest:0.2
XmlConfigurationProviderTest:0.19666666666666666
ConfigTest:0.19666666666666666
ExecuteAndWaitInterceptorTest:0.19666666666666666
XmlConfigurationProviderPackagesTest:0.19
ConfigurationTest:0.18333333333333332
XmlConfigurationProviderWildCardIncludeTest:0.09333333333333334
XWorkTestCaseHelper:0.09
XmlConfigurationProviderGlobalResultInheritenceTest:0.06666666666666667
