TaskListing:0.4033333333333333
ConfirmDlg:0.37333333333333335
ProgressDlg:0.3566666666666667
CopyMoveEntriesDlg:0.27666666666666667
