LeNet:0.59
ModelSelector:0.43333333333333335
ZeroPaddingLayer:0.23
TestInstantiation:0.12666666666666668
