MissionListModel:0.8533333333333334
MissionWindow:0.5833333333333334
