Mapper:0.7683333333333333
SqlProviderTest:0.3466666666666667
OurSqlBuilder:0.14
