Mars:0.38333333333333336
Person:0.29333333333333333
UnitManager:0.25333333333333335
PhysicalCondition:0.25333333333333335
DriveGroundVehicle:0.24222222222222223
MainWindow:0.23333333333333334
NewDialog:0.22666666666666666
MarsProject:0.15666666666666668
TimeWindow:0.15333333333333332
