TermNatures:0.44666666666666666
TermNature:0.4166666666666667
Analysis:0.41333333333333333
NewWordFind:0.32666666666666666
ToAnalysis:0.1811111111111111
NlpAnalysis:0.15
IndexAnalysis:0.14333333333333334
CompanyRecogntion:0.13833333333333334
NewWordFindDemo:0.13666666666666666
ForeignPersonRecognition:0.10777777777777776
UserDefineRecognition:0.10444444444444444
AsianPersonRecognition:0.09666666666666666
NatrueFileTest:0.09333333333333334
CompanyTest:0.09
NumRecognition:0.07
