SchemaInfo:0.79
DocSchemaInfo:0.38
SysChecksTest:0.24
InformationSchemaInfo:0.20333333333333334
PgCatalogSchemaInfo:0.19
InformationTableInfoTest:0.17333333333333334
SystemTableInfoTest:0.17333333333333334
NumberOfPartitionsSysCheck:0.16
SysSchemaInfo:0.15083333333333335
BlobSchemaInfo:0.14333333333333334
