MasterModel:0.6113333333333334
ZooKeeperMasterModel:0.4822222222222223
HostsResource:0.2966666666666667
HostsResourceTest:0.27666666666666667
JobsResource:0.25833333333333336
ZooKeeperMasterModelIntegrationTest:0.20333333333333334
