BusinessEntityManager:0.666611111111111
WebserviceBean:0.27
WebserviceBeanRemote:0.235
KuwaibaService:0.22666666666666666
BusinessEntityManagerImpl:0.16333333333333333
