InternalEngine:0.5066666666666667
InternalEngineTests:0.3566666666666667
ElasticsearchUncaughtExceptionHandler:0.275
TranslogDeletionPolicyTests:0.21333333333333335
EngineMergeScheduler:0.18333333333333332
ElasticsearchUncaughtExceptionHandlerTests:0.17333333333333334
