Pill:0.47333333333333333
NbrowseJdbcAdapter:0.4033333333333333
NbrowseDatabase:0.34
BallsRenderer:0.3
