jdbcResultSet:0.5366666666666666
Expression:0.4666666666666667
Result:0.38666666666666666
jdbcPreparedStatement:0.3433333333333333
Select:0.34
jdbcConnection:0.29333333333333333
jdbcStatement:0.26
jdbcResultSetMetaData:0.22333333333333333
Session:0.2
Library:0.19
Parser:0.18
Token:0.16055555555555556
CompiledStatementExecutor:0.10333333333333333
