ThrowableAnticipator:0.6383333333333333
ThrowableAnticipatorTest:0.4866666666666667
ConfigurationTestUtils:0.24666666666666667
