GLFrameBuffer:0.6766666666666666
FrameBufferCubemap:0.4633333333333333
FrameBuffer:0.3933333333333333
FrameBufferCubemapTest:0.30666666666666664
