State:0.3433333333333333
ResourceLineReaderTests:0.29
MarkFailedException:0.24666666666666667
ResetFailedException:0.24666666666666667
StreamExceptionTests:0.17666666666666667
ResetFailedExceptionTests:0.03
MarkFailedExceptionTests:0.03
