TypeRegistry:0.7366666666666667
SpringLoadedPreProcessor:0.41
SystemPropertyConfiguredIsReloadableTypePlugin:0.19333333333333333
