BytecodeToQuad:0.3433333333333333
jq_StaticField:0.34
SimpleCompiler:0.32666666666666666
MemStore:0.32666666666666666
Special:0.25666666666666665
