EventConfigurationManager:0.5833333333333334
TrapHandlerTest:0.2866666666666667
EventExpander:0.25666666666666665
EventWrapper:0.24666666666666667
EventConfData:0.23111111111111116
TrapQueueProcessor:0.21472222222222223
ParmsWrapper:0.04
