UpdatesPerformance:0.54
InsertsPerformance:0.41
AbstractPerformanceTest:0.35333333333333333
AbstractEntityTest:0.2866666666666667
