Controller:0.5033333333333333
ConvertorView:0.4266666666666667
OutputPanel:0.29
ChargerFormats:0.22066666666666668
InputPanel:0.11666666666666667
PutPanel:0.09
