Robolectric:0.6766666666666666
ResourceLoader:0.42
ShadowHandler:0.37666666666666665
ShadowView:0.34833333333333333
Scheduler:0.29333333333333333
ShadowResources:0.20666666666666667
ShadowAssetManager:0.20333333333333334
ShadowLooper:0.19
SchedulerTest:0.11333333333333333
HandlerTest:0.07
AssetManagerTest:0.056666666666666664
DrawableResourceLoaderTest:0.05333333333333334
drawable:0.03333333333333333
DrawableResourceLoader:0.023333333333333334
