PEView:0.69
STF:0.49611111111111106
RosterViewImp:0.45
SarosBot:0.4072222222222222
PEViewImp:0.37
SarosBotImp:0.30666666666666664
TestContextMenuOpen:0.2633333333333333
STFTest:0.24
TestUserWithWriteAccessSavesFiles:0.23333333333333334
TestBasicSarosElements:0.14333333333333334
STFController:0.14
