TaskManager:0.5166666666666667
ConsolidateContainers:0.49333333333333335
