ClusterServiceImpl:0.7033333333333334
InternalHotRestartService:0.6208333333333333
NoopInternalHotRestartService:0.33166666666666667
