ConstructorBinding:0.6155714285714285
ConstructionProxy:0.4241111111111111
ProxyConstructor:0.2733333333333333
MethodInterceptorsPair:0.2544444444444445
ClassBindingImpl:0.20666666666666667
MethodInterceptionTest:0.14666666666666667
DefaultConstructionProxyFactory:0.11
