QueryExplanation:0.4666666666666667
ValidateQueryRequest:0.44333333333333336
TransportValidateQueryAction:0.31
SimpleValidateQueryIT:0.16666666666666666
ValidateQueryRequestBuilder:0.12333333333333334
RestValidateQueryAction:0.013333333333333334
