NodeViewI:0.798611111111111
NodeView:0.5233333333333333
NBNode:0.3
GOBrowser:0.24
NBSelectionManager:0.21777777777777782
