JDKAsyncHttpProvider:0.4
NettyAsyncHttpProvider:0.38333333333333336
NettyResponseFuture:0.33666666666666667
JDKFuture:0.25277777777777777
AsyncHttpUrlConnection:0.24666666666666667
ApacheResponseFuture:0.2447063492063492
FutureImpl:0.013333333333333334
