HttpSecurityBeanDefinitionParser:0.2866666666666667
FilterChainMapBeanDefinitionDecorator:0.18333333333333332
PortMappingsBeanDefinitionParser:0.17380952380952383
LdapUserServiceBeanDefinitionParser:0.12333333333333334
LdapServerBeanDefinitionParser:0.12333333333333334
UserServiceBeanDefinitionParser:0.12
