RatedDownloadScopeList:0.5766666666666667
RatedDownloadScope:0.5066666666666667
DownloadEngine:0.23
Range:0.21666666666666667
HTTPCodes:0.19666666666666666
TestRatedDownloadScopeList:0.18333333333333332
PhexTestSuite:0.15333333333333332
AvailabilityScopeSelectionStrategy:0.11666666666666667
RatedDownloadScopeComparator:0.08333333333333333
DownloadScopeComparator:0.03666666666666667
