jOOQAbstractTest:0.43666666666666665
AbstractRecord:0.37666666666666665
FetchTests:0.3516666666666667
TableRecordImpl:0.2733333333333333
BaseTest:0.27166666666666667
BatchStore:0.26888888888888896
