AbstractJPPFClient:0.5616666666666666
AbstractGenericClient:0.38
SubmissionManagerClient:0.31666666666666665
