Settings:0.3433333333333333
Logger:0.32666666666666666
LoggerPrinter:0.3233333333333333
LoggerTest:0.2733333333333333
LogAssert:0.22333333333333333
SettingsTest:0.05
