TestData:0.8966666666666666
BiojavaManagerTest:0.38333333333333336
