GrpcUtil:0.7133333333333334
DecompressorRegistry:0.47
ClientCallImpl:0.36666666666666664
