Simulator:0.5355555555555556
Generator:0.4766666666666667
Options:0.4478888888888889
ExplorationStatistics:0.2733333333333333
ExplorationStatsDialog:0.16333333333333333
ExplorationStatsDialogAction:0.03944444444444445
