NeuralNetworkTopComponent:0.5133333333333333
TrainingDataFileDialog:0.4
EasyNeuronsViewController:0.37333333333333335
TrainingSetTopComponent:0.35333333333333333
NeuralNetworkXmlFile:0.12
BasicNeuronPanel:0.11333333333333333
