TypeLiteral:0.4766666666666667
BinderImpl:0.31
Binder:0.18416666666666667
TypeLiteralTest:0.16
Matchers:0.11666666666666667
