Template:0.6066666666666667
BasicIntegrationConfiguration:0.32
TargetConvention:0.24
FormatUtils:0.19833333333333333
JaxbUtils:0.15666666666666668
