ResearchConstruction:0.5966666666666667
Architect:0.5333333333333333
