Robolectric:0.6166666666666667
ShadowRect:0.5233333333333333
