Property:0.7366666666666667
EntityRenderer:0.44
PropertyName:0.31
TableView:0.25333333333333335
PropertyFile:0.23833333333333334
PropertyView:0.23333333333333334
PropertyProxy:0.2305555555555555
EntityView:0.15333333333333332
GedcomConnector:0.14833333333333334
Preview:0.14833333333333334
PropertyFileProxy:0.14333333333333334
ContentRenderer:0.14
TableViewSettings:0.11
ExampleIndi:0.09
BlueprintEditor:0.01
