AccessRuleData:0.8166666666666667
RoleManagementSessionBean:0.35333333333333333
AccessRuleManagementSessionBeanTest:0.16666666666666666
