IndexShard:0.6233333333333333
IndexingOperationListener:0.39666666666666667
IndexingMemoryController:0.25666666666666665
CompositeListener:0.24333333333333335
SlowLogParsedDocumentPrinter:0.24
InternalIndexingStats:0.23
IndexShardTests:0.21333333333333335
IndexingSlowLog:0.21
IndexShardIT:0.18333333333333332
IndexingOperationListenerTests:0.11
BlockingOperationListener:0.04
