VisibilityBridge:0.6133333333333333
AbstractDynamicTypeBuilderForInliningTest:0.48333333333333334
SubclassDynamicTypeBuilderTest:0.42
VisibilityBridgeAbstractMethod:0.35
Default:0.31333333333333335
PackagePrivateVisibilityBridgeExtensionAbstractMethod:0.10838095238095237
