TermBean:0.7638888888888888
TermBeanImpl:0.41
NullTermBean:0.38333333333333336
