ZipFile:0.5233333333333333
BitString:0.48333333333333334
BitStringIterator:0.3466666666666667
BackwardBitStringIterator:0.22333333333333333
LinearSet:0.17333333333333334
ZipEntry:0.17
ForwardBitStringIterator:0.02
NullIterator:0.006666666666666667
AppendIterator:0.006666666666666667
SingletonIterator:0.0
ZipConstants:0.0
Strings:0.0
ByteSequence:0.0
