SwivelMultifactorAuthenticationProvider:0.5466666666666666
SwivelAuthenticationHandler:0.4472222222222222
SwivelAuthenticationEventExecutionPlanConfiguration:0.3566666666666667
