HttpClientImpl:0.39666666666666667
Pool:0.3244444444444444
FakeWaiter:0.25333333333333335
Waiter:0.18666666666666668
FakeConnectionManager:0.11833333333333333
ConnectionManager:0.052388888888888895
