FilterContextBuilder:0.6033333333333334
FilterContext:0.5766666666666667
AsyncHttpClientEventFilter:0.3
FilterTest:0.2633333333333333
WebSocketProtocol:0.11666666666666667
HttpProtocol:0.11
