FolderSubmitCtrl:0.5183333333333333
Dcm4JbossFormController:0.40111111111111114
Dcm4JbossController:0.38666666666666666
