VisualModel:0.6733333333333333
VisualSimStateMachine:0.3933333333333333
