VanillaChronicleMap:0.5
ChronicleMapBuilder:0.42
CharSequenceReader:0.37666666666666665
SerializationBuilder:0.29
CHMUseCasesTest:0.2733333333333333
