BuildingPanel:0.36
StudyTableModel:0.20666666666666667
AchievementTableModel:0.20666666666666667
BuildingPanelManufacture:0.15333333333333332
BuildingPanelInhabitable:0.15333333333333332
BuildingPanelVehicleMaintenance:0.14333333333333334
BuildingPanelMaintenance:0.12333333333333334
BuildingPanelMalfunctionable:0.10333333333333333
BuildingPanelPower:0.09333333333333334
BuildingPanelFarming:0.06333333333333334
BuildingPanelMedicalCare:0.056666666666666664
BuildingPanelCooking:0.056666666666666664
BuildingPanelResourceProcessing:0.016666666666666666
BuildingPanelAstronomicalObservation:0.016666666666666666
BuildingPanelPowerStorage:0.016666666666666666
BuildingPanelResearch:0.016666666666666666
BuildingPanelStorage:0.0033333333333333335
