jEdit:0.086414635
Buffer:0.086113244
VFS:0.080734156
PluginJAR:0.070228286
JEditBuffer:0.06804032
PingPongList:0.06253726
EditPlugin:0.06157775
EditBus:0.060642514
IOUtilities:0.058383197
GUIUtilities:0.057383906
LogViewer:0.0555248
Abbrevs:0.054642785
EditServer:0.05451899
BufferHistory:0.054487523
JEditActionSet:0.054037657
MiscUtilities:0.05302824
ManagePanel:0.05216974
Macros:0.051634047
JEditKillRing:0.05152969
View:0.05092007
JEditRegisterSaver:0.05066437
PerspectiveManager:0.05031655
VFSManager:0.050284814
JEditHistoryModelSaver:0.050183747
XMLUtilities:0.049368076
PropertiesBean:0.049129568
PluginList:0.04746833
LineManager:0.046906818
ErrorsWidgetFactory:0.04589449
FileVFS:0.045701593
ActionSet:0.04518306
DisplayManager:0.043789838
BeanShell:0.043759756
BufferLoadRequest:0.04156516
TextArea:0.040845644
VFSBrowser:0.039759886
BufferAutosaveRequest:0.039339546
DockableWindowManagerImpl:0.03931233
BufferSet:0.037995905
MirrorList:0.037621386
VFSFile:0.037450835
ModeProvider:0.036485944
ScreenLineManager:0.034911744
JARClassLoader:0.03480407
ServiceManager:0.033816334
Roster:0.03378488
Registers:0.03258342
Mode:0.032174323
MarkersSaveRequest:0.03147828
DockableWindowManager:0.031245489
SearchAndReplace:0.030991662
BufferSaveRequest:0.03095371
AbstractInputHandler:0.030100988
StandardUtilities:0.02980924
GrabKeyDialog:0.029603494
HelpIndex:0.029513935
KeyEventTranslator:0.029387968
InstallPanel:0.02935583
EditAction:0.029074183
BeanShellAction:0.028639408
AllBufferSet:0.028243264
WorkThreadPool:0.027953511
OptionsDialog:0.027715845
InputHandler:0.02740267
PluginManagerOptionPane:0.027091628
WorkThread:0.026941305
DockableWindowFactory:0.026758756
CopyFileWorker:0.026646838
TextAreaInputHandler:0.026525661
BeanShellFacade:0.02643346
UrlVFS:0.026214091
HelpViewer:0.026066082
AutoDetection:0.026005073
BrowserView:0.024062835
TextAreaTransferHandler:0.023514148
LocalFileSaveTask:0.023383882
ErrorListDialog:0.023229195
BufferSetManager:0.023109887
StandaloneTextArea:0.022857461
EnhancedCheckBoxMenuItem:0.0227359
VFSDirectoryEntryTableModel:0.022515997
HyperSearchRequest:0.022400726
SyntaxUtilities:0.022364074
TextAreaPainter:0.022342386
AboutDialog:0.021954443
ChunkCache:0.021664275
AppearanceOptionPane:0.020588182
BufferPrintable:0.020545369
OperatingSystem:0.02009047
ServiceListHandler:0.019571463
JEditBeanShellAction:0.01944938
FontSelectorDialog:0.019297844
Gutter:0.018793914
RangeMap:0.018614767
ThreadUtilities:0.018530734
CloseDialog:0.018183293
ListDirectoryBrowserTask:0.0180061
XModeHandler:0.017992582
BufferChanging:0.017931752
Anchor:0.017838363
SearchBar:0.01754066
RecentFilesProvider:0.017237827
MkDirBrowserTask:0.017204164
DirectoryListSet:0.017108778
BufferInsertRequest:0.016847052
JEditMode:0.01677456
ShortcutPrefixActiveEvent:0.01647825
XMLEncodingDetector:0.016159162
RenameBrowserTask:0.01612366
DeleteBrowserTask:0.0159175
Autosave:0.015888095
LastModifiedWidgetFactory:0.015839202
PluginListHandler:0.015439898
KeyEventWorkaround:0.015430533
FirstLine:0.015407351
VFSDirectoryEntryTable:0.015380306
HelpTOCPanel:0.014970464
ToolBarEditDialog:0.014549129
ExtensionManager:0.014230263
UndoManager:0.014088336
PositionManager:0.013961761
HelpSearchPanel:0.012914977
ShortcutsOptionPane:0.012772787
VFSFileNameField:0.011645487
SplashScreen:0.011517577
ActionListHandler:0.011258596
BufferPrinter1_4:0.01090963
Task:0.010879302
JTrayIconManager:0.0107481005
EBPlugin:0.010622927
TipOfTheDay:0.010538288
MirrorListHandler:0.010375247
ModeCatalogHandler:0.008311411
GeneralOptionPane:0.0081523
TextAreaDropHandler:0.007907977
PluginsProvider:0.007906539
ScrollLineCount:0.0063784015
ViewOptionPane:0.0057840548
