jEdit:0.17137796
Log:0.10926989
FilteredListModel:0.09314053
AbstractOptionPane:0.0863703
EditBus:0.06523978
MiscUtilities:0.046563614
ColorWellButton:0.043500204
Registers:0.038748372
ThreadUtilities:0.02520347
PropertiesChanged:0.02463733
DefaultFocusComponent:0.017326146
