Node:0.54
Window:0.36666666666666664
HTMLElement:0.3466666666666667
HtmlPage:0.33666666666666667
Range:0.26666666666666666
XSLTProcessor:0.23666666666666666
XMLDocument:0.21666666666666667
XPathResult:0.18666666666666668
NodeTest:0.08666666666666667
XMLSerializer:0.07
XSLTemplate:0.03
XPathNSResolver:0.015833333333333335
