Airlock:0.58
Rover:0.41
EnterAirlock:0.31333333333333335
ExitAirlock:0.26666666666666666
