DefaultELResolver:0.6166666666666667
JBossELExpressionParser:0.56
DefaultELContextFactory:0.051666666666666666
