Document:0.7455555555555555
AnnotationGraph:0.6155555555555555
