AttributeBinding:0.4716666666666667
EntityBinding:0.38333333333333336
DomHelper:0.36
SimpleAttributeBinding:0.31
PluralAttributeBinding:0.26
HbmHelper:0.25
RootEntityBinder:0.24666666666666667
AbstractAttributeBinding:0.21
AbstractEntityBinder:0.21
CollectionElement:0.03888888888888889
