CompressCmd:0.5883333333333334
StoreScp:0.4266666666666667
FileDataSource:0.24
