ResourceLoader:0.39666666666666667
ViewLoaderTest:0.3233333333333333
ViewNode:0.31
ViewLoader:0.2733333333333333
FakeToast:0.18333333333333332
StringResourceLoader:0.15
