BasicGenerator:0.42333333333333334
ElementGroup:0.38666666666666666
IntermediateRendererTest:0.25666666666666665
IntermediateRendererTestPanel:0.24333333333333335
BasicBondGenerator:0.19666666666666666
AbstractGenerator:0.08738888888888888
ControllerFeedbackGenerator:0.03333333333333333
HighlightGenerator:0.03333333333333333
