TypeDescription:0.49333333333333335
ForLoadedType:0.31333333333333335
Symbolic:0.30333333333333334
TypeDescriptionGenericOfTypeVariableSymbolic:0.24666666666666667
OfNonGenericType:0.22
Substitutor:0.2
Builder:0.19333333333333333
AbstractBase:0.19
ForDetachment:0.17333333333333334
ForTokenNormalization:0.17
TypeDescriptionGenericVisitorSubstitutorForTokenNormalizationTest:0.13333333333333333
Latent:0.12333333333333334
ForLoadedReturnType:0.02666666666666667
OfMethodParameter:0.02666666666666667
OfConstructorParameter:0.02666666666666667
ForLoadedFieldType:0.02666666666666667
ForLoadedSuperType:0.02666666666666667
