HiveMetastore:0.43542857142857144
HiveMetadata:0.27166666666666667
MockHiveMetastoreClient:0.24666666666666667
HiveMetastoreClient:0.23666666666666666
ThriftHiveMetastoreClient:0.23333333333333334
CachingHiveMetastoreStats:0.20666666666666667
CachingHiveMetastore:0.19416666666666665
InMemoryHiveMetastore:0.19416666666666665
