EnterExitEvent:0.39133333333333337
AbstractFolderModule:0.38333333333333336
AbstractEntryProcessor:0.31333333333333335
WorkflowModuleImpl:0.2966666666666667
AbstractFolderCoreProcessor:0.28
