Util:0.7833333333333333
BusinessEntityManagerImpl:0.2966666666666667
DataIntegrityService:0.23416666666666666
