Bytes:0.6502777777777777
ByteDecoder:0.46777777777777774
ByteEncoder:0.2733333333333333
