MethodDescriptor:0.5966666666666667
Builder:0.47333333333333333
ClientCallTracer:0.40444444444444444
PrototypeMarshaller:0.29
RegisterForTracingCallback:0.19
ServerTracer:0.18833333333333332
CensusModulesTest:0.17333333333333334
Registrations:0.15666666666666668
MethodDescriptorTest:0.1325
CensusTracingModule:0.10666666666666667
SimpleServiceTest:0.05333333333333334
InternalMethodDescriptor:0.03
