HttpSecurity:0.38
RememberMeConfigurer:0.32666666666666666
HttpSecurityBuilder:0.26105555555555554
JeeConfigurer:0.22111111111111115
AbstractAuthenticationFilterConfigurer:0.20666666666666667
X509Configurer:0.20444444444444446
AbstractInterceptUrlConfigurer:0.20333333333333334
HttpBasicConfigurer:0.1827777777777778
ServletApiConfigurer:0.18222222222222223
