NothingApp:0.3433333333333333
NetApp:0.3433333333333333
PertApplication:0.3433333333333333
