MySQLSqlStatementBuilderSmallTest:0.6533333333333333
MySQLSqlStatementBuilder:0.4266666666666667
MySQLSqlScriptSmallTest:0.3
