EditorLayerWrapper:0.545
LayerTreeEditor:0.4483333333333333
TreeEditorCopyHelper:0.31666666666666665
