Http:0.65
Strings:0.5583333333333333
HttpTest:0.2511111111111111
