CriteriaQueryTypeQueryAdapter:0.515
AbstractProducedQuery:0.4
NativeQueryImpl:0.2733333333333333
AbstractLogicalConnectionImplementor:0.25333333333333335
FlushAndTransactionTest:0.22333333333333333
CriteriaQueryImpl:0.21333333333333335
InterceptorTest:0.19
