JSONLexerBase:0.6566666666666666
JavaBeanDeserializer:0.36666666666666664
DefaultFieldDeserializer:0.3422222222222222
BeanToArrayTest_int:0.17666666666666667
BeanToArrayTest_long:0.17666666666666667
