CameraInputController:0.36666666666666664
BulletTestCollection:0.36
BaseBulletTest:0.2733333333333333
RayPickRagdollTest:0.25333333333333335
CollisionWorldTest:0.22666666666666666
SoftBodyTest:0.21666666666666667
BulletTest:0.20833333333333334
FrustumCullingTest:0.2
RayCastTest:0.17666666666666667
