SumFragmentWorker:0.31
StaticQueryManager:0.2833333333333333
QueryFragmentRequest:0.20333333333333334
SimpleQueryManager:0.17
SumFragmentMaster:0.1577777777777778
QueryResource:0.14666666666666667
SplitAssignments:0.13416666666666666
QueryManager:0.08333333333333333
