Node:0.6033333333333334
ClusterManager:0.45666666666666667
JoinInfo:0.41
