GeneBean:0.63
DbBeanFactory:0.18333333333333332
YearListTag:0.16333333333333333
ListUtils:0.1577777777777778
GeneBeanFactory:0.10666666666666667
