ACache:0.7266666666666667
WelfareFragment:0.43666666666666665
EverydayFragment:0.3433333333333333
