CameraManager:0.565
CameraSurfaceView:0.37333333333333335
BarcodeReaderCaptureActivity:0.31333333333333335
ResultHandler:0.30833333333333335
