GatewayInfo:0.41333333333333333
DescribeGatewayInformationResult:0.31
AWSStorageGatewayAsync:0.27166666666666667
UpdateGatewayInformationResult:0.22666666666666666
AWSStorageGateway:0.19416666666666665
UpdateGatewayInformationResultJsonUnmarshaller:0.14111111111111113
DescribeGatewayInformationResultJsonUnmarshaller:0.14111111111111113
AWSStorageGatewayAsyncClient:0.13
GatewayInfoJsonUnmarshaller:0.11333333333333333
AWSStorageGatewayClient:0.10666666666666667
