JbpmExecutionLogic:0.55
Dom4jHelper:0.30633333333333335
CreateTimerActionHandler:0.1811111111111111
TimerDuration:0.15333333333333332
