SubclassDynamicTypeBuilder:0.56
Handler:0.49666666666666665
TypeWriterBuilderTest:0.20666666666666667
MemberPhaseTransitional:0.07611111111111112
InMemberPhase:0.06333333333333334
