CmpServlet:0.5566666666666666
CmpTcpCommandHandler:0.36666666666666664
CmpTcpProxyCommandHandler:0.24666666666666667
CmpProxyServlet:0.20666666666666667
CmpTcpProxyCommandHandlerTcp:0.16666666666666666
