JoddJoy:0.6416666666666667
JoyProps:0.2966666666666667
JoyScanner:0.2733333333333333
