Address:0.5166666666666667
RealConnection:0.4066666666666667
RouteSelector:0.4033333333333333
StreamAllocation:0.30833333333333335
