DescriptorValue:0.5533333333333333
ALOGP:0.22
XLogPDescriptor:0.20666666666666667
ChiChainDescriptor:0.18333333333333332
ChiClusterDescriptor:0.18333333333333332
ChiPathDescriptor:0.17666666666666667
RuleOfFiveDescriptor:0.14333333333333334
LengthOverBreadthDescriptor:0.13
TPSADescriptor:0.13
LongestAliphaticChainDescriptor:0.13
AromaticAtomsCountDescriptor:0.13
AromaticBondsCountDescriptor:0.13
LargestPiSystemDescriptor:0.13
RotatableBondsCountDescriptor:0.12833333333333333
HBondDonorCountDescriptor:0.12833333333333333
BondCountDescriptor:0.12333333333333334
WeightedPathDescriptor:0.11666666666666667
CPSADescriptor:0.11666666666666667
MomentOfInertiaDescriptor:0.11666666666666667
AminoAcidCountDescriptor:0.11666666666666667
GravitationalIndexDescriptor:0.11666666666666667
WeightDescriptor:0.11666666666666667
LargestChainDescriptor:0.11666666666666667
ChiPathClusterDescriptor:0.11333333333333333
MDEDescriptor:0.11333333333333333
HBondAcceptorCountDescriptor:0.11
EccentricConnectivityIndexDescriptor:0.10666666666666667
CarbonConnectivityOrderZeroDescriptor:0.10666666666666667
PetitjeanNumberDescriptor:0.10666666666666667
ValenceCarbonConnectivityOrderZeroDescriptor:0.10666666666666667
VAdjMaDescriptor:0.10666666666666667
ValenceCarbonConnectivityOrderOneDescriptor:0.10666666666666667
ZagrebIndexDescriptor:0.10666666666666667
PetitjeanShapeIndexDescriptor:0.10666666666666667
APolDescriptor:0.10666666666666667
BPolDescriptor:0.10666666666666667
WHIMDescriptor:0.10666666666666667
AtomCountDescriptor:0.10666666666666667
CarbonConnectivityOrderOneDescriptor:0.10666666666666667
WienerNumbersDescriptor:0.10666666666666667
KappaShapeIndicesDescriptor:0.10666666666666667
BCUTDescriptor:0.1
