ExecutionService:0.5933333333333334
DefinitionService:0.565
ProcessInstanceStub:0.4866666666666667
ProcessInvocationHandler:0.40222222222222226
ProcessElementPresentation:0.36333333333333334
ProcessDefinitionStub:0.32
DefinitionServiceDelegate:0.2833333333333333
JbpmDefinitionServiceBean:0.27666666666666667
ProcessStateImpl:0.27
ExecutionServiceDelegate:0.24666666666666667
JbpmCommonLogic:0.21
JbpmExecutionLogic:0.18666666666666668
JbpmExecutionServiceBean:0.18666666666666668
DefinitionParser:0.17
JbpmDefinitionLogic:0.17
DefinitionServiceDelegateRemoteImpl:0.16333333333333333
DefinitionServiceDelegateLocalImpl:0.16333333333333333
ExecutionServiceDelegateLocalImpl:0.15
ExecutionServiceDelegateRemoteImpl:0.15
ProcessState:0.14
NodeModel:0.135
DefaultProcessInvocationHandler:0.09333333333333334
FigureFactory:0.07
SubprocessStarter:0.04
GraphConverter:0.03
ProcessStateFigure:0.02
SubjectHolder:0.0033333333333333335
