BlastParser:0.35
FastaHeader:0.29188888888888886
Sim4Parser:0.28
AbstractParser:0.25
GenscanParser:0.25
GAMESave:0.25
FgeneshGFFParser:0.19666666666666666
FgeneshParser:0.19666666666666666
RpMaskerParser:0.19666666666666666
tRNA_Parser:0.19
