TimedMemberState:0.6266666666666667
TimedMemberStateFactory:0.4866666666666667
TimedMemberStateIntegrationTest:0.23
TimedMemberStateTest:0.16333333333333333
