StreamSessionOutputStream:0.5166666666666667
StreamPacket:0.43666666666666665
StreamServiceManager:0.39
PacketSender:0.225
PacketReceiver:0.19000000000000003
