TaskConfig:0.3466666666666667
Supervisor:0.34
Builder:0.31333333333333335
SupervisorTest:0.24
AgentService:0.19
AgentTest:0.18
Agent:0.17333333333333334
SupervisorFactory:0.17333333333333334
Update:0.14666666666666667
TaskRunnerTest:0.10666666666666667
