ECKey:0.6533333333333333
Utils:0.6433333333333333
DumpedPrivateKey:0.25333333333333335
PrivateKeys:0.17333333333333334
ECKeyTest:0.16333333333333333
AlertMessageTest:0.11333333333333333
