PayDialog:0.6
PosPanel:0.5933333333333334
VCalculateWizardAdquisition:0.29833333333333334
