Value:0.6166666666666667
ExecutionThread:0.3933333333333333
ValueLink:0.3233333333333333
Scope:0.3
StatelessThread:0.20944444444444446
ValueImpl:0.19
CorrelatedProcess:0.15
OneWayProcess:0.14333333333333334
RequestResponseProcess:0.14333333333333334
SessionThread:0.02666666666666667
