ExtClassLoader:0.45666666666666667
Loader:0.4033333333333333
GPSTracker:0.36
CSExtension:0.25666666666666665
GPSExtension:0.2111111111111111
