OAuth2LoginAuthenticationFilter:0.7966666666666666
OAuth2LoginAuthenticationFilterTests:0.32666666666666666
OAuth2LoginConfigurer:0.22333333333333333
