EditorUndoManager:0.4266666666666667
ScriptHelper:0.34
AbstractEditorEngine:0.28
ChangeWidgetEdit:0.26
NetworkHandler:0.24333333333333335
JFXImage:0.24
TCPProtocol:0.24
AbstractSocketProtocol:0.22166666666666668
NetworkHandlerTest:0.22
PictureToggleButtonRenderer:0.21666666666666667
EditorEngine:0.21333333333333335
AbstractEditorUndoableEdit:0.20616666666666666
WebServerProtocol:0.20333333333333334
ChangeWidgetNameEdit:0.16376984126984126
ConnectionThread:0.16
PicturePushButtonRenderer:0.14444444444444446
JFXPicturePushButtonRendererTest:0.13
EditCount:0.01
SocketProperties:0.0
