Constants:0.735
RegistryDirectoryTest:0.33
IHelloService:0.24777777777777782
AbstractClusterInvoker:0.24
AbstractClusterInvokerTest:0.23666666666666666
RegistryDirectory:0.21333333333333335
AbstractDirectory:0.12666666666666668
HelloService:0.01
