DefaultAggregateStatusService:0.7766666666666666
AggregateStatusService:0.4463055555555555
AggregateStatusController:0.31
