AsyncMultiDataSetIterator:0.5633333333333334
VariableTimeseriesGenerator:0.5333333333333333
AsyncPrefetchThread:0.3
AsyncDataSetIteratorTest:0.19333333333333333
AsyncMultiDataSetIteratorTest:0.13666666666666666
