JdbcChadoAdapter:0.5866666666666667
SybaseChadoAdapter:0.3363888888888889
