TestUnitMessages:0.6166666666666667
TestUnitView:0.35333333333333333
ScrollLockAction:0.28
TestUnitLaunchShortcut:0.23
RubyClassSelector:0.21833333333333332
FailureTab:0.21333333333333335
TestHierarchyTab:0.2
CounterPanel:0.195
OpenSymbolAction:0.19333333333333333
OpenEditorAtLineAction:0.17666666666666667
RerunAction:0.16666666666666666
CopyTraceAction:0.16333333333333333
ExpandAllAction:0.15833333333333333
TestUnitMainTab:0.15666666666666668
RerunLastAction:0.15333333333333332
CompareResultsAction:0.13666666666666666
OpenEditorAction:0.12
