Tab:0.8133333333333334
ProfileTest:0.3433333333333333
