SeqFeature:0.7366666666666667
FeatureSet:0.45
TypePanel:0.3244444444444444
DrawableInsertionSite:0.27
