DefaultEventConfDao:0.5033333333333333
EventconfFactorySaveTest:0.31
EventconfFactory:0.2833333333333333
OpenNMSTestCase:0.18666666666666668
EventConfDataTest:0.17333333333333334
EventconfFactoryTest:0.155
MockFileSystemResourceWithInputStream:0.028333333333333332
EventConfiguration:0.028333333333333332
EventResourceLoader:0.0
