Json:0.5716666666666667
TextureRegion:0.38666666666666666
TexturePacker:0.23166666666666666
SkinLoader:0.22666666666666666
TextureLoader:0.19
TextureParameter:0.0
