Key:0.6066666666666667
Injector:0.44333333333333336
InjectorTest:0.3333333333333333
ConstructorBinding:0.18333333333333332
