WindowManager:0.74
ServerDisplay:0.5833333333333334
EmbeddedWindowManager:0.2733333333333333
NativeWindowManager:0.26
AbstractWindowManager:0.24333333333333335
WindowsWindowManager:0.23166666666666666
DevicesPainter:0.21916666666666668
CockpitConfigurationHandler:0.20333333333333334
AbstractServerEngine:0.19555555555555554
ServerDevices:0.19166666666666668
ServerCockpit:0.18
