QueryVisitorTest:0.4666666666666667
SQLGroupByResult:0.35
ShardStatsTable:0.33666666666666667
InformationSchemaTableExecutionContext:0.3
AsyncBroadcastAction:0.2833333333333333
ITableExecutionContext:0.24666666666666667
QueryVisitor:0.24
QueryPlannerTest:0.24
TableExecutionContext:0.21
ShardStatsTableExecutionContext:0.2
ShardInfo:0.13666666666666666
TransportDistributedSQLAction:0.1
GlobalRows:0.043333333333333335
