TestUtils:0.56
OkHttpChannelBuilder:0.5033333333333333
Utils:0.38666666666666666
Http2OkHttpTest:0.23333333333333334
Tester:0.19333333333333333
TlsTest:0.15666666666666668
