CertTools:0.4266666666666667
SoftCAToken:0.3333333333333333
ca:0.2891666666666667
CAAdminSessionBean:0.25666666666666665
LogEntry:0.17470634920634923
CaImportCACommand:0.17
CaAdminCommandFactory:0.14666666666666667
CaExportCACommand:0.075
TestCAImportExport:0.05
CAExportServlet:0.0
