SelfTestCase:0.68
SelfTestCrawlJobHandler:0.16666666666666666
FramesSelfTestCase:0.16333333333333336
BackgroundImageExtractionSelfTestCase:0.16333333333333336
AllSelfTestCases:0.15
