IoUtilityTest:0.6633333333333333
IoUtility:0.5166666666666667
