PutBackupOperation:0.38
MapServiceContextImpl:0.35
DefaultRecordStore:0.3433333333333333
KeyBasedMapOperation:0.23666666666666666
TxnSetOperation:0.21333333333333335
BasePutOperation:0.20444444444444446
MergeOperation:0.17777777777777778
