Bootstrap:0.5463888888888889
BootstrapTest:0.5166666666666667
QualifiersTest:0.5
