UtilGUI:0.8266666666666667
SearchPanel:0.31333333333333335
IndexingTab:0.31333333333333335
BrowserPanel:0.24666666666666667
InputDialog:0.18666666666666668
