Launcher:0.4633333333333333
CallHandler:0.24940873015873027
App:0.22
Server:0.20666666666666667
Client:0.12
IPCHelper:0.09666666666666666
