SignatureGenerator:0.61
BindingUtil:0.38
SignatureGeneratorTest:0.3433333333333333
MetadataGenerator:0.32666666666666666
JdtWildcardType:0.22666666666666666
Functionizer:0.21666666666666667
JdtTypeVariable:0.19244444444444445
TranslationEnvironment:0.14055555555555557
UnitTreeVisitor:0.13666666666666666
