OsgiServiceLifecycleListener:0.7883333333333333
ServiceReferenceAccessor:0.68
OsgiServiceRegistrationListener:0.29833333333333334
OsgiServiceCollection:0.24333333333333335
OsgiServiceDynamicInterceptor:0.24
OsgiReferenceCollectionNamespaceHandlerTest:0.20666666666666667
AbstractOsgiServiceProxyFactoryBean:0.20333333333333334
OsgiServiceReferenceComparator:0.19116666666666668
ServiceReferenceAwareAdvice:0.17333333333333334
OsgiServiceProxyFactoryBean:0.17333333333333334
ServiceRefAwareWithSingleServiceTest:0.15
SingleServiceReferenceEditor:0.14333333333333334
AbstractListenerAwareExporter:0.14
MultiServiceProxyFactoryBeanTest:0.13666666666666666
OsgiMultiServiceProxyFactoryBeanTest:0.13666666666666666
OsgiServiceDynamicInterceptorListenerTest:0.12666666666666668
OsgiReferenceNamespaceHandlerTest:0.12666666666666668
ServiceRegistrationWrapperTest:0.12666666666666668
ServiceBeanDefinitionParser:0.12666666666666668
AbstractReferenceDefinitionParser:0.12666666666666668
OsgiServiceRegistrationListenerAdapter:0.11444444444444443
ServiceRegistrationDecorator:0.11
AbstractListenerAwareExporterTest:0.10666666666666667
OsgiServiceLifecycleListenerAdapterTest:0.10333333333333333
ServiceRefAwareWithMultiServiceTest:0.10333333333333333
OsgiServiceRegistrationListenerAdapterTest:0.1
ServiceReferenceDelegate:0.06666666666666667
OsgiServiceLifecycleListenerAdapter:0.06416666666666666
OsgiServiceBindingUtils:0.03333333333333333
