ObjectNode:0.5566666666666666
SpecialRelationshipsTopComponent:0.4033333333333333
ViewScene:0.38
RootNode:0.18444444444444444
ObjectViewService:0.16
SpecialNode:0.15666666666666668
ShowObjectSpecialRelationshipsAction:0.14916666666666667
