RadioButtonOption:0.37
OptionElementFactory:0.32
AbstractOption:0.27
TextOption:0.23555555555555557
ComboBoxOption:0.21722222222222223
OptionPanel:0.17777777777777778
ScriptedValueChangeListener:0.16777777777777778
OptionsPageBuilder:0.16333333333333333
TextAreaOption:0.15
