CassandraMetadata:0.45666666666666667
CassandraRecordSetProvider:0.42267857142857146
TestCassandraConnector:0.4166666666666667
CassandraHandleResolver:0.22666666666666666
CassandraSplitManager:0.21333333333333335
CassandraConnector:0.17333333333333334
CassandraConnectorRecordSinkProvider:0.07111111111111111
