Layer:0.67
MultiLayerNetwork:0.5566666666666666
Builder:0.29
BaseLayer:0.19666666666666666
ListBuilder:0.08333333333333333
MultiLayerTest:0.07666666666666666
