EJBServiceLocator:0.565
AuditFilter:0.49333333333333335
FileSystemMgtResolver:0.3
WadoLifecycle:0.11666666666666667
