Builder:0.6166666666666667
Layer:0.45
InMemoryLookupTable:0.3
BarnesHutTsne:0.2733333333333333
UpdaterBlock:0.22333333333333333
Glove:0.22
GloveWeightLookupTable:0.22
Tsne:0.2178174603174603
TestUpdaters:0.19666666666666666
UpdaterUtils:0.18777777777777777
BatchNormalizationTest:0.17666666666666667
LayerValidation:0.11333333333333333
