Endpoints:0.88
SingleSignOnSessionsReportController:0.20333333333333334
LoggingConfigController:0.17666666666666667
StatisticsController:0.14
BaseCasMvcEndpoint:0.12333333333333334
ConfigurationStateController:0.12
TrustedDevicesController:0.11
MetricsController:0.10666666666666667
SingleSignOnSessionStatusController:0.10666666666666667
AuthenticationEventsController:0.10666666666666667
PersonDirectoryAttributeResolutionController:0.10666666666666667
HealthCheckController:0.09
DashboardController:0.09
BaseEndpoint:0.07
