PrintInfo:0.7775
ImagePrintInfo:0.3933333333333333
PrintDialog:0.31333333333333335
TablePrintInfo:0.30666666666666664
AbstractPrintInfo:0.13
