LogBufferDescriptor:0.6766666666666666
Publication:0.44666666666666666
ExclusivePublication:0.21
