XDSBridge:0.35
XDSPnR:0.3455555555555555
AbstractHandlerService:0.25333333333333335
XDSDocumentRepositoryClient:0.23
DebugUtils:0.23
XDSBridgeTestConfigFactory:0.22333333333333333
SubmitDocumentRequestHandler:0.16916666666666666
MockXDSBridge:0.10333333333333333
MockMessageContext:0.06322222222222224
XDSBridgeITCase:0.04666666666666667
