HazelcastConnection:0.4864285714285716
XAResourceImpl:0.45
HazelcastTransactionImpl:0.37
ManagedConnectionImpl:0.31666666666666665
HazelcastConnectionImpl:0.25333333333333335
