ModelBuilder3D:0.64
TemplateHandler3D:0.39555555555555555
JChemPaintMenuBar:0.3541666666666667
