Person:0.48333333333333334
MainMenu:0.44
UnitManager:0.3566666666666667
MainMenuController:0.1811111111111111
TableStyle:0.17666666666666667
ScreensSwitcher:0.12
LoadSimulationTask:0.11
