ColumnIdent:0.6866666666666666
AbstractIndexWriterProjection:0.27666666666666667
DocIndexMetaData:0.2733333333333333
WriterProjection:0.25333333333333335
ReferenceIdent:0.25
