SearchCancellationIT:0.35333333333333333
SharedClusterSnapshotRestoreIT:0.35333333333333333
ActionRequestBuilder:0.3416666666666667
TasksIT:0.31
AbstractClientHeadersTestCase:0.27
MinThreadsSnapshotRestoreIT:0.25333333333333335
DedicatedClusterSnapshotRestoreIT:0.25
WaitUntilRefreshIT:0.19666666666666666
IndicesStatsTests:0.19
