DescriptorInstance:0.48333333333333334
QsarManager:0.47
DescriptorProvider:0.37333333333333335
IQsarManager:0.27166666666666667
JenaReader:0.27111111111111114
BaseEPObject:0.16333333333333333
