ActionInvocation:0.8011111111111111
DefaultActionInvocation:0.5766666666666667
DefaultActionInvocationTest:0.3466666666666667
MockActionInvocation:0.29
InvocationSessionStore:0.2833333333333333
DummyActionInvocation:0.24333333333333335
TestActionInvocation:0.24333333333333335
RestActionInvocation:0.14416666666666667
MockActionInvocationEx:0.013333333333333334
