PredicateConfig:0.38
PredicateConfigReadOnly:0.36333333333333334
QueryCacheConfig:0.3333333333333333
MapConfigReadOnly:0.31666666666666665
