Vertex:0.46
Edge:0.45666666666666667
Graph:0.42333333333333334
CostPathPair:0.23
DataStructures:0.17
Dijkstra:0.11666666666666667
CostVertexPair:0.11333333333333333
BellmanFord:0.09666666666666666
CycleDetection:0.07666666666666666
FloydWarshall:0.06333333333333334
TopologicalSort:0.056666666666666664
Prim:0.05
Johnson:0.023333333333333334
