ECKey:0.41
Message:0.3933333333333333
RejectMessage:0.32666666666666666
DeterministicSeed:0.29333333333333333
VersionMessage:0.22666666666666666
PBKDF2SHA512:0.22
SPVBlockStore:0.21916666666666668
ScriptTest:0.21666666666666667
CheckpointManager:0.21333333333333335
BIP38PrivateKey:0.21
WalletTool:0.20666666666666667
DeterministicKeyChainTest:0.17333333333333334
PeerTest:0.17333333333333334
MnemonicCode:0.15166666666666667
BuildCheckpoints:0.15
BitcoinPacketHeader:0.08
