RelationService:0.7863888888888889
RelationDAO:0.4624444444444445
RelationServiceBean:0.25666666666666665
RelationDAOProxy:0.25666666666666665
RelationServiceDelegateLocalImpl:0.25333333333333335
RelationLogic:0.20666666666666667
RelationDAOHibernateImpl:0.20666666666666667
RelationServiceDelegateRemoteImpl:0.18666666666666668
RelationServiceDelegate:0.14416666666666667
