Class4SpecificMechanism:0.37833333333333335
Class3UnspecificReactivity:0.24333333333333335
Class1BaselineToxicity:0.16555555555555557
Class2LessInertCompounds:0.16555555555555557
