ClusterTest:0.5922222222222223
DataRecordEntry:0.5183333333333333
MergeOperationHandler:0.15666666666666668
MPut:0.14666666666666667
