LineTokenizer:0.8633333333333333
FieldSetMapper:0.8633333333333333
FlatFileItemWriter:0.33666666666666667
LineAggregator:0.31666666666666665
FormatterLineAggregatorTests:0.24
FlatFileItemWriterTests:0.22666666666666666
OrderItemReader:0.22333333333333333
FixedLengthTokenizerTests:0.22
DelimitedLineTokenizerTests:0.21333333333333335
BeanWrapperFieldSetMapper:0.21333333333333335
DelimitedLineAggregatorTests:0.18
PassThroughLineAggregatorTests:0.18
OrderProcessor:0.17666666666666667
BeanWrapperFieldSetMapperTests:0.16666666666666666
CompositeCustomerUpdateLineTokenizerTests:0.15
AbstractFieldSetMapperTests:0.14333333333333334
PrefixMatchingCompositeLineTokenizerTests:0.14333333333333334
AggregateItemFieldSetMapperTests:0.14333333333333334
DefaultLineMapper:0.13666666666666666
RecursiveCollectionItemTransformerTests:0.11666666666666667
OrderItemReaderTests:0.09833333333333333
PassThroughFieldSetMapperTests:0.09333333333333334
AbstractLineTokenizer:0.09333333333333334
StubLineTokenizer:0.08
AggregateItemFieldSetMapper:0.07333333333333333
DefaultLineMapperTests:0.07333333333333333
FormatterLineAggregator:0.06666666666666667
CompositeCustomerUpdateLineTokenizer:0.056666666666666664
PassThroughLineAggregator:0.040952380952380955
PrefixMatchingCompositeLineTokenizer:0.04
GameFieldSetMapper:0.03
RecursiveCollectionLineAggregator:0.013333333333333334
DelimitedLineAggregator:0.006666666666666667
AddressFieldSetMapper:0.0
TradeMapper:0.0
CustomerFieldSetMapper:0.0
CustomerUpdateFieldSetMapper:0.0
ShippingFieldSetMapper:0.0
PassThroughFieldSetMapper:0.0
OrderItemFieldSetMapper:0.0
BillingFieldSetMapper:0.0
HeaderFieldSetMapper:0.0
TradeFieldSetMapper:0.0
PlayerFieldSetMapper:0.0
