TransformerToText:0.6766666666666666
GenericOperationsImpl:0.37666666666666665
