HttpWebConnection:0.5166666666666667
HTMLElementTest:0.33666666666666667
HttpWebConnectionTest:0.2966666666666667
