DatabaseLib:0.5066666666666667
Lib:0.4266666666666667
MetadataLib:0.32
LogLib:0.115
Setup:0.06
MefLib:0.043333333333333335
IOLib:0.04
