Lang:0.6366666666666667
Strings:0.4533333333333333
UTF8JsonView:0.2305555555555555
NutEntity:0.22
Images:0.21222222222222223
AbstractJdbcExpert:0.20333333333333334
ScansTest:0.20333333333333334
DefaultMirrorFactory:0.20333333333333334
NutLoading:0.18
ManyLinkField:0.16333333333333333
Sqls:0.1627777777777778
RawView:0.14333333333333334
AbstractAdaptor:0.13666666666666666
DefaultViewMaker:0.13
NutDaoExecutor:0.12333333333333334
BinaryDaoTest:0.10666666666666667
StringsTest:0.09333333333333334
ModuleProcessor:0.07333333333333333
CloseSocketException:0.0
