CompletionPolicy:0.6933333333333334
CompositeCompletionPolicyTests:0.25666666666666665
TaskExecutorRepeatTemplate:0.25333333333333335
TimeoutCompletionPolicyTests:0.2175
CompositeCompletionPolicy:0.20333333333333334
RepeatTemplate:0.19333333333333333
SimpleCompletionPolicyTests:0.09916666666666667
SimpleCompletionPolicy:0.09194444444444444
DefaultResultCompletionPolicy:0.06333333333333334
CompletionPolicySupport:0.034166666666666665
