PA:0.5766666666666667
QuadProgramLocation:0.4066666666666667
InlineMapping:0.3416666666666667
BCProgramLocation:0.29277777777777775
BuildMethodSummary:0.2807777777777778
InlineSelectedCalls:0.18200000000000002
TypeCheckInliningDecision:0.06
