QsarPackage:0.78
MoleculeResourceType:0.641888888888889
QsarPackageImpl:0.48333333333333334
Literals:0.3333333333333333
MoleculeResourceTypeImpl:0.2966666666666667
