Gdx2DPixmap:0.47
NativeCodeGenerator:0.3433333333333333
JavaMethod:0.31666666666666665
RobustJavaMethodParser:0.22
LwjglDebugStarter:0.09666666666666666
