DeliveriesTest:0.5933333333333334
Maps:0.42833333333333334
HibernatePersistenceProvider:0.30333333333333334
