TaskInfo:0.86
TaskInfoInterface:0.7054166666666667
RemoveDataAction:0.32666666666666666
