PercentilesAggregatorBuilder:0.61
PercentileRanksAggregatorBuilder:0.6066666666666667
PercentilesParser:0.25
PercentileRanksParser:0.20666666666666667
