Tensor:0.9033333333333333
ConvolutionalRBM:0.3911111111111111
TensorTests:0.09333333333333334
