ConfigurationParameters:0.5633333333333334
ExecutionRequest:0.48
ExecutionEventRecorder:0.36
DefaultLauncher:0.25666666666666665
LauncherConfigurationParameters:0.24666666666666667
AbstractJUnit5TestEngineTests:0.22666666666666666
HierarchicalTestExecutorTests:0.19666666666666666
TestEngineStub:0.14333333333333334
DefaultLauncherTests:0.08666666666666667
