AzureBlobStore:0.6833333333333333
AzureBlobContainer:0.5916666666666667
AzureRepository:0.31611111111111106
