JibxGxlIO:0.5833333333333334
DefaultArchiveSystemStore:0.4222222222222222
DefaultGxl:0.25666666666666665
