CertTools:0.5944444444444443
KeyTools:0.24666666666666667
ValidityDate:0.21666666666666667
QueryGenerator:0.19722222222222222
DnComponents:0.19333333333333333
CrlStoreSessionBean:0.17
