UriUniqFilter:0.6533333333333333
HostQueuesFrontier:0.365
BdbUriUniqFilter:0.32666666666666666
FPUriUniqFilter:0.3233333333333333
BdbUriUniqFilterTest:0.2277777777777778
FPUriUniqFilterTest:0.22
BdbFrontier:0.2125
ExperimentalFrontier:0.2
MemUriUniqFilter:0.14777777777777779
