WebFilter:0.3933333333333333
MapContainer:0.37
XMLConfigBuilderTest:0.3433333333333333
VersionCheck:0.33
WebfilterTestCase:0.22
RequestWrapper:0.22
SimpleMapStore:0.21333333333333335
HazelcastHttpSession:0.20111111111111113
TestServlet:0.09333333333333334
ClientMapStoreTest:0.07333333333333333
MapStoreBackup:0.03666666666666667
ClientMultiMapListenerStressTest:0.0
