DefaultRegisteredServiceFactory:0.52
CasManagementWebAppConfiguration:0.41333333333333333
RegisteredServiceSimpleFormControllerTests:0.16666666666666666
DefaultAttributeReleasePolicyMapper:0.15311111111111111
ManageRegisteredServicesMultiActionControllerTests:0.14666666666666667
AbstractManagementController:0.029444444444444447
