AbstractTestCase:0.5233333333333333
CommentMgmtService:0.18333333333333332
PageMgmtService:0.15666666666666668
ArticleMgmtService:0.15
StatisticMgmtService:0.10666666666666667
InitService:0.10666666666666667
PluginMgmtService:0.09333333333333334
UserMgmtService:0.09333333333333334
PreferenceMgmtService:0.08333333333333333
