ArmourFacing:0.5453333333333333
Game:0.41333333333333333
Facing:0.31666666666666665
Hex:0.29333333333333333
Gun:0.2733333333333333
Vehicle:0.24666666666666667
Tables:0.17666666666666667
