AbstractJChemPaintHandler:0.9466666666666667
RemoveHandler:0.1861111111111111
