ForeignKeyGenerationTest:0.6608333333333334
CrossSchemaForeignKeyGenerationTest:0.4866666666666667
SchemaUpdateDelimiterTest:0.18
