ThresholdingVisitor:0.5033333333333333
IfInfo:0.32666666666666666
Datum:0.3233333333333333
SnmpSession:0.2833333333333333
SnmpAttribute:0.23666666666666666
NodeInfo:0.19666666666666666
GenericIndexResource:0.19666666666666666
