WrappedXaResource:0.34
DualNodeJtaTransactionManagerImpl:0.29
XaTransactionImpl:0.23666666666666666
DualNodeJtaTransactionImpl:0.23
ConcurrentWriteTest:0.22666666666666666
ClassLoaderTestDAO:0.20666666666666667
BasicTransactionalTestCase:0.19666666666666666
