Device:0.35
FluxDebugger:0.25333333333333335
Buffer:0.24
JOCLDevice:0.23333333333333334
Kernel:0.21
JOCLContext:0.14666666666666667
ComputeContext:0.05
SharedBuffer:0.03
JOCLDeviceFilter:0.0011111111111111111
