BroadcasterCache:0.6566666666666666
DefaultBroadcaster:0.39666666666666667
UUIDBroadcasterCache:0.28
AbstractBroadcasterCache:0.24
DefaultBroadcasterCache:0.19
BroadcasterCacheTest:0.17
DefaultBroadcasterTest:0.14
WriteResult:0.09666666666666666
HeaderBroadcasterCache:0.03666666666666667
SessionBroadcasterCache:0.023333333333333334
