AbstractShapeFigure:0.6102777777777778
ChopEllipseConnector:0.13777777777777778
ChopRectangleConnector:0.13777777777777778
