KeyStoreContainer:0.65
KeyStoreContainerFactory:0.35
KeyStoreContainerBase:0.2966666666666667
KeyStoreContainerJCE:0.285
Sign:0.28
KeyStoreContainerTest:0.19666666666666666
HSMKeyTool:0.18333333333333332
CATokenContainerImpl:0.16
NormalTest:0.15
Crypto:0.15
KeyStoreContainerP11:0.12444444444444443
HwCaInitCommand:0.07666666666666666
