VFS:0.22591396
VFSBrowser:0.10866828
VFSFile:0.10312383
VFSManager:0.10042132
BrowserView:0.094162
WorkThread:0.055873748
WorkRequest:0.045111854
jEdit:0.04263652
Log:0.025357379
OperatingSystem:0.008272972
