TimingDemoFragment:0.42
RetrofitFragment:0.365
PseudoCacheMergeFragment:0.3516666666666667
RetrofitAsyncTaskDeathFragment:0.23111111111111116
PseudoCacheConcatFragment:0.23
GetGithubUser:0.13666666666666666
