CommandProtocol:0.5066666666666667
CommandResultCallback:0.46
KillCursorProtocol:0.3233333333333333
