AbstractEntityBinder:0.45
MetadataImpl:0.38
HbmBinder:0.36
TypeDef:0.2955555555555555
MetadataImplementor:0.14416666666666667
TypeDefBinder:0.0033333333333333335
