Batch:0.68
AbstractDataCaptureBuilder:0.39
TableCopy:0.25
DataProcessor:0.22666666666666666
SqlDataWriter:0.22444444444444447
H2DataCaptureBuilder:0.21
OracleDataCaptureBuilder:0.21
SqlTableDataReader:0.16666666666666666
TableCopyProperties:0.16555555555555554
AbstractDataWriter:0.11666666666666667
DataFromSqlTableMapper:0.0
