JMXConnectionThread:0.4996666666666667
JMXConnectionWrapper:0.4666666666666667
TestJMX:0.42333333333333334
