EditorManager:0.615
ISharedEditorListener:0.5219444444444444
SharedEditorListenerDispatch:0.30333333333333334
FollowModeAction:0.2833333333333333
AbstractSharedEditorListener:0.16972222222222222
