ExecutionService:0.74
WfeScriptRunner:0.4066666666666667
JbpmExecutionLogic:0.3
JbpmExecutionServiceBean:0.29333333333333333
ExecutionServiceDelegate:0.2732777777777778
ArchiveDAOHibernateImpl:0.25333333333333335
ExecutionServiceDelegateLocalImpl:0.24333333333333335
ExecutionServiceDelegateRemoteImpl:0.24333333333333335
JbpmCommonLogic:0.12333333333333334
