RoverMission:0.5633333333333334
Trade:0.26
Exploration:0.25333333333333335
RescueSalvageVehicle:0.22333333333333333
BiologyStudyFieldMission:0.20333333333333334
AreologyStudyFieldMission:0.20333333333333334
Mining:0.1988888888888889
TravelToSettlement:0.19555555555555557
CollectResourcesMission:0.19
