GwtServerHelper:0.5466666666666666
GwtViewHelper:0.3933333333333333
GwtTaskHelper:0.35333333333333333
GwtSharedMeItem:0.3433333333333333
PresenceControl:0.30333333333333334
GwtEventHelper:0.2833333333333333
PrincipalInfo:0.22666666666666666
GwtRpcServiceImpl:0.225
AssignmentInfo:0.21333333333333335
GwtCalendarHelper:0.19666666666666666
AssignmentCell:0.13
PresenceCell:0.09333333333333334
