RuntimeEnvironment:0.8033333333333333
ConfigMessageTest:0.34
ConfigMessage:0.32666666666666666
