StatsTraceContext:0.4266666666666667
AbstractInteropTest:0.37666666666666665
NettyClientHandler:0.30333333333333334
TransportState:0.27666666666666667
OkHttpClientStream:0.2733333333333333
