ReplicaSetStatus:0.6166666666666667
DBTCPConnector:0.5116666666666667
Updater:0.4166666666666667
