AltAST:0.3466666666666667
Tool:0.31166666666666665
LeftRecursiveRuleAnalyzer:0.2866666666666667
LeftRecursiveRule:0.25
LeftRecursiveRuleAltInfo:0.24666666666666667
ParserRuleContext:0.23833333333333334
TerminalNodeImpl:0.23833333333333334
RuleRefAST:0.19166666666666668
StructDecl:0.16333333333333333
RuleFunction:0.14666666666666667
LeftRecursiveRuleTransformer:0.14
TestT:0.09333333333333334
ParseTreeVisitor:0.02666666666666667
