DbMigrator:0.5366666666666666
DbSupportFactory:0.49
MySQLMigrationMediumTest:0.48333333333333334
