RequestTemplate:0.6633333333333333
TestInterface:0.4752619047619047
RecordedRequestAssert:0.26666666666666666
Default:0.22333333333333333
AbstractClientTest:0.1
