AbstractDbDialect:0.5433333333333333
SqlTemplate:0.3933333333333333
IDbDialect:0.37
StreamInsertDataCommand:0.21
StreamUpdateDataCommand:0.21
StreamReloadDataCommand:0.16194444444444445
AbstractStreamDataCommand:0.09
