EventHandler:0.6733333333333333
ClientMapProxy:0.31333333333333335
ClientCallFuture:0.245
ClientNearCache:0.23333333333333334
AbstractClientCollectionProxy:0.23
ClientReplicatedMapProxy:0.22666666666666666
ClientMultiMapProxy:0.20777777777777778
ClientQueueProxy:0.20777777777777778
ProxyManager:0.20666666666666667
ClientTopicProxy:0.20166666666666666
ClientIssueTest:0.11
