TestResourceIndex:0.8166666666666667
TestResourceIndexLevels:0.33888888888888885
