CaInitCommand:0.5841666666666666
BaseCommand:0.39
CaInitCommandTest:0.38333333333333336
