GaServer:0.8566666666666667
Spy:0.34
AgentLauncher:0.2633333333333333
