WMSLayer:0.38
EditWMSQueryPanel:0.33
WMService:0.30666666666666664
FeatureInfoRequest:0.225
MapLayerPanel:0.2041666666666667
EditWMSQueryPlugIn:0.15444444444444444
FeatureInfoTool:0.11
AbstractWMSRequest:0.1
