HttpClientImpl:0.49666666666666665
ConnQueue:0.45666666666666667
WebsocketTest:0.2866666666666667
ConnectionManager:0.18333333333333332
QueueManager:0.17333333333333334
