GwtMainPage:0.6144444444444443
GwtUIHelper:0.45
RequestInfo:0.2833333333333333
WebKeys:0.016666666666666666
