NewMaterial:0.5733333333333334
BlendingAttribute:0.31833333333333336
ColorAttribute:0.31833333333333336
TextureAttribute:0.31833333333333336
FloatAttribute:0.22976190476190478
