ParameterService:0.6266666666666667
IParameterService:0.43333333333333335
ClientSymmetricEngine:0.33
