XmlConfigBuilder:0.54
XMLConfigBuilderTest:0.3466666666666667
ConfigLoader:0.22666666666666666
