JavaScriptEngine:0.47
HtmlUnitContextFactory:0.4033333333333333
ScriptPreProcessorTest:0.23666666666666666
HtmlUnitContextAction:0.22
TimeoutContext:0.19333333333333333
