GitRepository:0.6333333333333333
GitHistoryParser:0.2733333333333333
RenamedFilesParser:0.19
GitRepositoryTest:0.18
