FloatingActionButton:0.6433333333333333
FloatingActionsMenu:0.42
GridLayoutRVAdapter:0.30333333333333334
GridLayoutRVTest:0.13
