Buffer:0.87
BufferedSink:0.6013333333333334
RealBufferedSink:0.34
SocketTimeoutTest:0.31
BufferedSinkTest:0.22333333333333333
