HeadersOnType:0.6423253968253968
DefaultContractTest:0.54
Default:0.49333333333333335
