Recurring:0.4633333333333333
MainActivity:0.27
ButtonFragment:0.2544444444444445
RecurringPickerDialog:0.25333333333333335
TextfieldFragment:0.21777777777777782
