ContextImpl:0.6
WorkerContext:0.22333333333333333
VertxHandler:0.21333333333333335
ContextInternal:0.21133333333333332
BenchmarkContext:0.17111111111111113
EventLoopContext:0.16944444444444445
MultiThreadedWorkerContext:0.14333333333333334
