AbstractFolderModule:0.4533333333333333
Statistics:0.43666666666666665
DefinitionHelper:0.38666666666666666
MapInputData:0.25722222222222224
