StatusMessageFlyweight:0.6866666666666666
RcvFrameHandler:0.36333333333333334
UnicastReceiverTest:0.28
ControlFrameHandler:0.24666666666666667
UnicastSenderTest:0.21
UdpTransport:0.19333333333333333
