ITransportManager:0.45450000000000007
DataLoaderService:0.37666666666666665
InternalTransportManager:0.3566666666666667
HttpTransportManager:0.3333333333333333
RegistrationService:0.33133333333333337
MockTransportManager:0.25333333333333335
AbstractTransportManagerUnitTest:0.23333333333333334
TransportManagerFactoryBean:0.2
PushService:0.2
AbstractTransportManager:0.18
