Lang:0.66
Mirror:0.46
Files:0.42
PropertiesProxy:0.3
Segments:0.17
ObjectMakerImpl:0.11333333333333333
RawViewTest:0.11333333333333333
