Target:0.6933333333333334
TypeProxy:0.29333333333333333
AbstractBase:0.2866666666666667
MethodDelegationSuperTest:0.26
TypeProxyTest:0.15
SameMethodAsSpecialInvocation:0.14333333333333334
ByConstructor:0.09666666666666666
MethodCall:0.09333333333333334
ByReflectionFactory:0.07
MethodLookup:0.0425
VirtualSpecialMethodInvocation:0.03666666666666667
SilentConstruction:0.02666666666666667
