RoutineDefinition:0.43333333333333335
DefaultGenerator:0.38666666666666666
AbstractRoutineDefinition:0.29
jOOQOracleTest:0.27666666666666667
OracleDatabase:0.23333333333333334
OracleRoutineDefinition:0.19
AbstractRoutine:0.15666666666666668
OraclePackageDefinition:0.14166666666666664
