Subprocess:0.6783333333333333
TaskState:0.3333333333333333
BpmnSerializer:0.2
GroovyDecisionModel:0.16666666666666666
LayoutStateNodeFeature:0.12
GroovyValidationModel:0.11
AsyncFeatureDelegate:0.09666666666666666
AddTaskStateNodeFeature:0.08333333333333333
EmbeddedSubprocessActionsDelegate:0.07666666666666666
AddSubProcessFeature:0.04
AddMultiTaskFeature:0.016666666666666666
