Builder:0.56
URLConnectionTest:0.36666666666666664
Headers:0.29333333333333333
CacheHttpURLConnection:0.21333333333333335
HttpURLConnectionImpl:0.20333333333333334
HeadersTest:0.16666666666666666
