Expirable:0.7066666666666667
Value:0.3333333333333333
IMapRegionCache:0.31666666666666665
ExpiryMarker:0.31666666666666665
LocalRegionCache:0.30666666666666664
UnlockEntryProcessor:0.16333333333333333
UpdateEntryProcessor:0.16333333333333333
