FreshValueExpression:0.5233333333333333
OLParser:0.26
TypeChecker:0.25
OptimizerVisitor:0.24
FreshValueExpressionNode:0.22666666666666666
InterfaceVisitor:0.21083333333333334
OLVisitor:0.20083333333333334
ProgramVisitor:0.20083333333333334
ProgramInspectorCreatorVisitor:0.20083333333333334
OOITBuilder:0.19
SemanticVerifier:0.1675
