RangeFieldMapper:0.6233333333333333
RangeFieldMapperTests:0.2833333333333333
Range:0.23333333333333334
RangeFieldTypeTests:0.22166666666666668
