BlobTransferTarget:0.5233333333333333
CrateRestMainActionListener:0.22666666666666666
RestMainActionListener:0.17
AdminUIFrontpageActionListener:0.14
