RecordingSession:0.5177777777777778
FailRecordingEventsListener:0.15333333333333332
NotificationsProxy:0.15
RecordingEventsListener:0.09333333333333334
