OracleDdlReader:0.5683333333333334
ModelComparator:0.43444444444444447
OraclePlatform:0.33666666666666667
