BaseOutputLayer:0.36666666666666664
BaseLayer:0.29333333333333333
SubsamplingLayer:0.205
ConvolutionLayer:0.18666666666666668
OutputLayer:0.17916666666666667
GravesLSTM:0.14888888888888888
RnnOutputLayer:0.14
DenseLayer:0.1277222222222222
