Graph:0.6366666666666667
TypeRoot:0.5966666666666667
RGGGraph:0.4033333333333333
SpacingPattern:0.28
RGGRoot:0.27
