TestResourceIndex:0.3333333333333333
TestDateTime:0.32666666666666666
TestResourceIndexImpl:0.2833333333333333
TestResourceIndexQueries:0.2425
TestResourceIndexDB:0.24
TestResourceIndexTimings:0.2377777777777778
TestResourceIndexLevels:0.16666666666666666
TestFoo:0.15333333333333332
TestMETS:0.06333333333333334
