SwingProjectedMapItemRenderer:0.49166666666666664
MapItemListRenderer:0.49
SwingMapSymbol:0.23666666666666666
AbstractSwingProjectedMapItemRenderer:0.16666666666666666
