JFXItemsRenderersHelper:0.49666666666666665
SwingItemsRenderersHelper:0.42
LegendAnchor:0.4066666666666667
CoursePoint:0.3466666666666667
ItemEventHandler:0.3333333333333333
SwingGraphicalProperties:0.3333333333333333
ServerNotificationTempoOnConnectionTest:0.26
JFXMapRenderer:0.26
WidgetsRefHandler:0.25333333333333335
DefaultDataProviderParserHandlerTest:0.25166666666666665
MapHorzPanelRenderer:0.24666666666666667
FrameworkDependencyTest:0.22666666666666666
JFXLineGroupRenderer:0.21
FrameworkManager:0.19
JFXLineArcRenderer:0.19
MapItemsPaneRenderer:0.17666666666666667
JFXMapItemBindingTest:0.17
LineSegmentRenderer:0.17
SymbolGenericRenderer:0.15
AbstractSwingProjectedMapItemRenderer:0.14333333333333334
TriangleEndRenderer:0.14
LineArcRenderer:0.14
JFXLegendRenderer:0.13666666666666666
JFXProjectedMapItemRenderer:0.11753968253968256
TriangleEndDoubleRenderer:0.11666666666666667
LegendRenderer:0.11666666666666667
LegendAnchorRotated:0.11555555555555555
SymbolRotatedRenderer:0.1
SymbolRectangleRenderer:0.1
SymbolTargetRenderer:0.1
SymbolOvalRenderer:0.1
SymbolCircleRenderer:0.1
SymbolRunwayRenderer:0.1
CourseArc:0.09
AbstractJFXProjectedMapItemRenderer:0.08833333333333333
TriangleSegmentDoubleRenderer:0.08666666666666667
TriangleSegmentRenderer:0.08666666666666667
JFXMapItemSegmentArcRendererTest:0.08333333333333333
DrawLineToCursorRenderer:0.08
GenericRendererExtension:0.07666666666666666
FilledPolyStartRenderer:0.07
AbstractItemsRenderersHelper:0.05
