Switch:0.37
TimePicker:0.36333333333333334
MonthView:0.27666666666666667
ThumbMoveAnimator:0.23333333333333334
ThumbRadiusAnimator:0.21333333333333335
SwitchIconAnimator:0.21333333333333335
ThumbStrokeAnimator:0.21333333333333335
RippleManager:0.20833333333333334
