SchedulerService:0.6166666666666667
FileSystemMgtService:0.3333333333333333
MCMScuService:0.25
StoreScpService:0.23
MPPSEmulatorService:0.18
StudyReconciliationService:0.18
SyncFileStatusService:0.18
AbstractCacheService:0.18
CompressionService:0.18
CheckStudyPatientService:0.18
MD5CheckService:0.17333333333333334
ConsistenceCheckService:0.17333333333333334
SchedulerDelegate:0.09
