TraceableInputStreamWrapper:0.62
RuntimeStatisticsMBean:0.43333333333333335
RuntimeStatistics:0.4166666666666667
