PeerEventListener:0.5397777777777778
AbstractPeerEventListener:0.5397777777777778
PeerGroup:0.5066666666666667
NativePeerEventListener:0.17833333333333334
PeerGroupTest:0.17333333333333334
