DefaultMongoSyncConnection:0.6566666666666666
MongoServerBindings:0.3333333333333333
MongoBatchInsertTest:0.22666666666666666
