ActivationRecord:0.7466666666666667
CallStep:0.37333333333333335
ReturnStep:0.35
