BinderHelper:0.6433333333333333
WebKeys:0.4032222222222222
TemplateModuleImpl:0.35
ListFolderHelper:0.3233333333333333
WorkspaceTreeHelper:0.22111111111111115
ManageVersionControlsController:0.19333333333333333
ConfigureConfigurationController:0.13666666666666666
