SystemConfigurationImpl:0.4766666666666667
ITrackerServices:0.30666666666666664
ITrackerServicesImpl:0.28
WorkflowScriptDAOImpl:0.10333333333333333
WorkflowScriptDAO:0.06333333333333334
