AbstractZoneModule:0.6033333333333334
WorkAreaOperation:0.46722222222222226
SharingModuleImpl:0.36
ObjectKeys:0.03
