Person:0.72
PersonService:0.47711904761904766
PersonDao:0.47711904761904766
SearchCriteria:0.2966666666666667
TraditionalPersonDaoImpl:0.22333333333333333
PersonDaoImpl:0.21833333333333332
PersonServiceImpl:0.18166666666666667
PersonDaoImplTest:0.16166666666666665
PersonServiceImplTest:0.15333333333333332
SearchFlowExecutionTest:0.05
PersonValidator:0.020055555555555556
SearchCriteriaTest:0.012222222222222221
SearchCriteriaValidator:0.0
