JPPFJob:0.6216666666666667
TemplateApplicationRunner:0.3655555555555556
