ParameterSignature:0.4666666666666667
AllMembersSupplier:0.34
HasDataPointsArrayField:0.3027420634920635
HasDataPointsArrayWithMatchingButInaccurateTypes:0.3027420634920635
HasDataPointsWithObjectParameter:0.3027420634920635
ParameterSignatureTest:0.27
AllMembersSupplierTest:0.18
