JolieLabelProvider:0.4533333333333333
JolieFormatter:0.18
JolieProposalProvider:0.11333333333333333
JolieHyperlinkHelper:0.10333333333333333
JolieJavaValidator:0.03
JolieScopeProvider:0.013333333333333334
