ConfigurationClass:0.5666666666666667
ConfigurationPostProcessor:0.3466666666666667
BeanMethod:0.16666666666666666
JavaConfigurationModelBeanDefinitionGenerator:0.11666666666666667
LegacyReflectiveJavaConfigBeanDefinitionReader:0.11333333333333333
ReflectiveSjc87Tests:0.06666666666666667
JavaConfigBeanDefinitionReader:0.06
JavaConfigurationModel:0.06
AsmJavaConfigBeanDefinitionReader:0.043333333333333335
RefactoredReflectiveJavaConfigBeanDefinitionReader:0.013333333333333334
AbstractJavaConfigBeanDefinitionReader:0.0
