Config:0.5566666666666666
RobotManager:0.3933333333333333
JPF:0.38666666666666666
RobotManagerView:0.2794444444444445
ExecTracker:0.25333333333333335
Inspector:0.23333333333333334
JPFRunner:0.2227777777777778
UIInspector:0.16666666666666666
TestNonShared:0.16
VirtualInvocation:0.11277777777777777
MethodAnalyzer:0.11
SharedChecker:0.07666666666666666
