C3DTreeTableView:0.6441666666666667
C3DListViewSkin:0.5994444444444444
