Lang:0.65
Strings:0.4766666666666667
FilePostSender:0.31333333333333335
FieldMatcher:0.26555555555555554
MultiLineProperties:0.24333333333333335
Sender:0.23444444444444448
JsonFormat:0.23333333333333334
AnnotationIocLoader:0.2288888888888889
ComboIocLoader:0.19
MultiLinePropertiesTest:0.02666666666666667
