AbstractJPPFClientConnection:0.47333333333333333
MyJobListener:0.3466666666666667
ClassPathElementImpl:0.16666666666666666
StringUtils:0.14333333333333334
MyJPPFClient:0.043333333333333335
ClientSchedule:0.0033333333333333335
