MaxSizeHeapPercentagePolicy:0.46
CMap:0.44666666666666666
ExecutorManager:0.2833333333333333
MaxSizeHeapPolicy:0.23333333333333334
