CandidateRating:0.40166666666666667
SWDownloadFile:0.38333333333333336
PriorityRating:0.3433333333333333
IRating:0.24966666666666665
SWDownloadSegmentComparatorByRating:0.14444444444444446
