OutputModelFactory:0.561111111111111
ParserFactory:0.43333333333333335
CodeGenerator:0.41
LexerFactory:0.4
