Analyzer:0.6433333333333333
AnalyzerExternal:0.42
WriterExternal:0.31333333333333335
