AbstractBeanInvokingAction:0.65
ResultEventFactory:0.5358333333333334
DefaultResultEventFactory:0.29333333333333333
