TestHibernateApplicationContext:0.7033333333333334
RegionFactoryBeanDefinitionParser:0.2555555555555556
