Ep:0.6966666666666667
Ec:0.6966666666666667
