RegExpr:0.5866666666666667
DefaultLabel:0.44666666666666666
NodeRelation:0.285
AbstractNodeRelation:0.2833333333333333
GraphJEdge:0.27666666666666667
RegExprLabelParser:0.23333333333333334
Atom:0.23333333333333334
GraphJModel:0.23
AspectualRuleView:0.2269285714285714
GraphJVertex:0.21666666666666667
AutomatonCalculator:0.21666666666666667
RelationCalculator:0.21666666666666667
NewRuleView:0.19476190476190477
MatrixAutomaton:0.17976190476190476
DefaultRuleView:0.16333333333333333
DefaultAutomaton:0.15666666666666668
