NettyClientTransport:0.4216666666666667
NettyServer:0.31333333333333335
NettyServerBuilder:0.29333333333333333
NettyChannelBuilder:0.24666666666666667
NettyClientTransportFactory:0.13
