SwaggerExtension:0.6666666666666667
Reader:0.5133333333333333
AbstractSwaggerExtension:0.31666666666666665
