MultiLayerNetwork:0.5466666666666666
BaseOutputLayer:0.45
RecordReaderDataSetIterator:0.41
Classifier:0.22166666666666668
