Plugin:0.5166666666666667
IndexService:0.4633333333333333
PluginsService:0.3933333333333333
ExternalMapperPlugin:0.11666666666666667
MapperSizePlugin:0.051111111111111114
MapperMurmur3Plugin:0.051111111111111114
