Signature:0.4666666666666667
FunctionListBuilder:0.33
AbstractTestAggregationFunction:0.26
RowType:0.23472222222222225
FunctionRegistry:0.23333333333333334
Signatures:0.22
Visitor:0.20166666666666666
TypeUtils:0.17
ReflectionWindowFunctionSupplier:0.13333333333333333
