AntFarm:0.5766666666666667
AntFarmPlugin:0.53
PropertiesOptionPane:0.25666666666666665
PropertyDialog:0.18666666666666668
