PythonInterpreter:0.6
ThreadLocalBindingsTest:0.5866666666666667
PyScriptEngineScope:0.2511111111111111
ScriptEngineTest:0.24333333333333335
PyScriptEngine:0.23333333333333334
jython:0.19
