AbstractTraversableOnceTest:0.5783333333333334
Node:0.32
AbstractMapTest:0.26666666666666666
TreeMapTest:0.13333333333333333
HashMapTest:0.1
