RangeI:0.6633333333333333
AnnotationEditor:0.51
SelectionSet:0.3333333333333333
Range:0.33166666666666667
TransactionSubpart:0.3233333333333333
FeatureList:0.32
AnnotationChangeCoalescer:0.16833333333333333
