Compiled:0.41305555555555556
Prepared:0.3680555555555556
Default:0.3333333333333333
AbstractTypeDescriptionTest:0.33
MalformedBase:0.3272804232804233
ValidatingClassVisitor:0.25333333333333335
Simple:0.23666666666666666
Traversal:0.2063968253968254
PublicVisibilityBridgeExtension:0.2063968253968254
PackagePrivateVisibilityBridgeExtension:0.2063968253968254
MethodGraphCompilerDefaultTest:0.2
RedefinitionClassVisitor:0.2
SubclassDynamicTypeBuilderTest:0.19666666666666666
MethodRegistry:0.17666666666666667
AbstractDynamicTypeBuilderTest:0.16333333333333333
ForCreation:0.15444444444444444
AbstractDynamicTypeBuilderForInliningTest:0.14666666666666667
VisibilityBridgeExtension:0.1437301587301587
MethodGraph:0.13666666666666666
Handler:0.13666666666666666
ClassFileExtraction:0.13666666666666666
ForMethod:0.13
VisibilityBridge:0.12666666666666668
AgentBuilderDefaultApplicationTest:0.12333333333333334
ByteArrayClassLoaderTest:0.11916666666666667
Merger:0.10333333333333333
NodeList:0.08777777777777779
Compiler:0.08333333333333333
TypeInitializerDelegate:0.07333333333333333
Key:0.07277777777777777
SignatureMalformer:0.05333333333333334
MethodPool:0.05
ValidatingMethodVisitor:0.023333333333333334
SampleGenericType:0.0025
ForDeclaredMethod:0.0025
