NonSkippableReadException:0.7866666666666666
StatefulRetryStepFactoryBeanTests:0.2866666666666667
SkipLimitStepFactoryBeanTests:0.2866666666666667
SkipLimitStepFactoryBean:0.24333333333333335
StatefulRetryItemHandler:0.22222222222222224
