ReferenceConfig:0.515
ServiceConfig:0.4266666666666667
RegistryProtocol:0.36666666666666664
AbstractServiceConfig:0.30666666666666664
