MemberState:0.8966666666666666
MemberStateImpl:0.6
TimedMemberStateFactory:0.18666666666666668
