Worker:0.6133333333333333
ForwardFlowRequestMsg:0.3233333333333333
GraphViewAgent:0.29444444444444445
PackageSym:0.13277777777777777
MutualCorecursion:0.12666666666666668
MangoActionManager:0.09333333333333334
