MapBrowserPanel:0.44666666666666666
MapClientProxy:0.37
ClientMapEntry:0.31666666666666665
MapStatisticsPanel:0.3068095238095238
MapServiceAsync:0.30046031746031737
MapPanel:0.23
HazelcastMonitor:0.22666666666666666
HazelcastClientMapTest:0.17
MapServiceImpl:0.14
