SymmetricEngine:0.5166666666666667
SymmetricDSException:0.4633333333333333
AbstractXmlPublisherExtensionPoint:0.2866666666666667
AbstractJob:0.24333333333333335
PostgreSqlDbDialect:0.20666666666666667
SimpleJmsPublisher:0.18333333333333332
