BrowserHTMLEditorKit:0.7133333333333334
NoObjectView:0.49379365079365073
