OutputWindow:0.6066666666666667
TopicPublisher:0.3566666666666667
