OpenProjectPlugIn:0.8666666666666667
OpenFilePlugIn:0.6233333333333333
FileDragDropPlugin:0.27666666666666667
OpenJumpConfiguration:0.17666666666666667
