CachePutBackupOperation:0.7933333333333333
CacheReplaceOperation:0.31666666666666665
CacheGetAndReplaceOperation:0.31666666666666665
CachePutOperation:0.31666666666666665
CachePutIfAbsentOperation:0.31666666666666665
