JsonPath:0.6166666666666667
GsonJsonProvider:0.30666666666666664
AbstractJsonProvider:0.26666666666666666
EvaluationContextImpl:0.20666666666666667
RootPathRef:0.19666666666666666
ObjectPropertyPathRef:0.19666666666666666
