SsfsInternalFileUrlTag:0.6066666666666667
SsfsInternalAttachmentUrlTag:0.5366666666666666
SsfsInternalTitleFileUrlTag:0.5366666666666666
