DatePicker:0.6858333333333333
DatePickerDialog:0.34833333333333333
DatePickerLayout:0.30666666666666664
ButtonFragment:0.2511111111111111
