Lwjgl3Application:0.44
Lwjgl3Window:0.42333333333333334
Lwjgl3Graphics:0.35333333333333333
Lwjgl3Cursor:0.34
MainWindow:0.19666666666666666
