SnapshotsService:0.7133333333333334
SnapshotsStatusRequest:0.38
ClusterAdminClient:0.37333333333333335
AbstractClusterAdminClient:0.36333333333333334
SharedClusterSnapshotRestoreTests:0.06666666666666667
TransportSnapshotsStatusAction:0.04777777777777778
RestSnapshotsStatusAction:0.04061111111111112
