ShadowTabSpec:0.85
ShadowTabHost:0.17333333333333334
TabSpecTest:0.14
TabHostTest:0.13333333333333333
