InnerHitsContext:0.5266666666666666
SearchContext:0.49666666666666665
TestSearchContext:0.4066666666666667
QueryShardContext:0.31333333333333335
SubSearchContext:0.25666666666666665
PercolateContext:0.24
FilteredSearchContext:0.24
DefaultSearchContext:0.20333333333333334
HasChildQueryBuilderTests:0.19333333333333333
InnerHitsParseElement:0.16666666666666666
NestedQueryBuilderTests:0.15666666666666668
HasParentQueryBuilderTests:0.15666666666666668
InnerHitsFetchSubPhase:0.12
InnerHitsIT:0.11666666666666667
ParentIdQueryBuilderTests:0.10666666666666667
