ClobProxy:0.68
BlobProxy:0.35333333333333333
NClobProxy:0.2633333333333333
SerializableBlobProxy:0.2388888888888889
SerializableClobProxy:0.2388888888888889
