Shader:0.6
WindowManager:0.5766666666666667
PathVisitor:0.5533333333333333
GLGraphics2D:0.44666666666666666
TextureRenderer:0.42
Texture:0.4
Manager:0.38333333333333336
AgileState:0.38
G2DDrawingHelper:0.37761904761904763
AbstractWindowManager:0.30333333333333334
TextRenderer:0.29555555555555557
EmbeddedWindowManager:0.29333333333333333
BasicWindowManager:0.2866666666666667
ProtocolInputDecoder:0.27666666666666667
NativeWindowManager:0.2633333333333333
AgileGraphics2D:0.26
G2DGLCanvas:0.25
OutlineFontRenderer:0.24
MapContext:0.23833333333333334
G2DGLStringDrawer:0.23666666666666666
G2DGLImageDrawer:0.23333333333333334
G2DGLSimpleEventListener:0.22666666666666666
ShapeManager:0.22666666666666666
PolygonOrTesselatingVisitor:0.22333333333333333
AbstractConfigurationParser:0.22333333333333333
VolatileTextureRenderer:0.22
AbstractServerEngine:0.22
GraphicsEngine:0.22
ServerWrapper:0.21333333333333335
ImageUtils:0.20333333333333334
TextureFontRenderer:0.18533333333333335
WindowsWindowManager:0.185
GradientManager:0.18333333333333332
StencilManager:0.18166666666666667
MapHorzItemsRenderer:0.17666666666666667
LegendAnchor:0.17666666666666667
MapVertItemsRenderer:0.17666666666666667
G2DGLPanel:0.17
Pipelined_QuadRenderer:0.17
G2DGLShapeDrawer:0.16
LineDrawingVisitor:0.14666666666666667
AbstractLegendRenderer:0.11333333333333333
Legend:0.09666666666666666
G2DGLEventListener:0.08666666666666667
FastLineVisitor:0.085
AbstractShader:0.08333333333333333
LegendRenderer:0.08333333333333333
GLShaderGraphics2D:0.07783333333333332
TesselatorVisitor:0.07333333333333333
FillSimpleConvexPolygonVisitor:0.051666666666666666
VertexBuffer:0.05
ResourceShader:0.043333333333333335
G2DShaderShapeDrawer:0.023333333333333334
ShaderException:0.02
G2DShaderImageDrawer:0.016666666666666666
GLAwareRepaintManager:0.016666666666666666
G2DShaderStringDrawer:0.016666666666666666
SimplePathVisitor:0.01
LegendAnchorRotated:0.0
