RedissonSubList:0.4166666666666667
RedissonScoredSortedSetReactive:0.385
RedissonSetCacheReactive:0.37333333333333335
RedissonListMultimapCache:0.23333333333333334
