Element:0.5966666666666667
Node:0.5233333333333333
TextNode:0.3
ElementTest:0.23666666666666666
Collector:0.15916666666666668
OuterHtmlVisitor:0.14666666666666667
DataNode:0.14416666666666667
Comment:0.13333333333333333
XmlDeclaration:0.13333333333333333
Accumulator:0.08333333333333333
