DojoClientDateValidator:0.6466666666666666
DojoDecorationRenderer:0.53
ApplicationConversionService:0.15333333333333332
