DocumentManager:0.5144444444444445
LayoutCanvas:0.29333333333333333
LayoutFrame:0.2633333333333333
PaperSizes:0.25666666666666665
InfoDialog:0.13444444444444442
Template:0.07333333333333333
