AbstractExpressionParser:0.35333333333333333
OgnlExpression:0.32
ELExpressionParser:0.20333333333333334
OgnlExpressionParserTests:0.2
ELExpressionParserTests:0.12333333333333334
