Options:0.5496507936507937
MiscUtilities:0.5333333333333333
jEdit:0.53
GeneralOptionPane:0.19666666666666666
