IssueUtilitiesTest:0.42333333333333334
ConfigurationServiceImplTest:0.3566666666666667
IssueFieldTest:0.32
ImportExportUtilitiesTest:0.29
CustomFieldTest:0.27
ReportServiceImplTest:0.2
