Property:0.8283333333333334
PropertyIndi:0.3233333333333333
