LocalLib:0.54
ResourceLib:0.14333333333333334
Lib:0.014071428571428572
