Panel3D:0.45666666666666667
Reprap:0.43666666666666665
Printer:0.4144722222222222
NullCartesianMachine:0.2833333333333333
Preferences:0.24444444444444446
Previewer:0.21388888888888885
PreviewPanel:0.21333333333333335
Producer:0.1577777777777778
PreviewWindow:0.13333333333333333
