Builder:0.4166666666666667
DenoisingAutoEncoder:0.32
MatrixUtil:0.30333333333333334
MathUtils:0.29
NetworkRunner:0.2725
BaseNeuralNetwork:0.25
LogisticRegression:0.20666666666666667
TopicModeling:0.20388888888888887
BaseMultiLayerNetwork:0.19666666666666666
StackedDenoisingAutoEncoder:0.17333333333333334
SdaTest:0.12666666666666668
MnistSdaTest:0.12666666666666668
SdaRunnerTest:0.11333333333333333
