ScepServlet:0.5433333333333333
ScepConfigMBean:0.44333333333333336
UpdateCommand:0.26666666666666666
EnterpriseEditionEjbBridgeSessionLocal:0.23441666666666672
ScepOperationPlugin:0.23159523809523813
EnterpriseEjbLocalHelper:0.15
EnterpriseEditionEjbBridgeSessionBean:0.13222222222222224
