LocalMapStatsImpl:0.4666666666666667
ClientMapTest:0.2966666666666667
LocalReplicatedMapStatsImpl:0.28
NearCache:0.2733333333333333
NearCacheStatsImpl:0.2575
ClientMapBasicTest:0.24333333333333335
AbstractBaseReplicatedRecordStore:0.22111111111111115
LocalMapStatsProvider:0.17
LocalMapOnDemandCalculatedStats:0.07166666666666667
CacheRecord:0.058333333333333334
