FileUtils:0.6566666666666666
FolderServiceImpl:0.4533333333333333
FileResource:0.22333333333333333
FileProperties:0.14238095238095239
FileVersionProperties:0.07238095238095238
FileVersionResource:0.03666666666666667
