TaskPriorityGraph:0.43
TaskStatusGraph:0.39666666666666667
TaskGraphsPanel:0.37666666666666665
TaskGraphBase:0.31333333333333335
