ConfigureImportAction:0.6533333333333333
ImportDataAction:0.38357142857142856
