CommentRepositoryImpl:0.51
AbstractTestCase:0.42333333333333334
ArticleMgmtService:0.21
RepairProcessor:0.20333333333333334
PageMgmtService:0.18
CommentMgmtService:0.16666666666666666
InitService:0.14944444444444446
CommentQueryService:0.12666666666666668
PageCommentReplyNotifier:0.115
ArticleCommentReplyNotifier:0.115
