RnnLossLayer:0.43
ConvolutionUtils:0.39666666666666667
CnnLossLayer:0.24666666666666667
OutputLayerGradientChecks:0.029444444444444447
