StatusInfo:0.73
StatusUpdaterTest:0.22666666666666666
StatusUpdater:0.22
StatusInfoTest:0.13666666666666666
