XMLObject:0.4866666666666667
LoaderUtilities:0.44666666666666666
XMLMessage:0.44333333333333336
Padding:0.37666666666666665
Converter:0.37333333333333335
JFXUtilsFactory:0.35800000000000004
SwingUtilsFactory:0.35800000000000004
XMLEvent:0.35
IntValue:0.34
WidgetMessage:0.32466666666666666
WidgetEvent:0.30666666666666664
ClientConfiguration:0.2866666666666667
DefaultParamStructConverter:0.27666666666666667
ServerConfigurationParser:0.27666666666666667
AbstractWidgetRefHandler:0.27
SwingFactory:0.26866666666666666
EventParameter:0.25666666666666665
ARINCModelFactory:0.25555555555555554
JFXTriangleEndDoubleRenderer:0.24666666666666667
DefaultARINCUtils:0.24666666666666667
JFXLineArcRenderer:0.24666666666666667
JFXTriangleEndRenderer:0.24666666666666667
AbstractXMLDFHandler:0.24666666666666667
JFXLineSegmentRenderer:0.24666666666666667
MessageDecoder:0.23166666666666666
ServerMessageProcessor:0.23
ServerMapItemsUtilities:0.23
SymbolAnimatedRendererTest:0.23
XMLMessageTest:0.22
TreeEditorHelper:0.21666666666666667
ProtocolInputDecoder:0.21666666666666667
BasicWindowManager:0.21333333333333335
BlinkingContainerTest:0.21
ARINCComUtils:0.2086111111111111
AbstractWidgetRefHandler4Test:0.20833333333333334
EditBoxTextRendererTest:0.20666666666666667
JFXConfiguration:0.20333333333333334
BasicClientEngine:0.20333333333333334
JFXTriangleSegmentRenderer:0.19666666666666666
JFXTriangleSegmentDoubleRenderer:0.19666666666666666
JFXLegendRenderer:0.19666666666666666
SymbolAnimatedRenderer:0.19305555555555554
DefaultBufferOfItemsConverter:0.19
WidgetEventStruct:0.1880952380952381
ScrollablePanel:0.18666666666666668
IntIntValue:0.18666666666666668
FrameworkConfiguration:0.18333333333333332
JFXEditBoxMultilineTest:0.18333333333333332
DefaultBinaryDFDecoder:0.18333333333333332
CheckARINCDefinitionTest:0.18166666666666667
StructureBlockConverter:0.16333333333333333
ServerCockpitConnectors2Test:0.16
ObjectGenerator:0.15666666666666668
MultiAppliGeneratorTest:0.14666666666666667
MultiAppliGenerator2Test:0.14666666666666667
MultiAppliGenerator3Test:0.14666666666666667
StatefullAPIImpMapItemsTest:0.14333333333333334
ExtensionProtocolXMLTest:0.14
DecorationPainterTest:0.12666666666666668
MutuExclRendererTest:0.12666666666666668
ClientWidgetPanel:0.12666666666666668
ServerCockpitConnectors3Test:0.12333333333333334
StatefullAPIImpMapItems2Test:0.12333333333333334
ARINCDefinitionVerifier:0.12333333333333334
ProtocolInputDecoderServer_3Test:0.12166666666666667
MutuExclRendererWithExtensionTest:0.11333333333333333
DecorationPainter2Test:0.11333333333333333
ServerCockpitConnectors4Test:0.11333333333333333
DecorationPainter3Test:0.11333333333333333
DefaultBufferFormatUtils:0.09666666666666666
DefaultEventStructConverter:0.09333333333333334
AbstractARINCEncoder:0.08666666666666667
SwingUtilsFactoryTest:0.06416666666666666
JFXUtilsFactoryTest:0.05
ParamStructConverter:0.04666666666666667
EventStructConverter:0.03666666666666667
AbstractStructureBlockConverter:0.016666666666666666
ServerMapItemsTestUtilities:0.0
