LTSJGraph:0.69
LTSJModel:0.45166666666666666
LTSGraphPanel:0.2733333333333333
