Constants:0.5454444444444446
EntityIndexUtils:0.53
VibeWebDavResponseHandler:0.52
FileResource:0.4
FileIndexData:0.23666666666666666
WebdavResourceFactoryFactory:0.13
WebdavServlet:0.08
