ClientConductor:0.5733333333333334
ClientConductorTest:0.44333333333333336
Aeron:0.3125
DriverListener:0.19
DriverListenerAdapter:0.15666666666666668
