BitMatrix:0.54
BitArray:0.5266666666666666
Detector:0.35
BinaryBitmap:0.24277777777777781
QRCodeBlackBox1TestCase:0.12
QRCodeBlackBox4TestCase:0.12
QRCodeBlackBox2TestCase:0.12
QRCodeBlackBox6TestCase:0.12
QRCodeBlackBox3TestCase:0.12
DataMatrixBlackBox2TestCase:0.11666666666666667
QRCodeBlackBox5TestCase:0.09333333333333334
BitMatrixTestCase:0.02666666666666667
