FieldDefinition:0.9066666666666666
RecordEditor:0.4666666666666667
