Q:0.64
TestApp:0.2833333333333333
BlockingQueueManager:0.26666666666666666
ConcurrentMapManager:0.21666666666666667
Node:0.21
BaseManager:0.2
