ClientWiredStatelessChronicleMap:0.5666666666666667
MapWireHandler:0.4033333333333333
ClientWiredStatelessTcpConnectionHub:0.37666666666666665
