CommonConfiguration:0.6566666666666666
BasicClientEngine:0.31666666666666665
EditorWidgetTableConstructor:0.28
AbstractServerEngine:0.2633333333333333
WidgetListener:0.23
PropertyPanelFactory2Test:0.20333333333333334
AbstractClientEngine:0.2
NetworkHandlerKOTest:0.18666666666666668
NetworkHandlerTest:0.185
NetworkHandler2Test:0.12666666666666668
