TedSerie:0.6933333333333334
StandardStructure:0.4766666666666667
Sorter:0.24333333333333335
