OverViewGFXController:0.6433333333333333
OverViewReportController:0.38333333333333336
