Layer:0.62
ComputationGraph:0.44333333333333336
FrozenLayer:0.383
MultiLayerNetwork:0.3
GravesBidirectionalLSTM:0.28888888888888886
LSTM:0.2833333333333333
GravesLSTM:0.24333333333333335
ConvolutionLayer:0.23666666666666666
VariationalAutoencoder:0.23
BaseLayer:0.14
