MapPreconditionsTest:0.32
ClientMapProxy:0.30666666666666664
NoOpEntryProcessor:0.23666666666666666
MapProxyImpl:0.22333333333333333
EntryProcessorTest:0.20333333333333334
MapProxySupport:0.19416666666666665
