Jedis:0.48333333333333334
BinaryJedis:0.37333333333333335
Protocol:0.37
Connection:0.295
Client:0.29
BinaryClient:0.24666666666666667
JedisPool:0.21666666666666667
