TypeUtils:0.7266666666666667
DefaultJSONParser:0.5372222222222222
JavaObjectDeserializer:0.27666666666666667
