AbstractMapReduceTask:0.5955555555555555
DateHelper:0.4644444444444444
