StateList:0.8511111111111112
LTSTab:0.6416666666666667
