AsyncProvidersBasicTest:0.49166666666666664
ProxyTunnellingTest:0.3477777777777778
NettyRequests:0.3016666666666667
