WhereClause:0.5966666666666667
NullEliminator:0.2694444444444445
Visitor:0.23111111111111116
NullEliminatorTest:0.21666666666666667
WhereClauseTest:0.19333333333333333
Context:0.09583333333333334
