PolicyBuilder:0.6033333333333334
TableReporter:0.2855555555555555
