DOValidatorXMLSchemaTest:0.5433333333333333
RelsExtValidatorTest:0.35
TestAtomDODeserializer:0.33599999999999997
