CsvLoader:0.535
MockDataLoaderService:0.47333333333333333
DataLoaderService:0.44444444444444436
