TdsData:0.6566666666666666
ResultSetTest:0.49333333333333335
