HopLexer:0.43
CodeMatcher:0.3997777777777778
HopParser:0.39
HopVirtualMachine:0.25
EditorReader:0.23666666666666666
HopCodeMatcher:0.18333333333333332
DFA86:0.16666666666666666
DFA35:0.16666666666666666
DFA57:0.16666666666666666
FileMatcher:0.155
HopEndMatcher:0.10333333333333333
