FieldsVisitor:0.54
HighlighterSearchTests:0.5366666666666666
PlainHighlighter:0.28
ShardGetService:0.26
FetchPhase:0.20444444444444446
