TopologyDesignTopComponent:0.53
TopologyViewScene:0.5183333333333333
SpecialChildrenTopComponent:0.23333333333333334
ReleaseFromContractAction:0.17333333333333334
