NetClientOptions:0.3333333333333333
NetServerOptions:0.3233333333333333
HttpClientOptions:0.32
TCPOptions:0.30333333333333334
HttpTest:0.2633333333333333
HttpServerOptions:0.24
NetServerImpl:0.19
HttpServerImpl:0.19
NetTest:0.17
