SarosSessionManager:0.6233333333333333
SarosUI:0.3933333333333333
IncomingSessionNegotiation:0.3616666666666667
ISarosSessionManager:0.20083333333333334
