InternalPartitionService:0.7733333333333333
InternalPartitionServiceImpl:0.5133333333333333
MigrateTask:0.28
ReplicaSyncEntryProcessor:0.26666666666666666
BasicOperationService:0.2633333333333333
RepartitioningTask:0.26
ResponsePacketHandler:0.25666666666666665
RemoteCallKey:0.25
OperationBackupHandler:0.22944444444444448
SendClusterStateTask:0.20666666666666667
MigrationThread:0.18666666666666668
SyncReplicaVersionTask:0.14194444444444443
OperationPacketHandler:0.12944444444444442
LocalPartitionListener:0.09277777777777778
