Message:0.49333333333333335
Block:0.31666666666666665
Transaction:0.26
PeerAddress:0.23
TransactionOutput:0.22666666666666666
EmptyMessage:0.17277777777777778
AddressMessage:0.13
TransactionInput:0.11666666666666667
TransactionOutPoint:0.115
ListMessage:0.08
VersionMessage:0.08
InventoryMessage:0.043333333333333335
GetDataMessage:0.043333333333333335
