MockNodeService:0.43333333333333335
INodeService:0.43333333333333335
NodeService:0.17666666666666667
