ServiceRequest:0.5033333333333333
Command:0.38
XSLTOutputter:0.37666666666666665
HttpBoundSession:0.33666666666666667
TestingServiceRequest:0.2966666666666667
MockRequest:0.25333333333333335
TimeSpan:0.23
Servlet:0.21666666666666667
ServiceSession:0.2105952380952381
ServiceRequestImpl:0.20666666666666667
XSLTOutputEvent:0.16333333333333333
ServiceRequestImplConfig:0.16
