Table:0.4666666666666667
BooleanRenderer:0.4066666666666667
MTable:0.30333333333333334
TaskTable:0.26666666666666666
MCheckBoxTable:0.20666666666666667
HelpAction:0.14333333333333334
ConsoleConfig:0.13666666666666666
