InstanceBean:0.65
AttributeFilter:0.5733333333333334
AttributeFilterLoader:0.35333333333333333
ContentItemBean:0.31333333333333335
