MTGKeys:0.7733333333333333
MTGDressingDefaultValues:0.6586666666666667
MTGRoot:0.5066666666666667
MTGBranch:0.19
MTGDressingData:0.07611111111111112
