Range:0.44666666666666666
HTTPRangeSet:0.30333333333333334
SWDownloadFile:0.29333333333333333
CandidateRating:0.25666666666666665
SWDownloadSegment:0.20666666666666667
SWDownloadCandidate:0.2
DownloadEngine:0.1877777777777778
PriorityRating:0.17666666666666667
IRating:0.13666666666666666
