FilePlugin:0.5722222222222222
FileDebugPlugin:0.46
DefaultPluginLoader:0.31333333333333335
