AbstractAnnotationDescriptionTest:0.6033333333333334
TypePoolDefaultAnnotationDescriptionTest:0.37333333333333335
PropertyDispatcherTest:0.31
AnnotationValueBreaker:0.2846111111111111
