DecompressorRegistry:0.5
ClientCallImpl:0.35
ClientCallImplTest:0.30666666666666664
CompressionTest:0.27
TransportCompressionTest:0.21333333333333335
DecompressorRegistryTest:0.13666666666666666
