ChoiceProcess:0.4544444444444444
RequestResponseProcess:0.4266666666666667
OneWayProcess:0.37333333333333335
