FileLocationMgtFilter:0.8133333333333334
DicomFileLocationFilter:0.39888888888888885
