MFAnalyser:0.8133333333333334
MFAnalyserTest:0.43333333333333335
