JNetScriptLineWriter:0.7033333333333334
EdgeViewI:0.30742063492063487
