CarrierWithSectionsTest:0.9133333333333333
CustomReportAction:0.41616666666666663
