MURLButton:0.51
MDialog:0.43
MColor:0.39694444444444443
StaticMouseHandler:0.24777777777777782
