NodeEngine:0.5495476190476191
FactoryIdHelper:0.46309523809523817
NodeEngineImpl:0.36
ConfigDataSerializerHook:0.32666666666666666
XmlConfigBuilder:0.2733333333333333
SpringXmlConfigBuilder:0.26
ConfigCompatibilityChecker:0.22666666666666666
MergeLifecycleListener:0.19333333333333333
MergeIntegerValuesMergePolicy:0.04
