UnitManager:0.58
ArrivingSettlement:0.36
Resupply:0.2833333333333333
Manufacture:0.2599444444444444
ArrivingSettlementUtil:0.11
