MasterClock:0.5833333333333334
ChatBox:0.43
AppLoader:0.30333333333333334
TimeWindow:0.24333333333333335
ClockThreadTask:0.15666666666666668
