OntologyEditor:0.5933333333333334
OntoTreeCellRenderer:0.49666666666666665
DetailsTableCellRenderer:0.49666666666666665
