Array:0.7266666666666667
RandomSequenceGenerator:0.30333333333333334
Path:0.25666666666666665
InverseCumulativeRsg:0.22833333333333333
BrownianBridge:0.21666666666666667
PathGenerator:0.16666666666666666
GenericPseudoRandom:0.15
SingleVariate:0.0
