DistinguishedNameTest:0.5791111111111111
LdapRdnTest:0.32666666666666666
