SentinelConnectionManager:0.5466666666666666
MasterSlaveConnectionManager:0.49
LoadBalancerManager:0.29333333333333333
