TypeLabel:0.53
RuleLabel:0.32666666666666666
AspectGraph:0.26666666666666666
Generator:0.2313888888888889
GxlIO:0.21333333333333335
Atom:0.20333333333333334
