CompilerErrorNode:0.36333333333333334
varMachineTimestampProperty:0.13444444444444442
varValueProperty:0.13444444444444442
varTypeProperty:0.13444444444444442
varTimestampProperty:0.13444444444444442
