Limit:0.45666666666666667
SelectImpl:0.43666666666666665
SelectQuery:0.41277777777777774
SelectQueryImpl:0.275
Keywords:0.08666666666666667
