TypeHandlerRegistry:0.5066666666666667
MapperBuilderAssistant:0.49666666666666665
XMLMapperBuilder:0.35833333333333334
MapperAnnotationBuilder:0.32
ParameterMappingTokenHandler:0.19666666666666666
BaseBuilder:0.19
TypeHandlerRegistryTest:0.03666666666666667
