BrowserVersion:0.71
BrowserVersionClassRunner:0.4533333333333333
BrowserRunner:0.2555555555555556
BrowserParameterizedRunner:0.23
BrowserVersionTest:0.18333333333333332
