ManagedServiceInterceptor:0.5811111111111111
MeteorServiceInterceptor:0.4266666666666667
AtmosphereHandlerServiceInterceptor:0.42333333333333334
