DrawableSeqFeature:0.53
DrawableFeatureSet:0.5066666666666667
ScaleView:0.32
DrawableAnnotatedFeatureSet:0.21333333333333335
DrawableResultSeqFeature:0.15333333333333332
TranscriptMenu:0.1487777777777778
