TimeFormatUtils:0.5533333333333333
TransferAverageStatisticProvider:0.41333333333333333
DailyUptimeStatisticProvider:0.3433333333333333
UptimeStatisticProvider:0.32666666666666666
