ExSymExe30:0.5433333333333333
FNEG:0.16333333333333333
FADD:0.06
FDIV:0.06
FSUB:0.06
FMUL:0.06
