Cubemap:0.6346666666666667
FrameBuffer:0.5072222222222222
