StatisticsBean:0.6233333333333333
Terms:0.5166666666666667
