LocalCacheStats:0.6686666666666666
LocalCacheStatsImpl:0.6
MemberState:0.5566666666666666
MemberStateImpl:0.48333333333333334
TimedMemberStateFactory:0.2866666666666667
