JDBITest:0.5491666666666667
HelloWorldService:0.41
AbstractLiquibaseCommand:0.3441666666666667
