TestIdentifier:0.52
TestDescriptor:0.2833333333333333
RunListenerAdapterTests:0.27666666666666667
AbstractTestClass:0.27051984126984113
MyTestClass:0.27
ClassTestDescriptor:0.17527777777777775
MethodBasedTestDescriptor:0.17333333333333334
RunListenerAdapter:0.15333333333333332
JUnitPlatformProviderTests:0.15083333333333335
TestIdentifierTests:0.09333333333333334
Sub2Tests:0.0
Sub1Tests:0.0
