Py:0.5933333333333334
PyFrozenSet:0.36333333333333334
BaseSet:0.33
PySystemState:0.26666666666666666
PySet:0.24666666666666667
