GDI32:0.6766666666666666
User32:0.63
AlphaMaskDemo:0.32
W32WindowUtils:0.30666666666666664
Display:0.18
PointerType:0.16
Handler:0.15133333333333332
HWND:0.07833333333333334
HANDLE:0.07728174603174602
Screen:0.06333333333333334
GC:0.06333333333333334
Visual:0.06333333333333334
HDC:0.006666666666666667
HRGN:0.006666666666666667
HBITMAP:0.006666666666666667
HINSTANCE:0.0
GUITHREADINFO:0.0
WNDENUMPROC:0.0
W32API:0.0
HICON:0.0
