ProjectControllerMBean:0.894626984126984
CruiseControlControllerJMXAdaptorMBean:0.894626984126984
