SetOfMoleculesManipulator:0.53
ReactionManipulator:0.21166666666666667
ChemModelManipulator:0.16333333333333333
SetOfReactionsManipulator:0.11
ChemSequenceManipulator:0.06
ChemFileManipulator:0.056666666666666664
