CommunicationsStub:0.67
Cache:0.25
LocalObjectImpl:0.23666666666666666
ObjectNode:0.21333333333333335
ObjectNodeProperty:0.21333333333333335
ConnectionWizardWizardPanel2:0.19666666666666666
Utils:0.19305555555555554
ItemListPropertyEditor:0.13
ListTypeFilter:0.12666666666666668
QueryBuilderService:0.12333333333333334
ListElementChildren:0.10333333333333333
SwitchClassNodeWidgetFilterAction:0.09666666666666666
