HopLexer:0.43333333333333335
HopParser:0.4033333333333333
DFA80:0.14333333333333334
DFA57:0.14333333333333334
