FuncMapping:0.6
CodeBook:0.5533333333333333
Comment:0.54
Page:0.5166666666666667
Info:0.4033333333333333
FuncFloor:0.30789682539682545
FuncTime:0.30789682539682545
FuncResidue:0.30789682539682545
PsyLook:0.27051984126984113
PsyInfo:0.27051984126984113
StreamState:0.25333333333333335
Util:0.24666666666666667
VorbisFile:0.24666666666666667
Buffer:0.23
Drft:0.22333333333333333
Time0:0.22333333333333333
Floor1:0.17666666666666667
SyncState:0.15777777777777777
InfoMode:0.1437301587301587
JOrbisPlayer:0.14333333333333334
Floor0:0.13
State:0.12666666666666668
DspState:0.09333333333333334
Lpc:0.08333333333333333
Block:0.07666666666666666
Packet:0.07333333333333333
StaticCodeBook:0.07166666666666667
Mapping0:0.056666666666666664
Mdct:0.055
Residue0:0.05333333333333334
JOrbisComment:0.04
Lsp:0.023333333333333334
DecodeExample:0.01822222222222222
Residue2:0.006666666666666667
ChainingExample:0.0033333333333333335
Lookup:0.0033333333333333335
Residue1:0.0
JOrbisException:0.0
