NNMEvent:0.6466666666666666
DefaultNNMVarBind:0.30666666666666664
OVsnmpPduUtils:0.285
OpenNMSDaemon:0.21666666666666667
TrapProcessingDaemon:0.18883333333333333
DefaultNNMEventFactory:0.17333333333333334
