JSONSerializer:0.45666666666666667
JSON:0.38666666666666666
FilterUtils:0.2833333333333333
MapSerializer:0.1811111111111111
