VibeDataTable:0.51
GwtServerHelper:0.3333333333333333
GwtTeamingMessages:0.32666666666666666
FolderRow:0.24666666666666667
GwtRpcServiceImpl:0.24333333333333335
DataTableFolderViewBase:0.22
GwtViewHelper:0.21666666666666667
FolderRowAsyncProvider:0.21
EntryPinCell:0.12333333333333334
EntryPinInfo:0.07
PinEntryCmd:0.06
UnpinEntryCmd:0.06
EntryPinColumn:0.0
