Mango:0.855
SymbolHashOpcodeSyms:0.4033333333333333
MangoInvokeInstruction:0.38666666666666666
