Resolution:0.6033333333333334
ScreenResolution:0.3933333333333333
PIRecord:0.33666666666666667
PageImpressionRecorder:0.30333333333333334
ViewportResolution:0.0
