IDatabaseProvider:0.6833333333333333
DatabaseManager:0.35
HSQLDBProvider:0.30333333333333334
DatabaseProviderFactory:0.28
StatusViewContentProvider:0.23666666666666666
RunDemo:0.14333333333333334
