ExecutorDAOHibernateImpl:0.44
DefinitionServiceDelegateDeployProcessDefinitionTest:0.43
JbpmExecutionLogic:0.31666666666666665
SubstitutionLogic:0.30666666666666664
IExecutorCache:0.2
IProcessDefinitionCache:0.2
JbpmCommonLogic:0.19416666666666665
JbpmFormsConfigurationXmlParser:0.1
ITaskCache:0.04666666666666667
ISubstitutionCache:0.03
