Multiplecal:0.4033333333333333
TestJPPFClient:0.32666666666666666
MyTask:0.27202380952380945
ListDirectoryTask:0.26952380952380955
CommandLineTaskRunner:0.23333333333333334
KillDriverTask:0.20166666666666666
TestDriverRestart:0.2
NotDeserializableTask:0.1825793650793651
ExtMatrixTask:0.14
AllInOne:0.06666666666666667
