BasicSemanticChecks:0.6368888888888888
SymbolCollector:0.44333333333333336
