EFX10:0.7733333333333333
AL:0.54
FieldsGenerator:0.22333333333333333
EFXUtil:0.11
EFX10Test:0.05
