MongoDatabase:0.5633333333333334
MongoDatabaseImpl:0.53
FindAndReplaceAcceptanceTest:0.28
FindAndUpdateAcceptanceTest:0.18666666666666668
QueryAcceptanceTest:0.15
