DataSink:0.4533333333333333
PostFiles:0.22833333333333333
WebKeys:0.22033333333333333
TopFrame:0.21333333333333335
AjaxController:0.2
AddAttachmentController:0.15333333333333332
ViewEntryController:0.05333333333333334
