RealMultibinder:0.39
FactoryProvider:0.36666666666666664
FactoryProviderTest:0.25666666666666665
RealMapBinder:0.25
MultibinderTest:0.19
MapBinderTest:0.18
