Record:0.5033333333333333
Invocation:0.37666666666666665
Request:0.37666666666666665
ConcurrentMapManager:0.32
CMap:0.2866666666666667
ClusterService:0.23666666666666666
MLock:0.22666666666666666
MBackupSync:0.19
Migrator:0.14388888888888887
BackupInfo:0.12666666666666668
MBackupAwareOp:0.1
