PainlessParserVisitor:0.6333333333333333
PainlessParser:0.5433333333333333
FuncrefContext:0.3477777777777778
Walker:0.2966666666666667
PainlessLexer:0.27
PainlessParserBaseVisitor:0.24666666666666667
BasicStatementTests:0.24666666666666667
LamtypeContext:0.16
LambdaContext:0.14
ArgumentContext:0.09333333333333334
ParserTests:0.0275
