MessageDescriptionDetail:0.5433333333333333
MessageDescriptionDetailDialog:0.4
AbstractEntryDialog:0.30333333333333334
XDialog:0.28
MessageDescriptionViewer:0.2633333333333333
TableContextMenu:0.21666666666666667
SearchResultViewer:0.18666666666666668
