ProfileScorer:0.42
ProfilingLeafBucketCollector:0.331
ProfilingAggregator:0.32
AbstractProfileBreakdown:0.26666666666666666
ContextIndexSearcher:0.21666666666666667
ProfileWeight:0.19666666666666666
QueryProfileBreakdown:0.18880952380952382
AggregationProfileBreakdown:0.1
