Field:0.8933333333333333
jOOQTest:0.3233333333333333
jOOQAbstractTest:0.2866666666666667
PredicateTests:0.26666666666666666
AbstractField:0.21666666666666667
