TestInterface:0.5167222222222222
DateToMillis:0.3731904761904762
CustomExpander:0.36892857142857144
BuildTemplateByResolvingArgs:0.32
MethodMetadata:0.31333333333333335
DefaultContractTest:0.21666666666666667
FeignTest:0.21
Default:0.16666666666666666
