ArrayRingbuffer:0.6433333333333333
RingbufferContainer:0.48333333333333334
RingbufferContainerTest:0.33
RingbufferContainerSerializationTest:0.2833333333333333
