IndicesService:0.645
IndicesServiceTests:0.3466666666666667
IndicesStore:0.28833333333333333
