TransactionalAccessDelegate:0.39
InfinispanRegionFactory:0.38666666666666666
PutFromLoadValidator:0.36333333333333334
TransactionalAccess:0.21666666666666667
AbstractCollectionRegionAccessStrategyTestCase:0.2
PendingPutMap:0.18333333333333332
CacheCommandFactory:0.1461111111111111
CacheCommandInitializer:0.10111111111111112
CacheCommandIds:0.016666666666666666
