ConvolutionLayerTest:0.58
GravesLSTMOutputTest:0.4266666666666667
OutputLayerTest:0.27
DeepWalkGradientCheck:0.25666666666666665
