Try:0.5166666666666667
TryTest:0.29333333333333333
APITest:0.27666666666666667
