MongoUpdate:0.44
MongoCollection:0.41002777777777777
MongoCollectionImpl:0.30333333333333334
MongoUpdateMessage:0.29
MongoCollectionTest:0.24333333333333335
SingleServerMongoOperations:0.22333333333333333
QueryFilterDocument:0.13333333333333333
SingleChannelMongoOperations:0.11333333333333333
MongoOperations:0.09916666666666667
