DocumentTest:0.6111111111111112
HTMLAllCollection:0.3566666666666667
