FunctionRegistry:0.29833333333333334
AstVisitor:0.2866666666666667
ByteCodeUtils:0.2833333333333333
ExpressionRewriter:0.27
Formatter:0.24333333333333335
QueryResults:0.24
Signatures:0.23666666666666666
StandardTypes:0.21333333333333335
DefaultTraversalVisitor:0.20666666666666667
TestSqlParser:0.19333333333333333
TypeRegistry:0.19
RewritingVisitor:0.16333333333333333
AbstractTestQueries:0.15666666666666668
Visitor:0.14333333333333334
TestStatementBuilder:0.11
