WordVectorSerializer:0.5188888888888888
ParagraphVectors:0.3233333333333333
DM:0.29
CBOW:0.21666666666666667
ParagraphVectorsTest:0.12666666666666668
