ApplicationOperations:0.6433333333333333
AdminServerCoreConfiguration:0.49333333333333335
MonitorProperties:0.17333333333333334
