Article:0.9166666666666666
FetchNoDup:0.3933333333333333
