ISlope:0.24666666666666667
ChemicalReaction:0.24
ChemicalTerm:0.20333333333333334
ChemicalExpression:0.09666666666666666
ChemicalOperators:0.09
Model:0.02
Molecule:0.0
