MaxHistory:0.5733333333333334
MaxCore:0.45666666666666667
