ShadowApplicationTest:0.5566666666666666
ShadowContextImpl:0.5466666666666666
RoboVibrator:0.42055555555555557
