ScriptingVariableProvider:0.47
EmailUtils:0.3516666666666667
EmailTaskNotifier:0.2966666666666667
