QueryBatchCursor:0.5583333333333333
AsyncQueryBatchCursor:0.5333333333333333
FindOperation:0.4188888888888889
