Permit:0.5
SemaphoreService:0.3566666666666667
SemaphoreProxy:0.30333333333333334
