JFXTreeTableView:0.6233333333333333
JFXTreeTableColumn:0.3433333333333333
GenericEditableTreeTableCell:0.30666666666666664
JFXTreeTableCellSkin:0.26
JFXTreeTableRowSkin:0.22
