CommonDependencyInjection:0.63
LocalLuceneSession:0.43333333333333335
IndexSynchronizationManager:0.4066666666666667
