ParametersInterceptor:0.42333333333333334
OgnlUtil:0.41
Foo:0.3933333333333333
ParametersInterceptorTest:0.285
OgnlValueStack:0.25333333333333335
AnnotationXWorkConverterTest:0.24333333333333335
OgnlValueStackTest:0.23666666666666666
OgnlUtilTest:0.23333333333333334
PropertyTagTest:0.19833333333333333
SelectTest:0.19666666666666666
DefaultActionInvocation:0.19
SecurityMemberAccess:0.18333333333333332
StrutsConstants:0.16
XWorkConstants:0.16
RestActionInvocationTest:0.1322222222222222
WaitConfigurationProvider:0.07333333333333333
DefaultBeanSelectionProvider:0.04
DefaultActionInvocationTest:0.023333333333333334
