WebKeys:0.5040555555555557
DashboardHelper:0.41333333333333333
FilterHelper:0.32
MenuTag:0.20666666666666667
AjaxController:0.16666666666666666
FindUsers:0.13666666666666666
