Alias:0.47333333333333333
VisitContextTest:0.38666666666666666
TableAlias:0.24555555555555558
FieldAlias:0.21
Values:0.17666666666666667
