XmlPlugin:0.38666666666666666
XmlInsert:0.38666666666666666
XmlParser:0.31
KeyHandler:0.24777777777777782
XmlComplete:0.21333333333333335
GeneralOptionPane:0.19777777777777777
MouseHandler:0.18666666666666668
ActionHandler:0.1486111111111111
