Filler:0.6466666666666666
LoginProcessor:0.5966666666666667
ErrorProcessor:0.21333333333333335
IndexProcessor:0.21333333333333335
