InternalSearchHit:0.4166666666666667
HighlightField:0.35333333333333333
InternalSearchHits:0.3433333333333333
InternalSearchHitTests:0.22333333333333333
ShardId:0.16666666666666666
Fields:0.155
HighlightFieldTests:0.14111111111111113
SearchSortValuesTests:0.1161111111111111
XContentParserUtils:0.06666666666666667
