Tuple8Test:0.26
TupleTest:0.24666666666666667
Tuple1Test:0.23666666666666666
Tuple3Test:0.23666666666666666
Tuple2Test:0.23666666666666666
Tuple4Test:0.23666666666666666
Tuple7Test:0.23666666666666666
Tuple6Test:0.23666666666666666
Tuple5Test:0.23666666666666666
