FoldVisibilityManager:0.5433333333333333
Gutter:0.3333333333333333
ChunkCache:0.3
Chunk:0.18333333333333332
