CtrlAut:0.43333333333333335
CtrlArg:0.28
CtrlState:0.28
CtrlLabel:0.15
TransitionSet:0.14333333333333334
CtrlFactory:0.04
