Config:0.4633333333333333
DocViewer:0.31666666666666665
DocViewerController:0.21333333333333335
DocumentViewContainer:0.20666666666666667
PatientSearch:0.19
ServletUtilMixin:0.18333333333333332
PatientList:0.13666666666666666
ConfigRemoteServiceImpl:0.13
PatientViewContainer:0.12666666666666668
