ExecutionService:0.5666666666666667
SubprocessDefinition:0.54
ProcessDefinition:0.43
Deployment:0.39
SubProcessState:0.36
IFileDataProvider:0.32
ApplicationContextFactory:0.3144444444444444
ExecutionServiceBean:0.29333333333333333
ExecutionServiceDelegate:0.27666666666666667
DiagramModel:0.21855555555555553
TransitionLog:0.21722222222222218
BpmnXmlReader:0.21666666666666667
JpdlXmlReader:0.21666666666666667
DefinitionGraphElementPresentationVisitor:0.20166666666666666
ScriptTask:0.18611111111111112
DefinitionLogic:0.18333333333333332
TransitionFigureBase:0.16666666666666666
SubprocessGraphElementPresentation:0.155
WebServiceTaskHandlerXSLTHelper:0.15333333333333332
GraphImageBuilder:0.15
ExecutionLogic:0.14666666666666667
ProcessDefinitionGraphImageAction:0.12666666666666668
ProcessLogDAO:0.12666666666666668
ErrorDetailsAction:0.11666666666666667
FileArchiveParser:0.11
SubprocessGraphElementPresentationHelper:0.10333333333333333
DefinitionGraphFormTag:0.09333333333333334
ProcessGraphImageAction:0.09333333333333334
StartedSubprocessesVisitor:0.07
GraphElementPresentationBuilder:0.06666666666666667
EmbeddedSubprocessEndNode:0.06333333333333334
SubprocessPermissionVisitor:0.06
ExecutionVariableProvider:0.04666666666666667
TaskSubsitutionParser:0.04
VariableDefinitionParser:0.04
ProcessArchiveParser:0.03666666666666667
ProcessDefinitionParser:0.03333333333333333
ProcessArchive:0.03333333333333333
InteractionsParser:0.0225
