DomNode:0.6133333333333333
Node:0.61
ExternalTest:0.26888888888888884
EventTarget:0.2677777777777778
