JakartaStreamMultiPartRequest:0.4977777777777778
JakartaMultiPartRequest:0.47111111111111104
PellMultiPartRequest:0.3233333333333333
