MailUtil:0.67
DataObjectFactory:0.35333333333333333
MailUtilTest:0.20666666666666667
