SemanticGedcomModel:0.5096666666666667
ReportRdf:0.38333333333333336
SemanticGedcomUtil:0.37333333333333335
