StringElValue:0.6433333333333333
NutElAnalyzerTest:0.26
ElTest:0.24333333333333335
