EJBTest:0.4191666666666667
InitMembersPG:0.32
EJBeanPG:0.20916666666666667
PojoPG:0.17777777777777778
XavaSuite:0.13333333333333333
HibernateTest:0.09
