AnnotationMetaEntity:0.48333333333333334
Context:0.36666666666666664
TestUtil:0.25333333333333335
TypeVisitor:0.225
JPAMetaModelEntityProcessor:0.21333333333333335
AnnotationMetaAttribute:0.20666666666666667
CompilationTest:0.2
