EditText:0.5933333333333334
TextView:0.43666666666666665
PopupMenu:0.2683333333333333
Spinner:0.16333333333333333
