RolloverResponse:0.7633333333333333
TransportRolloverAction:0.46
RolloverIT:0.056666666666666664
