DefaultLoginPageGeneratingFilter:0.7886111111111112
OpenIDAuthenticationFilterTests:0.3466666666666667
