Connection:0.5666666666666667
FindOptions:0.3566666666666667
MongoQueryCursor:0.3233333333333333
FindOperation:0.31333333333333335
BaseQueryMessage:0.27666666666666667
QueryProtocol:0.27
DBCursor:0.2633333333333333
ListIndexesOperation:0.23833333333333334
DBCursorTest:0.23333333333333334
MongoAsyncQueryCursor:0.23333333333333334
TestConnection:0.21333333333333335
DefaultServerConnection:0.21333333333333335
MongoCollectionImpl:0.20666666666666667
QueryResultSingleResultCallback:0.17833333333333334
OperationIterable:0.16944444444444443
ListCollectionNamesOperation:0.16666666666666666
UserExistsOperation:0.16666666666666666
