Mongo:0.5466666666666666
DBTCPConnector:0.5066666666666667
MyPort:0.4033333333333333
R:0.3
