HttpConfigurationBuilder:0.58
SessionManagementConfigurer:0.4866666666666667
SessionFixationConfigurer:0.4266666666666667
