PersistenceXmlParser:0.625
JpaIntegrator:0.38222222222222224
NewBootProcessTest:0.2833333333333333
