Config:0.7066666666666667
Apollo:0.47333333333333333
IOUtil:0.3433333333333333
