JsonSerializer:0.6844444444444445
TypeJsonSerializerMap:0.4533333333333333
