Forward:0.7333333333333333
KIASServlet:0.29
FormContext:0.23833333333333334
ExampleFormController:0.23666666666666666
FormController:0.14
