DefaultAsyncHttpClient:0.5666666666666667
FilterTest:0.41444444444444445
NettyRequestThrottleTimeoutTest:0.24333333333333335
