ISenecaManager:0.545
SenecaManager:0.43333333333333335
Activator:0.28
StochasticStructureElucidationJob:0.2511111111111111
WCCNMRShiftDBJudge:0.22666666666666666
DeterministicStructureElucidationJob:0.21666666666666667
ICASEJob:0.2105952380952381
IJavaSenecaManager:0.2063968253968254
IJavaScriptSenecaManager:0.2063968253968254
WCCHOSECodeDEPTJudge:0.20333333333333334
WCCHOSECodeJudge:0.15666666666666668
SenecaJobEditor:0.12666666666666668
NewSenecaJobWizard:0.07666666666666666
SenecaManagerFactory:0.07333333333333333
SenecaJobEditorContributor:0.017777777777777778
