ObjectViewTopComponent:0.3933333333333333
Constants:0.3619444444444444
ObjectNodeWidget:0.24333333333333335
ExportSettingsPanel:0.20333333333333334
PhysicalPathTopComponent:0.18666666666666668
SelectableWidget:0.16333333333333333
PhysicalPathScene:0.15
PhysicalConnectionsService:0.14833333333333334
ObjectBoxWidget:0.09333333333333334
SimpleObjectConnectionWidget:0.07333333333333333
GraphicalPhysicalPathTopComponent:0.07
