MapServiceContextImpl:0.42
QueryRunnable:0.36133333333333334
MigrationManager:0.3333333333333333
MigrateTask:0.32466666666666666
FinalizeMigrationOperation:0.2866666666666667
RepartitioningTask:0.2733333333333333
QueryBounceTest:0.11333333333333333
