Weapon:0.7299285714285714
OrcWeapon:0.39666666666666667
ElfWeapon:0.39666666666666667
