Queries:0.5633333333333334
MatchQuery:0.34
MatchQueryIT:0.32
MatchQueryBuilder:0.2866666666666667
