Logger:0.5766666666666667
ServiceManager:0.55
URN:0.5466666666666666
Cfg:0.53
SWDownloadFile:0.45666666666666667
UploadFilesChangeListener:0.40811111111111115
AlternateLocation:0.37
SwarmingManager:0.36
IPUtils:0.3
Environment:0.29333333333333333
UploadManager:0.29
FileAdministration:0.2733333333333333
ShareFile:0.2633333333333333
SearchFilterContainer:0.24055555555555558
MsgManager:0.24
PartialShareFile:0.2311111111111111
IOUtil:0.22666666666666666
XMLBuilder:0.22
GUIUtils:0.21444444444444444
QueryRoutingTable:0.21
MainFrame:0.19
SWDownloadTab:0.19
AlternateLocationContainer:0.18
DlgConfigInvalid:0.17333333333333334
DlgConfigFilter:0.17333333333333334
DlgConfigIgnore:0.17333333333333334
SWDownloadWorker:0.16333333333333333
TestMsgManager:0.13083333333333333
Main:0.12317460317460319
GGEPBlock:0.12
UploadFilesTableModel:0.115
ConnectionEngine:0.11333333333333333
MalformedHostAddressException:0.09500793650793651
UploadConstants:0.08666666666666667
StatusBar:0.08305555555555555
QRPatchTableMsg:0.08166666666666667
TestXMLPerformance:0.07666666666666666
UploadEngine:0.07666666666666666
NetworkTableModel:0.07333333333333333
EnvironmentConstants:0.06666666666666667
QueryHistoryMonitor:0.06111111111111111
UpdateNotificationDialog:0.056666666666666664
DownloadEngine:0.04666666666666667
IconFactory:0.04
TestXQueueParameters:0.03333333333333333
RouteTableUpdateMsg:0.025
DateCellRenderer:0.009166666666666667
IPCellRenderer:0.008333333333333333
TestHTTPProcessor:0.006666666666666667
TestStrUtil:0.0033333333333333335
InvalidMessageException:0.0025
QRResetTableMsg:0.0
UnusableHostException:0.0
