ReplicatedRecordStore:0.7486666666666667
ReplicationPublisher:0.32666666666666666
ReplicatedMapProxy:0.3
ReplicatedMapService:0.2806666666666667
AbstractReplicatedRecordStore:0.24333333333333335
ReplicatedMapClearOperation:0.17666666666666667
ClientReplicatedMapClearRequest:0.12666666666666668
