MBOE:0.9866666666666667
VBoeGen:0.4066666666666667
