FunctionInfo:0.5566666666666666
ExecutionPlanner:0.24666666666666667
DoubleSumAggregation:0.21333333333333335
CountAggregation:0.21333333333333335
LongSumAggregation:0.21333333333333335
DoubleAverageAggregation:0.21333333333333335
LongAverageAggregation:0.21333333333333335
FunctionRegistry:0.19333333333333333
