SWTTestUtil:0.65
SWTTestCase:0.5233333333333333
SWTTestSuite:0.3433333333333333
