MadvocController:0.66
DefaultWebApplication:0.2833333333333333
PetiteWebApplication:0.27
MadvocServletFilter:0.2586111111111111
WebRunner:0.17666666666666667
