XContent:0.58
XContentBuilder:0.5433333333333333
FilterPath:0.32
AbstractFilteringJsonGeneratorTestCase:0.32
JsonXContentGenerator:0.27
AbstractRestChannel:0.23333333333333334
FilterPathTests:0.20666666666666667
YamlXContent:0.18333333333333332
CborXContent:0.18333333333333332
SmileXContent:0.18333333333333332
JsonXContent:0.17
FilterPathBasedFilter:0.14111111111111113
YamlXContentGenerator:0.13
SmileXContentGenerator:0.13
CborXContentGenerator:0.13
FilterPathGeneratorFilteringTests:0.13
