TermAppender:0.4166666666666667
DataHeaderFlyweight:0.41
SenderTest:0.33666666666666667
TermGapScannerTest:0.26666666666666666
TermAppenderTest:0.26
TermGapScanner:0.18880952380952382
