HTMLElement:0.5805555555555555
HTMLFrameSetElement:0.3433333333333333
