MBeanDataHolder:0.45666666666666667
ConnectionManagerMBean:0.2733333333333333
MBeanTest:0.17333333333333334
