Main:0.7433333333333333
Property:0.5633333333333334
Generator:0.13666666666666666
