ChannelManager:0.5033333333333333
NettyRequestSender:0.35
AsyncHttpClientHandler:0.3096666666666667
MiscUtils:0.19333333333333333
AuthTimeoutTest:0.15333333333333332
HttpUtils:0.14416666666666667
RetryRequestTest:0.13666666666666666
