MarkOccurrencesTest:0.5866666666666667
DefaultOccurrencesFinder:0.45666666666666667
AbstractOccurencesFinder:0.3466666666666667
TS_InternalUiRubySearch:0.23
TS_TypeInference:0.17
IOccurrencesFinder:0.15777777777777777
