DrawableSeqFeature:0.67
FeatureTierManager:0.4533333333333333
ApolloPanel:0.35
CollapsedFeatureTierManager:0.24111111111111114
