TaskTable:0.55
TaskListing:0.4
GwtTeamingMessages:0.3233333333333333
PassThroughEventsPanel:0.11333333333333333
TaskListItem:0.11277777777777777
UIData:0.0867222222222222
TaskSorter:0.08444444444444445
AssignedToComparator:0.03666666666666667
OrderComparator:0.015
DueDateComparator:0.0
StatusComparator:0.0
NameComparator:0.0
ClosedPercentDoneComparator:0.0
PriorityComparator:0.0
