MutableDateTime:0.6033333333333334
TestMutableDateTime_Adds:0.38666666666666666
TestMutableDateTime_Sets:0.36333333333333334
ReadWritableDateTime:0.33916666666666667
ReadWritableInstant:0.2831507936507937
