Dialect:0.54
Loader:0.39666666666666667
InformixDialect:0.3333333333333333
PaginationTest:0.32666666666666666
SQLServerDialect:0.27666666666666667
TimesTenDialect:0.27666666666666667
IngresDialect:0.27666666666666667
Cache71Dialect:0.24333333333333335
RDMSOS2200Dialect:0.2
DB2Dialect:0.19722222222222224
DB2390Dialect:0.14666666666666667
DB2400Dialect:0.14666666666666667
DataPoint:0.07682539682539682
