EndEntityProfileNotFoundException:0.67
EndEntityProfileSession:0.4066666666666667
EndEntityCertificateAuthenticationModule:0.32
EjbcaWS:0.30333333333333334
EndEntityProfileSessionBean:0.24666666666666667
EjbcaWSHelper:0.23666666666666666
MSCertTools:0.21
RegisterReqBean:0.17
AutoEnrollServlet:0.14333333333333334
DemoCertReqServlet:0.13666666666666666
BaseCmpMessageHandler:0.12
AdminCertReqServlet:0.12
AdminsChangeRuleCommand:0.1
