AlienBrain:0.9766666666666667
PluginRegistryTest:0.3466666666666667
AlienBrainTest:0.08333333333333333
