ProtocolTestCase:0.8148888888888889
CswTest:0.4216666666666667
