JUnit5Testable:0.6441666666666667
JUnit5TestableFactory:0.48
JUnit5TestableTests:0.24666666666666667
DiscoverySelectorResolver:0.24
