Table:0.6322222222222222
HeadlessLabel:0.5996666666666667
