MessagingManager:0.525
ChatView:0.4
MultiUserChatManager:0.2955555555555555
CommunicationNegotiatingManager:0.2633333333333333
