MoreLikeThisRequest:0.5266666666666666
MoreLikeThisQuery:0.4633333333333333
SimpleIndexQueryParserTests:0.39666666666666667
Fields:0.3765555555555556
MoreLikeThisQueryParser:0.25333333333333335
MoreLikeThisRequestBuilder:0.19666666666666666
MoreLikeThisQueryBuilder:0.18333333333333332
MoreLikeThisFieldQueryBuilder:0.18
TransportMoreLikeThisAction:0.13
MoreLikeThisActionTests:0.12333333333333334
RestMoreLikeThisAction:0.08
