WeightsDataProvider3D:0.508888888888889
ErrorDataProvider3D:0.5033333333333333
