NestedCrmfRequestTestCommand:0.2733333333333333
CMPKeyUpdateStressTest:0.24333333333333335
CMPNestedMessageStressTest:0.24333333333333335
CMPTest:0.24333333333333335
NestedCrmfRequestWrongSignatureTestCommand:0.1
NestedCrmfRequestMissingStoredCertTestCommand:0.1
