ReaderFactoryTest:0.5066666666666667
ReaderFactory:0.3933333333333333
JChemPaintTest:0.19833333333333333
IOTests:0.07333333333333333
