IdentifierGeneratorHelper:0.5666666666666667
AbstractEntityPersister:0.4266666666666667
Delegate:0.191
BasicDelegate:0.18333333333333332
AbstractReturningDelegate:0.16194444444444445
InsertGeneratedIdentifierDelegate:0.14555555555555555
AbstractSelectingDelegate:0.09333333333333334
InsertSelectDelegate:0.07333333333333333
GetGeneratedKeysDelegate:0.04
