Layer:0.53
MultiLayerNetwork:0.48
SimpleOptimizableModel:0.3233333333333333
BatchNormalization:0.25666666666666665
RastriginFunctionModel:0.25333333333333335
RosenbrockFunctionModel:0.25333333333333335
LossLayer:0.25
LocalResponseNormalization:0.24333333333333335
ActivationLayer:0.23333333333333334
BaseOutputLayer:0.23
VariationalAutoencoder:0.22666666666666666
GravesBidirectionalLSTM:0.22666666666666666
AutoEncoder:0.21666666666666667
GravesLSTM:0.20666666666666667
RBM:0.20555555555555557
SubsamplingLayer:0.20333333333333334
ConvolutionLayer:0.20333333333333334
SphereFunctionModel:0.17333333333333334
EmbeddingLayer:0.12555555555555556
CustomLayerImpl:0.11
DenseLayer:0.04
