DataStoreFlowExecutionStorage:0.61
DataStoreAccessor:0.5451111111111111
DataStoreTokenTransactionSynchronizer:0.3
ServletFlowExecutionManager:0.25333333333333335
FlowNavigationHandler:0.16777777777777778
JsfEvent:0.15333333333333332
SessionDataStoreAccessor:0.11716666666666666
ExternalEvent:0.06666666666666667
