JdbcChadoAdapter:0.6066666666666667
PostgresChadoAdapter:0.38333333333333336
SybaseChadoAdapter:0.3466666666666667
