DatabaseProperties:0.569555315055315
ReceiveMessageData:0.3781693121693122
Utils:0.3433333333333333
ReceiveMessageBean:0.24
Timer:0.20900000000000002
SendMessage:0.16666666666666666
TransactionalExecutor:0.14
ExecutionLogic:0.13666666666666666
LDAPLogic:0.12333333333333334
AssignStalledTasks:0.10333333333333333
LDAPSynchronizerTask:0.10333333333333333
BotInvokerActionHandler:0.09
ExpiredJobCheckerTask:0.09
JobTask:0.07777777777777778
TaskAssigner:0.02
JobTransactionalExecutor:0.018888888888888886
