CommonConfiguration:0.6066666666666667
PropertyTable:0.37666666666666665
MessagePanel:0.2725
JFXPainterUtils:0.2608333333333333
ClientXMLDFHandler:0.21361111111111114
PropertyPanelFactory:0.20666666666666667
MessagePanelFactory:0.18666666666666668
BasicClientEngine:0.18333333333333332
ClientWidgetPanel:0.13333333333333333
EditorListener:0.12966666666666665
EditorPropertyTable:0.12333333333333334
CommonConfigurationTest:0.09
