FigureAttributes:0.7466666666666667
AttributeFigure:0.5366666666666666
