InvitationProcess:0.43
IncomingInvitationProcess:0.4033333333333333
UnclosableInputStream:0.39
OutgoingInvitationProcess:0.28
ArchiveStreamService:0.05333333333333334
