WebSocketClient:0.5533333333333333
WebSocketServer:0.49166666666666664
Base64:0.38333333333333336
