JChemPaintAbstractApplet:0.7733333333333333
JCPToolBar:0.5166666666666667
