Main:0.7066666666666667
CruiseControlControllerAgent:0.37333333333333335
MainTest:0.35333333333333333
StringBufferAppender:0.32444444444444437
