ZoneClassManager:0.6533333333333333
ExtensionCallback:0.43333333333333335
Utils:0.4266666666666667
ObjectKeys:0.26666666666666666
TwitterServlet:0.2633333333333333
EnterExitEvent:0.25666666666666665
WorkflowProcessUtils:0.24666666666666667
AbstractZoneModule:0.23666666666666666
WorkflowStatus:0.22166666666666668
FileUrlTag:0.20666666666666667
DirPath:0.15666666666666668
DisplayConfiguration:0.13666666666666666
ExtensionDeployer:0.0867222222222222
AbstractActionHandler:0.07666666666666666
DefaultDeployExtension:0.056666666666666664
ExtensionUrlTag:0.02
