JarHell:0.5566666666666666
PluginsService:0.4
PluginManager:0.24
Security:0.22333333333333333
