RBM:0.41
SdAMatrix:0.31333333333333335
BaseMultiLayerNetwork:0.25
DBN:0.24416666666666667
LogisticRegressionMatrix:0.2
CRBM:0.14238095238095239
BaseNeuralNetwork:0.05
Builder:0.0
