CertificateData:0.5866666666666667
CertificateStoreSessionBean:0.45
CertificateStoreSession:0.29533333333333334
CertificateStoreSessionTest:0.21666666666666667
CertificateStoreSessionLocal:0.21177777777777776
CertificateExpirationNotifierWorker:0.15611111111111112
InternalCertificateStoreSessionBean:0.10333333333333333
InternalCertificateStoreSessionRemote:0.013333333333333334
