SideKick:0.53
SideKickParser:0.28
SideKickPlugin:0.2733333333333333
SideKickActions:0.24916666666666668
KeyHandler:0.21333333333333335
ParseThread:0.14444444444444446
