Node:0.49
BlueprintManager:0.34
BlueprintEditor:0.22
ActionDel:0.13777777777777778
BlueprintList:0.13666666666666666
ActionAdd:0.13444444444444445
Callback:0.04
