JModel:0.4666666666666667
JGraph:0.4533333333333333
GraphTransition:0.4166666666666667
LTSJVertex:0.31666666666666665
AJEdge:0.2966666666666667
LTSJModel:0.2866666666666667
StateTree:0.25666666666666665
LabelFilter:0.24666666666666667
AspectJVertex:0.22666666666666666
AJVertex:0.22
LTSJGraph:0.19666666666666666
LTSDisplay:0.19333333333333333
RuleLevelTree:0.18666666666666668
JEdgeView:0.17333333333333334
VisibleValue:0.17333333333333334
LTSJEdge:0.16333333333333333
