Synthetic:0.52
AbstractSamplingPolicy:0.44333333333333336
BasicSettings:0.28
Simulator:0.23
SyntheticSource:0.13666666666666666
