DataEvent:0.49
DataService:0.36333333333333334
RoutingService:0.31333333333333335
IDataService:0.29533333333333334
AcknowledgeServiceTest:0.27666666666666667
MockDataService:0.23666666666666666
