GPSTracker:0.5005555555555555
WKTCSLoader:0.48333333333333334
GPSExtension:0.46
