Mvcs:0.8433333333333334
NutFilter:0.2633333333333333
NutServlet:0.2
NutMvcContext:0.17
