Future:0.6666666666666666
FutureImpl:0.30666666666666664
CompositeFutureImpl:0.25666666666666665
