CorrespondanceAnalysisEditorInput:0.4766666666666667
Messages:0.46907142857142875
JFCComposite:0.37166666666666665
ApplicationWorkbenchAdvisor:0.3466666666666667
