Robolectric:0.6166666666666667
ShadowComponentName:0.365
AbstractRobolectricTestRunner:0.29
BitmapDrawableTest:0.17333333333333334
DogfoodRobolectricTestRunner:0.145
