AbstractDomPayloadEndpoint:0.41333333333333333
AbstractJDomPayloadEndpoint:0.38333333333333336
DomPayloadEndpointTest:0.17333333333333334
JDomPayloadEndpointTest:0.17333333333333334
AbstractTransformingEndpoint:0.15333333333333332
AbstractSaxPayloadEndpoint:0.13333333333333333
SaxPayloadEndpointTest:0.11333333333333333
