HTMLCollection:0.75
HTMLCollectionTest:0.25333333333333335
HTMLCollectionTags:0.24333333333333335
