MethodTestDescriptor:0.43166666666666664
ExpectToFailExtension:0.25333333333333335
IgnoreIOExceptionExtension:0.18444444444444444
