UpdateDecoder:0.6416666666666667
SbeStatsReport:0.4166666666666667
UpdateEncoder:0.37333333333333335
TestStatsSBE:0.13666666666666666
GCStats:0.12111111111111111
