PingWebSocket:0.2833333333333333
EchoWebSocket:0.2833333333333333
WebSocketTestHandler:0.24
