TestISOChronology:0.31833333333333336
CopticChronology:0.31333333333333335
TestDateMidnight_Properties:0.285
BasicFixedMonthChronology:0.25333333333333335
TestYearMonthDay_Properties:0.24
TestLocalDate_Properties:0.23333333333333334
TestDateTime_Properties:0.22916666666666666
TestMutableDateTime_Properties:0.22694444444444448
IslamicChronology:0.21
JulianChronology:0.19666666666666666
GregorianChronology:0.18666666666666668
EthiopicChronology:0.18666666666666668
BasicChronology:0.17333333333333334
