ECKey:0.6333333333333333
DeterministicKey:0.37333333333333335
KeyChainGroup:0.30833333333333335
ECKeyTest:0.24
