AutoCompleteSupport:0.6633333333333333
ChoiceWidget:0.37333333333333335
