Constants:0.416984126984127
HealpixIndex:0.38416666666666666
Healpix:0.3566666666666667
HealpixTest:0.2966666666666667
