UpdateSitesEditDialog:0.5966666666666667
UpdateSitesPreferencePage:0.3933333333333333
ApplicationsPreferencePage:0.3433333333333333
