LogServiceImpl:0.5366666666666666
MainPanel:0.515
ProxyWebApp:0.36666666666666664
AddLogServlet:0.05333333333333334
