Visitor:0.47027777777777774
InsertFromSubQueryConsumer:0.31666666666666665
QueryAndFetchConsumer:0.13
ConsumingPlanner:0.12666666666666668
