HtmlSelect:0.32
Input:0.31666666666666665
HtmlInput:0.29333333333333333
HtmlSubmitInput:0.28388888888888886
HtmlTextArea:0.28
HtmlIsIndex:0.26
SubmittableElement:0.22166666666666668
HtmlButton:0.21333333333333335
HtmlHiddenInput:0.17587301587301588
HtmlTextInput:0.17587301587301588
HtmlPasswordInput:0.17587301587301588
HtmlImageInput:0.17
HtmlCheckBoxInput:0.16
HtmlRadioButtonInput:0.15666666666666668
FormTest:0.08666666666666667
Textarea:0.07666666666666666
HtmlFileInput:0.05333333333333334
HtmlResetInput:0.04
HtmlButtonInput:0.0
