LocalMapStatistics:0.6666666666666666
LocalMapStatsImpl:0.6422222222222222
InstancePanel:0.39666666666666667
MapEntry:0.23333333333333334
