Node:0.8533333333333334
ResponseQueueCall:0.37
EntryObject:0.24333333333333335
MultiCall:0.17
