Queries:0.8783333333333333
SemanticGedcomModel:0.5833333333333334
