ExternalSource:0.5366666666666666
ServerWindow:0.5166666666666667
Window:0.43333333333333335
ExternalSourceFactory:0.32666666666666666
ServerWindowDefinition:0.25
Display:0.25
AbstractServerCockpitConfigurationHandler:0.23333333333333334
ServerDisplay:0.22337301587301586
ServerExtensionLoader:0.21
ServerConfigurationParser:0.16333333333333333
GeoReferencedExternalSource:0.16044444444444445
ARINCExternalSource:0.15
SuperLayerCockpitConfigurationHandler:0.14333333333333334
ExternalSourceProvider:0.1
ARINCScrollList:0.08666666666666667
CursorEntryEventsExtension:0.0
