Long2ObjectHashMap:0.45
Long2LongHashMap:0.37
Long2LongHashMapTest:0.3
LongHashSet:0.25666666666666665
LongLongCursor:0.18666666666666668
