RenderingParameters:0.6866666666666666
RendererModel:0.5883333333333334
MappingGenerator:0.33
AtomAtomMappingModule:0.043333333333333335
