Builder:0.43333333333333335
DefaultHttpConnector:0.41333333333333333
