Node:0.6266666666666667
SplitBrainTestSupport:0.24333333333333335
TcpIpJoiner:0.21666666666666667
AbstractJoiner:0.21
MockJoiner:0.19555555555555557
TestClusterUpgradeUtils:0.15333333333333332
MulticastJoiner:0.145
ClusterDataSerializerHook:0.023333333333333334
