WritableDataStoreDataSource:0.7316666666666667
PostGISDataStoreDataSource:0.41333333333333333
PostGISSaveDriverPanel:0.3566666666666667
PostGISSaveDataSourceQueryChooser:0.2966666666666667
