Winspool:0.84
WinspoolUtilTest:0.31666666666666665
WinspoolTest:0.2866666666666667
PRINTER_INFO_2:0.23666666666666666
WinspoolUtil:0.19666666666666666
