Constants:0.38761111111111113
GwtTaskHelper:0.38
GwtTeamingMessages:0.31666666666666665
RequestInfo:0.23666666666666666
GwtTeamingTaskListingImageBundle:0.2
TaskInfo:0.17
TaskDuration:0.14666666666666667
TaskBundle:0.10333333333333333
FieldBuilderEvent:0.1
TaskEvent:0.05
