ControllerHub:0.7133333333333334
IControllerModule:0.5997222222222223
SwingMouseEventRelay:0.4766666666666667
ControllerModuleAdapter:0.18416666666666667
IMouseEventRelay:0.17666666666666667
