CAAdminSessionBean:0.62
CADataHandler:0.43666666666666665
RSASignSessionBean:0.33666666666666667
