FieldMappingMetaData:0.8533333333333334
TransportGetFieldMappingsAction:0.44333333333333336
RestGetFieldMappingAction:0.31666666666666665
