CsvLoader:0.4533333333333333
SymmetricLauncher:0.38666666666666666
CsvConstants:0.3365714285714286
CsvUtils:0.26666666666666666
StreamBshDataCommand:0.1
