AbstractTestQueries:0.512
SubqueryPlanner:0.2966666666666667
Rewriter:0.21333333333333335
TranslationMap:0.18666666666666668
Visitor:0.1475
ValidateDependenciesChecker:0.11
ColumnReferencesExtractor:0.01
ExpressionReplacer:0.0033333333333333335
