HttpTransportManager:0.6866666666666666
ParameterConstants:0.3028333333333333
TransportManagerFactoryBean:0.2428888888888889
HttpOutgoingTransport:0.22333333333333333
BandwidthService:0.08333333333333333
