Group:0.81
TableTest:0.36333333333333334
WidgetGroup:0.31666666666666665
