ClientExecutorServiceTest:0.5111111111111112
ClientListTest:0.4
ClientSetTest:0.3466666666666667
