HttpWebConnection:0.7366666666666667
HttpWebConnectionTest:0.25666666666666665
SocksSocketFactory:0.24666666666666667
HtmlUnitBrowserCompatCookieSpec:0.18333333333333332
