Config:0.78
ElasticacheServersConfig:0.45
ElasticacheConnectionManager:0.36
ConfigSupport:0.2758333333333333
RedissonTest:0.17
ConfigMixIn:0.014285714285714285
