Converter:0.4633333333333333
FileStore:0.39666666666666667
GwtServerHelper:0.31666666666666665
EmailLog:0.30666666666666664
FileModuleImpl:0.24
EmailReportComposite:0.24
ObjectKeys:0.23777777777777775
MailModuleImpl:0.23333333333333334
BinderModuleImpl:0.19333333333333333
ImageOpenOfficeConverter:0.19333333333333333
TextConverter:0.18666666666666668
GwtReportsHelper:0.15666666666666668
ImageConverter:0.1288888888888889
HtmlConverter:0.08
