CacheRecordStore:0.5133333333333333
HazelcastAbstractCachingProvider:0.42
CacheProxy:0.2633333333333333
HazelcastServerCachingProvider:0.18666666666666668
HazelcastClientCachingProvider:0.18
