Limit:0.7166666666666667
AbstractSubSelect:0.42333333333333334
