ListTest:0.43666666666666665
PyDictionary:0.3933333333333333
PyObjectList:0.34
PySequenceList:0.25
SimpleEntry:0.12194444444444442
TestSupport:0.09
