Calculator:0.7333333333333333
FunctionBody:0.5053333333333333
FunctionsTest:0.23333333333333334
