BlogCalendar:0.7933333333333333
AbstractCalendarPlugin:0.29333333333333333
CalendarFilterPlugin:0.12333333333333334
