PatternConverter:0.43
ListArgument:0.36666666666666664
ChoiceArgument:0.235
SimpleArgument:0.1988888888888889
RegexCharclass:0.16444444444444445
RegexChoice:0.16444444444444445
RegexChars:0.16444444444444445
PatternConverterNGTest:0.10666666666666667
