LayerProducer:0.3877777777777778
CartesianGCode:0.33
Producer:0.29333333333333333
GenericCartesianPrinter:0.2833333333333333
Main:0.18
SNAPStepperMotor:0.11
MachineFactory:0.09494444444444444
