ProfesorValue:0.5866666666666667
ProfesorKey:0.5233333333333333
PruebaProfesores:0.25333333333333335
ProfesorRemote:0.13
