CommentQueryService:0.6575
Pointtransfer:0.46907142857142875
PointtransferQueryService:0.2733333333333333
CommentNotifier:0.26
