SemaphoreContainer:0.49
LockServiceImpl:0.3283333333333333
SemaphoreService:0.21333333333333335
SemaphoreDataSerializerHook:0.19333333333333333
AcquireOperation:0.18666666666666668
ReleaseOperation:0.18666666666666668
AcquireBackupOperation:0.183
ReleaseBackupOperation:0.183
SemaphoreSplitBrainTest:0.16
CountDownLatchSplitBrainTest:0.12
LockSplitBrainTest:0.08666666666666667
