PercolatorQuery:0.5866666666666667
PercolatorQueryTests:0.31666666666666665
TransportPercolateAction:0.19333333333333333
BaseScorer:0.1927777777777778
PercolatorQuerySearchIT:0.11666666666666667
