Rule:0.62
GrammarModel:0.35333333333333333
RuleModel:0.2866666666666667
RuleApplicationTest:0.2633333333333333
SimulatorModel:0.23
RuleDependencies:0.21666666666666667
Parser:0.21333333333333335
StateDisplay:0.2
DefaultFileSystemStore:0.19333333333333333
Fallible:0.16333333333333333
MatchChecker:0.14
MethodName:0.12333333333333334
GroovyDisplay:0.12333333333333334
TypeCheckTest:0.07666666666666666
MethodNameParser:0.04
JavaMatchChecker:0.006666666666666667
GroovyMatchChecker:0.0
