Node:0.6833333333333333
IsoChecker:0.37666666666666665
AspectEdge:0.32666666666666666
AttrEdge:0.31666666666666665
AbstractPatternEdge:0.27666666666666667
AEdge:0.26666666666666666
TypeEdge:0.25333333333333335
DefaultRuleTransition:0.24333333333333335
ALabelEdge:0.21822222222222223
RecipeTransition:0.21822222222222223
MultiEdge:0.21666666666666667
CtrlTransition:0.20333333333333334
DefaultHostEdge:0.18333333333333332
RuleEdge:0.17333333333333334
PlainEdge:0.15666666666666668
PatternGraphTransition:0.11
RegEdge:0.11
AttrFactory:0.1
BuchiTransition:0.043333333333333335
Element:0.03333333333333333
EdgeComparator:0.02
HostElement:0.0
