WWMMCDKPlugin:0.39666666666666667
CreateIChIEvent:0.2966666666666667
LookupWWMMEvent:0.26
TextFrame:0.25555555555555554
