Vehicle:0.7266666666666667
MapDisplay:0.3566666666666667
NavButtonDisplay:0.3433333333333333
NavigatorWindow:0.29333333333333333
ToolWindow:0.17333333333333334
