SyncProvider:0.61
ComponentConnectionCreator:0.37333333333333335
MiniAppSyncRunner:0.33
ScriptQueryExecutorImpl:0.19
ComponentButton:0.11333333333333333
SyncRunner:0.056666666666666664
