Application:0.47
ApplicationRegistry:0.38333333333333336
RegistryController:0.31333333333333335
WebappConfig:0.22333333333333333
SpringBootAdminClientAutoConfiguration:0.15333333333333332
LogfileController:0.13694444444444445
