BinderHelper:0.38333333333333336
AccessControlManagerImpl:0.37666666666666665
QueryBuilder:0.37666666666666665
AbstractAdminModule:0.34
WorkflowProcessUtils:0.31416666666666665
BinderServiceImpl:0.31333333333333335
DashboardHelper:0.25666666666666665
EntityIndexUtils:0.20638888888888887
ManageQuotasController:0.13
WebKeys:0.10666666666666667
