AnnotationEditor:0.5066666666666667
ChadoAdapter:0.47
JdbcChadoAdapter:0.4166666666666667
SyntenyAdapter:0.3566666666666667
