FakeHttpClientMetrics:0.6733333333333333
FakeEventBusMetrics:0.55
FakeHttpServerMetrics:0.4033333333333333
