FlickScrollPane:0.5849444444444445
Listener:0.28833333333333333
