PluginLogger:0.44666666666666666
Dialogs:0.44333333333333336
IOUtils:0.43
Subprocess:0.42
FormNode:0.38333333333333336
MultiInstanceDialog:0.38333333333333336
NodeTypeDefinition:0.37666666666666665
InfoWithDetailsDialog:0.31333333333333335
SubprocessDialog:0.31
WFEConnectionPreferencePage:0.2683333333333333
SyncUIHelper:0.26166666666666666
WorkspaceOperations:0.23
WFEServerBotElementImporter:0.23
BotTaskEditor:0.21333333333333335
NewProcessDefinitionWizardPage:0.21333333333333335
ExportParWizardPage:0.20666666666666667
DiagramFeatureProvider:0.19
JpdlSerializer:0.18333333333333332
NewFolderWizardPage:0.18333333333333332
ImportBotElementWizardPage:0.17
BpmnSerializer:0.16666666666666666
SwimlaneEditorPage:0.165
VariableEditorPage:0.16333333333333333
OpenFormValidationDelegate:0.15333333333333332
LDAPConnectionPreferencePage:0.15333333333333332
ValidatorWizard:0.15166666666666667
BaseModelActionDelegate:0.15
ImportWizardPage:0.14
ImageCellEditor:0.13
CopyGraphCommand:0.11666666666666667
CheckUnlimitedTokenAction:0.11
CreateFormDelegate:0.08333333333333333
DeleteFormDelegate:0.08
SubprocessDelegate:0.06666666666666667
VariablesComposite:0.056666666666666664
ThrowableCauseExtractor:0.01
