OutputBuffer:0.6866666666666666
SqlTaskManager:0.39666666666666667
ArbitraryOutputBuffer:0.2633333333333333
BroadcastOutputBuffer:0.2633333333333333
PartitionedOutputBuffer:0.25333333333333335
TaskManager:0.24666666666666667
BufferTestUtils:0.23666666666666666
TaskResource:0.20666666666666667
LazyOutputBuffer:0.18666666666666668
SqlTask:0.17333333333333334
TestBroadcastOutputBuffer:0.09
TestArbitraryOutputBuffer:0.09
TestPartitionedOutputBuffer:0.08
