LivenessFailureMessage:0.5997222222222222
Link:0.4033333333333333
JUTestRequestTrackingFilter:0.20333333333333334
