GwtServerHelper:0.5822222222222222
EnhancedViewWidget:0.43666666666666665
ViewFileController:0.34
