Builder:0.5666666666666667
DiscoveryNodes:0.36
PreExecutionBenchmark:0.21666666666666667
