Equation:0.6733333333333333
Materialisation:0.5853333333333333
EquationSystem:0.35
ResultSet:0.15694444444444444
