MapService:0.62
DefaultRecordStore:0.39
BasePutOperation:0.2327777777777778
MapStoreTest:0.22
MapReplicationOperation:0.21666666666666667
MapLoadAllTask:0.09333333333333334
MapStoreWithStoreCount:0.0
