OracleDataStore:0.7933333333333333
JDBCDataStore:0.4277777777777777
