GroupByRow:0.41
GroupTree:0.25333333333333335
FieldLookupExpression:0.21555555555555553
DoubleColumnReference:0.20833333333333334
SQLReduceJobStatus:0.17333333333333334
GroupByAggregateTest:0.15666666666666668
ReduceJobStatusContext:0.15
