ShadowWindow:0.5466666666666666
WindowTest:0.2866666666666667
ShadowPhoneWindow:0.27
TestActivity:0.16666666666666666
