IosRSAKey:0.8166666666666667
IosRSAKeyFactory:0.4066666666666667
IosRSAPrivateKey:0.19333333333333333
IosRSAPublicKey:0.19333333333333333
IosSecurityProvider:0.16666666666666666
