LocalQueryRunner:0.4866666666666667
TestHashJoinOperator:0.44
LocalExecutionPlanner:0.37666666666666665
LookupJoinOperators:0.31333333333333335
JoinProbeCompiler:0.23666666666666666
TaskTestUtils:0.15333333333333332
BenchmarkHashBuildAndJoinOperators:0.07788888888888888
HashBuildAndJoinBenchmark:0.07788888888888888
HashJoinBenchmark:0.06566666666666666
