XDSDocument:0.5333333333333333
CachedWriter:0.4633333333333333
XDSDocumentWriterFactory:0.3466666666666667
DataHandlerWriter:0.17666666666666667
DummyWriter:0.14666666666666667
