TimestampFieldMapper:0.4066666666666667
IndexRequest:0.36
MappingMetaDataParserTests:0.3333333333333333
Builder:0.3233333333333333
Timestamp:0.3233333333333333
MappingMetaData:0.20666666666666667
Defaults:0.1888888888888889
TimestampMappingTests:0.16
TypeParser:0.12
