DrawableFeatureSet:0.5933333333333334
DrawableAnnotatedFeatureSet:0.4066666666666667
StrandedZoomableApolloPanel:0.38666666666666666
Selection:0.23083333333333333
AnnotationView:0.20666666666666667
