ParameterAveragingTrainingMaster:0.5883333333333334
SharedTrainingMaster:0.37
SharedFlatMapPDSAdapter:0.2733333333333333
SharedFlatMapPDS:0.22666666666666666
BaseTrainingMaster:0.18416666666666667
