JavaGWTDocumentCreator:0.7366666666666667
Jolie2JavaCommandLineParser:0.2733333333333333
Jolie2Java:0.24
JolieDummyArgumentHandler:0.14111111111111113
