ObjectiveCImplementationGenerator:0.45
ObjectiveCHeaderGenerator:0.3233333333333333
ClassTest:0.28
StatementGeneratorTest:0.27666666666666667
ObjectiveCImplementationGeneratorTest:0.27
InnerClassExtractorTest:0.25333333333333335
ObjectiveCHeaderGeneratorTest:0.23333333333333334
AnonymousClassConverterTest:0.21666666666666667
