WebSocket:0.6094444444444443
WebSocketClient:0.2833333333333333
WebSocketServer:0.2633333333333333
