Dialect:0.7433333333333333
Column:0.34
HbmBinder:0.29333333333333333
H2Dialect:0.26666666666666666
TypeNames:0.18333333333333332
