GwtServerHelper:0.5522222222222222
GwtMainPage:0.49166666666666664
AuthenticationManagerImpl:0.32666666666666666
