ClientConfig:0.7633333333333333
HazelcastClientInstanceImpl:0.49
ClientCacheConfigTest:0.27666666666666667
HazelcastClient:0.26666666666666666
