ObjectInfo:0.6966666666666667
BasicObjectInfo:0.6733333333333333
RemoteObjectSource:0.22333333333333333
ObjectValidator:0.20666666666666667
