UncasedStringMap:0.569555315055315
ExploreConfigDialog:0.4
SettingParser:0.38666666666666666
ExprParser:0.33666666666666667
ExploreConfig:0.29300000000000004
StringParser:0.24666666666666667
AbstractStringParser:0.24666666666666667
SettingList:0.22333333333333333
AbstractIntParser:0.21
SplitParser:0.19666666666666666
IntContent:0.15
IntParser:0.12333333333333334
StringContent:0.06444444444444444
