ShadowWrangler:0.41333333333333333
AndroidTranslator:0.38666666666666666
RobolectricContext:0.31666666666666665
ClassHandler:0.29083333333333333
RobolectricInternals:0.29
AndroidTranslatorUnitTest:0.25333333333333335
