Context:0.9604444444444444
FlowExecutionHolder:0.36666666666666664
