TypeInfo:0.6466666666666666
JtdsDatabaseMetaData:0.59
DatabaseMetaDataTest:0.25333333333333335
TypeInfoTest:0.25
DatabaseMetaDataJDBC3Test:0.23444444444444448
MetaDataTestCase:0.10333333333333333
DatabaseMetaDataTypeInfoTest:0.09333333333333334
