AbstractResource:0.6233333333333333
ObjectKeys:0.5910000000000001
AbstractFolderModule:0.42
