Geometry:0.5733333333333334
Branch:0.5033333333333333
TreeLayoutAlgorithm:0.37333333333333335
