TransferRateCellRenderer:0.5003888888888889
TransferSizeCellRenderer:0.08277777777777777
