Button:0.41
MColorPicker:0.3566666666666667
MSmallColorButton:0.26
MFrame:0.23666666666666666
MTip:0.19416666666666668
ZoomComponent:0.14
FeedUtils:0.12333333333333334
