DocumentFormat:0.47333333333333333
HtmlCustomDocumentHandler:0.25
TestFiles:0.23666666666666666
HtmlDocumentFormat:0.2016666666666667
TestHtml:0.17333333333333334
MyCustomObject:0.17277777777777778
TestXml:0.1375
Scratch:0.1
