TopologyData:0.5433333333333333
NodeDataPanelManager:0.33
OptionDescriptorParser:0.25666666666666665
PropertiesTableFormat:0.205
SystemInformationAction:0.18333333333333332
