TaskFilter:0.45905555555555555
FakeClock:0.3566666666666667
GrpclbState:0.27666666666666667
GrpclbLoadBalancerTest:0.25
LbStream:0.24
GrpclbLoadBalancer:0.22
BackendEntry:0.15333333333333332
FallbackModeTask:0.06322222222222224
FakeClockTest:0.06
LoadReportingTask:0.056666666666666664
