ExchangeNode:0.56
ChildReplacer:0.3433333333333333
Visitor:0.30333333333333334
Rewriter:0.24
