ClientExecutorServiceProxy:0.6797222222222223
ExecutorServiceProxy:0.6754444444444445
