DateHistogramAggregationBuilder:0.63
DateHistogramAggregatorFactory:0.4666666666666667
DerivativePipelineAggregationBuilder:0.2866666666666667
