JSONWriter:0.6133333333333333
JSONUtil:0.41
JSONResultTest:0.39666666666666667
JSONResult:0.2866666666666667
JSONInterceptorTest:0.2833333333333333
JSONConstants:0.24666666666666667
JSONInterceptor:0.23666666666666666
JSONUtilTest:0.18
JSONEnumTest:0.12
