B:0.7693333333333332
Lang:0.5066666666666667
Mirror:0.4666666666666667
LangTest:0.30666666666666664
