AEDelegate:0.7866666666666666
FolderSubmitCtrl:0.32
AENewSubmitCtrl:0.23333333333333334
AEEditSubmitCtrl:0.23
AEEchoCtrl:0.22666666666666666
AEListCtrl:0.09
AEEditCtrl:0.07
AEDeleteCtrl:0.056666666666666664
