RSASignSessionBean:0.6066666666666667
IllegalKeyStoreException:0.4766666666666667
SoftCAToken:0.39666666666666667
