Builder:0.7566666666666667
DistributedQueryRunner:0.6
TpchQueryRunner:0.20666666666666667
H2TestUtil:0.19333333333333333
TpcdsQueryRunner:0.17666666666666667
TestQueryRunnerUtil:0.13666666666666666
TestDistributedSpilledQueries:0.12333333333333334
