JUnitPlatformProvider:0.44666666666666666
ClassWithTestMethods:0.3793412698412699
ClassWithMethods:0.3793412698412699
RunListenerAdapter:0.34833333333333333
TestPlanScannerFilterTests:0.3466666666666667
ClassWithNestedTestClass:0.31128571428571433
ClassWithTestFactory:0.08609523809523811
ClassWithDeeplyNestedTestClass:0.024166666666666666
EmptyClass:0.024166666666666666
ClassWithNestedTestFactory:0.024166666666666666
