Robolectric:0.5033333333333333
ShadowListView:0.3433333333333333
WifiManagerTest:0.32
ShadowHandler:0.31
ShadowLocation:0.3
ViewLoaderTest:0.2733333333333333
ShadowView:0.27
ShadowMessage:0.24333333333333335
TimeTest:0.23333333333333334
HandlerTest:0.18777777777777777
ViewTest:0.17666666666666667
ShadowSparseArray:0.14666666666666667
ShadowTime:0.13333333333333333
ShadowWifiManager:0.12333333333333334
LocationTest:0.12333333333333334
ListViewTest:0.08
ListAdapterBuilder:0.0033333333333333335
