DefaultResultSetHandler:0.6666666666666666
Mapper:0.4093888888888889
User:0.3433333333333333
AutomappingTest:0.10666666666666667
