CopyPasteAction:0.6033333333333334
CleanupAction:0.14666666666666667
