PartitionUpdate:0.6665555555555556
HiveMetadata:0.47
HivePageSink:0.41333333333333333
TestHiveIntegrationSmokeTest:0.16666666666666666
