DmlStatement:0.4166666666666667
DbImport:0.3433333333333333
DbFill:0.27666666666666667
ProtocolDataReader:0.24666666666666667
DbExport:0.23166666666666666
DataProcessor:0.21666666666666667
TableCsvDataReader:0.19666666666666666
DatabaseWriterSettings:0.14444444444444446
DbExportImportTest:0.13
DatabaseWriterErrorIgnorer:0.017388888888888888
AbstractCsvDataReader:0.0
