LoggingTool:0.67
MDLReader:0.47333333333333333
AtomPlacer:0.34833333333333333
StructureDiagramGenerator:0.29333333333333333
MDLV3000Reader:0.23666666666666666
OverlapResolver:0.23
MDLWriter:0.22333333333333333
Dictionary:0.21666666666666667
RingPlacer:0.20166666666666666
CMLCoreModule:0.20166666666666666
SmilesParserTest:0.2
CMLRoundTripTest:0.2
CML2Test:0.2
GENMDeterministicGenerator:0.2
SaturationChecker:0.19666666666666666
WWMMatrixReader:0.19666666666666666
MDLReaderTest:0.19666666666666666
MACiEReader:0.1880952380952381
CIFReader:0.18666666666666668
EquivalentClassPartitioner:0.18666666666666668
VASPReader:0.17666666666666667
OverlapResolverTest:0.17
HydrogenPlacerTest:0.17
DBWriter:0.16833333333333333
ShelXReader:0.16833333333333333
MDLRXNV3000Reader:0.16666666666666666
TemplateHandlerTest:0.16
DBAdmin:0.16
Renderer3D:0.15833333333333333
TemplateHandler:0.15833333333333333
PDBReader:0.15666666666666668
JmolTest:0.15666666666666668
PMPReader:0.15666666666666668
DictionaryDatabase:0.15666666666666668
JumboTest:0.15666666666666668
IChIGenerator:0.15666666666666668
MoleculeViewer3D:0.15666666666666668
HydrogenPlacer:0.15633333333333332
ConjugatedPiSystemsDetectorTest:0.15333333333333332
IUPACNameLocalizer:0.153
CMLResolver:0.14666666666666667
HINReaderTest:0.14666666666666667
ShelXReaderTest:0.14
VASPReaderTest:0.14
IChIReaderTest:0.13333333333333333
JChemPaintTest:0.13333333333333333
Validator:0.13333333333333333
GhemicalReaderTest:0.13
SMILESReaderTest:0.13
XindiceReader:0.12
INChIReader:0.12
ChemFileCDO:0.12
SVGWriter:0.12
SMILESWriter:0.12
CMLErrorHandler:0.11333333333333333
IUPACNameGenerator:0.11333333333333333
MDLRXNReader:0.11333333333333333
CMLHandler:0.11333333333333333
FileReaderTest:0.10333333333333333
DADMLTest:0.10333333333333333
