Util:0.41
Builder:0.35722222222222216
ClassName:0.3466666666666667
TypeSpecTest:0.34
TypeVariableName:0.33666666666666667
CodeWriter:0.3233333333333333
AnnotationSpec:0.2733333333333333
TypeName:0.25666666666666665
ParameterizedTypeName:0.25333333333333335
TypeSpec:0.25
ArrayTypeName:0.24666666666666667
WildcardTypeName:0.24333333333333335
MethodSpec:0.21333333333333335
JavaFile:0.20333333333333334
MethodSpecTest:0.20333333333333334
FieldSpec:0.18666666666666668
NameAllocator:0.17333333333333334
CompilationRule:0.15
FileReadingTest:0.12
