Service:0.5944444444444444
RepeatOperationsInterceptor:0.36666666666666664
RepeatOperationsInterceptorTests:0.32666666666666666
ServiceImpl:0.15333333333333332
