DataManager:0.71
AjaxEditUtils:0.25666666666666665
Harvester:0.1953492063492063
