ManufactureConfig:0.5066666666666667
ResupplyConfig:0.4683333333333333
SimulationConfig:0.45555555555555555
