PurchaseManager:0.6293333333333334
PurchaseListener:0.41208333333333336
PurchaseManagerGoogleAndroid:0.31666666666666665
PayTest:0.29
GdxTestActivity:0.20333333333333334
