Context:0.65
Configuration:0.39949999999999997
SequencerAgent:0.31333333333333335
ClusterNodeTest:0.15666666666666668
