MalfunctionManager:0.7866666666666666
SettlementDialog:0.31666666666666665
VehicleDialog:0.28
