WidgetFactory:0.7866666666666666
NumericOnlyVerifyListener:0.2633333333333333
DecimalDataAreaEditorDelegate:0.24777777777777776
