CDKValidator:0.2966666666666667
ProblemMarker:0.21666666666666667
ValencyValidator:0.11666666666666667
DictionaryValidator:0.07
PDBValidator:0.02666666666666667
