Constants:0.8961111111111112
TriggerRouterService:0.38666666666666666
ConfigurationService:0.24666666666666667
DataService:0.21
IDataService:0.19416666666666665
RouterServiceTest:0.17
DataGapDetector:0.16
