MiscUtilities:0.7
Buffer:0.5333333333333333
Favorite:0.21
FavoritesVFS:0.20222222222222225
BufferPrinter1_4:0.18666666666666668
BufferPrinter1_3:0.16666666666666666
