ProcessProbeTests:0.44646031746031734
OsProbeTests:0.44646031746031734
