ServiceRequest:0.4236111111111111
IntelliCache:0.37
ServiceRequestImpl:0.35333333333333333
MockRequest:0.24
ServiceRequestImplConfig:0.23666666666666666
TestingServiceRequest:0.21
