JsonEnvironment:0.57
ObjectMapperFactory:0.41333333333333333
Environment:0.26
JerseyClientBuilderTest:0.2377777777777778
JerseyClientBuilder:0.2325
ServerFactory:0.22666666666666666
ConfiguredCommand:0.14333333333333334
EnvironmentCommand:0.12
