DoubleMetaphone:0.6630555555555556
Soundex:0.2474206349206349
