RestService:0.4766666666666667
NodeStatus:0.43666666666666665
Engine:0.33349999999999996
ChannelStatus:0.24
Identity:0.0
