Caffeine:0.55
CacheGenerator:0.31
LocalLoadingCache:0.18666666666666668
CacheLoader:0.16333333333333333
LoadingCacheTest:0.10333333333333333
