TargetTrackingScalingPolicyConfiguration:0.8266666666666667
TargetTrackingScalingPolicyConfigurationMarshaller:0.24866666666666665
TargetTrackingScalingPolicyConfigurationJsonUnmarshaller:0.16666666666666666
