NDArray:0.6033333333333334
ComplexNDArray:0.49333333333333335
NDArrayUtil:0.3
NDArrayTests:0.14333333333333334
ComplexNDArrayUtil:0.1361111111111111
ComplexNDArrayTests:0.13333333333333333
NDArrayUtilTests:0.12333333333333334
ComplexNDArrayUtilTests:0.12166666666666667
