ChangePasswordPanel:0.7466666666666667
PasswordValidator:0.38333333333333336
ChangePasswordLink:0.24666666666666667
UserManagementMainPage:0.24666666666666667
