Analysis:0.6
BaseAnalysis:0.31333333333333335
NlpAnalysis:0.27666666666666667
FileDemo:0.19
IndexAnalysis:0.17222222222222225
UserDefineAnalysis:0.17222222222222225
ToAnalysis:0.17
