EndEntityProfile:0.6333333333333333
RAInterfaceBean:0.27666666666666667
EjbcaWS:0.2733333333333333
ApproveActionSessionBean:0.2677777777777778
LocalApprovalSessionBean:0.26
