ViewState:0.64
ContinuationFlowExecutionRepository:0.4066666666666667
StateTests:0.26
XmlFlowBuilderTests:0.23333333333333334
