Sockets:0.7033333333333335
SocketJsonAtom:0.33
SocketAtom:0.30333333333333334
