JSONObject:0.59
JSONArray:0.5833333333333334
Test:0.25666666666666665
