Factory:0.75
EnhancerGenerator:0.49
ConstructorProxy:0.43333333333333335
Generator:0.15444444444444444
MethodConstants:0.07333333333333333
ClassKey:0.0011111111111111111
