ApplicationEntityManager:0.7566666666666667
WebserviceBeanRemote:0.36
ApplicationEntityManagerImpl:0.3433333333333333
KuwaibaService:0.2833333333333333
WebserviceBean:0.2633333333333333
