JobCollectContext:0.63
LuceneDocCollectorTest:0.35
ExecutionSubContextTest:0.31333333333333335
JobCollectContextTest:0.15666666666666668
JobExecutionContextTest:0.15
NodeFetchOperationTest:0.13666666666666666
