Model:0.5133333333333333
ModelListener:0.3233333333333333
Content:0.2633333333333333
Overview:0.16
Callback:0.13
