NewMoleculeWizard:0.7633333333333333
NewMoleculeFromSMILESWizard:0.7016666666666667
