AsyncHttpClient:0.5833333333333334
Request:0.4666666666666667
AsyncProvidersBasicTest:0.36333333333333334
AsyncStreamHandlerTest:0.16666666666666666
BoundRequestBuilder:0.15333333333333332
