ProblemReporter:0.45622222222222214
CompilerBase:0.39666666666666667
Compiler:0.37333333333333335
Resolver:0.33388888888888885
Invoke:0.29866666666666664
