SetBackupOperation:0.7066666666666667
AtomicLongBaseOperation:0.32666666666666666
AddAndGetOperation:0.23333333333333334
GetAndAddOperation:0.23333333333333334
CompareAndSetOperation:0.16
SetOperation:0.16
GetAndSetOperation:0.16
