ActorNetworkRunnerApp:0.71
TestZookeeperRegister:0.2633333333333333
DeepLearningTest:0.24333333333333335
LFWLoader:0.17333333333333334
