UserContainer:0.8066666666666666
PassWordPromptDialog:0.36
UserManagerPreferencePage:0.23200000000000004
