DomNode:0.6433333333333333
DomText:0.36
DomElement:0.24333333333333335
HtmlScript:0.23666666666666666
