WxCpService:0.5466666666666666
WxCpServiceImpl:0.4033333333333333
WxCpUserGsonAdapter:0.3233333333333333
WxCpDepartAPITest:0.16333333333333333
