EjbcaWSTest:0.51
RevocationApprovalTest:0.45
ApprovalSessionTest:0.33916666666666667
EjbcaWSNonAdminTest:0.23583333333333334
