Hits:0.49666666666666665
LocalLuceneReadSession:0.34
LuceneProvider:0.32
SsfIndexInterface:0.2763333333333334
SearchUtils:0.2
LuceneReadSession:0.19255555555555556
AbstractLuceneSession:0.12666666666666668
NilLuceneReadSession:0.11666666666666667
