FormTagBase:0.5133333333333333
SectionTag:0.34
FormResponder:0.30333333333333334
GenericMakumbaTag:0.20666666666666667
MakumbaResponseWrapper:0.2
