Pointer:0.44666666666666666
BytePointer:0.4
IntPointer:0.28
CharPointer:0.28
BoolPointer:0.27
DoublePointer:0.27
SizeTPointer:0.27
CLongPointer:0.27
ShortPointer:0.27
LongPointer:0.27
FloatPointer:0.27
PointerPointer:0.25666666666666665
Generator:0.24666666666666667
CustomDeallocator:0.13333333333333333
NativeDeallocator:0.13
