Indi:0.7166666666666667
Images:0.3433333333333333
NavigatorView:0.33
