CompletionEngine:0.5583333333333333
ExperimentalIndex:0.45666666666666667
