MainScreen:0.5233333333333333
WindowingImagePanel:0.42333333333333334
SeriesPanel:0.38333333333333336
WindowingCanvas:0.23666666666666666
