RaptorMetadata:0.42
RaptorBucketFunction:0.37333333333333335
TestRaptorBucketFunction:0.19333333333333333
RaptorNodePartitioningProvider:0.14333333333333334
HashFunction:0.1267222222222222
TestRaptorIntegrationSmokeTest:0.1
