GerberGCode:0.58
Coords:0.33
Aperture:0.22333333333333333
PCB:0.16666666666666666
