OsgiFilterUtils:0.5333333333333333
AbstractOsgiServiceProxyFactoryBean:0.31333333333333335
OsgiFilterUtilsTest:0.25
ServiceProxyTest:0.23666666666666666
