Batch:0.9
SqlDataWriter:0.5133333333333333
SqlDataWriterTest:0.22333333333333333
