ModuleTestBase:0.52
ModuleContext:0.2633333333333333
Ids:0.2
ColorM1Test:0.19666666666666666
