JsonOperators:0.5033333333333333
JsonUtil:0.20666666666666667
TestJsonOperators:0.17333333333333334
