Responder:0.7566666666666667
FormTagBase:0.34
FormResponder:0.32666666666666666
