HeliosClient:0.4266666666666667
CliParser:0.30666666666666664
MasterModel:0.19916666666666666
DeploymentGroupTest:0.19
DeploymentGroupResource:0.16333333333333333
ZooKeeperMasterModel:0.14333333333333334
