DefaultGenerator:0.46
UniqueKeyDefinition:0.2793412698412698
InformationSchema:0.25505555555555554
Columns:0.24333333333333335
Routines:0.21333333333333335
Sequences:0.21333333333333335
Parameters:0.21333333333333335
Schemata:0.21333333333333335
Tables:0.21333333333333335
DefaultUniqueKeyDefinition:0.19
TableConstraints:0.18444444444444444
ReferentialConstraints:0.18444444444444444
KeyColumnUsage:0.18444444444444444
ElementTypes:0.18444444444444444
InformationSchemaFactory:0.14
DefaultRelations:0.12666666666666668
