Assert:0.7482777777777778
Version:0.4016666666666666
