Tabs:0.5805555555555555
WebKeys:0.426626984126984
SearchController:0.37666666666666665
