Scope:0.49666666666666665
Ctags:0.4533333333333333
Definitions:0.2966666666666667
JFlexXref:0.29333333333333333
CAnalyzerFactoryTest:0.19777777777777777
CxxAnalyzerFactoryTest:0.19777777777777777
CSharpAnalyzerFactoryTest:0.19777777777777777
JavaAnalyzerFactoryTest:0.19777777777777777
LineTagMap:0.17444444444444446
Tag:0.13666666666666666
