SystemInterface:0.7933333333333333
HeapAllocator:0.41333333333333333
