RMap:0.539345238095238
RedisAsyncConnection:0.5033333333333333
RedisConnection:0.4533333333333333
RedissonMap:0.35333333333333333
RedissonMapTest:0.19
