ManagedAtmosphereHandler:0.32666666666666666
AtmosphereHandlerWrapper:0.3155555555555556
AsynchronousProcessor:0.31
DefaultAnnotationProcessor:0.29333333333333333
