StepListener:0.5183333333333333
ExitStatus:0.44
StepExecution:0.3566666666666667
ExitStatusTests:0.32
StepListenerSupport:0.20166666666666663
TaskletStep:0.19333333333333333
TaskletStepTests:0.16666666666666666
CompositeStepListenerTests:0.15333333333333332
CompositeStepListener:0.1
