MOrder:0.6266666666666667
MInvoice:0.6133333333333333
PosModel:0.29
TicketFormatter:0.29
MSystem:0.2744444444444445
X_C_POSQueue:0.19666666666666666
PosPanel:0.19
PosProcessor:0.16777777777777778
MPOSQueue:0.13
RegisterSystem:0.11
