SurveyControllerConfiguration:0.47
SurveyController:0.43833333333333335
SurveyCreatorControllerResult:0.23111111111111116
SurveyCreatorController:0.23
SurveyControllerResult:0.20555555555555557
TestSurveyControllerConfiguration:0.14666666666666667
