AliasFilter:0.6266666666666667
SearchTransportService:0.6066666666666667
TransportSearchAction:0.23
