Model:0.5633333333333334
Images:0.39666666666666667
TreeView:0.3566666666666667
TreeViewSettings:0.16666666666666666
ActionAsDsAnDs:0.13
ActionFamsAndSpouses:0.03
ActionOrientation:0.03
ActionBend:0.03
