HttpClientRequest:0.7445555555555555
HttpClientRequestImpl:0.5533333333333333
HttpClientImpl:0.39666666666666667
HttpClientStream:0.34994444444444445
ClientConnection:0.21333333333333335
Http2ClientTest:0.2
Http2ClientStream:0.17
