Value:0.7033333333333334
AbstractSeqTest:0.47
AbstractValueTest:0.22166666666666668
