Stream:0.8533333333333334
ProjectEulerTest:0.33449999999999996
StreamTest:0.26166666666666666
