PKCS10RequestMessage:0.7466666666666667
CrmfRequestMessage:0.7066666666666667
CrmfRequestMessageTest:0.25
RequestMessageTest:0.19666666666666666
