NotificationResource:0.5966666666666667
ServletInitializer:0.49
MobileRestApplication:0.29333333333333333
MobileRestMain:0.12333333333333334
