ModuleTestBase:0.4633333333333333
Module:0.3466666666666667
Configuration:0.32
InvoiceListManyTypesTest:0.20666666666666667
ServiceExpensesTest:0.18666666666666668
AJAXTest:0.15666666666666668
CustomerTest:0.15
