BatchTiledMapRenderer:0.51
IsometricStaggeredTiledMapRenderer:0.39555555555555555
HexagonalTiledMapRenderer:0.31333333333333335
