TempSimulationConfigEditor:0.7021111111111111
SimulationConfigEditor:0.43944444444444436
