TransformationTestSupport:0.7666666666666667
GM03Iso19139RountripTest:0.35
ImportAndValidate:0.06666666666666667
