Shape:0.68
Multiplicity:0.36333333333333334
Parameters:0.35333333333333333
ShapeGenerator:0.25666666666666665
ShapeDFSStrategy:0.21666666666666667
ThreeMultValOption:0.20666666666666667
TestShapeGenerator:0.18333333333333332
ShapeMatchSetCollector:0.17333333333333334
StatsOption:0.1688888888888889
