PatternShape:0.58
Materialisation:0.51
AbstractPatternGraph:0.45666666666666667
PatternPreviewDialog:0.18688888888888888
TestMaterialisation:0.16666666666666666
TestPatternShapeGenerator:0.12666666666666668
