GwtTeamingMessages:0.7233333333333334
EditLdapServerConfigDlg:0.31
LdapBrowserDlg:0.30333333333333334
GwtTeamingImageBundle:0.2732777777777778
LdapBrowserHelper:0.22
EditLdapSearchDlg:0.21
LdapTreeModel:0.16111111111111112
LdapServerDataRpcResponseData:0.13
