ServletActionContext:0.6833333333333333
Dispatcher:0.4633333333333333
StrutsResultSupport:0.34
DebuggingInterceptor:0.3
