SimpleFunctionParser:0.56
ConstructorInstantiator:0.14444444444444446
ConfigurationPropertyInstantiator:0.14444444444444446
