TestHttpResponse:0.34
ShadowDrawable:0.33666666666666667
TestHttpEntity:0.31333333333333335
ShadowResources:0.2775
ResourcesTest:0.25333333333333335
ShadowMotionEvent:0.24666666666666667
RectTest:0.17666666666666667
ShadowRect:0.14
MotionEventTest:0.13666666666666666
DrawableTest:0.02666666666666667
ShadowConfiguration:0.0
