LayoutHelper:0.45666666666666667
Branch:0.43666666666666665
TreeLayout:0.4
PropertyWidget:0.25333333333333335
EuclideanShortestPathLayout:0.23
DefaultGraphRenderer:0.21333333333333335
Recursion:0.19666666666666666
EditableEdge:0.18666666666666668
SwingTree:0.1461111111111111
CompactVertexPositioning:0.13666666666666666
