Layer:0.59
MultiLayerNetwork:0.55
OutputLayer:0.3233333333333333
LSTM:0.30333333333333334
ConvolutionLayer:0.2833333333333333
SimpleOptimizableModel:0.2833333333333333
BaseLayer:0.2633333333333333
AccuracyPlotterIterationListener:0.23333333333333334
SubsamplingLayer:0.23333333333333334
RNTN:0.22
ListenerTest:0.21333333333333335
MultiLayerNeuralNetConfigurationTest:0.12666666666666668
