LexicalTableEditor:0.5133333333333333
ObjectSelectionDialog:0.21333333333333335
MergeLines:0.2
MergeDeleteDialog:0.13
LineLabelProvider:0.12
