ContinuousSpectrumView:0.49666666666666665
PeakSpectrumView:0.405
JcampToCMLSpectrumMapper:0.38333333333333336
SpectrumMetadataView:0.25416666666666665
PeakPickingAction:0.21
