FlowPropertyResolver:0.5233333333333333
FlowVariableResolver:0.48
FlowPhaseListener:0.35
FlowNavigationHandler:0.30333333333333334
