AbstractTestQueries:0.7232222222222222
PartitionFunctionArgumentBinding:0.5066666666666667
