CompressedFile:0.55
FileUtil:0.34
WorldFile:0.25333333333333335
MrSIDImageFactory:0.23166666666666666
GeoReferencedRaster:0.19333333333333333
ECWImageFactory:0.19166666666666668
ImageFeatureCreator:0.16333333333333333
ShapefileReader:0.16333333333333333
GeoTIFFRaster:0.14
OpenJumpConfiguration:0.11666666666666667
CommonsImage:0.06333333333333334
JAIGraphicImage:0.06333333333333334
