RobotsExclusionPolicy:0.48333333333333334
CrawlServer:0.45666666666666667
PreconditionEnforcer:0.29
CrawlStateUpdater:0.13333333333333333
