GeneBean:0.5533333333333333
SequenceBean:0.35333333333333333
SequenceTable:0.33666666666666667
UpdateGene:0.3
AddSequence:0.24
DisplaySequenceAssociations:0.20666666666666667
UpdateSequence:0.14666666666666667
