IpcPublication:0.4533333333333333
DriverConductor:0.3433333333333333
NetworkPublication:0.3433333333333333
PublicationLink:0.20333333333333334
NetworkPublicationConductorFields:0.011111111111111112
