ClassMetadata:0.37
Query:0.27666666666666667
AttributeMetadata:0.26
ResultRecord:0.17
CategoryMetadata:0.15833333333333333
BusinessEntityManager:0.14416666666666667
ClassMetadataLight:0.09916666666666667
MetadataEntityManager:0.0
