Manager:0.8066666666666666
ServerConnectionTest:0.45166666666666666
