ProtocolOcspHttpTest:0.5366666666666666
ProtocolOcspSignedHttpTest:0.2833333333333333
ProtocolOcspHttpStandaloneTest:0.25333333333333335
OCSPServletBase:0.24333333333333335
OcspJunitHelper:0.16599999999999998
