ShadowTextView:0.5
TestAttributeSet:0.37333333333333335
TestAttributeSetTest:0.29333333333333333
CompoundDrawables:0.28
