JFXSavePPT2Test:0.7633333333333333
JFXSavePPT5Test:0.5133333333333333
JFXSavePPT4Test:0.3433333333333333
