OtherListener:0.5633333333333334
ConfigurationProcessor2:0.5375
PropertyChangeTracker:0.16333333333333333
AbstractBeanMethodProcessor:0.065
StandardBeanConfigurationListener2:0.065
ConfigWithAspects:0.013333333333333334
AppConfig:0.0
