Transaction:0.47
PeerAddress:0.41333333333333333
Builder:0.4066666666666667
TransactionConfidence:0.32666666666666666
PeerAddressOrBuilder:0.25259523809523815
TransactionConfidenceOrBuilder:0.21509523809523812
WalletProtobufSerializer:0.17666666666666667
WalletProtobufSerializerTest:0.16
