ExecutionException:0.7533333333333333
DefaultTokeniser:0.31
DefaultGazetteer:0.2833333333333333
AbstractProcessingResource:0.22333333333333333
TestCreole:0.19583333333333333
SerialController:0.12666666666666668
