SpecificitesResult:0.4
VocabularyEditor:0.2733333333333333
Specificites:0.25666666666666665
SpecificitiesTableEditor:0.22583333333333333
ViewPropertySelectionDialog:0.1991666666666667
ApplicationWorkbenchAdvisor:0.1791666666666667
Diagnostique:0.1411111111111111
