Execution:0.38333333333333336
LinkInProcess:0.1958174603174603
RequestResponseProcess:0.19
InputProcess:0.1866666666666667
OneWayProcess:0.15666666666666668
