AutoboxerTest:0.7155555555555555
Autoboxer:0.4633333333333333
ObjectiveCSourceFileGeneratorTest:0.33
