Malfunction:0.6433333333333333
Inventory:0.56
MalfunctionManager:0.44333333333333336
UnitCollection:0.25333333333333335
HealthProblem:0.22916666666666666
EVASuit:0.22333333333333333
AboutDialog:0.19666666666666666
UnitManager:0.18333333333333332
DriveGroundVehicle:0.17333333333333334
ExitAirlock:0.15
RepairMalfunction:0.13666666666666666
StudyRockSamples:0.12333333333333334
MedicalAssistance:0.11
EnterAirlock:0.11
TendGreenhouse:0.1
RepairEmergencyMalfunction:0.1
