KerasLayer:0.4866666666666667
KerasPooling:0.35333333333333333
KerasLayerConfiguration:0.06333333333333334
Keras1LayerConfiguration:0.011111111111111112
Keras2LayerConfiguration:0.011111111111111112
