QueryAnalyzer:0.5322222222222223
CandidateQueryTests:0.36666666666666664
ControlQuery:0.33666666666666667
DisjunctionClause:0.05333333333333334
