JitsZoneConfigDlg:0.5466666666666666
GwtTeamingMessages:0.4680555555555556
AdminModule:0.4233333333333333
GwtServerHelper:0.25666666666666665
EventHelper:0.25666666666666665
BaseAdminModule:0.24666666666666667
GwtRpcServiceImpl:0.24
InvokeJitsZoneConfigDlgEvent:0.22666666666666666
AdminControl:0.19
GwtJitsZoneConfig:0.11333333333333333
SaveJitsZoneConfigCmd:0.03666666666666667
GetJitsZoneConfigCmd:0.0
