MouseTest:0.398
MouseCreationTest:0.37133333333333335
ControllerCreationTest:0.37133333333333335
ControllerTest:0.33466666666666667
PositionTest:0.2986666666666667
HWCursorTest:0.2753333333333333
FullScreenWindowedTest:0.24616666666666664
VBOIndexTest:0.22666666666666666
VBOTest:0.22666666666666666
ALCTest:0.18966666666666665
WindowCreationTest:0.12438888888888885
