Planner:0.7233333333333334
DocReferenceBuildingVisitor:0.43333333333333335
PlannerTest:0.27666666666666667
