ResourceLoader:0.46
RobolectricTestRunner:0.31
RobolectricConfig:0.2833333333333333
RobolectricTestRunnerTest:0.28
WithoutDefaults:0.24333333333333335
ShadowWrangler:0.21
ResourcesTest:0.18666666666666668
ClassHandler:0.15642857142857144
RealApisWithoutDefaults:0.115
Runner:0.11
