BoolResourceLoader:0.56
bool:0.47904761904761906
BoolResourceLoaderTest:0.19666666666666666
array:0.02
