DynamicLinkPanel:0.2733333333333333
ToggleFormLink:0.2377777777777778
QueueTreeTable:0.12333333333333334
SystemPropertyTreeTable:0.12333333333333334
DisplayReportTablePanel:0.12333333333333334
ReportTreeTable:0.12333333333333334
DisplayReportDiagramPanel:0.12333333333333334
FileSystemTreeTable:0.12333333333333334
DashboardTreeTable:0.11666666666666667
