FeignTest:0.43
RecordedRequestAssert:0.4
OkHttpClient:0.24333333333333335
LoadBalancingTargetTest:0.20666666666666667
