TestAttributeSet:0.5166666666666667
TestAttributeSetTest:0.38
AttrResourceLoader:0.3566666666666667
AttrResourceLoaderTest:0.16
EnumDef:0.008981481481481483
EnumRef:0.006666666666666667
