Buckets:0.5833333333333334
PageDownstreamContextTest:0.36
RowCountRowReceiver:0.21833333333333332
