CrawlURI:0.7666666666666667
Frontier:0.43666666666666665
FetchHTTP:0.22
UriProcessingFormatter:0.17
CrawlStateUpdater:0.17
