GwtServerHelper:0.46
ActivityStreamCtrl:0.44333333333333336
ActivityStreamParams:0.4
MainMenuControl:0.38333333333333336
BlogFolderView:0.23
GwtMainPage:0.21166666666666667
GwtRpcServiceImpl:0.20666666666666667
GwtActivityStreamHelper:0.2
ActivityStreamEnterEvent:0.17666666666666667
UnreadEntriesDlg:0.13666666666666666
MainContentLayoutPanel:0.11777777777777776
SaveWhatsNewSettingsCmd:0.05
ShowSettingPopupMenu:0.02
