PropertyPanel:0.5822222222222222
TierMenu:0.38666666666666666
HelpMenu:0.2733333333333333
