LinkedArray:0.59
LinkedIntArray:0.49333333333333335
ChainParsing:0.2866666666666667
LinkedLongArray:0.24666666666666667
VarIndexImpl:0.2
ValueEscaper:0.17
QueryIntCallback:0.14
QueryBooleanCallback:0.14
