GraphViewI:0.5377777777777778
Viewer:0.44
NyuWormRnai:0.2811111111111111
GraphData:0.25
Stat:0.24333333333333335
NbrowseJdbcAdapter:0.23666666666666666
NodeMover:0.22333333333333333
LayoutThread:0.18666666666666668
