ANTLRLexer:0.4866666666666667
ErrorManager:0.4633333333333333
ASTVerifier:0.44333333333333336
Message:0.2866666666666667
Tool:0.27
Grammar:0.23
DFA33:0.16666666666666666
DFA55:0.16666666666666666
DFA42:0.16666666666666666
DFA26:0.16666666666666666
SemanticsPipeline:0.14722222222222223
GrammarSemanticsMessage:0.09666666666666666
optionValue_return:0.023888888888888887
