Utils:0.7033333333333334
ScriptBuilder:0.5766666666666667
TransactionOutput:0.25666666666666665
