NDChoiceStatement:0.83
PostDecrementStatement:0.6366666666666667
JoliePackage:0.6133333333333333
VariablePath:0.5333333333333333
InternalJolieParser:0.36666666666666664
MainProcess:0.31333333333333335
InternalJolieLexer:0.3
JolieFactory:0.2834523809523809
AbstractJolieProposalProvider:0.2833333333333333
JolieAdapterFactory:0.27
PostDecrementStatementImpl:0.26
BasicStatementElements:0.25666666666666665
Expression_Group:0.2511111111111111
MainProcess2:0.24333333333333335
VariablePathElements:0.23
NDChoiceStatementElements:0.21111111111111108
TerminalExpression_Alternatives:0.20666666666666667
VariablePathImpl:0.19777777777777777
JoliePackageImpl:0.19333333333333333
TerminalExpressionElements:0.17333333333333334
JolieFactoryImpl:0.17333333333333334
JolieParser:0.16666666666666666
JolieGrammarAccess:0.16444444444444445
BasicStatement_Alternatives:0.16333333333333333
JolieSwitch:0.15333333333333332
VariablePath_Group:0.13666666666666666
PostDecrementStatementElements:0.12
DFA16:0.12
PostDecrementStatement_DECREMENTTerminalRuleCall_2:0.11333333333333333
BasicStatement_Group_4:0.10666666666666667
NDChoiceStatement_RPARENTerminalRuleCall_0_4:0.09666666666666666
NDChoiceStatement_IDTerminalRuleCall_1_1:0.09666666666666666
NDChoiceStatement_LPARENTerminalRuleCall_0_2:0.09666666666666666
NDChoiceStatement_LINKINTerminalRuleCall_0_1:0.09666666666666666
NDChoiceStatement_RSQUARETerminalRuleCall_1_6:0.09666666666666666
VariablePath_LPARENTerminalRuleCall_2_1_1_0:0.09666666666666666
VariablePath_Group_2_1_1:0.09666666666666666
NDChoiceStatement_IDTerminalRuleCall_0_3:0.09666666666666666
NDChoiceStatement_LPARENTerminalRuleCall_1_2:0.09666666666666666
NDChoiceStatement_RSQUARETerminalRuleCall_0_5:0.09666666666666666
VariablePath_RPARENTerminalRuleCall_2_1_1_2:0.09666666666666666
Literals:0.08666666666666667
ThisRootNode:0.08333333333333333
VariablePath_GLOBALTerminalRuleCall_1:0.06666666666666667
MainProcess2Impl:0.056111111111111105
NDChoiceStatementImpl:0.056111111111111105
MainProcessImpl:0.05444444444444444
VariablePath_Group_2:0.04666666666666667
TerminalExpression_Group_4:0.04
BasicStatement_NDChoiceStatementAction_4_0:0.04
VariablePath_VariablePathAction_0:0.04
VariablePath_ChildrenAssignment_2_1_1_1:0.03944444444444445
NDChoiceStatement_MainProcessAssignment_0_7:0.03944444444444445
BasicStatement_NDChoiceStatementAssignment_4_1:0.03944444444444445
NDChoiceStatement_VariablePathAssignment_1_4:0.035
NDChoiceStatement_MainProcessAssignment_1_8:0.035
NDChoiceStatement_LSQUARETerminalRuleCall_1_0:0.03
NDChoiceStatement_LSQUARETerminalRuleCall_0_0:0.03
NDChoiceStatement_Group_0:0.025
NDChoiceStatement_MainProcessAction_0_6:0.025
NDChoiceStatement_VariablePathAction_1_3:0.025
NDChoiceStatement_Alternatives:0.023333333333333334
NDChoiceStatement_RPARENTerminalRuleCall_1_5:0.023333333333333334
NDChoiceStatement_Group_1:0.021666666666666667
NDChoiceStatement_MainProcess2Action_1_7:0.021666666666666667
TerminalExpression_ValueAssignment_4_1:0.016666666666666666
PostDecrementStatement_NameAssignment_1:0.016666666666666666
VariablePath_Alternatives_2_1:0.013333333333333334
VariablePath_DOTTerminalRuleCall_2_0:0.013333333333333334
TerminalExpression_StringAction_4_0:0.006666666666666667
