TagHandler:0.7966666666666666
OtterContentHandler:0.37333333333333335
TranscriptRemarkTagHandler:0.19666666666666666
ExonEndTagHandler:0.19666666666666666
TranscriptNameTagHandler:0.19666666666666666
ExonFrameTagHandler:0.19666666666666666
ExonStartTagHandler:0.19666666666666666
EvidenceTypeTagHandler:0.19666666666666666
ExonStrandTagHandler:0.19666666666666666
EvidenceNameTagHandler:0.19666666666666666
ExonStableIdTagHandler:0.19666666666666666
TranscriptCdsEndNotFoundTagHandler:0.19666666666666666
TranscriptStableIdTagHandler:0.19666666666666666
TranscriptClassTagHandler:0.19666666666666666
OtterXMLRenderingVisitor:0.19
ExonTagHandler:0.18333333333333332
EvidenceTagHandler:0.18333333333333332
TranscriptTagHandler:0.16
TranscriptMRNAEndNotFoundTagHandler:0.14666666666666667
TranscriptTranslationEndTagHandler:0.14666666666666667
TranscriptMRNAStartNotFoundTagHandler:0.14666666666666667
TranscriptTranslationStartTagHandler:0.14666666666666667
TranscriptCdsStartNotFoundTagHandler:0.14666666666666667
EvidenceDBXrefDbTagHandler:0.13666666666666666
EvidenceDBXrefIdTagHandler:0.13666666666666666
LocusTagHandler:0.05
LocusSynonymTagHandler:0.016666666666666666
LocusNameTagHandler:0.016666666666666666
LocusRemarkTagHandler:0.016666666666666666
LocusTypeTagHandler:0.013333333333333334
LocusStableIdTagHandler:0.013333333333333334
LocusAuthorEmailTagHandler:0.01
LocusAuthorTagHandler:0.01
