NearCacheInvalidator:0.58
MapOperation:0.37333333333333335
EvictAllOperation:0.2608333333333333
BatchInvalidator:0.25
NonStopInvalidator:0.25
EvictAllBackupOperation:0.235
ClearBackupOperation:0.235
MapProxySupport:0.22666666666666666
ClearOperation:0.21416666666666667
ClientMapProxy:0.18333333333333332
MapEvictAllMessageTask:0.14833333333333334
ClearNearCacheOperation:0.14333333333333334
AbstractNearCacheInvalidator:0.14
ClearEventCounterEventHandler:0.13182539682539685
MapClearMessageTask:0.12166666666666667
LoadAllOperation:0.07682539682539682
ClientMapNearCacheTest:0.06
AbstractMapAllPartitionsMessageTask:0.0225
