MObject:0.57
Task:0.49666666666666665
Enclosure:0.22666666666666666
DayKey:0.1577777777777778
