DefaultChemObjectBuilderTest:0.43666666666666665
AtomContainerTest:0.42333333333333334
ChemModelTest:0.37333333333333335
ReactionTest:0.25333333333333335
BondTest:0.22666666666666666
SetOfAtomContainersTest:0.21666666666666667
SetOfMoleculesTest:0.21666666666666667
RingTest:0.19666666666666666
