NameTable:0.56
BindingUtil:0.5433333333333333
NameTableTest:0.2833333333333333
FunctionizerTest:0.26666666666666666
Functionizer:0.19333333333333333
