NativeQueryImpl:0.4816666666666667
LogicalConnectionManagedImpl:0.43666666666666665
ProcedureCallImpl:0.3933333333333333
QueryProducer:0.2813333333333334
