NodeRunner:0.7166666666666667
JPPFNode:0.6466666666666666
JPPFPermissions:0.44333333333333336
