DataManager:0.5833333333333334
Params:0.3765555555555556
XmlSerializer:0.3433333333333333
AjaxEditUtils:0.23
Aligner:0.22
ArcSDEHarvester:0.21666666666666667
LocalFilesystemHarvester:0.21666666666666667
Harvester:0.21666666666666667
Transaction:0.18666666666666668
Update:0.16
XslProcessing:0.11
EditUtils:0.09333333333333334
