GwtTeamingMessages:0.5722222222222223
ShareThisDlg2:0.3566666666666667
GwtSharingInfo:0.27666666666666667
GwtShareHelper:0.2633333333333333
GwtSearchHelper:0.21
