Articles:0.7416666666666667
Hits:0.44666666666666666
SqlSearcher:0.24833333333333332
