Discovery:0.7733333333333333
ZenDiscovery:0.37333333333333335
NodeService:0.27
LocalDiscovery:0.19055555555555556
NoopDiscovery:0.13916666666666666
MockNode:0.13833333333333334
DiscoveryNodesProvider:0.1162777777777778
UnicastZenPingIT:0.10666666666666667
