TestInstanceProvider:0.56
ClassTestDescriptor:0.3333333333333333
ParameterizedTestIntegrationTests:0.2519444444444444
ClassExtensionContext:0.24666666666666667
TestInstanceLifecycleTests:0.23666666666666666
InstancePerClassOuterTestCase:0.205
MixedLifecyclesOuterTestCase:0.205
InstancePerMethodOuterTestCase:0.205
MethodTestDescriptor:0.2
MethodExtensionContext:0.19
TestInfoDemo:0.18333333333333332
ExtensionContextTests:0.16333333333333333
State:0.16
TestFactoryTestDescriptorTests:0.14333333333333334
InstanceTrackingExtension:0.14333333333333334
JupiterEngineExtensionContext:0.1411111111111111
Builder:0.11
TestTemplateExtensionContext:0.10111111111111111
NestedClassTestDescriptor:0.09333333333333334
JupiterEngineDescriptor:0.08
TestTemplateTestDescriptor:0.07333333333333333
