ShadowView:0.7533333333333333
ShadowViewGroup:0.3
ViewTest:0.26666666666666666
ViewGroupTest:0.15666666666666668
