SettlementMapPanel:0.6222222222222222
LabelMapLayer:0.5533333333333333
SettlementWindow:0.257
