Node:0.43333333333333335
MethodSummary:0.3466666666666667
AndersenPointerAnalysis:0.3433333333333333
FieldNode:0.33666666666666667
CallSite:0.3333333333333333
ProgramLocation:0.32
PointerExplorer:0.20666666666666667
BuildMethodSummary:0.2
GlobalNode:0.19333333333333333
FieldOperand:0.15166666666666667
MethodOperand:0.15166666666666667
SelectiveCloning:0.05972222222222221
