HttpSecurityBeanDefinitionParserTests:0.6211111111111111
Elements:0.5405555555555556
HttpSecurityBeanDefinitionParser:0.4266666666666667
