Strand:0.4066666666666667
Fiber:0.38666666666666666
ForkJoinPoolMonitor:0.35650000000000004
JMXForkJoinPoolMonitor:0.3233333333333333
ThreadStrand:0.26666666666666666
FiberForkJoinTask:0.21666666666666667
FiberStrand:0.19333333333333333
MonitoringServices:0.18666666666666668
FibersForkJoinPoolMXBean:0.013333333333333334
