TypeConverterManager:0.42
IfTag:0.3277777777777778
IfElseTag:0.3233333333333333
