Phone:0.39666666666666667
WireConverterFactory:0.3466666666666667
Builder:0.17666666666666667
WireRequestBodyConverter:0.1
WireResponseBodyConverter:0.09666666666666666
