Tuple3Test:0.29333333333333333
Tuple7Test:0.29
Tuple2Test:0.2866666666666667
Tuple1Test:0.26
Tuple4Test:0.24333333333333335
Tuple8Test:0.23333333333333334
Tuple6Test:0.22666666666666666
Tuple5Test:0.22666666666666666
