JavaBeanSerializer:0.5433333333333333
ASMSerializerFactory:0.44666666666666666
SerializeConfig:0.3
IgnoreNonFieldGetterTest2:0.14
IgnoreNonFieldGetterTest:0.14
