EditText:0.38666666666666666
FlowLayout:0.2833333333333333
ConstraintLayout:0.2833333333333333
CoordinatorLayout:0.2833333333333333
GridLayout:0.2833333333333333
Button:0.2833333333333333
FrameLayout:0.2833333333333333
RelativeLayout:0.2833333333333333
ImageView:0.2833333333333333
DrawerLayout:0.2833333333333333
LinearLayout:0.2833333333333333
Toolbar:0.2733333333333333
FloatingActionButton:0.23666666666666666
TextView:0.23
CollapsingToolbarLayout:0.22666666666666666
AppBarLayout:0.21
InputView:0.20277777777777775
AnimationsActivity:0.15666666666666668
