HopCompilerVariable:0.53
CompilerArrayVariable:0.4666666666666667
HopCompilerArrayVariable:0.35333333333333333
HopCompilerObjectVariable:0.24333333333333335
HopDataManager:0.21
HopNodeFactory:0.20666666666666667
