SparkServer:0.5627777777777778
Spark:0.5516666666666666
SparkServerImpl:0.37333333333333335
SparkTestUtil:0.25666666666666665
