DefaultExecutionTracker:0.5983333333333334
DefaultJVMHandler:0.3516666666666667
MasterListener:0.31666666666666665
