HelloAction:0.9761111111111113
HelloActionTest:0.5544444444444445
