HtmlHiddenInput:0.27666666666666667
HtmlResetInput:0.27666666666666667
HtmlResetInputTest:0.22666666666666666
HtmlImageInput2Test:0.14
HtmlTextInput2Test:0.14
HtmlHiddenInputTest:0.14
HtmlButtonInput2Test:0.14
HtmlButtonInput:0.13
HtmlPasswordInputTest:0.12
HtmlSubmitInputTest:0.12
HtmlSubmitInput:0.10666666666666667
HtmlResetInput2Test:0.09
