Tabs:0.7033333333333334
WebKeys:0.5496507936507937
SearchController:0.37666666666666665
FilterHelper:0.2866666666666667
