PrecisionRecallCurve:0.5866666666666667
ROC:0.4633333333333333
Confusion:0.33
ROCTest:0.3233333333333333
