DefaultDataType:0.4666666666666667
Factory:0.4622222222222222
SQLDataType:0.31666666666666665
Val:0.24400000000000002
JavaGenerator:0.23333333333333334
AbstractField:0.21666666666666667
