RecordingEventListener:0.3566666666666667
EventListener:0.32666666666666666
StreamFinishingSource:0.24
EventListenerTest:0.23333333333333334
AbstractSource:0.18666666666666668
RequestBodyEnd:0.12666666666666668
ResponseHeadersEnd:0.12666666666666668
RequestHeadersEnd:0.12666666666666668
ResponseBodyEnd:0.12666666666666668
CallServerInterceptor:0.03666666666666667
CountingSink:0.016666666666666666
