CacheProxy:0.5333333333333333
AbstractClientCacheProxy:0.32
ClientNearCacheTest:0.30666666666666664
HazelcastClientCacheManager:0.30333333333333334
ClientCacheProxy:0.27
CacheEventDataCodec:0.24
AbstractInternalCacheProxy:0.21333333333333335
ClientNearCacheTestSupport:0.20666666666666667
AbstractClientInternalCacheProxy:0.17333333333333334
HazelcastClientNotActiveException:0.141984126984127
