Administrator:0.7766666666666666
AutoFinder:0.37666666666666665
