JupiterTestDescriptor:0.42380555555555555
TestMethodTestDescriptor:0.36333333333333334
ClassTestDescriptor:0.34
