Configuration:0.635
RCSHistoryParser:0.31666666666666665
FileAnalyzer:0.24666666666666667
FileHistoryCache:0.23333333333333334
RCSget:0.19861111111111113
ELFAnalyzer:0.18333333333333332
