Interruptibility:0.5685714285714286
NodeExecutionManagerImpl:0.37333333333333335
LifeCycleTask:0.35333333333333333
TestJPPFTask:0.2866666666666667
TimeoutTimerTask:0.15
