GeoLocation:0.5266666666666666
GeoView:0.38
GeoModel:0.34
ChooseMap:0.27111111111111114
GeoMap:0.1638888888888889
