Project:0.8566666666666667
ProjectTest:0.23333333333333334
