Management:0.55
DefaultDOManager:0.41333333333333333
DefaultDOReplicator:0.33666666666666667
DefaultManagement:0.3
FedoraAPIMBindingSOAPHTTPImpl:0.2633333333333333
