MapOperationProvider:0.5150555555555555
MapProxySupport:0.43666666666666665
MapContainer:0.4066666666666667
KeyToData:0.40303174603174596
MapOperationProviderDelegator:0.37333333333333335
DefaultMapOperationProvider:0.37333333333333335
WANAwareOperationProvider:0.21666666666666667
ObjectToData:0.0
