MethodReference:0.4602777777777778
ExpressionMethodReference:0.29
TypeMethodReference:0.2833333333333333
SuperMethodReference:0.25666666666666665
CreationReference:0.2188888888888889
Dimension:0.2188888888888889
NameQualifiedType:0.2188888888888889
IntersectionType:0.17805555555555558
LambdaExpression:0.17805555555555558
AnnotatableType:0.15833333333333333
