CopyOnWriteArrayList:0.57
BoundedMap:0.43
CopyOnWriteArrayListTest:0.35333333333333333
TreeMapTest:0.14333333333333334
