LSTM:0.6033333333333334
GravesBidirectionalLSTM:0.32666666666666666
GravesLSTM:0.315
LSTMHelpers:0.2833333333333333
