FailAndRetryMockTransport:0.49
TransportClientNodesService:0.4766666666666667
TestIteration:0.3333333333333333
TransportClientNodesServiceTests:0.27666666666666667
