SymbolsTest:0.32133333333333336
APIVersionTesterTest:0.32133333333333336
AssociationTest:0.3146666666666667
DictDBTest:0.29800000000000004
SubstructureFingerprinterTest:0.2946666666666667
MappingTest:0.25666666666666665
KabschAlignmentTest:0.2253333333333333
StandardSubstructureSetsTest:0.20533333333333334
CloneAtomContainerTest:0.20533333333333334
MextraTests:0.18666666666666668
PeriodicTablePanelTest:0.15
MexperimentalTests:0.08333333333333333
MstandardTests:0.08333333333333333
