ModuleConstantsExistenceCheckerTest:0.29
GenerateUtf8Test:0.2833333333333333
GenerateLatexTest:0.2833333333333333
ControlVisitor:0.27
DummyInternalKernalServices:0.2633333333333333
Qedeq2LatexTest:0.24
DynamicDirectInterpreterTest:0.24
FormalProofCheckerPluginTest:0.23666666666666666
SimpleProofFinderPluginTest:0.22666666666666666
ProofCheckerTest:0.20666666666666667
ProofFinderTest:0.20333333333333334
QedeqBoFactoryAssert:0.2
HeuristicCheckerPluginTest:0.19666666666666666
DynamicHeuristicCheckerPluginTest:0.19666666666666666
DefaultModuleEventListenerTest:0.19
DefaultKernelQedeqBoTest:0.19
ModuleEventListenerLogTest:0.19
QedeqBoFormalLogicCheckerTest:0.16666666666666666
