Reader:0.8266666666666667
ReaderTest:0.3333333333333333
