ObjectFieldSerializer:0.5664285714285715
JavaBeanSerializer:0.47
IntegerCodec:0.2722222222222222
