Draft:0.54
WebSocket:0.5366666666666666
Draft_10:0.33
WebSocketClient:0.3233333333333333
Draft_75:0.22333333333333333
