FlatFileCustomerCreditWriter:0.49666666666666665
SqlNflGameDao:0.3596111111111111
SqlNflPlayerSummaryDao:0.30666666666666664
FlatFileCustomerCreditWriterTests:0.22
JdbcTradeWriter:0.20333333333333334
SimpleTradeTaskletTests:0.17
ResourceLifecycleOutputSource:0.03444444444444444
