EvidencePanel:0.4666666666666667
SetDetailPanel:0.43333333333333335
EvidenceTableListener:0.27
SetDetailModel:0.1
SetDetailCellRenderer:0.05333333333333334
