EntityManagerFactoryBuilderImpl:0.6733333333333333
OsgiPersistenceProvider:0.30666666666666664
OsgiSessionFactoryService:0.25666666666666665
