Window:0.5933333333333334
HTMLStyleElementTest:0.26666666666666666
CSSStyleSheet:0.26666666666666666
DomHtmlAttributeChangeListenerImpl:0.2533333333333333
HTMLStyleElement:0.24
