PDBSequenceExtractor:0.7719444444444444
PDBCDKChildResourceCreator:0.3917222222222222
