HiveSplit:0.5833333333333334
HiveClient:0.39
AbstractTestHiveClient:0.31333333333333335
HiveSplitSourceProvider:0.24666666666666667
HiveTableHandle:0.23
TestJsonHiveHandles:0.13
TestHiveTableHandle:0.11333333333333333
TestHiveSplit:0.06666666666666667
