BatchResourceFactoryBean:0.8233333333333334
BatchResourceFactoryBeanTests:0.38333333333333336
