MapAddInterceptorRequest:0.31333333333333335
MapPortableHook:0.2306666666666667
MapRemoveInterceptorRequest:0.2
AddInterceptorOperation:0.17666666666666667
RemoveInterceptorOperation:0.17666666666666667
MultiTargetClientRequest:0.16333333333333333
ClientIssueTest:0.08333333333333333
MapInterceptorImpl:0.05
