IndexShardRoutingTable:0.6355555555555557
OperationRouting:0.37666666666666665
RoutingIteratorTests:0.3466666666666667
SearchPreferenceIT:0.27
OperationRoutingTests:0.02666666666666667
