NewArrayBytecodeExpression:0.5466666666666666
BytecodeExpressions:0.4133333333333334
TestArrayBytecodeExpressions:0.3
