LocalAuthorizationSessionBean:0.5458333333333333
LocalAuthenticationSessionBean:0.22333333333333333
RemoteAuthenticationSessionBean:0.22333333333333333
NullAuthenticationSessionBean:0.22333333333333333
