PCChoiceGenerator:0.4
PC3WayChoiceGenerator:0.29
DCMPL:0.27051984126984113
Debug:0.27051984126984113
TestDoubleVirtual1:0.21
TestDoubleSpecial1:0.21
DMUL:0.18155555555555555
DADD:0.18155555555555555
DDIV:0.18155555555555555
DSUB:0.18155555555555555
DNEG:0.16155555555555556
INVOKESTATIC:0.15394444444444444
INVOKESPECIAL:0.15394444444444444
INVOKEVIRTUAL:0.15394444444444444
DREM:0.1448888888888889
JPF_gov_nasa_jpf_symbc_Debug:0.02861111111111111
PathConditionListener:0.00888888888888889
TestDouble1:0.0033333333333333335
LineNumberListener:0.0
