Engine:0.6666666666666666
InternalEngine:0.47333333333333333
LiveVersionMap:0.34
VersionValueSupplier:0.15694444444444444
