RequestBuilderTest:0.43666666666666665
RestMethodInfo:0.4166666666666667
UrlConnectionClientTest:0.32
RequestBuilder:0.20666666666666667
GenericEntityHttpRequest:0.19333333333333333
RestAdapter:0.19333333333333333
UrlConnectionClient:0.19
GenericHttpRequest:0.17333333333333334
ApacheClient:0.11333333333333333
TypedOutputEntity:0.09083333333333334
MimeOverridingTypedOutput:0.09
