HTMLElements:0.67
HTMLScanner:0.39666666666666667
XercesBridge:0.3383333333333333
Writer:0.29
HTMLTagBalancer:0.25333333333333335
ContentScanner:0.22444444444444447
NamespaceBinder:0.22066666666666668
HTMLConfiguration:0.20333333333333334
