ShamLaunchConfiguration:0.45666666666666667
TC_RunnerLaunching:0.26
TestVMRunner:0.24
StandardVMDebugger:0.24
AbstractVMRunner:0.21166666666666667
TestVM:0.16666666666666666
TestVMDebugger:0.06333333333333334
TestRubyDebugDebugger:0.06333333333333334
TestVMType:0.006666666666666667
