ClientConnectionsEntry:0.5233333333333333
ConnectionPool:0.41888888888888887
MasterSlaveEntry:0.31333333333333335
PubSubConnectionPool:0.2608333333333333
SingleEntry:0.22666666666666666
