HTTPHeaders:0.5908333333333333
ShareFile:0.5622222222222223
UploadEngine:0.38333333333333336
