ClientQueueProxy:0.4970555555555556
AbstractClientCollectionProxy:0.4533333333333333
ClientTopicProxy:0.27
