SnapshotsService:0.4066666666666667
BlockingClusterStateListener:0.3466666666666667
SharedClusterSnapshotRestoreTests:0.30333333333333334
AbstractSnapshotTests:0.21666666666666667
DedicatedClusterSnapshotRestoreTests:0.07
