AbstractLabelFigure:0.49
TextFigure:0.4166666666666667
ImageCreationTool:0.27666666666666667
LabelFigure:0.22
