ISharedProject:0.7433333333333333
InviteAction:0.39
InvitationProcess:0.36
SharedProject:0.32
InvitationDialog:0.30666666666666664
