ApacheDSContainer:0.44
LdapProviderBeanDefinitionParser:0.2733333333333333
InMemoryXmlApplicationContext:0.25666666666666665
BeanIds:0.2211111111111111
InMemoryResource:0.2
AbstractLdapIntegrationTests:0.18
LdapServerBeanDefinitionParser:0.17888888888888888
AbstractUserDetailsServiceBeanDefinitionParser:0.12666666666666668
AuthenticationProviderBeanDefinitionParser:0.12333333333333334
SecurityNamespaceHandler:0.10666666666666667
Elements:0.02
LdapProviderBeanDefinitionParserTests:0.009444444444444445
AuthenticationProviderBeanDefinitionParserTests:0.0033333333333333335
LdapServerBeanDefinitionParserTests:0.0011111111111111111
