Spark:0.7166666666666667
GenericIntegrationTest:0.43333333333333335
SparkServerImpl:0.24666666666666667
StaticResources:0.1311111111111111
