FlowController:0.7432222222222222
FlowHandlerAdapter:0.41433333333333333
