VariableFormat:0.7566666666666667
UserTypeFormat:0.31666666666666665
