ReceivedEmail:0.5333333333333333
EmailAddress:0.5266666666666666
RFC2822AddressParser:0.3
ReceiveMailSession:0.26666666666666666
