Request:0.5166666666666667
BaseTasksRequest:0.36666666666666664
BaseNodesRequest:0.3433333333333333
ClusterInfoRequest:0.32666666666666666
ReplicationRequest:0.2733333333333333
ActionRequest:0.23
AcknowledgedRequest:0.21666666666666667
InstanceShardOperationRequest:0.21666666666666667
SingleShardRequest:0.17
MasterNodeRequest:0.16666666666666666
MasterNodeReadRequest:0.14333333333333334
BroadcastRequest:0.11333333333333333
