ChadoInstance:0.8866666666666667
JdbcChadoAdapter:0.43
ParameciumDBChadoInstance:0.29
FlybaseChadoInstance:0.26
XmlConfigFileParser:0.2527777777777778
TigrChadoInstance:0.25
AbstractChadoInstance:0.22333333333333333
