PageBufferInfo:0.4866666666666667
TestSharedBuffer:0.37
SharedBufferInfo:0.36666666666666664
PartitionBuffer:0.3466666666666667
