RAInterfaceBean:0.37333333333333335
EjbcaWS:0.36666666666666664
LocalPublisherSessionBean:0.33666666666666667
LocalUserAdminSessionBean:0.33
LocalCertificateStoreSessionBean:0.26
CertificateDataTest:0.25666666666666665
RaUnRevokeUserCommand:0.14
