ScenarioReaderImpl:0.49666666666666665
ScenarioManagerImpl:0.49
BlockingTimer:0.4
ScenarioListener:0.24333333333333335
ScenarioPanel:0.24
ScenarioListDialog:0.09333333333333334
