ManagedChannelImplTest:0.30666666666666664
ManagedChannelImpl:0.25666666666666665
OobChannel:0.25666666666666665
LbHelperImpl:0.19444444444444445
ChannelStats:0.17333333333333334
ChannelTracer:0.16666666666666666
Builder:0.15333333333333332
InternalChannelStats:0.10333333333333333
SubchannelImpl:0.08333333333333333
AbstractSubchannel:0.07333333333333333
