MigrationInfo:0.45
PartitionServiceImpl:0.4033333333333333
BaseMigrationOperation:0.31
MigrationOperation:0.29
Migrator:0.2511111111111111
MigrationManagerThread:0.24333333333333335
MigrationRequestOperation:0.16
FinalizeMigrationOperation:0.14666666666666667
RemoteMigrationPacketProcessor:0.04
