RecoveryFromGatewayTests:0.56
SyncedFlushService:0.5566666666666666
IndexShardTests:0.27
FlushTest:0.056666666666666664
