RobolectricTestRunner:0.6155555555555555
ShadowBitmapFactory:0.3233333333333333
BitmapFactoryTest:0.13333333333333333
