Session:0.69
LocalQueryRunner:0.5466666666666666
HashBuildAndJoinBenchmark:0.21
HashBuildBenchmark:0.19444444444444445
BenchmarkSuite:0.18
AbstractOperatorBenchmark:0.11333333333333333
TestBenchmarks:0.11333333333333333
