LogFunctionTest:0.4066666666666667
InformationSchemaTest:0.37333333333333335
SysShardsTest:0.3466666666666667
DateFormatFunctionTest:0.30666666666666664
OrOperatorTest:0.25333333333333335
Scalar:0.2
TransportSQLActionTest:0.13333333333333333
SysNodeResiliencyIntegrationTest:0.11666666666666667
PartitionedTableIntegrationTest:0.10333333333333333
SysClusterTest:0.08333333333333333
