Simulator:0.49666666666666665
ControlAutomaton:0.33666666666666667
CAPanel:0.24666666666666667
GCPLoader:0.24333333333333335
AspectualViewGps:0.23333333333333334
AutomatonPanel:0.043333333333333335
