HibernateValidationFeature:0.5733333333333334
DropwizardResourceConfig:0.32666666666666666
JerseyClientBuilder:0.32
ConstraintViolationExceptionMapperTest:0.30333333333333334
AbstractServerFactory:0.3
