CtrlState:0.5733333333333334
PatternGraphMatchSetCollector:0.4522222222222222
