ObjectFactory:0.48333333333333334
SignRequestException:0.43
SignRequestExceptionBean:0.20333333333333334
SignRequestException_Exception:0.18333333333333332
