TypeConverter:0.33666666666666667
CharConverter:0.023333333333333334
BigDecimalConverter:0.013333333333333334
SqlDateConverter:0.013333333333333334
DateConverter:0.013333333333333334
ShortConverter:0.013333333333333334
DoubleConverter:0.013333333333333334
ByteConverter:0.013333333333333334
BooleanConverter:0.013333333333333334
IntegerConverter:0.013333333333333334
SqlTimestampConverter:0.013333333333333334
LongConverter:0.013333333333333334
EnumConverter:0.013333333333333334
FloatConverter:0.013333333333333334
UUIDConverter:0.01
BigIntegerConverter:0.006666666666666667
StringConverter:0.006666666666666667
IdentityConverter:0.0
