ShadowView:0.5719444444444445
ShadowTextView:0.47861111111111104
