RelationshipsBean:0.8866666666666667
ReferencesBean:0.45666666666666667
