StaticNode:0.7366666666666667
Fields:0.5466666666666666
ObjectNode:0.427452380952381
FieldInfo:0.35
JVM:0.32
ObjVector:0.31333333333333335
DefaultBacktracker:0.2966666666666667
ArrayFields:0.2833333333333333
ArrayAbstractors:0.27051984126984113
IntVector:0.27
CollapseRestorer:0.25166666666666665
CollapseBacktracker:0.21666666666666667
TestDataChoice:0.21666666666666667
CachingRestorer:0.21333333333333335
AbstractBacktracker:0.21333333333333335
IAbstractorFactory:0.16333333333333333
FieldsMeta:0.12444444444444443
FieldsMetaBuilder:0.12111111111111111
WeakPool:0.11
IStaticAbstractor:0.06666666666666667
IObjectAbstractor:0.06666666666666667
FieldFilters:0.055
FieldFilterAbstractors:0.043333333333333335
NoFieldsAbstractor:0.041666666666666664
NullAbstractor:0.041111111111111105
BasicAbstractorFactory:0.0125
StaticFieldsAbstractor:0.01
ObjectFieldsAbstractor:0.0
IHeapMap:0.0
