Engine:0.4666666666666667
IndexShard:0.42333333333333334
InternalEngineTests:0.38
InternalEngine:0.37666666666666665
SyncedFlushService:0.21333333333333335
ShadowEngine:0.2
