QueueBasicTest:0.5502777777777778
QueueProxySupport:0.41333333333333333
QueueAdvancedTest:0.18333333333333332
