ExecutionPlanner:0.62
TestQueries:0.3413333333333334
AbstractSqlBenchmark:0.17557142857142854
