JobInstanceAlreadyCompleteException:0.3933333333333333
SimpleExportedJobLauncher:0.3466666666666667
SimpleJobRepository:0.29
RestartFunctionalTests:0.13333333333333333
JobLauncherDetails:0.13333333333333333
JobInstanceAlreadyCompleteExceptionTests:0.08333333333333333
