HiveSplit:0.66
InternalHiveSplit:0.5633333333333334
AbstractTestHiveClient:0.44
BackgroundHiveSplitLoader:0.2866666666666667
HivePageSource:0.2733333333333333
ColumnMapping:0.23666666666666666
BucketConversion:0.23333333333333334
InternalHiveSplitFactory:0.20666666666666667
CoercionLazyBlockLoader:0.18833333333333332
TestSplit:0.18833333333333332
TestHiveClientFileMetastore:0.16166666666666665
HivePageSourceProvider:0.15333333333333332
BucketAdaptation:0.13666666666666666
BucketSplitInfo:0.12666666666666668
HiveSplitManager:0.12
TestPreparer:0.10666666666666667
TestHiveSplitSource:0.09333333333333334
BucketAdapter:0.03
TestHiveSplit:0.006666666666666667
RowFilterLazyBlockLoader:0.0033333333333333335
