VariableDefinition:0.86
QuickFormVariable:0.33
QuickFormBuilder:0.2833333333333333
VariableDefinitionParser:0.22333333333333333
