ModelGenerator:0.5233333333333333
ViewDDLUtils:0.35
GeneratorBean:0.33916666666666667
AbstractConfiguration:0.23666666666666666
