TikaMimeTypeIdentifierTest:0.5533333333333333
PlainTikaMTWorkingTest:0.48333333333333334
ApertureDetector:0.33
