HttpServerOptions:0.41333333333333333
HttpClientOptions:0.4
NetServerOptions:0.38666666666666666
DatagramSocketOptions:0.35333333333333333
NetClientOptions:0.33
DatagramTest:0.23
