Soundex:0.32666666666666666
ESoundex2:0.2633333333333333
Metaphone:0.2
KPhonetik:0.17533333333333334
Phonem:0.17533333333333334
