SampledTpchConnectorFactory:0.30333333333333334
SampledTpchRecordSet:0.30333333333333334
SampledTpchRecordCursor:0.29333333333333333
TestLocalQueries:0.18
SampledTpchRecordSetProvider:0.17333333333333334
BenchmarkQueryRunner:0.15333333333333332
SampledTpchPlugin:0.13
