HttpWebConnectionTest:0.39666666666666667
XMLHttpRequestTest:0.36333333333333334
HtmlFileInputTest:0.3433333333333333
PrototypeTestBase:0.32666666666666666
HTMLParserTest:0.31666666666666665
Sarissa0993Test:0.31333333333333335
HtmlPageTest:0.30333333333333334
GWT15Test:0.3
Dojo102Test:0.2866666666666667
WebClientTest:0.28
JQuery126Test:0.27666666666666667
CookieManagerTest:0.26666666666666666
WebResponseImplTest:0.25
WebResponseDataTest:0.18333333333333332
