WebServiceBean:0.47333333333333333
ViewInfo:0.28844444444444445
Util:0.11833333333333333
Constants:0.016666666666666666
