HazelcastTestSupport:0.5366666666666666
ClientEngineImpl:0.30666666666666664
LocalOperationStatsImpl:0.22
PerformanceMonitor:0.20333333333333334
