LanguageTaster:0.57
LuceneUtil:0.5016666666666667
SearchObject:0.31333333333333335
