Platform:0.43666666666666665
AppClassLoader:0.38
AbstractSemanticRecorderTest:0.30333333333333334
ComponentRecorder:0.26
EventRecorder:0.25166666666666665
RobotTest:0.23666666666666666
AppClassLoaderTest:0.22333333333333333
EventRecorderTest:0.20666666666666667
ComponentRecorderTest:0.20666666666666667
PlatformTest:0.19872222222222222
Launch:0.19672222222222221
StepRunner:0.19666666666666666
AbstractRecorderTest:0.19666666666666666
PreloadingClassLoaderTest:0.19333333333333333
ComponentTestFixture:0.19
AllTests:0.14333333333333334
FrameworkTestSuite:0.14333333333333334
PreloadingClassLoader:0.13666666666666666
JListTesterTest:0.12333333333333334
PathClassLoader:0.06666666666666667
PathClassLoaderTest:0.05
