WebSocket:0.8112698412698413
WebSocketImpl:0.47888888888888886
Draft:0.47333333333333333
