StrUnicodeDecompose:0.5233333333333333
SubscriptionParser:0.4066666666666667
SubscriptionParserTokenManager:0.35583333333333333
XdrAstParser:0.20944444444444446
XdrAstCoding:0.13
