NBrowseApplet:0.6966666666666667
SaveAsImageDialog:0.5366666666666666
