GrizzlyAsyncHttpProvider:0.4166666666666667
GrizzlyResponse:0.39
AsyncHttpClientFilter:0.27666666666666667
