FiltersAggregator:0.35333333333333333
FilterAggregator:0.3333333333333333
Factory:0.15
FiltersIT:0.12666666666666668
FilterIT:0.04666666666666667
