MineralMap:0.647
SimulationConfig:0.5288888888888889
RandomMineralMap:0.2733333333333333
MineralMapConfig:0.18
MineralMapLayer:0.06666666666666667
