GwtTeamingMessages:0.6722222222222223
GwtPersonalPreferences:0.34
FolderDisplayDataRpcResponseData:0.30333333333333334
GwtServerHelper:0.2733333333333333
EntryTitleCell:0.26
GwtViewHelper:0.25
GwtRpcServiceImpl:0.22333333333333333
DataTableFolderViewBase:0.18666666666666668
EntryTitleInfo:0.18333333333333332
ObjectKeys:0.18333333333333332
PersonalPreferencesDlg:0.16
EntryTitleColumn:0.01
