AnnotationBean:0.6366666666666667
AnnotationBeanImpl:0.6166666666666667
AnnotationBeanFactory:0.3
