ByteArrayClassLoader:0.6166666666666667
ClassInjectorUsingReflectionTest:0.35
UsingReflection:0.2966666666666667
ChildFirst:0.21666666666666667
ByteArrayClassLoaderObjectPropertiesTest:0.20666666666666667
ManifestReading:0.18916666666666668
