SocketInitializer:0.7833333333333333
ClientConnection:0.27666666666666667
SocketInitializerImpl:0.23333333333333334
AbstractSocketInitializer:0.19
PeerNode:0.1802777777777778
ClassServerDelegateImpl:0.15666666666666668
JcaClassServerDelegate:0.14
JPPFAndroidNode:0.12
JPPFRemoteNode:0.12
TaskServerConnectionHandler:0.11666666666666667
JPPFClassLoader:0.10666666666666667
