Simulation:0.59
PhysicalCondition:0.39
MainMenu:0.29333333333333333
GuideWindow:0.2733333333333333
BrowserJFX:0.25
MarsProjectFX:0.24666666666666667
ScenarioConfigEditorFX:0.18333333333333332
ChatBox:0.17333333333333334
LoadSimulationTask:0.10666666666666667
