Processor:0.4885952380952381
Scans:0.45666666666666667
NutLoading:0.3
AbstractProcessor:0.21333333333333335
ActionFiltersProcessor:0.14666666666666667
