QsarTypeItemProvider:0.4533333333333333
QsarItemProviderAdapterFactory:0.44666666666666666
TestWrite:0.2633333333333333
ResponseTypeItemProvider:0.23333333333333334
ResponsesListTypeItemProvider:0.16
