Bootstrap:0.6666666666666666
BootstrapSettings:0.4795
BootstrapCheck:0.33666666666666667
BootstrapSettingsTests:0.11666666666666667
