HighlightUtils:0.4483333333333333
Field:0.27
PercolatorTests:0.21333333333333335
HighlightBuilder:0.19
PostingsHighlighter:0.18
HighlighterSearchTests:0.17666666666666667
HighlightPhase:0.17333333333333334
FastVectorHighlighter:0.17111111111111113
PlainHighlighter:0.11333333333333333
HighlighterParseElement:0.03
