Array:0.38333333333333336
Json:0.29333333333333333
FileHandle:0.2866666666666667
JsonReader:0.2644444444444445
CheckBox:0.2116666666666667
Texture:0.19688888888888886
