AnnotatedAction:0.52
XmlFlowModelBuilderTests:0.34
TestBeanValidator:0.2816666666666667
AbstractAction:0.28
ActionExecutor:0.19333333333333333
