SimpleJobOperator:0.6033333333333334
BatchMetaDataExplorer:0.39411111111111113
PropertiesConverter:0.25
JdbcJobExecutionDao:0.19666666666666666
AbstractJobExecutionDaoTests:0.18666666666666668
PropertiesConverterTests:0.15
SimpleJobOperatorTests:0.08666666666666667
