MergeOperation:0.5466666666666666
MapOperationProvider:0.4686666666666666
MapSplitBrainHandlerService:0.35
MapEventPublisher:0.23
MapOperationProviderDelegator:0.19
DefaultMapOperationProvider:0.19
ClientListenersTest:0.18333333333333332
MapEventPublisherImpl:0.17
MapReplicationSupportingService:0.14333333333333334
QueryCacheIMapEventHandlingTest:0.13
MapReplicationUpdate:0.12333333333333334
Merger:0.056666666666666664
