TdsCore:0.6266666666666667
JtdsStatement:0.3933333333333333
SAfeTest:0.38333333333333336
