JTextComponentTester:0.42333333333333334
JComponentTester:0.40888888888888886
JTextComponentTesterTest:0.33666666666666667
JTextComponentRecorderTest:0.22333333333333333
JComponentTesterTest:0.17333333333333334
