ObjectTag:0.5666666666666667
QueryTag:0.5433333333333333
