Chain:0.5466666666666666
TimelineEngine:0.49666666666666665
TimelineScenario:0.31
Spline:0.29
