XslUtil:0.8133333333333334
XslUtilTest:0.17666666666666667
