BeanProvider:0.4447222222222222
MiscTest:0.37666666666666665
PetiteDemo:0.2566111111111112
