RStarTree:0.6633333333333333
RStarTreeItemNode:0.41
AbstractRStarTreeNode:0.2833333333333333
RStarTreeLeafNode:0.1725
SplitDistributions:0.15888888888888889
RStarTreeTestPlugin:0.08
RStarTreeTest:0.013333333333333334
