DocumentWriter:0.033419147
ValueType:0.023710888
