ConcordancesEditor:0.39
VocabularyEditor:0.28
SpecificitiesTableEditor:0.24166666666666667
Explorer:0.22666666666666666
ExecuteScriptImport:0.21333333333333335
ImportSelectedText:0.14666666666666667
