AtInjectBinding:0.5366666666666666
Linker:0.31333333333333335
InjectionTest:0.28
DeferredBinding:0.20333333333333337
SingletonBinding:0.15666666666666668
ReflectiveAtInjectBinding:0.15444444444444444
RuntimeAggregatingPlugin:0.13
ReflectivePlugin:0.11666666666666667
CompileTimePlugin:0.11333333333333333
