Database:0.6866666666666666
DBConnectionWrapper:0.38666666666666666
SQLDBConnection:0.18666666666666668
