DateStartFilter:0.49833333333333335
DateStopFilter:0.4922222222222223
ReportConfiguration:0.3383333333333333
