RestMethodInfo:0.36
RestMethodInfoTest:0.36
RequestBuilder:0.29444444444444445
Helper:0.2866666666666667
