Filter:0.5266666666666666
SQLTranslation:0.49333333333333335
NotificationWizardServlet:0.44666666666666666
PathOutageFactory:0.24333333333333335
