GlobalCesecoreConfiguration:0.47333333333333333
SystemConfigMBean:0.36
GuiInfo:0.3566666666666667
RaMasterApiSessionBean:0.33
