JPPFDriver:0.5866666666666667
PeerNode:0.41333333333333333
AbstractResultSender:0.19
PeerNodeResultSender:0.17
PeerResourceProvider:0.14666666666666667
