MediaConductor:0.3961111111111111
Receiver:0.3961111111111111
MediaDriverContext:0.37333333333333335
DataFrameHandler:0.37
SubscriberChannel:0.364
DriverSubscription:0.26666666666666666
