HtmlPage:0.48333333333333334
ResourceHttpService:0.41333333333333333
WebManagementManager:0.36666666666666664
StandardPage:0.35444444444444445
RedirectRootToDefault:0.06
