BackTrackLineSearch:0.3933333333333333
TestOptimizers:0.28
BaseOptimizer:0.25
SubsamplingLayer:0.25
BackTrackLineSearchTest:0.23333333333333334
SubsampleTests:0.21333333333333335
