VariationalAutoencoder:0.3
L2NormalizeVertex:0.19333333333333333
L2Vertex:0.18666666666666668
LayerVertex:0.175
MergeVertex:0.15
ElementWiseVertex:0.145
