NutMap:0.4533333333333333
Nums:0.43666666666666665
Region:0.42333333333333334
