ClassConfiguration:0.56
JavaScriptConfiguration:0.4
ActiveXObject:0.25666666666666665
JavaScriptEngine:0.24333333333333335
