Namespace:0.8433333333333334
PacketDecoder:0.44
SocketIOChannelInitializer:0.31333333333333335
