IsotopeReader:0.49
IsotopeFactory:0.4322222222222223
IsotopeReaderTest:0.23666666666666666
