ControlEdge:0.6666666666666666
TemplateBuildTest:0.5083333333333333
TermKey:0.20333333333333334
