FileSystem:0.5033333333333333
FileSystemTest:0.28
TimeBuild:0.23333333333333334
FakeUserSourceControl:0.12666666666666668
HttpFile:0.07333333333333333
AlwaysBuild:0.06666666666666667
