SessionImplementor:0.665
SessionImpl:0.5166666666666667
AbstractDelegateSessionImplementor:0.29333333333333333
TransactionContext:0.2678730158730158
TransactionContextImpl:0.26666666666666666
TransactionCoordinatorImpl:0.24666666666666667
EntityManagerImpl:0.21666666666666667
AbstractEntityManagerImpl:0.20333333333333334
StatelessSessionImpl:0.18
