DnsClientImpl:0.5141666666666667
FakeDNSServer:0.4633333333333333
DNSTest:0.44333333333333336
