ServicePortParameters:0.41333333333333333
Endpoint:0.35
ServicePorts:0.31833333333333336
JobTest:0.29333333333333333
Builder:0.29
TaskConfig:0.22666666666666666
JobValidatorTest:0.13
