Shape:0.5266666666666666
EdgeSignature:0.2966666666666667
Multiplicity:0.2833333333333333
Util:0.25833333333333336
ShapeNode:0.14
ShapeEdge:0.07666666666666666
