CommunicationsStub:0.72
UserManagerTopComponent:0.2866666666666667
LocalUserObjectImpl:0.2678730158730158
UserNode:0.20666666666666667
UserProperty:0.17333333333333334
UserManagerService:0.16333333333333333
DeleteUser:0.14666666666666667
AddUser:0.05333333333333334
UpdateList:0.03666666666666667
