NBrowseApplet:0.58
DataAdapterManager:0.46
TouchGraphXmlAdapter:0.2866666666666667
DataAdapterI:0.23644444444444446
TabFileAdapter:0.23
NbrowseJdbcAdapter:0.21333333333333335
