SamlServiceProviderProperties:0.6472222222222221
AbstractSamlSPProperties:0.4166666666666667
Gartner:0.2846666666666667
