DocumentExistsCheckActivity:0.31
SubmitDocumentRequestHandlerTest:0.27666666666666667
SubmitDocumentRequestHandler:0.22666666666666666
GetDocumentsSQRequestBuilder:0.20666666666666667
XDSDocumentRegistryClient:0.04666666666666667
GetDocumentsSQResponseMessage:0.041666666666666664
GetDocumentsSQRequestMessage:0.021666666666666667
