LoggingITest:0.34
RequestPrinter:0.32
LogIfValidationFailsITest:0.31666666666666665
RequestLoggingTest:0.25666666666666665
AuthenticationITest:0.25333333333333335
MockMvcRequestSpecificationMergingTest:0.25333333333333335
ProxyITest:0.25
SpecificationBuilderITest:0.21666666666666667
LoggingIfValidationFailsTest:0.19666666666666666
