FingerprinterTest:0.74
TanimotoTest:0.2633333333333333
TemplateHandler3D:0.18333333333333332
FingerPrinter:0.148
IFingerprinter:0.07611111111111112
