Node:0.55
JoinConfig:0.38333333333333336
XmlConfigBuilder:0.3433333333333333
XMLConfigBuilderTest:0.2833333333333333
ClientMemberAttributeTest:0.25
MapStoreTest:0.23
