EndEntityProfile:0.5666666666666667
LocalUserAdminSessionBean:0.36
UserNotification:0.32
UserDataBean:0.15666666666666668
LocalAuthenticationSessionBean:0.14333333333333334
