MemoryPool:0.6966666666666667
MemoryPoolInfo:0.44
ClusterMemoryPool:0.36333333333333334
