VanillaChronicleMap:0.44
ReplicatedChronicleMap:0.38666666666666666
TcpReplicator:0.25333333333333335
Segment:0.22666666666666666
TCPSocketReplicationIntValueTest:0.22
TcpReplicationSoakTest:0.2
