EntityHolder:0.5266666666666666
JsonTest:0.48333333333333334
DaoSupport:0.4066666666666667
DynamicEntityParsingTest:0.15666666666666668
