ActionStore:0.6711111111111111
RuleModel:0.6166666666666667
