Project:0.623611111111111
ProjectTest:0.15333333333333332
