Printer:0.6977777777777778
Reprap:0.43333333333333335
GenericExtruder:0.38
NullCartesianMachine:0.2733333333333333
LayerProducer:0.22
