gdxBulletJNI:0.81
btSoftBody:0.41333333333333333
gdxBullet:0.3233333333333333
