SecondsBasedEntryTaskScheduler:0.42
PartitionServiceImpl:0.2816666666666667
MapStoreTest:0.28
EntryTaskSchedulerFactory:0.21666666666666667
QueueService:0.20744444444444443
MapContainer:0.20333333333333334
OperationServiceImpl:0.20333333333333334
EntryProcessorExecutor:0.11277777777777777
