CodeCompiler:0.5333333333333333
GrammarActions:0.45666666666666667
ClassDef:0.4166666666666667
