StaxEventItemWriter:0.6666666666666666
EventWriterSerializer:0.26344444444444437
ItemReaderRepeatCallback:0.11666666666666667
MarshallingEventWriterSerializer:0.06
