Xml:0.5233333333333333
ServiceRequest:0.37666666666666665
ServiceManager:0.3566666666666667
AbstractRequest:0.32
GetRecordRequest:0.25333333333333335
