NotificationMgmtService:0.42
Pointtransfer:0.36
Notification:0.36
ArticleMgmtService:0.26666666666666666
NotificationQueryService:0.2633333333333333
PointtransferQueryService:0.19
