CondensedAlignment:0.6533333333333333
AlignFrame:0.4633333333333333
SeqCanvas:0.31
FrameMenu:0.21666666666666667
