HighlighterSearchIT:0.39444444444444443
PlainHighlighterTests:0.2733333333333333
CustomWeightedSpanTermExtractor:0.23
