RequestUtils:0.35333333333333333
ParameterAware:0.2999047619047619
ServletRedirectResultTest:0.2833333333333333
RequestUtilsTest:0.23333333333333334
MethodConfigurationProviderTest:0.05333333333333334
ResourceUtilTest:0.043333333333333335
