ExternalSourceProvider:0.85
ExternalSource:0.8333333333333334
HorizontalProjection:0.4874523809523811
ServerMapDataWidget:0.4766666666666667
GeoReferencedExternalSource:0.4666666666666667
AbstractHorizontalProjection:0.29333333333333333
ARINCMapHorzContainer:0.2833333333333333
JFXEditorPanel:0.27666666666666667
TestProjection:0.26
TreeEditorScaleHelper:0.24833333333333332
WidgetDefaultsHandler:0.24333333333333335
AbstractMapSource:0.24
MapItemsPaneRenderer:0.23666666666666666
LayerTreeEditor:0.23
BasicWindowManager:0.23
ServerExtensionLoader:0.20666666666666667
MapHorzPanelRenderer:0.19666666666666666
PicturePanel:0.19666666666666666
IntPanel:0.19666666666666666
ExternalSourceFactory:0.18333333333333332
ARINCMapGrid:0.18
AbstractMapItemList:0.16666666666666666
ARINCMapHorzPanel:0.15333333333333332
ARINCExternalSource:0.14666666666666667
ARINCMapHorzSource:0.145
ARINCMapVertSource:0.12333333333333334
ExternalSourceRenderer:0.09
TestExternalSource:0.043333333333333335
TestExternalSourceProvider:0.013055555555555556
