Groove:0.5066666666666667
Simulator:0.4766666666666667
ExportDialog:0.38
CloseListener:0.2677777777777778
LTSGraph:0.22
ExportAction:0.16
BrowseButtonListener:0.043333333333333335
