CollaborationUtils:0.7716666666666666
NeedBasedSyncTest:0.506388888888889
