SuperLayerPainter:0.8766666666666667
ServerWindow:0.78
ServerMapProjection:0.55
MapItemsRenderer:0.4401190476190476
RendererFactory:0.388
SwingServerDisplay:0.35555555555555557
ExtensionTest:0.33466666666666667
ServerApplication:0.3333333333333333
MapItemExtensionRenderer:0.3272804232804233
SuperLayerGenerator:0.32
GroovyScript:0.30333333333333334
CockpitConfigurationHandler:0.29555555555555557
LabelRenderer:0.2833333333333333
WatchDogRenderer:0.2833333333333333
Selector:0.28
TestProjection:0.28
WindowManagerFactory:0.27661111111111114
AbstractWindowElement:0.2733333333333333
ClientMessageConstructor:0.2733333333333333
ARINCRuntimeMessage:0.2708333333333333
AbstractVerticalProjection:0.26666666666666666
JFXServerDisplay:0.26555555555555554
AbstractHorizontalProjection:0.25
AbstractMapItemRendererFactory:0.24666666666666667
DefaultDataProviderParserHandler:0.23583333333333334
ClientXMLDFHandler:0.23583333333333334
NoServiceMonitorRenderer:0.23333333333333334
AbstractServerCockpit:0.22666666666666666
AbstractJFXProjectedMapItemRenderer:0.22166666666666668
ServerStarter:0.21916666666666668
AbstractServerCockpitConfigurationHandler:0.21833333333333332
DecoderMessageDialog:0.21833333333333332
JFXRenderersHandler:0.21666666666666667
SwingRenderersHandler:0.21666666666666667
SuperLayerPainterImpl:0.21
EmbedClient:0.20833333333333334
MapItemListRenderer:0.205
JFXProjectedMapItemRenderer:0.2
WindowsWindowManager:0.18333333333333332
MouseWheelEventHandler:0.18
JFXSymbolGenericRenderer:0.17333333333333334
SuperLayerGeneratorTest:0.16666666666666666
JFXServerCockpitWithExtensionsTest:0.16666666666666666
WindowManagerExtensionTest:0.165
MapItemsPaneRenderer:0.15333333333333332
ARINCMapHorzSource:0.14
ARINCMapVertSource:0.14
EditorUtilities:0.13666666666666666
RenderersHandler:0.11666666666666667
JFXServerWindow:0.11333333333333333
SwingServerWindow:0.11
ExtensionRef:0.09333333333333334
ConfigCockpitAction:0.04583333333333333
JFXColorExtensionRenderer4:0.04
WindowElement:0.03
