TreeLattice:0.42
Tree:0.22333333333333333
DiscretizedAsset:0.14
Lattice:0.09916666666666667
TreeLattice2D:0.08333333333333333
TreeLattice1D:0.06333333333333334
BlackScholesLattice:0.03333333333333333
