DialogHelper:0.5566666666666666
Goto:0.19
AbstractChange:0.18833333333333332
Del:0.16
Swivel:0.13
Add:0.12
PrintAction:0.11666666666666667
SettingsAction:0.10333333333333333
ChooseBlueprintAction:0.1
TogglePrivate:0.09666666666666666
ScreenshotAction:0.09666666666666666
New:0.08333333333333333
ActionOptions:0.08333333333333333
ActionAbout:0.08333333333333333
PluginAction:0.08333333333333333
