Get:0.49333333333333335
SummaryComparator:0.47
LuceneSearcher:0.3433333333333333
Transport:0.2833333333333333
ImportFromDir:0.23333333333333334
GetDomain:0.21333333333333335
Harvester:0.21333333333333335
Importer:0.19666666666666666
DdfLoader:0.16666666666666666
NetLib:0.16333333333333333
Insert:0.14666666666666667
CatalogSearcher:0.14
FileCopyMgr:0.11333333333333333
MassiveDelete:0.09
Delete:0.07621212121212122
LocalizedStringComparable:0.018888888888888886
LocaleUtil:0.013333333333333334
