SymbolTable:0.5033333333333333
ControlFlowAnalyzer:0.3333333333333333
HopSymbolTableWalker:0.24666666666666667
ControlFlowNode:0.22
DFA18:0.14777777777777776
DFA29:0.14777777777777776
