ExplorerTreeView:0.5883333333333334
BotExplorerTreeView:0.39666666666666667
BotResourcesLabelProvider:0.31666666666666665
