TODSession:0.84
Filter:0.5285714285714286
TODSessionImpl:0.35333333333333333
MirroredObjectInstanceImpl:0.2833333333333333
DefaultVariablesWatcher:0.25666666666666665
NullFilter:0.06333333333333334
