XContentParser:0.8233333333333334
SearchService:0.3333333333333333
LocalGatewayShardsState:0.3233333333333333
MetaDataCreateIndexService:0.23
