HiveClientConfig:0.6533333333333333
PrestoS3OutputStream:0.33666666666666667
PrestoS3FileSystem:0.31333333333333335
PrestoS3InputStream:0.22111111111111115
TestHiveClientConfig:0.12333333333333334
HdfsConfiguration:0.12333333333333334
