DefaultDatabaseWriter:0.6133333333333333
AbstractDatabaseWriter:0.3753333333333333
MongoDatabaseWriter:0.33166666666666667
