SerializerHookLoader:0.4170555555555555
SerializerHookLoaderTest:0.2833333333333333
TestSerializerWithTypeConstructor:0.24333333333333335
