NutMap:0.5381666666666667
Times:0.49666666666666665
Dumps:0.3333333333333333
Segments:0.20666666666666667
