DOWriter:0.7922222222222222
SimpleDOWriter:0.5983333333333334
