Block:0.5466666666666666
ScriptBuilder:0.47
ScriptTest:0.16
BlockTest:0.07666666666666666
