CodeBlock:0.31
AnnotationSpec:0.25666666666666665
JavaFile:0.18666666666666668
FieldSpec:0.17666666666666667
MethodSpec:0.16
TypeSpec:0.15333333333333332
ParameterSpec:0.09666666666666666
