MirroredQuorumArray:0.49
TODDataStorage:0.39666666666666667
QuorumArray:0.23
ArrayElementNode:0.11055555555555555
