ClassMetadata:0.6233333333333333
BackendBean:0.53
BackendBeanRemote:0.27166666666666667
KuwaibaWebservice:0.2633333333333333
MetadataUtils:0.2127777777777778
HierarchyUtils:0.20016666666666666
Laptop:0.0
Monitor:0.0
GenericComputerPart:0.0
Keyboard:0.0
