CommentPlugin:0.48333333333333334
TrackbackPlugin:0.48333333333333334
PingbackHandler:0.42333333333333334
