Channel:0.5133333333333333
Source:0.2561111111111111
Aeron:0.25333333333333335
Subscriber:0.2
Context:0.07333333333333333
