TreeView:0.5133333333333333
MockDatabase:0.39666666666666667
Database:0.25333333333333335
Base2Database:0.25
DatabaseImplementation:0.14583333333333334
