Viewer:0.7833333333333333
Node:0.4666666666666667
Balls:0.2811111111111111
ModelLoader:0.2733333333333333
EdgeChangeLis:0.17
