RedissonSet:0.3433333333333333
RedissonScoredSortedSet:0.3155555555555556
RedissonBaseMapIterator:0.28
RedissonKeys:0.22355555555555554
RedissonMapTest:0.22333333333333333
RedissonSetMultimapValues:0.19133333333333333
RedissonSetCache:0.19133333333333333
RedissonMultiMapKeysIterator:0.15333333333333332
RedissonMapIterator:0.15333333333333332
