ImageBuffersReadyFlyweight:0.4866666666666667
ClientConductor:0.46
DriverListener:0.4446785714285715
ClientConductorTest:0.23333333333333334
EventDissector:0.22333333333333333
DriverListenerAdapter:0.20080952380952383
ClientProxy:0.2
