PatientBean:0.7266666666666667
AttrUtils:0.3372222222222222
StudyMgtBean:0.2866666666666667
