JavaClientTest:0.45666666666666667
DBCollection:0.4172222222222222
MyCollection:0.2833333333333333
