Result:0.4527936507936508
SymbolTable:0.3933333333333333
HopParser:0.35333333333333333
HopLexer:0.30333333333333334
HopSymbolTableWalker:0.295
TypeChecker:0.19666666666666666
DFA12:0.15
DFA34:0.051666666666666666
