Simulator:0.55
SaveLTSAsDialog:0.39666666666666667
SaveLTSAsAction:0.15333333333333332
