AntFarm:0.7988888888888889
AntFarmShell:0.33666666666666667
