HtmlDocumentCreator:0.6266666666666667
JolieDoc:0.3566666666666667
