ResourceLocation:0.5066666666666667
Scans:0.47333333333333333
ErrorResourceLocation:0.43666666666666665
JarResourceLocation:0.35
