Transformer:0.5033333333333333
DrawableSeqFeature:0.44
SiteView:0.4066666666666667
TierManager:0.4
ApolloPanel:0.3933333333333333
Tier:0.36333333333333334
FeatureTierManager:0.33666666666666667
FlexibleFeatureTierManager:0.31333333333333335
SequenceTextPanel:0.26666666666666666
StrandedZoomableApolloPanel:0.25666666666666665
BaseEditorPanel:0.24333333333333335
FeatureView:0.24333333333333335
Sites:0.24333333333333335
SequenceSelector:0.23666666666666666
LinearViewI:0.23253968253968252
SiteTier:0.22666666666666666
BaseFineEditor:0.22333333333333333
ScaleView:0.22
GraphView:0.21666666666666667
AlignmentViewer:0.21333333333333335
ScrollableTierView:0.20666666666666667
FeatureTreePanel:0.19666666666666666
DrawableAnnotatedSeqFeature:0.19333333333333333
LinearView:0.19
ScoreCalculator:0.185
SeqMatchPanel:0.18
FindPanel:0.17833333333333334
BaseFocusEvent:0.16333333333333333
SeqSelectorTable:0.16
DrawableResultSeqFeature:0.16
DrawableInsertSeqFeature:0.13833333333333334
PlotUtil:0.13
GCScoreCalculator:0.12333333333333334
SeqSelSwingWorker:0.12
WindowScoreCalculator:0.09666666666666666
