SequenceDB:0.6233333333333333
ViewContentProvider:0.39122222222222225
ViewLabelProvider:0.37
