Mission:0.9633333333333334
VehicleMission:0.4033333333333333
