ClassPathResource:0.64
ObjectUtils:0.5251666666666668
CollectionUtils:0.22833333333333333
