TestGate:0.46777777777777774
InvalidTransactionOperationException:0.31333333333333335
InvalidDatabaseException:0.31333333333333335
