Index:0.3466666666666667
SQL92SQLGenerator:0.32666666666666666
Relation:0.29333333333333333
OracleDialect:0.17
JGoodiesTableLayout:0.17
ModelProperties:0.09944444444444445
OracleTableProperties:0.07
OracleIndexProperties:0.07
ModelPropertiesTest:0.06333333333333334
OracleSQLGenerator:0.043333333333333335
ERDesignerBundle:0.0
