HiveS3Config:0.8166666666666667
PrestoS3FileSystem:0.47
TestHiveS3Config:0.27666666666666667
TestPrestoS3FileSystem:0.19666666666666666
PrestoS3ConfigurationUpdater:0.12666666666666668
