AbstractCasWebflowConfigurer:0.38333333333333336
Pac4jWebflowConfigurer:0.15666666666666668
WsFederationWebflowConfigurer:0.15666666666666668
