Server:0.53
Module:0.37
ResourceIndexRebuilder:0.32666666666666666
Rebuild:0.2966666666666667
ConnectionPoolManagerImpl:0.08333333333333333
