Texture:0.5133333333333333
Model:0.5066666666666667
Rectangle:0.31
TextureAttribute:0.30333333333333334
KeyframedModel:0.28
SkeletonModel:0.28
ObjTest:0.24777777777777782
FramebufferToTextureTest:0.18333333333333332
Camera:0.14666666666666667
StillModel:0.14666666666666667
