GL20:0.7178888888888889
ARBShaderObjects:0.44711111111111107
