FieldUtils:0.5666666666666667
TimeOfDay:0.295
YearMonthDay:0.2861111111111111
DateTimeZone:0.2861111111111111
Partial:0.22333333333333333
