RegexUtils:0.4866666666666667
AbstractResourceBasedServiceRegistryDao:0.44666666666666666
