JdbcChadoAdapter:0.5633333333333334
FlyDisplayPrefs:0.40222222222222226
DefaultDisplayPrefs:0.30333333333333334
