Patch08DeviceLayout:0.3433333333333333
Patch09EquipmentModel:0.27666666666666667
ToolsBean:0.22733333333333333
GenericPatch:0.22166666666666668
Patch03MigrateGroupLessUsers:0.14666666666666667
Patch01ResetPasswords:0.14666666666666667
Patch05RackViews:0.14666666666666667
Patch02MigrateHardCodedReports:0.14666666666666667
Patch06ConnectorMatching:0.14666666666666667
Patch04ProjectsModuleSupport:0.14666666666666667
Patch07PortTypeFix:0.12333333333333334
