WhereClause:0.7133333333333334
QueryClause:0.35333333333333333
BaseTransportExecutorTest:0.29333333333333333
HavingClause:0.2377777777777778
