AdaptiveResetCountMin4:0.2966666666666667
CountMin4:0.28
PeriodicResetCountMin4:0.10166666666666667
IncrementalResetCountMin4:0.08738888888888888
CountMin64TinyLfu:0.08333333333333333
PerfectFrequency:0.08333333333333333
RandomRemovalFrequencyTable:0.052388888888888895
Frequency:0.05
