pwiz_swigbindingsJNI:0.5961111111111111
ScanHeaderStruct:0.43666666666666665
pwiz_swigbindings:0.37666666666666665
e_contentType:0.3405952380952381
pwiz_swigbindingsConstants:0.011111111111111112
