GenericDispatcher:0.46
JSPDispatcher:0.37666666666666665
VelocityDispatcher:0.17333333333333334
