ScaleView:0.5866666666666667
PlotUtil:0.49333333333333335
