ConnectorMetadata:0.4033333333333333
ExampleMetadata:0.3330952380952381
NativeMetadata:0.2866666666666667
ClassLoaderSafeConnectorMetadata:0.2866666666666667
InMemoryMetadata:0.2866666666666667
MetadataManager:0.28
InformationSchemaMetadata:0.26666666666666666
SystemTablesMetadata:0.24666666666666667
TpchMetadata:0.24666666666666667
CassandraMetadata:0.24666666666666667
JmxMetadata:0.24666666666666667
DualMetadata:0.21333333333333335
ReadOnlyConnectorMetadata:0.19
TestExampleMetadata:0.14666666666666667
