VehicleMapLayer:0.7561111111111112
StructureMapLayer:0.5419444444444443
