RestPutIndexedScriptAction:0.4288888888888889
RestGetIndexedScriptAction:0.2633333333333333
RestDeleteIndexedScriptAction:0.2633333333333333
