AbstractResultQueue:0.49833333333333335
ExecutingRunnable:0.46388888888888896
TaskExecutorRepeatTemplate:0.4266666666666667
