DocumentTest:0.5058333333333334
WindowTest:0.4766666666666667
HTMLDocumentTest:0.32666666666666666
Window2Test:0.2833333333333333
HTMLDocumentWriteTest:0.15
