SimpleIcuCollationTokenFilterTests:0.2886666666666666
SimpleIcuAnalysisTests:0.23666666666666666
SimpleIcuNormalizerCharFilterTests:0.21333333333333335
