TestRESTAPI:0.8433333333333334
DefaultDOManager:0.6543333333333333
