HostAddress:0.9583333333333334
FavoritesContainer:0.31666666666666665
