RaptorRecordSink:0.7
StorageModule:0.30666666666666664
RaptorRecordSinkProvider:0.2733333333333333
RaptorPageSourceProvider:0.10666666666666667
