FigureCanvasTester:0.4033333333333333
FigureTester:0.34005555555555556
FigureHierarchyImpl:0.3161111111111111
FigureHierarchy:0.2711428571428571
FigureTextMatcher:0.013333333333333334
