Processor:0.615
NettyConnectListener:0.4866666666666667
ProgressListener:0.42333333333333334
