CollectNode:0.8
LocalDataCollectTest:0.3566666666666667
LocalDataCollectOperation:0.3383333333333333
