HTMLTextAreaElement:0.36333333333333334
HTMLTextAreaElementTest:0.26
HTMLBodyElementTest:0.08333333333333333
HTMLSpanElementTest:0.02666666666666667
HTMLDivElementTest:0.02666666666666667
HTMLSpanElement:0.013333333333333334
HTMLBodyElement:0.013333333333333334
HTMLDivElement:0.013333333333333334
