Document:0.6133333333333333
ActiveXObject:0.4
XMLDocument:0.36
XSLTProcessor:0.23666666666666666
DocumentNavigator:0.21666666666666667
SimpleScriptableTest:0.21
Sarissa099Test:0.19666666666666666
XSLTemplate:0.13666666666666666
