NearCache:0.7233333333333334
NearCacheRecordStore:0.5433333333333333
NearCacheDataRecordStore:0.38333333333333336
NearCacheObjectRecordStore:0.36333333333333334
AbstractNearCacheRecord:0.30333333333333334
NearCacheContext:0.2833333333333333
AbstractNearCacheRecordStore:0.23666666666666666
AbstractCacheRecordStore:0.22666666666666666
AbstractClientInternalCacheProxy:0.20666666666666667
CacheRecordHashMap:0.19666666666666666
DefaultNearCache:0.15666666666666668
NearCacheRecordStoreTest:0.15333333333333332
NearCacheTest:0.1511111111111111
ManagedNearCacheRecordStore:0.11833333333333333
NearCacheTestSupport:0.11
CommonNearCacheTestSupport:0.10333333333333333
NearCacheRecordStoreTestSupport:0.013333333333333334
ClientNearCacheExecutor:0.01
ExpirationTask:0.0025
EvictionListener:0.0
