TreeNodeFilter:0.5612142857142858
TransactionalFileSaver:0.4666666666666667
UniqueNumberSequence:0.19666666666666666
