LdapPublisher:0.5466666666666666
DNFieldExtractor:0.3566666666666667
LdapSearchPublisher:0.22
ActiveDirectoryPublisher:0.19
