RGG:0.5133333333333333
BasicODE:0.31666666666666665
RateEntry:0.12166666666666667
