PySystemStateCloser:0.48333333333333334
PySystemState:0.4825
PythonInterpreter:0.26666666666666666
