AuthorizationCodeAuthenticationFilter:0.7133333333333334
OAuth2UserAuthenticationProvider:0.36666666666666664
AuthorizationCodeAuthenticationFilterTests:0.3466666666666667
ProviderIdentifierStrategy:0.15333333333333332
