ProfileModule:0.7968253968253968
BinderHelper:0.5633333333333334
ProfileModuleImpl:0.26
