MainScene:0.5266666666666666
EventTableModel:0.31333333333333335
MarsNode:0.31333333333333335
StarRater:0.2833333333333333
TabPanelPowerGrid:0.18444444444444444
TabPanelThermalSystem:0.18444444444444444
TableTab:0.17333333333333334
TabPanelCareer:0.06
NotifyFXLauncher:0.03666666666666667
TemperatureGauge:0.03
