ClassAgent:0.4574444444444444
ClassXTest:0.31666666666666665
AbstractClassAgent:0.3
AsmClassAgent:0.2006666666666667
Pair2:0.195
Pair:0.195
DefaultMirrorFactory:0.17
