MasterActor:0.6766666666666666
ActorNetworkRunner:0.3333333333333333
ActorNetworkRunnerApp:0.285
BatchActor:0.16399999999999998
