SystemPropertyTreeTable:0.3438095238095238
SystemInfoPanel:0.27666666666666667
DynamicLinkPanel:0.26666666666666666
ToggleFormLink:0.11
ReportTreeTable:0.11
FileSystemTreeTable:0.11
