TableHandleJacksonModule:0.4166666666666667
TestDistributedQueries:0.31333333333333335
QueryExecutor:0.22666666666666666
QueryRunner:0.22666666666666666
TableHandleSerializer:0.1824761904761905
TableHandleDeserializer:0.1824761904761905
