ResourceIndexIntegrationTest:0.4266666666666667
ResourceIndexAddDelDissIntegrationTest:0.36666666666666664
ParamDomainMap:0.29333333333333333
ParamDomain:0.23666666666666666
MockMethodInfoStore:0.19000000000000003
