BioPolymerContentProvider:0.4266666666666667
BioPolymerLabelProvider:0.4266666666666667
ChemObjectLabelProvider:0.4266666666666667
BioPolymerTreeView:0.21666666666666667
ChemObjectTreeView:0.21333333333333335
