ReadableInstant:0.68
AbstractInstant:0.4033333333333333
MutableDateTime:0.3933333333333333
ReadableDateTime:0.3358333333333333
ConverterManager:0.2733333333333333
Instant:0.22777777777777777
ReadWritableInstant:0.21509523809523812
AbstractDateTime:0.20666666666666667
DateTimeComparator:0.20333333333333334
