SingleCipherModel:0.6966666666666667
CipherModel:0.5366666666666666
DicomEchoPage:0.25333333333333335
CreateOrEditAETPage:0.10333333333333333
