SetOfMoleculesManipulator:0.32
SetOfReactionsManipulator:0.31333333333333335
ChemModelManipulator:0.22666666666666666
ReactionManipulator:0.21333333333333335
SetOfAtomContainersManipulator:0.10666666666666667
ChemSequenceManipulator:0.09833333333333333
ChemFileManipulator:0.03333333333333333
