DAO:0.6861111111111111
DefaultGenerator:0.44333333333333336
DAOImpl:0.22666666666666666
DaoTests:0.17
