Config:0.6566666666666666
SyntenyPanel:0.3466666666666667
SyntenyLinkPanel:0.31666666666666665
FeatureSetBuilder:0.22166666666666668
BlixemRunner:0.14333333333333334
