PropertiesModelEditor:0.7533333333333333
ModifyRenderOptionsDialog:0.2966666666666667
