ScheduledEntry:0.4666666666666667
MapService:0.4266666666666667
MapStoreTest:0.26
TestMapStore:0.2361111111111111
SecondsBasedEntryTaskScheduler:0.19333333333333333
MapStoreWriteProcessor:0.17333333333333334
