JdbcModelReaderSupport:0.7522222222222222
PlatformFactory:0.7297777777777777
