AntPathRequestMatcher:0.62
RegexRequestMatcher:0.3566666666666667
AntPathRequestMatcherTests:0.17333333333333334
RegexRequestMatcherTests:0.08666666666666667
