Enigma:0.7633333333333333
EnigmaImpl:0.08666666666666667
