LayoutElement:0.7941666666666667
DefaultLayoutParser:0.41333333333333333
DefaultLayoutPainter:0.4033333333333333
