Assignment:0.4683333333333333
Step:0.3433333333333333
Template:0.29
Location:0.27666666666666667
Frame:0.25666666666666665
LabelValue:0.21
