WhereClauseAnalyzerTest:0.6366666666666667
WhereClauseAnalyzer:0.6166666666666667
TestMetaDataModule:0.26888888888888884
Operators:0.02
