Query:0.5033333333333333
Column:0.43666666666666665
TestingTypeDeserializer:0.13333333333333333
TypeDeserializer:0.13333333333333333
