ClientEngineImpl:0.49666666666666665
ClientExceptionFactory:0.4533333333333333
ClientInvocationServiceSupport:0.35
ClassLoaderUtil:0.2733333333333333
