ShibbolethCompatiblePersistentIdGenerator:0.44333333333333336
RegisteredServiceEditBean:0.4166666666666667
DefaultServicesManagerImpl:0.25
ManageRegisteredServicesMultiActionController:0.22333333333333333
RegisteredServiceSimpleFormController:0.12
AbstractManagementController:0.06333333333333334
JpaServiceRegistryDaoImplTests:0.05333333333333334
