SMSound:0.7
GwtMusic:0.38
IOSSound:0.3616666666666667
GwtSound:0.3433333333333333
