Messages:0.7866666666666666
PreGameController:0.3233333333333333
MessagesTest:0.18
