PyObject:0.7133333333333334
PyType:0.5166666666666667
PyLocal:0.2377777777777778
Deriveds:0.06833333333333333
