CsrfRequestDataValueProcessor:0.6433333333333333
CsrfRequestDataValueProcessorTests:0.44666666666666666
CsrfBeanDefinitionParser:0.30333333333333334
WebMvcSecurityConfiguration:0.2
