ResourceDriver:0.5397777777777778
AbstractBinderProcessor:0.5133333333333333
SimpleProfiler:0.45
ResourceDriverManager:0.3844444444444444
NullResourceDriverManager:0.10333333333333333
