StopActivity:0.9016666666666666
StopManager:0.49666666666666665
