GetRelated:0.44666666666666666
XslUtil:0.38166666666666665
MEF2Exporter:0.33
