SelectStatementAnalyzerTest:0.49
Formatter:0.44333333333333336
TestStatementBuilder:0.27666666666666667
MatchPredicate:0.23666666666666666
MetaDataToASTNodeResolverTest:0.16333333333333333
