FrameworkConfiguration:0.6466666666666666
AppliConfiguration:0.5233333333333333
ARINC661App:0.26
SaveSnapshot:0.20333333333333334
ARINCSettings:0.2016111111111111
SaveWidgetSnapshotAction:0.14666666666666667
TreeEditorActionHelper:0.11333333333333333
