ReferenceChecker:0.5008333333333334
open:0.22333333333333333
MDDRelationVisualiser:0.15666666666666668
DataPointerValueConverter:0.13333333333333333
checkForeignKeys:0.13333333333333333
