Mesh:0.43666666666666665
LwjglInput:0.43
NinePatch:0.27666666666666667
CameraGroupStrategy:0.24333333333333335
Pixmap:0.21333333333333335
Plane:0.19666666666666666
LwjglDebugStarter:0.10666666666666667
