GenericIntegrationTest:0.39666666666666667
GenericSecureIntegrationTest:0.34
SparkServer:0.31666666666666665
ServletTest:0.29
