Field:0.8308333333333333
AbstractField:0.4766666666666667
CompareCondition:0.26
PredicateTests:0.07333333333333333
