Mvcs:0.7366666666666667
NutFilter:0.26666666666666666
NutServlet:0.16666666666666666
NutMvcContext:0.15666666666666668
