MetaDataTable:0.6033333333333334
Flyway:0.5283333333333333
MetaDataTableImpl:0.25666666666666665
MigrationInfoImpl:0.24333333333333335
MigrationTestCase:0.21666666666666667
MigrationInfoServiceImpl:0.2041111111111111
MigrationInfoContext:0.16333333333333333
FlywayMediumTest:0.16
DbBaseline:0.14444444444444443
MigrationInfoServiceImplSmallTest:0.13666666666666666
