DumpByteCodeVisitor:0.48333333333333334
FunctionAssertions:0.47333333333333333
TestExpressionCompiler:0.44
