GraphToTikz:0.6797222222222223
MyTransferHandler:0.39499999999999996
