MockServiceReference:0.4866666666666667
MockBundleContext:0.42333333333333334
