P4:0.7233333333333334
P4BootstrapperTest:0.27
P4Test:0.25666666666666665
P4Bootstrapper:0.21333333333333335
