AspectMap:0.51
NewRuleView:0.38333333333333336
AspectGraph:0.36
AspectualGraphView:0.3144444444444444
LevelMap:0.2775
