AnalyzerService:0.64
InformationSchemaTableExecutionContext:0.36666666666666664
QueryVisitor:0.25666666666666665
NodeExecutionContext:0.25333333333333335
InformationSchemaQueryTest:0.24
InformationSchemaService:0.21333333333333335
AnalyzerVisitor:0.2
LuceneQueryVisitorTest:0.19666666666666666
CrateClusterSettingsActionTest:0.17333333333333334
InformationSchemaServiceTest:0.15
AnalyzerVisitorTest:0.1
SQLModule:0.03666666666666667
