TestModule:0.5495
PlannerTest:0.49666666666666665
PageDownstreamContext:0.26666666666666666
