QueryResultSizeExceededException:0.6133333333333333
ClientMapUnboundReturnValuesTestSupport:0.31666666666666665
AbstractMessageTask:0.31333333333333335
MapUnboundedReturnValuesTestSupport:0.27
AbstractMapQueryMessageTask:0.26
BasicMapContextQuerySupport:0.23333333333333334
TransactionalMapProxySupport:0.2
