InvoicesTest:0.47111111111111104
DeliveriesTest:0.29333333333333333
Invoices2002Test:0.19666666666666666
InvoicesNestedSectionsTest:0.19333333333333333
TransportCharges2Test:0.18333333333333332
TransportChargesTest:0.17
ShipmentChargesTest:0.15333333333333332
Invoices2Test:0.13666666666666666
MoneyFormatter:0.12666666666666668
