ZipExampleActivity:0.45
ReduceExampleActivity:0.25333333333333335
MapExampleActivity:0.25333333333333335
FlowableExampleActivity:0.19
