PDPRequest:0.4766666666666667
PEP:0.34
PEPHandler:0.30333333333333334
XACMLRequestBuilder:0.18833333333333332
PDPResponse:0.17333333333333334
PDPClient:0.15444444444444444
PolicyConstants:0.11666666666666667
PIPRequestBuilder:0.11666666666666667
PIPResponseBuilder:0.10333333333333333
PolicyUtil:0.07638888888888888
