Robot:0.7933333333333333
AWT:0.6166666666666667
ComponentTestFixture:0.3
JTextComponentTester:0.25666666666666665
