ConfigurationProcessor:0.5066666666666667
JdbcOrderRepository:0.3021624579124578
MalformedJavaConfigurationException:0.3021624579124578
OrderServiceImpl:0.3021624579124578
Sjc74Tests:0.25
OrderServiceConfig:0.22333333333333333
OrderService:0.08166666666666667
ConstructorParamAnnotationsOmitted:0.0770595238095238
EmptyResourceBundles:0.0770595238095238
MultiConstructorConfig:0.04637301587301587
ChildConfig:0.02
ResourceBundlesOmitted:0.02
AdditionalParamAnnotations:0.02
OrderRepository:0.006666666666666667
OrderServiceConfig2:0.0033333333333333335
BaseConfig:0.0
