AnnotationEditor:0.5933333333333334
TextualDocumentView:0.21
AbstractDocumentView:0.2
EditAnnotationAction:0.15
EndOffsetRightAction:0.14833333333333334
StartOffsetRightAction:0.14833333333333334
StartOffsetLeftAction:0.14833333333333334
EndOffsetLeftAction:0.14833333333333334
AnnotationAction:0.08333333333333333
