LockStoreImpl:0.6666666666666666
HazelcastTestSupport:0.4716666666666667
LockAdvancedTest:0.2633333333333333
