Pointer:0.5366666666666666
FieldEditor:0.31666666666666665
AggregateAST:0.25
realHandler:0.23
realManager:0.02666666666666667
realEditor:0.016666666666666666
