PropertyBean:0.5766666666666667
BeanPanel:0.33
ParentsBean:0.21333333333333335
ChildrenBean:0.21333333333333335
