DicomImageReader:0.38666666666666666
PaletteColorUtils:0.36666666666666664
Lut:0.35333333333333333
ShortLut:0.02
ByteLut:0.02
