StoredProcedureQueryImpl:0.5983333333333334
ProcedureCallImpl:0.52
StoredProcedureTest:0.36666666666666664
