PriorityEditor:0.3638176
Priority:0.10359361
TaskTable:0.07116297
