DynamicFilterTest:0.6366666666666667
DynamicFilterKey:0.39666666666666667
CollectionHelper:0.30666666666666664
HQLQueryPlanKey:0.18666666666666668
FilterQueryPlanKey:0.17444444444444446
