RangeSet:0.5366666666666666
HealpixBase:0.39555555555555555
RangeSetTest:0.11666666666666667
