MemberImpl:0.62
ClusterServiceImpl:0.36666666666666664
MemberAttributeEvent:0.2633333333333333
MemberAttributeChange:0.24333333333333335
AddMembershipListenerRequest:0.18666666666666668
MemberAttributeChangedOperation:0.17666666666666667
MemberAttributeServiceEvent:0.043333333333333335
