BinderHelper:0.6266666666666667
AnnotationBinder:0.5988888888888888
IdMapManyToOneSpecjTest:0.2966666666666667
