CommunicationsStub:0.7466666666666667
SyncRunnable:0.25666666666666665
RunSynchronizationProcessAction:0.21
AbstractSyncRunnable:0.13666666666666666
