WeblogPublisher:0.6966666666666667
WeblogPublisherTest:0.5666666666666667
LiveJournalApiClient:0.2
BloggerApiClient:0.09333333333333334
MetaWeblogApiClient:0.09333333333333334
