GeneratingTpchDataProvider:0.33666666666666667
MetricRecordingTpchDataProvider:0.17666666666666667
TpchTupleStreamProvider:0.1162777777777778
TpchDataProvider:0.1162777777777778
StatsTpchTupleStreamProvider:0.09333333333333334
CachingTpchDataProvider:0.09
