QueueFile:0.57
ObjectQueue:0.4166666666666667
QueueFileLoadingTest:0.36333333333333334
QueueFileTest:0.29333333333333333
Builder:0.26
FileObjectQueue:0.22
ObjectQueueTest:0.2
