NamedPortable:0.47333333333333333
MainPortable:0.37333333333333335
DefaultPortableReader:0.34
InnerPortable:0.2966666666666667
DefaultPortableWriter:0.25
NamedPortableV2:0.23472222222222225
TestPortableFactory:0.20000000000000004
PortableTest:0.15333333333333332
