DefaultFileSystem:0.5466666666666666
TestClient:0.45666666666666667
JavaFileSystemTest:0.25333333333333335
WindowsFileSystem:0.14333333333333334
