Geonet:0.9604444444444444
Geonetwork:0.2866666666666667
