AbstractDatabaseTest:0.5433333333333333
DefaultEnvironment:0.49333333333333335
JdbcSqlTransactionTest:0.24
SqlDataWriterTest:0.18333333333333332
SymmetricClient:0.14333333333333334
SqlTableDataReaderTest:0.13666666666666666
JdbcDbDialectTest:0.08333333333333333
ParameterServiceTest:0.02666666666666667
