InExRules:0.55
FindFile:0.52
WildcardFindFile:0.2633333333333333
ClassFinder:0.22666666666666666
JsonSerializer:0.17470634920634923
InExRulesTest:0.15333333333333332
FindFileTest:0.11916666666666667
BeanVisitor:0.09166666666666666
RegExpFindFile:0.06166666666666667
TypeData:0.006666666666666667
