Watcher:0.6433333333333333
CommandTestBase:0.26666666666666666
WatcherTest:0.23
