AuthoritiesPopulator:0.5902380952380952
OpenIDAuthenticationProviderTests:0.31666666666666665
DaoCasAuthoritiesPopulator:0.24333333333333335
DaoAuthoritiesPopulator:0.19
OpenIDAuthenticationProvider:0.18
MockOpenIDAuthenticationManager:0.1295555555555556
CasAuthoritiesPopulator:0.0
