ILayoutPropertyBeginElement:0.5533333333333333
DefaultLayoutPainter:0.5366666666666666
DefaultLayoutParser:0.3
DefaultLayoutPropertyBeginElement:0.3
AbstractJspPainter:0.24666666666666667
