FastClass:0.5533333333333333
Signature:0.43666666666666665
MethodProxy:0.3433333333333333
MethodInterceptorGenerator:0.3333333333333333
FastClassEmitter:0.10333333333333333
