MCalendar:0.6533333333333333
CircleRenderer:0.55
CircleEditor:0.3
Action:0.23111111111111116
