AbstractOptionProperties:0.6966666666666667
OptionsPageBuilder:0.36333333333333334
JavaOption:0.36
WrapLayout:0.2866666666666667
