Cooking:0.49
FoodProduction:0.25333333333333335
PreparingDessert:0.16
TabPanelUnitWindow:0.16
TabPanelCooking:0.14666666666666667
ReadyMeal:0.11666666666666667
CookedMeal:0.056666666666666664
TabPanelJournal:0.056666666666666664
HotMeal:0.055
ReadyMealMenu:0.055
BuildingPanelCooking:0.050555555555555555
Dining:0.03833333333333333
BuildingPanelFoodProduction:0.03333333333333333
Ingredient:0.023333333333333334
PreparedDessert:0.0033333333333333335
