Node:0.4
Element:0.38666666666666666
Attribute:0.30666666666666664
TokenQueue:0.3
Attributes:0.29
