IsotopeFactory:0.4266666666666667
IsotopeHandler:0.3641666666666667
IsotopeReader:0.3
IsotopeReaderTest:0.24666666666666667
