HiveQueryRunner:0.53
HiveBenchmarkQueryRunner:0.3433333333333333
HiveClientModule:0.3233333333333333
ThriftMetastoreModule:0.18333333333333332
