Sprite:0.5
ParticleEmitter:0.48333333333333334
Particle:0.42
Filter:0.25666666666666665
SpriteSheetPacker:0.25
Node:0.22444444444444447
Renderer:0.20166666666666666
ParticleEditor:0.18666666666666668
ParticleEffect:0.165
EffectPanel:0.16
PackedSprite:0.125
ImagePanel:0.11333333333333333
SpriteSheet:0.0911111111111111
