SVN:0.7066666666666667
SVNBootstrapper:0.3433333333333333
SVNTest:0.04
SVNBootstrapperTest:0.028333333333333332
