PbufferTest:0.5
FullScreenWindowedTest:0.3894444444444444
PositionTest:0.31166666666666665
Grass:0.295
VBOIndexTest:0.20666666666666667
VBOTest:0.20666666666666667
Game:0.13333333333333333
