MongoDatabase:0.8452777777777778
MongoDatabaseImpl:0.3566666666666667
DatabaseAcceptanceTest:0.30333333333333334
