Bond:0.7433333333333333
ConvertibleBond:0.26666666666666666
ConvertibleBondOption:0.21333333333333335
EarlierThanCashFlowComparator:0.11916666666666667
YieldFinder:0.02
