VoteMgmtService:0.5933333333333334
CommentMgmtService:0.25333333333333335
VoteRepository:0.17
VoteProcessor:0.12
