Root:0.6866666666666666
Databases:0.4666666666666667
ViewContentProvider:0.2833333333333333
StructuredbDataBaseType:0.21666666666666667
