TestUtils:0.48833333333333334
MockMultipartUploadServlet:0.43
ZeroCopyFileTest:0.25333333333333335
PropertiesBasedResumableProcessor:0.23
MultipartUploadTest:0.18666666666666668
