DicomSecurityService:0.6166666666666667
AbstractScpService:0.4666666666666667
DcmServerService:0.25
DicomSecurityDelegate:0.20333333333333334
