OkHttpClient:0.5566666666666666
Dispatcher:0.36333333333333334
Call:0.33666666666666667
DispatcherTest:0.27
Main:0.21333333333333335
RecordingExecutor:0.18666666666666668
OkApacheClient:0.18
Crawler:0.18
PostExample:0.15333333333333332
GetExample:0.13666666666666666
OkHttpAsync:0.11333333333333333
OkHttpContributors:0.08666666666666667
AsyncCall:0.08333333333333333
RealResponseBody:0.0033333333333333335
