MapperMethod:0.4533333333333333
SqlCommand:0.38333333333333336
MapperRegistry:0.2633333333333333
MapperMethodSignature:0.24333333333333335
MapperProxy:0.20666666666666667
