SystemRecord:0.5733333333333334
SPOEvent:0.3433333333333333
GTS:0.3333333333333333
SPOApplication:0.2825
TreeHashStateSet:0.16666666666666666
AbstractStrategy:0.14333333333333334
