ComponentParser:0.5366666666666666
ParsingUtils:0.4644444444444445
ServiceComparatorTest:0.37
ComponentsNamespaceParser:0.36333333333333334
TestBean:0.1261111111111111
BlueprintNamespaceHandler:0.09
TestDecorator:0.0
