FunctionalGroups:0.88
RuleHasOnlySaltSulphonateSulphate:0.25666666666666665
RuleHasOnlySaltSulphonateSulphateTest:0.09666666666666666
