ConfirmDelete:0.35333333333333333
StudyAvailabilityStatus:0.29
NumberFormatValidator:0.2866666666666667
ServerManager:0.2833333333333333
DicomListenerPanel:0.22
