Iterator:0.4866666666666667
List:0.4266666666666667
Stream:0.38666666666666666
Array:0.23833333333333334
Stack:0.22388888888888892
Vector:0.22166666666666668
Queue:0.19166666666666668
