StatementGenerator:0.5733333333333334
StatementGeneratorTest:0.5133333333333333
JavaToIOSMethodTranslatorTest:0.25
