JChemPaintPanel:0.44
JChemPaint:0.3311111111111111
AppCloser:0.19
RenderPanel:0.11722222222222224
SaveAsAction:0.10666666666666667
SaveAction:0.03333333333333333
CloseAction:0.006666666666666667
