JRadiusServerImpl:0.34
RadiusClientFactory:0.31333333333333335
RadiusMultifactorConfiguration:0.30333333333333334
AbstractThrottledSubmissionHandlerInterceptorAdapter:0.24
RadiusConfiguration:0.2
RadiusAuthenticationHandler:0.19666666666666666
AbstractInMemoryThrottledSubmissionHandlerInterceptorAdapter:0.16333333333333333
CasJdbcThrottlingConfiguration:0.14666666666666667
CasThrottlingConfiguration:0.14
RadiusAuthenticationMetaDataPopulator:0.12333333333333334
InspektrThrottledSubmissionByIpAddressAndUsernameHandlerInterceptorAdapter:0.12333333333333334
RadiusAuthenticationWebflowAction:0.023333333333333334
RadiusMultifactorAuthenticationProvider:0.023333333333333334
InMemoryThrottledSubmissionByIpAddressHandlerInterceptorAdapter:0.019166666666666665
InMemoryThrottledSubmissionByIpAddressAndUsernameHandlerInterceptorAdapter:0.019166666666666665
