ReportValidate:0.5766666666666667
TestUniqueIDs:0.5266666666666666
