GwtTeamingMessages:0.6677777777777777
AddFilesHtml5Popup:0.46
GwtClientHelper:0.25333333333333335
