TimeTunnelCommand:0.6266666666666667
WatchCommand:0.20333333333333334
TraceCommand:0.20333333333333334
