URLConnectionTest:0.5583333333333333
RawHeaders:0.41333333333333333
HttpResponseCacheTest:0.25333333333333335
