JettyWebSocketHandler:0.38666666666666666
AtmosphereResourceImpl:0.38
AtmosphereResourceEventImpl:0.37666666666666665
Jetty8WebSocket:0.22333333333333333
JettyWebSocket:0.21777777777777782
