RMapCache:0.5537222222222222
RedissonMapCacheTest:0.32
RedissonMapCache:0.2327777777777778
RMapCacheAsync:0.22166666666666668
