CalculateTruthTestCase:0.7133333333333334
CalculateTruthThreeModelTest:0.31666666666666665
HeuristicCheckerPluginTest:0.31
KernelBoTestSuite:0.17666666666666667
