DefaultDiscoveryService:0.5341666666666667
AbstractDiscoveryStrategy:0.4066666666666667
SimpleDiscoveryNode:0.33666666666666667
