MongoDbGoogleAuthenticatorAccountRegistry:0.30333333333333334
MongoDbCasEventRepository:0.2966666666666667
GoogleAuthenticatorConfiguration:0.25333333333333335
FileAuthenticationHandlerTests:0.24
CasGenericConfiguration:0.22333333333333333
ShiroAuthenticationHandler:0.21
FileAuthenticationHandler:0.20333333333333334
ShiroAuthenticationHandlerTests:0.16666666666666666
RejectUsersAuthenticationHandlerTests:0.13333333333333333
RejectUsersAuthenticationHandler:0.13
GoogleAccountCheckRegistrationAction:0.07
GoogleAccountSaveRegistrationAction:0.05
GoogleAuthenticatorAuthenticationWebflowAction:0.023333333333333334
