TranslationUtil:0.74
ConstantBranchPrunerTest:0.42333333333333334
ConstantBranchPruner:0.32
StaticVarRewriter:0.27666666666666667
