AwsS3ServiceImplTests:0.43
Repositories:0.4032222222222222
Repository:0.4032222222222222
S3ClientSettings:0.36
InternalAwsS3Service:0.30666666666666664
AbstractS3SnapshotRestoreTest:0.25666666666666665
S3RepositoryPlugin:0.15333333333333332
S3RepositoryTests:0.08
