DefaultResultSetHandler:0.6666666666666666
Pet:0.38777777777777783
AutomappingTest:0.38333333333333336
