XmlFlowModelBuilder:0.44666666666666666
FlowModelFlowBuilder:0.4255555555555555
ExceptionHandlerModel:0.4033333333333333
XmlFlowModelBuilderTests:0.31333333333333335
FlowModelFlowBuilderTests:0.30333333333333334
