CatalogRequest:0.5733333333333334
ISODate:0.3333333333333333
Harvester:0.2833333333333333
JODAISODate:0.26166666666666666
Importer:0.23
