ChadoXmlWrite:0.5966666666666667
GeneEditPanel:0.5566666666666666
OtterXMLRenderingVisitor:0.37666666666666665
