RecoveryRetryCallback:0.5166666666666667
RecoveryCallbackRetryPolicy:0.38
RecoveryCallback:0.35333333333333333
ContainerDelegate:0.3272804232804233
JmsItemReaderTests:0.30333333333333334
NewItemIdentifier:0.27051984126984113
ExternalRetryInBatchTests:0.24
GeneratingItemReader:0.19666666666666666
StatefulRetryStepFactoryBeanTests:0.19
SynchronousTests:0.17833333333333334
BatchMessageListenerContainerTests:0.17833333333333334
StubItemKeyGeneratorRecoverer:0.16333333333333333
ExternalRetryTests:0.14666666666666667
BatchMessageListenerContainerIntegrationTests:0.14
StatefulRetryItemHandler:0.13333333333333333
JmsItemReader:0.13
RepeatOperationsInterceptor:0.1288888888888889
BatchMessageListenerContainer:0.12666666666666668
AsynchronousTests:0.12333333333333334
StatefulRetryStepFactoryBean:0.11333333333333333
StatefulRetryOperationsInterceptorTests:0.09666666666666666
RecoveryRetryPolicyTests:0.07
StatefulRetryOperationsInterceptor:0.043611111111111114
RecoveryRetryCallbackTests:0.023333333333333334
RepeatOperationsInterceptorException:0.0025
