EntityRegionAccessStrategy:0.5516666666666666
HibernateServiceMBean:0.37
ExternalSessionFactoryConfig:0.26666666666666666
SettingsFactory:0.26666666666666666
BaseCoreFunctionalTestCase:0.22333333333333333
EhCacheTest:0.16333333333333333
EhCacheRegionTest:0.15333333333333332
SchemaBasedMultiTenancyTest:0.13
HibernateSecLvlQueryCache:0.13
AvailableSettings:0.12
Timestamper:0.11
