ReloadAction:0.32
NewResourceAction:0.2966666666666667
OpenDSAction:0.2866666666666667
