QueryBuilderImpl:0.59
FunctionExpression:0.19
BasicFunctionExpression:0.18666666666666668
CastFunction:0.14333333333333334
