RuntimeConfiguration:0.5325
EntityWriter:0.43
Attributes:0.37
DefaultOutput:0.3675
EntityReader:0.34
UpdateOperation:0.3182777777777778
DataContext:0.31333333333333335
ThreadLocalTransaction:0.27
TupleResult:0.25666666666666665
EntityDataStore:0.23666666666666666
SelectResult:0.20666666666666667
RawEntityQuery:0.2
TupleResultReader:0.19666666666666666
EntityResult:0.19666666666666666
PreparedQueryOperation:0.15333333333333332
RawTupleQuery:0.14666666666666667
SelectCountOperation:0.12
InsertReturningOperation:0.12
BatchUpdateOperation:0.12
EntityUpdateOperation:0.12
EntityContext:0.11666666666666667
