Directory:0.65
DirectoryManager:0.5758333333333333
DirectoryManagerSoapBindingSkeleton:0.24333333333333335
DirectoryManagerSoapBindingStub:0.22666666666666666
DirectoryManagerSoapBindingImpl:0.21416666666666667
DirectorySrs:0.16833333333333333
DirectoryLucene:0.14416666666666667
