BinderModule:0.7966666666666666
CoreDao:0.6866666666666666
AbstractResource:0.41333333333333333
AbstractBinderResource:0.26
CoreDaoImpl:0.23666666666666666
SelfResource:0.22666666666666666
ShareResource:0.20333333333333334
BinderModuleImpl:0.18
