WriteConcern:0.43
Code:0.2683333333333333
CodeWScope:0.23288888888888892
BSONTimestamp:0.193
Binary:0.09166666666666666
Symbol:0.013333333333333334
