Property:0.5766666666666667
TagPath:0.39
FilterProperties:0.3333333333333333
SaveOptionsWidget:0.13333333333333333
WordBuffer:0.10833333333333334
