MultiInputDialog:0.5833333333333334
OKCancelPanel:0.37666666666666665
OKCancelApplyPanel:0.3333333333333333
DeeChangeStylesPlugIn:0.28
