GenbankAdapter:0.51
FeatureValidatorI:0.15276190476190485
GenbankFormatType:0.14
tRNAValidator:0.10333333333333333
GenbankAdapterGUI:0.09666666666666666
GenbankValidator:0.056666666666666664
FlyIdValidator:0.05
WashingLine:0.04611111111111111
LowHighFeatureEnum:0.016666666666666666
PeptideValidator:0.01
