Scope:0.3894444444444445
ScopeCode:0.36
RoleCode:0.30666666666666664
Citation:0.235
Address:0.09916666666666667
ResponsibleParty:0.065
Contact:0.065
Series:0.013333333333333334
Telephone:0.013333333333333334
OnLineResource:0.013333333333333334
