CMLFragmentsTest:0.6716666666666666
CMLCoreModule:0.5366666666666666
CMLRoundTripTest:0.4666666666666667
