Compiler:0.8041666666666667
AbstractVirtualMachine:0.5480555555555555
