DescriptionStrategy:0.5666666666666667
Default:0.49666666666666665
InitializationStrategy:0.49333333333333335
AgentBuilderDescriptionStrategyTest:0.2966666666666667
BridgeMethodImplementation:0.26
AgentBuilderDefaultApplicationTest:0.22333333333333333
AgentBuilderDefaultTest:0.19666666666666666
