HighlightTag:0.46
SearchFullText:0.36
StopWordBean:0.24666666666666667
DatabaseBean:0.013333333333333334
