MarshalingSupport:0.46
Stringification:0.3433333333333333
SillyManualFixture:0.24333333333333335
