NettyResponseFuture:0.6266666666666667
NettyAsyncHttpProvider:0.5033333333333333
NettyAsyncHttpProviderConfig:0.43899999999999995
AsyncProvidersBasicTest:0.36
NettyConnectionsPool:0.22444444444444447
ZeroCopyHandler:0.17277777777777778
NettyConnectListener:0.16333333333333336
ProgressListener:0.13666666666666666
ZeroCopyFileTest:0.13
