MetadataTools:0.5155555555555555
BasicMetadataGenerator:0.4
IdMetadataGenerator:0.2744444444444445
