GceAbstractTest:0.4633333333333333
GceComputeServiceImpl:0.22333333333333333
GceUnicastHostsProvider:0.20666666666666667
