JobRepositoryFactoryBean:0.8633333333333333
JobRepositoryFactoryBeanTests:0.31666666666666665
