JdbcChadoAdapter:0.6433333333333333
TigrSybilChadoInstance:0.4157777777777778
FlybaseChadoInstance:0.4033333333333333
