CheckableDrawable:0.46
InputLayout:0.3883333333333333
CheckBox:0.38666666666666666
SavedState:0.22
DebugLayout:0.195
DebugOverlay:0.08333333333333333
