AbstractServiceValidateController:0.6383333333333333
Cas30ResponseViewTests:0.335
AbstractServiceValidateControllerTests:0.17666666666666667
