ContextLoaderListener:0.4166666666666667
A:0.38777777777777783
B:0.36111111111111116
Test:0.07611111111111112
DeadlockHandlingTest:0.07333333333333333
