Log4jContainer:0.37833333333333335
SpringContainer:0.31666666666666665
JettyContainer:0.31666666666666665
JettyContainerTest:0.28
SpringContainerTest:0.28
