GenerationWriter:0.5
DefaultGenerator:0.42
GeneratorStrategyWrapper:0.31666666666666665
IdentityDefinition:0.31166666666666665
AbstractGeneratorStrategy:0.2733333333333333
DefaultIdentityDefinition:0.21333333333333335
ForeignKeys0:0.0
UniqueKeys0:0.0
Identities0:0.0
