opencv_core:0.5266666666666666
avfilter:0.4825
CvMat:0.43666666666666665
AVFilterFormats:0.36666666666666664
AVFilter:0.2733333333333333
AVFilterPad:0.2644444444444444
