SmilesGeneratorTest:0.58
AtomContainerPermutor:0.35
AtomContainerPermutorTest:0.27
GraphTests:0.19666666666666666
AtomContainerAtomPermutor:0.13333333333333333
