Person:0.4166666666666667
TestSamples:0.36333333333333334
AvgAggregationTest:0.23666666666666666
MinAggregationTest:0.20333333333333334
MaxAggregationTest:0.20333333333333334
SumAggregationTest:0.17
DistinctAggregationTest:0.013333333333333334
CountAggregationTest:0.006666666666666667
