ResourceDriverModule:0.5553888888888888
GwtTeamingMessages:0.3466666666666667
ResourceDriverModuleImpl:0.34
ModifyNetFolderRootDlg:0.32666666666666666
GwtRpcServiceImpl:0.2111111111111111
GwtNetFolderHelper:0.19
SyncNetFolderServerCmd:0.13333333333333333
