SequenceTableView:0.5866666666666667
SequenceView:0.51
AnnotationsView:0.4033333333333333
BioinformaticsPerspective:0.05055555555555556
