TopNRowNumberNode:0.4666666666666667
Rewriter:0.3233333333333333
TopNRowNumberOperator:0.30333333333333334
SourceVisitor:0.29
PlanVisitor:0.29
NodePrinter:0.2866666666666667
TestWindowFunctions:0.27
AbstractTestQueries:0.25666666666666665
PlanNodeRewriter:0.19333333333333333
RewritingVisitor:0.16666666666666666
Visitor:0.15666666666666668
Constraint:0.13333333333333333
TopNRowNumberOperatorFactory:0.12666666666666668
WindowFilterPushDown:0.08916666666666667
TestTopNRowNumberOperator:0.03666666666666667
