AccessTokenManager:0.56
SecurityDao:0.56
AccessTokenManagerImpl:0.35
SecurityDaoImpl:0.26666666666666666
ContextListener:0.23333333333333334
