KeyValuePairs:0.52
MultiKeyValuePairs:0.3433333333333333
MapAggregationFunction:0.32
MultiKeyValuePairStateSerializer:0.29333333333333333
KeyValuePairStateSerializer:0.25
