FilterHelper:0.5633333333333334
AjaxController:0.38666666666666666
SearchFilter:0.3433333333333333
SearchEntryFilter:0.21333333333333335
SearchObject:0.2
WebKeys:0.12883333333333333
AdvancedSearchController:0.023333333333333334
