ProcessDefinition:0.5533333333333333
ProcessFileComposite:0.3566666666666667
EventSupport:0.35
ChooseStringOrFile:0.2866666666666667
