InstancesControllerIntegrationTest:0.6308333333333334
InstancesProxyController:0.47333333333333333
ReactiveRestApiConfiguration:0.27
AbstractInstancesProxyController:0.2633333333333333
