ConfigManager:0.5833333333333334
Constants:0.45
PrefPageOne:0.29333333333333333
AutoRefreshJob:0.23333333333333334
