DataSourceUtils:0.5733333333333334
GeomEntity:0.4866666666666667
GeometryEquality:0.4633333333333333
