RrInterval:0.41
RrHalfPlane:0.3566666666666667
RrRectangle:0.3
Rr2Point:0.27666666666666667
RrPolygon:0.2733333333333333
RrLine:0.26666666666666666
RrCSG:0.265
BooleanGridList:0.19
BooleanGrid:0.1897222222222222
LayerProducer:0.16333333333333333
chPair:0.08333333333333333
LineSegment:0.08
