Planner:0.7233333333333334
ImplementationSymbolVisitor:0.22333333333333333
PlannerTest:0.22
