UrlJdbc:0.49
NBEdge:0.4
EdgeInfoJdbc:0.37666666666666665
EdgeInfoRetriever:0.2711428571428571
LinkUrl:0.14
