Builder:0.7566666666666667
Default:0.52
InitializationStrategy:0.3466666666666667
AgentBuilderInitializationStrategyTest:0.30666666666666664
UsingInstrumentation:0.255
ByteArrayClassLoader:0.23666666666666666
Dispatcher:0.23666666666666666
AgentBuilderDefaultTest:0.20666666666666667
TypeLocator:0.20476190476190476
DynamicTypeDefaultUnloadedTest:0.18666666666666668
Resolution:0.18666666666666668
AgentBuilderInitializationStrategySelfInjectionDispatcherTest:0.17333333333333334
TypeWriter:0.17
AndroidClassLoadingStrategy:0.14
SubclassDynamicTypeBuilder:0.11333333333333333
RedefinitionDynamicTypeBuilder:0.09
RebaseDynamicTypeBuilder:0.08666666666666667
ByteBuddyTest:0.06583333333333333
AbstractInliningDynamicTypeBuilder:0.023333333333333334
AuxiliaryTypeSignatureRelevantTest:0.016666666666666666
Recorder:0.0025
