HtmlElement:0.5255555555555557
XmlElement:0.4166666666666667
DomElement:0.31
