OptionQueryService:0.4533333333333333
IndexProcessor:0.31333333333333335
Filler:0.30333333333333334
OptionRepository:0.19666666666666666
