ServiceManagerHelper:0.7133333333333334
ServiceManager:0.5566666666666666
