ConfigUtils:0.45666666666666667
ProviderManager:0.42333333333333334
BeanIds:0.38777777777777783
HttpSecurityBeanDefinitionParser:0.2322222222222222
AbstractPreAuthenticatedProcessingFilter:0.22
ProviderManagerTests:0.18
MethodDefinitionSourceAdvisor:0.175
RememberMeBeanDefinitionParser:0.15666666666666668
X509BeanDefinitionParser:0.11333333333333333
AnonymousBeanDefinitionParser:0.11333333333333333
NamespaceAuthenticationManager:0.1
LdapProviderBeanDefinitionParser:0.08666666666666667
CustomAuthenticationProviderBeanDefinitionDecorator:0.08333333333333333
AuthenticationProviderBeanDefinitionParser:0.08333333333333333
AuthenticationManagerBeanDefinitionParser:0.013333333333333334
