ProcessManagerModule:0.47333333333333333
ServiceManagerModule:0.43
RackViewUpdater:0.16666666666666666
ProcessDefinitionReloader:0.14
