Order:0.6233333333333333
CConnection:0.4866666666666667
PosPanel:0.35333333333333333
CouponRow:0.31333333333333335
PayDialog:0.23666666666666666
ConfigurationData:0.22
PosProcessor:0.19777777777777777
CouponDialog:0.19333333333333333
ConfigurationPanel:0.11111111111111109
