Property:0.61
Restrictions:0.5366666666666666
FooBarTest:0.32666666666666666
JoinedSubclassTest:0.24666666666666667
