InfixExpression:0.5033333333333333
RewriterTest:0.4033333333333333
UnsequencedExpressionRewriterTest:0.34
StackState:0.2085
TreeConvertTest:0.18
