ProjectFinder:0.58
ImportParWizardPage:0.56
ApplicationWorkbenchAdvisor:0.18666666666666668
ApplicationActionBarAdvisor:0.13666666666666666
ImportWizardPage:0.05333333333333334
