NetServerOptions:0.42333333333333334
HttpTest:0.37666666666666665
HttpServerOptions:0.335
SSLHelper:0.3
WebsocketTest:0.24972222222222218
NetExamples:0.24666666666666667
