IndicesClusterStateService:0.5366666666666666
TransportRecoveryAction:0.4166666666666667
RecoveryTarget:0.22666666666666666
