ResourceWatcherService:0.6566666666666666
ResourceWatcherServiceTests:0.31
AbstractComponent:0.25666666666666665
