IndexAliasesIT:0.5651666666666666
TransportGetAliasesAction:0.43666666666666665
