StoreVariant:0.4716666666666667
StoreContent:0.44666666666666666
CMSContent:0.3466666666666667
AbstractBasicContent:0.23333333333333334
AbstractBasicVariant:0.18666666666666668
ViewFieldBridge:0.11333333333333333
