Compiler:0.8533333333333334
HopFileDescriptor:0.34833333333333333
HopEditorParser:0.23677777777777778
