CSSStyleDeclaration:0.7766666666666666
ComputedCSSStyleDeclaration:0.38666666666666666
ComputedCSSStyleDeclarationTest:0.33
CssValue:0.25333333333333335
