TypeFactory:0.5533333333333333
SimpleFeatureCollectionTypeBuilder:0.23333333333333334
FeatureTypeBuilder:0.20333333333333334
FeatureBuilder:0.19
