IndexShard:0.78
SequenceNumbersService:0.4033333333333333
GlobalCheckpointTracker:0.3036507936507936
IndexShardTests:0.2966666666666667
RecoveryTarget:0.2833333333333333
