Ticket:0.78
CentricTicketerPlugin:0.37
CentricTicketerPluginTest:0.3333333333333333
CentricAPITest:0.19333333333333333
