Property:0.7933333333333333
PropertyTag:0.37333333333333335
PropertyTagTest:0.25333333333333335
