Atom:0.49333333333333335
Bond:0.46116666666666667
Renderer2D:0.34
AtomContainer:0.30333333333333334
RingSet:0.24
SSSRFinder:0.21333333333333335
Ring:0.20333333333333334
