ShadowHandler:0.6283333333333333
ShadowMessage:0.30333333333333334
HandlerTest:0.22666666666666666
