FeedFactory:0.6366666666666667
FeedThread:0.3
FeedListException:0.26666666666666666
FeedUtils:0.21
