ShadowMediaMetadataRetriever:0.51
ShadowAccessibilityManagerTest:0.43333333333333335
AutoCompleteFilter:0.1897222222222222
