Mongo:0.4633333333333333
DBCollection:0.44333333333333336
FindIterableImpl:0.3433333333333333
DB:0.2966666666666667
AggregateIterableImpl:0.23666666666666666
ChangeStreamIterableImpl:0.21
ListCollectionsIterableImpl:0.19
ListIndexesIterableImpl:0.18
DistinctIterableImpl:0.17333333333333334
MapReduceIterableImpl:0.16
ListDatabasesIterableImpl:0.16
WrappedMapReduceReadOperation:0.01
