WizardHelper:0.6033333333333334
NewCMLFileWizard:0.37666666666666665
NewMDLMolfileWizard:0.37666666666666665
