GwtServerHelper:0.4666666666666667
EntityRights:0.37666666666666665
GwtViewHelper:0.34
GwtRpcServiceImpl:0.2833333333333333
EntityRightsRpcResponseData:0.2
GetEntityRightsCmd:0.11
