InterfaceWithDefaultMethodImpl:0.6586666666666667
InterfaceWithStaticMethodImpl:0.6586666666666667
TestInterface:0.5066666666666667
InterfaceWithStaticMethod:0.09838095238095237
InterfaceWithDefaultMethod:0.09838095238095237
