WebManagementManager:0.4866666666666667
WebPage:0.4033333333333333
Main:0.27
JUTestWebManagement:0.21666666666666667
WebManagementOptionSet:0.19666666666666666
RunWebManager:0.04638888888888889
ConnectionsPage:0.0175
