Settings:0.6433333333333333
ClusterService:0.605
ImmutableSettings:0.32
ZenDiscovery:0.26666666666666666
TestCluster:0.24666666666666667
LocalDiscovery:0.2188888888888889
InternalNode:0.21666666666666667
InternalClusterService:0.17333333333333334
DiscoveryService:0.15666666666666668
