RedisClient:0.4866666666666667
RedisCommand:0.4866666666666667
RedisEncoder:0.46
Encoder:0.11182142857142857
StringCodec:0.08333333333333333
RedisCommands:0.03305555555555555
