GAMEAdapter:0.41
ApolloPanel:0.315
ScoreCalculator:0.28650000000000003
FastaFile:0.26666666666666666
FlexibleFeatureTierManager:0.25666666666666665
CGI:0.25333333333333335
EnsCGIAdapter:0.23333333333333334
TierManager:0.22333333333333333
CacheSequenceLoader:0.20666666666666667
EnsCGISequence:0.20333333333333334
Selection:0.2
GraphView:0.18333333333333332
Evidence:0.18
GCScoreCalculator:0.16666666666666666
EvidenceSet:0.12333333333333334
