MongoAsynchronousChannel:0.3933333333333333
Adapter:0.29800000000000004
MongoRequestMessage:0.29
BasicOutputBuffer:0.2733333333333333
OutputBuffer:0.2525
WriteFuture:0.25
MongoChannel:0.23666666666666666
ReceiveMessageCompletionHandler:0.2
PooledByteBufferOutput:0.18666666666666668
