LdapOperations:0.47
LdapTemplate:0.4666666666666667
CountNameClassPairCallbackHandler:0.3433333333333333
LdapTemplateTest:0.2633333333333333
LdapTemplateListITest:0.21
LdapTemplateListTest:0.20666666666666667
LdapTemplateSearchCountITest:0.18
LdapTemplateBaseSuffixITest:0.11666666666666667
AttributesMapperCallbackHandler:0.04
ContextMapperCallbackHandler:0.03666666666666667
MappingCollectingNameClassPairCallbackHandler:0.033650793650793646
CountNameClassPairResultCallbackHandlerTest:0.01
