ThreadInfo:0.5088888888888888
UIInspector:0.43166666666666664
SystemState:0.39
