ReplicatedRecordStore:0.5633333333333334
ReplicatedMapTest:0.4266666666666667
ReplicatedMapProxy:0.36
AbstractReplicatedRecordStore:0.3333333333333333
ReplicatedRecord:0.32
