ClassLoaderUtil:0.36
ServiceManagerImpl:0.305
ProxyManager:0.27666666666666667
ServiceLoader:0.25666666666666665
NewInstanceIterator:0.21333333333333335
BuildInfoProvider:0.16
NodeExtensionFactory:0.1511111111111111
ClassIterator:0.15
CompositeMessageTaskFactory:0.11666666666666667
