SamlRegisteredServiceServiceProviderMetadataFacade:0.32666666666666666
SamlIdPConfiguration:0.3
BaseSamlProfileSamlResponseBuilder:0.22333333333333333
AbstractSamlProfileHandlerController:0.21666666666666667
SamlIdPEndpointsConfiguration:0.2
SamlProfileSamlSoap11FaultResponseBuilder:0.16444444444444445
SamlProfileSaml2ResponseBuilder:0.15333333333333332
SamlRegisteredServiceMetadataExpirationPolicy:0.14666666666666667
SamlProfileSamlSoap11ResponseBuilder:0.07333333333333333
