MapToolTipPlugIn:0.6966666666666667
ShowFullPathPlugIn:0.42333333333333334
OpenJumpConfiguration:0.11333333333333333
