TermOntology:0.25333333333333335
TermTreeBrowserTest:0.25
DefaultNodeRenderer:0.23666666666666666
TermNodeRenderer:0.23
HtmlTableTreeRenderer:0.17333333333333334
ExpandableNodeRenderer:0.16666666666666666
TermTreeRenderer:0.16666666666666666
