IssueHandler:0.6433333333333333
IssueUtilities:0.5733333333333334
UserHandler:0.5333333333333333
IIssue:0.53
UserUtilities:0.45666666666666667
CustomFieldModel:0.42333333333333334
UserHandlerImpl:0.3933333333333333
Convert:0.23666666666666666
ProjectHandlerImpl:0.23666666666666666
ProjectData:0.23
IssueHandlerImpl:0.22666666666666666
DefaultAuthenticator:0.22333333333333333
SystemConfigurationImpl:0.21333333333333335
IssueBean:0.19666666666666666
ImportHandler:0.18333333333333332
FormatIssueOwnerTag:0.18
ImportDataVerifyAction:0.13666666666666666
EditProjectAction:0.09
EditConfigurationAction:0.09
PortalHomeAction:0.08333333333333333
RemoveConfigurationItemAction:0.07
MoveIssueFormAction:0.07
AddIssueRelationAction:0.06666666666666667
