Simulation:0.36
Renderer:0.2833333333333333
Shot:0.2633333333333333
Invader:0.21333333333333335
Explosion:0.18666666666666668
Ship:0.17
GameLoop:0.16
Block:0.06
