AnnotationEditor:0.4166666666666667
FeatureEditorDialog:0.38333333333333336
FeatureChangeEvent:0.29
FilteredFeatureModel:0.2536111111111111
ApolloFrame:0.25
TranscriptEditPanel:0.2
AnnotationMenu:0.16666666666666666
TablePanel:0.16666666666666666
ApolloFeatureSelectionListener:0.15444444444444444
EvidencePanel:0.11944444444444442
