Files:0.48333333333333334
MockHttpServletRequest:0.47
servlet:0.37333333333333335
Streams:0.36666666666666664
NutServletTest:0.22
Inputings:0.19666666666666666
SimpleUploading:0.12666666666666668
MockInputStream:0.013333333333333334
