AbstractTcpPlugin:0.38333333333333336
ConnectionConfig:0.295
SshPlugin:0.20866666666666667
Pop3Plugin:0.20866666666666667
SmtpPlugin:0.20866666666666667
TcpPlugin:0.20866666666666667
HttpsPlugin:0.18
