HTMLElement:0.5533333333333333
HTMLDocument:0.4666666666666667
HtmlAnchorTest:0.38666666666666666
Event:0.35
