RecordStore:0.6405555555555555
MapContainer:0.5233333333333333
DefaultRecordStore:0.43
MapService:0.35
MapReplicationOperation:0.2025
MapStoreTest:0.17833333333333334
Merger:0.15444444444444444
ClearExpiredOperation:0.08111111111111112
