SuggestSearchTests:0.3466666666666667
PhraseSuggestionContext:0.27
FilterBuilders:0.25
PlainOperationRouting:0.23
PhraseSuggestionBuilder:0.19666666666666666
PhraseSuggester:0.19333333333333333
PhraseSuggestParser:0.1811111111111111
