Toolbar:0.3333333333333333
CollapsingToolbarLayout:0.3
TextView:0.25666666666666665
EditText:0.23333333333333334
AppBarLayout:0.20666666666666667
FlowLayout:0.18
ConstraintLayout:0.18
CoordinatorLayout:0.18
GridLayout:0.18
FrameLayout:0.18
RelativeLayout:0.18
DrawerLayout:0.18
LinearLayout:0.18
Button:0.17333333333333334
ImageView:0.17333333333333334
