ScriptingConsoleView:0.6922222222222223
JsConsoleView:0.38333333333333336
ScriptAction:0.2480952380952381
RConsoleView:0.15
