ConnectedSubscription:0.5366666666666666
DataHandler:0.3231666666666666
ExampleDataHandler:0.19333333333333333
