MetadataTest:0.6341666666666667
PluralAttributeImpl:0.42333333333333334
StaticMetadataTest:0.2866666666666667
