MongoClient:0.5090555555555556
MongoDatabase:0.5090555555555556
MongoCollection:0.4605
WriteConcern:0.38333333333333336
InsertResult:0.27051984126984113
SingleServerMongoClient:0.26666666666666666
MongoDatabaseImpl:0.24833333333333332
SingleChannelMongoClient:0.20083333333333334
MongoReplyMessage:0.19666666666666666
MongoCollectionImpl:0.0775
AbstractCommand:0.06333333333333334
MongoUpdateMessage:0.0033333333333333335
MongoKillCursorsMessage:0.0025
