PasswordlessTokenAuthenticationHandler:0.5166666666666667
PasswordlessAuthenticationWebflowConfigurer:0.4066666666666667
DefaultRandomStringGenerator:0.2966666666666667
