BondTest:0.4
ReactionTest:0.3466666666666667
ReactionSchemeTest:0.24
ReactionSetTest:0.24
AtomContainerSetTest:0.21
MappingTest:0.18333333333333332
MoleculeSetTest:0.17
