Logging:0.7266666666666667
Logging2Test:0.3333333333333333
LoggingTest:0.32
AbstractConfigurationParser:0.2633333333333333
