Array:0.61
Json:0.36
ArrayMap:0.32
FieldMetadata:0.1841666666666667
MapObjects:0.12666666666666668
MapLayers:0.12333333333333334
