ClusterSearchShardsRequest:0.7033333333333334
ClusterSearchShardsRequestBuilder:0.3566666666666667
RestClusterSearchShardsAction:0.20666666666666667
