XmlFlowBuilder:0.5033333333333333
AbstractFlowBuilder:0.38
TextToViewSelector:0.37666666666666665
TextToViewSelectorTests:0.3233333333333333
NullView:0.22876984126984126
