TypeWriterDefaultTest:0.6583333333333333
TypeConstantDissolvingMethodVisitor:0.478888888888889
TypeConstantAdjustmentTest:0.2866666666666667
