GroupByAggregateTest:0.49083333333333334
FixedMaximumAggregation:0.19555555555555557
FixedMinimumAggregation:0.19555555555555557
AverageAggregationTest:0.19333333333333333
AggregationImplModule:0.19
MaximumAggregation:0.15666666666666668
AverageAggregation:0.15666666666666668
MinimumAggregation:0.15666666666666668
SizeEstimatorFactory:0.1
