ObjectKeys:0.6283333333333334
Constants:0.4666666666666667
GwtServerHelper:0.31
AbstractBinderProcessor:0.2733333333333333
TreeDisplayVertical:0.24666666666666667
EntityIndexUtils:0.22333333333333333
GwtViewHelper:0.21
