EmbedClient:0.4866666666666667
EmbedClientGUI:0.37333333333333335
EmbedGUI:0.3233888888888889
