TypeAliasRegistry:0.8366666666666667
Ibatis2Configuration:0.39
TypeAliasRegistryTest:0.07666666666666666
