XSDType:0.52
XSDNativeTypeTest:0.27
XSDTypeRestriction:0.26666666666666666
AbstractXSDType:0.24666666666666667
AnyURI:0.23333333333333334
XSDTypesHandler:0.20666666666666667
XSDTypesHandlerTest:0.20333333333333334
XSDTypeListTest:0.15333333333333332
XSDTypeList:0.10666666666666667
