ExecutorDAO:0.8
ExecutorDAOHibernateImpl:0.49666666666666665
TableViewSetupFormAction:0.39
SubordinateRecursiveFunction:0.07666666666666666
