JFXColorPickerSkin:0.42333333333333334
JFXCustomColorPickerDialog:0.38
JFXColorPalette:0.33666666666666667
