HighlighterSearchTests:0.3233333333333333
SimpleQueryTests:0.30333333333333334
IgnoreIndicesTests:0.25666666666666665
AnalyzeActionTests:0.24333333333333335
SimpleIndexStatsTests:0.24
ExplainActionTests:0.16333333333333333
SimpleRoutingTests:0.16333333333333333
AwarenessAllocationTests:0.14333333333333334
SearchPreferenceTests:0.13
SearchSourceCompressTests:0.13
MinimumMasterNodesTests:0.11
FullRollingRestartTests:0.09
NoMasterNodeTests:0.09
