AbstractSamlObjectBuilder:0.7669444444444444
SamlCompliantUniqueTicketIdGenerator:0.38333333333333336
