EnterProjectNamePage:0.5155555555555555
JoinSessionWizard:0.28
AdvancedPreferencePage:0.23
ShowDescriptionPage:0.18333333333333332
PreferenceConstants:0.12111111111111111
