ItemTransformer:0.6466666666666666
OutputSourceItemProcessor:0.5566666666666666
OutputSourceItemProcessorTests:0.33
TransformerOutputSourceItemProcessor:0.10333333333333333
TransformerOutputSourceItemProcessorTests:0.03333333333333333
CompositeItemTransformerTests:0.023333333333333334
CompositeItemTransformer:0.0
