HighlightBuilder:0.49333333333333335
AbstractHighlighterBuilder:0.41
HighlightBuilderTests:0.32
HighlightPhase:0.18666666666666668
