RoutingNodes:0.5433333333333333
UnassignedShards:0.33
MoveAllocationCommand:0.2708333333333333
CancelAllocationCommand:0.2569444444444445
AllocationService:0.24
PriorityComparatorTests:0.19
Balancer:0.18333333333333332
