Tree:0.8633333333333333
TreeNode:0.37666666666666665
DojoModels:0.33666666666666667
DojoTagLibrary:0.14333333333333334
