Matrix:0.6233333333333333
Focus:0.39
Corpus:0.2833333333333333
PartitionFocus:0.21
Vector:0.20666666666666667
SpecificitesResult:0.19333333333333333
CLTImpl:0.18
Specificites:0.17777777777777778
MatrixImpl:0.16666666666666666
