Tester:0.8133333333333334
Code:0.49222222222222217
