SnapshotsStatusResponse:0.31666666666666665
GetSnapshotsResponse:0.31666666666666665
CreateSnapshotResponse:0.31666666666666665
RestoreSnapshotResponse:0.31666666666666665
