SqlTemplate:0.6006111111111111
DerbyDbDialect:0.45
DerbyFunctions:0.31333333333333335
