SEMLibrary:0.6797222222222223
BuiltinManager:0.5528888888888889
