RrdStrategy:0.449484126984127
RrdUtils:0.425
QueuingRrdStrategy:0.3566666666666667
JRobinRrdStrategy:0.24333333333333335
JniRrdStrategy:0.16
