IfRegion:0.59
AbstractRegion:0.41777777777777775
ProcessTryCatchRegions:0.36333333333333334
