ClientTxnMapProxy:0.5763333333333334
TransactionalMapProxy:0.5633333333333334
