OrcMetadataReader:0.4033333333333333
StringStatistics:0.3566666666666667
TestOrcMetadataReader:0.33666666666666667
DwrfMetadataReader:0.32666666666666666
