EmbeddedFileUtils:0.65
BotTaskUtils:0.4033333333333333
DocxHandlerCellEditorProvider:0.23333333333333334
