Model:0.6966666666666667
ERDesignerComponent:0.39
DependencyInfo:0.31
ERDesignerGraphModelListener:0.1311111111111111
