LFWDataSetIterator:0.6333333333333333
DataSetIteratorTest:0.44333333333333336
FlowIterationListenerTest:0.265
