HTMLEmailPublisher:0.6138888888888889
HTMLEmailPublisherTest:0.4166666666666667
