PropertyDate:0.8166666666666667
DateBean:0.27
SwitchCalendar:0.22
PIT:0.16777777777777778
