NestedResultSetHandler:0.4633333333333333
Comment:0.2733333333333333
Blog:0.2733333333333333
Post:0.26666666666666666
