Application:0.9216666666666666
AndroidApplication:0.4166666666666667
JoglApplication:0.31
