WebSocketProcessor:0.86
JSR356Endpoint:0.32
Grizzly2WebSocketApplication:0.24333333333333335
JBossWebSocketHandler:0.23666666666666666
GlassFishWebSocketHandler:0.23666666666666666
DefaultWebSocketProcessor:0.20666666666666667
TomcatWebSocketUtil:0.19
Jetty9AsyncSupportWithWebSocket:0.14333333333333334
JettyWebSocketUtil:0.14
