BodyDeclaration:0.5
ObjectiveCImplementationGeneratorTest:0.33666666666666667
ObjectiveCImplementationGenerator:0.33666666666666667
FunctionizerTest:0.27
SynchronizedStatement:0.26
TranslationProcessor:0.25
Functionizer:0.25
OcniExtractor:0.21000000000000002
ObjectiveCSourceFileGenerator:0.19666666666666666
