TableEditorView:0.5566666666666666
ClasspathEditorView:0.29
DomainEditorView:0.2866666666666667
MyMouseHandler:0.18
SQLEditorView:0.17666666666666667
