Gedcom:0.61
GedcomReader:0.53
Workbench:0.28
MeteredInputStream:0.25333333333333335
EntityWriter:0.19
GedcomReadWriteTest:0.17666666666666667
GedcomWriter:0.17666666666666667
GedcomEncodingSniffer:0.15666666666666668
GraphInvariantTest:0.12333333333333334
TogglePrivate:0.08333333333333333
GedcomReaderFactory:0.04666666666666667
GedcomReaderContext:0.03666666666666667
PasswordContext:0.006666666666666667
