QueryPartInternal:0.6775396825396826
Query:0.6686666666666666
Util:0.5566666666666666
AbstractQueryPart:0.3566666666666667
