Info:0.44333333333333336
SelfRegister:0.3933333333333333
