TreeItemTester:0.5502222222222222
TreeItemTest:0.51
GetBoundsTest:0.3566666666666667
