ItemOrientedStepTests:0.41333333333333333
AbstractStep:0.39666666666666667
StepExecutionTests:0.37333333333333335
AbstractStepTests:0.21333333333333335
