SamlRegisteredService:0.7666666666666667
SamlRegisteredServiceServiceProviderMetadataFacade:0.37666666666666665
NeverExpiresExpirationPolicy:0.25333333333333335
SamlProfileSamlAttributeStatementBuilder:0.19
SamlProfileSamlNameIdBuilder:0.15666666666666668
JpaServiceRegistryDaoImplTests:0.06666666666666667
