WriterProjector:0.731111111111111
CopyIntegrationTest:0.35333333333333333
WriterProjectorTest:0.02666666666666667
