ServiceLoaderGenerator:0.5172222222222222
RobolectricProcessor:0.4216666666666667
ShadowProviderGenerator:0.2780952380952381
