FilePathUtil:0.5633333333333334
FileRepositorySession:0.45666666666666667
