IStructuredbInstanceManager:0.5733333333333334
DBMolecule:0.44
User:0.42333333333333334
BaseObject:0.31333333333333335
TextAnnotation:0.2966666666666667
Annotation:0.2733333333333333
IAnnotationDao:0.26111111111111107
StructuredbInstanceManager:0.25888888888888884
StructuredbManager:0.25
StructuredbManagerTest:0.24333333333333335
StructuredbInstanceManagerTest:0.22333333333333333
Property:0.2111111111111111
GenericDaoTest:0.19166666666666668
ChoiceAnnotation:0.19
Database:0.18
RealNumberAnnotation:0.18
IStructuredbManager:0.17587301587301588
DBMoleculeDaoTest:0.16666666666666666
LabelTest:0.11
AnnotationDaoTest:0.09666666666666666
DBMoleculeTest:0.05333333333333334
ChoiceAnnotationDaoTest:0.04583333333333333
AllPersistencyTestsSuite:0.0
AllDomainTestsSuite:0.0
PropertyChoice:0.0
