SharingPermission:0.5466666666666666
ResourceUtil:0.47333333333333333
AbstractResource:0.38
AdminResourceUtil:0.23666666666666666
