LruCache:0.6783333333333333
App:0.5466666666666666
