Latex2UnicodeParser:0.4866666666666667
Qedeq2UnicodeVisitor:0.47333333333333333
LatexTextParser:0.38666666666666666
DynamicDirectInterpreter:0.3333333333333333
DefaultInternalKernelServices:0.25
Qedeq2Utf8Executor:0.12444444444444445
Qedeq2UnicodeTextExecutor:0.12444444444444445
Element2Utf8Impl:0.10333333333333333
Latex2UnicodeSpecials:0.09111111111111111
Qedeq2UnicodeTextPlugin:0.07777777777777778
Qedeq2Utf8Plugin:0.07777777777777778
ReferenceFinder:0.006666666666666667
