Color:0.42333333333333334
ColorTest:0.3933333333333333
CustomerTest:0.31333333333333335
CharacteristicThing:0.27
