DateFieldMapper:0.5633333333333334
SimpleQueryTests:0.44333333333333336
IndexQueryParserFilterCachingTests:0.2966666666666667
RangeFilterParser:0.12333333333333334
