TicketGrantingTicket:0.6866666666666666
LogoutManagerImpl:0.3466666666666667
DefaultTicketRegistry:0.29333333333333333
TicketGrantingTicketDelegator:0.25333333333333335
MockTgt:0.25333333333333335
ServiceTicketImpl:0.23666666666666666
CouchbaseTicketRegistry:0.22333333333333333
HazelcastTicketRegistry:0.18333333333333332
TicketGrantingTicketImpl:0.18166666666666667
MemCacheTicketRegistry:0.17
TestDistributedTicketRegistry:0.16333333333333333
IgniteTicketRegistry:0.16
EhCacheTicketRegistry:0.14333333333333334
MockTicketGrantingTicket:0.1409920634920635
InfinispanTicketRegistry:0.13
JpaTicketRegistry:0.12
TicketRegistryDecorator:0.09333333333333334
AbstractTicketRegistry:0.03666666666666667
