Multiplicity:0.6
Materialisation:0.4
TestMaterialisation:0.26666666666666666
Equation:0.2633333333333333
Solution:0.23
EquationSystem:0.15083333333333335
