OpenInviteInterface:0.3333333333333333
LeaveSessionAction:0.26666666666666666
InviteAction:0.2633333333333333
ConnectDisconnectAction:0.23666666666666666
RemoveAllDriverRoleAction:0.2
JumpToDriverPositionAction:0.19666666666666666
FollowModeAction:0.19666666666666666
SkypeAction:0.17
NewContactAction:0.15
GiveDriverRoleAction:0.10666666666666667
NewAccountAction:0.10666666666666667
ConsistencyAction:0.10666666666666667
RemoveDriverRoleAction:0.10666666666666667
DeleteContactAction:0.10666666666666667
GiveExclusiveDriverRoleAction:0.10666666666666667
NewSessionAction:0.10333333333333333
RenameContactAction:0.06666666666666667
