NioReactor:0.5033333333333333
AppClient:0.47333333333333333
TcpLoggingClient:0.27111111111111114
ReactorTest:0.21333333333333335
UdpLoggingClient:0.17444444444444446
