Mango:0.5366666666666666
WorkerControl:0.4266666666666667
Workstation:0.4166666666666667
Hitem:0.33666666666666667
Worker:0.2633333333333333
CoreRuleBase:0.25
WorkstationWindow:0.22666666666666666
LoopDefinitionManager:0.21333333333333335
StartRequestMsg:0.19
InitSessionMsg:0.14444444444444443
MangoModelUtilities:0.13666666666666666
LibraryDeleteAction:0.11333333333333333
SourceCodeDeleteAction:0.11333333333333333
EventLoopCmd:0.056666666666666664
EventLoopTrap:0.055
MangoScriptMessageCellRenderer:0.03
IconIndex:0.0
