JsonEntityField:0.45
LangTest:0.2833333333333333
ObjConvertImpl:0.25
JsonEntityTest:0.18
JsonEntityFieldMakerImpl:0.17022222222222222
