Matrix:0.76
AbstractSocketHandler:0.5433333333333333
MatrixTask:0.3566666666666667
MatrixRunner:0.05
