SearchContext:0.6683333333333333
SearchSourceBuilder:0.48333333333333334
TestSearchContext:0.3433333333333333
FilteredSearchContext:0.3433333333333333
SubSearchContext:0.29
Lucene:0.2633333333333333
SearchRequestBuilder:0.23333333333333334
SearchService:0.23
SearchPhaseController:0.21333333333333335
SearchModule:0.21
DefaultSearchContext:0.20333333333333334
RandomSearchRequestGenerator:0.13333333333333333
DocValueFieldsFetchSubPhase:0.02666666666666667
