WebKeys:0.5910000000000001
PresenceInfoTag:0.5366666666666666
ShowUser:0.4033333333333333
