Renderer2D:0.8066666666666666
Renderer2DTest:0.25333333333333335
