CompleteSTS:0.6533333333333333
CompleteSTSTest:0.3433333333333333
OnTheFlySTSTest:0.21666666666666667
STSTest:0.14333333333333334
