AudioDevice:0.8666666666666667
AndroidAudioDevice:0.35333333333333333
JavaSoundAudioDevice:0.31
AngleAudioDevice:0.20666666666666667
