ClassDescriptor:0.57
TypeDescriptor:0.5433333333333333
SymbolTable:0.30333333333333334
TypeChecker:0.26666666666666666
