JavaInstance:0.63
MethodType:0.37666666666666665
MethodHandle:0.21333333333333335
JavaTypeTest:0.20333333333333334
FixedValue:0.19333333333333333
AbstractMethodDescription:0.18333333333333332
ForJavaInstance:0.15
