RegistrationService:0.5833333333333334
OutgoingBatchService:0.4666666666666667
IOutgoingBatchService:0.43333333333333335
