UnitManager:0.6461111111111111
MspCollection:0.6083333333333333
