MultiLayerNetwork:0.5733333333333334
OutputLayer:0.55
BackPropMLPTest:0.31333333333333335
