HTMLTableElementTest:0.31666666666666665
HTMLTableCellElementTest:0.30333333333333334
HTMLTableRowElementTest:0.23333333333333334
HTMLTableSectionElementTest:0.23333333333333334
HTMLTableColElementTest:0.22333333333333333
HTMLTableCaptionElementTest:0.18
