UpdateQueryImpl:0.445
InsertQueryImpl:0.32666666666666666
AbstractStoreQuery:0.32666666666666666
