IHelloService:0.5336785714285714
MockInvoker:0.3466666666666667
AbstractClusterInvoker:0.27666666666666667
IHelloServiceMock:0.22
AbstractClusterInvokerTest:0.20666666666666667
HelloService:0.14
