InsertFromSubQueryConsumer:0.801
InsertIntoIntegrationTest:0.6216666666666667
Visitor:0.32999999999999996
