Grammar:0.45
Rule:0.4033333333333333
AttributeResolver:0.3441111111111111
CollectSymbols:0.3233333333333333
Alternative:0.28
SymbolChecks:0.24
AttributeChecks:0.22483333333333333
ScopeParser:0.21138888888888888
DFA1:0.18333333333333332
SemanticPipeline:0.13
