DataFrameHandler:0.43666666666666665
DriverConnectedSubscription:0.43333333333333335
MediaConductor:0.37
MediaDriverContext:0.31666666666666665
LossHandlerTest:0.30666666666666664
TermBufferManager:0.25
NewConnectedSubscriptionCmd:0.22666666666666666
ReceiverTest:0.22166666666666668
DriverSubscription:0.21
Receiver:0.18333333333333332
LossHandler:0.16333333333333333
MediaConductorTest:0.16333333333333333
ReceiverProxy:0.15833333333333333
CreateConnectedSubscriptionCmd:0.13666666666666666
MediaConductorProxy:0.12
AddSubscriptionCmd:0.11666666666666667
RemoveSubscriptionCmd:0.11666666666666667
ClientProxy:0.11666666666666667
