Options:0.6633333333333333
J2ObjC:0.4266666666666667
Import:0.27666666666666667
