ShadowContentResolver:0.7133333333333334
ShadowContentResolverTest:0.5166666666666667
ShadowMessageTest:0.36666666666666664
ShadowBundleTest:0.21333333333333335
