AIUnit:0.6966666666666667
AIPlayer:0.43
IndianDemandMission:0.20666666666666667
TransportMissionTest:0.13666666666666666
PrivateerMissionTest:0.12
