X3DPointLight:0.42333333333333334
X3DSpotLight:0.4066666666666667
X3DDirectionalLight:0.39666666666666667
_Field:0.17333333333333334
Attributes:0.0
