MetadataEntityManagerImpl:0.6797222222222223
DataIntegrityService:0.4238888888888889
