Metadata:0.7013333333333334
ConnectorMetadata:0.6089722222222222
MetadataManager:0.38333333333333336
LocalExecutionPlanner:0.27
TableCommitter:0.23441666666666672
TableCommitOperator:0.23
