Person:0.7666666666666667
LdapUserDetailsManager:0.17333333333333334
