PseudoEpsgFactory:0.643888888888889
TestCase:0.41333333333333333
