MapProxyImpl:0.5666666666666667
MapProxySupport:0.44
TestEventBasedMapStore:0.325
MapStoreTest:0.25333333333333335
