MethodNode:0.37666666666666665
TypedVar:0.37333333333333335
RegionMaker:0.31333333333333335
InstructionRemover:0.28
SynchronizedRegion:0.25666666666666665
ArgsInfo:0.22666666666666666
RegionGen:0.18666666666666668
Jadx:0.13777777777777778
RegionMakerVisitor:0.13333333333333333
