QueryIndexEditor:0.44666666666666666
QueryIndexEditorInput:0.37666666666666665
CorporaView:0.32
LineLabelProvider:0.3055555555555556
IImageKeys:0.2061111111111111
DeleteObject:0.19333333333333333
ComputeLexicalTable:0.17
ExportResult:0.15333333333333332
ComputeQueryIndex:0.10277777777777776
AdapterFactory:0.09666666666666666
NamedAssistedQueryWidget:0.07611111111111112
QueryIndexToLexicalTable:0.03783333333333333
LineContentProvider:0.02666666666666667
