BatchBuildGUI:0.5833333333333334
BatchIngestGUI:0.49333333333333335
