ReferentialIntegrityException:0.5866666666666667
LdapDaoITest:0.31333333333333335
ReferencedEntryEditor:0.31
LdapTypeConverterTest:0.23333333333333334
SomeEntityWithGenericCollection:0.18666666666666668
ReferencedEntryEditorTest:0.15
LdapDaoImpl:0.14666666666666667
ReferencedEntryEditorFactory:0.14
GenericsTest:0.006666666666666667
