Model:0.7033333333333334
PropertyTableModel:0.6433333333333333
ParentsBean:0.24
AbstractPropertyTableModel:0.22666666666666666
ChildrenBean:0.16666666666666666
ParentsOfChild:0.12666666666666668
ParentsInFamily:0.12666666666666668
