DisplayWizardPage:0.54
ElucidateWizard:0.3566666666666667
SpectrumTypeWizardPage:0.2866666666666667
ElucidateAction:0.2866666666666667
SubmitWizard:0.18666666666666668
