ConnectionJDBC2:0.4666666666666667
Driver:0.3983333333333333
DefaultProperties:0.31666666666666665
JtdsDataSource:0.2966666666666667
XASupport:0.26
JtdsXid:0.17666666666666667
JtdsObjectFactory:0.16
