MockMvcRequestSpecification:0.6902777777777778
MockMvcRequestSpecificationImpl:0.6116666666666667
MockMvcRequestSender:0.55
RestAssuredMockMvc:0.2733333333333333
