SeriesBean:0.43
MPPSScpService:0.4033333333333333
MPPSManagerBean:0.3233333333333333
ContentEditService:0.31333333333333335
