NetworkUtils:0.71
JPPFMulticastReceiver:0.2866666666666667
PeerDiscoveryThread:0.2866666666666667
InetAddressFilter:0.2833928571428571
JPPFBroadcaster:0.25
