CmpRevokeResponseMessage:0.505
AuthenticationModulesTest:0.4766666666666667
RevocationMessageHandler:0.36333333333333334
CmpMessageDispatcherSessionBean:0.22
