TestRun:0.6133333333333333
DSView:0.42333333333333334
DSViewLabelProvider:0.19055555555555556
BaseDSPropertyCalculator:0.18388888888888888
DSConsensusCalculator:0.14666666666666667
TestRunPropertySource:0.12666666666666668
