Iterator:0.4033333333333333
Stream:0.39666666666666667
Array:0.3333333333333333
List:0.3333333333333333
Vector:0.27666666666666667
