CompoundTransaction:0.5377777777777778
AnnotationEditor:0.52
DefaultNameAdapter:0.38666666666666666
