Version:0.5566666666666666
TestSysNodesExpressions:0.55
TestModule:0.33666666666666667
SysNodeExpressionModule:0.18333333333333332
