TestQueries:0.535
LongVarianceAggregation:0.5233333333333333
FunctionRegistry:0.2866666666666667
TestLongVarianceAggregation:0.25333333333333335
