TwilightFilter:0.5133333333333333
AnalysisFilter:0.4033333333333333
