DashboardHelper:0.8333333333333334
WebKeys:0.4997222222222222
ListFolderController:0.31333333333333335
WorkspaceTreeController:0.24666666666666667
ViewController:0.21333333333333335
