LogFileTailerListener:0.7572380952380953
LogFileTailer:0.66
Debug1:0.28
Debug:0.21666666666666667
