DrawableFeatureSet:0.45
FeatureView:0.37
ApolloPanel:0.3616666666666667
FeatureSet:0.34955555555555556
AnnotationView:0.32666666666666666
AnnotationMenu:0.22666666666666666
