AbstractScpService:0.37666666666666665
PPSScp:0.3337777777777778
StoreScp:0.28
FindScp:0.2633333333333333
MPPSScp:0.21
