BoundedLocalCache:0.56
Caffeine:0.4266666666666667
PageReplacement:0.2983333333333333
LocalCacheFactoryGenerator:0.26666666666666666
IsCacheReserializable:0.21666666666666667
LocalCacheGenerator:0.17
CacheSelectorCode:0.12111111111111111
EntryIterator:0.12
Specifications:0.013333333333333334
