State:0.7009444444444445
InjectorBuilder:0.32
InjectorImpl:0.29333333333333333
JustInTime:0.24666666666666667
InheritingState:0.23666666666666666
BindingProcessor:0.23222222222222225
InjectorTest:0.22666666666666666
