Bond:0.47333333333333333
GeometryTools:0.41333333333333333
Renderer2D:0.31666666666666665
GeometryToolsTest:0.2833333333333333
BondTest:0.25333333333333335
CDKTests:0.17666666666666667
