RegionUtils:0.6766666666666666
RegionMaker:0.32
RegionGen:0.26666666666666666
