FunctionRegistry:0.39
Metadata:0.3495
BootstrapFunctionBinder:0.23
ExpressionCompiler:0.21666666666666667
ByteCodeGeneratorContext:0.21
CastCodeGenerator:0.19527777777777777
MetadataManager:0.19333333333333333
NullIfCodeGenerator:0.19
ByteCodeExpressionVisitor:0.17666666666666667
