Flyway:0.5666666666666667
ClassUtils:0.33666666666666667
AbstractFlywayTask:0.2633333333333333
DriverDataSource:0.24333333333333335
Main:0.22
AbstractFlywayMojo:0.16333333333333333
CompositeMigrationResolverSmallTest:0.13333333333333333
FlywaySmallTest:0.08666666666666667
