CommandData:0.67
CommandAsyncService:0.3333333333333333
CommandDecoder:0.26666666666666666
