GraphInfo:0.44
QualName:0.37333333333333335
SystemStore:0.36333333333333334
DefaultFileSystemStore:0.295
LayoutIO:0.26361111111111113
SimulatorAction:0.18333333333333332
AbstractJaxbGxlIO:0.16666666666666666
Transform:0.16444444444444445
EditRulePropertiesAction:0.11
LoadGrammarAction:0.09666666666666666
