DefaultAccess:0.595
ObjectInfoAsXML:0.5077777777777777
ProfileSerializerThread:0.19666666666666666
