OCSPCAService:0.4633333333333333
CmsCAService:0.32
XKMSCAService:0.32
HardTokenEncryptCAService:0.2488888888888889
KeyRecoveryCAService:0.2488888888888889
