Name:0.49333333333333335
GrammarProperties:0.2966666666666667
Variable:0.29333333333333333
DefaultGraphNextState:0.27666666666666667
MyNodeCert:0.2633333333333333
LayoutIO:0.24666666666666667
Derivation:0.23666666666666666
JAttr:0.2305555555555555
ReteSimpleMatch:0.22666666666666666
Tuple:0.22666666666666666
SmallCollection:0.21916666666666668
ExploreResult:0.21916666666666668
GxlToType:0.21666666666666667
ConfigDialog:0.21333333333333335
SimulatorModel:0.21166666666666667
QuantifierCountChecker:0.2088888888888889
EdgeCheckerNode:0.20666666666666667
IsoChecker:0.205
GrammarVisitor:0.20333333333333334
GrooveEnvironment:0.20166666666666666
MyEdgeRenderer:0.19666666666666666
CollectionOfCollections:0.19666666666666666
TextTab:0.19
GraphTab:0.18333333333333332
ValueNodeChecker:0.17333333333333334
Gate:0.16183333333333333
SwitchRelation:0.16183333333333333
Location:0.16183333333333333
DeleteAction:0.159
SelectionListener:0.14666666666666667
MyValueNodeCert:0.14333333333333334
RuleTuple:0.14
GraphManager:0.13666666666666666
GrooveResource:0.13666666666666666
EdgeComparator:0.13666666666666666
EcoreResource:0.13666666666666666
Container:0.13333333333333333
DefaultHostEdge:0.095
