Robolectric:0.6866666666666666
ResourceLoader:0.3233333333333333
ImageViewTest:0.2733333333333333
drawable:0.2720555555555556
ContextTest:0.2
ShadowImageView:0.17666666666666667
