SubstitutionServiceBean:0.6783333333333333
SubstitutionCacheImpl:0.5666666666666667
