TpchMetadata:0.5266666666666666
AbstractTestQueries:0.49888888888888894
TpchQueryRunner:0.22666666666666666
TpchConnectorFactory:0.17
