IncomingInvitationProcessStub:0.31666666666666665
SmackFileTransferTest:0.30522222222222223
ServerSynchronizedDocument:0.25
JupiterSimulater:0.2
UserListExtensionTest:0.19666666666666666
AllTests:0.14333333333333334
ResourceHelper:0.14
