DBCollection:0.55
DBGeneralOldTests:0.28
CollectionAcceptanceTest:0.26
MongoNamespace:0.24666666666666667
CollectionAdmin:0.21661111111111112
CollectionAdminImpl:0.16
DatabaseAdmin:0.15833333333333333
DatabaseAcceptanceTest:0.15
RenameCollection:0.15
DatabaseAdminImpl:0.06333333333333334
