GracePeriodTest:0.674888888888889
Stop:0.5366666666666666
