XContentBuilder:0.65
Fields:0.461111111111111
OsInfo:0.24111111111111114
ProcessInfo:0.24111111111111114
NetworkInfo:0.20777777777777778
JvmInfo:0.20583333333333334
