GuiceFilter:0.51
InternalServletModule:0.44333333333333336
GuiceServletContextListener:0.31666666666666665
BackwardsCompatibleServletContextProvider:0.26
