LangUtils:0.5833333333333334
ExtractGmlTest:0.37333333333333335
DataManager:0.36
TransformationTestSupport:0.29
ContactsStrategy:0.2733333333333333
ExtentsStrategy:0.21333333333333335
SpatialIndexWriterTest:0.17
ExtractGeometriesTest:0.14
Update:0.11333333333333333
Get:0.09333333333333334
CovertLocalisedURL:0.07666666666666666
