AbstractEntityManagerImpl:0.5933333333333334
EntityManagerImpl:0.3975
QueryTest:0.26666666666666666
ManipulationCriteriaTest:0.17333333333333334
