Stats:0.49666666666666665
ServerMainModule:0.38333333333333336
FailureDetector:0.3098174603174604
HeartbeatFailureDetector:0.30666666666666664
NoOpFailureDetector:0.15
