Reprap:0.5333333333333333
GenericExtruder:0.4266666666666667
Preferences:0.25
Main:0.2
