Food:0.48333333333333334
Settlement:0.4766666666666667
PersonConfig:0.45166666666666666
Person:0.45
PhysicalCondition:0.38666666666666666
BuildingManager:0.385
PreparingDessert:0.3333333333333333
BuildingConfig:0.2866666666666667
Cooking:0.24666666666666667
Building:0.24277777777777776
PrepareDessert:0.23666666666666666
CookedMeal:0.23
EatMeal:0.20476190476190476
TabPanelBuildings:0.19
CookMeal:0.185
BuildingPanel:0.17666666666666667
EatDessert:0.16666666666666666
BuildingPanelCooking:0.15666666666666668
CookMealMeta:0.14333333333333334
PopUpBuildingMenu:0.14333333333333334
ComponentMover:0.13333333333333333
MetaTaskUtil:0.11
FoodUtil:0.10666666666666667
BuildingPanelPreparingDessert:0.07527777777777778
EatDessertMeta:0.05944444444444444
Chef:0.03333333333333333
PrepareDessertMeta:0.023333333333333334
PreparedDessert:0.0033333333333333335
ProduceFoodItems:0.0
