Members:0.6533333333333333
ProblemReporter:0.4622222222222223
Resolver:0.3233333333333333
