BinderProcessor:0.6766666666666666
ProfileDao:0.6633333333333333
CoreDao:0.5666666666666667
BinderModuleImpl:0.2966666666666667
AbstractEntryProcessor:0.28
AbstractBinderProcessor:0.24666666666666667
ProfileDaoImpl:0.23333333333333334
BinderToIndexQueue:0.21333333333333335
AbstractAdminModule:0.21
DefaultProfileCoreProcessor:0.19333333333333333
AbstractFolderCoreProcessor:0.18333333333333332
IndexHelper:0.043333333333333335
