AgricolaFetcher:0.6866666666666666
Fetch:0.5266666666666666
MedlineMap:0.38333333333333336
TestAgricolaFetcher:0.15333333333333332
