CountContext:0.31333333333333335
ThreadPools:0.29333333333333333
InternalCountOperation:0.26
MergePartialCountFunction:0.2061111111111111
