IndexUpdater:0.4166666666666667
TC_IndexUpdater:0.4033333333333333
