CustomListenerAdapterUtils:0.6966666666666667
OsgiServiceRegistrationListenerAdapter:0.37666666666666665
