AdminModule:0.6633333333333333
BinderHelper:0.6133333333333333
WebKeys:0.5040555555555557
ViewEntryController:0.31777777777777777
EntryVersionController:0.16
EntryWorkflowHistoryController:0.16
AbstractAdminModule:0.10333333333333333
