BinaryJedis:0.6
PipelineBase:0.38666666666666666
PipeliningTest:0.28
BuilderFactory:0.22872222222222216
ScriptingCommandsTest:0.21
MultiKeyPipelineBase:0.14333333333333334
