LocationState:0.7466666666666667
Unit:0.43666666666666665
Settlement:0.39
OutsideOnMars:0.3233333333333333
SettlementVicinity:0.3233333333333333
InsideBuilding:0.3233333333333333
InsideVehicle:0.3233333333333333
OnAPerson:0.30666666666666664
MainScene:0.22
ChatBox:0.21666666666666667
InsideSettlement:0.17666666666666667
