VintageTestEngineExecutionTests:0.41
ExceptionThrowingRunner:0.3566666666666667
Successful:0.3138888888888889
LogRecordListener:0.2633333333333333
NestedClass:0.18666666666666668
VintageTestDescriptor:0.15
RunnerTestDescriptor:0.13333333333333333
ExcludeDescriptionFilter:0.07
