PackageList:0.5133333333333333
LWJGLClasspathContainerInitializer:0.22666666666666666
BuildPathSupport:0.22166666666666668
LibraryPathUtil:0.19166666666666668
LWJGLClasspathContainerPage:0.18666666666666668
FpsStatusLineItem:0.13333333333333333
OSNotSupportedException:0.07100000000000001
Activator:0.06666666666666667
NormalizeVersion:0.05
LWJGLInfoView:0.04
LWJGLTestView:0.03666666666666667
NormalizeVersionTest:0.0044444444444444444
