MakumbaJspAnalyzer:0.6533333333333333
QueryTag:0.4866666666666667
IfTag:0.25666666666666665
QueryExecution:0.24333333333333335
JSPRelationMiner:0.22
