ITaskHandler:0.8133333333333334
MultitaskBotRunner:0.37
WorkflowBot:0.2733333333333333
CancelCurrentProcessTaskHandler:0.20623809523809525
Condition:0.12666666666666668
WorkflowBotInvoker:0.12333333333333334
CommonHandler:0.11333333333333333
TaskHandlerClassesInformation:0.11333333333333333
MSWordReportTaskHandler:0.11333333333333333
AssignerSettings:0.10322222222222222
AdvancedSwimlaneAssignerTaskHandler:0.056666666666666664
CancelProcessTaskHandler:0.043333333333333335
CancelOldProcesses:0.043333333333333335
TaskHandlerBase:0.0
