MethodDefinition:0.6733333333333333
ClassDefinition:0.5366666666666666
JoinProbeCompiler:0.17333333333333334
TestSetFieldByteCodeExpression:0.16666666666666666
JoinCompiler:0.16
AccumulatorCompiler:0.13666666666666666
PageProcessorCompiler:0.13
CursorProcessorCompiler:0.11333333333333333
OrderingCompiler:0.10333333333333333
TestSetVariableByteCodeExpression:0.08333333333333333
ByteCodeExpressionAssertions:0.07333333333333333
Reflection:0.03
