ActionFileExit:0.5333333333333333
ActionNetworkLeave:0.5333333333333333
ActionHostResetCatcher:0.5333333333333333
