SnackBar:0.5966666666666667
SnackBarFragment:0.43666666666666665
LineMorphingDrawable:0.2633333333333333
NavigationDrawerDrawable:0.24666666666666667
ButtonFragment:0.22666666666666666
TimePickerLayout:0.22333333333333333
ToolbarManager:0.21
PagerAdapter:0.16666666666666666
OnToolbarGroupChangedListener:0.16166666666666665
