IndexDatabase:0.7394444444444445
SearchTest:0.4033333333333333
