AndPredicate:0.4533333333333333
OrResultSet:0.375
It:0.32666666666666666
AndResultSet:0.2866666666666667
OrResultSetTest:0.18333333333333332
