Bezier:0.5566666666666666
BSpline:0.3566666666666667
CatmullRomSpline:0.29
PathTest:0.18666666666666668
