QuickFix:0.8916666666666667
ModelError:0.37666666666666665
ErrorRenderer:0.33
ModelCheckEditorView:0.32666666666666666
ModelCheckEditor:0.23
ForeignKeyWithoutIndexCheck:0.19666666666666666
CreateIndexForRelationQuickFix:0.03666666666666667
StatementRenderer:0.03
ERDesignerBundle:0.014285714285714285
