GsonJsonProviderTest:0.36666666666666664
JsonReader:0.33
ReadContext:0.22166666666666668
PathCompiler:0.14
GsonMappingProvider:0.13
IssuesTest:0.13
JacksonMappingProvider:0.09666666666666666
JsonSmartMappingProvider:0.09333333333333334
Gen:0.08166666666666667
JacksonTreeJsonProviderTest:0.056666666666666664
FooBarBaz:0.0515
TestClazz:0.006666666666666667
MappingProvider:0.0
