StepFactory:0.5633333333333334
TypeChecker:0.48333333333333334
TemplateTester:0.2866666666666667
