BinaryChannel:0.5333333333333333
Socks5Transport:0.3333333333333333
DataTransferManager:0.2866666666666667
ReceiverThread:0.245
BytestreamTransport:0.19666666666666666
BinaryChannelConnection:0.12777777777777777
ConnectionSessionManager:0.1
