ControllerTest:0.31333333333333335
FingerprinterTest:0.22666666666666666
HueckelAromaticityDetectorTest:0.19333333333333333
EquivalentClassesDeterministicGeneratorTest:0.18333333333333332
IsomorphismTesterTest:0.15666666666666668
AllRingsFinderTest:0.13
StructureDiagramGeneratorTest:0.12
DrawPolygonTest:0.11666666666666667
GaussiansCalculationTest:0.09888888888888889
TableTest:0.09888888888888889
ConnectivityCheckerTest:0.09666666666666666
MorganNumberToolsTest:0.09
