AbstractTestQueries:0.5
JoinNode:0.30666666666666664
TupleAnalyzer:0.2683333333333333
Visitor:0.26666666666666666
Rewriter:0.23
LocalExecutionPlanner:0.09666666666666666
