DBRecord:0.6133333333333333
DBView:0.4666666666666667
ModelView:0.45922222222222225
DBTable:0.36
DBRecordPanel:0.2866666666666667
DBTableModel:0.26
StaticHandler:0.16666666666666666
DBRecordDialog:0.12666666666666668
