Fiber:0.5972222222222223
RingBenchmark:0.39666666666666667
