ThreadList:0.48333333333333334
TestThread:0.315
DefaultSchedulerFactory:0.31333333333333335
KernelState:0.2833333333333333
UIScriptEnvironment:0.24222222222222228
JTextField:0.17666666666666667
InputStreamReader:0.17
TestThreadJPF:0.13333333333333333
