StructuredbManager:0.7933333333333333
IStructuredbManager:0.7138095238095238
StructuredbManagerTest:0.18
