SocketChannelWrapper:0.41002777777777777
ConnectionManager:0.37666666666666665
InOutSelector:0.2733333333333333
SelectorBase:0.255
NetworkConfig:0.21
IOService:0.20833333333333334
NodeIOService:0.20333333333333334
DefaultSocketChannelWrapper:0.10666666666666667
