JVM:0.39666666666666667
Config:0.3333333333333333
TestNonShared:0.32
TestAnnotationPropertiesJPF:0.21
ConstChecker:0.19666666666666666
ConfigChangeListener:0.14772222222222223
VeryPrivate:0.11338888888888889
NonSharedChecker:0.03
