ShadowTextView:0.6733333333333333
id:0.22872222222222216
TextViewTest:0.09666666666666666
layout:0.07333333333333333
string:0.07333333333333333
array:0.0
