AndroidLiveWallpaper:0.6066666666666667
AndroidGraphics:0.5616666666666666
AndroidDaydream:0.33666666666666667
