TestUtil:0.6858333333333333
ArchivingMediaDriver:0.3516666666666667
ArchiveTest:0.3433333333333333
EmbeddedRecordingThroughput:0.325
