SSStatefulJob:0.6072222222222223
DefaultSendEmail:0.37
DefaultFailedEmail:0.2633333333333333
