Session:0.47
ConnectorSession:0.44666666666666666
MetadataManager:0.4
ConnectorMetadataEntry:0.15333333333333332
