DelayedCloseConnection:0.4633333333333333
MonotonicSession:0.38666666666666666
SingleConnectionServerSelectingSession:0.16333333333333333
DefaultServerConnection:0.13333333333333333
SingleConnectionSession:0.11
