Builder:0.46138888888888896
CudnnLSTMHelper:0.29333333333333333
FwdPassReturn:0.08842857142857143
ValidateCudnnLSTM:0.05333333333333334
