RoutingResourceLoader:0.4266666666666667
ResourceExtractor:0.36666666666666664
NullResourceLoader:0.26496825396825396
DialogFragmentTest:0.20666666666666667
OverlayResourceIndex:0.16166666666666665
MergedResourceIndex:0.1321111111111111
OverlayResourceLoader:0.10333333333333333
XResourceLoader:0.04666666666666667
