ValueType:0.7666666666666667
ValueTypeComposer:0.19666666666666666
IncludeTypes:0.18
