Pac4jAuthenticationEventExecutionPlanConfiguration:0.44
DefaultRegisteredServiceAccessStrategy:0.2833333333333333
DefaultRegisteredServiceDelegatedAuthenticationPolicy:0.24144444444444446
Pac4jWebflowConfiguration:0.22
Pac4jDelegatedAuthenticationConfiguration:0.11333333333333333
AuthenticationProperties:0.05333333333333334
