WebSocketProcessor:0.44
Jetty8WebSocket:0.22
JettyWebSocket:0.22
WebSocketException:0.19
SimpleHttpProtocol:0.18666666666666668
WebSocketPubSub:0.15666666666666668
EchoProtocol:0.15666666666666668
WebSocketProtocol:0.09916666666666667
