TestExtensionRegistryTest:0.55
DisabledTestMethodsTestCase:0.49333333333333335
DisabledTests:0.32666666666666666
ConditionEvaluator:0.05333333333333334
SystemPropertyCondition:0.0033333333333333335
