EmailAttachment:0.5966666666666667
InputStreamAttachment:0.10333333333333333
ByteArrayAttachment:0.10333333333333333
FileAttachment:0.06666666666666667
DataSourceAttachment:0.03333333333333333
