JglfwApplication:0.8666666666666667
FilesTest:0.31
JglfwTestStarter:0.19666666666666666
