SeqFeatureI:0.6344444444444445
FeatureSetI:0.6144444444444445
SeqFeature:0.43
FeatureSet:0.42333333333333334
SequenceEdit:0.25333333333333335
