Shape:0.9166666666666666
ShapeState:0.36666666666666664
TestMaterialisation:0.24666666666666667
ShapeStateGenerator:0.13
