EditSuperUserDialog:0.7616666666666667
KeyRingPreferencePage:0.27666666666666667
