TransitionCriteriaChain:0.8266666666666667
TransitionExecutingStateExceptionHandler:0.6433333333333333
