Controller:0.47333333333333333
NodeUtil:0.47
GO:0.36
DefaultEditorKit:0.31
NodeImpl:0.29333333333333333
DefaultTreeModel:0.29
DefaultMenuNameResolver:0.27
RestrictionImpl:0.21916666666666668
GOFlatFileAdapter:0.19
DefaultMenuFactory:0.16666666666666666
GraphTree:0.14
DefaultNodeComparator:0.13333333333333333
DefaultDAMLRenderer:0.12
CoreMenuNameResolver:0.11166666666666666
PropertyEditor:0.09166666666666666
