FileExtractor:0.8333333333333334
FileExtractorRegistry:0.38
CoreServicesActivator:0.24333333333333335
DefaultFileExtractorRegistry:0.19
FileExtractorFactory:0.18366666666666667
FileExtractorRegistryImpl:0.13666666666666666
TestFileExtractorRegistryImpl:0.1
FileExtractorException:0.07666666666666666
TestAll:0.07333333333333333
FileExtractorServiceActivator:0.06666666666666667
TestFileExtractors:0.043333333333333335
TestDefaultFileExtractorRegistry:0.03333333333333333
FileExtractorTestBase:0.01
