AgentConfig:0.606111111111111
AgentService:0.33
AgentParser:0.3233333333333333
