RingBuffer:0.7666666666666667
ManyToOneRingBuffer:0.75
ManyToOneRingBufferTest:0.2966666666666667
