StartProcessTask:0.6166666666666667
StartProcessXmlParser:0.38
StartProcessTaskHandler:0.24666666666666667
