Schema:0.5266666666666666
TransactionTemplate:0.30666666666666664
Table:0.30333333333333334
JdbcUtils:0.27666666666666667
DriverDataSource:0.25333333333333335
PhoenixDbSupport:0.22666666666666666
DB2DbSupport:0.22666666666666666
RedshiftDbSupport:0.22666666666666666
VerticaDbSupport:0.22666666666666666
DbSupport:0.22333333333333333
PostgreSQLDbSupport:0.20666666666666667
MySQLDbSupport:0.20666666666666667
MetaDataTableImpl:0.18333333333333332
MySQLNamedLockTemplate:0.16333333333333333
PostgreSQLAdvisoryLockTemplate:0.16333333333333333
DbSupportFactory:0.14666666666666667
HsqlTable:0.14333333333333334
DbMigrate:0.12666666666666668
