FlyNameAdapter:0.6466666666666666
ApolloNameAdapterI:0.34
DefaultNameAdapter:0.20666666666666667
