Column:0.04826177
TaskTable:0.03394237
Priority:0.027533429
