PanelRenderer:0.2977777777777778
PictureToggleButtonRenderer:0.26
AbstractEditBoxNumericRenderer:0.26
PopUpMenuButtonRenderer:0.24666666666666667
SliderRenderer:0.22666666666666666
CursorOverRenderer:0.22333333333333333
EditBoxNumericBCDRenderer:0.21333333333333335
ScrollListRenderer:0.21333333333333335
EditBoxMultilineRenderer:0.21333333333333335
CursorPosRenderer:0.21333333333333335
PicturePushButtonRenderer:0.21333333333333335
MapVertPanelRenderer:0.20666666666666667
AbstractMapRenderer:0.20666666666666667
MapHorzPanelRenderer:0.20666666666666667
ScrollPanelRenderer:0.20666666666666667
MutuExclRenderer:0.20666666666666667
DefaultConnectorRenderer:0.20666666666666667
MenuBarRenderer:0.20666666666666667
PopUpPanelButtonRenderer:0.20666666666666667
SizeToFitContainerRenderer:0.20666666666666667
MapSourceRenderer:0.19666666666666666
TabbedPanelGroupRenderer:0.16333333333333333
AbstractMapItemListRenderer:0.13333333333333333
RadioBoxRenderer:0.12333333333333334
ShuffleToFitContainerRenderer:0.12333333333333334
BasicContainerRenderer:0.12333333333333334
