ControlCenter:0.34
GedcomTracker:0.25083333333333335
EditViewPlugin:0.20333333333333334
About:0.2
MenuHelper:0.17666666666666667
Open:0.14333333333333334
ExtendContextMenu:0.12666666666666668
ButtonHelper:0.12555555555555556
TrackerPlugin:0.11
ReportViewPlugin:0.10333333333333333
ViewPlugin:0.1
ContextMenuHelper:0.07666666666666666
ExtendGedcomClosed:0.07
ExtendGedcomOpened:0.07
ExtendMenubar:0.06666666666666667
TreeViewPlugin:0.04
ExtendToolbar:0.016666666666666666
EnableDisable:0.01
