FastjsonCodec:0.7516666666666667
AbstractDateDeserializer:0.22166666666666668
BenchmarkTest:0.17
