DownloadSchedulers:0.41
DbUtil:0.39
DownloadTaskQueue:0.3233333333333333
DownloadUtil:0.27
Builder:0.08444444444444445
