ZkclientZookeeperClient:0.38333333333333336
ListenableFuture:0.3487380952380953
CuratorZookeeperClient:0.2733333333333333
ListenableFutureTask:0.27
Assert:0.21666666666666667
AbstractMonitorFactory:0.18333333333333332
ExecutionList:0.13333333333333333
