ChannelMapNodeVisitor:0.5616666666666666
Shader:0.5466666666666666
ShaderVisitor:0.5433333333333333
RGBAShader:0.41333333333333333
ChannelMapNode:0.22166666666666668
Turbulence:0.21333333333333335
AffineUVTransformation:0.19500000000000003
ImageMap:0.19500000000000003
Carpenter:0.19500000000000003
Phong:0.19
SunSkyLight:0.19
VolumeTurbulence:0.1788888888888889
Checker:0.16
ShaderRef:0.12333333333333334
AlgorithmSwitchShader:0.12333333333333334
XYZTransformation:0.12333333333333334
BumpMap:0.12333333333333334
SideSwitchShader:0.12333333333333334
Gradient:0.12333333333333334
Laplace3D:0.12333333333333334
Julia:0.12333333333333334
ChannelBlend:0.12333333333333334
Smooth3D:0.12333333333333334
Mandel:0.12333333333333334
VolumeChecker:0.11555555555555555
Granite:0.06333333333333334
Leopard:0.06333333333333334
Wood:0.06333333333333334
