HTMLCollection:0.5061111111111112
Node:0.41310317460317453
Window:0.30583333333333335
HTMLElement:0.30333333333333334
HTMLDocument:0.24333333333333335
HTMLTableElement:0.2
HTMLCollectionFrames:0.14
HTMLMapElement:0.12666666666666668
HTMLTableRowElement:0.12333333333333334
RowContainer:0.12
