ERDesignerBundle:0.45359523809523816
PreferencesPanel:0.4033333333333333
PreferencesEditorView:0.2966666666666667
SquirrelMogwaiPreferences:0.29333333333333333
PreferencesEditor:0.21666666666666667
