ServiceData:0.7016666666666667
RegisteredServiceEditBean:0.45666666666666667
LoginAsCredentialsRequestorCompatibilityTests:0.38666666666666666
JsonServiceRegistryDaoTests:0.18666666666666668
