DebugAtom:0.5
Isotope:0.41333333333333333
DebugIsotope:0.2733333333333333
DebugAtomType:0.2633333333333333
DebugFragmentAtom:0.22666666666666666
DebugPseudoAtom:0.22333333333333333
IIsotope:0.1800952380952381
