AuthorizationCodeGrantConfigurer:0.5266666666666666
AuthorizationCodeAuthenticationFilter:0.46
OAuth2LoginConfigurer:0.29
AuthorizationResponseMatcher:0.18666666666666668
AuthorizationCodeGrantLoginConfigurer:0.14333333333333334
RedirectionEndpointConfig:0.03333333333333333
