CallbackRegistryImpl:0.5075
CallbackBuilderLegacyImpl:0.48
EventListenerRegistryImpl:0.3933333333333333
CallbackBuilder:0.3885555555555556
