View:0.8
NetMachine:0.4033333333333333
OnChangeStateConditionInCity:0.21333333333333335
