Property:0.7616666666666667
PropertyNote:0.22333333333333333
