ParamBasedProvider:0.7886111111111112
VersionSplashHandler:0.20905555555555555
