Privilege:0.711111111111111
UsersPrivilegesMetaDataTest:0.37333333333333335
TransportTransferTablePrivilegesAction:0.27
