PipelineContext:0.4666666666666667
TaskContext:0.39666666666666667
DriverContext:0.3566666666666667
OperatorContext:0.3566666666666667
QueryContext:0.2633333333333333
