SceneExportFilter:0.62
TopologyViewScene:0.31666666666666665
RackViewScene:0.2866666666666667
AbstractScene:0.28
PhysicalPathScene:0.2733333333333333
ChildrenViewScene:0.26
ObjectViewTopComponent:0.2575
ObjectViewService:0.2569444444444445
MapComponentWidget:0.25666666666666665
TopologyViewTopComponent:0.23
SDHModuleTopComponent:0.21666666666666667
ExportScenePanel:0.21
MainTest:0.18
AcceptActionProvider:0.17111111111111113
SDHModuleScene:0.16666666666666666
ImageFilter:0.15666666666666668
GISViewScene:0.15666666666666668
SDHModuleService:0.10277777777777777
