Configuration:0.5366666666666666
RuntimeEnvironment:0.5333333333333333
AuthorizationFramework:0.36333333333333334
WebappListener:0.18
