NettyRequestSender:0.6066666666666667
NettyRequests:0.5733333333333334
Protocol:0.275
