ClientConductor:0.5266666666666666
ClientConductorTest:0.29333333333333333
Aeron:0.24
