AtmosphereRequest:0.6833333333333333
Builder:0.44666666666666666
CookieTest:0.25
