DefaultErrorStrategy:0.27666666666666667
Recognizer:0.27
RecognitionException:0.23
FailedPredicateException:0.1827777777777778
NoViableAltException:0.17633333333333334
LexerNoViableAltException:0.14111111111111113
InputMismatchException:0.10861111111111109
