TypeUtils:0.6133333333333333
JavaBeanInfo:0.31822222222222224
ParserConfig:0.2664444444444445
SerializeConfig:0.21666666666666667
ASMSerializerFactory:0.21361111111111114
FieldSerializer:0.19055555555555556
ParserConfigBug569:0.09333333333333334
