NioReactor:0.5566666666666666
ThreadPoolDispatcher:0.4166666666666667
SameThreadDispatcher:0.2122222222222222
