Groove:0.54
GraphToKth:0.36333333333333334
Converter:0.31833333333333336
ExportAction:0.28444444444444444
DefaultFlag:0.22333333333333333
Exporter:0.22333333333333333
AspectJVertex:0.11416666666666667
KthFormat:0.09
