XMPPChatTransmitter:0.5366666666666666
ConnectionSessionListener:0.26
RosterTracker:0.24333333333333335
DataTransferManager:0.2
SubscriptionListener:0.19
ConnectionSessionManager:0.14333333333333334
SarosRosterListener:0.13666666666666666
