GwtShareItem:0.44333333333333336
ShareThisDlg:0.38666666666666666
GwtShareHelper:0.31333333333333335
ShareExpirationValue:0.24
ShareRightsWidget:0.22166666666666668
