Queue:0.5066666666666667
OptionTest:0.29333333333333333
GenTest:0.29333333333333333
ArbitraryTest:0.2733333333333333
