RubyBasePreferencePage:0.6933333333333334
PreferenceConstants:0.4066666666666667
