StatefullAPIImplTest:0.8433333333333334
JFXMapHorzContainerTest:0.6679761904761905
