Keyword:0.7266666666666667
KeyWordComputer:0.3566666666666667
AnsjServlet:0.22333333333333333
