Robolectric:0.5822222222222222
ResourcePath:0.41333333333333333
ResourceExtractor:0.2833333333333333
TestUtil:0.26
AndroidManifest:0.24333333333333335
AndroidManifestTest:0.20333333333333334
SdkEnvironment:0.16333333333333333
ResourceLoaderTest:0.12333333333333334
