Scan:0.59
ScanHeader:0.5766666666666667
SAX2ScanHandler:0.3411111111111111
MSXMLParser:0.23333333333333334
SAX2ScanHeaderHandler:0.22333333333333333
