Version:0.43666666666666665
VersionTests:0.2966666666666667
IndexShard:0.2866666666666667
SearchSourceBuilder:0.25333333333333335
PercolateQueryBuilder:0.23666666666666666
AnalyzeRequest:0.20666666666666667
SearchHits:0.20333333333333334
IdFieldType:0.19666666666666666
IdFieldMapper:0.19333333333333333
TranslogStats:0.19333333333333333
VersionUtilsTests:0.15666666666666668
SynonymTokenFilterFactory:0.12
TestUnstableBranch:0.07
