AsMapTest:0.5833333333333334
CacheContext:0.4633333333333333
CacheTest:0.3516666666666667
