SitemapEditor:0.6111111111111112
LifecycleHibernateTasks:0.6055555555555555
