IRemoteRepository:0.7733333333333333
RealProject:0.35333333333333333
ProjectTeamTMX:0.3
ProjectUICommands:0.26
GITRemoteRepository:0.17
SVNRemoteRepository:0.14666666666666667
