CtrlAut:0.5266666666666666
CtrlTransition:0.48333333333333334
CtrlFactory:0.46
CtrlParser:0.2833333333333333
