KeywordsSearcher:0.6816666666666666
GetList:0.25666666666666665
