HttpURLConnectionImpl:0.7
OkUrlFactory:0.33444444444444443
HttpsURLConnectionImpl:0.25666666666666665
OkUrlFactoryTest:0.12333333333333334
