CrawlController:0.7133333333333334
SimpleHandler:0.36333333333333334
