TypeConverterManagerBean:0.8166666666666667
MixTest:0.44333333333333336
