IndexShardRoutingTable:0.8033333333333333
OperationRouting:0.42333333333333334
SearchPreferenceIT:0.29333333333333333
OperationRoutingTests:0.08333333333333333
