JAASJNDILoginModule:0.5966666666666667
JAASMemoryLoginModule:0.5733333333333334
