CookieRetrievingCookieGenerator:0.6788888888888889
SendTicketGrantingTicketAction:0.36833333333333335
