mddViewer:0.5211111111111111
jspViewer:0.3466666666666667
javaViewer:0.27666666666666667
