MoveTask:0.47
QueryRetrieveScpService:0.3566666666666667
StoreScp:0.35333333333333333
FileDataSource:0.29555555555555557
MoveScp:0.2
PurgeFilesService:0.1
