RemoveIfSameOperation:0.7466666666666667
ListenerTest:0.7163333333333335
