CrawlConfig:0.44
WebCrawler:0.33
WebURL:0.31333333333333335
Parser:0.2633333333333333
HtmlContentHandler:0.24666666666666667
ExtractedUrlAnchorPair:0.23333333333333334
HtmlParseData:0.19
HtmlContentHandlerTest:0.08666666666666667
