Types:0.6333333333333333
NameTable:0.59
AnonymousClassConverterTest:0.2833333333333333
AnonymousClassConverter:0.24833333333333332
