Cancel:0.7233333333333334
ProgressWidget:0.5266666666666666
