AbstractAdminModule:0.43666666666666665
TemplateModuleImpl:0.3233333333333333
BinderModuleImpl:0.31333333333333335
WorkAreaFunctionMembershipManagerImpl:0.26
