Type:0.43
FailedCheck:0.4066666666666667
ComplexType:0.39666666666666667
SimpleTypeTest:0.21666666666666667
MapType:0.20333333333333334
Constraint:0.19666666666666666
LegalValueTypeConstraint:0.19333333333333333
LegalValueListConstraint:0.12666666666666668
RegularExpressionConstraint:0.11666666666666667
