CasCoreWebflowConfiguration:0.5311111111111111
AbstractMultifactorAuthenticationProvider:0.45666666666666667
GrouperConfiguration:0.44666666666666666
