JPPFNode:0.48
NodeTaskWrapper:0.31666666666666665
NodeExecutionManagerImpl:0.29333333333333333
ThreadManagerThreadPool:0.2066666666666667
AbstractThreadManager:0.18333333333333332
CpuTimeCollector:0.12333333333333334
TimeoutTimerTask:0.07666666666666666
