AbstractAuthenticationProcessingFilter:0.5333333333333333
LdapAuthenticationProvider:0.45
LdapAuthenticationProviderTests:0.26666666666666666
AbstractAuthenticationProcessingFilterTests:0.14333333333333334
