AbstractServiceRegistryImpl:0.4266666666666667
BasicServiceRegistryImpl:0.3333333333333333
SessionFactoryServiceRegistryImpl:0.18
ManagedDrivingTest:0.17
BasicServiceInitiator:0.10348809523809524
SessionFactoryServiceInitiator:0.10348809523809524
ProvidedService:0.09666666666666666
BasicServiceRegistry:0.074
SessionFactoryServiceRegistry:0.0
