ProtocolOcspHttpTest:0.38666666666666666
ProtocolScepHttpTest:0.38611111111111107
CommonEjbcaWSTest:0.33666666666666667
WebConfiguration:0.26666666666666666
CertRequestHttpTest:0.25566666666666665
WebdistHttpTest:0.16733333333333333
WebEjbcaHealthCheckTest:0.013333333333333334
