GwtMainPage:0.36
TaskButton:0.35
TaskTable:0.33
GwtTeamingMessages:0.31666666666666665
TaskListing:0.24
AssignmentInfo:0.21333333333333335
GwtTaskHelper:0.21
TaskInfo:0.19666666666666666
ButtonSelector:0.17444444444444446
LocationComparator:0.023333333333333334
