TaskResultWidget:0.5
DashBoardTopComponent:0.41333333333333333
AbstractWidget:0.27666666666666667
