PrestoThriftSchemaTableName:0.5866666666666667
ThriftSplitManager:0.4521428571428571
