VanillaChronicleHash:0.4633333333333333
ChronicleMapBuilder:0.44333333333333336
VanillaChronicleMap:0.37
