SessionListener:0.5166666666666667
RuntimeStatisticsMBean:0.3466666666666667
RuntimeStatistics:0.3433333333333333
ActiveSessionCounter:0.27
