RefererTreeAggregation:0.43
RefererTreeAggregationsNode:0.39666666666666667
RefererTreeAggregationsPDFNode:0.30666666666666664
RefererAnalysisViewReportController:0.23666666666666666
RefererAnalysisViewControllerResultData:0.20666666666666667
RefererAnalysisViewController:0.19666666666666666
