Utils:0.43666666666666665
GL20:0.38333333333333336
JavaMethodsGenerator:0.27666666666666667
ARB_shader_objects:0.235
ARB_vertex_shader:0.2275
