GradientCheckTests:0.5966666666666667
GradientCheckTestsComputationGraph:0.3908333333333333
CNNGradientCheckTest:0.17
