NodeModel:0.8433333333333334
StateFigure:0.4266666666666667
FigureFactory:0.17
