Strings:0.71
JsonRenderImpl:0.25333333333333335
HttpTest:0.25166666666666665
NutMvcListener:0.23583333333333334
UTF8JsonView:0.19
ViewZone:0.18833333333333332
UploadAdaptor:0.18333333333333332
ObjectMakerImpl:0.12
