RSEFilter:0.4511111111111111
RSEFilterPool:0.44
AbstractFilterEntryDialog:0.35333333333333333
