Reloc:0.8891666666666667
ExternalReference:0.27666666666666667
Heap2CodeReference:0.27
Code2HeapReference:0.2633333333333333
Heap2HeapReference:0.13333333333333333
