Util:0.6011111111111112
Project:0.5688333333333333
