InsertFromValuesAnalyzer:0.44333333333333336
CopyStatementAnalyzer:0.37
InsertFromSubQueryAnalyzer:0.22
AbstractInsertAnalyzer:0.21333333333333335
