ReportStarter:0.5
DigestOfFile:0.29333333333333333
JasperReportViewer:0.23555555555555557
JasperViewer:0.23
Barbecue:0.22333333333333333
JRViewerProvider:0.14772222222222223
SwingJRViewerProvider:0.02
