Robot:0.7033333333333334
AWT:0.37833333333333335
