JobCreateCommandTest:0.6066666666666667
ConfigTest:0.2475
HeliosIT:0.19333333333333333
JobsTest:0.14
