TestAPIM:0.3433333333333333
FOXMLDOSerializer:0.3233333333333333
DOTranslationUtility:0.3
METSFedoraExtDOSerializer:0.2866666666666667
TestXMLDODeserializer:0.10666666666666667
TestXMLDOSerializer:0.09916666666666667
