Response:0.49333333333333335
RefPath:0.32666666666666666
Reader:0.30666666666666664
GenericRef:0.29333333333333333
PathDeserializer:0.15666666666666668
Yaml:0.15333333333333332
Json:0.15
