Execution:0.8416666666666667
StepBackOver:0.17333333333333334
