AbstractVirtualMachine:0.6044444444444445
CallStep:0.4683333333333333
