TestExtensionRegistryTest:0.37333333333333335
TestExtensionRegistry:0.17
DisabledCondition:0.13666666666666666
RegisteredExtensionPoint:0.13581349206349208
YourExtension:0.12666666666666668
MyExtension:0.12666666666666668
ConditionEvaluator:0.11333333333333333
MyExtensionPoint:0.095
TimingExtension:0.07
FooMethodLevelCallbacks:0.02
BarClassLevelCallbacks:0.02
BarMethodLevelCallbacks:0.02
FooClassLevelCallbacks:0.02
SystemPropertyCondition:0.0
