ApplicationEntityManager:0.8266666666666667
ActivityDefinition:0.4266666666666667
WebserviceBean:0.3333333333333333
ActivityDefinitionLight:0.23333333333333334
PersistenceService:0.21666666666666667
ApplicationEntityManagerImpl:0.21333333333333335
StartupBean:0.1
