Realm:0.55
RealmBuilder:0.48
Builder:0.3408333333333333
RealmTest:0.24333333333333335
ProxyServer:0.23777777777777775
