TestContext:0.4766666666666667
MethodTester:0.44333333333333336
TestSpecParser:0.3566666666666667
FieldReference:0.24333333333333335
TestMethodTest:0.17833333333333334
