XWorkBasicConverter:0.48
DefaultConfiguration:0.41
MockConfiguration:0.30666666666666664
BeanSelectionProvider:0.19
XWorkConfigurationProvider:0.18611111111111112
StrutsConstants:0.07333333333333333
