ArticleProcessor:0.62
Filler:0.3333333333333333
TagProcessor:0.21333333333333335
