StandardStorageFormat:0.6434769
StorageFormatManager:0.5224913
