WorkflowBot:0.5816666666666667
WorkflowThreadPoolBotInvoker:0.2966666666666667
