SeriesBean:0.5333333333333333
MPPSScpService:0.4266666666666667
MPPSManagerBean:0.28
MPPSConsoleCtrl:0.18666666666666668
MPPSDelegate:0.15
