HttpClientResponse:0.4066666666666667
HttpClientRequestImpl:0.3933333333333333
ClientConnection:0.31666666666666665
HttpClientResponseImpl:0.31333333333333335
HttpClientRequestBase:0.3061507936507936
Http1xTest:0.2966666666666667
