MSequence:0.6933333333333334
PosProcessor:0.42333333333333334
