ParallelUniverse:0.49333333333333335
ShadowArscAssetManager:0.43
ShadowThemeTest:0.37666666666666665
ParallelUniverseInterface:0.21388888888888885
CppAssetManager:0.21333333333333335
ParallelUniverseTest:0.2111111111111111
RobolectricTestRunner:0.21
