Block:0.7466666666666667
BlockBuilder:0.64
Visitor:0.26
Builder:0.25
SessionPropertyManager:0.20666666666666667
TestInterpretedProjectionFunction:0.20333333333333334
