VCSActivity:0.4866666666666667
ProjectDeltaVisitor:0.29
SharedResourcesManager:0.2866666666666667
VCSActivityDataObject:0.2633333333333333
SubclipseProjectDeltaVisitor:0.15333333333333332
ResourceActivityFilter:0.11666666666666667
