Rule:0.49666666666666665
CoreRule:0.3544285714285715
CompositionRuleManager:0.21333333333333335
TemplateRuleKeyBindingManager:0.19666666666666666
StableRuleManager:0.16666666666666666
