QueryParameterBinding:0.5336785714285714
SessionFactoryImpl:0.45
AnyType:0.4066666666666667
SessionFactoryImplementor:0.39666666666666667
QueryParameterBindingsImpl:0.36666666666666664
QueryParameterBindingImpl:0.275
ProcedureParameterBindingImpl:0.21
MetamodelImplementor:0.2
CoordinatingEntityNameResolver:0.15333333333333332
