IndexMetaData:0.7466666666666667
IndexDynamicSettingsModule:0.31
GatewayAllocator:0.29177777777777775
IndexWithShadowReplicasTests:0.14333333333333334
