GedcomWriter:0.5333333333333333
GedcomReader:0.4066666666666667
ActionSave:0.30333333333333334
InputStreamSniffer:0.3
SaveOptionsWidget:0.20333333333333334
