PlainAnalyzer:0.3566666666666667
TroffAnalyzer:0.3233333333333333
UuencodeAnalyzer:0.3233333333333333
XMLAnalyzer:0.3233333333333333
