Interpreter:0.8433333333333334
SoapProtocol:0.35
HttpProtocol:0.31333333333333335
