Encode:0.5580555555555556
EncodeActivity:0.35333333333333333
ZXingTestActivity:0.3433333333333333
