Nums:0.5833333333333334
Radix:0.5433333333333333
JsonTest:0.35333333333333333
NutMap:0.22333333333333333
String2Number:0.20833333333333334
NutBean:0.20083333333333334
JsonTokenScan:0.18
String2Byte:0.11333333333333333
String2Long:0.11333333333333333
String2Short:0.11333333333333333
String2Integer:0.11333333333333333
