SimpleLimitExceptionHandler:0.7933333333333333
SimpleStepFactoryBean:0.4533333333333333
