ResponseThread:0.7752777777777778
ManagerAuthenticator:0.20905555555555555
