ElementUtil:0.7633333333333333
TypeDeclarationGenerator:0.4166666666666667
TypeGenerator:0.2633333333333333
TypeDeclarationGeneratorTest:0.17
