TlbCoClass:0.3566666666666667
TlbBase:0.305
TlbInterface:0.29
TlbEnum:0.29
TlbImp:0.2866666666666667
