Configuration:0.54
IgnoredNames:0.4483333333333333
RuntimeEnvironment:0.3233333333333333
Indexer:0.24
IndexDatabase:0.19666666666666666
CommandLineOptions:0.18666666666666668
ConfigurationsFrame:0.1768888888888889
