Pair:0.6733333333333333
Archive:0.25333333333333335
FileCache:0.25333333333333335
StatsDialog:0.24666666666666667
