Engine:0.7033333333333334
XMLWidget:0.3566666666666667
Logging:0.35333333333333333
AbstractWidgetRefHandler:0.30666666666666664
BasicClientEngine:0.21888888888888886
AbstractEditorEngine:0.21722222222222218
LineCurveRenderer:0.21
AbstractClientEngine:0.18805555555555556
AbstractConfigurationParser:0.18333333333333332
MessagePanelFactory:0.16333333333333333
FrameworkManager:0.13666666666666666
