EntityIndexUtils:0.5033333333333333
Constants:0.4816666666666667
FileIndexData:0.25666666666666665
FilePropertiesBuilder:0.19666666666666666
