ListDefinitionsHistoryFormTag:0.5966666666666667
ShowDefinitionHistoryAction:0.41861111111111116
ProcessDefinitionInfoFormTag:0.41
