Images:0.3466666666666667
DelEntity:0.32
ActionAdd:0.2966666666666667
CreateRelationship:0.2733333333333333
AbstractChange:0.16333333333333333
CreateEntity:0.11666666666666667
