TransformImageListener:0.5947777777777777
TransformImageView:0.51
BitmapLoadUtils:0.43
UCropActivity:0.31333333333333335
