CommonConfiguration:0.5477777777777777
Property:0.4866666666666667
AbstractConfigurationParser:0.30666666666666664
ChooserRunnable:0.16
PropertiesHandler:0.08666666666666667
