Loader:0.5666666666666667
QueryTranslatorImpl:0.35333333333333333
CustomLoader:0.3
QueryLoader:0.2833333333333333
CriteriaLoader:0.2733333333333333
QueryCacheTest:0.09
