DriverPublication:0.43666666666666665
SystemCounters:0.43333333333333335
ReceiveChannelEndpoint:0.36666666666666664
