OutgoingBatchService:0.5780555555555557
AbstractDatabaseTest:0.4766666666666667
IncomingBatchServiceTest:0.24666666666666667
OutgoingBatchServiceTest:0.09
