HttpRequest:0.69
HttpResponse:0.33666666666666667
HttpBase:0.2733333333333333
HttpRequestTest:0.26
HttpTunnelConnection:0.21666666666666667
