EditionService:0.6859444444444445
BiblioPermission:0.5866666666666667
TreeContextMenu:0.36666666666666664
BiblioTab:0.2733333333333333
EditionServiceImpl:0.27
AccessForm:0.17666666666666667
ActionFactory:0.17333333333333334
TextSelectionTab:0.16166666666666665
EditionServiceAsync:0.14416666666666667
