CA:0.65
X509CA:0.43666666666666665
CVCCA:0.4033333333333333
CAAdminSessionBean:0.3233333333333333
