Kernel32:0.6127777777777778
MsiTest:0.4866666666666667
Msi:0.44875
Kernel32Test:0.38333333333333336
PROCESSENTRY32:0.2
