MongoEventLog:0.42333333333333334
LotteryTicketCheckResult:0.3333333333333333
LotteryService:0.20666666666666667
ConsoleLottery:0.18
ConsoleAdministration:0.16333333333333333
