TranslogWriter:0.5466666666666666
TranslogTests:0.43333333333333335
BufferingTranslogWriter:0.4266666666666667
ChannelFactory:0.14564814814814814
