ARCSocketFactoryTest:0.4666666666666667
ARCWriterPool:0.32
ARCWriterPoolTest:0.056666666666666664
RecordingOutputStreamTest:0.056666666666666664
