Customer:0.48333333333333334
LineItem:0.41
JdbcPlayerDao:0.3534941077441077
Order:0.25666666666666665
CustomerCreditUpdatePreparedStatementSetter:0.2485800865800865
CustomerCreditUpdatePreparedStatementSetterTests:0.18794444444444447
CustomerCreditRowMapper:0.16298809523809524
TradeRowMapper:0.14521031746031746
TradeFieldSetMapper:0.14521031746031746
GeneratingTradeItemReader:0.13666666666666666
CustomerCreditIncreaseWriter:0.12333333333333334
PlayerSummaryMapper:0.11850000000000004
CustomerCreditRowMapperTests:0.10027777777777776
JdbcTradeWriterTests:0.10027777777777776
CustomerCreditUpdateProcessorTests:0.091
CustomerUpdateProcessorTests:0.08683333333333332
CustomerCreditIncreaseProcessorTests:0.08683333333333332
OrderTransformer:0.08416666666666665
ValidateDiscountsFunctionTests:0.07666666666666666
FlatFileCustomerCreditDao:0.06666666666666667
HibernateCreditDao:0.06666666666666667
ValidateShippingPricesFunction:0.056666666666666664
ValidateHandlingPricesFunction:0.056666666666666664
CustomerUpdateWriter:0.056666666666666664
ValidateTotalPricesFunction:0.056666666666666664
ValidateDiscountsFunction:0.056666666666666664
ValidateIdsFunction:0.056666666666666664
ValidateQuantitiesFunction:0.056666666666666664
ValidatePricesFunction:0.056666666666666664
TotalOrderItemsFunction:0.051111111111111114
ValidateTotalPricesFunctionTests:0.043333333333333335
JdbcCustomerDebitDaoTests:0.036444444444444446
JdbcTradeDao:0.03333333333333333
ValidateIdsFunctionTests:0.02666666666666667
OrderItemReader:0.02666666666666667
ValidateShippingPricesFunctionTests:0.02666666666666667
ValidateHandlingPricesFunctionTests:0.02666666666666667
ValidateQuantitiesFunctionTests:0.02666666666666667
JdbcPlayerSummaryDao:0.025595238095238095
CustomerFieldSetMapper:0.02255555555555555
TradeProcessorTests:0.021388888888888888
TotalOrderItemsFunctionTests:0.02
PlayerSummaryRowMapper:0.016666666666666666
GameFieldSetMapper:0.016666666666666666
ValidatePricesFunctionTests:0.015
JdbcPlayerSummaryDaoIntegrationTests:0.013333333333333334
ShippingFieldSetMapper:0.013333333333333334
FlatFileCustomerCreditDaoTests:0.013333333333333334
TradeRowMapperTests:0.013333333333333334
CustomerCreditUpdateWriter:0.01
JdbcGameDaoIntegrationTests:0.01
TradeFieldSetMapperTests:0.01
FutureDateFunctionTests:0.01
JdbcPlayerDaoIntegrationTests:0.01
OrderItemFieldSetMapper:0.008333333333333333
JdbcGameDao:0.006666666666666667
CustomerDebitRowMapper:0.006666666666666667
IbatisCustomerCreditDao:0.006666666666666667
AddressFieldSetMapper:0.006666666666666667
Shipper:0.006666666666666667
BillingFieldSetMapper:0.006666666666666667
GeneratingItemReaderTests:0.006666666666666667
HeaderFieldSetMapper:0.006666666666666667
PlayerFieldSetMapper:0.006666666666666667
TradeWriter:0.0033333333333333335
FutureDateFunction:0.0
PlayerItemWriter:0.0
JdbcCustomerDebitDao:0.0
FootballExceptionHandler:0.0
PersonWriter:0.0
