GraphBuilder:0.44
MultiLayerConfiguration:0.38333333333333336
ComputationGraphConfiguration:0.38333333333333336
TransferLearningCompGraphTest:0.15622222222222223
SparkDl4jNetworkTest:0.08666666666666667
AutoEncoderNetworkTest:0.06333333333333334
