EditView:0.5466666666666666
TreeCallbackHandler:0.36333333333333334
ProxyXRef:0.26
ActionPropertyUpDown:0.1877777777777778
Proxy:0.17333333333333334
ActionPropertyAdd:0.15444444444444444
ActionPropertyDel:0.15444444444444444
Renderer:0.1511111111111111
PropertyTreeWidget:0.14277777777777775
ProxyEntity:0.12333333333333334
