AbstractFolderModule:0.6416666666666667
WebKeys:0.5405555555555556
ViewPermalinkController:0.4166666666666667
