MultiMapProxySupport:0.30666666666666664
CollectionService:0.29333333333333333
CollectionProxyId:0.26
HazelcastInstanceImpl:0.24666666666666667
CollectionOperation:0.24333333333333335
ObjectMultiMapProxy:0.22666666666666666
CollectionBackupOperation:0.19333333333333333
PutEntryProcessor:0.19
GetEntryProcessor:0.09
CollectionPartitionContainer:0.06333333333333334
ObjectListProxy:0.06
