AtmosphereResourceImpl:0.5766666666666667
AtmosphereRequest:0.5366666666666666
AtmosphereResponse:0.4
AsynchronousProcessor:0.25666666666666665
