ManagementCenterService:0.47
MapStoreTest:0.37
ClientHandler:0.25666666666666665
TaskPoller:0.21111111111111108
TCPListener:0.13444444444444445
UDPSender:0.11333333333333333
SocketReadyServerSocket:0.02666666666666667
UDPListener:0.023333333333333334
LazyDataInputStream:0.0
LazyDataOutputStream:0.0
