ListOrderedSet:0.5433333333333333
AbstractCollectionDecorator:0.49666666666666665
AbstractSetDecorator:0.16666666666666666
AbstractSerializableSetDecorator:0.056666666666666664
