StreamSession:0.4266666666666667
SendFileAction:0.37666666666666665
StreamServiceManager:0.27666666666666667
StreamService:0.2434285714285714
SessionView:0.1811111111111111
FileDescription:0.17666666666666667
SendFileStreamService:0.10666666666666667
SessionViewToolBar:0.08333333333333333
InitiationThread:0.05777777777777779
