JComMSWordReportBuilder:0.5432936507936508
JacobMSWordReportBuilder:0.5432936507936508
