AddFileAction:0.5432936507936508
AddAction:0.5432936507936508
