XavaPreferences:0.5833333333333334
FilesServlet:0.36666666666666664
