ReportView:0.6966666666666667
ActionStart:0.5176666666666667
