Network:0.6016666666666667
Timer:0.37333333333333335
CSSMetaDataFactory:0.31666666666666665
LabelRenderer:0.25333333333333335
ServerNotificationTempoOnConnection4Test:0.14666666666666667
