RecordStore:0.79
DefaultRecordStore:0.47333333333333333
FailingMapLoader:0.24666666666666667
LoadAllOperation:0.20111111111111113
ClientMapLoaderExceptionHandlingTest:0.19333333333333333
ExceptionalMapStore:0.14833333333333334
MapLoaderTest:0.08333333333333333
MapKeyLoader:0.07666666666666666
