InvoiceTest:0.475
DeliveryTest:0.31666666666666665
CollectionElementViewBaseAction:0.2966666666666667
NewDeliveryDetailAction:0.10666666666666667
