BootstrapCheckResult:0.6333333333333333
BootstrapCheck:0.5766666666666667
G1GCCheck:0.19
MaxMapCountCheck:0.13
MightForkCheck:0.12333333333333334
EarlyAccessCheck:0.11666666666666667
FileDescriptorCheck:0.09333333333333334
HeapSizeCheck:0.08666666666666667
MaxFileSizeCheck:0.08666666666666667
MaxSizeVirtualMemoryCheck:0.08666666666666667
ClientJvmCheck:0.08333333333333333
MaxNumberOfThreadsCheck:0.08333333333333333
UseSerialGCCheck:0.08333333333333333
SystemCallFilterCheck:0.08333333333333333
MlockallCheck:0.08333333333333333
OnErrorCheck:0.016666666666666666
OnOutOfMemoryErrorCheck:0.016666666666666666
