BaseParameters:0.47
KnowledgeRepository:0.43666666666666665
AnnotationType:0.3977777777777778
KnowledgeRepositoryManager:0.27
SQLConnection:0.26500000000000007
