WebUtils:0.5766666666666667
AuthenticationViaFormAction:0.39666666666666667
AuthenticationViaFormActionTests:0.2833333333333333
AcceptableUsagePolicyWebflowConfigurer:0.14333333333333334
WsFederationWebflowConfigurer:0.14
CasWebflowConstants:0.11944444444444442
