JPPFNode:0.5116666666666667
TaskWrapper:0.38
CSendingRequest:0.27
CWaitingRequest:0.19333333333333333
CReceivingResource:0.14333333333333334
