OverlayResourceIndex:0.72
OverlayResourceLoader:0.27666666666666667
OverlayResourceIndexTest:0.19666666666666666
