SillyPolyHost2:0.6141666666666666
MarshallingGenerationTest:0.6
MarshalingSupport:0.43333333333333335
