PollerBackEndIntegrationTest:0.5566666666666666
DefaultTicketerServiceLayerIntegrationTest:0.4066666666666667
PollerFrontEndIntegrationTest:0.37666666666666665
