RoutingTable:0.6266666666666667
Custom:0.5083333333333333
UpdateTask:0.12
