BoundedLocalCache:0.6433333333333333
AbstractLinkedIterator:0.27666666666666667
EvictionTest:0.26666666666666666
AddMaximum:0.2633333333333333
LinkedDeque:0.23777777777777775
IsValidBoundedLocalCache:0.21666666666666667
BoundedLocalCacheTest:0.2
IsCacheReserializable:0.19
UpdateTask:0.18833333333333332
MultiThreadedTest:0.11
PeekingIterator:0.06444444444444444
