OperatorContext:0.4866666666666667
PipelineContext:0.45666666666666667
DriverContext:0.45166666666666666
