DynamicMetadataResolver:0.25333333333333335
BaseSamlRegisteredServiceMetadataResolver:0.18666666666666668
UrlResourceMetadataResolver:0.14666666666666667
GoogleAuthenticatorMongoDbTokenCredentialRepository:0.14333333333333334
RestGoogleAuthenticatorTokenCredentialRepository:0.14333333333333334
JpaGoogleAuthenticatorTokenCredentialRepository:0.14333333333333334
BaseInMemoryOneTimeTokenCredentialRepository:0.14333333333333334
MongoDbSamlRegisteredServiceMetadataResolver:0.14087301587301587
ClasspathResourceMetadataResolver:0.14
MongoDbSamlRegisteredServiceMetadataResolverTests:0.11333333333333333
OneTimeTokenCredentialRepository:0.11
FileSystemResourceMetadataResolver:0.10333333333333333
BaseJsonOneTimeTokenCredentialRepository:0.07666666666666666
GoogleAuthenticatorAuthenticationHandler:0.03333333333333333
