RememberMeProcessingFilter:0.43333333333333335
RememberMeProcessingFilterTests:0.36666666666666664
BasicProcessingFilterTests:0.30333333333333334
MockApplicationEventPublisher:0.22666666666666666
