JPPFNodeAdminMBean:0.21944444444444444
JPPFNodeTaskMonitorMBean:0.12527777777777777
JMXNodeConnectionWrapper:0.10333333333333333
JMXConnectionWrapper:0.07333333333333333
JPPFDriverStartupSPI:0.0
JPPFNodeStartupSPI:0.0
JPPFStartup:0.0
JPPFStartupLoader:0.0
