EvictionTest:0.5766666666666667
AbstractEvictableRecordStore:0.4666666666666667
GroupProperties:0.45166666666666666
ExpirationTimeSetter:0.24
