Traversable:0.55
Vector:0.5205555555555555
Collections:0.4266666666666667
