LocalCachedMapOptions:0.5166666666666667
RedissonLocalCachedMap:0.5166666666666667
RedissonLocalCachedMapTest:0.36
UpdateTest:0.26666666666666666
