Internal:0.44422222222222224
HttpUrl:0.33666666666666667
URLConnectionTest:0.3333333333333333
Util:0.26666666666666666
Builder:0.25333333333333335
HttpURLConnectionImpl:0.24
Connection:0.20666666666666667
HttpUrlTest:0.13666666666666666
