CoreDao:0.6766666666666666
Node:0.6432222222222223
AdminModuleImpl:0.36333333333333334
CoreDaoImpl:0.3466666666666667
