Facade:0.7108333333333333
AbstractFacade:0.58
FacadeClient:0.36666666666666664
JaxRpcFacade:0.31333333333333335
