DynamicAccessModule:0.5166666666666667
DefaultAccess:0.41333333333333333
DisseminationService:0.37333333333333335
