ChadoXmlWrite:0.5333333333333333
ChadoXmlAdapter:0.4766666666666667
GeneEditPanel:0.25333333333333335
GAMESave:0.21333333333333335
