GlobalVariablePath:0.5166666666666667
OOITBuilder:0.47333333333333333
ValueVector:0.47
ValueImpl:0.19692857142857143
ValueVectorImpl:0.125
AssignmentProcess:0.10666666666666667
ValueVectorLink:0.09666666666666665
UndefProcess:0.06
ValueVectorSizeExpression:0.04666666666666667
PreDecrementProcess:0.016666666666666666
PostIncrementProcess:0.016666666666666666
PostDecrementProcess:0.016666666666666666
PreIncrementProcess:0.016666666666666666
ForEachProcess:0.013333333333333334
ForProcess:0.0
