Entries:0.42333333333333334
TransactionImpl:0.37666666666666665
ResponseQueueCall:0.22333333333333333
TransactionTest:0.12
