ParserRuleSet:0.6966666666666667
TokenMarker:0.4766666666666667
XModeHandler:0.26
SplashScreen:0.21333333333333335
