DownloadFile:0.7733333333333333
UploadFile:0.4066666666666667
