Range:0.39666666666666667
Document:0.3566666666666667
SelectionTest:0.3466666666666667
Selection:0.31333333333333335
HTMLDocumentTest:0.18666666666666668
