ConnectionManager:0.5083333333333333
HazelcastClient:0.42
ClusterProxy:0.30666666666666664
