ObjectiveCImplementationGenerator:0.43333333333333335
HashtableTest:0.36333333333333334
LinkedListTest:0.36333333333333334
HashSetTest:0.32666666666666666
ObjectiveCImplementationGeneratorTest:0.16333333333333333
HashMapTest:0.15
