GAMEAdapter:0.44333333333333336
CommentEditPanel:0.42333333333333334
FeatureEditorDialog:0.4166666666666667
Comment:0.37333333333333335
TranscriptEditPanel:0.22
