WFEServerConnector:0.8033333333333333
AbstractWebServicesConnector:0.42194444444444446
WFEConnectionPreferencePage:0.3233333333333333
PreferenceInitializer:0.10666666666666667
PrefConstants:0.011111111111111112
