MethodNode:0.61
DebugInfoParser:0.41002777777777777
AnnotationsParser:0.35333333333333333
EncValueParser:0.35333333333333333
TestCls:0.1
StaticValuesParser:0.06333333333333334
