JCPOutlinePage:0.4633333333333333
CMLfileEditor:0.21666666666666667
