ClusterHeartbeatManager:0.4866666666666667
MembershipFailureTest:0.43
GroupProperty:0.36
MembershipFailureTest_withTCP:0.21666666666666667
Preconditions:0.17666666666666667
MemberHeartbeatPlugin:0.17333333333333334
