MolecularFormulaManipulator:0.7233333333333334
NitrogenRule:0.3333333333333333
NitrogenRuleTest:0.31
