jdbcResultSet:0.6533333333333333
Parser:0.41333333333333333
