ScriptEngine:0.782888888888889
PainlessScriptEngine:0.56
NeedsScoreTests:0.29
MockScriptEngine:0.12083333333333333
ExpressionScriptEngine:0.12083333333333333
MustacheScriptEngine:0.10166666666666667
DummyTemplateScriptEngine:0.08333333333333333
