MatchTest:0.38666666666666666
Case:0.38666666666666666
Match:0.3433333333333333
WhenIn:0.23333333333333334
Typed:0.23333333333333334
When:0.19
WhenInUntyped:0.08333333333333333
WhenUntyped:0.04666666666666667
WithThenUntyped:0.03
WithThen:0.03
