ItemWriterItemProcessorTests:0.4533333333333333
OutputState:0.3566666666666667
StaxEventWriterItemWriterTests:0.3433333333333333
ItemWriterItemProcessor:0.18333333333333332
StaxEventWriterItemWriterTransactionSychronization:0.06
AbstractTransactionalIoSourceTransactionSynchronization:0.0
