SearchSourceBuilder:0.5333333333333333
SearchContext:0.4780555555555555
SearchRequest:0.35
