JbpmDefinitionLogic:0.7966666666666666
ProcessDefCache:0.42
ProcessDefCacheCtrl:0.35333333333333333
