SendTicketGrantingTicketAction:0.32666666666666666
CasSupportActionsConfiguration:0.24666666666666667
SendTicketGrantingTicketActionTests:0.18
LogoutActionTests:0.17333333333333334
CasCoreWebflowConfiguration:0.16
GraphicalUserAuthenticationWebflowConfigurer:0.16
GraphicalUserAuthenticationConfiguration:0.13
OAuth20CallbackAuthorizeEndpointController:0.13
PrepareForGraphicalAuthenticationAction:0.11666666666666667
AcceptUserGraphicsForAuthenticationAction:0.10333333333333333
CasSupportActionsAcceptableUsagePolicyConfiguration:0.1
AcceptableUsagePolicyFormAction:0.08666666666666667
TerminateSessionAction:0.08333333333333333
RedirectToServiceAction:0.06333333333333334
DisplayUserGraphicsBeforeAuthenticationAction:0.056666666666666664
