MossWizard:0.6633333333333333
ParametersPage:0.265
InputPage:0.2377777777777778
ParametersPage3:0.22111111111111115
ParametersPage2:0.22111111111111115
