MapperService:0.5833333333333334
FieldMappersLookup:0.55
DocumentFieldMappers:0.2833333333333333
FieldNameAnalyzer:0.25166666666666665
