DrawableFeatureSet:0.49333333333333335
AnnotationEditor:0.42333333333333334
AnnotationView:0.38
AnnotationMenu:0.32666666666666666
SelectionSet:0.2836111111111111
FineAnnotationView:0.24277777777777776
Transcript:0.22333333333333333
SeqFeatureHolder:0.1827777777777778
