ClusterStateRequest:0.58
SharedClusterSnapshotRestoreTests:0.27
ClusterStateRequestBuilder:0.20666666666666667
LocalGatewayIndexStateTests:0.19666666666666666
RepositoriesTests:0.18333333333333332
DedicatedClusterSnapshotRestoreTests:0.14666666666666667
TransportClusterStateAction:0.13333333333333333
RestMasterAction:0.13333333333333333
RestNodesAction:0.13
RestAllocationAction:0.11666666666666667
RestRecoveryAction:0.11666666666666667
RestIndicesAction:0.11666666666666667
IndexTemplateFileLoadingTests:0.11333333333333333
SniffNodesSampler:0.09333333333333334
RestGetIndicesAliasesAction:0.09
RestGetSettingsAction:0.09
RestClusterGetSettingsAction:0.09
RestMainAction:0.08666666666666667
RestShardsAction:0.08666666666666667
RestClusterStateAction:0.055555555555555546
