TrackerItem:0.58
TrackerEvent:0.5666666666666667
Tracker:0.5566666666666666
