IRmiSWTWorkbenchBot:0.6902222222222222
RmiSWTWorkbenchBot:0.4766666666666667
PerspectiveObject:0.2866666666666667
RmiTest:0.26666666666666666
SarosConstant:0.06333333333333334
