FactoryImpl:0.35
GroupProperties:0.2966666666666667
ClusterTest:0.29333333333333333
PartitionManager:0.2
TestUtil:0.19666666666666666
MPut:0.19666666666666666
OrderedExecutionTask:0.1421111111111111
StoreAwareOperationHandler:0.14
