GaStringUtils:0.47333333333333333
TimeTunnelCommand:0.38666666666666666
TimeFragment:0.21
ShutdownCommand:0.1391111111111111
StackCommand:0.09
