HtmlTextArea:0.6566666666666666
WebTestCase:0.36333333333333334
HTMLTextAreaElement:0.32666666666666666
HTMLTextAreaElementTest:0.2633333333333333
