ResourceUtils:0.3566666666666667
CasLdapUserDetailsManagerConfigurer:0.2861111111111111
LoggingConfigController:0.27666666666666667
AdminPagesSecurityProperties:0.19333333333333333
CasWebApplicationSecurityConfiguration:0.15
CasCoreConfigurationWatchConfiguration:0.11
Jaas:0.07
