CombineKernel:0.44666666666666666
SunshineBidirPathtracer:0.37333333333333335
SunshinePathtracerOld:0.3333333333333333
SunshineLightHandler:0.28
