Connection:0.44333333333333336
TcpTransport:0.37333333333333335
Adapter:0.32
AbstractSimpleTransportTestCase:0.22166666666666668
FilteredConnection:0.21
TCPTransportTests:0.19
RequestHolder:0.17666666666666667
NodeChannels:0.17333333333333334
TransportConnectionListener:0.16444444444444442
