TriggerRouterService:0.7266666666666667
ITriggerRouterService:0.6233333333333333
ConfigurationChangedDataRouter:0.24666666666666667
