AllocationModule:0.57
RecordingBinder:0.48333333333333334
ESAllocationTestCase:0.4
ShardsAllocatorModuleIT:0.21333333333333335
