PushService:0.6266666666666667
PullServlet:0.28833333333333333
PushServlet:0.14333333333333334
