DefaultBroadcaster:0.81
AsynchronousProcessor:0.30333333333333334
DefaultBroadcasterFactory:0.25666666666666665
AnnotationHandler:0.18
AtmosphereResourceStateRecovery:0.1688888888888889
