Builder:0.5933333333333334
Loader:0.5533333333333333
BuildMojo:0.12222222222222223
