HazelcastServerCachingProvider:0.5833333333333334
RestTest:0.48
CachingProviderTest:0.32666666666666666
SSLEngineFactory:0.17355555555555557
