DefaultInternalKernelServices:0.4666666666666667
PluginExecutor:0.3524285714285714
PluginCallImpl:0.3466666666666667
SimpleProofFinderExecutor:0.2866666666666667
ControlVisitor:0.2633333333333333
DynamicHeuristicCheckerExecutor:0.18666666666666668
LoadRequiredModulesExecutor:0.16333333333333333
Qedeq2UnicodeTextExecutor:0.16333333333333333
Qedeq2Utf8Executor:0.08333333333333333
