SeqFeatureI:0.67
SeqFeature:0.5133333333333333
ExonI:0.4822222222222223
ExonHolder:0.4033333333333333
Exon:0.33666666666666667
DrawableSeqFeature:0.2966666666666667
Transcript:0.27
SeqFeatureHolder:0.25
FeaturePair:0.20666666666666667
GAMEAdapter:0.2
AnnotationEditor:0.19666666666666666
SiteView:0.19
TranslationViewer:0.09333333333333334
