RequestInfo:0.6466666666666666
MastHead:0.5633333333333334
GwtUIHelper:0.5266666666666666
