GoodsManager:0.8133333333333334
CookMeal:0.2816666666666667
MainDetailPanel:0.21
