FeaturesConfig:0.8033333333333333
SystemSessionProperties:0.3977777777777778
TestFeaturesConfig:0.20333333333333334
