ApolloFrame:0.55
CompositeApolloFrame:0.38666666666666666
SyntenyPanel:0.3466666666666667
ApolloFrameManager:0.32666666666666666
EvidencePanelContainer:0.26
LoadUtil:0.2111111111111111
