FlowArtifactFactoryAdapter:0.58
AbstractFlowExecutionTests:0.5033333333333333
AbstractManagedFlowExecutionTests:0.31333333333333335
