SelectQuery:0.5553452380952381
UpdateQuery:0.5553452380952381
SelectImpl:0.5133333333333333
UpdateImpl:0.2866666666666667
SelectQueryImpl:0.21333333333333335
UpdateQueryImpl:0.20333333333333334
SelectFromStep:0.15833333333333333
UpdateFromStep:0.15833333333333333
