WebSocketWriterTest:0.64
WebSocketProtocol:0.4077777777777778
WebSocketReader:0.36
WebSocketWriter:0.23666666666666666
