JChemPaintModel:0.6857777777777778
twoDJframe:0.2866666666666667
