XmlPath:0.86
PresentationExamplesITest:0.20333333333333334
XmlPathTest:0.19666666666666666
