AlignViewport:0.44
SeqPanel:0.43
PCAPanel:0.30666666666666664
SeqCanvas:0.29
PCA:0.2633333333333333
SequenceFeature:0.22
JnetCGI:0.2025
PairAlignFrame:0.16333333333333333
MailTextPopup:0.10666666666666667
BinarySequence:0.08666666666666667
GroupEditAction:0.056666666666666664
SequencePoint:0.05
PCAThread:0.0125
MailTextAction:0.006666666666666667
