FolderProperties:0.6733333333333333
EntryProperties:0.6433333333333333
LinkToEntryProperties:0.32
LinkToFolderProperties:0.32
EntryConfig:0.11333333333333333
FolderConfig:0.11333333333333333
LinkToEntryConfig:0.11
LinkToFolderConfig:0.11
LinkToFolderDropWidget:0.08
LinkToEntryDropWidget:0.08
EntryDropWidget:0.07666666666666666
FolderDropWidget:0.07666666666666666
