RegisterArg:0.3433333333333333
EnumField:0.30666666666666664
ClassGen:0.2813333333333334
EnumVisitor:0.27666666666666667
CodeShrinker:0.24333333333333335
Jadx:0.1988888888888889
BinaryXMLParser:0.16938888888888887
InsnUtils:0.13333333333333333
