OpenCameraInterface:0.5266666666666666
CameraManager:0.4066666666666667
