QueryOpBuilder:0.5
DBCursor:0.4066666666666667
DBCollection:0.3153333333333333
