Model:0.72
QueryWidget:0.3466666666666667
GeoList:0.2733333333333333
GeoView:0.23333333333333334
Update:0.2
Content:0.02666666666666667
