PriorityRenderer:0.12688732
Task:0.124446996
TodoEditorCore:0.10940847
PriorityEditor:0.085459955
Sorter:0.041057102
