JtxTransaction:0.61
DbJtxResourceManager:0.4533333333333333
DbTransactionTest:0.24333333333333335
DbHsqldbTestCase:0.20666666666666667
