NodeTaskWrapper:0.59
NodeExecutionManager:0.53
LifeCycleTask:0.40166666666666667
TestJPPFTask:0.02666666666666667
