IndicesService:0.655
SettingsUpdater:0.4724444444444445
DummySettingPlugin:0.34814285714285714
IndexModule:0.27
AbstractScopedSettings:0.22666666666666666
MetaDataUpdateSettingsService:0.15
UpdateSettingsIT:0.13
