Argument:0.8533333333333334
TextToMethodKey:0.23666666666666666
MethodInvoker:0.22333333333333333
