AspectualViewGps:0.6616666666666666
FileGps:0.49433333333333335
