Property:0.7533333333333333
TagPath:0.4766666666666667
PropertyTagPathTest:0.14
ActionSearch:0.13
Example:0.12
PropertyRelationship:0.11666666666666667
