BoundedLocalCache:0.6133333333333333
ExpireAfterWriteTest:0.29333333333333333
BoundedLocalCacheTest:0.275
