Simulator:0.64
StateJList:0.47333333333333333
CopyGraphAction:0.29333333333333333
