LayerInfo:0.6833333333333333
FlowIterationListener:0.5355555555555556
FlowIterationListenerTest:0.11333333333333333
