GooglePlayServicesUtilImpl:0.3933333333333333
InstrumentationConfiguration:0.37
ShadowGooglePlayServicesUtil:0.35333333333333333
ShadowWebViewTest:0.3233333333333333
OverlayResourceLoader:0.20666666666666667
ShadowGooglePlayServicesUtilTest:0.12666666666666668
ShadowWifiInfoTest:0.05333333333333334
