IndicesAdminClient:0.53
AbstractIndicesAdminClient:0.36333333333333334
MetaData:0.32666666666666666
IndicesGetAliasesRequestBuilder:0.16388888888888892
IndicesGetAliasesRequest:0.12
ActionModule:0.09666666666666666
RestActionModule:0.09333333333333334
IndexAliasesTests:0.06333333333333334
