Binder:0.59
BinderHelper:0.49666666666666665
DashboardHelper:0.2966666666666667
ProfileModuleImpl:0.25666666666666665
GwtUIHelper:0.2394444444444445
TemplateModuleImpl:0.21666666666666667
GwtServerHelper:0.21
ListFolderHelper:0.20666666666666667
RelevanceAjaxController:0.18333333333333332
AddFolderController:0.11
