OracleDataStore:0.5133333333333333
DatabaseCorpusImpl:0.4866666666666667
JDBCDataStore:0.33
TestPersist:0.19666666666666666
