Property:0.22764009
Config:0.21008939
