Property:0.23380102
Config:0.21326882
