Config:0.23971051
VersionProperty:0.1906352
Property:0.14140289
PropertyAccess:0.13304916
UI:0.07530201
MApplication:0.046588387
MStatusBar:0.0249129
