Expression:0.6566666666666666
Filter:0.6566666666666666
