PrimaryKey:0.5933333333333334
Table:0.54
PersistentClass:0.4633333333333333
Set:0.25333333333333335
MultipleHiLoPerTableGenerator:0.18666666666666668
TableGenerator:0.18666666666666668
Join:0.185
IndexedCollection:0.11333333333333333
IdentifierCollection:0.11333333333333333
