AdminServerWebConfiguration:0.6633333333333333
AdminServerWebConfigurationTest:0.38333333333333336
DiscoveryClientConfigurationTest:0.20333333333333334
TurbineAutoConfigurationTest:0.20333333333333334
AdminServerImportSelector:0.14
