AtomContainer:0.6633333333333333
StructureDiagramGenerator:0.38333333333333336
StructureDiagramGeneratorTest:0.32666666666666666
PathTools:0.2527777777777778
ConnectivityCheckerTest:0.23666666666666666
MoleculeFactory:0.22333333333333333
ConnectivityChecker:0.19
AtomPlacer:0.13666666666666666
MoleculeViewer2D:0.10111111111111112
RingSearchTest:0.09
CDKTests:0.07055555555555557
