HighlighterSearchTests:0.5786111111111111
AnalyzerMapper:0.54
PlainHighlighter:0.2633333333333333
DocumentMapper:0.26
HighlighterContext:0.05
