ChannelzProtoUtilTest:0.62
ChannelzProtoUtil:0.3983333333333333
SocketStats:0.22333333333333333
TestListenSocket:0.17777777777777778
MockSocket:0.15333333333333332
