Jdbc:0.8533333333333334
GenerationTool:0.3788888888888889
