ThreadPool:0.7238888888888889
ThreadTracking:0.23333333333333334
