Iterator:0.37333333333333335
Stream:0.36666666666666664
Array:0.3325
List:0.3325
Vector:0.3258333333333333
