BounceMemberRule:0.6733333333333333
MemberUpDownMonkey:0.36333333333333334
MemberDriverFactory:0.23555555555555552
