ModelTest:0.52
TableCell:0.3333333333333333
ReverseEngineeringTest:0.19333333333333333
Test:0.15
