DelegatingHttpsURLConnection:0.6988888888888889
OkHttpsURLConnection:0.36333333333333334
CacheHttpsURLConnection:0.3233333333333333
