ServerDescription:0.74
DBCollectionImpl:0.2633333333333333
ServerStateNotifier:0.18
ServerDescriptionTest:0.17
Builder:0.16666666666666666
UnorderedRunGenerator:0.14333333333333334
OrderedRunGenerator:0.14333333333333334
Fixture:0.12666666666666668
