HTMLDocument:0.6055555555555555
HtmlUnitDOMBuilder:0.4683333333333333
DocumentTypeTest:0.23666666666666666
