HttpClientOptions:0.5533333333333333
HttpServerOptions:0.36666666666666664
HttpServerImpl:0.36
WebsocketTest:0.2833333333333333
