Viterbi:0.7666666666666667
NERClassifier:0.6133333333333333
ViterbiTest:0.14333333333333334
