StructureIterator:0.59
TableCreator:0.4066666666666667
StructureDao:0.4066666666666667
IStructureDao:0.17
