NormalDistribution:0.6433333333333333
UniformDistribution:0.6433333333333333
Distributions:0.44333333333333336
