S3BlobStore:0.5533333333333333
S3ImmutableBlobContainer:0.3888888888888889
S3Repository:0.14166666666666666
S3SnapshotRestoreTest:0.07333333333333333
