LSTM:0.6033333333333334
FwdPassReturn:0.37833333333333335
LSTMHelpers:0.35
GravesBidirectionalLSTM:0.32
Builder:0.2966666666666667
GravesLSTM:0.27666666666666667
GravesBidirectionalLSTMTest:0.17
CuDNNGradientChecks:0.04
