Stage:0.52
Viewport:0.43666666666666665
UITest:0.15
BaseG3dHudTest:0.14666666666666667
StagePerformanceTest:0.10666666666666667
ViewportTest1:0.03666666666666667
ViewportTest2:0.0033333333333333335
ViewportTest3:0.0033333333333333335
StretchViewport:0.0
FitViewport:0.0
