CMap:0.5666666666666667
ConcurrentMapManager:0.37333333333333335
TargetAwareOp:0.29
ResponseQueueCall:0.12
MBackupOp:0.11333333333333333
MSize:0.1
Migrator:0.08666666666666667
CheckAllConnectionsOp:0.05
