MCalendar:0.73
DayButton:0.43666666666666665
Vars:0.2567063492063492
AlarmManager:0.23
