LogEntry:0.6871111111111112
RSASignSessionBean:0.36
CertReqServlet:0.22666666666666666
CmpServlet:0.22466666666666668
ScepServlet:0.22466666666666668
