ObjectGraph:0.57
InjectionTest:0.37
MembersInjectorTest:0.23666666666666666
ModuleIncludesTest:0.13333333333333333
TestApp:0.12666666666666668
CoffeeApp:0.12666666666666668
