DownloadTarget:0.43666666666666665
DbEntity:0.39666666666666667
DbUtil:0.35333333333333333
DownloadManager:0.2633333333333333
IDownloadCommand:0.2277777777777778
CommandFactory:0.2277777777777778
DownloadListener:0.21666666666666667
SimpleTestActivity:0.2
DownloadModule:0.1811111111111111
BaseApplication:0.07333333333333333
