CurationSet:0.41333333333333333
DataLoader:0.36666666666666664
ApolloPanel:0.355
Transcript:0.35
Translation:0.32
Gene:0.2988888888888889
AnnotationEditor:0.22333333333333333
SiteView:0.21666666666666667
StrandedZoomableApolloPanel:0.20666666666666667
DrawableAnnotatedSeqFeature:0.18
FlexibleTextFeatureTierManager:0.15333333333333332
