MvpFrameLayout:0.3233333333333333
MvpLinearLayout:0.3233333333333333
MvpRelativeLayout:0.3233333333333333
MembersActivity:0.2733333333333333
