GrizzlyResponseBodyPart:0.6066666666666667
GrizzlyResponse:0.49333333333333335
NettyResponse:0.23333333333333334
ResponseBase:0.21333333333333335
