ExportSharedFilesHandler:0.4633333333333333
LibraryTab:0.32666666666666666
