FeedFactory:0.44333333333333336
LookAndFeelSettings:0.35333333333333333
LookAndFeelPlugin:0.3466666666666667
