TransportSQLActionTest:0.4033333333333333
Planner:0.35333333333333333
FunctionInfo:0.2833333333333333
PlannerTest:0.23333333333333334
Visitor:0.19944444444444445
OrderBySymbolVisitor:0.19
TestMetaDataModule:0.17333333333333334
