Impl:0.5
FontMapper:0.29
Mapper:0.20666666666666667
FontUI:0.11333333333333333
