CMap:0.7066666666666667
HazelcastClientTest:0.37833333333333335
MPut:0.285
