HopSymbolTableWalker:0.5233333333333333
HopLexer:0.52
HopParser:0.48833333333333334
