PhraseSuggestionContext:0.5033333333333333
PhraseSuggestionBuilder:0.4666666666666667
SuggestSearchTests:0.25
PhraseSuggester:0.21666666666666667
NoisyChannelSpellChecker:0.20333333333333334
PhraseSuggestParser:0.17
