PDFViewer:0.5833333333333334
OutlineComponent:0.5216666666666666
CompareTreeCellRenderer:0.34111111111111114
