AtomDegreeDescriptor:0.31333333333333335
BondsToAtomDescriptor:0.31333333333333335
AtomHybridizationDescriptor:0.31333333333333335
DistanceToAtomDescriptor:0.31333333333333335
AtomValenceDescriptor:0.31333333333333335
EccentricConnectivityIndexDescriptor:0.15333333333333332
