LinearGradientPainter:0.18769757
RoundedBackgroundPainter:0.16102119
GlassPainter:0.11530986
FlatPainter:0.109316766
