GwtTeamingMessages:0.506388888888889
ForgottenPwdDlg:0.32666666666666666
LoginDlg:0.29333333333333333
AdminControl:0.26777777777777784
GwtRpcServiceImpl:0.26777777777777784
GwtServerHelper:0.23666666666666666
SendForgottenPwdEmailCmd:0.06
SendForgottenPwdEmailRpcResponseData:0.05333333333333334
