Visitor:0.5416666666666666
CrawlDatum:0.4
Page:0.39
Fetcher:0.38
HttpRequest:0.37
Crawler:0.3566666666666667
FileUtils:0.34
RegexRule:0.27
HttpResponse:0.26
Proxys:0.25
Links:0.17666666666666667
DemoJSCrawler:0.11666666666666667
DemoHttpRequest:0.11166666666666666
FetcherThread:0.11
QueueFeeder:0.05
DemoPostCrawler:0.043333333333333335
Config:0.03333333333333333
