Base:0.51
Project:0.44333333333333336
Corpus:0.32
Text:0.30333333333333334
