NamedParameterDescription:0.5392222222222222
ParamLocationRecognizer:0.4
HQLQueryPlan:0.38
QueryPlanCache:0.25666666666666665
ParameterParser:0.19333333333333333
