Network:0.52
BufferLogger:0.49333333333333335
LoaderUtilities:0.44666666666666666
FrameworkConfiguration:0.29
AbstractEditorOverlay:0.2833333333333333
EventProcessor:0.2633333333333333
JFXRendererBridge:0.24666666666666667
UACDSParameterLink:0.24
SwingEditorOverlay:0.23666666666666666
OutputMessageProcessor:0.22166666666666668
JFXEditorOverlay:0.22
CheckDefinitionARINCRefTest:0.20166666666666666
AbstractServerEngine:0.18666666666666668
SymbolOval:0.185
ServerNotificationNeverTest:0.17333333333333334
XMLMapItemAttr:0.17333333333333334
ServerNotificationDefaultTest:0.17333333333333334
ServerNotificationNoAutoConnectTest:0.15666666666666668
JarDependencyTest:0.14833333333333334
OutputEventQueue:0.14666666666666667
ServerNotificationAutoConnectTest:0.14
AbstractUACDSLink:0.13666666666666666
ServerNotificationMultiAppliTest:0.12666666666666668
ServerNotificationTempoOnConnectionTest:0.12333333333333334
ServerNotificationTempoOnConnection2Test:0.12333333333333334
ServerNotificationTempoOnConnection4Test:0.12333333333333334
ServerNotificationTempoOnConnection3Test:0.12333333333333334
ARINCDefinitionVerifier:0.12
InstrumentedMessageProcessor:0.07666666666666666
