CallsCount:0.83
B2BService:0.2833333333333333
B2BServiceTest:0.12333333333333334
