HtmlTable:0.6972222222222222
Form:0.4666666666666667
SimpleHtmlElementCreator:0.2916666666666667
