ClientConnectionManagerImpl:0.5266666666666666
ThreadLeakClientTest:0.25333333333333335
ClientReconnectTest:0.25
