DBMon:0.5583333333333333
Session:0.54
DBMonFactory:0.43666666666666665
Index:0.37
Util:0.36
jdbcConnection:0.2633333333333333
HsqlDatabaseProperties:0.2625
Table:0.26
Expression:0.25
DatabaseManager:0.24333333333333335
jdbcDataSource:0.22666666666666666
jdbcStatement:0.21333333333333335
jdbcResultSet:0.20333333333333334
jdbcPreparedStatement:0.19666666666666666
DatabaseCommandInterpreter:0.18333333333333332
TransactionManager:0.18333333333333332
jdbcDataSourceFactory:0.15
