Packet:0.4686666666666666
Manager:0.4166666666666667
Socket:0.38666666666666666
Parser:0.25666666666666665
IO:0.19111111111111112
Decoder:0.18333333333333332
UrlTest:0.11
ParserTest:0.11
BinaryReconstructor:0.04666666666666667
Url:0.043333333333333335
Encoder:0.03333333333333333
