RedissonSortedSet:0.6533333333333333
BinarySearchResult:0.45
RedissonSubSortedSet:0.4033333333333333
ConcurrentRedissonSortedSetTest:0.17
