OcspTestUtils:0.6066666666666667
OcspResponseGeneratorSessionBean:0.5433333333333333
StandaloneOcspResponseGeneratorSessionTest:0.4
