GenericRepRap:0.6133333333333333
GCodeRepRap:0.4066666666666667
BooleanGridList:0.38333333333333336
