ClassInfo:0.5066666666666667
ThreadInfo:0.49666666666666665
Class:0.37333333333333335
SystemState:0.36333333333333334
Memento:0.2738888888888889
JPF_java_lang_System:0.22333333333333333
AnnotationProxyBase:0.2
JPF_java_lang_Class:0.18666666666666668
TestAttrs:0.1780952380952381
JPF_gov_nasa_jpf_AnnotationProxyBase:0.023055555555555555
