StoreScp:0.42333333333333334
StgCmtScuScpService:0.29333333333333333
StudyMgtScuService:0.27666666666666667
MPPSScuService:0.27666666666666667
MWLScuService:0.27666666666666667
PPSScuService:0.27666666666666667
MoveScuService:0.27666666666666667
HL7SendService:0.27666666666666667
FileSystemMgtService:0.2733333333333333
MCMScuService:0.22666666666666666
QueryRetrieveScpService:0.21333333333333335
IANScuService:0.19
StgCmtScuScp:0.14333333333333334
MoveScp:0.14333333333333334
