ComponentReferenceTest:0.5561111111111111
AWTHierarchy:0.4644444444444444
AWTHierarchyTest:0.25666666666666665
