View:0.7283333333333334
CollectionBaseAction:0.29333333333333333
CarrierWithSectionsTest:0.15333333333333332
RemoveCustomReportColumnAction:0.12666666666666668
