DictionarySubjectAreaSerializer:0.3466666666666667
DictionaryModelSerializer:0.28
SubjectAreaEntity:0.24666666666666667
CommentEntity:0.23666666666666666
DictionaryRelationSerializer:0.19833333333333333
DictionaryTableSerializer:0.19444444444444445
DictionaryDomainSerializer:0.19166666666666668
DictionaryCommentSerializer:0.08666666666666667
DictionarySerializer:0.06
ModelList:0.0011111111111111111
