Vehicle:0.54
Unit:0.5333333333333333
RandomUtil:0.5033333333333333
Facility:0.4533333333333333
StoreroomFacility:0.3933333333333333
Task:0.37333333333333335
Person:0.36666666666666664
Settlement:0.35
MaintenanceGarageFacility:0.3161111111111111
NaturalAttributeManager:0.2833333333333333
UnitManager:0.2733333333333333
GreenhouseFacility:0.25666666666666665
MechanicalFailure:0.2377777777777778
TaskManager:0.21666666666666667
PersonDialog:0.21333333333333335
MarsClock:0.20666666666666667
LaboratoryFacility:0.19833333333333333
VehicleDialog:0.19666666666666666
LivingQuartersFacility:0.19111111111111112
DriveGroundVehicle:0.17666666666666667
VirtualMars:0.17666666666666667
MasterClock:0.175
InsituResourceProcessorFacility:0.15333333333333332
FacilityManager:0.14666666666666667
RepairMechanicalFailure:0.07305555555555555
DisembarkAtSettlement:0.06977777777777779
EmbarkFromSettlement:0.06333333333333334
TravelToSettlement:0.035
Relax:0.03
Rover:0.02
MaintainVehicle:0.011111111111111112
TendGreenhouse:0.0033333333333333335
