MockRepository:0.52
PathUtils:0.3333333333333333
ElasticsearchIntegrationTest:0.32
RepositoryBlocksTests:0.29
IndexWithShadowReplicasTests:0.24666666666666667
IndexRecoveryTests:0.24666666666666667
IndicesOptionsIntegrationTests:0.24
Environment:0.20888888888888887
RestoreBackwardsCompatTests:0.20333333333333334
SharedClusterSnapshotRestoreTests:0.19666666666666666
SnapshotBlocksTests:0.19666666666666666
CorruptedFileTest:0.19333333333333333
DedicatedClusterSnapshotRestoreTests:0.18
SnapshotBackwardsCompatibilityTest:0.18
Security:0.16861111111111113
RepositoriesTests:0.15
FsRepository:0.13666666666666666
EnvironmentTests:0.013333333333333334
