DriverDataSource:0.7183333333333334
Vertica:0.7136111111111111
DbSupportFactory:0.32666666666666666
