BoundedLocalCache:0.555
EventDispatcher:0.4266666666666667
EventTypeAwareListener:0.2866666666666667
