Criteria:0.49666666666666665
Filter:0.3933333333333333
InlineFilterTest:0.3466666666666667
PathCompilerTest:0.2733333333333333
PathCompiler:0.2733333333333333
SingleFilter:0.2633333333333333
FilterTest:0.24666666666666667
IssuesTest:0.24333333333333335
Utils:0.20666666666666667
JSONEntityFunctionTest:0.19
ComplianceTest:0.07
ListReverser:0.033650793650793646
