CommonConfiguration:0.5566666666666666
JFXPainterUtils:0.5366666666666666
SwingUtilsFactory:0.2966666666666667
StandAloneServerGUI:0.2833333333333333
ClientWidget:0.27666666666666667
ClientConfigurationParser:0.26111111111111107
ARINC661App:0.25333333333333335
ARINCSettings:0.25333333333333335
GraphicUtilsFactory:0.24666666666666667
ScenarioPanel:0.23666666666666666
DecoderMessageDialog:0.23333333333333334
ScriptPanel:0.23333333333333334
ComboBoxEditRenderer:0.23
ComboBoxRenderer:0.21666666666666667
ClientWrapper:0.21
JFXUtilsFactory:0.19777777777777777
ToggleButtonRenderer:0.19
MapsPlugin:0.16666666666666666
CockpitPlugin:0.15
ArcCircleRenderer:0.15
LookCapacitiesDialog:0.15
ConvertFromSynth2Dialog:0.14666666666666667
LookDefinitionDialog:0.14666666666666667
ConvertToSynth2Dialog:0.14666666666666667
ErrorPanelInternal:0.12333333333333334
MainLibrariesDependencyTest:0.10333333333333333
TreeEditorActionHelper:0.08333333333333333
UIMappingHandler:0.07
ScrollListRenderer:0.06666666666666667
ChooserRunnable:0.023333333333333334
CheckBoxRenderer:0.02
JFXExtensionFileFilter:0.006666666666666667
DependencyPrinter:0.0
