BoundedLocalCache:0.52
BBHeader:0.4592619047619047
BLCHeader:0.4592619047619047
Stresser:0.24
