AudioRecorder:0.45
AudioPlayer:0.38
AudioDecoder:0.36333333333333334
AudioEncoder:0.31733333333333336
AudioReceiverAction:0.16805555555555554
AudioSenderAction:0.14
