ResourceLoaderUtility:0.7516111111111111
LoadXmlOperatorListUtility:0.2991666666666667
