ANTLRParser:0.37
TestASTStructure:0.35333333333333333
GrammarAST:0.2833333333333333
ANTLRLexer:0.28
ASTVerifier:0.25416666666666665
BasicSemanticTriggers:0.21666666666666667
Grammar:0.2
BasicSemanticChecks:0.18333333333333332
DFA63:0.15
DFA44:0.12
DFA66:0.12
GrammarASTAdaptor:0.09277777777777778
TerminalAST:0.0375
DFA1:0.03
BlockAST:0.02666666666666667
SemanticsPipeline:0.01
