JFXPanelWithChildrenTest:0.4066666666666667
JFXLayerTreeEditorCreate1Test:0.2966666666666667
JFXLayerTreeEditorCreate2Test:0.26
Logging4Test:0.25666666666666665
JFXPanelWithChildren2Test:0.22666666666666666
LayerTreeEditorCreate4Test:0.20666666666666667
JFXBasicContainerWithChildrenTest:0.17666666666666667
