TestingHelpers:0.8066666666666666
ScalarFunctionModule:0.5683333333333334
ToDoubleFunctionTest:0.25666666666666665
ToFloatFunctionTest:0.25666666666666665
