Keyboard:0.4266666666666667
BaseAL:0.33666666666666667
Mouse:0.26666666666666666
Controller:0.26666666666666666
