ContentControl:0.5633333333333334
ShowCollectionViewEvent:0.5233333333333333
EventHelper:0.45
