DB:0.7066666666666667
MSequence:0.36333333333333334
ImpFormat:0.22050000000000003
Convert_PostgreSQL:0.19333333333333333
