AbstractTestQueries:0.6527777777777777
TestLocalQueries:0.41
TestDistributedQueries:0.37666666666666665
