CoolHeader:0.8833333333333333
MColorChooser:0.19472222222222224
MTip:0.18583333333333335
MStatusBar:0.17
ToggleButton:0.14
Page:0.12666666666666668
