RubyDebuggerProxy:0.6
RubyThread:0.4533333333333333
RubyDebugTarget:0.44333333333333336
