FieldFormatter:0.3933333333333333
charEditor:0.29
intEditor:0.2633333333333333
FieldEditor:0.25333333333333335
textEditor:0.20333333333333334
intEnumEditor:0.11
charEnumEditor:0.11
