NoViableAltException:0.59
ParserATNSimulator:0.43333333333333335
DefaultErrorStrategy:0.33666666666666667
LexerNoViableAltException:0.2966666666666667
