AtmosphereResourceImpl:0.7266666666666667
GlassFishv2CometSupport:0.23666666666666666
AsynchronousProcessor:0.2277777777777778
Grizzly2CometSupport:0.22666666666666666
AsyncSupport:0.22166666666666668
JBossWebSocketSupport:0.17333333333333334
TomcatCometSupport:0.14
JBossWebCometSupport:0.14
Servlet30CometSupport:0.13
NettyCometSupport:0.10666666666666667
JettyCometSupport:0.10666666666666667
Tomcat7CometSupport:0.08333333333333333
GrizzlyCometSupport:0.056666666666666664
Jetty7CometSupport:0.05
BlockingIOCometSupport:0.03333333333333333
