MsgManager:0.33
NetworkManager:0.32666666666666666
BandwidthManager:0.31666666666666665
HostManager:0.31666666666666665
UploadManager:0.2866666666666667
GWebCacheManager:0.2683333333333333
StatisticsManager:0.22666666666666666
PhexSecurityManager:0.20666666666666667
QueryManager:0.20333333333333334
ChatManager:0.19726190476190478
ShareManager:0.1838888888888889
Ip2CountryManager:0.18003968253968253
UpdateManager:0.1767063492063492
