PopModel:0.52
PopPanel:0.41333333333333333
PartnerThread:0.31666666666666665
