JobSupport:0.5033333333333333
TradeJobFunctionalTests:0.22666666666666666
AbstractCustomerCreditIncreaseTests:0.22333333333333333
JdbcJobRepositoryTests:0.21333333333333335
CompositeItemWriterSampleFunctionalTests:0.16333333333333333
HibernateFailureJobFunctionalTests:0.15
FlatFileOrderWriterTests:0.13
ConfigurableSystemProcessExitCodeMapper:0.12666666666666668
JobLauncherDetailsTests:0.12166666666666667
OrderItemReaderTests:0.11333333333333333
ExceptionThrowingItemReaderProxyTests:0.11333333333333333
RemoteLauncherTests:0.11
ConfigurableSystemProcessExitCodeMapperTests:0.07
JobExecutionNotificationPublisherTests:0.01
OrderTransformerTests:0.01
