JalAction:0.39
JalToggleAction:0.3016666666666667
SeqPanel:0.3
JalToggleGroup:0.21416666666666667
ControllerDebugListener:0.21333333333333335
ConservationColourAction:0.2111111111111111
ColourMenu:0.19333333333333333
SequenceEdit:0.12666666666666668
