Frontier:0.7766666666666666
FrontierMarker:0.4533333333333333
