IssueAttachmentDAOImpl:0.4033333333333333
IssueAttachmentDAO:0.25666666666666665
