SnmpStrategy:0.56
SnmpTrapHelper:0.5066666666666667
SnmpV1TrapBuilder:0.5
JoeSnmpStrategy:0.47333333333333333
SnmpTrapBuilder:0.43111111111111106
TestTrapProcessor:0.34365079365079365
Snmp4JStrategy:0.30666666666666664
TrapHandler:0.28
JoeSnmpValue:0.27666666666666667
SnmpUtils:0.27
TrapHandlerTest:0.25333333333333335
SnmpUtilsTest:0.22333333333333333
EventCreator:0.21916666666666668
V1TrapInformation:0.18
Snmp4JValue:0.135
TrapIdentity:0.13
RegistrationInfo:0.08333333333333333
Snmp4JV2TrapBuilder:0.07333333333333333
Snmp4JV1TrapBuilder:0.065
Snmp4JTrapNotifier:0.03666666666666667
SnmpInt32Factory:0.03333333333333333
SnmpIPAddressFactory:0.03333333333333333
SnmpOpaqueFactory:0.03333333333333333
SnmpTimeTicksFactory:0.03333333333333333
SnmpObjectIdFactory:0.03333333333333333
SnmpCounter32Factory:0.03333333333333333
SnmpGauge32Factory:0.03333333333333333
SnmpCounter64Factory:0.03333333333333333
JoeSnmpV1TrapBuilder:0.03
VarBindFactory:0.025833333333333333
SnmpOctetStringFactory:0.016666666666666666
SnmpNullFactory:0.006666666666666667
TestTrapListener:0.006666666666666667
JoeSnmpV2TrapBuilder:0.0033333333333333335
