JoddUploadTest:0.36666666666666664
JoddHttpTest:0.36666666666666664
JoddUpload:0.25
