DefinitionService:0.7366666666666667
JbpmDefinitionLogic:0.37666666666666665
DefinitionServiceDelegateLocalImpl:0.36666666666666664
DefinitionServiceDelegateRemoteImpl:0.36666666666666664
JbpmDefinitionServiceBean:0.32666666666666666
DefinitionServiceDelegate:0.19416666666666665
ProcessDefinitionTypeNotPresentException:0.0011111111111111111
