KeyManyToOneTest:0.51
AbstractPropertyMapping:0.5
LazyKeyManyToOneTest:0.30666666666666664
DerivedIdentitySimpleParentIdClassDepTest:0.2633333333333333
