GenericProcessLauncher:0.4266666666666667
Setup1D1N1C:0.35
TestJPPFJobSLA:0.2966666666666667
Setup1D1N:0.29333333333333333
SimpleTask:0.16666666666666666
TestJPPFClient:0.06
