WithCustomProperties:0.46
MethodDelegation:0.41
MethodDelegationBinderProcessorTest:0.24
StreamWriting:0.19333333333333333
AgentBuilderInstallationListenerTest:0.17666666666666667
PoolStrategy:0.15833333333333333
Processor:0.10333333333333333
Appender:0.05333333333333334
BindingResolver:0.04
