ARCWriterTest:0.5011111111111111
DiskQueueTest:0.41
DiskBackedQueueTest:0.27666666666666667
TmpDirTestCase:0.24
