BitMappedTrie:0.5066666666666667
StreamTest:0.36
Vector:0.3566666666666667
Tuple:0.30666666666666664
Collections:0.2833333333333333
Stream:0.27
ArrayType:0.26666666666666666
TupleTest:0.20666666666666667
CharArrayType:0.14777777777777776
DoubleArrayType:0.14777777777777776
FloatArrayType:0.14777777777777776
IntArrayType:0.14777777777777776
BooleanArrayType:0.14777777777777776
ByteArrayType:0.14777777777777776
LongArrayType:0.14777777777777776
ShortArrayType:0.14777777777777776
ObjectArrayType:0.1461111111111111
IterableWithSize:0.04666666666666667
