ParserATNSimulator:0.42
Predicate:0.4
TestParserExec:0.30333333333333334
PrecedencePredicate:0.24333333333333335
OR:0.24
ParserFactory:0.21666666666666667
ProfilingATNSimulator:0.17666666666666667
AND:0.16333333333333333
PredicateEvalInfo:0.13666666666666666
