URIStore:0.37833333333333335
SimpleSelector:0.33666666666666667
SimpleStore:0.31
HostInfoUpdater:0.23666666666666666
URISelector:0.21177777777777776
ToeThread:0.16333333333333333
StatisticsTracker:0.10333333333333333
CrawlController:0.04
