Statistics:0.5566666666666666
Reporter:0.5466666666666666
