TribeIT:0.67
TribeNodeClusterStateTaskExecutor:0.555
TribeService:0.21666666666666667
TribeClusterStateListener:0.16666666666666666
