SqlExpressionGroup:0.6
Exps:0.4266666666666667
CustomizedSqlsTest:0.12333333333333334
