Builder:0.5833333333333334
Loader:0.5666666666666667
Generator:0.43333333333333335
