Scoping:0.59
InjectorImpl:0.35333333333333333
ConstructorBindingImpl:0.24666666666666667
BindingProcessor:0.24
InternalFactoryToProviderAdapter:0.21666666666666667
NullableInjectionPointTest:0.19583333333333336
