ITypeLibTest:0.4033333333333333
COMUtils:0.38333333333333336
ITypeLib:0.23333333333333334
ITypeInfo:0.22
COMObject:0.15666666666666668
OaIdl:0.03333333333333333
WORDbyReference:0.01
