ReceiverProxy:0.34
SenderProxy:0.34
Context:0.305
ClientConductor:0.21666666666666667
ArchiveConductor:0.18666666666666668
MediaDriver:0.15333333333333332
Archiver:0.14
DriverConductorProxy:0.12333333333333334
