FileAppenderFactory:0.4693333333333334
SyslogAppenderFactory:0.4033333333333333
AbstractAppenderFactory:0.3933333333333333
ConsoleAppenderFactory:0.36
LoggingFactoryTest:0.23
