TmxMapLoader:0.43666666666666665
AtlasTiledMapLoader:0.3566666666666667
TiledMap:0.28
TideMapLoader:0.17666666666666667
Parameters:0.12883333333333333
TiledMapAtlasAssetManagerTest:0.03333333333333333
