BlogReferer:0.49666666666666665
BlogRefererGroup:0.47333333333333333
RefererLogPlugin:0.18333333333333332
