DrawableFeatureSet:0.49666666666666665
FeatureSet:0.4666666666666667
FindPanel:0.25333333333333335
EditMenu:0.17666666666666667
LongValidator:0.12666666666666668
