SelectStatementAnalyzerTest:0.5466666666666666
TestMetaDataModule:0.48194444444444445
InnerVisitor:0.2833333333333333
