MethodInfo:0.5366666666666666
ProxyPointcutSupport:0.42
AllRealMethodsPointcut:0.27666666666666667
MethodAnnotationPointcut:0.16333333333333333
ClassInfo:0.13
AllSettersPointcut:0.12
AllGettersPointcut:0.12
AllMethodsPointcut:0.1
AllTopMethodsPointcut:0.1
