TransformDataLoader:0.51
IColumnTransform:0.3458730158730159
TransformDataLoaderTest:0.3233333333333333
DataExtractorContext:0.31666666666666665
SimpleRouterContext:0.27666666666666667
AbstractXmlPublisherExtensionPoint:0.22333333333333333
ICacheContext:0.205
SubstrColumnTransform:0.17333333333333334
AdditiveColumnTransform:0.15333333333333332
AbstractTransformer:0.09666666666666666
BshColumnTransform:0.07333333333333333
CopyColumnTransform:0.016666666666666666
ConstantColumnTransform:0.016666666666666666
TransformDataExtractor:0.01
