Swagger:0.4166666666666667
Operation:0.4166666666666667
SecurityDefinition:0.39
SecurityRequirement:0.3428174603174603
Reader:0.27
