SarosView:0.38666666666666666
SarosPreferences:0.3433333333333333
RemoteBotEditor:0.3225
StfRemoteObject:0.2633333333333333
STFController:0.24
PEView:0.23666666666666666
TestLinkFinder:0.19333333333333333
