LocalDateTimeConverter:0.3433333333333333
OffsetDateTimeConverter:0.3433333333333333
LocalDateConverter:0.16
LocalTimeConverter:0.16
ZonedDateTimeConverter:0.16
