ConcordancesEditor:0.55
VocabularyEditor:0.5033333333333333
CooccurrencesEditor:0.3233333333333333
ReferencerEditor:0.31
