LayerRendererBridge:0.39
AbstractRenderingPainter:0.32
SwingRendererBridge:0.28
NumericReadoutRenderer:0.27666666666666667
NumericReadoutTextRenderer:0.27666666666666667
AbstractEditBoxNumericRenderer:0.27666666666666667
EditBoxNumericBCDRenderer:0.23666666666666666
JFXRendererBridge:0.23333333333333334
LabelTextRenderer:0.08
JFXUIDefinition:0.03
