SplitManager:0.54
PartitionChunkSupplier:0.3566666666666667
ImportManager:0.31333333333333335
ImportField:0.29
