SystemContext:0.4
ClassLoaderUtil:0.38333333333333336
ApplicationContextFactory:0.36333333333333334
SystemContextLocator:0.2633333333333333
ProcessLogs:0.22666666666666666
LdapLoginModule:0.13
SpringInterceptor:0.023333333333333334
