ObjectKeys:0.7633333333333333
CoreDao:0.6966666666666667
DefinitionModule:0.5333333333333333
AdminModule:0.45366666666666666
DefinitionModuleImpl:0.25666666666666665
AdminModuleImpl:0.23666666666666666
CoreDaoImpl:0.23
ProfileModuleImpl:0.21
WebHelper:0.19333333333333333
ProfileDaoImpl:0.18
DefaultProfileCoreProcessor:0.18
ZoneModuleImpl:0.17333333333333334
