StringUtils:0.38666666666666666
Main:0.34
FeatureDetector:0.29133333333333333
OracleMigrationMediumTest:0.2866666666666667
CommandLineLargeTest:0.2733333333333333
ClassPathScanner:0.17666666666666667
MigrateServlet:0.13666666666666666
CompositeMigrationResolver:0.13
StringUtilsSmallTest:0.12
