Lexer:0.5066666666666667
Parser:0.33
BaseTest:0.30333333333333334
NoViableAltException:0.3
TreeParser:0.29333333333333333
MismatchedRangeException:0.29
Recognizer:0.29
MismatchedTreeNodeException:0.27
FailedPredicateException:0.27
EarlyExitException:0.25666666666666665
RecognitionException:0.25333333333333335
MismatchedSetException:0.24
LexerInterpreter:0.21722222222222218
TestTokenTypeAssignment:0.21333333333333335
MismatchedTokenException:0.21
BaseRecognizer:0.20666666666666667
ATNConfig:0.18
TreeFilter:0.13
TestParserExec:0.07666666666666666
