ParserRule:0.56
TokenMarker:0.5466666666666666
XModeHandler:0.2966666666666667
