Vertex:0.6166666666666667
Graph:0.47333333333333333
ModelHelper:0.25
DirectedGraphFactory:0.23666666666666666
DirectedGraph:0.19333333333333333
TreeLayoutAlgorithm:0.18
EdgeLayoutHelper:0.15666666666666668
Tree:0.15666666666666668
AbstractGraphFactory:0.14666666666666667
CircularLayoutAlgorithm:0.14333333333333334
RandomLayoutAlgorithm:0.12666666666666668
CircularGraph:0.11333333333333333
DnDIdle:0.11
Circle:0.07666666666666666
Animation:0.07
