SaxDefaultHandler:0.681111111111111
SaxErrorHandler:0.6074444444444445
