AtomContainerSet:0.6433333333333333
AtomContainerSetManipulator:0.5266666666666666
AtomContainerSetTest:0.47
SetOfMoleculesManipulator:0.32
DebugAtomContainerSet:0.27
DebugChemObjectBuilder:0.23333333333333334
DefaultChemObjectBuilder:0.22333333333333333
ReactionBalancer:0.22
RssWriter:0.20666666666666667
IDCreator:0.20333333333333334
JChemPaintAbstractApplet:0.19333333333333333
ConjugatedPiSystemsDetector:0.19
ConjugatedPiSystemsDetectorTest:0.19
RDFProtonDescriptor:0.1880952380952381
NoNotificationChemObjectBuilder:0.18166666666666667
PiContactDetectionDescriptor:0.15976190476190477
IsProtonInConjugatedPiSystemDescriptor:0.15976190476190477
MdatadebugTests:0.09
MstandardTests:0.09
MnonotifyTests:0.08
MdataTests:0.08
StandardSubstructureSets:0.07666666666666666
NNAtomContainerSet:0.05
AtomContainerSetManipulatorTest:0.0425
NNAtomContainerSetTest:0.03166666666666667
DebugAtomContainerSetTest:0.02666666666666667
