MoreLikeThisQueryBuilder:0.43
Item:0.36333333333333334
MoreLikeThisQuery:0.3433333333333333
MoreLikeThisQueryBuilderTests:0.22
MoreLikeThisIT:0.13
