Session:0.3933333333333333
BaseListener:0.25
BaseXhrListener:0.23666666666666666
JsonPListener:0.13666666666666666
HtmlFileListener:0.13333333333333333
EventSourceListener:0.13333333333333333
XhrStreamingListener:0.013333333333333334
