PatriciaTrie:0.6966666666666667
DataStructures:0.33
RadixTreePrinter:0.2122222222222222
