OperationServiceImpl:0.2966666666666667
QueryTest:0.29
LockTest:0.2733333333333333
ScheduledBackup:0.27
MapContainer:0.23333333333333334
MapStoreTest:0.21666666666666667
ScheduledBackupProcessor:0.18129894179894185
EvictionTest:0.18
ClientTestSupport:0.15333333333333332
ClientCompatibleTestsSuit:0.12
