LexicalTableEditor:0.46
LineLabelProvider:0.33
LineContentProvider:0.27666666666666667
LexicalTableEditorInput:0.25333333333333335
MatrixImpl:0.23
CorporaView:0.21166666666666667
RepartitionEditorInput:0.2075
DeleteObject:0.16966666666666666
ComputeRepartition:0.10666666666666667
ComputeCorrespondanceAnalysis:0.09966666666666667
ComputeLexicalTable:0.08333333333333333
IImageKeys:0.08
AdapterFactory:0.06333333333333334
