Native:0.5366666666666666
Platform:0.41
NativeLibrary:0.3616666666666667
CallbackReference:0.3566666666666667
StructureTest:0.29
