Dropout:0.67
IDropout:0.5533333333333333
ISchedule:0.5533333333333333
AlphaDropout:0.47333333333333333
