Response:0.4066666666666667
MockRetrofitTest:0.36333333333333334
DoWorkService:0.25144444444444447
ExecutorCallAdapterFactoryTest:0.16
ResultTest:0.13
MockGitHub:0.12333333333333334
SimpleMockService:0.06666666666666667
