Layer:0.57
MultiLayerNetwork:0.42333333333333334
FrozenLayer:0.31333333333333335
ComputationGraph:0.30666666666666664
VPTree:0.2833333333333333
VariationalAutoencoder:0.27666666666666667
LSTM:0.25333333333333335
RastriginFunctionModel:0.25333333333333335
SphereFunctionModel:0.25333333333333335
RosenbrockFunctionModel:0.25333333333333335
GravesBidirectionalLSTM:0.24666666666666667
VPTreeFillSearch:0.23333333333333334
BaseLayer:0.19333333333333333
ConvolutionLayer:0.18
GravesLSTM:0.17666666666666667
VpTreeNodeTest:0.12666666666666668
MovingWindowDataSetFetcher:0.11333333333333333
