SqrlAuthenticationController:0.4511111111111111
SqrlInitialAction:0.38666666666666666
OneTimeTokenQRGeneratorController:0.22944444444444448
