Util:0.77
InsertImpl:0.4666666666666667
MergeImpl:0.24666666666666667
