DataHandler:0.86
AnsiDataHandler:0.5233333333333333
AnsiDataHandlerTest:0.17666666666666667
HistoryServlet:0.17333333333333334
ManageServlet:0.14
PrintableServlet:0.13333333333333333
MediaWikiXmlExporter:0.13333333333333333
DiffServlet:0.12666666666666668
