ObjectViewTopComponent:0.7733333333333333
CreateMultipleBusinessObjectAction:0.29555555555555557
ShowObjectViewAction:0.2954444444444444
