Gate:0.6033333333333334
JFontChooser:0.36
Main:0.23
MainFrame:0.22666666666666666
Files:0.19333333333333333
LogArea:0.18666666666666668
NewResourceDialog:0.16
AppearanceDialog:0.15333333333333332
ResourceInstantiationException:0.11666666666666667
LoadResourceFromFileAction:0.10333333333333333
ExecutionException:0.1
RunAction:0.07333333333333333
OptionsMap:0.07
ExitGateAction:0.033888888888888885
GateConstants:0.013333333333333334
