AccessUserAspect:0.8733333333333333
AccessUserAspectData:0.49333333333333335
AccessTreeNodeTest:0.2833333333333333
AccessTreeNode:0.23
