UncompressedLongCursor:0.4766666666666667
UncompressedCursor:0.4766666666666667
UncompressedSliceCursor:0.4766666666666667
