PublishClusterStateAction:0.46
ESIntegTestCase:0.39666666666666667
ZenDiscovery:0.36666666666666664
AckIT:0.35
DiscoveryWithServiceDisruptionsIT:0.29
Custom:0.26
NodeFaultDetectionListener:0.21333333333333335
SendingController:0.14333333333333334
PublishClusterStateActionTests:0.07333333333333333
CommitClusterStateRequest:0.023333333333333334
ZenDiscoveryUnitTest:0.023333333333333334
CommitClusterStateRequestHandler:0.017388888888888888
SendClusterStateRequestHandler:0.017388888888888888
NewPendingClusterStateListener:0.017388888888888888
