HTMLTableElement:0.7866666666666666
HtmlSerializer:0.5391666666666667
