jdbcResultSet:0.5066666666666667
TestDateTime:0.2633333333333333
FileUtil:0.2577777777777778
CountParsedSection:0.25666666666666665
ParsedSection:0.25083333333333335
jdbcStatement:0.23416666666666666
jdbcPreparedStatement:0.22416666666666665
TestUtil:0.20333333333333334
TestSql:0.20111111111111113
ConnectionDialogCommon:0.19
ResultSetParsedSection:0.19
Binary:0.17
StringUtil:0.06
UpdateParsedSection:0.05333333333333334
