ApacheResponseFuture:0.8066666666666666
ApacheAsyncHttpProvider:0.37666666666666665
Relative302Test:0.29333333333333333
