HeliosClient:0.8033333333333333
Jobs:0.3463333333333333
DeploymentTest:0.26666666666666666
JobsResource:0.25333333333333335
