RelationCrawler:0.5666666666666667
FileRelations:0.4533333333333333
