Redisson:0.5866666666666667
RedissonSortedSet:0.44
RedissonListMultimapValues:0.31666666666666665
CommandSyncExecutor:0.263
CommandSyncService:0.25922222222222224
