SarosSessionManager:0.7566666666666667
OutgoingSessionNegotiation:0.5133333333333333
