RobolectricTestRunner:0.5088888888888888
RobolectricFrameworkMethod:0.44
ParallelUniverseTest:0.4066666666666667
RobolectricTestRunnerTest:0.20444444444444446
MyRobolectricTestRunner:0.07888888888888888
