URLConnectionTest:0.6216666666666667
HttpURLConnectionImpl:0.512
HttpsURLConnectionImpl:0.4033333333333333
