DlgBox:0.5833333333333334
RunAReportDlg:0.3466666666666667
ManageUsersDlg:0.32666666666666666
