GeoLocation:0.7133333333333334
IP2CountryLocatorProvider:0.29833333333333334
PageImpressionRecorder:0.2966666666666667
MetaData:0.25666666666666665
LocaleManager:0.25
ServiceRequestImpl:0.23333333333333334
TestLocaleManager:0.15
TestingServiceRequest:0.14333333333333334
AcceptLanguages:0.14
LocalizationLocator:0.12
NoLookupIPLocatorProvider:0.11
GeoIPLocatorProvider:0.10333333333333333
