ClientCacheProxy:0.48
CacheGetAllRequest:0.2277777777777778
CacheConfig:0.22666666666666666
CacheGetAndReplaceRequest:0.22333333333333333
HazelcastClientCacheManager:0.16
CacheGetRequest:0.12666666666666668
