SucceedingTestCase:0.5266666666666666
MethodTestDescriptor:0.22333333333333333
ClassTestDescriptor:0.21
