StagingItemProcessor:0.43666666666666665
FootballJobFunctionalTests:0.36666666666666664
StagingItemProvider:0.35
DerbyDataSourceFactoryBean:0.05
StagingItemProviderTests:0.05
StagingItemProcessorTests:0.0033333333333333335
