HttpRequest:0.36
HttpResponse:0.32
HttpUtil:0.29
HttpBase:0.2866666666666667
HttpUtilTest:0.18333333333333332
HttpBrowser:0.13666666666666666
