AnalyzeRequest:0.5966666666666667
AnalyzeToken:0.36333333333333334
AnalyzeResponse:0.32
TransportAnalyzeAction:0.18333333333333332
AnalyzeActionIT:0.17
AnalyzeRequestBuilder:0.13944444444444443
Fields:0.09666666666666666
TokenListCreator:0.09
RestAnalyzeAction:0.08833333333333333
