ClientAction:0.6333333333333333
Pac4jConfiguration:0.42
Pac4jWebflowConfigurer:0.2866666666666667
Pac4jErrorViewResolver:0.20333333333333334
