InputArgumentValues:0.7466666666666667
WadoRetrieveDelegate:0.2733333333333333
InputArgumentsParser:0.25333333333333335
