SyntenyLinkPanel:0.4766666666666667
SyntenyPanel:0.47333333333333333
SyntenyMenu:0.30666666666666664
ChromosomePanel:0.23666666666666666
ChromosomeDrawer:0.14
SyntenyMenuManager:0.13333333333333333
SyntenyViewMenu:0.09
SyntenyLinkPolygon:0.07944444444444444
SyntenyLinkMenu:0.041666666666666664
FullSyntenyPanel:0.016666666666666666
