EntityType:0.3466666666666667
EntityElementDelegate:0.29333333333333333
EntityDescriptor:0.2833333333333333
EntityGenerator:0.23666666666666666
