InferenceRule:0.5666666666666667
Solver:0.4988888888888889
BDDInferenceRule:0.37
