CakeInfo:0.5466666666666666
App:0.31
CakeBakingServiceImpl:0.2833333333333333
CakeBakingService:0.18333333333333332
