CAAdminSessionBean:0.38666666666666666
CertificateCacheTest:0.2733333333333333
ProtocolOcspHttpTest:0.27
CAAdminSessionLocal:0.26566666666666666
StoreServletBase:0.24
CRLCache:0.22666666666666666
CertStoreServlet:0.21333333333333335
ClearCacheServlet:0.14
CRLStoreServlet:0.12
CRLCacheFactory:0.11
CacheTester:0.05333333333333334
