XLGraph:0.4633333333333333
Library:0.41
LSystem:0.29333333333333333
PropertyQueue:0.27
Runtime:0.24666666666666667
RGGProducer:0.24555555555555558
