ModuleTestBase:0.5033333333333333
IMultipleForwardAction:0.3027420634920635
InvoiceTest:0.25333333333333335
ModuleManager:0.24
Result:0.21666666666666667
Module:0.2
JasperMultipleReportBaseAction:0.14666666666666667
GenerateCustomReportServlet:0.12
InvoiceTwoReportsAction:0.05333333333333334
