SearchUtils:0.57
User:0.43333333333333335
Criteria:0.35333333333333333
AbstractBinderResource:0.26666666666666666
SelfResource:0.18666666666666668
AbstractResource:0.16666666666666666
