ExecuteContext:0.43888888888888894
VisitContext:0.3466666666666667
RecordContext:0.3075555555555555
