GeneralUIPane:0.5516666666666666
SharingPane:0.44333333333333336
OptionsDialog:0.44333333333333336
NotificationsUIPane:0.2833333333333333
