HopParser:0.47
DFA7:0.09
DFA4:0.09
argument_expression_list_return:0.05333333333333334
combo_expression_return:0.05333333333333334
