SelectionSink:0.7066666666666667
View:0.48333333333333334
WindowManager:0.32666666666666666
Content:0.2866666666666667
AbstractChange:0.23
EditPlugin:0.20333333333333334
ViewDockable:0.18333333333333332
Output:0.17666666666666667
ContextHook:0.17
Table:0.16166666666666665
RunExternal:0.14833333333333334
CreateRelationship:0.13333333333333333
XRefBean:0.13333333333333333
CreateParent:0.12833333333333333
ResultWidget:0.11333333333333333
CopyIndividual:0.11
DelEntity:0.09666666666666666
Jump:0.08666666666666667
InteractionListener:0.07666666666666666
Callback:0.07666666666666666
CreateSpouse:0.05333333333333334
CreateSibling:0.05333333333333334
TogglePrivate:0.04666666666666667
EditActionGroup:0.04
CreateEntity:0.03666666666666667
SetPlaceHierarchy:0.03333333333333333
SwapSpouses:0.02666666666666667
SetSubmitter:0.02666666666666667
DelProperty:0.02
