Project:0.6266666666666667
ProjectInterface:0.5766666666666667
Listener:0.5166666666666667
ProjectController:0.3333333333333333
CruiseControlControllerJMXAdaptor:0.17333333333333334
BuildQueue:0.16
BuildProgressEvent:0.10666666666666667
BuildResultEvent:0.06666666666666667
MyListener:0.05
