MadvocConfig:0.49666666666666665
RequestScopeInjector:0.43333333333333335
AttrNames:0.23333333333333334
MoveResult:0.16666666666666666
