SelectStatementAnalyzerTest:0.46
ESGetNode:0.36
AnalyzedStatement:0.29
SelectAnalyzedStatement:0.2733333333333333
CopyAnalyzedStatement:0.2658333333333333
InsertFromSubQueryAnalyzedStatement:0.26527777777777783
BaseTransportExecutorTest:0.11666666666666667
Symbols:0.1025
