LocalMapStats:0.6719999999999999
LocalMapStatsImpl:0.5666666666666667
MapService:0.33
