FormsOQLTest:0.5866666666666667
MakumbaTestSetup:0.5166666666666667
