HostBasedAuthenticationTest:0.3
PostgresWireProtocolTest:0.2833333333333333
HttpAuthUpstreamHandlerTest:0.22333333333333333
AuthenticationModule:0.14666666666666667
UserFallbackModule:0.12
SslReqHandlerTest:0.11
