JFXTextArea:0.41333333333333333
JFXTextField:0.41333333333333333
JFXPasswordField:0.4066666666666667
RequiredFieldValidator:0.18666666666666668
ComboBoxController:0.08666666666666667
