Drawable:0.6166666666666667
FeatureProperty:0.48
DrawableSeqFeature:0.37
DrawableFeatureSet:0.33
PropertyScheme:0.28
FeatureView:0.21666666666666667
SiteView:0.21666666666666667
DrawableAnnotatedSeqFeature:0.20333333333333334
DrawableResultSeqFeature:0.18333333333333332
DrawableGeneSeqFeature:0.175
DrawableInsertSeqFeature:0.15333333333333332
DoubleHeadedArrow:0.11666666666666667
DrawableEnsemblFeatureSet:0.11666666666666667
Zigzag:0.11
DrawableGeneFeatureSet:0.10333333333333333
