jOOQAbstractTest:0.5766666666666667
Union:0.31857142857142856
