BlogProcessor:0.6266666666666667
BlogProcessorTestCase:0.23199999999999998
