BDDRelation:0.4266666666666667
InferenceRule:0.39
BDDSolver:0.26666666666666666
BDDInferenceRule:0.22666666666666666
DependenceNavigator:0.2
