TrainingSetVisualPanel1:0.30666666666666664
NewNeuralNetworkVisualPanel1:0.2966666666666667
MultiLayerPerceptronVisualPanel1:0.27305555555555555
PerceptronVisualPanel1:0.21866666666666665
MaxnetVisualPanel1:0.215
OutstarVisualPanel1:0.215
CompetitiveNetworkVisualPanel1:0.215
SupervisedHebbianVisualPanel1:0.215
InstarVisualPanel1:0.215
RBFVisualPanel1:0.215
BAMVisualPanel1:0.215
HopfieldVisualPanel1:0.215
UnsupervisedHebbianVisualPanel1:0.215
KohonenVisualPanel1:0.215
