Mem:0.42333333333333334
OsInfo:0.30666666666666664
Swap:0.26
OsProbe:0.26
OsStats:0.25666666666666665
Bootstrap:0.25333333333333335
OsService:0.24
OsProbeHolder:0.2063968253968254
RestNodesAction:0.12333333333333334
MonitorModule:0.09333333333333334
ProcessProbeBenchmark:0.03
Fields:0.02666666666666667
