CassandraClientConfig:0.6135555555555556
CassandraSplitManager:0.4666666666666667
