JaxrsMessageBodyProvider:0.5383333333333333
ServiceLauncher:0.4266666666666667
JaxrsService:0.3566666666666667
