JoinedSubclassEntityPersister:0.6366666666666667
Pool:0.3903333333333333
JoinedSubclassAndSecondaryTable:0.16333333333333333
