Mesh:0.5633333333333334
VertexBufferObject:0.5033333333333333
