IManager:0.6144444444444443
B:0.29161111111111115
Manager:0.29
JavaManagerMethodTest:0.2833333333333333
