AbstractHarvester:0.5583333333333333
AbstractParams:0.26
CategoryMapper:0.21
UUIDMapper:0.21
UriMapper:0.18333333333333332
GroupMapper:0.18333333333333332
