CurrentBuildStatusBootstrapperTest:0.3333333333333333
CurrentBuildStatusPublisher:0.31333333333333335
CurrentBuildStatusPublisherTest:0.27666666666666667
CurrentBuildFileWriter:0.25666666666666665
CurrentBuildStatusBootstrapper:0.25333333333333335
