Jedis:0.4533333333333333
BinaryJedisCommands:0.3466666666666667
JedisCommands:0.3466666666666667
Commands:0.3466666666666667
BinaryClient:0.27
PipelineBlock:0.26
Client:0.26
Pipeline:0.26
ShardedJedis:0.25
BinaryJedis:0.11666666666666667
BinaryShardedJedis:0.10666666666666667
