ExtendedStats:0.69
InternalExtendedStats:0.5133333333333333
ExtendedStatsAggregator:0.31444444444444447
ExtendedStatsTests:0.29
Fields:0.24666666666666667
Factory:0.07333333333333333
ExtendedStatsParser:0.06444444444444444
ExtendedStatsBuilder:0.023333333333333334
