Jedis:0.54
BinaryClient:0.39666666666666667
Pipeline:0.37333333333333335
Client:0.2966666666666667
SortedSetCommandsTest:0.2866666666666667
BinaryJedisCommands:0.2833333333333333
JedisCommands:0.2833333333333333
Commands:0.2833333333333333
ShardedJedis:0.2733333333333333
BinaryTransaction:0.21666666666666667
BinaryJedis:0.18666666666666668
BinaryShardedJedis:0.18333333333333332
