TexturePacker2:0.665
Settings:0.44333333333333336
TexturePackerFileProcessor:0.36833333333333335
