TableTester:0.31
TextTester:0.3
Check:0.26
ItemPath:0.21333333333333335
TableItemTester:0.17666666666666667
IndexMatcher:0.11666666666666667
LabeledTextMatcher:0.013333333333333334
