PropertyDate:0.8255555555555555
ProxyDate:0.32666666666666666
