MalfunctionManager:0.5133333333333333
Malfunction:0.41333333333333333
EVASuit:0.3466666666666667
CollectRockSamples:0.30333333333333334
Task:0.26
TaskManager:0.23666666666666666
Vehicle:0.21666666666666667
Settlement:0.21666666666666667
MaintenanceGarage:0.21333333333333335
Facility:0.17
CollectRockSamplesMission:0.16666666666666666
RepairEVAMalfunction:0.16333333333333333
MalfunctionFactory:0.15666666666666668
TravelToSettlement:0.14666666666666667
EatMeal:0.13666666666666666
Equipment:0.13333333333333333
Repair:0.09666666666666666
RepairMalfunction:0.04
Airlockable:0.03666666666666667
RepairEmergencyMalfunction:0.013333333333333334
ExitAirlock:0.01
EnterAirlock:0.01
