Container:0.7966666666666666
GrooveToGlossary:0.38
GraphNodeTypes:0.21333333333333335
