Config:0.5633333333333334
TierProperty:0.5166666666666667
Style:0.45666666666666667
TiersIO:0.24777777777777782
PropertyScheme:0.23133333333333336
