BsonValueCodecProvider:0.5333333333333333
BsonDocumentCodec:0.45666666666666667
BsonArrayCodec:0.3433333333333333
