TypeConversionTest:0.6833333333333333
IpType:0.5766666666666667
FunctionNames:0.014071428571428572
