WebSocket:0.7066666666666667
WebSocketServer:0.3333333333333333
WebSocketClient:0.28
ChatServer:0.20111111111111113
WebsocketWorker:0.16777777777777778
ChatClient:0.15444444444444444
WebSocketServerFactory:0.03
