ObjectiveCImplementationGeneratorTest:0.44333333333333336
FunctionizerTest:0.37666666666666665
Types:0.33
StatementGeneratorTest:0.30666666666666664
UnsequencedExpressionRewriterTest:0.30333333333333334
StatementGenerator:0.29333333333333333
AutoboxerTest:0.27666666666666667
TreeVisitor:0.24
ImplementationImportCollector:0.21333333333333335
RewriterTest:0.20333333333333334
InitializationNormalizerTest:0.19333333333333333
OperatorRewriter:0.12333333333333334
