ThemeManager:0.39
Switch:0.37333333333333335
CheckBox:0.2833333333333333
RadioButton:0.2833333333333333
CheckedTextView:0.15333333333333332
CompoundButton:0.15333333333333332
