ProblemIAsolver:0.6733333333333333
BytecodeUtils:0.37
SymbolicReal:0.25666666666666665
SymbolicConstraintsGeneral:0.21333333333333335
