AbstractCacheRecord:0.43
CacheDataRecord:0.4066666666666667
CacheObjectRecord:0.4066666666666667
