Local:0.31833333333333336
ActorRef:0.2866666666666667
SupervisorActor:0.2833333333333333
GenServerActor:0.2325
GenEventActor:0.22916666666666666
GenBehaviorActor:0.22666666666666666
LocalActorRef:0.16
