JUnit3ClassWithAnnotatedMethod:0.47172222222222226
AllMembersSupplier:0.4166666666666667
HasDataPointsListFieldWithOverlyGenericTypes:0.3983333333333333
HasDataPointsListField:0.3983333333333333
ComparisonCompactor:0.29
FailOnTimeout:0.29
JUnit38ClassRunner:0.2866666666666667
AllMembersSupplierTest:0.1
CallableStatement:0.07948941798941801
HasDataPointsListMethod:0.07712301587301587
JUnit38ClassRunnerTest:0.04694444444444445
