TypeCheckTester:0.779388888888889
TextToSpeech:0.38333333333333336
