TestSpec:0.39666666666666667
TestSpecLexer:0.38333333333333336
TestSpecParser:0.35333333333333333
MethodTester:0.24
TestMethodTest:0.19666666666666666
