DataGap:0.51
IDataService:0.38333333333333336
DataService:0.37
ParameterConstants:0.36666666666666664
RouterServiceTest:0.24
DataGapDetector:0.16333333333333333
DefaultParameterParser:0.15188888888888888
