NearCacheConfig:0.31
ReplicatedMapDataSerializerHook:0.23666666666666666
NearCachePreloaderConfig:0.23
MapDataSerializerHook:0.22
NearCacheConfigReadOnly:0.18833333333333332
PassThroughMergePolicy:0.18666666666666668
LatestUpdateMapMergePolicy:0.18666666666666668
PutIfAbsentMapMergePolicy:0.18666666666666668
HigherHitsMapMergePolicy:0.18666666666666668
WanReplicationConfig:0.17333333333333334
WanConsumerConfig:0.16333333333333333
WanPublisherConfig:0.16333333333333333
MergePolicyProvider:0.14333333333333334
NearCachePreloaderConfigReadOnly:0.11833333333333333
PutIfAbsentMapMergePolicyTest:0.11666666666666667
PassThroughMapMergePolicyTest:0.11
EntryRemovingProcessor:0.10333333333333333
LatestUpdateReplicatedMapMergePolicyTest:0.08333333333333333
HigherHitsReplicatedMapMergePolicyTest:0.08333333333333333
FactoryIdHelper:0.07666666666666666
