RubyElementLabels:0.6133333333333333
RubyElementLabelProvider:0.38666666666666666
RubyElementImageProvider:0.18
RubyElementSorter:0.15333333333333332
RubyElementImageDescriptor:0.15
StorageLabelProvider:0.08333333333333333
RubyUILabelProvider:0.08
StatusBarUpdater:0.043333333333333335
MemberFilter:0.035
AppearanceAwareLabelProvider:0.03333333333333333
MemberFilterAction:0.006666666666666667
DecoratingRubyLabelProvider:0.006666666666666667
