QueryInfo:0.6824603174603174
SearcherLogger:0.49666666666666665
