CompositeTest:0.3
DbH2TestCase:0.29333333333333333
DbHsqldbTestCase:0.29333333333333333
EntityCacheTest:0.2866666666666667
DbOomTest:0.22333333333333333
DbTransactionTest:0.20333333333333334
DbHintTest:0.14666666666666667
DbOom2Test:0.14333333333333334
DbEnumTest:0.14
DbNoTableTest:0.14
MappingTest:0.14
