ApertureBundlesStartTest:0.5177777777777777
ThunderbirdAddressbookActivator:0.45166666666666666
ApertureRuntimeActivator:0.08666666666666667
