Field:0.7033333333333334
Factory:0.69
AbstractField:0.31
jOOQAbstractTest:0.22
SybaseDatabase:0.21666666666666667
IngresDatabase:0.205
DefaultGenerator:0.20333333333333334
jOOQOracleTest:0.18666666666666668
PostgresDatabase:0.17666666666666667
IngresTableDefinition:0.16333333333333333
Cast:0.15944444444444442
jOOQTest:0.14
Trim:0.07666666666666666
Lpad:0.06
Rpad:0.06
Repeat:0.05333333333333334
