ActiveXObject:0.3433333333333333
DocumentTest:0.32666666666666666
Node:0.32666666666666666
Document:0.32666666666666666
NodeTest:0.31
HTMLDocument:0.29333333333333333
DomText:0.2773333333333333
XMLDocument:0.22266666666666665
DomTextTest:0.14
XMLDocumentTest:0.12333333333333334
CDATASectionTest:0.006666666666666667
