BootStrapDialog:0.6266666666666667
BootStrap:0.5075
CreateResourceRunner:0.15333333333333332
