Simulator:0.5133333333333333
StoredGrammarView:0.36333333333333334
PrologView:0.2733333333333333
GenericGrammarView:0.25666666666666665
