JmxColumnHandle:0.4033333333333333
JmxTableHandle:0.38
JmxSplit:0.2911111111111111
JmxMetadata:0.28
JmxPartition:0.21000000000000002
JmxRecordSetProvider:0.14777777777777779
JmxConnectorFactory:0.14666666666666667
JmxSplitManager:0.12666666666666668
TestJmxSplitManager:0.013333333333333334
