CompilerTestSuite:0.55
InheritanceTester:0.18
ActionsTester:0.15666666666666668
CurriculumTester:0.09333333333333334
NativeFunctionsTester:0.09333333333333334
UseTester:0.09333333333333334
IfStatementTester:0.07666666666666666
PublicPrivateTester:0.07666666666666666
LoopsTester:0.07666666666666666
