ContinuousSpectrumView:0.5483333333333333
InnerSpectrumListView:0.4266666666666667
PeakSpectrumView:0.31833333333333336
