PyObject:0.6333333333333333
PySequence:0.3933333333333333
PyDictionary:0.38
