SerialDataStore:0.7482777777777778
SaveToAction:0.3708333333333333
