DSL:0.7583333333333333
DataTypeTests:0.4033333333333333
jOOQAbstractTest:0.4
