ExecutionServiceBean:0.535
TaskVariableTDBuilder:0.35833333333333334
VariableLogic:0.23333333333333334
