PermissionConfig:0.5966666666666667
SpringXmlConfigBuilder:0.35333333333333333
SpringManagedContext:0.31666666666666665
