Operation:0.7866666666666666
OperationResponseHandler:0.36
OperationRunnerImpl:0.23666666666666666
TxnLockAndGetOperation:0.21
Invocation:0.19555555555555554
BasicRecordStoreLoader:0.16333333333333333
RemoveAllOperation:0.13666666666666666
GetAllOperation:0.13666666666666666
PostJoinOperation:0.13
ErrorLoggingResponseHandler:0.09333333333333334
RemoteInvocationResponseHandler:0.08666666666666667
OperationResponseHandlerImpl:0.07
NoResponseHandler:0.0625
UnlockResponseHandler:0.0625
