SpecFile:0.7966666666666666
ModelImporterTest:0.20666666666666667
