GlobalPoolingLayer:0.75
MaskedReductionUtil:0.17333333333333334
GlobalPoolingGradientCheckTests:0.016666666666666666
