Call:0.45666666666666667
OkHttpClient:0.4066666666666667
Dispatcher:0.2833333333333333
RecordingExecutor:0.25666666666666665
Factory:0.15
