ShamLaunchConfiguration:0.5966666666666667
ShamLaunchConfigurationWorkingCopy:0.5266666666666666
RubyArgumentsTab:0.3566666666666667
ShamProject:0.2783333333333333
RubyEntryPointTab:0.25666666666666665
ResourceSelector:0.24666666666666667
RubyApplicationShortcut:0.22611111111111115
ShamFile:0.21666666666666667
RubyEditor:0.15
RubyFileSelector:0.14944444444444446
RubyEnvironmentTab:0.13
RubyElementAdapterFactory:0.13
RubyPlugin:0.11666666666666667
DirectorySelector:0.07333333333333333
TC_RubyEntryPointTab:0.06166666666666667
RubyProjectSelector:0.05333333333333334
TS_Launcher:0.05333333333333334
RdtDebugUiConstants:0.04666666666666667
TC_RubyEnvironmentTab:0.03638888888888889
TC_RubyArgumentsTab:0.03638888888888889
