TransactionAwareProxyFactory:0.5433333333333333
TransactionAwareMapFactoryTests:0.2633333333333333
TransactionAwareListFactoryTests:0.18833333333333332
EmptyItemWriter:0.17666666666666667
TransactionAwareProxyFactoryTests:0.14
TargetSynchronization:0.12
