NestedLoopContext:0.5233333333333333
InnerPreparer:0.3566666666666667
PreparerContext:0.35
ContextPreparer:0.26
NestedLoopOperation:0.22
PageDownstreamFactory:0.18333333333333332
NodeOperationCtx:0.15111111111111108
AbstractRowReceiver:0.12666666666666668
ExecutionPhasesTask:0.11
