AbstractGenericClient:0.59
LoadBalancer:0.5683333333333334
SubmissionManager:0.24083333333333334
ClassServerDelegateImpl:0.19
