PySequence:0.32
PySliceDerived:0.30666666666666664
PyInstance:0.30333333333333334
__builtin__:0.30333333333333334
BuiltinFunctions:0.25
PySlice:0.20666666666666667
