CommunicationsStub:0.3466666666666667
LocalClassMetadataImpl:0.25
AttributeCustomizerTopComponent:0.24333333333333335
AttributeMetadataNode:0.2377777777777778
ClassMetadataNode:0.21666666666666667
NewAttributeAction:0.13666666666666666
AttributeMetadataChildren:0.09
ClassMetadataChildren:0.06333333333333334
ClassCustomizerNodeProperty:0.06
AttributeCustomizerService:0.03
