Actor:0.63
ActorEvent:0.5333333333333333
Event:0.5333333333333333
Group:0.44666666666666666
Stage:0.38666666666666666
EventListener:0.3272804232804233
PressedListener:0.31333333333333335
SelectBox:0.2966666666666667
FlickScrollPane:0.26666666666666666
ActorListener:0.2
SelectList:0.16666666666666666
StageTest:0.13166666666666665
Scene2dTest:0.059166666666666666
TouchFocus:0.043333333333333335
SelectBoxStyle:0.04
ClickListener:0.0
