FlowRegistryMBean:0.6766666666666666
FlowBuilder:0.63
FlowArtifactFactory:0.5066666666666667
FlowAssembler:0.37333333333333335
FlowHolder:0.3353333333333333
FlowRegistrar:0.3272804232804233
XmlFlowBuilder:0.3233333333333333
BaseFlowBuilder:0.2866666666666667
LocalFlowArtifactFactory:0.24666666666666667
AbstractFlowBuilder:0.21666666666666667
AbstractFlowRegistryFactoryBean:0.21000000000000002
FlowRegistryImpl:0.20333333333333334
FlowFactoryBean:0.19222222222222227
XmlFlowRegistrar:0.18333333333333332
LocalFlowArtifactRegistry:0.132205747955748
FlowArtifactFactoryAdapter:0.12666666666666668
BeanFactoryFlowArtifactFactory:0.12666666666666668
XmlFlowRegistryFactoryBean:0.08555555555555554
RefreshingFlowHolder:0.07111111111111112
XmlFlowFactoryBean:0.04388888888888889
FlowRegistry:0.03666666666666667
NoSuchFlowDefinitionException:0.01
FlowRegistryFlowArtifactFactory:0.0033333333333333335
