Comment:0.9266666666666666
ArticleQueryService:0.5866666666666667
CommentQueryService:0.22
CommentProcessor:0.19666666666666666
UserMgmtService:0.15333333333333332
CommentSender:0.14666666666666667
CommentMgmtService:0.13333333333333333
ChatRoomProcessor:0.13333333333333333
