NetworkConnection:0.6797777777777778
MockNetworkConnection:0.5833333333333334
TCPNetworkConnection:0.5366666666666666
NetworkHandler:0.25333333333333335
