InternalAwsS3Service:0.5166666666666667
S3Repository:0.425
AwsS3ServiceImplTests:0.32666666666666666
AbstractS3SnapshotRestoreTest:0.30333333333333334
S3RepositoryTests:0.19333333333333333
S3RepositoryPlugin:0.11666666666666667
