Platform:0.6733333333333333
NativeLibrary:0.6533333333333333
