AnnotationGraph:0.6366666666666667
Node:0.4955555555555555
