ControlView:0.5133333333333333
Simulator:0.4083333333333333
CAPanel:0.38333333333333336
