DicomImageWriter:0.483888888888889
ImageDiff:0.37833333333333335
DicomImageWriterTest:0.27
