AsyncHttpClientConfig:0.5733333333333334
Builder:0.4633333333333333
NettyAsyncHttpProvider:0.31333333333333335
NettyResponseFuture:0.23333333333333334
BasicAuthTest:0.18
ConnectionPoolTest:0.16666666666666666
MaxTotalConnectionTest:0.15333333333333332
RC10KTest:0.11333333333333333
AsyncHttpUrlConnection:0.10666666666666667
NoNullResponseTest:0.10333333333333333
