AbstractDAVServlet:0.48
VFSDAVStore:0.45666666666666667
MultiStatusResponse:0.38666666666666666
VFSPropFindResponse:0.2966666666666667
