Multiplicity:0.59
ShapeGraph:0.40111111111111114
ShapeCache:0.38666666666666666
ShapeFactory:0.35333333333333333
EdgeRecord:0.2733333333333333
