CDKResource:0.5433333333333333
CDKResourcePropertySource:0.5366666666666666
