EditorPanel:0.5466666666666666
EditorLayer:0.4066666666666667
LayerTreeEditor:0.29555555555555557
ARINC661App:0.26666666666666666
SymbolsEditor:0.25
EditorLayerWrapper:0.21666666666666667
ChangeWidgetEdit:0.19
