SelectPlannerTest:0.5733333333333334
WhereClauseAnalyzer:0.2866666666666667
WhereClauseOptimizer:0.27
ComparisonReplaceVisitor:0.21
GeneratedColumnExpander:0.14666666666666667
