JtdsStatement:0.5730000000000001
Support:0.405
XaTest:0.3433333333333333
PreparedStatementTest:0.2833333333333333
