PrestoResultSet:0.5533333333333333
ColumnInfo:0.39866666666666667
TestDriver:0.315
