VersionManager:0.7433333333333333
DatabaseHandler:0.5266666666666666
