WebFilterBasicTest:0.4
HazelcastInstanceLoader:0.37333333333333335
ClusteredSessionService:0.36333333333333334
HazelcastHttpSession:0.36
WebFilter:0.3333333333333333
RequestWrapper:0.23
DisconnectedHazelcastTest:0.20666666666666667
AbstractWebFilterTest:0.2
