AtmosphereHandler:0.6066666666666667
AtmosphereServlet:0.37722222222222224
AtmosphereConfigReader:0.24
