AsyncProvidersBasicTest:0.6233333333333333
MultipleHeaderTest:0.41333333333333333
AsyncStreamHandlerTest:0.295
