XMLElementTest:0.41333333333333333
XmlUtil:0.3933333333333333
XMLElement:0.3233333333333333
