ReportLoader:0.6211111111111112
AlmanacLoader:0.4266666666666667
WikipediaLoader:0.42333333333333334
