RendererPropertiesFactory:0.47711904761904766
CoursePoint:0.4166666666666667
RendererFactory:0.39666666666666667
LineCurveRenderer:0.2633333333333333
CourseArc:0.21666666666666667
JFXRendererPropertiesFactory:0.2
LineSegmentRenderer:0.185
Map2DRenderer:0.17333333333333334
JFXRenderersHandler:0.15
SwingRenderersHandler:0.15
TargetBind:0.1443915343915344
RenderersHandler:0.13
LineArcRenderer:0.12666666666666668
Target:0.11666666666666667
FilledPolyStartRenderer:0.10666666666666667
LineStartRenderer:0.10666666666666667
JFXCoursePoint:0.013333333333333334
JFXCourseArc:0.0033333333333333335
