NodeFactoryGenerator:0.5883333333333334
ManyToOneBuffer:0.24333333333333335
FastFlowBuffer:0.24333333333333335
Ehcache2:0.19333333333333333
MultiThreadedTest:0.06
