ParsedStatement:0.41
XContentGenerator:0.29333333333333333
QueryPlanner:0.20466666666666666
TransportSQLActionTest:0.19666666666666666
QueryPlannerTest:0.12666666666666668
