EvictionConfig:0.45666666666666667
XmlConfigBuilder:0.31333333333333335
SpringXmlBuilderHelper:0.25
InvalidConfigurationTest:0.21666666666666667
ConfigXmlGenerator:0.19333333333333333
SpringXmlConfigBuilder:0.19
CacheEvictionConfig:0.17
TestJCache:0.16
CacheEvictionConfigReadOnly:0.11833333333333333
CacheConfigTest:0.1
EvictionConfigReadOnly:0.043333333333333335
