Walker:0.5533333333333333
GenericElasticsearchScript:0.42583333333333334
WriterConstants:0.3588888888888888
Variable:0.32666666666666666
SSource:0.3
Compiler:0.25
NodeToStringTests:0.25
ScriptTestCase:0.20666666666666667
Locals:0.2
PainlessScriptEngine:0.15
