Table:0.8083333333333333
TableDDLUtils:0.46
TableAbstract:0.3466666666666667
Convention:0.013333333333333334
ModelConvention:0.0
SddConvention:0.0
KernelConvention:0.0
