AddTaskAction:0.43
ToolBar:0.41
MainMenuBar:0.2866666666666667
FilterTimeSlotsAction:0.14333333333333334
