MediaPageFragment:0.4533333333333333
MediaGridFragment:0.38666666666666666
SendMediaPageFragmentDataEvent:0.33
MediaPreviewFragment:0.30666666666666664
