PartialPiChargeDescriptor:0.38166666666666665
DescriptorValueTest:0.2733333333333333
RDFProtonDescriptor_G3R:0.24666666666666667
RDFProtonDescriptor_GHR:0.24666666666666667
RDFProtonDescriptor_GDR:0.24666666666666667
TaeAminoAcidDescriptor:0.24666666666666667
RDFProtonDescriptor_GSR:0.24666666666666667
RDFProtonDescriptor_GHR_topol:0.24666666666666667
PiContactDetectionDescriptor:0.24
IsProtonInAromaticSystemDescriptor:0.23
IPAtomicLearningDescriptor:0.23
PartialSigmaChargeDescriptor:0.23
DistanceToAtomDescriptor:0.23
BondsToAtomDescriptor:0.23
IsProtonInConjugatedPiSystemDescriptor:0.23
PartialTChargeMMFF94Descriptor:0.23
InductiveAtomicSoftnessDescriptor:0.21333333333333335
InductiveAtomicHardnessDescriptor:0.21333333333333335
ProtonAffinityHOSEDescriptor:0.21333333333333335
IPAtomicHOSEDescriptor:0.21
SigmaElectronegativityDescriptor:0.20083333333333334
StabilizationPlusChargeDescriptor:0.20083333333333334
QSARConvention:0.19666666666666666
AtomValenceDescriptor:0.19666666666666666
PeriodicTablePositionDescriptor:0.19666666666666666
VdWRadiusDescriptor:0.19666666666666666
AtomDegreeDescriptor:0.19666666666666666
AtomHybridizationDescriptor:0.19666666666666666
AtomHybridizationVSEPRDescriptor:0.19666666666666666
EffectiveAtomPolarizabilityDescriptor:0.19666666666666666
CovalentRadiusDescriptor:0.19666666666666666
ProtonTotalPartialChargeDescriptor:0.19333333333333333
PartialTChargePEOEDescriptor:0.11666666666666667
PiElectronegativityDescriptor:0.11666666666666667
