InstallPluginCommandTests:0.5166666666666667
InstallPluginCommand:0.3344444444444444
Environment:0.33
PathUtils:0.3
