Simple:0.4766666666666667
TransformedMethod:0.34
Resolver:0.25666666666666665
TokenTransformer:0.24046031746031743
MethodDefinition:0.1988888888888889
MethodTransformerSimpleTest:0.18
FieldDefinition:0.13805555555555554
