DeleteTransientEntityTest:0.5133333333333333
Cascade:0.49166666666666664
Address:0.26666666666666666
