GTS:0.5466666666666666
LTSReporter:0.29333333333333333
ShapeGenerator:0.25333333333333335
LTSDisplay:0.24666666666666667
ExplorationTest:0.20666666666666667
Generator:0.18333333333333332
TransSystemChecker:0.12333333333333334
