Document:0.45
HTMLDocument:0.4166666666666667
XMLDocument:0.41333333333333333
Window:0.37166666666666665
HtmlElement:0.36333333333333334
DocumentTest:0.34
XMLElement:0.3333333333333333
JavaScriptConfigurationTest:0.2866666666666667
HTMLCollection:0.2833333333333333
Node:0.22
ActiveXObject:0.21666666666666667
SimpleScriptableTest:0.20333333333333334
XMLHttpRequestTest:0.19
SgmlPage:0.18976190476190477
XmlPage:0.18666666666666668
Popup:0.18
StyleSheetList:0.07666666666666666
