Shape:0.7246111111111111
TestShapeGenerator:0.3466666666666667
