TableManager:0.4533333333333333
MakumbaSystem:0.42
Database:0.4166666666666667
Table:0.3333333333333333
copy:0.27666666666666667
ObjectToRecord:0.16333333333333333
