AbstractCasView:0.39666666666666667
CasServerProfileRegistrar:0.29333333333333333
CasServerProfile:0.2881666666666666
Cas30ResponseView:0.2633333333333333
CasDiscoveryProfileConfiguration:0.18
