DataLoaderContext:0.5533333333333333
IDataLoaderContext:0.41002777777777777
CsvLoader:0.31333333333333335
AbstractDataLoaderTest:0.2966666666666667
TokenConstants:0.24046031746031743
DataLoaderTest:0.22666666666666666
ColumnMatchDataRouter:0.19444444444444445
AddColumnsFilter:0.15666666666666668
