PacketExtensionUtils:0.6533333333333333
ConsistencyWatchdogHandler:0.2733333333333333
