JdbcTests:0.36666666666666664
TestHiveStorageFormats:0.24
SystemConnectorTests:0.17
TestAllDatatypesFromHiveConnector:0.16666666666666666
JmxConnectorTests:0.15
TestGroups:0.0
