Corpus:0.47333333333333333
CqiClient:0.35
SpecificitiesResultEditorInput:0.335
Query:0.3333333333333333
Subcorpus:0.2966666666666667
Specificites:0.27
QueryResult:0.17777777777777776
CorporaView:0.17333333333333334
ComputeSpecificities:0.15444444444444444
AdapterFactory:0.13
SpecificitiesTableEditor:0.11777777777777776
StructuralUnitProperty:0.07666666666666666
