ColorTest:0.6866666666666666
AJAXTest:0.5209444444444442
