Dimse:0.6866666666666666
ActiveAssociationImpl:0.47333333333333333
DimseImpl:0.2866666666666667
