ESIntegTestCase:0.8666666666666667
HttpChannelPipelineFactory:0.32666666666666666
