Types:0.6133333333333333
StatementGenerator:0.35
StatementGeneratorTest:0.29333333333333333
ImplementationImportCollector:0.25
ImplementationImportCollectorTest:0.21
ImportCollector:0.18
