Flow:0.7366666666666667
FlowVariable:0.4266666666666667
XmlFlowBuilder:0.37666666666666665
AbstractBeanInvokingAction:0.3433333333333333
