ParameterDescription:0.72
ParameterList:0.5172222222222222
Latent:0.4633333333333333
RebasedMethodSpecialMethodInvocation:0.2733333333333333
Token:0.27
Default:0.2633333333333333
Empty:0.23333333333333334
MethodDescriptionLatentTest:0.21666666666666667
SubclassInstrumentedType:0.20666666666666667
InlineInstrumentedType:0.20333333333333334
AbstractAnnotationDescriptionTest:0.19666666666666666
ForParameterizedType:0.18
ForRebasedConstructor:0.17
ForRebasedMethod:0.17
RebaseImplementationTargetSpecialMethodInvocationTest:0.14666666666666667
ImplementationSpecialMethodInvocationSimpleTest:0.13833333333333334
AbstractParameterDescription:0.07333333333333333
AbstractBase:0.0125
