ExternalRetryInBatchTests:0.6033333333333334
SynchronousTests:0.31666666666666665
ExternalRetryTests:0.21666666666666667
AbstractStaxEventReaderItemReaderTests:0.18666666666666668
InitializingDataSourceFactoryBean:0.17666666666666667
AbstractStaxEventWriterItemWriterTests:0.15333333333333332
AsynchronousTests:0.15333333333333332
MessagingTests:0.13666666666666666
