DownloadEntity:0.49
CommonUtil:0.35333333333333333
DownloadTarget:0.29333333333333333
DownloadTask:0.27
Builder:0.2655
AbsEntity:0.26
UListener:0.25
AbsTarget:0.20333333333333334
SqlHelper:0.20333333333333334
SingleTaskActivity:0.2
ChildDownloadListener:0.19666666666666666
DListener:0.18666666666666668
DownloadGroupUtil:0.17
DownloadGroupTarget:0.16666666666666666
GroupModule:0.16333333333333333
DownloadFragment:0.16333333333333333
DownloadGroupTask:0.16277777777777777
DownloadGroupActivity:0.15666666666666668
AriaProcessor:0.14333333333333334
DownloadReceiver:0.1
FileInfoThread:0.08833333333333333
AbsTaskEntity:0.0
