KernelData:0.52
FFmpegFrameGrabber:0.5
Match:0.4866666666666667
opencv_videostab:0.2763333333333334
swresample:0.19333333333333333
CameraParams:0.19333333333333333
SelfSimDescriptor:0.18916666666666668
MatchesInfo:0.18916666666666668
DescriptorExtractor:0.17333333333333334
FeatureDetector:0.17333333333333334
