Mirror:0.8333333333333334
Loadings:0.33666666666666667
NutLoading:0.20333333333333334
