PartialPiChargeDescriptor:0.5366666666666666
PartialPiChargeDescriptorTest:0.39666666666666667
GasteigerMarsiliPartialCharges:0.29
QSARDescriptorTests:0.29
