JacksonJsonNodeJsonProvider:0.5077777777777777
GsonJsonProvider:0.5077777777777777
AbstractJsonProvider:0.3333333333333333
