InMemoryLookupTable:0.68
SkipGram:0.32
CBOW:0.25333333333333335
Word2VecTests:0.22666666666666666
GloVe:0.16
ElementsLearningAlgorithm:0.15833333333333333
VectorCalculationsThread:0.14833333333333334
