Acknowledgement:0.6533333333333333
AcknowledgementTest:0.4033333333333333
AcknowledgementFactory:0.14333333333333334
