DeploymentGroupEventFactory:0.4533333333333333
ZooKeeperMasterModel:0.3566666666666667
RollingUpdateOpFactory:0.30883333333333335
RollingUpdateOpFactoryTest:0.20666666666666667
