Property:0.5966666666666667
Context:0.38666666666666666
Model:0.36666666666666664
ViewManager:0.28
NavigatorView:0.27666666666666667
Content:0.21333333333333335
TreeView:0.21
PropertyTableWidget:0.19333333333333333
Results:0.18166666666666667
TableView:0.17666666666666667
PropertyTreeWidget:0.17333333333333334
EditViewFactory:0.17
PropertyTest:0.16666666666666666
SearchView:0.16
InteractionListener:0.15666666666666668
Paste:0.15444444444444444
Cancel:0.14
ChoosePropertyBean:0.12333333333333334
Copy:0.10666666666666667
Cut:0.09666666666666666
AdvancedEditor:0.09666666666666666
Callback:0.006666666666666667
