PreparingDessert:0.44666666666666666
TabPanelFoodProduction:0.25
FoodProductionPanel:0.22
BuildingPanelMedicalCare:0.20777777777777778
TabPanelManufacture:0.20333333333333334
BuildingPanelManufacture:0.2
BuildingPanelCooking:0.14
TabPanelCooking:0.13
BuildingPanelPreparingDessert:0.10222222222222223
BuildingPanelFoodProduction:0.03
