ExportProviderImpl021:0.6166666666666667
ExportProviderImpl03:0.2272222222222222
