BCJCPPopupController:0.5
JCPMultiPageEditorContributor:0.26666666666666666
JcpSelection:0.23611111111111113
AddHydrogenAction:0.22333333333333333
CopyPasteAction:0.16333333333333333
CleanupAction:0.13666666666666666
PasteAction:0.13666666666666666
InsertSmilesListener:0.13666666666666666
CreateSmilesAction:0.13666666666666666
