CronetClientStreamTest:0.5633333333333334
CronetClientStream:0.37666666666666665
CronetCallOptions:0.34
Sink:0.23333333333333334
