RingBuffer:0.6984444444444444
ManyToOneRingBuffer:0.42333333333333334
EventLogger:0.4166666666666667
EventCodec:0.33666666666666667
DriverConductor:0.25666666666666665
BroadcastReceiver:0.20666666666666667
DissectFunction:0.17
DriverListenerAdapter:0.1
MessageHandler:0.036166666666666666
CopyBroadcastReceiver:0.02
