OAuthConfig:0.55
ServiceBuilder:0.47333333333333333
OAuthService:0.42333333333333334
