Style:0.47
GraphToTikz:0.4622222222222222
TikzStylesExtractor:0.3373333333333333
