GenericPhysicalConnection:0.4816666666666667
ClassMetadata:0.45
Kuwaiba:0.36333333333333334
BackendBeanRemote:0.33666666666666667
BackendBean:0.23
Building:0.19
GenericCorporateService:0.17333333333333334
GenericDataService:0.10666666666666667
Cabinet:0.08666666666666667
GenericService:0.07666666666666666
GenericPhysicalElement:0.01
GenericHomeService:0.0
XDSLService:0.0
