RuntimeEnvironment:0.6933333333333334
IndexDatabase:0.33
RCSRepository:0.29333333333333333
HistoryGuru:0.23472222222222225
RCSHistoryParser:0.22833333333333333
RCSget:0.21833333333333332
FileHistoryCache:0.19666666666666668
