CommunicationBean:0.43666666666666665
EvidenceDescriptionListBean:0.33
EvidenceTypeListBean:0.29
TermAliasBean:0.25
GeneModelTypeBean:0.25
NullGeneModelTypeBean:0.19222222222222224
NullCommunicationBean:0.19222222222222224
NullTermAliasBean:0.19222222222222224
