HtmlCheckBoxInput:0.39
HtmlRadioButtonInput:0.39
HtmlSerializer:0.3233333333333333
HtmlCheckBoxInputTest:0.21
HtmlRadioButtonInputTest:0.18666666666666668
