SearchFilter:0.8133333333333334
FilterController:0.27666666666666667
SearchFilterRequestParser:0.20666666666666667
ListFolderController:0.11333333333333333
SearchFilterKeys:0.03
ObjectKeys:0.03
WebKeys:0.03
