FunctionVariableInterpreter:0.43166666666666664
PredicateVariableInterpreter:0.43166666666666664
SubjectVariableInterpreter:0.4266666666666667
DynamicInterpreter:0.39666666666666667
