Signature:0.6266666666666667
FunctionListBuilder:0.25
FunctionRegistry:0.24666666666666667
TestEffectivePredicateExtractor:0.24
Visitor:0.22333333333333333
Signatures:0.20500000000000002
ReflectionWindowFunctionSupplier:0.17555555555555558
TestSignature:0.13666666666666666
