OutputLayer:0.7866666666666666
OutputLayerTest:0.21666666666666667
