FeatureChangeEvent:0.8094444444444445
AnnotationChangeEvent:0.21333333333333335
