RecordedRequest:0.65
MockWebServer:0.3077777777777778
URLConnectionTest:0.2966666666666667
HttpOverSpdyTest:0.24
CallTest:0.23666666666666666
MockWebServerTest:0.23666666666666666
InterceptorTest:0.20666666666666667
ResponseCacheTest:0.20666666666666667
CacheTest:0.19666666666666666
UrlConnectionCacheTest:0.19666666666666666
CookiesTest:0.19333333333333333
HttpOverHttp20Draft16Test:0.15666666666666668
