JSONScanner:0.6933333333333334
DefaultExtJSONParser:0.5966666666666667
ASMDeserializerFactory:0.2633333333333333
JavaBeanSerializer:0.2569444444444445
TypeUtils:0.22
AbstractJSONParser:0.19333333333333333
ASMSerializerFactory:0.19
JavaBeanDeserializer:0.19
DefaultJSONParser:0.16
EishayDecodeBytes:0.14
ArrayListTypeFieldDeserializer:0.10666666666666667
DefaultFieldDeserializer:0.10333333333333333
BenchmarkTest:0.09333333333333334
