Function:0.6066666666666667
Factory:0.4888888888888889
AggregateWindowFunctionTests:0.32666666666666666
