IssueService:0.7013333333333334
IssueDAO:0.6089722222222222
IssueServiceImpl:0.3466666666666667
IssueDAOImpl:0.32
EditIssueFormAction:0.26876190476190476
IssueNavigationUtil:0.21333333333333335
