TestDescriptor:0.7938888888888889
JUnit4TestDescriptor:0.38333333333333336
AbstractTestDescriptor:0.3233333333333333
