LocalResourceScan:0.55
WebResourceScan:0.36333333333333334
AbstractResourceScan:0.35333333333333333
