SQLUtility:0.38
FedoraServerTestSetup:0.30666666666666664
TestServerConfiguration:0.25333333333333335
ExecUtility:0.22666666666666666
ParameterizedTestCase:0.13333333333333333
StreamReaderThread:0.12666666666666668
FedoraTestConstants:0.0
