GlobalDashboardNode:0.5166666666666667
OpenDashboardAction:0.30666666666666664
GlobalDashboardChildren:0.24666666666666667
GlobalDashboardSetNode:0.22
