Definition:0.7233333333333334
Database:0.6733333333333333
DataTypeDefinition:0.6066666666666667
UDTDefinition:0.5116666666666667
AbstractDatabase:0.4266666666666667
DefaultDataTypeDefinition:0.4066666666666667
JavaGenerator:0.34
NameImpl:0.23
AbstractElementContainerDefinition:0.195
AbstractDefinition:0.175
DefaultGeneratorStrategy:0.16
AbstractTypedElementDefinition:0.14666666666666667
AbstractUDTDefinition:0.14
PostgresUDTDefinition:0.10333333333333333
JDBCTableDefinition:0.08333333333333333
