ElementValidator:0.6866666666666666
AttributeMember:0.3233333333333333
