AnonymousAuthenticationToken:0.8216666666666667
AnonymousProcessingFilter:0.3466666666666667
