Seq:0.35333333333333333
Nil:0.2833333333333333
AbstractSeqTest:0.26
Queue:0.22
Cons:0.21333333333333335
IndexedSeq:0.2
CharSeq:0.19666666666666666
