Node:0.4033333333333333
Group:0.39142857142857146
Parameter:0.35333333333333333
Role:0.3466666666666667
User:0.31333333333333335
InnerList:0.2966666666666667
Permission:0.2966666666666667
VirtualFile:0.24666666666666667
PreliminaryUser:0.24666666666666667
ShopSettings:0.24666666666666667
AbstractExtendedAddress:0.24
TaxGroup:0.23
Questionnaire:0.22
Attachment:0.22
ContentLocalizationMap:0.21666666666666667
CountryHitCounter:0.21333333333333335
Survey:0.21333333333333335
Price:0.21333333333333335
CommandBuilder:0.21333333333333335
CommandMatcher:0.21
Option:0.21
StatisticsServer:0.20666666666666667
AbstractBasicEntity:0.20166666666666666
View:0.2
PIRecord:0.18666666666666668
AbstractValue:0.18
AbstractImageGroup:0.17476190476190476
SitemapSectionTag:0.17333333333333334
AbstractQuestion:0.17166666666666666
StoreContentImageGroup:0.17
Page:0.16666666666666666
AbstractTypedAnswer:0.16666666666666666
Selection:0.15
ChangePasswordRequest:0.15
ChangeEmailRequest:0.15
