StringTools:0.5066666666666667
StringToolsTest:0.39666666666666667
CharSet:0.3933333333333333
EjbcaWSTest:0.37666666666666665
CertificateCreateSessionTest:0.20333333333333334
