WebSocketImpl:0.6066666666666667
Draft_6455:0.53
AutobahnServerTest:0.4033333333333333
