GwtRpcService:0.4948888888888888
ActivityStreamCtrl:0.3433333333333333
GwtTeamingMessages:0.31666666666666665
ActivityStreamUIEntry:0.29
GwtRpcServiceAsync:0.28444444444444444
GwtMainPage:0.24666666666666667
GwtRpcServiceImpl:0.18666666666666668
