LogUtils:0.7433333333333333
SpectrumEditor:0.39
SubmitWizard:0.21333333333333335
SubmitJob:0.17833333333333334
SpecMolEditor:0.16666666666666666
NewFromNmrshiftdbWizard:0.16333333333333333
AddSpectrumWizard:0.14
ElucidateWizard:0.13666666666666666
Create2dHandler:0.11333333333333333
PeakPickingAction:0.10666666666666667
DownloadSpectraWizard:0.10333333333333333
