MemberState:0.5366666666666666
ManagementCenterService:0.34
ExecutorManager:0.3
MemberStateImpl:0.2733333333333333
TimedMemberState:0.25666666666666665
MemberCall:0.24333333333333335
HazelcastTest:0.21
RequestExecutor:0.15333333333333332
MembersCall:0.15
ManagementCenterConfigCallable:0.09944444444444445
