Strings:0.5833333333333334
View:0.4066666666666667
