MapReduceUtil:0.6733333333333333
ClusterJoinTest:0.27666666666666667
MapReduceTest:0.2633333333333333
PartitionProcessor:0.18055555555555555
SingleExecutionProcessor:0.15105555555555555
MapCombineTask:0.12333333333333334
