Group:0.7066666666666667
Table:0.4633333333333333
StagePerformanceTest:0.18
LwjglDebugStarter:0.15
