FormDefinitionLoader:0.53
SpareInventoryObjectsDashboardWidget:0.4666666666666667
WarehouseManagerComponent:0.3466666666666667
MiniAppRackView:0.33
