ConcurrentDocumentManager:0.7233333333333334
XMPPChatTransmitter:0.4066666666666667
ActivitySequencer:0.23
ConsistencyAction:0.21
ConsistencyWatchdog:0.16
DocumentListener:0.14
