Settings:0.6055555555555556
PdfTestUtils:0.32
PdfBurster:0.3
SettingsTest:0.16
BursterSettings:0.07333333333333333
ConfigurableBurstTokenDelimitersTest:0.056666666666666664
BurstTokenDelimiters:0.0
