RegisterSet:0.5966666666666667
HyperLogLog:0.5566666666666666
HyperLogLogPlus:0.49333333333333335
TestHyperLogLogPlus:0.22333333333333333
