MongoCollection:0.6633333333333333
MongoDatabase:0.41
ClientAdministrationImpl:0.3233333333333333
MongoClient:0.3078888888888889
DatabaseAdministrationImpl:0.2863888888888889
CommandOperationHelper:0.2633333333333333
CollectionAdministrationImpl:0.25
DatabaseAcceptanceTest:0.24
MongoCollectionImpl:0.22083333333333333
CollectionAdministration:0.16253968253968254
MongoDatabaseImpl:0.14666666666666667
Fixture:0.13333333333333333
CollectionAcceptanceTest:0.12333333333333334
MongoClientImpl:0.07
