Wallet:0.7083333333333334
WalletTool:0.42
MnemonicCode:0.36666666666666664
