TestModule:0.5186111111111111
PlannerTest:0.4033333333333333
SysShardsTableInfo:0.4
