SqlStageExecution:0.47
SqlQueryExecution:0.35
SqlQueryManager:0.3466666666666667
ImportTableExecution:0.2733333333333333
QueryManager:0.26566666666666666
QueryExecution:0.25666666666666665
LocationFactory:0.20666666666666667
SimpleQuery:0.16
ServerMainModule:0.11
MockQueryManager:0.10833333333333334
HttpLocationFactory:0.08
QueryResource:0.06666666666666667
