NetworkPublication:0.39
Publication:0.37222222222222223
DriverConductor:0.33666666666666667
LogBufferDescriptor:0.33666666666666667
ClientConductor:0.3
Aeron:0.2911111111111111
ClientConductorTest:0.25
Context:0.20333333333333334
