CoreDao:0.77
ProfileDaoImpl:0.29
BinderModuleImpl:0.2733333333333333
CoreDaoImpl:0.2633333333333333
KablinkDao:0.19666666666666666
ParameterNames:0.06333333333333334
