ConfigureReportForm:0.49666666666666665
DisplayReportTablePanel:0.4033333333333333
DisplayReportDiagramPanel:0.4033333333333333
