DisplayZone:0.8833333333333333
CockpitItemsDefaultValues:0.3466666666666667
ServerFreeCockpitConfigurationZoomTest:0.26666666666666666
