AtmosphereResourceImpl:0.6633333333333333
AtmosphereResourceEventImpl:0.5433333333333333
AtmosphereResourceStateRecovery:0.20777777777777778
AtmosphereResourceStateRecoveryTest:0.04666666666666667
