Trigger:0.6566666666666666
TableTemplate:0.2866666666666667
Data:0.28
DataLoaderContext:0.25
CsvLoader:0.21333333333333335
SqlTemplate:0.20666666666666667
DataExtractorService:0.20333333333333334
CsvConstants:0.16
CsvExtractor:0.14333333333333334
SimpleIntegrationTest:0.09666666666666666
TriggerMapper:0.06666666666666667
