JCPEditorAppletMenuTest:0.5866666666666667
JCPExportFileFilter:0.57
ExportAction:0.31333333333333335
AboutDialog:0.15333333333333332
