Geonet:0.5011111111111112
DataManager:0.46
Params:0.45111111111111113
XPath:0.4166666666666667
UserSession:0.4066666666666667
EditLib:0.2833333333333333
Xml:0.26666666666666666
RootChild:0.14666666666666667
ImportFromDir:0.13333333333333333
EditUtils:0.10333333333333333
ErrorHandler:0.08
XSDValidationErrorEx:0.08
GetEditableData:0.07916666666666666
Validate:0.04444444444444444
Update:0.02666666666666667
DeleteElement:0.02
AddElement:0.006666666666666667
MoveElement:0.006666666666666667
