FormalProofCheckerExecutor:0.6066666666666667
FormalProofCheckerPluginTest:0.30333333333333334
