RecordStoreLoader:0.6732222222222223
DefaultRecordStore:0.47333333333333333
BasicRecordStoreLoader:0.38666666666666666
LoadAllTest:0.21666666666666667
InitialKeysLoaderTask:0.19666666666666666
