QueryBuilder:0.8133333333333334
Concrete:0.26
ConcreteSerializer:0.05
QueryAcceptanceTest:0.03333333333333333
MongoStreamTest:0.023333333333333334
QueryBuilderTest:0.013333333333333334
