SavedRequestAwareWrapper:0.8766666666666667
SavedRequestAwareWrapperTests:0.023333333333333334
