IStructureRDFManager:0.903888888888889
Activator:0.36666666666666664
