ClusterStateTaskExecutor:0.4828888888888889
ZenDiscovery:0.37333333333333335
ClusterStateUpdateTask:0.22666666666666666
ShardFailedClusterStateTaskExecutor:0.22166666666666668
TribeNodeClusterStateTaskExecutor:0.22166666666666668
ElectionContext:0.20111111111111113
MetaDataMappingService:0.17333333333333334
NodeJoinController:0.17083333333333334
RefreshTask:0.15
ShardStartedClusterStateTaskExecutor:0.11
ShardStartedTransportHandler:0.10333333333333333
ShardFailedTransportHandler:0.10333333333333333
PutMappingExecutor:0.04
