Table:0.5266666666666666
TestRaptorMetadata:0.42333333333333334
TableColumn:0.38
RaptorTableHandle:0.3433333333333333
RaptorMetadata:0.3233333333333333
TestRaptorIntegrationSmokeTest:0.18
Mapper:0.10666666666666667
TableMapper:0.08333333333333333
