C:0.5956111111111111
AtmosphereFramework:0.4745
DefaultAtmosphereObjectFactory:0.47
AtmosphereFrameworkTest:0.11666666666666667
ServiceTest:0.06666666666666667
