EffectivePolarizabilityDescriptor:0.7366666666666667
EffectivePolarizabilityDescriptorTest:0.4033333333333333
