WebViewActivity:0.5166666666666667
BaseTools:0.47333333333333333
MyWebChromeClient:0.30333333333333334
NavAboutActivity:0.2511111111111111
