PluginException:0.350214
AbstractPlugin:0.23187155
PluginManager:0.10131181
PluginInfo:0.062382147
PluginEvent:0.0346335
