Query:0.09220171
Hit:0.05532995
SortMethod:0.02258533
