ListProcessor:0.7066666666666667
JListReader:0.23333333333333334
