TransactionProxy:0.6613888888888888
ClientExecutorServiceTest:0.4166666666666667
