ConfigurationFactoryTest:0.39
DropwizardSSLConnectionSocketFactoryTest:0.38333333333333336
ResourceURLTest:0.3233333333333333
UnitOfWorkApplicationListenerTest:0.28
