Record:0.49666666666666665
Values:0.38
HazelcastClient:0.35
ConcurrentMapManager:0.23666666666666666
DynamicClusterTest:0.19666666666666666
HazelcastClientTest:0.19666666666666666
ClusterClientProxy:0.185
LockClientProxy:0.16333333333333333
IndexRegion:0.12666666666666668
QueryOperationHandler:0.11666666666666667
ProxyKey:0.09
