AtmosphereResourceImpl:0.6566666666666666
FrameworkConfig:0.5496507936507937
AsynchronousProcessor:0.33
WebSocketProcessor:0.3233333333333333
