SimpleMathParserTest:0.9466666666666667
KernelTestSuite:0.26222222222222225
