jEdit:0.7066666666666667
Buffer:0.5666666666666667
MouseHandler:0.23333333333333334
ColorTableModel:0.17333333333333334
