MetaProperty:0.5233333333333333
MetaModel:0.44666666666666666
MetaCalculator:0.36666666666666664
Tab:0.3566666666666667
MetaCollection:0.3466666666666667
MetaMethod:0.3233333333333333
MetaReference:0.31666666666666665
MetaAggregateEjb:0.31166666666666665
MetaEntity:0.2966666666666667
MetaAggregate:0.27666666666666667
MetaEntityEjb:0.2708333333333333
MetaFinder:0.26666666666666666
MetaEjbImpl:0.26
Language:0.25
TypeStereotypeDefault:0.22
MetaAggregateBean:0.20444444444444446
DefaultSize:0.20111111111111113
CarrierBean:0.18666666666666668
DefaultSizeParser:0.18333333333333332
ModelParser:0.17666666666666667
StereotypeTypeDefaultParser:0.17333333333333334
MetaMember:0.17
FellowCarriersCalculator:0.16333333333333333
CalculatorParser:0.14666666666666667
CarrierHome:0.11753968253968256
