PersistOperationBuilder:0.5533333333333333
BasePersister:0.42333333333333334
DefaultCollectionAgentService:0.36333333333333334
RrdRepository:0.24
