StepConfigurationSupport:0.615
JobIdentifier:0.5612142857142858
StepConfiguration:0.2633333333333333
