SamlProtocolConstants:0.27666666666666667
GoogleAccountsServiceFactory:0.2633333333333333
JsonServiceRegistryDao:0.26
AbstractSaml20ObjectBuilder:0.25
PrivateKeyFactoryBean:0.23666666666666666
SamlServiceFactory:0.21333333333333335
Cas30JsonResponseView:0.19
SuccessfulHandlerMetaDataPopulator:0.13666666666666666
MongoServiceRegistryDao:0.11333333333333333
