LargestChainDescriptor:0.7666666666666667
LargestChainDescriptorTest:0.14666666666666667
