AEProperties:0.73
FileLocationMgtFilter:0.32666666666666666
DicomFileLocationFilter:0.22333333333333333
