EditSuperUserDialog:0.45666666666666667
CreateSuperUserDialog:0.38666666666666666
PassWordPromptDialog:0.35
KeyRingPreferencePage:0.25333333333333335
KeyRingLoginDialog:0.19333333333333333
