XEGImport:0.7966666666666666
ImportModule:0.2833333333333333
