InternalEngine:0.58
InternalEngineTests:0.5233333333333333
ThrowingIndexWriter:0.24333333333333335
