VanillaChronicleHash:0.9166666666666666
MapEntryStages:0.25666666666666665
TierRecovery:0.19
ReplicatedTierRecovery:0.19
SegmentsRecovery:0.06333333333333334
