TypefaceUtils:0.6066666666666667
EditText:0.31333333333333335
Button:0.24755555555555556
CheckBox:0.24755555555555556
TextView:0.24
CheckedTextView:0.22666666666666666
RadioButton:0.21333333333333335
ToggleButton:0.11333333333333333
