SearchRequestBuilder:0.42638888888888893
HighlightBuilder:0.27666666666666667
HighlighterSearchTests:0.17
