Wallet:0.72
WalletTest:0.33
PaymentChannelStateTest:0.30666666666666664
PaymentChannelV2ClientState:0.2633333333333333
PaymentChannelV1ClientState:0.2633333333333333
