Setting:0.5933333333333334
AffixKey:0.39
AzureStorageSettings:0.3155952380952381
ScopedSettingsTests:0.1925
