DummyGraphics:0.5733333333333334
ServerMapItemsUtilities:0.33666666666666667
NetworkTest:0.27944444444444444
MapVertItemSegmentRendererTest:0.05
MapVertItemSymbolRendererTest:0.05
