PeerRecoveryTargetService:0.4066666666666667
InternalEngine:0.31666666666666665
IndexShardTestCase:0.30666666666666664
CombinedDeletionPolicy:0.29
CombinedDeletionPolicyTests:0.19333333333333333
PeerRecoveryTargetServiceTests:0.16666666666666666
