Dispatcher:0.42333333333333334
App:0.2866666666666667
ChannelHandler:0.27051984126984113
SameThreadDispatcher:0.26
NioReactor:0.24333333333333335
AbstractNioChannel:0.14333333333333334
NioServerSocketChannel:0.11666666666666667
NioDatagramChannel:0.11666666666666667
AppClient:0.06
LoggingHandler:0.056666666666666664
ThreadPoolDispatcher:0.016666666666666666
