CommonUtil:0.8466666666666667
MultiTaskActivity:0.4033333333333333
CancelAllCmd:0.24333333333333335
