SPath:0.5933333333333334
FileActivity:0.2733333333333333
FileActivityDataObject:0.19
EditorActivity:0.18666666666666668
EditorActivityDataObject:0.18666666666666668
ConsistencyWatchdogClient:0.12666666666666668
