ByteArrayObjectDataOutput:0.6533333333333333
ByteArrayObjectDataOutputTest:0.19333333333333333
CollectionPortableHook:0.14333333333333334
QueuePortableHook:0.14333333333333334
MultiMapPortableHook:0.14333333333333334
SerializationTest:0.11
StreamSerializerAdapterTest:0.07666666666666666
ByteArraySerializerAdapterTest:0.07666666666666666
