Property:0.6
PropertyDate:0.34
PropertyXRef:0.30666666666666664
PropertyName:0.22666666666666666
Calendar:0.22666666666666666
Fam:0.21666666666666667
Indi:0.20166666666666666
PropertyChild:0.1877777777777778
PropertyFamilyChild:0.17444444444444446
InputStreamImpl:0.16333333333333333
PropertyFamilySpouse:0.16333333333333333
EntityReader:0.07333333333333333
