ParserUtil:0.17719318
AbstractParser:0.17562716
ParserTag:0.086919
