TpchTableHandle:0.435
ImportTableHandle:0.39
NativeTableHandle:0.33666666666666667
TableHandle:0.16666666666666666
