ExpressionProtectedBusinessServiceImpl:0.41002777777777777
SecurityExpressionRoot:0.38666666666666666
GlobalMethodSecurityBeanDefinitionParserTests:0.35333333333333333
MethodSecurityEvaluationContext:0.22611111111111115
DefaultMethodSecurityExpressionHandler:0.22333333333333333
HttpConfigurationBuilder:0.21
DefaultWebSecurityExpressionHandler:0.18
FilterInvocationSecurityMetadataSourceParser:0.17666666666666667
