UserExt:0.8266666666666667
UserProcessor:0.38666666666666666
CommentNotifier:0.30666666666666664
ArticleChannel:0.2677777777777778
UserMgmtService:0.15
LoginProcessor:0.14
ArticleNotifier:0.12333333333333334
TimelineMgmtService:0.11333333333333333
