Message:0.5866666666666667
PeerAddress:0.4633333333333333
VersionMessage:0.22
BitcoinSerializerTest:0.17
