RedissonScoredSortedSet:0.4666666666666667
RLexSortedSet:0.3559999999999999
RScoredSortedSetAsync:0.2833333333333333
RLexSortedSetAsync:0.2833333333333333
RScoredSortedSet:0.26666666666666666
RedissonSet:0.2633333333333333
RedissonScoredSortedSetTest:0.25
RSet:0.23777777777777775
RSetAsync:0.22166666666666668
RedissonSetMultimapValues:0.21666666666666667
RedisCommands:0.14
RedissonSetTest:0.12333333333333334
RedissonLexSortedSetTest:0.043333333333333335
