VertxOptions:0.5666666666666667
PKCS12Options:0.3933333333333333
KeyCertOptions:0.26666666666666666
CaOptions:0.16666666666666666
JKSOptions:0.16666666666666666
