Version:0.47
Node:0.4033333333333333
Archive:0.32
Lines:0.28
ToString:0.27
TrunkNode:0.23666666666666666
Path:0.19666666666666666
