Kablink:0.66
SiteEditor:0.2833333333333333
ExitDialog:0.17566666666666667
