BuildingConfig:0.44
Settlement:0.4086666666666666
Building:0.37
ThermalSystem:0.30666666666666664
HeatTableModel:0.23333333333333334
ThermalGeneration:0.23
LifeSupport:0.22
FuelHeatSource:0.20666666666666667
SettlementWindow:0.17
TabPanelBuildings:0.17
NotificationBox:0.10333333333333333
TabPanelThermalSystem:0.09222222222222222
