ProxyServerActor:0.5483333333333333
ObjectProxyServerImpl:0.468
InstrumentMethod:0.4066666666666667
Classes:0.15
