Document:0.38666666666666666
SimpleScriptable:0.37666666666666665
DocumentTest:0.3275
HTMLCollection:0.31
Navigator:0.2816666666666667
