ElementClosesItselfTest:0.35
ElementPropertiesTest:0.35
ElementCreationTest:0.35
ElementOuterHtmlTest:0.35
ElementChildNodesTest:0.35
ElementDefaultStyleDisplayTest:0.35
ElementClosesElementTest:0.3408333333333333
AttributesTest:0.2866666666666667
DefaultElementFactory:0.19777777777777777
HtmlTemplate:0.18333333333333332
