IoFactoryBuilder:0.5233333333333333
BindingManager:0.40555555555555556
BatchBinder:0.23
