ResourceParametersEditor:0.36
ResourceRenderer:0.2833333333333333
SerialControllerEditor:0.27666666666666667
ParameterValueEditor:0.24333333333333335
CorporaComboModel:0.22111111111111115
ParameterValueRenderer:0.18666666666666668
