RedissonScoredSortedSetReactiveTest:0.5183333333333333
BaseConcurrentTest:0.30666666666666664
RedissonScriptReactiveTest:0.2997222222222222
