ProcessWrapper:0.5533333333333333
ProcessConfig:0.30111111111111116
ProcessCommand:0.07333333333333333
