IDbDialect:0.5533333333333333
AbstractDbDialect:0.44666666666666666
IntegrationTest:0.3466666666666667
SqlTemplate:0.3466666666666667
MsSqlDbDialect:0.28
