QedeqTreeModel:0.7886111111111112
MakeLatexAction:0.3466666666666667
