IndexShard:0.5433333333333333
InternalEngine:0.4033333333333333
TranslogHandler:0.2866666666666667
ShardsIndicesStatusChecker:0.28
InternalEngineTests:0.27
ShadowEngineTests:0.22666666666666666
IndexingMemoryController:0.21616666666666665
IndexingMemoryControllerIT:0.15666666666666668
ApplyRefreshSettings:0.13
ShardIndexingStatus:0.0
