TreeConverter:0.635
MetadataWriterTest:0.35333333333333333
TranslationProcessor:0.23
SwitchRewriterTest:0.19333333333333333
