ArticleQueryService:0.5458333333333333
ArticleProcessor:0.33
CommentQueryService:0.27666666666666667
CommentNotifier:0.2733333333333333
