SimpDestinationMessageMatcherTests:0.38666666666666666
SimpDestinationMessageMatcher:0.37666666666666665
MessageSecurityMetadataSourceRegistry:0.33666666666666667
PathMatcherMessageMatcherBuilder:0.2811111111111111
MessageSecurityMetadataSourceRegistryTests:0.27
