ChadoInstance:0.7888095238095238
JdbcChadoAdapter:0.3788888888888889
FlybaseChadoInstance:0.31666666666666665
