AlarmMappingQuery:0.5133333333333333
AlarmSaveOrUpdate:0.23333333333333334
EventSaveOrUpdate:0.23333333333333334
AlarmDaoTest:0.11
