X509CA:0.5733333333333334
CVCCA:0.33
DNFieldExtractor:0.3
UserDataVO:0.19333333333333333
