Matcher:0.45888888888888885
SearchView:0.44
ActionSearch:0.27
RegExMatcher:0.24
SimpleMatcher:0.22333333333333333
Results:0.14
SearchViewFactory:0.13666666666666666
ActionStop:0.11333333333333333
ListCallback:0.03166666666666667
