Intersector:0.6866666666666666
CollisionDetection:0.6066666666666667
