KeyWordComputer:0.3333333333333333
RealWordDemo:0.1
NewWordFindDemo:0.1
NlpDemo:0.1
DynamicWordDemo:0.1
NatureDemo:0.07666666666666666
DicAnalysisTest:0.07666666666666666
