NettyChannelBuilder:0.8266666666666667
NettyServerBuilder:0.44
NettyChannelBuilderTest:0.14666666666666667
