SubjectIdentifierDomain:0.66
SubjectSearchCriteria:0.5366666666666666
SubjectIdentifier:0.5333333333333333
