Token:0.5283333333333333
Latent:0.45
LazyParameterList:0.19
Empty:0.11472222222222221
AbstractBase:0.016666666666666666
ParameterList:0.013333333333333334
