Frame:0.8533333333333334
FrameTest:0.2
IFrameTest:0.19666666666666666
