JGraphPanel:0.5033333333333333
RefreshListener:0.41333333333333333
StateDisplay:0.3333333333333333
LTSDisplay:0.32
GraphEditorTab:0.26166666666666666
FilterLTSAction:0.25333333333333335
LTSGraphPanel:0.22
ActionStore:0.21666666666666667
GraphTab:0.20333333333333334
GraphPreviewDialog:0.17833333333333334
MyLTSListener:0.15
