StringUtils:0.5733333333333334
FileBean:0.4033333333333333
SeriesBean:0.25
StudyBean:0.23666666666666666
InstanceBean:0.23666666666666666
StorageBeanTest:0.21
FileBeanTest:0.19333333333333333
StorageBean:0.12666666666666668
SeriesRetrieveCmd:0.08666666666666667
StudyRetrieveCmd:0.08666666666666667
ImageRetrieveCmd:0.08666666666666667
