DelegatedExecutionOsgiBundleApplicationContext:0.5533333333333333
OsgiBundleUtils:0.4083333333333333
AbstractOsgiBundleApplicationContext:0.3933333333333333
OsgiPlatformDetector:0.38666666666666666
TargetSourceLifecycleListenerWrapper:0.36
AbstractBundleXmlApplicationContextTest:0.31333333333333335
OsgiServiceReferenceUtils:0.2833333333333333
ConfigurableOsgiBundleApplicationContext:0.24166666666666667
ApplicationContextConfiguration:0.23666666666666666
OsgiStringUtilsTest:0.22
OsgiBundleUtilsTest:0.21333333333333335
BundleFactoryBean:0.16666666666666666
SpringBundleEvent:0.1613888888888889
OsgiServiceUtils:0.15333333333333332
AbstractRefreshableOsgiBundleApplicationContextTest:0.09
AbstractDelegatedExecutionApplicationContext:0.04
OsgiBundleApplicationContextExecutor:0.006666666666666667
