DefaultPropertiesTestLibrary:0.4033333333333333
ConnectionJDBC2:0.37666666666666665
DefaultPropertiesTestLibrary_Driver_parseURL:0.2833333333333333
DefaultPropertiesTestLibrary_Driver_getPropertyInfo:0.2833333333333333
Driver:0.2733333333333333
Tds8Test:0.21055555555555558
DriverUnitTest:0.16333333333333333
