IndexDatabase:0.47
HistoryGuru:0.37333333333333335
RepositoryInfo:0.3433333333333333
JMXConfiguration:0.22555555555555556
