TreeUtil:0.8733333333333333
OuterReferenceResolver:0.33
Rewriter:0.29
NilCheckResolver:0.27
CastResolver:0.25333333333333335
StaticVarRewriter:0.23
