View:0.8083333333333333
QuoteDetail:0.2966666666666667
