Configuration:0.5166666666666667
BuildInfo:0.36333333333333334
Tab:0.29503968253968255
DateHelper:0.26666666666666666
PluginLocator:0.26
BuildInfoSummary:0.25333333333333335
XSLTag:0.23333333333333334
CruiseControlTagSupport:0.22
NavigationTag:0.19333333333333333
XPathChartData:0.19
TabSheetTag:0.14333333333333334
PluginConfiguration:0.13666666666666666
ConfigurationInterceptor:0.13
ReversedComparator:0.11
AbstractCruiseControlChartData:0.075
