DeliveryDetail:0.64
Delivery:0.5966666666666667
IDeliveryDetail:0.5533333333333333
DeliveryDetailHome:0.4326746031746032
ModelMapping:0.33666666666666667
IDelivery:0.2833333333333333
DeliveryDetailValue:0.24333333333333335
EJBeanPG:0.21
DeliveryDetailCMP:0.16
DeliveryBean:0.15666666666666668
DeliveryDetailData:0.13333333333333333
DeliveryDetailBean:0.06666666666666667
DeliveryDetailUtil:0.05888888888888889
DeliveryDetailKey:0.04666666666666667
