BatchPresentation:0.55
FieldDescriptor:0.53
DefinitionDelegateGetLatestProcessDefinitionStubsTest:0.23666666666666666
GroupState:0.23333333333333334
TableViewSetupFormTag:0.21333333333333335
ReflectionRowBuilder:0.17666666666666667
TableViewSetupFormActionTest:0.16666666666666666
SetSortingActionTest:0.13
ListProcessesDefinitionsFormTag:0.12333333333333334
SortingHeaderBuilder:0.11333333333333333
ProcessDefinitionClassPresentation:0.08333333333333333
ProcessInstanceClassPresentation:0.08333333333333333
