WebKeys:0.8566666666666667
ReportModule:0.7266666666666667
BinderHelper:0.6133333333333333
ReportModuleImpl:0.31333333333333335
ListFolderController:0.23333333333333334
ViewEntryController:0.19
WorkspaceTreeController:0.18666666666666668
WorkflowReportController:0.16188888888888894
ViewController:0.08666666666666667
ReportDownloadController:0.056666666666666664
ActivityReportController:0.029333333333333336
AbstractReportController:0.0033333333333333335
LoginReportController:0.0027777777777777775
