DownloadFile:0.8033333333333333
DownloadTab:0.3566666666666667
ProgressCellRenderer:0.22333333333333333
DownloadTableModel:0.20733333333333334
