Codd:0.7066666666666667
EulerRunner:0.6033333333333334
