AtmosphereClient:0.6346666666666667
MyCometListener:0.2633333333333333
GwtResponseWriterImpl:0.25333333333333335
WebsocketResponseWriter:0.23
GWTDemo:0.15333333333333332
WebSocketCometTransport:0.14333333333333334
