VariableFormatContainer:0.5733333333333334
ProcessDefinition:0.46
VariableUserType:0.39
VariableDefinition:0.38
TypeConversionUtil:0.38
ComplexVariable:0.36333333333333334
MultiTaskNode:0.33666666666666667
ExecutionContext:0.3233333333333333
MultiInstanceParameters:0.32166666666666666
ExecutionServiceBean:0.23333333333333334
FormSubmissionUtils:0.22666666666666666
JpdlXmlReader:0.21333333333333335
ViewUtil:0.20333333333333334
ExecutionVariableProvider:0.2
TaskLogic:0.18333333333333332
TaskNode:0.18
FormPresentationUtils:0.17333333333333334
BpmnXmlReader:0.16666666666666666
TaskLog:0.15666666666666668
VariableLogic:0.15333333333333332
TaskServiceBean:0.14333333333333334
MultiProcessState:0.13666666666666666
FileVariablesUtil:0.10666666666666667
VariableDAO:0.04
TaskFactory:0.04
IAttributes:0.0
