MapFacadeBean:0.54
EmailNotifications:0.44
Maps:0.2633333333333333
QuoteTest:0.22166666666666668
