AbstractNodeContext:0.5266666666666666
Diagnostics:0.4533333333333333
DiagnosticsMBean:0.4322222222222223
JMXThreadsRunner:0.04666666666666667
