Common:0.5972936507936508
UserProcessor:0.54
NotificationProcessor:0.31333333333333335
FollowProcessor:0.2866666666666667
