TypeUtil:0.57
Types:0.44333333333333336
OperatorRewriter:0.27
Autoboxer:0.26
CStringLiteral:0.25
NilCheckResolver:0.21666666666666667
