Worker:0.6366666666666667
Priority:0.34111111111111114
