BsonWriter:0.8566666666666667
BsonWriterTest:0.37
BsonReaderTest:0.2633333333333333
