GlobalConfiguration:0.66
Utils:0.37666666666666665
TypeRegistry:0.37
ReflectiveInterceptor:0.35
SpringLoadedTestsInSeparateJVM:0.24666666666666667
ReturnType:0.24
ReloadableType:0.22333333333333333
CurrentLiveVersion:0.19666666666666666
UtilsTests:0.19
Watcher:0.18333333333333332
ReloadableFileChangeListener:0.17
ReloadedTypeInvoker:0.16666666666666666
TypePattern:0.16333333333333333
ReloadableTypeMethodProvider:0.16
CglibPlugin:0.14666666666666667
ReloadedTypeFieldRef:0.11666666666666667
