TestFieldSearchSQLImpl:0.5433333333333333
FieldSearchSQLImpl:0.5416666666666666
