ESQueryBuilderTest:0.45
TypeConversionTest:0.3566666666666667
GeoShapeType:0.32666666666666666
GeoShapeTypeTest:0.22333333333333333
