ConcurrentConveyor:0.5633333333333334
AbstractConcurrentArrayQueueTest:0.4266666666666667
Pipe:0.3607619047619048
ManyToOneConcurrentArrayQueue:0.16666666666666666
OneToOneConcurrentArrayQueue:0.16666666666666666
