AbstractRdtTestCase:0.5683333333333334
TC_IncrementalRdtCompiler:0.5466666666666666
TC_CleanRdtCompiler:0.24333333333333335
TS_InternalCoreBuilder:0.19333333333333333
