BinderHelper:0.8166666666666667
ListFolderController:0.49
WorkspaceTreeController:0.20333333333333334
ViewPermalinkController:0.16666666666666666
ListProfilesController:0.11333333333333333
