ListOQLTest:0.6933333333333334
FormsOQLTest:0.6366666666666667
ListHQLTest:0.19
FormsHQLTest:0.17333333333333334
MakumbaCommonTagsTest:0.08
