MovieDetailActivity:0.45
ImgLoadUtil:0.42333333333333334
DouBanTopActivity:0.38666666666666666
RetrofitHttpClient:0.3175
