IO:0.74
ConnectionOptions:0.24333333333333335
FrameCodec:0.23333333333333334
ConnectionOptionSet:0.16333333333333333
