XLParser:0.56
Compiler:0.36333333333333334
JavaTokenizer:0.23333333333333334
XLTokenizer:0.2325
CompilerTokenTypes:0.0
XLTokenTypes:0.0
