MainScene:0.38
Farming:0.37
Crop:0.33
FunMenuDemo:0.2966666666666667
TaskSchedule:0.2733333333333333
FunMenu:0.20444444444444446
TabPanelFavorite:0.16666666666666666
TableTab:0.07666666666666666
ScheduleTableModel:0.07
TabPanelSchedule:0.06666666666666667
