MaterialViewPager:0.5433333333333333
MaterialViewPagerAnimator:0.44666666666666666
MaterialViewPagerSettings:0.18
SavedState:0.13333333333333333
