JSONReaderTest:0.5533333333333333
JSONAsserterTest:0.35333333333333333
