ExprTypeAST:0.9266666666666666
HqlAnalyzeWalker:0.30333333333333334
