BookmarkVariableMapping:0.48333333333333334
MSWordReportTaskSettings:0.4033333333333333
ClassLoaderUtil:0.26666666666666666
BotTask:0.24666666666666667
WordReportSettingsXmlParser:0.16
JComMSWordReportBuilder:0.13666666666666666
JacobMSWordReportBuilder:0.13333333333333333
MSWordReportBuilder:0.013333333333333334
