PutIfAbsentOperation:0.3433333333333333
MapTest:0.30333333333333334
BasePutOperation:0.26
AbstractKeyBasedOperation:0.23666666666666666
ObjectMapProxy:0.19333333333333333
UnlockOperation:0.12
MapProxySupport:0.07666666666666666
LockAwareOperation:0.016666666666666666
