BuildDirTest:0.6916666666666667
ParallelUniverseTest:0.46
RobolectricGradleTestRunner:0.4166666666666667
DefaultTestLifecycleTest:0.3433333333333333
RobolectricGradleTestRunnerTest:0.18
