ConfigCheck:0.5933333333333334
ClusterJoinConfigCheckTest:0.4266666666666667
TcpIpJoinTest:0.38666666666666666
MulticastJoinTest:0.31
ConfigCheckTest:0.22666666666666666
