XMLObjectAttribute:0.5066666666666667
AbstractWidgetRefHandler:0.4266666666666667
ServerXMLObjectAttribute:0.3466666666666667
NewPushButtonRenderer:0.21333333333333335
WidgetsRefHandler:0.19666666666666666
CursorShapeExtension:0.0
ARINCPushButton2:0.0
