MCalendar:0.49666666666666665
DayButton:0.3466666666666667
MSmallColorChooser:0.2966666666666667
MStatusBar:0.28
TextHighligther:0.12
