MD2Loader:0.29
Skeleton:0.27666666666666667
OgreXmlLoader:0.24
Viewer:0.23333333333333334
SkeletonAnimation:0.04666666666666667
KeyframedAnimation:0.014285714285714285
