BasicModelUtils:0.36
SkipGram:0.30666666666666664
SequenceVectors:0.21666666666666667
Word2VecTests:0.20666666666666667
VectorCalculationsThread:0.18066666666666667
ScoreListener:0.12
