GwtServerHelper:0.4666666666666667
DlgBox:0.31666666666666665
DesktopAppDownloadDlg:0.31666666666666665
FolderColumnsConfigDlg:0.2711111111111111
