Viewer:0.49
Shape:0.4373333333333333
Node:0.4066666666666667
ModelSet:0.31666666666666665
Layouter:0.28111111111111114
JnetManager:0.23333333333333334
NodeShape:0.13333333333333333
