ExtensionFilter:0.6455555555555557
GrooveFileChooser:0.43333333333333335
NewGrammarAction:0.21166666666666667
