MetaDataTable:0.5847222222222223
Table:0.5066666666666667
DbMigrate:0.26
MySQLTable:0.22666666666666666
MySQLMigrationTestCase:0.17666666666666667
MetaDataTableImpl:0.17
TwoConnectionsDataSource:0.16333333333333333
