BinderHelper:0.4766666666666667
ListFolderController:0.46166666666666667
MenuLink:0.32
