MultiLayerNetwork:0.66
ComputationGraph:0.56
Builder:0.3333333333333333
PerformanceListener:0.17111111111111113
