ProtoUtils:0.686111111111111
ProtoUtilsTest:0.31333333333333335
NanoUtilsTest:0.26666666666666666
