MappingReader:0.6733333333333333
EJB3DTDEntityResolver:0.42
NonExistentOrmVersionTest:0.19333333333333333
