View:0.5966666666666667
ModuleTestBase:0.5166666666666667
ProductEvaluation:0.18333333333333332
ProductsEvaluation:0.12333333333333334
ProductsEvaluationTest:0.0375
