Wsdl4jDefinition:0.7033333333333334
DynamicWsdl11Definition:0.6266666666666667
