MapService:0.5533333333333333
PartitionRecordStore:0.42
EvictOperation:0.2833333333333333
MapEvictTask:0.21444444444444447
EvictionTest:0.15666666666666668
