SortedHashMap:0.6483333333333333
NearCache:0.5666666666666667
