ResourcesManager:0.63
TaskChecker:0.31666666666666665
TasksChecker:0.19
SystemTray:0.16916666666666666
AePlayWave:0.15733333333333335
UnreadTaskNotifier:0.03333333333333333
