AbstractDicomObject:0.5366666666666666
DicomObjectTest:0.5244444444444444
CloseUtils:0.28
