HopParser:0.43333333333333335
HopSymbolTableWalker:0.37
HopLexer:0.3566666666666667
DFA51:0.13666666666666666
DFA62:0.13666666666666666
DFA81:0.13666666666666666
DFA58:0.13666666666666666
