Euler:0.6966666666666667
EulerExt:0.27666666666666667
