Graphics:0.6652777777777779
JoglGraphics:0.3433333333333333
Group:0.31
AndroidGraphics:0.31
LwjglGraphics:0.26666666666666666
