Times:0.73
ArticleQueryService:0.5166666666666667
CommentQueryService:0.26166666666666666
UserQueryService:0.26166666666666666
StatisticProcessor:0.15666666666666668
UserBlockCheck:0.10333333333333333
