ExpressionParser:0.5355555555555555
ParserException:0.32755555555555554
