Building:0.44333333333333336
BuildingConfig:0.4066666666666667
BuildingTemplate:0.3233333333333333
ConstructionSite:0.30777777777777776
Resupply:0.20666666666666667
BuildingConstructionMission:0.19333333333333333
BuildingManager:0.18333333333333332
ResupplyConfig:0.16666666666666666
BuildingConnection:0.09166666666666666
