ReceivePortGroup:0.43666666666666665
Channels:0.42
ActorRegistry:0.25666666666666665
ServerTest:0.23666666666666666
SupervisorTest:0.23
ProxyServerTest:0.23
ChannelTest:0.20666666666666667
TransformingReceivePort:0.18166666666666667
TransformingSendPort:0.18166666666666667
DelegatingReceivePort:0.18
DelegatingSendPort:0.18
FiberScheduler:0.17333333333333334
DelegatingReceivePort1:0.16666666666666666
Topic:0.16666666666666666
DelegatingSendPort1:0.16666666666666666
TransferChannel:0.16666666666666666
TransformingChannelTest:0.13333333333333333
