Image:0.5933333333333334
SimpleScriptable2Test:0.31
JavaScriptEngine:0.30333333333333334
RecursiveFunctionObject:0.2733333333333333
