ColorManager:0.6233333333333333
JnetManager:0.5766666666666667
FileDialog:0.29333333333333333
EdgeTableView:0.15333333333333332
