Engine:0.7191666666666666
InternalIndexShard:0.6366666666666667
RobinEngine:0.22166666666666668
