Pipeline:0.7366666666666667
IngestActionFilterTests:0.14666666666666667
SimulateExecutionServiceTests:0.09666666666666666
PipelineFactoryTests:0.023333333333333334
PipelineExecutionServiceTests:0.02
SimulatePipelineRequestParsingTests:0.013333333333333334
