ASMUtils:0.5466666666666666
JSONLexerBase:0.49333333333333335
ASMDeserializerFactory:0.26
ASMSerializerFactory:0.23
TestType:0.15666666666666668
ASMUtilsTest:0.13
JSONASMUtilTest:0.13
