Configuration:0.6266666666666667
CodeGenerator:0.51
GeneratedCodeViewer:0.45666666666666667
CodeGeneratorTemplate:0.37666666666666665
MakumbaINIFileReader:0.08333333333333333
