IndexSettings:0.71
IndexSettingsTests:0.21
ClusterModule:0.20166666666666666
InternalEngineSettingsTests:0.17666666666666667
