CompiledStatementExecutor:0.12541229
Select:0.1240437
HsqlException:0.08327251
