GrpcUtil:0.525
DecompressorRegistry:0.45666666666666667
ClientCallImplTest:0.33
ClientCallImpl:0.23666666666666666
ServerCallImpl:0.19666666666666666
CompressionTest:0.19333333333333333
DecompressorRegistryBenchmark:0.10333333333333333
AcceptEncodingMarshaller:0.07666666666666666
