AccessManager:0.55
DataManager:0.48
Aligner:0.24222222222222223
WAFHarvester:0.16666666666666666
WAFParams:0.16
MetadataHarvest:0.13666666666666666
Importer:0.13666666666666666
Geonetwork:0.12333333333333334
