WebClient:0.6933333333333334
WebClientTest:0.33666666666666667
HTMLParser:0.31666666666666665
HTMLParserListener:0.30666666666666664
HtmlUnitDOMBuilder:0.2611111111111111
HTMLParserListenerTest:0.03666666666666667
HTMLErrorHandler:0.02
