Graph:0.7933333333333333
RenderState:0.565
NodeData:0.4666666666666667
Node:0.38
RGGGraph:0.33666666666666667
QueryState:0.32666666666666666
Producer:0.3233333333333333
Query:0.315
RuntimeModel:0.31333333333333335
GraphQueue:0.2789285714285714
RGGProducer:0.27666666666666667
RGG:0.23666666666666666
VolumeBuilder:0.23142857142857143
FluxVolumeBuilder:0.23142857142857143
Multiplicity:0.21333333333333335
FluxSceneVisitor:0.2080952380952381
GLDisplay:0.20476190476190476
GLSLVolumeBuilder:0.19666666666666666
QueueImpl:0.17666666666666667
GraphQueueImpl:0.17333333333333334
TetrahedronReg:0.16333333333333333
GL20DisplayVisitor:0.16333333333333333
WireframeCanvas:0.16333333333333333
Neighbors:0.11666666666666667
AddUndirectedEdgeDescriptor:0.11
AxiomType:0.04
TypeRoot:0.023333333333333334
ConnectMacroDescriptor:0.02
