HistoryCache:0.6783333333333333
JDBCHistoryCache:0.45
JDBCHistoryCacheTest:0.31666666666666665
FileHistoryCache:0.18333333333333332
