ProfileModule:0.6663888888888889
TeamingServiceClientWithStub:0.45666666666666667
ProfileModuleImpl:0.36
TeamingServiceEndpoint:0.33
ProfileService:0.265
ProfileServiceImpl:0.17
