HtmlElement:0.71
HtmlPage:0.41333333333333333
HtmlSelect:0.29333333333333333
Table:0.19666666666666666
