Linker:0.5733333333333334
StackTraceManager:0.5416666666666666
StackTraceManagerInitStackTrace:0.2633333333333333
