ParticleEmitter:0.7966666666666666
ParticleEffect:0.48333333333333334
ParticleEmittersTest:0.33666666666666667
ParticleEffectPool:0.3233333333333333
ScaledNumericValue:0.2
PooledEffect:0.16166666666666665
RangedNumericValue:0.15
