ScaledRAFile:0.5166666666666667
ScaledRAFileHybrid:0.4033333333333333
ScaledRAFileSimple:0.36666666666666664
ScaledRAFileNIO:0.30666666666666664
ScaledRAFileInJar:0.21333333333333335
