Document:0.7233333333333334
XmlDeclaration:0.37333333333333335
DocumentTest:0.27666666666666667
