HitBeanImpl:0.6751111111111111
NullHitBean:0.40377777777777774
