JEditBuffer:0.21108979
Buffer:0.18732238
jEdit:0.14341077
Mode:0.08117125
StandardUtilities:0.0709467
MiscUtilities:0.064938895
AbstractOptionPane:0.056165732
FoldHandler:0.04610298
View:0.03097101
GUIUtilities:0.025066525
BufferOptions:0.020193214
