RaCertificateSearchRequest:0.5633333333333334
RaSearchCertsBean:0.42333333333333334
RaCertificateSearchResponse:0.3111111111111111
RaMasterApiSessionBean:0.25
