DatabaseAcceptanceTest:0.3433333333333333
AsListPerfTest:0.31333333333333335
ShutdownHook:0.2834523809523809
TestBase:0.21666666666666667
PerfTest:0.18166666666666667
InsertMongoDocumentAcceptanceTest:0.10722222222222223
