Hl7Rcv:0.53
Hl7Snd:0.42333333333333334
DcmHandlerImpl:0.39666666666666667
HL7HandlerImpl:0.38333333333333336
HL7Handler:0.2063888888888889
DcmHandler:0.14416666666666667
