Utils:0.5066666666666667
TypeRegistry:0.4666666666666667
GlobalConfiguration:0.39866666666666667
ReloadingJVM:0.24
ReloadableFileChangeListener:0.21666666666666667
SpringLoadedPreProcessor:0.21
RewriteClassAdaptor:0.20666666666666667
ReloadingJVMCommandProcess:0.18666666666666668
FileSystemWatcherTests:0.14666666666666667
SpringLoadedTestsInSeparateJVM:0.11666666666666667
JarEntry:0.07333333333333333
ExtensibleClassLoader:0.0
