InMemoryProviderWebAppTests:0.4666666666666667
SecurityContextLogoutHandler:0.42
CustomConcurrentSessionManagementTests:0.23333333333333334
