CacheService:0.7566666666666667
HazelcastServerCacheManager:0.30666666666666664
CacheManagementConfigOperation:0.2783333333333333
