ListMarshaller:0.4666666666666667
SetMarshaller:0.4666666666666667
CHMUseCasesTest:0.41333333333333333
