AttributeFactory:0.43333333333333335
MetadataTest:0.35333333333333333
EntityManagerFactoryImpl:0.3433333333333333
AvailableSettings:0.3088888888888889
