FlowExecutionSnapshot:0.5333333333333333
DefaultFlowExecutionRepository:0.43666666666666665
CompositeFlowExecutionKey:0.4266666666666667
SerializedFlowExecutionSnapshot:0.4066666666666667
FlowExecutionSnapshotGroup:0.34365079365079365
AbstractFlowExecutionRepository:0.28
DefaultFlowExecutionRepositoryTests:0.20166666666666666
StubConversationManager:0.19666666666666666
FlowExecutorFactoryBean:0.17
FlowExecutionSnapshotFactory:0.15
SerializedFlowExecutionContinuationFactoryTests:0.15
SimpleFlowExecutionSnapshotGroup:0.10333333333333333
CompositeFlowExecutionKeyTests:0.08666666666666667
SnapshotUnmarshalException:0.06805555555555555
SerializedFlowExecutionSnapshotFactory:0.06666666666666667
AbstractSnapshottingFlowExecutionRepository:0.06333333333333334
SnapshotNotFoundException:0.013333333333333334
SnapshotCreationException:0.0033333333333333335
