BinaryClient:0.53
JedisCluster:0.4666666666666667
JedisPoolTest:0.29
AllKindOfValuesCommandsTest:0.2833333333333333
JedisTest:0.24666666666666667
JedisSentinelPoolTest:0.23333333333333334
