SqlPredicate:0.6466666666666666
SqlPredicateTest:0.38666666666666666
QueryIndexTest:0.16666666666666666
ParserTest:0.14666666666666667
