SingleRowSubselectAnalyzerTest:0.38333333333333336
InnerExpressionAnalyzer:0.38
SelectSymbol:0.35333333333333333
Visitor:0.2277777777777778
CastFunctionResolver:0.12333333333333334
