DigitalObject:0.6333333333333333
Datastream:0.6141666666666666
BasicDigitalObject:0.56
