Dates:0.67
Longs:0.6033333333333334
ScriptDocValuesLongsTests:0.22333333333333333
ScriptDocValuesDatesTests:0.15
