JCampLabelProvider:0.6133333333333333
MetadataUtils:0.44333333333333336
