PredicateVariable:0.46
Interpreter:0.37666666666666665
SubjectVariable:0.2833333333333333
FunctionVariable:0.28
Model:0.1802777777777778
FunctionVariableInterpreter:0.10333333333333333
PredicateVariableInterpreter:0.10333333333333333
SubjectVariableInterpreter:0.08666666666666667
