RecordedRequest:0.46
Writer:0.4266666666666667
DiskLruCache:0.2683333333333333
ConnectionPool:0.25666666666666665
Reader:0.24333333333333335
SpdySocketHandler:0.20777777777777778
MockWebServer:0.2
Entry:0.17400000000000002
