CSSCheckerParser:0.33666666666666667
LookModelPlugin:0.31
JFXCapacitiesConverter:0.30666666666666664
CSSMetaDataElement:0.23333333333333334
PropertyExtractor:0.20666666666666667
CSSCheckerAction:0.1938888888888889
WidgetProperties:0.1864563492063492
