AbstractIterator:0.49333333333333335
Iterator:0.44
CharSeq:0.2966666666666667
IndexedSeq:0.22333333333333333
Array:0.21333333333333335
Traversable:0.21333333333333335
Vector:0.20333333333333334
RedBlackTree:0.19666666666666666
LeafList:0.15333333333333332
DistinctIterator:0.14666666666666667
StreamIterator:0.14079365079365078
ConcatIterator:0.06
