DriverConductor:0.66
Context:0.6566666666666666
Configuration:0.25666666666666665
MultiDriverTest:0.2
