Bootstrap:0.59
ConfiguredCommand:0.3566666666666667
EnvironmentCommand:0.30833333333333335
