JSON:0.4649999999999999
JSONArray:0.3933333333333333
JSONObject:0.38333333333333336
TypeUtils:0.35333333333333333
FieldInfo:0.30333333333333334
ASMUtils:0.21333333333333335
DeserializeBeanInfo:0.20666666666666667
JavaBeanDeserializer:0.20666666666666667
JSONPathParser:0.19666666666666666
FieldSerializer:0.14333333333333334
ThrowableDeserializer:0.10666666666666667
