FormController:0.6333333333333333
KIASServlet:0.3233333333333333
SearchResultController:0.26666666666666666
