DeleteStudyOrder:0.54
FileSystemMgt2Bean:0.31
StudyBean:0.3055555555555556
DeleteStudyService:0.29
StudyOnFileSystemBean:0.2833333333333333
FileSystemMgt2Service:0.25333333333333335
DeleteStudyDelegate:0.11
FindScuDelegate:0.03666666666666667
FindScuService:0.02
