RestTestExecutionContext:0.4866666666666667
RestClient:0.40388888888888885
ElasticsearchRestTests:0.056666666666666664
