Mission:0.6066666666666667
VehicleMission:0.5166666666666667
Exploration:0.23666666666666666
BiologyStudyFieldMission:0.21
AreologyStudyFieldMission:0.21
EmergencySupplyMission:0.21
BuildingConstructionMission:0.20666666666666667
RescueSalvageVehicle:0.20333333333333334
Mining:0.20333333333333334
Trade:0.20333333333333334
TravelToSettlement:0.2
CollectResourcesMission:0.18666666666666668
MissionWindow:0.13666666666666666
