Py:0.5833333333333334
PyInstance:0.5133333333333333
ThreadState:0.41333333333333333
PyReflectedConstructor:0.3111111111111111
