CameraDraft:0.44666666666666666
AbstractMap3DProjection:0.38666666666666666
Line3D:0.29
Map3DItemListRenderer:0.25333333333333335
AbstractProjectedMap3DItemRenderer:0.22166666666666668
JFXMapSymbol3D:0.20666666666666667
SymbolRotated3DRenderer:0.19666666666666666
Line3DStart:0.19
Line3DSegment:0.16
Line3DStartRenderer:0.09888888888888889
Line3DSegmentRenderer:0.06333333333333334
