Display:0.4033333333333333
Add:0.29
AllAnnotationTasks:0.27666666666666667
Terms:0.2594444444444445
Term:0.25
Hits:0.24444444444444446
PropagateAnnotation:0.24333333333333335
Annotation:0.21666666666666667
Summary:0.21333333333333335
Results:0.20666666666666667
User:0.20333333333333334
GeneSearcher:0.20333333333333334
Update:0.19666666666666666
Search:0.19666666666666666
AddGene:0.19333333333333333
AddArticle:0.19
UpdateHistoryList:0.19
AddAllele:0.19
SearchTerms:0.18666666666666668
UpdateAnnotation:0.18666666666666668
CommentList:0.18333333333333332
UpdateTerm:0.18
SearchGenes:0.18
TemporaryGenes:0.17666666666666667
Term_Annotations:0.17666666666666667
AddGermplasm:0.17666666666666667
DisplayDefault:0.17333333333333334
UpdateGermplasm:0.17
UpdateAllele:0.17
SearchHits2:0.16444444444444445
RequestHandler:0.15333333333333332
Gene:0.15
SearchAllObjects:0.15
Genes:0.14666666666666667
RequestHandlerState:0.14
Communication:0.13777777777777775
Articles:0.13
Germplasm:0.12333333333333334
DisplayPubSource:0.11666666666666667
AnnotationsFragmentWithPropagation:0.11666666666666667
AnnotationList:0.11666666666666667
AddCommunication:0.11
Locus_AnnotationStatus:0.11
AddProtocol:0.11
AddPubSource:0.11
UploadFile:0.11
AddSequence:0.10666666666666667
Sequence:0.10333333333333333
AddUrl:0.10333333333333333
SearchArticles:0.10333333333333333
AddPhenotype:0.10333333333333333
Phenotype:0.1
Allele:0.1
AddAttribution:0.09
UpdateProtocol:0.08666666666666667
Locus:0.08666666666666667
AddBulkGoTerm:0.08666666666666667
Comment:0.08666666666666667
Hit:0.08666666666666667
Reference:0.08333333333333333
UpdatePhenotype:0.07666666666666666
UpdatePubSource:0.07666666666666666
UpdateLocus:0.07666666666666666
UpdateSequence:0.07666666666666666
UpdateURL:0.07333333333333333
Article:0.07
Protocol:0.07
SearchPubSource:0.06666666666666667
SearchPhenotype:0.06666666666666667
SearchGermplasm:0.06666666666666667
PubSource:0.06
URL:0.05
AliasList:0.043333333333333335
UpdateComment:0.043333333333333335
AttributionList:0.043333333333333335
UpdateArticleWithId:0.043333333333333335
ArticleActions:0.04
Locus_Hits:0.03666666666666667
DisplayHit:0.03666666666666667
Term_Graph:0.03
Pubsourcealias:0.03
JspRequestHandler:0.02
BackToSearch:0.013333333333333334
