HMACAuthenticationModule:0.48555555555555563
CrmfRequestTest:0.38333333333333336
CrmfRATcpRequestTest:0.38333333333333336
