EhCacheBasedTicketCacheTests:0.35333333333333333
EhCacheBasedUserCacheTests:0.35
EhCacheBasedAclEntryCacheTests:0.3333333333333333
EhCacheBasedTicketCache:0.31666666666666665
EhCacheBasedUserCache:0.31666666666666665
EhCacheBasedAclEntryCache:0.2833333333333333
