MqlParameterTransformer:0.49666666666666665
HibernateTransaction:0.3466666666666667
