AnalyzedFunction:0.5866666666666667
TestQueries:0.4766666666666667
StatementAnalyzer:0.2833333333333333
AggregateAnalyzer:0.25
