AndroidApplicationBase:0.62
AndroidLiveWallpaper:0.3566666666666667
AndroidGraphics:0.31333333333333335
AndroidApplication:0.31166666666666665
AndroidDaydream:0.26
AndroidFragmentApplication:0.19666666666666666
