ProfileModuleImpl:0.5866666666666667
UserPrincipal:0.36
Group:0.33666666666666667
