RWorkspace:0.8966666666666666
RVariablesView:0.2833333333333333
ExecuteScriptR:0.14
ExecuteRText:0.14
