LuceneDocCollector:0.5783333333333334
LuceneDocCollectorBenchmark:0.32666666666666666
OrderedLuceneDocCollector:0.31333333333333335
PausingCollectingRowReceiver:0.24333333333333335
