PersonResourceTest:0.3
ResourceTestRule:0.20333333333333334
PeopleResourceTest:0.17666666666666667
ProtectedClassResourceTest:0.17333333333333334
ProtectedResourceTest:0.17333333333333334
ResourceTestWithGrizzly:0.17
PersonResourceExceptionMapperTest:0.13666666666666666
