ReportHelper:0.5633333333333334
DSView:0.5533333333333333
