ExecScript:0.7333333333333333
ExecBuilderTest:0.29333333333333333
ExecBuilder:0.2833333333333333
ExecScriptTest:0.016666666666666666
