SummaryComputer:0.5405555555555556
TagContent:0.5047619047619049
SummaryDemo:0.31333333333333335
