Select:0.78
TableFilter:0.44333333333333336
SetFunction:0.3016666666666667
