Building:0.52
Person:0.45
Heating:0.35333333333333333
Airlock:0.35
HeatTableModel:0.17333333333333334
