GeoLocationRequest:0.5533333333333333
GeoLocationResponse:0.43
MaxmindDatabaseGeoLocationService:0.30666666666666664
