DebugElementTest:0.36
AtomTest:0.3441666666666667
AtomTypeTest:0.32666666666666666
BioPolymerTest:0.17666666666666667
