ResourceLoader:0.5333333333333333
AssetManagerTest:0.37
RobolectricTestRunner:0.3433333333333333
ShadowResources:0.24333333333333335
ShadowAssetManager:0.14666666666666667
TestUtil:0.14
ViewGroupTest:0.13666666666666666
AppWidgetManagerTest:0.13666666666666666
ResourcesTest:0.11333333333333333
WithTestDefaultsRunner:0.09333333333333334
RobolectricTestRunnerInterface:0.05333333333333334
