Simulation:0.5033333333333333
Building:0.4426666666666667
Person:0.35
PhysicalCondition:0.32
PowerStorage:0.32
PowerGrid:0.2866666666666667
TaskManager:0.24444444444444446
SleepMeta:0.15333333333333332
TabPanelPowerGrid:0.13333333333333333
BuildingPanelPowerStorage:0.12666666666666668
