JFXMapSymbol:0.8177777777777778
SwingMapSymbol:0.5633888888888888
