ShowConfigAction:0.5133333333333333
ActionNamesAction:0.4533333333333333
ConfigurationHelper:0.31666666666666665
