IHEDocumentList:0.56
WaveformTemplate:0.528611111111111
XMLUtil:0.38333333333333336
SVGCreator:0.3333333333333333
WADOCacheImpl:0.3
WaveformArea:0.2866666666666667
RIDSupport:0.26
FOPCreator:0.2
ECGSupport:0.17
WaveFormChannel:0.13666666666666666
WaveformGroup:0.08277777777777778
WaveformTemplateFactory:0.06472222222222222
WaveformFlowTemplate:0.05611111111111112
TwelveLeadTemplate:0.05611111111111112
WaveformInfo:0.03944444444444445
XMLResponseObject:0.0
