TestOdbcTypes:0.6266666666666667
ServerConnection:0.3566666666666667
StatementPortal:0.3433333333333333
OdbcPacketInputStream:0.2866666666666667
