Setting:0.8766666666666667
SettingTests:0.2733333333333333
AbstractScopedSettings:0.19666666666666666
ScopedSettingsTests:0.09
