ProfileDao:0.6039722222222224
ProfileModule:0.6039722222222224
User:0.4633333333333333
ProfileModuleImpl:0.31666666666666665
FileModuleImpl:0.3
Constants:0.22416666666666665
BaseService:0.21
ProfileDaoImpl:0.19
ObjectKeys:0.11333333333333333
WebKeys:0.0033333333333333335
