PlannerTest:0.6266666666666667
OrderingByPosition:0.31166666666666665
Visitor:0.23800000000000002
SystemCollectSource:0.18333333333333332
QueryAndFetchConsumer:0.06333333333333334
