Common:0.616388888888889
ArticleQueryService:0.6066666666666667
IndexProcessor:0.39666666666666667
