MeshPart:0.6066666666666667
MeshBuilder:0.3333333333333333
Model:0.30333333333333334
BillboardParticleBatch:0.2966666666666667
Node:0.29
PointSpriteParticleBatch:0.2733333333333333
ModelBuilder:0.23333333333333334
btIndexedMesh:0.2111111111111111
VoxelWorld:0.19666666666666666
ModelCache:0.17333333333333334
HeightMapTest:0.15333333333333332
SoftMeshTest:0.13
