LoadPermissionsController:0.36666666666666664
RolesResult:0.36333333333333334
LoadUsersController:0.2633333333333333
LoadUsersForRequestBean:0.20333333333333334
UsersResult:0.17027777777777778
RoleResult:0.17027777777777778
LoadRolesController:0.16
UserResult:0.15
RoleEditorController:0.14666666666666667
LoadPermissionsForRequestBean:0.12666666666666668
RoleCommandURLGenerator:0.11666666666666667
UserCommandURLGenerator:0.023333333333333334
