Context:0.6833333333333333
LuceneDocCollectorTest:0.34
LuceneDocCollector:0.31333333333333335
CollectInputSymbolVisitor:0.24333333333333335
ShardCollectService:0.19166666666666668
