ViewUtil:0.58
FileFormat:0.43333333333333335
UserTypeFormat:0.3466666666666667
StringFormat:0.28555555555555556
VariableLogic:0.26666666666666666
TextFormat:0.22666666666666666
EditLinkedListsTag:0.11666666666666667
MultipleSelectFromListTag:0.11333333333333333
MultipleSelectFromListUserVariablesTag:0.09666666666666666
AbstractListUserVariables:0.020833333333333332
DisplayListUserVariablesTag:0.02
