WorkbenchFrame:0.7866666666666666
LayerViewPanel:0.43333333333333335
SegmentStringsWithData2Features:0.31
UnionByAttributePlugIn:0.23444444444444448
DataSourceFileLayerLoader:0.12666666666666668
DefaultApplicationExitHandler:0.11333333333333333
