Atom:0.8533333333333334
Convertor:0.2633333333333333
MOPAC97Reader:0.19
JMEReader:0.19
