EvictionHelper:0.5566666666666666
EvictionTest:0.3566666666666667
DefaultRecordStore:0.33666666666666667
AbstractEvictableRecordStore:0.3333333333333333
AbstractRecordStore:0.3
