ActionFileExit:0.5442777777777777
ActionNetworkLeave:0.5442777777777777
