Robot:0.5166666666666667
KeyStrokeMap:0.32
ScriptEditor:0.27666666666666667
InputState:0.27
JTableLocation:0.23666666666666666
JTabbedPaneLocation:0.23666666666666666
ComponentReference:0.23333333333333334
ComponentTester:0.21666666666666667
WindowTracker:0.20333333333333334
JComboBoxTester:0.19666666666666666
AppletviewerEditor:0.11333333333333333
