ShadowResourcesTest:0.4533333333333333
ShadowAssetManager:0.43
style:0.12169841269841271
attr:0.12169841269841271
dimen:0.07333333333333333
array:0.07333333333333333
styleable:0.0
