BuildDetailController:0.7766666666666666
GetActiveBuildInfoControllerTest:0.5633333333333334
