ProjectTest:0.7244444444444443
FilesServlet:0.3233333333333333
