TypeUtil:0.6566666666666666
ClassFileConverterTest:0.35
EnumConstantDeclaration:0.2966666666666667
ClassFileConverter:0.2966666666666667
AnnotationTypeMemberDeclaration:0.2966666666666667
DebugASTPrinter:0.2733333333333333
EnumDeclaration:0.23
TranslationUtil:0.20666666666666667
TreeUtil:0.185
AnnotationTypeDeclaration:0.11
