X_C_InvoiceAdvance:0.49
X_C_InvoiceAdvanceLine:0.39
VAdvanceBills:0.36
VInOutGen:0.31666666666666665
MInvoiceAdvance:0.24333333333333335
VInvoiceGen:0.21
InOutLineGenerate:0.19666666666666666
InOutCreateInvoice:0.12333333333333334
AdvanceBillRow:0.05
RowBase:0.05
