EventBus:0.6766666666666666
EventBusBuilder:0.49
HandlerPoster:0.17666666666666667
