ProxyWebApp:0.6533333333333333
ProxyWebAppTest:0.2966666666666667
LogServiceImpl:0.10666666666666667
LogServiceAsync:0.09838095238095237
LogService:0.09838095238095237
