ClassFileVersion:0.7766666666666666
ClassFileVersionKnownVersionsTest:0.27666666666666667
ClassFileVersionTest:0.22666666666666666
