InMemoryLookupCache:0.6233333333333333
Builder:0.38333333333333336
Word2Vec:0.33
VocabularyHolder:0.32666666666666666
VocabularyWord:0.2633333333333333
WordVectorSerializer:0.22
VectorCalculationsThread:0.18666666666666668
VocabularyHolderTest:0.08
WordVectorSerializerTest:0.04666666666666667
HuffmanNode:0.04
AsyncIteratorDigitizer:0.04
