SurrogateInitialAuthenticationAction:0.55
SurrogateAuthenticationProperties:0.36
SurrogateAuthenticationConfiguration:0.2866666666666667
Simple:0.023333333333333334
Ldap:0.0
Json:0.0
