PrivateManagerBean:0.4066666666666667
StudyMgtBean:0.33
ContentEditBean:0.33
FixPatientAttributesBean:0.22333333333333333
