DatabaseHandler:0.5766666666666667
FileHandler:0.55
PersistencyHandler:0.4033333333333333
