Script:0.6733333333333333
ScriptPattern:0.4766666666666667
ScriptPatternTest:0.11666666666666667
