ScheduledExecutorServiceBasicTest:0.36333333333333334
DelegatingScheduledFutureStripperTest:0.3333333333333333
ICountdownLatchRunnableTask:0.32966666666666666
ScheduledTaskHandlerImplTest:0.30333333333333334
ScheduledExecutorServiceTestSupport:0.2633333333333333
ScheduledExecutorServiceSlowTest:0.23333333333333334
ClientScheduledExecutorServiceBasicTest:0.11666666666666667
ScheduledExecutorWaitNotifyKeyTest:0.09666666666666666
ClientScheduledExecutorServiceSlowTest:0.09333333333333334
PlainPartitionAwareRunnableTask:0.07333333333333333
