Assert:0.5266666666666666
TestRunner:0.45666666666666667
TestSuite:0.4266666666666667
BaseTestRunner:0.26666666666666666
AssertTest:0.25666666666666665
