Index:0.53
IndexShard:0.43333333333333335
InternalEngine:0.38333333333333336
InternalEngineTests:0.2833333333333333
