NodeDaoJdbc:0.575
NodeDao:0.43213888888888885
NodeDaoHibernate:0.2866666666666667
