TypedByteArray:0.6066666666666667
RestAdapterTest:0.4502777777777777
GsonConverter:0.3416666666666667
