AboutDialog:0.5466666666666666
EarthClock:0.5066666666666667
MasterClock:0.5
