FileServlet:0.5166666666666667
MockServletResponse:0.5033333333333333
WebFile:0.17666666666666667
FileServletTest:0.15333333333333332
MyMockServletResponse:0.13666666666666666
MyMockFileServlet:0.03
MockServletOutputStream:0.006666666666666667
