JsonParserReader:0.6924444444444445
JsonGeneratorWriter:0.6627777777777777
