DocumentKey:0.57
RatedDocument:0.57
RatedRequest:0.4066666666666667
RankEvalSpec:0.20666666666666667
