ISessionManager:0.45559523809523816
SharedProject:0.43333333333333335
SessionManager:0.36
IncomingInvitationProcess:0.33666666666666667
