CSSStyleDeclaration:0.6633333333333333
Range:0.35
TreeWalker:0.2669444444444445
BasicJavaScriptJob:0.25666666666666665
Selection:0.23666666666666666
TextRange:0.23
CSSStyleSheet:0.21777777777777782
ComputedCSSStyleDeclaration:0.2125
TimeoutContext:0.19333333333333333
NodeIterator:0.17333333333333334
