DefinitionHelper:0.7733333333333333
AdvancedSearchController:0.33
ManageDefinitionsController:0.24666666666666667
ConfigureController:0.24333333333333335
StringComparator:0.24333333333333335
