ShardProjectorChain:0.5166666666666667
ShardProjectorChainTest:0.4033333333333333
ShardCollectService:0.25333333333333335
