DaoTestDelegate:0.5466666666666666
ProvenanceDaoTest:0.22
ProvenanceDao:0.09
ProvenanceSearchDaoTest:0.08
ProvenanceSearchDao:0.07333333333333333
DaoTestDelegateTest:0.07333333333333333
ErikExampleWebClassTest:0.03333333333333333
HelperDao:0.016666666666666666
ErikExampleWebClass:0.0033333333333333335
AbstractDaoTest:0.0
