RScript:0.5605555555555555
RScriptAsync:0.5152777777777778
