EditorManager:0.5266666666666666
DriverDocumentManager:0.3333333333333333
ConcurrentDocumentManager:0.30666666666666664
FollowModeAction:0.28
SessionContentProvider:0.2733333333333333
SharedDocumentProvider:0.22666666666666666
RoleManager:0.22666666666666666
RemoveAllDriverRoleAction:0.15
ISharedProjectListener:0.14277777777777778
AbstractSharedProjectListener:0.052388888888888895
