ProcessDefinition:0.6133333333333333
GraphElement:0.5433333333333333
MethodTag:0.3566666666666667
TaskState:0.35333333333333333
Decision:0.3182777777777778
DiagramEditorPage:0.245
NodeTypeDefinition:0.22666666666666666
ProcessEditorBase:0.225
ExportParWizardPage:0.2
EnableReassignmentAction:0.16333333333333333
SwimlaneActionsDelegate:0.16333333333333333
ParDeployOperation:0.15333333333333332
CKEditorDialogCreatorHelper:0.14666666666666667
BpmnSerializer:0.13333333333333333
GPDSearchPage:0.13333333333333333
IgnoreSubstitutionAction:0.12
AddStateNodeFeature:0.08666666666666667
FtlTagSupportServlet:0.07
ExclusiveGateway:0.05333333333333334
GpdXmlContentProvider:0.04
AsyncFeatureDelegate:0.03333333333333333
MoveElementFeature:0.03333333333333333
CompactViewFeatureDelegate:0.03333333333333333
EscalationTaskFeatureDelegate:0.01
TimerFeatureDelegate:0.0033333333333333335
