PrestoConnection:0.48
TestPrestoDriverUri:0.43333333333333335
PrestoDriverUri:0.43
PrestoDriver:0.28
TestPrestoDriver:0.26666666666666666
