Constants:0.3775
AccessUtils:0.3233333333333333
EntityIndexUtils:0.30333333333333334
ProfileDaoImpl:0.29
Utils:0.24666666666666667
QueryBuilder:0.23
