GraphingVisitor:0.44
TransitiveDependencyVisitor:0.4033333333333333
ClassModule:0.26734523809523814
TransitiveDependencyVisitorTest:0.23666666666666666
InstanceModule:0.1437777777777778
ConstructedClassProvider:0.13166666666666665
HasDependenciesClass:0.13143783068783071
GraphingVisitorTest:0.13
HasDependenciesModule:0.11421957671957673
Obj:0.052444444444444446
