DM:0.57
SequenceLearningAlgorithm:0.4667063492063494
DBOW:0.35333333333333333
SequenceVectors:0.31
ParagraphVectorsTest:0.2833333333333333
