PartitionRecordStore:0.4166666666666667
ProxyServiceImpl:0.3
EntryOperation:0.24
DistributedObjectDestroyOperation:0.23333333333333334
PostJoinProxyOperation:0.23
PartitionWideEntryOperation:0.21666666666666667
MapContainer:0.19333333333333333
ProxyRegistry:0.17666666666666667
IncrementorEntryProcessor:0.11333333333333333
ProxyInfo:0.09666666666666666
RemoveEntryProcessor:0.07
ValueReaderEntryProcessor:0.05
MapLoadAllTask:0.041666666666666664
EntryProcessorTest:0.03333333333333333
