TermSuggestionBuilder:0.5766666666666667
DirectCandidateGeneratorBuilder:0.5233333333333333
StringDistanceImplTests:0.2633333333333333
DirectCandidateGeneratorTests:0.26
TermSuggestionBuilderTests:0.16666666666666666
