ScriptExceptionTest:0.6533333333333333
ImmediateRefreshHandlerTest:0.1837777777777778
IncorrectnessListenerTest:0.1837777777777778
