DemoFractal:0.7416666666666667
ARB_viewport_array:0.7180555555555556
