Node:0.63
HTMLElement:0.5233333333333333
HtmlUnitDOMBuilder:0.29
JavaScriptEngine:0.24666666666666667
HtmlOptionGroup:0.19666666666666666
HTMLListElement:0.18
HTMLUnknownElement:0.12
