TestIcalCrawler:0.6797222222222223
TestIcalCrawlerIncremental:0.44388888888888883
