Mode:0.21934415
jEdit:0.11971999
StandardUtilities:0.065461524
AbstractOptionPane:0.051829726
FoldHandler:0.04687184
GUIUtilities:0.04082711
