ShadowAssetManager:0.6633333333333333
ShadowAssetManagerTest:0.29
SandboxClassLoader:0.27666666666666667
ShadowResources:0.26666666666666666
ShadowResourcesImpl:0.24333333333333335
ShadowTheme:0.24
ShadowResourcesTest:0.22666666666666666
ShadowThemeTest:0.21333333333333335
ImplementsValidator:0.21
ShadowThemeImpl:0.18833333333333332
ShadowProviderGenerator:0.13666666666666666
ShadowMethodPlan:0.13666666666666666
