MakumbaDataComponent:0.5953333333333333
UIRepeatListComponent:0.5033333333333333
ObjectInputValue:0.44
MakumbaELResolver:0.3333333333333333
CreateObjectComponent:0.3
SetIterationContext:0.2454444444444444
