CompoundList:0.4
ArgumentHandler:0.28833333333333333
Default:0.26666666666666666
Trivial:0.25083333333333335
WithPreservedArguments:0.23333333333333334
AdviceVisitor:0.20666666666666667
ForOrigin:0.18337301587301585
ForInstrumentedMethod:0.16253968253968254
CompoundListTest:0.09
UsingArgumentCopy:0.043333333333333335
RequiringConsistentShape:0.02666666666666667
WithCopiedArguments:0.0
WithRetainedArguments:0.0
