BSONWriter:0.43333333333333335
BSONBinaryWriter:0.36666666666666664
JSONWriter:0.36
Context:0.2697222222222222
