PeakSpectrumView:0.42333333333333334
Structure2DView:0.36
JmolView:0.3433333333333333
PeakView:0.31666666666666665
