ClientReplicatedMapProxy:0.37333333333333335
ClientReplicatedMapEntrySetRequest:0.3405555555555555
ReplicatedMapPortableEntryEvent:0.33666666666666667
ClientReplicatedMapKeySetRequest:0.3361111111111111
ClientReplicatedMapValuesRequest:0.3361111111111111
ClientReplicatedMapGetRequest:0.3111111111111111
ClientReplicatedMapPutTtlRequest:0.3111111111111111
ClientReplicatedMapPutAllRequest:0.3111111111111111
ReplicatedMapPortableHook:0.2522222222222222
ClientReplicatedMapAddEntryListenerRequest:0.20444444444444446
