GloveWeightLookupTable:0.4633333333333333
WordVectorSerializer:0.41
Word2VecChange:0.3433333333333333
Glove:0.23666666666666666
GlovePerformer:0.14
