ROC:0.34
SimpleRnn:0.32
BernoulliReconstructionDistribution:0.29833333333333334
WorkspaceTests:0.2733333333333333
LSTMHelpers:0.21666666666666667
WeightNoise:0.19777777777777777
GaussianDropout:0.19777777777777777
