GraphicsTreeElements:0.48333333333333334
AggregatorOption:0.24333333333333335
ScreenOutput:0.22333333333333333
FlipTreeElements:0.22333333333333333
ReportGraphicalTree:0.22
BasicTreeBuilder:0.20666666666666667
VerticalTreeRenderer:0.1925
TitleRenderer:0.19
TreeRendererBase:0.17666666666666667
GraphicsOutputFactory:0.15
RotateTreeElements:0.14333333333333334
ComponentContainer:0.10666666666666667
LayoutFactory:0.07333333333333333
TreeElementsFactory:0.059722222222222225
RotateRenderer:0.05
HorizontalLines:0.04
MultipleChoiceUI:0.02
ComponentReport:0.016666666666666666
RendererFactory:0.0033333333333333335
