DbSqlBuilder:0.7033333333333334
DbEntitySql:0.48
TemplateParser:0.23906349206349206
