SymphonyServletListener:0.3433333333333333
CommentNotifier:0.22333333333333333
FollowQueryService:0.21333333333333335
ArticleUpdateNotifier:0.20333333333333334
ArticleAddNotifier:0.20333333333333334
