OkCancelDialog:0.8166666666666667
OpenDSAction:0.25333333333333335
JDBCDSPersistence:0.02
