Model:0.5266666666666666
ColorsWidget:0.38777777777777783
FontChooser:0.36666666666666664
