MergeNode:0.4866666666666667
FetchProjection:0.36
TransportExecutorTest:0.3466666666666667
Context:0.2966666666666667
FetchOperationIntegrationTest:0.29333333333333333
PlanNodeBuilder:0.2726111111111111
ProjectionToProjectorVisitor:0.23
FlatProjectorChain:0.19666666666666666
Visitor:0.15333333333333332
PageDownstreamFactory:0.13333333333333333
