JMXCollector:0.47
JBossConnectionFactory:0.2866666666666667
JMXNodeCollector:0.28
JMXMonitor:0.23666666666666666
Jsr160ConnectionFactory:0.14
