ScheduledEntry:0.4266666666666667
SecondsBasedEntryTaskScheduler:0.3433333333333333
MapStoreTest:0.27666666666666667
TimeKey:0.21
MapStoreWriteProcessor:0.12666666666666668
EntryProcessorExecutor:0.09666666666666666
