StorageService:0.45
TestBackupManager:0.35
FileStorageService:0.33666666666666667
TestOrcStorageManager:0.3
BackupManager:0.2733333333333333
BackupStats:0.1461111111111111
BackgroundBackup:0.14
TestFileStorageService:0.11333333333333333
TestingBackupStore:0.058333333333333334
