StaticFilesConfiguration:0.7833333333333333
MatcherFilter:0.3616666666666667
