MasterClock:0.6633333333333333
MainWindow:0.5833333333333334
