CliToolTests:0.4766666666666667
CaptureOutputTerminal:0.33
TerminalTests:0.31333333333333335
MockTerminal:0.14333333333333334
