CommandLineRunner:0.63
DoSFilter:0.2833333333333333
ImageConverter:0.2833333333333333
