Config:0.74
SyntenyLinkPanel:0.4
SyntenyLinkMenu:0.21666666666666667
KaryotypeAdapter:0.17666666666666667
SyntenyLinkPolygon:0.14944444444444444
