TermTable:0.5033333333333333
TermBeanImpl:0.33666666666666667
UpdateAnnotation:0.2
Term:0.18666666666666668
TermBeanFactory:0.14333333333333334
TermOntology:0.14
Term2TermTable:0.13666666666666666
