ApolloPanel:0.69
TierMenu:0.1877777777777778
MenuManager:0.12333333333333334
EditMenu:0.11111111111111109
