WebResponse:0.7486111111111111
WebResponseImpl:0.38666666666666666
NetworkErrorWebResponse:0.26
DummyWebResponse:0.26
HTMLParser:0.25666666666666665
WebResponseWrapper:0.24666666666666667
