WebSocket:0.5466666666666666
Draft:0.5033333333333333
WebSocketListener:0.3175
WebSocketAdapter:0.18333333333333332
