ConfigurationServiceImpl:0.5433333333333333
EditCustomFieldFormAction:0.13666666666666666
EditCustomFieldValueAction:0.13666666666666666
RemoveCustomFieldValueAction:0.13666666666666666
RemoveCustomFieldAction:0.13666666666666666
EditCustomFieldAction:0.13666666666666666
