RegistryObjectFactory:0.6133333333333333
CoreDaoTest:0.26666666666666666
