DedicatedWorkerGlobalScope:0.4266666666666667
SimpleScriptable:0.42333333333333334
Worker:0.37666666666666665
ClassConfiguration:0.30333333333333334
XMLDocument:0.22666666666666666
HostTestsTest:0.15833333333333333
AbstractJavaScriptConfiguration:0.15
HtmlUnitScriptable:0.14
JavaScriptConfigurationTest:0.13333333333333333
MessageEvent:0.12
WorkerJob:0.06333333333333334
WorkerTest:0.05333333333333334
