PortletSessionMapTests:0.5627777777777778
HttpSessionMapTests:0.5627777777777778
