JsonValue:0.7766666666666666
Json:0.5766666666666667
JsonReader:0.2833333333333333
UBJsonReader:0.27666666666666667
