TestQueryState:0.6341666666666667
TestQueryDriversTupleStream:0.43666666666666665
SimpleQueryManager:0.42333333333333334
