CharSeqTest:0.49333333333333335
Seq:0.49
Array:0.46
Stream:0.46
List:0.36666666666666664
Queue:0.34
Vector:0.34
LinearSeq:0.2833333333333333
IndexedSeq:0.2833333333333333
Stack:0.22253968253968254
CharSeq:0.17333333333333334
AbstractSeqTest:0.10666666666666667
