AppliConfiguration:0.395
ARINC661App:0.36333333333333334
ServerDefinitionFile:0.2733333333333333
ClientDefinitionFile:0.22833333333333333
JFXPainterUtils:0.22833333333333333
LayerHelper:0.21444444444444447
