NearCacheConfig:0.49111111111111105
NearCachePreloader:0.4066666666666667
NearCachePreloaderConfig:0.3466666666666667
AbstractNearCachePreloaderTest:0.3233333333333333
XmlClientConfigBuilder:0.21
XmlClientConfigBuilderTest:0.18666666666666668
IOUtil:0.16333333333333333
NearCachePreloaderConfigTest:0.15833333333333333
NearCacheTestUtils:0.13666666666666666
ClientCacheNearCachePreloaderTest:0.10666666666666667
NearCachePreloaderConfigReadOnlyTest:0.10666666666666667
NearCachePreloaderConfigReadOnly:0.09
ClientMapNearCachePreloaderTest:0.043333333333333335
