FeatureSetI:0.58
FeatureSet:0.5433333333333333
BaseEditorPanel:0.30333333333333334
AnnotationEditor:0.2966666666666667
TranscriptEditPanel:0.28
FeatureEditorDialog:0.23666666666666666
FeatureTreePanel:0.22222222222222224
RightClickActionListener:0.13
EvidencePanel:0.12666666666666668
