CachingLogic:0.6366666666666667
TaskCacheCtrl:0.30666666666666664
