XSearchPanel:0.7
SearchSettings:0.30333333333333334
ResultWriter:0.20666666666666667
HyperSearchRequest:0.19
XSearchOptionPane:0.14666666666666667
XSearchPlugin:0.1311111111111111
MultiFileActionHandler:0.1311111111111111
