EventLogRecord:0.41
Advapi32Test:0.39666666666666667
Advapi32UtilTest:0.22666666666666666
EventLogIterator:0.19666666666666666
