Schedule:0.8966666666666666
ScheduleTest:0.17333333333333334
