Annotation:0.7572222222222222
AnnotationTest:0.3566666666666667
