ShadowApplication:0.44333333333333336
ShadowViewTest:0.35
ShadowEditTextTest:0.30333333333333334
ShadowContextTest:0.28
ShadowAssetManagerTest:0.26
ShadowPreferenceGroupTest:0.25
ShadowApplicationTest:0.24333333333333335
ShadowProgressBarTest:0.21666666666666667
ViewStubTest:0.15
