Style:0.7166666666666667
Liferay43Style:0.3
Liferay41Style:0.2866666666666667
WebSpherePortalStyle:0.2866666666666667
Liferay51Style:0.28
JetSpeed2Style:0.23333333333333334
