CatalogUtils:0.45
BasicIntegrationConfiguration:0.38333333333333336
Mapping:0.27416666666666667
TechnologyCatalogUtils:0.24333333333333335
TargetPanel:0.23666666666666666
ConsoleSample:0.20916666666666667
ModelAccessPanel:0.19583333333333336
UserNameListener:0.06416666666666666
