HostParentOfATest:0.24333333333333335
HostTypeOfTest:0.24333333333333335
HostParentOfITest:0.23333333333333334
HostClassNameStandardsTest:0.21333333333333335
BrowserVersionTest:0.18
