BufferPrintable:0.29408604
jEdit:0.20647833
View:0.054213945
MiscUtilities:0.050577138
Buffer:0.039389014
