VFSBrowser:0.20916465
VFS:0.1874933
RenameBrowserTask:0.16523357
FavoritesProvider:0.14141463
VFSFile:0.11964282
BrowserView:0.11410168
VFSManager:0.11261006
FileCellRenderer:0.09646716
FilePropertiesDialog:0.08717865
jEdit:0.08174742
MiscUtilities:0.06639365
EditBus:0.047328122
DynamicMenuChanged:0.02583089
