Signatures:0.4769285714285714
AbstractTestQueries:0.43944444444444436
TestRowOperators:0.3233333333333333
Visitor:0.29800000000000004
Formatter:0.26666666666666666
TestExpressionInterpreter:0.17333333333333334
BytecodeExpressionVisitor:0.14
