ClassNode:0.5466666666666666
SearchBar:0.31333333333333335
MainWindow:0.26666666666666666
InsnGen:0.23
ProcessVariables:0.16
