TrashListPage:0.6833333333333333
ModuleSelectorPanel:0.5366666666666666
MainPage:0.15
