CasCoreTicketsConfiguration:0.5980555555555557
MultifactorAuthnTrustConfiguration:0.39666666666666667
CasConfigurationServerBanner:0.3333333333333333
