AbstractGhemicalComputationJob:0.3566666666666667
QuantumMechanicsComputationWizard:0.26666666666666666
QuantumMechanicsComputationJob:0.24666666666666667
GhemicalPlugin:0.22388888888888892
MolecularMechanicsComputationWizard:0.13666666666666666
MolecularMechanicsComputationJob:0.12333333333333334
GhemicalPreferences:0.043333333333333335
IPreferenceConstants:0.0
