ArchiveException:0.34555555555555556
HibernatePersistenceProvider:0.33666666666666667
ArchiveHelper:0.33
JarFileBasedArchiveDescriptor:0.20666666666666667
JarProtocolArchiveDescriptor:0.14
JarInputStreamBasedArchiveDescriptor:0.14
QueryHints:0.008333333333333333
