ConcurrentMapManager:0.54
Node:0.5066666666666667
MGet:0.2633333333333333
StoreAwareOperationHandler:0.18333333333333332
MapStoreTest:0.16333333333333333
PutTransientOperationHandler:0.06333333333333334
