Delivery:0.5966666666666667
Office:0.46166666666666667
MetaFilter:0.3233333333333333
BaseContextFilter:0.25
