Cluster:0.8333333333333334
ClusterSettings:0.45
Mongo:0.3933333333333333
ClusterBinding:0.2966666666666667
BaseCluster:0.21666666666666667
ClusterFixture:0.21333333333333335
SingleServerClusterTest:0.09888888888888889
ServerHelper:0.09888888888888889
SingleServerBinding:0.04777777777777777
SingleConnectionBinding:0.045
