WriteBehindQueue:0.7966666666666666
LocalMapStatsImpl:0.3588888888888889
LocalMapStatsProvider:0.25666666666666665
ArrayWriteBehindQueue:0.23083333333333333
SynchronizedWriteBehindQueue:0.22
BoundedArrayWriteBehindQueue:0.21333333333333335
WriteBehindStore:0.19666666666666666
EmptyWriteBehindQueue:0.19
CoalescedWriteBehindQueue:0.17
