AtomicReferenceProxy:0.52
ClientAtomicReferenceProxy:0.45666666666666667
AtomicReferenceService:0.41333333333333333
