Pointer:0.55
Loader:0.3566666666666667
Parser:0.31333333333333335
Generator:0.31
DeclarationList:0.22333333333333333
BuildMojo:0.13666666666666666
