ActionResultTest:0.43
ActionMethodParserTest:0.2833333333333333
IntcptAction:0.17333333333333334
HelloAction:0.15666666666666668
ActionRequestRecursionTest:0.14333333333333334
ManualRegistration:0.1
MyWebApplication:0.08666666666666667
