HttpHelper:0.8366666666666667
BookResultInfoRetriever:0.23666666666666666
AmazonInfoRetriever:0.21
