PersonMapper:0.6866666666666666
MapperAnnotationBuilder:0.5366666666666666
CacheTest:0.10333333333333333
