MaterializedResult:0.7033333333333334
SqlDecimal:0.53
H2QueryRunner:0.24666666666666667
