GeoView:0.46
GeoList:0.4533333333333333
Model:0.41
ChooseMap:0.29
Content:0.27
ReportKML:0.19666666666666666
LayerPanel:0.1955
ReportGoogleMap:0.18666666666666668
GeoViewFactory:0.056666666666666664
Update:0.05
ZoomOnOff:0.05
ZoomExtent:0.03333333333333333
