StoreScp:0.52
MoveTask:0.26666666666666666
DecompressCmd:0.23666666666666666
QueryRetrieveScpService:0.22
