Beans:0.7266666666666667
HttpClientMultithreadedDownloader:0.33444444444444443
ChainingMetadataResolverCacheLoader:0.27
DefaultCasEventListener:0.13333333333333333
