Array:0.45666666666666667
FloatBag:0.39
IntBag:0.39
LongBag:0.39
ArrayPool:0.36666666666666664
MathUtils:0.35333333333333333
LongArray:0.35
IntArray:0.35
Values:0.3
Entries:0.3
Keys:0.3
Bag:0.27666666666666667
FloatArray:0.26666666666666666
BagPool:0.26666666666666666
IdentityMap:0.21333333333333335
ObjectMap:0.20333333333333334
LongMap:0.18666666666666668
IntMap:0.18666666666666668
Sort:0.13666666666666666
MapIterator:0.0033333333333333335
