Database:0.43333333333333335
Configuration:0.43
DBConnection:0.41
RequestAttributes:0.38666666666666666
Logic:0.37333333333333335
TableManager:0.33
JavassistClassWriter:0.30333333333333334
ResponderFactory:0.29555555555555557
ObjectImporter:0.29333333333333333
HqlAnalyzeWalker:0.27666666666666667
HibernateTransaction:0.27
TransactionImplementation:0.26666666666666666
PageCache:0.2625
choiceEditor:0.25666666666666665
CRUDOperationProvider:0.25
FieldDefinitionImpl:0.24666666666666667
HibernateCRUDOperationProvider:0.24666666666666667
SectionTag:0.23838888888888887
FormTagBase:0.22555555555555554
MDDComparator:0.22166666666666668
setEditor:0.21972222222222218
HibernateSFManager:0.21777777777777782
TaglibDocGenerator:0.21666666666666667
JavassistClassReader:0.205
ListFormDataProvider:0.205
FormResponder:0.20388888888888887
OptionTag:0.19666666666666666
HttpParameters:0.19333333333333333
textViewer:0.19
charViewer:0.19
ComparisonValidationRule:0.18333333333333332
setintEnumEditor:0.18333333333333332
FormsOQLTest:0.18333333333333332
MakumbaINIConfiguration:0.18
ResponseControllerHandler:0.1757222222222222
ShowResources:0.175
RecordEditor:0.17333333333333334
MakumbaTLDGenerator:0.17166666666666666
MakumbaInfoTag:0.16666666666666666
MultipartHttpParameters:0.16166666666666665
ReferenceChecker:0.16
DataServlet:0.15
PageAttributes:0.141
ObjectTypeAST:0.13666666666666666
AJAXDataControllerHandler:0.13
MDDTypeConverter:0.13
MqlSqlASTFactory:0.11333333333333333
LogoutTag:0.11
LoginTag:0.09333333333333334
HibernateTest:0.08333333333333333
checkForeignKeys:0.07666666666666666
ErrorLogViewerServlet:0.07333333333333333
DataQueryServlet:0.07333333333333333
Evaluator:0.05333333333333334
TestLoginLogic:0.02
