IRDFManager:0.8104365079365079
RDFManager:0.4866666666666667
Activator:0.43333333333333335
