MapContainsHandler:0.569555315055315
ListClientProxy:0.5133333333333333
ClientProxy:0.38666666666666666
ListRemoveHandler:0.36366209716209713
MapClientProxy:0.35333333333333333
HazelcastClientMapTest:0.3466666666666667
ListenerManager:0.24
LightEntrySet:0.235
CountDownItemListener:0.19555555555555557
HazelcastClientListTest:0.19333333333333333
OutRunnable:0.18
TransactionClientProxy:0.16333333333333333
DestroyHandler:0.15666666666666668
Keys:0.12333333333333334
DynamicClusterTest:0.09333333333333334
MapIterateKeysHandler:0.09
ClientService:0.06
MapSizeHandler:0.03428571428571429
