Color:0.5719444444444445
InputWrapper:0.4844444444444444
