DefaultComponentFinder:0.53
SystemState:0.46
StepRunner:0.3466666666666667
ComponentTestFixture:0.2733333333333333
