Task:0.7733333333333333
MedicalAssistance:0.23222222222222225
EatMeal:0.20666666666666667
NegotiateTrade:0.20666666666666667
PrescribeMedication:0.17666666666666667
InviteStudyCollaborator:0.17666666666666667
RespondToStudyInvitation:0.17666666666666667
