FOXML1_1DOSerializer:0.4033333333333333
FOXML1_1DODeserializer:0.38
ResourceIndexIntegrationTest:0.31
DOTranslationUtility:0.2833333333333333
XMLFormat:0.24333333333333335
Rebuild:0.23333333333333334
FOXML1_0DOSerializer:0.20666666666666667
FOXML1_0DODeserializer:0.18333333333333332
QName:0.17666666666666667
FOXMLInOutTest:0.1
METSToFOXMLTest:0.08666666666666667
Constants:0.07
FedoraAuditNamespace:0.028333333333333332
FedoraAudit1_0Format:0.006666666666666667
XSINamespace:0.0
