DistributedMasterBuilder:0.6966666666666667
DistributedMasterBuilderTest:0.45666666666666667
