ServerCockpitItemsUtilities:0.4
ServerFreeCockpitRuntimeTest:0.36
CockpitPanelTest:0.32666666666666666
ClientCockpitWidgetsRefHandler:0.31333333333333335
ServerFreeCockpitRuntimeNotifTest:0.2633333333333333
FreeWindowingParamStructConverter:0.19333333333333333
ClientCockpitXMLDFHandler:0.15
