MultiApiRobolectricTestRunner:0.43333333333333335
MultiApiRobolectricTestRunnerTest:0.32666666666666666
