RoleListPanel:0.24633333333333335
UserListPanel:0.24633333333333335
GroupListPanel:0.22300000000000003
HasAETGroupModel:0.21
HasPrincipalModel:0.19666666666666666
CreateOrEditRoleForm:0.115
CreateOrEditGroupForm:0.115
ChangePasswordForm:0.115
CreateOrEditAETGroupForm:0.115
AddUserForm:0.115
HasRoleModel:0.11333333333333333
