RuntimeEnvironment:0.6333333333333333
HistoryGuru:0.39444444444444443
SubversionRepository:0.31666666666666665
CommandLineOptions:0.2788888888888889
PageConfig:0.27666666666666667
Util:0.22333333333333333
DirectoryHistoryReader:0.21333333333333335
Indexer:0.17
