PagingData:0.45
GwtTeamingMessages:0.3466666666666667
GwtActivityStreamHelper:0.32666666666666666
SearchResultsWidget:0.25
ActivityStreamCtrl:0.193
ASSearchResults:0.16666666666666666
