BaseLayer:0.5822222222222222
OutputLayer:0.5566666666666666
OutputLayerTest:0.19
