LocalQueryRunner:0.5133333333333333
FileSingleStreamSpillerFactory:0.5
TestBinaryFileSpiller:0.3333333333333333
BenchmarkData:0.2966666666666667
