WebKeys:0.4494444444444445
DefinitionModuleImpl:0.37
BuildDefinitionDivs:0.33666666666666667
DefinitionHelper:0.30666666666666664
ListFolderController:0.25833333333333336
DefinitionConfigurationBuilder:0.18333333333333332
DisplayConfiguration:0.16666666666666666
ViewController:0.14333333333333334
