MethodExecution:0.59
StepFactory:0.37333333333333335
ClassExecution:0.3433333333333333
IntermediateExecutionBuilder:0.29333333333333333
