CacheContext:0.6966666666666667
CacheGenerator:0.5066666666666667
MultiThreadedTest:0.26666666666666666
