MapConfig:0.5766666666666667
Config:0.51
CMap:0.32666666666666666
