RIQueue:0.5666666666666667
ResourceIndexImpl:0.5133333333333333
FedoraViewNamespace:0.29555555555555557
