NodeViewI:0.8486111111111111
EdgeView:0.47333333333333333
JnetManager:0.38333333333333336
NodeView:0.36
Navigation:0.28948412698412695
JnetFilterObserver:0.1817777777777778
