CDKManager:0.7433333333333333
ICDKManager:0.6938095238095238
CDKManagerTest:0.32
