HTTPRequest:0.6177777777777778
HTTPResponse:0.48155555555555546
