InternalAggregation:0.48
InternalTopHits:0.31666666666666665
Bucket:0.20666666666666667
InternalAggregations:0.20333333333333334
TopHitsAggregator:0.2
UnmappedSignificantTerms:0.1788888888888889
UnmappedTerms:0.1788888888888889
Reducer:0.12666666666666668
