DicomModel:0.7111111111111111
DicomDirImport:0.49666666666666665
