Spark:0.7333333333333333
Function:0.51
MatcherFilter:0.16333333333333333
SparkTest:0.07
