Field:0.46
Analysis:0.32
StatementAnalyzer:0.27
TupleAnalyzer:0.24333333333333335
Scope:0.21333333333333335
AbstractTestQueries:0.2
Visitor:0.19
