HttpConfigurationBuilder:0.3566666666666667
SessionManagementConfigurer:0.32666666666666666
CsrfFilter:0.28583333333333333
CsrfBeanDefinitionParser:0.25
CsrfConfigurer:0.16
