Rule:0.4866666666666667
DefaultTokeniser:0.36333333333333334
MultiPhaseTransducer:0.26777777777777784
Batch:0.25333333333333335
DocumentImpl:0.21666666666666667
SinglePhaseTransducer:0.21333333333333335
JapeGUI:0.20666666666666667
TestJape:0.18811111111111112
FSMInstance:0.16666666666666666
Transducer:0.12333333333333334
