Layer:0.39666666666666667
FrozenLayer:0.25333333333333335
BaseLayer:0.24666666666666667
BaseOutputLayer:0.2
UpdaterBlock:0.18666666666666668
MultiLayerNeuralNetConfigurationTest:0.18666666666666668
BaseMultiLayerUpdater:0.17333333333333334
BatchNormalization:0.17
NeuralNetConfigurationTest:0.14666666666666667
UpdaterUtils:0.12333333333333334
CenterLossOutputLayer:0.12333333333333334
