SwarmingManager:0.6433333333333333
LoadDownloadListJob:0.5233333333333333
