Pager:0.5116666666666667
SqlMaker:0.42
OraclePager:0.043333333333333335
SQLServerPager:0.023333333333333334
PostgresqlPager:0.023333333333333334
DB2Pager:0.023333333333333334
MySQLPager:0.023333333333333334
