Frontier:0.5188888888888888
Parser:0.38666666666666666
BinaryParseData:0.38333333333333336
