ActionContextCleanUp:0.5666666666666667
FilterDispatcher:0.4683333333333333
