PLutPanel:0.4633333333333333
ImagePanel:0.32
PLutGUIFrame:0.30388888888888893
