Enrichment:0.49
BusinessModel:0.36666666666666664
StatementModel:0.32
ModelGenerator:0.2866666666666667
Conventions:0.25
TableDDLUtils:0.25
Query:0.23333333333333334
BusinessModelEnrichment:0.21666666666666667
StatementModelEnrichment:0.0
