AuthorizationServiceBean:0.665
WfExecutor:0.5725
CheckPermissionOnExecutor:0.3233333333333333
AuthorizationServiceRemoteWS:0.15694444444444444
