AIObject:0.45705628
AIUnit:0.19647451
Wish:0.19101103
AIGoods:0.16672194
TileImprovement:0.15401684
GoodsWish:0.13986915
WorkerWish:0.12194716
AIPlayer:0.11066543
AIColony:0.11063473
WorkLocationPlan:0.09982694
AIInGameInputHandler:0.074744485
ColonyPlan:0.059280477
