Proxies:0.6966666666666667
Task:0.37
ExecutorGroupMembership:0.21666666666666667
Swimlane:0.20666666666666667
PermissionMapping:0.19666666666666666
EndTokenNode:0.19333333333333333
FormulaActionHandler:0.18
RelationPair:0.16666666666666666
EscalationGroup:0.14666666666666667
PrivelegedMapping:0.11333333333333333
