BoundedLocalCache:0.5444444444444444
RefreshAfterWriteTest:0.33666666666666667
CacheLoadingTest:0.2866666666666667
CacheRefreshTest:0.1
