CMLCoreModule:0.8166666666666667
ChemFileCDO:0.3177777777777778
