SearchInfo:0.8766666666666667
DataAccessObjectSearchInfoTest:0.26666666666666666
