IssueDAO:0.7911111111111111
IssueDAOImpl:0.7166666666666668
