ConvertedFileModule:0.7044444444444444
ConvertedFileModuleImpl:0.3233333333333333
HtmlConverter:0.2816666666666667
ReadFileController:0.23333333333333334
WebKeys:0.06333333333333334
