KeyedQueue:0.5441666666666667
Frontier:0.535
URIStoreable:0.46309523809523817
