Util:0.5633333333333334
WebdavSiteScape:0.35
CCClient:0.31333333333333335
DispatchClient:0.29
SiteScapeServlet:0.17
CCExecutionTemplate:0.14666666666666667
AuthenticationManager:0.11333333333333333
