BundleResult:0.7886111111111112
LocalizationLocator:0.4619444444444445
