ResourcesTest:0.5991666666666666
ShadowingTest:0.43
AndroidInterceptorsTest:0.3933333333333333
