SnmpSyncProvider:0.5333333333333333
AbstractSyncProvider:0.5333333333333333
DefaultSyncReader:0.20333333333333334
DefaultSyncProcessor:0.12666666666666668
DefaultSyncWriter:0.08
