FileResource:0.74
Scans:0.29333333333333333
FileSqlManager:0.29
LocalResourceScan:0.28
WebResourceScan:0.27666666666666667
