Tomcat:0.6066666666666667
TomcatServerXML:0.30333333333333334
BundledTomcat:0.20666666666666667
ContainerFactory:0.2
TestTomcat6ServerXML:0.17333333333333334
ExistingTomcat:0.15
ExistingTomcat55:0.14333333333333334
AllUnitTests:0.14
TestTomcat5ServerXML:0.09333333333333334
Tomcat5ServerXML:0.07666666666666666
