Actor:0.81
Table:0.5133333333333333
Group:0.21
ProjectiveTextureTest:0.14583333333333334
UITest:0.13
DragAndDropTest:0.11333333333333333
UISimpleTest:0.11
TreeTest:0.11
ImageTest:0.11
ScrollPaneTest:0.11
ScrollPaneScrollBarsTest:0.11
ViewportTest1:0.0825
ContainerTest:0.07583333333333334
LabelTest:0.07583333333333334
Scene2dTest:0.07333333333333333
TableLayoutTest:0.06916666666666667
TableTest:0.06916666666666667
ScrollPane2Test:0.06916666666666667
LabelScaleTest:0.06916666666666667
