Builder:0.5733333333333334
BaseOutputLayer:0.32
BaseMultiLayerUpdater:0.27
LayerValidation:0.20777777777777778
