TxByMethodRegex:0.3233333333333333
TxByActionKeyRegex:0.3233333333333333
TxByActionKeys:0.2866666666666667
TxByMethods:0.2866666666666667
