ResourceUtil:0.6
LinkUriUtil:0.48
FolderEntryResource:0.23666666666666666
SelfResource:0.17666666666666667
WorkspaceResource:0.17333333333333334
UserResource:0.12
FolderResource:0.12
BinderBriefBuilder:0.11333333333333333
UserBriefBuilder:0.07666666666666666
AbstractDefinableEntityResource:0.056666666666666664
BinderResource:0.006666666666666667
