XMPPChatTransmitter:0.465
JingleFileTransferManager:0.38666666666666666
ConsistencyAction:0.2633333333333333
