JournalHelper:0.5866666666666667
ParameterHelper:0.53
MultiFileJournalWriter:0.4166666666666667
MultiFileJournalHelper:0.4033333333333333
JournalOutputFile:0.21250000000000002
JournalFileFilter:0.19777777777777777
MultiFileJournalReader:0.18
RenamingJournalRecoveryLog:0.14666666666666667
