IBioResource:0.83
SpectrumConstants:0.6586666666666667
BioResource:0.6266666666666667
BioResourceView:0.3433333333333333
NewSpectrumWizard:0.22666666666666666
