Structure:0.44333333333333336
Native:0.43333333333333335
Pointer:0.38666666666666666
Function:0.37666666666666665
FFIType:0.23333333333333334
CallbackReference:0.22
StructureTest:0.21333333333333335
DefaultCallbackProxy:0.18333333333333332
EVT_VARIANT:0.16
