DocumentMetadataDTO:0.7366666666666667
DocumentMetadataRecord:0.34
DocumentRemoteServiceImpl:0.31666666666666665
DocViewerController:0.21
DocumentContainerCanvas:0.17666666666666667
DocumentRemoteService:0.11333333333333333
DocumentListObserver:0.1
DocumentSearchCriteriaDTO:0.07333333333333333
PatientConsentDirectivesTransform:0.06
DocumentQueryService:0.04666666666666667
DocumentDetailCanvas:0.03666666666666667
DocumentAuthorMetadataDTO:0.02
DocumentRemoteServiceAsync:0.0
DocumentRetrieveCriteriaDTO:0.0
