Reprap:0.37333333333333335
RrCSGPolygon:0.31666666666666665
Main:0.25333333333333335
Rr2Point:0.17666666666666667
RrHSearch:0.1276190476190476
MachineFactory:0.12666666666666668
RrDSearch:0.09833333333333333
EstimationProducer:0.06166666666666667
