ServletDispatchIntegrationTest:0.6133333333333333
RegexUriPatternMatcher:0.42
ServletStyleUriPatternMatcher:0.32
AllTests:0.24666666666666667
