LuceneQueryBuilder:0.528888888888889
LuceneSearcher:0.5166666666666667
LuceneQueryTest:0.28
