TODHandler:0.7733333333333333
DefaultTODHandler:0.3466666666666667
QuorumClassInformationProvider:0.28555555555555556
DefaultActionHandler:0.28
QuorumDebugger:0.1577777777777778
SodbeansPauseDebuggerAction:0.10666666666666667
SodbeansRewindDebuggerAction:0.1
