ActorsMultiSelectTag:0.7527777777777778
ArrayListFormat:0.3238888888888889
