SVNRemoteRepository:0.5033333333333333
NewTeamProject:0.42
GITRemoteRepository:0.30666666666666664
ProjectUICommands:0.29333333333333333
WrappedBoolean:0.1276190476190476
RepoTypeChecker:0.11416666666666667
