ProcessDefinition:0.5477777777777777
State:0.49666666666666665
Transition:0.41
GraphElement:0.25
Node:0.24333333333333335
NamedGraphElement:0.22222222222222218
Swimlane:0.20333333333333334
FormNode:0.19666666666666666
TransitionGraphicalEditPart:0.17
WaitState:0.15666666666666668
ImportParWizardPage:0.15333333333333332
StartImagePropertyDescriptor:0.07
ProcessDefinitionTreeEditPart3:0.056666666666666664
