ApertureServer:0.8466666666666667
ServerImpl:0.5633333333333334
ApertureServerServlet:0.26
ServerConfigParameters:0.18666666666666668
RefreshResourceServlet:0.18333333333333332
XmlRpcServletAuthenticated:0.16561111111111113
AccessResourceServlet:0.15666666666666668
ModifySourceServlet:0.1125
CrawlControlServlet:0.07583333333333334
RemoveSourceServlet:0.07583333333333334
