Vlan:0.5166666666666667
SnmpVlanCollection:0.4066666666666667
LinkableNode:0.36666666666666664
SnmpCollection:0.36
DbEventWriter:0.33
