ProcessCache:0.47
ConditionalArtifactRender:0.25666666666666665
ProcessGraph:0.24944444444444447
ProcessInstanceView:0.2
AttachmentArtifactRender:0.15333333333333332
ComponentComboBox:0.15333333333333332
ComponentDateField:0.15333333333333332
ArtifactView:0.1311111111111111
ProcessDefinitionLoader:0.09666666666666666
