CmlFileCoordinatesDescriber:0.5888888888888889
CmlFileDescriber:0.43666666666666665
