XMLHttpRequest:0.7866666666666666
XMLHttpRequestTest:0.3933333333333333
XMLHttpRequestCORSTest:0.3433333333333333
