Symphonys:0.77
Pointtransfer:0.665
PointtransferQueryService:0.3233333333333333
ActivityProcessor:0.16666666666666666
ActivityQueryService:0.0661111111111111
ActivityMgmtService:0.023333333333333334
