ClassifierType:0.3933333333333333
ClassifierFeatureTransformer:0.35333333333333333
MLFunctions:0.34
SvmClassifier:0.3233333333333333
MLPlugin:0.23111111111111116
TestLearnAggregations:0.19666666666666666
LearnLibSvmClassifierAggregation:0.18583333333333332
TestMLQueries:0.14666666666666667
TestEvaluateClassifierPredictions:0.13666666666666666
