JenaReader:0.5446666666666666
DescriptorImpl:0.5033333333333333
IQsarManager:0.37
QsarManager:0.3233333333333333
