LoggingToolTest:0.6516666666666666
IsotopeFactoryTest:0.38333333333333336
IsotopeReaderTest:0.19333333333333333
IsotopeHandlerTest:0.10666666666666667
