SearchContext:0.6466666666666666
QueryShardContext:0.47333333333333333
QueryRewriteContext:0.3
IndicesService:0.2866666666666667
SearchService:0.18
