InternalAggregationTestCase:0.3466666666666667
InternalSingleBucketAggregationTestCase:0.30333333333333334
AggregationsTests:0.2866666666666667
InternalSampler:0.22666666666666666
InternalGlobalTests:0.16
InternalMissingTests:0.16
InternalFilterTests:0.16
InternalNestedTests:0.16
InternalReverseNestedTests:0.16
InternalChildrenTests:0.16
ParsedAggregation:0.14333333333333334
InternalSamplerTests:0.07
