RmiSWTWorkbenchBot:0.51
Musician:0.49
SarosRmiSWTWorkbenchBot:0.46
IRmiSWTWorkbenchBot:0.2478174603174603
SarosState:0.23666666666666666
ISarosRmiSWTWorkbenchBot:0.22781746031746028
TestSVN:0.17666666666666667
SarosConditions:0.16666666666666666
TestShareProject3Users:0.15
TestEditDuringInvitation:0.13333333333333333
SarosConstant:0.11333333333333333
TestFollowMode:0.10416666666666667
TestShareProject:0.10166666666666667
StartupSaros:0.06916666666666667
TestHandleContacts:0.05
isDisConnected:0.04666666666666667
hasContactWith:0.043333333333333335
MyClass3:0.03
MyClass:0.016666666666666666
IsInSession:0.006666666666666667
