FlowAction:0.48333333333333334
FlowExecutorImpl:0.385
PortletFlowController:0.27666666666666667
FlowController:0.2733333333333333
RequestParameterInputMapper:0.13666666666666666
