DummyVLVDirContextProcessor:0.5612142857142858
VirtualListViewResultsCookie:0.48333333333333334
VirtualListViewControlDirContextProcessor:0.35
