GwtTeamingMessages:0.7066666666666667
ShareRights:0.5666666666666667
PerUserZoneShareRightsInfo:0.24666666666666667
EditShareWidget:0.23
EmailPublicLinkDlg:0.19666666666666666
PerUserRightsInfo:0.19666666666666666
GwtShareHelper:0.19333333333333333
EditUserZoneShareRightsDlg:0.17666666666666667
EditNetFolderRightsDlg:0.17666666666666667
ShareItemCell:0.16666666666666666
ShareThisDlg2:0.16333333333333333
