EditBoxTextRenderer:0.66
EditBoxTextRendererTest:0.4666666666666667
EditBoxTextRenderer2Test:0.31333333333333335
