TrashBrief:0.46
TeamingServiceEndpoint:0.42333333333333334
BinderService:0.4144722222222222
TeamingServiceClientWithCall:0.23444444444444448
BinderServiceImpl:0.16
TrashCollection:0.04666666666666667
