Saros:0.54
XMPPChatTransmitter:0.4066666666666667
JingleFileTransferSession:0.27666666666666667
JingleFileTransferManager:0.26666666666666666
FileMediaManager:0.18666666666666668
