Communicator:0.4929444444444444
GenericStepperMotor:0.3333333333333333
StepperPanel:0.30333333333333334
Main:0.2966666666666667
SNAPCommunicator:0.28
GenericExtruder:0.24444444444444446
