ManageRegisteredServicesMultiActionController:0.4866666666666667
CasManagementWebAppConfiguration:0.45666666666666667
ManageRegisteredServicesMultiActionControllerTests:0.3466666666666667
