TypeProxy:0.4
MethodDelegationFieldTest:0.34
ForDefaultMethod:0.30333333333333334
SwapSerializable:0.2733333333333333
SwapInherited:0.27
Swap:0.17666666666666667
ExplicitInherited:0.14772222222222223
