DenoisingAutoEncoder:0.5033333333333333
DefaultTokenizerFactory:0.31
DenoisingAutoEncoderOptimizer:0.2346666666666667
PosUimaTokenizerFactory:0.19333333333333333
UimaTokenizerFactory:0.18
StackedDenoisingAutoEncoderExample:0.15
TokenizerFactory:0.013333333333333334
