ForkJoinPool:0.44
ConcurrentHashMap:0.41
Phaser:0.2546666666666667
LinkedTransferQueue:0.22466666666666668
FutureTask:0.2
SynchronousQueue:0.19416666666666665
