Internal:0.7244444444444444
HttpEngine:0.43
ApplicationInterceptorChain:0.3
RealCall:0.23666666666666666
NetworkInterceptorChain:0.18066666666666667
WebSocketCall:0.16777777777777778
AsyncCall:0.15666666666666668
RetryAndFollowUpInterceptor:0.06
