IndexShard:0.5033333333333333
Engine:0.39666666666666667
InternalEngine:0.30333333333333334
IndexingMemoryController:0.29
MockController:0.27666666666666667
ShadowEngine:0.21
IndexingMemoryControllerTests:0.17333333333333334
EngineRefresher:0.11333333333333333
EngineMergeScheduler:0.10666666666666667
ShardsIndicesStatusChecker:0.01
ShardAndBytesUsed:0.0033333333333333335
