Pixmap:0.7866666666666666
FramebufferToTextureTest:0.30416666666666664
