TaskHandler:0.8525
MultitaskBotRunner:0.32666666666666666
WorkflowBot:0.29333333333333333
TaskHandlerClassesInformation:0.20666666666666667
WorkflowBotInvoker:0.14666666666666667
