ShadowHandler:0.6866666666666666
ShadowLooper:0.5633333333333334
ShadowHandlerTest:0.45666666666666667
ShadowSslErrorHandlerTest:0.32
ShadowMessageTest:0.29333333333333333
AdapterViewBehavior:0.16666666666666666
ShadowMessengerTest:0.12666666666666668
