Builder:0.58
OutputLayer:0.5066666666666667
BaseMultiLayerNetwork:0.4888888888888889
DeepAutoEncoder:0.23111111111111116
DeepAutoEncoderTest:0.17333333333333334
