NodeMessage:0.2866666666666667
NioServer:0.28
AbstractSocketWrapper:0.28
SocketChannelClient:0.2633333333333333
JPPFServer:0.20333333333333334
