CodeCompiler:0.7366666666666667
ProxyMaker:0.255
PyCodeConstant:0.14666666666666667
