RepositoryUtil:0.67
FileModuleImpl:0.37
FileAttachment:0.35733333333333334
DefinitionModuleImpl:0.27666666666666667
MimeHelper:0.17666666666666667
