DependencyTest:0.5483333333333333
AnnotationProxyTest:0.33166666666666667
ComponentScanTest:0.2866666666666667
