Processor:0.5336111111111111
PipelineStore:0.29333333333333333
Pipeline:0.28
IngestModule:0.06833333333333332
PipelineStoreTests:0.013333333333333334
IngestClientIT:0.013333333333333334
