MulticastJoiner:0.5855555555555555
SplitBrainMulticastListener:0.38222222222222224
SlowMulticastJoinTest:0.06333333333333334
