DnsNameResolver:0.5833333333333334
DummyEventBusMetrics:0.24666666666666667
DnsQueryContext:0.24416666666666667
Http2ClientTest:0.22666666666666666
FakeEventBusMetrics:0.22333333333333333
EventBusMetrics:0.22166666666666668
DnsNameResolverBuilder:0.21833333333333332
ClusteredMessage:0.21822222222222223
EventBusImpl:0.21
MessageImpl:0.2
HandlerMetric:0.19833333333333333
CommandTestBase:0.14333333333333334
DnsResponseHandler:0.06777777777777778
JULLogDelegateFactory:0.06
ChannelConnector:0.05333333333333334
