ExpandTabsReader:0.37333333333333335
CtagsReader:0.3466666666666667
SourceSplitter:0.29333333333333333
LineBreaker:0.20333333333333334
