DocumentCodec:0.6066666666666667
DocumentCodecSource:0.36666666666666664
BSONDocumentBufferCodec:0.29333333333333333
ListCodec:0.12666666666666668
