JnetManager:0.5833333333333334
Viewer:0.49666666666666665
NodeViewI:0.3694444444444444
Text:0.29333333333333333
InfoRetriever:0.2773333333333333
NBNode:0.22666666666666666
NodeView:0.20333333333333334
Hover:0.19
NodeInfoJdbc:0.18333333333333332
XMLio:0.17666666666666667
NodeInfoView:0.17666666666666667
JnetPanel:0.14
NodeHover:0.12
LinkUrl:0.04666666666666667
