KerasLayer:0.5033333333333333
KerasLstm:0.388
KerasConvolution:0.2303333333333333
KerasDense:0.2303333333333333
KerasEmbedding:0.2303333333333333
KerasLayerConfiguration:0.03305555555555555
Keras1LayerConfiguration:0.0
Keras2LayerConfiguration:0.0
