FormTag:0.56
SubmitTaskFormAction:0.30333333333333334
AutoShowFormHelper:0.26666666666666666
ListExecutorsWithoutPermissionsOnRelationFormTag:0.18333333333333332
SubmitTaskDispatcherAction:0.12666666666666668
