MCalendar:0.4033333333333333
Widget2Help:0.37
TagsEditor:0.36666666666666664
PropertiesDialog:0.29333333333333333
ItemRenderer:0.21888888888888886
