ReferenceSearchAction:0.5766666666666667
DriverTest:0.54
XavaSuite:0.49333333333333335
