UpgradeTest:0.4866666666666667
IndexMetaData:0.47333333333333333
OptimizeRequest:0.39
IndexShard:0.2833333333333333
Requests:0.25
IndicesAdmin:0.21333333333333335
RestUpgradeAction:0.21333333333333335
IndicesAdminClient:0.20833333333333334
OldIndexBackwardsCompatibilityTests:0.20666666666666667
MetaDataIndexUpgradeService:0.11
UpgradeReallyOldIndexTest:0.095
MetaDataUpdateSettingsService:0.07333333333333333
ActionModule:0.056666666666666664
Defaults:0.0
