NettyServerHandler:0.37333333333333335
NettyServerStream:0.32
NettyClientStream:0.30333333333333334
NettyClientHandlerTest:0.29333333333333333
NettyClientHandler:0.25666666666666665
NettyClientStreamTest:0.25333333333333335
NettyHandlerTestBase:0.24666666666666667
NettyServerStreamTest:0.17666666666666667
NettyStreamTestBase:0.17666666666666667
NettyServerHandlerTest:0.15666666666666668
NettyClientTransport:0.08
