AbstractSerializationTest:0.47
FastJsonSerializationTest:0.43333333333333335
DubboSerializationTest:0.30333333333333334
