CharGenerator:0.44666666666666666
Vegetarian:0.43666666666666665
AbstractPager:0.3933333333333333
StringGenerator:0.26
