CertificateView:0.6083333333333333
CTLogInfo:0.28555555555555556
HttpUpload:0.25888888888888884
