OpenDSAction:0.6066666666666667
NewOntologyEditorAction:0.35912698412698413
