Role:0.5233333333333333
Domain:0.4514444444444445
User:0.39666666666666667
DomainImpl:0.33
AbstractUserAction:0.3
UserAction:0.23
Permission:0.19666666666666666
GroupAction:0.18
Subject:0.16666666666666666
Scope:0.14333333333333334
Credentials:0.14333333333333334
ValidTag:0.11333333333333333
ActionFilter:0.09666666666666666
AuthenticationHandler:0.09642857142857142
SessionListener:0.08
AuthorizationHandler:0.058333333333333334
Status:0.023333333333333334
RegistrationStrategy:0.0
