CreateSubcorpusDialog:0.7516111111111111
SpecificitesTableLabelProvider:0.4486111111111111
