InputFile:0.6833333333333333
InternalJadxTest:0.5533333333333333
