Daos:0.6666666666666666
JsonTest:0.45
SimpleDaoTest:0.27666666666666667
