GwtFileHandle:0.5883333333333334
Preloader:0.30333333333333334
GwtTestStarter:0.13666666666666666
AssetsFileGenerator:0.13666666666666666
LwjglDebugStarter:0.08666666666666667
