TestSharedPreferences:0.48333333333333334
Robolectric:0.47
ShadowApplication:0.38666666666666666
TestSharedPreferencesTest:0.24666666666666667
ShadowContextWrapper:0.1877222222222222
PreferenceManagerTest:0.14
ShadowPreferenceManager:0.12777777777777777
