Shape:0.87
Materialisation:0.33666666666666667
TestMaterialisation:0.26666666666666666
EdgeBundle:0.21666666666666667
TestShapeGenerator:0.17333333333333334
