Version:0.5466666666666666
Build:0.36333333333333334
VersionUtils:0.31666666666666665
OldIndexBackwardsCompatibilityIT:0.23666666666666666
VersionTests:0.22333333333333333
RestoreBackwardsCompatIT:0.18
