WorkflowModule:0.59
BuildDefinitionDivs:0.38666666666666666
WorkflowScheduledAction:0.36577777777777787
EnterExitEvent:0.31666666666666665
StartRemoteApp:0.23444444444444448
