Gedcom:0.6933333333333334
Redo:0.37666666666666665
EditViewFactory:0.24333333333333335
EditView:0.22666666666666666
Transaction:0.13388888888888892
Options:0.12666666666666668
Images:0.07916666666666666
