BlockBuilder:0.6066666666666667
VariableWidthBlockBuilder:0.36277777777777775
BlockBuilderStatus:0.3566666666666667
FixedWidthBlockBuilder:0.3466666666666667
PageBuilder:0.29333333333333333
BenchmarkHashPagePartitionFunction:0.1322222222222222
BenchmarkPagesIndexPageSorter:0.1322222222222222
TestFixedWidthBlockBuilder:0.07
TestVariableWidthBlockBuilder:0.07
