RhinoConsole:0.9533333333333334
ScriptExecution:0.43333333333333335
JarClasspathLoader:0.27666666666666667
RunRhinoScriptAsJobAction:0.06777777777777778
