AuditRecordHandler:0.5166666666666667
AuditRecord:0.41
AuditSource:0.36
AuditRecordList:0.27166666666666667
ReceiverMDB:0.14666666666666667
AuditRecordListAction:0.13333333333333333
