JUnit5Method:0.35333333333333333
Result:0.30666666666666664
AnnotationCacheKey:0.2966666666666667
JUnit4SpecificationResolver:0.18333333333333332
UniqueIdSpecification:0.07666666666666666
ClassSpecification:0.07666666666666666
AllTestsSpecification:0.07666666666666666
PackageSpecification:0.07666666666666666
ClassNameFilter:0.043333333333333335
ExecutionRequest:0.03
FilePosition:0.03
Failure:0.03
