MethodSignature:0.5333333333333333
MethodInvoker:0.48333333333333334
MethodInvokerTests:0.22666666666666666
TestObject:0.19
