MapService:0.5566666666666666
ScheduledEntry:0.45666666666666667
SecondsBasedEntryTaskScheduler:0.24
Merger:0.19111111111111112
MapStoreWriteProcessor:0.11666666666666667
