CookMeal:0.5022222222222222
MakingSoy:0.4716666666666667
LocationTabPanel:0.30333333333333334
