MovableTypeAPIHandler:0.38333333333333336
APIHandler:0.36666666666666664
BloggerAPIHandler:0.29
MetaWeblogAPIHandler:0.29
