CruiseControlItem:0.5266666666666666
ModificationComparator:0.5233333333333333
CruiseControlItemTest:0.24
