JPPFNode:0.44
IOHandler:0.335
JPPFClassLoader:0.3333333333333333
JPPFDriver:0.33166666666666667
NodeIO:0.31666666666666665
NioContext:0.2733333333333333
NodeRunner:0.27
JPPFContainer:0.26666666666666666
RemoteNodeIO:0.05255555555555556
AbstractNodeIO:0.04666666666666667
JPPFRemoteNode:0.04
BootstrapSocketIOHandler:0.023333333333333334
RemoteIOHandler:0.017388888888888888
SimpleNioContext:0.016666666666666666
ObjectDeserializationTask:0.01
