StrutsPrepareAndExecuteFilter:0.5703333333333334
StrutsPrepareFilter:0.5703333333333334
