DSLContext:0.665
DSL:0.48
BaseTest:0.24666666666666667
jOOQAbstractTest:0.20666666666666667
DDLTests:0.20281746031746034
DefaultDSLContext:0.2
ThrowableRunnable:0.0011111111111111111
