Main:0.6166666666666667
MainController:0.31
Item:0.28438888888888886
NotificationBarPane:0.26666666666666666
