Configuration:0.6733333333333333
RuntimeEnvironment:0.45666666666666667
JDBCHistoryCache:0.4111111111111111
