Element:0.51
Node:0.33666666666666667
HtmlParserTest:0.22
CleanerTest:0.2
NodeTraversor:0.14
ElementTest:0.09666666666666666
