Structure:0.7733333333333333
StructureTest:0.39
Union:0.37
UnionTest:0.2966666666666667
FFIType:0.2
TestUnion:0.11333333333333333
LayoutInfo:0.014285714285714285
