RotationPersist1Fragment:0.40166666666666667
RotationPersist2WorkerFragment:0.3466666666666667
RotationPersist1WorkerFragment:0.3466666666666667
RotationPersist2Fragment:0.29833333333333334
