TreeTableModel:0.6911666666666666
SearchResultElement:0.26666666666666666
SearchResultsDataModel:0.18
SearchDataListener:0.15276190476190485
SearchTreeTableModel:0.13333333333333333
TreeTableModelAdapter:0.11333333333333333
SearchResultElementComparator:0.07
AbstractTreeTableModel:0.043333333333333335
JTreeTable:0.013333333333333334
SearchDataEvent:0.0033333333333333335
