JavaScriptEngine:0.6183333333333333
JavaScriptEngine2Test:0.4103333333333333
