RuntimeEnvironment:0.8133333333333334
RuntimeEnvironmentTest:0.3566666666666667
WebappListener:0.19
