RosterListenerImpl:0.7755555555555557
SarosTest:0.48333333333333334
