Questionnaire:0.4166666666666667
PollFactory:0.3566666666666667
Question:0.3466666666666667
Vote:0.33666666666666667
Answer:0.16
Submission:0.15666666666666668
Survey:0.05
Type:0.04
Campaign:0.02666666666666667
Quota:0.02666666666666667
Group:0.0
Customer:0.0
Sample:0.0
Grid:0.0
Sorting:0.0
Record:0.0
