Loader:0.61
Generator:0.4633333333333333
Parser:0.33666666666666667
BuildMojo:0.14
