CtrlTransition:0.6033333333333334
Step:0.5033333333333333
AutomatonBuildTest:0.37
CtrlStep:0.23744444444444446
