Environment:0.2733333333333333
Duration:0.27244444444444443
Size:0.26666666666666666
DefaultLoggingFactory:0.25666666666666665
LifecycleEnvironment:0.25
JerseyClientBuilder:0.24
ServletEnvironment:0.23666666666666666
GzipHandlerFactory:0.21333333333333335
DropwizardConfiguredValidator:0.21333333333333335
ConfigurationFactory:0.20944444444444443
BasicCredentials:0.2075
AdminEnvironment:0.205
Generics:0.205
JerseyEnvironment:0.20333333333333334
Bootstrap:0.20333333333333334
AbstractDAO:0.17
ResourceTestResourceConfig:0.15333333333333332
SubstitutingSourceProvider:0.12666666666666668
