TestRunner:0.6766666666666666
DemoCertReqServlet:0.23666666666666666
TestRunnerEnd:0.23
TestRunnerStart:0.23
