TcpConfig:0.43
StatelessChronicleMap:0.3
NodeDiscovery:0.18444444444444444
AbstractReplication:0.17666666666666667
SetForTCPSocketReplicationTest3way:0.16666666666666666
TCPSocketReplicationTest3wayPutReturnsNull:0.16333333333333333
Builder:0.12
