GLSLDisplay:0.5166666666666667
WireframeCanvas:0.4583333333333333
GLDisplay:0.42333333333333334
