FolderRow:0.52
GwtViewHelper:0.4766666666666667
DataTableFolderViewBase:0.3566666666666667
