CrossContextConstants:0.620611111111111
SiteScapeFileSystemImpl:0.43666666666666665
AuthenticationManager:0.21666666666666667
DispatchServer:0.18333333333333332
CCExecutionTemplate:0.13666666666666666
