Controller2D:0.6966666666666667
StructureDiagramGenerator:0.5833333333333334
