RingbufferContainer:0.4633333333333333
RecordMigrationInfo:0.30333333333333334
XATransactionDTO:0.2
TransactionDataSerializerHook:0.14666666666666667
RingbufferContainerSerializationTest:0.14666666666666667
SpiDataSerializerHook:0.14666666666666667
RingbufferDataSerializerHook:0.14666666666666667
TrueEventFilter:0.14
ReplicatedMapDataSerializerHook:0.13666666666666666
VersionedValue:0.11
MapDataSerializerHook:0.11
