TideMapLoader:0.7669444444444444
OrthogonalTiledMapRenderer:0.38333333333333336
