DataEnvironment:0.6133333333333333
RuntimeScope:0.56
CallStep:0.3233333333333333
ReturnStep:0.24666666666666667
