InternalEngine:0.3466666666666667
IndexShardTests:0.27
ShardRoutingHelper:0.19555555555555554
StoreRecovery:0.19333333333333333
TranslogRecoveryPerformer:0.18333333333333332
