MStorage:0.48333333333333334
PosPanel:0.32666666666666666
MOrder:0.3233333333333333
MInOut:0.29333333333333333
MProduction:0.24
VMatch:0.21666666666666667
MInventory:0.21666666666666667
X_M_Storage:0.20333333333333334
MProjectIssue:0.17333333333333334
StorageCleanup:0.15
RestoreOrderDrafted:0.14333333333333334
RestoreShipment:0.11666666666666667
DeleteOrganization:0.09666666666666666
StorageValidate:0.05333333333333334
