Util:0.4166666666666667
OkBuffer:0.39
ByteString:0.3333333333333333
OkBufferTest:0.21666666666666667
