ModuleManager:0.56
MetaAction:0.45666666666666667
MetaSubcontroller:0.38
MetaController:0.28
MetaControllerElement:0.24666666666666667
ControllersParser:0.18
