Float:0.5441666666666667
Double:0.5441666666666667
Math:0.365
