ZooKeeperMasterModel:0.7633333333333333
EventSenderFactory:0.37290476190476185
ZooKeeperAgentModel:0.26666666666666666
DeploymentGroupTest:0.23666666666666666
ZooKeeperMasterModelIntegrationTest:0.22333333333333333
UndeployFilteringTest:0.17333333333333334
TaskHistoryWriterTest:0.13333333333333333
