KernelServices:0.78
DefaultInternalKernelServices:0.36
ControlVisitor:0.35333333333333333
DynamicHeuristicCheckerExecutor:0.29333333333333333
FormalProofCheckerExecutor:0.25333333333333335
Qedeq2LatexExecutor:0.25
KernelContext:0.22666666666666666
InternalKernelServices:0.22166666666666668
SimpleProofFinderExecutor:0.21333333333333335
LoadRequiredModulesExecutor:0.18333333333333332
WellFormedCheckerExecutor:0.18
PluginExecutor:0.125
Qedeq2UnicodeTextExecutor:0.10333333333333333
PluginManager:0.10333333333333333
LoadRequiredModulesPlugin:0.09333333333333334
LoadDirectlyRequiredModulesPlugin:0.09333333333333334
Qedeq2Utf8Executor:0.0775
LoadDirectlyRequiredModulesExecutor:0.056666666666666664
