DropWidget:0.68
DropZone:0.4866666666666667
LandingPageEditor:0.3
TableDropWidget:0.16333333333333333
