NativeMetadata:0.5633333333333334
NativeSplitManager:0.33
NativeConnectorFactory:0.2866666666666667
TestNativeSplitManager:0.17
BenchmarkQueryRunner:0.15
TestNativeMetadata:0.13333333333333333
CoordinatorModule:0.02
