ConnectionManager:0.45666666666666667
GrizzlyAsyncHttpProvider:0.4066666666666667
ProxyAwareConnectorHandler:0.3433333333333333
EventHandler:0.3027222222222222
SwitchingSSLFilter:0.2327777777777778
