QuorumImpl:0.5166666666666667
QuorumServiceImpl:0.37
VersionCheck:0.24333333333333335
ResultHoldingMultiExecutionCallback:0.11666666666666667
ResultSettingRunnable:0.10666666666666667
LocalMemberReturningCallable:0.09333333333333334
