ExtensionLoaderTest:0.69
Ext5Impl1:0.21666666666666667
Ext5Impl2:0.20166666666666666
Ext6Impl1:0.15166666666666667
Ext4Impl2:0.13305555555555557
