StatelessChronicleMap:0.5333333333333333
SerializationBuilder:0.36
StatelessClientTest:0.3233333333333333
StatelessServerConnector:0.23333333333333334
TcpSocketChannelEntryReader:0.20666666666666667
AbstractChronicleMapBuilder:0.2
