HtmlPage:0.69
DomNode:0.5233333333333333
HTMLElement2Test:0.3333333333333333
NodeTest:0.2866666666666667
