FieldDefinitionImpl:0.6133333333333333
DataDefinitionImpl:0.5466666666666666
FunctionNode:0.27666666666666667
MDDParser:0.22
