BaseInnerHitBuilder:0.49333333333333335
InnerHitsQueryParserHelper:0.2733333333333333
InnerHitsTests:0.13666666666666666
