ObjectFactory:0.68
Configuration:0.5633333333333334
ResultLoader:0.38
FastResultSetHandler:0.35
NestedResultSetHandler:0.3233333333333333
DefaultSqlSession:0.18666666666666668
XMLConfigBuilder:0.18
DeferredLoad:0.17333333333333334
MapperMethod:0.15666666666666668
DefaultObjectFactory:0.14
DefaultResultHandler:0.13
DefaultResultHandlerTypeTest:0.12
ResultObjectFactoryImpl:0.07666666666666666
DefaultMapResultHandler:0.06666666666666667
