EmployeeAction:0.4866666666666667
EmployeeDao:0.3566666666666667
FacesInterceptor:0.32666666666666666
FacesSetupInterceptor:0.21333333333333335
