Button:0.28
SeekBar:0.25666666666666665
RangeSeekBar:0.23
RadioButton:0.23
CheckBox:0.23
TransitionLayout:0.21666666666666667
EditText:0.21166666666666667
GridLayout:0.21166666666666667
FrameLayout:0.21166666666666667
RelativeLayout:0.21166666666666667
TextView:0.21166666666666667
ImageView:0.21166666666666667
DrawerLayout:0.21166666666666667
LinearLayout:0.21166666666666667
