Elvin:0.6766666666666666
JUTestClient:0.30333333333333334
TestCloseListener:0.07
CallbackThread:0.06666666666666667
IoHandler:0.03333333333333333
