Stream:0.4533333333333333
Iterator:0.4266666666666667
Collections:0.4266666666666667
List:0.35333333333333333
SortedSet:0.3405952380952381
Traversable:0.34
HashSet:0.266
Queue:0.25666666666666665
AbstractSortedSetTest:0.25333333333333335
HashMap:0.24
Node:0.23333333333333334
Empty:0.23333333333333334
TreeSet:0.22666666666666666
IntMultimap:0.22
IntMap:0.22
BitSetTest:0.20666666666666667
BitSet:0.2
LinkedHashMap:0.19333333333333333
LinkedHashSet:0.18333333333333332
PriorityQueue:0.18333333333333332
AbstractMultimap:0.18
