JPPFConnectionInformation:0.8566666666666667
JPPFBroadcaster:0.2833333333333333
Receiver:0.19
