TestRelationships:0.49666666666666665
TomcatServerXML:0.35
DefaultManagement:0.28
SimpleDOWriter:0.27
TestAPIM:0.2633333333333333
