ProcessDefinition:0.53
NodeFigure:0.5266666666666666
GraphElement:0.37
SharedImages:0.36
ReferencedConnectionAnchor:0.27051984126984113
CopyProcessDefinitionWizardPage:0.2688888888888889
NodeGraphicalEditPart:0.25
NodeCreateCommand:0.22333333333333333
NewProcessDefinitionWizardPage:0.22333333333333333
ActiveLayoutEditPolicy:0.17555555555555555
CopyProcessDefinitionWizard:0.165
ElementTypeDefinition:0.16
TransitionGraphicalEditPart:0.15333333333333332
StateFigure:0.15
StartStateFigure:0.13666666666666666
ConcurrentNode:0.13666666666666666
DecisionFigure:0.11333333333333333
StateGraphicalEditPart:0.11
NodeDirectEditPolicy:0.10833333333333334
ElementGraphicalEditPart:0.10333333333333333
ResourcesLabelProvider:0.09666666666666666
DesignerPaletteRoot:0.09333333333333334
WaitStateFigure:0.09
TimerStateFigure:0.08666666666666667
GpdXmlContentProvider:0.08333333333333333
ActionFigure:0.08333333333333333
ForkJoinFigure:0.08
SwimlaneNodeEditPart:0.08
MailNodeFigure:0.07333333333333333
AuxContentProvider:0.07
TransitionFigure:0.06666666666666667
ProcessDefinitionXYLayoutEditPolicy:0.05472222222222223
LabeledNodeGraphicalEditPart:0.04
SubprocessFigure:0.03666666666666667
ForkJoinConnectionAnchor:0.03
EndStateFigure:0.023333333333333334
TerminalFigure:0.023333333333333334
TimerAnchor:0.013333333333333334
DiamondDecoration:0.006666666666666667
PluginMessagesRefactoringUtil:0.0
