ResourceHandle:0.6680555555555555
MainFrame:0.52
AnnotDiffHandle:0.3433333333333333
NewAnnotDiffAction:0.15333333333333332
