DBCursor:0.7066666666666667
QueryOptions:0.5133333333333333
DBCursorTest:0.09
QueryMessage:0.056666666666666664
