Listener:0.65
Transaction:0.52
Wallet:0.5066666666666667
NativeTransactionConfidenceListener:0.3432380952380951
TransactionConfidence:0.34
WalletTest:0.2733333333333333
PeerGroupTest:0.21666666666666667
ConfidenceChange:0.21
PaymentChannelClientState:0.20333333333333334
ChainSplitTest:0.19666666666666666
ForwardingService:0.08333333333333333
