FileUtil:0.5488888888888889
HtmlStaplerFilter:0.39666666666666667
EMLParser:0.38166666666666665
