SpTree:0.5
BarnesHutTsne:0.3433333333333333
VPTree:0.29333333333333333
Cell:0.16
