HeapNode:0.525
SymbolicInputHeap:0.4011111111111111
Helper:0.37333333333333335
