OperationExecutor:0.74
ClassicOperationExecutor:0.52
OperationServiceImpl:0.3933333333333333
EventServiceImpl:0.2708333333333333
WanReplicationServiceImpl:0.16
InternalOperationService:0.15333333333333332
WanReplicationService:0.1461111111111111
AbstractClassicOperationExecutorTest:0.13333333333333333
ResponsePacketHandlerImpl:0.12
InternalEventService:0.036166666666666666
