GceDiscoveryTests:0.5566666666666666
GceComputeService:0.45092857142857146
GceComputeServiceMock:0.33666666666666667
GceComputeServiceImpl:0.17666666666666667
Ec2NameResolver:0.10333333333333333
