SingleSignOnSessionsReportController:0.6566666666666666
JCIFSSpnegoAuthenticationHandler:0.4166666666666667
InvalidTicketExceptionTests:0.2336111111111111
