GPUFluxTracer:0.665
GPUFluxWhittedTracer:0.23
GPUFluxLightTracer:0.10333333333333333
GPUFluxPathTracer:0.10333333333333333
