AzureStorageServiceImpl:0.29333333333333333
AzureBlobContainer:0.23333333333333334
AzureRepository:0.20666666666666667
AzureBlobStore:0.15666666666666668
AzureSnapshotRestoreITest:0.043333333333333335
