Options:0.42
RaisePriorityAction:0.37333333333333335
Simulator:0.3711111111111111
StartSimulationAction:0.3611111111111111
RuleJTree:0.25333333333333335
ActionStore:0.25
SaveGraphAction:0.22333333333333333
