MethodDescription:0.6266666666666667
FieldDescription:0.40222222222222226
Target:0.3566666666666667
MethodLookup:0.23666666666666666
AbstractMethodDescription:0.22
ParameterDescription:0.2105952380952381
AbstractFieldDescription:0.20333333333333334
RedefinitionClassVisitor:0.17333333333333334
MorphBinderTest:0.17
MethodInvoker:0.16333333333333333
InvocationFactory:0.16111111111111112
MethodBucket:0.14666666666666667
DefaultCallBinderTest:0.14333333333333334
Appender:0.13666666666666666
Enabled:0.13
AbstractBase:0.12
MethodTokenMatcher:0.11333333333333333
AbstractImplementationTargetTest:0.09333333333333334
Simple:0.08333333333333333
AbstractParameterDescription:0.07666666666666666
ImplementationTargetMethodLookupDefaultTest:0.06333333333333334
TypeProxyInvocationFactoryDefaultTest:0.04
