ReportProxy:0.48
ReportOption:0.43666666666666665
ReportProxyException:0.11666666666666667
ReportRunner:0.10666666666666667
ReportLauncher:0.08
ReportProxyFactory:0.023333333333333334
