TypeAttributeAppender:0.3433333333333333
TypeAttributeAppenderForAnnotationTest:0.2866666666666667
Compound:0.18333333333333332
RedefinitionClassVisitor:0.17777777777777778
ForType:0.16333333333333333
ForCreation:0.14166666666666666
ForAnnotation:0.11
TypeAttributeAppenderForTypeTest:0.09
TypeAttributeAppenderNoOpTest:0.04666666666666667
TypeAttributeAppenderCompoundTest:0.043222222222222224
ForInstrumentedType:0.03333333333333333
MethodAttributeAppenderCompoundTest:0.013333333333333334
FieldAttributeAppenderCompoundTest:0.013333333333333334
AbstractTypeAttributeAppenderTest:0.0
