FunctionExistenceChecker:0.7733333333333333
PredicateExistenceChecker:0.7733333333333333
