FieldTypeHelper:0.6283333333333333
AbstractQuery:0.4166666666666667
DefaultBindContext:0.33166666666666667
