AccountInfo:0.5166666666666667
GwtTeamingMessages:0.4033333333333333
GwtViewHelper:0.29777777777777775
UserPropertiesDlg:0.29777777777777775
