IOContext:0.7269444444444445
GroIMPContext:0.48
XEGImport:0.42
XEGExport:0.3433333333333333
