AddPhenotype:0.67
AllJUnitTests:0.3233333333333333
SampleData:0.28
AssignAnnotationTasksToUsersTest:0.19333333333333333
AddGermplasmPhenotypeLinkingTest:0.09
AddAttributionTest:0.03833333333333333
AddPhenotypeTest:0.03666666666666667
AddGermplasmTest:0.01
