ConfigurationService:0.55
IConfigurationService:0.4216666666666667
ConfigurationServiceTest:0.33
NodeConcurrencyFilterTest:0.31
OutgoingBatchServiceTest:0.22333333333333333
