TokenExtractorTest:0.7366666666666667
EvernoteApi:0.4
Sandbox:0.2966666666666667
