Schedule:0.8166666666666667
ScheduleTest:0.30666666666666664
