MoleculeValidator:0.45666666666666667
AtomValidator:0.3933333333333333
BondValidator:0.19
IsotopeValidator:0.013333333333333334
