Flyway:0.48
DbInfoAggregator:0.28605555555555556
DbInfoAggregatorSmallTest:0.2833333333333333
InfoServlet:0.21
