Building:0.5766666666666667
Robot:0.4533333333333333
EquipmentFactory:0.24333333333333335
Crop:0.21916666666666668
BuildingKit:0.2
ReturnLightUtilityVehicleMeta:0.19333333333333333
ReturnLightUtilityVehicle:0.14333333333333334
