RestAssured:0.5966666666666667
RequestSender:0.42380555555555555
PathParamITest:0.12
