FlowInputMappingException:0.4523333333333333
FlowOutputMappingException:0.4523333333333333
