StandardFetcher:0.4666666666666667
AssociatedCategoriesPlugin:0.3016666666666667
