PA:0.5033333333333333
BDDRelation:0.3933333333333333
InferenceRule:0.34
BDDInferenceRule:0.2966666666666667
Solver:0.19333333333333333
BDDSolver:0.19
