ImageView:0.5033333333333333
RecyclerView:0.43
Carbon:0.4033333333333333
AvatarTextListItemActivity:0.17333333333333334
