Paint9Painter:0.5924444444444444
ImagePainter:0.43666666666666665
