ClassName:0.4266666666666667
TypeVariableName:0.4266666666666667
TypeSpecTest:0.41
CodeBlock:0.38
TypeName:0.31
Builder:0.2633333333333333
WildcardTypeName:0.24
CodeWriter:0.22666666666666666
TypeSpec:0.2
AnnotatedTypeNameTest:0.18666666666666668
ParameterizedTypeName:0.18666666666666668
ArrayTypeName:0.18333333333333332
CodeBlockTest:0.17
