Simulator:0.52
Options:0.41483333333333333
Groove:0.35
DefaultGrammarView:0.31
AspectualViewGps:0.2733333333333333
GraphJVertex:0.21000000000000002
LoadControlFileAction:0.03666666666666667
