InitMusician:0.5433333333333333
Musician:0.4533333333333333
ISarosRmiSWTWorkbenchBot:0.37976190476190474
RmiSWTWorkbenchBot:0.35
ISarosState:0.3323412698412698
IPopUpWindowObject:0.3190079365079365
IRosterViewObject:0.3190079365079365
RmiTest:0.31
IRmiSWTWorkbenchBot:0.30803968253968256
EditorObject:0.29333333333333333
ViewObject:0.27
SarosRmiSWTWorkbenchBot:0.25333333333333335
PopUpWindowObject:0.25333333333333335
SarosState:0.24
ShellActive:0.23666666666666666
SarosConditions:0.23666666666666666
WaitUntilObject:0.21055555555555558
SarosConstant:0.20666666666666667
TestBasicSarosElements:0.17666666666666667
RosterViewObject:0.17
TestPattern:0.14333333333333334
TestFileOperations:0.12166666666666667
TestAllParticipantsFollowDriver:0.12166666666666667
TestSVN:0.11166666666666666
TableObject:0.10666666666666667
TestDriverSavesFiles:0.10333333333333333
hasContactWith:0.1
TestCreatingNewFile:0.09638888888888889
TestFolderOperations:0.09472222222222221
TestHostAsDriverInvitesBelatedly:0.08972222222222222
TreeObject:0.08666666666666667
isDisConnected:0.08
TestShareProjectConcurrently:0.07722222222222222
TestShare3UsersConcurrently:0.07722222222222222
TestShare3UsersSequentially:0.07722222222222222
MainObject:0.07666666666666666
TestEditDuringInvitation:0.07305555555555555
BotConfiguration:0.07
TestChangingDriverWhileOtherFollow:0.06972222222222221
TestFollowMode:0.06972222222222221
TestStrictSequentialInvitationWithoutTermination:0.06805555555555556
TestShare2UsersSequentially:0.06805555555555556
TestDriverChangeAndImmediateWrite:0.06638888888888889
TestChatViewFunctions:0.05805555555555556
TestShareProjectUsingExistingProject:0.04833333333333334
TestHandleContacts:0.04833333333333334
ExistContextMenuOfTableItem:0.04666666666666667
isEditorActive:0.04666666666666667
TestParallelInvitationWithTerminationByInvitees:0.04388888888888889
MakeOperationConcurrently:0.041666666666666664
IsFollowingUser:0.04
IsInSession:0.04
IsEditorOpen:0.04
TestChangingNameInRosterView:0.03888888888888889
IsEditorContentsSame:0.03333333333333333
ExistNoParticipants:0.03333333333333333
IsChatMessageExist:0.03333333333333333
TestDriverResetsFiles:0.030555555555555555
TestParallelInvitationWithTerminationByHost:0.030555555555555555
IsJavaEditorContentsSame:0.023333333333333334
IsClassContentsSame:0.023333333333333334
TestRosterView:0.023333333333333334
WindowObject:0.021666666666666667
IsNotInSVN:0.013333333333333334
ExistNoInvitationProgress:0.013333333333333334
IsInSVN:0.013333333333333334
isSessionclosed:0.013333333333333334
ExistResource:0.013333333333333334
ExistNoResource:0.013333333333333334
isViewActive:0.01
MenuObject:0.009166666666666667
ExistTreeItem:0.006666666666666667
ExistTableItem:0.006666666666666667
ExistTree:0.006666666666666667
IsEditorClosed:0.006666666666666667
PerspectiveObject:0.006666666666666667
IsShellClosed:0.006666666666666667
IsConnect:0.006666666666666667
SarosSWTBotPreferences:0.0025
Comperator:0.0
isMenuEnabled:0.0
AllTests:0.0
ToolbarObject:0.0
