FileUtils:0.44333333333333336
FolderServiceImpl:0.38
BinderServiceImpl:0.2966666666666667
ProfileServiceImpl:0.18666666666666668
AttachmentUtilities:0.18
