HistoricalEventListener:0.885
HistoricalEvent:0.4129444444444444
HistoricalEventManager:0.16333333333333333
