MPTQueryFactory:0.5166666666666667
MPTSetInfoIterator:0.4972222222222223
MPTItemIterator:0.4972222222222223
