ByteBuddy:0.78
SubclassDynamicTypeBuilderTest:0.2683333333333333
ByteBuddyTest:0.043333333333333335
