TargetAccessError:0.15666666666666668
SourceAccessError:0.15666666666666668
TypeConversionError:0.15666666666666668
RequiredError:0.15666666666666668
Success:0.15666666666666668
DefaultMappingResults:0.15333333333333332
DateFormatter:0.12333333333333334
NumberFormatter:0.12333333333333334
