Document:0.6666666666666666
StyleSheetList:0.47333333333333333
DocumentTest:0.42
SimpleScriptableTest:0.23666666666666666
