Formula:0.5133333333333333
Arg:0.4
Proposition:0.31666666666666665
LTLTest:0.11
