ServiceLoader:0.62
ClientTestSupport:0.4033333333333333
NodeInitializerFactory:0.31666666666666665
