Catalog:0.6566666666666666
ArchiveConductor:0.3413333333333334
CatalogTest:0.24
