UpsertById:0.5333333333333333
Planner:0.48333333333333334
UpsertByIdTask:0.20333333333333334
TransportExecutor:0.20244444444444445
