LocalMapStatsImpl:0.34
PartitionDistributionTest:0.31666666666666665
TimedMemberState:0.2733333333333333
LocalQueueStatsImpl:0.24
MockJoiner:0.22611111111111115
LocalCacheStatsImpl:0.22333333333333333
LocalMemoryStatsImpl:0.22194444444444447
MemberStateImplTest:0.21333333333333335
ClientNearCacheTest:0.21333333333333335
LocalTopicStatsImpl:0.19666666666666666
CacheBatchInvalidationMessage:0.18333333333333332
CacheService:0.17444444444444446
LocalExecutorStatsImpl:0.17
CacheSingleInvalidationMessage:0.16
