Binder:0.5833333333333334
FileModuleImpl:0.30666666666666664
SimpleMultipartFile:0.27
FileUploadItem:0.25
ResourceItem:0.24333333333333335
WorkAreaOperation:0.18948412698412695
