CaExportCACommand:0.6633333333333333
CaRestoreKeyStoreCommand:0.61
BaseCommand:0.25333333333333335
CaRemoveKeystoreCommandTest:0.05333333333333334
