Scratch:0.53
ContentPropertyReader:0.37211111111111106
FeaturesEditor:0.3466666666666667
SearchPRViewer:0.21666666666666667
