GraphTransformer:0.3233333333333333
Builder:0.2866666666666667
SequenceVectors:0.25333333333333335
RandomWalker:0.14666666666666667
SequenceVectorsTest:0.14
GraphTransformerTest:0.11777777777777779
Blogger:0.023333333333333334
PopularityWalker:0.006666666666666667
