Application:0.49
DefaultApplicationFactory:0.31666666666666665
NotifierConfig:0.24666666666666667
RegistrationApplicationListener:0.23333333333333334
SpringBootAdminClientAutoConfigurationTest:0.19333333333333333
ApplicationRegistrator:0.15333333333333332
SpringBootAdminClientEnabledConditionTest:0.15
SpringBootAdminApplication:0.1488888888888889
SpringBootAdminClientEnabledCondition:0.09666666666666666
SpringBootAdminClientAutoConfiguration:0.05
ReactiveConfiguration:0.020833333333333332
ServletConfiguration:0.0
