User:0.5166666666666667
Domain:0.33166666666666667
ScopeTypeFactory:0.31333333333333335
Group:0.30666666666666664
Scope:0.30666666666666664
