NettyAsyncHttpProvider:0.7083333333333334
AsyncProvidersBasicTest:0.4633333333333333
RequestImpl:0.3416666666666667
