GwtTeamingMessages:0.31666666666666665
GetterCallback:0.3027420634920635
GraphicConfig:0.23
GwtRpcServiceImpl:0.22444444444444447
GwtServerHelper:0.21333333333333335
ConfigData:0.20333333333333334
GraphicProperties:0.17333333333333334
GraphicWidget:0.13666666666666666
GetFileUrlCmd:0.09
