ManagementConsoleService:0.8233333333333334
ConsoleRequestConstants:0.376
ClientHandler:0.31333333333333335
