Unit:0.7066666666666667
FoundingFather:0.45
Canvas:0.39666666666666667
AIPlayer:0.27666666666666667
InGameController:0.26666666666666666
ColopediaPanel:0.23
FoundingFatherPanel:0.2
InGameInputHandler:0.19666666666666666
AIInGameInputHandler:0.16666666666666666
ChooseFoundingFatherDialog:0.12666666666666668
SpecificationTest:0.11
ShowSelectFoundingFatherSwingTask:0.02666666666666667
