Workbench:0.6866666666666666
StatusBar:0.25
Menu:0.20244444444444445
Toolbar:0.17333333333333334
GedcomAction:0.14666666666666667
