PubSourceVivifier:0.6966666666666667
JEntrezReader:0.4644444444444444
FetchIntoPub:0.44
