NodeService:0.42333333333333334
DataService:0.29
FileSyncService:0.27666666666666667
TransformService:0.26666666666666666
OutgoingBatchService:0.2633333333333333
RegistrationService:0.2544444444444445
IncomingBatchService:0.25333333333333335
SequenceService:0.25
DataLoaderService:0.21416666666666667
FileSyncServiceSqlMap:0.11
