ConstraintException:0.6533333333333333
PubServlet:0.44
PdfRedirector:0.2966666666666667
DatabaseConstraintException:0.18
