SpecificitesResult:0.3933333333333333
ApplicationWorkbenchAdvisor:0.33
CQPPreferencePage:0.19333333333333333
LocalePreferencePage:0.19
DeleteObject:0.18000000000000002
UserPreferencePage:0.17472222222222225
ComputeCorrespondanceAnalysis:0.14777777777777779
