GL11:0.7366666666666667
GL15:0.30333333333333334
Project:0.24444444444444446
Grass:0.19111111111111112
