WebdavSiteScape:0.47
DefinableEntity:0.3233333333333333
CrossContextConstants:0.3088888888888889
SiteScapeFileSystemImpl:0.30333333333333334
