Const:0.39
JUTestEvaluation:0.2833333333333333
BoolParentNode:0.23333333333333334
Or:0.21666666666666667
Not:0.20333333333333334
StrUnicodeDecompose:0.19666666666666666
Nodes:0.18666666666666668
Subscription:0.18555555555555556
Xor:0.18333333333333332
StrFoldCase:0.17333333333333334
StringCompareNode:0.17
And:0.17
FedModify:0.16333333333333333
ParentNode:0.16
ParentBiNode:0.14666666666666667
StrWildcard:0.13666666666666666
MathBitInvert:0.13333333333333333
MathParentNode:0.12666666666666668
StrRegex:0.12666666666666668
Compare:0.12
StrEndsWith:0.11666666666666667
StrBeginsWith:0.11666666666666667
MathIntParentNode:0.11666666666666667
StrContains:0.11666666666666667
MathMinus:0.09333333333333334
MathDiv:0.09333333333333334
MathMod:0.09333333333333334
MathPlus:0.09333333333333334
MathMult:0.09333333333333334
IllegalChildException:0.06
MathBitOr:0.03
MathBitShiftRight:0.03
MathBitAnd:0.03
MathBitLogShiftRight:0.03
MathBitXor:0.03
MathBitShiftLeft:0.03
FederationClass:0.016666666666666666
