DBCollection:0.43666666666666665
ListIndexesOperation:0.37
OperationHelper:0.33
ParallelCollectionScanOperation:0.28388888888888886
MongoCollectionImpl:0.22
AggregateOperation:0.20666666666666667
