ServerCockpitChangeLayout2Test:0.49333333333333335
ServerCockpitMultiLayer3Test:0.44
JFXAnimation8Test:0.15
JFXAnimation9Test:0.15
JFXLayerTreeEditorCreateAnimationOnParamTest:0.14333333333333334
JFXAnimation7Test:0.12
JFXAnimation6Test:0.12
JFXFocus4Test:0.11666666666666667
JFXFocus3Test:0.11666666666666667
