GwtClientHelper:0.45666666666666667
GwtTeamingMessages:0.31666666666666665
ContextItemClickHandler:0.25
ManageMenuPopup:0.22
TeamManagementClickHandler:0.19355555555555554
ContextMenuItem:0.16
