CsrfShield:0.5591666666666667
MoveResult:0.5233333333333333
RefCompare:0.15527777777777776
