BlojsomEventBroadcaster:0.5914206349206349
BlojsomConfiguration:0.49
SimpleBlojsomEventBroadcaster:0.37
BlojsomListener:0.23159523809523813
BlojsomEvent:0.043055555555555555
BlojsomConstants:0.0
