MapperParsingException:0.57
IndexShard:0.31666666666666665
ObjectMapper:0.31666666666666665
IdFieldMapper:0.2833333333333333
AbstractFieldMapper:0.21333333333333335
DocumentMapper:0.21316666666666667
StrictDynamicMappingException:0.19
RootObjectMapper:0.17777777777777778
CopyTo:0.11
DynamicMappingTests:0.05
