DeletePipelineRequest:0.6433333333333333
PipelineStore:0.37
PipelineStoreTests:0.23333333333333334
IngestClientIT:0.20333333333333334
DeletePipelineRequestBuilder:0.14333333333333334
RestDeletePipelineAction:0.13666666666666666
