ScrollPane:0.5033333333333333
StringBuilder:0.49666666666666665
IOSServerSocket:0.26666666666666666
IOSMusic:0.25
Comparator:0.13
