CrossJoinConsumerTest:0.4666666666666667
Visitor:0.38333333333333336
CrossJoinConsumer:0.2783333333333333
TestModule:0.15333333333333332
SQLModule:0.10333333333333333
