Graphic:0.5066666666666667
AbstractDragGraphic:0.43333333333333335
AbstractLayerModel:0.3433333333333333
PolygonGraphic:0.33666666666666667
AbstractLayer:0.3
LineGraphic:0.2633333333333333
LayerModel:0.24144444444444446
TempLayer:0.23166666666666666
AngleToolGraphic:0.2
PolygonDragSequence:0.18666666666666668
View2d:0.18666666666666668
DragLayer:0.16333333333333333
PropertyChangeHandler:0.12
SelectedDragSequence:0.11333333333333333
