SWDownloadCandidate:0.5091666666666667
SWDownloadFile:0.4666666666666667
