OAuth20UserProfileControllerController:0.49
CasOAuthConfiguration:0.4
OAuth20DefaultUserProfileViewRenderer:0.3933333333333333
OAuthProperties:0.2916666666666667
