LookupSource:0.6033333333333334
AbstractTestQueries:0.40944444444444444
EmptyLookupSource:0.30666666666666664
IndexLookupSource:0.30666666666666664
SpilledLookupSource:0.30666666666666664
TestLookupSource:0.30666666666666664
JoinHash:0.30666666666666664
OuterLookupSource:0.30416666666666664
PartitionedLookupSource:0.15333333333333332
TestHashJoinOperator:0.09666666666666666
