CommentModerationPlugin:0.6572222222222223
AbstractCalendarPlugin:0.39222222222222225
