GoodsManager:0.6066666666666667
Manufacture:0.33666666666666667
ResourceProcessing:0.19
Storage:0.17777777777777778
