PaymentChannelServer:0.7133333333333334
ChannelConnectionTest:0.28
ExamplePaymentChannelServer:0.17
RecordingServerConnection:0.16
ServerHandler:0.1511111111111111
