GeneBean:0.5666666666666667
LocusBean:0.37666666666666665
Gene:0.35333333333333333
SearchAllObjects:0.21444444444444447
Locus:0.18333333333333332
