TestInterval_Basics:0.5588888888888889
AbstractInterval:0.42444444444444446
TestMutableInterval_Basics:0.32
