XSLHandleImpl:0.5822222222222222
RecordingURIResolver:0.27666666666666667
XSLCompileException:0.17
