Matrix:0.5033333333333333
E_IUnaryFunction:0.4294444444444444
Std:0.39666666666666667
StochasticProcessArray:0.2833333333333333
E_UnaryFunction:0.11333333333333333
