EjbcaWS:0.598
CreateCA:0.46
EjbcaWSTest:0.3466666666666667
IEjbcaWS:0.31
EnterpriseEditionWSBridgeSessionBean:0.16
EnterpriseEditionWSBridgeSessionLocal:0.15333333333333332
