Grammar:0.6238888888888888
LexerGrammar:0.48
OrderedHashMap:0.3233333333333333
