JCPEditorAppletMenuTest:0.5366666666666666
JCPMenuTextMaker:0.2966666666666667
JCPEditorAppletDrawingTest:0.2866666666666667
JCPToolBar:0.21611111111111114
ChangeAtomSymbolAction:0.16861111111111113
JChemPaintMenuHelper:0.15666666666666668
CopyPasteAction:0.15333333333333332
ChargeAction:0.14666666666666667
ChangeModeAction:0.1
