AnalysisFilter:0.6833333333333333
GAMESave:0.2866666666666667
Sim4Parser:0.27
CigarUtil:0.19333333333333333
