FolderViewBase:0.5233333333333333
DataTableFolderViewBase:0.33555555555555555
VibeVerticalPanel:0.29
