IssuesTest:0.3233333333333333
PredicatePathToken:0.30666666666666664
JsonAssertTest:0.28
FilterTest:0.24666666666666667
ScanPathTokenTest:0.22333333333333333
PredicateContextImpl:0.17333333333333334
