GraphState:0.65
Values:0.4995
GTS:0.49666666666666665
Rule:0.45666666666666667
Step:0.44
Result:0.42
GraphTransition:0.39666666666666667
Frame:0.3433333333333333
Status:0.33
Exploration:0.2633333333333333
LTSJModel:0.25666666666666665
AbstractGraphState:0.25
ShapeNextState:0.23
LTSJEdge:0.22333333333333333
ExploreAction:0.22333333333333333
LTSJVertex:0.22
GenerateProgressListener:0.215
DefaultGraphNextState:0.215
RuleModel:0.21333333333333335
StateTree:0.21333333333333335
ExploreData:0.21166666666666667
RecipeTransition:0.20333333333333334
Transformer:0.19333333333333333
StateTreeNode:0.19333333333333333
DefaultRuleTransition:0.19333333333333333
CycleAcceptor:0.18666666666666668
TikzStylesExtractor:0.18166666666666667
MinimaxStrategy:0.18142857142857144
TopLevelRecord:0.18
AGTS:0.17666666666666667
VisibleValue:0.15
GTSModel:0.14666666666666667
GTSCounter:0.12666666666666668
MyLTSListener:0.11666666666666667
RuleTreeNode:0.11
CheckLTLAction:0.09333333333333334
GTSListener:0.07
GTSAdapter:0.05
AnyStateAcceptor:0.03916666666666667
FinalStateAcceptor:0.0225
