Pool:0.52
Waiter:0.3526666666666667
StreamImpl:0.3333333333333333
FakeConnection:0.2733333333333333
HttpClientImpl:0.26666666666666666
FakeWaiter:0.25
Http2ClientStream:0.24166666666666667
HttpChannelConnector:0.23333333333333334
ConnectionManagerTest:0.23
ConnectionListener:0.22333333333333333
Http1xTest:0.19666666666666666
ConnectionProvider:0.15333333333333332
FakeConnectionProvider:0.14805555555555558
Http2ClientConnection:0.14
Holder:0.0033333333333333335
