RequestMessageUtils:0.5666666666666667
IRequestMessage:0.4033333333333333
IResponseMessage:0.4033333333333333
ScepResponseMessage:0.2733333333333333
X509ResponseMessage:0.2733333333333333
CmpConfirmResponseMessage:0.2733333333333333
CmpErrorResponseMessage:0.2733333333333333
CmpRevokeResponseMessage:0.2733333333333333
RSASignSessionBean:0.22333333333333333
PKCS10RequestMessage:0.21333333333333335
CVCRequestMessage:0.21
CrmfRequestMessage:0.2
CmpResponseMessage:0.17666666666666667
SimpleRequestMessage:0.17583333333333334
