AbstractTestRuleAdapter:0.7327777777777779
RuleAnnotatedField:0.20438888888888887
