AbstractManagedChannelImplBuilder:0.6933333333333334
TransportSet:0.6566666666666666
TransportSetTest:0.33
AbstractManagedChannelImplBuilderTest:0.21333333333333335
