AsyncProvidersBasicTest:0.49333333333333335
NettyAsyncHttpProvider:0.44666666666666666
FutureImpl:0.3414761904761904
NettyResponseFuture:0.27666666666666667
ConnectListener:0.06
