CommandThread:0.44666666666666666
MainWindow:0.36333333333333334
MainWindowMenuHandler:0.2966666666666667
Core:0.28
ProjectUICommands:0.22
