ConstructorWriter:0.55
MethodWriter:0.5333333333333333
MethodWriterTest:0.2633333333333333
ConstructorWriterTest:0.18333333333333332
