InteractiveAuthenticationSuccesEvent:0.61
AbstractProcessingFilter:0.55
RememberMeProcessingFilter:0.44333333333333336
X509ProcessingFilter:0.24666666666666667
