Jsr168Dispatcher:0.5566666666666666
OldDecorator2NewStrutsDecorator:0.27666666666666667
DWRValidator:0.21666666666666667
