Environment:0.51
Node:0.43333333333333335
NodeEnvironment:0.3333333333333333
InternalSettingsPreparer:0.30666666666666664
Loggers:0.29
Bootstrap:0.20333333333333334
DiscoveryNode:0.20027777777777778
EsExecutors:0.19666666666666666
NodeEnvironmentTests:0.18
ShardPathTests:0.15
InternalSettingsPreparerTests:0.14333333333333334
TribeService:0.13
AbstractComponent:0.11666666666666667
IndexSettingsModule:0.10166666666666667
