AsynchronousProcessor:0.7669444444444444
Jetty7CometSupport:0.38333333333333336
