NodeDataPanel:0.6766666666666666
JobDataPanelManager:0.36333333333333334
ConnectionStatusListener:0.3555555555555555
