VertxOptions:0.5533333333333333
VertxImpl:0.31
FakeDNSServer:0.2662777777777778
CoreExamples:0.24333333333333335
DatagramSocketImpl:0.23
VertxOptionsConverter:0.22
VertxInternal:0.2
AsyncResolveBindConnectHelper:0.15
