Shape:0.5966666666666667
Multiplicity:0.56
Equation:0.2633333333333333
ShapeMorphism:0.26
TestMultiplicity:0.25333333333333335
Materialisation:0.24
Solution:0.19444444444444445
TestMaterialisation:0.18333333333333332
EquationSystem:0.15333333333333332
