Request:0.44333333333333336
UpdateSettingsRequest:0.37333333333333335
Params:0.2966666666666667
IndicesClient:0.24916666666666668
IndicesClientDocumentationIT:0.24
IndicesClientIT:0.22
ESRestTestCase:0.20333333333333334
MasterNodeRequest:0.18333333333333332
RequestTests:0.18
AcknowledgedRequest:0.13
UpdateSettingsResponse:0.12666666666666668
