Security:0.6038888888888889
Bootstrap:0.5016666666666667
