MinAggregationTest:0.29333333333333333
MaxAggregationTest:0.29333333333333333
SumAggregationTest:0.26
AvgAggregationTest:0.25333333333333335
DistinctAggregationTest:0.13
CountAggregationTest:0.016666666666666666
