IndexGenerator:0.6803333333333333
UmlProcessor:0.6177777777777778
