MethodExecution:0.41333333333333333
CallStep:0.39
StepFactory:0.33666666666666667
ClassExecution:0.29
LinearExecution:0.18333333333333332
