TendGreenhouseMeta:0.12666666666666668
CookMealMeta:0.12666666666666668
RepairMalfunctionMeta:0.12666666666666668
MaintenanceEVAMeta:0.12666666666666668
MaintenanceMeta:0.12666666666666668
ProduceFoodMeta:0.12666666666666668
RepairEVAMalfunctionMeta:0.12666666666666668
