AbstractClusterInvoker:0.44666666666666666
AbstractReferenceConfig:0.4033333333333333
AbstractClusterInvokerTest:0.3433333333333333
MockInvokersSelector:0.29
IHelloService:0.19333333333333333
