ASMSerializerFactory:0.59
JavaBeanSerializer:0.57
SerializeConfig:0.30333333333333334
FieldDeserializer:0.2955555555555555
