JavaScriptConfiguration:0.4766666666666667
ClassConfiguration:0.39
JavaScriptConfigurationTest:0.36
ClassConfigurationTest:0.30666666666666664
JavaScriptEngine:0.24333333333333335
