NodePart:0.3653333333333333
DefaultShader:0.31666666666666665
Node:0.31333333333333335
ModelInstance:0.3
Model:0.2966666666666667
GLES10Shader:0.2041666666666667
G3dModelLoader:0.18333333333333332
ModelNodePart:0.016666666666666666
Renderable:0.014285714285714285
