Sender:0.3466666666666667
Context:0.33
DriverConductor:0.31
DriverConductorTest:0.20666666666666667
DriverConductorProxy:0.12
SubscriptionLink:0.11944444444444442
SenderProxy:0.09277777777777778
