Crop:0.6666666666666666
CropType:0.34
InflatableGreenhouse:0.2833333333333333
