AWT:0.8416666666666667
ComponentTestFixture:0.27666666666666667
