FileUtil:0.098919526
WikiGet:0.07409647
StaticUtils:0.07370088
OStrings:0.040217195
Preferences:0.034395978
StringUtil:0.0054198066
