TextSelectionTab:0.36777777777777776
TextSelectionResult:0.36333333333333334
TreeContextMenu:0.3566666666666667
CriteraPanel:0.34444444444444444
TextSelectionServiceImpl:0.21666666666666667
