Structure:0.49
User:0.45666666666666667
BaseObject:0.4266666666666667
IStructuredbInstanceManager:0.17833333333333334
StructuredbInstanceManager:0.12
