Sys:0.5377777777777777
GL:0.47
GLU:0.36333333333333334
