Actor:0.8066666666666666
Table:0.6433333333333333
ViewportTest1:0.12666666666666668
Scene2DDebugRendererTest:0.11666666666666667
LabelTest:0.11666666666666667
ContainerTest:0.11666666666666667
LabelScaleTest:0.10333333333333333
TableLayoutTest:0.10333333333333333
ImageTest:0.10333333333333333
TableTest:0.10333333333333333
ScrollPane2Test:0.10333333333333333
Scene2dTest:0.10333333333333333
