BufferUtils:0.6266666666666667
TextureData:0.5266666666666666
Texture:0.49333333333333335
ETC1Test:0.2833333333333333
BufferUtilsTest:0.22666666666666666
ETC1Data:0.20333333333333334
FileTextureData:0.2
Hiero4:0.1877777777777778
PixmapTextureData:0.12444444444444443
LwjglDebugStarter:0.02666666666666667
