Scheduler:0.52
UserHandlerImpl:0.4166666666666667
SchedulerThread:0.20833333333333334
EditIssueFormAction:0.18
EditUserAction:0.18
DisplayReportAction:0.17666666666666667
SystemConfigurationUtilities:0.17111111111111113
SchedulerUtilities:0.013333333333333334
