AbstractTestHiveClient:0.5
HiveClientModule:0.45666666666666667
AbstractTestHiveClientS3:0.2833333333333333
HiveConnectorFactory:0.21333333333333335
