HQLTest:0.4166666666666667
FooBarTest:0.33
ASTParserLoadingTest:0.29333333333333333
TypeOverrideTest:0.2
LegacyTestCase:0.2
IlikeExpression:0.19333333333333333
FormulaJoinTest:0.17
LikeTest:0.17
