DefaultXMLConverter2Test:0.3433333333333333
ClientBinaryDFHandlerTest:0.33
JFXMapItemRectangleRendererTest:0.22666666666666666
JFXMapItemSymbolRendererRelativeTest:0.21666666666666667
Extension19Test:0.18
JFXMapItemLegendOptimizedTest:0.09666666666666666
JFXMapItemSymbolRendererOptimizedTest:0.09666666666666666
JFXMapItemRectangleRendererOptimizedTest:0.08333333333333333
JFXMapItemSegmentArcRendererOptimizedTest:0.06333333333333334
JFXMapItemSymbolRendererOptimized2Test:0.05333333333333334
DefaultXMLConverter3Test:0.02666666666666667
