RuntimeEnvironment:0.45
Configuration:0.45
Ctags:0.3566666666666667
CtagsTest:0.23333333333333334
Indexer:0.21444444444444447
IndexDatabase:0.21333333333333335
CommandLineOptions:0.16944444444444445
