JoddJoy:0.5733333333333334
JoyPetite:0.23333333333333334
JoyPaths:0.20666666666666667
JoyContextListener:0.20333333333333334
JoyMadvoc:0.13666666666666666
