MqlSqlWalker:0.3566666666666667
QueryContext:0.31333333333333335
MqlDotNode:0.24666666666666667
MqlSqlASTFactory:0.23333333333333334
MqlNode:0.19
MqlIdentNode:0.13666666666666666
Join:0.06
