Node:0.4216666666666667
Element:0.3566666666666667
Tag:0.32
Attribute:0.25
TextNode:0.22
Comment:0.18
XmlDeclaration:0.18
Attributes:0.16
ElementTest:0.08
