ErrorManager:0.5266666666666666
GrammarRootAST:0.45588888888888884
Grammar:0.37333333333333335
Tool:0.2833333333333333
BaseTest:0.25333333333333335
SemanticPipeline:0.21333333333333335
