AbstractRuleSmartSubstructure:0.49333333333333335
MoleculesIterator:0.42333333333333334
MetaboliteGenerator:0.2922222222222222
ConfusionMatrixTest:0.18333333333333332
