CVSElement:0.6683333333333333
FileSystemElement:0.18666666666666668
