GceDiscoveryTests:0.54
GceInstancesServiceImpl:0.388
GceDiscoveryPlugin:0.20333333333333334
GceNameResolver:0.17
TestPlugin:0.12666666666666668
