CAData:0.7566666666666667
CAsTest:0.3933333333333333
CADataBean:0.33
