Fields:0.8816666666666667
JPF_java_lang_String:0.23333333333333334
