AccessControlSessionBean:0.8188888888888889
AccessControlSessionBeanTest:0.5166666666666667
