ModelLoaderRegistry:0.48
PerformanceCounter:0.36666666666666664
ReflectionCacheSourceCreator:0.3566666666666667
ByteArrayInputStream:0.21
GdxInvaders:0.15666666666666668
PerformanceCounters:0.10666666666666667
