ManagedExecutorService:0.39666666666666667
ExecutionCallbackNode:0.3416666666666667
ExecutionServiceImpl:0.32666666666666666
CompletableFutureEntry:0.24333333333333335
CompletableFutureTask:0.13666666666666666
ExecutorServiceTest:0.12666666666666668
