InterceptorsManager:0.4866666666666667
MadvocController:0.4802777777777777
ResultsManager:0.4266666666666667
