Json:0.44055555555555553
JsonFormat:0.41333333333333333
Scans:0.3
JsonEntity:0.28
JsonRenderImpl:0.23333333333333334
SimpleJsonIocTest:0.23166666666666666
NutConf:0.2142063492063492
Function:0.2063968253968254
UTF8JsonView:0.13
ObjectMakerImpl:0.12
ObjConvertImpl:0.08333333333333333
