OAuth20Utils:0.7466666666666667
OAuth20AuthorizationCodeResponseTypeRequestValidator:0.31
OAuth20PasswordGrantTypeRequestValidator:0.18666666666666668
OAuth20ClientCredentialsGrantTypeRequestValidator:0.16
OAuth20RefreshTokenGrantTypeRequestValidator:0.15333333333333332
