CommonUtil:0.5316666666666666
SingleTaskActivity:0.43666666666666665
ConnectionHelp:0.33
SingleThreadTask:0.29333333333333333
