ResultOrRowsImpl:0.7666666666666667
ResultOrRows:0.7119444444444445
