ServerConnection:0.8066666666666666
HandlerManager:0.4166666666666667
ServerHandler:0.21833333333333332
