TermVectorRequest:0.47
AbstractSharedClusterTest:0.28
TermVectorResponse:0.25333333333333335
TermVectorWriter:0.20666666666666667
GetTermVectorTests:0.20666666666666667
RestTermVectorAction:0.17
TermVectorFields:0.15071428571428572
