Report:0.5766666666666667
IssueAttachment:0.39
ReportForm:0.31333333333333335
Version:0.23333333333333334
Component:0.22666666666666666
ReportServiceImpl:0.14333333333333334
EditReportFormAction:0.11
EditReportAction:0.09
ExportReportAction:0.08
ReportDownloadController:0.06333333333333334
CreateLanguageKeyFormAction:0.06
