PIRecord:0.44333333333333336
AggregationTree:0.35
AggregationTreeNode:0.30333333333333334
StringElementIterator:0.25666666666666665
DataAggregationJoblet:0.17
PageImpressionRecorder:0.11666666666666667
PathIterator:0.04416666666666667
TestStringUtils:0.016666666666666666
