TypeRegistry:0.6633333333333333
Java8:0.3933333333333333
Java8Tests:0.10333333333333333
