OperationMetadata:0.64
OperationChainMetadata:0.3933333333333333
CoupledResource:0.3333333333333333
