EdgeDataset:0.773888888888889
EdgeInfo:0.43833333333333335
