MultiMapContainer:0.55
MultiMapService:0.5033333333333333
MultiMapOperation:0.27666666666666667
MultiMapPartitionContainer:0.27666666666666667
MultiMapDataSerializerHook:0.1577777777777778
