CorporaView:0.7694444444444445
ApplicationActionBarAdvisor:0.3322222222222222
