TextArea:0.5133333333333333
Buffer:0.43333333333333335
JEditBuffer:0.2733333333333333
IndentWidget:0.19
ModeProperties:0.17666666666666667
EditingOptionPane:0.14666666666666667
BufferOptionPane:0.13333333333333333
