SignerMapping:0.7916666666666666
SignerMappingDataSessionBean:0.39666666666666667
OcspSignerMapping:0.28
SignerMappingBase:0.235
SignerMappingMgmtSession:0.2
CertificateImportException:0.17666666666666667
SignerMappingDataSessionLocal:0.17472222222222225
SignerMappingMgmtSessionBean:0.03666666666666667
SignerMappingMgmtSessionLocal:0.0
SignerMappingMgmtSessionRemote:0.0
