LeNet:0.42
VGG16:0.33666666666666667
ResNet50:0.23666666666666666
VGG19:0.2
GoogLeNet:0.18666666666666668
InceptionResNetV1:0.16333333333333333
FaceNetNN4Small2:0.16333333333333333
AlexNet:0.16333333333333333
InstantiableModel:0.15833333333333333
