Decoder:0.5066666666666667
SocketIOEncoder:0.4869444444444444
PacketHandler:0.30666666666666664
