FilterSecurityInterceptorTests:0.7527777777777778
FilterInvocationDefinitionSourceEditor:0.24277777777777776
