Process:0.51
Identifiable:0.48333333333333334
Action:0.47333333333333333
Permission:0.45666666666666667
Task:0.4533333333333333
Actor:0.44333333333333336
Variable:0.43
ProcessDefinition:0.42333333333333334
Node:0.4033333333333333
Swimlane:0.4
Executor:0.39666666666666667
BatchPresentation:0.3933333333333333
Substitution:0.3846666666666667
WebResources:0.36083333333333334
Token:0.3244444444444444
WfProcess:0.3233333333333333
Duration:0.31666666666666665
AuthorizationLogic:0.31
Permissions:0.30333333333333334
IdentifiableBase:0.3
Bot:0.29
Job:0.28833333333333333
BotTask:0.2866666666666667
WfDefinition:0.2833333333333333
SubstitutionCriteria:0.2633333333333333
Deployment:0.25666666666666665
ValidatorConfig:0.24666666666666667
BotStation:0.24333333333333335
UpdatePermissionOnRelation:0.24
WfTask:0.23866666666666664
WorkflowBot:0.22333333333333333
BotLogic:0.22
VariableMapping:0.21916666666666668
PermissionDAO:0.21666666666666667
LDAPImporter:0.21666666666666667
AdminScriptRunner:0.21
GraphElement:0.20666666666666667
ExecutionContext:0.20555555555555555
VariableDefinition:0.205
PermissionMapping:0.2
AbstractQuery:0.19666666666666666
VisibleTag:0.19666666666666666
UpdatePermissionOnProcessDefinitionAction:0.19
UpdatePermissionsOnIdentifiableForm:0.18666666666666668
PermissionBean:0.18333333333333332
SubstitutionCriteriaForm:0.18
Delegation:0.17833333333333334
RedeployProcessDefinitionAction:0.17333333333333334
PermissionTableBuilder:0.16666666666666666
UnapplicablePermissionException:0.16333333333333333
DefinitionLogic:0.16333333333333333
GrantReadPermissionOnProcessDefinitionAction:0.16
EnvImpl:0.15333333333333332
GrantReadPermissionOnExecutorAction:0.15
GrantReadPermissionOnProcessAction:0.15
EscalationGroup:0.15
ListTasksFormTag:0.15
TaskAlreadyCompletedException:0.14833333333333334
PresentationCompilerHelper:0.14666666666666667
UpdatePermissionOnIdentifiableAction:0.14333333333333334
TaskLogic:0.13666666666666666
UpdatePermissionsOnExecutorAction:0.13666666666666666
UpdatePermissionOnProcessAction:0.13666666666666666
SubstitutionBean:0.13666666666666666
SubstitutionCriteriaSwimlane:0.13
UpdateExecutorBaseFormTag:0.11333333333333333
SubstitutionTableBuilder:0.11333333333333333
SubstitutionCriteriaNotEquals:0.11
UpdateSubstitutionCriteriaAction:0.10666666666666667
AllEnabledIdentifiableCheckboxTDBuilder:0.10666666666666667
UpdatePermissionsTaskHandler:0.10333333333333333
WorkflowThreadPoolBotInvoker:0.10333333333333333
RemoveExecutorFromGroupsAction:0.1
UpdatePasswordAction:0.1
CancelProcessAction:0.1
AddMembersToGroupAction:0.1
RemoveExecutorsFromGroupAction:0.1
SwitchSubstitutionsPositionsAction:0.1
BotTaskConfigurationUtils:0.1
UpdateStatusAction:0.1
UpdateExecutorDetailsAction:0.1
AddExecutorToGroupsAction:0.1
BotDAO:0.09666666666666666
GrantPermisionOnIdentifiableAction:0.09666666666666666
SubstitutionCriteriaTableBuilder:0.09666666666666666
VariableLogic:0.09
ProcessFactory:0.08666666666666667
IdentifiableCheckboxTDBuilder:0.08333333333333333
UpdatePermissionsOnDefinitionFormTag:0.08
StartProcessTaskHandler:0.07666666666666666
EscalationActionHandler:0.07333333333333333
CancelTimerAction:0.056666666666666664
TerminatorSubstitution:0.04
