XMPPChatTransmitter:0.6566666666666666
JingleFileTransferSession:0.31166666666666665
IJingleFileTransferListener:0.2757777777777778
