JapURLConnection:0.6533333333333333
CommandLineParser:0.38333333333333336
