JFlexTokenizer:0.84
JavaSymbolTokenizerTest:0.23333333333333334
HaskellSymbolTokenizerTest:0.23333333333333334
PhpSymbolTokenizerTest:0.22
