EncoderHandler:0.44
PacketEncoder:0.43666666666666665
JacksonJsonSupport:0.25333333333333335
JsonSupportWrapper:0.18333333333333332
JsonSupport:0.12416666666666666
