AbstractCasWebflowEventResolver:0.4166666666666667
AbstractServiceValidateController:0.39666666666666667
MultifactorAuthenticationProperties:0.29
Authy:0.26666666666666666
AuthenticationContextValidator:0.24333333333333335
