SetOfAtomContainersManipulator:0.6066666666666667
SetOfReactionsManipulator:0.5211111111111112
