DataManager:0.6433333333333333
Processor:0.48333333333333334
