Marshaller:0.5366666666666666
ServerInterceptorsTest:0.3333333333333333
NettyServerHandlerTest:0.22333333333333333
ServerImplTest:0.22333333333333333
MutableHandlerRegistryImplTest:0.19666666666666666
AbstractBenchmark:0.17666666666666667
HandlerRegistryBenchmark:0.14333333333333334
