Atom:0.65
Bond:0.32
BioPolymer:0.25333333333333335
ChemModel:0.23666666666666666
AtomType:0.22
ChemFile:0.21
AminoAcid:0.17666666666666667
AtomParity:0.08666666666666667
