IndexShard:0.5533333333333333
Delete:0.4666666666666667
Index:0.45
NoOp:0.4266666666666667
TranslogTests:0.27666666666666667
TransportShardBulkAction:0.23666666666666666
TranslogWriter:0.20666666666666667
InternalEngineTests:0.19
IndexShardTestCase:0.18
IndexShardTests:0.18
TransportShardBulkActionTests:0.14333333333333334
IndexShardOperationPermits:0.10833333333333334
TranslogThread:0.08333333333333333
PeerRecoveryTargetServiceTests:0.08
