ToggleI:0.4866666666666667
Popup:0.45
AlignViewport:0.4266666666666667
FormatAdapter:0.4266666666666667
JalToggleAction:0.4033333333333333
JalAction:0.35333333333333333
GroupPopup:0.3333333333333333
JalCheckBoxGroup:0.31666666666666665
JalToggleActionGroup:0.2733333333333333
JalToggleNotifier:0.27051984126984113
ActionEventSourceI:0.27051984126984113
CommandLog:0.2633333333333333
JalCheckBoxMenuItem:0.25666666666666665
DrawableAlignment:0.24666666666666667
SequenceGroup:0.23666666666666666
AlignMenu:0.23
AlignFile:0.21
PostalFile:0.19
FontMenu:0.19
MSPFile:0.16333333333333333
FileMenu:0.16333333333333333
JalActionEvent:0.16
FilePopup:0.15666666666666668
PostscriptFilePopup:0.15666666666666668
ViewMenu:0.15666666666666668
PfamFile:0.15333333333333332
HelpMenu:0.14666666666666667
EditMenu:0.14333333333333334
FastaFile:0.14
PIRFile:0.14
CalcMenu:0.13666666666666666
ColourMenu:0.13333333333333333
ClustalFile:0.13111111111111112
FrameMenu:0.13
PDBPopup:0.12666666666666668
FormatFactory:0.12333333333333334
MSFfile:0.11
BLCFile:0.11
JnetFile:0.11
CommandParser:0.10666666666666667
FontFaceAction:0.09333333333333334
TextColourAction:0.09
JalMenuItem:0.09
URLPopup:0.08333333333333333
InputPopup:0.08
IncrementPopup:0.07333333333333333
MenuManager:0.07333333333333333
JalToggleGroup:0.07
OutputPopup:0.06333333333333334
PercentIdentityPopup:0.06333333333333334
ConsIncAction:0.06
PIDThreshAction:0.06
UserColoursAction:0.06
FetchPDBAction:0.06
FetchSeqAction:0.06
InputAlignURLAction:0.05894444444444446
OutputAlignBoxAction:0.05894444444444446
GroupsAction:0.05894444444444446
RunCommandAction:0.05333333333333334
JalMenu:0.05333333333333334
FontSizeAction:0.05
ColourAction:0.04666666666666667
MailTextPopup:0.04666666666666667
AppletFilePopup:0.04666666666666667
InputAlignFileAction:0.043333333333333335
PostscriptPopup:0.043333333333333335
CopySelSeqAction:0.0425
PostalAnalAction:0.0425
InvertSeqSelAction:0.0425
ContentsAction:0.0425
MoveSelSeqAction:0.0425
SortAction:0.0425
SelectAllSeqAction:0.0425
ConsensusAction:0.0425
LocalAlignAction:0.0425
MailPSAction:0.0425
RemoveGapColAction:0.0425
RemoteAlignAction:0.0425
RemoveResAction:0.0425
DeselectColsAction:0.0425
DeselectAllSeqAction:0.0425
GapCharAction:0.0425
MailAlignAction:0.0425
InformationAction:0.0425
DeleteSelSeqAction:0.0425
SavePSFileAction:0.0425
JNetAction:0.0425
InputAlignBoxAction:0.0425
PCAAction:0.0425
ConservationAction:0.0425
GroupEditAction:0.0425
PairAlignAction:0.0425
AvTreeAction:0.0425
SaveAlignFileAction:0.0425
AutoConsensusAction:0.0425
RedundancyAction:0.0425
NeighbTreeAction:0.0425
BrowsePopup:0.03666666666666667
ShowAction:0.03666666666666667
FontSizeActionVector:0.03333333333333333
OutputFilePopup:0.03
FileInputAction:0.02777777777777778
FontStyleAction:0.02666666666666667
JalActionListener:0.025833333333333333
RedundancyPopup:0.02
FastDrawAction:0.02
AppletPostscriptPopup:0.016666666666666666
AreaOutputAction:0.016666666666666666
JalCommand:0.013333333333333334
RemoteAction:0.006666666666666667
CloseAction:0.0033333333333333335
QuitAction:0.0033333333333333335
BrowseAction:0.0
