OAuthProviderTest:0.27666666666666667
ChainedAuthTestResourceConfig:0.24444444444444446
BasicAuthTestResourceConfig:0.23333333333333334
BasicAuthProviderTest:0.21666666666666667
OAuthCustomProviderTest:0.21333333333333335
BasicCustomAuthProviderTest:0.17333333333333334
ChainedAuthProviderTest:0.16333333333333333
