ReplicatedChronicleMap:0.59
EntryCallback:0.39
ModificationIterator:0.35333333333333333
TcpSocketChannelEntryWriter:0.32
EntryExternalizable:0.013333333333333334
