Importer:0.8283333333333334
MefLib:0.5033333333333333
