UrlHelper:0.6333333333333333
StrutsUtil:0.37333333333333335
PortletActionRedirectResult:0.30666666666666664
Component:0.30333333333333334
EmbeddedJSPResultTest:0.24666666666666667
ServletRedirectResult:0.22
ServletActionRedirectResult:0.21
URLBean:0.18333333333333332
ServletDispatcherResult:0.17333333333333334
ServletUrlRenderer:0.17
ServletActionRedirectResultTest:0.12666666666666668
BeanSelectionProvider:0.11333333333333333
ServletRedirectResultTest:0.11333333333333333
StrutsConstants:0.03
JSPRuntime:0.02666666666666667
