MetaData:0.48333333333333334
DataLoader:0.35
FileDialog:0.2833333333333333
MetaDataManager:0.25333333333333335
DbLoadThread:0.22444444444444447
