AbstractDatabase:0.5866666666666667
AbstractPackageDefinition:0.29333333333333333
AbstractElementContainerDefinition:0.22666666666666666
AbstractRoutineDefinition:0.22
