ReceiverUdpChannelTransport:0.59
ReceiveChannelEndpoint:0.5333333333333333
SelectorAndTransportTest:0.31333333333333335
