SQLite:0.44333333333333336
ShadowSQLiteDatabase:0.42
H2Map:0.26666666666666666
H2MapTest:0.22666666666666666
