URLConnectionTest:0.44
Address:0.36333333333333334
HttpConnection:0.31333333333333335
RetryableOutputStream:0.2611111111111111
HttpURLConnectionImpl:0.26
FixedLengthOutputStream:0.22
HttpEngine:0.18666666666666668
RawHeaders:0.18333333333333332
FixedLengthInputStream:0.15333333333333332
ChunkedInputStream:0.11666666666666667
