GwtTeamingMessages:0.506388888888889
EditNetFolderRightsDlg:0.2833333333333333
GwtRpcServiceImpl:0.23444444444444448
GwtShareHelper:0.23333333333333334
GwtServerHelper:0.2306666666666667
ZoneShareRights:0.18333333333333332
NetFolderRightsWidget:0.17333333333333334
GetUserZoneShareSettingsCmd:0.043333333333333335
