Cluster:0.7866666666666666
ClusterServiceImpl:0.47
HttpPostCommandProcessor:0.43333333333333335
HTTPCommunicator:0.21666666666666667
RestTest:0.12666666666666668
ConsoleRequestConstants:0.0
HttpCommandProcessor:0.0
