ImportTermSynonymsFromGo:0.7788888888888889
GoSynonymImportTest:0.043333333333333335
