MainFragment:0.7719444444444444
MainActivity:0.20905555555555555
