BasicIntegrationConfiguration:0.6461111111111111
ModelGenerator:0.5066666666666667
I18nUtils:0.46
