JavaSource:0.38666666666666666
FileSystemSource:0.3233333333333333
RunListenerAdapter:0.2
FilePosition:0.18333333333333332
