Builder:0.5233333333333333
NettyServerBuilder:0.29333333333333333
AbstractManagedChannelImplBuilder:0.29
NettyChannelBuilder:0.27666666666666667
AbstractServerImplBuilder:0.25
InProcessChannelBuilder:0.18
AbstractManagedChannelImplBuilderTest:0.14
InternalNettyChannelBuilder:0.09666666666666666
