Context:0.5033333333333333
TestUtil:0.36333333333333334
JPAMetaModelEntityProcessor:0.25
ClassWriter:0.24111111111111114
