JSON:0.6138888888888888
SerialWriterStringEncoder:0.44
SerialWriterStringEncoderTest:0.21622222222222226
ThreadLocalCacheTest:0.21333333333333335
SerialWriterStringEncoderTest2:0.18333333333333332
