IDataExtractorService:0.5239999999999999
DataExtractorService:0.49666666666666665
MockDataExtractorService:0.23
StreamConfigDataCommand:0.22333333333333333
RegistrationService:0.19666666666666666
DataExtractorServiceTest:0.16666666666666666
StreamReloadDataCommand:0.15
