JSONObject:0.7366666666666667
XML:0.4066666666666667
JSONML:0.20666666666666667
