Procedure:0.48333333333333334
DataHandler:0.42333333333333334
PyCursor:0.37333333333333335
SQLServerDataHandler:0.12666666666666668
SQLServerProcedure:0.11333333333333333
