RuleElement:0.71
ReteMatch:0.45
ConditionChecker:0.37
ReteStaticMapping:0.3111111111111111
ReteNetwork:0.29
Editor:0.28
NodeCheckerNode:0.26587301587301587
SPORule:0.25333333333333335
DisconnectedSubgraphChecker:0.25333333333333335
StateCache:0.24
SubgraphCheckerNode:0.23666666666666666
SPOEvent:0.22666666666666666
EdgeCheckerNode:0.21333333333333335
AbstractGraphState:0.20666666666666667
LookupTable:0.18333333333333332
ReteJModel:0.15
SearchTree:0.11333333333333333
MinimalAnchorFactory:0.08666666666666667
HostElement:0.07333333333333333
FrozenDeltaApplier:0.043333333333333335
