QueueContainer:0.7833333333333333
TxnPrepareBackupOperation:0.2866666666666667
TxnPrepareOperation:0.24333333333333335
