Result:0.8066666666666666
RxSupport:0.32111111111111107
Scalar:0.2678730158730158
ModifiableResult:0.24
BaseResult:0.21
SelectResult:0.17333333333333334
BaseScalar:0.13333333333333333
