ClientMapProxy:0.38333333333333336
SortingUtil:0.30666666666666664
QueryResultSet:0.2775
PagingPredicate:0.2633333333333333
SortLimitTest:0.14666666666666667
TestComparator:0.03333333333333333
