ByteEncoder:0.49666666666666665
Bytes:0.4533333333333333
SingleResult:0.3466666666666667
Result:0.2733333333333333
MyCollection:0.22666666666666666
QueryHeader:0.14
JSON:0.12333333333333334
