MapItemRenderer:0.7677777777777777
ARINCMapHorzItems:0.36333333333333334
ARINCMapVertItems:0.36333333333333334
SymbolRunwayRenderer:0.04
SymbolOvalRenderer:0.03333333333333333
SymbolRectangleRenderer:0.03
SymbolCircleRenderer:0.02666666666666667
SymbolGenericRenderer:0.013333333333333334
SymbolRotatedRenderer:0.013333333333333334
SymbolTargetRenderer:0.013333333333333334
AbstractMapItemRenderer:0.006666666666666667
