Cluster:0.72
Mongo:0.5366666666666666
ReplicaSetServerStateListener:0.30666666666666664
MongoClientImpl:0.23333333333333334
DefaultMultiServerCluster:0.20333333333333334
DefaultServer:0.19555555555555554
DefaultSingleServerCluster:0.08666666666666667
