NetworkBehavior:0.6333333333333333
BehaviorCall:0.3933333333333333
Adapter:0.15694444444444444
NetworkBehaviorTest:0.09
