MapFacade:0.5841666666666666
MapFacadeBean:0.4855555555555555
HibernateMapFacade:0.29333333333333333
