Kons:0.45666666666666667
FormalTypes:0.39666666666666667
Hash:0.38
LOG:0.36666666666666664
Hitem:0.36
Sym:0.3333333333333333
Rule:0.31666666666666665
IntegerH:0.3
Substitution:0.2733333333333333
Marker:0.2644444444444444
Worker:0.23666666666666666
LongH:0.22333333333333333
FloatH:0.22333333333333333
HeapPointer:0.21333333333333335
HeapItemModel:0.21
LocalVarModel:0.20666666666666667
Other:0.20666666666666667
JclassSym:0.20333333333333334
ContextBinderSym:0.19666666666666666
CoreRule:0.19444444444444442
ImmutableSym:0.1877777777777778
LocalVarSym:0.18666666666666668
HypoAgent:0.16333333333333333
MangoMethodPeer:0.16
Plug:0.15333333333333332
DoubleH:0.15
InstructionNameSym:0.13333333333333333
GenericMethodNameSym:0.13333333333333333
ClinitWasCalledSym:0.13333333333333333
SymbolHashRewriter:0.11666666666666667
HYPO:0.11666666666666667
EvaluatePredicateAgent:0.11
ModelHeapVacuum012:0.08666666666666667
ModelHeapVacuum:0.08
ModelHeapVacuumA:0.08
ModelHeapVacuum02:0.08
AutomaticSubstitution:0.06333333333333334
SymbolHashTyping:0.021666666666666667
ItemImplication:0.0025
NotObjectReq:0.0
AssignNotObjectValue:0.0
