Map2DUtilities:0.7333333333333333
ARINCMapHorzContainer:0.33666666666666667
ARINCMapHorzPanel:0.2633333333333333
ARINCExternalSource:0.2633333333333333
MapHorzPanelRenderer:0.23666666666666666
MapHorzContainerRenderer:0.20666666666666667
MapUtilities:0.18833333333333332
ExternalSourceRenderer:0.15333333333333332
