LongState:0.5733333333333334
PlannerTest:0.43333333333333335
CountAggregation:0.39
LongStateType:0.28
ProjectionVisitor:0.25333333333333335
Visitor:0.18333333333333332
UpdateConsumer:0.16
ProjectionToProjectorVisitor:0.15444444444444444
CopyStatementPlanner:0.14333333333333334
DeleteStatementPlanner:0.13666666666666666
AggregatorTest:0.09333333333333334
GroupingProjectorTest:0.08333333333333333
CountAggregationTest:0.02
