ClientProxy:0.5566666666666666
ClientExecutorServiceProxy:0.535
ClientExecutorServiceTest:0.24333333333333335
