ProcessDefinition:0.6833333333333333
ProcessCache:0.44333333333333336
