EntityIndexUtils:0.6166666666666667
BasicIndexUtils:0.48333333333333334
LocalLuceneSession:0.3333333333333333
