MBeanNode:0.5933333333333334
Dashboard:0.43666666666666665
ConnectionNode:0.4066666666666667
DomainNode:0.19566666666666668
JMXRemotingMBeanServerProxy:0.19333333333333336
AttributeTableComponent:0.14666666666666667
DashboardFactory:0.11
AttributeTableModel:0.09
