Class:0.7333333333333333
Type:0.6053333333333333
HasThrows:0.41305555555555556
AnnotationsTest:0.4066666666666667
ObjectiveCImplementationGeneratorTest:0.26
MetadataGenerator:0.225
ObjectiveCImplementationGenerator:0.21
HasMemberClasses:0.2063968253968254
HasMemberClassesInterface:0.2063968253968254
ThrowsInterface:0.1
Foo:0.05
HasMemberClassesSuperclass:0.0
