Packet:0.7633333333333333
SocketClientDataWriter:0.20476190476190476
