WebCfgService:0.6566666666666666
AbstractViewPort:0.2866666666666667
DummyWebCfgMBean:0.28
