Action:0.6366666666666667
PropertiesEnumeration:0.39666666666666667
SearchInfo:0.38666666666666666
