HopParser:0.5566666666666666
HopSymbolTableWalker:0.4033333333333333
QualifiedNameDescriptor:0.3333333333333333
