ClusterService:0.66
PrioritizedExecutorsTests:0.33666666666666667
ClusterServiceTests:0.3333333333333333
PrioritizedEsThreadPoolExecutor:0.3233333333333333
EsExecutors:0.20916666666666667
TaskOutputs:0.07333333333333333
TaskInputs:0.06
ClusterServiceTaskBatcher:0.043333333333333335
