Transducer:0.49
SinglePhaseTransducer:0.42
Batch:0.3433333333333333
MultiPhaseTransducer:0.20333333333333334
ReloadAction:0.13333333333333333
