WalletEventListener:0.6886666666666666
Wallet:0.6333333333333333
PeerGroupTest:0.26666666666666666
AbstractWalletEventListener:0.23333333333333334
