StoredDeltaApplier:0.4928809523809524
FrozenDeltaApplier:0.3433333333333333
DeltaHostGraph:0.3433333333333333
