MasterSlaveConnectionManager:0.4666666666666667
MasterSlaveEntry:0.46
CommandExecutorService:0.29
SentinelConnectionManager:0.23666666666666666
SingleEntry:0.21666666666666667
CommandBatchExecutorService:0.18333333333333332
SingleConnectionManager:0.16666666666666666
ClusterConnectionManager:0.14
