SysShardsTest:0.4266666666666667
InformationSchemaTest:0.36
BlobShardPartitionIdentExpression:0.2633333333333333
ShardStatsTest:0.19
SysShardExpressionModule:0.1561904761904762
BlobShardExpressionModule:0.13666666666666666
UnassignedShard:0.13666666666666666
SysShardsExpressionsTest:0.13333333333333333
TestModule:0.13111111111111112
