JedisPoolTest:0.19
ShardedJedisTest:0.18666666666666668
TransactionCommandsTest:0.17
PoolBenchmark:0.13333333333333333
JedisCommandTestBase:0.13
PipelinedGetSetBenchmark:0.1
GetSetBenchmark:0.1
PipeliningTest:0.09666666666666666
