ChangePasswordForm:0.42333333333333334
AddRoleForm:0.25
AddUserForm:0.25
ChangePasswordPage:0.21666666666666667
ToggleFormLink:0.20333333333333334
ChangePasswordLink:0.13333333333333333
