ConfigurationProcessor:0.34
AbstractNamingStrategyTests:0.2966666666666667
BeanAnnotationNameStrategy:0.27
BeanNamingStrategy:0.14772222222222223
AutoBeanConfigurationListener:0.14666666666666667
ChainedStrategy:0.11333333333333333
BeanAnnotationNameStrategyTests:0.08666666666666667
MethodNameStrategyTests:0.03333333333333333
MethodNameStrategy:0.03
