MobileClient:0.49
NotificationParser:0.38
SplashScreen:0.2866666666666667
SettingsMenu:0.28
MainMenu:0.20333333333333334
NotificationInfo:0.07
NotificationResource:0.030555555555555555
NotificationList:0.02
