FolderModule:0.5933333333333334
ViewController:0.3466666666666667
FolderModuleImpl:0.25666666666666665
TreeTag:0.24
WebKeys:0.22033333333333333
EditController:0.21333333333333335
ActionUtil:0.07666666666666667
