Parameter:0.7833333333333333
RequestBodyProcessor:0.3182222222222222
ParameterMemberMirror:0.22
