AnnotatedClassParser:0.5358333333333334
EmailNotifications:0.42333333333333334
VehicleInsurance:0.19933333333333333
VehicleInsuranceTest:0.06666666666666667
VehicleDocument:0.04666666666666667
