MqsarmolecularTests:0.1
MdataTests:0.08666666666666667
MnonotifyTests:0.07333333333333333
MdiffTests:0.07333333333333333
McoreTests:0.07333333333333333
MdatadebugTests:0.07333333333333333
MqsaratomicTests:0.07
Mbuilder3dTests:0.01
MpcoreTests:0.01
MforcefieldTests:0.01
MchargesTests:0.006666666666666667
MfingerprintTests:0.006666666666666667
MatomtypeTests:0.006666666666666667
MpdbTests:0.006666666666666667
MqsarbondTests:0.006666666666666667
MqsarionpotTests:0.006666666666666667
MformulaTests:0.006666666666666667
MdictTests:0.0
MinchiTests:0.0
MqmTests:0.0
MlibiomdTests:0.0
MisomorphismTests:0.0
