MultiPartConfig:0.5933333333333334
MultiPartSpecBuilder:0.501904761904762
MultiPartUploadITest:0.44333333333333336
