FolderSubmitCtrl:0.5366666666666666
Dcm4cheeFormController:0.5033333333333333
WebRolesConfig:0.22333333333333333
