ConnectionFactoryTest:0.7766666666666666
TestConnectionFactory:0.4666666666666667
