Hit:0.6766666666666666
ResultsDialog:0.4
HitContainer:0.31333333333333335
