EventHelper:0.41333333333333333
AjaxController:0.4033333333333333
ObjectKeys:0.04666666666666667
WebKeys:0.04666666666666667
