AbstractReferenceDefinitionParser:0.6366666666666667
ServiceBeanDefinitionParser:0.3655555555555556
