Simulator:0.54
StatePanel:0.47333333333333333
StateJList:0.39666666666666667
RuleJTree:0.39
SimulatorModel:0.3566666666666667
JTypeNameList:0.2966666666666667
DefaultRuleView:0.27666666666666667
SetStartGraphAction:0.2627777777777778
CopyGraphAction:0.2511111111111111
StoredGrammarView:0.24
TypePanel:0.19666666666666666
RuleSelectionListener:0.16333333333333333
MatchTreeNode:0.11666666666666667
RenameGraphAction:0.10666666666666667
DeleteGraphAction:0.1
MyMouseListener:0.07
MySelectionListener:0.06666666666666667
RedoAction:0.023333333333333334
UndoAction:0.023333333333333334
