Field:0.8933333333333333
AbstractField:0.41333333333333333
WindowFunction:0.26666666666666666
Function:0.25
jOOQAbstractTest:0.24666666666666667
