LogAppender:0.37333333333333335
LogScanner:0.3333333333333333
LogRebuilder:0.32
LogAppenderTest:0.31666666666666665
LogReader:0.2487777777777778
GapScanner:0.22
LogReaderTest:0.20333333333333334
LogScannerTest:0.11333333333333333
LogRebuilderTest:0.09333333333333334
