Latex2Utf8Parser:0.7266666666666667
Qedeq2Utf8:0.43333333333333335
