RuleAspect:0.6966666666666667
AspectualRuleView:0.5455555555555556
AspectualGraphView:0.26666666666666666
