AbstractDatabasePlatform:0.495
AbstractTriggerTemplate:0.4033333333333333
MySqlDmlStatement:0.32
MySqlTriggerTemplate:0.18333333333333332
MySqlDatabasePlatform:0.13666666666666666
