RequestBuilderBase:0.475
HttpUtilsTest:0.44666666666666666
HttpUtils:0.38
NettyResponse:0.21333333333333335
MultipartUtils:0.20666666666666667
NettyRequestFactory:0.2
