HazelcastTestSupport:0.42333333333333334
ReplicatedMapTest:0.37666666666666665
ClientReplicatedMapTest:0.33
WatchedOperationExecutor:0.32
ReplicationPublisher:0.19833333333333333
WatcherDefinition:0.13333333333333333
