HttpClientRequestImpl:0.4666666666666667
HttpClientRequestBase:0.36666666666666664
HttpClientResponseImpl:0.2
