WadoImage:0.85
WLFilter:0.30666666666666664
DicomImageFilter:0.2866666666666667
ImageServletResponseItem:0.16666666666666666
