ViewStateManager:0.20666666666666667
SampleModule:0.19
MvpLcePresenterTest:0.14
MvpBasePresenterTest:0.10666666666666667
ReposPresenter:0.06
