Header:0.55
Image:0.3433333333333333
FragmentAssemblerTest:0.21333333333333335
FragmentedMessageTest:0.20666666666666667
FragmentAssembler:0.19944444444444445
ControlledFragmentAssembler:0.17
