Shape:0.5733333333333334
Multiplicity:0.52
RuleToShapeMap:0.3566666666666667
EdgeSignature:0.3466666666666667
PreMatch:0.19666666666666666
Materialisation:0.16666666666666666
