IsAnnotated:0.3333333333333333
Util:0.2833333333333333
Builder:0.24333333333333335
