Request:0.7866666666666666
RequestImpl:0.36
NettyAsyncHttpProvider:0.30666666666666664
RequestBuilderBase:0.27666666666666667
AsyncHttpUrlConnection:0.2
