JobWatchCommand:0.31333333333333335
Utils:0.22666666666666666
JobListCommand:0.22666666666666666
JobListTest:0.16666666666666666
HostListCommand:0.14
JobStatusCommand:0.13
