Window:0.7933333333333333
Window2Test:0.35333333333333333
SvgElementFactory:0.31
HTMLHtmlElement:0.16166666666666665
