TableManager:0.6533333333333333
HsqldbTableManager:0.37
MysqlTableManager:0.3566666666666667
