ExcludedRefs:0.44666666666666666
ShortestPathFinder:0.42
Builder:0.3433333333333333
AsyncTaskLeakTest:0.31666666666666665
