MoleculeTableContentProvider:0.7105555555555555
SWTFontManager:0.44333333333333336
