AbstractJob:0.8566666666666667
AbstractJobTests:0.43333333333333335
