Robolectric:0.7833333333333333
ResourceLoader:0.6433333333333333
ResourceLoaderTest:0.24666666666666667
RobolectricTestRunner:0.21666666666666667
ApplicationTest:0.19666666666666666
ResourcesTest:0.17666666666666667
ViewGroupTest:0.16666666666666666
ImageViewHasDrawableMatcher:0.15333333333333332
ViewUpdater:0.10666666666666667
MenuResourceLoaderTest:0.10666666666666667
