DefaultExecutionTracker:0.4866666666666667
ProgramStepFactory:0.48
SourceInfo:0.4533333333333333
