Image:0.47333333333333333
TextureRegionDrawable:0.35
SpriteDrawable:0.25666666666666665
