NamedAnalyzer:0.44666666666666666
StringFieldMapper:0.30666666666666664
CustomAnalyzer:0.28
Builder:0.28
Defaults:0.26666666666666666
AnalyzeActionIT:0.21666666666666667
AnalysisService:0.20666666666666667
OldIndexBackwardsCompatibilityIT:0.17333333333333334
SimpleStringMappingTests:0.11
CustomAnalyzerProvider:0.11
AnalysisModuleTests:0.08
TypeParser:0.07333333333333333
