FolderViewBase:0.46
DataTableFolderViewBase:0.43
CalendarFolderView:0.36833333333333335
TaskFolderView:0.3283333333333333
