QueryCacheListenerTest:0.46
QueryCacheTest:0.36333333333333334
AbstractQueryCacheTestSupport:0.26
QueryCacheMethodsWithPredicateTest:0.21666666666666667
