OperationParameters:0.5733333333333334
IdentifiedObjects:0.5183333333333333
