PortalHomeAction:0.3933333333333333
ShowHelpAction:0.21222222222222223
ErrorAction:0.13333333333333333
UnauthorizedAction:0.13333333333333333
ListProjectsAction:0.13333333333333333
