RingItem:0.7
BufferRing:0.41400000000000003
BufferRingTest:0.17333333333333334
