RedisData:0.41333333333333333
RedisClient:0.38
RedisPubSubConnection:0.36333333333333334
RedisDecoder:0.28
