ARCReader:0.7433333333333333
ARCRecord:0.49333333333333335
