ManageRegisteredServicesMultiActionController:0.6466666666666666
RegisteredServiceSimpleFormController:0.42333333333333334
AbstractManagementController:0.24666666666666667
