SqlQueryManager:0.44166666666666665
SuspendingExecutor:0.27666666666666667
NativeDataStreamProvider:0.19
AsyncRecursiveWalker:0.17333333333333334
