GoodsManager:0.49
FoodProductionProcessItem:0.3433333333333333
ManufactureProcessItem:0.3433333333333333
RepairEVAMalfunctionMeta:0.30333333333333334
SettlementWindow:0.19666666666666666
Role:0.1811111111111111
PrepareDessert:0.18
DayNightMapLayer:0.13666666666666666
