QueryExecution:0.5786111111111112
FailedQueryExecution:0.37666666666666665
SqlQueryExecution:0.2733333333333333
MockQueryExecution:0.2633333333333333
DataDefinitionExecution:0.23333333333333334
