IMolecularFormula:0.8
MolecularFormula:0.7166666666666667
IMolecularFormulaSet:0.5097222222222222
IAdductFormula:0.2678730158730158
MolecularFormulaSet:0.26
AdductFormula:0.25333333333333335
AdductFormulaTest:0.16666666666666666
MolecularFormulaSetTest:0.14
