Euler:0.7683333333333333
EulerRunner:0.42333333333333334
ProofEngine:0.30333333333333334
