ConfigurationSourceReader:0.7572380952380953
TypedProperties:0.5533333333333333
JPPFConfiguration:0.48
PropertiesLoader:0.2733333333333333
