XMLScriptBuilder:0.6666666666666666
XMLDynamicLanguageDriver:0.30666666666666664
