RedissonSubSortedSet:0.6783333333333333
RedissonSortedSet:0.44
RedissonSortedSetTest:0.33666666666666667
