Utils:0.5833333333333334
XMLIOTest:0.38666666666666666
MEFIOTest:0.36
AllTests:0.25333333333333335
