CsrfShield:0.5683333333333334
URLCoder:0.4802777777777777
JspResolver:0.42
