ConstructorInsn:0.7366666666666667
ModVisitor:0.37666666666666665
DebugInfoParser:0.33666666666666667
