EventBusImpl:0.44333333333333336
HandlerRegistration:0.38666666666666666
LocalEventBusTest:0.33666666666666667
TimeoutStreamImpl:0.30333333333333334
TimerTest:0.2763333333333334
ClusteredEventBusTest:0.21833333333333332
DNSExamples:0.18
