JavaConfigAspectRegistry:0.6966666666666667
BeanMethodInterceptor:0.36666666666666664
