MoleculesEditor:0.9058888888888889
JCPCellPainter:0.39666666666666667
