Validators:0.41
CRSValidator:0.31666666666666665
CSValidator:0.28
ParameterValidator:0.26666666666666666
DatumValidator:0.25333333333333335
ReferencingValidator:0.17666666666666667
NameValidator:0.16333333333333333
GeometryValidator:0.16
ValidatorContainer:0.11333333333333333
Validator:0.06666666666666667
