Rewriter:0.5677777777777778
TestPhasedExecutionSchedule:0.39666666666666667
TestSourcePartitionedScheduler:0.2966666666666667
