Doc_Allocation:0.7516111111111111
ImportBillOfExchange:0.38083333333333336
