Groove:0.63
Options:0.5566666666666666
Editor:0.41
Simulator:0.37
LevelMap:0.27666666666666667
GrooveFileView:0.24333333333333335
AspectualGraphView:0.24333333333333335
TypeAspect:0.21972222222222218
MyFileChooser:0.18
EditorDialog:0.17
SetTypeRoleAction:0.16333333333333333
DeleteAction:0.16333333333333333
SetGraphRoleAction:0.12
SetRuleRoleAction:0.12
EmptyLabelParser:0.023333333333333334
