TreeMap:0.41333333333333333
HashArrayMappedTrie:0.25
HashMap:0.24333333333333335
TrieMap:0.24333333333333335
SkipListMap:0.22666666666666666
