XJBSWDownloadFile:0.655
XJBSWDownloadFileImpl:0.44666666666666666
XJBDownloadScope:0.4450555555555555
Unmarshaller:0.30333333333333334
XJBDownloadScopeImpl:0.2866666666666667
ObjectFactory:0.23666666666666666
