ApiGatewayTest:0.43333333333333335
ApiGateway:0.3
App:0.2792222222222222
