Execution:0.7755555555555556
CommChannelHandlerRunnable:0.3333333333333333
