Default:0.46
AbstractTypeDescriptionTest:0.39
AbstractMethodDescriptionTest:0.32
ForPackageDescription:0.30666666666666664
ArrayProjection:0.2916666666666667
Latent:0.2727777777777778
OfSimpleType:0.2
AbstractBase:0.0033333333333333335
