HazelcastClient:0.48
ClientClusterServiceImpl:0.4633333333333333
TransactionContextProxy:0.2744444444444445
ClientConnectionTest:0.20333333333333334
SmartClientConnectionManager:0.16333333333333333
