SymbolicListener:0.5666666666666667
IAND:0.26666666666666666
IOR:0.26666666666666666
IREM:0.24666666666666667
