GwtServerHelper:0.44
EditLdapSearchDlg:0.38666666666666666
MobileAppsConfig:0.3466666666666667
EditLdapServerConfigDlg:0.21777777777777782
