FeatureTypeStyle:0.2633333333333333
PortrayalOperation:0.12527777777777777
Categorize:0.07833333333333334
AttributDefinition:0.075
ExternalFunction:0.075
ParameterSet:0.03
AttributValue:0.03
PortrayalCatalog:0.03
PortrayalService:0.0
