SnmpMonitor:0.5033333333333333
SnmpMonitorTest:0.39
SnmpV3Monitor:0.34
SnmpMonitorStrategy:0.16333333333333333
