SelectQuery:0.6866666666666666
SelectImpl:0.41333333333333333
SelectQueryImpl:0.37666666666666665
Executor:0.3233333333333333
BasicTest:0.25333333333333335
LoaderImpl:0.25
Library:0.22444444444444447
FunctionTests:0.21166666666666667
UpdatableRecordImpl:0.21
FetchTests:0.20666666666666667
DB2Database:0.17
RoutineAndUDTTests:0.17
GeneralTests:0.17
SelectTests:0.16666666666666666
JoinTests:0.09916666666666667
