CouchbaseClientFactory:0.61
CouchbaseTicketRegistry:0.5133333333333333
CouchbaseServiceRegistryDaoTests:0.4066666666666667
