ExampleDeliciousCrawler:0.41333333333333333
ExampleBibsonomyCrawler:0.3433333333333333
ExampleIcalCrawler:0.3433333333333333
ExampleOutlookCrawler:0.3333333333333333
