HostClassNameTest:0.45916666666666667
HostClassNameStandardsTest:0.45916666666666667
HostTypeOfTest:0.31
RecursiveFunctionObject:0.2633333333333333
HostCompleteTest:0.08833333333333333
