Settlement:0.5033333333333333
Building:0.4266666666666667
PowerGrid:0.26
LanderHab:0.24666666666666667
ERVBase:0.14666666666666667
NuclearReactor:0.08666666666666667
PowerGeneration:0.08666666666666666
InflatableGreenhouse:0.05
