CountAggregation:0.7966666666666666
CountAggregationTest:0.37666666666666665
AggregationTest:0.29
