ExtractorDOC:0.7372936507936508
ExtractorSWF:0.22994444444444445
