JFXEditorModelOpenDFTest:0.6333333333333333
LooseSchemaXMLDFParserTest:0.4666666666666667
StrictSchemaXMLDFParserTest:0.46
