JsonContext:0.6797222222222223
BeanSerializer:0.4083333333333333
