SmileSection:0.39
BlackIborCouponPricer:0.3333333333333333
CapletVolatilityStructure:0.30333333333333334
FloatingRateCouponPricer:0.26
SwaptionVolatilityStructure:0.03333333333333333
CmsCouponPricer:0.01
