FormLoginTests:0.5133333333333333
AuthorizeExchangeBuilderTests:0.41777777777777775
LogoutBuilderTests:0.35
ServerHttpSecurityTests:0.31
