InstallPluginCommandTests:0.4266666666666667
Elasticsearch:0.3233333333333333
InstallPluginCommand:0.26
Bootstrap:0.25
RemovePluginCommandTests:0.22
RemovePluginCommand:0.14666666666666667
ESElasticsearchCliTestCase:0.11333333333333333
TruncateTranslogCommand:0.04666666666666667
InitConsumer:0.036166666666666666
ListPluginsCommand:0.013333333333333334
