ElasticsearchAssertions:0.5566666666666666
NodeInfo:0.38666666666666666
PluginManagerTests:0.3566666666666667
PluginsService:0.3
