TestSqlParser:0.41333333333333333
AstBuilder:0.39
Formatter:0.29
AstVisitor:0.22666666666666666
StatementAnalyzer:0.18666666666666668
CoordinatorModule:0.15333333333333332
