AdminClientProperties:0.5766666666666667
ApplicationDiscoveryListener:0.3566666666666667
AdminClientPropertiesTest:0.25666666666666665
