RetryPolicy:0.63
SimpleRetryPolicy:0.29
RetryTemplate:0.26
RetryTemplateTests:0.20666666666666667
RetryContextSupport:0.18
RecoveryRetryCallbackTests:0.16333333333333333
CompositeRetryPolicyTests:0.13666666666666666
NeverRetryPolicy:0.13666666666666666
SimpleRetryPolicyTests:0.125
AbstractStatelessRetryPolicy:0.12
RetryListenerTests:0.11333333333333333
MockExternalRetryPolicy:0.10666666666666667
RecoveryCallbackRetryContext:0.09666666666666666
CompositeRetryPolicy:0.09333333333333334
RecoveryCallbackRetryPolicy:0.09
TimeoutRetryPolicy:0.08
ExceptionClassifierRetryContext:0.07333333333333333
ExceptionClassifierRetryPolicy:0.06333333333333334
StatefulRetryIntegrationTests:0.028333333333333332
StatefulRetryTemplate:0.0
RetryOperations:0.0
