Edition:0.42
Page:0.3933333333333333
Project:0.27666666666666667
Workspace:0.17333333333333334
PageComparator:0.05055555555555556
