Packet:0.455
HazelcastClient:0.37666666666666665
Connection:0.30666666666666664
ClientSerializer:0.2633333333333333
ConnectionManager:0.23666666666666666
