MainDesktopPane:0.5066666666666667
MainScene:0.4766666666666667
UnitWindow:0.4033333333333333
ModifyTransportItemDialog:0.29333333333333333
ResupplyWindow:0.20444444444444446
MainMenu:0.14555555555555558
TransportItemEditingStage:0.006666666666666667
