Harvester:0.46866666666666673
Insert:0.38333333333333336
