EditIssueTest:0.24
ViewPortalHomeTest:0.18333333333333332
LogoutTest:0.18333333333333332
ViewProjectIssueListTest:0.17
ViewProjectListTest:0.17
ViewIssueTest:0.15333333333333332
LoginTest:0.15333333333333332
CreateIssueTest:0.15333333333333332
