ContainsRequest:0.5933333333333334
ClientMultiMapProxy:0.44666666666666666
MultiMapClientRequestTest:0.3566666666666667
MultiMapPortableHook:0.15
