Node:0.5666666666666667
ESIntegTestCase:0.42055555555555557
ESSmokeClientTestCase:0.20333333333333334
