Extruder:0.7166666666666667
Printer:0.5
SNAPStepperMotor:0.49333333333333335
Preferences:0.46
Reprap:0.43
NullExtruder:0.38666666666666666
GenericExtruder:0.3566666666666667
NullStepperMotor:0.32
GenericStepperMotor:0.2866666666666667
StepperPanel:0.2472222222222222
NullCartesianMachine:0.24666666666666667
Attributes:0.24388888888888885
Producer:0.23333333333333334
Main:0.21166666666666667
SNAPExtruder:0.21
LayerProducer:0.20333333333333334
STLObject:0.18333333333333332
LinePrinter:0.18
PrintTabFrame:0.17666666666666667
StepperPositionJPanel:0.17
MaterialLists:0.16333333333333333
Device:0.15833333333333333
GenericCartesianPrinter:0.14666666666666667
CartesianGCode:0.13666666666666666
WorkingVolumeFrame:0.11666666666666667
MaintenancePositionsFrame:0.11333333333333333
MachineFactory:0.09
AxisRepeatabilityTest:0.08333333333333333
LineTest:0.08083333333333333
GCodeExtruder:0.055
GCodeWriter:0.04833333333333333
GCodeStepperMotor:0.0
