RobolectricTestRunner:0.47888888888888886
ManifestFactory:0.3433333333333333
ManifestFactoryTest:0.2811111111111111
MavenManifestFactory:0.2633333333333333
GradleManifestFactory:0.17333333333333334
