Connection:0.5866666666666667
HttpConnection:0.36666666666666664
Builder:0.365
