Editor:0.642
AdvancedEditor:0.4166666666666667
EditView:0.2966666666666667
BasicEditor:0.28
InteractionListener:0.24666666666666667
Cut:0.19333333333333333
Add:0.1311111111111111
