VersionUtils:0.5066666666666667
UpdateChecker:0.21333333333333335
UpdateNotificationListener:0.15694444444444444
UpdateNotificationDialog:0.09666666666666666
