HTTPHeaders:0.5695952380952382
SWDownloadSegment:0.49
SWDownloadFile:0.43
ShareManager:0.31666666666666665
HTTPRangeSet:0.31
SWDownloadWorker:0.30666666666666664
SWDownloadCandidate:0.3
SwarmingManager:0.24666666666666667
IDownloadCandidate:0.22166666666666668
SWDownloadConstants:0.2
DownloadEngine:0.19
UploadEngine:0.185
SWDownloadSet:0.14444444444444443
SWDownloadInfo:0.13666666666666666
SWSegmentTableModel:0.13666666666666666
RangeUnavailableException:0.006666666666666667
