Bytecode:0.58
Instr:0.42333333333333334
DFA:0.3566666666666667
CollectSymbols:0.3119444444444444
Tool:0.21
Instruction:0.18
NFABytecodeGenerator:0.17666666666666667
AnalysisPipeline:0.175
DFA1:0.17
ParserNFAFactory:0.16444444444444445
SplitInstr:0.13444444444444442
RangeInstr:0.1
AcceptInstr:0.09444444444444446
MatchInstr:0.09333333333333334
SemanticPipeline:0.06
JumpInstr:0.02
