LwjglInput:0.4633333333333333
Renderer:0.33
LwjglGraphics:0.2866666666666667
TwlRenderer:0.25333333333333335
Hiero:0.23333333333333334
TextAreaTest:0.21
ParticleEditor:0.19333333333333333
UnicodeFontTest:0.16333333333333333
ButtonTest:0.10333333333333333
TestList:0.09333333333333334
ButtonTestDesktop:0.07666666666666666
TextAreaTestDesktop:0.07666666666666666
KeyEvent:0.06
TouchEvent:0.023888888888888887
