HotRestartConfig:0.5633333333333334
XmlConfigBuilder:0.2833333333333333
XMLConfigBuilderTest:0.2833333333333333
ConfigXmlGenerator:0.22666666666666666
SpringXmlConfigBuilder:0.20666666666666667
TestFullApplicationContext:0.2
