Main:0.7266666666666667
CalibrateCamera:0.4766666666666667
