ptrIndexJavaManager:0.016666666666666666
charManager:0.016666666666666666
ptrDBManager:0.016666666666666666
timeManager:0.016666666666666666
intManager:0.016666666666666666
