Renderer2D:0.43666666666666665
RingSearchTest:0.37666666666666665
StructureDiagramGenerator:0.31666666666666665
HueckelAromaticityDetectorTest:0.265
SaturationChecker:0.21666666666666667
AlphaRenderer2D:0.12
