TypeUtil:0.6633333333333333
MethodTranslator:0.39666666666666667
DebugASTPrinter:0.37666666666666665
ClassFileConverterTest:0.2866666666666667
