JobRepositoryFactoryBean:0.5033333333333333
AbstractJobRepositoryFactoryBean:0.43
MapJobRepositoryFactoryBean:0.27
MapJobRepositoryFactoryBeanTests:0.10888888888888891
