Action:0.7166666666666667
ParallelAction:0.20333333333333334
DelayAction:0.18666666666666668
SequenceAction:0.12
