AbstractRegisteredService:0.36666666666666664
ReturnAllowedAttributeReleasePolicy:0.31666666666666665
CachingPrincipalAttributesRepository:0.31666666666666665
DefaultRegisteredServiceAccessStrategy:0.3
RefuseRegisteredServiceProxyPolicy:0.24333333333333335
AbstractAttributeReleasePolicy:0.23666666666666666
TestUtils:0.16333333333333333
ReturnMappedAttributeReleasePolicy:0.07
ReturnAllAttributeReleasePolicy:0.05
DefaultPrincipalAttributesRepository:0.043333333333333335
AbstractRegisteredServiceTests:0.03
