Function3Test:0.14416666666666667
Function8Test:0.14416666666666667
Function2Test:0.14416666666666667
Function4Test:0.14416666666666667
Function7Test:0.14416666666666667
Function5Test:0.14416666666666667
Function6Test:0.14416666666666667
Function0Test:0.14416666666666667
Function1Test:0.14416666666666667
