CommunicationsStub:0.44666666666666666
LocalObjectLightImpl:0.37333333333333335
LocalEdge:0.30333333333333334
LocalObjectView:0.2911111111111111
LocalNode:0.18333333333333332
LocalAttributeMetadataImpl:0.18
NotificationUtilImpl:0.14
RootObjectNode:0.11333333333333333
