AbstractScpService:0.43
DcmServerService:0.37666666666666665
SpoolDirService:0.24
JMSDelegate:0.23666666666666666
SpoolDirDelegate:0.17
ConfigurationException:0.14666666666666667
StoreScpService:0.12333333333333334
AbstractCDWriterService:0.08
CDRecordService:0.06738888888888889
ExecutionStatus:0.06333333333333334
ExecutionStatusInfo:0.06333333333333334
MediaCreationMgtScpService:0.06
