Default:0.2966666666666667
Simple:0.2866666666666667
MethodTransformer:0.26666666666666666
AbstractDynamicTypeBuilderTest:0.23
MethodRegistryDefaultTest:0.23
Entry:0.21
AbstractDynamicTypeBuilderForInliningTest:0.21
MethodTransformerCompoundTest:0.2
Compound:0.15333333333333332
MethodTransformerNoOpTest:0.11
