Util:0.5822222222222223
ModuleAdapterProcessor:0.30666666666666664
Cast:0.28227777777777774
InjectAdapterGenerationTest:0.17333333333333334
ModuleAdapterGenerationTest:0.14666666666666667
