SessionImpl:0.5216666666666666
EventType:0.43
EventListenerRegistryImpl:0.2733333333333333
