LicenseStats:0.6033333333333334
GwtTeamingMessages:0.31666666666666665
ReportModuleImpl:0.24
LicenseStatsItem:0.21
GwtReportsHelper:0.1927777777777778
LicenseReportComposite:0.16
AbstractLicenseModule:0.14333333333333334
BaseLicenseModule:0.12
