PluginRegistry:0.36333333333333334
ProjectXMLHelperTest:0.35333333333333333
ProjectXMLHelper:0.34
PluginXMLHelper:0.27666666666666667
CruiseControlController:0.23333333333333334
ListenerTestPlugin:0.14833333333333334
ListenerTestNestedPlugin:0.056666666666666664
ListenerTestSelfConfiguringPlugin:0.031111111111111114
