ProjectionToProjectorVisitor:0.47888888888888886
SimpleOneRowCollector:0.44
AbstractProjector:0.23666666666666666
