ProcessListPane:0.4888888888888889
TextPaneWindow:0.4666666666666667
ProcessWindow:0.15
