WicketApplication:0.9266666666666666
DynamicLinkPanel:0.2833333333333333
