SerializationBuilder:0.46
AbstractChronicleMapBuilder:0.3933333333333333
ChronicleMapBuilder:0.3233333333333333
VanillaChronicleMap:0.2783333333333333
ChronicleSetBuilder:0.27666666666666667
ChronicleHashBuilder:0.21833333333333332
