Attribute:0.7866666666666666
AttributeBuilder:0.30333333333333334
EntityReader:0.3
BaseAttribute:0.24
FunctionalTest:0.20666666666666667
AttributeDescriptor:0.19416666666666665
AttributeMember:0.19333333333333333
ImmutableAttribute:0.12666666666666668
