CML2WriterTest:0.5933333333333334
Convertor:0.5586666666666666
