QueryImpl:0.45666666666666667
AbstractEntityManagerImpl:0.45666666666666667
HibernatePersistence:0.41
EntityManagerFactoryImpl:0.22666666666666666
HibernatePersistenceUnitUtil:0.06
