Style:0.5866666666666667
CompositeDataHolder:0.5433333333333334
SyntenyAdapter:0.31
DummySequenceAdapter:0.30666666666666664
AbstractApolloAdapter:0.2866666666666667
GAMEAdapterGUI:0.2711111111111111
SyntenyAdapterGUI:0.2127777777777778
EfetchSequenceAdapter:0.21111111111111108
GAMEAdapter:0.21
