FileHelper:0.5433333333333333
NormalVerifier:0.37333333333333335
StartScriptGenerator:0.3466666666666667
JarInfo:0.29333333333333333
JavaVersionTester:0.2633333333333333
JarInstaller:0.22
AbstractWizardPage:0.19
StandaloneVerifier:0.17666666666666667
InstallationDriver:0.17
StandalonePackagerTest:0.15
StartScriptGeneratorTest:0.14333333333333334
NormalVerifierTest:0.08666666666666667
FileHelperTest:0.06333333333333334
StandaloneVerifierTest:0.01
