HibernateSessionFactory:0.66
JbpmExecutionLogic:0.38666666666666666
ArchiveDAOHibernateImpl:0.26666666666666666
