FeatureView:0.5733333333333334
ApolloPanel:0.4
StrandedZoomableApolloPanel:0.30333333333333334
AnnotationMenu:0.25
ApolloFrame:0.19666666666666666
FileMenu:0.10666666666666667
