JCPMultiPageEditor:0.7966666666666666
SpecMolEditor:0.2722222222222222
