ModelGenerator:0.4533333333333333
AbstractConfiguration:0.38333333333333336
ModelViewGenerator:0.28
AbstractGenerator:0.20333333333333334
