SemiTransactionalHiveMetastore:0.5733333333333334
StorageFormat:0.475
HiveQueryRunner:0.27
HiveMetastoreModule:0.19333333333333333
