IRubyScript:0.63
RubyScript:0.5466666666666666
IRubyElement:0.5266666666666666
RubyCore:0.35
Openable:0.22
RubyPlugin:0.20666666666666667
IRubyStatusConstants:0.2063968253968254
SourceRefElement:0.19333333333333333
RubyLocalVar:0.16333333333333333
RubyModelUtil:0.14333333333333334
RubyTaskListAdapter:0.06866666666666667
RubyElementResourceMapping:0.06666666666666667
RubyElementAdapterFactory:0.06
ResourceAdapterFactory:0.041388888888888885
Assert:0.03666666666666667
RubyProjectAdapterFactory:0.006666666666666667
