EntryIterator:0.46634523809523815
Long2LongHashMapTest:0.2833333333333333
Long2ObjectHashMap:0.2813333333333334
SafeSwCounter:0.2274761904761905
UnsafeSwCounter:0.2274761904761905
Long2LongHashMap:0.22666666666666666
BiInt2ObjectMap:0.21
SwCounter:0.2006666666666667
Int2ObjectHashMap:0.19
