Constraint:0.48333333333333334
StringHelper:0.3933333333333333
ForeignKey:0.38666666666666666
Configuration:0.35
Table:0.3333333333333333
UniqueKey:0.3333333333333333
AnnotationBinder:0.21666666666666667
HbmBinder:0.1942777777777778
PrimaryKey:0.18666666666666668
ColumnComparator:0.15055555555555558
