Transaction:0.4766666666666667
TransactionOutput:0.37166666666666665
Wallet:0.3688888888888889
