TestDataSources:0.4683333333333333
TestRDFContainers:0.38
TestAll:0.2833333333333333
TestSesameRDFContainer:0.09
