Condition:0.6133333333333333
SearchItem:0.4922222222222223
Materialisation:0.37333333333333335
PlanData:0.33666666666666667
TestMatching:0.32666666666666666
AbstractSearchItem:0.31
ConditionSearchItem:0.2402777777777778
NegatedSearchItem:0.22699999999999998
EdgeEmbargo:0.1905952380952381
