ClientExecutionServiceImpl:0.4666666666666667
ClientCallFuture:0.41333333333333333
ClientInvocationServiceImpl:0.37
ClientRequest:0.23666666666666666
