SenderThread:0.8277777777777778
MediaDriverAdminThread:0.41
BasicBufferManagementStrategy:0.26
BufferManagementStrategy:0.18416666666666667
TripleLevelMap:0.15666666666666668
