Map:0.8533333333333334
UnitUIProxy:0.39666666666666667
USGSMarsMap:0.26
MainWindow:0.24
SettlementUIProxy:0.23666666666666666
PersonDialog:0.22666666666666666
UnitDialog:0.22
NavButtonDisplay:0.21666666666666667
GroundVehicleUIProxy:0.20444444444444443
VehicleDialog:0.2
GlobeDisplay:0.19333333333333333
SettlementDialog:0.18333333333333332
MapDisplay:0.17
SearchWindow:0.16
PersonUIProxy:0.15666666666666668
CannedMarsMap:0.15333333333333332
MainDesktopPane:0.14333333333333334
VehicleUIProxy:0.12788035113035118
ToolWindow:0.12
SurfMarsMap:0.09
ViewFrameListener:0.08785654160654163
AboutDialog:0.08166666666666667
LivingQuartersFacilityPanel:0.08166666666666667
UIProxyManager:0.08
TopoMarsMap:0.07333333333333333
GroundVehicleDialog:0.07111111111111111
UnitButton:0.056666666666666664
NavigatorWindow:0.056666666666666664
MainWindowMenu:0.04
StoreroomFacilityPanel:0.04
VehicleDirectionDisplay:0.04
MarsGlobe:0.04
GreenhouseFacilityPanel:0.02666666666666667
MaintenanceGarageFacilityPanel:0.023333333333333334
MarsTheme:0.023333333333333334
LaboratoryFacilityPanel:0.02
SplashWindow:0.02
UnitToolBar:0.01777777777777778
ToolButton:0.013333333333333334
UnitWindowListener:0.013333333333333334
VehicleTerrainDisplay:0.013333333333333334
ToolToolBar:0.012777777777777777
FacilityPanel:0.006666666666666667
LegendDisplay:0.0
MainDesktopManager:0.0
