LayerTreeEditor:0.49333333333333335
JFXWidgetComponent:0.45666666666666667
JFXComponentsExtractor:0.22944444444444448
JFXConverterAction:0.13333333333333333
