DutySchedule:0.5733333333333334
Group:0.3433333333333333
BroadcastEventProcessor:0.30333333333333334
GroupInfo:0.25666666666666665
GroupManager:0.25
GroupsWriter:0.16666666666666666
UpdateGroupServlet:0.15
