Qedeq2Xml:0.63
LatexTextParser:0.5766666666666667
Qedeq2Wiki:0.22666666666666666
Xml2Latex:0.18
