PIRecord:0.6797222222222223
AbstractRegexVersioned:0.5984444444444444
