Lexer:0.6966666666666667
ANTLRStringStream:0.3333333333333333
TestLexerExec:0.29
BaseTest:0.2866666666666667
LexerATNSimulator:0.25916666666666666
TestParserExec:0.25333333333333335
TestATNLexerInterpreter:0.18333333333333332
