Kernel32:0.8866666666666667
Netapi32:0.5366666666666666
Advapi32Util:0.29027777777777775
Advapi32UtilTest:0.27
Kernel32Test:0.19333333333333333
Netapi32Util:0.12666666666666668
Netapi32Test:0.1
Netapi32UtilTest:0.07
