GraphManager:0.5733333333333334
Library:0.43333333333333335
Registry:0.42
MethodDescriptionContent:0.37333333333333335
Main:0.29333333333333333
MethodDescriptionXMLReader:0.2
UpdateCheck:0.11866666666666667
TextualOverview:0.11333333333333333
TextualOverviewManager:0.10333333333333333
