InternalOrder:0.3233333333333333
InternalTerms:0.30666666666666664
TermsAggregatorFactory:0.24333333333333335
Order:0.23666666666666666
LongTermsTests:0.23333333333333334
DoubleTermsTests:0.23333333333333334
StringTermsTests:0.23333333333333334
StringTerms:0.21666666666666667
TermsParser:0.21333333333333335
Streams:0.20333333333333334
TermsParametersParser:0.12333333333333334
CompoundOrder:0.12
LowCardinality:0.11753968253968256
LongTerms:0.11666666666666667
GlobalOrdinalsStringTermsAggregator:0.11333333333333333
DoubleTerms:0.10333333333333333
StringTermsAggregator:0.1
UnmappedTerms:0.09333333333333334
LongTermsAggregator:0.085
TermsAggregator:0.08333333333333333
DoubleTermsAggregator:0.06583333333333333
AbstractStringTermsAggregator:0.03916666666666667
WithHash:0.03333333333333333
OrderElement:0.01
