User:0.6166666666666667
ProviderManagerTests:0.2633333333333333
AbstractAuthenticationToken:0.25
ProviderManager:0.23
UsernamePasswordAuthenticationToken:0.18666666666666668
MockProvider:0.1311111111111111
