Injector:0.6166666666666667
ConvertedConstantBinding:0.455
Converter:0.42333333333333334
Errors:0.36
TypeConverterBinding:0.3433333333333333
InjectorImpl:0.2866666666666667
ConvertedConstantBindingImpl:0.20333333333333334
ToolStageInjector:0.16666666666666666
TypeConverterBindingProcessor:0.16333333333333333
InheritingState:0.15
State:0.13753968253968255
TypeConversionTest:0.12
