CircularDependencyTest:0.6333333333333333
Scopes:0.39666666666666667
HImpl:0.24940873015873027
IImpl:0.24940873015873027
JImpl:0.24940873015873027
I:0.24666666666666667
H:0.1276190476190476
J:0.1276190476190476
BasicSingleton:0.08
