ValidationAuthorityPublisher:0.6566666666666666
PublisherQueueTest:0.4066666666666667
PublisherSessionBean:0.34
