QsarionpotCoverageTest:0.43333333333333335
MqsarbondTests:0.27
MqsarmolecularTests:0.23333333333333334
MqsaratomicTests:0.20333333333333334
MqsarionpotTests:0.013333333333333334
