Cursor:0.5933333333333334
GUI:0.56
ViewMode:0.30666666666666664
CanvasKeyListener:0.12333333333333334
