MultiResourceItemReader:0.731111111111111
ResourceAwareItemReaderItemStream:0.5612142857142858
MultiResourceItemReaderIntegrationTests:0.13
