ClientExtension:0.76
ProxyManager:0.4666666666666667
DefaultClientExtension:0.2733333333333333
