BindingUtil:0.8833333333333333
DeadCodeEliminator:0.3144444444444444
DeadCodeEliminatorTest:0.23333333333333334
