GwtViewHelper:0.44666666666666666
GwtTaskHelper:0.31333333333333335
GwtCalendarHelper:0.2833333333333333
GwtRpcServiceImpl:0.2816666666666667
CalendarFolderView:0.2633333333333333
GwtMenuHelper:0.24333333333333335
ContentControl:0.22666666666666666
GwtEventHelper:0.20333333333333334
CalendarAppointment:0.2
