AtmosphereFramework:0.7482777777777778
DefaultAnnotationProcessor:0.4016666666666666
