Node:0.46
ClusterManager:0.3
ConnectionManager:0.2833333333333333
BaseManager:0.28
ReadHandler:0.27166666666666667
WriteHandler:0.23333333333333334
