DataManager:0.75
SettingInfo:0.2866666666666667
GetCapabilities:0.25
SiteLib:0.20666666666666667
