Style:0.7333333333333333
InvoiceTest:0.36
CarrierTest:0.21666666666666667
ArtistTest:0.21
