CrossContextConstants:0.48611111111111116
SiteScapeFileSystem:0.44095634920634924
DispatchServer:0.2733333333333333
CCClient:0.2733333333333333
WebdavSiteScape:0.21333333333333335
SiteScapeFileSystemImpl:0.2
