SQLGrammar:0.59
NodeTypes:0.28111111111111114
HttpBlobHandler:0.27666666666666667
InsertVisitor:0.25633333333333336
TransportSQLActionTest:0.25333333333333335
XContentGenerator:0.23
ParsedStatement:0.21833333333333332
QueryVisitorTest:0.21666666666666667
RestSqlActionTest:0.20333333333333334
SQLArgsParseElement:0.11333333333333333
NodeFactoryImpl:0.09
NodeNames:0.0
