SarosC:0.5633333333333334
ISarosSession:0.5566666666666666
SarosSession:0.44
SessionListener:0.43666666666666665
Tester:0.3933333333333333
InvitationWizard:0.38666666666666666
JoinSessionWizard:0.38333333333333336
TransferDescription:0.36133333333333334
InvitationProcess:0.35
ISarosSessionManager:0.30333333333333334
SarosSessionManager:0.30333333333333334
SarosSessionStub:0.3
ITransmitter:0.2833333333333333
SharedProject:0.27
SarosUI:0.26666666666666666
SarosCImp:0.25666666666666665
XMPPTransmitter:0.25333333333333335
IActivityReceiver:0.24666666666666667
FileListActivity:0.24333333333333335
AbstractActivityReceiver:0.24
OutgoingProjectNegotiation:0.23333333333333334
TestRosterViewComponent:0.22333333333333333
InvitationInfo:0.21
ISarosSessionListener:0.2
OutgoingSessionNegotiation:0.19666666666666666
EditorManager:0.18666666666666668
SharedProjectDecorator:0.18333333333333332
SarosProjectMapper:0.17333333333333334
TestShareProjectUsingExistingProject:0.17333333333333334
IncomingSessionNegotiation:0.17333333333333334
IncomingProjectNegotiation:0.17
AbstractSarosSessionListener:0.16166666666666665
SharedProjectListener:0.16166666666666665
AddToSessionAction:0.15666666666666668
TestEditDuringInvitation:0.15333333333333332
TestParallelInvitationWithTerminationByInvitees:0.15333333333333332
TestParallelInvitationWithTerminationByHost:0.15333333333333332
UserListRequestExtensionProvider:0.14400468975468977
ProjectNegotiation:0.14
AbstractProjectActivityDataObject:0.13666666666666666
InviteAction:0.13666666666666666
PacketExtensionUtils:0.13555555555555554
GeneralNewSessionAction:0.13333333333333333
TransferDescriptionTest:0.12666666666666668
AddProjectToSessionWizard:0.11666666666666667
PartialNewSessionAction:0.09333333333333334
InvitationHandler:0.08333333333333333
FileListManager:0.05638888888888889
OutgoingInvitationJob:0.05333333333333334
CancelProjectSharingExtension:0.03333333333333333
ProjectNegotiationObservable:0.03333333333333333
ShowDescriptionPage:0.023333333333333334
OutgoingProjectJob:0.013333333333333334
CancelProjectSharingHandler:0.01
MappedList:0.0025
ProcessTools:0.0
FileListActivityDataObject:0.0
UserListHandler:0.0
