DSLContext:0.6466666666666666
LoaderImpl:0.5944444444444444
DefaultDSLContext:0.3333333333333333
