Permission:0.6193333333333334
StoreVariant:0.49333333333333335
PermissionEditor:0.2866666666666667
