AbstractFlowExecutionTests:0.37333333333333335
FlowExecutionManagerTests:0.22
XmlFlowBuilderTests:0.20833333333333334
FlowExecutionTests:0.18666666666666668
SimpleFlowLocator:0.1682671957671958
AbstractFlowBuilderTests:0.16666666666666666
FlowExecutionImplTests:0.16
