SurfMarsMap:0.5088888888888888
ERVBase:0.4620000000000001
