GroupByRow:0.5766666666666667
SQLGroupingCollector:0.37333333333333335
SQLParseService:0.36
TransportDistributedSQLAction:0.33
