RequestError:0.36666666666666664
XMPPChatTransmitter:0.3433333333333333
JupiterServer:0.28948412698412695
ActivitySequencer:0.2633333333333333
JupiterDocumentServer:0.23666666666666666
ConcurrentDocumentManager:0.2
Serializer:0.15733333333333335
ErrorMessageDialog:0.07222222222222222
