LightManager:0.49666666666666665
MaterialAttribute:0.4120555555555555
ColorAttribute:0.3333333333333333
HybridLightTest:0.29
StillModelViewerGL20:0.25666666666666665
TextureAttribute:0.21333333333333335
