Notification:0.7166666666666667
DefaultSurveillanceService:0.5033333333333333
NotificationView:0.24
