ComponentReference:0.5066666666666667
JTreeTester:0.31666666666666665
JTreeTesterTest:0.31333333333333335
JTreeLocation:0.3
StepEditor:0.24666666666666667
