GraphJGraph:0.46
GraphJModel:0.3283333333333333
JVertexView:0.30666666666666664
LabelValue:0.3
RefreshListener:0.16333333333333333
