CompositeCustomType:0.41
CustomType:0.39666666666666667
Configuration:0.33666666666666667
TypeResolver:0.15666666666666668
BasicTypeRegistry:0.14333333333333334
TotallyIrrelevantUserType:0.09666666666666666
TotallyIrrelevantCompositeUserType:0.08
BasicTypeRegistryTest:0.05333333333333334
