FieldInstruction:0.6344444444444445
InstanceFieldInstruction:0.31972222222222224
StaticFieldInstruction:0.31972222222222224
