Gate:0.4633333333333333
State:0.30666666666666664
SimpleTokeniser:0.28
FSM:0.24333333333333335
DFSMState:0.2377777777777778
DefaultGazetteer:0.21
EntityDescriptor:0.18555555555555556
FSMState:0.14333333333333334
EntitySet:0.11
