RegistryObjectTest:0.36666666666666664
RegistryTest:0.2866666666666667
ServiceProfile:0.082984126984127
Image:0.082984126984127
Annotation:0.082984126984127
Language:0.082984126984127
StylingRules:0.082984126984127
Document:0.06111111111111111
Date:0.06111111111111111
Source:0.053611111111111116
ServiceGrounding:0.05333333333333334
ServiceModel:0.05333333333333334
WSDLInterface:0.0033333333333333335
Modified:0.0033333333333333335
Temporal:0.0033333333333333335
WSDLService:0.0033333333333333335
DataSet:0.0
Contributor:0.0
Creator:0.0
Subject:0.0
Rights:0.0
Format:0.0
Spatial:0.0
