DataService:0.585
HeartbeatJob:0.4266666666666667
AbstractJob:0.36666666666666664
