UdpChannel:0.5933333333333334
NetworkUtil:0.4533333333333333
