ShadowResourcesTest:0.43666666666666665
Robolectric:0.41333333333333333
AttributeSetBuilderTest:0.35333333333333333
FromDimen:0.20715079365079367
ResourceHelper:0.20333333333333334
Converter:0.18
AttributeSetBuilder:0.16777777777777778
FromInt:0.15444444444444444
ParallelUniverse:0.13666666666666666
ResourceTypes:0.03666666666666667
