RedissonClient:0.54
Redisson:0.5
RedissonObject:0.2833333333333333
RObject:0.22166666666666668
