TreeVisitor:0.4266666666666667
DebugASTPrinter:0.30333333333333334
Type:0.28488888888888886
StatementGenerator:0.26
IntersectionType:0.2544444444444445
ArrayType:0.24166666666666667
MethodReference:0.2388888888888889
LambdaExpression:0.2277777777777778
TreeConverter:0.14
