GenServer:0.68
Supervisor:0.6416666666666667
LocalGenServer:0.3983333333333333
