TypedResource:0.5633333333333334
ShadowAssetManager:0.4266666666666667
XmlBlock:0.36
ResBundleTest:0.18666666666666668
XmlLoader:0.17333333333333334
DrawableResourceLoader:0.17
ConverterTest:0.16333333333333333
ResBundle:0.15
DocumentLoader:0.14666666666666667
RawResourceLoader:0.12333333333333334
XmlBlockLoader:0.08333333333333333
FileTypedResource:0.04666666666666667
Image:0.04666666666666667
