ConversionException:0.5566666666666666
DefaultConversionService:0.41333333333333333
AbstractConverter:0.24666666666666667
ConverterPropertyEditorAdapter:0.23
