StageStateMachine:0.5833333333333334
SplitSchedulerStats:0.37
TestSourcePartitionedScheduler:0.33666666666666667
TestStageStateMachine:0.33666666666666667
SqlStageExecution:0.3333333333333333
