DataRecordEntry:0.5033333333333333
CMap:0.47
CMapTest:0.31
AbstractRecord:0.27166666666666667
PartitionManager:0.23333333333333334
BaseManager:0.21666666666666667
MigrationTask:0.19777777777777777
MPut:0.17
