Configuration:0.37333333333333335
AbstractGenerator:0.29
Conventions:0.25666666666666665
DatabaseDDLUtils:0.25
GenerationConditionAdapter:0.22666666666666666
TargetConvention:0.21177777777777776
PresentationUtils:0.20555555555555555
DatabaseUtils:0.20166666666666666
Hibernate3:0.13
