FetchReturn:0.6866666666666666
SQLQuery:0.6566666666666666
SQLQueryImpl:0.45
ReturnProperty:0.43333333333333335
RootReturn:0.335
NamedSQLQueryDefinition:0.22
NativeSQLQueriesTest:0.21333333333333335
RootReturnBuilder:0.11
ReturnBuilder:0.0867222222222222
NamedSQLQuerySecondPass:0.07666666666666666
FetchReturnBuilder:0.06666666666666667
