XMLConverter:0.6766666666666666
SearchEngineQualityControl:0.2733333333333333
LocaleXmlAdapter:0.16333333333333333
TestSearchEngineQualityControl:0.14666666666666667
