Table:0.5
Column:0.4266666666666667
JdbcModelReader:0.37333333333333335
PlatformInfo:0.36666666666666664
SqlBuilder:0.3233333333333333
Database:0.3044444444444444
IPlatform:0.24666666666666667
OracleJdbcModelReader:0.24666666666666667
AbstractJdbcPlatform:0.1761111111111111
AbstractPlatform:0.15444444444444444
OracleSqlBuilder:0.14666666666666667
H2SqlBuilder:0.12333333333333334
H2JdbcModelReader:0.11
OraclePlatform:0.06666666666666667
ClassUtils:0.056666666666666664
JdbcPlatformTest:0.05333333333333334
H2Platform:0.032499999999999994
