TypeStringProvider:0.465
ValueAttribute:0.43555555555555564
NullableAttributesTest:0.3466666666666667
