MockResponse:0.43666666666666665
MockWebServer:0.26
URLConnectionTest:0.25333333333333335
UrlConnectionCacheTest:0.25
ResponseCacheTest:0.24333333333333335
MockWebServerTest:0.23333333333333334
CacheTest:0.22333333333333333
SpdySocketHandler:0.13888888888888887
