ManagementCenterService:0.34800000000000003
ClusterRuntimeState:0.30333333333333334
ThreadDumpGenerator:0.24166666666666667
ConsoleCommandHandler:0.20222222222222225
TimedMemberStateFactory:0.19666666666666666
VersionMismatchLogRequest:0.17
RuntimeStateRequest:0.15
MemberConfigRequest:0.15
GetLogsRequest:0.14333333333333334
ThreadMonitoringService:0.13666666666666666
ConsoleRequestConstants:0.1
