ParcelableAnalysis:0.5166666666666667
ParcelableAnalysisTest:0.5
ParcelTransactionWorker:0.2537777777777778
ExternalParcelTransactionWorker:0.18333333333333332
ParcelTransactionWorkerTest:0.14666666666666667
