RestHandler:0.38
GsonResponseHandler:0.37333333333333335
RestAdapter:0.22388888888888886
ProfilingResponseHandler:0.10333333333333333
HttpClients:0.09666666666666666
