TestAPIM:0.37
ManyDisseminationsTestSetup:0.32
PerformanceTests:0.3160555555555556
TestManagedDatastreams:0.2816666666666667
TestXACMLPolicies:0.2783333333333333
DatastreamConduit:0.2760555555555556
TestCommandLineUtilities:0.25022222222222223
ResourceIndexRebuilderTest:0.24666666666666667
CurrentVersionPane:0.24666666666666667
TestRESTAPI:0.23694444444444443
FedoraAPIMBindingSOAPHTTPImpl:0.23666666666666666
TestCommandLineFormats:0.23333333333333334
TestRelationships:0.23272222222222222
BatchModifyParser:0.22466666666666663
TestManagementNotifications:0.22166666666666668
ConflictingDeploymentTests:0.1928333333333333
AutoPurger:0.18949999999999997
TestOAIService:0.18283333333333332
TestLargeDatastreams:0.18283333333333332
TestRESTAPIConfigQ:0.14333333333333334
TestMisplacedNamespace:0.14333333333333334
OneEmptyObjectTestSetup:0.14333333333333334
PurgeButtonListener:0.11333333333333333
