BrandingPanel:0.5333333333333333
AbstractTinyMCEConfiguration:0.3383333333333333
BrandingContentPanel:0.22333333333333333
