ScriptEditor:0.45
RecordAllAction:0.32666666666666666
Mnemonic:0.30666666666666664
EventRecorder:0.30666666666666664
MyCode:0.19
EditorConstants:0.0
