ApplicationEntityManager:0.6041666666666666
SDHModule:0.4033333333333333
ServerSideException:0.3466666666666667
KuwaibaService:0.3233333333333333
GenericCommercialModule:0.29503968253968255
WebserviceBean:0.29
PersistenceService:0.26666666666666666
ApplicationEntityManagerImpl:0.23333333333333334
WebserviceBeanRemote:0.20833333333333334
PersistenceLayerFactory:0.18083333333333335
NotAuthorizedException:0.15333333333333332
ToolsBean:0.12
MPLSModule:0.056111111111111105
