Window:0.65
StyleSheetList:0.3566666666666667
StyleSheetListTest:0.32666666666666666
