SimpleJobRepository:0.8766666666666667
SimpleJobRepositoryTests:0.16666666666666666
