NoPropVisualPanel1:0.5933333333333334
NewNeuralNetworkWizardIterator:0.29
NewNeuralNetworkWizardPanel2:0.2833333333333333
NewNeuralNetworkVisualPanel1:0.23111111111111116
NeuralNetworkTypeWizard:0.21666666666666667
