CertTools:0.7866666666666666
AlgorithmTools:0.4
CaTestCase:0.2866666666666667
CaSessionTest:0.26
CAsTest:0.25333333333333335
OcspResponseGeneratorSessionBean:0.24
UpgradeSessionBean:0.23666666666666666
CAInterfaceBean:0.22
CAAdminSessionBean:0.20333333333333334
ProtocolOcspHttpTest:0.19333333333333333
CAInfoView:0.19305555555555554
AuthenticationModulesTest:0.17666666666666667
OCSPUnidClient:0.17333333333333334
CaInitCommand:0.13666666666666666
