QueryCmd:0.57
BaseDSQueryCmd:0.2633333333333333
HPQueryCmd:0.2225
GPPPSQueryCmd:0.19666666666666666
GPWLQueryCmd:0.15666666666666668
UPSQueryCmd:0.15666666666666668
MWLQueryCmd:0.15083333333333335
