CurationSet:0.5566666666666666
SeqFeatureUtil:0.48
AbstractLinker:0.31
SiteView:0.2833333333333333
