ServiceAuthorizationCheck:0.4033333333333333
CasSupportActionsConfiguration:0.27666666666666667
ServiceAuthorizationCheckTests:0.19333333333333333
ShibbolethIdPEntityIdAuthenticationServiceSelectionStrategy:0.18666666666666668
CasWebApplication:0.17833333333333334
OpenSamlConfigBean:0.14666666666666667
SamlIdPEntityIdAuthenticationServiceSelectionStrategy:0.13333333333333333
CasCoreUtilConfiguration:0.13
