SharedClusterSnapshotRestoreIT:0.6016666666666667
RepositoriesIT:0.20333333333333334
TransportGetSnapshotsAction:0.20333333333333334
TransportGetRepositoriesAction:0.17
