Robot:0.59
ScriptEditor:0.3433333333333333
RobotTest:0.27
LaunchListener:0.25666666666666665
StepRunner:0.24
ComponentTester:0.23666666666666666
RepeatHelper:0.22
ComponentRecorderTest:0.2
AppletSecurityManager:0.19166666666666668
DragLabel:0.17166666666666666
WindowTracker:0.16944444444444443
StepRunnerTest:0.10333333333333333
Costello:0.03333333333333333
TestStepRunner:0.0
