CompositeItemTransformerTests:0.5877777777777777
CompositeItemTransformer:0.5833333333333334
