DefinitionService:0.7008333333333333
TeamingServiceEndpoint:0.4766666666666667
JaxRpcFacade:0.2966666666666667
