Operation:0.5116666666666667
InsertOperation:0.37333333333333335
DeleteOperation:0.3466666666666667
GOTOInclusionTransformationTest:0.3433333333333333
GOTOInclusionTransformation:0.28
TimestampOperation:0.2633333333333333
SplitOperation:0.24666666666666667
NoOperation:0.09
