Default:0.55
DynamicTypeDefaultTest:0.35333333333333333
ClassLoadingStrategy:0.26
SubclassInstrumentationContextDelegateTest:0.17666666666666667
ClassLoadingStrategyDefaultTest:0.058333333333333334
DynamicTypeDefaultLoadedTest:0.043333333333333335
InstrumentationContextDefaultTest:0.023333333333333334
TypeWriterBuilderTest:0.02
DynamicTypeDefaultUnloadedTest:0.006666666666666667
