RubyTokenScanner:0.7366666666666667
TC_RubyTokenScanner:0.4166666666666667
