PartialConverter:0.7666666666666667
ISODateTimeFormat:0.4066666666666667
LocalTime:0.3433333333333333
LocalDate:0.3233333333333333
TestConverterManager:0.2791666666666667
LocalDateTime:0.24666666666666667
AbstractConverter:0.24277777777777781
ReadablePartialConverter:0.21333333333333335
InstantConverter:0.19
TestLocalTime_Constructors:0.16333333333333333
TestLocalDateTime_Constructors:0.16333333333333333
TestLocalDate_Constructors:0.15333333333333332
StringConverter:0.11444444444444443
