GwtViewHelper:0.67
GwtMenuHelper:0.5933333333333334
ViewFolderEntryInfo:0.39666666666666667
