BasicIndexUtils:0.57
EntityIndexUtils:0.4
IndexUtils:0.36
ProfileIndexUtils:0.2866666666666667
FieldBuilderDate:0.19666666666666666
FieldBuilderGrouplist:0.19
FieldBuilderExternalUserlist:0.19
FieldBuilderTeamlist:0.19
FieldBuilderUserlist:0.19
FieldBuilderBinderIdList:0.19
FieldBuilderEvent:0.14
FieldBuilderGeneric:0.14
FieldBuilderSelect:0.11333333333333333
FieldBuilderDescription:0.11333333333333333
FieldBuilderCheckbox:0.11333333333333333
