MapProxySupport:0.45
PredicatesTest:0.22
ReflectionHelper:0.14
OrPredicate:0.12666666666666668
AndPredicate:0.12666666666666668
SqlTimestampConverter:0.03333333333333333
SqlDateConverter:0.03333333333333333
DateConverter:0.03333333333333333
TypeConverters:0.0
