IsCacheReserializable:0.5133333333333333
CacheTest:0.4266666666666667
AsyncLoadingCacheTest:0.27
LocalAsyncLoadingCache:0.22333333333333333
AsyncRemovalListener:0.16333333333333333
