HazelcastClientMapTest:0.43333333333333335
HazelcastClientTestBase:0.27
ExecutorServiceHandler:0.21333333333333335
