Node:0.45666666666666667
SerializedPartitionChunk:0.3
ChunkJob:0.26666666666666666
ShardJob:0.21916666666666668
NativeColumnHandle:0.21
NativeTableHandle:0.21
DatabaseShardManager:0.19333333333333333
PartitionJob:0.1167222222222222
ImportField:0.11666666666666667
ImportManager:0.02666666666666667
