StandardMemoryAccessor:0.5166666666666667
BigEndianMemoryAccessor:0.38777777777777783
LittleEndianMemoryAccessor:0.38777777777777783
