Context:0.7233333333333334
ViewManager:0.44666666666666666
EditViewFactory:0.3466666666666667
Tree:0.22
