DesignerSwimlaneEditorPage:0.47
DesignerVariableEditorPage:0.47
DesignerGraphicalEditorPart:0.31666666666666665
ImportParWizardPage:0.17333333333333334
RemoveSwimlaneSelectionListener:0.14100000000000001
RemoveVariableSelectionListener:0.14100000000000001
AddActionAction:0.12333333333333334
PasteVariableSelectionListener:0.08421164021164024
CopySwimlaneSelectionListener:0.08421164021164024
PasteSwimlaneSelectionListener:0.08421164021164024
CopyVariableSelectionListener:0.08421164021164024
