Table:0.6066666666666667
TiledDrawable:0.2866666666666667
PressedListener:0.2866666666666667
TableLayout:0.17111111111111113
