FeatureSet:0.55
GAMEAdapter:0.31
FlyNameAdapter:0.2633333333333333
bop:0.24444444444444446
