Query:0.5033333333333333
ParameterAssigner:0.4866666666666667
