QuerySpec:0.6066666666666667
QuerySpecTest:0.3233333333333333
