GZIPResponseStream:0.6644444444444445
GZIPResponseWrapper:0.4666666666666667
GZIPFilter:0.31666666666666665
