LoadVehicleGarage:0.49666666666666665
UnitManager:0.38666666666666666
LoadVehicleEVA:0.38666666666666666
RoverMission:0.30333333333333334
AngledLinesWindowsCornerIcon:0.24666666666666667
