EAXListenerProperties:0.5166666666666667
EAXBufferProperties:0.39
CoreEAX:0.26
EAXTest:0.21666666666666667
MovingSoundTest:0.16333333333333333
BaseEAX:0.07333333333333333
