GwtTeamingMessages:0.93
ModifyGroupDlg:0.36666666666666664
ModifyDynamicMembershipDlg:0.2966666666666667
GwtServerHelper:0.21333333333333335
