FrameCodec:0.4666666666666667
Elvin:0.38666666666666666
SimpleClient:0.32
Server:0.31
