CMap:0.5733333333333334
ClusterTest:0.43333333333333335
LocalLock:0.39
MLock:0.25666666666666665
