ConcurrentSharedMap:0.6666666666666666
SharedDataImpl:0.5
LocalSharedDataTest:0.36666666666666664
SharedData:0.17333333333333334
