ClassAgent:0.7633333333333333
ClassXTest:0.35
AsmClassAgentTest:0.22
AbstractClassAgent:0.21666666666666667
SimpleMethodMatcher:0.19111111111111112
RegexMethodMatcherTest:0.15666666666666668
DefaultMirrorFactory:0.15666666666666668
Main2:0.13666666666666666
