CopyrightPanel:0.4442619047619048
AuthorsPanel:0.4442619047619048
WelcomePanel:0.43
