AbstractDbDialect:0.5922222222222223
IDbDialect:0.3466666666666667
InterbaseDbDialect:0.30333333333333334
JdbcBatchPreparedStatementCallback:0.2633333333333333
