VonUtils:0.5733333333333334
ActivityWebView:0.54
ActivityDialog:0.2833333333333333
ActivityMain:0.16
