WebCfgDelegate:0.7066666666666667
WebCfgService:0.5783333333333334
TCViewPanel:0.39666666666666667
