Config:0.7966666666666666
AsyncPropertiesHelper:0.36666666666666664
AsyncImplHelper:0.32666666666666666
