CelsiusConverterTest:0.5438888888888889
SWTPatchTest1:0.36666666666666664
CelsiusConverterFindingTest:0.3516666666666667
