FlowExecutionImpl:0.4666666666666667
StateContext:0.44351190476190483
StateContextImpl:0.43333333333333335
EndState:0.25333333333333335
MockStateContext:0.14333333333333334
