Utils:0.7
GwtClientHelper:0.38
GwtProfileHelper:0.2633333333333333
GwtUIHelper:0.24333333333333335
