AlfPropertyDesc:0.5333333333333333
RemoteAlfConnection:0.29
RemoteAlfObjectAccessor:0.2644444444444445
RemoteAlfConnectionProxy:0.26
AlfConnection:0.25
LocalAlfObjectAccessor:0.245
AlfTypeDesc:0.24333333333333335
Mappings:0.24333333333333335
LocalAlfConnection:0.15
AlfOrgFunction:0.08444444444444445
ResultSetRowComparator:0.0033333333333333335
