Label:0.6966666666666667
Line:0.4666666666666667
PlainGraph:0.37
TypeLabel:0.35333333333333333
PlainLabel:0.24333333333333335
Atom:0.24166666666666667
AspectLabel:0.23
PlainEdge:0.23
RuleLabel:0.22333333333333333
TypeNode:0.21666666666666667
AspectGraph:0.21333333333333335
AspectNode:0.1997777777777778
AspectEdge:0.1997777777777778
LabelTree:0.19666666666666666
ALabel:0.18666666666666668
CtrlLabel:0.18333333333333332
ALabelEdge:0.18
RuleTransitionLabel:0.17666666666666667
FindReplaceDialog:0.17333333333333334
EdgeMapGraph:0.17333333333333334
PlainFactory:0.16
GraphCreationTest:0.14333333333333334
AttrFactory:0.14333333333333334
MultiGraph:0.13666666666666666
MultiMorphism:0.13666666666666666
RecipeTransitionLabel:0.11333333333333333
BinaryEdgeTest:0.11333333333333333
ControlEdge:0.10333333333333333
MultiLabel:0.1
GraphConverter:0.09333333333333334
PatternTransitionLabel:0.08666666666666667
LabelAction:0.08333333333333333
BuchiLabel:0.08
MultiFactory:0.056666666666666664
MultiEdge:0.03
TextLabel:0.02666666666666667
MultiNode:0.0
