Http2ServerResponseImpl:0.6166666666666667
VertxHttp2Stream:0.3616666666666667
Http2ClientStream:0.2833333333333333
