ScriptSortBuilder:0.5
SortBuilders:0.36666666666666664
SearchSourceBuilderTests:0.18
SimpleSortTests:0.15666666666666668
ScriptSortParser:0.15
GroovyScriptTests:0.12666666666666668
TopHitsTests:0.12
ScriptSortBuilderTests:0.09333333333333334
