DBObjectSerializer:0.6066666666666667
DB:0.5833333333333334
CollectibleDBObjectSerializer:0.19
