ClassUtils:0.44
RedissonReference:0.30333333333333334
RedissonLiveObjectService:0.3
DefaultCodecProvider:0.23666666666666666
RedissonObjectFactory:0.20333333333333334
LiveObjectInterceptor:0.18333333333333332
RedissonObjectBuilder:0.18333333333333332
AccessorInterceptor:0.16666666666666666
Introspectior:0.14666666666666667
MyCustomer:0.13333333333333333
RedissonLiveObjectServiceTest:0.08666666666666667
Animal:0.07333333333333333
MyObjectWithList:0.01
Dog:0.0
