Node:0.44666666666666666
Timer:0.3433333333333333
ConfigurationDialog:0.29333333333333333
TaskState:0.23
NodeFigure:0.19
CreateTransitionFeature:0.185
Entry:0.16277777777777777
FormulaCellEditorProvider:0.15666666666666668
CreateDragAndDropNodeFeature:0.14333333333333334
ForkJoinFigure:0.14333333333333334
TaskStateFigure:0.14333333333333334
TransitionCreateCommand:0.13
GefEntry:0.1288888888888889
BotTaskUtils:0.10277777777777779
GraphitiEntry:0.08
ReceiveMessageNode:0.04
