Notifications:0.76
MiniAppRackView:0.2744444444444445
AbstractElementField:0.24333333333333335
AttachmentArtifactRender:0.17666666666666667
ScriptQueryExecutorImpl:0.16333333333333333
MaterialBean:0.16333333333333333
AttachmentArtifactUploader:0.15
PortBean:0.13333333333333333
MiniAppRackSelector:0.11333333333333333
MiniAppPhysicalPath:0.11333333333333333
