FileModuleImpl:0.49333333333333335
AbstractEntryProcessor:0.49
DefaultFileFolderCoreProcessor:0.3466666666666667
