Aggregator:0.5133333333333333
DateHistogramAggregatorBuilder:0.27
SubAggCollectionModeTests:0.2633333333333333
PercentilesMethodTests:0.2633333333333333
PercentileRanksAggregatorBuilder:0.23916666666666667
PercentilesAggregatorBuilder:0.23916666666666667
CollectorResult:0.23666666666666666
ProfileResult:0.23666666666666666
SearchShardTarget:0.23194444444444448
ProfileShardResult:0.2
DateHistogramInterval:0.17666666666666667
InternalProfileShardResults:0.10666666666666667
