EditBlogPermissionsPlugin:0.5133333333333333
EditBlogAuthorizationPlugin:0.43333333333333335
BlojsomRenderTool:0.258
VelocityDispatcher:0.24
DatabaseAuthorizationProvider:0.15
AuthorizationProvider:0.13833333333333334
