TermSuggester:0.38
PhraseSuggestParser:0.24333333333333335
TermSuggestParser:0.13666666666666666
PhraseSuggester:0.013333333333333334
