DirRecord:0.8266666666666667
DirBuilderFactory:0.6433333333333333
DirBuilderImpl:0.31666666666666665
