Context:0.7968253968253968
ReadOnlyContext:0.6866666666666666
WritableContext:0.29333333333333333
