Variant:0.5333333333333333
AbstractBasicEntity:0.4533333333333333
