AuthenticationSystemSupport:0.5167222222222222
AuthenticationException:0.35
GenerateServiceTicketAction:0.29
HazelcastInstanceConfiguration:0.20333333333333334
GenerateServiceTicketActionTests:0.19666666666666666
DefaultAuthenticationSystemSupport:0.17333333333333334
AbstractCentralAuthenticationServiceTests:0.10666666666666667
