EventBus:0.6333333333333333
EventBusMultithreadedTest:0.30333333333333334
PostViaHandler:0.27
BackgroundPoster:0.16344444444444448
