Shape:0.5222222222222221
DisposableDispenser:0.4766666666666667
BasicEvent:0.36666666666666664
