Flyway:0.6833333333333333
Migration:0.4633333333333333
MetaDataTable:0.24666666666666667
StringUtils:0.24333333333333335
AbstractFlywayMojo:0.10333333333333333
MigrateMojo:0.09666666666666666
DbMigrator:0.09
CleanMojo:0.08
StatusMojo:0.08
MigrationTestCase:0.06333333333333334
StringUtilsSmallTest:0.03333333333333333
MigrationRowMapper:0.016666666666666666
