GetProviderCommand:0.38666666666666666
RecordingBinder:0.35333333333333333
CommandRecorderTest:0.31333333333333335
CommandReplayer:0.25
CommandRecorder:0.24
InjectorBuilder:0.21333333333333335
GetProviderProcessor:0.16333333333333333
CommandRewriteTest:0.13
Guice:0.12666666666666668
InterceptingInjectorBuilder:0.08333333333333333
CommandReplayerTest:0.08333333333333333
