RetrofitFragment:0.3566666666666667
PseudoCacheConcatFragment:0.3566666666666667
PseudoCacheMergeFragment:0.3566666666666667
RetrofitAsyncTaskDeathFragment:0.25333333333333335
