TypeHandlerRegistry:0.52
MappedStatement:0.3233333333333333
ResultSetWrapper:0.26
DefaultObjectFactory:0.19333333333333333
StrictMap:0.19333333333333333
XMLIncludeTransformer:0.15
ContextMap:0.15
