SBMLEditor:0.4277777777777778
SBMLResource:0.3333333333333333
Activator:0.24
SBMLResourcePropertySource:0.09083333333333334
