SimpleCitation:0.38666666666666666
PJFactory:0.38666666666666666
PJOperation:0.38333333333333336
PJIdentifier:0.3433333333333333
Operation:0.27666666666666667
