SystemLogPluginTest:0.6466666666666666
AbstractDiagnosticsPluginTest:0.4666666666666667
