Xml:0.5966666666666667
Format:0.26666666666666666
IllegalParamsException:0.11666666666666667
