QueryState:0.5033333333333333
QueryStateMultiScale:0.4866666666666667
QueryStateMultiScaleException:0.1325
