PollerBackEndIntegrationTest:0.7036666666666667
DefaultPollerSettings:0.29
PollerFrontEndIntegrationTest:0.28
PollerTest:0.12333333333333334
