PainlessParserVisitor:0.5366666666666666
PainlessParserBaseVisitor:0.44
PainlessParser:0.43
FuncrefContext:0.3333333333333333
FunctionRefTests:0.29333333333333333
Walker:0.2733333333333333
ArrayTests:0.25333333333333335
Version:0.22666666666666666
SFunction:0.18
EChain:0.125
CapturingFuncrefContext:0.061111111111111116
ConstructorFuncrefContext:0.061111111111111116
LocalFuncrefContext:0.061111111111111116
ClassFuncrefContext:0.061111111111111116
