TODHandler:0.8038888888888889
DefaultTODHandler:0.3755555555555556
DefaultExecutionTracker:0.35333333333333333
