Options:0.7433333333333333
EditViewFactory:0.39666666666666667
