EnumParserTest:0.5033333333333333
EnumFieldTest:0.5033333333333333
Issue1293:0.2733333333333333
