ShadowIntent:0.5566666666666666
RobolectricPackageManager:0.41
IntentTest:0.29333333333333333
ShadowPendingIntent:0.20577777777777778
PendingIntentTest:0.1
TestCharSequence:0.04666666666666667
