Executer:0.48333333333333334
CDRecordService:0.37666666666666665
MediaCreationMgtScpService:0.37
MakeIsoImageService:0.33666666666666667
FilesetBuilder:0.16
