View:0.5433333333333333
MetaMember:0.49761904761904757
