FormalTypes:0.55
FoundationSym:0.3333333333333333
InvocationSym:0.3333333333333333
ModuleHypothesisSym:0.3311111111111111
TranslationSym:0.2966666666666667
CodeSym:0.2619444444444444
RuleFilterManager:0.26
ParamSym:0.25
ModuleReadOnlySym:0.24
LocalVar:0.2325
LoopSym:0.21527777777777782
MethodSym:0.20666666666666667
InstructionSym:0.20194444444444443
PathSym:0.20194444444444443
MethodInstanceSym:0.19666666666666666
GateSym:0.19527777777777777
InstructionNameSym:0.18666666666666668
GenericMethodNameSym:0.18666666666666668
OpVar:0.17233333333333334
OpStack:0.17233333333333334
BinderHeap:0.16666666666666666
BinderStat:0.16666666666666666
SymbolHashTyping:0.16666666666666666
MethodEntrySymReq:0.14
StringReq:0.14
AlphaSymReq:0.14
BinderFrame:0.14
UconSymReq:0.14
InequationSymReq:0.14
EquationSymReq:0.14
BinderStack:0.14
ResolvedInvocationNameSym:0.14
ConjunctionSymReq:0.14
ModuleHypothesisSymReq:0.12
UserInvocationSymReq:0.12
ParamSymReq:0.12
LoopInvocationSymReq:0.12
MethodInvocationSymReq:0.12
ModuleInvocationSymReq:0.12
RuleGenerator:0.11
HeapObjectSymReq:0.1
GateSymReq:0.1
InvocationSymReq:0.1
ModuleReadOnlySymReq:0.1
PathSymReq:0.1
BaseStack:0.1
StringValue:0.1
InstructionNameReq:0.1
ClassNameSymbolReq:0.1
TranslationSymReq:0.1
InvocationNameSymbolReq:0.1
MethodInstanceSymReq:0.1
MethodSymType:0.1
HeapItemSymReq:0.1
LocalVarReq:0.1
HeapReq:0.1
StatItemSymReq:0.1
OpVarReq:0.1
GenericMethodNameSymReq:0.1
FrameReq:0.1
UconReq:0.1
FunctionReq:0.1
StackReq:0.1
CodeSymReq:0.1
InstanceManagerProxySymReq:0.1
InstructionSymReq:0.1
LoopSymReq:0.1
InstanceManagerProxySym:0.08666666666666667
OpSym:0.08
HeapItemSym:0.08
StatItemSym:0.08
HeapObjectSym:0.08
BaseInvariantAgentProxySym:0.04972222222222222
FoundationSymReq:0.023333333333333334
