EnumField:0.55
ClassGen:0.4855555555555555
EnumVisitor:0.18511111111111112
