AdminPreferencesData:0.3933333333333333
ApprovalData:0.3433333333333333
EjbcaWSHelper:0.25083333333333335
XKMSUtil:0.25
StressTestCommand:0.1975
CaSessionBean:0.19333333333333333
ProtocolScepHttpTest:0.19333333333333333
UnidFnrHandler:0.19333333333333333
OcspMonitoringToolTest:0.16333333333333333
CaImportCRLCommand:0.16333333333333333
EjbcaAuditorSessionBean:0.13
XKMSEncTest:0.11
MapToStringConverter:0.11
AuditExporterXmlTest:0.09
