ComponentFinder:0.6966666666666667
Script:0.5633333333333334
ComponentReference:0.49333333333333335
DefaultComponentFinder:0.41333333333333333
DefaultComponentFinderTest:0.24
ComponentTestFixture:0.22666666666666666
ScriptTest:0.21666666666666667
StepRunner:0.19
ComponentReferenceTest:0.11333333333333333
Tags:0.07
InvisibleApplet:0.03333333333333333
InvisibleShowingFrame:0.018333333333333333
