ColumnIdent:0.5433333333333333
DDLIntegrationTest:0.34
InnerTableElementsAnalyzer:0.31666666666666665
AnalyzedColumnDefinition:0.29
AbstractInsertAnalyzer:0.20666666666666667
InvalidColumnNameException:0.20666666666666667
CopyIntegrationTest:0.20333333333333334
InsertFromValuesAnalyzerTest:0.19666666666666666
TransportShardUpsertAction:0.19666666666666666
ExpressionToColumnIdentVisitor:0.18833333333333332
TransportShardUpsertActionTest:0.18666666666666668
ValueNormalizer:0.185
ObjectColumnTest:0.17333333333333334
AlterTableAddColumnAnalyzerTest:0.16
ValueNormalizerTest:0.15333333333333332
ExpressionToColumnIdentVisitorTest:0.14333333333333334
CreateAlterTableStatementAnalyzerTest:0.13666666666666666
ColumnIdentTest:0.043333333333333335
