TableMetadata:0.5744444444444444
TestFileBackupStore:0.3722222222222222
TestOrcFileRewriter:0.35333333333333333
