Py:0.6333333333333333
PyJavaClass:0.39
ThreadState:0.36311111111111116
PyInstance:0.31333333333333335
PyClass:0.25
PyJavaInstance:0.2
PyReflectedConstructor:0.19
JavaMaker:0.09
