FunctionListBuilder:0.5966666666666667
FunctionRegistry:0.39
FunctionAssertions:0.24333333333333335
AbstractTestFunctions:0.17
TestFunctionRegistry:0.16
TeradataFunctionsPlugin:0.14
TeradataFunctionFactory:0.13666666666666666
MongoFunctionFactory:0.13666666666666666
TestCountNullAggregation:0.12333333333333334
MongoPlugin:0.11
MLFunctionFactory:0.08333333333333333
