MDLV3000Reader:0.9366666666666666
MDLRXNV3000Reader:0.3061111111111111
