ProjectService:0.7122222222222222
ProjectServiceImpl:0.5396666666666666
