DataType:0.8633333333333333
DefaultDataType:0.53
Val:0.37666666666666665
ConvertedDataType:0.20222222222222222
MetaDataTests:0.12333333333333334
