ItemOrientedStep:0.57
CompositeStepListenerTests:0.31666666666666665
ItemOrientedStepTests:0.22333333333333333
CompositeStepListener:0.21194444444444446
CompositeJobListenerTests:0.18666666666666668
CompositeJobListener:0.16361111111111112
SimpleStreamManagerTests:0.11
ListenerMulticaster:0.04
CompositeItemStream:0.01
