AbstractRecorderFixture:0.7443333333333333
InternalFrameWatcher:0.41788888888888887
