MInvoice:0.7033333333333334
MOrder:0.6633333333333333
