XMLWidget:0.8133333333333334
ServerXMLWidget:0.3977777777777778
