Iterator:0.49833333333333335
Seq:0.24333333333333335
Tree:0.22
Arbitrary:0.21333333333333335
Lazy:0.20666666666666667
Gen:0.2
RightProjection:0.19666666666666666
LeftProjection:0.19666666666666666
Set:0.18666666666666668
Option:0.18333333333333332
Try:0.18333333333333332
Future:0.18
MatchMonad:0.16333333333333333
Map:0.14333333333333334
