Settings:0.5833333333333334
Writer:0.55
FrameWriter:0.3188888888888889
Reader:0.31333333333333335
InFrame:0.245
Main:0.24333333333333335
SpdyConnection:0.22333333333333333
SettingsTest:0.14666666666666667
HpackDecodeTestBase:0.14666666666666667
Http2ConnectionTest:0.12333333333333334
HpackRoundTripTest:0.01
