UserNotificationMappingQuery:0.5533333333333333
UserNotificationDaoTest:0.42333333333333334
UserNotificationSaveOrUpdate:0.4066666666666667
