CollectionUtils:0.35
HttpClientProperties:0.3433333333333333
WebUtils:0.34222222222222226
SimpleUrlValidatorFactoryBean:0.29555555555555557
PrivateKeyFactoryBean:0.19666666666666666
CasCoreWebConfiguration:0.19666666666666666
DefaultSingleLogoutServiceLogoutUrlBuilderTests:0.13666666666666666
CommunicationsManager:0.13333333333333333
SimpleUrlValidatorFactoryBeanTests:0.043333333333333335
