JMXWrapperListener:0.5495555555555557
AbstractNodeContext:0.5466666666666666
JMXConnectionWrapper:0.35
WaitInitialBundleState:0.19
