ArticleMgmtService:0.6322222222222222
CommentMgmtService:0.4633333333333333
SearchMgmtService:0.25833333333333336
