LogSession:0.37333333333333335
DistinguishedName:0.3466666666666667
CommonEjbcaWS:0.33666666666666667
CAAuthorization:0.27666666666666667
HardTokenView:0.24666666666666667
CertificateProfileTest:0.24666666666666667
LogInterfaceBean:0.24
AuthorizationSessionTest:0.22666666666666666
CertificateStoreSession:0.20583333333333334
EditPublisherJSPHelper:0.19666666666666666
AuthorizationSessionBean:0.17
Authorizer:0.15333333333333332
BaseManagedBean:0.12333333333333334
EditHardTokenProfileJSPHelper:0.11
