Utils:0.5233333333333333
LocalClassMetadataLightImpl:0.43
LocalClassMetadataImpl:0.38333333333333336
