RuntimeObject:0.6733333333333333
ObjectInitParentStep:0.32
ObjectInitPopStep:0.22666666666666666
ModeChangeStep:0.14
