Shape:0.53
Multiplicity:0.5266666666666666
Parameters:0.38666666666666666
Materialisation:0.2733333333333333
Abstraction:0.22666666666666666
GraphNeighEquiv:0.21333333333333335
TestMatching:0.18
TestMaterialisation:0.16
TestMultiplicity:0.16
TestShape:0.12666666666666668
TestGraphNeighEquiv:0.11
ShapeNeighEquiv:0.10333333333333333
