QuickFormVariabliesToDisplayWizardPage:0.7433333333333333
QuickFormVariabliesToDisplayWizard:0.49833333333333335
