TestFullApplicationContext:0.6744444444444445
HazelcastNamespaceHandler:0.4533333333333333
TestClientApplicationContext:0.21333333333333335
