NeuralNetConfiguration:0.8633333333333333
MultiLayerConfiguration:0.35333333333333333
Builder:0.25333333333333335
MultiLayerNeuralNetConfigurationTest:0.23333333333333334
Dl4jReflection:0.22
IterationGradientDescent:0.21333333333333335
