AdminServerAutoConfiguration:0.42333333333333334
QueryIndexEndpointStrategyTest:0.33666666666666667
InstanceRegistryTest:0.19666666666666666
LetsChatNotifierTest:0.19
StatusUpdaterTest:0.18666666666666668
InstanceDiscoveryListenerTest:0.16666666666666666
AdminServerWebConfigurationTest:0.15
InstanceEventPublisher:0.13666666666666666
InstanceWebClientTest:0.13333333333333333
EndpointDetectorTest:0.11333333333333333
InfoUpdaterTest:0.11
InstancesControllerIntegrationTest:0.09333333333333334
