AriaManager:0.43333333333333335
DownloadSchedulers:0.35
UploadSchedulers:0.35
SingleThreadTask:0.30333333333333334
DownloadUtil:0.2966666666666667
SqlHelper:0.26666666666666666
DownloadTarget:0.26
