HttpConnectorFactory:0.6533333333333333
AbstractHttp2Test:0.2833333333333333
HttpConnectorFactoryTest:0.27666666666666667
