ApplicationEntityManagerImpl:0.5833333333333334
ApplicationEntityManager:0.5333333333333333
MetadataEntityManagerImpl:0.26
Constants:0.12169841269841271
RemoteReportLight:0.12
RemoteReport:0.08333333333333333
ReportResult:0.008981481481481483
