EmbeddedJettyServer:0.3233333333333333
JettyServer:0.31666666666666665
JettyServerTest:0.25
EmbeddedJettyFactory:0.23333333333333334
JettyServerFactory:0.12
