Crop:0.6033333333333334
Farming:0.44166666666666665
