Visitor:0.56
LuceneQueryBuilderTest:0.3333333333333333
LuceneQueryBuilder:0.21
CrateSearchService:0.2
LuceneDocCollector:0.17333333333333334
Context:0.15666666666666668
ShardCollectService:0.09333333333333334
