PosBottomHalf:0.7433333333333333
MouseHandler:0.38
PositionManager:0.24666666666666667
Factory:0.24
