ChemObject:0.5775
FiguerasSSSRFinder:0.3933333333333333
ChemObjectTest:0.37666666666666665
