HPDisplaySet:0.7166666666666667
HangingProtocol:0.62
HPNavigationGroup:0.2966666666666667
HPScrollingGroup:0.20666666666666667
