ShapeBuilder:0.6033333333333334
GeoShapeQueryBuilder:0.42
LineStringBuilder:0.33666666666666667
AbstractQueryTestCase:0.30333333333333334
IndicesModule:0.22333333333333333
GeoShapeQueryParser:0.19577777777777777
GeoShapeQueryBuilderTests:0.16
PolygonBuilderTests:0.14
AbstractShapeBuilderTestCase:0.12
MultiPolygonBuilderTests:0.09666666666666666
