QueryCmd:0.58
RetrieveCmd:0.28
SeriesQueryCmd:0.27666666666666667
PatientQueryCmd:0.2733333333333333
ImageQueryCmd:0.26666666666666666
StudyQueryCmd:0.26
WadoQueryCmd:0.24
QueryPrivateStudiesCmd:0.23
QueryStudiesCmd:0.23
BaseReadCmd:0.21333333333333335
GPWLQueryCmd:0.19333333333333333
MPPSQueryCmd:0.19
GPPPSQueryCmd:0.19
HPQueryCmd:0.18
HPRetrieveCmd:0.18
QuerySeriesCmd:0.15333333333333332
MWLQueryCmd:0.13666666666666666
BaseCmd:0.11333333333333333
