ScaledRAFile:0.43333333333333335
Log:0.34
Logger:0.29
ScaledRAFileNIO:0.2866666666666667
ScaledRAFileSimple:0.2725
ScaledRAFileHybrid:0.27
DataFileCache:0.26666666666666666
ScaledRAFileInJar:0.22666666666666666
RowStoreAVLDisk:0.22
StatementCommand:0.20111111111111113
DataFileCacheSession:0.18333333333333332
