CaTestUtils:0.5533333333333333
CaSessionTest:0.3466666666666667
PKCS11TestRunner:0.2866666666666667
CaSessionTestBase:0.2733333333333333
CaPKCS11SessionTest:0.16333333333333333
