DefaultCentralAuthenticationService:0.34
DefaultProxyTicketFactory:0.20333333333333334
DefaultProxyGrantingTicketFactory:0.20333333333333334
CasCoreConfigurationWatchConfiguration:0.15333333333333332
ComposableFunction:0.1162777777777778
ProxyTicketFactory:0.09853968253968254
ProxyGrantingTicketFactory:0.09853968253968254
