UpdateAnalyzerTest:0.39666666666666667
EqOperator:0.27305555555555555
SymbolVisitors:0.21738888888888888
DummyRelation:0.19361111111111112
T3:0.011111111111111112
