JobRepository:0.7611111111111112
JobRegistryBackgroundJobRunner:0.37333333333333335
SimpleJobRepositoryIntegrationTests:0.23
JobRepositorySupport:0.19
ClassPathXmlApplicationContextFactoryTests:0.18333333333333332
StepExecutionMessageHandler:0.17
ResourceXmlApplicationContext:0.15333333333333332
SimpleJobRepository:0.15
ClassPathXmlApplicationContextFactory:0.14333333333333334
SimpleJob:0.14
ClassPathXmlJobRegistry:0.09666666666666666
ChunkOrientedStepIntegrationTests:0.09
