XAService:0.65
XAResourceImpl:0.5266666666666666
XATransactionCreateMessageTask:0.35333333333333333
ClientXATest:0.16666666666666666
