ImageLoader:0.41
ModelAndGradient:0.3233333333333333
FilterRenderer:0.31666666666666665
PlotFiltersIterationListener:0.28
ListenerTest:0.19
RenderTest:0.18
TestSparkMultiLayer:0.14333333333333334
RendersResource:0.10666666666666667
TestSparkLayer:0.1
HistogramIterationListener:0.09333333333333334
