Observable:0.7333333333333333
Date:0.33666666666666667
TermStructure:0.28
StochasticProcess:0.2633333333333333
EuropeanOptionTest:0.21666666666666667
LazyObject:0.20666666666666667
GenericEngine:0.20666666666666667
DefaultObservable:0.17
Handle:0.15666666666666668
Event:0.07666666666666666
Quote:0.054444444444444455
Flag:0.05333333333333334
QuotesTest:0.04
Stock:0.0
