AtmosphereFramework:0.525
AtmosphereResourceImpl:0.5166666666666667
WeblogicWebSocketHandler:0.22666666666666666
MeteorServlet:0.17666666666666667
AnnotationUtil:0.17666666666666667
