DriverConductor:0.4166666666666667
PublicationImage:0.35333333333333333
IpcPublication:0.35
NetworkPublication:0.33666666666666667
IpcSubscriptionLink:0.26666666666666666
SubscriptionLink:0.24
NetworkSubscriptionLink:0.17777777777777776
SpySubscriptionLink:0.16
DriverConductorTest:0.15
