DomNode:0.5033333333333333
SimpleWebTestCase:0.2966666666666667
ProxyAutoConfig:0.27
AttributesTest:0.21666666666666667
GAETestRunner:0.20333333333333334
