Binding:0.4
Location:0.3933333333333333
Template:0.35
Assignment:0.29
CtrlHelper:0.2733333333333333
CtrlTransition:0.25333333333333335
Automaton:0.24833333333333332
TemplateBuildTest:0.23
Step:0.21333333333333335
TemplateBuilder:0.2
AutomatonBuildTest:0.14333333333333334
