Metadata:0.7777777777777778
FunctionInfo:0.5033333333333333
TestingMetadata:0.42
DatabaseMetadata:0.30333333333333334
SessionMetadata:0.17666666666666667
