Mission:0.59
TransportMission:0.29
PrivateerMission:0.24333333333333335
IndianBringGiftMission:0.21555555555555558
IndianDemandMission:0.20333333333333334
IdleAtColonyMission:0.17
UnitWanderHostileMission:0.12333333333333334
UnitWanderMission:0.12333333333333334
