PainlessParser:0.45
PainlessParserVisitor:0.37416666666666665
SFunction:0.3433333333333333
Walker:0.2966666666666667
ArrayTests:0.25333333333333335
PainlessParserBaseVisitor:0.25333333333333335
WhenThingsGoWrongTests:0.24666666666666667
PainlessLexer:0.24
SSource:0.18333333333333332
ErrorHandlingLexer:0.15
Locals:0.15
WriterConstants:0.14333333333333334
Constant:0.09555555555555555
RegexContext:0.043333333333333335
