MppsToMwlLinkLocal:0.4387619047619048
ContentEditService:0.38666666666666666
ModalityWorklistBean:0.34
StudyListBean:0.34
DicomEditBean:0.29
MWLItemModel:0.2833333333333333
ContentEditDelegate:0.2446666666666667
PopupLink:0.15333333333333332
MppsToMwlLinkBean:0.06
