SmilesParser:0.5466666666666666
SmilesParserTest:0.5333333333333333
