OrdinalsBuilder:0.7833333333333333
PagedBytesIndexFieldData:0.2733333333333333
