Network:0.6933333333333334
Channel:0.6166666666666667
XMLSAXParser:0.22666666666666666
AbstractPropertyClient:0.19
ServerWrapperNetworkTest:0.14
ServerWrapperNetwork2Test:0.14
ServerWrapperNetwork3Test:0.07333333333333333
NetworkHandler2Test:0.02666666666666667
