HtmlElement:0.48333333333333334
HtmlInput:0.26166666666666666
HtmlImage:0.24222222222222223
BaseFrameElement:0.24222222222222223
HtmlScript:0.22944444444444448
HtmlImageInput2Test:0.20666666666666667
HTMLInputElement:0.18
HtmlFrame2Test:0.05333333333333334
