BinderModule:0.83
SearchUtils:0.37333333333333335
GwtViewHelper:0.27
ContainerResource:0.25333333333333335
BinderModuleImpl:0.21333333333333335
AbstractBinderResource:0.20333333333333334
