FindFile:0.6666666666666666
FindFile2Test:0.26666666666666666
FindFileTest:0.22666666666666666
FindFileException:0.2088888888888889
ClassFinder:0.18333333333333332
HtmlStaplerBundlesManager:0.17666666666666667
DecoraParserTest:0.14555555555555558
