UnitManager:0.665
SettlementWindow:0.36833333333333335
ManufactureGoodMeta:0.36833333333333335
