ReflectUtils:0.7066666666666667
Generator:0.41
Mixin:0.2966666666666667
EnhancerEmitter:0.26
TestMixin:0.25666666666666665
DBean1:0.17333333333333334
Route:0.15
MixinKey:0.1162777777777778
