DatabaseInfo:0.5746666666666667
DatabaseWriter:0.43666666666666665
PostgreSqlDdlBuilder:0.26
PostgreSqlJdbcSqlTemplate:0.20333333333333334
