PublicationImage:0.38666666666666666
SendChannelEndpoint:0.3744444444444444
ReceiveChannelEndpoint:0.3641666666666667
DriverConductor:0.34
SubscriptionLink:0.33666666666666667
DriverConductorTest:0.31333333333333335
ReceiverTest:0.13666666666666666
RawLogFactory:0.09111111111111111
