FakeView:0.43555555555555564
FakeActivity:0.4033333333333333
FakeContextWrapper:0.3466666666666667
