DeterministicStructureElucidationJob:0.7752777777777778
ICASEJob:0.6827777777777778
SJSCheckWizardPage:0.35
StochasticStructureElucidationJob:0.33
