Products3WithGroupTest:0.2866666666666667
Products3Test:0.19666666666666666
FamiliesListOnlyTest:0.14
Products3ChangeActionsOnSearchTest:0.14
Products3WithDescriptionsListTest:0.14
DescriptionTest:0.14
FamiliesTest:0.13
FamiliesWithInheritanceControllerTest:0.10333333333333333
