DatastreamBindingTableModel:0.6666666666666666
DatastreamBindingPane:0.37
SingleKeyBindingPanel:0.32666666666666666
