XMLType:0.5433333333333333
DefaultARINCUtils:0.34
DFHandler_MapsTest:0.33
ARINCComUtils:0.28587301587301583
Converter:0.27
AbstractWidgetFactory:0.23333333333333334
