BroadcasterListener:0.6205555555555555
DefaultBroadcaster:0.5466666666666666
BroadcasterFactory:0.4033333333333333
BroadcasterFuture:0.39666666666666667
MetaBroadcasterTest:0.23
DefaultBroadcasterFactory:0.19
BroadcasterTest:0.06333333333333334
CompleteListener:0.016666666666666666
