X509CA:0.6133333333333333
X509CAInfo:0.5866666666666667
CAAdminSessionBean:0.29833333333333334
TestCAs:0.16666666666666666
CaInitCommand:0.13666666666666666
