MetaData:0.5533333333333333
Request:0.39
OpenIndexRequest:0.31333333333333335
CloseIndexRequest:0.31333333333333335
MetaDataStateIndexService:0.31
AbstractIndicesAdminClient:0.2833333333333333
AbstractNodesTests:0.26
MetaDataTests:0.12333333333333334
TransportDeleteIndexAction:0.12333333333333334
CloseIndexRequestBuilder:0.09666666666666666
TransportCloseIndexAction:0.09666666666666666
OpenIndexRequestBuilder:0.09666666666666666
TransportOpenIndexAction:0.08
RestCloseIndexAction:0.0225
RestOpenIndexAction:0.0225
