Wallet:0.54
Transaction:0.4666666666666667
WalletTool:0.2644444444444445
WalletTest:0.24666666666666667
