AdtRecord:0.5133333333333333
AdtJdbcConnection:0.39666666666666667
AdtRecordBean:0.2966666666666667
Verify:0.14666666666666667
