DrawProperties:0.64
JbpmDefinitionLogic:0.35
GraphConverter:0.30333333333333334
AbstractFigure:0.2733333333333333
JbpmCommonLogic:0.25833333333333336
GraphImage:0.2
JbpmExecutionLogic:0.18333333333333332
StateFigure:0.17833333333333334
EndStateFigure:0.13666666666666666
DecisionFigure:0.10333333333333333
TransitionFigure:0.05966666666666666
ProcessStateFigure:0.03666666666666667
