Attribute:0.5466666666666666
TableEditor:0.28
DomainEditor:0.24333333333333335
ERDesignerBundle:0.205
CompleteCompareEditor:0.19666666666666666
AttributeList:0.14333333333333334
TableList:0.12
DomainTest:0.10333333333333333
DomainList:0.09
