VariableUtils:0.4033333333333333
Operation:0.39
Variable:0.38666666666666666
GroovyTypeSupport:0.2866666666666667
UpdateVariableNameDialog:0.22666666666666666
WYSIWYGHTMLEditor:0.21666666666666667
ValidatorDefinitionRegistry:0.21611111111111114
UpdateVariableDialog:0.21333333333333335
ParamDefConfig:0.20366666666666666
FieldValidatorsWizardPage:0.19
GroovyEditorDialog:0.19
DefaultValidatorInfoControl:0.18666666666666668
UpdateSwimlaneNameDialog:0.18333333333333332
VariableEditorPage:0.18
BackCompatibilityUtils:0.15666666666666668
ValidatorWizard:0.15288888888888888
EmailConfigWizardPage:0.15
GroovyParamsComposite:0.14666666666666667
PortabilityRefactoring:0.13
NotEq:0.12666666666666668
Eq:0.12666666666666668
VariablesXmlContentProvider:0.12333333333333334
GlobalValidatorsWizardPage:0.12
GroovyActionHandlerProvider:0.08666666666666667
BotTaskLinkParametersRenameProvider:0.08
RenameVariableSelectionListener:0.06666666666666667
CreateVariableSelectionListener:0.056666666666666664
GroovyDecisionProvider:0.05305555555555556
SwimlanePresentation:0.05
MessageRenameProvider:0.043333333333333335
GroovyValidationModel:0.043333333333333335
LoggingHyperlinkAdapter:0.0425
ConfigurationDialog:0.03666666666666667
ChangeVariableSelectionListener:0.03666666666666667
TimedPresentation:0.03666666666666667
GroovyDecisionModel:0.03333333333333333
BotTaskConfigRenameProvider:0.03333333333333333
SubprocessPresentation:0.03333333333333333
FormNodePresentation:0.03333333333333333
TimerPresentation:0.03333333333333333
LoggingModifyTextAdapter:0.03
LoggingSelectionChangedAdapter:0.03
CopyVariableSelectionListener:0.03
MoveVariableSelectionListener:0.02666666666666667
DelegablePresentation:0.02666666666666667
VariableRenameProvider:0.02
RemoveVariableSelectionListener:0.016666666666666666
PasteVariableSelectionListener:0.016666666666666666
SearchVariableUsageSelectionListener:0.006666666666666667
RenameSwimlaneSelectionListener:0.0033333333333333335
