BinderProcessor:0.5599444444444444
AbstractFolderModule:0.45666666666666667
FileModuleImpl:0.45666666666666667
AbstractBinderProcessor:0.39
DefaultTemplateCoreProcessor:0.3
DefaultProfileCoreProcessor:0.19
