MergeStats:0.48
IndexStatsTests:0.25333333333333335
TrackingConcurrentMergeScheduler:0.25
ConcurrentMergeSchedulerProvider:0.16777777777777778
Fields:0.14622222222222223
UpdateSettingsTests:0.12666666666666668
