GEFFigureTester:0.6777777777777778
GEFFinderImpl:0.3566666666666667
