ArraysJsonSerializer:0.4
ObjectJsonSerializer:0.07666666666666666
MapJsonSerializer:0.07666666666666666
IterableJsonSerializer:0.07666666666666666
