FormulaActionHandlerOperations:0.49666666666666665
FormulaActionHandler:0.4666666666666667
FileFormat:0.17333333333333334
BooleanFormat:0.043333333333333335
BigDecimalFormat:0.043333333333333335
StringFormat:0.043333333333333335
LongFormat:0.043333333333333335
MapFormat:0.043333333333333335
DoubleFormat:0.043333333333333335
GroupFormat:0.04
ActorFormat:0.04
ListFormat:0.04
ExecutorFormat:0.04
AbstractDateFormat:0.04
VariableFormat:0.04
