Character:0.49333333333333335
Double:0.37
Integer:0.30333333333333334
Byte:0.29766666666666663
Long:0.29333333333333333
Float:0.216
Formatter:0.20083333333333334
