PartitionRecordStore:0.36666666666666664
DataMapProxy:0.35
ObjectMapProxy:0.35
BasicTest:0.30333333333333334
TryRemoveOperation:0.2833333333333333
MapProxySupport:0.23666666666666666
RecordStore:0.19416666666666665
