ScriptPanel:0.43666666666666665
ScriptErrorPane:0.38333333333333336
UAScriptManager:0.33666666666666667
GroovyScript:0.3044444444444444
XULPanel:0.24666666666666667
JSScriptPanel:0.23333333333333334
ScriptPlugin:0.19666666666666666
PluginScriptPanel:0.15333333333333332
