SysOperationsTableInfo:0.41333333333333333
SysSchemaInfo:0.4066666666666667
SysTableDefinitions:0.19
Columns:0.014444444444444444
