Qedeq2Latex:0.5533333333333333
KernelContext:0.4766666666666667
DefaultInternalKernelServices:0.4666666666666667
PluginBo:0.25144444444444447
Qedeq2LatexPlugin:0.23333333333333334
KernelServices:0.13916666666666666
PluginState:0.08666666666666667
PluginManager:0.08266666666666667
