Mvcs:0.6866666666666666
Cnd:0.44333333333333336
NutSessionListener:0.265
DaoSupport:0.25666666666666665
ModuleProcessor:0.20333333333333334
