StandardMemoryAccessor:0.48
ConcurrentMemoryAccessor:0.4096666666666667
MemoryAccessor:0.37133333333333335
AlignmentUtil:0.2633333333333333
GlobalMemoryAccessor:0.19416666666666665
AlignmentAwareMemoryAccessor:0.06666666666666667
