AccessPathNullnessPropagation:0.5866666666666667
AccessPath:0.4866666666666667
NullAwayNegativeCases:0.30333333333333334
LibraryModelsHandler:0.16666666666666666
