EditBlogEntriesPlugin:0.25666666666666665
EditBlogUsersPlugin:0.25666666666666665
EditBlogTemplatesPlugin:0.15666666666666668
EditBlogPropertiesPlugin:0.14
EditBlogCategoriesPlugin:0.14
