ActivityProcessor:0.48333333333333334
Pointtransfer:0.45
PointtransferQueryService:0.27666666666666667
ActivityMgmtService:0.10333333333333333
