Symbol:0.5933333333333334
Rewriter:0.4
UnionNode:0.35777777777777775
ExpressionUtils:0.17333333333333334
