NBrowseApplet:0.6333333333333333
CommandLine:0.4166666666666667
