MetaData:0.4633333333333333
IndexMetaData:0.39666666666666667
IndexAliasesService:0.3433333333333333
Builder:0.31666666666666665
AliasMetaData:0.23333333333333334
ClusterChangedEvent:0.18333333333333332
MapBuilder:0.17666666666666667
IndicesAliasesRequest:0.17333333333333334
TransportTypesExistsAction:0.15333333333333332
XMaps:0.0961111111111111
StringArray:0.013333333333333334
