WebCfgService:0.4866666666666667
WebCfgDelegate:0.37666666666666665
BaseCfgDelegate:0.34
ExportPage:0.2061111111111111
StudyPermissionsPage:0.20444444444444446
SecureSession:0.1877777777777778
WebLoginContext:0.15333333333333332
