HttpServer:0.7427777777777778
SecurityTests:0.2806666666666667
