ParContentProvider:0.5437222222222222
ProcessEditorBase:0.51
NodeDeleteCommand:0.29333333333333333
TransitionDeleteCommand:0.26
