BSHAllocationExpression:0.28557006
BSHMethodInvocation:0.23937245
BSHPrimarySuffix:0.23218727
SimpleNode:0.23102863
Interpreter:0.13153253
ClassGeneratorUtil:0.09682055
EvalError:0.08485408
CallStack:0.04489156
Parser:0.040750835
Primitive:0.020429766
