BSHFormalParameters:0.5579113
BSHTryStatement:0.27091885
BSHType:0.23470587
SimpleNode:0.17317446
Interpreter:0.06708537
CallStack:0.06378386
Parser:0.043126162
EvalError:0.04249961
