BSHSwitchLabel:0.26297355
SimpleNode:0.09631943
ReturnControl:0.091370545
Interpreter:0.07441432
UtilEvalError:0.046359383
EvalError:0.03172378
Parser:0.031705625
Primitive:0.022526097
CallStack:0.009495881
ParserConstants:0.0011892099
