BSHIfStatement:0.33339044
SimpleNode:0.16843608
EvalError:0.075838715
Interpreter:0.06751835
Parser:0.029330488
CallStack:0.017481735
