Primitive:0.2727399
BSHPrimaryExpression:0.12223458
Interpreter:0.0776131
LHS:0.06734311
Parser:0.055352792
UtilEvalError:0.03635043
SimpleNode:0.029704759
CallStack:0.011408587
EvalError:0.010174088
ParserConstants:0.009227327
InterpreterError:0.0031865619
