BSHTypedVariableDeclaration:0.4947825
BSHArrayInitializer:0.20643227
SimpleNode:0.11671453
BSHType:0.115179904
ClassGeneratorImpl:0.11408927
Interpreter:0.09518937
Parser:0.062390357
EvalError:0.05800369
CallStack:0.030201504
Primitive:0.021204364
