Name:0.1873795
BSHAllocationExpression:0.15293175
NameSpace:0.12645312
