CollectionManager:0.66604567
CollectionIterator:0.19757763
BshIterator:0.048779942
