CodeWriter:0.27435514
Label:0.24794732
