Buffer:0.053319056
BufferIORequest:0.046936348
LineManager:0.044359367
