jEdit:0.087445535
KillRing:0.08702252
Buffer:0.08090437
VFS:0.06785397
HistoryModel:0.06520149
Registers:0.06502164
PluginJAR:0.06339929
ActionSet:0.060266312
BufferHistory:0.059083734
Abbrevs:0.057857953
BufferIORequest:0.055696484
LogViewer:0.05478417
DisplayManager:0.05473231
PerspectiveManager:0.054129906
View:0.05375565
EditServer:0.05201304
BeanShell:0.050457202
GUIUtilities:0.050457016
LineManager:0.04833478
Macros:0.048161633
JEditTextArea:0.04289769
EditBus:0.04288621
MiscUtilities:0.041787297
FileVFS:0.04177826
ServiceManager:0.04118133
VFSManager:0.039378162
JARClassLoader:0.038700372
DockableWindowManager:0.03823684
VFSBrowser:0.037322495
Roster:0.032483637
Java14:0.032204602
WorkThreadPool:0.032125372
FoldHandler:0.031158004
EditAction:0.030388976
KeyEventTranslator:0.02991548
DefaultInputHandler:0.029710276
PluginList:0.027205389
HelpIndex:0.027194194
AllBufferSet:0.027095702
EditPane:0.026828302
WorkThread:0.026386788
SearchAndReplace:0.025987314
GrabKeyDialog:0.02589691
OptionsDialog:0.02547852
TextAreaPainter:0.02457492
Mode:0.02450615
UrlVFS:0.024202785
HelpViewer:0.02407375
BrowserIORequest:0.023792818
EnhancedCheckBoxMenuItem:0.02358578
MacOSPlugin:0.023353789
AppearanceOptionPane:0.02273263
OperatingSystem:0.022410406
BeanShellAction:0.02140243
ServiceListHandler:0.02069204
FileRootsVFS:0.020510897
PluginManager:0.020188514
DirectoryListSet:0.020108491
VFSFileChooserDialog:0.019303482
ErrorListDialog:0.019229563
ModeCatalogHandler:0.019179776
Gutter:0.019028204
VFSDirectoryEntryTableModel:0.0189929
ReadWriteLock:0.018961327
XModeHandler:0.01827891
ToolBarEditDialog:0.018091867
Autosave:0.018042263
PluginListHandler:0.017039672
ChunkCache:0.016468333
BufferPrintable:0.015548189
PluginManagerOptionPane:0.014919001
SearchBar:0.014721679
ActionListHandler:0.014399189
QuickNotepad:0.01390442
Delegate:0.0135972425
UndoManager:0.01354109
FontSelectorDialog:0.013511476
PositionManager:0.013441594
HelpSearchPanel:0.012746929
HelpTOCPanel:0.012390231
RolloverButton:0.012127448
HyperSearchRequest:0.012060819
EBPlugin:0.011286319
PluginsProvider:0.010236104
ExtensionManager:0.010012208
SplashScreen:0.009475843
TipOfTheDay:0.009403983
PluginOptions:0.008062159
BufferPrinter1_4:0.007169787
MirrorListHandler:0.007135223
