jEdit:0.1577517
Delegate:0.105602615
Macros:0.104980774
BufferUpdate:0.05627234
ViewUpdate:0.054302674
GUIUtilities:0.048929755
EBMessage:0.04837155
Log:0.044522304
EBPlugin:0.041210573
MiscUtilities:0.039849505
PropertiesChanged:0.037831638
