MarkersProvider:0.1048858
jEdit:0.07442117
JEditTextArea:0.06867202
Buffer:0.06685927
Gutter:0.06251655
BufferIORequest:0.060939178
