SimpleNode:0.3551843
JJTParserState:0.14434767
BSHTryStatement:0.10823873
Parser:0.055675335
