InstallThread:0.24671331
OperatingSystem:0.18183197
Install:0.059890155
ConsoleProgress:0.027919132
