EBMessage:0.17915532
SearchDialog:0.14770342
SearchAndReplace:0.14737429
EBComponent:0.1310288
View:0.09685669
