MacOSMenu:0.16829145
HistoryModel:0.090160064
FileCellRenderer:0.02969616
jEdit:0.026180241
