MacOSMenu:0.18602514
BufferHistory:0.046495862
GUIUtilities:0.03706858
jEdit:0.02929894
FileCellRenderer:0.02900761
