KeywordMap:0.18126647
TokenMarker:0.077029034
