BeanShellErrorDialog:0.108243324
GUIUtilities:0.07277378
SearchAndReplace:0.060343802
jEdit:0.047336817
EnhancedDialog:0.026167776
MiscUtilities:0.016866423
