SettingsReloader:0.22698371
VFSManager:0.18935993
EBMessage:0.17230979
VFSBrowser:0.16314518
