WorkThread:0.2924483
BufferIORequest:0.113167845
HyperSearchRequest:0.11166386
BrowserIORequest:0.07694506
PluginManagerOptionPane:0.07164466
PluginManager:0.024539603
