CasWebflowConstants:0.8366666666666667
InterruptWebflowConfigurer:0.4533333333333333
AcceptableUsagePolicyWebflowConfigurer:0.33
AbstractMultifactorTrustedDeviceWebflowConfigurer:0.16666666666666666
AbstractCasMultifactorWebflowConfigurer:0.14333333333333334
PasswordManagementWebflowConfigurer:0.14333333333333334
DuoMultifactorWebflowConfigurer:0.12666666666666668
RiskAwareAuthenticationWebflowConfigurer:0.12333333333333334
SurrogateWebflowConfigurer:0.12333333333333334
CasInterruptWebflowConfiguration:0.03
