ChartView:0.43666666666666665
ChartUtils:0.41
ChartManager:0.24
CellSelection:0.18333333333333332
