String2Timestamp:0.29333333333333333
String2SqlDate:0.29333333333333333
String2Datetime:0.29333333333333333
SqlDate2String:0.29333333333333333
Calendar2String:0.29333333333333333
Datetime2String:0.29333333333333333
Timestamp2String:0.29333333333333333
SqlTime2String:0.29333333333333333
String2SqlTime:0.29333333333333333
String2Calendar:0.29333333333333333
