LuceneQueryBuilderTest:0.5066666666666667
IpType:0.3433333333333333
IpColumnReferenceTest:0.2633333333333333
IpTypeTest:0.19805555555555554
DataTypeTesting:0.12666666666666668
