SummaryComparator:0.5066666666666667
LuceneSearcher:0.3466666666666667
LocalizedStringComparable:0.24666666666666667
GetDomain:0.23666666666666666
CatalogSearcher:0.19
LocaleUtil:0.06333333333333334
