JsonPath:0.48
JsonReader:0.35
GsonJsonProvider:0.26
JsonProvider:0.17472222222222222
JacksonJsonProvider:0.16527777777777777
JsonSmartJsonProvider:0.16527777777777777
ParseContext:0.15833333333333333
