BasicEvent:0.5933333333333334
RuleApplication:0.34
RulePar:0.30333333333333334
ValueOracle:0.15666666666666668
