FolderProperties:0.32
GwtTeamingMessages:0.31666666666666665
GwtRpcServiceImpl:0.2633333333333333
EntryProperties:0.24666666666666667
LinkToEntryProperties:0.20111111111111113
LinkToFolderProperties:0.20111111111111113
FindCtrl:0.19611111111111112
