NestedLoopPhase:0.36666666666666664
NestedLoopConsumerTest:0.36333333333333334
ContextPreparer:0.2633333333333333
RightRowReceiver:0.21833333333333332
NestedLoopOperation:0.21666666666666667
ProjectionToProjectorVisitor:0.21333333333333335
InnerPreparer:0.21277777777777776
FilterProjector:0.13333333333333333
NestedLoopPhaseTest:0.06666666666666667
