DependencyInjection:0.7161111111111111
SelectedCountToolbar:0.4533333333333333
SelectedCountToolbarPresenter:0.42333333333333334
ShoppingCartOverviewPresenter:0.22666666666666666
SelectedCountToolbarView:0.07
