Bitmap:0.42
FreeType:0.38333333333333336
EffectPanel:0.37444444444444447
UnicodeFont:0.37
Hiero:0.33
Glyph:0.27666666666666667
Renderer:0.25
GlyphPage:0.20666666666666667
FreeTypeFontGenerator:0.2
FreeTypeBitmapFontData:0.17
FreeTypeFontParameter:0.14666666666666667
BitmapFontTest:0.11333333333333333
BMFontUtil:0.08666666666666667
