BufferTest:0.31666666666666665
ByteStringTest:0.23666666666666666
DeflaterSinkTest:0.21
InflaterSourceTest:0.21
RealBufferedSourceTest:0.18666666666666668
RealBufferedSinkTest:0.17
OkioTest:0.10333333333333333
GzipSinkTest:0.10333333333333333
