TxmHTMLPane:0.69
EditionServiceImpl:0.39666666666666667
EditionPanel:0.31666666666666665
ExecTimer:0.22
TxmParaHTMLPane:0.10666666666666667
