NonZeroStoppingConjugateGradient:0.5916666666666667
NeuralNetworkOptimizer:0.2833333333333333
InputHomogenization:0.20333333333333334
FileSentenceIterator:0.19
CRBMTest:0.16666666666666666
RBMTest:0.12333333333333334
