InternalResourceGroup:0.6105555555555555
ResourceGroupInfo:0.52
TestResourceGroupIntegration:0.31333333333333335
