CAInHierarchy:0.5
CertStoreServletBase:0.4666666666666667
TestCertStoreServlet:0.31666666666666665
StoreServletBase:0.155
MyDataSource:0.14333333333333334
