ClientClusterServiceImpl:0.6511111111111112
ClientIssueTest:0.21333333333333335
