OperationExecutor:0.6859444444444445
SimpleMemberImpl:0.4166666666666667
OperationThread:0.4066666666666667
ClassicOperationExecutor:0.2833333333333333
MemberLeftException:0.22666666666666666
IOUtil:0.21333333333333335
ClassicOperationExecutorTest:0.13333333333333333
