Util:0.4766666666666667
Address:0.44666666666666666
Connection:0.30666666666666664
OkHttpClient:0.2733333333333333
RouteSelector:0.23333333333333334
HttpEngine:0.2175
Call:0.21666666666666667
SslContextBuilder:0.21
RouteSelectorTest:0.20666666666666667
ConnectionPoolTest:0.19666666666666666
CallTest:0.08333333333333333
OkHttpClientTest:0.07333333333333333
