FolderModule:0.86
ModifyEntryController:0.27666666666666667
ViewEntryController:0.27666666666666667
AbstractFolderModule:0.19333333333333333
