DbMigrator:0.38666666666666666
DbSupport:0.23333333333333334
MySQLDbSupport:0.15666666666666668
OracleDbSupport:0.15333333333333332
OracleMediumTest:0.08666666666666667
MySQLMediumTest:0.08666666666666667
