EjbRemoteHelper:0.4866666666666667
CmpServlet:0.28
CmpTcpCommandHandler:0.27
CmpMessageDispatcherSessionBean:0.25
CmpMessageDispatcherSession:0.24046031746031743
CmpMessageDispatcherSessionRemote:0.03333333333333333
CmpMessageDispatcherSessionLocal:0.0
