UIBean:0.5844444444444444
AbstractUITag:0.29
RadioTest:0.23
ComponentTest:0.22
AnchorTest:0.19666666666666666
