SubnetEngine:0.7266666666666667
CreateSubnetFrame:0.18266666666666667
AddIPAddressFrame:0.16666666666666666
