Py:0.7066666666666667
PySystemState:0.5141666666666667
GrammarActions:0.31333333333333335
Options:0.31
exceptions:0.29333333333333333
