AbstractStream:0.41
OkHttpClientStream:0.31333333333333335
NettyClientStreamTest:0.2866666666666667
NettyClientStream:0.2377777777777778
OkHttpClientTransport:0.21333333333333335
AbstractServerStream:0.21333333333333335
