DataHandler:0.8833333333333333
Jython22DataHandler:0.26666666666666666
OracleDataHandler:0.19333333333333333
DataHandlerTest:0.09666666666666666
