XsdBasedSoap11Wsdl4jDefinitionBuilder:0.49
XsdSchemaHelper:0.36333333333333334
XsdBasedSoap11Wsdl4jDefinitionBuilderTest:0.24
AbstractBindingWsdl4jDefinitionBuilder:0.20666666666666667
XsdSchemaHelperTest:0.056666666666666664
