PersonDetailFlowBuilder:0.49333333333333335
SearchPersonFlowBuilder:0.3505555555555555
