Building:0.51
LifeSupport:0.48333333333333334
ThermalSystem:0.43149999999999994
ThermalGeneration:0.28
