FolderModule:0.71
NetFolderHelper:0.66
ResourceDriverModule:0.3403730158730158
ResourceDriverModuleImpl:0.29
GwtNetFolderHelper:0.2325
MirroredFolderSynchronizationController:0.14333333333333334
