XmlDocumentHandler:0.6194444444444445
XmlPositionCorrectionHandler:0.3333333333333333
