Headers:0.32
NettyClientHandler:0.2633333333333333
OkHttpClientTransport:0.26
FrameHandler:0.2227777777777778
CallImpl:0.20666666666666667
NettyClientHandlerTest:0.19666666666666666
NettyClientTransport:0.18666666666666668
Fish:0.17
OkHttpSession:0.15333333333333332
PendingStream:0.13166666666666665
CreateStreamCommand:0.11
OkHttpClientStream:0.08333333333333333
Http2Request:0.07333333333333333
NettyClientTransportFactory:0.06
OkHttpClientTransportFactory:0.056666666666666664
Utils:0.04
MetadataTest:0.02
HeadersInterceptor:0.015833333333333335
