Request:0.6730555555555556
NettyAsyncHttpProvider:0.42
RequestImpl:0.4
RequestBuilderBase:0.25666666666666665
MultipartRequestEntity:0.19333333333333333
