TedSerie:0.6897777777777777
TedIO:0.2833333333333333
UpdatesPanel:0.26666666666666666
TedMainMenuBar:0.2633333333333333
TedTable:0.24666666666666667
AdvancedPanel:0.22666666666666666
TedMainDialog:0.21166666666666667
TedParser:0.20333333333333334
Sorter:0.12333333333333334
