ExampleUtil:0.7383333333333333
RateReporter:0.5725
ReportingFunction:0.3608888888888888
