ERDesignerZestLayoutEntity:0.5705555555555556
ERDesignerJungLayoutEntity:0.4066666666666667
JungLayouter:0.37
ZestLayouter:0.3566666666666667
