Contract:0.49666666666666665
ContractVerifier:0.35
Functor:0.25
EmptyContract:0.16016666666666665
Operand:0.1162777777777778
VarRef:0.09666666666666666
ContractOr:0.04
Const:0.04
ContractAnd:0.04
