SimpleFeatureType:0.2866666666666667
SimpleFeature:0.18833333333333332
AttributeDescriptor:0.13944444444444443
ComplexType:0.0938888888888889
Sequence:0.03
SequenceType:0.0011111111111111111
