FlowExecutionListener:0.6763888888888889
FlowExecutionImpl:0.4266666666666667
FlowExecutionListenerList:0.29333333333333333
FlowRegistryImpl:0.26666666666666666
StateContextImpl:0.20666666666666667
FlowExecutionListenerAdapter:0.14416666666666667
