Catalog:0.5366666666666666
ArchiveConductor:0.35133333333333333
CatalogTest:0.26666666666666666
