IFrameProperties:0.5233333333333333
GwtTeamingMessages:0.31666666666666665
DropWidget:0.28
ConfigData:0.2644444444444445
GwtTeamingImageBundle:0.23666666666666666
IFrameDropWidget:0.22
IFrameConfig:0.18666666666666668
Palette:0.14444444444444446
IFramePaletteItem:0.08666666666666667
IFrameWidgetDlgBox:0.08666666666666667
