PropertiesManager:0.6283333333333333
Maps:0.355
Is:0.31166666666666665
