ComplexType:0.4166666666666667
DataContainer:0.4033333333333333
Type:0.3933333333333333
SettingsHandler:0.39
Constraint:0.24
MapType:0.18333333333333332
SettingsFrameworkTestCase:0.18333333333333332
ModuleAttributeInfo:0.17666666666666667
ValueErrorHandler:0.17333333333333334
CrawlSettingsSAXHandler:0.125
SimpleElementHandler:0.11666666666666667
MapTypeTest:0.11333333333333333
OverrideTest:0.11
SimpleType:0.10444444444444444
RegularExpressionConstraint:0.10333333333333333
XMLSettingsHandlerTest:0.08
LegalValueListConstraint:0.03
