CreateLanguageKeyAction:0.29333333333333333
EditProjectAction:0.29333333333333333
EditWorkflowScriptAction:0.29333333333333333
EditComponentAction:0.29333333333333333
EditUserAction:0.29333333333333333
EditVersionAction:0.16666666666666666
EditPreferencesAction:0.16666666666666666
EditLanguageAction:0.16666666666666666
EditReportAction:0.16666666666666666
EditProjectScriptAction:0.16666666666666666
