EndEntityProfile:0.6333333333333333
ExtendedInformation:0.25333333333333335
CmpPbeVerifyer:0.17666666666666667
GeneralCmpMessage:0.15555555555555556
