JobExecution:0.79
JdbcStepExecutionDao:0.38
JobExecutionDao:0.23644444444444446
JdbcJobExecutionDao:0.22333333333333333
MapJobExecutionDao:0.15
AbstractJobExecutionDaoTests:0.056666666666666664
JdbcExecutionContextDao:0.02
