MetaData:0.59
Custom:0.52
MembershipAction:0.36444444444444446
ZenDiscovery:0.36
CustomMetaData:0.35
ZenDiscoveryIT:0.14333333333333334
MembershipListener:0.14
ValidateJoinRequest:0.09
