DM:0.52
CBOW:0.36333333333333334
ParagraphVectorsTest:0.2966666666666667
