Buffer:0.8633333333333333
BufferImpl:0.44666666666666666
BufferTest:0.15
