CheckedFunction0:0.2
CheckedFunction2:0.2
CheckedFunction7:0.14416666666666667
CheckedFunction8:0.14416666666666667
CheckedFunction1:0.14416666666666667
CheckedFunction3:0.14416666666666667
CheckedFunction4:0.14416666666666667
CheckedFunction5:0.14416666666666667
CheckedFunction6:0.14416666666666667
