WindowManager:0.5957222222222224
GLGraphics2D:0.45666666666666667
MyMouseAdapter:0.3900396825396826
MouseEventUI:0.38333333333333336
AbstractWindowManager:0.32508333333333334
G2DGLImageDrawer:0.2911111111111111
ServerWrapper:0.26
EmbeddedWindowsManager:0.18333333333333332
EmbeddedWindowManager:0.18
MouseAndKeyboardEnum:0.03631746031746032
