ResourceDriverManager:0.5666666666666667
ResourceDriverModule:0.41666666666666663
NetFolderHelper:0.30333333333333334
GwtNetFolderHelper:0.2425
CloudFolderHelper:0.2425
NullResourceDriverManager:0.21333333333333335
ResourceDriverModuleImpl:0.13
FilterControls:0.11
ObjectKeys:0.08
Restrictions:0.06
NotEqCriterion:0.016666666666666666
