Application:0.8366666666666667
AndroidApplication:0.31
LwjglCanvas:0.31
JoglApplication:0.25333333333333335
LwjglApplication:0.19666666666666666
