ScanCodec:0.5433333333333333
RedissonSet:0.31666666666666665
RedissonBaseIterator:0.30333333333333334
CommandAsyncService:0.27666666666666667
RedissonScoredSortedSetReactiveTest:0.2733333333333333
RedissonSetCacheReactiveTest:0.2633333333333333
RedissonSetMultimapValues:0.24333333333333335
RedissonMap:0.22449999999999998
RedissonSetCache:0.22
RedissonScoredSortedSetReactive:0.21666666666666667
RedissonSetReactive:0.21666666666666667
RedissonSetCacheReactive:0.21666666666666667
RedissonMapReactive:0.20666666666666667
RedissonScoredSortedSet:0.20666666666666667
RedissonMapCache:0.20666666666666667
RedissonMultimap:0.20666666666666667
JCache:0.205
RedissonMapCacheReactive:0.19666666666666666
RedissonKeys:0.19
SetReactiveIterator:0.15666666666666668
