PeakCellModifier:0.44666666666666666
PeakTableViewer:0.4033333333333333
