HtmlChoiceWriter:0.7733333333333333
choiceEditor:0.37666666666666665
