DialogHelper:0.7566666666666667
Registry:0.4033333333333333
Workbench:0.37333333333333335
BeanPanel:0.3333333333333333
Report:0.2633333333333333
Del:0.24333333333333335
EditView:0.23311111111111113
AbstractChange:0.20666666666666667
ReportView:0.20333333333333334
PrintTask:0.2
Propagate:0.19333333333333333
Dispatcher:0.1836111111111111
Swivel:0.18333333333333332
PlaceBean:0.18
SearchView:0.18
TogglePrivate:0.16666666666666666
ContextHook:0.16333333333333333
RunExternal:0.16
EditPlugin:0.16
ChoiceBean:0.16
NameBean:0.16
CreateRelationship:0.15333333333333332
ScreenResolutionOption:0.13
Cut:0.13
ActionSave:0.12333333333333334
Add:0.12
Startup:0.11833333333333333
SwitchCalendar:0.11
ActionOptions:0.09
ActionAbout:0.09
ActionBookmark:0.08666666666666667
ActionChooseRoot:0.08666666666666667
ActionInsert:0.08666666666666667
ActionStop:0.08
