FileAccessor:0.6383333333333333
TestFileAccessor:0.48333333333333334
