GeneTable:0.7138888888888889
UpdateGene:0.2733333333333333
