TikaMimeTypeIdentifier:0.37666666666666665
TikaMimeTypeIdentifierTest:0.29
ZipSubCrawlerTest:0.25666666666666665
AbstractArchiverSubCrawler:0.25666666666666665
ZipSubCrawlerEntry:0.19
