Multiplicity:0.58
Equation:0.37666666666666665
ValueRange:0.2966666666666667
Solution:0.22
Materialisation:0.21666666666666667
EquationSystem:0.17666666666666667
TestMaterialisation:0.15666666666666668
EdgeBundle:0.14333333333333334
BranchSolsIterator:0.13666666666666666
TestShapeGenerator:0.10666666666666667
TestShapeIso:0.07333333333333333
SolutionSet:0.0033333333333333335
