BackupAlg:0.48333333333333334
SuperLoopSym:0.43333333333333335
LoopGraph:0.41
SuperLoopData:0.30777777777777776
