IPartialReturner:0.5685714285714286
AbstractManagerMethodDispatcher:0.2633333333333333
JavaScriptManagerMethodDispatcher:0.15666666666666668
TestManager:0.13333333333333333
ReturnCollector:0.06
