SqlBuilder:0.5183333333333333
PostgreSqlBuilder:0.3933333333333333
TestPostgresqlPlatform:0.2697222222222222
