TestCaseDataSet:0.5933333333333334
TaskListBuilder:0.51
ITestCaseDataSet:0.3466666666666667
GetAcceptableTaskBoundConditionsTests:0.08
