ExpressionValue:0.7516666666666667
StackTraceItemGetClassName:0.26666666666666666
StackTraceItemInit:0.18333333333333332
