StatsReport:0.6708333333333333
UpdateFieldsPresentEncoder:0.37
UpdateDecoder:0.36666666666666664
PerParameterStatsDecoder:0.32
UpdateEncoder:0.24
SbeStatsReport:0.21333333333333335
PerParameterStatsEncoder:0.21
StatsListener:0.17444444444444446
UpdateFieldsPresentDecoder:0.15666666666666668
TestStatsSBE:0.0325
