Enhancer:0.49
TestEnhancer:0.37333333333333335
EnhancerEmitter:0.35
CallbackUtils:0.30666666666666664
TestNoOp:0.16133333333333333
