GetResult:0.5866666666666667
IndexShard:0.41
InternalEngine:0.3233333333333333
InternalEngineTests:0.2866666666666667
IndexShardTests:0.2733333333333333
ShadowEngineTests:0.24666666666666667
IndexStatsIT:0.23666666666666666
