ExpressionAnalyzer:0.38222222222222224
FilterExpressionStatsCalculatingVisitor:0.31
ServerMainModule:0.27
FilterStatsCalculator:0.25333333333333335
ComparisonStatsCalculator:0.23
TestFilterStatsCalculator:0.21
TestComparisonStatsCalculator:0.15666666666666668
