MessageAddressingProperties:0.4633333333333333
MessageIdStrategy:0.43333333333333335
AbstractWsAddressingVersion:0.39666666666666667
MessageContext:0.29003968253968254
EndpointReference:0.27666666666666667
WsAddressingEndpointInterceptor:0.23
AbstractWsAddressingMapping:0.20333333333333334
RandomGuid:0.19666666666666666
AbstractWsAddressingInterceptorTestCase:0.17666666666666667
DefaultMessageContext:0.1761111111111111
WsAddressing200605:0.11333333333333333
WsAddressing200408:0.09333333333333334
WsAddressingInterceptor200605Test:0.08666666666666667
RandomGuidMessageIdStrategy:0.03666666666666667
UuidMessageIdStrategy:0.03333333333333333
WsAddressingInterceptor200408Test:0.016666666666666666
RandomGuidMessageIdStrategyTest:0.013333333333333334
AbstractMessageIdStrategyTestCase:0.013333333333333334
