Role:0.5133333333333333
DomainImpl:0.4
User:0.39
Permission:0.37
SecureDomainBuilder:0.25311375661375657
FunctionFactory:0.07333333333333333
Scope:0.06
Function:0.056666666666666664
AuthenticationHandler:0.03
