PushBody:0.34
QueueBasedFeedableBodyGenerator:0.29333333333333333
BodyChunk:0.2872619047619048
ChunkingTest:0.26
FeedableBodyGeneratorTest:0.11666666666666667
ReactiveStreamsBodyGenerator:0.11666666666666667
