Peer:0.82
PeerTableModel:0.22666666666666666
PeerTest:0.22666666666666666
PendingPing:0.1577777777777778
PeerMonitor:0.15666666666666668
