ShadowThemeTest:0.5033333333333333
ShadowArscAssetManager:0.4766666666666667
ShadowAssetManagerTest:0.42333333333333334
CppAssetManager:0.4
ParallelUniverse:0.13
ResTableTheme:0.12444444444444445
