TestForceSingleNodeOutput:0.8033333333333333
TestFeaturesConfig:0.35388888888888886
