ClientWiredStatelessChronicleMap:0.4033333333333333
ChannelProvider:0.32666666666666666
MapWireHandler:0.27
ClientWiredChronicleMapStatelessBuilder:0.23666666666666666
ClientWiredStatelessTcpConnectionHub:0.23
ChronicleChannel:0.1741111111111111
MapWireHandlerBuilder:0.14
