PatientBean:0.4866666666666667
SeriesBean:0.435
StudyBean:0.39
DicomElementAccessor:0.16333333333333333
DicomDateTimeHandlerTest:0.06333333333333334
DicomDateTimeHandler:0.05333333333333334
