Redisson:0.4866666666666667
Node:0.47
RedisClientEntry:0.37666666666666665
ConnectionManager:0.31437301587301586
NodesGroup:0.29503968253968255
RedisCommands:0.29333333333333333
RedisClient:0.23333333333333334
MasterSlaveConnectionManager:0.21666666666666667
RedisProcess:0.20388888888888887
RedissonTest:0.17
ClusterNode:0.14333333333333334
RedisNodes:0.11
URLBuilder:0.0275
