CollectAndMerge:0.44333333333333336
GlobalAggregateConsumer:0.23333333333333334
NonDistributedGroupBy:0.19333333333333333
TransportExecutorUpsertTest:0.19333333333333333
GlobalAggregate:0.19333333333333333
Visitor:0.1311111111111111
