VPTree:0.625
Node:0.49333333333333335
NearestNeighborTest:0.06666666666666667
Base64NDArrayBody:0.02
