IndicesAliasesRequest:0.5166666666666667
IndicesAliasesResponse:0.31
ElasticsearchAssertions:0.28
IndicesClusterStateService:0.24333333333333335
AckTests:0.20333333333333334
ClusterModule:0.18333333333333332
IndicesAliasesRequestBuilder:0.16
TransportIndicesAliasesAction:0.14666666666666667
RestIndicesAliasesAction:0.14
MetaDataIndexAliasesService:0.07333333333333333
