SQL92SQLGenerator:0.3933333333333333
ValidateSQL99Client:0.39
BaseUseCases:0.21333333333333335
ValidatorResult:0.11666666666666667
SessionData:0.11666666666666667
