GwtServerHelper:0.4866666666666667
User:0.46
GwtViewHelper:0.41333333333333333
