PoiUtil:0.6433333333333333
WordExtractor:0.35
TextExtractor:0.33
ExcelExtractor:0.16916666666666666
PowerPointExtractor:0.14333333333333334
ExcelTextExtractor:0.12333333333333334
PowerPointTextExtractor:0.08666666666666667
