MvpActivity:0.4633333333333333
BaseMvpDelegateCallback:0.17833333333333334
MvpFrameLayout:0.17333333333333334
MvpLinearLayout:0.17333333333333334
MvpRelativeLayout:0.17333333333333334
