AtmosphereResource:0.62
AtmosphereRequest:0.44666666666666666
AtmosphereFramework:0.41333333333333333
AtmosphereResourceImpl:0.41
AtmosphereResponse:0.35333333333333333
WebSocketProcessor:0.21333333333333335
AtmosphereInterceptorTest:0.18666666666666668
AsynchronousProcessor:0.175
BroadcastFilterTest:0.16666666666666666
BroadcasterTest:0.16333333333333333
