JpdlSerializer_3_2:0.5066666666666667
Event:0.30333333333333334
TransitionGraphicalEditPart:0.14666666666666667
From2JpdlModelConverter:0.14333333333333334
ActionGraphUtils:0.14
ForkJoinConnectionAnchor:0.13
