ValuesTest:0.7166666666666667
SampleValue:0.5437222222222222
ValueMirrors:0.54
Scheme:0.02
