URLConnectionTest:0.6866666666666666
CallTest:0.46
RecordedResponse:0.4444444444444445
