ParameterIndexToken:0.2833333333333333
MethodDelegation:0.2633333333333333
Processor:0.23333333333333334
AnnotationVisibilityTest:0.20666666666666667
AnnotationDrivenBinderTest:0.17
ArgumentAnnotationBinderTest:0.15333333333333332
DelegationProcessor:0.14
