JobExecutionDao:0.7477777777777778
AbstractJobDaoTests:0.43666666666666665
JdbcJobExecutionDao:0.24333333333333335
AbstractJobExecutionDaoTests:0.22
MapJobExecutionDao:0.16333333333333333
