CuratorClientFactory:0.5366666666666666
AgentConfig:0.30333333333333334
ZooKeeperTestingServerManager:0.30333333333333334
SystemTestBase:0.24333333333333335
MockCuratorClientFactory:0.24
ServiceParser:0.24
MasterConfig:0.2277777777777778
MasterService:0.20666666666666667
AgentService:0.14
MasterRespondsWithNoZKTest:0.11
MasterParser:0.10333333333333333
AgentParser:0.10333333333333333
CuratorClientFactoryImpl:0.03666666666666667
