DefaultErrorStrategy:0.44
CommonToken:0.2833333333333333
Recognizer:0.24
DOTGenerator:0.15333333333333332
Utils:0.15
BaseTest:0.12666666666666668
BuildDependencyGenerator:0.06666666666666667
DefaultToolListener:0.05333333333333334
