Materialisation:0.7833333333333333
TestShape:0.36277777777777775
