H2Test:0.5209444444444442
AbstractTypedElementDefinition:0.3466666666666667
