Kernel32Test:0.5366666666666666
FILETIME:0.45666666666666667
WinBaseTest:0.35
