Dictionary:0.6233333333333333
SWMCQueryBuilder:0.2375
Sleep:0.15333333333333332
IKAnalzyerDemo:0.15333333333333332
LuceneIndexAndSearchDemo:0.15333333333333332
Monitor:0.145
