CA:0.7633333333333333
X509CA:0.44
ScepServlet:0.19333333333333336
CertificateValidity:0.16666666666666666
ProtocolScepHttpTest:0.11333333333333333
