NetworkPublication:0.5833333333333334
RetransmitHandler:0.38
RetransmitAction:0.2833333333333333
RetransmitHandlerTest:0.25
