GraphJGraph:0.7416666666666667
JCellEditAction:0.3333333333333333
