RedissonLiveObjectServiceTest:0.43333333333333335
RedissonLiveObjectService:0.4066666666666667
Introspectior:0.4
ClassWithoutIdSetterGetter:0.22416666666666665
Order:0.13666666666666666
