ReconstructionDistribution:0.5905555555555555
VariationalAutoencoder:0.4866666666666667
GaussianReconstructionDistribution:0.24
BernoulliReconstructionDistribution:0.19333333333333333
TestReconstructionDistributions:0.18333333333333332
CompositeReconstructionDistribution:0.09944444444444445
TestVAE:0.08
