InternalPartitionService:0.5133333333333333
PartitionRuntimeState:0.5
InternalPartitionServiceImpl:0.44666666666666666
InternalPartitionImpl:0.37
ClusterServiceImpl:0.31
PartitionStateManager:0.2866666666666667
InternalPartitionImplTest:0.22
ClusterJoinManager:0.2
MockConnectionManager:0.19666666666666666
RepartitioningTask:0.18333333333333332
ProcessShutdownRequestsTask:0.17666666666666667
MigrationManager:0.17333333333333334
MemberRemoveOperation:0.17
RepairPartitionTableTask:0.14833333333333334
ShutdownRequestOperation:0.14333333333333334
MigrationThread:0.10111111111111112
PartitionStateVersionMismatchException:0.04666666666666667
SlowMigrationCorrectnessTest:0.03333333333333333
