Editor:0.48
CellRenderer:0.3466666666666667
SystemProperties:0.2833333333333333
SPOEvent:0.225
PropertiesDialog:0.21777777777777782
AbstractCondition:0.19
