GeometryFunction:0.55
GeometryFunctionPlugIn:0.49
Registry:0.10333333333333333
StandardCategoryNames:0.03333333333333333
MethodItemListener:0.02666666666666667
