VocabCache:0.5766666666666667
WordVectorSerializer:0.4033333333333333
AbstractCache:0.36333333333333334
VectorsConfiguration:0.35333333333333333
Builder:0.2866666666666667
WordVectorsImpl:0.27166666666666667
InMemoryLookupCache:0.23666666666666666
Word2VecDataSetIterator:0.22333333333333333
SentenceIteratorConverter:0.21333333333333335
WindowConverter:0.19666666666666666
WordVectorSerializerTest:0.15666666666666668
VocabConstructor:0.15111111111111108
SequenceVectors:0.11333333333333333
Word2VecTests:0.09333333333333334
Windows:0.09
