LinkedArray:0.5066666666666667
LinkedIntArray:0.49333333333333335
LinkedLongArray:0.29
ChainParsing:0.19611111111111112
VarIndexImpl:0.17333333333333334
QueryBooleanCallback:0.14
ValueEscaper:0.13666666666666666
QueryIntCallback:0.12333333333333334
LinkedArrayIterator:0.016666666666666666
