ByteArrayDataSource:0.63
CacheObject:0.24333333333333335
SendMail:0.2303333333333333
