ControlFlowAnalyzer:0.37666666666666665
SymbolTable:0.36
HopSymbolTableWalker:0.2966666666666667
StepFactory:0.2866666666666667
DFA18:0.13444444444444442
DFA29:0.13444444444444442
