HttpServerOptions:0.31333333333333335
HttpClientOptions:0.2866666666666667
NetClientOptions:0.25333333333333335
NetServerOptions:0.25333333333333335
NetExamples:0.12333333333333334
