SubfamilyValue:0.33742857142857147
SubfamilyKey:0.32742857142857146
FilterBySubfamilyValue:0.25642857142857145
FilterBySubfamilyKey:0.24476190476190476
DeliveryPlaceValue:0.23642857142857143
CarrierValue:0.23642857142857143
DeliveryDetailValue:0.23642857142857143
InvoiceDetailValue:0.23642857142857143
OfficeValue:0.23642857142857143
Product2Value:0.23642857142857143
CustomerValue:0.23642857142857143
Office2Value:0.23642857142857143
TransportChargeValue:0.23642857142857143
ProductValue:0.23642857142857143
DeliveryValue:0.23642857142857143
InvoiceValue:0.23642857142857143
Office2Key:0.21976190476190477
ClerkKey:0.21976190476190477
Product3Value:0.21976190476190477
SellerLevelValue:0.21976190476190477
ShipmentValue:0.21976190476190477
Subfamily2Value:0.21976190476190477
TransportChargeKey:0.21976190476190477
AdditionalDetailValue:0.21976190476190477
StateValue:0.21976190476190477
DeliveryTypeValue:0.21976190476190477
DeliveryKey:0.21976190476190477
DrivingLicenceValue:0.21976190476190477
ClerkValue:0.21976190476190477
SellerValue:0.21976190476190477
ReceptionistValue:0.21976190476190477
ServiceValue:0.21976190476190477
ServiceTypeValue:0.21976190476190477
ShipmentKey:0.21976190476190477
WarehouseValue:0.21976190476190477
Family2Value:0.21976190476190477
CarrierKey:0.20476190476190476
OfficeKey:0.20476190476190476
DeliveryTypeKey:0.20476190476190476
ServiceKey:0.20476190476190476
Product3Key:0.20476190476190476
Family2Key:0.20476190476190476
DeliveryDetailKey:0.20476190476190476
WarehouseKey:0.20476190476190476
Subfamily2Key:0.20476190476190476
ServiceTypeKey:0.20476190476190476
AdditionalDetailKey:0.20476190476190476
SellerLevelKey:0.20476190476190476
StateKey:0.20476190476190476
CustomerKey:0.20476190476190476
InvoiceDetailKey:0.20476190476190476
DrivingLicenceKey:0.20476190476190476
InvoiceKey:0.20476190476190476
ReceptionistKey:0.20476190476190476
FamilyKey:0.20476190476190476
ProductKey:0.20476190476190476
DeliveryPlaceKey:0.20476190476190476
Product2Key:0.20476190476190476
SellerKey:0.20476190476190476
