SystemTestBase:0.6688888888888889
HealthCheckTest:0.4666666666666667
ResourcesTest:0.2422222222222222
