VehicleMission:0.5633333333333334
TravelMission:0.31666666666666665
RoverMission:0.29
CollectResourcesMission:0.27
TravelToSettlement:0.24611111111111114
