Atom03FeedTest:0.5133333333333333
RSS10FeedTest:0.5133333333333333
RSS20FeedTest:0.5133333333333333
