MockFacesContext:0.57
JsfFlowExecutionManagerTests:0.31666666666666665
PortletSessionMapTest:0.21333333333333335
FlowControllerTest:0.06666666666666667
PortletRequestMapTest:0.06
SetPortletModeActionTest:0.06
PortletContextMapTest:0.06
PortletRequestParameterMapTest:0.006666666666666667
