HttpPipelinedResponse:0.6266666666666667
HttpPipelinedRequest:0.37
HttpPipeliningHandler:0.3293333333333333
