PseudoRandom:0.894626984126984
GenericPseudoRandom:0.5788888888888889
