RegisteredServiceProperty:0.5766666666666667
FormData:0.4266666666666667
Option:0.22166666666666668
