RedisClient:0.5233333333333333
MasterSlaveEntry:0.31666666666666665
MasterSlaveConnectionManager:0.31666666666666665
BaseConfig:0.26666666666666666
ClusterConnectionManager:0.15333333333333332
SentinelConnectionManager:0.14666666666666667
SingleEntry:0.13333333333333333
