Help:0.6533333333333333
AppletTab:0.5066666666666667
