DicomPrefManager:0.6333333333333333
DicomPrefView:0.31666666666666665
Decoder:0.3
ImageReaderFactory:0.18666666666666668
Activator:0.15
