MediaBean:0.43666666666666665
ThumbnailWidget:0.35
Callback:0.25333333333333335
FileInput:0.2
ByteInput:0.14333333333333334
DefaultValueMap:0.08666666666666667
