Aligner:0.4533333333333333
GeonetResult:0.2881666666666666
GeonetHarvester:0.28
CswHarvester:0.28
Geonet20Harvester:0.2633333333333333
