JPPFClient:0.46
SubmissionManagerClient:0.30333333333333334
AbstractJPPFClient:0.2866666666666667
JPPFClientConnectionImpl:0.25777777777777783
AbstractJPPFClientConnection:0.2544444444444445
NodeDataPanel:0.22333333333333333
AbstractGenericClient:0.17666666666666667
AbstractClientConnectionHandler:0.12
