ClientEventRegistration:0.6733333333333333
AbstractListenersOnReconnectTest:0.4166666666666667
ClientNonSmartListenerService:0.2733333333333333
