IcalModule:0.41444444444444445
ListFolderController:0.35333333333333333
UrlUtil:0.26
IcalModuleImpl:0.25
GetController:0.16
