CMLRoundTripTest:0.5533333333333333
Convertor:0.44333333333333336
IDCreator:0.2733333333333333
