ExpectedExceptionSupport:0.4597619047619048
AbstractTestRuleSupport:0.16
ExternalResourceAdapter:0.13666666666666666
TestRuleFieldSupport:0.13
AbstractTestRuleAdapter:0.10666666666666667
SimpleRuleAnnotatedMember:0.08333333333333333
TestRuleMethodSupport:0.06
VerifierAdapter:0.056666666666666664
ExpectedExceptionAdapter:0.02
TestableTestRuleAdapter:0.006666666666666667
VerifierSupport:0.0
ExternalResourceSupport:0.0
