AlphaNumeric:0.7866666666666666
ProcessExec:0.13666666666666666
