ShortcutsOptionPane:0.18004078
AbstractInputHandler:0.16514882
KeyEventTranslator:0.10449043
GUIUtilities:0.06653759
KeyEventWorkaround:0.055006072
jEdit:0.053299647
Buffer:0.03466965
JEditBuffer:0.030670306
Debug:0.020531192
Log:0.014515442
