JEditDataFlavor:0.21059614
Registers:0.13246852
View:0.041478347
TextArea:0.028955558
jEdit:0.020864485
EnhancedDialog:0.012273145
JEditRichText:0.0022929185
