GUIUtilities:0.06930448
View:0.06354913
TextArea:0.057924066
jEdit:0.040551186
MutableListModel:0.016277188
EnhancedDialog:0.01219887
