UserContainer:0.9433333333333334
EditUserDialog:0.23
UserManagerPreferencePage:0.21333333333333335
CreateUserDialog:0.19333333333333333
LogoutAction:0.11666666666666667
LoginAction:0.11333333333333333
UserManagerLoginDialog:0.10666666666666667
CreateAccountDialog:0.10333333333333333
PassWordPromptDialog:0.09
EditUserDialogModel:0.06333333333333334
