CVSTest:0.27666666666666667
SVNTest:0.2633333333333333
BuildStatusTest:0.2633333333333333
SVNBootstrapperTest:0.16
CruiseControlControllerTest:0.13333333333333333
