FetchHTTP:0.8066666666666666
Postselector:0.44333333333333336
