AbstractSharedClusterTest:0.38505555555555554
TieredMergePolicyProvider:0.25
LogDocMergePolicyProvider:0.056666666666666664
LogByteSizeMergePolicyProvider:0.056666666666666664
