Marshaller:0.525
PrototypeMarshaller:0.45
ProtoLiteUtils:0.3111111111111111
ProtoLiteUtilsTest:0.27666666666666667
ReflectableMarshaller:0.07611111111111112
