SqlQueryExecution:0.37333333333333335
SplitAssignments:0.37
Visitor:0.34
HttpQueryClient:0.26666666666666666
DistributedExecutionPlanner:0.23333333333333334
