MainActivity:0.55
AndroidLibPluginTest:0.4166666666666667
AndroidAppPluginTest:0.21666666666666667
