FedoraOAIDriver:0.41
CombinerRecordIterator:0.37333333333333335
FedoraRecord:0.37333333333333335
QueryFactory:0.355
ITQLQueryFactory:0.3466666666666667
