PaymentSession:0.4633333333333333
AlertMessage:0.3433333333333333
ECKeyTest:0.24333333333333335
AddressMessage:0.17333333333333334
ChainSplitTest:0.17
LazyParseByteCacheTest:0.17
BitcoindComparisonTool:0.13799999999999998
