LayerTreeEditor:0.48
EditorLayerWrapper:0.3933333333333333
DeleteCreateWidgetEdit:0.3
TreeEditorHelper:0.29333333333333333
TreeEditorCopyHelper:0.28
