FormulaChecker:0.4533333333333333
CheckException:0.34
IllegalModuleDataException:0.2833333333333333
LogicalEquivalence:0.18333333333333332
ModuleDataException:0.16333333333333333
