PlannerTest:0.38
Planner:0.3566666666666667
TransportActionProvider:0.33
PlanNodeVisitor:0.25
UpdateProjector:0.22666666666666666
IndexWriterProjector:0.22666666666666666
Visitor:0.21333333333333335
SQLTransportIntegrationTest:0.21333333333333335
NodeVisitor:0.21
TransportExecutorUpsertTest:0.16333333333333333
ColumnIndexWriterProjector:0.16166666666666665
UpsertByIdContextTest:0.14
PlanNodePrinter:0.12333333333333334
TransportExecutorModule:0.09333333333333334
UpsertByIdContext:0.08444444444444445
