Hound:0.39666666666666667
Hunter:0.39
HunterTest:0.35333333333333333
AddElementsToCollectionAction:0.3433333333333333
NextNumberForHunterAndHound:0.043333333333333335
HunterAndHound:0.016666666666666666
