RubyUIMessages:0.8266666666666667
PreferencesMessages:0.7366666666666667
ISpellEvent:0.54
ISpellCheckEngine:0.54
RubyPluginImages:0.5066666666666667
ISpellChecker:0.49
CoreSpellingProblem:0.49
ISpellDictionary:0.4473412698412699
PreferenceConstants:0.37333333333333335
SpellCheckEngine:0.37
ProblemLocation:0.36333333333333334
IPhoneticDistanceAlgorithm:0.27051984126984113
IRubyAnnotation:0.24333333333333335
ProblemAnnotation:0.23666666666666666
AbstractSpellDictionary:0.22666666666666666
RubyReconciler:0.22333333333333333
RubySourceViewerConfiguration:0.22
SpellCheckIterator:0.21333333333333335
DefaultSpellChecker:0.20333333333333334
WordCorrectionProposal:0.2
SpellingConfigurationBlock:0.18666666666666668
ISpellCheckIterator:0.16333333333333333
RubySpellingProblem:0.13
RankedWordProposal:0.12333333333333334
SpellingPreferenceBlock:0.10666666666666667
ISpellEventListener:0.10166666666666667
DefaultPhoneticHashProvider:0.09
AddWordProposal:0.07333333333333333
WordIgnoreProposal:0.07333333333333333
RubySpellingReconcileStrategy:0.07333333333333333
DefaultSpellingEngine:0.06555555555555556
WordQuickFixProcessor:0.05738888888888889
RubyCompositeReconcilingStrategy:0.05444444444444444
ChangeCaseProposal:0.05333333333333334
ISpellCheckPreferenceKeys:0.043333333333333335
TaskTagDictionary:0.03333333333333333
RubySpellingEngine:0.02666666666666667
TextSpellingEngine:0.02666666666666667
CompositeReconcilingStrategy:0.02666666666666667
SpellingEngine:0.015
PersistentSpellDictionary:0.006666666666666667
IPhoneticHashProvider:0.006666666666666667
LocaleSensitiveSpellDictionary:0.006666666666666667
DefaultPhoneticDistanceAlgorithm:0.006666666666666667
SpellReconcileDictionary:0.0
