GOTermParsedListener:0.7572380952380953
GOTerm:0.75
GORDFHandler:0.3333333333333333
GoRdfHandlerTest:0.13
