DefaultStepExecutorTests:0.4802777777777777
SimpleStepExecutor:0.4802777777777777
SimpleExitCodeExceptionClassifier:0.43666666666666665
