AbstractDashboardWidget:0.6341666666666667
EndToEndViewScene:0.5333333333333333
ServiceManagerDashboard:0.22
