Instruction:0.74
MethodCoverage:0.3566666666666667
ClassCoverage:0.2644444444444444
CoverageAnalyzer:0.2633333333333333
