GLGraphics2D:0.5733333333333334
G2DGLImageDrawer:0.36
G2DGLStringDrawer:0.2966666666666667
RenderedTextureCache:0.013333333333333334
RenderableTextureCache:0.006666666666666667
