Metadata:0.7233333333333334
BasicAnnotationBindingTests:0.32666666666666666
BasicHbmBindingTests:0.26
AbstractBasicBindingTests:0.14333333333333334
