Musician:0.45
RmiSWTWorkbenchBot:0.3566666666666667
IRmiSWTWorkbenchBot:0.3516666666666667
ISarosRmiSWTWorkbenchBot:0.2535396825396825
SarosRmiSWTWorkbenchBot:0.21333333333333335
TestSVN:0.19333333333333333
TestBasicSarosElements:0.19333333333333333
TestHandleContacts:0.18
TestFollowMode:0.17333333333333334
TestShareProjectUsingExistingProject:0.17
TestEditDuringInvitation:0.16666666666666666
TestShare3UsersConcurrently:0.16666666666666666
RmiTest:0.13666666666666666
TestFileOperations:0.13333333333333333
TestShare3UsersSequentially:0.056666666666666664
TestShare2UsersSequentially:0.01
