UserDefineLibrary:0.7283333333333334
NatureRecognitionTest:0.19333333333333333
TestError:0.1
ModelTest:0.08333333333333333
