ChoiceWidget:0.6166666666666667
Model:0.38333333333333336
CreateRelationship:0.26
