choiceEditor:0.5433333333333333
ptrEditor:0.51
charEditor:0.2833333333333333
AutoCompleteServlet:0.22333333333333333
setEditor:0.21583333333333332
booleanEditor:0.21
charEnumEditor:0.19666666666666666
setcharEnumEditor:0.15416666666666667
