ParentJoinFieldMapper:0.6366666666666667
ParentJoinFieldSubFetchPhase:0.3233333333333333
