ParallelWrapper:0.6833333333333333
SymmetricTrainer:0.34
Builder:0.30666666666666664
GradientsAccumulator:0.2966666666666667
