AuthSettings:0.06444444444444444
CrateTableSettings:0.06444444444444444
SnapshotSettings:0.06444444444444444
AnalyzerSettings:0.06444444444444444
OptimizeSettings:0.06444444444444444
