Matcher:0.5475
CompoundPattern:0.5266666666666666
NodeData:0.38333333333333336
ParamData:0.18
