YuiTest:0.6541111111111112
SimpleScriptableTest:0.4326666666666667
