Http2ConnectionBase:0.5633333333333334
Pool:0.4166666666666667
ConnectionPoolTest:0.23583333333333334
FakeConnectionProvider:0.18333333333333332
