BasicIntegrationConfiguration:0.49333333333333335
PkPolicyItemListener:0.31536507936507924
SequencePatternItemListener:0.31536507936507924
ModelCommonPanel:0.2866666666666667
DataAccessObjectUtils:0.25666666666666665
QueryCountInit:0.0
