InvocationProcessor:0.5197777777777777
ConcurrentMapManager:0.29333333333333333
SimpleExecution:0.2505555555555556
BlockingQueueManager:0.25
Node:0.21666666666666667
ClusterService:0.21333333333333335
ClusterManager:0.21333333333333335
ListenerManager:0.21
ExecutorServiceProxy:0.18
ExecutorManager:0.15666666666666668
