Signature:0.7933333333333333
TestSignature:0.37333333333333335
PolymorphicScalarFunction:0.3144444444444444
