Wallet:0.6466666666666666
AbstractBlockChain:0.5733333333333334
AbstractBlockChainListener:0.2833333333333333
