Options:0.41333333333333333
RewriterTest:0.32666666666666666
SwitchRewriterTest:0.31333333333333335
UnsequencedExpressionRewriterTest:0.30333333333333334
AnonymousClassConverterTest:0.30333333333333334
Rewriter:0.3
StatementGeneratorTest:0.2866666666666667
CastResolverTest:0.24666666666666667
Parser:0.2272222222222222
ObjectiveCHeaderGeneratorTest:0.22
ArgProcessor:0.15260101010101007
