StrandedZoomableApolloPanel:0.4266666666666667
Transcript:0.37333333333333335
ViewMenu:0.30666666666666664
FindPanel:0.2596031746031746
ScaleView:0.2327777777777778
SequenceTextPanel:0.22166666666666668
AnnotationMenu:0.19666666666666666
DrawableAnnotatedSeqFeature:0.19333333333333333
EditMenu:0.08666666666666667
