ClassContext:0.77
SendingProviderRequestState:0.23444444444444448
ClassServerFactory:0.20333333333333334
WaitingProviderResponseState:0.17777777777777778
ClassServerState:0.1717063492063492
NodeWaitingProviderResponseState:0.17
WaitingNodeRequestState:0.16583333333333336
StateTransitionManager:0.15333333333333332
