IndexShard:0.5266666666666666
ElasticsearchIntegrationTest:0.35333333333333333
IndicesAdminClient:0.30916666666666665
IndicesAdmin:0.2966666666666667
InternalTestCluster:0.28
RestartCallback:0.205
IndexShardTests:0.2
RecoveryFromGatewayTests:0.15
ActionModule:0.14333333333333334
RecoverySourceHandler:0.13333333333333333
RestActionModule:0.11333333333333333
TransportClientFactory:0.11333333333333333
