FeatureTreePanel:0.6266666666666667
FeatureTreeFrame:0.5066666666666667
