DecimalType:0.8066666666666666
DecimalParametricType:0.2633333333333333
TestDecimalCasts:0.23666666666666666
AbstractTestDecimalFunctions:0.08
