Element:0.7494444444444445
HTMLTableCaptionElement:0.4255555555555556
