CertificateStoreSessionBean:0.6046666666666667
PublisherQueueSessionBean:0.4041666666666667
