PersistenceXmlParser:0.6133333333333333
BasicCdiTest:0.34
DdlTransactionIsolatorJtaImpl:0.2866666666666667
Bootstrap:0.17666666666666667
StandardJtaPlatformResolver:0.09
