TestConfiguration:0.6180555555555555
BusinessObjectFactoryTestCase:0.20666666666666667
