AbstractAtomTest:0.37666666666666665
AbstractAtomTypeTest:0.37666666666666665
AbstractPDBAtomTest:0.37666666666666665
AbstractAdductFormulaTest:0.35333333333333333
AbstractAtomContainerSetTest:0.35333333333333333
AbstractBondTest:0.35333333333333333
AbstractReactionTest:0.35333333333333333
AbstractChemObjectBuilderTest:0.35
AbstractPseudoAtomTest:0.33666666666666667
AbstractMoleculeSetTest:0.33666666666666667
AbstractStrandTest:0.33666666666666667
AbstractCrystalTest:0.33666666666666667
AbstractChemModelTest:0.33666666666666667
AbstractIsotopeTest:0.32666666666666666
AbstractMolecularFormulaTest:0.31
AbstractChemObjectTest:0.31
AbstractBioPolymerTest:0.30333333333333334
AbstractPDBPolymerTest:0.30333333333333334
AbstractMolecularFormulaSetTest:0.3
AbstractPDBStructureTest:0.29
AbstractAtomParityTest:0.26
AbstractAtomContainerTest:0.15333333333333332
AbstractPolymerTest:0.13
AbstractChemSequenceTest:0.13
AbstractReactionSetTest:0.13
AbstractReactionSchemeTest:0.13
AbstractChemFileTest:0.13
AbstractMappingTest:0.12666666666666668
AbstractAminoAcidTest:0.10666666666666667
AbstractElementTest:0.10666666666666667
AbstractFragmentAtomTest:0.10666666666666667
AbstractSingleElectronTest:0.1
AbstractPDBMonomerTest:0.1
AbstractLonePairTest:0.1
AbstractRingSetTest:0.1
AbstractMonomerTest:0.07333333333333333
AbstractRingTest:0.03333333333333333
AbstractElectronContainerTest:0.0033333333333333335
AbstractMoleculeTest:0.0025
