NeuralNetwork:0.6
HiddenLayer:0.31
Builder:0.30333333333333334
RBM:0.29333333333333333
BaseMultiLayerNetwork:0.2866666666666667
DenoisingAutoEncoder:0.28
BaseNeuralNetwork:0.26
NeuralNetworkOptimizer:0.23666666666666666
LogisticRegression:0.23666666666666666
StackedDenoisingAutoEncoder:0.18333333333333332
MultiLayerNetworkOptimizer:0.18166666666666667
DBN:0.16111111111111112
CRBM:0.15333333333333332
SdaTest:0.12666666666666668
DBNTest:0.058333333333333334
MnistDbnTest:0.028333333333333332
RBMMnistTest:0.006666666666666667
