AbsTask:0.6866666666666666
DownloadUtil:0.31666666666666665
AbsTarget:0.3086111111111111
AbsSchedulers:0.21
AbsTaskQueue:0.18333333333333332
StartCmd:0.13
ResumeAllCmd:0.12
HighestPriorityCmd:0.09
AddCmd:0.09
CancelCmd:0.09
StopCmd:0.09
