BlackHoleMetadata:0.45
BlackHoleHandleResolver:0.21333333333333335
TestBlackHoleMetadata:0.15
BlackHoleConnector:0.09666666666666666
BlackHolePageSinkProvider:0.04111111111111111
BlackHolePageSourceProvider:0.03666666666666667
BlackHoleSplitManager:0.016666666666666666
