CtrlState:0.37
CtrlAut:0.29333333333333333
CtrlTransition:0.22
CtrlLabel:0.2
CtrlPar:0.09333333333333334
