DBCursor:0.43
DBCollection:0.4033333333333333
MongoFind:0.4
DBObjects:0.2887619047619048
MongoCommand:0.22638888888888892
CommandDocument:0.22111111111111115
CollectionAdminImpl:0.12333333333333334
