DefaultAuthorization:0.6122222222222222
ResourceIndexModule:0.43833333333333335
BasicServer:0.25666666666666665
