Rule:0.41
ActionTransition:0.32666666666666666
ParserATNFactory:0.31666666666666665
TestATNConstruction:0.23666666666666666
CommonTreeNodeStream:0.22194444444444442
PredicateTransition:0.21666666666666667
RangeTransition:0.16333333333333333
ATNPrinter:0.15333333333333332
