CallbackUtil:0.6
CL12:0.5816666666666667
GL41:0.38666666666666666
CLContext:0.38666666666666666
Utils:0.3466666666666667
CLChecks:0.31333333333333335
ARB_separate_shader_objects:0.2966666666666667
CL12GL:0.27051984126984113
CLBuildProgramCallback:0.24666666666666667
CLContextUtil:0.18666666666666668
CLPrintfCallback:0.06666666666666667
CLProgramCallback:0.013333333333333334
CLCompileProgramCallback:0.0
CLLinkProgramCallback:0.0
