ParcelableAnalysis:0.42
ParcelableAnalysisTest:0.34
ParcelTransactionWorker:0.25333333333333335
ParcelProcessor:0.17277777777777778
ParcelTransactionWorkerTest:0.15666666666666668
ParcelableGeneratorTest:0.14666666666666667
ExternalParcelTransactionWorker:0.14
ParcelAnnotationProcessor:0.13077777777777777
ExternalParcelRepositoryTransactionWorker:0.04666666666666667
