BinTree:0.6733333333333333
RemoteJPF:0.6666666666666666
