GroupByAnalyzerTest:0.5
SubSelectAnalyzerTest:0.37
UnionAnalyzerTest:0.3333333333333333
RelationPrinter:0.2966666666666667
