HitemUtil:0.38
ShowTypeRequestMsg:0.30666666666666664
ContextBinderSym:0.30333333333333334
FrameSym:0.29
StackSym:0.26
Instantiated:0.21666666666666667
LineNumberSym:0.21
HeapModel:0.20666666666666667
StackModel:0.19
HeapBind:0.18666666666666668
ModuleInvocationSym:0.18333333333333332
Invariant:0.16333333333333333
BaseInvariantAgentProxySym:0.09
EnabledParameterReq:0.08333333333333333
