Mongo:0.8066666666666666
AddIndexAcceptanceTest:0.35
DBGeneralOldTests:0.33666666666666667
