CryptoTokenManagementSessionBean:0.5066666666666667
CryptoTokenManagementProxySessionRemote:0.3175
CryptoTokenUpdatePinCommandTest:0.21666666666666667
CryptoTokenManagementProxySessionBean:0.17333333333333334
