MethodTestDescriptorTests:0.5066666666666667
SpecificationResolver:0.3333333333333333
ClassNameTestDescriptorResolver:0.29
MethodTestDescriptor:0.12333333333333334
ClassTestDescriptor:0.11
