Transaction:0.5133333333333333
TransactionInput:0.4633333333333333
Wallet:0.3433333333333333
