TimestampTest:0.5733333333333334
PreparedStatement_base:0.5
EscapeProcessor:0.37833333333333335
