SelectEntityWidget:0.48333333333333334
Report:0.4455555555555556
Sort:0.2786666666666667
