IOTestCase:0.6955555555555556
NetcdfMetadataTest:0.33666666666666667
NetcdfCRSTest:0.3233333333333333
