DriverConductor:0.6111111111111112
TermBuffersFactory:0.23333333333333334
