MoreLikeThisQuery:0.45666666666666667
SimpleIndexQueryParserTests:0.37
ElasticsearchTestCase:0.29333333333333333
MoreLikeThisQueryParser:0.23333333333333334
MoreLikeThisActionTests:0.18
MoreLikeThisFetchService:0.15444444444444444
ItemSerializationTests:0.14833333333333334
LikeText:0.13
