LwjglInput:0.41333333333333333
BitmapFont:0.3755555555555556
Keys:0.33644444444444443
JglfwInput:0.32666666666666666
GwtInput:0.29
