DatabaseWriter:0.49666666666666665
AbstractDataLoaderServiceTest:0.425
AbstractSymmetricDialect:0.37333333333333335
ISymmetricDialect:0.32
