EntityIndexUtils:0.48333333333333334
NetFolderHelper:0.38333333333333336
GwtNetFolderHelper:0.3466666666666667
NetFolderRootNameCell:0.17666666666666667
