DSLContext:0.6205555555555556
DSL:0.48333333333333334
CreateTableImpl:0.38666666666666666
DefaultDSLContext:0.35
