ActionToggleTnI:0.37666666666666665
ControlCenter:0.32666666666666666
