AddressUtil:0.7233333333333334
AddressPicker:0.33666666666666667
TcpIpJoiner:0.29
