TemplateHandler:0.6216666666666667
StructureDiagramGenerator:0.4666666666666667
MoleculeBuilder:0.245
