ServerXMLDFHandler:0.43666666666666665
AbstractServerEngine:0.4033333333333333
EditorPanel:0.3566666666666667
AbstractDFHandler:0.33666666666666667
EditorEngine:0.24333333333333335
ServerBinaryDFHandler:0.20333333333333334
ServerDFHandler:0.09166666666666666
