TypeHierarchyViewPart:0.5672222222222222
CallHierarchyViewPart:0.5266666666666666
NavigateActionGroup:0.4
