ObjectViewTopComponent:0.59
ExportSettingsDialog:0.3333333333333333
FormatTextDialog:0.3333333333333333
QueryBuilderTopComponent:0.20666666666666667
SimpleCriteriaNodeWidget:0.13666666666666666
QueryEditorScene:0.10666666666666667
ClassNodeWidget:0.01
DateFilterNodeWidget:0.0025
NumericFilterNodeWidget:0.0025
StringFilterNodeWidget:0.0025
BooleanFilterNodeWidget:0.0
