ClusterListener:0.6033333333333334
WorkerActor:0.37
ModelSavingActor:0.2866666666666667
MasterActor:0.2833333333333333
ActorNetworkRunner:0.24666666666666667
BatchActor:0.13666666666666666
