Query:0.5633333333333334
Column:0.53
SymmetricTables:0.49333333333333335
IDbDialect:0.31333333333333335
ISqlTemplate:0.29003968253968254
Parameters:0.22
AbstractSqlTemplate:0.22
AbstractDbDialect:0.20333333333333334
SymmetricClient:0.13666666666666666
IParameterFilter:0.0867222222222222
ParameterService:0.03833333333333333
QueryTest:0.034166666666666665
AbstractService:0.0
