MapService:0.6566666666666666
XmlConfigBuilder:0.4766666666666667
SimpleLocalMapTest:0.19333333333333333
ConfigXmlGenerator:0.16333333333333333
