RegistryDirectoryTest:0.5983333333333334
DubboMonitorTest:0.39222222222222225
URLTest:0.37333333333333335
