ParcelerModule:0.5633333333333334
ParcelableGenerator:0.44333333333333336
ParcelableGeneratorTest:0.23666666666666666
TestParcelerModule:0.18333333333333332
