Fingerprinter:0.4766666666666667
IteratingSMILESReader:0.36
IsomorphismCoverageTest:0.25
QueryAtomContainerCreator:0.17333333333333334
QueryAtomContainerCreatorTest:0.056666666666666664
OrderQueryBondOrderOnly:0.03666666666666667
MisomorphismTests:0.01
