Person:0.6433333333333333
HibernateCreditDao:0.38
TradeDao:0.27051984126984113
CustomerCreditDao:0.27051984126984113
CustomerDebitDao:0.27051984126984113
FlatFileCustomerCreditDao:0.07666666666666666
PersonService:0.03666666666666667
RetrySampleItemWriter:0.006666666666666667
PersonWriter:0.006666666666666667
IbatisCustomerCreditDao:0.006666666666666667
JdbcCustomerDebitDao:0.0
JdbcTradeDao:0.0
