GloVe:0.5866666666666667
CoOccurrencesCalculatorThread:0.3494444444444445
AbstractCoOccurrences:0.3244444444444444
SequenceVectorsTest:0.31
