LayerTreeEditor:0.6966666666666667
EditorPanel:0.48333333333333334
EditorEngine:0.31666666666666665
TreeTransferHandler:0.23
