XmlFlowBuilder:0.6133333333333333
AbstractBeanInvokingAction:0.33166666666666667
