Property:0.96
ModelResolver:0.3333333333333333
AbstractModelConverter:0.2966666666666667
