HttpFile:0.43666666666666665
FileSystem:0.43333333333333335
AlwaysBuild:0.36
FakeUserSourceControl:0.14666666666666667
AlwaysBuildTest:0.06
