EVENTLOGRECORD:0.49666666666666665
WinspoolTest:0.37333333333333335
PRINTER_INFO_4:0.214
