FolderModule:0.6016666666666667
EntityIndexUtils:0.43666666666666665
FolderCoreProcessor:0.26733333333333337
BinderModuleImpl:0.22
AbstractBinderProcessor:0.21
AbstractFolderModule:0.20333333333333334
TrashHelper:0.19666666666666666
AbstractFolderCoreProcessor:0.18333333333333332
ViewEntryController:0.17
WebKeys:0.08333333333333333
