AbstractFolderCoreProcessor:0.43666666666666665
IndexUtils:0.3491111111111111
