InternalSearchHit:0.5333333333333333
InternalSearchHits:0.29
InternalSearchHitField:0.2633333333333333
InternalTopHits:0.25333333333333335
MatchAssertion:0.22666666666666666
AbstractWireSerializingTestCase:0.20666666666666667
ESTestCase:0.16666666666666666
