ArgumentsMarshalTest:0.6088888888888888
CallbacksTest:0.5816666666666667
DefaultCallbackProxy:0.39666666666666667
