MetadataDao:0.6
Table:0.36
RaptorMetadata:0.33
RaptorTableHandle:0.26666666666666666
TestDatabaseShardManager:0.18666666666666668
TestShardManagerDao:0.17
RaptorOutputTableHandle:0.14666666666666667
RaptorInsertTableHandle:0.13333333333333333
TestShardEjector:0.12333333333333334
TestMetadataDao:0.11666666666666667
TestShardCompactionDiscovery:0.1
RaptorTableProperties:0.08
TableMapper:0.07666666666666666
TestRaptorMetadata:0.04
