DefaultJSONParser:0.4166666666666667
JSONToken:0.32444444444444437
JSONLexerBase:0.31666666666666665
