JsfXmlFlowBuilderTests:0.49833333333333335
FlowResourceHelper:0.35
ResourceFlowBuilder:0.2733333333333333
