PostgresDDLConverter:0.2833333333333333
MySQLDDLConverter:0.2733333333333333
OracleDDLConverter:0.2733333333333333
McKoiDDLConverter:0.2733333333333333
DDLConverter:0.11
