JChemPaintManager:0.6233333333333333
IJChemPaintManager:0.3772222222222222
