Visitor:0.6633333333333333
AbstractTestDistributedQueries:0.39599999999999996
