FileModule:0.7566666666666667
AbstractEntryProcessor:0.5566666666666666
AbstractFolderCoreProcessor:0.32666666666666666
FileModuleImpl:0.22666666666666666
WriteFilesException:0.12
