ParsedHeaders:0.5233333333333334
Response:0.49
CacheStrategy:0.4166666666666667
Builder:0.38333333333333336
HttpEngine:0.29
Factory:0.18333333333333332
