PersistenceService:0.37666666666666665
WebserviceBeanLocal:0.37
WebserviceBean:0.35333333333333333
KuwaibaService:0.27
RemoteScriptQueryResultCollection:0.12333333333333334
StartupBean:0.11666666666666667
