FeaturesConfig:0.68
Fragmenter:0.2966666666666667
Rewriter:0.28
LocalQueryRunner:0.25583333333333336
PlanFragmenter:0.20666666666666667
TestFeaturesConfig:0.20333333333333334
BasePlanTest:0.2
SystemSessionProperties:0.2
