PA:0.69
ToString:0.38
ObjectCreationGraph:0.3466666666666667
PAMethodSummary:0.29333333333333333
PAResults:0.26916666666666667
PACallGraph:0.23472222222222225
