DownloadListener:0.46
Task:0.415
ExecutePool:0.31666666666666665
CachePool:0.22333333333333333
IPool:0.135
