TestCassandraConnector:0.6422222222222222
TestCassandraIntegrationSmokeTest:0.49666666666666665
CassandraTestingUtils:0.3
