BasicProcessingFilter:0.82
BasicProcessingFilterEntryPoint:0.44333333333333336
BasicProcessingFilterEntryPointTests:0.29333333333333333
