Descriptor:0.8266666666666667
TracWikiDocumentationGenerator:0.35
Documentation:0.28833333333333333
