FluxScene:0.48333333333333334
FluxSceneVisitor:0.2733333333333333
FluxVolumeBuilder:0.20111111111111113
FluxPathTracer:0.10666666666666667
FluxWhittedTracer:0.10666666666666667
FluxLightTracer:0.10333333333333333
FluxLightModelProcessor:0.06
