HostsSniffer:0.5933333333333334
Builder:0.2833333333333333
Sniffer:0.25666666666666665
HostsSnifferTests:0.06666666666666667
SnifferBuilderTests:0.03888888888888889
