VanillaChronicleHash:0.678888888888889
ModificationIterator:0.42
TcpReplicationSoakCrdtTest:0.2633333333333333
