ClientInvocation:0.5533333333333333
ClientMapProxy:0.28
AbstractClientCacheProxyBase:0.23
ClientExecutorServiceProxy:0.22333333333333333
ClientCancellableDelegatingFuture:0.215
AbstractClientInternalCacheProxy:0.20666666666666667
AbstractClientCacheProxy:0.20666666666666667
ClientCacheProxy:0.19666666666666666
HazelcastClientCacheManager:0.19333333333333333
ClientProxy:0.19166666666666668
ProxyManager:0.18666666666666668
ClientClusterWideIterator:0.18666666666666668
ClientMapReduceProxy:0.16
ClientJob:0.11333333333333333
