AdvancedProperties:0.5333333333333333
MountPanel:0.5066666666666667
PropertiesDialog:0.3933333333333333
NewFolderDialog:0.38333333333333336
