Planner:0.55
NodeVisitor:0.23666666666666666
PlanNodeVisitor:0.19666666666666666
TransportExecutorDDLTest:0.17666666666666667
