ClassLoading:0.5466666666666666
BinaryLocator:0.37666666666666665
TypePoolClassLoadingTest:0.24333333333333335
AgentBuilderBinaryLocatorTest:0.23666666666666666
