NettyChannelBuilder:0.35
ManagedChannelBuilder:0.27
ForwardingChannelBuilder:0.2633333333333333
OkHttpChannelBuilder:0.25666666666666665
InProcessChannelBuilder:0.22666666666666666
