ConnectionManager:0.8316666666666667
Main:0.36666666666666664
HistorycEntry:0.10666666666666667
ConnectionException:0.0
