DcmImageReadParam:0.4552619047619048
DcmImageReader:0.3566666666666667
MonochromeParam:0.3433333333333333
PaletteColorParam:0.28
DcmImageReadParamImpl:0.16091269841269842
ColorModelParam:0.14416666666666667
