QuerySpec:0.5433333333333333
SubselectRewriterTest:0.44333333333333336
QueriedTableRelation:0.3466666666666667
EvaluatingNormalizerTest:0.20333333333333334
NormalizerVisitor:0.2
SqlExpressions:0.14333333333333334
