BalloonNotification:0.5633333333333334
SessionView:0.5266666666666666
