ShardCleaner:0.87
TestShardCleaner:0.29333333333333333
StorageModule:0.22666666666666666
