AttributeType:0.27666666666666667
PropertyType:0.13444444444444442
OpperationType:0.12527777777777777
AssociationType:0.12527777777777777
Name:0.075
Namespace:0.04666666666666667
Schema:0.03
TypeName:0.013333333333333334
