Param:0.801
WYSIWYGHTMLEditor:0.6561111111111111
FtlFormType:0.2966666666666667
