SqlTaskManager:0.5414444444444444
SqlQueryManager:0.5414444444444444
