Rewriter:0.57
RelationSplitter:0.3466666666666667
HavingClause:0.22666666666666666
SubSelectAnalyzerTest:0.09
