FindDocuments:0.3933333333333333
GetDocuments:0.30333333333333334
FindDocumentsForMultiplePatients:0.3
FindFolders:0.2633333333333333
FindSubmissionSets:0.26
GetRelatedDocuments:0.22
FindFoldersForMultiplePatients:0.2
GetSubmissionSets:0.17333333333333334
GetAssociations:0.17333333333333334
GetDocumentsAndAssociations:0.08666666666666667
GetFolderAndContents:0.08333333333333333
GetSubmissionSetAndContents:0.07333333333333333
GetFoldersForDocument:0.03666666666666667
GetFolders:0.016666666666666666
