HTMLElement:0.6683333333333333
ActiveXObject:0.25
HTMLButtonElement:0.17333333333333334
HTMLBRElement:0.16666666666666666
