ValueType:0.6966666666666667
TypeStringProvider:0.37666666666666665
ValueAttribute:0.3566666666666667
Constitution:0.2833333333333333
Environment:0.2733333333333333
ValueTypeComposer:0.23333333333333334
AccessorAttributesCollector:0.19333333333333333
Round:0.16666666666666666
