CallOptions:0.6133333333333333
CallCredentialsApplyingTest:0.37666666666666665
CallOptionsTest:0.35
AbstractStub:0.27666666666666667
