SilverGhost:0.5716666666666667
ClassySharkPanel:0.5466666666666666
