State:0.6733333333333333
StateGraphicalEditPart:0.32
SubprocessFigure:0.16333333333333333
TransitionGraphicalEditPart:0.12
TaskStateGraphicalEditPart:0.0
TransitionTreeEditPart3:0.0
