BulkUploadFrame:0.25083333333333335
SelectValueFrame:0.25083333333333335
SyncResultsFrame:0.2243386243386243
BDIsInterfaceFrame:0.22
VFRsFrame:0.2058888888888889
MovePhysicalLinkToContainerFrame:0.2058888888888889
VlansFrame:0.2058888888888889
AddIPAddressFrame:0.18666666666666668
SubnetsFrame:0.1787777777777778
InterfaceFrame:0.17
SyncActionWizard:0.17
CreateSubnetFrame:0.14333333333333334
EditConnectionsFrame:0.11666666666666667
ServicesFrame:0.10333333333333333
MatchingRulesFrame:0.08333333333333333
