Calculator:0.49666666666666665
Average:0.22222222222222224
Function:0.2
Logarithm:0.18
Sine:0.18
Exponentiation:0.18
Cosine:0.18
