WebKeys:0.4976111111111112
GwtServerHelper:0.49
GwtViewHelper:0.36333333333333334
ContentControl:0.22333333333333333
ViewInfo:0.2
ViewForumEntryEvent:0.18166666666666667
ViewPermalinkController:0.16333333333333333
