Path:0.43333333333333335
LagartoParser:0.41
Scanner:0.35
JsonParser:0.30333333333333334
LagartoDOMBuilder:0.27666666666666667
CSSelly:0.21944444444444447
JsonSerializer:0.18666666666666668
PathQuery:0.17833333333333334
FormTag:0.15666666666666668
JsonAnnotationManager:0.12444444444444445
TypeData:0.05
