FileSystemMgt2Bean:0.4666666666666667
DeleteStudyOrder:0.25
BaseJmsOrder:0.19666666666666666
JmsOrderProperties:0.13166666666666665
