Zip64:0.5533333333333333
ZipOutputStream:0.31333333333333335
InflaterInputStream:0.29
ZipInputStream:0.27666666666666667
