IWebPageView:0.6366666666666667
WebViewActivity:0.5433333333333333
MyWebChromeClient:0.27666666666666667
MyWebViewClient:0.25
