QueryState:0.49
Matcher:0.37
Graph:0.3075
EdgePattern:0.17
CompoundPattern:0.14583333333333334
EnumerateNodesPattern:0.09333333333333334
