HomolyticCleavageReactionTest:0.7866666666666666
HomolyticCleavageMechanism:0.42
HydrogenRearrangementDeltaReactionTest:0.3044444444444444
HomolyticCleavageReaction:0.2966666666666667
MreactionTests:0.13
