MDDParser:0.6677777777777778
MDDParserTest:0.30527777777777776
