Loader:0.6133333333333333
StandardQueryCache:0.3233333333333333
AbstractPropertyMapping:0.22666666666666666
UpdateTimestampsCache:0.16666666666666666
