Shadow:0.48333333333333334
Carbon:0.38
ShadowGenerator:0.36666666666666664
FrameLayout:0.23
Toolbar:0.22666666666666666
ImageView:0.22
EditText:0.19
FlowLayout:0.18666666666666668
ConstraintLayout:0.18666666666666668
CoordinatorLayout:0.18666666666666668
RelativeLayout:0.18666666666666668
CollapsingToolbarLayout:0.18666666666666668
AppBarLayout:0.18666666666666668
DrawerLayout:0.18666666666666668
Button:0.18
GridLayout:0.17333333333333334
LinearLayout:0.17333333333333334
TextView:0.15666666666666668
MainActivity:0.07666666666666666
