JUnit5TestableTests:0.30333333333333334
TestExtensionRegistryTests:0.2833333333333333
CoreJUnit5TestEngineTests:0.28
ParameterResolverTests:0.21333333333333335
StandardTestClassTests:0.20333333333333334
ExceptionHandlingTests:0.20333333333333334
DisabledTests:0.2
NestedTestClassesTests:0.13
