AuditMessage:0.4
BaseElement:0.38666666666666666
Detail:0.37666666666666665
SyslogWriter:0.20666666666666667
