Connection:0.4766666666666667
HttpConnection:0.47
ChunkedOutputStream:0.43
FixedLengthOutputStream:0.25333333333333335
RetryableOutputStream:0.17
