RestMethodInfo:0.37
Builder:0.32
RestMethodInfoTest:0.31333333333333335
RequestBuilder:0.2866666666666667
Helper:0.24583333333333332
RequestBuilderTest:0.21333333333333335
RestAdapter:0.14333333333333334
RestHandler:0.13444444444444445
