ConnectionNode:0.3466666666666667
ManagementNode:0.31333333333333335
JBossInstall:0.30666666666666664
Mx4jInstall:0.2733333333333333
ConnectAction:0.2533888888888889
JdmkInstall:0.21666666666666667
WeblogicInstall:0.21666666666666667
JBossConnectorChoiceVisualPanel:0.20333333333333334
ClusterAddConnectionAction:0.12333333333333334
JBossConnectionNode:0.06666666666666667
IConnectionNode:0.03666666666666667
JBossLoader:0.014166666666666666
