Subscription:0.61
Publication:0.5866666666666667
LogBuffers:0.24
StopStartSecondSubscriberTest:0.21
MultiDriverTest:0.20666666666666667
ActiveSubscriptions:0.04
ActivePublications:0.04
