ServerLayout:0.5566666666666666
ServerDisplay:0.5566666666666666
Display:0.48333333333333334
Window:0.41333333333333333
PropertyOverride:0.39888888888888885
AbstractLayoutParent:0.35333333333333333
ServerWindow:0.35
Layout:0.3333333333333333
Geometry:0.30666666666666664
Selector:0.29333333333333333
JFXStaticParamBufferExtensionTest:0.2833333333333333
SwingServerWindow:0.275
AbstractServerDisplay:0.24
Logging2Test:0.22666666666666666
SwingServerDisplay:0.22333333333333333
ServerLayoutImpl:0.21666666666666667
JFXServerWindow:0.21166666666666667
ServerCockpit10Test:0.21
LayoutParent:0.20666666666666667
JFXTicsArrayExtensionTest:0.205
CyclicNotificationServerTest:0.205
ARINCDataScalingULongTest:0.205
ARINCDataScalingLongTest:0.205
EditorEngineParser3Test:0.205
CyclicNotificationServer2Test:0.205
SuperLayerGenerator:0.19666666666666666
SuperLayerGeneratorTest:0.19
ServerCockpit11Test:0.19
JFXServerDisplay:0.18833333333333332
AbstractServerWindow:0.18333333333333332
ServerWrapperNetwork5Test:0.18
AbstractServerCockpitConfigurationHandler:0.17333333333333334
JFXServerCockpit10Test:0.17
JFXServerCockpit11Test:0.17
SuperLayerGenerator2Test:0.17
SuperLayerCockpitConfigurationHandler:0.14666666666666667
AbstractServerCockpit:0.145
AbstractCockpitLayoutParent:0.115
PropertyOverrideImpl:0.08277777777777778
SuperLayerCockpitProvider:0.058333333333333334
JFXCockpitProvider:0.05333333333333334
SwingCockpitProvider:0.05333333333333334
BasicServerEngine_5Test:0.051666666666666666
BasicJFXServerEngine4Test:0.051666666666666666
SuperLayerGenerator4Test:0.051111111111111114
SuperLayerGenerator3Test:0.051111111111111114
DisplayTypeRef:0.03333333333333333
WindowLayoutRefs:0.0025
