NodeClass:0.7366666666666667
Restriction:0.7333333333333333
Property:0.58
NodeUtil:0.44333333333333336
URI:0.3933333333333333
PropertyImpl:0.3
RestrictionClass:0.3
TypeClass:0.2966666666666667
Thing:0.29
RestrictionImpl:0.27666666666666667
DAMLAdapter:0.2633333333333333
PropertyClass:0.25333333333333335
ClassClass:0.23666666666666666
ClassSignature:0.22333333333333333
DataCollectionImpl:0.21666666666666667
DefaultTreeModel:0.19666666666666666
GOET:0.19
NodeClassImpl:0.16666666666666666
DefaultGestureRecognizer:0.14333333333333334
PropertyEditor:0.12166666666666667
DefaultDAMLRenderer:0.08666666666666667
