ManageSavedSearchesDlg:0.4533333333333333
GwtServerHelper:0.3566666666666667
GwtRpcServiceImpl:0.35333333333333333
GwtTeamingMessages:0.31666666666666665
GwtRpcService:0.2966666666666667
MainMenuControl:0.28
GwtRpcServiceAsync:0.23666666666666666
GwtTeamingMainMenuImageBundle:0.2
