AbstractDicomModel:0.6505555555555556
SimpleEditDicomObjectPanel:0.44
SimpleEditDicomObjectPage:0.13333333333333333
