AbstractHarvester:0.43666666666666665
Harvester:0.24333333333333335
CGPHarvester:0.15666666666666668
CGPResult:0.1276190476190476
CGPParams:0.09333333333333334
CGPRequest:0.056666666666666664
SOAPRequest:0.02
