RedissonBlockingQueue:0.7016666666666667
RedissonBlockingQueueTest:0.6166666666666667
