NBrowseApplet:0.5266666666666666
JNetScriptWriter:0.48333333333333334
EdgeFilter:0.45
JnetManager:0.21333333333333335
