Lang:0.7866666666666666
DaoSupport:0.22666666666666666
WhaleFilter:0.21666666666666667
SimpleDaoTest:0.20666666666666667
Nutz:0.195
NetworkItem:0.17238095238095238
Networks:0.14666666666666667
BaseParamExtractor:0.12666666666666668
MapParamExtractor:0.12666666666666668
AbstractPathView:0.12666666666666668
