Builder:0.46
AsyncHttpProviderUtils:0.43666666666666665
Cookie:0.43333333333333335
AsyncHttpClientConfig:0.26499999999999996
CookieBuilder:0.23333333333333334
CookieEncoder:0.19
AsyncHttpClientFilter:0.18333333333333332
GrizzlyResponse:0.17666666666666667
CookieDecoder:0.16333333333333333
AsyncProvidersBasicTest:0.16
CookieDecoderTest:0.15833333333333333
NettyRequestFactory:0.15
GrizzlyResponseStatus:0.13666666666666666
NettyResponse:0.12666666666666668
CookiesBuilder:0.03444444444444444
