Attribute:0.7933333333333333
AttributeGroup:0.44333333333333336
CollectionResource:0.3433333333333333
