VariablesDateDialog:0.24
VariablesIntDialog:0.24
TemplateChooserDialog:0.24
VariablesStringDialog:0.24
VariablesListDialog:0.23333333333333334
SessionChooserDialog:0.23333333333333334
ScriptNewStepDialog:0.22333333333333333
ScriptNewPauseDialog:0.21
ScriptNewDialog:0.16333333333333333
TemplateSaveDialog:0.16333333333333333
QManagerConfigurationDialog:0.16333333333333333
SessionAddOrEditDialog:0.16
MessageDialogAbstract:0.16
SessionPropertiesDialog:0.13
QueueInformationDialog:0.13
VariablesManageDialog:0.11333333333333333
