VertxNetHandler:0.6798888888888889
NetTest:0.6166666666666667
ServerConnection:0.43333333333333335
ClientConnection:0.43333333333333335
ServerHandler:0.20333333333333334
