Builder:0.57
MapperBuilders:0.4666666666666667
AbstractFieldDataTests:0.16
TypeParser:0.09333333333333334
