CentralAuthenticationService:0.65
TicketsResource:0.48333333333333334
CasRestConfiguration:0.36666666666666664
AbstractCentralAuthenticationService:0.35
