BaseDatasetIterator:0.51
CRBM:0.3463888888888889
RBMTest:0.25666666666666665
