ApplicationEntityManager:0.5919444444444445
ApplicationEntityManagerImpl:0.44333333333333336
BusinessEntityManagerImpl:0.37333333333333335
WebserviceBeanRemote:0.27166666666666667
KuwaibaService:0.23666666666666666
WebserviceBean:0.21333333333333335
