HeaderFlyweight:0.5433333333333333
AdminThread:0.4633333333333333
AdminThreadTest:0.30666666666666664
