JmolScriptResource:0.7616666666666667
JmolView:0.38333333333333336
