CreateFolderRpcResponseData:0.3466666666666667
GwtTeamingMessages:0.32666666666666666
BlogPageCtrl:0.2833333333333333
BlogFolderView:0.24
EventHelper:0.23
AddNewFolderDlg:0.23
GwtRpcServiceImpl:0.22333333333333333
GwtViewHelper:0.18333333333333332
BlogPages:0.18333333333333332
CreateBlogPageDlg:0.14
GwtBlogHelper:0.03666666666666667
BlogPageCreatedEvent:0.03
