CommonUtils:0.43
TableUtils:0.31666666666666665
ReferenceUtils:0.31
ColumnUtils:0.30666666666666664
ColumnNamingConvention:0.2966666666666667
ModelGenerator:0.28
ModelUtils:0.27666666666666667
