ClusterDescription:0.8433333333333334
LatencyMinimizingServerSelector:0.31333333333333335
ClusterDescriptionTest:0.14
