BiomobyManager:0.5766666666666667
DownloadSimpleMoby:0.25666666666666665
IMobyServiceImpl:0.14068253968253966
DownloadSimpleMobyMultiple:0.043333333333333335
AbstractMobyImplSingle:0.02666666666666667
AbstractMobyImplMultiple:0.02
DownloadGenbank:0.0
