DefaultRenderContext:0.67
DefaultVisitContext:0.27666666666666667
DefaultRecordContext:0.27666666666666667
