ImportRetailer:0.39666666666666667
ImportRetailerConfiguration:0.31333333333333335
CSVRetailerImporter:0.27
XMLRetailerImporter:0.12333333333333334
