ApolloPanel:0.36333333333333334
FeatureTier:0.35333333333333333
FeatureView:0.3433333333333333
Transcript:0.3416666666666667
DrawableAnnotatedSeqFeature:0.28833333333333333
ScaleView:0.2733333333333333
AnnotationView:0.20666666666666667
FlexibleTextFeatureTierManager:0.2
ApolloFrame:0.2
StrandedZoomableApolloPanel:0.18666666666666668
ViewMenu:0.12666666666666668
