DatabaseMetaDataImplASA:0.7066666666666667
ConnectionImpl:0.4533333333333333
TdsCoreASA:0.37
