TermVectorsRequest:0.31333333333333335
GetRequest:0.2633333333333333
SingleShardRequest:0.26
AnalyzeRequest:0.25666666666666665
ExplainRequest:0.25
AsyncSingleAction:0.24
Request:0.21333333333333335
GetFieldMappingsIndexRequest:0.21333333333333335
MultiGetShardRequest:0.2088888888888889
MultiTermVectorsShardRequest:0.12555555555555556
AnalyzeRequestBuilder:0.10333333333333333
TransportSingleShardAction:0.10166666666666667
RestAnalyzeAction:0.09666666666666666
TransportShardMultiPercolateAction:0.08
TransportShardMultiGetAction:0.07333333333333333
TransportShardMultiTermsVectorAction:0.07333333333333333
TransportGetAction:0.05333333333333334
TransportTermVectorsAction:0.05333333333333334
TransportExplainAction:0.05333333333333334
