ConnectionManager:0.3933333333333333
MulticastService:0.3333333333333333
IOService:0.27166666666666667
TextCommandServiceImpl:0.26666666666666666
NodeIOService:0.25
NewInstanceCallable:0.2436666666666666
EchoCallable:0.2436666666666666
HazelcastClusterTest:0.21333333333333335
