Variable:0.6086666666666667
QueryState:0.4766666666666667
Producer:0.3786111111111111
Matcher:0.3233333333333333
CompoundPattern:0.22333333333333333
Query:0.22
UserDefinedCompoundPattern:0.16666666666666666
EdgePattern:0.15
