DiskLruCacheTest:0.5366666666666666
DiskLruCache:0.49666666666666665
Entry:0.37333333333333335
FaultyFileSystem:0.2733333333333333
