JSON:0.6733333333333333
B:0.21666666666666667
JSONTest_overflow:0.20666666666666667
JavaBeanDeserializer:0.19555555555555554
CircularReferencesTest:0.19
Bug0:0.11
