AsyncRequestLog:0.4266666666666667
AsyncRequestLogTest:0.32
Dispatcher:0.26666666666666666
RequestLogHandlerFactory:0.2633333333333333
