XMLSAXParser:0.7366666666666667
ServerWidgetsHandler:0.32
PicturesHandler:0.29444444444444445
UIDefinitionParser:0.22333333333333333
CSSPropertiesParser:0.2138888888888889
PicturesParser:0.17666666666666667
ImagesParser:0.17666666666666667
WidgetDefaultsParser:0.17
ConverterRulesParser:0.16666666666666666
