JGoodiesTableLayout:0.8366666666666667
ScaffoldingUtils:0.21333333333333335
