IteratingMDLReader:0.4952222222222221
IteratingMDLReaderTest:0.4633333333333333
MyListener:0.04833333333333333
