DataProviderParserHandler:0.5733333333333334
ConfigParser:0.315
EmbedClientConfigStatefulTest4:0.24333333333333335
