Node:0.5666666666666667
ClusterManager:0.44333333333333336
ExecutorManager:0.2922222222222222
InSelector:0.19333333333333336
SelectorBase:0.17666666666666667
