DataStore:0.5961666666666666
OracleDataStore:0.2966666666666667
SerialDataStore:0.29
JDBCDataStore:0.17
