Trigger:0.5133333333333333
TriggerRouterService:0.3233333333333333
DmlStatement:0.30666666666666664
AbstractDatabasePlatform:0.2525
DatabaseWriter:0.2149444444444444
H2DatabasePlatform:0.19666666666666666
ConfigurationChangedFilter:0.16333333333333333
