SimplePool:0.6233333333333333
Result:0.38666666666666666
Response:0.3616666666666667
