CDKManager:0.6233333333333333
ICDKManager:0.6222222222222222
