SamlIdPEndpointsConfiguration:0.43333333333333335
AbstractSamlProfileHandlerController:0.34
ECPProfileHandlerController:0.18
SSOPostProfileCallbackHandlerController:0.13333333333333333
SSOPostProfileHandlerController:0.13
IdPInitiatedProfileHandlerController:0.08333333333333333
SLOPostProfileHandlerController:0.08333333333333333
SLORedirectProfileHandlerController:0.08333333333333333
AbstractSamlSLOProfileHandlerController:0.056666666666666664
