ICUIntegrationTests:0.3363888888888889
IcuIndicesAnalysis:0.19333333333333333
IcuCollationTokenFilterFactory:0.15
