GwtMainPage:0.5133333333333333
ActivityStreamCtrl:0.43666666666666665
MastHead:0.24
ContentControl:0.214
ASCLayoutPanel:0.08666666666666667
VibeDockLayoutPanel:0.03666666666666667
