User:0.7366666666666667
LoginBackingBean:0.33
PowerstaffUserDetailsServiceImpl:0.18666666666666668
AuthenticationListener:0.105
AuthenticationListenerAdapter:0.09666666666666666
LoginException:0.06333333333333334
AuthenticationApplicationListener:0.05
LoginServiceImpl:0.02
LoginService:0.0011111111111111111
AuthenticationListenerImpl:0.0
