NetFolder:0.69
GwtRpcServiceImpl:0.39
SyncNetFoldersRpcResponseData:0.31333333333333335
GwtNetFolderHelper:0.29777777777777775
ManageNetFoldersDlg:0.22
