FlowService:0.6366666666666667
FlowScopeBinding:0.53
FlowLink:0.41523809523809524
