DefaultDestAddress:0.4866666666666667
CaughtHostsContainer:0.42
ConnectionEngine:0.3116111111111111
OutgoingConnectionDispatcher:0.24666666666666667
TestHostAddress:0.14666666666666667
