UnitManager:0.44333333333333336
PhysicalCondition:0.4266666666666667
RadiationExposure:0.3233333333333333
RadiationTableModel:0.27666666666666667
TabPanelHealth:0.26666666666666666
