JnetConstants:0.9316666666666666
SticksRenderer:0.43333333333333335
