RuntimeStep:0.31666666666666665
ScriptExecutionEngine:0.2966666666666667
ScriptStepResult:0.29333333333333333
ConfigManager:0.2633333333333333
TemplatesUtils:0.26166666666666666
ScriptsAddOrEditDialog:0.24666666666666667
JTBSession:0.22666666666666666
ScriptsUtils:0.184
ScriptsAddOrEditHandler:0.03666666666666667
