DSL:0.68
jOOQAbstractTest:0.36666666666666664
InsertUpdateTests:0.3566666666666667
