PropertyView:0.4066666666666667
PropertyProxy:0.35333333333333333
TreeView:0.23666666666666666
EntityRenderer:0.17666666666666667
WordBuffer:0.16
EntityView:0.14333333333333334
PropertyDateProxy:0.14333333333333334
PropertyFileProxy:0.14333333333333334
PropertyNameProxy:0.12
RootView:0.08
MyView:0.03333333333333333
MyHTMLFactory:0.006666666666666667
MyHTMLEditorKit:0.0
