ResourceLoader:0.72
ShadowResources:0.32
ShadowTypedArray:0.16666666666666666
integer:0.09666666666666666
