RBM:0.5533333333333333
AutoEncoder:0.36666666666666664
RBMTests:0.3433333333333333
BasePretrainNetwork:0.24333333333333335
