Locale:0.6333333333333333
LocaleManager:0.47333333333333333
MockServiceRequest:0.32666666666666666
TestLocaleManager:0.043333333333333335
LocaleMatchComparator:0.04
