GeometryToolsTest:0.7133333333333334
MstandardTests:0.25333333333333335
