MethodUtil:0.7166666666666667
ExceptionHandlerUtil:0.4083333333333333
