RedisPubSubListener:0.68
RTopic:0.5124523809523811
MessageListener:0.2733333333333333
PubSubConnectionEntry:0.25
RedissonLock:0.22333333333333333
RedissonCountDownLatch:0.21333333333333335
MasterSlaveConnectionManager:0.20333333333333334
RedissonTopicTest:0.20333333333333334
SentinelConnectionManager:0.13666666666666666
RedissonTopicPatternTest:0.12333333333333334
RedisClientTest:0.12333333333333334
PubSubStatusDecoder:0.10333333333333333
BaseRedisPubSubListener:0.1
PubSubStatusMessage:0.07
RedissonTopic:0.07
RedissonTopicPattern:0.05
OneShotPubSubListener:0.03333333333333333
