RE:0.14563037
CharIndexedStringBuffer:0.093993194
REMatchEnumeration:0.093771674
CharIndexedInputStream:0.09362916
REMatch:0.088480435
CharIndexedSegment:0.07740819
CharIndexedString:0.07732668
CharIndexedReader:0.075922556
CharIndexedCharArray:0.074687324
RETokenStart:0.071602784
REFilterInputStream:0.06546751
RETokenWordBoundary:0.055887513
REFilterReader:0.04706012
RETokenEnd:0.043824647
RETokenRepeated:0.041754287
REToken:0.038874343
RETokenPOSIX:0.037619233
RETokenRange:0.036549527
RETokenAny:0.034969606
RETokenEndSub:0.034372542
RETokenBackRef:0.028323311
RETokenChar:0.027502635
RETokenOneOf:0.024598163
RETokenLookAhead:0.01723173
