RE:0.25631264
REMatch:0.12034554
CharIndexed:0.06521061
