RE:0.11278259
RESearchMatcher:0.08573824
RETokenLookAhead:0.039607428
