HiveUtil:0.5866666666666667
HiveMetadata:0.4033333333333333
BackgroundHiveSplitLoader:0.32666666666666666
ConfigurationUtils:0.25666666666666665
