InternalIndexShard:0.47333333333333333
UpdateTests:0.36333333333333334
InternalIndexService:0.28
IndicesClusterStateService:0.2733333333333333
LocalGatewayMetaState:0.2633333333333333
AbstractSharedClusterTest:0.22666666666666666
InternalIndicesService:0.17333333333333334
PeerRecoveryListener:0.16
MetaDataDeleteIndexService:0.11
FailedEngineHandler:0.09333333333333334
DeleteIndexListener:0.06666666666666667
