CompletionEngine:0.48333333333333334
RubyScriptCompletion:0.47333333333333333
RubyCompletionProcessor:0.4
