QueryTaskInfo:0.61
TaskOutput:0.43666666666666665
StaticQueryManager:0.19666666666666666
HttpTaskClient:0.18916666666666668
SqlQueryWorker:0.1888888888888889
SimpleQueryTaskManager:0.15
HttpQueryClient:0.13333333333333333
SqlQueryTaskManager:0.13333333333333333
