SeriesBean:0.485
ReportBean:0.29333333333333333
AudioServletResponseItem:0.23
RegroupNonImage:0.21333333333333335
DicomFileLocationFilter:0.14333333333333334
ChooseContentTypeFilter:0.14333333333333334
DicomImageReaderToDicomObject:0.14333333333333334
EncodeAudio:0.006666666666666667
