AzureModule:0.65
AzureDiscoveryPlugin:0.27666666666666667
AzureUnicastHostsProvider:0.23666666666666666
DiscoNodeCache:0.1211111111111111
