ShardRecoveryHandler:0.8466666666666667
RelocationTests:0.37222222222222223
