MapContainer:0.4766666666666667
MapService:0.38333333333333336
PartitionRecordStore:0.31666666666666665
MapEvictTask:0.20333333333333337
NearCache:0.18333333333333332
RecordStatistics:0.17333333333333334
CacheRecord:0.09277777777777778
