DependencyResolver:0.6233333333333333
CachedDependencyResolverTest:0.31
MavenDependencyResolverTest:0.30333333333333334
PropertiesDependencyResolverTest:0.2633333333333333
PropertiesDependencyResolver:0.23333333333333334
CachedDependencyResolver:0.185
LocalDependencyResolver:0.13
