MFlipPanel:0.4066666666666667
MainWindow:0.3233333333333333
MTaskPanel:0.31666666666666665
ImageTransition:0.24666666666666667
PreviewPanel:0.22333333333333333
GHNSDialog:0.21416666666666667
AddFeedDialog:0.2038888888888889
Summary:0.2
UpdateDialog:0.15333333333333332
ComponentTransition:0.12666666666666668
