SQLExecutor:0.7366666666666667
CreateFunctionAnalyzerTest:0.28
DropFunctionAnalyzerTest:0.26
UserDDLAnalyzerTest:0.25333333333333335
