ServiceListenerWrapper:0.545
ReferenceBeanDefinitionParser:0.24
OsgiNamespaceHandlerTest:0.23666666666666666
DummyListenerServiceSignature:0.19666666666666666
DummyListenerServiceSignature2:0.19666666666666666
