CtagsReader:0.27666666666666667
GitHistoryParser:0.11333333333333333
Handler:0.11333333333333333
MercurialHistoryParser:0.11333333333333333
BazaarHistoryParser:0.11333333333333333
BitKeeperHistoryParser:0.10333333333333333
MonotoneHistoryParser:0.10333333333333333
