FailbackRegistry:0.37666666666666665
MulticastRegistry:0.3466666666666667
SimpleRegistryService:0.3466666666666667
CacheRegistry:0.30333333333333334
