Flyway:0.5566666666666666
DbSupportFactory:0.38333333333333336
MigrationTestCase:0.2966666666666667
DB2zosDbSupport:0.13333333333333333
AbstractFlywayMojo:0.09333333333333334
DB2zOSMigrationMediumTest:0.06666666666666667
SQLServerCaseSensitiveMigrationTestCase:0.05138888888888889
