SoundTouch:0.8166666666666667
LwjglDebugStarter:0.35
AudioBuild:0.22333333333333333
VorbisTest:0.20666666666666667
