AbstractTransportTest:0.4881111111111112
NettyClientTransport:0.27666666666666667
