JSON:0.6833333333333333
DefaultJSONParser:0.51
FilterUtils:0.2833333333333333
RedundantTest:0.17
