GdxTests:0.15
MipMap2D:0.12666666666666668
IndexBufferObjectShaderTest:0.12666666666666668
VertexBufferObjectShaderTest:0.12666666666666668
SimpleVertexShader:0.11
MeshShaderTest:0.11
HelloTriangle:0.11
