MqlNode:0.8966666666666666
MqlComparisonNode:0.37666666666666665
MqlBinaryOperator:0.29
