VerifierConfig:0.8766666666666667
PrestoVerifier:0.4066666666666667
TestVerifierConfig:0.19666666666666666
