OldIndexBackwardsCompatibilityTests:0.48
ElasticsearchIntegrationTest:0.41333333333333333
UpgradeTest:0.3333333333333333
CorsRegexTests:0.20333333333333334
DirectBufferNetworkTests:0.12
ResponseHeaderPluginTests:0.11333333333333333
