Association:0.61
PDataTF:0.2866666666666667
AAssociateRQAC:0.2833333333333333
AssociationHandler:0.2
PDataTFDecoder:0.14333333333333334
NewThreadExecutor:0.05333333333333334
DULProtocolHandler:0.04666666666666667
Client:0.01777777777777778
AAssociateRQDecoder:0.006666666666666667
Executor:0.0011111111111111111
