DefinitionModuleImpl:0.5991666666666666
WfAcl:0.4166666666666667
XmlFileUtil:0.30666666666666664
