Compiler:0.755
CompilerDataStorage:0.4592619047619047
HopCompiler:0.38666666666666666
HopDataStorage:0.22333333333333333
