ApolloPanel:0.5466666666666666
FeatureChangeLog:0.30388888888888893
ApolloFrame:0.27666666666666667
StrandedZoomableApolloPanel:0.25
MenuManager:0.06833333333333333
FileMenu:0.05333333333333334
EditMenu:0.05333333333333334
HelpMenu:0.04
TierMenu:0.03333333333333333
BasicWindowListener:0.03
ViewMenu:0.02
