WordScorer:0.41833333333333333
Correction:0.37
SuggestUtils:0.27055555555555555
LinearInterpolatingScorer:0.21333333333333335
StupidBackoffScorer:0.15333333333333332
LaplaceScorer:0.15333333333333332
