DefaultFilterInvocationDefinitionSource:0.44666666666666666
AbstractSecurityInterceptor:0.35133333333333333
MapBasedMethodDefinitionSource:0.31666666666666665
DelegatingMethodDefinitionSource:0.2966666666666667
SecurityConfig:0.28
ChannelProcessingFilter:0.26
AbstractFallbackMethodDefinitionSource:0.23333333333333334
HttpSecurityBeanDefinitionParserTests:0.20333333333333334
GlobalMethodSecurityBeanDefinitionParserTests:0.19666666666666666
FilterChainProxyTests:0.19333333333333333
WebInvocationPrivilegeEvaluator:0.18333333333333332
MethodDefinitionSourceEditorTests:0.17666666666666667
FilterInvocationDefinitionSourceEditorTests:0.17666666666666667
HttpSecurityBeanDefinitionParser:0.17333333333333334
DefaultFilterInvocationDefinitionSourceTests:0.15666666666666668
MethodExpressionAfterInvocationProvider:0.14666666666666667
FilterSecurityInterceptorTests:0.14666666666666667
MockMethodDefinitionSource:0.13666666666666666
FIDSToFilterChainMapConverter:0.13666666666666666
MapBasedMethodDefinitionSourceTests:0.13
PostInvocationExpressionConfigAttribute:0.12788035113035118
ChannelProcessingFilterTests:0.125
FilterChainProxyPostProcessor:0.12
WebInvocationPrivilegeEvaluatorTests:0.11666666666666667
MethodInvocationPrivilegeEvaluator:0.11666666666666667
FilterInvocationDefinitionSourceEditor:0.11166666666666666
ConfigAttributeEditor:0.11
FilterInvocationDefinitionSourceParserTests:0.10666666666666667
MethodExpressionVoter:0.10666666666666667
MethodExpressionVoterTests:0.10666666666666667
ExpressionAnnotationMethodDefinitionSource:0.10333333333333333
SecurityExpressionRoot:0.08666666666666667
MockFilterInvocationDefinitionMap:0.06666666666666667
MethodDefinitionSourceEditorTigerTests:0.05333333333333334
PreInvocationExpressionConfigAttribute:0.043333333333333335
