DataManager:0.5433333333333333
SearchManager:0.2833333333333333
JeevesServlet:0.25333333333333335
IndexMetadataTask:0.24666666666666667
JeevesEngine:0.22
Processor:0.21666666666666667
Geonetwork:0.21666666666666667
ServiceContext:0.12666666666666668
IndexRebuild:0.11666666666666667
