Type:0.6666666666666666
EntityType:0.45
CollectionType:0.36
JoinFetchProfileTest:0.23
TwoPhaseLoad:0.17333333333333334
