Session:0.8366666666666667
SessionImpl:0.44333333333333336
DefaultRefreshEventListener:0.27
RefreshEvent:0.25666666666666665
