FullScreenWindowedTest:0.21
HWCursorTest:0.21
MouseTest:0.21
PbufferTest:0.21
ShadersTest:0.21
StreamPlayer:0.20333333333333334
Gears:0.2
NetTest:0.18916666666666668
PlayTest:0.18
DemoBox:0.16333333333333333
SysTest:0.16000000000000003
KeyboardTest:0.16000000000000003
WindowCreationTest:0.16000000000000003
DisplayTest:0.1516666666666667
SourceLimitTest:0.1516666666666667
StressTest:0.1516666666666667
PositionTest:0.1516666666666667
OpenALCreationTest:0.1516666666666667
MouseCreationTest:0.1516666666666667
SyncTest:0.15
AWTGears:0.15
AWTTest:0.14049999999999999
VBOTest:0.13
VBOIndexTest:0.13
Game:0.12
BasicTest:0.118
PlayTestMemory:0.10388888888888889
MovingSoundTest:0.09799999999999999
ALCTest:0.09799999999999999
TagFieldTest:0.07077777777777777
StreamPlayerMemory:0.06833333333333333
MusicPlayer:0.0553968253968254
CDDAPlayer:0.05
CDPlayer:0.05
DSPTest:0.0453968253968254
StreamTest:0.016666666666666666
