Lexer:0.7233333333333334
UnbufferedTokenStream:0.48333333333333334
TokenSource:0.2678730158730158
LexerInterpreter:0.23
TestUnbufferedTokenStream:0.16333333333333333
TestCommonTokenStream:0.12666666666666668
TestCSV:0.1
