Sleep:0.801
Dictionary:0.5783333333333334
Monitor:0.35333333333333333
