QueryStateInfo:0.8566666666666667
TestQueryStateInfo:0.14666666666666667
TestResourceGroupStateInfo:0.12
