ValueType:0.6263333333333333
ObjectMappedTest:0.3233333333333333
