StatelessChronicleMap:0.8833333333333333
StatelessClientTest:0.35
StatelessServerConnector:0.30333333333333334
