QueueStoreConfig:0.4
QueueContainer:0.37333333333333335
XmlConfigBuilder:0.31
QueueStoreWrapper:0.26666666666666666
