Document:0.44
HTMLElement:0.39
DocumentTest:0.37
Event:0.2833333333333333
YuiTest:0.24666666666666667
