URLConnectionTest:0.4866666666666667
HttpResponseCacheTest:0.42
ResponseCacheTest:0.42
MockResponse:0.41
SampleServer:0.1922222222222222
OkApacheClientTest:0.19
Benchmark:0.17888888888888888
HttpOverSpdyTest:0.17333333333333334
SpdySocketHandler:0.14666666666666667
