UriParser:0.6144444444444445
UriTest:0.4428333333333333
