AbstractSamlProfileHandlerController:0.4633333333333333
SamlObjectSigner:0.39
SamlIdPConfiguration:0.26
SLOPostProfileHandlerController:0.23555555555555557
IdPInitiatedProfileHandlerController:0.21
SSOPostProfileHandlerController:0.18611111111111112
SamlIdPConstants:0.12169841269841271
