ClientConnectionsEntry:0.45666666666666667
MasterSlaveEntry:0.30333333333333334
Config:0.28
MasterSlaveConnectionManager:0.24333333333333335
ConnectionPool:0.23666666666666666
ClusterConnectionManager:0.21
ConnectionManager:0.19416666666666665
SingleEntry:0.07833333333333334
RedissonTest:0.05333333333333334
