PollDirSrvFactory:0.7733333333333333
PollDirSrv:0.6927777777777777
Syslog:0.22583333333333333
DcmSnd:0.21
DcmRcv:0.19666666666666666
PollDirSrvImpl:0.17666666666666667
PollDirSrvFactoryImpl:0.016666666666666666
