Detector:0.68
PDF417BlackBox2TestCase:0.21666666666666667
PDF417BlackBox1TestCase:0.21666666666666667
