MTGRoot:0.52
MTGVoxel:0.30666666666666664
MTGBranchElement:0.26
MTGGraphBuilder:0.17111111111111113
