XSLTUtils:0.39666666666666667
GPSPSBean:0.39666666666666667
ContentManagerBean:0.32
MPPSScpService:0.28944444444444445
AbstractScpService:0.2866666666666667
InitTransformer:0.18883333333333338
GPWLFeedService2:0.07
