Selection:0.6096666666666667
Tree:0.43388888888888894
ArraySelection:0.31
