Euribor:0.8266666666666667
Euribor365:0.6533333333333333
FRA:0.15
