DiskThresholdDecider:0.7433333333333333
ClusterDynamicSettingsModule:0.23
ApplySettings:0.10777777777777776
DiskThresholdDeciderTests:0.07
