TransferDescription:0.49666666666666665
EditorManager:0.44
XMPPChatTransmitter:0.37666666666666665
AbstractFileBufferListener:0.2
SafeDelegatingFileBufferListener:0.11333333333333333
RevertBufferListener:0.04
