FinderPatternFinder:0.6091666666666666
QRCodeBlackBox5TestCase:0.12666666666666668
QRCodeBlackBox2TestCase:0.12666666666666668
QRCodeBlackBox3TestCase:0.12666666666666668
