TextEditorPreferencePage2:0.5833333333333334
RdtUiPlugin:0.5805555555555556
RubyCore:0.31
RubyElementVisitor:0.25333333333333335
