RubyScript:0.7666666666666667
RubyBuilder:0.4066666666666667
