MWebBrowserPanel:0.57
MountPanel:0.4533333333333333
ExternalFolderList:0.42333333333333334
NewFolderDialog:0.35
