Exploration:0.6
Generator:0.43
Transformer:0.4066666666666667
ShapeGenerator:0.35
ExplorationListener:0.3017857142857143
LogReporter:0.23
StatisticsReporter:0.22666666666666666
ExploreAction:0.20666666666666667
ShapeLogReporter:0.19
ExplorationReporter:0.15333333333333332
GenerateProgressMonitor:0.15333333333333332
AExplorationReporter:0.12
GenerateProgressListener:0.115
StateReporter:0.08333333333333333
CompositeReporter:0.06
LTSReporter:0.056666666666666664
ShapeTransformer:0.03333333333333333
LTSLabelsHandler:0.0
