JComboBoxRecorderTest:0.4166666666666667
AbstractSemanticRecorderTest:0.39
ComponentRecorder:0.38
Listener:0.25666666666666665
ComponentTestFixture:0.19383333333333333
ChoiceTester:0.16666666666666666
