Log:0.6966666666666667
LogTest:0.34
CruiseControlConfig:0.24666666666666667
