BasicBufferManagementStrategy:0.39666666666666667
FileMappingConvention:0.29555555555555557
MappedBufferRotator:0.29
MediaDriverAdminThread:0.27666666666666667
BufferManagementStrategy:0.24416666666666667
MappedBufferRotatorTest:0.19333333333333333
SenderChannel:0.19
BasicBufferUsageStrategy:0.09666666666666666
