HiveSessionProperties:0.62
AbstractTestHiveClient:0.3933333333333333
TestHiveFileFormats:0.24666666666666667
HiveFileFormatBenchmark:0.21077777777777776
TestBackgroundHiveSplitLoader:0.19
AbstractTestHiveClientS3:0.19
TestHivePageSink:0.17666666666666667
