LineViewer:0.71
mddViewer:0.5733333333333334
SourceViewServlet:0.22666666666666666
