Settlement:0.6733333333333333
MainScene:0.42333333333333334
Flyout:0.27666666666666667
ChatBox:0.23666666666666666
