SlidrConfig:0.8166666666666667
Builder:0.39
ViewerActivity:0.31333333333333335
