WebUtils:0.82
CasEvent:0.5233333333333333
DefaultCasEventListener:0.17333333333333334
