Entries:0.37
FactoryImpl:0.36
MProxy:0.34277777777777774
CollectionProxyImpl:0.335
CMap:0.23833333333333334
ThreadContext:0.22666666666666666
ConcurrentMapManager:0.22333333333333333
RequestBasedCall:0.22
LockProxy:0.21666666666666667
Node:0.19833333333333333
MProxyImpl:0.19666666666666666
HazelcastTest:0.16333333333333333
MIterate:0.13666666666666666
ProxyKey:0.08666666666666667
ILock:0.07055555555555557
