MMessageLabel:0.6133333333333333
EditorQuickFind:0.445
StaticFocusHandler:0.38133333333333336
ValidatorMessage:0.18666666666666668
