TextToViewSelector:0.4
XmlFlowBuilder:0.37666666666666665
MarkerViewSelector:0.3325
RedirectViewSelector:0.26
SimpleViewSelector:0.21333333333333335
TextToTransitionTargetStateResolver:0.14
TextToViewSelectorTests:0.14
TextToTransitionCriteria:0.13666666666666666
TextToFlowExecutionListenerCriteria:0.09666666666666666
