WebCfgService:0.485
StudyPermissionHelper:0.37333333333333335
WebCfgDelegate:0.2966666666666667
WebLoginContext:0.24333333333333335
SecureSession:0.23333333333333334
AuthenticatedWebSession:0.12777777777777777
