Platform:0.44333333333333336
RequestBody:0.3466666666666667
Android:0.2966666666666667
RequestTest:0.19
SslContextBuilder:0.18166666666666667
JdkWithJettyBootPlatform:0.17
