Py:0.6233333333333333
imp:0.37333333333333335
SyspathJavaLoader:0.35333333333333333
ClasspathPyImporter:0.23666666666666666
