PartialPiChargeDescriptorTest:0.42333333333333334
PartialPiChargeDescriptor:0.41
GasteigerPEPEPartialCharges:0.41
StructureResonanceGenerator:0.39
PartialSigmaChargeDescriptorTest:0.37
Electronegativity:0.36333333333333334
SigmaElectronegativityDescriptor:0.36
BondPartialSigmaChargeDescriptor:0.2966666666666667
PiElectronegativityDescriptor:0.29111111111111115
RearrangementChargeMechanism:0.2833333333333333
HyperconjugationReaction:0.28
SharingAnionReactionTest:0.2733333333333333
PiElectronegativityDescriptorTest:0.2733333333333333
HyperconjugationReactionTest:0.26666666666666666
MDLReaderTest:0.23666666666666666
ConjugatedPiSystemsDetectorTest:0.23
StabilizationPlusChargeDescriptor:0.22666666666666666
IPBondDescriptorTest:0.21
IPAtomicDescriptor:0.21
StructureResonanceGeneratorTest:0.21
IPBondDescriptor:0.20666666666666667
BondPartialTChargeDescriptorTest:0.19333333333333333
PartialTChargePEOEDescriptorTest:0.18666666666666668
BondPartialSigmaChargeDescriptorTest:0.17166666666666666
PartialTChargePEOEDescriptor:0.17
BondPartialTChargeDescriptor:0.17
BondPartialPiChargeDescriptor:0.17
SigmaElectronegativityDescriptorTest:0.16777777777777778
BondSigmaElectronegativityDescriptor:0.16666666666666666
BondPartialPiChargeDescriptorTest:0.16666666666666666
MassNumberDifferenceDescriptorTest:0.14666666666666667
BondSigmaElectronegativityDescriptorTest:0.12
BondDescriptorTest:0.115
MqsarmolecularTests:0.08416666666666667
StabilizationPlusChargeDescriptorTest:0.07666666666666666
AbstractBondDescriptor:0.043333333333333335
MqsaratomicTests:0.043333333333333335
MqsarbondTests:0.04
StabilizationCharge:0.01611111111111111
