LdapModule:0.7533333333333333
LdapModuleImpl:0.665
LdapAuthenticationProvider:0.36
NullLdapModuleImpl:0.2833333333333333
