Graphic3DFactory:0.7572380952380953
ServerExtensionLoader:0.5
AbstractServerEngine:0.38333333333333336
GraphicFactory:0.34
