ScriptEditor:0.6966666666666667
AbstractEventExceptionHandler:0.2633333333333333
MyCode:0.22222222222222218
