Builder:0.5766666666666667
Job:0.5133333333333333
SystemTestBase:0.31666666666666665
DeploymentTest:0.17666666666666667
JobValidatorTest:0.17
JobsResource:0.12666666666666668
AgentRestartTest:0.10666666666666667
AgentZooKeeperDownTolerationTest:0.10666666666666667
IdMismatchJobCreateTest:0.10666666666666667
CliJobCreationTest:0.055
