FileUtils:0.615
TemplateQueryTest:0.4802777777777777
TemplateQueryParserTest:0.43666666666666665
