QueryTest:0.3233333333333333
ClusterServiceImpl:0.31333333333333335
LockTest:0.29
MapProxySupport:0.2733333333333333
InvocationImpl:0.2452222222222222
MapContainer:0.21777777777777782
FinalizeJoinOperation:0.17666666666666667
