SemaphoreProxy:0.38333333333333336
QueueContainer:0.37
SemaphoreService:0.35
ListenerKey:0.27666666666666667
QueueService:0.24666666666666667
CollectionService:0.19333333333333333
QueueMigrationOperation:0.09333333333333334
CollectionPartitionContainer:0.0
DataSerializerCollectionHook:0.0
