GraphicFactory:0.7016666666666667
SwingUtilsFactory:0.45666666666666667
StringUtils:0.35
GraphicUtilsFactory:0.32599999999999996
DefaultStringConverter:0.31
ServerWrapper:0.30333333333333334
SwingFactory:0.22666666666666666
ErrorLogger:0.22166666666666668
AbstractServerEngine:0.22
SwingWorker:0.19666666666666666
MessageProcessor:0.18666666666666668
ChooserRunnable:0.11
SizeKey:0.09333333333333334
AbstractWrapper:0.08333333333333333
