JVM:0.5983333333333334
AbstractingSerializer:0.4592619047619047
JPF_gov_nasa_jpf_symbolic_integer_SymbolicConstraints:0.31333333333333335
JPF_gov_nasa_jpf_symbolic_integer_SymbolicConstraintsSolver:0.24666666666666667
