FormatInformation:0.4266666666666667
MatrixUtil:0.41
BitMatrixParser:0.3
DataMaskTestCase:0.27666666666666667
