Keys:0.6
Linker:0.31666666666666665
ObjectGraph:0.22916666666666666
AtInjectBinding:0.16
FullGraphProcessor:0.15
ProviderMethodBinding:0.1
