GwtServerHelper:0.5333333333333333
HistoryHelper:0.45
FilrActionsCtrl:0.2633333333333333
GwtMainPage:0.24333333333333335
GwtRpcServiceImpl:0.20916666666666667
GwtHistoryHelper:0.19333333333333333
ClearHistoryCmd:0.05416666666666667
