GenerationTest:0.59
Import:0.45666666666666667
ObjectiveCSegmentedHeaderGenerator:0.45
ObjectiveCSegmentedHeaderGeneratorTest:0.27
GenerationBatch:0.15333333333333332
