Internal:0.5633333333333334
JavaApiConverterTest:0.38333333333333336
ResponseCacheTest:0.2866666666666667
AndroidShimResponseCache:0.27
CacheAdapter:0.2644444444444445
OkHeaders:0.25
JavaApiConverter:0.22
CacheHttpURLConnection:0.21416666666666667
