InternalResourceGroup:0.8033333333333333
TestResourceGroups:0.2588888888888889
