JPPFNode:0.4866666666666667
ResourceCache:0.4633333333333333
ShutdownHook:0.2111111111111111
AbstractNode:0.20472222222222225
AbstractJPPFClassLoaderLifeCycle:0.2
AbstractClassLoaderManager:0.18
JPPFNodeMaintenanceMBean:0.15276190476190485
AbstractCommonNode:0.05333333333333334
JPPFNodeMaintenanceMBeanProvider:0.04666666666666667
JPPFNodeMaintenance:0.04
