TestJape:0.53
JapeGUI:0.5288888888888889
TestGate:0.2733333333333333
