AstAdapters:0.39
CmpopAdapter:0.23333333333333334
IdentifierAdapter:0.21666666666666667
ComprehensionAdapter:0.18666666666666668
ExcepthandlerAdapter:0.18666666666666668
KeywordAdapter:0.18666666666666668
StmtAdapter:0.18666666666666668
SliceAdapter:0.18666666666666668
AliasAdapter:0.18666666666666668
ExprAdapter:0.12666666666666668
