IndexMetaData:0.8633333333333333
RestGetIndicesAction:0.33666666666666667
GetSettingsRequest:0.3233333333333333
GetIndexRequest:0.3233333333333333
TransportGetIndexAction:0.17333333333333334
TransportGetSettingsAction:0.17333333333333334
RestGetSettingsAction:0.11666666666666667
