OutputModelFactory:0.4280555555555555
OutputModelController:0.4033333333333333
ActionTranslator:0.27
BlankOutputModelFactory:0.18666666666666668
RewriteImagTokenRef:0.15666666666666668
ParserFactory:0.12
BaseTest:0.1
RewriteImagTokenRefIsRoot:0.04
