DatabaseHandler:0.6
PersistencyHandler:0.5033333333333333
AdminServlet:0.33666666666666667
WikiBase:0.2966666666666667
