LocalDate:0.45666666666666667
LocalDateTime:0.38333333333333336
LocalTime:0.36
TestSerialization:0.28444444444444444
YearMonth:0.2633333333333333
MonthDay:0.2633333333333333
