OneAssetOption:0.36
Derivative:0.35
AbstractSolver1D:0.32666666666666666
NewtonSafe:0.23
NewtonSafeTest:0.19333333333333333
Newton:0.15
NewtonTest:0.11666666666666667
