HostCache:0.9333333333333333
SimpleDNSFetcher:0.2633333333333333
