DBPortPool:0.42333333333333334
SimplePool:0.29333333333333333
Result:0.285
ReplicaSetHolder:0.25
SimplePoolTest:0.22666666666666666
DBPortPoolTest:0.22
DynamicConnectionStatus:0.21666666666666667
MongosStatus:0.19944444444444445
