Entity:0.43666666666666665
Change:0.4033333333333333
Property:0.38333333333333336
Gedcom:0.37666666666666665
PropertyXRef:0.31333333333333335
PropertyDate:0.29333333333333333
Transaction:0.2866666666666667
PropertySex:0.28
Context:0.23
PropertyMultilineValue:0.21
PropertyFile:0.21
PropertyAge:0.20833333333333334
PropertyChange:0.20666666666666667
PropertyBlob:0.20666666666666667
PropertyEvent:0.20333333333333334
PropertyName:0.20333333333333334
PropertySimpleValue:0.19
EntityTableModel:0.18666666666666668
GedcomWriter:0.18333333333333332
EntityView:0.18333333333333332
PropertyTreeWidget:0.18
NavigatorView:0.18
FilterProperties:0.17833333333333334
Renderer:0.17666666666666667
Model:0.175
EditViewFactory:0.15666666666666668
PropertyForeignXRef:0.14333333333333334
ActionSearch:0.13666666666666666
Results:0.13666666666666666
MultiLineProperty:0.1297777777777778
Source:0.11333333333333333
Note:0.10833333333333334
PropertyChoiceValue:0.09666666666666666
AdvancedEditor:0.09
MLEBean:0.09
PIT:0.08666666666666667
Undo:0.03333333333333333
