SqlParser:0.5633333333333334
TestSqlParser:0.5533333333333333
ServerMainModule:0.25
TestingPrestoServer:0.23
PrestoServer:0.19
ErrorHandlingLexer:0.12333333333333334
