JDBCTemplate:0.4533333333333333
Querier:0.16666666666666666
SingleResultQuerier:0.10333333333333333
Updater:0.06666666666666667
