IComputationStrategy:0.6881666666666666
ComputationStrategyRepository:0.53
CDKResourceAdapter:0.41333333333333333
GhemicalPreferencesPage:0.30333333333333334
AbstractGhemicalComputationStrategy:0.14333333333333334
GhemicalPreferenceInitializer:0.1
IGhemicalPreferenceConstants:0.0
