IChemObjectIO:0.715
MACiEReader:0.36666666666666664
CMLWriter:0.36333333333333334
RssWriter:0.29
VASPReader:0.23
INChIReader:0.23
SVGWriter:0.23
MOPAC97Reader:0.23
HINReader:0.23
CDKSourceCodeWriter:0.23
GhemicalMMReader:0.23
IChIReader:0.23
CIFReader:0.23
INChIPlainTextReader:0.23
JMEReader:0.23
Mol2Reader:0.22666666666666666
Gaussian98Reader:0.22666666666666666
ShelXReader:0.22666666666666666
SMILESWriter:0.22666666666666666
CMLReader:0.22666666666666666
Gaussian03Reader:0.22666666666666666
PDBReader:0.22
GaussianInputWriter:0.22
PMPReader:0.22
GamessReader:0.22
ShelXWriter:0.20333333333333334
MDLRXNWriter:0.20333333333333334
CrystClustWriter:0.19
MDLRXNV3000Reader:0.19
MDLWriter:0.18
MDLReader:0.18
MDLV3000Reader:0.18
MDLRXNReader:0.16666666666666666
DefaultChemObjectReader:0.14666666666666667
PDBWriter:0.14333333333333334
DefaultChemObjectWriter:0.14
XYZWriter:0.13333333333333333
Mol2Writer:0.13333333333333333
ZMatrixReader:0.13
CrystClustReader:0.13
SMILESReader:0.13
XYZReader:0.13
HINWriter:0.11
