TermBean:0.8733333333333333
NullTermBean:0.42
TermBeanImpl:0.2633333333333333
Term_Graph:0.23333333333333334
