RecordedRequest:0.65
Internal:0.55
MockWebServer:0.33666666666666667
URLConnectionTest:0.29
MockWebServerTest:0.25
HttpOverSpdyTest:0.24666666666666667
CallTest:0.21833333333333332
InterceptorTest:0.20666666666666667
CacheTest:0.20333333333333334
UrlConnectionCacheTest:0.20333333333333334
ResponseCacheTest:0.19333333333333333
CookiesTest:0.18
HttpOverHttp20Draft16Test:0.15
