Config:0.5733333333333334
DrawableSeqFeature:0.4666666666666667
Evidence:0.30333333333333334
FeaturePair:0.2966666666666667
GAMEAdapter:0.26666666666666666
GenericAnnotation:0.235
FeatureView:0.23
ApolloFrame:0.22666666666666666
FlexibleFeatureTierManager:0.21
DetailInfo:0.20333333333333334
SetDetailPanel:0.15
