MyContainer:0.3333333333333333
ClassTestDescriptor:0.32666666666666666
MethodTestDescriptor:0.27666666666666667
TrackingEngineExecutionListener:0.2468095238095238
MixinAdapter:0.24666666666666667
DisabledTests:0.17
HierarchicalTestExecutorTests:0.11666666666666667
