IOUtil:0.5933333333333334
InferenceUtil:0.46
ModelUtil:0.17
UriUtil:0.15666666666666668
