RedisRunner:0.7133333333333334
RedisProcess:0.3333333333333333
FailedToStartRedisException:0.3272804232804233
RedisClient:0.3233333333333333
RedissonMapCacheReactiveTest:0.2833333333333333
BaseTest:0.24333333333333335
RedissonExecutorServiceTest:0.21666666666666667
RedissonScheduledExecutorServiceTest:0.21
RedissonTest:0.21
RedissonRedLockTest:0.15666666666666668
RedisClientTest:0.15333333333333332
RedissonTopicTest:0.14333333333333334
RedissonBoundedBlockingQueueTest:0.10333333333333333
RedissonBlockingQueueTest:0.10333333333333333
RedissonTopicPatternTest:0.08
RedissonMultiLockTest:0.07333333333333333
WeightedRoundRobinBalancerTest:0.019166666666666665
