Block:0.48333333333333334
FactoryImpl:0.36133333333333334
MapMigrator:0.3433333333333333
ClusterManager:0.32666666666666666
ClusterTest:0.19
MMigrationAwareTargettedCall:0.04666666666666667
