PluginManagerTests:0.75
PluginManager:0.44666666666666666
VerboseProgress:0.31666666666666665
