AnnotationTable:0.47
AddAnnotation:0.3333333333333333
SequenceTable:0.32666666666666666
UpdateAnnotation:0.2866666666666667
UpdateSequence:0.26
