Jodd:0.6366666666666667
JsonParserTest:0.44
JoddBeanTest:0.12666666666666668
JoddDbTest:0.09666666666666666
JoddHtmlStaplerTest:0.09333333333333334
JoddServletTest:0.08
JoddMailTest:0.08
JoddUploadTest:0.08
JoddHttpTest:0.08
JoddCoreTest:0.08
JoddVtorTest:0.08
JoddPetiteTest:0.08
JoddPropsTest:0.08
JoddProxettaTest:0.08
JoddMadvocTest:0.07666666666666666
