TestRun:0.6266666666666667
TestRunPropertySource:0.37333333333333335
TestsViewLabelProvider:0.3433333333333333
