HazelcastTest:0.5743888888888888
HazelcastClientMapTest:0.4033333333333333
ValueCollection:0.37666666666666665
