Datastream:0.44333333333333336
ContentEditor:0.3817857142857143
CurrentVersionPane:0.37333333333333335
DatastreamsPane:0.31666666666666665
DefaultManagement:0.29
RelationshipTuple:0.2833333333333333
TestCommandLineUtilities:0.25
TestXACMLPolicies:0.21666666666666667
DefaultDOManager:0.21
SimpleDOWriter:0.20666666666666667
DisseminationService:0.20166666666666666
WebClient:0.19666666666666666
DatastreamPane:0.16333333333333333
NewDatastreamPane:0.14666666666666667
PriorVersionPane:0.12
TestAPIM:0.1
RDFTupleEditor:0.09
NewRelsExtDatastreamPane:0.06666666666666667
SpringUtilities:0.016666666666666666
TupleArrayTripleIterator:0.016666666666666666
