OneFragment:0.39666666666666667
DoubanTopActivity:0.37666666666666665
BookAdapter:0.31333333333333335
RetrofitHttpClient:0.16833333333333333
BookViewHolder:0.11333333333333333
