ListOQLTest:0.44333333333333336
ListHQLTest:0.44333333333333336
FormsOQLTest:0.31666666666666665
FormsHQLTest:0.31333333333333335
MakumbaJspTestCase:0.16
