CustomersTest:0.6519444444444443
SaveAction:0.37166666666666665
DeliveryTypesTest:0.30333333333333334
