LookHandlerCapacitiesTest:0.5294444444444444
LookHandlerDefinitionTest:0.3927777777777778
LookHandlerCheckTest:0.32666666666666666
LookCapacitiesWriterTest:0.23
LookHandlerCapacities3Test:0.20333333333333334
LookHandlerCapacities2Test:0.20333333333333334
LookHandlerDefinition3Test:0.15666666666666668
LookHandlerDefinition2Test:0.15666666666666668
LookDefinitionWriterTest:0.15
ServerCockpitChangeLayout2Test:0.09
LookHandlerCheckKOTest:0.04666666666666667
