Line:0.5266666666666666
Annotation:0.47333333333333333
Util:0.4
SubversionHistoryParser:0.32666666666666666
MercurialRepository:0.31333333333333335
