NutResource:0.31
DefaultLoading:0.3
JsonLoader:0.23
JarResourceScan:0.16777777777777778
FilesystemResourceScan:0.1311111111111111
ZipEntryResource:0.12777777777777777
AnnotationIocLoader:0.12333333333333334
JarResourceScanTest:0.12333333333333334
FilesystemResourceScanTest:0.12333333333333334
FileResource:0.11666666666666667
