EndEntityProfile:0.8288888888888889
RenewServlet:0.03666666666666667
