JSONScanner:0.6733333333333333
JSONScannerTest_symbol:0.22
DefaultExtJSONParserTest_1:0.18666666666666668
SymbolTable:0.17
PointTest2:0.16
Base64:0.08
Entry:0.02666666666666667
