MapService:0.9133333333333333
PutAllOperation:0.3944444444444445
MapProxySupport:0.24333333333333335
