DescribeRecordResponseTest:0.5766666666666667
DescribeRecordResponseFactory:0.5508333333333333
DescribeRecordSchemaMarshaller:0.38666666666666666
