ConcreteLayer:0.6233333333333333
LayerTreeEditor:0.37666666666666665
MenuFactory:0.31666666666666665
ServerXMLDFHandler:0.29
ServerBinaryDFHandler:0.23666666666666666
