SaveAsAction:0.6783333333333333
ExportAction:0.3233333333333333
