TypeConversionUtil:0.45
FormulaActionHandlerOperations:0.41
Function:0.27
ViewListTag:0.24666666666666667
FormulaActionHandler:0.24666666666666667
AutoShowFormHelper:0.09333333333333334
DisplayVariableTag:0.08333333333333333
LongFilterCriteria:0.0521031746031746
DeleteListElementsByIndexes:0.016666666666666666
ToList:0.013333333333333334
GetListMismatchedIndexes:0.0
CreateSubListByIndexes:0.0
GetSize:0.0
ListElementsUniqueValidator:0.0
ListToString:0.0
GetListMatchedIndexes:0.0
