AtmosphereResourceImpl:0.7366666666666667
AtmosphereFramework:0.5055555555555555
Utils:0.4166666666666667
DefaultWebSocketProcessor:0.28
OnDisconnectInterceptor:0.14333333333333334
