Channels:0.5033333333333333
BasicAuthTest:0.4166666666666667
GrizzlyProxyTunnelingTest:0.21
NettyBasicAuthTest:0.21
GrizzlyBasicAuthTest:0.21
NettyProxyTunnellingTest:0.21
ProxyTunnellingTest:0.20666666666666667
