PeakTableViewer:0.51
ContinuousSpectrumView:0.28
SpectrumListLabelProvider:0.24611111111111109
PeakCellModifier:0.12
PeakSpectrumView:0.11333333333333333
JCampContentProvider:0.09111111111111111
JCampLabelProvider:0.07444444444444444
InnerSpectrumListView:0.07444444444444444
SpectrumMetadataView:0.056666666666666664
PeakView:0.05333333333333334
JCampEditCellModifier:0.03666666666666667
PeakLabelProvider:0.03666666666666667
SpectrumListContentProvider:0.016666666666666666
PeakSorter:0.005833333333333334
SpectrumListSelectionChangedListener:0.0033333333333333335
