UPCEANReader:0.8466666666666667
EAN8Writer:0.16333333333333333
EAN13Writer:0.15666666666666668
UPCAWriter:0.15170634920634923
UPCEWriter:0.10666666666666667
EAN13WriterTestCase:0.01
EAN8WriterTestCase:0.01
