Util:0.7833333333333333
UtilTest:0.33
DirectoryListing:0.20333333333333334
