Buffer:0.6366666666666667
SegmentSharingTest:0.35333333333333333
Segment:0.31333333333333335
TestUtil:0.21666666666666667
SegmentedByteString:0.20555555555555557
UnsafeCursor:0.12333333333333334
