DefaultSearchContext:0.7333333333333333
SearchService:0.6466666666666666
Validator:0.3316666666666667
ContextIndexSearcher:0.26666666666666666
TransportExplainAction:0.06111111111111111
TransportExistsAction:0.05444444444444444
TransportValidateQueryAction:0.023333333333333334
ClusterDynamicSettingsModule:0.02
MockSearchService:0.01
