RouterService:0.35333333333333333
NodeChannel:0.31333333333333335
Channel:0.31
AbstractService:0.2866666666666667
ConfigurationService:0.23555555555555557
RouterServiceTest:0.23333333333333334
RouterContext:0.14166666666666666
RouterDataReader:0.13833333333333334
RouterDataReaderUnitTest:0.023333333333333334
