MyStandardTestCase:0.5466666666666666
StandardTestClassTest:0.43666666666666665
HierarchicalTestEngine:0.4033333333333333
