JibxMarshaller:0.6
AbstractJaxbMarshaller:0.30333333333333334
CastorMarshaller:0.22
XmlBeansMarshaller:0.21333333333333335
XStreamMarshaller:0.21333333333333335
AbstractMarshaller:0.19
Jaxb2Marshaller:0.18666666666666668
AbstractUnmarshallerTestCase:0.07333333333333333
XmlBeansMarshallerTest:0.05
JibxUnmarshallerTest:0.04833333333333333
Jaxb1Marshaller:0.04
AbstractMarshallerTestCase:0.03333333333333333
JibxSystemException:0.02666666666666667
JibxMarshallerTest:0.017777777777777778
