PyArray:0.5933333333333334
struct:0.4266666666666667
ByteStream:0.285
