ProxyService:0.5166666666666667
ServiceManager:0.3433333333333333
NearCacheConfig:0.34
ClientClusterServiceImpl:0.32666666666666666
ClientCallFuture:0.26
ExecutionCallbackNode:0.22666666666666666
ClientClusterService:0.22166666666666668
ProxyManager:0.22
ClientEngineImpl:0.21416666666666667
Registration:0.2
ProxyServiceImpl:0.19333333333333333
SimpleMapTest:0.17661111111111108
ExceptionUtil:0.15333333333333332
FactoryIdHelper:0.12711111111111112
SimpleMapTestFromClient:0.09333333333333334
