ApprovalDataVO:0.5606666666666666
LocalApprovalSessionBean:0.4166666666666667
ApprovalDataUtil:0.2786111111111111
