GUI:0.38133333333333336
TaskHandlerClassesInformationSingleton:0.30276190476190473
TaskMgmtInstance:0.27
BusinessCalendarImpl:0.26199999999999996
ListExecutorsWithoutPermissionsOnBotStationFormTag:0.21333333333333335
SubstitutionCache:0.18444444444444444
ExecutionServiceDelegateStartProcessInstanceTest:0.18366666666666667
AbstractDbTestCase:0.17333333333333334
BatchPresentationHibernateCompiler:0.17333333333333334
ProcessState:0.16033333333333333
JbpmSchemaUpdate:0.16033333333333333
ProcessTaskAssignmentAction:0.09
