Seq:0.3933333333333333
Array:0.38666666666666666
List:0.36
CharSeqTest:0.34
LinearSeq:0.31
IndexedSeq:0.31
Vector:0.3
Queue:0.28
AbstractSeqTest:0.2633333333333333
Stream:0.25333333333333335
Stack:0.23253968253968252
Nil:0.22666666666666666
Cons:0.22087301587301586
CharSeq:0.19666666666666666
