HazelcastClientTest:0.6344444444444444
ClusterWidgets:0.5166666666666667
HazelcastServiceImpl:0.3233333333333333
MonitoringPanel:0.3080952380952381
MapPanel:0.23333333333333334
HazelcastMonitor:0.17333333333333334
MembershipEventGenerator:0.09333333333333334
