ZenDiscovery:0.5266666666666666
PublishClusterStateAction:0.38333333333333336
DiscoverySettings:0.26666666666666666
SendClusterStateRequestHandler:0.20666666666666667
CommitClusterStateRequestHandler:0.20666666666666667
UpdateTask:0.20333333333333334
SendingController:0.20333333333333334
ClusterModule:0.15166666666666667
NetworkDelaysPartition:0.12111111111111111
MinimumMasterNodesIT:0.10333333333333333
ApplySettings:0.09333333333333334
FailedToCommitException:0.06
