ScriptProcessor:0.62
Factory:0.37666666666666665
ScriptProcessorTests:0.36833333333333335
