DialogUtils:0.7466666666666667
SarosUI:0.3233333333333333
VideoSharing:0.2
JoinSessionWizard:0.17388888888888887
AddProjectToSessionWizard:0.15833333333333333
AudioService:0.15
ReceiveFileJob:0.14333333333333334
SendFileStreamService:0.12
SendFileAction:0.10666666666666667
WarningMessageDialog:0.1
