DataView:0.6666666666666666
ArrayBufferViewBase:0.4033333333333333
Uint32Array:0.17333333333333334
ArrayBufferView:0.15333333333333332
DataViewTest:0.006666666666666667
