CrawlURI:0.5133333333333333
CrawlHost:0.43666666666666665
CrawlServer:0.43
ServerCache:0.3333333333333333
SimplePreconditionEnforcer:0.3
CrawlController:0.25666666666666665
ARCWriter:0.19333333333333333
FetcherHTTPSimple:0.16333333333333333
CrawlStateUpdater:0.16333333333333333
