TypedProperties:0.6633333333333333
SerializationHelperImpl:0.39
PermissionsFactory:0.3566666666666667
NodeLauncher:0.16666666666666666
