ConfigurationUtils:0.5266666666666666
ScriptProcessorFactoryTests:0.19
ConfigurationUtilsTests:0.11833333333333333
Factory:0.11733333333333335
ScriptProcessor:0.07788888888888888
