ProfileDao:0.5133333333333333
HistoryStamp:0.49
SearchUtils:0.28
ProfileDaoImplTests:0.24666666666666667
ProfileModuleImpl:0.24333333333333335
DefaultProfileCoreProcessor:0.23
BinderModuleImpl:0.20666666666666667
BuildDefinitionDivs:0.2
TemplateModuleImpl:0.19666666666666666
ResolveIds:0.18666666666666668
AbstractFolderCoreProcessor:0.18
DefaultFolderEmailFormatter:0.18
ProfileDaoImpl:0.16666666666666666
AbstractEntryProcessor:0.16666666666666666
FileLock:0.14333333333333334
MigrationServiceImpl:0.13666666666666666
FileModuleImpl:0.11
ShowUser:0.07333333333333333
