SwingPopupModule:0.6916666666666667
JCPMenuTextMaker:0.5666666666666667
