CacheConfig:0.4266666666666667
CacheSimpleConfig:0.41333333333333333
SpringXmlConfigBuilder:0.31333333333333335
XmlConfigBuilder:0.27
XMLConfigBuilderTest:0.26
WanReplicationRef:0.25666666666666665
TestFullApplicationContext:0.13666666666666666
CacheConfigTest:0.11
