FieldEditor:0.7466666666666667
intEnumEditor:0.3933333333333333
RecordEditor:0.32
