ReplayCharSequence:0.44444444444444436
HttpRecorder:0.43333333333333335
DiskLongFPSet:0.3566666666666667
