INDArray:0.7933333333333333
BaseNDArray:0.3333333333333333
DummyNDArray:0.2833333333333333
NDArrayTests:0.21666666666666667
