GrpcUtil:0.265
DelayedClientTransportTest:0.2633333333333333
FailingClientTransport:0.24666666666666667
RetriableStreamTest:0.22333333333333333
Sublistener:0.2
FailingClientStream:0.13666666666666666
GrpcUtilTest:0.12
