PeerGroup:0.6133333333333333
AbstractBlockChain:0.44666666666666666
FilteredBlock:0.22444444444444447
