IOSInput:0.49666666666666665
IOSPreferences:0.4
IOSAudio:0.37333333333333335
IOSApplication:0.2866666666666667
