Response:0.5666666666666667
ResponseWrapper:0.4533333333333333
MatcherFilter:0.25666666666666665
