DSLContext:0.6466666666666666
Utils:0.5966666666666667
DefaultDSLContext:0.46111111111111114
