RedisCommands:0.5910000000000001
RedissonAtomicLong:0.39666666666666667
RedissonAtomicLongReactive:0.31666666666666665
