EntryMenuPanel:0.3233333333333333
GwtViewHelper:0.31777777777777777
GwtTeamingMessages:0.31666666666666665
ManageUsersDlg:0.2588888888888889
AbstractEntryProcessor:0.25
ObjectKeys:0.14622222222222223
