GraphTransitionStub:0.4633333333333333
DefaultGraphTransition:0.43666666666666665
AbstractGraphState:0.29333333333333333
DefaultGraphNextState:0.25333333333333335
AbstractGraphTransitionStub:0.21333333333333335
VirtualEvent:0.18333333333333332
AbstractEvent:0.16666666666666666
