ObjectFactory:0.55
QueryEditorScene:0.27666666666666667
ChildrenViewScene:0.19333333333333333
ClassNodeWidget:0.16666666666666666
