LoadImageAction:0.8033333333333333
FormulaTest:0.36
ImagesServlet:0.21333333333333335
