Page:0.5906111111111111
HtmlPage:0.4633333333333333
SgmlPage:0.2
JavaScriptPage:0.16666666666666666
BigContentPage:0.16666666666666666
UnexpectedPage:0.16666666666666666
TextPage:0.16666666666666666
