ClassInfo:0.63
InstrumentingClassLoader:0.49222222222222217
InstrumentingClassLoaderConfigTest:0.2941666666666667
