SharingModule:0.75
ProfileModule:0.7033333333333334
GwtViewHelper:0.3491666666666667
ProfileModuleImpl:0.3333333333333333
GwtShareHelper:0.25666666666666665
AllModulesInjected:0.23666666666666666
SharingModuleImpl:0.16333333333333333
SAbstractController:0.16
AbstractAllModulesInjected:0.13
