InformationSchemaQueryTest:0.3433333333333333
LuceneQueryVisitorTest:0.25333333333333335
InformationSchemaTableTest:0.25
InformationSchemaTableExecutionContext:0.25
TablesTable:0.19333333333333333
AsyncBroadcastAction:0.17333333333333334
AbstractInformationSchemaTable:0.12666666666666668
SQLReduceJobStatus:0.12
ColumnsTable:0.07666666666666666
IndicesTable:0.06666666666666667
TestInformationSchemaTable:0.053611111111111116
RoutinesTable:0.04
TableConstraintsTable:0.03666666666666667
