Attribute:0.7153333333333333
AttributeSet:0.6933333333333334
BasicAttributeSet:0.48333333333333334
IntHashtable:0.3155555555555556
BasicAttribute:0.2866666666666667
DicomInputStream:0.2644444444444445
FilterAttributeSet:0.22666666666666666
