EditView:0.5266666666666666
PropertyTreeWidget:0.2833333333333333
Model:0.27666666666666667
BeanPanel:0.23666666666666666
AdvancedEditor:0.23
Cut:0.20666666666666667
