ProjectScript:0.8399999999999999
ProjectScriptTest:0.11
FieldPriorityComparator:0.09799999999999999
