Server:0.73
ClusterableServer:0.7266111111111112
DefaultMultiServerCluster:0.39666666666666667
WrappedServer:0.25
DefaultSingleServerCluster:0.06833333333333333
