ArchiveUtil:0.5566666666666666
Recorder:0.37666666666666665
ReplaySession:0.27
RecordingFragmentReader:0.2111111111111111
ArchiveRecordingLoadTest:0.20333333333333334
ArchiveReplayLoadTest:0.19333333333333333
NotificationsProxy:0.19
ArchiveClient:0.18333333333333332
ArchiveAndReplaySystemTest:0.17333333333333334
RecordingSession:0.14388888888888887
