DefaultJSONParser:0.8033333333333333
DefaultObjectDeserializer:0.25
Bug_for_smoothrat7:0.20666666666666667
