UniversalIsomorphismTester:0.6458333333333334
UniversalIsomorphismTesterTest:0.26666666666666666
