LocalExecutionPlanner:0.5366666666666666
Visitor:0.3466666666666667
LocalQueryRunner:0.26666666666666666
ServerMainModule:0.23666666666666666
DistributedQueryRunner:0.18
TestSqlTaskManager:0.15
TestSqlTaskExecution:0.13333333333333333
