MatrixOpClassification:0.4716666666666667
MatrixOpSubtract:0.05333333333333334
MatrixOpAdd:0.05333333333333334
MatrixOpMultiply:0.05333333333333334
MatrixOpCopy:0.013333333333333334
MatrixOpNegate:0.013333333333333334
MatrixOpNormalise:0.013333333333333334
MatrixOpInvert:0.013333333333333334
