EVAOperation:0.6766666666666666
RepairEmergencyMalfunctionEVA:0.2966666666666667
LoadVehicleEVA:0.2775
RepairEVAMalfunction:0.2733333333333333
MaintenanceEVA:0.24777777777777782
TaskManager:0.24333333333333335
UnloadVehicleGarageMeta:0.23805555555555558
UnloadVehicleEVA:0.2375
MetaTaskUtil:0.20777777777777778
