QualName:0.3933333333333333
Rule:0.38333333333333336
Procedure:0.26666666666666666
Namespace:0.26
RuleTree:0.25666666666666665
CtrlHelper:0.24666666666666667
DirectoryTreeNode:0.22833333333333333
Program:0.21976190476190477
ResourceModel:0.20666666666666667
AbstractResourceTree:0.19
ResourceTab:0.18666666666666668
RecipeTreeNode:0.18
