FeatureSet:0.5766666666666667
DNAUtils:0.5366666666666666
SeqFeatureUtil:0.4033333333333333
