Configuration:0.6066666666666667
Starter:0.49
ConfigurationWindow:0.27666666666666667
TimeoutTimer:0.056666666666666664
MonitoringConfigTab:0.03666666666666667
MonitoringTask:0.034166666666666665
