Job:0.4533333333333333
MasterActor:0.36
WorkerActor:0.35333333333333333
HazelCastStateTracker:0.24666666666666667
GradientChangerExample:0.13416666666666666
BatchActor:0.12
