EdgeFilterTypeGui:0.47333333333333333
SizeAction:0.19666666666666666
EdgeFilterView:0.17
ColorActionListener:0.11
TypeActionListener:0.11
