Array:0.54
Intersector:0.31
LongArray:0.23555555555555557
CharArray:0.23555555555555557
FloatArray:0.23555555555555557
IntArray:0.23555555555555557
ShortArray:0.23555555555555557
BooleanArray:0.23555555555555557
