DataCollectionVisitor:0.6533333333333333
DataCollectionConfigFile:0.59
InvocationAnticipator:0.44
DataCollectionConfigFileTest:0.31666666666666665
NullInvocationHandler:0.0
