Robot:0.83
ComponentRecorder:0.5066666666666667
JTextComponentRecorder:0.3697222222222222
