Main:0.46
Preferences:0.42
BotConsoleFrame:0.3055555555555556
XYZTabPanel:0.24166666666666667
bedPanel:0.22166666666666668
CalibrateZAxis:0.22166666666666668
Panel3D:0.21359523809523806
StatusMessage:0.21333333333333335
ExtruderPanel:0.2
PrintTabFrame:0.1780952380952381
GenericExtruderTabPanel:0.1780952380952381
StepperPositionJPanel:0.1780952380952381
PreviewPanel:0.16642857142857143
ContinuationMesage:0.16166666666666665
LineTest:0.16166666666666665
RepRapBuild:0.14
PreviewWindow:0.13833333333333334
MaterialRadioButtons:0.07166666666666667
MaintenancePositionsFrame:0.06833333333333333
WorkingVolumeFrame:0.05
ShapePanel:0.0
