HashMap:0.68
EmptyNode:0.3311111111111111
HashMapTest:0.09666666666666666
AbstractMapTest:0.092
