DefaultCipherExecutor:0.6466666666666666
CompressionUtilsTests:0.5233333333333333
NoOpCipherExecutor:0.43
