JclassSym:0.55
NEW:0.25333333333333335
SymbolHashEngine:0.24833333333333332
SymbolHashCoreParser:0.22333333333333333
JmethodSym:0.1825
SymbolHashOpcodeSyms:0.14111111111111113
INVOKECLINIT:0.13666666666666666
