BondEditor:0.6866666666666666
EditChemObjectPropsAction:0.24666666666666667
