Jedis:0.61
Protocol:0.46
BinaryJedisCommands:0.2833333333333333
JedisCommands:0.2833333333333333
Commands:0.2833333333333333
BinaryClient:0.25666666666666665
ShardedJedis:0.24
Pipeline:0.23666666666666666
BinaryShardedJedis:0.145
BinaryJedis:0.14
Client:0.11666666666666667
SortedSetCommandsTest:0.08666666666666667
