PolicyFinderModule:0.41
PolicyEnforcementPoint:0.37666666666666665
DefaultAuthorization:0.33666666666666667
Transom:0.32
ReducedPolicyEnforcementPoint:0.2833333333333333
ReducedPolicyFinderModule:0.25333333333333335
JAASRealm:0.23333333333333334
ServerUtility:0.2041666666666667
