Token:0.51
TaskInstance:0.5
ProcessInstance:0.4866666666666667
ProcessDefinition:0.47333333333333333
ExecutionContext:0.43666666666666665
Node:0.4266666666666667
Job:0.42333333333333334
GraphElement:0.3933333333333333
Action:0.38333333333333336
TaskMgmtInstance:0.36
SwimlaneInstance:0.36
VariableInstance:0.34
TaskNode:0.31666666666666665
Profile:0.30833333333333335
ProcessDefinitionStub:0.2886666666666666
StartState:0.2833333333333333
JobSession:0.2633333333333333
ProcessInstanceStub:0.25333333333333335
SuperState:0.24666666666666667
JpdlXmlReader:0.24666666666666667
Timer:0.24388888888888885
TmpDAO:0.23
ExecuteNodeJob:0.22833333333333333
StartedSubprocesses:0.22666666666666666
TokenVariableMap:0.22666666666666666
JbpmExecutionLogic:0.21666666666666667
LockMonitorThread:0.20666666666666667
JobExecutorThread:0.20333333333333334
TmpDAOImpl:0.19666666666666666
ArchivingLogic:0.19333333333333333
GraphHistoryBuilder:0.19333333333333333
VariableContainer:0.18666666666666668
CachingLogicInterceptor:0.18333333333333332
GraphSession:0.18
JbpmCommonLogic:0.18
MultiInstanceState:0.17
HibernateCompilerTranslator:0.16666666666666666
GraphConverter:0.16666666666666666
LoggingInstance:0.16416666666666666
ExecuteActionJob:0.16
DateInstance:0.14666666666666667
DoubleInstance:0.14666666666666667
ByteArrayInstance:0.14333333333333334
NullInstance:0.13666666666666666
ShowGraphHistoryFormTag:0.13666666666666666
ProcessState:0.12822222222222224
SystemLogTDBuilder:0.12333333333333334
TaskStubFactory:0.11
LongInstance:0.10666666666666667
StringInstance:0.10666666666666667
ProcessDefinitionDeleteLog:0.10166666666666667
ProcessDefinitionDeleteExceptionLog:0.09333333333333334
FileArchiveParser:0.09333333333333334
EscalationActionHandler:0.09333333333333334
MapUtil:0.08333333333333333
PassedTransition:0.08166666666666667
TaskEndState:0.07666666666666666
TaskClassPresentation:0.07666666666666666
NodeCollection:0.07
JbpmVariableResolver:0.06666666666666667
UnpersistableInstance:0.05
SpringIntegrationPatch:0.0033333333333333335
