Strategy:0.6133333333333333
ScenarioHandler:0.5833333333333334
Scenario:0.5533333333333333
Result:0.44666666666666666
ConditionalScenarioHandler:0.4061111111111111
Acceptor:0.33666666666666667
DefaultScenario:0.29333333333333333
DefaultModelCheckingStrategy:0.29333333333333333
StateGenerator:0.2733333333333333
Generator:0.2733333333333333
BoundedNestedDFSStrategy:0.2633333333333333
ModelCheckingStrategy:0.2633333333333333
DefaultGraphCalculator:0.25333333333333335
LTLBenchmarker:0.25
MatchingAlgorithm:0.22666666666666666
GeneratorScenarioHandlerFactory:0.22333333333333333
ConditionalAcceptor:0.22
AbstractScenarioHandler:0.21333333333333335
RegExpr:0.2061111111111111
LaunchThread:0.20333333333333334
ConditionalBreadthFirstStrategy:0.19666666666666666
ScenarioHandlerFactory:0.19333333333333333
ScenarioMenu:0.19
MyGenerator:0.18666666666666668
ExplorationTest:0.18666666666666668
AbstractStrategy:0.17142857142857143
ControlledScenarioHandler:0.16666666666666666
ExploreCondition:0.15
CycleAcceptor:0.15
ConditionalDepthFirstStrategy:0.13666666666666666
ExploreStrategyParser:0.12666666666666668
AntWorld:0.12
InvariantViolatedAcceptor:0.10666666666666667
FinalStateAcceptor:0.08666666666666667
NewStateCollector:0.08666666666666667
MCScenarioMenu:0.08666666666666667
PrintResult:0.08
PropertyAcceptor:0.08
AntworldAcceptor:0.05
IsRuleApplicableCondition:0.03666666666666667
NodeBoundCondition:0.0033333333333333335
EdgeBoundCondition:0.0
