Jedis:0.4666666666666667
Client:0.36333333333333334
BinaryJedis:0.2733333333333333
BinaryClient:0.24333333333333335
PipelineBase:0.24
AllKindOfValuesCommandsTest:0.16
