CropIwaImageView:0.53
CropIwaDynamicOverlayView:0.51
CropIwaView:0.3466666666666667
CropIwaOverlayView:0.21333333333333335
ScaleGestureListener:0.15333333333333332
ReInitOverlayOnResizeModeChange:0.14
BitmapLoadListener:0.08
