OutgoingInvitationProcess:0.5266666666666666
InvitationDialog:0.43666666666666665
BinaryChannel:0.33
InvitationDialogLabelProvider:0.21
