LongWrapper:0.6980555555555555
StatisticsTracker:0.5766666666666667
