PojoElValue:0.6111111111111112
ElTest:0.15333333333333332
