PersonEditorBackingBean:0.5066666666666667
PersonEditorBackingBeanDataModel:0.3466666666666667
AdditionalDataDAOHibernateImpl:0.27
AdditionalDataServiceImpl:0.12333333333333334
HistoryTypeConverter:0.056666666666666664
AdditionalDataDAO:0.013333333333333334
AdditionalDataService:0.013333333333333334
