GetINSDEntryNewWizard:0.57
IWebServiceWizardPage:0.3027420634920635
GetINSDEntryNewWizardPageDDBJ:0.24666666666666667
GetINSDEntryNewWizardPageChooseServiceProvider:0.19666666666666666
GetINSDEntryNewWizardPageFinal:0.18666666666666668
GetINSDEntryNewWizardPageEMBL:0.15972222222222224
