Connection:0.6433333333333333
Protocol:0.4033333333333333
RedisInputStream:0.35
