XmlDocumentHandler:0.49333333333333335
DocumentFormat:0.4716666666666667
HtmlDocumentHandler:0.3333333333333333
SgmlDocumentFormat:0.22944444444444448
TestHtml:0.21333333333333335
XmlDocumentFormat:0.2
TestSgml:0.19811111111111113
HtmlDocumentFormat:0.19666666666666668
ScratchCristian:0.12
