RedisAsyncConnection:0.6633333333333333
RMap:0.3844444444444444
RedissonMap:0.3233333333333333
RedissonMapTest:0.27
RedissonSet:0.2511111111111111
