IndexShard:0.71
IndexShardRepository:0.4033333333333333
BlobStoreIndexShardRepository:0.38666666666666666
ShadowEngineTests:0.29333333333333333
StoreTests:0.2833333333333333
IndexService:0.25899999999999995
SnapshotContext:0.19666666666666666
RestoreContext:0.19333333333333333
InternalEngineTests:0.18
SnapshotShardsService:0.16333333333333333
ShadowIndexShard:0.14666666666666667
RecoverySourceHandler:0.10833333333333334
