FindOperation:0.52
FindOptions:0.41333333333333333
MapReduceCommand:0.41333333333333333
BaseQueryMessage:0.33666666666666667
GridFS:0.28
QueryProtocol:0.27666666666666667
ReplyHeader:0.11766666666666666
Bytes:0.0
