ArgumentParser:0.6538888888888889
ArgumentParserTest:0.54
Tokenizer:0.07833333333333334
