ApplicationEntityManagerImpl:0.6044444444444445
Reports:0.38666666666666666
