SocketAcceptor:0.4666666666666667
TcpIpConnectionManager:0.38
SocketConnector:0.23666666666666666
