OutgoingBatchService:0.4266666666666667
OutgoingLoadSummary:0.3566666666666667
IOutgoingBatchService:0.2833333333333333
OutgoingBatchServiceSqlMap:0.2775
