ParseTreePatternMatcher:0.49333333333333335
RuleTagToken:0.2733333333333333
TestParseTreeMatcher:0.2
ParseTreeMatch:0.14894047619047618
TokenTagToken:0.13333333333333333
