Actor:0.5833333333333334
LocalActor:0.2633333333333333
Message:0.20333333333333334
Migrant:0.19666666666666668
ActorRegistry:0.17666666666666667
GlxMigrator:0.13666666666666666
Main:0.11666666666666667
MigrationService:0.08333333333333333
Migrator:0.052388888888888895
