Generator:0.8733333333333333
JavaGenerator:0.6266666666666667
GenerationTool:0.26777777777777784
AbstractGenerator:0.24
