ManagedChannelImpl:0.4666666666666667
AbstractManagedChannelImplBuilderTest:0.37666666666666665
AbstractManagedChannelImplBuilder:0.37333333333333335
OverrideAuthorityNameResolverFactory:0.24
