AuditHandler:0.6666666666666666
Privilege:0.6216666666666667
Handler:0.48
ActionFilter:0.35
