MouseHandler:0.415
SearchResultsPanel:0.35
SWQuickDownloadAction:0.23933333333333337
AddToFavoritesAction:0.23933333333333337
BanHostAction:0.23933333333333337
SWConfigDownloadAction:0.23933333333333337
RemoveSecurityRuleAction:0.15
NewSecurityRuleAction:0.15
EditSecurityRuleAction:0.15
SelectionHandler:0.1
