Query:0.7233333333333334
QueryRetrieveScpService:0.37333333333333335
StoreScpService:0.37
AbstractScpService:0.27
FindScp:0.25055555555555564
MWLFindScp:0.24666666666666667
GPWLFindScp:0.14333333333333334
