TestTaskRunner:0.7583333333333333
MatrixSVDTester:0.23333333333333334
