Randomness:0.42
ClusterChangedEventTests:0.38166666666666665
UUIDTests:0.32
RandomBasedUUIDGenerator:0.24777777777777776
ReindexSameIndexTests:0.12
