Lwjgl3ApplicationConfiguration:0.6533333333333334
Lwjgl3Application:0.5266666666666666
Lwjgl3Window:0.47
