ImportsBuilder:0.45666666666666667
AccessorAttributesCollector:0.3
TypeHierarchyCollector:0.2633333333333333
FullyQualifiedNameMachine:0.2342539682539683
CommentMachine:0.22092063492063493
PostprocessingMachine:0.14333333333333334
