Catalog:0.5133333333333333
RecordingSessionTest:0.33166666666666667
ReplaySessionTest:0.29
RecordingSummary:0.02
