DefaultModuleAddress:0.61
DefaultModuleAddressTest:0.3566666666666667
IllegalModuleDataExceptionTest:0.175
DependencyStateTest:0.13166666666666665
ModuleDataExceptionTest:0.12833333333333333
RuleKeyTest:0.09666666666666666
KernelSeCommonTestSuite:0.06333333333333334
ModuleContextTest:0.055
LoadingStateTest:0.041666666666666664
LogicalModuleStateTest:0.03833333333333333
