ParameterConstants:0.9008333333333332
ClientSymmetricEngine:0.36
ResettableBasicDataSource:0.3233333333333333
