BlojsomPlugin:0.825
MacroExpansionPlugin:0.24666666666666667
ShowMeMorePlugin:0.15333333333333332
SimpleSearchPlugin:0.12
RefererLogPlugin:0.09333333333333334
HyperlinkURLPlugin:0.023333333333333334
