ExtraFinderTest:0.6341666666666667
FinderTestTestClosed:0.2866666666666667
FinderTestSWTClosed:0.2866666666666667
