AndroidXmlTranslator:0.44
XmlDecompressor:0.29
FilesTree:0.2866666666666667
ApkReader:0.20333333333333334
TranslatorFactory:0.11333333333333333
