CallTest:0.6919444444444444
MockWebServer:0.38666666666666666
HttpEngine:0.37833333333333335
