AdaGrad:0.5255555555555557
BaseNeuralNetwork:0.34
NeuralNetworkOptimizer:0.33
Builder:0.29
RBM:0.25333333333333335
CRBM:0.21
RBMTest:0.18333333333333332
RBMMnistExample:0.15333333333333332
DenoisingAutoEncoderMnistExample:0.14333333333333334
