SeqAlignPanel:0.5983333333333334
BaseEditorPanel:0.3522222222222222
