SeqFeature:0.58
FeatureSet:0.49
SiteView:0.43333333333333335
GenbankAdapter:0.33666666666666667
Transcript:0.31666666666666665
GCScoreCalculator:0.25333333333333335
LoadUtil:0.23
ScaleView:0.22
StrandedZoomableApolloPanel:0.215
EnsCGIAdapter:0.20333333333333334
FineApolloPanel:0.19333333333333333
TierPopupMenu:0.17
