MapClientProxy:0.6025
HazelcastClient:0.5666666666666667
HazelcastClientTest:0.35333333333333333
DynamicClusterTest:0.29
OutRunnable:0.2327777777777778
