ExitStatus:0.43
StepExecution:0.41
JobExecution:0.3566666666666667
RepeatTemplate:0.3466666666666667
ItemProviderProcessTaskletTests:0.24666666666666667
ItemProviderProcessTasklet:0.23333333333333334
SimpleJobLauncherTests:0.22333333333333333
StepExecutionTests:0.21333333333333335
SqlStepDao:0.21
SimpleStepExecutor:0.21
ExitStatusTests:0.20666666666666667
ApplicationEventPublisherRepeatInterceptor:0.19666666666666666
RestartFunctionalTests:0.19
RepeatInterceptorAdapter:0.19
SimpleJobExecutorFacaderTests:0.17
JobExecutionTests:0.16333333333333333
SimpleStepConfigurationTests:0.15333333333333332
DefaultStepExecutorTests:0.15333333333333332
RepeatInterceptorTests:0.14833333333333334
StepConfigurationSupportTests:0.14
SimpleJobLauncher:0.14
AbstractLifecycleSpringContextTests:0.13666666666666666
SimpleJobExecutorFacade:0.13666666666666666
DefaultStepExecutor:0.13083333333333333
DefaultJobExecutorTests:0.13
DefaultJobExecutor:0.1188888888888889
GracefulShutdownFunctionalTest:0.11333333333333333
InfiniteLoopTasklet:0.11
ChunkOperationsStepConfigurationTests:0.09333333333333334
StepExecutorInterruptionTests:0.09
BatchCommandLineLauncher:0.08666666666666667
InterruptibleContainer:0.04666666666666667
ReadProcessTasklet:0.043333333333333335
InterruptibleFacade:0.03
AbstractBatchLauncherTests:0.016666666666666666
