DateFormatPlugin:0.7752777777777778
EditBlogPropertiesPlugin:0.5703333333333334
