CharacterReader:0.4533333333333333
XmlTreeBuilder:0.3433333333333333
HtmlTreeBuilder:0.2966666666666667
UrlConnectTest:0.2633333333333333
CharacterReaderTest:0.25666666666666665
Response:0.24333333333333335
HttpConnection:0.24
DataUtil:0.22333333333333333
Parser:0.21361111111111114
Entities:0.20333333333333334
W3CBuilder:0.19
DataUtilTest:0.18166666666666667
HttpConnectionTest:0.16666666666666666
TreeBuilder:0.14333333333333334
BomCharset:0.03333333333333333
