Shape:0.74
EdgeBundle:0.38
EquationSystem:0.3566666666666667
EdgeSignature:0.31666666666666665
Materialisation:0.24
PowerSetIterator:0.09333333333333334
