CreateCRLSessionBean:0.5733333333333334
CRLUtil:0.37666666666666665
CRLStoreServletStandAlone:0.3433333333333333
MyAdapter:0.24305555555555558
OnlyDataCRLSessionBean:0.23666666666666666
CRLStoreStandAlone:0.2061111111111111
