AbstractCondition:0.6522222222222221
ControlBuilder:0.4066666666666667
ParameterAspectValue:0.3566666666666667
