DocumentImpl:0.5633333333333334
TestDocument:0.47
DocumentContentImpl:0.31
TestAnnotation:0.29333333333333333
