IntPointer:0.18666666666666668
BytePointer:0.18666666666666668
CharPointer:0.18666666666666668
ShortPointer:0.15333333333333332
LongPointer:0.15333333333333332
FloatPointer:0.15333333333333332
DoublePointer:0.15333333333333332
