Entry:0.30666666666666664
Advice:0.30333333333333334
AsmVisitorWrapperForDeclaredMethodsTest:0.29333333333333333
ForOrigin:0.27166666666666667
BridgeMethodImplementation:0.26
DispatchingVisitor:0.23666666666666666
MethodVisitorWrapper:0.1162777777777778
