TheoryAnchor:0.43666666666666665
JUnit4ClassRunner:0.41
IgnoreViolatedAssumptions:0.24
Theories:0.13333333333333333
TestElement:0.13
MultipleFailureException:0.10888888888888888
