Process:0.8166666666666667
VariableDefinitionParser:0.44666666666666666
