TagData:0.7355555555555555
JspParseData:0.5266666666666666
