SQLServerTest:0.48333333333333334
SQLServerDatabase:0.36333333333333334
Dbo:0.23333333333333334
SequenceFunction:0.21333333333333335
