LabelTree:0.4947222222222223
ExportAction:0.36333333333333334
ImportAction:0.31666666666666665
