AuditTrailTopComponent:0.46
ObjectAuditTrailTopComponent:0.38666666666666666
AuditTrailService:0.2872222222222222
ShowObjectAuditTrailAction:0.17666666666666667
