JxlsStyle:0.5933333333333334
JxlsWorkbook:0.41333333333333333
JxlsSheet:0.41
DeliveryTest:0.31
GenerateReportAction:0.25333333333333335
GenerateReportServlet:0.23666666666666666
ClerkTest:0.19
JxlsCell:0.15666666666666668
ReportXLSServlet:0.05333333333333334
ReportXLSAction:0.03222222222222223
JxlsConstants:0.023888888888888887
