Grammar:0.5566666666666666
GrammarProperties:0.52
GrammarModel:0.5033333333333333
Condition:0.5
GTS:0.44
SystemStore:0.43666666666666665
Proof:0.39666666666666667
Exploration:0.37666666666666665
DefaultFileSystemStore:0.36333333333333334
GrammarRecord:0.30666666666666664
Generator:0.29
MatchCollector:0.2756746031746032
StateCache:0.2733333333333333
SimulatorModel:0.25666666666666665
CompositeEvent:0.25
AbstractGraphState:0.24055555555555552
ExplorationStatistics:0.23555555555555552
ReteNetwork:0.23333333333333334
StateReference:0.23
ShapeState:0.20333333333333334
PatternGraphGenerator:0.20333333333333334
Materialisation:0.20199999999999999
ShapeGenerator:0.1980952380952381
RuleTransitionLabel:0.19666666666666666
CtrlLoader:0.19666666666666666
MyEdit:0.1930952380952381
AGTS:0.19
ConditionSearchItem:0.18833333333333332
CtrlBuildTest:0.18333333333333332
DefaultArchiveSystemStore:0.18333333333333332
ReteNetworkTest:0.17666666666666667
ExplorationTest:0.17666666666666667
STSTest:0.17333333333333334
RuleDependencies:0.17
PlanData:0.16666666666666666
RecipeTest:0.15
TransSystemChecker:0.14833333333333334
Transform:0.14777777777777779
TestMaterialisation:0.14666666666666667
EditSystemPropertiesAction:0.14666666666666667
TestMatching:0.14666666666666667
StrategyEnumerator:0.14333333333333334
PatternGraphGrammar:0.13142857142857142
PropertiesDisplay:0.13
BoundedModelCheckingDialog:0.13
VersionDialog:0.12666666666666668
LinearStrategy:0.12333333333333334
LoadGrammarAction:0.12333333333333334
PreviewControlAction:0.12333333333333334
CtrlTester:0.11166666666666666
GrooveState:0.10666666666666667
IOTest:0.10666666666666667
AcceptorEnumerator:0.1
TemplateList:0.1
EncodedRuleFormula:0.09
EdgeEmbargo:0.08666666666666667
GraphBasedEdit:0.08
TextBasedEdit:0.08
PutPropertiesEdit:0.06
Template0:0.06
EncodedFixedEnumeratedType:0.06
ReteSearchEngine:0.056666666666666664
StartGraphState:0.056666666666666664
EncodedBoundary:0.05
EncodedType:0.04666666666666667
Template1:0.03666666666666667
EncodedEdgeMap:0.023333333333333334
Template2:0.023333333333333334
EncodedLtlProperty:0.016666666666666666
EncodedHostName:0.013333333333333334
EncodedInt:0.01
EncodedEnabledRule:0.006666666666666667
TestShapeIso:0.006666666666666667
