LayoutThread:0.5666666666666667
JnetManager:0.5433333333333333
