Function:0.5466111111111112
AggregateWindowFunctionTests:0.3638888888888889
