PropertyBean:0.6266666666666667
ChoiceBean:0.44333333333333336
