XCPDGatewayRequestHandler:0.49
XCPDInitiatingGatewayRequestHandler:0.4766666666666667
XCPDRespondingGateway:0.2633333333333333
XCPDInitiatingGateway:0.2377777777777778
XCPDRespondingGatewayRequestHandler:0.20666666666666667
