DefaultMandatoryDependencyManager:0.3433333333333333
SingleExportDependingOnMultipleImportTest:0.32166666666666666
OsgiServiceCollection:0.31
Listener:0.2866666666666667
ImporterDependencyListener:0.2811111111111111
