DynamicCollection:0.38
DynamicIterator:0.37166666666666665
DynamicListIterator:0.31666666666666665
DynamicListTest:0.26666666666666666
OsgiServiceIterator:0.2633333333333333
OsgiServiceListIterator:0.25333333333333335
ManagedServiceFactoryTest:0.24
OsgiServiceCollection:0.24
OsgiServiceList:0.19666666666666666
Listener:0.16333333333333333
DynamicCollectionIteratorTest:0.07333333333333333
