WebServiceTaskHandler:0.63
WSTaskHandler:0.29333333333333333
WebServiceTaskHandlerSettings:0.21333333333333335
WebServiceTaskHandlerXMLParser:0.18194444444444446
StrintToByteArrayConverter:0.023333333333333334
StringMatcher:0.006666666666666667
