TierMenu:0.615
AnnotationMenu:0.6102777777777777
HelpMenu:0.41333333333333333
