PartitionService:0.602
Node:0.5933333333333334
PartitionServiceImpl:0.31333333333333335
