Collision:0.5866666666666667
CollisionJNI:0.37833333333333335
ExtrasJNI:0.29777777777777775
btWorldImporter:0.28777777777777774
CollisionConstants:0.011111111111111112
