CapsdDbSyncer:0.6733333333333333
JdbcCapsdDbSyncer:0.4066666666666667
DataSourceFactory:0.3566666666666667
Capsd:0.2733333333333333
PollerTest:0.25333333333333335
OpenNMSProvisioner:0.22666666666666666
OpenNMSProvisionerTest:0.2
CapsdTest:0.09
ScanSuspectTest:0.08333333333333333
