AtomContainer:0.7988888888888889
ConnectivityChecker:0.3566666666666667
