TimeBuild:0.8338888888888889
TimeBuildTest:0.31666666666666665
