DriverConductor:0.5833333333333334
Receiver:0.3416666666666667
DriverConductorTest:0.2866666666666667
EventLogger:0.21
ReceiverProxy:0.17
