StudyListLocal:0.6733333333333333
StudyListPage:0.3044444444444444
WebCfgService:0.3
StudyListBean:0.29333333333333333
SelectedEntities:0.2544444444444445
PatientModel:0.22666666666666666
ExportInfo:0.20777777777777778
StudyPermissionsBean:0.19666666666666666
WebLoginContext:0.19
ExportPage:0.18666666666666668
