GenericStepperMotor:0.5866666666666667
StepperPanel:0.4533333333333333
ShapePanel:0.18666666666666668
Main:0.17333333333333334
LinePrinter:0.16777777777777778
RequestSeekResponse:0.04416666666666667
