LoggingDelegatingFuture:0.44
LoggingScheduledExecutor:0.43666666666666665
ExecutionServiceImpl:0.2733333333333333
LoggingScheduledExecutorTest:0.22666666666666666
GroupProperty:0.19026984126984126
ClientExecutionServiceImpl:0.17333333333333334
