DataPoint:0.5466666666666666
Word2Vec:0.47333333333333333
VPTree:0.2966666666666667
NearestNeighborsResource:0.22666666666666666
WordVectorSerializer:0.22
