Configuration:0.6633333333333333
Starter:0.4866666666666667
ConfirmationsTab:0.23666666666666666
