OptionReader:0.5233333333333333
PhotonMapRayProcessor:0.4533333333333333
PhotonMap:0.22666666666666666
