Preferences:0.5366666666666666
RrPolygon:0.3933333333333333
RrPolygonList:0.3
GCodeReaderAndWriter:0.27666666666666667
GenericExtruder:0.26666666666666666
Producer:0.22444444444444447
LayerProducer:0.21444444444444447
Panel3D:0.20222222222222225
LayerRules:0.19666666666666666
