DefaultExecutionTracker:0.4522222222222223
MirrorFactory:0.45
FieldVariableJVMImpl:0.31777777777777777
LocalVariableJVMImpl:0.2866666666666667
DefaultVariablesWatcher:0.07666666666666666
