ObjectNodeWidget:0.62
AbstractScene:0.39
SDHModuleScene:0.37
PhysicalConnectionProvider:0.19333333333333333
SceneConnectProvider:0.16
SDHModuleActionsFactory:0.15444444444444444
TagLabelWidget:0.14666666666666667
SDHModuleConnectProvider:0.12444444444444443
HighContrastLookAndFeel:0.11666666666666667
ObjectConnectionWidget:0.11333333333333333
