CasCookieConfiguration:0.5703333333333334
JdbcPasswordManagementService:0.5703333333333334
