HtmlPage:0.6733333333333333
HtmlElement:0.6633333333333333
HtmlFormTest:0.29
HtmlSelect:0.29
HtmlImage:0.22666666666666666
