ColumnSelector:0.49666666666666665
MonitorWindow:0.2966666666666667
PersonTableModel:0.21694444444444447
UnitTableModel:0.19666666666666666
MonitorTab:0.18666666666666668
TableTab:0.16
BarChartTab:0.09666666666666666
PieChartTab:0.09
TableHeaderRenderer:0.05333333333333334
ColumnSortIcon:0.016666666666666666
