LineElement:0.44333333333333336
BasicBondGenerator:0.33666666666666667
IntermediateRenderer:0.30333333333333334
HighlightGenerator:0.2
BasicGenerator:0.1811111111111111
RingGenerator:0.14
WedgeLineElement:0.13
