XmlReportData:0.52
XmlReportsWritingListener:0.4683333333333333
DummyTestEngine:0.28
XmlReportsWritingListenerTests:0.20333333333333334
