CorporaView:0.44
CreatePartition:0.2633333333333333
SpecificitiesResultEditor:0.23666666666666666
Perspective:0.23
ApplicationWorkbenchWindowAdvisor:0.21
Application:0.14844444444444443
CreatePartitionDialog:0.04666666666666667
SpecificitiesResultEditorInput:0.02
