FileTrigger:0.6766666666666666
FileSyncService:0.33
FileSyncZipDataWriter:0.30666666666666664
