HibernateStatisticsTestSupport:0.2733333333333333
CacheHitMissReadOnlyTest:0.22333333333333333
NaturalIdTest:0.19666666666666666
RegionFactoryDefaultTest:0.07
