EngineHints:0.41431746031746036
ProtocolInputDecoder:0.3
NetworkHandler:0.29
SaveAsDialog:0.27
JFXRendererBridge:0.21333333333333335
NetworkClient:0.21
ClientComUtilities:0.19666666666666666
ConfigProperties:0.13666666666666666
