Socks5Transport:0.6366666666666667
BytestreamTransport:0.4211111111111111
