WfeScriptRunner:0.3933333333333333
ArchivingLogic:0.27
JbpmExecutionLogic:0.26
JbpmCommonLogic:0.21666666666666667
JbpmDefinitionServiceBean:0.21666666666666667
ArchivingBean:0.19666666666666666
