CacheAdapter:0.6466666666666666
BaseRegion:0.4166666666666667
CacheAdapterImpl:0.34
AbstractCollectionRegionAccessStrategyTestCase:0.2
AbstractEntityRegionAccessStrategyTestCase:0.2
JndiInfinispanRegionFactory:0.09166666666666666
