FlowRegistryFactoryBean:0.56
FlowBuilderServicesBeanDefinitionParser:0.47333333333333333
WebFlowConfigNamespaceHandler:0.28
WebFlowELExpressionParser:0.20666666666666667
