CriticalPair:0.6333333333333333
ParallelPair:0.43333333333333335
TestConfluenceWithAttributes:0.27666666666666667
TestDeleteUseWithAttributes:0.14
