IDbDialect:0.7933333333333333
AbstractDbDialect:0.38666666666666666
SymmetricEngine:0.32666666666666666
IntegrationTest:0.2727777777777778
SqlTemplate:0.25666666666666665
AbstractTest:0.22444444444444447
MultiDatabaseTestFactory:0.20333333333333337
DbDialectFactory:0.14
HsqlDbTrigger:0.04
