HomeActivity:0.33666666666666667
DimenUtils:0.29
BootstrapDrawableFactory:0.21333333333333335
