Multimap:0.7188888888888889
AbstractMultimap:0.31333333333333335
AbstractMultimapTest:0.2866666666666667
