HazelcastClient:0.8003333333333333
IORunnable:0.4083333333333333
