MetadataLib:0.7733333333333333
MainPanel:0.43333333333333335
