StatisticsReporter:0.6033333333333334
SimulatorModel:0.4166666666666667
