ClassPathScanner:0.5066666666666667
Location:0.44333333333333336
ClassPathScannerSmallTest:0.32
SqlMigrationResolver:0.18
MainMediumTest:0.17333333333333334
FileSystemLocationScannerMediumTest:0.15
JavaMigrationResolver:0.13
SpringJdbcMigrationResolver:0.13
JdbcMigrationResolver:0.13
LocationsSmallTest:0.12666666666666668
