AbstractJCPEditor:0.5316666666666666
CMLfileEditor:0.33666666666666667
MDLMolfileEditor:0.33666666666666667
