Visitor:0.35
UnionNode:0.2966666666666667
PrestoVerifier:0.258
PlanFragment:0.19666666666666666
DiscoveryNodeManager:0.16666666666666666
TestApproximateCountDoubleAggregation:0.15666666666666668
TestApproximateCountLongAggregation:0.15666666666666668
TestApproximateLongSumAggregation:0.12
TestApproximateDoubleSumAggregation:0.12
