ServiceData:0.5288888888888889
ReturnAllowedAttributeReleasePolicy:0.38333333333333336
ReturnMappedAttributeReleasePolicy:0.38333333333333336
RegisteredServiceEditBean:0.26666666666666666
RegisteredServiceSimpleFormController:0.14333333333333334
