ImportModule:0.4266666666666667
CorpusRuledConvertion:0.33666666666666667
XMLTXMFileRuledConversion:0.33
RecodeCorpus:0.18666666666666668
IsCorpusAnnotated:0.08666666666666667
