SearchUtils:0.49333333333333335
AbstractLuceneReadSession:0.3933333333333333
PostFilterCallback:0.39166666666666666
SessionHelper:0.3566666666666667
PostFilteringStats:0.13666666666666666
