OrigoApiClient:0.5633333333333334
OrigoPublisher:0.5261111111111112
OrigoPublisherTest:0.07
