Suggest:0.6233333333333333
CompletionSuggestionBuilder:0.44333333333333336
CompletionSuggestionContext:0.2966666666666667
CompletionSuggester:0.19
OptionPriorityQueue:0.18333333333333332
