RecordStore:0.865
SetOperation:0.3522222222222222
DefaultRecordStore:0.3466666666666667
