ClusterServiceImpl:0.5066666666666667
FinalizeJoinOp:0.3933333333333333
ClusterJoinManager:0.3
NodeEngineImpl:0.25666666666666665
AbstractCacheService:0.25
PreJoinAwareServiceImpl:0.14666666666666667
ClusterDataSerializerHook:0.14444444444444443
CacheDataSerializerHook:0.13666666666666666
MembershipUpdateTest:0.12666666666666668
TimeConsumingPreJoinOperation:0.09
