Frontier:0.7366666666666667
BroadScope:0.25888888888888884
DiskIncludedFrontier:0.18666666666666668
