HiveClientConfig:0.48333333333333334
PrestoS3FileSystem:0.44333333333333336
HiveClient:0.37
PrestoS3InputStream:0.3
HiveOutputTableHandle:0.19
TestHiveClientConfig:0.11333333333333333
HdfsConfiguration:0.08333333333333333
PrestoS3OutputStream:0.056666666666666664
