FsInfo:0.6333333333333333
FsProbe:0.31333333333333335
FsInfoCache:0.24444444444444446
FsService:0.20333333333333334
MonitorService:0.19666666666666666
FsProbeTests:0.13
Fields:0.014285714285714285
