DateTimeField:0.6466666666666666
PartialInstant:0.47166666666666657
AbstractDateTimeField:0.41
TimeOfDay:0.35
TestTimeOfDay:0.3466666666666667
GJMonthOfYearDateTimeField:0.32
UnsupportedDateTimeField:0.2733333333333333
GJDayOfWeekDateTimeField:0.2733333333333333
AbstractPartialFieldProperty:0.26666666666666666
DelegatedDateTimeField:0.26
CopticEraDateTimeField:0.25666666666666665
BuddhistEraDateTimeField:0.25666666666666665
GJEraDateTimeField:0.25
HalfdayField:0.05333333333333334
