Updater:0.6986666666666667
LayerUpdater:0.4166666666666667
ComputationGraphUpdater:0.29333333333333333
