Stratify:0.5033333333333333
BDDSolver:0.5
Solver:0.49333333333333335
