DocumentManager:0.5966666666666667
DocumentManagerUtils:0.44666666666666666
LayoutFrame:0.31333333333333335
BoxPropAction:0.14666666666666667
RectModifier:0.06666666666666667
