XMPPChatTransmitter:0.8033333333333333
JingleFileTransferSession:0.3566666666666667
