Step:0.5566666666666666
DataFile:0.43
ScriptsUtils:0.37333333333333335
ScriptNewStepDialog:0.31666666666666665
ScriptStepResult:0.29
RuntimeStep:0.23
ScriptNewDataFileDialog:0.20333333333333334
ScriptStepAddOrEditHandler:0.09333333333333334
ScriptDataFileAddOrEditHandler:0.08
DataFileChooserDialog:0.07666666666666666
ScriptExecutionEngine:0.065
ScriptEditViewPart:0.0475
