MultiLayerNetwork:0.4633333333333333
VocabWord:0.4266666666666667
AsyncSequencer:0.3927777777777778
FirstIterationFunction:0.31666666666666665
Builder:0.30333333333333334
WordVectorsImpl:0.29333333333333333
SparkComputationGraph:0.25333333333333335
ComputationGraph:0.23333333333333334
SparkDl4jMultiLayer:0.22666666666666666
MultiLayerTest:0.20333333333333334
TextPipelineTest:0.19333333333333333
FileLabelAwareIterator:0.14
SequenceVectors:0.06
Word2Vec:0.05
MapToPairFunction:0.02666666666666667
