ProfileModule:0.4425
WorkflowState:0.38333333333333336
TransitionUtils:0.37333333333333335
WorkflowModuleImpl:0.2733333333333333
SecurityDaoImpl:0.24666666666666667
TimerAction:0.23
ProfileDaoImpl:0.21333333333333335
ProfileModuleImpl:0.19
ViewController:0.15666666666666668
ExitEvent:0.10666666666666667
EditController:0.09666666666666666
