AuthenticationManager:0.8333333333333334
AuthenticationManagerImpl:0.5266666666666666
DispatchServer:0.32
AuthenticationManagerUtil:0.17333333333333334
