XMLLogHelper:0.8433333333333334
XMLLogHelperTest:0.4066666666666667
