Context:0.5783333333333334
DriverConductor:0.49666666666666665
DriverConnection:0.4866666666666667
MediaDriver:0.46166666666666667
ReceiverTest:0.17833333333333334
