CATokenContainerImpl:0.49
CATokenInfo:0.43333333333333335
CAAdminSessionBean:0.3
StringTools:0.26666666666666666
CVCCA:0.21
TestStringTools:0.16333333333333333
CATokenConstants:0.03
