Command:0.8066666666666666
HomepageRedirector:0.29444444444444445
AbstractContentDisplayer:0.16
LocalizationLocator:0.16
