AJAXTest:0.43333333333333335
SelectListFormatAction:0.25
FilterTabBaseAction:0.19333333333333333
