JsonExtract:0.5066666666666667
JsonFunctions:0.42
TestExpressionCompiler:0.38333333333333336
TestJsonExtract:0.29333333333333333
FunctionRegistry:0.29
TypeRegistry:0.21
