CompositeExecutionJobListener:0.2733333333333333
CompositeItemWriteListener:0.21
CompositeStepExecutionListener:0.20666666666666667
CompositeSkipListener:0.2
CompositeItemReadListener:0.19666666666666666
CompositeChunkListener:0.16666666666666666
OrderedComposite:0.12333333333333334
OrderedCompositeTests:0.07333333333333333
