ConditionProviderImpl:0.43666666666666665
SelectQueryImpl:0.37
UpdateQueryImpl:0.36
AbstractDMLQuery:0.30666666666666664
DeleteQueryImpl:0.21333333333333335
InsertQueryImpl:0.20333333333333334
Settings:0.19666666666666666
SettingsTools:0.17
