KernelSeCommonTestSuite:0.254
KernelSeTestSuite:0.17666666666666667
KernelSeStateTestSuite:0.17333333333333334
AbstractStateTest:0.10333333333333333
LoadingStateTest:0.06666666666666667
DependencyStateTest:0.06
WellFormedStateTest:0.04666666666666667
FormallyProvedStateTest:0.04666666666666667
