Robot:0.5133333333333333
ComponentRecorderTest:0.43333333333333335
ComponentRecorder:0.4033333333333333
ComponentTesterTest:0.38666666666666666
