FactoryProvider2:0.37
FactoryProvider2Test:0.36666666666666664
FactoryProvider:0.26
Equals:0.21333333333333335
FactoryModuleBuilderTest:0.19666666666666666
AssistedConstructor:0.14166666666666666
FactoryProviderTest:0.13666666666666666
BindingCollector:0.10333333333333333
