MoleculesEditor:0.6133333333333333
MoleculeTableContentProvider:0.4066666666666667
MoleculesEditorContentProvider:0.3233333333333333
MultiPageMoleculesEditorPart:0.25666666666666665
