IDCreator:0.43
JChemPaintEditorPanel:0.4166666666666667
CMLRoundTripTest:0.3333333333333333
CreateReactionAction:0.25666666666666665
Convertor:0.24
SetOfReactionsTest:0.20244444444444445
CleanupAction:0.15
CreateAction:0.15
