SimpleQueryStringBuilder:0.46
SimpleQueryStringBuilderTests:0.4033333333333333
AbstractQueryTestCase:0.36666666666666664
SimpleQueryParser:0.35
SimpleQueryStringIT:0.21
