Context:0.7566666666666667
NioEventLoopGroup:0.43
ClientConnectionManagerImpl:0.4066666666666667
DefaultNodeContext:0.14666666666666667
Select_NioEventLoopGroupFactory:0.13666666666666666
SelectWithSelectorFix_NioEventLoopGroupFactory:0.12666666666666668
SelectNow_NioEventLoopGroupFactory:0.12666666666666668
