UnassignedInfo:0.62
ClusterHealthResponse:0.44333333333333336
ClusterHealthResponsesTests:0.22
TransportClusterHealthAction:0.21666666666666667
RoutingService:0.17
IndexDynamicSettingsModule:0.14333333333333334
UnassignedInfoTests:0.05333333333333334
Fields:0.014285714285714285
