DBObject:0.47
JdbcTableSchemaHistory:0.30666666666666664
SQLServerApplicationLockTemplate:0.2833333333333333
SQLServerConnection:0.2833333333333333
SQLServerTable:0.16
SQLServerSchema:0.14267857142857143
