AbstractTestQueries:0.5066666666666667
MaterializedResult:0.49333333333333335
SqlTimestampWithTimeZone:0.3883333333333333
H2QueryRunner:0.16
TestingPrestoClient:0.03666666666666667
