PA:0.5933333333333334
ReflectionInformationProvider:0.43666666666666665
PAMethodSummary:0.31
