OutputBuffers:0.6333333333333333
TestSharedBuffer:0.26
TestSqlTask:0.20333333333333334
TestSourcePartitionedScheduler:0.18666666666666668
MockRemoteTaskFactory:0.16555555555555554
TestSqlTaskManager:0.15333333333333332
PartitionedOutputBufferManager:0.11
