Xml2Xml:0.36666666666666664
LoadRequiredModulesTest:0.35
ModuleConstantsExistenceCheckerTest:0.34
QedeqBoFactoryTest:0.33
DummyInternalKernalServices:0.30666666666666664
CharsetParserTest:0.29333333333333333
TestFormulaCheckerFactoryImpl:0.2767676767676768
GenerateLatexTest:0.25
Qedeq2LatexTest:0.23333333333333334
DynamicDirectInterpreterTest:0.23333333333333334
SimpleProofFinderPluginTest:0.23333333333333334
CalculateTruthDynamicThreeModelTest:0.23333333333333334
DynamicInterpreterTest:0.23333333333333334
DynamicHeuristicCheckerPluginTest:0.21333333333333335
FormulaCheckerContextTest:0.2
GenerateUtf8Test:0.19333333333333333
TestFormulaCheckerImpl:0.18666666666666668
QedeqBoTestCase:0.17333333333333334
QedeqBoFormalLogicCheckerTest:0.16666666666666666
QedeqBoFormalLogicCheckerDirectTest:0.15333333333333332
GenerateXmlTest:0.1
