Encoder:0.6066666666666667
EncoderHandler:0.49
SocketIOChannelInitializer:0.22333333333333333
PacketListener:0.17
