Configuration:0.5233333333333333
MapperBuilderAssistant:0.3466666666666667
Builder:0.24333333333333335
XMLStatementBuilder:0.22666666666666666
MapperAnnotationBuilder:0.21666666666666667
VelocityLanguageTest:0.20666666666666667
