EnvironmentService:0.8133333333333334
DashboardConfigServiceMethod:0.6168148148148148
