OutputGenerator:0.6141666666666667
Postscript:0.4866666666666667
AlignViewport:0.48333333333333334
MailPSAction:0.21666666666666667
AlignmentOutputGenerator:0.19
SavePSFileAction:0.14666666666666667
PostscriptPopup:0.10333333333333333
