DriverConductor:0.44666666666666666
LogBuffersMessageFlyweight:0.3
ClientProxy:0.25666666666666665
