CacheRecord:0.666611111111111
AbstractCacheRecordStore:0.45
AbstractCacheRecord:0.23666666666666666
CacheBasicAbstractTest:0.21666666666666667
CacheEventContextUtil:0.17333333333333334
