MediaDriver:0.6947777777777778
ReceiveChannelEndpoint:0.6477777777777778
