BoundedLocalCache:0.5033333333333333
CaffeineTest:0.43333333333333335
ReferenceTest:0.31333333333333335
