JDateTimeConverter:0.20666666666666667
SqlDateConverterTest:0.20666666666666667
SqlDateConverter:0.17333333333333334
SqlTimeConverter:0.17
SqlTimestampConverter:0.17
TypeConverterTests:0.14666666666666667
DateConverter:0.12666666666666668
SqlTimeConverterTest:0.10666666666666667
JDateTimeConverterTest:0.10666666666666667
DateConverterTest:0.10666666666666667
SqlTimestampConverterTest:0.10666666666666667
TypeConverterManager:0.07
