AtmosphereResponse:0.9266666666666666
SSEAtmosphereInterceptor:0.16
AndroidAtmosphereInterceptor:0.14
JSONPAtmosphereInterceptor:0.14
HeartbeatInterceptor:0.13666666666666666
