RestClient:0.6866666666666666
ESIntegTestCase:0.4766666666666667
CorsRegexIT:0.32
ElasticsearchAssertions:0.30333333333333334
ContextAndHeaderTransportIT:0.19666666666666666
RestMainActionIT:0.14333333333333334
NettyHttpCompressionIT:0.14333333333333334
CorsNotSetIT:0.14333333333333334
ResponseHeaderPluginIT:0.10333333333333333
DetailedErrorsEnabledIT:0.08333333333333333
DetailedErrorsDisabledIT:0.08333333333333333
ElasticsearchResponseHasStatusMatcher:0.04666666666666667
