Element:0.42
ContentScanner:0.3933333333333333
HTMLErrorReporter:0.3017857142857143
HTMLTagBalancer:0.28
ErrorReporter:0.28
HTMLScanner:0.2733333333333333
HTMLEventInfo:0.2636150793650792
HTMLConfiguration:0.18
SpecialScanner:0.15
HTMLElements:0.12
PlaybackInputStream:0.10833333333333334
HTMLComponent:0.03666666666666667
SynthesizedItem:0.0
