AggregatedOperation:0.49833333333333335
DirectAggregatedOperation:0.4766666666666667
CourierRequestResponseAggregatedOperation:0.24666666666666667
CourierOneWayAggregatedOperation:0.24666666666666667
OneWayOperation:0.08666666666666667
