GwtApplication:0.8166666666666667
GwtApplicationConfiguration:0.4257222222222222
GwtTestStarter:0.16333333333333333
