InfoPathSupport:0.5266666666666666
ChooseFormTypeDialog:0.29333333333333333
OpenVisualFormEditorDelegate:0.2
