CA:0.8083333333333333
CAAdminSessionBean:0.4266666666666667
