StaticFilesConfiguration:0.39
StaticFilesTest:0.29
ExternalResourceHandler:0.2633333333333333
ClassPathResourceHandler:0.2633333333333333
