ReportConfiguration:0.4633333333333333
ChooseFileToSavePanel:0.4066666666666667
DateFilter:0.39666666666666667
DetailReport:0.21
AbstractReport:0.09666666666666666
