DefaultAccess:0.5833333333333334
DeploymentDSBindRule:0.5797777777777778
DeploymentDSBindSpec:0.5239047619047619
DSInputSpecParser:0.2866666666666667
