SQLServerDialect:0.4633333333333333
IngresDialect:0.4633333333333333
Ingres9Dialect:0.29333333333333333
SQLServer2005Dialect:0.21333333333333335
