Map:0.5266666666666666
GameState:0.44484523809523807
Game:0.39666666666666667
LocationGroup:0.2966666666666667
Scenario2:0.29333333333333333
ScenarioRoot:0.21666666666666667
GameBuilder:0.16333333333333333
Scenario2Result:0.1425
