BitmapCropTask:0.5966666666666667
CropImageView:0.4888888888888889
BitmapLoadTask:0.32
