DocumentTest:0.32666666666666666
LocationTest:0.31333333333333335
HtmlAnchorTest:0.25666666666666665
WebClientTest:0.23666666666666666
HTMLFrameElementTest:0.22
HtmlFormTest:0.21666666666666667
ThreadManagerTest:0.2
