Property:0.6083333333333333
Model:0.37333333333333335
