NodeFsTotalExpression:0.5533333333333333
NodeFsDisksExpression:0.2733333333333333
TestModule:0.21
