FakeSpannableStringBuilder:0.8966666666666666
SpannableStringBuilderTest:0.30666666666666664
FakeHelper:0.2866666666666667
