KuwaibaWebservice:0.41333333333333333
BackendBean:0.3566666666666667
Constants:0.285
HierarchyUtils:0.24166666666666667
ServerStatus:0.09666666666666666
GenericNetworkElement:0.08333333333333333
GenericCommunicationsPort:0.08
NetworkPort:0.043333333333333335
Firewall:0.043333333333333335
Server:0.04
MPLSSwitch:0.0
