AbstractRegisteredService:0.6066666666666667
RegisteredServiceTestUtils:0.32
DefaultRegisteredServiceUserInterfaceInfo:0.30333333333333334
RegisteredServiceSerializer:0.21666666666666667
SamlMetadataUIParserAction:0.21333333333333335
