WriteActivity:0.5133333333333333
Intentomat:0.4266666666666667
DetailsFragment:0.37333333333333335
