IgnoreBatchException:0.7017777777777777
DatabaseWriter:0.46
DatabaseWriterSettings:0.35
DataProcessor:0.24
DefaultDatabaseWriterConflictResolver:0.20666666666666667
ConflictException:0.10333333333333333
ResolvedData:0.10333333333333333
