MObject:0.64
Enclosure:0.27
Flags:0.2633333333333333
TestMObject:0.18666666666666668
