Formatter:0.6751111111111112
CoordinatorModule:0.23666666666666666
AbstractTestDistributedQueries:0.22
TestStatementBuilder:0.21333333333333335
TestKafkaDistributed:0.2
AstBuilder:0.19333333333333333
TestCassandraDistributed:0.15833333333333333
AstVisitor:0.15333333333333332
TestHiveDistributedQueries:0.013333333333333334
