CollectionReference:0.5336785714285714
AbstractLoadPlanBuilderStrategy:0.30666666666666664
AbstractCollectionReference:0.2966666666666667
DotNode:0.2633333333333333
CollectionFetch:0.26092857142857145
GoofyProvider:0.22333333333333333
MDCStack:0.12333333333333334
