ATN:0.8966666666666666
ATNSimulator:0.6366666666666667
ATNSerializer:0.49
