ChartUtils:0.5
ChartView:0.3566666666666667
ChartDescriptor:0.2966666666666667
ChartDialog:0.1811111111111111
ScatterPlotMouseHandler:0.1778888888888889
ChartModelListener:0.15276190476190485
ChartSelection:0.14277777777777778
ColumnData:0.0938888888888889
ChartModelEvent:0.03
ChartManager:0.013333333333333334
