KerasModel:0.5566666666666666
KerasModelUtils:0.37666666666666665
KerasWeightSettingTests:0.30666666666666664
KerasModelBuilder:0.23
KerasSequentialModel:0.21555555555555558
