SpringSecurityLdapTemplate:0.4583333333333333
ActiveDirectoryLdapAuthenticationProviderTests:0.4033333333333333
ActiveDirectoryLdapAuthenticationProvider:0.37833333333333335
