DataManager:0.5244444444444445
MEF2Exporter:0.25
MEFLib:0.24111111111111114
Importer:0.19111111111111112
MEFExporter:0.17666666666666667
