MetricAlarm:0.8766666666666667
PutMetricAlarmRequest:0.5066666666666667
MetricAlarmStaxUnmarshaller:0.10777777777777776
PutMetricAlarmRequestMarshaller:0.09
