EntityReader:0.5133333333333333
FunctionalTest:0.4533333333333333
QueryGenerator:0.31666666666666665
EntityWriter:0.20333333333333334
