RecoveryStatus:0.53
ClusterModule:0.24333333333333335
RecoveryStatusTests:0.2
RecoverySourceHandler:0.17
RelocationIT:0.17
Validator:0.045182539682539685
