ActionQueue:0.6466666666666666
InsertActionSorter:0.5133333333333333
DefaultRefreshEventListener:0.21333333333333335
