StringEnumeration:0.64
PropertiesEnumeration:0.4666666666666667
StringEnumerationTest:0.08666666666666667
EnumerationTest:0.08666666666666667
PropertiesEnumerationTest:0.08666666666666667
