GwtTeamingImageBundle:0.4
GwtRpcServiceImpl:0.3933333333333333
MastHead:0.2966666666666667
BrandingPanel:0.2866666666666667
