ArrayBlock:0.5966666666666667
AbstractArrayBlock:0.3566666666666667
LazyArrayBlock:0.30333333333333334
ArrayBlockBuilder:0.27666666666666667
