SenderChannel:0.6833333333333333
MediaConductor:0.37333333333333335
SenderTest:0.35333333333333333
