QuickNotepadDockable:0.060491063
QuickNotepad:0.028185602
