Usage:0.5997777777777777
Mesh:0.4744444444444444
VertexAttribute:0.44
SpriteBatchTest:0.24
CollisionMesh:0.18333333333333332
VertexAttributes:0.15205555555555558
VertexBufferObjectTest:0.14277777777777775
SpriteBatch:0.08666666666666667
