HandTool:0.49333333333333335
ERDesignerGraph:0.30866666666666664
SubjectAreaSerializer:0.30333333333333334
