HtmlSelect:0.4633333333333333
HtmlPage:0.44333333333333336
HtmlSelectTest:0.31666666666666665
HtmlPageTest:0.25333333333333335
Select:0.21066666666666667
HtmlForm:0.20666666666666667
