RedissonScoredSortedSetTest:0.5177777777777777
RedissonMapTest:0.36666666666666664
RedissonBlockingQueueTest:0.3466666666666667
