GUIUtil:0.7666666666666667
JUMPWorkbench:0.31
SplashPanelV2:0.26
SplashWindow:0.20111111111111113
AboutDialog:0.17333333333333334
