DOReader:0.5366666666666666
DOManager:0.38
TestXMLDOSerializer:0.3233333333333333
DefaultDOManager:0.31666666666666665
FOXMLDOSerializer:0.29
FedoraServerTestCase:0.27
TestFOXMLDOSerializer:0.24333333333333335
ServiceContext:0.24333333333333335
MockDOReader:0.24
SimpleDOReader:0.23333333333333334
ManyDisseminationsTestSetup:0.21666666666666667
ObjectInfoAsXML:0.21666666666666667
TestFOXML1_1DOSerializer:0.20666666666666667
TestMETSFedoraExt1_1DOSerializer:0.20111111111111113
Models:0.16
ModelDeploymentMap:0.05277777777777777
