AttributeContainer:0.7533333333333333
Binder:0.45666666666666667
AbstractAttributeContainer:0.35333333333333333
EntityMetamodel:0.3466666666666667
SimpleValueBindingTests:0.14
EmbeddableBindingTests:0.1
