ViewUtil:0.79
MultipleSelectFromListUserVariablesTag:0.2966666666666667
AbstractListUserVariables:0.2503333333333333
