Run:0.5866666666666667
JSONCallback:0.3933333333333333
JSONCallbackTest:0.3433333333333333
