BlockingQueueManager:0.33
Connection:0.32
Node:0.31
TransactionRecord:0.2811111111111111
WriteHandler:0.24666666666666667
TransactionImpl:0.22766666666666666
ConnectionManager:0.22
