Cell:0.5338888888888889
TimerThread:0.36111111111111116
TooltipManager:0.22666666666666666
