AsianPersonRecognition:0.47
LearnTool:0.33666666666666667
NlpAnalysis:0.26666666666666666
ToAnalysis:0.24666666666666667
WordAlert:0.15
