WYSIWYGHTMLEditor:0.9516666666666667
BaseHtmlFormType:0.43666666666666665
