XmlTree:0.4533333333333333
EntityManager:0.3466666666666667
XmlParser:0.31
XmlPlugin:0.30666666666666664
TagPalette:0.023333333333333334
ElementDecl:0.01
