ResourceIndexAddDelDissIntegrationTest:0.48
ResourceIndexModDissIntegrationTest:0.3233333333333333
ResourceIndexAddDelDSIntegrationTest:0.2906666666666667
ResourceIndexModMiscIntegrationTest:0.2733333333333333
ResourceIndexModDSIntegrationTest:0.25666666666666665
MockMethodInfoStore:0.23366666666666666
MethodAwareTripleGenerator:0.23366666666666666
ResourceIndexIntegrationTest:0.20666666666666667
