TypeUtils:0.6466666666666666
DeserializeBeanInfo:0.44666666666666666
FieldDeserializer:0.35333333333333333
