CDKManagerTest:0.581111111111111
CDKDebugManagerTest:0.25333333333333335
