ScriptingConsoleView:0.6283333333333333
RubyConsoleView:0.3433333333333333
JsConsoleView:0.31333333333333335
