StringLiteral:0.38333333333333336
NumberLiteral:0.3
CharacterLiteral:0.25833333333333336
BooleanLiteral:0.25333333333333335
CStringLiteral:0.25
TypeDeclarationGeneratorTest:0.24333333333333335
