AtomicReferenceAbstractTest:0.6797222222222223
AtomicReferenceInstanceSharingTest:0.40388888888888885
