HazelcastClient:0.5733333333333334
HazelcastClientProxy:0.32666666666666666
TerminatedLifecycleService:0.2994444444444444
ClientProxy:0.29444444444444445
CustomPropertiesTest:0.2833333333333333
TestManagedContext:0.23666666666666666
HibernateStatisticsTestSupport:0.21666666666666667
SpringXmlBuilder:0.12
TestBeansApplicationContext:0.11333333333333333
