MethodTestDescriptor:0.6808333333333333
AfterEachCallback:0.394984126984127
