PaymentSession:0.5266666666666666
PaymentProtocol:0.43333333333333335
WalletTool:0.26666666666666666
Ack:0.19055555555555556
Output:0.1138888888888889
PaymentProtocolTest:0.03333333333333333
