AnnotationEditor:0.7183333333333334
TransactionManager:0.5533333333333333
