TierI:0.54
TierPanel:0.5133333333333333
FeaturePair:0.44
Tier:0.43
FeatureSet:0.4166666666666667
DNAUtils:0.4033333333333333
Sequence:0.3933333333333333
RegionSelectableI:0.34365079365079365
TierPanelI:0.3190079365079365
BaseEditorPanel:0.31
SeqFeatureTableModel:0.29
SeqAlignPanel:0.2866666666666667
TierPanelAddressHeader:0.2733333333333333
BaseFineEditor:0.27
MultiSequenceAlignerPanel:0.27
RangeHash:0.26866666666666666
DefaultBaseRenderer:0.22666666666666666
AbstractSequence:0.22166666666666668
PropertyScheme:0.21666666666666667
MultiSequenceAlignerFrame:0.21666666666666667
Utils:0.21333333333333335
RangeHolder:0.21
SelectableDNARenderer:0.21
MultiTierPanel:0.2
AnnotationMenu:0.19666666666666666
BaseMouseListener:0.19444444444444442
StrandedZoomableApolloPanel:0.19333333333333333
SeqWrapper:0.17333333333333334
ResultMouseListener:0.16000000000000003
AnnotationRighClickMenu:0.15666666666666668
AnnotationEditorMouseListener:0.13
HighlightWrapper:0.12666666666666668
TierFactory:0.12166666666666667
AbstractTierPanel:0.1
FeatureWrapper:0.09666666666666666
ReferenceFactory:0.08555555555555557
SemiCompactFeaturePlaceFinder:0.085
FindDialog:0.08
PanelFactory:0.07333333333333333
TranslationViewer:0.065
ResultRightClickMenu:0.06333333333333334
CompactFeaturePlaceFinder:0.06333333333333334
FeaturePlaceFinder:0.05333333333333334
AminoAcidRendererOLD:0.05333333333333334
GoToDialog:0.04666666666666667
MultiTierPanelHeaderTable:0.04444444444444445
VerticalScrollBarAdjustmentListener:0.03
BaseFineEditorRowHeader:0.02666666666666667
ResultRenderer:0.02
ReferenceTierPanelHeader:0.019444444444444445
ViewportChangeListener:0.010277777777777778
HorizontalScrollBarAdjustmentListener:0.009166666666666667
ResultFeatureComparator:0.006666666666666667
ReferenceFactoryI:0.006666666666666667
AnnotationFeatureComparator:0.006666666666666667
TierFactoryI:0.006666666666666667
Directions:0.0
AbstractScrollablePanel:0.0
BaseRendererFactory:0.0
BaseFineEditorHorizontalColHeader:0.0
