PartitionRecordStore:0.46361111111111103
MapProxySupport:0.46361111111111103
CloudyUtility:0.22333333333333333
MulticastJoiner:0.22333333333333333
