AuthFilter:0.6833333333333333
HelloWorldApplication:0.21666666666666667
Builder:0.19
BasicAuthTestResourceConfig:0.14
AuthFilterBuilder:0.13333333333333333
