EntityViewImpl:0.4633333333333333
EntityMetamodel:0.36333333333333334
HibernateMappingProcessor:0.32666666666666666
HbmSourceProcessor:0.30666666666666664
AbstractEntityBinder:0.21666666666666667
HbmBindingContext:0.17333333333333334
HbmHelper:0.16
HibernateMappingInformation:0.13143783068783071
ExtendsQueueEntry:0.13143783068783071
EntityProcessor:0.08666666666666667
