XmlConfigBuilder:0.3933333333333333
ConfigXmlGenerator:0.33666666666666667
XMLConfigBuilderTest:0.30333333333333334
WanReplicationRef:0.29
TestFullApplicationContext:0.25
CacheConfigTest:0.07666666666666666
WanReplicationRefReadOnly:0.07333333333333333
