JChemPaintEditor:0.5166666666666667
JChemPaintEditorWidget:0.5166666666666667
IMoleculeTableManager:0.19633333333333333
MoleculeTableManager:0.19
