ClassMetadata:0.5688888888888889
ClassMetadataLight:0.4953333333333333
