RequestScopeInjector:0.7
AutomagicMadvocConfigurator:0.44333333333333336
ServletConfigInterceptor:0.23
ActionMethodParser:0.19666666666666666
