Native:0.5333333333333333
LastErrorException:0.2811111111111111
StructureTest:0.25
Buffers:0.20333333333333334
