Field:0.6666666666666666
AbstractTableRelation:0.37333333333333335
DummyRelation:0.24333333333333335
DeleteAnalyzerTest:0.18333333333333332
