RubyEditor:0.44
RubyAbstractEditor:0.4066666666666667
OccurrencesFinderJob:0.36
OccurrencesFinderJobCanceler:0.19166666666666668
ActivationListener:0.043333333333333335
