BinaryClient:0.5133333333333333
Protocol:0.36777777777777776
Jedis:0.3
Client:0.19
