El2Test:0.6877777777777777
QuestionSelectOpt:0.5766666666666667
ShuntingYard:0.31666666666666665
