LogAppender:0.59
DataHeaderFlyweight:0.37
Flyweight:0.3333333333333333
LogAppenderTest:0.25333333333333335
ClientConductor:0.21333333333333335
Publication:0.17666666666666667
PublicationTest:0.17
SenderTest:0.16666666666666666
MockBufferUsage:0.12333333333333334
