SchemaExport:0.5466666666666666
SessionFactoryImpl:0.45
SchemaUpdate:0.31
SchemaValidator:0.24
EntityTest:0.20333333333333334
MigrationTest:0.15666666666666668
