CertTools:0.59
LocalCertificateStoreSessionBean:0.31666666666666665
LocalUserAdminSessionBean:0.2966666666666667
StringTools:0.2683333333333333
TestCertTools:0.24666666666666667
