BinaryXMLParser:0.49333333333333335
ParserStream:0.41527777777777775
ResourcesLoader:0.415
