TodoDAO:0.7418174603174604
ConfigurationManagerImpl:0.4533333333333333
TodosManagerImplTest:0.31
TodosManagerImpl:0.31
DataSourceFactory:0.2733333333333333
