C3DSliderSkin:0.42333333333333334
C3DRadioButtonSkin:0.17666666666666667
SliderDemo:0.14666666666666667
RadioButtonDemo:0.14666666666666667
C3DSpinner:0.13666666666666666
