Router:0.5866666666666667
Connector:0.39
SimpleClient:0.3
Link:0.29333333333333333
Acceptor:0.27
JUTestFederation:0.22666666666666666
Main:0.17111111111111113
StandardFederatorSetup:0.14
JUTestAstXdrCoding:0.07
JUTestFederationManager:0.056666666666666664
