Counter:0.6133333333333333
ConfusionMatrix:0.38
Evaluation:0.3
GravesBidirectionalLSTMTest:0.18666666666666668
