ServletUtils:0.5766666666666667
RequestHelper:0.555
CmpPbeVerifyer:0.30666666666666664
GeneralCmpMessage:0.2
