Jnet:0.7166666666666667
MouseManager:0.43666666666666665
SliderListener:0.23
