UncompressedLongCursor:0.49666666666666665
AbstractTestUncompressedSliceCursor:0.31333333333333335
TestUncompressedLongCursor:0.24
UncompressedCursor:0.20666666666666667
UncompressedSliceCursor:0.20666666666666667
GroupByBlockStream:0.15333333333333332
AbstractTestCursor:0.14
