CasEvent:0.42
MultifactorAuthenticationTrustRecord:0.38666666666666666
AuditTrailEntity:0.23333333333333334
ZonedDateTimeTranscoder:0.23333333333333334
AbstractCasEventRepositoryTests:0.22333333333333333
YubiKeyAccount:0.21333333333333335
