Table:0.742
ColumnUtils:0.3433333333333333
Entity:0.3333333333333333
Field:0.32
BusinessModel:0.25333333333333335
TableAbstract:0.24
TableUtils:0.23333333333333334
ReferenceUtils:0.20666666666666667
