ReferenceConfig:0.5341666666666667
AbstractServiceConfig:0.53
AbstractReferenceConfig:0.15333333333333332
