DefinitionService:0.59
ExecutionService:0.59
JbpmExecutionServiceBean:0.31
JbpmDefinitionServiceBean:0.29
DefinitionServiceDelegate:0.26666666666666666
ExecutionServiceDelegate:0.26666666666666666
FormTag:0.26
JbpmExecutionLogic:0.23333333333333334
ExecutionServiceDelegateLocalImpl:0.22666666666666666
ExecutionServiceDelegateRemoteImpl:0.22666666666666666
DefinitionServiceDelegateRemoteImpl:0.21333333333333335
DefinitionServiceDelegateLocalImpl:0.21333333333333335
JbpmDefinitionLogic:0.20333333333333334
ProcessForm:0.15
SubmitTaskFormAction:0.13666666666666666
TaskFormTag:0.13333333333333333
