ClientCommand:0.46
ClientCommandFactory:0.35333333333333333
ProfileIndexerServiceImpl:0.28
FreelancerController:0.25333333333333335
PersistenceServiceImpl:0.25
ProfileSearchServiceImpl:0.17333333333333334
KIASInvocationApplet:0.14
FreelancerProfile:0.12
