Robot:0.68
AWT:0.33666666666666667
Bugs:0.29
RobotTest:0.26666666666666666
ComponentTestFixture:0.2633333333333333
ComponentTesterTest:0.26
AWTTest:0.23333333333333334
InputState:0.19666666666666666
BugsTest:0.14666666666666667
RobotVerifier:0.13
