AsyncIteratorReader:0.5266666666666666
PrefetchingSentenceIterator:0.4866666666666667
Huffman:0.13333333333333333
PrefetchingSentenceIteratorTest:0.11333333333333333
