EjbRemoteHelper:0.77
InterfaceCache:0.37666666666666665
LogTester:0.24555555555555553
