HiveColumnHandle:0.49666666666666665
HiveClient:0.4766666666666667
AbstractTestHiveClient:0.27666666666666667
AbstractTestHiveClientS3:0.14333333333333334
HiveBucketing:0.13666666666666666
