StructuredbManagerTest:0.41
ICDKManager:0.4
DBMolecule:0.37
StructuredbManager:0.29
DBMoleculeDaoTest:0.19
SmartsQueryIterator:0.17666666666666667
SubStructureIterator:0.16666666666666666
