ClientInvocationFuture:0.66
ClientDelegatingFuture:0.38
ClientMapProxy:0.31666666666666665
ClientExecutorServiceProxy:0.31666666666666665
AbstractClientCacheProxy:0.30666666666666664
DelegatingExecutionCallback:0.2677777777777778
CachePutIfAbsentMessageTask:0.19
AbstractClientInternalCacheProxy:0.17666666666666667
ClientCancellableDelegatingFuture:0.10333333333333333
