UcanaccessConnection:0.6033333333333334
UcanaccessResultSet:0.5033333333333333
UcanaccessStatement:0.3
UcanaccessPreparedStatement:0.2866666666666667
