HopSymbolTableWalker:0.4033333333333333
MethodDescriptor:0.38333333333333336
HopParser:0.38
access_modifier_return:0.18844444444444444
DFA45:0.17333333333333334
no_class_stmnts_scope:0.14666666666666667
class_stmnts_scope:0.14666666666666667
DFA44:0.14
DFA71:0.14
DFA40:0.11166666666666666
DFA56:0.11166666666666666
