AndroidInput:0.61
AndroidApplication:0.4166666666666667
AndroidDaydream:0.32
AndroidLiveWallpaper:0.20333333333333334
GdxInvadersAndroid:0.19666666666666666
OuyaControllers:0.12666666666666668
