GetNextPIDServlet:0.4166666666666667
DisseminationService:0.294
MethodPropertiesDialog:0.2633333333333333
DescribeRepositoryServlet:0.184
DSInputSpecParser:0.18
StringUtility:0.16533333333333333
DefaultExternalContentManager:0.16533333333333333
SingleKeyBindingPanel:0.13
