DicomImageFilter:0.8572222222222221
ScaleFilter:0.31333333333333335
