PluginList:0.1074573
jEdit:0.08072638
VFSBrowser:0.06648051
GUIUtilities:0.061095748
PluginManager:0.06087595
VFS:0.058524564
Roster:0.049359627
MiscUtilities:0.047833014
VFSManager:0.039729293
PluginManagerProgress:0.03953719
StandardUtilities:0.029164419
Log:0.027734999
EBMessage:0.015556728
ThreadUtilities:0.015404381
XMLUtilities:0.015210352
RolloverButton:0.010447001
KeyboardCommand:0.0070282426
EBComponent:0.006476164
