jEdit:0.17413765
BufferSetManager:0.1663403
EditPane:0.1506474
EditPaneUpdate:0.08966951
BeanShell:0.087739296
JEditVisitorAdapter:0.08244994
HyperSearchResult:0.07912566
GUIUtilities:0.07802235
JEditVisitor:0.076533556
Buffer:0.07615289
VFSBrowser:0.07108917
HyperSearchNode:0.067901954
TextAreaTransferHandler:0.065823935
HyperSearchFileNode:0.065630354
TextArea:0.05456854
HyperSearchResults:0.051255327
EditServer:0.050804034
DockableWindowManager:0.050081275
InputHandler:0.048248496
MacOSXPlugin:0.046809267
DockableWindowManagerImpl:0.046545427
BrowserView:0.043944515
Macros:0.043344263
ToolBarManager:0.042208802
VFS:0.04149601
StatusBar:0.04078821
SearchAndReplace:0.040687468
CompleteWord:0.038951337
JEditBuffer:0.038528517
MiscUtilities:0.036579538
JEditTextArea:0.03547109
SearchBar:0.03512528
JEditActionSet:0.034735993
RegisterViewer:0.033902604
AbstractInputHandler:0.033584215
ActionSet:0.031980854
QuickNotepad:0.031833347
BufferSet:0.031743962
EditAction:0.031347062
EditBus:0.031142414
VFSFileChooserDialog:0.028987424
PerspectiveManager:0.028456127
EditPlugin:0.028192984
ActionBar:0.027800845
Gutter:0.027795076
BufferUpdate:0.027180905
DockingFrameworkProvider:0.026291516
HistoryTextField:0.026186703
PanelWindowContainer:0.02618049
MarkerViewer:0.025870303
CompletionPopup:0.025801485
DockableWindowManagerProvider:0.025299242
EditorExitRequested:0.024207657
SearchDialog:0.024134483
VFSFile:0.023716081
ServiceManager:0.021320047
Log:0.021026695
StandardUtilities:0.020615857
ErrorsWidgetFactory:0.020614244
DefaultInputHandler:0.020299619
CloseDialog:0.020260476
Abbrevs:0.020180205
FileVFS:0.01982199
BufferSetWidgetFactory:0.019675184
OperatingSystem:0.019235704
DockableWindowFactory:0.018724153
SelectionLengthWidgetFactory:0.01839225
VFSDirectoryEntryTable:0.01769328
GeneralOptionPane:0.017456781
OverwriteWidgetFactory:0.01736955
PasteSpecialDialog:0.016761577
ViewUpdate:0.01655487
EnhancedMenuItem:0.016416086
MultiSelectWidgetFactory:0.01639521
AboutDialog:0.016376471
DockingLayoutManager:0.016204018
EnhancedCheckBoxMenuItem:0.01541756
FoldWidgetFactory:0.015416325
RectSelectWidgetFactory:0.015048839
WrapWidgetFactory:0.015022431
ModeWidgetFactory:0.014776733
BufferLoadRequest:0.014610663
EncodingWidgetFactory:0.014462011
RecentFilesProvider:0.013873929
FilesChangedDialog:0.013795836
AppearanceOptionPane:0.013589362
LineSepWidgetFactory:0.013236296
HyperSearchRequest:0.012832547
StatusWidgetFactory:0.01240245
MemoryStatusWidgetFactory:0.012171916
BeanShellAction:0.01212588
PasteFromListDialog:0.012031673
ClockWidgetFactory:0.01197206
SelectLineRange:0.010737581
ReloadWithEncodingProvider:0.009999029
BufferIORequest:0.00991404
VariableGridLayout:0.009633513
FilePropertiesDialog:0.009112557
ScrollListener:0.008947027
VFSPathSelected:0.008694084
Debug:0.008535467
BufferPrintable:0.00852026
BufferOptionPane:0.008306996
MarkersProvider:0.008254269
AddAbbrevDialog:0.008076669
PropertiesChanged:0.007541301
BufferOptions:0.007458809
BufferInsertRequest:0.006932987
MarkersSaveRequest:0.0069041178
BufferSaveRequest:0.006855768
BufferListSet:0.006840625
TipOfTheDay:0.006763221
SearchSettingsChanged:0.006576505
SyntaxHiliteOptionPane:0.006428779
BufferAutosaveRequest:0.006199805
DirectoryProvider:0.006183602
EnhancedButton:0.0060470444
CurrentBufferSet:0.0055996836
RecentDirectoriesProvider:0.005504364
HistoryModel:0.0038929954
FavoritesProvider:0.003633638
BufferPrinter1_3:0.0035697205
BufferPrinter1_4:0.0031694914
SearchFileSet:0.0025702862
BeanShellErrorDialog:0.0015008114
InputHandlerProvider:2.0481527E-4
