MappedObjectTransformer:0.5666666666666667
MappedObject:0.48
MappedHelper:0.4266666666666667
MappedObjectUnsafe:0.31
MappedObjectTests3:0.2783333333333333
MappedSet2:0.25
MappedObjectClassLoader:0.19333333333333333
MappedObjectBench:0.19
SpriteShootoutMapped:0.15
MappedSet3:0.12333333333333334
MappedSet4:0.12333333333333334
TestMappedObject:0.09333333333333334
MappedSubtypeInfo:0.09333333333333334
MappedObjectTests4:0.07
