EditorManager:0.7483333333333333
StopManager:0.4544444444444445
