SunshineRaytracer:0.39311111111111113
ObjectHandler:0.31666666666666665
Sunshine:0.26555555555555554
CountVisitor:0.25333333333333335
SunshineStandardRaytracer:0.25
SunshineSceneVisitor:0.21666666666666667
SunshineObject:0.2105952380952381
Kernel:0.19194444444444445
SunshineBidirPathtracer:0.12
TraceRayKernel:0.09666666666666666
SunshineTriangle:0.008333333333333333
