StreamServiceManager:0.5166666666666667
Listener:0.26666666666666666
SendStreamAction:0.24
ReceiveStreamAction:0.17666666666666667
StopSessionRunnable:0.10333333333333333
