MalfunctionPanel:0.47333333333333333
BuildingPanel:0.38
MalfunctionableBuildingPanel:0.3466666666666667
PowerBuildingPanel:0.29
