Event:0.6133333333333333
WorkflowState:0.4666666666666667
Principal:0.35
EntryProcessor:0.2105952380952381
Entry:0.21
CustomAttribute:0.20166666666666666
AbstractEntryProcessor:0.2
WorkflowUtils:0.2
FolderDaoImpl:0.19
WorkflowModuleImpl:0.15
RecordEvent:0.14333333333333334
ObjectKeys:0.12
RecordState:0.1
WfWaits:0.06666666666666667
DecisionAction:0.060833333333333336
AbstractActionHandler:0.03666666666666667
