SingletonPredictionContext:0.5066666666666667
PredictionContext:0.41333333333333333
TestGraphNodes:0.2633333333333333
ArrayPredictionContext:0.22333333333333333
ParserATNSimulator:0.20333333333333334
LexerATNSimulator:0.18333333333333332
LL1Analyzer:0.1
