UnknownTypeHandlerTest:0.3233333333333333
BaseStatementHandlerTest:0.29333333333333333
ByteObjectArrayTypeHandlerTest:0.28
DefaultResultSetHandlerTest:0.24333333333333335
CharacterTypeHandlerTest:0.18
