SQLGrammar:0.5566666666666666
IndexProperties:0.38333333333333336
CreateIndexNode:0.3433333333333333
IndexConstraintDefinitionNode:0.31333333333333335
NodeToString:0.20166666666666666
