NettyAsyncHttpProvider:0.6133333333333333
NettyAsyncHttpProviderConfig:0.4866666666666667
ProgressListener:0.15666666666666668
RetryNonBlockingIssue:0.14
HttpProtocol:0.11
NettyRedirectConnectionUsageTest:0.09
NettyAsyncHttpProviderTest:0.09
WebSocketProtocol:0.06
