Constants:0.48611111111111116
RpcContext:0.3333333333333333
RpcUtils:0.3044444444444444
AbstractInterfaceConfig:0.2966666666666667
ApplicationConfig:0.22694444444444442
AbstractInvoker:0.22333333333333333
