FilteringURISet:0.894626984126984
URISet:0.30333333333333334
