Good:0.6033333333333334
Trade:0.42333333333333334
GoodsUtil:0.4066666666666667
GoodsManager:0.365
TradeUtil:0.21333333333333335
EmergencySupplyMission:0.20666666666666667
NavButtonDisplay:0.20333333333333334
CargoTableModel:0.18666666666666668
TradeGoodsPanel:0.17333333333333334
GoodsTableModel:0.16666666666666666
SupplyTableModel:0.16666666666666666
TradeTableModel:0.16333333333333333
EmergencySupplyPanel:0.16
