ECKey:0.8566666666666667
VersionedChecksummedBytes:0.34
DumpedPrivateKey:0.3111111111111111
ECKeyTest:0.1
