XMPPAccountStore:0.8566666666666667
XMPPAccountStoreTest:0.22333333333333333
