GwtTeamingMainMenuImageBundle:0.6990555555555557
MenuItemBox:0.4066666666666667
MainMenuControl:0.39
MenuItemPopup:0.27666666666666667
