Sender:0.6394444444444445
Nutz:0.42333333333333334
ModuleProcessor:0.33
