EntityIndexUtils:0.75
WorkspaceModuleImpl:0.3233333333333333
LocalLuceneSession:0.24666666666666667
