SelfRegister:0.51
Params:0.28977777777777775
Update:0.25666666666666665
InfoUpdate:0.25
