DefaultExternalContentManager:0.6766666666666666
DisseminationService:0.5866666666666667
