RestUtils:0.5966666666666667
RestUtilsTests:0.38666666666666666
HttpRequestHandler:0.29972222222222217
