GenerateNewUserCommand:0.7886111111111112
EditUserCommand:0.4619444444444445
