DiscoveryNode:0.9466666666666667
TransportModule:0.14333333333333334
DiscoveryModule:0.14333333333333334
