MigratablePipeline:0.62
NioThread:0.44111111111111106
IOUtil:0.25333333333333335
LoadTracker:0.20833333333333334
IOBalancer:0.19666666666666666
NioOutboundPipeline:0.19333333333333333
IOBalancerStressTest:0.18
NioPipeline:0.16333333333333333
LoadTrackerTest:0.13666666666666666
NioInboundPipeline:0.12
PublishAllTask:0.08333333333333333
