ClusterWideConfigurationService:0.5733333333333334
AddDynamicConfigOperation:0.36666666666666664
ConfigDataSerializerHook:0.2
