PolicyStore:0.8866666666666667
PolicyIndex:0.5433333333333333
FedoraPolicyStore:0.5433333333333333
Config:0.4066666666666667
PolicyUtils:0.31333333333333335
MelcoePDPException:0.26666666666666666
TestPolicies:0.2633333333333333
DefaultAccess:0.24666666666666667
TestHTTPStatusCodesConfigC:0.24
TestREST:0.22555555555555554
PolicyStoreFactory:0.21918253968253965
MelcoeXacmlException:0.21833333333333332
TestRESTAPI:0.21166666666666667
ModifyDatastream:0.2108888888888889
AddDatastream:0.1877777777777778
PurgeDatastream:0.1877777777777778
SetDatastreamState:0.1877777777777778
PolicyIndexException:0.18666666666666668
PolicyStoreException:0.18666666666666668
FilePolicyIndex:0.17
PolicyIndexFactory:0.16594444444444445
SetDatastreamVersionable:0.15666666666666668
PopulatePolicyDatabase:0.155
PolicyManager:0.15333333333333332
RelationshipResolverImpl:0.15333333333333332
TestPolicyDatabase:0.15333333333333332
EvaluationEngineImpl:0.15333333333333332
AttributeFinderConfigUtil:0.15
DbXmlPolicyIndex:0.14
ManagementMethodInvocation:0.14
GenericPolicyFinderModule:0.13666666666666666
DirectPDPClient:0.13666666666666666
SetDatastreamVersionableHandler:0.12333333333333334
ModifyDatastreamByValueHandler:0.12333333333333334
PurgeDatastreamHandler:0.12333333333333334
AddDatastreamHandler:0.12333333333333334
SetDatastreamStateHandler:0.12333333333333334
ModifyDatastreamByReferenceHandler:0.12333333333333334
TestFindPolicies:0.11
MelcoePDPImpl:0.10333333333333333
PolicyConfigException:0.10333333333333333
FedoraHome:0.09333333333333334
TestDbxmlPolicyDataManager:0.09
PolicyObject:0.08833333333333333
AllSystemTestsConfigC:0.07833333333333334
PolicyIndexRebuilder:0.054444444444444455
ActionNamespace:0.05333333333333334
PolicyStoreService:0.04944444444444445
PolicyIndexInvocationHandler:0.03
DbXmlManager:0.019444444444444445
