Constants:0.7930555555555554
MainActivity:0.49333333333333335
SPUtils:0.48
CloudReaderApplication:0.2733333333333333
