LogoutFilter:0.8033333333333333
FormLoginBeanDefinitionParser:0.34
LogoutBeanDefinitionParser:0.31333333333333335
