BinderViewsHelper:0.65
DataTableFolderViewBase:0.3466666666666667
TaskFolderView:0.24666666666666667
CalendarFolderView:0.24333333333333335
