SSSRFinder:0.41333333333333333
StructureDiagramGenerator:0.30666666666666664
AllRingsFinder:0.27666666666666667
RingPlacer:0.25
HueckelAromaticityDetector:0.22944444444444448
AllRingsFinderTest:0.22
RingSearchTest:0.20333333333333334
SaturationChecker:0.19
AtomTypeTools:0.17966666666666667
MM2AtomTypeMatcherTest:0.13666666666666666
MMFF94AtomTypeMatcherTest:0.13666666666666666
