TopologyViewScene:0.6216666666666667
TopologyDesignTopComponent:0.5366666666666666
