CSSStyleDeclaration:0.8066666666666666
ComputedCSSStyleDeclaration:0.38666666666666666
CssValue:0.24
HTMLDivElementTest:0.20333333333333334
