FunctionInfo:0.4866666666666667
ParametricFunction:0.456111111111111
TestFunctionRegistry:0.3233333333333333
ParametricAggregation:0.22333333333333333
ParametricWindowFunction:0.19666666666666666
ParametricOperator:0.18
ParametricScalar:0.16833333333333333
