RecoveryTarget:0.53
Store:0.5266666666666666
RecoveriesCollectionTests:0.2966666666666667
RecoveryTargetService:0.2711111111111111
ReplicationGroup:0.22666666666666666
RecoveriesCollection:0.17166666666666666
RecoveryStatusTests:0.13333333333333333
ESIndexLevelReplicationTestCase:0.07333333333333333
