PubProperties:0.7616666666666667
Display:0.37
StringUtilsTest:0.33
RequestHandlerConfig:0.32666666666666666
