WebserviceBeanImpl:0.41333333333333333
KuwaibaService:0.30666666666666664
WebserviceBean:0.30666666666666664
DefaultReports:0.26666666666666666
