AnalysableTag:0.5366666666666666
GenericMakumbaTag:0.24666666666666667
InputTag:0.21472222222222223
FormTagBase:0.21333333333333335
QueryTag:0.21333333333333335
AttributeTag:0.19666666666666666
BasicValueTag:0.19333333333333333
SearchResponderOperation:0.19
GenericListTag:0.17777777777777778
ResponseTag:0.1
