HttpClientRequest:0.5466666666666666
HttpClientRequestImpl:0.47
VertxClientHandler:0.39
Http2ClientStream:0.3466666666666667
HttpClientRequestPushPromise:0.2833333333333333
HttpClientStream:0.2
ClientConnection:0.19333333333333333
