AggregationBuilders:0.49666666666666665
AggregationModule:0.2833333333333333
TransportAggregationModule:0.24666666666666667
GeoHashUtils:0.10666666666666667
