JsonObjectTest:0.41
JsonObject:0.4
JsonArrayTest:0.37
JsonArray:0.3566666666666667
Json:0.34904761904761905
Iter:0.21733333333333335
