Array:0.6866666666666666
Path:0.32
TridiagonalOperator:0.25583333333333336
BrownianBridge:0.22833333333333333
PathGenerator:0.06
SingleVariate:0.0
