FedoraOAIDriver:0.7166666666666667
QueryFactory:0.4322222222222223
TestFedoraOAIDriver:0.33
ITQLQueryFactory:0.24333333333333335
