ThumbnailWidget:0.585
All:0.3566666666666667
One:0.3566666666666667
Fit:0.26
