Errors:0.61
ButterSandwitch:0.27977777777777774
BindingAnnotationTest:0.23166666666666666
MultibinderTest:0.22194444444444447
ConstructorBindingImpl:0.21166666666666667
InjectorImpl:0.20916666666666667
ImplicitBindingTest:0.19666666666666666
Asserts:0.16
BindingTest:0.16
UntargettedBindingProcessor:0.08333333333333333
Butter:0.023888888888888887
Sandwitch:0.023888888888888887
TofuBacon:0.017388888888888888
