MarkOccurrencesConfigurationBlock:0.59
PreferencesMessages:0.5239047619047619
PreferenceConstants:0.3466666666666667
MarkOccurrencesPreferencePage:0.13055555555555556
