IBioclipseItem:0.6566666666666666
BioclipseItem:0.5733333333333334
BioclipseItemType:0.2966666666666667
SpectrumItem:0.29
CDKItem:0.22
BioclipseSubItem:0.21666666666666667
CMLItem:0.15666666666666668
