BinderModule:0.71
StatusTicket:0.4866666666666667
AjaxController:0.36333333333333334
ExportHelper:0.36
WebStatusTicket:0.31666666666666665
BinderModuleImpl:0.25333333333333335
ExportImportController:0.25
WebKeys:0.155
