PlayerDao:0.27051984126984113
GeneratingTradeItemReader:0.11333333333333333
JdbcGameDao:0.07666666666666666
JdbcPlayerSummaryDao:0.04
GameFieldSetMapper:0.03333333333333333
PlayerFieldSetMapper:0.01
PlayerItemWriter:0.006666666666666667
JdbcPlayerDao:0.0
PlayerSummaryMapper:0.0
GeneratingItemReaderTests:0.0
RetrySampleFunctionalTests:0.0
PlayerSummaryRowMapper:0.0
