MapService:0.58
DefaultRecordStore:0.33
MapEvictTask:0.20666666666666667
Merger:0.20444444444444446
EvictRunner:0.18
