RubyCommentAutoIndentStrategy:0.4633333333333333
RubySourceViewerConfiguration:0.38666666666666666
