PartitionName:0.6533333333333333
CreateTableAnalyzedStatement:0.39
AlterTableOperation:0.25666666666666665
RenameTableIntegrationTest:0.25
