JavaSourceTests:0.6033333333333334
FileSystemSourceTests:0.37
AbstractTestSourceTests:0.26666666666666666
CompositeTestSourceTests:0.2
