FullscreenTest:0.83
ControllersTest:0.32666666666666666
LwjglDebugStarter:0.26484126984126977
