DebugUtils:0.5625555555555556
TestUtils:0.27
DebugUtilsTest:0.15333333333333332
