FragmentIoTests:0.5133333333333333
RawIoFragmentTest:0.48
ExtenderTest:0.21666666666666667
RawIoTest:0.19
