ImageView:0.57
Carbon:0.47
Button:0.4633333333333333
TextView:0.36666666666666664
EditText:0.33666666666666667
AnimatedColorStateList:0.29333333333333333
DividerItemDecoration:0.18444444444444444
FeaturesActivity:0.13333333333333333
AnimationsActivity:0.13333333333333333
AppsLibrariesActivity:0.13333333333333333
DemosActivity:0.13333333333333333
WidgetsActivity:0.11666666666666667
MainActivity:0.11666666666666667
GuidelinesActivity:0.11666666666666667
BottomSheet:0.09
DragHelperCallback:0.01
