ConvergenceAnnealingEngine:0.51
StructureGeneratorResult:0.28
ScoreSummary:0.2733333333333333
EnableGeneratorListener:0.2555555555555556
SenecaManager:0.2111111111111111
UserConfigurableStochasticStructureElucidationJob:0.20666666666666667
DeterministicStructureElucidationJob:0.18
IAnnealingEngine:0.17638888888888887
ChiefJustice:0.15333333333333332
StructureGeneratorSettingsPage:0.10666666666666667
