SNMPConfig:0.6433333333333333
SNMPManager:0.6233333333333333
RunnableJob:0.2
RunJob:0.10666666666666667
RunJobs:0.01
RunJobRemote:0.006666666666666667
SnmpTableProcessor:0.006666666666666667
SnmpLeafProcessor:0.006666666666666667
SnmpReader:0.004166666666666667
SnmpLeafWriter:0.0
SnmpLeafJobListener:0.0
SnmpTableWriter:0.0
