AppInfo:0.6497222222222222
MApplication:0.49666666666666665
MainWindow:0.37666666666666665
Net:0.3277777777777778
MAbout:0.22
MMainWindow:0.21
Presentation:0.18333333333333335
MSystemTray:0.18333333333333335
DocumentWriter:0.18333333333333332
PluginDownloader:0.15333333333333332
