VariableMapping:0.45666666666666667
MessageNodeDialog:0.4166666666666667
Subprocess:0.4033333333333333
JpdlSerializer_3_2:0.25666666666666665
ReceiveMessageNode:0.23333333333333334
SendMessageNode:0.23333333333333334
StateAnchor:0.225
WaitStateFigure:0.19666666666666666
NodeFigure:0.18333333333333332
StateFigure:0.18166666666666667
MultiInstance:0.1776111111111111
DiamondAnchor:0.16666666666666666
MessageVariableDialog:0.05
SendMessageFigure:0.03666666666666667
ReceiveMessageFigure:0.03666666666666667
MessageRenameProvider:0.02666666666666667
ReceiveMessageGraphicalEditPart:0.01
SendMessageGraphicalEditPart:0.01
ReceiveMessageConfAction:0.008611111111111111
SendMessageConfAction:0.008611111111111111
MessageNodeFigure:0.0033333333333333335
ReceiveMessageRenameProvider:0.0
SendMessageRenameProvider:0.0
