Essence:0.62
BindAuthenticator:0.2866666666666667
AbstractLdapAuthenticator:0.24333333333333335
PasswordComparisonAuthenticatorTests:0.24
LdapUserDetailsMapper:0.23444444444444448
BindAuthenticatorTests:0.2
FilterBasedLdapUserSearch:0.1938888888888889
PasswordComparisonAuthenticator:0.1877777777777778
FilterBasedLdapUserSearchTests:0.13
