AbstractTestQueries:0.5808333333333333
Rewriter:0.5033333333333333
PlanOptimizersFactory:0.32
WindowFilterPushDown:0.17333333333333334
