MediaDriverAdminThread:0.5555555555555555
SenderThread:0.52
MediaDriverAdminThreadTest:0.3466666666666667
