RegExpr:0.6033333333333334
AspectualRuleView:0.42333333333333334
DefaultNode:0.4166666666666667
AspectParser:0.22666666666666666
