ResourceData:0.7
Parameter:0.41333333333333333
CreoleXmlHandler:0.27666666666666667
TestGate:0.14944444444444446
