Ingest:0.495
BatchModifyParser:0.37666666666666665
Export:0.33666666666666667
ObjectEditorFrame:0.21666666666666667
FTypeDialog:0.21
