MockMvcRequestSpecification:0.8
RestAssuredMockMvc:0.36666666666666664
MockMvcRequestSpecificationImpl:0.35
MockMvcRequestSenderImpl:0.3233333333333333
MockMvcRequestSpecBuilder:0.2
MockMvcSecurityITest:0.04277777777777778
