GAMEPanel:0.49
ScrollableTierView:0.31333333333333335
MovementPanel:0.2633333333333333
CORBAAdapterGUI:0.23333333333333334
GenericFileAdapterGUI:0.22666666666666666
DataLoader:0.19666666666666666
EnsCGIAdapterGUI:0.19333333333333333
ViewMenu:0.14666666666666667
GAMEAdapterGUI:0.13333333333333333
