AbstractFieldMapper:0.6283333333333333
BinaryFieldMapper:0.3933333333333333
Names:0.3466666666666667
