FolderDao:0.7483333333333333
DefaultFolderEmailFormatter:0.4
FolderDaoImpl:0.36666666666666664
