Main:0.38
PluginType:0.27861111111111114
CruiseControlConfig:0.27666666666666667
BuildLoopMonitor:0.2733333333333333
CruiseControlControllerJMXAdaptor:0.27
MainTest:0.15666666666666668
DashboardConfigurationPlugin:0.15
DashboardConfigurationPluginTest:0.02
