AssertionTest:0.6135555555555556
BlockJUnit4ClassRunner:0.47333333333333333
