TermBean:0.8533333333333334
AddAnnotation:0.3466666666666667
