Iter:0.6869444444444445
InternalHDRPercentilesTests:0.25666666666666665
InternalPercentilesTestCase:0.21333333333333335
