PyString:0.7366666666666667
SRE_STATE:0.39888888888888885
exceptions:0.31333333333333335
itertools:0.2866666666666667
PyRandom:0.2
PatternObject:0.2
