PropertyView:0.37333333333333335
RootView:0.28
TreeView:0.24416666666666667
GISView:0.11666666666666667
DropMapUI:0.09666666666666666
