BindingUtil:0.83
OperatorRewriter:0.35333333333333333
DestructorGenerator:0.3233333333333333
OperatorRewriterTest:0.31
