BiojavaSequenceList:0.6366666666666667
SequenceContentProvider:0.37
SequenceLabelProvider:0.31333333333333335
