Mapper:0.68
VersionFieldMapper:0.2966666666666667
DocumentMapper:0.2866666666666667
AbstractFieldMapper:0.21666666666666667
ObjectMapper:0.20777777777777776
NumberFieldMapper:0.17976190476190476
MultiFields:0.1622222222222222
GeoPointFieldMapper:0.16
ExternalMapper:0.15333333333333332
ExternalRootMapper:0.14476190476190476
