LabelStore:0.4166666666666667
RelabelDialog:0.4166666666666667
Simulator:0.4088888888888889
