ShopItemUserSpecificJAXBWrapper:0.5366666666666666
ShopContent:0.44666666666666666
ShopVariant:0.44666666666666666
