JAASAuthenticationSuccessEvent:0.40303174603174596
AuthorityGranter:0.36892857142857144
JAASAuthenticationProvider:0.3433333333333333
JAASGrantedAuthority:0.1680238095238095
JAASAuthenticationFailedEvent:0.1680238095238095
JAASAuthenticationCallbackHandler:0.03
JAASNameCallbackHandler:0.0
JAASAuthenticationEvent:0.0
JAASPasswordCallbackHandler:0.0
