Tab:0.59
MyReportColumn:0.49666666666666665
MyReport:0.35
SaveMyReportColumnAction:0.3043333333333331
ProductTest:0.2866666666666667
InvoiceTest:0.245
CarrierWithSectionsTest:0.20333333333333334
CustomerWithSectionTest:0.17333333333333334
GenerateMyReportAction:0.1579444444444445
EditMyReportColumnAction:0.1469444444444445
MyReportsAction:0.10833333333333334
Color2Test:0.08666666666666667
OnChangeMyReportColumnNameAction:0.0811111111111111
OnChangeMyReportNameAction:0.01972222222222222
CreateNewMyReportAction:0.01611111111111111
RemoveMyReportAction:0.01611111111111111
MyReportComparatorListFormatter:0.006666666666666667
MoveMyReportColumnAction:0.006666666666666667
RemoveMyReportColumnAction:0.0
