DicomObject:0.8966666666666666
DicomElement:0.7266666666666667
BasicDicomElement:0.29
DicomInputStream:0.2733333333333333
SAXWriter:0.18
AbstractDicomObject:0.15333333333333332
DicomObjectLog4jRenderer:0.01
