OleAuto:0.686
WTypesTest:0.42
Moniker:0.41
BSTR:0.39
IMoniker:0.2063888888888889
RunningObjectTable_Test:0.18666666666666668
