Result:0.7433333333333333
ResultQuery:0.5377777777777778
ResultImpl:0.36333333333333334
FetchTests:0.2866666666666667
jOOQAbstractTest:0.24666666666666667
AbstractResultQuery:0.22333333333333333
AbstractDelegatingSelect:0.21666666666666667
