ParserDocument:0.5933333333333334
JFlexParser:0.42333333333333334
UtilitiesTest:0.42
ParserUtil:0.2733333333333333
AbstractParser:0.27005555555555555
Utilities:0.23666666666666666
ServletUtil:0.23166666666666666
EditServlet:0.19333333333333333
TemplateTag:0.18333333333333332
JFlexParserTest:0.10666666666666667
SpecialPagesServlet:0.09666666666666666
IncludeOnlyTag:0.08333333333333333
BlikiParser:0.08333333333333333
WikiSignatureTag:0.08333333333333333
NoIncludeTag:0.08333333333333333
