BatchResourceFactoryBean:0.7533333333333333
BatchResourceFactoryBeanTests:0.26666666666666666
