NetTest:0.47
NetSocketImpl:0.43666666666666665
NetClientImpl:0.3407777777777778
