X_C_Cash:0.5233333333333333
X_C_ReplicationProcessor:0.3566666666666667
Doc_Allocation:0.28
MReplicationProcessor:0.2633333333333333
ReplicationProcessor:0.11666666666666667
