Context:0.9233333333333333
MediaDriver:0.3433333333333333
CommonContext:0.28
EmbeddedPingPong:0.21
BasicPublisher:0.12
