DetectOld:0.7033333333333334
EmailInfo:0.6091666666666666
