VariableFormat:0.5177777777777777
VariableFormatContainer:0.466
VariableDefinition:0.38
UserTypeFormat:0.2866666666666667
ViewUtil:0.2758333333333333
FormatCommons:0.23333333333333334
ListFormat:0.15333333333333332
MapFormat:0.13333333333333333
VariableDefinitionParser:0.043333333333333335
