MapClientRequestTest:0.34
WanReplicationTest:0.33
MyEntryProcessor:0.2334126984126984
MapReadWriteQuorumTest:0.22
MapWriteQuorumTest:0.22
ConditionAbstractTest:0.12
PublicAddressTest:0.06333333333333334
