RecordingSession:0.5
FailRecordingEventsListener:0.21
NotificationsProxy:0.15666666666666668
RecordingEventsListener:0.09333333333333334
