Metadata:0.8233333333333334
MetadataManager:0.36
TestingMetadata:0.30333333333333334
MetadataDao:0.2889722222222222
TestNativeMetadata:0.24
AbstractMetadata:0.22666666666666666
InformationSchemaData:0.18
NativeMetadata:0.15
InformationSchemaMetadata:0.08666666666666667
