BatchBuildGUI:0.6476666666666667
BatchBuildIngestGUI:0.6476666666666667
