ANTLRErrorListener:0.7866666666666666
Parser:0.4
Lexer:0.32666666666666666
ProxyErrorListener:0.30666666666666664
Recognizer:0.26666666666666666
BaseErrorListener:0.11994444444444445
DescriptiveErrorListener:0.016666666666666666
ConsoleErrorListener:0.0
