NFAContext:0.8166666666666667
DFAMinimizer:0.44888888888888895
