RetriableStream:0.5533333333333333
RetriableStreamTest:0.36666666666666664
ManagedChannelImpl:0.27
Sublistener:0.24111111111111114
RealChannel:0.19777777777777777
