Task:0.605
ApplicationContextFactory:0.36666666666666664
ITaskNotifier:0.26388888888888884
ExecutionContext:0.20555555555555557
MultiTaskNode:0.19666666666666666
ScriptingVariableProvider:0.13666666666666666
TaskFactory:0.13333333333333333
EmailTaskNotifier:0.13333333333333333
TaskNode:0.11333333333333333
