FileLock:0.4033333333333333
AuthenticationManager:0.22333333333333333
WebdavSiteScape:0.22333333333333333
CCClient:0.21666666666666667
FileModule:0.19253968253968257
SiteScapeFileSystem:0.19253968253968257
SimpleLock:0.18666666666666668
FileModuleImpl:0.16666666666666666
DispatchServer:0.14666666666666667
SiteScapeFileSystemImpl:0.11333333333333333
CrossContextConstants:0.1
