MigrationOperation:0.7233333333333334
FetchPartitionStateOperation:0.43444444444444447
MigrationRequestOperation:0.37666666666666665
