Result:0.7233333333333334
ResultQuery:0.5377777777777778
ResultImpl:0.33
jOOQAbstractTest:0.2833333333333333
FetchTests:0.23666666666666666
SelectImpl:0.20333333333333334
BaseTest:0.19416666666666665
AbstractResultQuery:0.19333333333333333
