InsertIntoIntegrationTest:0.38
CompositeCollector:0.36333333333333334
MultiConsumer:0.3433333333333333
CompositeBatchIterator:0.2872222222222222
MultiConsumerTest:0.16333333333333333
ShardCollectSource:0.14333333333333334
