Sign:0.43333333333333335
KeyStoreTools:0.36333333333333334
AlgorithmTools:0.35
CAAdminSessionBean:0.33666666666666667
KeyTools:0.23333333333333334
SignWithWorkingAlgorithm:0.19666666666666666
LegacyKeyStoreTools:0.19
InternalKeyBindingMgmtSessionBean:0.17833333333333334
AlgorithmToolsTest:0.165
SignOperation:0.07
GetCSROperation:0.013333333333333334
MyOperation:0.013333333333333334
SizeAlgorithmParameterSpec:0.0025
KeyStoreCertSignOperation:0.0
