StatelessMapClient:0.6366666666666667
Serializer:0.48
SerializerTest:0.16666666666666666
