Application:0.7233333333333334
FileHandle:0.35
LwjglApplication:0.30777777777777776
JglfwApplication:0.2733333333333333
IOSApplication:0.21555555555555558
AndroidLiveWallpaper:0.21555555555555558
GwtApplication:0.21555555555555558
LwjglCanvas:0.19666666666666666
AndroidDaydream:0.19666666666666666
LwjglAWTCanvas:0.19666666666666666
AndroidApplication:0.17722222222222223
