CertificateData:0.7566666666666667
CertificateView:0.30666666666666664
CertificateStoreSessionBean:0.2866666666666667
PublisherSessionBean:0.2588888888888889
RevocationSessionBean:0.21
