ArchiverConductor:0.5633333333333334
Aeron:0.4766666666666667
Archiver:0.3333333333333333
