ParameterAveragingTrainingWorker:0.7466666666666667
TestSparkMultiLayerParameterAveraging:0.36666666666666664
TestSparkComputationGraph:0.3333333333333333
