Engine:0.535
InternalEngine:0.5
IndexShard:0.38333333333333336
Translog:0.27666666666666667
InternalEngineTests:0.19333333333333333
RecoveryTests:0.095
