SeqFeatureI:0.7166666666666667
FeatureSetI:0.58
AnnotatedFeatureI:0.53
FeatureSet:0.41333333333333333
AnnotatedFeature:0.36
FeatureChangeEvent:0.35
Transaction:0.34
TransactionSubpart:0.32022222222222224
DrawableFeatureSet:0.2866666666666667
SeqFeatureUtil:0.25666666666666665
SeqFeature:0.25
FeatureEditorDialog:0.22666666666666666
AnnotationEditor:0.22666666666666666
AnnotationChangeEvent:0.22
AnnotationView:0.20666666666666667
SelectionSet:0.20333333333333334
BaseFineEditor:0.2
StrandedZoomableApolloPanel:0.19666666666666666
AnnotationMenu:0.18
FeatureTreeFrame:0.17333333333333334
AnnotationChangeCoalescer:0.17
SeqExportFeatureListener:0.16
BookmarkMenu:0.12
SelectionAnnotationChangeListener:0.08666666666666667
AnnotationDeleteEvent:0.04666666666666667
AnnotationReplaceEvent:0.0033333333333333335
AnnotationAddEvent:0.0
