Node:0.47
MapConfig:0.4033333333333333
HazelcastInstanceFactory:0.24333333333333335
ExecutorServiceClientProxy:0.23666666666666666
LocalEventDispatcher:0.2
