WebSocket:0.8475833333333334
JettyWebSocketUtil:0.26666666666666666
