SysPropValue:0.39666666666666667
EnvValue:0.3448333333333333
DefaultValueProxyMaker:0.28
