DcmQR:0.39666666666666667
DcmSnd:0.39666666666666667
DcmGPWL:0.39666666666666667
DcmEcho:0.2966666666666667
DcmMWL:0.2966666666666667
