KerasModel:0.55
KerasModelEndToEndTest:0.22333333333333333
KerasModelImport:0.22
Keras2ModelConfigurationTest:0.21666666666666667
Keras1ModelConfigurationTest:0.21666666666666667
KerasSequentialModel:0.2
ModelConfiguration:0.15333333333333332
