GwtClientHelper:0.6566666666666666
MainMenuControl:0.36
SearchMenuPanel:0.31333333333333335
MenuBarPopupBase:0.31
ManageMenuPopup:0.22
ContextMenuItem:0.18333333333333332
RecentPlacesMenuPopup:0.17666666666666667
MenuPopupAnchor:0.17666666666666667
MyTeamsMenuPopup:0.17666666666666667
MyFavoritesMenuPopup:0.17333333333333334
ViewsMenuPopup:0.17333333333333334
EntryMenuPanel:0.16666666666666666
MenuBarBox:0.15666666666666668
MenuBarToggle:0.14333333333333334
MenuPopupLabel:0.13333333333333333
TeamingPopupPanel:0.11
MenuBarButton:0.11
OnBrowseHierarchyInfo:0.10833333333333334
VibeMenuItem:0.09
MenuToggleSelector:0.09
VibeMenuBar:0.07
ContextItemCommand:0.05333333333333334
MenuButtonSelector:0.02
FavoriteCommand:0.016666666666666666
PlaceCommand:0.0033333333333333335
TeamCommand:0.0033333333333333335
ManageCommand:0.0
