CSPA:0.5533333333333333
BDDPointerAnalysis:0.5366666666666666
CSPAResults:0.3933333333333333
