ByteArrayObjectDataOutput:0.37666666666666665
SerializationServiceImpl:0.36
BufferObjectDataOutput:0.3375396825396825
Node:0.30333333333333334
UnsafeObjectDataOutput:0.28
SerializationServiceBuilder:0.22666666666666666
GroupProperties:0.11333333333333333
