Asset:0.4111111111111111
ShadowLegacyAssetManager:0.37333333333333335
ShadowArscAssetManager:0.31666666666666665
_CompressedAsset:0.24111111111111114
ShadowAssetManagerTest:0.23333333333333334
ShadowBitmapFactory:0.2
RobolectricFrameworkMethod:0.1988888888888889
