PersistencyHandler:0.7766666666666666
EditServlet:0.2816666666666667
UploadServlet:0.21
