NamedNodeMap:0.5633333333333334
NamedAttrNodeMapImpl:0.4766666666666667
MochiKitTest:0.37666666666666665
