LoggingFactory:0.6666666666666667
DropwizardTestSupport:0.5055555555555555
DefaultLoggingFactory:0.3466666666666667
