AbstractTestQueries:0.5316666666666666
StatementAnalyzer:0.43666666666666665
TestAnalyzer:0.31
