ConfigManager:0.6111111111111112
Constants:0.4257222222222222
MessageServices:0.30666666666666664
