GNTransformer:0.46888888888888886
Params:0.25594227994228
