CastFunctionResolver:0.5947777777777777
SelectStatementAnalyzerTest:0.51
CastFunction:0.35
FunctionNames:0.04666666666666667
