ExtOCSPHealthCheck:0.6466666666666666
OCSPServletStandAlone:0.49666666666666665
CommonHealthCheck:0.43666666666666665
IHealtChecker:0.3023888888888889
