PipelineStore:0.6
GetPipelineResponse:0.10333333333333333
IngestPlugin:0.09666666666666666
DeletePipelineTransportAction:0.05416666666666667
PutPipelineTransportAction:0.05416666666666667
IngestClientIT:0.04666666666666667
PipelineStoreTests:0.043333333333333335
GetPipelineTransportAction:0.03666666666666667
IngestModule:0.03333333333333333
