ReactionProcessTest:0.5633333333333334
MreactionTests:0.29
ReactionChainTest:0.14666666666666667
