Frame:0.7466666666666667
Automaton:0.27166666666666667
CallStack:0.255
