Library:0.7733333333333333
NIOScaledRAFile:0.30333333333333334
DataFileCache:0.29
Function:0.2733333333333334
HsqlDatabaseProperties:0.21
