MigrationRequestTask:0.4633333333333333
PartitionManager:0.36
PartitionStateGeneratorTest:0.30666666666666664
PartitionStateGeneratorImpl:0.29333333333333333
Migrator:0.22111111111111115
