JdbcSqlTemplate:0.44666666666666666
SQLiteDataCaptureBuilder:0.31
JdbcSqlReadCursor:0.2633333333333333
TestActivity:0.11333333333333333
SQLiteDbDialect:0.09833333333333333
SQLiteSqlTemplate:0.09666666666666666
SQLiteTableBuilder:0.08609523809523811
ArrayUtils:0.06
SQLiteSqlReadCursor:0.023333333333333334
AbstractSqlTemplate:0.01
