DefaultContextPathStrategy:0.7033333333333334
DefaultContextPathStrategyTest:0.31666666666666665
