JavaVersion:0.39666666666666667
NodeExplanation:0.32
SockFProg:0.15
MemoryBasicInformation:0.14666666666666667
JOBOBJECT_BASIC_LIMIT_INFORMATION:0.14666666666666667
Rlimit:0.14666666666666667
StartupException:0.12666666666666668
