Resupply:0.7233333333333334
ResupplyEvent:0.4066666666666667
ResupplyDetailPanel:0.28
ResupplyManager:0.16333333333333333
ResupplyWindow:0.12
IncomingListPanel:0.10666666666666667
ArrivedListModel:0.10333333333333333
IncomingListModel:0.09666666666666666
ArrivedListPanel:0.09333333333333334
