JavaElementsResolver:0.54
DiscoverySelectorResolverTests:0.5033333333333333
DiscoverySelectorResolver:0.19666666666666666
IsNestedTestClass:0.12666666666666668
