TermsFilterParser:0.6508333333333334
TermsLookupFilterBuilder:0.4866666666666667
IndicesTermsFilterCache:0.17666666666666667
