MainPage:0.33666666666666667
CreatePartitionDialog:0.3016666666666667
ComplexSubcorpusPanel:0.28
ExecuteScriptImport:0.279
CreateSubcorpusDialog:0.25166666666666665
ImportFormEditor:0.22333333333333333
AddBase:0.09
