ServManagerFormCreator:0.6113888888888889
EndToEndViewScene:0.4672222222222222
