Lwjgl3Graphics:0.45
Lwjgl3ApplicationConfiguration:0.4066666666666667
Lwjgl3Monitor:0.36666666666666664
Lwjgl3DisplayMode:0.22333333333333333
Lwjgl3DebugStarter:0.08666666666666667
