File:0.66
RandomAccessFile:0.36666666666666664
GwtFiles:0.2575396825396825
GwtPreferences:0.24
