LuceneSession:0.5383333333333333
LuceneHelper:0.49666666666666665
LocalLuceneSession:0.49333333333333335
SearchLock:0.19666666666666666
SsfIndexInterface:0.17
