FrameBuffer:0.47333333333333333
BaseShader:0.3494444444444445
BaseShaderProvider:0.21
DefaultShaderProvider:0.20777777777777776
AmbientCubemap:0.17666666666666667
