Selector:0.4216666666666667
TxmI18N:0.31333333333333335
TextTable:0.25
BiblioTab:0.24305555555555552
ProfileButton:0.15666666666666668
