IfCondition:0.5333333333333333
TestConditions:0.43333333333333335
RegionGen:0.27
RegionMaker:0.22666666666666666
TestRedundantBrackets:0.08333333333333333
TestCls:0.08
