FedoraAccessSoapServlet:0.7333333333333333
FedoraAccessServlet:0.6133333333333333
