ListUtil:0.41
GwtActivityStreamHelper:0.38333333333333336
MiscUtil:0.37333333333333335
GwtViewHelper:0.3433333333333333
ASEntryData:0.2377777777777778
GwtCalendarHelper:0.21
GwtTaskHelper:0.20666666666666667
ASTreeData:0.20444444444444446
