GroupByPlannerTest:0.6816666666666666
Visitor:0.2866666666666667
