EmailNotifications:0.6133333333333333
SellerTest:0.23666666666666666
MessageTag:0.23666666666666666
