SimpleWebTable:0.7
DefaultDistributedStatusService:0.31666666666666665
DefaultDistributedStatusServiceTest:0.31333333333333335
DistributedStatusDetailsCommand:0.07333333333333333
DistributedStatusDetailsController:0.055
DistributedStatusService:0.052388888888888895
DistributedStatusDetailsValidator:0.03666666666666667
DefaultDistributedPollerService:0.014444444444444447
DistributedPollerStatusController:0.01
DistributedPollerService:0.0011111111111111111
