AuthenticationProperties:0.6555555555555556
Cas3:0.5075
CasValidationConfiguration:0.3466666666666667
