TaskState:0.39666666666666667
TransitionGraphicalEditPart:0.016666666666666666
