OkBuffer:0.6666666666666666
OkBufferTest:0.27666666666666667
OkBuffers:0.21566666666666667
