Dataset:0.8908333333333334
BaseDatasetImpl:0.48333333333333334
FilterDataset:0.24666666666666667
Segment:0.20444444444444446
Selection:0.2
TagFilter:0.056666666666666664
