Record:0.9466666666666667
GeneralTests:0.3233333333333333
DataTypeTests:0.31333333333333335
ASEDatabase:0.29
FunctionTests:0.25333333333333335
