CoreGL11:0.6255555555555555
GLWindow:0.35
CoreGL13:0.2783333333333333
CoreGL12:0.21583333333333332
CoreGL14:0.0011111111111111111
CoreGL11Constants:0.0
CoreGL13Constants:0.0
CoreGL12Constants:0.0
CoreGL14Constants:0.0
EXTPalettedTexture:0.0
