ClientWiredStatelessChronicleMap:0.6
MapWireHandler:0.30333333333333334
MapStatelessClient:0.2966666666666667
