ManagedChannelImpl:0.47333333333333333
OobChannel:0.36
ClientCallImpl:0.3466666666666667
ManagedChannelImplTest:0.29
ClientCallImplTest:0.26
AbstractManagedChannelImplBuilder:0.26
ManagedChannelImplIdlenessTest:0.18666666666666668
ClientStreamListenerImpl:0.1847222222222222
LbHelperImpl:0.14944444444444446
RealChannel:0.1
