TcpIpConnectionManager:0.5566666666666666
TcpIpConnection:0.5433333333333333
TcpIpConnection_AbstractTest:0.1675
SocketAcceptorThread:0.12333333333333334
DefaultNodeContext:0.09333333333333334
AbstractSelectionHandler:0.03333333333333333
IOBalancerStressTest:0.016666666666666666
SendTask:0.006666666666666667
SelectNow_TcpIpConnection_BasicTest:0.0
Select_TcpIpConnection_BasicTest:0.0
Select_TcpIpConnection_TransferStressTest:0.0
Select_TcpIpConnectionManager_ConnectTest:0.0
SelectNow_TcpIpConnectionManager_ConnectTest:0.0
SelectNow_TcpIpConnection_TransferStressTest:0.0
