NBrowseApplet:0.5683333333333334
NodeMover:0.4608333333333333
