HtmlUnitContextFactory:0.6333333333333333
DebugFrameImplTest:0.2966666666666667
