FilterResult:0.6866666666666666
ClassNameFilter:0.3283333333333333
EngineIdFilter:0.3047619047619048
