MetadataDao:0.7925
RaptorMetadata:0.27666666666666667
TestMetadataDao:0.18666666666666668
