DefaultManagement:0.6766666666666666
DefaultDOManager:0.53
ValidationConstants:0.12166666666666667
