ClobTypeDescriptor:0.6175
PostgreSQL81Dialect:0.42333333333333334
LongStringTest:0.25333333333333335
