Context:0.7466666666666667
SetupFlyweight:0.4483333333333333
DriverPublication:0.39
EventConfiguration:0.18333333333333332
