ReplicaSetStatus:0.43333333333333335
Node:0.36333333333333334
DBTCPConnector:0.31
UpdatableNode:0.25666666666666665
Tag:0.24
ReplicaSet:0.23666666666666666
Updater:0.14333333333333334
ReplicaSetHolder:0.05333333333333334
ReplicaSetStatusTest:0.03722222222222222
