JPPFThreadFactory:0.5133333333333333
AbstractJPPFClassLoaderLifeCycle:0.4033333333333333
JPPFLocalClassLoader:0.25
JPPFLeakPrevention:0.18666666666666668
