TokenAttributes:0.8133333333333334
Token:0.4533333333333333
TokenAuthenticationHandler:0.15333333333333332
