SQLQueryImpl:0.6797222222222223
QueryImpl:0.39555555555555555
