LexerATNFactory:0.7561111111111112
TestSymbolIssues:0.30666666666666664
