Renderer:0.6283333333333333
AWTDrawVisitor:0.4166666666666667
MakeReactantOrProductInExistingReactionEdit:0.20333333333333334
ReactionArrowModule:0.2
