QSARRModelTests:0.6730952380952382
CMLIOTests:0.42333333333333334
CDKTests:0.23333333333333334
