Invoice:0.7133333333333334
MetaModel:0.42
InvoiceValue:0.38
IInvoice:0.2833333333333333
InvoicesTest:0.2633333333333333
MetaTab:0.25666666666666665
TabCalculator:0.23666666666666666
DeliveriesTest:0.23666666666666666
EntityTab:0.21666666666666667
InvoiceCMP:0.21333333333333335
InvoiceBean:0.21
PropertyPG:0.20333333333333334
EntityTabDataProvider:0.19333333333333333
OnlyReadDetailsInvoiceTest:0.023333333333333334
SellerInvoiceDiscountCalculator:0.01
