StatementGenerator:0.5066666666666667
J2ObjC:0.32
StatementGeneratorTest:0.32
RewriterTest:0.2866666666666667
ObjectiveCImplementationGeneratorTest:0.28
AnonymousClassConverter:0.25333333333333335
