Upload:0.4033333333333333
DownloadArchive:0.39666666666666667
Download:0.3933333333333333
AddLimitations:0.26666666666666666
