RequestBuilder:0.33666666666666667
RequestImpl:0.2966666666666667
NettyAsyncResponse:0.29083333333333333
AsyncProvidersBasicTest:0.2733333333333333
NettyAsyncHttpProvider:0.26
RequestBuilderBase:0.25333333333333335
BoundRequestBuilder:0.23
MyAsyncHandler:0.19666666666666666
AsyncStreamHandlerTest:0.14333333333333334
ResponseHeaders:0.14
MultipleHeaderTest:0.13333333333333333
MultipartRequestEntity:0.11333333333333333
