BasicProcessingFilterTests:0.6933333333333334
BasicProcessingFilter:0.5183333333333333
