Vehicle:0.7366666666666667
VehicleConfig:0.32
GroundVehicle:0.30666666666666664
MockVehicle:0.056666666666666664
