Hits:0.6733333333333333
LocalLuceneReadSession:0.5033333333333333
AbstractLuceneSession:0.20333333333333334
