FlowModelFlowBuilder:0.71
LocalFlowBuilderContext:0.26666666666666666
FlowModelFlowBuilderTests:0.06333333333333334
