BuiltInModule:0.52
InjectorBuilder:0.4266666666666667
NoOpBindTargetVisitor:0.32666666666666666
CommandRewriter:0.2
AllTests:0.11666666666666667
