ReplaySession:0.7033333333333334
ArchiveConductor:0.48533333333333334
ReplaySessionTest:0.2954444444444444
