Network:0.72
Protocol:0.5961666666666666
TCPProtocol:0.25666666666666665
DatagramProtocol:0.25666666666666665
