Common:0.616388888888889
ArticleQueryService:0.5466666666666666
IndexProcessor:0.2633333333333333
