FoldPainter:0.59289986
Gutter:0.2737688
SquareFoldPainter:0.14451186
CircleFoldPainter:0.14423496
JEditBuffer:0.012790465
