ReplaySession:0.5088888888888888
RecordingWriter:0.4669444444444444
Archiver:0.465
