AlfAjaxTag:0.4666666666666667
AlfSessionWrapper:0.37333333333333335
ShowDocStatusTag:0.16
Messages:0.13822222222222222
ConnectionException:0.09
