DeadCodeEliminator:0.35777777777777775
InitializationNormalizer:0.3566666666666667
DeadCodeMap:0.26
InitializationNormalizerTest:0.21333333333333335
TranslationProcessor:0.18888888888888888
DeadCodeEliminatorTest:0.11666666666666667
