AbstractManagedChannelImplBuilder:0.51
InternalSubchannel:0.48111111111111104
OobChannel:0.29
LoadBalancer2:0.26666666666666666
ManagedChannelImplGetNameResolverTest:0.24666666666666667
ManagedChannelBuilder:0.18
AbstractManagedChannelImplBuilderTest:0.17
