ShadowView:0.56
layout:0.45359523809523816
ViewLoaderTest:0.19
ClickActivity:0.04666666666666667
id:0.043333333333333335
