ScopedExpression:0.67
QueryVisitorTest:0.49611111111111106
QueryVisitor:0.33
NodeSettingsTest:0.25333333333333335
InformationSchemaService:0.16
SQLQueryService:0.14
ClusterLevelExpression:0.08738888888888888
NodeLevelExpression:0.05
TableLevelExpression:0.05
ShardLevelExpression:0.03666666666666667
