ShadowViewGroup:0.5366666666666666
ViewNode:0.38333333333333336
ViewLoaderTest:0.25333333333333335
ViewGroupTest:0.21666666666666667
