ConnectionDialog:0.022709392
ConnectionDialogSwing:0.021668974
DatabaseManagerSwing:0.01892852
ConnectionSetting:0.007573846
