AgentBuilder:0.5666666666666667
Default:0.5033333333333333
AgentBuilderDefaultTest:0.39
Delegator:0.32666666666666666
PoolStrategy:0.23587301587301587
CircularityLock:0.2277777777777778
Ignoring:0.1811111111111111
Collector:0.17666666666666667
Transforming:0.1711111111111111
Redefining:0.12333333333333334
ForRedefinition:0.013333333333333334
ForRetransformation:0.006666666666666667
