JoddServlet:0.10666666666666667
JoddLagarto:0.10666666666666667
JoddMail:0.10666666666666667
JoddMadvoc:0.10666666666666667
JoddProxetta:0.10666666666666667
JoddIntrospector:0.10666666666666667
JoddJtx:0.10666666666666667
JoddProps:0.10666666666666667
JoddHtmlStapler:0.10666666666666667
JoddDb:0.10666666666666667
JoddDecora:0.10666666666666667
JoddCore:0.10666666666666667
JoddPetite:0.10666666666666667
JoddJson:0.10666666666666667
JoddHttp:0.10666666666666667
JoddVtor:0.10666666666666667
