JChemPaintEditorPanel:0.5566666666666666
MDLWriter:0.4533333333333333
HOSECodeGenerator:0.38666666666666666
JChemPaintFrame:0.2425
