ExplorePoint:0.5090555555555556
ExploreFrontier:0.47
AbstractGraphState:0.43333333333333335
ExploreConfig:0.37666666666666665
GoalSetting:0.3021624579124578
SimpleExplorePoint:0.24666666666666667
SettingKey:0.19666666666666666
EditorFactory:0.18333333333333332
HelpFactory:0.16833333333333333
ExploreOutcome:0.10333333333333333
ExploreInstance:0.08666666666666667
ExplorePointSet:0.05
ExploreGoal:0.006666666666666667
ExploreProduct:0.0
