ImagePanel:0.5066666666666667
AnnotationPanel:0.39
ImageToolbar:0.37
Annotation:0.3333333333333333
