MasterSlaveEntry:0.53
MasterSlaveConnectionManager:0.49333333333333335
SentinelConnectionManager:0.29333333333333333
