GraphState:0.5933333333333334
RuleEvent:0.47711904761904766
StateGenerator:0.3233333333333333
DefaultGraphState:0.30666666666666664
DerivedGraphState:0.29333333333333333
SPOEvent:0.24333333333333335
GTS:0.24
AliasSPOApplication:0.14666666666666667
LTS:0.12253968253968256
FreshStateCollector:0.10333333333333333
NextStateDeriver:0.09444444444444444
AliasRuleApplication:0.02
