EntityIndexUtils:0.6866666666666666
DashboardHelper:0.41
QueryBuilder:0.3261111111111111
RelevanceDashboardHelper:0.2633333333333333
