QuadTree:0.54
VpTreeNode:0.39
BarnesHutTsne:0.36333333333333334
VpTreeNodeTest:0.21
QuadTreeTest:0.16666666666666666
BarnesHutTsneTest:0.14666666666666667
