Atom:0.5866666666666667
AtomContainer:0.35333333333333333
SSSRFinder:0.2866666666666667
Bond:0.25333333333333335
MDLReader:0.17
ChemObject:0.1161111111111111
Ring:0.06
