TargetUrlResolverImpl:0.6833333333333333
AbstractProcessingFilterTests:0.26666666666666666
