FeatureSet:0.7416666666666667
GenbankAdapter:0.4533333333333333
