ProtocolOcspHttpTest:0.48333333333333334
OCSPServletBase:0.44666666666666666
OcspJunitHelper:0.42
