AbstractDialogTester:0.7
InvokeNewWizard:0.19
BaseFinishCancelDialogTester:0.13666666666666666
BaseCancelDialogTester:0.13666666666666666
BaseOKCancelDialogTester:0.13666666666666666
