EncodedGradientsAccumulator:0.7355555555555556
SharedTrainingWrapper:0.41
EncodedGradientsAccumulatorTest:0.3383333333333333
