TedSerie:0.6866666666666666
StandardStructure:0.35
TedXMLParser:0.25
SeasonEpisodeScheduler:0.22666666666666666
EpguidesParser:0.22
