SingleConsumerLinkedQueue:0.4633333333333333
SingleConsumerArrayQueue:0.38
Node:0.28
Mailbox:0.2575
SingleConsumerQueueTest:0.20666666666666667
