DefaultActionMapper:0.3566666666666667
Form:0.30333333333333334
DefaultActionMapperTest:0.2866666666666667
ActionComponent:0.25777777777777783
ActionTagTest:0.23
StrutsConstants:0.22872222222222216
