Beans:0.7933333333333333
AbstractAuthenticationHandler:0.4230595238095238
