PrestoResultSet:0.7033333333333334
TestDriver:0.31333333333333335
StatementClient:0.24666666666666667
ClientSession:0.23666666666666666
