ExitStatus:0.5766666666666667
SimpleRepeatTemplateTests:0.3466666666666667
RepeatTemplate:0.3333333333333333
ExitStatusTests:0.26
