ViewProcessor:0.7249444444444445
NutActionChain:0.5442777777777777
