Exploration:0.54
AcceptorRequiringRule:0.3
Documented:0.2833333333333333
DocumentedSelection:0.21
ExplorationDialog:0.17
ResultSelection:0.15333333333333332
