MemberVersionTest:0.49
BuildInfoProviderTest:0.4266666666666667
StringUtilTest:0.18333333333333332
