GwtUIHelper:0.6
ListFolderHelper:0.3333333333333333
ActionsMenuPopup:0.28444444444444444
AdvancedSearchController:0.23333333333333334
MainMenuControl:0.2013888888888889
WorkspaceTreeHelper:0.19444444444444445
ProfilesBinderHelper:0.14
