FileAnalyzer:0.41
Indexer:0.31333333333333335
JavaClassAnalyzer:0.2966666666666667
SearchEngine:0.28833333333333333
CompatibleAnalyser:0.28
SearchEngineTest:0.21333333333333335
SearchHelper:0.18337301587301585
CustomQueryParser:0.14666666666666667
DirectoryHistoryReader:0.13
SearchHelperTest:0.11333333333333333
JarAnalyzer:0.10333333333333333
HistoryAnalyzer:0.10111111111111111
