BuildResultListener:0.25493650793650796
BuildProgressListener:0.25493650793650796
BuildResultEvent:0.15333333333333332
BuildProgressEvent:0.15333333333333332
