EvictionConfig:0.4166666666666667
SpringXmlConfigBuilder:0.25
XmlClientConfigBuilder:0.25
CacheConfigTest:0.24
ConfigXmlGenerator:0.23
NearCacheRecordStoreTest:0.20666666666666667
XmlConfigBuilder:0.19777777777777777
AbstractCacheRecordStore:0.19333333333333333
XmlClientConfigBuilderTest:0.17
CacheEvictionConfig:0.13666666666666666
NearCacheRecordStoreTestSupport:0.13666666666666666
BaseHeapNearCacheRecordStore:0.13
TestJCache:0.11666666666666667
CacheEvictionConfigReadOnly:0.06666666666666667
EvictionConfigReadOnly:0.03666666666666667
