IMethod:0.6502777777777777
NodeMethod:0.42333333333333334
RubyMethod:0.4066666666666667
