DAOImpl:0.5961111111111111
CursorImpl:0.4952777777777777
