ClassConfigurationListener:0.5
ConfigurationListenerSupport:0.4266666666666667
ImportConfigurationListener:0.15666666666666668
AbstractAopConfigurationListener:0.13666666666666666
ResourceBundlesConfigurationListener:0.13666666666666666
AutoBeanConfigurationListener:0.13666666666666666
StandardBeanConfigurationListener:0.12333333333333334
ScopedProxyConfigurationListener:0.11
AspectJAdviceConfigurationListener:0.1
