ShellGraph:0.3233333333333333
ShellNode:0.30666666666666664
GraphRenderer:0.2833333333333333
GraphWidget:0.25333333333333335
ShellArc:0.21666666666666667
DnDIdle:0.15666666666666668
ActionCreateNode:0.09
Position:0.08666666666666667
