Weka:0.5216666666666666
J48WModel:0.44333333333333336
LinearRegressionWModel:0.44333333333333336
LinearRegressionWModelTest:0.21666666666666667
J48WModelTest:0.19666666666666666
MreactionTests:0.16666666666666666
IWekaModel:0.12527777777777777
