CountDownLatchAwaitMessageTask:0.47333333333333333
CountDownLatchGetCountMessageTask:0.47333333333333333
CountDownLatchTrySetCountMessageTask:0.47333333333333333
