CommonConfiguration:0.6766666666666666
AbstractClientEngine:0.2633333333333333
JFXStyleSetExtractionActionTest:0.22
SwingStyleSetExtractionActionTest:0.17
StyleSetWriter:0.15666666666666668
StyleSetsHandlerTest:0.14888888888888888
StyleSetExtractionAction:0.11666666666666667
AbstractUIDefinition:0.08666666666666667
