AddFilesDlg:0.4533333333333333
GwtTeamingMessages:0.4
EntryMenuPanel:0.35
DataTableFolderViewBase:0.2833333333333333
