RuleApplicationAcceptor:0.5066666666666667
IsRuleApplicableCondition:0.31
ScenarioMenu:0.29333333333333333
RuleSelectionDialog:0.09
AcceptorEnumerator:0.07333333333333333
AcceptorRequiringRule:0.07333333333333333
