HttpTransportManager:0.43333333333333335
Router:0.39666666666666667
TriggerRouterService:0.32666666666666666
ConfigurationService:0.31666666666666665
IConfigurationService:0.27972222222222226
ITriggerRouterService:0.19416666666666665
