JUnit4ClassRunner:0.6233333333333333
ParameterSignature:0.5033333333333333
Theories:0.17
StubbedTheories:0.06333333333333334
