AddressBookAUResultParser:0.6
ResultParser:0.5072222222222222
AbstractDoCoMoResultParser:0.27166666666666667
