FieldSearchServlet:0.30333333333333334
FedoraAccessServlet:0.29
LoginServlet:0.18333333333333332
ListMethodsServlet:0.1811111111111111
MethodParameterResolverServlet:0.17077777777777778
GetObjectHistoryServlet:0.1577777777777778
ListDatastreamsServlet:0.1577777777777778
ReportServlet:0.15333333333333332
