ContextImpl:0.51
WorkerPool:0.32166666666666666
WorkerContext:0.24666666666666667
WorkerExecutorImpl:0.24
FakeAsyncMultiMap:0.2
ContextTest:0.18
ContextInternal:0.052388888888888895
