ExecutorsFactory:0.47
UrlMappingTest:0.2966666666666667
BroadcasterTest:0.26666666666666666
DefaultBroadcasterFactoryTest:0.21333333333333335
ConcurrentBroadcasterTest:0.20666666666666667
BroadcasterCacheTest:0.20333333333333334
UUIDBroadcasterCacheTest:0.17333333333333334
ApplicationConfig:0.16
MetaBroadcasterTest:0.15666666666666668
AtmosphereThreadFactory:0.056666666666666664
CookieTest:0.04
