HeuristicErrorCodes:0.9604444444444444
DynamicDirectInterpreter:0.38333333333333336
