Rule:0.5933333333333334
GraphTransition:0.5116666666666667
SystemProperties:0.43666666666666665
Exploration:0.43333333333333335
EncodedType:0.4161111111111111
ExplorationDialog:0.39666666666666667
SimulatorHistory:0.25333333333333335
GrammarModel:0.2511111111111111
RuleModel:0.24800000000000003
JGraphPanel:0.24666666666666667
GraphInfo:0.23
Level:0.22
GraphJVertex:0.21666666666666667
HostModel:0.21666666666666667
ParsableValue:0.215
RuleApplication:0.20666666666666667
Serialized:0.20333333333333334
ShapeNextState:0.18666666666666668
Template:0.17666666666666667
DefaultGraphTransition:0.17666666666666667
TemplateEditor:0.17333333333333334
SimulatorModel:0.16333333333333333
ShapeTransition:0.14666666666666667
StateTab:0.13833333333333334
TemplateListEditor:0.13666666666666666
StringEditor:0.11
TemplateList:0.1
EncodedRuleFormula:0.08583333333333333
EncodedTypeEditor:0.065
EncodedEnabledRule:0.05333333333333334
EnumeratedEditor:0.05333333333333334
EncodedFixedEnumeratedType:0.05333333333333334
IsExplorationString:0.03666666666666667
EncodedEdgeMap:0.03
EncodedBoundary:0.016666666666666666
EncodedLtlProperty:0.016666666666666666
EncodedInt:0.016666666666666666
MinimalAnchorFactory:0.016666666666666666
EncodedEnumeratedType:0.013333333333333334
