MetadataSnapshot:0.4472222222222223
GatewayAllocator:0.33
TransportNodesListGatewayStartedShards:0.31333333333333335
TransportNodesListShardStoreMetaData:0.31
ShardStateInfo:0.23666666666666666
