DefaultExpressionParserFactory:0.24666666666666667
EvaluateAction:0.19666666666666666
WebFlowOgnlExpressionParser:0.13841269841269843
ScopeSearchingELResolver:0.10333333333333333
SpringBeanWebFlowELResolver:0.056666666666666664
ActionExecutingELResolver:0.043333333333333335
RequestContextELResolver:0.043333333333333335
WebFlowELExpressionParser:0.02
DefaultExpressionParserFactoryTests:0.013333333333333334
