ElasticsearchAssertions:0.6355555555555557
GetResponseTests:0.25666666666666665
GetResultTests:0.25333333333333335
GetFieldTests:0.25333333333333335
