RubyProject:0.6733333333333333
IRubyProject:0.6266666666666667
RubyBrowsingContentProvider:0.31666666666666665
RubyElementRequestor:0.19666666666666666
