ScriptEditor:0.7133333333333334
Robot:0.6122222222222223
