TimeTunnelCommand:0.41777777777777775
DefaultCommandHandler:0.26666666666666666
ShutdownCommand:0.19880952380952382
DefaultSessionManager:0.14
OptionsCommand:0.14
SessionCommand:0.13666666666666666
GroovyScriptCommand:0.1
