Operation:0.6333333333333333
IOUtil:0.2866666666666667
RemoteInvocationResponseHandler:0.23666666666666666
OperationPacketHandler:0.20666666666666667
ResponseHandlerFactory:0.19
OperationHandler:0.15333333333333332
Issue2509Runnable:0.07333333333333333
SerializationTest:0.07
UnDeserializable:0.023333333333333334
