HazelcastStarter:0.4545555555555556
Invocation_TimeoutTest:0.43
ClientStatisticsTest:0.37333333333333335
