AbstractHarvester:0.9116666666666666
HarvestManager:0.3333333333333333
