GreenLabPropertyFileReader:0.6666666666666666
GreenLabGUI:0.3433333333333333
GreenLabTooltipPanel:0.24666666666666667
