RedissonObject:0.5266666666666666
RedissonBlockingFairQueue:0.48333333333333334
RedissonBlockingFairQueueTest:0.2733333333333333
