Map2DItemListRenderer:0.6466666666666666
InnerMouseInputAdapter:0.35
Map2DSourceRenderer:0.33666666666666667
AbstractMapRenderer:0.23
SwingMapItemListUpdater:0.18666666666666668
ExternalSourceRenderer:0.15333333333333332
Map2DLegacyRenderer:0.04666666666666667
Map2DGridRenderer:0.016666666666666666
