URLWizardPanel:0.4866666666666667
MapLayerWizardPanel:0.3805555555555556
SRSWizardPanel:0.38
EditWMSQueryPanel:0.32
EditWMSQueryPlugIn:0.14111111111111113
