Builder:0.7866666666666666
TypeDescriptionGenericBuilderTest:0.38333333333333336
TypeDescriptionGenericAnnotationReaderTest:0.16666666666666666
Bar:0.09666666666666666
