Builder:0.6061111111111112
AddIndexAcceptanceTest:0.5233333333333333
PrimitiveSerializers:0.3
