InternalServiceProcess:0.6033333333333334
DefaultInternalKernelServices:0.4666666666666667
ModuleArbiter:0.2561111111111111
ServiceProcessManager:0.25333333333333335
ServiceProcessImpl:0.23333333333333334
ServiceCallImpl:0.19666666666666666
InternalKernelServices:0.185
LoadRequiredModulesExecutor:0.12333333333333334
