Structure:0.68
Function:0.34
StructureTest:0.31333333333333335
AutoSynchTest:0.30368650793650803
X11WindowUtils:0.25333333333333335
Union:0.15
