ServerJob:0.33
ServerTaskBundleNode:0.28
AbstractServerJob:0.27166666666666667
ServerTask:0.27
ServerTaskBundleClient:0.26
JPPFPriorityQueue:0.24666666666666667
ServerJobBroadcast:0.19
