ActivityController:0.37666666666666665
RoboWindow:0.3466666666666667
ShadowLooper:0.29333333333333333
ShadowContextWrapper:0.29
ShadowResources:0.25666666666666665
DefaultTestLifecycleTest:0.24166666666666667
ShadowAlertDialog:0.22466666666666663
ShadowDialog:0.22
ShadowView:0.21333333333333335
Setup:0.19666666666666666
ShadowAssetManager:0.19333333333333333
NonAppLibraryTest:0.12
ParallelUniverse:0.06333333333333334
