Euler:0.8516666666666667
EulerRunner:0.14666666666666667
