MemCacheTicketRegistryTests:0.8133333333333334
AbstractMemcachedTests:0.5380952380952382
MemcachedMonitorTests:0.2733333333333333
