Binary:0.49666666666666665
MongoChannel:0.35333333333333333
BSONTypeSerializableTest:0.33
MongoChannelTest:0.31333333333333335
SingleChannelMongoClientTest:0.14
MongoDatabaseImpl:0.13
