Duration:0.653888888888889
FilterContentDisplayer:0.43333333333333335
