NFO:0.6088888888888888
NAO:0.6088888888888888
