AbstractDependencyManagerTests:0.43666666666666665
Storage:0.3940079365079365
IOUtils:0.3333333333333333
AbstractOsgiTests:0.2833333333333333
JUnitTestActivator:0.27666666666666667
OnTheFlyBundleCreatorTests:0.21333333333333335
JarCreator:0.17333333333333334
ConfigurableBundleCreatorTests:0.16666666666666666
OsgiJUnitService:0.07583333333333334
JarUtils:0.06
JarCreatorTests:0.043333333333333335
FileSystemStorage:0.03333333333333333
TestUtils:0.023333333333333334
ArtifactLocator:0.006666666666666667
LocalFileSystemMavenRepository:0.006666666666666667
