IOutgoingBatchService:0.7455555555555555
OutgoingBatchService:0.4777222222222222
