SimulationConfig:0.43333333333333335
ManufactureProcessInfo:0.405
ManufactureConfig:0.22
ManufactureUtil:0.04666666666666667
ManufactureProcessItem:0.04666666666666667
