AbstractFlowBuilder:0.5866666666666667
XmlFlowBuilder:0.3333333333333333
BaseFlowBuilder:0.23666666666666666
PersonDetailFlowBuilder:0.21333333333333335
SearchPersonFlowBuilder:0.21333333333333335
