PatientBean:0.30666666666666664
SeriesBean:0.3
QueryCmd:0.2966666666666667
StudyBean:0.28
InstanceBean:0.2633333333333333
QueryStudiesCmd:0.1
