CacheKey:0.5366666666666666
CacheImpl:0.36
AbstractSessionImpl:0.34888888888888886
