Publication:0.58
ClientConductor:0.47333333333333333
MappedBufferManagement:0.2966666666666667
ExampleSubscriber:0.19
