Module:0.46
ModuleManager:0.45555555555555555
IJavaScriptPostAction:0.2833928571428571
Result:0.2833333333333333
CutElementsInCollectionAction:0.14333333333333334
