Configuration:0.6166666666666667
ResultLoader:0.43
DefaultSqlSession:0.28
FastResultSetHandler:0.25333333333333335
XMLConfigBuilder:0.22333333333333333
BaseExecutor:0.22
ForceFlushOnSelectTest:0.14333333333333334
