SavedRequestAwareWrapper:0.51
SecurityContextHolderAwareRequestWrapperTests:0.31333333333333335
SecurityContextHolderAwareRequestFilter:0.27
SecurityContextHolderAwareRequestWrapper:0.22666666666666666
SecurityContextHolderAwareRequestFilterTests:0.21666666666666667
MockFilterChain:0.16159523809523813
