KuwaibaWebservice:0.48333333333333334
BackendBean:0.36
UserGroupInfo:0.3433333333333333
