Common:0.6363888888888889
ActivityMgmtService:0.2966666666666667
LoginProcessor:0.25
ArticleNotifier:0.16333333333333333
CommentNotifier:0.16333333333333333
