IAudioServiceListener:0.8272619047619049
AudioServiceListenerDispatch:0.31666666666666665
AbstractAudioServiceListener:0.31
