LogFactory:0.48333333333333334
Main:0.44666666666666666
