Security:0.5738888888888889
SpawnerNoBootstrapTests:0.33
Spawner:0.32666666666666666
