SamlIdPUtils:0.645
BaseSamlObjectSigner:0.3933333333333333
SamlIdPMetadataConfiguration:0.3566666666666667
SamlIdPMetadataProperties:0.3433333333333333
GenerateJwtCommand:0.17666666666666667
