CacheProxy:0.6666666666666666
ClientCacheProxy:0.48
CacheRecordStore:0.30666666666666664
HazelcastClientCacheManager:0.18666666666666668
