Messages:0.5681269841269841
BotTaskListTag:0.36666666666666664
UpdateTaskHandlerConfiguration:0.33666666666666667
