DefaultArchiveSystemStore:0.7733333333333333
ErrorDialog:0.25333333333333335
