RuntimeEnvironment:0.85
JDBCHistoryCache:0.24333333333333335
FileHistoryCache:0.21666666666666667
