UmlTaglet:0.7966666666666666
Citation:0.3572222222222222
