WebSocketProtocol:0.5233333333333333
WebSocketWriter:0.36333333333333334
WebSocketReader:0.3333333333333333
