RubyDebuggerProxy:0.6366666666666667
RubyDebugTarget:0.556111111111111
