DatabaseWriterSettings:0.57
DefaultDatabaseWriter:0.5033333333333333
ParameterConstants:0.44333333333333336
AbstractDatabaseWriter:0.3233333333333333
DefaultDataLoaderFactory:0.31333333333333335
