BasePermission:0.5133333333333333
DefaultPermissionFactory:0.37666666666666665
AccessControlListTag:0.31
ProcessResultSet:0.2188888888888889
PermissionFactory:0.18805555555555556
AdminPermissionController:0.18666666666666668
PermissionTests:0.14666666666666667
BasicLookupStrategy:0.13
AclPermissionEvaluator:0.09666666666666666
