PortWidget:0.37833333333333335
RemoteObjectLight:0.3566666666666667
BusinessEntityManagerImpl:0.31333333333333335
RemoteObject:0.30333333333333334
RackViewImage:0.28
RackViewScene:0.24666666666666667
DeviceLayoutRenderer:0.21
NestedDeviceWidget:0.20666666666666667
DeviceLayoutStructure:0.1511111111111111
EquipmentWidget:0.15
SceneExporter:0.14666666666666667
MaterialBean:0.10333333333333333
RackViewService:0.05
