AppliConfiguration:0.45
ARINCPushButton:0.3233333333333333
LayerHelper:0.2733333333333333
ARINCSettings:0.2633333333333333
ServerCockpit:0.25333333333333335
SwingEditorPanel:0.24666666666666667
ServerConfigurationParser:0.23666666666666666
EditBoxMaskedRenderer:0.23666666666666666
EventProcessor:0.21333333333333335
LayerUtils:0.14
ARINCConnector:0.13666666666666666
ARINCScrollPanel:0.12333333333333334
