ExitStatus:0.5266666666666666
TaskExecutorJobLauncherTests:0.3
AbstractJobLauncher:0.23666666666666666
TaskExecutorJobLauncher:0.20666666666666667
ExportedJobLauncher:0.13666666666666666
ExitStatusTests:0.08
TypeConverterMethodInterceptorTests:0.05333333333333334
TypeConverterMethodInterceptor:0.02
