ExampleUtil:0.7216666666666667
ExamplePublisher:0.3293333333333333
ExampleSubscriber:0.3293333333333333
