ScopedProxyManager:0.37333333333333335
JoyProxetta:0.31333333333333335
MethrefProxetta:0.12333333333333334
PathrefProxetta:0.12333333333333334
ProxettaAwareActionsManager:0.12333333333333334
ProxettaAwarePetiteContainer:0.10666666666666667
