InMemoryLookupCache:0.7066666666666667
Word2VecTests:0.29333333333333333
VocabularyHolderTest:0.2866666666666667
InMemoryVocabStoreTests:0.20333333333333334
