FolderForm:0.6933333333333334
FolderCtrl:0.14333333333333334
PatientUpdateCtrl:0.13
PatientEditCtrl:0.08666666666666667
CollapseStudyCtrl:0.03666666666666667
ExpandSeriesCtrl:0.03
CollapseSeriesCtrl:0.03
ExpandStudyCtrl:0.03
CollapsePatientCtrl:0.023333333333333334
FolderSubmitCtrl:0.01888888888888889
ExpandPatientCtrl:0.016666666666666666
