VibeIndexAnalyzer:0.5566666666666666
VibeQueryAnalyzer:0.3466666666666667
VibeQueryAnalyzerTest:0.19
VibeAnalyzer:0.17666666666666667
VibeIndexAnalyzerTest:0.13666666666666666
AnalyzerUtils:0.13
