ConnectionProviderJdbcConnectionAccess:0.36666666666666664
JpaSchemaGenerator:0.30333333333333334
Generation:0.25666666666666665
ScriptTargetOutputToWriter:0.2227777777777778
ScriptTargetOutputToFile:0.18
ProvidedJdbcConnectionAccess:0.11
