Sim4Filter:0.6797222222222223
Sim4Parser:0.4352777777777778
