jOOQOracleTest:0.5833333333333334
Routines:0.43
GetBooks:0.4
OracleDatabase:0.31333333333333335
