JavaScriptEngine:0.8
HTMLCollection:0.27666666666666667
NodeList:0.27666666666666667
ActiveXObject:0.2488888888888889
DefaultElementFactory:0.17
