StudyModel:0.35333333333333333
PPSModel:0.3233333333333333
WebCfgDelegate:0.31333333333333335
StudyPermissionHelper:0.30666666666666664
SeriesModel:0.27666666666666667
StudyListPage:0.24666666666666667
PatientModel:0.22666666666666666
MoveEntitiesPage:0.21333333333333335
InstanceModel:0.16666666666666666
WebCfgService:0.15
Mpps2MwlLinkPanelM:0.14333333333333334
AbstractEditableDicomModel:0.043333333333333335
PPSListView:0.023333333333333334
