MaterialViewPagerHeader:0.6333333333333333
MaterialViewPagerAnimator:0.49633333333333335
MainActivity:0.2202222222222222
