CommunicationsStub:0.6366666666666667
ObjectViewTopComponent:0.30666666666666664
ContractPoolNode:0.27
TopologyDesignTopComponent:0.24666666666666667
ChildrenViewScene:0.23666666666666666
PoolsTopComponent:0.20333333333333334
AvailableContainerLinkPosition:0.19666666666666666
ChildrenViewBuilder:0.185
ChooseTributaryLinkResourcesStep:0.17333333333333334
ContractManagerRootChildren:0.16966666666666666
CreateContractAction:0.16666666666666666
AvailableTransportLinkPosition:0.16333333333333333
DeleteContractPoolAction:0.16
LabelChildren:0.146984126984127
PoolsService:0.12
CreateContractPoolAction:0.08333333333333333
ServiceManagerRootChildren:0.08333333333333333
DeleteContractAction:0.07666666666666666
AbstractPosition:0.04666666666666667
