WfVariable:0.7466666666666667
VariableDefinition:0.35333333333333333
EscalationGroup:0.215
ViewUtil:0.195
ActionExceptionHelper:0.19
ProcessVariablesRowBuilder:0.13666666666666666
VariableLogic:0.11666666666666667
TextReportGenerator:0.11666666666666667
MSWordReportBuilder:0.11
MultiProcessState:0.10666666666666667
InputVariableTag:0.09333333333333334
DisplayFormattedTextTag:0.08666666666666667
DisplayVariableTag:0.08666666666666667
ExecutionVariableProvider:0.04666666666666667
