StagingItemWriter:0.37
ConfigurableSystemProcessExitCodeMapper:0.24
SystemCommandException:0.2086111111111111
SystemCommandTasklet:0.11333333333333333
StagingItemReader:0.11333333333333333
SystemProcessExitCodeMapper:0.08333333333333333
FieldSetResultSetExtractor:0.03666666666666667
DummyItemWriter:0.0011111111111111111
FootballExceptionHandler:0.0
SimpleSystemProcessExitCodeMapper:0.0
