Corpus:0.5466666666666666
CreateSubCorpus:0.31666666666666665
CreateSubcorpusDialog:0.29333333333333333
RFileCommunication:0.2636111111111111
QueryLog:0.25333333333333335
CorporaView:0.188
QueriesView:0.18555555555555558
QueryItem:0.1811111111111111
ApplicationActionBarAdvisor:0.17333333333333334
ExecuteScriptGroovy:0.16777777777777778
