Box2DCharacterControllerTest:0.51
GwtModuleGenerator:0.3911111111111111
Box2DTest:0.30666666666666664
