CustomerDao:0.78
InMemoryCustomerDao:0.4766666666666667
App:0.33666666666666667
DBCustomerDao:0.18666666666666668
DBCustomerDaoTest:0.06333333333333334
InMemoryCustomerDaoTest:0.05333333333333334
