JbpmDefinitionLogic:0.6633333333333333
JbpmExecutionLogic:0.52
JbpmCommonLogic:0.43083333333333335
LogMover:0.17666666666666667
