ObjectNode:0.6333333333333333
LoginView:0.3233333333333333
AttributeMetadata:0.29333333333333333
AbstractNode:0.19
ObjectNodeProperties:0.18666666666666668
AccessControl:0.16333333333333333
ApplicationView:0.15666666666666668
AddObjectAction:0.07
TreeView:0.06666666666666667
Constants:0.06
RootNode:0.050277777777777775
ActionsFactory:0.034444444444444444
AbstractAction:0.02666666666666667
PropertySheet:0.016666666666666666
CurrentUser:0.013333333333333334
TestIcon:0.006666666666666667
AbstractComposedAction:0.006666666666666667
BasicAccessControl:0.0
DeleteObjectAction:0.0
