QueryCmd:0.5616666666666666
BaseCmd:0.2966666666666667
QueryStudiesCmd:0.295
