RootScope:0.6766666666666666
ScopeRegistry:0.36333333333333334
PreviewPanel:0.21333333333333335
