FooterPanelVisibility:0.6916666666666667
FooterPanel:0.4866666666666667
GwtTeamingMessages:0.31333333333333335
FolderEntryComposite:0.26111111111111107
PermalinksDlg:0.07666666666666666
