TestSaros:0.5
StatisticManager:0.38
ErrorLogManager:0.34
SarosContextTest:0.26
EclipseHelperTestSaros:0.12666666666666668
EclipseHelper:0.12333333333333334
