DBCursorTest:0.5961111111111111
GridFSTest:0.22266666666666665
