NewPushButtonRenderer:0.5733333333333334
TestWidgetRenderer:0.48611111111111105
XYScreenProjection:0.20666666666666667
