NbrowseJdbcAdapter:0.7366666666666667
DoubleValue:0.6666666666666666
