FunctionRunner:0.5366666666666666
WebserviceBeanImpl:0.4
ElementScript:0.35333333333333333
ProcessInstanceView:0.23444444444444448
SpareAndReservedDashboardWidget:0.2
FormArtifactRenderer:0.12333333333333334
ConditionalArtifactRender:0.12333333333333334
