ComputeEnergyDelegate:0.6433333333333333
ComputeEnergyJob:0.2866666666666667
