ObjectFactory:0.4866666666666667
EjbcaWS:0.4769285714285714
IEjbcaWS:0.4769285714285714
TestEjbcaWS:0.35
EjbcaWSHelper:0.31333333333333335
GetLastCertChain:0.3021904761904761
CommonEjbcaWSTest:0.23
GetLastCertChainResponse:0.19874603174603173
