jOOQTest:0.4533333333333333
BindContext:0.38666666666666666
SQLResultQuery:0.19666666666666666
UDTConstant:0.19666666666666666
SQLTable:0.19666666666666666
DefaultBindContext:0.19333333333333333
Constant:0.19
SQLField:0.19
ArrayConstant:0.19
SQLCondition:0.14333333333333334
SQLQuery:0.14333333333333334
