OAuth2AuthorizationRequestTests:0.4033333333333333
AbstractOAuth2Token:0.2966666666666667
DefaultOAuth2UserTests:0.25333333333333335
DefaultOidcUserTests:0.22
ClaimAccessor:0.14666666666666667
OAuth2AccessTokenResponseTests:0.14
DefaultAddressStandardClaim:0.03
