Toolbar:0.5266666666666666
SilverGhost:0.4866666666666667
RecentArchivesButton:0.3136111111111111
