EuropePanel:0.49333333333333335
MiniMap:0.4
MapControls:0.26666666666666666
ImageProvider:0.18833333333333332
FullScreenFrame:0.16
RecruitPanel:0.0
