XMPPChatTransmitter:0.48333333333333334
IJingleFileTransferListener:0.27051984126984113
FileTransferSession:0.24
FileTransferSocks5Receiver:0.21666666666666667
FileTransferMediaManager:0.18
FileTransferProcessMonitor:0.16333333333333333
JingleFileTransferData:0.14666666666666667
FileTransferData:0.14666666666666667
FileTransferSocks5Transmitter:0.07
JingleFileTransferManager:0.06666666666666667
JingleFileTransferProcessMonitor:0.056666666666666664
