ChartsEngine:0.5533333333333333
JFCChartsEngine:0.5
RChartsEngine:0.32666666666666666
CustomChartPanel:0.19333333333333333
