Packet:0.5866666666666667
HashedWheelScheduler:0.27
XHRPollingTransport:0.27
Decoder:0.25
Encoder:0.21
Configuration:0.20666666666666667
SocketIOChannelInitializer:0.19333333333333333
PacketHandlerTest:0.17333333333333334
WebSocketTransport:0.17333333333333334
PacketListener:0.15333333333333332
WebSocketClient:0.14666666666666667
AuthorizeHandler:0.12
FlashSocketTransport:0.02
