ReceiveChannelEndpoint:0.61
ReceiverTest:0.2633333333333333
SendChannelEndpoint:0.22
ControlTransportPoller:0.15
DataTransportPoller:0.15
DebugSendChannelEndpoint:0.12777777777777777
DebugReceiveChannelEndpoint:0.12666666666666668
