IngestDocument:0.6033333333333334
IngestDocumentTests:0.36
WriteableIngestDocument:0.19944444444444445
Fields:0.11944444444444442
