ChainingMetadataResolverCacheLoader:0.4766666666666667
SamlIdPConfiguration:0.4666666666666667
DefaultSamlRegisteredServiceCachingMetadataResolver:0.36916666666666664
