InputColumn:0.7133333333333334
MultiGetJobContext:0.30333333333333334
MergeNodeTest:0.23333333333333334
