PushService:0.7719444444444444
PullService:0.5442777777777777
