CMap:0.74
PartitionManager:0.30666666666666664
GroupProperties:0.21638888888888885
