Builder:0.68
Hero:0.55
HeroTest:0.2866666666666667
App:0.08666666666666667
