IdTableSupport:0.582
IdTableSupportStandardImpl:0.53
GlobalTemporaryTableBulkIdStrategy:0.4533333333333333
TeradataDialect:0.36333333333333334
HANAColumnStoreDialect:0.21
