ShadowResourcesTest:0.56
Bootstrap:0.3
RobolectricTestRunnerSelfTest:0.23333333333333334
ParallelUniverse:0.21333333333333335
