DefaultReports:0.5366666666666666
ReportsDashboardWidget:0.49333333333333335
ServiceManagerDashboard:0.4
