FlowArtifactFactory:0.48333333333333334
XmlFlowBuilder:0.47
LocalFlowServiceLocator:0.29
ViewState:0.2733333333333333
FlowServiceLocator:0.2678730158730158
DefaultFlowServiceLocator:0.2633333333333333
FlowDefinitionRedirectAction:0.09
ActionInvokingViewFactory:0.04083333333333333
