AnnotationValidationConfigurationBuilder:0.5972222222222222
AnnotationValidationConfigurationBuilderTest:0.37333333333333335
