ActionMenuCell:0.4666666666666667
DataTableFolderViewBase:0.4033333333333333
CopyPublicLinkDlg:0.345
