PropertyData:0.66
PropertyAuditingData:0.31333333333333335
CollectionMetadataGenerator:0.29
BasicMetadataGenerator:0.2711111111111111
SinglePropertyMapper:0.26666666666666666
