LazyConnectExchangeClient:0.42
RpcConstants:0.3775
DubboProtocol:0.37333333333333335
ReferenceCountExchangeClient:0.3433333333333333
DubboInvoker:0.21777777777777782
DubboInvokerAvilableTest:0.14
ListTelnetHandlerTest:0.09
