HazelcastInstanceFactory:0.45666666666666667
Hazelcast:0.42
HazelcastTest:0.31666666666666665
