Namematch:0.5788888888888889
AnnotationMatches:0.4866666666666667
TestNamematch:0.325
