FolderSubmitCtrl:0.61
Dcm4cheeFormController:0.5333333333333333
ExpandPatientCtrl:0.22333333333333333
