Tuple8Test:0.19416666666666665
Tuple3Test:0.19416666666666665
Tuple4Test:0.19416666666666665
Tuple7Test:0.19416666666666665
Tuple6Test:0.19416666666666665
Tuple5Test:0.19416666666666665
Tuple2Test:0.14416666666666667
