IntermediateRenderer:0.5183333333333333
HighlightModule:0.4033333333333333
AddBondModule:0.2297222222222222
