Channel:0.5483333333333333
BitUtil:0.48
AtomicArray:0.38
BitUtilTest:0.10333333333333333
