SenecaJobSpecification:0.6333333333333333
SJSCheckWizardPage:0.3233333333333333
JudgePage:0.23666666666666666
SenecaManager:0.17666666666666667
