Message:0.57
InjectionPoint:0.36333333333333334
AnnotationTypeStrategy:0.31666666666666665
Dependency:0.313
KeyTest:0.30333333333333334
ProvisionExceptionTest:0.24805555555555558
AnnotationInstanceStrategy:0.18115079365079365
