FileActivity:0.5633333333333334
ChecksumActivity:0.56
ViewportActivity:0.5566666666666666
TextSelectionActivity:0.5533333333333333
TimedActivityDataObject:0.52
JupiterActivity:0.48
ISharedProject:0.4766666666666667
IActivity:0.45
TextEditActivity:0.4266666666666667
EditorManager:0.42
EditorActivity:0.4066666666666667
RoleActivity:0.4066666666666667
FolderActivity:0.4033333333333333
StopActivity:0.3933333333333333
IActivityDataObject:0.39
Jupiter:0.36333333333333334
IActivityReceiver:0.35642857142857143
IActivityDataObjectReceiver:0.35642857142857143
IActivityDataObjectConsumer:0.35642857142857143
IActivityConsumer:0.35642857142857143
PingPongActivity:0.35
InsertOperation:0.33000000000000007
FileActivityDataObject:0.32666666666666666
ViewportActivityDataObject:0.31666666666666665
TransformationResult:0.3016666666666667
DeleteOperation:0.30000000000000004
SharedProject:0.28
Document:0.27666666666666667
ITransmitter:0.2733333333333333
TextSelectionActivityDataObject:0.27
JupiterActivityDataObject:0.26
StopManager:0.24666666666666667
StopActivityDataObject:0.24
XMPPChatTransmitter:0.22
ActivitySequencer:0.21666666666666667
SplitOperation:0.20833333333333334
UndoManager:0.2
ChecksumActivityDataObject:0.2
AbstractActivityDataObjectReceiver:0.19666666666666666
PingPongActivityDataObject:0.19666666666666666
SplitOperationTest:0.19333333333333333
EditorActivityDataObject:0.19
ActivitiesExtensionProviderTest:0.18333333333333332
TextEditActivityDataObject:0.17666666666666667
ConcurrentDocumentClient:0.17666666666666667
RoleActivityDataObject:0.17
FolderActivityDataObject:0.17
AbstractActivityReceiver:0.16666666666666666
ConsistencyWatchdogHandler:0.16333333333333333
RemoteDriverManager:0.16333333333333333
RemoteEditorState:0.15166666666666667
ActivityQueue:0.15
TimedActivities:0.15
AbstractActivityDataObjectConsumer:0.14666666666666667
AbstractActivityConsumer:0.14333333333333334
ResourceDeltaVisitor:0.14
SharedResourcesManager:0.13333333333333333
RemoteEditorManager:0.13333333333333333
ActivityQueuesManager:0.13
Handler:0.12666666666666668
JupiterClient:0.12333333333333334
ActivitiesHandler:0.12
ConcurrentDocumentServer:0.11666666666666667
ConsistencyWatchdogServer:0.11333333333333333
ConsistencyWatchdogClient:0.11
JupiterServer:0.09666666666666666
JupiterDocumentServer:0.08
IActivityListener:0.07666666666666666
IActivityProvider:0.07
AbstractActivityProvider:0.06583333333333333
PingPongCentral:0.06
QueueItem:0.05
AbstractActivity:0.04666666666666667
ActivitiesExtensionProvider:0.04
IResourceObject:0.03666666666666667
RoleManager:0.02666666666666667
PingStats:0.01
IResourceActivityDataObject:0.006666666666666667
DataObjectQueueItem:0.0033333333333333335
