ServiceRequest:0.73
ServiceRequestImpl:0.26
TestingServiceRequest:0.18333333333333332
TestingHttpServletResponse:0.18
TestingHttpServletRequest:0.06666666666666667
TestCommandGenerator:0.0033333333333333335
