Messages:0.5930555555555557
CA:0.4066666666666667
Partition:0.31
Query:0.25
CorrespondanceAnalysisEditorInput:0.22666666666666666
PartitionComposer:0.22583333333333333
CreateSubCorpus:0.1645
