AttributeAspect:0.33666666666666667
NestingAspect:0.2866666666666667
AspectualRuleView:0.2633333333333333
RuleAspect:0.24666666666666667
GraphJVertex:0.23916666666666667
AspectJModel:0.22916666666666666
ValueNode:0.22788888888888892
AspectJVertex:0.21666666666666667
AspectualGraphView:0.21
