SwingColor:0.5
SwingConfiguration:0.49666666666666665
SwingColors:0.4633333333333333
ARINCColor:0.46
GraphicFactory:0.43333333333333335
ARINCColors:0.4166666666666667
ServerConfiguration:0.4033333333333333
ServerBlinkings:0.35
SwingPictures:0.3466666666666667
PainterUtils:0.32666666666666666
DefaultStringConverter:0.26666666666666666
GraphicsConfigHandler:0.2575
AbstractServerEngine:0.24333333333333335
WindowsWindowManager:0.23
CrownRenderer:0.22666666666666666
RectangleRenderer:0.22666666666666666
ArcCircleRenderer:0.22666666666666666
TriangleRenderer:0.22666666666666666
ArcEllipseRenderer:0.22666666666666666
ARINCModelFactory:0.21666666666666667
ServerXMLDFHandler:0.21666666666666667
MaskContainerRenderer:0.21666666666666667
MapItemsUIHandler:0.21666666666666667
ServerConfigurationParser:0.21333333333333335
LineRenderer:0.21
SymbolRenderer:0.21
SymbolAnimatedRenderer:0.21
PolylineRenderer:0.21
PolarLineRenderer:0.21
PictureAnimatedRenderer:0.21
PopUpMenuRenderer:0.20666666666666667
AbstractDFHandler:0.20666666666666667
PictureToggleButtonRenderer:0.20333333333333334
PopUpMenuButtonRenderer:0.20333333333333334
ServerWrapper:0.2
AbstractWidgetFactory:0.19333333333333333
CSSPropertiesParser:0.185
UIDefinitionParser:0.17666666666666667
PicturePushButtonRenderer:0.16833333333333333
BasicServerEngineTest:0.16333333333333333
PictureRenderer:0.16
LabelRenderer:0.16
ServerGraphicsConfigHandler:0.14666666666666667
ImagesParser:0.14666666666666667
AbstractServerClippings:0.14333333333333334
DefColor:0.09333333333333334
LineSegmentRenderer:0.08333333333333333
SwingClippings:0.07333333333333333
UIMappingHandler:0.065
SwingFactory:0.04666666666666667
AbstractServerColors:0.023333333333333334
AbstractServerPictures:0.006666666666666667
