Selector:0.45666666666666667
TxmHTMLPane:0.2866666666666667
ContactUser:0.25666666666666665
TextTable:0.25666666666666665
ManageProfileTab:0.25083333333333335
SideNavTree:0.25
ManageUserTab:0.24
TextSelectionTab:0.21
ManageBaseTab:0.20666666666666667
DateSelector:0.18666666666666668
GroupedDateSelector:0.17333333333333334
CriteraPanel:0.16333333333333333
LoginForm:0.13666666666666666
DateSlider:0.13
TxmForm:0.09333333333333334
AdminTab:0.08666666666666667
BiblioTab:0.08666666666666667
