ApolloPanel:0.5433333333333333
FeatureView:0.485
EfetchSequenceAdapter:0.32666666666666666
FindPanel:0.21
ViewMenu:0.17
