Builder:0.5166666666666667
RequestBuilderTest:0.3566666666666667
RequestBuilder:0.3233333333333333
