IMoleculeTableManager:0.69
MoleculeTableManager:0.6633333333333333
CalculatePropertyHandler:0.3233333333333333
