FolderColumn:0.6366666666666667
GwtViewHelper:0.5333333333333333
CollectionView:0.18666666666666668
