SubPlan:0.4533333333333333
IterableTransformer:0.42
PlanFragment:0.36
ExchangeNode:0.35333333333333333
SubPlanBuilder:0.2733333333333333
