QueriesLabelProvider:0.47111111111111115
QueriesContentProvider:0.36333333333333334
PcorePage:0.30666666666666664
