MapFacadeBean:0.605
SaveElementInCollectionAction:0.2866666666666667
DeliveriesTest:0.15666666666666668
