ViewScene:0.5333333333333333
ObjectViewTopComponent:0.4066666666666667
CustomAddRemoveControlPointAction:0.3933333333333333
GISViewScene:0.27666666666666667
AbstractScene:0.2733333333333333
SceneLookup:0.23611111111111113
RackViewScene:0.2322222222222222
QueryManagerService:0.18333333333333332
CustomMoveControlPointAction:0.18
RackViewService:0.11333333333333333
