ClientConductor:0.6616666666666666
MediaDriverProxy:0.4266666666666667
