ReflectiveConfigurationParser:0.8566666666666667
ConfigurationInheritanceAndScopedProxyTests:0.3074603174603175
