AbstractEntityTest:0.5566666666666666
CustomDate:0.5366666666666666
ReadWriteExpressionChange:0.30333333333333334
