HydrogenAdderTest:0.5966666666666667
ToolsTests:0.4166666666666667
HydrogenAdder3Test:0.37666666666666665
HydrogenAdder2Test:0.35
