GwtTeamingMessages:0.32666666666666666
GwtServerHelper:0.2866666666666667
MarkFolderContentsReadEvent:0.28
MarkFolderContentsUnreadEvent:0.28
GwtRpcServiceImpl:0.23
GwtMenuHelper:0.22666666666666666
GwtViewHelper:0.21666666666666667
EventHelper:0.21666666666666667
ManageMenuPopup:0.2
ActionMenuCell:0.17
BinderViewsHelper:0.15666666666666668
ContextItemCommand:0.12333333333333334
DataTableFolderViewBase:0.10333333333333333
MarkFolderContentsUnreadCmd:0.02
MarkFolderContentsReadCmd:0.02
