Reader:0.5233333333333333
ModelResolver:0.31333333333333335
BeanConfig:0.2866666666666667
ModelConverterContextImpl:0.17
ModelConverterContext:0.135
