UserProcessor:0.4555555555555556
UserMgmtService:0.25666666666666665
PointtransferMgmtService:0.21333333333333335
