Lib:0.49
MetadataLib:0.29
LogLib:0.20638888888888887
EmbeddedSCLib:0.205
ConfigLib:0.20444444444444446
DatabaseLib:0.20111111111111113
GuiBuilder:0.15722222222222224
Gast:0.14333333333333334
ProfileLib:0.13666666666666666
MefLib:0.13
Worker:0.13
SiteLib:0.12333333333333334
MainFrame:0.10333333333333333
App:0.09333333333333334
Util:0.07666666666666666
Starter:0.0425
Cli:0.02
