DefaultPackageManager:0.4866666666666667
Asset:0.48
ShadowArscAssetManager:0.26
ResTableTest:0.19666666666666666
ShadowAssetManagerTest:0.19
ShadowResources:0.18333333333333332
CppAssetManager:0.16
String8:0.12666666666666668
_CompressedAsset:0.03
