SqlDataWriter:0.4
H2DataCaptureBuilder:0.32666666666666666
SQLiteDataCaptureBuilder:0.32666666666666666
OracleDataCaptureBuilder:0.32666666666666666
SqlDataWriterTest:0.30333333333333334
TableCopy:0.2733333333333333
IDataCaptureBuilder:0.26566666666666666
JdbcSqlTransaction:0.24666666666666667
AbstractCsvDataWriter:0.24
TableCopyProperties:0.21333333333333335
TableNotFoundException:0.20666666666666667
CsvDataReader:0.18666666666666668
SqlTableDataReader:0.14638888888888887
FileCsvDataWriter:0.10333333333333333
