LightModel:0.55
RadiationModel:0.37333333333333335
LightModelProcessor:0.3566666666666667
RadiationModelTask:0.25666666666666665
ParallelRadiationModel:0.19111111111111112
