IPAtomicDescriptor:0.2833333333333333
IPBondDescriptor:0.28
ElectronImpactPDBReactionTest:0.27611111111111114
IPMolecularDescriptor:0.23
IPBondDescriptorTest:0.22666666666666666
IPMolecularDescriptorTest:0.2
IPAtomicDescriptorTest:0.11
