NumericFieldDataScoreFunction:0.3333333333333333
GeoFieldDataScoreFunction:0.3333333333333333
DecayFunctionParser:0.25333333333333335
AbstractDistanceScoreFunction:0.17333333333333334
LinearDecayScoreFunction:0.15
ExponentialDecayScoreFunction:0.15
DecayFunctionScoreTests:0.12666666666666668
DecayFunctionBuilder:0.11333333333333333
