QueryBuilder:0.54
BinderModuleImpl:0.41333333333333333
ObjectKeys:0.18833333333333332
