Robolectric:0.5133333333333333
ShadowDefaultRequestDirector:0.37666666666666665
DefaultRequestDirectorTest:0.23666666666666666
UriRequestMatcher:0.11333333333333333
