Joint:0.7966666666666666
JointDef:0.5266428571428572
