RedissonPermitExpirableSemaphore:0.5166666666666667
RedissonReactive:0.43444444444444447
RedissonReactiveClient:0.43333333333333335
