BSONCallback:0.6333333333333333
BasicBSONCallback:0.425
EmptyBSONCallback:0.26666666666666666
DefaultDBCallback:0.22666666666666666
