SimpleScannerTest:0.6816666666666666
ReflectionUtils:0.6547222222222223
ReflectionUtilsTest:0.24333333333333335
