ArrayBlockBuilder:0.44666666666666666
FixedWidthBlock:0.23333333333333334
MapBlock:0.23333333333333334
IntArrayBlockBuilder:0.23
ShortArrayBlockBuilder:0.23
MapBlockBuilder:0.23
ByteArrayBlockBuilder:0.23
FixedWidthBlockBuilder:0.23
LongArrayBlockBuilder:0.22638888888888892
VariableWidthBlockBuilder:0.18694444444444444
DictionaryBlock:0.18694444444444444
