RmiSWTWorkbenchBot:0.7766666666666666
SarosRmiSWTWorkbenchBot:0.47
TestFileOperations:0.24666666666666667
PerspectiveObject:0.15666666666666668
