TransportSQLActionTest:0.6127777777777778
InformationSchemaTest:0.38666666666666666
