ServiceData:0.6688888888888889
RegisteredServiceEditBean:0.48333333333333334
ManageRegisteredServicesMultiActionController:0.31333333333333335
JsonViewUtils:0.19666666666666666
RegisteredServiceSimpleFormController:0.18666666666666668
FormData:0.03
