ProxyPointcutSupport:0.3233333333333333
MethodSignatureVisitor:0.31666666666666665
ExceptionUtil:0.29333333333333333
Proxetta:0.2866666666666667
ProxettaCreator:0.22
UncheckedException:0.2113888888888889
ProxyMethodBuilder:0.17333333333333334
AllTests:0.11
