Response:0.7966666666666666
Request:0.7066666666666667
