BackupServlet:0.5266666666666666
BackupProvider:0.18083333333333335
BackupProviderImpl:0.14333333333333334
