SampledCurve:0.9233333333333333
FDVanillaEngine:0.4033333333333333
