DocumentImpl:0.66
Scratch:0.18333333333333332
DumpPreserveFormatAction:0.13666666666666666
SaveCorpusAsXmlAction:0.13666666666666666
SaveAsXmlAction:0.13666666666666666
