ServerCockpitConnectorsTest:0.5283333333333333
DFHandler_3Test:0.4
BasicServerEngine_4Test:0.2633333333333333
ServerCockpit_5Test:0.2633333333333333
