ProfileModule:0.6466666666666666
AdminModule:0.6133333333333333
ProfileDao:0.5366666666666666
User:0.43666666666666665
ZoneConfig:0.43666666666666665
AbstractAdminModule:0.22
ProfileModuleImpl:0.21833333333333332
AbstractZoneModule:0.19666666666666666
ProfileDaoImpl:0.18333333333333332
DefaultFileVersionAgingDelete:0.16333333333333333
ManageGroupPrincipalsController:0.15
ConfigureFileVersionAgingJobController:0.14666666666666667
UserPrincipal:0.06333333333333334
WebKeys:0.03
ManageQuotasController:0.02666666666666667
