MetricsContextTest:0.6605555555555556
NetClientImpl:0.5433333333333333
