KernelFacade:0.58
Xml2Latex:0.37
QedeqBoFactoryTest:0.2966666666666667
XPathLocationFinderTest:0.24333333333333335
LoadRequiredModulesTest:0.23
SimpleXPathTest:0.18333333333333332
GenerateLatexTest:0.15
Xml2Wiki:0.13
Xml2Xml:0.12
GenerateXmlTest:0.016666666666666666
