DrawableFeatureSet:0.6466666666666666
DrawableResultFeatureSet:0.43190476190476185
