RecentActivityEntry:0.5586666666666666
DefinableEntityBrief:0.47
AbstractResource:0.42333333333333334
