CertTools:0.85
OCSPCAService:0.2833333333333333
XKMSCAService:0.2833333333333333
X509CAInfo:0.21
LanguageProperties:0.20333333333333334
CmsCAService:0.19222222222222224
WebLanguages:0.13
