Structure:0.7166666666666667
StructureTest:0.33
CallbacksTest:0.27
ArgumentsMarshalTest:0.24333333333333335
