ClientStream:0.7733333333333333
NoopClientStream:0.34
OkHttpClientStream:0.25333333333333335
NettyClientHandler:0.22
DelayedStream:0.21666666666666667
BaseAbstractClientStream:0.17333333333333334
ClientCallImpl:0.17
NettyClientTransportTest:0.12666666666666668
NettyClientStream:0.09821428571428571
ClientCall:0.09821428571428571
DelayedStreamTest:0.07
ClientCallImplTest:0.06
