SessionFactoryImplementor:0.6569444444444444
SessionFactoryImpl:0.51
CollectionHelper:0.27
NamedSQLQueryDefinition:0.26666666666666666
NamedQueryDefinition:0.24
