WindowManager:0.7766666666666666
WindowsWindowManager:0.31333333333333335
NativeWindowManager:0.2866666666666667
EmbeddedWindowManager:0.27
BasicWindowManager:0.20666666666666667
