CropTableModel:0.35333333333333333
ItemResource:0.30333333333333334
TabPanelThermalSystem:0.29
TabPanelUnitWindow:0.28
StudyTableModel:0.14666666666666667
HotMeal:0.13333333333333333
UnitWindowFactory:0.13
