NodeClient:0.38666666666666666
RestReindexAction:0.34
BulkIndexByScrollResponseContentListener:0.32
AbstractBaseReindexRestHandler:0.15666666666666668
RestUpdateByQueryAction:0.09666666666666666
RestDeleteByQueryAction:0.09666666666666666
AbstractBulkByQueryRestHandler:0.05333333333333334
