PdfBurster:0.7466666666666667
TestBursterFactory:0.30666666666666664
UtilsTest:0.21333333333333335
DistributedByTest:0.057222222222222216
MultipleTokensTest:0.016666666666666666
Scripts:0.006666666666666667
