BeanFactory:0.5733333333333334
UserBean:0.43666666666666665
Term:0.43333333333333335
Annotation:0.39
AnnotationTaskBean:0.3
PubCommunicationTable:0.29444444444444445
User:0.2833333333333333
EvidenceDescriptionListBean:0.255
HitBeanImpl:0.24666666666666667
PubAnalysisReferenceTable:0.24333333333333335
Article:0.23
DisplayAnnotationHelper:0.23
EvidenceTypeListBean:0.22666666666666666
DisplayAnnotation:0.22
PubReferenceBean:0.22
DefineBeanTag:0.21666666666666667
UserListBean:0.20666666666666667
AnnotationListBean:0.20666666666666667
SearchHits2:0.20333333333333334
ObsoleteArticle:0.2
ArticleBeanImpl:0.18666666666666668
SelectReference:0.18333333333333332
PubSourceTable:0.18166666666666667
TermAliasTable:0.18
SearchArticles:0.16
CommentList:0.15666666666666668
DisplayArticle:0.15333333333333332
Locus:0.14666666666666667
PropagateAnnotation:0.13666666666666666
UpdateTerm:0.13666666666666666
PropagateAnnotationsToGenes:0.13666666666666666
DisplayAssignedTasks:0.11
Term_Annotations:0.10666666666666667
DisplayGoTerm:0.10333333333333333
ArticleAssociatedTerms:0.10333333333333333
DisplayObjectTerm:0.10333333333333333
AllJUnitTests:0.09333333333333334
DuplicatedPubMedIdConstraintException:0.08666666666666667
AliasList:0.07
Germplasm:0.06666666666666667
Phenotype:0.06666666666666667
AnnotationsFragmentWithPropagation:0.05
Pubsource:0.03333333333333333
DisplayFullText:0.029166666666666667
Pubsourcealias:0.02
