DisplayLeakActivity:0.5133333333333333
LoadLeaks:0.48
LeakDirectoryProvider:0.4325
AndroidHeapDumper:0.23666666666666666
DefaultLeakDirectoryProvider:0.20666666666666667
