EnsJAdapter:0.6666666666666666
EnsJAdapterGUI:0.4766666666666667
EnsJSequence:0.37333333333333335
