TdsUtil:0.55
Tds:0.43333333333333335
Columns:0.33
SQLWarningChain:0.31333333333333335
TdsConnection:0.2725
PacketRowResult:0.24333333333333335
ClobImpl:0.24166666666666667
Logger:0.2322222222222222
BlobImpl:0.22166666666666668
AbstractResultSet:0.21
PreparedStatement_base:0.21
TdsStatement:0.2
Driver:0.19666666666666666
CursorResultSet:0.18666666666666668
MSSqlServerInfo:0.14
