AsyncDataSetIterator:0.5666666666666667
AsyncMultiDataSetIterator:0.25666666666666665
IteratorRunnable:0.14
TestAsyncIterator:0.11666666666666667
