RuntimeEnvironmentTest:0.5788333333333333
HistoryGuruTest:0.31666666666666665
