KerasLayer:0.46
KerasPooling:0.32866666666666666
KerasConvolution:0.2733333333333333
