RequestBuilderTest:0.30333333333333334
Builder:0.28
QueryName:0.17333333333333334
