CommChannel:0.59
CommCore:0.36
SelectorThread:0.25666666666666665
ResponseReceiver:0.22611111111111115
SelectableStreamingCommChannel:0.20666666666666667
CommChannelHandlerRunnable:0.19666666666666668
SocketCommChannel:0.13666666666666666
StreamingCommChannel:0.12
