SeqFeatureI:0.7794444444444446
FeatureSetI:0.74
FeatureSet:0.44333333333333336
SeqFeature:0.40166666666666667
DrawableFeatureSet:0.3433333333333333
DrawableSeqFeature:0.3333333333333333
Selection:0.29444444444444445
