MQLFunctionDefinition:0.56
MqlSqlGenerator:0.49
MqlHqlGenerator:0.23666666666666666
DateArithmeticFunction:0.11333333333333333
NowFunction:0.05
