HttpsConnectorFactory:0.7133333333333334
HttpsConnectorFactoryTest:0.37
Http2ConnectorFactory:0.3233333333333333
