DateFieldTypeTests:0.25666666666666665
BinaryFieldTypeTests:0.15666666666666668
GeoPointFieldTypeTests:0.15666666666666668
FieldNamesFieldTypeTests:0.15666666666666668
GeoShapeFieldTypeTests:0.15666666666666668
