Rule27:0.11333333333333333
Rule4:0.11333333333333333
RuleMeltingPoint_11_2:0.11333333333333333
RuleMeltingPoint_12_3:0.11333333333333333
RuleMeltingPoint:0.11333333333333333
RuleMelting_Point_11_3:0.11333333333333333
Rule14:0.11333333333333333
Rule25:0.11333333333333333
