AccessToken:0.4633333333333333
TokenResponseAttributes:0.42
TokenResponseAttributesTest:0.24333333333333335
Builder:0.22333333333333333
AuthorizationCodeAuthenticationProvider:0.2
OAuth2ClientAuthenticationToken:0.19333333333333333
SecurityTestConfig:0.13333333333333333
