Element:0.65
Elements:0.5466666666666666
ParserTest:0.44666666666666666
Parser:0.2866666666666667
ElementsTest:0.18333333333333332
