Prefix:0.8833333333333333
ListenerManager:0.36
HazelcastClient:0.28
ClusterStateViewImpl:0.20333333333333334
HazelcastClientListTest:0.2
CollectionClientProxy:0.2
ClientEndpoint:0.19777777777777777
ItemListenerManager:0.19666666666666666
BaseManager:0.19333333333333333
SetClientProxy:0.18166666666666667
HazelcastClientQueueTest:0.14333333333333334
MapIterateKeysHandler:0.13666666666666666
MapIterateEntriesHandler:0.13666666666666666
ListClientProxy:0.12666666666666668
AddListenerHandler:0.08
