ParticleEmitter:0.6233333333333333
BitmapFont:0.3566666666666667
ParticleEffect:0.20666666666666667
GdxTexture:0.18333333333333332
Hiero:0.17444444444444446
Renderer:0.17444444444444446
