LocalLib:0.7929999999999999
Update:0.2733333333333333
