Query:0.7866666666666666
jOOQAbstractTest:0.59
AbstractDelegatingSelect:0.33666666666666667
ResultQuery:0.23644444444444446
UpdateImpl:0.23
DeleteImpl:0.23
InsertImpl:0.21666666666666667
AbstractResultQuery:0.16
AbstractQuery:0.11333333333333333
