UserDataVO:0.58
DNFieldsUtil:0.45666666666666667
EjbcaWSHelper:0.35333333333333333
TestDNFieldsUtil:0.34
