IntegerExpression:0.6166666666666667
Constraint:0.47
PathCondition:0.37333333333333335
IntegerConstant:0.36333333333333334
RealConstant:0.33666666666666667
LinearIntegerExpression:0.27
JPF_gov_nasa_jpf_symbc_TestUtils:0.25
SymbolicConstraintsGeneral:0.2
SymbolicConstraintsChoco:0.18
JPFException:0.17666666666666667
PathConditionListener:0.12333333333333334
JPF_coverage_CheckCoverage:0.08666666666666667
LinearIntegerConstraint:0.07666666666666666
RealConstraint:0.07333333333333333
NonLinearIntegerConstraint:0.07
MixedConstraint:0.06666666666666667
Simulation:0.03
