LwjglInput:0.57
JoglInput:0.5233333333333333
Keys:0.426626984126984
