VFS:0.74
SearchFileSet:0.447
BufferListSet:0.38
SearchDialog:0.25333333333333335
DirectoryListSet:0.22
FileVFS:0.21333333333333335
AllBufferSet:0.21
FileRootsVFS:0.175
FavoritesVFS:0.16333333333333333
HyperSearchRequest:0.11666666666666667
MultiFileActionHandler:0.1075
CurrentBufferSet:0.10111111111111111
