FrameLayout:0.32
FlowLayout:0.24
CoordinatorLayout:0.22333333333333333
GridLayout:0.22333333333333333
RelativeLayout:0.22333333333333333
CollapsingToolbarLayout:0.22333333333333333
AppBarLayout:0.22333333333333333
DrawerLayout:0.22333333333333333
LinearLayout:0.22333333333333333
