Unit:0.44
Player:0.43333333333333335
Tile:0.4073333333333333
IndianSettlement:0.3433333333333333
Goods:0.31666666666666665
GoodsContainer:0.25
MapGenerator:0.2
PreGameController:0.17
