PlannerTest:0.49333333333333335
CollectAndMerge:0.3333333333333333
PlanVisitor:0.29
NodeOperationTreeGenerator:0.25
TransportExecutorTest:0.20666666666666667
Visitor:0.19744444444444442
FetchOperationIntegrationTest:0.19166666666666668
