Iterator:0.45166666666666666
Seq:0.41
List:0.35
Stream:0.3122222222222222
HashSet:0.30666666666666664
IntMap:0.28
HashMap:0.27
Vector:0.27
Queue:0.25
Tree:0.24666666666666667
TreeSet:0.22666666666666666
LinkedHashSet:0.21666666666666667
TreeMap:0.21333333333333335
LinkedHashMap:0.21333333333333335
CharSeq:0.21
Array:0.21
TreeMapTest:0.18666666666666668
