GroupByHash:0.44333333333333336
GroupByPageBuilder:0.37333333333333335
MarkDistinctHash:0.245
MarkDistinctSampledOperator:0.21
MarkDistinctOperator:0.20333333333333334
ChannelBuilder:0.15666666666666668
RowPagesBuilder:0.15166666666666667
GroupByHashAggregationBuilder:0.13666666666666666
TestHashAggregationOperator:0.12666666666666668
