ExecutionThread:0.5833333333333334
CommChannel:0.3333333333333333
InputOperation:0.29333333333333333
RequestResponseProcess:0.23333333333333334
NDChoiceProcess:0.2125
SleepInputHandler:0.2
Fields:0.11666666666666667
