MediaDriver:0.38
Channel:0.3566666666666667
Consumer:0.3466666666666667
AdminBuffers:0.24666666666666667
UnicastReceiverTest:0.23
Source:0.229484126984127
AeronTest:0.22
Aeron:0.20333333333333334
UnicastSenderTest:0.18333333333333332
ControlFrameHandler:0.17333333333333334
RcvFrameHandler:0.14
RcvChannelState:0.10666666666666667
Context:0.04666666666666667
RcvFrameHandlerFactory:0.03666666666666667
