HTTPHeaders:0.35333333333333333
HTTPRequest:0.29
HTTPHeader:0.27666666666666667
HTTPResponse:0.25
HTTPProcessor:0.03666666666666667
