MockHttpServletRequest:0.49222222222222217
MockServletContext:0.44666666666666666
UploadAdaptor:0.32
