CoreDao:0.6966666666666667
Visits:0.5033333333333333
CoreDaoImpl:0.33
GenerateCreateTablesUnconstrained:0.26666666666666666
AdminModuleImpl:0.25
FolderModuleImpl:0.25
ProfileDaoImpl:0.22666666666666666
AdminModule:0.21833333333333332
BinderModuleImpl:0.21333333333333335
DynamicDialect:0.20666666666666667
FolderDaoImpl:0.20333333333333334
ProfileModuleImpl:0.17333333333333334
AuthenticationManagerImpl:0.06166666666666667
MySQL5InnoDBDialect:0.01
