AbstractManagerMethodDispatcher:0.43666666666666665
JavaManagerMethodDispatcher:0.21333333333333335
JavaScriptManagerMethodDispatcher:0.21333333333333335
