XCPDInitiatingGatewayRequestHandler:0.5266666666666666
XCPDInitiatingGateway:0.25333333333333335
XCPDRespondingGateway:0.23666666666666666
XCPDGatewayRequestHandler:0.235
XCPDRespondingGatewayRequestHandler:0.15333333333333332
SoapActionFactory:0.0
