Spark:0.8233333333333334
TemplateViewRouteImpl:0.1852777777777778
ResponseTransformerRouteImpl:0.1486111111111111
SingletonHolder:0.11055555555555555
