mddViewer:0.5966666666666667
LineViewer:0.5766666666666667
SourceViewServlet:0.2942222222222222
