GeneralMessageActivity:0.46
SharedBreakpointManager:0.4443492063492063
PreferenceInitializer:0.41333333333333333
BreakpointActivityProvider:0.38333333333333336
GeneralMessageActivityDataObject:0.24666666666666667
BreakpointSynchReceiver:0.18666666666666668
DistributedDebugPreferencePage:0.17
BkpSynSharedProjectListener:0.14
PreferenceConstants:0.09666666666666666
DistributedJavaDebugLaunchDelegate:0.03888888888888889
