HtmlButton:0.508888888888889
HtmlUnknownElement:0.20333333333333334
HtmlItalic:0.19
HtmlButtonTest:0.12
HtmlUnknownElementTest:0.07666666666666666
HtmlItalicTest:0.02666666666666667
