BoundedLinkedHashMap:0.4
TCache:0.36333333333333334
LinkedHashMapCache:0.25333333333333335
