OleAuto:0.5766666666666667
TlbImp:0.4633333333333333
TypeLibUtil:0.39
TlbCmdlineArgs:0.38333333333333336
TlbConst:0.011111111111111112
