Robot:0.54
MenuItemTester:0.36333333333333334
WidgetTester:0.30666666666666664
ControlTester:0.2866666666666667
TableItemTester:0.22
ToolItemTester:0.22
TreeTester:0.21333333333333335
TreeItemTester:0.21
MenuTester:0.20333333333333334
TreeColumnTester:0.18333333333333332
TabItemTester:0.09
