BrowserVersion:0.8533333333333334
HttpWebConnection:0.4633333333333333
PrimitiveWebServer:0.28
HttpWebConnection3Test:0.013333333333333334
