ListenerThread:0.48555555555555563
MapClientProxy:0.43666666666666665
TopicClientProxy:0.29333333333333333
HazelcastClientTopicTest:0.24
TopicService:0.23
QueueClientProxy:0.20666666666666667
ClusterClientProxy:0.14666666666666667
TopicTest:0.14
