MatchQuery:0.5933333333333334
MultiMatchQuery:0.49666666666666665
MatchQueryBuilder:0.35
CrossFieldsQueryBuilder:0.17
QueryBuilder:0.17
MultiMatchQueryTests:0.09916666666666667
