Input:0.6233333333333333
FormulaTest:0.33666666666666667
