Transition:0.7233333333333334
BasicPatternElement:0.6733333333333333
