CommunicationsStub:0.62
ObjectFactory:0.5166666666666667
Cache:0.3933333333333333
TemplateElementNode:0.37666666666666665
ClassMetadataChildren:0.27199999999999996
TemplateElementChildren:0.2346666666666667
HierarchyCustomizerTopComponent:0.23333333333333334
ConnectionWizardWizardPanel1:0.23
KuwaibaService:0.22781746031746028
Constants:0.22333333333333333
HierarchyCustomizerService:0.22
ProjectsModuleService:0.21666666666666667
AddPossibleSpecialChildrenWithIdResponse:0.2063968253968254
AddPossibleSpecialChildrenResponse:0.2063968253968254
RemovePossibleSpecialChildrenResponse:0.2063968253968254
CreateTemplateElementAction:0.19666666666666666
ClassMetadataNode:0.18944444444444444
ProjectRootChildren:0.186
ProjectsModuleTopComponent:0.16666666666666666
CreateProjectPoolAction:0.1627777777777778
RemovePosibleChildAction:0.15666666666666668
ReleaseFromProject:0.13333333333333333
ClassChildren:0.13
ProjectRootNode:0.11333333333333333
CreateSpecialBusinessObjectAction:0.11
TemplateListFrame:0.1075
HierarchyCustomizerConfigurationObject:0.1
ProjectPoolChildren:0.1
CreateBusinessObjectFromTemplateAction:0.07666666666666666
GetTemplateSpecialElementChildren:0.065
CreateTemplateSpecialElement:0.065
GetProjectsInProjectPool:0.065
GetProjectsAssociateToObject:0.065
GetUpstreamSpecialContainmentHierarchy:0.065
CreateTemplateElementSpecialAction:0.06333333333333334
TemplateActionsFactory:0.06
DeleteTemplateElementAction:0.049444444444444444
AddPossibleSpecialChildren:0.04
RemovePossibleSpecialChildren:0.04
AddPossibleSpecialChildrenWithId:0.04
CreateTemplateAction:0.03888888888888889
GetProjectsAssociateToObjectResponse:0.03333333333333333
GetProjectsInProjectPoolResponse:0.03333333333333333
GetProjectPoolsResponse:0.03333333333333333
GetPossibleSpecialChildrenResponse:0.03333333333333333
GetPossibleSpecialChildrenNoRecursiveResponse:0.03333333333333333
GetTemplateSpecialElementChildrenResponse:0.03333333333333333
GetUpstreamSpecialContainmentHierarchyResponse:0.03333333333333333
GetPossibleSpecialChildren:0.006666666666666667
GetPossibleSpecialChildrenNoRecursive:0.006666666666666667
CreateTemplateSpecialElementResponse:0.0
GetProjectPools:0.0
