NetworkTab:0.5433333333333333
IPChangedListener:0.5133333333333333
