Blog:0.8038888888888889
EditBlogAuthorizationPlugin:0.3466666666666667
