DataManager:0.6266666666666667
ISODate:0.39411111111111113
HarvestManager:0.3233333333333333
XmlSerializer:0.26777777777777784
AccessManager:0.20333333333333334
Geonetwork:0.2
Update:0.14
ResourceLib:0.09333333333333334
LocalLib:0.09333333333333334
