IServiceObject:0.57
IService:0.4533333333333333
ServiceManager:0.45
IServiceContainer:0.335
ServiceView:0.25
ServiceObject:0.09333333333333334
ServicesLabelProvider:0.08333333333333333
AbstractService:0.07333333333333333
ServicesContentProvider:0.051666666666666666
RootContainer:0.04666666666666667
AbstractServiceContainer:0.014444444444444447
BioMobyContainer:0.006666666666666667
WorkflowContainer:0.006666666666666667
WebServicesContainer:0.006666666666666667
