AttributeCustomizerTopComponent:0.5133333333333333
ObjectNode:0.51
AttributeMetadataNode:0.4388888888888889
