EditorProcessor:0.6933333333333334
EditorReader:0.3566666666666667
