BootstrapCircleThumbnail:0.42
FontAwesomeText:0.39666666666666667
BootstrapEditText:0.37333333333333335
BootstrapButton:0.35
