SessionFactoryImpl:0.7036666666666667
AbstractSharedSessionContract:0.38666666666666666
JdbcEnvironmentInitiator:0.28
MultiTenantConnectionProviderInitiator:0.15666666666666668
