DefaultDOManager:0.5155555555555555
DCFields:0.5033333333333333
DefaultManagement:0.39666666666666667
