TestXACMLPolicies:0.6533333333333333
TestManyDisseminations:0.3566666666666667
AllCommonSystemTests:0.25666666666666665
ResourceAttributeFinderModule:0.23333333333333334
AllSystemTestsConfigA:0.20666666666666667
