NewFromNmrshiftdbWizard:0.4766666666666667
NmrshiftdbUtils:0.37666666666666665
DownloadSpectraWizard:0.24
DownloadSpectraAction:0.15666666666666668
DownloadSpectraServerWizardPage:0.03
