FeaturesConfig:0.6933333333333334
SystemSessionProperties:0.32
IterativeOptimizer:0.28111111111111114
TestFeaturesConfig:0.27666666666666667
Context:0.15333333333333332
