ChadoInstance:0.91
ChadoAdapter:0.44666666666666666
XmlConfigFileParser:0.37666666666666665
AbstractChadoInstance:0.3566666666666667
