DB:0.5233333333333333
Mongo:0.5033333333333333
ObjectIdTest:0.3466666666666667
