StateMachine:0.34
NativePeer:0.25
JPF_gov_nasa_jpf_sc_StateMachine:0.22333333333333333
SCEventFromAlphabet:0.19666666666666666
Listener:0.19555555555555557
EventGeneratorFactory:0.11333333333333333
