FeaturesConfig:0.6733333333333333
LookupJoinOperator:0.29
SystemSessionProperties:0.26
TestHashJoinOperator:0.22666666666666666
TestFeaturesConfig:0.18
