EndEntityProfile:0.44
SecConst:0.29333333333333333
LocalCertificateStoreSessionBean:0.27
EndUserCertificateProfile:0.20777777777777778
