MadvocConfig:0.6553333333333333
ActionMethodParser:0.39
ActionMethodParserTest:0.36666666666666664
ActionPathMapper:0.21777777777777782
