PublicationImage:0.43333333333333335
NetworkPublication:0.43333333333333335
SubscriptionLink:0.32166666666666666
IpcPublication:0.31833333333333336
PublicationLink:0.2633333333333333
AeronClient:0.23666666666666666
