Reference:0.5466666666666666
ApplicationGenerator:0.3233333333333333
ReferenceUtils:0.31666666666666665
ReferenceDDLUtils:0.29
EnrichmentUtils:0.2866666666666667
ReferenceAbstract:0.24333333333333335
ReferenceUMLNotation:0.22
