MetaDataStateIndexService:0.38333333333333336
IndicesClusterStateService:0.30333333333333334
ClusterChangedEvent:0.30333333333333334
OpenCloseIndexTests:0.2966666666666667
AbstractSharedClusterTest:0.28
ClusterModule:0.24
CountDownListener:0.15
