FollowModeAction:0.7886111111111112
FollowThisPersonAction:0.4619444444444445
