HostnameQueueAssignmentPolicy:0.5833333333333334
AbstractFrontier:0.4066666666666667
