UserExt:0.5872222222222223
UserProcessor:0.55
UserMgmtService:0.3233333333333333
UpdateProfilesValidation:0.16333333333333333
