DrawableAnnotatedFeatureSet:0.5644444444444445
AnnotationMenu:0.4766666666666667
FlyNameAdapter:0.42
