LeftRecursiveRuleAnalyzer:0.5183333333333333
TestLeftRecursion:0.45166666666666666
TestListeners:0.2997222222222222
