LoadVehicle:0.45666666666666667
RoverMission:0.3933333333333333
RescueSalvageVehicle:0.30333333333333334
TravelToSettlement:0.2633333333333333
CollectResourcesMission:0.25
