AspectJModel:0.5066666666666667
GCLBuilder:0.46
Level:0.35
TypePanel:0.2733333333333333
