FloatMesh:0.43666666666666665
CollisionDetection:0.37666666666666665
CollisionTest:0.31666666666666665
Intersector:0.27638888888888885
CollisionPacket:0.23472222222222225
Text:0.215
SlideResponse:0.1841666666666667
EllipsoidCollider:0.12777777777777777
