QueueContainer:0.5766666666666667
QueueSplitBrainTest:0.39666666666666667
QueueService:0.2733333333333333
MergingValueFactory:0.26
SplitBrainTestSupport:0.24
QueueMergeOperation:0.22666666666666666
SplitBrainQueueStore:0.18666666666666668
QueueDataSerializerHook:0.1
Merger:0.07666666666666666
