Element:0.6144444444444445
XMLDocument:0.48333333333333334
XMLDocumentTest:0.25333333333333335
