TxnMultiMapRemoveRequest:0.5066666666666667
ClientTxnMultiMapProxy:0.37666666666666665
MultiMapPortableHook:0.3088888888888889
