GwtRpcService:0.6883333333333334
GwtRpcServiceAsync:0.478888888888889
GwtRpcServiceImpl:0.33666666666666667
TreeDisplayVertical:0.29
WorkspaceTreeControl:0.23333333333333334
BinderExpander:0.17
ExpandHorizontalBucketCmd:0.056666666666666664
PersistNodeCollapseCmd:0.056666666666666664
GetVerticalTreeCmd:0.056666666666666664
GetHorizontalNodeCmd:0.056666666666666664
GetVerticalNodeCmd:0.056666666666666664
ExpandVerticalBucketCmd:0.056666666666666664
PersistNodeExpandCmd:0.056666666666666664
GetVerticalActivityStreamsTreeCmd:0.056666666666666664
GetRootWorkspaceIdCmd:0.056666666666666664
GetHorizontalTreeRpcResponseData:0.03
GetHorizontalTreeCmd:0.023333333333333334
