HistoricalEventManager:0.74
EventTableModel:0.5133333333333333
EventFilter:0.38666666666666666
Resupply:0.29333333333333333
ResupplyEvent:0.27216666666666667
