SequencerAgent:0.6366666666666667
ClusteredServiceAgent:0.45
SequencerAgentTest:0.33666666666666667
