SelectStatementAnalyzerTest:0.57
MatchPredicate:0.4033333333333333
MatchOptionsAnalyzedStatementTest:0.3233333333333333
GenericProperties:0.2629444444444444
BaseVisitor:0.13333333333333333
MatchOptionsAnalysis:0.0775
