A661BinaryDFHandler:0.3499444444444444
AbstractWidgetRefHandler:0.33666666666666667
DefaultClientXMLDFHandler:0.31333333333333335
AbstractBinaryDFHandler:0.2866666666666667
ConnectionThread:0.25355555555555553
AbstractXMLDFHandler:0.24
TCPProtocol:0.22666666666666666
AbstractWidgetFactory:0.21666666666666667
ClientXMLSymbolsHandler:0.21666666666666667
DFObject:0.03
