RuleModel:0.7183333333333334
RuleTransitionLabel:0.5766666666666667
