OptionsHandler:0.6266666666666667
DockingManager:0.44333333333333336
GuiUtils:0.37666666666666665
ConsoleLoader:0.1927777777777778
UILauncher:0.15
DockingMouseAdapter:0.12333333333333334
MainFrameObserver:0.11
EmbeddedConsole:0.03333333333333333
