RequestHandlerState:0.4666666666666667
TermOntology:0.4544444444444444
Term_Graph:0.3844444444444445
