ExecutionService:0.7016666666666667
GUI:0.43333333333333335
JbpmExecutionServiceBean:0.2833333333333333
TasksCheckerTask:0.22333333333333333
JbpmExecutionLogic:0.20666666666666667
ExecutionServiceDelegate:0.20127777777777778
ExecutionServiceDelegateRemoteImpl:0.18333333333333332
TaskChecker:0.17905555555555555
ExecutionServiceDelegateLocalImpl:0.16
TaskCache:0.14188888888888887
JBPMHibernateInterceptor:0.05333333333333334
