Http:0.6966666666666667
UploadingTest:0.5833333333333334
PostSender:0.255
