Document:0.5966666666666667
XmlDeclaration:0.41
DocumentTest:0.13666666666666666
