BaseServiceCommand:0.4766666666666667
ServiceCreateCommand:0.45166666666666666
ServiceEditCommand:0.43666666666666665
