AnnotationEditor:0.51
BaseEditorPanel:0.4066666666666667
TransactionSubpart:0.3758174603174604
AnnotationChangeEvent:0.26
AnnotationUpdateEvent:0.05
