ErrorLogger:0.41
Configuration:0.38
XMLHelper:0.3433333333333333
MappingReader:0.17888888888888888
XMLContextTest:0.16
