CommunicationsStub:0.6366666666666667
LocalApplicationLogEntry:0.15833333333333333
ObjectAuditTrailTopComponent:0.15694444444444444
RetrieveAudittrailAction:0.12666666666666668
