CommandOperation:0.5266666666666666
QueryOperation:0.52
GetMoreOperation:0.5133333333333333
