Booking:0.6376666666666667
Hotel:0.35333333333333333
