SlaveNodeLauncher:0.5866666666666667
NodeProvisioningMBean:0.3444444444444445
NodeProvisioning:0.12666666666666668
SlaveNodeManager:0.08666666666666667
SlaveNodeLauncherListener:0.08316666666666667
SlaveNodeLauncherEvent:0.043333333333333335
NodeProvisioningMBeanProvider:0.02
Runner:0.005
OutputRedirectHook:0.0
