ExecutionLogic:0.6466666666666666
ShowHistoryTag:0.5933333333333334
GroovyScriptExecutor:0.26666666666666666
