TypeChecker:0.6966666666666667
BinaryAddNumberTextStep:0.0033333333333333335
BinaryAddTextBooleanStep:0.0033333333333333335
BinaryAddTextNumberStep:0.0033333333333333335
BinaryAddIntegerTextStep:0.0033333333333333335
BinaryAddBooleanTextStep:0.0033333333333333335
