LoggerPrinter:0.36333333333333334
Logger:0.36
SettingsTest:0.2833333333333333
Settings:0.27666666666666667
Helper:0.15333333333333332
HelperTest:0.09
