SurveillanceTable:0.89
DefaultSurveillanceService:0.36333333333333334
SurveillanceViewController:0.23333333333333334
SimpleWebTable:0.2
