Trigger:0.5933333333333334
TriggerRouterService:0.41
TriggerHistory:0.3822222222222222
TriggerRouterServiceSqlMap:0.13111111111111112
TriggerMapper:0.08
