PerspectiveManager:0.060869608
jEdit:0.042665865
Log:0.03357895
Buffer:0.026676536
