TextArea:0.075334296
BufferAutosaveRequest:0.057184905
HyperSearchResult:0.051791344
SelectionManager:0.018854614
Autosave:0.017198103
