DomNode:0.8233333333333334
HTMLScriptElementTest:0.37333333333333335
