Stream:0.71
AbstractStream:0.39666666666666667
MessageFramer:0.2966666666666667
DelayedStream:0.24666666666666667
NoopClientStream:0.22166666666666668
ServerCall:0.2105952380952381
MessageFramerTest:0.19333333333333333
ServerCallImpl:0.18166666666666667
ClientCallImpl:0.17666666666666667
AbstractStreamBase:0.17333333333333334
ForwardingServerCall:0.17333333333333334
ServerCallImplTest:0.1511111111111111
PendingMessage:0.03333333333333333
FramerSink:0.016666666666666666
DeframerListener:0.013333333333333334
AbstractStreamTest:0.01138888888888889
