EntityView:0.6833333333333333
Preview:0.31166666666666665
