UserData:0.7333333333333333
CAAdminSessionBean:0.38666666666666666
EndEntityManagementSessionLocal:0.3328730158730158
EndEntityManagementSessionBean:0.27666666666666667
