ARBVertexBufferObject:0.59
ARBBufferObject:0.49333333333333335
GLContext:0.37
VBOIndexTest:0.27
VBOTest:0.27
Grass:0.19805555555555557
NVFragmentProgram:0.18666666666666668
EXTDepthBoundsTest:0.0011111111111111111
EXTPixelBufferObject:0.0
