GeneTable:0.42333333333333334
TermTable:0.41
ConnectionFactory:0.29333333333333333
PubReferenceTable:0.20333333333333334
AllJUnitTests:0.16333333333333333
