ControlTransition:0.79
ControlView:0.33666666666666667
RuleSystem:0.30666666666666664
ControlAutomaton:0.26
CAPanel:0.2
