SearchTab:0.7366666666666667
SearchButtonHandler:0.35333333333333333
