HyperLogLogPlus:0.6066666666666667
RegisterSet:0.34
StreamSummary:0.3144444444444444
TestHyperLogLogPlus:0.15666666666666668
TestStreamSummary:0.09666666666666666
