IOService:0.6646666666666667
SocketAcceptorThread:0.44066666666666665
TcpIpConnectionManager:0.43
MockIOService:0.4033333333333333
InitConnectionTask:0.25733333333333336
NodeIOService:0.19
