TabbedPanelGroupRenderer:0.4777777777777777
GestureAreaRenderer:0.44333333333333336
DefaultConnectorRenderer:0.2866666666666667
