SessionProperty:0.3566666666666667
AbstractTestQueries:0.32666666666666666
SessionPropertyManager:0.2866666666666667
SystemSessionProperties:0.24333333333333335
RaptorConnector:0.22166666666666668
HiveSessionProperties:0.22166666666666668
TestingConnectorSession:0.18333333333333332
HiveConnector:0.14
ResourceUtil:0.13
SetSessionTask:0.13
RaptorSessionProperties:0.02666666666666667
