Channel:0.4633333333333333
ARINCPictureToggleButton:0.3751190476190476
ExtensionManager:0.36666666666666664
DefaultServerXMLDFHandler:0.36
ARINCModelFactory:0.35333333333333333
Network:0.3466666666666667
ExtensionRegisterManager:0.3272804232804233
ServerXMLSymbolsHandler:0.32666666666666666
ConnectionThread:0.32416666666666666
PropertyPanelFactory2Test:0.32
ServerFrequencies:0.31666666666666665
DefaultXMLExporter:0.29333333333333333
BasicServerEngine:0.2922222222222222
TCPProtocol:0.2922222222222222
DefaultClientXMLDFHandler:0.27666666666666667
WebServerProtocol:0.27222222222222225
LayerTreeEditor:0.2713888888888889
AbstractEditorEngine:0.27
DatagramProtocol:0.26
AbstractXMLDFHandler:0.25333333333333335
ARINC661App:0.24666666666666667
SharedMemoryProtocol:0.23666666666666666
NetworkHandlerTest:0.22666666666666666
TreeEditorHelper:0.22555555555555554
NetworkHandler:0.21838888888888888
WidgetListener:0.21666666666666667
PictureToggleButtonRenderer:0.21333333333333335
DummyProtocol:0.21166666666666667
ARINCSettings:0.21166666666666667
ClientWrapper:0.1988888888888889
AbstractConfigurationParser:0.19666666666666666
BasicClientEngine:0.19666666666666666
ClientConfigurationParser:0.19333333333333333
EditorWidgetTableConstructor:0.19333333333333333
AbstractProtocol:0.18666666666666668
EmptyProtocol:0.17666666666666667
DefaultXMLExporter2Test:0.15666666666666668
JFXPictureToggleButtonRendererTest:0.14666666666666667
PropertyPanelFactory3Test:0.14333333333333334
ExtensionPropertiesTest:0.141
EventProcessor:0.12277777777777779
PropertiesConfiguration:0.09
ExtensionRegisterManagerTest:0.06055555555555555
StatefullAPIImplAdditionalDFsTest:0.02
ComputedSizeValue:0.006666666666666667
TestRegisterManager:0.0
