RecordUnmapper:0.6033333333333334
AbstractRecord:0.4766666666666667
Configuration:0.44484523809523807
DefaultConfiguration:0.27666666666666667
MockConfiguration:0.23
RecordUnmapperWrapper:0.043333333333333335
