CounterMap:0.5273333333333333
SpTree:0.4266666666666667
BarnesHutTsne:0.295
VPTree:0.25666666666666665
CountFunction:0.2519087301587302
BarnesHutTsneTest:0.19
