FieldDefinition:0.8866666666666667
FieldInfo:0.6333333333333333
RecordParser:0.49
