GasteigerMarsiliPartialCharges:0.6766666666666666
GasteigerPEPEPartialCharges:0.37666666666666665
