DefaultParameterParser:0.9133333333333333
DefaultParameterParserTest:0.21666666666666667
