TestQueries:0.6566666666666666
Record:0.5135555555555557
StringRecord:0.15666666666666668
HiveRecord:0.12666666666666668
