SunshineRaytracer:0.5366666666666666
SunshineOctree:0.30333333333333334
SunshineBidirPathtracer:0.25333333333333335
SunshineStandardRaytracer:0.24
OctreeKernel:0.235
ComputeSecRayKernel:0.20333333333333334
SunshinePathtracerOld:0.18
SunshineAccelerator:0.16333333333333333
TraceLightRayKernel:0.13333333333333333
TraceEyeRayKernel:0.13333333333333333
InterruptableTraceRayKernel:0.07
