Cooccurrence:0.6544444444444444
CoocPreferencePage:0.2966666666666667
ComputeCooccurrences:0.20666666666666667
LineContentProvider:0.18333333333333332
DoubleFieldEditor:0.11666666666666667
