Namematch:0.82
AnnotationMatches:0.49333333333333335
TestNamematch:0.29833333333333334
