ParsedStatement:0.35333333333333333
TransportSQLActionTest:0.3466666666666667
XContentGenerator:0.3466666666666667
InsertVisitor:0.3433333333333333
QueryVisitorTest:0.34
QueryVisitor:0.3125
XContentVisitor:0.29333333333333333
SQLResponse:0.26666666666666666
SQLPlugin:0.17333333333333334
SQLXContentSourceParser:0.07333333333333333
TableExecutionContext:0.029166666666666667
