ForceFieldTools:0.5333333333333333
ForceField:0.27666666666666667
MMFF94EnergyFunction:0.25083333333333335
BondStretching:0.2163888888888889
NewtonRaphsonMethod:0.20333333333333334
VanDerWaalsInteractions:0.19
ElectrostaticInteractions:0.17
