TestLinearCounting:0.55
TestAdaptiveCounting:0.3466666666666667
TestHyperLogLog:0.2866666666666667
