EditLib:0.5366666666666666
AccessManager:0.34833333333333333
