Simulator:0.5583333333333333
Options:0.5066666666666667
Exploration:0.5033333333333333
ScenarioMenu:0.25
InvariantViolatedAcceptor:0.24333333333333335
ExplorationDialog:0.23333333333333334
Acceptor:0.21333333333333335
ResultSelection:0.20333333333333334
LTSJGraph:0.17333333333333334
ExploreStrategyParser:0.14
RuleApplicationAcceptor:0.13555555555555554
StrategyEnumerator:0.1275
AcceptorEnumerator:0.12666666666666668
ExploreRepeatAction:0.12333333333333334
IsRuleApplicableCondition:0.08277777777777777
LastExplorationValidator:0.05333333333333334
