RaSearchCertsBean:0.4866666666666667
RaCertificateSearchRequest:0.4533333333333333
RaMasterApiSessionBean:0.21
RaSearchCertificate:0.13666666666666666
