TestPlan:0.38666666666666666
TestEngine:0.29683333333333334
JUnit5TestTree:0.20666666666666667
Launcher:0.13
ExecutionRequest:0.03333333333333333
