Spark:0.6433333333333333
ServletTest:0.3
GenericSecureIntegrationTest:0.2733333333333333
GenericIntegrationTest:0.27
CookiesIntegrationTest:0.19333333333333333
