ByteCodeExpression:0.49666666666666665
ByteCodeExpressions:0.44666666666666666
GetElementByteCodeExpression:0.38666666666666666
ByteCodeExpressionAssertions:0.34
TypeInstruction:0.25333333333333335
