ChoiceGenerator:0.58
Instruction:0.49
SystemState:0.36666666666666664
InsnInfo:0.275
StateSpaceAnalyzer:0.21666666666666667
ReturnInstruction:0.12666666666666668
