View:0.7933333333333333
CustomerHome:0.3851984126984127
