FilteredCollector:0.4877777777777778
AggregationPhase:0.485
QueryCollector:0.4766666666666667
