DeleteImpl:0.4266666666666667
UpdateImpl:0.39
AbstractDelegatingSelect:0.39
SelectImpl:0.38333333333333336
InsertImpl:0.38
SimpleSelectImpl:0.37666666666666665
AbstractSelect:0.33666666666666667
jOOQAbstractTest:0.28
AbstractQuery:0.27666666666666667
AbstractStoreQuery:0.21333333333333335
SQLResultQuery:0.19666666666666666
AbstractQueryPart:0.19666666666666666
DefaultConfiguration:0.1211111111111111
