InnerVisitor:0.37666666666666665
TransportActionProvider:0.28
OptimizeSettings:0.2595
OptimizeTableAnalyzerTest:0.24333333333333335
SysShardMinLuceneVersionTest:0.13
OptimizeTableAnalyzer:0.11333333333333333
DDLStatementDispatcher:0.10333333333333333
