Context:0.4766666666666667
LogAppender:0.47
SequencerAgent:0.37333333333333335
Configuration:0.04666666666666667
