HTMLConfiguration:0.4422222222222222
Writer:0.3933333333333333
ContentScanner:0.35
HTMLScanner:0.3466666666666667
SpecialScanner:0.15
Tester:0.03666666666666667
