Receiver:0.7783333333333333
Context:0.47611111111111115
ReceiverTest:0.22333333333333333
