DefaultDistributedStatusServiceTest:0.6466666666666666
DefaultDistributedStatusService:0.33
DistributedStatusService:0.27244444444444443
