DcmImageWriter:0.6666666666666666
DcmObjectImpl:0.5833333333333334
DcmImageWriteParam:0.27
DcmMetadataImpl:0.2
DcmMetadata:0.1930952380952381
DcmImageWriteParamImpl:0.12
DcmImageWriterSpi:0.006666666666666667
