EntityView:0.4033333333333333
EntityViewSettings:0.4
EntityPopupSupport:0.18666666666666668
EntityViewFactory:0.08666666666666667
Images:0.043333333333333335
