Cluster:0.79
Mongo:0.43333333333333335
ClusterFixture:0.3433333333333333
BaseCluster:0.22
JsonPoweredClusterTest:0.2
ReplicaSetStatus:0.18555555555555556
Fixture:0.13333333333333333
SingleServerClusterTest:0.10666666666666667
