ObjectLockProxy:0.6066666666666667
HazelcastInstanceImpl:0.5733333333333334
