FieldDefinition:0.6566666666666666
DataDefinition:0.6133333333333333
DataDefinitionImpl:0.48333333333333334
RecordInfo:0.32
TableManager:0.30833333333333335
FieldInfo:0.20972222222222223
FieldDefinitionImpl:0.20972222222222223
CRUDOperationProvider:0.16666666666666666
HibernateCRUDOperationProvider:0.16666666666666666
ReferenceChecker:0.14666666666666667
