MemberStateImpl:0.36333333333333334
TimedMemberStateFactory:0.32
ExecutorServiceProxy:0.31666666666666665
MapService:0.2833333333333333
MultiMapService:0.22
DistributedExecutorService:0.21333333333333335
QueueService:0.20666666666666667
TopicService:0.2
