Config:0.56
IntcptAction:0.37333333333333335
RequestScopeInjector:0.3333333333333333
IntcptActionTest:0.30666666666666664
