HttpEngine:0.48
RealCall:0.21333333333333335
Http2xStream:0.2
HttpStream:0.1942222222222222
WaitUntilNotifiedTest:0.1872222222222222
Http1xStream:0.18666666666666668
RouteDatabase:0.11333333333333333
