VelocityDispatcher:0.6844444444444445
JSPDispatcher:0.5357777777777777
