FileNameExtensionFilter:0.44
WizardDialog:0.3983333333333333
SelectFilesPanel:0.35
WizardGroupDialog:0.31333333333333335
