Query:0.43333333333333335
FailureInfo:0.39666666666666667
ParsingException:0.37333333333333335
TestSqlParser:0.23
Failure:0.16666666666666666
