PrintScpService:0.5666666666666667
PrintScpServiceMBean:0.33916666666666667
FilmSessionService:0.31333333333333335
FilmBoxService:0.24
