CaptureActivity:0.6466666666666666
CaptureActivityHandler:0.4633333333333333
