OpenIndexRequest:0.4166666666666667
OpenIndexClusterStateUpdateRequest:0.4066666666666667
OpenCloseIndexIT:0.38333333333333336
OpenIndexResponse:0.2733333333333333
ActiveShardsObserver:0.21520634920634918
MetaDataIndexStateService:0.14666666666666667
OpenIndexRequestBuilder:0.10333333333333333
