Checkpoints:0.49333333333333335
OrcTester:0.4066666666666667
AbstractTestOrcReader:0.37
Decimals:0.2833333333333333
StreamReaders:0.14
ValueStreams:0.11
DecimalOrcPredicate:0.0
