FieldEditor:0.7866666666666666
intEditor:0.4583333333333333
