JTBMessage:0.53
JTBMessageTemplate:0.31333333333333335
MessageInput:0.2866666666666667
JTBConnection:0.24
MessageDialogAbstract:0.23
JTBSessionContentViewPart:0.19
MessageOutput:0.17333333333333334
JTBMessageViewPart:0.15555555555555556
