DropWidget:0.4066666666666667
LandingPageEditor:0.34
EntryDropWidget:0.19833333333333333
FolderDropWidget:0.19833333333333333
CustomJspDropWidget:0.19166666666666668
LinkToFolderDropWidget:0.19166666666666668
LinkToEntryDropWidget:0.19166666666666668
