AsyncHttpClientConfig:0.7266666666666667
Builder:0.36333333333333334
DefaultAsyncHttpClientConfig:0.3566666666666667
NettyRequestFactory:0.3
AsyncHttpClientConfigDefaults:0.2633333333333333
