TestParseErrors:0.5755555555555555
TestFullContextParsing:0.4044444444444445
TestLexerErrors:0.28
