QueryTaskInfo:0.6
TaskOutput:0.47
SqlQueryTaskManager:0.2633333333333333
HttpQueryClient:0.16333333333333333
