Constants:0.8433333333333334
ScriptsUtils:0.4266666666666667
ScriptEditViewPart:0.35
ScriptNewStepDialog:0.2866666666666667
ScriptNewPauseDialog:0.18666666666666668
ScriptExecutionEngine:0.13666666666666666
ScriptExecutionLogViewPart:0.13333333333333333
ScriptNewDialog:0.11166666666666666
ScriptsNewFolderHandler:0.11
JTBQueuesContentViewPart:0.08
ScriptStepAddOrEditHandler:0.06655555555555556
ScriptsAddOrEditHandler:0.061555555555555565
ScriptsBrowserViewPart:0.04666666666666667
ScriptsRenameDuplicateDeleteHandler:0.043611111111111114
ScriptSaveHandler:0.03833333333333333
ScriptClearLogHandler:0.0
