MainContentLayoutPanel:0.5
ContentControl:0.4266666666666667
GwtMainPage:0.37722222222222224
