HexaConverter:0.6533333333333333
ServerMapItemsUtilities:0.5
ClientMapItemsUtilities:0.21166666666666667
MapItemSymbolRendererInteractiveTest:0.15
MapItemSymbolRendererInteractive2Test:0.08333333333333333
