TransportRequest:0.46
AbstractMessageContext:0.30666666666666664
DomPoxMessage:0.24333333333333335
PoxMessage:0.22333333333333333
AxiomSoapMessageContext:0.16666666666666666
SaajSoapMessageContext:0.15666666666666668
DomPoxMessageContext:0.14
AbstractSoapMessageContext:0.14
AbstractPoxMessageContext:0.13
PoxMessageContext:0.11666666666666667
HttpTransportRequest:0.115
MockTransportRequest:0.08666666666666667
MockMessageContext:0.08583333333333333
DomPoxMessageContextTest:0.04666666666666667
DomPoxMessageContextFactory:0.03666666666666667
DomPoxMessageContextFactoryTest:0.02722222222222222
DomPoxMessageTest:0.016666666666666666
DomPoxMessageException:0.015
PoxMessageException:0.015
HttpTransportRequestTest:0.01
TransportException:0.0
