STLObject:0.5033333333333333
STLSlice:0.47333333333333333
Attributes:0.4442619047619048
