Function:0.5227777777777777
Storage:0.35055555555555556
Inventory:0.34
BuildingManager:0.33316666666666667
Building:0.26
AmountResourceStorage:0.17666666666666667
TestInventory:0.11666666666666667
AmountResourceTypeStorage:0.08666666666666667
TestAmountResourceStorage:0.08333333333333333
TestAmountResourceTypeStorage:0.07
