RepairingTask:0.4866666666666667
RepairingHandler:0.33666666666666667
RepairingTaskTest:0.3333333333333333
ClientContext:0.25333333333333335
MapNearCacheManager:0.24
