JoinInfo:0.51
Node:0.46
MulticastJoiner:0.25666666666666665
CMapTest:0.13
CloudyUtility:0.12666666666666668
NodeMulticastListener:0.12444444444444443
