SearchContext:0.46027777777777773
DiscoveryNode:0.3433333333333333
IngestDocument:0.23333333333333334
ClusterServiceUtils:0.18333333333333332
PosixPermissionsResetter:0.16333333333333333
