EventHandler:0.6666666666666666
IcalModuleImpl:0.4266666666666667
TimeZoneHelper:0.30666666666666664
