Geometry:0.54
PrecisionModel:0.4293888888888889
GeometryFactory:0.37
PrecisionModelType:0.36333333333333334
