RubyDebugTarget:0.38666666666666666
RubyDebuggerProxy:0.37666666666666665
RdtDebugCorePlugin:0.29
IRubyDebugTarget:0.2454444444444444
TestRubyDebugTarget:0.23666666666666666
TS_Debug:0.17333333333333334
FTC_DebuggerLaunch:0.15666666666666668
DebuggerRunner:0.13
