Euler:0.6333333333333333
BuiltinManager:0.4633333333333333
