WebSocketImplBase:0.38
Http1xConnectionBase:0.3566666666666667
Http1xServerConnection:0.30666666666666664
WebSocketFrameFactoryImpl:0.25
Http1xClientHandler:0.21666666666666667
Http1xClientConnection:0.16666666666666666
ServerHandlerWithWebSockets:0.16
WebSocketFrameFactory:0.15833333333333333
