ParameterValue:0.37111111111111117
InvalidParameterValueException:0.35333333333333333
OperationParameter:0.075
InvalidParameterTypeException:0.05
InvalidParameterNameException:0.05
ParameterNotFoundException:0.05
ParameterValueGroup:0.04666666666666667
OperationParameterGroup:0.04666666666666667
GeneralParameterValue:0.03
GeneralOperationParameter:0.0011111111111111111
