IssueHandlerImpl:0.6066666666666667
ITrackerServices:0.30666666666666664
ITrackerServicesImpl:0.28
IssueHistoryDAOImpl:0.22666666666666666
IssueHistoryDAO:0.06333333333333334
