NeverExpiresExpirationPolicy:0.5533333333333333
ThrottledUseAndTimeoutExpirationPolicy:0.18666666666666668
RememberMeDelegatingExpirationPolicy:0.18666666666666668
TicketGrantingTicketExpirationPolicy:0.18666666666666668
