ModelBuilder:0.4633333333333333
MeshBuilder:0.44666666666666666
BaseBulletTest:0.31333333333333335
RayPickRagdollTest:0.18333333333333332
ConstraintsTest:0.16
