StrutsPrepareAndExecuteFilter:0.43
StrutsPrepareFilter:0.43
StrutsExecuteFilter:0.3233333333333333
StrutsServlet:0.2966666666666667
StrutsListener:0.14
