SunshineSceneVisitor:0.7482777777777778
CountVisitor:0.4486111111111111
