EjbcaJSFHelper:0.6066666666666667
CAActivationMBean:0.3433333333333333
LanguageProperties:0.22666666666666666
WebLanguages:0.16666666666666666
GlobalConfigurationDataHandler:0.15
AccessRulesView:0.12666666666666668
