EdgeInfoRetriever:0.4285555555555555
GraphJdbc:0.38666666666666666
NBNode:0.2966666666666667
XMLio:0.29333333333333333
SQL:0.27666666666666667
EdgeDataset:0.26666666666666666
GraphEltSet:0.25333333333333335
EdgeInfo:0.245
NyuWormRnai:0.23583333333333334
EdgeInfoJdbc:0.20666666666666667
NBEdge:0.20333333333333334
