RingbufferContainer:0.5058333333333334
UnmodifiableLazyList:0.37333333333333335
InternalCacheRecordStoreTest:0.23666666666666666
CachePrimaryStateGetterOperation:0.19333333333333333
SpiDataSerializerHook:0.16111111111111112
InternalCacheRecordStoreTestFactory:0.15333333333333332
