CompareNode:0.4866666666666667
DataSpaceEditorRepository:0.3466666666666667
CompareInput:0.33666666666666667
Search:0.20166666666666666
MessageDescriptionCompareNode:0.19666666666666666
CompareDifferencer:0.1487777777777778
CompareAction:0.14333333333333334
SearchForUpdates:0.14
SpooledFileFactory:0.1
