ConsoleServer:0.72
ConsoleServerService:0.4667063492063494
GreysAnatomyMain:0.35
ConsoleClient:0.27666666666666667
AgentMain:0.17
