BotTaskParamDefWizardPage:0.8133333333333334
BotTaskParamDefWizard:0.38333333333333336
