Arc:0.8533333333333334
Node:0.78
Path:0.5866666666666667
GraphRenderer:0.395
MutableGraph:0.34365079365079365
EmptyFactory:0.3
Graph:0.2853333333333333
UnifiedAction:0.27666666666666667
Layout:0.26666666666666666
Properties:0.2633333333333333
ArcIterator:0.25333333333333335
NodeImpl:0.22666666666666666
TreeLayout:0.22666666666666666
Contour:0.20666666666666667
Dimension2D:0.2063968253968254
GraphWriter:0.17333333333333334
PropertyWidget:0.16666666666666666
ModelHelper:0.16
MutableGraphImpl:0.14666666666666667
PathHelper:0.14666666666666667
GraphFactory:0.13666666666666666
GraphGraphics:0.13666666666666666
GraphWidget:0.12333333333333334
Factory:0.1175
Tree:0.11333333333333333
Geometry:0.11333333333333333
Orientation:0.1
Shell:0.08666666666666667
ReflectHelper:0.08333333333333333
NodeLayout:0.08333333333333333
AbstractFactory:0.07666666666666666
SegmentConsumer:0.07333333333333333
SwingHelper:0.07
ArcLayout:0.06333333333333334
TreeFactory:0.05111111111111112
ArcImpl:0.045
TreeLayoutRenderer:0.041388888888888885
ShapeHelper:0.035833333333333335
LayoutWidget:0.03
HierarchicalLayout:0.02666666666666667
AcyclicGraph:0.023333333333333334
LayeredAcyclicGraph:0.023333333333333334
AbstractLayout:0.023333333333333334
RandomLayout:0.016666666666666666
GBLayout:0.015
DefaultGraphRenderer:0.013333333333333334
GraphReader:0.007777777777777778
DirectedArcIterator:0.0033333333333333335
Animation:0.0033333333333333335
LayoutException:0.0025
PathIteratorKnowHow:0.0
ShapeMenuItemWidget:0.0
