Html:0.5933333333333334
ReportWebsite:0.44333333333333336
