Jnet:0.69
MouseManager:0.5766666666666667
HoverWatcher:0.22444444444444447
HoverRenderer:0.17
NoNode:0.006666666666666667
