JCPFileFilter:0.57
ControllerHub:0.5066666666666667
SaveAsAction:0.27666666666666667
OpenAction:0.20333333333333334
