AuthenticationManager:0.6916666666666667
AuthenticationManagerImpl:0.33
AbstractAuthenticationProviderModule:0.2866666666666667
ZoneAwareLocalAuthenticationProviderImpl:0.25333333333333335
AuthenticationManagerUtil:0.23333333333333334
