OrcType:0.51
OrcMetadataReader:0.36333333333333334
DwrfMetadataReader:0.32866666666666666
