OcspResponseGeneratorSessionBean:0.5627777777777778
OCSPServlet:0.3433333333333333
