PayloadValidatingInterceptor:0.7833333333333333
PayloadValidatingInterceptorTest:0.4766666666666667
