MethodNameStrategy:0.54
ConfigurationPostProcessor:0.3233333333333333
AbstractNamingStrategyTests:0.26
LifecycleTests:0.13333333333333333
ConfigurationSupport:0.12666666666666668
MethodNameStrategyTests:0.10666666666666667
