ComponentFinder:0.6844444444444444
DefaultComponentFinder:0.39666666666666667
ComponentReference:0.36333333333333334
DefaultComponentFinderTest:0.29
Script:0.2571666666666667
AbstractButtonTester:0.14
