ShadowAssetManager:0.38333333333333336
RuntimeEnvironment:0.36666666666666664
ShadowSQLiteConnection:0.33
ShadowParcel:0.3233333333333333
ShadowCursorWindow:0.2911111111111111
