MainMenuControl:0.42333333333333334
ManageMenuPopup:0.35
ViewsMenuPopup:0.26666666666666666
EventHelper:0.25666666666666665
RecentPlacesMenuPopup:0.22611111111111115
MyTeamsMenuPopup:0.22611111111111115
ManageCommand:0.22
MenuBarPopupBase:0.20333333333333334
MyFavoritesMenuPopup:0.20111111111111113
ContextLoadInfo:0.16666666666666666
GetManageMenuPopupEvent:0.16666666666666666
ContextItemCallback:0.12
TreeDisplayVertical:0.11666666666666667
ContextMenuSynchronizer:0.08666666666666667
FavoriteCommand:0.06333333333333334
PlaceCommand:0.06333333333333334
TeamCommand:0.06333333333333334
HideManageMenuEvent:0.05333333333333334
