ResourceServlet:0.8166666666666667
ResourceServletTests:0.27666666666666667
