ClientConnection:0.38
HttpClientRequest:0.35
HttpClientRequestImpl:0.21
HttpClientRequestPushPromise:0.20333333333333334
Http2Test:0.20281746031746034
Http1xTest:0.16666666666666666
