LexerATNSimulator:0.4766666666666667
ParserATNSimulator:0.38666666666666666
OrderedHashSet:0.37333333333333335
DFAState:0.36333333333333334
NoViableAltException:0.31
DOTGenerator:0.11666666666666667
LexerNoViableAltException:0.08333333333333333
NoViableTreeGrammarAltException:0.05
