GaapClient:0.8066666666666666
GeonetworkGaapClientException:0.33666666666666667
GaapClientTest:0.24666666666666667
