Configuration:0.6266666666666667
TimeUtils:0.49333333333333335
LayoutManager:0.33666666666666667
TreeCellRenderer:0.17
CustomizationConfigTab:0.15333333333333332
GeneralTab:0.07666666666666666
