WxMenu:0.6133333333333333
WxMpServiceImpl:0.38333333333333336
WxMenuGsonAdapter:0.22666666666666666
