Trie:0.38555555555555554
PatriciaTrie:0.35
Node:0.32666666666666666
RadixTrie:0.2733333333333333
TriePrinter:0.2
SuffixTrie:0.16
RadixNode:0.14333333333333334
CompactSuffixTrie:0.09666666666666666
TrieMapPrinter:0.08333333333333333
JavaCompatibleRadixTrieMap:0.08333333333333333
PatriciaTriePrinter:0.03333333333333333
RadixTreePrinter:0.03222222222222222
INodeCreator:0.0
