NLoggerNames:0.7930555555555554
RSSParser:0.4766666666666667
NewDownloadDialog:0.4033333333333333
SetDownlodDirectoryListener:0.12444444444444445
