Bond:0.49333333333333335
Element:0.3
ChemObject:0.2713888888888889
Ring:0.24111111111111114
AtomType:0.22972222222222224
RingSizeComparator:0.21333333333333335
RingSet:0.19083333333333333
Isotope:0.17583333333333337
