InteractiveRenderer:0.5861666666666666
MultiStateButtonRenderer:0.2833333333333333
ARINCMultiStateButton:0.2546666666666667
AbstractInteractiveWidget:0.21333333333333335
ServerInteractiveWidget:0.21
ARINCComboBox:0.2
AbstractInteractiveContainer:0.16666666666666666
