ESDeleteByQueryNode:0.4680952380952382
CollectNode:0.25666666666666665
ESDeleteByQueryTask:0.25333333333333335
Planner:0.24333333333333335
ESQueryBuilderTest:0.2
SelectAnalyzerTest:0.2
PlanNodeBuilder:0.19666666666666666
TransportExecutorTest:0.16666666666666666
DeleteIndexListener:0.14
TransportSQLActionTest:0.13533333333333333
DeleteAnalyzerTest:0.11666666666666667
ESDeleteIndexNode:0.11333333333333333
ESDeleteIndexTask:0.11
TestMetaDataModule:0.04666666666666667
