AtomContainer:0.72
VicinitySamplerTest:0.23333333333333334
EquivalentClassesDeterministicGeneratorTest:0.23333333333333334
SmilesGeneratorTest:0.23333333333333334
SingleStructureRandomGeneratorTest:0.22
