MultiLayerNetwork:0.6133333333333333
OutputLayer:0.42333333333333334
TestOptimizers:0.4066666666666667
