MergeOperation:0.56
MapOperationProvider:0.5086666666666666
MapReplicationUpdate:0.2866666666666667
MapEventPublisher:0.25666666666666665
MapOperationProviderDelegator:0.19333333333333333
DefaultMapOperationProvider:0.19333333333333333
ClientListenersTest:0.15666666666666668
MapReplicationSupportingService:0.14333333333333334
MapEventPublisherImpl:0.14
QueryCacheIMapEventHandlingTest:0.12333333333333334
Merger:0.08
