JbpmDefinitionLogic:0.41
JbpmCommonLogic:0.38333333333333336
AssignmentHandler:0.36666666666666664
SwimlaneInstance:0.2916666666666667
JbpmExecutionLogic:0.2733333333333333
OrgFunctionConfiguration:0.03
