URLConnectionTest:0.35
SpdyTransport:0.31
Connection:0.30072222222222217
Platform:0.2966666666666667
OkHttpClient:0.23333333333333334
MockWebServer:0.22
HttpConnection:0.21916666666666668
HttpURLConnectionImpl:0.2
Main:0.19666666666666666
SpdySocketHandler:0.16833333333333333
SpdyServer:0.15666666666666668
HeadersTest:0.15
JdkWithJettyNpnPlatform:0.14666666666666667
