AbstractFlywayMojo:0.8883333333333333
AbstractMigrationLoadingMojo:0.5033333333333333
