URLConnectionTest:0.6150555555555556
HttpURLConnectionImpl:0.4033333333333333
HttpEngine:0.3466666666666667
