HTMLElementTest:0.5966666666666667
WindowTest:0.44444444444444436
SelectTest:0.3016666666666667
