UURI:0.8705555555555554
UURITest:0.22666666666666666
