DaoStatement:0.7541666666666667
NutSql:0.61
NutDaoExecutor:0.24666666666666667
