ServerConnection:0.5575
ClientConnection:0.3516666666666667
AbstractRecoveryConnection:0.22666666666666666
