WebResourceScan:0.6202777777777778
DefaultViewMaker:0.15
DefaultMessageLoader:0.14444444444444446
