DefaultManagement:0.47
DOManager:0.43666666666666665
DefinitiveDOWriter:0.2833333333333333
FedoraAPIMBindingSOAPHTTPImpl:0.25333333333333335
Management:0.23
DefaultDOManager:0.18333333333333332
