JChemPaintPanel:0.5666666666666667
JCPToolBar:0.37333333333333335
JChemPaintEditorApplet:0.2
