PixelIterator:0.63
ImageReaderTestCase:0.35333333333333333
ImageWriterTestCase:0.33666666666666667
ImageBackendTestCase:0.18
ImageWriterCaseTest:0.05
ImageIOTestCase:0.016111111111111107
