DefaultProperties:0.47
JtdsResultSet:0.37666666666666665
Support:0.36
JtdsResultSetMetaData:0.35333333333333333
Driver:0.326
ParameterMetaDataImpl:0.28
ConnectionJDBC2:0.24
JtdsCallableStatement:0.22333333333333333
JtdsDataSource:0.21666666666666667
JtdsPreparedStatement:0.20666666666666667
JtdsObjectFactory:0.12666666666666668
DriverUnitTest:0.11666666666666667
DefaultPropertiesTestLibrary:0.11
