WFSHttpMethod:0.4852380952380953
WFSPanel:0.4583333333333333
WFSHttpClient:0.28
WFServiceWrapper_1_0_0:0.22333333333333333
WFSClientHelper:0.16444444444444445
WFSPostMethod:0.11666666666666667
WFSGetMethod:0.11666666666666667
