GraphState:0.5433333333333333
Step:0.44
Binding:0.4166666666666667
Switch:0.34
CtrlFrame:0.3262301587301587
CtrlState:0.31666666666666665
CtrlTransition:0.31666666666666665
IsoChecker:0.31
Assignment:0.30333333333333334
Frame:0.2866666666666667
ShapeState:0.27666666666666667
CtrlCall:0.26
GTS:0.25
CtrlAut:0.25
Valuator:0.24333333333333335
ExplorationTest:0.23666666666666666
Const:0.23333333333333334
CtrlPar:0.2105952380952381
CtrlSchedule:0.21
CtrlBuildTest:0.20333333333333334
Location:0.19333333333333333
DefaultGraphNextState:0.19
ShapeIsoChecker:0.18666666666666668
AbstractGraphState:0.18666666666666668
PatternShapeIsoChecker:0.18333333333333332
LabelValue:0.16666666666666666
StepMatchCollector:0.15916666666666668
StateSet:0.14333333333333334
MatchApplier:0.12
CtrlStep:0.09753968253968254
ControlAttributeParametersTest:0.08666666666666667
