CodeGenerationUtils:0.7366666666666667
CodecCodeGenerator:0.38666666666666666
