IsotopeFactory:0.38666666666666666
SmilesGenerator:0.36666666666666664
SmilesGeneratorTest:0.32666666666666666
MFAnalyser:0.31333333333333335
ChangeAtomSymbolEdit:0.29333333333333333
MDLReader:0.2833333333333333
Convertor:0.2833333333333333
MDLV3000Reader:0.2833333333333333
IsotopeFactoryTest:0.28
VASPReader:0.26666666666666666
MDLWriter:0.26666666666666666
Gaussian98Reader:0.26666666666666666
Gaussian03Reader:0.26666666666666666
MoleculeFactory:0.2664444444444445
AbstractRenderer2D:0.2633333333333333
HydrogenAdder:0.25
BasicValidator:0.24666666666666667
ChemObjectTest:0.22
HOSECodeGenerator:0.21838888888888888
KabschAlignment:0.20666666666666667
GENMDeterministicGenerator:0.19333333333333333
AbstractController2D:0.19333333333333333
VicinitySamplerTest:0.18333333333333332
BCUTDescriptor:0.165
GhemicalMMReader:0.16333333333333333
IsotopeReaderTest:0.16
ValenceCarbonConnectivityOrderZeroDescriptor:0.15333333333333332
SMILESWriter:0.15333333333333332
ValenceConnectivityOrderZeroDescriptor:0.15333333333333332
WeightDescriptor:0.15333333333333332
ChangeIsotopeEditTest:0.14833333333333334
InductivePartialCharges:0.14666666666666667
ValenceCarbonConnectivityOrderOneDescriptor:0.14666666666666667
APolDescriptor:0.14666666666666667
BPolDescriptor:0.14666666666666667
GravitationalIndexDescriptor:0.14666666666666667
ValenceConnectivityOrderOneDescriptor:0.14666666666666667
IsotopeHandlerTest:0.14666666666666667
CPSADescriptor:0.12666666666666668
MomentOfInertiaDescriptor:0.12666666666666668
IsotopeHandler:0.12333333333333334
IsotopeReader:0.12333333333333334
DataClassesTests:0.08333333333333333
ChangeIsotopeAction:0.08333333333333333
ChangeAtomSymbolAction:0.07333333333333333
SDFSubstructureFinder:0.07333333333333333
AtomTypeTools:0.06916666666666667
