MPut:0.41333333333333333
ClientHandlerService:0.39666666666666667
SocketConnector:0.2833333333333333
MPutMulti:0.27
MRemoveMulti:0.19
MRemoveItem:0.19
MRemove:0.15666666666666668
MBackupAwareOp:0.12333333333333334
