VerticleFactory:0.47583333333333333
TestVerticleFactory:0.37
DeploymentManager:0.3466666666666667
VerticleFactoryTest:0.29
