FieldValidatorsWizardPage:0.49833333333333335
MultiTaskState:0.48
VariablesComposite:0.21666666666666667
GroovyActionHandlerProvider:0.18666666666666668
