ServiceInfo:0.5063888888888889
OptimizerVisitor:0.3566666666666667
OLParser:0.31666666666666665
