IAtomContainerTest:0.571111111111111
IAtomContainerSetTest:0.3333333333333333
IAminoAcidTest:0.3333333333333333
