ViewInfo:0.39666666666666667
GwtTeamingMessages:0.31666666666666665
FolderEntryDlg:0.29333333333333333
EventHelper:0.24666666666666667
FolderEntryComposite:0.22333333333333333
GwtViewHelper:0.21444444444444447
ContentControl:0.17333333333333334
ViewFolderEntryInfo:0.16666666666666666
ShowFolderEntryEvent:0.07666666666666666
FolderEntryView:0.06
