Fields:0.6166666666666667
ElementInfo:0.5433333333333333
Area:0.38
StaticElementInfo:0.20666666666666667
StaticFields:0.20333333333333334
DynamicFields:0.18555555555555556
DynamicElementInfo:0.12333333333333334
ElementInfoContainer:0.0011111111111111111
