Counter:0.49
CounterMap:0.36333333333333334
DataPoint:0.3
PriorityQueue:0.2966666666666667
Evaluation:0.28
SloppyMath:0.24555555555555558
VPTree:0.22
StringGrid:0.21
MathUtils:0.18333333333333332
