LayerTreeEditor:0.47
WidgetDefaultsFactory:0.4
Widget:0.2733333333333333
TreeEditorCopyHelper:0.20333333333333334
WidgetListChooser:0.16
TreeEditorAlignHelper:0.13865079365079364
TreeTransferHandler:0.12333333333333334
WidgetDefaultsParser:0.04111111111111112
MenuItemActionListener:0.0033333333333333335
