Preferences:0.7666666666666667
Panel3D:0.39
MaintenancePositionsFrame:0.17666666666666667
WorkingVolumeFrame:0.16666666666666666
