FileSystemMgtService:0.38
FileStatus:0.31666666666666665
FileDTO:0.31
CompressionService:0.24
FileCopyService:0.22
FileSystemMgtBean:0.20166666666666666
SyncFileStatusService:0.07
