Generator:0.6783333333333333
CTLModelChecker:0.35333333333333333
