ProfileModule:0.9433333333333334
ProfileModuleImpl:0.3616666666666667
AddEntryController:0.31666666666666665
