DateUtil:0.43666666666666665
PdfExtractorTest:0.2866666666666667
VcardSubCrawlerTest:0.2633333333333333
DataObjectFactoryTest:0.22333333333333333
VcardSubCrawler:0.2
ApertureTestBase:0.17333333333333334
DateUtilTest:0.12333333333333334
TestUtils:0.07666666666666666
