JedisClusterTest:0.5116666666666667
ClusterCommandsTest:0.3233333333333333
