UIDefinition:0.4644841269841271
UIDefinitionHandler:0.4633333333333333
Synth2LookAndFeel:0.45666666666666667
Synth2CSSParser:0.3466666666666667
CSS:0.24333333333333335
