WebFile:0.62
FileServlet:0.6133333333333333
FileServletTest:0.30333333333333334
LogFileServlet:0.25
LogFileServletTest:0.06666666666666667
