UdpChannelTransport:0.5733333333333334
ReceiverUdpChannelTransport:0.3977777777777778
SenderUdpChannelTransport:0.3977777777777778
