SessionManager:0.47333333333333333
Saros:0.47333333333333333
UserListHandler:0.09333333333333334
XMPPChatReceiver:0.09
LeaveHandler:0.08666666666666667
RequestForActivityHandler:0.08666666666666667
InvitationHandler:0.08333333333333333
ConsistencyWatchdogReceiver:0.023055555555555555
JupiterReceiver:0.023055555555555555
