BaseRemoveOperation:0.38
RemoveOperation:0.3566666666666667
RemoveIfSameOperation:0.22333333333333333
TryRemoveOperation:0.21777777777777782
DefaultRecordStore:0.07666666666666666
