XwsLogger:0.46
AdHocCommand:0.2633333333333333
Process:0.24
Service:0.21666666666666667
ClientSession:0.18
Client:0.17666666666666667
Function:0.14333333333333334
