GwtRpcService:0.7933333333333333
GwtRpcServiceAsync:0.7
GwtClientHelper:0.46
ProfileMainPanel:0.34
GwtMainPage:0.2833333333333333
GwtRpcServiceImpl:0.21333333333333335
GwtProfilePage:0.18666666666666668
ProfileTeamsPanel:0.13333333333333333
