IndiBox:0.3933333333333333
TreeArranger:0.3272804232804233
TreeRenderer:0.3272804232804233
TreeBuilder:0.3272804232804233
AbstractArranger:0.25666666666666665
SvgTreeRenderer:0.20666666666666667
BasicTreeBuilder:0.12
AlignRightArranger:0.11833333333333333
AlignLeftArranger:0.09666666666666666
ReportGraphicalTree:0.035555555555555556
CenteredArranger:0.013333333333333334
