EditorAPI:0.8633333333333333
ConsistencyAction:0.31666666666666665
ConsistencyWatchdogHandler:0.13333333333333333
