UserCache:0.6327777777777777
NullUserCache:0.6327777777777777
MockUserCache:0.48
NullUserCacheTests:0.4266666666666667
