Value:0.38333333333333336
HashSet:0.34470634920634924
HashMap:0.34
Set:0.3333333333333333
Map:0.3333333333333333
LinkedHashSet:0.2569285714285714
LinkedHashMap:0.24253968253968253
SortedMap:0.24142857142857144
SortedSet:0.24142857142857144
TreeSet:0.2269285714285714
TreeMap:0.22359523809523807
