SocketIOClient:0.41002777777777777
WebSocketTransport:0.39666666666666667
BaseClient:0.38
XHRPollingTransport:0.2866666666666667
NamespaceClient:0.2733333333333333
FlashSocketTransport:0.24666666666666667
WebSocketClient:0.14666666666666667
XHRPollingClient:0.10666666666666667
