Request:0.742
Builder:0.45666666666666667
RequestBuilder:0.27
BoundRequestBuilder:0.2633333333333333
RequestImpl:0.24
RequestBuilderBase:0.22
AsyncHttpClient:0.17916666666666667
