Dispatcher:0.8066666666666666
DefaultActionInvocation:0.52
PrepareOperations:0.2633333333333333
