FileHelper:0.5733333333333334
GenerateRequest:0.20666666666666667
Parse:0.16333333333333333
GenerateCert:0.16333333333333333
