PassiveStatusConfig:0.6031111111111112
PassiveStatusKeeper:0.5333333333333333
PassiveStatusConfigFactory:0.4266666666666667
PassiveStatusKeeperTest:0.31333333333333335
