ClientConnectionManagerImpl:0.4
AtomicLongStableReadStressTest:0.20333333333333334
StressTestSupport:0.16333333333333333
SocketChannelWrapperFactory:0.14772222222222223
OwnerConnectionFuture:0.13
ConnectionProcessor:0.11666666666666667
SSLSocketChannelWrapperFactory:0.11
HeartBeat:0.10861111111111109
DefaultSocketChannelWrapperFactory:0.008981481481481483
