Access:0.59
DOManager:0.59
FieldSearch:0.5566666666666666
FedoraOAIProvider:0.3333333333333333
DefaultDOManager:0.24333333333333335
FieldSearchTest:0.22333333333333333
FieldSearchServlet:0.18666666666666668
DynamicAccessModule:0.18
DefaultAccess:0.17
FedoraAPIABindingSOAPHTTPImpl:0.15333333333333332
FieldSearchSQLImpl:0.15333333333333332
DynamicAccessImpl:0.14
FieldSearchSQLModule:0.08666666666666667
