Dispatcher:0.5033333333333333
PellMultiPartRequest:0.2733333333333333
PrepareOperations:0.27
JakartaMultiPartRequest:0.24333333333333335
MultiPartRequest:0.21527777777777776
MultiPartRequestWrapper:0.12666666666666668
