Statistics:0.903888888888889
ReportGedcomStatistics:0.5566666666666666
