InternalTestCluster:0.7366666666666667
Bootstrap:0.27666666666666667
BootstrapForTesting:0.15694444444444444
SigarService:0.043333333333333335
