CachePool:0.5383333333333333
ExecutePool:0.4844444444444444
DownloadTaskQueue:0.3333333333333333
