RedisCommands:0.8933333333333333
CommandsQueue:0.39666666666666667
CommandDecoder:0.2633333333333333
RedisClient:0.24666666666666667
RedisConnection:0.13
