AuthorMapper:0.6256666666666667
SqlSessionTest:0.4533333333333333
MapperMethod:0.41333333333333333
DefaultObjectFactory:0.25666666666666665
