SynchronizationCallbackCoordinator:0.5833333333333334
TransactionCoordinatorImpl:0.5166666666666667
SynchronizationCallbackCoordinatorNonTrackingImpl:0.45666666666666667
SynchronizationCallbackCoordinatorTrackingImpl:0.30333333333333334
