ViewUtil:0.5633333333333334
EditStringListTag:0.20333333333333334
EditLinkedListsTag:0.17666666666666667
FormUtils:0.15333333333333332
DisplayLinkedListsTag:0.12333333333333334
TaskHandlerClassesInformation:0.12
RkDemoRegisterInOutsTag:0.12
EditListTag:0.11666666666666667
ContainerElementsRequiredValidator:0.11333333333333333
RkDemoEditGuestsTag:0.09333333333333334
DisplayLinkedMapsTag:0.09333333333333334
DisplayMapElementTag:0.09333333333333334
