ClassPathResourceHandlerTest:0.36666666666666664
ExternalResourceHandlerTest:0.3433333333333333
AbstractResourceTest:0.2
ResourceUtilsTest:0.13666666666666666
SimpleRouteMatcherTest:0.13
