SecurityAlertLoggerMBean:0.51
LoggerUtils:0.45
SecurityAlertLogger:0.2825
InstancesTransferredLoggerMBean:0.2633333333333333
QueryLogger:0.13666666666666666
QueryLoggerMBean:0.023333333333333334
