NettyAsyncHttpProvider:0.38333333333333336
NettyResponseFuture:0.26666666666666666
ApacheResponseFuture:0.23666666666666666
ApacheAsyncHttpProvider:0.2277777777777778
JDKResponse:0.2
Builder:0.18333333333333332
FutureImpl:0.15833333333333333
JDKFuture:0.14666666666666667
AsyncHttpUrlConnection:0.11333333333333333
