Win32Exception:0.41
Kernel32Util:0.36333333333333334
Advapi32Util:0.3333333333333333
Kernel32Test:0.30333333333333334
Win32ExceptionTest:0.23666666666666666
PsapiTest:0.16666666666666666
WinspoolUtil:0.12333333333333334
Crypt32Util:0.12
GDI32Util:0.08666666666666667
WininetUtil:0.08333333333333333
