ClusterServiceImpl:0.52
ConfigCheck:0.48
NodeMulticastListener:0.26416666666666666
ClusterJoinConfigCheckTest:0.13
AuthenticationFailureOperation:0.11111111111111109
