XsdBasedSoap11Wsdl4jDefinitionBuilder:0.5716666666666667
XsdBasedSoap12Wsdl4jDefinitionBuilder:0.5716666666666667
XsdBasedSoap11Wsdl4jDefinitionBuilderTest:0.19
XsdBasedSoap12Wsdl4jDefinitionBuilderTest:0.12666666666666668
