ServiceBinding:0.5666666666666667
AbstractServiceRegistryImpl:0.3433333333333333
BootstrapServiceRegistryImpl:0.2733333333333333
ServiceLifecycleOwner:0.17833333333333334
SessionFactoryServiceRegistryImpl:0.09333333333333334
StandardServiceRegistryImpl:0.043333333333333335
