Molecule:0.5366666666666666
Activator:0.44333333333333336
IMoleculeManager:0.3027420634920635
IMolecule:0.25211111111111106
MoleculeManager:0.23333333333333334
MoleculeManagerFactory:0.04666666666666667
