HAManager:0.45666666666666667
FakeClusterManager:0.39666666666666667
HazelcastClusterManager:0.3466666666666667
EventBusImpl:0.2866666666666667
ClusterManager:0.19916666666666666
