AccumuloSplit:0.5983333333333334
AccumuloColumnConstraint:0.36
TabletSplitMetadata:0.33166666666666667
