HtmlPage:0.64
Window:0.35
Window2Test:0.32
EventTest:0.2866666666666667
HtmlTextArea:0.27666666666666667
WebDriverTestCase:0.25
