JwtTicketRegistryConfiguration:0.35333333333333333
BaseMultifactorAuthenticationTrustStorage:0.21333333333333335
LdapPasswordManagementService:0.21333333333333335
DefaultTicketGrantingTicketFactory:0.21333333333333335
BaseStringCipherExecutor:0.19666666666666666
JdbcMultifactorAuthnTrustConfiguration:0.17
JwtTicketGrantingTicketFactory:0.141984126984127
MongoDbMultifactorAuthenticationTrustConfiguration:0.11
DefaultCasCookieValueManager:0.04
NoOpCipherExecutor:0.023333333333333334
RestMultifactorAuthenticationTrustConfiguration:0.0
