Redisson:0.46
RedissonClient:0.44156349206349205
CommandBatchService:0.2966666666666667
RedissonReactiveClient:0.2833333333333333
RBatch:0.2811666666666666
RedissonBatch:0.26
RedissonBatchReactive:0.25333333333333335
RBatchReactive:0.2500396825396825
RedissonBatchTest:0.23666666666666666
RedissonTransaction:0.23
RedissonReactive:0.21
CommandReactiveBatchService:0.15666666666666668
RedissonReferenceReactiveTest:0.06
