Metadata:0.6033333333333334
AbstractTestHiveClient:0.24666666666666667
RaptorMetadata:0.23333333333333334
TestRaptorMetadata:0.22666666666666666
ExampleMetadata:0.21666666666666667
TestingMetadata:0.2
ClassLoaderSafeConnectorMetadata:0.19666666666666666
CassandraMetadata:0.18333333333333332
JmxMetadata:0.17666666666666667
TestRaptorSplitManager:0.17333333333333334
HiveClient:0.17111111111111113
InformationSchemaMetadata:0.16666666666666666
ConnectorMetadata:0.1608730158730159
TpchMetadata:0.14666666666666667
MetadataManager:0.14333333333333334
SystemTablesMetadata:0.14
TestExampleMetadata:0.12666666666666668
