OnmsSnmpInterface:0.44066666666666665
OnmsNode:0.44
IfInfo:0.35333333333333333
SnmpIfCollectorTest:0.2911111111111111
CollectionInterface:0.2833333333333333
Initializer:0.28
CollectdTest:0.17
CollectionSet:0.09444444444444444
