DcmImageReader:0.37333333333333335
DcmMetadataImpl:0.37166666666666665
SAXHandlerAdapter2:0.25
SAXHandlerAdapter:0.25
ActiveAssociationImpl:0.21666666666666667
DcmImageWriter:0.2
LF_ThreadPool:0.18666666666666668
SyslogHandlerImpl:0.17
DcmImageReaderConf:0.12333333333333334
