Vertx:0.72
MetricsTest:0.44333333333333336
VertxInternal:0.3325
CoreExamples:0.32
VertxImpl:0.30666666666666664
