HTMLElementTest:0.5566666666666666
DocumentTest:0.41333333333333333
Document2Test:0.39666666666666667
