SourceFileExceptionListTest:0.4066666666666667
DependencyStateTest:0.4066666666666667
KernelCommonTestSuite:0.2833333333333333
LoadingStateTest:0.2475
LogicalModuleStateTest:0.15
