ClassJavaGenerator:0.5455555555555556
ConstructorJavaGenerator:0.3433333333333333
PrototypeJavaGenerator:0.3333333333333333
ScriptClassJavaInstrumentor:0.24333333333333335
JavaMain:0.07
