FlowExecutor:0.5266666666666666
FlowExecutorImpl:0.4033333333333333
FlowExecutorParameterExtractor:0.2833333333333333
PortletFlowController:0.26
FlowController:0.26
FlowExecutorTemplate:0.24777777777777782
