Film:0.5366666666666666
Language:0.42333333333333334
Actor:0.42333333333333334
FilmActor:0.26
