Keyboard:0.38333333333333336
Mouse:0.38333333333333336
LinuxDisplay:0.36333333333333334
MouseEventQueue:0.27
Win32Display:0.2633333333333333
LinuxMouse:0.25666666666666665
WindowsDirectInputDevice:0.25333333333333335
WindowsDirectInputDevice3:0.24666666666666667
WindowsDirectInputDevice8:0.24666666666666667
KeyboardEventQueue:0.22
LinuxKeyboard:0.19
WindowsMouse:0.16666666666666666
WindowsKeyboard:0.16333333333333333
