Version:0.43666666666666665
Status:0.31333333333333335
QueryStringQueryBuilder:0.30666666666666664
AliasFilter:0.25666666666666665
Script:0.22166666666666668
ClusterSearchShardsRequest:0.21666666666666667
AbstractBulkByScrollRequest:0.20777777777777778
SimpleQueryStringBuilder:0.2
RoundTripTests:0.19666666666666666
ClusterSearchShardsResponse:0.18666666666666668
OsStats:0.14333333333333334
ClusterSearchShardsResponseTests:0.08333333333333333
