Domain:0.53
TableScanNode:0.4766666666666667
TupleDomain:0.37
NodePrinter:0.27666666666666667
QueryPlanner:0.23
TestEffectivePredicateExtractor:0.22
Visitor:0.20666666666666667
RelationPlanner:0.18666666666666668
Rewriter:0.14
LogicalPlanner:0.13
TestSqlTaskManager:0.12666666666666668
TestSqlStageExecution:0.11
DomainUtils:0.05
