JdbcSqlTemplate:0.5677777777777778
ClientSymmetricEngine:0.47
TestSetupUtil:0.35
ConnectionPool:0.17666666666666667
AbstractJdbcDatabasePlatform:0.15666666666666668
