LayerInfo:0.76
ModelInfo:0.5733333333333334
FlowIterationListenerTest:0.20666666666666667
