AWT:0.553888888888889
ScriptEditor:0.5283333333333333
