FileDTO:0.87
FileInfo:0.36666666666666664
FileBean:0.2833333333333333
RetrieveCmd:0.22666666666666666
QueryFilesOfSeriesCmd:0.19333333333333333
QueryFilesCmd:0.16
