OnmsMonitoredService:0.45
Collectd:0.44333333333333336
ImporterService:0.3233333333333333
CollectableService:0.2633333333333333
