ImageRecognitionPlugin:0.6233333333333333
NeuroFuzzyPerceptron:0.32666666666666666
ImageRecognitionHelper:0.2633333333333333
