SessionImpl:0.6033333333333334
SynchronizationCallbackCoordinator:0.52
Settings:0.4766666666666667
TransactionCoordinatorImpl:0.25333333333333335
SynchronizationCallbackCoordinatorImpl:0.19
Book:0.08611111111111111
SettingsFactory:0.06333333333333334
TransactionJoiningTest:0.056666666666666664
AvailableSettings:0.03
