TypeDescription:0.5266666666666666
AbstractTypeDescriptionGenericTest:0.3433333333333333
TypeSubstituting:0.31
Visitor:0.25333333333333335
AbstractBase:0.19666666666666666
RetainedTypeVariable:0.18666666666666668
ForTypeVariableBinding:0.16666666666666666
TypeVariableReviser:0.14333333333333334
SubclassDynamicTypeBuilderTest:0.14
TypeVariableSourceVisitorNoOpTest:0.10666666666666667
