CmpConfiguration:0.6366666666666667
CrmfKeyUpdateTest:0.3466666666666667
CmpTestCase:0.20666666666666667
EndEntityCertificateAuthenticationModule:0.20666666666666667
AuthenticationModulesTest:0.20333333333333334
NestedMessageContentTest:0.17
CrmfMessageHandler:0.12
