Robolectric:0.54
SQLite:0.3933333333333333
ShadowSQLiteCursor:0.38333333333333336
ShadowAbstractCursor:0.24666666666666667
DatabaseConfig:0.24
ShadowSQLiteDatabase:0.20666666666666667
SQLiteStatementTest:0.17666666666666667
DatabaseConfigTest:0.13
NullDatabaseMap:0.13
H2MapTest:0.09333333333333334
ShadowSQLiteStatement:0.05
ShadowSQLiteProgram:0.035
H2Map:0.02
NullDatabaseMapTest:0.011111111111111112
ShadowDatabaseUtils:0.0025
H2Map_TypeForwardOnly:0.0025
Strings:0.0
