OmDocument:0.6166666666666667
OmElementSegPart:0.31666666666666665
OmElementSegmentMark:0.3
EditorController:0.29333333333333333
OmTextArea:0.26666666666666666
ViewSegmentMark:0.26
ViewParagraph:0.17666666666666667
