AL10:0.7533333333333333
PositionTest:0.3333333333333333
PlayTest:0.16333333333333333
