attr:0.77
Attribute:0.45
TypedArrayTest:0.2633333333333333
ShadowTypedArray:0.25666666666666665
ContextTest:0.23
TestAttributeSetTest:0.22333333333333333
id:0.2
AttrResourceLoader:0.18
styleable:0.16
PreferenceLoader:0.12333333333333334
AttrResourceLoaderTest:0.09333333333333334
RawResourceLoader:0.08333333333333333
