ThreadManager:0.5333333333333333
NodeExecutionManagerImpl:0.4633333333333333
ThreadManagerThreadPool:0.39
AbstractThreadManager:0.25333333333333335
