ComponentTester:0.54
Robot:0.43
LaunchEditor:0.2733333333333333
ComponentRecorder:0.26
AbstractSemanticRecorderTest:0.23
JListTester:0.23
JTableTesterTest:0.22166666666666668
ComponentRecorderTest:0.21333333333333335
ComponentTesterTest:0.205
RobotTest:0.20166666666666666
Reflector:0.19666666666666666
JListRecorderTest:0.17
AbstractRecorderTest:0.14666666666666667
JComponentTester:0.14
JTableTester:0.11
JTableRecorderTest:0.08666666666666667
JTreeTester:0.08333333333333333
JComboBoxRecorder:0.08
AbstractButtonRecorder:0.04
JListRecorder:0.02666666666666667
JTableRecorder:0.02666666666666667
JTabbedPaneRecorder:0.013333333333333334
