Receiver:0.6216666666666667
ClientConductor:0.38666666666666666
Agent:0.20333333333333334
Sender:0.14666666666666667
