JniRrdStrategy:0.4
RrdStrategy:0.34787301587301583
RrdUtils:0.3416666666666667
QueuingRrdStrategy:0.33666666666666667
JRobinRrdStrategy:0.20333333333333334
