WebserviceBean:0.69
WebserviceBeanRemote:0.6466666666666666
SyncServicesManager:0.4266666666666667
