GraphicStyle:0.4841666666666667
YAnchor:0.44333333333333336
PointSymbolizer:0.27166666666666667
GraphicListener:0.245
PolygonSymbolizer:0.2
Graphic:0.2
LineSymbolizer:0.19416666666666665
TextSymbolizer:0.18916666666666668
GraphicEvent:0.04666666666666667
DashArray:0.013333333333333334
