CVSElement:0.5466666666666666
BuildInfo:0.3616666666666667
ModificationSet:0.29333333333333333
