ReflectionUtils:0.5016666666666667
InterfaceWithTestCases:0.31333333333333335
SuperInterface:0.21466666666666667
