StoreScpService:0.5055555555555555
StoreScp:0.48638888888888887
FileSystemMgt2Delegate:0.2966666666666667
