CompoundPredicate:0.43
PredicateTest:0.37333333333333335
ComparisonPredicate:0.22
AbstractPredicateImpl:0.19
LikePredicate:0.15
BetweenPredicate:0.14666666666666667
NullnessPredicate:0.14333333333333334
ExplicitTruthValueCheck:0.14
InPredicate:0.14
MemberOfPredicate:0.14
AbstractSimplePredicate:0.12666666666666668
IsEmptyPredicate:0.11666666666666667
BooleanAssertionPredicate:0.10333333333333333
ExistsPredicate:0.1
BooleanExpressionPredicate:0.1
BooleanStaticAssertionPredicate:0.08
