Log4jLogger:0.4766666666666667
Slf4jLogger:0.38083333333333336
Log4j2Logger:0.3566666666666667
