PIXQueryService:0.5833333333333334
Condition:0.5266666666666666
ForwardingRules:0.30666666666666664
