CaTestCase:0.4033333333333333
CertificateRequestThrowAwayTest:0.2733333333333333
ServiceServiceTest:0.2633333333333333
CAInHierarchy:0.23666666666666666
PublisherTest:0.21333333333333335
CmpRaThrowAwayTest:0.18666666666666668
CertificateExpireTest:0.17666666666666667
