Mol2Reader:0.7383333333333333
Mol2ReaderTest:0.4066666666666667
