HazelcastClient:0.41
ClientProxy:0.3933333333333333
ProxyManager:0.33666666666666667
ClientContext:0.2866666666666667
