ISharedProject:0.8366666666666667
SharedProject:0.62
SarosUI:0.4866666666666667
GiveExclusiveDriverRoleAction:0.18666666666666668
RemoveAllDriverRoleAction:0.17333333333333334
RemoveDriverRoleAction:0.17
GiveDriverRoleAction:0.15666666666666668
