FolderColumn:0.45666666666666667
BinderHelper:0.42333333333333334
SaveFolderColumnsCmd:0.37333333333333335
GwtServerHelper:0.34
GwtRpcServiceImpl:0.2833333333333333
GwtViewHelper:0.2438888888888889
FolderColumnsConfigDlg:0.21666666666666667
MainMenuControl:0.20666666666666667
