LocalQueryRunner:0.44
ConnectorManager:0.43666666666666665
Plugin:0.32
PluginManager:0.2966666666666667
