AddSequence:0.5633333333333334
UpdateSequence:0.4633333333333333
DisplayReference:0.21666666666666667
