RequestContext:0.5566666666666666
RequestControlContext:0.46366666666666667
Transition:0.36666666666666664
MockRequestContext:0.35333333333333333
FlowTests:0.29333333333333333
EventIdTransitionCriteria:0.28
TransitionableState:0.26777777777777784
RequestControlContextImpl:0.2633333333333333
MockRequestControlContext:0.23666666666666666
SubflowState:0.19666666666666666
FormActionTests:0.18
DecisionStateTests:0.16
ActionState:0.15666666666666668
DefaultTransitionCriteria:0.14
TextToTransitionCriteriaTests:0.13
EventIdTransitionCriteriaTests:0.12
