Factory:0.5986666666666667
EnhancerGenerator:0.3333333333333333
TestEnhancer:0.27666666666666667
ConstructorProxy:0.26666666666666666
Generator:0.23
Enhancer:0.21722222222222223
