Argument:0.5933333333333334
MetadataManager:0.42
TestingProcedures:0.29333333333333333
ProcedureRegistry:0.23166666666666666
TestProcedureCall:0.20333333333333334
KillQueryProcedure:0.13333333333333333
