View:0.7
MetaReference:0.2966666666666667
MetaModel:0.28150000000000003
Strings:0.27666666666666667
ModelParser:0.21333333333333335
