JVM:0.7933333333333333
Config:0.5566666666666666
HTMLPublisher:0.25666666666666665
TestJPF:0.13666666666666666
StateCountEstimator:0.016666666666666666
