DefaultExistenceChecker:0.49
LogicErrors:0.416984126984127
QedeqBoFormalLogicCheckerExecutor:0.37666666666666665
ModuleConstantsExistenceCheckerImpl:0.30333333333333334
