SettlementConfig:0.6500000000000001
Resupply:0.44333333333333336
