AbstractRegisteredServiceAttributeReleasePolicy:0.39666666666666667
AbstractResourceBasedServiceRegistryDaoTests:0.2227777777777778
RegisteredServiceAttributeReleasePolicy:0.18444444444444444
