Repository:0.5966666666666667
MercurialRepository:0.5066666666666667
FileHistoryCacheTest:0.41333333333333333
MercurialRepositoryTest:0.21666666666666667
