ItemEvent:0.37666666666666665
MProxyReal:0.2833333333333333
ConnectionManager:0.26666666666666666
ListenerManager:0.23333333333333334
DataAwareItemEvent:0.21
ItemListenerManager:0.2
DynamicClusterTest:0.17666666666666667
QueueItemListenerManager:0.14
