AuthorizationDataHandler:0.4066666666666667
StressTestCommand:0.35555555555555557
EditUserCommand:0.14666666666666667
ListCertsCommand:0.14666666666666667
Pkcs10RequestCommand:0.14666666666666667
RevokeCertCommand:0.14333333333333334
FindUserCommand:0.13333333333333333
