IconProvider:0.5415714285714286
MainWindow:0.37333333333333335
MonitorWindow:0.3466666666666667
MainWindowMenu:0.33
TelegraphConfig:0.3
Telegraph:0.2833333333333333
TelegraphButtonAction:0.27051984126984113
TelegraphConfigBuilder:0.24333333333333335
NotificationMenu:0.16
TelegraphWindow:0.15
AudioCallback:0.08333333333333333
NotificationWindow:0.056666666666666664
TelegraphQueue:0.045
TelegraphSound:0.013333333333333334
EndCallback:0.006666666666666667
SimpleCallback:0.006666666666666667
