Mesh:0.6066666666666667
Graphics:0.51
Font:0.35
JoglTexture:0.2966666666666667
FloatMesh:0.2966666666666667
FixedPointMesh:0.28
JoglGraphics:0.2733333333333333
Text:0.25655555555555554
AndroidTexture:0.23666666666666666
AndroidGraphics:0.23
TextTest:0.19333333333333333
JoglFont:0.18666666666666668
AndroidFont:0.18666666666666668
ManagedTest:0.14
MeshRenderer:0.10444444444444445
