BouncyCastleAesCbcBytesEncryptor:0.5233333333333333
BouncyCastleAesGcmBytesEncryptor:0.5166666666666667
BouncyCastleAesBytesEncryptorEquivalencyTest:0.33666666666666667
BouncyCastleAesBytesEncryptor:0.14666666666666667
