DropwizardResourceConfig:0.35
Bootstrap:0.35
BootstrapTest:0.29
ConstraintViolationExceptionMapperTest:0.28
ValidatingResource:0.23666666666666666
ConstraintViolationBenchmark:0.22244444444444444
