Reader:0.54
ReaderUtils:0.28
ResourceWithKnownInjections:0.15333333333333332
ThrowHelper:0.15083333333333335
SwaggerSerializerTest:0.12
