BroadcasterConfig:0.5988888888888889
JavaScriptProtocol:0.3933333333333333
ApplicationConfig:0.0
