StatisticsTracker:0.36666666666666664
CrawlController:0.3233333333333333
SimpleFrontier:0.31
TransclusionFilter:0.3021624579124578
ScheduledKick:0.26
URIFrontier:0.25666666666666665
CrawlOrder:0.24333333333333335
XMLConfig:0.2286111111111111
SimpleSelector:0.22333333333333333
ThreadKicker:0.19
SeedExtensionFilter:0.16
CrawlScope:0.14777777777777779
SimpleScheduler:0.14333333333333334
BasicScope:0.14
