SearchUtils:0.47
GwtServerHelper:0.3983333333333333
SelectionDetails:0.33
GwtMenuHelper:0.31666666666666665
GwtViewHelper:0.2966666666666667
DeleteSelectionsDlg:0.25333333333333335
ContextItemCommand:0.19666666666666666
BinderViewsHelper:0.19
