Catalog:0.4066666666666667
ListRecordingsSession:0.30333333333333334
ControlRequestListener:0.21661111111111112
ArchiveConductor:0.2
ArchiveClient:0.16666666666666666
ControlRequestAdapter:0.14
ControlSession:0.12
