JUMPConfiguration:0.36
MenuNames:0.2911111111111111
OpenJumpConfiguration:0.28
BlendLineStringsPlugIn:0.23055555555555557
EditAttributeByFormulaPlugIn:0.23055555555555557
JUMPVersion:0.2
JoinWithArcPlugIn:0.1877777777777778
SpatialJoinPlugIn:0.1803888888888889
ReplaceValuePlugIn:0.1803888888888889
PlanarGraphPlugIn:0.1803888888888889
