SystemState:0.53
BreakListener:0.47
TestBreakListener:0.38333333333333336
TestBreakListenerJPF:0.056666666666666664
