BinderModule:0.78
FileModule:0.6733333333333333
FileResource:0.36333333333333334
DavResource:0.2966666666666667
FileAttachment:0.27
BinderModuleImpl:0.22333333333333333
RootResource:0.2
WebdavResource:0.15666666666666668
WebdavCollectionResource:0.14333333333333334
FileModuleImpl:0.14
FileIndexData:0.10333333333333333
BinderIndexData:0.08666666666666667
FolderResource:0.07666666666666666
WorkspaceResource:0.06
