ClientInterceptorsTest:0.6911111111111111
ClientAuthInterceptorTests:0.34746031746031747
