Repository:0.63
MercurialRepository:0.29
RepositoryInfo:0.28
CVSRepository:0.25666666666666665
RepoRepository:0.25333333333333335
AccuRevRepository:0.25333333333333335
SSCMRepository:0.25333333333333335
ClearCaseRepository:0.25333333333333335
PerforceRepository:0.25333333333333335
RepositoryFactory:0.25
RazorRepository:0.19
SCCSRepository:0.17333333333333334
RCSRepository:0.17265873015873018
BazaarRepository:0.14666666666666667
GitRepository:0.13666666666666666
SubversionRepository:0.12666666666666668
MonotoneRepository:0.12666666666666668
