Block:0.54
PartitionManager:0.4066666666666667
BaseManager:0.27
ConcurrentMapManager:0.25
ClusterTest:0.18
Serializer:0.16666666666666666
SerializationHelper:0.13666666666666666
