LoginDlg:0.43
GwtTeamingMessages:0.31666666666666665
GwtMainPage:0.26666666666666666
RequestInfo:0.26644444444444443
GwtTeamingImageBundle:0.23666666666666666
LoginController:0.16333333333333333
WebKeys:0.006666666666666667
