UIData:0.5566666666666666
TaskTable:0.3794444444444444
TaskFolderView:0.3233333333333333
EntryMenuPanel:0.27666666666666667
ContentControl:0.21833333333333332
