CMLItem:0.6566666666666666
CMLItemFactory:0.21333333333333335
