WithMockUserSecurityContextFactoryTests:0.5333333333333333
WithMockUserSecurityContextFactory:0.46777777777777774
WithMockUserTests:0.19
