SearchPersonFlowBuilder:0.6944444444444444
PersonDetailFlowBuilder:0.30833333333333335
