HttpClientImpl:0.4666666666666667
ConnectionManager:0.44666666666666666
Http1xPool:0.32
DummyHttpClientMetrics:0.30666666666666664
ConnQueue:0.2844444444444445
HttpClientMetrics:0.23666666666666666
Http2Pool:0.23666666666666666
MetricsTest:0.14833333333333334
FakeHttpClientMetrics:0.14
