Maintenance:0.4633333333333333
MaintainGroundVehicleEVA:0.31333333333333335
MaintainGroundVehicleGarage:0.27666666666666667
EatMeal:0.22583333333333333
Relax:0.22576767676767673
Sleep:0.22576767676767673
CollectRockSamples:0.21333333333333335
MedicalAssistance:0.2
RepairMalfunction:0.19666666666666666
RepairEmergencyMalfunction:0.19
RepairEVAMalfunction:0.18333333333333332
TendGreenhouse:0.18166666666666667
DriveGroundVehicle:0.16666666666666666
UnloadVehicle:0.15333333333333332
LoadVehicle:0.15333333333333332
