Repositories:0.6633333333333333
Geonetwork:0.32666666666666666
