StackTraceElement:0.5533333333333333
ObjectInputStream:0.5066666666666667
PatternSyntaxExceptionTest:0.19666666666666666
