SnapshotRestoreAnalyzerTest:0.5833333333333334
CreateSnapshotAnalyzedStatement:0.5333333333333333
CreateSnapshotAnalyzer:0.21666666666666667
