JavaBeanDeserializer:0.48
ParserConfig:0.37333333333333335
FieldDeserializer:0.22333333333333333
Localtion:0.12833333333333333
DefaultFieldDeserializer:0.12
JSONFieldTest_unwrapped_0:0.09333333333333334
JSONFieldTest_unwrapped_1:0.09333333333333334
