IOUtil:0.47
NioChannelWriter:0.3233333333333333
NioChannelReader:0.20333333333333334
SpinningChannelWriter:0.20333333333333334
SpinningChannelReader:0.18333333333333332
