MockScriptEngine:0.49666666666666665
MockCompiledScript:0.35
TopHitsIT:0.27
InnerHitsIT:0.23
StoredScriptsIT:0.13333333333333333
FileScriptTests:0.09333333333333334
MockSearchScript:0.02666666666666667
CustomScriptPlugin:0.011666666666666667
MockExecutableScript:0.0
