Catalog:0.55
CatalogTest:0.30666666666666664
ArchiveConductor:0.29
ReplaySessionTest:0.24333333333333335
ControlResponseListener:0.19661111111111113
FailControlResponseListener:0.16666666666666666
ControlResponsePoller:0.15666666666666668
RecordingSessionTest:0.13
