CryptoTokenInfo:0.52
CryptoTokenManagementSession:0.3933333333333333
CryptoTokenSessionLocal:0.26105555555555554
CryptoTokenManagementSessionBean:0.25666666666666665
TokenAndCaActivationGuiInfo:0.20666666666666667
CryptoTokenIdInUseException:0.10666666666666667
CryptoTokenClassNotFoundException:0.075
CryptoTokenSession:0.0011111111111111111
CryptoTokenSessionRemote:0.0
