SaajSoapMessage:0.4166666666666667
SaajImplementation:0.31
SaajSoapFault:0.29333333333333333
SaajSoapMessageFactory:0.2833333333333333
SaajSoap11Fault:0.16
SaajSoapHeader:0.13
Saaj13Implementation:0.10333333333333333
Saaj12Implementation:0.07666666666666666
SaajSoap11Body:0.056666666666666664
SaajSoap12Body:0.05
SaajSoapFaultDetail:0.0475
SaajSoapFaultDetailElement:0.04666666666666667
SaajSoapElement:0.03666666666666667
InputStreamSourceDataSource:0.03333333333333333
SaajSoapBody:0.03
SaajSoap12Fault:0.028333333333333332
SaajAttachment:0.02666666666666667
SaajSoap12Header:0.023333333333333334
SaajSoapEnvelope:0.016666666666666666
SaajSoapHeaderElement:0.016666666666666666
