BDIsInterfaceFrame:0.5366666666666666
ReleaseFromBDIInterface:0.20333333333333334
RelateIPToBDIInterface:0.13
