FooterPanel:0.48333333333333334
GwtTeamingMessages:0.39555555555555555
GlobalSearchComposite:0.22666666666666666
FolderViewBase:0.21777777777777782
