PrinterServiceMBean:0.5966666666666667
FilmBox:0.4866666666666667
PrinterService:0.31
FilmBoxService:0.26
PrintScpService:0.2
AnnotationBoxService:0.01
