JoinSequence:0.4633333333333333
HqlSqlWalker:0.3433333333333333
WithClauseTest:0.2866666666666667
