MembershipEvent:0.5566666666666666
ConnectionManagerTest:0.32
ClusterImpl:0.22333333333333333
MembershipListenerManager:0.22333333333333333
Notification:0.02666666666666667
