TestDatabaseShardManager:0.6797222222222223
RaptorSplitSource:0.39222222222222225
