ORMService:0.51
MwlReplicaService:0.42333333333333334
MWLManagerBean:0.23333333333333334
