LoginProcessor:0.5655555555555555
Common:0.45118253968253963
CaptchaProcessor:0.18
