SymbolTable:0.8166666666666667
StepFactory:0.4066666666666667
