WxCpMessageHandler:0.5583333333333333
WxMpMessageHandler:0.5583333333333333
Rule:0.35333333333333333
WxMpMessageRouterTest:0.15
WxCpMessageRouterTest:0.15
WxCpMessageRouter:0.13633333333333333
WxMpMessageRouter:0.12833333333333333
WxMpMessageInterceptor:0.12
WxCpMessageInterceptor:0.12
WxCpDemoServlet:0.07333333333333333
WxMpDemoServlet:0.07333333333333333
WxEchoCpMessageHandler:0.05333333333333334
WxEchoMpMessageHandler:0.05333333333333334
