XmlPageTest:0.596111111111111
WebResponseImplTest:0.3433333333333333
WebResponseDataTest:0.2916666666666667
