PatternBuilder:0.86
SimplePatternData:0.4766666666666667
PatternData:0.23333333333333334
