InternalPartition:0.6866666666666666
InternalPartitionServiceImpl:0.4266666666666667
InternalPartitionImpl:0.35
TimedMemberStateFactory:0.21666666666666667
MultiMapService:0.21666666666666667
DummyInternalPartition:0.21
SemaphoreService:0.20666666666666667
SyncReplicaVersionTask:0.14333333333333334
LocalLockCleanupOperation:0.12666666666666668
