AdminProcessor:0.5483333333333333
IndexProcessor:0.35
DomainQueryService:0.3433333333333333
