Delegate:0.6266666666666667
ByteBuddyTest:0.15333333333333332
