WebSocketProcessor:0.7666666666666667
SimpleHttpProtocol:0.32666666666666666
JettyWebSocketUtil:0.16666666666666666
