SwapSpouses:0.6966666666666667
EditPlugin:0.38666666666666666
