AbstractClient:0.425
NettyClient:0.41837301587301584
MinaClient:0.41837301587301584
NettyServer:0.41837301587301584
MinaServer:0.41837301587301584
GrizzlyClient:0.15833333333333333
GrizzlyServer:0.15833333333333333
AbstractServer:0.14416666666666667
AbstractEndpoint:0.09166666666666666
