ResponseInstructionHandler:0.7866666666666666
FlowPhaseListener:0.3
PortletFlowController:0.2966666666666667
FlowController:0.27
FlowAction:0.20166666666666666
