Warning:0.665
Preferences:0.5722222222222222
Messages:0.37333333333333335
CompareDialog:0.30666666666666664
WarningMessage:0.22666666666666666
PluginCheck:0.17
