CodeGenerator:0.39666666666666667
OutputModelController:0.34
MyVisitor:0.3233333333333333
ParserRuleContext:0.30666666666666664
StructDecl:0.24
VisitorDispatchMethod:0.22
ParseTreeVisitor:0.11666666666666667
AltLabelStructDecl:0.09
TestE:0.08666666666666667
CodeGenPipeline:0.08
ListenerDispatchMethod:0.07333333333333333
