MultiLayerNetwork:0.5266666666666666
AsyncDataSetIterator:0.45666666666666667
ConvolutionLayer:0.31
