PluginJAR:0.2355276
ActionSet:0.1967836
jEdit:0.19449781
JEditActionSet:0.17138182
ServiceManager:0.1299047
DockableWindowManager:0.10687021
GUIUtilities:0.102429144
PluginUpdate:0.10102243
OptionPane:0.09321941
ManagePanel:0.08842407
PluginList:0.08828202
View:0.085012585
VFSBrowser:0.08106818
JARClassLoader:0.07255669
AbstractOptionPane:0.063788846
OptionGroup:0.063364945
DockableWindowFactory:0.053848125
DynamicMenuProvider:0.053206544
HelpTOCPanel:0.051329423
EBPlugin:0.047697697
PluginOptions:0.046483338
Log:0.043001596
PluginOptionGroup:0.04070733
PluginsProvider:0.032780457
EnhancedMenu:0.019221317
