GUIUtilities:0.05031552
jEdit:0.04723818
View:0.03762116
MiscUtilities:0.025222212
Debug:0.025117457
PanelWindowContainer:0.021257544
VFSBrowser:0.018083896
KeyEventTranslator:0.017177954
KeyEventWorkaround:0.016399566
FileVFS:0.01607762
EditServer:0.015351364
Log:0.014275299
HyperSearchResults:0.012481762
TextAreaMouseHandler:0.0118906675
StatusBar:0.00903771
HelpTOCPanel:0.00896625
SearchDialog:0.008159726
ColorWellButton:0.007330683
MouseHandler:0.0066582193
OptionsDialog:0.0064622117
FileRootsVFS:0.0062897974
OptionGroupPane:0.0053464975
EnhancedCheckBoxMenuItem:0.0051169717
EnhancedMenuItem:0.0049154637
EnhancedMenu:0.0029706943
FilePropertiesDialog:0.0025826762
RenameBrowserTask:0.0016159925
