ParameterValueRenderer:0.5333333333333333
ParameterValueEditor:0.503611111111111
SaveCorpusAsXmlAction:0.3233333333333333
