RScoredSortedSet:0.7290277777777778
RedissonScoredSortedSet:0.48833333333333334
RedissonScoredSortedSetTest:0.22
RScoredSortedSetAsync:0.18416666666666667
RedisCommands:0.06333333333333334
