ZooKeeperStandaloneServerManager:0.6677777777777777
Worker:0.5233333333333333
PersistentPathChildrenCacheTest:0.4066666666666667
