SerializationServiceImpl:0.4166666666666667
SerializerConfig:0.3933333333333333
GlobalSerializerConfig:0.31
TheByteArraySerializer:0.21666666666666667
