BallThread:0.35
HibernateUtil:0.24666666666666667
Observable:0.15666666666666668
App:0.15
ServiceLocator:0.13666666666666666
SpellDaoImpl:0.10666666666666667
Task:0.1
BaseEntity:0.013333333333333334
