Plugin:0.5033333333333333
RepositoryTypesRegistry:0.3466666666666667
DedicatedClusterSnapshotRestoreIT:0.20333333333333334
AzureModule:0.17083333333333334
AbstractSnapshotIntegTestCase:0.16333333333333333
RepositoriesModule:0.15
CloudAwsPlugin:0.12666666666666668
CloudAzurePlugin:0.12
RepositoryModule:0.04666666666666667
ExtensionPoint:0.03333333333333333
SetExtensionPoint:0.023333333333333334
MapExtensionPoint:0.023333333333333334
TypeExtensionPoint:0.01
