WebSocket:0.7433333333333333
WebSocketImpl:0.47
WebSocketServer:0.32
WebSocketClient:0.2966666666666667
WebSocketServerFactory:0.2570714285714286
WebSocketFactory:0.2570714285714286
ChatServer:0.2066666666666667
WebsocketWorker:0.14444444444444446
