ClusterServiceImpl:0.6033333333333334
ClusterStateManager:0.32
QueueService:0.26666666666666666
CollectionService:0.22666666666666666
StateManagerExceptionHandler:0.22111111111111115
