RandomUtil:0.5866666666666667
UnitManager:0.36666666666666664
