jdbcBlob:0.6553333333333333
BinaryDatabaseScriptReader:0.5983333333333334
