ContextMenuDialogFragment:0.39
MenuAdapter:0.38666666666666666
Utils:0.29833333333333334
MainActivity:0.19333333333333333
