DefinitionModule:0.7919999999999999
Definition:0.45666666666666667
DefinitionModuleImpl:0.37
AbstractBinderProcessor:0.35
