OracleDataStore:0.5472222222222223
PostgresDataStore:0.2966666666666667
JDBCDataStore:0.20666666666666667
