SeqFeature:0.5533333333333333
Transformer:0.38333333333333336
DrawableSeqFeature:0.36
DrawableFeatureSet:0.26
FeatureTierManager:0.24111111111111114
DrawableAnnotatedFeatureSet:0.20666666666666667
QuickSort:0.20333333333333334
FeatureView:0.20333333333333334
SortedFeatureTierManager:0.17
