VanillaChronicleMap:0.6433333333333333
StatelessServerConnector:0.30666666666666664
ChronicleMapTest:0.29
