Layer:0.6866666666666666
LayerFactory:0.355
MultiLayerNetwork:0.33666666666666667
DefaultLayerFactory:0.32666666666666666
NeuralNetPlotter:0.32
SubsamplingLayer:0.27
RNTN:0.23333333333333334
BaseLayer:0.23333333333333334
BackPropMLPTest:0.17333333333333334
ConvolutionLayer:0.17111111111111113
RBMTests:0.15333333333333332
OutputLayerTest:0.15
MultiLayerTest:0.10666666666666667
LSTMTest:0.07666666666666666
BackTrackLineSearchTest:0.07666666666666666
RecursiveAutoEncoderTest:0.07666666666666666
AutoEncoderTest:0.07333333333333333
