MasterSlaveConnectionManager:0.44666666666666666
PubSubConnectionEntry:0.4033333333333333
RedisPubSubTopicListenerWrapper:0.3566666666666667
RedissonTopic:0.16555555555555557
PubSubCommandHandler:0.13666666666666666
RedissonTopicTest:0.09666666666666666
