PrintTask:0.43
PrintWidget:0.2633333333333333
MainPanel:0.13833333333333334
PrintableImpl:0.12
Preview:0.04
PageSetup:0.013333333333333334
