Group:0.5233333333333333
PersonManagerFlowExecutionTest:0.4866666666666667
GroupDao:0.34365079365079365
GroupService:0.34365079365079365
Person:0.29944444444444446
GroupDaoImpl:0.07333333333333333
GroupServiceImpl:0.03333333333333333
GroupDaoImplTest:0.023333333333333334
GroupContextMapper:0.02
PersonTest:0.005555555555555555
GroupTest:0.005555555555555555
GroupValidator:0.0
