OpperationType:0.5411111111111111
OpperationDescriptor:0.4919444444444444
