SeriesBean:0.8666666666666667
PatientBean:0.5533333333333333
