FunctionRegistry:0.42
JsonUtil:0.3233333333333333
TestArrayOperators:0.2833333333333333
TestMapOperators:0.2733333333333333
TestRowOperators:0.19
RowBlockBuilderAppender:0.016666666666666666
