TestBlockRetainedSizeBreakdown:0.32
TestDictionaryBlock:0.27666666666666667
TestPage:0.26
AbstractTestBlock:0.25
TestPageProcessorCompiler:0.25
TestingBlockEncodingSerde:0.20666666666666667
BenchmarkData:0.19666666666666666
TestPageProcessor:0.18333333333333332
