TableParameterInfo:0.6255555555555555
CreateAlterPartitionedTableAnalyzerTest:0.3333333333333333
AlterTableOperation:0.3333333333333333
