JSONzip:0.6633333333333333
Compressor:0.44583333333333336
Decompressor:0.27111111111111114
