CAInterfaceBean:0.37
CryptoTokenMBean:0.3466666666666667
OcspResponseGeneratorSessionBean:0.25333333333333335
HSMKeyTool:0.22466666666666668
DNFieldDescriber:0.20333333333333334
OCSPUnidExtension:0.178
