TcpIpConnectionManager:0.5983333333333334
ClientConnectionManagerImpl:0.41111111111111115
AtomicLongStableReadStressTest:0.30333333333333334
StressTestSupport:0.20666666666666667
