GL:0.5433333333333333
IGL:0.37
GLImpl:0.35
EXTBlendEquationSeparate:0.18883333333333338
GLContext:0.07177777777777777
EXTTextureMirrorClamp:0.0
NVVertexProgram2Option:0.0
NVVertexProgram3:0.0
NVFragmentProgram2:0.0
