PickWorkspaceDialog:0.7733333333333333
Activator:0.3233333333333333
ActionSwitchWorkspace:0.2
