Server:0.15815781
WebServer:0.08958099
Result:0.08334731
Trace:0.052252762
DatabaseManager:0.042146046
Session:0.03244579
ServerConstants:0.025381863
ResultConstants:0.023063099
HsqlProperties:0.021178316
HsqlException:0.0071825976
