MinAggState:0.6641666666666667
AggExprFactory:0.20944444444444446
SQLModule:0.19333333333333333
