Address:0.3566666666666667
BIP38PrivateKeyTest:0.23
VersionedChecksummedBytes:0.19666666666666666
AddressTest:0.19666666666666666
DumpedPrivateKeyTest:0.08333333333333333
