AdminThread:0.7233333333333334
LibraryFacade:0.36333333333333334
MediaDriverFacade:0.36333333333333334
