MetadataEntityAttributesAttributeReleasePolicy:0.5933333333333334
AbstractSamlProfileHandlerController:0.4033333333333333
SamlIdPEntityIdAuthenticationServiceSelectionStrategy:0.19
SSOSamlProfileCallbackHandlerController:0.14666666666666667
WSFederationValidateRequestCallbackController:0.14666666666666667
BaseWSFederationRequestController:0.14666666666666667
