CommunicationsStub:0.7033333333333334
LocalObjectViewImpl:0.4633333333333333
