LuceneSession:0.6861111111111111
AdminModuleImpl:0.5766666666666667
LocalLuceneSession:0.4066666666666667
SsfIndexInterface:0.22416666666666665
