SqlBuilder:0.44
Match:0.4
Subquery:0.39666666666666667
FieldValue:0.38666666666666666
QueryStudiesCmd:0.2966666666666667
