MapContainer:0.5533333333333333
MapServiceContextImpl:0.25333333333333335
PostJoinMapOperation:0.20333333333333334
AddInterceptorOperation:0.14333333333333334
RemoveInterceptorOperation:0.14333333333333334
