TypeSafeBeanFactoryUtils:0.5288888888888889
JavaConfigApplicationContext:0.4622222222222222
JavaConfigWebApplicationContext:0.31
