BusinessEntityManagerRemote:0.4191666666666667
Util:0.37333333333333335
ApplicationEntityManagerImpl:0.3333333333333333
CacheManager:0.31666666666666665
BusinessEntityManager:0.2763333333333334
ApplicationEntityManager:0.185
BusinessEntityManagerImpl:0.16
ApplicationEntityManagerRemote:0.14416666666666667
