FileModule:0.5383333333333333
Group:0.36333333333333334
ZoneConfig:0.36
User:0.35
TeamingServiceEndpoint:0.2633333333333333
BinderService:0.2500396825396825
ProfileService:0.2500396825396825
BaseService:0.24666666666666667
WSClientBase:0.23
ProfileServiceImpl:0.17666666666666667
FileModuleImpl:0.175
TeamingServiceClientWithStub:0.17
BinderServiceImpl:0.16666666666666666
TeamingServiceClientWithCall:0.043333333333333335
