Fiber:0.635
FiberTask:0.5983333333333334
FiberAsync:0.2826666666666667
ParkableForkJoinTask:0.23811111111111113
RunnableFiberTask:0.22
FiberForkJoinTask:0.20666666666666667
FiberAsyncTest:0.16666666666666666
