GwtInput:0.74
SoundManager:0.6666666666666666
GwtApplication:0.4866666666666667
ImmediateModeRenderer20:0.25666666666666665
