BinderHelper:0.5666666666666667
WebKeys:0.560484126984127
SimpleNameAlreadyExistsException:0.4033333333333333
BinderModuleImpl:0.37333333333333335
ConfigureController:0.3566666666666667
