UPSManagementBean:0.44
UPSQueryCmd:0.37333333333333335
UPSBean:0.36666666666666664
UPSRelatedPSBean:0.36
UPSSubscriptionBean:0.2633333333333333
UPSRequestBean:0.25333333333333335
UPSScpService:0.16
UPSEventReportOrder:0.11333333333333333
UPSScp:0.056666666666666664
UPSGlobalSubscriptionBean:0.04666666666666667
