MockResponse:0.49333333333333335
URLConnectionTest:0.37
MockWebServer:0.3277777777777778
Benchmark:0.19
MockWebServerTest:0.16
SpdySocketHandler:0.15888888888888889
DisconnectTest:0.10666666666666667
ThreadInterruptTest:0.10666666666666667
