Model:0.8033333333333333
LwjglDebugStarter:0.5466666666666666
ModelBatch:0.24533333333333332
