MongoQueryCursor:0.5533333333333333
MongoAsyncQueryCursor:0.4533333333333333
MongoAsyncQueryCursorTest:0.30333333333333334
QueryOperation:0.22666666666666666
QueryResultSingleResultCallback:0.18166666666666667
MongoQueryCursorExhaustTest:0.13333333333333333
AggregateOperation:0.13333333333333333
GetIndexesOperation:0.11666666666666667
