AndroidGraphics:0.6288888888888888
TextField:0.5733333333333334
LwjglDebugStarter:0.16
