UserNotification:0.6933333333333334
LocalUserAdminSessionBean:0.44666666666666666
LocalCertificateRequestSessionBean:0.24333333333333335
