DataExtractorContext:0.4533333333333333
CsvExtractor13:0.2733333333333333
CsvExtractor14:0.2733333333333333
CsvExtractor10:0.2733333333333333
CsvExtractor16:0.2422222222222222
