ResourcesTest:0.62
StringResources:0.41333333333333333
ShadowResourcesTest:0.2833333333333333
StringResourcesTest:0.20333333333333334
