ShadowAccessibilityNodeInfo:0.51
Scheduler:0.3
SandboxTestRunner:0.28
ShadowLocationManager:0.28
RoboWebSettings:0.25
BuckManifestFactory:0.23555555555555557
ShadowAccessibilityNodeInfoTest:0.23333333333333334
ByteBuffer:0.21077777777777779
RobolectricTestRunner:0.20111111111111113
