XmlClientConfigBuilderTest:0.2633333333333333
ConfigXmlGeneratorTest:0.24666666666666667
FlyweightTest:0.24666666666666667
ScheduledExecutorServiceSlowTest:0.24666666666666667
ScheduledExecutorServiceBasicTest:0.22333333333333333
TestClientApplicationContext:0.21666666666666667
HazelcastOSGiInstanceTest:0.21333333333333335
MapTransactionTest:0.20666666666666667
TestFullApplicationContext:0.20333333333333334
BaseMemoryAccessorTest:0.2
LegacyClientConditionTest:0.19666666666666666
HyperLogLogEncoderAbstractTest:0.19666666666666666
