CipherLiteInputStream:0.48333333333333334
AmazonHttpClient:0.36333333333333334
AWSS3V4Signer:0.26666666666666666
AWS4Signer:0.16666666666666666
