Loader:0.5116666666666667
Preview:0.4122222222222222
ProxyFile:0.3
ActionChoose:0.18666666666666668
