ShardUpsertRequest:0.5233333333333333
Item:0.4633333333333333
BulkShardProcessor:0.33666666666666667
BulkRequestBuilder:0.2523888888888889
TransportShardUpsertAction:0.24666666666666667
Builder:0.21
UpsertByIdTask:0.17
TransportShardUpsertActionTest:0.15333333333333332
ShardUpsertRequestTest:0.13666666666666666
