UIService:0.6466666666666666
Profile:0.47333333333333333
CenterPanel:0.36333333333333334
TxmConsole:0.3233333333333333
TxmMenuBar:0.31333333333333335
TXM_RIA:0.24333333333333335
ConcordanceServiceImpl:0.22611111111111115
UIServiceAsync:0.22166666666666668
SubscribeForm:0.16416666666666666
LoginForm:0.16416666666666666
AuthenticationServiceImpl:0.1
UIServiceImpl:0.05
TxmCenterTab:0.029166666666666667
DoubleHtmlTab:0.023333333333333334
HelpTab:0.02
ContactTab:0.02
HomeTab:0.013333333333333334
