MigrationTestCase:0.49666666666666665
OracleSqlStatementBuilder:0.23
DB2SqlStatementBuilder:0.21666666666666667
DerbySqlStatementBuilder:0.21666666666666667
MySQLSqlStatementBuilder:0.19666666666666666
