ListTypes:0.4592619047619047
UsersAndGroups:0.4592619047619047
Containment:0.4166666666666667
MainTest:0.24666666666666667
