AnnotationEditor:0.7766666666666666
JDBCTransactionWriter:0.36333333333333334
