MasterSlaveConnectionManager:0.4
CommandExecutorService:0.37
ConnectionPool:0.31666666666666665
CommandBatchExecutorService:0.2833333333333333
ConnectionManager:0.2580555555555556
