R:0.79
MathsTest:0.48333333333333334
RTest:0.08333333333333333
