FakeHttpSession:0.5133333333333333
AtmosphereRequest:0.46888888888888886
JettyRequestFix:0.2966666666666667
