InfoConstants:0.7282222222222223
InfoServlet:0.18333333333333332
