IntegerResourceLoader:0.7566666666666667
integer:0.426626984126984
IntegerResourceLoaderTest:0.25666666666666665
