Mol2Writer:0.8705555555555554
Mol2WriterTest:0.19666666666666666
