AggExpr:0.4666666666666667
AnyAggState:0.31533333333333335
GroupByAggregateTest:0.31
MinAggState:0.25866666666666666
MaxAggState:0.25866666666666666
AnyAggFunction:0.13666666666666666
