StatelessChronicleMap:0.6669444444444443
StatelessServerConnector:0.34
StatelessClientTest:0.2833333333333333
