SurfaceCreator:0.7669444444444444
HtmlDocumentCreator:0.38333333333333336
