ColumnIndexWriterProjection:0.39
SourceIndexWriterProjection:0.37666666666666665
AbstractIndexWriterProjection:0.37666666666666665
TestingHelpers:0.30416666666666664
PlannerTest:0.25
IndexWriterProjector:0.22666666666666666
Visitor:0.20083333333333334
ProjectionToProjectorVisitor:0.19333333333333333
InsertIntoIntegrationTest:0.18
AbstractIndexWriterProjector:0.16666666666666666
PartitionedTableIntegrationTest:0.14666666666666667
IndexWriterProjectorUnitTest:0.13666666666666666
ColumnIndexWriterProjector:0.10666666666666667
IndexWriterProjectorTest:0.07666666666666666
