BlockUtil:0.49
BlockBuilderStatus:0.37333333333333335
MethodHandleUtil:0.2633333333333333
IntArrayList:0.21666666666666667
