TransactionalQueue:0.5216666666666666
QueueContainer:0.3933333333333333
QueueService:0.32666666666666666
QueueProxySupport:0.26
QueueItem:0.2375
TransactionQueueTest:0.19666666666666666
IQueue:0.19416666666666665
