ScriptStepResult:0.8766666666666667
ScriptExecutionEngine:0.3566666666666667
ScriptsAddOrEditDialog:0.27
