TestAgentTest:0.5366666666666666
ThreshdTest:0.3611111111111111
OpenNMSTestCase:0.3383333333333333
