Block:0.42333333333333334
VarInt:0.4033333333333333
Sha256Hash:0.39666666666666667
Message:0.3933333333333333
PeerAddress:0.26666666666666666
Transaction:0.23
TransactionInput:0.22333333333333333
TransactionOutPoint:0.21333333333333335
TransactionOutput:0.18333333333333332
EmptyMessage:0.16666666666666666
ChildMessage:0.13
AddressMessage:0.1
VersionMessage:0.09666666666666666
ListMessage:0.056666666666666664
GetBlocksMessage:0.04666666666666667
