ParamDef:0.5533333333333333
ParamDefConfig:0.4266666666666667
ConfigurationWizardPage:0.2866666666666667
ProcessDefinition:0.28
Config:0.2733333333333333
SendEmailActionHandlerProvider:0.27127777777777773
BSHEditorDialog:0.25666666666666665
ParamBasedProvider:0.24666666666666667
MappingDialog:0.20666666666666667
ParamDefGroup:0.17666666666666667
ParamDefComposite:0.13666666666666666
ClassLoaderUtil:0.10666666666666667
ParamDefDynaComposite:0.08
ActorNameEditorProvider:0.06
EmailConfigDialog:0.04666666666666667
EditPropertyDialog:0.03333333333333333
AlfHandlerProvider:0.02666666666666667
