IPAtomicDescriptorTest:0.27666666666666667
SigmaElectronegativityDescriptorTest:0.2575
IPBondDescriptorTest:0.23666666666666666
ResonancePositiveChargeDescriptorTest:0.21833333333333332
BondPartialPiChargeDescriptorTest:0.20277777777777778
BondPartialTChargeDescriptorTest:0.20277777777777778
BondPartialSigmaChargeDescriptorTest:0.20166666666666666
BondSigmaElectronegativityDescriptorTest:0.19
PartialTChargePEOEDescriptorTest:0.15666666666666668
