TypeMap:0.7233333333333333
AbstractTriggerTemplate:0.43333333333333335
JdbcUtils:0.25277777777777777
OracleDmlStatement:0.20666666666666667
OracleTriggerTemplate:0.20333333333333334
PostgreSqlTriggerTemplate:0.13666666666666666
