Box2DDebugRenderer:0.7
Box2DTest:0.3388888888888889
KinematicBodyTest:0.22515873015873017
