Provisioner:0.5986666666666667
OpenNMSProvisionerTest:0.49
OpenNMSProvisioner:0.38
XmlRpcTest:0.23333333333333334
TestPollerConfigManager:0.21722222222222223
