NFSFileShareInfo:0.6366666666666667
UpdateNFSFileShareRequest:0.23666666666666666
CreateNFSFileShareRequest:0.23666666666666666
NFSFileShareInfoJsonUnmarshaller:0.14777777777777779
NFSFileShareInfoJsonMarshaller:0.14777777777777779
UpdateNFSFileShareRequestMarshaller:0.10666666666666667
CreateNFSFileShareRequestMarshaller:0.10666666666666667
