Citation:0.5166666666666667
ExtendedElementInformation:0.48333333333333334
Format:0.47833333333333333
Address:0.29833333333333334
Georectified:0.29833333333333334
Element:0.2816666666666667
StandardOrderProcess:0.28
SecurityConstraints:0.28
Identification:0.2633333333333333
ProcessStep:0.245
ResponsibleParty:0.245
Contact:0.245
DataIdentification:0.23833333333333334
Usage:0.23333333333333334
Source:0.215
Medium:0.215
MaintenanceInformation:0.215
OnLineResource:0.205
Georeferenceable:0.205
Extent:0.11666666666666667
QuantitativeResult:0.11666666666666667
DigitalTransferOptions:0.11666666666666667
Keywords:0.05
LegalConstraints:0.05
ConformanceResult:0.05
Lineage:0.05
BrowseGraphic:0.05
Series:0.05
InternationalString:0.006666666666666667
Constraints:0.0
RangeDimension:0.0
