ScriptEditor:0.46
AbstractComponentDecorator:0.3333333333333333
AbstractComponentDecoratorTest:0.3233333333333333
BackgroundPainter:0.26
Painter:0.26
Highlighter:0.043333333333333335
