ArrayDefinition:0.38098412698412704
AbstractElementContainerDefinition:0.30666666666666664
AbstractRoutineDefinition:0.30666666666666664
DefaultGeneratorStrategy:0.29333333333333333
AbstractDefinition:0.22
DefaultArrayDefinition:0.14333333333333334
