MainFrame:0.6183333333333333
BootStrapDialog:0.4666666666666667
NewBootStrapAction:0.15
