Query:0.5
JdbcResultSet:0.44555555555555554
HttpQueryClient:0.33666666666666667
