DnsNameResolver:0.6466666666666666
DnsNameResolverContext:0.43866666666666665
SearchDomainTest:0.33666666666666667
