DeskletWidgetContainer:0.5566666666666666
CalendarWidget:0.33
DayButton:0.29333333333333333
CalendarWidgetPlugin:0.21333333333333335
AddTaskAction:0.08666666666666667
