Request:0.7233333333333334
RequestWrapper:0.43
JettyHandler:0.18333333333333332
