DefinitionModule:0.7968253968253968
DefinitionModuleImpl:0.4766666666666667
IcalModuleImpl:0.35
