BlobIndices:0.4666666666666667
InnerVisitor:0.27
TransportHandler:0.14333333333333334
SnapshotRestoreDDLDispatcher:0.14333333333333334
DDLStatementDispatcher:0.14333333333333334
ESClusterUpdateSettingsTask:0.14333333333333334
NodeActionRequestHandler:0.14333333333333334
