GlobalOrdinalsStringTermsAggregator:0.5133333333333333
TermsAggregatorFactory:0.36
SignificantTermsAggregatorFactory:0.27666666666666667
LowCardinality:0.2633333333333333
AggregationProfilerIT:0.18333333333333332
GlobalOrdinalsSignificantTermsAggregator:0.17333333333333334
TermsAggregatorTests:0.05
GlobalOrdLookupFunction:0.0011111111111111111
