ShapeState:0.43444444444444436
ShapeGenerator:0.39666666666666667
TestMaterialisation:0.22666666666666666
TestShapeGenerator:0.19333333333333333
ShapeTransition:0.14666666666666667
TestShapeIso:0.13666666666666666
