ConfigInterceptor:0.5466666666666666
AdminController:0.41333333333333333
AdminControllerTest:0.35333333333333333
ConfigInterceptorTest:0.27
