XHRPollingTransport:0.4533333333333333
AckManager:0.45
CancelableScheduler:0.39
SocketIOChannelInitializer:0.29333333333333333
HeartbeatHandler:0.29333333333333333
