LearnLibSvmClassifierAggregation:0.6033333333333334
TestLearnAggregations:0.42
MLFunctionFactory:0.23833333333333329
