Template:0.5033333333333333
Configuration:0.37666666666666665
FormatUtils:0.29333333333333333
WsdlObjectMetro:0.2633333333333333
WsdlModelMetro:0.16
WsdlPortMetro:0.14333333333333334
StringUtils:0.13
Environment:0.08
WsdlModel:0.013333333333333334
Port:0.013333333333333334
