DrawableSeqFeature:0.5066666666666667
Gene:0.49
Transcript:0.45
FeatureView:0.4266666666666667
DrawableAnnotatedFeatureSet:0.31333333333333335
AnnotationView:0.2866666666666667
AnnotationEditor:0.25666666666666665
DrawableResultFeatureSet:0.2544444444444445
GAMEAdapter:0.24666666666666667
SeqWrapper:0.23666666666666666
DrawableAnnotatedSeqFeature:0.23333333333333334
SelectionSet:0.23
GenericAnnotationSet:0.22333333333333333
DragFeatureView:0.22
CORBAAdapter:0.22
SetDetailPanel:0.21666666666666667
FeatureEditorDialog:0.21333333333333335
StrandedZoomableApolloPanel:0.20333333333333334
FineFeatureEditorPanel:0.20333333333333334
GridApolloLayout:0.19305555555555554
FineApolloPanel:0.18333333333333332
FeatureTree:0.17
FineAnnotationView:0.16333333333333333
DrawableTerminalCodon:0.13333333333333333
BaseMouseListener:0.10333333333333333
DrawableSpliceSite:0.08833333333333333
