GeoDistanceSortBuilder:0.49333333333333335
FieldSortBuilder:0.4166666666666667
ScoreSortBuilder:0.2966666666666667
GeoDistanceSortBuilderTests:0.24333333333333335
FieldSortBuilderTests:0.19666666666666666
ScoreSortBuilderTests:0.19666666666666666
