QueryManagerConfig:0.6322222222222222
SqlQueryManager:0.4666666666666667
TestQueryManagerConfig:0.3333333333333333
