MaskUtil:0.555
EncoderTestCase:0.4866666666666667
QRCodeWriterTestCase:0.26666666666666666
MaskUtilTestCase:0.22666666666666666
