SendFileAction:0.2966666666666667
VoIPAction:0.22333333333333333
VideoSharingAction:0.22333333333333333
SarosViewToolbar:0.15666666666666668
SessionContextMenu:0.03
