GRU:0.5966666666666667
GRUParamInitializer:0.33
MultiLayerTestRNN:0.18333333333333332
GRUTest:0.14333333333333334
GradientCheckTests:0.14333333333333334
GravesLSTMParamInitializer:0.06333333333333334
TestSetGetParameters:0.025833333333333333
