Element:0.5266666666666666
ComputedCSSStyleDeclaration:0.49
ElementTest:0.23333333333333334
ComputedCSSStyleDeclarationTest:0.22666666666666666
CssValue:0.19333333333333336
