BidirectionalLayer:0.5633333333333334
BidirectionalParamInitializer:0.42333333333333334
LayerMemoryReport:0.29
Bidirectional:0.27
BidirectionalTest:0.08
