EditIssueAction:0.4266666666666667
ConfigurationServiceImplTest:0.41333333333333333
UserForm:0.2833333333333333
ProjectServiceImplTest:0.25
EditConfigurationFormAction:0.12
EditProjectAction:0.11666666666666667
EditCustomFieldFormAction:0.11333333333333333
EditCustomFieldValueFormAction:0.11333333333333333
OrderConfigurationItemAction:0.09333333333333334
EditCustomFieldAction:0.09333333333333334
ListConfigurationAction:0.0
