FastjsonCodec:0.54
ASMDeserializerFactory:0.5166666666666667
BenchmarkTest:0.23333333333333334
