ViewParser:0.6857777777777778
XmlElementsNames:0.25594227994228
