HtmlPage:0.49944444444444436
WebRequestSettings:0.32666666666666666
Location:0.27
HtmlTextArea:0.25
JavaScriptConfiguration:0.24666666666666667
XMLHttpRequest:0.21333333333333335
WebTestCase:0.20333333333333334
WebClientTest:0.19666666666666666
JavaScriptEngineTest:0.19666666666666666
HtmlPageTest:0.18666666666666668
JavaScriptConfigurationTest:0.17
Style:0.16833333333333333
LocationTest:0.12
HTMLParserTest:0.10666666666666667
