FakeEventBusMetrics:0.44333333333333336
HandlerRegistration:0.34
DummyEventBusMetrics:0.21333333333333335
EventBusMetrics:0.20333333333333334
