JoinNode:0.68
Rewriter:0.5833333333333334
TestLogicalPlanner:0.31333333333333335
HashGenerationOptimizer:0.17666666666666667
