StepFactory:0.7482777777777778
LinkedListTester:0.4238888888888889
