Lang:0.6883333333333334
Strings:0.35
Streams:0.29
PropertiesProxy:0.27
Images:0.25333333333333335
NutMap:0.21333333333333335
MapPairInjector:0.19
PairAdaptor:0.09666666666666666
