ExSessionViewObjectImp:0.38666666666666666
ExRemoteScreenViewObject:0.3817857142857143
ViewObject:0.38
Musician:0.36666666666666664
ExSessionViewObject:0.3225
TableObject:0.2733333333333333
IsFollowingUser:0.24833333333333332
SarosConditions:0.22666666666666666
SarosConstant:0.2211111111111111
PackageExplorerViewObjectImp:0.22
ExSarosPopUpWindowObjectImp:0.21333333333333335
isSessionclosed:0.20666666666666667
IsInSession:0.19666666666666666
ExRemoteScreenViewObjectImp:0.18333333333333332
TestSessionViewObject:0.16833333333333333
ProgressViewObjectImp:0.16666666666666666
ExWindowObject:0.1308730158730159
TestDriverChangeAndImmediateWrite:0.12666666666666668
TestHostAsDriverInvitesBelatedly:0.11666666666666667
TestCreatingNewFile:0.11666666666666667
TestChangingDriverWhileOtherFollow:0.10333333333333333
TestEditDuringInvitation:0.10333333333333333
ExistsNoParticipants:0.013333333333333334
EclipseObject:0.0
