ColumnIdent:0.61
TableIdent:0.43333333333333335
ReferenceIdent:0.2966666666666667
