NativeLibrary:0.61
CallbacksTest:0.4033333333333333
Handler:0.27666666666666667
