Cors:0.4031666666666666
CasFiltersConfiguration:0.36666666666666664
HttpWebRequestProperties:0.3
