ESSearchNode:0.45
TransportHandler:0.30666666666666664
ESQueryBuilderTest:0.2833333333333333
PlannerTest:0.26666666666666666
AsyncAction:0.25666666666666665
TransportActionProvider:0.24
Planner:0.19166666666666668
TransportExecutorTest:0.18666666666666668
TestModule:0.16666666666666666
ESSearchTask:0.15333333333333332
TransportCollectNodeAction:0.09333333333333334
TransportExecutorModule:0.05333333333333334
