Viewer:0.35
StillModelViewer:0.20333333333333334
TiledMapPacker:0.19416666666666665
StillModelViewerGL20:0.19333333333333333
SkeletonModelGpuSkinningTest:0.19166666666666668
HybridLightTest:0.19166666666666668
SkeletonModelViewer:0.14666666666666667
KeyframedModelViewer:0.14666666666666667
DesktopStarter:0.09
MetagunDesktop:0.09
BouncyDesktop:0.09
SuperJumperDesktop:0.09
GdxInvadersDesktop:0.07666666666666666
