ModelAndView:0.53
Spark:0.4533333333333333
GenericIntegrationTest:0.3566666666666667
TemplateViewRouteImpl:0.16666666666666666
TemplateEngine:0.08
