QueryState:0.6183333333333333
HttpQuery:0.45
QueryManager:0.3572222222222222
HttpQueryProvider:0.29
QueryResource:0.26
GetPagesJob:0.25083333333333335
MasterQueryState:0.22
SqlFragmentMaster:0.19333333333333333
TestQueryState:0.17333333333333334
StaticQueryManager:0.13666666666666666
QueryDriversIterator:0.13666666666666666
PageResponseHandler:0.12833333333333333
SimpleQueryManager:0.08666666666666667
Execute:0.0625
