Pixmap:0.5733333333333334
SpriteCache:0.27166666666666667
GwtApplication:0.26666666666666666
Cube:0.2227777777777778
ReadWriteFloatArrayBuffer:0.2041666666666667
Map:0.17333333333333334
