DatagramSocket:0.8333333333333334
DatagramSocketImpl:0.32666666666666666
DatagramTest:0.26166666666666666
