Editor:0.67
TransferAction:0.2786111111111111
ZoomMenu:0.24666666666666667
