ShardedJedis:0.45
JedisCluster:0.33666666666666667
RedisPipeline:0.23666666666666666
BinaryJedis:0.22666666666666666
BinaryRedisPipeline:0.19416666666666665
BinaryJedisCommands:0.19416666666666665
JedisCommands:0.19416666666666665
BinaryShardedJedis:0.18666666666666668
