Structure:0.6566666666666666
CallbacksTest:0.31666666666666665
CallbackReference:0.2966666666666667
TestLibrary:0.28587301587301583
DirectTestLibrary:0.27972222222222226
AttachOptions:0.1
