XmlResourceParserImplTest:0.6566666666666666
ParallelUniverseTest:0.36788888888888893
LegacyManifestParser:0.2966666666666667
