ConnectionJDBC2:0.44
Driver:0.3983333333333333
JtdsDataSource:0.3466666666666667
DefaultProperties:0.2633333333333333
JtdsObjectFactory:0.22011111111111112
DefaultPropertiesTestLibrary:0.15
JtdsObjectFactoryUnitTest:0.13
