Robot:0.5633333333333334
Hierarchy:0.5466666666666666
MouseWatcher:0.38166666666666665
WidgetTester:0.3466666666666667
BasicFinder:0.3
ListTesterTest:0.23333333333333334
RobotTest:0.22333333333333333
ComboTester:0.21666666666666667
SWTTestSuite:0.21
TreeItemTester:0.2
WidgetTesterTest:0.19333333333333333
SWTHierarchy:0.19
ExtraFinderTest:0.17333333333333334
MenuTester:0.16333333333333333
Visitor:0.07690476190476189
