DefaultWebflowConfigurer:0.39666666666666667
RedirectToServiceAction:0.38666666666666666
CasCoreWebflowConfiguration:0.21333333333333335
AbstractWebApplicationServiceResponseBuilder:0.20333333333333334
DefaultResponse:0.18333333333333332
WebApplicationServiceResponseBuilder:0.18166666666666667
CasWebflowConstants:0.07333333333333333
