Pac4jConfiguration:0.5866666666666667
ClientActionTests:0.33111111111111113
Pac4jErrorViewResolver:0.21666666666666667
