jdbcStatement:0.5033333333333333
TestBatchExecution:0.48333333333333334
jdbcPreparedStatement:0.3
AllTests:0.2833333333333333
TestBatchBug:0.19
TestInstantiation:0.14744444444444446
