HTMLCollectionTest:0.5433333333333333
HTMLImageElementTest:0.2966666666666667
HTMLBodyElementTest:0.21333333333333335
HTMLDivElementTest:0.12333333333333334
