S3BlobStore:0.41
InternalAwsS3Service:0.16333333333333333
S3Repository:0.12
AbstractS3SnapshotRestoreTest:0.06333333333333334
Ec2Discovery:0.0
