EntityBinder:0.49
EntityIdentifier:0.42583333333333334
ConfiguredClassHierarchy:0.31
EmbeddedIdTests:0.15666666666666668
