StringUtil:0.68
ReflectUtilTest:0.3433333333333333
JDateTimeTest:0.2683333333333333
StringUtilTest:0.25
FormatterTest:0.20333333333333334
Jodd:0.18
TimeZoneTest:0.18
DstTest:0.16666666666666666
MimeTypesTest:0.13333333333333333
AnnotationDataReader:0.11333333333333333
