XJBGUISettings:0.5588888888888889
XJBGUISettingsImpl:0.4166666666666667
Unmarshaller:0.21866666666666665
