GeoDistanceSortBuilder:0.6866666666666666
Lucene:0.3933333333333333
GeoDistanceSortBuilderIT:0.3433333333333333
GeoDistanceSortBuilderTests:0.2966666666666667
