Messages:0.4666666666666667
AbstractDataQueueMonitorView:0.42333333333333334
MessageLoader:0.3433333333333333
AbstractDataSpaceMonitorView:0.3233333333333333
LoadAsyncDataJob:0.22
AutoRefreshJob:0.20333333333333334
