Authenticator:0.72
CallTest:0.35333333333333333
OkHttpClient:0.3233333333333333
Address:0.29
OkHeaders:0.26055555555555554
HttpEngine:0.26
Authenticate:0.18333333333333332
RealConnection:0.18
AuthenticatorAdapter:0.12666666666666668
RecordingOkAuthenticator:0.12666666666666668
OkHttpClientTest:0.09666666666666666
