TransactionLog:0.7
TransactionManagerServiceImpl:0.25666666666666665
MapTransactionTest:0.18333333333333332
FutureTransactionProcessor:0.07444444444444444
