FlexibleDividerDecoration:0.23666666666666666
Builder:0.23666666666666666
VerticalDividerItemDecoration:0.17666666666666667
HorizontalDividerItemDecoration:0.17666666666666667
