DefaultProcessingListener:0.38666666666666666
BlockingEventQueue:0.32666666666666666
DecoderListener:0.30333333333333334
Logger:0.26666666666666666
AbstractEventQueue:0.25666666666666665
AbstractConfigurationParser:0.19666666666666666
