MetadataEntityManagerImpl:0.57
ApplicationEntityManagerImpl:0.3933333333333333
CypherParser:0.32511111111111113
CypherQueryBuilder:0.31333333333333335
