Resolver:0.7066666666666667
Jeeves:0.39533333333333337
Geonetwork:0.3
