TextButton:0.5122222222222222
TextButtonStyle:0.45666666666666667
ParticleBox2D:0.2375
