MDesktopManager:0.7166666666666667
DragAdapter:0.30666666666666664
