Player:0.76
JdbcPlayerDaoIntegrationTests:0.25666666666666665
JdbcPlayerDao:0.22111111111111115
PlayerFieldSetMapper:0.17333333333333334
