FolderServiceImpl:0.6797222222222223
BinderServiceImpl:0.5414444444444444
