Project:0.9866666666666667
ProjectTest:0.26666666666666666
