jq_Method:0.42333333333333334
jq_InstanceMethod:0.4166666666666667
jq_Class:0.36333333333333334
BytecodeToQuad:0.36
ModRefAnalysis:0.32666666666666666
jq_StaticMethod:0.29
jq_InstanceField:0.23666666666666666
jq_StaticField:0.22
TrimmerVisitor:0.21
jq_ConstantPool:0.17333333333333334
jq_Initializer:0.08333333333333333
jq_ClassInitializer:0.08
