RegistrationService:0.6233333333333333
IRegistrationService:0.48
RegistrationServiceTest:0.27
MockRegistrationService:0.15333333333333332
InternalTransportManager:0.15333333333333332
PullResourceHandler:0.14
RegistrationResourceHandler:0.13333333333333333
