JSON:0.6733333333333333
DefaultJSONParser:0.39
PointTest2:0.08888888888888889
IntegerDeserializer:0.08
PointDeserializer:0.04
SqlDateDeserializer:0.04
RectangleDeserializer:0.03666666666666667
ArrayDeserializer:0.03666666666666667
FontDeserializer:0.03666666666666667
ArrayListStringDeserializerTest:0.03333333333333333
VO:0.0
