FlowExecutorImpl:0.5533333333333333
TextToViewSelectorTests:0.44666666666666666
ApplicationViewSelectorTests:0.4166666666666667
