StepListener:0.55
ItemOrientedStepTests:0.26
StagingItemReader:0.24
ListenerMulticaster:0.24
BatchListenerSupport:0.21666666666666667
ItemOrientedStep:0.19111111111111112
TaskletStep:0.18166666666666667
CompositeStepListenerTests:0.17333333333333334
TaskletStepTests:0.15
StagingItemWriter:0.14
MockRestartableItemReader:0.13333333333333333
CompositeStepListener:0.12333333333333334
StepListenerSupport:0.08
