HostParentOfATest:0.5833333333333334
SVGFEBlendElement:0.4063730158730159
WheelEvent:0.4063730158730159
SVGGradientElement:0.4063730158730159
MouseEvent:0.30833333333333335
