PartitionManager:0.5033333333333333
CMap:0.4033333333333333
MigrationService:0.3927777777777778
Node:0.35
PartitionInfo:0.34
MigrationRequestTask:0.25333333333333335
MigrationTask:0.23
ConcurrentMapManager:0.2252777777777778
ClusterManager:0.21333333333333335
ExecutorManager:0.2
MulticastJoiner:0.19305555555555554
PartitionStateGeneratorTest:0.19
Migrator:0.17333333333333334
PrepareRepartitioningTask:0.15666666666666668
MContainsKey:0.14
ProcessMigrationResult:0.12
CheckRepartitioningTask:0.08333333333333333
