TextParserTest:0.36333333333333334
TextMathParserTest:0.3302777777777778
AbstractParserTest:0.17666666666666667
