PackageAdminResolver:0.571111111111111
TestUtils:0.16
PackageAdminResolverTest:0.07333333333333333
