DataManager:0.6516666666666666
SimpleTypeEntry:0.3466666666666667
DeleteAttribute:0.23666666666666666
SchemaLoader:0.23333333333333334
AttributeEntry:0.20333333333333334
