Extruder:0.94
GenericExtruder:0.4633333333333333
RrCSGPolygon:0.4166666666666667
RrCSGPolygonList:0.22
LayerRules:0.19333333333333333
LayerProducer:0.1
