ClusterServiceImpl:0.7233333333333334
GroupProperties:0.21
AbstractJoiner:0.17
OperationServiceImpl:0.16666666666666666
ClusterClockImpl:0.11944444444444442
HeartbeatOperation:0.11166666666666666
MasterConfirmationOperation:0.10833333333333334
