Usage:0.6766666666666666
SecurityConstraints:0.6766666666666666
MediumName:0.40753968253968254
Datatype:0.40753968253968254
Constraints:0.27051984126984113
TopicCategory:0.24333333333333335
MediumFormat:0.24333333333333335
Role:0.24333333333333335
Restriction:0.24333333333333335
TopologyLevel:0.24333333333333335
SpatialRepresentationType:0.24333333333333335
LegalConstraints:0.16333333333333333
MetaData:0.15083333333333335
DataIdentification:0.12916666666666668
Identification:0.12916666666666668
DataQuality:0.006666666666666667
Resolution:0.006666666666666667
