GrpcUtil:0.62
NettyChannelBuilder:0.45666666666666667
NettyClientTransportTest:0.3433333333333333
ProtocolNegotiators:0.30666666666666664
NettyTransportFactory:0.14666666666666667
