Label:0.7666666666666667
Edge:0.5633333333333334
TypeLabel:0.4
GraphGrammar:0.31666666666666665
Shape:0.31333333333333335
LabelStore:0.31
Sharp:0.2833333333333333
AbstractGraphState:0.25
DefaultGraphTransition:0.23
AbstractEdge:0.22333333333333333
AbstractLabel:0.22333333333333333
Materialisation:0.22333333333333333
RuleLabel:0.22
AspectLabel:0.22
AspectJVertex:0.22
GraphJVertex:0.21
StoredGrammarView:0.21
TypeGraph:0.20666666666666667
Util:0.20333333333333334
AspectParser:0.20333333333333334
Level:0.20333333333333334
ShapeJGraph:0.2
AutomatonTest:0.2
ShapeNextState:0.19333333333333333
MatrixAutomaton:0.19
RelabelDialog:0.18333333333333332
Wildcard:0.17
TypeNode:0.16666666666666666
TypeFactory:0.16666666666666666
DefaultGraphNextState:0.16333333333333333
InstanceGraphRep:0.16
VarEdgeSearchItem:0.14666666666666667
LabelVar:0.14333333333333334
StartGraphState:0.13666666666666666
TestMaterialisation:0.13333333333333333
TestShape:0.13333333333333333
AntlrGrapher:0.11
ColConverter:0.11
MyTransferHandler:0.10333333333333333
