GwtApplicationConfiguration:0.6666666666666666
JsonValue:0.53
GwtInput:0.52
GwtApplication:0.4266666666666667
