BasicProcessingFilterTests:0.5933333333333334
BasicProcessingFilter:0.43833333333333335
