LockActionConstants:0.8066666666666666
ClusterService:0.36666666666666664
BootstrapService:0.2733333333333333
IClusterService:0.23
PurgeService:0.21333333333333335
ClusterServiceTest:0.20333333333333334
PushService:0.13666666666666666
PullService:0.11666666666666667
