FlowExecutorArgumentExtractor:0.6797222222222223
RequestPathFlowExecutorArgumentExtractor:0.39222222222222225
