TestAttributeSet:0.43666666666666665
TestAttributeSetTest:0.29333333333333333
id:0.2911111111111111
ResourceExtractor:0.2277777777777778
ViewLoaderTest:0.21666666666666667
ViewNode:0.19333333333333333
ViewLoader:0.15333333333333332
string:0.14333333333333334
MenuNode:0.13
array:0.0
