GestureDetector:0.31333333333333335
CropIwaImageView:0.31333333333333335
CropIwaView:0.27666666666666667
MatrixUtils:0.24611111111111109
CropIwaOverlayView:0.20777777777777778
ScaleGestureListener:0.18666666666666668
TranslationGestureListener:0.18666666666666668
