AtmosphereResourceImpl:0.8366666666666667
DefaultWebSocketProcessor:0.37
IdleResourceInterceptor:0.26666666666666666
