Fiber:0.7866666666666666
ParkableForkJoinTask:0.32666666666666666
FiberForkJoinTask:0.28
FiberAsync:0.24444444444444446
