VanillaTrainingWorker:0.7333333333333333
CommonSparkTrainingStats:0.4225
ExecuteWorkerFlatMap:0.23333333333333334
