SearchService:0.5991666666666666
RobinSearcher:0.41333333333333333
SearchWhileRelocatingTests:0.3933333333333333
