Factory:0.5633333333333334
IngestGeoIpPlugin:0.39666666666666667
GeoIpProcessorFactoryTests:0.26666666666666666
