Administrator:0.7133333333333334
DatastreamBindingPane:0.22611111111111115
ObjectPane:0.20555555555555557
ObjectEditorFrame:0.19666666666666666
DatastreamBindingTableModel:0.1811111111111111
PriorVersionPane:0.18
SingleKeyBindingPanel:0.16
CurrentVersionPane:0.15666666666666668
