MetadataEntityManagerImpl:0.8166666666666667
ImporteFromXml:0.17666666666666667
test:0.03666666666666667
