InvalidParameterValueException:0.35333333333333333
ParameterValue:0.24833333333333332
DatumAuthorityFactory:0.18944444444444442
FactoryException:0.17
AuthorityFactory:0.13666666666666666
CRSAuthorityFactory:0.13444444444444442
NoSuchAuthorityCodeException:0.056666666666666664
InvalidParameterTypeException:0.05
CoordinateOperationFactory:0.0011111111111111111
Factory:0.0
