AbstractEntityManagerImpl:0.5833333333333334
ExceptionTest:0.38666666666666666
FlushAndTransactionTest:0.35
