XKMSConfig:0.6216666666666667
Query:0.42333333333333334
XKMSProvider:0.29
