CsvData:0.7966666666666666
CsvConstants:0.5813333333333334
DatabaseWriter:0.36333333333333334
ProtocolDataReader:0.24
AbstractProtocolDataWriter:0.22666666666666666
SelectFromSymDataSource:0.17
