Builder:0.5666666666666667
StreamInput:0.48333333333333334
StreamOutput:0.38
BaseAggregationTestCase:0.20333333333333334
