Default:0.44666666666666666
ExecutingTransformer:0.4066666666666667
PoolStrategy:0.4014285714285714
AgentBuilderDefaultTest:0.34
Collector:0.28
Factory:0.20833333333333334
AgentBuilderLambdaInstrumentationStrategyTest:0.07333333333333333
