EitherLeftProjectionTest:0.43444444444444436
EitherRightProjectionTest:0.43444444444444436
EitherTest:0.29
