TransportBaseSQLAction:0.36333333333333334
SQLTransportExecutor:0.31
SQLBaseResponse:0.2833333333333333
Plan:0.25833333333333336
TransportSQLBulkAction:0.14
TransportSQLAction:0.12666666666666668
TransportSQLActionSingleNodeTest:0.06
