StrandVisibilityListener:0.6389920634920635
StrandedZoomableApolloPanel:0.61
ViewMenu:0.3233333333333333
