Record:0.5433333333333333
MapService:0.44333333333333336
RecordInfo:0.38
AbstractRecord:0.3333333333333333
BasicMapTest:0.23666666666666666
PutAllOperation:0.21333333333333335
MergeOperation:0.19666666666666666
TxnSetOperation:0.19
BasePutOperation:0.17666666666666667
MapReplicationOperation:0.16333333333333333
RecordReplicationInfo:0.12666666666666668
