JMXConnectionWrapper:0.57
JMXDriverConnectionWrapper:0.5233333333333333
JMXConnectionThread:0.27
JobManagementTestRunner:0.22333333333333333
