PutFromLoadValidator:0.69
EntityRegionImpl:0.31
NaturalIdRegionImpl:0.31
HibernateTransactionManagerLookup:0.15333333333333332
RecentRemoval:0.12444444444444443
