MockTransportService:0.6
DiscoveryWithServiceDisruptionsIT:0.4033333333333333
NetworkDisruption:0.25333333333333335
ClearableTransport:0.13
