Edge:0.6866666666666666
AspectEdge:0.41333333333333333
DefaultGraphNextState:0.3
GraphJModel:0.2966666666666667
GraphToKth:0.23333333333333334
Level:0.22
ShapeNextState:0.19666666666666666
AbstractEdge:0.18666666666666668
AspectJVertex:0.17666666666666667
