AttributeGroup:0.37290476190476185
Releasability:0.24151587301587307
Constraints:0.1613888888888889
Lineage:0.14555555555555555
FeatureCatalogueDescription:0.09916666666666667
DigitalTransferOptions:0.09916666666666667
Resolution:0.065
MetadataScope:0.03
Distribution:0.013333333333333334
