ControllerHub:0.7066666666666667
IChemModelRelay:0.4066666666666667
ChainModule:0.2966666666666667
