Robolectric:0.62
ActivityController:0.4866666666666667
ActivityControllerTest:0.2833333333333333
