ViewManager:0.7366666666666667
ViewWidget:0.3
EntityPopupMouseListener:0.24111111111111114
EditView:0.22
ActionCreate:0.13333333333333333
ActionContextMenu:0.09666666666666666
