MDate:0.58
MetaInfo:0.45666666666666667
Task:0.30216666666666664
MTip:0.2633333333333333
StaticHandler:0.17777777777777778
