QueryFactory:0.71
FedoraOAIDriver:0.47333333333333333
ITQLQueryFactory:0.2833333333333333
TestITQLQueryFactory:0.24777777777777782
FedoraMetadataFormat:0.14
