ActionContext:0.61
ActionSupport:0.35
ConversionErrorInterceptor:0.25666666666666665
ActionContextTest:0.21333333333333335
XWorkConverterTest:0.2
AnnotationXWorkConverterTest:0.2
RepopulateConversionErrorFieldValidatorSupport:0.19833333333333333
ActionSupportTest:0.17
RepopulateConversionErrorFieldValidatorSupportTest:0.14666666666666667
ConversionErrorFieldValidator:0.14333333333333334
VisitorFieldValidatorTest:0.14
ConversionErrorInterceptorTest:0.13666666666666666
StrutsConversionErrorInterceptorTest:0.13333333333333333
ConversionErrorFieldValidatorTest:0.10666666666666667
