ActionClose:0.44646031746031734
ActionPrint:0.44646031746031734
