WebSocketServer:0.54
WebSocketClient:0.38
WebSocketWorker:0.2633333333333333
WebSocketFactory:0.13744444444444445
