Segment:0.5466666666666666
InternalEngineTests:0.3933333333333333
SegmentTests:0.25333333333333335
IndicesSegmentResponse:0.25
