NavigationTag:0.8583333333333333
CurrentBuildStatusTag:0.5222222222222221
