ConfigurableFlowAttributeMapper:0.6772222222222222
CustomAttributeMapper:0.12666666666666668
ConfigurableFlowAttributeMapperTests:0.05333333333333334
