ProtocolOcspHttpTest:0.5133333333333333
OCSPUnidClient:0.3
OCSPServletBase:0.28
ProtocolOcspHttpStandaloneTest:0.25333333333333335
OcspJunitHelper:0.20133333333333334
