ObjectFactory:0.5966666666666667
PrepareOperations:0.29
BeanSelectionProvider:0.28
CheckboxInterceptor:0.14333333333333334
