RubyElement:0.49333333333333335
RubyParser:0.4666666666666667
TC_RubyParser:0.37333333333333335
RubyMethod:0.23
RubyModule:0.17333333333333334
IRubyElement:0.16333333333333333
RubyScript:0.15666666666666668
RubyClass:0.14
TC_RubyParserStack:0.11333333333333333
TS_Parser:0.08666666666666667
RubyParserUtil:0.056666666666666664
RubyBlock:0.05333333333333334
RubyRequires:0.04555555555555556
RubyInstanceVariable:0.042222222222222223
TC_RubyElement:0.041666666666666664
RubyGlobal:0.02666666666666667
RubyClassVariable:0.02666666666666667
TC_RubyParserUtil:0.023333333333333334
RubyBegin:0.009333333333333332
RubyUnless:0.009333333333333332
RubyCase:0.009333333333333332
RubyUntil:0.009333333333333332
RubyDo:0.009333333333333332
RubyFor:0.009333333333333332
RubyIf:0.009333333333333332
RubyWhile:0.009333333333333332
