FamNode:0.4033333333333333
ContentRenderer:0.37333333333333335
Model:0.31
Content:0.24333333333333335
MyOptions:0.23
IndiNode:0.22
TreeView:0.13
MyArc:0.09
MyNode:0.08666666666666667
MarrNode:0.08666666666666667
