Converter:0.44
Padding:0.38333333333333336
ServerApplication:0.3466666666666667
XMLObject:0.33666666666666667
XMLEvent:0.32666666666666666
AbstractBinaryDFHandler:0.31333333333333335
ServerXMLObjectAttribute:0.3035555555555555
AbstractConfigurationParser:0.27666666666666667
JFXRepresentation:0.26666666666666666
ServerXMLSymbolsHandler:0.26666666666666666
JFXSymbolPainter:0.25
MessagePanelFactory:0.25
ServerApplications:0.24
XMLMapItem:0.22333333333333333
LayerInfoIterator:0.22166666666666668
AbstractWidgetRefHandler:0.21333333333333335
WidgetsRefHandler:0.21
ServerXMLSymbolCommand:0.19666666666666666
DefTriangle:0.18666666666666668
ToggleButtonRendererTest:0.18166666666666667
DefPolyLine:0.18
DefArcEllipse:0.17666666666666667
DefaultServerXMLDFHandler:0.17666666666666667
DefaultBinaryExporter:0.17333333333333334
DefArcCircle:0.16666666666666666
ParameterStruct:0.165
ObjectGenerator:0.16333333333333333
DefaultBinaryDFDecoder:0.16333333333333333
PushButtonRenderer:0.15333333333333332
RendererUtils:0.15
MultiStateButtonRenderer:0.14333333333333334
SymbolAnimatedRenderer:0.14
MultiStateButtonRendererTest:0.13666666666666666
SymbolRenderer:0.13
SetTranslation:0.12666666666666668
DefText:0.11666666666666667
DefTriangleFan:0.11333333333333333
DefTriangleStrip:0.11333333333333333
DefLine:0.11333333333333333
JFXMultiStateButtonRendererTest:0.11333333333333333
DefLinePolar:0.11333333333333333
DefRectangle:0.11333333333333333
WidgetEvent:0.10333333333333333
SetRotation:0.09
EndGroup:0.07333333333333333
StartGroup:0.07333333333333333
SetSymbolRef:0.058333333333333334
DefFont:0.056666666666666664
DefLineStyle:0.056666666666666664
DefColor:0.056666666666666664
DefHalo:0.04666666666666667
ARINCMultiStateButton:0.03666666666666667
JFXSymbolCommand:0.016666666666666666
SetScale:0.0
