AtmosphereResourceImpl:0.5733333333333334
AtmosphereResourceEventListener:0.4766666666666667
DefaultBroadcaster:0.42333333333333334
AsynchronousProcessor:0.25
EventsLogger:0.22
WebSocketProcessor:0.17
Meteor1:0.17
