AtomAPIServlet:0.54
AtomUtils:0.41650000000000004
AtomConstants:0.014071428571428572
