DefaultAccess:0.6466666666666666
DisseminationService:0.5043333333333333
