PrimaryArticlesPage:0.44333333333333336
BioMobyInputsWizard:0.33666666666666667
BioclipseMobyModel:0.2966666666666667
MobyServiceScripting:0.27666666666666667
ExecuteMobyServiceAction:0.19333333333333333
MobyViewContentProvider:0.18333333333333332
ReviewResultPage:0.09666666666666666
