BatchTool:0.4802380952380952
BatchXforms:0.2833333333333333
BatchIngest:0.25
AutoBatchBuild:0.20444444444444446
AutoBatchIngest:0.10666666666666667
AutoBatchBuildIngest:0.10333333333333333
