DummyApprovalRequest:0.36666666666666664
ChangeStatusEndEntityApprovalRequest:0.26
EditEndEntityApprovalRequest:0.26
AddEndEntityApprovalRequest:0.17333333333333334
GenerateTokenApprovalRequest:0.17333333333333334
KeyRecoveryApprovalRequest:0.14666666666666667
ViewHardTokenDataApprovalRequest:0.14666666666666667
