GwtTeamingMessages:0.31666666666666665
EnhancedViewWidget:0.31333333333333335
GwtServerHelper:0.25333333333333335
ConfigData:0.20666666666666667
GwtRpcController:0.19577777777777777
GwtRpcServiceImpl:0.16
HttpRequestInfo:0.13333333333333333
EnhancedViewConfig:0.13
ExecuteEnhancedViewJspCmd:0.09
