Gate:0.7733333333333333
TestConfig:0.3566666666666667
GateConstants:0.03
