MaskUtil:0.6433333333333333
EncoderTestCase:0.46
QRCodeWriterTestCase:0.24333333333333335
MaskUtilTestCase:0.20333333333333334
