EndEntityProfile:0.5366666666666666
ExtendedInformation:0.4533333333333333
TestAuthenticationSession:0.31666666666666665
LocalUserAdminSessionBean:0.27
LocalAuthenticationSessionBean:0.12
TestUserFullfillEndEntityProfile:0.04055555555555556
