MissionManager:0.49333333333333335
TaskManager:0.42333333333333334
Mind:0.37333333333333335
