Base64:0.6133333333333333
AdvancedPanel:0.29333333333333333
LooknFeelPanel:0.22333333333333333
GeneralPanel:0.20666666666666667
NetworkPanel:0.08333333333333333
