ServiceConfig:0.4533333333333333
ReferenceConfig:0.43333333333333335
InjvmProtocol:0.29
Constants:0.2881666666666666
CollectionUtils:0.25
