DashboardService:0.46
MBeanValueModel:0.4266666666666667
SystemPropertyModel:0.30333333333333334
SystemInfoPanel:0.21444444444444447
