RedissonLock:0.5166666666666667
RedissonCountDownLatchEntry:0.3566666666666667
RedissonCountDownLatch:0.25666666666666665
RedissonLockEntry:0.19333333333333333
