SubstitutionServiceDelegate:0.58
SubstitutionCriteria:0.49666666666666665
SubstitutionDAO:0.3751190476190476
Messages:0.36333333333333334
SubstitutionDAOHibernateImpl:0.2633333333333333
SubstitutionDAOProxy:0.26
SubstitutionServiceBean:0.25666666666666665
SubstitutionServiceDelegateLocalImpl:0.25666666666666665
SubstitutionLogic:0.21333333333333335
ConfirmationPopupHelper:0.17388888888888887
SubstitutionServiceDelegateRemoteImpl:0.17
UpdateSubstitutionCriteriaFormTag:0.08333333333333333
UpdateSubstitutionCriteriaAction:0.06416666666666666
DeleteSubstitutionCriteriasAction:0.06416666666666666
ListSubstitutionCriteriasFormTag:0.05
SubstitutionCriteriaForm:0.05
SubstitutionCriteriasForm:0.05
AddSubstitutionCriteriaLinkTag:0.02
SubstitutionCriteriaSwimlane:0.0033333333333333335
SubstitutionCriteriaDefinitions:0.0033333333333333335
SubstitutionCriteriaNotEquals:0.0033333333333333335
SwimlaneSubstitutionCriteriaRenderer:0.0
