Property:0.8366666666666667
ModelResolver:0.38666666666666666
AbstractProperty:0.36666666666666664
SwaggerJersey2JaxrsTest:0.16
