Lexer:0.4211111111111111
UnbufferedTokenStream:0.36333333333333334
CharStream:0.36
UnbufferedCharStream:0.3466666666666667
LexerATNSimulator:0.33
ANTLRInputStream:0.2733333333333333
BaseTest:0.26666666666666666
LexerATNFactory:0.22666666666666666
TestUnbufferedCharStream:0.18333333333333332
TestUnbufferedTokenStream:0.15333333333333332
TestingUnbufferedTokenStream:0.013333333333333334
TestingUnbufferedCharStream:0.0033333333333333335
