DcmOF:0.5166666666666667
XML:0.16666666666666666
MPPSSCP:0.13666666666666666
IANSCP:0.11
SCNSCP:0.11
MWLSCP:0.11
MultiFindRSP:0.02666666666666667
