X509CA:0.7266666666666667
X509CATest:0.29333333333333333
CrlCreateSessionBean:0.26222222222222225
