SarosBot:0.7033333333333334
PEView:0.5433333333333333
STF:0.5266666666666666
ContextMenuWrapper:0.46711904761904766
PEViewImp:0.4533333333333333
SarosBotImp:0.26
ContextMenuWrapperImp:0.24333333333333335
STFTest:0.22333333333333333
NewCImp:0.2122222222222222
TestContextMenuOpen:0.19666666666666666
TestSVNStateInitialization:0.19666666666666666
RefactorCImp:0.15111111111111108
STFController:0.13666666666666666
EclipseComponentImp:0.08666666666666667
