MapLayer:0.7966666666666666
MapObject:0.29333333333333333
GwtTestStarter:0.27166666666666667
MapLayers:0.17666666666666667
