Parser:0.4666666666666667
TokenIndexer:0.2833333333333333
DeclarationList:0.19777777777777777
Context:0.19
Declaration:0.12111111111111111
