GeneratedVariableElement:0.6066666666666667
GeneratedExecutableElement:0.38666666666666666
EnhancedForRewriter:0.35
GeneratedTypeElement:0.26666666666666666
