ASMDeserializerFactory:0.6266666666666667
ParserConfig:0.6133333333333333
TestASM_primitive:0.12888888888888891
