ResourceBundleResourceManager:0.8244444444444444
ResourceManager:0.4866666666666667
