NutResource:0.5166666666666667
JarResourceScan:0.2966666666666667
FilesystemResourceScan:0.2966666666666667
FileResource:0.20666666666666667
ZipEntryResource:0.13333333333333333
AbstractResourceScan:0.09
