Namespace:0.6366666666666667
PubSubStore:0.5966666666666667
StoreFactory:0.55
HazelcastStoreFactory:0.22333333333333333
BroadcastOperations:0.195
AuthorizeHandler:0.19
SocketIOServer:0.18
MainBaseClient:0.17333333333333334
SocketIOChannelInitializer:0.14666666666666667
BaseStoreFactory:0.12666666666666668
MemoryStoreFactory:0.1
