Tree:0.35333333333333333
Vector:0.30333333333333334
BitSetIterator:0.29
AbstractMultimap:0.27
HashSet:0.26666666666666666
AbstractTraversableTest:0.2633333333333333
LinkedHashSet:0.26
BitSetN:0.25083333333333335
BitSet1:0.24666666666666667
BitSet2:0.24666666666666667
CharSeqTest:0.22333333333333333
AbstractBitSet:0.2
