NodeEnvironment:0.6933333333333334
ESIntegTestCase:0.3466666666666667
UnicastZen:0.2877777777777778
DiscoveryWithServiceDisruptionsIT:0.28
NodeEnvironmentTests:0.24
TribeIT:0.19666666666666666
ClusterInfoServiceIT:0.14
CircuitBreakerNoopIT:0.11333333333333333
InternalTestClusterTests:0.11333333333333333
TribeUnitTests:0.11333333333333333
TribeService:0.09333333333333334
