ConsentWebflowConfigurer:0.41333333333333333
CheckConsentRequiredAction:0.3698174603174603
CasWebflowConstants:0.0
