Settings:0.4976111111111112
Editor:0.45
FeedsFS:0.3333333333333333
MainWindow:0.32
FeedsFSPlugin:0.25
FeedsConfigPanel:0.09666666666666666
