AbstractSettingsPage:0.4866666666666667
GHNSDialog:0.44666666666666666
AbstractSettings:0.42333333333333334
StuffRenderer:0.37666666666666665
IconSelection:0.14
CustomSearch:0.14
