URLConnectionTest:0.37666666666666665
CallTest:0.2633333333333333
ConnectionSpec:0.25
Route:0.21
RouteSelector:0.18333333333333332
RecordingSSLSocketFactory:0.043333333333333335
FakeProxySelector:0.03666666666666667
