AttachmentMapper:0.7733333333333333
AttachmentsIndexModule:0.20498015873015868
RegisterAttachmentType:0.1470595238095238
MetadataMapperTest:0.14333333333333334
SimpleAttachmentIntegrationTests:0.12666666666666668
SimpleAttachmentMapperTests:0.04777777777777778
MultifieldAttachmentMapperTests:0.04777777777777778
DateAttachmentMapperTests:0.043888888888888894
MultipleAttachmentIntegrationTests:0.03333333333333333
MapperAttachmentsPlugin:0.02
EncryptedDocMapperTest:0.02
TikaInstance:0.0
