BaseResult:0.5011111111111111
EntityResult:0.15
SelectResult:0.13
TupleResult:0.11
CollectionResult:0.06333333333333334
GeneratedKeyResult:0.06
