MoleculeTableContentProvider:0.45666666666666667
MoleculesFromSDF:0.29333333333333333
MoleculesFromSMI:0.29333333333333333
DBMoleculesEditorModel:0.18
