StackMultiThreadedTest:0.5633333333333334
TinyLfu:0.4266666666666667
MultiThreadedTest:0.4
