Process:0.44333333333333336
SystemProperties:0.41
Node:0.36333333333333334
ApplicationContextFactory:0.32
INodeAsyncExecutor:0.3027420634920635
TokenDAO:0.043333333333333335
AddColumnProcessStatusActiveSuspendedPath:0.043333333333333335
NodeAsyncPusherBean:0.02666666666666667
JMSAsyncExecutorImpl:0.016666666666666666
