TypefaceProvider:0.4
AwesomeTextView:0.39
Builder:0.2733333333333333
AwesomeTypefaceSpan:0.18
AwesomeTextViewExample:0.17333333333333334
IconResolver:0.15333333333333332
