GenericExtruderTabPanel:0.48
SNAPExtruder:0.39666666666666667
SNAPStepperMotor:0.35333333333333333
