ClientEndpoint:0.83
ClientReAuthOperation:0.3433333333333333
AuthenticationRequest:0.32666666666666666
ClientServiceTest:0.12
