SodbeansCleanBuildAction:0.533611111111111
SodbeansToggleBreakpointAction:0.42333333333333334
SodbeansStopDebuggerAction:0.13777777777777778
