HeadersConfigurer:0.49333333333333335
SecurityNamespaceHandler:0.27
InMemoryXmlApplicationContext:0.25333333333333335
HpkpConfig:0.17666666666666667
HeadersBeanDefinitionParser:0.17
