SequencerAgent:0.6933333333333334
ArchiveConductor:0.45666666666666667
SequencerAgentTest:0.2866666666666667
