InternalTypeResolver:0.34
HandleJsonModule:0.325
TestDistributedQueries:0.26666666666666666
TestJsonTableHandle:0.18333333333333332
ServerMainModule:0.15333333333333332
ConnectorManager:0.08
ColumnHandleJacksonModule:0.04444444444444444
TableHandleJacksonModule:0.04444444444444444
AbstractTypedJacksonModule:0.02
ColumnHandleJsonTypeIdResolver:0.016666666666666666
TableHandleJsonTypeIdResolver:0.016666666666666666
