JvmMonitor:0.7466666666666667
JvmMonitorService:0.38666666666666666
MonitorModule:0.23666666666666666
