StepExecution:0.6466666666666666
JobInstance:0.41
SqlStepDao:0.2866666666666667
SimpleStepExecutor:0.25666666666666665
StagingItemReader:0.23
SimpleJobRepositoryTests:0.19666666666666666
StepExecutionTests:0.18333333333333332
SimpleJobRepository:0.17666666666666667
StepContribution:0.15666666666666668
DefaultStepExecutorTests:0.12666666666666668
AbstractStepDaoTests:0.11333333333333333
Entity:0.10111111111111111
SqlJobDaoQueryTests:0.08333333333333333
