JournalConsumer:0.4866666666666667
Journaller:0.4166666666666667
JournalCreator:0.2733333333333333
ManagementMethod:0.19666666666666666
PurgeDatastreamMethod:0.16444444444444445
ModifyDatastreamByValueMethod:0.16444444444444445
ModifyDatastreamByReferenceMethod:0.16444444444444445
JournalConstants:0.0
