ClientMapRecordStateStressTest:0.25
ClientCacheRecordStateStressTest:0.22666666666666666
MemberMapRecordStateStressTest:0.22333333333333333
PutAll:0.13333333333333333
GetAll:0.12333333333333334
Get:0.10333333333333333
Remove:0.10333333333333333
Put:0.10333333333333333
Clear:0.10333333333333333
PutIfAbsent:0.02
