FileDTO:0.42333333333333334
StudyBean:0.4166666666666667
SeriesBean:0.3233333333333333
FileSystemBean:0.31
PatientBean:0.28
StudyOnFileSystemBean:0.27666666666666667
InstanceBean:0.2733333333333333
AssociationBean:0.2733333333333333
PrivateStudyBean:0.23
PrivateInstanceBean:0.23
PrivatePatientBean:0.23
PrivateSeriesBean:0.23
PrivateFileBean:0.18666666666666668
FileBean:0.18666666666666668
