Switch:0.41
Call:0.3416666666666667
Frame:0.3
Automaton:0.24333333333333335
Step:0.23
Template:0.21333333333333335
