CtrlLabel:0.5033333333333333
CtrlSuccess:0.49333333333333335
CtrlState:0.34
CtrlTransition:0.30666666666666664
