ProgramLocation:0.49666666666666665
ConcreteObjectNode:0.35
UnknownTypeNode:0.35
PA:0.3233333333333333
Range:0.30333333333333334
PathNumbering:0.2866666666666667
jq_Type:0.2833333333333333
CSPAResults:0.28
Node:0.27
MethodSummary:0.25
IndexMap:0.23333333333333334
jq_Member:0.23
PassedParameter:0.22333333333333333
QuadProgramLocation:0.22
SCComponent:0.21333333333333335
BCProgramLocation:0.21333333333333335
FieldNode:0.21333333333333335
Variable:0.2063968253968254
ConcreteTypeNode:0.19333333333333333
GlobalNode:0.18
ThrownExceptionNode:0.14444444444444446
ReturnValueNode:0.14444444444444446
ParamNode:0.14333333333333334
Pair:0.12666666666666668
HeapObject:0.03666666666666667
