ChronicleMap:0.7233333333333334
VanillaChronicleMap:0.4033333333333333
ReplicationCheckingMap:0.35333333333333333
ChronicleMapBuilder:0.32
SingleCloseMap:0.31
CHMUseCasesTest:0.23666666666666666
StatelessChronicleMap:0.18333333333333332
