ParameterConstants:0.6114047619047619
DataService:0.38
RoutingService:0.3433333333333333
MockDataService:0.2633333333333333
IDataService:0.235
