ChunkingResult:0.78
DechunkingResult:0.7333333333333333
ItemFailureLog:0.25493650793650796
ChunkingResultTests:0.02
