MetadataUpdateCommand:0.5933333333333334
UpdateDocumentSetController:0.36
UpdateRegistryObjectMetadataCommand:0.3466666666666667
DeleteDocumentSetController:0.25333333333333335
