BytesReference:0.4766666666666667
PagedBytesReferenceTests:0.38
ChannelBufferStreamInput:0.2888888888888889
ChannelBufferBytesReference:0.265
PagedBytesReferenceStreamInput:0.20333333333333334
