Vector:0.6719999999999999
Vector2:0.2966666666666667
Vector3:0.23666666666666666
