HttpRequest:0.6166666666666667
HttpTransport:0.47333333333333333
