AnnotationEntityMaker:0.32
AbstractJdbcExpert:0.29
JdbcExpert:0.21916666666666668
Sqlserver2005JdbcExpert:0.20333333333333334
OracleJdbcExpert:0.19333333333333333
PsqlJdbcExpert:0.16
