Platform:0.7047222222222222
Generic:0.3933333333333333
SchemaModifier:0.31666666666666665
Oracle:0.25333333333333335
