ActionInvokerImpl:0.44
NutzServlet:0.43666666666666665
Printer:0.35333333333333333
