QueryCacheRequest:0.5133333333333333
ClientMapProxy:0.31333333333333335
QueryCacheEndToEndProvider:0.30333333333333334
DefaultQueryCache:0.24666666666666667
AbstractQueryCacheEndToEndConstructor:0.22666666666666666
MapProxyImpl:0.22666666666666666
QueryCacheFactory:0.17333333333333334
InternalQueryCacheConstructor:0.16111111111111112
ClientQueryCacheCreateDestroyTest:0.04666666666666667
