GeoService:0.6066666666666667
Import:0.4
GeoModel:0.37666666666666665
Listener:0.3566666666666667
