Simulator:0.5266666666666666
SPOEvent:0.39666666666666667
RandomLinearStrategy:0.30666666666666664
ScenarioMenu:0.28
