IAtom:0.62
DebugAtom:0.36666666666666664
Atom:0.35333333333333333
AtomTest:0.29
PDBAtomTest:0.26805555555555555
DebugPseudoAtom:0.22333333333333333
