ApolloPanel:0.44333333333333336
EvidencePanel:0.36333333333333334
AnnotationView:0.29333333333333333
ExonHolder:0.2372222222222222
PropertyPanel:0.20777777777777778
DrawableAnnotatedFeatureSet:0.18333333333333332
TypesObserver:0.14
