PortletSessionMap:0.6466666666666666
PortletExternalContext:0.4177777777777778
PortletSessionMapTests:0.306452380952381
