GoRdfReaderTest:0.6366666666666667
LocalDtdEntityResolver:0.4766666666666667
XmlUtils:0.32476190476190475
