JoinSessionWizard:0.7208333333333333
EnterProjectNamePage:0.6266666666666667
