BulkResponse:0.8633333333333333
BulkRequestModifierTests:0.25
IngestBulkResponseListener:0.21
BulkRequestModifier:0.19666666666666666
RestBulkAction:0.14
Fields:0.014285714285714285
