NeedsModelMessage:0.5233333333333333
WorkerActor:0.47
Conf:0.4422222222222223
ActorNetworkRunner:0.24333333333333335
MasterActor:0.21666666666666667
