RuntimeObject:0.9416666666666667
ObjectInitParentStep:0.43666666666666665
