Renderer2DModel:0.5865555555555556
Controller2DModel:0.2733333333333333
