Patient:0.59
Config:0.43666666666666665
DocViewer:0.29333333333333333
PatientList:0.23333333333333334
PatientRecord:0.17833333333333334
PDSRemoteServiceImpl:0.17333333333333334
ConfigRemoteServiceImpl:0.11333333333333333
