MultiLayerNetwork:0.5533333333333333
BaseOptimizer:0.3933333333333333
ConvexOptimizer:0.35605555555555557
