ApolloFrame:0.7033333333333334
DataLoader:0.3933333333333333
