ExpressionToObjectVisitor:0.35333333333333333
ExpressionToStringVisitor:0.35333333333333333
PartitionPropertiesAnalyzer:0.3333333333333333
RefreshAnalyzerTest:0.16333333333333333
ExpressionToNumberVisitor:0.13666666666666666
