PomBuilder:0.44333333333333336
SourceSet:0.37
SourceType:0.33666666666666667
ProjectBuildingVisitor:0.29333333333333333
SpecPlugin:0.15944444444444442
