VCSAdapter:0.64
SubclipseAdapter:0.33666666666666667
IncomingInvitationProcess:0.31666666666666665
SharedProject:0.26055555555555554
ToStringResourceDeltaVisitor:0.13333333333333333
