DocumentTest:0.6183333333333333
HTMLCollection:0.4533333333333333
