OsgiServiceImportDependencyDefinition:0.38766666666666666
ServiceReferenceInjectionBeanPostProcessor:0.24666666666666667
DependencyServiceManager:0.24666666666666667
ContextLoaderListener:0.24333333333333335
AnnotatedBean:0.20666666666666667
DependentImpl:0.16333333333333333
OsgiServiceAnnotationTest:0.13666666666666666
ServiceDependency:0.11911111111111111
ServiceReferenceDependencyBeanFactoryPostProcessor:0.09333333333333334
OsgiServiceImportDependencyFactory:0.058333333333333334
