ReferenceUtils:0.6466666666666666
ReferenceNamingConvention:0.3466666666666667
