NDArrays:0.8066666666666666
BaseNDArray:0.5833333333333334
SoftMaxTest:0.22
LossFunctions:0.17777777777777778
SoftMax:0.13333333333333333
DBNTest:0.06333333333333334
