View:0.75
MetaCollectionView:0.37666666666666665
ModuleTestBase:0.37666666666666665
AnnotatedClassParser:0.28
ViewParser:0.20333333333333334
XmlElementsNames:0.0
