Functions:0.655
RegionalSettings:0.5166666666666667
Persist2Jet:0.25666666666666665
LoadJet:0.19333333333333333
