SecureSession:0.4866666666666667
TrashListPage:0.25777777777777783
PatientModel:0.2575
TrashListLocal:0.23327777777777778
PrivPatientModel:0.22972222222222224
StudyListBean:0.21
StudyListLocal:0.19916666666666666
StudyListPage:0.1922222222222222
TrashListBean:0.19
WebLoginContext:0.12
