Common:0.46907142857142875
LoginProcessor:0.4266666666666667
Filler:0.4066666666666667
IndexProcessor:0.18
