GwtTeamingMessages:0.89
EmailPublicLinkDlg:0.38666666666666666
ShareExpirationWidget:0.29333333333333333
BinderViewsHelper:0.25333333333333335
