ContainerActivity:0.569555315055315
ShadowView:0.5166666666666667
ShadowViewGroup:0.4766666666666667
TestWindow:0.37666666666666665
ShadowFragment:0.36666666666666664
ShadowFragmentActivity:0.28
ShadowActivity:0.27666666666666667
FragmentManagerImpl:0.24666666666666667
ViewTest:0.19
FragmentTest:0.17333333333333334
DummyFragment:0.09111111111111111
Transcript:0.07682539682539682
MyView:0.03666666666666667
DummyHeadlessFragment:0.0033333333333333335
DummyStartedActivity:0.0033333333333333335
