CrawlURI:0.7266666666666667
Frontier:0.35333333333333333
URIQueueMatcher:0.21
FetchStatusCodes:0.023333333333333334
