ForLoadedType:0.5533333333333333
Default:0.51
RedefinitionClassVisitor:0.31666666666666665
ForLoadedMethod:0.29333333333333333
OfMethod:0.21333333333333335
LazyTypeDescription:0.2
FieldToken:0.16
MethodToken:0.12
ForLoadedField:0.10277777777777779
OfLegacyVmMethod:0.09333333333333334
OfLegacyVmConstructor:0.08
OfConstructor:0.07966666666666666
