ESGetTask:0.5472222222222223
PlannerTest:0.36666666666666664
Planner:0.31333333333333335
ESDeleteNode:0.30666666666666664
ESDeleteTask:0.16333333333333333
ESGetTaskTest:0.13333333333333333
