NLSTextEntry:0.45666666666666667
NLSResourceBundle:0.43666666666666665
NLSImporter:0.4166666666666667
NLSLanguage:0.3333333333333333
