AType:0.3765555555555556
ClassModifier:0.34
InsnNode:0.33666666666666667
ClassNode:0.30333333333333334
BlockUtils:0.24666666666666667
ClassGen:0.24666666666666667
InsnUtils:0.19333333333333333
Jadx:0.18733333333333335
RegionGen:0.17666666666666667
StaticValuesParser:0.16333333333333333
TernaryInsn:0.09333333333333334
