MetaEditor:0.54
MetaWebEditors:0.5266666666666666
TableModelDecorator:0.26666666666666666
WebEditors:0.24666666666666667
ImageTag:0.1927777777777778
ButtonTag:0.15
ActionTag:0.12444444444444445
JasperReportServlet:0.10333333333333333
