RestClient:0.6433333333333333
RestClientSingleHostTests:0.30666666666666664
RestClientMultipleHostsTests:0.24666666666666667
FailureTrackingResponseListener:0.21333333333333335
