ConnectionJDBC2:0.48333333333333334
Driver:0.3983333333333333
JtdsDataSource:0.29333333333333333
DefaultProperties:0.25
DefaultPropertiesTestLibrary:0.16333333333333333
JtdsObjectFactory:0.14
