GwtServerHelper:0.7266666666666667
SearchUtils:0.37333333333333335
GwtMenuHelper:0.29
TextOpenOfficeConverter:0.23198412698412701
ImageOpenOfficeConverter:0.21333333333333335
