RnnOutputLayer:0.5566666666666666
TimeSeriesUtils:0.30333333333333334
GradientCheckTestsMasking:0.24666666666666667
LossFunctionGradientCheck:0.2
