AbstractDbDialect:0.5116666666666667
SqlTemplate:0.36666666666666664
OracleDbDialect:0.2833333333333333
IDbDialect:0.235
AbstractEmbeddedDbDialect:0.16
