SearchSourceBuilder:0.68
FetchSourceContext:0.5366666666666666
RestSearchAction:0.17444444444444446
RestPutWarmerAction:0.16
