DSLContext:0.6205555555555556
DSL:0.4766666666666667
DefaultDSLContext:0.4
CreateIndexImpl:0.35
