Options:0.4988888888888889
Parser:0.45666666666666667
JdtParser:0.41
CompilationUnit:0.33666666666666667
ParserEnvironment:0.2434285714285714
FileProcessor:0.19
JdtParserEnvironment:0.17944444444444443
JavacEnvironment:0.12666666666666668
