ClientMapProxy:0.51
ClientListProxy:0.38333333333333336
AbstractClientCollectionProxy:0.35333333333333333
ClientMultiMapProxy:0.3466666666666667
ClientQueueProxy:0.34
ClientMapEventHandler:0.30666666666666664
ClientSetProxy:0.30333333333333334
ClientTopicProxy:0.19
ClientMapPartitionLostEventHandler:0.12666666666666668
