MockMvcRequestSpecificationImpl:0.6066666666666667
RestAssuredMockMvcConfig:0.4
MockMvcRequestSpecificationMergingTest:0.25666666666666665
