Wallet:0.5133333333333333
WalletChangeEventListener:0.49666666666666665
WalletTest:0.27666666666666667
PeerGroup:0.2633333333333333
PeerTest:0.24333333333333335
PaymentChannelClientState:0.20666666666666667
ChainSplitTest:0.20166666666666666
WalletProtobufSerializerTest:0.19666666666666666
WalletTool:0.16333333333333333
TransactionBroadcastTest:0.13666666666666666
Kit:0.12833333333333333
RefreshWallet:0.07333333333333333
ForwardingService:0.07333333333333333
WalletEventListener:0.056666666666666664
