FedoraSetInfo:0.6483333333333333
FedoraSetInfoIterator:0.435
FedoraRecord:0.42333333333333334
