SynchronizedCache:0.49333333333333335
FifoCache:0.23666666666666666
LoggingCache:0.23666666666666666
LruCache:0.23666666666666666
PerpetualCache:0.21666666666666667
WeakCache:0.21666666666666667
SoftCache:0.21666666666666667
ScheduledCache:0.18333333333333332
TransactionalCache:0.18333333333333332
SerializedCache:0.18333333333333332
