LogScanner:0.49333333333333335
LogScannerTest:0.3333333333333333
SenderChannel:0.24
AvailabilityHandler:0.15694444444444444
