GITRemoteRepository:0.5566666666666666
MyCredentialsProvider:0.4166666666666667
ProjectUICommands:0.31333333333333335
BadRepositoryException:0.14333333333333334
