AtmosphereResource:0.8866666666666667
AtmosphereResourceImpl:0.8566666666666667
AsynchronousProcessor:0.3
