InternalIndexShard:0.6266666666666667
IndexShardGateway:0.58
IndexShardRepository:0.47833333333333333
RecoveryStatus:0.3933333333333333
NoneIndexShardGateway:0.29333333333333333
IndicesAdminClient:0.25833333333333336
BlobStoreIndexShardGateway:0.19666666666666666
AbstractIndicesAdminClient:0.19333333333333333
IndexShardGatewayService:0.19
TransportIndicesStatusAction:0.18666666666666668
FilesInfoRequestHandler:0.18666666666666668
FinalizeRecoveryRequestHandler:0.18333333333333332
IndicesClusterStateService:0.16333333333333333
CleanFilesRequestHandler:0.15
LocalIndexShardGateway:0.14666666666666667
StartRecoveryRequest:0.14666666666666667
RecoveryTarget:0.14333333333333334
RestoreContext:0.13333333333333333
TranslogOperationsRequestHandler:0.13166666666666665
RestRecoveryAction:0.12333333333333334
BlobStoreIndexShardRepository:0.11333333333333333
IndexShardSnapshotAndRestoreService:0.05333333333333334
PrepareForTranslogOperationsRequestHandler:0.04
ActionModule:0.03333333333333333
RestActionModule:0.006666666666666667
