jq_Class:0.5466666666666666
Class:0.37
ClassLoader:0.31666666666666665
ZipFile:0.28
jq_ClassFileConstants:0.09
