ListenerTest:0.5733333333333334
DefaultRecordStore:0.47333333333333333
PutTransientOperation:0.23666666666666666
