CDKManager:0.495
MoleculesFromSDF:0.42833333333333334
ICDKManager:0.30333333333333334
MoleculeContentProvider:0.2966666666666667
MoleculeLabelProvider:0.24
