ActivationRecord:0.66
StepFactory:0.36
CallStep:0.32666666666666666
ReturnStep:0.27444444444444444
