Poller:0.43
Collectd:0.28
Notifd:0.23
Dhcpd:0.23
RTCManager:0.22666666666666666
Capsd:0.22333333333333333
Threshd:0.21666666666666667
Eventd:0.21333333333333335
Vacuumd:0.20333333333333334
ServiceDaemon:0.20333333333333334
Vulnscand:0.20333333333333334
Scriptd:0.17
Actiond:0.17
Discovery:0.16333333333333333
Xmlrpcd:0.15666666666666668
