VehicleDialog:0.47
GlobeDisplay:0.38333333333333336
AboutDialog:0.2733333333333333
GroundVehicleUIProxy:0.26666666666666666
CannedMarsMap:0.19
