ConfigurationService:0.35
NodeConcurrencyFilter:0.33666666666666667
WebConstants:0.3088888888888889
IConfigurationService:0.2866666666666667
