GenerateToken:0.47
EjbcaWS:0.35333333333333333
KRSSResponseGenerator:0.21666666666666667
BatchMakeP12:0.18
LocalAuthenticationSessionBean:0.16753968253968254
AuthenticationSessionTest:0.16
AuthenticationSession:0.15166666666666667
RequestInstance:0.14
LocalCertificateRequestSessionBean:0.12333333333333334
