ModuleManager:0.42333333333333334
MapFacadeBean:0.3466666666666667
MoneyFormatter:0.2855555555555555
POJOPersistenceProviderBase:0.2833333333333333
