CurrentBuildStatusListener:0.6866666666666666
CurrentBuildStatusListenerTest:0.37333333333333335
