ScaledNumericPanel:0.455
ParticleEditor:0.44666666666666666
RangedNumericPanel:0.37666666666666665
CountPanel:0.3566666666666667
