WeasisWin:0.5972222222222222
WeasisLauncher:0.58
GeneralSetting:0.37666666666666665
