Group:0.5966666666666667
User:0.2633333333333333
OracleDataStore:0.20333333333333334
