GwtApplicationConfiguration:0.801
GwtInput:0.5933333333333334
GwtApplication:0.4166666666666667
