Administrator:0.5033333333333333
ResultFrame:0.43333333333333335
BrowserTableUI:0.1212222222222222
MoreResultsListener:0.07
