OsgiBundleResourcePatternResolver:0.5833333333333334
AbstractIoTest:0.44
ConfigUtils:0.3791111111111111
OsgiBundleResourcePatternResolverTest:0.30333333333333334
ServiceDependentOsgiBundleXmlApplicationContext:0.006666666666666667
KnopflerfishIoTest:0.0
EquinoxIoTest:0.0
FelixIoTest:0.0
