OutgoingBatchService:0.4166666666666667
AlertServlet:0.30666666666666664
IncomingBatch:0.3
OutgoingBatch:0.29
IIncomingBatchService:0.2517063492063492
IOutgoingBatchService:0.2517063492063492
IncomingBatchService:0.19666666666666666
IncomingBatchMapper:0.08333333333333333
MaxRowsStatementCreator:0.03333333333333333
OutgoingBatchMapper:0.006666666666666667
