ContentManagerParams:0.6366666666666667
MIMETypedStream:0.44333333333333336
DefaultDOManager:0.2833333333333333
DatastreamManagedContent:0.25333333333333335
DefaultManagement:0.22
DefaultAuthorization:0.22
DefaultAccess:0.21
DatastreamResolverServlet:0.17444444444444446
DatastreamReferencedContent:0.17
DefaultExternalContentManager:0.17
DisseminationService:0.17
DatastreamNamespace:0.09666666666666666
