MPayment:0.5858333333333333
MInOut:0.415
MMovement:0.4083333333333333
