CustomAttribute:0.45666666666666667
ObjectKeys:0.456111111111111
ProfileDaoImpl:0.23666666666666666
DefinableEntity:0.2288888888888889
EntryBuilder:0.21777777777777782
AdminModuleImpl:0.21333333333333335
ModifyEntryController:0.19666666666666666
AbstractEntryProcessor:0.19666666666666666
CoreDaoImpl:0.18666666666666668
CustomAttributeListElement:0.16666666666666666
