EnumWriter:0.64
InterfaceWriterTest:0.16333333333333333
ClassWriterTest:0.16333333333333333
EnumWriterTest:0.13333333333333333
