SpdyStream:0.5533333333333333
Reader:0.2866666666666667
MockSpdyPeer:0.24333333333333335
SpdyConnectionTest:0.2
SpdyTransport:0.17333333333333334
SpdyDataInputStream:0.10333333333333333
OutFrame:0.08666666666666667
