AtmosphereFramework:0.7266666666666667
AtmosphereHandlerWrapper:0.3233333333333333
ManagedAtmosphereHandlerTest:0.18895238095238095
