MemberState:0.6966666666666667
MemberStateImpl:0.47333333333333333
QueueContainer:0.44333333333333336
ManagementCenterService:0.28
TopicService:0.2544444444444445
TaskPoller:0.2525
PartitionServiceImpl:0.23333333333333334
StateSender:0.206
TopicProxySupport:0.13666666666666666
ConsoleRequestConstants:0.0
