ParagraphVectors:0.5033333333333333
DM:0.48333333333333334
CBOW:0.38333333333333336
