TransactionContext:0.4293888888888889
DefaultDSLContext:0.42333333333333334
DefaultTransactionContext:0.4033333333333333
DefaultTransactionProvider:0.25
