Group:0.5757222222222222
LinkUriUtil:0.4766666666666667
ResourceUtil:0.44333333333333336
GroupResource:0.07
