Sound:0.42333333333333334
OpenALAudio:0.39
Music:0.3562222222222222
AngleMusic:0.28
AndroidSound:0.2633333333333333
OpenALMusic:0.25333333333333335
AndroidMusic:0.22333333333333333
OpenALSound:0.21333333333333335
SoundTest:0.19333333333333333
AngleSound:0.12666666666666668
