LockProxy:0.54
ClientLockProxy:0.31666666666666665
LockProxySupport:0.2633333333333333
LockTest:0.21666666666666667
