EjbcaWS:0.6077777777777779
FetchUserData:0.2966666666666667
