AtomicArray:0.6516666666666666
BulkIndexingStressTest:0.29333333333333333
TransportBulkAction:0.2633333333333333
TransportMultiGetAction:0.19666666666666666
SingleThreadBulkStress:0.19416666666666665
