UltimateRecyclerView:0.85
BiAdAdapterSwitcher:0.47333333333333333
TestAdvancedAdmobActivity:0.21222222222222223
