Node:0.8366666666666667
SimpleNodeTest:0.37
LinkedIntArray:0.25333333333333335
SimpleNode:0.24666666666666667
