OsgiServiceAnnotationTest:0.36666666666666664
ServiceReferenceInjectionBeanPostProcessor:0.36333333333333334
