DefaultView2d:0.5666666666666667
AbstractDragGraphic:0.37333333333333335
View2dContainer:0.29333333333333333
DicomMediaIO:0.29
ViewTransferHandler:0.2633333333333333
GraphicLabel:0.23444444444444448
WeasisWin:0.19222222222222224
CobbAngleToolGraphic:0.12333333333333334
ContextMenuHandler:0.1
