CDKManager:0.5333333333333333
CDKManagerTest:0.29333333333333333
StructuredbManagerTest:0.2866666666666667
ICDKManager:0.2825
StructuredbManager:0.25
TestCDKMolecule:0.14333333333333334
MoleculeContentProvider:0.13333333333333333
