UDT:0.6866666666666666
AbstractRoutine:0.5266666666666666
UDTImpl:0.41
