SODEPProtocol:0.5933333333333334
FaultException:0.2966666666666667
CommMessage:0.2866666666666667
ValueImpl:0.28
