ComputedCSSStyleDeclaration:0.64
DomNode:0.54
HtmlScript:0.35
Window:0.31833333333333336
WindowTest:0.24333333333333335
HTMLElement:0.23
HTMLDocument:0.23
Window2Test:0.22333333333333333
HtmlScript2Test:0.21333333333333335
HtmlMetaTest:0.14666666666666667
HtmlMeta:0.125
HtmlScriptTest:0.1
HtmlHead:0.043333333333333335
