Constants:0.5405555555555556
AbstractProtocol:0.44333333333333336
DemoServiceImpl:0.13944444444444445
