TableRelation:0.4866666666666667
SelectAnalyzerTest:0.39
GroupByConsumer:0.31666666666666665
SQLTypeMappingTest:0.27666666666666667
TransportSQLActionTest:0.24
GroupByAggregateTest:0.21333333333333335
RelationAnalyzer:0.21
Context:0.20666666666666667
PlannerTest:0.15333333333333332
InnerValidator:0.13333333333333333
SortValidator:0.11666666666666667
GroupBySymbolValidator:0.1075
Visitor:0.10666666666666667
SelectAnalysis:0.07333333333333333
GlobalAggregateConsumer:0.07
SelectAnalyzer:0.04666666666666667
NonDistributedGroupByConsumer:0.03
SelectSymbolValidator:0.01
AggregationOutputValidator:0.006666666666666667
GroupByValidator:0.006666666666666667
TraversalSymbolVisitor:0.0033333333333333335
OutputValidatorContext:0.0025
