SearchFS:0.6
QueryEditor:0.49333333333333335
SearchBar:0.41333333333333333
