URLCoder:0.5
HtmlDecoder:0.13333333333333333
URLCoderTest:0.10333333333333333
HtmlEncoder:0.08333333333333333
URLDecoder:0.056666666666666664
HtmlEncoderTest:0.03
HtmlDecoderTest:0.0033333333333333335
