QueryEditorScene:0.6366666666666667
QueryBuilderTopComponent:0.31
ClassNodeWidget:0.2866666666666667
DateFilterNodeWidget:0.15888888888888889
StringFilterNodeWidget:0.15888888888888889
GraphicalQueryBuilderService:0.09333333333333334
BooleanFilterNodeWidget:0.06666666666666667
