ElementModel:0.5133333333333333
CheckDefinitionAction:0.45
XMLType:0.30666666666666664
WidgetDefinitionModel:0.28
ARINCDefHandler:0.24666666666666667
CheckDefinitionAction3Test:0.24333333333333335
AbstractServerWidget:0.2377777777777778
ParameterStruct:0.215
CheckDefinitionAction2Test:0.20833333333333334
BasicClientEngine:0.20666666666666667
ARINCDefinitionParser:0.19305555555555554
CheckDefinitionARINCRefTest:0.17333333333333334
WidgetDefPlugin:0.12333333333333334
ARINCDefinitionVerifier:0.11666666666666667
WidgetDefViewer:0.09333333333333334
AbstractWidgetDefComponent:0.03666666666666667
CheckDefinitionAction4Test:0.03333333333333333
ElementType:0.03
ExtensionsDialog:0.02666666666666667
AvailableRangeComponent:0.006666666666666667
UsedRangeComponent:0.006666666666666667
ARINCPictureAnimated:0.0
