Robolectric:0.6816666666666666
ShadowImageView:0.2966666666666667
RobolectricTest:0.2833333333333333
ResourceLoader:0.23333333333333334
ShadowResources:0.21666666666666667
ShadowHandler:0.20333333333333334
ShadowBundle:0.19
ResourcesTest:0.16333333333333333
ShadowEditText:0.16
ShadowContentResolver:0.16
BundleTest:0.16
NotifiedUri:0.1443915343915344
ImageViewTest:0.12
ShadowAbstractCursor:0.11
HandlerTest:0.08333333333333333
TestStatusLine:0.056666666666666664
ContentResolverTest:0.02
