UserDetails:0.62
User:0.5
JdbcDaoTests:0.24333333333333335
BasicProcessingFilterTests:0.22
JdbcDaoImpl:0.19333333333333333
ReflectionSaltSourceTests:0.18
UserMapTests:0.16666666666666666
UserTests:0.14333333333333334
EhCacheBasedUserCache:0.13333333333333333
UsersByUsernameMapping:0.1312222222222222
ContactManagerFacade:0.12333333333333334
DaoAuthenticationProvider:0.11
WebContactAddController:0.09666666666666666
SecureIndexController:0.09666666666666666
ContactSecurityVoter:0.09
UserMapEditor:0.07666666666666666
ReflectionSaltSource:0.07
UserMap:0.06333333333333334
SystemWideSaltSource:0.05333333333333334
AuthenticationEvent:0.05
UserCache:0.04666666666666667
NullUserCache:0.04666666666666667
SaltSource:0.025833333333333333
MockUserCache:0.02
AuthenticationFailurePasswordEvent:0.01
AuthenticationSuccessEvent:0.01
AuthenticationFailureDisabledEvent:0.01
