Script:0.5033333333333333
ScriptEditor:0.46
AbbotHelper:0.36333333333333334
Platform:0.35333333333333333
StepRunner:0.2866666666666667
ComponentTesterTest:0.21333333333333335
RobotTest:0.20166666666666666
JListTesterTest:0.18
ForkedStepRunnerTest:0.17
JTreeTesterTest:0.17
EditorTestSuite:0.13666666666666666
ScriptEditorTest:0.11666666666666667
EventCapture:0.11166666666666666
PlatformTest:0.05333333333333334
ScriptEditorFunctionalSuite:0.016388888888888887
