InMemoryXmlApplicationContext:0.515
DebugRequestWrapper:0.49
DebugFilter:0.22666666666666666
SecurityNamespaceHandlerTests:0.19333333333333333
