Factory:0.7366666666666667
MinParser:0.36666666666666664
