FilterRulesEditor:0.6866666666666666
FilterMatchesEditor:0.6133333333333333
