IngestDocument:0.5166666666666667
IngestDocumentTests:0.17666666666666667
ConvertProcessorTests:0.17
RenameProcessorTests:0.07305555555555554
IngestClientIT:0.056666666666666664
RenameProcessor:0.05333333333333334
AbstractStringProcessorTestCase:0.045
RemoveProcessorTests:0.04361111111111112
JoinProcessorTests:0.035
SplitProcessorTests:0.025
GsubProcessorTests:0.025
AddProcessorTests:0.012777777777777779
