AnnotationAppender:0.5116666666666667
ForTypeAnnotations:0.5033333333333333
Target:0.37333333333333335
Default:0.27
TypeAttributeAppender:0.16916666666666666
Factory:0.16
