Resource:0.49
Simulator:0.44666666666666666
GrooveFileChooser:0.43666666666666665
GxlIO:0.42333333333333334
Groove:0.4166666666666667
Exporter:0.3566666666666667
Exporters:0.3466666666666667
Porter:0.27989682539682537
GrooveFileView:0.2775
GxlPorter:0.27166666666666667
AbstractExporter:0.26
ReteNetwork:0.25
DefaultArchiveSystemStore:0.25
Imager:0.24666666666666667
CtrlLoader:0.24666666666666667
GraphTest:0.23333333333333334
Transformer:0.23333333333333334
DefaultFileSystemStore:0.23
Importer:0.22916666666666666
PatternGraphGenerator:0.21666666666666667
RuleApplicationTest:0.21
Exportable:0.20666666666666667
NativePorter:0.20333333333333334
LogReporter:0.19666666666666666
ExtensionFilter:0.19666666666666666
SimulatorAction:0.19333333333333333
DotPorter:0.18666666666666668
PriorityFileName:0.18666666666666668
GraphvizToInstance:0.18333333333333332
ConceptualPorter:0.18333333333333332
EcoreToInstance:0.18166666666666667
ReteTool:0.18
AutPorter:0.18
EcorePorter:0.17
OperatorLister:0.17
ExportAction:0.16666666666666666
SaveAction:0.16333333333333333
SaveStateAction:0.16
KthExporter:0.15333333333333332
TikzExporter:0.15333333333333332
VectorExporter:0.14666666666666667
FsmExporter:0.14666666666666667
IsoTest:0.14
ImportAction:0.13166666666666665
RasterExporter:0.12666666666666668
GrammarsTest:0.11666666666666667
FromFileAction:0.11
LTSReporter:0.1
GrammarHandler:0.09333333333333334
ColImporter:0.09
DirectoryHandler:0.09
BrowseButtonListener:0.08666666666666667
StateReporter:0.07666666666666666
SaveLTSAsAction:0.07
Importers:0.06333333333333334
SaveDialog:0.03
