GeneAlleleLinkingBean:0.6733333333333333
AddAllele:0.2633333333333333
GeneAlleleLinkingTable:0.18333333333333332
NullGeneAlleleLinkingBean:0.17666666666666667
AlleleBeanTest:0.06333333333333334
GeneAlleleLinkingBeanFactory:0.024444444444444442
