Result:0.7233333333333334
ResultQuery:0.5377777777777778
SelectQueryImpl:0.4680555555555555
jOOQAbstractTest:0.26
ResultImpl:0.25333333333333335
SelectImpl:0.24666666666666667
FetchTests:0.19222222222222224
AbstractResultQuery:0.12
