MiscCodec:0.6166666666666667
ParserConfig:0.5066666666666667
SerializeConfig:0.25
