ITriggerRouterService:0.52
DataService:0.4666666666666667
TriggerRouter:0.42
TriggerRouterService:0.2866666666666667
DataExtractorService:0.24333333333333335
SymmetricAdmin:0.24
ISymmetricDialect:0.22781746031746028
AbstractSymmetricDialect:0.22
RouterService:0.21666666666666667
AbstractTriggerRouterServiceTest:0.18666666666666668
IDataService:0.15587301587301589
