Robot:0.58
JFileChooserTesterTest:0.37
JComboBoxTester:0.21666666666666667
FrameTesterTest:0.20111111111111113
JFileChooserTester:0.14666666666666667
