ClusterService:0.73
LockBasedResponseQueue:0.38166666666666665
ResponseQueueFactory:0.17333333333333334
