Series:0.53
ImagePanel:0.41333333333333333
StudyModel:0.33
TextOverlayParam:0.24333333333333335
JNLPSeriesRetriever:0.19
