ICertificateStoreSessionRemote:0.6977777777777778
TestCertificateRetrival:0.31333333333333335
LocalCertificateStoreSessionBean:0.25
ICertificateStoreSessionLocal:0.24833333333333332
TestRunner:0.24
