Command:0.5866666666666667
Lifecycle:0.37333333333333335
ServletConfig:0.3466666666666667
