SynthPainter:0.6089722222222222
SynthButtonUI:0.4
SynthLabelUI:0.35
DelegatingPainter:0.30666666666666664
AggregatePainter:0.25333333333333335
BackgroundPainter:0.23333333333333334
SwingUtilities2:0.2303333333333333
ImagePainter:0.225
SynthGraphicsUtils:0.22333333333333333
