DefaultAddressPicker:0.6133333333333333
DefaultAddressPickerInterfacesTest:0.41333333333333333
DefaultAddressPickerTest:0.18333333333333332
MemberToMemberDiscoveryTest:0.17
