Input:0.6866666666666666
LwjglInput:0.3
AndroidInput:0.25333333333333335
JglfwInput:0.22666666666666666
LwjglAWTInput:0.22333333333333333
IOSInput:0.21666666666666667
InputWrapper:0.21666666666666667
MockInput:0.21666666666666667
GwtApplication:0.21
GwtInput:0.20333333333333334
EventTrigger:0.16
RemoteInput:0.11333333333333333
