Mappings:0.6633333333333333
Configuration:0.43666666666666665
MappingsImpl:0.3466666666666667
AnnotationConfiguration:0.3
ExtendedMappingsImpl:0.2633333333333333
ExtendedMappings:0.23837301587301588
