TaskSchedule:0.6066666666666667
TabPanelSchedule:0.38666666666666666
ScheduleTableModel:0.25333333333333335
PromptComboBoxRenderer:0.13333333333333333
