InverseCumulativeRsg:0.47333333333333333
RandomSequenceGenerator:0.43
InverseCumulativeRng:0.2122222222222222
