MethodSpecTest:0.4766666666666667
AnnotationSpec:0.44666666666666666
ParameterSpec:0.37333333333333335
