Path:0.53
NodeEnvironment:0.2966666666666667
ESFileStore:0.27
Environment:0.20555555555555557
NodePath:0.19
FsProbe:0.18055555555555555
NodeStatsTests:0.09666666666666666
