Builder:0.5666666666666667
InstrumentedTypeDefaultTest:0.43666666666666665
TypeDescriptionGenericBuilderTest:0.24666666666666667
ForWildcardUpperBoundType:0.22666666666666666
TypeDescriptionGenericOfTypeVariableSymbolic:0.20666666666666667
TypeDescriptionGenericVisitorSubstitutorForTokenNormalizationTest:0.17
ByteBuddyTest:0.1403174603174603
