Util:0.5066666666666667
jOOQAbstractTest:0.4666666666666667
BasicTest:0.3233333333333333
PlainSQLTests:0.2866666666666667
