ShardManager:0.8866666666666667
TestDatabaseShardManager:0.3333333333333333
ChunkJob:0.23333333333333334
DatabaseShardManager:0.21
PartitionJob:0.19666666666666666
ShardImport:0.17333333333333334
PartitionChunkSupplier:0.13
ImportJob:0.11333333333333333
