Multimap:0.8633333333333333
HashMultimap:0.29333333333333333
TreeMultimap:0.17
LinkedHashMultimap:0.14333333333333334
AbstractMultimap:0.056666666666666664
