JavaTypeDescriptorRegistry:0.5033333333333333
AbstractTypeDescriptor:0.29
EnumJavaTypeDescriptor:0.19944444444444442
JTSGeometryJavaTypeDescriptor:0.18666666666666668
GeolatteGeometryJavaTypeDescriptor:0.18666666666666668
Java8DateTimeTypeContributor:0.14666666666666667
