ReadOnlyContext:0.5966666666666667
DefaultAuthorization:0.2866666666666667
PolicyEnforcementPoint:0.27
ContextAttributeFinderModule:0.25
FedoraAPIABindingSOAPHTTPImpl:0.23
GetNextPIDServlet:0.20666666666666667
Authorization:0.20083333333333334
ReportServlet:0.19666666666666666
FedoraAPIMBindingSOAPHTTPImpl:0.19
ResourceAttributeFinderModule:0.185
ListMethodsServlet:0.16666666666666666
GetObjectHistoryServlet:0.16333333333333333
DescribeRepositoryServlet:0.16333333333333333
DefaultExternalContentManager:0.15
FedoraAccessServlet:0.14833333333333334
ListDatastreamsServlet:0.14666666666666667
DatastreamResolverServlet:0.13666666666666666
