SyntenyEnsJAdapter:0.7466666666666667
SyntenyEnsJAdapterGUI:0.5116666666666667
TestActionListener:0.20333333333333334
