RemoteScrollableHitSource:0.415
RemoteRequestBuildersTests:0.36666666666666664
RemoteRequestBuilders:0.3233333333333333
