WebClient:0.48
HtmlElement:0.38
HtmlForm:0.36
HtmlAnchor:0.3566666666666667
Location:0.2833333333333333
HtmlTextAreaTest:0.23666666666666666
JavaScriptEngine:0.23333333333333334
HtmlPageTest:0.23
WebClientTest:0.20666666666666667
HTMLFormElement:0.19333333333333333
LocationTest:0.18
HtmlFormTest:0.17
HTMLFormElementTest:0.16666666666666666
Window2Test:0.13666666666666666
HtmlFileInputTest:0.10666666666666667
LoadJob:0.02
