MapOperationProvider:0.6866666666666666
RemoveBackupOperation:0.32
MergeOperation:0.2966666666666667
DefaultMapOperationProvider:0.24333333333333335
PutBackupOperation:0.2041666666666667
MapReplicationSupportingService:0.2
RemoveOperation:0.18333333333333332
BaseRemoveOperation:0.17
Merger:0.09
