Renderer2DModel:0.4923333333333333
Renderer2D:0.47
SwissArmyKnife:0.19944444444444445
Renderer2DTest:0.19
RingSearchTest:0.12777777777777777
ConnectivityChecker:0.1
