RadiationModel:0.7669444444444444
LightModelProcessor:0.5951111111111111
