PropertiesTableFormat:0.5966666666666667
TextPropertiesTableFormat:0.3466666666666667
HTMLPropertiesTableFormat:0.3
