ArticleProcessor:0.41
CommentQueryService:0.3466666666666667
Comment:0.275
Article:0.2666666666666666
