Edge:0.5933333333333334
Edges_Info:0.4633333333333333
InfoColorObserver:0.4066666666666667
