Corpus:0.5433333333333333
Log:0.41
Subcorpus:0.36666666666666664
Part:0.25666666666666665
CreatePartitionDialog:0.21
Toolbox:0.21
CreateSubcorpusDialog:0.2
ApplicationWorkbenchAdvisor:0.2
TXMLogger:0.17333333333333334
Partition:0.17333333333333334
Repartition:0.14666666666666667
