Keras1LayerConfiguration:0.014071428571428572
Keras2LayerConfiguration:0.014071428571428572
KerasLayerConfiguration:0.014071428571428572
