RuntimeEnvironment:0.55
Configuration:0.38
IndexDatabase:0.37
Indexer:0.2633333333333333
IndexerTest:0.23
Ctags:0.22666666666666666
IndexDownArgs:0.2063968253968254
SearchEngineTest:0.17666666666666667
PendingFileCompleter:0.15
SearchTest:0.14333333333333334
SearchHelperTest:0.13333333333333333
IndexDatabaseTest:0.13
IndexFileWork:0.03333333333333333
