BaseSetup:0.39666666666666667
TestJPPFExecutorService:0.35
TestJPPFCompletionService:0.32
TestRange:0.31
TestExecutorServiceConfiguration:0.25333333333333335
TestJPPFJobClientSLA:0.21666666666666667
JPPFTestRunner:0.20333333333333334
TestJPPFClient:0.20333333333333334
TestJPPFJobSLA:0.2
TestJPPFNodeForwardingMBean2:0.19666666666666666
TestJPPFDriverAdminMBean:0.19333333333333333
GenericProcessLauncher:0.19333333333333333
ConfigurationHelper:0.19
