CrawlURITest:0.5647222222222222
KeyedQueueTest:0.15783333333333333
