CharacterQueryService:0.4866666666666667
ActivityProcessor:0.4066666666666667
ActivityQueryService:0.17666666666666667
