DataHeaderFlyweight:0.41002777777777777
GapScanner:0.36666666666666664
MediaDriver:0.3097619047619048
LogAppender:0.30666666666666664
LossHandler:0.23
GapScannerTest:0.19
LossHandlerTest:0.1475
