SourceInfo:0.4266666666666667
DefaultExecutionTracker:0.3933333333333333
BlockScope:0.24333333333333335
QuorumXMLParser:0.24333333333333335
ProgramStepFactory:0.12666666666666668
TestConditionalStep:0.11666666666666667
