RedissonMap:0.52
RedissonMapCache:0.48
RMapCache:0.21333333333333335
RedisCommands:0.19061111111111112
RMapCacheAsync:0.17833333333333334
