HasChildQueryBuilder:0.5666666666666667
LateParsingQuery:0.4533333333333333
ChildQuerySearchIT:0.4
HasChildQueryBuilderTests:0.26
