LoginDlg:0.4166666666666667
GwtTeamingMessages:0.31666666666666665
RequestInfo:0.28065079365079365
GwtMainPage:0.24
GwtServerHelper:0.23666666666666666
WebKeys:0.225
GwtRpcServiceImpl:0.2111111111111111
CompleteExternalUserSelfRegistrationCmd:0.11
LoginController:0.06166666666666667
