Builder:0.6233333333333333
NeuralNetConfiguration:0.6066666666666667
AutoEncoder:0.43333333333333335
BackPropMLPTest:0.18666666666666668
BackTrackLineSearchTest:0.18
ListenerTest:0.17
TestRenders:0.14666666666666667
LayerBuilderTest:0.14666666666666667
AutoEncoderTest:0.12666666666666668
TestSerialization:0.09666666666666666
TestSetGetParameters:0.09666666666666666
RecursiveAutoEncoderTest:0.09666666666666666
RenderTest:0.08666666666666667
