Processor:0.6
XslProcessing:0.47
MassiveXslMetadataReindexer:0.3933333333333333
Harvester:0.3333333333333333
