ICMPAuthenticationModule:0.738
CrmfRequestMessage:0.57
CmpConfiguration:0.54
CrmfMessageHandler:0.2833333333333333
CrmfRequestTest:0.25333333333333335
CmpMessageDispatcherSessionBean:0.16333333333333333
RegTokenAuthenticationModule:0.11666666666666667
HMACAuthenticationModule:0.03666666666666667
DnPartAuthenticationModule:0.02666666666666667
EndEntityCertificateAuthenticationModule:0.0033333333333333335
