SessionManager:0.48333333333333334
PacketExtensionUtils:0.43
MessagingManager:0.2733333333333333
MultiUserChatManager:0.2633333333333333
ISessionManager:0.22333333333333333
