Builder:0.28400000000000003
RequestTest:0.2733333333333333
Cookie:0.24666666666666667
CookieTest:0.22666666666666666
Handshake:0.22666666666666666
Address:0.22333333333333333
Headers:0.21666666666666667
