ViewMenu:0.52
ViewMenuListener:0.2633333333333333
MenuManager:0.20666666666666667
LAFMenu:0.18333333333333332
