GroupImpl:0.6177777777777778
UserImpl:0.4648888888888888
