Import:0.7033333333333334
Export:0.11833333333333333
