Euler:0.5
EulerExt:0.38666666666666666
EulerRunner:0.30666666666666664
