OALAudioTrack:0.54
OALSimpleAudio:0.43333333333333335
ALSource:0.19666666666666666
AVAudioPlayerDelegateAdapter:0.17666666666666667
