RubyAnnotationHover:0.41
RubyEditor:0.4
ProblemAnnotation:0.3233333333333333
PreferencesAdapter:0.20666666666666667
RubySourceViewerConfiguration:0.19666666666666666
HTMLPrinter:0.10333333333333333
