PVCS:0.5333333333333333
PVCSTest:0.15333333333333332
