EmbeddedSCLib:0.325
Util:0.2916666666666667
MainFrame:0.26666666666666666
Gast:0.24666666666666667
ServerPanel:0.24333333333333335
