RoutedCollectPhase:0.5722222222222222
OrderBy:0.5033333333333333
OrderByTest:0.25999999999999995
