Geometry:0.9116666666666666
Motion:0.4166666666666667
