LSTM:0.5233333333333333
GravesBidirectionalLSTM:0.32
GravesLSTM:0.23666666666666666
