BlojsomConstants:0.5910000000000001
BloggerAPIHandler:0.4066666666666667
MetaWeblogAPIHandler:0.32666666666666666
