MongoCollectionView:0.63
InsertOperation:0.5016666666666667
NewMongoCollectionImpl:0.36333333333333334
InsertManyModel:0.22
