Reference:0.6633333333333333
DefineReferencePatternDialog:0.3333333333333333
DefineReferencePattern:0.21
