SysShardsTest:0.43666666666666665
RegexpIntegrationTest:0.2966666666666667
SysShardsTableInfo:0.27416666666666667
SysShardsExpressionsTest:0.27
InformationSchemaTest:0.24333333333333335
ShardStatsTest:0.24
AbstractReferenceResolver:0.19
Columns:0.18333333333333332
BlobShardReferenceResolver:0.14333333333333334
ShardCollectService:0.13
GlobalReferenceResolver:0.12666666666666668
TestModule:0.12666666666666668
ShardReferenceResolver:0.11
UnassignedShardsExpressionFactories:0.08
ReferenceIdents:0.0
