ShowPartitions:0.56
StatementAnalyzer:0.4166666666666667
QueryUtil:0.19
TestStatementBuilder:0.13666666666666666
