PKCS10RequestMessage:0.5366666666666666
IRequestMessage:0.5305555555555557
ScepRequestMessage:0.4633333333333333
RSASignSessionBean:0.35
TestMessages:0.2866666666666667
