HopParser:0.51
HopSymbolTableWalker:0.49666666666666665
HopLexer:0.3566666666666667
DFA19:0.23666666666666666
DFA17:0.11577777777777779
DFA27:0.11577777777777779
method_declaration_scope:0.11055555555555555
if_statement_scope:0.03333333333333333
