AbstractMapTest:0.5475
LinkedHashMapTest:0.32
HashMapTest:0.2733333333333333
TreeMapTest:0.25333333333333335
AbstractSortedMapTest:0.056666666666666664
