TestAttributeSet:0.61
ShadowTextView:0.5772222222222222
TestAttributeSetTest:0.37333333333333335
