GraphComponent:0.76
SupervisedTrainingMonitorFrame:0.31666666666666665
TrainerSwingWorker:0.20666666666666667
GraphFrame:0.17333333333333334
