SearchRequest:0.43333333333333335
ShardSearchTransportRequest:0.32
SearchScrollRequest:0.31
TasksIT:0.27166666666666667
ToXContentToBytes:0.2633333333333333
InternalScrollSearchRequest:0.22666666666666666
ShardFetchRequest:0.22666666666666666
QuerySearchRequest:0.17666666666666667
