FastCharArrayWriter:0.6033333333333334
FastByteArrayOutputStream:0.5266666666666666
FastCharArrayTest:0.07
