Connection:0.43190476190476185
URLConnectionTest:0.4
Address:0.33
RouteSelectorTest:0.27
HttpAuthenticator:0.26666666666666666
ConnectionPoolTest:0.21333333333333335
HttpURLConnectionImpl:0.21
HttpEngine:0.18333333333333332
OkHttpClient:0.17333333333333334
