Range:0.8011111111111111
DOMTokenList:0.37266666666666665
