Dao:0.75
NutDao:0.44333333333333336
FieldMatcher:0.33
Pojos:0.2116666666666667
SimpleDaoTest:0.13
