DatabaseMetadata:0.6266666666666667
SessionMetadata:0.38666666666666666
TestingMetadata:0.3433333333333333
TestDatabaseMetadata:0.3
