ContextSourceTransactionManagerTest:0.3466666666666667
DirContextHolder:0.2966666666666667
LdapUtils:0.21333333333333335
ContextSourceTransactionManager:0.1911111111111111
LdapCompensatingTransactionDataManagerTest:0.19
LdapCompensatingTransactionDataManager:0.17333333333333334
BindRecordingOperation:0.03666666666666667
RebindRecordingOperation:0.03666666666666667
NullRecordingOperation:0.017388888888888888
ContextSourceTransactionObject:0.013333333333333334
TransactionAwareDirContextInvocationHandler:0.008333333333333333
