RegisteredServiceEditBean:0.39666666666666667
ServiceData:0.38666666666666666
TestUtils:0.3338888888888889
JsonServiceRegistryDaoTests:0.2833333333333333
DefaultPrincipalAttributesRepository:0.19666666666666666
RegisteredServiceJsonSerializer:0.16
CacheBuilderConverter:0.0
