MSWordReportBuilder:0.13
ProcessVariablesRowBuilder:0.13
InternalDBPasswordLoginModule:0.12
ProcessClassPresentation:0.11
LoginModuleBase:0.10666666666666667
AuthenticationLogic:0.10666666666666667
JavaScriptActionHandler:0.10666666666666667
WorkflowThreadPoolBotInvoker:0.10666666666666667
TaskCacheCtrl:0.10666666666666667
EjbExceptionSupport:0.09
PrincipalLoginModule:0.09
