DefaultDate:0.5066666666666667
AbstractCalendar:0.31333333333333335
BasisIncompleteOrdered:0.26
DefaultObservable:0.24333333333333335
DiscreteAveragingAsianOptionArguments:0.23425396825396827
DiscretizedDiscountBond:0.2
CalendarUtil:0.14
DiscreteAveragingAsianOption:0.13
