AbstractWidgetTest:0.595
JFXLookAndFeelTest:0.3433333333333333
JFXGesturesTest:0.2966666666666667
JarDependencyTest:0.24
JFXServerTransparentCockpitTest:0.22333333333333333
