Channel:0.6466666666666666
ClientConductorProxy:0.42333333333333334
Source:0.26
Subscriber:0.1877777777777778
ControlProtocolEvents:0.011111111111111112
