MAbout:0.5366666666666666
NoteWidget:0.43
TaskInfoButton:0.3077777777777778
