SelectAnalyzerTest:0.6833333333333333
IsNullPredicate:0.20966666666666667
InsertFromValuesAnalyzerTest:0.19333333333333333
MatchPredicate:0.19166666666666668
GroupBySymbolValidator:0.14666666666666667
SelectSymbolValidator:0.14333333333333334
SortSymbolValidator:0.14333333333333334
