Namespace:0.54
SocketIOServer:0.24333333333333335
ExceptionListener:0.21333333333333335
PacketListener:0.20333333333333334
HashedWheelTimeoutScheduler:0.18333333333333332
HashedWheelScheduler:0.18333333333333332
DefaultExceptionListener:0.18
ClientListeners:0.15833333333333333
