QueryFactory:0.5311111111111111
FedoraOAIDriver:0.45
FedoraRecordIterator:0.44333333333333336
ITQLQueryFactory:0.22
