AbstractServerFactory:0.7474444444444445
DefaultServerFactoryTest:0.24333333333333335
