CacheService:0.66
AbstractCacheProxyExtension:0.3
ICache:0.2833333333333333
AbstractClientCacheProxyExtension:0.25333333333333335
