HttpParser:0.6633333333333333
HttpProtocol:0.38333333333333336
