ClientAction:0.5316666666666666
Pac4jProperties:0.47833333333333333
Pac4jConfiguration:0.4066666666666667
