AsyncHttpClientConfig:0.5766666666666667
Builder:0.48
AsyncHttpClientConfigBean:0.24666666666666667
SimpleAsyncHttpClientTest:0.22666666666666666
AsyncProvidersBasicTest:0.21666666666666667
GrizzlyFeedableBodyGeneratorTest:0.19666666666666666
BasicAuthTest:0.17333333333333334
RemoteSiteTest:0.17333333333333334
ConnectionPoolTest:0.16666666666666666
RetryNonBlockingIssue:0.15
HttpToHttpsRedirectTest:0.14
MaxTotalConnectionTest:0.13666666666666666
RC10KTest:0.11
GrizzlyConnectionPoolTest:0.1
NettyRequestThrottleTimeoutTest:0.1
NoNullResponseTest:0.1
MaxConnectionsInThreads:0.1
ChunkingTest:0.08333333333333333
BodyChunkTest:0.08
RedirectConnectionUsageTest:0.07666666666666666
