NutDao:0.5366666666666666
NutDaoExecutor:0.2966666666666667
EntityHolder:0.27
