Project:0.5866666666666667
FreelancerBackingBean:0.3466666666666667
Datenuebernahme:0.33666666666666667
ProjectBackingBeanDataModel:0.2966666666666667
FreelancerBackingBeanDataModel:0.2844444444444445
