StoreScp:0.5058333333333334
StoreScpService:0.4266666666666667
StorageBean:0.25
