DOReaderFactory:0.6713333333333333
DOManager:0.5177777777777777
