RunExternal:0.43666666666666665
Del:0.35
MediaBean:0.30333333333333334
EditPlugin:0.26
FileBean:0.14666666666666667
Add:0.08
