Geonet:0.45111111111111113
Path:0.3522222222222222
MetadataSchema:0.30666666666666664
NoApplicableCodeEx:0.29
SearchManager:0.2866666666666667
DataManager:0.28
SchemaLoader:0.25
SearchController:0.21666666666666667
GetRecords:0.19666666666666666
GetRecordById:0.19333333333333333
AbstractOperation:0.16666666666666666
CatalogDispatcher:0.14166666666666666
CatalogSearcher:0.13
GetCapabilities:0.12777777777777777
DescribeRecord:0.07
FieldMapper:0.02
