Notification:0.7033333333333334
Elvin:0.41333333333333333
Subscription:0.35333333333333333
JUTestClient:0.30333333333333334
GeneralNotificationEvent:0.23666666666666666
NotConnectedException:0.15055555555555558
IoHandler:0.15
ConnectionOptions:0.13666666666666666
TestNtfnListener:0.1
NotifyCallback:0.04666666666666667
