MockTicketGrantingTicket:0.6883333333333334
BaseOAuth20Controller:0.39666666666666667
OAuth20UserProfileControllerController:0.28
