ESDeleteIndexNode:0.49666666666666665
Planner:0.4472222222222223
ESDeleteIndexTask:0.2788888888888889
