AudioRecorderTest:0.6366666666666667
AndroidAudio:0.55
GDXTester:0.3566666666666667
