QueryIndex:0.4922222222222223
QueryCooccurrence:0.4866666666666667
QueryAutoCooccurrence:0.20333333333333334
ComputeQueryCooccurrence:0.11
toCA:0.09666666666666666
ComputeQueryAutoCooccurrence:0.06666666666666667
