ClientInvocationServiceImpl:0.6316666666666667
ClusterListenerThread:0.38666666666666666
HazelcastTestSupport:0.23166666666666666
ReSendTask:0.10666666666666667
