OpenIdService:0.49
OpenIdServiceTests:0.31
OpenIdSingleSignOnActionTests:0.25333333333333335
OpenIdSingleSignOnAction:0.16333333333333333
OpenIdArgumentExtractor:0.09
