NodeContext:0.9266666666666666
SendingBundleState:0.30666666666666664
JobQueueChecker:0.2733333333333333
TaskQueueChecker:0.26666666666666666
