QueryRewriter:0.7866666666666666
TestVerifierConfig:0.2783333333333333
TestShadowing:0.12
