ParameterConstants:0.533388888888889
SqlTemplate:0.47
AbstractDbDialect:0.44666666666666666
IDbDialect:0.235
MySqlDbDialect:0.21666666666666667
