ClassEntry:0.58
MethodDatabase:0.37
SuspendableClassifierService:0.2633333333333333
InstrumentClass:0.25333333333333335
CheckInstrumentationVisitor:0.21666666666666667
