RuntimeEnvironment:0.6233333333333333
Configuration:0.5866666666666667
IndexDatabase:0.43666666666666665
Indexer:0.15
