AuthenticationService:0.5933333333333334
AuthToken:0.5066666666666667
AuthenticationManager:0.33
AuthExpiryTokensTask:0.22666666666666666
AuthenticationManagerTest:0.03
