ResourcesListModel:0.4805555555555556
DeleteColumnCellRendererEditor:0.4798888888888889
PluginManagerUI:0.34
