ForLoadedType:0.47
TypePool:0.3
ForLoadedMethod:0.2833333333333333
ForLoadedConstructor:0.2833333333333333
AbstractBase:0.25333333333333335
ConflictingInterfaceMethod:0.24666666666666667
InlineInstrumentedType:0.23666666666666666
SubclassInstrumentedType:0.21
ArrayProjection:0.20666666666666667
OverridenClassMethod:0.20666666666666667
Latent:0.20333333333333334
UnloadedFieldDescription:0.19666666666666666
UnloadedMethodDescription:0.19
ForLoadedField:0.17
