UserGroup:0.36666666666666664
User:0.3433333333333333
BackendBean:0.30333333333333334
HierarchyUtils:0.29388888888888887
KuwaibaWebservice:0.28
UserInfo:0.18333333333333332
UserGroupInfo:0.135
UserGroupInfoLight:0.12166666666666667
