ClearScrollRequest:0.3333333333333333
TransportClearScrollAction:0.19666666666666666
SearchScrollTests:0.16
