ObjectKeys:0.7633333333333333
WorkAreaOperation:0.5066666666666667
EntityIndexUtils:0.3333333333333333
AccessControlManagerImpl:0.26
BinderModuleImpl:0.25333333333333335
AccessUtils:0.25333333333333335
ProfileModuleImpl:0.24333333333333335
AbstractFolderModule:0.24333333333333335
BinderHelper:0.22583333333333333
AbstractBinderProcessor:0.20666666666666667
WebKeys:0.2
MobileAjaxController:0.18666666666666668
WorkspaceModuleImpl:0.18333333333333332
AbstractZoneModule:0.12
