WebServiceBean:0.6075
Kuwaiba:0.49666666666666665
WebServiceBeanRemote:0.4633333333333333
