BackendBean:0.8066666666666666
TestServlet:0.34918253968253976
