SqlExpressionGroup:0.5666666666666667
Exps:0.38333333333333336
Cnd:0.31666666666666665
AbstractSqlManager:0.28
Daos:0.22666666666666666
NameRange:0.21277777777777776
NutPojoMaker:0.21
Static:0.205
JdbcExpertConfigFile:0.19666666666666666
OrderBySet:0.19666666666666666
NumberRange:0.19
