LdapTemplate:0.7933333333333333
FilterBasedLdapUserSearch:0.2733333333333333
