SplitManager:0.32666666666666666
RetryDriver:0.3
ImportMetadata:0.2966666666666667
ImportPartition:0.21666666666666667
PartitionChunkSupplier:0.21666666666666667
DropJob:0.21666666666666667
ImportTableExecution:0.16333333333333333
ImportJob:0.14333333333333334
ShardDropJob:0.13
ChunkImportJob:0.13
ImportManager:0.11666666666666667
