RedissonExecutorService:0.43
RExecutorService:0.3240952380952381
RemoteImpl:0.31
RedissonExecutorServiceTest:0.27
RunnableRedissonTask:0.22191269841269842
CallableTask:0.22191269841269842
