FontAwesomeText:0.5433333333333333
BootstrapLabel:0.30666666666666664
Builder:0.27
BootstrapButtonExample:0.16
ExamplePageAdapter:0.14666666666666667
BootstrapButton:0.13666666666666666
FontAwesomeTextExample:0.03
BootstrapThemeView:0.0
OutlineableView:0.0
RoundableView:0.0
BootstrapSizeView:0.0
