ObjectKeys:0.4494444444444445
ProfileModuleImpl:0.30666666666666664
AbstractFolderModule:0.28
FolderUtils:0.28
AbstractFolderCoreProcessor:0.2513888888888889
AbstractEntryProcessor:0.19333333333333333
