VirtualFile:0.7533333333333333
StoreContentImageGroup:0.43
StoreContentImageGroupEditor:0.31333333333333335
AbstractImageGroup:0.25
ShopContent:0.21638888888888885
TestStoreContent:0.14
SetupTestContents:0.13666666666666666
TestStoreVariant:0.10666666666666667
StoreContentImageGroupEditorResult:0.08
AbstractBasicContentEditorJAXBResult:0.02666666666666667
AbstractImageGroupConfiguration:0.01
StoreContentImageGroupConfiguration:0.0025
