Simulator:0.5166666666666667
StatePanel:0.32666666666666666
EditGraphAction:0.27
JGraphPanel:0.26666666666666666
LabelTree:0.2633333333333333
LTSPanel:0.25
Editor:0.24
StateJList:0.2277777777777778
GraphJGraph:0.215
