PullService:0.22
PushService:0.21666666666666667
ConcurrentConnectionManager:0.192
IConcurrentConnectionManager:0.18833333333333332
IPushService:0.013333333333333334
IPullService:0.013333333333333334
