SelfTestCase:0.5466666666666666
Heritrix:0.5388888888888889
AllSelfTestCases:0.22
FramesSelfTestCase:0.03166666666666667
BackgroundImageExtractionSelfTestCase:0.028333333333333332
SelfTestCrawlJobHandler:0.012777777777777777
