DatabaseWriter:0.6166666666666667
DatabaseWriterSettings:0.5766666666666667
ParameterConstants:0.4577777777777778
DbImport:0.34
DefaultDataLoaderFactory:0.2833333333333333
ManageIncomingBatchListener:0.20666666666666667
