LdapAuthenticationHandlerTests:0.5966666666666667
LdapTestUtils:0.5777777777777778
