CountCumSum:0.54
TextPipelineTest:0.21
Word2Vec:0.1577777777777778
FoldWithinPartitionFunction:0.09333333333333334
FoldBetweenPartitionFunction:0.04666666666666667
MapPerPartitionVoidFunction:0.045182539682539685
