DefaultPollerBackEnd:0.41
PollerBackEndTest:0.34833333333333333
PollerBackEndIntegrationTest:0.2966666666666667
