Group:0.5366666666666666
Actor:0.38
Stage:0.3466666666666667
Label:0.21661111111111112
Image:0.16333333333333333
Button:0.1
