QueryResultWrapper:0.65
UserData:0.3466666666666667
CRLData:0.21
UserDataSourceData:0.20666666666666667
CertificateProfileData:0.20333333333333334
HardTokenIssuerData:0.20333333333333334
EndEntityProfileData:0.20333333333333334
CAData:0.2
HardTokenProfileData:0.2
PublisherData:0.2
AdminGroupData:0.2
ServiceDataSessionBean:0.16333333333333333
