HardTokenIssuerData:0.32666666666666666
InformationMemory:0.31
LocalHardTokenSessionBean:0.27
RAAuthorization:0.2577777777777778
EjbcaWebBean:0.25333333333333335
HardTokenInterfaceBean:0.23666666666666666
LocalUserAdminSessionBean:0.18333333333333332
HardTokenAuthorization:0.09
