ClassAgent:0.7466666666666667
AsmClassAgent:0.5033333333333333
Nutzs:0.3433333333333333
ClassXTest:0.33
AsmClassAgentTest:0.23
AbstractClassAgent:0.14
Main2:0.13
RegexMethodMatcherTest:0.11333333333333333
DefaultMirrorFactory:0.08666666666666667
