Support:0.44333333333333336
JtdsResultSet:0.42
JtdsCallableStatement:0.38333333333333336
JtdsPreparedStatement:0.28
TimeZoneTest:0.24666666666666667
