MetadataTools:0.37666666666666665
PropertyData:0.3433333333333333
PropertyAuditingData:0.31333333333333335
AuditedPropertiesReader:0.2658333333333333
GlobalConfiguration:0.24
AuditMetadataGenerator:0.22333333333333333
ModifiedFlagPropertyName:0.18333333333333332
TestTools:0.10333333333333333
HasChangedComponents:0.09666666666666666
