Binder:0.5666666666666667
BinderImpl:0.5633333333333334
InjectorImpl:0.4166666666666667
BindingBuilderImpl:0.28
AbstractModule:0.2733333333333333
ImplicitBinding:0.23
BindingImplementationBuilder:0.22166666666666668
InternalContext:0.19333333333333333
ConstructorInjector:0.18
FactoryProxy:0.14666666666666667
ConstructionContext:0.13
InjectorTest:0.1
MyModule:0.09333333333333334
ReflectionTest:0.09333333333333334
TestModule:0.09333333333333334
ScopesTest:0.09
ErrorMessages:0.08
CircularDependencyTest:0.07333333333333333
ImplicitImplementation:0.02
