ContactManagerBackend:0.6366666666666667
ContactDaoSpring:0.2633333333333333
AdminPermissionController:0.25666666666666665
