EnhancerGenerator:0.6357777777777778
TestAll:0.6166666666666667
