MFFloat:0.30333333333333334
MFInt32:0.30333333333333334
MFNode:0.3
MFTime:0.2866666666666667
MFString:0.2866666666666667
MFColor:0.23333333333333334
MFRotation:0.23
ConstMFVec3f:0.22
ConstMFVec2f:0.22
MFVec3f:0.2
MFVec2f:0.2
