SelectAnalyzerTest:0.61
SelectStatementAnalyzer:0.37
MatchesFunction:0.3433333333333333
TestStatementBuilder:0.33666666666666667
SubscriptVisitor:0.24666666666666667
DataStatementAnalyzer:0.24333333333333335
TransportSQLActionSingleNodeTest:0.13
ScalarFunctionModule:0.12272222222222223
TestMetaDataModule:0.10904761904761905
SubscriptContext:0.06111111111111111
