Visitor:0.5066666666666667
ASMTypeLoader:0.43333333333333335
TypeEntry:0.31666666666666665
