Word2VecPerformer:0.76
TokenizerFunction:0.5366666666666666
TextPipeline:0.37333333333333335
NGramTokenizerTest:0.16
