InternalConfiguration:0.34444444444444444
CertFetchAndVerify:0.30333333333333334
CertRequestHttpTest:0.25
CmpTestCase:0.24333333333333335
WebdistHttpTest:0.24277777777777781
PublisherQueueTest:0.22666666666666666
PublisherTest:0.22333333333333333
WebEjbcaClearCacheTest:0.16333333333333333
