BuildInfo:0.41
LogFile:0.30333333333333334
NavigationTag:0.3
TimeChartData:0.2597777777777778
NavigationTagTest:0.25666666666666665
XSLTagTest:0.19666666666666666
CruiseControlLogFileFilter:0.11666666666666667
TimeChartDataTest:0.11333333333333333
