JGraph:0.5616666666666666
StatePanel:0.38
RulePanel:0.3016666666666667
