DataManager:0.94
Import:0.31
ImportFromDir:0.22
Importer:0.21000000000000002
Insert:0.16666666666666666
