CommonUtils:0.6244444444444445
ReferenceUtils:0.33666666666666667
ReferenceNamingConvention:0.31333333333333335
DigesterFormat:0.27
