HibernateEntityManagerFactory:0.5566666666666666
AttributeNodeImpl:0.3566666666666667
BaseEntityManagerFunctionalTestCase:0.30333333333333334
AbstractGraphNode:0.27666666666666667
SubgraphImpl:0.25666666666666665
EntityManagerFactoryImpl:0.25
DateTimeParameterTest:0.21333333333333335
JpaTckUsageTest:0.21333333333333335
AbstractEntityManagerTest:0.19666666666666666
BaseEnversJPAFunctionalTestCase:0.19666666666666666
EntityGraphImpl:0.17666666666666667
MergeTest:0.14666666666666667
