Ignore:0.6733333333333333
Address:0.4697619047619048
Log:0.4533333333333333
Modification:0.44309523809523815
Listeners:0.3678888888888889
Publishers:0.3678888888888889
Bootstrappers:0.3678888888888889
EmailMapper:0.3078888888888889
CMSynergySession:0.29003968253968254
EmailPublisher:0.27666666666666667
Version:0.255
PauseBuilder:0.255
SourceControlProperties:0.22166666666666668
ProjectConfig:0.21776190476190474
WeblogPublisher:0.21109523809523809
ConcurrentVersionsSystem:0.16444444444444445
Schedule:0.16
HistoryItem:0.14333333333333334
Failure:0.14333333333333334
Alert:0.14333333333333334
ModificationSet:0.14
CMSynergySessionMonitor:0.13833333333333334
CurrentBuildStatusPageListener:0.13833333333333334
EmailMapperHelper:0.13066666666666668
CCDateFormat:0.04
PerDayScheduleItem:0.0
