HTMLAnchorElement:0.5133333333333333
HtmlAnchorTest:0.41333333333333333
HTMLAnchorElementTest:0.28
