SchemaImpl:0.5916666666666667
QualifiedTable:0.38333333333333336
CatalogImpl:0.345
