UrlUtils:0.6066666666666667
DefaultSavedRequest:0.5188888888888888
InMemoryProviderWebAppTests:0.31333333333333335
