IAtomicReference:0.7275
AtomicReferenceProxy:0.4766666666666667
ClientAtomicReferenceProxy:0.32666666666666666
