SeqFeatureI:0.8
StrandedFeatureSetI:0.5233333333333333
SeqFeature:0.5
GenericAnnotationSetI:0.49166666666666664
FeatureSet:0.4166666666666667
FeatureEditorDialog:0.4033333333333333
AnnotationEditor:0.4033333333333333
ApolloNameAdapterI:0.3463888888888889
StrandedFeatureSet:0.32
CurationSet:0.2966666666666667
Config:0.2866666666666667
DrawableFeatureSet:0.28
CommentEditPanel:0.2733333333333333
FlyNameAdapter:0.2733333333333333
StatusBar:0.26166666666666666
DrawableSeqFeature:0.25666666666666665
GAMEAdapter:0.25166666666666665
ScaleView:0.24
AnnotationView:0.23333333333333334
GenbankAdapter:0.23
CORBAAdapter:0.22333333333333333
GFFAdapter:0.22166666666666668
StrandedZoomableApolloPanel:0.22166666666666668
SiteView:0.22
TranscriptEditPanel:0.21333333333333335
DrawableAnnotatedFeatureSet:0.21333333333333335
GCScoreCalculator:0.21305555555555558
GeneEditPanel:0.20666666666666667
EnsCGIAdapter:0.20333333333333334
FileMenu:0.2
SeqAlignPanel:0.18666666666666668
ApolloFrame:0.18333333333333332
FindDialog:0.18333333333333332
AutoscrollThread:0.18333333333333332
AnnotationChangeCoalescer:0.17666666666666667
AnnotationMenu:0.175
FocusMenuListener:0.17
DataLoader:0.17
FeatureSetBuilder:0.16666666666666666
FeatureEditPanel:0.16
BaseMouseListener:0.16
TierPopupMenu:0.16
TranscriptMenu:0.1577777777777778
EditMenu:0.14666666666666667
MenuManager:0.11666666666666667
TreeMenu:0.11333333333333333
RightClickActionListener:0.07333333333333333
DbxRefTableModel:0.058333333333333334
