TransactionBuilder:0.4633333333333333
TransactionMetadata:0.45666666666666667
TestingSessionFactory:0.20666666666666667
TestCommitTask:0.13666666666666666
TestRollbackTask:0.13666666666666666
