JPPFLocalClassLoader:0.6377777777777778
LocalResourceRequest:0.48333333333333334
