SymbolPrintVisitor:0.6561111111111111
SymbolPrinter:0.5462777777777779
