UploadEntity:0.6483333333333333
HttpThreadTask:0.25
HttpUploadActivity:0.24333333333333335
FtpUploadActivity:0.21
AbsFtpInfoThread:0.21
AbsThreadTask:0.20666666666666667
FtpFileInfoThread:0.16333333333333333
FtpDownloadActivity:0.15666666666666668
