FormulaCheckerTest:0.6133333333333333
TestParser:0.39666666666666667
FormulaCheckerSubjectVariableTest:0.24833333333333332
KernelTestSuite:0.11333333333333333
AbstractFormulaChecker:0.0
