ShadowResources:0.25666666666666665
PackageResourceLoader:0.25666666666666665
ShadowTheme:0.25666666666666665
ShadowThemeTest:0.24333333333333335
RoutingResourceLoader:0.20666666666666667
OverlayResourceLoader:0.16666666666666666
