ElasticsearchException:0.5766666666666667
RuntimeClass:0.3233333333333333
IndicesRequestIT:0.30666666666666664
ScriptImpl:0.25333333333333335
TransportTwoNodesSearchIT:0.25
DuelScrollIT:0.24666666666666667
TransportSearchAction:0.20666666666666667
TransportSearchHelper:0.19666666666666666
ElasticsearchExceptionTests:0.18
IndicesService:0.16083333333333333
RestSearchAction:0.14
IndicesRequestCache:0.12666666666666668
IndicesRequestCacheTests:0.11333333333333333
