GwtServerHelper:0.6933333333333334
GwtViewHelper:0.39666666666666667
EntryMenuPanel:0.26777777777777784
ContentControl:0.22694444444444448
GwtActivityStreamHelper:0.18333333333333332
SpecificFolderData:0.16333333333333333
