Unit:0.61
Facility:0.5866666666666667
Vehicle:0.42333333333333334
Settlement:0.42
Person:0.35
SearchWindow:0.31
MapDisplay:0.3
StoreroomFacility:0.2733333333333333
NavigatorWindow:0.26
LivingQuartersFacilityPanel:0.255
SettlementDialog:0.24333333333333335
UnitManager:0.24
GlobeDisplay:0.22
MainDesktopPane:0.22
MaintenanceGarageFacility:0.21166666666666667
UnitDialog:0.21
GreenhouseFacility:0.20333333333333334
AboutDialog:0.19666666666666666
VehicleDialog:0.19666666666666666
MainWindow:0.18
PersonDialog:0.17
UnitWindowListener:0.17
LaboratoryFacility:0.1575
MaintenanceGarageFacilityPanel:0.15333333333333332
FacilityManager:0.15
VirtualMars:0.14416666666666667
LivingQuartersFacility:0.13
UnitToolBar:0.12666666666666668
Rover:0.1
UnitButton:0.09
GroundVehicleDialog:0.08666666666666667
