FileChooserWidget:0.8316666666666667
Choose:0.32166666666666666
