Utils:0.56
ResultImpl:0.37666666666666665
MockTest:0.3311111111111111
AbstractRoutine:0.2733333333333333
AbstractResultQuery:0.25333333333333335
