DefaultServerBinaryDFHandler:0.5366666666666666
DefaultBinaryExporter:0.5116666666666667
DefaultClientBinaryDFHandler:0.3466666666666667
DefaultBinaryExporter3Test:0.06
