ISO19139InsertionService:0.5433333333333333
PostJibxStep:0.49666666666666665
