MultipleEntryOperation:0.3616666666666667
PartitionWideEntryOperation:0.3616666666666667
EntryProcessorTest:0.12200000000000001
