AtmosphereHandler:0.5033333333333333
AtmosphereServlet:0.44666666666666666
AtmospherePing:0.26916666666666667
WebSocketAtmosphereHandler:0.2678888888888889
BaseTest:0.26
AtmosphereHandlerWrapper:0.16666666666666666
TwitterAtmosphereHandler:0.16166666666666665
ChatAtmosphereHandler:0.16166666666666665
AppEngineAtmosphereHandler:0.11
AtmospherePingSupport:0.08583333333333333
CounterLongPollingAtmosphereHandler:0.04
TTTHandler:0.04
FlickrAtmosphereHandler:0.04
