Params:0.48611111111111116
Upload:0.4066666666666667
File:0.19127777777777774
Insert:0.15333333333333332
DownloadArchive:0.08666666666666667
PrepareFileDownload:0.05
Config:0.014285714285714285
