AggregatorFactories:0.5816666666666667
DateHistogramParser:0.48
CombiTests:0.24666666666666667
