ConnectionDialog:0.30284375
ZaurusDatabaseManager:0.062968515
