Workbench:0.71
STFBotEditor:0.41559523809523813
SessionView:0.3862301587301587
STFBotEditorImp:0.34
SarosConditions:0.25333333333333335
STFWorkbenchBot:0.2500396825396825
SessionViewImp:0.23666666666666666
TestBasicWidgetTree:0.23333333333333334
STFTest:0.20666666666666667
TestEditorByAlice:0.19333333333333333
TestUserWithWriteAccessSavesFiles:0.18666666666666668
OpenCImp:0.185
TestSessionView:0.17833333333333334
STFWorkbenchBotImp:0.17333333333333334
TestContextMenuOpen:0.17
TestEditorByAliceAndBob:0.16
TestSVNStateInitialization:0.14666666666666667
TestWriteAccessChangeAndImmediateWrite:0.14
TestEditDuringInvitation:0.13666666666666666
TestFileOperations:0.13666666666666666
TestCreatingNewFile:0.13333333333333333
TestFollowMode:0.13
TestChangingUserWithWriteAccessWhileOtherFollow:0.12333333333333334
TestAllParticipantsFollowUserWithWriteAccess:0.12
TestEditor2:0.11333333333333333
WorkbenchImp:0.11222222222222224
TestUserWithWriteAccessResetsFiles:0.09666666666666666
TestConcurrentEditing:0.056666666666666664
TestHostInvitesBelatedly:0.05333333333333334
