SimpleNode:0.6183333333333333
ConnectivityChecker:0.3588888888888889
RebondTool:0.2916666666666667
