ChadoTransactionTransformer:0.6033333333333334
ChadoTransaction:0.4266666666666667
JDBCTransactionWriter:0.3233333333333333
