JFCChartsEngine:0.6366666666666667
ChartsEngineMessages:0.5334444444444444
