Glove:0.53
GloveWeightLookupTable:0.4266666666666667
Builder:0.2
CoOccurrenceActor:0.13666666666666666
CoOccurrencesTest:0.09333333333333334
Util:0.07
