HttpClientMetrics:0.5366666666666666
Waiter:0.4872222222222223
ClientConnection:0.42
FakeHttpClientMetrics:0.3
HttpClientImpl:0.29333333333333333
DummyVertxMetrics:0.2833333333333333
Http2ClientStream:0.2825
ConnQueue:0.25666666666666665
FakeVertxMetrics:0.2305555555555555
ConnectionManager:0.19666666666666666
MetricsTest:0.19
VertxImpl:0.18666666666666668
MetricsOptionsTest:0.16
Http1xPool:0.15333333333333332
DummyHttpClientMetrics:0.14333333333333334
Http2ClientConnection:0.13666666666666666
HttpClientMetric:0.13666666666666666
Http2Pool:0.10666666666666667
CustomMetricsFactory:0.08333333333333333
