JandexHelper:0.6833333333333333
QueryBinder:0.23666666666666666
IdGeneratorBinder:0.16666666666666666
TableBinder:0.16666666666666666
TypeDefBinder:0.13333333333333333
FetchProfileBinder:0.12
