Page:0.53
AccumulatorCompiler:0.36333333333333334
FunctionAssertions:0.34
TestRowNumberLimitOperator:0.20333333333333334
AggregationUtils:0.20166666666666666
