Request:0.7133333333333334
CreateIndexRequestTests:0.31333333333333335
IndicesClientDocumentationIT:0.27666666666666667
RequestTests:0.26
IndicesClient:0.2
PutMappingRequest:0.17666666666666667
IndicesClientIT:0.13333333333333333
PutMappingRequestTests:0.06333333333333334
PutMappingResponse:0.041666666666666664
