AbstractTestQueries:0.6430555555555556
Visitor:0.5033333333333332
TestAnalyzer:0.21666666666666667
