RunnableAdapter:0.3566666666666667
ExecutorServiceProxy:0.3466666666666667
DistributedExecutorService:0.3333333333333333
TargetCallableRequest:0.20666666666666667
ExecutorPortableHook:0.16966666666666666
LocalTargetCallableRequest:0.16333333333333333
CallableProcessor:0.12166666666666667
ExecutorDataSerializerHook:0.12
ExecutionCallbackAdapterFactory:0.11666666666666667
BaseCallableTaskOperation:0.07
CancellableDelegatingFuture:0.058333333333333334
