DlgBox:0.5233333333333333
TableWidgetDlgBox:0.16333333333333333
TableDropWidget:0.14333333333333334
UtilityElementWidgetDlgBox:0.14333333333333334
ListDropWidget:0.14333333333333334
UtilityElementDropWidget:0.12333333333333334
LinkToUrlDropWidget:0.12333333333333334
GraphicDropWidget:0.12333333333333334
CustomJspDropWidget:0.12333333333333334
CustomJspWidgetDlgBox:0.10833333333333334
GraphicWidgetDlgBox:0.09166666666666666
LinkToUrlWidgetDlgBox:0.085
ListWidgetDlgBox:0.07166666666666667
