WebTestCase:0.5033333333333333
AbstractWebTestCase:0.3433333333333333
Sarissa0993Test:0.28
BrowserVersionClassRunner:0.24
BrowserRunner:0.13
BrowserNoneClassRunner:0.1
