Structure:0.565
StructureTest:0.33666666666666667
LibraryLoadTest:0.30333333333333334
NativeLibraryTest:0.24666666666666667
