Polymer:0.4866666666666667
PDBReader:0.42
PolymerTest:0.36333333333333334
PDBReaderTest:0.23
