Description:0.7938888888888889
Failure:0.425
Result:0.24703174603174602
