DataManager:0.9066666666666666
Harvester:0.44666666666666666
