Match:0.8
EdgePredicate:0.32666666666666666
CompoundPredicate:0.31666666666666665
