AdminModule:0.8866666666666667
AbstractAdminModule:0.49
ConfigureRolesController:0.25
WorkAreaHelper:0.06
WebKeys:0.043333333333333335
