UserDaoImpl:0.5433333333333333
Authentication:0.2952222222222222
UserDaoImplTest:0.27666666666666667
FrontPageController:0.06
