Expirable:0.5755555555555555
CacheProxy:0.36666666666666664
JCacheAccessExpiryTest:0.2866666666666667
JCacheCreationExpiryTest:0.26666666666666666
EventTypeFilterTest:0.15333333333333332
AbstractJCacheTest:0.13666666666666666
JCacheUpdateExpiryTest:0.13666666666666666
