JChemPaintWidget:0.6366666666666667
JChemPaintEditor:0.5433333333333333
JChemPaintView:0.3566666666666667
CenterMoleculeHandler:0.15833333333333333
