YubiKeyAuthenticationHandler:0.5566666666666666
YubiKeyAuthenticationEventExecutionPlanConfiguration:0.32
YubiKeyAuthenticationHandlerTests:0.25666666666666665
YubiKeyAccountSaveRegistrationAction:0.20777777777777778
YubiKeyMultifactorAuthenticationProvider:0.15333333333333332
BaseYubiKeyAccountRegistry:0.10333333333333333
