HiveClientConfig:0.6266666666666667
HiveMetadata:0.5033333333333333
HiveMetadataFactory:0.32
AbstractTestHiveClient:0.31
HiveWriteUtils:0.24777777777777782
TestHiveClientConfig:0.12333333333333334
