X509CAInfo:0.5733333333333334
CertificateProfile:0.43333333333333335
TestCAs:0.27
X509CA:0.26666666666666666
CAAdminSessionBean:0.22666666666666666
ProtocolOcspHttpTest:0.19
TestCAImportExport:0.16666666666666666
TestRevocationApproval:0.14333333333333334
CaInitCommand:0.11
HwCaInitCommand:0.09333333333333334
