FlowExecutionHolder:0.5
FlowNavigationHandler:0.48333333333333334
FlowPhaseListener:0.43666666666666665
