SchemaManager:0.5633333333333334
ThesaurusManager:0.32666666666666666
ApacheDBCPool:0.31333333333333335
Geonetwork:0.27
TransformerFactoryFactory:0.2525
JeevesEngine:0.23
