MessengerAddress:0.3933333333333333
Protocol:0.37733333333333335
PhoneAddress:0.37333333333333335
EmailAddress:0.21666666666666667
WebAddress:0.16
Business:0.15333333333333332
