MAcctSchema:0.6433333333333333
X_C_AcctSchema_GL:0.48333333333333334
