ModuleTestBase:0.6033333333333334
JPATabProvider:0.275
TabProviderBase:0.26
JDBCTabProvider:0.23833333333333334
DateUtilSQLConverter:0.16666666666666666
