EquationSystem:0.7933333333333333
RegExprEdgeSearchItem:0.5069444444444444
