StudyPermissionHelper:0.5233333333333333
StudyListPage:0.2833333333333333
ExportInfo:0.20444444444444446
ExportPage:0.20111111111111113
MoveEntitiesPage:0.17555555555555555
InstanceListView:0.17333333333333334
StudyListView:0.17333333333333334
StudyPermissionsPage:0.16
PatientListView:0.12666666666666668
SeriesListView:0.09666666666666666
