HttpURLConnectionImpl:0.44416666666666665
ChunkedSink:0.36733333333333335
HttpConnection:0.235
AbstractSource:0.22
FixedLengthSource:0.2167619047619048
ChunkedSource:0.2167619047619048
UnknownLengthSource:0.18076190476190476
