ModelBatch:0.6533333333333333
BaseWorld:0.37
BatchRenderTest:0.26
NewModelTest:0.26
SoftBodyTest:0.18666666666666668
