PMPReaderTest:0.37333333333333335
SMILESReaderTest:0.21616666666666665
MDLReaderTest:0.21616666666666665
HINReaderTest:0.21616666666666665
SDFReaderTest:0.19666666666666666
MDLRXNReaderTest:0.19666666666666666
CrystClustReaderTest:0.19398989898989896
INChIPlainTextReaderTest:0.19398989898989896
MDLRXNV3000ReaderTest:0.19398989898989896
INChIReaderTest:0.19398989898989896
PCCompoundXMLReaderTest:0.19398989898989896
VASPReaderTest:0.19398989898989896
CTXReaderTest:0.19398989898989896
ShelXReaderTest:0.19398989898989896
GamessReaderTest:0.19
Mol2ReaderTest:0.18911111111111112
MDLRXNV2000ReaderTest:0.1873232323232323
MDLV3000ReaderTest:0.1873232323232323
PDBReaderTest:0.18333333333333332
Gaussian98ReaderTest:0.13666666666666666
GhemicalReaderTest:0.13666666666666666
PCSubstanceXMLReaderTest:0.10666666666666667
