SendGrpcFrameCommand:0.47333333333333333
NettyClientHandlerTest:0.27
NettyServerHandlerTest:0.25666666666666665
TransportTracer:0.20666666666666667
NettyClientStreamTest:0.20333333333333334
NettyServerStreamTest:0.17666666666666667
Sink:0.04666666666666667
