DSLContext:0.5176468253968255
DSL:0.38666666666666666
Utils:0.24666666666666667
jOOQAbstractTest:0.23666666666666666
DropViewImpl:0.2
DropIndexImpl:0.2
DropSequenceImpl:0.2
DDLTests:0.19666666666666666
DropTableImpl:0.18
DefaultDSLContext:0.13666666666666666
