TedSerie:0.4266666666666667
StandardStructure:0.37666666666666665
DailyDate:0.35333333333333333
ScheduleParser:0.2733333333333333
TedTable:0.2722222222222222
SeasonEpisodeScheduler:0.24333333333333335
SeasonEpisode:0.17
