ConsoleRequest:0.5866666666666667
ExecuteScriptRequest:0.33
ManagementConsoleService:0.30666666666666664
UDPSender:0.29833333333333334
UDPListener:0.27666666666666667
IOUtil:0.21333333333333335
ClientHandler:0.20666666666666667
ScriptExecutorCallable:0.1361111111111111
ThreadDumpRequest:0.12
EvictLocalMapRequest:0.11444444444444443
GetClusterStateRequest:0.10777777777777776
