Property:0.43666666666666665
AbstractMapRenderer:0.26
ClientBlinkings:0.23833333333333334
AbstractMapItemRenderer:0.21333333333333335
SymbolCircleRenderer:0.17666666666666667
SymbolGenericRenderer:0.17333333333333334
MapItemSymbolBlinkingTest:0.07
