FontChooser:0.5822222222222222
MeasureLayerFinder:0.4766666666666667
AdvancedMeasureTool:0.4666666666666667
