Edition:0.25
Line:0.23666666666666666
Text:0.22
Base:0.22
Project:0.18
Script:0.16666666666666666
GroovyImportScriptRunner:0.15666666666666668
Page:0.13666666666666666
Workspace:0.10333333333333333
