AgentBuilder:0.6233333333333333
Default:0.6133333333333333
AgentBuilderDefaultTest:0.31333333333333335
Delegator:0.30666666666666664
AgentBuilderTypeStrategyTest:0.2733333333333333
