CustomizableColorScheme:0.5166666666666667
LocalQuery:0.5133333333333333
QueryBuilderTopComponent:0.27666666666666667
QueryEditorScene:0.20166666666666666
SimpleCriteriaNodeWidget:0.16333333333333333
GraphicalQueryBuilderService:0.13666666666666666
AttributePinWidget:0.056666666666666664
