ChartLogPresentationBuilder:0.645
SubProcessLogComparator:0.42333333333333334
GanttChartImageAction:0.17333333333333334
