FindFile:0.65
WildcardFindFile:0.21
FindFile2Test:0.19333333333333333
RegExpFindFile:0.18666666666666668
FilterFindFile:0.13666666666666666
