RegistryDirectory:0.4766666666666667
RegistryDirectoryTest:0.4716666666666667
Constants:0.18833333333333332
