FluxLightModelTracer:0.4266666666666667
Type:0.29
AllFilter:0.11
NoneFilter:0.056666666666666664
