Context:0.6366666666666667
SequencerAgent:0.32666666666666666
Configuration:0.26
ClusterNodeTest:0.11833333333333333
SequencerAgentTest:0.10166666666666667
