ClusterWideIterator:0.5805555555555555
CacheRecordStore:0.4377777777777777
ClientCacheProxy:0.42333333333333334
