SoapHeader:0.8166666666666667
AbstractSoapHeaderTestCase:0.4766666666666667
AbstractSaajImplementationTestCase:0.23338888888888892
AxiomSoapHeader:0.1475
SaajSoapHeader:0.13083333333333336
AxiomSoap11HeaderTest:0.10333333333333333
AxiomSoap12HeaderTest:0.10333333333333333
Saaj12ImplementationTest:0.0
Saaj13ImplementationTest:0.0
