Renderer:0.7980555555555556
UnicodeFontTest:0.5213888888888889
Hiero:0.4533333333333333
