NeuralNetConfiguration:0.6
Builder:0.49
Beam:0.12333333333333334
LSTM:0.11333333333333333
BeamSearch:0.03527777777777778
