ServerConnection:0.5633333333333334
VertxHttpHandler:0.31333333333333335
ServerHandler:0.24666666666666667
ClientConnection:0.23666666666666666
