Main:0.49333333333333335
ComponentDescriptor:0.4766666666666667
Registry:0.4766666666666667
ComponentView2D:0.22
TreeNode:0.21
ComponentGraph:0.20666666666666667
RGG:0.18
GenerateLibraryDocumentation:0.18
ComponentSelection:0.16666666666666666
ComponentInspectorTreeDragSource:0.14
_Field:0.14
ComponentDescriptionManager:0.12666666666666668
ComponentNode:0.04
HierarchicalComponentInspector:0.03666666666666667
ComponentRoot:0.03
AxiomComponent:0.0175
