User:0.6355555555555557
ParamsWrappedActionRequest:0.2966666666666667
XSSCheckException:0.21222222222222223
SAbstractController:0.17
XSSCheck:0.17
ModifyEntryController:0.10666666666666667
