Process:0.6366666666666667
ProcessErr:0.3466666666666667
ProofEngine:0.21666666666666667
