HttpClientBuilder:0.37666666666666665
DropwizardSSLConnectionSocketFactory:0.2966666666666667
JerseyClientBuilder:0.24333333333333335
JerseyClientBuilderTest:0.22
HttpClientBuilderTest:0.19666666666666666
DropwizardSSLConnectionSocketFactoryTest:0.10666666666666667
FailVerifier:0.013055555555555556
