RunBackToCursorAction:0.11423809523809524
RunToCursorAction:0.11423809523809524
