PreferencesMessages:0.47350000000000014
ProblemSeveritiesConfigurationBlock:0.3333333333333333
Error:0.32
