BreakpointInfo:0.45
JVMHandler:0.43616666666666665
RequestQueueManager:0.39666666666666667
DefaultExecutionTracker:0.38
DefaultJVMHandler:0.21666666666666667
