AdminServerWebConfigurationTest:0.43666666666666665
NotifierConfigurationTest:0.3333333333333333
TestMultipleWithPrimaryNotifierConfig:0.21
TestMultipleNotifierConfig:0.21
TestSingleNotifierConfig:0.05333333333333334
