KeyboardEvent:0.5533333333333333
Keyboard:0.4033333333333333
HtmlElement:0.3738888888888889
