MinimaxStrategy:0.5466666666666666
MinimaxTree:0.2633333333333333
MinimaxTreeNode:0.21333333333333335
TemplateN:0.13666666666666666
MinimaxTreeLeaf:0.023333333333333334
