SickBay:0.5633333333333334
DriveGroundVehicle:0.27666666666666667
MedicalAssistance:0.25333333333333335
Infirmary:0.24666666666666667
MaintainVehicle:0.22333333333333333
TransportRover:0.20333333333333334
StudyRockSamples:0.19333333333333333
TravelToSettlement:0.18333333333333332
CollectRockSamples:0.18333333333333332
CollectRockSamplesMission:0.15333333333333332
MaintainSettlement:0.12333333333333334
MaintainEquipment:0.12333333333333334
TendGreenhouse:0.1
