HiveUtil:0.7418888888888889
TestHiveIntegrationSmokeTest:0.20099999999999998
