RepositoryBeanDefinitionParser:0.29333333333333333
BeanIds:0.12166666666666667
Elements:0.12166666666666667
