Native:0.5233333333333333
TestLibrary:0.47333333333333333
Platform:0.4633333333333333
Pointer:0.45
Structure:0.38333333333333336
StructureTest:0.29333333333333333
PointerTest:0.29
DirectTestLibrary:0.2725396825396825
DirectTest:0.25666666666666665
ArgumentsMarshalTest:0.24333333333333335
CallbacksTest:0.22666666666666666
LibraryLoadTest:0.21
WebStartTest:0.19666666666666666
NativeLibraryTest:0.19
ReturnTypesTest:0.18666666666666668
NativeTest:0.18666666666666668
FFIType:0.18333333333333332
JNAUnloadTest:0.17333333333333334
MemoryTest:0.14666666666666667
CLibrary:0.11753968253968256
LastErrorTest:0.04666666666666667
