CommonUtils:0.7633333333333333
ReferenceUtils:0.35333333333333333
ReferenceDDLUtils:0.34900000000000003
ColumnUtils:0.2916666666666667
