DependencyBank:0.5458888888888889
IOSInput:0.3433333333333333
Sprite:0.30333333333333334
NSArrayExtensions:0.27666666666666667
BuildScriptHelper:0.26666666666666666
Touchpad:0.26
IOSGraphics:0.25583333333333336
GdxSetupUI:0.18444444444444444
NSObjectWrapper:0.09
NSSetExtensions:0.058333333333333334
