jOOQAbstractTest:0.6316666666666667
JoinTable:0.4066666666666667
Pivot:0.3233333333333333
