CrawlURI:0.8233333333333334
ServerCache:0.32666666666666666
