TypeFactory:0.4066666666666667
TypeGraph:0.4
HostFactory:0.4
HostEdge:0.38666666666666666
NodeTypeSearchItem:0.36
TypeNode:0.35
LabelStore:0.33666666666666667
ResourceTab:0.33666666666666667
DefaultHostGraph:0.315
GTS:0.30833333333333335
Certificate:0.30133333333333334
RuleEdge:0.3
RuleDependencies:0.2833333333333333
AbstractEdge:0.26666666666666666
GraphGrammar:0.26
MyEdge2Cert:0.2595555555555556
Condition:0.2527777777777778
GraphTab:0.25
MyEdge1Cert:0.24955555555555559
MatrixAutomaton:0.23666666666666666
PredicateTests:0.23333333333333334
MyNodeCert:0.22955555555555557
LabelTree:0.22333333333333333
ShapeFactory:0.21666666666666667
ReteNetwork:0.21666666666666667
RelabelDialog:0.21666666666666667
Level2:0.21666666666666667
TypeModel:0.21333333333333335
MyCert:0.21333333333333335
HostModel:0.21333333333333335
RuleFactory:0.21
MyValueNodeCert:0.20755555555555555
RuleToHostMap:0.20444444444444446
OperatorEdgeRecord:0.19666666666666666
BasicEvent:0.19666666666666666
ValueNodeRecord:0.19666666666666666
AspectJVertex:0.19333333333333333
NodeTypeSingularRecord:0.18666666666666668
StoreFactory:0.18
PlanData:0.17333333333333334
ValueNodeChecker:0.17166666666666666
AbstractJaxbGxlIO:0.17
CompositeTypeModel:0.16666666666666666
Level3:0.16333333333333333
HostElement:0.14222222222222225
NodeTypeMultipleRecord:0.12666666666666668
DefaultFactory:0.12333333333333334
TypeElement:0.1175
SubtypeMap:0.1084047619047619
ShapeEdge:0.09333333333333334
TypeModelMap:0.05333333333333334
