Cooccurrence:0.6133333333333333
Line:0.4766666666666667
LexicalTableImpl:0.39666666666666667
CqiErrorSyntaxError:0.19
Occurrence:0.006666666666666667
