HardTokenAuthorization:0.2866666666666667
RSASignSessionBean:0.27666666666666667
CustomCertSerialnumberTest:0.22666666666666666
ComplexAccessControlSessionBean:0.18333333333333332
RequestAbstractTypeResponseGenerator:0.18
CustomCertSerialnumberWSTest:0.14333333333333334
ComplexAccessControlSessionLocal:0.0
