jOOQAbstractTest:0.5266666666666666
XUnused:0.37333333333333335
XUnusedRecord:0.31333333333333335
DefaultRelations:0.2966666666666667
GenerationTool:0.26
