ConversionService:0.6466666666666666
FlowModelFlowBuilder:0.43055555555555564
FlowRegistryFactoryBean:0.34
FlowExecutorFactoryBean:0.22666666666666666
GenericConversionService:0.19
PropertyEditorConverter:0.10333333333333333
ParentConversionServiceProxy:0.07666666666666666
TestConversionService:0.056666666666666664
