LocalizedId:0.51
Item:0.30666666666666664
LocalizedBusinessObject:0.2866666666666667
LanguageActionTest:0.21666666666666667
Description:0.19666666666666666
LocalizedBusinessObjectTest:0.15333333333333332
