Vector:0.6133333333333333
BitMappedTrie:0.5466666666666666
VectorPropertyTest:0.2733333333333333
LeafVisitor:0.15694444444444444
