AttributeSet:0.8933333333333333
AbstractAttributeSet:0.33666666666666667
ItemInfo:0.2966666666666667
DicomOutputStream:0.29
DicomInputStream:0.24
AttributeSetSerializer:0.16194444444444445
FilteredAttributeSet:0.10333333333333333
