ClientConductor:0.6416666666666667
Aeron:0.37333333333333335
