AnalysisIkPlugin:0.6166666666666667
IkAnalyzerProvider:0.3466666666666667
IkTokenizerFactory:0.3466666666666667
