HighlighterSearchTests:0.75
BlendedTermQuery:0.45777777777777773
CustomFieldQuery:0.21
CustomWeightedSpanTermExtractor:0.19333333333333333
BlendedTermQueryTest:0.17666666666666667
