LocalCacheSelectorCode:0.67
Specifications:0.5638055555555556
LocalCacheFactoryGenerator:0.4033333333333333
