Dialect:0.7466666666666667
MSAccessDialect:0.37
ReverseEngineerEditor:0.24666666666666667
JDBCReverseEngineeringStrategy:0.20777777777777778
SquirrelDialect:0.18666666666666668
DialectFactory:0.16333333333333333
PostgresReverseEngineeringStrategy:0.14333333333333334
MySQLDialect:0.1411111111111111
DatabaseConnectionEditor:0.13
MSAccessReverseEngineeringStrategy:0.09333333333333334
MSAccessSQLGenerator:0.016666666666666666
MSAccessDataType:0.0
