FilrAction:0.49
FilrActionsCtrl:0.36333333333333334
GwtTeamingImageBundle:0.31333333333333335
UserActionsPopup:0.25416666666666665
MastHead:0.22666666666666666
