MultiLayerNetwork:0.4655555555555555
IteratorRunnable:0.3433333333333333
AsyncDataSetIterator:0.31
ComputationGraph:0.26666666666666666
AsyncMultiDataSetIterator:0.22333333333333333
