ValidateCMLManager:0.8833333333333333
CMLValidationHandler:0.20333333333333334
