BaseIoTest:0.7904444444444445
ManagedServiceFactoryTest:0.5066666666666667
