HtmlElement:0.8266666666666667
HtmlElementTest:0.2833333333333333
JavaScriptConfigurationTest:0.2522222222222222
