ObjectFactory:0.5366666666666666
CommunicationsStub:0.37
KuwaibaService:0.295095238095238
CreateMultipleBusinessObjectAction:0.25777777777777783
ProjectsModuleTopComponent:0.25
CreateMultipleSpecialBusinessObjectAction:0.23666666666666666
