RealConnection:0.5166666666666667
Internal:0.449484126984127
StreamAllocation:0.42333333333333334
ConnectionPool:0.21333333333333335
HttpOverHttp2Test:0.18666666666666668
