LookupTable:0.58
VOIUtils:0.39666666666666667
GenericNumericArray:0.2633333333333333
DicomImageReaderTest:0.21833333333333332
ShortNumericArray:0.01
ByteNumericArray:0.01
