ParserDocument:0.7316666666666667
WikiHeadingTag:0.39
EditServlet:0.2833333333333333
