ReportGedcomStatistics:0.55
Constants:0.08333333333333333
StatisticsIndividuals:0.016666666666666666
StatisticsPlaces:0.016666666666666666
