WSFederationValidateRequestCallbackController:0.3788888888888889
SSOPostProfileCallbackHandlerController:0.32666666666666666
TokenWebApplicationServiceResponseBuilder:0.3233333333333333
SamlIdPConfiguration:0.26
CasCoreTicketsConfiguration:0.17666666666666667
FileTrustStoreSslSocketFactoryTests:0.16
TrustedProxyAuthenticationTrustStoreSslSocketFactoryTests:0.15333333333333332
CasCoreHttpConfiguration:0.11333333333333333
CoreWsSecurityIdentityProviderConfiguration:0.11333333333333333
TokenAuthenticationConfiguration:0.1
