OperationService:0.6733333333333333
IMap:0.6466666666666666
MapProxySupport:0.32666666666666666
