ShadowMotionEvent:0.5866666666666667
ShadowGestureDetectorTest:0.28
ShadowVelocityTracker:0.21666666666666667
NativeObjRegistry:0.20333333333333334
ShadowMotionEventTest:0.2
