Robolectric:0.6033333333333334
RobolectricConfig:0.31333333333333335
ShadowContextWrapper:0.26166666666666666
RobolectricPackageManager:0.10333333333333333
RobolectricConfigTest:0.09
