Lpad:0.16
Rpad:0.16
Limit:0.16
RowInCondition:0.15666666666666668
RowIsNull:0.15666666666666668
RowOverlapsCondition:0.15666666666666668
InCondition:0.15666666666666668
Substring:0.14666666666666667
Degrees:0.14666666666666667
Radians:0.14666666666666667
Repeat:0.14666666666666667
Databases:0.14666666666666667
Least:0.14666666666666667
Ascii:0.14666666666666667
LTrim:0.14666666666666667
Greatest:0.14666666666666667
RTrim:0.14666666666666667
TruncateImpl:0.13333333333333333
