NutModule:0.47
UrlMapImpl:0.44333333333333336
DefaultLoading:0.29
NutServlet:0.2733333333333333
MIMEView:0.10666666666666667
