Notification:0.5833333333333334
SimpleClient:0.41333333333333333
JUTestServer:0.3333333333333333
FloodTask:0.10333333333333333
SendTask:0.10333333333333333
JUTestNotification:0.02
