AgentStatusProber:0.19333333333333333
MockProber:0.19333333333333333
DefaultProber:0.14666666666666667
TestProber:0.03333333333333333
Prober:0.02666666666666667
