AxiomAttachment:0.5233333333333333
AxiomSoapMessage:0.42333333333333334
AxiomAttachmentIterator:0.25416666666666665
AxiomSoap11MessageContextFactoryTest:0.06333333333333334
