XMPPTransmitter:0.5816666666666667
IncomingProjectNegotiation:0.37666666666666665
OutgoingProjectNegotiation:0.37333333333333335
