HttpClientImpl:0.4266666666666667
ConnQueue:0.30666666666666664
Waiter:0.27666666666666667
HttpServerOptionsConverter:0.16333333333333333
HttpClientOptionsConverter:0.16333333333333333
ConnectionManager:0.13333333333333333
