ChoiceGenerator:0.6577777777777778
Event:0.3466666666666667
JPF_gov_nasa_jpf_sc_StateMachine:0.29333333333333333
ChoiceTracker:0.29333333333333333
StateMachine:0.26666666666666666
IntIntervalGenerator:0.2541666666666667
RandomOrderIntCG:0.2519444444444444
IntChoiceFromSet:0.24666666666666667
SCEventGenerator:0.22666666666666666
SCEventFromAlphabet:0.205
DoubleThresholdGenerator:0.19666666666666666
DoubleChoiceFromSet:0.19666666666666666
TypedObjectChoice:0.19666666666666666
ThreadChoiceGenerator:0.17333333333333334
BooleanChoiceGenerator:0.16
ReferenceChoiceGenerator:0.11
IntChoiceGenerator:0.07
UIActionGenerator:0.043333333333333335
DoubleChoiceGenerator:0.04
