StubPackageManager:0.6033333333333334
RoboVibrator:0.2633333333333333
RoboWebSettings:0.24333333333333335
ShadowLoadedApk:0.23666666666666666
Api26RuntimeAdapter:0.23666666666666666
ShadowSensorManager:0.22666666666666666
