Reader:0.5233333333333333
ModelResolver:0.37333333333333335
ModelConverters:0.33
CarApi:0.1943968253968254
CarIgnoreApi:0.1943968253968254
ApiListingResourceIT:0.19333333333333333
CarResource:0.17333333333333334
JsonViewTest:0.12666666666666668
