ApolloNameAdapterI:0.6466666666666667
AnnotationEditor:0.40722222222222226
DefaultNameAdapter:0.38166666666666665
