List:0.5066666666666667
AbstractValueTest:0.36666666666666664
Monad:0.2775
Lifted4:0.27051984126984113
Lifted5:0.27051984126984113
Lifted2:0.27051984126984113
Lifted3:0.27051984126984113
Lifted8:0.27051984126984113
Lifted6:0.27051984126984113
Lifted7:0.27051984126984113
TreeTest:0.2633333333333333
RightProjection:0.24833333333333332
LeftProjection:0.24833333333333332
MonadLaws:0.215
Lifted1:0.09
