Enhancer:0.48333333333333334
GaReflectUtils:0.35333333333333333
DefaultCommandHandler:0.29
MonitorCommand:0.19
GlobalOptions:0.006666666666666667
Data:0.006666666666666667
