Euler:0.6166666666666667
Codd:0.3475
EulerRunner:0.2733333333333333
SEMLibrary:0.24333333333333335
