DataManager:0.5933333333333334
Processor:0.4505555555555556
XmlSerializer:0.38666666666666666
Geonetwork:0.15666666666666668
