MultiLayerTest:0.4777777777777778
TestSparkMultiLayer:0.37666666666666665
MultiLayerWorkPerformerTests:0.14377777777777778
