UpdateAnalyzerTest:0.5483333333333333
RelationAnalyzer:0.5
UpdateStatementAnalyzer:0.21333333333333335
