RegistrationService:0.6161111111111112
RegistrationServiceTest:0.27599999999999997
