ConfigurationUtil:0.7766666666666666
TestConfigurationUtil:0.25666666666666665
FileSystemCrawler:0.22333333333333333
