GPWLScpService:0.6233333333333333
PPSScuService:0.41333333333333333
PPSScp:0.2966666666666667
RouteOnPPSService:0.29
StudyStatusService:0.18
