Robolectric:0.6066666666666667
ResourcesTest:0.2633333333333333
ShadowContentResolver:0.25333333333333335
ShadowTextView:0.21
ShadowResources:0.20333333333333334
TextViewTest:0.16666666666666666
ShadowAnimator:0.10333333333333333
ShadowAsyncTask:0.09666666666666665
ContentResolverTest:0.09
ShadowValueAnimator:0.03888888888888889
AnimatorTest:0.03333333333333333
TestContentObserver:0.01
