WebClient:0.7133333333333334
JavaScriptEngine:0.33666666666666667
FailingHttpStatusCodeExceptionTest:0.13
