Elvin:0.44666666666666666
Tracker:0.3933333333333333
Subscription:0.33
RequestTrackingFilter:0.31
Connector:0.29733333333333334
LivenessFilter:0.2866666666666667
ConnectionOptions:0.26666666666666666
IoHandler:0.22333333333333333
Acceptor:0.22
JUTestClient:0.19666666666666666
JUTestRequestTrackingFilter:0.15333333333333332
NotifyCallback:0.11
SharedExecutor:0.08
Callbacks:0.06333333333333334
MultiThreadClientThread:0.06
ExceptionMonitorLogger:0.049166666666666664
RuntimeInterruptedException:0.03138888888888889
JUTestLivenessFilter:0.018888888888888886
