ClassPathScanner:0.44
JarFileLocationScanner:0.42333333333333334
JBossVFSv3LocationScanner:0.17333333333333334
FileSystemLocationScanner:0.15333333333333332
LocationScanner:0.13217857142857142
