ServerUtility:0.5088888888888888
AxisUtility:0.4122222222222222
ServerController:0.25
