EvaluationTools:0.5796666666666667
ROCMultiClass:0.5528888888888889
EvaluationToolsTests:0.23666666666666666
