AbstractListDecorator:0.45666666666666667
Unmodifiable:0.4483333333333333
SequencedHashMap:0.4166666666666667
AbstractCollectionDecorator:0.39
UnmodifiableListIterator:0.27
UnmodifiableList:0.25333333333333335
UnmodifiableIterator:0.22333333333333333
KeyValue:0.03
