Simulation:0.5766666666666667
MainScene:0.32
MainMenu:0.29
MainDesktopPane:0.28
MainSceneMenu:0.21666666666666667
ClockThreadTask:0.08333333333333333
