BaseTest:0.5266666666666666
TestSets:0.48611111111111105
TestLexerActions:0.36833333333333335
