RouterService:0.53
DataService:0.49666666666666665
AbstractService:0.4
NonDmlEventsTest:0.25333333333333335
ClientSymmetricEngine:0.23888888888888885
