View:0.5733333333333334
Tab:0.53
CustomReportColumn:0.4533333333333333
CustomReport:0.41333333333333333
ModuleTestBase:0.2833333333333333
CarrierWithSectionsTest:0.17666666666666667
AnnotatedClassParser:0.17333333333333334
BooleanFormatter:0.11333333333333333
EditCustomReportColumnAction:0.11333333333333333
CustomReportComparatorListFormatter:0.11333333333333333
CustomerWithSectionTest:0.10333333333333333
InvoiceTest:0.10333333333333333
GenerateCustomReportAction:0.09666666666666666
CustomReportAction:0.08
OnChangeCustomReportColumnNameAction:0.043333333333333335
SaveCustomReportColumnAction:0.0375
MoveCustomReportColumnAction:0.006666666666666667
