AbstractSamlObjectBuilder:0.5183333333333333
AbstractSaml20ObjectBuilder:0.4633333333333333
Saml10ObjectBuilder:0.29333333333333333
