ExtensionManager:0.6066666666666667
ARINC661App:0.39666666666666667
EditorEngine:0.28083333333333327
AbstractServerEngine:0.26666666666666666
AbstractClientEngine:0.23
