OnDismissListener:0.5885714285714286
LinearLayout:0.5016666666666667
EditText:0.44333333333333336
Toolbar:0.43666666666666665
Snackbar:0.27
WidgetsActivity:0.16666666666666666
