RuleContext:0.51
OutputModelController:0.49333333333333335
Target:0.44333333333333336
ParseTree:0.38666666666666666
