MultiLayerNetwork:0.8433333333333334
ComputationGraph:0.5233333333333333
ParallelWrapper:0.2833333333333333
StatsListener:0.24666666666666667
EarlyStoppingParallelTrainer:0.24333333333333335
