SimpleHttpClientFactoryBean:0.52
JsonServiceRegistryDao:0.4166666666666667
JsonServiceRegistryConfigWatcher:0.30644444444444446
