RGBAShader:0.7283333333333334
Phong:0.45166666666666666
WaveMap:0.44333333333333336
