Matrix:0.34
StringFunctions:0.2833333333333333
Node:0.2833333333333333
SplayTree:0.18666666666666668
Integers:0.13666666666666666
Multiplication:0.12666666666666668
