FolderModule:0.61
FolderDao:0.42628571428571427
ListFolderController:0.2733333333333333
FolderDaoImpl:0.2733333333333333
BinderModuleImpl:0.23333333333333334
AjaxController:0.23166666666666666
FolderModuleImpl:0.22666666666666666
ObjectKeys:0.2211111111111111
ProfileModuleImpl:0.22
AdminModuleImpl:0.19333333333333333
GenerateLdapList:0.18116666666666667
ConfigureLdapController:0.18
ViewEntryController:0.16333333333333333
ExportDefinitionController:0.11333333333333333
ViewController:0.07666666666666666
