QNotification:0.8633333333333333
QuotationPopup:0.31666666666666665
