Authorization:0.73
DefaultAuthorization:0.5433333333333333
AttributeFinderModule:0.3675
ResourceAttributeFinderModule:0.19333333333333333
