Validator:0.36333333333333334
ValidationErrorType:0.35650000000000004
ValidatorTestCase:0.2833333333333333
FlexibleDateParser:0.26
GMLWriterTestCase:0.1811111111111111
ValidateSelectedLayersPlugIn:0.17105555555555554
FlexibleDateParserTestCase:0.11777777777777776
TestValidator:0.11277777777777778
