BaseEditor:0.5733333333333334
CellEditorFactory:0.37
ERDesignerMainFrame:0.24666666666666667
ERDesigner:0.15
RelationCellView:0.12333333333333334
TableCellView:0.12333333333333334
ERDesignerGraphUI:0.08333333333333333
