OsgiServiceExporterTest:0.4666666666666667
BeanServiceFactory:0.44
RegisterServiceMatcher:0.2
MockBeanDefinitionRegistry:0.13166666666666665
