Factory:0.44
PrintPreviewPanel:0.4
NoteWidget:0.33666666666666667
BackupDialog:0.3333333333333333
DBRecordDialog:0.16333333333333333
