RequestSpecification:0.8266666666666667
ResponseSpecification:0.5466666666666666
RestAssured:0.33666666666666667
ResponseSpecBuilder:0.30333333333333334
RequestSpecBuilder:0.30333333333333334
JSONPostITest:0.05
