Responder:0.7516111111111111
FormResponder:0.44527777777777783
