JChemPaintEditor:0.6866666666666666
JChemPaintEditorWidget:0.6366666666666667
