Variant:0.3589444444444444
Writer:0.34
Spdy3ConnectionTest:0.33666666666666667
MockSpdyPeer:0.2966666666666667
Http2ConnectionTest:0.25
FrameWriter:0.23327777777777778
SpdyConnection:0.22333333333333333
Http20Draft13:0.21666666666666667
Spdy3:0.13333333333333333
