HasDataPointsFieldWithNullValue:0.6916666666666667
ParameterSignature:0.57
AllMembersSupplier:0.4033333333333333
HasDataPointsMethodWithNullValue:0.17666666666666667
AllMembersSupplierTest:0.15333333333333332
