WebKeys:0.7801666666666667
ObjectKeys:0.4494444444444445
AbstractZoneModule:0.37666666666666665
ListFolderHelper:0.28
WorkspaceTreeHelper:0.20777777777777778
ProfilesBinderHelper:0.17666666666666667
ViewController:0.17333333333333334
