MockRequestContext:0.35333333333333333
RequestContext:0.33916666666666667
RequestControlContextImpl:0.32666666666666666
MessageContext:0.14744444444444446
