HtmlPage:0.8133333333333334
HtmlPageTest:0.33
DefaultElementFactoryTest:0.19333333333333333
