InstallPanel:0.10717764
PluginManagerProgress:0.09657908
ManagePanel:0.08873193
jEdit:0.06917599
ErrorListDialog:0.05708261
EditBus:0.050307807
PluginList:0.05005095
GUIUtilities:0.04861984
PluginUpdate:0.03260625
PluginOptions:0.024366241
ThreadUtilities:0.022024587
Task:0.014182692
PropertiesChanged:0.011634708
GlobalOptions:0.0047222017
