LaunchingPlugin:0.57
LibraryInfo:0.37666666666666665
StandardVMType:0.23666666666666666
RubyVMRuntimeLoadpathEntryResolver:0.18333333333333332
