HttpConnection:0.5066666666666667
ARCWriter:0.3433333333333333
UURI:0.3233333333333333
FetchHTTP:0.29
UURIFactory:0.27666666666666667
ConfigurableTrustManagerProtocolSocketFactory:0.2683333333333333
Heritrix:0.24666666666666667
HttpParser:0.22333333333333333
ExtractorHTTP:0.21666666666666667
Rfc2617Credential:0.20833333333333334
ARCRecord:0.19333333333333333
ConfigurableX509TrustManager:0.08
UURIImpl:0.06333333333333334
HeritrixHttpMethodRetryHandler:0.03666666666666667
ConfigurableX509TrustManagerTest:0.03333333333333333
ARCConstants:0.0
