CompactionSetCreator:0.45222222222222236
FileCompactionSetCreator:0.29333333333333333
TestCompactionSetCreator:0.2833333333333333
ShardCompactionManager:0.2633333333333333
ShardOrganizerUtil:0.17
TemporalCompactionSetCreator:0.13
ShardSorter:0.02666666666666667
