Style:0.4866666666666667
AbstractApolloAdapter:0.37333333333333335
AnalysisAdapter:0.2683333333333333
JdbcChadoAdapter:0.25666666666666665
ChadoAdapter:0.25666666666666665
AnnotationEnsJAdapter:0.2525
PostgresChadoAdapter:0.24666666666666667
GAMEAdapter:0.23805555555555558
