DocxHandlerCellEditorProvider:0.34
ConstructorComposite:0.24666666666666667
XmlBasedConstructorDialog:0.23
ConstructorView:0.16076190476190477
