RxJavaBehaviorAdapter:0.34
BehaviorCall:0.29333333333333333
MockRetrofit:0.2633333333333333
MockRetrofitTest:0.2633333333333333
CallBehaviorAdapter:0.225
RxJavaBehaviorAdapterTest:0.18
SimpleMockService:0.13333333333333333
SingleHelper:0.04666666666666667
