Constants:0.76
FixedThreadPool:0.2
ClusterUtils:0.17333333333333334
MultiMessageHandler:0.12666666666666668
LimitedThreadPool:0.12
CachedThreadPool:0.09666666666666666
LogTelnetHandler:0.07666666666666666
