FileHandle:0.73
IOSFiles:0.2866666666666667
IOSFileHandle:0.27
Attribute:0.2527777777777778
TableLayout:0.22666666666666666
