SynthSliderUI:0.4777777777777777
AbstractClientEngine:0.44666666666666666
SynthInternalFrameUI:0.25587301587301586
PropertyPanelFactory:0.25333333333333335
AppLoggerArea:0.24494444444444444
Synth2Parser:0.20666666666666667
SynthArrowButtonUI:0.17666666666666667
ResetConfigurationAction:0.15666666666666668
