GPWLScpService:0.4066666666666667
MPPSScp:0.4
GPSPSScp:0.3566666666666667
MWLFindScpService:0.31666666666666665
GPWLFeedService:0.08666666666666667
