RuleApplication:0.5566666666666666
Rule:0.5433333333333333
RuleEvent:0.45366666666666666
SPOEvent:0.37666666666666665
SetEvent:0.3466666666666667
DefaultApplication:0.33
SPOApplication:0.30666666666666664
DefaultGraphNextState:0.23
SPORule:0.21555555555555553
AliasSPOApplication:0.205
DefaultAliasApplication:0.205
StateGenerator:0.19
RulePanel:0.14
NestingComparator:0.056666666666666664
AbstractEvent:0.023333333333333334
