MapContainer:0.38333333333333336
MapService:0.3466666666666667
DefaultRecordStore:0.2633333333333333
RecordInfo:0.19
RecordReplicationInfo:0.15666666666666668
MapStoreTest:0.13
RecordingMapStore:0.07333333333333333
