MultiLayerNetwork:0.7916666666666666
BaseLayer:0.44666666666666666
BackPropMLPTest:0.25666666666666665
