SessionRegistryImpl:0.5667222222222221
ConcurrentSessionControllerImpl:0.5588888888888889
