HashSetTest:0.39
Seq:0.37666666666666665
CharSeq:0.30333333333333334
CharSeqTest:0.12666666666666668
AbstractSeqTest:0.08666666666666667
