CreateViewStmt:0.43666666666666665
Analyzer:0.38166666666666665
CreateViewAnalyzer:0.15
CreateViewAnalyzerTest:0.11333333333333333
