XmlConfigBuilder:0.6416666666666667
XMLConfigBuilderTest:0.43666666666666665
