IterableTree:0.27666666666666667
Selector:0.18
Rectangle2DConverter:0.15
DefaultConnectorConverter:0.15
AndCombinator:0.07666666666666666
DocumentStyleManager:0.06333333333333334
StyleablePropertyBean:0.013333333333333334
UniversalSelector:0.006666666666666667
