KuwaibaWebservice:0.54
BackendBeanRemote:0.43333333333333335
BackendBean:0.43333333333333335
