ShardManagerDao:0.7455555555555556
ShardManager:0.5022222222222222
ShardMetadata:0.48333333333333334
MetadataDao:0.3584285714285714
TestShardManagerDao:0.2733333333333333
DatabaseShardManager:0.1822222222222222
TestCompactionSetCreator:0.17
Mapper:0.1411111111111111
ShardCompactionManager:0.09916666666666667
