SimulatorModel:0.6
Display:0.4
HTMLConverter:0.3547619047619048
JGraphPanel:0.32666666666666666
TabLabel:0.3233333333333333
Simulator:0.2966666666666667
ExploreAction:0.27
StateGraphPanel:0.23666666666666666
UserSettings:0.23666666666666666
GraphTab:0.23
DisplaysPanel:0.23
ResourceDisplay:0.21666666666666667
GraphEditorTab:0.21
ResourceTab:0.2
TextTab:0.2
ActionStore:0.19666666666666666
AspectJGraph:0.19
LTSDisplay:0.18666666666666668
PrologDisplay:0.18666666666666668
TitledPanel:0.17666666666666667
FindReplaceAction:0.16666666666666666
LTSGraphPanel:0.16666666666666666
StateDisplay:0.16333333333333333
EditStateAction:0.16111111111111112
SaveStateAction:0.16
MyMouseListener:0.13666666666666666
StateMouseListener:0.11
ControlDisplay:0.09166666666666666
DisplayWindow:0.055
MyLTSListener:0.023333333333333334
