WebDriverTestCase:0.8233333333333334
BrowserRunner:0.28
BrowserParameterizedRunner:0.27666666666666667
