HttpHandler:0.45666666666666667
WebSocketHandler:0.34
AsyncHttpClientHandler:0.20666666666666667
