NIOServer:0.5130555555555556
OIOServer:0.5130555555555556
