AttributesWindow:0.64
AttributeTypeEditDialog:0.43666666666666665
TypeTableModel:0.41
AttributeCategory:0.4
IntegerAttribute:0.05333333333333334
