RearrangementRadical3Reaction:0.42
BreakingBondReaction:0.3333333333333333
PartialPiChargeDescriptorTest:0.2733333333333333
RadicalSiteInitiationReaction:0.25333333333333335
ResonancePositiveChargeDescriptorTest:0.22666666666666666
