RosterEntryElement:0.43
RosterContentProvider:0.26666666666666666
RemoteSessionStatusTracker:0.21
SessionStatusRequestPacket:0.18666666666666668
IRemoteSessionStatusListener:0.14772222222222223
SessionStatusResponsePacket:0.11333333333333333
