GraphJVertex:0.32
JModel:0.29333333333333333
JVertex:0.2777777777777778
JCellContent:0.2253333333333333
EditableJVertex:0.2
EditableContent:0.17
EditorJModel:0.16333333333333333
EdgeContent:0.07333333333333333
