MapService:0.56
MapProxySupport:0.36666666666666664
ClientMapProxy:0.30666666666666664
MapExecutionCallbackAdapter:0.2897619047619048
TransactionalMapProxy:0.2129444444444444
QueryOperation:0.18333333333333332
ClientMapIssueTest:0.04
PartitionCallable:0.016666666666666666
