CodeWriter:0.7233333333333334
RegionGen:0.35333333333333333
InternalJadxTest:0.23
TestAnonymousClass3:0.10333333333333333
TestSynchronized:0.1
TestVariablesDefinitions:0.1
