ARCWriter:0.5366666666666666
ARCReader:0.42333333333333334
ARCRecord:0.24
ARCWriterPool:0.19333333333333333
ARCWriterTest:0.18666666666666668
ARCWriterFactory:0.10666666666666667
ARCWriterPoolTest:0.1
