CDKManager:0.5633333333333334
ICDKManager:0.48333333333333334
CDKManagerTest:0.2966666666666667
