TypeWriter:0.54
JavaWriter:0.3233333333333333
ClassWriter:0.25666666666666665
JavaWriterTest:0.12333333333333334
EnumWriter:0.11277777777777777
CompilationUnitContext:0.09111111111111111
InterfaceWriter:0.0911111111111111
