ConvertAll:0.5966666666666667
MyEnumStringMapper:0.23666666666666666
MyEnumNumericMapper:0.23666666666666666
