Flyway:0.5566666666666666
MetaDataTable:0.48333333333333334
MigrationTestCase:0.45666666666666667
MetaDataTableImpl:0.3466666666666667
MigrationInfoImpl:0.24
DbRepair:0.12
