InductivePartialCharges:0.49666666666666665
GasteigerPEPEPartialCharges:0.46888888888888886
InductivePartialChargesTest:0.42
PartialPiChargeDescriptor:0.39666666666666667
