SaveNewAction:0.49666666666666665
Products2WithFormulaTest:0.43666666666666665
XavaSuite:0.39
Products2WithFormulaAsAggregateTest:0.31666666666666665
