RestMethodInfoTest:0.44
Helper:0.38
RestMethodInfo:0.34833333333333333
RequestBuilder:0.28777777777777774
RequestBuilderTest:0.16
