Host:0.6833333333333333
SendEngine:0.3466666666666667
