Fiber:0.7066666666666667
FiberTask:0.5116666666666667
ParkableForkJoinTask:0.3433333333333333
RunnableFiberTask:0.2866666666666667
FiberForkJoinTask:0.25333333333333335
