QueryTag:0.3
InputTag:0.29
ptrEditor:0.2633333333333333
setEditor:0.23666666666666666
FieldFormatter:0.23333333333333334
ValueComputer:0.23
ChoiceSet:0.21
choiceEditor:0.19
charEnumEditor:0.15
