ShareThisDlg:0.56
GwtShareHelper:0.43333333333333335
GwtTeamingMessages:0.39055555555555554
