OutputBuffer:0.8266666666666667
PartitionedOutputInfo:0.3433333333333333
OutputBufferMemoryManager:0.21
PartitionedOutputBuffer:0.20666666666666667
ArbitraryOutputBuffer:0.19
BroadcastOutputBuffer:0.19
PagePartitioner:0.18
TestPartitionedOutputBuffer:0.16666666666666666
LazyOutputBuffer:0.15
