EntryOperation:0.5133333333333333
PartitionWideEntryOperation:0.38333333333333336
IncrementorEntryProcessor:0.2966666666666667
AbstractEntryProcessor:0.18
EntryProcessorTest:0.09
