CommunicationsStub:0.8133333333333334
LocalObjectViewLight:0.32059523809523804
LocalObjectView:0.22753968253968254
LocalObjectViewImpl:0.19666666666666666
MainTest:0.13444444444444442
LocalObjectViewLightImpl:0.02
