ElementInfo:0.6633333333333333
MJIEnv:0.31666666666666665
StackFrame:0.29333333333333333
ArrayFields:0.29
GETFIELD:0.25666666666666665
TestAttrs:0.24416666666666667
Fields:0.23666666666666666
JPF_java_lang_System:0.20666666666666667
JPF_gov_nasa_jpf_jvm_Verify:0.15
TestAttrsJPF:0.12333333333333334
PUTFIELD:0.12
ArrayLoadInstruction:0.10333333333333333
ArrayStoreInstruction:0.06
