Selector:0.4126666666666667
TextSelectionTab:0.3466666666666667
CreateSelection:0.29
SubcorpusForm:0.14666666666666667
PartitionForm:0.14666666666666667
