ICMPAuthenticationModule:0.6533333333333333
CrmfRequestMessage:0.48
AuthenticationModulesTest:0.35333333333333333
HMACAuthenticationModule:0.3
VerifyPKIMessage:0.22666666666666666
EndEntityCertificateAuthenticationModule:0.16666666666666666
CmpMessageDispatcherSessionBean:0.15
CrmfMessageHandler:0.09333333333333334
ICmpMessageHandler:0.09
RegTokenPasswordExtractor:0.08666666666666667
DnPartPasswordExtractor:0.08444444444444445
RevocationMessageHandler:0.04888888888888889
CrmfKeyUpdateHandler:0.043333333333333335
ConfirmationMessageHandler:0.043333333333333335
