IcalCrawler:0.7566666666666667
IcalTestIncrementalCrawlerHandler:0.2733333333333333
TestIcalCrawlerIncremental:0.11
