NodeOptions:0.3855555555555556
Branch:0.37
Contour:0.34
TreeLayout:0.3333333333333333
Iterator:0.29
falsefalse:0.2
truetrue:0.2
falsetrue:0.2
Algorithm:0.2
truefalse:0.2
Tree:0.18333333333333332
Orientation:0.16333333333333333
DefaultNodeOptions:0.11333333333333333
DebugShape:0.1
