FileAppenderFactory:0.5046666666666667
IntegrationTest:0.44666666666666666
FileAppenderFactoryTest:0.37
