Image:0.43666666666666665
SunshineBidirPathtracer:0.37333333333333335
SunshineLightHandler:0.33
LogarithmicOutput:0.23444444444444448
