Event:0.47333333333333333
Model:0.4066666666666667
TimelineView:0.4
Content:0.19666666666666666
ContentRenderer:0.18666666666666668
Clip:0.18
Listener:0.15
RulerRenderer:0.12
ActionCmPerYear:0.1075
TimelineViewSettings:0.056666666666666664
ModelListener:0.03
ActionCmPerEvent:0.03
