FormController:0.5702777777777778
FormContext:0.47
ExampleFormController:0.42333333333333334
KIASServlet:0.33
