MethodDeclaration:0.48
TreeConverter:0.3466666666666667
DebugASTPrinter:0.34555555555555556
HeaderImportCollector:0.26
PrivateDeclarationResolver:0.26
ImplementationImportCollector:0.23
AbstractMethodRewriter:0.14333333333333334
CompoundTypeTest:0.13666666666666666
