PrinterService:0.6266666666666667
PrinterServiceMBean:0.5466666666666666
PrinterStatus:0.31
PrinterStatusInfo:0.31
