HTTPParser:0.4666666666666667
HTTPProtocol:0.30333333333333334
SOAPProtocol:0.30333333333333334
