Access:0.69
VariableAccess:0.47333333333333333
MultiInstanceState:0.35333333333333333
