IcalCrawler:0.33
VocabularyWriter:0.2833333333333333
ConfigurationUtil:0.2833333333333333
OntologyUtil:0.27
IOUtil:0.22333333333333333
SubstringPattern:0.21333333333333335
TestIcalCrawler:0.20666666666666667
RegExpPattern:0.19
ApertureTestBase:0.18666666666666668
DataSourceBase:0.18
DATASOURCE:0.18
ThunderbirdAddressbookDataSourceFactory:0.16
AppleAddressbookDataSourceFactory:0.16
WebDataSourceFactory:0.14833333333333334
FileSystemDataSourceFactory:0.14833333333333334
OutlookDataSourceFactory:0.14833333333333334
IcalDataSourceFactory:0.14833333333333334
ImapDataSourceFactory:0.14833333333333334
WebDataSource:0.14481746031746032
OutlookDataSource:0.14481746031746032
FileSystemDataSource:0.14333333333333334
IcalDataSource:0.14333333333333334
ImapDataSource:0.1075
OutlookCrawlerFactory:0.10666666666666667
TestDefaultDataSourceRegistry:0.09
TestDefaultCrawlerRegistry:0.08
NCAL:0.02666666666666667
NCO:0.02666666666666667
NID3:0.019444444444444445
TAGGING:0.019444444444444445
NFO:0.019444444444444445
NMO:0.019444444444444445
NEXIF:0.019444444444444445
SOURCEFORMAT:0.01
NIE:0.006666666666666667
FRESNEL:0.0033333333333333335
