ServiceProcessImpl:0.7166666666666667
ServiceProcessManager:0.3333333333333333
ProcessListModel:0.2833333333333333
