Preserved:0.7433333333333333
MethodRebaseResolverDisabledTest:0.3333333333333333
MethodRebaseResolverResolutionPreservedTest:0.30333333333333334
