RpcResult:0.66
CompatibleFilterFilterTest:0.21
MockInvoker:0.17333333333333337
EchoFilterTest:0.16
FutureFilterTest:0.12666666666666668
DubboCodec:0.11666666666666667
SpringRmiProxyFactory:0.11666666666666667
ContextFilterTest:0.10333333333333333
