AsyncHttpClientHandler:0.505
ChannelManager:0.49
NettyRequestSender:0.41333333333333333
Continue100Interceptor:0.14333333333333334
