BiomobyManager:0.63
RunFastaService:0.5333333333333333
AbstractMobyImplSingle:0.4666666666666667
