ShadowContextImpl:0.5533333333333333
ParallelUniverseTest:0.3566666666666667
ShadowSharedPreferencesTest:0.3566666666666667
AndroidConfigurer:0.14333333333333334
