DuplicateClassTest:0.3933333333333333
ScopingTest:0.31333333333333335
BaseIoTest:0.24333333333333335
DependencyTest:0.21666666666666667
FactoryDependencyTest:0.21666666666666667
OsgiLifecycleNotificationTest:0.20666666666666667
MavenArtifactLookupTest:0.19
ExtenderTest:0.16333333333333333
ConfigTest:0.16333333333333333
ClientOnlyTcclTest:0.16
ServiceTcclTest:0.16
Cardinality0to1Test:0.15666666666666668
SyncWaitWithoutDependencyTest:0.13666666666666666
SyncWaitTest:0.13666666666666666
ReferenceProxyTest:0.13
ErrorHandlingTest:0.13
ServiceListenerTest:0.13
LifecycleTest:0.13
AsyncWaitTest:0.11
DeadlockHandlingTest:0.11
ProxyCreatorTest:0.11
AsyncNoWaitTest:0.11
ConfigFileWithDotsTest:0.11
ExtenderVersionTest:0.11
NoPublishTest:0.09
