RetrieveInfo:0.7333333333333333
MoveScu:0.48333333333333334
MoveTask:0.29
GetTask:0.25666666666666665
