NodeGenerator:0.6266666666666667
NodeFactoryGenerator:0.38666666666666666
LocalCacheFactoryGenerator:0.30666666666666664
Specifications:0.2
