DefaultProfileCoreProcessor:0.45555555555555555
ProfileIndexUtils:0.45
GwtSearchHelper:0.2688888888888889
