AsyncHttpProviderUtils:0.722611111111111
NettyRequestFactory:0.6122222222222223
