VCSAdapter:0.6688888888888889
FileList:0.5433333333333333
SubclipseAdapter:0.3933333333333333
IncomingInvitationProcess:0.2866666666666667
VCSAdapterFactory:0.21666666666666667
