MultiUserChatManager:0.5833333333333334
XMPPChatTransmitter:0.38666666666666666
