AbstractBatchLauncherTests:0.19666666666666666
TradeJobFunctionalTests:0.16
FixedLengthImportJobFunctionalTests:0.16
HibernateFailureJobFunctionalTests:0.16
CompositeProcessorSampleFunctionalTests:0.16
RestartFunctionalTests:0.12
DelegatingJobFunctionalTests:0.09
ParallelJobFunctionalTests:0.09
FootballJobFunctionalTests:0.09
RollbackJobFunctionalTests:0.08666666666666667
RetrySampleFunctionalTests:0.08666666666666667
MultilineOrderJobFunctionalTests:0.06333333333333334
XmlStaxJobFunctionalTests:0.06333333333333334
GracefulShutdownFunctionalTests:0.06333333333333334
MultilineJobFunctionalTests:0.06333333333333334
BeanWrapperMapperSampleJobFunctionalTests:0.06333333333333334
IbatisJobFunctionalTests:0.043333333333333335
SimpleJobFunctionalTests:0.043333333333333335
HibernateJobFunctionalTests:0.043333333333333335
