MultiLayerNetwork:0.6366666666666667
GradientCheckTests:0.3
LayerBuilderTest:0.29
ClusterSet:0.27666666666666667
MultiLayerTestRNN:0.25
TestOptimizers:0.22333333333333333
SimpleOptimizableModel:0.22333333333333333
RastriginFunctionModel:0.2161111111111111
RosenbrockFunctionModel:0.2161111111111111
SphereFunctionModel:0.20944444444444443
ComputationGraphUtil:0.13666666666666666
