Mapper:0.35333333333333333
MarshalingSupport:0.3466666666666667
TemplateWriter:0.2733333333333333
EclipseCompilerOrderingProvider:0.20666666666666667
Marshaling:0.20533333333333334
Invokation:0.205
SourceOrdering:0.16
Discovery:0.15666666666666668
JaxrsMessageBodyProvider:0.14
AppendResourceFile:0.13666666666666666
UnmarshalMismatchException:0.13555555555555557
UnmarshalingProblemException:0.01
