SkipLimitStepFactoryBean:0.48
SkipReaderStub:0.36
SkipLimitStepFactoryBeanTests:0.33666666666666667
SkipWriterStub:0.305
StatefulRetryStepFactoryBean:0.2833333333333333
ExceptionClassifierRetryContext:0.17666666666666667
StatefulRetryItemHandler:0.17333333333333334
StatefulRetryStepFactoryBeanTests:0.12666666666666668
ExceptionClassifierRetryPolicyTests:0.06
