AWT:0.7666666666666667
LAFRestorer:0.29111111111111115
JComboBoxTester:0.21666666666666667
LookAndFeelPreserver:0.18666666666666668
