RepositoryReaderTest:0.7449444444444445
METSInOutTest:0.30527777777777776
