TreeConverter:0.6333333333333333
Parser:0.2966666666666667
JdtParser:0.29
JavacParser:0.28
TranslationEnvironment:0.2633333333333333
