StudyListBean:0.5233333333333333
TrashListBean:0.46
StudyPermissionsPage:0.31333333333333335
CreateDicomRolePage:0.12333333333333334
