Uri:0.5633333333333334
UriTest:0.31666666666666665
MiscUtils:0.31333333333333335
Assertions:0.16
