Quote:0.6766666666666666
PronominalCoref:0.43333333333333335
