IndexDatabase:0.7466666666666667
Definitions:0.2733333333333333
HistoryContext:0.24
LineTagMap:0.08842857142857143
