Ejb3Column:0.58
IndexColumn:0.42
Ejb3JoinColumn:0.4066666666666667
AnnotationBinder:0.2966666666666667
