DiscountedCumulativeGain:0.37333333333333335
MeanReciprocalRank:0.37333333333333335
PrecisionAtK:0.35
DiscountedCumulativeGainTests:0.23333333333333334
MeanReciprocalRankTests:0.2
RankEvalRequestIT:0.04
