ARINCMapGrid:0.435
SymbolOvalRenderer:0.4
AbstractMapItemList:0.3566666666666667
ServerMapItemList:0.33916666666666667
