MD2Loader:0.43666666666666665
StillModelViewer:0.36666666666666664
KeyframedModelViewer:0.24333333333333335
MD2Viewer:0.17
