Instr:0.4775
NFA:0.43666666666666665
NFABytecodeTriggers:0.42
NFABytecodeGenerator:0.21666666666666667
TestNFABytecodeInterp:0.17666666666666667
TestNFABytecodeGeneration:0.16666666666666666
DFA10:0.14444444444444443
DFA7:0.14444444444444443
DFA6:0.14444444444444443
DFA16:0.14444444444444443
