DashboardHelper:0.37666666666666665
AjaxController:0.33
WebKeys:0.2911111111111111
FilterHelper:0.2833333333333333
WebHelper:0.27666666666666667
ListFolderController:0.19333333333333333
UrlTag:0.18333333333333332
ViewEntryController:0.14666666666666667
ObjectKeys:0.1411111111111111
MarkupTag:0.11
