JoinHash:0.35
JoinHashSupplier:0.3433333333333333
Builder:0.25333333333333335
