JPPFJob:0.5741666666666667
AbstractJPPFClientConnection:0.36
JPPFJcaClientConnection:0.29333333333333333
JPPFResultCollector:0.2633333333333333
