Resource:0.5933333333333334
AbstractGenerator:0.37333333333333335
TargetConvention:0.33
