TiledMapTile:0.6975000000000001
StaticTiledMapTile:0.43333333333333335
TideMapLoader:0.31
TmxMapLoader:0.30333333333333334
AnimatedTiledMapTile:0.11333333333333333
