AtomContainerManipulator:0.6233333333333333
AtomContainerSetManipulator:0.29
MolecularFormulaManipulator:0.25
ChemSequenceManipulator:0.1927777777777778
ChemFileManipulator:0.15666666666666668
ReactionSchemeManipulator:0.15
RingManipulator:0.14666666666666667
RingSetManipulator:0.14333333333333334
AtomContainerComparator:0.1391111111111111
