Term:0.55
NlpAnalysis:0.23333333333333334
Graph:0.19333333333333333
TestError:0.18666666666666668
MathUtil:0.1827777777777778
SplitWord:0.16333333333333333
