ISpherePlugin:0.5766666666666667
ISphereUpdates:0.4633333333333333
SearchForUpdates:0.43833333333333335
