DefaultBinaryExporterTest:0.6333333333333333
DefaultXMLExporterTest:0.6102777777777777
DefaultBinaryExporter1_Test:0.28
