ServiceProcessManager:0.4166666666666667
KernelFacade:0.38333333333333336
KernelQedeqBoStorage:0.32666666666666666
TestingProofCheckerFactoryImpl:0.296
