BeanNameServicePropertiesResolver:0.38666666666666666
BlueprintModuleListener:0.36
SpringConversionService:0.28
BeanNameServicePropertiesResolverTest:0.23666666666666666
TypeConverterTest:0.22666666666666666
