Mode:0.17515041
ModeProvider:0.10513361
XMLUtilities:0.049876396
jEdit:0.04491776
MiscUtilities:0.01678674
Log:0.0048809703
