SymbolRotatedRenderer:0.2966666666666667
SymbolTargetRenderer:0.2966666666666667
SymbolGenericRenderer:0.2866666666666667
SymbolOvalRenderer:0.17
SymbolRectangleRenderer:0.17
