VariableMapping:0.7166666666666667
MultiProcessState:0.3362857142857143
InputVariableTag:0.16
