IOService:0.6966666666666667
TcpIpConnectionManager:0.4766666666666667
NodeIOService:0.37333333333333335
WriteHandler:0.3333333333333333
AbstractIOSelector:0.2
SplitBrainHandlerTest:0.17333333333333334
ReadHandler:0.15333333333333332
FirewallingNodeContext:0.15
GroupProperties:0.10666666666666667
DefaultNodeContext:0.10333333333333333
AbstractSelectionHandler:0.08333333333333333
FirewallingTcpIpConnectionManager:0.04
MigrationTask:0.0
