Data:0.78
SerializationServiceImpl:0.5333333333333333
SerializationTest:0.21666666666666667
