URIFrontier:0.8221031746031746
ToePool:0.5266666666666666
CrawlController:0.4666666666666667
