MCMFilter:0.5666666666666667
MCMModel:0.4633333333333333
MCMConsoleCtrl:0.19333333333333333
