DataManager:0.49666666666666665
EditUtils:0.37
UserQueryInput:0.36
LuceneQueryBuilder:0.35333333333333333
Utils:0.34
LuceneConfig:0.30333333333333334
SchemaManager:0.29333333333333333
Remove:0.2833333333333333
Get:0.27
Add:0.26666666666666666
XmlSerializer:0.2633333333333333
LuceneQueryTest:0.25666666666666665
Aligner:0.23
LocalFilesystemHarvester:0.22166666666666668
ArcSDEHarvester:0.22166666666666668
Transaction:0.21333333333333335
ImportFromDir:0.20833333333333334
FragmentHarvester:0.205
LuceneSearcher:0.205
GetCapabilities:0.205
Update:0.2
GeoNetworkAnalyzer:0.19
MEF2Visitor:0.19
Create:0.1836111111111111
UnusedSearcher:0.18
HttpProxyServlet:0.18
Validate:0.17283333333333334
Importer:0.16333333333333333
IncreasePopularityTask:0.16333333333333333
DownloadArchive:0.15666666666666668
SearchController:0.15166666666666667
Harvester:0.145
Insert:0.14333333333333334
MetadataNotifierClient:0.14
SchemaUtils:0.14
AddLimitations:0.13
Transfer:0.13
GetRelated:0.11666666666666667
PrepareFileDownload:0.11666666666666667
GetSuggestion:0.11
Save:0.11
GetByOwner:0.11
UpdateCategories:0.10666666666666667
UpdateAdminOper:0.10666666666666667
MassiveNewOwner:0.10333333333333333
GetRandom:0.09
GetEditableData:0.07333333333333333
Show:0.06666666666666667
GetLatestUpdated:0.06666666666666667
AddElement:0.06666666666666667
MoveElement:0.06666666666666667
DeleteAttribute:0.06666666666666667
DeleteElement:0.06666666666666667
AddDefault:0.06333333333333334
AddAttribute:0.03666666666666667
XslProcessing:0.0325
