DOCXDocument:0.6333333333333333
EAExporter:0.5033333333333333
DOCXSDTProcessor:0.2
DOCXReportingComponent:0.19
