OidcAuthorizationCodeAuthenticationProvider:0.7886111111111112
DefaultOAuth2UserService:0.30527777777777776
