InfoPathFormView:0.7416666666666667
FieldDescriptor:0.6476666666666667
