Writer:0.38666666666666666
Reader:0.37333333333333335
SpdyTransport:0.37
HeadersTest:0.26
SpdyConnection:0.21333333333333335
Http20Draft09:0.09
Spdy3:0.06666666666666667
Variant:0.013333333333333334
