DropWidget:0.6466666666666666
LandingPageEditor:0.44
GwtTeamingMessages:0.37
EditDeleteControl:0.30333333333333334
ListDropWidget:0.24333333333333335
TableDropWidget:0.18666666666666668
GwtTeamingImageBundle:0.14416666666666667
EditHandler:0.0011111111111111111
DeleteHandler:0.0011111111111111111
