CertificateProfileSessionBean:0.4766666666666667
EndEntityProfileSessionBean:0.45666666666666667
CertificateProfileCache:0.24666666666666667
EndEntityProfileCache:0.24
EndEntityProfileSessionLocal:0.22191269841269842
CertificateProfileSessionLocal:0.22191269841269842
StartServicesServlet:0.17166666666666666
