TestRun:0.47333333333333333
TestsView:0.3566666666666667
TestHelper:0.2447222222222222
AbstractWarningTest:0.21333333333333335
TestsViewLabelProvider:0.19666666666666666
TestsViewContentProvider:0.195
SmartsMatchingTest:0.13333333333333333
SimpleResult:0.12833333333333333
ErrorResult:0.11333333333333333
NoErrorsFilter:0.0033333333333333335
