RubyProject:0.56
ExceptionHandler:0.36
RdtUiPlugin:0.25666666666666665
RubyProjectLibraryPage:0.25
RubyProjectPropertyPage:0.20583333333333334
RdtUiMessages:0.15666666666666668
