Code39Reader:0.503611111111111
Code93Reader:0.4866666666666667
Code128Reader:0.43666666666666665
