AbstractMvcView:0.5661111111111111
BindBean:0.2733333333333333
MvcViewTests:0.14666666666666667
