StructureRDFManager:0.7133333333333334
StructureRDFManagerTest:0.39666666666666667
