ActivityTest:0.4266666666666667
TestActivity:0.17333333333333334
ActionBarThemedActivity:0.14666666666666667
WindowTest:0.12333333333333334
ShadowWindow:0.11666666666666667
