TomcatWebSocket:0.2833333333333333
Jetty8WebSocket:0.21333333333333335
Grizzly2WebSocket:0.21
GrizzlyWebSocket:0.12666666666666668
Jetty9WebSocket:0.12333333333333334
JBossWebSocket:0.12333333333333334
