QueryOperation:0.55
DBCollection:0.39
NewMongoCollectionImpl:0.22666666666666666
CollectionHelper:0.22
MongoCollectionView:0.21666666666666667
DBCursor:0.2111111111111111
DB:0.19166666666666668
