Cfg:0.7610555555555556
CandidateRating:0.30333333333333334
DownloadPane:0.27
PriorityRating:0.26
