RakeScript:0.6766666666666666
RakeBuilder:0.49333333333333335
RakeScriptTest:0.23666666666666666
