CommunicationInterface:0.5433333333333333
MessagingInterface:0.3433333333333333
ServerDebugger:0.2186111111111111
MessageProcessingThread:0.1577777777777778
CM_asyncExecResponse:0.14855555555555558
ClientStatementExecutor:0.13666666666666666
CommandResultMessage:0.10666666666666667
CM_asyncExec:0.1
ThreadInfo:0.05
