ExecutionThread:0.7466666666666667
CommProtocol:0.23
ParallelExecution:0.20166666666666666
ParallelProcess:0.1827777777777778
CorrelatedProcess:0.15466666666666667
Jolie:0.1
