Advice:0.5833333333333334
ReflectAdviceListenerAdapter:0.43666666666666665
TimeTunnelCommand:0.21333333333333335
ReflectAdviceTracingListenerAdapter:0.21333333333333335
TTimeFragmentTable:0.185
TTimeFragmentDetail:0.15
JavaScriptCommand:0.12666666666666668
ThreadSafeMap:0.11
PathTraceCommand:0.09333333333333334
WatchCommand:0.08
StackCommand:0.08
TraceCommand:0.08
MonitorCommand:0.08
Key:0.08
Trace:0.07111904761904762
PathTrace:0.01
