Frontier:0.64
StatisticsTracker:0.3516666666666667
SimpleHandler:0.2866666666666667
ToePool:0.22166666666666668
