OperationExecutor:0.7046666666666667
OperationRunner:0.6038888888888888
OperationRunnerImpl:0.4066666666666667
OperationExecutorImpl:0.32666666666666666
OperationServiceImpl:0.30333333333333334
DummyOperationRunner:0.2633333333333333
OperationRunnerFactoryImpl:0.1811111111111111
OperationRunnerImplTest:0.17
