JsonInjector:0.3233333333333333
Db2JdbcExpert:0.18666666666666668
JsonAdaptor:0.18666666666666668
AutoGenerateValueTest:0.16333333333333333
ArrayInjector:0.14666666666666667
AbstractNutConfig:0.14333333333333334
FilterNutConfig:0.14
ServletNutConfig:0.14
JsonAdaptorTest:0.11333333333333333
SupportedFieldTypeTest:0.10666666666666667
MethodInvokeProcessor:0.09
