Types:0.49333333333333335
CodeWriter:0.36
MethodSpec:0.3233333333333333
JavaFile:0.29
TypeSpecTest:0.27666666666666667
JavaPoet:0.25333333333333335
JavaFileTest:0.17666666666666667
TypeSpec:0.17666666666666667
JavaPoetTest:0.17
CodeBlock:0.12
AnnotationSpec:0.10777777777777779
FieldSpec:0.09333333333333334
ParameterSpec:0.06333333333333334
