ExtenderConfiguration:0.7
DependencyServiceManager:0.4033333333333333
ContextLoaderListener:0.27666666666666667
