ManageAdministratorsDlg:0.45
GwtTeamingMessages:0.32666666666666666
BinderInfo:0.30333333333333334
GwtTeamingFilrImageBundle:0.2833333333333333
EventHelper:0.26666666666666666
BreadCrumbPanel:0.25666666666666665
GwtViewHelper:0.21666666666666667
GwtServerHelper:0.21333333333333335
GwtRpcServiceImpl:0.20333333333333334
AdministratorsView:0.17333333333333334
AdminControl:0.16333333333333333
AdminCategoryControl:0.11666666666666667
ManageAdministratorsInfoRpcResponseData:0.09
InvokeManageAdministratorsDlgEvent:0.08666666666666667
EmptyAdministratorsComposite:0.08
WebKeys:0.03
GetManageAdministratorsInfoCmd:0.0
