ImageElement:0.67
TagW:0.5633333333333334
CalibrationView:0.3233333333333333
MimeSystemAppViewer:0.18
ContextMenuHandler:0.17333333333333334
PreloadingTask:0.15
Activator:0.12666666666666668
