Advice:0.56
ReflectAdviceListenerAdapter:0.5566666666666666
TimeTunnelCommand:0.38
WatchCommand:0.10333333333333333
MonitorCommand:0.10333333333333333
