ClientEndpoint:0.7066666666666667
ClientClusterService:0.45166666666666666
ClientClusterServiceImpl:0.37333333333333335
ClientEngineImpl:0.35333333333333333
ClientPacketProcessor:0.20333333333333334
ClientEndpointImpl:0.18333333333333332
ClusterListenerSupport:0.08333333333333333
ClusterAuthenticator:0.037222222222222226
RegisterMembershipListenerRequest:0.03
ClientNonSmartInvocationServiceImpl:0.03
