FeaturePair:0.41
JdbcChadoAdapter:0.37
AbstractLazySequence:0.28
FlybaseChadoInstance:0.25333333333333335
TigrSybilChadoInstance:0.24777777777777782
WhereClause:0.20666666666666667
ChadoLazySequence:0.03666666666666667
