TransferDescription:0.49
XMPPChatTransmitter:0.4666666666666667
JingleTransferListener:0.2633333333333333
IBBTransferListener:0.17666666666666667
FileTransferConnection:0.16
