Processor:0.7666666666666667
NutLoading:0.43
AbstractProcessor:0.24666666666666667
ActionFiltersProcessor:0.19
