EntityBinding:0.69
EntityBinder:0.2866666666666667
RootEntityBinder:0.28
AbstractEntityBinder:0.20333333333333334
EmbeddableBindingTests:0.17
SimpleValueBindingTests:0.12666666666666668
