Files:0.9033333333333333
JsonFormat:0.37333333333333335
NutMap:0.37333333333333335
