PcoreMolecule:0.54
PcoreQueryResult:0.30666666666666664
PcorePage:0.25333333333333335
MoleculesLabelProvider:0.24666666666666667
