ScriptEditor:0.4866666666666667
StepRunner:0.2966666666666667
NoExitSecurityManagerTest:0.26
EditorSecurityManager:0.25666666666666665
AllTests:0.19333333333333336
ExitException:0.17
FrameworkTestSuite:0.16466666666666666
NoExitSecurityManager:0.16333333333333333
EventExceptionHandler:0.1411111111111111
