Beans:0.5133333333333333
CasCoreAuthenticationConfiguration:0.44666666666666666
CasWebApplication:0.17666666666666667
ApplicationContextProvider:0.12888888888888891
CasCoreUtilConfiguration:0.09
