DefaultServicesManagerImpl:0.38666666666666666
ServiceRegistryReloaderJob:0.26916666666666667
AbstractCrypticTicketRegistry:0.22
HazelcastTicketRegistry:0.21666666666666667
ShiroCipherExecutor:0.21
