ReqReqOut:0.6586666666666667
HttpServletRequestParamMap:0.6133333333333333
HelloActionTest:0.33
HelloAction:0.33
ServletContextScopeInjector:0.30666666666666664
