MemoryAccessor:0.8233333333333334
StandardMemoryAccessor:0.52
BaseMemoryAccessorTest:0.3466666666666667
