IsValidBoundedLocalCache:0.6333333333333333
LoadingCacheTest:0.5133333333333333
IsValidAsyncCache:0.14666666666666667
IsValidMapView:0.14666666666666667
IsValidCache:0.14666666666666667
