CombinerRecordIterator:0.6233333333333333
ITQLQueryFactory:0.5966666666666667
