FluxVolumeBuilder:0.42
FluxPolygon:0.39666666666666667
FluxSceneVisitor:0.31333333333333335
FluxVertex:0.23333333333333334
MeshVolume:0.08
