TokenAuthenticationHandler:0.7886111111111112
CasThemesConfiguration:0.3466666666666667
