XEGImport:0.9033333333333333
ImportModule:0.23666666666666666
