Condition:0.6633333333333333
ConditionSynchronizer:0.48
Fiber:0.43666666666666665
QueueChannel:0.34
MethodDatabase:0.21333333333333335
TickerChannelConsumer:0.20333333333333334
Mailbox:0.19666666666666666
ChannelGroup:0.16333333333333333
DelayedVal:0.16
StrandBlockingWaitStrategy:0.15666666666666668
DoneSynchronizer:0.09666666666666666
