RedissonKeysReactive:0.5133333333333333
RedissonReactiveClient:0.34
RKeysReactive:0.19
RedissonReactive:0.11666666666666667
