DSL:0.6633333333333333
DataTypeTests:0.45666666666666667
jOOQAbstractTest:0.4
