LinearRegressionModel:0.43666666666666665
RModel:0.41333333333333333
CNNRegressionModel:0.37666666666666665
PLSRegressionModel:0.24666666666666667
LinearRegressionModelTest:0.22
QSARRModelTests:0.21666666666666667
