Vss:0.5816666666666667
MainTest:0.41111111111111115
ProjectTest:0.37666666666666665
