Buffer:0.13766646
jEdit:0.11289443
AbstractOptionPane:0.057938736
VFSBrowser:0.033292133
GUIUtilities:0.032776255
NumericTextField:0.026753228
