JedisCommands:0.43333333333333335
JedisCluster:0.4266666666666667
ShardedJedis:0.31
