CoreDao:0.49333333333333335
FilterControls:0.49333333333333335
CoreDaoImpl:0.3433333333333333
MailJobDescription:0.3244444444444444
Schedule:0.3233333333333333
DefaultFolderEmailNotification:0.19333333333333333
FolderDao:0.185
FolderDaoImpl:0.18
SendMail:0.1
