DeviceLayoutRender:0.6905555555555556
ShowDeviceLayoutTopComponent:0.49666666666666665
