Administrator:0.75
CurrentVersionPane:0.44
TextContentEditor:0.30333333333333334
DatastreamPane:0.2733333333333333
