Permission:0.5566666666666666
AdminProcessor:0.43333333333333335
ArticleMgmtService:0.31333333333333335
ArticleProcessor:0.2733333333333333
InitMgmtService:0.12333333333333334
