GUI:0.86
NewPanel:0.27
ServerListPanel:0.26822222222222225
ReportColonyPanel:0.2488888888888889
StartGamePanel:0.1788888888888889
MarketPanel:0.1688888888888889
DestinationPanel:0.14555555555555558
