OAuth20UserProfileEndpointController:0.52
CasOAuthConfiguration:0.4666666666666667
OidcConfiguration:0.3466666666666667
OidcUserProfileEndpointController:0.3233333333333333
AbstractThrottledSubmissionHandlerInterceptorAdapter:0.19666666666666666
CasCoreAuditConfiguration:0.18
SurrogateAuditPrincipalIdProvider:0.13666666666666666
MongoDbAuditTrailManagerTests:0.10333333333333333
