CVSDateUtil:0.5333333333333333
DateUtil:0.49333333333333335
Project:0.32666666666666666
ConcurrentVersionsSystem:0.2866666666666667
ConcurrentVersionsSystemTest:0.27
