SequenceI:0.5520555555555555
AnnotationEditor:0.36
ChangeList:0.3472222222222222
ChadoTransactionTransformer:0.3466666666666667
DrawableSequence:0.28
AbstractSequence:0.26666666666666666
AddTransaction:0.15666666666666668
