Target:0.5766666666666667
Factory:0.36333333333333334
AbstractBase:0.22333333333333333
Appender:0.22
MorphBinderTest:0.22
SuperMethodCallOtherTest:0.20666666666666667
RebaseImplementationTargetTest:0.18666666666666668
InvocationFactory:0.17666666666666667
SubclassImplementationTargetTest:0.17
MethodInvoker:0.16
SuperCallBinderTest:0.14
AbstractImplementationTargetTest:0.1325
TypeProxyInvocationFactoryDefaultTest:0.043333333333333335
