ActionViewAbout:0.37333333333333335
AboutDialog:0.2866666666666667
