User:0.7366666666666667
UserListLayout:0.31333333333333335
BasicApplication:0.23182671957671958
Group:0.21333333333333335
CoverageDefinition:0.17666666666666667
Operator:0.17666666666666667
Coverage:0.17666666666666667
Process:0.17666666666666667
ServicePoint:0.17666666666666667
Privilege:0.17666666666666667
UserScreenWindow:0.16
ServicePointState:0.13666666666666666
ProcessState:0.13666666666666666
Gitge:0.04
UserRestQueryController:0.028333333333333332
UserService:0.0033333333333333335
HolaMundoComponente:0.0
IUserRepository:0.0
IProcessRepository:0.0
ICoverageRepository:0.0
IOperatorRepository:0.0
ResourceNotFoundException:0.0
