TxmObject:0.5033333333333333
Corpus:0.41
CreatePartitionDialog:0.3
TxmObjectChildrenCellEditor:0.29833333333333334
CqpObject:0.28
CreateSubcorpusDialog:0.23666666666666666
ObjectExplorer:0.22666666666666666
QueryResult:0.21666666666666667
TxmObjectChildLabelProvider:0.20333333333333334
SetSortPropertyDialog:0.16333333333333333
ViewPropertySelectionDialog:0.1527777777777778
ComputeSpecificitiesDialog:0.15
DefineReferencePatternDialog:0.10666666666666667
