SarosSession:0.6333333333333333
IStartHandle:0.6213888888888889
StartHandleImpl:0.42
OutgoingProjectNegotiation:0.25666666666666665
ConsistencyWatchdogHandler:0.22333333333333333
IStopManager:0.13666666666666666
StopManagerImpl:0.043333333333333335
