FileView:0.7633333333333333
FileViewTest:0.25666666666666665
MockFile:0.22
