XMLHttpRequest:0.5616666666666666
MockWebConnectionServlet:0.19333333333333333
XMLHttpRequest2Test:0.18
