RosterView:0.5666666666666667
RosterListenerImpl:0.43666666666666665
IncomingInvitationProcess:0.37666666666666665
IRosterTree:0.15694444444444444
