ComplexType:0.3938888888888889
UURI:0.38333333333333336
CrawlServer:0.27
