B:0.5577777777777777
WebSocketHandlerTest:0.3933333333333333
ConcurrentBroadcasterTest:0.37
