DaoTestDelegate:0.9066666666666666
DaoTestDelegateTest:0.11333333333333333
