QueueModel:0.48333333333333334
DashboardDelegator:0.28
QueueTreeTable:0.27666666666666667
QueuePanel:0.2733333333333333
DashboardService:0.2733333333333333
