Builder:0.27
VocabWord:0.2351111111111111
CounterMap:0.23333333333333334
StringGrid:0.23333333333333334
BaseHazelCastStateTracker:0.22333333333333333
LocalWorkRetriever:0.22277777777777777
ParallelWrapper:0.21333333333333335
UiServer:0.21305555555555558
AbstractCache:0.21
StringOption:0.17333333333333334
ComputationGraphUpdater:0.16222222222222224
SizeComparator:0.09333333333333334
