CSSStyleDeclaration:0.45666666666666667
ProxyAutoConfig:0.3566666666666667
NetworkErrorWebResponse:0.29
HtmlTable:0.27111111111111114
ProxyAutoConfigTest:0.02666666666666667
