XmlReportWriter:0.6316666666666667
RunListenerAdapter:0.42333333333333334
XmlReportsWritingListener:0.3233333333333333
