Renderer:0.6283333333333333
Invader:0.5533333333333333
GdxInvadersDesktop:0.16666666666666666
