ProcessInfo:0.6133333333333333
StatisticManager:0.42
ProcessInfoDataWriter:0.23722222222222225
DataExtractorService:0.21333333333333335
DataGapRouteReader:0.20027777777777778
RouterService:0.18666666666666668
DataGapDetector:0.18388888888888888
