Node:0.4866666666666667
SkipList:0.36666666666666664
HashMap:0.2966666666666667
ArrayQueue:0.26666666666666666
TreeMap:0.26666666666666666
Trie:0.26
DataStructures:0.25333333333333335
TrieMap:0.21333333333333335
BinarySearchTree:0.21
RadixTrie:0.17
MergeSort:0.14333333333333334
INodeCreator:0.006666666666666667
