DefOperationTests:0.43111111111111106
MethodWriter:0.35333333333333333
BasicAPITests:0.29
EqualsTests:0.26666666666666666
WriterConstants:0.043333333333333335
