Utils:0.8233333333333334
Message:0.36666666666666664
DeterministicSeed:0.28
Base58:0.23833333333333334
BitcoinPacketHeader:0.15666666666666668
