Settlement:0.47
ChatBox:0.36
MainScene:0.2866666666666667
OGGSoundClip:0.2838888888888889
Flyout:0.2733333333333333
AudioPlayer:0.21133333333333335
