HttpTestClient:0.6633333333333333
HttpServerResponse:0.42833333333333334
DefaultHttpServerResponse:0.41
JavaHttpTest:0.32666666666666666
