ShadowSQLiteDatabase:0.67
SQLiteDatabaseTest:0.4633333333333333
SQLiteOpenHelperTest:0.37
ShadowSQLiteOpenHelper:0.18666666666666668
