ControlCenter:0.4866666666666667
ActionOpen:0.39
Stats:0.22333333333333333
ActionSave:0.21
