TextField:0.6686666666666666
Script:0.5
ScriptEditor:0.43333333333333335
EventRecorderTest:0.32666666666666666
