UURI:0.7866666666666666
ExtractorHTML:0.30333333333333334
URIRegExpFilter:0.13666666666666666
ExtractorJS:0.056666666666666664
