Injector:0.5766666666666667
InjectorImpl:0.36666666666666664
PrivateModule:0.29333333333333333
Parameter:0.2866666666666667
FactoryProvider:0.26
Builder:0.21666666666666667
Elements:0.21
InjectorBuilder:0.18333333333333332
InjectorShell:0.13333333333333333
ModulesBuilder:0.12
