Function:0.4633333333333333
Aggregation:0.32666666666666666
TableIdent:0.3233333333333333
Builder:0.2633333333333333
DistributingShardCollectFuture:0.2275
