IPublisherSessionLocal:0.48
IPublisherSessionRemote:0.48
LDAPPublisherSessionBean:0.31333333333333335
LDAPActiveDirectoryPublisherSessionBean:0.2733333333333333
