JsEnvironment:0.6066666666666667
ScriptingTestCase:0.38666666666666666
ScriptingEnvironment:0.35333333333333333
