AtmosphereRequest:0.8233333333333334
WebSocketProcessor:0.4066666666666667
SimpleHttpProtocol:0.26
Jetty8WebSocket:0.17
