JChemPaintPanel:0.49333333333333335
RenderPanel:0.37666666666666665
JCPToolBar:0.20733333333333334
JCPAction:0.2
ChangeModeAction:0.1211111111111111
SwingUndoRedoFactory:0.07583333333333334
SwingAddAtomsAndBondsEdit:0.07
RedoAction:0.04666666666666667
UndoAction:0.04666666666666667
