AddressAndPort:0.5533333333333333
BytesExternalizableImpl:0.41333333333333333
ProposedIdentifierWithHost:0.33
RemoteNodes:0.23
DiscoveryCluster:0.21333333333333335
UDPEventListener:0.20944444444444443
NodeDiscoveryBroadcaster:0.13
UdpSocketChannelEntryWriter:0.11
UdpSocketChannelEntryReader:0.11
ConcurrentExpiryMap:0.023333333333333334
NodeDiscoveryBroadcasterTest:0.02
