Graph:0.64
PrefabGraph:0.51
PropertiesGraphDao:0.37333333333333335
PrefabGraphType:0.25333333333333335
