PyFile:0.51
IOBase:0.3458333333333333
StreamIO:0.33
ServerSocketIO:0.2633333333333333
SocketIO:0.22666666666666666
DatagramSocketIO:0.22666666666666666
RawIOBase:0.13666666666666666
FileIO:0.10666666666666667
FileDescriptors:0.006666666666666667
