PopupMenu:0.41
GridLayout:0.26
RelativeLayout:0.26
EditText:0.23333333333333334
ImageView:0.23333333333333334
DrawerLayout:0.23333333333333334
ProgressBar:0.23333333333333334
Spinner:0.22666666666666666
Button:0.22444444444444442
RadioButton:0.21555555555555558
CheckBox:0.21555555555555558
FrameLayout:0.21
LinearLayout:0.21
TextView:0.19
SavedState:0.04
