CommonEjbcaWS:0.55
HttpMethodsTest:0.4
SimpleVerifier:0.37211111111111106
EjbcaWSTest:0.27666666666666667
