MossModel:0.8333333333333334
ParametersPage2:0.20777777777777778
MossTestRunner:0.19666666666666666
MossWizard:0.18
MossFileTestRunner:0.16
InputPage:0.07388888888888888
