DicomEchoWindow:0.54
CreateOrEditAETPage:0.2711111111111111
AEListPanel:0.2633333333333333
CipherModel:0.23333333333333334
