ConfigurationFactory:0.62
ServerConfigurationTest:0.33666666666666667
ConfiguredCommand:0.31
GzipConfigurationTest:0.26
RequestLogConfigurationTest:0.14333333333333334
