TestJPPFTask:0.34
BaseTestHelper:0.31
TaskExecutionNotification:0.2633333333333333
TaskExecutionEvent:0.2
NotifyingTaskListener:0.14733333333333334
NotifyingTask2:0.08333333333333333
