StatusListener:0.5361111111111111
JmolEditor:0.41
JmolContentOutlinePage:0.27
JmolScriptingTools:0.21333333333333335
