Decoder:0.43833333333333335
Helpers:0.38666666666666666
ParserTest:0.16333333333333333
