AbstractParam:0.36
DropwizardResourceConfig:0.3433333333333333
ConstraintMessage:0.2816666666666667
ConstraintViolationExceptionMapperTest:0.22333333333333333
ValidatingResource:0.18
Validators:0.15260101010101007
PermissiveEnumDeserializer:0.14666666666666667
LongParam:0.06333333333333334
BooleanParam:0.06333333333333334
UUIDParam:0.06333333333333334
IntParam:0.06333333333333334
LocalDateParam:0.043333333333333335
DateTimeParam:0.043333333333333335
BeanParameter:0.043333333333333335
NonEmptyStringParam:0.04027777777777778
