InvoiceTest:0.48333333333333334
SellerTest:0.3566666666666667
OnlyReadDetailsInvoiceTest:0.29333333333333333
OnlyEditDetailsInvoiceTest:0.2866666666666667
