Settlement:0.38861111111111113
GoodsManager:0.38333333333333336
Simulation:0.37333333333333335
MasterClock:0.2966666666666667
SimulationConfig:0.264
Cooking:0.22166666666666668
MarsProjectFX:0.19444444444444445
