Relation:0.5166666666666667
Domain:0.4033333333333333
MyRenderer:0.2633333333333333
AbstractDialectTestCase:0.2
RelationEdge:0.14
Path2DRotatedHelper:0.11666666666666667
