Worker:0.6266666666666667
MangoScriptModel:0.3333333333333333
MangoSafeModel:0.21
CodeSurvey:0.20827777777777778
SaveScriptMsg:0.18333333333333332
RulebaseMsg:0.18111111111111108
MethodUtil:0.17777777777777778
CoalesceStandingHypothesesMsg:0.15
ScriptSaveAction:0.11333333333333333
GeneralPreferencePage:0.09
