RecordStore:0.6533333333333333
MapService:0.54
CachedDataRecord:0.43333333333333335
PartitionRecordStore:0.33666666666666667
QueryPartitionOperation:0.2633333333333333
QueryOperation:0.16666666666666666
AddIndexOperation:0.13
MapDataSerializerHook:0.06666666666666667
