MediaDriverAdminThread:0.4669444444444444
BasicBufferManagementStrategy:0.4033333333333333
AdminBuffers:0.35
