ComponentDeviceList:0.34
ComponentDevice:0.31333333333333335
ComponentUpload:0.22333333333333333
ComponentComboBox:0.22
ComponentRackView:0.14
ScriptQueryExecutorImpl:0.10333333333333333
