OutgoingBatchService:0.4766666666666667
IntegrationTest:0.38666666666666666
DataService:0.3433333333333333
ConfigurationService:0.32
