Shard:0.7433333333333333
MockIndicesService:0.31
IndicesClusterStateServiceRandomUpdatesTests:0.2833333333333333
IndicesClusterStateService:0.26
MockIndexShard:0.13666666666666666
AllocatedIndices:0.07416666666666667
CheckpointsIT:0.0011111111111111111
