BasicCrawler:0.41333333333333333
TraverseGenerator:0.41333333333333333
WorkQueue:0.27666666666666667
