Statement:0.46
ValueAttribute:0.46
ValueType:0.43666666666666665
TypeStringProvider:0.2833333333333333
Structurizer:0.22
CodeTest:0.17
SourceMapper:0.15666666666666668
SourceExtractionCache:0.0011111111111111111
