GISViewTopComponent:0.4533333333333333
GeoPositionedNodeWidget:0.36666666666666664
GISViewService:0.27
GISViewScene:0.24666666666666667
MapComponentWidget:0.20666666666666667
