Mesh:0.67
SpriteBatch:0.5633333333333334
SpritePerformanceTest:0.31333333333333335
