FedoraAccessSoapServlet:0.7341666666666666
MethodParameterResolverServlet:0.5166666666666667
