ChannelPool:0.5486507936507938
ClientStats:0.3933333333333333
ChannelManager:0.3933333333333333
DefaultChannelPool:0.33166666666666667
IdleChannel:0.27666666666666667
