TabbedPane:0.43666666666666665
ResContainer:0.37
LineNumbers:0.2866666666666667
CodeWriter:0.26666666666666666
JResource:0.2633333333333333
MainWindow:0.25
ContentPanel:0.24666666666666667
ResourceFile:0.22333333333333333
JRoot:0.20666666666666667
ResultsTableCellRenderer:0.19
CommonSearchDialog:0.17666666666666667
ResourcesLoader:0.16666666666666666
FileUtils:0.115
ResourcesSaver:0.05
ResourceFileContent:0.02666666666666667
