NodeRunner:0.35
AbstractJPPFClassLoader:0.29333333333333333
TraversalList:0.2833333333333333
NodeThread:0.19111111111111112
SocketInitializerImpl:0.17
SocketInitializationTask:0.15444444444444444
