RegionMaker:0.4
IfInfo:0.36666666666666664
IfCondition:0.33666666666666667
Process:0.31666666666666665
BlockUtils:0.29
IfRegionVisitor:0.27666666666666667
RegionUtils:0.18
Jadx:0.15333333333333332
CheckRegions:0.13416666666666666
ConditionGen:0.13333333333333333
AType:0.12666666666666668
TestLoopCondition2:0.09
TestCls:0.05333333333333334
