AppearanceOptionPane:0.076992415
TextAreaOptionPane:0.07126414
EditingOptionPane:0.0668736
GeneralOptionPane:0.06335331
EncodingsOptionPane:0.05920795
PrintOptionPane:0.042853042
StatusBarOptionPane:0.04243382
ShortcutsOptionPane:0.035489045
PluginManagerOptionPane:0.03279172
DockingOptionPane:0.03175728
AbbrevsOptionPane:0.028832728
SyntaxHiliteOptionPane:0.027638102
PluginOptionGroup:0.015770454
