jEdit:0.25836694
JEditBuffer:0.22081217
VFS:0.17611712
VFSBrowser:0.12779061
EditPane:0.12565517
BufferSaveRequest:0.12126285
FileVFS:0.12106884
View:0.11858548
MiscUtilities:0.11564077
Macros:0.11294657
VFSManager:0.10959182
VFSFile:0.10846975
Mode:0.101594254
GUIUtilities:0.09940023
BufferIORequest:0.0842177
PluginJAR:0.081081994
PerspectiveManager:0.07961709
BufferUpdate:0.07946556
TextArea:0.07563137
MarkersSaveRequest:0.07276933
BeanShell:0.071831934
Abbrevs:0.06903807
Log:0.066539206
ModeProvider:0.06419984
EditBus:0.062331725
BrowserView:0.059525087
BufferSet:0.057822358
BufferAutosaveRequest:0.05686927
DockableWindowManager:0.054940894
AllBufferSet:0.052475467
HyperSearchResults:0.050636854
Marker:0.05039632
VFSDirectoryEntryTable:0.049187325
FoldHandler:0.04605056
TextAreaTransferHandler:0.045463134
StatusBar:0.04512085
MarkerViewer:0.03972177
UndoManager:0.038752373
DockingLayoutManager:0.037039254
GrabKeyDialog:0.036752198
StandardUtilities:0.036683414
TokenMarker:0.035220265
BufferListSet:0.032542005
ThreadUtilities:0.030969657
HyperSearchRequest:0.030461302
CurrentBufferSet:0.029613307
FoldWidgetFactory:0.028822312
DirectoryProvider:0.02649862
EmacsUtil:0.024459533
TokenHandler:0.024327498
BufferSwitcher:0.023513036
ParserRuleSet:0.023209427
EncodingWidgetFactory:0.022735627
IndentWidgetFactory:0.022074288
BufferUndoListener:0.022010043
MarkersProvider:0.021446152
AwtRunnableQueue:0.018398015
BufferSetAdapter:0.013101664
JEditVisitorAdapter:0.011894539
HyperSearchNode:0.0069149844
SelectLineRange:0.006403861
SaveCaretInfoVisitor:0.0024837416
IntegerArray:0.002103705
