BufferUpdate:0.29917926
ViewUpdate:0.28235012
EditorExiting:0.26168722
PropertiesChanged:0.24268284
EBComponent:0.23236051
EditPaneUpdate:0.2144605
PluginUpdate:0.15142652
BufferSetWidgetFactory:0.08476177
JEditSwingTrayIcon:0.075343005
DockingLayoutManager:0.06022303
InstallPanel:0.057264604
