ActionSet:0.4688519
BeanShellAction:0.30679128
JEditAbstractEditAction:0.27337667
ActionContext:0.23366947
JEditActionContext:0.22593407
jEdit:0.17816213
Macros:0.16589478
InputHandler:0.12550923
VFSBrowser:0.124787666
DefaultInputHandler:0.122362316
EnhancedCheckBoxMenuItem:0.12017163
View:0.0991797
VFSDirectoryEntryTable:0.08609847
BrowserView:0.06975503
Log:0.062206347
DockingLayoutManager:0.05106848
ShortcutsOptionPane:0.050875667
EmacsUtil:0.027151948
