FoldHandlerProvider:0.30078065
DefaultFoldHandlerProvider:0.2820285
DummyFoldHandler:0.23703323
ServiceManager:0.20934597
JEditBuffer:0.19251549
Buffer:0.080221705
PluginJAR:0.051314935
EditingOptionPane:0.016651765
