DefaultInputHandler:0.20118365
GrabKeyDialog:0.13224742
InputHandler:0.07727707
DockableWindowManager:0.047629528
EnhancedDialog:0.043501
EnhancedCheckBoxMenuItem:0.022758061
MouseActions:0.014247661
