PluginJAR:0.09290136
Buffer:0.09208274
VFSManager:0.08227055
VFSBrowser:0.0819999
VFSFile:0.07855234
Macros:0.07734191
JEditHistoryModelSaver:0.06399464
ManagePanel:0.057513483
Abbrevs:0.05638594
BufferSaveRequest:0.05617216
JARClassLoader:0.05482868
Roster:0.04691736
InstallPanel:0.04163263
BrowserView:0.04050084
VFSFileNameField:0.039563768
PerspectiveManager:0.038285576
SettingsReloader:0.037558965
HelpViewer:0.035557456
BrowserCommandsMenu:0.033301216
VFSDirectoryEntryTable:0.032569014
PluginResURLConnection:0.03005634
SplitConfigParser:0.029209126
PluginManager:0.026248906
EncodingsOptionPane:0.02171585
PluginManagerOptionPane:0.02053182
ModeCatalogHandler:0.020153739
TipOfTheDay:0.010247974
TextAreaDialog:0.0025578535
