ParseException:0.025057863
JJTParserState:0.024884947
Interpreter:0.0199295
ParserTreeConstants:0.013971812
ParserConstants:0.009263388
BSHBinaryExpression:0.008502289
Primitive:0.005720148
BSHUnaryExpression:0.0050524063
BSHAssignment:0.0048861126
BSHPrimarySuffix:0.004072155
BSHEnhancedForStatement:0.003875821
BSHAllocationExpression:0.0038741836
BSHPrimaryExpression:0.0034355423
BSHMethodDeclaration:0.003305997
BSHType:0.003110086
SimpleNode:0.0029259238
BSHTryStatement:0.0029160986
BSHForStatement:0.0028639762
ParserTokenManager:0.0027474242
BSHLiteral:0.0024094738
JavaCharStream:0.0022631648
BSHMethodInvocation:0.00224922
BSHTernaryExpression:0.0021714403
BSHVariableDeclarator:0.0021240446
BSHWhileStatement:0.002101313
BSHClassDeclaration:0.0020161674
BSHCastExpression:0.0019318076
BSHArrayDimensions:0.0019018746
BSHBlock:0.0018876547
BSHSwitchStatement:0.0017723395
BSHTypedVariableDeclaration:0.0016137314
BSHIfStatement:0.001491215
BSHReturnStatement:0.0012758
Token:0.001211427
BSHArrayInitializer:0.0011512793
Modifiers:0.0010142912
BSHThrowStatement:9.5725985E-4
BSHAmbiguousName:8.6364447E-4
BSHImportDeclaration:8.083843E-4
BSHStatementExpressionList:8.0322946E-4
BSHSwitchLabel:7.595003E-4
BSHReturnType:7.450869E-4
BSHFormalParameters:6.507144E-4
BSHFormalParameter:6.3652435E-4
BSHPackageDeclaration:4.922125E-4
BSHArguments:3.81108E-4
BSHPrimitiveType:3.6220418E-4
BSHFormalComment:3.0301078E-4
Node:3.8812886E-5
