GRU:0.6766666666666666
GradientCheckUtil:0.2277777777777778
GradientCheckTests:0.023333333333333334
