WYSIWYGPlugin:0.56
WYSIWYGHTMLEditor:0.38333333333333336
MethodTag:0.27
VarTagUtil:0.18
VarTagSupportServlet:0.13666666666666666
FreemarkerUtil:0.13333333333333333
FtlTagSupportServlet:0.13333333333333333
HtmlFormType:0.12333333333333334
ValidationHashModel:0.09666666666666666
FormatTag:0.07333333333333333
VarTagInfo:0.02
FormatMapping:0.006666666666666667
