ElementMatchersTest:0.5366666666666666
Cached:0.30666666666666664
CachingMatcherTest:0.25833333333333336
FieldCacheEntry:0.23833333333333334
PoolStrategy:0.22166666666666668
FieldConstant:0.21
ParameterIndexToken:0.2
MethodConstant:0.17666666666666667
StorageKey:0.173
LookupKey:0.163
CachedConstructor:0.14333333333333334
CachedMethod:0.14333333333333334
