XmlDocumentHandler:0.55
HtmlDocumentHandler:0.4033333333333333
TestHtml:0.3933333333333333
