Table:0.74
TableTest:0.36333333333333334
LwjglDebugStarter:0.11666666666666667
