TestLazyCacheCtrl:0.56
InitializeLazyCacheTest:0.32
TaskCacheImpl:0.3022222222222222
UninitializeCacheTest:0.14333333333333334
DirtyLazyCacheTest:0.02
