TransportSQLActionTest:0.5577777777777777
Planner:0.35333333333333333
PlanVisitor:0.2833333333333333
Visitor:0.27
TransportExecutor:0.11
