Rule:0.7125
RuleModel:0.37
Parameters:0.3311111111111111
RuleTreeNode:0.29333333333333333
