SharedProject:0.9116666666666666
SessionManager:0.48333333333333334
