ChildBindersWidget:0.37666666666666665
GwtTeamingMessages:0.31666666666666665
GwtServerHelper:0.30333333333333334
GwtRpcServiceImpl:0.2511111111111111
GwtTeamingImageBundle:0.23666666666666666
LandingPageWidget:0.19666666666666666
LandingPageView:0.19111111111111112
DiscussionWSView:0.1877777777777778
GetListOfChildBindersRpcResponseData:0.09
GetListOfChildBindersCmd:0.043333333333333335
