ListClientProxy:0.5233333333333333
HazelcastClient:0.43666666666666665
ClientCollectionOperationHandler:0.16666666666666666
ClientService:0.13333333333333333
MapContainsHandler:0.121
AddListenerHandler:0.121
MapIterateKeysHandler:0.11
MapSizeHandler:0.10333333333333333
MapItemRemoveHandler:0.07948941798941801
SetAddHandler:0.07948941798941801
CollectionClientProxy:0.06666666666666667
