TypeUtils:0.47
IOUtils:0.42380555555555555
ASMUtils:0.31333333333333335
