WebClient:0.5033333333333333
Location:0.27666666666666667
HtmlForm:0.2733333333333333
HtmlAnchor:0.2531111111111111
HTMLFormElement:0.21666666666666667
HtmlFormTest:0.18333333333333332
PageReloadTest:0.06
