RandomGuidUidGenerator:0.6955555555555555
UidGenerator:0.5366666666666666
