SimpleObject:0.4266666666666667
SimpleService:0.305
Database:0.21666666666666667
ApplicationConfig:0.01
