ExplicitSuspicionOp:0.7122222222222222
SyncReplicaVersionTask:0.21944444444444444
