MethodInterceptor:0.68
AopMethodAdapter:0.31
ClassXTest:0.20333333333333334
AbstractClassAgent:0.18
AsmClassAgent:0.16916666666666666
AsmClassAgentTest:0.13666666666666666
ScopeJsonIocTest:0.11333333333333333
RegexMethodMatcherTest:0.09
AbstractMethodInterceptor:0.07361111111111111
TransactionInterceptor:0.06666666666666667
Mammal:0.043333333333333335
