HazelCastStateTracker:0.44333333333333336
ActorNetworkRunner:0.3433333333333333
ActorNetworkRunnerApp:0.33666666666666667
WorkerActor:0.3333333333333333
BatchActor:0.1988888888888889
Classify2sAnd4s:0.09666666666666666
Ec2BoxCreator:0.09
ActorNetworkRunnerTest:0.06333333333333334
HazelCastStateTrackerTest:0.03333333333333333
Test2sAnd4s:0.023333333333333334
