EventBusBackgroundThreadTestWithIndex:0.5432936507936508
EventBusBasicTestWithIndex:0.5432936507936508
