SinglePassBootImage:0.39666666666666667
ELFOutput:0.39
ELFRandomAccessFile:0.26
FileDescriptor:0.25333333333333335
DataOutputByteBuffer:0.21444444444444447
DataSection:0.17577777777777778
sun15_linuxObjectTraverser:0.14
