JavaPackage:0.7411666666666666
PackageManager:0.67
PySystemState:0.36333333333333334
SysPackageManager:0.3
PyJavaPackage:0.2633333333333333
BasePackageManager:0.15666666666666668
