BandwidthController:0.8166666666666667
UploadEngine:0.36333333333333334
