ADResources:0.5233333333333333
NTLMLoginModule:0.32
AbstractLdapLoginModule:0.2733333333333333
ADPasswordLoginModule:0.21
