TemporaryAnnotationManager:0.37666666666666665
Line:0.36833333333333335
Concordance:0.3466666666666667
AnnotationManager:0.22666666666666666
LineLabelProvider:0.20333333333333337
KnowledgeRepository:0.18666666666666668
KnowledgeRepositoryManager:0.15333333333333332
