NearCacheSerializationCountConfigBuilder:0.47
NearCachedClientCacheProxy:0.26666666666666666
LiteMemberMapNearCacheSerializationCountTest:0.25333333333333335
ClientReplicatedMapNearCacheSerializationCountTest:0.25333333333333335
TxnMapNearCacheSerializationCountTest:0.25333333333333335
ClientMapNearCacheSerializationCountTest:0.25333333333333335
MapNearCacheSerializationCountTest:0.25333333333333335
MapProxySupport:0.25
ClientCacheNearCacheSerializationCountTest:0.25
NearCachedMapProxyImpl:0.24
MapProxyImpl:0.24
NearCachedClientMapProxy:0.21333333333333335
AbstractNearCacheSerializationCountTest:0.15666666666666668
