Query:0.35
Parameters:0.2833333333333333
NodeChannel:0.28
IEnvironment:0.2652380952380952
AbstractDbDialect:0.26
ConfigurationService:0.24333333333333335
NodeService:0.22666666666666666
ParameterService:0.20333333333333334
Log:0.15
SymmetricClient:0.15
DefaultEnvironment:0.10666666666666667
AndroidEnvironment:0.09
AbstractParameterizedService:0.03666666666666667
ChannelMapper:0.03
NodeChannelControlMapper:0.012222222222222221
