GroupByAggregateTest:0.6344444444444444
SortingTopNProjector:0.26666666666666666
SingleKeyGrouper:0.22333333333333333
ManyKeyGrouper:0.22333333333333333
AbstractProjector:0.22
