ProfileSearchInfoDetail:0.6133333333333333
ProfileSearchService:0.37290476190476185
ProfileBackingBean:0.35333333333333333
FreelancerDAOHibernateImpl:0.17
ProfileSearchResult:0.16666666666666666
ProfileSearchEntry:0.14666666666666667
ProfileBackingBeanDataModel:0.13444444444444442
ProfileSearchServiceImpl:0.12666666666666668
ProfileSearchRequest:0.043333333333333335
