FolderForm:0.7033333333333334
StudyFilterModel:0.5733333333333334
FolderSubmitCtrl:0.23166666666666666
