NewApplicationAction:0.5432936507936508
CloseAction:0.5432936507936508
