ShapeJEdge:0.36333333333333334
ShapeJGraph:0.3
ShapeJPortView:0.23
ShapeJModel:0.23
ShapeLabelValue:0.21666666666666667
ShapeJCellViewFactory:0.21333333333333335
MyFactory:0.20666666666666667
ShapePreviewDialog:0.1925
EcJVertex:0.18333333333333332
ShapeNode:0.06666666666666667
ShapeAdornmentValue:0.03666666666666667
