Engine:0.4633333333333333
EngineConfig:0.44
IndexShard:0.39666666666666667
IndicesClusterStateService:0.265
FailedShardHandler:0.2636150793650792
InternalEngineTests:0.23
InternalEngine:0.22555555555555554
ShadowEngineTests:0.20333333333333334
ShadowEngine:0.2033333333333333
ShardFailure:0.09555555555555555
EventListener:0.02
ShardEventListener:0.0
