InMemoryLookupTable:0.5033333333333333
Builder:0.45
WordVectorSerializer:0.3233333333333333
SkipGram:0.25666666666666665
CBOW:0.14666666666666667
ParagraphVectorsTest:0.14666666666666667
