AlignLeftArranger:0.5933333333333334
AlignRightArranger:0.51
AbstractArranger:0.37333333333333335
CenteredArranger:0.2633333333333333
