RowN:0.5553452380952381
Row8:0.5553452380952381
Row6:0.5553452380952381
Row7:0.5553452380952381
Row4:0.5553452380952381
Row5:0.5553452380952381
Row2:0.5553452380952381
Row3:0.5553452380952381
RowImpl:0.4666666666666667
