LandingPagePropertiesDlgBox:0.37
LandingPageProperties:0.34
GwtTeamingMessages:0.31666666666666665
Canvas:0.27666666666666667
DropZone:0.2733333333333333
GwtTeamingImageBundle:0.23666666666666666
ActionsControl:0.23666666666666666
DefinitionHelper:0.21722222222222218
WebKeys:0.014285714285714285
