ECKey:0.6633333333333333
Transaction:0.5466666666666666
TransactionSignature:0.21
WalletTest:0.16333333333333333
TestWithWallet:0.1
