SilentUpdatesMessage:0.7266666666666667
SilentTrainingDriver:0.44666666666666666
WiredEncodingHandler:0.3244444444444444
