JFXConverterAction:0.5533333333333333
DropShadowKey:0.37333333333333335
MarginKey:0.30666666666666664
PropertyGenerator:0.24333333333333335
