ParseContext:0.37666666666666665
InternalParseContext:0.3566666666666667
FilterParseContext:0.34
StringFieldMapper:0.30333333333333334
RoutingFieldMapper:0.2833333333333333
TimestampFieldMapper:0.2544444444444445
TokenCountFieldMapper:0.18555555555555558
