AnnotationPanel:0.4033333333333333
DatabaseHandler:0.33
SeriesChooserDelegate:0.25666666666666665
TextOverlay:0.24444444444444446
SeriesListUpdator:0.22411111111111112
WindowingTextOverlay:0.19
