Variable:0.32666666666666666
FieldValidatorsWizardPage:0.32
VariableTableLabelProvider:0.27666666666666667
BSHParamsComposite:0.20777777777777778
ValidatorWizard:0.13916666666666666
GlobalValidatorsWizardPage:0.13333333333333333
