HeaderConfig:0.5910000000000001
TomcatWebSocketUtil:0.35333333333333333
Utils:0.20666666666666667
