CollectionPersister:0.6033333333333334
ActionQueue:0.44333333333333336
AbstractCollectionPersister:0.3566666666666667
OneToManyPersister:0.35
BasicCollectionPersister:0.2
NoopCollectionPersister:0.19855555555555554
AbstractFlushingEventListener:0.18666666666666668
OrderByTest:0.08
