Style:0.5566666666666666
View:0.41333333333333333
Liferay41Style:0.24
WebSpherePortal61Style:0.23666666666666666
Liferay43Style:0.23
WebSpherePortal6Style:0.21666666666666667
