DataManager:0.5833333333333334
XmlSerializer:0.3466666666666667
AjaxEditUtils:0.31
EditLib:0.27
LuceneSearcher:0.18666666666666668
SearchController:0.14666666666666667
Create:0.05
Insert:0.03666666666666667
View:0.021666666666666667
Get:0.0033333333333333335
GetTypes:0.0025
