Graphics3D:0.5066666666666667
Cylinder3D:0.44
Graphics2D:0.16333333333333333
Cylinder2D:0.12333333333333334
