ExpressionFactory:0.4533333333333333
Mapping:0.4266666666666667
XmlFlowBuilder:0.4066666666666667
ExpressionTransitionCriteria:0.2111111111111111
TextToTransitionCriteria:0.15666666666666668
