ProtocolScepHttpTest:0.5733333333333334
ScepRequestGenerator:0.5633333333333334
