AgentBuilderDefaultTest:0.5766666666666667
AgentBuilderDefaultApplicationTest:0.37666666666666665
LambdaFactoryTest:0.345
