MetaModel:0.535
XavaPreferences:0.45133333333333336
ApplicantTest:0.15666666666666668
QuoteTest:0.12333333333333334
ShowQuoteProducsAction:0.05
