SecureRandomHolder:0.6201507936507936
Strings:0.5766666666666667
ZenDiscovery:0.30333333333333334
RollingRestartStressTest:0.29
IndexRequest:0.25333333333333335
TestCluster:0.21666666666666667
Indexer:0.17555555555555558
FullRestartStressTest:0.17333333333333334
BloomBench:0.04
