IndicesAliasesRequest:0.6858333333333333
IndexAliasesIT:0.2633333333333333
RestIndicesAliasesAction:0.13333333333333333
