DefaultCasEventListener:0.6466666666666666
ConfigurationDirectoryPathWatchService:0.31333333333333335
CasConfigurationModifiedEvent:0.30666666666666664
