ListOQLTest:0.8166666666666667
MakumbaTestSetup:0.31666666666666665
