TSVM:0.41
InvokeInstruction:0.375
INVOKECG:0.28444444444444444
Listener:0.20277777777777778
TestUnprotectedRW:0.2
CallMonitor:0.15666666666666668
