EditView:0.73
BasicEditor:0.4533333333333333
FocusPolicy:0.051666666666666666
