ClusterHeartbeatManager:0.67
MemberHeartbeatPlugin:0.23666666666666666
Preconditions:0.19
GroupProperty:0.14983333333333335
