MemoryPool:0.6033333333333334
QueryContext:0.4033333333333333
MockRemoteTask:0.20666666666666667
MemoryManagerConfig:0.18666666666666668
ClusterMemoryManager:0.18
TestSqlTask:0.17
AbstractOperatorBenchmark:0.13666666666666666
TestMemoryManagerConfig:0.12333333333333334
TestingTaskContext:0.11666666666666667
LocalMemoryManager:0.11333333333333333
TestMemoryPools:0.09333333333333334
