Credential:0.5333333333333333
CredentialDomain:0.40444444444444444
ARCWriterProcessor:0.20666666666666667
