SimpleDOReader:0.6233333333333333
DirectoryBasedRepositoryReader:0.4066666666666667
DOManager:0.3641111111111111
SimpleDOWriter:0.23666666666666666
FieldSearchTest:0.22
RepositoryReaderTest:0.13444444444444442
SimpleBMechReader:0.10333333333333333
SimpleServiceAwareReader:0.08333333333333333
SimpleBDefReader:0.08333333333333333
