JavaConfigApplicationContext:0.4666666666666667
ConfigurationProcessor:0.46
ConfigurationPostProcessorTests:0.4033333333333333
DefaultJavaConfigBeanDefinitionLoader:0.3433333333333333
JavaConfigWebApplicationContext:0.09833333333333333
BeanShadowingTests:0.03
