FastShortBuffer:0.24666666666666667
FastCharBuffer:0.24666666666666667
FastBooleanBuffer:0.24666666666666667
FastFloatBuffer:0.24666666666666667
FastByteBuffer:0.24666666666666667
FastDoubleBuffer:0.24666666666666667
FastIntBuffer:0.24666666666666667
FastLongBuffer:0.24666666666666667
