TravelMission:0.6247222222222223
MissionTableModel:0.33
MissionManager:0.31333333333333335
VehicleMission:0.2633333333333333
MonitorWindow:0.25
MissionListener:0.1706111111111111
