LogBufferDescriptor:0.5966666666666667
DriverConductor:0.4
RawLogFactory:0.27666666666666667
LogBuffers:0.23444444444444448
PublicationTest:0.21666666666666667
RawLogFactoryTest:0.16666666666666666
MappedRawLog:0.10333333333333333
