MessageStream:0.7166666666666667
PublisherTool:0.4633333333333333
SubscriberTool:0.31333333333333335
PublisherThread:0.10666666666666667
