InterleavedBlock:0.8438888888888889
InterleavedBlockEncoding:0.4766666666666667
