Series:0.64
TimeSeries:0.5833333333333334
SeriesIntervalPrice:0.37333333333333335
SeriesDouble:0.36666666666666664
IntervalPrice:0.27
ConstantEstimator:0.21
Index:0.20666666666666667
SimpleLocalEstimator:0.2
Garch11:0.18
TimeSeriesIntervalPrice:0.17666666666666667
GarmanKlassAbstract:0.11333333333333333
EstimatorsTest:0.09666666666666666
GarmanKlassOpenClose:0.09
TimeSeriesDouble:0.07
