ProcessLog:0.7233333333333334
GraphHistoryBuilder:0.5166666666666667
EmbeddedSubprocessLogsData:0.19666666666666666
TransitionLogData:0.11
ProcessDefinitionData:0.085
GraphHistoryBuilderData:0.06666666666666667
