TicketMetadata:0.49333333333333335
JpaTicketRegistry:0.3466666666666667
HazelcastTicketRegistry:0.29333333333333333
CasCoreTicketsConfiguration:0.23
CasProtocolCoreTicketMetadataRegistrationConfiguration:0.09333333333333334
HazelcastTicketRegistryConfiguration:0.09333333333333334
JpaTicketRegistryConfiguration:0.08333333333333333
TicketMetadataRegistrationConfigurer:0.036166666666666666
OAuthProtocolTicketMetadataRegistrationConfiguration:0.03
HazelcastTicketRegistryMapsConfiguration:0.023333333333333334
