ConsoleInstall:0.12092938
InstallThread:0.11963922
Install:0.09999026
NonInteractiveInstall:0.08340757
SwingInstall:0.07607028
