MasterClock:0.51
VirtualMars:0.4166666666666667
SimulationProperties:0.23
PropertiesXmlReader:0.22666666666666666
