ServerConfiguration:0.7183333333333334
ARINCSettings:0.5626666666666668
