Buffer:0.51
JEditTextArea:0.38333333333333336
TokenList:0.33666666666666667
BufferPrintable:0.3
BufferPrinter1_3:0.24
TextUtilities:0.22611111111111115
BufferPrinter1_4:0.17777777777777778
SoftWrapTokenHandler:0.17
PrintOptionPane:0.17
DefaultTokenHandler:0.09
