BioResourceView:0.5833333333333334
TextEditor:0.36
JCPMultiPageEditor:0.32666666666666666
