RmiTransport:0.5666666666666667
RmiTransportWriter:0.3383333333333333
TestRmiTransport:0.26
