MultipleFailuresException:0.4266666666666667
Assertions:0.41333333333333333
ColoredPrintingTestListener:0.31333333333333335
MultipleFailuresTest:0.31333333333333335
SampleTestCase:0.14583333333333334
