RuleBasedRedirectorConfig:0.6616666666666666
HomepageRedirector:0.42333333333333334
RuleBasedRedirector:0.2683333333333333
