ErrorCode:0.44666666666666666
EjbcaWS:0.4033333333333333
UserAdminSessionBean:0.37666666666666665
