PagesHashStrategy:0.6666666666666666
InMemoryJoinHash:0.37
PagesIndex:0.31333333333333335
SimplePagesHashStrategy:0.3
IndexSnapshot:0.19
JoinCompiler:0.17666666666666667
LookupSourceFactory:0.14
TestJoinProbeCompiler:0.11
