LocalUserAdminSessionBean:0.6133333333333333
TestUserData:0.38222222222222224
TestSignSession:0.3433333333333333
