MessageDescription:0.7383333333333333
ISphereHelper:0.45111111111111113
