ServManagerFormCreator:0.38666666666666666
ApplicationEntityManagerImpl:0.36666666666666664
SyncUtil:0.36333333333333334
EndToEndViewScene:0.29
PersistenceService:0.27
BusinessEntityManagerImpl:0.25
EntPhysicalSynchronizer:0.235
IPSynchronizer:0.20666666666666667
StartupBean:0.08666666666666667
