I:0.633888888888889
InjectorImpl:0.4166666666666667
MyModule:0.16333333333333333
Provided:0.14666666666666667
NotRequiredTest:0.11666666666666667
ImplicitBindingTest:0.08666666666666667
ProvidedProvider:0.01
IImpl:0.0011111111111111111
