Transition:0.5366666666666666
MockFlowExecutionListener:0.32666666666666666
RequestControlContextImpl:0.3233333333333333
FlowExecutionImplTests:0.31333333333333335
