DefaultRecordStore:0.53
EntryBackupOperation:0.3466666666666667
RecordStore:0.2833333333333333
EntryOperation:0.25666666666666665
