TCObject:0.47
WebCfgDelegate:0.45
TCEditableObject:0.3466666666666667
TCUtilities:0.31666666666666665
TCViewGenericTextTab:0.28
TCViewOverviewTab:0.23
TCModel:0.22666666666666666
WebCfgService:0.20333333333333334
TCPanel:0.19
TCViewPanel:0.15666666666666668
TCViewBibliographyTab:0.14333333333333334
TCDetailsInfoTab:0.12
TCMultiLineLabel:0.115
TCViewDiagnosisTab:0.11333333333333333
TCResultPanel:0.1
TCDetailsPanel:0.09
TCDetailsAuthorTab:0.08666666666666667
ImageManager:0.04666666666666667
TCViewEditablePanel:0.03
