RubyParser:0.8266666666666667
TC_RubyParser:0.24666666666666667
