ExtensionFXMLTest:0.287
ServerCockpitMultiAppli3_Test:0.26
ServerCockpitMultiAppli4_Test:0.26
ServerCockpitMultiAppli2_Test:0.26
ServerCockpitMultiAppli5_Test:0.26
JFXGesturesTest:0.24033333333333332
ServerCockpitMultiLayerTest:0.21366666666666664
SyntheticWidgetTest:0.21366666666666664
BlinkingContainerTest:0.20033333333333334
CursorOverRendererTest:0.19333333333333333
LayerTreeEditorCopyPaste4Test:0.18
MultiStateButtonRendererTest:0.17700000000000002
Focus2Test:0.17700000000000002
ActiveAreaRendererTest:0.17700000000000002
JFXEditorOpenDFTest:0.17700000000000002
FocusTest:0.17700000000000002
Extension8Test:0.17700000000000002
ExtensionServer14Test:0.17700000000000002
EditorOpenDFSynthTest:0.17700000000000002
ToggleButtonRendererTest:0.17700000000000002
SizeToFitContainerRendererTest:0.17700000000000002
LayerTreeEditorCreate1Test:0.16333333333333333
LayerTreeEditorCopyPaste3Test:0.16333333333333333
Extension2Test:0.16333333333333333
EditorOpenDF2Test:0.16333333333333333
DFHandlerWithJFXBehavior2Test:0.16333333333333333
