ManagedChannelImplTest:0.46
ManagedChannelImpl:0.3
DnsNameResolverTest:0.29333333333333333
NameResolverListenerImpl:0.22
DnsNameResolver:0.21333333333333335
FakeBackoffPolicyProvider:0.1841666666666667
FakeNameResolverFactory:0.14666666666666667
DnsNameResolverProvider:0.10666666666666667
NameResolverRefresh:0.03666666666666667
