ServerInterceptorsTest:0.44166666666666665
ClientInterceptorsTest:0.31
ServerInterceptors:0.24333333333333335
ClientInterceptors:0.13
