AbstractDialogTester:0.5896666666666667
SwtKeyEventTest:0.3368333333333333
