MapPutRequest:0.6133333333333333
MapPortableHook:0.5844444444444444
