Series2000Test:0.4988888888888889
DatumValidator:0.35
GIGSTestCase:0.25666666666666665
