NetworkPublication:0.37666666666666665
Receiver:0.32
FlowControl:0.2812222222222222
PreferredMulticastFlowControl:0.21
MinMulticastFlowControl:0.20666666666666667
MaxMulticastFlowControl:0.1
UnicastFlowControl:0.1
