AutoConfigBeanDefinitionParserTests:0.37666666666666665
ExceptionTranslationParserTests:0.2786666666666667
AuthenticationProcessingFilterDependenciesConfigurer:0.2577777777777778
