El2Test:0.706111111111111
IdentifierObj:0.4633333333333333
AccessOpt:0.3233333333333333
Converter:0.2966666666666667
IdentifierParse:0.10111111111111111
