SWTWorkarounds:0.59
WidgetTester:0.5188888888888888
TreeTester:0.47333333333333333
