Viewer:0.59
EdgeFilterTypeGui:0.5133333333333333
NbrowseToolbar:0.2833333333333333
EdgeFilterView:0.20333333333333334
