Context:0.5533333333333333
DriverConductor:0.38777777777777783
ConnectionMap:0.31777777777777777
SendChannelEndpoint:0.31
Sender:0.22
