ListTasksResponse:0.59
TransportTasksActionTests:0.23
CancelTasksResponse:0.22
TransportCancelTasksAction:0.19
TransportListTasksAction:0.18
TransportRethrottleAction:0.12666666666666668
RestListTasksAction:0.12666666666666668
ListTasksResponseTests:0.08416666666666667
