TS_All:0.15666666666666668
TS_SplitLocal:0.15
TS_InlineLocal:0.14666666666666667
TS_LocalToField:0.14666666666666667
LocalToFieldConditionTester:0.1
InlineLocalConditionTester:0.09666666666666666
SplitLocalConditionTester:0.09666666666666666
LocalToFieldTester:0.08333333333333333
LocalInlinerTester:0.06333333333333334
TS_RenameLocal:0.056388888888888884
TS_InlineLocalConditionChecks:0.04666666666666667
TS_SplitLocalChecks:0.04666666666666667
TS_LocalToFieldChecks:0.04666666666666667
SplitLocalTester:0.016666666666666666
