RangeSet:0.61
HealpixBase:0.44333333333333336
HealpixIndex:0.4266666666666667
HealpixBaseTest:0.31
RangeSetTest:0.02
