SyncDataSourceMigrator:0.5066666666666667
DatabaseMigrationStage2:0.41833333333333333
