DebugFragmentAtom:0.46
DefaultChemObjectBuilder:0.35333333333333333
IChemObjectBuilder:0.31437301587301586
NoNotificationChemObjectBuilder:0.27
CMLIOTests:0.24666666666666667
AtomTypeTest:0.24
CDKAtomTypeMatcherTest:0.1961111111111111
DefaultChemObjectBuilderTest:0.19444444444444445
DebugChemObjectBuilder:0.18166666666666667
NNFragmentAtom:0.07666666666666666
MlibiocmlTests:0.006666666666666667
