EditText:0.5766666666666667
AnimUtils:0.4716666666666667
RippleDrawableCompat:0.38
DemosActivity:0.17111111111111113
ButtonsActivity:0.10666666666666667
