NeuralNetVisualizationTopComponent:0.55
ErrorDataProvider3D:0.22666666666666666
OutputDataProvider3D:0.2
ErrorSurface3D:0.17666666666666667
DatasetErrorDataProvider3D:0.15
OutputSurface3D:0.12866666666666665
DatasetOutputDataProvider3D:0.09333333333333334
