BioclipseJob:0.8257857142857145
TestManager:0.4533333333333333
AbstractManagerMethodDispatcherTest:0.37666666666666665
