DefaultZooKeeperClient:0.44666666666666666
ZooKeeperStandaloneServerManager:0.2866666666666667
ServiceParser:0.24666666666666667
MockCuratorClientFactory:0.20666666666666667
SystemTestBase:0.19666666666666666
MasterConfig:0.17333333333333334
CuratorClientFactory:0.1525
MasterService:0.12666666666666668
AgentConfig:0.12333333333333334
AgentService:0.12333333333333334
MasterRespondsWithNoZKTest:0.12333333333333334
CuratorClientFactoryImpl:0.11
ZooKeeperHealthCheckerTest:0.10666666666666667
MasterParser:0.1
AgentParser:0.1
