RMap:0.7290277777777778
RedissonMap:0.6066666666666667
RedissonMapTest:0.36333333333333334
RMapAsync:0.18416666666666667
RedisCommands:0.06333333333333334
