Renderer2D:0.38
CMLWriter:0.31333333333333335
SmilesParser:0.2726666666666667
MDLWriter:0.22
BasicValidator:0.21666666666666667
SmilesGenerator:0.21666666666666667
SmilesParserTest:0.21666666666666667
MDLReader:0.2
ChemFileCDO:0.2
HOSECodeGenerator:0.17133333333333334
