AbstractTestQueries:0.52
TestExpressionCompiler:0.38666666666666666
TryCastCodeGenerator:0.30333333333333334
CompilerOperations:0.19666666666666666
