ResourceService:0.7433333333333333
DefaultResourceDao:0.42
ResourceDao:0.2773055555555555
DefaultKscReportService:0.27
DefaultResourceService:0.24333333333333335
CustomGraphChooseResourceController:0.16
CustomGraphChooseParentResourceController:0.12666666666666668
