DefaultIsoChecker:0.4777777777777777
StateCache:0.4266666666666667
DefaultScenario:0.29
GTSComparator:0.2733333333333333
