ChemFileCDO:0.8566666666666667
CMLReader:0.37666666666666665
