StructuredbManager:0.4666666666666667
CDKManager:0.36666666666666664
Database:0.27666666666666667
ICDKManager:0.25666666666666665
