ValidatorContainer:0.48
ImageReaderTestCase:0.3333333333333333
ImageWriterTestCase:0.31333333333333335
Validators:0.19666666666666666
ImageValidator:0.16666666666666666
