AuthFilterJAAS:0.56
RelationshipResource:0.22333333333333333
RestParam:0.014071428571428572
