ProcessDefinition:0.565
ValidationErrorsView:0.30044444444444446
GpdXmlContentProvider:0.23083333333333333
AddTransitionFeature:0.22666666666666666
PreferenceInitializer:0.08666666666666667
