SimpleName:0.38
Name:0.31333333333333335
TreeConverter:0.2966666666666667
MethodDeclaration:0.2966666666666667
BindingConverter:0.27666666666666667
FieldAccess:0.25333333333333335
CastResolverTest:0.24666666666666667
QualifiedName:0.22
SuperFieldAccess:0.20666666666666667
CastResolver:0.19
Rewriter:0.18333333333333332
FunctionConverter:0.17
OuterReferenceResolver:0.13
JdtVariableElement:0.11
