HashSlotArray:0.6094444444444443
HashSlotCursor:0.5327777777777777
HashSlotArrayTwinKey:0.40166666666666667
HashSlotCursorTwinKey:0.37166666666666665
CapacityUtil:0.31333333333333335
HashSlotArrayTwinKeyImplTest:0.14666666666666667
HashSlotArrayBase:0.14333333333333334
HashSlotArrayTwinKeyNoValueTest:0.14
HeapMemoryManager:0.14
HashSlotArrayImpl:0.11
HashSlotArrayTwinKeyNoValue:0.08611111111111111
HashSlotArrayImplTest:0.056666666666666664
HashSlotArrayTwinKeyImpl:0.042777777777777776
