SymbolTree:0.5933333333333334
SymbolTreeTest:0.4633333333333333
DummySymbol:0.32666666666666666
Node:0.13111111111111112
