CAAdminSessionBean:0.6677777777777777
CADataHandler:0.2833333333333333
CreateCRLSessionBean:0.25333333333333335
