DetailReport:0.32
ReportConfiguration:0.2733333333333333
AbstractReport:0.20666666666666667
CustomReport:0.20666666666666667
ChooseXsltFilter:0.19166666666666668
ChooseFileToSavePanel:0.0975
ChooseFileToOpenPanel:0.0975
