DataManager:0.6966666666666667
AddXLink:0.18333333333333332
