ElementDesc:0.6028333333333333
GenerateWORDAction:0.3566666666666667
ObjectGenerator:0.3233333333333333
WidgetsDescriptionHandler:0.29333333333333333
