BadFieldStructure:0.6201507936507936
Native:0.5333333333333333
Structure:0.41
Platform:0.36333333333333334
StructureTest:0.3466666666666667
NativeTest:0.22
UnionTest:0.21
WebStartTest:0.18
