SarosNet:0.5466666666666666
UPnPManager:0.3933333333333333
StunServiceImpl:0.17333333333333334
IStunService:0.13
SarosTestNet:0.12333333333333334
