ClientProperty:0.801
HeartbeatManager:0.5366666666666666
PingFailureDetector:0.3753333333333333
