HazelcastClient:0.5266666666666666
ProxyHelper:0.35
HazelcastClientMapTest:0.26
ClientCommandService:0.25
SocketProtocolReader:0.24333333333333335
MapPutHandler:0.21
ProtocolWriter:0.14777777777777776
ReadHandler:0.043333333333333335
ConnectionPool:0.04
ClientAuthenticateHandler:0.023333333333333334
