DatabaseStorageManager:0.7166666666666667
TestDatabaseStorageManager:0.36666666666666664
TestServer:0.36
ServerMainModule:0.24666666666666667
