BuildInfo:0.5
BuildInfoSummary:0.49666666666666665
TimeChartData:0.18333333333333332
BuildInfoTagTest:0.17666666666666667
NavigationTag:0.16
BuildInfoTest:0.16
CruiseControlTagSupportTest:0.15
BuildInfoTag:0.12966666666666665
BuildInfoTagExtraInfo:0.10666666666666667
PieChartData:0.06255555555555556
AbstractCruiseControlChartData:0.0
