UserData:0.5466666666666666
TxmUser:0.5133333333333333
AuthenticationServiceImpl:0.3
ManageUserTab:0.23
SubscribeForm:0.14
ProfileForm:0.12666666666666668
SideNavTree:0.12
