MediaDriverContext:0.43333333333333335
ClientProxy:0.42333333333333334
MediaConductor:0.2966666666666667
MediaConductorTest:0.21666666666666667
CommonContext:0.19416666666666665
MediaDriver:0.18555555555555558
StatusBufferTest:0.15
