Analysis:0.45666666666666667
SchemaInfo:0.43666666666666665
Planner:0.36
InsertAnalysis:0.30666666666666664
TransportExecutorTest:0.2866666666666667
UpdateAnalysis:0.26416666666666666
Analyzer:0.23666666666666666
SelectStatementAnalyzer:0.18
SysSchemaInfo:0.16333333333333333
InformationSchemaServiceTest:0.16333333333333333
UpdateStatementAnalyzer:0.14
DocSchemaInfo:0.09821428571428571
DeleteAnalyzerTest:0.056666666666666664
InformationSchemaInfo:0.04
TestMetaDataModule:0.03166666666666667
InsertStatementAnalyzer:0.0033333333333333335
