CrawlOrder:0.31333333333333335
XMLConfig:0.29333333333333333
CrawlerBehavior:0.2544444444444445
CrawlController:0.1825
CrawlerHandler:0.17333333333333334
Heritrix:0.17111111111111113
InitializationException:0.16666666666666666
ConfigurationException:0.15333333333333332
FatalConfigurationException:0.05
CrawlerConfigurationContants:0.0
