OIOSocketFactory:0.6366666666666667
GWebCacheConnection:0.20727777777777776
ChatEngine:0.18666666666666668
ConnectionFactory:0.18
SharedFilesTableModel:0.16777777777777778
ExploreFolderAction:0.13666666666666666
OnlineObserver:0.13666666666666666
ViewBitziTicketAction:0.11
BrowseHostConnection:0.09333333333333334
