FormHashModel:0.6733333333333333
DocxHandler:0.42444444444444446
FtlFormBuilder:0.41
