WordBuffer:0.62
PrintTask:0.4033333333333333
CreateRelationship:0.2966666666666667
Filter:0.18333333333333332
SwitchCalendar:0.18
