ComplexDouble:0.5333333333333333
SimpleJCublas:0.47
JCublasWrapper:0.3233333333333333
ConvolutionalRBM:0.22333333333333333
IComplexFloat:0.09166666666666666
IComplexDouble:0.013333333333333334
