Join:0.43
MultiSourceSelect:0.3933333333333333
SelectStatementAnalyzerTest:0.38
PushDownTest:0.27
RelationSplitterTest:0.18333333333333332
RelationSplitter:0.15
SubSelectAnalyzerTest:0.14666666666666667
JoinOrdering:0.11333333333333333
