WsdlDefinitionHandlerAdapter:0.6833333333333333
WsdlDefinitionHandlerAdapterTest:0.5066666666666667
