List:0.4166666666666667
Seq:0.3933333333333333
Stream:0.3333333333333333
Array:0.26
ArrayTest:0.24666666666666667
StreamTest:0.24666666666666667
StackTest:0.24666666666666667
ListTest:0.24666666666666667
CharSeq:0.23
Vector:0.22
AbstractSeqTest:0.2125
Stack:0.20333333333333334
QueueTest:0.2
VectorTest:0.2
Queue:0.18333333333333332
