OkCancelDialog:0.6366666666666667
SyntaxTreeViewer:0.6066666666666667
