DataHandler:0.61
Namespace:0.35
QueryHandler:0.33199999999999996
AnsiDataHandler:0.32666666666666666
AnsiQueryHandler:0.32
WikiUtil:0.26
TestDataHandler:0.23
WikiDatabase:0.21333333333333335
WikiLinkTag:0.18333333333333332
EditServlet:0.17
NamespaceTest:0.14666666666666667
MoveServlet:0.1
MagicWordUtil:0.08666666666666667
