WidgetsRefHandler:0.41
DefaultServerXMLDFHandler:0.2966666666666667
DefaultServerBinaryDFHandler:0.2866666666666667
MapItemsUIHandler:0.23666666666666666
ParsedItemRenderer:0.1825
