TermsAggregatorBuilder:0.5066666666666667
BucketCountThresholds:0.37
SignificantTermsAggregatorBuilder:0.31666666666666665
IncludeExclude:0.2733333333333333
GeoDistanceAggregatorBuilder:0.23666666666666666
Range:0.06
