DeterministicStructureElucidationJob:0.7533333333333333
SJSCheckWizardPage:0.36333333333333334
