MapSplitBrainHandlerService:0.39666666666666667
AbstractCacheService:0.36666666666666664
EntryViews:0.33
WaitNotifySplitBrainTest:0.31
SplitBrainTestSupport:0.30666666666666664
IndexSplitBrainTest:0.24611111111111114
ReplicatedMapService:0.21916666666666668
Merger:0.17065656565656565
SemaphoreSplitBrainTest:0.14333333333333334
ProxySplitBrainTest:0.13666666666666666
