Assert:0.7266666666666667
AssertionTest:0.4533333333333333
AssertTest:0.2633333333333333
ComparisonFailureTest:0.16666666666666666
