Symbols:0.66
RelationAnalyzer:0.42
InnerValidator:0.19666666666666666
GroupBySymbolMatcher:0.16666666666666666
GroupBySymbolValidator:0.165
Aggregations:0.10333333333333333
AllLiteralsMatcher:0.06
AggregationOrScalarSearcher:0.04
