Image:0.5333333333333333
Main:0.295
PixelColour:0.24
MainPreferences:0.22
ImageSegmentation:0.21
GraphicsFeedback:0.17333333333333334
CalibrationSheetProperties:0.12333333333333334
ProcessedImageProperties:0.06
