URLConnectionTest:0.38
DiskLruCache:0.30666666666666664
HttpResponseCacheTest:0.30333333333333334
Body:0.26666666666666666
SpdyServer:0.24333333333333335
SampleServer:0.21666666666666667
