Address:0.55
HazelcastTest:0.38666666666666666
ConnectionManagerTest:0.22666666666666666
HazelcastClientClusterTest:0.22333333333333333
SocketInterceptorTest:0.16
ConfigXmlGenerator:0.11666666666666667
