IPropertyCalculator:0.6661111111111111
SDFIndexEditorModel:0.5033333333333333
MoleculeTableManager:0.26666666666666666
NumberOfAtomCalculator:0.22
