Utils:0.6233333333333333
ObjectKeys:0.5040555555555557
TemplateModule:0.44484523809523807
TemplateModuleImpl:0.27
ConfigureConfigurationController:0.20666666666666667
XmlUtils:0.18666666666666668
