Workbench:0.5666666666666667
StatusBar:0.2966666666666667
GedcomDockable:0.23
Visible:0.20666666666666667
Menu:0.19333333333333333
Toolbar:0.16
