ScopeSearchingELResolver:0.3433333333333333
RequestContextELContextFactory:0.34
WebFlowELExpressionParser:0.29
DefaultTargetStateResolver:0.26666666666666666
RequestContextELResolver:0.25333333333333335
ImplicitFlowVariableELResolver:0.24
TextToTransitionCriteriaTests:0.23333333333333334
LegacyJSFELExpressionParser:0.21666666666666667
SpringSecurityELResolver:0.215
JsfFinalResponseActionTests:0.21333333333333335
SearchFlowExecutionTests:0.19666666666666666
TextToTargetStateResolverTests:0.19
DefaultExpressionParserFactory:0.16666666666666666
FacesFlowBuilderServicesBeanDefinitionParser:0.15666666666666668
FlowBuilderServicesBeanDefinitionParserTests:0.13666666666666666
SpringBeanWebFlowELResolver:0.12666666666666668
DefaultExpressionFactoryUtils:0.10666666666666667
TestFlowBuilderServicesFactory:0.09333333333333334
