Duplicate:0.8433333333333334
FetchNoDup:0.32666666666666666
