SiteScapeUtil:0.99
DispatchServer:0.32666666666666666
AuthenticationManager:0.18666666666666668
SessionManager:0.10333333333333333
