FeatureSet:0.44666666666666666
FeaturePair:0.43333333333333335
GAMEAdapter:0.3333333333333333
AnnotatedFeature:0.2906666666666667
GAMESave:0.23666666666666666
FlyNameAdapter:0.22
