Synth2LookAndFeel:0.4033333333333333
ImagePainter:0.32666666666666666
SynthLabelUI:0.26
SynthSpinnerUI:0.24944444444444447
SynthListUI:0.24944444444444447
SynthComboBoxUI:0.24944444444444447
DelegatingPainter:0.23
ColorFilter:0.22666666666666666
Synth2Parser:0.22333333333333333
SynthPainter:0.14166666666666666
