ShadowPendingIntent:0.5466666666666666
LocationManagerTest:0.4033333333333333
ShadowLocationManager:0.35
