JPPFConnection:0.5184444444444445
JPPFExecutorService:0.4266666666666667
JobPersistence:0.33976190476190476
JPPFConnectionImpl:0.29333333333333333
DefaultFilePersistenceManager:0.16666666666666666
ExceptionUtils:0.15666666666666668
JPPFTaskCallback:0.04666666666666667
