TestMaterialisation:0.6797222222222223
TestShapeGenerator:0.39222222222222225
