SupervisedLearning:0.5083333333333333
KohonenLearning:0.38666666666666666
SupervisedHebbianLearning:0.2833333333333333
UnsupervisedLearning:0.21
