SequenceI:0.8466666666666667
ChadoXmlWrite:0.4166666666666667
ChadoXmlAdapter:0.3
AbstractSequence:0.2633333333333333
