HighlightWeekendsDecorator:0.45666666666666667
OneDayDecorator:0.38
EventDecorator:0.2808333333333333
