StreamUtils:0.6266666666666667
HttpClientResponse:0.38
NetAPITest:0.31666666666666665
NetJavaImpl:0.11
