GwtServerHelper:0.54
EntryTitleInfo:0.4266666666666667
GwtViewHelper:0.3466666666666667
EntryTitleCell:0.29
GwtRpcServiceImpl:0.24333333333333335
