Errors:0.5166666666666667
MapBinder:0.41
OptionalBinder:0.4
Multibinder:0.37666666666666665
MultibindingsScanner:0.25333333333333335
AllTests:0.14333333333333334
