CSSSelectorTest:0.6797222222222223
BrowserVersionClassRunner:0.5414444444444444
