ServiceManager:0.5233333333333333
ServiceJob:0.4666666666666667
IServiceManager:0.2836666666666666
