DataTableFolderViewBase:0.5866666666666667
VibeCheckboxCell:0.5566666666666666
TaskListing:0.5166666666666667
