TransportSearchHelper:0.4866666666666667
IngestDocument:0.2675
CommitStats:0.26416666666666666
SearchFieldsTests:0.24666666666666667
TransportDeleteByQueryActionTests:0.24666666666666667
SearchScrollIT:0.24333333333333335
BinaryFieldType:0.22672222222222221
ParsedScrollId:0.22666666666666666
CommitId:0.2075
AttachmentProcessorTests:0.20333333333333334
MultifieldAttachmentMapperTests:0.2
SearchDfsQueryThenFetchAsyncAction:0.19333333333333333
InternalEngineTests:0.18333333333333332
SearchDfsQueryAndFetchAsyncAction:0.13666666666666666
SearchQueryThenFetchAsyncAction:0.13666666666666666
SearchQueryAndFetchAsyncAction:0.11333333333333333
RandomBasedUUIDGenerator:0.10666666666666667
