ArrayProperty:0.7466666666666667
MapProperty:0.59
PropertyDeserializer:0.3566666666666667
JsonDeserializationTest:0.26666666666666666
