ApolloLayoutManager:0.9566666666666667
ApolloGridConstraint:0.31333333333333335
GridApolloLayout:0.07
