HWCursorTest:0.46
MouseCreationTest:0.33166666666666667
KeyboardTest:0.33166666666666667
ControllerCreationTest:0.33166666666666667
