CodeWriter:0.5263333333333333
MainWindow:0.38666666666666666
Decompiler:0.3433333333333333
SaveCode:0.17333333333333334
JadxWrapper:0.15
