Editor:0.44666666666666666
AspectGraph:0.4166666666666667
AspectNode:0.38666666666666666
AspectEdge:0.38666666666666666
Options:0.34
Simulator:0.31166666666666665
GraphJModel:0.2633333333333333
JGraph:0.23666666666666666
AspectJModel:0.23333333333333334
EditorDialog:0.22333333333333333
AspectJEdge:0.20333333333333334
AspectJVertex:0.20333333333333334
TypePanel:0.16666666666666666
NewGraphAction:0.14666666666666667
RefreshGrammarAction:0.14666666666666667
SetTypeRoleAction:0.12
SetGraphRoleAction:0.12
SetRuleRoleAction:0.12
