RequestInfo:0.4885952380952381
ViewPermalinkController:0.38777777777777783
GwtTeamingMessages:0.3222222222222222
MastHead:0.26666666666666666
LoginController:0.23333333333333334
