JUnit4ClassRunner:0.52
ParentRunner:0.49666666666666665
TestClassRunnerForParameters:0.2833333333333333
