Workstation:0.6233333333333333
GlobalViewWindow:0.38333333333333336
GlobalViewAction:0.12444444444444443
WorkstationAgent:0.12333333333333334
