AnalyzedColumnDefinition:0.6766666666666666
InnerTableElementsAnalyzer:0.4166666666666667
TableElementsAnalyzer:0.4166666666666667
ColumnDefinitionContext:0.25
AlterTableAddColumnAnalyzer:0.17
DDLIntegrationTest:0.1
