TransitionModel:0.8472222222222222
TransitionModelTests:0.2966666666666667
