CmisQueryModel:0.41777777777777775
Template:0.4033333333333333
Query:0.36
SDDPackage:0.3233333333333333
Composite:0.2966666666666667
FunctionDDLUtils:0.27666666666666667
StatementModel:0.24
CmisModel:0.23666666666666666
Configuration:0.23666666666666666
ModelGenerator:0.22666666666666666
Application:0.08666666666666667
ConnectionUtils:0.04
