Schema:0.6466666666666666
DbSupport:0.6
MigrationTestCase:0.31333333333333335
OracleDbSupport:0.22666666666666666
H2DbSupport:0.22666666666666666
PostgreSQLDbSupport:0.19666666666666666
SQLServerDbSupport:0.19666666666666666
MySQLDbSupport:0.19666666666666666
HsqlDbSupport:0.19333333333333333
DerbyDbSupport:0.19333333333333333
MetaDataTableImpl:0.18666666666666668
FlywayMediumTest:0.17333333333333334
OracleDbSupportMediumTest:0.16666666666666666
DB2DbSupport:0.16666666666666666
