HealthProblem:0.8733333333333333
MedicalStation:0.26666666666666666
