PercolateResponse:0.31666666666666665
TransportPercolateAction:0.26
PercolateShardResponse:0.25666666666666665
PercolateRequestBuilder:0.20666666666666667
Match:0.20666666666666667
PercolateSourceBuilder:0.16333333333333333
Count:0.14333333333333334
PercolatorService:0.13333333333333333
QueryCollector:0.10333333333333333
PercolatorType:0.0867222222222222
SimplePercolatorTests:0.08666666666666667
Fields:0.06
MatchAndScore:0.056666666666666664
MatchAndSort:0.02666666666666667
PercolateContext:0.0
