HivePageSinkProvider:0.49
HiveWriter:0.41333333333333333
HiveWriterFactory:0.3747222222222222
TestHivePageSink:0.24666666666666667
HiveTestUtils:0.21333333333333335
HiveClientModule:0.18666666666666668
RecordFormatWriter:0.14666666666666667
