InternalTestCluster:0.5655555555555555
Shared:0.26666666666666666
MulticastChannel:0.17722222222222223
SimpleThreadPoolTests:0.17666666666666667
TransportClientFactory:0.14
