HMACAuthenticationModule:0.5966666666666667
AuthenticationModulesTest:0.39666666666666667
CrmfMessageHandler:0.24666666666666667
