Server:0.49333333333333335
Connection:0.2966666666666667
ConnectionOptions:0.19
FrameCodec:0.17
ErrorMessage:0.07333333333333333
JUTestServer:0.06666666666666667
FrameTooLargeException:0.01
