TypeQueryBuilder:0.81
RestSearchAction:0.38666666666666666
TypeQueryBuilderTests:0.29333333333333333
