Renderer2D:0.6633333333333333
Controller2D:0.5366666666666666
