Callback:0.7308333333333333
UiCallback:0.355
CallbackResponseHandler:0.35
ClientError:0.08333333333333333
