GenericPartitioningSpiller:0.56
GenericSpiller:0.43666666666666665
SpillableHashAggregationBuilder:0.4066666666666667
TestGenericPartitioningSpiller:0.19666666666666666
GenericSpillerFactory:0.12
