FluxSceneBuilder:0.8166666666666667
GPUFluxRenderer:0.3233333333333333
GPUFluxTracer:0.25666666666666665
GPUFluxLightTracer:0.15333333333333332
GPUFluxPathTracer:0.15333333333333332
