TestDomainBoundaries:0.4533333333333333
DataSourceServiceActivator:0.335
TestDataSources:0.21
TestConfigurationUtil:0.14666666666666667
TestUrlPatterns:0.08333333333333333
TestDefaultDataSourceRegistry:0.043333333333333335
DefaultDataSourceServiceActivator:0.0
