Metadata:0.6625555555555555
MetadataManager:0.4066666666666667
ConnectorMetadata:0.37666666666666665
ClassLoaderSafeConnectorMetadata:0.3
HiveMetadata:0.155
