MessageDeframer:0.5233333333333333
SizeEnforcingInputStream:0.38
SizeEnforcingInputStreamTests:0.27
TransportState:0.2633333333333333
WithAndWithoutFullStreamCompressionTests:0.24666666666666667
