TreeElements:0.59675
GraphicsTreeElements:0.4
HorizontalTreeRenderer:0.23666666666666666
VerticalTreeRenderer:0.23666666666666666
ReportGraphicalTree:0.22
DetermineBoxSizes:0.11333333333333333
TreeRendererBase:0.06333333333333334
