Builder:0.44
PlayUIServer:0.32
WordVectorSerializer:0.28
SequenceVectors:0.20844444444444443
ReshapeVertex:0.17333333333333334
