SimpleItemHandler:0.38666666666666666
ItemSkipPolicyItemHandlerTests:0.35
SkipLimitStepFactoryBeanTests:0.3433333333333333
