Logic:0.5533333333333333
FormTagBase:0.53
RequestAttributes:0.49
Responder:0.42333333333333334
ControllerFilter:0.42
MakumbaTag:0.4166666666666667
QueryStrategy:0.41333333333333333
ValueTag:0.4
PageAttributes:0.3433333333333333
AddTag:0.2866666666666667
HtmlUtils:0.25666666666666665
RootQueryStrategy:0.24666666666666667
FieldFormatter:0.23666666666666666
dateEditor:0.21666666666666667
timestampManager:0.18666666666666668
InputTag:0.18333333333333332
jspViewer:0.17
SetValueStrategy:0.16666666666666666
version:0.15333333333333332
AttributeTag:0.15333333333333332
NewTag:0.15
intEditor:0.14333333333333334
setcharEnumEditor:0.13666666666666666
EditTag:0.12666666666666668
textEditor:0.11666666666666667
charEditor:0.10666666666666667
LoginTag:0.09
TagExceptionServlet:0.08333333333333333
choiceEditor:0.08333333333333333
ptrEditor:0.056666666666666664
MultipartHttpParameters:0.056666666666666664
FieldEditor:0.05
textViewer:0.03666666666666667
ResponderOp:0.03666666666666667
DeleteTag:0.03666666666666667
charViewer:0.02666666666666667
FormResponder:0.02666666666666667
ActionTag:0.023333333333333334
NewProjectionException:0.015
RecordEditor:0.013333333333333334
setintEnumEditor:0.009166666666666667
LogoutTag:0.006666666666666667
RecordViewer:0.006666666666666667
HttpParameters:0.006666666666666667
intEnumEditor:0.006666666666666667
charEnumEditor:0.006666666666666667
AggregateAST:0.0033333333333333335
AllowedException:0.0025
errorEditor:0.0
setEditor:0.0
FieldViewer:0.0
ResponseTag:0.0
