CCClientException:0.39666666666666667
WebdavSiteScape:0.3566666666666667
SiteScapeFileSystemInternal:0.30666666666666664
CrossContextConstants:0.22033333333333333
CCExecutionTemplate:0.21333333333333335
DispatchServer:0.16666666666666666
