SqlMapClientAggStatDefDao:0.39666666666666667
SqlMapClientAggStatViewDao:0.3933333333333333
AggStatViewDaoTest:0.2
AggStatDefDaoTest:0.2
