Configuration:0.5566666666666666
DriverConductor:0.5373333333333333
Context:0.39
ReceiverTest:0.26666666666666666
