FigureChangeEvent:0.6566666666666666
GraphicalCompositeFigure:0.33666666666666667
TextAreaFigure:0.33
CompositeFigure:0.23555555555555557
TextAreaTool:0.23
JavaDrawApp:0.22
StandardDrawing:0.20333333333333334
TextFigure:0.19444444444444445
SimpleLayouter:0.18888888888888888
BorderDecorator:0.13666666666666666
