ClassInfo:0.5533333333333333
ClassNode:0.45
ClassGen:0.31333333333333335
InsnGen:0.2833333333333333
ClassModifier:0.24333333333333335
