QsarManager:0.7333333333333333
TestQsarManager:0.3933333333333333
QsarPreferenceHelper:0.2833333333333333
TestCDKQsar:0.16
