Platform:0.7311111111111112
PlatformTest:0.4266666666666667
