PerformanceTest:0.525
TdsStatement:0.5233333333333333
SAfeTest:0.5066666666666667
