HibernateAwareItemWriter:0.52
StubItemWriter:0.33666666666666667
HibernateAwareItemWriterTests:0.24
ListenerMulticaster:0.21
ItemOrientedStep:0.15333333333333332
RepeatListenerItemReadListenerAdapter:0.07333333333333333
RepeatListenerItemWriteListenerAdapter:0.06444444444444444
CustomerCreditIncreaseWriter:0.029444444444444447
CompositeRepeatListener:0.023333333333333334
CompositeRepeatListenerTests:0.006666666666666667
