AuthenticationRemoteServiceAsync:0.37290476190476185
ServletUtilMixin:0.32
AuthenticationRemoteService:0.29016666666666663
DocViewer:0.23666666666666666
PDSRemoteServiceImpl:0.21666666666666667
DocViewServlet:0.21583333333333332
DocumentRemoteServiceImpl:0.20333333333333334
AuthenticationService:0.19111111111111112
DocViewerController:0.17666666666666667
AuthenticationRemoteServiceImpl:0.07
