PartitioningStrategyFactoryTest:0.43333333333333335
RecordStoreTest:0.4066666666666667
MapKeyLoaderUtilTest:0.2253333333333333
EntryListenerAdaptorsTest:0.14333333333333334
