UserMgmtService:0.6366666666666667
UserExt:0.6199603174603174
SymphonyServletListener:0.25666666666666665
