MetaModel:0.64
MetaFinder:0.325
MetaCollection:0.31333333333333335
CustomersTest:0.27
OfficesTest:0.25333333333333335
CarriersTest:0.19333333333333333
XHibernate:0.18666666666666668
FastSizeList:0.16
CustomersTwoSellersNumberInListTest:0.14
