JPPFSubmissionResult:0.6154166666666666
JPPFJcaClientConnection:0.42
JPPFJcaClient:0.36333333333333334
JcaSocketInitializer:0.33666666666666667
JPPFSubmissionManager:0.31666666666666665
JcaClassServerDelegate:0.16115079365079366
JcaResultProcessor:0.11594444444444443
JPPFResourceAdapter:0.11416666666666667
ConnectionInitializerTask:0.013333333333333334
JPPFJcaResultCollector:0.013333333333333334
