WanReplicationService:0.6033333333333334
AbstractCacheService:0.4666666666666667
MapServiceContextImpl:0.3933333333333333
LocalWanPublisherStatsImpl:0.23333333333333334
WanReplicationServiceImpl:0.23333333333333334
MapReplicationUpdate:0.22333333333333333
MapReplicationSupportingService:0.21
LocalWanPublisherStats:0.15833333333333333
MapReplicationRemove:0.13321428571428573
ReplicationEventObject:0.013333333333333334
