Context:0.9333333333333333
DriverConductor:0.3333333333333333
PubAndSubTest:0.30666666666666664
BufferClaimMessageTest:0.21666666666666667
PublicationUnblockTest:0.15333333333333332
