AbstractMarshaller:0.36666666666666664
AbstractUnmarshallerTest:0.30333333333333334
XmlBeansMarshaller:0.23
CastorMarshaller:0.22333333333333333
MarshallerTest:0.20666666666666667
CastorUnmarshallingFailureException:0.18666666666666668
JibxMarshaller:0.18
FailingMarshaller:0.13666666666666666
JibxUnmarshallerTest:0.08333333333333333
