ComponentReference:0.4066666666666667
ComponentReferenceTest:0.3933333333333333
Script:0.39
AWT:0.38666666666666666
ScriptTest:0.27666666666666667
