Symbols:0.53
SelectStatementAnalyzerTest:0.4766666666666667
LuceneQueryBuilderTest:0.2866666666666667
ShowStatementsAnalyzerTest:0.2833333333333333
SQLTypeMappingTest:0.2733333333333333
InnerExpressionAnalyzer:0.2
SymbolPrinterTest:0.19333333333333333
ScalarFunctionModule:0.15111111111111108
