GwtTeamingMessages:0.506388888888889
ConfigureUserAccessDlg:0.3566666666666667
UserAccessConfig:0.25666666666666665
GwtServerHelper:0.25333333333333335
GwtRpcServiceImpl:0.20444444444444446
SaveUserAccessConfigCmd:0.04666666666666667
GetUserAccessConfigCmd:0.04416666666666667
