Support:0.4766666666666667
TdsCore:0.44666666666666666
ConnectionJDBC2:0.40555555555555556
