HighlightGenerator:0.6283333333333333
IntermediateRenderer:0.5433333333333333
