Key:0.7766666666666666
JavaGenerator:0.38333333333333336
ReferenceImpl:0.33
MetaUniqueKey:0.23
MetaTable:0.19
AbstractKey:0.17333333333333334
AbstractKeys:0.15
UniqueKeyImpl:0.10666666666666667
