Builder:0.5166666666666667
TcpTransport:0.4166666666666667
MockSecureSettings:0.31666666666666665
