MakumbaELResolver:0.7966666666666666
ListPhaseListener:0.49666666666666665
