Draft:0.5533333333333333
WebSocketServer:0.3466666666666667
AutobahnServerTest:0.25333333333333335
WebsocketExecutorThread:0.19666666666666666
WebsocketReadTask:0.16444444444444445
WebsocketThreadFactory:0.11725925925925926
