PolygonRegion:0.5066666666666667
LwjglGraphics:0.44333333333333336
PolygonRegionTest:0.4266666666666667
IOSServerSocket:0.19666666666666666
