PathNumbering:0.43666666666666665
SCCPathNumbering:0.4266666666666667
PA:0.33
PAMethodSummary:0.29255555555555557
CSPAResults:0.2633333333333333
PAResults:0.23333333333333334
ObjectCreationGraph:0.2327777777777778
RootPathNumbering:0.04
