Record:0.5672222222222222
Paramater:0.43
JSScriptGenerator:0.36666666666666664
