EditionService:0.5566666666666666
EditionServiceImpl:0.3466666666666667
EditionPanel:0.32666666666666666
TxmHTMLPane:0.23666666666666666
EditionResult:0.21666666666666667
SideNavTree:0.19666666666666668
EditionServiceAsync:0.14416666666666667
