ObjectFactory:0.6133333333333333
KuwaibaService:0.3584285714285714
CommunicationsStub:0.3
ObjectNode:0.29
ChildrenViewScene:0.22444444444444447
CreateBusinessObjectAction:0.22
GetMandatoryAttributesInClassResponse:0.11583333333333333
CreateSpecialBusinessObjectAction:0.10666666666666667
GetMandatoryAttributesInClass:0.04
