Property:0.7066666666666667
PropertyTag:0.33666666666666667
PropertyTagTest:0.10333333333333333
