ClusterServiceImpl:0.6405555555555555
AbstractJoiner:0.3333333333333333
MergeClustersOperation:0.25222222222222224
