Beans:0.4533333333333333
WsFederationProperties:0.3233333333333333
WsFederationConfiguration:0.19333333333333333
ConnectionPoolingProperties:0.19
WsFederationCredential:0.16666666666666666
AccessToken:0.10666666666666667
RefreshToken:0.06
