DocumentBurster:0.5255555555555557
CliJob:0.45
AbstractBurster:0.38333333333333336
