MiscUtil:0.6066666666666667
AbstractAdminModule:0.38
SPropsUtil:0.3033333333333333
EnterExitEvent:0.2866666666666667
