DefinitionModuleImpl:0.6797222222222223
ViewFileController:0.3258333333333333
