Simulator:0.49333333333333335
ControlView:0.35333333333333333
CAPanel:0.26
DoneButtonListener:0.21
EditButtonListener:0.06666666666666667
SaveButtonListener:0.006666666666666667
