View:0.5333333333333333
TicketLine:0.17333333333333334
Ticket:0.16666666666666666
Article:0.05333333333333334
TicketTest:0.043333333333333335
PerishableArticle:0.0033333333333333335
