Putfield:0.2633333333333333
Driver:0.19
NewArray:0.16
TableSwitch:0.15666666666666668
Getfield:0.15666666666666668
BoundsCheck:0.15666666666666668
AStore:0.15666666666666668
IntIfCmp:0.15666666666666668
Special:0.15666666666666668
CheckCast:0.15666666666666668
StoreCheck:0.15666666666666668
LookupSwitch:0.15666666666666668
InstanceOf:0.15666666666666668
ALoad:0.15666666666666668
Invoke:0.15333333333333332
Return:0.14166666666666666
Monitor:0.12833333333333333
Ret:0.12666666666666668
New:0.12666666666666668
MemLoad:0.11
Move:0.11
Getstatic:0.11
ZeroCheck:0.11
Unary:0.11
ALength:0.11
Putstatic:0.11
NullCheck:0.11
MemStore:0.11
Jsr:0.08
Binary:0.08
Goto:0.06
