Node:0.7333333333333333
InnerList:0.35
PositionComparator:0.14866666666666667
