DefaultMessageContext:0.8833333333333333
DefaultMessageContextFactoryTests:0.19666666666666666
