PA:0.53
BogusSummaryProvider:0.4033333333333333
PAMethodSummary:0.30333333333333334
PACallGraph:0.18666666666666668
