JFXLoggerFactory:0.4066666666666667
UIDefinitionHandler:0.3333333333333333
JFXServerGraphicsConfigHandler:0.32666666666666666
JFXColor:0.3
JFXUIDefinitionParser:0.29
