Type:0.47333333333333333
TreeConverter:0.43333333333333335
DebugASTDump:0.24333333333333335
JdtArrayType:0.2
OuterReferenceResolverTest:0.19
JdtDeclaredType:0.17333333333333334
TreeUtilTest:0.16333333333333333
ElementUtilTest:0.12
