ByteBuddy:0.5533333333333333
SubclassInstrumentationTarget:0.3
ConstructorStrategy:0.26666666666666666
Foo:0.19666666666666666
ByteBuddyTest:0.09
