Signature:0.73
FunctionListBuilder:0.42333333333333334
ImplementationParser:0.28
SqlOperator:0.15444444444444444
SimpleSqlOperator:0.12666666666666668
