EntityManagerImpl:0.47333333333333333
EntityManagerFactoryImpl:0.3466666666666667
MapKeyJoinColumnDelegator:0.2833333333333333
HibernatePersistenceProvider:0.22666666666666666
