SMBReader:0.6133333333333333
GreenLabGUI:0.41333333333333333
SMBFilter:0.22333333333333333
NewGreenLabModelObject:0.13
