WhereClauseAnalyzerTest:0.47
Collect:0.37333333333333335
QueriedDocTable:0.2833333333333333
NormalizerVisitor:0.25333333333333335
DetailedQuery:0.24666666666666667
