ResourceIndex:0.7091111111111111
ResourceIndexImpl:0.5833333333333334
