TransformCaseTest:0.6033333333333334
TransformTestCase:0.49333333333333335
