XRecyclerView:0.8833333333333333
DoubanTopActivity:0.2544444444444445
AndroidFragment:0.18
WelfareFragment:0.18
CustomFragment:0.17666666666666667
