Transport:0.45699999999999996
Util:0.3566666666666667
Builder:0.29
URLConnectionTest:0.28
HttpOverSpdyTest:0.25666666666666665
HttpEngine:0.23666666666666666
JavaApiConverterTest:0.23
HttpTransport:0.21
HttpURLConnectionImpl:0.2
MainTest:0.19666666666666666
SpdyTransport:0.19
Call:0.17666666666666667
RequestTest:0.16
RetryableSink:0.1
CallTest:0.09666666666666666
HttpMethod:0.08
