ClientNetworkConfig:0.77
ClientConnectionManagerImpl:0.3433333333333333
ClusterListenerThread:0.30666666666666664
OwnerConnectionFuture:0.24333333333333335
ClientTimeoutTest:0.17333333333333334
