JbpmDefinitionLogic:0.3933333333333333
JbpmExecutionLogic:0.37333333333333335
DefinitionParser:0.33
SubprocessStarter:0.3283333333333333
DefinitionServiceDelegateHasFileTest:0.22642857142857142
DefinitionServiceDelegateGetFileTest:0.22642857142857142
SecuredObjectDAOHibernateImpl:0.21
SubProcessTest:0.0
