QueryInfo:0.5233333333333333
AbstractTestQueries:0.32666666666666666
Query:0.31333333333333335
LocalQueryRunner:0.26
AstBuilder:0.23333333333333334
AstVisitor:0.23
Formatter:0.21666666666666667
TestSqlParser:0.21666666666666667
SqlQueryExecution:0.21666666666666667
QueryStateMachine:0.16333333333333333
PrestoHeaders:0.0
