CrawlURI:0.8833333333333333
FetchHTTP:0.4
RecordingOutputStream:0.27
UriProcessingFormatter:0.25333333333333335
