NearCache:0.44333333333333336
NearCacheStatsImpl:0.4
CacheRecord:0.30666666666666664
ClientNearCache:0.27666666666666667
