HookFactory:0.47
Hook:0.45666666666666667
ReflectionHelper:0.38666666666666666
JPPFNode:0.25
AbstractJPPFClassLoaderLifeCycle:0.24333333333333335
NodeRunner:0.22916666666666666
DriverInitializer:0.21333333333333335
JPPFDriver:0.1975
AbstractJPPFClassLoader:0.1875
AbstractNodeIO:0.13
ObjectSerializationTask:0.08333333333333333
JPPFMBeanProviderManager:0.07333333333333333
HookInstance:0.04666666666666667
