InfixExpression:0.7133333333333334
ConstantBranchPruner:0.42
ConstantBranchPrunerTest:0.2833333333333333
