MPPSBean:0.36333333333333334
PatientBean:0.27166666666666667
GPSPSBean:0.27166666666666667
MPPSManagerBean:0.22333333333333333
PPSStatus:0.19333333333333333
GPPPSBean:0.07333333333333333
GPPPSManagerBean:0.07
