BinderShareRightsDlg:0.37
GwtServerHelper:0.32666666666666666
GwtTeamingMessages:0.3
ManageTeamsDlg:0.21444444444444447
GwtRpcServiceImpl:0.21444444444444447
