PublicationImage:0.46
NetworkPublication:0.42
IpcPublication:0.32666666666666666
DriverConductor:0.31
Receiver:0.30333333333333334
Sender:0.28
SendChannelEndpoint:0.28
ReceiveChannelEndpoint:0.2633333333333333
RecordingWriter:0.22
ReceiverProxy:0.16666666666666666
SenderProxy:0.11666666666666667
