DefOptimizationTests:0.43
Locals:0.4166666666666667
BasicAPITests:0.38333333333333336
Variable:0.38
ELambda:0.32666666666666666
LCallInvoke:0.22333333333333333
