FileDTO:0.7366666666666667
PrivateFileBean:0.24333333333333335
FileBean:0.24166666666666667
