XLogPDescriptor:0.5166666666666667
WHIMDescriptor:0.49
WeightedPathDescriptor:0.15333333333333332
WienerNumbersDescriptor:0.15
ZagrebIndexDescriptor:0.14333333333333334
WeightDescriptor:0.13666666666666666
