VertxImpl:0.5894444444444443
ConcurrentHashSet:0.535
VertxInternal:0.33916666666666667
ChoosableSet:0.26666666666666666
