Arguments:0.43666666666666665
XcodeBuilder:0.42
XcodeBuilderTest:0.36
MockOutputFile:0.22666666666666666
