LastNumberType:0.5442777777777777
FirstLetterType:0.5442777777777777
