DownloadEvent:0.6822222222222222
XSLTOutputter:0.32555555555555554
