GwtTeamingMessages:0.6722222222222223
AdminModule:0.4172222222222222
EditZoneShareRightsTab:0.3016666666666667
GwtShareHelper:0.2833333333333333
GwtSharingInfo:0.24
ShareThisDlg2:0.23666666666666666
GwtSearchCriteria:0.22666666666666666
FindCtrl:0.225
AbstractAdminModule:0.1711111111111111
ZoneConfig:0.16666666666666666
GwtSearchHelper:0.10333333333333333
ZoneShareRights:0.06666666666666667
