WebKeys:0.7266666666666667
DashboardHelper:0.5033333333333333
AjaxController:0.28
EditController:0.23333333333333334
TreeTag:0.19666666666666666
EmailConfigController:0.12333333333333334
ManageSearchIndexController:0.12333333333333334
