RdtUiPlugin:0.62
RubyEditor:0.27
RubyTextTools:0.25666666666666665
RubyDocumentProvider:0.24
RubyPartitionScanner:0.06666666666666667
RubySourceViewerConfiguration:0.013055555555555556
RubyColorProvider:0.013055555555555556
