JPPFSubmissionResult:0.44666666666666666
JPPFJcaClientConnection:0.31666666666666665
JPPFJcaClient:0.2733333333333333
JPPFSubmissionManager:0.24666666666666667
JcaClassServerDelegate:0.24277777777777776
JPPFConnectionImpl:0.2
DemoTest:0.19666666666666666
JcaResultProcessor:0.15666666666666668
