ValueComputer:0.6133333333333333
ValueTag:0.42333333333333334
SetValueComputer:0.31333333333333335
