GwtTeamingMessages:0.5197222222222223
FindCtrl:0.4533333333333333
ShareThisDlg:0.38333333333333336
EntityId:0.3
BinderViewsHelper:0.21333333333333335
