Py:0.7333333333333333
CodeCompiler:0.3466666666666667
parser:0.24833333333333332
