SqlMapClientAggStatViewDao:0.5833333333333334
SqlMapClientAddStatDefDao:0.3566666666666667
AggregateStatusViewDaoJdbc:0.25666666666666665
AggStatViewDaoTest:0.16666666666666666
AggregateStatusViewDao:0.1613888888888889
AggregateStatusDefinitionDao:0.105
