JdbcJobExecutionDao:0.39666666666666667
JdbcStepExecutionDao:0.39666666666666667
JdbcStepExecutionDaoTests:0.22
JdbcJobDaoTests:0.21333333333333335
AbstractStepTests:0.14666666666666667
