InternalView:0.4866666666666667
TSResult:0.44666666666666666
Project:0.43666666666666665
InternalViewEditor:0.4033333333333333
TigerXmlIndexing:0.21333333333333335
CooccurrencesToConcordances:0.16
TSCorpus:0.14
