Tab:0.8083333333333333
XavaPreferences:0.5933333333333334
