Router:0.42
Link:0.36
Connector:0.3
SimpleClient:0.2966666666666667
StrUnicodeDecompose:0.2866666666666667
SubscriptionParser:0.2833333333333333
SubscriptionParserTokenManager:0.2825
Acceptor:0.25666666666666665
XdrAstParser:0.2227777777777778
JUTestFederation:0.21666666666666667
JUTestParser:0.20666666666666667
XdrAstCoding:0.1877777777777778
Main:0.17333333333333334
StandardFederatorSetup:0.15333333333333332
JUTestFederationManager:0.06666666666666667
JUTestAstXdrCoding:0.0
