Cache:0.3466666666666667
Base:0.3333333333333333
ExtendedHttpServletRequestWrapper:0.30666666666666664
CacheElement:0.27
ConnectPubcookie:0.2
ParserXmlUserfile:0.18
FilterFinalize:0.17666666666666667
FilterSetup:0.13666666666666666
