MockExecuteContext:0.27666666666666667
MockTest:0.22333333333333333
AbstractTest:0.2
SingleResult:0.11766666666666666
EmptyResult:0.11766666666666666
DoubleResult:0.11766666666666666
Exceptional:0.08609523809523811
InsertReturning:0.05416666666666667
BatchSingle:0.03666666666666667
BatchMultiple:0.03666666666666667
