layout:0.66
ShadowActivity:0.3622222222222222
ShadowAdapterView:0.3433333333333333
ShadowTabHost:0.25
ListViewTest:0.18333333333333332
TabHostTest:0.14666666666666667
ActivityTest:0.13
