Preloader:0.6166666666666667
FeedsFSPlugin:0.38333333333333336
Item:0.27
TodoEditorPlugin:0.18333333333333332
