MDropTarget:0.4533333333333333
Desktop:0.4066666666666667
AbstractPlugin:0.31666666666666665
NoteWidgetPlugin:0.26666666666666666
