QueryUtil:0.7333333333333333
StudyListPage:0.37333333333333335
StudyListBean:0.30666666666666664
