XATransactionImpl:0.5466666666666666
TransactionImpl:0.4766666666666667
TransactionalMultiMapProxySupport:0.35
TransactionalMapProxySupport:0.30333333333333334
TransactionManagerServiceImpl:0.3
TransactionalQueueProxySupport:0.27
AbstractTransactionalCollectionProxy:0.25333333333333335
PutRemoteTransactionOperation:0.21666666666666667
XATransactionHolder:0.16666666666666666
ReplicateTxOperation:0.16
PutRemoteTransactionBackupOperation:0.15
TransactionalSetProxy:0.14333333333333334
DummyTransactionalObject:0.13666666666666666
TxBackupLog:0.12333333333333334
TransactionImplTest:0.12
InternalTransaction:0.11666666666666667
XaReplicationOperation:0.11333333333333333
FailingTransactionLogRecord:0.042777777777777776
SleepyTransactionLogRecord:0.03944444444444444
