Problem:0.5447222222222222
AbstractEntryProcessor:0.4066666666666667
FileModuleImpl:0.3055555555555556
