FederationLink:0.49
Federation:0.3933333333333333
FederationConnector:0.34
FederationListener:0.2833333333333333
