NoClipLabeledSkinBase:0.7016666666666667
DecoratedLabelSkin:0.3933333333333333
DecoratedButtonSkin:0.3933333333333333
