Native:0.55
NativeLibrary:0.45666666666666667
Platform:0.35333333333333333
FFIType:0.23666666666666666
Library:0.10666666666666667
