MultilanguageID:0.3333333333333333
LocaleRequestProcessor:0.24944444444444444
Language:0.24
LocalePlugIn:0.15666666666666668
LanguageAction:0.15333333333333332
LocaleHelper:0.13666666666666666
Description:0.11333333333333333
Item:0.08333333333333333
ItemFactory:0.016666666666666666
