WebClient:0.7433333333333333
HtmlFileInput:0.3566666666666667
HttpWebConnection:0.2644444444444445
WebClientTest:0.19333333333333333
