UnitListModel:0.29
ResearcherPanel:0.24
StudyTableModel:0.23333333333333334
SearchWindow:0.23
StudyDetailPanel:0.22166666666666668
SettlementTableModel:0.18333333333333332
OngoingStudyListPanel:0.17666666666666667
ScienceWindow:0.085
FinishedStudyListPanel:0.06844444444444443
