BlasWrapper:0.5816666666666667
DummyNDArray:0.5133333333333333
NDArrays:0.49
NDArray:0.4866666666666667
ComplexNDArray:0.42333333333333334
NDArrayBlas:0.3466666666666667
INDArray:0.33988888888888885
NDArrayFactory:0.2733333333333333
IComplexNDArray:0.20083333333333334
NDArrayTests:0.17333333333333334
Ops:0.12
