InternalAggregationTestCase:0.7416666666666667
ParsedCardinality:0.5266666666666666
InternalExtendedStatsTests:0.3233333333333333
