UploadConstants:0.7365555555555554
UploadState:0.48
UploadStatusInfo:0.45
UploadEngine:0.3233333333333333
UploadManager:0.28
