BaseResponse:0.36
GetUsersResponse:0.33166666666666667
GetGroupsResponse:0.33166666666666667
GetUserResponse:0.325
GetGroupResponse:0.325
FilterMetadataResponse:0.2816666666666667
