Sound:0.7933333333333333
SwingLwjglTest:0.27777777777777773
GwtSound:0.21666666666666667
OpenALSound:0.2
WindowCreator:0.11666666666666667
AndroidSound:0.09666666666666666
