CandidateURI:0.49
CrawlURI:0.37666666666666665
Frontier:0.37333333333333335
PreconditionEnforcer:0.18333333333333332
Postselector:0.17
