ArticleQueryService:0.5633333333333334
CommentQueryService:0.5266666666666666
CommentNotifier:0.3222222222222222
