ChildrenViewBuilder:0.7466666666666667
ObjectViewTopComponent:0.5133333333333333
ObjectViewService:0.24
TagLabelWidget:0.22
