RobolectricTestRunner:0.8003333333333333
RobolectricTestRunnerTest:0.40444444444444444
