AbstractJPPFClassLoader:0.5966666666666667
JPPFClassLoader:0.44333333333333336
AbstractJPPFClassLoaderLifeCycle:0.40166666666666667
ResourceCache:0.35333333333333333
JPPFLocalClassLoader:0.21
