MyApp:0.7886666666666666
FormValidationCombineLatestFragment:0.40277777777777773
