MatchQuery:0.5433333333333333
QueryBuilder:0.30333333333333334
MultiMatchQuery:0.29333333333333333
MatchQueryBuilderTests:0.26666666666666666
FieldAndFieldType:0.22444444444444447
MultiMatchQueryBuilderTests:0.18555555555555556
CrossFieldsQueryBuilder:0.14666666666666667
MultiMatchQueryIT:0.10333333333333333
