PaletteItem:0.48
GwtTeamingMessages:0.32666666666666666
CustomJspPaletteItem:0.11333333333333333
GraphicPaletteItem:0.11333333333333333
LinkToEntryPaletteItem:0.11333333333333333
UtilityElementPaletteItem:0.11333333333333333
FolderPaletteItem:0.11333333333333333
EntryPaletteItem:0.11333333333333333
LinkUrlPaletteItem:0.11333333333333333
TablePaletteItem:0.11333333333333333
LinkToFolderPaletteItem:0.11333333333333333
ListPaletteItem:0.11333333333333333
