HazelcastInstance:0.7966666666666666
HazelcastConnectionImpl:0.26
HazelcastInstanceImpl:0.24972222222222223
HazelcastClientProxy:0.20666666666666667
HazelcastInstanceProxy:0.20666666666666667
HazelcastConnectionImplTest:0.17666666666666667
HazelcastClientInstanceImpl:0.15333333333333332
