BinaryLogicalFilter:0.46
AndFilter:0.24555555555555553
OrFilter:0.24555555555555553
