State:0.7933333333333333
CorrelatorMBean:0.5533333333333333
CorrelationServices:0.34365079365079365
StateMachine:0.3433333333333333
CorrelatorTest:0.2
MachineLifetimeEvent:0.16666666666666666
StateKeeper:0.16333333333333333
MachineLifetimeListener:0.15
NodeCorrelationStateMachine:0.09
StateMachineManagerTest:0.07
PassiveNodeCorrelationEngine:0.043333333333333335
StateMachineManager:0.016666666666666666
Correlator:0.013333333333333334
PassiveNodeCorrelationEngineTest:0.01
NodeCorrelationStateMachineTest:0.006944444444444445
StateActions:0.006666666666666667
CorrelatorIntegrationTest:0.0
