Translog:0.37333333333333335
Index:0.31333333333333335
DeleteByQuery:0.31
ImmutableTranslogReader:0.29
Checkpoint:0.2833333333333333
Create:0.2633333333333333
Delete:0.22666666666666666
LegacyTranslogReaderBase:0.14
Source:0.07666666666666666
