ProcessInstanceBean:0.6833333333333333
ProcessFlowchart:0.5333333333333333
ComponentRackSelector:0.31
ProcessInstanceToolsView:0.29
