RecognitionException:0.35300000000000004
TestTreeNodeStream:0.35
DebugTreeNodeStream:0.35
TreeParser:0.3466666666666667
TestTokenTypeAssignment:0.22666666666666666
CommonErrorNode:0.19
Recognizer:0.18333333333333332
DebugTreeParser:0.12333333333333334
TreeFilter:0.10666666666666667
TestU:0.1
