ShadowApplication:0.643888888888889
ShadowContext:0.37666666666666665
ShadowContextWrapper:0.35
RobolectricTestRunnerSelfTest:0.22583333333333333
ShadowLocalBroadcastManager:0.14
