Messages:0.76
RWorkspace:0.33
CooccurrencesEditor:0.32
Cooccurrence:0.315
EmpantWidget:0.28388888888888886
VectorizeArray:0.2572222222222222
Diagnostic:0.22333333333333333
CwbEncode:0.19
