MockWebServer:0.7533333333333333
RecordingProxySelector:0.26666666666666666
MockWebServerTest:0.14
