LazyInitializer:0.6861111111111111
StatefulPersistenceContext:0.47
AbstractLazyInitializer:0.22
DefaultEvictEventListener:0.14333333333333334
