Client:0.5
AbstractClient:0.44666666666666666
ClusterAdminClient:0.27166666666666667
IngestClientIT:0.27
RestSimulatePipelineAction:0.14
RestGetPipelineAction:0.14
RestPutPipelineAction:0.14
RestDeletePipelineAction:0.14
ClusterAdmin:0.09666666666666666
