Common:0.5883333333333334
Filler:0.3
CommentMgmtService:0.2733333333333333
InitService:0.2733333333333333
TagQueryService:0.2733333333333333
CommentReceiver:0.26666666666666666
ArticleProcessor:0.25333333333333335
TagProcessor:0.12666666666666668
