JTBMessageTemplate:0.6283333333333333
JTBMessageViewPart:0.3283333333333333
QueueBrowseHandler:0.30666666666666664
