TdsCore:0.6066666666666667
Ssl:0.36666666666666664
Logger:0.29800000000000004
ConnectionJDBC2:0.26
SharedSocket:0.23666666666666666
TdsTlsOutputStream:0.22333333333333333
TdsTlsSocketFactory:0.21666666666666667
TdsTlsSocket:0.19777777777777777
TdsTlsInputStream:0.17333333333333334
SocketFactories:0.11333333333333333
