CopyrightPanel:0.6411111111111112
WelcomePanel:0.19166666666666668
