TedConfigDialog:0.48
TedMainDialog:0.43666666666666665
EditShowDialog:0.42
GrowlMessenger:0.2966666666666667
