Robolectric:0.48222222222222216
ShadowSpannableStringBuilder:0.38388888888888884
SpannableStringBuilderTest:0.08
