ClusterServiceImpl:0.7166666666666667
HashUtil:0.36
UnsafeBuffer:0.33
AbstractConfigBuilder:0.25666666666666665
TcpIpJoiner:0.25333333333333335
AbstractJoiner:0.23
PerformanceLog:0.22166666666666668
