HashSlotArray16byteKeyImpl:0.35333333333333333
HashSlotArrayBase:0.34
HashSlotArray12byteKeyImpl:0.24333333333333335
HashSlotArray8byteKeyImpl:0.24333333333333335
HashSlotArray:0.17666666666666667
