WhereClause:0.8066666666666666
QuerySpec:0.26
RoutedCollectPhase:0.25
CountPhase:0.24222222222222223
QueryClause:0.16
