NeuralNetConfiguration:0.6733333333333333
Builder:0.44
RBM:0.28444444444444444
AutoEncoder:0.25666666666666665
ConvolutionDownSampleLayer:0.24
BaseLayer:0.18333333333333332
ConvolutionDownSampleLayerTest:0.12333333333333334
LSTMTest:0.10333333333333333
MultiLayerTest:0.08166666666666667
