HazelcastProperty:0.5266666666666666
HazelcastProperties:0.3466666666666667
ClientProperty:0.27051984126984113
GroupPropertiesTest:0.26666666666666666
HazelcastPropertiesTest:0.24
QueryOptimizerFactory:0.1475
HazelcastPropertiesImpl:0.13833333333333334
ClientProperties:0.09333333333333334
GroupProperties:0.09
GroupProperty:0.06333333333333334
QueryOptimizerFactoryTest:0.041944444444444444
