GwtTeamingMessages:0.62
GwtTeamingFilrImageBundle:0.4475
PermaLinkUtil:0.31666666666666665
CollectionPointData:0.29
GwtServerHelper:0.28733333333333333
ActivityStreamInfo:0.27066666666666667
ASTreeData:0.26666666666666666
FilrActionsCtrl:0.24
GwtViewHelper:0.24
TreeInfo:0.23666666666666666
GwtActivityStreamHelper:0.19333333333333333
