NewWidgetEventDialog:0.2966666666666667
SaveUACDSAction:0.29
TypeChecker:0.26855555555555555
NewSetParameterDialog:0.26666666666666666
AbstractCommandDialog:0.19
UACDSExtension:0.17666666666666667
