SyncModel:0.9533333333333334
Server:0.3333333333333333
