LTSTab:0.43666666666666665
GraphJGraph:0.38333333333333336
LTSDisplay:0.38
FilterLTSAction:0.2966666666666667
ShowHideLTSAction:0.19333333333333336
