ProfileDao:0.6566666666666666
ProfileDaoImpl:0.5933333333333334
AclItemPrincipalMapper:0.26666666666666666
