attr:0.5040555555555557
Robolectric:0.4266666666666667
RoboAttributeSetTest:0.36
RoboAttributeSet:0.27444444444444444
AttributeSetBuilder:0.22
ResourceParser:0.20666666666666667
