OperationQueue:0.5787777777777777
OperationExecutorImpl:0.5233333333333333
DefaultOperationQueue:0.33666666666666667
UrgentDummyOperation:0.3021624579124578
OperationThread:0.21333333333333335
OperationExecutorImpl_RunTest:0.20666666666666667
DefaultOperationQueueTest:0.18
ProducerThread:0.17126767676767676
ConsumerThread:0.17015656565656564
OperationServiceImpl_BasicTest:0.17
PartitionOperationThread:0.16111111111111112
OperationExecutorImpl_BasicTest:0.13833333333333334
OperationExecutorImpl_AbstractTest:0.13333333333333333
GenericOperationThread:0.05
GroupProperty:0.0
