CMSynergy:0.5633333333333334
AlienBrain:0.37666666666666665
CMSynergyBaselinePublisher:0.34
CMSynergyBaselineBootstrapper:0.24666666666666667
CMSynergyPublisher:0.20333333333333334
CMSynergyTaskPublisher:0.12
