PrecompiledTypeClassLoader:0.5022222222222222
MethodLookupEngineDefaultTest:0.41333333333333333
Java8DefaultMethodTest:0.16
