SymbolRunwayRenderer:0.44
AbstractTriangleStartRenderer:0.18
TriangleStripStartRenderer:0.15666666666666668
TriangleFanStartRenderer:0.15666666666666668
