Viewer:0.5866666666666667
TransformManager:0.36
MouseManager:0.33666666666666667
Text:0.33666666666666667
