HttpClientRequestImpl:0.5433333333333333
HttpClientRequestPushPromise:0.37
HttpClientRequestBase:0.34833333333333333
