FileUploadItem:0.5766666666666667
DefinitionModuleImpl:0.3466666666666667
FileModuleImpl:0.33666666666666667
Htmleditor:0.30666666666666664
