ICache:0.6733333333333333
AbstractClientInternalCacheProxy:0.3466666666666667
AbstractInternalCacheProxy:0.32666666666666666
AbstractCacheProxyBase:0.26666666666666666
AbstractClientCacheProxyBase:0.24333333333333335
