AbstractField:0.4261111111111111
ParameterImpl:0.3377777777777778
AbstractTable:0.24333333333333335
AbstractRoutine:0.23666666666666666
PackageImpl:0.16666666666666666
UDTImpl:0.16666666666666666
SequenceImpl:0.16666666666666666
