winOutputTopComponent:0.9105555555555555
WindowServiceImpl:0.23333333333333334
