AeronTest:0.30333333333333334
Context:0.29333333333333333
MediaDriver:0.29333333333333333
MediaConductorTest:0.25
ClientConductor:0.24777777777777782
Aeron:0.23
ConductorBuffersExternalResource:0.16666666666666666
UnicastTest:0.15
MediaConductor:0.14416666666666667
