Input:0.7933333333333333
Player:0.35333333333333333
GameScreen:0.2866666666666667
Metagun:0.18
Gdx2DTest:0.14333333333333334
ExpositionScreen:0.12666666666666668
TestList:0.1
