Configuration:0.55
Util:0.49
PageConfig:0.38666666666666666
DirectoryListingTest:0.2833333333333333
Results:0.19333333333333333
DirectoryListing:0.18
WebappListener:0.06666666666666667
