TestUtil:0.7488888888888889
Constants:0.47350000000000014
MetaAttributeGenerationVisitor:0.34
