Structure:0.7666666666666667
SAFEARRAY:0.46055555555555555
SAFEARRAYTest:0.23333333333333334
