ReplicatedMapMBean:0.4033333333333333
MapMBean:0.39
QueueMBean:0.25333333333333335
TopicMBean:0.2
ListMBean:0.19333333333333333
SetMBean:0.19333333333333333
