ClusterUtils:0.6333333333333333
BaseClusteringAlgorithm:0.4033333333333333
MultiThreadUtils:0.38
