Utils:0.4633333333333333
IfFilr:0.39
GwtClientHelper:0.27
GwtTeaming:0.25166666666666665
GwtUIHelper:0.2125
DefinitionModuleImpl:0.20666666666666667
GwtMenuHelper:0.2
RequestInfo:0.1917063492063492
RelevanceDashboardHelper:0.18666666666666668
BuildDefinitionDivs:0.18666666666666668
IfNotFilr:0.0025
