SWTRenderer:0.8233333333333334
JChemPaintView:0.4033333333333333
