Map:0.7766666666666666
HashMap:0.45666666666666667
Entry:0.22
Euler05Test:0.1828650793650794
PrimeNumbers:0.135
