CollectionService:0.4866666666666667
ObjectListProxy:0.42333333333333334
HazelcastInstanceImpl:0.4033333333333333
MultiMapProxySupport:0.28
