DefaultComparator:0.5633333333333334
CryptoUtils:0.5233333333333333
OptionsPanel:0.21666666666666667
