ShapeBuilder:0.32666666666666666
GeoJSONShapeParserTests:0.30333333333333334
BasePolygonBuilder:0.295
MultiPointBuilder:0.2288888888888889
BaseLineStringBuilder:0.19633333333333333
MultiPolygonBuilder:0.17444444444444446
MultiLineStringBuilder:0.16577777777777777
ElasticsearchGeoAssertions:0.16
