GreenLabPropertyFileReader:0.5733333333333334
BooleanCheckBox:0.37833333333333335
GreenLabGUI:0.28583333333333333
GreenLabGrowthSinkPanel:0.23333333333333334
GreenLabGrowthSourcePanel:0.20333333333333334
ColorBox:0.17
GreenLabTopologyPanel:0.17
GreenLabGrowthAllometryPanel:0.16
GreenLabOutputPanel:0.14
GreenLabEnvironmentPanel:0.14
GreenLabGeometryPanel:0.13
ConstComboBox:0.01
GreenLabGrowthPanel:0.0033333333333333335
