Materialisation:0.8066666666666666
PSTS:0.32666666666666666
PatternShapeGenerator:0.30333333333333334
