MultiValueModeTests:0.37666666666666665
FieldDataValueSource:0.36333333333333334
ExpressionScriptEngineService:0.35
DateMethodValueSource:0.25
FieldDataFunctionValues:0.11
DateMethodFunctionValues:0.09
ExpressionScriptTests:0.06666666666666667
