CacheTest:0.5433333333333333
CacheProvider:0.3933333333333333
AsMapTest:0.24783333333333332
