AbstractBinderProcessor:0.5605555555555555
FolderUtils:0.5266666666666666
FileModuleImpl:0.35333333333333333
