SignificantLongTerms:0.365
SignificantStringTerms:0.32666666666666666
ScriptHeuristic:0.3233333333333333
SignificantTermsAggregatorBuilder:0.31666666666666665
SignificanceHeuristicTests:0.2966666666666667
ElasticsearchAssertions:0.25333333333333335
UnmappedSignificantTerms:0.24
CustomSignificanceHeuristicPlugin:0.22333333333333333
ChiSquare:0.19666666666666666
MutualInformation:0.19666666666666666
GND:0.19666666666666666
SearchModule:0.185
JLHScore:0.18
PercentageScore:0.18
SignificanceHeuristicParser:0.17944444444444443
SignificantTermsSignificanceScoreIT:0.17333333333333334
SignificantTermsParser:0.15666666666666668
NXYSignificanceHeuristic:0.1261111111111111
SimpleHeuristic:0.12333333333333334
SignificantTermsTests:0.08333333333333333
