AttributeDescriptor:0.4983888888888888
EntityDescriptor:0.46803968253968253
Address:0.446373015873016
EntityGenerator:0.36666666666666664
EntityType:0.32
AttributeMember:0.23666666666666666
EntityProcessor:0.18333333333333332
EntityNameResolver:0.16
EntityGraph:0.09333333333333334
JPAModelTest:0.056666666666666664
