AbstractCockpitConfigurationHandler:0.5866666666666667
CockpitConfigurationHandler:0.44333333333333336
PropertyOverride:0.4375
