UIRepeatListComponent:0.6266666666666667
FacesAttributes:0.46
ApplicationListener:0.13333333333333333
LogicPhaseListener:0.12
