FolderWidget:0.45666666666666667
SimpleListOfTasksWidget:0.26666666666666666
EntryWidget:0.2633333333333333
FileFolderWidget:0.23
TaskFolderWidget:0.13666666666666666
UrlWidget:0.13666666666666666
MyTasksWidget:0.11333333333333333
