BaseTDBuilder:0.5833333333333334
WorkflowBotConfigurationParser:0.45642857142857146
RelationToTDBuilder:0.25333333333333335
RelationFromTDBuilder:0.25333333333333335
RelationExecutorBaseTDBuilder:0.24666666666666667
PrepertyTDBuilder:0.17
RemoveRelationAction:0.0
RemoveRelationGroupAction:0.0
