TypeWriter:0.6433333333333333
InterfaceWriter:0.30333333333333334
EnumWriter:0.26666666666666666
ClassWriter:0.21
