AdminProcessor:0.39666666666666667
UserRegisterValidation:0.36111111111111116
ArticleProcessor:0.33666666666666667
ArticleQueryService:0.19666666666666666
StatisticProcessor:0.17333333333333334
