JolieSwitch:0.7
Interpreter:0.4855555555555555
ToString:0.03666666666666667
