ClientMapTest:0.48
CallbackImpl:0.38952380952380955
MapGetRequest:0.21
MapRemoveRequest:0.21
MapPutRequest:0.21
PartitionClientRequest:0.1686111111111111
