RuntimeEnvironment:0.58
Configuration:0.5366666666666666
RepositoryInfo:0.29333333333333333
PageConfig:0.21555555555555553
Repository:0.215
RepositoryFactory:0.20666666666666667
GitRepository:0.17666666666666667
