Builder:0.48333333333333334
Parser:0.2833333333333333
PointerPointer:0.2633333333333333
BoolPointer:0.24666666666666667
SizeTPointer:0.24666666666666667
CLongPointer:0.24666666666666667
IntPointer:0.24666666666666667
ClassProperties:0.2277777777777778
BytePointer:0.14666666666666667
CharPointer:0.14666666666666667
DoublePointer:0.12333333333333334
ShortPointer:0.12333333333333334
LongPointer:0.12333333333333334
FloatPointer:0.12333333333333334
BuildMojo:0.09
