TedMainDialog:0.45555555555555555
TedTable:0.44666666666666666
TedMainMenuBar:0.39
TedTablePopupMenu:0.3566666666666667
