HtmlTextArea:0.8033333333333333
HtmlTextArea2Test:0.21266666666666667
