AbstractTestDescriptor:0.5133333333333333
Visitor:0.4275555555555555
TestDescriptor:0.34777777777777774
