ManagedConnectionImpl:0.37
ConnectionFactoryImpl:0.36666666666666664
ManagedConnectionFactoryImpl:0.30333333333333334
ResourceAdapterImpl:0.24666666666666667
HazelcastTransactionImpl:0.21722222222222223
JcaBase:0.15333333333333332
