Thumbnail:0.43333333333333335
CircularProgressBar:0.39666666666666667
DicomExplorer:0.3466666666666667
InterruptionListener:0.3023531746031747
LoadSeries:0.2733333333333333
SeriesImporter:0.16031746031746033
