Connection:0.5813333333333334
StressTest:0.37
CMPSendHTTP:0.25666666666666665
CMPTest:0.16
CmpProxyServlet:0.15
CmpTcpProxyCommandHandlerHttp:0.14666666666666667
HttpConnection:0.11666666666666667
