SQLQueryGenerator:0.4697777777777778
MqlQueryAnalysis:0.38333333333333336
ListOQLTest:0.32
Query:0.29
MakumbaTestData:0.29
TransactionImplementation:0.21
SQLUpdate:0.16333333333333333
DataTypeListerServlet:0.11
DataQueryServlet:0.09333333333333334
