Settings:0.6933333333333334
Http20Draft12Test:0.46
Reader:0.36333333333333334
SettingsTest:0.19
