OutputModelFactory:0.7566666666666667
ParserASTExtension:0.4
ParserFactory:0.29
OutputModelController:0.22
DefaultOutputModelFactory:0.21
InvokeRule:0.16633333333333333
CodeGeneratorExtension:0.15333333333333332
