AddListenerRequest:0.5366666666666666
ClientQueueProxy:0.44666666666666666
ClientQueueTest:0.36666666666666664
ClientProxy:0.18666666666666668
SpiPortableHook:0.14666666666666667
