PollerConfigFactoryTest:0.6133333333333333
CollectdPackage:0.5233333333333333
ThreshdConfigManager:0.30333333333333334
