NioTransport:0.7133333333333334
SimpleNioTransportTests:0.31666666666666665
AcceptorEventHandlerTests:0.26
