MSequence:0.5222222222222221
MGLBookPeriod:0.4766666666666667
Doc_Invoice:0.3333333333333333
