H2Builder:0.6
H2ModelReader:0.3566666666666667
H2PlatformUnitTest:0.22333333333333333
