DriverContext:0.4655555555555555
Timer:0.38
LossHandler:0.22
RateReporter:0.19666666666666666
MediaDriver:0.1852222222222222
StaticDelayGenerator:0.15333333333333332
FeedbackDelayGenerator:0.12333333333333334
