ARINC661App:0.6833333333333333
ScenarioPanel:0.2866666666666667
MapsPlugin:0.18333333333333332
CockpitPlugin:0.17666666666666667
TreeEditorActionHelper:0.14666666666666667
