Future:0.5866666666666667
FutureImpl:0.44
FutureTest:0.2733333333333333
