Facility:0.55
Unit:0.5366666666666666
Vehicle:0.5
TaskDrive:0.34
Settlement:0.33666666666666667
GreenhouseFacility:0.3333333333333333
Task:0.3333333333333333
Person:0.29333333333333333
VehicleDialog:0.23
FacilityManager:0.20666666666666667
EarthClock:0.19666666666666666
UnitManager:0.19
MasterClock:0.175
MechanicalFailure:0.15666666666666668
TaskManager:0.09666666666666666
VirtualMars:0.08333333333333333
InsituResourceProcessorFacility:0.08
TaskTendGreenhouse:0.07
TaskRelax:0.07
TaskMechanic:0.06333333333333334
OrbitInfo:0.0033333333333333335
GreenhouseFacilityPanel:0.0
