SymbolInfo:0.5
TimeZoneInfo:0.30666666666666664
HighLevelEncoder:0.25666666666666665
ChecksumException:0.2225
FormatException:0.2225
CalendarEventGenerator:0.18666666666666668
QRCodeEncoder:0.18333333333333332
SymbolInfoTestCase:0.13
NotFoundException:0.11333333333333333
DataMatrixWriter:0.09666666666666666
ReaderException:0.04
