WindowingTextOverlay:0.33666666666666667
TextOverlay:0.33666666666666667
ImagePanel:0.32
WindowingLayeredCanvas:0.27666666666666667
AnnotationPanel:0.24666666666666667
Canvas:0.24666666666666667
MainScreen:0.24055555555555552
WindowingImagePanel:0.23666666666666666
LayeredCanvas:0.2
WindowingCanvas:0.12833333333333333
