ComponentTester:0.5933333333333334
ComponentReference:0.49
DefaultComponentFinder:0.31
ComponentBrowser:0.21333333333333335
