LayerManager:0.75
RemoveSelectedLayersPlugIn:0.36333333333333334
RenderingManager:0.35333333333333333
