MapLayer:0.5333333333333333
MapObject:0.5333333333333333
BatchTiledMapRenderer:0.29333333333333333
GleedMapRenderer:0.26
OrthogonalTiledMapRenderer2:0.22666666666666666
