Messages:0.5986666666666667
IPreferenceConstants:0.4976111111111112
ChooseScaleMethodWizardPage:0.37
ManualScaleFactorWizardPage:0.37
AutoScaleFactorWizardPage:0.09694444444444444
GhemicalPreferences:0.09666666666666666
