CreateAlterTableStatementAnalyzerTest:0.5133333333333333
AlterTableAnalysis:0.4033333333333333
DDLAnalysisDispatcher:0.33666666666666667
AlterTableAnalyzer:0.20333333333333334
ColumnPolicyIntegrationTest:0.06333333333333334
