PermissionDAOImplTest:0.6780555555555555
PermissionDAOImpl:0.43333333333333335
