ProcessingResult:0.7464444444444445
Parser:0.42083333333333334
JdtParser:0.37666666666666665
JavacParser:0.29333333333333333
JavacEnvironment:0.16111111111111112
J2ObjC:0.15
JavacProcessingResult:0.013333333333333334
