StoreScp:0.41
FindScp:0.30333333333333334
MoveScp:0.2866666666666667
MultiCFindRsp:0.26555555555555554
QueryRetrieveScpService:0.20333333333333334
MoveScuService:0.18333333333333332
AbstractScpService:0.17
MWLFindScpService:0.1
MWLFindScp:0.006666666666666667
