RrCSGPolygon:0.59
RrPolygonList:0.5466666666666666
TestMain:0.22333333333333333
