GLSLDisplay:0.67
Drawable:0.38333333333333336
ExtractLayerPass:0.24333333333333335
PixelStorageModes:0.22
ShadowMapCollection:0.2
CacheScenePass:0.14333333333333334
