ScriptEditor:0.6566666666666666
ScriptModel:0.395
ScriptModelTest:0.3466666666666667
