MethodCallProxy:0.5266666666666666
Key:0.5
MethodCallProxyTest:0.23333333333333334
