Weather:0.6033333333333334
TabPanelWeather:0.41333333333333333
BuildingPanel:0.3566666666666667
TabPanelUnitWindow:0.24666666666666667
