SpriteBatch:0.6466666666666666
SpriteBatchTest:0.41
SpriteBatchRotationTest:0.20266666666666666
