WsFederationAction:0.4575
WsFederationHelper:0.4033333333333333
WsFederationWebflowConfigurer:0.34888888888888886
