AWT:0.63
Robot:0.5066666666666667
InputState:0.25333333333333335
AWTCode:0.15333333333333332
