RedissonSet:0.6166666666666667
MasterSlaveConnectionManager:0.4666666666666667
ConnectionManager:0.34
