View:0.6066666666666667
Tab:0.45
InvoiceTest:0.24666666666666667
