RegexFieldValidator:0.56
RegexFieldValidatorTest:0.3933333333333333
EmailValidator:0.242
EmailValidatorTest:0.10333333333333333
