ExecUtility:0.57
TestCommandLineUtilities:0.33666666666666667
TestIngestDemoObjects:0.24
FedoraHome:0.22666666666666666
ExecUtilityTest:0.03666666666666667
