TestMapUsingMapStoreBuilder:0.7366666666666667
StoreWorker:0.41333333333333333
TestMapStore:0.37
WriteBehindWriteDelaySecondsTest:0.09
