ZoneContextHolder:0.68
WebUrlUtil:0.4766666666666667
ZoneContextValve:0.14666666666666667
ZoneContextOverrideFilter:0.14333333333333334
