JPPFResourceWrapper:0.45
JPPFClassLoader:0.4
ResourceProvider:0.31666666666666665
ClassServerDelegate:0.20333333333333334
ApplicationConnection:0.20333333333333334
