AuthenticationManagerImpl:0.8333333333333334
DefaultAttributesPostProcessing:0.23833333333333334
