IoUtility:0.5566666666666666
StringUtility:0.44666666666666666
XPathLocationParser:0.31333333333333335
TextInput:0.25333333333333335
SaxDefaultHandler:0.23861111111111113
Context2XPathOld:0.23
SaxParser:0.23
Term:0.22666666666666666
XPathLocationFinder:0.19666666666666666
ResourceLoaderUtility:0.13777777777777775
LoadXmlOperatorListUtility:0.0125
