NamingStrategyDelegate:0.6866666666666666
HbmBinder:0.38
Configuration:0.2833333333333333
Ejb3JoinColumn:0.2783333333333333
Ejb3Column:0.24
JpaNamingStrategyDelegate:0.22666666666666666
HbmNamingStrategyDelegate:0.22333333333333333
TableBinder:0.21
LegacyHbmNamingStrategyDelegate:0.18
LegacyNamingStrategyDelegator:0.14
EntityTableNamingStrategyHelper:0.12333333333333334
MyNamingStrategyDelegator:0.0
