Type:0.37
Sky:0.36
AreaLight:0.26666666666666666
SunSkyLight:0.25
Parallelogram:0.24666666666666667
LightBase:0.16333333333333333
