MethodSignatureVisitor:0.5444444444444445
ProxettaAsmUtil:0.4772222222222222
ProxettaMethodBuilder:0.31
