DOWriter:0.7133333333333334
DigitalObject:0.5656230158730161
DefaultManagement:0.36333333333333334
DefaultDOManager:0.305
SimpleDOWriter:0.15
BasicDigitalObject:0.056666666666666664
