Console:0.7866666666666666
ConsoleMenu:0.2866666666666667
