StaticQueryManager:0.2966666666666667
SplitManager:0.2866666666666667
ImportManager:0.24666666666666667
ImportTableQuery:0.24666666666666667
ServerMainModule:0.24333333333333335
ShardImporter:0.2
PartitionChunkSupplier:0.16666666666666666
ImportJob:0.14666666666666667
