ImageDisplayRelativeTest:0.6766666666666666
ImageDisplayRelative:0.5133333333333333
Overlay:0.39666666666666667
DicomImageReaderToDicomHeaderTest:0.27051984126984113
DicomImageFilter:0.26666666666666666
AuditFilter:0.21666666666666667
DicomFileLocationFilterTest:0.19666666666666666
AuditFilterTest:0.14333333333333334
PixelPadding:0.13333333333333333
QueryAudit:0.0033333333333333335
IndexedImageSource:0.0033333333333333335
WadoParams:0.0
DicomImageReaderToDicomObject:0.0
ViewAudit:0.0
