InjectorImpl:0.7
BinderImpl:0.3933333333333333
Guice:0.19666666666666666
AllTests:0.08333333333333333
