KeyStoreCallbackHandler:0.7566666666666667
KeyStoreFactoryBean:0.4066666666666667
