Unsafe:0.54
AtomicIntegerFieldUpdaterTest:0.3383333333333333
AtomicLongFieldUpdaterTest:0.3383333333333333
AtomicReferenceFieldUpdaterTest:0.25833333333333336
