RandomAccessOutputStream:0.46777777777777774
RandomAccessInputStream:0.2472222222222222
