WebKeys:0.81
Definition:0.6866666666666666
DefinitionHelper:0.48333333333333334
DefinitionModuleImpl:0.24666666666666667
MobileAjaxController:0.20916666666666667
AjaxController:0.18
ViewEntryController:0.16
DisplayConfiguration:0.16
BuildDefinitionDivs:0.15666666666666668
DefinitionConfigurationBuilder:0.15
MiniBusinessCard:0.14666666666666667
AddAttachmentController:0.12666666666666668
AddEntryController:0.12666666666666668
ModifyEntryController:0.11
ConfigureController:0.10333333333333333
ViewController:0.10333333333333333
ConfigureConfigurationController:0.1
ModifyBinderController:0.07666666666666666
SendEntryMailController:0.07666666666666666
