HtmlTreeBuilder:0.7621111111111113
CharacterReader:0.38333333333333336
