LogAppender:0.42
NioSelector:0.23666666666666666
LogAppenderTest:0.22666666666666666
DriverPublication:0.22333333333333333
UnicastSenderControlStrategy:0.21333333333333335
DefaultMulticastSenderControlStrategy:0.21333333333333335
DriverConnectedSubscription:0.18
SelectorAndTransportTest:0.14666666666666667
SenderControlStrategy:0.08738888888888888
