DefaultQueryHandler:0.6533333333333333
DatabaseUpgrades:0.36333333333333334
UpgradeServlet:0.2966666666666667
