Printer:0.6165555555555555
UnitGraphics:0.6133333333333333
PrintTask:0.44
Preview:0.38
TreeViewPrinter:0.1
