ComplexType:0.6333333333333333
DataContainer:0.5133333333333333
