FeatureSet:0.48333333333333334
AnnotationEditor:0.3788888888888889
DrawableSeqFeature:0.23333333333333334
DrawableFeatureSet:0.21333333333333335
FeatureEditorDialog:0.2088888888888889
BaseEditorPanel:0.20666666666666667
SeqExport:0.20555555555555557
Zigzag:0.15666666666666668
DrawableResultSeqFeature:0.14
