InstanceTracker:0.6285873015873015
SnmpIfCollectorTest:0.32
SnmpCollectorTestCase:0.31666666666666665
SnmpNodeCollectorTest:0.30333333333333334
SnmpTableTest:0.12
SnmpTable:0.043333333333333335
SnmpColumn:0.04
SpecificInstanceTracker:0.02666666666666667
ColumnInstanceTracker:0.016666666666666666
