ICrystal:0.6266666666666667
DebugCrystal:0.47333333333333333
Crystal:0.46
CrystClustReaderTest:0.25777777777777783
CMLFragmentsTest:0.20333333333333334
Jumbo46CMLFragmentsTest:0.18916666666666668
