OCSPServletStandAlone:0.49
OCSPServletStandAloneSession:0.36333333333333334
LocalCertificateStoreOnlyDataSessionBean:0.36
MyAdapter:0.25333333333333335
IOCSPServletStandAloneSession:0.12666666666666668
