Pointer:0.8466666666666667
TestLibrary:0.33726190476190465
StringArray:0.29333333333333333
CallbacksTest:0.27
CallbackReference:0.23333333333333334
DefaultCallbackProxy:0.2277777777777778
