ServiceRefAwareWithSingleServiceTest:0.6677777777777778
ServiceProxyFactoryBeanTest:0.5733333333333334
