RrCSG:0.9866666666666667
TestMain:0.30666666666666664
