FieldRegistry:0.5433333333333333
SubclassDynamicTypeBuilder:0.43333333333333335
FieldRegistryDefaultTest:0.31333333333333335
Default:0.31
SubclassFieldValueTarget:0.30666666666666664
Handler:0.17805555555555558
SubclassDynamicTypeBuilderTest:0.013333333333333334
