NettyServer:0.3433333333333333
ChannelImpl:0.3333333333333333
NettyServerBuilder:0.30666666666666664
ServerImpl:0.2833333333333333
OkHttpChannelBuilder:0.21
TransportListener:0.205
OkHttpClientTransport:0.2
NettyChannelBuilder:0.19333333333333333
ChannelImplTest:0.15666666666666668
AbstractServerBuilder:0.14333333333333334
AbstractChannelBuilder:0.14333333333333334
OkHttpTransportFactory:0.14
InProcessServerBuilder:0.13777777777777775
NettyTransportFactory:0.12666666666666668
InProcessChannelBuilder:0.08
InProcessClientTransportFactory:0.02892857142857143
