ObjectBuilder:0.4533333333333333
PID:0.39666666666666667
UploadServlet:0.36333333333333334
Base64:0.35
ConnectionPool:0.3466666666666667
StreamUtility:0.33666666666666667
PolicyParser:0.3233333333333333
MockRepositoryReader:0.31666666666666665
ValidationUtility:0.29333333333333333
PolicyFinderModule:0.29
TestAPIA:0.2833333333333333
SimpleDOWriter:0.26
ConnectionWrapper:0.25666666666666665
FieldSearchSQLImpl:0.25666666666666665
RelsExtValidator:0.25333333333333335
FilterLdap:0.24666666666666667
SQLUtilityImpl:0.24333333333333335
TestAPIM:0.24
ResourceIndexIntegrationTest:0.23666666666666666
MockPreparedStatement:0.23666666666666666
DefaultAuthorization:0.23333333333333334
METSFedoraExtDODeserializer:0.22666666666666666
BatchModifyParser:0.22333333333333333
METSFedoraExtDOSerializer:0.22
FOXMLDOSerializer:0.22
MockConnection:0.21666666666666667
DefaultDOManager:0.21333333333333335
FOXMLDODeserializer:0.21
PolicyEnforcementPoint:0.20666666666666667
TestFieldSearchSQLImpl:0.20666666666666667
TestManagementNotifications:0.20666666666666667
DefaultManagement:0.20666666666666667
TestPolicyParser:0.20666666666666667
TestManagedDatastreams:0.205
FieldSearchResultSQLImpl:0.205
TestAPIALite:0.20333333333333334
ResourceIndexModMiscIntegrationTest:0.19666666666666666
ResourceIndexModDSIntegrationTest:0.19
PasswordCipher:0.18
TestCommandLineUtilities:0.17666666666666667
FedoraHome:0.17166666666666666
MockStatement:0.16666666666666666
ResourceIndexAddDelDSIntegrationTest:0.165
AutoFinder:0.16333333333333333
EncodingBase64InputStream:0.15333333333333332
ValidationUtilityTest:0.15
OracleDDLConverter:0.14333333333333334
ExportOptionsDialog:0.14333333333333334
ServerController:0.14
TestBase64:0.12666666666666668
RelsExtValidatorTest:0.11833333333333333
DecodingBase64OutputStream:0.11
FieldSearchSQLImplIntegrationTest:0.11
MockPolicyParser:0.10049999999999999
ConnectionPoolManagerImpl:0.1
AllIntegrationTests:0.05333333333333334
AllUnitTests:0.05333333333333334
ObjectFormatDialog:0.016666666666666666
