Carbon:0.42333333333333334
EditText:0.4
TextView:0.4
Button:0.2833333333333333
FeaturesActivity:0.09333333333333334
