Groove:0.4533333333333333
Options:0.45
JGraphPanel:0.44333333333333336
GraphJGraph:0.38333333333333336
Simulator:0.37333333333333335
PanAction:0.37
SelectAction:0.37
LTSJGraph:0.26
Editor:0.26
ShowHideMenu:0.17
AspectJGraph:0.16666666666666666
LTSPanel:0.13
SelectedAction:0.07
MyMouseListener:0.06333333333333334
LTSGraphUI:0.0025
