NettyClientHandler:0.45666666666666667
NettyServerHandler:0.4033333333333333
NettyServerHandlerTest:0.31
NettyClientHandlerTest:0.2966666666666667
NettyClientTransportTest:0.23666666666666666
