ARINCModelFactory:0.32
ClientXMLDFHandler:0.31
AbstractDFHandler:0.2833333333333333
ARINClientWidgetFactory:0.25633333333333336
ARINCGPPolyline:0.24666666666666667
DefaultARINCUtils:0.24333333333333335
PolylineRendererUI:0.23
ServerXMLDFHandler:0.23
LongLongPanel:0.20944444444444443
MessagePanelFactory:0.18
LoaderUtilities:0.14333333333333334
GrowableTablePanel:0.14154761904761906
ClientBoundedAttribute:0.09821428571428571
SynthPolylineUI:0.07
ServerEngineParserSupp5Test:0.03333333333333333
ClientXMLDFHandlerSupp5Test:0.023333333333333334
