Preferences:0.5733333333333334
Utility:0.47333333333333333
