Node:0.4633333333333333
InternalPartitionServiceImpl:0.35333333333333333
OperationBackupHandler:0.35333333333333333
BackupTest:0.2966666666666667
HazelcastHttpSession:0.27666666666666667
LocalMapStatsImpl:0.24994444444444444
MapContainer:0.23333333333333334
BasicOperationService:0.22
OperationHandler:0.20666666666666667
WebfilterTestCase:0.20333333333333334
XMLConfigBuilderTest:0.17333333333333334
ClientMultiMapListenerStressTest:0.16666666666666666
VersionCheck:0.15666666666666668
AbstractWebfilterTestCase:0.14
TestServlet:0.10666666666666667
MapStoreBackup:0.06666666666666667
ClientMapStoreTest:0.06
LocalMapStatsTest:0.023333333333333334
