StatementGenerator:0.4033333333333333
ObjectiveCImplementationGeneratorTest:0.37333333333333335
ObjectiveCImplementationGenerator:0.36
RewriterTest:0.33
ObjectiveCHeaderGenerator:0.31
Rewriter:0.2733333333333333
NameTable:0.2733333333333333
ObjectiveCSourceFileGenerator:0.27
StatementGeneratorTest:0.22666666666666666
AnonymousClassConverterTest:0.21
ObjectiveCHeaderGeneratorTest:0.21
InitializationNormalizerTest:0.17333333333333334
GenerationTest:0.16666666666666666
ObjectiveCSourceFileGeneratorTest:0.043333333333333335
