Window:0.53
AstBuilder:0.4266666666666667
RewritingVisitor:0.3333333333333333
Visitor:0.24
Formatter:0.24
DefaultTraversalVisitor:0.24
