SearchSourceBuilder:0.4033333333333333
ScriptField:0.2966666666666667
TopHitsAggregationBuilder:0.22333333333333333
MovAvgPipelineAggregationBuilder:0.21083333333333334
BucketMetricsParser:0.19833333333333333
SerialDiffPipelineAggregationBuilder:0.1975
BucketScriptPipelineAggregationBuilder:0.1975
ScriptedMetricAggregationBuilder:0.1975
DerivativePipelineAggregationBuilder:0.1975
ScriptHeuristic:0.1975
FiltersAggregationBuilder:0.1975
SamplerAggregationBuilder:0.1975
BucketSelectorPipelineAggregationBuilder:0.1975
MultiValuesSourceParser:0.19666666666666666
BucketHelpers:0.19666666666666666
CumulativeSumPipelineAggregationBuilder:0.18666666666666668
NestedAggregationBuilder:0.17083333333333334
DecayFunctionParser:0.14666666666666667
ExtendedStatsBucketParser:0.14666666666666667
