Skin:0.44666666666666666
Button:0.44
Stage:0.4033333333333333
MaxRects:0.2569444444444444
TexturePacker2:0.16333333333333333
Scene2dTest:0.15666666666666668
MaxRectsPacker:0.07
