Corpus:0.5266666666666666
ConcordancesEditor:0.42
AnnotationManager:0.2966666666666667
KnowledgeRepository:0.27
TemporaryAnnotationManager:0.24333333333333335
SQLConnection:0.23666666666666666
KnowledgeRepositoryManager:0.20333333333333334
KRView:0.15
UsernamePasswordDialog:0.14833333333333334
UpdateCorpus:0.08666666666666667
InitializeKnowledgeRepository:0.05483333333333333
ResetColumnWidths:0.04
