ChemObjectTest:0.6008888888888888
AtomEnumerationTest:0.47333333333333333
AtomParityTest:0.47333333333333333
