PortletUrlRenderer:0.5033333333333333
ServletUrlRenderer:0.4866666666666667
PortletUrlRendererTest:0.21
TestObject:0.13166666666666665
