CommandThread:0.49666666666666665
ProjectProperties:0.4066666666666667
FilterMaster:0.38333333333333336
SearchWindow:0.23333333333333334
