IndicesRequestCache:0.48833333333333334
IndicesService:0.2833333333333333
IndicesRequestCacheTests:0.26
