FormType:0.6028333333333333
FormNode:0.48333333333333334
OpenFormEditorDelegate:0.35
XSNFormType:0.18
