IndexDatabase:0.6222222222222222
SearchHelper:0.4033333333333333
Summarizer:0.3
