OrderBy:0.4266666666666667
JoinIntegrationTest:0.26666666666666666
RelationSplitterTest:0.2633333333333333
RelationNormalizer:0.25666666666666665
MultiSourceFetchPushDown:0.2511111111111111
RelationSplitter:0.14865079365079362
MultiSourceFetchPushDownTest:0.14666666666666667
ManyTableConsumer:0.14166666666666666
Visitor:0.10666666666666667
