JChemPaintEditorPanel:0.7482777777777778
JChemPaintAbstractApplet:0.44527777777777783
