Association:0.53
Entry:0.36366209716209713
CommandFactory:0.3333333333333333
AssociationConfig:0.31666666666666665
PDVInputStream:0.26666666666666666
DULProtocolProvider:0.15666666666666668
DimseRSPHandlerAdapter:0.14
PDataTFDecoder:0.09333333333333334
ConfigurableAcceptorPolicy:0.09333333333333334
StorageService:0.06
ByteBufferChannel:0.0125
