AppResource:0.6322222222222222
InstallerConfig:0.47
InitialConfigPage:0.34777777777777774
ConfigService:0.33
