StandardTypes:0.5454444444444446
MapSubscriptOperator:0.38333333333333336
QueryResults:0.3
ArrayConstructor:0.23
ArraySubscriptOperator:0.22
TypeRegistry:0.18333333333333332
TypeJsonUtils:0.14333333333333334
