CommandBatchExecutorService:0.6733333333333333
RedissonBatchTest:0.16333333333333333
