Jnet:0.62
JnetManager:0.4033333333333333
NodeMover:0.33666666666666667
Stat:0.20666666666666667
