Terms:0.4766666666666667
Articles:0.30333333333333334
Genes:0.24333333333333335
GenesWithSequences:0.20333333333333334
GenesWithAliases:0.18333333333333332
TermsWithAliases:0.03
