GeonetContext:0.5333333333333333
WFS:0.22333333333333333
Add:0.22
ExtentManager:0.20666666666666667
Geonetwork:0.20333333333333334
List:0.2
Config:0.155
Get:0.15
ExtentHelper:0.09333333333333334
