Flight:0.58
AirlineService:0.5333333333333333
FrequentFlyer:0.48333333333333334
Airport:0.4
Passenger:0.3333333333333333
AirlineServiceImplTest:0.31
GetFrequentFlyerMileage:0.29333333333333333
Ticket:0.28
DateTimeUserType:0.24666666666666667
GetFlights:0.22
LocalDateUserType:0.21333333333333335
FlightDao:0.19333333333333333
AirlineServiceImpl:0.18333333333333332
AcegiFrequentFlyerSecurityServiceTest:0.13833333333333334
StubFrequentFlyerSecurityService:0.11
MarshallingAirlineEndpointTest:0.11
JpaFlightDao:0.07888888888888888
FlightsControllerTest:0.045
JpaFlightDaoTest:0.043333333333333335
AcegiFrequentFlyerSecurityService:0.04
FlightsController:0.03666666666666667
NoSuchFlightException:0.035
JpaFrequentFlyerDaoTest:0.03333333333333333
XPathAirlineEndpoint:0.02666666666666667
MarshallingAirlineEndpoint:0.02666666666666667
FrequentFlyerDao:0.025833333333333333
XPathAirlineEndpointTest:0.010277777777777778
JpaTicketDaoTest:0.0033333333333333335
AirlineWebServiceConstants:0.0
JpaFrequentFlyerDao:0.0
JpaTicketDao:0.0
