Server:0.8033333333333333
QueryCmd:0.43333333333333335
StorageBean:0.4
FileSystemMgtService:0.35
StoreScpService:0.3433333333333333
FileSystemMgtBean:0.27666666666666667
DcmServerService:0.23
HL7ServerService:0.23
WADOCacheImpl:0.22666666666666666
StoreScp:0.21333333333333335
ServerImpl:0.20333333333333334
HttpUserInfo:0.19666666666666666
BaseDSQueryCmd:0.13666666666666666
HPQueryCmd:0.08
