MailSentStatus:0.41444444444444445
AbstractAdminModule:0.4
MailModuleImpl:0.32666666666666666
DefaultSendEmail:0.2644444444444445
MailStatus:0.16333333333333333
SendEntryMailController:0.06666666666666667
SendMailController:0.06666666666666667
WebKeys:0.053888888888888896
