DownloadFile:0.8666666666666667
DownloadManager:0.38333333333333336
