ElementClosesElementTest:0.7280555555555556
WebServerTestCase:0.30666666666666664
TestCaseCorrector:0.27
