SerializeWriter:0.7038888888888889
ASMSerializerFactory:0.4166666666666667
ObjectFieldSerializer:0.2733333333333333
