HttpCommandProcessor:0.6666666666666666
HTTPCommunicator:0.5733333333333334
HttpPostCommandProcessor:0.4633333333333333
RestTest:0.33666666666666667
