ASTUtil:0.37666666666666665
JavaToIOSMethodTranslatorTest:0.36333333333333334
PrimitiveArrayTest:0.36333333333333334
StatementGeneratorTest:0.33
AutoboxerTest:0.29
ArrayAccessTest:0.2866666666666667
InitializationNormalizerTest:0.2833333333333333
RewriterTest:0.21
NilCheckResolver:0.18666666666666668
ComplexExpressionExtractorTest:0.14333333333333334
NilCheckResolverTest:0.07
