ValuesSourceAggregationBuilder:0.27
ValuesSourceMetricsAggregationBuilder:0.25
HistogramParser:0.13666666666666666
IpRangeParser:0.13666666666666666
RangeParser:0.13666666666666666
DateRangeParser:0.13666666666666666
TermsParser:0.13666666666666666
ValuesSourceMetricsAggregatorParser:0.13666666666666666
DateHistogramParser:0.11
