EmitUtils:0.6533333333333333
CustomizerRegistry:0.5766666666666667
Generator:0.2966666666666667
