URLConnectionTest:0.45666666666666667
Connection:0.43190476190476185
HttpAuthenticator:0.4166666666666667
Address:0.35
RouteSelectorTest:0.24666666666666667
ConnectionPoolTest:0.21666666666666667
HttpURLConnectionImpl:0.2
HttpEngine:0.18333333333333332
OkHttpClient:0.17333333333333334
