SettlementConfig:0.3933333333333333
Settlement:0.36333333333333334
UnitManager:0.2966666666666667
Coordinates:0.25
SimulationConfig:0.22666666666666666
JUnitTests:0.2
AllJUnitTests:0.16
BuildingManager:0.15666666666666668
