Crop:0.42
OrbitInfo:0.39
UnitManager:0.30666666666666664
Mars:0.30266666666666664
Weather:0.24
CropType:0.24
Building:0.21666666666666667
SurfaceFeatures:0.17333333333333334
CropConfig:0.13666666666666666
ThreadPoolServer:0.06666666666666667
DailyWeather:0.05333333333333334
WorkerRunnable:0.03666666666666667
