CodeGenerator:0.6166666666666667
ClassNameFactory:0.36333333333333334
