Daos:0.5566666666666666
JdbcExpert:0.5566666666666666
SimpleDaoTest:0.3333333333333333
AbstractJdbcExpert:0.2833333333333333
OracleJdbcExpert:0.24333333333333335
