TestCreole:0.7205555555555556
TestGate:0.37666666666666665
