Date:0.8933333333333333
DefaultDate:0.45
TermStructuresTest:0.27
TermStructure:0.26
DatesTest:0.12666666666666668
