WebContext:0.6751111111111111
RouteTest:0.4166666666666667
