InitialFlowSetupAction:0.5333333333333333
GenerateServiceTicketAction:0.37
CasSupportActionsConfiguration:0.29333333333333333
SamlIdPConfiguration:0.27666666666666667
DefaultCentralAuthenticationService:0.2
InitialFlowSetupActionCookieTests:0.12333333333333334
