DataManager:0.8166666666666667
XmlSerializer:0.4166666666666667
Harvester:0.15333333333333332
Show:0.11
