Request:0.69
RestHighLevelClientTests:0.3933333333333333
IndicesClientIT:0.29333333333333333
SearchIT:0.27
PingAndInfoIT:0.11333333333333333
