Beans:0.4866666666666667
LdapAuthenticationConfiguration:0.43
AdminPagesSecurityProperties:0.30333333333333334
AbstractCasWebflowEventResolver:0.25333333333333335
CentralAuthenticationService:0.23644444444444446
AbstractCentralAuthenticationService:0.21666666666666667
DashboardController:0.17666666666666667
CasRestConfiguration:0.16666666666666666
TicketsResource:0.13416666666666666
