ControlCenter:0.7733333333333333
HeapStatusWidget:0.43333333333333335
