ReportView:0.52
ReportViewFactory:0.2833333333333333
ActionReload:0.2111111111111111
ActionStart:0.16
ActionRun:0.13666666666666666
ListGlue:0.023333333333333334
