PollablesTest:0.6166666666666667
MockPollerConfig:0.48
PollOutagesConfigFactory:0.38
PollOutagesConfigManager:0.2833333333333333
