ExecutorService:0.7830555555555556
ExecutorDAO:0.3768888888888889
ExecutorServiceBean:0.32
ExecutorDAOHibernateImpl:0.23
ExecutorServiceDelegateRemoteImpl:0.19666666666666666
ExecutorServiceDelegateLocalImpl:0.19666666666666666
ExecutorLogic:0.19666666666666666
ExecutorServiceDelegate:0.19416666666666665
