Euler:0.6466666666666666
Parser:0.37666666666666665
