ByteArrayClassLoaderTest:0.5133333333333333
TargetType:0.16727777777777778
TargetTypeTest:0.06
