Configuration:0.5361111111111111
OnEventScanner:0.18666666666666668
OnJsonObjectScanner:0.18666666666666668
OnMessageScanner:0.15
OnConnectScanner:0.15
OnDisconnectScanner:0.15
