HttpClientBuilder:0.6233333333333333
JerseyClientBuilder:0.37333333333333335
JerseyClientBuilderTest:0.3433333333333333
