Parameter:0.6533333333333333
PathCompiler:0.42
FunctionPathToken:0.2633333333333333
NestedFunctionTest:0.14
