ROCBinary:0.42
RegressionEvaluation:0.3922222222222222
EvaluationBinary:0.3433333333333333
ROCMultiClass:0.19583333333333336
EvalJsonTest:0.19
BaseEvaluation:0.036111111111111115
