PlainTikaMTUnresolvedProblemsTest:0.55
TikaMimeTypeIdentifierTest:0.4377777777777778
PlainTikaMTWorkingTest:0.2866666666666667
