MDLReader:0.6616666666666666
MDLReaderTest:0.5533333333333333
