ControllerHub:0.42
IChemModelRelay:0.37666666666666665
AlterBondStereoModule:0.36
DrawBondModule:0.2966666666666667
AddBondModule:0.25
RemoveModule:0.22
AddRingModule:0.19666666666666666
MoveModule:0.19666666666666666
AddAtomModule:0.15333333333333332
