JsonPath:0.61
Criteria:0.5266666666666666
JsonPathTest:0.22666666666666666
FilterTest:0.19666666666666666
ArrayEvalFilterTest:0.1
