CMLToJcampSpectrumMapper:0.555
SpectrumResource:0.4583333333333333
SpectrumBioResourceFormat:0.41333333333333333
