AccessControl:0.5333333333333333
AccessRule:0.5066666666666667
UserDetails:0.42
