CoreDaoImpl:0.5433333333333333
AbstractFileResource:0.3233333333333333
ShareResource:0.28
AbstractResource:0.24666666666666667
FolderEntryResource:0.24
