ValueType:0.5255555555555557
DeclaringType:0.45
Proto:0.30666666666666664
Processor:0.18
Environment:0.11
