ParentRunner:0.7133333333333334
ParentRunnerTest:0.42333333333333334
TestClass:0.2966666666666667
SampleTest:0.24666666666666667
AnnotationValidatorFieldTest:0.14772222222222223
AnnotationValidatorClassTest:0.14772222222222223
AnnotationValidatorMethodTest:0.14772222222222223
ExampleAnnotationValidator:0.13666666666666666
SampleCategory:0.0
