Builder:0.5888888888888889
ProxyUtils:0.4766666666666667
ProxyTest:0.23
