SimpleRequestMessage:0.43
SecConst:0.31666666666666665
RequestMessageUtils:0.2733333333333333
CommonEjbcaWS:0.2633333333333333
EjbcaWS:0.26
CertificateRequestSessionBean:0.13
