WebserviceBeanLocal:0.5966666666666667
BusinessEntityManager:0.5377777777777778
RemoteObjectLight:0.33
ApplicationView:0.32
WebserviceBean:0.25333333333333335
GetViewAction:0.23
BusinessEntityManagerImpl:0.17333333333333334
SpliceBoxEscene:0.16
PortWidget:0.05333333333333334
