Node:0.6066666666666667
BaseFrame:0.47
HTMLIFrameElementTest:0.3433333333333333
HTMLIFrameElement2Test:0.15
