TiledMapRenderer:0.6966666666666667
OrthogonalTiledMapRenderer2:0.38
OrthogonalTiledMapRenderer:0.15333333333333332
CacheTiledMapRenderer:0.09666666666666666
BatchTiledMapRenderer:0.09666666666666666
IsometricTiledMapRenderer:0.09
TiledMapDirectLoaderTest:0.06666666666666667
TiledMapBench:0.04666666666666667
TiledMapAssetManagerTest:0.02
