IO:0.3433333333333333
LogTest:0.33666666666666667
WeblogPublisherTest:0.2966666666666667
CurrentBuildStatusFTPBootstrapperTest:0.25
RSSPublisherTest:0.24666666666666667
ProjectTest:0.22333333333333333
AntBuilderTest:0.22333333333333333
NantBuilderTest:0.21
MergeLoggerTest:0.20222222222222222
LockFileBootstrapperTest:0.19666666666666666
LogFileSetupDecorator:0.19
CurrentBuildStatusPublisherTest:0.18666666666666668
CurrentBuildStatusBootstrapperTest:0.18666666666666668
FileSystemTest:0.18333333333333332
FeedTest:0.17555555555555555
BuildStatusTest:0.17333333333333334
LockFileListenerTest:0.17333333333333334
StatusHelperTest:0.16333333333333333
CruiseControlFeedTest:0.16
ArtifactsPublisherTest:0.15333333333333332
CurrentBuildStatusFTPListenerTest:0.14
CurrentBuildStatusListenerTest:0.14
EmbeddedJettyServerTest:0.11666666666666667
RakeBuilderTest:0.11666666666666667
LogFileTest:0.08333333333333333
FilesToDelete:0.0
