APIMapsDemo:0.4533333333333333
APIDemo:0.44666666666666666
AbstractAPIScriptDemo:0.27
NewPushButton:0.13
