EdgeView:0.7066666666666667
NodeView:0.48333333333333334
DataLoader:0.2966666666666667
