HttpTLSTest:0.6877777777777778
KeyStoreHelper:0.44888888888888884
