ObjectViewTopComponent:0.3333333333333333
ViewScene:0.3225
ClassHierarchyScene:0.29
LocalAttributeWrapperImpl:0.2833333333333333
ClassHierarchyReaderImpl:0.22333333333333333
ClassHierarchyTopComponent:0.15333333333333332
ExportSceneAction:0.11
LocalClassWrapperImpl:0.09333333333333334
ShowClassHierachy:0.08333333333333333
