FeignTest:0.4666666666666667
Module:0.44666666666666666
Defaults:0.36333333333333334
RunSynchronous:0.25933333333333336
