Parser:0.53
DefaultErrorStrategy:0.42333333333333334
Recognizer:0.2833333333333333
ANTLRErrorStrategy:0.23577777777777778
