TextViewDialog:0.6977777777777778
JChemPaintEditorApplet:0.44333333333333336
