ResourceLoader:0.8033333333333333
ContextTest:0.2633333333333333
ShadowResources:0.25
ResourcesTest:0.21
