CursorResultSet:0.61
SanityTest:0.3566666666666667
UpdateTest:0.3433333333333333
