StatisticsPlaces:0.9604444444444444
ReportGedcomStatistics:0.5033333333333333
