AndroidManifest:0.7333333333333333
ShadowContentResolver:0.43333333333333335
ContentResolverTest:0.38666666666666666
AndroidManifestTest:0.22666666666666666
TestContentProvider:0.05611111111111112
