FileResource:0.30666666666666664
SimpleNameResource:0.3
EipResource:0.29555555555555557
EipFileNameResource:0.2866666666666667
WebdavResource:0.25666666666666665
DavResource:0.22633333333333336
EipFileIdResource:0.18666666666666668
BinderResource:0.16666666666666666
RootResource:0.16
