ItemEventLRH:0.52
MapClientProxy:0.4766666666666667
ConnectionPool:0.33666666666666667
QueueClientProxy:0.30333333333333334
MapService:0.2966666666666667
MapTest:0.26666666666666666
MapEvictTask:0.23611111111111113
QueueService:0.198
QueueTest:0.19666666666666666
