JFXGeomUtils:0.4266666666666667
SwingPainterUtils:0.36833333333333335
J2DPrismGraphics:0.2966666666666667
OverlayRenderer:0.29333333333333333
TabPanelRenderer:0.25
SymbolRenderer:0.24
RectangleRendererUI:0.23
ArcEllipseRendererUI:0.23
ArcCircleRendererUI:0.23
TriangleRendererUI:0.23
PolylineRendererUI:0.23
JFXLineArcRenderer:0.23
JFXEditorOverlay:0.2278333333333333
MaskContainerRenderer:0.22666666666666666
CrownRendererUI:0.22666666666666666
LineRendererUI:0.22666666666666666
SymbolAnimatedRenderer:0.21666666666666667
MapVertRenderer:0.21666666666666667
MapHorzRenderer:0.21666666666666667
PolarLineRendererUI:0.21666666666666667
PopUpPanelButtonRenderer:0.21666666666666667
ApplyScriptAction:0.21333333333333335
JFXEditorPanel:0.21333333333333335
SymbolRendererUI:0.21
JFXMapSymbol:0.20166666666666666
ScriptHelper:0.2
JFXEditorLayerManager:0.19
LineRenderer:0.18333333333333332
RectangleRenderer:0.18333333333333332
PolylineRenderer:0.18333333333333332
PopUpMenuButtonRenderer:0.17666666666666667
SwingLayerRenderer:0.17
TriangleRenderer:0.17
ArcCircleRenderer:0.17
ArcEllipseRenderer:0.17
SynthRectangleUI:0.16333333333333333
SynthPolylineUI:0.16
JFXLayerEventHandler:0.15
SynthTriangleUI:0.14
PolarLineRenderer:0.13333333333333333
SynthArcEllipseUI:0.10666666666666667
SynthArcCircleUI:0.10666666666666667
CrownRenderer:0.10666666666666667
