RuntimeStatisticsMBean:0.63
RuntimeStatistics:0.44666666666666666
KablinkDao:0.43666666666666665
