TreeSet:0.8333333333333334
TreeSetTest:0.24333333333333335
