SymbolicListener:0.2733333333333333
LUSHR:0.14366666666666664
LDIV:0.14366666666666664
LAND:0.14366666666666664
LSHL:0.14366666666666664
IDIV:0.14366666666666664
IAND:0.14366666666666664
LXOR:0.14366666666666664
IOR:0.14366666666666664
LREM:0.14366666666666664
LOR:0.14366666666666664
IXOR:0.14366666666666664
LSHR:0.14366666666666664
IREM:0.14366666666666664
ISUB:0.13333333333333333
LADD:0.13333333333333333
LSUB:0.13333333333333333
IMUL:0.13333333333333333
IADD:0.13333333333333333
LMUL:0.13333333333333333
