CurrentBuildFileWriter:0.5966666666666667
CurrentBuildStatusTag:0.2866666666666667
CurrentBuildStatusFTPListener:0.21333333333333335
CurrentBuildStatusFTPPublisher:0.18333333333333332
CurrentBuildStatusListener:0.18333333333333332
CurrentBuildStatusBootstrapper:0.17
CurrentBuildStatusFTPBootstrapper:0.17
CurrentBuildStatusPublisher:0.17
CurrentBuildStatusFTPBootstrapperTest:0.12
CurrentBuildStatusFTPListenerTest:0.11666666666666667
CurrentBuildStatusListenerTest:0.11666666666666667
CurrentBuildStatusBootstrapperTest:0.11333333333333333
CurrentBuildStatusPublisherTest:0.11
