WebSocket:0.75
WebSocketServer:0.47333333333333333
WebSocketListener:0.22333333333333333
WebSocketClient:0.13333333333333333
