Connection:0.7466666666666667
CachingInputStream:0.52
CachingStreamHandler:0.02666666666666667
