AbstractInternalCacheProxy:0.4666666666666667
AbstractClientInternalCacheProxy:0.44
CacheEventListenerAdaptor:0.24833333333333332
