Json:0.5672222222222222
Slider:0.5433333333333333
Target:0.25333333333333335
