Partitioning:0.4166666666666667
PreferredProperties:0.36666666666666664
Global:0.32
Rewriter:0.31333333333333335
TestAddExchanges:0.20666666666666667
Builder:0.18666666666666668
AddExchanges:0.16
