LoggingFactory:0.37333333333333335
FileConfiguration:0.245
LogFormatter:0.22
ConsoleConfiguration:0.14666666666666667
LoggingConfiguration:0.135
