DefaultRecordStore:0.41
MapLoaderTest:0.31666666666666665
TestCollectionUtils:0.22
DummyMapLoader:0.1725
ClientMapLoadAllTest:0.10333333333333333
