RestrictionEnzymeSelector:0.38
RestrictionEnzyme:0.34
SeqFeatureUtil:0.3333333333333333
DrawableGeneSeqFeature:0.23666666666666666
Tweeker:0.20944444444444446
CutSiteModel:0.16333333333333333
CutSite:0.09
CutSiteRenderer:0.0375
SiteSelectorTable:0.016666666666666666
