IBootstrapService:0.4792063492063492
IDbDialect:0.44861111111111107
BootstrapService:0.44
AbstractDbDialect:0.4266666666666667
SymmetricLauncher:0.4033333333333333
Db2DbDialect:0.3233333333333333
FirebirdDbDialect:0.3233333333333333
DerbyDbDialect:0.3233333333333333
OracleDbDialect:0.32
MsSqlDbDialect:0.31642857142857145
HsqlDbDialect:0.30666666666666664
MySqlDbDialect:0.2966666666666667
PostgreSqlDbDialect:0.26666666666666666
H2DbDialect:0.11666666666666667
