PersonDetailFlowBuilder:0.6266666666666667
SearchFlowExecutionTests:0.5466666666666666
PhonebookFlowRegistrar:0.28
