Connection:0.45
OkHostnameVerifier:0.38666666666666666
CertificatePinner:0.3333333333333333
SynchronousGet:0.23666666666666666
