SettingsHandler:0.64
ComplexType:0.43666666666666665
ModuleAttributeInfo:0.3104444444444444
DataContainer:0.26
CrawlSettingsSAXSource:0.25666666666666665
IntegerList:0.2394444444444445
CrawlerSettings:0.23666666666666666
CrawlSettingsSAXHandler:0.13
Controller:0.10333333333333333
