ElementVisitor:0.6197777777777778
QueueFile:0.56
QueueFileTest:0.23666666666666666
FileObjectQueue:0.21333333333333335
