BytecodeGen:0.49666666666666665
BytecodeGenTest:0.32
ProxyFactory:0.2991666666666667
DefaultConstructionProxyFactory:0.24277777777777781
SingleMethodInjector:0.16666666666666666
