BSONBinaryWriter:0.8033333333333333
BSONBinaryWriterTest:0.53
InsertCommandMessage:0.19444444444444445
MongoBatchInsertTest:0.12
