OCSPUnidClient:0.6966666666666667
OCSPServletBase:0.5366666666666666
Ocsp:0.20666666666666667
