Robot:0.6233333333333333
Platform:0.6166666666666667
Bugs:0.43666666666666665
AWT:0.41333333333333333
ScriptEditor:0.33666666666666667
PlatformTest:0.29333333333333333
ComponentTester:0.2733333333333333
Launch:0.22666666666666666
ComponentRecorder:0.21666666666666667
ScriptEditorFrame:0.20333333333333334
RobotTest:0.2
ComponentTestFixture:0.18
ChoiceRecorderTest:0.18
JInternalFrameRecorderTest:0.18
BugsTest:0.16333333333333333
EventNormalizer:0.13666666666666666
ScriptFilter:0.08666666666666667
RobotVerifier:0.016666666666666666
