PropertyDate:0.5166666666666667
PointInTime:0.4533333333333333
ReportAges:0.23333333333333334
Date:0.21666666666666667
FormatDescriptor:0.18750000000000003
Renderer:0.1857777777777778
HebrewCalendar:0.16333333333333333
ContentRenderer:0.14
