MiniJCPPanel:0.8133333333333334
SmilesWindow:0.2966666666666667
