CrateRestMainAction:0.6
HttpTransportPlugin:0.3433333333333333
BlobIntegrationTestBase:0.24666666666666667
CrateRestModule:0.1811111111111111
