AbstractCondition:0.57
GraphCondition:0.54
SPORule:0.48333333333333334
DefaultMorphism:0.3233333333333333
MergeEmbargo:0.30333333333333334
EdgeEmbargo:0.2866666666666667
DefaultMatching:0.25
AspectualRuleView:0.24833333333333332
RuleMatch:0.23
DefaultGraphCondition:0.20333333333333334
TypeDiscoverer:0.2
ConditionSearchPlanFactory:0.19333333333333333
SPOEvent:0.18833333333333332
AbstractMorphism:0.1738888888888889
NACTest:0.16166666666666665
GrammarPlanData:0.14666666666666667
PositiveCondition:0.11333333333333333
DefaultNAC:0.08666666666666667
NegativeCondition:0.08666666666666667
ExistsMatch:0.07333333333333333
ForallCondition:0.05333333333333334
ExistsCondition:0.02
