HttpClientImpl:0.57
WebSocketStreamImpl:0.5133333333333333
WebsocketTest:0.3466666666666667
ConnectionManager:0.18333333333333332
