Entities:0.4766666666666667
Tokeniser:0.33666666666666667
Tag:0.31666666666666665
CleanerTest:0.23333333333333334
EntitiesTest:0.14333333333333334
