MemcacheEntry:0.44666666666666666
TextCommandService:0.4
TextCommandServiceImpl:0.36
DeleteCommandProcessor:0.29333333333333333
StatsCommand:0.23333333333333334
LockTest:0.23
Stats:0.22666666666666666
GetCommandProcessor:0.22666666666666666
SetCommandProcessor:0.16333333333333333
ByteUtil:0.09944444444444445
SimpleCommandParser:0.07333333333333333
TextCommandConstants:0.0
