DataLoaderService:0.44333333333333336
ManageIncomingBatchListener:0.43333333333333335
IDataLoaderFactory:0.41267857142857145
DefaultDataLoaderFactory:0.22666666666666666
DataContext:0.21666666666666667
DefaultDatabaseWriterConflictResolver:0.20666666666666667
