SymbolDefinition:0.5433333333333333
JFXLayerRenderer:0.5
RenderingLayerImpl:0.4266666666666667
LayerRendererBridge:0.37333333333333335
ServerDebugMessageProcessor:0.33666666666666667
RendererUtils:0.33
ClientDebugMessageProcessor:0.3233333333333333
ClientMessageProcessor:0.31
DefaultClientXMLDFHandler:0.30666666666666664
MetaDefinitionWriter:0.27666666666666667
LoggerArea:0.2762777777777778
UACDSHandler:0.27
SwingUtilities2:0.26822222222222225
ARINCModelFactory:0.26822222222222225
KeywordsGenerator:0.24666666666666667
ClientXMLSymbolsHandler:0.24666666666666667
ARINCLayerEvent:0.24
MessagePanelFactory:0.23666666666666666
AbstractRenderingPainter:0.23333333333333334
SwingRendererBridge:0.22666666666666666
AbstractRepresentation:0.2243888888888889
AbstractRenderingLayer:0.20888888888888887
UACDSDataProviderParserHandler:0.20666666666666667
JFXRendererBridge:0.20333333333333334
DefaultServerWidgetsHandler:0.20333333333333334
ServerXMLSymbolsHandler:0.2
JFXComponentsExtractor:0.19666666666666666
SymbolAnimatedRenderer:0.19333333333333333
UIComponentsFactory:0.19333333333333333
UACDSEditor:0.19333333333333333
DefaultServerBinaryDFHandler:0.18666666666666668
DefaultServerXMLDFHandler:0.18666666666666668
CursorExtensionProvider:0.1838888888888889
JFXServerDisplay:0.16
SwingLayerPainter:0.15333333333333332
ARINCAnimationOnParam:0.15333333333333332
ARINCAnimationScale:0.15333333333333332
ARINCAnimationRotation:0.15333333333333332
ARINCAnimationTranslation:0.15333333333333332
JFXLineStroke:0.13666666666666666
UACDSLayerEquationBind:0.12904761904761905
NewLayerRequestDialog:0.11333333333333333
ARINCAnimationGroup:0.11
ParsedExtension:0.09765873015873015
LayerPanel:0.08333333333333333
JFXTextAttribute:0.043333333333333335
