ScepConfiguration:0.6833333333333333
ScepAliasGuiInfo:0.39666666666666667
UpdateCommand:0.31
ScepConfigMBean:0.22333333333333333
