MockMvcRequestSpecificationImpl:0.47333333333333333
RestAssuredMockMvcConfig:0.43666666666666665
MockMvcRequestSenderImpl:0.32
AsyncTest:0.21666666666666667
MockMvcRequestAsyncConfigurer:0.135
