SystemSessionProperties:0.5727777777777777
MetadataQueryOptimizer:0.44333333333333336
PlanOptimizersFactory:0.24
