Context:0.56
ArchiveConductor:0.38666666666666666
ReplaySession:0.34
ReplayPublicationSupplier:0.3027420634920635
ListRecordingsSession:0.28194444444444444
ReplaySessionTest:0.28
Archiver:0.19777777777777777
RecordingSession:0.19444444444444445
SessionWorker:0.15666666666666668
