HttpTest:0.59
NetTest:0.4
SSLHelper:0.33666666666666667
WebsocketTest:0.26666666666666666
