AttributeConfig:0.5866666666666667
PIPResourceContentFinder:0.36666666666666664
PolicyConfig:0.36333333333333334
