AddressBookParsedResult:0.6133333333333333
ResultHandler:0.31666666666666665
VCardResultParser:0.30666666666666664
AddressBookResultHandler:0.14666666666666667
BizcardResultParser:0.13333333333333333
AddressBookDoCoMoResultParser:0.12666666666666668
AddressBookAUResultParser:0.12666666666666668
