MTGRoot:0.7833333333333333
MTGBranchElement:0.3466666666666667
MTGBranch:0.21
MTGGraphBuilder:0.17666666666666667
