BitmapFont:0.7733333333333333
ReflectionCacheSourceCreator:0.33666666666666667
GwtTestStarter:0.16666666666666666
LwjglDebugStarter:0.15
