IPAtomicDescriptor:0.5366666666666666
IPBondDescriptor:0.4766666666666667
IPAtomicDescriptorTest:0.36333333333333334
IPBondDescriptorTest:0.2966666666666667
IPMolecularDescriptorTest:0.29333333333333333
MqsarMolecularTests:0.18333333333333332
MqsarBondTests:0.15666666666666668
MqsarAtomicTests:0.15666666666666668
MwekaTests:0.11666666666666667
