HttpBlobHandler:0.5750555555555555
BlobService:0.4033333333333333
CrateHttpChannelPipelineFactory:0.18333333333333332
CrateNettyHttpServerTransport:0.13333333333333333
SslHttpServerTransport:0.06
