Projects:0.53
BuildLoopQueryServiceStub:0.37666666666666665
SeleniumTestCase:0.3566666666666667
ConfigurationService:0.29
HistoricalBuildSummariesService:0.28
BuildSummaryStatistics:0.2633333333333333
BuildDetail:0.26
BuildCommand:0.22666666666666666
BuildDetailControllerTest:0.21333333333333335
ViewableStatusHelper:0.2
HistoricalBuildSummariesServiceTest:0.16666666666666666
BuildDetailController:0.15666666666666668
BuildLoopQueryServiceTest:0.15333333333333332
ProjectsTest:0.15333333333333332
BuildSummaryStatisticsTest:0.11666666666666667
DiscontinuedProjectTest:0.09666666666666666
ConfigurationServiceTest:0.08666666666666667
ViewableStatusHelperTest:0.04
BuildSummaryService:0.03
