AbstractCacheRecordStore:0.59
CacheRecord:0.5866111111111111
CacheBasicAbstractTest:0.30666666666666664
AbstractCacheRecord:0.25
CacheEventContextUtil:0.19166666666666668
AbstractCacheWorker:0.09277777777777778
