RoverMission:0.6866666666666666
CollectResourcesMission:0.5488888888888889
