DamagedRegion:0.7572380952380953
OnScreenBox:0.45666666666666667
PickingInteractor:0.45666666666666667
LayoutCanvas:0.3233333333333333
