RequestHelper:0.5133333333333333
RequestInstance:0.45666666666666667
DemoCertReqServlet:0.16666666666666669
CertDistServlet:0.13
RequestHelperTest:0.10666666666666667
CertificateRequestResponse:0.07333333333333333
