Installer:0.7933333333333333
AvailabilityCalculator:0.49666666666666665
IcmpMonitor:0.3
