TransitionFigure:0.8266666666666667
GraphConverter:0.47333333333333333
