Exporters:0.77
StateReporter:0.3233333333333333
LTSReporter:0.2553333333333333
