Cnd:0.4266666666666667
NutDao:0.30666666666666664
NutMappingField:0.2733333333333333
QueryTest:0.17
AtMap:0.15666666666666668
UrlMappingImpl:0.11666666666666667
OneTest:0.08333333333333333
InsertTest:0.08333333333333333
