DatabaseWriterSettings:0.6794444444444445
DatabaseWriter:0.49666666666666665
SimpleIntegrationTest:0.4866666666666667
ParameterConstants:0.3885555555555556
