PolishAnalysisBinderProcessor:0.15666666666666668
PolishStemTokenFilterFactory:0.11
AnalysisStempelPlugin:0.10333333333333333
PolishIndicesAnalysis:0.05333333333333334
SimplePolishTokenFilterTests:0.03333333333333333
PolishAnalysisTests:0.01611111111111111
PolishIndicesAnalysisModule:0.01111111111111111
PolishAnalyzerProvider:0.006666666666666667
