TaskOutput:0.5683333333333334
TaskResource:0.4766666666666667
SqlTaskManager:0.3655555555555556
