DBCollection:0.6633333333333333
DBCollectionTest:0.36
DBObjects:0.3158888888888889
