CompilerFlags:0.44333333333333336
imp:0.4066666666666667
CodeCompiler:0.4033333333333333
