WebHelper:0.8533333333333334
LoginFilter:0.36666666666666664
PortalLoginController:0.2833333333333333
WorkspaceTreeController:0.16666666666666666
