ShortColumnReference:0.23833333333333334
DoubleColumnReference:0.23833333333333334
BytesRefColumnReference:0.23833333333333334
LongColumnReference:0.23833333333333334
IntegerColumnReference:0.23833333333333334
FloatColumnReference:0.23833333333333334
ReduceJobStatusContext:0.12666666666666668
