HostParentOfTest:0.4866666666666667
OscillatorNode:0.46
OfflineAudioContext:0.46
DynamicsCompressorNode:0.46
WaveShaperNode:0.46
MediaStreamEvent:0.46
PeriodicWave:0.46
ScriptProcessorNode:0.46
MediaStreamAudioDestinationNode:0.46
GainNode:0.46
OfflineAudioCompletionEvent:0.46
PannerNode:0.46
MediaStreamAudioSourceNode:0.46
WebDriverTestCase:0.40166666666666667
HostClassNameTest:0.3566666666666667
HostTypeOfTest:0.3566666666666667
BrowserStatement:0.14333333333333334
