DataSerializerQueueHook:0.32166666666666666
OfferBackupOperation:0.21
PollOperation:0.20666666666666667
OfferOperation:0.16
CollectionOperation:0.14666666666666667
CollectionBackupOperation:0.10333333333333333
PollBackupOperation:0.07
PeekOperation:0.03666666666666667
