EditorManager:0.5933333333333334
EditorAPI:0.58
EditorPool:0.19666666666666666
