AbstractWidgetFactory:0.44
LongPanel:0.26666666666666666
FloatPanel:0.26666666666666666
ShortPanel:0.23333333333333334
SymbolPanel:0.23333333333333334
StringPanel:0.23333333333333334
LongLongPanel:0.21
BooleanStringPanel:0.21
PicturePanel:0.21
BooleanPanel:0.18
GrowableTablePanel:0.16
GrowableArrayPanel:0.16
AbstractWidgetFactoryTest:0.056666666666666664
GrowableTable:0.0033333333333333335
