InMemoryHashAggregationBuilder:0.5233333333333333
HashAggregationBuilder:0.5066666666666667
SpillableHashAggregationBuilder:0.38333333333333336
TestHashAggregationOperator:0.20333333333333334
HashAggregationOperator:0.18666666666666668
DummySpillerFactory:0.14333333333333334
