SPORule:0.4166666666666667
TreeHashSet:0.4033333333333333
RuleDependencies:0.38333333333333336
ExplorationTest:0.18
TreeHashStateSet:0.17666666666666667
SystemRecord:0.17333333333333334
