ClusterServiceImpl:0.4766666666666667
ClusterStateManager:0.43333333333333335
TransactionQueueTest:0.33
CollectionService:0.30333333333333334
QueueService:0.19833333333333333
StateManagerExceptionHandler:0.1927777777777778
TransactionListTest:0.056666666666666664
