Unit:0.38
ItemResource:0.3466666666666667
ResourceTableModel:0.31666666666666665
EquipmentTableModel:0.30666666666666664
AmountResource:0.2866666666666667
