ShardRouting:0.62
IndexShardTests:0.36
RoutingNodes:0.32166666666666666
ShardRoutingHelper:0.2966666666666667
AllocationIdTests:0.18333333333333332
