FindAndReplace:0.42333333333333334
FindAndRemove:0.42333333333333334
FindAndUpdate:0.42333333333333334
