GaStringUtils:0.93
MonitorCommand:0.22333333333333333
GreysAnatomyClassFileTransformer:0.19722222222222222
WatchCommand:0.19666666666666666
JavaScriptCommand:0.19666666666666666
JstackCommand:0.19666666666666666
HelpCommand:0.18333333333333332
ProfilerCommand:0.13444444444444442
