IterableKind:0.6133333333333333
TraversableOnce:0.5466666666666666
