LayerRenderer:0.7266666666666667
SwingLayerRenderer:0.6933333333333334
SwingConcreteLayer:0.35333333333333333
Connector:0.3233333333333333
ServerWindow:0.22416666666666665
SwingUtils:0.22083333333333333
ConcreteLayerPainter:0.2125
DefaultConnectorRenderer:0.2
Selector:0.19666666666666666
ExtendedLayerRenderer:0.17
ServerCockpit_3Test:0.16666666666666666
ServerCockpitTest:0.16666666666666666
ServerCockpit_4Test:0.16666666666666666
RendererTest:0.16
Overlay:0.105
