TableView:0.5533333333333333
GaServer:0.3233333333333333
TimeTunnelCommand:0.31666666666666665
DefaultCommandHandler:0.29333333333333333
StringUtil:0.25
MethodInfoView:0.14333333333333334
