RedissonLiveObjectServiceTest:0.5666666666666667
RedissonObjectFactory:0.47333333333333333
AccessorInterceptor:0.45
