Page2Fragment:0.6966666666666667
Page1Fragment:0.41
ActivityLoading:0.19666666666666666
