ARCReader:0.36333333333333334
GzipHeader:0.2866666666666667
ARCReaderFactory:0.26733333333333337
GzippedInputStream:0.2
UncompressedARCReader:0.1841666666666667
ARCWriterTest:0.17
CompressedARCReader:0.14666666666666667
