AllUnitTests:0.6566666666666666
AllIntegrationTests:0.6566666666666666
