IStructuredbInstanceManager:0.7944444444444445
StructuredbManager:0.4666666666666667
StructuredbInstanceManager:0.4633333333333333
IStructuredbManager:0.4144722222222222
StructuredbInstanceManagerTest:0.25333333333333335
ForConsoleDecoratedStructuredbManager:0.23666666666666666
RemoveLabelAction:0.19333333333333333
