MutableDuration:0.44666666666666666
AbstractDuration:0.43
DurationType:0.39666666666666667
Duration:0.38666666666666666
AllType:0.35
DayHourType:0.3
TestDuration_Constructors:0.3
TestMutableDateTime_Adds:0.2866666666666667
YearMonthType:0.25333333333333335
MaskedType:0.23666666666666666
TestDuration_Basics:0.22333333333333333
DurationFormatterBuilder:0.19666666666666666
PreciseYearMonthType:0.19
TestStringConverter:0.19
ISODurationFormat:0.19
AbstractInterval:0.18333333333333332
YearWeekType:0.18
TestReadableDurationConverter:0.17666666666666667
MillisType:0.16666666666666666
StringConverter:0.16333333333333333
PreciseYearWeekType:0.16333333333333333
AverageYearMonthType:0.13
AbstractDurationFormatter:0.11333333333333333
TestAll:0.03
