XHibernate:0.41333333333333333
HibernatePersistenceProvider:0.35333333333333333
EntityReferencePG:0.2866666666666667
XavaPreferences:0.27666666666666667
XPersistence:0.26666666666666666
MetaCollection:0.24666666666666667
BasePOJOPersistenceProvider:0.22666666666666666
PojoPG:0.15666666666666668
JPAPersistenceProvider:0.12
FellowCarriersCalculator:0.09333333333333334
PersistenceProviderException:0.016666666666666666
