PlanPrinter:0.5466666666666666
PlanNodeStats:0.3233333333333333
