PollableElement:0.38333333333333336
PollablesTest:0.31333333333333335
PollableNetwork:0.24
PollableNode:0.23
PollableService:0.22666666666666666
Lock:0.22333333333333333
ScheduleEntry:0.19444444444444445
LockUnavailable:0.08333333333333333
PostponeNecessary:0.04666666666666667
ThreadInterrupted:0.02
