JOCLDataOutputStream:0.61
JOCLDataOutputStreamFactory:0.48633333333333334
FluxSceneSerializer:0.4266666666666667
JOCLCore:0.35
FluxJOCLScene:0.31666666666666665
GPUFluxLightModel:0.16
GPUFluxLightTracer:0.02666666666666667
GPUFluxWhittedTracer:0.02666666666666667
GPUFluxPathTracer:0.016666666666666666
JOCLBigEndianDataOutputStream:0.006666666666666667
JOCLLittleEndianDataOutputStream:0.006666666666666667
