NFABuilder:0.5166666666666667
ParserNFAFactory:0.31666666666666665
PredicateTransition:0.27
BasicState:0.20666666666666667
DFA7:0.1718232323232323
DFA6:0.1718232323232323
DFA17:0.1718232323232323
DFA10:0.10333333333333333
ActionTransition:0.09
BlockStartState:0.013333333333333334
notTerminal_return:0.006666666666666667
