TestParserExec:0.6333333333333333
TestSets:0.6333333333333333
TestSemPredEvalParser:0.6333333333333333
TestLexerErrors:0.3433333333333333
BaseTest:0.22333333333333333
TestLexerExec:0.11
TestSemPredEvalLexer:0.10666666666666667
TestCompositeLexers:0.07333333333333333
