FeatureSetI:0.7968253968253968
FeatureSet:0.6833333333333333
SimpleNameAdapter:0.3616666666666667
