InMemoryTestLdapDirectoryServer:0.31166666666666665
JpaLockingStrategyTests:0.22666666666666666
LdapAuthenticationHandlerTests:0.19466666666666665
PersonDirectoryPrincipalResolverLdaptiveTests:0.16799999999999998
AbstractLdapTests:0.16666666666666666
AbstractX509LdapTests:0.13666666666666666
PooledConnectionFactoryMonitorTests:0.13666666666666666
LdapServiceRegistryDaoTests:0.13
LdapConsentRepositoryTests:0.11
