Actor:0.7666666666666667
GroupTest:0.36666666666666664
LwjglDebugStarter:0.12666666666666668
TestGroup:0.08666666666666667
