Array:0.6466666666666666
MathUtils:0.45555555555555555
ArrayPool:0.2866666666666667
