AbstractTypeDescriptionGenericTest:0.5341666666666667
AbstractTypeDescriptionGenericVariableDefiningTest:0.26666666666666666
TypeDescriptionGenericBuilderTest:0.26
TypePoolLazyFacadeTypeDescriptionTest:0.13666666666666666
TypeDescriptionForLoadedTypeTest:0.13666666666666666
TypeDescriptionArrayProjectionTest:0.13666666666666666
TypePoolDefaultTypeDescriptionTest:0.13666666666666666
