DBCollection:0.4766666666666667
MapReduceOutput:0.3233333333333333
MapReduce:0.3233333333333333
MongoCollectionView:0.23333333333333334
MapReduceCommand:0.18472222222222223
DocumentHelper:0.09194444444444444
