DataSet:0.6166666666666667
BaseNeuralNetwork:0.4222222222222222
LFWLoader:0.27666666666666667
NeuralNetworkOptimizer:0.2733333333333333
LFWDataFetcher:0.195
LFWDataSetIterator:0.17
DenoisingAutoEncoderMnistExample:0.16666666666666666
