Splash:0.7333333333333333
Main:0.45666666666666667
