ESDeleteNode:0.48333333333333334
TransportSQLActionTest:0.35333333333333333
InformationSchemaServiceTest:0.2733333333333333
Context:0.23333333333333334
SelectAnalyzerTest:0.23333333333333334
DocIndexMetaData:0.225
PlannerTest:0.21666666666666667
ESDeleteByQueryTask:0.21576767676767672
PrimaryKeyVisitor:0.2110454545454545
SelectAnalysis:0.21
DeleteResponseListener:0.2
Planner:0.19333333333333333
TransportExecutorTest:0.19
DocIndexMetaDataTest:0.19
SelectStatementAnalyzer:0.16333333333333333
TransportSQLAction:0.1
ESDeleteTask:0.07
