HiveClientConfig:0.4522222222222223
PrestoReadSupport:0.29333333333333333
BenchmarkHiveFileFormats:0.26666666666666666
ParquetHiveRecordCursor:0.26666666666666666
ParquetRecordCursorProvider:0.22
TestHiveFileFormats:0.19333333333333333
TestHiveClientConfig:0.11666666666666667
