EditorAPI:0.7233333333333334
IEditorAPI:0.44333333333333336
EditorListener:0.41
