FolderDao:0.8211111111111111
FolderModule:0.4280555555555555
AbstractFolderCoreProcessor:0.37666666666666665
FolderModuleImpl:0.32
FolderDaoImpl:0.29333333333333333
FolderCoreProcessor:0.22222222222222218
ManageSearchIndexController:0.10666666666666667
