FilterModifWord:0.6
Graph:0.5033333333333333
FilterAndUpdateNatureDemo:0.19
TestCRFAnalysis1:0.15666666666666668
