Display:0.4166666666666667
DisplayImplementation:0.37022222222222223
LinuxDisplay:0.37
WindowsDisplay:0.34933333333333333
MacOSXFrame:0.28694444444444445
MacOSXDisplay:0.26
MacOSXCanvasListener:0.21
