MockBundle:0.7133333333333334
MockBundleTest:0.32666666666666666
MockServiceReference:0.2866666666666667
MockServiceReferenceTest:0.11
ServiceReferenceComparatorTest:0.07
