DBConnection:0.5777777777777777
Query:0.5166666666666667
