BasicEditor:0.7449444444444445
DescriptorHandler:0.4619444444444445
