TreeView:0.49333333333333335
TableView:0.33
ReportView:0.26
SearchView:0.25333333333333335
