MockInterceptor:0.6433333333333333
ChatAuthenticationInterceptor:0.20855555555555558
ChatInterceptor:0.20855555555555558
DateTextFieldInterceptor:0.20666666666666667
ContentTypeInterceptor:0.11666666666666667
