Hero:0.45888888888888885
Character:0.45666666666666667
CustomerTest:0.3233333333333333
