Visitor:0.6216666666666667
PackageResourceTable:0.5433333333333333
ResourceParserTest:0.45666666666666667
