AtomContainerSetTest:0.4744444444444445
IAtomContainerSetTest:0.4195
AtomParityTest:0.2833333333333333
IAtomParityTest:0.17333333333333334
