AriaManager:0.6416666666666667
ConnectionHelp:0.4633333333333333
SingleThreadTask:0.20166666666666666
