ExtensionContext:0.63
ExtensionValuesStore:0.3933333333333333
Namespace:0.3333333333333333
AbstractExtensionContext:0.25333333333333335
ComposedKey:0.13
ExtensionValuesStoreTests:0.08333333333333333
ExtensionContextTests:0.07583333333333334
InheritedValuesTests:0.03666666666666667
UsingDefaultNamespaceTests:0.013333333333333334
UsingExplicitNamespaceTests:0.013333333333333334
