User:0.8233333333333334
UserAction:0.25333333333333335
UserFactory:0.2
AbstractUserAction:0.19666666666666666
ActionFilter:0.13333333333333333
