DatabaseCorpusImpl:0.7933333333333333
EventAwareCorpus:0.3255317460317461
