Darcs:0.5733333333333334
DarcsXmlParser:0.5066666666666667
