JsonSchemaValidator:0.5133333333333333
JsonSchemaValidatorSettings:0.38333333333333336
JsonSchemaValidationITest:0.13333333333333333
