GenbankAdapter:0.5266666666666666
GenbankValidator:0.3933333333333333
PeptideValidator:0.2922222222222222
FlyIdValidator:0.18333333333333332
