Node:0.6866666666666666
JoinMembers:0.5633333333333334
XmlConfigBuilder:0.27666666666666667
