Linker:0.5533333333333333
ObjectGraph:0.34
RuntimeAggregatingPlugin:0.3333333333333333
FullGraphProcessor:0.26
ReflectiveModuleAdapter:0.19333333333333333
