TutorialCrawlingExample:0.47
FolderRenderer:0.4558333333333333
FolderComparator:0.30666666666666664
VisioExtractorTest:0.15666666666666668
