ContentControl:0.46
AdminControl:0.4066666666666667
MainMenuControl:0.3933333333333333
AdminCategoryControl:0.20333333333333334
