SVGCreator:0.52
IHEDocumentList:0.4866666666666667
FOPCreator:0.25
RIDServlet:0.22333333333333333
