SystemTable:0.3280952380952381
SystemSplitManager:0.2
NodeSystemTable:0.10333333333333333
QuerySystemTable:0.10333333333333333
TaskSystemTable:0.10333333333333333
CatalogSystemTable:0.07333333333333333
TablePropertiesSystemTable:0.07333333333333333
ExampleSystemTable:0.03666666666666667
