AWTFixtureHelper:0.42
ComponentTestFixture:0.39
ComponentTestFixtureTest:0.29333333333333333
Fixture:0.29
ResolverFixture:0.23
ScriptFixture:0.18333333333333332
