Content:0.5033333333333333
SitemapNode:0.42
IFullTextSearchableDelegate:0.3027420634920635
FullTextSearchEntry:0.3
FullTextSearchEventListener:0.2966666666666667
FullTextSearchIntegrator:0.056666666666666664
