OperationRunnerImpl:0.52
OperationExecutorImpl:0.3655555555555556
OperationRunnerFactory:0.2227777777777778
OperationRunnerImplTest:0.21
OperationThreadTest:0.14666666666666667
OperationRunnerFactoryImpl:0.12333333333333334
DummyOperationRunnerFactory:0.05111111111111111
