TableSettingsTest:0.6561111111111111
CrateTableSettings:0.47350000000000014
TableParameterInfo:0.365
