Default:0.49333333333333335
ByteBuddyAgent:0.24
AgentBuilderDefaultApplicationTest:0.22666666666666666
LambdaSampleFactory:0.22166666666666668
Appender:0.19666666666666666
Nexus:0.185
ForOrigin:0.1580952380952381
PoolStrategy:0.14976190476190476
TransformationAction:0.12333333333333334
ByteBuddyMojo:0.12333333333333334
LambdaMethodImplementation:0.10333333333333333
