ECKey:0.52
KeyChain:0.43111111111111106
Transaction:0.32666666666666666
DeterministicKey:0.3
BasicKeyChain:0.23333333333333334
DeterministicKeyChain:0.23
ECKeyTest:0.21
TransactionOutPoint:0.21
ChildKeyDerivationTest:0.17
