Kernel32:0.9166666666666666
Kernel32Util:0.4633333333333333
Kernel32UtilTest:0.37333333333333335
