XwsSecurityInterceptor:0.5566666666666666
AbstractWsSecurityInterceptor:0.39666666666666667
AcegiDigestPasswordValidator:0.34
AcegiDigestPasswordValidationCallbackHandler:0.23666666666666666
