CmpConfiguration:0.6633333333333333
CrmfRequestMessage:0.44
HMACAuthenticationModule:0.21833333333333332
VerifyPKIMessage:0.17666666666666667
