HideableBlockAction:0.6433333333333333
ViewControlsHideableBlockAjaxTag:0.31333333333333335
BulkDeployDefinitionControlHideableBlockAjaxTag:0.31333333333333335
