DistinctValueMapper:0.7683333333333333
SupplierConsumingMapper:0.5380555555555556
