jOOQAbstractTest:0.5933333333333334
FetchTests:0.3933333333333333
PlainSQLTests:0.36666666666666664
