AvailableSettings:0.7930555555555554
ListenerFactoryBuilder:0.61
JpaIntegrator:0.31666666666666665
ListenerFactoryBeanManagerStandardImpl:0.24666666666666667
