Subprocess:0.37333333333333335
TimerStateFigure:0.2966666666666667
SubprocessDialog:0.29
MultiInstance:0.25333333333333335
JpdlSerializer_3_2:0.23333333333333334
SwimlanedNode:0.21333333333333335
NodeFigure:0.20333333333333334
StateFigure:0.16333333333333333
SubprocessDelegate:0.08
MultiInstanceFigure:0.06333333333333334
SubprocessFigure:0.01
NotificationMessages:0.0
