MultiLayerNetwork:0.5933333333333334
RecordReaderDataSetIterator:0.3333333333333333
SparkDl4jMultiLayer:0.23333333333333334
CifarDataSetIterator:0.23
RecordReaderDataSetiteratorTest:0.15333333333333332
