TimeUtil:0.4166666666666667
EverydayFragment:0.3566666666666667
OneFragment:0.23833333333333334
EverydayModel:0.19666666666666666
NavAboutActivity:0.16444444444444445
