ConnectionManager:0.5327777777777777
TcpIpConnectionManager:0.38
BasicOperationService:0.30666666666666664
HazelcastInstanceImpl:0.2966666666666667
OperationService:0.29003968253968254
ResponsePacketHandler:0.25666666666666665
RemoteCallKey:0.25
OperationBackupHandler:0.24777777777777782
BasicOperationScheduler:0.24333333333333335
MockConnection:0.22666666666666666
MockConnectionManager:0.19666666666666666
MockNodeContext:0.14666666666666667
OperationThread:0.14
InSelectorImpl:0.13333333333333333
OutSelectorImpl:0.13333333333333333
OperationPacketHandler:0.12944444444444442
TestNodeRegistry:0.10666666666666667
StaticAddressPicker:0.08666666666666667
MockJoiner:0.08333333333333333
GroupProperties:0.07333333333333333
