Authorization:0.6646666666666667
DefaultAuthorization:0.4266666666666667
MockManagementDelegate:0.31133333333333335
TestJournalRoundTrip:0.31
ActionNamespace:0.24666666666666667
DefaultManagement:0.24
