VibeQueryAnalyzer:0.5266666666666666
VibeIndexAnalyzer:0.5066666666666667
VibeQueryAnalyzerTest:0.22
VibeIndexAnalyzerTest:0.22
VibeAnalyzer:0.21
