CVCCA:0.6533333333333333
EjbcaWS:0.49
TestCAs:0.30333333333333334
CvcPrintCommand:0.17666666666666667
