QueryExecution:0.49788888888888894
QueryManagerConfig:0.43666666666666665
SqlStageExecution:0.33988888888888885
ClusterMemoryManager:0.26666666666666666
TestMemoryManager:0.26
DataDefinitionExecution:0.25333333333333335
FailedQueryExecution:0.25333333333333335
SystemSessionProperties:0.25
SqlQueryExecution:0.24666666666666667
TestQueryManagerConfig:0.18
SqlQueryScheduler:0.16
