BaseMultiLayerNetwork:0.88
WorkerActor:0.41
SynchronizedRandomGenerator:0.2678730158730158
ActorNetworkRunner:0.25
MasterActor:0.16333333333333333
ComputableMasterImpl:0.15333333333333332
BatchActor:0.1511111111111111
ComputableMasterAkka:0.14333333333333334
SerializationUtils:0.04666666666666667
