WebServerUtils:0.4766666666666667
PrefConstants:0.3088888888888889
FormPreferencePage:0.3
PreferenceInitializer:0.16
