TreeMultimapOfEntriesTest:0.51
LinkedHashMultimapOfEntriesTest:0.36666666666666664
HashMultimapOfEntriesTest:0.36666666666666664
