ClassName:0.36333333333333334
CodeWriter:0.35
TypeSpecTest:0.27666666666666667
JavaFileTest:0.25
TypeSpec:0.19666666666666666
MethodSpec:0.19333333333333333
FieldSpec:0.19333333333333333
Builder:0.14666666666666667
JavaFile:0.056666666666666664
