SequenceBean:0.46
SequenceTable:0.32
AddSequenceI:0.29
NullSequenceBean:0.21666666666666667
AddSequence:0.19666666666666666
