JvmExitCodeMapper:0.5902380952380952
DefaultJobExecutorTests:0.3333333333333333
SimpleExitCodeExceptionClassifierTests:0.2833333333333333
BatchCommandLineLauncher:0.26666666666666666
BatchCommandLineLauncherTests:0.18333333333333332
SimpleExitCodeExceptionClassifier:0.17333333333333334
DefaultJobExecutor:0.09333333333333334
SimpleJvmExitCodeMapper:0.06333333333333334
SimpleJvmExitCodeMapperTests:0.056666666666666664
