ContentControl:0.42333333333333334
GwtMainPage:0.28
GwtRpcServiceImpl:0.275
HistoryHelper:0.24
GotoMyWorkspaceEvent:0.22666666666666666
AdminControl:0.21666666666666667
UserActionsPopup:0.16666666666666666
DumpHistoryInfoCmd:0.13
GwtHistoryHelper:0.12333333333333334
