Persistence:0.77
ConnectionKey:0.3977777777777778
Specie:0.38666666666666666
Innovations:0.38
FitnessScores:0.2833333333333333
Generation:0.2633333333333333
NeuronKey:0.24666666666666667
LRUCache:0.23333333333333334
Evolver:0.22666666666666666
JavaSerializationDelegate:0.19333333333333333
NoOpPersistence:0.17
DirectoryOutputPersistence:0.14333333333333334
XmlBeansPersistence:0.08666666666666667
