TextReport:0.4633333333333333
PolicyBuilder:0.4633333333333333
TwoQueueSettings:0.31333333333333335
