BoundsService:0.5555555555555556
Utils:0.5266666666666666
RestAdapterTest:0.4166666666666667
MethodInfo:0.3433333333333333
