Images:0.6333333333333333
Colors:0.585
R:0.4533333333333333
