StringUtils:0.8466666666666667
AllFullTextForIndices:0.43666666666666665
OligoTest:0.26
