RobolectricTestRunner:0.4766666666666667
RoboAttributeSet:0.4666666666666667
ParallelUniverse:0.45
ShadowContext:0.2361111111111111
RobolectricTestRunnerSelfTest:0.23333333333333334
MenuInflaterTest:0.21666666666666667
ResourceLoaderTest:0.21333333333333335
PreferenceLoaderTest:0.20666666666666667
ShadowMenuInflater:0.19333333333333333
ParallelUniverseTest:0.19333333333333333
ShadowPreferenceActivity:0.18666666666666668
ParallelUniverseInterface:0.13944444444444445
WithoutDefaults:0.11666666666666667
RealApisWithoutDefaults:0.11666666666666667
MyTestRunner:0.06
