ControlCommandsTest:0.4266666666666667
BinaryClient:0.40166666666666667
BinaryJedis:0.3233333333333333
BasicCommands:0.25666666666666665
