PackageDescription:0.4866666666666667
ForLoadedPackage:0.176984126984127
Simple:0.176984126984127
LazyPackageDescription:0.145
AbstractBase:0.04
