HopCompilerVariable:0.76
RuntimeScope:0.39666666666666667
HopDataManager:0.30666666666666664
BinaryAddStep:0.2561111111111111
