jdbcDatabaseMetaData:0.33
TableWorks:0.30533333333333335
ScriptWriterBase:0.3
ScriptWriterText:0.29833333333333334
DatabaseCommandInterpreter:0.28
HsqlDatabaseProperties:0.265
DatabaseScript:0.265
Task:0.16
HsqlTimer:0.15
TestSql:0.10666666666666667
