TrashListPage:0.5433333333333333
PrivPatientModel:0.47333333333333333
TrashListBean:0.41333333333333333
TrashListLocal:0.38333333333333336
