AtomTypeDiff:0.37333333333333335
BondOrderDifference:0.3466666666666667
AtomTypeHybridizationDifference:0.3466666666666667
AtomTypeHybridizationDifferenceTest:0.23333333333333334
BondOrderDifferenceTest:0.23333333333333334
MdiffTests:0.20333333333333334
