Vacuumd:0.6566666666666666
ConfigFileConstants:0.5741666666666667
VacuumdConfigFactory:0.4866666666666667
