Suite:0.6366666666666667
ParentRunner:0.38666666666666666
JUnit4ClassRunner:0.33666666666666667
CompositeRunner:0.2833333333333333
