ClientConductor:0.5166666666666667
AtomicArrayTest:0.3933333333333333
Aeron:0.38333333333333336
RetransmitHandlerTest:0.3566666666666667
