AppData:0.5038888888888889
MailreaderTest:0.22333333333333333
Constants:0.0
