XCAGateway:0.44666666666666666
XCARetrieveRequestCollection:0.31
XCAQueryRequestCollection:0.31
GatewayOutboundRequest:0.15666666666666668
