OneAssetOption:0.3933333333333333
FixedRateBondHelper:0.3
Brent:0.22333333333333333
CumulativeBinomialDistribution:0.17333333333333334
PiecewiseYieldLazyCurve:0.16333333333333333
RelativeDateRateHelper:0.07666666666666666
DepositRateHelper:0.06333333333333334
FuturesRateHelper:0.043333333333333335
FraRateHelper:0.03666666666666667
BrentTest:0.014444444444444447
TridiagonalOperator:0.0
PiecewiseYieldCurveTest:0.0
SwapRateHelper:0.0
