DomNode:0.5033333333333333
HtmlElementTest:0.28
DomText:0.26
HtmlScript:0.25333333333333335
DomElement:0.24
HtmlScriptTest:0.17666666666666667
HtmlUnorderedListTest:0.14666666666666667
HtmlOrderedListTest:0.14333333333333334
