METSLikeDODeserializer:0.7383333333333333
FOXMLDODeserializer:0.6576666666666667
