Spark:0.46888888888888897
StaticFiles:0.42
Service:0.38666666666666666
StaticFilesTest:0.14
