Server:0.4266666666666667
Administrator:0.23833333333333334
IngestLogger:0.23333333333333334
PolicyEditor:0.23
OAIResponder:0.21833333333333332
BatchModify:0.21333333333333335
WSDLServlet:0.20333333333333334
Rebuild:0.19833333333333333
Report:0.19833333333333333
ByteArrayInputPanel:0.19666666666666666
ServerStatusTool:0.18666666666666668
BESecurityServlet:0.17666666666666667
SQLRebuilder:0.16
BatchTool:0.15833333333333333
BatchXforms:0.15833333333333333
FedoraAccessServlet:0.15833333333333333
ListMethodsServlet:0.15666666666666668
BatchModifyValidate:0.15
GetObjectHistoryServlet:0.14333333333333334
DescribeRepositoryServlet:0.14333333333333334
DefaultBackendSecurity:0.14333333333333334
RepositoryReaderTest:0.14333333333333334
GetNextPIDServlet:0.14333333333333334
RISearchServlet:0.14333333333333334
ServerController:0.14
ListDatastreamsServlet:0.13333333333333333
UploadServlet:0.12333333333333334
MethodParameterResolverServlet:0.12333333333333334
FieldSearchServlet:0.12333333333333334
DatastreamResolverServlet:0.12333333333333334
FedoraOAIProviderServlet:0.12
ReportServlet:0.09666666666666666
TranslatorTest:0.07333333333333333
