Resources:0.49333333333333335
ResourcesTest:0.4666666666666667
Report:0.44555555555555554
