Connection:0.5433333333333333
ConnectionManager:0.5133333333333333
IOUtil:0.25
Connector:0.2377777777777778
AbstractSelectionHandler:0.21666666666666667
SocketPacketReader:0.17
Acceptor:0.10333333333333333
