CssSelector:0.83
ParsingProblemsTest:0.2633333333333333
CSSellyTest:0.08333333333333333
