FlowExecutionManager:0.7516666666666667
JsfFlowExecutionManager:0.4266666666666667
