IsotopeFactory:0.7516111111111111
IsotopeHandler:0.4486111111111111
