JChemPaintEditor:0.6133333333333333
JChemPaintEditorWidget:0.5466666666666666
AbstractJChemPaintHandler:0.18666666666666668
