XMLHttpRequest:0.4766666666666667
JavaScriptConfiguration:0.4266666666666667
ActiveXObject:0.37666666666666665
JavaScriptConfigurationTest:0.11666666666666667
