DomNode:0.43666666666666665
HtmlPage:0.3566666666666667
Event:0.3333333333333333
HtmlElement:0.32666666666666666
DomElement:0.24666666666666667
HtmlAnchor:0.22666666666666666
HTMLOptionElement2Test:0.21666666666666667
EventListenersContainer:0.21333333333333335
HtmlArea:0.20333333333333334
HtmlOption:0.18666666666666668
