AbstractTestQueries:0.45666666666666667
TypeRegistry:0.455
TestExpressionCompiler:0.3333333333333333
TestTypeRegistry:0.31666666666666665
