TextCommandServiceImpl:0.4866666666666667
CommandExecutor:0.4046666666666667
ResponseThreadRunnable:0.39466666666666667
SocketTextReader:0.3233333333333333
