RubyModel:0.6333333333333333
RubyModelStatus:0.44666666666666666
Util:0.38
RubyConventions:0.2733333333333333
ReconcileWorkingCopyOperation:0.17
