HazelcastTestSupport:0.4766666666666667
AbstractJavaXCacheDependencyTest:0.28
JavaXCacheDependencyClientTest:0.20333333333333334
JavaXCacheDependencyTest:0.16
