MainScene:0.48722222222222217
MarsNode:0.47
Browser:0.29
MainSceneMenu:0.20777777777777778
AnimatedTableRow:0.06666666666666667
