JPackage:0.7766666666666666
JRoot:0.36666666666666664
JRootTest:0.17
