SuffixTree:0.5155555555555555
Trie:0.5
DataStructures:0.30333333333333334
