QueryShardContext:0.4666666666666667
IndexQueryParserService:0.42333333333333334
AbstractQueryTestCase:0.38666666666666666
TermsQueryBuilder:0.28
TemplateQueryParserTests:0.21
Node:0.17444444444444446
TermsQueryBuilderTests:0.15666666666666668
GeoShapeQueryParser:0.15333333333333332
ClientInvocationHandler:0.0033333333333333335
