Init:0.9866666666666667
SpringFactory:0.2388888888888889
