DnComponents:0.8366666666666667
DNFieldExtractor:0.44333333333333336
DnComponentsTest:0.11
