CrawlJob:0.7566666666666667
SimpleCrawlJob:0.41
SimpleHandler:0.39666666666666667
CrawlJobHandler:0.1325
