FileModule:0.6833333333333333
FileModuleImpl:0.3933333333333333
SAbstractController:0.32
AbstractAllModulesInjected:0.2966666666666667
AllModulesInjected:0.19416666666666665
ViewFileController:0.18666666666666668
ReadScaledFileController:0.11333333333333333
ReadThumbnailController:0.11333333333333333
