UcanaccessConnection:0.63
DBReference:0.43666666666666665
UcanaccessStatement:0.43666666666666665
