Main:0.74
CommandLineLargeTest:0.39666666666666667
DbMigrate:0.24833333333333332
