Beans:0.5183333333333333
MultifactorAuthnTrustConfiguration:0.2966666666666667
CasBanner:0.24666666666666667
CasCookieConfiguration:0.20666666666666667
