AddressPicker:0.56
SocketConnector:0.4066666666666667
SocketAcceptor:0.32666666666666666
