PostscriptPopup:0.36666666666666664
AppletPostscriptPopup:0.3333333333333333
PostscriptFilePopup:0.3
MailTextPopup:0.23666666666666666
AppletPostscriptAction:0.12333333333333334
SavePSFileAction:0.11333333333333333
MailTextAction:0.11333333333333333
PostscriptAction:0.08333333333333333
MailPSAction:0.07666666666666666
PostscriptFileAction:0.03333333333333333
MailPostscriptPopup:0.02666666666666667
MailAlignAction:0.0033333333333333335
