SystemTestBase:0.59
MasterMain:0.31333333333333335
MasterService:0.29
MasterRespondsWithNoZKTest:0.08333333333333333
MockCuratorClientFactory:0.04666666666666667
