VMListener:0.5833333333333334
JVM:0.5066666666666667
Fields:0.44333333333333336
TestNumeric:0.3466666666666667
UIInspector:0.34
JPFAdapter:0.29
Transition:0.2866666666666667
ListenerAdapter:0.2733333333333333
PropertyListenerAdapter:0.2733333333333333
JPFRunner:0.2666666666666667
LDIV:0.24166666666666667
SystemState:0.23888888888888885
VMListenerMulticaster:0.23
JPF_java_lang_reflect_Method:0.19666666666666666
DDIV:0.19555555555555557
TestVMListener:0.1925
DMUL:0.11666666666666667
FDIV:0.11666666666666667
FCMPL:0.11666666666666667
FADD:0.11666666666666667
FCMPG:0.11666666666666667
DADD:0.11666666666666667
DCMPL:0.11666666666666667
DCMPG:0.11666666666666667
FSUB:0.11666666666666667
DSUB:0.11666666666666667
FMUL:0.11666666666666667
TestNumericJPF:0.08
JPF_java_lang_String:0.007222222222222222
NumericInstructionFactory:0.0
