GwtTeamingMessages:0.8933333333333333
GwtClientHelper:0.38333333333333336
EditLdapConfigDlg:0.3566666666666667
EditLdapServerConfigDlg:0.32666666666666666
GwtLdapConnectionConfig:0.17666666666666667
