DBCursor:0.5033333333333333
MongoGetMore:0.4533333333333333
MongoCollectionCursor:0.33666666666666667
MongoQuery:0.2866666666666667
MongoCursorTest:0.22666666666666666
MongoQueryBaseMessage:0.1867063492063492
MongoGetMoreMessage:0.14666666666666667
DBOldTest:0.14333333333333334
QueryResultSingleResultCallback:0.14
