InteropTester:0.7433333333333333
TesterActivity:0.47
TesterInstrumentation:0.23333333333333334
SafeMethodChannelInterceptor:0.14564814814814814
