AndroidFiles:0.45
JoglAudio:0.22333333333333333
Files:0.20333333333333334
JoglFiles:0.17666666666666667
