FtpVFS:0.6066666666666667
ConnectionManager:0.4166666666666667
FtpPlugin:0.29333333333333333
FtpAddress:0.19
