MetaReference:0.6033333333333334
Conference:0.2633333333333333
ConferenceTrack:0.09333333333333334
ConferenceTest:0.06333333333333334
