BooleanGrid:0.59
RrPolygon:0.5466666666666666
AllSTLsToBuild:0.3466666666666667
