QbobViewer:0.7336666666666667
FastTextReadingTest:0.6233333333333333
