BitmapFont:0.6766666666666666
GdxFont:0.37
TintStack:0.30333333333333334
TwlRenderer:0.26
