JpgHeaderExtractor:0.54
XmlExtractorTest:0.25333333333333335
JpgExtractorTest:0.16666666666666666
