EditPlugin:0.7911111111111111
PluginOptions:0.27666666666666667
PluginsProvider:0.23
