PyInstance:0.6766666666666666
PySystemState:0.45
ThreadState:0.36666666666666664
