WebClient:0.67
HttpWebConnection:0.41333333333333333
WebClientOptions:0.2061111111111111
WebClient4Test:0.18333333333333332
DelayDeliverServlet:0.05
