LangUtils:0.6166666666666667
List:0.42
Update:0.18666666666666668
Get:0.16333333333333333
