Mails:0.9533333333333334
MailMgmtService:0.18666666666666668
