SimulateDocumentSimpleResult:0.5033333333333333
SimulateProcessorResult:0.49
SimulateExecutionServiceTests:0.03666666666666667
IngestClientIT:0.03
SimulateDocumentSimpleResultTests:0.024444444444444442
SimulatePipelineResponseTests:0.015833333333333335
SimulateProcessorResultTests:0.007777777777777777
