SBMLDocument:0.5966666666666667
Reaction:0.30333333333333334
Model:0.23333333333333334
SimpleSpeciesReference:0.17
