Builder:0.26555555555555554
Custom:0.2633333333333333
PutIndexTemplateRequest:0.22666666666666666
CreateIndexRequest:0.22666666666666666
ScriptService:0.22333333333333333
Item:0.22333333333333333
GeoShapeQueryBuilder:0.22333333333333333
SearchService:0.22333333333333333
CompletionSuggestionBuilder:0.21666666666666667
PercolatorQueryBuilder:0.21666666666666667
DecayFunctionBuilder:0.20666666666666667
RestRenderSearchTemplateAction:0.08
