EsExecutors:0.5333333333333333
ThreadPool:0.37333333333333335
RobinEngine:0.28
NettyTransport:0.2633333333333333
NettyHttpServerTransport:0.25666666666666665
