ResultSetTest:0.5766666666666667
MSCursorResultSet:0.5166666666666667
TestBase:0.35
