URL:0.49222222222222217
Constants:0.2911111111111111
RegistryDirectory:0.24666666666666667
UrlUtils:0.24
ConditionRouter:0.16333333333333333
ScriptRouter:0.1488888888888889
AbstractDirectory:0.14333333333333334
MatchPair:0.07666666666666666
