AbstractTypeDescriptionGenericVariableDefiningTest:0.5732777777777778
LazyParameterizedReceiverType:0.4666666666666667
