TypeUtils:0.6133333333333333
DeserializeBeanInfo:0.4533333333333333
JSONFeidDemo2:0.26
JSONFieldTest5:0.15666666666666668
