ExceptionUtil:0.5533333333333333
ClientInvocationFuture:0.35
InvocationFuture:0.3433333333333333
JobSupervisor:0.3233333333333333
