BoundedLocalCache:0.67
BoundedLocalCacheTest:0.31
IsValidBoundedLocalCache:0.21777777777777782
CaffeineCache:0.18333333333333332
Stresser:0.17244444444444446
