Controller:0.6533333333333333
DatabasePanel:0.3433333333333333
AnnotationsPanel:0.32
ReadHandler:0.20444444444444446
