DataAggregationJoblet:0.53
StatisticsServer:0.5133333333333333
PathTreeElement:0.3433333333333333
PathTreeAggregator:0.2786111111111111
AbstractTreeElement:0.15333333333333332
