DefaultRecordStore:0.5866666666666667
PartitionContainer:0.37
MapLockTest:0.30333333333333334
