ArticleQueryService:0.44
ArticleMgmtService:0.4066666666666667
AdminProcessor:0.29800000000000004
