Main:0.7566666666666667
ClassPathScanner:0.45
ClassPathScannerSmallTest:0.22333333333333333
MainMediumTest:0.20666666666666667
