NettyAsyncHttpProvider:0.5833333333333334
ResponseCompleted:0.43333333333333335
AsyncHttpClient:0.399563492063492
AsyncHandler:0.39166666666666666
AsyncProvidersBasicTest:0.26
NettyResponseFuture:0.25916666666666666
HttpContent:0.19488888888888886
RemoteSiteTest:0.19444444444444445
AsyncStreamHandlerTest:0.14
AsyncHandlerAdapter:0.09
HttpResponseHeaders:0.03
AsyncCompletionHandlerAdapter:0.0033333333333333335
