Size:0.5833333333333334
ArgumentLoadingAssignment:0.23333333333333334
Appender:0.18
ExplicitlyTypedUnboxingAssignment:0.13666666666666666
ImplicitlyTypedUnboxingAssignment:0.13666666666666666
BoxingAssignment:0.13666666666666666
ByteBuddyTest:0.1
