SearchResult:0.9604444444444444
MainUtil:0.2633333333333333
