CertificateData:0.7066666666666667
CertificateDataUtil:0.4066666666666667
LocalCertificateStoreSessionBean:0.36
MyAdapter:0.2633333333333333
CertificateProfileData:0.25333333333333335
LocalCertificateStoreOnlyDataSessionBean:0.17333333333333334
