URLConnectionTest:0.5466666666666666
SpdyTimeout:0.3566666666666667
HttpOverSpdyTest:0.29
