Message:0.7833333333333333
MessageImpl:0.49
LocalEventBusTest:0.2866666666666667
ConnectionHolder:0.22944444444444448
EventBusImpl:0.16666666666666666
ClusteredEventBusTest:0.15333333333333332
EventBusTestBase:0.12333333333333334
