Indexer:0.63
IndexerTest:0.35
ShortIndexer:0.23333333333333334
ByteIndexer:0.23333333333333334
DoubleIndexer:0.23333333333333334
CharIndexer:0.23333333333333334
LongIndexer:0.23333333333333334
FloatIndexer:0.23333333333333334
IntIndexer:0.23333333333333334
