RegExpr:0.5066666666666667
Wildcard:0.48333333333333334
Edge2SearchItem:0.27666666666666667
RegExprLabel:0.25
AspectMap:0.20666666666666667
Edge2MultipleRecord:0.1667063492063492
VarEdgeSearchItem:0.16
AspectParseData:0.14333333333333334
RegExprEdgeMultipleRecord:0.13166666666666665
RegExprEdgeSearchItem:0.12666666666666668
Edge2SingularRecord:0.10333333333333333
VarEdgeMultipleRecord:0.1
WildcardEdgeSearchItem:0.09666666666666666
WildcardEdgeRecord:0.04666666666666667
VarEdgeSingularRecord:0.043333333333333335
