Utils:0.365
ProtoReflectionStreamObserver:0.35333333333333333
ClientAuthInterceptor:0.2522222222222222
LbStream:0.24666666666666667
BidirectionalStreamCallback:0.24666666666666667
ClientCallImpl:0.22666666666666666
BlockingResponseStream:0.21666666666666667
ClientCalls:0.21333333333333335
ClientFrameHandler:0.2
HealthStatusManagerTest:0.19
HealthServiceImpl:0.14333333333333334
Contexts:0.13666666666666666
UtilsTest:0.09333333333333334
ManualFlowControlServer:0.09333333333333334
