ClientConnectionManager:0.5366666666666666
ClientMessage:0.49
ClientConnectionManagerImpl:0.3333333333333333
ClientProperty:0.32022222222222224
XACollectTransactionsMessageTask:0.24666666666666667
SmartClientInvocationService:0.23333333333333334
XAResourceProxy:0.21666666666666667
AuthCallback:0.19666666666666666
SmartClientListenerService:0.19666666666666666
TransactionProxy:0.16833333333333333
ClientConnectionManagerTranslateTest:0.11
ClientRegressionWithRealNetworkTest:0.03
