RLiveObjectService:0.7705555555555555
RedissonLiveObjectService:0.42333333333333334
RedissonAttachedLiveObjectServiceTest:0.3
