MethodNode:0.6183333333333333
PostRegionVisitor:0.43666666666666665
TestTryCatch:0.30333333333333334
