TableFieldImpl:0.48
AbstractType:0.31666666666666665
TableAlias:0.30333333333333334
UDTFieldImpl:0.25333333333333335
