SecurityExpressionRoot:0.5333333333333333
ExpressionProtectedBusinessServiceImpl:0.24666666666666667
BusinessServiceImpl:0.24333333333333335
BusinessService:0.23777777777777775
Jsr250BusinessServiceImpl:0.23777777777777775
GlobalMethodSecurityConfiguration:0.18666666666666668
SecurityExpressionRootTests:0.18333333333333332
GlobalMethodSecuritySelector:0.125
Jsr250MethodSecurityMetadataSource:0.09333333333333334
DefaultMethodSecurityExpressionHandler:0.09
Jsr250AnnotationDrivenBeanDefinitionParserTests:0.07333333333333333
DefaultWebSecurityExpressionHandler:0.02
