Find:0.51
DailyBook:0.2966666666666667
TrialBalance:0.25
FinStatement:0.20666666666666667
MatchAccounts:0.1507777777777778
CashBankAccountBook:0.15
AcquisitionReport:0.13666666666666666
GreaterBook:0.13666666666666666
SalesReport:0.13666666666666666
