ContextLoaderListener:0.62
EventTest:0.37666666666666665
BlueprintModuleListener:0.2633333333333333
ExtenderBootstrapTest:0.26
RefreshEventPropagater:0.19766666666666666
