Step:0.7933333333333333
Transition:0.5266666666666666
