GwtTeamingMessages:0.31666666666666665
WorkAreaHelper:0.23666666666666666
GwtViewHelper:0.22333333333333333
GwtRpcServiceImpl:0.21777777777777782
GwtServerHelper:0.214
WhoHasAccessDlg:0.20777777777777778
WhoHasAccessInfoRpcResponseData:0.17333333333333334
AccessControlController:0.105
GetWhoHasAccessCmd:0.07333333333333333
