RunCommand:0.43666666666666665
Watcher:0.32
DefaultParserTest:0.2966666666666667
VertxCommandLauncher:0.25333333333333335
CLIConfiguratorTest:0.18
RunCommandTest:0.1725
FileInfo:0.09855555555555555
