ApplicationPreferences:0.5766666666666667
ERDesignerComponent:0.5233333333333333
JGraphEditor:0.4633333333333333
