Vehicle:0.5666666666666667
Settlement:0.5666666666666667
CollectRockSamplesMission:0.24666666666666667
TransportRover:0.18055555555555555
