StandalonePublisher:0.5633333333333334
FeatureInfo:0.44333333333333336
SiteInfo:0.05055555555555556
CategoryInfo:0.023333333333333334
XMLBasedInfo:0.016666666666666666
