JavaClassAnalyzer:0.5933333333333334
JarAnalyzer:0.3233333333333333
