ServerImpl:0.41333333333333333
OobChannel:0.41333333333333333
InProcessTransportTest:0.34
MessageFramerTest:0.26
AbstractServerImplBuilder:0.26
ServerImplTest:0.23333333333333334
CensusStreamTracerModule:0.19633333333333333
CensusStreamTracerModuleTest:0.18333333333333332
ServerTransportListenerImpl:0.14333333333333334
LbHelperImpl:0.13666666666666666
