ImportRunnable:0.6433333333333333
ImportDocumentAction:0.21333333333333335
