GLSLDisplay:0.6566666666666666
GLSLSunSky:0.2777777777777778
SkyPreviewConfiguration:0.27
SkyMaterialConfiguration:0.24666666666666667
