HarvesterHistoryDao:0.5033333333333333
History:0.4
AbstractHarvester:0.38333333333333336
Harvester:0.31833333333333336
Z3950Harvester:0.1991666666666667
HarvestManager:0.19
HistoryDelete:0.03722222222222222
