TestDateTimeZoneCutover:0.5466666666666666
DateTimeZone:0.4866666666666667
ZonedDateTimeField:0.4166666666666667
IllegalFieldValueException:0.37666666666666665
ZonedDurationField:0.25
LenientDateTimeField:0.21
LenientChronology:0.20783333333333334
TestAll:0.1
