CertTools:0.7566666666666667
TestSignSession:0.35
TestCAs:0.13833333333333334
TestRemoveCA:0.11666666666666667
