Utils:0.5933333333333334
EditorAPI:0.36666666666666664
Saros:0.2866666666666667
SubscriptionManager:0.14333333333333334
SarosView:0.14
InvitationWizard:0.13666666666666666
ImageManager:0.12666666666666668
BalloonNotification:0.05888888888888888
