DoubleRangeFieldValidatorTest:0.5566666666666666
StringConverter:0.3253888888888889
StringConverterTest:0.31
