SaveImageToRasterPlugIn:0.6466666666666666
ImageUtils:0.5766666666666667
