Backup:0.4666666666666667
CacheConfig:0.44333333333333336
AbstractCacheRecordStore:0.3244444444444445
