CertTools:0.8166666666666667
CAAdminSessionBean:0.36
TestCAs:0.29
CADataHandler:0.25
TestCertTools:0.14666666666666667
