Configuration:0.6411111111111111
XMLConfigBuilder:0.3996190476190476
StrictMap:0.35333333333333333
