JCPMenuTextMaker:0.53
SwingUndoRedoFactory:0.4533333333333333
SwingChangeValenceEdit:0.3516666666666667
ChangeValenceAction:0.19333333333333333
