DescriptorParameter:0.43666666666666665
IQsarManager:0.3466666666666667
QsarManager:0.3233333333333333
IDescriptorCalculator:0.2605555555555556
DescriptorInstance:0.11333333333333333
