BSONReader:0.43333333333333335
JSONReader:0.38
BSONBinaryReader:0.31666666666666665
BSONWriter:0.29
PrimitiveCodecs:0.2786111111111111
PrimitiveCodecsTest:0.09666666666666666
JSONReaderTest:0.09666666666666666
