RedisRunner:0.7066666666666667
RedisProcess:0.2866666666666667
SpringNamespaceWikiTest:0.23
ClusterRunner:0.20833333333333337
ClusterProcesses:0.15333333333333332
