Http1xTest:0.33666666666666667
HttpTest:0.31
ClientOptionsBase:0.29
NetClientImpl:0.29
HttpClientOptions:0.2866666666666667
NetClientOptions:0.2822222222222222
ClientOptionsBaseConverter:0.19
ChannelConnector:0.17666666666666667
NetTest:0.175
