HeaderFlyweight:0.6255555555555556
UdpTransport:0.5466666666666666
EventLoopTest:0.33
RcvFrameHandler:0.21666666666666667
SrcFrameHandler:0.19277777777777777
MediaDriver:0.0
