ImplementationSymbolVisitor:0.5633333333333334
SymbolVisitor:0.5066666666666667
AggregationCollector:0.3433333333333333
InputCollectExpression:0.09666666666666666
ProjectionToProjectorVisitor:0.06
ProjectionToProjectorVisitorTest:0.023333333333333334
ImplementationSymbolVisitorTest:0.017777777777777778
