JGraphEditor:0.5
LayoutHelper:0.22333333333333333
Cluster:0.15333333333333332
ERDesignerBundle:0.04666666666666667
