QueryResultMonitor:0.5619999999999999
MsgManager:0.4583333333333333
TestDownload:0.41333333333333333
