DatabaseConnectionFactory:0.43
Filter:0.29333333333333333
DataManager:0.20666666666666667
AvailabilityData:0.20333333333333334
Capsd:0.19
JMXCollector:0.17666666666666667
SnmpCollector:0.17666666666666667
EventTranslator:0.14666666666666667
Eventd:0.14666666666666667
Discovery:0.14666666666666667
EventsArchiver:0.14666666666666667
Vulnscand:0.14666666666666667
PassiveStatusd:0.12333333333333334
Pollerd:0.12333333333333334
