TransformTestCase:0.6333333333333333
MathTransformTest:0.38
TransformCaseTest:0.27666666666666667
