EditorsPlugin:0.7033333333333334
FreemarkerUtil:0.44666666666666666
DynaTagImageProvider:0.2833333333333333
MyTemplateExceptionHandler:0.19111111111111112
FtlTagSupportServlet:0.17333333333333334
