ImagePainter:0.47333333333333333
Synth2Parser:0.38333333333333336
