Customer:0.5933333333333334
CustomerDaoImpl:0.3233333333333333
App:0.15666666666666668
CustomerDao:0.14888888888888888
Inventory:0.14333333333333334
