Lpad:0.5442777777777777
Rpad:0.5442777777777777
