J7FileStatsStorage:0.6633333333333333
InMemoryStatsStorage:0.4216666666666667
TestStatsStorage:0.35333333333333333
