NumberLiteral:0.435
TreeConverter:0.41333333333333333
BooleanLiteral:0.36833333333333335
CharacterLiteral:0.36833333333333335
StringLiteral:0.33666666666666667
CStringLiteral:0.18448412698412697
