TedSerie:0.5966666666666667
AddShowDialog:0.25333333333333335
DatePanel:0.2517063492063492
EpisodeChooserPanel:0.2517063492063492
FilterPanel:0.24416666666666667
TedFeedsTableModel:0.23333333333333334
EditShowDialog:0.21666666666666667
EpisodeChooserDialog:0.21
GeneralPanel:0.1261111111111111
DailyPanel:0.12333333333333334
