SimulatorModel:0.8033333333333333
LTSPanel:0.22666666666666666
