MapService:0.6183333333333333
EvictionTest:0.46
EvictionProcessor:0.2966666666666667
