AbstractRangeValidator:0.5466666666666666
ShortRangeFieldValidator:0.32666666666666666
IntRangeFieldValidator:0.32666666666666666
LongRangeFieldValidator:0.32666666666666666
DateRangeFieldValidator:0.32666666666666666
