CasConfigurationProperties:0.3933333333333333
WebUtils:0.38333333333333336
CasSupportActionsConfiguration:0.30666666666666664
CasConfigurationRebinder:0.29
InitialFlowSetupAction:0.22333333333333333
