ProfileService:0.5553452380952381
TeamingServiceEndpoint:0.42333333333333334
BaseService:0.36666666666666664
TeamingServiceClientWithCall:0.18166666666666667
UserCollection:0.14333333333333334
ProfileServiceImpl:0.07333333333333333
UserBrief:0.05333333333333334
