StatsNode:0.44666666666666666
MBeanFilterNode:0.31666666666666665
MEJBView:0.3
StatisticsView:0.25666666666666665
StatisticNode:0.25666666666666665
StatsExplorer:0.215
StatsNodeChildren:0.16
StatisticDetailView:0.15333333333333332
ExtBeanTreeView:0.07
ShowMEJBViewAction:0.0375
GotoMBeanNodeAction:0.023333333333333334
