jdbcResultSet:0.5083333333333333
Session:0.32666666666666666
jdbcPreparedStatement:0.31
TestSelf:0.2711111111111111
DatabaseCommandInterpreter:0.2633333333333333
