WebFilter:0.58
HazelcastHttpSession:0.5266666666666666
RequestWrapper:0.4066666666666667
WebFilterSessionCleanupTest:0.15333333333333332
SessionListener:0.10666666666666667
