SimpleAxis:0.5066666666666667
NetcdfEllipsoid:0.39666666666666667
