Fiber:0.6666666666666666
FiberTest:0.31
FiberForkJoinTask:0.30333333333333334
NoopFibersMonitor:0.23666666666666666
