Member:0.5166666666666667
CMap:0.5
MapClientProxy:0.30333333333333334
MulticastService:0.23666666666666666
ClusterService:0.23
ConcurrentMapManager:0.22333333333333333
QueryService:0.21666666666666667
MapPutHandler:0.12
MapPutIfAbsentHandler:0.12
