RWorkspace:0.5588888888888889
Log:0.4533333333333333
Workspace:0.35
Toolbox:0.30666666666666664
LineComparator:0.20333333333333334
