ServiceRegistryProperties:0.5633333333333334
RedisTicketRegistry:0.4866666666666667
RedisTicketRegistryProperties:0.43666666666666665
Cas30JsonResponseView:0.23666666666666666
AbstractDelegatingCasView:0.14333333333333334
RedisTicketRegistryConfiguration:0.13333333333333333
