BaseFocusEvent:0.485
ApolloPanel:0.41333333333333333
StrandedZoomableApolloPanel:0.39666666666666667
SyntenyLinkPanel:0.33
ApolloControlServlet:0.12333333333333334
