Structure:0.8655555555555554
StructureSet:0.10333333333333333
