Qedeq2Utf8:0.56
ModuleLabels:0.3233333333333333
ReferenceFinder:0.29694444444444446
