ChronicleMapTest:0.7911111111111111
AbstractChronicleMapBuilder:0.5966666666666667
