RoboModel:0.45
RoboProcessor:0.31666666666666665
ImplementsValidator:0.2966666666666667
RoboProcessorTest:0.2525
RealObjectValidatorTest:0.18
Shadows:0.13
ShadowAdapterView:0.12916666666666668
RealObjectValidator:0.12
ShadowParameterizedDummy:0.04
ImplementsValidatorTest:0.04
ShadowArrayAdapter:0.0
