FluxPolygon:0.5166666666666667
FluxVolumeBuilder:0.45666666666666667
FluxPrimitive:0.325
