GraphicsConfigHandlerTest:0.5233333333333333
JFXEditorSaveDFTest:0.5166666666666667
PropertyPanelFactoryTest:0.38
