Almanac:0.4033333333333333
Category:0.29
Event:0.28
TimelineView:0.2633333333333333
Range:0.21333333333333335
TimelineViewSettings:0.19666666666666666
Ruler:0.16666666666666666
Loader:0.13
RulerRenderer:0.08
