Result:0.8733333333333333
jOOQAbstractTest:0.4266666666666667
FetchTests:0.31666666666666665
ResultImpl:0.24666666666666667
