Transducer:0.6466666666666666
RhsAction:0.41655555555555557
RightHandSide:0.32
Batch:0.21666666666666667
MultiPhaseTransducer:0.20666666666666667
SinglePhaseTransducer:0.20333333333333334
Scratch:0.17333333333333334
