DirectorySelector:0.14333333333333334
FileSelector:0.14333333333333334
ClasspathRootSelector:0.14
UniqueIdSelector:0.14
ClassSelector:0.14
ClasspathResourceSelector:0.14
UriSelector:0.14
PackageSelector:0.14
MethodSelector:0.06
