Interpreter:0.4866666666666667
OOITBuilder:0.37
InterpreterStartFuture:0.34
CommandLineParser:0.34
JavaDocumentCreator:0.20577777777777778
ZipUtils:0.18333333333333332
InitSessionThread:0.08333333333333333
GetOLStreamResult:0.03333333333333333
