ShadowCursorWindow:0.41333333333333333
Robolectric:0.4
Data:0.38666666666666666
ShadowSQLiteConnection:0.18666666666666668
Row:0.09333333333333334
WindowData:0.043333333333333335
