MolecularFormulaManipulatorTest:0.4970555555555556
MolecularFormulaSetManipulatorTest:0.36666666666666664
MolecularFormulaRangeManipulatorTest:0.25
