Simulation:0.53
Building:0.500611111111111
BuildingTemplate:0.36
MainDesktopPane:0.2966666666666667
Resupply:0.29
SupplyTableModel:0.18666666666666668
ResupplyDetailPanel:0.18333333333333332
ResupplyMissionEditingPanel:0.17666666666666667
SettlementComboBoxModel:0.14333333333333334
