DXFExport:0.8733333333333333
Polygonizable:0.19666666666666666
