MapsDFLoaderListener:0.6916666666666667
OpenXMLAction:0.21666666666666667
