ColorAttribute:0.5841666666666666
PrototypeRendererGL20:0.42
HybridLightTest:0.39666666666666667
