WebSocket:0.8133333333333334
FramedataImpl1:0.44666666666666666
Draft_10:0.38666666666666666
