Status:0.7666666666666667
ServerCallStreamObserverImpl:0.16333333333333333
ClientCallsTest:0.14
StatusException:0.12666666666666668
StatusRuntimeException:0.12666666666666668
UnaryStreamToFuture:0.11333333333333333
StreamObserverToCallListenerAdapter:0.11
