CommercialDocument:0.6555555555555556
Invoice:0.32666666666666666
Order:0.30666666666666664
