MappedFieldType:0.6433333333333333
SpanTermQueryBuilderTests:0.26666666666666666
WildcardQueryBuilderTests:0.26666666666666666
TypesQuery:0.23666666666666666
