DataLoaderContext:0.43333333333333335
AbstractXmlPublisherExtensionPoint:0.37666666666666665
SimpleRouterContext:0.27666666666666667
XmlPublisherDataRouter:0.22333333333333333
ICacheContext:0.07
