IndexedSeries:0.6166666666666667
TableXYDatasetImpl:0.4066666666666667
Chart:0.29333333333333333
ReportNameHistory:0.19666666666666666
