ClusterManager:0.5033333333333333
BaseManager:0.3333333333333333
MBackup:0.3016666666666667
BQ:0.19
MBackupAwareOp:0.16666666666666666
MDefaultBackupAndMigrationAwareOp:0.11666666666666667
NodeBaseVariables:0.0
