Context:0.7666666666666667
MediaDriver:0.5933333333333334
EventReader:0.21
PubAndSubTest:0.19666666666666666
