HostInfo:0.52
HeliosSoloIT:0.31777777777777777
Builder:0.23333333333333334
HostInfoReporter:0.21
AgentService:0.19666666666666666
