IntervalSet:0.7466666666666667
RangeTransition:0.35333333333333333
LexerATNFactory:0.2866666666666667
CharSupport:0.21333333333333335
ATNOptimizer:0.17605555555555558
DOTGenerator:0.17333333333333334
LexerDFASerializer:0.17
