Block:0.68
Visitor:0.4033333333333333
BooleanLiteral:0.245
Formatter:0.21416666666666667
CompilerContext:0.12333333333333334
ExpressionCompiler:0.10666666666666667
