RetryingRequestDispatcher:0.7233333333333334
Builder:0.38333333333333336
RetryingRequestDispatcherTest:0.18666666666666668
