Input:0.77
LwjglInput:0.33666666666666667
AndroidInput:0.22303968253968254
IOSInput:0.14083333333333334
LwjglAWTInput:0.14083333333333334
RemoteInput:0.14083333333333334
GwtInput:0.14083333333333334
JglfwInput:0.14083333333333334
