Session:0.5233333333333333
AlterTableOperation:0.3466666666666667
TableStatsServiceTest:0.3
SQLTransportExecutor:0.3
TableStatsService:0.20666666666666667
SQLOperations:0.19833333333333333
RetryOnFailureResultReceiver:0.17666666666666667
TablesNeedUpgradeSysCheck:0.13333333333333333
SysCheckerIntegrationTest:0.11
