DefaultBroadcaster:0.49
BroadcasterConfig:0.48
AtmosphereFramework:0.37
DefaultBroadcasterFactory:0.23666666666666666
SimpleBroadcaster:0.15333333333333332
