DefaultBroadcaster:0.6233333333333333
AtmosphereServlet:0.57
BroadcasterConfig:0.5466666666666666
