TestsView:0.6022222222222222
SimpleResultPropertySource:0.5233333333333333
SimpleResult:0.31333333333333335
