BinderModule:0.5072222222222222
LuceneReadSession:0.48
EntityIndexUtils:0.31666666666666665
GwtViewHelper:0.26666666666666666
SsfIndexInterface:0.24666666666666667
AbstractEntryProcessor:0.19666666666666666
ImplicitlyAccessibleSubFoldersCollector:0.18333333333333332
BinderModuleImpl:0.17333333333333334
NilLuceneReadSession:0.17333333333333334
LuceneProvider:0.15333333333333332
LocalLuceneReadSession:0.1
