ByteRange:0.74
ByteRangeTest:0.36666666666666664
AssetServlet:0.2561111111111111
