SubversionRepository:0.5483333333333332
SubversionHistoryParser:0.5433333333333333
SubversionHistoryParserTest:0.33666666666666667
