ClassInfo:0.87
TestIfc:0.34838888888888886
TestJavaLangClass:0.24444444444444446
JPF_java_lang_Class:0.24
