ScaledRAFile:0.3933333333333333
DataFileCache:0.32666666666666666
ScaledRAInterface:0.2644444444444444
ScaledRAFileInJar:0.25333333333333335
JDBCBench:0.23
TextCache:0.1988888888888889
ScaledRAFileHybrid:0.18
DataFileDefrag:0.15555555555555556
ScaledRAFileNIO:0.13333333333333333
