GraphBuilder:0.57
ArrayTypeReference:0.18047619047619046
Main:0.13
Wildcard:0.07333333333333333
StringConstants:0.07333333333333333
SandBox:0.0
