JoinMatcher:0.5366666666666666
PlanMatchPattern:0.4855555555555555
TestLogicalPlanner:0.4766666666666667
