CreateTable:0.4866666666666667
AddColumn:0.45666666666666667
AstBuilder:0.3566666666666667
TestSqlParser:0.27666666666666667
DefaultTraversalVisitor:0.21333333333333335
AstVisitor:0.19333333333333333
CreateTableTask:0.13
AddColumnTask:0.12
