DirContextHolder:0.49
LdapUtils:0.31333333333333335
ContextSourceTransactionManagerTest:0.2
ContextSourceTransactionManagerDelegate:0.18666666666666668
TransactionAwareDirContextInvocationHandler:0.12
LdapUtilsTest:0.03666666666666667
