CommonEjbcaWS:0.53
EjbcaWSTest:0.25333333333333335
WebdistHttpTest:0.25
CrmfKeyUpdateTest:0.23666666666666666
OcspKeyRenewalTest:0.13666666666666666
