Decoder:0.4266666666666667
ReedSolomonDecoder:0.36333333333333334
ReedSolomonDecoderQRCodeTestCase:0.29
ReedSolomonDecoderDataMatrixTestCase:0.2866666666666667
