DaoStatement:0.6183333333333333
NutStatement:0.3416666666666667
