Flyway:0.6033333333333334
MetaDataTable:0.505
MetaDataTableImpl:0.3466666666666667
DbInit:0.16111111111111112
FlywayMediumTest:0.08
