InternalTestCluster:0.6066666666666667
ExternalNode:0.37333333333333335
ElasticsearchIntegrationTest:0.37333333333333335
TransportClientFactory:0.36
NodeAndClient:0.2277777777777778
ElasticsearchBackwardsCompatIntegrationTest:0.12666666666666668
RandomClientFactory:0.05333333333333334
