RedissonMultimap:0.49666666666666665
RedissonSetMultimapCacheTest:0.34
RedissonMultimapCache:0.31333333333333335
RedissonSetMultimap:0.31
RedissonListMultimap:0.31
RedissonListMultimapTest:0.2866666666666667
RedissonListMultimapCache:0.26666666666666666
RedissonSetMultimapCache:0.26666666666666666
RedissonListMultimapCacheTest:0.25333333333333335
