HtmlRp:0.5703333333333334
HtmlRt:0.5703333333333334
