Configuration:0.47
MapperBuilderAssistant:0.31333333333333335
MapperAnnotationBuilder:0.26666666666666666
ParameterMapping:0.24666666666666667
XMLConfigBuilder:0.22
XMLStatementBuilder:0.21666666666666667
MappedStatement:0.21333333333333335
Builder:0.15333333333333332
