BlogFolderView:0.36666666666666664
GwtTeamingMessages:0.31666666666666665
FolderSortSetting:0.25666666666666665
GwtServerHelper:0.23333333333333334
SpecificFolderData:0.2
GwtRpcServiceImpl:0.17666666666666667
GetFolderSortSettingRpcResponseData:0.11
GetFolderSortSettingCmd:0.11
