SqlBuilder:0.6466666666666666
QueryHSMMigrateCmd:0.355
HSMMigrateService:0.25666666666666665
