TextDialog:0.5188888888888888
GUIUtils:0.4633333333333333
TextPropAction:0.36666666666666664
