Default:0.6033333333333334
TypeWriterDefaultTest:0.32666666666666666
TypeWriterMethodPoolRecordTest:0.32
AbstractDelegationRecord:0.32
ImplementationContextDefaultOtherTest:0.07666666666666666
