RequestMessage:0.558888888888889
DeleteMessage:0.26666666666666666
QueryMessage:0.24305555555555552
UpdateMessage:0.20466666666666666
CommandMessage:0.17333333333333334
