StackTraceLine:0.7238888888888889
StandardFileExistanceChecker:0.24277777777777776
