ExecutorService:0.6911111111111111
InitializerService:0.56
ExecutorServiceBean:0.32666666666666666
SystemService:0.326
Delegates:0.29
FreemarkerConfiguration:0.26416666666666666
BusinessCalendarImpl:0.24916666666666668
ExecutorServiceDelegate:0.22327777777777777
AuditLogic:0.215
SystemServiceDelegate:0.17077777777777775
InitializerLogic:0.15333333333333332
InitializerServiceDelegate:0.12833333333333333
SystemServiceBean:0.12333333333333334
LogoutAction:0.08666666666666667
LDAPImporterClient:0.08666666666666667
InitializeDBListener:0.08333333333333333
InitializerServiceBean:0.05
AdminScriptUtils:0.0
