PairSortingAlgorithms:0.32666666666666666
GenericRiskStatistics:0.31333333333333335
GeneralStatistics:0.30666666666666664
MathUtil:0.29333333333333333
G2:0.29333333333333333
DiscrepancyStatistics:0.19666666666666666
IborIndex:0.19666666666666666
BlackKarasinski:0.15666666666666668
SwaptionPricingFunction:0.12666666666666668
HullWhite:0.11333333333333333
Constants:0.11
FittingParameter:0.09722222222222222
