DataSink:0.47
AjaxController:0.47
SsfsUtil:0.38666666666666666
BrowserSniffer:0.25
FileOpen:0.18
WebKeys:0.013333333333333334
