XJBPhex:0.6883333333333334
XJBPhexImpl:0.35
Unmarshaller:0.25066666666666665
ObjectFactory:0.24
PhexXmlSaxWriter:0.23666666666666666
PhexXmlSaxParser:0.16666666666666666
SharedFileHandler:0.14
SharedLibraryHandler:0.06666666666666667
UnicodeInputStream:0.06333333333333334
FavoritsListHandler:0.06333333333333334
ParserUtils:0.056666666666666664
FavoriteHostHandler:0.05
GuiSettingsHandler:0.05
UpdateResponseHandler:0.05
GuiTableListHandler:0.03666666666666667
DFavoritesList:0.03166666666666667
XMLBuilder:0.02666666666666667
GuiTableColumnHandler:0.02666666666666667
GuiTableColumnListHandler:0.02666666666666667
GuiTabHandler:0.02666666666666667
GuiTableHandler:0.02666666666666667
PhexSAXHandler:0.023333333333333334
UpdateResponseVersionHandler:0.016666666666666666
DPhex:0.016666666666666666
UpdateResponseInfoHandler:0.016666666666666666
AlternateLocationHandler:0.013333333333333334
DUpdateResponse:0.01
DFavoriteHost:0.01
