ManyToOneRingBuffer:0.6433333333333333
ManyToOneRingBufferTest:0.30333333333333334
