SlidingTableColumnAncestorTag:0.6188888888888889
SlidingTableRowTag:0.4
SlidingTableColumnTag:0.37333333333333335
