Extruder:0.7633333333333333
Debug:0.55
GenericCartesianPrinter:0.3566666666666667
SNAPStepperMotor:0.2866666666666667
SNAPExtruder:0.28
