InvokeDynamic:0.35
InvokeDynamicTest:0.30333333333333334
AbstractTypeDescription:0.2725
AbstractTypeDescriptionTest:0.25666666666666665
ArgumentBootstrap:0.24666666666666667
ForStaticField:0.22666666666666666
ForClassConstant:0.21333333333333335
MethodCallTest:0.19666666666666666
MethodCallTypeTest:0.19666666666666666
ForClassValue:0.19333333333333333
ParameterBootstrap:0.10666666666666667
