StandardVMRunner:0.9266666666666666
StandardVMDebugger:0.3233333333333333
