FunctionVariable:0.5333333333333333
PredicateVariable:0.5333333333333333
Interpreter:0.4533333333333333
