RuleOfFiveDescriptor:0.3433333333333333
XLogPDescriptor:0.31
HBondAcceptorCountDescriptor:0.2966666666666667
ALOGPDescriptor:0.25333333333333335
HBondDonorCountDescriptor:0.23333333333333334
WeightDescriptor:0.23333333333333334
LongestAliphaticChainDescriptor:0.23083333333333333
LargestPiSystemDescriptor:0.23083333333333333
IPMolecularLearningDescriptor:0.23083333333333333
LargestChainDescriptor:0.23083333333333333
LengthOverBreadthDescriptor:0.22333333333333333
ChiPathDescriptor:0.22333333333333333
ChiChainDescriptor:0.22333333333333333
ChiPathClusterDescriptor:0.22333333333333333
MDEDescriptor:0.22333333333333333
ChiClusterDescriptor:0.22333333333333333
RotatableBondsCountDescriptor:0.22
WeightedPathDescriptor:0.20333333333333334
MomentOfInertiaDescriptor:0.20333333333333334
GravitationalIndexDescriptor:0.20333333333333334
CarbonTypesDescriptor:0.20333333333333334
AutocorrelationDescriptorPolarizability:0.20333333333333334
BondCountDescriptor:0.20333333333333334
AutocorrelationDescriptorMass:0.20333333333333334
PetitjeanNumberDescriptor:0.19666666666666666
VAdjMaDescriptor:0.19666666666666666
CPSADescriptor:0.19666666666666666
ZagrebIndexDescriptor:0.19666666666666666
PetitjeanShapeIndexDescriptor:0.19666666666666666
AminoAcidCountDescriptor:0.19666666666666666
APolDescriptor:0.19666666666666666
BPolDescriptor:0.19666666666666666
AtomCountDescriptor:0.19666666666666666
AutocorrelationDescriptorCharge:0.19666666666666666
WienerNumbersDescriptor:0.19666666666666666
KappaShapeIndicesDescriptor:0.19666666666666666
TPSADescriptor:0.19083333333333333
BCUTDescriptor:0.19083333333333333
WHIMDescriptor:0.19083333333333333
KierHallSmartsDescriptor:0.19083333333333333
FragmentComplexityDescriptor:0.18416666666666667
AromaticAtomsCountDescriptor:0.18416666666666667
AromaticBondsCountDescriptor:0.18416666666666667
