Dao:0.7533333333333333
NutDao:0.39
FetchSql:0.30333333333333334
SqlMaker:0.29333333333333333
NutDaoTest:0.2633333333333333
Entity:0.26
QuerySql:0.21
FetchCallback:0.16333333333333333
Update:0.15333333333333332
TableName:0.14666666666666667
DynamicTableNameTest:0.13333333333333333
PostgresqlTest:0.11333333333333333
MysqlTest:0.11333333333333333
NutDaoTest3:0.07361111111111111
ReflectBorning:0.07333333333333333
QueryCallback:0.02666666666666667
Borning:0.025833333333333333
StaticResultSetMethodBorning:0.01
ResultSetConstructorBorning:0.01
FMStaticResultSetMethodBorning:0.0
FMResultSetConstructorBorning:0.0
