PropertyHolder:0.5166666666666667
SimpleValue:0.48333333333333334
SimpleValueBinder:0.46
CollectionPropertyHolder:0.27666666666666667
ClassPropertyHolder:0.2733333333333333
AbstractPropertyHolder:0.26666666666666666
ComponentPropertyHolder:0.25333333333333335
AnnotationBinder:0.24
CollectionBinder:0.23833333333333334
PropertyBinder:0.21
MapBinder:0.18666666666666668
