BinaryJedis:0.6233333333333333
PipelineBase:0.37333333333333335
PipeliningTest:0.25666666666666665
BuilderFactory:0.22872222222222216
ScriptingCommandsTest:0.19333333333333333
MultiKeyPipelineBase:0.12
