ModalityWorklist:0.5336785714285714
StudyListPage:0.32733333333333337
ModalityWorklistBean:0.32666666666666666
StudyListBean:0.31
MWLItemModel:0.25
StudyListFilter:0.22333333333333333
TrashListPage:0.214
MWLItemListView:0.20583333333333334
Mpps2MwlLinkPage:0.15666666666666668
