NeuralNetworkTest:0.32
LayerTest:0.23333333333333334
ProductTest:0.23
AndTest:0.19333333333333333
SumSqrTest:0.17666666666666667
WeightedSumTest:0.16
SumTest:0.15666666666666668
IntensityTest:0.12666666666666668
OrTest:0.12583333333333332
