JFXRepresentation:0.3233333333333333
DefTriangle:0.2997619047619048
DefTriangleStrip:0.23333333333333334
DefTriangleFan:0.23333333333333334
DefText:0.20666666666666667
JFXSymbolCommand:0.14666666666666667
DefPolyLine:0.13
SetRotation:0.09
DefLine:0.09
DefRectangle:0.09
DefLinePolar:0.08666666666666667
DefArcEllipse:0.07333333333333333
DefArcCircle:0.07333333333333333
EndGroup:0.06666666666666667
StartGroup:0.06666666666666667
SetTranslation:0.056666666666666664
DefColor:0.056666666666666664
DefLineStyle:0.056666666666666664
DefFont:0.056666666666666664
DefHalo:0.04666666666666667
