DriverConductor:0.4166666666666667
DriverConductorTest:0.3933333333333333
DriverProxy:0.38666666666666666
ClientConductorTest:0.27666666666666667
ClientConductor:0.2704444444444445
Context:0.21
SubscriptionMessageFlyweight:0.21
EventCodec:0.17666666666666667
DriverProxyTest:0.15833333333333333
