SqlExpressions:0.36
DateFormatFunctionTest:0.3433333333333333
SubstrFunction:0.33
ToStringArrayFunctionTest:0.30666666666666664
FetchRequiredVisitorTest:0.3
TestingHelpers:0.29333333333333333
CurrentTimestampFunctionTest:0.27666666666666667
MatchesFunctionTest:0.26
LuceneQueryBuilderTest:0.22
SubstrFunctionTest:0.19333333333333333
UpperFunctionTest:0.18333333333333332
LowerFunctionTest:0.18333333333333332
AbstractScalarFunctionsTest:0.08333333333333333
InputCreatingVisitorTest:0.08166666666666667
FilterProjectionTest:0.023333333333333334
