CacheProxy:0.5596666666666666
JCacheStatisticsMXBean:0.37166666666666665
