SearchSiteResult:0.5066666666666667
SearchSite:0.36666666666666664
SearchSiteStatisticsJoblet:0.33666666666666667
SearchSiteJoblet:0.17666666666666667
SiteSearchRebuild:0.12666666666666668
