ConcreteLayer:0.3516666666666667
G2DGLImageDrawer:0.33
EditorLayerWrapper:0.32666666666666666
MapItemsUIHandler:0.32666666666666666
DefaultARINCUtils:0.32666666666666666
ExtendedLayerRenderer:0.31
ConcreteLayerPainter:0.3016666666666667
ServerXMLSymbolsHandler:0.27666666666666667
EditorOverlay:0.26666666666666666
DefaultXMLExporter:0.21550000000000002
GLGraphics2D:0.21166666666666667
ClickListener:0.15833333333333333
AbstractLayer:0.14
ItemsRenderersHelper:0.14
LineSegmentRenderer:0.13666666666666666
DFHandler_5Test:0.043333333333333335
