Operator:0.6066666666666667
Constant:0.4
ExprTreeParser:0.22
StringSignature:0.21833333333333332
IntSignature:0.19916666666666666
RealSignature:0.19583333333333333
IntAlgebra:0.14333333333333334
RealAlgebra:0.14333333333333334
BoolAlgebra:0.14333333333333334
StringAlgebra:0.14333333333333334
Algebras:0.11
