MDate:0.6933333333333334
Stuff:0.36333333333333334
GHNSDialog:0.25333333333333335
VersionControl:0.23333333333333334
