JUMPConfiguration:0.6733333333333333
ToggleVisiblityPlugIn:0.4666666666666667
