FilterOptions:0.45
JBrowseOptionPane:0.3333333333333333
MutableFilterOptions:0.25
JavaParser:0.24333333333333335
TigerLabeler:0.23472222222222225
GeneralOptions:0.23
PropertyParser:0.17666666666666667
PVClasspathOptionPane:0.11
SourceFileFilter:0.016666666666666666
