DocumentImpl:0.52
DocumentContentImpl:0.4866666666666667
Transients:0.28111111111111114
