HotRestartStateImpl:0.5766666666666667
TimedMemberStateFactory:0.55
HotRestartState:0.5108888888888888
MemberStateImplTest:0.16666666666666666
HotRestartStateImplTest:0.16333333333333333
