MaterialCalendarView:0.3933333333333333
MonthView:0.37
DayView:0.3466666666666667
WeekDayView:0.2683333333333333
MonthPagerAdapter:0.1877222222222222
DynamicSettersActivity:0.12666666666666668
CustomizeCodeActivity:0.07
