Msg:0.91
GeneralTabPanel:0.2733333333333333
ActivityTabPanel:0.22666666666666666
DeathTabPanel:0.22666666666666666
