AbstractBase:0.46
ClassReloadingStrategy:0.44
ArrayProjection:0.3466666666666667
AbstractMethodDescription:0.28
Latent:0.2733333333333333
InlineInstrumentedType:0.18
AbstractTypeDescription:0.17
