ApolloPanel:0.5338888888888889
SequenceSelector:0.46
FindPanel:0.24666666666666667
TierMenu:0.20444444444444446
TableSelector:0.1577777777777778
