GraphElement:0.49333333333333335
Transition:0.47
IOUtils:0.4533333333333333
State:0.43666666666666665
FormNode:0.4266666666666667
TaskState:0.42333333333333334
ITimed:0.3817857142857143
ProcessEditorBase:0.24666666666666667
XmlUtil:0.24
ActiveActionsDelegate:0.23333333333333334
ValidatorDefinition:0.22666666666666666
DiagramFeatureProvider:0.20555555555555555
ProcessCache:0.20333333333333334
DeleteGraphElementDelegate:0.20005555555555554
IfExpr:0.19666666666666666
StyleUtil:0.19666666666666666
BpmnSerializer:0.18333333333333332
DiagramEditorPage:0.18333333333333332
ReceiveMessageNode:0.18333333333333332
EnableJSValidationDelegate:0.16333333333333333
StateGraphicalEditPart:0.15666666666666668
DiagramToolBehaviorProvider:0.15333333333333332
CreateTransitionFeature:0.15333333333333332
SwimlaneEditorPage:0.14933333333333332
VariableEditorPage:0.14933333333333332
GEFProcessEditor:0.14666666666666667
AddNodeWithImageFeature:0.14666666666666667
SendMessageConfAction:0.14333333333333334
MultiInstanceDelegate:0.14333333333333334
WaitState:0.14
OpenFormValidationDelegate:0.13833333333333334
OpenFormEditorDelegate:0.13
SwimlaneActionsDelegate:0.12666666666666668
AddActionDelegate:0.12666666666666668
ReceiveMessageConfAction:0.12333333333333334
CreateDragAndDropNodeFeature:0.12333333333333334
FtlFormType:0.12
SubprocessDelegate:0.11333333333333333
DiagramContextMenuProvider:0.11333333333333333
EditorContextMenuProvider:0.1
UpdateNodeFeature:0.1
ChangeCompactViewDelegate:0.09333333333333334
OpenDelegableConfigurationDelegate:0.09333333333333334
RotateForkJoinDelegate:0.09333333333333334
AddTimerDelegate:0.09
AddTaskStateFeature:0.08666666666666667
PropertyNames:0.08666666666666667
DeleteFormDelegate:0.08333333333333333
OpenFormCSSDelegate:0.08333333333333333
OpenDescriptionEditorDelegate:0.08333333333333333
GaProperty:0.07478174603174603
FormNodeEditPart:0.07333333333333333
OpenFormScriptDelegate:0.07333333333333333
AddNodeFeature:0.06666666666666667
AddSubProcessFeature:0.06666666666666667
AddMultiInstanceFeature:0.06666666666666667
CreateFormDelegate:0.06666666666666667
AddStateNodeFeature:0.06333333333333334
StructuredSelectionProvider:0.06333333333333334
ResizeNodeFeature:0.056666666666666664
GpdXmlContentProvider:0.04
BaseModelActionDelegate:0.03666666666666667
DeleteTimerDelegate:0.0033333333333333335
DisableEscalationOnProcessAction:0.0
EnableEscalationOnProcessAction:0.0
EnableEscalationOnTaskDelegate:0.0
DisableEscalationOnTaskDelegate:0.0
