CMLToJcampSpectrumMapper:0.7033333333333334
PeakContentProvider:0.43333333333333335
