StatementGeneratorTest:0.3933333333333333
FunctionElement:0.38
StatementGenerator:0.31333333333333335
UnsequencedExpressionRewriterTest:0.25333333333333335
NilCheckResolver:0.22666666666666666
AutoboxerTest:0.21666666666666667
