ConfigurationProcessor:0.5566666666666666
JavaConfigApplicationContext:0.43
JavaConfigWebApplicationContext:0.39
Sjc74Tests:0.24
WellFormedConfig:0.04666666666666667
