SocketIOClient:0.6066666666666667
Namespace:0.4866666666666667
NamespaceClient:0.28
BroadcastOperations:0.26
ClientListeners:0.21833333333333332
SocketIOServer:0.21
ClientOperations:0.10666666666666667
