ListProcessesInstancesFormTag:0.7719444444444444
ProcessTaskAssignmentAction:0.20905555555555555
