HttpClientRequestImpl:0.54
ClientConnection:0.42333333333333334
HttpClientRequestPushPromise:0.29
Http2ClientStream:0.27666666666666667
HttpClientStream:0.2683730158730158
