Collect:0.47
PlannerContext:0.43333333333333335
Limit:0.3433333333333333
Planner:0.34
SimplePortal:0.23
SQLExecutor:0.22333333333333333
Get:0.19666666666666666
PlannerTest:0.18333333333333332
BatchPortal:0.13666666666666666
BulkPortal:0.11666666666666667
