KerasDense:0.4716666666666667
KerasLstm:0.26
KerasConvolution2D:0.19333333333333333
KerasInitilizationUtils:0.15333333333333332
KerasEmbedding:0.15
KerasInitilizationTest:0.14666666666666667
KerasAtrousConvolution2D:0.14
KerasAtrousConvolution1D:0.14
KerasConvolution1D:0.14
