MapService:0.46
NearCacheLocalInvalidationTest:0.41333333333333333
MapProxySupport:0.37
HazelcastTestSupport:0.33666666666666667
KeyBasedMapOperation:0.30666666666666664
MultipleEntryOperation:0.16666666666666666
PartitionWideEntryOperation:0.16666666666666666
WritingEntryProcessor:0.006666666666666667
