NormalDistribution:0.37
BlackCalculator:0.37
CumulativeNormalDistribution:0.36333333333333334
AbstractSolver1D:0.30333333333333334
TestCumulativeNormalDistribution:0.22666666666666666
BivariateNormalDistribution:0.14
ImpliedVolatilityHelper:0.02666666666666667
