ParentFieldMapper:0.5
IndicesTermsFilterCache:0.30666666666666664
TermsFilterValueWeigher:0.25666666666666665
TermsFilterParser:0.23
