XmlNode:0.5933333333333334
DocumentLoader:0.3233333333333333
XmlLoader:0.18666666666666668
PackageResourceLoader:0.18333333333333332
AttrResourceLoader:0.18
MenuLoader:0.16666666666666666
XpathResourceXmlLoader:0.1
DrawableResourceLoader:0.09666666666666666
ValueResourceLoader:0.05
PluralResourceLoader:0.043333333333333335
PreferenceLoader:0.04
XmlFileLoader:0.01
