QueueContainer:0.43666666666666665
HazelcastTestSupport:0.41777777777777775
ListContainer:0.30333333333333334
AbstractCollectionProxyImpl:0.3
CollectionContainer:0.25666666666666665
SetContainer:0.25
