OAuth2Parameter:0.5040555555555557
Builder:0.4266666666666667
AuthorizationRequestAttributes:0.36666666666666664
AuthorizationCodeAuthenticationProcessingFilterTests:0.25333333333333335
AuthorizationCodeAuthenticationProcessingFilter:0.22583333333333333
AuthorizationCodeRequestRedirectFilter:0.18333333333333332
AuthorizationResponseMatcher:0.08
