ERDesignerBundle:0.4976111111111112
ERDesignerComponent:0.44333333333333336
OpenXavaExportEditorView:0.32
OpenXavaExportEditor:0.31
OpenXavaGeneratorTest:0.16666666666666666
OpenXavaOptions:0.14944444444444446
OpenXavaGenerator:0.11
