RepRapBuild:0.5572222222222223
Main:0.3333333333333333
