AbstractWebFilterTest:0.44
JettyWebFilterTest:0.38666666666666666
HazelcastHttpSession:0.3333333333333333
MapStoreConfigReadOnly:0.29333333333333333
ConditionTest:0.28
WebFilter:0.2633333333333333
MemberAttributeConfigReadOnly:0.25333333333333335
AwaitOperation:0.25333333333333335
MapConfigTest:0.23
ReplicatedMapConfigReadOnly:0.17333333333333334
NearCacheConfigReadOnly:0.17333333333333334
TomcatWebFilterTest:0.1
