MainFrame:0.5366666666666666
MLEngine:0.2678730158730158
Wrapper:0.26
MachineLearningPR:0.25
SaveModelAction:0.19444444444444445
SaveDatasetAsArffAction:0.19444444444444445
LoadModelAction:0.013333333333333334
