TypeChecker:0.48333333333333334
AssignmentStep:0.32666666666666666
Result:0.31666666666666665
AssignmentLocalStep:0.16
