DbEntityDescriptor:0.4866666666666667
DbOomQuery:0.44666666666666666
DbMetaUtil:0.3933333333333333
