ProcessManager:0.7466666666666667
GetComponentStatus:0.44333333333333336
