WorkOrder:0.45
WorkComplaint:0.38
WorkComplaintTest:0.12333333333333334
WorkComplaintType:0.016666666666666666
WorkOrderType:0.016666666666666666
