Shader:0.6763888888888888
TestShader:0.6
RenderContext:0.23666666666666666
BatchRenderTest:0.16333333333333333
RenderBatchAdapter:0.023333333333333334
