JSONLexer:0.7208333333333333
JavaBeanDeserializer:0.5055555555555556
WriteAsArray_double_public:0.27
