NearCachedMapProxyImpl:0.44666666666666666
NearCachedClientMapProxy:0.44666666666666666
NearCachedClientCacheProxy:0.36666666666666664
Pre38NearCacheEventHandler:0.27
RepairableNearCacheEventHandler:0.20333333333333334
