ProjectionKey:0.53
CRSFactory:0.36222222222222217
Projection:0.10666666666666667
CylindricalProjection:0.0
ConicProjection:0.0
PlanarProjection:0.0
ProjectedCRS:0.0
