Metadata:0.632
NetcdfMetadata:0.61
Creator:0.4166666666666667
SimpleCitation:0.33666666666666667
MetadataProxyFactoryTest:0.1025
