Database:0.7033333333333334
SQLDBConnection:0.35333333333333333
