ReportProductionPanel:0.14677472
ReportPanel:0.07736676
FreeColProgressBar:0.031962853
