FormTagBase:0.7633333333333333
ActionTag:0.24842063492063493
