MRetention:0.52
X_C_RetentionStatement:0.33666666666666667
MRetentionStatement:0.3333333333333333
MGLBookPeriod:0.31
Doc_RetentionStatement:0.29
