FakeActivity:0.4766666666666667
ViewLoader:0.37
FakeTextView:0.30666666666666664
Directions:0.2833333333333333
