FastStringWriter:0.5433333333333333
StringUtils:0.5233333333333333
ByteUtils:0.38
