AtmosphereFramework:0.35333333333333333
NoOpsRequest:0.31666666666666665
AtmosphereRequest:0.30333333333333334
FrameworkConfig:0.2720555555555556
AtmosphereConfig:0.15333333333333332
ApplicationConfig:0.014285714285714285
