NewMoleculeWizardPage:0.59
NewMoleculeFromSMILESWizardPage:0.5566666666666666
CMLResourceFactory:0.5291666666666667
