AbstractRLBundler:0.7866666666666666
RLBundler:0.5724603174603176
