CaInitCommand:0.44666666666666666
CaInitCommandTest:0.3566666666666667
CaImportCACertCommand:0.2733333333333333
