InstructionFactory:0.7044444444444444
MethodInfo:0.5833333333333334
TSVM:0.30222222222222217
GenericInstructionFactory:0.15333333333333332
SymbolicInstructionFactory:0.1
ConcolicInstructionFactory:0.1
NumericInstructionFactory:0.1
DefaultInstructionFactory:0.07777777777777778
TSInstructionFactory:0.06666666666666667
