GeneBean:0.5322222222222222
Gene:0.46
GeneParsedListener:0.31
GeneSaxHandler:0.16666666666666666
GeneSaxReaderTest:0.12333333333333334
GeneSaxReader:0.11
