R:0.74
Robolectric:0.5366666666666666
ShadowView:0.35333333333333333
ShadowDialog:0.3433333333333333
ShadowActivity:0.29333333333333333
ShadowWrangler:0.24666666666666667
ViewLoaderTest:0.17333333333333334
DialogFragmentTest:0.06666666666666667
ResourceRemapperTest:0.06333333333333334
PagerAdapterTest:0.006666666666666667
