Trans:0.74
CommaOpt:0.47333333333333333
AbstractClassAgent:0.41333333333333333
