Result:0.82
ResultImpl:0.38333333333333336
FetchTests:0.2733333333333333
AbstractDelegatingSelect:0.24
ResultQuery:0.21176190476190476
AbstractResultQuery:0.20333333333333334
