Style:0.7566666666666667
FeatureProperty:0.5933333333333334
PropertyScheme:0.32
