ExceptionUtils:0.7066666666666667
StringUtils:0.49333333333333335
Test:0.22
TestTaskRunner:0.21333333333333335
JobData:0.21
NodeListener:0.19333333333333333
SystemUtils:0.19333333333333333
ServiceFinder:0.18
IPFilter:0.12333333333333334
StreamUtils:0.12333333333333334
DBTask:0.12333333333333334
DBRunner:0.12333333333333334
Runner:0.11333333333333333
SystemInformationAction:0.11333333333333333
FTPRunner:0.10333333333333333
JobRunner:0.09333333333333334
BroadcastJobRunner:0.07
BroadcastTask:0.009166666666666667
