GwtUIHelper:0.5433333333333333
WebKeys:0.48111111111111104
GwtRpcServiceAsync:0.2758333333333333
MainMenuControl:0.25666666666666665
GwtRpcServiceImpl:0.24333333333333335
GwtTeamingMainMenuImageBundle:0.23
ListFolderHelper:0.22666666666666666
GwtActivityStreamHelper:0.22
GwtRpcService:0.194484126984127
LoginFilter:0.18
RequestInfo:0.1608730158730159
WorkspaceTreeHelper:0.14333333333333334
ProfilesBinderHelper:0.11333333333333333
