AuthenticationServiceImpl:0.34777777777777774
TxmI18N:0.31666666666666665
EditionPanel:0.2608333333333333
ActivityLog:0.2591111111111111
ProfileForm:0.17666666666666667
ConcordanceServiceImpl:0.14444444444444446
