QueueProxySupport:0.5866666666666667
QueueAdvancedTest:0.2288333333333333
