FactoMineRCA:0.6066666666666667
TsQueryServiceAsync:0.25666666666666665
TsQueryService:0.17666666666666667
TsQueryResult:0.02
