Keyboard:0.7522222222222222
Mouse:0.6077777777777779
