CommonStatsFlags:0.49666666666666665
CommonStats:0.39
IndicesStatsRequest:0.27666666666666667
IndexStatsIT:0.26666666666666666
ShardStats:0.2633333333333333
NodeIndicesStats:0.22666666666666666
NodesStatsRequest:0.20666666666666667
