SameDiffDense:0.5033333333333333
SameDiffParamInitializer:0.37666666666666665
SameDiffTest:0.23
TestUtils:0.14
Builder:0.1
