Corpus:0.47333333333333333
StructuralUnitProperty:0.3233333333333333
AbstractCqiClient:0.2966666666666667
Partition:0.26666666666666666
Selection:0.2633333333333333
Repartition:0.26
InternalView:0.25
Cooccurrence:0.24333333333333335
CoocMatrix:0.23333333333333334
ParallelContexts:0.22666666666666666
Alignement:0.20666666666666667
QueryIndex:0.20666666666666667
Referencer:0.20666666666666667
Vocabulary:0.205
Concordance:0.20333333333333334
ParaBrowser:0.18
Summary:0.17333333333333334
OpenEdition:0.11333333333333333
PartsSize:0.023333333333333334
