Message:0.063568674
Connection:0.018513083
