METSEventHandler:0.7886111111111112
DatastreamResolverServlet:0.5542777777777778
