InMemoryLookupCache:0.7266666666666667
Word2Vec:0.49666666666666665
FileSentenceIterator:0.18666666666666668
Word2VecLoader:0.15666666666666668
