ByteBuddyTutorialExamplesTest:0.4633333333333333
RebaseDynamicTypeBuilder:0.3333333333333333
RedefinitionDynamicTypeBuilder:0.30666666666666664
SubclassDynamicTypeBuilder:0.17333333333333334
