OptionTransferSelect:0.6866666666666666
OptionTransferSelectTag:0.5166666666666667
OptionTransferSelectTagTest:0.2733333333333333
