CreateTransitionFeature:0.30333333333333334
StyleUtil:0.29
AbstractCreateNodeFeature:0.27
AddNodeFeature:0.25333333333333335
DiagramToolBehaviorProvider:0.25333333333333335
ProcessCache:0.24666666666666667
DiagramEditorPage:0.24333333333333335
AddStateFeature:0.22
DiagramFeatureProvider:0.20666666666666667
NewProcessDefinitionWizard:0.2011111111111111
AddSubProcessFeature:0.2
AddMultiInstanceFeature:0.2
AddTransitionFeature:0.2
JpdlSerializer:0.18333333333333332
AddNodeWithImageFeature:0.12
CreateEndStateFeature:0.11086616161616165
DirectEditNodeNameFeature:0.06166666666666667
MoveNodeFeature:0.03666666666666667
ResizeNodeFeature:0.03
ReconnectSequenceFlowFeature:0.03
OpenSubProcessFeature:0.02666666666666667
UpdateNodeFeature:0.02666666666666667
SaveBpmnModelFeature:0.023333333333333334
MoveTransitionBendpointFeature:0.0033333333333333335
DeleteElementFeature:0.0033333333333333335
GEFConstants:0.0
RemoveTransitionBendpointFeature:0.0
AddTransitionBendpointFeature:0.0
AbstractAddNodeFeature:0.0
