RegistrationApplicationListener:0.5
AdminClientProperties:0.45
AdminClientPropertiesTest:0.23666666666666666
AdminProperties:0.19666666666666666
RegistrationApplicationListenerTest:0.17333333333333334
SpringBootAdminClientAutoConfiguration:0.08666666666666667
