Trigger:0.82
TriggerRouterService:0.34
AbstractTriggerTemplate:0.2733333333333333
TriggerRouterServiceSqlMap:0.22444444444444447
TriggerMapper:0.09666666666666666
