TreeMapTest:0.31333333333333335
AbstractMapTest:0.31
AbstractMultimapTest:0.31
TreeMultimapTest:0.25333333333333335
Builder:0.22333333333333333
HashMultimapTest:0.21666666666666667
LinkedHashMultimapTest:0.21666666666666667
