ComputationGraph:0.8166666666666667
TestComputationGraphNetwork:0.37666666666666665
StackVertex:0.3466666666666667
TestGraphNodes:0.12666666666666668
