UserDataVOWS:0.3566666666666667
ExtendedInformationWS:0.3466666666666667
ExtendedInformation:0.32
ObjectFactory:0.30666666666666664
EjbcaWSHelper:0.2733333333333333
