Laboratory:0.9066666666666666
ExplorerRover:0.41
StudyRockSamples:0.25333333333333335
