BsonInput:0.8266666666666667
Mark:0.5811111111111111
ByteBufferBsonInput:0.41
