IndexResponse:0.4166666666666667
DeletePipelineTransportAction:0.3
PutPipelineTransportAction:0.3
DeleteResponse:0.29333333333333333
RestIndexAction:0.13333333333333333
RestDeleteAction:0.13333333333333333
PutPipelineAction:0.13166666666666665
Fields:0.08166666666666667
PutPipelineRequestBuilder:0.07100000000000001
DeletePipelineAction:0.06666666666666667
IngestClientIT:0.043333333333333335
RestPutPipelineAction:0.026944444444444448
RestDeletePipelineAction:0.021666666666666667
DeletePipelineRequestBuilder:0.016666666666666666
