AABBNearFarAnalyzer:0.43666666666666665
NearFarAnalyzer:0.365
BoundingSphereDirectionalAnalyzer:0.17666666666666667
DirectionalAnalyzer:0.16666666666666666
