FlowResponseStateManager:0.47333333333333333
JsfViewTests:0.36
RequestLoggingPhaseListener:0.08666666666666667
FlowActionListener:0.056666666666666664
