FakeClock:0.5866666666666667
ServerImplTest:0.5866666666666667
FakeClockTest:0.3333333333333333
