PayloadRootAnnotationMethodEndpointMappingTest:0.37666666666666665
PayloadRootEndpoint:0.2833333333333333
LogAspect:0.23
