SessionView:0.6366666666666667
PEView:0.476563492063492
Tester:0.39666666666666667
SessionViewImp:0.29
TestHostAsDriverInvitesBelatedly:0.22333333333333333
PEViewImp:0.22333333333333333
TestSVNStateInitialization:0.22333333333333333
TestSVNStateUpdates:0.19333333333333333
TestFileOperations:0.14333333333333334
TestSessionViewComponent:0.10666666666666667
