DrupalXmlRpcService:0.4633333333333333
ServerImpl:0.44333333333333336
DrupalCrawlerHandler:0.37666666666666665
DrupalCrawlerUploadExample:0.11333333333333333
