Http2ServerResponseImpl:0.6366666666666667
Http2ServerRequestImpl:0.5166666666666667
VertxHttp2Handler:0.24666666666666667
Http2Test:0.18666666666666668
