ItemOrientedStepTests:0.36333333333333334
TaskletStep:0.32
ItemOrientedStep:0.31666666666666665
StubStep:0.28
TaskletStepTests:0.23666666666666666
AbstractStep:0.23
FatalException:0.036388888888888894
