ParquetDataSource:0.8557539682539683
ParquetPageSource:0.5533333333333333
HdfsParquetDataSource:0.37333333333333335
