Lwjgl3Window:0.59
Lwjgl3Application:0.5033333333333333
Lwjgl3WindowAdapter:0.2678730158730158
Lwjgl3WindowListener:0.2678730158730158
Lwjgl3DebugStarter:0.21666666666666667
MainWindow:0.20666666666666667
