CausedIOException:0.5233333333333333
TransferDescription:0.37666666666666665
XMPPChatTransmitter:0.3572222222222222
