OpenYubiKeyAccountRegistry:0.32666666666666666
CasEmbeddedContainerTomcatConfiguration:0.31333333333333335
YubiKeyAuthenticationEventExecutionPlanConfiguration:0.31
YubiKeyAuthenticationHandler:0.26666666666666666
ClusterMemberDesc:0.05333333333333334
CasServerProperties:0.013333333333333334
