AntFarm:0.69
TargetRunner:0.3
AntFarmPlugin:0.26
AntFarmShell:0.18
AntFarmOptionPane:0.17
ProjectNode:0.16333333333333333
AntPrintStream:0.16
TargetNode:0.14
AntFarmLogger:0.05333333333333334
