GenesWithHits:0.49
SampleData:0.4666666666666667
GeneIdToName:0.31
AllJUnitTests:0.21666666666666667
GenesWithHitsTest:0.043333333333333335
GeneIdToNameTest:0.03833333333333333
UnannotatedLociTest:0.03
