SpringXmlConfigBuilder:0.5166666666666667
TestBeansApplicationContext:0.28
SpringXmlBuilder:0.25666666666666665
SpringXmlBuilderHelper:0.23
