XmlConfigBuilder:0.6133333333333333
XmlClientConfigBuilder:0.6066666666666667
InvalidConfigurationClientTest:0.3466666666666667
