Portal:0.606388888888889
Session:0.5066666666666667
PostgresITest:0.26
RowCountReceiver:0.24666666666666667
AbstractPortal:0.12333333333333334
