Res:0.4
HostAddress:0.39
MouseHandler:0.28
SearchTab:0.26666666666666666
SearchFilterContainer:0.22777777777777777
NetworkTab:0.19583333333333333
MonitorTab:0.18416666666666667
RemotelyQueuedException:0.11333333333333333
SubmitSearchHandler:0.011666666666666667
