TLD2Forest:0.6566666666666666
MakumbaTLDGenerator:0.5066666666666667
