Datastream:0.6225
DigitalObject:0.6133333333333333
BasicDigitalObject:0.5966666666666667
