Utils:0.36666666666666664
LocalAttributeMetadataImpl:0.29
ClassManagerTopComponent:0.2833333333333333
LocalObjectImpl:0.21333333333333335
ObjectNode:0.19555555555555554
ClassManagerService:0.19
