SampleView:0.5988888888888888
HsqldbUtil:0.4066666666666667
Activator:0.3466666666666667
