ShelfDashboardLayout:0.37333333333333335
SimpleIconGenerator:0.36333333333333334
RelationshipsDashboardWidget:0.35
SpecialChildrenDashboardWidget:0.35
NavigationTreeExplorerDashboardWidget:0.17333333333333334
NavigationTreeDashboard:0.16333333333333333
DynamicTree:0.14033333333333334
InventoryObjectTreeData:0.03333333333333333
ObjectViewsDashboardWidget:0.0
