Array:0.4866666666666667
Slider:0.37
Json:0.3233333333333333
ArrayMap:0.2966666666666667
Music:0.29503968253968255
JglfwGraphics:0.26666666666666666
IOSMusic:0.24666666666666667
Renderer:0.24666666666666667
GwtMusic:0.24666666666666667
ScrollPane:0.23861111111111113
TmxMapLoader:0.2327777777777778
Matrix4:0.22666666666666666
AndroidMusic:0.22
JsonWriter:0.22
NumberUtils:0.19666666666666666
ArrayIterator:0.15944444444444442
ParticleBox2D:0.11333333333333333
Entries:0.04611111111111111
Values:0.03333333333333333
Keys:0.03333333333333333
