TestsView:0.39
SubStructureMatch:0.36333333333333334
SignSIcRunner:0.31
SmartsMatchingTestMatch:0.29833333333333334
SmartsMatchingTest:0.15666666666666668
SubStructureMatchPropertySource:0.15666666666666668
SmartsInclusiveExclusiveTest:0.15
TestSignSIc:0.14
