LineElement:0.5133333333333333
OvalElement:0.47
RingElement:0.4266666666666667
HighlightGenerator:0.09333333333333334
