Case:0.63
Condition:0.58
CMSFormProcessor:0.36333333333333334
CMSFormProcessorConfiguration:0.25333333333333335
TestTask:0.16333333333333333
