ArrayToCollection:0.5033333333333333
GenericConversionService:0.41333333333333333
ObjectToArray:0.36
DefaultConversionServiceTests:0.3
ConversionService:0.11051190476190476
