InstallerDb:0.5033333333333333
Column:0.37
InstallerDbTest:0.16666666666666666
ColumnTest:0.02
