XDSIService:0.44333333333333336
XDSService:0.30333333333333334
XDSQueryService:0.26666666666666666
