WebCfgService:0.6688888888888889
WebCfgDelegate:0.5233333333333333
StudyPermissionHelper:0.3433333333333333
