WalkingStepsTest:0.30666666666666664
BuildingAirlock:0.29333333333333333
EVA:0.2833333333333333
BuildingConfig:0.25333333333333335
VehicleConfig:0.25
Rover:0.24666666666666667
VehicleDescription:0.14666666666666667
VehicleAirlock:0.14666666666666667
