PixmapPacker:0.6033333333333334
Page:0.3244444444444444
FreeTypeFontGenerator:0.2966666666666667
FreeTypeBitmapFontData:0.19777777777777777
PixmapPackerTest:0.19333333333333333
FreeTypePackTest:0.14666666666666667
