Range:0.6633333333333333
ImplicitVolume:0.3433333333333333
Supershape:0.31
