OpticalAmplifier:0.894626984126984
DWDMBoard:0.894626984126984
