MakumbaTag:0.5866666666666667
charViewer:0.5266666666666666
FieldViewer:0.35
