SessionFactoryImplementor:0.6902777777777778
SessionFactoryImpl:0.46
EntityEntry:0.37833333333333335
AvailableSettings:0.016666666666666666
