AbstractJPPFClassLoader:0.38
JobSLA:0.3000833333333333
AbstractNodeIO:0.2733333333333333
AbstractJPPFClassLoaderLifeCycle:0.25666666666666665
JPPFNode:0.23333333333333334
JPPFJobSLA:0.20666666666666667
RemoteNodeIO:0.2
LocalNodeIO:0.18666666666666668
TestJPPFJobSLA3:0.043333333333333335
