BeanSelectionProvider:0.6166666666666667
StrutsConstants:0.5405555555555556
MethodConfigurationProviderTest:0.48333333333333334
