MsgHeader:0.64
MsgQueryResponse:0.2966666666666667
MsgPong:0.25666666666666665
MsgPushRequest:0.235
MsgPing:0.21722222222222223
MsgQuery:0.20833333333333334
MessageProcessor:0.15
RouteTableUpdateMsg:0.11666666666666667
