FlatFileItemWriter:0.5466666666666666
FlatFileItemWriterTests:0.4533333333333333
RecursiveCollectionItemTransformer:0.12333333333333334
LineAggregatorItemTransformerTests:0.07
LineAggregatorItemTransformer:0.0
