ShardOrganizerUtil:0.6394444444444445
TestShardOrganizerUtil:0.2863095238095238
