DatabaseHandler:0.5033333333333333
ApplicationContext:0.30333333333333334
ImportOnUpgradeDelegate:0.27
ApplicationFacade:0.23
UpgradeDataBase:0.22333333333333333
ImportingProgress:0.18444444444444444
ConfirmUpgrade:0.12
FileURLModel:0.028333333333333332
