WindowsDisplay:0.6333333333333333
MouseTest:0.3333333333333333
Rect:0.28
