AndroidResourcePathFinder:0.6166666666666667
RobolectricContext:0.4522222222222223
DocumentLoader:0.2916666666666667
