MultiLayerNetwork:0.7933333333333333
MultiLayerTestRNN:0.29333333333333333
TestVariableLengthTS:0.06
