Request:0.7033333333333334
ObjectKeys:0.59
DefaultTemplateCoreProcessor:0.3641111111111111
IndexSynchronizationManager:0.3
AbstractEntryProcessor:0.2966666666666667
AbstractBinderProcessor:0.24666666666666667
DefinitionModuleImpl:0.23
DefaultProfileCoreProcessor:0.21666666666666667
AbstractFolderCoreProcessor:0.18333333333333332
