HandshakedataImpl1:0.37
Handshakedata:0.24666666666666667
HandshakeBuilder:0.24666666666666667
