EnsJAdapter:0.42
GAMEAdapter:0.31666666666666665
TierPopupMenu:0.2966666666666667
GeneEditPanel:0.29333333333333333
GAMESave:0.27444444444444444
AbstractSequence:0.2658333333333333
FeatureEditorDialog:0.2633333333333333
StrandedFeatureSet:0.26
SetDetailPanel:0.2569444444444445
TranscriptEditPanel:0.25083333333333335
GenomicRange:0.22666666666666666
AnnotationEnsJAdapter:0.22
DisplayPrefsI:0.19031746031746033
AnnotationEnsJAdapterGUI:0.18666666666666668
FlyDisplayPrefs:0.17666666666666667
EvidencePanel:0.14333333333333334
DefaultDisplayPrefs:0.11
