BinderModule:0.73
TeamMembers:0.5266666666666666
WebKeys:0.5040555555555557
BinderHelper:0.23
SendEntryMailController:0.2
SendMailController:0.2
MeetingController:0.18666666666666668
