Analyzer:0.4033333333333333
ConfigUtil:0.3433333333333333
DefaultClassifier:0.33
Signature:0.28
DirObjectSource:0.20666666666666667
Constants:0.10838095238095237
Messages:0.1
RecursiveFileIterator:0.08666666666666667
