HttpClient:0.5133333333333333
ServerUtility:0.47333333333333333
ServerController:0.3233333333333333
ProtocolPort:0.31
Rebuild:0.26666666666666666
DatastreamReferencedContent:0.26405555555555554
AxisUtility:0.17222222222222225
BasicServer:0.14
DefaultExternalContentManager:0.13555555555555557
