Artifact:0.48333333333333334
VariableFormatRegistry:0.35
BotTaskEditor:0.285
BotTaskParamDefWizardPage:0.26666666666666666
RenameBotDialog:0.235
RenameBotTaskDialog:0.235
