DeadlockRunner:0.56
JobStreamImpl:0.4766666666666667
DeadlockingTask:0.16333333333333333
RunOptions:0.11055555555555555
