DataStructures:0.41333333333333333
Stack:0.3566666666666667
Queue:0.34
LinkedStack:0.20333333333333334
LinkedQueue:0.16
ArrayQueue:0.07666666666666666
ArrayStack:0.07666666666666666
