WanReplicationRef:0.48
XmlConfigBuilder:0.41333333333333333
TestFullApplicationContext:0.30333333333333334
XMLConfigBuilderTest:0.25333333333333335
ConfigXmlGenerator:0.21666666666666667
CacheConfigTest:0.13666666666666666
WanReplicationRefReadOnly:0.07333333333333333
