Recorder:0.4766666666666667
ScriptEditor:0.4472222222222222
Strings:0.014071428571428572
