QL:0.6733333333333333
Bootstrap:0.47333333333333333
PiecewiseYieldCurve:0.2733333333333333
FDEngineAdapter:0.26
InterpolatedDiscountCurve:0.22333333333333333
PenaltyFunction:0.21
LocalBootstrap:0.21
FixedRateBondHelper:0.19666666666666666
BinomialConvertibleEngine:0.16333333333333333
IterativeBootstrap:0.16
Bonds:0.11333333333333333
FloatingLeg:0.07833333333333334
