ReferenceInfos:0.6466666666666666
SysShardsExpressionsTest:0.43
TestGlobalSysExpressions:0.2866666666666667
IndexWriterProjectorTest:0.16666666666666666
