ParticleEditor:0.36666666666666664
LwjglCanvas:0.36333333333333334
Renderer:0.33666666666666667
Hiero:0.21833333333333332
LwjglApplication:0.20166666666666666
CountPanel:0.17777777777777778
LwjglFiles:0.13666666666666666
