ICDKManager:0.6466666666666666
CDKReaction:0.5463888888888888
AbstractCDKManagerPluginTest:0.48
