NewFileFromURLWizard:0.4633333333333333
FetchURLContentJob:0.38
DoneListener:0.31
IFetchURLContentDoneListener:0.15694444444444444
