GateFormatXmlDocumentHandler:0.3466666666666667
TestAnnotation:0.34
DocumentFormat:0.3
TestAnnotationDiff:0.3
AnnotationImpl:0.29
TestGate:0.17111111111111113
