Robolectric:0.5666666666666667
ShadowIntent:0.39666666666666667
ShadowBundle:0.39
IntentTest:0.3433333333333333
