ShadowAlarmManager:0.5566666666666666
ShadowUserManager:0.28
ShadowNotificationManager:0.23666666666666666
ShadowNotificationManagerTest:0.22
ShadowAlarmManagerTest:0.20666666666666667
ShadowFilter:0.10333333333333333
ShadowFilterTest:0.07333333333333333
ShadowUserManagerTest:0.03333333333333333
