BlockCursor:0.6866666666666666
RandomAccessBlock:0.6333333333333333
DictionaryEncodedBlock:0.4633333333333333
DictionaryEncodedBlockCursor:0.35333333333333333
BlockBuilder:0.3333333333333333
DictionaryBlockEncoding:0.30666666666666664
PoissonizedBlockCursor:0.24666666666666667
RunLengthEncodedBlockCursor:0.23
VariableWidthBlockCursor:0.21333333333333335
FixedWidthBlockCursor:0.2
BlockCursorAssertions:0.19666666666666666
BlockAssertions:0.18333333333333332
RunLengthEncodedBlock:0.18333333333333332
FixedWidthBlock:0.16666666666666666
AbstractTestBlockCursor:0.14
VariableWidthRandomAccessBlock:0.13333333333333333
TestDictionaryEncodedBlockCursorWithNulls:0.10666666666666667
TestDictionaryEncodedBlockCursor:0.10666666666666667
DictionaryEncoder:0.10333333333333333
HashStrategyUtils:0.0
