AbstractClientEngine:0.44666666666666666
EditorMenuFactory:0.37
StatefullAPIImpl:0.3566666666666667
EditorLayerWrapper:0.26
