Line:0.49333333333333335
Concordance:0.47333333333333333
Reference:0.25
