CodeGenerator:0.538888888888889
ErrorFormatter:0.5233333333333333
ErrorControllerHandler:0.3233333333333333
DataPointerValueConverter:0.15
