AgentConfig:0.5727777777777777
ZooKeeperAgentModel:0.5233333333333333
