Lucene:0.53
LateParsingQuery:0.2816666666666667
InnerHitsContext:0.22333333333333333
Atomic:0.21
ProfileWeight:0.199
GlobalOrdinalsIndexFieldData:0.19333333333333333
DummyQuery:0.14666666666666667
