SnmpPeerFactory:0.5733333333333334
SnmpUtilsTest:0.30333333333333334
SnmpUtils:0.29333333333333333
IfSnmpCollector:0.21666666666666667
SnmpCollector:0.21361111111111114
SnmpIfCollectorTest:0.2061111111111111
SnmpNodeCollectorTest:0.16194444444444445
