IndexShardRoutingTable:0.8233333333333334
OperationRouting:0.52
ElasticsearchAllocationTestCase:0.2833333333333333
RoutingIteratorTests:0.07666666666666666
