XJBSharedFile:0.49805555555555564
XJBSharedFileImpl:0.3566666666666667
XJBSearchFilterImpl:0.27666666666666667
Unmarshaller:0.254
XJBGUITableListImpl:0.25
