Solution:0.6466666666666666
EquationSystem:0.52
TestShapeGenerator:0.3572222222222222
TestMaterialisation:0.25333333333333335
