IOSApplication:0.5233333333333333
GdxSetup:0.4666666666666667
FilesTest:0.19
GlyphPage:0.18
