AsyncHttpClientConfig:0.77
Builder:0.36
DefaultAsyncHttpClientConfig:0.3466666666666667
AsyncHttpClientConfigDefaults:0.25333333333333335
ChannelManager:0.24111111111111114
