StorableAnnotationBeanImpl:0.5555555555555556
AnnotationBeanTest:0.13599999999999998
