DataManager:0.8033333333333333
InstrumentAndValidateResult:0.13666666666666666
GetValidationErrors:0.03
