ServerConfiguration:0.59
ClientConfigurationParser:0.44333333333333336
ARINCLabel:0.41
ServerWidget:0.33666666666666667
PainterUtils:0.31
ARINCGPArcEllipse:0.30666666666666664
AbstractClientEngine:0.2633333333333333
ARINCGPTriangle:0.26
ARINCSettings:0.2280555555555555
LayerTreeEditor:0.21
ARINCGPArcCircle:0.20333333333333334
ARINCGPCrown:0.20333333333333334
AbstractServerEngine:0.2
AbstractServerWidget:0.18333333333333332
ServerConfigurationParser:0.18
WidgetListener:0.17333333333333334
ARINCGPRectangle:0.17
ARINCMaskContainer:0.02666666666666667
