GdxSetup:0.6733333333333333
AndroidInput:0.5833333333333334
GdxSetupUI:0.3233333333333333
