UIData:0.42333333333333334
TaskListing:0.3333333333333333
TreeDisplayVertical:0.25
ProcessActiveWidgets:0.2188888888888889
GwtTeamingDataTableImageBundle:0.2
GwtTeamingWorkspaceTreeImageBundle:0.19416666666666665
GwtTeamingTaskListingImageBundle:0.19416666666666665
