PyInteger:0.5733333333333334
PyLong:0.5466666666666666
OperatorFunctions:0.2738888888888889
operator:0.06666666666666667
