NewSearchSourceBuilder:0.5933333333333334
FetchSourceContext:0.3933333333333333
ScriptField:0.24333333333333335
HighlightBuilder:0.19666666666666666
InnerHitsBuilder:0.10666666666666667
