DefaultJSONParser:0.5466666666666666
JSON:0.5433333333333333
TestExternal3:0.19666666666666666
