DataSet:0.72
Job:0.4066666666666667
WorkerActor:0.27666666666666667
MasterActor:0.15333333333333332
TestMnistRender:0.11333333333333333
ResetMessage:0.08333333333333333
