HashSemiJoinOperator:0.49666666666666665
PagesIndex:0.49333333333333335
TestHashSemiJoinOperator:0.3433333333333333
HashSemiJoinOperatorFactory:0.2866666666666667
