Realm:0.8466666666666667
AuthenticatorUtils:0.4
ProxyServer:0.3433333333333333
