HpackDraft05Test:0.4266666666666667
HeaderEntry:0.39666666666666667
Reader:0.26
HpackDraft05:0.12666666666666668
