OracleDataStore:0.5072222222222222
JDBCDataStore:0.36333333333333334
PostgresDataStore:0.30333333333333334
