TupleInfo:0.5666666666666667
StorageManager:0.56
DatabaseStorageManager:0.37
TestQueries:0.25333333333333335
ExecutionPlanner:0.23
BlockUtils:0.17
StaticQueryManager:0.09666666666666666
LocalQueryCommand:0.09066666666666666
ServerMainModule:0.09
AbstractSqlBenchmark:0.08
PartialSumQuery:0.03666666666666667
ImportTableQuery:0.03333333333333333
RecordProjections:0.03333333333333333
ImportDelimited:0.03
