TestApollo:0.71
FeatureTierManager:0.2833333333333333
GuiCurationState:0.25333333333333335
