EjbcaWSTest:0.43333333333333335
EjbcaWSHelper:0.41
SignSessionBean:0.37666666666666665
CaSessionBean:0.26666666666666666
