EditorManager:0.8833333333333333
EditorPool:0.3933333333333333
