ApplicationEntityManagerImpl:0.51
WebserviceBeanRemote:0.36333333333333334
ApplicationEntityManager:0.30833333333333335
Util:0.26666666666666666
KuwaibaService:0.23666666666666666
WebserviceBean:0.22666666666666666
