SimpleMapTest:0.456
SimpleReplicatedMapTest:0.456
TheNode:0.3566666666666667
PluggableMemoryInfoAccessorTest:0.2572222222222222
MapListenerTest:0.18666666666666668
