ResourceTree:0.33666666666666667
RuleJTree:0.2966666666666667
TypeNode:0.2825
Groove:0.27
LabelTree:0.26166666666666666
GraphJGraph:0.2596666666666667
DefaultFileSystemStore:0.24416666666666667
ControlModel:0.24
ResourceModel:0.22666666666666666
RuleModel:0.20733333333333334
FolderTree:0.18666666666666668
SortingTreeNode:0.17
CompositeControlModel:0.14333333333333334
