SlowOperationLog:0.47
InternalOperationService:0.29866666666666664
Invocation:0.25666666666666665
SlowOperationDetectorAbstractTest:0.24666666666666667
OperationServiceImpl:0.24333333333333335
LocalOperationStatsImpl:0.24
SlowOperationDetector:0.19333333333333333
DetectorThread:0.18333333333333332
SlowOperationDetector_JsonTest:0.15333333333333332
SlowOperationDetectorBasicTest:0.14666666666666667
SlowOperationDetector_purgeTest:0.043333333333333335
