SitemapNode:0.62
ViewEditor:0.26
SaveSitemapNodeRequestBean:0.25
SitemapNodeCopier:0.22333333333333333
SaveRequest:0.22166666666666668
SitemapNodeJSONWrapper:0.21833333333333332
SitemapEditor:0.20666666666666667
SitemapNodeEditor:0.19333333333333333
SitemapNodeEditorController:0.18666666666666668
StylesAndThemes:0.17333333333333334
SearchSite:0.16666666666666666
MenuResult:0.15333333333333332
SitemapNodeEditorControllerResult:0.14
SitemapNodeSectionTagFilterFactory:0.14
ViewEditorCommandURLGenerator:0.12
SitemapNodeSectionTagFilter:0.1
MoveSitemapNodeRequestBean:0.09666666666666666
UpdateSitemapNodesController:0.08666666666666667
LoadStylesAndThemesRequestBean:0.02
