TestCaseWithInheritanceTests:0.30666666666666664
JUnit4TestEngineExecutionTests:0.27666666666666667
ParameterResolverTests:0.25333333333333335
DisabledTests:0.2
ExceptionHandlingTests:0.2
StandardTestClassTests:0.17666666666666667
AbstractJUnit5TestEngineTests:0.14333333333333334
NestedTestClassesTests:0.14333333333333334
InstancePostProcessorTests:0.09333333333333334
ClassLevelCallbackTests:0.09333333333333334
MethodLevelCallbackTests:0.09333333333333334
