ExtractorRegistryImpl:0.7433333333333333
ExtractorParser:0.26277777777777783
