OptimisticLockException:0.7366666666666667
PartnerBackingBean:0.24666666666666667
ProfileBackingBean:0.24666666666666667
NavigatingBackingBean:0.24666666666666667
GenericDaoHibernateImpl:0.21666666666666667
FreelancerBackingBean:0.20333333333333334
ProfileSearchServiceImpl:0.19666666666666666
PersonEditorBackingBean:0.18
DAO:0.15388888888888888
MessageConstants:0.0
