Receiver:0.6666666666666666
ReceiverTest:0.31666666666666665
