PhysicalCondition:0.6666666666666666
HealthProblem:0.49666666666666665
TabPanelActivity:0.26166666666666666
WalkMeta:0.19
