RdtUiPlugin:0.39666666666666667
RubyEditor:0.35
ExternalRubyFileEditorInput:0.2866666666666667
RubySourceLocator:0.2825
ManageBreakpointRulerActionDelegate:0.08666666666666667
RubyAbstractEditor:0.02
SourceElement:0.016666666666666666
ExternalFileRubyAnnotationModel:0.01
ExternalRubyDocumentProvider:0.006666666666666667
TC_RubySourceLocator:0.006666666666666667
ExternalRubyEditor:0.0
