Setup:0.6022222222222222
Visitor:0.49190476190476196
GlobalAggregateConsumer:0.29333333333333333
