IdGeneratorProxy:0.51
XmlConfigBuilder:0.4633333333333333
DefaultProxyFactory:0.41333333333333333
TransactionFactory:0.1
Prefix:0.08666666666666667
