ManagedChannel:0.5472222222222223
InternalSubchannel:0.44333333333333336
ManagedChannelImplTest:0.27666666666666667
ManagedChannelImpl:0.22
InternalSubchannelTest:0.12333333333333334
IdleModeTimer:0.09
