BooleanExpression:0.52
CodeGenerator:0.15694444444444444
bop:0.13166666666666665
FunctionTable:0.09666666666666666
