GTS:0.86
Generator:0.3566666666666667
ExplorationTest:0.2966666666666667
ExportAction:0.16666666666666666
