STS:0.9666666666666667
SymbolicStrategy:0.19666666666666666
