ElementCertificate:0.4431269841269841
PreMatch:0.3927777777777778
IsoChecker:0.3433333333333333
CertificateStrategy:0.3
ShapeIsoChecker:0.24666666666666667
Certificate:0.23666666666666666
MyCert:0.23333333333333334
MyEdge1Cert:0.20865079365079361
MyEdge2Cert:0.19333333333333333
MyNodeCert:0.18
PartitionMap:0.18
StateSet:0.09666666666666666
