StyleFactory:0.45
SLDFactory:0.4033333333333333
FilterFactory2:0.4033333333333333
