AbstractArrayBlock:0.5633333333333334
AbstractRowBlock:0.5633333333333334
AbstractMapBlock:0.5633333333333334
