Util:0.63
X3DParser:0.4866666666666667
ExternProtoDeclareImport:0.37666666666666665
ImageTextureImport:0.16399999999999998
