SimpleStep:0.62
SimpleStepExecutor:0.48333333333333334
StubStep:0.2633333333333333
SimpleStepExecutorTests:0.23333333333333334
AbstractStep:0.23
SimpleStepConfigurationTests:0.20666666666666667
RepeatOperationsStep:0.1
