Query:0.5333333333333333
HsqldbDatabase:0.26111111111111107
HsqldbTableManager:0.09799999999999999
