XmlConfigBuilder:0.4866666666666667
ManagementCenterConfig:0.47333333333333333
XMLConfigBuilderTest:0.42333333333333334
GroupProperties:0.13666666666666666
