TypeExtractor:0.545
AbstractTypeDescriptionGenericVariableDefiningTest:0.35333333333333333
LazyLowerBoundWildcard:0.19666666666666666
ByteBuddyTest:0.15666666666666668
Foo:0.0961111111111111
