Util:0.7055555555555555
ModuleAdapterProcessor:0.36666666666666664
ModuleAdapterGenerationTest:0.3255555555555556
InjectAdapterGenerationTest:0.17333333333333334
