RecoveryTarget:0.38666666666666666
InternalEngine:0.36333333333333334
RelocationIT:0.23333333333333334
RecoveryFinalizeRecoveryRequest:0.22333333333333333
RecoveryTargetHandler:0.21661111111111112
GlobalCheckpointService:0.2
InternalEngineTests:0.2
FinalizeRecoveryRequestHandler:0.12
RemoteRecoveryTargetHandler:0.09666666666666666
BlockingTarget:0.08333333333333333
