Notification:0.46
AmazonS3Client:0.44333333333333336
NotificationMarshaller:0.1373333333333333
NotificationJsonUnmarshaller:0.10777777777777776
