Person:0.6644444444444445
MissionManager:0.37666666666666665
TaskManager:0.3333333333333333
