ComposedQuery:0.5627777777777778
AbstractQueryRunner:0.33666666666666667
