LoginHelper:0.5066666666666667
TasksChecker:0.32666666666666666
LoginDialog:0.30133333333333334
TaskChecker:0.23333333333333334
KerberosAuthenticator:0.18666666666666668
SSPIKerberosAuthenticator:0.18666666666666668
UserInputAuthenticator:0.11666666666666667
