Attempt:0.6733333333333333
ThreadPool:0.3433333333333333
SwitchAttempt:0.31777777777777777
OrTerm:0.31666666666666665
TemplateBuilder:0.31
