ProxyDelegatingHandler:0.57
MetaShadow:0.3094867724867724
TestShadowView:0.2188888888888889
InvocationPlan:0.17444444444444443
ProxyDelegatingHandlerTest:0.15666666666666668
AbstractRobolectricTestRunner:0.14
TestShadowViewParent:0.1
