Store:0.56
DistributorDirectory:0.47
RecoveryStatus:0.2733333333333333
StoreDirectory:0.21611111111111114
StoreTest:0.19
DistributorLockFactoryWrapper:0.18666666666666668
DistributorDirectoryTest:0.12333333333333334
RestoreContext:0.11666666666666667
