FinalizePromotionOperation:0.5366666666666666
PromotionCommitOperation:0.49833333333333335
BeforePromotionOperation:0.36666666666666664
BeforePromotionTask:0.31
