EchoEntry:0.6566666666666666
EchoConstants:0.25594227994228
