AzureStorageServiceMock:0.6683333333333333
AzureBlobContainer:0.5088888888888888
AzureBlobStoreContainerTests:0.18666666666666668
