QueueStoreConfig:0.5633333333333334
ItemListenerConfig:0.41333333333333333
QueueConfigReadOnly:0.27666666666666667
