Preferences:0.6033333333333334
Messages:0.51
ITimeEdit:0.4083333333333333
IDateEdit:0.4083333333333333
WidgetFactory:0.35
DateEdit:0.29333333333333333
TimeEdit:0.29333333333333333
SpooledFileBaseFilterStringEditPane:0.2833333333333333
IWidgetFactory:0.2773333333333333
ISphereSpooledFiles:0.16666666666666666
ColorHelper:0.11
WidgetFactoryContributionsHandler:0.07
WidgetHelper:0.04
FontHelper:0.03
