Size:0.5566666666666666
UnboxingResponsible:0.20333333333333334
VoidAwareAssignerTest:0.18
PrimitiveTypeAwareAssigner:0.18
DefaultValueTest:0.18
ReferenceTypeAwareAssignerTest:0.18
MethodReturnTest:0.18
WideningAssignment:0.15333333333333332
Appender:0.12666666666666668
MethodArgumentTest:0.05
MethodArgumentShortcutTest:0.05
