ExtensionContext:0.7622222222222222
ExecutionEventRecorder:0.33
ExecutionEvent:0.31333333333333335
MyReportingTestCase:0.25333333333333335
TestExecutionListener:0.21661111111111112
ExtensionContextTests:0.2
EngineExecutionListener:0.18722222222222223
AbstractExtensionContext:0.16333333333333333
ExecutionListenerAdapter:0.14666666666666667
TestReporter:0.1162777777777778
