MapService:0.565
RecordFactory:0.36642857142857144
OffHeapRecordFactory:0.16666666666666666
DataRecordFactory:0.16666666666666666
AlterOperation:0.14333333333333334
AlterAndGetOperation:0.14333333333333334
GetAndAlterOperation:0.14333333333333334
AbstractAlterOperation:0.12
ObjectRecordFactory:0.12
