TestPrestoDriverAuth:0.4066666666666667
JsonWebTokenConfig:0.21666666666666667
JsonWebTokenAuthenticator:0.21333333333333335
TestJsonWebTokenConfig:0.13333333333333333
LoadedKey:0.06333333333333334
DynamicKeyLoader:0.04666666666666667
StaticKeyLoader:0.03666666666666667
