LongVarianceAggregation:0.5733333333333334
DoubleVarianceAggregation:0.5183333333333333
DoubleStdDevAggregation:0.26
LongStdDevAggregation:0.25
