NBrowseApplet:0.7133333333333334
CommandLine:0.5566666666666666
