DefaultSerializer:0.4766666666666667
FedoraObjectResource:0.44333333333333336
DatastreamResource:0.37333333333333335
RestUtil:0.21666666666666667
BaseRestResource:0.14333333333333334
RestParam:0.07333333333333333
