Workstation:0.4866666666666667
Hash:0.4
DeprecatedMethods:0.31
WorkstationWindow:0.2833333333333333
BackupAlg:0.25666666666666665
GraphicData:0.24333333333333335
Graph2DViewCreateRequestMsg:0.22
GlobalViewWindow:0.20333333333333334
MainPanel:0.18
StatisticManager:0.18
ScriptOpenAction:0.17
ScriptSaveAction:0.16666666666666666
CodeData:0.16333333333333333
InstanceWindow:0.16333333333333333
RuleBaseAction:0.16
LogWindow:0.13333333333333333
Perspective:0.06333333333333334
