SysSchemaInfo:0.6461507936507936
InformationSchemaInfo:0.6461507936507936
ReferenceInfos:0.43333333333333335
DocSchemaInfo:0.3433333333333333
BlobSchemaInfo:0.11777777777777776
