EditorComponenttImp:0.6066666666666667
STFTest:0.5166666666666667
TestEditorComponent:0.23666666666666666
