IMap:0.5927777777777778
MapService:0.38
MapContainer:0.2833333333333333
RemoveInterceptorOperation:0.24666666666666667
DataMapProxy:0.20666666666666667
ObjectMapProxy:0.18666666666666668
RemoveInterceptorOperationFactory:0.17333333333333334
MapRemoveInterceptorRequest:0.16666666666666666
InterceptorTest:0.12
MapProxySupport:0.10666666666666667
MapRemoveInterceptorHandler:0.08333333333333333
