BinderService:0.5561111111111111
TeamingServiceEndpoint:0.4533333333333333
TeamingServiceClientWithCall:0.38
BinderServiceImpl:0.22333333333333333
