HiveMetadata:0.4766666666666667
AbstractTestHiveClient:0.38333333333333336
HiveOutputTableHandle:0.2833333333333333
HiveClientModule:0.22
AbstractTestHiveClientS3:0.21
