HystrixBuilderTest:0.43666666666666665
GitHub:0.28272619047619046
HystrixInvocationHandler:0.25333333333333335
Factory:0.23
Builder:0.21666666666666667
