KernelSeCommonTestSuite:0.41333333333333333
KernelSeVisitorTestSuite:0.3616666666666667
KernelSeTestSuite:0.2633333333333333
