PreparingDessert:0.7988888888888889
PrepareDessert:0.33666666666666667
