AggregationUtil:0.19333333333333333
AverageAggregation:0.12666666666666668
SumAggregation:0.12666666666666668
CountAggregation:0.12666666666666668
AggregationFunction:0.09
