Default:0.47333333333333333
MethodHandleConstant:0.35333333333333333
Invocation:0.32666666666666666
ForInlining:0.29333333333333333
MethodHandleConstantTest:0.2866666666666667
TypeWriterDefaultTest:0.24
DynamicInvocation:0.22333333333333333
RenamingWrapper:0.15333333333333332
MethodInvocationDynamicTest:0.14
MethodInvocationGenericTest:0.14
