NettyAsyncHttpProvider:0.7266666666666667
Builder:0.22666666666666666
AsyncHttpUrlConnection:0.15666666666666668
BasicAuthTest:0.12666666666666668
SimpleHandler:0.11
