Toolbar:0.5566666666666666
DisplayArea:0.425
GuiMode:0.31
RecentArchivesButton:0.14666666666666667
