TaskInfo:0.4866666666666667
SqlTask:0.35333333333333333
MockRemoteTask:0.3
