LaunchingPlugin:0.74
VMChanges:0.4153730158730159
RubyVMRuntimeLoadpathEntryResolver:0.27666666666666667
