Simulator:0.5233333333333333
Options:0.36
FileGps:0.24333333333333335
LoadRuleAction:0.16333333333333333
