Response:0.75
SamlIdPProperties:0.3333333333333333
AbstractSaml20ObjectBuilder:0.30333333333333334
SamlProfileSamlAttributeStatementBuilder:0.22
DefaultAuthnContextClassRefBuilder:0.15333333333333332
