NutRunner:0.5913333333333334
DerbyJdbcExpert:0.4552777777777777
