El2Test:0.6311111111111111
PlusOpt:0.5533333333333333
OptParse:0.15666666666666668
ValParse:0.12
