GeoMap:0.5433333333333333
GeoService:0.45
LocationsLayer:0.3566666666666667
SelectionLayer:0.18
