TemplateBuilder:0.4066666666666667
Location:0.4033333333333333
Switch:0.36666666666666664
Relocatable:0.27051984126984113
Template:0.2633333333333333
SwitchAttempt:0.25666666666666665
SwitchStack:0.25666666666666665
CallList:0.12666666666666668
Relocation:0.07
Record:0.065
Cell:0.04
CallRecord:0.0025
