Value:0.65
QueryTest:0.43666666666666665
MapIndexService:0.33444444444444443
AbstractValue:0.12666666666666668
