Style:0.8466666666666667
GeneEditPanel:0.35333333333333333
BaseEditorPanel:0.3333333333333333
