DataSet:0.54
Conf:0.42
Word2Vec:0.3466666666666667
ActorNetworkRunner:0.24666666666666667
Evaluation:0.19666666666666666
BatchActor:0.17888888888888888
UimaTokenizerFactory:0.17333333333333334
RBMTest:0.1
CRBMTest:0.1
