Contract:0.45666666666666667
ImmutableTest:0.3433333333333333
EntityEntry:0.3333333333333333
Info:0.2377777777777778
DefaultReplicateEventListener:0.19666666666666666
AbstractSaveEventListener:0.18333333333333332
Party:0.17
Plan:0.16166666666666665
DefaultDeleteEventListener:0.13333333333333333
ContractVariation:0.07682539682539682
AbstractReassociateEventListener:0.07666666666666666
