Visitor:0.5566666666666666
Rewriter:0.3433333333333333
InformationSchemaDataStreamProvider:0.24666666666666667
FunctionRegistry:0.21
