Thex:0.57
TigerTree:0.39
ShareFileThexData:0.29333333333333333
TTHashCalcUtils:0.22
ThexCalculationWorker:0.043333333333333335
