SaleValidator:0.5933333333333334
SellItemFlowExecutionTests:0.17666666666666667
