Fiducial:0.5366666666666666
GraphicCoordinatesData:0.27
FiducialSet:0.25666666666666665
SpatialFiducials:0.25
SpatialFiducialsModule:0.22333333333333333
SpatialFiducialsSeriesModule:0.17666666666666667
Modality:0.10838095238095237
