WebClient:0.58
HTMLDocument:0.38333333333333336
EventListenersContainer:0.26666666666666666
DateCustom:0.24333333333333335
StyleSheetList:0.2116666666666667
HTMLUnknownElement:0.18
JavaScriptEngine:0.17333333333333334
BrowserVersionFeaturesTest:0.15333333333333332
