HostQueuesFrontier:0.8233333333333334
AbstractFrontier:0.39666666666666667
