Jedis:0.7933333333333333
Client:0.38333333333333336
BinaryClient:0.32666666666666666
BinaryRedisPipeline:0.2833333333333333
JedisCommands:0.2833333333333333
BinaryJedisCommands:0.2833333333333333
RedisPipeline:0.2833333333333333
Commands:0.2833333333333333
PipelineBase:0.26
JedisCluster:0.2138888888888889
BinaryJedis:0.19666666666666666
ShardedJedis:0.19666666666666666
BinaryShardedJedis:0.14333333333333334
SetCommandsTest:0.13
