Translator2Java:0.36666666666666664
ClassySharkPanel:0.35
TranslatorFactory:0.27666666666666667
FilesTree:0.21666666666666667
Export2FileWriter:0.21333333333333335
DexInfoTranslator:0.19305555555555554
MetaObjectFactory:0.185
Multidex:0.16333333333333333
ShellMode:0.13333333333333333
Analyzer:0.11333333333333333
StressTestClass:0.08333333333333333
StressTestDex:0.08333333333333333
