Event:0.49333333333333335
HtmlUnitContextFactory:0.37333333333333335
SimpleScriptable:0.36333333333333334
MouseEvent:0.3433333333333333
