DocAction:0.6633333333333333
Invoice:0.5
Order:0.47
CashLine:0.45
InfoBOE:0.3433333333333333
Cash:0.31666666666666665
Payment:0.2733333333333333
OrderLine:0.26
Transaction:0.26
X_C_Payment:0.25666666666666665
CashBook:0.25
OrderItem:0.25
X_C_Invoice:0.24
MCash:0.23333333333333334
X_C_Order:0.22666666666666666
X_C_CashBook:0.22
MBOE:0.21666666666666667
DocumentEngine:0.20333333333333334
PosPanel:0.19
X_C_CashLine:0.18666666666666668
VDocAction:0.18333333333333332
X_C_OrderLine:0.18333333333333332
Replication:0.18
X_C_Cash:0.17333333333333334
CalloutCashJournal:0.13666666666666666
UserSession:0.016666666666666666
