BlogArchiveMonth:0.49333333333333335
BlogArchiveCtrl:0.3
BlogArchiveMonthSelectedEvent:0.21333333333333335
EventHelper:0.20666666666666667
BlogFolderView:0.20333333333333334
GwtBlogHelper:0.12333333333333334
BlogArchiveFolderSelectedEvent:0.11666666666666667
MonthInlineLabel:0.04
FolderInlineLabel:0.013333333333333334
