El2Test:0.6963888888888888
MethodOpt:0.5
Converter:0.47333333333333333
