Slice:0.69
TupleInfo:0.5933333333333334
Aggregator:0.4192222222222222
VariableWidthAggregator:0.23333333333333334
FixedWidthAggregator:0.20666666666666667
HashAggregationOperator:0.18666666666666668
AggregationOperator:0.12666666666666668
SliceHashStrategy:0.12333333333333334
