PdfExtractorTest:0.35
OpenDocumentExtractorTest:0.23
MimeExtractorTest:0.19
PresentationsExtractorTest:0.18
PlainTextExtractorTest:0.15
ApertureTestBase:0.12333333333333334
WordPerfectExtractorTest:0.11333333333333333
QuattroExtractorTest:0.11333333333333333
HtmlExtractorTest:0.11333333333333333
ExtractorTestBase:0.11
XmlExtractorTest:0.09333333333333334
PublisherExtractorTest:0.09333333333333334
VisioExtractorTest:0.09333333333333334
WordExtractorTest:0.09333333333333334
ExcelExtractorTest:0.09333333333333334
PowerPointExtractorTest:0.09333333333333334
OfficeExtractorTest:0.09333333333333334
WorksExtractorTest:0.08
RtfExtractorTest:0.06666666666666667
