StoreScpService:0.5233333333333333
StoreScp:0.43333333333333335
StorageBean:0.29333333333333333
