Settings:0.5033333333333333
SpdyStream:0.36333333333333334
SpdyConnectionTest:0.30666666666666664
SpdyConnection:0.18666666666666668
SpdyDataInputStream:0.15555555555555556
Reader:0.15
