AuthenticatingHttpConnector:0.5266666666666666
Builder:0.3433333333333333
AuthenticatingHttpConnectorTest:0.2866666666666667
DefaultHttpConnector:0.22
NoopHttpsHandler:0.15105555555555555
RequestDispatcher:0.13214285714285712
DefaultRequestDispatcher:0.07333333333333333
AuthenticatingHttpsHandler:0.06666666666666667
