ConcreteLayer:0.5633333333333334
SwingConcreteLayer:0.5633333333333334
Connector:0.41333333333333333
ConcreteLayerPainter:0.28
BasicWindowManager:0.24
CursorOverRenderer:0.21666666666666667
ServerXMLDFHandler:0.21666666666666667
ServerBinaryDFHandler:0.20666666666666667
ServerWindow:0.2
AbstractWidget:0.19666666666666666
Selector:0.19333333333333333
DefaultConnectorRenderer:0.19
AbstractServerEngine:0.19
BasicServerEngine:0.18666666666666668
ServerEngineParser_2Test:0.17333333333333334
ServerCockpitParserTest:0.17333333333333334
ServerCockpitConnectorsTest:0.15666666666666668
