ActionRequest:0.44666666666666666
ActionConfig:0.3466666666666667
Target:0.29
MethodParam:0.2733333333333333
ActionMethodParser:0.25666666666666665
ScopeDataResolver:0.16666666666666666
ArgsTest:0.14666666666666667
ActionMethodParamNameResolver:0.14
User:0.043333333333333335
ArgsAction:0.03666666666666667
