Config:0.39
Jeevlet:0.3
JDomRepresentation:0.21
JeevletEngine:0.20333333333333334
JeevletServiceRequest:0.15166666666666667
JeevletServiceRequestFactory:0.14333333333333334
JeevletServiceManager:0.12333333333333334
StopperAuto:0.09844444444444445
JeevletRepresentation:0.07333333333333333
BlobRepresentation:0.058333333333333334
JeevletException:0.056666666666666664
ConfigUtils:0.04555555555555556
GeoNetworkStopperApplication:0.035
StarterAuto:0.034888888888888886
GeoNetworkRestletApplication:0.015
JeevletSession:0.01
OutputStreamRepresentation:0.0
