JWTServiceTicketResourceEntityResponseFactory:0.5266666666666666
CasRestTokensConfiguration:0.20333333333333334
