SessionFactoryOptions:0.8033333333333333
WrapperOptions:0.3166666666666666
SessionDelegatorBaseImpl:0.308
AbstractDelegatingSessionFactoryOptions:0.29
SessionFactoryOptionsState:0.26666666666666666
SessionBuilder:0.24666666666666667
SessionFactoryOptionsImpl:0.24571428571428575
SessionCreationOptions:0.24333333333333335
SessionFactoryBuilderImpl:0.23333333333333334
AbstractDelegatingSessionBuilder:0.22666666666666666
StatelessSessionBuilderImpl:0.21
SessionFactoryOptionsStateStandardImpl:0.20333333333333334
SessionBuilderImpl:0.19
TimeTypeDescriptor:0.17
TimestampTypeDescriptor:0.17
AbstractSharedSessionContract:0.16666666666666666
TransactionUtil:0.13
ReflectionUtil:0.11666666666666667
AvailableSettings:0.0
