SubscribesConnectionEntry:0.5733333333333334
CommandExecutorService:0.45166666666666666
ConnectionPool:0.39666666666666667
BaseLoadBalancer:0.2866666666666667
PubSubConnectionPoll:0.21444444444444447
