ObjectStreamClass:0.57
NameTable:0.3711111111111111
ClassTest:0.36333333333333334
RewriterTest:0.2866666666666667
ObjectInputStream:0.26
Rewriter:0.21666666666666667
ObjectOutputStream:0.1825
