CommandReactiveService:0.5
RedissonReactiveClient:0.3466666666666667
CommandReactiveExecutor:0.33916666666666667
RedissonReactive:0.3333333333333333
