DrawCircleWithGivenRadiusTool:0.6866666666666666
AttributeTablePanel:0.44333333333333336
DrawCircleWithGivenRadiusPlugIn:0.25111111111111106
