AbstractSaveOrUpdateOperation:0.49333333333333335
DefaultImportStatistics:0.31916666666666665
ImportStatistics:0.31916666666666665
ServiceUpdater:0.30666666666666664
ImporterStats:0.24666666666666667
SpecFile:0.22666666666666666
NodeRelator:0.21666666666666667
InterfaceUpdater:0.16
