RestClient:0.56
HostTuple:0.33297883597883593
RemoteScrollableHitSourceTests:0.30333333333333334
RestClientSingleHostTests:0.22333333333333333
RestClientSingleHostIntegTests:0.21
RestClientMultipleHostsTests:0.13
