MDLMolfileEditor:0.5366666666666666
JCPMultiPageEditorContributor:0.23
CPKAction:0.09799999999999999
