SwingLayerRenderer:0.5966666666666667
SwingFactory:0.38333333333333336
SwingRendererBridge:0.3
SwingLayerPainter:0.2811111111111111
BasicWindowManager:0.27111111111111114
SwingServerWindow:0.25333333333333335
Selector:0.22555555555555556
SwingServerDisplay:0.20333333333333334
TabbedPanelGroupRenderer:0.19333333333333333
DefaultConnectorRenderer:0.18333333333333332
