DriverManagerConnectionCreator:0.5866666666666667
ConnectionCreator:0.3601666666666667
DriverManagerConnectionProviderImpl:0.33
ConfigurationHelper:0.2633333333333333
DriverConnectionCreator:0.24666666666666667
ConnectionCreatorBuilder:0.19
EnumeratedTypeTest:0.18
BasicConnectionCreator:0.02
