Db:0.6766666666666666
pro:0.61
TxByRegex:0.15
TxByActionKeys:0.14333333333333334
TxByActionMethods:0.14333333333333334
