JMXConnectionWrapper:0.5066666666666667
JMXNodeConnectionWrapper:0.47
JMXDriverConnectionWrapper:0.3566666666666667
