Validator:0.39
ResultEntry:0.3433333333333333
TransformTestCase:0.3233333333333333
WarningMessage:0.3233333333333333
Series2000Test:0.29333333333333333
AffineTransformTest:0.22333333333333333
TestCase:0.21555555555555553
NameTest:0.16666666666666666
ConfigurationTableModel:0.15666666666666668
ConformanceTest:0.11
TestEvent:0.10333333333333333
