PacketExtensionUtils:0.5566666666666666
UserListEntry:0.46
UserListExtension:0.33666666666666667
UserListHandler:0.04
