AbstractSearchEngine:0.5266666666666666
WikiBase:0.43666666666666665
FileSearchEngine:0.3233333333333333
DatabaseSearchEngine:0.24333333333333335
