GeneEditPanel:0.7804444444444445
FeatureEditPanel:0.3927777777777778
