Display:0.5
TypeGraph:0.43666666666666665
Util:0.37
GxlUtil:0.3022222222222222
Block:0.25666666666666665
CtrlTester:0.25
IsoChecker:0.25
StateCache:0.25
KeyPartition:0.24666666666666667
GrooveToConstraint:0.24666666666666667
EcoreToType:0.21666666666666667
Recogniser:0.21
GraphTab:0.21
RuleLevelTree:0.20305555555555557
CtrlDoc:0.20166666666666666
RegExprTyperTest:0.19666666666666666
DisplaysPanel:0.19
PropertiesDisplay:0.18833333333333332
TypeToGxl:0.18333333333333332
ExploreAction:0.18
InstanceToGxl:0.17666666666666667
Level3:0.175
PathCheckerFactory:0.16666666666666666
JVertexView:0.16666666666666666
SpringUtilities:0.15
HTMLLineFormat:0.12
RefreshButton:0.11666666666666667
CellRenderer:0.11333333333333333
EnableAction:0.1
AbstractSimpleTestJoinStrategy:0.08333333333333333
