Utils:0.47333333333333333
JTBMessageTemplate:0.39666666666666667
JTBMessageViewPart:0.33666666666666667
MessageDialogAbstract:0.29
