Task:0.6366666666666667
Preference:0.5
MarsClock:0.3233333333333333
WriteReport:0.2277777777777778
Person:0.22333333333333333
Communication:0.22333333333333333
ScheduleTableModel:0.21666666666666667
TaskManager:0.20333333333333334
TaskSchedule:0.17333333333333334
ConnectWithEarth:0.17
TabPanelSchedule:0.16666666666666666
WriteReportMeta:0.14666666666666667
MetaTaskUtil:0.08666666666666667
ConnectWithEarthMeta:0.013333333333333334
