LongHash:0.7033333333333334
LongHashTests:0.27666666666666667
