Planner:0.43333333333333335
DocSysColumns:0.39
Builder:0.26
TestModule:0.25333333333333335
CopyAnalyzerTest:0.23
TransportSQLActionClassLifecycleTest:0.22666666666666666
PlannerTest:0.20333333333333334
DocReferenceBuildingVisitor:0.18166666666666667
ColumnsIterator:0.13333333333333333
CopyStatementAnalyzer:0.11333333333333333
PlanNodeBuilder:0.1
Setup:0.06666666666666667
