ConsoleServer:0.51
GreysAnatomyMain:0.27
GaConsoleInputer:0.24111111111111114
ConsoleClient:0.18
GreysAnatomyConsole:0.17666666666666667
AgentMain:0.11333333333333333
