ServiceData:0.5
RegisteredServiceProxyPolicyBean:0.41
FormData:0.25666666666666665
RegisteredServiceEditBean:0.24333333333333335
RegisteredServiceSimpleFormController:0.22666666666666666
RegisteredServiceViewBean:0.22
