ExecutorService:0.7830555555555556
ExecutorDAO:0.3768888888888889
ExecutorServiceBean:0.29333333333333333
ExecutorDAOHibernateImpl:0.26666666666666666
ExecutorServiceDelegate:0.19416666666666665
ExecutorServiceDelegateRemoteImpl:0.19
ExecutorServiceDelegateLocalImpl:0.19
ExecutorLogic:0.18333333333333332
