EditViewFactory:0.4
MetaProperty:0.25333333333333335
CreateRelationship:0.24666666666666667
XRefBy:0.16333333333333333
ChildOf:0.0875
ChildIn:0.0875
ParentOf:0.0875
SpouseOf:0.0875
ParentIn:0.0875
SiblingOf:0.0875
Relationship:0.056666666666666664
