AlignViewport:0.43333333333333335
Controller:0.41333333333333333
JalAction:0.38
Rubberband:0.32666666666666666
Popup:0.25333333333333335
CGI:0.21666666666666667
SendFileCGI:0.18666666666666668
IncrementAction:0.13666666666666666
ThresholdPanel:0.11666666666666667
ConservationColourAction:0.10333333333333333
ThresholdPopup:0.09666666666666666
ConsIncAction:0.09666666666666666
IncrementPopup:0.088
ListenList:0.05333333333333334
