EditorReader:0.43
UberEvent:0.28811111111111115
FocusController:0.21666666666666667
