ArticleReceiver:0.47638888888888886
CommentReceiver:0.2277777777777778
