EjbcaWS:0.6311111111111112
RSASignSessionBean:0.4008333333333333
LocalAuthenticationSessionBean:0.27305555555555555
