CDKAtomTypeMatcherTest:0.38861111111111113
MM2AtomTypeMatcherTest:0.3358730158730159
MMFF94AtomTypeMatcherTest:0.3358730158730159
StructGenMatcherTest:0.23
CDKAtomTypeMatcherTestFileReposTest:0.19666666666666666
