ExpressionVariable:0.4266666666666667
MessageBuilder:0.42
ExpressionParser:0.2475
OgnlExpression:0.24666666666666667
AbstractExpressionParser:0.23333333333333334
ParserELContext:0.21566666666666662
ELExpressionParser:0.15666666666666668
ELExpressionParserTests:0.13333333333333333
OgnlExpressionParser:0.04
DefaultMessageContextFactoryTests:0.03333333333333333
