MeshBuilder:0.7333333333333333
FreeTypeFontGenerator:0.4866666666666667
FreeType:0.28
TextFieldClickListener:0.25
GlyphLayout:0.2
LabelTest:0.17666666666666667
FreeTypeIncrementalTest:0.15
FreeTypeBitmapFontData:0.14666666666666667
GlyphRun:0.06904761904761905
