ArticleQueryService:0.4066666666666667
ArticleProcessor:0.37666666666666665
Article:0.33644444444444443
ArticleMgmtService:0.26
Common:0.2507777777777777
