TextureAtlasData:0.5494444444444443
MaxRectsPacker:0.5466666666666666
