OperationExecuteDescriptor:0.5366666666666666
OperationExecutionResultsVisualPanel:0.30666666666666664
OperationExecutionVisualPanel:0.21333333333333335
