MathUtils:0.7122222222222223
GLFrameBuffer:0.4033333333333333
LwjglCursor:0.2966666666666667
