GedcomLifecycleEvent:0.33
ControlCenter:0.32666666666666666
Plugin:0.29333333333333333
ActionExit:0.21444444444444447
ActionOpen:0.20916666666666667
PluginManager:0.15
TrackerPlugin:0.08
ActionClose:0.06333333333333334
PluginEvent:0.03631746031746032
ViewPlugin:0.03
