ApolloPanel:0.6033333333333334
ScrollableTierView:0.3977777777777778
StrandedZoomableApolloPanel:0.39666666666666667
