MultipleBuffersLocation:0.565
ChannelOutputDestination:0.4266666666666667
DataSizeRunner:0.37333333333333335
