TLSTest:0.5566666666666666
Http1xTLSProxyTest:0.31
ConnectHttpProxy:0.25333333333333335
