IMoleculeTableManager:0.7188888888888889
MoleculeTableManager:0.5455555555555556
