MultiLayerNetwork:0.5033333333333333
BaseOutputLayer:0.2911111111111111
ConvolutionLayerSetup:0.2911111111111111
DefaultGradient:0.25666666666666665
BaseLayer:0.25333333333333335
TestSetGetParameters:0.15666666666666668
CNNGradientCheckTest:0.09333333333333334
