UndoableAction:0.7
AddHydrogenAction:0.1888888888888889
CleanupAction:0.13333333333333333
ChangeAtomSymbolAction:0.13
ChangeIsotopeAction:0.13
ConvertToRadicalAction:0.12
FlipAction:0.12
AdjustBondOrdersAction:0.09333333333333334
