TextKeys:0.5694999999999999
Installation:0.47
ConsoleInstaller:0.41333333333333333
JarInstaller:0.26666666666666666
Arguments:0.26
