IngestDocument:0.41333333333333333
SplitProcessor:0.37666666666666665
SplitProcessorTests:0.23333333333333334
SplitProcessorFactoryTests:0.21666666666666667
AbstractStringProcessor:0.20666666666666667
ConvertProcessor:0.18666666666666668
Factory:0.15333333333333332
