IndexShard:0.4816666666666667
RefreshStats:0.48
RestNodesAction:0.20666666666666667
RestIndicesAction:0.2
AbstractStreamableTestCase:0.19
RefreshListeners:0.18333333333333332
RestShardsAction:0.18
DummyRefreshListener:0.17466666666666666
RefreshListenersTests:0.11666666666666667
IndicesStatsTests:0.09166666666666666
