HtmlTextArea:0.6072222222222222
HtmlTextInputTest:0.45666666666666667
HtmlPasswordInput:0.29333333333333333
