XmlFlowBuilder:0.6166666666666667
TestFlowServiceLocator:0.46
FlowExecutionImplTests:0.19666666666666666
XmlFlowBuilderTests:0.19333333333333333
FlowExecutionImplStateRestorerTests:0.17666666666666667
PojoActionXmlFlowBuilderTests:0.02666666666666667
