TC_RubyLintVisitor:0.5069444444444445
RubyCodeAnalyzer:0.4033333333333333
RubyScriptProblemFinder:0.2
