IPUtils:0.84
MonitorTab:0.3875
IgnoreHostAction:0.16333333333333333
FilterHostAction:0.16333333333333333
