DBReference:0.51
UcanaccessDataSource:0.39
UcanaccessDriver:0.2833333333333333
CreateDatabaseTest:0.21333333333333335
ParametersTest:0.19666666666666666
MemoryTimer:0.15666666666666668
DataSourceTest:0.11
