TermVectorsRequest:0.3566666666666667
Item:0.29
IndexRequest:0.27
PutStoredScriptRequest:0.25666666666666665
SimulatePipelineRequest:0.25666666666666665
PutPipelineRequest:0.24333333333333335
PercolateQueryBuilder:0.22361111111111115
PipelineConfiguration:0.21027777777777779
ClientYamlTestResponse:0.19777777777777777
ClientYamlTestClient:0.11666666666666667
