DisplayZone:0.5633333333333334
FreeServerCockpit:0.4633333333333333
CockpitItemsManager:0.3323174603174603
FreeCockpitConfigurationHandler:0.23
