RecordingWriter:0.5066666666666667
Context:0.23666666666666666
ArchiveConductor:0.21666666666666667
RecordingWriterTest:0.18333333333333332
