ProfileModule:0.6866666666666666
BinderHelper:0.51
AjaxController:0.38
AbstractEntryProcessor:0.34
AbstractFolderCoreProcessor:0.2866666666666667
FileModuleImpl:0.2833333333333333
ProfileModuleImpl:0.26
DefinitionModuleImpl:0.25
DefinableEntity:0.24583333333333332
ListFolderController:0.21666666666666667
GenerateLdapList:0.185
AdvancedSearchController:0.18
ModifyEntryController:0.13666666666666666
ViewEntryController:0.12333333333333334
UpdatePresenceController:0.08333333333333333
TypeToFindAjaxController:0.07
SSClobString:0.065
DashboardAjaxController:0.02666666666666667
