QueryManagerConfig:0.73
LocalQueryRunner:0.41
SplitManager:0.33666666666666667
TestQueryManagerConfig:0.17333333333333334
