Binding:0.523888888888889
ProblemDetector:0.42
ProblemDetectorTest:0.20666666666666667
ArraySet:0.16333333333333333
