RuleContext:0.5866666666666667
ParseTree:0.49833333333333335
BaseTest:0.49
TerminalNodeImpl:0.2833333333333333
TestXPath:0.23111111111111116
