FieldDefinitionImpl:0.49
DataDefinitionImpl:0.46
MDDNode:0.29333333333333333
MDDParser:0.2303333333333333
mddNew:0.17666666666666667
MDDFactory:0.17333333333333334
MDDPostProcessorWalker:0.16666666666666666
FieldNode:0.15666666666666668
MDDAnalyzeWalker:0.10333333333333333
