RedissonBoundedBlockingQueue:0.5433333333333333
RedissonBlockingQueue:0.37833333333333335
RBlockingQueue:0.36479365079365084
RedissonBoundedBlockingQueueTest:0.27166666666666667
RedissonBlockingDeque:0.25333333333333335
RedissonBlockingQueueTest:0.17416666666666666
RBlockingQueueAsync:0.15833333333333333
