UIData:0.7933333333333333
TaskInfo:0.3933333333333333
GwtTaskHelper:0.2966666666666667
