DOTranslationUtility:0.5566666666666666
AtomDOSerializer:0.41333333333333333
SimpleDOReader:0.30333333333333334
TestAtomDOSerializer:0.2633333333333333
