AAbort:0.55
Association:0.41333333333333333
State:0.23666666666666666
Sta2:0.1852777777777778
Sta13:0.1852777777777778
PDVInputStream:0.18333333333333332
