AtopConnectorFactory:0.45666666666666667
AtopMetadata:0.27666666666666667
AtopPlugin:0.24
LocalAtopQueryRunner:0.18916666666666668
TestAtopPlugin:0.17
AtopModule:0.11333333333333333
