Range:0.5719444444444445
HostConstantsTest:0.43111111111111106
