XSLTag:0.47944444444444445
NavigationTag:0.4377777777777777
CurrentBuildStatusTag:0.39666666666666667
