ServletUtil:0.92
JoddJspFunctions:0.36333333333333334
TagUtil:0.3433333333333333
