If:0.3433333333333333
Param:0.2733333333333333
Include:0.22333333333333333
ElseIf:0.20666666666666667
Else:0.20666666666666667
Push:0.15666666666666668
I18n:0.15666666666666668
OptGroup:0.14666666666666667
Property:0.08333333333333333
