SaveAsAction:0.5666666666666667
JChemPaintPanel:0.44888888888888884
SaveAction:0.2833333333333333
