Window:0.7866666666666666
HtmlInlineFrameTest:0.27666666666666667
