JPPFJob:0.5566666666666666
ClientJob:0.5266666666666666
ChannelWrapperRemote:0.28488888888888897
LifeCycleTask:0.24666666666666667
BatchHandler:0.23333333333333334
SubmissionManagerClient:0.21
JPPFMulticastReceiverThread:0.19666666666666666
TestExecutorServiceConfiguration:0.19666666666666666
AbstractClientJob:0.19333333333333333
JPPFPriorityQueue:0.1875
ChannelWrapperLocal:0.16333333333333333
CopyOfBatchHandler:0.09
