NodeSelector:0.635
JPPFNodeForwarding:0.49
JPPFDriverAdmin:0.25
JMXDriverConnectionWrapper:0.20666666666666667
TestJPPFDriverAdminMBean:0.20333333333333334
NodeSelectionHelper:0.20333333333333334
ForwardingNotificationManager:0.20333333333333334
JPPFDriverAdminMBean:0.13916666666666666
NodeSelectionProvider:0.0011111111111111111
