EditPreferencesFormAction:0.5432936507936508
EditPreferencesAction:0.5432936507936508
