ChildBindersWidget:0.8266666666666667
TeamWSView:0.24333333333333335
DiscussionWSView:0.24333333333333335
