ViewUtil:0.6216666666666667
StringFormat:0.36333333333333334
FieldValidator:0.19333333333333333
FreemarkerProcessor:0.14
