Node:0.44
Index:0.3933333333333333
Table:0.38666666666666666
Cache:0.38
Tokenizer:0.29333333333333333
HsqlByteArrayOutputStream:0.2833333333333333
Expression:0.2733333333333333
CachedRow:0.26666666666666666
BaseMemoryNode:0.2633333333333333
DiskNode:0.23666666666666666
DatabaseCommandInterpreter:0.22
Parser:0.21
Server:0.19666666666666666
ServerConfiguration:0.19305555555555554
SchemaManager:0.18666666666666668
jdbcConnection:0.16
