LoadBalancer:0.8466666666666667
MasterSlaveEntry:0.32
BaseLoadBalancer:0.27666666666666667
BaseConfig:0.24
SingleEntry:0.2327777777777778
SentinelConnectionManager:0.19666666666666666
SingleConnectionManager:0.17
