OvalElement:0.5133333333333333
LineElement:0.46
TextElement:0.33
IRenderingVisitor:0.26555555555555554
BondModule:0.05333333333333334
IRenderingModule:0.052388888888888895
AbstractModule:0.05
AtomModule:0.05
AtomSymbolModule:0.023333333333333334
