Collectd:0.4633333333333333
FindByServiceType:0.4230899470899472
CollectableService:0.42
CollectionSpecification:0.3933333333333333
ThresholdableService:0.34
IpInterfaceDao:0.23777777777777775
IpInterfaceDaoJdbc:0.22327777777777777
CollectorConfigDaoImpl:0.22166666666666668
IPv4NetworkInterface:0.17333333333333334
IpInterfaceDaoHibernate:0.17333333333333334
CollectionService:0.07333333333333333
