color:0.47904761904761906
ResourceReferenceResolver:0.43944444444444447
ColorResourceLoaderTest:0.4066666666666667
ColorResourceLoader:0.3566666666666667
