VectorizedNonZeroStoppingConjugateGradient:0.4633333333333333
VectorizedDeepLearningGradientAscent:0.38666666666666666
NeuralNetworkOptimizer:0.3433333333333333
RBMTest:0.26666666666666666
NDArrayTests:0.19333333333333333
Sigmoid:0.15666666666666668
