Simulator:0.5122222222222222
TypeViewList:0.36666666666666664
StoredGrammarView:0.3566666666666667
TypePanel:0.25
SPOEventCache:0.21666666666666667
MyGraphLayoutCache:0.19
