LocalRaAdminSessionBean:0.53
RaAdminSession:0.43333333333333335
UserDataTest:0.24666666666666667
