PluginRegistry:0.6633333333333333
ProjectXMLHelper:0.5433333333333333
