Attribute:0.4666666666666667
AttributeType:0.44333333333333336
TypeTableModel:0.23333333333333334
TaskAttributeTableModel:0.21555555555555558
TimeSlotAttributeTableModel:0.21555555555555558
AttributesWindow:0.20666666666666667
TaskEditDialog:0.12
TimeSlotEditDialog:0.12
