MetaModel:0.6233333333333333
MetaView:0.45
MetaDescriptionsList:0.43111111111111117
