TextProviderSupport:0.4
DefaultActionProxy:0.39666666666666667
DefaultTextProvider:0.19333333333333333
AliasInterceptor:0.16666666666666666
TextProviderFactory:0.14666666666666667
StaticParametersInterceptor:0.14666666666666667
