URLConnectionTest:0.43
Libcore:0.4166666666666667
HttpConnection:0.38
Address:0.32666666666666666
RawHeaders:0.27
HttpURLConnectionImpl:0.25666666666666665
HttpEngine:0.21666666666666667
HeaderParser:0.20666666666666667
HttpTransport:0.20666666666666667
ChunkedInputStream:0.18
HttpsEngine:0.08666666666666667
TunnelConfig:0.058333333333333334
HttpConnectionPool:0.05
