DbOomQuery:0.6033333333333334
DbOomManager:0.41333333333333333
EntityCacheTest:0.15333333333333332
DbOomUtil:0.07666666666666666
