MockUnit3:0.5055555555555555
TestInventory:0.3333333333333333
