Factory:0.87
CRUDTests:0.38
FactoryOperations:0.37583333333333335
FactoryProxy:0.2966666666666667
