BaseWSFederationRequestController:0.44666666666666666
WSFederationValidateRequestController:0.33666666666666667
WSFederationValidateRequestCallbackController:0.3
WSFederationConstants:0.28977777777777775
