DefaultGenerator:0.6066666666666667
GeneratorStrategy:0.35
DefaultGeneratorStrategy:0.29333333333333333
