Counter:0.43666666666666665
Vehicle:0.3566666666666667
CounterGroup:0.35333333333333333
WeaponGroup:0.3244444444444445
Location:0.28
AmmoType:0.22166666666666668
ActionSequence:0.19333333333333333
Game:0.18
Scenario5:0.18
ScenarioGamma:0.17666666666666667
ScenarioAlpha:0.14
FireGroup:0.13
Scenario1:0.10666666666666667
