Bot:0.6116666666666667
BotTask:0.5566666666666666
