GTSStrategy:0.51
CycleAcceptor:0.41
Acceptor:0.25333333333333335
FinalStateAcceptor:0.15666666666666668
