EmptyNode:0.5033333333333333
AbstractTraversableTest:0.3566666666666667
Set:0.26666666666666666
