winLocalVariableTopComponent:0.6166666666666667
LocalVariablesTreeModel:0.42
LocalVariablesTreeRenderer:0.37666666666666665
