WebWindowImpl:0.5133333333333333
JavaScriptJobManagerImpl:0.28
History:0.25333333333333335
TopLevelWindowTest:0.21666666666666667
TextPage:0.19355555555555554
JavaScriptPage:0.15833333333333333
UnexpectedPage:0.15833333333333333
DialogWindow:0.15833333333333333
PopupPseudoWebWindow:0.14416666666666667
WebClient2Test:0.13
