Engine:0.45666666666666667
IndexShard:0.42333333333333334
ShadowEngine:0.3333333333333333
MockController:0.3233333333333333
TranslogConfig:0.31333333333333335
IndexingMemoryController:0.28
EngineConfig:0.25666666666666665
IndexingMemoryControllerTests:0.22666666666666666
IndexShardTests:0.21333333333333335
InternalEngine:0.19666666666666666
ShardsIndicesStatusChecker:0.19333333333333333
IndexServicesProvider:0.14333333333333334
