X509CAInfo:0.6466666666666666
CaTestUtils:0.46
CaTestCase:0.4033333333333333
CAAdminSessionBean:0.2866666666666667
X509CATest:0.22
AuthenticationModulesTest:0.2
ApprovalEnforcedByCertificateProfileTest:0.195
ProtocolOcspHttpTest:0.19333333333333333
CAKeystoreExportRemoveRestoreTest:0.19
CAImportExportTest:0.19
RevocationApprovalTest:0.18666666666666668
CaCacheTest:0.18666666666666668
CAsTest:0.18333333333333332
CrmfRequestTest:0.17666666666666667
IntegratedOcspResponseTest:0.17666666666666667
CaInitCommand:0.16666666666666666
CVCCAInfo:0.14333333333333334
InitCATest:0.13666666666666666
