FeatureTypes:0.44666666666666666
DrawableFeatureSet:0.4
Gene:0.38333333333333336
Config:0.32
AnnotationView:0.2966666666666667
FlexibleFeatureTierManager:0.29
TypePanel:0.24333333333333335
CollapsedFeatureTierManager:0.23333333333333334
DragFeatureView:0.21722222222222223
AnnotatedFeatureSet:0.21333333333333335
StrandedZoomableApolloPanel:0.21
FeatureView:0.1975
ExpandableFeatureSet:0.19111111111111112
GenericAnnotationSet:0.18777777777777777
TestLoader:0.18333333333333332
