MetadataDao:0.7266666666666667
RaptorMetadata:0.37333333333333335
