JComMSWordReportBuilder:0.5442777777777777
JacobMSWordReportBuilder:0.5442777777777777
