FlowPropertyResolver:0.4266666666666667
FlowExecutionPropertyResolver:0.4166666666666667
AbstractFlowExecutionPropertyResolver:0.33666666666666667
FlowExecutionVariableResolver:0.16666666666666666
FlowVariableResolver:0.16666666666666666
