Value:0.65
AbstractValueTest:0.5066666666666667
Convertible:0.450138888888889
