ConfigListener:0.3433333333333333
ConfigTest:0.26
ManagedServiceFactoryListener:0.24666666666666667
ManagedServiceListener:0.21333333333333335
PropertyPlaceholderTest:0.14
EquinoxPlatform:0.08666666666666667
