CertificateConstants:0.4666666666666667
EjbcaWS:0.44666666666666666
SecConst:0.31666666666666665
RequestMessageUtils:0.2733333333333333
CertificateRequestSessionTest:0.18
CertificateRequestThrowAwayTest:0.17666666666666667
CertificateRequestSessionBean:0.14333333333333334
