AndroidManifest:0.61
DefaultPackageManager:0.38
ShadowAccessibilityManager:0.27666666666666667
ShadowPackageManagerTest:0.19333333333333333
