JFXProgressBarSkin:0.7266666666666667
JFXProgressBar:0.5433333333333333
ProgressBarController:0.12
ProgressBarDemo:0.10777777777777776
