Euler:0.6866666666666666
Codd:0.59
EulerRunner:0.3333333333333333
