FileUploadAction:0.5033333333333333
MultipleFileUploadUsingArrayAction:0.42333333333333334
MultipleFileUploadUsingListAction:0.42333333333333334
