BuildingConstructionMission:0.52
GuideWindow:0.52
BrowserJFX:0.2966666666666667
SwingFXWebView:0.19333333333333333
BrowserUi4j:0.01
