RaMasterApi:0.8033333333333333
EnrollMakeNewRequestBean:0.7066666666666667
RaMasterApiProxyBean:0.29
RaMasterApiSessionBean:0.2733333333333333
