Enhancer:0.7566666666666667
TestAll:0.3144444444444444
TestEnhancerTransform:0.26666666666666666
AbstractTransformTest:0.225
AbstractClassLoader:0.16
