GaStringUtils:0.6127777777777778
GreysAnatomyMain:0.37333333333333335
ConsoleServerHandler:0.3566666666666667
