Counter:0.53
AbstractOsgiTests:0.43333333333333335
AbstractDependencyManagerTests:0.35333333333333333
AbstractSynchronizedOsgiTests:0.2866666666666667
FelixPlatform:0.2
EquinoxPlatform:0.17333333333333334
KnopflerfishPlatform:0.14666666666666667
RunnableTimedExecution:0.007222222222222222
