SmilesGenerator:0.44
Convertor:0.41
InChIGenerator:0.2922222222222222
ChiIndexUtils:0.17666666666666667
