MacroExpansionPlugin:0.7344444444444445
HyperlinkURLPlugin:0.4633333333333333
