JavaMailSender:0.5466666666666666
MailModuleImpl:0.54
ConnectionCallback:0.3538333333333334
JavaMailSenderImpl:0.22
