jOOQAbstractTest:0.5622222222222222
InsertUpdateTests:0.35333333333333333
TruncateImpl:0.30333333333333334
