Util:0.54
ContextMenuHelper:0.25333333333333335
SarosSWTBot:0.24416666666666673
StfTestCase:0.23333333333333334
BasicWidgetTreeTest:0.20333333333333334
ContextMenusInSessionArea:0.19666666666666666
FileOperationsTest:0.15666666666666668
InviteAndLeaveStressTest:0.11666666666666667
ShareMultipleProjectsTest:0.11666666666666667
CreateSameFileAtOnce:0.07333333333333333
