FilterableRequestSpecification:0.43542857142857144
LoggingITest:0.31666666666666665
RequestLoggingTest:0.27666666666666667
LogIfValidationFailsITest:0.2733333333333333
RequestPrinter:0.25333333333333335
MockMvcRequestSpecificationMergingTest:0.25333333333333335
SpecificationBuilderITest:0.21666666666666667
LoggingIfValidationFailsTest:0.19666666666666666
