QuorumParser:0.6933333333333334
VirtualMachineStopEvent:0.4766666666666667
VirtualMachineErrorState:0.35333333333333333
