Main:0.6266666666666667
Launcher:0.5866666666666667
LauncherTest:0.25333333333333335
