AbstractSearchAsyncAction:0.55
IndexNameExpressionResolver:0.45166666666666666
TransportSearchAction:0.3933333333333333
