WebKeys:0.8566666666666667
AbstractBinderProcessor:0.27
SAbstractForumController:0.25666666666666665
TreeBuilder:0.24333333333333335
TreeTag:0.18333333333333332
AjaxController:0.18
ModifyEntryController:0.15333333333333332
ViewEntryController:0.15333333333333332
AddEntryController:0.14666666666666667
WsTreeBuilder:0.13
WorkspaceTreeController:0.11666666666666667
ConfigureController:0.11666666666666667
FilterController:0.11333333333333333
ViewController:0.105
AccessControlController:0.1
ListProfilesController:0.07666666666666666
AddFolderController:0.06
SAbstractProfileController:0.04
ListFolderController:0.020055555555555556
ModifyBinderController:0.011166666666666667
AbstractBinderController:0.0
