HttpPageBufferClient:0.6833333333333333
HttpRemoteTask:0.6166666666666667
