DefaultDataType:0.58
Val:0.3555555555555555
PostgresTest:0.2833333333333333
