ResultProviderBase:0.41
SortingTopNProjector:0.18
AggregationProjector:0.14
MultiBucketBuilder:0.10666666666666667
SingleBucketBuilder:0.10333333333333333
CollectingProjector:0.02666666666666667
