Builder:0.4350555555555557
JSR356Endpoint:0.43166666666666664
AtmosphereConfigurator:0.18
