ScenarioViewer:0.5305
SwingScenarioPanel:0.44
JFXScenarioPanel:0.35
JFXScenarioViewer:0.26666666666666666
ScenarioOptions:0.23266666666666672
ScenarioPanel:0.15833333333333333
SwingScenarioViewer:0.12
AbstractScenarioPanel:0.08
TableElement:0.07666666666666666
