GedcomListener:0.36666666666666664
Gedcom:0.36333333333333334
MetaProperty:0.32
Property:0.30666666666666664
Entity:0.29
Model:0.21333333333333335
GedcomReader:0.17666666666666667
Transaction:0.17
EntityView:0.16666666666666666
Results:0.16333333333333333
NavigatorView:0.14333333333333334
EntityTableModel:0.10666666666666667
