InternalPartitionService:0.642
PartitionService:0.5986666666666667
InternalPartitionServiceImpl:0.4033333333333333
PartitionServiceProxy:0.38
Node:0.37666666666666665
PartitionPortableHook:0.21333333333333335
