PercolateContext:0.6166666666666667
PercolatorService:0.4166666666666667
PercolatorTests:0.16
MultiPercolatorTests:0.13333333333333333
