ClassParsingAlg:0.37333333333333335
SwitchInstruction:0.27051984126984113
IF_ICMPLT:0.27051984126984113
IFGE:0.27051984126984113
D2I:0.27051984126984113
F2I:0.27051984126984113
D2L:0.27051984126984113
L2D:0.27051984126984113
IF_ICMPGT:0.27051984126984113
F2L:0.27051984126984113
L2F:0.27051984126984113
IFEQ:0.27051984126984113
GETFIELD:0.27051984126984113
IF_ICMPLE:0.27051984126984113
IFNE:0.27051984126984113
GETSTATIC:0.27051984126984113
IFLT:0.27051984126984113
IF_ICMPGE:0.27051984126984113
FCMPL:0.27051984126984113
I2D:0.27051984126984113
I2F:0.27051984126984113
FCMPG:0.27051984126984113
IF_ICMPEQ:0.27051984126984113
IFGT:0.27051984126984113
IFLE:0.27051984126984113
DCMPL:0.27051984126984113
DCMPG:0.27051984126984113
LCMP:0.27051984126984113
IF_ICMPNE:0.27051984126984113
SimpleTest:0.27
MangoInstructionFactory:0.21853571428571428
LDIV:0.19531746031746033
LREM:0.19531746031746033
LUSHR:0.19531746031746033
IDIV:0.19531746031746033
LOR:0.19531746031746033
IREM:0.19531746031746033
LAND:0.19531746031746033
LXOR:0.19531746031746033
LSHL:0.19531746031746033
IAND:0.19531746031746033
IOR:0.19531746031746033
IXOR:0.19531746031746033
LSHR:0.19531746031746033
NEW:0.19333333333333333
DREM:0.17976190476190476
FREM:0.17976190476190476
SymbolicStringHandler:0.09666666666666666
LNEG:0.02666666666666667
INEG:0.02666666666666667
DDIV:0.02666666666666667
FDIV:0.02666666666666667
DADD:0.023333333333333334
FSUB:0.023333333333333334
FMUL:0.023333333333333334
DMUL:0.023333333333333334
FADD:0.023333333333333334
DSUB:0.023333333333333334
DNEG:0.016666666666666666
FNEG:0.016666666666666666
ISUB:0.006666666666666667
LADD:0.006666666666666667
IMUL:0.006666666666666667
IADD:0.006666666666666667
IINC:0.006666666666666667
LSUB:0.006666666666666667
LMUL:0.006666666666666667
IFNONNULL:0.0
D2F:0.0
F2D:0.0
L2I:0.0
TABLESWITCH:0.0
IFNULL:0.0
INVOKEVIRTUAL:0.0
I2B:0.0
I2C:0.0
INVOKESTATIC:0.0
I2L:0.0
LOOKUPSWITCH:0.0
I2S:0.0
INVOKESPECIAL:0.0
