JoinFilterFunctionCompiler:0.4066666666666667
PageProcessorCompiler:0.38
CursorProcessorCompiler:0.25666666666666665
TryCodeGenerator:0.20466666666666666
InputReferenceCompiler:0.16333333333333333
