BsonReader:0.32666666666666666
MongoContext:0.2833333333333333
BsonWriter:0.24333333333333335
TypeAdapters:0.19666666666666666
Support:0.18333333333333332
RepositorySetup:0.148
BsonEncoding:0.11333333333333333
Repositories:0.0
