ResourceIndex:0.6633333333333333
ResourceIndexImpl:0.36333333333333334
TripleGenerator:0.33944444444444444
ResourceIndexModule:0.3333333333333333
DefaultDOManager:0.29333333333333333
BaseTripleGenerator:0.27666666666666667
MethodAwareTripleGenerator:0.2111111111111111
ResourceIndexRebuilder:0.21
