SourceElementParser:0.5466666666666666
DefaultRubyFoldingStructureProvider:0.4722222222222222
