FlowArtifactFactory:0.4373888888888889
ViewFactoryCreator:0.2278240740740741
