Path:0.7466666666666667
JsonProviderTest:0.35333333333333333
Criteria:0.29333333333333333
IssuesTest:0.29
PathToken:0.2733333333333333
JsonPath:0.24
CompiledPath:0.20777777777777776
FilterTest:0.20666666666666667
JsonValue:0.19666666666666666
InlineFilterTest:0.195
PathCompiler:0.17666666666666667
RootPathToken:0.1288888888888889
PathTokenFactory:0.11333333333333333
