Native:0.45888888888888885
Structure:0.3333333333333333
NativeLibrary:0.31666666666666665
StructureTest:0.31666666666666665
Function:0.2816666666666667
CbTest:0.2305555555555555
TestStructure:0.2063968253968254
CallbackReference:0.20333333333333334
DefaultCallbackProxy:0.2
LibraryLoadTest:0.14333333333333334
NativeTest:0.13666666666666666
