DiscoveryNode:0.5
Writeable:0.31
SpatialStrategyTests:0.25
TaskInfo:0.22
ClusterAllocationExplanation:0.22
ShapeRelationTests:0.21666666666666667
MetadataSnapshot:0.21666666666666667
TaskOperationFailure:0.19666666666666666
WriteableIngestDocument:0.15333333333333332
TestTaskResponse:0.11666666666666667
UnblockTestTaskResponse:0.08333333333333333
