WidgetTester:0.5886666666666667
TreeItemTest:0.35
SimpleResolver:0.23333333333333334
TreeSample:0.21
AllTests:0.1461111111111111
