EventHandler:0.49333333333333335
TestSelector:0.25
SocketSelector:0.25
SocketSelectorTests:0.24
AcceptingSelectorTests:0.22
ESSelector:0.18333333333333332
AcceptingSelector:0.15666666666666668
AcceptorEventHandler:0.14166666666666666
ESSelectorTests:0.12333333333333334
SocketEventHandler:0.11333333333333333
