CaffeineConfiguration:0.8766666666666667
Builder:0.39666666666666667
Configurator:0.33666666666666667
