XJBSWDownloadCandidateImpl:0.3933333333333333
XJBSWDownloadFileImpl:0.29
XJBSearchFilterImpl:0.2866666666666667
Unmarshaller:0.25733333333333336
XMLBuilder:0.10333333333333333
