AnnotationTaskBean:0.38666666666666666
AddGeneAlleleLinking:0.32
AlleleBeanTest:0.28
CommentTableTest:0.27
TermTreeBrowserTest:0.23333333333333334
AddSequenceTest:0.19
AddAnnotationTest:0.17333333333333334
LocusTableTest:0.15666666666666668
LocusBeanTest:0.12666666666666668
UnannotatedLocusStrategyTest:0.11333333333333333
SampleData:0.09277777777777778
