XHRPollingTransport:0.4644444444444444
SocketIOEncoder:0.38
MessageHandler:0.36333333333333334
