Directory:0.6433333333333333
DirectoryManager:0.5666666666666667
DirectorySrs:0.35333333333333333
DirectoryManagerSoapBindingImpl:0.3466666666666667
DirectoryLucene:0.31333333333333335
DirectoryManagerSoapBindingStub:0.30666666666666664
DirectoryManagerSoapBindingSkeleton:0.23666666666666666
SrsResultSet:0.21
DirectoryManagerClient:0.11
ArrayUtils:0.056666666666666664
