AntLargeTest:0.3977777777777778
MavenTestCase:0.38
CommandLineLargeTest:0.29
GradleLargeTest:0.18333333333333332
