SubscriptionParser:0.58
Compare:0.4066666666666667
JUTestEvaluation:0.36333333333333334
