PA:0.4022222222222222
CSPAResults:0.2833333333333333
TypedBDD:0.2633333333333333
BDDMethodSummary:0.225
BDDSet:0.2088888888888889
PACallTargetMap:0.09333333333333334
