DBPatchBase:0.81
InitializerLogic:0.24333333333333335
AddOpenTasksTable:0.1275
DBVersionConstantInitializing:0.11666666666666667
RestoreJobsFromLog:0.11666666666666667
SystemLogTableVersionFieldRename:0.09416666666666666
RelationTablesAddition:0.09333333333333334
AddSystemLogTable:0.085
SettingsTableAddition:0.085
DynamicFieldsTableRename:0.07416666666666667
MessageNodesPatch:0.03
SubstitutionExternalFlagAddition:0.02666666666666667
RestorePassedTransitionsFromLog:0.016666666666666666
SubstitutionCriteriaPatch:0.013333333333333334
RestoreSubprocessesFromLog:0.013333333333333334
ReassignColumnInTask:0.006666666666666667
ActorPhoneAddition:0.006666666666666667
AddExecutorToSystemLog:0.006666666666666667
ProcessStarterExecutorAddition:0.0033333333333333335
