HttpSecurityBeanDefinitionParserTests:0.45
ConcretePreAuthenticatedProcessingFilter:0.3269444444444444
CasAuthenticationProvider:0.28
RequestHeaderPreAuthenticatedProcessingFilterTests:0.26666666666666666
AuthenticationConfigBuilder:0.25333333333333335
DefaultFilterChainValidator:0.24666666666666667
CasAuthenticationProviderTests:0.18666666666666668
RememberMeBeanDefinitionParser:0.18466666666666667
AbstractPreAuthenticatedProcessingFilterTests:0.07333333333333333
