ChemObjectReader:0.49333333333333335
Gaussian98Reader:0.33
CMLReader:0.23
WWMMatrixReader:0.22
MDLRXNV3000Reader:0.2
Gaussian03Reader:0.19666666666666666
CIFReader:0.19666666666666666
ReaderFactory:0.19333333333333333
MACiEReader:0.18666666666666668
VASPReader:0.14166666666666666
ZMatrixReader:0.14166666666666666
Mol2Reader:0.14166666666666666
HINReader:0.14166666666666666
CrystClustReader:0.14166666666666666
ShelXReader:0.14166666666666666
ChemicalRSSReader:0.14166666666666666
SMILESReader:0.14166666666666666
XYZReader:0.14166666666666666
GhemicalMMReader:0.14166666666666666
IChIReader:0.14166666666666666
DummyReader:0.13
MDLRXNReader:0.12833333333333333
XindiceReader:0.11666666666666667
MDLReader:0.11
DADMLReader:0.11
MDLV3000Reader:0.11
PMPReader:0.09333333333333334
DBReader:0.09333333333333334
PDBReader:0.08666666666666667
