GeneBean:0.6666666666666666
TermBean:0.41833333333333333
GeneBeanFactory:0.3433333333333333
SqlCommands:0.19111111111111112
TermBeanFactory:0.12333333333333334
