Report:0.59
ReportBatches:0.3333333333333333
BatchRunner:0.33297883597883593
ReportForYEd:0.23333333333333334
ReportRdf:0.08666666666666667
BatchCompatible:0.052
UriFormats:0.05
Queries:0.0
DisplayFormats:0.0
