Binder:0.8233333333333334
Folder:0.3
TemplateBinder:0.24666666666666667
