TicketGrantingTicket:0.7166666666666667
CentralAuthenticationServiceImpl:0.29333333333333333
MultifactorAuthenticationTests:0.24666666666666667
CentralAuthenticationServiceImplTests:0.22333333333333333
TicketGrantingTicketImpl:0.22111111111111115
MockTicketGrantingTicket:0.20333333333333334
AbstractCentralAuthenticationService:0.19
