DataChartUtilities:0.5433333333333333
OverViewDataChart:0.3466666666666667
TimeAnalysisViewChart:0.2288888888888889
LegendItemCollectionLegendItemSource:0.1577777777777778
AverageCalculator:0.03333333333333333
