Visitor:0.2833333333333333
TransportSQLActionTest:0.27666666666666667
PlannerTest:0.2733333333333333
PlanNodeBuilder:0.25666666666666665
TransportSQLActionClassLifecycleTest:0.23
Literal:0.18666666666666668
FetchProjector:0.17666666666666667
