ActionDelegate:0.5466666666666666
ButtonHelper:0.53
MenuHelper:0.36666666666666664
ControlCenter:0.3
ProgressWidget:0.19
Cancel:0.14666666666666667
TableViewSettings:0.12333333333333334
