CoreSamlConfiguration:0.3233333333333333
IgniteTicketRegistry:0.2833333333333333
AbstractTicketRegistry:0.26
EhCacheTicketRegistry:0.2525
HazelcastTicketRegistry:0.2525
DefaultTicketRegistry:0.24416666666666667
CasPersonDirectoryAttributeRepositoryConfiguration:0.20666666666666667
