View:0.5933333333333334
MetaCollectionView:0.2544444444444445
WorkCostTestBase:0.19333333333333333
SaveCollectionTotalsAction:0.18
WorkCostTest:0.13666666666666666
WorkCostUnorderedInvoicesTest:0.1
WorkCostOrderedInvoicesTest:0.043333333333333335
