SiteminderAuthenticationProviderTests:0.5333333333333333
SiteminderAuthenticationProcessingFilterTests:0.5233333333333333
SiteminderAuthenticationProcessingFilter:0.49666666666666665
SiteminderAuthenticationProvider:0.06
