Document:0.7066666666666667
DocumentImpl:0.33666666666666667
CustomObject:0.31666666666666665
HtmlDocumentHandler:0.27
XmlDocumentHandler:0.22333333333333333
DocumentFormat:0.19333333333333333
AnnotationEditor:0.18
DumpAsXmlAction:0.016666666666666666
