HopFile:0.6946666666666667
ErrorTypeDescriptor:0.495
FilePlugin:0.2744444444444445
