Generator:0.52
Token:0.4633333333333333
Parser:0.37
InfoMap:0.26111111111111107
