FedoraPolicyResourceNamespace:0.4704444444444445
FedoraPolicyActionNamespace:0.36666666666666664
