DomNode:0.8405555555555555
NodeImplTest:0.27666666666666667
