FileList:0.48333333333333334
FileUtil:0.45916666666666667
