Factory:0.82
jOOQTest:0.31
FunctionTests:0.23333333333333334
Power:0.16666666666666666
