Ctags:0.8133333333333334
SearchHelper:0.4533333333333333
