ParameterDisjunction:0.47
ResourceHandle:0.24666666666666667
ResourceViewer:0.23166666666666666
ParametersTableModel:0.22333333333333333
MainFrame:0.22
NewLRAction:0.18
ResourceTreeCellRenderer:0.18
NewResourceDialog:0.14333333333333334
FeaturesTableModel:0.09944444444444445
ProjectData:0.09944444444444445
ApplicationHandle:0.09333333333333334
LRHandle:0.06
ParameterDisjunctionRenderer:0.023333333333333334
ParameterDisjunctionEditor:0.023333333333333334
NewPRAction:0.01
