UnitManager:0.47333333333333333
MainDesktopPane:0.41
Simulation:0.4033333333333333
UIConfig:0.4033333333333333
ToolWindow:0.2866666666666667
MainWindow:0.28
AudioPlayer:0.27661111111111114
NavigatorWindow:0.2633333333333333
TowTabPanel:0.23333333333333334
MainDetailPanel:0.22666666666666666
MonitorTab:0.21
SearchWindow:0.20927777777777778
InhabitableBuildingPanel:0.19666666666666666
SoundWindow:0.19666666666666666
CrewTabPanel:0.19666666666666666
AssociatedPeopleTabPanel:0.19666666666666666
VehicleTabPanel:0.19666666666666666
PopulationTabPanel:0.19666666666666666
VehicleMaintenanceBuildingPanel:0.19666666666666666
LocationTabPanel:0.19
UnitToolBar:0.17444444444444446
MainWindowMenu:0.16666666666666666
NavigationTabPanel:0.15333333333333332
Resupply:0.15
SocialTabPanel:0.13666666666666666
DeathTabPanel:0.13666666666666666
InventoryTabPanel:0.13666666666666666
MissionTabPanel:0.07333333333333333
