StringScriptPreProcessor:0.7317063492063492
JavaScriptEngine2Test:0.36333333333333334
StringScriptPreProcessorTest:0.2633333333333333
