Messages:0.44617857142857154
ChooseScaleMethodWizardPage:0.43333333333333335
GhemicalPreferences:0.22666666666666666
IPreferenceConstants:0.19061111111111112
ManualScaleFactorWizardPage:0.14666666666666667
