LightweightThread:0.4666666666666667
InstrumentMethod:0.2866666666666667
C:0.22333333333333333
A:0.17666666666666667
InstrumentClass:0.17
SuspendTest:0.14666666666666667
InitialSizeTest:0.11666666666666667
CatchTest:0.11333333333333333
UninitializedTest:0.10333333333333333
FinallyTest:0.09333333333333334
ThrowTest:0.09333333333333334
Classes:0.09333333333333334
NullTest:0.09
DoubleTest:0.08
