WebKeys:0.426626984126984
DefinitionUtils:0.37666666666666665
RelevanceAjaxController:0.32
