XLogPDescriptor:0.5133333333333333
TPSADescriptor:0.2733333333333333
VdWRadiusDescriptor:0.2733333333333333
WeightDescriptor:0.25333333333333335
