ReferenceSearchAction:0.6316666666666667
XavaSuite:0.4666666666666667
CustomersSimpleTest:0.4666666666666667
