EvidenceDescriptionListBean:0.5266666666666666
GeneBeanFactory:0.4633333333333333
EvidenceTypeListBean:0.43333333333333335
