ServerConfiguration:0.69
JFXServerWrapper:0.36
ServerConfigurationParser:0.3233333333333333
ARINC661App:0.3016666666666667
JFXPainterUtils:0.22583333333333333
SwingServerWrapper:0.1925
JFXServerWrapper2Test:0.12333333333333334
ConfigProperties:0.0
