EncodingUtils:0.58
DashboardController:0.4533333333333333
CasReportsConfiguration:0.26
AbstractCasBanner:0.23666666666666666
