Lucene:0.65
StoreFileMetaData:0.26666666666666666
FileInfo:0.20333333333333334
RecoveryFileChunkRequest:0.20333333333333334
PluginsService:0.18
VersionTests:0.13666666666666666
MetadataSnapshot:0.13666666666666666
LenientParser:0.09416666666666666
