Util:0.85
SelectionEngine:0.33
RubyElementRequestor:0.3233333333333333
DefaultTypeInferrer:0.24333333333333335
