RelationCrawler:0.6666666666666666
JSPRelationMiner:0.4744444444444444
