X509ResponseMessage:0.65
CAAdminSessionBean:0.4266666666666667
RSASignSessionBean:0.2966666666666667
