ElasticsearchAssertions:0.4866666666666667
HttpServer:0.26
SitePluginTests:0.23333333333333334
ResponseHeaderPluginTests:0.20333333333333334
HttpResponseHasStatusMatcher:0.17333333333333334
