ComponentTesterTest:0.5166666666666667
LogTest:0.4033333333333333
BugsTest:0.3466666666666667
HierarchyWriterTest:0.2866666666666667
