FieldBuilderGeneric:0.29333333333333333
FieldBuilder:0.245
FieldBuilderEvent:0.18666666666666668
FieldBuilderSurvey:0.18666666666666668
FieldBuilderDescription:0.18666666666666668
FieldBuilderCheckbox:0.18666666666666668
FieldBuilderDate:0.18666666666666668
FieldBuilderGrouplist:0.18333333333333332
FieldBuilderUserName:0.18333333333333332
FieldBuilderExternalUserlist:0.18333333333333332
FieldBuilderIcon:0.18333333333333332
FieldBuilderSelect:0.18333333333333332
FieldBuilderTeamlist:0.18333333333333332
FieldBuilderUserlist:0.18333333333333332
FieldBuilderBinderIdList:0.18333333333333332
FieldBuilderTitle:0.18333333333333332
FieldBuilderGenericNotAnalyzed:0.0033333333333333335
