Elements:0.57
Element:0.5466666666666666
Node:0.2966666666666667
ElementTest:0.15
NodeTest:0.10666666666666667
