Message:0.48
Only:0.46309523809523817
MoreTypes:0.39666666666666667
ClassPermission:0.32
Not:0.31
BaseDateTime:0.24666666666666667
Sync:0.24666666666666667
AnnotatedWith:0.24233333333333335
ESLogRecord:0.22166666666666668
NamedImpl:0.22166666666666668
ConfigurationException:0.215
NativeList:0.20892857142857144
NativeMap:0.20892857142857144
ScriptableLinkedHashMap:0.20892857142857144
GenericArrayTypeImpl:0.18337301587301585
InPackage:0.18337301587301585
ParameterizedTypeImpl:0.1717063492063492
WildcardTypeImpl:0.1717063492063492
Returns:0.1515
SubclassesOf:0.1515
OrMatcher:0.1515
AndMatcher:0.1515
InSubpackage:0.1515
IdenticalTo:0.1515
AnnotatedWithType:0.12150000000000001
ProvisionException:0.06166666666666667
CreationException:0.01
