QueryRetrieveScpService:0.43666666666666665
XDSIService:0.33
AEService:0.2866666666666667
RIDSupport:0.2833333333333333
ContentEditService:0.2733333333333333
TLSConfigService:0.26666666666666666
MPPSScpService:0.22466666666666668
StoreScpService:0.21333333333333335
ExportManagerService:0.19666666666666666
MoveTask:0.15
