GraphToTikz:0.48
StateJVertex:0.19111111111111112
TransitionJEdge:0.16666666666666666
