EndpointIterator:0.7333333333333333
EndpointIteratorTest:0.32
DefaultRequestDispatcher:0.28555555555555556
