C3DCheckBox:0.7433333333333333
C3DCheckBoxSkin:0.6133333333333333
CheckBoxDemo:0.10333333333333333
StyleableProperties:0.09666666666666666
