TaskManagerConfig:0.5997222222222223
TestTaskManagerConfig:0.22
TaskResource:0.15333333333333332
ServerMainModule:0.12
AsyncHttpExecutionMBean:0.10333333333333333
