TypeRegistry:0.7733333333333333
ServerMainModule:0.46
TestingBlockEncodingManager:0.2833333333333333
