DisplacementChargeFromAcceptorReaction:0.7166666666666667
DisplacementChargeFromDonorReaction:0.7166666666666667
