Transformer:0.7566666666666667
StrandedZoomableApolloPanel:0.3466666666666667
