PcoreHitSet:0.5366666666666666
PcorePage:0.34
PcoreQueryResult:0.24
PcoreEditorModel:0.20666666666666667
MoleculesContentProvider:0.1841666666666667
HitsLabelProvider:0.15833333333333333
HitsPage:0.125
HitSetNameValidator:0.03
