Anchor:0.4033333333333333
Text:0.30416666666666664
PortletUrlHelper:0.2733333333333333
ClasspathPackageProvider:0.24300000000000002
Jsr168Dispatcher:0.18666666666666668
ServletUrlRenderer:0.18416666666666667
JasperReportsResult:0.18333333333333332
DispatcherServlet:0.175
PortletResult:0.17333333333333334
SelectHandler:0.15333333333333332
PortletUrlRenderer:0.14333333333333334
PortletStateInterceptor:0.14333333333333334
SubmitHandler:0.09333333333333334
ResetHandler:0.09333333333333334
LabelHandler:0.09333333333333334
TextAreaHandler:0.09333333333333334
CloseHandler:0.09333333333333334
