ISpectrumManager:0.7922222222222222
SpectrumManager:0.6616666666666666
