TransportClientNodesService:0.4866666666666667
TransportActionNodeProxy:0.38333333333333336
TransportService:0.33
InternalTransportClient:0.25666666666666665
RetryListener:0.2188888888888889
InternalTransportClusterAdminClient:0.20666666666666667
InternalTransportIndicesAdminClient:0.20666666666666667
InternalTransportAdminClient:0.1
