Controllers:0.48333333333333334
AndroidControllers:0.3566666666666667
ControllerManager:0.2454444444444444
Lwjgl3ControllerManager:0.205
DesktopControllerManager:0.14833333333333334
GwtControllers:0.10833333333333334
ControllerManagerStub:0.09333333333333334
