Articles:0.368
PageRepositoryImpl:0.2733333333333333
LinkRepositoryImpl:0.2733333333333333
ArticleQueryService:0.24
Filler:0.22
UserRepositoryImpl:0.21333333333333335
ArticleRepositoryImpl:0.20666666666666667
ArchiveDateArticleRepositoryImpl:0.2
TagArticleRepositoryImpl:0.2
FeedProcessor:0.2
TagRepositoryImpl:0.19
CommentRepositoryImpl:0.11
SitemapProcessor:0.09666666666666666
ArchiveDateRepositoryImpl:0.09666666666666666
UserRepositoryImplTestCase:0.09333333333333334
