EdgeViewI:0.46711904761904766
EdgeDataset:0.4633333333333333
Edge:0.38
NBrowseApplet:0.30333333333333334
EdgeFilterState:0.26666666666666666
EdgesInfoModel:0.19333333333333333
XMLio:0.19
EdgeTableView:0.18666666666666668
EdgeDataSetMetaData:0.08666666666666667
EdgeFilterEvent:0.06
JnetFilterObserver:0.04027777777777778
FilterListener:0.03666666666666667
