Builder:0.3406666666666667
Protos:0.33788888888888885
Extension:0.3233333333333333
Tag:0.3233333333333333
TransactionConfidence:0.27
Script:0.25666666666666665
WalletProtobufSerializerTest:0.24
Key:0.23444444444444448
TransactionOutput:0.22
TransactionInput:0.22
WalletProtobufSerializer:0.22
ExchangeRate:0.21
Wallet:0.21
TransactionSigner:0.21
Transaction:0.21
PeerAddress:0.20333333333333334
DeterministicKey:0.20333333333333334
EncryptedData:0.2
ScryptParameters:0.2
