EditView:0.4633333333333333
ButtonHelper:0.4066666666666667
WindowManager:0.34
TreeView:0.29833333333333334
ActionFamsAndSpouses:0.29333333333333333
ActionOrientation:0.29333333333333333
ActionFoldSymbols:0.2633333333333333
EditViewPlugin:0.23666666666666666
PopupWidget:0.23
Sticky:0.19666666666666666
Mode:0.19333333333333333
SexBean:0.18333333333333332
Popup:0.08
