JFXCursor:0.43
MouseEventHandler:0.36366209716209713
NoClipLabeledSkinBase:0.32
JFXRendererPropertiesFactory:0.31666666666666665
CSSMetaDataFactory:0.29083333333333333
Target:0.27666666666666667
NodePropertiesHelper:0.27666666666666667
ContinuousAnimationPlayer:0.25333333333333335
PopUpPanelButtonRenderer:0.23
JFXAnimationLaw:0.21666666666666667
AnimationHelper:0.15333333333333332
AbstractMapItemListRenderer:0.023333333333333334
