EhCacheRegionFactory:0.41333333333333333
AbstractEhcacheRegionFactory:0.3233333333333333
SingletonEhCacheRegionFactory:0.29333333333333333
EhcacheHibernateMBeanRegistrationImpl:0.23780555555555558
EhCacheRegionFactoryImpl:0.12666666666666668
EhCacheRegionTest:0.12666666666666668
HolidayCalendar:0.11
EhCacheTest:0.11
EhCacheMessageLogger:0.09916666666666667
ProviderMBeanRegistrationHelper:0.06333333333333334
