BusinessEntityManagerImpl:0.6777777777777778
DataModelLoader:0.2683333333333333
