WebDriverTestCase:0.4577777777777778
PostServlet1:0.40303174603174596
XMLHttpRequest2Test:0.3233333333333333
PostServlet2:0.1751666666666667
HeaderOrderServlet:0.12655555555555556
HttpWebConnection2Test:0.03666666666666667
