Request:0.69
RequestImpl:0.39666666666666667
NettyAsyncHttpProvider:0.35
AsyncHttpProviderUtils:0.23555555555555557
PerRequestRelative302Test:0.17666666666666667
