OOITBuilder:0.49666666666666665
Type:0.48
TypeChoice:0.4166666666666667
