DefaultFlatFileItemReader:0.7066666666666667
SimpleFlatFileItemReaderTests:0.3233333333333333
DefaultFlatFileItemReaderTests:0.21
FixedLengthImportJobFunctionalTests:0.17
TradeItemReader:0.11333333333333333
