BuildingPanelInhabitable:0.28300000000000003
TabPanelBuildings:0.27
BuildingPanelPower:0.237
BuildingPanelFarming:0.237
BuildingPanelResearch:0.22699999999999998
BuildingPanelMakingSoy:0.21699999999999997
BuildingPanelAstronomicalObservation:0.21699999999999997
BuildingPanelThermal:0.21033333333333334
BuildingPanelCooking:0.197
BuildingPanelVehicleMaintenance:0.18
BuildingPanelManufacture:0.16333333333333333
BuildingPanelMaintenance:0.15333333333333332
BuildingPanelMalfunctionable:0.15333333333333332
BuildingPanelMedicalCare:0.13666666666666666
BuildingPanelStorage:0.12333333333333334
ManufactureSelectionListCellRenderer:0.10766666666666666
