Management:0.6569444444444444
DOManager:0.5617777777777777
DefaultDOManager:0.4866666666666667
FedoraAPIMBindingSOAPHTTPImpl:0.29
DefaultManagement:0.24333333333333335
