Relation:0.6667222222222222
Solver:0.31666666666666665
BDDRelation:0.2833333333333333
InferenceRule:0.274
MyStringTokenizer:0.22
BDDInferenceRule:0.20333333333333334
BDDSolver:0.18666666666666668
MyReader:0.0
