VanillaChronicleHash:0.6111111111111112
ThreadLocalState:0.4266666666666667
MapCloseTest:0.33166666666666667
