ProcessListModel:0.7669444444444444
ProcessListPane:0.4486111111111111
