DocAction:0.5966666666666667
X_GL_Book:0.4166666666666667
MBOE:0.3933333333333333
X_C_BOE:0.29333333333333333
X_GL_BookLine:0.19666666666666666
X_GL_BookPeriod:0.19333333333333333
VDocAction:0.19333333333333333
MGLBookPeriod:0.06333333333333334
