BiojavaResource:0.6966666666666667
SequenceView:0.2733333333333333
ReadFastaActionDelegate:0.18
BiojavaSequenceDBPropertySource:0.13666666666666666
BiojavaSequencePropertySource:0.12333333333333334
BiojavaSequenceFactory:0.07
