CacheContext:0.6866666666666666
CacheGenerator:0.36666666666666664
