BooleanExpression:0.39
bop:0.3566666666666667
variables:0.30333333333333334
FunctionTable:0.20666666666666667
CodeGenerator:0.02666666666666667
