TextToSpeechPanel:0.6133333333333333
TextToSpeechOptions:0.4766666666666667
Starter:0.26416666666666666
