CachingAuthenticator:0.6416666666666667
ServerFactory:0.6016666666666667
View:0.285
