JFXComboBox:0.6966666666666667
JFXComboBoxListViewSkin:0.37666666666666665
JFXToggleButtonSkin:0.35
JFXToggleNodeSkin:0.18333333333333332
