Convertor:0.7066666666666667
CMLWriter:0.37333333333333335
