ClusterTest:0.49666666666666665
ClusterManager:0.49166666666666664
BaseManager:0.36666666666666664
