MultiLayerNetwork:0.72
ComputationGraph:0.6333333333333333
MultiLayerTest:0.18666666666666668
TestComputationGraphNetwork:0.17333333333333334
