TestUpdaters:0.5736111111111111
RecordReaderMultiDataSetIterator:0.45666666666666667
