Stack:0.3433333333333333
List:0.3333333333333333
Image:0.2633333333333333
Label:0.26
Window:0.225
ScrollPane:0.225
ComboBox:0.21666666666666667
FlickScrollPane:0.21666666666666667
SplitPane:0.2125
Slider:0.20333333333333334
TextField:0.20333333333333334
Button:0.17
CheckBox:0.08388888888888889
