StepExecution:0.5
StreamManager:0.46366666666666667
StepContext:0.4533333333333333
SimpleStepContext:0.29333333333333333
SynchronizedAttributeAccessorTests:0.2833333333333333
DelegatingItemReader:0.2733333333333333
OrderItemReader:0.23666666666666666
SimpleStepExecutorTests:0.23
SimpleStreamManagerTests:0.21333333333333335
ExceptionThrowingItemReaderProxy:0.18
SimpleStepContextTests:0.17
StepExecutionTests:0.16333333333333333
SimpleStepExecutor:0.15666666666666668
AggregateItemReader:0.14666666666666667
ChunkedStep:0.10666666666666667
ExceptionThrowingItemReaderProxyTests:0.09333333333333334
SimpleStreamManager:0.08
MockRestartableItemReader:0.056666666666666664
