ConsoleApp:0.7566666666666667
ClientConsoleApp:0.39666666666666667
ConsoleAppTest:0.17
