NodeGenerator:0.8033333333333333
NodeFactoryGenerator:0.41
NodeSpec:0.3308888888888889
