AjaxController:0.5822222222222222
ListFolderController:0.33972222222222226
WorkspaceTreeController:0.2763888888888889
