MainFrame:0.47333333333333333
ApplicationViewer:0.31666666666666665
LoadAction:0.30777777777777776
DSHandle:0.26666666666666666
CartoonMinder:0.26416666666666666
NewResourceDialog:0.24333333333333335
RemovePRAction:0.15666666666666668
