Dispatcher:0.8433333333333334
FilterDispatcher:0.38666666666666666
FileUploadInterceptor:0.38333333333333336
