MoleculesPage:0.6733333333333333
DescriptorsPage:0.49666666666666665
