ShibbolethCompatiblePersistentIdGenerator:0.7033333333333334
DigestUtils:0.2794444444444445
AbstractResourceBasedServiceRegistryDaoTests:0.27555555555555555
