TrainingSetWizardAction:0.043333333333333335
BAMWizardAction:0.043333333333333335
MultiLayerPerceptronWizardAction:0.043333333333333335
InstarWizardAction:0.043333333333333335
CompetitiveNetworkWizardAction:0.043333333333333335
KohonenWizardAction:0.043333333333333335
PerceptronWizardAction:0.043333333333333335
MaxnetWizardAction:0.043333333333333335
OutstarWizardAction:0.043333333333333335
AdalineWizardAction:0.043333333333333335
RBFWizardAction:0.043333333333333335
HopfieldWizardAction:0.043333333333333335
SupervisedHebbianWizardAction:0.043333333333333335
UnsupervisedHebbianWizardAction:0.043333333333333335
