PersonFactoryTest:0.5266666666666666
ListFactoryTest:0.5166666666666667
