PainlessParser:0.5833333333333334
NoSemiColonTests:0.3233333333333333
DefOperationTests:0.28
StringTests:0.15333333333333332
ReturnContext:0.15166666666666667
ThrowContext:0.15166666666666667
DoContext:0.15166666666666667
ContinueContext:0.12333333333333334
BreakContext:0.12333333333333334
DeclContext:0.12333333333333334
ExprContext:0.12333333333333334
