Notification:0.8388888888888889
JUTestNotification:0.41333333333333333
