LdapAuthenticationProperties:0.6688888888888889
LdapAuthenticationHandler:0.41333333333333333
DefaultAccountStateHandler:0.34555555555555556
