CacheManager:0.47
MetadataEntityManagerImpl:0.4
BusinessEntityManagerImpl:0.2833333333333333
BusinessEntityManager:0.21916666666666668
Util:0.20666666666666667
OperationNotPermittedException:0.16
BusinessEntityManagerRemote:0.13916666666666666
