SyncUtil:0.5233333333333333
ReferenceSnmpSyncProvider:0.2733333333333333
EntPhysicalSynchronizer:0.27
ServManagerFormCreator:0.21
CpwVcMplsSynchronizer:0.20666666666666667
IPSynchronizer:0.19333333333333333
SnmpMplsSyncProvider:0.19
CiscoVlansSinchronizer:0.18333333333333332
IPAddressesSyncProvider:0.1688888888888889
