CMap:0.42
Data:0.3466666666666667
RecordEntry:0.30333333333333334
ThreadContext:0.29333333333333333
EventTask:0.25333333333333335
ConcurrentMapManager:0.25
LocallyOwnedMap:0.24666666666666667
QueryTest:0.22333333333333333
Packet:0.21555555555555553
Serializer:0.14
Request:0.13777777777777778
BufferUtil:0.13
StoreAwareOperationHandler:0.1
IOTest:0.08666666666666667
IndexRegion:0.08666666666666667
GeneralTest:0.07666666666666666
