PhysicalCondition:0.6649999999999999
Medication:0.5933333333333334
AntiStressMedication:0.023333333333333334
