Project:0.35777777777777775
Assay:0.31666666666666665
Experiment:0.2783333333333333
Database:0.2733333333333333
Base2Database:0.24
MockDatabase:0.09666666666666666
