Simulator:0.5033333333333333
Editor:0.37666666666666665
JAttr:0.36277777777777775
StatePanel:0.30666666666666664
NewRuleAction:0.27444444444444444
JGraphPanel:0.2733333333333333
AspectJEdge:0.21666666666666667
EditorPanel:0.21333333333333335
RuleJTree:0.2
GraphJGraph:0.18333333333333332
StateJList:0.16666666666666666
MySelectionModel:0.0033333333333333335
