LocationTabPanel:0.7833333333333333
BuildingPanelMakingSoy:0.5637777777777777
