HtmlPage:0.6891666666666667
HtmlRadioButtonInput:0.47
HtmlRadioButtonInput2Test:0.23333333333333334
