ChannelManager:0.6283333333333333
MiscUtils:0.42
Redirect30xInterceptor:0.39222222222222225
