GuiceFilter:0.45
ServletModule:0.37
ServletKeyBindingBuilderImpl:0.14666666666666667
FilterKeyBindingBuilderImpl:0.14666666666666667
AllTests:0.1
FiltersModuleBuilder:0.03666666666666667
ServletsModuleBuilder:0.03666666666666667
