ProcessInstanceStub:0.49
ActorPrincipal:0.3983333333333333
ExecutionBean:0.12333333333333334
wfeTask:0.06
AuthenticationBean:0.041666666666666664
ProcessInstanceDoesNotExistException:0.013333333333333334
