GeoPointColumnReference:0.19833333333333333
BooleanColumnReference:0.195
ShortColumnReference:0.195
DoubleColumnReference:0.195
BytesRefColumnReference:0.195
LongColumnReference:0.195
IntegerColumnReference:0.195
FloatColumnReference:0.195
ByteColumnReference:0.195
ObjectColumnReference:0.15333333333333332
IpColumnReference:0.12666666666666668
