SelectionListener:0.44333333333333336
BlueprintList:0.3566666666666667
