Configuration:0.6
Starter:0.35333333333333333
TaskHandler:0.23
TasksTree:0.2225
ConfigurationWindow:0.21333333333333335
CustomizationConfigTab:0.11
DeleteTaskAction:0.09333333333333334
