JtdsDatabaseMetaData:0.42333333333333334
Tds8Test:0.32416666666666666
MSCursorResultSet:0.30333333333333334
ResultSetTest:0.28
DatabaseMetaDataTest:0.22666666666666666
