JsonWriterSettings:0.4066666666666667
JsonReader:0.39666666666666667
GenericBsonTest:0.22333333333333333
JsonWriterTest:0.22
JsonReaderTest:0.18
JaxbDateTimeFormatter:0.16
FormatterImpl:0.15866666666666668
DateTimeFormatter:0.13222222222222224
ExtendedJsonRegularExpressionConverter:0.12
ExtendedJsonBinaryConverter:0.12
Java8DateTimeFormatter:0.11
ExtendedJsonTimestampConverter:0.06333333333333334
