QedeqBoFormalLogicCheckerExecutor:0.4866666666666667
FormalProofCheckerExecutor:0.4533333333333333
ProofChecker:0.22333333333333333
LogicalCheckException:0.11333333333333333
BasicProofErrors:0.10838095238095237
ProofCheckerFactoryImpl:0.10222222222222221
ProofCheckerImpl:0.09666666666666666
ProofCheckException:0.02666666666666667
FormalProofCheckerPlugin:0.006666666666666667
