PartitionContainer:0.48333333333333334
MapProxySupport:0.38666666666666666
PutIfAbsentOperation:0.25
SetOperation:0.25
PutOperation:0.25
PutTransientOperation:0.25
BasePutOperation:0.2
LockOperation:0.19
ObjectMapProxy:0.18666666666666668
UnlockOperation:0.18
LockAwareOperation:0.18
RemoveOperation:0.12666666666666668
MapTest:0.12333333333333334
