Filter:0.6717063492063492
TimeSlotFilterForDate:0.28
FilterFactory:0.18666666666666668
FilterUtils:0.17333333333333334
TrueFilter:0.01
HiddenTaskFilter:0.01
