GwtTeamingMessages:0.49944444444444447
EnhancedViewProperties:0.46
EnhancedViewWidgetDlgBox:0.30333333333333334
GwtTeamingImageBundle:0.2733333333333333
ConfigData:0.26
DropWidget:0.25
EnhancedViewDropWidget:0.19333333333333333
EnhancedViewConfig:0.18666666666666668
Palette:0.16666666666666666
MashupTag:0.15
EnhancedViewInfo:0.09
EnhancedViewPaletteItem:0.01
ObjectKeys:0.0
