BaseManager:0.5233333333333333
Entries:0.3333333333333333
CMap:0.29333333333333333
BaseVariables:0.2791666666666667
ScheduledAction:0.2511111111111111
HazelcastTest:0.25
QueryService:0.105
