Strings:0.4
HistogramTests:0.32
GeoPoints:0.25
MinTests:0.24666666666666667
PercentilesTests:0.23333333333333334
PercentileRanksTests:0.23333333333333334
Doubles:0.21
Longs:0.21
LongTermsTests:0.20666666666666667
DoubleTermsTests:0.20666666666666667
StringTermsTests:0.16333333333333333
ScriptDocValues:0.12333333333333334
SearchFieldsTests:0.11333333333333333
