DataStructures:0.49666666666666665
ArrayQueue:0.4266666666666667
PatriciaTrie:0.42
RadixTrie:0.30333333333333334
