SyslogAppenderFactory:0.5566666666666666
Bootstrap:0.49666666666666665
AbstractLiquibaseCommand:0.2733333333333333
SyslogAppenderFactoryTest:0.12666666666666668
