OpenXavaUtils:0.6033333333333334
ActionCondition:0.4266666666666667
Action:0.4033333333333333
