Prepared:0.7306111111111111
FlatDynamicTypeBuilder:0.6766666666666666
TargetHandler:0.25
FlatDynamicTypeBuilderTest:0.04833333333333333
