TPSA:0.5533333333333333
SomeCDKFunctionOne:0.3233333333333333
SomeCDKFunctionTwo:0.3233333333333333
