List:0.6766666666666666
Stream:0.5466666666666666
Future:0.3466666666666667
