MetaSearcher:0.5746666666666667
LuceneSearcher:0.4802777777777777
Export:0.29333333333333333
