PDBReader:0.8416666666666667
PDBReaderTest:0.5433333333333333
