Exploration:0.5366666666666666
Mining:0.41333333333333333
CollectMinedMinerals:0.39
MissionDataBean:0.3333333333333333
MineSite:0.3
ExplorationSitesPanel:0.23333333333333334
RescueSalvageVehicle:0.23
CollectResourcesMission:0.20333333333333334
PartsTableModel:0.19666666666666666
CreateMissionWizard:0.13333333333333333
CollectIce:0.08444444444444445
CollectRegolith:0.08444444444444445
BotMembersPanel:0.05
