CollapseBuilder:0.5466666666666666
AbstractWireSerializingTestCase:0.31666666666666665
CollapseBuilderTests:0.2833333333333333
ExpandSearchPhase:0.17333333333333334
CollapseContext:0.16666666666666666
