WritableDataStoreDataSource:0.39
PostGISQueryUtil:0.38
SaveToPostGISDataSource:0.3333333333333333
PostGISSaveDriverPanel:0.24666666666666667
PostGISDataStoreDataSource:0.20333333333333334
PostGISSaveDataSourceQueryChooser:0.13666666666666666
PostGISConnectionUtil:0.09666666666666666
