TransportSQLActionTest:0.54
PartitionName:0.38333333333333336
CreateAlterTableStatementAnalyzerTest:0.31666666666666665
DocTableInfo:0.29444444444444445
DocSchemaInfo:0.27666666666666667
CreateTableAnalysis:0.19666666666666666
DocTableInfoBuilder:0.12
PartitionNameTest:0.05
