ServerHttpSecurity:0.5666666666666667
FormLoginBuilder:0.2833333333333333
DefaultLoginPage:0.20333333333333334
FormLoginTests:0.16333333333333333
RedirectServerAuthenticationSuccessHandler:0.16333333333333333
RedirectServerAuthenticationEntryPoint:0.14333333333333334
RequestCacheBuilder:0.12666666666666668
