ExtensionManager:0.64
MapLibraryManager:0.38
XMLSAXParser:0.24
EditorGrid:0.21333333333333335
MapItemRendererFactory:0.20111111111111113
