ArrayBuffer:0.63
Int32Array:0.45666666666666667
ArrayBufferView:0.44
Int16Array:0.11333333333333333
Int32ArrayTest:0.04666666666666667
ArrayBufferTest:0.043333333333333335
