Invoices2002Test:0.8716666666666667
GenerateReportServlet:0.48361111111111105
