SeqFeatureI:0.7833333333333333
SeqFeature:0.5366666666666666
AnnotatedFeatureSet:0.32
Exon:0.32
FeaturePair:0.2966666666666667
Gene:0.2277777777777778
Transcript:0.21333333333333335
GenericAnnotationI:0.2
GenericAnnotation:0.01
