GetRecordsValidation:0.6666666666666666
CSW202ServiceImpl:0.38
GetRecordsValidationTest:0.17333333333333334
