BinderHelper:0.8533333333333334
AbstractFolderCoreProcessor:0.37333333333333335
BinderModuleImpl:0.31728571428571434
