LockValue:0.5333333333333333
RedissonLock:0.43
JsonCodec:0.30666666666666664
RedissonLockTest:0.21333333333333335
