RuntimeEnvironment:0.86
PageConfig:0.36333333333333334
Util:0.3
WebappListener:0.19666666666666666
Results:0.19333333333333333
RuntimeEnvironmentTest:0.1
