CameraManager:0.5063333333333333
BarcodeReaderCaptureActivity:0.41
ResultHandler:0.36666666666666664
