PyFile:0.615
PyBuiltinFunctionSet:0.45666666666666667
PyXRange:0.32666666666666666
