Array:0.6066666666666667
StepFactory:0.4035555555555556
ArrayDebugPlugin:0.3333333333333333
HopDataStorage:0.29333333333333333
ArrayPlugin:0.29
ArrayPluginInterface:0.18883333333333338
DebugArray:0.0
