jOOQFirebirdTest:0.4266666666666667
T_639NumbersTable:0.3880952380952381
XUnused:0.3880952380952381
T_639NumbersTableRecord:0.38666666666666666
IT_639NumbersTable:0.3441666666666667
XUnusedRecord:0.25833333333333336
DataTypeTests:0.25666666666666665
IXUnused:0.19916666666666666
FirebirdTableDefinition:0.14
