HsqldbUtil:0.51
StructuredbManager:0.42333333333333334
Activator:0.20666666666666667
HsqldbTest:0.16666666666666666
