MongoClientOptions:0.49
Builder:0.32
MongoClients:0.25333333333333335
SocketClient:0.25333333333333335
SSLHandler:0.11166666666666666
DefaultAsyncConnectionFactory:0.09333333333333334
