BuildInfo:0.5666666666666667
DefaultNodeInitializer:0.37
BuildInfoProvider:0.16666666666666666
