TypeUtils:0.76
DefaultJSONParser:0.33666666666666667
ParserConfig:0.29
JavaBeanSerializer:0.25
MapSerializer:0.17666666666666667
