NettyConnectListener:0.4666666666666667
NettyRequestSender:0.45666666666666667
CloseCodeReasonMessageTest:0.3
ProxyHostnameChecker:0.19
