ValueAttribute:0.55
Instantiation:0.29
ObjectMappedTest:0.25333333333333335
UsingName:0.23092857142857146
SwitcherModel:0.21333333333333335
Scope:0.199
Styles:0.155
Keywords:0.15198412698412697
InstantiationCreator:0.12
