JavaWriter:0.7366666666666667
JavaWriterTest:0.3333333333333333
Keys:0.32666666666666666
KeysTest:0.31333333333333335
