TypeUtil:0.8216666666666667
JdtTypes:0.4033333333333333
