ParsedStatement:0.69
AggExpr:0.4033333333333333
GroupByRow:0.30666666666666664
QueryVisitor:0.2633333333333333
GroupByAggregateTest:0.2633333333333333
QueryVisitorTest:0.2633333333333333
InformationSchemaServiceTest:0.21333333333333335
AsyncBroadcastAction:0.2
SQLGroupingCollector:0.19444444444444445
SQLGroupingCollectorTest:0.16
