MonochromeBitmapSource:0.5627777777777778
Detector:0.53
BufferedImageMonochromeBitmapSource:0.35333333333333333
LCDUIImageMonochromeBitmapSource:0.3333333333333333
