JoyPetite:0.3566666666666667
JoyProps:0.2866666666666667
JoyScanner:0.27666666666666667
JoyDb:0.25
JoyProxetta:0.19
