AeronTest:0.4866666666666667
MediaDriver:0.36333333333333334
Aeron:0.33
UnicastTest:0.24333333333333335
MappingBufferUsageStrategyTest:0.11666666666666667
