CSSStyleDeclaration:0.7866666666666666
ComputedCSSStyleDeclaration:0.42
JavaScriptEngine:0.3230555555555556
