NodeMessage:0.5366666666666666
NodeIoFilter:0.26
IoBufferInputSource:0.22666666666666666
IoBufferOutputDestination:0.21333333333333335
SendingBundleState:0.11666666666666667
WaitingResultsState:0.09666666666666666
