RepeatTemplate:0.7633333333333333
SimpleStepExecutorFactory:0.31666666666666665
SimpleHolderStepConfiguration:0.2633333333333333
SimpleStepExecutorFactoryTests:0.24666666666666667
