Strand:0.8066666666666666
TransferChannel:0.31
Phaser:0.30666666666666664
