ApplicationResolver:0.5066666666666667
RobolectricPackageManager:0.4533333333333333
ApplicationTest:0.38333333333333336
ApplicationResolverTest:0.2733333333333333
