ISpherePlugin:0.5
CompareDialog:0.38
CompareNode:0.3333333333333333
CompareInput:0.25333333333333335
Messages:0.22216666666666668
CompareEditorConfiguration:0.15333333333333332
CompareAction:0.14666666666666667
CompareDifferencer:0.043333333333333335
