LogStreamFollower:0.6353333333333333
LoggingLogStreamFollower:0.45666666666666667
Decoder:0.4033333333333333
InMemoryLogStreamFollower:0.32666666666666666
