ReferenceAttributesCallback:0.7033333333333334
AbstractReferenceDefinitionParser:0.29
VirtualBundleBeanDefinitionParser:0.1988888888888889
