GraphJVertex:0.6244444444444444
SetLayoutMenu:0.4633333333333333
ShapeStateGenerator:0.3005555555555556
