BuildInformationRepositoryInMemoImpl:0.36
BuildLoopQueryService:0.35333333333333333
ClosableProjectMBeanConnection:0.35333333333333333
BuildDetailController:0.27
BuildLoopQueryServiceStub:0.22333333333333333
ConfigXmlFileService:0.18833333333333332
BuildInformationRepositoryInMemoImplTest:0.17666666666666667
CruiseControlJMXServiceForcedBuildStub:0.14333333333333334
BuildLoopQueryServiceTest:0.12333333333333334
GetProjectBuildStatusXmlControllerTest:0.12333333333333334
LatestBuildSummariesService:0.10333333333333333
ClosableProjectMBeanConnectionImpl:0.013333333333333334
