MyCollection:0.7483333333333333
DBCursorTest:0.5866666666666667
