WebserviceBean:0.5133333333333333
RemoteBusinessObjectLight:0.49333333333333335
BusinessEntityManager:0.42133333333333334
WebserviceBeanRemote:0.2866666666666667
BusinessEntityManagerImpl:0.16
