ImapCrawler:0.3333333333333333
ExampleImapCrawler:0.32
ImapDataSource:0.31333333333333335
DataObjectFactory:0.30666666666666664
AbstractExampleCrawler:0.2594444444444444
IMAPDS:0.23194444444444448
