QueryState:0.5655555555555555
CompoundPredicate:0.43333333333333335
Matcher:0.29333333333333333
