PrototypeRendererGL20:0.5083333333333333
LightManager:0.49333333333333335
StillModelViewerGL20:0.44333333333333336
ShaderLoader:0.17333333333333334
