ShapeJPort:0.44333333333333336
JEdgeView:0.4
GraphJEdge:0.32666666666666666
ShapeJModel:0.31
ShapeJVertex:0.22333333333333333
ShapeJVertexView:0.215
ShapeJEdgeView:0.10666666666666667
ShapeJPortView:0.1
