Property:0.65
TagPath:0.3466666666666667
Entity:0.3
MetaProperty:0.28
Fam:0.23
Indi:0.21333333333333335
Model:0.21
Media:0.12
Source:0.12
Note:0.11333333333333333
ChoosePropertyBean:0.11333333333333333
Repository:0.10333333333333333
PropertyMedia:0.1
Submitter:0.09
