AddDatastoreLayerPanel:0.56
DataStoreLayer:0.3933333333333333
AddDataStoreLayerWizard:0.2866666666666667
AddDatastoreLayerPlugIn:0.24666666666666667
GeometryColumn:0.1638888888888889
