RobolectricTestRunner:0.625
RobolectricInternals:0.31333333333333335
RobolectricTestRunnerClassLoaderConfigTest:0.29333333333333333
