OAuth20Service:0.54
OAuthService:0.12083333333333333
MailruOAuthServiceImpl:0.08738888888888888
OdnoklassnikiServiceImpl:0.08738888888888888
ImgurOAuthServiceImpl:0.08666666666666667
TutByOAuthServiceImpl:0.056666666666666664
OkHttpHttpClientTest:0.043333333333333335
