TicketGrantingTicketDelegator:0.4166666666666667
JpaTicketRegistryTests:0.38
JpaTicketRegistry:0.3233333333333333
AbstractDistributedTicketRegistry:0.23333333333333334
ServiceTicketDelegator:0.23333333333333334
ProxyGrantingTicketImpl:0.013333333333333334
