VocabularyHolder:0.49666666666666665
Word2Vec:0.38333333333333336
Builder:0.33666666666666667
VectorCalculationsThread:0.2088888888888889
WordVectorSerializer:0.14
VocabularyWord:0.12333333333333334
