ConnectionManager:0.641888888888889
Redisson:0.44
RedissonRemoteService:0.3466666666666667
CommandAsyncService:0.31333333333333335
MasterSlaveConnectionManager:0.21
