Transition:0.23083333333333333
ContinuationFlowExecutionRepository:0.21
DefaultFlowAttributeMapperTests:0.20666666666666667
Event:0.205
DefaultFlowExecutionRepository:0.18333333333333332
SubflowState:0.18
ClientContinuationFlowExecutionRepository:0.16333333333333333
FlowAttributeMapper:0.13333333333333333
AbstractFlowAttributeMapper:0.13333333333333333
NoSuchFlowExecutionException:0.12
FlowExecutionRestorationFailureException:0.0972777777777778
PersonIdMapper:0.023333333333333334
TestAttributeMapper:0.0033333333333333335
