Tag:0.7425
ArticleMgmtService:0.29333333333333333
FollowProcessor:0.2866666666666667
FollowMgmtService:0.26666666666666666
AdminProcessor:0.25
