ElementMatchers:0.8733333333333333
ElementMatchersTest:0.31666666666666665
