Style:0.8183333333333334
EvidencePanelOrientationManager:0.36666666666666664
