ExtensionManager:0.45649016
TextAreaPainter:0.4111178
Gutter:0.3481055
StructureMatcher:0.21750768
