ConjugatedPiSystemsDetectorTest:0.5466666666666666
CDKTests:0.30333333333333334
IsomorphismTests:0.11666666666666667
GraphTests:0.04583333333333333
ConjugatedPiSystemsDetector:0.03
