CacheProxy:0.47
Expirable:0.42861111111111116
JCacheExpiryPolicy:0.4077777777777778
