PathToken:0.4866666666666667
PathCompiler:0.4066666666666667
FunctionPathToken:0.34
PathTokenFactory:0.18416666666666667
NestedFunctionTest:0.14333333333333334
PathFunction:0.1388888888888889
AbstractAggregation:0.03333333333333333
Length:0.016666666666666666
PassthruPathFunction:0.0
