DFAState:0.2966666666666667
DFA:0.29333333333333333
IntervalSet:0.25333333333333335
Resolver:0.22
StackLimitedNFAToDFAConverter:0.21666666666666667
DFAVerifier:0.19333333333333333
DOTGenerator:0.13666666666666666
AnalysisPipeline:0.06666666666666667
