Client:0.6033333333333334
ThreadPool:0.31666666666666665
AbstractClient:0.24666666666666667
RandomizingClient:0.24666666666666667
TransportClient:0.21
InternalNode:0.2
RestClearIndicesCacheAction:0.17
ActionModule:0.14333333333333334
RestActionModule:0.11
Fields:0.023888888888888887
Names:0.0
