ChadoInstance:0.6039722222222224
FeatureSet:0.5466666666666666
WhereClause:0.47333333333333333
FlybaseChadoInstance:0.36333333333333334
JdbcChadoAdapter:0.3433333333333333
AbstractChadoInstance:0.3233333333333333
AnalysisTable:0.24
StrandedFeatureSet:0.20333333333333334
XmlConfigFileParser:0.14666666666666667
InClause:0.0
