AeronArchive:0.5333333333333333
ControlSessionDemuxer:0.2633333333333333
ArchiveProxy:0.2633333333333333
ControlRequestAdapter:0.17
ControlRequestListener:0.14583333333333334
