AsymmetricEncryptionConfig:0.3433333333333333
SymmetricEncryptionConfig:0.34
ExecutorConfig:0.2833333333333333
MapConfig:0.2633333333333333
NearCacheConfig:0.23
JoinMembers:0.21333333333333335
NetworkConfig:0.16333333333333333
Interfaces:0.16
QueueConfig:0.16
MulticastConfig:0.16
Join:0.08666666666666667
