StatementClient:0.7133333333333334
Query:0.6077777777777779
