FakeMapController:0.6433333333333333
FakeMapView:0.5783333333333333
FakeHelper:0.29333333333333333
