DistributedMasterBuilder:0.8416666666666667
DistributedMasterBuilderNoLookupTest:0.31666666666666665
