EvictionTest:0.49666666666666665
EvictionCheckerImpl:0.49
EvictionMaxSizePolicyTest:0.2866666666666667
EvictorImpl:0.2111111111111111
