Protocol:0.6283333333333333
HttpProtocol:0.4033333333333333
WebSocketProtocol:0.24833333333333332
