RrGraphics:0.4033333333333333
LayerProducer:0.35833333333333334
Producer:0.3466666666666667
BooleanGridList:0.31
AllSTLsToBuild:0.27666666666666667
LineSegment:0.2633333333333333
