Page:0.37333333333333335
Edition:0.34
TSResult:0.26
Alignement:0.24666666666666667
Zip:0.23666666666666666
Project:0.1925
ApplyXsl2:0.18444444444444444
QueryResult:0.12333333333333334
TSCorpus:0.08
SaxonNodeSet:0.006666666666666667
