HttpServerResponse:0.7555555555555555
HttpServerResponseImpl:0.5891666666666666
