ComponentScreenReader:0.6172222222222221
ScreenReader:0.5834999999999999
ScreenReaderFactory:0.2833333333333333
FocusController:0.26
Starter:0.14
