DocTableInfo:0.44
TransportSQLActionTest:0.38666666666666666
DocIndexMetaData:0.31333333333333335
InformationSchemaTest:0.30666666666666664
BlobTableInfo:0.23333333333333334
InformationSchemaQueryTest:0.208
AbstractTableInfo:0.19666666666666666
DocTableInfoTest:0.12666666666666668
