Multiplicity:0.8266666666666667
TestMultiplicity:0.3333333333333333
