VocabularyEditor:0.4166666666666667
MainPage:0.38
IImageKeys:0.36083333333333334
ImportFormEditor:0.3333333333333333
ExecuteScriptImport:0.20666666666666667
ImportSelectedText:0.16444444444444445
MetadataPage:0.15666666666666668
MetadataCellEditor:0.0033333333333333335
