EventTableModel:0.6933333333333334
MonitorWindow:0.35333333333333333
EventTab:0.23333333333333334
EventFilter:0.19333333333333333
TableProperties:0.14333333333333334
