Dialect:0.81
ModelItem:0.32
RelationTool:0.28
MySQLReverseEngineeringStrategy:0.14333333333333334
MySQLDialect:0.07666666666666666
OracleDialect:0.07666666666666666
SQL92Dialect:0.07666666666666666
MSSQLDialect:0.07666666666666666
JDBCReverseEngineeringStrategy:0.04
DialectFactory:0.023333333333333334
MSSQLReverseEngineeringStrategy:0.016666666666666666
OracleReverseEngineeringStrategy:0.016666666666666666
