Description:0.6733333333333333
ParentRunner:0.38666666666666666
PrintableResult:0.2733333333333333
SuiteDescriptionTest:0.19666666666666666
