NonBlockingSocketWriter:0.5333333333333333
NonBlockingSocketReader:0.44333333333333336
AbstractHandler:0.2966666666666667
