EJBeanPG:0.7449444444444445
DeleteSelectedAction:0.576388888888889
