LuceneBatchIterator:0.5633333333333334
LuceneDocCollectorBenchmark:0.44333333333333336
RowsBatchIteratorBenchmark:0.22
