Icon:0.6733333333333333
MetaInfo:0.44888888888888895
MColorIcon:0.25
CategoryIcon:0.15666666666666668
MetaInfoAction:0.15
