Search:0.5033333333333333
QueryRoutingTable:0.43333333333333335
MsgManager:0.43
ConnectionEngine:0.3433333333333333
MsgQuery:0.31333333333333335
