BondTest:0.3844444444444444
ElectronContainerTest:0.31666666666666665
SingleElectronTest:0.23666666666666666
LonePairTest:0.19666666666666666
NNElectronContainerTest:0.11
NNSingleElectronTest:0.11
NNBondTest:0.11
NNLonePairTest:0.11
DebugLonePairTest:0.09333333333333334
DebugBondTest:0.09333333333333334
DebugSingleElectronTest:0.09333333333333334
DebugElectronContainerTest:0.09333333333333334
