MultiLayerNetwork:0.5733333333333334
ComputationGraph:0.39666666666666667
Solver:0.27
BaseOptimizer:0.22333333333333333
ConvexOptimizer:0.21333333333333335
