TaskManagerConfig:0.6566666666666666
TestTaskManagerConfig:0.23
SystemSessionProperties:0.22666666666666666
LocalExecutionPlanner:0.18666666666666668
IndexLookupSourceSupplier:0.18
