SelectStatementAnalyzerTest:0.5866666666666667
InnerExpressionAnalyzer:0.31666666666666665
SQLTypeMappingTest:0.2833333333333333
TransportSQLActionTest:0.2733333333333333
InOperatorTest:0.2
AnyEqOperatorTest:0.17666666666666667
