SyntaxStyle:0.16008332
SyntaxHiliteOptionPane:0.09381409
GUIUtilities:0.08590583
jEdit:0.0546516
HyperSearchResults:0.053481124
JEditBuffer:0.03787785
TextArea:0.035211097
ColorWellButton:0.028187599
JEditTextArea:0.025824405
DefaultTokenHandler:0.024761291
Token:0.015750365
EnhancedDialog:0.010868217
