EntityId:0.45
ManageMenuPopup:0.38333333333333336
GwtTeamingMessages:0.32666666666666666
EventHelper:0.30666666666666664
GwtServerHelper:0.2866666666666667
ActionMenuCell:0.26
GwtViewHelper:0.23666666666666666
MainMenuControl:0.23666666666666666
GwtMenuHelper:0.22
GwtRpcServiceImpl:0.20333333333333334
RenameEntityDlg:0.18666666666666668
InvokeRenameEntityEvent:0.17333333333333334
ContextItemCommand:0.14
VibeDataTableConstants:0.07
RenameEntityCmd:0.06
