OkHttpClientTransportTest:0.49333333333333335
OkHttpClientTransport:0.4
Headers:0.38
ChannelImpl:0.2
AbstractClientTransport:0.14333333333333334
