Manager:0.4866666666666667
VMap:0.2966666666666667
VElement:0.29333333333333333
VLink:0.25333333333333335
