Tables:0.5066666666666667
Mysql:0.42333333333333334
