Keys:0.51
TBookRecord:0.36666666666666664
XTestCase_64_69:0.31333333333333335
XTestCase_2025:0.30333333333333334
TBookToBookStoreRecord:0.2966666666666667
XUnusedRecord:0.29
TDirectoryRecord:0.21
XTestCase_64_69Record:0.19
XTestCase_2025Record:0.16
XTestCase_71Record:0.15333333333333332
ForeignKeys0:0.0
