Types:0.8683333333333333
BuildFormEncodedTemplateFromArgs:0.4098888888888889
Util:0.32666666666666666
