DateFormatter:0.7566666666666667
NumberFormatter:0.5033333333333333
