ClassInfoLight:0.48333333333333334
AttributeMetadata:0.4066666666666667
BackendBean:0.33
User:0.3
ClassInfo:0.28550000000000003
UserInfo:0.2775
ToolsBeanRemote:0.27051984126984113
GenericView:0.25
GenericObjectList:0.22883333333333336
RootObject:0.22
Tower:0.21666666666666667
TimeSourceType:0.18333333333333332
Tools:0.17666666666666667
GenericCorporateService:0.15666666666666668
Floor:0.15361111111111111
Cabinet:0.13
TransientQuery:0.11333333333333333
InvalidArgumentException:0.10342063492063493
ViewableObject:0.05961111111111112
ClientDetail:0.006666666666666667
ToolsBean:0.0
SLA:0.0
FuseHolder:0.0
TimeSource:0.0
