LayerPanel:0.5266666666666666
GeoList:0.36666666666666664
SelectionLayer:0.18333333333333332
