TransferSizeCellRenderer:0.4877222222222222
TransferRateCellRenderer:0.4877222222222222
