JPPFJob:0.5566666666666666
ClientJob:0.4
JPPFResultCollector:0.36666666666666664
JPPFClient:0.31333333333333335
AbstractJPPFJob:0.25666666666666665
JobResults:0.25333333333333335
AbstractClientJob:0.23333333333333334
TestJPPFClient:0.21333333333333335
JPPFConnectionImpl:0.21166666666666667
JobExpirationAction:0.18333333333333332
ClientTaskBundle:0.17333333333333334
RemoteRunnable:0.11
TestJPPFResultCollector:0.09
LocalRunnable:0.07333333333333333
TestJPPFJob:0.06333333333333334
ExecutingJobStatusListener:0.029166666666666667
