Pointer:0.53
Function:0.36666666666666664
TestLibrary:0.3337857142857143
ArgumentsMarshalTest:0.325
StructureTest:0.28
Structure:0.24
CallbackReference:0.22333333333333333
Handler:0.22111111111111115
PublicTestStructureByRef:0.20806349206349206
StructureWithPointers:0.2063968253968254
PublicTestStructure:0.2063968253968254
DefaultCallbackProxy:0.17
ReturnTypesTest:0.16333333333333333
ByReference:0.09333333333333334
FFIType:0.07333333333333333
SizedUnion:0.07
UnionTest:0.07
ByValue:0.05333333333333334
