ProcessorTestSuite:0.4766666666666667
V13Source:0.4063730158730159
Source:0.36577777777777787
MainActivity:0.3233333333333333
V13ProcessorTestSuite:0.26666666666666666
