StatementListener:0.73
SchemaModifier:0.34
CompositeStatementListener:0.32
LoggingListener:0.25
RawTupleQuery:0.13333333333333333
UpdateOperation:0.12666666666666668
EntityUpdateOperation:0.12666666666666668
InsertReturningOperation:0.11333333333333333
BatchUpdateOperation:0.11333333333333333
