Variable:0.6266666666666667
MultiTaskExecutorsActionsDelegate:0.2866666666666667
Swimlane:0.25666666666666665
