FolderForm:0.4533333333333333
DCMUser:0.43666666666666665
MCMModel:0.34
UserEditSubmitCtrl:0.25666666666666665
MCMConsoleCtrl:0.2377777777777778
