ActionBuilder:0.6316666666666667
RouterTest:0.34
RouteMadvocConfigurator:0.29333333333333333
