Request:0.54
JsonFormat:0.36
HttpTest:0.285
Tasks:0.25333333333333335
AnnotationEntityMaker:0.25
Logs:0.23338888888888884
NutMvcListener:0.2298333333333333
AnnotationIocLoader:0.22672222222222221
UTF8JsonView:0.21277777777777776
MethodParamNamesScaner:0.19666666666666666
TimeSchedule:0.19333333333333333
ActionInvoker:0.1
PostSender:0.09333333333333334
FilePostSender:0.09333333333333334
DefaultViewMaker:0.09
