BoundedLocalCache:0.6166666666666667
IsCacheReserializable:0.47611111111111126
