FastDOReader:0.5366666666666666
SimpleDOReader:0.4422222222222223
