FilterableRequestSpecification:0.69
FilterableResponseSpecification:0.31333333333333335
FilterContext:0.31333333333333335
