Configuration:0.5033333333333333
ReflectionUtils:0.5033333333333333
Reflections:0.44333333333333336
ConfigurationBuilder:0.29
