FlowExecutionImpl:0.8966666666666666
FlowExecutionImplStateRestorer:0.31333333333333335
FlowExecutionImplStateRestorerTests:0.25666666666666665
