CrawlURI:0.6966666666666667
SimpleStore:0.38666666666666666
SimpleSelector:0.3233333333333333
