ReplicatedMapService:0.4533333333333333
ReplicatedMapProxy:0.4
ClientReplicatedMapProxy:0.2866666666666667
ClientReplicatedMapClearRequest:0.16666666666666666
ReplicatedMapDataSerializerHook:0.16
DummyClientReplicatedMapTest:0.12666666666666668
ReplicatedMapClearMessageTask:0.09666666666666666
ReplicatedMapEventHandler:0.05333333333333334
ReplicatedMapAddNearCacheEventHandler:0.023333333333333334
