SessionStatistic:0.5877777777777777
EditorManager:0.5133333333333333
ISharedEditorListener:0.3970952380952381
SharedEditorListenerDispatch:0.23
AbstractSharedEditorListener:0.15833333333333333
SelectionCollector:0.14333333333333334
