AlleleBean:0.43333333333333335
NullAlleleBean:0.38333333333333336
AlleleBeanImpl:0.38333333333333336
