BufferPlugIn:0.5366666666666666
Attribute:0.39
ViewSchemaPlugIn:0.36333333333333334
DisposeSelectedLayersPlugIn:0.21
RemoveSelectedLayersPlugIn:0.16333333333333333
ToNewSchema:0.0011111111111111111
