Elvin:0.5733333333333334
Subscription:0.5566666666666666
NotifyCallback:0.28
