RealExpression:0.7666666666666667
FNEG:0.11666666666666667
DNEG:0.11666666666666667
