TicketGrantingTicket:0.47
MongoDbConnectionFactory:0.34
AbstractCasWebflowEventResolver:0.30333333333333334
LdapConsentRepository:0.27666666666666667
