QueryBuilderFrame:0.7266666666666667
QueryBuilderService:0.5477777777777778
ShowQueryBuilder:0.14666666666666667
