CDKManager:0.81
ICDKManager:0.43333333333333335
CDKManagerTest:0.14333333333333334
