MultiCollector:0.43833333333333335
NestedAggregator:0.22
ReverseNestedAggregator:0.20083333333333334
MatchAndSort:0.19666666666666666
AggregationContext:0.17111111111111113
ScanCollector:0.17
IncludeNestedDocsWeight:0.17
EarlyTerminatingCollector:0.17
QueriesLoaderCollector:0.16666666666666666
ParentQueryTests:0.16333333333333333
TopHitsAggregator:0.16
ChildrenQueryTests:0.16
FilteredCollector:0.15
RecordingPerReaderBucketCollector:0.14333333333333334
AggregationsCollector:0.13666666666666666
DeferringBucketCollector:0.12
QueryCollector:0.12
MinimumScoreCollector:0.11333333333333333
NestedInnerHits:0.10666666666666667
ParentChildInnerHits:0.10666666666666667
NoopCollector:0.07666666666666666
