SCANNER:0.7866666666666666
ScannerMJI:0.5953333333333334
MangoTargetLauncher:0.39
JPF_mango_scanner_ScannerMJI:0.02666666666666667
