Type:0.5466666666666666
VariableWidthBlockCursor:0.42
AbstractVariableWidthRandomAccessBlock:0.37333333333333335
VariableWidthBlock:0.37333333333333335
VariableWidthRandomAccessBlock:0.3333333333333333
VariableWidthBlockEncoding:0.2808730158730159
FixedWidthType:0.14416666666666667
