DataProviderParserHandler:0.6266666666666667
DataProviderHandler:0.2808888888888889
DefaultHandler:0.25666666666666665
