FileUtils:0.7233333333333334
TypedProperties:0.42
StringUtils:0.30666666666666664
JPPFConfiguration:0.22444444444444447
VersionUtils:0.19111111111111112
