MethodInterpreter:0.44666666666666666
ReflectiveInterpreter:0.32666666666666666
BytecodeInterpreter:0.1786111111111111
PAProxy:0.17666666666666667
MakeProxy:0.11911111111111111
