ProcessDefinition:0.4533333333333333
Action:0.29333333333333333
DelegablePropertyDescriptor:0.23083333333333333
Decision:0.22
TypeNameMapping:0.21166666666666667
OutlineViewer:0.20666666666666667
BSHEditorDialog:0.18666666666666668
EnableJSValidationDelegate:0.16666666666666666
ErrorLogView:0.15833333333333333
OpenFormEditorDelegate:0.15
ImageCellEditor:0.15
RemoveTimerDelegate:0.12333333333333334
AddTimerDelegate:0.12333333333333334
OpenFormValidationDelegate:0.12
SubprocessDelegate:0.11
BaseActionDelegate:0.10333333333333333
StateGraphicalEditPart:0.057777777777777775
AddActionCommand:0.056666666666666664
XMLEditorDialog:0.056666666666666664
SwimlaneActionsDelegate:0.05333333333333334
TransitionGraphicalEditPart:0.023333333333333334
HighlightTextStyling:0.023333333333333334
ActionTreeEditPart:0.023333333333333334
ActiveActionsDelegate:0.02
DelegableCellEditorProvider:0.015833333333333335
JavaHighlightTextStyling:0.0033333333333333335
XmlHighlightTextStyling:0.0033333333333333335
DelegablePropertyDescriptorRegistry:0.0
BSHCellEditorProvider:0.0
GotoSwimlaneAction:0.0
SQLHandlerCellEditorProvider:0.0
XMLCellEditorProvider:0.0
