Scope:0.6433333333333333
Scopes:0.5933333333333334
PlainAnalyzer:0.26666666666666666
Results:0.22666666666666666
