Packet:0.6966666666666667
ClientHead:0.41
PacketEncoder:0.27
InPacketHandler:0.19
PacketDecoder:0.14666666666666667
PacketListener:0.11666666666666667
