Node:0.5366666666666666
RandomBlockJUnit4ClassRunner:0.23666666666666666
ConcurrentMapManager:0.23666666666666666
AddressPicker:0.23333333333333334
SchedulableOperationHandler:0.20333333333333337
SplitBrainHandler:0.18000000000000002
