XContentBuilder:0.6233333333333333
XContent:0.5133333333333333
FilterPathBasedFilter:0.2866666666666667
JsonXContentGenerator:0.23666666666666666
CborXContent:0.16
SmileXContent:0.16
YamlXContent:0.16
JsonXContent:0.15
SmileXContentGenerator:0.135
CborXContentGenerator:0.135
YamlXContentGenerator:0.135
FilterPathGeneratorFilteringTests:0.12333333333333334
