EjbcaWSTest:0.59
CommonEjbcaWS:0.3233333333333333
CaTestCase:0.31
EjbcaWSNonAdminTest:0.30666666666666664
