ProxyPolicy:0.7066666666666667
WebAppContextConfigurationTests:0.6666666666666666
