SessionImpl:0.475
SessionDelegatorBaseImpl:0.448
SessionImplementor:0.2891666666666667
StatelessSessionImpl:0.2866666666666667
