CsvLoader:0.71
DataLoaderServiceTest:0.37666666666666665
AbstractDataLoaderTest:0.2633333333333333
