JdbcSet:0.5233333333333333
IteratorIterator:0.43
JdbcSetIterator:0.3333333333333333
LazySet:0.212
