C3DListView:0.5233333333333333
C3DListViewSkin:0.39
C3DListCell:0.2866666666666667
DepthManager:0.24666666666666667
C3DListCellSkin:0.14444444444444446
StyleableProperties:0.03333333333333333
C3DListCellRippler:0.0
