NodeCommunicationService:0.5166666666666667
NodeCommunicationServiceSqlMap:0.34199999999999997
INodeCommunicationService:0.20333333333333334
InitialLoadExtractorService:0.13
