X_C_BOE:0.7133333333333334
VBoeGen:0.37666666666666665
MGLBookPeriod:0.27066666666666667
MGLBookLine:0.11333333333333333
MGLBook:0.11333333333333333
BOERefinance:0.023333333333333334
