ReceiveChannelEndpoint:0.6733333333333333
DriverConductor:0.43
SubscriptionLink:0.36666666666666664
Receiver:0.20333333333333334
ReceiverProxy:0.18666666666666668
