Gdx:0.7633333333333333
Application:0.7233333333333334
FrameBuffer:0.3233333333333333
LwjglApplication:0.2633333333333333
LwjglAWTCanvas:0.24333333333333335
IOSApplication:0.23666666666666666
LwjglCanvas:0.20666666666666667
AndroidApplication:0.20666666666666667
GwtApplication:0.20666666666666667
AndroidOnscreenKeyboard:0.19666666666666666
IOSFileHandle:0.18166666666666667
Sphere:0.11333333333333333
LwjglDebugStarter:0.10333333333333333
