TestInterleavedBlock:0.47333333333333333
TestVariableWidthBlock:0.365
AbstractTestBlock:0.2813333333333334
