ProviderInstanceBinding:0.74
ProviderInstanceBindingImpl:0.3566666666666667
ElementsTest:0.27666666666666667
LinkedBindingBuilder:0.24666666666666667
SpiBindingsTest:0.23
SpiUtils:0.23
ShortNameFactoryTest:0.20333333333333334
NodeVisitor:0.19666666666666666
ProviderMethodsTest:0.17666666666666667
BindingBuilder:0.16666666666666666
BindingProcessor:0.14333333333333334
InternalFactoryToInitializableAdapter:0.05
