CustomType:0.6633333333333333
SQL92SQLGenerator:0.36866666666666664
PostgresReverseEngineeringStrategy:0.32666666666666666
