MapEntry:0.6633333333333333
ClusterWidgets:0.43333333333333335
HazelcastMonitor:0.2866666666666667
AddClusterClickHandler:0.2511111111111111
MapPageBuilder:0.18
MapServiceImpl:0.02
MapServiceAsync:0.013333333333333334
MapService:0.013333333333333334
