BaseLayer:0.525
BasePretrainNetwork:0.4411111111111111
WeightInitUtil:0.23333333333333334
