Key:0.6766666666666666
ErrorMessages:0.48
BinderImpl:0.28
BindingBuilderImpl:0.2555555555555556
ProviderMethodsModule:0.23666666666666666
