MethodArgumentsProvider:0.22333333333333333
ParameterizedTestExtension:0.18666666666666668
CsvFileArgumentsProvider:0.17666666666666667
CsvParserIterator:0.17
CsvArgumentsProvider:0.08444444444444445
ValueArgumentsProvider:0.08444444444444445
TwoSingleStringArgumentsProvider:0.08333333333333333
EnumArgumentsProvider:0.055
ArgumentsProvider:0.006944444444444445
ArgumentsProviderWithCloseHandler:0.006944444444444445
MyArgumentsProvider:0.006944444444444445
