Lang:0.6566666666666666
Files:0.41333333333333333
PathNode:0.2622222222222223
MathsTest:0.23666666666666666
Maths:0.1597777777777778
ObjectMakerImpl:0.11333333333333333
