HealpixMapImp:0.6816666666666666
HealpixTool:0.43333333333333335
BoxDisplay:0.17
SimplePanel:0.13666666666666666
