ConnectionTypeDescriptor:0.7133333333333334
MEJBView:0.27
JDMKConnectionTypeDescriptor:0.26
JSR160ConnectionTypeDescriptor:0.26
Mx4jConnectionTypeDescriptor:0.26
ManagementNode:0.24666666666666667
ServerInstallSelectorPanel:0.22666666666666666
AbstractConnectionTypeDescriptor:0.15222222222222223
CustomObjectView:0.14333333333333334
TimeStatisticsView:0.13666666666666666
