HopParser:0.4
HopLexer:0.37666666666666665
HopSymbolTableWalker:0.31666666666666665
StepFactory:0.29333333333333333
DFA44:0.16111111111111112
DFA23:0.1487777777777778
DFA22:0.13544444444444442
DFA31:0.13544444444444442
DFA4:0.12833333333333333
