SpdyConnection:0.45
SpdyReader:0.38333333333333336
SpdyWriter:0.38
SpdyConnectionTest:0.35333333333333333
Reader:0.21066666666666667
MockSpdyPeer:0.1897222222222222
