State:0.5811111111111111
ScopesTest:0.3566666666666667
InheritingState:0.32666666666666666
TestState:0.26666666666666666
Scoping:0.23666666666666666
Scopes:0.23666666666666666
F:0.17166666666666666
G:0.17166666666666666
GHProvider:0.0685
FProvider:0.04666666666666667
H:0.023888888888888887
FImpl:0.023888888888888887
GHImpl:0.0
