JobSupport:0.43666666666666665
StagingItemWriter:0.30666666666666664
RemoteLauncherTests:0.22333333333333333
TotalOrderItemsFunction:0.19
DefaultJobLoader:0.14666666666666667
OrderTransformer:0.13
JobLauncherDetails:0.13
TradeFieldSetMapperTests:0.13
FileDeletingTasklet:0.13
FieldSetResultSetExtractor:0.12333333333333334
ConfigurableSystemProcessExitCodeMapper:0.12333333333333334
LogAdvice:0.12
JobExecutionNotificationPublisher:0.12
FutureDateFunction:0.11
OrderItemReader:0.10666666666666667
PersonWriter:0.09333333333333334
