AL10:0.6233333333333333
AL:0.49
PositionTest:0.26666666666666666
EAXListenerProperties:0.24666666666666667
EAX:0.24333333333333335
EAXBufferProperties:0.22333333333333333
EAX20:0.17666666666666667
SourceLimitTest:0.16333333333333333
EAXTest:0.16166666666666665
OpenALCreationTest:0.14666666666666667
BasicTest:0.14
MovingSoundTest:0.13666666666666666
PlayTest:0.13444444444444445
StressTest:0.13
PlayTestMemory:0.11666666666666667
