TaskStats:0.49666666666666665
OperatorStats:0.4033333333333333
TaskInfo:0.3466666666666667
PipelineStats:0.32
SplitOperatorInfo:0.14
TableFinishInfo:0.11
OperatorInfo:0.08666666666666667
