OperationService:0.7366666666666667
MapProxySupport:0.36333333333333334
DefaultRecord:0.3566666666666667
AbstractRecord:0.3433333333333333
EventServiceSegment:0.25666666666666665
DataMapProxy:0.24666666666666667
ObjectMapProxy:0.23
DefaultRecordStore:0.22666666666666666
EventServiceImpl:0.20666666666666667
MapKeySetOperation:0.19
OperationServiceImpl:0.17333333333333334
MapTest:0.16333333333333333
DeregistrationOperation:0.06
DataSerializerInitHook:0.03333333333333333
