FolderColumn:0.6533333333333333
ColumnWidth:0.4666666666666667
GwtTeamingMessages:0.4166666666666667
GwtClientHelper:0.39666666666666667
DataTableFolderViewBase:0.36666666666666664
SizeColumnsDlg:0.21333333333333335
TrashView:0.20666666666666667
GuestbookFolderView:0.17833333333333334
MicroBlogFolderView:0.16666666666666666
SurveyFolderView:0.16
MilestoneFolderView:0.16
PersonalWorkspacesView:0.16
FolderRowSortHandler:0.12333333333333334
FolderRowAsyncProvider:0.12
FolderRowComparator:0.1
