XMLLogHelper:0.44666666666666666
TestUtil:0.3933333333333333
XMLLogHelperTest:0.32
TwitterProxy:0.29
TwitterPublisher:0.10333333333333333
TwitterPublisherTest:0.02666666666666667
