CTLModelChecker:0.4633333333333333
AUTreader:0.32
NASABuchiTransition:0.22
ConditionalLTSPanel:0.19666666666666666
EditableContent:0.16333333333333333
IsEnumValue:0.15
BoundedModelCheckingDialog:0.14
