ArrayAggregationStateSerializer:0.5633333333333334
TestArrayAggregation:0.4505555555555556
ArrayAggregationFunction:0.315
