ComponentDefaults:0.3
SynthModelVisitor:0.28
SynthLookGenerator:0.2733333333333333
SynthModel:0.2733333333333333
UIComponentsFactory:0.20716666666666667
DependenciesHandler:0.16
WidgetsGenerator:0.1473809523809524
