XPathPropertyResolverTest:0.36666666666666664
FilterToLuceneTest:0.36
FilterSearchEngineTest:0.3
SimplePropertyResolverTest:0.15666666666666668
