BaseTest:0.36
GrizzlyCometSupportTest:0.15666666666666668
BlockingIOCometSupportTest:0.13333333333333333
TomcatCometSupportTest:0.12
Jetty6CometSupportTest:0.04666666666666667
