CommonSparkTrainingStats:0.6233333333333333
Builder:0.39
ParameterAveragingTrainingWorkerStatsHelper:0.3233333333333333
TestTrainingStatsCollection:0.2
