RevocationApprovalTest:0.44666666666666666
CaTestCase:0.43
ApprovalProfileSession:0.4232698412698413
ApprovalProfileSessionBean:0.38666666666666666
ApprovalProfileCacheBean:0.29333333333333333
ApprovalProfilesMBean:0.19333333333333333
ClearCacheServlet:0.15333333333333332
