SparkUtils:0.6033333333333334
SparkDl4jMultiLayer:0.4666666666666667
SparkComputationGraph:0.39
