NameRecogniser:0.5405555555555555
HtmlCleaner:0.4866666666666667
RecognizedChemistryResourceCreator:0.2633333333333333
