Xml:0.7533333333333333
ErrorHandler:0.4066666666666667
