LocalQueryRunner:0.5055555555555555
LocalExecutionPlanner:0.49666666666666665
TaskTestUtils:0.18333333333333332
