PrimitiveCodecs:0.45666666666666667
CollectionAcceptanceTest:0.41333333333333333
PojoDatastore:0.3677777777777778
