Reader:0.8372222222222222
SimpleReaderTest:0.3933333333333333
