opencv_imgproc:0.4
FREAK:0.32
opencv_contrib:0.29300000000000004
FaceRecognizer:0.26855555555555555
