OutgoingBatchService:0.6233333333333333
IDataService:0.5103333333333333
DataService:0.41
ManageIncomingBatchListener:0.31333333333333335
DataServiceSqlMap:0.18
