Archive:0.6766666666666666
Configuration:0.4766666666666667
Catalog:0.36333333333333334
RecordingFragmentReader:0.25666666666666665
