MDate:0.47
ArchiveItem:0.31
ArchiveChannel:0.2733333333333333
Archive:0.24211111111111114
MFrame:0.23666666666666666
