Toolbox:0.3233333333333333
Cooccurrence:0.3233333333333333
SpecificitesResult:0.29
CqiServer:0.2727777777777778
CA:0.26733333333333337
FactoMineRCA:0.25
Repartition:0.2306666666666667
Lexicon:0.2306666666666667
Vocabulary:0.22666666666666666
