PublisherSession:0.6566666666666666
PublisherSessionBean:0.30333333333333334
PublisherDataHandler:0.26
CertProfilesBean:0.21333333333333335
PublisherTest:0.20944444444444446
CaEditPublisherCommand:0.19
PublisherSessionTest:0.15666666666666668
CaEditPublisherCommandTest:0.14
CaImportProfilesCommand:0.12333333333333334
PublishQueueProcessWorker:0.11
