MediaDriverAdminThread:0.5566666666666666
BufferManagementStrategy:0.36333333333333334
BasicBufferManagementStrategy:0.22
