TreeConverter:0.5366666666666666
FunctionalExpression:0.35833333333333334
RewriteContext:0.33
X:0.3167619047619048
DefaultMethodsTest:0.16333333333333333
Y:0.0647777777777778
