Context:0.9604444444444444
FlowExecutionHolder:0.6866666666666666
