MapFacadeBean:0.59
ModuleInfo:0.39666666666666667
EmailNotifications:0.36
QuoteTest:0.19333333333333333
