ExecutionStats:0.5333333333333333
SqlTaskManagerStats:0.33666666666666667
OperatorStats:0.31333333333333335
ExecutionStatsSnapshot:0.2833333333333333
SplitCompletionEvent:0.25
SplitExecutionStats:0.19
QueryMonitor:0.16333333333333333
