BeanPanel:0.6533333333333333
EventsBean:0.2866666666666667
EditPlugin:0.28222222222222226
