FileVariable:0.7
FormHashModel:0.51
SQLActionHandler:0.17333333333333334
VariableForm:0.1527777777777778
FreemarkerTag:0.1461111111111111
AbstractQuery:0.1461111111111111
SendEmailActionHandler:0.09666666666666666
EmailTaskHandler:0.09666666666666666
FreemarkerStartFormBuilder:0.07666666666666666
FreemarkerTaskFormBuilder:0.07666666666666666
VariableDownloaderAction:0.07333333333333333
ViewListTag:0.04
MergeMapsActionHandler:0.03333333333333333
FileFormat:0.03333333333333333
