EventBusBridge:0.7933333333333333
SockJSServer:0.6861111111111111
DefaultSockJSServer:0.39
SockInfo:0.08333333333333333
