BarcodeFormat:0.32
RSS14Reader:0.26666666666666666
MultiFormatReader:0.22666666666666666
CommandLineRunner:0.17666666666666667
PDF417BlackBox2TestCase:0.14666666666666667
PDF417BlackBox1TestCase:0.14666666666666667
PDF417Reader:0.14444444444444446
MultiFormatOneDReader:0.12
RSS14BlackBox1TestCase:0.09333333333333334
RSS14BlackBox2TestCase:0.09333333333333334
