ArticleProcessor:0.4533333333333333
UserRegisterValidation:0.41333333333333333
ArticleMgmtService:0.2633333333333333
