NearCache:0.69
AbstractClientInternalCacheProxy:0.3466666666666667
NearCachedClientMapProxy:0.25
NearCacheTestSupport:0.22666666666666666
StaleReadPreventerNearCacheWrapper:0.22083333333333333
ClientReplicatedMapProxy:0.19666666666666666
ClientHeapNearCache:0.18416666666666667
DefaultNearCache:0.17
NearCacheImpl:0.17
