View:0.7033333333333334
MockFlowSession:0.33666666666666667
MockRequestControlContext:0.3333333333333333
ViewState:0.24833333333333332
MockRequestContext:0.22333333333333333
MockFlowExecutionContext:0.18333333333333332
ViewStateTests:0.17
RequestContext:0.12583333333333332
StubViewFactory:0.043333333333333335
