ITrackerResourceBundle:0.6566666666666666
ITrackerResourcesTest:0.34555555555555556
ITrackerResourceBundleTest:0.32
