DocumentContentReader:0.27
LuceneIREngine:0.20333333333333334
FeatureReader:0.16666666666666666
