Flyway:0.6566666666666666
MigrationTestCase:0.25
AbstractMigrationLoadingTask:0.22166666666666668
CommandLineLargeTest:0.15333333333333332
FlywayMediumTest:0.13666666666666666
MigrateTask:0.13666666666666666
ConcurrentMigrationTestCase:0.11333333333333333
SqlMigrationResolver:0.10666666666666667
JdbcMigrationResolver:0.09
MigrateMojo:0.09
JavaMigrationResolver:0.09
SpringJdbcMigrationResolver:0.09
Main:0.08
