Jedis:0.51
Client:0.5066666666666667
BinaryClient:0.4033333333333333
BinaryJedis:0.22333333333333333
