Bc_senecaPlugin:0.45
IJudge:0.45
HOSECodeJudge:0.35633333333333334
SymmetryJudge:0.21466666666666667
JudgePage:0.21333333333333335
WCCNMRShiftDBJudge:0.09916666666666667
HMBCJudge:0.08769841269841269
HHCOSYJudge:0.08769841269841269
WCCHOSECodeJudge:0.0825
IJudgeFactory:0.058333333333333334
