SqlFile:0.6
SqlTool:0.38
PrivateException:0.24
RCData:0.17
SqlToolException:0.06333333333333334
MainInvoker:0.013333333333333334
