ParcelerModule:0.7886111111111112
ParcelerClassGenerationStrategy:0.2891666666666667
