Property:0.5466666666666666
Indi:0.3566666666666667
PropertyXRef:0.2574444444444444
Fam:0.24333333333333335
ReportValidate:0.18666666666666668
PropertyChild:0.15583333333333332
PropertyFamilySpouse:0.13666666666666666
