TreeMap:0.4533333333333333
AbstractTraversableTest:0.45
AbstractMapTest:0.25666666666666665
TreeMapTest:0.21666666666666667
EntryComparator:0.13666666666666666
