DestinationProvider:0.6533333333333333
WebServiceTemplate:0.5333333333333333
WebServiceTemplateTest:0.2866666666666667
Wsdl11DestinationProvider:0.11666666666666667
AbstractCachingDestinationProvider:0.1
Wsdl11DestinationProviderTest:0.03
DestinationProvisionException:0.0
