BeanConfig:0.6411111111111111
AbstractScanner:0.5495555555555557
ApiListingResource:0.4
WebXMLReader:0.17666666666666667
