Context:0.7766666666666666
ContextImpl:0.32666666666666666
HandlerManager:0.26
FakeAsyncMap:0.25333333333333335
EventLoopContext:0.23666666666666666
VertxImpl:0.22333333333333333
HAManager:0.22333333333333333
DatagramSocketImpl:0.20666666666666667
DnsClientImpl:0.20333333333333334
FakeClusterManager:0.19666666666666666
EventBusImpl:0.19333333333333333
ConnectionHolder:0.19305555555555554
ClusteredEventBusTest:0.17333333333333334
FakeAsyncMultiMap:0.16333333333333333
AsynchronousLock:0.15
AsynchronousCounter:0.14333333333333334
VertxInternal:0.13753968253968255
FakeLock:0.02666666666666667
