BaseTest:0.3433333333333333
TestLexerExec:0.30666666666666664
TestSemPredEvalParser:0.2866666666666667
TestFullContextParsing:0.28
TestListeners:0.27666666666666667
TestParserExec:0.22666666666666666
