MemberStateImpl:0.59
TimedMemberState:0.5066666666666667
UTFEncoderDecoderTest:0.14333333333333334
