ConcurrentMapManager:0.5413333333333333
FactoryImpl:0.42
TestApplicationContext:0.2763888888888889
