ValueType:0.66
ValueAttribute:0.5166666666666667
ValuesTest:0.39666666666666667
