NetcdfParameter:0.5233333333333333
Alias:0.41333333333333333
NetcdfProjection:0.37333333333333335
SimpleCitation:0.3427777777777778
NetcdfAxis:0.11416666666666667
AliasList:0.04666666666666667
