MockFilter:0.78
DependencyListener:0.6166666666666667
ServiceRefAwareTest:0.23333333333333334
FrameworkUtil:0.08
