Shapefile:0.4533333333333333
ShapefileWriter:0.2733333333333333
MultiLineHandler:0.25333333333333335
MultiPointHandler:0.22
PolygonHandler:0.18666666666666668
PointHandler:0.14
