jdbcDatabaseMetaDataTest:0.5166666666666667
jdbcCallableStatementWhileClosedTest:0.4033333333333333
jdbcCallableStatementTest:0.4033333333333333
jdbcRowIdTest:0.299
jdbcConnectionTest:0.2806666666666667
jdbcParameterMetaDataTest:0.259
jdbcSQLXMLTest:0.19233333333333336
