TargetCallableRequest:0.6166666666666667
DelegatingFuture:0.36333333333333334
ClientCancellableDelegatingFuture:0.32666666666666666
