GwtTeamingMessages:0.7233333333333334
ShareThisDlg:0.37333333333333335
GwtShareHelper:0.3333333333333333
AdminControl:0.25666666666666665
GwtServerHelper:0.25
EditShareRightsDlg:0.23333333333333334
ShareRightsWidget:0.2227777777777778
BinderViewsHelper:0.19
WebKeys:0.014285714285714285
