WebSocket:0.5866666666666667
InvalidDataException:0.2833333333333333
FramedataImpl1:0.18
ChatClient:0.16666666666666666
AutobahnClientTest:0.14666666666666667
CloseFrameBuilder:0.08888888888888889
