EventBusImpl:0.53
HandlerMetric:0.44842857142857134
FakeEventBusMetrics:0.35
DummyEventBusMetrics:0.18416666666666667
EventBusMetrics:0.14583333333333334
