ExternalContext:0.6866666666666666
ViewState:0.2866666666666667
FlowHandlerAdapter:0.27
PortletExternalContext:0.25
MockExternalContext:0.24666666666666667
ServletExternalContext:0.23666666666666666
FlowViewStateManager:0.22666666666666666
FlowHandlerAdapterTests:0.19333333333333333
JsfViewFactory:0.17944444444444443
EndState:0.13666666666666666
BookingFlowHandler:0.11333333333333333
JsfViewFactoryTests:0.07666666666666666
JsfFinalResponseActionTests:0.06
