CheckDefinitionARINCRefTest:0.545
ARINCDefinitionVerifier:0.43666666666666665
CheckDefinitionAction5Test:0.37833333333333335
