ClassPresentation:0.6533333333333333
ExecutionService:0.565
ProcessInstanceStub:0.49
BatchPresentation:0.43
Token:0.41
ProcessInstance:0.33
SubProcessDBSource:0.30333333333333334
TableViewSetupFormTag:0.30333333333333334
ExecutionServiceDelegate:0.29678571428571426
ReflectionRowBuilder:0.27
JbpmExecutionServiceBean:0.24
RowBuilder:0.2305555555555555
ExecutionServiceDelegateLocalImpl:0.19333333333333333
JbpmExecutionLogic:0.19333333333333333
ExecutionServiceDelegateRemoteImpl:0.19333333333333333
JbpmCommonLogic:0.19333333333333333
SortingHeaderBuilder:0.18
SubstitutionRowBuilder:0.17333333333333334
ProcessInstanceSwimlaneRowBuilder:0.17333333333333334
BotTaskRowBuilder:0.17333333333333334
ProcessInstanceSwimlaneAssignmentRowBuilder:0.16333333333333333
SubProcessInstanceRowBuilder:0.15
TableBuilder:0.12333333333333334
ListProcessesInstancesFormTag:0.11666666666666667
HibernateCompilerHelper:0.08333333333333333
ProcessInstanceClassPresentation:0.07666666666666666
ProcessInstanceVariablesRowBuilder:0.04
RootProcessInstanceTDBuilder:0.03333333333333333
AddRootProcessInstance:0.0
