displayStructureAsPDFTable:0.6966666666666667
displayStructure:0.5327777777777778
