BaseAsyncAction:0.44666666666666666
AsyncAction:0.24833333333333332
