NotificationManager:0.41
ThresholdEntity:0.3933333333333333
SuspectEventProcessor:0.35
SnmpThresholder:0.2633333333333333
NotificationWizardServlet:0.21666666666666667
