StagingItemReader:0.5633333333333334
AggregateItemReader:0.33
OrderItemReader:0.19
ListItemReader:0.14666666666666667
JmsItemReaderTests:0.08
ItemReaderAdapter:0.07333333333333333
StagingItemReaderTests:0.07333333333333333
DelegatingItemReader:0.07333333333333333
JmsItemReader:0.07333333333333333
ValidatingItemReader:0.06333333333333334
ListItemReaderTests:0.05450000000000001
DelegatingItemReaderIntegrationTests:0.05333333333333334
DelegatingItemReaderTests:0.05
ValidatingItemReaderTests:0.03666666666666667
TransactionAwareListItemReaderTests:0.02666666666666667
OrderItemReaderTests:0.02666666666666667
AggregateItemReaderTests:0.02361111111111111
AbstractItemReader:0.0
