ResTableConfig:0.62
DynamicRefTable:0.27051984126984113
Chunk:0.24333333333333335
LocaleData:0.22
ResTableEntry:0.11284259259259263
ArscTable:0.07638888888888888
ResTableConfigTest:0.06166666666666667
Util:0.03666666666666667
IdmapEntries:0.020555555555555556
ResTableMapEntry:0.006666666666666667
ResTableType:0.0
ResTablePackage:0.0
