Setup:0.59
SampleData:0.44666666666666666
Cli:0.22666666666666666
