CrlSessionStandAlone:0.35833333333333334
CrlSessionBean:0.25333333333333335
CrlSessionStandAloneBean:0.15333333333333332
