Edge:0.6333333333333333
Vertex:0.37333333333333335
Dijkstra:0.3333333333333333
Graph:0.24
DataStructures:0.11666666666666667
