PublisherSessionBean:0.7416666666666667
InternalResourcesTest:0.4083333333333333
