ThreadLocalProperties:0.42933333333333334
ClientReplicatedMapProxy:0.37666666666666665
UuidUtil:0.2625
LazySamplingEntryIterableIterator:0.22366666666666665
BackpressureRegulator:0.21666666666666667
HazelcastParallelClassRunner:0.20400000000000001
SampleableConcurrentHashMap:0.155
