AbstractTestQueries:0.633611111111111
FeaturesConfig:0.46166666666666667
TestFeaturesConfig:0.24
PlanOptimizersFactory:0.22666666666666666
