DBAdmin:0.6166666666666667
DBWriter:0.5566666666666666
