QueryTag:0.5266666666666666
ComposedQuery:0.4066666666666667
Grouper:0.2866666666666667
ListFormDataProvider:0.20333333333333334
ComposedSubquery:0.13333333333333333
QueryValueComputer:0.12333333333333334
AuthorizationInfo:0.11
