AnalyzerDispatcher:0.49333333333333335
BlobTableAnalyzer:0.4909444444444445
AlterBlobTableAnalyzer:0.22833333333333333
AlterBlobTableAnalyzedStatement:0.11333333333333333
