BlobStoreRepository:0.53
URLRepository:0.37666666666666665
SharedClusterSnapshotRestoreTests:0.30333333333333334
