Messages:0.5632579365079363
ScaleFactorWizardPage:0.48333333333333334
