Redisson:0.61
RedissonMap:0.3333333333333333
EvictionScheduler:0.2733333333333333
KeySet:0.22611111111111115
RedissonBaseMapIterator:0.2
MapGetAllDecoder:0.18833333333333332
RedissonCacheTask:0.16
