MovePhysicalLinkToContainerFrame:0.7166666666666667
MovePhysicalLinkOutOfContainerFrame:0.47457142857142853
