Customer:0.68
CustomerDao:0.44388888888888894
CustomerDaoImpl:0.21333333333333335
App:0.19
