DoubleAverageAggregation:0.23
LongAverageAggregation:0.23
FixedWidthAggregationFunction:0.22166666666666668
DoubleMaxAggregation:0.16333333333333333
DoubleSumAggregation:0.16333333333333333
DoubleMinAggregation:0.16333333333333333
LongMaxAggregation:0.16333333333333333
CountAggregation:0.16333333333333333
LongSumAggregation:0.16333333333333333
LongMinAggregation:0.16333333333333333
FixedWidthAggregator:0.14333333333333334
