PersistencyHandler:0.41083333333333333
EditServlet:0.4
QueryHandler:0.3584285714285714
JAMWikiServlet:0.29
DatabaseHandler:0.2733333333333333
DefaultQueryHandler:0.23333333333333334
FileHandler:0.21333333333333335
