ConfigurationProcessor:0.47
BasicConstructorAutowiring:0.24940873015873027
ConstructorAutowiring:0.16666666666666666
Repository:0.1276190476190476
AutoBeanMethodProcessor:0.10666666666666667
AutoBeanTests:0.056666666666666664
Service:0.05333333333333334
