PKCS11Utils:0.5233333333333333
Pkcs11SlotLabel:0.4766666666666667
KeyStoreTools:0.43666666666666665
Pkcs11Wrapper:0.28
NormalTest:0.16
