MockMvcRequestSender:0.5566666666666666
LoggingITest:0.5
RestAssuredMockMvc:0.4766666666666667
MockMvcRequestSpecification:0.33916666666666667
