ClientConnection:0.61
ClientConnectionManager:0.5038888888888888
ClientConnectionManagerImpl:0.36
Heartbeat:0.2597222222222222
ClientInvocationServiceSupport:0.21333333333333335
ClientNonSmartListenerService:0.19666666666666666
AuthenticationFuture:0.17333333333333337
CleanResourcesTask:0.1288888888888889
InitConnectionTask:0.12666666666666668
