HopParser:0.42
HopLexer:0.3933333333333333
HopSymbolTableWalker:0.2833333333333333
HopVirtualMachine:0.22833333333333333
DFA80:0.1311111111111111
DFA58:0.1311111111111111
