NodeInfo:0.37166666666666665
ProcessorInfo:0.33666666666666667
Stats:0.26666666666666666
IngestStats:0.24333333333333335
IngestInfo:0.23666666666666666
NodeInfoStreamingTests:0.14666666666666667
