FakeContextWrapper:0.4766666666666667
FakeHelper:0.45
FakeSettings:0.17777777777777778
FakeApplication:0.17333333333333334
ContextWrapperTest:0.15666666666666668
