JSONSerializer:0.46
FieldInfo:0.4033333333333333
ASMSerializerFactory:0.35
FastJsonProvider:0.2633333333333333
SerializeConfig:0.21666666666666667
JavaBeanSerializer:0.20666666666666667
MapSerializer:0.1552777777777778
