MTGRoot:0.6333333333333333
MTGBranchElement:0.5016666666666667
MTGLoader:0.25
