Synth2Parser:0.36333333333333334
MessagePanel:0.30666666666666664
XMLMessage:0.2966666666666667
ServerXMLWidgetTest:0.25
Synth2ParserTest:0.22666666666666666
Synth2:0.22
SynthMultiLineLabelUI:0.16
DecorationPainter:0.06666666666666667
