HtmlDocumentFormat:0.6833333333333333
Scratch:0.36333333333333334
