ProxyOptions:0.39666666666666667
HTTPExamples:0.35333333333333333
TestUtils:0.3
ProxyOptionsConverter:0.2966666666666667
NetExamples:0.27666666666666667
