TypeGraph:0.73
RuleModel:0.30666666666666664
CompositeTypeModel:0.21666666666666667
TypeModel:0.19666666666666666
GraphBasedModel:0.11666666666666667
