Q:0.4266666666666667
MapConfig:0.35
CMap:0.33666666666666667
BaseManager:0.24
ConcurrentMapManager:0.22
XmlConfigBuilder:0.2125
ClusterTest:0.21
LockOperationHandler:0.19777777777777777
SortedHashMap:0.18666666666666668
MGet:0.13
