GwtTeamingMessages:0.506388888888889
GwtNetFolderHelper:0.26666666666666666
AdminControl:0.25
InvokeEditNetFolderDlgEvent:0.25
EventHelper:0.22333333333333333
ModifyNetFolderDlg:0.20666666666666667
UserPropertiesDlg:0.20111111111111113
