InternalScriptedMetric:0.7433333333333333
InternalScriptedMetricTests:0.3433333333333333
AggregationsTests:0.30666666666666664
