XMLDocumentTest:0.30333333333333334
DocumentNavigator:0.27666666666666667
XMLDocument:0.2733333333333333
ActiveXObject:0.24666666666666667
Sarissa099Test:0.22666666666666666
XMLElement:0.19666666666666666
