Request:0.49
TestingUtils:0.3433333333333333
RequestBuilderTest:0.30666666666666664
ApacheClientTest:0.27666666666666667
RequestBuilder:0.17333333333333334
GenericHttpRequest:0.16
