RowInsertion:0.5733333333333334
DefaultDOReplicator:0.41
DBIDLookup:0.3772222222222222
