DefaultLabelIncrementer:0.5141666666666667
CVSLabelIncrementer:0.5141666666666667
DefaultLabelIncrementerTest:0.22666666666666666
CVSLabelIncrementerTest:0.22666666666666666
