JFlexXrefTest:0.5738888888888889
PhpXrefTest:0.37333333333333335
HtmlConsts:0.014071428571428572
