ParallelUniverseTest:0.62
TestRunnerSequenceTest:0.27666666666666667
MyApplication:0.21666666666666667
MyTestLifecycle:0.14083333333333334
ParallelUniverseInterface:0.12416666666666666
