RegistrationService:0.56
RegistrationServiceSqlMap:0.37666666666666665
Db2As400DdlBuilder:0.18666666666666668
Db2As400SymmetricDialect:0.16333333333333333
Db2As400TriggerTemplate:0.09
