IndexedSeq:0.3333333333333333
Nil:0.2916666666666667
Seq:0.29
Queue:0.26
Cons:0.24
CharSeq:0.21333333333333335
AbstractSeqTest:0.15333333333333332
