HttpRequest:0.24
Net:0.15666666666666668
IOSNet:0.13333333333333333
AndroidNet:0.13333333333333333
GwtNet:0.08666666666666667
LwjglNet:0.08666666666666667
HttpResponse:0.04666666666666667
HttpResponseListener:0.03
HttpMethods:0.0
