Vehicle:0.45666666666666667
Rover:0.36333333333333334
GroundVehicle:0.3566666666666667
ConstructionSite:0.3466666666666667
VehicleMaintenance:0.25333333333333335
BuildingConstructionMission:0.24
BuildingSalvageMission:0.24
LabelMapLayer:0.16666666666666666
VehicleMapLayer:0.14333333333333334
ConstructBuilding:0.13666666666666666
SalvageBuilding:0.13666666666666666
