NodeService:0.53
InvocationBuilder:0.5166666666666667
ClusterService:0.37
NodeServiceImpl:0.30666666666666664
PartitionService:0.23916666666666667
TransactionImpl:0.20194444444444445
MigrationRequestOperation:0.2
WanNoDelayReplication:0.18666666666666668
TcpIpJoiner:0.18333333333333332
AbstractJoiner:0.18333333333333332
Migrator:0.18166666666666667
MapProxy:0.17333333333333334
ResponseHandlerFactory:0.10666666666666667
LocalInvocationResponseHandler:0.013333333333333334
