IncomingError:0.8
ISqlTemplate:0.37
AbstractSqlTemplate:0.2866666666666667
ManageIncomingBatchListener:0.235
DataLoaderServiceSqlMap:0.21444444444444447
DataLoaderService:0.20916666666666667
IncomingErrorMapper:0.07666666666666666
