DBCollection:0.43
UpdateRequest:0.34
MongoCollectionImpl:0.33666666666666667
UpdateCommandMessage:0.22666666666666666
UpdateMessage:0.20333333333333337
