JobExecutionContext:0.4266666666666667
Builder:0.41333333333333333
JobExecutionContextTest:0.25
JobContextService:0.23
JobRequest:0.21666666666666667
RemoteCollector:0.20333333333333334
SQLPlugin:0.18
TransportJobAction:0.14333333333333334
RemoteCollectorTest:0.11666666666666667
ExecutionPhasesTask:0.09333333333333334
JobContextServiceTest:0.07
