ParameterConstants:0.5272936507936508
DataGapDetector:0.30333333333333334
DataRefGapDetector:0.30333333333333334
