RedissonKeys:0.4866666666666667
CommandAsyncService:0.36666666666666664
RedisCommands:0.24444444444444444
CommandAsyncExecutor:0.20833333333333334
RKeysAsync:0.15833333333333333
RedissonKeysTest:0.15333333333333332
RKeys:0.14416666666666667
