Modules:0.41333333333333333
ModuleTestBase:0.37333333333333335
ModuleManager:0.37
NaviOXFilter:0.21333333333333335
Organizations:0.20666666666666667
Initializer:0.16333333333333333
NaviOXPreferences:0.13
SignInHelper:0.09666666666666666
SignInAction:0.07
InitSignInAction:0.0011111111111111111
