CelsiusConverter:0.5766666666666667
CelsiusConverterTest:0.5333333333333333
