GenericTypeDescription:0.4802777777777778
TypeDefinition:0.42934126984126986
Default:0.3566666666666667
Latent:0.22666666666666666
ForWildcardType:0.2111111111111111
ForGenericArray:0.2111111111111111
OfLoadedType:0.21
DeclaringTypeMatcher:0.17666666666666667
TransformedMethod:0.145
MethodGraph:0.09444444444444444
Compiler:0.02
AbstractBase:0.0
