IO:0.8266666666666667
JUTestIO:0.30333333333333334
