NeuralNetConfiguration:0.44399999999999995
ParameterAveragingTrainingMaster:0.32666666666666666
BaseOptimizer:0.30333333333333334
SparkDl4jLayer:0.28
StochasticGradientDescent:0.2544444444444444
TestEarlyStopping:0.20333333333333334
