RScoredSortedSet:0.5631111111111111
RedissonScoredSortedSet:0.49
RedissonScoredSortedSetReactive:0.36666666666666664
RScoredSortedSetReactive:0.19416666666666665
RScoredSortedSetAsync:0.19416666666666665
RedissonScoredSortedSetTest:0.14666666666666667
