GraphJGraph:0.3566666666666667
GraphJModel:0.3433333333333333
LTSJModel:0.29733333333333334
LTSJGraph:0.23666666666666666
AbstractLayouter:0.2111111111111111
JGraphPanel:0.2
StateDisplay:0.19833333333333333
LTSDisplay:0.19
ProgressObserver:0.05333333333333334
