UpdateSitesPreferencePage:0.5666666666666667
ApplicationWorkbenchAdvisor:0.37666666666666665
UpdatesAvailableDialog:0.3466666666666667
UpdateAction:0.10666666666666667
AddExtensionsAction:0.10666666666666667
IDialogConstants:0.07222222222222222
