ReportModuleImpl:0.52
LicenseStats:0.52
AbstractLicenseModule:0.33666666666666667
BaseLicenseModule:0.3233333333333333
