JPPFJob:0.5733333333333334
TestTaskRunner:0.38333333333333336
JPPFAnnotatedTask:0.24666666666666667
TestAnnotatedStaticTask:0.19333333333333333
