IDocumentModelListener:0.35
IReconcilingParticipant:0.3027420634920635
RubyCore:0.27
RubySourceViewerConfiguration:0.2633333333333333
RubyReconcilingStrategy:0.25
RubyAbstractEditor:0.24333333333333335
NotifyingReconciler:0.13333333333333333
DocumentModelChangeEvent:0.08333333333333333
RubyAutoIndentStrategy:0.05333333333333334
