dateEditor:0.5166666666666667
ReadableFormatter:0.4766666666666667
