Unit:0.5966666666666667
Map:0.47
PathNode:0.4533333333333333
MapGenerator:0.26
IndianBringGiftMission:0.21333333333333335
AIPlayer:0.18
