PollableService:0.5738888888888889
TaskCreationTest:0.5466666666666666
NotificationTask:0.4822222222222223
