ApprovalRequest:0.44666666666666666
EjbcaWS:0.35333333333333333
EjbcaWSNonAdminTest:0.3233333333333333
WebServiceConfiguration:0.305
ApprovalProfileMBean:0.17333333333333334
ApprovalExecutorUtil:0.13333333333333333
