JEntrezReader:0.6033333333333334
PubSourceVivifier:0.5266666666666666
FetchIntoPubTest:0.17666666666666667
