TransportSQLActionTest:0.4166666666666667
GroupByRow:0.4166666666666667
AsyncBroadcastAction:0.23694444444444437
SQLGroupingCollector:0.17588888888888887
CountAggState:0.14666666666666667
SQLGroupByResultTest:0.12166666666666667
SQLQueryService:0.11
SQLReduceJobStatusTest:0.08833333333333333
TransportDistributedSQLAction:0.08
MinAggState:0.05
CountAggFunction:0.041111111111111105
MinAggFunction:0.0
