OptionalBinderTest:0.5433333333333333
SpiUtils:0.38333333333333336
RealOptionalBinder:0.36333333333333334
OptionalBinder:0.34
