Part:0.7433333333333333
NettyAsyncHttpProvider:0.44666666666666666
UnmodifiableHeaders:0.27666666666666667
ConnectListener:0.14
