PipeBinderTest:0.30333333333333334
MorphBinderTest:0.29
OriginBinderTest:0.2866666666666667
DefaultCallBinderTest:0.21333333333333335
DefaultBinderTest:0.18333333333333332
