ToeThread:0.44333333333333336
CrawlController:0.4033333333333333
URIFrontier:0.2980555555555555
MemFPUURISet:0.23
ToePool:0.19666666666666666
CandidateURI:0.17666666666666667
CrawlScope:0.1475
SimpleFrontier:0.05333333333333334
ARCReader:0.013333333333333334
BasicScope:0.0
