MetaDataBean:0.6133333333333333
FilterItem:0.4866666666666667
FilterList:0.2733333333333333
FilterListConfig:0.25333333333333335
MetaDataComparator:0.23
