HttpServerImpl:0.7256944444444445
DatagramSocketImpl:0.4266666666666667
NetServerImpl:0.3883333333333333
VertxImpl:0.3
VertxInternal:0.18416666666666667
