JPPFClient:0.38666666666666666
AbstractJPPFClientConnection:0.31666666666666665
JPPFClientConnectionImpl:0.31666666666666665
ClassServerDelegateImpl:0.17333333333333334
AbstractGenericClient:0.16
RemoteExecutionThread:0.13333333333333333
SerializationHelperImpl:0.12
NonDelegatingClassLoader:0.08666666666666667
