FeatureSet:0.49
Transcript:0.31333333333333335
ApolloFrame:0.2733333333333333
ResidueProperties:0.19333333333333333
