SNMPConfig:0.6433333333333333
SNMPManager:0.5666666666666667
RunnableJob:0.2
RunJob:0.17333333333333334
RunJobRemote:0.16333333333333333
SnmpReader:0.02861111111111111
RunJobs:0.01
SnmpTableProcessor:0.006666666666666667
SnmpLeafProcessor:0.006666666666666667
SimpleWebService:0.0033333333333333335
SnmpLeafWriter:0.0
SnmpTableWriter:0.0
SnmpLeafJobListener:0.0
