ObjectiveCHeaderGeneratorTest:0.45666666666666667
HeaderImportCollector:0.3333333333333333
ObjectiveCHeaderGenerator:0.30666666666666664
ObjectiveCSegmentedHeaderGenerator:0.2866666666666667
ObjectiveCImplementationGenerator:0.18611111111111112
ObjectiveCSourceFileGenerator:0.16333333333333333
