DemographicAnalyzer:0.9533333333333334
ReportDemography:0.30333333333333334
