SavedRequest:0.6233333333333333
UrlUtils:0.4066666666666667
FilterInvocation:0.31333333333333335
SavedRequestTests:0.1
