TestEngine:0.6655555555555556
JUnit5TestEngine:0.5411111111111111
