DataManager:0.4533333333333333
ReusableObjManager:0.36
Utils:0.35333333333333333
Add:0.31333333333333335
ReplacementStrategy:0.2105952380952381
KeywordsStrategy:0.21
ContactsStrategy:0.19
FormatsStrategy:0.18666666666666668
ExtentsStrategy:0.16333333333333333
Update:0.13333333333333333
Processor:0.09333333333333334
ProcessParams:0.08666666666666667
ExtentHelper:0.08666666666666667
