Tuple:0.41655555555555557
Tuple0:0.37666666666666665
Tuple8:0.20333333333333334
Tuple4:0.20333333333333334
Tuple5:0.20333333333333334
Tuple6:0.20333333333333334
Tuple7:0.20333333333333334
Tuple2:0.20333333333333334
Tuple3:0.20333333333333334
Tuple1:0.18
Tuple8Test:0.17666666666666667
Tuple3Test:0.09666666666666666
Tuple7Test:0.09666666666666666
Tuple5Test:0.09666666666666666
Tuple2Test:0.09666666666666666
Tuple4Test:0.09666666666666666
Tuple6Test:0.09666666666666666
Tuple1Test:0.08666666666666667
