Latex2Utf8Parser:0.8033333333333333
Qedeq2Utf8:0.58
ReferenceFinder:0.27244444444444443
