DrawableSequence:0.5944444444444443
ExonI:0.5921666666666668
Exon:0.36
DrawableGeneSeqFeature:0.31666666666666665
