QueueService:0.4533333333333333
MapService:0.30833333333333335
TopicService:0.2966666666666667
DistributedExecutorService:0.2966666666666667
