Native:0.8166666666666667
Advapi32Util:0.27
AlphaMaskDemo:0.25333333333333335
NativeTest:0.24472222222222223
AlphaMaskDemo2:0.21333333333333335
FilteredTextFieldDocument:0.15
