DatabaseAuthorizationProvider:0.6044444444444443
AuthorizationProvider:0.4141666666666667
