MultiConsumer:0.5133333333333333
ColumnIndexWriterProjector:0.45666666666666667
IndexWriterProjector:0.45666666666666667
CompositeCollector:0.18666666666666668
ShardCollectSource:0.18333333333333332
MultiConsumerTest:0.12666666666666668
IndexWriterProjectorUnitTest:0.1162777777777778
