WebClient:0.8833333333333333
Prototype160Test:0.33666666666666667
YuiTest:0.32666666666666666
Dojo102Test:0.22666666666666666
