TestIngestDemoObjects:0.4666666666666667
TestAPIALite:0.4166666666666667
