ByteBufNIO:0.6333333333333333
GridFSBucketImpl:0.3433333333333333
CompositeByteBuf:0.3155555555555556
TestInternalConnection:0.25333333333333335
LazyBSONObject:0.22333333333333333
AsyncStreamHelper:0.2
PowerOfTwoBufferPool:0.17333333333333334
ReplyMessageTest:0.14
MessageHelper:0.13666666666666666
