GwtTaskHelper:0.42333333333333334
TaskInfo:0.30333333333333334
TaskDuration:0.2966666666666667
AssignmentInfo:0.23
GwtTeamingTaskListingImageBundle:0.18416666666666667
