RouterService:0.48333333333333334
DataGapRouteReader:0.38333333333333336
BshDataRouter:0.2816666666666666
DelayRoutingException:0.18666666666666668
