FlowExecutorImpl:0.7166666666666667
FlowExecutorHelper:0.37666666666666665
FlowAction:0.36
PortletFlowController:0.27666666666666667
FlowController:0.20333333333333334
