Main:0.7094444444444444
QedeqMainFrame:0.38333333333333336
