WebSocketImpl:0.58
CloseFrame:0.5186666666666666
WebSocketClient:0.36666666666666664
