SysCheck:0.5647777777777778
RowsCollector:0.5133333333333333
SystemCollectSource:0.2866666666666667
SystemCollectSourceTest:0.21333333333333335
ShardCollectSource:0.19666666666666666
SysChecker:0.18833333333333332
AbstractSysCheck:0.17
PgCatalogTables:0.15333333333333332
SysSnapshotsTest:0.11
