AbstractMediaWriterService:0.45
ExecutionStatusInfo:0.37666666666666665
JMSDelegate:0.3433333333333333
MediaCreationMgtScpService:0.2866666666666667
MakeIsoImageService:0.27
MediaCreationException:0.19333333333333333
MediaComposerService:0.16666666666666666
CDRecordService:0.0
