DriverConductor:0.44333333333333336
SendChannelEndpoint:0.2683333333333333
ReceiveChannelEndpoint:0.245
UdpChannelTransport:0.21333333333333335
