CasCoreWebflowConfiguration:0.7487777777777778
RiskAwareAuthenticationWebflowEventResolver:0.2966666666666667
