AddressingEndpointInterceptor:0.5766666666666667
AbstractActionEndpointMapping:0.44666666666666666
AbstractAddressingEndpointMapping:0.39666666666666667
AnnotationActionEndpointMapping:0.38
