FastForwardReporter:0.585
SimpleTestImpl:0.4633333333333333
HeliosDeploymentResource:0.27555555555555555
