ShadowView:0.7316666666666667
ViewGroupTest:0.3333333333333333
ShadowViewGroup:0.26
ViewTest:0.25
