JDBCDataStore:0.7327777777777779
OracleDataStore:0.35300000000000004
