Robot:0.5566666666666666
TestHierarchy:0.38333333333333336
ScriptEditor:0.35333333333333333
WindowTracker:0.27666666666666667
JTextComponentTester:0.2658333333333333
InputState:0.26
TestHierarchyTest:0.21333333333333335
AWTHierarchy:0.20888888888888887
Holder:0.2063968253968254
AWTFixtureHelper:0.20333333333333334
EventRecorderTest:0.20333333333333334
ComponentTestFixture:0.2
DragAwareEventQueue:0.19666666666666666
JTableTester:0.19666666666666666
EditorContext:0.19333333333333333
EventNormalizer:0.16333333333333333
EventNormalizerTest:0.16
AWTHierarchyTest:0.14
ConditionEDTDecorator:0.13666666666666666
