TaskParser:0.6766666666666666
TC_TaskParser:0.2733333333333333
