Materialisation:0.5766666666666667
PatternShape:0.4266666666666667
MatStep:0.3566666666666667
TestMaterialisation:0.07333333333333333
CombinatorialIterator:0.04
