ZenDiscovery:0.7666666666666667
MinimumMasterNodesTests:0.24333333333333335
ClusterServiceTests:0.16333333333333333
ClusterDynamicSettingsModule:0.03666666666666667
