FormAction:0.5432222222222223
FormActionTests:0.4533333333333333
TestBeanValidator:0.28
