SDFIndexEditorModel:0.6633333333333333
MoleculeTableManager:0.25333333333333335
IMoleculeTableManager:0.09666666666666666
IPropertyCalculator:0.06333333333333334
NumberOfAtomCalculator:0.016666666666666666
