HttpSecurityBeanDefinitionParser:0.37666666666666665
SecurityFilterChain:0.23133333333333336
HttpConfigurationBuilder:0.20666666666666667
SecurityNamespaceHandler:0.20333333333333334
FilterChainProxyConfigTests:0.19
DebugFilter:0.16666666666666666
DefaultFilterChainValidator:0.15277777777777776
HttpFirewallBeanDefinitionParser:0.14
AnyRequestMatcher:0.09
InvalidConfigurationTests:0.08666666666666667
BeanIds:0.0033333333333333335
