GwtRpcService:0.7
GwtRpcServiceAsync:0.49366666666666664
ProfileStats:0.4766666666666667
GwtQuickViewDlg:0.32
GwtRpcServiceImpl:0.21333333333333335
ProfileSidePanel:0.20666666666666667
ProfileStatsPanel:0.08333333333333333
