SDFElement:0.5266666666666666
CDKManager:0.4666666666666667
MoleculeLabelProvider:0.25666666666666665
SDFElementSorter:0.02
