ClusterTest:0.5825
ListenerManager:0.2833333333333333
AddRemoveListenerOperationHandler:0.22758730158730164
AddRemoveListener:0.22
TargetAwareOperationHandler:0.14
MAddKeyListener:0.1321111111111111
