DisplayManager:0.18124808
Anchor:0.15912633
BufferHandler:0.14077775
JEditBuffer:0.110742085
Log:0.033777855
Debug:0.005562093
