ClientAdminThread:0.5066666666666667
Source:0.3983333333333333
Aeron:0.37666666666666665
BasicBufferManagementStrategy:0.29
