QueryStats:0.6866666666666666
QueryStateMachine:0.3466666666666667
TestQueryStats:0.24333333333333335
