AddDistributedObjectListenerMessageTask:0.3
MapAddPartitionLostListenerRequest:0.25333333333333335
AwaitRequest:0.24
SignalRequest:0.22333333333333333
ConditionSignalMessageTask:0.19666666666666666
RemovePartitionLostListenerMessageTask:0.19666666666666666
MapAddPartitionLostListenerMessageTask:0.19666666666666666
ConditionAwaitMessageTask:0.19666666666666666
ConditionBeforeAwaitMessageTask:0.19666666666666666
ConditionSignalAllMessageTask:0.19666666666666666
MapRemovePartitionLostListenerMessageTask:0.19666666666666666
GetDistributedObjectsRequest:0.18666666666666668
RemoveDistributedObjectListenerRequest:0.17333333333333334
MapRemovePartitionLostListenerRequest:0.17
DistributedObjectListenerRequest:0.15
GetDistributedObjectsMessageTask:0.08666666666666667
