ObjectKeys:0.7930555555555554
GwtRpcServiceImpl:0.42333333333333334
Favorites:0.39666666666666667
FavoritesLimitExceededException:0.16333333333333333
