DurableExecutorServiceTest:0.6466666666666666
ExecutorServiceTestSupport:0.3233333333333333
DurableSmallClusterTest:0.25833333333333336
