DefaultConcretePartProvider:0.5266666666666666
AbstractPortTypesProvider:0.39666666666666667
DefaultMessagesProvider:0.3333333333333333
InliningXsdSchemaTypesProvider:0.20333333333333334
