PropertyContainer:0.5766666666666667
OrmXmlParser:0.33555555555555555
JPADotNames:0.014071428571428572
