WSClientBase:0.6963888888888888
TeamingServiceClientWithCall:0.39666666666666667
ProfileServiceImpl:0.35333333333333333
