Message:0.63
MNotification:0.46
Main:0.2966666666666667
Archive:0.28
FeedsFS:0.225
WindowDragAdapter:0.22333333333333333
MPasswordField:0.21333333333333335
MSettingsDialog:0.21333333333333335
FeedViewer:0.19666666666666666
FeedThread:0.18
Reminder:0.16333333333333333
UpdatePlugin:0.15666666666666668
MMainWindow:0.13
