Factory:0.4544444444444444
Enhancer:0.4033333333333333
TestEnhancer:0.3641666666666667
EnhancerGenerator:0.3433333333333333
