CompletionPolicySupport:0.5866666666666667
TimeoutCompletionPolicyTests:0.23333333333333334
