Visitor:0.8233333333333334
PlanPrinter:0.49333333333333335
