MarsClock:0.47
TaskSchedule:0.46
Person:0.33666666666666667
OneTask:0.3233333333333333
JStatusBar:0.2833333333333333
Mind:0.25
MainScene:0.22666666666666666
TabPanel:0.2138888888888889
TaskManager:0.21
SettlementWindow:0.20916666666666667
WalkSettlementInterior:0.2
BotMind:0.2
UnitManager:0.19416666666666665
WalkRoverInterior:0.18
MissionManager:0.17833333333333334
PlannerTableModel:0.15666666666666668
ScheduleTableModel:0.13333333333333333
BuildingFunctionPanel:0.05333333333333334
