AETs:0.5566666666666666
StudyBean:0.5333333333333333
SeriesBean:0.37333333333333335
