Blog:0.78
BlojsomPlugin:0.5366666666666666
StandardFetcher:0.26
BlojsomServlet:0.23333333333333334
CommentAPIServlet:0.15333333333333332
SimpleSearchPlugin:0.09166666666666666
MacroExpansionPlugin:0.08666666666666667
SendEmailPlugin:0.08333333333333333
EntriesLimiterPlugin:0.06666666666666667
RefererLogPlugin:0.06
TrackbackPlugin:0.06
CommentPlugin:0.056666666666666664
AbstractCalendarPlugin:0.056666666666666664
HyperlinkURLPlugin:0.05333333333333334
ShowMeMorePlugin:0.04
EmoticonsPlugin:0.03666666666666667
