SearchView:0.4633333333333333
ChoiceWidget:0.45305555555555554
SearchViewFactory:0.10333333333333333
