Dialect:0.4666666666666667
CoreMessageLogger:0.43333333333333335
AbstractQueryImpl:0.3566666666666667
Oracle9Dialect:0.3075
SQLServerDialect:0.24333333333333335
TeradataDialect:0.24333333333333335
Oracle8iDialect:0.24333333333333335
SybaseDialect:0.04
