TextArea:0.14687549
CompleteWord:0.13382755
TextAreaMouseHandler:0.1170535
StandardUtilities:0.10785412
JEditBuffer:0.10702352
TokenMarker:0.094615325
Abbrevs:0.084166296
DeepIndentRule:0.051716696
JEditTextArea:0.0372961
SearchAndReplace:0.035762213
Mode:0.027814226
DefaultTokenHandler:0.025239008
CloseBracketIndentRule:0.02216062
Token:0.013248682
BufferLoadRequest:0.012170664
StructureMatcher:0.010943661
OpenBracketIndentRule:0.006732225
BrowserView:0.006541747
ErrorListDialog:0.004992492
