GwtUser:0.53
GwtTeamingMessages:0.506388888888889
ValidateEmailRpcResponseData:0.30333333333333334
ShareThisDlg2:0.25777777777777783
GwtRpcServiceImpl:0.2377777777777778
GwtSearchHelper:0.20333333333333334
