ThreadPool:0.5066666666666667
Info:0.46
InternalTestCluster:0.33666666666666667
UpdateThreadPoolSettingsTests:0.24
SimpleThreadPoolIT:0.20666666666666667
ClusterModule:0.17
RestThreadPoolAction:0.12666666666666668
SearchWithRejectionsIT:0.11333333333333333
ThreadPoolSerializationTests:0.1
ExecutorSettingsBuilder:0.08333333333333333
ThreadPoolTypeSettingsValidator:0.0
