Vehicle:0.6033333333333334
Infantry:0.5947222222222222
