FieldSearchResultSQLImpl:0.47333333333333333
FieldSearchServlet:0.33666666666666667
FieldSearchSQLImpl:0.32
FedoraOAIProviderModule:0.17
