QuantifierCountChecker:0.47
AbstractReteMatch:0.4066666666666667
ConditionChecker:0.35
ExplorationTest:0.27
MergeMap:0.22333333333333333
ReteNetwork:0.21333333333333335
SubgraphCheckerNode:0.2111111111111111
ValueNodeChecker:0.18
ReteNetworkTest:0.17
ReteStaticMapping:0.13666666666666666
SearchTree:0.11
ReteCountMatch:0.09333333333333334
QuantifierCountSubgraphChecker:0.01
