PhexSecurityManager:0.9083333333333333
SecurityTableModel:0.2866666666666667
