SimpleIndexQueryParserTests:0.7055555555555556
SimpleQueryStringParser:0.38666666666666666
SimpleQueryStringIT:0.3233333333333333
