CommCore:0.73
JolieClassLoader:0.32666666666666666
CommandLineParser:0.27666666666666667
