JChemPaintModel:0.4166666666666667
JCPEditor:0.4033333333333333
JCPMultiPageEditor:0.26
JCPControlListener:0.22055555555555556
