ProtocolConfig:0.45344444444444443
ServiceConfig:0.43333333333333335
RpcStatus:0.38666666666666666
