Factory:0.5133333333333333
ConfigFileConstants:0.44
VElement:0.43
MapPropertiesFactory:0.33666666666666667
Manager:0.25666666666666665
LoadInfosServlet:0.1763888888888889
Status:0.12
Severity:0.12
LoadCurrentNodesServlet:0.1
InitMapsApplicationServlet:0.08666666666666667
MapsConfigFactory:0.05333333333333334
MapMenu:0.043333333333333335
Avail:0.03944444444444445
SaveMapServlet:0.02
CloseMapsApplicationServlet:0.0
