JtdsDataSource:0.6383333333333333
JtdsObjectFactory:0.27666666666666667
JtdsObjectFactoryUnitTest:0.13666666666666666
