AdjustBondOrdersEdit:0.6177777777777778
IUndoRedoFactory:0.44963888888888887
AddBondModule:0.4266666666666667
