ResolutionAnnotator:0.6383333333333333
ClassifiableEntries:0.4866666666666667
SentenceAdjuster:0.23
