GetObjectHistoryServlet:0.35
ListMethodsServlet:0.35
GetNextPIDServlet:0.3466666666666667
FedoraOAIProvider:0.30666666666666664
BESecurityConfig:0.3
ObjectInfoAsXML:0.2733333333333333
ObjectHistorySerializerThread:0.26
DatastreamDefSerializerThread:0.26
ObjectMethodsDefSerializerThread:0.26
GetNextPIDSerializerThread:0.26
FedoraAPIAServiceLocator:0.24666666666666667
FedoraAPIMServiceLocator:0.24666666666666667
DefaultManagement:0.23416666666666666
WebXML:0.23416666666666666
ServerConfiguration:0.2272222222222222
Constants:0.19611111111111112
SimpleDOWriter:0.19333333333333333
ListDatastreamsServlet:0.12
FieldSearchServlet:0.11
OAIIdentifierNamespace:0.03611111111111111
OAIFriendsNamespace:0.03611111111111111
FedoraBESecurityNamespace:0.03611111111111111
OAIFriends2_0Format:0.011666666666666667
FedoraBESecurity1_0Format:0.011666666666666667
OAIIdentifier2_0Format:0.011666666666666667
FedoraObjectDatastreams1_0Format:0.0
FedoraFCFGNamespace:0.0
FedoraPIDList1_0Format:0.0
FedoraManagementNamespace:0.0
FedoraAPINamespace:0.0
FedoraObjectMethods1_0Format:0.0
FedoraObjectItems1_0Format:0.0
FedoraObjectHistory1_0Format:0.0
FedoraTypesNamespace:0.0
