ShardManager:0.81
DatabaseShardManager:0.5033333333333333
TestShardManagerDao:0.23333333333333334
TestRaptorSplitManager:0.20333333333333334
HivePartitionKey:0.1988888888888889
TestRaptorMetadata:0.17333333333333334
RaptorSplitManager:0.16666666666666666
MetadataModule:0.11333333333333333
