FolderForm:0.41333333333333333
XDSIModel:0.38
FolderSubmitCtrl:0.2825
BasicFormModel:0.27666666666666667
UserAdminModel:0.2633333333333333
AEModel:0.24333333333333335
UserEditSubmitCtrl:0.23333333333333334
FolderMoveDelegate:0.22
Dcm4cheeFormController:0.18337301587301585
GPPPSConsoleCtrl:0.16333333333333333
XDSIExportCtrl:0.1
