Dialog:0.6
SnackBar:0.31666666666666665
SimpleDialog:0.31333333333333335
ContainerFrameLayout:0.2866666666666667
InternalListView:0.2277777777777778
InternalScrollView:0.19777777777777777
ButtonFragment:0.1811666666666667
InternalAdapter:0.05944444444444444
