ESGetTask:0.7288888888888888
ESDeleteByQueryTask:0.25
GetResponseListener:0.23666666666666666
ESDeleteTask:0.2
