CertificateData:0.7266666666666667
RaMasterApi:0.5400000000000001
RaSearchCertsBean:0.2633333333333333
RaCertificateSearchRequest:0.26
RaSearchCertificate:0.23
RaMasterApiSessionBean:0.16333333333333333
RaMasterApiProxyBean:0.14
