ReplicationPhase:0.5433333333333333
TransportReplicationActionTests:0.5166666666666667
IndexShardReferenceImpl:0.22
RetryOnPrimaryException:0.21666666666666667
IndexShardReference:0.07
