PartitionCallableRequest:0.46
ClientExecutorServiceProxy:0.42
TargetCallableRequest:0.2833333333333333
PartitionClientRequest:0.24666666666666667
