Wallet:0.6
DeterministicKeyChain:0.49333333333333335
KeyChainGroup:0.2966666666666667
