Preconditions:0.47
TestPlanSpecification:0.44666666666666666
JUnit5TestableFactory:0.3233333333333333
