HtmlImage:0.5933333333333334
HtmlArea:0.2966666666666667
HtmlImageTest:0.07
