MolecularFormulaManipulator:0.7733333333333333
IsotopePatternGenerator:0.37666666666666665
