ClassNode:0.64
BlockUtils:0.31333333333333335
StaticValuesParser:0.31133333333333335
AttributesList:0.27
