BlackConstantVol:0.47583333333333333
ReplicationError:0.47333333333333333
ReplicationPathPricer:0.12333333333333334
MonteCarloModel:0.11222222222222224
DiscreteHedging:0.07
Statistics:0.05333333333333334
