NetworkHostsContainer:0.7013333333333334
ConnectionRequest:0.5233333333333333
