DatabaseNamesConstants:0.4063730158730159
JdbcDatabasePlatformFactory:0.37666666666666665
JdbcSymmetricDialectFactory:0.21666666666666667
MariaDBDatabasePlatform:0.09
MariaDBSymmetricDialect:0.06314814814814815
