ClientCallback:0.3826111111111111
PagesResponse:0.31666666666666665
ExchangeClient:0.3
PageResponseHandler:0.24
HttpPageBufferClient:0.21666666666666667
TestingClientCallback:0.17833333333333334
TestHttpPageBufferClient:0.14666666666666667
ExchangeClientCallback:0.03
