ColourPanel:0.6566666666666666
ColourChooserPanel:0.4666666666666667
ColourSchemePropertyVector:0.2633333333333333
