Maps:0.65
HashMap:0.4266666666666667
TreeMap:0.38333333333333336
LinkedHashMap:0.24333333333333335
HashMapTest:0.17
AbstractMapTest:0.155
TreeMapTest:0.15
LinkedHashMapTest:0.15
