SamlService:0.5533333333333333
OpenIdService:0.5014285714285714
AbstractServiceValidateControllerTests:0.21666666666666667
SamlServiceTests:0.21
InitialFlowSetupActionTests:0.19666666666666666
AbstractArgumentExtractor:0.16
AbstractServiceFactory:0.13666666666666666
OpenIdSingleSignOnActionTests:0.13666666666666666
OpenIdServiceTests:0.13
WebUtilTests:0.09333333333333334
AbstractSaml10ResponseView:0.07333333333333333
