Main:0.8283333333333334
MainSmallTest:0.24
CommandLineLargeTest:0.21333333333333335
