Action:0.49333333333333335
Log:0.45666666666666667
Step:0.44666666666666666
Script:0.37
ArrayEditor:0.35333333333333333
ScriptEditor:0.30666666666666664
Call:0.3
Appletviewer:0.28
Launch:0.2783333333333333
ComponentBrowser:0.25666666666666665
StepEditor:0.22
Annotation:0.215
ScriptEditorFrame:0.21333333333333335
RobotAppletTest:0.20333333333333334
ForkedStepRunner:0.2
Recorder:0.19833333333333333
ScriptModel:0.19666666666666666
ComponentTree:0.18166666666666667
ArrowButtonTest:0.17666666666666667
LaunchEditor:0.17583333333333334
LabeledListTest:0.15333333333333332
CallEditor:0.13666666666666666
HierarchyMonitor:0.13166666666666665
JInternalFrameRecorder:0.12666666666666668
JComponentRecorder:0.12666666666666668
JTextComponentRecorder:0.12666666666666668
ClassMatcher:0.11833333333333333
PropertyCallEditor:0.09333333333333334
EventEditor:0.07
XMLConstants:0.07
AppletviewerEditor:0.05888888888888888
AppletviewerTest:0.05
InsertAppletAction:0.0
EditorConstants:0.0
