XDSbRegistry:0.5566666666666666
RetrieveDocumentSet:0.515
XDSbRepository:0.3466666666666667
