NetTest:0.5466666666666666
NetSocketImpl:0.45666666666666667
BufferMessageHandler:0.4
VertxNetHandler:0.18333333333333332
