Evaluation:0.6933333333333334
EvaluationBinary:0.43666666666666665
EvaluationUtils:0.245
