RpcInvocation:0.395
MergeableClusterInvoker:0.25333333333333335
AbstractReferenceConfig:0.25
ReferenceConfig:0.23166666666666666
AbstractConfig:0.22
AbstractServiceConfig:0.21666666666666667
MergeableClusterInvokerTest:0.20666666666666667
RegistryDirectory:0.18666666666666668
RegistryProtocol:0.17666666666666667
