OcspKeyRenewalSessionBean:0.47
AuthenticationKeyBinding:0.42
ClientX509KeyManager:0.24333333333333335
OcspKeyRenewalTest:0.22333333333333333
