Query:0.29445323
SortComparator:0.1690363
