Wallet:0.6366666666666667
PaymentChannelStateTest:0.31333333333333335
SendRequest:0.30666666666666664
WalletTest:0.27
FeeCalculation:0.03333333333333333
