Record:0.5566666666666666
Scans:0.31
NutIoc:0.2733333333333333
FieldMeta:0.24
UploadingUnitTest:0.22
ResultSetLooping:0.21333333333333335
IocLoading:0.205
CallbackFactory:0.19333333333333333
AnnotationEntityMaker:0.19333333333333333
ScansTest:0.17666666666666667
NutFilter:0.17416666666666666
Jdbcs:0.17333333333333334
QueryMapCallback:0.1322222222222222
