ExtendedCAServiceInfo:0.6688888888888889
CA:0.48333333333333334
OCSPCAServiceRequest:0.4533333333333333
OCSPCAService:0.2733333333333333
X509CA:0.27
CAAdminSessionBean:0.24
OCSPUtil:0.21777777777777782
