CompactOffHeapLinearHashTable:0.4633333333333333
ChronicleHashBuilderPrivateAPI:0.40277777777777773
ChronicleMapBuilder:0.3933333333333333
VanillaChronicleHash:0.30333333333333334
ChronicleMapBuilderPrivateAPI:0.18
