AssertionTest:0.46166666666666667
Assert:0.4483333333333333
