TypeDescription:0.7766666666666666
ForLoadedType:0.38333333333333336
PackageDescription:0.35055555555555556
SuffixingRandom:0.27666666666666667
SubclassInstrumentedType:0.22333333333333333
InlineInstrumentedType:0.22333333333333333
ArrayProjection:0.20416666666666666
LazyTypeDescription:0.15
Simple:0.14333333333333334
LazyPackageDescription:0.13333333333333333
ForLoadedPackage:0.13333333333333333
