Stats:0.45
IndexShard:0.38333333333333336
CommonStats:0.2966666666666667
IndicesOptionsIntegrationIT:0.23666666666666666
ShardSearchStats:0.22666666666666666
IndicesStatsRequestBuilder:0.21666666666666667
IndexStatsIT:0.21
NodeIndicesStats:0.19
SuggestStatsIT:0.16666666666666666
StatsHolder:0.14166666666666666
RestNodesAction:0.12333333333333334
RestIndicesAction:0.12333333333333334
RestIndicesStatsAction:0.07333333333333333
Fields:0.07
SearchStatsUnitTests:0.04
