LocationsLayer:0.7669444444444444
Resolver:0.5362222222222223
