Stub:0.5866666666666667
CasPersonDirectoryConfiguration:0.43
PrincipalAttributeRegisteredServiceUsernameProvider:0.41
AbstractResourceBasedServiceRegistryDaoTests:0.33666666666666667
Jdbc:0.30333333333333334
Ldap:0.22333333333333333
DefaultRegisteredServiceUsernameProvider:0.19
PrincipalAttributesProperties:0.16666666666666666
DefaultRegisteredServiceUsernameProviderTests:0.006666666666666667
