SeqFeature:0.8133333333333334
CORBAAdapter:0.3433333333333333
DrawableResultSeqFeature:0.19444444444444445
