AttachedFilesDashboardWidget:0.5866666666666667
AbstractDashboardWidget:0.45
ServiceManagerDashboard:0.25333333333333335
NavigationTreeDashboard:0.25333333333333335
