NameTable:0.4866666666666667
Types:0.42333333333333334
TypeImplementationGeneratorTest:0.27
MetadataGenerator:0.27
TypeDeclarationGenerator:0.26
ObjectiveCHeaderGeneratorTest:0.25333333333333335
ObjectiveCImplementationGeneratorTest:0.24666666666666667
TypeGenerator:0.23666666666666666
ImplementationImportCollector:0.22
TypeImplementationGenerator:0.15
TranslationProcessor:0.13916666666666666
