ElasticsearchIntegrationTest:0.5166666666666667
CodecService:0.30666666666666664
InternalEngineIntegrationTest:0.25333333333333335
CodecTests:0.24666666666666667
StoreDirectory:0.21666666666666667
BloomFilteredFieldsProducer:0.21333333333333335
Elasticsearch090PostingsFormat:0.20333333333333334
IndexDynamicSettingsModule:0.14333333333333334
CompletionPostingsFormatTest:0.14
ApplySettings:0.10333333333333333
ElasticsearchPostingsFormatTest:0.09333333333333334
