IssueUtilities:0.42
FormatCustomFieldTag:0.34555555555555556
IssueForm:0.33666666666666667
