RackViewTopComponent:0.5322222222222222
ShowDeviceLayoutTopComponent:0.52
ShowDeviceLayoutView:0.31333333333333335
