DependencyInjection:0.51
SearchPresenter:0.4633333333333333
BackstackAccessor:0.24333333333333335
