JsonProcessingExceptionMapper:0.33666666666666667
OkRepresentation:0.23
JsonResource:0.14333333333333334
JsonProcessingExceptionMapperTest:0.08533333333333334
