PhysicalCondition:0.5733333333333334
Task:0.55
Settlement:0.32666666666666666
TaskManager:0.22
EatMeal:0.19
EatDessert:0.19
TabPanelHealth:0.15
JobManager:0.08333333333333333
