ProxyAutoConfig:0.5283333333333333
HTMLTextAreaElement:0.4166666666666667
GAETestRunner:0.21333333333333335
MiniServer:0.18333333333333332
