AtomTetrahedralLigandPlacer3D:0.8066666666666666
AtomTetrahedralLigandPlacer3DTest:0.043333333333333335
