TranslogStats:0.5066666666666667
Translog:0.4066666666666667
TranslogTests:0.36
