BusinessEntityManagerImpl:0.51
SubnetDetailsDashboardWidget:0.21666666666666667
IPAddressDetailsDashboardWidget:0.21666666666666667
PropertyFactory:0.12333333333333334
