IOUtils:0.94
GlassFishServ30WebSocketSupport:0.22333333333333333
Grizzly2WebSocketSupport:0.22333333333333333
