Plugin:0.23666666666666666
IndexedTpchPlugin:0.18333333333333332
MLPlugin:0.09
BlackHolePlugin:0.09
TpchPlugin:0.09
TeradataFunctionsPlugin:0.09
SampledTpchPlugin:0.09
