AuditedPropertiesReader:0.4666666666666667
PackagingTestCase:0.27
ClassAuditingData:0.20333333333333334
ComponentAuditingData:0.16222222222222224
AuditedPropertiesHolder:0.06
