GeneBean:0.6166666666666667
TermBean:0.32
AnnotationTable:0.31666666666666665
AnnotationTaskBean:0.2833333333333333
AddAnnotationTask:0.2833333333333333
AssignTasks:0.17666666666666667
