ClientTransport:0.3903333333333333
OkHttpClientTransportTest:0.37666666666666665
Listener:0.3647777777777778
OkHttpClientTransport:0.3466666666666667
TransportListener:0.27666666666666667
ClientFrameHandler:0.1927222222222222
ChannelImpl:0.17916666666666667
NettyClientTransport:0.10666666666666667
