WADOCacheImpl:0.7266666666666667
WADOSupport:0.49833333333333335
WADOServlet:0.37
