RippleDrawable:0.5366666666666666
ToolbarRippleDrawable:0.34
Builder:0.25
RippleManager:0.20555555555555555
ButtonFragment:0.15666666666666668
