Natives:0.5566666666666666
Bootstrap:0.31
SystemCallFilterCheck:0.21666666666666667
MightForkCheck:0.21666666666666667
BootstrapInfo:0.15
JNANatives:0.105
