AMD_query_buffer_object:0.894626984126984
GL30:0.6877777777777778
