AppliConfiguration:0.59
RendererFactory:0.445
SynthMenuItemUI:0.31
AbstractMapItemRendererFactory:0.22
RadioBoxRenderer:0.19666666666666666
EditorPreferences:0.03305555555555555
