ParallelWrapper:0.5644444444444445
DefaultTrainer:0.4766666666666667
FileSplitParallelDataSetIterator:0.42333333333333334
