CleavageBondReaction:0.4166666666666667
ReactionStructuresTest:0.37333333333333335
CleavageBondReactionTest:0.32
