Walk:0.4533333333333333
GoodsManager:0.36666666666666664
WalkingSteps:0.31
ExitAirlock:0.2866666666666667
Trade:0.22388888888888886
