HistogramModule:0.7766666666666666
StatsEventRouterRunnable:0.30666666666666664
TestPlayUI:0.16
