AbstractInteropTest:0.4266666666666667
CensusModulesTest:0.33666666666666667
ServerTracer:0.26666666666666666
ClientCallTracer:0.18133333333333332
ClientTracer:0.15333333333333332
