BundleDependencyComparator:0.47333333333333333
ContextLoaderListener:0.36666666666666664
BundleDependencyComparatorTest:0.03666666666666667
