GlobalAggregateConsumer:0.4166666666666667
PlannerTest:0.41333333333333333
ConsumingPlanner:0.2733333333333333
Visitor:0.20333333333333334
