JdbcJobInstanceDao:0.6266666666666667
AbstractJobInstanceDaoTests:0.34744444444444444
