TicketGrantingTicketResource:0.5466666666666666
TicketGrantingTicketResourceTests:0.30666666666666664
CasRestConfiguration:0.3
