Person:0.7333333333333333
Robot:0.5133333333333333
