ReportGedcomStatistics:0.305
ReportFamily:0.21333333333333335
ReportAges:0.20333333333333334
ReportTrees:0.19666666666666666
ReportAncestorStatistics:0.18333333333333332
ReportPhonetics:0.17333333333333334
ReportEvents:0.16666666666666666
