Factory:0.44333333333333336
MockWebServer:0.4155555555555555
CacheTest:0.29
