Tree:0.46
Matrix4:0.43666666666666665
Node:0.37
Drawable:0.33726190476190465
Label:0.18333333333333332
TreeTest:0.12
