JoinOperatorCacheKey:0.31333333333333335
JoinProbeCompiler:0.26
TestSqlStageExecution:0.25666666666666665
TestSqlTaskExecution:0.25666666666666665
TestSqlTaskManager:0.25666666666666665
JoinHashCacheKey:0.23
VarcharType:0.155
JoinCompiler:0.15333333333333332
InMemoryRecordSet:0.14666666666666667
HashJoinOperatorFactoryFactory:0.043333333333333335
HashJoinOperators:0.023333333333333334
SequencePageBuilder:0.01
