LoggingITest:0.5566666666666666
FilterITest:0.41333333333333333
StatusCodeBasedLoggingFilter:0.3333333333333333
