RubyMethod:0.4633333333333333
CompletionContext:0.3416666666666667
CompletionEngine:0.2966666666666667
