STLObject:0.6566666666666666
AllSTLsToBuild:0.31
RepRapBuild:0.17666666666666667
XMLIn:0.15444444444444444
RFO:0.14666666666666667
Offsets:0.10838095238095237
Contents:0.03333333333333333
