Config:0.6033333333333334
DrawableSeqFeature:0.335
Style:0.3333333333333333
StrandedZoomableApolloPanel:0.24666666666666667
ScaleView:0.21222222222222223
ApolloPanel:0.20083333333333334
TranscriptMenu:0.12666666666666668
