Sorter:0.5766666666666667
StatisticsInfo:0.47904761904761906
CalcStandardStatistics:0.24666666666666667
ProjectFilesListController:0.22333333333333333
