Sys:0.7733333333333333
DisplaySqlset:0.31333333333333335
DisplayAwr:0.22
DisplaySqlPlanBaseline:0.22
DisplayCursor:0.22
Display:0.22
PrepareRecords:0.17
