IndexBufferObject:0.425
Mesh:0.4033333333333333
SpriteBatch:0.4033333333333333
VertexBufferObject:0.345
