Netapi32:0.7888095238095238
Netapi32Util:0.42333333333333334
PDS_DOMAIN_TRUSTS:0.36666666666666664
