IAtomContainerSet:0.84
DebugSetOfMolecules:0.3433333333333333
SetOfAtomContainersManipulator:0.33666666666666667
DebugSetOfAtomContainers:0.31
SetOfAtomContainers:0.27666666666666667
SetOfAtomContainersTest:0.25666666666666665
DefaultChemObjectBuilderTest:0.21
NoNotificationChemObjectBuilder:0.20666666666666667
StructureResonanceGeneratorTest:0.2
RssWriter:0.19
SetOfMoleculesManipulator:0.19
SubstructureFingerprinterTest:0.17666666666666667
ResonancePositiveChargeDescriptor:0.17
PiElectronegativityDescriptor:0.17
StructureResonanceGenerator:0.16666666666666666
IDCreator:0.14666666666666667
StandardSubstructureSetsTest:0.14
NNSetOfAtomContainersTest:0.13666666666666666
GasteigerPEPEPartialCharges:0.12
StandardSubstructureSets:0.10900000000000001
AminoAcidCountDescriptor:0.10833333333333334
SubstructureFingerprinter:0.01
