Log:0.6666666666666666
MarsProject:0.39666666666666667
