SqlParser:0.6766666666666666
TestSqlParser:0.26666666666666666
TestInterpretedFilterFunction:0.20333333333333334
FunctionAssertions:0.17333333333333334
StatementSplitter:0.17
TestInterpretedProjectionFunction:0.17
AbstractSqlBenchmark:0.13666666666666666
ExpressionDeserializer:0.10666666666666667
FunctionCallDeserializer:0.10666666666666667
