CacheRecordHashMap:0.44333333333333336
AbstractCacheRecordStore:0.4266666666666667
CacheTestSupport:0.25
ClientCacheStatsTest:0.24333333333333335
CacheStatsTest:0.15666666666666668
CacheRecordMap:0.013333333333333334
