Peer:0.6333333333333333
UTXOsMessage:0.44333333333333336
PeerTest:0.39
