RrPolygon:0.6533333333333333
RrPolygonList:0.48333333333333334
