Factory:0.39666666666666667
ForJavaConstant:0.3466666666666667
InvokeDynamic:0.31666666666666665
AbstractBase:0.31
AbstractDelegator:0.2833333333333333
MethodCall:0.2733333333333333
FixedValue:0.25666666666666665
MethodCallTest:0.21666666666666667
FixedValueTest:0.21666666666666667
TypeWriterDefaultTest:0.21333333333333335
Appender:0.21
LambdaInstanceFactory:0.20666666666666667
InvokeDynamicTest:0.20333333333333334
TargetMethodAnnotationDriverBinderParameterBinderForFixedValueOfConstantOtherTest:0.19
HandleInvocationTest:0.13666666666666666
HandleInvocation:0.13333333333333333
LambdaMethodImplementation:0.11
BridgeMethodImplementation:0.08666666666666667
SerializationImplementation:0.06333333333333334
