ARCReader:0.7566666666666667
ARCRecord:0.5533333333333333
