ERDesignerComponent:0.46055555555555555
ERDesigner:0.4600000000000001
VertexCellElement:0.31666666666666665
