Subcorpus:0.54
CorpusManager:0.5
Query:0.25333333333333335
Partition:0.19333333333333333
Focus:0.17194444444444443
PartitionTest:0.12333333333333334
SubcorpusTest:0.12333333333333334
CorpusTest:0.12333333333333334
AbstractCorpus:0.11666666666666667
CqpQueryConstant:0.07
Specificites:0.05333333333333334
QueryPart:0.043333333333333335
