ExpressionScriptEngineService:0.5733333333333334
GroovyScriptEngineService:0.43
MoreExpressionTests:0.38333333333333336
