NeuralNetConfiguration:0.45666666666666667
MultiLayerConfiguration:0.41
RBM:0.2633333333333333
SemanticHashing:0.25833333333333336
StateTrackerDropWizardResource:0.25
Builder:0.24
DenoisingAutoEncoder:0.23333333333333334
ExtraParamsBuilder:0.215
DBN:0.18666666666666668
StackedDenoisingAutoEncoder:0.135
TestZookeeperRegister:0.13333333333333333
StackedAutoEncoder:0.13
DBNTest:0.11666666666666667
BackPropOptimizerTests:0.09
StackedDenoisingAutoEncoderTest:0.08666666666666667
NeuralNetWorkPerformer:0.07666666666666666
ListBuilder:0.05333333333333334
SemanticHashingTest:0.03333333333333333
RBMOptimizer:0.02666666666666667
AutoEncoderOptimizer:0.01
DenoisingAutoEncoderOptimizer:0.01
