DashboardLoader:0.5833333333333334
DTDClasspathEntityResolver:0.2633333333333333
DashboardManager:0.25666666666666665
