SqlStageExecution:0.49
NodeSelector:0.41333333333333333
NodeScheduler:0.28
TestNodeScheduler:0.27
TestSqlStageExecution:0.18666666666666668
DistributedQueryRunner:0.18333333333333332
