AdminInformation:0.6233333333333333
Admin:0.6066666666666667
AuthorizationProxy:0.21333333333333335
