Type:0.6866666666666666
Embedder:0.15333333333333332
