StrengthFSM:0.3433333333333333
DrugMentionAnnotator:0.34
FractionStrengthFSM:0.2966666666666667
DrugMention:0.29333333333333333
DrugModel:0.20083333333333334
StrengthUnitFSM:0.15333333333333332
FormFSM:0.04666666666666667
StrengthUnitCombinedToken:0.011666666666666667
StrengthUnitToken:0.011666666666666667
StrengthUnitCondition:0.0
StrengthUnitCombinedCondition:0.0
