OcspResponseGeneratorSessionBean:0.6066666666666667
OcspSigningCacheEntry:0.5333333333333333
OcspResponseGeneratorTestSessionRemote:0.17355555555555557
OcspResponseGeneratorTestSessionBean:0.12
