IndexSearcherWrapper:0.6666666666666666
IndexSearcherWrappingService:0.5653333333333334
InternalEngineTests:0.4166666666666667
