TestClass:0.6866666666666666
CategoryFilter:0.33
SafeNotifier:0.2822222222222222
RunnerBuilder:0.17333333333333334
