OutputModelFactory:0.8333333333333334
BlankOutputModelFactory:0.31666666666666665
BaseTest:0.25666666666666665
OutputModelController:0.23
Target:0.22444444444444447
ActionTranslator:0.21611111111111114
ParserASTExtension:0.19333333333333333
ParserFactory:0.19333333333333333
CodeGeneratorExtension:0.11
