AnsjHttpHandler:0.4766666666666667
NlpTest:0.4266666666666667
AnsjServlet:0.39
AnsjServer:0.36
