MouseManager:0.5966666666666667
Sticks:0.41833333333333333
