MiscUtilities:0.5866666666666667
StandardUtilities:0.45
Buffer:0.39666666666666667
