Query:0.5644444444444445
MockRemoteTask:0.4766666666666667
ConnectorManager:0.4166666666666667
