IPAtomicDescriptorTest:0.87
IPAtomicDescriptor:0.5733333333333334
MqsarTests:0.13333333333333333
