SpectrumUtils:0.41333333333333333
JCampMetadataFormPage:0.28
MetadataEditorInput:0.27
MetadataEditor:0.20666666666666667
CMLToJcampSpectrumMapper:0.18
EditMetadataAction:0.11
MetadataModifiyListener:0.02666666666666667
