CatalogSearcher:0.6866666666666666
MefLib:0.47333333333333333
