DataHandler:0.8666666666666667
AnsiDataHandler:0.4633333333333333
UpgradeServlet:0.3566666666666667
DatabaseUpgrades:0.32111111111111107
