Cooking:0.77
TabPanelCooking:0.37666666666666665
CookingTableModel:0.3077777777777777
