ChronicleMapBuilder:0.7333333333333333
SerializationBuilder:0.30666666666666664
ChronicleSetBuilder:0.24666666666666667
ChronicleHashBuilder:0.2275
TcpReplicationSoakCrdtTest:0.21666666666666667
