RMapCache:0.4885952380952381
RedisCommand:0.44333333333333336
RedissonMapCacheTest:0.32666666666666666
RedissonMapCache:0.20666666666666667
RMapCacheAsync:0.06
