HazelcastTestSupport:0.715
TestRunner:0.24333333333333335
HazelcastSerialClassRunner:0.24333333333333335
AbstractHazelcastClassRunner:0.20333333333333334
