HopParser:0.6966666666666667
HopSymbolTableWalker:0.39
DFA64:0.12
DFA52:0.12
DFA81:0.12
DFA47:0.12
class_type_return:0.043111111111111114
