LegacyTransactionConnector:0.39
TransactionalConnector:0.37888888888888883
TransactionMetadata:0.33666666666666667
