MediaCreationRequest:0.49333333333333335
DicomDirDOM:0.43
MediaComposerService:0.42
AbstractMediaWriterService:0.19666666666666666
