SymbolicChoiceGenerator:0.5855555555555556
TestFile:0.3
ConcretizeVariables:0.056666666666666664
