ReplicatedChronicleMap:0.5733333333333334
Segment:0.48
DiscoveryNodeBytesMarshallable:0.31666666666666665
EventListenerTestWithTCPSocketReplication:0.21333333333333335
