ShadowArscAssetManager:0.6055555555555556
FileMap:0.3646666666666667
_CompressedAsset:0.3233333333333333
TestUtil:0.24333333333333335
_FileAsset:0.18666666666666668
