InstallPluginCommandTests:0.5866666666666667
RemovePluginCommand:0.4633333333333333
RemovePluginCommandTests:0.38666666666666666
PluginsService:0.2833333333333333
