ProcessingResource:0.482
Factory:0.4338888888888889
SerialDataStore:0.41333333333333333
TestPersist:0.2833333333333333
SerialController:0.2211111111111111
MainFrame:0.21333333333333335
DefaultResourceHandle:0.2
AbstractProcessingResource:0.19666666666666666
NewResourceDialog:0.19
CartoonMinder:0.18833333333333332
ReloadAction:0.17666666666666667
