LuceneSearcher:0.5066666666666667
SearchManager:0.48333333333333334
LuceneConfig:0.44333333333333336
GetRecords:0.27666666666666667
CatalogSearcher:0.23666666666666666
GetDomain:0.21
SearchController:0.2
CatalogDispatcher:0.16666666666666666
LuceneIndexWriterFactory:0.15111111111111108
Geonetwork:0.13166666666666665
Insert:0.11333333333333333
Reload:0.03694444444444444
RecencyBoostingQuery:0.0025
