DefaultServicesManagerImpl:0.48
SamlMetadataUIParserAction:0.39
Success:0.20666666666666667
Failure:0.13
NoRedirectHttpClient:0.12666666666666668
SslTrustStoreAwareHttpClient:0.03
DefaultHttpClient:0.0
