Actor:0.67
Event:0.5133333333333333
Stage:0.45
ActorListener:0.19
Scene2dTest:0.17333333333333334
PressedListener:0.17
ActorGestureListener:0.15333333333333332
ClickListener:0.09
