NutResource:0.5066666666666667
Scans:0.30333333333333334
XmlIocLoader:0.21
AbstractNutConfig:0.20666666666666667
JsonLoader:0.14
LocalResourceScan:0.12333333333333334
JarEntryResource:0.10666666666666667
FileResource:0.09666666666666666
ScansTest:0.09333333333333334
FileSqlManager:0.09333333333333334
