CnnToFeedForwardPreProcessor:0.37666666666666665
FeedForwardToCnnPreProcessor:0.36666666666666664
RnnToCnnPreProcessor:0.19
CnnToRnnPreProcessor:0.18666666666666668
InputPreProcessor:0.09666666666666666
