PluginsAndModules:0.5066666666666667
NodeInfo:0.4866666666666667
PluginsService:0.29
NodeInfoStreamingTests:0.19333333333333333
