QueryTest:0.48333333333333334
HazelcastInstanceFactory:0.4533333333333333
QueueStoreTest:0.30333333333333334
