RESyntax:0.12664425
RETokenLookAhead:0.10953388
REMatch:0.096275434
RETokenOneOf:0.092194416
RETokenEndSub:0.09147678
REToken:0.08903179
RETokenWordBoundary:0.086361736
RETokenRepeated:0.08610633
REMatchEnumeration:0.085502304
RETokenChar:0.07870452
RETokenAny:0.07858817
RETokenEnd:0.07721803
RETokenPOSIX:0.07717628
RETokenStart:0.07469146
RETokenBackRef:0.07075931
RETokenRange:0.064177535
REException:0.06401444
REFilterInputStream:0.05632049
RESearchMatcher:0.053141035
REFilterReader:0.052391853
CharIndexed:0.037787367
Buffer:0.031053444
CharIndexedInputStream:0.023351662
CharIndexedStringBuffer:0.018771688
Mode:0.016513295
CharIndexedReader:0.015779063
CharIndexedString:0.012306855
CharIndexedCharArray:0.010922367
CharUnit:0.008410001
VFSBrowser:0.0078002876
AllBufferSet:0.0036024023
DirectoryListSet:0.0024372244
IntPair:8.1839744E-4
