Script:0.39
SortBuilder:0.3883333333333333
ScriptSortBuilder:0.31666666666666665
FieldSortBuilder:0.3044444444444444
GeoDistanceSortBuilder:0.2966666666666667
ScoreSortBuilder:0.2942063492063492
ScriptSortBuilderTests:0.29333333333333333
