ChildDownloadListener:0.5133333333333333
AbsGroupUtil:0.3466666666666667
AbsFileer:0.26666666666666666
DownloadGroupUtil:0.24
FtpDirDownloadUtil:0.15666666666666668
ChildHandleDialog:0.08666666666666667
