AngleBending:0.43333333333333335
ForceFieldTests:0.26
StretchBendInteractions:0.26
GeometricMinimizer:0.25333333333333335
ForceFieldTools:0.25
MMFF94EnergyFunction:0.21333333333333335
Torsions:0.19666666666666666
ForceField:0.13333333333333333
BondStretching:0.13333333333333333
LineSearch:0.13166666666666665
ConjugateGradientMethod:0.09666666666666666
LineSearchForTheWolfeConditions:0.09333333333333334
