CommandExecutor:0.5833333333333334
CommandExecutorService:0.49
Redisson:0.42333333333333334
RedisCommands:0.3333333333333333
RedissonBucketTest:0.17333333333333334
