DocumentTest:0.5033333333333333
CSSStyleSheetTest:0.34
HTMLDocumentWriteTest:0.2866666666666667
HTMLInputElementTest:0.27666666666666667
EventTest:0.27666666666666667
HTMLElementTest:0.21333333333333335
WindowTest:0.21333333333333335
JavaScriptEngineTest:0.21333333333333335
HTMLParser2Test:0.19666666666666666
HTMLElement2Test:0.19
HTMLDocument2Test:0.18
ScreenTest:0.09333333333333334
CSSFontFaceRuleTest:0.09333333333333334
CSSMediaRuleTest:0.09333333333333334
