PyTuple:0.47333333333333333
PyFastSequenceIter:0.45666666666666667
PyList:0.4533333333333333
PySequenceIter:0.2833333333333333
