CVCRequestMessage:0.4633333333333333
CmpErrorResponseMessage:0.38666666666666666
CmpRevokeResponseMessage:0.38666666666666666
CmpConfirmResponseMessage:0.38666666666666666
RequestMessageUtils:0.37
ScepResponseMessage:0.33
CmpResponseMessage:0.33
X509ResponseMessage:0.2758333333333333
EjbcaWS:0.25666666666666665
IResponseMessage:0.17166666666666666
CvcPrintCommand:0.09666666666666666
