ParserRuleSet:0.58
ParserRule:0.48333333333333334
XModeHandler:0.30333333333333334
TokenMarker:0.254
