PlannerTest:0.3933333333333333
Planner:0.36
WhereClauseAnalyzer:0.2833333333333333
WhereClauseAnalyzerTest:0.28
TableRelation:0.27
RelationVisitor:0.2633333333333333
ESCountNode:0.2633333333333333
