TransactionManager:0.5433333333333333
XMLElement:0.4866666666666667
GAMEAdapter:0.39666666666666667
GAMESave:0.36666666666666664
