LangUtils:0.8633333333333333
LangUtilsTest:0.03666666666666667
