Kuwaiba:0.56
BackendBeanRemote:0.5266666666666666
BackendBean:0.49166666666666664
