Builder:0.7933333333333333
BlobStoreRepository:0.2966666666666667
SharedClusterSnapshotRestoreTests:0.2733333333333333
RestoreService:0.25333333333333335
TransportSnapshotsStatusAction:0.17666666666666667
DedicatedClusterSnapshotRestoreTests:0.17
