BufferUtils:0.7933333333333333
SpriteBatch:0.35333333333333333
VertexBufferObject:0.21666666666666667
VertexArray:0.20388888888888887
IndexBufferObject:0.16333333333333333
ETC1Data:0.14333333333333334
