FieldProvider:0.5205555555555557
ResultImpl:0.49666666666666665
FieldList:0.27
AbstractRecord:0.23
AbstractDelegatingSelect:0.23
CursorImpl:0.2
AbstractSelect:0.16333333333333333
MetaDataFieldProvider:0.16333333333333333
AbstractFieldProviderQueryPart:0.11333333333333333
