CollectionAgent:0.5933333333333334
CollectionAttribute:0.34
IfInfo:0.31
UpdateRRDs:0.24333333333333335
AliasedResource:0.22
NodeInfo:0.2
CollectionResource:0.17
DbCollectionResource:0.01
