TdsCore:0.7166666666666667
ConnectionJDBC2:0.36333333333333334
SharedNamedPipe:0.36333333333333334
SharedNamedPipeTest:0.10333333333333333
