WorkflowState:0.41
WorkflowUtils:0.39666666666666667
MimeHelper:0.24666666666666667
Notify:0.21333333333333335
WorkspaceModule:0.2105952380952381
SAbstractForumController:0.19
WorkspaceModuleImpl:0.17
Description:0.16666666666666666
WorkflowModuleImpl:0.14666666666666667
DefaultLdapSynchronization:0.12333333333333334
AbstractActionHandler:0.12333333333333334
WorkspaceTreeController:0.10333333333333333
StartThreads:0.08222222222222221
WfNotify:0.05333333333333334
StopThreads:0.042222222222222223
