RawLog:0.735
DriverConnection:0.3566666666666667
DriverPublication:0.2833333333333333
GapScanner:0.2633333333333333
MappedRawLog:0.22333333333333333
BufferAndFrameHelper:0.13333333333333333
