ICDK10Constants:0.6586666666666667
CDK10Manager:0.5766666666666667
MDLMolfileEditor:0.5033333333333333
CMLfileEditor:0.37666666666666665
CDK10ManagerHelper:0.19722222222222222
