CrmfMessageHandler:0.41333333333333333
CrmfRARequestTest:0.37333333333333335
CrmfRequestTest:0.33
