AgentService:0.4866666666666667
MasterService:0.48
ZooKeeperAclProviders:0.21333333333333335
