RaptorMetadata:0.6733333333333333
RaptorPageSink:0.39666666666666667
OrcStorageManager:0.27
TestRaptorMetadata:0.25833333333333336
RaptorPageSinkProvider:0.24
TestRaptorSplitManager:0.22166666666666668
TestOrcStorageManager:0.21
RaptorMetadataFactory:0.18666666666666668
RaptorModule:0.15
TestShardMetadataRecordCursor:0.14333333333333334
TestShardOrganizerUtil:0.11666666666666667
