Dialect:0.58
Settings:0.5133333333333333
MySQLDialect:0.26666666666666666
Soldier:0.245
Order:0.22
SqlGenerator:0.16666666666666666
ConfigurationHelper:0.16666666666666666
TemplateTest:0.165
AvailableSettings:0.16
SettingsFactory:0.13
OrderByTest:0.10333333333333333
OrderByFragmentTranslator:0.09666666666666666
OrderByFragmentRenderer:0.09333333333333334
