SystemPartitioningHandle:0.8433333333333334
ExchangeNode:0.6576666666666667
