Py:0.65
PyInstance:0.32666666666666666
PySystemState:0.30333333333333334
Options:0.24666666666666667
BytecodeLoader:0.24444444444444446
PyBeanEventProperty:0.2
jpython:0.10833333333333334
CommandLineOptions:0.08666666666666667
PyCompoundCallable:0.05333333333333334
