MusicTest:0.8033333333333333
IOSRobovmTests:0.33666666666666667
LwjglDebugStarter:0.2783333333333333
