ExternalSetAPITest:0.535
QueryGenerationTest:0.30142857142857143
ConcurrentTest:0.30142857142857143
