NullCartesianMachine:0.6244444444444445
CartesianBot:0.31333333333333335
