QualifiedNameBuilderVisitor:0.6666666666666666
DependencyExtractor:0.44666666666666666
