Line:0.5133333333333333
BaseParameters:0.325
AnnotationManager:0.3233333333333333
Concordance:0.31166666666666665
TemporaryAnnotationManager:0.2811111111111111
ConcordancesEditor:0.24666666666666667
LineLabelProvider:0.2447222222222222
KnowledgeRepositoryManager:0.22
