ExtenderConfiguration:0.5433333333333333
ContextLoaderListener:0.36333333333333334
FelixPlatform:0.27166666666666667
