TransactionSubpart:0.4033333333333333
FeatureEditPanel:0.35333333333333333
TransactionManager:0.2966666666666667
TranscriptEditPanel:0.2733333333333333
DicistronicButtonListener:0.16
FinishedCheckBoxListener:0.12333333333333334
IsProbCheckBoxListener:0.075
