Kernel32:0.6819444444444445
Kernel32Test:0.3233333333333333
FILETIME:0.18666666666666668
WinBase:0.08842857142857143
