PagesIndex:0.6455555555555557
WindowIndex:0.42380555555555555
PagesWindowIndex:0.2833333333333333
