Statistics:0.2733333333333333
UpgradeProcessor:0.24
UserMgmtService:0.23
LoginProcessor:0.21
ArticleMgmtService:0.21
InitCheckFilter:0.20666666666666667
PageCommentReplyNotifier:0.2
ArticleCommentReplyNotifier:0.2
RepairProcessor:0.16333333333333333
InitService:0.16
CommentReceiver:0.13
CaptchaProcessor:0.11
ArticleReceiver:0.09
