DashboardHelper:0.5533333333333333
DashboardModule:0.4220674603174603
MenuTag:0.34
ModifyDashboardController:0.31
DashboardModuleImpl:0.29
WebKeys:0.2720555555555556
