ServerWebSocketImpl:0.5698055555555556
HttpServerMetrics:0.529845238095238
HttpClientMetrics:0.529845238095238
FakeVertxMetrics:0.3233333333333333
DummyHttpServerMetrics:0.3
DummyHttpClientMetrics:0.3
ServerConnection:0.29
WebSocketImpl:0.2683333333333333
MetricsTest:0.19416666666666665
FakeEventBusMetrics:0.18333333333333332
