Debug:0.44333333333333336
GenericStepperMotor:0.4166666666666667
Reprap:0.4
Timer:0.37333333333333335
SNAPCommunicator:0.2636111111111111
Producer:0.20777777777777778
