Compiler:0.6666666666666666
VirtualMachineEventAdapater:0.3433333333333333
VirtualMachineEvent:0.22666666666666666
VirtualMachineStopEvent:0.21333333333333335
