IAMRoleCredentialSupplierBuilder:0.7066666666666667
ComputeServiceBuilder:0.52
IAMRoleCredentialSupplierBuilderTest:0.25333333333333335
