AbstractCasWebflowConfigurer:0.96
AuthenticationViaFormAction:0.3233333333333333
GenerateServiceTicketAction:0.2866666666666667
