ByteEncoder:0.47333333333333333
Bytes:0.3466666666666667
MyCollection:0.27
DBCursor:0.25333333333333335
SingleResult:0.2277777777777778
ByteTest:0.22666666666666666
JavaWrapper:0.21444444444444447
GridFSFile:0.2025
ReflectionDBObject:0.19281746031746033
