FileAnalyzer:0.36666666666666664
CompatibleAnalyser:0.3466666666666667
HistoryAnalyzer:0.2833333333333333
SearchHelperTest:0.26
SearchHelper:0.22248412698412698
CustomQueryParser:0.17333333333333334
DirectoryHistoryReader:0.13666666666666666
