ReplicatedMap:0.7012777777777779
ReplicationPublisher:0.47333333333333333
ReplicatedMapTest:0.25333333333333335
