WebTestCase:0.9033333333333333
BrowserVersionClassRunner:0.44666666666666666
BrowserNoneClassRunner:0.19666666666666666
BrowserRunner:0.15666666666666668
