PreviousResult:0.7233333333333334
BuildSummary:0.58
CurrentStatus:0.43333333333333335
BuildSummaryUIService:0.29333333333333333
BuildSummaryService:0.29333333333333333
BuildSummaryStatistics:0.18333333333333332
HistoricalBuildSummariesServiceTest:0.16
GetProjectBuildStatusXmlControllerTest:0.15666666666666668
BuildCommandTest:0.15333333333333332
BuildSummaryUIServiceTest:0.15333333333333332
BuildSummaryStatisticsTest:0.15
GetProjectBuildStatusControllerTest:0.14666666666666667
ProjectBuildStatusTest:0.14666666666666667
BuildSummaryServiceTest:0.13333333333333333
BuildSummaryService2Test:0.10333333333333333
LatestBuildsListingControllerTest:0.09666666666666666
ViewableStatusHelper:0.08333333333333333
