Wallet:0.6331111111111111
PeerGroup:0.2833333333333333
FullPrunedBlockChain:0.26
AbstractBlockChain:0.21
BlockChainTest:0.20333333333333334
BlockChain:0.17
AbstractFullPrunedBlockChainTest:0.11
