NDArray:0.67
ComplexNDArray:0.5733333333333334
NDArrayUtil:0.31
NDArrayBlas:0.2833333333333333
ComplexNDArrayUtil:0.26
NDArrayTests:0.17
ComplexNDArrayTests:0.16333333333333333
VectorFFT:0.12
VectorFFTTest:0.06666666666666667
