TestAdminAPI:0.7666666666666667
ServerController:0.29
ServerUtilitySerializer:0.18
ServerUtility:0.115
PIDStreamIterableWrapper:0.10666666666666667
AllSystemTestsConfigC:0.07555555555555554
AllSystemTestsConfigA:0.07555555555555554
AllSystemTestsConfigB:0.07555555555555554
PIDStreamIterableWrapperTest:0.056666666666666664
