MetadataLib:0.461111111111111
Worker:0.4372222222222223
MainPanel:0.39666666666666667
