MouseManager:0.7458333333333335
GraphJdbc:0.7233333333333334
