ApertureRuntime:0.33666666666666667
TestOutlookCrawler:0.29333333333333333
ApertureBundlesStartTest:0.18466666666666667
TestRdfContainerImpl:0.17666666666666667
AbstractArchiverSubCrawlerTest:0.16
TestOutlookCrawlAll:0.13
TestConfigurationUtil:0.13
