MapService:0.8003333333333333
HazelcastTestSupport:0.31666666666666665
