FileInfo:0.44666666666666666
FileBean:0.31
PatientBean:0.27166666666666667
RetrieveCmd:0.21777777777777782
FileBeanTest:0.20111111111111113
StorageBeanTest:0.20111111111111113
StorageBean:0.13333333333333333
