DbExport:0.5166666666666667
AbstractJdbcDdlReader:0.44666666666666666
DbExportCommand:0.27
IDdlReader:0.18333333333333332
