GwtViewHelper:0.38333333333333336
DataTableFolderViewBase:0.3566666666666667
EntryTitleCell:0.28
GwtMenuHelper:0.25666666666666665
GwtActivityStreamHelper:0.22666666666666666
EntryTitleInfo:0.22
FileIconsHelper:0.22
ActivityStreamEntry:0.21666666666666667
FileIcons:0.15
