ClusterServiceImpl:0.5033333333333333
Node:0.4388888888888889
MulticastJoiner:0.36333333333333334
MemberInfoUpdateOperation:0.26666666666666666
TcpIpJoiner:0.25666666666666665
MockJoiner:0.25333333333333335
ClusterJoinManager:0.22666666666666666
MemberListTest:0.19333333333333333
AbstractJoiner:0.18666666666666668
NodeMulticastListener:0.18666666666666668
FinalizeJoinOperation:0.16
