MarsClock:0.7233333333333334
Weather:0.31
OrbitInfo:0.30333333333333334
TimeWindow:0.16666666666666666
RadiationEvent:0.07
