GwtMainPage:0.59
AdminControl:0.5666666666666667
AdminActionsTreeControl:0.25333333333333335
