Element:0.62
Elements:0.47333333333333333
Node:0.44666666666666666
