ESIntegTestCase:0.5
DuelFieldDataTests:0.3566666666666667
GeoDistanceTests:0.3333333333333333
IndexFieldDataService:0.32666666666666666
AbstractNumberNestedSortingTestCase:0.31333333333333335
IndexFieldDataServiceTests:0.17333333333333334
GeoPolygonIT:0.13666666666666666
DoubleNestedSortingTests:0.11666666666666667
FloatNestedSortingTests:0.11666666666666667
RandomExceptionCircuitBreakerIT:0.11333333333333333
LongNestedSortingTests:0.043333333333333335
