QueryBuilder:0.6233333333333333
GPSPSDAO:0.44333333333333336
GPSPSDAOImpl:0.17333333333333334
