DialectResolver:0.66
DialectFactory:0.32666666666666666
DialectFactoryTest:0.3233333333333333
JpaSchemaGenerator:0.23
DialectFactoryImpl:0.21666666666666667
DialectResolverSet:0.18333333333333332
JdbcServicesImpl:0.16
DialectResolverTest:0.14
DialectResolverInitiator:0.13666666666666666
MyDialectResolver1:0.09
StandardServiceInitiators:0.07
