ExpressionInterpreter:0.43333333333333335
NodeRewriter:0.37333333333333335
DefaultTraversalVisitor:0.27666666666666667
Visitor:0.25666666666666665
FunctionAssertions:0.24333333333333335
RewritingVisitor:0.19333333333333333
TestExpressionInterpreter:0.11333333333333333
TestConditions:0.04
