ZenDiscovery:0.59
PublishClusterStateActionTests:0.4
NodesFaultDetection:0.26666666666666666
ClusterServiceUtils:0.18666666666666668
ZenDiscoveryUnitTests:0.12666666666666668
