PingCallback:0.4881111111111111
NettyClientHandler:0.44333333333333336
ClientTransport:0.41611111111111115
OkHttpClientTransport:0.35333333333333333
ClientFrameHandler:0.26
OkHttpClientTransportTest:0.26
LazyFrameListener:0.09333333333333334
NettyClientHandlerTest:0.09
NettyClientTransport:0.07666666666666666
ChannelImpl:0.07666666666666666
PingCallbackImpl:0.023333333333333334
