ColumnData:0.6733333333333333
SortingModel:0.37666666666666665
