MappedObject:0.8533333333333334
MappedHelper:0.49666666666666665
