GoogleAccountsServiceTests:0.21666666666666667
ShibbolethCompatiblePersistentIdGenerator:0.21
RegisteredServiceSerializer:0.20333333333333334
CasDefaultFlowUrlHandler:0.19666666666666666
InfinispanTicketRegistryTests:0.19666666666666666
DefaultUniqueTicketIdGenerator:0.19666666666666666
AbstractSamlObjectBuilder:0.18333333333333332
InitialFlowSetupActionCookieTests:0.15
RegisteredServiceResourceTests:0.14666666666666667
LogoutActionTests:0.11666666666666667
FlowExecutionExceptionResolver:0.11333333333333333
HostNameBasedUniqueTicketIdGeneratorTests:0.09333333333333334
