XslUtil:0.9266666666666666
XslUtilTest:0.043333333333333335
