Messages:0.7208333333333333
SystemSettingsTag:0.29
DropSettingsTag:0.07666666666666666
