AudioSettings:0.3566666666666667
VoIPAction:0.26666666666666666
AudioPlayer:0.26666666666666666
PreferenceConstants:0.24444444444444444
AudioServiceManager:0.20666666666666667
AudioRecorder:0.19333333333333333
AudioReceiverAction:0.19333333333333333
AudioSenderAction:0.18666666666666668
SpeexAudioEncoder:0.09333333333333334
CommunicationPreferencePage:0.08666666666666667
SpeexAudioDecoder:0.06333333333333334
PreferenceInitializer:0.02666666666666667
