GL:0.6933333333333334
Window:0.425
PbufferTest:0.28777777777777774
FullScreenWindowedTest:0.28777777777777774
HWCursorTest:0.2644444444444444
