ClientMessage:0.5433333333333333
AbstractClientCacheProxy:0.36
ClientDelegatingFuture:0.35333333333333333
ClientExecutorServiceProxy:0.3233333333333333
FlyweightTest:0.28
MessageFlyweight:0.24
ClientMessageTest:0.20666666666666667
