Types:0.8333333333333334
Rewriter:0.41333333333333333
RewriterTest:0.29333333333333333
