Datastream:0.7216666666666667
DatastreamContent:0.30333333333333334
