CreateTable:0.4666666666666667
TestSqlParser:0.3433333333333333
AstBuilder:0.32666666666666666
AbstractTestDistributedQueries:0.23666666666666666
TestStatementBuilder:0.22333333333333333
CreateTableTask:0.14
