MapClientProxy:0.49
ProxyHelper:0.43
MapIterateEntriesHandler:0.38666666666666666
ClientService:0.29333333333333333
