GwtTeamingMessages:0.8933333333333333
EditLdapServerConfigDlg:0.3433333333333333
EditLdapConfigDlg:0.21444444444444447
EditLdapSearchDlg:0.20333333333333334
GwtLdapConnectionConfig:0.17333333333333334
LdapSearchBaseDnCell:0.0
