ShadowPackageManagerTest:0.5766666666666667
ShadowPackageManager:0.4633333333333333
ParallelUniverse:0.2813333333333334
LoadWeirdClassesTest:0.09666666666666666
