Responder:0.84
FormTagBase:0.2966666666666667
ResponseControllerHandler:0.22666666666666666
FormResponder:0.21666666666666667
