BinaryHeader:0.5766666666666667
BinaryPacket:0.43666666666666665
BinaryChannel:0.32
