ModelGenerator:0.44666666666666666
Query:0.30666666666666664
QueryUtils:0.26666666666666666
QueryParam:0.16
StatementUtils:0.05333333333333334
QueryUtilsTest:0.04
