TasksTree:0.4166666666666667
Listener:0.36666666666666664
TreePopupMenu:0.14333333333333334
MainMenuBar:0.11333333333333333
TimeslotsTablePopupMenu:0.07333333333333333
