MalfunctionPanel:0.6021666666666667
MaintenanceBuildingPanel:0.5033333333333333
MaintenanceTabPanel:0.3933333333333333
