Content:0.6566666666666666
Model:0.55
ContentRenderer:0.27666666666666667
GridCache:0.23666666666666666
