Keyboard:0.4633333333333333
Mouse:0.46
LinuxDisplay:0.3433333333333333
DisplayImplementation:0.31
MouseEventQueue:0.26
WindowsMouse:0.24333333333333335
LinuxMouse:0.24
MacOSXDisplay:0.23
Win32Display:0.20333333333333334
EventQueue:0.13666666666666666
LinuxKeyboard:0.12666666666666668
WindowsKeyboard:0.08333333333333333
KeyboardEventQueue:0.08333333333333333
