DefaultSynthStyle:0.3933333333333333
SynthLookGeneratorTest:0.30333333333333334
EmbeddedWindowsManager:0.265
WidgetsGenerator:0.25666666666666665
PropertyGenerator:0.25333333333333335
SynthModelVisitor:0.2
MultiLineLabel:0.18
