MethodInvocation:0.36
Name:0.33
BodyDeclaration:0.2866666666666667
TypeCollector:0.26
AnonymousClassDeclaration:0.22888888888888886
TreeUtil:0.21666666666666667
MethodDeclaration:0.21
SingleVariableDeclaration:0.20333333333333334
ArrayInitializer:0.20333333333333334
FunctionInvocation:0.2
SuperMethodInvocation:0.18666666666666668
EnumConstantDeclaration:0.18666666666666668
FunctionDeclaration:0.18
BindingUtil:0.17
ThisExpression:0.16
NativeExpression:0.15666666666666668
TypeLiteral:0.15333333333333332
AbstractTypeDeclaration:0.15333333333333332
