Par:0.5766666666666667
Expression:0.43666666666666665
AspectGraph:0.3538888888888889
