AclImpl:0.5272222222222221
BasePermission:0.5266666666666666
PermissionTests:0.24
