OobChannel:0.47
ManagedChannelImpl:0.38666666666666666
ServerImpl:0.36333333333333334
TransportListener:0.25
