LegacyJpaNamingWithHbmBindingTests:0.43
LegacyJpaNamingWithAnnotationBindingTests:0.43
SQLLoaderTest:0.25666666666666665
TestKeywordRecognition:0.17666666666666667
