AttributeType:0.61
FeatureTypeFactory:0.5533333333333333
Attribute:0.5333333333333333
GeometryAttribute:0.5333333333333333
ComplexAttribute:0.47833333333333333
FeatureFactory:0.465
Feature:0.455
SimpleFeature:0.3625
PropertyDescriptor:0.29833333333333334
GeometryType:0.26
Property:0.255
SimpleFeatureType:0.2525
ComplexType:0.245
PropertyType:0.23833333333333334
Schema:0.23333333333333334
AttributeDescriptor:0.04666666666666667
FeatureType:0.043333333333333335
