Extruder:0.9133333333333333
GenericExtruder:0.4666666666666667
BooleanGridList:0.4
AllSTLsToBuild:0.2733333333333333
