SmtpServer:0.7924603174603174
SmtpServerTest:0.5066666666666667
