AbstractParameterService:0.49333333333333335
ParameterService:0.42333333333333334
IParameterService:0.29
MockParameterService:0.21
