CertificateProfileSessionBean:0.41333333333333333
EjbcaWS:0.4066666666666667
EndEntityProfileSessionBean:0.3333333333333333
InformationMemory:0.3
EndEntityProfileSessionLocal:0.2872063492063492
CertificateProfileSessionLocal:0.2872063492063492
RAAuthorization:0.27
RaAddUserCommand:0.19
StartServicesServlet:0.18138888888888888
EndEntityProfileCache:0.17333333333333334
CertificateProfileCache:0.16666666666666666
