Context:0.7088888888888889
Enhancer:0.4955555555555555
AbstractClassGenerator:0.4066666666666667
MethodProxy:0.37666666666666665
MethodInterceptorGenerator:0.20777777777777778
KeyFactory:0.12666666666666668
