FedoraServerTestCase:0.5333333333333333
ConflictingDeploymentTests:0.53
SharedDeploymentTests:0.5133333333333333
AllCommonSystemTests:0.19666666666666666
