SubclipseAdapter:0.7433333333333333
VCSAdapter:0.5552777777777778
