TestEditor:0.2733333333333333
SomeToolBar:0.21166666666666667
TestRenderer:0.20333333333333334
JCPActionChangeMode:0.09666666666666666
