PingTask:0.6566666666666666
PingTaskTest:0.29333333333333333
CrateCorePlugin:0.19666666666666666
UDCService:0.19333333333333333
CrateCoreModule:0.178
ClusterIdExpression:0.07
