TestUtils:0.4766666666666667
HttpServerOptions:0.3933333333333333
Http1xTest:0.31
Http2ServerTest:0.29333333333333333
VertxHttp2ConnectionHandlerBuilder:0.29
HttpServerImpl:0.2733333333333333
