IType:0.89
RubyType:0.6466666666666666
CompletionEngine:0.2866666666666667
