Qedeq2LatexExecutor:0.6208333333333333
LogicErrors:0.47904761904761906
FormalProofCheckerExecutor:0.36
WellFormedCheckerExecutor:0.24666666666666667
