TreeView:0.5133333333333333
Node:0.4633333333333333
TraceCommand:0.10333333333333333
PathTraceCommand:0.10333333333333333
