TextView:0.38666666666666666
Button:0.38
CheckBox:0.2866666666666667
RadioButton:0.2866666666666667
EditorMenu:0.25
Toolbar:0.23333333333333334
EditText:0.22666666666666666
ButtonsUsageActivity:0.08333333333333333
