TemporaryFolder:0.7666666666666667
Version:0.295
Builder:0.2866666666666667
