DSL:0.69
DefaultDSLContext:0.33666666666666667
CombinedCondition:0.30333333333333334
SakilaReportService:0.25
ConditionProviderImpl:0.20666666666666667
PostgresDatabase:0.19
FirebirdDatabase:0.19
DefaultPivotTable:0.13666666666666666
