OptionalBinderTest:0.48
OptionalBinder:0.43111111111111117
RealOptionalBinder:0.36333333333333334
SpiUtils:0.32
