StructureRDFManager:0.4467222222222222
Activator:0.4116666666666667
StructureRDFManagerFactory:0.17
