Reader:0.6033333333333334
Writer:0.6033333333333334
ReaderAndWriterTest:0.23333333333333334
WriterTest:0.09333333333333334
ReaderTest:0.07333333333333333
