FileResource:0.8466666666666667
AbstractResource:0.35833333333333334
