ApplicationConfig:0.560484126984127
AtmosphereResponseImpl:0.56
ReflectorServletProcessor:0.27444444444444444
Stream:0.27
AtmosphereResourceTest:0.10666666666666667
