Config:0.48333333333333334
StrandedZoomableApolloPanel:0.36666666666666664
PropertyScheme:0.32616666666666666
ScrollableTierView:0.22666666666666666
ApolloFrame:0.22666666666666666
TypePanel:0.2111111111111111
SiteView2:0.185
GFFFile:0.17333333333333334
TierMenu:0.16
