DefaultComponentFinder:0.37666666666666665
ScriptEditor:0.3333333333333333
Step:0.29333333333333333
ContextTracker:0.275
ComponentBrowser:0.2733333333333333
Recorder:0.23666666666666666
JListTester:0.17
