Preferences:0.4216666666666667
BooleanChoice:0.37666666666666665
PreferencesValue:0.29
