GwtActivityStreamHelper:0.37
GwtTeamingMessages:0.32666666666666666
PrincipalInfo:0.31333333333333335
GwtViewHelper:0.29
EventHelper:0.29
GwtServerHelper:0.2733333333333333
BinderViewsHelper:0.25333333333333335
PresenceCell:0.23
EntryMenuPanel:0.22
GwtRpcServiceImpl:0.19666666666666666
GwtMenuHelper:0.19333333333333333
ASAuthorInfo:0.17333333333333334
DataTableFolderViewBase:0.13333333333333333
DisableSelectedUsersEvent:0.016666666666666666
EnableSelectedUsersEvent:0.016666666666666666
DisableUsersCmd:0.006666666666666667
EnableUsersCmd:0.006666666666666667
