NeighborList:0.6225
NumericalSurface:0.4866666666666667
SubstructureFingerprinter:0.25666666666666665
