LossHandler:0.5133333333333333
LossHandlerTest:0.4066666666666667
DriverConnection:0.24666666666666667
ReceiveChannelEndpoint:0.24666666666666667
ReceiverTest:0.14583333333333334
