CookieBasedSSOConfig:0.5933333333333334
CookieBasedSSO:0.38
Authentication:0.22333333333333333
LocalizationLocator:0.19333333333333333
TestCookieBasedSSOConfig:0.05333333333333334
JNDILookupConfiguration:0.05
