InternalKeyBindingMBean:0.5066666666666667
InternalKeyBindingMgmtTest:0.24666666666666667
InternalKeyBindingMgmtSessionBean:0.24333333333333335
InternalKeyBindingMgmtSession:0.1825
