IOService:0.6758333333333333
MockIOService:0.4
TcpIpConnection:0.36333333333333334
NodeIOService:0.17666666666666667
