AssetsBundle:0.4583333333333333
ServletEnvironmentTest:0.3433333333333333
ServletEnvironment:0.23333333333333334
AssetsBundleTest:0.19
AdminEnvironment:0.14
AdminEnvironmentTest:0.11333333333333333
