UserHandler:0.6166666666666667
WikiPageInfo:0.51
DatabaseHandler:0.29333333333333333
RegisterServlet:0.27
WikiDatabase:0.25666666666666665
WikiUserInfo:0.25666666666666665
ServletUtil:0.21777777777777782
DatabaseUserHandler:0.13666666666666666
LdapUserHandler:0.10666666666666667
