Index:0.5966666666666667
IndexTest:0.47333333333333333
