Request:0.8366666666666667
NettyAsyncHttpProvider:0.4533333333333333
RequestImpl:0.41333333333333333
PerRequestRelative302Test:0.2
