Lang:0.9633333333333334
ComboIocLoader:0.3433333333333333
