CqpClientTest:0.43333333333333335
VectorImpl:0.39
SpecificitesResult:0.29
Specificites:0.23333333333333334
LexicalTableImpl:0.23333333333333334
QuantitativeDataStructureImpl:0.20333333333333334
CA:0.05
