PlannerTest:0.5766666666666667
CopyStatementPlanner:0.29333333333333333
PlanVisitor:0.2866666666666667
NodeOperationTreeGenerator:0.2733333333333333
