Elvin:0.72
ElvinOptions:0.36333333333333334
JUTestClientTLS:0.2866666666666667
Net:0.27
