ShareThisDlg:0.5033333333333333
ShareWithTeamsDlg:0.43333333333333335
GwtTeamingMessages:0.31666666666666665
RecipientNameWidget:0.22944444444444448
GwtShareHelper:0.20666666666666667
ShareRightsWidget:0.1927777777777778
ShareExpirationWidget:0.1927777777777778
