imp:0.6
importer:0.4066666666666667
zipimporter:0.39
ClasspathPyImporter:0.30333333333333334
