Advice:0.7366666666666667
TraceCommand:0.18333333333333332
GlobalOptions:0.02
