CacheContext:0.5633333333333334
HasRemovalNotifications:0.37666666666666665
CacheGenerator:0.3333333333333333
CacheProvider:0.26
