SingleConsumerArrayQueue:0.5633333333333334
SingleConsumerArrayObjectQueue:0.3566666666666667
SingleConsumerArrayDWordQueue:0.2833333333333333
SingleConsumerArrayWordQueue:0.2833333333333333
