GlobalPoolingLayer:0.5466666666666666
MaskedReductionUtil:0.41333333333333333
