SkipGram:0.42333333333333334
SequenceLearningAlgorithm:0.34115079365079365
CBOW:0.29333333333333333
DM:0.2733333333333333
DBOW:0.23666666666666666
VectorCalculationsThread:0.18333333333333332
SequenceVectors:0.17666666666666667
ParagraphVectorsTest:0.17555555555555558
