SubmitWizard:0.30333333333333334
PredictWizard:0.29
NewFromNmrshiftdbWizard:0.2733333333333333
ElucidateWizard:0.22666666666666666
AssignPredictWizard:0.13666666666666666
CloneWizard:0.09333333333333334
