DescribeSecurityGroupsRequest:0.7933333333333333
DescribeSecurityGroupsResult:0.49
DescribeSecurityGroupsRequestMarshaller:0.13666666666666666
DescribeSecurityGroupsResultStaxUnmarshaller:0.1311111111111111
