ValueAttribute:0.4033333333333333
ValueType:0.38
Annotations:0.33
ObjectMappedTest:0.29
CustomBuilderDeserialize:0.20222222222222222
