VariationalAutoencoder:0.6933333333333334
GradientCheckUtil:0.36333333333333334
TestVAE:0.22
VaeGradientCheckTests:0.045
