BaseSpnegoKnownClientSystemsFilterAction:0.4666666666666667
JcifsSpnegoAuthenticationHandler:0.35333333333333333
LdapSpnegoKnownClientSystemsFilterAction:0.26666666666666666
JcifsSpnegoAuthenticationHandlerTests:0.22666666666666666
AllSpnegoKnownClientSystemsFilterActionTests:0.22333333333333333
SpnegoNegociateCredentialsAction:0.21666666666666667
SpnegoWebflowConfiguration:0.18666666666666668
SpnegoConfiguration:0.15333333333333332
HostNameSpnegoKnownClientSystemsFilterAction:0.14666666666666667
NtlmAuthenticationHandler:0.13333333333333333
LdapSpnegoKnownClientSystemsFilterActionTests:0.08
StormpathAuthenticationConfiguration:0.04
