BitMatrixTestCase:0.705
AbstractBlackBoxTestCase:0.6766666666666666
Code128WriterTestCase:0.27666666666666667
RSSExpandedImage2stringTestCase:0.22333333333333333
RSSExpandedImage2binaryTestCase:0.20333333333333334
CodaBarWriterTestCase:0.12
RSSExpandedInternalTestCase:0.12
TestCaseUtil:0.10666666666666667
RSSExpandedImage2resultTestCase:0.09
MultiQRCodeTestCase:0.08333333333333333
UPCAWriterTestCase:0.07666666666666666
EAN13WriterTestCase:0.016666666666666666
EAN8WriterTestCase:0.016666666666666666
