TodoListsManagerImpl:0.7033333333333334
ShowRssFeedAction:0.5008333333333334
TodoListsManager:0.39
