SpecificationResolver:0.51
Launcher:0.38166666666666665
JUnit4TestEngine:0.24333333333333335
