AbstractFilterContentEditorController:0.4066666666666667
FilterContentResult:0.27222222222222225
SetFilterFilterContentRequestBean:0.26
