SmilesWindow:0.3
BasicGenerator:0.2866666666666667
IntermediateRendererTest:0.24333333333333335
IntermediateRenderer:0.22333333333333333
IRenderingModule:0.16333333333333333
DropShadowVisitor:0.11
AbstractModule:0.056666666666666664
BondModule:0.05
AtomSymbolModule:0.04
AtomModule:0.04
IGenerator:0.006666666666666667
