Msg:0.39666666666666667
PersonTableModel:0.33
UnitTableModel:0.31
VehicleTableModel:0.24166666666666667
SettlementTableModel:0.24166666666666667
