Util:0.6166666666666667
ErrorLogManager:0.4166666666666667
FeedbackPreferencePage:0.4
StatisticManager:0.29888888888888887
AbstractFeedbackManager:0.19
