Kuwaiba:0.49666666666666665
BackendBeanRemote:0.4666666666666667
BackendBean:0.21333333333333335
