Win32WindowDemo:0.58
TlbCoClass:0.37666666666666665
MSOfficeWordDemo:0.2733333333333333
TlbDispInterface:0.26666666666666666
