WorkflowModule:0.8766666666666667
WorkflowModuleImpl:0.7566666666666667
WorkflowController:0.2
