Mailbox:0.7566666666666667
MoblogPlugin:0.38666666666666666
MailboxChecker:0.36
