TaskInfo:0.5933333333333334
TaskOutput:0.39666666666666667
QueryInfo:0.2633333333333333
HttpRemoteTask:0.25
