TimestampTest:0.5566666666666666
PreparedStatementTest:0.4
SAfeTest:0.36666666666666664
SanityTest:0.2823333333333333
TestBase:0.22
EncodingTest:0.219
