Native:0.8133333333333334
Structure:0.4633333333333333
TestLibrary:0.254
W32StdCallTest:0.19333333333333333
StdCallFunctionMapper:0.12
size_t:0.01
