Messages:0.608
ShowHistoryFormTag:0.5958333333333333
TaskHandlerClassesInformationSingleton:0.31333333333333335
