Graph:0.8033333333333333
DataStructures:0.2633333333333333
