BasicDBObject:0.4766666666666667
RawDBObject:0.42333333333333334
ReflectionDBObject:0.355
