Geonetwork:0.49
GetInfo:0.32
Add:0.22666666666666666
GetList:0.20666666666666667
Activate:0.14266666666666666
