CollectionItemProvider:0.71
ResultHolder:0.12166666666666667
CollectionItemProviderTests:0.016666666666666666
