AtomTest:0.25666666666666665
AtomTypeTest:0.25333333333333335
ChemObjectTest:0.25
IsotopeTest:0.22333333333333333
ElementTest:0.22333333333333333
