MBeanDataHolder:0.5666666666666667
MBeanTest:0.4077777777777778
ConnectionManagerMBean:0.25833333333333336
