SparkBase:0.6133333333333333
SparkServer:0.5533333333333333
GzipUtils:0.21666666666666667
StringMatch:0.0
