PersistenceManager:0.81
MatchAlgorithm:0.5566666666666666
FRILMatchAlgorithm:0.30666666666666664
FindSubjectsHandler:0.2891666666666667
EMPIPersistenceServiceTest:0.05333333333333334
EMPIConfigTest:0.04666666666666667
