NestedDFSStrategy:0.6588888888888889
VerifyMenu:0.30933333333333335
