View:0.6166666666666667
TransientPersistenceProvider:0.4266666666666667
MetaComponent:0.33
MapFacadeBean:0.2833333333333333
