MockDatabase:0.57
LatencyThresholderTest:0.39666666666666667
SnmpThresholderTest:0.3933333333333333
ThresholdEntity:0.3333333333333333
ThresholderTestCase:0.04666666666666667
