PyObject:0.59
PyString:0.4
PySequence:0.2966666666666667
PyInstance:0.2866666666666667
