SyncUtil:0.43666666666666665
EntPhysicalSynchronizer:0.39666666666666667
AbstractDashboardWidget:0.2633333333333333
ServiceManagerComponent:0.2633333333333333
IPAddressesSyncProvider:0.2394444444444445
ServiceViewsDashboardWidget:0.18333333333333332
DummyCoverDashboardWidget:0.13
SnmpIPResourceDefinition:0.1211111111111111
ServiceManagerDashboard:0.09333333333333334
IPSynchronizer:0.04666666666666667
