ProcessorsRegistry:0.49
NodeService:0.3466666666666667
PipelineStore:0.32666666666666666
Builder:0.29
IngestService:0.15333333333333332
NodeModule:0.04666666666666667
