BloggerAPIHandler:0.7216666666666667
MetaWeblogAPIHandler:0.5197222222222223
