State:0.5
AbstractFlowBuilder:0.4633333333333333
EndState:0.4533333333333333
SubflowState:0.43666666666666665
XmlFlowBuilder:0.4266666666666667
Transition:0.39
TransitionableState:0.36
ActionState:0.36
ViewState:0.35333333333333333
Flow:0.3
BaseFlowBuilder:0.23666666666666666
FlowExecutionManager:0.21
FlowArtifactLookupException:0.20666666666666667
DecisionState:0.2
StateTests:0.15333333333333332
TestAction:0.14833333333333334
XmlFlowBuilderTests:0.14444444444444446
BeanFactoryFlowLocator:0.14
FlowAction:0.13666666666666666
FlowExecutionImplTests:0.13
FlowArtifactLocator:0.125
FlowTests:0.11666666666666667
AbstractFlowBuilderTests:0.08666666666666667
FlowExecutionTests:0.08166666666666667
FlowCreator:0.07666666666666666
FlowRegistry:0.055
BeanFactoryFlowArtifactLocator:0.04666666666666667
NoSuchFlowDefinitionException:0.04
TestFlowArtifactLocator:0.03666666666666667
ChainedFlowArtifactLocator:0.02777777777777778
FlowArtifactLocatorAdapter:0.01
DefaultFlowCreator:0.0
