Analysis:0.49333333333333335
AnalyzerTest:0.44
StatementAnalyzer:0.29333333333333333
Insert:0.27666666666666667
AstVisitor:0.26666666666666666
FunctionIdent:0.24666666666666667
TestStatementBuilder:0.21333333333333335
DefaultTraversalVisitor:0.16666666666666666
Analyzer:0.15
Planner:0.12
TestMetaDataModule:0.09333333333333334
TestModule:0.06666666666666667
AbsFunction:0.03
