Robolectric:0.6133333333333333
RobolectricInternals:0.41333333333333333
AndroidTranslator:0.39
AndroidTranslatorUnitTest:0.2633333333333333
Vars:0.10838095238095237
AndroidTranslatorTest:0.04666666666666667
