CollisionJNI:0.5633333333333334
btCollisionObjectWrapper:0.39
LinearMathJNI:0.3373174603174603
ContactListener:0.2611111111111111
LinearMath:0.2511111111111111
CollisionObjectWrapper:0.22733333333333333
