ExtractingTask:0.6366666666666667
ExtractingResult:0.38
Extracting:0.35
Lexical:0.17333333333333334
ExtractingTest:0.13333333333333333
LexicalTest:0.12
