Materialisation:0.5783333333333334
EquationSystem:0.43333333333333335
EdgeBundle:0.24333333333333335
