OrcTester:0.55
AbstractTestOrcReader:0.38333333333333336
TestOrcReaderPositions:0.17666666666666667
TempFile:0.16777777777777778
DoubleOrcPredicate:0.13666666666666666
