Translator:0.7433333333333333
ApkTranslator:0.47711904761904766
ClassySharkPanel:0.38333333333333336
Exporter:0.31
JavaTranslator:0.27666666666666667
JarInfoTranslator:0.22166666666666668
ToolbarController:0.22166666666666668
ElfTranslator:0.22166666666666668
Toolbar:0.16666666666666666
AndroidXmlTranslator:0.14976190476190476
CliMode:0.12333333333333334
DexInfoTranslator:0.10833333333333334
