JdbcMetadata:0.59
TestJdbcMetadata:0.37
BaseJdbcConfig:0.3644444444444444
TestBaseJdbcConfig:0.24333333333333335
JdbcModule:0.20333333333333334
