Data:0.56
ConfigurationUtils:0.44666666666666666
DataTests:0.21666666666666667
IngestModule:0.03666666666666667
