Future:0.7022222222222222
FutureImpl:0.47333333333333333
FutureTest:0.06666666666666667
