Record:0.8333333333333334
DefaultRecordStore:0.4033333333333333
AbstractRecord:0.3466666666666667
