ClientMapTest:0.4
EntListener:0.25333333333333335
MapGetRequest:0.19666666666666666
MapRemoveRequest:0.19666666666666666
MapPutRequest:0.19666666666666666
PartitionClientRequest:0.19333333333333333
CallbackImpl:0.171968253968254
