QueryState:0.48333333333333334
QueryInfo:0.36333333333333334
MasterQueryTask:0.3214470899470899
TestQueryState:0.25333333333333335
QueryDriversOperator:0.21444444444444447
QueryManager:0.2105952380952381
StaticQueryManager:0.19
SumFragmentWorker:0.11666666666666667
SumFragmentMaster:0.11666666666666667
QueryResource:0.10833333333333334
ImportTableQuery:0.09
Execute:0.08
SimpleQueryManager:0.08
HttpQueryProvider:0.07777777777777778
ImportDelimited:0.07333333333333333
QueryTask:0.03666666666666667
TestQueryResourceServer:0.03333333333333333
