ConnectTest:0.779388888888889
DataUtil:0.5366666666666666
