Delay:0.2833333333333333
MoveTo:0.27666666666666667
RotateTo:0.27666666666666667
FadeIn:0.27666666666666667
FadeOut:0.27666666666666667
ScaleTo:0.27666666666666667
