Table:0.44
Relation:0.2833333333333333
Index:0.2833333333333333
View:0.28
RelationEdge:0.14666666666666667
CommentCell:0.14
TableCell:0.14
ViewCell:0.12333333333333334
ViewAttribute:0.11666666666666667
ContextMenuFactory:0.09
ModelProperties:0.08333333333333333
ERDesignerBundle:0.07
