Jdbc3KeyGenerator:0.51
BatchResult:0.49194444444444446
BatchExecutor:0.42333333333333334
