Model:0.7433333333333333
Content:0.7035555555555555
TreeView:0.35
ModelListener:0.254
TreeViewSettings:0.23333333333333334
Overview:0.1905952380952381
SwingFactory:0.08833333333333333
ActionBDelete:0.05333333333333334
BookmarkListModel:0.0375
