MapDisplay:0.6666666666666666
NavpointMapLayer:0.31333333333333335
