Event:0.9266666666666666
EntityIndexUtils:0.2833333333333333
AjaxController:0.23666666666666666
ListFolderController:0.1811111111111111
CalendarHelper:0.06333333333333334
EventHelper:0.03666666666666667
WebKeys:0.016666666666666666
