MainWindow:0.6633333333333333
ResourceProcessing:0.40099999999999997
StatusBar:0.051666666666666666
