LayerStyle2SLDPlugIn:0.47333333333333333
ExtensionManagerDialog:0.44666666666666666
ExtensionManagerPlugIn:0.3233333333333333
JUMPConfiguration:0.30333333333333334
ExtensionHelper:0.18666666666666668
ExtensionWrapper:0.17666666666666667
CatalogParser:0.05
OpenJumpConfiguration:0.05
ExtensionPanel:0.04
ExtensionManagerExtension:0.006666666666666667
DummyExtension:0.0
