GwtMainPage:0.4122222222222222
ContentControl:0.38333333333333336
ViewEntryController:0.28
