SeqFeatureI:0.6766666666666666
Selection:0.38333333333333336
AnnotationEditor:0.2966666666666667
SeqFeature:0.29
DrawableSeqFeature:0.25666666666666665
