ESIntegTestCase:0.5733333333333334
DiscoveryWithServiceDisruptionsIT:0.35
ZenPingService:0.3333333333333333
ClassSet:0.15
DiscoveryModule:0.12666666666666668
SimpleThreadPoolIT:0.12
CompoundPingListener:0.10333333333333333
