AccessSets:0.45
AccessSet:0.38416666666666666
RaAccessBean:0.2966666666666667
RemoteAccessSetCacheHolder:0.21666666666666667
