MainWindow:0.5755555555555555
SettlementMapPanel:0.5378333333333333
