StaticVarRewriter:0.43333333333333335
ArrayRewriter:0.43333333333333335
TranslationUtil:0.42333333333333334
StaticVarRewriterTest:0.28
