AuthenticationResponse:0.5866666666666667
ResponseFactory:0.39
AuthenticationResponseTest:0.2966666666666667
