AtmosphereResourceImpl:0.8266666666666667
DefaultWebSocketProcessor:0.2866666666666667
OnDisconnectInterceptor:0.21666666666666667
