ESQueryBuilderTest:0.4666666666666667
TransportSQLActionTest:0.4266666666666667
GeoPointTypeTest:0.4066666666666667
DistanceFunction:0.37
GeoPointType:0.24
Visitor:0.15
