Encoder:0.6455555555555557
Detector:0.37333333333333335
ExpandedProductResultParser:0.24666666666666667
