ESDelete:0.53
ESDeleteTask:0.42333333333333334
DeleteStatementPlanner:0.37
DeleteIntegrationTest:0.15666666666666668
