Audio:0.7875
OpenALAudio:0.4166666666666667
AndroidAudio:0.2833333333333333
AudioRecorderTest:0.27666666666666667
