Util:0.8233333333333334
ApplicationEntityManagerImpl:0.35
BusinessEntityManagerImpl:0.35
MetadataEntityManagerImpl:0.3333333333333333
