EndEntityManagementSessionBean:0.5822222222222222
MapToStringConverter:0.2297222222222222
EndEntityAuthenticationSessionBean:0.2297222222222222
