FOXMLMaker:0.6797222222222223
StagingIngester:0.3663888888888889
