UserDefineLibrary:0.5366666666666666
DATDictionary:0.5233333333333333
UserDefineRecognition:0.36333333333333334
TestError:0.08666666666666667
