TBEnLib:0.5533333333333333
TBEnConvert:0.5033333333333333
ClearDependencyUtility:0.4033333333333333
PhraseToDep:0.29333333333333333
ClearParserAE:0.26
DepLib:0.14622222222222223
