RegisterTransaction:0.42333333333333334
StoredQueryTransaction:0.41333333333333333
ProvideAndRegisterTransaction:0.3233333333333333
