VoterManagerTests:0.7033333333333334
DenyVoter:0.44666666666666666
