DescriptorCalculatorTest:0.39
DescriptorCalculatorLocalWorkerTest:0.2866666666666667
XLogPCalculatorTest:0.1802222222222222
GraviationalIndexCalculatorTest:0.1802222222222222
CPSACalculatorTest:0.1802222222222222
BCUTCalculatorTest:0.1802222222222222
TPSACalculatorTest:0.1802222222222222
WHIMCalculatorTest:0.1802222222222222
KappaShapeIndicesCalculatorTest:0.1802222222222222
PetitjeanNumberCalculatorTest:0.1802222222222222
