Main:0.5
GenericRepRap:0.4166666666666667
PrintTabFrame:0.35333333333333333
PCB:0.35
