GrpcSslContexts:0.375
ServerTlsHandler:0.375
ProtocolNegotiatorsTest:0.2633333333333333
BufferUntilTlsNegotiatedHandler:0.14333333333333334
OkHttpProtocolNegotiatorTest:0.12
OkHttpTlsUpgrader:0.10333333333333333
