ShadowResourcesTest:0.41333333333333333
string:0.32255555555555554
StringResources:0.29555555555555557
StringResourcesTest:0.21666666666666667
