ClientEndpoint:0.74
ClientEndpointImpl:0.3933333333333333
ClientEngineImpl:0.3
GroupProperty:0.2975
AbstractListenersOnReconnectTest:0.2866666666666667
ClientTxnDisconnectionTest:0.19666666666666666
ClientServiceTest:0.19666666666666666
AuthenticationBaseMessageTask:0.19333333333333333
ConnectionListenerImpl:0.09
ClientHeartbeatTest:0.08333333333333333
