RotateModule:0.7886111111111112
Rotate3DModule:0.4333888888888888
