HttpServerOptions:0.5033333333333333
HttpClientOptions:0.5033333333333333
Http1xTest:0.41
HttpServerImpl:0.25666666666666665
