XmlResourceParserImpl:0.67
ResourceParser:0.38333333333333336
XmlBlock:0.3433333333333333
ShadowResources:0.29833333333333334
