CodeGenerator:0.5233333333333333
Generator:0.22666666666666666
EnhancerGenerator:0.21
MetaClassGenerator:0.10666666666666667
