MathUtils:0.47
LwjglApplication:0.29333333333333333
JoglFiles:0.26
Sprite:0.25166666666666665
AppletFiles:0.21666666666666667
TwlRenderer:0.21361111111111114
SpriteBatch:0.21333333333333335
LwjglMusic:0.20444444444444446
LwjglFiles:0.17944444444444446
LwjglAudio:0.1511111111111111
