WorkflowBot:0.5266666666666666
UpdatePermissionsSettings:0.4033333333333333
UpdatePermissionsTaskHandler:0.32666666666666666
TextReportTaskHandler:0.24826767676767678
StartProcessTaskHandler:0.24826767676767678
UpdatePermissionsXmlParser:0.22666666666666666
WebServiceTaskHandlerXSLTHelper:0.19666666666666666
WorkflowMultitaskBot:0.19
SwimlaneAssignerTaskHandler:0.13666666666666666
CancelOldProcesses:0.13666666666666666
WorkflowThreadPoolBotInvoker:0.13333333333333333
AlfOrgFunction:0.11333333333333333
WorkflowBotInvoker:0.09666666666666666
