C3DListViewSkin:0.55
C3DToolbar:0.5066666666666667
DepthManager:0.3071111111111111
C3DProgressBarSkin:0.18333333333333332
ToolBarDemo:0.17
