Management:0.6866666666666666
Authorization:0.6061111111111112
JournalConsumer:0.3
FedoraAPIMBindingSOAPHTTPImpl:0.25
JournalCreator:0.24
TestJournalRoundTrip:0.23083333333333333
ActionNamespace:0.23
MockManagementDelegate:0.20666666666666667
DefaultAuthorization:0.19083333333333333
DefaultManagement:0.17194444444444446
Journaller:0.15666666666666668
ManagementModule:0.15666666666666668
