MercurialRepository:0.5533333333333333
FileHistoryCache:0.5133333333333333
Indexer:0.23
FileHistoryCacheTest:0.21666666666666667
