PropertyImpl:0.5766666666666667
ObjectPropertyImpl:0.3466666666666667
TClassImpl:0.3233333333333333
DatatypePropertyImpl:0.20333333333333334
