CSWEBRIMSOAPService:0.7186111111111111
CSWEBRIMSOAPServiceStub:0.53
CSWEBRIMSOAPServiceCallbackHandler:0.4033333333333333
MsgInvalidRequestFault:0.29833333333333334
CSWEBRIMSOAPServiceTest:0.125
