MapRequest:0.2733333333333333
SRSWizardPanel:0.20333333333333334
Parser:0.20333333333333334
WMService:0.2
URLWizardPanel:0.19666666666666666
OneSRSWizardPanel:0.1927222222222222
MapImageFormatChooser:0.135
