ClusteredService:0.8111111111111111
ClusteredServiceAgent:0.47
StubClusteredService:0.42380555555555555
