WebTestCase:0.5066666666666667
JavaScriptExecutor:0.27666666666666667
JavaScriptEngineTest:0.18533333333333335
