DroolsCorrelationEngine:0.7083333333333334
Flap:0.44333333333333336
DroolsCorrelationEngineTest:0.3433333333333333
