GraphManager:0.43333333333333335
View:0.3333333333333333
GLDisplay:0.295
WireframeCanvas:0.26166666666666666
DisplayVisitor:0.21333333333333335
