DefaultApplicationFactory:0.5316666666666666
AbstractClientApplicationTest:0.3186111111111111
InfoUpdateTriggerTest:0.2966666666666667
