TedRssFeed:0.5216666666666666
TedSerie:0.4666666666666667
FeedPopupItem:0.43
FeedPopupMenu:0.2633333333333333
