INodeService:0.6123055555555555
DataService:0.45
NodeService:0.4
RegistrationService:0.3846666666666667
SymmetricEngine:0.3433333333333333
MockNodeService:0.30333333333333334
PushService:0.24333333333333335
LoadFromClientIntegrationTest:0.09
