IndentRule:0.16494894
JEditBuffer:0.095913924
IndentAction:0.093079634
TokenMarker:0.045537245
IndentRuleFactory:0.032928716
TokenHandler:0.019530598
Token:0.0134682525
