IOUtils:0.6483333333333333
StreamsTests:0.38666666666666666
FsBlobContainer:0.28
StreamsUtils:0.21666666666666667
