Actor:0.5066666666666667
Strand:0.41333333333333333
Migrant:0.33
GlxGlobalRegistry:0.19333333333333333
GlxMigrator:0.19
Serialization:0.18666666666666668
Mailbox:0.17666666666666667
MigrationService:0.1461111111111111
FiberSerializer:0.13666666666666666
Main:0.10333333333333333
SuspendableCallableRunnable:0.006666666666666667
SuspendableRunnableRunnable:0.006666666666666667
