CommChannel:0.36333333333333334
Execution:0.30333333333333334
SocketCommChannel:0.27
CommCore:0.21333333333333335
RequestResponseProcess:0.2025
SelectorThread:0.15666666666666668
