Analysis:0.5916666666666667
UpdateAnalysis:0.35
UpdateAnalyzerTest:0.3433333333333333
UpdateStatementAnalyzer:0.31
InsertAnalysis:0.20333333333333334
