Responder:0.5766666666666667
FormResponder:0.35
FormTagBase:0.3233333333333333
