AbstractConversationFlowExecutionRepository:0.38666666666666666
ClientContinuationFlowExecutionRepository:0.36666666666666664
ContinuationFlowExecutionRepository:0.2966666666666667
DefaultFlowExecutionRepository:0.23
