OperationService:0.73
MapProxySupport:0.31
PartitionIteratingOperation:0.2866666666666667
LockOperation:0.27361111111111114
ObjectSetProxy:0.25
MultiMapProxySupport:0.22
ObjectListProxy:0.21666666666666667
LockProxySupport:0.1807777777777778
OperationServiceImpl:0.16
SpiDataSerializerHook:0.14444444444444443
