User:0.33666666666666667
InstallOptions:0.33666666666666667
OptionDefinition:0.30666666666666664
Tomcat:0.2966666666666667
Installer:0.29333333333333333
TomcatServerXML:0.22444444444444447
Distribution:0.21
Container:0.17666666666666667
ExistingTomcat:0.16
BundledTomcat:0.14666666666666667
Attribute:0.12333333333333334
APIMSecurityConstraint:0.11333333333333333
APIASecurityConstraint:0.11
FedoraUsers:0.11
FilterXmlUserfile:0.1
Role:0.06
