OpenAleaContext:0.6166666666666667
OpenAleaHttpHandler:0.5833333333333334
