Assumptions:0.8933333333333333
InstancePostProcessor:0.4955555555555555
