HtmlPageTest:0.7482222222222222
HtmlTitle:0.3947777777777777
