Filler:0.5991666666666666
ArticleUpdater:0.4166666666666667
CommentSender:0.2866666666666667
