IPatternLogger:0.5853333333333333
DummyPatternLogger:0.4872222222222223
EjbcaWS:0.43
TransactionLogger:0.31666666666666665
ErrorCode:0.25333333333333335
PatternLogger:0.22333333333333333
OCSPServletBase:0.2
