AbstractMarshaller:0.43666666666666665
Jaxb1Marshaller:0.41
AbstractMarshallerTestCase:0.17
AbstractUnmarshallerTestCase:0.16666666666666666
