PPTGraphics2D:0.7133333333333334
ARINCSettings:0.39666666666666667
SavePPTAction:0.16666666666666666
SnapshotSettings:0.16111111111111112
