PingbackPlugin:0.615
CommentPlugin:0.48333333333333334
TrackbackPlugin:0.4766666666666667
