Token:0.31333333333333335
CsrfShield:0.31
Uuid24Generator:0.30666666666666664
CsrfTokenTag:0.18333333333333332
