ClassPath:0.6046666666666667
NodeListener:0.48
Repository:0.36
ClassPathHelper:0.27
MyRunner:0.25
ClassPathImpl:0.19
RepositoryImpl:0.16333333333333333
RepositoryFilter:0.14333333333333334
ClassPathDiff:0.06
MyTask2:0.017388888888888888
MyTask1:0.017388888888888888
