MemoryManagerConfig:0.48
ClusterMemoryManager:0.4633333333333333
TestMemoryManagerConfig:0.2866666666666667
CoordinatorModule:0.09833333333333333
LowMemoryKillerPolicy:0.0961111111111111
