MutableAcl:0.7466666666666667
ObjectIdentityImpl:0.4533333333333333
AclImpl:0.44333333333333336
AccessControlEntryImpl:0.37666666666666665
ConfigUtils:0.3
HttpSecurityConfigPostProcessor:0.27666666666666667
EhCacheBasedAclCache:0.23166666666666666
JdbcAclService:0.22166666666666668
JdbcMutableAclService:0.21666666666666667
ContactManagerBackend:0.21666666666666667
FieldUtils:0.20666666666666667
Md4PasswordEncoder:0.19666666666666666
HttpSecurityBeanDefinitionParserTests:0.18666666666666668
BasicLookupStrategy:0.175
AclImplTests:0.16666666666666666
JdbcAclServiceTests:0.16333333333333333
BasicLookupStrategyTests:0.15333333333333332
AclImplementationSecurityCheckTests:0.14833333333333334
AclPermissionInheritanceTests:0.12333333333333334
DataSourcePopulator:0.12333333333333334
ProcessResultSet:0.12
SaltSourceBeanDefinitionParser:0.12
AccessControlEntryTests:0.11333333333333333
SecureDocumentDaoImpl:0.10333333333333333
Md4PasswordEncoderTests:0.10333333333333333
AnonymousBeanDefinitionParser:0.10333333333333333
SecureDataSourcePopulator:0.08666666666666667
BeanIds:0.08
EhCacheBasedAclCacheTests:0.07333333333333333
HttpSecurityBeanDefinitionParser:0.05
GlobalMethodSecurityBeanDefinitionParser:0.03833333333333333
ConcurrentSessionsBeanDefinitionParser:0.03
AuditableAcl:0.025833333333333333
Md5PasswordEncoderTests:0.02
FilterChainProxyPostProcessor:0.02
RememberMeServicesInjectionBeanPostProcessor:0.016666666666666666
BasicAuthenticationBeanDefinitionParser:0.013333333333333334
AuthenticationProviderBeanDefinitionParser:0.006666666666666667
