InsnNode:0.4666666666666667
IntegrationTest:0.2733333333333333
BlockMakerVisitor:0.22333333333333333
NameGen:0.21666666666666667
ConstInlinerVisitor:0.20666666666666667
Process:0.1588888888888889
ArgsInfo:0.15
EmptyBitSet:0.14277777777777778
CodeShrinker:0.11
