MolecularFormulaSetTest:0.34
LonePairTest:0.34
MonomerTest:0.16666666666666666
ChemModelTest:0.15666666666666668
ChemFileTest:0.15666666666666668
