InterleavedBlock:0.57
InterleavedBlockBuilder:0.4533333333333333
AbstractInterleavedBlock:0.2966666666666667
