CtrlView:0.62
Simulator:0.43555555555555564
StoredGrammarView:0.27
FormatError:0.25333333333333335
ControlTextArea:0.16333333333333336
CtrlPreviewAction:0.16
