RaptorSplitManager:0.5166666666666667
DatabaseShardManager:0.3933333333333333
TestShardMetadataRecordCursor:0.26666666666666666
TestRaptorMetadata:0.26666666666666666
TestOrcStorageManager:0.22333333333333333
RaptorSplitSource:0.21666666666666667
TestDatabaseShardManager:0.21333333333333335
TestShardRecovery:0.19666666666666666
TestShardEjector:0.19666666666666666
TestRaptorSplitManager:0.18
TestShardCompactionDiscovery:0.14333333333333334
RaptorModule:0.07333333333333333
