Shell:0.6033333333333334
Console:0.5133333333333333
CommandoThread:0.19
BufferOutput:0.17666666666666667
ActionHandler:0.1311111111111111
