HTTPCommunicator:0.5333333333333333
TextCommandServiceImpl:0.35333333333333333
TextCommandService:0.2866666666666667
HttpGetCommandProcessor:0.2757777777777778
RestTest:0.05333333333333334
