NDArrays:0.66
LinAlgExceptions:0.4862222222222222
BaseNDArray:0.35
BaseComplexNDArray:0.35
Shape:0.31333333333333335
BlasWrapper:0.2911111111111111
NDArrayTests:0.21666666666666667
ComplexNDArrayTests:0.03333333333333333
