MapEntryStages:0.44333333333333336
HashQuery:0.41333333333333333
KeySearch:0.37666666666666665
MapAbsent:0.29333333333333333
