MathFunctions:0.9533333333333334
FunctionRegistry:0.5102777777777778
