AdaptiveRevisitFrontier:0.6402222222222222
ARAttributeConstants:0.25594227994228
