Property:0.6033333333333334
FileInput:0.32
MediaBean:0.30666666666666664
Del:0.23333333333333334
Add:0.15666666666666668
