Level:0.7383333333333333
OperatorEdgeSearchItem:0.40166666666666667
