HdfsBlobContainer:0.6033333333333334
HdfsBlobStore:0.41
HdfsRepository:0.3690634920634921
