ConfigurationModelBeanDefinitionReader:0.6166666666666667
ConfigurationEnhancingBeanFactoryPostProcessor:0.44555555555555554
