JobExecutionContext:0.48333333333333334
JobContextService:0.38333333333333336
LuceneDocCollectorTest:0.25
ExecutionNodesTask:0.21
JobContextServiceTest:0.20333333333333334
LocalDataCollectTest:0.19333333333333333
FetchOperationIntegrationTest:0.19333333333333333
DocLevelCollectTest:0.14
SymbolBasedUpsertByIdTask:0.14
TransportJobAction:0.12333333333333334
NodeFetchOperationTest:0.11
JobExecutionContextTest:0.10333333333333333
