Activator:0.7033333333333334
ScriptExecution:0.49333333333333335
RunRhinoScriptAsJobAction:0.23
RunRhinoScriptInThreadAction:0.17666666666666667
