Signature:0.6166666666666667
TypeSignatureParameter:0.36333333333333334
TypeSignature:0.29
TestParameterKind:0.23666666666666666
TypeParameter:0.22666666666666666
TypeUtils:0.22
TestSignature:0.20333333333333334
TestTypeSignature:0.17666666666666667
PolymorphicScalarFunction:0.17
