IndexShardTests:0.4
ElasticsearchDirectoryReader:0.24666666666666667
IndexSearcherWrapper:0.23
NonClosingReaderWrapper:0.2
ESDirectoryReaderTests:0.19666666666666666
ElasticsearchLeafReader:0.18333333333333332
FieldMaskingReader:0.18166666666666667
DirectoryReaderWrapper:0.16115079365079368
IndexSearcherWrapperTests:0.03666666666666667
