ServerCompatibilityNullTest_1_3:0.09333333333333334
ServerCompatibilityNullTest_1_0:0.09333333333333334
ServerCompatibilityNullTest_1_1:0.09333333333333334
ServerCompatibilityNullTest_1_2:0.09333333333333334
ClientCompatibilityNullTest_1_4:0.08666666666666667
ServerCompatibilityNullTest_1_4:0.08666666666666667
BinaryCompatibilityNullFileGenerator:0.08666666666666667
EncodeDecodeCompatibilityNullTest:0.08666666666666667
ClientCompatibilityTest_1_4:0.03
BinaryCompatibilityFileGenerator:0.03
ServerCompatibilityTest_1_4:0.03
EncodeDecodeCompatibilityTest:0.03
