Joiner:0.5483333333333333
Node:0.3933333333333333
ClusterManager:0.34833333333333333
AddressPicker:0.33666666666666667
TcpIpJoiner:0.25666666666666665
AddressUtil:0.24333333333333335
MulticastJoiner:0.21666666666666667
AbstractJoiner:0.17666666666666667
