Domain:0.8133333333333334
Privilege:0.21822222222222223
