PropertiesProxy:0.5533333333333333
SimpleDaoTest:0.37
NutIoc:0.3566666666666667
BinaryDaoTest:0.22333333333333333
