array:0.5405555555555556
ShadowBuilder:0.5133333333333333
AlertDialogTest:0.05333333333333334
