Window:0.7333333333333333
ServerWindow:0.6369444444444444
AbstractServerCockpitConfigurationHandler:0.3233333333333333
SuperLayerCockpitConfigurationHandler:0.23
PropertyOverride:0.21555555555555558
SuperLayerGenerator:0.20333333333333334
AbstractServerWindow:0.18666666666666668
