dimen:0.9604444444444444
DimenResourceLoaderTest:0.5333333333333333
