JUTestEvaluation:0.643888888888889
JUTestParser:0.5641666666666667
