UltimateRecyclerView:0.6797222222222223
UltimateViewAdapter:0.44527777777777783
