AclTag:0.9011111111111112
AuthenticationTag:0.4533333333333333
