RestAssured:0.5266666666666666
SSLConfig:0.4266666666666667
CertificateAuthSettings:0.35
SpecificationBuilderITest:0.20333333333333334
SSLITest:0.17
AuthConfig:0.13
