MDLReader:0.7933333333333333
ReaderFactory:0.23333333333333334
