TextToViewSelector:0.4544444444444444
TextToTransitionCriteria:0.4041666666666667
TextToTransitionTargetStateResolver:0.3075
