LogBuffer:0.425
LogRebuilder:0.3644444444444444
LogReader:0.22
GapScanner:0.19666666666666666
ConnectedSubscription:0.16
DriverConnectedSubscription:0.15666666666666668
LogScanner:0.15
