DBCollection:0.5366666666666666
DB:0.42
OptionHolder:0.26666666666666666
Mongo:0.23333333333333334
DBCursor:0.22333333333333333
