UserManagementIntegrationTest:0.61
TransportCreateUserAction:0.31666666666666665
TransportDropUserAction:0.31666666666666665
