Library:0.5
Trace:0.4533333333333333
Function:0.3333333333333333
CompiledStatement:0.31
HsqlDatabaseProperties:0.27
