User:0.5933333333333334
Essence:0.3933333333333333
AbstractAuthenticationToken:0.31666666666666665
JaasAuthenticationProvider:0.23
LegacyAuthorizeTag:0.19333333333333333
DefaultWebInvocationPrivilegeEvaluator:0.15333333333333332
MethodInvocationPrivilegeEvaluator:0.15
PreAuthenticatedAuthenticationTokenTests:0.13
