UpdateTransaction:0.43
FlyNameAdapter:0.37666666666666665
GeneEditPanel:0.35
DefaultNameAdapter:0.30333333333333334
IDFocusListener:0.15071428571428572
ApolloNameAdapterI:0.13916666666666666
GeneNameFocusListener:0.10904761904761905
