Cooking:0.6633333333333333
CookMeal:0.6633333333333333
