View:0.8033333333333333
InvoiceCalculatedDetailsTest:0.43333333333333335
