ToeThread:0.47833333333333333
XMLConfig:0.35333333333333333
CrawlController:0.3233333333333333
CrawlOrder:0.31666666666666665
Heritrix:0.2866666666666667
CrawlerBehavior:0.16
CrawlScope:0.16
SimpleSelector:0.006666666666666667
SimpleDNSFetcher:0.0
ARCWriter:0.0
HostCacheMaintainer:0.0
SimpleHTTPFetcher:0.0
SimpleLinkExtractor:0.0
