Messages:0.6733333333333333
Sequence:0.3933333333333333
Manager:0.3844444444444445
FilterManager:0.3566666666666667
Catalog:0.25
CatalogManager:0.16666666666666666
FilterChain:0.0011111111111111111
ScriptManager:0.0011111111111111111
