NameTable:0.55
TypeDeclarationGenerator:0.34833333333333333
TypeDeclarationGeneratorTest:0.33
TypeImplementationGenerator:0.23333333333333334
TypeImplementationGeneratorTest:0.17
