ExpressionInterpreter:0.43666666666666665
Visitor:0.2966666666666667
FunctionBinder:0.26666666666666666
TestExpressionCompiler:0.26666666666666666
FunctionBinding:0.25
BootstrapFunctionBinder:0.08666666666666667
DefaultFunctionBinder:0.06666666666666667
