RegexpFunctions:0.48333333333333334
TestExpressionCompiler:0.44
FunctionRegistry:0.37666666666666665
TypeRegistry:0.26
