DefaultComponentFinder:0.6166666666666667
Recorder:0.44666666666666666
