ModelLayoutTopComponent:0.6466666666666666
ModelLayoutService:0.4666666666666667
ShapeGeneralProperty:0.19
ShowPaletteAction:0.0
