GwtTeamingMessages:0.7283333333333334
CloseButtonSelector:0.5866666666666667
GwtTeamingImageBundle:0.4144722222222222
GwtMainPage:0.29333333333333333
MenuButtonSelector:0.2733333333333333
TreeDisplayHorizontal:0.23666666666666666
OnBrowseHierarchyInfo:0.20666666666666667
GwtTeamingWorkspaceTreeImageBundle:0.2
MainMenuControl:0.1511111111111111
