AbstractPersistentCollection:0.5166666666666667
ComponentType:0.44333333333333336
Location:0.29333333333333333
TestBasicOps:0.03333333333333333
