MongoConnector:0.54
Mongo:0.48
DB:0.39666666666666667
MongoConnectorsImpl:0.2511111111111111
SingleChannelAsyncMongoConnector:0.24
SingleChannelSyncMongoConnector:0.24
SingleServerMongoConnector:0.22333333333333333
MongoClientsImpl:0.15666666666666668
DBOldTest:0.02
