Extruder:0.7966666666666666
Reprap:0.6366666666666667
Producer:0.24444444444444446
MachineFactory:0.1877777777777778
