MetricsOptions:0.9966666666666667
VertxOptionsTest:0.31666666666666665
