RestAdapterTest:0.5458333333333333
MockRestAdapterTest:0.4166666666666667
ErrorHandlerTest:0.22333333333333333
GitHubClient:0.19333333333333333
