Viewer:0.9316666666666666
StatLis:0.25666666666666665
