Options:0.43333333333333335
TreeConverter:0.36666666666666664
AnonymousClassConverterTest:0.33
ClassInstanceCreation:0.26666666666666666
Visitor:0.25666666666666665
EnumConstantDeclaration:0.25
OuterReferenceResolverTest:0.19666666666666666
JdtExecutableElement:0.16
JdtExecutableType:0.09277777777777778
