TestMutableDateTime_Properties:0.4533333333333333
TestYearMonthDay_Basics:0.4166666666666667
TimeOfDay:0.3933333333333333
YearMonthDay:0.31666666666666665
TestTimeOfDay_Basics:0.2833333333333333
BasePartial:0.26
AbstractPartial:0.23
