Node:0.7164444444444443
ElementTest:0.32
Comment:0.30666666666666664
