CodeGenerator:0.6033333333333334
Enhancer:0.3566666666666667
UndeclaredThrowableException:0.24666666666666667
MetaClassGenerator:0.22444444444444447
Key:0.22
MetaClass:0.21333333333333335
InternalReplace:0.17277777777777778
Delegator:0.095
WrappedException:0.03
ClassFileConstants:0.0
