Log:0.7133333333333334
AbstractTableBuilder:0.46
OracleJdbcTableReader:0.23666666666666666
SqlDataWriter:0.23666666666666666
