Setting:0.6566666666666666
IndicesOptionsIntegrationIT:0.31666666666666665
MockAppender:0.26555555555555554
Updater:0.2
UpdateSettingsIT:0.16666666666666666
TestPlugin:0.15
