ConfiguredClassHierarchy:0.6066666666666667
ConfiguredClass:0.41
ConfiguredClassHierarchyBuilderTest:0.25666666666666665
AnnotationBinder:0.22
