Task:0.7333333333333333
AbstractJPPFClassLoader:0.5333333333333333
JPPFResourceWrapper:0.43666666666666665
JPPFNodeState:0.2035952380952381
JPPFTask:0.15333333333333332
WaitingNodeRequestState:0.13333333333333333
AbstractJPPFClassLoaderLifeCycle:0.13
AbstractNodeIO:0.13
DriverProcessLauncher:0.10333333333333333
MyComputeCallableTask:0.09
ClassLoaderRequestHandler:0.07666666666666666
MyComputeCallable:0.04070707070707071
TestJPPFTask:0.04
