JavaBeanSerializer:0.5246666666666667
ASMSerializerFactory:0.49166666666666664
FieldSerializerTest4:0.22
