IndexShard:0.5633333333333334
NodeServicesProvider:0.29
IndexingMemoryController:0.2662777777777778
IndexEventListener:0.257
SMBStorePlugin:0.24151587301587307
IndexModuleTests:0.22
IndicesWarmer:0.20022222222222222
IndicesClusterStateService:0.19333333333333333
CompositeIndexEventListener:0.17333333333333334
