CMLHandler:0.43666666666666665
CMLCoreModule:0.41
ModuleInterface:0.308
PDBConvention:0.17
PMPConvention:0.13666666666666666
CMLReactionModule:0.12666666666666668
JMOLANIMATIONConvention:0.12333333333333334
MDLMolConvention:0.12333333333333334
CDKConvention:0.11666666666666667
