ResourceUtil:0.6133333333333333
AbstractResource:0.30666666666666664
AbstractBinderResource:0.27
FolderEntryResource:0.25
LdapSyncException:0.19
