TokenStream:0.6833333333333333
RecognitionException:0.29333333333333333
TreeParser:0.2866666666666667
ParserATNSimulator:0.26
BufferedTokenStream:0.24666666666666667
UnwantedTokenException:0.24
NoViableAltException:0.24
MissingTokenException:0.23333333333333334
CommonTokenStream:0.22916666666666666
TestATNInterpreter:0.2
DefaultANTLRErrorStrategy:0.18833333333333332
ANTLRParserListener:0.18666666666666668
Recognizer:0.18
BaseRecognizer:0.16833333333333333
CommonErrorNode:0.12666666666666668
