NodeFetchOperation:0.5133333333333333
MapSideDataCollectOperation:0.5033333333333333
InternalCountOperation:0.44
