Py:0.6
PyType:0.30333333333333334
Module:0.27
PySystemState:0.22611111111111115
StringUtil:0.16333333333333333
MakeProxies:0.12222222222222222
GlobMatchingTask:0.11
