BinderModule:0.8433333333333334
AbstractBinderProcessor:0.38
BinderModuleImpl:0.37666666666666665
GwtSearchHelper:0.2
