StringPart:0.56
AsyncProvidersBasicTest:0.44333333333333336
PartBase:0.3566666666666667
MultipartUploadTest:0.25333333333333335
