FeatureView:0.5066666666666667
SyntenyLinkPanel:0.43
SyntenyPanel:0.32
NamedPolygon:0.21
StatusBar:0.20333333333333334
