PDFParser:0.76
ExtractorHTML:0.37333333333333335
ExtractorDOC:0.02666666666666667
ExtractorPDF:0.01722222222222222
ExtractorSWF:0.013333333333333334
ExtractorHTTP:0.0
