PropertyName:0.8033333333333333
PropertyChoiceValue:0.45666666666666667
