IMap:0.571888888888889
LockInfo:0.5
LockStoreImpl:0.3566666666666667
DataMapProxy:0.32666666666666666
LockService:0.23666666666666666
ObjectMapProxy:0.23
ILock:0.22166666666666668
LockProxy:0.18333333333333332
LockStoreContainer:0.16
LockProxySupport:0.14277777777777775
LockTest:0.03666666666666667
