SubsamplingLayer:0.6077777777777779
ConvolutionLayerTest:0.3566666666666667
