JmxMetadata:0.49666666666666665
TestJmxMetadata:0.29888888888888887
TestJmxColumnHandle:0.23
TestJmxSplitManager:0.19
