BeanShell:0.3984828
JEditBeanShellAction:0.21175
Interpreter:0.19480172
NameSpace:0.16268574
BshMethod:0.112132624
BshClassManager:0.11081509
CallStack:0.0959178
ClassManagerImpl:0.08171101
TargetError:0.041436255
TextArea:0.038153514
UtilEvalError:0.026937373
Primitive:0.024232691
Log:0.021253236
Debug:0.018062761
