Variable:0.65
HTMLUtils:0.25
FileVariableDescriptor:0.22333333333333333
TaskAssigner:0.19
VariableDAO:0.18666666666666668
VariableUserType:0.17688888888888887
SerializableToByteArrayConverter:0.17333333333333334
