BasicAdminBufferStrategy:0.33666666666666667
MediaDriverAdminThread:0.30666666666666664
MediaDriver:0.25
Builder:0.1902777777777778
TopologyBuilder:0.14333333333333334
BasicAdminBufferStrategyTest:0.045
