Vehicle:0.5608333333333333
MalfunctionManager:0.4633333333333333
Maintenance:0.29
MaintainGroundVehicleEVA:0.24666666666666667
MaintainGroundVehicleGarage:0.19333333333333333
