DefaultFlowModelHolder:0.7938888888888889
AbstractExternalizedFlowExecutionTests:0.38
AbstractXmlFlowExecutionTests:0.37333333333333335
