SysInfoUtilTest:0.47
ExtendedNodeInfo:0.44666666666666666
ExtendedOsInfo:0.36333333333333334
PingTaskTest:0.25
