PutAllOperation:0.48
BasePutOperation:0.45666666666666667
PostProcessingMapStoreTest:0.20666666666666667
