ClusterHealthResponse:0.51
ClusterService:0.41666666666666663
XContentBuilder:0.36666666666666664
NoopClusterService:0.29
ClusterHealthResponsesTests:0.23666666666666666
PrioritizedEsThreadPoolExecutor:0.21666666666666667
TestClusterService:0.21222222222222223
InternalClusterService:0.17666666666666667
UpdateTask:0.16666666666666666
TransportClusterHealthAction:0.13333333333333333
RestHealthAction:0.12666666666666668
PrioritizedRunnable:0.08333333333333333
Fields:0.0
