Utils:0.43
ViewScene:0.41333333333333333
ObjectViewTopComponent:0.36
ObjectViewService:0.33666666666666667
ViewBuilder:0.24833333333333332
GISViewScene:0.16
AbstractScene:0.15666666666666668
