ClientConfig:0.7533333333333333
ClientMapProxy:0.6277777777777778
ProxyManager:0.38
ClientContext:0.31
