EdgeDataSetMetaData:0.4633333333333333
EdgeFilterState:0.2866666666666667
EdgeFilterTypeGui:0.26
XMLio:0.19666666666666666
MetaDataIO:0.19472222222222224
EdgeDataset:0.15
DatasetFilter:0.14333333333333334
