NLoggerNames:0.8566666666666667
NLogger:0.5266666666666666
SWDownloadFile:0.51
Cfg:0.45
SwarmingManager:0.44
Environment:0.4066666666666667
NetworkManager:0.37333333333333335
MainFrame:0.37
MsgQuery:0.2966666666666667
SWDownloadCandidate:0.27666666666666667
Main:0.25333333333333335
ThreadPool:0.2431111111111111
MouseHandler:0.24
FileRescanRunner:0.23333333333333334
SWDownloadSegment:0.23333333333333334
Job:0.23
TestIPAccessRule:0.22138888888888886
SWDownloadWorker:0.22
ViewAboutAction:0.20666666666666667
SWDownloadTab:0.20333333333333334
ProgressCellRenderer:0.19666666666666666
ConnectionEngine:0.195
Worker:0.19333333333333333
DownloadEngine:0.19
PhexLogger:0.18666666666666668
NetworkTab:0.18333333333333332
PhexPerformanceSuite:0.17666666666666667
DialogBanner:0.17666666666666667
OptionsDialog:0.17333333333333334
ExportDialog:0.16777777777777778
VendorMsg:0.16666666666666666
SaveDownloadListJob:0.1577777777777778
IncomingConnectionDispatcher:0.14666666666666667
SearchCandidatesAction:0.14666666666666667
SelectionHandler:0.14416666666666667
SlideInWindow:0.14
ExitPhexAction:0.13666666666666666
HTTPHeaderNames:0.12333333333333334
CancelBtnListener:0.11416666666666667
ExportTypeListener:0.11416666666666667
SaveDownloadListTimer:0.11416666666666667
OptionSelectionListener:0.11416666666666667
IncommingCheckRunner:0.11416666666666667
DownloadSelectionHandler:0.11416666666666667
RemoveSecurityRuleAction:0.11333333333333333
NewSecurityRuleAction:0.11333333333333333
EditSecurityRuleAction:0.11333333333333333
BrowseCustomFileBtnListener:0.10666666666666667
RangePriorityRefreshTimer:0.10666666666666667
OkBtnListener:0.10666666666666667
RangePriorityRefreshJob:0.10333333333333333
BrowseOutFileBtnListener:0.10333333333333333
DispatcherRunnable:0.09333333333333334
QRPUpdateTimer:0.09333333333333334
URLUtil:0.08833333333333333
EditBtnListener:0.08666666666666667
RemoveBtnListener:0.08666666666666667
HopsFlowTimer:0.08666666666666667
LAFItemListener:0.08666666666666667
ExpiredSearchCheckTimer:0.08666666666666667
AddBtnListener:0.08666666666666667
SetDownlodDirectoryListener:0.08666666666666667
QueryGWebCacheTimer:0.07666666666666666
CleanUploadStateTimer:0.07666666666666666
FirewallCheckTimer:0.07
LookAndFeelUtils:0.06916666666666667
LoadDownloadListJob:0.05
PhexTestSuite:0.04666666666666667
GradientPanel:0.02666666666666667
OkButtonListener:0.02
CancelButtonListener:0.02
ApplyButtonListener:0.02
CandidateLogAction:0.013333333333333334
VendorMessageConstants:0.0
