RestAssured:0.6833333333333333
RequestSpecBuilder:0.42333333333333334
PathParamITest:0.30666666666666664
