PySystemState:0.7966666666666666
StandaloneVerifierTest:0.37
JythoncAntTask:0.2866666666666667
