FFmpegFrameRecorder:0.3606666666666667
opencv_imgproc:0.3422222222222222
FFmpegFrameGrabber:0.294
LDA:0.29
FaceRecognition:0.2856666666666667
OpenKinectFrameGrabber:0.265
FaceRecognizer:0.2
