Main:0.7383333333333333
RGG:0.48333333333333334
