RequestInfo:0.6877777777777778
GwtUIHelper:0.6166111111111111
