PyObject:0.56
PyInteger:0.42333333333333334
PyFloat:0.39
PyDeque:0.36333333333333334
PySequence:0.32
PyComplex:0.31666666666666665
PyLong:0.31
PyDictionary:0.3
PyStringMap:0.2866666666666667
PyInstance:0.21333333333333335
PyDictProxy:0.15666666666666668
