RenderingBackend:0.7159761904761904
CanvasRenderingContext2D:0.5033333333333333
ImageData:0.3433333333333333
DefaultRenderingBackend:0.23
GaeRenderingBackend:0.19222222222222224
GAELoadPageTest:0.14666666666666667
