YubiKeyAuthenticationHandler:0.2966666666666667
SwivelAuthenticationHandler:0.2733333333333333
U2FAuthenticationHandler:0.15666666666666668
AzureAuthenticatorAuthenticationHandler:0.15666666666666668
FortressAuthenticationHandler:0.14
