SeleniumManager:0.49666666666666665
AbstractSeleniumTestCase:0.36
EditIssueSeleniumIT:0.22
ViewIssueSeleniumIT:0.21333333333333335
LoginSeleniumIT:0.21333333333333335
CreateIssueSeleniumIT:0.20666666666666667
ForgotPasswordSeleniumIT:0.20333333333333334
ViewProjectListSeleniumIT:0.2
ViewProjectIssueListSeleniumIT:0.2
ViewPortalHomeSeleniumIT:0.19333333333333333
LogoutSeleniumIT:0.19333333333333333
