BaseCAToken:0.59
NullCAToken:0.23333333333333334
NFastCAToken:0.17777777777777778
EracomCAToken:0.17777777777777778
PKCS11CAToken:0.16111111111111112
SoftCAToken:0.13666666666666666
