RobolectricConfig:0.5466666666666666
ShadowContextWrapper:0.26
ApplicationResolver:0.19333333333333333
RobolectricPackageManager:0.19333333333333333
RobolectricConfigTest:0.10666666666666667
