Transaction:0.4066666666666667
TransactionConfidence:0.4033333333333333
Builder:0.3566666666666667
TransactionConfidenceOrBuilder:0.26920634920634917
TransactionOrBuilder:0.23666666666666666
Listener:0.17333333333333334
WalletProtobufSerializer:0.17
WalletProtobufSerializerTest:0.03
