StreamUtil:0.5766666666666667
FileUtil:0.5666666666666667
JoddArrayListTest:0.30333333333333334
CompositeIteratorTest:0.3
CompositeEnumerationTest:0.25666666666666665
PrettyStringBuilderTest:0.19
GetClasses:0.023333333333333334
