Mapper:0.7666666666666667
LazyFeatureDependencies:0.3644444444444444
IndexedCappedTest:0.3233333333333333
MapperTest:0.09333333333333334
