DefaultIsoChecker:0.6416666666666667
Generator:0.47333333333333333
