PathUtil:0.7033333333333334
SplitPathFragmentsTest:0.42333333333333334
