XKMSKRSSTest:0.56
XKMSKISSTest:0.42333333333333334
XKMSSigTest:0.27166666666666667
