AbstractField:0.5780000000000001
PredicateTests:0.27666666666666667
