IncomingBatchService:0.43333333333333335
AbstractSymmetricEngine:0.4166666666666667
IncomingBatchServiceSqlMap:0.35333333333333333
IIncomingBatchService:0.33916666666666667
