LPLocation:0.4166666666666667
PosPanel:0.38
LP:0.37666666666666665
PosTicketFormatter:0.3333333333333333
PosModel:0.2
MConversionType:0.1
lpprinting:0.04666666666666667
