ExpressionEvaluatorTest:0.25333333333333335
ExpressionEvaluator:0.18
InsertTest:0.11666666666666667
PostgresGeneratedKeysTest:0.11666666666666667
RefCursorTest:0.11666666666666667
MultipleResultTest:0.10333333333333333
