NetworkManager:0.6583333333333333
NetworkListener:0.4116666666666667
IncomingListener:0.2633333333333333
Main:0.26
IncomingConnectionDispatcher:0.14666666666666667
NewDownloadAction:0.10333333333333333
DisconnectNetworkAction:0.08666666666666667
ConnectNetworkAction:0.08666666666666667
