FileSystem:0.6014999999999999
DefaultDOManager:0.5533333333333333
Rebuild:0.2966666666666667
Pluggable:0.20333333333333334
GenericFileSystem:0.19333333333333333
RebuildDOManager:0.11333333333333333
