VibeMenuBar:0.5033333333333333
MainMenuControl:0.39
ManageMenuPopup:0.31666666666666665
MenuBarPopupBase:0.3
ManageCommand:0.29
ContextBinderProvider:0.27051984126984113
FavoriteCommand:0.25666666666666665
ViewsMenuPopup:0.25333333333333335
DataTableFolderViewBase:0.2396666666666667
FolderColumnsConfigDlg:0.23333333333333334
EntryMenuPanel:0.22333333333333333
PlaceCommand:0.21333333333333335
TeamCommand:0.21333333333333335
DlgBox:0.19666666666666666
ContextItemCommand:0.19666666666666666
MenuBarBox:0.17333333333333334
MyFavoritesMenuPopup:0.16666666666666666
MyTeamsMenuPopup:0.16
RecentPlacesMenuPopup:0.15666666666666668
