TasksTree:0.39
SwingUtils:0.3566666666666667
TreeNodeFilter:0.3027420634920635
DaysTree:0.2966666666666667
TreeNodeByNameFinder:0.11
CalendarUtils:0.06
