Favorites:0.4866666666666667
TreeTag:0.34
AjaxController:0.31
FavoritesTreeHelper:0.16777777777777778
