Config:0.48333333333333334
CurationSet:0.43
SerialDiskAdapter:0.3927777777777778
CORBAAdapter:0.38
DataAdapterChoiceDialog:0.35333333333333333
Sequence:0.34
AdapterRegistry:0.21
TestLoader:0.2
GFFAdapter:0.18666666666666668
ApolloFrame:0.16333333333333333
FileMenu:0.13
DataAdapterWrapper:0.03666666666666667
Comparator:0.03333333333333333
PathWrapper:0.018333333333333333
QuickSorter:0.015
