TestCluster:0.63
ElasticsearchAssertions:0.62
AbstractSharedClusterTest:0.18666666666666668
DocumentActionsTests:0.11666666666666667
AliasedIndexDocumentActionsTests:0.06333333333333334
