ARINCCockpitItemList:0.5833333333333334
ClientWindowingUtilities:0.15
ItemDeleteStructure:0.15
ClientCockpitWidgetDefinition:0.12666666666666668
ItemCreateStructure:0.12666666666666668
ItemUpdateStructure:0.12666666666666668
