LexicalKnowledgeBase:0.6766666666666666
NLGLexWordSense:0.6766666666666666
Word:0.65
LexKBWordSense:0.5466666666666666
MutableLexKBSynset:0.5466666666666666
LexKBSynset:0.5466666666666666
MutableLexKBSynsetImpl:0.34
MutableWord:0.27977777777777774
NLGLexiconImpl:0.19333333333333333
MutableLexicalKnowledgeBase:0.16333333333333333
MutableWordImpl:0.1
MutableLexKBWordSense:0.0867222222222222
MutableLexKBWordSenseImpl:0.05333333333333334
Lexicon:0.023888888888888887
NLGLexicon:0.023888888888888887
TestNLGLexiconPR:0.011111111111111112
