FormTagBase:0.5033333333333333
InputTag:0.42333333333333334
SectionTag:0.34
PageCache:0.2633333333333333
ValueTag:0.23666666666666666
