ChemSequence:0.6433333333333333
ChemFile:0.37333333333333335
ChemSequenceTest:0.17333333333333334
ChemFileTest:0.15
