Transaction:0.6566666666666666
TransactionOutput:0.5066666666666667
Block:0.49
NetworkParameters:0.29777777777777775
