ClientOptions:0.555888888888889
QueryRunner:0.53
Console:0.38333333333333336
TestTableNameCompleter:0.10666666666666667
