TxmBrowser:0.44
ConcordancesEditor:0.42
TxmObjectTreeProvider:0.21333333333333335
Perspective:0.1897222222222222
ExecuteText:0.18
ExecuteScriptGroovy:0.16
AddScript:0.12
AddText:0.12
RemoveScript:0.12
RemoveText:0.09333333333333334
TxmObjectLabelProvider:0.08333333333333333
OpenBrowser:0.08
IImageKeys:0.03333333333333333
RunScript:0.03333333333333333
