GloveWeightLookupTable:0.4266666666666667
Builder:0.32666666666666666
Glove:0.3233333333333333
Parallelization:0.2733333333333333
