TreeItemTester:0.44
Robot:0.37333333333333335
AbstractTester:0.33
TableItemTester:0.27666666666666667
MenuItemTester:0.21
