Binder:0.5233333333333333
Workspace:0.335
Principal:0.2633333333333333
