Editor:0.6
JGraphPanel:0.43666666666666665
EditorPanel:0.24333333333333335
EditorJGraphPanel:0.21333333333333335
