Database:0.5244444444444445
RelationsCrawler:0.45666666666666667
ValueTag:0.31
JspRelationsAnalyzer:0.18
RelationsParseStatus:0.09666666666666666
