FluxSceneBuilder:0.5833333333333334
MeasurementAggregater:0.4322222222222223
JOCLCore:0.41
GPUFluxLightModel:0.3233333333333333
