ChainedClassLoader:0.8233333333333334
ChainedClassLoaderTest:0.06666666666666667
