Binder:0.5933333333333334
FolderDao:0.4725555555555556
DefinableEntity:0.37333333333333335
Workspace:0.3233333333333333
FolderDaoImpl:0.30666666666666664
AbstractFolderCoreProcessor:0.24333333333333335
FolderModuleImpl:0.24333333333333335
FolderDaoImplTests:0.05
