DefaultClientXMLDFHandler:0.5266666666666666
AbstractXMLDFHandler:0.41333333333333333
ClientXMLDFHandler_KO3Test:0.39
DFHandler_KO3Test:0.31333333333333335
