JNACLibrary:0.5166666666666667
Bootstrap:0.30666666666666664
RestNodesAction:0.3
RestIndicesAction:0.2966666666666667
FieldNamesFieldType:0.27666666666666667
ExistsQueryBuilder:0.225
ExistsQueryBuilderTests:0.22
RestShardsAction:0.19333333333333333
BootstrapCheck:0.19333333333333333
JNANatives:0.18666666666666668
ExistsIT:0.12666666666666668
MaxSizeVirtualMemoryCheck:0.11333333333333333
BootstrapCheckTests:0.1
EvilJNANativesTests:0.03666666666666667
FieldNamesFieldTypeTests:0.01
