ThreadQueueTest:0.43333333333333335
CruiseControlControllerTest:0.3433333333333333
ProjectXMLHelperTest:0.28
EmailPublisherTest:0.28
IdleThreadQueueClient:0.25333333333333335
NantBuilderTest:0.23
AccurevTest:0.2122222222222222
ScheduleTest:0.21
ModificationSetTest:0.20666666666666667
P4Test:0.20333333333333334
ModificationTest:0.13055555555555554
MavenScriptTest:0.04
CurrentBuildStatusPublisherTest:0.0033333333333333335
AccurevBootstrapperTest:0.0
