GwtTeamingMessages:0.6969444444444445
GwtLogHelper:0.305
ProfileModuleImpl:0.305
GwtClientHelper:0.24333333333333335
