WorkflowModule:0.8
WorkflowScheduledAction:0.5866666666666667
EnterExitEvent:0.27
AccessControlManagerImpl:0.25
AbstractWorkflowCallout:0.23666666666666666
StartRemoteApp:0.17833333333333334
WorkflowAction:0.14555555555555555
DefaultWorkflowProcess:0.14
WorkflowCondition:0.08738888888888888
