SSLHandler:0.5633333333333334
SocketClient:0.5233333333333333
DefaultSSLAsyncConnection:0.3
