Export:0.7166666666666667
AutoExporter:0.4866666666666667
