Robolectric:0.6066666666666667
KeyguardManagerTest:0.3566666666666667
ShadowBuilder:0.3466666666666667
ShadowAlertDialog:0.3221111111111111
ShadowKeyguardManager:0.08888888888888889
AlertDialogTest:0.08666666666666667
