ExpectedData:0.62
Series2000Test:0.5066666666666667
ExpectedDataTest:0.21666666666666667
