TypeDescriptor:0.5633333333333334
StepFactory:0.44666666666666666
TypeChecker:0.26666666666666666
AutoBoxCreateStep:0.08833333333333333
IntegerAutoBoxStep:0.0
NumberAutoBoxStep:0.0
TextAutoBoxStep:0.0
BooleanAutoBoxStep:0.0
