DefaultResultSet:0.73
DefaultConnection:0.31666666666666665
DefaultPreparedStatement:0.2733333333333333
DefaultCallableStatement:0.26
DefaultStatement:0.19666666666666666
