AbstractOsgiBundleApplicationContext:0.6116666666666667
PublishedInterfacesTest:0.31333333333333335
