AspectTests:0.32666666666666666
ReflectingConfigurationParser:0.29333333333333333
PointcutsAndAspectsHolder:0.2916666666666667
BeanMethodInterceptor:0.27
ConfigWithAspects:0.23333333333333334
InvalidAspectConfig:0.008981481481481483
