PerThreadIDAndVersionLookup:0.7187698412698412
Versions:0.49666666666666665
VersionsTests:0.18333333333333332
