GedcomTableWidget:0.7033333333333334
PatchedTableCellRenderer:0.43666666666666665
