RequestHandlerConfig:0.64
SearchTerms:0.26
Search:0.1877777777777778
Display:0.17750000000000002
Summary:0.16333333333333333
Add:0.12333333333333334
Update:0.12333333333333334
