CountRequest:0.47333333333333333
SearchRequestBuilder:0.4633333333333333
DeleteByQueryRequest:0.2733333333333333
CountRequestBuilderTests:0.26
CountRequestBuilder:0.20388888888888887
SearchRequestBuilderTests:0.16666666666666666
