JSONGetITest:0.4855555555555555
RestAssured:0.36333333333333334
AuthenticationSpecification:0.33166666666666667
