KerasLstm:0.6553333333333333
KerasLayerTest:0.43
KerasLayerConfiguration:0.014071428571428572
