HTMLConverter:0.5075
EditorJGraphPanel:0.43333333333333335
Algebras:0.3566666666666667
MyCellRenderer:0.16333333333333333
Tip:0.09
