ProductThread:0.6033333333333334
PayDialog:0.445
PosPanel:0.4222222222222222
