NettyServerHandler:0.5733333333333334
NettyServerHandlerTest:0.3822222222222222
NettyClientHandler:0.38
