ParserConfig:0.5733333333333334
TypeUtils:0.4938888888888889
TransientTest:0.20666666666666667
