CrawlerHandler:0.5566666666666666
SimpleScheduler:0.4066666666666667
CrawlerBehavior:0.37666666666666665
