LoginProcessor:0.30666666666666664
ArticleConsole:0.17
CategoryConsole:0.13666666666666666
CommentProcessor:0.1
LinkConsole:0.07666666666666666
UserConsole:0.07666666666666666
InitProcessor:0.03333333333333333
