Service:0.6416666666666667
MethodDefinitionSourceEditorTigerTests:0.6
OrganisationService:0.31128571428571433
PersonService:0.31128571428571433
PersonServiceImpl:0.09815873015873018
Organisation:0.043333333333333335
Person:0.043333333333333335
Entity:0.03
ServiceImpl:0.02666666666666667
OrganisationServiceImpl:0.0
