ServerTaskBundleClient:0.42
AbstractProportionalBundler:0.3566666666666667
NodeTaskWrapper:0.29333333333333333
NodeExecutionManagerImpl:0.2866666666666667
TestJPPFNodeTaskMonitorMBean:0.19333333333333333
TestJPPFTask:0.09333333333333334
MyTask:0.09
