IPAtomicHOSEDescriptor:0.33
InductiveAtomicHardnessDescriptor:0.2833333333333333
IsProtonInAromaticSystemDescriptor:0.22666666666666666
IsProtonInConjugatedPiSystemDescriptor:0.22666666666666666
IPAtomicLearningDescriptor:0.22666666666666666
InductiveAtomicSoftnessDescriptor:0.20666666666666667
