Operation:0.7266666666666667
OperationAccessor:0.39
OperationServiceImpl:0.2733333333333333
InvocationImpl:0.22666666666666666
