TestingDatabase:0.455
TestRaptorSplitManager:0.2833333333333333
TestHiveSplitSource:0.26
TestCassandraConnector:0.22666666666666666
TestJdbcRecordSetProvider:0.17666666666666667
TestJmxSplitManager:0.14
