Json:0.6533333333333333
JsonTest:0.25333333333333335
