MovAvgPipelineAggregationBuilder:0.5566666666666666
SearchModule:0.41833333333333333
MovAvgPipelineAggregator:0.39
PipelineAggregationSpec:0.2733333333333333
AggregationSpec:0.08666666666666667
