Vector3f:0.5233333333333333
Vector2f:0.5166666666666667
Vector4f:0.4766666666666667
ReadableVector:0.04666666666666667
ReadableVector2f:0.03
ReadableVector3f:0.0011111111111111111
ReadableVector4f:0.0011111111111111111
