Connection:0.6233333333333333
ConnectionPool:0.41
PartitionClientProxy:0.2833333333333333
ObjectPool:0.24944444444444447
Router:0.18883333333333338
RandomRouter:0.14
StaticRouter:0.016666666666666666
