RWorkspace:0.5833333333333334
StartRserve:0.38
SystemProxyDetector:0.30666666666666664
