SearchUtils:0.4666666666666667
ActivityStreamCtrl:0.38333333333333336
ActivityStreamCache:0.38
ActivityStreamIDCache:0.22333333333333333
