SellItemFlowExecutionTests:0.6066666666666667
SampleFlowExecutionListener:0.6033333333333334
SampleFlowAttributeMapper:0.17333333333333334
SellItemFlowExecutionListener:0.12
