RaptorTableHandle:0.4166666666666667
RaptorMetadata:0.36
RaptorQueryRunner:0.2966666666666667
AbstractTestDistributedQueries:0.25666666666666665
RaptorColumnHandle:0.24666666666666667
RaptorPageSink:0.21333333333333335
TestRaptorIntegrationSmokeTest:0.20333333333333334
TestRaptorIntegrationSmokeTestMySql:0.2
RaptorOutputTableHandle:0.18666666666666668
RaptorPageSinkProvider:0.12333333333333334
TestRaptorDistributedQueries:0.09
