Ejb3Configuration:0.49333333333333335
InterceptorTest:0.28
AbstractEntityManagerImpl:0.27666666666666667
PackagedEntityManagerTest:0.25
EntityManagerImpl:0.23461111111111113
PersistenceXmlLoader:0.1875
EventListenerConfigurator:0.17
TestCase:0.15333333333333332
NamingHelper:0.13333333333333333
HibernatePersistence:0.023333333333333334
