RxBus:0.68
RxBusDemo_Bottom3Fragment:0.29333333333333333
RxBusDemo_Bottom2Fragment:0.29333333333333333
RxBusDemo_Bottom1Fragment:0.28
