VersionMessage:0.42833333333333334
NetworkConnection:0.41333333333333333
PeerAddress:0.38333333333333336
PrivateKeys:0.21
