SeqFeatureI:0.81
FeatureSetI:0.6053333333333333
SeqFeature:0.4266666666666667
FeatureSet:0.42
SequenceEdit:0.3106666666666667
DrawableSeqFeature:0.20333333333333334
