ApplicationContextCreator:0.4166666666666667
ContextLoaderListener:0.37333333333333335
ApplicationContextConfiguration:0.36333333333333334
ApplicationContextCreatorTest:0.3
ApplicationContextCloser:0.2633333333333333
OsgiServiceClassLoaderInvoker:0.15
ApplicationContextCloserTest:0.11666666666666667
