Attribute:0.8866666666666667
EntityGenerator:0.3333333333333333
AttributeBuilder:0.32
BaseAttribute:0.26666666666666666
ImmutableAttribute:0.15888888888888886
ImmutableType:0.13333333333333333
