TreeSet:0.33666666666666667
List:0.3333333333333333
Iterator:0.31333333333333335
Stream:0.30666666666666664
Array:0.2966666666666667
HashSet:0.2966666666666667
TreeSetTest:0.2633333333333333
Vector:0.23
AbstractMultimapTest:0.21666666666666667
BitSet:0.21333333333333335
AbstractMapTest:0.21
VectorTest:0.20333333333333334
LinkedHashSet:0.19
Queue:0.18333333333333332
