Settlement:0.6866666666666666
TabPanelDashboard:0.4266666666666667
SubmitButton:0.41333333333333333
