EIDProfile:0.5766666666666667
KeyRecoveryData:0.38333333333333336
EnhancedEIDProfile:0.3566666666666667
SwedishEIDProfile:0.34
LocalKeyRecoverySessionBean:0.2966666666666667
