RegistrationService:0.315
ConfigurationService:0.30333333333333334
PurgeService:0.27666666666666667
BootstrapService:0.2633333333333333
IConfigurationService:0.24972222222222218
MockNodeService:0.24666666666666667
NodeService:0.24666666666666667
INodeService:0.19416666666666665
