ClassNode:0.71
IntegrationTest:0.31
JadxDecompiler:0.2866666666666667
ProcessClass:0.22666666666666666
Jadx:0.22
TestDuplicateCast:0.17333333333333334
