SyncUIHelper:0.6066666666666667
WFEServerProcessDefinitionImporter:0.53
ExportParWizardPage:0.27666666666666667
ImportParWizardPage:0.25916666666666666
SwimlaneADElement:0.12666666666666668
SwimlaneRelationsElement:0.12333333333333334
SwimlaneWFGroupElement:0.11333333333333333
