BenchmarkHashAggregation:0.4633333333333333
BenchmarkPipelineAggregation:0.4633333333333333
BenchmarkGroupBy:0.20666666666666667
