LinearRegressionModel:0.6266666666666667
RModel:0.5733333333333334
LinearRegressionModelTest:0.21
