DAS2FeatureSaxParser:0.7333333333333333
DAS2Writer:0.3433333333333333
