InvitationProcess:0.39
EditorAPI:0.37333333333333335
OutgoingInvitationProcess:0.36
JoinSessionWizard:0.29333333333333333
FileZipper:0.2844444444444445
IIncomingInvitationUI:0.27051984126984113
DataTransferManager:0.26
IncomingInvitationProcess:0.25333333333333335
SarosCancellationException:0.24
XMPPChatTransmitter:0.235
ErrorLogManager:0.21666666666666667
JingleFileTransferSession:0.21666666666666667
RosterView:0.21333333333333335
SessionManager:0.19333333333333333
FileUtil:0.18166666666666667
LocalCancellationException:0.17666666666666667
ReceiverThread:0.15
LocalPresenceTracker:0.13666666666666666
InvitationWizardUserSelection:0.13166666666666665
InvitationWizard:0.12666666666666668
IBBTransferListener:0.12
InviteAction:0.12
ActivitiesHandler:0.11
CancelInviteHandler:0.09666666666666666
OutgoingInvitationJob:0.06194444444444444
RemoteCancellationException:0.06
InvitationProcessObservable:0.056666666666666664
