FeedbackManager:0.51
PreferenceConstants:0.5011111111111112
StatisticManager:0.36333333333333334
FeedbackPreferencePage:0.2966666666666667
RegisterAccountPage:0.29333333333333333
GeneralSettingsPage:0.12
LinkListener:0.09583333333333334
PreferenceInitializer:0.08333333333333333
FeedbackDialog:0.041666666666666664
AllowStatisticSubmissionPage:0.03916666666666667
AbstractFeedbackManager:0.03333333333333333
