StatusLine:0.7033333333333334
ConcordancesEditor:0.38
ApplicationWorkbenchWindowAdvisor:0.2966666666666667
GenericMultiPageEditor:0.22555555555555556
TxmBrowser:0.18666666666666668
ApplicationWorkbenchAdvisor:0.18
ComputeFrequencyList:0.12666666666666668
ExecuteScriptImport:0.10333333333333333
