Default:0.45666666666666667
AgentBuilder:0.4033333333333333
InstallationStrategy:0.32666666666666666
Delegator:0.32666666666666666
LocationStrategy:0.31666666666666665
ExecutingTransformer:0.26666666666666666
Ignoring:0.22711111111111112
Transforming:0.22711111111111112
DescriptionStrategy:0.21666666666666667
AgentBuilderDefaultTest:0.2
TypeLocator:0.17142857142857143
Factory:0.12666666666666668
AgentBuilderDescriptionStrategyTest:0.12166666666666667
