ServerMap3DWidget:0.5084444444444445
ServerMap3DProjection:0.35744444444444445
DefaultProcessingListener:0.30666666666666664
ProtocolInputDecoder:0.2733333333333333
SyntheticHelper:0.24333333333333335
SuperLayerWindowManager:0.23327777777777778
Map3DManager:0.2192063492063492
Map3DSourceContext:0.2
WindowManager:0.19416666666666665
Projection3DFactory:0.18666666666666668
