DefinitionService:0.426
JbpmDefinitionLogic:0.3933333333333333
JbpmExecutionLogic:0.35333333333333333
JbpmCommonLogic:0.30333333333333334
JbpmDefinitionServiceBean:0.2833333333333333
DefinitionServiceDelegate:0.2733333333333333
ProcessDefCache:0.25633333333333336
GraphConverter:0.24333333333333335
DefinitionServiceDelegateLocalImpl:0.20333333333333334
DefinitionServiceDelegateRemoteImpl:0.20333333333333334
JBPMLazyLoaderHelper:0.14666666666666667
JBPMContextData:0.0033333333333333335
