OLParser:0.37666666666666665
TypeChecker:0.34
ProvideUntilProcess:0.32666666666666666
NDChoiceProcess:0.2833333333333333
OptimizerVisitor:0.22666666666666666
OOITBuilder:0.22
InterfaceVisitor:0.21083333333333334
OLVisitor:0.20083333333333334
ProgramVisitor:0.20083333333333334
ProgramInspectorCreatorVisitor:0.20083333333333334
ProvideUntilStatement:0.16666666666666666
SemanticVerifier:0.16333333333333333
