SimpleNode:0.5991666666666666
SupportedFieldTypeTest:0.4166666666666667
TransLevelTest:0.4166666666666667
