ActionConfig:0.5266666666666666
RequestScopeInjector:0.3566666666666667
ActionMethodParser:0.31
ApplicationScopeInjector:0.18666666666666668
BaseScopeInjector:0.16666666666666666
ServletContextScopeInjector:0.12333333333333334
SessionScopeInjector:0.09333333333333334
MadvocContextScopeInjector:0.06
