DefinitionUtils:0.6633333333333333
DefinitionModuleImpl:0.6633333333333333
DisplayConfiguration:0.25333333333333335
ModifyEntryController:0.16
