MultiLayerNetwork:0.83
NetworkUtils:0.23666666666666666
TestLrChanges:0.18666666666666668
