DecodeThread:0.4533333333333333
CaptureActivity:0.4322222222222223
CaptureActivityHandler:0.2866666666666667
