MultipleCollectionRefEntity1:0.4522222222222222
MultipleCollectionRefEntity2:0.4522222222222222
MultipleCollectionEntity:0.43
DetachedMultipleCollectionChangeTest:0.37333333333333335
AuditJoinTableInfo:0.32666666666666666
