GwtServerHelper:0.39
EnhancedViewWidget:0.37666666666666665
GwtTeamingMessages:0.31666666666666665
WebKeys:0.2720555555555556
GwtRpcServiceImpl:0.2111111111111111
GetExecuteJspUrlCmd:0.10333333333333333
ExecuteJspController:0.09
