WebSocket:0.6433333333333333
WebSocketImpl:0.2966666666666667
MessageEvent:0.29
