AndroidGraphics:0.48
AndroidApplication:0.46166666666666667
LwjglApplication:0.29333333333333333
GwtInput:0.2866666666666667
AndroidFragmentApplication:0.25053968253968256
AndroidDaydream:0.25053968253968256
AndroidLiveWallpaper:0.2419285714285714
