LongMap:0.3566666666666667
IntMap:0.3566666666666667
ObjectIntMap:0.33
IdentityMap:0.30666666666666664
ObjectMap:0.23333333333333334
