SetActiveCurStateEvent:0.4266666666666667
CurationManager:0.4166666666666667
StrandedZoomableApolloPanel:0.4033333333333333
SetActiveCurStateListener:0.28272619047619046
Controller:0.27
