CallImpl:0.8133333333333334
ServerCallImpl:0.4217777777777778
