EventDaoTest:0.4877777777777778
EventDao:0.2895555555555555
