DefaultQueryHandler:0.91
MySqlQueryHandler:0.28
OracleQueryHandler:0.26666666666666666
PostgresQueryHandler:0.11333333333333333
