Gedcom:0.7266666666666667
Property:0.7066666666666667
GedcomReader:0.3233333333333333
PropertyName:0.24
GedcomWriter:0.21333333333333335
