UnitManager:0.7988888888888889
SettlementWindow:0.2966666666666667
