Workstation:0.5866666666666667
SourceViewCreateRequestMsg:0.45
InvariantHypoAgent:0.3933333333333333
MangoActionManager:0.15333333333333332
