XmlConfigBuilder:0.4633333333333333
HotRestartPersistenceConfig:0.45
ConfigXmlGenerator:0.33666666666666667
XMLConfigBuilderTest:0.29
