Robot:0.5366666666666666
ScriptEditor:0.39
AbstractEventExceptionHandler:0.25
FrameworkTestSuite:0.18333333333333332
ComponentTestFixture:0.18
JComboBoxRecorder:0.17166666666666666
AppEventQueue:0.16666666666666666
JComboBoxRecorderTest:0.15
StringsTest:0.09
AbstractEventExceptionHandlerTest:0.09
ExceptionCatcher:0.06333333333333334
EventExceptionHandler:0.04833333333333333
