ExecutorService:0.8233333333333334
SystemProperties:0.43
ExecutorServiceDelegate:0.2633333333333333
ExecutorServiceBean:0.26
ExecutorLogic:0.22333333333333333
ProcessVariableMonitorTag:0.19333333333333333
UpdateProcessVariablesFormTag:0.19333333333333333
GetComponentInputServlet:0.14
SynchronizeExecutorsLinkTag:0.13666666666666666
