Shape:0.5033333333333333
EdgeSignature:0.38
Util:0.29
Solution:0.27666666666666667
RuleToShapeMap:0.27166666666666667
Materialisation:0.23333333333333334
ShapeMorphism:0.23
MyHashSet:0.20666666666666667
TestMaterialisation:0.19333333333333333
EquationSystem:0.19
PreMatch:0.18666666666666668
EdgeBundle:0.17666666666666667
ShapeJModel:0.16666666666666666
PowerSetIterator:0.15333333333333332
AGTS:0.11916666666666667
ShapeNeighEquiv:0.1
SolutionSet:0.09333333333333334
