CakeTopping:0.49
LoadBalancer:0.22333333333333333
CakeToppingInfo:0.215
CakeInfo:0.20166666666666666
AppTest:0.18833333333333332
CakeLayerInfo:0.18666666666666668
App:0.16366666666666668
HolderThreadSafeTest:0.08
