PrinterService:0.56
PLutBuilder:0.5333333333333333
PrintableImageBox:0.3011111111111111
PrinterServiceMBean:0.29
PrintableFilmBox:0.18
