MapContainer:0.62
MapService:0.3933333333333333
MapMigrationAwareService:0.2833333333333333
PostJoinMapOperation:0.21333333333333335
DefaultMapServiceFactory:0.21
MapDataSerializerHook:0.19722222222222224
AbstractMapServiceFactory:0.19333333333333333
MapReplicationStateHolder:0.14333333333333334
MapServiceFactory:0.013333333333333334
