AssertionTest:0.6797222222222223
ErrorCollector:0.39499999999999996
