TdsCore:0.63
JtdsStatement:0.44
BatchTest:0.33444444444444443
TdsToken:0.18666666666666668
