CruiseControlConfig:0.8755555555555554
CruiseControlConfigIncludeTest:0.14333333333333334
