HTMLSelectElementTest:0.5553333333333333
HTMLSelectElement:0.4083333333333333
