StudyBean:0.6
FileSystemMgt2Service:0.36333333333333334
FileSystemMgt2Bean:0.24666666666666667
DeleteStudyDelegate:0.24333333333333335
