Cooking:0.5433333333333333
PreparingDessert:0.4266666666666667
EatMeal:0.29333333333333333
GoodsManager:0.29
LoadVehicleGarage:0.23666666666666666
RoverMission:0.22333333333333333
VehicleTableModel:0.1988888888888889
