View:0.7766666666666666
MetaAction:0.37666666666666665
CollectionBaseAction:0.33
ControllersParser:0.20222222222222225
ModuleManager:0.19333333333333333
DeleteSelectedAction:0.15
TabBaseAction:0.08
XmlElementsNames:0.0
