Freelancer:0.5866666666666667
Project:0.5733333333333334
ProfileSearchInfoDetail:0.26666666666666666
WebSyncServiceImpl:0.21
MogwaiValueBindingImpl:0.20666666666666667
FreelancerServiceImpl:0.20333333333333334
ProfileSearchServiceImpl:0.14666666666666667
FreelancerDAOHibernateImpl:0.13
ProjectDAOHibernateImpl:0.12
FreelancerDAO:0.05
FreelancerService:0.04
