GraphJGraph:0.5833333333333334
EdgePreview:0.24722222222222223
JGraphUI:0.23333333333333334
MouseHandler:0.23166666666666666
CancelEditListener:0.12666666666666668
