JobExecutionRequest:0.7566666666666667
JobLaunchingMessageHandler:0.37333333333333335
JobLaunchingMessageHandlerTests:0.29
JobLaunchingMessageHandlerIntegrationTests:0.2833333333333333
JobRequestConverter:0.03333333333333333
MessageToJobParametersStrategy:0.0011111111111111111
