ClientDelegatingFuture:0.6166666666666667
RegisterCallback:0.3538333333333334
ClientInvocationFuture:0.31333333333333335
ClientMaxAllowedInvocationTest:0.19666666666666666
