CommentAddValidation:0.2546666666666667
ArticleMgmtService:0.25333333333333335
UpdateSyncB3Validation:0.23666666666666666
ClientCommentAddValidation:0.16333333333333333
UpdateProfilesValidation:0.14666666666666667
ArticleAddValidation:0.12666666666666668
UpdatePasswordValidation:0.09
