SystemLog:0.48333333333333334
LogAdapter:0.44477777777777777
Log4jTest:0.22333333333333333
