OCSPServletBase:0.7155555555555555
CertificateDataUtil:0.3433333333333333
SigningEntity:0.19
