TextField:0.5933333333333334
SkinLoader:0.39555555555555555
TextureAtlasLoader:0.23666666666666666
