Installer:0.4875
Constraint:0.36666666666666664
Column:0.30333333333333334
InstallerDBTest:0.29
