Layer:0.7666666666666667
MultiLayerNetwork:0.2833333333333333
RNTN:0.26
SubsamplingLayer:0.23281746031746034
SimpleOptimizableModel:0.20333333333333334
DefaultLayerFactory:0.1877777777777778
BaseLayer:0.18333333333333332
ConvolutionLayer:0.125
