Jedis:0.6366666666666667
JedisException:0.31333333333333335
Protocol:0.29
ProtocolTest:0.25666666666666665
Connection:0.24333333333333335
JedisPubSub:0.17666666666666667
JedisTest:0.11
