SearchService:0.5822222222222222
DummyQueryBuilder:0.4866666666666667
IdsQueryBuilder:0.3566666666666667
