HTMLElement:0.4033333333333333
NamedNodeMap:0.38
NamedAttrNodeMapImpl:0.35
Element:0.27666666666666667
DomElement:0.25
