GwtRpcService:0.77
GwtRpcServiceAsync:0.5733333333333334
GwtRpcServiceImpl:0.35333333333333333
ProfileSidePanel:0.30333333333333334
GwtProfileHelper:0.25666666666666665
