QueryBuilderTopComponent:0.7482777777777778
NotificationUtilImpl:0.4083333333333333
