MethodGraphCompilerDefaultTest:0.7030555555555555
Store:0.48111111111111104
AgentBuilderDefaultApplicationTest:0.36
