AbstractSecurityInterceptor:0.39
DefaultFilterInvocationDefinitionSource:0.36
MethodDefinitionMap:0.2902222222222222
FilterInvocationDefinitionSourceEditorTests:0.27666666666666667
MethodDefinitionSourceEditorTests:0.24666666666666667
ChannelProcessingFilter:0.19333333333333333
MockFilterInvocationDefinitionMap:0.19333333333333333
MockFilterInvocationDefinitionSource:0.18333333333333332
MockMethodDefinitionSource:0.18
