StudyBean:0.49333333333333335
InstanceBean:0.46
SeriesBean:0.4033333333333333
PatientBean:0.31666666666666665
