KuwaibaService:0.505
ObjectFactory:0.49333333333333335
LocalBackgroundJob:0.44666666666666666
RemoteBackgroundJob:0.32
CommunicationsStub:0.20666666666666667
KillJobAction:0.06333333333333334
SyncManagerTopComponent:0.043333333333333335
KillJobResponse:0.023888888888888887
GetCurrentJobsResponse:0.02
KillJob:0.02
GetCurrentJobs:0.0
