HtmlParserTokenManager:0.5366666666666666
HtmlParser:0.3466666666666667
MarginWriter:0.21777777777777782
HtmlSideKickPlugin:0.21333333333333335
HtmlFormatter:0.20666666666666667
HtmlTreeBuilder:0.13333333333333333
