WebHelper:0.8866666666666667
ListFolderHelper:0.33666666666666667
ViewEntryController:0.25333333333333335
MarkupTag:0.25333333333333335
