JoinProbe:0.6733333333333333
JoinProbeFactory:0.38666666666666666
TestLookupJoinPageBuilder:0.18333333333333332
