ProcessingContext:0.6433333333333333
ConfigurationProcessor:0.44
AspectJAdviceConfigurationListener:0.33
AbstractAopConfigurationListener:0.15333333333333332
