Group:0.4766666666666667
TextField:0.41
Stage:0.30333333333333334
