View:0.8566666666666667
Strings:0.44333333333333336
LoadCSVAction:0.31333333333333335
EditorTag:0.21333333333333335
ImportCSVAction:0.14111111111111113
