ObjectDataOutput:0.5633333333333334
AbstractSerializationService:0.3433333333333333
ByteArrayObjectDataOutput:0.33666666666666667
InternalSerializationService:0.257
ObjectDataOutputStream:0.19666666666666666
EmptyObjectDataOutput:0.19666666666666666
AbstractSerializationServiceTest:0.15333333333333332
