AssetsBundle:0.41333333333333333
ResourceURL:0.3826111111111111
AssetServlet:0.36666666666666664
AssetServletTest:0.24
DummyAssetServlet:0.18083333333333335
NoIndexAssetServlet:0.18083333333333335
AssetsBundleTest:0.16
