DFA:0.3
Grammar:0.29
NFA:0.25333333333333335
NFAConfig:0.24
DFAState:0.23666666666666666
SemanticPipeline:0.22333333333333333
Tool:0.21916666666666668
IntervalSet:0.21333333333333335
TestNFAConstruction:0.19666666666666666
NFAState:0.09666666666666666
Utils:0.06666666666666667
AnalysisPipeline:0.05333333333333334
Transition:0.03
Edge:0.0
