AbstractTestHiveClient:0.3466666666666667
TestCassandraConnector:0.24666666666666667
TestJdbcMetadata:0.24666666666666667
TestRaptorMetadata:0.24666666666666667
AbstractTestType:0.24666666666666667
AbstractTestHiveClientS3:0.24666666666666667
TestShardCompactor:0.24666666666666667
TestRaptorSplitManager:0.22166666666666668
AbstractTestHiveFileFormats:0.22166666666666668
TestExampleMetadata:0.22166666666666668
TestTupleFilterProcessor:0.21333333333333335
BlackHoleMetadataTest:0.21333333333333335
TestOrcStorageManager:0.20083333333333334
BenchmarkHiveFileFormats:0.20083333333333334
TestJdbcRecordSetProvider:0.16166666666666665
TestJmxSplitManager:0.11
TestJmxMetadata:0.04
TestExampleRecordSetProvider:0.04
