MutableFloat:0.32666666666666666
MutableDouble:0.32666666666666666
MutableLong:0.3233333333333333
MutableByte:0.3233333333333333
MutableInteger:0.3233333333333333
MutableShort:0.3233333333333333
MutableBoolean:0.15
