JavaBeanSerializer:0.5066666666666667
DateParserTest:0.44666666666666666
DateParserTest_sql_timestamp:0.24666666666666667
Bug_for_lenolix_7:0.13
