EntryOperator:0.6
PartitionWideEntryOperation:0.3
AbstractMultipleEntryBackupOperation:0.2652777777777778
MultipleEntryBackupOperation:0.23111111111111116
PartitionWideEntryBackupOperation:0.21
MultipleEntryOperation:0.20666666666666667
PartitionWideEntryWithPredicateOperation:0.16333333333333333
