CalendarDay:0.5766666666666667
MaterialCalendarView:0.3433333333333333
MonthView:0.24333333333333335
DynamicSettersActivity:0.21
MonthPagerAdapter:0.19555555555555557
OneDayDecorator:0.13333333333333333
MainActivity:0.10666666666666667
ApiSimulator:0.09
