RxPermissionsUtils:0.4866666666666667
RxDeviceUtils:0.41
RxDialogChooseImage:0.3575
ActivityRxPhoto:0.1811111111111111
