SimpleStringMappingTests:0.36
FsDirectoryService:0.2966666666666667
DistributorDirectory:0.2866666666666667
InternalEngineTests:0.20666666666666667
FakeFsDirectory:0.2
NodeEnvironment:0.19333333333333333
ExtendedProcessor:0.17666666666666667
CustomConcurrentMergeScheduler:0.15833333333333333
