StagingItemWriter:0.46
TradeWriter:0.30666666666666664
BatchSqlCustomerCreditIncreaseWriter:0.15666666666666668
TradeProcessorTests:0.1
OrderTransformer:0.03333333333333333
CustomerCreditUpdateWriter:0.016666666666666666
ItemTrackingItemWriter:0.013333333333333334
RetrySampleItemWriter:0.01
CustomerCreditIncreaseWriter:0.01
CustomerUpdateWriter:0.01
PlayerItemWriter:0.006666666666666667
PersonWriter:0.0033333333333333335
