Text:0.65
TextTagTest:0.3433333333333333
TextTag:0.31666666666666665
