ServerMonitorRunnable:0.51
ServerMonitor:0.4415119047619047
DefaultServer:0.416
DefaultServerMonitor:0.36
TestServerMonitor:0.12416666666666666
