JSONLexer:0.93
ASMDeserializerFactory:0.36
FastjsonBeanToArrayCodec:0.32
JavaBeanDeserializer:0.2866666666666667
MediaGenDecoder:0.13333333333333333
DepartmentCodec:0.13333333333333333
MediaContentGenDecoder:0.13333333333333333
ImageGenDecoder:0.13333333333333333
