FedoraAccessServlet:0.5533333333333333
SerializerThread:0.45
FedoraAccessSoapServlet:0.31333333333333335
