OperationServiceImpl:0.7033333333333334
PartitionIteratingOperation:0.36666666666666664
OperationResponseHandlerImpl:0.29333333333333333
DistributedExecutorService:0.265
PartitionResponse:0.245
