Form:0.6366666666666667
JbpmDefinitionLogic:0.37
JbpmCommonLogic:0.33666666666666667
