MultiProofFinderExecutor:0.48
SimpleProofFinderExecutor:0.48
MultiProofFinder:0.45592857142857146
MultiProofFinderPlugin:0.17333333333333334
MultiProofFinderImpl:0.17
SimpleProofFinderPlugin:0.12666666666666668
