TaskExecutor:0.5833333333333334
TaskManagerConfig:0.5833333333333334
TaskExecutorSimulator:0.3566666666666667
TestSqlTask:0.20666666666666667
TestTaskManagerConfig:0.16333333333333333
TestSqlTaskManager:0.15666666666666668
TaskExecutorTest:0.13
