HpackTest:0.49333333333333335
Huffman:0.48
Writer:0.36333333333333334
Http2Writer:0.28
HuffmanTest:0.13
