EjbcaWSTest:0.49
StringTools:0.45666666666666667
StringToolsTest:0.24
CesecoreConfiguration:0.17666666666666667
