FlowNavigationHandlerArgumentExtractor:0.7866666666666666
FlowNavigationHandlerParameterExtractorTests:0.2844444444444445
