HibernatePersistenceProvider:0.6166666666666667
OsgiClassLoader:0.51
BootstrapServiceRegistryBuilder:0.3233333333333333
HibernateBundleActivator:0.18
