AwsEc2UnicastHostsProvider:0.5566666666666666
Ec2DiscoveryModule:0.17
Ec2Discovery:0.0033333333333333335
