BulletConstructor:0.43
EdgeDetectionTest:0.3212121212121212
FloatTextureTest:0.20333333333333334
SoftBodyTest:0.2
BaseG3dTest:0.19666666666666666
ModelTest:0.19666666666666666
ShadowMappingTest:0.19666666666666666
FrustumCullingTest:0.18666666666666668
LightsTest:0.16333333333333333
FramebufferToTextureTest:0.13666666666666666
VehicleTest:0.12333333333333334
ProjectTest:0.11333333333333333
