RefreshableFlowHolder:0.5233333333333333
XmlFlowRegistrar:0.4266666666666667
AbstractFlowRegistryFactoryBean:0.33666666666666667
FlowFactoryBean:0.2633333333333333
XmlFlowRegistryFactoryBean:0.23333333333333334
FlowRegistrarSupport:0.01
