ComboBox:0.57
ComboBoxTag:0.44666666666666666
UIComponentTest:0.35333333333333333
ComboBoxTest:0.08
