ImageToolkit:0.5966666666666667
DefaultView2d:0.5122222222222222
WindowLevelOperation:0.23888888888888885
