Node:0.4066666666666667
ICountDownLatchTest:0.3
ClusterTest:0.29
PartitionManager:0.28
HazelcastTest:0.24666666666666667
ConcurrentMapManager:0.23666666666666666
ResponseQueueCall:0.19
Migrator:0.18833333333333332
RandomBlockJUnit4ClassRunner:0.17
Parallel:0.15333333333333332
ClusterLockTest:0.14333333333333334
