UdpChannel:0.43666666666666665
Builder:0.31
AeronUri:0.2966666666666667
UdpChannelTest:0.23333333333333334
NetworkInterfaceStub:0.17333333333333334
UriUtil:0.15194444444444447
FilterResult:0.10333333333333333
NetworkInterfaceShim:0.013333333333333334
