AwsS3Service:0.5988888888888888
TestAwsS3Service:0.37333333333333335
S3Repository:0.29
InternalAwsS3Service:0.17
AbstractS3SnapshotRestoreTest:0.13333333333333333
