SetOfAtomContainers:0.7766666666666666
Reaction:0.7233333333333334
SingleElectron:0.2833333333333333
SetOfReactions:0.1622222222222222
