FedoraAPIMBindingSOAPHTTPImpl:0.5283333333333333
FedoraAPIABindingSOAPHTTPImpl:0.37833333333333335
