RDFProtonDescriptor_G3R:0.23
RDFProtonDescriptor_GSR:0.22666666666666666
RDFProtonDescriptor_GHR_topol:0.22666666666666666
RDFProtonDescriptor_GHR:0.22666666666666666
RDFProtonDescriptor_GDR:0.22666666666666666
