DefaultRecordStore:0.6433333333333333
Employee:0.47
MapStoreTest:0.14666666666666667
