AbstractDbDialect:0.4266666666666667
IDbDialect:0.28833333333333333
TableTemplate:0.28
RouterService:0.2633333333333333
HsqlDbDialect:0.25
SimpleIntegrationTest:0.23
DataExtractorService:0.21666666666666667
TriggerRouterService:0.195
