ARINCModelFactory:0.5266666666666666
SynthMultiLineLabelUI:0.35
AbstractServerEngine:0.34
MultiLineLabel:0.31666666666666665
