Graphics3D:0.75
JnetRendererInterface:0.37
Text:0.28
BallsRenderer:0.24666666666666667
RepaintManager:0.20666666666666667
HalosRenderer:0.12
