MedicalManager:0.37666666666666665
Complaint:0.34
Treatment:0.32
XmlReader:0.09666666666666666
MedicalAid:0.06333333333333334
