RubyProject:0.45666666666666667
RubyPlugin:0.3433333333333333
IRubyProject:0.25703968253968257
RubyCore:0.25333333333333335
RubyParserCmd:0.24333333333333335
