CursorSimpleTest:0.74
CursorIterator:0.2816666666666667
CursorNestedTest:0.26166666666666666
