ReusableObjManager:0.5866666666666667
KeywordsStrategy:0.31
FormatsStrategy:0.24333333333333335
ContactsStrategy:0.23
