AbstractCacheService:0.5366666666666666
CacheCreateConfigOperation:0.4533333333333333
ICacheService:0.3997222222222222
AbstractCacheAllPartitionsRequest:0.21666666666666667
CacheReplicationOperation:0.2
CacheGetConfigOperation:0.19944444444444445
HazelcastServerCacheManager:0.18
CacheConfigCreateCallback:0.08
