MediaType:0.47
HttpLoggingInterceptorTest:0.3433333333333333
MediaTypeTest:0.3
HttpLoggingInterceptor:0.21333333333333335
