OpenNMSProvisioner:0.5666666666666667
PollerConfigFactory:0.44666666666666666
CapsdConfigFactory:0.30666666666666664
XmlRpcServiceExporter:0.24
CapsdTest:0.13666666666666666
Provisioner:0.11
