LegacyVmDispatcher:0.34
TypeLocator:0.32111111111111107
Configurable:0.2996666666666667
ClassLoadingStrategyDefaultTest:0.2866666666666667
InjectionDispatcher:0.28
AgentBuilderDefaultTest:0.2633333333333333
ClassLoadingStrategy:0.23
WrappingDispatcher:0.19666666666666666
ExecutingTransformer:0.16
