ChessGame:0.7066666666666667
Emotions:0.5266666666666666
GobangChannel:0.2833333333333333
PointtransferQueryService:0.18333333333333332
