AsyncHttpProviderUtils:0.44333333333333336
PerRequestTimeoutTest:0.26666666666666666
ByteBufferCapacityTest:0.25666666666666665
NettyBasicAuthTest:0.25
BasicHandler:0.24
MaxConnectionsInThreads:0.13666666666666666
ZeroCopyHandler:0.10666666666666667
