Callback:0.6733333333333333
TransformClassVisitor:0.44333333333333336
Signature:0.41
TestTransformVisistor:0.2966666666666667
