FactoryImpl:0.6766666666666666
ObjectNameSpec:0.3233333333333333
LifecycleServiceImpl:0.3
ManagementService:0.28
