DocumentImpl:0.5866666666666667
DocumentStaxUtils:0.43333333333333335
SaveCorpusAsXmlAction:0.13333333333333333
SaveAsXmlAction:0.13333333333333333
