Latex2UnicodeParser:0.8266666666666667
AbstractOutput:0.3321111111111111
