MapProxyImpl:0.6675000000000001
MapProxySupport:0.6122222222222222
