MultifactorAuthenticationProperties:0.4533333333333333
GrouperMultifactorAuthenticationWebflowEventResolver:0.3892222222222222
GrouperFacade:0.18333333333333332
GrouperConfiguration:0.056666666666666664
