PendingEventQueue:0.5044444444444445
NativeStateMachine:0.47
StateMachine:0.42333333333333334
