DocumentImpl:0.705
TestGate:0.31666666666666665
CreoleXmlHandler:0.31166666666666665
