ArchiveConductor:0.4
RecordingSession:0.35
ListRecordingsSession:0.18333333333333332
Archiver:0.18333333333333332
ControlSession:0.13777777777777778
ReplaySession:0.12444444444444445
