Domain:0.5533333333333333
RedirectBean:0.37
PermissionAction:0.24666666666666667
ScopeAction:0.18
SubjectAction:0.13666666666666666
