Shape:0.6
Materialisation:0.3233333333333333
Multiplicity:0.26
ExtendPreMatch:0.22333333333333333
TestMaterialisation:0.2
TestMultiplicity:0.09
