StreamInstanceArchiveWriter:0.4583333333333333
StreamInstanceArchiveFragmentReader:0.3283333333333333
ImageArchivingSessionTest:0.27666666666666667
Common:0.18333333333333332
