WorkManager:0.6966666666666667
PersistModule:0.5366666666666666
EntityManagerFactoryProvider:0.3
JpaDao:0.2
JoiningLocalTransactionsTest:0.15666666666666668
ClassLevelManagedLocalTransactionsTest:0.14666666666666667
ManagedLocalTransactionsAcrossRequestTest:0.14333333333333334
ManagedLocalTransactionsTest:0.14333333333333334
ManualLocalTransactionsWithCustomMatcherTest:0.14
EntityManagerProvisionTest:0.13666666666666666
PersistenceFilter:0.135
JpaLocalTxnInterceptor:0.13
ManualLocalTransactionsConfidenceTest:0.12333333333333334
EntityManagerFactoryProvisionTest:0.12333333333333334
EntityManagerPerRequestProvisionTest:0.12
JpaWorkManagerTest:0.12
CustomPropsEntityManagerFactoryProvisionTest:0.11666666666666667
ManualLocalTransactionsTest:0.11333333333333333
EdslTest:0.07666666666666666
EntityManagerProvider:0.07
