PrinterService:0.6216666666666667
PrintableFilmBox:0.48
PrintableImageBox:0.33
PrinterCalibration:0.26
PrintScpServiceMBean:0.21333333333333335
