ParserRuleContext:0.6833333333333333
ParseTreePatternMatcher:0.39666666666666667
TestParseTreeMatcher:0.30333333333333334
ParseTreePatternErrorStrategy:0.29777777777777775
