EFetchAdapterSequence:0.41333333333333333
DataAdapterSequence:0.41
SRSSequence:0.3016666666666667
CacheSequenceLoader:0.25666666666666665
