InvariantViolatedAcceptor:0.6633333333333333
RuleSelectionDialog:0.5533333333333333
AcceptorRequiringRule:0.2966666666666667
AcceptorEnumerator:0.18
