TestCluster:0.5833333333333334
RandomizingClient:0.5333333333333333
AbstractRandomizedTest:0.5205555555555557
ElasticsearchIntegrationTest:0.48
GetActionTests:0.2633333333333333
DiscoveryModule:0.19000000000000003
MavenMessageBuilder:0.12333333333333334
