MongoDbConnectionFactory:0.5233333333333333
OneTimeTokenAccount:0.45876587301587307
GoogleAuthenticatorMongoDbConfiguration:0.22666666666666666
JpaGoogleAuthenticatorTokenCredentialRepositoryTests:0.17
StringToZonedDateTimeConverter:0.0647777777777778
DateToZonedDateTimeConverter:0.0647777777777778
ZonedDateTimeToDateConverter:0.0647777777777778
ZonedDateTimeToStringConverter:0.0647777777777778
