ChatRoomsComposite:0.7466666666666667
SarosView:0.6033333333333334
