AsmUtil:0.75
ProxettaMethodBuilder:0.30666666666666664
ProxettaCtorBuilder:0.26722222222222225
ProxettaClassBuilder:0.26
ProxettaWrapperClassBuilder:0.18333333333333332
