AlignApplet:0.37666666666666665
SeqPanel:0.3566666666666667
AlignFrame:0.31666666666666665
Selection:0.23333333333333334
MailProperties:0.043333333333333335
