JpaBeans:0.25
SendPasswordResetInstructionsAction:0.25
SamlMetadataUIInfo:0.20666666666666667
PolicyBasedAuthenticationManager:0.20666666666666667
HazelcastStatistics:0.19666666666666666
EhCacheStatistics:0.19666666666666666
CasTomcatEmbeddedServletContainerFactory:0.19666666666666666
AttributeContext:0.18333333333333332
SamlProfileSamlNameIdBuilder:0.18333333333333332
JasyptTestAlgorithmsCommand:0.17333333333333334
DefaultMultifactorAuthenticationContextValidator:0.15666666666666668
DefaultSingleLogoutServiceMessageHandler:0.13666666666666666
CasThymeleafOutputTemplateHandler:0.13666666666666666
CasSupportJdbcAuditConfiguration:0.12666666666666668
JasigRegisteredServiceDeserializationProblemHandler:0.11333333333333333
VerifyPasswordResetRequestAction:0.08333333333333333
