CalendarParsedResult:0.5066666666666667
CalendarParsedResultTestCase:0.4166666666666667
ResultHandler:0.27666666666666667
AddressBookResultHandler:0.24666666666666667
ParsedReaderResultTestCase:0.23
CalendarResultHandler:0.15333333333333332
