MergeImpl:0.5333333333333333
jOOQOracleTest:0.32
DefaultRenderContext:0.2808333333333333
AbstractBindContext:0.25666666666666665
