DataManager:0.75
SettingInfo:0.2833333333333333
GetCapabilities:0.25
SiteLib:0.20666666666666667
