Term:0.5966666666666667
Encoding:0.57
Encodings:0.3277777777777778
