ObjectKeys:0.8566666666666667
WriteFilesException:0.45
AuthenticationManagerImpl:0.33666666666666667
AbstractBinderProcessor:0.25666666666666665
WorkspaceModuleImpl:0.23666666666666666
DefaultProfileCoreProcessor:0.23666666666666666
ProfileModuleImpl:0.20166666666666666
AbstractFolderCoreProcessor:0.2
AbstractEntryProcessor:0.18666666666666668
AbstractFolderModule:0.18666666666666668
ViewFileController:0.15333333333333332
AdminModuleImpl:0.12
XmlFileUtil:0.11666666666666667
ConfigureConfigurationController:0.09666666666666666
ExportDefinitionController:0.08333333333333333
DefaultMergeableXmlClassPathConfigFiles:0.05333333333333334
