RuleKey:0.5166666666666667
Rule:0.44333333333333336
Kons:0.44
FormalTypes:0.43
Util:0.39666666666666667
DefinitionManager:0.38333333333333336
RuleBase:0.38
Sym:0.37666666666666665
Mango:0.37666666666666665
CodeSym:0.2431111111111111
ModuleInvocationSym:0.23666666666666666
MethodDefinitionManager:0.22666666666666666
BackupAlg:0.22666666666666666
InstanceManager:0.22333333333333333
INVOKECLINIT:0.22
LoopDefinitionManager:0.22
ParamSym:0.215
StatSym:0.21333333333333335
MethodInstanceManager:0.21
LocalVarSym:0.20666666666666667
HeapSym:0.19333333333333333
StackSym:0.19333333333333333
SORT:0.19
TranslateMsg:0.18666666666666668
MangoMethodPeer:0.18333333333333332
RuleResourceManager:0.17666666666666667
FrameSym:0.17666666666666667
SinkTerminatorSym:0.17333333333333334
ReturnTerminatorSym:0.17
LoopInstanceManager:0.16666666666666666
SymbolHashInitialize:0.16666666666666666
BadPlaceSinkSym:0.15666666666666668
FreeVarsAgent:0.15333333333333332
ShowTypeRequestMsg:0.15
SymbolHashMangoModel:0.15
CallThisClinit:0.14416666666666667
CreateMethodStubMsg:0.13
SRTP:0.12333333333333334
SRTM:0.12333333333333334
BuildInvocationUcon:0.11666666666666667
BuildInvocationUconDummy:0.1
HasCommutingClinit:0.09333333333333334
SymbolHashTyping:0.006666666666666667
Assign_formal_frame:0.0
Assign_formal_unknownLocalVar:0.0
ObjectReq:0.0
Assign_formal_heap:0.0
UnknownLocalVarReq:0.0
Assign_formal_unknownOpVar:0.0
HeapReq:0.0
FrameReq:0.0
LocationReq:0.0
StackReq:0.0
Assign_formal_stack:0.0
UnknownOpVarReq:0.0
