ExecutionService:0.7766666666666666
ExecutionServiceDelegate:0.6577777777777778
JbpmExecutionServiceBean:0.32666666666666666
JbpmExecutionLogic:0.23
Env:0.22166666666666668
TaskVariableTDBuilder:0.21333333333333335
ProcessInstanceVariableTDBuilder:0.19333333333333333
ExecutionServiceDelegateLocalImpl:0.17333333333333334
ExecutionServiceDelegateRemoteImpl:0.17333333333333334
TaskDetailsTag:0.15333333333333332
ProcessInstanceIdExtractor:0.07377777777777778
EnvImpl:0.05333333333333334
