Dispatcher:0.6933333333333334
PrepareOperations:0.49333333333333335
InitOperations:0.32
StrutsPrepareAndExecuteFilter:0.18666666666666668
StrutsPrepareFilter:0.18
StrutsExecuteFilter:0.15666666666666668
