ConcordancesEditor:0.37666666666666665
Base:0.3466666666666667
Toolbox:0.25
ViewPropertySelectionDialog:0.21733333333333335
SetLineNumber:0.21
TxmObject:0.2
ViewPropertySelection:0.18666666666666668
AddBase:0.06333333333333334
