PseudoEpsgFactory:0.7966666666666666
Concatenate:0.2966666666666667
AuthorityFactoryTest:0.29333333333333333
TransformTestCase:0.2866666666666667
MathTransformTest:0.25
Maximum:0.23
ToleranceModifiersTest:0.19333333333333333
