RealMultibinder:0.4033333333333333
MultibinderTest:0.36666666666666664
MapBinderTest:0.33666666666666667
MapBinder:0.2866666666666667
RealMapBinder:0.24
