Bucket:0.2966666666666667
UnmappedSignificantTerms:0.2866666666666667
InternalSignificantTerms:0.22333333333333333
InternalMappedSignificantTerms:0.22
SignificantTermsSignificanceScoreIT:0.21
