DefaultBroadcaster:0.6233333333333333
AtmosphereServlet:0.47
DefaultBroadcasterFactory:0.31333333333333335
RecyclableBroadcaster:0.11
