TdsCore:0.5366666666666666
PreparedStatementTest:0.45
ConnectionJDBC2:0.35333333333333333
