EditText:0.59
ControlFocusedColorStateList:0.3085555555555555
ShadowGenerator:0.17333333333333334
ControlCheckedColorStateList:0.14333333333333334
