JPPFClient:0.6733333333333333
DebugMBean:0.502797619047619
Debug:0.4666666666666667
