MDLV3000Reader:0.69
MDLReader:0.3
HINReader:0.23333333333333334
ReaderFactory:0.20666666666666667
