WebKeys:0.7172777777777777
ListFolderController:0.33
ModifyEntryController:0.2966666666666667
AddEntryController:0.24666666666666667
ViewEntryController:0.20333333333333334
