DataEnvironment:0.47
RuntimeScope:0.39666666666666667
OmniscientStack:0.2966666666666667
WindowServiceImpl:0.25333333333333335
DebugMainProjectAction:0.22333333333333333
HopDataManager:0.18333333333333332
