PartitionServiceImpl:0.46
InternalPartitionImpl:0.4533333333333333
Entry:0.3933333333333333
SymmetricEncryptionConfig:0.33466666666666667
Data:0.32
SerializableXID:0.31333333333333335
PartitionReplicaVersions:0.26
BackupMigrationTask:0.255
DataAdapter:0.25333333333333335
Packet:0.23333333333333334
XmlConfigBuilder:0.22333333333333333
DefaultAddressPicker:0.21666666666666667
MigrationThread:0.2101111111111111
TimedMemberState:0.20666666666666667
MapProxySupport:0.20666666666666667
HealthMonitor:0.20333333333333334
Migrator:0.20333333333333334
MigrationRequestOperation:0.16666666666666666
TimedMemberStateFactory:0.15666666666666668
LocalPartitionListener:0.12
RepartitioningTask:0.11666666666666667
SyncReplicaVersionTask:0.11166666666666666
ReplicaSyncEntryProcessor:0.1075
HealthMetrics:0.08
MapExecutionCallbackAdapter:0.0
