SubclassLoadedTypeInstrumentation:0.5733333333333334
AbstractInstrumentedTypeTest:0.30333333333333334
AbstractInstrumentedType:0.25866666666666666
