SparkDl4jLayer:0.45666666666666667
TestEarlyStoppingSpark:0.2966666666666667
TestEarlyStoppingSparkCompGraph:0.19
TestSparkLayer:0.19
BaseSparkEarlyStoppingTrainer:0.14333333333333334
TestTrainingStatsCollection:0.14333333333333334
IterativeReduceFlatMap:0.12527777777777777
