InputColumn:0.6133333333333333
Context:0.41
ImplementationSymbolVisitor:0.33666666666666667
ImplementationSymbolVisitorTest:0.08333333333333333
