Validator:0.41333333333333333
Beans:0.36333333333333334
DigestAuthenticationUtils:0.22
DefaultWebflowConfigurer:0.19666666666666666
SamlProfileSamlAssertionBuilder:0.19666666666666666
SamlProfileSamlResponseBuilder:0.19666666666666666
AbstractLdapProperties:0.18666666666666668
OAuth20AuthorizeControllerTests:0.18333333333333332
SendPasswordResetInstructionsAction:0.13666666666666666
MultifactorAuthenticationTrustUtils:0.13666666666666666
IdPInitiatedProfileHandlerController:0.11333333333333333
