OperationExecutor:0.705
OperationQueue:0.5881666666666665
ClassicOperationExecutor:0.5
OperationThread:0.3466666666666667
Invocation:0.308
OperationServiceImpl:0.2733333333333333
OperationThreadTest:0.16
InvocationEntryProcessor:0.11333333333333333
DefaultOperationQueue:0.09666666666666666
PartitionOperationThread:0.07666666666666666
