InnerFutureTask:0.5811111111111111
ExecutorManager:0.31
RequestExecutor:0.30666666666666664
MemberCall:0.2966666666666667
ExecutorServiceTest:0.22666666666666666
Inner:0.22666666666666666
ExecutionKey:0.22333333333333333
ExecutionOperationHandler:0.19
ExecutionCancelOperationHandler:0.07333333333333333
TaskCancellationCall:0.06333333333333334
CancellationAwareTask:0.02
