Application:0.6433333333333333
LwjglApplication:0.36
IOSApplication:0.29
LwjglCanvas:0.25333333333333335
AndroidDaydream:0.25333333333333335
LwjglAWTCanvas:0.25333333333333335
AndroidApplication:0.23933333333333331
