AbstractTestAggregationFunction:0.46
TestCountAggregation:0.24666666666666667
TestDoubleMaxAggregation:0.06333333333333334
TestLongMinAggregation:0.06333333333333334
TestLongMaxAggregation:0.06333333333333334
TestDoubleMinAggregation:0.06333333333333334
TestDoubleAverageAggregation:0.05
TestLongSumAggregation:0.05
TestLongAverageAggregation:0.05
TestDoubleSumAggregation:0.05
