TreeNode:0.4849444444444444
Gendoc:0.34
PluginTreeNodeImpl:0.25333333333333335
PluginModel:0.20333333333333334
XmlOutputter:0.13666666666666666
ConfigXMLHtmlGenerator:0.08333333333333333
XmlOutputerImpl:0.08
ToXml:0.0011111111111111111
