ServiceRegistry:0.3017857142857143
DriverManagerConnectionProviderImpl:0.2866666666666667
ConnectionProviderImpl:0.27
C3P0ConnectionProvider:0.24333333333333335
XaConnectionProvider:0.18166666666666667
ServiceBootstrappingTest:0.18
ProxoolConnectionProvider:0.17833333333333334
DualNodeConnectionProviderImpl:0.14333333333333334
UserSuppliedConnectionProviderImpl:0.13666666666666666
DatasourceConnectionProviderImpl:0.13666666666666666
ServiceRegistryImpl:0.12333333333333334
ServicesRegistryBootstrap:0.11666666666666667
CollectionHelper:0.115
