Metadata:0.8733333333333333
ConnectorMetadata:0.4533333333333333
MetadataManager:0.36666666666666664
Visitor:0.2833333333333333
