Vehicle:0.45
StoreroomFacility:0.4166666666666667
Person:0.4066666666666667
InsituResourceProcessorFacility:0.31
