ObjectFactory:0.5
XWorkBasicConverter:0.2966666666666667
DefaultConfiguration:0.25333333333333335
XWorkList:0.24383333333333335
DummyContainer:0.20333333333333334
PlexusObjectFactory:0.17333333333333334
MyResult:0.15666666666666668
XWorkConfigurationProvider:0.12
StrutsResultFactory:0.11666666666666667
StrutsObjectFactory:0.11
BeanSelectionProvider:0.06666666666666667
StrutsConstants:0.03
ParamNameAwareResult:0.02
