Analysis:0.7533333333333333
DTDFilter:0.4077777777777778
