WindowsDisplay:0.6266666666666667
WindowsRegistry:0.5866666666666667
Display:0.4166666666666667
WindowsContextImplementation:0.22666666666666666
WindowsPbufferPeerInfo:0.10333333333333333
WindowsDisplayPeerInfo:0.043333333333333335
WindowsAWTGLCanvasPeerInfo:0.03
WindowsPeerInfo:0.01
WindowsCanvasImplementation:0.006666666666666667
