SharedTrainingConfiguration:0.5895555555555556
SharedTrainingMaster:0.5066666666666667
EncodingHandler:0.29333333333333333
Builder:0.25
SharedTrainingWrapper:0.20333333333333334
WiredEncodingHandler:0.18666666666666668
