SearchSourceBuilder:0.4766666666666667
SearchRequestBuilder:0.42333333333333334
QueryRescorerIT:0.32
ScriptField:0.32
