Administrator:0.7033333333333334
LoginDialog:0.36333333333333334
