JChemPaintPanel:0.6633333333333333
JChemPaintEditorPanel:0.3933333333333333
ExitAction:0.30666666666666664
AppCloser:0.22666666666666666
OpenAction:0.12666666666666668
CloseAction:0.09666666666666666
