SqlMigrationResolver:0.5533333333333333
FileSystemResource:0.37666666666666665
SqlMigrationResolverSmallTest:0.2
LocationSmallTest:0.17
SqlMigrationResolverMediumTest:0.12666666666666668
