Dbms:0.66
DbLib:0.2833333333333333
Geonetwork:0.2733333333333333
ApacheDBCPool:0.24666666666666667
