MboxSubCrawler:0.7633333333333333
MboxSubCrawlerTest:0.3433333333333333
