DocumentManager:0.5266666666666666
PickingInteractor:0.4
OnScreenBox:0.35
Shear:0.08666666666666667
