EntityBinding:0.48333333333333334
AbstractEntityBinder:0.39666666666666667
HbmBinder:0.3933333333333333
RootEntityBinder:0.36
MetadataImpl:0.3466666666666667
AnnotationBinder:0.2866666666666667
IdGeneratorBinder:0.27
MetadataImplementor:0.2683333333333333
QueryBinder:0.23666666666666666
TypeDefBinder:0.17333333333333334
TableBinder:0.12
FetchProfileBinder:0.08333333333333333
FilterDefBinder:0.08333333333333333
