ScrollPane:0.75
Matrix3:0.42333333333333334
ScrollPaneTest:0.2833333333333333
