SerializeWriter:0.6733333333333333
JSONSerializer:0.41333333333333333
ASMSerializerFactory:0.22
DefaultJSONParser:0.20333333333333334
HashMapDeserializer:0.17666666666666667
SpecialKeyTest:0.17333333333333334
MapTest:0.12
MapSerializer:0.08
