JavaIOFileDescriptorAccess:0.5738888888888889
JavaLangAccess:0.528611111111111
Thread:0.41
Class:0.37666666666666665
Unsafe:0.31437301587301586
SharedSecrets:0.28
JavaIOAccess:0.27977777777777774
Interruptible:0.27051984126984113
JavaNetAccess:0.27051984126984113
JavaIODeleteOnExitAccess:0.27051984126984113
ConstantPool:0.25666666666666665
Method:0.21666666666666667
AnnotationType:0.18
JPF_sun_misc_Unsafe:0.13666666666666666
