InstallOptions:0.4633333333333333
Installer:0.25666666666666665
TomcatServerXML:0.22333333333333333
Tomcat:0.21333333333333335
OptionDefinition:0.20666666666666667
BundledTomcat:0.18333333333333332
ExistingTomcat:0.12666666666666668
