User:0.73
WebUrlUtil:0.31666666666666665
CoreDaoImpl:0.2966666666666667
DefinitionHelper:0.25666666666666665
