BundleFactoryBean:0.6666666666666666
BundleAction:0.43666666666666665
BundleActionCallback:0.39666666666666667
BundleFactoryBeanParserTest:0.35
BundleBeanDefinitionParser:0.24
