Stage:0.5533333333333333
Group:0.4666666666666667
Actor:0.37
StageTest:0.2633333333333333
