XSLTResult:0.43
BeanAdapter:0.30333333333333334
AdapterNode:0.2841666666666667
ServletURIResolver:0.24666666666666667
SimpleTextNode:0.21
CollectionAdapter:0.023333333333333334
ArrayAdapter:0.023333333333333334
