JavaFileBuilder:0.7133333333333334
RuntimePermissionsAnnotatedElement:0.6255555555555555
