TextToMethodSignature:0.6066666666666667
OgnlExpressionParserTests:0.35333333333333333
AbstractExpressionParser:0.27
TextToMethodSignatureTests:0.18
