LegacyHiLoAlgorithmOptimizer:0.46
SequenceHiLoGenerator:0.37666666666666665
MultipleHiLoPerTableGenerator:0.37333333333333335
SequenceGenerator:0.25666666666666665
OptimizerFactory:0.1217063492063492
