BasePipelineAggregationTestCase:0.32
BaseAggregationTestCase:0.32
MovAvgTests:0.16666666666666666
ExtendedStatsBucketTests:0.16666666666666666
PercentilesBucketTests:0.16666666666666666
AggregatorParsers:0.15666666666666668
