FieldMappersLookup:0.42333333333333334
MapperService:0.3566666666666667
TopHitsTests:0.33666666666666667
DocumentFieldMappers:0.33666666666666667
SimpleNestedTests:0.23
CompletionSuggestSearchTests:0.2
SimpleGetFieldMappingsTests:0.14333333333333334
PercolatorTests:0.13
SimpleMapperTests:0.13
DocumentActionsTests:0.13
IndicesTTLService:0.07333333333333333
ReverseNestedTests:0.06333333333333334
ExistsMissingTests:0.023333333333333334
