Model:0.6400000000000001
Operation:0.5033333333333333
Swagger:0.2633333333333333
