ConnectionReadyFlyweight:0.5866666666666667
ClientProxy:0.3122222222222222
