Query:0.43333333333333335
Display:0.38333333333333336
CommandLine:0.3233333333333333
Jpdbi:0.27666666666666667
