IStructuredbInstanceManager:0.5533333333333333
StructuredbManager:0.37666666666666665
StructuredbInstanceManager:0.35
IStructureDao:0.17833333333333334
StructureDao:0.15333333333333332
