JChemPaintPanel:0.47
FileConvertor:0.3933333333333333
SDFSubstructureFinder:0.15
CopyPasteAction:0.14666666666666667
FingerPrinter:0.12411111111111112
OpenAction:0.12
SubstructureFinder:0.11333333333333333
