ShadowApplication:0.6755555555555556
FakeHttpLayer:0.4666666666666667
RobolectricTest:0.3433333333333333
FakeHttpLayerTest:0.17333333333333334
