AbstractTestQueries:0.46
TpchMetadata:0.26
TpchSplitManager:0.20666666666666667
TpchHandleResolver:0.15333333333333332
