ShadowContext:0.49666666666666665
ShadowContextWrapper:0.41
ShadowServiceTest:0.28
ShadowActivityTest:0.28
DefaultPackageManager:0.2633333333333333
ShadowLooperTest:0.24666666666666667
ShadowContentResolverTest:0.23416666666666666
ShadowContextTest:0.22
CoreShadowsAdapter:0.19716666666666666
ShadowsAdapter:0.16166666666666665
ParallelUniverse:0.07333333333333333
