StudyListLocal:0.568888888888889
StudyModel:0.42222222222222217
MoveEntitiesPage:0.34
StudyListPage:0.22666666666666666
StudyListBean:0.17666666666666667
