TestSemPredEvalParser:0.53
TestNonGreedyLoops:0.4533333333333333
TestFullContextParsing:0.38666666666666666
