SeqFeatureI:0.7733333333333333
AnnotationEditor:0.37
SeqFeature:0.3308333333333333
PureJDBCTransactionWriter:0.3
SequenceEdit:0.26
