MethodContext:0.62
ArgumentTypeMatcher:0.22666666666666666
MethodDescriptorIterator:0.21
ReturnTypeMatcher:0.2
ReflectionMethodMatcher:0.14333333333333334
