CDKAtomTypeMatcher:0.7566666666666667
CDKAtomTypeMatcherTest:0.24666666666666667
