JsonReaderTest:0.55
JsonReader:0.5266666666666666
JsonToken:0.2753333333333333
