BasicSemanticChecks:0.6474444444444445
TestToolSyntaxErrors:0.2454444444444444
