JPPFJcaClientConnection:0.36333333333333334
BaseJPPFClientConnection:0.29333333333333333
RemoteExecutionThread:0.25666666666666665
RemoteRunnable:0.25666666666666665
