ValidatorTest:0.7327777777777779
SimpleParameterGroupTest:0.20438888888888887
