LocalMapLocator:0.7299285714285714
FlowExecutionManageImplTests:0.5933333333333334
ContinuationFlowExecutionRepositoryFactory:0.26916666666666667
