Printer:0.7833333333333333
Reprap:0.4033333333333333
NullCartesianMachine:0.3433333333333333
LayerProducer:0.19666666666666666
Producer:0.17111111111111113
SquareTest:0.11333333333333333
