ObjectFactory:0.894626984126984
AuthorityFactory:0.537222222222222
