Manager:0.6533333333333333
Socket:0.6266666666666667
ConnectionTest:0.3466666666666667
