GT:0.62
JChemPaintPanel:0.5
JCPMenuTextMaker:0.3433333333333333
JCPToolBar:0.16333333333333333
