SecurityEventsLoggerSessionLocal:0.6768333333333333
InternalSecurityEventsLoggerSessionLocal:0.45592857142857146
ServiceSessionBean:0.44
HsmKeepAliveWorker:0.2377777777777778
SecurityEventsLoggerSessionBean:0.19083333333333333
InternalSecurityEventsLoggerSessionBean:0.09333333333333334
