PollResultDaoJdbc:0.5316666666666666
LazyDemandPoll:0.26
FindByPollResult:0.17333333333333334
