InformationSchemaService:0.4633333333333333
InformationSchemaTable:0.4538809523809524
CrateClusterSettingsActionTest:0.33666666666666667
InformationSchemaServiceTest:0.3233333333333333
TablesTable:0.15
TableConstraintsTable:0.05
