AdminModule:0.73
WorkAreaFunctionMembershipManager:0.45438888888888895
AbstractAdminModule:0.38
WorkAreaFunctionMembershipManagerImpl:0.33666666666666667
