BaseLayer:0.7482222222222222
SubsamplingLayer:0.6333333333333333
