Record:0.7966666666666666
RecordsTest:0.3466666666666667
AbstractRecord:0.24
ThreadWrapper:0.16333333333333333
Records:0.16
CachedDataRecord:0.14
CachedDataRecordWithStats:0.14
SerializableThread:0.10838095238095237
