TestUtils:0.51
NetTest:0.45
TLSTest:0.3333333333333333
HttpTLSTest:0.32666666666666666
