WebSocketImpl:0.64
WebSocketServer:0.29333333333333333
Draft_75:0.2841666666666667
Draft_10:0.2675
WebSocketWorker:0.23
