MappedFieldType:0.6466666666666666
DocumentParser:0.21
FieldTypeLookup:0.195
ParentFieldLoadingIT:0.17666666666666667
FakeFieldMapper:0.12166666666666667
FieldTypeLookupTests:0.05
