ArticleQueryService:0.5658333333333333
CommentQueryService:0.30666666666666664
ArticleProcessor:0.30666666666666664
CommentProcessor:0.26555555555555554
