STFBotView:0.6377777777777777
STFBotTree:0.6333333333333333
STFBotTreeItem:0.63
STFBotButton:0.54
STFBotToolbarButton:0.54
STFBotTable:0.5333333333333333
STFBotMenu:0.49
STFBotLabel:0.46
SarosConditions:0.4166666666666667
STFBotStyledText:0.39561111111111114
EditMImp:0.2833333333333333
STFBotTreeItemImp:0.27
TestBasicWidgetTree:0.25333333333333335
TeamCImp:0.2527777777777778
STFController:0.25
ConsoleViewImp:0.24444444444444446
STFBotTableImp:0.21666666666666667
STFBotShellImp:0.21
EclipseComponentImp:0.20142857142857143
TestRosterView:0.2
Tester:0.19111111111111112
STFBotToolbarButtonImp:0.18
STFBotList:0.17
STFBotText:0.17
STFBotMenuImp:0.09333333333333334
STFBotStyledTextImp:0.08666666666666667
STFBotViewImp:0.07111111111111112
ExistsContextMenuOfTableItem:0.06333333333333334
STFBotTextImp:0.06
STFBotTreeImp:0.06
STFBotListImp:0.06
STFBotLabelImp:0.041111111111111105
ExistsTableItem:0.03666666666666667
STFBotButtonImp:0.03
