LdapTemplate:0.49
LdapTemplateTest:0.3466666666666667
LdapTemplateListTest:0.30666666666666664
LdapOperations:0.27166666666666667
ContextMapperCallbackHandler:0.23133333333333336
LdapTemplateListITest:0.2
AttributeCheckContextMapper:0.0761111111111111
AttributeCheckAttributesMapper:0.0033333333333333335
