View:0.46166666666666667
BaseAction:0.37666666666666665
XavaResources:0.36333333333333334
BooleanFormatter:0.34
HtmlPortlet:0.34
MetaProperty:0.32666666666666666
WebEditors:0.2711111111111111
GenerateReportServlet:0.17666666666666667
