ErrorMatcher:0.5716666666666667
ConsolePlugin:0.525
ErrorMatcherDialog:0.24416666666666667
CommandoThread:0.19333333333333333
