FullTextSearch:0.63
FullTextSearchResult:0.5066666666666667
FullTextSearchContext:0.30333333333333334
PaginationLink:0.06666666666666667
