AndroidManifest:0.5933333333333334
RobolectricTestRunner:0.43333333333333335
TestUtil:0.3233333333333333
SdkConfig:0.30666666666666664
RobolectricTestRunnerTest:0.27
MultiApiRobolectricTestRunner:0.2633333333333333
SdkEnvironment:0.22666666666666666
DefaultTestLifecycle:0.2227777777777778
AndroidManifestTest:0.2055
DrawableResourceLoaderTest:0.15333333333333332
RobolectricFrameworkMethod:0.02666666666666667
WithDefaults:0.02666666666666667
MultiApiWithDefaults:0.023333333333333334
