TransactionalQueue:0.7952777777777779
TransactionalQueueProxy:0.21
ClientTxnQueueProxy:0.20333333333333334
ClientTxnQueueTest:0.17666666666666667
BaseQueue:0.14583333333333334
