DomFlowBuilder:0.4033333333333333
Transition:0.4
StaticTargetStateResolver:0.34
TransitionableState:0.2783333333333333
TargetStateResolver:0.15
