Flyway:0.64
Migration:0.51
DbMigrator:0.19583333333333336
AbstractFlywayMojo:0.09666666666666666
CleanMojo:0.07333333333333333
MigrateMojo:0.07
