Reject:0.38333333333333336
Utils:0.36333333333333334
ContactsStrategy:0.2866666666666667
FormatsStrategy:0.2733333333333333
ExtentsStrategy:0.2633333333333333
DeleteElement:0.26
Manager:0.25666666666666665
KeywordsStrategy:0.21666666666666667
Delete:0.20333333333333334
Remove:0.13333333333333333
ReplacementStrategy:0.11753968253968256
