DOMTokenListTest:0.7232222222222222
DOMTokenList:0.36333333333333334
