ClientConnection:0.57
ConnQueue:0.31
Http2ClientConnection:0.2966666666666667
Http2ClientStream:0.2683333333333333
HttpClientConnection:0.2678730158730158
Pool:0.2434285714285714
Http1xPool:0.21666666666666667
Http2Pool:0.21222222222222223
