Engine:0.72
EventQueue:0.62
ServerGUI:0.5525
Network:0.4766666666666667
Channel:0.4533333333333333
EventQueueListener:0.35055555555555556
StylableSizableArea:0.33
DefaultProcessingListener:0.30333333333333334
BlinkingContainerRenderer:0.30333333333333334
ConcreteLayerPainter:0.29333333333333333
ServerDisplay:0.2866666666666667
DevicesPainter:0.2833333333333333
AbstractMapSource:0.27666666666666667
ThreadManager:0.27666666666666667
LayerRendererBridge:0.2525
SuperLayerPainter:0.24666666666666667
ServerMessageProcessor:0.24666666666666667
DefaultApplications:0.24666666666666667
UARequest:0.24472222222222223
ErrorPanelInternal:0.23666666666666666
AbstractCockpitConfigurationHandler:0.22666666666666666
WindowManagerFactory:0.21666666666666667
AbstractServerEngine:0.21666666666666667
AbstractEventQueue:0.20333333333333334
ScriptHelper:0.20333333333333334
ServerConfigurationParser:0.20333333333333334
WidgetsGenerator:0.2
ServerDebugMessageProcessor:0.19666666666666666
AbstractClientEngine:0.195
ToSynthGeneratorTest:0.185
LayerHelper:0.18166666666666667
ARINCLabel:0.17333333333333334
AbstractProtocol:0.17
ReaderEventQueue:0.16333333333333333
StandAloneServerGUI:0.15
AbstractServerGUI:0.14777777777777779
WriterEventQueue:0.14333333333333334
ServerAppletTest:0.1225
LayerHelperTest:0.12
LimitedEventQueue:0.11
BlockingEventQueue:0.10666666666666667
DefaultEventQueueListener:0.10666666666666667
EngineConfigurator:0.1
StandAloneWindowServerGUI:0.08694444444444444
CompStyle:0.08
ServerGUITools:0.08
ServerDisplayOneLayoutTest:0.056666666666666664
UnlimitedEventQueue:0.05
PerformanceDialog:0.04666666666666667
