Errors:0.7866666666666666
FactoryProvider2:0.36
MoreTypes:0.30666666666666664
FactoryModuleBuilder:0.30666666666666664
FactoryModuleBuilderTest:0.17
