ConfigurationProcessorTests:0.6177777777777778
JavaConfigAspectRegistry:0.6133333333333333
