BoundedLocalCache:0.6
SerializationProxy:0.4066666666666667
IsCacheReserializable:0.22333333333333333
BoundedLocalManualCache:0.20111111111111113
BoundedLocalAsyncLoadingCache:0.19444444444444445
UnboundedLocalAsyncLoadingCache:0.13777777777777778
UnboundedLocalManualCache:0.13777777777777778
