MutationEvent:0.7136111111111111
KeyboardEventTest:0.5688888888888889
MutationEventTest:0.132
