HopSymbolTableWalker:0.4866666666666667
HopParser:0.44666666666666666
HopLexer:0.36333333333333334
AntlrTokenReader:0.18333333333333332
DFA16:0.18055555555555558
DFA31:0.1347222222222222
check_statement_return:0.1336921596921597
alert_statement_return:0.1336921596921597
detect_return:0.1336921596921597
detect_parameter_return:0.1336921596921597
detect_clause_return:0.1336921596921597
DFA65:0.056666666666666664
DFA53:0.056666666666666664
DFA82:0.056666666666666664
DFA48:0.056666666666666664
check_statement_scope:0.020833333333333332
