DocumentChecksum:0.6066666666666667
ChecksumExtension:0.3333333333333333
ConsistencyWatchdogServer:0.24
ConsistencyWatchdogHandler:0.19666666666666666
