Shape:0.6733333333333333
ShapeEdge:0.35333333333333333
Materialisation:0.31
ShapePreviewDialog:0.2811111111111111
EquationSystem:0.20333333333333334
ShapeMorphism:0.20333333333333334
ShapeFactory:0.145
HostToShapeMap:0.08666666666666667
