PeerDataEventListener:0.7033333333333334
Peer:0.6266666666666667
PeerGroup:0.37
TransactionBroadcast:0.3233333333333333
PeerGroupTest:0.21833333333333332
PeerTest:0.21333333333333335
TestWithNetworkConnections:0.20666666666666667
WalletTool:0.20333333333333334
WalletAppKit:0.20333333333333334
ConfidenceChange:0.18
EnoughAvailablePeers:0.11
BitcoindComparisonTool:0.10333333333333333
DoubleSpend:0.07666666666666666
PeerListener:0.006666666666666667
