OperationService:0.6466666666666666
MapProxySupport:0.27666666666666667
DefaultPortableReader:0.2633333333333333
DefaultPortableWriter:0.2633333333333333
MultiMapProxySupport:0.25333333333333335
OperationServiceImpl:0.21666666666666667
