StringScriptPreProcessor:0.6566666666666666
TimeoutContext:0.4033333333333333
StringScriptPreProcessorTest:0.05333333333333334
