IgnoredJUnit4TestCase:0.6033333333333334
RunListenerAdapter:0.3333333333333333
VintageTestEngineExecutionTests:0.31666666666666665
VintageTestEngineDiscoveryTests:0.24
NullIgnoredBuilder:0.1943968253968254
DefensiveAllDefaultPossibilitiesBuilder:0.13333333333333333
TestClassRequestResolverTests:0.11666666666666667
