RetransmitHandler:0.44
FeedbackDelayGenerator:0.395
LossHandlerTest:0.28
LossHandler:0.24333333333333335
RetransmitHandlerTest:0.09666666666666666
