Illegal:0.41333333333333333
MethodCallTest:0.3466666666666667
Advice:0.30333333333333334
Bound:0.28
ForAllArguments:0.27
WithCustomMapping:0.23333333333333334
ForOrigin:0.1930952380952381
ForReturnValue:0.18
Resolved:0.17333333333333334
Factory:0.14
ForThisReference:0.13333333333333333
ForField:0.12
ForArgument:0.11666666666666667
ForConstantValue:0.11333333333333333
Delegating:0.10666666666666667
ForUnusedValue:0.10666666666666667
Inlining:0.10666666666666667
Unresolved:0.02666666666666667
