DatabaseMetaData:0.5933333333333334
TimestampTest:0.3466666666666667
AsTest:0.2811111111111111
TdsResultSet:0.2361111111111111
CSUnitTest:0.23333333333333334
TdsStatement:0.2225
PreparedStatementTest:0.20333333333333337
TdsConnection:0.20333333333333334
