JPPFManagedConnection:0.7022222222222222
DemoTest:0.4825
JPPFManagedConnectionFactory:0.3333333333333333
