NetworkRunner:0.7866666666666666
SdaRunnerTest:0.36666666666666664
DeepLearningAccumulator:0.2833333333333333
