ParameterizedTestTest:0.4266666666666667
TestClass:0.41
Parameterized:0.3566666666666667
ExceptionThrowingRunnerFactory:0.2
TestWithUseParametersRunnerFactoryAnnotation:0.12666666666666668
