GenerationTest:0.42
PackageInfoLookupTest:0.36666666666666664
ClassFile:0.34
ClassFileConverter:0.2783333333333333
PackageInfoLookup:0.23333333333333334
