SimpleStreamedAsyncHandler:0.46
ZeroCopyFileTest:0.4066666666666667
BodyDeferringAsyncHandler:0.4008333333333333
