AtmosphereResourceImpl:0.5736111111111112
ChatAtmosphereHandler:0.3005555555555556
SSEAtmosphereResourceConfig:0.2372222222222222
