MemoryMetadata:0.57
TestMemoryMetadata:0.35333333333333333
TestMemorySmoke:0.30333333333333334
