BinderViewsHelper:0.4266666666666667
ChangeEntryTypesDlg:0.39
MainMenuControl:0.33666666666666667
UIData:0.335
PopupMenu:0.29833333333333334
CalendarFolderView:0.2733333333333333
AddFilesHtml5Popup:0.24666666666666667
FolderEntryMenu:0.22611111111111115
DataTableFolderViewBase:0.21333333333333335
GwtViewHelper:0.2
GwtMenuHelper:0.19166666666666668
FolderEntryComposite:0.17666666666666667
FileBlob:0.15
InvokeEditInPlaceEvent:0.15
