AuthorizationCodeAuthenticationProvider:0.5233333333333333
AuthorizationCodeAuthenticationFilterConfigurer:0.5166666666666667
TokenEndpointConfig:0.27
