Transcript:0.7433333333333333
Exon:0.31666666666666665
GenbankValidator:0.30666666666666664
FeatureEditPanel:0.23333333333333334
TranscriptEditPanel:0.22
