SimpleIndexQueryParserTests:0.61
GeoDistanceQueryParser:0.15
GeoDistanceRangeQueryParser:0.15
GeoBoundingBoxQueryParser:0.15
GeoPolygonQueryParser:0.15
DummyQuery:0.06555555555555555
DummyQueryParser:0.06333333333333334
DummyQueryBuilder:0.008981481481481483
