ApacheDBCPool:0.4033333333333333
Processor:0.35333333333333333
JeevesEngine:0.31333333333333335
TransformerFactoryFactory:0.25
DbmsPool:0.22
