ContentControl:0.5866666666666667
AdminControl:0.47333333333333333
GwtMainPage:0.42888888888888893
