BufferChecks:0.6633333333333333
GL11:0.62
GLBufferChecks:0.4666666666666667
Cursor:0.32
EXTVertexShader:0.24
ARBVertexProgram:0.22333333333333333
GL14:0.22333333333333333
ARBVertexBlend:0.22333333333333333
NVVertexProgram:0.22333333333333333
ARBImaging:0.21166666666666667
ARBMatrixPalette:0.20666666666666667
GL12:0.16666666666666666
ATIElementArray:0.16333333333333333
EXTVertexWeighting:0.16333333333333333
EXTSecondaryColor:0.16333333333333333
EXTFogCoord:0.16333333333333333
EXTDrawRangeElements:0.16333333333333333
