STLSlice:0.7366666666666667
Main:0.5866666666666667
