GNDestin:0.5233333333333333
Util:0.5133333333333333
MetadataSync:0.31666666666666665
ResUtil:0.17333333333333334
Migrator:0.12
