SimpleLimitExceptionHandler:0.565
SimpleLimitExceptionHandlerTests:0.5377777777777778
SkipLimitStepFactoryBean:0.3233333333333333
