FixedWidthBlockCursor:0.5866666666666667
VariableWidthBlockCursor:0.5866666666666667
AbstractVariableWidthRandomAccessBlock:0.27
AbstractFixedWidthBlock:0.27
