AbstractDependencyManagerTests:0.4
MyServiceImpl:0.30666666666666664
OsgiServiceFactoryBean:0.3
DependencyTest:0.20666666666666667
AbstractSynchronizedOsgiTests:0.17
DependencyTests:0.07333333333333333
