FormalTypes:0.5733333333333334
CoreRule:0.36666666666666664
StableImplication:0.26666666666666666
TemplateImplication:0.2633333333333333
CompositionImplication:0.21666666666666667
SymbolHashTyping:0.09
SymbolHashMangoModel:0.08666666666666667
SymbolHashStable:0.07333333333333333
