JavaGWTDocumentCreator:0.49
JavaDocumentCreator:0.48083333333333333
Jolie2Java:0.20111111111111113
Jolie2JavaCommandLineParser:0.1
formatExeption:0.03333333333333333
