ClusterService:0.4
MapService:0.36666666666666664
MapClientProxy:0.33
MapGetHandler:0.24111111111111114
ClientCommandHandler:0.2
ClientCommandService:0.16111111111111112
ClientRequestHandler:0.16066666666666668
MapPutHandler:0.14666666666666667
