PickResult:0.48
GrpclbLoadBalancerTest:0.2966666666666667
GrpcUtil:0.29
ManagedChannelImplTest:0.20666666666666667
