SearchInfo:0.5733333333333334
BusinessObjectFactory:0.37633333333333335
DataAccessObjectSearchInfoTest:0.3566666666666667
BusinessObjectFactoryTest:0.1
