ManageDatabasePruneDlg:0.38333333333333336
GwtDatabasePruneConfiguration:0.375
GwtTeamingMessages:0.36
GwtServerHelper:0.24666666666666667
AbstractAdminModule:0.21666666666666667
ZoneConfig:0.20655555555555558
