RLexSortedSet:0.36333333333333334
RSortedSet:0.23744444444444446
RedissonSortedSet:0.23
RedissonLexSortedSet:0.16666666666666666
