Flyway:0.7033333333333334
DriverDataSource:0.23666666666666666
Delimiter:0.23198412698412701
DatabaseFactory:0.14
