DefaultExpressionParserFactory:0.8133333333333334
FlowTests:0.39
DefaultExpressionParserFactoryTests:0.21333333333333335
FlowExecutionImplTests:0.20333333333333334
FlowScopeExpressionTests:0.16333333333333333
EndStateTests:0.13666666666666666
SubflowStateTests:0.13666666666666666
LocalBeanInvokingActionTests:0.13666666666666666
