DataDefinitionImpl:0.52
FieldDefinitionImpl:0.45666666666666667
MDDFactory:0.36666666666666664
MDDProvider:0.2733333333333333
MDDParser:0.2678730158730158
MDDNode:0.2594444444444445
FieldNode:0.23111111111111116
MDDParserTest:0.11333333333333333
SingletonHolder:0.04416666666666667
