RequestMessage:0.59
DeleteCommandMessage:0.2733333333333333
DeleteMessage:0.2633333333333333
UpdateCommandMessage:0.26
