ServerDescription:0.8
Builder:0.31
ClusterDescription:0.25333333333333335
DescriptionHelper:0.23333333333333334
ServerDescriptionTest:0.23
ServerDiscoveryAndMonitoringTest:0.13
