DefaultComponentFinder:0.7166666666666667
ComponentTestFixture:0.38666666666666666
ExceptionCatcher:0.32699999999999996
