AbstractCasWebflowEventResolver:0.6066666666666667
PrincipalAttributeAuthenticationPolicyWebflowEventResolver:0.17333333333333334
DuoMultifactorAuthenticationProvider:0.13666666666666666
RegisteredServicePrincipalAttributeAuthenticationPolicyWebflowEventResolver:0.11333333333333333
RegisteredServiceAuthenticationPolicyWebflowEventResolver:0.10333333333333333
RankedAuthenticationProviderWebflowEventResolver:0.10333333333333333
