LoadSeries:0.6433333333333333
FileUtil:0.5944444444444444
DownloadManager:0.23
