Where:0.6
Condition:0.5966666666666667
QueryGenerator:0.38666666666666666
JoinElement:0.3566666666666667
WhereElement:0.34
FunctionalTest:0.31333333333333335
HavingElement:0.31333333333333335
QueryElement:0.26666666666666666
EntityReader:0.23666666666666666
JoinOnElement:0.16666666666666666
Case:0.16
Count:0.14333333333333334
ExpressionCondition:0.12666666666666668
Having:0.08666666666666667
JoinOn:0.08666666666666667
CaseCondition:0.043333333333333335
AndOr:0.043333333333333335
