SSLConfig:0.42
IOUtil:0.31666666666666665
XmlConfigBuilder:0.2633333333333333
ConfigXmlGenerator:0.23666666666666666
XMLConfigBuilderTest:0.23
TestFullApplicationContext:0.22
SpringXmlBuilder:0.20666666666666667
SpringXmlBuilderHelper:0.19666666666666666
SpringXmlConfigBuilder:0.19666666666666666
XmlClientConfigBuilder:0.17666666666666667
TestClientNetworkConfig:0.13666666666666666
NetworkConfigChecker:0.11
XmlClientConfigBuilderTest:0.07666666666666666
ConfigXmlGeneratorTest:0.06666666666666667
