View:0.7266666666666667
Module:0.35
InvoiceTest:0.24666666666666667
AJAXTest:0.23
