Aligner:0.96
AlignmentEditor:0.25333333333333335
ColorManager:0.15666666666666668
