WrapperManager:0.4266666666666667
ResultsManager:0.4066666666666667
InjectorsManager:0.4033333333333333
ContextInjectorComponent:0.25333333333333335
