UserAdminSessionBean:0.5066666666666667
CertificateStoreSession:0.35
CertificateStoreSessionBean:0.3466666666666667
