View:0.63
MetaCollectionView:0.5033333333333333
AnnotatedClassParser:0.27666666666666667
ModuleTestBase:0.2733333333333333
OnSelectElementBaseAction:0.2633333333333333
ViewParser:0.17666666666666667
XmlElementsNames:0.0
