Builder:0.31333333333333335
Layer:0.30666666666666664
ConvolutionLayerTest:0.29333333333333333
DefaultParamInitializer:0.23666666666666666
ConvolutionParamInitializer:0.15333333333333332
RBMTests:0.12
AutoEncoderTest:0.07666666666666666
DenseTest:0.06
