RcFileFileWriter:0.6033333333333334
OrcFileWriter:0.5622222222222222
