BandwidthManager:0.8766666666666667
QueryGUIDRoutingPair:0.23833333333333334
QueryGUIDRoutingTable:0.21333333333333335
