Location:0.56
MemoryLeakDetector:0.3433333333333333
GWT15RC1Test:0.26666666666666666
