ReplaySession:0.5283333333333333
RecordingFragmentReader:0.4066666666666667
FrameDescriptor:0.33666666666666667
SimplifiedControlledPoll:0.3342936507936507
RecordingSessionTest:0.30333333333333334
ArchiveAndReplaySystemTest:0.19333333333333333
