Packet:0.7566666666666667
XHRPollingClient:0.4
XHRPacketMessage:0.3333333333333333
