ExternalTestCluster:0.5833333333333334
ElasticsearchIntegrationTest:0.49166666666666664
MavenMessageBuilder:0.35
