Robolectric:0.56
ShadowAbstractCursor:0.2866666666666667
ShadowContentResolver:0.2733333333333333
ContentResolverTest:0.21666666666666667
ShadowAdapterView:0.195
MediaStoreTest:0.13666666666666666
AbstractCursorTest:0.11666666666666667
ShadowMediaStore:0.09666666666666666
