JCPEditorAppletMenuTest:0.5566666666666666
JCPEditorAppletDrawingTest:0.41333333333333333
AbstractAppletTest:0.2733333333333333
