MadvocContainer:0.3977777777777778
MadvocController:0.2633333333333333
MadvocListenerDef:0.20333333333333334
Ready:0.0
Init:0.0
Start:0.0
Stop:0.0
MadvocListener:0.0
