Engine:0.5
IndexShard:0.49666666666666665
Index:0.49666666666666665
IndexingOperationListener:0.31
CompositeListener:0.23333333333333334
Delete:0.22666666666666666
IndexShardTests:0.22666666666666666
IndexingMemoryController:0.22
IndexShardTestCase:0.2
TextFieldMapperTests:0.19666666666666666
TransportIndexAction:0.18333333333333332
IndexShardIT:0.18333333333333332
IndexingSlowLog:0.17666666666666667
IndexShardRecoveryPerformer:0.17333333333333334
InternalIndexingStats:0.12333333333333334
TransportDeleteAction:0.12
IndexingOperationListenerTests:0.10333333333333333
StatsHolder:0.09333333333333334
BlockingOperationListener:0.03333333333333333
