LocalDate:0.44333333333333336
LocalDateTime:0.36
Instant:0.31666666666666665
LocalTime:0.30666666666666664
DateTime:0.29
DateMidnight:0.25333333333333335
MonthDay:0.25
YearMonth:0.25
MutableDateTime:0.18666666666666668
TestLocalDate_Constructors:0.18333333333333332
TestYearMonth_Constructors:0.18
TestMonthDay_Constructors:0.18
TestDateTime_Constructors:0.18
TestInstant_Constructors:0.17666666666666667
TestLocalTime_Constructors:0.17333333333333334
TestMutableDateTime_Constructors:0.17333333333333334
TestLocalDateTime_Constructors:0.17333333333333334
TestDateMidnight_Constructors:0.15666666666666668
