QueryManagerConfig:0.7655555555555557
SqlQueryManager:0.35333333333333333
TestQueryManagerConfig:0.2966666666666667
TestTpchDistributedQueries:0.19
