JobExecutorFacade:0.6666666666666666
SimpleJobExecutorFacade:0.5366666666666666
SimpleJobExecutorFacadeTests:0.35333333333333333
SimpleJobLauncher:0.32666666666666666
InterruptibleFacade:0.308
InterruptJobTests:0.17
InterruptibleContainer:0.14444444444444446
