ResourceLoader:0.8833333333333333
ShadowResources:0.35333333333333333
ResourcesTest:0.21666666666666667
