KerasModelEndToEndTest:0.5633333333333334
Keras2ModelConfigurationTest:0.4533333333333333
KerasConvolution1D:0.27666666666666667
