DaoSupport:0.4
ConnInfo:0.36
NutTransaction:0.33
NutDaoRunner:0.2127777777777778
SimpleTransTest:0.17666666666666667
