JbpmExecutionLogic:0.38
TemporaryGroupAssignHelper:0.30666666666666664
TableViewSetupFormActionTest:0.2733333333333333
MultiInstanceTest:0.27
Timer:0.26
ExecutionServiceDelegateGetSwimlaneExecutorMapTest:0.19633333333333333
DemoChiefFunction:0.1
