ResponseListener:0.5583333333333333
ControlRequestListener:0.5283333333333333
ReplaySession:0.52
ControlSession:0.34
ListRecordingsSession:0.25333333333333335
ArchiveRecordingLoadTest:0.22166666666666668
ArchiveReplayLoadTest:0.22166666666666668
ArchiveAndReplaySystemTest:0.19666666666666666
ClientSessionProxy:0.18333333333333332
ArchiveClient:0.17666666666666667
TestUtil:0.17416666666666666
ReplaySessionTest:0.13333333333333333
FailResponseListener:0.13333333333333333
ArchiveConductor:0.12666666666666668
