Window:0.92
MainWindow:0.3333333333333333
_Field:0.043333333333333335
