Toolbar:0.49333333333333335
DisplayArea:0.4666666666666667
FilesTree:0.33
