ClusterHealthResponse:0.69
ClusterIndexHealth:0.4583333333333333
TransportClusterHealthAction:0.29
RestClusterHealthAction:0.14
Fields:0.13666666666666666
