PyLong:0.4033333333333333
PyComplex:0.38
PyObject:0.37
PySequence:0.36333333333333334
PyFloat:0.2866666666666667
PyInteger:0.28
PyInstance:0.25333333333333335
PyList:0.19666666666666666
PyNone:0.12333333333333334
