HttpClientResponse:0.6444444444444445
HttpClientRequestImpl:0.35
Http2ClientStream:0.30666666666666664
HTTP2Examples:0.3
HttpClientRequest:0.29
HttpServerRequest:0.2733333333333333
VertxHttp2Stream:0.2733333333333333
HttpServerResponse:0.24333333333333335
HttpServerRequestImpl:0.24
HttpClientRequestPushPromise:0.20666666666666667
HttpClientResponseImpl:0.20666666666666667
HttpServerResponseImpl:0.2
Http2ServerRequestImpl:0.16
Http2ServerResponseImpl:0.11
