RouteSelector:0.43666666666666665
StreamAllocation:0.30666666666666664
ConnectionCoalescingTest:0.24666666666666667
RouteSelectorTest:0.22666666666666666
Selection:0.19666666666666666
