RendererFactory5Test:0.51
JFXRendererBridge:0.4633333333333333
SaveAsAction:0.4633333333333333
AltPanelRenderer:0.24333333333333335
