WfsLogHandler:0.7033333333333334
ExtentManager:0.37333333333333335
