JAttr:0.37666666666666665
LabelPattern:0.34
AspectJModel:0.3233333333333333
AspectNode:0.31666666666666665
AspectJGraph:0.30142857142857143
LabelStore:0.2866666666666667
JVertexView:0.25333333333333335
MyRenderer:0.24666666666666667
Expression:0.22666666666666666
TypeNode:0.2
TypeGraph:0.19
GraphEditorTab:0.18333333333333332
TypeModel:0.17666666666666667
AspectJEdge:0.17333333333333334
LabelPatternTest:0.16666666666666666
AspectJVertex:0.14333333333333334
