TableBasedDeleteHandlerImpl:0.7886111111111112
DeleteExecutor:0.2991666666666667
