CdpInterface:0.49
Snmp4JAgentConfig:0.4552777777777777
LatencyStoringServiceMonitorAdaptor:0.32
DbEventWriter:0.27666666666666667
