JmsTransportMessageListener:0.7933333333333333
TransformerObjectSupport:0.5866666666666667
