AbstractCache:0.6366666666666667
VocabRddFunction:0.2111111111111111
SparkSequenceVectors:0.19444444444444442
VocabCacheExporter:0.16
Builder:0.14
