WhereClause:0.6
WhereClauseAnalyzer:0.31
StringUtils:0.27
DocTableInfo:0.25666666666666665
Context:0.24444444444444446
StringValueSymbolVisitor:0.20155555555555557
ESCountNode:0.19333333333333333
ESDeleteByQueryTask:0.11333333333333333
ESDeleteByQueryNode:0.10822222222222223
WhereClauseAnalyzerTest:0.09333333333333334
WhereClauseContext:0.04238095238095239
