Graph:0.55
ProducerBase:0.36
QState:0.31
ThreadData:0.13666666666666666
PropertyRuntimeModel:0.09666666666666666
PropertyCompiletimeModel:0.043333333333333335
