JPF_gov_nasa_jpf_sc_StateMachine:0.4
SimStateMachine:0.37333333333333335
StateMachine:0.3566666666666667
TestBufferedInputStream:0.3466666666666667
TestAtomicReferenceFieldUpdater:0.2966666666666667
TestAtomicReferenceFieldUpdaterJPF:0.043333333333333335
TestBufferedInputStreamJPF:0.016666666666666666
