ExternalContextHolder:0.63
SharedMap:0.19333333333333333
SharedMapDecorator:0.10333333333333333
StringKeyedMapAdapter:0.016666666666666666
LocalSharedAttributeMap:0.006666666666666667
SharedAttributeMap:0.0011111111111111111
