Pole:0.20333333333333334
GenericDataService:0.19333333333333333
GenericXDSLService:0.14
FiberSplitter:0.03
SatellitalMediaService:0.0
FiberSplitterType:0.0
IPTVService:0.0
RateType:0.0
SatellitalDataService:0.0
