ActionInfo:0.51
MethodParamNamesScaner:0.4266666666666667
NutActionChain:0.34
Loadings:0.2866666666666667
NutActionChainMaker:0.14666666666666667
MethodParamNamesScanerTest:0.1
