Native:0.6666666666666666
TestLibrary:0.39
CallbacksTest:0.3333333333333333
DirectTestLibraryWString:0.3272804232804233
NativeString:0.27
Function:0.25
DirectTestLibrary:0.2480952380952381
CallbackTestLibrary:0.2305555555555555
StringMemory:0.19666666666666666
TypeMapperTest:0.17
DirectTypeMapperTest:0.09
DirectCallbackTestLibrary:0.04
CallbackTypeMapper:0.0
