OsgiServiceFactoryBean:0.5166666666666667
AbstractOnTheFlyBundleCreatorTests:0.5033333333333333
MyService:0.24944444444444447
EquinoxPlatform:0.21333333333333335
FactoryDependencyTest:0.07333333333333333
MyService2:0.03
MyServiceFactory:0.02666666666666667
MyService2Impl:0.0
