MongoCredential:0.7133333333333334
RequestMessage:0.39
ConnectionString:0.3233333333333333
InternalStreamConnection:0.30666666666666664
