EventGlue:0.6366666666666667
ViewPortOverview:0.5133333333333333
