MetaCADEvaluatorEngine:0.7482777777777778
CSGEvaluatorEngine:0.44527777777777783
