IOUtils:0.6266666666666667
BotCache:0.4766666666666667
EmbeddedFileUtils:0.32222222222222224
