Realm:0.59
RealmBuilder:0.49666666666666665
HttpProtocol:0.36333333333333334
UriComponents:0.3233333333333333
RealmTest:0.17666666666666667
ProxyAuthorizationHandler:0.16333333333333333
AuthorizationHandler:0.15
AuthenticatorUtils:0.10900000000000001
