RecoveryResponse:0.5
BroadcastResponse:0.2866666666666667
IndicesStatsResponse:0.22666666666666666
TransportRecoveryAction:0.21666666666666667
UpgradeResponse:0.19666666666666666
UpgradeStatusResponse:0.18666666666666668
RestValidateQueryAction:0.16
ValidateQueryResponse:0.14666666666666667
RestRecoveryActionTests:0.13333333333333333
IndicesSegmentResponse:0.08666666666666667
