Configuration:0.46
Template:0.41333333333333333
MinuteProjectUtils:0.34777777777777774
TestUtils:0.17
