ConfigurationProcessor:0.33666666666666667
InnerClassTests:0.3233333333333333
BeanDefinitionRegisteringConfigurationModelRenderer:0.29333333333333333
JavaConfigApplicationContextTests:0.24
JavaConfigApplicationContext:0.23666666666666666
Config:0.22333333333333333
JavaConfigApplicationContextTypeSafeGetBeanMethodTests:0.20333333333333334
Assert:0.20199999999999999
BeanFactoryFactory:0.11281746031746032
Constants:0.11
DeclaringClass:0.07111904761904762
Child:0.07111904761904762
Two:0.06333333333333334
Three:0.06333333333333334
Outer:0.06
One:0.056230158730158734
OuterConfig:0.056230158730158734
Parent:0.043333333333333335
ReflectingJavaConfigBeanDefinitionReader:0.016666666666666666
NameConfig:0.0
IllegalOuterConfig:0.0
