SWTRenderer:0.8066666666666666
JChemPaintSWTWidget:0.31666666666666665
MoleculesEditorLabelProvider:0.29333333333333333
