Annotations:0.4666666666666667
ValueType:0.43333333333333335
ValueAttribute:0.38333333333333336
Invokation:0.3
Context:0.2966666666666667
TemplateWriter:0.18
Val:0.12733333333333335
