IRegion:0.6766666666666666
TypeHierarchy:0.56
RubyElement:0.44333333333333336
Util:0.35333333333333333
SourceIndexerRequestor:0.34
IPathRequestor:0.3272804232804233
ChangeCollector:0.2633333333333333
Messages:0.2105952380952381
SourceIndexer:0.2
TypeVector:0.16666666666666666
SuperTypeReferencePattern:0.13333333333333333
HierarchyResolver:0.10333333333333333
Region:0.075
IndexBasedHierarchyBuilder:0.04
HierarchyBuilder:0.03777777777777777
SubTypeSearchJob:0.013333333333333334
LogicalType:0.0
