SerializationServiceImpl:0.41
ClassDefinitionWriter:0.3933333333333333
PortableSerializer:0.38
PortableHook:0.2617777777777778
SpiPortableHook:0.24666666666666667
LockPortableHook:0.24666666666666667
MapPortableHook:0.24666666666666667
Client:0.1827777777777778
ClientPortableHook:0.043333333333333335
