PharmacophoreUtils:0.5333333333333333
PharmacophoreQueryAngleBond:0.45666666666666667
