HTMLAnchorElement:0.7
URLSearchParams:0.5033333333333333
HTMLLinkElement:0.28
HTMLAreaElement:0.2633333333333333
HTMLAnchorElement2Test:0.22666666666666666
HostTypeOfTest:0.18666666666666668
HostClassNameTest:0.18666666666666668
HostClassNameStandardsTest:0.18666666666666668
