HtmlAnchor:0.36333333333333334
AnchorTest:0.33666666666666667
HtmlForm:0.2833333333333333
FormTest:0.25666666666666665
HtmlArea:0.19666666666666666
HtmlAreaTest:0.18666666666666668
