PrepareOperations:0.47333333333333333
VelocityDecoratorServlet:0.38666666666666666
VelocityTemplateEngine:0.19666666666666666
TextFieldHandler:0.18666666666666668
