DataSetIterator:0.5403333333333333
ActorNetworkRunner:0.47
HazelCastStateTracker:0.42
BaseDatasetIterator:0.3433333333333333
ActorNetworkRunnerApp:0.31666666666666665
TestDataSetIterator:0.28
GradientChangerExample:0.16666666666666666
BatchActor:0.14666666666666667
ZooKeeperStateTrackerTest:0.12333333333333334
ListDataSetIterator:0.11333333333333333
