TagWriter:0.3933333333333333
LagartoDOMBuilderTagVisitor:0.31
TagAdapterWrapper:0.24333333333333335
TagAdapter:0.24
EmptyTagVisitor:0.13916666666666666
TagVisitor:0.13916666666666666
