Reset:0.61
PasswordManagementConfiguration:0.38333333333333336
VerifySecurityQuestionsAction:0.35444444444444445
VerifyPasswordResetRequestAction:0.19666666666666666
Ldap:0.16
