DocumentTest:0.505
ImmediateRefreshHandler:0.3933333333333333
HtmlPageTest:0.24666666666666667
