NumberRangeFieldValidator:0.9027777777777777
AbstractRangeValidator:0.5466666666666666
