AnnotationSetImpl:0.49333333333333335
DocumentImpl:0.43666666666666665
ApplicationViewer:0.37333333333333335
DocumentContentImpl:0.3002619047619048
ApplicationHandle:0.2833333333333333
CorpusImpl:0.20420634920634922
AbstractProcessingResource:0.17333333333333334
SimpleFeatureMapImpl:0.0
