BioResource:0.6666666666666666
BioResourceView:0.38666666666666666
ApplicationsPreferencePage:0.23666666666666666
DeleteResourceProgressDialog:0.20833333333333334
BioclipsePlugin:0.15833333333333333
ApplicationActionBarAdvisor:0.09166666666666666
