MultipleKey:0.5680952380952381
Pointer:0.5347619047619048
WrappedException:0.4766666666666667
RuntimeWrappedException:0.43666666666666665
MakumbaJspException:0.427452380952381
Table:0.4
DataDefinitionParseError:0.37166666666666665
MakumbaError:0.35944444444444446
Database:0.3433333333333333
FormTagBase:0.27
NamedResources:0.26666666666666666
FieldInfo:0.2555
RecordInfo:0.23142857142857143
LogicInvocationError:0.2305555555555555
ParamAST:0.2305555555555555
ValueTag:0.22166666666666668
AttributeTag:0.22166666666666668
NotUniqueError:0.22166666666666668
FormResponder:0.20142857142857143
InputTag:0.20142857142857143
OQLAST:0.19333333333333333
QueryTag:0.19142857142857145
QueryAST:0.18666666666666668
UnauthenticatedException:0.16166666666666665
ActionTag:0.13833333333333334
IfTag:0.13833333333333334
TagExceptionServlet:0.11166666666666666
OptionTag:0.11166666666666666
AggregateAST:0.11
LoginTag:0.11
AddTag:0.105
NewTag:0.08666666666666667
NameValue:0.06666666666666667
ChoiceSet:0.041222222222222216
LogoutTag:0.04
ErrorReturner:0.03666666666666667
IdAST:0.03666666666666667
Grouper:0.013333333333333334
ProducerReturner:0.012888888888888889
