Test:0.71
Lukas:0.27666666666666667
Public:0.27666666666666667
Dbo:0.16666666666666666
Keys:0.0
Tables:0.0
