GwtServerHelper:0.5972222222222223
ImportProfilesController:0.2833333333333333
AddEntryController:0.2697222222222222
ViewController:0.23333333333333334
