DSLContext:0.49366666666666664
DSL:0.4066666666666667
DefaultDSLContext:0.31333333333333335
DropIndexImpl:0.25
Utils:0.24
CreateIndexImpl:0.1311111111111111
