Fetcher:0.92
DatabaseFetcher:0.2733333333333333
RecentTrackbacksPlugin:0.13666666666666666
RecentPingbacksPlugin:0.13666666666666666
BlojsomConstants:0.01
