ReceiveChannelEndpoint:0.39666666666666667
SelectorAndTransportTest:0.29333333333333333
DataFrameDispatcher:0.2833333333333333
SendChannelEndpoint:0.28
