Structure:0.5733333333333334
StructureTest:0.39666666666666667
Union:0.17666666666666667
NativeMappedArray:0.15333333333333332
LayoutInfo:0.10838095238095237
StructField:0.07
