ListContainer:0.5433333333333333
CollectionClearOperation:0.2833333333333333
ListProxyImpl:0.26
CollectionCompareAndRemoveOperation:0.24666666666666667
CollectionAddAllOperation:0.23666666666666666
CollectionContainer:0.18333333333333332
CollectionRemoveOperation:0.16777777777777778
CollectionOperation:0.16666666666666666
ListRemoveOperation:0.15111111111111108
ListAddOperation:0.15111111111111108
ListSetOperation:0.13777777777777775
ListAddAllOperation:0.13333333333333333
CollectionService:0.056666666666666664
