CmpMessageDispatcher:0.3333333333333333
CrmfRARequestTest:0.26666666666666666
CmpTcpService:0.26
CmpTcpConfiguration:0.25666666666666665
CmpTcpServiceMBean:0.25166666666666665
CmpServlet:0.21333333333333335
CrmfMessageHandler:0.16
CrmfRATcpRequestTest:0.10333333333333333
CmpTcpCommandHandler:0.095
CmpTcpServer:0.09166666666666666
