FilterExpressionStatsCalculatingVisitor:0.62
ComparisonStatsCalculator:0.4166666666666667
FilterStatsCalculator:0.33244444444444443
TestFilterStatsCalculator:0.23333333333333334
