HandlerRegistration:0.48
MetricsTest:0.47333333333333333
EventBusImpl:0.37
FakeEventBusMetrics:0.24666666666666667
DummyHttpServerMetrics:0.22666666666666666
DummyHttpClientMetrics:0.22666666666666666
DummyEventBusMetrics:0.22666666666666666
HandlerMetric:0.2
EventBusMetrics:0.17333333333333334
DummyTCPMetrics:0.13333333333333333
