SimpleChildQuerySearchTests:0.4033333333333333
TopChildrenQueryParser:0.24666666666666667
HasChildFilterParser:0.13666666666666666
HasParentFilterParser:0.13666666666666666
HasChildQueryParser:0.13666666666666666
HasParentQueryParser:0.13666666666666666
