MDLReaderTest:0.6083333333333333
SDFReaderTest:0.5133333333333333
IOTests:0.27
