WSClient:0.5666666666666667
TemplateService:0.4442777777777779
TemplateServiceImpl:0.17
TemplateServiceEndpoint:0.17
