DefaultKernelQedeqBo:0.6766666666666666
Element2Utf8Impl:0.2692222222222222
