Constants:0.66
BinderModule:0.65
GwtServerHelper:0.37666666666666665
BinderModuleImpl:0.3433333333333333
GwtSearchCriteria:0.2966666666666667
SearchFilter:0.28
ShareThisDlg2:0.2733333333333333
DefaultProfileCoreProcessor:0.20666666666666667
ProfileIndexUtils:0.20333333333333334
ProfileDaoImpl:0.19
FindCtrl:0.17722222222222223
GwtSearchHelper:0.14
GroupSelectSpec:0.10166666666666667
