IDbDialect:0.5680000000000001
AbstractDbDialect:0.44133333333333336
DataExtractorService:0.33666666666666667
SqlTemplate:0.25
IDataExtractorService:0.21661111111111112
DataExtractorServiceTest:0.19666666666666666
StreamReloadDataCommand:0.19
TriggerRouterServiceTest:0.17244444444444446
AbstractEmbeddedDbDialect:0.1
