HopSymbolTableWalker:0.6233333333333333
HopVirtualMachineTest:0.5433333333333333
