AutoBatchBuild:0.3466666666666667
AutoBatchIngest:0.33
AutoBatchBuildIngest:0.19666666666666666
