Updater:0.5408888888888889
MultiLayerNetwork:0.5233333333333333
BaseUpdater:0.23666666666666666
MultiLayerUpdater:0.19333333333333333
