ImageView:0.2866666666666667
FrameLayout:0.25666666666666665
FlowLayout:0.2213888888888889
Chip:0.21777777777777782
Toolbar:0.21777777777777782
Button:0.2061111111111111
GridLayout:0.1902777777777778
RelativeLayout:0.1902777777777778
DrawerLayout:0.1902777777777778
LinearLayout:0.1902777777777778
