Drawable:0.5833333333333334
DrawableSeqFeature:0.4033333333333333
FeatureView:0.2966666666666667
DrawableFeatureSet:0.24666666666666667
DoubleHeadedArrow:0.15
DrawableUtil:0.14666666666666667
Triangle:0.13666666666666666
DrawableGeneFeatureSet:0.12333333333333334
Zigzag:0.10333333333333333
ThinRectangle:0.10333333333333333
PromoterGlyph:0.0033333333333333335
