HopParser:0.47333333333333333
HopLexer:0.2991666666666667
HopSymbolTableWalker:0.27
HopParserAPITest:0.2633333333333333
HopParserAPI:0.04
block_return:0.013055555555555556
formal_parameter_return:0.013055555555555556
