HTMLElement:0.45
EventNode:0.41333333333333333
DocumentTest:0.38
SimpleScriptableTest:0.36666666666666664
