Namespace:0.4766666666666667
JoinLeaveMessage:0.38
DispatchMessage:0.34
BaseStoreFactory:0.2866666666666667
BroadcastOperations:0.27666666666666667
