WebUtils:0.5266666666666666
GoogleAccountsServiceResponseBuilder:0.44333333333333336
SamlGoogleAppsConfiguration:0.38333333333333336
AbstractServiceValidateControllerTests:0.3466666666666667
