TrackInfo:0.38666666666666666
RequestInfo:0.357
GwtClientHelper:0.32666666666666666
GwtMenuHelper:0.31666666666666665
GwtActivityStreamHelper:0.29777777777777775
