NatureRecognition:0.7977777777777778
Temp:0.36444444444444446
