ContentEditDelegate:0.43666666666666665
WADODelegate:0.35333333333333333
Mpps2MwlLinkPage:0.31
DicomEditLocal:0.26666666666666666
StudyListPage:0.2633333333333333
UpdateDerivedFieldsUtil:0.25666666666666665
TrashListBean:0.24333333333333335
ModalityWorklistPanel:0.24
BaseForm:0.21666666666666667
DicomEditBean:0.19666666666666666
ContentEditService:0.19666666666666666
StoreBridgeDelegate:0.18750000000000003
StudyListFilter:0.18333333333333332
ViewPort:0.12666666666666668
PPSListView:0.1
PpsInfoModel:0.07666666666666666
Mpps2MwlLinkPanelM:0.03666666666666667
