MathUtils:0.33666666666666667
StringGrid:0.2966666666666667
ParameterAveragingTrainingMasterStats:0.29
InMemoryLookupTable:0.23694444444444443
CommonSparkTrainingStats:0.225
ParameterAveragingTrainingWorkerStats:0.21833333333333332
SloppyMath:0.2125
ZookeeperBuilder:0.19666666666666666
BackTrackLineSearch:0.1928333333333333
PosUimaTokenizer:0.18283333333333332
LayerFactories:0.13666666666666666
