MetaModule:0.6111111111111112
XPersistence:0.38666666666666666
