id:0.416984126984127
AndroidTranslator:0.41333333333333333
ViewNode:0.22333333333333333
ViewLoaderTest:0.21333333333333335
