Configuration:0.56
LoadPair:0.34
XMLConfigBuilder:0.2225
ResultLoaderMap:0.21333333333333335
JavassistProxyTest:0.2
CglibProxyTest:0.2
CglibProxyFactory:0.11666666666666667
JavassistProxyFactory:0.11333333333333333
AbstractSerialStateHolder:0.02666666666666667
ClosedExecutor:0.02
AbstractEnhancedDeserializationProxy:0.007777777777777778
JavassistSerialStateHolder:0.0033333333333333335
CglibSerialStateHolder:0.0033333333333333335
