DiagnosticsContext:0.6766666666666666
DefaultDiagnosticsContext:0.5933333333333334
DiagnosticsResultSet:0.37333333333333335
