MetaComponent:0.6277777777777778
DataSourceConnectionProvider:0.41333333333333333
EntityTab:0.33
