DataService:0.4816666666666667
DataServiceSqlMap:0.41333333333333333
IDataService:0.3466666666666667
DataGapDetector:0.27666666666666667
