ImportTermSynonymsFromGo:0.6966666666666667
GoSynonymTermCollection:0.49666666666666665
