ModuleTestBase:0.5866666666666667
InvoiceTest:0.4
DateFormatter:0.21333333333333335
