AbstractJobDaoTests:0.4866666666666667
JdbcJobExecutionDao:0.36333333333333334
JobExecutionDao:0.31422222222222224
