CitedResponsibleParty:0.38666666666666666
Author:0.14
Publisher:0.05
PointOfContact:0.05
Originator:0.05
Authority:0.03
Restricted:0.023888888888888887
Use:0.023888888888888887
Access:0.023888888888888887
License:0.023888888888888887
Trademark:0.023888888888888887
OtherRestrictions:0.023888888888888887
Copyright:0.023888888888888887
Patent:0.023888888888888887
PatentPending:0.023888888888888887
IntellectualPropertyRights:0.023888888888888887
RestrictionCode:0.006666666666666667
CodeSpace:0.0
ResourceConstraints:0.0
RestrictionType:0.0
ResourceReferenceSystem:0.0
