TestUtil:0.64
AnnotationMetaEntity:0.5566666666666666
ElementCollectionTest:0.27666666666666667
