TaskManager:0.6066666666666667
TaskInfo:0.5466666666666666
SqlTask:0.26
HttpRemoteTask:0.255
TestSqlTaskManager:0.22333333333333333
SqlTaskManager:0.20333333333333334
MockRemoteTask:0.18333333333333332
UpdateResponseHandler:0.14
TestSqlTask:0.13
TaskTestUtils:0.1
TaskUpdateRequest:0.08666666666666667
