MetadataUpdateCommand:0.4633333333333333
BackendRegistry:0.4266666666666667
MetadataUpdateCommandValidator:0.27666666666666667
UpdateRegistryObjectMetadataCommand:0.25333333333333335
UpdateStatusCommand:0.20444444444444446
SubmitAssociationCommand:0.19305555555555554
UpdateDocumentEntryMetadataCommandValidator:0.18
UpdateFolderMetadataCommandValidator:0.14666666666666667
UpdateDocumentSetController:0.14
DeleteDocumentSetCommand:0.13333333333333333
DeleteDocumentSetCommandValidator:0.11666666666666667
MetadataUpdateStoredQuerySupport:0.11333333333333333
UpdateFolderMetadataCommand:0.10333333333333333
UpdateDocumentEntryMetadataCommand:0.10333333333333333
