FeatureView:0.67
ApolloPanel:0.3755555555555556
TierMenu:0.22333333333333333
