XSLTag:0.30666666666666664
StatusHelper:0.2833333333333333
BuildInfo:0.24333333333333335
BuildInfoTest:0.24333333333333335
LogFileSetupDecorator:0.22666666666666666
XSLTagTest:0.22
BuildInfoTagTest:0.19111111111111112
CruiseControlLogFileFilter:0.1841666666666667
ArtifactsLinkTagTest:0.16938888888888887
