MDLWriter:0.35
ChemObjectReader:0.28388888888888886
JMEReader:0.2833333333333333
CMLWriter:0.27666666666666667
MACiEReader:0.27666666666666667
MDLV3000Reader:0.25
PMPReader:0.23
GamessReader:0.23
MDLReader:0.22861111111111115
VASPReader:0.21333333333333335
Gaussian98Reader:0.21333333333333335
CMLReader:0.21333333333333335
Gaussian03Reader:0.21333333333333335
CIFReader:0.21333333333333335
MDLRXNWriter:0.20666666666666667
MDLRXNV3000Reader:0.17
ZMatrixReader:0.16333333333333333
Mol2Reader:0.16333333333333333
INChIReader:0.16333333333333333
HINReader:0.16333333333333333
CrystClustReader:0.16333333333333333
ShelXReader:0.16333333333333333
ChemicalRSSReader:0.16333333333333333
SMILESReader:0.16333333333333333
XYZReader:0.16333333333333333
GhemicalMMReader:0.16333333333333333
IChIReader:0.16333333333333333
INChIPlainTextReader:0.16333333333333333
HINWriter:0.16222222222222224
PDBReader:0.16222222222222224
XYZWriter:0.16222222222222224
SVGWriter:0.12666666666666668
MOPAC97Reader:0.12666666666666668
SMILESWriter:0.12666666666666668
PDBWriter:0.12666666666666668
CDKSourceCodeWriter:0.12666666666666668
MDLRXNReader:0.10666666666666667
ShelXWriter:0.09
CrystClustWriter:0.09
