FindClass:0.4666666666666667
ClasspathScanner:0.39666666666666667
AutomagicDbOrmConfigurator:0.29333333333333333
AutomagicPetiteConfigurator:0.29333333333333333
AutomagicMadvocConfigurator:0.17333333333333334
fc:0.11666666666666667
