TaskQueueChecker:0.7705555555555555
AbstractGenericClient:0.4033333333333333
SubmissionManagerClient:0.3466666666666667
