UserDefinedFunctionMetaData:0.5133333333333333
InformationSchemaTest:0.3333333333333333
DocSchemaInfo:0.24333333333333335
UserDefinedFunctionsIntegrationTest:0.21
InformationSchemaExpressionFactories:0.20333333333333334
RoutineInfo:0.16333333333333333
Columns:0.14666666666666667
InformationRoutinesTableInfo:0.14333333333333334
UserDefinedFunctionAlreadyExistsException:0.11333333333333333
UserDefinedFunctionsMetaDataTest:0.08
RoutineSpecificNameExpression:0.06333333333333334
References:0.0
