SDFFormat:0.5
SDFReaderTest:0.4066666666666667
IteratingMDLReader:0.3466666666666667
