UserPropertiesRpcResponseData:0.5633333333333334
GwtServerHelper:0.4066666666666667
GwtUIHelper:0.2966666666666667
ConfigureUserAccessDlg:0.2833333333333333
GwtMenuHelper:0.2833333333333333
PersonalPreferencesDlg:0.27
GwtViewHelper:0.24666666666666667
FolderDisplayDataRpcResponseData:0.19
EntryTitleCell:0.13666666666666666
GwtPersonalPreferences:0.12333333333333334
EntryTitleColumn:0.0
