PartitionManager:0.4
HazelcastClusterTest:0.3433333333333333
Record:0.31333333333333335
ClientEndpoint:0.31333333333333335
TransactionTest:0.2966666666666667
BaseManager:0.26
LockBasedResponseQueue:0.22666666666666666
HazelcastTest:0.21666666666666667
ListenerManager:0.19333333333333333
ListenerItem:0.19
ResponseQueueFactory:0.10666666666666667
ClusterTest:0.09666666666666666
