Mongo:0.45
ClusterSettings:0.31
Builder:0.25
LatencyMinimizingServerSelector:0.22333333333333333
CompositeServerSelector:0.14666666666666667
