TransactionDataSerializerHook:0.3566666666666667
ClearRemoteTransactionOperation:0.23666666666666666
FinalizeRemoteTransactionOperation:0.23666666666666666
PutRemoteTransactionOperation:0.19333333333333333
ClearRemoteTransactionBackupOperation:0.17305555555555555
FinalizeRemoteTransactionBackupOperation:0.17305555555555555
PutRemoteTransactionBackupOperation:0.1363888888888889
XaReplicationOperation:0.12666666666666668
AbstractXAOperation:0.08333333333333333
CollectRemoteTransactionsOperation:0.07666666666666666
