Util:0.5116666666666667
GEFFinderTest:0.34
GEFHierarchyTest:0.27
WorkbenchUtilitiesTest:0.21333333333333335
GEFFigureMatcherTest:0.16666666666666666
GEFClassMatcherTest:0.15333333333333332
GEFTextMatcherTest:0.14333333333333334
