AtmosphereResourceImpl:0.89
AsynchronousProcessor:0.4
DefaultWebSocketProcessor:0.31333333333333335
OnDisconnectInterceptor:0.19666666666666666
WebSocketProcessorTest:0.18333333333333332
