CasOAuthConfiguration:0.49666666666666665
OAuth20AccessTokenEndpointController:0.39
OidcConfiguration:0.20333333333333334
OAuth20AuthorizeEndpointController:0.17
OAuth20CallbackAuthorizeEndpointController:0.15580952380952381
OidcAccessTokenEndpointController:0.09
OidcAuthorizeEndpointController:0.08333333333333333
