ConfigurationManagerImpl:0.6455555555555555
RoleDAOJpa:0.4
ConfigurationManager:0.3566666666666667
