EventBus:0.47
Subscription:0.42333333333333334
SubscriberMethod:0.36666666666666664
