KontakthistorieEntry:0.66
StatistikBackingBean:0.4766666666666667
NavigationBackingBean:0.14333333333333334
StatistikBackingBeanDataModel:0.13333333333333333
StatistikDAOHibernateImpl:0.07333333333333333
StatistikServiceImpl:0.02666666666666667
StatisticService:0.0011111111111111111
StatistikDAO:0.0011111111111111111
MessageConstants:0.0
