ASMSerializerFactory:0.5166666666666667
JSONSerializer:0.4816666666666667
JavaBeanSerializer:0.2
SerializeFilterable:0.14666666666666667
MapSerializer:0.09333333333333334
