ForParameter:0.6586666666666667
TypeList:0.49944444444444436
Empty:0.3566666666666667
ByteBuddyCommons:0.32666666666666666
AbstractBase:0.12333333333333334
