NameFactory:0.93
TestCase:0.181212962962963
NameTest:0.043333333333333335
