MetricsRegistry:0.6366666666666667
NonBlockingIOThread:0.51
NonBlockingIOThreadingModel:0.45
AbstractHandler:0.295
HazelcastClientInstanceImpl:0.25666666666666665
NonBlockingSocketWriter:0.20666666666666667
ClientConnectionManagerImpl:0.20388888888888887
NodeEngineImpl:0.2
MetricsRegistryImpl:0.18
NonBlockingSocketReader:0.17666666666666667
StartMigrationTask:0.05
PublishAllTask:0.04055555555555555
