SubnetPoolNode:0.4633333333333333
SubnetNode:0.38666666666666666
ChooseConnectionEndpointsStep:0.23333333333333334
NewContainerVisualPanel2:0.22666666666666666
NewLinkVisualPanel2:0.22666666666666666
IPAMModuleTopComponent:0.22361111111111115
ChildrenViewScene:0.2086111111111111
EditConnectionsFrame:0.20333333333333334
EditConnectionsAction:0.20333333333333334
SubnetChildren:0.19199999999999998
SubnetPoolChildren:0.18666666666666665
SubnetsFrame:0.17666666666666667
IPAddressNode:0.11333333333333333
ActionlessSubnetNode:0.10666666666666667
ActionlessIPAMRootNode:0.10666666666666667
ActionlessSubnetPoolNode:0.10666666666666667
IPAMRootNode:0.09333333333333334
ActionlessSubnetChildren:0.043333333333333335
ActionlessSubnetPoolChildren:0.043333333333333335
ActionlessSpecialObjectNode:0.03333333333333333
ActionlessSpecialChildren:0.01
ActionlessIPAddressNode:0.0
