Aligner:0.32666666666666666
Privilege:0.23666666666666666
GeonetParams:0.19666666666666666
Search:0.17
WebDavParams:0.16
WebDavHarvester:0.14
AlignerResult:0.12333333333333334
Geonet20Harvester:0.03666666666666667
GeonetResult:0.03631746031746032
WebDavResult:0.0
