Assert:0.45666666666666667
Parameter:0.44333333333333336
NetcdfParameter:0.38
SimpleParameterGroup:0.30666666666666664
SimpleTransform2D:0.21666666666666667
SimpleTransform:0.17
SimpleTransform2DTest:0.09638888888888887
NetcdfTransform:0.05
AssertTest:0.04666666666666667
