GraphState:0.59
TypeGraph:0.44
GTS:0.4266666666666667
JModel:0.2833333333333333
DefaultHostGraph:0.26666666666666666
StateCache:0.26
AbstractGraphState:0.22
LTSDisplay:0.21
ShapeState:0.21
ShapeGraph:0.20666666666666667
DeltaHostGraph:0.19666666666666666
HostModel:0.19666666666666666
ContainmentChecker:0.09
TypeCheckTest:0.08
DynamicConstraintTest:0.0033333333333333335
AllTypeTests:0.0
