MultiInstanceTest:0.58
SubmitTaskFormActionTest:0.41833333333333333
ExecutionServiceDelegateStringVariableTest:0.3466666666666667
