ContextMapping:0.46
CategoryQueryContext:0.41
CategoryContextMappingTests:0.3
GeoContextMappingTests:0.27666666666666667
GeoQueryContext:0.27666666666666667
CompletionSuggestionBuilder:0.17333333333333334
GeoContextMapping:0.16
CategoryContextMapping:0.14
QueryContextTestCase:0.13
CategoryQueryContextTests:0.07666666666666666
GeoQueryContextTests:0.07666666666666666
