WADOSupport:0.76
WADOCache:0.7386666666666667
WADOCacheImpl:0.3933333333333333
WADOImageResponseObjectImpl:0.1511111111111111
