MultiplexerContext:0.6166666666666667
BufferPool:0.4066666666666667
SendingState:0.27666666666666667
