Extruder:0.6933333333333334
Printer:0.65
GenericExtruder:0.29
RrPolygon:0.28
VelocityProfile:0.21666666666666667
Producer:0.20666666666666667
GCodeRepRap:0.20666666666666667
GenericRepRap:0.19333333333333333
LayerProducer:0.16666666666666666
