BinderModule:0.6466666666666666
CoreDao:0.6033333333333334
SearchUtils:0.3644444444444444
CoreDaoImpl:0.25666666666666665
ShareResource:0.21666666666666667
SelfResource:0.19333333333333333
AbstractBinderResource:0.19333333333333333
AbstractResource:0.18333333333333332
BinderModuleImpl:0.16
