ParsableKey:0.605
PropertiesTable:0.5366666666666666
PropertyKey:0.53
Properties:0.4666666666666667
SettingKey:0.27977777777777774
NullContent:0.27051984126984113
TableModel:0.25
CellEditor:0.23
GraphProperties:0.22666666666666666
Setting:0.16666666666666666
CellRenderer:0.15333333333333332
SettingParser:0.09444444444444444
IntContent:0.05
BracketParser:0.03
SettingContent:0.023888888888888887
MatchHint:0.0
DefaultSetting:0.0
ExploreConfig:0.0
