Jpdbi:0.6666666666666666
Query:0.38
CommandLine:0.2966666666666667
