BytecodeVisitor:0.65
ModRefAnalysis:0.30333333333333334
StackDepthVisitor:0.25666666666666665
VMInterface:0.23666666666666666
MethodInterpreter:0.21666666666666667
FirstPassVisitor:0.21666666666666667
TrimmerVisitor:0.21
