RegionCache:0.35866666666666663
LocalRegionCache:0.3433333333333333
ReadWriteAccessDelegate:0.31
Timestamp:0.24333333333333335
HibernateStatisticsTestSupport:0.23666666666666666
IMapRegionCache:0.22
AbstractGeneralRegion:0.19666666666666666
EvictionEntry:0.18633333333333332
ReadOnlyAccessDelegate:0.18333333333333332
NonStrictReadWriteAccessDelegate:0.17333333333333334
AbstractAccessDelegate:0.15
HazelcastLocalCacheRegionFactory:0.14666666666666667
Invalidation:0.07111111111111112
TimestampsRegionCache:0.06666666666666667
HazelcastQueryResultsRegionTest:0.0
