SocketReader:0.7170555555555556
NonBlockingSocketReader:0.41
SpinningSocketReader:0.3233333333333333
NonBlockingIOThreadingModel:0.30333333333333334
AbstractHandler:0.28
StartMigrationTask:0.24666666666666667
SpinningIOThreadingModel:0.23666666666666666
