ExportParWizardPage:0.6394444444444445
BSHParamsComposite:0.4866666666666667
OpenFormValidationDelegate:0.2866666666666667
