ClientEngineImpl:0.49666666666666665
ClientMapProxy:0.35855555555555557
ClientEndpoint:0.30333333333333334
ClientPartitionServiceImpl:0.24
ClientIssueTest:0.18666666666666668
ClientClusterServiceImpl:0.17
ClientDisconnectionOperation:0.16777777777777778
ClientReAuthOperation:0.15
MapStoreDeleteProcessor:0.14333333333333334
MapStoreWriteProcessor:0.14333333333333334
