ZooKeeperClient:0.8440873015873016
DefaultZooKeeperClient:0.42333333333333334
ReportingZooKeeperClient:0.42
