TestHazelcastInstanceFactory:0.5083333333333333
ClientRegressionWithMockNetworkTest:0.49166666666666664
TestHazelcastFactory:0.41
