DMFeature:0.5033333333333333
Render:0.35333333333333333
FileDownload:0.3433333333333333
JSEAN:0.24916666666666668
AccessionPanel:0.24333333333333335
ALSpideyAlign:0.23166666666666666
RenderPanel:0.21
SFParser:0.20666666666666667
Convert:0.18666666666666668
Segment:0.18
SeanFileAccess:0.14333333333333334
JAVASEAN:0.056666666666666664
FileAccessChadoXML:0.04666666666666667
