TreeUtil:0.42
MethodReferenceTest:0.33666666666666667
MethodReferenceRewriter:0.2866666666666667
Initializer:0.19083333333333333
ExpressionMethodReferenceTest:0.14416666666666667
CreationReferenceTest:0.13
DataHolder:0.0033333333333333335
