FileConvertor:0.5555555555555555
Validator:0.3983333333333333
Viewer:0.375
