ProfileDaoImpl:0.38333333333333336
DefaultWorkflowTimeout:0.37333333333333335
FolderDaoImpl:0.32666666666666666
ProfileDao:0.31916666666666665
WorkflowModuleImpl:0.31
DefinableEntity:0.30666666666666664
