CertificateDataBean:0.5766666666666667
HardTokenDataBean:0.4
LocalCertificateStoreSessionBean:0.31
CRLDataBean:0.30666666666666664
