TopologyData:0.49666666666666665
JPPFManagementInfo:0.3566666666666667
NodeDataPanel:0.30333333333333334
NodeDataPanelManager:0.2733333333333333
GraphTopologyHandler:0.24666666666666667
ConnectionStatusListener:0.24333333333333335
NodeRefreshHandler:0.12333333333333334
NodeRenderer:0.12
SelectNodesAction:0.12
NodeTableCellRenderer:0.1075
WaitInitialBundleState:0.08666666666666667
AbstractTopologyAction:0.07666666666666666
