C3DTextField:0.52
C3DTextFieldSkin:0.37833333333333335
ValidatorBase:0.352
RequiredFieldValidator:0.22333333333333333
