DBRefBase:0.47333333333333333
DBRef:0.365
BSONTypeSerializableTest:0.13333333333333333
