LineAggregatorItemTransformer:0.6572222222222222
CompositeItemTransformer:0.2753333333333333
