MvcView:0.6866666666666666
GenericConversionService:0.30666666666666664
FlowRegistryFactoryBean:0.27
DefaultConversionService:0.2377777777777778
ConversionService:0.23583333333333334
FlowExecutorFactoryBean:0.22
FacesConversionService:0.18666666666666668
TextToClass:0.16333333333333333
DefaultConversionServiceTests:0.12583333333333332
MvcViewFactoryCreator:0.06666666666666667
ViewResolvingMvcViewFactory:0.031111111111111114
InternalFlowResourceMvcViewFactory:0.031111111111111114
