IStructuredbManager:0.77
StructuredbManager:0.5066666666666667
StructuredbManagerTest:0.36666666666666664
ForConsoleDecoratedStructuredbManager:0.2633333333333333
CreateStructuredbAction:0.15333333333333332
