CommChannel:0.6566666666666666
CommCore:0.38333333333333336
SelectableStreamingCommChannel:0.25166666666666665
CommChannelHandlerRunnable:0.23833333333333334
ResponseReceiver:0.22611111111111115
SocketCommChannel:0.215
SelectorThread:0.16777777777777778
