Fiber:0.665
Val:0.4166666666666667
RunnableFiberTask:0.24333333333333335
