MultiLayerNetwork:0.43666666666666665
ComputationGraph:0.36666666666666664
AsyncMultiDataSetIterator:0.23666666666666666
AsyncDataSetIterator:0.22666666666666666
AsyncPrefetchThread:0.1
