FilterInvocationDefinitionSourceEditor:0.36
FilterInvocationDefinitionSourceEditorTests:0.3566666666666667
FilterInvocationDefinitionSourceEditorWithPathsTests:0.3433333333333333
HttpSecurityBeanDefinitionParserTests:0.19333333333333333
FIDSToFilterChainMapConverter:0.16
PathBasedFilterInvocationDefinitionMap:0.15333333333333332
HttpSecurityBeanDefinitionParser:0.08333333333333333
MockFilterInvocationDefinitionSource:0.05333333333333334
