ClusterDescription:0.6233333333333333
Mongo:0.44333333333333336
LatencyMinimizingServerSelector:0.32666666666666666
ServerDiscoveryAndMonitoringTest:0.25333333333333335
ClusterDescriptionTest:0.18666666666666668
ServerDiscoveryAndMonitoringMonitoringTest:0.15666666666666668
