QuadInterpreter:0.51
Operator:0.37
Return:0.2833333333333333
Quad:0.2755555555555555
Driver:0.23666666666666666
Invoke:0.23
MethodInline:0.19333333333333333
TraceFlags:0.16
