AndroidNodeIO:0.2966666666666667
AbstractClassLoaderManager:0.2866666666666667
AbstractNodeMessage:0.24333333333333335
RemoteNodeIO:0.19666666666666666
AbstractNodeIO:0.17
AnsdroidClassLoaderManager:0.16
AndroidNodeExecutionManager:0.12666666666666668
JPPFRemoteContainer:0.12
NodeTaskWrapper:0.11333333333333333
JPPFAndroidNode:0.08972222222222222
JPPFAndroidContainer:0.04666666666666667
AbstractJPPFAndroidNode:0.03666666666666667
AbstractNodeTaskWrapper:0.03
AndroidNodeTaskWrapper:0.009166666666666667
