SearchPersonFlowBuilder:0.676111111111111
PersonDetailFlowBuilder:0.32166666666666666
