EhcacheStatsImpl:0.5533333333333333
EhcacheHibernate:0.5366666666666666
AbstractEhcacheRegionFactory:0.19666666666666666
HibernateCacheTest:0.19666666666666666
HibernateEhcacheUtils:0.18583333333333332
