ArrayType:0.49
FunctionRegistry:0.2966666666666667
StandardTypes:0.24753968253968253
FunctionAssertions:0.24666666666666667
QueryResults:0.23
TypeRegistry:0.21333333333333335
TestMaxByAggregation:0.20333333333333334
TestTypeSignature:0.19333333333333333
