ProfileModule:0.6844444444444444
RelevanceAjaxController:0.37666666666666665
BinderHelper:0.3616666666666667
SeenMap:0.3333333333333333
ProfileModuleImpl:0.2
WebKeys:0.04666666666666667
