StructureDao:0.6283333333333333
HsqldbTestServerManager:0.3933333333333333
StructureDaoTest:0.38666666666666666
