Spark:0.5666666666666667
Service:0.4166666666666667
ServiceTest:0.31666666666666665
