CompositeValidationException:0.6366666666666667
SerializedGenericMultiValueMap:0.31333333333333335
