SqlGenerator:0.39
HqlParser:0.30333333333333334
HqlSqlWalker:0.2633333333333333
