TestStateCompiler:0.57
CountNull:0.19666666666666666
LongSumAggregation:0.056666666666666664
CustomSum:0.056666666666666664
