RenderingParameters:0.6533333333333333
RendererModel:0.5133333333333333
RingGenerator:0.36
