BiomartView:0.4866666666666667
FiltersPage:0.43333333333333335
AttributesPage:0.4
BiomartQueryEditor:0.18
ConnectionTest:0.11666666666666667
BiomartEditorContributor:0.043333333333333335
