Interpolation:0.4533333333333333
Interpolation2D:0.36333333333333334
BilinearInterpolation:0.3233333333333333
DelegateCalendar:0.31333333333333335
Bilinear:0.255
AbstractInterpolation:0.22333333333333333
Calendar:0.20833333333333334
BlackVarianceSurface:0.19666666666666666
Factory:0.18555555555555556
LinearInterpolation:0.15444444444444444
BlackVarianceCurve:0.11333333333333333
AbstractInterpolation2D:0.08
InterpolationTest:0.08
EuropeanOptionTest:0.03333333333333333
TermStructuresTest:0.0
