TestMetaDataModule:0.7533333333333333
InsertFromValuesAnalyzerTest:0.26666666666666666
