ServerImplTest:0.6966666666666667
ServerImpl:0.61
AbstractServerImplBuilder:0.26277777777777783
