DirectoryStack:0.6433333333333333
ErrorMatcher:0.4705555555555556
StreamThread:0.3511111111111111
ConsoleProcess:0.24666666666666667
LogHandler:0.10333333333333333
