JbpmDefinitionServiceBean:0.5683333333333332
CachingLogic:0.445
CacheStatistic:0.2683333333333333
