Options:0.49666666666666665
AspectJEdge:0.32666666666666666
AspectJVertex:0.31
AspectJGraph:0.29333333333333333
GraphJGraph:0.29
GraphJVertex:0.28833333333333333
Simulator:0.28400000000000003
JGraphPanel:0.2633333333333333
GraphToTikz:0.23
StateTab:0.18333333333333332
DeleteAction:0.17
GraphPanel:0.13666666666666666
