XLParser:0.5166666666666667
Place:0.37333333333333335
StateExpression:0.3566666666666667
PredicateBuilder:0.27666666666666667
Mapping:0.09666666666666666
