ActionClickHandler:0.4683333333333333
GwtTeamingMessages:0.4
ProfileMainPanel:0.27666666666666667
ProfileRequestInfo:0.25666666666666665
