Native:0.5433333333333333
Structure:0.5133333333333333
Function:0.25666666666666665
CallbackReference:0.25666666666666665
CallbacksTest:0.21
ReturnTypesTest:0.17666666666666667
SmallTestStructure:0.11
