WebClient:0.7433333333333333
HttpWebConnection:0.44333333333333336
WebClientTag:0.23666666666666666
DefaultCredentialsProvider:0.23333333333333334
