ApolloFrame:0.5066666666666667
Controller:0.39666666666666667
ApolloPanel:0.38333333333333336
SelectionSet:0.38
SwingMissingUtil:0.2733333333333333
SetDetailPanel:0.27
LoadUtil:0.26883333333333337
ScaleView:0.26666666666666666
SequenceSelector:0.26133333333333336
AnnotationView:0.24666666666666667
LinearView:0.24583333333333332
StrandedFeatureSet:0.24
GraphView:0.23666666666666666
CacheSequenceLoader:0.23
FindPanel:0.22
CGI:0.21666666666666667
EnsCGIAdapter:0.20666666666666667
FileMenu:0.20333333333333334
EnsCGIAdapterGUI:0.2
SiteView2:0.2
DrawableResultSeqFeature:0.19
URLQueryGenerator:0.1877777777777778
MovementPanel:0.17666666666666667
TierMenu:0.15333333333333332
HelpMenu:0.14333333333333334
ChrStartEndListener:0.13166666666666665
TableSelector:0.13166666666666665
EvidenceMenu:0.11333333333333333
ProgressBarProgressListener:0.10333333333333333
