Location:0.4
FailureTab:0.34
StackTraceLine:0.27
IndexUpdater:0.25666666666666665
RubyCore:0.22
SymbolIndex:0.21666666666666667
LineBasedEditorOpener:0.19666666666666666
TC_SymbolIndex:0.18
RdtCompiler:0.14333333333333334
RdtPosition:0.12
TC_Location:0.08
OpenClassAction:0.07083333333333332
EditorOpener:0.06
TC_IndexUpdater:0.05
TC_RdtCompiler:0.04
PositionBasedEditorOpener:0.0
