Interpolate:0.23666666666666666
Categorize:0.23
FeatureTypeStyle:0.18833333333333332
ExternalGraphic:0.13833333333333334
Description:0.13077777777777777
ColorReplacement:0.0011111111111111111
