ContactManager:0.7266666666666667
ContactManagerBackend:0.42
AddPermissionController:0.24666666666666667
BasicAclEntryAfterInvocationCollectionFilteringProvider:0.18333333333333332
DataSourcePopulator:0.18333333333333332
GetAllContactsTests:0.14666666666666667
AddPermissionValidator:0.13666666666666666
DeletePermissionController:0.13333333333333333
AdminPermissionController:0.1
