PortletExternalContext:0.8233333333333334
PortletExternalContextTests:0.17333333333333334
