StatementGenerator:0.5966666666666667
AutoboxerTest:0.43333333333333335
Autoboxer:0.37666666666666665
