Host:0.8416666666666667
IncomingConnectionDispatcher:0.22666666666666666
