NewFromPubChemWizard:0.6733333333333333
NewFromPubChemWizardPage:0.3566666666666667
Activator:0.17666666666666667
