RecordState:0.4766666666666667
MapService:0.3333333333333333
PartitionRecordStore:0.27166666666666667
MapProxySupport:0.25
TestMapStore:0.2422222222222222
IMap:0.2302777777777778
TestEventBasedMapStore:0.22222222222222218
MapFlushHandler:0.21166666666666667
AbstractRecord:0.20472222222222225
MapStoreDeleteProcessor:0.15
MapStoreWriteProcessor:0.15
MapStoreTest:0.10666666666666667
SimpleMapStore:0.06444444444444446
