GeometryTools:0.8166666666666667
RingSet:0.4644444444444444
