DiscoverySelectorResolverTests:0.5666666666666667
DiscoverySelectorResolver:0.2837777777777778
DynamicTestGenerationTests:0.18
IsTestClassWithTests:0.16
JUnit5UniqueIdBuilder:0.07666666666666666
