JsonPath:0.45666666666666667
Criteria:0.3933333333333333
JsonReader:0.26
ReadContext:0.24666666666666667
WriteContext:0.24666666666666667
FilterTest:0.23666666666666666
ParseContext:0.23166666666666666
JacksonJsonNodeJsonProvider:0.20333333333333334
IssuesTest:0.18666666666666668
JsonSmartJsonProvider:0.12
ComplianceTest:0.03333333333333333
BaseTest:0.0
