Eval:0.53
Layouter:0.4
JnetViewer:0.3466666666666667
JnetStepObserver:0.21333333333333335
