Overlay:0.6005555555555555
EditorOverlay:0.4266666666666667
ExtendedLayerRenderer:0.27444444444444444
EditorPanel:0.2733333333333333
LayerTreeEditor:0.25666666666666665
EditorLayerWrapper:0.18666666666666668
SymbolsEditor:0.17
