ContainerImpl:0.48
ContainerBuilder:0.31666666666666665
Binding:0.31333333333333335
DefaultFactory:0.21333333333333335
ConstantFactory:0.17666666666666667
PerformanceComparison:0.14333333333333334
