AttributeTablePanel:0.66
AttributeTablePanelListener:0.4116666666666667
AttributePanel:0.36333333333333334
