DataDefinitionProvider:0.5233333333333333
MddToClass:0.45
HibernateSFManager:0.29333333333333333
