Metadata:0.5702777777777778
FunctionRegistry:0.42
FunctionListBuilder:0.32
Signatures:0.29
Signature:0.26
PluginManager:0.25
LiteralVisitor:0.21666666666666667
InformationSchemaDataStreamProvider:0.17666666666666667
MetadataManager:0.16333333333333333
Visitor:0.16
PlanPrinter:0.15
FunctionMap:0.14
TestFunctionRegistry:0.13
ByteCodeExpressionVisitor:0.11666666666666667
