Doc_Allocation:0.4166666666666667
Doc_Invoice:0.39666666666666667
Doc_InOut:0.14
Doc_Cash:0.13666666666666666
Doc_Movement:0.13666666666666666
Doc_GLJournal:0.13666666666666666
Doc_Payment:0.13666666666666666
