WebKeys:0.5910000000000001
ManageDefinitionsController:0.38666666666666666
ConfigureConfigurationController:0.23666666666666666
