Sys:0.6266666666666667
PlatformAdapter:0.5747698412698412
SwingAdapter:0.19
