Literal:0.43583333333333335
StringLiteral:0.38
BooleanLiteral:0.36333333333333334
AnalyzerTest:0.3333333333333333
StatementAnalyzer:0.2733333333333333
