Swagger:0.6566666666666666
Json:0.3333333333333333
Yaml:0.33
Path:0.19666666666666666
