AmountResourceStorage:0.5483333333333333
Inventory:0.5466666666666666
