LdapPublisher:0.57
IAction:0.3414761904761904
ILogDevice:0.28244444444444444
DummyLogDevice:0.23976190476190476
MailAction:0.21666666666666667
