Range:0.45666666666666667
DateRangeAggregationBuilder:0.4033333333333333
RangeAggregationBuilder:0.38333333333333336
AbstractRangeBuilder:0.2966666666666667
DateRangeIT:0.21666666666666667
