InvoiceTest:0.37
AJAXTest:0.3233333333333333
CustomerTest:0.29333333333333333
SellerWithCustomersAsAggregateTest:0.19666666666666666
CustomerRadioButtonTest:0.14333333333333334
