Constants:0.5166666666666667
CommunicationsStub:0.49
LocalClassMetadata:0.3333333333333333
Cache:0.3333333333333333
PhysicalConnectionProvider:0.3027777777777778
ConnectionWizard:0.26
ChildrenViewScene:0.22666666666666666
TemplateElementNode:0.22666666666666666
ObjectViewTopComponent:0.22333333333333333
ConnectionWizardWizardPanel1:0.15
ConnectionWizardVisualPanel1:0.1
CreateBusinessObjectFromTemplateAction:0.08
NewContainerWizard:0.07694444444444444
ClassChildren:0.07666666666666666
NewContainerVisualPanel1:0.05333333333333334
NewContainerVisualPanel2:0.05333333333333334
ConnectionWizardVisualPanel2:0.04666666666666667
NewContainerWizardPanel1:0.028333333333333332
NewContainerWizardPanel2:0.028333333333333332
ConnectionWizardWizardPanel2:0.02
ConnectionWizardWizardAction:0.016666666666666666
