BaseMemoryNode:0.5166666666666667
Table:0.5066666666666667
Node:0.43888888888888894
MemoryNode:0.4
Cache:0.36
Row:0.3433333333333333
CachedDataRow:0.33666666666666667
CachedRow:0.31666666666666665
DiskNode:0.26666666666666666
PointerNode:0.25666666666666665
Index:0.24
Log:0.20666666666666667
DefaultAssociativeList:0.2
TestTextTables:0.18666666666666668
TestCacheSize:0.17333333333333334
TextCache:0.15
TextTable:0.14666666666666667
PointerCachedDataRow:0.043333333333333335
