NettyAsyncHttpProvider:0.56
JDKAsyncHttpProvider:0.4533333333333333
AsyncHttpUrlConnection:0.22666666666666666
