VQWikiParser:0.5708333333333333
PrintableServlet:0.2833333333333333
MenuJumpServlet:0.20333333333333334
ParserUtil:0.05
