SarosC:0.5333333333333333
TeamC:0.32666666666666666
TeamCImp:0.31333333333333335
STFTest:0.3
Tester:0.28
TestBasicComponentByAlice:0.23
TestSVNStateUpdates:0.20833333333333334
SarosCImp:0.20666666666666667
TestPackageExplorerViewComponent:0.19
TestSVNStateInitialization:0.19
TestShareProjectUsingExistingProject:0.16666666666666666
TestUserWithWriteAccessSavesFiles:0.13666666666666666
TestConcurrentEditing:0.13
TestStrictSequentialInvitationWithoutTermination:0.12333333333333334
TestCreatingNewFile:0.10666666666666667
TestShare3UsersSequentially:0.08333333333333333
TestHostWithWriteAccessInvitesBelatedly:0.08333333333333333
TestEditDuringInvitation:0.08333333333333333
TestShare3UsersConcurrently:0.08333333333333333
TestShare2UsersSequentially:0.08333333333333333
