ClusterService:0.5333333333333333
ConcurrentMapManager:0.4033333333333333
BaseManager:0.4033333333333333
Q:0.36666666666666664
ClusterManager:0.34
BlockingQueueManager:0.2733333333333333
Node:0.24666666666666667
TopicManager:0.2272222222222222
DistributedExecutorAction:0.22333333333333333
Offer:0.21333333333333335
MPut:0.19666666666666666
ExecutorServiceProxy:0.18333333333333332
CommitPoll:0.18333333333333332
EventFireTask:0.12
ConnectionCheckCall:0.1075
