DocumentTest:0.45
HtmlAnchorTest:0.34
HtmlFrameSetTest:0.32666666666666666
HtmlFormTest:0.31333333333333335
FormTest:0.30666666666666664
HtmlInlineFrameTest:0.2866666666666667
WindowTest:0.2833333333333333
WebClientTest:0.27
HtmlPageTest:0.26
HtmlButtonTest:0.19666666666666666
HtmlAreaTest:0.19666666666666666
HtmlSubmitInputTest:0.19666666666666666
HtmlRadioButtonInputTest:0.19666666666666666
HtmlCheckBoxInputTest:0.19666666666666666
