UIData:0.8233333333333334
TaskBundle:0.5533333333333333
GwtTaskHelper:0.31
