InternalPartitionService:0.8366666666666667
InternalPartitionServiceImpl:0.43
QueryAdvancedTest:0.38333333333333336
QueryOperation:0.36666666666666664
