ScrollableHitSource:0.7633333333333333
RemoteScrollableHitSource:0.5422222222222222
AbstractAsyncBulkByScrollAction:0.30333333333333334
RemoteScrollableHitSourceTests:0.27
ClientScrollableHitSource:0.18444444444444444
