DefaultWidgetFinder:0.68
TextTester:0.36333333333333334
LabelTester:0.33666666666666667
CelsiusConverterTest:0.3111111111111111
