Inventory:0.6466666666666666
VehicleMission:0.4066666666666667
TradeUtil:0.2966666666666667
GoodsManager:0.29
Trade:0.16583333333333333
EnterAirlock:0.14
