Actor:0.6933333333333334
Mailbox:0.38
TempActor:0.30333333333333334
LocalActor:0.26666666666666666
ActorRunner:0.24
FakeActor:0.16333333333333333
ThreadLocalSerializer:0.14
CollectionsSetFromMapSerializer:0.13333333333333333
Migrant:0.13333333333333333
RequestReplyHelper:0.10666666666666667
Main:0.08
TempActorRef:0.006666666666666667
