Jnet:0.4166666666666667
NBrowseApplet:0.4166666666666667
Edge_Info:0.20722222222222222
Select_Table:0.19944444444444445
Node_Info:0.19222222222222224
Edges:0.19
Net:0.17777777777777778
GO_Term:0.15666666666666668
Edge_Control:0.14
Animation:0.14
