HtmlGutter:0.7333333333333333
Code2HTML:0.45666666666666667
HtmlCssGutter:0.3
