SpecmolManager:0.54
Activator:0.45666666666666667
ISpecmolManager:0.312
JumboSpecmol:0.2866666666666667
SpecMolEditor:0.2833333333333333
OpenInEditorAction:0.22888888888888886
IJavaScriptSpecmolManager:0.2063968253968254
IJavaSpecmolManager:0.2063968253968254
AddSpectrumWizard:0.19444444444444445
SpecmolContentProvider:0.18666666666666668
NewSpecMolWizard:0.15
SpecmolManagerFactory:0.09
