NameFactory:0.6566666666666666
NameTest:0.4666666666666667
