ListOption:0.255499
AbstractOption:0.18525158
OptionGroup:0.10937521
Option:0.07590293
