MethodMetadata:0.64
WithIncrementalCallback:0.4775
SynchronousMethodHandler:0.2
DefaultContractTest:0.18333333333333332
JAXRSContractTest:0.18333333333333332
Contract:0.18
ParameterizedIncrementalCallback:0.12
ParseHandlersByName:0.10333333333333333
