FormulaCheckerPredicateFormulaTest:0.22333333333333333
FormulaCheckerTermTest:0.22333333333333333
FormulaCheckerFunctionTermTest:0.22333333333333333
FormulaCheckerClassTermTest:0.20333333333333334
FormulaCheckerSubjectVariableTest:0.19666666666666666
FormulaCheckerFormulaTest:0.19666666666666666
CheckLogicTest:0.19666666666666666
FormulaCheckerNegationTest:0.19666666666666666
FormulaCheckerQuantifiersTest:0.18666666666666668
FormulaCheckerTest:0.18666666666666668
FormulaCheckerLogicalConnectivesTest:0.18666666666666668
FormulaCheckerGlobalTest:0.18666666666666668
