Mails:0.5083333333333333
Channels:0.48809523809523814
ArticleChannel:0.3333333333333333
