JcpSelection:0.2833333333333333
CleanupAction:0.26777777777777784
ValidateAction:0.24
AdjustBondOrdersAction:0.16666666666666666
ChangeAtomSymbolAction:0.1
ConvertToPseudoAtomAction:0.1
ConvertToRadicalAction:0.1
ChangeIsotopeAction:0.1
