RedissonLock:0.5233333333333333
LockPubSub:0.36666666666666664
RedissonReadLock:0.25666666666666665
RedissonWriteLock:0.25666666666666665
RedissonSemaphore:0.24666666666666667
