RunnerTestDescriptor:0.4533333333333333
RunnerExecutor:0.45
JUnit4TestPlanSpecificationResolver:0.2966666666666667
