CommunicationsStub:0.64
LocalClassMetadataImpl:0.4683333333333333
CreateObject:0.15106349206349207
