OperationService:0.5633333333333334
BasicInvocation:0.29
CountDownLatchProxy:0.24333333333333335
AtomicReferenceProxy:0.23
BasicOperationService:0.23
SemaphoreProxy:0.21666666666666667
MapProxySupport:0.21333333333333335
InvocationFuture:0.20666666666666667
GetAndSetOperation:0.1963888888888889
InvocationBuilder:0.16
BasicInvocationBuilder:0.14333333333333334
BasicTargetInvocation:0.06333333333333334
BasicPartitionInvocation:0.06
