MethodNode:0.7233333333333334
InsnGen:0.3
PostTypeResolver:0.22666666666666666
FinishTypeResolver:0.11333333333333333
