SubstitutionLogic:0.47333333333333333
SubstitutionCacheImpl:0.39
SubstitutionCacheCtrl:0.31666666666666665
SubstitutionCache:0.21853968253968253
AltSubstitutionCacheImpl:0.12333333333333334
