FlowBuilder:0.57
FlowArtifactFactory:0.55
XmlFlowBuilder:0.38666666666666666
AbstractFlowBuilder:0.38
FlowArtifactParameters:0.27
LocalFlowArtifactFactory:0.24166666666666667
RefreshableFlowHolder:0.18666666666666668
FlowArtifactFactoryAdapter:0.17
FlowAssembler:0.14333333333333334
