HttpTransportManager:0.5666666666666667
DataLoaderService:0.28
HttpOutgoingTransport:0.26666666666666666
HttpIncomingTransport:0.18
TransportManagerFactoryBean:0.15333333333333332
