SocketAddress:0.56
DatagramSocketImpl:0.4033333333333333
ConnectionBase:0.3
DatagramSocket:0.2773055555555555
DatagramPacketImpl:0.13
ReadStream:0.09166666666666666
WriteStream:0.09166666666666666
