Builder:0.49
TransactionConfidence:0.44666666666666666
Wallet:0.31583333333333335
Transaction:0.30666666666666664
TransactionOrBuilder:0.23666666666666666
PaymentSession:0.23
WalletProtobufSerializer:0.19666666666666666
SendRequest:0.18333333333333332
WalletTest:0.15
