SampleNode:0.58
TupleAnalyzer:0.24416666666666667
RewritingVisitor:0.23
RelationPlanner:0.22472222222222224
TestDistributedQueries:0.21666666666666667
Visitor:0.18666666666666668
Rewriter:0.18333333333333332
