RangeSet:0.73
MocUtil:0.37333333333333335
RangeSetTest:0.18
AmocTest:0.10666666666666667
