ModelComparator:0.4402777777777778
TestModelComparator:0.37333333333333335
SqlBuilder:0.3566666666666667
