RubyEditor:0.6666666666666666
RubyActionGroup:0.47333333333333333
