EvictOperation:0.52
MapProxySupport:0.37666666666666665
MapStoreTest:0.24
MapEvictRequest:0.16
EvictionProcessor:0.14333333333333334
