ConfigDescription:0.6683333333333333
ResTableConfig:0.426626984126984
ConfigDescriptionTest:0.31
