PrinterServiceMBean:0.61
PrinterService:0.42333333333333334
PLutBuilder:0.41800000000000004
PrintScpService:0.35
PrintableImageBox:0.2633333333333333
