AbsSchedulerListener:0.7444444444444445
ElementHandler:0.39
ParamObtainUtil:0.29333333333333333
DownloadGroupActivity:0.29333333333333333
DownloadGroupListener:0.29333333333333333
AbsSchedulers:0.27
EventProxyFiler:0.19666666666666666
ProxyClassParam:0.11055555555555555
