JobData:0.76
ThirdPartyJobData:0.33666666666666667
ArtifactStore:0.28
JobDataJsonMarshaller:0.2574444444444444
JobDataJsonUnmarshaller:0.2574444444444444
ThirdPartyJobDataJsonUnmarshaller:0.11666666666666667
ThirdPartyJobDataJsonMarshaller:0.11
ArtifactStoreJsonUnmarshaller:0.10666666666666667
ArtifactStoreJsonMarshaller:0.10666666666666667
