Record:0.71
ObjectRecordWithStats:0.20333333333333334
ObjectRecord:0.20333333333333334
StorageImpl:0.19333333333333333
ObjectRecordFactory:0.19
DataRecordFactory:0.19
RecordsTest:0.16333333333333333
DataRecordWithStats:0.15333333333333332
DataRecord:0.15333333333333332
CachedDataRecord:0.14333333333333334
CachedDataRecordWithStats:0.14333333333333334
