SysImplementation:0.6166666666666667
Sys:0.5233333333333333
DefaultSysImplementation:0.30666666666666664
LinuxSysImplementation:0.21333333333333335
