DistinguishedName:0.6066666666666667
AbstractContextSource:0.31666666666666665
ContextMapperCallbackHandler:0.26666666666666666
AttributesMapperCallbackHandler:0.26666666666666666
PagedResultsRequestControl:0.23666666666666666
ModifyAttributesOperationExecutor:0.2346666666666667
ModifyAttributesOperationRecorderTest:0.19666666666666666
ModifyAttributesOperationExecutorTest:0.18333333333333332
