MatchQueryBuilder:0.5333333333333333
HighlighterSearchIT:0.43666666666666665
MatchQueryBuilderTests:0.3433333333333333
SearchQueryIT:0.31
MultiMatchQueryIT:0.22333333333333333
