ObjectiveCHeaderGeneratorTest:0.3441666666666667
InnerClassExtractorTest:0.3433333333333333
TypeDeclarationGenerator:0.31666666666666665
TypeDeclarationGeneratorTest:0.31666666666666665
ObjectiveCImplementationGeneratorTest:0.2966666666666667
