Table:0.44666666666666666
RaptorTableHandle:0.37
RaptorMetadata:0.24666666666666667
TestRaptorIntegrationSmokeTest:0.24
RaptorTableProperties:0.22333333333333333
TestRaptorMetadata:0.18
RaptorOutputTableHandle:0.16666666666666666
TableMetadataSystemTable:0.14666666666666667
Mapper:0.13333333333333333
TableMetadataRow:0.11333333333333333
TableMapper:0.08
