CustomType:0.7133333333333334
ModelIOUtilities:0.37333333333333335
