DbxRefTableModel:0.34
AddTransaction:0.32
DeleteTransaction:0.31
GeneEditPanel:0.2866666666666667
TransactionUtil:0.22666666666666666
