Utils:0.6466666666666666
GwtServerHelper:0.51
LdapModuleImpl:0.33666666666666667
GroupCoordinator:0.245
UserCoordinator:0.2336111111111111
