LocalMapStatsImpl:0.64
MapProxySupport:0.4066666666666667
LocalMapStatsTest:0.2833333333333333
