WebConfiguration:0.9166666666666666
RaCasPageBean:0.37666666666666665
