CrawlURI:0.44
Credential:0.4166666666666667
CrawlServer:0.33
Frontier:0.27666666666666667
SimpleHttpServer:0.26
FetchHTTP:0.25666666666666665
CredentialStore:0.23033333333333336
Rfc2617Credential:0.22666666666666666
AuthSelfTest:0.0
