Block:0.75
NetworkParameters:0.32
AbstractBlockChain:0.24
RegTestParams:0.2394444444444445
TestNet3Params:0.2338888888888889
TestNet2Params:0.2338888888888889
BlockChainTest:0.21666666666666667
MainNetParams:0.20333333333333334
UnitTestParams:0.20333333333333334
TweakableTestNet2Params:0.09666666666666666
