PrinterServiceMBean:0.4866666666666667
PrinterService:0.44666666666666666
FilmSession:0.3466666666666667
FilmBox:0.32666666666666666
PrintScpService:0.30333333333333334
FilmBoxService:0.16333333333333333
ImageBoxService:0.13
