View:0.61
SitemapNode:0.5233333333333333
CMSFormProcessor:0.3377777777777778
AbstractBasicContentEditor:0.295
ViewEditor:0.26
