TransactionImpl:0.43666666666666665
TransactionProxy:0.29
XAResourceWrapper:0.27666666666666667
XAResourceImpl:0.25666666666666665
XAResourceProxy:0.20666666666666667
TransactionalObjectKey:0.19333333333333333
TransactionContextProxy:0.18333333333333332
TransactionContextImpl:0.15333333333333332
ClientXaTest:0.11666666666666667
HazelcastXaTest:0.10666666666666667
