CopyFiltersDlg:0.7233333333333334
EventHelper:0.36
GwtTeamingMessages:0.32666666666666666
MenuIds:0.32022222222222224
BinderViewsHelper:0.32
EntryMenuPanel:0.24333333333333335
CalendarFolderView:0.17666666666666667
BlogFolderView:0.17666666666666667
TaskFolderView:0.17666666666666667
DataTableFolderViewBase:0.16666666666666666
InvokeCopyFiltersDlgEvent:0.056666666666666664
