ValidationManagerImpl:0.7133333333333334
ValidationRegistryManager:0.6423253968253968
ValidationRegistryManagerImpl:0.14666666666666667
