BinderModel:0.5566666666666666
XmlFlowModelBuilder:0.52
XmlFlowModelBuilderTests:0.42
ViewStateModel:0.36666666666666664
