JarHell:0.5177777777777778
JarHellTests:0.41833333333333333
EvilLoggerTests:0.30333333333333334
