Mongo:0.5933333333333334
DBCallback:0.4866666666666667
MongoOptions:0.42
DBPort:0.2683333333333333
DBRefTest:0.18561111111111112
Response:0.1771666666666667
