Hierarchy:0.6666666666666666
WidgetTester:0.3933333333333333
Robot:0.31
WidgetHierarchy:0.27
BasicFinder:0.2633333333333333
HierarchyPrinter:0.21666666666666667
WidgetReference:0.21333333333333335
WidgetHierarchyImpl:0.19333333333333333
AbstractResolver:0.15333333333333332
HierarchyImpl:0.13333333333333333
SimpleResolver:0.12
WidgetTestHierarchyImpl:0.11
Visitable:0.006666666666666667
VisitableImpl:0.0
