Node:0.3566666666666667
ReadPreference:0.3433333333333333
ReplicaSet:0.33666666666666667
DBTCPConnector:0.30333333333333334
ReplicaSetStatus:0.22333333333333333
MyPort:0.20333333333333334
TaggedReadPreference:0.17
Tag:0.13333333333333333
ReplicaSetStatusDomainModelTest:0.1
TaggableReadPreference:0.056666666666666664
PrimaryReadPreference:0.016666666666666666
PrimaryPreferredReadPreference:0.007777777777777778
SecondaryPreferredReadPreference:0.007777777777777778
SecondaryReadPreference:0.006666666666666667
NearestReadPreference:0.0044444444444444444
NodeComparator:0.0
