TcpReplicator:0.5966666666666667
AbstractChannelReplicator:0.5533333333333333
UdpReplicator:0.5
