XmlTree:0.47
Attribute:0.4633333333333333
ElementDecl:0.27
Handler:0.24
XmlPlugin:0.22333333333333333
EditPaneHandler:0.19666666666666666
AttributeTableModel:0.18333333333333332
XmlParser:0.17666666666666667
ActionHandler:0.15
GeneralOptionPane:0.13666666666666666
EditTagDialog:0.12
AttributeDecl:0.10666666666666667
ParseThread:0.09333333333333334
ComboValueRenderer:0.03666666666666667
AttributeTable:0.03333333333333333
XmlComplete:0.03333333333333333
