ItemProviderProcessTasklet:0.4766666666666667
ItemProviderProcessTaskletTests:0.31
DefaultStepExecutorTests:0.21666666666666667
SimpleStepExecutor:0.20666666666666667
SimpleJobTests:0.18
DefaultJobExecutorTests:0.14
SkippableItemProvider:0.06154761904761905
