MapClientProxy:0.47
ProxyHelper:0.41
ConnectionManager:0.3333333333333333
HazelcastClientMapTest:0.2733333333333333
QueueClientProxy:0.26666666666666666
EntryEventLRH:0.04416666666666667
