QueryUtil:0.77
PrivPatientModel:0.4
TrashListBean:0.32
PrivStudyModel:0.3
StudyListBean:0.24666666666666667
TrashListPage:0.22916666666666666
