IndicesModule:0.5633333333333334
ESTestCase:0.44333333333333336
IndexModuleTests:0.22
PercolatorPlugin:0.16666666666666666
MapperTestUtils:0.12666666666666668
AttachmentUnitTestCase:0.12666666666666668
MapperAttachmentsPlugin:0.06333333333333334
ExternalMapperPlugin:0.023333333333333334
MapperSizePlugin:0.0
MapperMurmur3Plugin:0.0
