QueuedMessageFilter:0.7466666666666667
MessageMonitorThread:0.4633333333333333
MonitoredMessageQueue:0.27666666666666667
QueuedMessageFactory:0.15333333333333332
