ResourceGroupManager:0.3566666666666667
ResourceGroupIdTemplate:0.3333333333333333
ResourceGroupNameTemplate:0.21666666666666667
TestResourceGroupIdTemplate:0.11666666666666667
FileResourceGroupConfigurationManager:0.11666666666666667
ResourceGroupConfigurationManager:0.1162777777777778
ResourceGroupSelector:0.0938095238095238
StaticSelector:0.03666666666666667
