PathGenerator:0.5133333333333333
TimeGrid:0.5072222222222222
Path:0.4033333333333333
BrownianBridge:0.25666666666666665
