HandlerRegistration:0.45666666666666667
WebsocketTest:0.2833333333333333
HttpTest:0.25833333333333336
HttpServerImpl:0.25666666666666665
ClusteredEventBusTest:0.24666666666666667
TimerTest:0.24666666666666667
AsyncFileImpl:0.23333333333333334
NetServerImpl:0.22666666666666666
NetTest:0.20083333333333334
LocalEventBusTest:0.20083333333333334
FileSystemTest:0.20083333333333334
EventBusImpl:0.19666666666666666
TimeoutStreamImpl:0.18
HttpRequestStreamTest:0.11
