CAAdminSessionBean:0.4766666666666667
PublisherSessionBean:0.36333333333333334
CAsTest:0.35
PublisherSessionLocal:0.1825
