SodbeansBuildAction:0.43166666666666664
SodbeansCleanBuildAction:0.23333333333333334
SodbeansAction:0.19
SodbeansDebugAction:0.13666666666666666
SodbeansRunAction:0.12666666666666668
Installer:0.07333333333333333
