Settings:0.6033333333333334
ByteSizeValue:0.59
Builder:0.37666666666666665
RestRequest:0.32666666666666666
ByteSizeValueTests:0.27
EngineConfig:0.21
DiskThresholdDecider:0.19666666666666666
TermsAggregationSearchBenchmark:0.17333333333333334
TranslogConfig:0.16333333333333333
IndicesQueryCache:0.13666666666666666
SimpleClusterStateTests:0.12666666666666668
DirectBufferNetworkTests:0.1
FsAppendBenchmark:0.08666666666666667
TypeParser:0.08
DiskThresholdDeciderUnitTests:0.08
RecoverySettingsTest:0.06666666666666667
