ServerWidget:0.6033333333333334
ConcreteLayer:0.39
ServerRuntimeException:0.35333333333333333
Connector:0.32
ARINCFont:0.30883333333333335
AbstractLayer:0.29550000000000004
ServerApplications:0.29333333333333333
GraphicsConfigHandler:0.29
LayerSet:0.2821666666666667
AbstractWidget:0.25666666666666665
ServerGraphicsConfigHandler:0.24666666666666667
ARINCPopUpMenuButton:0.24666666666666667
TCPProtocol:0.24666666666666667
MutuExclRenderer:0.22666666666666666
MapItemRendererFactory:0.205
LayerRendererBridge:0.19333333333333333
WidgetEvent:0.19
ARINCPopUpMenu:0.19
CockpitConfigurationHandler:0.18333333333333332
TestLayer:0.18333333333333332
DefaultConnectorRenderer:0.17
ServerCockpitMultiAppli5_Test:0.08
