AutoCompleteTextView:0.47333333333333333
Button:0.37
AutoCompleteDataProvider:0.3027420634920635
AutoCompleteAdapter:0.20444444444444446
AutoCompleteDemo:0.17333333333333334
Word:0.08333333333333333
FilteringResult:0.07
HintSpan:0.01
