AtmosphereResponse:0.45666666666666667
WebSocket:0.4266666666666667
Builder:0.3466666666666667
WebSocketProcessor:0.2866666666666667
WebSocketHandler:0.27
EchoProtocol:0.25666666666666665
DelegatingWebSocketProtocol:0.25666666666666665
Jetty8WebSocket:0.18333333333333332
GrizzlyWebSocket:0.17666666666666667
TomcatWebSocket:0.17666666666666667
SimpleHttpProtocol:0.14333333333333334
WebSocketAdapter:0.05
