ITestManager:0.5664444444444444
BioclipseJob:0.45666666666666667
AbstractCDKManagerPluginTest:0.44333333333333336
JavaScriptManagerMethodDispatcher:0.22666666666666666
AbstractManagerMethodDispatcherTest:0.21333333333333335
AbstractManagerMethodDispatcher:0.17333333333333334
