ProcessDefinition:0.6366666666666667
Variable:0.49666666666666665
ParContentProvider:0.30333333333333334
VariableFormatRegistry:0.29333333333333333
TaskState:0.22
ProcessEditorBase:0.20333333333333334
ViewUtil:0.2
QuickFormEditor:0.19666666666666666
BpmnSerializer:0.17666666666666667
PasteVariableSelectionListener:0.05333333333333334
OpenFormJSAction:0.013333333333333334
DeleteFormJSAction:0.013333333333333334
