PrimordialClassLoader:0.37666666666666665
BuildMethodSummary:0.37333333333333335
Edge:0.36
Node:0.32
AndersenPointerAnalysis:0.3
jq:0.29
MethodSummary:0.26
UnknownTypeNode:0.22
FieldNode:0.19666666666666666
RuntimeCodeAllocator:0.15333333333333332
Visitor:0.10333333333333333
