DriverConductor:0.3933333333333333
PublicationImage:0.30666666666666664
IpcPublication:0.30666666666666664
SubscriptionLink:0.2833333333333333
DriverManagedResource:0.25976190476190475
AeronClient:0.2575396825396825
NetworkPublication:0.24944444444444447
CounterLink:0.19833333333333333
PublicationLink:0.18833333333333332
