Grammar:0.44
ResourceDisplay:0.39
RuleTree:0.3333333333333333
RecipeTreeNode:0.24333333333333335
PriorityTreeNode:0.24111111111111114
RuleTreeNode:0.20666666666666667
ActionTreeNode:0.12833333333333333
ChildComparator:0.1
