ClientConfig:0.52
ReadResultSetImpl:0.5166666666666667
ReadManyOperation:0.38666666666666666
ReadManyRequest:0.2866666666666667
ProxyManager:0.23333333333333334
RingbufferReadManyAsyncMessageTask:0.05
