JGraph:0.4666666666666667
Options:0.37333333333333335
LabelTree:0.3
RelabelAction:0.24
JGraphPanel:0.19
StateJGraph:0.09666666666666666
