ChainedClassLoader:0.3933333333333333
OsgiServiceFactoryBean:0.31666666666666665
OsgiServiceCollectionProxyFactoryBean:0.25333333333333335
AbstractOsgiBundleApplicationContext:0.24666666666666667
CoreTaglibTest:0.24555555555555558
OsgiServiceProxyFactoryBean:0.24
AbstractOsgiServiceImportFactoryBean:0.24
OsgiBundleXmlApplicationContext:0.22666666666666666
OsgiPropertyEditorRegistrar:0.18833333333333332
DependentImpl:0.16861111111111113
