Tds:0.42333333333333334
DatabaseMetaData:0.39666666666666667
EscapeProcessor:0.31333333333333335
AbstractResultSet:0.31
PreparedStatement_base:0.22
TdsDataSource:0.21666666666666667
Driver:0.14111111111111113
ParameterUtils:0.14
TdsObjectFactory:0.10666666666666667
ClobImpl:0.09333333333333334
BlobImpl:0.08333333333333333
TdsDefinitions:0.07
