TmxMapLoader:0.7424444444444445
AtlasTmxMapLoader:0.5211111111111112
