AsyncHttpObservable:0.5066666666666667
AsyncHttpObservableTest:0.4633333333333333
