LogEntryDataBean:0.44666666666666666
LocalLogSessionBean:0.37666666666666665
Log4jLogDevice:0.375
LogConfigurationDataBean:0.23
