NamedNodeMap:0.46166666666666667
JavaScriptEngine:0.45666666666666667
WindowConcurrencyTest:0.31
History:0.22
