EdgeView:0.45
EdgeFilterState:0.41
GraphData:0.4066666666666667
EdgeTableView:0.21
EdgeFilterView:0.20333333333333334
EdgeFilterEvent:0.13666666666666666
EdgeTableStepObserver:0.03666666666666667
