DcmURL:0.38666666666666666
DcmRcv:0.27666666666666667
MLLP_URL:0.26
MoveStudy:0.22666666666666666
DcmSnd:0.225
MppsSnd:0.21550000000000002
SSLContextAdapterImpl:0.21
Hl7Snd:0.20333333333333334
Hl7Rcv:0.17666666666666667
DcmProtocol:0.11666666666666667
MLLP_Protocol:0.11333333333333333
