SectionTag:0.9166666666666666
MakumbaJspAnalyzer:0.8112698412698413
SectionDataControllerHandler:0.01
