Chain:0.4766666666666667
Daos:0.4766666666666667
FieldMatcher:0.2966666666666667
