ShardedJedis:0.41
JedisCluster:0.2733333333333333
BinaryShardedJedis:0.23
BinaryRedisPipeline:0.19416666666666665
BinaryJedisCommands:0.19416666666666665
JedisCommands:0.19416666666666665
RedisPipeline:0.19416666666666665
