FormalProofLine:0.44
FormalProof:0.37833333333333335
QedeqNotNullTraverser:0.35
FormalProofVo:0.32666666666666666
AbstractModuleVisitor:0.27166666666666667
QedeqVisitor:0.27166666666666667
VisitorContextTest:0.22333333333333333
FormalProofLineVo:0.22333333333333333
QedeqTraverser:0.19416666666666665
