AddFileAction:0.32666666666666666
AddAction:0.32666666666666666
AddAllModulesFromQedeqAction:0.16944444444444445
