Converter:0.5533333333333333
TextConverter:0.41
ImageConverter:0.33166666666666667
HtmlConverter:0.3175
