FeatureSetI:0.7444444444444445
FeatureSet:0.48
Transcript:0.43
AnnotationEditor:0.3466666666666667
AnnotatedFeature:0.25666666666666665
DrawableUtil:0.245
GAMESave:0.19333333333333333
SelectableDNARenderer:0.18333333333333332
DrawableSeqFeature:0.18
TranslationViewer:0.11333333333333333
