CacheBasicAbstractTest:0.43666666666666665
CacheProxy:0.3933333333333333
AbstractClientCacheProxyBase:0.30333333333333334
AbstractCacheProxyBase:0.30333333333333334
AbstractClientInternalCacheProxy:0.22333333333333333
HazelcastCacheManager:0.21177777777777776
AbstractHazelcastCacheManager:0.18333333333333332
