FlowExecutionEntry:0.41333333333333333
ConcurrentConversationLock:0.4033333333333333
Jdk5ConversationLock:0.27666666666666667
