ListViewTest:0.4666666666666667
AbsSpinnerTest:0.2966666666666667
AdapterViewBehavior:0.23333333333333334
