FocusController:0.5777777777777777
ScreenReaderFactory:0.42638888888888893
