ClassMetadataLight:0.6561111111111111
WebServiceBean:0.38388888888888884
ClassMetadataLightRemote:0.1675
