SystemTablesMetadata:0.5266666666666666
SystemHandleResolver:0.2833333333333333
SystemSplitManager:0.23333333333333334
