StrutsConstants:0.32255555555555554
DefaultActionMapperTest:0.31
DefaultActionMapper:0.31
SettingsTest:0.20666666666666667
