PolicyRequest:0.5533333333333333
PosPanel:0.51
PayPanel:0.44333333333333336
CouponPanel:0.27666666666666667
BonusPointsPanel:0.26
SalesMessageProcessor:0.26
PartnerPanel:0.26
message:0.24666666666666667
SalesPolicyRequest:0.16
resizeListener:0.03222222222222222
PaymentForm:0.016666666666666666
