DM:0.48333333333333334
ParagraphVectors:0.48333333333333334
SequenceLearningAlgorithm:0.3175
DBOW:0.18333333333333332
