DefaultExpressionParserFactory:0.4633333333333333
FlowRegistryBeanDefinitionParser:0.3433333333333333
FacesFlowBuilderServicesBeanDefinitionParser:0.3433333333333333
FlowBuilderServicesBeanDefinitionParser:0.20666666666666667
DefaultExpressionParserProxy:0.11333333333333333
