DefinitionManager:0.35333333333333333
Workstation:0.3333333333333333
LOG:0.3333333333333333
InterpretableSym:0.31333333333333335
Event:0.3
SystemBuilder:0.25
Command:0.22944444444444448
RewriteEvent:0.21
UnifyEvent:0.2
