ModeProvider:0.1309059
JEditBuffer:0.12412781
ModeCatalogHandler:0.089749135
JEditMode:0.07417731
Buffer:0.07102909
EditingOptionPane:0.05925843
IndentRuleFactory:0.056464743
XModeHandler:0.05351547
StandardUtilities:0.037263617
TokenMarker:0.03658565
Abbrevs:0.03327821
DeepIndentRule:0.03128495
Log:0.0303475
Registers:0.029057473
TextUtilities:0.028186388
WhitespaceRule:0.025650559
IndentRule:0.016816767
DockingLayoutManager:0.014490745
AbbrevsOptionPane:0.00905353
AddAbbrevDialog:0.005429065
