HashBuilderOperator:0.57
Factory:0.49916666666666665
LookupSourceSupplier:0.254
FactoryBuilder:0.21
JoinHashSupplier:0.10166666666666667
