RememberMeBeanDefinitionParser:0.6161111111111112
HttpSecurityBeanDefinitionParserTests:0.515
AuthenticationConfigBuilder:0.32666666666666666
