ReflectHelper:0.5366666666666666
MetadataContext:0.23333333333333334
CallbackProcessorImpl:0.23
BasicPropertyAccessor:0.23
DirectPropertyAccessor:0.21333333333333335
LegacyCallbackProcessor:0.21333333333333335
TestClassMetadata:0.19333333333333333
EntityTuplizerFactory:0.17333333333333334
JavassistLazyInitializer:0.17
BeanValidationIntegrator:0.16916666666666666
ComponentTuplizerFactory:0.12666666666666668
