Flow:0.6633333333333333
BaseFlowBuilder:0.38666666666666666
TransitionableState:0.29
