InstrumentedType:0.5866666666666667
Compiled:0.38783333333333336
AbstractBase:0.30333333333333334
TypeInitializer:0.29333333333333333
InstrumentationContextDefaultTest:0.2633333333333333
InlineInstrumentedType:0.23333333333333334
Default:0.21333333333333335
SubclassInstrumentedType:0.21
InlineDynamicTypeBuilder:0.17
SubclassDynamicTypeBuilder:0.17
FieldCacheAppender:0.1277777777777778
TypeWriterDefaultTest:0.09666666666666666
MethodRegistryDefaultTest:0.06333333333333334
