Cell:0.5466666666666666
RestTable:0.48333333333333334
DisplayHeader:0.2814312169312169
RestNodesAction:0.25666666666666665
AbstractCatAction:0.25
