PageFetcher:0.43333333333333335
WebCrawler:0.32666666666666666
PageBiggerThanMaxSizeException:0.31666666666666665
RobotstxtServer:0.23111111111111116
Downloader:0.21555555555555558
