PharmacophoreUtils:0.6225555555555556
PharmacophoreUtilityTest:0.4066666666666667
