Viewer:0.5733333333333334
GraphViewI:0.44422222222222224
Shape:0.37333333333333335
ModelSet:0.2833333333333333
Balls:0.24666666666666667
GraphData:0.23877777777777776
BallsRenderer:0.22555555555555556
JnetManager:0.18666666666666668
