Compound:0.25166666666666665
MethodDelegationOtherTest:0.22
PoolStrategy:0.20142857142857143
MethodDelegationMorphTest:0.19333333333333333
