Structuredb:0.5366666666666666
StructuredbDataSource:0.5002380952380953
GenericDaoTest:0.41
