Channels:0.66
NettyResponseFuture:0.51
NettyRequestSender:0.23333333333333334
DefaultChannelPool:0.23222222222222225
NettyConnectListener:0.14888888888888888
NettyAsyncHttpProvider:0.14333333333333334
IdleChannelDetector:0.13444444444444442
