Lists2:0.6833333333333333
Visitor:0.22666666666666666
