CuratorZookeeperClient:0.37
ZkclientZookeeperClient:0.36333333333333334
AbstractZookeeperClient:0.34
CuratorWatcherImpl:0.22333333333333333
