ShadowContentResolverTest:0.49
ShadowContentResolver:0.35333333333333333
ShadowMessageTest:0.31333333333333335
RobolectricTestRunner:0.29
ShadowBundleTest:0.23666666666666666
TestRunnerForApiVersion:0.21309523809523812
MultiApiRobolectricTestRunnerTest:0.14
MultiApiRobolectricTestRunner:0.09466666666666666
