Mongo:0.38
JavaClientTest:0.35
DBTCPConnector:0.3333333333333333
OutMessage:0.25333333333333335
DBPort:0.24333333333333335
ReplicaSetStatus:0.22166666666666668
Node:0.19833333333333333
MyCollection:0.13666666666666666
