Networks:0.6166666666666667
PostSender:0.34
HttpException:0.23333333333333334
JsonActionChainMakerConfiguretion:0.22333333333333333
