TopologyAwareNodeSelector:0.45666666666666667
SimpleNodeSelector:0.41333333333333333
NodeScheduler:0.22333333333333333
