RedissonCache:0.6233333333333333
RedissonLocalCachedMap:0.37333333333333335
RedissonSpringCacheManager:0.33
URLBuilder:0.24333333333333335
SoftCacheMapTest:0.23333333333333334
