RedisCommands:0.5011111111111112
ConnectionPool:0.3433333333333333
CommandData:0.3333333333333333
MasterSlaveEntry:0.32666666666666666
MasterSlaveConnectionManager:0.24666666666666667
CommandAsyncService:0.2322222222222222
CommandsData:0.225
RedissonNode:0.21333333333333335
CommandDecoder:0.18666666666666668
LoadBalancerManager:0.18666666666666668
PubSubConnectionPool:0.14777777777777776
SingleEntry:0.14666666666666667
