MonitorWindow:0.4533333333333333
MainDesktopPane:0.4166666666666667
ToolToolBar:0.26
UnitTableModel:0.15333333333333332
VehicleTableModel:0.15266666666666664
SettlementTableModel:0.15266666666666664
PersonTableModel:0.14266666666666666
MonitorPropsDialog:0.023333333333333334
