AtomContainerManipulator:0.5883333333333334
CDKAtomTypeMatcher:0.30333333333333334
InChIGenerator:0.23166666666666666
SmilesGenerator:0.22666666666666666
MolecularFormulaManipulator:0.21333333333333335
LongestAliphaticChainDescriptor:0.20333333333333334
ExplicitConnectionAtom:0.19
ChiPathDescriptor:0.19
MathTools:0.185
DebugAtomParity:0.1827777777777778
NNAtomParity:0.1785952380952381
Fingerprinter:0.17666666666666667
TemplateHandler3D:0.16666666666666666
StabilizationCharges:0.14
KierHallSmartsDescriptor:0.14
AnyAtom:0.10666666666666667
