LinearRegressionWModelTest:0.6566666666666666
J48WModelTest:0.6266666666666667
QSARWekaModelTests:0.04
