SelectItemsByCircleFromSelectedLayersPlugIn:0.24666666666666667
InvertSelectionPlugIn:0.24666666666666667
SelectByTypePlugIn:0.24666666666666667
SelectAllLayerItemsPlugIn:0.21666666666666667
SelectAllModifiedFeaturesPlugIn:0.21666666666666667
SelectItemsByFenceFromSelectedLayersPlugIn:0.21666666666666667
