JsEditor:0.445
RunRhinoScriptActionPulldown:0.38
EditorException:0.36666666666666664
Activator:0.36666666666666664
RunRhinoScriptAsJobAction:0.16533333333333333
