RunCommandTest:0.7669444444444444
Watcher:0.5951111111111111
