XMPPChatTransmitter:0.5866666666666667
SharedProject:0.4594444444444444
