FlowModelFlowBuilder:0.48222222222222216
StringToClass:0.4625
FlowRegistryFactoryBean:0.3566666666666667
FlowExecutorFactoryBean:0.29333333333333333
DefaultConversionService:0.14666666666666667
