BinderHelper:0.5966666666666667
WebKeys:0.4032222222222222
PortalLoginController:0.26666666666666666
ListFolderHelper:0.24916666666666668
WorkspaceTreeHelper:0.17
LoginController:0.07
