GraphJGraph:0.42
Editor:0.4033333333333333
LabelTree:0.38
JGraphPanel:0.2733333333333333
TypePanel:0.25333333333333335
LTSPanel:0.24916666666666668
RubberBand:0.24666666666666667
MyTransferHandler:0.1811111111111111
JGraphUI:0.13333333333333333
CtrlPreviewAction:0.12333333333333334
