SQL92SQLGenerator:0.43
DictionaryIndexSerializer:0.25
XMLIndexSerializer:0.21
H2SQLGenerator:0.14666666666666667
MSSQLSQLGenerator:0.11666666666666667
HSQLDBSQLGenerator:0.11666666666666667
