Ctags:0.5133333333333333
IndexDatabase:0.2833333333333333
JFlexXrefTest:0.2633333333333333
CtagsTest:0.12
IndexerParallelizer:0.12
AbstractSourceCodeAnalyzer:0.09666666666666666
CAnalyzerFactoryTest:0.08333333333333333
ClojureAnalyzerFactoryTest:0.08333333333333333
PascalAnalyzerFactoryTest:0.08333333333333333
CxxAnalyzerFactoryTest:0.08333333333333333
CSharpAnalyzerFactoryTest:0.08333333333333333
JavaAnalyzerFactoryTest:0.08333333333333333
CtagsParserTest:0.023333333333333334
