JFXMapSymbol3D:0.54
AbstractMap3DProjection:0.44
JFXModel3DManager:0.37666666666666665
SymbolRotated3DRenderer:0.25333333333333335
JFXGraphics3DFactory:0.14333333333333334
Maps3DModelConstants:0.006666666666666667
