DefaultActionMapper:0.36
DefaultActionMapperTest:0.31333333333333335
Dispatcher:0.28800000000000003
StrutsConstants:0.26944444444444443
FormTagTest:0.25333333333333335
Component:0.25
Form:0.20333333333333334
DefautActionMapperTest:0.12333333333333334
