ICDKManager:0.6938095238095238
CDKManager:0.6433333333333333
CDKManagerPluginTest:0.27666666666666667
