XmlConfigBuilder:0.6291666666666667
XMLConfigBuilderTest:0.5266666666666666
