HttpSessionDestroyedEvent:0.6766666666666666
SessionDestroyedEvent:0.6566666666666666
