Binder:0.6
ResourceDriverConfig:0.5766666666666667
EntityIndexUtils:0.3466666666666667
