NetworkManager:0.67
MacOsxHandler:0.2833333333333333
Main:0.24666666666666667
IncomingConnectionDispatcher:0.20333333333333334
