DBCollection:0.47333333333333333
MapReduceOperation:0.47
MongoCollectionView:0.30666666666666664
MapReduceAcceptanceTest:0.18666666666666668
