TemperatureAndScoreListener:0.30111111111111116
DeterministicStructureElucidationJob:0.28
BestStructureView:0.27666666666666667
ICASEJob:0.2517063492063492
SenecaManager:0.21
StochasticStructureElucidationJob:0.20333333333333334
SenecaJobEditor:0.19
UserConfigurableStochasticStructureElucidationJob:0.15
GAStructureElucidationJob:0.14944444444444446
IJavaSenecaManager:0.08777777777777777
