AbstractLiquibaseCommand:0.28
HibernateBundle:0.25666666666666665
DbCommand:0.24333333333333335
HelloWorldConfiguration:0.22
HelloWorldApplication:0.19066666666666668
DbFastForwardCommand:0.09
DbTestCommand:0.09
DbMigrateCommand:0.09
DbPrepareRollbackCommand:0.09
DbRollbackCommand:0.09
DbStatusCommand:0.09
DbDropAllCommand:0.08666666666666667
DbCalculateChecksumCommand:0.08666666666666667
DbGenerateDocsCommand:0.08666666666666667
DbTagCommand:0.08666666666666667
DbDumpCommand:0.08666666666666667
DbLocksCommand:0.08666666666666667
DbClearChecksumsCommand:0.06333333333333334
