ActivityController:0.36
Robolectric:0.36
IntentServiceController:0.33666666666666667
ActivityControllerTest:0.26666666666666666
ComponentController:0.2619444444444445
IntentServiceControllerTest:0.25333333333333335
ServiceController:0.24333333333333335
ServiceControllerTest:0.24333333333333335
