AndroidGraphics:0.7033333333333334
AndroidApplication:0.3933333333333333
