MetaView:0.8233333333333334
CarriersTest:0.20266666666666666
