AbstractEntityTuplizer:0.6666666666666666
IncrediblySillyJpaMapsIdMappedIdentifierValueMarshaller:0.41333333333333333
ForeignGenerator:0.19
CompositeIdDerivedIdWithIdClassTest:0.06333333333333334
