XAResourceImpl:0.3566666666666667
TransactionImpl:0.31666666666666665
TransactionProxy:0.24333333333333335
XAResourceWrapper:0.24333333333333335
XAResourceProxy:0.21333333333333335
TransactionContextImpl:0.17666666666666667
TransactionContextProxy:0.17666666666666667
ClientXaTest:0.11333333333333333
HazelcastXaTest:0.11333333333333333
