Util:0.74
JodaTagLibraryValidator:0.43666666666666665
ParseDateTimeTag:0.2866666666666667
FormatTag:0.2866666666666667
