ServerCallImplTest:0.39
ServerCall:0.24666666666666667
ServerCallImpl:0.24666666666666667
