GlobalConfiguration:0.6
config:0.3788888888888889
ConfigCommandFactory:0.25333333333333335
BaseCommand:0.19333333333333333
LocalRaAdminSessionBean:0.18666666666666668
SetupCommandFactory:0.16444444444444445
setup:0.12666666666666668
ConfigurationSessionBean:0.09666666666666666
ConfigDumpCommand:0.04666666666666667
