Edge:0.7666666666666667
Graph:0.6033333333333334
GraphShape:0.5966666666666667
AbstractGraph:0.30666666666666664
ShapeNextState:0.2866666666666667
CTLMatchingMarker:0.22333333333333333
DefaultGraphNextState:0.22333333333333333
AbstractEdge:0.21333333333333335
RichDeltaGraph:0.21
NewDeltaGraph:0.21
AspectGraph:0.19333333333333333
AbstractGraphShape:0.18666666666666668
ProductGTS:0.18666666666666668
TypeGraph:0.17666666666666667
