Binding:0.7633333333333333
AtInjectBinding:0.20333333333333334
ProviderMethodBinding:0.18
SetBinding:0.16416666666666666
DeferredBinding:0.14333333333333334
