RenderingLayer:0.5966666666666667
RenderingLayerPainter:0.58
PainterUtils:0.49666666666666665
LayerRendererBridge:0.41
RenderingLayerImpl:0.39666666666666667
SwingLayerRenderer:0.3933333333333333
SwingPainterUtils:0.37
ARINCRuntimeMessage:0.33
ClientMessageProcessor:0.31333333333333335
ARINCOutputRuntimeMessage:0.29
SwingUIManager:0.29
UIPropertiesPlugin:0.2833333333333333
DummyProtocol:0.27666666666666667
WindowsWindowManager:0.26666666666666666
JFXEditorPanel:0.26666666666666666
SwingEditorPanel:0.2633333333333333
AbstractServerWindow:0.25666666666666665
AbstractRenderingPainter:0.25333333333333335
EditBoxMaskedRenderer:0.24333333333333335
ServerDisplay:0.24
AbstractEditorPanel:0.22666666666666666
AbstractRenderingLayer:0.21666666666666667
AbstractWindowManager:0.21333333333333335
ServerInteractiveWidget:0.21333333333333335
AbstractMapRenderer:0.21
BasicWindowManager:0.21
SwingFactory:0.21
JFXRendererBridge:0.20388888888888887
SwingLayerPainter:0.2
DefaultServerXMLDFHandler:0.18666666666666668
ARINCCursorOver:0.18333333333333332
SwingServerWindow:0.18
CursorOverRenderer:0.17666666666666667
DefaultConnectorRenderer:0.16
JFXServerWindow:0.15
AbstractMap2DSource:0.14
ARINCActiveArea:0.11333333333333333
JFXLayerPainter:0.10333333333333333
ARINCDataConnector:0.0
