FieldSearchServlet:0.6797222222222223
DefaultDisseminatorImpl:0.5378888888888889
