FlowExecutionRepository:0.7333333333333333
FlowExecutor:0.61
FlowExecutionKey:0.45
ResponseInstruction:0.4166666666666667
ContinuationFlowExecutionRepository:0.3466666666666667
FlowExecutorArgumentExtractor:0.30333333333333334
FlowExecutionContinuation:0.2966666666666667
AbstractFlowExecutionTests:0.2966666666666667
FlowAction:0.22
FlowExecutorImpl:0.21333333333333335
ClientContinuationFlowExecutionRepository:0.21333333333333335
FlowPhaseListener:0.21166666666666667
FlowExecutorIntegrationTests:0.19333333333333333
PortletFlowController:0.18666666666666668
FlowExecutionRepositoryServices:0.18
FlowRequestHandler:0.17333333333333334
FlowFacesUtils:0.1688174603174603
FlowController:0.16333333333333333
DefaultFlowExecutionRepositoryFactory:0.1536825396825397
AbstractFlowExecutionRepository:0.15333333333333332
TextToViewSelector:0.15333333333333332
FlowNavigationHandler:0.15333333333333332
FlowNavigationHandlerArgumentExtractor:0.15333333333333332
ContinuationFlowExecutionRepositoryCreator:0.15333333333333332
RequestPathFlowExecutorArgumentExtractor:0.14666666666666667
SharedMapFlowExecutionRepositoryFactory:0.12166666666666667
RebindingFlowExecutionRepository:0.12
SerializedFlowExecutionContinuation:0.12
ContinuationFlowExecutionRepositoryFactory:0.056666666666666664
RedirectType:0.03666666666666667
FlowExecutionLock:0.03666666666666667
NoOpConversationLock:0.0325
SerializedFlowExecutionContinuationFactory:0.0275
ConversationLockFactory:0.016666666666666666
FlowExecutionSerializationException:0.013333333333333334
NoSuchFlowExecutionException:0.006666666666666667
CannotContinueFlowExecutionException:0.006666666666666667
FlowExecutionContinuationFactory:0.0
UtilConcurrentConversationLock:0.0
JdkConcurrentConversationLock:0.0
