LayerRef:0.4166666666666667
DefaultServerXMLDFHandler:0.3933333333333333
ServerDevices:0.3146666666666667
RenderingLayerImpl:0.3146666666666667
AbstractServerCockpit:0.28
DebugBufferHandler:0.24333333333333335
ServerXMLSymbolsHandler:0.23666666666666666
ARINCModelFactory:0.22166666666666668
AbstractInteractiveWidget:0.21666666666666667
