Event:0.56
Entry:0.4166666666666667
FileAttachment:0.26666666666666666
UserPropertiesPK:0.22666666666666666
UserPerFolderPK:0.13333333333333333
PersistentObject:0.12666666666666668
PersistentLongIdObject:0.12333333333333334
VersionAttachment:0.12333333333333334
FileItem:0.1
LibraryEntryExistsException:0.043333333333333335
