ContentRegistryNode:0.6933333333333334
ContentRegistryNodeJSONWrapper:0.30666666666666664
ContentRegistryNodeLoaderResult:0.29333333333333333
ContentRegistryNodeLoader:0.2361111111111111
RewriteContentRegistryController:0.06666666666666667
