Mouse:0.5533333333333333
WindowsDisplay:0.32666666666666666
MacOSXDisplay:0.30333333333333334
MouseTest:0.2677777777777778
LinuxDisplay:0.26
InputImplementation:0.23666666666666666
