Configuration:0.72
BLMethods:0.5766666666666667
mddViewer:0.23
SourceViewControllerHandler:0.20666666666666667
