ActorModule:0.4677777777777778
ActorLoader:0.4066666666666667
ASMUtil:0.35444444444444445
