MainPage:0.5866666666666667
ExecuteScriptImport:0.3933333333333333
AddBase:0.22
