ExtensionService:0.6233333333333333
ExtensionServiceSqlMap:0.5533333333333333
IExtensionService:0.44333333333333336
