WYSIWYGHTMLEditor:0.55
WYSIWYGPlugin:0.5133333333333333
BaseHtmlFormType:0.29333333333333333
