DriverConnection:0.51
ReceiveChannelEndpoint:0.26666666666666666
DriverConductor:0.185
Receiver:0.16
ReceiverTest:0.15833333333333333
DispatcherSubscription:0.14333333333333334
DataFrameDispatcher:0.13
ReceiverProxy:0.11333333333333333
