ListFolderController:0.6833333333333333
ViewEntryController:0.36333333333333334
WorkspaceTreeController:0.3233333333333333
