RestoreSnapshotRequest:0.6766666666666666
SharedClusterSnapshotRestoreTests:0.4066666666666667
RestoreRequest:0.27666666666666667
RestoreSnapshotRequestBuilder:0.25333333333333335
RestoreService:0.19444444444444445
TransportRestoreSnapshotAction:0.17
