UserIdHandler:0.5908888888888888
Builder:0.44333333333333336
IAMExample:0.2733333333333333
Module:0.03
