HttpUploadActivity:0.35
DownloadTarget:0.35
HttpThreadTask:0.3122222222222222
DownloadGroupTarget:0.20666666666666667
