List:0.43666666666666665
PrimativeList:0.3638888888888889
DefaultPrimativeListStrategy:0.33
ListDoubleArrayListStrategy:0.33
