Feature:0.37
Ribosome:0.35111111111111115
GameWriter:0.3433333333333333
ChadoWriter:0.33666666666666667
DateConv:0.27
GenFeat:0.26666666666666666
SMTPTR:0.26666666666666666
Span:0.24666666666666667
Pub:0.24666666666666667
FeatLoc:0.24
Dbxref:0.21666666666666667
GameSaxReader:0.2
ChadoSaxReader:0.18666666666666668
Mapping:0.09666666666666666
GTC:0.08666666666666667
