UURI:0.9233333333333333
DomainScope:0.29333333333333333
