DriverDataSource:0.565
AbstractFlywayMojo:0.39
MavenTestCase:0.36666666666666664
MigrateMojo:0.18333333333333332
InfoMojo:0.017777777777777778
ValidateMojo:0.017777777777777778
