DecoratedLabelSkin:0.4766666666666667
DecoratedButtonSkin:0.4766666666666667
