XCAAbstractRequestCollection:0.45666666666666667
XCARespondingGateway:0.21333333333333335
XCAIGAdhocQueryRequest:0.20666666666666667
XCARequestController:0.20666666666666667
XCAInitiatingGateway:0.2
XCARetrieveRequestCollection:0.19666666666666666
XCAQueryRequestCollection:0.19666666666666666
XCAAdhocQueryRequest:0.18333333333333332
XCAAbstractTransaction:0.16
XCARetrieveDocumentSet:0.15
XCARGAdhocQueryRequest:0.07333333333333333
XCAIGRetrieveDocumentSet:0.03
XCARGRetrieveDocumentSet:0.03
