NetcdfCRS:0.43166666666666664
SimpleTransform:0.3846666666666667
NetcdfIdentifiedObject:0.33881746031746035
Compound:0.334
Vertical:0.3188174603174604
NetcdfProjection:0.3
SimpleCitation:0.2877619047619047
SimpleTransform2D:0.23833333333333334
NetcdfTransform:0.22
Temporal:0.2080952380952381
SimpleTransform2DTest:0.14
SimpleGeographicBoundingBox:0.09333333333333334
