ArchiveDAOHibernateImpl:0.4633333333333333
ArchivingContext:0.3883333333333333
StringHelper:0.06833333333333333
