DefaultPortableReader:0.5847222222222223
PortableMultiPosition:0.4131111111111111
PortablePositionFactory:0.37
