StoreScpService:0.51
StoreScp:0.4866666666666667
QueryRetrieveScpService:0.27666666666666667
StgCmtCmd:0.25333333333333335
MoveTask:0.19
FileDataSource:0.18599999999999997
IANScuService:0.17
FileSystemMgtService:0.10666666666666667
FileUtils:0.08333333333333333
