AssetServlet:0.42333333333333334
AdminEnvironment:0.39
LoggingExceptionMapper:0.26666666666666666
GzipServletRequest:0.22666666666666666
