XmlConfigurationProvider:0.33666666666666667
ResultTypeConfig:0.32
PackageConfig:0.3
InterceptorConfig:0.2633333333333333
ActionConfig:0.24666666666666667
UnknownHandlerConfig:0.22666666666666666
ResultConfig:0.22333333333333333
ExceptionMappingConfig:0.22333333333333333
InterceptorStackConfig:0.19666666666666666
