WriteBehindStore:0.5466666666666666
DelayedEntry:0.4266666666666667
MapReplicationOperation:0.31666666666666665
AbstractDelayedEntry:0.14
InternalStoreListener:0.1
