DomNode:0.6766666666666666
HtmlPage:0.43666666666666665
DomNodeTest:0.25333333333333335
