ShamFile:0.6751111111111111
ShamLaunchConfigurationType:0.3433333333333333
