FileSystemChangeListener:0.7333333333333333
FileSystemTreeModel:0.26666666666666666
