Project:0.5266666666666666
ProfileSearchRequest:0.42
ProjectDAOHibernateImpl:0.15
SearchRequestSupport:0.14416666666666667
ProjectDAO:0.09166666666666666
ProjectService:0.013333333333333334
