UrlMapImpl:0.715
DefaultLoading:0.3333333333333333
MvcBaseTest:0.14333333333333334
NemberTwoModule:0.09
