NavigationTag:0.58
LogFileTest:0.5238888888888888
ArtifactsLinkTag:0.42380555555555555
