ComputedCSSStyleDeclaration:0.6066666666666667
HtmlFileInput2Test:0.4066666666666667
WebTestCase:0.2633333333333333
