DirectPosition:0.5481111111111111
SimpleDirectPosition:0.26666666666666666
Envelope:0.24416666666666667
GenericName:0.17666666666666667
RepresentativeFraction:0.11994444444444445
Position:0.09853968253968254
NameSpace:0.08738888888888888
