FileInspectorPanel:0.5333333333333333
ProgressDialog:0.5066666666666667
FileInspectorFrame:0.20333333333333334
