Group:0.6333333333333333
UserAccessBean:0.29
RoleListPanel:0.27
GroupListPanel:0.15555555555555556
CreateOrEditGroupForm:0.14666666666666667
GroupValidator:0.14666666666666667
CreateOrEditRoleForm:0.14
