DropDownButton:0.5166666666666667
QuickFormEditor:0.5033333333333333
MessageNodeDialog:0.35333333333333333
