ConfiguredClass:0.59
EntityClass:0.42333333333333334
EntitySourceImpl:0.3433333333333333
BasicAnnotationBindingTests:0.23
TemporalBindingTests:0.17666666666666667
SecondaryTableTest:0.16666666666666666
EmbeddableBindingTest:0.14
