BinaryRedisPipeline:0.5438333333333334
RedisPipeline:0.5438333333333334
Protocol:0.5266666666666666
Client:0.4166666666666667
Jedis:0.31666666666666665
BinaryClient:0.25333333333333335
MultiKeyPipelineBase:0.22666666666666666
PipelineBase:0.19
BinaryJedis:0.18333333333333332
