MemoryStats:0.7533333333333333
LocalMemoryStatsImpl:0.37
DefaultMemoryStats:0.29
LocalMemoryStatsImplTest:0.2633333333333333
HealthMetrics:0.22666666666666666
