OsgiServiceProxyFactoryBean:0.4066666666666667
OsgiBundleResourceTest:0.4066666666666667
OsgiBundleResourcePatternResolver:0.21133333333333332
OsgiServiceProxyFactoryBeanTest:0.2
OsgiServiceExporter:0.17666666666666667
OsgiBundleResourceLoaderTest:0.09
OsgiBundleResourcePatternResolverTest:0.016666666666666666
Cardinality:0.006666666666666667
ClassLoaderOptions:0.0
ReferenceClassLoadingOptions:0.0
