RepeatOperationsInterceptor:0.5432936507936508
RetryOperationsInterceptor:0.5432936507936508
