View:0.7266666666666667
DeliveriesTest:0.30666666666666664
MetaView:0.26666666666666666
MetaPropertyView:0.2633333333333333
ViewParser:0.23
MetaMemberView:0.11333333333333333
SetDefaultInvoiceAction:0.02
