SimpleItemHandler:0.59
AbstractStepFactoryBean:0.5133333333333333
DelegatingItemWriter:0.18333333333333332
StatefulRetryItemHandler:0.17
