Md5PasswordEncoder:0.59
ShaPasswordEncoder:0.5433333333333333
PlaintextPasswordEncoder:0.5266666666666666
BasePasswordEncoderTests:0.06
PlaintextPasswordEncoderTests:0.04666666666666667
BasePasswordEncoder:0.03333333333333333
Md5PasswordEncoderTests:0.0033333333333333335
ShaPasswordEncoderTests:0.0033333333333333335
