Ole32:0.6833333333333333
IDispatch:0.58
COMBindingBaseObject:0.35333333333333333
Dispatch:0.26
COMException:0.22
COMEarlyBindingObject:0.20666666666666667
IUnknownTest:0.19
IDispatchTest:0.19
MSOfficeDemo:0.18416666666666667
IUnknown:0.16
GuidTest:0.13666666666666666
VariantArg:0.09666666666666666
Unknown:0.056666666666666664
