SWTRenderer:0.6166666666666667
JChemPaintSWTWidget:0.3644444444444444
JChemPaintEditor:0.3466666666666667
ChangeModuleHandler:0.21666666666666667
