IllegalFieldValueException:0.7633333333333333
FieldUtils:0.49333333333333335
BaseGJChronology:0.33
TestIllegalFieldValueException:0.2866666666666667
GJLocaleSymbols:0.25333333333333335
SkipDateTimeField:0.2277777777777778
ZonedDateTimeField:0.20666666666666667
CutoverField:0.20666666666666667
CopticChronology:0.20333333333333334
CopticEraDateTimeField:0.20333333333333334
JulianChronology:0.20333333333333334
BaseChronology:0.19333333333333333
BaseDateTimeField:0.18666666666666668
ThaiBuddhistEraDateTimeField:0.17666666666666667
TestAll:0.14
