Extruder:0.6733333333333333
Printer:0.55
GenericRepRap:0.37
RrPolygon:0.3333333333333333
Attributes:0.29333333333333333
GenericExtruder:0.29333333333333333
RrPolygonList:0.2866666666666667
GCodeStepperMotor:0.26666666666666666
SNAPReprap:0.23166666666666666
BotConsoleFrame:0.21666666666666667
GCodeRepRap:0.21333333333333335
RrCSGPolygonList:0.20666666666666667
XYZTabPanel:0.20333333333333334
STLSlice:0.19666666666666666
LayerProducer:0.17
