Messages:0.7989285714285714
ActionExceptionHelper:0.45
ActorSelectTD:0.16944444444444445
