SerializationContext:0.5666666666666667
PortableContextAwareInputStream:0.4033333333333333
SerializationServiceImpl:0.38
DefaultPortableReader:0.24666666666666667
ComplexDataSerializable:0.22666666666666666
DefaultPortableWriter:0.21666666666666667
ByteArrayObjectDataInput:0.21216666666666667
ByteBufferObjectDataInput:0.21216666666666667
PortableSerializer:0.2
PortableTest:0.18333333333333332
SimpleDataSerializable:0.16333333333333333
NamedPortable:0.07333333333333333
