MadvocSuite:0.55
TomcatTestServer:0.32666666666666666
ManualRegistration:0.18777777777777777
