ParserATNSimulator:0.74
ArrayPredictionContext:0.38555555555555554
TestJavaLR:0.13266666666666665
