PropertyTreeWidget:0.5888888888888889
Cut:0.43
Copy:0.33
AdvancedEditor:0.2866666666666667
