ImageFeatureCreator:0.5966666666666667
ImageLayerManagerDialog:0.37666666666666665
AddImageLayerPlugIn:0.2812222222222222
CompositeReferencedImageFactory:0.27666666666666667
ImageLayerManagerPlugIn:0.1988888888888889
