Messages:0.4310555555555555
UpdatePermissionsOnDefinitionFormTag:0.31
PermissionTableBuilder:0.28
ExecutorNameConverter:0.08555555555555557
