CallTest:0.5055555555555555
RouteSelectorTest:0.4766666666666667
FakeDns:0.41
