AndroidManifest:0.5533333333333333
RobolectricContext:0.45666666666666667
RobolectricTestRunner:0.36277777777777775
RobolectricConfigTest:0.13666666666666666
WithDefaults:0.12777777777777777
RealApisWithDefaults:0.11666666666666667
WithCustomClassList:0.10666666666666667
RunnerForTesting:0.09333333333333334
