DefaultStepExecutorTests:0.5166666666666667
SimpleExitCodeExceptionClassifierTests:0.4255555555555556
SimpleExitCodeExceptionClassifier:0.25166666666666665
