ArchiveFileUtil:0.7433333333333333
ArchiveAndReplaySystemTest:0.38666666666666666
ImageArchivingSession:0.30333333333333334
ReplaySession:0.2633333333333333
