IndexShard:0.5966666666666667
MockController:0.36333333333333334
IndexingMemoryController:0.33
IndexingMemoryControllerTests:0.16
EngineRefresher:0.15444444444444444
ShardAndBytesUsed:0.05333333333333334
ShardsIndicesStatusChecker:0.043333333333333335
