Nil:0.36333333333333334
List:0.3333333333333333
StackTest:0.29
Queue:0.2866666666666667
Stream:0.2833333333333333
AbstractTraversableTest:0.24333333333333335
HashSet:0.23666666666666666
QueueTest:0.21666666666666667
StreamTest:0.21666666666666667
ListTest:0.21666666666666667
AbstractSeqTest:0.21333333333333335
HashSetTest:0.18
Cons:0.17722222222222223
