XMLLoader:0.5133333333333333
Model:0.4533333333333333
Frame:0.21666666666666667
Timer:0.1827777777777778
Renderer:0.17
XMLUtil:0.09944444444444445
Renderable:0.0867222222222222
MeshFrame:0.05333333333333334
BoneFrame:0.05333333333333334
BonedModel:0.05333333333333334
MeshedModel:0.02666666666666667
