FileBean:0.6215555555555555
RetrieveAETBean:0.5033333333333333
