Association:0.6433333333333333
DcmHandler:0.47711904761904766
Server:0.47711904761904766
LF_ThreadPool:0.29333333333333333
AssociationImpl:0.28
DcmSnd:0.23
MppsSnd:0.23
DcmRcv:0.17
FsmImpl:0.16666666666666666
ActiveAssociationImpl:0.16333333333333333
DcmHandlerImpl:0.14666666666666667
ServerImpl:0.07666666666666666
