Default:0.5316666666666666
InliningImplementationMatcher:0.4
InstrumentableMatcher:0.31166666666666665
