Label:0.8533333333333334
Database:0.36
RemoveAnnotationAction:0.22
OpenAnnotationAction:0.13333333333333333
