NodeExecutionManagerImpl:0.6666666666666666
ChannelWrapperLocal:0.45
TestJPPFClient:0.4066666666666667
