DayView:0.5666666666666667
CalendarWidget:0.5633333333333334
MonthView:0.44333333333333336
