CsvConstants:0.06444444444444444
ParameterConstants:0.06444444444444444
ErrorConstants:0.06444444444444444
Constants:0.06444444444444444
StatisticNameConstants:0.06444444444444444
