ComputedCSSStyleDeclaration:0.5033333333333333
StyleElement:0.4
StyleSheetTest:0.37333333333333335
Stylesheet:0.35
SelectorSpecificity:0.2833333333333333
SelectorSpecificityTest:0.023333333333333334
