CommonContext:0.8112698412698413
GapFillLossTest:0.801
DriverConductor:0.43333333333333335
