ReplicaSetConnectionStrategy:0.2733333333333333
MongoConnectorsImpl:0.27
ReplicaSetMonitor:0.27
MongosSetMonitor:0.2633333333333333
MongosHighAvailabilityConnectionStrategy:0.24666666666666667
ReplicaSetTest:0.11166666666666666
MongoConnectionStrategies:0.09666666666666666
MongoConnectionStrategiesImpl:0.09666666666666666
