DefaultRecordStore:0.5333333333333333
Employee:0.37
MapStoreTest:0.2966666666666667
MapLoadAllTask:0.1
ProcessingStore:0.05564814814814814
