Jdbcs:0.51
JdbcExpertConfigFile:0.47388888888888886
FileSqlManager:0.3063888888888889
