JadxSettings:0.8233333333333334
JadxCLIArgs:0.47
JadxSettingsAdapter:0.36333333333333334
