OcspConfiguration:0.6446666666666667
OcspJunitHelper:0.31333333333333335
ProtocolOcspHttpStandaloneTest:0.2833333333333333
OCSPServletBase:0.25666666666666665
ProtocolOcspHttpTest:0.21666666666666667
ProtocolOcspTestBase:0.20666666666666667
