RequestSpecification:0.8483333333333334
RequestSpecBuilder:0.31666666666666665
