ReplaceValuePlugIn:0.7133333333333334
DialogUtil:0.31999999999999995
OpenJumpConfiguration:0.14666666666666667
GenericNames:0.02
