FeaturePair:0.7733333333333333
SyntenyAdapterGUI:0.25677777777777777
