TestCls:0.71
ClassGen:0.41333333333333333
TestSwitchOverEnum:0.21
IntegrationTest:0.15666666666666668
TestConstructor:0.09489682539682537
TestTryCatch4:0.06
TestTryCatch5:0.06
TestSequentialLoops:0.06
TestArrayForEachNegative:0.06
TestIssue13a:0.06
TestWrongCode:0.06
TestAnonymousClass3:0.06
