ForceFieldConfigurator:0.5066666666666667
MM2BasedParameterSetReader:0.43333333333333335
MM2BasedAtomTypePattern:0.33866666666666667
MMFF94BasedParameterSetReader:0.33133333333333337
MMFF94BasedAtomTypePattern:0.3086666666666667
MMFF94PartialCharges:0.24400000000000002
VanDerWaalsInteractions:0.21333333333333335
ElectrostaticInteractions:0.21
