TestPlan:0.625
TestDescriptor:0.5569444444444445
JUnit5TestEngine:0.41
JUnit5TestEngineTests:0.25666666666666665
AbstractTestDescriptor:0.24666666666666667
JUnit5TestTree:0.22333333333333333
JUnit5RunnerListener:0.19
TestEngine:0.16666666666666666
TestExecutionNode:0.13944444444444445
JUnit4TestEngine:0.11333333333333333
Launcher:0.1
TestEngineStub:0.08666666666666667
