RegisteredService:0.6733333333333333
OAuthRegisteredService:0.31333333333333335
WSFederationRegisteredService:0.31333333333333335
OidcRegisteredService:0.31333333333333335
SamlRegisteredService:0.25333333333333335
Endpoints:0.24333333333333335
CasReportsConfiguration:0.23
RegexRegisteredService:0.19
