ThreadSafeConsoleWrap:0.41
ScriptingTools:0.36
Activator:0.12666666666666668
ScriptException:0.08333333333333333
JarClasspathLoader:0.06666666666666667
PluginLogger:0.043111111111111114
ScriptExecution:0.03333333333333333
