MethodNode:0.51
DexNode:0.49666666666666665
AnnotationsParser:0.34
EncValueParser:0.30333333333333334
DebugInfoParser:0.23666666666666666
InputFile:0.19
StaticValuesParser:0.06
