CallTest:0.45666666666666667
Request:0.39
Platform:0.36
Builder:0.35333333333333333
MockWebServer:0.23333333333333334
MainTest:0.22333333333333333
SocketConnector:0.14666666666666667
AuthenticatorAdapter:0.10333333333333333
