ATN:0.53
ATNState:0.38
ParserATNFactory:0.34
TestATNConstruction:0.25333333333333335
ATNSerializer:0.19111111111111112
TestATNSerialization:0.18666666666666668
ATNSimulator:0.18222222222222223
TailEpsilonRemover:0.09777777777777778
