LongRunningTest:0.42
ClientMapProxy:0.38
Backup:0.35333333333333333
LockTest:0.27666666666666667
HazelcastCache:0.19
