ClosingStrategy:0.475
AbstractStrategy:0.41833333333333333
PointStringAlgebra:0.36666666666666664
LinearStrategy:0.25333333333333335
ExploreStateStrategy:0.19527777777777777
ExploreListener:0.15666666666666668
