TcpReplicator:0.632
BGChronicleTest:0.4533333333333333
Attached:0.3893333333333333
DistributedSequenceMain:0.12
