ReplicaSet:0.5566666666666666
ReadPreference:0.305
ReadPreferenceTest:0.26
PrimaryReadPreference:0.19333333333333333
SecondaryReadPreference:0.06333333333333334
PrimaryPreferredReadPreference:0.06333333333333334
SecondaryPreferredReadPreference:0.06333333333333334
NearestReadPreference:0.06333333333333334
