MutualInformation:0.4033333333333333
JLHScore:0.3416666666666667
SignificanceHeuristicTests:0.29333333333333333
MutualInformationBuilder:0.21333333333333335
SignificantTermsSignificanceScoreTests:0.15333333333333332
SignificantTermsTests:0.13833333333333334
SignificanceHeuristic:0.13666666666666666
MutualInformationParser:0.10333333333333333
SignificantTermsHeuristicModule:0.04
