DataMBean:0.3272804232804233
TickerListener:0.3272804232804233
Data:0.24333333333333335
MarketData:0.18333333333333332
Ticker:0.09333333333333334
Trade:0.09166666666666666
NodeHandler:0.09061111111111113
TradeUpdater:0.06333333333333334
StatsCollector:0.05333333333333334
TickerEvent:0.04666666666666667
DataMBeanProvider:0.02694444444444444
TradeUpdateTask:0.02666666666666667
NodeSelector:0.023333333333333334
DataMBeanTest:0.006666666666666667
DataFactory:0.0033333333333333335
