ApplicationEntityManagerImpl:0.5066666666666667
CacheManager:0.475
SimpleMapDashboardWidget:0.29333333333333333
BGPSynchronizer:0.23
OSPConstants:0.19666666666666666
