StretchBendInteractions:0.32
PotentialFunction:0.31666666666666665
GeometricMinimizer:0.30666666666666664
LineSearch:0.2922222222222222
ForceFieldTools:0.29
ForceFieldTests:0.2633333333333333
AngleBending:0.25666666666666665
VanDerWaalsInteractions:0.25
BondStretching:0.23
MMFF94EnergyFunction:0.15666666666666668
TestPotentialFunction:0.15333333333333332
Torsions:0.13333333333333333
