GwtTeamingMessages:0.31666666666666665
RunAReportDlg:0.2866666666666667
GwtViewHelper:0.19777777777777777
FormTag:0.17333333333333334
GetJspHtmlCmd:0.16666666666666666
WebKeys:0.12169841269841271
CreditsController:0.1
