GeneralDocumentCreator:0.7734444444444445
HTMLDocumentCreator:0.4533333333333333
