JedisCluster:0.5833333333333334
JedisClusterCommand:0.4766666666666667
BinaryJedisCluster:0.3933333333333333
JedisSlotBasedConnectionHandler:0.23083333333333328
