ExtractorSetQsarsRSI:0.425
ExtractorAbundance:0.37333333333333335
Fragmenter:0.3408333333333333
ExtractorSetReactions:0.24666666666666667
