Builder:0.44666666666666666
ConvolutionalRBM:0.41
HazelCastStateTracker:0.2833333333333333
MnistConvNet:0.17666666666666667
DrawMnistGreyScale:0.17333333333333334
MultiThreadedTweetOpinionMining:0.15666666666666668
FilterRenderer:0.13333333333333333
ImageLoader:0.03333333333333333
