ApplicationActionBarAdvisor:0.4266666666666667
ApplicationWorkbenchAdvisor:0.4
DeleteAction:0.3933333333333333
