Util:0.59
TcpEventProxy:0.36333333333333334
Connection:0.24666666666666667
ActionDiscoveryServlet:0.12777777777777777
