AnalyzerServiceTest:0.37
AnalyzerService:0.2916666666666667
Planner:0.22
AstVisitor:0.21666666666666667
SQLParseService:0.21333333333333335
TransportSQLAction:0.21333333333333335
AnalysisVisitor:0.17333333333333334
AnalyzerDispatcher:0.17
Tokenizer:0.16666666666666666
GenericProperty:0.16044444444444445
CharFilters:0.13333333333333333
TokenFilters:0.13333333333333333
TestModule:0.03
