ConnectionNode:0.7866666666666666
NumericAttributeGaugeMeter:0.35333333333333333
ActSubMenuModel:0.2833333333333333
DisconnectAction:0.24666666666666667
OpenDashboardAction:0.21666666666666667
