Criteria:0.7433333333333333
JsonProviderFactory:0.37
JsonPath:0.31333333333333335
Filter:0.25666666666666665
