SQL:0.44666666666666666
Metadata:0.3333333333333333
Where:0.2833333333333333
LoaderConfig:0.26666666666666666
EdgeAttribLoader:0.1811111111111111
GnbInteraction:0.1811111111111111
