SymbolTable:0.5833333333333334
AbstractVirtualMachine:0.43
HopVirtualMachine:0.3311111111111111
CompilerEvent:0.26666666666666666
HopEditorParser:0.20333333333333334
