NioServer:0.7466666666666667
NodeNioServer:0.33
ClassNioServer:0.3
ClientNioServer:0.2
AcceptorNioServer:0.18666666666666668
