DeviceLayoutEditorTopComponent:0.6533333333333333
DeviceLayoutScene:0.51
DeviceLayoutsTopComponent:0.23444444444444448
ImportDeviceLayout:0.18
EditCustomShapeLayoutAction:0.16666666666666666
EditLayoutAction:0.16666666666666666
DeviceLayoutEditorService:0.05277777777777778
DeviceLayoutChildren:0.023333333333333334
ExportDeviceLayout:0.013333333333333334
DeviceLayoutsService:0.006666666666666667
ImageIconResource:0.0
DeviceLayoutsRootNode:0.0
