Files:0.5719444444444445
NutRunner:0.4666666666666667
