CursorImpl:0.5433333333333333
ResultQuery:0.5433333333333333
AbstractRecord:0.36333333333333334
AbstractQuery:0.29
jOOQAbstractTest:0.2633333333333333
SelectImpl:0.26166666666666666
CursorIterator:0.24333333333333335
CursorResultSet:0.21472222222222223
DSLContextImpl:0.21
AbstractResultQuery:0.19333333333333333
AbstractStoreQuery:0.19333333333333333
