HtmlInput:0.5991666666666666
DocumentTest:0.47361111111111104
HtmlSubmitInputTest:0.37666666666666665
