AtomContainer:0.6633333333333333
LonePair:0.4683333333333333
