ReflectionUtils:0.37333333333333335
PropertyBuilder:0.36
Reader:0.35
AbstractSerializableParameter:0.31666666666666665
ModelResolver:0.24666666666666667
SpecFilter:0.23
DescendantResource:0.17
ParameterProcessor:0.12333333333333334
ResourceWithKnownInjections:0.06666666666666667
InterfaceResource:0.04
QueryParameter:0.024444444444444442
FormParameter:0.024444444444444442
SubResource1:0.006666666666666667
SubResource2:0.006666666666666667
SubResource3:0.006666666666666667
