JPPFConnectionInformation:0.5541666666666667
NodeRunner:0.52
Receiver:0.3433333333333333
