Atom:0.71
MorganNumberToolsTest:0.39666666666666667
IsomorphismTesterTest:0.19666666666666666
IsomorphismTester:0.15666666666666668
CDKTests:0.15333333333333332
PathLengthTest:0.14333333333333334
MFAnalyserTest:0.14333333333333334
