AbstractCacheRecordStore:0.35
AtomicLongService:0.29333333333333333
AtomicReferenceService:0.29333333333333333
UnsortedIndexStore:0.2346666666666667
ClientCacheProxy:0.23333333333333334
MapSplitBrainHandlerService:0.1507777777777778
Merger:0.1441111111111111
ClusterServiceImpl:0.06
