GridCell:0.43666666666666665
TableNodeHandler:0.33
GridNodeHandler:0.30666666666666664
TableColumn:0.27
ButtonNodeHandler:0.08666666666666667
