Caffeine:0.5566666666666666
BoundedLocalCache:0.47
CacheContext:0.27666666666666667
AddTask:0.1811111111111111
GuavaLocalCache:0.1811111111111111
RefreshAfterWriteTest:0.13
CacheFromContext:0.12
