HtmlPage:0.56
HtmlElement:0.49666666666666665
WebAssert:0.35333333333333333
HtmlPageTest:0.2966666666666667
WebAssertTest:0.14
