SessionManager:0.6966666666666667
SessionTracker:0.27
LoginUtilities:0.2475
NamingUtilites:0.19333333333333333
