PredicateDefinitionHandler:0.48333333333333334
FunctionDefinitionHandler:0.42333333333333334
NodeHandler:0.32
InitialFunctionDefinitionHandler:0.26666666666666666
InitialPredicateDefinitionHandler:0.25
