Buffer:0.6366666666666667
BufferedSource:0.598
RealBufferedSource:0.3233333333333333
BufferedSourceTest:0.20666666666666667
ReadUtf8LineTest:0.14666666666666667
