XMLWidget:0.5066666666666667
ExtensionManager:0.3111111111111111
WidgetsRefHandler:0.28444444444444444
ARINCModelFactory:0.27666666666666667
XULExceptionViewer:0.25333333333333335
AbstractWidgetFactory:0.25
BasicClientEngine:0.25
StringUtils:0.24555555555555558
JFXPainterUtils:0.24333333333333335
ServerExtensionLoader:0.22449999999999998
AbstractServerEngine:0.22
AbstractEditBoxNumericRenderer:0.21666666666666667
WidgetTableConstructor:0.21
DefaultServerBinaryDFHandler:0.20666666666666667
DefaultClientXMLDFHandler:0.20666666666666667
DefaultARINCUtils:0.20666666666666667
DefaultServerXMLDFHandler:0.20666666666666667
DefaultClientBinaryDFHandler:0.20666666666666667
MapsPanel:0.20666666666666667
ServerMessageProcessor:0.205
ClientWidgetsRefHandler:0.18666666666666668
AbstractClientEngine:0.18666666666666668
EditorWidgetTableConstructor:0.18333333333333332
TestClientFactory:0.14333333333333334
TestServerFactory:0.14333333333333334
ExtensionServerFactoryTest:0.13666666666666666
ExtensionClientFactoryTest:0.11666666666666667
JFXComponentsExtractor:0.06916666666666667
TestARINCUtils:0.06322222222222224
