Threshd:0.49666666666666665
Vacuumd:0.45666666666666667
PassiveStatusKeeper:0.36
AbstractServiceDaemon:0.35333333333333333
Dhcpd:0.25
