PluginJAR:0.22311164
jEdit:0.19425878
ActionSet:0.18982555
JEditActionSet:0.16475032
ServiceManager:0.12228675
GUIUtilities:0.10362305
DockableWindowManager:0.102901764
OptionPane:0.09209928
ManagePanel:0.08759289
JARClassLoader:0.08488804
View:0.08199315
VFSBrowser:0.07699572
QuickNotepadPlugin:0.067527585
OptionGroup:0.06314059
AbstractOptionPane:0.06293745
DockableWindowFactory:0.062579334
PluginList:0.061666697
HelpTOCPanel:0.05299126
PluginOptions:0.050636813
DynamicMenuProvider:0.046642866
EBPlugin:0.04629718
Log:0.041719403
PluginsProvider:0.039914012
OptionsDialog:0.023791915
EnhancedMenu:0.018015496
LatestVersionPlugin:0.015994351
