MenuItemTextComparator:0.0956082
EditPlugin:0.08707897
jEdit:0.04857241
PluginJAR:0.04227527
DynamicMenuProvider:0.037106697
Log:0.017541554
