id:0.7266666666666667
ShadowApplication:0.44666666666666666
DrawableResourceLoaderTest:0.25
layout:0.1938888888888889
LayoutInflaterTest:0.19
ShadowContextWrapper:0.17
ContextWrapperTest:0.13333333333333333
RobolectricPackageManagerTest:0.10666666666666667
IntentComparator:0.016666666666666666
