DefinitionFile:0.6866666666666666
EmbedClientConfiguration:0.36
EmbedClient:0.35333333333333333
ClientDefinitionFile:0.31
ClientConfiguration:0.2966666666666667
ServerDefinitionFile:0.2866666666666667
UACDSHandler:0.2633333333333333
UACDSLayerLink:0.21333333333333335
UACDSWidgetLink:0.21333333333333335
UACDSDataProviderParserHandler:0.20472222222222225
UACDSParameterLink:0.14666666666666667
OpenUACDSAction:0.13666666666666666
LinksTreeRenderer:0.1345
UACDSExtension:0.11333333333333333
UACDSSettings:0.08
UACDSConfiguration:0.06666666666666667
UACDSPlugin:0.05777777777777779
AbstractUACDSLink:0.03333333333333333
