MainDesktopPane:0.42333333333333334
ResupplyWindow:0.41333333333333333
MainWindowMenu:0.33
ArrivedListPanel:0.20907407407407408
IncomingListPanel:0.20907407407407408
ResupplyDetailPanel:0.1188888888888889
ToolToolBar:0.06333333333333334
