MigrationTestCase:0.54
Table:0.37666666666666665
MetaDataTableTo202FormatUpgrader:0.33
MetaDataTableImpl:0.27666666666666667
