Connection:0.6683333333333333
ClientsView:0.27666666666666667
