PropertiesView:0.7669444444444444
DelegableCellEditor:0.41833333333333333
