HazelcastClient:0.54
Protocol:0.5366666666666666
ProxyHelper:0.38333333333333336
ExecutorServiceClientProxy:0.3466666666666667
SemaphoreClientProxy:0.3433333333333333
CollectionClientProxy:0.3
QueueClientProxy:0.28
MapClientProxy:0.2633333333333333
MultiMapClientProxy:0.23333333333333334
AtomicLongClientProxy:0.22
PartitionClientProxy:0.15333333333333332
RoundRobinRouter:0.11
ClusterClientProxy:0.10333333333333333
TopicClientProxy:0.09333333333333334
CountDownLatchClientProxy:0.09333333333333334
TransactionClientProxy:0.08666666666666667
ConnectionPool:0.08
Router:0.03666666666666667
