TpchMetadata:0.38666666666666666
SystemTablesMetadata:0.23
JmxMetadata:0.23
InformationSchemaMetadata:0.23
ExampleMetadata:0.23
DualMetadata:0.21333333333333335
