DeterministicKeyChain:0.65
KeyChainGroup:0.46399999999999997
KeyChainGroupTest:0.33666666666666667
