BooleanGrid:0.66
BooleanGridList:0.33666666666666667
SliceCache:0.31333333333333335
AllSTLsToBuild:0.3
