BaseLayer:0.6261111111111111
RecursiveAutoEncoder:0.48
RecursiveParamInitializer:0.2866666666666667
LayerFactories:0.17
