StatsStorage:0.8
J7FileStatsStorage:0.32666666666666666
TrainModule:0.31666666666666665
TrainModuleUtils:0.23666666666666666
BaseCollectionStatsStorage:0.16
TestStatsStorage:0.11666666666666667
