HandlerData:0.58
WfTask:0.3933333333333333
AlfHandlerData:0.36333333333333334
AlfHandler:0.1511111111111111
CommonParamBasedHandler:0.11
WfTaskFactory:0.1
