HSMCommandModule:0.4533333333333333
FileCopyService:0.35333333333333333
HSMFileBasedModule:0.34
AbstractHSMModule:0.2733333333333333
