Queue:0.7366666666666667
Success:0.25666666666666665
Nil:0.2127777777777778
AbstractList:0.14984920634920637
AbstractStream:0.14984920634920637
QueueTest:0.14
