UACDSParentInterfaceGroup:0.6861111111111111
DefaultUACDSEditor:0.43333333333333335
UACDSInterfaceGroup:0.30333333333333334
UACDSModel:0.27666666666666667
