CompressedFile:0.7
GMLInputTemplate:0.43666666666666665
OpenFileWizardState:0.32666666666666666
