NameTable:0.6466666666666666
Types:0.6233333333333333
FunctionizerTest:0.36333333333333334
Functionizer:0.24333333333333335
