User:0.76
UrlUtil:0.2811111111111111
AuthenticationManagerImpl:0.24
AuthenticationManagerUtil:0.22666666666666666
DigestBasedHardAuthenticationFilter:0.16666666666666666
DigestBasedSoftAuthenticationFilter:0.16666666666666666
