ReactionSetManipulator:0.5333333333333333
ControllerHub:0.39666666666666667
AtomContainerSetManipulator:0.2633333333333333
ReactionSet:0.2633333333333333
MakeReactantOrProductInNewReactionEdit:0.21333333333333335
MakeReactantOrProductInExistingReactionEdit:0.21333333333333335
