RestAssured:0.7488888888888889
AuthenticationSpecification:0.43213888888888885
AuthConfig:0.32666666666666666
