Building:0.48333333333333334
Unit:0.43
Settlement:0.42333333333333334
ThermalSystem:0.35333333333333333
LifeSupport:0.34
ThermalGeneration:0.24333333333333335
ElectricHeatSource:0.22833333333333333
TabPanelThermalSystem:0.19
TabPanelPopulation:0.17
HeatTableModel:0.16333333333333333
SolarHeatSource:0.14666666666666667
BuildingPanelThermalStorage:0.12333333333333334
SettlementWindow:0.07333333333333333
BuildingPanelThermal:0.05
