DefaultDOManager:0.5383333333333333
TableCreatingConnection:0.47333333333333333
MySQLDDLConverter:0.31444444444444447
McKoiDDLConverter:0.31444444444444447
