TreeViewSettings:0.6366666666666667
TimelineViewSettings:0.44666666666666666
