AndroidGraphicsLiveWallpaper:0.7933333333333333
GdxEglConfigChooser:0.43333333333333335
AndroidLiveWallpaper:0.29533333333333334
