DSLContext:0.6877777777777778
Parser:0.4033333333333334
