CookieBuilder:0.49333333333333335
CookieUtil:0.4266666666666667
CookieDecoderTest:0.21333333333333335
