Merge:0.42333333333333334
FetchPushDown:0.26666666666666666
InsertFromSubQueryAnalyzedStatement:0.23666666666666666
MultiSourceFetchPushDown:0.22666666666666666
FilterProjection:0.22027777777777782
MultiSourceFetchPushDownTest:0.14666666666666667
Visitor:0.14666666666666667
Builder:0.14666666666666667
ColumnIndexWriterProjection:0.13333333333333333
SelectStatementPlanner:0.07333333333333333
PhaseAndProjection:0.03222222222222222
VisitorContext:0.023888888888888887
