StringLiteral:0.4216666666666667
LongLiteral:0.38
DoubleLiteral:0.32666666666666666
Formatter:0.32
ExpressionInterpreter:0.27666666666666667
