AndroidTranslator:0.44666666666666666
ShadowWrangler:0.39
MethodGenerator:0.37666666666666665
AndroidTranslatorTest:0.31666666666666665
ClassHandler:0.29503968253968255
RobolectricInternals:0.27
RobolectricTestRunner:0.2446666666666667
InvocationPlan:0.19666666666666666
MethodGeneratorTest:0.11666666666666667
ClassCache:0.11
Pony:0.08666666666666667
ShadowClassWithStaticInitializerOverride:0.0685
ShadowClassWithoutStaticInitializerOverride:0.023888888888888887
ShadowOfClassWithSomeConstructors:0.023888888888888887
ClassWithStaticInitializerB:0.023888888888888887
ClassWithStaticInitializerC:0.023888888888888887
ClassWithStaticInitializerA:0.023888888888888887
ShadowClassWithProtectedMethod:0.017388888888888888
ClassWithProtectedMethod:0.017388888888888888
ClassWithSomeConstructors:0.017388888888888888
TextViewWithDummyGetTextColorsMethod:0.017388888888888888
ShadowPony:0.0
ShadowForClassWithNoDefaultConstructor:0.0
