CalendarTypeDescriptor:0.41
CoreMessageLogger:0.3222222222222222
Environment:0.2661111111111111
CalendarDateTypeDescriptor:0.23333333333333334
CalendarTimeTypeDescriptor:0.23333333333333334
