Options:0.45666666666666667
Simulator:0.44
LabelTree:0.39666666666666667
Editor:0.39
ControlDisplay:0.36333333333333334
SetStartGraphAction:0.3011111111111111
NewControlAction:0.3011111111111111
ControlJList:0.2966666666666667
TypeDisplay:0.29
ExportAction:0.27444444444444444
GraphJGraph:0.25833333333333336
JGraphPanel:0.25166666666666665
StoredGrammarView:0.24333333333333335
PrologDisplay:0.23
LTSJGraph:0.22666666666666666
RuleDisplay:0.22666666666666666
StateJList:0.21333333333333335
EnableRuleAction:0.2111111111111111
MyMouseListener:0.21
EditorPanel:0.21
LTSDisplay:0.20666666666666667
FormatError:0.20666666666666667
StateDisplay:0.2
DisplayWindow:0.19666666666666666
SimulatorAction:0.18666666666666668
NewPrologAction:0.18333333333333332
DisplaysPanel:0.17
PreviewControlAction:0.16666666666666666
PrologFile:0.16
ControlTextArea:0.15666666666666668
CtrlJGraph:0.15666666666666668
MyCellRenderer:0.145
CtrlView:0.14
EditControlAction:0.13
EditPrologAction:0.09694444444444444
SavePrologAction:0.062222222222222213
DeletePrologAction:0.03944444444444445
