IBioResource:0.8866666666666667
BioResource:0.6433333333333333
BioResourceView:0.44
