Detector:0.30666666666666664
AbstractUPCEANReader:0.2833333333333333
Code128Reader:0.15
Code39Reader:0.12666666666666668
AbstractOneDReader:0.12666666666666668
ITFReader:0.12666666666666668
BitMatrixParser:0.12666666666666668
