DataType:0.6766666666666666
TestPostgreSqlTypeMapping:0.3566666666666667
PostgreSqlClient:0.35333333333333333
