CliDeploymentTest:0.47333333333333333
JobListCommand:0.38
HostListCommand:0.18333333333333332
QueryFailureTest:0.12666666666666668
