EquivClassJCell:0.41
GraphInfo:0.38
GraphJModel:0.32666666666666666
ShapeJVertex:0.31666666666666665
GraphToTikz:0.31333333333333335
ShapeJGraph:0.21333333333333335
GraphPreviewDialog:0.18666666666666668
ShapePreviewDialog:0.07666666666666666
ShapeJPort:0.06722222222222221
ShapeJPortView:0.056666666666666664
JCellViewFactory:0.04
ShapeJEdge:0.030873737373737373
ShapeJCellViewFactory:0.03
ShapeJVertexView:0.03
ShapeJModel:0.03
ShapeJEdgeView:0.013333333333333334
