MultiLayerNetwork:0.58
CifarDataSetIterator:0.38666666666666666
LFWDataSetIterator:0.3433333333333333
DataSetIteratorTest:0.21333333333333335
MultipleEpochsIterator:0.16333333333333333
