ExprParser:0.5033333333333333
ExprTree:0.36
FieldExpr:0.3233333333333333
AspectEdge:0.275
ExprLexer:0.24
DFA10:0.21666666666666667
AspectGraph:0.2055
ExpressionTest:0.16666666666666666
assignment_return:0.017388888888888888
test_expression_return:0.017388888888888888
typedFieldOrVar_return:0.017388888888888888
fieldOrVar_return:0.017388888888888888
