LocalDate:0.7733333333333333
TestLocalDate_Basics:0.48333333333333334
TestAll:0.28
