UdpTransport:0.5166666666666667
DriverContext:0.42
DataFrameHandler:0.2633333333333333
SelectorTest:0.25333333333333335
Receiver:0.2227777777777778
DriverConductor:0.2041666666666667
ControlFrameHandler:0.20333333333333334
ClientProxy:0.16333333333333333
DriverConductorTest:0.12083333333333333
