EntryEvent:0.4666666666666667
DataAwareEntryEvent:0.39666666666666667
ClientMapProxy:0.2733333333333333
EntryEventData:0.27
AddEntryListenerEventParameters:0.23
PortableEntryEvent:0.22
MapEventPublisher:0.2105952380952381
ClientMapEventHandler:0.205
AddEntryListenerRequest:0.19333333333333333
WanReplicationTest:0.19333333333333333
MapEventPublishingService:0.17333333333333334
MapListener:0.14
MultiMapEventsDispatcher:0.12666666666666668
AbstractMapAddEntryListenerRequest:0.12333333333333334
MultiMapListener:0.11666666666666667
MergeOperation:0.11333333333333333
EntryListenerAdaptors:0.10666666666666667
MapEventPublisherSupport:0.09333333333333334
MapListenerAdaptors:0.05
