JCPEditorAppletMenuTest:0.6033333333333334
JChemPaintAbstractApplet:0.5733333333333334
TemplateBrowser:0.2
