Article:0.6363888888888889
Articles:0.4633333333333333
ArticleProcessor:0.38333333333333336
PermalinkFilter:0.15333333333333332
PageCacheFilter:0.14
