ReplicasProxy:0.6294444444444444
TransportResyncReplicationAction:0.30666666666666664
ResyncActionReplicasProxy:0.29888888888888887
PrimaryAllocationIT:0.2833333333333333
WriteActionReplicasProxy:0.27
