DOReader:0.8733333333333333
SimpleDOReader:0.47333333333333333
DefaultAccess:0.39666666666666667
FastDOReader:0.24
