PolicyBasedAuthenticationManager:0.575
CollectionUtils:0.5483333333333333
PolicyBasedAuthenticationManagerTests:0.2844444444444445
