Channel:0.8036111111111112
AbstractHandler:0.48333333333333334
PlainChannel:0.3933333333333333
