AbstractTestQueries:0.5283333333333333
PreferredProperties:0.4766666666666667
Rewriter:0.29333333333333333
