OAuthConfig:0.59
ServiceBuilder:0.48333333333333334
OAuthService:0.28
NingHttpClient:0.13666666666666666
AhcHttpClient:0.13666666666666666
