ReplicatedRecord:0.62
AbstractReplicatedRecordStore:0.4766666666666667
ReplicationPublisher:0.28
RemoteProvisionTask:0.1788888888888889
ReplicatedMapHitsAndLastAccessTimeTest:0.15666666666666668
ReplicatedMapInitChunkOperation:0.15472222222222223
