AnalysisResult:0.49666666666666665
SortItem:0.30666666666666664
Planner:0.2866666666666667
ExecutionPlanner:0.25666666666666665
StatementAnalyzer:0.24
PlanVisitor:0.17333333333333334
TestQueries:0.17333333333333334
Visitor:0.05944444444444444
