DefinitionManager:0.57
RewriteInstruction:0.4666666666666667
Graphic:0.34
Vertex:0.3
LoopDefinitionManager:0.29333333333333333
RewriteChoiceGenerator:0.27666666666666667
Edge:0.26
MethodDefinitionRequestMsg:0.215
LoopDefinitionRequestMsg:0.215
MethodDefinitionManager:0.21
RewriteListener:0.18
TrapCommand:0.17333333333333334
MangoAnnotation:0.10333333333333333
JPF_mango_rewriter_RewriterMJI:0.08333333333333333
HarvestChoiceTrap:0.08
InplaceChoice:0.07333333333333333
OutboundChoice:0.04666666666666667
SymbolHashRewriter:0.03333333333333333
HarvestChoiceSym:0.03
FreeAssumption:0.016666666666666666
InstantiateFreeChoiceCmd:0.013333333333333334
SpecifyCaseCmd:0.006666666666666667
HarvestChoiceCmd:0.0
