JalTwoStringMenuItem:0.61
JalAction:0.2833333333333333
SaveAlignFileAction:0.2833333333333333
SavePSFileAction:0.27666666666666667
GapCharAction:0.21666666666666667
AppletPostscriptAction:0.14
JalMenu:0.12666666666666668
EditMenu:0.11333333333333333
JalTwoStringToggleAction:0.09333333333333334
FileMenu:0.08333333333333333
JalMenuItem:0.05333333333333334
