BuiltinPredicateTests:0.6755555555555556
Predicate_rule_rhs:0.04666666666666667
Predicate_rule_priority:0.04666666666666667
Predicate_rule_lhs:0.04666666666666667
Predicate_rule_name_2:0.04666666666666667
Predicate_is_rule:0.0033333333333333335
Predicate_rule_name_1:0.0
