EGLDisplay:0.48333333333333334
FullScreenWindowedTest:0.41
DrawableGLES:0.3433333333333333
