SaveToPostGISDataSource:0.7033333333333334
RefreshDataStoreQueryPlugIn:0.20111111111111113
PostGISSaveDataSourceQueryChooser:0.19333333333333333
SaveToPostGISPlugIn:0.15
DataStoreQueryDataSource:0.145
