BusinessEntityManager:0.5978888888888889
WebserviceBeanImpl:0.44
WebserviceBean:0.3466666666666667
AbstractNode:0.33
NavigationTreeComponent:0.3233333333333333
EndToEndViewScene:0.25333333333333335
NavigationTreeModule:0.25
BusinessEntityManagerImpl:0.15333333333333332
AddServiceWindow:0.006666666666666667
AddCustomerWindow:0.006666666666666667
AddListTypeItemWindow:0.006666666666666667
DynamicTree:0.0033333333333333335
