BdbFrontier:0.5733333333333334
BdbWorkQueue:0.49
BdbMultipleWorkQueues:0.39666666666666667
