QueryBuilders:0.75
SearchQueryIT:0.27666666666666667
QueryDSLDocumentationTests:0.27666666666666667
IndicesModule:0.2633333333333333
HighlighterSearchIT:0.24666666666666667
IndexAliasesIT:0.23666666666666666
BasicBackwardsCompatibilityIT:0.21
OldIndexBackwardsCompatibilityIT:0.20333333333333334
SimpleIndexTemplateIT:0.2
