BuildTestSuite:0.5966666666666667
BuildServiceTest:0.31
BuildDetailTest:0.30666666666666664
BuildDetailControllerTest:0.23
TestSuiteExtractor:0.13
