CollisionJNI:0.5388888888888889
btDbvtNode:0.5366666666666666
FreetypeBuild:0.22555555555555554
