RepartitioningTask:0.37666666666666665
MigrationPlanner:0.14333333333333334
MigrationCorrectnessTest:0.13666666666666666
MigrationPlannerTest:0.12200000000000001
