AtomAPIServlet:0.6366666666666667
AtomUtils:0.4066666666666667
