InMemoryLookupCache:0.53
Word2Vec:0.47333333333333333
LuceneInvertedIndex:0.4633333333333333
VocabCache:0.25666666666666665
ParagraphVectors:0.22333333333333333
