MultiLayerNetwork:0.8733333333333333
ComputationGraph:0.6766666666666666
ComputationGraphTestRNN:0.19666666666666666
MultiLayerTestRNN:0.17333333333333334
