Simulation:0.7433333333333333
MainScene:0.37666666666666665
MainSceneMenu:0.3227777777777778
LoadSimulationTask:0.16444444444444445
