ProgramCounterAnnotationUpdater:0.9027777777777777
HopDebugger:0.7266666666666667
