Builder:0.5033333333333333
UdpDestination:0.49333333333333335
BitUtil:0.27666666666666667
