Entity:0.6833333333333333
Gedcom:0.5633333333333334
EditView:0.38666666666666666
Indi:0.2593888888888889
Fam:0.23666666666666666
PropertyTreeModel:0.23333333333333334
Media:0.20666666666666667
Source:0.20666666666666667
Repository:0.20666666666666667
Submitter:0.20666666666666667
PropertyTree:0.20666666666666667
Note:0.19
EditViewFactory:0.18666666666666668
ActionPropertyDel:0.16333333333333333
ActionBack:0.16333333333333333
ActionPropertyUpDown:0.12
CreateLinked:0.06666666666666667
ActionPropertyAdd:0.04
