PySet:0.6133333333333333
PyFrozenSet:0.5366666666666666
BaseSet:0.41
