ClassDescriptor:0.5766666666666667
VirtualMethodDescriptor:0.30666666666666664
CallStep:0.27694444444444444
AbstractVirtualMachine:0.25333333333333335
HopVirtualMachine:0.18472222222222223
Linker:0.18333333333333332
