Mesh:0.6833333333333333
GL30:0.6141666666666666
VertexArray:0.5466666666666666
PolygonSpriteBatch:0.21916666666666668
SpriteBatch:0.21666666666666667
DecalBatch:0.2
LwjglGraphics:0.1877222222222222
