CliCommandAuthenticationTest:0.6788888888888889
BaseCommand:0.4166666666666667
CliAuthenticationProviderSessionBean:0.285
