UrlEncoder:0.35333333333333333
ByteArrayDataSource:0.34
CharArrayResponseWrapper:0.27
StringOutputStream:0.20333333333333334
