CrawlURI:0.5666666666666667
URIStoreable:0.36188888888888887
SimpleSelector:0.30666666666666664
Processor:0.29
SimpleStore:0.2733333333333333
SimplePreconditionEnforcer:0.21333333333333335
CrawlController:0.21
SimplePreselector:0.06
HTTPRecorder:0.0
FetchStatusCodes:0.0
