WhiteboardEditor:0.8533333333333334
SarosWhiteboardView:0.22333333333333333
