RuleJTree:0.6466666666666666
ExplorationTest:0.4633333333333333
CalculatorTest:0.19333333333333333
