DevelUtils:0.6266666666666667
LineViewer:0.25666666666666665
mddViewer:0.17777777777777778
SourceViewControllerHandler:0.16
GeneratedCodeViewer:0.15666666666666668
javaViewer:0.13
jspViewer:0.115
DataServlet:0.08666666666666667
DataPointerValueConverter:0.08333333333333333
