FeatureSetI:0.5633333333333334
SeqFeature:0.5433333333333333
FeatureSet:0.43666666666666665
AnnotatedFeatureI:0.31726190476190474
Transcript:0.2888888888888889
