Statistics:0.44333333333333336
AnalyzerGuru:0.44
LoggerUtil:0.3358333333333333
Message:0.3
AuthorizationPlugin:0.29
Indexer:0.26
AnalyzerGuruTest:0.24333333333333335
Matcher:0.23
RepositoryFactory:0.22666666666666666
HistoryGuru:0.22
AuthorizationFramework:0.19333333333333333
IOUtils:0.11333333333333333
