SimpleIdReaderTypeCache:0.20666666666666667
DocIdOrdinals:0.16333333333333333
SinglePackedOrdinals:0.16333333333333333
BigFloatArrayList:0.16333333333333333
SingleSparse:0.16333333333333333
BigDoubleArrayList:0.16333333333333333
Single:0.16333333333333333
BigIntArray:0.16333333333333333
SingleFixedSet:0.16333333333333333
WithOrdinals:0.16333333333333333
MultiDocs:0.16333333333333333
