EhCacheTicketRegistry:0.36666666666666664
JBossCacheTicketRegistry:0.27666666666666667
CompressionUtils:0.26666666666666666
MemCacheTicketRegistry:0.2633333333333333
CipherExecutor:0.2544444444444444
HazelcastTicketRegistry:0.24666666666666667
DefaultCipherExecutor:0.21666666666666667
AbstractTicket:0.17666666666666667
DefaultCasCookieValueManager:0.14333333333333334
