DataDefinition:0.8144444444444445
DataDefinitionImpl:0.8033333333333333
