CassandraRecordCursor:0.7244444444444443
TestCassandraConnector:0.5083333333333333
