RedissonScoredSortedSet:0.39666666666666667
RedissonMap:0.39666666666666667
RedissonSet:0.34
RedissonKeys:0.27666666666666667
