AbstractServerFactory:0.5858333333333333
DefaultServerFactoryTest:0.43666666666666665
ResourceTestResourceConfig:0.3933333333333333
