ChadoInstance:0.6066666666666667
PureJDBCTransactionWriter:0.38
JdbcChadoAdapter:0.36666666666666664
ChadoFeatureLoc:0.23333333333333334
FlybaseChadoInstance:0.23333333333333334
AbstractChadoInstance:0.20666666666666667
ChadoAdapter:0.19916666666666666
ChadoCds:0.19666666666666666
TigrChadoInstance:0.18333333333333332
XmlConfigFileParser:0.15333333333333332
