MediaBean:0.6522222222222223
ActivityFragmentModule:0.37666666666666665
ActivityFragmentComponent:0.11166666666666666
MediaGridComponent:0.09944444444444445
