Base64Coder:0.53
SpokFileFilter:0.4677777777777778
SpectrumResource:0.4633333333333333
MzdataToCMLSpectrumMapper:0.16666666666666666
CMLToMzdataSpectrumMapper:0.06666666666666667
