AbstractWidgetRefHandler6Test:0.7541666666666667
AbstractWidgetRefHandler3Test:0.4066666666666667
