IssuesTest:0.6166666666666667
PathCompiler:0.41
ArrayPathToken:0.37
DeepScanTest:0.2733333333333333
JsonOrgJsonProviderTest:0.22333333333333333
