PropertyBean:0.5433333333333333
TimelineView:0.5
SearchView:0.37666666666666665
BeanPanel:0.34
TimelineViewFactory:0.14
SearchViewFactory:0.14
