Airlock:0.7566666666666667
Rover:0.4033333333333333
Settlement:0.29333333333333333
ExitRoverEVA:0.23666666666666666
EnterRoverEVA:0.23333333333333334
CollectRockSamples:0.19666666666666666
