ExceptionSerializationTests:0.3933333333333333
StreamOutput:0.36333333333333334
NotSerializableExceptionWrapper:0.2833333333333333
WithRestHeadersException:0.18
UnknownHeaderException:0.05055555555555556
