XMethod:0.9166666666666666
Invoke:0.4166666666666667
MEPImplicit:0.3233333333333333
