CertificateStoreSessionBean:0.63
InternalCertificateStoreSessionRemote:0.33916666666666667
InternalCertificateStoreSessionBean:0.2833333333333333
CertificateStoreSessionTest:0.14666666666666667
