DiskLongFPSet:0.4
LongFPSet:0.3513174603174603
Frontier:0.3433333333333333
MemLongFPSet:0.3333333333333333
FPUURISet:0.2633333333333333
AbstractLongFPSet:0.2
