ExecutorServiceProxy:0.37666666666666665
MapService:0.31666666666666665
OperationServiceImpl:0.30333333333333334
MapEvictionTest:0.255
FutureProxy:0.25
LockTest:0.24333333333333335
MapEvictTask:0.21333333333333335
AbstractDistributedObject:0.14
ExecutorTest:0.13
NestedExecutorTask:0.11638888888888888
BasicTestTask:0.07727777777777779
EvictionTest:0.04666666666666667
MemberCheck:0.02
CancellationAwareTask:0.016666666666666666
