Fixer:0.9166666666666666
ISO19139InsertionService:0.27666666666666667
