Pair2:0.37
AsmHelper:0.31166666666666665
Chain:0.2833333333333333
InterceptorChain:0.2725
DefaultChain:0.2725
Daos:0.2633333333333333
AbstractClassAgent:0.22666666666666666
FieldMatcher:0.22194444444444447
NutStatement:0.21333333333333335
AopMethodAdapter:0.18
AsmClassAgent:0.14666666666666667
DefaultClassDefiner:0.14333333333333334
FastClassFactoryTest:0.12333333333333334
