RobolectricTestRunner:0.5
ColorResourceLoader:0.44
color:0.24277777777777776
ColorResourceLoaderTest:0.20333333333333334
id:0.07333333333333333
drawable:0.0
string:0.0
array:0.0
