Visitor:0.34
ArrayFilterFunction:0.21
MapTransformKeyFunction:0.18805555555555556
ArrayTransformFunction:0.18333333333333332
MapFilterFunction:0.18138888888888888
MapTransformValueFunction:0.18138888888888888
ApplyFunction:0.16666666666666666
BindCodeGenerator:0.165
InvokeFunction:0.16333333333333333
ArrayReduceFunction:0.14
BytecodeExpressionVisitor:0.11666666666666667
ZipWithFunction:0.11
