ClientLockProxy:0.43666666666666665
ClientProxy:0.35333333333333333
LockPortableHook:0.34
ClientLockTest:0.07
