TestUtils:0.79
CentralAuthenticationServiceImplTests:0.44333333333333336
ServiceData:0.44
RegisteredServiceEditBean:0.35
CasLoggerFactoryTests:0.26666666666666666
AbstractPrincipalAttributesRepository:0.26
RegisteredServiceViewBean:0.25127777777777777
CentralAuthenticationServiceImplWithMockitoTests:0.22333333333333333
AnonymousRegisteredServiceUsernameAttributeProvider:0.20666666666666667
RegisteredServiceResourceTests:0.15
AbstractArgumentExtractor:0.13666666666666666
AbstractServiceValidateControllerTests:0.09666666666666666
CasArgumentExtractor:0.07333333333333333
RegisteredServiceAttributeReleasePolicyTests:0.04666666666666667
DefaultCasAttributeEncoderTests:0.04
SamlCompliantLogoutMessageCreatorTests:0.02033333333333333
