ServerBinaryDFHandlerSymbolsTest:0.38666666666666666
ClientBinaryDFHandlerSymbolsTest:0.2966666666666667
AbstractBinaryDFHandler:0.2633333333333333
DefaultBinaryExporter:0.24
DefaultBinaryDFDecoder:0.22444444444444447
BinaryDFParser:0.12666666666666668
ServerBinaryDFHandlerSymbols2Test:0.03
