FiberScheduler:0.6466666666666666
ChannelTest:0.22333333333333333
FiberTest:0.20333333333333334
TransferSelectorTest:0.20333333333333334
GeneralSelectorTest:0.14
DelayedValTest:0.14
FiberAsyncTest:0.14
FiberAsyncIOTest:0.12
AsyncListenableFutureTest:0.10666666666666667
AsyncCompletableFutureTest:0.10666666666666667
TickerChannelTest:0.09
