FilterFactory:0.31333333333333335
Primitive:0.09166666666666666
Point:0.013333333333333334
Solid:0.013333333333333334
CompositeSolid:0.0
OrientableSurface:0.0
CompositeCurve:0.0
CompositeSurface:0.0
OrientableCurve:0.0
