GlassFishWebSocketHandler:0.7233333333333334
EndpointMapper:0.505
DefaultEndpointMapper:0.33666666666666667
