SelectStatementAnalyzerTest:0.57
MultiSourceSelect:0.4066666666666667
NestedLoopConsumerTest:0.37333333333333335
RelationSplitter:0.20666666666666667
RelationSplitterTest:0.19666666666666666
MultiSourceFetchPushDownTest:0.11333333333333333
