NodeOperationTree:0.42333333333333334
InformationSchemaTest:0.3433333333333333
NodeOperationTreeGenerator:0.25333333333333335
TableSettingsTest:0.21666666666666667
TablesSettingsExpression:0.15333333333333332
TableParameterInfo:0.15111111111111108
InformationTablesTableInfo:0.12
ExecutionPhasesTask:0.11666666666666667
CrateTableSettings:0.06333333333333334
ReferenceInfos:0.0515
Columns:0.0515
