RecoverySettings:0.49666666666666665
InternalTestCluster:0.4066666666666667
RecoverySourceHandler:0.27666666666666667
IndexRecoveryIT:0.25333333333333335
ESBackcompatTestCase:0.2
ApplySettings:0.1838888888888889
RecoverySettingsTests:0.17666666666666667
ClusterModule:0.1588888888888889
TruncatedRecoveryIT:0.12416666666666666
