Xml2Latex:0.6666666666666666
KernelFacade:0.38333333333333336
Xml2Xml:0.2966666666666667
Xml2Wiki:0.2966666666666667
