JdbcSqlTemplate:0.51
AbstractSqlTemplate:0.44333333333333336
CollectionUtils:0.25333333333333335
