Controller:0.7033333333333334
Main:0.6708333333333333
TextFieldValidator:0.31
