ObjectViewTopComponent:0.46
AbstractScene:0.44
ObjectViewService:0.3333333333333333
PhysicalPathScene:0.23666666666666666
Installer:0.22333333333333333
