Interpreter:0.5733333333333334
CommandLineParser:0.45
SessionThread:0.37333333333333335
