PlayTest:0.5966666666666667
PlayTestMemory:0.5866666666666667
