Mirror:0.4633333333333333
Mvcs:0.36666666666666664
SimpleClob:0.208
ClobValueAdaptor:0.13
BinObject:0.11666666666666667
BinaryDaoTest:0.08666666666666667
