QuerySpec:0.6133333333333333
RankEvalSpec:0.19666666666666666
RankEvalResult:0.19333333333333333
PrecisionAtN:0.18333333333333332
RankedListQualityMetric:0.13333333333333333
RankEvalResponse:0.11
TransportRankEvalAction:0.04666666666666667
RankEvalRequest:0.02666666666666667
EvalQueryQuality:0.023333333333333334
RatingMapping:0.01
RestRankEvalAction:0.0033333333333333335
