Validator:0.5566666666666666
ValidationContext:0.36333333333333334
FutureRule:0.26
PastRule:0.26
