AbstractArchiverSubCrawler:0.47333333333333333
ZipSubCrawlerInputStream:0.295
ZipSubCrawlerTest:0.16666666666666666
