Projection:0.45666666666666667
MergeOperation:0.42333333333333334
Aggregation:0.3933333333333333
TableIdent:0.36666666666666664
PlanNodeStreamerVisitor:0.35
GroupProjection:0.29
MergeNode:0.26666666666666666
TopNProjection:0.19194444444444445
ColumnProjection:0.18666666666666668
PlanNodeStreamerVisitorTest:0.16333333333333333
MergeOperationTest:0.13
AggregationProjection:0.11722222222222221
LocalMergeTask:0.11
TestMetaDataModule:0.06583333333333333
GroupProjectionTest:0.03222222222222223
TransportExecutorModule:0.03
PlannerTest:0.02666666666666667
TestReferenceResolver:0.01
