IrisClassificationSample:0.26
ForestFiresSample:0.19166666666666668
PredictingPerformanceOfCPUSample:0.15833333333333333
ConcreteStrenghtTestSample:0.15833333333333333
PredictingPokerHandsSample:0.15833333333333333
BalanceScaleSample:0.15833333333333333
WineClassificationSample:0.15833333333333333
ConceptLearningAndClassificationSample:0.15833333333333333
CarEvaluationSample:0.15833333333333333
GlassIdentificationSample:0.15833333333333333
PredictingTheReligionSample:0.15833333333333333
ShuttleLandingControlSample:0.15833333333333333
RBFClassificationSample:0.15833333333333333
AnimalsClassificationSample:0.15833333333333333
LensesClassificationSample:0.15833333333333333
