PrinterService:0.6533333333333333
PrinterServiceMBean:0.6466666666666666
PrintableImageBox:0.35333333333333333
