BuildAgentService:0.683888888888889
ZipUtil:0.45666666666666667
ZipUtilTest:0.23666666666666666
DistributedMasterBuilder:0.2325
BuildAgentServiceImpl:0.21
BuildAgent:0.20666666666666667
PropertiesHelperTest:0.14
