DateTime:0.3566666666666667
DateMath:0.32666666666666666
DateMathParser:0.27666666666666667
DateFieldType:0.25583333333333336
DateMathParserTests:0.22666666666666666
Timestamp:0.21333333333333335
Joda:0.21
DateFieldMapper:0.14
RangeQueryParser:0.11666666666666667
TimestampMappingTests:0.11
SimpleDateMappingTests:0.10666666666666667
SimpleJodaTests:0.07333333333333333
TimestampParsingException:0.0375
SimpleCountTests:0.02666666666666667
EpochTimeParser:0.0033333333333333335
