SmartsCoverageTest:0.49666666666666665
MsmartsTests:0.18
MnonotifyTests:0.056666666666666664
MextraTests:0.056666666666666664
MdictTests:0.056666666666666664
MinchiTests:0.056666666666666664
Mbuilder3dTests:0.056666666666666664
MsmilesTests:0.056666666666666664
MpdbTests:0.056666666666666664
MqmTests:0.056666666666666664
MforcefieldTests:0.056666666666666664
MlibiomdTests:0.056666666666666664
MvalencycheckTests:0.056666666666666664
MlibiocmlTests:0.056666666666666664
MqsarproteinTests:0.056666666666666664
