ClientConfiguration:0.5266666666666666
Builder:0.42
LoadGenerationWorker:0.2536111111111111
AsyncClient:0.21916666666666668
OpenLoopClient:0.1877777777777778
TestServiceImpl:0.17333333333333334
AsyncServer:0.14333333333333334
