LivingAccommodations:0.8066666666666666
Sleep:0.35333333333333333
IndexController:0.23666666666666666
