Logger:0.5533333333333333
ServerConfigurationParser:0.325
MenuFactory:0.31
DefaultBinaryExporter:0.29333333333333333
AbstractConfigurationParser:0.2633333333333333
ARINC661App:0.25
ClientConfigurationParser:0.23833333333333334
EditorPanel:0.22
EditorEngine:0.21
ServerWrapper:0.2
ClientWrapper:0.19
