EncodingManipulator:0.7233333333333334
PreferenceManager:0.2966666666666667
