HtmlHead:0.8716666666666667
HtmlHtmlTest:0.4066666666666667
