ErrorManager:0.5633333333333334
Tool:0.4266666666666667
Message:0.3
SemanticsPipeline:0.12123015873015872
