TestExecutionContext:0.6248888888888889
JUnit5TestEngineTests:0.36666666666666664
DescriptorBasedTestExecutionContext:0.33666666666666667
ClassTestExecutionNode:0.25333333333333335
TestExecutionNode:0.23333333333333334
MethodTestExecutionNode:0.21
BeforeAndAfterMethodInjectionTestCase:0.18666666666666668
MethodInjectionTestCase:0.1
MethodInvoker:0.09666666666666666
MockitoDecorator:0.043333333333333335
