DefaultHasher:0.701111111111111
SwingUtil:0.6
Hasher:0.4599444444444445
FastSet:0.2
