HttpWebConnection:0.51
WebDriverTestCase:0.3933333333333333
HtmlFileInput2Test:0.17666666666666667
ContentTypeUpload1Servlet:0.09916666666666667
BoundaryUpload1Servlet:0.09916666666666667
BoundaryUpload2Servlet:0.07333333333333333
ContentTypeUpload2Servlet:0.043333333333333335
