CheckedFunction7:0.3466666666666667
CheckedFunction8:0.3466666666666667
CheckedFunction5:0.3466666666666667
CheckedFunction6:0.3466666666666667
CheckedFunction1:0.30333333333333334
CheckedFunction2:0.30333333333333334
CheckedFunction3:0.30333333333333334
CheckedFunction4:0.30333333333333334
Function1:0.2633333333333333
Function3:0.2633333333333333
Function2:0.2633333333333333
Function5:0.2633333333333333
Function4:0.2633333333333333
Function7:0.2633333333333333
Function6:0.2633333333333333
Function8:0.2633333333333333
