Assert:0.44
PJDatum:0.41
EPSG:0.3433333333333333
AssertTest:0.18333333333333332
PJDatumTest:0.18
