UnitManager:0.45666666666666667
RobotJob:0.328
FoodProduction:0.2866666666666667
CookMeal:0.28
ProduceFood:0.25666666666666665
ArrivingSettlement:0.2377777777777778
Sleep:0.23666666666666666
Manufacture:0.20833333333333334
Resupply:0.18666666666666668
ProduceFoodMeta:0.14666666666666667
CookMealMeta:0.14
TendGreenhouseMeta:0.13666666666666666
ArrivingSettlementUtil:0.07
ChefBot:0.016666666666666666
