Beans:0.6033333333333334
SpnegoConfiguration:0.2966666666666667
Ldap:0.29
LdapUtils:0.26666666666666666
AbstractCasWebflowConfigurer:0.20666666666666667
SpnegoProperties:0.20333333333333334
LdapAuthorizationGenerator:0.18333333333333332
LdapServiceRegistryDao:0.16
CasManagementLdapAuthorizationConfiguration:0.14333333333333334
LdapAcceptableUsagePolicyRepository:0.10666666666666667
SpengoWebflowConfigurer:0.08333333333333333
SpnegoWebflowConfiguration:0.03666666666666667
