TypeUtils:0.6
ClassTransformerFactory:0.4852380952380953
TransformingLoader:0.39666666666666667
FieldProviderTransformer:0.36
ClassEmitter:0.22666666666666666
TransformDemo:0.21444444444444447
TestTransformingLoader:0.2
