Quote:0.6866666666666666
PronominalCoref:0.5583333333333333
