Console:0.5533333333333333
Shell:0.4033333333333333
BufferOutput:0.3144444444444444
SystemShell:0.26666666666666666
CommandoDialog:0.18666666666666668
DetachAction:0.013333333333333334
