IMap:0.5541666666666667
MapService:0.49
MapProxyImpl:0.2833333333333333
MapProxySupport:0.22
ClientMapProxy:0.16333333333333333
ListenerTest:0.08333333333333333
