TypeConversionUtil:0.8505555555555555
UpdateProcessVariableAction:0.22666666666666666
