Administrator:0.5
BatchModifyParser:0.35333333333333333
AutoModify:0.34
BatchIngest:0.26
LoginDialog:0.235
MassIngest:0.19666666666666668
SourceRepoDialog:0.16
