Producer:0.7266666666666667
AllSTLsToBuild:0.6133333333333333
