UUIDCodec:0.35
BinaryToUUIDTransformer:0.31333333333333335
DocumentCodec:0.26666666666666666
BsonReader:0.2535396825396825
BsonInput:0.24666666666666667
BsonBinaryReader:0.20833333333333334
DBObjectCodec:0.20333333333333334
Context:0.20277777777777778
JsonReader:0.19833333333333333
Builder:0.18
BsonDocumentReader:0.16833333333333333
ByteBufferBsonInput:0.16444444444444445
Mark:0.15666666666666668
DocumentCodecProvider:0.15333333333333332
JsonScanner:0.14833333333333334
DecoderContext:0.1076984126984127
BsonDocumentMarkableIterator:0.07166666666666667
