Map2SVG:0.4
LayoutFrame:0.37666666666666665
Map2SVGConverter:0.3566666666666667
PreviewMapReplacer:0.14444444444444446
