Alignment:0.5966666666666667
ColourMenu:0.23
ResidueProperties:0.22666666666666666
PIDThreshAction:0.20666666666666667
SeqCanvas:0.20333333333333334
AAFrequency:0.1
PIDColourScheme:0.08666666666666667
