Input:0.6533333333333333
HtmlInput:0.5166666666666667
InputTest:0.07666666666666666
