BuildingConfig:0.5533333333333333
Building:0.41
BuildingManager:0.22044444444444442
EarthReturn:0.22
Dining:0.18666666666666668
Recreation:0.18333333333333332
Management:0.18333333333333332
