StoreFileMetaData:0.5066666666666667
StoreTests:0.35
FileInfo:0.26
ReplicaShardAllocatorTests:0.23
FileInfoTests:0.10666666666666667
