RightHandSide:0.6544444444444445
TestJape:0.5566666666666666
