FragmentMolecule:0.6066666666666667
Fragmenter:0.25333333333333335
IPReactionsExtraction:0.23694444444444443
AdministratorFilesWriter:0.23694444444444443
ExtractorSetReactions:0.21777777777777782
AdministratorFilesReader:0.20777777777777778
FragmentController:0.19333333333333336
ExtractorProbability:0.17444444444444446
PredictWizard:0.12
