ParameterAveragingTrainingMaster:0.4216666666666667
ParameterAveragingTrainingWorker:0.3244444444444445
SparkComputationGraph:0.25333333333333335
SparkDl4jMultiLayer:0.25333333333333335
TestSparkMultiLayerParameterAveraging:0.12
