ReleaseFromServiceAction:0.5736666666666667
RelateToServiceAction:0.5736666666666667
