Adapter:0.54
PopupMenu:0.3433333333333333
FloatingActionButton:0.27666666666666667
WidgetsActivity:0.12
