XmlFlowModelBuilder:0.6466666666666666
FlowModelBuilder:0.49166666666666664
DefaultFlowModelHolder:0.26666666666666666
SimpleFlowBuilder:0.17666666666666667
