ApolloPanel:0.56
StrandedZoomableApolloPanel:0.3233333333333333
DrawableAnnotatedSeqFeature:0.32
ResidueProperties:0.28944444444444445
TypesObserver:0.25666666666666665
SiteView:0.2
