BuilderThread:0.6233333333333333
SDFAdapterFactory:0.6041666666666666
