Key:0.5966666666666667
Errors:0.52
Providers:0.26666666666666666
KeyTest:0.25666666666666665
BindingProcessor:0.245
AnnotationTypeStrategy:0.22587301587301586
SeaHorse:0.2063968253968254
PineTree:0.2063968253968254
ScopesTest:0.19333333333333333
InjectorImpl:0.1925
ProvisionException:0.17333333333333334
BinderTest:0.16333333333333333
InjectorTest:0.15333333333333332
InjectorBuilder:0.13666666666666666
Money:0.09666666666666666
Chicken:0.0025
Tree:0.0
