H2ResourceGroupsDao:0.78
SelectorRecord:0.41388888888888886
TestResourceGroupsDao:0.29333333333333333
SelectorSpec:0.19333333333333333
TestDbResourceGroupConfigurationManager:0.18
TestQueues:0.15333333333333332
