OneAssetStrikedOption:0.43
EuropeanOption:0.41333333333333333
EquityOptions:0.2966666666666667
VanillaOption:0.22666666666666666
