WebEditors:0.6966666666666667
TableModelDecorator:0.36
GenerateReportServlet:0.26666666666666666
SelectedRowsXTableModel:0.09333333333333334
