JTreeTester:0.4866666666666667
JTreeTesterTest:0.45666666666666667
JListTester:0.42333333333333334
JTableTester:0.31733333333333336
JComponentTester:0.25
JListTesterTest:0.12333333333333334
JTableTesterTest:0.12333333333333334
