Launch:0.7066666666666667
LaunchTest:0.4166666666666667
