HqlAnalyzer:0.47
HqlAnalyzeWalker:0.36583333333333334
ObjectTypeAST:0.2633333333333333
MddObjectType:0.14333333333333334
HibernateObjectType:0.0
