OgnlExpressionParser:0.3933333333333333
BeanWrapperExpression:0.27
GenericConversionService:0.2633333333333333
TypeConversionError:0.26277777777777783
TargetAccessError:0.23611111111111113
SourceAccessError:0.23611111111111113
DefaultMapping:0.23333333333333334
AbstractExpressionParser:0.12
BeanWrapperExpressionParser:0.04
ConversionService:0.013333333333333334
