ERDesignerLayoutRelationship:0.6716666666666666
ZestLayouter:0.32
MyRenderer:0.2733333333333333
SpringZestLayouter:0.08666666666666667
GridZestLayouter:0.08666666666666667
