Pagination:0.6657777777777778
ListIssuesActionUtil:0.58
EditPreferencesFormAction:0.30333333333333334
