QueueMBean:0.31666666666666665
AtomicLongMBean:0.28
CountDownLatchMBean:0.18
SemaphoreMBean:0.15666666666666668
SetMBean:0.15666666666666668
