ActivePDETestSuiteTest:0.3
ExceptionTest:0.29
AbstractTestCaseTest:0.13333333333333333
FailuresAndErrors:0.12333333333333334
SWTTestSuiteTest:0.09666666666666666
WorkbenchTestSuiteTest:0.09666666666666666
AllTests:0.02666666666666667
ForkedPDETestCaseTest:0.008981481481481483
PDETestFixtureTest:0.008981481481481483
