WebSocket:0.6866666666666666
WebSocketListener:0.5833333333333334
NettyWebSocket:0.43666666666666665
AsyncHttpClientConfig:0.391563492063492
WebSocketHandler:0.36
Builder:0.33666666666666667
Listener:0.2833333333333333
DefaultAsyncHttpClientConfig:0.23
ChannelManager:0.20666666666666667
AsyncHttpClientConfigDefaults:0.19333333333333333
TextMessageTest:0.18666666666666668
CloseCodeReasonMessageTest:0.16
ProxyTunnellingTest:0.16
ByteMessageTest:0.15
RedirectTest:0.11
