Utils:0.44333333333333336
SourceGenTriggers:0.37333333333333335
LL1PlusBlockSingleAlt:0.21666666666666667
DFA10:0.2110454545454545
DFA7:0.2110454545454545
DFA6:0.2110454545454545
DFA16:0.2110454545454545
OutputModelFactory:0.20666666666666667
ParserFactory:0.15
ParserFile:0.04238095238095239
RuleFunction:0.023333333333333334
