MoveNorthEastAction:0.23833333333333334
MoveNorthAction:0.23833333333333334
MoveEastAction:0.23833333333333334
MoveWestAction:0.23833333333333334
MoveSouthWestAction:0.23833333333333334
MoveSouthEastAction:0.23833333333333334
MoveNorthWestAction:0.23833333333333334
MoveSouthAction:0.23833333333333334
PreGameController:0.23666666666666666
InGameMenuBar:0.21666666666666667
TilePopupAction:0.18666666666666668
CenterAction:0.16
ActionManager:0.12666666666666668
