JoddJoy:0.6633333333333333
JoyDb:0.37333333333333335
JoyMadvoc:0.23666666666666666
