STS:0.42333333333333334
VariableTest:0.36
Gate:0.27666666666666667
SwitchRelation:0.2575
SymbolicStrategy:0.20666666666666667
RemoteStrategy:0.2
STSTest:0.18333333333333332
RuleInspector:0.16
GateTest:0.15666666666666668
