Generator:0.7
Parser:0.45666666666666667
DeclarationList:0.19666666666666666
