RepositoryData:0.4766666666666667
SnapshotInfo:0.38
BlobStoreRepository:0.34
RestoreOnlyRepository:0.18
SnapshotsService:0.17333333333333334
RepositoryDataTests:0.15
TransportGetSnapshotsAction:0.12333333333333334
BlobStoreRepositoryTests:0.07333333333333333
