CountingSort:0.47833333333333333
RadixSort:0.4666666666666667
Sorts:0.38333333333333336
