RetailerEditorConfiguration:0.6666666666666666
RetailerEditor:0.6066666666666667
