FileReadingIterator:0.6133333333333333
CloseAssertingBatchIterator:0.44166666666666665
SyncBatchItCollector:0.26
AsyncBatchItCollector:0.25666666666666665
SetBucketCallback:0.15666666666666668
