AvailabilityData:0.5416666666666666
NessusScan:0.44666666666666666
NotificationModel:0.2866666666666667
AssetModel:0.20333333333333334
