StatementGenerator:0.84
ObjectiveCImplementationGeneratorTest:0.41333333333333333
TreeConvertTest:0.21333333333333335
