ProcessDefinitionStub:0.5511111111111111
WfeScriptRunner:0.51
BotBean:0.08333333333333333
PermissionBean:0.06666666666666667
ProfileBean:0.06333333333333334
SubstitutionBean:0.06333333333333334
ExecutorBean:0.06
DefinitionBean:0.03333333333333333
ArchivingBean:0.006666666666666667
