Graph:0.5166666666666667
CompanyRecogntion:0.4633333333333333
UserDefinedAnalysisTest:0.29
