EditorFilteringTest:0.4866666666666667
NumericFormatterTest:0.25
JFXEditorFilteringTest:0.22666666666666666
ApplyScriptJFXAction15Test:0.15666666666666668
JFXEditorNoFilteringTest:0.10666666666666667
EditorNoFilteringTest:0.08666666666666667
