ManagementManager:0.43333333333333335
SiteNavigatorView:0.3933333333333333
Page:0.25
StandardPage:0.10666666666666667
Resolver:0.10333333333333333
