CollectionAgent:0.5933333333333334
ServiceCollector:0.4866666666666667
SnmpCollector:0.3466666666666667
UpdateRRDs:0.29333333333333333
IfInfo:0.28
CollectionSet:0.2733333333333333
CollectMethod:0.22333333333333333
CollectableService:0.21166666666666667
SnmpIfCollectorTest:0.20333333333333334
CollectionSpecification:0.19666666666666666
JMXCollector:0.19
CollectdTest:0.17666666666666667
NodeInfo:0.14333333333333334
