WalkSettlementInterior:0.7533333333333333
Teach:0.5433333333333333
MaintainGroundVehicleGarage:0.21666666666666667
Maintenance:0.21166666666666667
LoadVehicleGarage:0.21
PerformMathematicalModeling:0.205
ManufactureGood:0.205
ToggleFuelPowerSource:0.205
ObserveAstronomicalObjects:0.205
PerformLaboratoryExperiment:0.205
ToggleResourceProcess:0.205
StudyFieldSamples:0.205
ManufactureConstructionMaterials:0.205
SalvageGood:0.205
PerformLaboratoryResearch:0.205
UnloadVehicleGarage:0.20333333333333334
Sleep:0.20333333333333334
MedicalAssistance:0.20166666666666666
AssistScientificStudyResearcher:0.20166666666666666
ExitAirlock:0.20166666666666666
RepairMalfunction:0.20166666666666666
TendGreenhouse:0.20166666666666666
CookMeal:0.20166666666666666
EatMeal:0.19666666666666666
Workout:0.19666666666666666
RepairEmergencyMalfunction:0.18
NegotiateTrade:0.18
PrescribeMedication:0.18
Relax:0.16666666666666666
WalkInteriorTest:0.14333333333333334
WalkRoverInterior:0.13666666666666666
