Messages:0.7090000000000001
ConcordancesEditor:0.49
Toolbox:0.41
BackToText:0.2692777777777778
CorporaView:0.24444444444444446
ApplicationWorkbenchAdvisor:0.24
AddBase:0.1877777777777778
