CRUDOperationProvider:0.5566666666666666
DataHolder:0.5266666666666666
