Connection:0.6666666666666666
ClientEngine:0.6533333333333333
ClientEngineImpl:0.29333333333333333
TcpIpConnection:0.26
MockConnection:0.21833333333333332
HealthMonitor:0.21
MockSimpleClient:0.15666666666666668
ClientPacketProcessor:0.13333333333333333
HealthMetrics:0.09
CleanupDeadConnectionsThread:0.03
