Context:0.61
ArchiveReplayLoadTest:0.34
ArchiveConductor:0.33666666666666667
Archiver:0.2866666666666667
ListRecordingsSession:0.245
Configuration:0.22916666666666666
ReplaySession:0.22777777777777777
