View:0.8133333333333334
Product2OnlySoftwareTest:0.27666666666666667
