Server:0.6666666666666666
Geonetwork:0.27666666666666667
