SWDownloadFile:0.6633333333333333
Cfg:0.5866666666666667
