AnnotatedBean:0.6795555555555556
ServiceReferenceInjectionBeanPostProcessor:0.4583333333333333
