ServiceProcess:0.8266666666666667
ServiceProcessImpl:0.3466666666666667
ModuleArbiter:0.3433333333333333
PluginCall:0.25916666666666666
