ReturnCollector:0.6266666666666667
BioclipseJob:0.39666666666666667
