Multiplicity:0.5608333333333333
Materialisation:0.5066666666666667
TestMaterialisation:0.3333333333333333
PatternShape:0.3233333333333333
TestPatternShapeGenerator:0.19666666666666666
