ModuleManager:0.5788888888888889
Product5:0.43666666666666665
POJOPersistenceProviderBase:0.37333333333333335
