jOOQAbstractTest:0.5838888888888889
KeepResultSetTests:0.51
AbstractRecord:0.39666666666666667
