LoadBalancer:0.6933333333333334
App:0.46166666666666667
AppTest:0.20333333333333334
