Entity:0.4066666666666667
NutDao:0.36666666666666664
EntityField:0.3566666666666667
DTable:0.31666666666666665
Sqls:0.2833333333333333
DefaultEntityMaker:0.22444444444444447
SqlMaker:0.15666666666666668
PsqlExpert:0.15333333333333332
ManyManyCondition:0.13666666666666666
MapLoader:0.125
ManyCondition:0.12
Exp:0.11666666666666667
Utils:0.11
EntityParsing:0.06666666666666667
PkTest:0.03333333333333333
