Element:0.5633333333333334
Selector:0.36333333333333334
SelectorTest:0.12666666666666668
IndexLessThan:0.09666666666666666
IndexGreaterThan:0.09666666666666666
IndexEquals:0.09666666666666666
IndexEvaluator:0.0
