Type:0.8133333333333334
Signature:0.44666666666666666
TypeRegistry:0.29
TestingTypeManager:0.24666666666666667
ModelType:0.23666666666666666
TestFunctionRegistry:0.23666666666666666
AbstractType:0.23
TypeManager:0.013333333333333334
