Configuration:0.5833333333333334
Context:0.5666666666666667
ReceiveChannelEndpoint:0.4533333333333333
