GUIRegistry:0.62
LookAndFeelUtils:0.43666666666666665
LookAndFeelFailedException:0.11666666666666667
ClassUtils:0.06666666666666667
