Viewer:0.4888888888888889
Text:0.31333333333333335
NodeInfoMaker:0.28
NodeInfoObs:0.1511111111111111
Line:0.07666666666666666
LineList:0.02
