PomBuilder:0.5233333333333333
SourceSet:0.42
SourceType:0.3566666666666667
MavenizeTest:0.32
