State:0.45666666666666667
StateMachine:0.35
SCEventGenerator:0.2966666666666667
SCEventGeneratorFactory:0.27666666666666667
JPF_gov_nasa_jpf_sc_StateMachine:0.24333333333333335
