FindFile:0.52
ActionsManager:0.36666666666666664
FilesIterator:0.334
FileExtensionComparator:0.26232936507936516
FolderFirstComparator:0.26232936507936516
FileNameComparator:0.26232936507936516
MultiComparator:0.26232936507936516
FileLastModifiedTimeComparator:0.26232936507936516
NaturalOrderComparator:0.09166666666666666
ComparableComparator:0.0
