NDArray:0.7033333333333334
ComplexNDArray:0.47333333333333333
JCUBlasNDArray:0.36666666666666664
LossFunctions:0.23666666666666666
NDArrayTests:0.21666666666666667
BaseNDArrayFactory:0.21333333333333335
LossFunctionTests:0.11
