Packet:0.47
BaseManager:0.3433333333333333
HazelcastTest:0.3333333333333333
ClusterTest:0.20333333333333334
AddressPicker:0.16333333333333333
