MainFrame:0.43333333333333335
Editor:0.4
WaitDialog:0.2733333333333333
CollectionSelectionDialog:0.26666666666666666
JFontChooser:0.25
Splash:0.23666666666666666
UserGroupEditor:0.2
AppearanceDialog:0.19666666666666666
OptionsDialog:0.19666666666666666
SearchDialog:0.1897222222222222
OKAction:0.17666666666666667
NewResourceDialog:0.17333333333333334
OkCancelDialog:0.16666666666666666
TextAttributesChooser:0.165
TestFlexibleGazetteer:0.16
TestMaxentWrapper:0.16
BootStrapDialog:0.15166666666666667
ListEditorDialog:0.15
CancelAction:0.12333333333333334
CreateResourceRunner:0.12333333333333334
NewBootStrapAction:0.11666666666666667
AboutPaneDialog:0.11666666666666667
CreateIndexAction1:0.11
HelpAboutSlugAction:0.08333333333333333
NewDocumentAction:0.07333333333333333
SearchAction:0.07
