Layer:0.69
MultiLayerNetwork:0.52
GravesLSTM:0.47
ConvolutionLayer:0.3
SimpleOptimizableModel:0.2633333333333333
BaseLayer:0.24333333333333335
RNTN:0.21
SubsamplingLayer:0.21
OutputLayer:0.18666666666666668
GravesLSTMTest:0.14583333333333334
