Category:0.7933333333333333
RTCPostSubscriberTimerTask:0.2733333333333333
TcpEventProxy:0.21416666666666667
RTCPostSubscriber:0.17833333333333334
InitializerServletContextListener:0.13888888888888887
CategoryList:0.11
