BlockStore:0.51
Sha256Hash:0.49333333333333335
Block:0.49
Message:0.37666666666666665
TransactionInput:0.22333333333333333
Transaction:0.21666666666666667
TransactionOutPoint:0.15833333333333333
Peer:0.15666666666666668
BlockChainTest:0.15166666666666667
InventoryItem:0.12
ListMessage:0.12
BoundedOverheadBlockStore:0.11333333333333333
MemoryBlockStore:0.11333333333333333
DiskBlockStore:0.105
GetBlocksMessage:0.06666666666666667
