WorkbenchFrame:0.79
SaveDatasetsPlugIn:0.33
SaveLayersWithoutDataSourcePlugIn:0.2644444444444445
ViewAttributesPlugIn:0.24666666666666667
