ColumnarMap:0.7533333333333333
TestColumnarMap:0.4766666666666667
