CloseableKryoFactory:0.6366666666666667
CasKryoTranscoder:0.38
CasKryoPool:0.36444444444444446
