ProfileModule:0.94
ResourceUtil:0.41
ProfileModuleImpl:0.37
LimitedUserView:0.34
PrincipalResource:0.27
UserResource:0.21333333333333335
AbstractPrincipalResource:0.043333333333333335
