Transcript:0.6933333333333334
ApolloNameAdapterI:0.33916666666666667
FlyNameAdapter:0.30333333333333334
DefaultNameAdapter:0.30333333333333334
