ExtensionLoader:0.6633333333333333
ConfigTest:0.38666666666666666
AbstractReferenceConfig:0.33666666666666667
ReferenceBean:0.17333333333333334
ServiceBean:0.17
