ServerHttpSecurity:0.4766666666666667
AuthenticationWebFilter:0.44333333333333336
AuthenticationWebFilterTests:0.2866666666666667
FormLoginSpec:0.20805555555555558
HttpBasicSpec:0.19472222222222224
SecurityContextServerLogoutHandler:0.19333333333333333
