FieldDefinitionImpl:0.7633333333333333
DataDefinitionImpl:0.44333333333333336
SharedFieldData:0.16666666666666666
SharedMddData:0.11055555555555555
