BeanInvokingActionParameters:0.5166666666666667
BeanInvocationParameters:0.49333333333333335
AbstractFlowBuilder:0.45666666666666667
XmlFlowBuilder:0.3333333333333333
