Testumgebung:0.3277777777777778
SunshineSphere:0.3233333333333333
SunshineBox:0.2866666666666667
SunshineRaytracer:0.26666666666666666
SunshineObject:0.25731746031746033
SunshineLight:0.18333333333333332
Sunshine:0.16333333333333333
SunshineSceneVisitor:0.08666666666666667
