RuntimeClass:0.53
AnalyzerCaster:0.22666666666666666
LBrace:0.19
LField:0.19
WriterUtility:0.15333333333333332
STrap:0.15
