ConnectorAccessControl:0.49542857142857144
AccessControl:0.49542857142857144
AccessDeniedException:0.38
AbstractTestIntegrationSmokeTest:0.36
NoAccessControl:0.24666666666666667
AllowAllAccessControl:0.24666666666666667
SqlStandardAccessControl:0.22
DenyAllAccessControl:0.22
RenameColumnTask:0.22
ReadOnlyAccessControl:0.22
TestingAccessControlManager:0.21
AccessControlManager:0.12333333333333334
