SyntenyComparaAdapter:0.7366666666666667
SyntenyComparaAdapterGUI:0.6433333333333333
