VisibilityChangeListener:0.5122222222222222
BootstrapButton:0.47
BootstrapAlert:0.39666666666666667
BootstrapAlertExample:0.10666666666666667
