JMagnifier:0.59
JMagnifierDialog:0.5
JMagnifierInterface:0.25666666666666665
JMagnifierEditorTest:0.21444444444444447
