ProfileDao:0.6633333333333333
BinderHelper:0.5166666666666667
ObjectKeys:0.4032222222222222
BinderModuleImpl:0.23
ProfileDaoImpl:0.23
AbstractBinderProcessor:0.2225
AbstractFolderModule:0.21333333333333335
