PatientModel:0.56
ContentEditService:0.4666666666666667
StudyListPage:0.2658333333333333
ContentEditDelegate:0.25333333333333335
Mpps2MwlLinkPage:0.23666666666666666
Mpps2MwlLinkPanelM:0.21
MppsToMwlLinkBean:0.19666666666666666
MppsToMwlLinkLocal:0.1842063492063492
SelectPatientWindowPanel:0.056666666666666664
ContentPanel:0.0
