AbstractIPAddressPattern:0.4633333333333333
RangePattern:0.45
ConfigurationHelper:0.43666666666666665
IPv6AddressPattern:0.27666666666666667
PatternConfiguration:0.17419047619047615
GroovyScriptRunner:0.14333333333333334
