IndexShard:0.5666666666666667
InternalEngine:0.3333333333333333
IndicesService:0.26666666666666666
ShadowEngine:0.21333333333333335
FlushRequest:0.17333333333333334
