Log:0.8072222222222222
LogTest:0.2833333333333333
