AbstractInteropTest:0.7966666666666666
InProcessTest:0.17
Http2OkHttpTest:0.12333333333333334
AutoWindowSizingOnTest:0.12
Tester:0.11333333333333333
TransportCompressionTest:0.09333333333333334
Http2NettyTest:0.09
Http2NettyLocalChannelTest:0.04
