OsgiBundleResourcePatternResolver:0.7166666666666667
AbstractDelegatedExecutionApplicationContext:0.42
BundleClassPathWildcardTest:0.14666666666666667
