IMap:0.67
DataMapProxy:0.41333333333333333
MapService:0.41333333333333333
MapContainer:0.3566666666666667
MapMBean:0.30333333333333334
AllTest:0.25
RemoveInterceptorOperation:0.25
ObjectMapProxy:0.24666666666666667
TestApp:0.22194444444444447
MapProxySupport:0.19333333333333333
MapListenHandler:0.18
RemoveInterceptorOperationFactory:0.15333333333333332
ListenerTest:0.14333333333333334
MapRemoveInterceptorRequest:0.14333333333333334
MapAddEntryListenerRequest:0.14
InterceptorTest:0.11666666666666667
MapRemoveInterceptorHandler:0.09666666666666666
