LotteryConstants:0.6822777777777776
PlayerDetails:0.4166666666666667
LotteryTicket:0.3933333333333333
MongoTicketRepository:0.2966666666666667
LotteryService:0.14
MongoTicketRepositoryTest:0.11333333333333333
LotteryModule:0.10666666666666667
LotteryTestingModule:0.07666666666666666
SampleData:0.07
LotteryAdministration:0.043333333333333335
ConsoleLottery:0.04
LotteryTicketTest:0.03666666666666667
PlayerDetailsTest:0.03
LotteryTestUtils:0.01
