Reflector:0.4633333333333333
ConfirmPasswordRule:0.03666666666666667
PatternRule:0.03666666666666667
ConfirmEmailRule:0.03666666666666667
NotEmptyRule:0.03666666666666667
FutureRule:0.03333333333333333
PastRule:0.03333333333333333
SameValueContextualRule:0.03
