StatementGeneratorTest:0.5933333333333334
StatementGenerator:0.59
SwitchRewriter:0.4066666666666667
