JFXFocusWithDirectionalTabbingExtensionTest:0.4666666666666667
RendererPropertiesFactoryTest:0.36666666666666664
RendererPropertiesFactory3Test:0.30666666666666664
RendererPropertiesFactory2Test:0.2472222222222222
StyleSetTest:0.21666666666666667
TableEntryTest:0.18333333333333332
PropertyTest:0.17333333333333334
RendererPropertiesFactory4Test:0.14666666666666667
JFXLayerTreeEditorCreateSymbolWidgetTest:0.14333333333333334
JFXLayerTreeEditorCreateSymbolWidget2Test:0.13666666666666666
RendererFactory7:0.07166666666666667
RendererFactory6:0.07166666666666667
JFXFocusWithDirectionalTabbingExtension2Test:0.065
