AnalysisReferenceBean:0.48
NullAnalysisReferenceBean:0.4266666666666667
PubReferenceBean:0.42
NullPubReferenceBean:0.18333333333333332
