GradientCheckUtil:0.8633333333333333
CNNGradientCheckTest:0.15333333333333332
