ApplicationPreferences:0.6266666666666667
PreferencesPanel:0.22
ReverseEngineerCommand:0.17
MyRenderer:0.09
ERDesignerBundle:0.07333333333333333
