Strategy:0.48
LtlStrategy:0.45666666666666667
ExploreIterator:0.43361111111111106
Exploration:0.36333333333333334
BoundedLtlStrategy:0.31
CycleAcceptor:0.19194444444444445
BoundedPocketLtlStrategy:0.18333333333333332
PatternGraphGenerator:0.1625
ClosingStrategy:0.15666666666666668
ReteStrategy:0.14666666666666667
LinearStrategy:0.13666666666666666
ReteRandomLinearStrategy:0.13666666666666666
RandomLinearStrategy:0.13666666666666666
SymbolicStrategy:0.12666666666666668
ReteLinearStrategy:0.07666666666666666
RemoteStrategy:0.043333333333333335
GTSStrategy:0.04
ShapeBFSStrategy:0.023333333333333334
ShapeDFSStrategy:0.023333333333333334
ConditionalBFSStrategy:0.013333333333333334
