AddressBookParsedResult:0.56
VCardResultParser:0.27666666666666667
BizcardResultParser:0.18666666666666668
AddressBookDoCoMoResultParser:0.18333333333333332
MobileTagSimpleContactResultParser:0.14666666666666667
AddressBookAUResultParser:0.13
