Row:0.5266666666666666
StorageType:0.41
OrcStorageManager:0.3466666666666667
OrcFileWriter:0.32
TestRaptorDistributedQueries:0.15333333333333332
