FOXMLDOSerializer:0.36
METSFedoraExtDOSerializer:0.31333333333333335
FOXML1_0DOSerializer:0.31
FOXML1_1DOSerializer:0.2966666666666667
DOTranslationUtility:0.25333333333333335
METSFedoraExt1_1DOSerializer:0.24333333333333335
METSFedoraExt1_0DOSerializer:0.24333333333333335
StreamWriteException:0.09488095238095239
