AsMapTest:0.495
MapTestFactory:0.43333333333333335
EntrySetView:0.23722222222222225
EntrySet:0.23055555555555557
BoundedMapTests:0.12
UnboundedMapTests:0.12
