TestDateTimeZone:0.41
DateTimeZoneBuilder:0.32666666666666666
TestBuilder:0.31666666666666665
PrecalculatedZone:0.2866666666666667
DefaultNameProvider:0.23222222222222225
ZoneInfoCompiler:0.18666666666666668
