TestLogicalPlanner:0.5866666666666667
IsScalarPlanVisitor:0.3233333333333333
Rewriter:0.21333333333333335
