Vehicle:0.5
Settlement:0.4266666666666667
Person:0.36
NaturalAttributeManager:0.2866666666666667
Unit:0.25333333333333335
SettlementsXmlReader:0.19666666666666666
VehiclesXmlReader:0.19333333333333333
TravelToSettlement:0.18333333333333332
UnitManager:0.13666666666666666
GroundVehicle:0.13666666666666666
PeopleXmlReader:0.11
Rover:0.10666666666666667
