CrawlURI:0.86
BdbFrontier:0.5
CostAssignmentPolicy:0.15694444444444444
UnitCostAssignmentPolicy:0.10333333333333333
