SeqFeatureI:0.8266666666666667
SeqFeature:0.5733333333333334
FeatureSet:0.4033333333333333
EvidencePanel:0.29333333333333333
FeatureList:0.21333333333333335
FilteredFeatureModel:0.17333333333333334
SetDetailPanel:0.15666666666666668
ApolloFeatureSelectionListener:0.14722222222222223
EvPanAnnotCngListener:0.09333333333333334
