BroadcasterConfig:0.6166666666666667
DefaultBroadcaster:0.5466666666666666
DefaultBroadcasterFactory:0.2633333333333333
SimpleBroadcaster:0.15333333333333332
