ResourcesTest:0.5133333333333333
bool:0.3542857142857143
array:0.3542857142857143
Converter:0.23333333333333334
EnumOrFlagConverter:0.15
FromColor:0.14666666666666667
layout:0.1163888888888889
id:0.1163888888888889
integer:0.1163888888888889
