DirContextAdapter:0.6566666666666666
DirContextOperations:0.36333333333333334
DirContextAdapterTest:0.22333333333333333
