ValueNode:0.4766666666666667
CharacterIndex:0.3566666666666667
InlineFilterTest:0.23333333333333334
DeepScanTest:0.22666666666666666
FilterCompilerTest:0.18666666666666668
