WxCpDepart:0.43666666666666665
WxCpService:0.38333333333333336
WxCpServiceImpl:0.34
WxError:0.24
WxCpDepartGsonAdapter:0.19666666666666666
WxCpDepartAPITest:0.13666666666666666
