ServerLayer:0.75
WidgetsToReset:0.5066666666666667
Property:0.4622222222222223
ServerMap2DWidget:0.38222222222222224
Map2DSourceContext:0.29
SuperLayerServerCockpit:0.2733333333333333
WindowConnector:0.2625
Map2DScreenCoordinate:0.25
LayerRef:0.24916666666666668
AbstractLayer:0.23
ServerMapWidget:0.23
ARINCMapBoundary:0.21666666666666667
SuperLayerCockpitConfigurationHandler:0.21
AbstractRenderingPainter:0.20666666666666667
AbstractServerWindow:0.19666666666666666
AbstractServerCockpit:0.19
MapItemsUIHandler:0.18666666666666668
ProjectedMap2DItem:0.17333333333333334
DefaultServerBinaryDFHandler:0.17
AbstractMapWidget:0.17
LayerHelper:0.16666666666666666
DefaultServerXMLDFHandler:0.16333333333333333
AbstractWindowManager:0.13666666666666666
AbstractMap2DSource:0.12333333333333334
ServerCockpit:0.09444444444444446
MapBoundaryGraphicsContext:0.07
AbstractMap2DWidget:0.056666666666666664
SymbolRotatedParkable:0.025
SymbolParkable:0.025
SymbolTargetParkable:0.025
MapGraphicsContext:0.015
ARINCDataConnector:0.0
