LowLevelEventWriter:0.51
EventInterpreter:0.32666666666666666
ASMBehaviorInstrumenter:0.28
EventCollector:0.22666666666666666
TODFrame:0.21666666666666667
