Call:0.5266666666666666
ProxyHelper:0.33
BaseManager:0.31666666666666665
OutRunnable:0.28
TopicClientProxy:0.27666666666666667
TopicPublishHandler:0.013333333333333334
