Packet:0.6133333333333333
MapClientProxy:0.4666666666666667
HazelcastClientTest:0.18
Serializer:0.16444444444444445
ClientMapEntry:0.13666666666666666
ClientProxy:0.05
