ResultMetadataType:0.6880000000000001
Decoder:0.4033333333333333
DecodedBitStreamParser:0.29
DecoderResult:0.2833333333333333
DataMatrixReader:0.21
QRCodeReader:0.21
DecodedBitStreamParserTestCase:0.18
