FormSubmissionUtils:0.6833333333333333
ViewUtil:0.6533333333333333
FileUploadServlet:0.21333333333333335
GetComponentInputServlet:0.11666666666666667
