MapConfig:0.6633333333333333
AbstractEvictableRecordStore:0.3233333333333333
XmlConfigBuilder:0.27666666666666667
TestFullApplicationContext:0.2733333333333333
XMLConfigBuilderTest:0.23666666666666666
ConfigXmlGenerator:0.21166666666666667
TimedMemberStateFactory:0.19666666666666666
MapConfigReadOnly:0.19
MapConfigTest:0.18
MapConfigAdapter:0.15666666666666668
UpdateMapConfigOperation:0.06666666666666667
