JobContextService:0.7766666666666666
TransportKillAllNodeActionTest:0.24416666666666667
JobContextServiceTest:0.07
