DBCollection:0.6166666666666667
BulkWriteHelper:0.48333333333333334
