AbstractServiceValidateController:0.4033333333333333
Cas30ResponseView:0.27
AbstractCasView:0.24666666666666667
AbstractDelegatingCasView:0.19333333333333333
