SimpleProofFinderExecutor:0.43333333333333335
ProofFinderImpl:0.3933333333333333
MultiProofFinderExecutor:0.36
ProofFinderUtility:0.30666666666666664
MultiProofFinder:0.30111111111111116
ProofFinderFactory:0.22083333333333333
ProofFinderFactoryImpl:0.14333333333333334
MultiProofFinderImpl:0.08
MultiProofFinderPlugin:0.025833333333333333
ProofFoundListener:0.0011111111111111111
