IndicesAdminClient:0.36666666666666664
AbstractIndicesAdminClient:0.3233333333333333
SimpleNestedTests:0.29
RollingRestartStressTest:0.28800000000000003
Requests:0.24333333333333335
SimpleRecoveryLocalGatewayTests:0.22666666666666666
IndicesOptionsTests:0.22333333333333333
ActionModule:0.15666666666666668
RestActionModule:0.15333333333333332
SimpleIndexStateTests:0.12333333333333334
