BuildDetail:0.5966666666666667
ErrorsAndWarningsMessagesWidget:0.35
BuildServiceTest:0.28
StackTraceExtractor:0.268
WidgetPluginServiceTest:0.19333333333333333
ErrorsAndWarningsMessagesWidgetTest:0.18333333333333332
