SettlementDialog:0.4766666666666667
PersonDialog:0.47361111111111104
GroundVehicleDialog:0.38333333333333336
