SocketSelectorTests:0.4266666666666667
ESSelector:0.38333333333333336
AcceptingSelectorTests:0.3333333333333333
ESSelectorTests:0.15333333333333332
