VR:0.5466666666666666
BasicAttribute:0.42
CharOut:0.3272804232804233
FL:0.2
OF:0.19
FD:0.14333333333333334
OW:0.14
AT:0.13666666666666666
SAXWriter:0.13333333333333333
US:0.056666666666666664
UN:0.05
SS:0.043333333333333335
OB:0.043333333333333335
UL:0.043333333333333335
SL:0.043333333333333335
