Tab:0.5388888888888889
Configuration:0.44666666666666666
Superheroe:0.04416666666666667
SuperheroeTest:0.03666666666666667
Supervillain:0.023333333333333334
SupervillainTest:0.0033333333333333335
