UserInputHandler:0.56
DefaultInGameNetworkListener:0.4266666666666667
ServerMap:0.36333333333333334
