DefinitionHelper:0.7066666666666667
AdvancedSearchController:0.3333333333333333
ManageDefinitionsController:0.25611111111111107
