TaskInfo:0.6697222222222222
TaskResource:0.3466666666666667
