ArgumentParser:0.5466666666666666
ComponentReference:0.4533333333333333
Assert:0.31333333333333335
Step:0.27666666666666667
Script:0.25333333333333335
Launch:0.23666666666666666
Sample:0.21666666666666667
StepRunner:0.21476190476190476
Event:0.21333333333333335
Sequence:0.19
Action:0.17666666666666667
PropertyCall:0.15333333333333332
Call:0.13333333333333333
Annotation:0.13
Comment:0.10333333333333333
Terminate:0.10333333333333333
