EditorLayerWrapper:0.7166666666666667
LayerTreeEditor:0.38333333333333336
