Body:0.7166666666666667
SimpleAsyncHttpClient:0.3
ResumableRandomAccessFileListener:0.22333333333333333
BodyConsumerAsyncHandler:0.21083333333333334
MiscUtils:0.21
BodyFileRegion:0.20833333333333334
NettyFileBody:0.17333333333333334
NettyInputStreamBody:0.17
PropertiesBasedResumableProcessor:0.17
NettyBodyBody:0.14
BodyConsumer:0.03666666666666667
