OutgoingBatches:0.4266666666666667
NodeChannel:0.2966666666666667
Channel:0.29
OutgoingBatchService:0.2833333333333333
ConfigurationService:0.25666666666666665
DataExtractorService:0.25
IOutgoingBatchService:0.2
MockOutgoingBatchService:0.185
