FastStringWriter:0.73
CheckoutController:0.3
XSLTOutputter:0.2866666666666667
JSONOutputEvent:0.23333333333333334
PPECheckoutController:0.22
XMLConverter:0.21833333333333332
UserEditor:0.20666666666666667
WirecardEFTPaymentModule:0.195
WirecardCCPaymentModule:0.195
Page:0.16333333333333333
TestStepwiseActionControllerResult:0.16333333333333333
TestStepwiseActionControllerConfiguration:0.15833333333333333
TestStepwiseActionProgress:0.15738888888888888
CMSFormProcessorMailTask:0.15738888888888888
StringUtils:0.15666666666666668
CMSFormProcessorMailTaskEmailError:0.14333333333333334
TestBasicActionProcessorResult:0.14166666666666666
TestBasicActionProcessorConfiguration:0.14166666666666666
PaymentControllerUtils:0.13666666666666666
OrderEmailTransmissionProcessor:0.13333333333333333
ConfirmationEmailTransmissionProcessor:0.13333333333333333
DataAggregationJobletErrorMailResult:0.13333333333333333
TestUserJAXBAnnotation:0.12
CMSFormMailerResult:0.10333333333333333
TestCommandGeneratorJSON:0.1
CSVRetailerExporter:0.08333333333333333
