TempFileUtil:0.6433333333333333
XmlFileUtil:0.4166666666666667
ExportDefinitionController:0.25333333333333335
ViewFileController:0.20333333333333334
WebKeys:0.043333333333333335
