CockpitConfigurationHandler:0.36
RendererFactory:0.36
MapItemRendererFactory:0.3466666666666667
ARINCModelFactory:0.3333333333333333
GraphicsConfigHandler:0.31666666666666665
ClientBinaryDFHandler:0.31333333333333335
ServerBinaryDFHandler:0.30666666666666664
ClientXMLDFHandler:0.30666666666666664
AbstractDFHandler:0.30333333333333334
XMLSAXParser:0.30333333333333334
AbstractWidgetRefHandler:0.2966666666666667
WidgetsRefHandler:0.29333333333333333
ServerXMLDFHandler:0.2866666666666667
ClientWidgetsRefHandler:0.2866666666666667
AbstractCockpitConfigurationHandler:0.27666666666666667
ServerXMLSymbolsHandler:0.27666666666666667
MapItemsUIHandler:0.27666666666666667
AbstractARINCHandler:0.2733333333333333
MapsHandler:0.26
ModelFactoryHelper:0.26
UIDefinitionHandler:0.25166666666666665
CSSPropertiesParser:0.19833333333333333
StyleSetsHandler:0.19
WidgetDefaultsParser:0.19
ServerWidgetsHandler:0.18333333333333332
EditorXMLDFHandler:0.17333333333333334
UIDefinitionParser:0.15
ConverterRulesParser:0.14333333333333334
PicturesParser:0.13666666666666666
ImagesParser:0.13666666666666666
