ANTLRUnbufferedInputStream:0.8666666666666667
TestUnbufferedInputStream:0.08333333333333333
