Document:0.6066666666666667
ReportSummaryOfRecords:0.33666666666666667
ReportFlashList:0.22333333333333333
