Prefix:0.7016825396825397
CMap:0.5866666666666667
