AnnotationPanel:0.49666666666666665
ImagePanel:0.48
ImageToolbar:0.3933333333333333
JComboButton:0.3433333333333333
SeriesPanel:0.25666666666666665
PopupMenuListener:0.023333333333333334
