TestQueries:0.668611111111111
FunctionRegistry:0.24333333333333335
TestAggregationOperator:0.21666666666666667
