RecordStore:0.8566666666666667
DefaultRecordStore:0.4066666666666667
MapReplicationOperation:0.26666666666666666
Merger:0.14333333333333334
