RMap:0.5383333333333333
RedissonMap:0.47
RedisCommand:0.37666666666666665
RedisCommands:0.3333333333333333
RedissonMapTest:0.27666666666666667
