ExecutorUtil:0.6466666666666666
AbstractClient:0.44333333333333336
NettyServer:0.21333333333333335
MinaServer:0.21333333333333335
