DelService:0.5733333333333334
MoveUp:0.043333333333333335
MoveDown:0.043333333333333335
