IdGeneratorProxy:0.5175
AbstractDistributedObject:0.48333333333333334
IdGeneratorService:0.22333333333333333
IdGeneratorTest:0.04666666666666667
