DAGComponentUI:0.569555315055315
VectorUtil:0.49666666666666665
SwingUtil:0.43333333333333335
DAGComponent:0.42333333333333334
KDEUtil:0.3466666666666667
DataAdapterRegistry:0.31666666666666665
XMLLayoutPanel:0.24666666666666667
ListEditor:0.16666666666666666
AbstractDataAdapter:0.14333333333333334
DragFriendlyMouseHandler:0.07666666666666666
DragListenerBridge:0.06
IOUtil:0.013333333333333334
