DashboardHelper:0.8333333333333334
WebKeys:0.4032222222222222
AjaxController:0.2866666666666667
ModifyDashboardController:0.09333333333333334
EditController:0.06666666666666667
ViewController:0.03666666666666667
