TcpIpJoiner:0.6666666666666665
MasterClaim:0.42
SocketConnector:0.26666666666666666
