Runner:0.5766666666666667
SandboxTestRunner:0.54
TestClassRunnerForParameters:0.3466666666666667
TestRunnerSequenceTest:0.3233333333333333
