Mapper:0.5483333333333333
CollectionOfValuesTest:0.34
LogLine:0.33
MapOfValuesConverter:0.30666666666666664
MorphiaIterator:0.18666666666666668
ReferenceMapper:0.18333333333333332
VersionTest:0.17
TestEntity:0.013333333333333334
