WebUtils:0.5888888888888889
ScriptingUtils:0.27111111111111114
HttpUtils:0.25
ServiceThemeResolver:0.22
ConfigurationMetadataGenerator:0.17111111111111113
CasThemesConfiguration:0.12666666666666668
