Options:0.45666666666666667
Simulator:0.4033333333333333
EcoreToType:0.2866666666666667
CellEditor:0.27661111111111114
DisplaysPanel:0.26666666666666666
LabelTree:0.26333333333333336
ReteNetwork:0.24666666666666667
DeltaSet:0.24666666666666667
HashBag:0.24666666666666667
TreeHashSet:0.24666666666666667
TreeBag:0.24666666666666667
ObservableSet:0.24666666666666667
ExplorationDialog:0.23666666666666666
RegExprEdgeSearchItem:0.23666666666666666
GraphEditorTab:0.23666666666666666
TransformMap:0.22666666666666666
StackedSet:0.22666666666666666
PropertiesTable:0.22666666666666666
ProgressBarDialog:0.22
SeedSearchItem:0.21976190476190477
Strings:0.21333333333333335
GraphPreviewDialog:0.2101111111111111
PdfDialog:0.205
ImagerFrame:0.2
CollectionOfCollections:0.19666666666666666
StateTree:0.19666666666666666
RuleTree:0.19
AbstractLayouter:0.175
ExploreThread:0.165
NodeCertificateList:0.16
ObjectWrapSpeedTest:0.15333333333333332
NodeIdsButton:0.115
LayoutItem:0.1075
TagSet:0.09333333333333334
