MockServiceTicket:0.5383333333333333
EhCacheStatistics:0.27
HazelcastTicketRegistry:0.24666666666666667
RedisTicketRegistry:0.21333333333333335
AbstractTicketRegistryTests:0.21333333333333335
MongoDbObjectFactory:0.20333333333333334
DefaultTicketRegistry:0.19
MongoDbTicketRegistry:0.17
EhcacheTicketRegistryTicketCatalogConfiguration:0.14333333333333334
MongoDbTicketRegistryTests:0.06333333333333334
EhCacheMonitorTests:0.0
