PubMedArticle:0.8333333333333334
PubMedSaxHandler:0.31333333333333335
PubContentHandler:0.22666666666666666
PubMedSaxHandlerTest:0.13333333333333333
