ObjectKeys:0.5475000000000001
WebKeys:0.5475000000000001
BinderHelper:0.4455555555555556
WorkspaceTreeHelper:0.22666666666666666
RelevanceDashboardHelper:0.22333333333333333
RelevanceAjaxController:0.19666666666666666
