DefaultMapping:0.7033333333333334
FormatterBackedMappingConversionExecutor:0.27666666666666667
