TransactionProvider:0.43666666666666665
jOOQAbstractTest:0.41
Utils:0.36
DefaultTransactionProvider:0.33
DefaultDSLContext:0.2833333333333333
TransactionTests:0.2544444444444445
DefaultConfiguration:0.24333333333333335
NoTransactionProvider:0.07666666666666666
TransactionalConnectionProvider:0.04
