AbstractTestQueries:0.6666666666666666
RelationPlanner:0.36
Analysis:0.3566666666666667
Visitor:0.3233333333333333
TranslationMap:0.25
StatementAnalyzer:0.23
PlanBuilder:0.21
SubqueryPlanner:0.14
