MapContainer:0.68
MapService:0.4066666666666667
AbstractEvictableRecordStore:0.3333333333333333
AbstractRecordStore:0.2633333333333333
MapOperation:0.25666666666666665
NearCacheInvalidatorImpl:0.21666666666666667
