NetworkTab:0.7266666666666667
ConnectToHostHandler:0.38333333333333336
