OpenIdServletContextListener:0.5533333333333333
OAuthServletContextListener:0.4033333333333333
OpenIdPostUrlHandlerMapping:0.19333333333333333
