ModalityWorklistPanel:0.29333333333333333
ViewPort:0.27
Mpps2MwlLinkPanelM:0.24333333333333335
MWLItemListView:0.18333333333333332
MwlActionProvider:0.1162777777777778
PpsInfoModel:0.056666666666666664
