CMap:0.5466666666666666
AddressPicker:0.46
Node:0.32666666666666666
TcpIpJoiner:0.27466666666666667
NodeMulticastListener:0.16111111111111112
AddressUtilTest:0.15333333333333332
ConfigMemberGroupFactory:0.14
