CMap:0.5266666666666666
ClusterManager:0.29333333333333333
SortedHashMap:0.2833333333333333
ConcurrentMapManager:0.2733333333333333
XmlConfigBuilder:0.26
MMigrate:0.20277777777777778
ObjectSerializer:0.17666666666666667
MBackupAwareOp:0.14333333333333334
