Config:0.5833333333333334
DocViewerController:0.4766666666666667
PDSRemoteService:0.3023888888888889
PDSRemoteServiceAsync:0.3023888888888889
