PlainTikaMTUnresolvedProblemsTest:0.5
PlainTikaCAUnresolvedProblemsTest:0.3283333333333333
TikaMimeTypeIdentifierTest:0.26666666666666666
PlainTikaMTWorkingTest:0.06333333333333334
PlainTikaCAWorkingTest:0.03
