TTLFieldMapperTests:0.2966666666666667
LegacyDateFieldMapperTests:0.22333333333333333
KeywordFieldMapper:0.2155952380952381
TextFieldMapper:0.2155952380952381
CodecTests:0.19666666666666666
TypeParser:0.18666666666666668
KeywordFieldMapperTests:0.18
LegacyStringMappingTests:0.11333333333333333
FieldBuilder:0.0011111111111111111
