Manager:0.7866666666666666
DBManager:0.4166666666666667
OpenMapServlet:0.15333333333333332
