ManageUsersDlg:0.5733333333333334
AdminControl:0.35333333333333333
EventHelper:0.29333333333333333
InvokeManageUsersDlgEvent:0.2633333333333333
BreadCrumbPanel:0.23666666666666666
BinderSelector:0.11333333333333333
