CypherParser:0.7966666666666666
CypherQueryBuilder:0.3433333333333333
