Sys:0.5666666666666667
Display:0.4533333333333333
BaseAL:0.19
GLCaps:0.13
