JFXConverterActionTest:0.5133333333333333
JFXComponentsExtractionActionTest:0.35333333333333333
LookCapacitiesHandlerDefaultValuesTest:0.2183333333333333
