CachingProviderTest:0.49666666666666665
HazelcastServerCachingProvider:0.41333333333333333
HazelcastClientCachingProvider:0.4066666666666667
AbstractHazelcastCachingProvider:0.3466666666666667
ClientCachingProviderTest:0.08
