Comment:0.3
CommentEditPanel:0.26
BaseMouseListener:0.25666666666666665
FeatureEditorDialog:0.24916666666666668
RightClickActionListener:0.24666666666666667
CORBAAdapter:0.24333333333333335
BaseEditorPanel:0.23333333333333334
Config:0.21166666666666667
SeqAlignPanel:0.11666666666666667
AutoscrollThread:0.05333333333333334
ScrollMouseListener:0.0033333333333333335
