BasicBSONObject:0.5055555555555556
BSONTimestamp:0.34
JSONTest:0.30666666666666664
BSONEncoder:0.3
DBRefBase:0.18666666666666668
JSONCallback:0.17
