Builder:0.51
DeterministicKeyChain:0.4
Transaction:0.3652619047619048
Key:0.3633888888888888
Wallet:0.35
TransactionConfidence:0.32031746031746033
Protos:0.32
KeyChainFactory:0.29616666666666663
KeyOrBuilder:0.2500396825396825
HDKeyDerivation:0.2
KeyChainGroup:0.18
DefaultKeyChainFactory:0.16333333333333333
DeterministicKeyChainTest:0.12
