TypeDeclarationGenerator:0.5616666666666666
TypeGenerator:0.34
TypeDeclarationGeneratorTest:0.31333333333333335
