AbstractLazySequence:0.7365555555555555
GAMESequence:0.6432777777777778
