PrincipalSpringSecurityUserToken:0.38
JettyAcegiUserRealmTests:0.32666666666666666
DefaultInitialDirContextFactoryTests:0.30666666666666664
LdapUtilsTests:0.22666666666666666
ResinAcegiAuthenticatorTests:0.21166666666666667
HttpSessionContextIntegrationFilterTests:0.21
StringSplitUtilsTests:0.20333333333333334
JbossIntegrationFilterTests:0.20166666666666666
ResinAcegiAuthenticator:0.19455555555555556
CatalinaSpringSecurityUserRealmTests:0.19333333333333333
JbossSpringSecurityLoginModuleTests:0.18
AuthByAdapterTests:0.18
CatalinaSpringSecurityUserRealm:0.16333333333333333
HttpRequestIntegrationFilterTests:0.14666666666666667
BindAuthenticatorTests:0.13666666666666666
SpringSecurityMessageSource:0.08
JettySpringSecurityUserRealm:0.06833333333333333
JbossSpringSecurityLoginModule:0.06666666666666667
JettySpringSecurityUserToken:0.06666666666666667
SpringSecurityMessageSourceTests:0.035833333333333335
PrincipalSpringSecurityUserTokenTests:0.006666666666666667
JettySpringSecurityUserTokenTests:0.006666666666666667
