Robolectric:0.85
AndroidTranslator:0.41
AndroidTranslatorUnitTest:0.35333333333333333
Reflection:0.17333333333333334
