InvalidEmailAddressException:0.5363888888888888
SharingModuleImpl:0.4766666666666667
AbstractResource:0.3566666666666667
