ConnectionJDBC2:0.35333333333333333
DefaultPropertiesTestLibrary:0.35333333333333333
SQLParser:0.25333333333333335
CachedResultSet:0.24111111111111114
JtdsStatement:0.23
TdsData:0.22733333333333333
JtdsPreparedStatement:0.20666666666666667
UnitTestBase:0.16
Test_ConnectionJDBC2_unpackProperties:0.13777777777777778
