DefaultExecutionTracker:0.42333333333333334
BlockScope:0.2733333333333333
QuorumXMLParser:0.17166666666666666
AudioActionMap:0.15666666666666668
TestLoopStep:0.15333333333333332
ProgramStepFactory:0.12666666666666668
SourceInfo:0.12
TestLoopAction:0.016666666666666666
