Person:0.4533333333333333
Settlement:0.37
FacilityManager:0.36
Rover:0.19777777777777777
InsituResourceProcessorFacility:0.1877777777777778
SimulationProperties:0.18666666666666668
UnloadVehicle:0.15666666666666668
LoadVehicle:0.13333333333333333
EatMeal:0.10666666666666667
PropertiesXmlReader:0.07
