Robolectric:0.68
ShadowSQLiteProgram:0.30666666666666664
ApplicationTest:0.27666666666666667
WebViewTest:0.23666666666666666
TestSensorManager:0.19026984126984126
TestVibrator:0.14333333333333334
