Application:0.7316666666666667
IPSSABuilder:0.47833333333333333
