Common:0.6653333333333334
NotificationQueryService:0.37333333333333335
CommentNotifier:0.27476190476190476
