BuildLoopStatusReportTask:0.6166666666666667
Main:0.45
BuildLoopControllerTest:0.18666666666666668
BuildLoopMonitorTest:0.18
BuildLoopController:0.14333333333333334
BuildLoopStatusReportTaskTest:0.13
