InternalTerms:0.2966666666666667
UnmappedTerms:0.26666666666666666
StringTerms:0.25333333333333335
LongTerms:0.25333333333333335
DoubleTerms:0.24333333333333335
TermsAggregationBuilder:0.24333333333333335
LongTermsTests:0.19333333333333333
DoubleTermsTests:0.19333333333333333
TermsAggregatorFactory:0.19333333333333333
LongTermsAggregator:0.18166666666666667
GlobalOrdinalsStringTermsAggregator:0.14166666666666666
Bucket:0.14
DoubleTermsAggregator:0.10666666666666667
OrdBucket:0.09666666666666666
AbstractStringTermsAggregator:0.08666666666666667
BucketPriorityQueue:0.03333333333333333
