List:0.42333333333333334
EntryFactory:0.37333333333333335
UserAction:0.33
Address:0.3233333333333333
Product:0.2758333333333333
Service:0.22
Good:0.22
Relationship:0.18666666666666668
Name:0.17333333333333334
PhoneAddress:0.17333333333333334
Domain:0.14333333333333334
MessengerAddress:0.10666666666666667
Message:0.08333333333333333
Gender:0.056666666666666664
Protocol:0.056666666666666664
Forum:0.0
Type:0.0
Topic:0.0
