SymphonyServletListener:0.6769444444444445
IndexProcessor:0.3536111111111111
