ClusterBlocks:0.7733333333333333
IpRangeIT:0.3
ClusterBlockTests:0.05333333333333334
