ShadowTextView:0.6966666666666667
ShadowEditText:0.3433333333333333
TextViewTest:0.19666666666666666
