DeclaringType:0.58
SourceExtraction:0.35
Round:0.2361111111111111
PrefixSuffixNaming:0.23111111111111116
Interning:0.22666666666666666
ConstantNaming:0.14333333333333334
AbstractGenerator:0.12
DeclaringFactory:0.05
