CreoleRegister:0.8533333333333334
CreoleRegisterImpl:0.7661666666666668
