Py:0.5966666666666667
PyFrame:0.41333333333333333
__builtin__:0.31833333333333336
imp:0.2633333333333333
NewCompilerResources:0.12333333333333334
