X3DParser:0.5166666666666667
X3DImport:0.31
ProtoInstanceImport:0.21666666666666667
ImageTextureImport:0.13444444444444445
ExternProtoDeclareImport:0.13166666666666665
InlineImport:0.04733333333333333
