Request:0.69
AsyncHttpProviderUtils:0.59
NettyAsyncHttpProvider:0.3466666666666667
RequestImpl:0.32
ConnectionManager:0.2966666666666667
ProxyUtils:0.23444444444444448
AsyncHttpClientFilter:0.18666666666666668
AsyncHttpClientEventFilter:0.18333333333333332
RequestBuilderBase:0.16333333333333333
HttpProtocol:0.10666666666666667
