Executor:0.6033333333333334
InsertQueryImpl:0.3
FieldTypeHelper:0.24666666666666667
MergeImpl:0.21333333333333335
FieldMapsForInsert:0.21055555555555558
AbstractStore:0.20333333333333334
AbstractQueryPart:0.18
