Configuration:0.5
Projects:0.42
AdminTest:0.2633333333333333
BuildDetailTest:0.25666666666666665
ProjectsTest:0.25666666666666665
ConfigurationTest:0.22666666666666666
ConfigXmlFileServiceTest:0.21666666666666667
ConfigXmlFileService:0.2
