GeoIpProcessor:0.31666666666666665
AttachmentProcessorTests:0.27666666666666667
AttachmentProcessor:0.2633333333333333
DateProcessorFactoryTests:0.23666666666666666
DateProcessor:0.21333333333333335
RenameProcessor:0.19333333333333333
GeoIpProcessorFactoryTests:0.16
GeoIpProcessorTests:0.15
RenameProcessorFactoryTests:0.14666666666666667
AttachmentProcessorFactoryTests:0.13
Factory:0.1211111111111111
