IPBondDescriptor:0.5205555555555557
IPBondDescriptorTest:0.5066666666666667
