LTSJGraph:0.75
ShowHideMenu:0.43666666666666665
TraceAction:0.38666666666666666
