RequestAttributes:0.6233333333333333
Logic:0.49
QueryExecution:0.21666666666666667
ControllerFilter:0.21333333333333335
