SyntenyMenu:0.46
SelectionManager:0.33861111111111114
GFFSyntenyAdapter:0.17666666666666667
