ServerXMLWidget:0.5533333333333333
ServerWidgetsHandler:0.42333333333333334
WidgetsRefHandler:0.30333333333333334
BasicServerEngineTest:0.2866666666666667
