Dispatcher:0.38333333333333336
Settings:0.27666666666666667
LegacyPropertiesConfigurationProvider:0.22166666666666668
PropertiesSettings:0.21666666666666667
BeanSelectionProvider:0.18666666666666668
ClasspathConfigurationProvider:0.1861111111111111
WaitConfigurationProvider:0.14
StrutsXmlConfigurationProvider:0.09666666666666666
TestConfigurationProvider:0.09
