GlobalConfigurationSession:0.6719999999999999
GlobalConfigurationSessionBeanTest:0.47333333333333333
GlobalConfigurationSessionBean:0.45666666666666667
