FillArrayNode:0.43
ModVisitor:0.39
InsnGen:0.2966666666666667
InsnDecoder:0.25666666666666665
ReSugarCode:0.23333333333333334
NameGen:0.21833333333333332
BlockExceptionHandler:0.20666666666666667
TestFallbackMode:0.1
