Builder:0.5366666666666666
ListPluginsCommandTests:0.47
ESElasticsearchCliTestCase:0.2866666666666667
