Errors:0.5466666666666666
ConfigurationException:0.25333333333333335
CreationException:0.2511111111111111
ProvisionException:0.24
ProvisionExceptionsTest:0.16333333333333333
