SoundConstants:0.9604444444444444
PersonDisplayInfoBean:0.43333333333333335
