InvertibleElementMap:0.9011111111111112
Multiplicity:0.5933333333333334
