GHNSDialog:0.1511341
Stuff:0.077276446
