Okio:0.6733333333333333
DeflaterSink:0.2733333333333333
InflaterSource:0.255
DeflaterSinkTest:0.25333333333333335
InflaterSourceTest:0.21333333333333335
