LoggingDoubleClickListener:0.5466666666666666
GraphElement:0.4255555555555556
MessageNodeDialog:0.2633333333333333
FieldValidatorsWizardPage:0.21333333333333335
ExplorerTreeView:0.18555555555555556
ArtifactPreferencePage:0.18
BotExplorerTreeView:0.16666666666666666
ChooseItemDialog:0.15333333333333332
TreeViewSelectionDialog:0.15333333333333332
