Evaluation:0.45
EvaluationBinary:0.31333333333333335
ROCBinary:0.26
ROC:0.23333333333333334
NeuralNetConfiguration:0.23198412698412701
ConfusionMatrix:0.22333333333333333
ROCMultiClass:0.17333333333333334
IEvaluation:0.15833333333333333
BaseEvaluation:0.06333333333333334
