DocumentImpl:0.49333333333333335
GateFormatXmlDocumentHandler:0.3433333333333333
Scratch:0.3
TestGate:0.16111111111111112
TestFiles:0.155
LRHandle:0.14
SaveAsXmlAction:0.08
