DataService:0.42333333333333334
CsvData:0.37833333333333335
Data:0.36666666666666664
RouterService:0.36
RegistrationService:0.2633333333333333
IDataService:0.2600396825396825
AbstractTest:0.25
AbstractSymmetricEngine:0.21666666666666667
SymmetricAdmin:0.20333333333333334
NodeManagementService:0.2
RouterServiceSqlMap:0.13416666666666666
DataServiceSqlMap:0.13416666666666666
NonDmlEventsTest:0.08
BandwidthSamplerUriHandler:0.04
DataMapper:0.03
