AdaptiveFileUpload:0.4766666666666667
FileUpload:0.35
MultipartRequest:0.29
MemoryFileUpload:0.24333333333333335
DiskFileUploadFactory:0.13666666666666666
DiskFileUpload:0.13333333333333333
MemoryFileUploadFactory:0.043333333333333335
