CorefComboModel:0.7611111111111112
CorefListModel:0.5369444444444443
