EncoderTest:0.45666666666666667
PDF417BlackBox4TestCase:0.30666666666666664
RSSExpandedReader:0.28
RSS14Reader:0.20333333333333334
DebugPlacement:0.20044444444444445
