Vehicle:0.653888888888889
Rover:0.39666666666666667
