SaveToPostGISDataSource:0.6866666666666666
PostGISQueryUtil:0.42333333333333334
PostGISSaveDriverPanel:0.2555555555555556
