DefaultUACDSEditor:0.5577777777777777
UACDSHandler:0.36333333333333334
