Renderer:0.6766666666666666
GameOver:0.37333333333333335
MainMenu:0.37333333333333335
