MapperQueryParser:0.42333333333333334
QueryStringQueryBuilderTests:0.2866666666666667
MatchQuery:0.27166666666666667
InternalTopHits:0.27133333333333337
MatchQueryBuilder:0.23
PatternReplaceCharFilterFactory:0.19666666666666666
TopDocumentsCollector:0.18
ESToParentBlockJoinQueryTests:0.14666666666666667
SimpleQueryParserTests:0.14
