Jsf11ELContextFactory:0.5566666666666666
Jsf12ELContextFactory:0.5566666666666666
Jsf11ELExpressionParser:0.24
Jsf12ELExpressionParser:0.24
