Notification:0.9066666666666666
Common:0.9066666666666666
ArticleNotifier:0.38666666666666666
UserProcessor:0.29
UserMgmtService:0.20333333333333334
NotificationMgmtService:0.19666666666666666
UserQueryService:0.18333333333333332
NotificationQueryService:0.18
NotificationProcessor:0.12666666666666668
