TopChildrenQuery:0.28
ChildrenConstantScoreQuery:0.27666666666666667
ParentQuery:0.27666666666666667
ChildrenQuery:0.27666666666666667
ParentConstantScoreQueryTests:0.21666666666666667
ChildrenConstantScoreQueryTests:0.20666666666666667
ParentConstantScoreQuery:0.18666666666666668
ChildrenQueryTests:0.10333333333333333
ParentQueryTests:0.1
