CurationSet:0.8033333333333333
Exon:0.5733333333333334
