Form:0.4442619047619048
Submit:0.4442619047619048
Insert:0.4442619047619048
