BooleanExpression:0.5966666666666667
GenericExtruder:0.5683333333333334
