CAnalyzer:0.49333333333333335
JavaAnalyzer:0.49333333333333335
LispAnalyzer:0.36666666666666664
