RendererUtils:0.6333333333333333
ClientPropertiesLoaderTest:0.42333333333333334
JFXEventLogger:0.32466666666666666
JFXScenarioPanel:0.24666666666666667
JFXServerDisplay:0.24666666666666667
PictureToggleButtonRenderer:0.22
PropertiesHandler:0.2095
PopUpMenuButtonRenderer:0.19333333333333333
PopUpPanelButtonRenderer:0.19333333333333333
PicturePushButtonRenderer:0.13666666666666666
AppendTextRunnable:0.11
