Layout2D:0.36083333333333334
EdgeLayoutHelper:0.27
Recursion:0.27
ModelHelper:0.25666666666666665
Branch:0.21333333333333335
DefaultGraphRenderer:0.20666666666666667
EditableLayout:0.20333333333333334
DefaultLayout:0.19666666666666666
ComparePositions:0.14
RandomLayoutAlgorithm:0.13
CircularLayoutAlgorithm:0.12
