Failure:0.7766666666666666
Processor:0.42333333333333334
