SoundexUpdateBean:0.46866666666666673
SoundexUpdateService:0.3566666666666667
