BotConsoleFrame:0.4533333333333333
GenericExtruderTabPanel:0.37666666666666665
XYZTabPanel:0.37333333333333335
PrintTabFrame:0.30777777777777776
StepperPositionJPanel:0.2833333333333333
