LuceneProvider:0.55
SearcherManager:0.33
CommitStat:0.26666666666666666
LuceneProviderManager:0.19
CommitThread:0.18
IndexSupport:0.013333333333333334
