NettyAsyncHttpProvider:0.57
NettyResponseFuture:0.4766666666666667
AuthTimeoutTest:0.3233333333333333
ReaperFuture:0.19777777777777777
