NettyClientHandler:0.31333333333333335
CancelClientStreamCommand:0.2633333333333333
NettyClientStreamTest:0.24333333333333335
TransportState:0.22666666666666666
AbstractClientStream:0.18
