AbstractMethodDefinitionSource:0.36
MethodSecurityInterceptorTests:0.35
AbstractSecurityInterceptor:0.26
MethodSecurityInterceptor:0.21666666666666667
MethodDefinitionAttributesTests:0.19916666666666666
FilterSecurityInterceptor:0.19
InterceptorStatusToken:0.11
MethodDefinitionSourceAdvisor:0.11
MethodDefinitionAttributes:0.08777777777777779
MethodDefinitionMap:0.08777777777777779
MethodDefinitionSourceAdvisorTests:0.056666666666666664
MockMethodDefinitionSource:0.02666666666666667
