FlatFileOrderWriter:0.5833333333333334
CompositeProcessorSampleFunctionalTests:0.5833333333333334
FlatFileOrderWriterTests:0.25333333333333335
