CliConfig:0.5633333333333334
Target:0.3933333333333333
CliParser:0.2866666666666667
CliParserTest:0.22666666666666666
CliConfigTest:0.21
MasterResolutionFailureMessageTest:0.08333333333333333
