QedeqBoFactoryTest:0.29333333333333333
Element2LatexImplTest:0.24
KernelBoServiceTestSuite:0.13333333333333333
QedeqBoFactoryAssert:0.11
DefaultKernelQedeqBoTest:0.09333333333333334
ModuleConstantsExistenceCheckerTest:0.09333333333333334
LoadRequiredModulesTest:0.08333333333333333
CheckRequiredModuleExceptionTest:0.006666666666666667
