AsyncProvidersBasicTest:0.5616666666666666
NettyAsyncProviderBasicTest:0.3466666666666667
GrizzlyAsyncProviderBasicTest:0.3466666666666667
