GroovyConsoleView:0.5601111111111111
GroovyEnvironment:0.17666666666666667
