ClientConductor:0.4866666666666667
Aeron:0.34
NewSourceHandler:0.30046031746031737
ClientConductorTest:0.24
ClientContext:0.2
DriverSubscriptionDispatcher:0.19333333333333333
SubMulticastTest:0.18
DriverConnectedSubscription:0.16666666666666666
