RemoteCollectTask:0.21
PlanNode:0.18666666666666668
ReferenceIdent:0.18333333333333332
TopN:0.18
Symbol:0.16333333333333333
TableIdent:0.15666666666666668
ReferenceInfo:0.14333333333333334
NodesCollectRequest:0.14166666666666666
Value:0.10444444444444444
Aggregation:0.1
CollectNode:0.08083333333333333
Reference:0.08
FunctionIdent:0.05333333333333334
Routing:0.016666666666666666
