DriverConductor:0.8333333333333334
SystemCounters:0.43333333333333335
