BaseRenderer:0.5364444444444445
BaseEditorPanel:0.48333333333333334
SelectableDNARenderer:0.27
BaseFineEditor:0.25
SeqAlignPanel:0.22333333333333333
DefaultBaseRenderer:0.19333333333333333
DNASequenceRenderer:0.13666666666666666
TranslationViewer:0.11833333333333333
AminoAcidRenderer:0.07333333333333333
BaseFineEditorRowHeader:0.05
Directions:0.0
