MyStaticValue:0.6933333333333334
NlpAnalysis:0.36333333333333334
UserDefineLibrary:0.29333333333333333
