GenericExtruderTabPanel:0.696111111111111
PrintTabPanel:0.37333333333333335
