ICDKManager:0.8533333333333334
CDKManager:0.8466666666666667
