UserQueryInput:0.52
LuceneConfig:0.45666666666666667
LuceneQueryTest:0.42
LuceneQueryBuilder:0.25333333333333335
LuceneSearcher:0.21888888888888886
