Dictionary:0.8033333333333333
IKQueryExpressionParser:0.32
IKTokenizer:0.19333333333333333
CJKSegmenter:0.18666666666666668
