BaseMultiLayerNetwork:0.7166666666666667
WorkerActor:0.27666666666666667
MnistExampleMultiThreaded:0.23
DeepAutoEncoder:0.195
DeepAutoEncoderFromFile:0.15
BatchActor:0.14
