CentralAuthenticationServiceImplTests:0.43666666666666665
DuoWeb:0.27
LdapServiceRegistryDaoTests:0.25666666666666665
OAuthCallbackAuthorizeService:0.24833333333333332
LdapAuthorizationGenerator:0.20333333333333334
TestOneTimePasswordAuthenticationHandler:0.17666666666666667
KryoTranscoderTests:0.17333333333333334
Saml10SuccessResponseViewTests:0.14333333333333334
