HtmlPage:0.5266666666666666
HTMLElement:0.35
DomAttr:0.32
HtmlTextInputTest:0.32
HtmlPasswordInput:0.26666666666666666
HTMLInputElement:0.25
DomNode:0.23666666666666666
Node:0.16666666666666666
AttrTest:0.06333333333333334
DomAttrTest:0.030833333333333334
