DefinitionCache:0.62
SubstitutionCache:0.43666666666666665
ProcessDefCacheImpl:0.42333333333333334
AltSubstitutionCacheImpl:0.2966666666666667
SubstitutionCacheStateCtrl:0.25333333333333335
SubstitutionCacheImpl:0.23666666666666666
ProcessDefinitionCacheFactory:0.20919973544973536
TestVariableProvider:0.20666666666666667
SubstitutionCacheFactory:0.16274999999999998
SubstitutionCacheCtrl:0.15
TaskCacheCtrl:0.14666666666666667
ProcessDefinitionLoader:0.04
ProcessDefCacheStateCtrl:0.02666666666666667
ManageableProcessDefinitionCache:0.0033333333333333335
ManageableSubstitutionCache:0.0
