ClientExecutorServiceProxy:0.5866666666666667
PartitionCallableRequest:0.3933333333333333
ClientCallFuture:0.33
PartitionClientRequest:0.14666666666666667
