ReactionTest:0.3466666666666667
ReactionSetTest:0.3233333333333333
RingSetTest:0.31666666666666665
ReactionSchemeTest:0.26666666666666666
DebugReactionSetTest:0.09333333333333334
DebugReactionSchemeTest:0.09333333333333334
DebugRingSetTest:0.09333333333333334
DebugReactionTest:0.09333333333333334
NNReactionSetTest:0.09
NNRingSetTest:0.09
NNReactionTest:0.09
