QueryCompletionEvent:0.43
QueryMonitor:0.3233333333333333
QueryCreatedEvent:0.31
TestSqlTask:0.24666666666666667
TestSqlTaskManager:0.23666666666666666
