Favorites:0.47
TreeTag:0.45666666666666667
AjaxController:0.33
FavoritesTreeHelper:0.1211111111111111
