Simulation:0.58
MainScene:0.35333333333333333
PNotification:0.26
TimeWindow:0.25777777777777783
MessagePopup:0.14666666666666667
LoadSimulationTask:0.1311111111111111
