TestAll:0.8186666666666667
DispatcherGenerator:0.42333333333333334
