BrowserVersion:0.6575
DomNode:0.5966666666666667
PluginConfiguration:0.33166666666666667
