FieldManager:0.6246666666666667
charManager:0.4085714285714286
