ProcessDefinition:0.55
NewProcessProjectWizard:0.41333333333333333
DelegableProviderRegistry:0.24333333333333335
OrgFunctionsRegistry:0.23333333333333334
ExportParWizardPage:0.22666666666666666
NewProcessDefinitionWizardPage:0.22666666666666666
DesignerEditor:0.22083333333333333
IOUtils:0.2
ActionGraphicalEditPart:0.19666666666666666
NewProcessDefinitionWizard:0.19333333333333333
SwimlaneElementRegistry:0.13666666666666666
ClassLoaderUtil:0.13
DelegablePropertyDescriptor:0.08333333333333333
DelegableCellEditor:0.07666666666666666
EditorUtils:0.025166666666666667
