Rule:0.63
Signature:0.47333333333333333
Condition:0.3466666666666667
Procedure:0.26666666666666666
TermDerivationTest:0.22666666666666666
Call:0.19
DefaultAnchorFactory:0.17666666666666667
Recipe:0.13333333333333333
Function:0.03
