SamlRegisteredServiceServiceProviderMetadataFacade:0.4266666666666667
BaseSamlObjectSigner:0.26666666666666666
Cas30ResponseView:0.26
AbstractSamlProfileHandlerController:0.25
CasValidationConfiguration:0.25
SamlIdPConfiguration:0.17666666666666667
Cas20ResponseView:0.16
Saml2AttributeQueryProfileHandlerController:0.14666666666666667
SamlIdPEndpointsConfiguration:0.12666666666666668
Cas30JsonResponseView:0.1211111111111111
SamlProfileAttributeQueryResponseBuilder:0.07333333333333333
