SetupCheckBox:0.31666666666666665
SettingsDialog:0.24333333333333335
ExternalExtensionsDialog:0.24
SetupButton:0.21666666666666667
UI:0.20333333333333334
Form:0.18666666666666668
