HtmlPage:0.48333333333333334
Element:0.4166666666666667
HTMLElement:0.3016666666666667
HTMLTextAreaElement:0.29
Document:0.28
HTMLDocument:0.25333333333333335
HTMLTableElement:0.21333333333333335
HTMLOptionElement:0.20666666666666667
HTMLTableRowElement:0.15666666666666668
HTMLTitleElement:0.12666666666666668
