MetadataSnapshot:0.44666666666666666
RecoveryState:0.4266666666666667
InternalEngineTests:0.41
InternalEngine:0.2966666666666667
StoreFilesMetaData:0.29
BlobStoreIndexShardRepository:0.25666666666666665
StartRecoveryRequest:0.20333333333333334
RecoveryCleanFilesRequest:0.185
TransportNodesListShardStoreMetaData:0.16333333333333333
StoreTest:0.12666666666666668
RecoverySourceHandler:0.12333333333333334
RecoveryFromGatewayTests:0.09666666666666666
StartRecoveryRequestTest:0.08666666666666667
