CDKManager:0.7533333333333333
ICDKManager:0.44333333333333336
CDKManagerTest:0.25
