ExternalEvent:0.5688888888888889
FlowExecutionManager:0.4633333333333333
