WSImport:0.49666666666666665
WSExport:0.49666666666666665
WSClientBase:0.22666666666666666
