StatisticsTracker:0.7671111111111112
AbstractTracker:0.4166666666666667
