OmDocument:0.5533333333333333
EditorController:0.35333333333333333
OmElementSegPart:0.2866666666666667
OmElementSegmentMark:0.27
OmTextArea:0.23666666666666666
ViewParagraph:0.15666666666666668
ViewSegmentMark:0.04666666666666667
