AsyncHttpClient:0.5966666666666667
BoundRequestBuilder:0.5
NettyAsyncHttpProvider:0.4033333333333333
