mddViewer:0.6766666666666666
logicViewer:0.43333333333333335
