JobSupervisor:0.5533333333333333
MapReduceService:0.45
CancelJobSupervisorOperation:0.30333333333333334
RequestPartitionMapping:0.18666666666666668
ReducerTask:0.1691666666666667
MapReducePortableHook:0.16333333333333333
SingleExecutionProcessor:0.15666666666666668
TrackableJobFuture:0.14
