TransferManager:0.5983333333333334
Principal:0.48
JSONWriter:0.30666666666666664
RetryUtils:0.15666666666666668
