Settlement:0.6666666666666666
BuildingTemplate:0.5166666666666667
UnitManager:0.4
Resupply:0.3466666666666667
SettlementConfig:0.28
MainDesktopPane:0.22333333333333333
ArrivingSettlement:0.20333333333333334
TransportWizard:0.18666666666666668
NewArrivingSettlement:0.14666666666666667
InitialSettlement:0.14666666666666667
ResupplyConfig:0.14
BuildingConnectorManagerTest:0.13
ResupplyMissionEditingPanel:0.13
ArrivingSettlementUtil:0.08333333333333333
