Style:0.6766666666666666
WebSpherePortal61Style:0.26777777777777784
Liferay6Style:0.2644444444444445
XavaStyle:0.26
Liferay43Style:0.255
