GwtTaskHelper:0.6366666666666667
TaskDueDateDlg:0.49333333333333335
TaskEvent:0.3566666666666667
FinderRB:0.2866666666666667
SearchOptionsComposite:0.24666666666666667
