SoftCryptoToken:0.76
CAImportExportTest:0.31333333333333335
CaImportCACommandTest:0.25333333333333335
