Parser:0.5866666666666667
ConfigDialog:0.37666666666666665
ExploreConfigDialog:0.36333333333333334
SettingKey:0.27999999999999997
Exploration:0.27
EnumParser:0.25333333333333335
BracketParser:0.23666666666666666
AbstractStringParser:0.22
AbstractIntParser:0.20333333333333334
StringParser:0.2
BooleanParser:0.17333333333333334
SplitParser:0.17
SettingParser:0.16333333333333333
IntParser:0.13666666666666666
PolicyMapParser:0.08666666666666667
SettingButton:0.08666666666666667
SettingTextField:0.056666666666666664
