MakumbaTag:0.48833333333333334
QueryTag:0.415
ValueTag:0.15333333333333332
IfTag:0.15333333333333332
