ListRecordingsForUriSession:0.49666666666666665
ControlSession:0.42
ArchiveConductor:0.32
ArchiveProxy:0.27
ControlRequestAdapter:0.15
ControlRequestListener:0.12083333333333333
