AbstractRegistryObjectConversion:0.3697222222222222
SummaryRegistryObjectConversion:0.25
BriefRegistryObjectConversion:0.15333333333333332
RegistryObjectConversor:0.14333333333333334
