FileType:0.58
EditorPlugin:0.39
MainWindow:0.3
TestMutableInteger:0.23166666666666666
ImportExport:0.21666666666666667
TodoEditorPlugin:0.20333333333333334
MutableInteger:0.2
NotepadEditorPlugin:0.16666666666666666
ImageEditorPlugin:0.15
PrintDialog:0.13666666666666666
TextEditorPlugin:0.11
