MDate:0.6866666666666666
MText:0.5033333333333333
Backup:0.30666666666666664
