ServiceRegistryProperties:0.38
PublisherIdentifier:0.2880952380952381
CasCoreServicesConfiguration:0.18666666666666668
PasswordManagementConfiguration:0.18333333333333332
ServicesManager:0.17083333333333334
DomainServicesManager:0.16333333333333333
DefaultServicesManager:0.15
CasServicesStreamingHazelcastConfiguration:0.10666666666666667
JsonServiceRegistryConfiguration:0.10333333333333333
YamlServiceRegistryConfiguration:0.10333333333333333
StreamServicesHazelcastProperties:0.056666666666666664
