PubChemXMLHelper:0.7
IteratingPCSubstancesXMLReader:0.45666666666666667
IteratingPCCompoundXMLReader:0.41333333333333333
