CategoryCheckBoxListener:0.4666666666666667
NodeAttrQueryView:0.4
AttrGui:0.22333333333333333
RangeCheckBoxListener:0.17
