ValueType:0.6822222222222223
TypeIntrospectionBase:0.4633333333333333
JdkOnlyTest:0.23
