MethodCall:0.49666666666666665
ArgumentLoader:0.4766666666666667
ForMethodParameter:0.2633333333333333
ForExistingField:0.25666666666666665
TerminationHandler:0.25166666666666665
MethodLocator:0.2511111111111111
ForStaticField:0.24333333333333335
ForInstanceField:0.24
ByteArrayClassLoader:0.22666666666666666
Factory:0.22
WithoutSpecifiedTarget:0.15666666666666668
MethodCallTest:0.15333333333333332
Appender:0.12333333333333334
ForJavaInstance:0.11
ForClassConstant:0.11
ForEnumerationValue:0.11
ForTextConstant:0.1
ForShortConstant:0.1
ForDoubleConstant:0.1
ForLongConstant:0.1
ForIntegerConstant:0.1
ForCharacterConstant:0.1
ForByteConstant:0.1
ForFloatConstant:0.1
ForBooleanConstant:0.1
ForThisReference:0.02666666666666667
ForInstrumentedType:0.02666666666666667
