KerasLayerUtils:0.46
KerasLayerTest:0.2966666666666667
KerasConvolution2D:0.15
KerasConvolution1D:0.13333333333333333
KerasConvolutionUtils:0.08666666666666667
Keras1LayerConfiguration:0.0
Keras2LayerConfiguration:0.0
KerasLayerConfiguration:0.0
