Config:0.7666666666666667
ClientConfig:0.37333333333333335
EvictionConfig:0.26666666666666666
NearCacheConfigReadOnly:0.2602777777777778
ClientReplicatedMapProxy:0.24666666666666667
NearCachedClientMapProxy:0.20333333333333334
NearCacheProvider:0.14666666666666667
