Saros:0.49333333333333335
SessionView:0.36333333333333334
EditorManager:0.36
SarosUI:0.22
FollowModeAction:0.21333333333333335
SessionLabelProvider:0.18666666666666668
SharedProjectFileDecorator:0.18666666666666668
SessionContentProvider:0.18666666666666668
ConsistencyWatchdogClient:0.17666666666666667
ConsistencyAction:0.175
RemoteEditorManager:0.17333333333333334
AbstractActivity:0.17333333333333334
JumpToDriverPositionAction:0.17
ResourceDeltaVisitor:0.15
ConsistencyWatchdogHandler:0.12
SharedResourcesManager:0.08
ConsistencyWatchdogServer:0.06
