ExportHelper:0.8
ResolveIds:0.5933333333333334
ExportImportController:0.14333333333333334
ElementBuilderGrouplist:0.12333333333333334
ElementBuilderUserListSelect:0.12333333333333334
ElementBuilderUserlist:0.12333333333333334
ParameterNames:0.0
