JDBCDataStore:0.6111111111111112
AccessControllerImpl:0.3927777777777778
