ClobImpl:0.4766666666666667
BlobImpl:0.45
ClobWriter:0.39
BlobOutputStream:0.39
ClobFileWriter:0.03666666666666667
BlobFileOutputStream:0.023333333333333334
