CA:0.7133333333333334
ProtocolScepHttpTest:0.30666666666666664
SignSessionBean:0.26666666666666666
CertificateCreateSessionBean:0.2
