GroupProperties:0.36333333333333334
ClusterTest:0.2966666666666667
MigrationService:0.2822222222222222
MulticastConfig:0.28
PartitionManager:0.25666666666666665
Node:0.25333333333333335
XmlConfigBuilder:0.2075
ConcurrentMapManager:0.2075
PartitionStateGeneratorTest:0.19
ICountDownLatchTest:0.13
