ServletEvent:0.6
HttpSessionContinuationFlowExecutionStorage:0.3466666666666667
HttpSessionFlowExecutionStorage:0.30666666666666664
HttpSessionTokenTransactionSynchronizer:0.25666666666666665
