DashboardHelper:0.52
BinderModuleImpl:0.39666666666666667
WebKeys:0.32255555555555554
SearchController:0.23666666666666666
