OperatorContext:0.55
DriverContext:0.38333333333333336
PipelineContext:0.38333333333333336
TaskContext:0.28
