LSTM:0.6066666666666667
LSTMParamInitializer:0.3466666666666667
GravesLSTM:0.3
MultiLayerTestRNN:0.27666666666666667
GravesLSTMParamInitializer:0.22
RecursiveParamInitializer:0.21416666666666667
RecursiveAutoEncoder:0.16333333333333333
GravesLSTMTest:0.14333333333333334
