BusinessObjectFactory:0.8166666666666667
KeySet:0.32666666666666666
