DNDData:0.6233333333333333
JTBSession:0.2966666666666667
JTBQueuesContentViewPart:0.15333333333333332
TemplateDropListener:0.15
JTBMessageDropListener:0.14333333333333334
JTBMessageDragListener:0.11666666666666667
MessageSendFromTemplateHandler:0.10666666666666667
MessageSaveAsTemplateHandler:0.09666666666666666
PreferencesDialog:0.013333333333333334
