Compiler:0.72
HopVirtualMachine:0.33666666666666667
MatchKeyword:0.23
HopEndMatcher:0.20666666666666667
HopCodeMatcher:0.17166666666666666
HopEditorParser:0.15333333333333332
