LocalSyncGroup:0.53
ObjectFactory:0.51
LocalSyncDataSourceConfiguration:0.43333333333333335
CommunicationsStub:0.38
SyncDataSourceConfigurationNode:0.3
SyncGroupNode:0.19333333333333333
RemoteArtifactDefinition:0.17333333333333334
SyncGroupNodeChildren:0.16111111111111112
AbstractRunnableSyncFindingsManager:0.13666666666666666
DeleteSyncDataSourceConfigurationAction:0.13666666666666666
RunSynchronizationProcessAction:0.13666666666666666
AbstractRunnableSyncResultsManager:0.13666666666666666
NewSyncGroupAction:0.11833333333333333
SyncConfigurationNativeTypeProperty:0.10333333333333333
LocalSyncProvider:0.08444444444444445
RemoteSynchronizationProvider:0.08333333333333333
DeviceTypeProperty:0.06666666666666667
LocalSyncFinding:0.03166666666666667
DefaultSyncResultsManager:0.03166666666666667
LocalSyncResult:0.03166666666666667
DefaultSyncFindingsManager:0.03166666666666667
