DSLContext:0.6466666666666666
BatchCRUD:0.6077777777777779
DefaultDSLContext:0.54
