CrateSettings:0.6587222222222222
InformationSchemaTest:0.49666666666666665
TestGlobalSysExpressions:0.19666666666666666
ApplySettingsTest:0.08666666666666667
