HttpBase:0.42333333333333334
HttpValuesMap:0.4166666666666667
HttpRequest:0.3
HttpUtil:0.23333333333333334
HttpValuesMapTest:0.16
RawTest:0.10666666666666667
