AddArticle:0.6933333333333334
BulkArticleLoader:0.37666666666666665
BulkArticleLoaderTest:0.21666666666666667
AddArticleTest:0.10333333333333333
