ARINCAnimation:0.4754285714285714
ExtendedTransition:0.34
GUIUtilities:0.2966666666666667
EventProcessor:0.2966666666666667
SymbolGenericRenderer:0.20666666666666667
SymbolRotatedRenderer:0.2
SymbolTargetRenderer:0.2
ARINCAnimationScale:0.17944444444444443
RendererUtils:0.17333333333333334
ARINCAnimationOnParam:0.17333333333333334
ARINCAnimationRotation:0.16333333333333333
ARINCAnimationTranslation:0.16333333333333333
AnimationScaleRenderer:0.15333333333333332
BufferFormatTable:0.13
ARINCAnimationGroup:0.04
