Vehicle:0.4266666666666667
VehicleMission:0.3333333333333333
UnitMapLayer:0.31666666666666665
EquipmentDisplayInfoBean:0.21333333333333335
SettlementDisplayInfoBean:0.21333333333333335
PersonDisplayInfoBean:0.21333333333333335
UnitDisplayInfo:0.19977777777777778
VehicleDisplayInfoBean:0.15666666666666668
