ViewManager:0.4533333333333333
WindowManager:0.4236111111111111
Startup:0.37
App:0.32
AbstractWindowManager:0.31
Shutdown:0.23
DefaultWindowManager:0.18333333333333332
LightweightWindowManager:0.08666666666666667
