StringFunctions:0.57
FunctionRegistry:0.4266666666666667
TestFunctions:0.2147777777777778
