HtmlElement:0.5733333333333334
HtmlPage:0.38333333333333336
WebAssert:0.3
DomElement:0.29333333333333333
HtmlSelect:0.23666666666666666
HTMLTableElement:0.21333333333333335
HtmlSelectTest:0.20666666666666667
HtmlMap:0.11333333333333333
