NodeSecurity:0.5866666666666667
NodeService:0.31
RegistrationServiceTest:0.23
NodeServiceTest:0.22666666666666666
HttpTransportManager:0.17333333333333334
NodeSecurityRowMapper:0.16611111111111113
