Appender:0.45
VoidAwareAssigner:0.37333333333333335
ArgumentLoadingAssignment:0.3566666666666667
Build:0.2633333333333333
