XSSFilterPlugin:0.47333333333333333
RSSEnclosurePlugin:0.455
TechnoratiTagsPlugin:0.31972222222222224
