SmilesParser:0.7266666666666667
SmilesParserTest:0.5633333333333334
