Robolectric:0.6766666666666666
BackupAgentController:0.54
BackupAgentControllerTest:0.18833333333333332
