ClusterServiceImpl:0.5366666666666666
ClusterStateManager:0.47
AdvancedClusterStateTest:0.15666666666666668
ChangeClusterStateOperation:0.09
