MethodGenerator:0.6233333333333333
RobolectricContext:0.315
AndroidTranslator:0.2966666666666667
