ANTLRParser:0.44
ANTLRLexer:0.3333333333333333
ASTVerifier:0.325
BasicSemanticTriggers:0.24333333333333335
BasicSemanticChecks:0.23666666666666666
DFA44:0.18
DFA31:0.16111111111111112
