WikiFormatter:0.5336111111111111
MakumbaSystem:0.4533333333333333
JspWikiFormatter:0.39666666666666667
textViewer:0.21666666666666667
charViewer:0.21666666666666667
FieldFormatter:0.18666666666666668
