List:0.5833333333333334
Actor:0.4866666666666667
BaseTableLayout:0.25666666666666665
Button:0.25666666666666665
AnimatedTiledMapTile:0.25333333333333335
AtlasTmxMapLoader:0.24666666666666667
TmxMapLoader:0.23666666666666666
TextField:0.19333333333333333
SelectBox:0.19
JglfwInput:0.18666666666666668
SelectList:0.18333333333333332
