HL7:0.36666666666666664
MSHSegmentImpl:0.22
SeriesImpl:0.19
MSHSegment:0.155
TMFormat:0.07333333333333333
DAFormat:0.07333333333333333
DTFormat:0.06
