DBCollection:0.57
Index:0.43666666666666665
CollectionAdministration:0.34703968253968254
MongoCollectionImpl:0.20777777777777776
AddIndexAcceptanceTest:0.18
CollectionAdministrationImpl:0.10944444444444446
DBCollectionOldTest:0.08
DropIndexAcceptanceTest:0.04
