NeuralNetConfiguration:0.6433333333333333
Builder:0.49
BaseOptimizer:0.27666666666666667
SparkDl4jMultiLayer:0.24944444444444447
BaseLayer:0.20333333333333334
TestSparkMultiLayer:0.17666666666666667
NeuralNetConfigurationTest:0.12666666666666668
