TypeRegistry:0.41
SignatureBinder:0.37
TestingTypeManager:0.22333333333333333
TypeManager:0.20333333333333334
