ServletModule:0.56
FilterKeyBindingBuilder:0.5566666666666666
ServletKeyBindingBuilder:0.5566666666666666
GuiceFilter:0.45
FilterKeyBindingBuilderImpl:0.22666666666666666
ServletKeyBindingBuilderImpl:0.16666666666666666
ServletsModuleBuilder:0.14666666666666667
ServletTest:0.13
FilterDefinition:0.11972222222222222
FiltersModuleBuilder:0.10333333333333333
EdslTest:0.09333333333333334
