UserProperty:0.6844444444444445
UserGroupProperty:0.3933333333333333
