FileTransferMediaManager:0.5933333333333334
IncomingInvitationProcess:0.54
JingleFileTransferManager:0.3233333333333333
