XContentMapValues:0.6033333333333334
Regex:0.23833333333333334
XContentMapValuesTests:0.17
