System:0.6033333333333334
Unsafe:0.43666666666666665
jq_Thread:0.33466666666666667
BootImage:0.32
Utf8:0.2833333333333333
Runtime:0.18366666666666667
CommonObjectTraverser:0.15666666666666668
JoeqVM:0.15
ExceptionDeliverer:0.09
AtomicLong:0.0
FileDescriptor:0.0
