HttpProtocol:0.5411111111111111
HttpScanner:0.37912698412698415
