Printer:0.9
GCodeRepRap:0.3933333333333333
GenericRepRap:0.36333333333333334
LayerProducer:0.31333333333333335
