JMagnifier:0.5333333333333333
JMagnifierDialog:0.45
JMagnifierInterface:0.2833333333333333
JMagnifierEditorTest:0.20777777777777778
