HazelcastClient:0.47
HazelcastClientProxy:0.36
ProxyManager:0.27666666666666667
ClientReplicatedMapProxy:0.19333333333333333
