UniqueIdSelector:0.5733333333333334
DiscoverySelectorResolverTests:0.5033333333333333
VintageTestEngineDiscoveryTests:0.47333333333333333
DiscoverySelectors:0.27666666666666667
