ConnectionNode:0.5733333333333334
ConnectionSetDatabase:0.27
OperationNode:0.22666666666666666
ConnectAction:0.1811111111111111
QueryNode:0.17833333333333334
ManagementNode:0.17777777777777778
NotificationNode:0.17555555555555558
NewQueryAction:0.13777777777777778
Tester:0.09666666666666666
CustomNotificationListener:0.04
