ClusterAdminClient:0.37666666666666665
AbstractClusterAdminClient:0.32
ExternalNode:0.31333333333333335
Requests:0.28
AbstractClientHeadersTests:0.21666666666666667
ActionModule:0.17
ManyNodesManyIndicesRecoveryStressTest:0.16666666666666666
RestActionModule:0.16
