BugReportDialog:0.3415
Editor:0.3
AboutBox:0.24333333333333335
Simulator:0.19333333333333333
BoundedModelCheckingDialog:0.08666666666666667
