Type:0.6133333333333333
ClassWriter:0.43166666666666664
