TopicEvent:0.4166666666666667
TopicService:0.35
HazelcastInstanceFactory:0.3233333333333333
ClientTopicProxy:0.2
TopicProxySupport:0.19333333333333333
EventServiceTest:0.14333333333333334
PublishOperation:0.11666666666666667
