PosPanel:0.5822222222222222
PosModel:0.52
DocumentThread:0.23666666666666666
