ClassEvent:0.6266666666666667
ClassConfigurationListener:0.37666666666666665
ConfigurationProcessor:0.35
