ImportFromDir:0.9166666666666666
Insert:0.4766666666666667
