InsertTextPanel:0.7666666666666667
CopyPasteAction:0.24666666666666667
