CodeGeneratorBackend:0.48
CodeGenerator:0.4766666666666667
EnhancerGenerator:0.26666666666666666
BCELBackend:0.21
DelegatorGenerator:0.18666666666666668
ReflectUtils:0.16666666666666666
Generator:0.08333333333333333
