PopModel:0.55
PopPanel:0.5172222222222221
DocumentThread:0.39666666666666667
