GAMEAdapter:0.8033333333333333
FindPanel:0.36666666666666664
