ConsoleRequestConstants:0.9466666666666667
ManagementCenterService:0.39666666666666667
RunGcRequest:0.085
GetLogLevelRequest:0.07166666666666667
GetVersionRequest:0.07166666666666667
LogVersionMismatchRequest:0.0675
GetMemberSystemPropertiesRequest:0.065
SetLogLevelRequest:0.04833333333333333
MemberConfigRequest:0.04833333333333333
GetLogsRequest:0.045
ClusterPropsRequest:0.035
GetMapEntryRequest:0.03
