Tds:0.7233333333333334
CursorResultSet:0.38666666666666666
PreparedStatement_base:0.35
