Seq:0.43333333333333335
AbstractSeqTest:0.3233333333333333
IndexedSeq:0.23666666666666666
List:0.18666666666666668
LinearSeq:0.18615079365079362
Stream:0.17333333333333334
