GeoParsedResult:0.5966666666666667
ZXingMIDlet:0.5655555555555555
ResultHandler:0.25166666666666665
