Account:0.3933333333333333
KeyRing:0.3933333333333333
AccountType:0.32
Property:0.28
KeyRingTest:0.25
EditSuperUserDialogModel:0.17666666666666667
