HttpServerImpl:0.4666666666666667
HttpServer:0.4220674603174603
NetServer:0.4220674603174603
Handlers:0.30666666666666664
HttpHandlers:0.2866666666666667
NetServerImpl:0.21
