Style:0.9016666666666666
TranscriptEditPanel:0.29333333333333333
