ConvertUtils:0.5533333333333333
Query:0.43666666666666665
QueryUtils:0.2833333333333333
StatementUtils:0.17
