BeanFactory:0.49
Reference:0.4666666666666667
UrlReferenceBean:0.30777777777777776
NullUrlBean:0.1
UrlReferenceBeanFactory:0.1
