Database:0.67
DatabaseContentProvider:0.30333333333333334
StructuredbFactory:0.20333333333333334
DatabaseLabelProvider:0.14333333333333334
