TemplateModule:0.7705555555555555
TemplateModuleImpl:0.6583333333333333
ConfigureConfigurationController:0.3466666666666667
