WhereClause:0.6266666666666667
Collect:0.41333333333333333
Filter:0.4
RelationBoundary:0.25333333333333335
WhereClauseTest:0.22666666666666666
LogicalPlannerTest:0.21
