CriteriaQuery:0.6444444444444445
CriteriaQueryTest:0.5533333333333333
CriteriaQueryTranslator:0.27
LikeExpression:0.19666666666666666
SimpleExpression:0.19666666666666666
PropertyExpression:0.19
IlikeExpression:0.18666666666666668
BetweenExpression:0.14666666666666667
InExpression:0.14666666666666667
NotNullExpression:0.14666666666666667
NullExpression:0.14666666666666667
