NewMoleculeWizard:0.6933333333333334
NewMoleculeFromSMILESWizard:0.6066666666666667
