FormType:0.8221031746031746
QuickFormType:0.4
FormNode:0.3788888888888889
