BufferManagementStrategy:0.5066666666666667
MappedBufferRotator:0.4414285714285715
RcvSessionState:0.43809523809523815
RcvFrameHandler:0.37666666666666665
MediaDriverAdminThread:0.3466666666666667
RcvChannelState:0.24
UnicastReceiverTest:0.22333333333333333
BasicBufferManagementStrategy:0.22333333333333333
MediaDriverAdminThreadCursor:0.16
BasicLogBuffers:0.1411111111111111
ControlProtocolEvents:0.0
