Mirror:0.7066666666666667
NutIoc:0.275
Invoking:0.2
ComboIocLoader:0.19111111111111112
