ElectronImpactNBEReaction:0.8138888888888889
ElectronImpactNBEReactionTest:0.2966666666666667
