ImageProcessor:0.63
Stage:0.5988888888888888
TexturePacker2:0.35333333333333333
