ViewPart:0.4033333333333333
TestPackageExplorerViewComponent:0.37333333333333335
PEViewComponent:0.27166666666666667
PEViewComponentImp:0.12
TestSVNStateInitialization:0.09666666666666666
TestSVNStateUpdates:0.09333333333333334
STFTest:0.013333333333333334
