HazelcastInstance:0.78
Prefix:0.46888888888888886
HazelcastInstanceProxy:0.30666666666666664
ConcurrentMapManager:0.2966666666666667
FactoryImpl:0.27666666666666667
Hazelcast:0.25666666666666665
HazelcastClient:0.24333333333333335
CMap:0.22
MSemaphore:0.17666666666666667
IOUtil:0.15666666666666668
HazelcastTest:0.09
SemaphoreOperationHandler:0.01
