RubyOutlineContentProvider:0.5146666666666667
RubyEditor:0.42333333333333334
RubyContentOutlinePage:0.27
