Database:0.7633333333333333
DefaultDataType:0.38666666666666666
JavaGenerator:0.2733333333333333
GenerationTool:0.24527777777777782
AbstractDatabase:0.19333333333333333
AbstractTypedElementDefinition:0.13333333333333333
