FluxSceneBuilder:0.76
GPUFluxLightModel:0.31277777777777777
GPUFluxWhittedTracer:0.21666666666666667
GPUFluxLightTracer:0.09666666666666666
GPUFluxPathTracer:0.09666666666666666
