GenericMapping:0.47333333333333333
EntityDataStore:0.39
DataContext:0.38333333333333336
SchemaModifier:0.2733333333333333
