Condition:0.6833333333333333
Level:0.37
ConditionSearchItem:0.2633333333333333
LevelIndex:0.21333333333333335
Matcher:0.2127777777777778
LevelMap:0.2
RuleDependencies:0.18666666666666668
QuantifierRecord:0.11
PlanData:0.09333333333333334
PatternRecord:0.08644444444444445
TrueRecord:0.05
