ConfigWizard:0.5033333333333333
GetConfigCallback:0.27
ClusteringPage:0.25
LuceneConfigPage:0.2327777777777778
StoragePage:0.21666666666666667
DeviceStorageConfigPanel:0.17333333333333334
LeftNavContentPanel:0.14
ReverseProxyPage:0.13
NfsStorageConfigPanel:0.08
