Builder:0.5366666666666666
AsyncHttpClientConfig:0.46
JDKAsyncHttpProvider:0.31333333333333335
NettyConnectListener:0.20666666666666667
