CalendarOperation:0.7966666666666666
ConstructorView:0.36666666666666664
