AsynchronousProcessor:0.68
HeartbeatInterceptor:0.4872222222222223
IdleResourceInterceptor:0.2866666666666667
