TupleAnalyzer:0.4666666666666667
DependencyExtractor:0.3233333333333333
RelationPlanner:0.2733333333333333
QualifiedNameBuilderVisitor:0.11
SymbolBuilderVisitor:0.11
