DependencyListener:0.4066666666666667
ServiceDependentOsgiBundleXmlApplicationContext:0.38666666666666666
Dependency:0.35333333333333333
ApplicationContextCreator:0.21333333333333335
