Header:0.5633333333333334
LogReader:0.43333333333333335
LogReaderTest:0.2866666666666667
Connection:0.18666666666666668
SubscriptionTest:0.18333333333333332
DataHandler:0.0011111111111111111
