AuthenticationServiceDelegateLocalImpl:0.32666666666666666
AuthenticationServiceDelegateRemoteImpl:0.32666666666666666
AuthorizationServiceDelegateLocalImpl:0.3233333333333333
AuthorizationServiceDelegateRemoteImpl:0.3233333333333333
DefinitionServiceDelegateRemoteImpl:0.30333333333333334
BotsServiceDelegateRemoteImpl:0.30333333333333334
DefinitionServiceDelegateLocalImpl:0.30333333333333334
SettingsServiceDelegateRemoteImpl:0.29333333333333333
SettingsServiceDelegateLocalImpl:0.29333333333333333
ExecutorServiceDelegateRemoteImpl:0.24333333333333335
ExecutionServiceDelegateLocalImpl:0.24333333333333335
ExecutionServiceDelegateRemoteImpl:0.24333333333333335
ProfileServiceDelegateLocalImpl:0.19666666666666666
ProfileServiceDelegateRemoteImpl:0.19666666666666666
