ShadowAdapterView:0.39666666666666667
ShadowListView:0.37
CountingAdapter:0.3
ShadowBaseAdapter:0.21333333333333335
AdapterViewBehavior:0.13666666666666666
