EngineConfig:0.47
InternalEngine:0.4166666666666667
SharedClusterSnapshotRestoreIT:0.37333333333333335
InternalEngineTests:0.30666666666666664
