KeyDataPair:0.6333333333333333
HttpWebConnection:0.38333333333333336
HtmlFileInput:0.2624444444444444
