BytesStreamOutput:0.5333333333333333
FsTranslog:0.3496666666666667
BlobStoreRepository:0.33
BytesStreamsTests:0.13666666666666666
