WebUtils:0.8433333333333334
CasEventDTO:0.23333333333333334
DefaultCasCookieValueManager:0.22666666666666666
ServiceThemeResolverTests:0.2
SpnegoConstants:0.19666666666666666
ServiceThemeResolver:0.18666666666666668
SpnegoNegociateCredentialsAction:0.15
AbstractCasExpirationPolicy:0.12333333333333334
JpaCasEventRepository:0.04
DefaultCasEventListener:0.0
