JPPFClientConnection:0.6372222222222222
AbstractGenericClient:0.30666666666666664
AbstractJPPFClient:0.27666666666666667
JPPFClient:0.2733333333333333
AbstractJPPFClientConnection:0.27
ConnectionInitializer:0.27
JPPFClientConnectionImpl:0.17333333333333334
ClientConnectionPool:0.1
