JPPFTaskBundle:0.57
Metadata:0.3496190476190476
ServerJob:0.2633333333333333
JobMetadata:0.215
AbstractJPPFClientConnection:0.21333333333333335
MemoryMapDataProvider:0.21333333333333335
BaseJPPFClientConnection:0.19333333333333333
JPPFJobMetadata:0.18666666666666668
DriverJobManagement:0.18333333333333332
JobEventTask:0.14
WaitingHandshakeState:0.09333333333333334
MetadataImpl:0.09
WaitingResultsState:0.08
WaitInitialBundleState:0.06666666666666667
