UTFUtil:0.44333333333333336
FastStringCreator:0.25000000000000006
ByteArrayObjectDataInput:0.24333333333333335
ByteBufferObjectDataInput:0.24333333333333335
ByteArrayObjectDataOutput:0.24333333333333335
ByteBufferObjectDataOutput:0.24333333333333335
ObjectDataOutputStream:0.2
ObjectDataInputStream:0.2
UTFUtilTest:0.14666666666666667
BuildInfo:0.07444444444444444
