jOOQOracleTest:0.41333333333333333
Routines:0.36300000000000004
DefaultGeneratorStrategy:0.2866666666666667
DefaultGenerator:0.27
Tables:0.23325396825396832
Keys:0.045182539682539685
UDTs:0.045182539682539685
