ReflectionUtils:0.5733333333333334
ReflectionUtilsTests:0.49666666666666665
ModuleUtils:0.31333333333333335
