RuleContext:0.53
ParserRuleContext:0.44
ParseTree:0.3461111111111111
TerminalNodeImpl:0.18833333333333332
ParseTreeVisitor:0.18
