AirlineCommandLineOptions:0.6252777777777777
Preconditions:0.4322222222222222
ConsoleRunner:0.335
