Email:0.5466666666666666
ByteArrayAttachment:0.5333333333333333
SendMail:0.18666666666666668
