ProcessDefinition:0.5066666666666667
VariableMapping:0.49666666666666665
Subprocess:0.46
WfTask:0.43
Task:0.41333333333333333
MultiTaskState:0.3933333333333333
VariableUtils:0.39
GraphElement:0.38666666666666666
TaskService:0.3463888888888889
MultiTaskNode:0.33666666666666667
MultiinstanceComposite:0.3
VariableFormatRegistry:0.29333333333333333
ProcessLogVisitor:0.2833333333333333
Process:0.28
FormEditor:0.24666666666666667
AjaxActorsList:0.24666666666666667
QuickFormVariableWizardPage:0.24
HandlerData:0.23666666666666666
MultiInstanceParameters:0.23333333333333334
ExecutionService:0.22337301587301586
FormType:0.21916666666666668
FieldValidatorsWizardPage:0.21666666666666667
UpdateSwimlaneNameDialog:0.21333333333333335
DefinitionLogic:0.21
QuickFormEditor:0.21
WorkflowBotTaskExecutor:0.20666666666666667
Messages:0.205
TaskNode:0.2
UpdateAggregatedLogOperation:0.19666666666666666
ExecutionServiceDelegate:0.19333333333333333
ExecutionServiceBean:0.19
JpdlSerializer:0.18333333333333332
TaskServiceDelegate:0.18
VariablesComposite:0.17444444444444446
SubprocessDialog:0.17333333333333334
BpmnSerializer:0.17166666666666666
GaProperty:0.16827777777777778
UserVariablesListComboParameter:0.16333333333333333
ValidatorWizard:0.16
CopyGraphCommand:0.16
JpdlXmlReader:0.16
BpmnXmlReader:0.14666666666666667
VariableSearchVisitor:0.14666666666666667
WorkflowThreadPoolBotInvoker:0.14666666666666667
VariableContainerNode:0.14333333333333334
TaskFormBuilder:0.13666666666666666
UpdateVariableNameDialog:0.13666666666666666
TaskLogic:0.12833333333333333
SystemLogTDBuilder:0.12666666666666668
EditorsPlugin:0.125
MultiSubprocessDialog:0.11333333333333333
DelegateTaskVariableProvider:0.11333333333333333
SendEmailActionHandlerProvider:0.11
MultiTaskPresentation:0.10666666666666667
TaskDescriptionTDBuilder:0.10333333333333333
CommonParamBasedHandler:0.1
SubprocessPresentation:0.09333333333333334
DelegateTaskServlet:0.09
LayoutStateNodeFeature:0.09
CreateSwimlaneFeature:0.08666666666666667
PropertyNames:0.08666666666666667
BPMNFigureFactory:0.08666666666666667
QuickFormVariableWizard:0.08333333333333333
TaskServiceBean:0.07666666666666666
WfTaskFactory:0.07666666666666666
InteractionsParser:0.07333333333333333
VariableMappingsChange:0.07
MultiTaskDiscriminatorDialog:0.06333333333333334
MultiTaskVariableDialog:0.05333333333333334
AddMultiSubprocessFeature:0.043333333333333335
DelegationGroup:0.028333333333333332
VariableLogic:0.028055555555555552
TaskDelegationLog:0.016666666666666666
SelectMultiTaskSynchronizationModeAction:0.01
AddMultiTaskIndexToTaskPatch:0.006666666666666667
EditMultiTaskDiscriminatorAction:0.005
BotNamedThreadFactory:0.0
MultiTaskDiscriminatorChange:0.0
AddMultiTaskFeature:0.0
