Rule:0.6566666666666666
AttributeChecks:0.38666666666666666
ActionTranslator:0.26
