CreatePNGWith2DStructures:0.4866666666666667
CreatePDFWith2DStructures:0.4866666666666667
CreateJPGWith2DStructures:0.4866666666666667
