TransitionableState:0.43333333333333335
Flow:0.43
XmlFlowBuilder:0.30333333333333334
