Default:0.5366666666666666
ValidatingClassVisitor:0.37333333333333335
ClassFileVersion:0.35333333333333333
ClassFileVersionTest:0.21333333333333335
