TreeTesterTest:0.45
KeyPostTest:0.23444444444444443
KeyPostTest2:0.23444444444444443
