FlowExecutionContext:0.5933333333333334
AbstractFlowExecutionTests:0.36333333333333334
FlowExecutionImpl:0.36
ContinuationFlowExecutionRepository:0.28
AbstractConversationFlowExecutionRepository:0.25666666666666665
FlowExecutionControlContextImpl:0.22166666666666668
ClientContinuationFlowExecutionRepository:0.20666666666666667
MockRequestContext:0.19666666666666666
MockFlowExecutionContext:0.12333333333333334
NoOpConversationService:0.04666666666666667
