HazelcastTestSupport:0.5722222222222222
HazelcastClientInstanceImpl:0.36833333333333335
