Java2DRenderer:0.5366666666666666
IController2DModel:0.49366666666666664
Controller2DHub:0.3466666666666667
Controller2DModuleMove:0.235
ExampleController2DModule:0.21666666666666667
Controller2DModuleHighlight:0.21000000000000002
IChemModelRelay:0.15833333333333333
