SerializeConfig:0.5566666666666666
MiscCodec:0.3933333333333333
IdentityHashMap:0.27111111111111114
CurrencyTest4:0.14666666666666667
CurrencyTest5:0.12333333333333334
