RowContainer:0.7912698412698412
Text:0.36
HTMLTableElement:0.29333333333333333
