ITypeInfo:0.5466666666666666
COMObject:0.26666666666666666
TYPEDESC:0.14
TYPEATTR:0.08333333333333333
TYPEKIND:0.0033333333333333335
