ClientEngineImpl:0.5033333333333333
ClientInvocationServiceSupport:0.4166666666666667
ClientPacketProcessor:0.38666666666666666
ServiceManagerImpl:0.34
ResponseThread:0.24277777777777781
CleanResourcesTask:0.16333333333333333
