AbstractTestQueries:0.545
Analysis:0.48333333333333334
QueryPlanner:0.35333333333333333
