Tuple2Test:0.34
Tuple0Test:0.32666666666666666
Tuple4Test:0.30666666666666664
Tuple3Test:0.30333333333333334
Tuple7Test:0.26
Tuple5Test:0.25666666666666665
Tuple6Test:0.25333333333333335
Tuple1Test:0.23333333333333334
