MemberTableModel:0.35333333333333333
EventTableModel:0.2833333333333333
InfoPanel:0.22
MissionListModel:0.17333333333333334
MissionListUpdater:0.16666666666666666
VehicleInfoUpdater:0.16666666666666666
CreditTableModel:0.16333333333333333
MissionEventUpdater:0.16333333333333333
MainDetailPanel:0.16
NavpointPanel:0.14333333333333334
TimeWindow:0.13666666666666666
