WindowTracker:0.7161111111111111
WindowTrackerTest:0.6966666666666667
