DmlStatement:0.49666666666666665
RestService:0.49
DataExtractorService:0.2733333333333333
StructureDataWriter:0.27
IDataExtractorService:0.21388888888888885
DmlStatementFactory:0.19777777777777777
RestServiceTest:0.15333333333333332
SqliteDmlStatement:0.05333333333333334
