WxCpServiceImpl:0.5177777777777778
WxCpMenuGsonAdapter:0.37599999999999995
