TransformerChain:0.5266666666666666
ClassTransformer:0.47745238095238096
AbstractFilterTransformer:0.14666666666666667
AbstractTransformer:0.1
EmittingTransformer:0.013333333333333334
