PairAlignFrame:0.37333333333333335
PairAlignThread:0.3333333333333333
PairAlignAction:0.10333333333333333
PairAlignWindowListener:0.08666666666666667
