RBM:0.7166666666666667
RBMTests:0.31
RBMUtil:0.22666666666666666
MultiLayerTest:0.22
TestSparkMultiLayer:0.16333333333333333
