Jdbc:0.41583333333333333
CasPersonDirectoryAttributeRepositoryConfiguration:0.33666666666666667
Ldap:0.3333333333333333
Groovy:0.23666666666666666
Json:0.20666666666666667
