ThreadUtils:0.61
Geonetwork:0.47
ImportMetadataReindexer:0.27
BatchOpsMetadataReindexer:0.23333333333333334
ImportCallable:0.06666666666666667
BatchOpsCallable:0.06666666666666667
