SQLGrammar:0.6066666666666667
SQLGrammarTokenManager:0.3566666666666667
TransportSQLActionTest:0.3233333333333333
TableVisitorTest:0.27
TableVisitor:0.19666666666666666
SQLGrammarConstants:0.0
