ScopingTest:0.3233333333333333
DependencyTest:0.3233333333333333
AbstractDependencyManagerTests:0.2866666666666667
Cardinality0to1Test:0.19
MavenArtifactLookupTest:0.19
ServiceCollectionTest:0.16333333333333333
ServiceProxyTest:0.16333333333333333
LifecycleTest:0.13
WeatherServiceBundleTest:0.13
ReferenceProxyTest:0.13
ServiceListenerTest:0.13
SimpleServiceBundleTest:0.13
