CMap:0.8233333333333334
AbstractRecord:0.6933333333333334
