View:0.6833333333333333
Product:0.31
Module:0.23
Result:0.21666666666666667
POJOTest:0.18
Product2SeveralViewsTest:0.023333333333333334
