Input:0.78
AndroidLocklessInput:0.2966666666666667
LwjglInput:0.2966666666666667
AndroidInput:0.2966666666666667
JoglInput:0.25333333333333335
RemoteInput:0.25333333333333335
AngleInput:0.25333333333333335
