DeployerConfigurationExtenderTest:0.6216666666666667
FelixPlatform:0.3333333333333333
