Context:0.32
ReplaySessionTest:0.31
RecordingFragmentReader:0.21916666666666668
ReplaySession:0.20666666666666667
Aeron:0.20333333333333334
ArchiveConductor:0.19333333333333333
ExclusivePublication:0.19333333333333333
ClientConductorTest:0.19
Archiver:0.17333333333333334
MediaDriver:0.14
ExclusiveTermAppender:0.10833333333333334
LightweightArchivingMediaDriver:0.07666666666666666
