WxMpService:0.6466666666666666
WxMpMiscAPITest:0.29333333333333333
WxMpServiceImpl:0.2707777777777778
