HtmlForm:0.61
HTMLFormElement:0.31666666666666665
MalformedHtmlTest:0.31333333333333335
DescendantElementsIterator:0.30666666666666664
