CreateCollectionOperation:0.5833333333333334
DB:0.4766666666666667
CollectionHelper:0.30666666666666664
AggregateExplainOperation:0.30333333333333334
DatabaseAdministrationImpl:0.2
