MainFrame:0.7166666666666667
Config:0.5612142857142858
LoadCreoleRepositoryAction:0.36333333333333334
