SelectBox:0.3933333333333333
FlickScrollPane:0.3566666666666667
Group:0.3333333333333333
SelectList:0.27666666666666667
BitmapFontData:0.18666666666666668
