DataLoaderService:0.5283333333333333
HttpTransportManager:0.5183333333333333
InternalTransportManager:0.2866666666666667
MockTransportManager:0.22
