StudyBean:0.6383333333333333
SeriesBean:0.4830555555555556
