CodeGenerator:0.6266666666666667
Target:0.43
CodeGenPipeline:0.19333333333333333
