PostgresWireProtocol:0.43333333333333335
PostgresWireProtocolTest:0.28
SslConfigurationTest:0.2733333333333333
PostgresNetty:0.25
PipelineRegistry:0.2
SslReqHandlerTest:0.19
HttpTransportPlugin:0.17333333333333334
SslReqHandler:0.15
SQLModule:0.11333333333333333
PipelineRegistryTest:0.09
SslConfigSettings:0.03
