PixmapTextureData:0.43666666666666665
PixmapPacker:0.37333333333333335
FreeTypeFontGenerator:0.37
