BioMobyInputsWizard:0.625
ExecuteMobyServiceAction:0.43333333333333335
MobyView:0.3416666666666667
