JPPFJcaClientConnection:0.8133333333333334
JcaSubmissionManager:0.29333333333333333
