DataStore:0.7833333333333333
SystemDataRes:0.25666666666666665
CaptureTask:0.22333333333333333
KBFileManagerRes:0.19222222222222224
FileManagementDataRes:0.19
SystemStatusData:0.13666666666666666
