TablePerClassTest:0.37666666666666665
SingleTableTest:0.37666666666666665
JoinedSubClassTest:0.36333333333333334
