JavaImporter:0.3933333333333333
PyType:0.38333333333333336
PyTuple:0.36333333333333334
PySystemState:0.32
imp:0.31
PyBuiltinFunction:0.30666666666666664
PyJavaClass:0.26666666666666666
TreeBuilder:0.21666666666666667
PyClass:0.20666666666666667
PyTableCode:0.20333333333333334
PyGenerator:0.19666666666666666
PyIterator:0.19666666666666666
PythonTraceFunction:0.19111111111111112
SyspathJavaLoader:0.18333333333333332
PyEnumerate:0.15
BytecodeLoader2:0.14333333333333334
PyCallIter:0.04666666666666667
