ResourceCRLRevocationChecker:0.6633333333333333
RejectUsersAuthenticationHandler:0.24666666666666667
NtlmAuthenticationHandler:0.24666666666666667
PoolingLdaptiveResourceCRLFetcher:0.23
CRLDistributionPointRevocationCheckerTests:0.22333333333333333
LdaptiveResourceCRLFetcher:0.22333333333333333
LdaptiveResourceCRLFetcherTests:0.18333333333333332
PoolingLdaptiveResourceCRLFetcherTests:0.18333333333333332
X509CredentialsAuthenticationHandlerTests:0.14333333333333334
ResourceCRLRevocationCheckerTests:0.13
