SecondsBasedEntryTaskScheduler:0.41
QueueService:0.31333333333333335
PartitionServiceImpl:0.3016666666666667
MapStoreTest:0.24666666666666667
SystemLogRecord:0.225
QueueTransactionLog:0.22444444444444447
OperationServiceImpl:0.20333333333333334
MapContainer:0.18666666666666668
EntryTaskSchedulerFactory:0.14666666666666667
TransactionalQueueProxySupport:0.14
EntryProcessorExecutor:0.0811111111111111
