ClientConnectionManagerImpl:0.49666666666666665
Heartbeat:0.36333333333333334
ClientSmartInvocationServiceImpl:0.32
ClientSmartListenerService:0.25
