HtmlPage2Test:0.4947222222222223
HtmlImageInputTest:0.37333333333333335
HtmlPage3Test:0.21666666666666667
