SeqFeatureI:0.83
FeatureSet:0.47
SeqFeature:0.44333333333333336
AnnotatedFeature:0.35
AnnotatedFeatureI:0.2536507936507936
