Mongo:0.57
DB:0.39666666666666667
DBCollection:0.3933333333333333
CollectionAdministrationImpl:0.25333333333333335
MongoDatabase:0.22615079365079369
MongoCollectionImpl:0.22
DatabaseAdministrationImpl:0.1847222222222222
ClientAdministrationImpl:0.1811111111111111
MongoClientImpl:0.17666666666666667
MongoDatabaseImpl:0.13
