OAuthConfig:0.7133333333333334
ServiceBuilder:0.3933333333333333
OAuth10aService:0.3466666666666667
OAuth20Service:0.30666666666666664
ServiceBuilderTest:0.21333333333333335
