BioList:0.47
MobyObject:0.21194444444444446
BasicPropertySource:0.19
SmilesMolecule:0.17281746031746034
BioObject:0.12666666666666668
BioListPropertySource:0.1
BioObjectPropertySource:0.08666666666666667
