Setting:0.7733333333333333
IndexScopedSettings:0.37
ScopedSettingsTests:0.32666666666666666
