BlockingSortingQueuedRowDownstreamHandle:0.41333333333333333
RowSender:0.32
BlockingSortingQueuedRowDownstream:0.30666666666666664
SortingRowDownstreamBenchmark:0.22666666666666666
LuceneDocCollectorBenchmark:0.22
SortingRowDownstreamTest:0.17
TopRowUpstream:0.10722222222222223
