IndexSourceOperator:0.5233333333333333
Visitor:0.3566666666666667
IndexSourceOperatorFactory:0.28
AbstractTestIndexedQueries:0.16
