NeuronWidget:0.5433333333333333
NeuralLayerWidget:0.44333333333333336
NeuralNetworkScene:0.3433333333333333
