InsertOperation:0.5
DeleteOperation:0.3894444444444444
JupiterVectorTime:0.3894444444444444
SplitOperation:0.37277777777777776
JID:0.37277777777777776
RequestImpl:0.14416666666666667
