UpsertByIdNode:0.44666666666666666
Item:0.39666666666666667
PlannerTest:0.30333333333333334
BulkShardProcessor:0.2733333333333333
TransportShardUpsertAction:0.24666666666666667
Planner:0.23333333333333334
PartitionedTableIntegrationTest:0.22333333333333333
TransportExecutorTest:0.19666666666666666
UpsertByIdTask:0.17
TaskCollectingVisitor:0.13666666666666666
Visitor:0.09333333333333334
