Printer:0.7088888888888889
PolarPrinter:0.5922222222222223
CartesianPrinter:0.4592619047619047
PrinterUI:0.42
