Poller:0.52
ServiceMonitor:0.5116666666666667
BroadcastEventProcessor:0.30333333333333334
PollerTest:0.28
PollableVisitor:0.2569444444444444
PollerConfigFactory:0.24666666666666667
PollableNode:0.1875
PollableNetwork:0.17666666666666667
