ServerConfiguration:0.7833333333333333
EventProcessor:0.30333333333333334
ServerConfigurationParser:0.2833333333333333
