LWJGLUtil:0.5233333333333333
ILNative:0.3
AL:0.27666666666666667
FMOD:0.24550000000000002
