Gauge:0.57
Section:0.51
Radial:0.5066666666666667
Marker:0.47333333333333333
Fonts:0.44666666666666666
MatrixSegment:0.44
Linear:0.44
GaugeBuilder:0.43
RadialMenu:0.4166666666666667
QlockTwo:0.4033333333333333
Qlock:0.39666666666666667
Symbol:0.3933333333333333
FlipPanel:0.32666666666666666
BuildingPanelFarming:0.32666666666666666
ShapeConverter:0.31333333333333335
SplitFlap:0.29333333333333333
RadialMenuItem:0.2866666666666667
HeatControl:0.2833333333333333
RadialBuilder:0.2833333333333333
LinearBuilder:0.27666666666666667
SimpleRadarChart:0.27666666666666667
SimplePieChart:0.27666666666666667
SplitFlapBuilder:0.27
MatrixSegmentBuilder:0.27
NotifierBuilder:0.26
Notification:0.25333333333333335
GaugeSkin:0.24666666666666667
RadialSteelGauge:0.24333333333333335
SimpleLineChart:0.24
SimpleGauge:0.23666666666666666
RadialBargraph:0.23666666666666666
QlockTwoSkin:0.23444444444444443
ConicalGradient:0.23333333333333334
Util:0.22666666666666666
RadialMenuOptionsBuilder:0.22666666666666666
QlockTwoBuilder:0.2211111111111111
SimpleLineChartBuilder:0.2211111111111111
GradientLookup:0.21666666666666667
AvGauge:0.21
RadialMenuItemBuilder:0.20333333333333334
HeatControlSkin:0.19777777777777777
RadialSkin:0.19666666666666666
SquareMatrixSegmentBuilder:0.19666666666666666
AvGaugeBuilder:0.19333333333333333
SimpleGaugeSkin:0.19333333333333333
BrushedMetalPaint:0.18
OneEightyGauge:0.18
SquareMatrixSegment:0.17333333333333334
RadialMenuOptions:0.165
RadialBargraphSkin:0.16333333333333333
OneEightyGaugeBuilder:0.16333333333333333
QlockWord:0.16333333333333333
RadialBargraphBuilder:0.16333333333333333
RadialSteelGaugeBuilder:0.16333333333333333
SimpleGaugeBuilder:0.16333333333333333
QlockFrench:0.12333333333333334
QlockDutch:0.12333333333333334
QlockGerman:0.12333333333333334
QlockEnglish:0.12333333333333334
QlockSpanish:0.11333333333333333
SquareMatrixSegmentSkin:0.11
NotificationBuilder:0.10333333333333333
MatrixSegmentSkin:0.1
SimpleLineChartSkin:0.09833333333333333
SimpleRadarChartSkin:0.09666666666666666
OneEightyGaugeSkin:0.09666666666666666
SimplePieChartSkin:0.09611111111111112
DemoSimpleGauge:0.08388888888888889
DemoRadialBargraph:0.08388888888888889
DemoSimpleRadarChart:0.07805555555555554
Demo:0.07666666666666666
DemoAvGauge:0.07666666666666666
DemoRadial:0.07666666666666666
DemoGauge:0.07666666666666666
SectionBuilder:0.07666666666666666
DemoLinear:0.07666666666666666
RadialSteelDemo:0.07555555555555556
AngleConicalGradient:0.065
FlipClock:0.06222222222222223
DemoSimplePieChart:0.061388888888888896
RadialMenuButton:0.05333333333333334
RadialMenuBuilder:0.05333333333333334
DemoSimpleLineChart:0.043333333333333335
DemoSimple:0.0425
LinearSkin:0.03666666666666667
DemoMulti:0.03666666666666667
RadialSteelGaugeSkin:0.03333333333333333
NotificationEvent:0.03333333333333333
DemoOneEightyGauge:0.0033333333333333335
FlipEvent:0.0
ValueEvent:0.0
