SearchView:0.7233333333333334
ActionSearch:0.6833333333333333
