OrcTester:0.45333333333333325
OrcType:0.4266666666666667
OrcReader:0.42333333333333334
