SessionFactoryImplementor:0.6909444444444445
Batcher:0.5238888888888888
ConnectionManager:0.4533333333333333
SessionFactoryImpl:0.41
LogicalConnectionImpl:0.36333333333333334
AbstractBatcher:0.32666666666666666
BorrowedConnectionProxy:0.24333333333333335
