DatastreamManagedContent:0.32
DefaultManagement:0.29
ValidationUtility:0.27
DefaultDOManager:0.25333333333333335
ExecUtility:0.24666666666666667
FoxmlDocument:0.22333333333333333
METSLikeDODeserializer:0.22333333333333333
FOXMLDODeserializer:0.21333333333333335
AllUnitTests:0.10333333333333333
TestManagedDatastreams:0.10333333333333333
NamespaceContextImpl:0.06666666666666667
ValidationUtilityTest:0.05333333333333334
