WidgetsRefHandler:0.4066666666666667
DecoratedLabel:0.31666666666666665
DecoratedButton:0.31666666666666665
ClientWidgetsRefHandler:0.26
ProjectionScaledIntTypes:0.26
UndefinedScriptException:0.25
AbstractScriptAction:0.22166666666666668
ScriptContent:0.21333333333333335
AbstractServerEngine:0.20333333333333334
AbstractClientEngine:0.19333333333333333
DecoratedLabelSkin:0.1625
DecoratedButtonSkin:0.1625
