JPPFPriorityQueue:0.49
BaseSetup:0.31
ClientContext:0.29
DriverJobManagement:0.20577777777777778
CompletionListener:0.20444444444444446
JPPFJobManager:0.19666666666666666
TaskAndJobCountTester:0.08333333333333333
BaseTestHelper:0.06666666666666667
TestJPPFStatistics:0.06333333333333334
