InitialConfigPage:0.5644444444444445
UpdateService:0.4866666666666667
NewLuceneHANodeDialog:0.42333333333333334
