DependencyBank:0.6033333333333334
GdxSetup:0.5266666666666666
BuildScriptHelper:0.33
IOSRobovmTests:0.12911111111111112
LwjglDebugStarter:0.08666666666666667
