AnalyzeRequest:0.58
SearchScrollRequest:0.4066666666666667
AnalyzeRequestBuilder:0.38333333333333336
ClearScrollRequest:0.36
IndicesRequestTests:0.24
TransportSearchHelper:0.23666666666666666
Async:0.22833333333333333
SearchScrollTests:0.21666666666666667
SearchScrollRequestBuilder:0.18
ClearScrollRequestBuilder:0.16
TransportAnalyzeAction:0.15333333333333332
TransportSearchScrollAction:0.11
AnalyzeActionTests:0.1
TransportClearScrollAction:0.085
RestSearchScrollAction:0.05333333333333334
RestClearScrollAction:0.03
RestAnalyzeAction:0.023333333333333334
