PID:0.77
DefaultDOManager:0.43333333333333335
TestPIDGenerator:0.28
DBPIDGenerator:0.23333333333333334
