ModuleManager:0.5266666666666666
ChainToGoDescriptionAction:0.33666666666666667
GoDescriptionAction:0.08
GoDescriptionChainingOnInitTest:0.07
GoDescriptionTest:0.07
