DiplomaticTradeMessage:0.6266666666666667
InGameController:0.4866666666666667
InGameInputHandler:0.26666666666666666
AIInGameInputHandler:0.2611111111111111
