SwaggerExtension:0.7766666666666666
Reader:0.5033333333333333
SwaggerExtensions:0.36333333333333334
