HeuristicState:0.66
HeuristicSearch:0.45666666666666667
Interleaving:0.3233333333333333
DFSHeuristic:0.22666666666666666
