BioclipseMobyModel:0.7533333333333333
Activator:0.49333333333333335
BiomobyManager:0.24
