HTMLElement:0.73
HTMLDocument:0.6833333333333333
HTMLFormElement:0.39666666666666667
