TaskProcessDefinitionTDBuilder:0.44333333333333336
PropertyTDBuilder:0.3333333333333333
RelationGroupNameTDBuilder:0.28
SystemLogActorTDBuilder:0.27666666666666667
