Repartition:0.4866666666666667
TestIndex:0.25333333333333335
TestSubcorpus:0.22333333333333333
ComplexSubcorpusPanel:0.21333333333333335
ComputeRepartition:0.15444444444444444
TestConcordance:0.09666666666666666
