SourceFieldMapper:0.6333333333333333
XContentMapValues:0.43
UpdateMappingTests:0.29
Defaults:0.014444444444444444
