SimpleDOWriter:0.5166666666666667
DefaultDOManager:0.4066666666666667
DefaultManagement:0.37333333333333335
FedoraAPIMBindingSOAPHTTPImpl:0.2833333333333333
