Method:0.42333333333333334
RuntimeClass:0.4033333333333333
PainlessDocGenerator:0.38666666666666666
AugmentationTests:0.16666666666666666
SFunction:0.14333333333333334
FunctionRef:0.11666666666666667
