FramesSelfTest:0.6201944444444444
Heritrix:0.43333333333333335
GardenSelfTestCase:0.38233333333333336
BackgroundImageExtractionSelfTest:0.3
AllGardenSelfTests:0.16666666666666666
