TemporaryFolder:0.5755555555555555
HasTempFolder:0.31666666666666665
RuleChain:0.2733333333333333
