AdminTest:0.37666666666666665
DownloadArtifactsFileTest:0.20666666666666667
BuildDetailTest:0.19333333333333333
NoDeadLinkTest:0.18333333333333332
BaseFunctionalTest:0.18
SeleniumTestCase:0.17333333333333334
BuildListingTest:0.12666666666666668
LatestBuildsTest:0.12666666666666668
DownloadLogFileTest:0.12333333333333334
ZippedLogTest:0.09
SingleQuoteTest:0.09
RSSFeedTest:0.09
PanopticodeTest:0.09
MBeanConsoleTest:0.09
BuildLoopSmokeTest:0.07333333333333333
GetProjectBuildingStatusTest:0.056666666666666664
