CorruptedFileTest:0.5083333333333333
ShardRecoveryHandler:0.3883333333333333
CleanFilesRequestHandler:0.3233333333333333
