AbstractBinderResource:0.7051111111111112
FolderEntryResource:0.34544444444444444
