MetaEditor:0.4066666666666667
ModuleManager:0.30333333333333334
MetaAction:0.28
ControllersParser:0.23138888888888887
EditorsParser:0.23138888888888887
SelectListFormatAction:0.22666666666666666
AJAXTest:0.21333333333333335
InvoiceTest:0.19
XmlElementsNames:0.0
