PrefConstants:0.735
JpdlSerializer_3_2:0.4033333333333333
GlobalTimeOut:0.2669444444444445
TasksTimeoutGlobalPreferencePage:0.17333333333333334
PreferenceInitializer:0.08
TasksTimeoutPreferencePage:0.016666666666666666
