UtilGUI:0.5366666666666666
Pref:0.47
ScopeRegistry:0.3933333333333333
IndexingDialog:0.34
IndexingTab:0.33666666666666667
DocFetcher:0.3
ScopeGroup:0.22333333333333333
ResultPanel:0.21666666666666667
OpenDirectoryAction:0.15666666666666668
PrefDialog:0.15666666666666668
RemoveMissingAction:0.15666666666666668
RemoveIndexAction:0.15666666666666668
CreateSubfolderAction:0.13666666666666666
RenameFolderAction:0.11666666666666667
PasteIntoFolderAction:0.11333333333333333
DeleteFolderAction:0.10333333333333333
