SPOEvent:0.42333333333333334
RuleEvent:0.42
DefaultApplication:0.39
GraphTransition:0.37666666666666665
RuleApplication:0.37
CompositeEvent:0.2733333333333333
DefaultGraphTransition:0.24666666666666667
AbstrGraphTransitionImpl:0.24333333333333335
DefaultGraphNextState:0.2425
Derivation:0.16253968253968254
AbstractEvent:0.15666666666666668
