TestLifecycle:0.6966666666666667
DefaultTestLifecycle:0.4533333333333333
RobolectricTestRunnerTest:0.32666666666666666
ContentResolverTest:0.2733333333333333
DefaultTestLifecycleTest:0.27
ActivityTest:0.21
ApplicationTest:0.21
ParallelUniverse:0.185
ParallelUniverseTest:0.16333333333333333
MyTestLifecycle:0.03
X:0.023333333333333334
