ParserATNFactory:0.5533333333333333
LL1Analyzer:0.33666666666666667
TestToolSyntaxErrors:0.3333333333333333
LeftRecursiveRuleTransformer:0.23333333333333334
