FunctionalTest:0.7378333333333335
EntityWriter:0.5907936507936509
