VCSActivity:0.6333333333333333
VCSActivityDataObject:0.4033333333333333
