DefaultResourceHandle:0.5168888888888888
MainFrame:0.49333333333333335
ApplicationViewer:0.42333333333333334
