SodbeansRunToCursorAction:0.3631666666666666
SodbeansRunBackToCursorAction:0.3631666666666666
