DefaultJSONParser:0.595
TestRef7:0.29333333333333333
Bug_for_zhuel:0.2872222222222222
