Message:0.7133333333333334
MessageImpl:0.4266666666666667
EventBusTestBase:0.36666666666666664
LocalEventBusTest:0.3
ClusteredEventBusTest:0.25
EventBusImpl:0.24
ConnectionHolder:0.22944444444444448
