TC_RunnerLaunching:0.3233333333333333
DebuggerRunner:0.31
RubyInterpreter:0.2733333333333333
InterpreterRunnerConfiguration:0.26
InterpreterRunner:0.20333333333333334
TestUnitRunnerConfiguration:0.13
ShamInterpreter:0.07333333333333333
