Http2ServerTest:0.6834444444444445
FileStreamChannel:0.3676984126984127
