Flow:0.6243333333333334
AnnotatedObject:0.4277777777777778
