ProductTest:0.6827222222222223
GoListAction:0.6366666666666667
