ReportsPanel:0.4
ResultEntry:0.39666666666666667
Report:0.37333333333333335
Runner:0.31
ResultTableModel:0.28
IdentifiedObjects:0.22666666666666666
Reports:0.18
MainFrame:0.17333333333333334
ResultCellRenderer:0.1572222222222222
Coverage:0.15
ParameterNamesReport:0.09
FactoryProvider:0.0
