Reference:0.66
ReferenceQueue:0.645
WeakReferenceTest:0.23666666666666666
SoftReferenceTest:0.20333333333333334
