JavaElement:0.6466666666666666
JavaElementChanges:0.55
ChangeReport:0.36333333333333334
