Detector:0.7
BitMatrixParser:0.39
PDF417BlackBox2TestCase:0.14333333333333334
PDF417BlackBox3TestCase:0.14333333333333334
PDF417BlackBox1TestCase:0.09
