MainFrame:0.6866666666666666
NameBearerHandle:0.5355555555555556
ResourceTreeCellRenderer:0.19666666666666666
ParameterDisjunctionRenderer:0.12333333333333334
CloseSelectedResourcesAction:0.11666666666666667
