Index:0.48333333333333334
Node:0.36
Value:0.3433333333333333
UnresolvedIssues:0.2633333333333333
ExecutorServiceTest:0.24666666666666667
ClusterManager:0.24333333333333335
BaseManager:0.23666666666666666
MapIndexService:0.22833333333333333
InPredicate:0.22666666666666666
BlockingQueueManager:0.21333333333333335
ConcurrentMapManager:0.19555555555555554
FactoryImpl:0.18666666666666668
Employee:0.18444444444444444
QueryTest:0.17166666666666666
BlockBackupSync:0.14333333333333334
ClusterTest:0.12333333333333334
IndexTest:0.09666666666666666
AbstractPredicate:0.09333333333333334
TestUtil:0.0575
MapIndexServiceTest:0.05
