AddShowDialog:0.6633333333333333
TedMainDialog:0.3466666666666667
SearchTextField:0.26
