IJob:0.695
AbstractJob:0.47333333333333333
JobManager:0.36
RegistrationService:0.2733333333333333
RandomTimeSlot:0.13
IJobManager:0.013333333333333334
