SqlSession:0.6433333333333333
SqlSessionManager:0.35333333333333333
MapperMethod:0.32666666666666666
DefaultSqlSession:0.26666666666666666
BoundBlogMapper:0.257
MapperAnnotationBuilder:0.24666666666666667
SqlSessionTest:0.21
BindingTest:0.19
