Multimap:0.5666666666666667
IntMultimap:0.31333333333333335
AbstractMultimapTest:0.26666666666666666
MultimapImpl:0.22666666666666666
HashMultimap:0.22333333333333333
HashMultimapTest:0.19666666666666666
Factory:0.1900952380952381
