StrFoldCase:0.6133333333333333
StrUnicodeDecompose:0.6133333333333333
JUTestEvaluation:0.48333333333333334
StringCompareNode:0.31666666666666665
