HibernateFailureJobFunctionalTests:0.7466666666666667
AbstractValidatingBatchLauncherTests:0.48833333333333334
