UtilityElementProperties:0.3566666666666667
GwtTeamingMessages:0.31666666666666665
UtilityElementWidgetDlgBox:0.31333333333333335
UtilityElementDropWidget:0.27
CustomJspWidgetDlgBox:0.25
UtilityElementPaletteItem:0.15
