KuwaibaService:0.6523611111111112
ObjectFactory:0.6166666666666667
CommunicationsStub:0.22666666666666666
GetPhysicalConnectionsInsideObject:0.12833333333333333
GetPhysicalConnectionsInsideObjectResponse:0.04416666666666667
