Structure:0.7533333333333333
StructureTest:0.4866666666666667
MemberOrder:0.014071428571428572
