RequestSpecBuilder:0.42
RestAssured:0.38666666666666666
ResponseSpecBuilder:0.38333333333333336
FilterITest:0.23822222222222222
SpecificationBuilderITest:0.20333333333333334
