EntryReact:0.6466666666666666
OWLReact:0.5133333333333333
DictDBTest:0.17666666666666667
DictDBReactTest:0.08666666666666667
