Config:0.8833333333333333
HazelcastInstance:0.6613333333333333
ServiceManager:0.3244444444444444
HazelcastInstanceImpl:0.24
HazelcastInstanceProxy:0.20666666666666667
FactoryIdHelper:0.0
