LoginDlg:0.38333333333333336
GwtTeamingMessages:0.31333333333333335
GwtServerHelper:0.27666666666666667
GwtLoginInfo:0.24666666666666667
LoginDlgCheckBox:0.0
