CMap:0.72
MapStoreTest:0.32666666666666666
PutOperationHandler:0.19666666666666666
SimpleMapStore:0.18666666666666668
MapStoreAdaptor:0.03333333333333333
