PluginScriptPanel:0.6294444444444445
ScriptEditorListener:0.3433333333333333
