gdxBulletJNI:0.8666666666666667
btOverlappingPairCache:0.29
btMultiSapBroadphase:0.25
btHashedOverlappingPairCache:0.24444444444444446
btSortedOverlappingPairCache:0.24111111111111114
btCollisionAlgorithm:0.21333333333333335
