SymphonyServletListener:0.455
Filler:0.44
Common:0.22191269841269842
IndexProcessor:0.20333333333333334
ArticleQueryService:0.16666666666666666
InitProcessor:0.165
