Action:0.6333333333333333
TK:0.54
MApplication:0.38666666666666666
Config:0.3
AbstractListTableModel:0.2113888888888889
RemoveUndo:0.16333333333333336
QuitAction:0.12777777777777777
