ActivityStreamCtrl:0.5466666666666666
ActivityStreamTopEntry:0.22
ActivityStreamUIEntry:0.18333333333333332
ActivityStreamComment:0.11
