PollableService:0.41333333333333333
PollableElement:0.37333333333333335
PollableContainer:0.30666666666666664
PollableInterface:0.2866666666666667
Scheduler:0.25
PollableNode:0.25
ScheduleEntry:0.19666666666666668
