InMemoryLookupTable:0.7766666666666666
WordVectorSerializerTest:0.36666666666666664
WordVectorsImpl:0.29333333333333333
Word2VecTests:0.25
