Node:0.32666666666666666
IntSetIterator:0.19666666666666666
MapIterator:0.15666666666666668
MainMenuScreen:0.14
SetIterator:0.13333333333333333
