DbEntitySql:0.5366666666666666
DbNameUtil:0.5266666666666666
DbNameUtilTest:0.3
