DriverConductor:0.43666666666666665
ClientConductor:0.30333333333333334
Context:0.26666666666666666
Aeron:0.22666666666666666
ClientConductorTest:0.19416666666666665
