PopupMenu:0.4666666666666667
Adapter:0.4206666666666667
Spinner:0.33666666666666667
PopupMenuActivity:0.11
ViewHolder:0.08
