AbstractScpService:0.2833333333333333
MD5CheckService:0.25666666666666665
AuditLoginModule:0.25333333333333335
CompressionService:0.24333333333333335
FileSystemMgtService:0.24
HL7ServerService:0.22333333333333333
DcmServerService:0.21
AuditLoggerService:0.18
TLSConfigDelegate:0.16666666666666666
TLSConfigService:0.16
