ViewBuilder:0.6133333333333333
ObjectViewService:0.39
LabelInplaceTextEditor:0.25333333333333335
