DefaultTokeniser:0.58
FSMState:0.44666666666666666
DFSMState:0.3566666666666667
UnicodeType:0.11666666666666667
