ZenDiscovery:0.3333333333333333
ClusterBlocks:0.33
DiscoveryService:0.27
GatewayService:0.25083333333333335
MinimumMasterNodesTests:0.23333333333333334
LocalDiscovery:0.2175
InternalClusterService:0.18
TribeService:0.17
UpdateTask:0.15
NoMasterNodeTests:0.10333333333333333
DiscoverySettings:0.043333333333333335
