ManageMissionariesGoal:0.23391962
CreateMissionAtSettlementGoal:0.226578
GotoAdjacentGoal:0.14629848
GoalConstants:0.0089780055
