Http2ConnectionBase:0.5666666666666667
Http2ClientTest:0.4166666666666667
EndpointKey:0.4033333333333333
HttpChannelConnector:0.33
ConnectionListener:0.3227222222222222
Http2ClientConnection:0.25666666666666665
ConnectionManager:0.20666666666666667
ConnectionProvider:0.14133333333333334
