WebserviceBean:0.5466666666666666
WebserviceBeanRemote:0.44333333333333336
UserInfo:0.2966666666666667
SyncServicesManager:0.2111111111111111
GroupInfo:0.15666666666666668
UserInfoLight:0.14666666666666667
ToolsBean:0.14333333333333334
PrivilegeInfo:0.12
ToolsBeanRemote:0.029444444444444447
GroupInfoLight:0.0033333333333333335
