Mouse:0.7266666666666667
HWCursorTest:0.35333333333333333
MouseTest:0.28
