AbstractIntegrationTest:0.73
TestCluster:0.5033333333333333
ElasticSearchTestCase:0.2633333333333333
RandomClientFactory:0.26
MockDirectoryHelper:0.235
MockRobinEngine:0.19444444444444445
ReproduceInfoPrinter:0.12666666666666668
