RemoteSynchronizationConfiguration:0.5208333333333334
WebserviceBean:0.4266666666666667
BusinessEntityManagerImpl:0.41333333333333333
