Header:0.7233333333333334
Utils:0.65
Matrix:0.43666666666666665
RWorkspace:0.43666666666666665
MatrixTest:0.27051984126984113
TestRWorkspace:0.20333333333333334
FrequencyList:0.07333333333333333
QuantitativeDataStructure:0.04
ContingencyTable:0.01
DoubleMatrix:0.01
ContingencyTableTest:0.006666666666666667
TestUtils:0.006666666666666667
Factor:0.0
