Parameter:0.36
EventManagerImpl:0.32666666666666666
DownloadEvent:0.25
XSLTOutputEvent:0.20666666666666667
IntelliCache:0.19333333333333333
FilterContentDisplayer:0.16666666666666666
