DBCollection:0.52
DBCollectionImpl:0.3333333333333333
DB:0.3333333333333333
QueryResultIterator:0.28
DBCursor:0.27666666666666667
DBApiLayer:0.21333333333333335
OptionalFinalizer:0.14555555555555558
