Toolbar:0.31333333333333335
FrameLayout:0.23333333333333334
LinearLayout:0.23333333333333334
AppBarLayout:0.23
DropDownMenu:0.22333333333333333
CollapsingToolbarLayout:0.22166666666666668
FlowLayout:0.21333333333333335
ConstraintLayout:0.21333333333333335
CoordinatorLayout:0.21333333333333335
GridLayout:0.21333333333333335
RelativeLayout:0.21333333333333335
DrawerLayout:0.21333333333333335
FeaturesActivity:0.08
