HttpClient:0.8766666666666667
FedoraClient:0.2866666666666667
