RobolectricTest:0.36666666666666664
ShadowLayoutInflaterTest:0.33
ShadowViewTest:0.31333333333333335
ShadowResourcesTest:0.2866666666666667
TestBroadcastReceiver:0.04666666666666667
