MobyViewObject:0.5066666666666667
MobyViewAuthority:0.3325
MobyViewCentral:0.21666666666666667
MobyPropertySource:0.20666666666666667
MobyViewService:0.10333333333333333
MobyViewContainer:0.05
