LdapUserDetailsMapper:0.8533333333333334
LdapUserDetailsMapperTests:0.023333333333333334
