Counter:0.38666666666666666
InMemoryLookupTable:0.33666666666666667
Builder:0.32
WordVectorSerializer:0.19333333333333333
Evaluation:0.18666666666666668
WordVectorSerializerTest:0.12
