Conflict:0.6233333333333333
DatabaseWriter:0.5533333333333333
DatabaseWriterTest:0.21666666666666667
DefaultDatabaseWriterConflictResolver:0.21000000000000002
DataLoaderService:0.19916666666666666
ConflictSettingsNodeGroupLinkMapper:0.1411111111111111
