StoreScpService:0.5133333333333333
SeriesBean:0.5
MPPSEmulatorService:0.30333333333333334
StorageBean:0.2733333333333333
