ExportedJobLauncher:0.8511111111111112
JobRegistryBackgroundJobRunner:0.3466666666666667
SimpleExportedJobLauncherTests:0.33
SimpleExportedJobLauncher:0.31333333333333335
ResourceXmlApplicationContext:0.21
ClassPathXmlApplicationContextFactory:0.20666666666666667
RemoteLauncherTests:0.17333333333333334
ClassPathXmlApplicationContextFactoryTests:0.16666666666666666
