DefaultJVMHandler:0.44333333333333336
MyEventListener:0.2368095238095238
DefaultActionHandler:0.22333333333333333
JVMEventDispatcher:0.22014285714285714
DefaultTODHandler:0.2
TestRun:0.16333333333333333
DebugTest:0.1259206349206349
