LocalDate:0.6183333333333333
LocalTime:0.5516666666666666
TestLocalDate_Constructors:0.3466666666666667
TestLocalTime_Constructors:0.33
