VPChunker:0.894626984126984
ANNIETransducer:0.894626984126984
