HibernateTraversableResolverTest:0.48472222222222217
DDLTest:0.4633333333333333
BeanValidationAutoTest:0.2733333333333333
