Interval:0.8111111111111111
MutableInterval:0.515
AbstractInterval:0.45666666666666667
