TableTemplate:0.5716666666666667
TransformDataLoader:0.4266666666666667
TransformDataLoaderTest:0.2966666666666667
CopyColumnTransform:0.16333333333333333
