PlanFragment:0.48333333333333334
LocalQueryRunner:0.30666666666666664
Fragmenter:0.27
FragmentProperties:0.2633333333333333
SqlQueryExecution:0.23666666666666666
