Script:0.6933333333333334
ScriptExecutionManagerTests:0.42333333333333334
ScriptExecutionEvaluatorTests:0.35333333333333333
