Vector3D:0.47333333333333333
AbstractMap3DProjection:0.39666666666666667
ARINCMap3D:0.34
PerspectiveProjection:0.2575873015873016
ParallelProjection:0.250920634920635
JFXMapManager:0.09
