ViewLogForm:0.7425
EjbExceptionSupport:0.6666666666666666
ViewLogsAction:0.4066666666666667
WebResources:0.4033333333333333
