Transaction:0.6533333333333333
LogStore:0.375
GraphManager:0.33666666666666667
PersistenceManager:0.33
