SupervisorActor:0.37666666666666665
ServerActor:0.36
BehaviorActor:0.2833333333333333
EventSourceActor:0.2733333333333333
