FeatureBlock:0.49333333333333335
FeaturePair:0.4266666666666667
Mapper:0.2966666666666667
CondensedAlignment:0.22333333333333333
