ITypeInfo:0.45666666666666667
TypeLibraryImporter:0.41333333333333333
TYPEATTR:0.17333333333333334
BSTR:0.15333333333333332
ULONG_PTR:0.13666666666666666
TYPEDESC:0.11
BSTRByReference:0.09333333333333334
VARDESC:0.09333333333333334
_VARIANT_BOOLbyReference:0.09
FUNCDESC:0.09
TYPEKIND:0.08
DESCKIND:0.08
TLIBATTR:0.04
SYSKIND:0.023333333333333334
LIBFLAGS:0.023333333333333334
LPOLESTR:0.02
IDLDESC:0.013333333333333334
OaIdl:0.0
