X_T_Aging:0.6922222222222223
MAging:0.385
MTree:0.35333333333333333
