Cfg:0.42333333333333334
SWDownloadWorker:0.37666666666666665
SWDownloadFile:0.37333333333333335
SWDownloadCandidate:0.3333333333333333
SWDownloadSegment:0.2966666666666667
TestSWDownloadFile:0.2866666666666667
SWDownloadSet:0.24277777777777776
IDownloadSegment:0.15833333333333333
SWDownloadConstants:0.014285714285714285
