ConnectionRequest:0.5433333333333333
HTTPProcessor:0.5383333333333333
