BatchCommandLineLauncher:0.5033333333333333
BatchCommandLineLauncherTests:0.28
ExitCodeMapper:0.24046031746031743
StubJobLauncher:0.19333333333333333
SimpleJvmExitCodeMapperTests:0.19333333333333333
SystemExiter:0.0011111111111111111
StubSystemExiter:0.0
