WindowManager:0.6833333333333333
ServerDisplay:0.38666666666666666
GLGraphics2D:0.3433333333333333
ServerLayout:0.31666666666666665
AbstractWindowElement:0.30666666666666664
AbstractWindowManager:0.2833333333333333
ProtocolInputDecoder:0.27666666666666667
DefaultARINCUtils:0.27666666666666667
ClientDefinitionFile:0.27666666666666667
ServerWindowDefinition:0.25666666666666665
AbstractConfigurationParser:0.25333333333333335
LayerTreeEditor:0.25
EditorPanel:0.25
BasicWindowManager:0.23583333333333334
Selector:0.21666666666666667
LayerNode:0.2
ConcreteLayerPainterTest:0.19666666666666666
WindowPanel:0.19666666666666666
AbstractServerEngine:0.19
ServerCockpit:0.17333333333333334
WindowsWindowManager:0.17
ServerWrapper:0.17
EmbeddedWindowManager:0.13666666666666666
EmbeddedWindowsManager:0.12
AbstractCockpitWindowManager:0.016666666666666666
