ServiceDependentOsgiBundleXmlApplicationContext:0.4066666666666667
AbstractRefreshableOsgiBundleApplicationContext:0.37666666666666665
ServiceDependentOsgiApplicationContext:0.32976190476190476
AbstractOsgiTests:0.32666666666666666
ContextLoaderListener:0.3233333333333333
OsgiBundleXmlApplicationContext:0.29333333333333333
ConfigurableOsgiBundleApplicationContext:0.2105952380952381
AbstractBundleXmlApplicationContextTest:0.15
PropertyPlaceholderTest:0.14666666666666667
DependencyListener:0.11666666666666667
ServiceDependentOsgiBundleContextTest:0.05
