HiveTableLayoutHandle:0.4266666666666667
HiveMetastore:0.4233333333333333
AbstractTestHiveClient:0.39666666666666667
PartitionName:0.29333333333333333
HiveColumnHandle:0.2866666666666667
InMemoryHiveMetastore:0.27666666666666667
CachingHiveMetastoreStats:0.25666666666666665
CachingHiveMetastore:0.22359523809523807
TestHiveIntegrationSmokeTest:0.21333333333333335
HiveMetadata:0.2
HivePartitionManager:0.17666666666666667
HivePartitionResult:0.17333333333333334
