Problem:0.43166666666666664
AbstractFileResource:0.33666666666666667
HibernateOptimisticLockingFailureMapper:0.17666666666666667
VibeRuntimeMapper:0.14
RuntimeMapper:0.14
WriteFilesMapper:0.14
WriteEntryDataMapper:0.13666666666666666
