Simulator:0.4166666666666667
GraphPatternPopupWindow:0.38666666666666666
SetMaterialisations:0.2733333333333333
MyGenerator:0.19444444444444445
MyMouseListener:0.14333333333333334
