Input:0.82
AndroidInput:0.37333333333333335
LwjglInput:0.23526190476190473
JoglInput:0.16166666666666665
RemoteInput:0.14083333333333334
AngleInput:0.14083333333333334
