CameraConfigurationManager:0.35333333333333333
CameraManager:0.35
PlanarYUVLuminanceSource:0.3161111111111111
PreferencesActivity:0.2966666666666667
HistoryManager:0.2833333333333333
