FilterItem:0.36666666666666664
GspsDiscover:0.32666666666666666
GspsUid:0.32066666666666666
FileLocationMgtFilter:0.07333333333333333
BurnInTranscoder:0.056666666666666664
SearchFilterUtils:0.0525
UrlServletResponseItem:0.03666666666666667
ChooseContentTypeFilter:0.01
EncodeDicom:0.006666666666666667
GspsBurnIn:0.0033333333333333335
