MainActivity:0.4583333333333333
ContactView:0.41
ContactEditText:0.4066666666666667
SnackbarFragment:0.21333333333333335
