XMPPChatTransmitter:0.36
IncomingInvitationProcess:0.3333333333333333
FileTransferProcessMonitor:0.31633333333333336
OutgoingInvitationProcess:0.21333333333333335
IncomingInvitationProcessStub:0.19416666666666665
MockInvitationProcess:0.14416666666666667
