ValidateTransformationTest:0.7212222222222222
GM03Iso19139RountripTest:0.43638888888888894
