BooleanGrid:0.37333333333333335
BooleanGridList:0.33666666666666667
RrRectangle:0.32666666666666666
iPoint:0.31333333333333335
RrGraphics:0.27305555555555555
STLSlice:0.27166666666666667
iPolygon:0.25333333333333335
LayerProducer:0.19666666666666666
