HandlerThreadTest:0.34
TestCursor:0.32666666666666666
ShadowCursorWrapper:0.32666666666666666
TestSharedPreferences:0.29638888888888887
TestMenuItem:0.2633333333333333
StubPackageManager:0.25833333333333336
NullBinder:0.22166666666666668
TestWindow:0.2
ShadowLooper:0.19666666666666666
TestMovementMethod:0.17333333333333334
LooperTest:0.10333333333333333
TestSharedPreferencesEditor:0.08861111111111111
