BioResource:0.7766666666666666
IBioResource:0.7466666666666667
BioResourceView:0.30666666666666664
BioclipseSaveAsDialog:0.2633333333333333
BioResourceDocumentProvider:0.21111111111111108
TextEditor:0.16333333333333333
