CAInterfaceBean:0.5066666666666667
CryptoTokenManagementSessionBean:0.42333333333333334
CryptoTokenManagementSessionLocal:0.26666666666666666
