Signature:0.6766666666666666
FunctionRegistry:0.4
FunctionListBuilder:0.37666666666666665
