Builder:0.64
Job:0.62
JobValidatorTest:0.22333333333333333
TaskConfig:0.18
JobTest:0.14666666666666667
IdMismatchJobCreateTest:0.13333333333333333
