LuceneSearcher:0.9466666666666667
GetLatestUpdated:0.39666666666666667
