CMap:0.7933333333333333
PutOperationHandler:0.23333333333333334
PutTransientOperationHandler:0.20333333333333334
MapStoreTest:0.13666666666666666
