Node:0.5333333333333333
ActionHandler:0.43333333333333335
NetworkModule:0.28
NodeClient:0.2
ActionPlugin:0.19222222222222224
NetworkModuleTests:0.18666666666666668
PercolatorPlugin:0.17
NamedRegistry:0.14
NodeClientHeadersTests:0.10666666666666667
ActionModule:0.09
ReindexPlugin:0.03
MustachePlugin:0.013333333333333334
TestResponseHeaderPlugin:0.0
