ResultQuery:0.7977777777777778
SelectImpl:0.5797222222222221
AbstractResultQuery:0.37333333333333335
