SearchTab:0.5833333333333334
MainFrame:0.29
SearchControlPanel:0.23333333333333334
ButtonActionHandler:0.1688888888888889
BrowseHostAction:0.1688888888888889
SearchListPanel:0.14666666666666667
SearchResultsPanel:0.14
GUIActionPerformer:0.12333333333333334
Main:0.09666666666666666
