WindowsDisplay:0.7
Display:0.4866666666666667
NativeMethodStubsGenerator:0.2733333333333333
