MatrixStats:0.61
RunningStats:0.45666666666666667
InternalMatrixStats:0.4066666666666667
MatrixStatsResults:0.37333333333333335
ValuesSourceConfig:0.26
MatrixStatsAggregator:0.12666666666666668
RunningStatsTests:0.12
MatrixStatsAggregatorFactory:0.09833333333333333
MatrixStatsParser:0.09
MatrixStatsAggregationBuilders:0.07666666666666666
Fields:0.07
CommonFields:0.0
