EditUACDSAction3Test:0.43
UACDSHandler5Test:0.23333333333333334
EditUACDSAction5Test:0.23
EditUACDSAction4Test:0.22666666666666666
EditUACDSActionTest:0.21666666666666667
UACDSHandler8Test:0.20333333333333334
UACDSHandler7Test:0.18333333333333332
UACDSHandler9Test:0.16666666666666666
UACDSCapacitiesHandlerTest:0.13666666666666666
UACDSHandler6Test:0.12666666666666668
