Fiber:0.67
FiberScheduler:0.35333333333333333
FiberTimedScheduler:0.3466666666666667
DefaultFiberPool:0.13333333333333333
FiberWorkerThread:0.03
