AbstractArranger:0.6561111111111111
AlignRightArranger:0.6183333333333333
CenteredArranger:0.2513650793650794
