CSW202ServiceImplTest:0.54
XSD:0.5
GetRecordsValidationTest:0.12666666666666668
XSDTest:0.056666666666666664
