SimpleDNSFetcher:0.5033333333333333
SimpleHTTPFetcher:0.4033333333333333
