AbstractBasicContentEditor:0.44333333333333336
ContentRegistryEditor:0.3566666666666667
ContentRegistryEditorConfig:0.03666666666666667
AbstractBasicContentEditorResult:0.03666666666666667
AbstractBasicContentEditorConfig:0.03
