Configuration:0.6393333333333334
DashboardConfigFileFactory:0.41333333333333333
BuildDetailControllerTest:0.2866666666666667
