WordVectorSerializer:0.41
MathUtils:0.35333333333333333
ParagraphVectors:0.35
WordVectorsImpl:0.31337301587301586
DBOW:0.28
DM:0.27666666666666667
CnnSentenceDataSetIterator:0.2733333333333333
SequenceVectors:0.27166666666666667
VocabRunnable:0.2633333333333333
AbstractCache:0.25
LabelledDocument:0.24233333333333335
TextVectorizer:0.22166666666666668
VocabConstructor:0.20722222222222222
BagOfWordsVectorizer:0.16
BasicTransformerIterator:0.15333333333333332
Word2Vec:0.14333333333333334
TfidfVectorizer:0.13333333333333333
TokenizerThread:0.11
InferenceCallable:0.04
BlindInferenceCallable:0.04
