HiveClientConfig:0.8066666666666666
FileSystemCache:0.5066666666666667
TestHiveClientConfig:0.21666666666666667
