Routable:0.5822222222222222
RouteEntry:0.2697222222222222
AfterAfterFilters:0.21638888888888885
