Transcript:0.41
SelectableDNARenderer:0.3333333333333333
BaseEditorPanel:0.32
StrandedZoomableApolloPanel:0.30666666666666664
DrawableAnnotatedSeqFeature:0.24666666666666667
SeqAlignPanel:0.24333333333333335
BaseFineEditorRowHeader:0.23666666666666666
BaseFineEditor:0.22
FeatureWrapper:0.22
AdapterRegistry:0.21838888888888888
SeqWrapper:0.21166666666666667
TranslatedSequence:0.20666666666666667
HighlightWrapper:0.19666666666666666
CORBAAdapter:0.19144444444444444
AnnotationMenu:0.19
DNASequenceRenderer:0.17666666666666667
FineEditorScrollListener:0.17333333333333334
BaseScrollable:0.16333333333333333
BaseMouseListener:0.16333333333333333
ReversedSequence:0.14666666666666667
ComplementedSequence:0.14666666666666667
TranslationViewer:0.14666666666666667
RightClickActionListener:0.1075
ResultAlignmentRenderer:0.095
HighlightDragListener:0.05333333333333334
AlignmentViewer:0.03333333333333333
NumberColumnHeader:0.0033333333333333335
