DescriptionList:0.5555555555555555
ModuleManager:0.5372222222222222
BaseAction:0.3
