URL:0.6566666666666666
URLTest:0.27666666666666667
NetUtils:0.25733333333333336
UrlUtils:0.25666666666666665
Constants:0.07
