RowsCollector:0.4866666666666667
FilterProjector:0.42111111111111116
FileListingsFileVisitor:0.37
BlobDocCollector:0.31
