JPPFJob:0.83
JobListener:0.43111111111111106
JobEvent:0.33
NodeExecutionManagerImpl:0.31666666666666665
LoadBalancer:0.26666666666666666
OptimizedJobRunner:0.19333333333333333
