Codd:0.5533333333333333
Process:0.48333333333333334
ProcessErr:0.21
