MatrixResource:0.6122222222222223
MatrixEditor:0.5566666666666666
