SearchSourceBuilder:0.4666666666666667
IndexRequest:0.36666666666666664
Failure:0.32
PluginManager:0.2966666666666667
RestActions:0.29333333333333333
BulkItemResponse:0.25
RestSearchAction:0.21333333333333335
HeadersAndContextCopyClientTests:0.19666666666666666
BulkShardRequest:0.11333333333333333
RestPutWarmerAction:0.086
DoSection:0.08333333333333333
RestToXContentListener:0.06333333333333334
