Server:0.7204444444444446
ServerDescription:0.56
Builder:0.2833333333333333
ReadPreferenceTest:0.2
DefaultSingleServerCluster:0.19333333333333333
ReplicaSetMemberDescription:0.175
DefaultServerStateListener:0.11333333333333333
