ShadowAssetManager:0.48333333333333334
ShadowResources:0.47
ResourcesTest:0.4033333333333333
ShadowTheme:0.15333333333333332
id:0.11333333333333333
attr:0.11333333333333333
SubClassResources:0.06322222222222224
OverlayedStyle:0.06
layout:0.02666666666666667
color:0.0033333333333333335
