WADOCache:0.58
WADOCacheImpl:0.3433333333333333
RIDSupport:0.32
WADORequestObjectImpl:0.2866666666666667
WADOSupport:0.25666666666666665
WADORequestObject:0.2
