XmlFlowRegistrar:0.42333333333333334
AbstractFlowBuildingFlowRegistryFactoryBean:0.38333333333333336
XmlFlowRegistryFactoryBean:0.36333333333333334
AbstractFlowDefinitionRegistryFactoryBean:0.34
ExternalizedFlowDefinitionRegistrar:0.21
