MetaCADEvaluatorEngine:0.5066666666666667
CSGHelper:0.38666666666666666
MetaCADParser:0.09666666666666666
