SinglePhaseTransducer:0.7669444444444444
XJTextPane:0.33666666666666667
