CDKAtomTypeMatcher:0.4522222222222223
CDKAtomTypeMatcherTest:0.31166666666666665
