PublicationLink:0.515
SubscriptionLink:0.4677777777777778
DriverConductor:0.4083333333333333
AeronClient:0.2577777777777778
