View:0.49
Button:0.25666666666666665
TextView:0.25666666666666665
ImageView:0.22666666666666666
Toolbar:0.22333333333333333
Snackbar:0.22
CollapsingToolbarLayout:0.21333333333333335
AppBarLayout:0.21333333333333335
EditText:0.2
RecyclerView:0.2
FrameLayout:0.17333333333333334
FlowLayout:0.17
ConstraintLayout:0.17
CoordinatorLayout:0.17
GridLayout:0.17
RelativeLayout:0.17
DrawerLayout:0.17
LinearLayout:0.17
ColorsActivity:0.12333333333333334
BehaviorView:0.04666666666666667
