Hider:0.6286666666666666
PySystemState:0.5422222222222222
PosixModule:0.45777777777777773
