EquationSystem:0.5233333333333333
TestMaterialisation:0.36666666666666664
TestShapeGenerator:0.36666666666666664
