Thumbnail:0.4633333333333333
DicomModel:0.30666666666666664
DicomExplorer:0.30666666666666664
DownloadManager:0.26611111111111113
LoadLocalDicom:0.20333333333333334
LoadRemoteDicom:0.12333333333333334
ContextMenuHandler:0.1
