QueryCmd:0.6133333333333333
QuerySeriesAttrsForQueryCmd:0.43
HPQueryCmd:0.16333333333333333
GPWLQueryCmd:0.16333333333333333
UPSQueryCmd:0.16333333333333333
QueryStudiesCmd:0.1475
QuerySeriesAttrsForRetrieveCmd:0.14416666666666667
MPPSQueryCmd:0.13
QueryPrivateStudiesCmd:0.13
HPRetrieveCmd:0.11
MWLQueryCmd:0.11
GPPPSQueryCmd:0.11
