Worker:0.5233333333333333
SWDownloadFile:0.49333333333333335
Job:0.304
SwarmingManager:0.25333333333333335
SWDownloadSegment:0.23666666666666666
JobMonitor:0.20916666666666667
