GeneBean:0.7833333333333333
AlleleBean:0.4766666666666667
BeanFactory:0.30666666666666664
GeneAlleleLinkingBean:0.27
NullHitBean:0.24666666666666667
NullGeneBean:0.23666666666666666
GeneBeanImpl:0.23333333333333334
ArticleBeanFactory:0.23
AnnotationBeanTest:0.22333333333333333
Allele:0.21666666666666667
SequenceTable:0.205
AddAllele:0.20333333333333334
ObsoleteGene:0.19666666666666666
UserBeanTests:0.19666666666666666
GeneAlleleLinkingTable:0.19
Sequence:0.18333333333333332
NullUserBean:0.17333333333333334
TermBeanTest:0.16
NullArticleBean:0.15833333333333333
NullAlleleBean:0.13
AllJUnitTests:0.11666666666666667
ArticleBeanTest2:0.10833333333333334
GeneBeanFactory:0.09333333333333334
HitBeanFactory:0.08666666666666667
GeneBeanTest:0.07666666666666666
AlleleBeanTest:0.056666666666666664
AddGeneAlleleLinking:0.04666666666666667
LocusBeanTest:0.02666666666666667
SequenceBeanTest:0.005
HitBeanTests:0.0033333333333333335
