MetaModel:0.5266666666666666
ModuleManager:0.33166666666666667
FilterBySubfamily:0.2866666666666667
Invoice:0.24
OnChangeDeliveryTypeAction:0.18333333333333332
Applicant:0.04666666666666667
ApplicantTest:0.03
CreateUsingJPAAction:0.0
ShowCreateAction:0.0
