GenerateId:0.33666666666666667
JcampParser:0.30666666666666664
SpokChartPanel:0.2812222222222222
CMLToJcampSpectrumMapper:0.25
SpokFileFilter:0.25
NewSpectrumFileWizardPage:0.20111111111111113
SpectrumCompareView:0.16
NewSpectrumDetailWizardPage:0.15944444444444444
NewSpectrumWizard:0.15333333333333332
JcampToCMLSpectrumMapper:0.12666666666666668
