Publication:0.52
ClientConductor:0.30666666666666664
PublicationBuffersReadyFlyweight:0.2733333333333333
EventCodec:0.24666666666666667
ClientProxy:0.19666666666666666
DriverListenerAdapter:0.13
