FieldInterceptionHelper:0.6644444444444445
CglibClassTransformer:0.5577777777777778
