RegionMaker:0.6583333333333333
AsmUtils:0.5811111111111111
InputFile:0.36
