ItemDechunker:0.45666666666666667
ItemOrientedStep:0.45666666666666667
ChunkedStepTests:0.2833333333333333
RepeatOperationsStepTests:0.23
StepExecutorInterruptionTests:0.17666666666666667
EmptyItemWriter:0.09916666666666667
