Facade:0.6636111111111112
FacadeClient:0.43
FacadeImpl:0.18
RemoteFacade:0.14
JaxRpcFacade:0.11333333333333333
