OsgiBundleApplicationContextListener:0.741388888888889
AbstractDelegatedExecutionApplicationContext:0.42
ContextLoaderListener:0.41333333333333333
OsgiListenerWrapper:0.22666666666666666
OsgiLifecycleNotificationTest:0.07333333333333333
