ControllerHandler:0.6766666666666666
MakumbaToolsControllerHandler:0.48833333333333334
DataToolsControllerHandler:0.1933333333333333
