DefaultLdapAuthoritiesPopulator:0.30666666666666664
PasswordComparisonAuthenticator:0.26666666666666666
LdapUserDetailsManagerTests:0.19666666666666666
BindAuthenticator:0.15133333333333332
LdapTemplateTests:0.14666666666666667
FilterBasedLdapUserSearch:0.14666666666666667
