MainPanel:0.6280952380952382
MDownloadDialog:0.5033333333333333
AddFeedDialog:0.3016666666666667
