DMBean:0.7482777777777778
TabularDataTableModel:0.39222222222222225
