DatastreamFilenameHelper:0.5266666666666666
RelsValidator:0.5166666666666667
BaseRestResource:0.28
FedoraModelNamespace:0.2633333333333333
