Previewer:0.5599999999999999
Reprap:0.3333333333333333
GenericExtruder:0.32
Producer:0.31333333333333335
Panel3D:0.265
NullCartesianMachine:0.24972222222222223
PreviewPanel:0.22666666666666666
Main:0.20111111111111113
PreviewWindow:0.16333333333333333
SquareTest:0.13666666666666666
