GraphVertex:0.6466666666666666
Layer:0.6466666666666666
InputPreProcessor:0.28833333333333333
