JSON:0.63
JSONScanner:0.46888888888888886
SqlDateDeserializer:0.14
DateDeserializer:0.13333333333333333
TabCharTest:0.13
TimestampDeserializer:0.12
TimestampTest:0.08666666666666667
