AccessToken:0.7316666666666667
AccessTokenManagerImpl:0.25333333333333335
