ZoneConfig:0.6533333333333333
TeamingServiceEndpoint:0.41333333333333333
TeamingServiceClientWithCall:0.31666666666666665
BaseService:0.29
AdminService:0.22294444444444447
WSClientBase:0.17666666666666667
AdminServiceImpl:0.09
