ResponseRenderer:0.5451111111111111
XmlFlowBuilder:0.49666666666666665
FlowArtifactFactory:0.43333333333333335
BaseFlowServiceLocator:0.2733333333333333
FlowServiceLocator:0.2372222222222222
LocalFlowServiceLocator:0.23666666666666666
ViewState:0.13666666666666666
NullFinalResponse:0.06333333333333334
