XDSbRepositoryService:0.5166666666666667
DocumentRepository:0.4866666666666667
XDSbRetrieveService:0.29
XDSbServiceDelegate:0.26
