BatchCommandLineLauncher:0.4266666666666667
SimpleJvmExitCodeMapperTests:0.33666666666666667
JvmExitCodeMapper:0.23416666666666666
SimpleJvmExitCodeMapper:0.20944444444444446
MockJobLauncher:0.18
SimpleJobLauncher:0.16
MockSystemExiter:0.0
BatchCommandLineLauncherTests:0.0
