AeronArchive:0.84
BasicArchiveTest:0.40166666666666667
EmbeddedReplayThroughput:0.2633333333333333
RecordedBasicPublisher:0.12
