MaxMulticastFlowControl:0.28
UnicastFlowControl:0.28
PreferredMulticastFlowControl:0.27666666666666667
MinMulticastFlowControl:0.24
Receiver:0.20303968253968255
