SoloServletListener:0.4075
CommentMgmtService:0.3333333333333333
CommentQueryService:0.23
Filler:0.21666666666666667
InitService:0.21666666666666667
PageCommentReplyNotifier:0.20666666666666667
ArticleCommentReplyNotifier:0.20666666666666667
UpgradeService:0.19555555555555554
