ComboBoxEditRenderer:0.7283333333333334
ComboBoxRenderer:0.5036111111111111
