AddExtensionsAction:0.6891666666666667
UpdateAction:0.4059047619047618
