ProgramLocation:0.5368333333333334
CallSite:0.37
BDDPointerAnalysis:0.2833333333333333
QuadProgramLocation:0.25333333333333335
IndexMap:0.24277777777777776
SSAProgramLocation:0.22333333333333333
OnlineDebugger:0.21
PointerExplorer:0.17
