JPPFHelper:0.6133333333333333
TestJPPFConnection:0.29333333333333333
JPPFTestServlet:0.22882539682539688
