Body:0.6566666666666666
Box2DCharacterControllerTest:0.25
AntScriptGenerator:0.21333333333333335
ApplyForce:0.19833333333333333
BumperElement:0.14
WallElement:0.14
BuildConfig:0.013333333333333334
