TelnetCodecTest:0.4277777777777777
DubboCountCodec:0.17333333333333334
AbstractEndpoint:0.14
InternalDecoder:0.13666666666666666
DubboProtocolTest:0.11666666666666667
GrizzlyCodecAdapter:0.09666666666666666
NettyCodecAdapter:0.06
MinaCodecAdapter:0.06
