ArchiverConductor:0.42
Context:0.38666666666666666
Subscription:0.37
Archiver:0.2816666666666667
Subscriber:0.2006666666666667
