ContextSourceAndHibernateTransactionManager:0.6833333333333333
SupportedControlsITest:0.38
ContextSourceAndDataSourceTransactionManagerIntegrationTest:0.36333333333333334
OrgPerson:0.3433333333333333
LdapTemplateNoBaseSuffixITest:0.17333333333333334
OrgPersonDao:0.13444444444444442
DummyDaoLdapAndHibernateImpl:0.12666666666666668
ContextSourceAndHibernateTransactionManagerIntegrationTest:0.016666666666666666
