ProxyMaker:0.61
AdapterMaker:0.38
JavaMaker:0.3466666666666667
MakeProxies:0.15666666666666668
