PatternFactory:0.4866666666666667
TypeGraph:0.4066666666666667
PatternGraph:0.36
Match:0.33666666666666667
