MatchingNodes:0.5866666666666667
ReplicaShardAllocator:0.3333333333333333
BaseGatewayShardAllocator:0.24333333333333335
PrimaryShardAllocator:0.23333333333333334
