BotsService:0.5952777777777778
BotsLogic:0.36
BotsServiceDelegateLocalImpl:0.25
BotsServiceDelegateRemoteImpl:0.25
BotsServiceBean:0.19333333333333333
BotsServiceDelegate:0.14416666666666667
