SyntenyLinkMenu:0.6333333333333333
SyntenyLinkPanel:0.31666666666666665
