Document:0.5833333333333334
DocumentImpl:0.41333333333333333
Factory:0.29333333333333333
DefaultGazetteer:0.22666666666666666
TestCreole:0.21927777777777777
DefaultTokeniser:0.17666666666666667
TestControllers:0.16333333333333333
CookBook:0.15333333333333332
TestGazetteer:0.13
RtfDocumentFormat:0.11333333333333333
