GeneralPreferencePage:0.5244444444444445
FeedbackPreferencePage:0.4533333333333333
CommunicationPreferencePage:0.28
AdvancedPreferencePage:0.28
