ComplexNDArray:0.6633333333333333
NDArray:0.65
FFT:0.32
NDArrayBlas:0.2861111111111111
FFTSliceOp:0.1497222222222222
ComplexNDArrayTests:0.11666666666666667
FFTTest:0.10666666666666667
