SarosSession:0.5366666666666666
User:0.43
ISarosSession:0.42283333333333334
SarosSessionStub:0.3466666666666667
NullSarosSession:0.25
OutgoingProjectJob:0.23333333333333334
