CalendarTest:0.5722222222222222
StatisticsTest:0.42333333333333334
