AbstractTestQueries:0.4533333333333333
SchemaTableName:0.32
AbstractTestDistributedQueries:0.2966666666666667
MetadataManager:0.28861111111111115
RenameColumnTask:0.26
