AbstractCopyStrategy:0.51
SerializationAwareCopyStrategy:0.31833333333333336
Registration:0.2866666666666667
Expirable:0.28
TypesafeConfigurationTest:0.25333333333333335
JCacheExpiryPolicy:0.20666666666666667
