NLoggerNames:0.4666666666666667
SWDownloadCandidate:0.4066666666666667
Localizer:0.35333333333333333
TranslationAssistant:0.2866666666666667
XMLUtils:0.09
