MFAnalyser:0.7866666666666666
MFAnalyserTest:0.5433333333333333
