JoinIntegrationTest:0.653611111111111
ColumnIdent:0.47
MultiSourceAggregationConsumer:0.3933333333333333
Lists2:0.37333333333333335
JoinConditionFieldCollector:0.0033333333333333335
