Response:0.49666666666666665
HeliosClient:0.49666666666666665
DefaultRequestDispatcher:0.33
