TestBasicSubCrawlerHandler:0.73
AbstractArchiverSubCrawler:0.29333333333333333
ZipSubCrawlerTest:0.18
CompressorSubCrawlerHandler:0.15666666666666668
