RubySourceViewer:0.44333333333333336
TC_TabExpander:0.42333333333333334
TabExpander:0.41333333333333333
RubySourceViewerConfiguration:0.3933333333333333
TS_UiTests:0.37333333333333335
