ImmutableTestCluster:0.6879563492063492
TestCluster:0.6266666666666667
ElasticsearchIntegrationTest:0.32
