FOXML1_0DODeserializer:0.5133333333333333
METSFedoraExtDODeserializer:0.49666666666666665
FOXML1_1DODeserializer:0.47
FOXMLDODeserializer:0.37333333333333335
DOTranslatorImpl:0.22133333333333335
FOXMLInOutTest:0.16333333333333333
DOTranslatorModule:0.08333333333333333
