EventServiceImpl:0.45666666666666667
Worker:0.34
StripedExecutor:0.33
CompletableFutureTask:0.26466666666666666
ClientLockTest:0.21333333333333335
ExecutionServiceImpl:0.20333333333333334
