OkHeaders:0.5033333333333333
OkHttpClient:0.4633333333333333
CookiesTest:0.27666666666666667
HttpOverSpdyTest:0.27666666666666667
CacheHttpURLConnection:0.26
CacheTest:0.25333333333333335
UrlConnectionCacheTest:0.25333333333333335
HttpEngine:0.23666666666666666
ResponseCacheTest:0.23333333333333334
HttpURLConnectionImpl:0.20666666666666667
JavaApiConverter:0.19666666666666666
CallTest:0.19333333333333333
OkHttpClientTest:0.15666666666666668
