BasicLookupStrategyTests:0.5166666666666667
BasicLookupStrategy:0.43666666666666665
ProcessResultSet:0.3233333333333333
JdbcAclService:0.22666666666666666
