Bootstrap:0.5333333333333333
BootstrapCheck:0.39666666666666667
BootstrapCheckTests:0.25
ClientJvmCheck:0.20333333333333334
