Configuration:0.53
PublicationImage:0.5083333333333333
ReceiveChannelEndpoint:0.4533333333333333
