Future:0.38222222222222224
CompositeFuture:0.38
CoreExamples:0.33666666666666667
FutureTest:0.21
