WxGroup:0.42333333333333334
WxServiceImpl:0.37
WxService:0.2833333333333333
WxCustomMessageAPITest:0.22666666666666666
WxGroupAPITest:0.05333333333333334
