FilterVisitor:0.43333333333333335
NoneFilter:0.14333333333333334
AllFilter:0.14333333333333334
NilExpression:0.14333333333333334
ExpressionVisitor:0.1025
Id:0.013333333333333334
