CaSession:0.725
InternalKeyBindingMBean:0.36666666666666664
OcspResponseGeneratorSessionBean:0.3233333333333333
CaSessionBean:0.2733333333333333
SetDefaultOcspResponderCommand:0.23333333333333334
OcspResponseGeneratorTestSessionBean:0.14333333333333334
