QueryStateMachine:0.48333333333333334
DataDefinitionExecution:0.3233333333333333
SqlQueryExecution:0.32
TestQueryStateMachine:0.30666666666666664
MockQueryExecution:0.30333333333333334
QueryExecution:0.26805555555555555
SqlQueryManager:0.23666666666666666
FailedQueryExecution:0.15833333333333333
