Vss:0.3933333333333333
P4:0.37333333333333335
Builder:0.27666666666666667
PauseBuilder:0.27666666666666667
CurrentBuildStatusBootstrapper:0.26666666666666666
ProjectXMLHelper:0.23
CurrentBuildStatusPublisher:0.20333333333333334
VssBootstrapper:0.18
CurrentBuildStatusBootstrapperTest:0.11666666666666667
VSSHelper:0.08222222222222221
CurrentBuildFileWriter:0.08222222222222221
