EntityPersister:0.7133333333333334
Session:0.6266666666666667
AbstractEntityPersister:0.45666666666666667
SessionImpl:0.41333333333333333
LoadEvent:0.33666666666666667
AbstractEntityJoinWalker:0.30666666666666664
CustomPersister:0.29333333333333333
AbstractEntityManagerImpl:0.26666666666666666
ArrayHelper:0.22333333333333333
DefaultLoadEventListener:0.17
LockEvent:0.14666666666666667
DefaultRefreshEventListener:0.10666666666666667
DefaultLockEventListener:0.10666666666666667
BatchingEntityLoader:0.07888888888888888
RefreshEvent:0.06333333333333334
AbstractLockUpgradeEventListener:0.056666666666666664
EntityJoinWalker:0.05
EntityLoader:0.04
