TestMergeWindows:0.5433333333333333
TestFeaturesConfig:0.33222222222222225
TestReorderWindows:0.26666666666666666
