MapServiceContext:0.8166666666666667
DefaultMapServiceContext:0.43333333333333335
QueryOperation:0.35
MapMigrationAwareService:0.29
