ClosingStrategy:0.7666666666666667
BFSStrategy:0.25333333333333335
DFSStrategy:0.25333333333333335
