KernelFacade:0.5655555555555555
QedeqBoFactoryAssert:0.31
QedeqBoFactoryTest:0.29
GenerateLatexTest:0.24333333333333335
DefaultQedeqBo2Test:0.23
CheckLogicTest:0.15333333333333332
CharsetParserTest:0.13666666666666666
Xml2Latex:0.12333333333333334
GenerateXmlTest:0.05
