SegmentStages:0.7016666666666667
TCPSocketReplication3VoidValueTest:0.35
IterationSegmentStages:0.30333333333333334
