GenerationTest:0.8177777777777778
GwtConverter:0.43638888888888894
