ExtensionLoaderTest:0.6433333333333333
AbstractSerializationTest:0.6433333333333333
