Actor:0.6166666666666667
ActorPhoneAddition:0.24566666666666667
