AnnotationBinder:0.53
PropertyContainer:0.4666666666666667
AnotherEntity:0.11333333333333333
TheEntity2:0.09333333333333334
GetAndIsVariantGetterTest:0.08
