QedeqBo:0.7866666666666666
Qedeq2Latex:0.3466666666666667
Qedeq2UnicodeVisitor:0.34
DefaultKernelQedeqBo:0.30666666666666664
Qedeq2Utf8Executor:0.23333333333333334
