Matrix4:0.72
JsonReader:0.38666666666666666
Group:0.3333333333333333
Matrix3:0.21
