BufferedSource:0.7046666666666667
Buffer:0.5433333333333333
BufferedSink:0.5400000000000001
RealBufferedSink:0.26
RealBufferedSource:0.22666666666666666
BufferedSinkTest:0.16
BufferedSourceTest:0.12
