FieldDefinition:0.8866666666666667
FieldInfo:0.36333333333333334
FieldDefinitionImpl:0.30666666666666664
