ReflectionSaltSourceTests:0.7866666666666666
SystemWideSaltSourceTests:0.7166666666666667
