DictionaryDomainSerializer:0.33
ModelIOUtilities:0.24666666666666667
DictionaryModelSerializer:0.22
DictionaryTableSerializer:0.11416666666666667
DictionaryTestX:0.11
DictionaryAttributeSerializer:0.09666666666666666
DictionarySerializer:0.05333333333333334
