SunshineRaytracer:0.5166666666666667
Sunshine:0.35333333333333333
Kernel:0.22
GenRayKernel:0.18333333333333332
SunshineFrustum:0.14
InitKernel:0.03
TraceRayKernel:0.023333333333333334
