ConcurrentMapManager:0.47
MPut:0.36666666666666664
HazelcastTest:0.24666666666666667
TransactionRecord:0.21444444444444447
TransactionTest:0.11333333333333333
