ElasticsearchIntegrationTest:0.6016666666666667
ElasticsearchAssertions:0.43
BasicBackwardsCompatibilityTest:0.33666666666666667
