StatementGenerator:0.4533333333333333
Functionizer:0.44666666666666666
ObjectiveCImplementationGenerator:0.4266666666666667
AutoboxerTest:0.36
InnerClassExtractorTest:0.32666666666666666
InitializationNormalizerTest:0.31333333333333335
ObjectiveCHeaderGeneratorTest:0.31
ObjectiveCImplementationGeneratorTest:0.2966666666666667
FunctionizerTest:0.29333333333333333
RewriterTest:0.27666666666666667
SignatureGeneratorTest:0.24666666666666667
StatementGeneratorTest:0.24666666666666667
GenerationTest:0.22333333333333333
TranslationProcessor:0.22
AnonymousClassConverterTest:0.22
OuterReferenceFixerTest:0.13666666666666666
FunctionConverter:0.10666666666666667
