VariableDefinition:0.6533333333333333
AjaxGroupMembersTag:0.4866666666666667
