Server:0.5666666666666667
PosPanel:0.47
MInOut:0.4266666666666667
Transaction:0.41333333333333333
MCostElement:0.2833333333333333
PayDialog:0.2825
DefaultObjectViewModel:0.2725
Synchronize:0.21216666666666667
ChildRenderer:0.13666666666666666
ServerBean:0.13
OrderProcessing:0.1
LookupRenderer:0.03
