MimeSubCrawler:0.8033333333333333
ApertureDocumentsIdentificationTest:0.37333333333333335
