MarsViewer:0.48
MainScene:0.4166666666666667
AwtCanvasWrapper:0.3
TestRenderToMemory:0.2633333333333333
TestRenderToTexture:0.24666666666666667
SceneProcessorCopyToImagePanel:0.24666666666666667
MainDesktopPane:0.24333333333333335
MainSceneMenu:0.23333333333333334
SSAOUI:0.23333333333333334
MarsNode:0.22666666666666666
TabPanelWeather:0.20333333333333334
StormTrackingWindow:0.19
MainMenu:0.18
JmeCanvas:0.16333333333333333
AppHarness:0.15
MainWindowMenu:0.14527777777777778
TestPostFilters:0.13
HelloPicking:0.13
JmeContextOffscreenSurface:0.12666666666666668
TestCartoonEdge:0.075
CameraDriverInput:0.07333333333333333
TestCanvas:0.07
JmeForImagePanel:0.07
TestMultiViewsFilters:0.06583333333333333
TestMultiRenderTarget:0.06333333333333334
ImagePanelDemo:0.06
TestSafeCanvas:0.044722222222222226
TestTransparentSSAO:0.044722222222222226
TestMultiplesFilters:0.044722222222222226
TestDepthOfField:0.043333333333333335
HelloNode:0.04
JmeWindow:0.03333333333333333
TestFBOPassthrough:0.03333333333333333
Function:0.03166666666666667
TestBloom:0.03
TestLightScattering:0.02666666666666667
TestPostFiltersCompositing:0.02666666666666667
TestSSAO:0.02666666666666667
TestPosterization:0.023333333333333334
TestCrossHatch:0.023333333333333334
TestRenderToCubemap:0.023333333333333334
TestHDR:0.02
TestAwtPanels:0.016666666666666666
JmeRepositionEvent:0.006666666666666667
CameraDriverAppState:0.006666666666666667
BloomUI:0.006666666666666667
LightScatteringUI:0.006666666666666667
ImagePanel:0.006666666666666667
TestTransparentCartoonEdge:0.0033333333333333335
TestFog:0.0033333333333333335
TestAwtPanels2:0.0025
