Robolectric:0.7966666666666666
RobolectricInternals:0.36833333333333335
SparseArrayTest:0.14439682539682538
