ParametersPage:0.65
ParametersPage2:0.13666666666666666
ParametersPage3:0.08333333333333333
InputPage:0.056666666666666664
