ReflectionVarTagFactory:0.7466666666666667
VarTagMethodModel:0.39666666666666667
