Messages:0.62
JbpmCommonLogic:0.56
ExecutorNameConverter:0.41333333333333333
BaseState:0.2833333333333333
AssignmentState:0.2
ExecutorTableBuilder:0.12333333333333334
ProcessInstanceSwimlaneAssignmentRowBuilder:0.12333333333333334
ProcessInstanceSwimlaneRowBuilder:0.12333333333333334
PermissionTableBuilder:0.12333333333333334
