XMLConfigBuilderTest:0.4633333333333333
ConfigXmlGenerator:0.44333333333333336
DiscoverySpiTest:0.2906666666666667
XmlClientConfigBuilderTest:0.23333333333333334
ClientMapStoreTest:0.23111111111111116
ClientDiscoverySpiTest:0.2277777777777778
