SWDownloadFile:0.64
SWDownloadCandidate:0.4866666666666667
DownloadWorkerLauncher:0.2733333333333333
