JPPFExecutorService:0.2833333333333333
AbstractJPPFClientConnection:0.26666666666666666
NetworkUtils:0.26
JPPFConnectionInformation:0.24666666666666667
ServiceFinder:0.2227777777777778
AbstractJPPFClient:0.22194444444444447
JPPFTaskFuture:0.22
JPPFJcaClientConnection:0.21666666666666667
AbstractGenericClient:0.19
ClientPool:0.14666666666666667
BatchHandler:0.14
DataSizeRunner:0.12333333333333334
ClientConnectionStatusEvent:0.10666666666666667
AbstractClientConnectionHandler:0.08333333333333333
RunnableWrapper:0.01
MyCallable:0.0
JPPFTimeout:0.0
