Deconvolution2D:0.46
CNNGradientCheckTest:0.4066666666666667
DeconvolutionParamInitializer:0.22666666666666666
Deconvolution2DLayer:0.22166666666666668
