TopologyViewScene:0.4666666666666667
TopologyViewService:0.38
TopologyViewTopComponent:0.36333333333333334
