StoreServletBase:0.4866666666666667
CRLStoreServletBase:0.2733333333333333
CertStoreServletBase:0.18
