RdtLaunchingMessages:0.62
RdtLaunchingPlugin:0.5633333333333334
RubyInterpreter:0.23666666666666666
RubyInvoker:0.20666666666666667
DebuggerRunner:0.1625
RubyApplicationLaunchConfigurationDelegate:0.14333333333333334
