Mango:0.6033333333333334
MangoInstruction:0.4866666666666667
ExceptionHandlerUtil:0.35333333333333333
Invocation:0.31333333333333335
InvocationUtil:0.2866666666666667
INVOKECLINIT:0.2866666666666667
INVOKESTATIC:0.23111111111111116
MangoInvokeInstruction:0.22
INVOKEVIRTUAL:0.20222222222222225
INVOKESPECIAL:0.1988888888888889
INVOKEINTERFACE:0.13666666666666666
