AbstractBasicContentEditor:0.5466666666666666
VirtualFile:0.42333333333333334
StoreContentEditor:0.3566666666666667
ShopContentEditor:0.30666666666666664
CMSContentEditor:0.2
