jOOQAbstractTest:0.6166666666666667
UpdatableRecordImpl:0.32666666666666666
TableRecordImpl:0.3
