SpecificitiesResultLine:0.71
SpecificitiesTab:0.3433333333333333
TreeContextMenu:0.27666666666666667
SpecificitiesServiceAsync:0.2570714285714286
SpecificitiesServiceImpl:0.21444444444444447
SpecificitiesForm:0.21
SpecificitiesPresentation:0.14068253968253966
