SpTree:0.47
ClusterUtils:0.4666666666666667
BaseClusteringAlgorithm:0.309984126984127
VPTree:0.25333333333333335
Node:0.17777777777777778
MultiThreadUtils:0.14333333333333334
NearestNeighborTest:0.11
SPTreeTest:0.10666666666666667
