DataService:0.38666666666666666
TriggerRouterService:0.38333333333333336
OutgoingBatchService:0.27666666666666667
PurgeService:0.23
DataRefGapDetector:0.17333333333333334
