DefaultOsgiConsole:0.44
OsgiService:0.43666666666666665
ConsoleController:0.31333333333333335
SearchPatternValidator:0.18
SelectionCommand:0.17333333333333334
