LagartoParsingProcessor:0.6033333333333334
DecoraParser:0.43833333333333335
HtmlStaplerFilter:0.33666666666666667
