LibraryNode:0.6133333333333333
SharedFilesService:0.5366666666666666
LibraryTab:0.4866666666666667
SharedDirectory:0.4442222222222222
FileRescanRunner:0.32
PartialShareFile:0.30666666666666664
SharingTreeModel:0.22666666666666666
FileSystemTreeModel:0.19
SharedFilesTableModel:0.18166666666666667
SelectionHandler:0.15333333333333332
RescanAction:0.13166666666666665
SharedResource:0.11833333333333333
AddShareFolderAction:0.11666666666666667
RemoveShareFolderAction:0.10333333333333333
FileSystemTableCellRenderer:0.04666666666666667
FileDialogHandler:0.03
FileSystemTreeRenderer:0.023333333333333334
SharingTreeRenderer:0.018333333333333333
ExploreFolderAction:0.01
FolderInfo:0.006666666666666667
