SimpleStepExecutor:0.6066666666666667
DefaultStepExecutorTests:0.5559444444444445
