Cfg:0.83
ShareFolderAction:0.21512698412698414
ShareFolderRecursiveAction:0.20666666666666667
