ServletRedirectResultTest:0.7566666666666667
ServletActionRedirectResultTest:0.43333333333333335
