TableInfo:0.5778888888888889
DocIndexMetaData:0.39
SysShardsTableInfo:0.25333333333333335
TestingTableInfo:0.25333333333333335
SysClusterTableInfo:0.17333333333333334
DocTableInfo:0.1686111111111111
StatementAnalyzer:0.16666666666666666
SelectAnalyzerTest:0.14666666666666667
DocIndexMetaDataTest:0.13666666666666666
SysNodesTableInfo:0.08861111111111111
ReferenceInfosITest:0.056666666666666664
