Vertex:0.7266666666666667
Graph:0.5033333333333333
Edge:0.49
EditableVertex:0.43333333333333335
ModelHelper:0.2966666666666667
EditableGraph:0.27
Recursion:0.26
Layout2D:0.2442063492063492
ActionInvoke:0.22666666666666666
GraphWriter:0.21333333333333335
DirectedGraphFactory:0.21
TreeLayoutAlgorithm:0.18333333333333332
Branch:0.16666666666666666
EditableLayout:0.16
RadialLayoutAlgorithm:0.16
Circle:0.16
Animation:0.15333333333333332
DefaultGraphRenderer:0.15
DefaultLayout:0.14
EdgeLayoutHelper:0.14
EditableGraphWidget:0.13
RandomLayoutAlgorithm:0.12333333333333334
ActionExecuteLayout:0.11333333333333333
CircularGraph:0.11
CircularLayoutAlgorithm:0.09666666666666666
DnDMoveVertex:0.09333333333333334
FamilyTree:0.08666666666666667
DefaultEdge:0.08
DefaultVertex:0.05
ComparePositions:0.03
GraphNotSupportedException:0.013333333333333334
