PropsUtilTest:0.8310000000000001
MixedScope343Test:0.4166666666666667
