DB:0.5133333333333333
Mongo:0.4766666666666667
DBCollection:0.4522222222222222
