QNameUtils:0.47333333333333333
JaxenXPathTemplate:0.31
XPathParamAnnotationMethodEndpointAdapterTest:0.23
XPathParamAnnotationMethodEndpointAdapter:0.19
Jaxp13XPathTemplate:0.16333333333333333
PayloadRootAnnotationMethodEndpointMapping:0.13
AbstractXPathTemplate:0.12
PayloadRootQNameEndpointMapping:0.11333333333333333
QNameUtilsTest:0.056666666666666664
