AbstractCacheRecordStore:0.57
AbstractClientInternalCacheProxy:0.31444444444444447
AbstractInternalCacheProxy:0.31444444444444447
CachePutOperation:0.18666666666666668
