Euler:0.6633333333333333
Parser:0.5033333333333333
Datatype:0.25333333333333335
