Route:0.36300000000000004
RoutesAdapter:0.2866666666666667
MainActivity:0.2866666666666667
RouteViewHolder:0.13666666666666666
