Script:0.47333333333333333
ScriptEditor:0.42888888888888893
ScriptTest:0.26666666666666666
