GeneratorStrategy:0.596388888888889
JavaGenerator:0.56
AbstractGeneratorStrategy:0.31
TextWriter:0.17333333333333334
AbstractGenerator:0.14666666666666667
