SybaseASE15Dialect:0.6033333333333334
QueryAndSQLTest:0.53
StringTypeDescriptor:0.2833333333333333
LongStringTest:0.2
