GenericTypeDescription:0.36933333333333335
ForSignatureVisitor:0.29333333333333333
AbstractTypeDescription:0.22
LazyProjection:0.21666666666666667
AbstractMethodDescription:0.20333333333333334
ForParameterizedType:0.2
ForWildcardType:0.2
ForGenericArray:0.2
ImplementationContextDefaultTest:0.17666666666666667
GenericTypeExtractor:0.16
ForTypeVariable:0.15666666666666668
AbstractFieldDescription:0.12
