FileUtils:0.57
ReproduceInfoPrinter:0.2966666666666667
AnalysisModuleTests:0.20666666666666667
