NeuralNetwork:0.7833333333333333
BaseMultiLayerNetwork:0.39666666666666667
BaseNeuralNetwork:0.36333333333333334
Util:0.3433333333333333
NeuralNetworkOptimizer:0.31333333333333335
UimaTokenizerFactory:0.18
RBMTest:0.15
