FragmentController:0.74
SupportFragmentController:0.4866666666666667
SupportFragmentControllerTest:0.19666666666666666
FragmentControllerTest:0.17333333333333334
