AbstractApolloAdapter:0.5772222222222222
ChadoXmlAdapter:0.3433333333333333
ChadoXmlAdapterGUI:0.32166666666666666
