List:0.4066666666666667
Upload:0.27
DeleteElement:0.03388888888888889
EditElement:0.028055555555555552
Add:0.016666666666666666
UpdateElement:0.016666666666666666
GetSelectedKeywords:0.009166666666666667
Delete:0.0
AddElement:0.0
SortKeywords:0.0
EditUtils:0.0
GetKeywords:0.0
GetNarrowerBroader:0.0
Download:0.0
SelectKeywords:0.0
