MoveOrder:0.5366666666666666
MCMScuService:0.45166666666666666
SendMailService:0.3466666666666667
MoveScuService:0.33
PPSExceptionMgtService:0.2833333333333333
