WriteReplicaResult:0.56
WritePrimaryResult:0.5266666666666666
TransportDeleteAction:0.39
TransportIndexAction:0.3333333333333333
TransportShardBulkAction:0.17
TransportWriteAction:0.16
TestAction:0.05333333333333334
UpdateResultHolder:0.0
