TestPlanSpecificationVisitor:0.6195873015873016
MyTestClass:0.5538095238095238
HerTestClass:0.36892857142857144
SpecificationResolverTest:0.21666666666666667
SpecificationResolver:0.13333333333333333
OtherTestClass:0.03444444444444444
YourTestClass:0.03
TestCaseWithContexts:0.0011111111111111111
