AnnotationSetImpl:0.6833333333333333
VerboseHashMap:0.3466666666666667
