Authorization:0.6866666666666666
Context:0.6566666666666666
DefaultAuthorization:0.3433333333333333
ReadOnlyContext:0.33
DefaultAccess:0.30333333333333334
DefaultDisseminatorImpl:0.2227777777777778
DisseminationService:0.22
DefaultDOManager:0.19605555555555554
ActionNamespace:0.17333333333333334
