MapSubscriptOperator:0.47333333333333333
MapType:0.41333333333333333
ArrayType:0.27666666666666667
CacheKey:0.24
ArraySubscriptOperator:0.21
TestArrayOperators:0.18333333333333332
JsonExtract:0.17666666666666667
TypeJsonUtils:0.14666666666666667
MapConstructor:0.14
ArrayConstructor:0.1
ObjectFieldJsonExtractor:0.09166666666666666
TestMapOperators:0.07694444444444444
BooleanJsonExtractor:0.006666666666666667
LongJsonExtractor:0.006666666666666667
DoubleJsonExtractor:0.006666666666666667
