FastMath:0.6333333333333333
Vec3:0.4033333333333333
HealpixBase:0.37
Zphi:0.32
Pointing:0.29
HealpixBaseTest:0.29
HealpixUtils:0.27777777777777773
Hploc:0.16666666666666666
MathPerfTest:0.05388888888888888
HealpixBasePerfTest:0.03666666666666667
