StateMachine:0.37
SCEvent:0.3566666666666667
CoverageAnalyzer:0.31333333333333335
NativeStateMachine:0.31
DFSHeuristic:0.12666666666666668
