CoreDao:0.5933333333333334
WorkArea:0.5333333333333333
Group:0.3433333333333333
DashboardHelper:0.2866666666666667
AdminModule:0.2865634920634921
AbstractEntryProcessor:0.225
FileModuleImpl:0.22333333333333333
AjaxController:0.21
AbstractFolderCoreProcessor:0.195
AdminModuleImpl:0.18666666666666668
FolderModuleImpl:0.18333333333333332
AbstractBinderProcessor:0.18
LibraryEntry:0.16666666666666666
CoreDaoImpl:0.15666666666666668
WorkspaceTreeController:0.14583333333333334
BinderModuleImpl:0.145
Entry:0.11
ConfigureConfigurationController:0.1
