CdpCacheTableEntry:0.7233333333333334
DbEventWriter:0.37666666666666665
