ApertureDetector:0.57
TikaMimeTypeIdentifierTest:0.41333333333333333
RSSSubCrawlerTest:0.09133333333333332
