Molecule:0.7483333333333333
Activator:0.4766666666666667
