NewTypeWizardPage:0.5838888888888889
RubyNewTestCaseWizardPage:0.47333333333333333
NewTestCaseCreationWizard:0.4166666666666667
