PosPanel:0.45
PayDialog:0.3433333333333333
PosModel:0.24666666666666667
CouponDialog:0.2377777777777778
PaymentPOS:0.12333333333333334
OrderPOS:0.12
