PortletFlowController:0.7416666666666667
FlowController:0.5836111111111111
