Array:0.43666666666666665
TextureRegion:0.3566666666666667
BooleanArray:0.31
JsonReader:0.2866666666666667
LongArray:0.25
FloatArray:0.25
IntArray:0.25
CharArray:0.24944444444444447
JsonWriter:0.21333333333333335
Animation:0.15333333333333332
TableLayoutTest:0.11333333333333333
