ApproximateSetAggregation:0.375
MergeHyperLogLogAggregation:0.3433333333333333
HyperLogLogAggregations:0.24655555555555556
