ScriptEditor:0.5233333333333333
ComponentBrowser:0.44
Sample:0.24666666666666667
ArgumentParser:0.24
BugReport:0.19
Costello:0.16444444444444445
PropertyRenderer:0.01111111111111111
