Configuration:0.5633333333333334
RelationCrawler:0.48333333333333334
LineViewer:0.31
MakumbaToolsControllerHandler:0.23
RelationCrawlerTool:0.19666666666666666
