PatientBean:0.6266666666666667
PIXUpdateNotificationService:0.27
OtherPatientIDBean:0.24666666666666667
PatientUpdateBean:0.22666666666666666
