GoogleMap:0.53
GoogleMapPolyline:0.2866666666666667
PolygonDblClickedRpc:0.27051984126984113
PolygonClickedRpc:0.27051984126984113
PolygonRightClickedRpc:0.27051984126984113
GoogleMapWidget:0.25
GoogleMapConnector:0.19333333333333333
PolygonRightClickListener:0.0867222222222222
PolygonDblClickListener:0.0867222222222222
PolygonClickListener:0.0867222222222222
GoogleMapState:0.06
