BaseMultiLayerNetwork:0.5833333333333334
DBN:0.5655555555555555
StackedDenoisingAutoEncoder:0.19666666666666666
DBNTest:0.17666666666666667
TestMnistRender:0.14333333333333334
Test2sAnd4s:0.14
TestMnist:0.14
