MD5Utils:0.7633333333333333
SpoolDirService:0.33
MediaComposerService:0.32
MediaCreationRequest:0.31333333333333335
FilesetBuilder:0.23333333333333334
StoreScpService:0.2
NeroCmdService:0.19
CDRecordService:0.19
