ClassLoaderUtil:0.7
Dispatcher:0.3333333333333333
FilterDispatcher:0.23666666666666666
XSLTResultTest:0.22
StrutsUtil:0.20666666666666667
DefaultStaticContentLoader:0.19
CodebehindUnknownHandler:0.18666666666666668
FacesSetupInterceptor:0.18666666666666668
ConventionUnknownHandler:0.18666666666666668
ListValidatorsAction:0.18666666666666668
PropertiesSettings:0.12
InitOperations:0.11666666666666667
StrutsResourceLoader:0.10666666666666667
ConventionsServiceImpl:0.10333333333333333
