TypeMap:0.8233333333333334
AbstractDatabasePlatform:0.43666666666666665
AbstractTriggerTemplate:0.2733333333333333
PostgreSqlTriggerTemplate:0.23666666666666666
MsSqlTriggerTemplate:0.21
PostgreSqlDmlStatement:0.18
MsSql2000TriggerTemplate:0.17
MySqlDmlStatement:0.16666666666666666
OracleDmlStatement:0.16666666666666666
