ShardOrganizerUtil:0.7166666666666667
TestShardOrganizationManager:0.5033333333333333
