AggFunction:0.65
TransportSQLActionTest:0.37333333333333335
GroupByRow:0.29
AsyncBroadcastAction:0.29
RecievePartialResultHandler:0.29
QueryVisitor:0.24
ParameterInfo:0.23333333333333334
TransportSQLReduceHandler:0.20333333333333334
NodeExecutionContext:0.09333333333333334
CountAggFunction:0.07666666666666666
AggExprFactory:0.07
MinAggFunction:0.06666666666666667
GroupByHelper:0.055
TransportDistributedSQLAction:0.04
SQLQueryService:0.03666666666666667
MinAggState:0.006666666666666667
