Util:0.54
OpenGrokTrayApp:0.35
SearchEngine:0.31333333333333335
RCSget:0.25333333333333335
