PropertyXRef:0.545
Note:0.33666666666666667
PropertyNote:0.2833333333333333
