StringUtils:0.95
StringUtilsTest:0.30333333333333334
SomeClass:0.16333333333333333
