PersonDetailFlowBuilder:0.5442777777777777
SearchPersonFlowBuilder:0.5442777777777777
