DBCursor:0.642
MongoCollectionCursor:0.35333333333333333
MongoQueryBaseMessage:0.27
MongoCursorTest:0.14666666666666667
