CSSStyleDeclaration:0.4866666666666667
SimpleScriptable:0.41333333333333333
Enumerator:0.3277777777777778
EnumeratorTest:0.16333333333333333
