SharedBuffer:0.4766666666666667
TaskExecution:0.41833333333333333
GetPagesJob:0.2863888888888889
TaskOutput:0.27666666666666667
TestSharedBuffer:0.21666666666666667
HttpPageBufferClient:0.21333333333333335
TaskResource:0.20666666666666667
TaskManager:0.19031746031746033
SqlTaskExecution:0.19
SqlTaskManager:0.16
NamedQueue:0.13666666666666666
PagesResponse:0.10333333333333333
MockTaskManager:0.05333333333333334
