Engine:0.7777777777777778
JavaTestDescriptor:0.48333333333333334
Launcher:0.3433333333333333
JUnit5Engine:0.30666666666666664
Console:0.13666666666666666
