ServerCalls:0.515
OkHttpClientTransportTest:0.31
TestServiceStub:0.26666666666666666
WorkerStub:0.24333333333333335
RouteGuideStub:0.21666666666666667
ClientCalls:0.21666666666666667
AbstractBenchmark:0.21333333333333335
BidiStreamingMethod:0.17166666666666666
WorkerGrpc:0.11666666666666667
TestServiceGrpc:0.11666666666666667
RouteGuideGrpc:0.11666666666666667
