DiscoverySelectorsTests:0.8133333333333334
DiscoverySelectionTests:0.3911111111111111
