Email:0.6866666666666666
EmailConfiguration:0.4533333333333333
EmailAddressProvider:0.2869444444444445
