Netty4HeadBodyIsEmptyIT:0.8616666666666667
RestGetMappingAction:0.39666666666666667
