MethodBodyStatementReplacer:0.35333333333333333
TC_MethodBodyStatementReplacer:0.25333333333333335
InlineMethodConditionChecker:0.24333333333333335
GenerateAccessorsAtTarget:0.2288888888888889
InlineAndRemoveEditProvider:0.17
RenameDuplicatedVariables:0.14527777777777778
InlineMethodConfig:0.14333333333333334
