Word2Vec:0.6433333333333333
Word2VecSimilarity:0.25777777777777783
Word2VecDataFetcher:0.24333333333333335
WordMetaData:0.22111111111111115
Word2VecSimilarityTest:0.21333333333333335
