ArticleBean:0.5233333333333333
GeneBean:0.5033333333333333
PubSourceBean:0.3233333333333333
ArticleIterator:0.20666666666666667
BasicBean:0.16333333333333333
