GeoShapeQueryParser:0.3933333333333333
GeoShapeFilterBuilder:0.37333333333333335
GeoShapeQueryBuilder:0.35333333333333333
GeoShapeFilterParser:0.1441111111111111
GeoShapeIntegrationTests:0.11666666666666667
ShapeFetchService:0.07333333333333333
