AptanaRDTPlugin:0.93
LocalAndMethodNamingConvention:0.39
RubyRedLint:0.33666666666666667
LintOptions:0.32666666666666666
