BdbFrontier:0.5866666666666667
BdbMultiQueue:0.43333333333333335
