ClientProxy:0.5033333333333333
TransactionalMapDataStructureAdapter:0.49333333333333335
AbstractClientInternalCacheProxy:0.4166666666666667
Pre38NearCacheEventHandler:0.19
ConnectedServerVersionAwareNearCacheEventHandler:0.14
RepairableNearCacheEventHandler:0.006666666666666667
