GwtApplication:0.7533333333333333
GwtMusic:0.37333333333333335
GwtSound:0.3
GwtAudio:0.15666666666666668
