Result:0.9433333333333334
ResultImpl:0.5072222222222222
ResultTests:0.32
