DataRefRouteReader:0.34
RouterServiceTest:0.3
AbstractDatabaseTest:0.27666666666666667
DataRefRouteReaderUnitTest:0.2
BufferedLogAppender:0.17333333333333334
DataToRouteReaderFactory:0.16666666666666666
AbstractDataToRouteReader:0.15333333333333332
DataGapRouteReader:0.13333333333333333
