ParentRunner:0.6533333333333333
TestClass:0.5
CategoryValidator:0.2966666666666667
