SizeSnapshot:0.47638888888888886
CoreConnectionPool:0.4633333333333333
ObjectUtil:0.38333333333333336
