SQLGrammar:0.6333333333333333
AnalyzerVisitor:0.4666666666666667
CrateClusterSettingsActionTest:0.29333333333333333
DispatchingVisitor:0.28
AnalyzerVisitorTest:0.17333333333333334
TransportSQLAction:0.13666666666666666
