LineNumberReader:0.4866666666666667
LineNumbers:0.34
StackTraceElements:0.22
TooManyScopes:0.19666666666666666
MyModule:0.07333333333333333
