ProgressListener:0.16666666666666666
ProcessProgressReporter:0.16666666666666666
ProgressListenerAdaptor:0.16666666666666666
StatusReporter:0.16666666666666666
StatusListener:0.09838095238095237
