GFF3Adapter:0.6466666666666666
GFF3Entry:0.5666666666666667
