ChatRoomChannel:0.7533333333333333
TuringQueryService:0.41031746031746036
OptionQueryService:0.3233333333333333
ChatRoomProcessor:0.14
