HtmlInput:0.42333333333333334
HtmlForm:0.36
HtmlTextArea:0.29333333333333333
HtmlButton:0.20666666666666667
HtmlSelect:0.19333333333333333
SubmittableElement:0.1842063492063492
HtmlFileInput:0.14666666666666667
HtmlIsIndex:0.13666666666666666
HtmlSubmitInput:0.13
HtmlImageInput:0.11666666666666667
