GrpcUtil:0.475
NettyClientTransportTest:0.34
NettyServer:0.24333333333333335
NettyChannelBuilder:0.22333333333333333
NettyServerBuilder:0.21666666666666667
NettyClientTransport:0.15333333333333332
NettyServerTransport:0.14333333333333334
NettyTransportFactory:0.09666666666666666
