NutDao:0.47
Stopwatch:0.32
ScopeContext:0.25
LogFactory:0.20838888888888887
DefaultLoading:0.20838888888888887
EntityHolder:0.19
UrlMapImpl:0.18666666666666668
ObjectProxy:0.16111111111111112
NutIoc:0.15333333333333332
SimpleDaoTest:0.11333333333333333
DynamicWeaver:0.10833333333333334
NutServlet:0.09333333333333334
DefaultEntityMaker:0.09083333333333334
ObjectWeaver:0.08444444444444445
StaticWeaver:0.04
