ParallelWrapper:0.5466666666666666
EarlyStoppingParallelTrainer:0.42333333333333334
TestParallelEarlyStopping:0.35333333333333333
AveragingIterationListener:0.26666666666666666
