Convertor:0.5066666666666667
CDKDictionaryReferences:0.22666666666666666
MextraTests:0.21
MdictTests:0.02
