TestUtils:0.5233333333333333
Http2ServerTest:0.37
HttpServerImpl:0.37
VertxHttp2ConnectionHandlerBuilder:0.30333333333333334
HttpDecompressionTest:0.08
