Config:0.5933333333333334
SymbolicStringConstraintsHAMPI:0.41333333333333333
ConsolePublisher:0.30333333333333334
SymbolicStringConstraintsGeneral:0.14
