BeanFactory:0.4033333333333333
GermplasmBean:0.38
AlleleGermplasmLinkingBean:0.3433333333333333
LocusTable:0.22666666666666666
AddGeneAlleleLinking:0.22
PhenotypeBean:0.21333333333333335
AlleleTable:0.20666666666666667
Germplasm:0.19666666666666666
NullAlleleGermplasmLinkingBean:0.16333333333333333
NullGermplasmBean:0.16333333333333333
UpdatePhenotype:0.11
GeneAlleleLinkingTable:0.10777777777777776
AlleleGermplasmLinkingTable:0.10333333333333333
UpdateAllele:0.09
AddAlleleGermplasmLinking:0.06666666666666667
