IOService:0.7333333333333333
TcpIpConnectionManager:0.49666666666666665
NodeIOService:0.25333333333333335
SocketClientDataReader:0.21
