ClassDescriptor:0.6966666666666667
StepFactory:0.2833333333333333
HopSymbolTableWalker:0.24
DFA63:0.1527777777777778
