Pbuffer:0.4766666666666667
PbufferTest:0.26666666666666666
LinuxDisplay:0.24
MacOSXDisplay:0.22666666666666666
DisplayImplementation:0.20833333333333334
Win32Display:0.2
UniqueRenderer:0.11
UniqueRendererRTT:0.10666666666666667
