RakeScript:0.6133333333333333
RakeBuilder:0.35
RakeBuilderTest:0.15333333333333332
RakeScriptTest:0.11
