CooccurrencesEditor:0.35
Cooccurrence:0.28
EmpantWidget:0.25
ImportDialog:0.19666666666666666
PropertiesSelector:0.19666666666666666
VocabularyEditor:0.178
