WebSocket:0.55
AsyncIOWriter:0.5333333333333333
WebSocketProcessor:0.33
Jetty8WebSocket:0.14
JettyWebSocket:0.14
GrizzlyWebSocket:0.14
TomcatWebSocket:0.14
SSEAtmosphereInterceptor:0.13333333333333333
JSONPAtmosphereInterceptor:0.13333333333333333
