DB:0.6533333333333333
DBMessageLayer:0.39666666666666667
Mongo:0.3933333333333333
DBApiLayer:0.12583333333333332
