DataManager:0.5133333333333333
EditLib:0.38
File:0.2911111111111111
SchemaLoader:0.22333333333333333
Geonetwork:0.10666666666666667
SchemaSuggestions:0.04666666666666667
SchemaOverrides:0.03666666666666667
