CostTypes:0.8733333333333333
CostTypesMarshaller:0.24533333333333332
CostTypesJsonUnmarshaller:0.13666666666666666
