CassandraColumnHandle:0.5433333333333333
CassandraCqlUtils:0.37
CassandraPartition:0.33
CassandraSession:0.24333333333333335
MockCassandraSession:0.18
TestJsonCassandraHandles:0.16666666666666666
CassandraSplitManager:0.15333333333333332
TestCassandraColumnHandle:0.13333333333333333
TestCassandraCqlUtils:0.12333333333333334
