PyObject:0.5666666666666667
PyType:0.4633333333333333
PyJavaType:0.2733333333333333
DescriptorExposer:0.23
