ClientConnectionManagerImpl:0.5166666666666667
ClientSmartInvocationServiceImpl:0.4
Heartbeat:0.33444444444444443
ClientSmartListenerService:0.2866666666666667
