ReadableInterval:0.6566666666666666
AbstractInterval:0.38666666666666666
Interval:0.35833333333333334
MockInterval:0.2966666666666667
TestInterval_Basics:0.28
TestMutableInterval_Basics:0.24666666666666667
