Log:0.78
AbstractLog:0.38
Castors:0.25722222222222224
SystemLog:0.25
NutFilePool:0.19333333333333333
Log4JLogger:0.15333333333333332
FastUploading:0.14666666666666667
LogInfo:0.052
