AbstractTestHiveClient:0.6329444444444445
HiveUtil:0.4266666666666667
