FadeTo:0.33
FadeIn:0.31333333333333335
MoveBy:0.25333333333333335
RotateBy:0.25333333333333335
MoveTo:0.25333333333333335
RotateTo:0.25333333333333335
FadeOut:0.25333333333333335
ScaleTo:0.25333333333333335
Action:0.14333333333333334
