StepFactory:0.7033333333333334
TypeChecker:0.5066666666666667
