PyObject:0.5066666666666667
PyString:0.4866666666666667
PyInteger:0.43833333333333335
PyLong:0.3333333333333333
Condition:0.2633333333333333
PyRandom:0.25
PyFile:0.21233333333333337
