SimpleTextParserTest:0.41333333333333333
AsciiMathParserTest:0.38505555555555554
AbstractParserTest:0.2966666666666667
KernelTestSuite:0.21666666666666667
