AggregatorBuilder:0.64
ValuesSourceAggregatorBuilder:0.37666666666666665
ChildrenAggregatorBuilder:0.3233333333333333
BaseAggregationTestCase:0.23666666666666666
