BasicIntegrationConfiguration:0.59
BusinessPackage:0.3566666666666667
PackagePanel:0.21
TargetPanel:0.1775
ClickListener:0.056666666666666664
