FolderModule:0.6344444444444445
WorkspaceModule:0.3466666666666667
ForumActionModuleImpl:0.31666666666666665
DomTreeBuilder:0.24333333333333335
FolderModuleImpl:0.23333333333333334
TreeTag:0.20333333333333334
WorkspaceModuleImpl:0.16
FolderCoreProcessor:0.15111111111111108
EditController:0.09
WorkspaceTreeController:0.07
ObjectKeys:0.0
