DiskedVirtualBuffer:0.28
SpreadInputStream:0.21
MemoryArea:0.20666666666666667
SpreadOutputStream:0.19
MemPoolManager:0.016666666666666666
