ClientMessage:0.73
ClientProtocolErrorCodes:0.41031746031746036
ClientMessageTest:0.36666666666666664
ClientExceptionFactory:0.19333333333333333
