FindFile:0.7933333333333333
MimeTypes:0.3416666666666667
