ComponentRecorderTest:0.5633333333333334
AbstractSemanticRecorderTest:0.4033333333333333
InputStateTest:0.33666666666666667
PopupListener:0.3333333333333333
