ValueType:0.6033333333333334
TypeHierarchyCollector:0.3846666666666667
SpecifiedExceptionTest:0.26
TypeIntrospectionBase:0.17333333333333334
