AuthorizationCodeAuthenticationFilterConfigurer:0.5627777777777778
FilterComparator:0.35333333333333333
