Expectations:0.5
ScaleAnimExpectationHeight:0.24333333333333335
ScaleAnimExpectationWidth:0.24333333333333335
SampleActivity:0.18666666666666668
ScaleAnimExpectation:0.18333333333333332
ScaleAnimExpectationSameHeightAs:0.11666666666666667
ScaleAnimExpectationSameWidthAs:0.11666666666666667
