Definition:0.65
PainlessScriptEngine:0.5566666666666666
ScriptTestCase:0.30333333333333334
Debugger:0.16777777777777778
SimilarityScriptTests:0.15
PainlessPlugin:0.14
FactoryTests:0.13666666666666666
