HibernateBundle:0.5866666666666667
SessionFactoryFactoryTest:0.4266666666666667
UnitOfWorkAspect:0.37
