ExecuteContext:0.6333333333333333
PreparedStatementProxy:0.5272222222222221
DefaultExecuteContext:0.5
BatchMultiple:0.3411111111111111
BatchSingle:0.2377777777777778
