ErrorTypeDescriptor:0.6433333333333333
HopFile:0.6066666666666667
FilePlugin:0.23
