ClusterState:0.5833333333333334
SimpleFacetsTests:0.30666666666666664
AsyncShardOperationAction:0.27
Custom:0.25
TransportMasterNodeOperationAction:0.23
LocalDiscovery:0.22
UpdateTask:0.1588888888888889
PublishClusterStateRequestHandler:0.09
AsyncSingleAction:0.06666666666666667
