BaseParameters:0.49
KnowledgeRepository:0.44333333333333336
ImportModule:0.30666666666666664
ConcordancesEditor:0.2866666666666667
KnowledgeRepositoryManager:0.2733333333333333
