RecordStore:0.7366666666666667
StorageImpl:0.5505555555555556
Storage:0.445
ClearExpiredOperation:0.31666666666666665
AbstractRecordStore:0.30333333333333334
