Dao:0.9
NutDao:0.39
EntityOperator:0.37666666666666665
UpdateTest:0.25333333333333335
