HistoryWidget:0.34
PopupWidget:0.24300000000000002
Popup:0.23666666666666666
ShapeAsIcon:0.23666666666666666
EventHandler:0.18333333333333332
GraphicsHelper:0.15333333333333332
Back:0.09
Forward:0.09
Jump:0.016666666666666666
