FileDialogTester:0.5194444444444445
FileDialogTesterTest:0.39
ShowDialog:0.30666666666666664
