AbstractTestIntegrationSmokeTest:0.6341666666666667
AbstractTestApproximateQueries:0.42333333333333334
TpchIndexedData:0.4166666666666667
