CSFactory:0.42333333333333334
CRSFactory:0.41
DatumFactory:0.24416666666666667
CoordinateOperationFactory:0.115
