MetaDataGenerator:0.6233333333333333
CacheService:0.29833333333333334
MapInvalidationMetaDataMigrationTest:0.2966666666666667
InvalidationMemberAddRemoveTest:0.2966666666666667
MapMigrationAwareService:0.25333333333333335
