AwsS3Service:0.45429365079365075
S3Repository:0.38
InternalAwsS3Service:0.192
TestAwsS3Service:0.17333333333333334
Repositories:0.05333333333333334
Repository:0.05333333333333334
