Py:0.9133333333333333
PySystemState:0.4033333333333333
MakeProxies:0.19
