ExpressionUtils:0.49
AbstractTestQueries:0.44666666666666666
RelationPlanner:0.28777777777777774
TupleAnalyzer:0.28777777777777774
TestStatementBuilder:0.21333333333333335
