AbstractExtendedAddress:0.73
Retailer:0.41333333333333333
Representative:0.31333333333333335
