PubConnection:0.6766666666666666
BeanFactory:0.48
ArticleBean:0.39666666666666667
UserBean:0.39666666666666667
Login:0.36666666666666664
Hits:0.36
Gene:0.3466666666666667
Article:0.32
GeneBean:0.30666666666666664
Annotation:0.30333333333333334
PubSource:0.27
Articles:0.23666666666666666
StatisticsBean:0.22333333333333333
TermBean:0.22088888888888888
PubSourceBean:0.21666666666666667
PubServlet:0.21666666666666667
SequenceBean:0.21666666666666667
TermTable:0.21588888888888888
AnnotationTaskBean:0.21
SearchGenes:0.20666666666666667
ArticleBeanFactory:0.20333333333333334
SearchTerms:0.19666666666666666
AddBulkGoTerm:0.19666666666666666
UpdateGene:0.19333333333333333
DisplayDefault:0.19
GeneSearcher:0.18333333333333332
SearchHits2:0.18333333333333332
SelectReference:0.18
RegenerateFullTextIndices:0.18
UpdateProtocol:0.18
AnnotationTests:0.18
GeneTableTest:0.18
DisplayArticle:0.17666666666666667
AddCommunication:0.17666666666666667
AddUrl:0.17666666666666667
AddPubSource:0.17666666666666667
PubMedReader:0.17666666666666667
Sequence:0.17227777777777778
HitBeanTests:0.17
AddAllele:0.17
TermObsoletion:0.16333333333333333
SearchArticles:0.16333333333333333
LuceneTermIterator:0.16333333333333333
ArticleBeanTests:0.16333333333333333
BulkTermLoader:0.16
UpdatePubSource:0.16
TairAnnotationStrategy:0.16
AddProtocol:0.16
AddGene:0.15666666666666668
ConnectionFactoryTest:0.15666666666666668
SimpleAnnotationStrategy:0.15333333333333332
UpdateCommunication:0.15333333333333332
SqlSearcher:0.15333333333333332
DisplayReference:0.14666666666666667
DisplayPubSource:0.14
UnannotatedGeneStrategy:0.13333333333333333
TemporaryGenes:0.13
AssignTasks:0.13
GeneSaxReaderTest:0.12666666666666668
DropTask:0.12333333333333334
UpdateURL:0.11666666666666667
LuceneGeneIterator:0.11666666666666667
DatabaseTestCase:0.11333333333333333
StopWordBean:0.11
LuceneArticleIterator:0.09666666666666666
DatabasePubServlet:0.09333333333333334
UpdateComment:0.08666666666666667
BulkLoadGenes:0.08666666666666667
SearchAllPubSourceAlias:0.08666666666666667
SearchAllPubSource:0.08666666666666667
SearchAllAlleles:0.08333333333333333
SearchAllTerms:0.08333333333333333
SearchAllPhenotypes:0.08333333333333333
SearchAllLoci:0.08333333333333333
SearchAllGenes:0.08333333333333333
SearchAllGermplasms:0.08333333333333333
SearchAllArticles:0.08333333333333333
SearchAllSequences:0.08333333333333333
