TableTemplate:0.5533333333333333
DataLoaderContext:0.43
IDataLoaderContext:0.2833333333333333
AddColumnsFilter:0.26
