NettyServerHandler:0.62
NettyServerHandlerTest:0.36333333333333334
NettyClientHandlerTest:0.36
NettyHandlerTestBase:0.30666666666666664
