TreeInfo:0.47833333333333333
GwtTeamingWorkspaceTreeImageBundle:0.4220674603174603
TreeDisplayBase:0.32
GwtMainPage:0.24666666666666667
TreeDisplayVertical:0.24333333333333335
BinderSelector:0.21777777777777782
WorkspaceTreeControl:0.19
BusyInfo:0.023333333333333334
