PersistenceUnitInfoImpl:0.8133333333333334
DataSourceInjectionTest:0.18333333333333332
