CustomObjectRenderer:0.4666666666666667
DelayedListener:0.4425
NewResourceDialog:0.37333333333333335
