HttpServerResponseImpl:0.4166666666666667
NetSocket:0.37666666666666665
HttpServerResponse:0.37666666666666665
ServerConnection:0.2966666666666667
FileResolverTestBase:0.21833333333333332
ConnectionBase:0.19916666666666666
NetSocketImpl:0.19333333333333333
