HSQLDBRoutineDefinition:0.4866666666666667
jOOQAbstractTest:0.48333333333333334
AggregateWindowFunctionTests:0.4247619047619048
HSQLDBTest:0.30666666666666664
HSQLDBDatabase:0.24333333333333335
BaseTest:0.21666666666666667
