AzureStorageSettings:0.4866666666666667
AzureStorageServiceImpl:0.37
AzureBlobStore:0.21666666666666667
AzureStorageServiceTests:0.21
AzureSnapshotRestoreTests:0.18666666666666668
Repository:0.17333333333333334
AzureSettingsParserTests:0.13666666666666666
AzureStorageServiceMock:0.11666666666666667
AzureStorageSettingsFilterTests:0.10333333333333333
AzureRepositoryPlugin:0.09
