Multibinder:0.49666666666666665
MultibinderTest:0.45666666666666667
RealMultibinder:0.33666666666666667
SpiUtils:0.18
