TypeGraph:0.49333333333333335
RuleLabel:0.395
TypeCheckTest:0.22666666666666666
RegExprTyper:0.21666666666666667
Property:0.14666666666666667
RuleEdge:0.07666666666666666
