EventServiceImpl:0.5808333333333333
ServiceManagerImpl:0.4166666666666667
NodeEngineImpl:0.3433333333333333
