Scheduler:0.47333333333333333
ShadowHandler:0.47
HandlerTest:0.23666666666666666
ShadowLooper:0.19666666666666666
SchedulerTest:0.14333333333333334
