URIFrontier:0.652
URIFrontierMarker:0.6097777777777778
Frontier:0.5566666666666666
FrontierMarker:0.4066666666666667
CrawlJobHandler:0.31666666666666665
InvalidURIFrontierMarkerException:0.07333333333333333
URIQueueMatcher:0.04
