IssueHandlerImpl:0.65
ITrackerServices:0.2633333333333333
ITrackerServicesImpl:0.26
IssueRelationDAO:0.07611111111111112
IssueRelationDAOImpl:0.043333333333333335
