TransactionConfidence:0.48
Block:0.3933333333333333
Builder:0.35
Listener:0.308
WalletProtobufSerializerTest:0.30666666666666664
Peer:0.25
TransactionConfidenceOrBuilder:0.24666666666666667
Wallet:0.20666666666666667
WalletTest:0.19
TestUtils:0.18444444444444444
WalletProtobufSerializer:0.17
