SqlSession:0.7968253968253968
SqlSessionManager:0.5133333333333333
DefaultSqlSession:0.4
