Trigger:0.72
SqlTemplate:0.30666666666666664
ConfigurationService:0.2866666666666667
StreamReloadDataCommand:0.18333333333333332
TriggerMapper:0.13444444444444442
