ActivityRunTextView:0.67
RxTitle:0.40777777777777774
ActivityMain:0.31333333333333335
