FileUtil:0.5566666666666666
DigestEngine:0.5033333333333333
JavaDigestEngine:0.25666666666666665
