MethodTestDescriptor:0.45
FooTestExecutionCallbacks:0.11333333333333333
FizzTestExecutionCallbacks:0.11333333333333333
BarTestExecutionCallbacks:0.11333333333333333
TimingExtension:0.08
