VertxImpl:0.44333333333333336
ContextImpl:0.3
NamedWorkerExecutor:0.27222222222222225
WorkerPool:0.21666666666666667
WorkerContext:0.18
EventLoopContext:0.14333333333333334
NamedWorkerPool:0.1211111111111111
MultiThreadedWorkerContext:0.08
