Viewer:0.55
DatasetFilter:0.48
EdgeFilterTypeGui:0.3433333333333333
EdgeFilterState:0.2966666666666667
