BatchAllocator:0.43
DiscoveryStrategy:0.39
Default:0.37666666666666665
Compound:0.33666666666666667
ResettableClassFileTransformer:0.32600793650793647
PoolStrategy:0.229484126984127
Ignoring:0.19444444444444445
AgentBuilderDefaultApplicationTest:0.18666666666666668
Collector:0.18
Redefining:0.16
Transforming:0.15444444444444444
ExecutingTransformer:0.11777777777777776
ResubmissionInstallationListener:0.11666666666666667
AbstractBase:0.07583333333333334
Explicit:0.01
