AbstractClassReader:0.43444444444444447
EntityClassGenerator:0.36333333333333334
Clazz:0.2833333333333333
JavassistClassWriter:0.28
AbstractAnnotation:0.2733333333333333
JavassistClassReader:0.16
AbstractBooleanAspectRegister:0.12333333333333334
AnnotationUtil:0.06333333333333334
