MatchPredicate:0.4166666666666667
FunctionImplementation:0.36
CollectionAverageFunction:0.2966666666666667
AggregationFunction:0.26
CollectionCountFunction:0.13666666666666666
SleepScalarFunction:0.125
