AbstractCasExpirationPolicy:0.6994007936507937
AbstractCasProtocolValidationSpecification:0.6713888888888889
