InsertBenchmark:0.7938888888888889
DeleteBenchmark:0.5166666666666667
BenchmarkBase:0.3
