CassandraColumnHandle:0.5233333333333333
CassandraSession:0.2963888888888889
CassandraSplitManager:0.2866666666666667
CassandraTable:0.27666666666666667
CassandraMetadata:0.2733333333333333
ExtraColumnMetadata:0.2
CassandraRecordSink:0.18
CassandraRecordSet:0.15
CassandraRecordSetProvider:0.14666666666666667
