Node:0.5033333333333333
TriePrinter:0.29388888888888887
SuffixTrie:0.21666666666666667
MapNode:0.21
Trie:0.19666666666666666
TrieMap:0.15
TrieMapPrinter:0.11
