SalvageGood:0.7766666666666666
ManufactureGood:0.5533333333333333
