ResultMapping:0.48333333333333334
DefaultResultSetHandler:0.44
ParameterMapping:0.4033333333333333
BaseTypeHandler:0.27666666666666667
DefaultObjectFactory:0.19666666666666666
DefaultParameterHandler:0.11666666666666667
DefaultResultSetHandlerTest:0.06
UnknownTypeHandlerTest:0.04
