TextureAtlas:0.6466666666666666
AssetManager:0.44333333333333336
BitmapFontLoader:0.20333333333333337
TextureAtlasLoader:0.19000000000000003
ParticleEffectLoader:0.19000000000000003
PixmapPackerTest:0.17
