ShardManagerDao:0.7188888888888889
ShardJob:0.35
DatabaseShardManager:0.31333333333333335
