Cookie:0.53
AsyncProvidersBasicTest:0.37333333333333335
CookieBuilder:0.2966666666666667
RemoteSiteTest:0.19666666666666666
CookieUtil:0.14666666666666667
NettyAsyncResponseTest:0.14333333333333334
CookieDecoder:0.14
