Job:0.49333333333333335
BuildingManager:0.46
Mind:0.43333333333333335
JobManager:0.2733333333333333
MedicalCare:0.23666666666666666
Farming:0.23666666666666666
PersonTableModel:0.17
MedicalStation:0.16111111111111112
Driver:0.09
Areologist:0.05
Botanist:0.05
Doctor:0.04666666666666667
Engineer:0.03
