RearrangementRadical3Reaction:0.27666666666666667
RearrangementRadical1Reaction:0.20166666666666666
RearrangementRadical2Reaction:0.20166666666666666
RearrangementAnion1Reaction:0.20166666666666666
DisplacementChargeFromDonorReaction:0.20166666666666666
ElectronImpactNBEReaction:0.20166666666666666
RearrangementCation1Reaction:0.20166666666666666
RadicalSiteInitiationReaction:0.19666666666666666
