HttpResponseCache:0.5833333333333334
HttpResponseCacheTest:0.5566666666666666
ResponseCacheAdapter:0.4266666666666667
ResponseCacheAdapterTest:0.23666666666666666
