GwtServerHelper:0.35
GwtTeamingMessages:0.31333333333333335
EntryMenuPanel:0.2966666666666667
GwtViewHelper:0.2833333333333333
GwtTaskHelper:0.26
