SqlitexConnection:0.36
SqliteConnection:0.3480952380952381
SqlCipherPreparedStatement:0.27
BaseConnection:0.23
SqlitexPreparedStatement:0.22861111111111115
BaseStatement:0.22666666666666666
SqlitexStatement:0.22194444444444447
SqlitePreparedStatement:0.20694444444444446
SqlCipherStatement:0.19
SqliteStatement:0.1786111111111111
