SerializeWriter:0.6797222222222223
JavaBeanDeserializer:0.44388888888888883
