ParserConfig:0.32
FontSerializer:0.23666666666666666
ColorSerializer:0.23666666666666666
RectangleSerializer:0.23666666666666666
PointSerializer:0.23666666666666666
SerializeConfig:0.19666666666666666
RectangleDeserializer:0.16333333333333333
FontDeserializer:0.16333333333333333
PointDeserializer:0.16333333333333333
ColorDeserializer:0.16333333333333333
