DicomObject:0.8366666666666667
BasicDicomObject:0.3466666666666667
FilteredDicomObject:0.27
UID:0.26166666666666666
DicomInputStream:0.2225
DicomOutputStream:0.21666666666666667
