DirectCandidateGeneratorBuilder:0.5433333333333333
PhraseSuggestionBuilder:0.4572222222222222
SuggestUtils:0.45166666666666666
