StringList:0.7166666666666667
Hash:0.28
OS:0.27
ImageEditorCore:0.25833333333333336
FSHelper:0.20666666666666667
ImportExport:0.2
TaskTable:0.18666666666666668
Backup:0.1780952380952381
Armor:0.17333333333333334
AbstractBeanInfo:0.17333333333333334
IconTheme:0.16666666666666666
DeleteCompletedAction:0.09
