AbstractProcessorFactory:0.6033333333333334
DateProcessorFactoryTests:0.17333333333333334
SimulateProcessorResult:0.17
GeoIpProcessorFactoryTests:0.13666666666666666
SetProcessorFactoryTests:0.12666666666666668
AppendProcessorFactoryTests:0.12666666666666668
GsubProcessorFactoryTests:0.12333333333333334
PipelineFactoryTests:0.12333333333333334
ConvertProcessorFactoryTests:0.12333333333333334
SplitProcessorFactoryTests:0.12
FailProcessorFactoryTests:0.12
RenameProcessorFactoryTests:0.12
DeDotProcessorFactoryTests:0.12
JoinProcessorFactoryTests:0.12
RemoveProcessorFactoryTests:0.12
TrimProcessorFactoryTests:0.10666666666666667
LowercaseProcessorFactoryTests:0.10666666666666667
UppercaseProcessorFactoryTests:0.10666666666666667
GrokProcessorFactoryTests:0.10666666666666667
