MapService:0.5322222222222222
MultiMapService:0.4033333333333333
QueueService:0.3283333333333333
