Change:0.5866666666666667
Property:0.5233333333333333
Gedcom:0.39
Entity:0.36333333333333334
PropertySex:0.28
PropertySimpleValue:0.2488888888888889
PropertyXRef:0.23333333333333334
PropertyDate:0.23
PropertyName:0.22333333333333333
Model:0.21666666666666667
PropertyFile:0.20333333333333334
PropertyBlob:0.2
EntityTableModel:0.2
PropertyAge:0.2
PIT:0.19666666666666666
NavigatorView:0.19
Results:0.15333333333333332
GedcomConnector:0.08
PropertyChange:0.02666666666666667
