MojoUtils:0.7233333333333334
Antlr4Mojo:0.37666666666666665
