IconFactory:0.5266666666666666
ERDesignerMainFrame:0.46
Exporter:0.45876587301587307
RelationEditor:0.24666666666666667
SVGExporter:0.15666666666666668
ImageExporter:0.12333333333333334
GenericFileFilter:0.06666666666666667
ModelFileFilter:0.06338888888888888
