ViewDefinition:0.52
HiveMetadata:0.29
TestAnalyzer:0.2866666666666667
RaptorMetadata:0.2588888888888889
TestingMetadata:0.2555555555555556
MetadataManager:0.25
TestRaptorMetadata:0.24666666666666667
AbstractTestHiveClient:0.23
