Record:0.6266666666666667
MapService:0.3466666666666667
SimpleEntryView:0.2966666666666667
RecordInfo:0.29333333333333333
DefaultRecordStore:0.29333333333333333
MapEvictionManager:0.19333333333333336
AbstractRecord:0.18333333333333332
