XJBUpdateRequest:0.6083333333333333
XJBPhex:0.5841666666666666
XJBBookmarkedHost:0.4950555555555555
ObjectFactory:0.2833333333333333
Unmarshaller:0.2633333333333333
XJBUpdateRequestImpl:0.24333333333333335
XJBPhexImpl:0.22333333333333333
XJBBookmarkedHostImpl:0.18
XJBBookmarkedHostList:0.15716666666666665
XJBBookmarkedHostListImpl:0.12666666666666668
