TestActionTranslation:0.535
TestT:0.29333333333333333
TestLexerAttributes:0.1988888888888889
