KuwaibaWebservice:0.45
RemoteQuery:0.43166666666666664
BackendBeanRemote:0.31
RemoteQueryLight:0.2866666666666667
BackendBean:0.2633333333333333
RemoteSession:0.13333333333333333
ObjectUpdate:0.05333333333333334
