AbstractDbDialect:0.6
IncomingBatchService:0.3333333333333333
IOutgoingBatchService:0.2910555555555555
OutgoingBatchService:0.24666666666666667
IIncomingBatchService:0.17833333333333334
