SessionImpl:0.48333333333333334
EntityGraphImplementor:0.4302777777777778
SessionFactoryImpl:0.38333333333333336
MetamodelImplementor:0.2
MetamodelImpl:0.14333333333333334
AddNamedQueryTest:0.12666666666666668
SubgraphOrmNamedEntityGraphTest:0.08
