DefaultRefreshTokenFactory:0.9866666666666667
OAuthRefreshTokenExpirationPolicy:0.5966666666666667
