GlobalValidatorsWizardPage:0.33
GroovyParamsComposite:0.23
ChooseItemDialog:0.22666666666666666
ContentComposite:0.22333333333333333
ValidatorWizard:0.20900000000000002
PluginLogger:0.20722222222222222
EmailConfigWizardPage:0.20333333333333334
DefaultValidatorInfoControl:0.14666666666666667
ChooseVariableNameDialog:0.07333333333333333
FeaturedStyledText:0.06
UndoRedoListener:0.023333333333333334
