LocalObjectView:0.5666666666666667
CommunicationsStub:0.45666666666666667
GISViewScene:0.43333333333333335
SaveDialog:0.3
OpenDialog:0.29333333333333333
AcceptActionProvider:0.29
MapPanel:0.22666666666666666
GISViewTopComponent:0.22
LocalObjectViewImpl:0.20666666666666667
GISViewService:0.20666666666666667
GeoPositionedConnectionWidget:0.16666666666666666
LocalObjectViewLightImpl:0.15666666666666668
Installer:0.11666666666666667
