Robolectric:0.7066666666666667
FakeHttpLayer:0.48
TestFragmentTransaction:0.29
DefaultRequestDirectorTest:0.24333333333333335
