Animation:0.6566666666666666
SimpleAnimationTest:0.37666666666666665
AnimationTest:0.2966666666666667
SuperKoalio:0.16666666666666666
