RedissonLock:0.5333333333333333
RLock:0.529345238095238
RedisConnection:0.4766666666666667
RedissonLockTest:0.26
RedisAsyncConnection:0.26
