PluginInfo:0.5166666666666667
PluginsService:0.4033333333333333
SimpleNodesInfoTests:0.36666666666666664
Fields:0.043333333333333335
