ColumnRelationalState:0.75
AbstractAttributeBinding:0.36
SimpleAttributeBinding:0.32
AbstractEntityBinder:0.31
RelationalState:0.18666666666666668
HbmSimpleValueRelationalStateContainer:0.1825
ManyToOneAttributeBinding:0.15333333333333332
EntityBinder:0.12333333333333334
DerivedRelationalState:0.0867222222222222
TupleRelationalState:0.0867222222222222
SimpleValueBindingTests:0.08333333333333333
SingleValueRelationalState:0.06
AnnotationSimpleAttributeRelationalState:0.04816666666666666
SimpleTupleRelationalState:0.023888888888888887
