DBTest:0.5216666666666666
TestCase:0.36333333333333334
ObjectIdTest:0.26666666666666666
ErrorTest:0.22666666666666666
