JobContextService:0.47333333333333333
TransportDistributedResultAction:0.3333333333333333
DistributingDownstreamTest:0.30333333333333334
SendResponsePageResultListener:0.27111111111111114
JobContextCallback:0.11111111111111109
