BufferUtils:0.64
Mesh:0.5333333333333333
ReflectionCacheSourceCreator:0.36666666666666664
IOSAudio:0.26111111111111107
VertexData:0.24333333333333335
MeshBuilder:0.24
VertexBufferObjectSubData:0.22305555555555553
ChainShape:0.20333333333333334
MeshPartBuilder:0.20083333333333334
IOSApplication:0.1975
VertexBufferObject:0.18666666666666668
VertexArray:0.18333333333333332
MeshTest:0.06666666666666667
IOSApplicationConfiguration:0.0
