Redisson:0.5133333333333333
RedissonClient:0.2866666666666667
RedissonObject:0.24333333333333335
JsonJacksonCodec:0.21
RObject:0.17833333333333334
