AsyncIOInterceptor:0.7544444444444445
Interceptor:0.5733333333333334
AtmosphereInterceptorWriter:0.55
WebSocket:0.35333333333333333
AsyncIOInterceptorTest:0.15666666666666668
MessageLengthInterceptor:0.15
SSEAtmosphereInterceptor:0.15
AndroidAtmosphereInterceptor:0.14
JSONPAtmosphereInterceptor:0.14
