Model:0.4266666666666667
ModelInstance:0.42
BulletConstructor:0.3416666666666667
