Location:0.51
Location2Test:0.35333333333333333
History:0.30333333333333334
