Handler:0.6966666666666667
ConsistencyWatchdogHandler:0.37666666666666665
