RobolectricTestRunner:0.54
ShadowArscAssetManager:0.49666666666666665
RobolectricTestRunnerMultiApiTest:0.25666666666666665
ShadowAssetManagerTest:0.17333333333333334
ArscResourceResolver:0.16
TestRunnerSequenceTest:0.13666666666666666
