View:0.49
WindowManager:0.45666666666666667
Action2:0.38333333333333336
PrintTask:0.2733333333333333
EditPlugin:0.22666666666666666
ViewDockable:0.21166666666666667
EditView:0.20666666666666667
ButtonHelper:0.2025
MenuHelper:0.18333333333333332
Choose:0.17333333333333334
Del:0.17227777777777778
OptionsWidget:0.17166666666666666
PlaceBean:0.16833333333333333
ReportView:0.16666666666666666
ActionInsert:0.1625
ContextHook:0.16
RunExternal:0.16
SearchView:0.16
AbstractChange:0.15666666666666668
ChoiceBean:0.155
NameBean:0.155
Cut:0.15
Propagate:0.15
ScreenResolutionOption:0.14666666666666667
ActionSave:0.13666666666666666
ActionClose:0.13666666666666666
CreateRelationship:0.13666666666666666
SwitchCalendar:0.11333333333333333
TogglePrivate:0.11
Settings:0.10666666666666667
DelProperty:0.10666666666666667
ActionExit:0.10333333333333333
ActionBookmark:0.09333333333333334
Add:0.08666666666666667
ActionChooseRoot:0.07
DelEntity:0.06333333333333334
CreateEntity:0.04666666666666667
SetPlaceHierarchy:0.03333333333333333
SwapSpouses:0.023333333333333334
SetSubmitter:0.023333333333333334
