RubyArgumentsTab:0.36666666666666664
LauncherMessages:0.3466666666666667
ShamProject:0.28
LibraryPathsFile:0.23666666666666666
RuntimeConfigurationFile:0.23666666666666666
RubyEnvironmentTab:0.21666666666666667
RubyEntryPointTab:0.15333333333333332
LocalRubyApplicationTabGroup:0.1
RdtDebugUiMessages:0.04
