Builder:0.49333333333333335
CodeWriter:0.41333333333333333
Types:0.4048333333333333
TypeSpec:0.27
