Builder:0.48333333333333334
NeuralNetConfiguration:0.47
SubsamplingLayer:0.12333333333333334
ConvolutionLayer:0.12
