BroadcasterConfig:0.6333333333333333
SimpleBroadcaster:0.4266666666666667
