Parser:0.5766666666666667
JdtParser:0.44666666666666666
JavacParser:0.275
TreeShaker:0.2525
J2ObjC:0.25
CycleFinder:0.19416666666666665
