BioclipseItem:0.7383333333333333
SpectrumItem:0.6576666666666667
