ActionsGroup:0.57
ObjectNode:0.5366666666666666
UpdateNodeAction:0.36666666666666664
ActionGroupActionsFactory:0.25666666666666665
ExecuteClassLevelReportAction:0.2
SpecialObjectNode:0.12
