Array:0.41333333333333333
LongArray:0.2633333333333333
CharArray:0.2633333333333333
IntArray:0.2633333333333333
ShortArray:0.2633333333333333
BooleanArray:0.2633333333333333
