AnalyzerCaster:0.5266666666666666
DefOperationTests:0.34
RuntimeClass:0.33666666666666667
EBinary:0.24
EComp:0.21
EUnary:0.15666666666666668
EChain:0.12666666666666668
