XavaPreferences:0.7066666666666667
InvoiceTest:0.3
ColorTest:0.2966666666666667
CustomerTest:0.26666666666666666
