DataLoader:0.6083333333333333
DatabaseManager:0.48333333333333334
