BuildingConfig:0.54
Building:0.49666666666666665
PowerGrid:0.39666666666666667
PowerStorage:0.23333333333333334
BuildingManager:0.21166666666666667
