BackPropMLPTest:0.43666666666666665
ConvolutionLayerTest:0.3466666666666667
MultiLayerTest:0.31666666666666665
TestEarlyStopping:0.19
