TableChunk:0.49666666666666665
DbSqlBuilder:0.48222222222222216
DbEntitySql:0.43333333333333335
