FormulaChecker:0.6111111111111112
FormulaBasicErrors:0.4592619047619047
LogicalEquivalence:0.3
Operators:0.13166666666666665
