SparkComputationGraph:0.7366666666666667
SparkEarlyStoppingGraphTrainer:0.32
TestEarlyStoppingSparkCompGraph:0.2833333333333333
TestSparkComputationGraph:0.17
SparkLossCalculatorComputationGraph:0.15633333333333332
SparkTrain:0.12666666666666668
