FakeIntent:0.5583333333333333
FakeIntentTest:0.23
FakeActivity:0.19
TestSerializable:0.13166666666666665
