WebUtils:0.5766666666666667
OAuth20AccessTokenEndpointController:0.365
OAuth20ProfileControllerTests:0.32
OidcConfiguration:0.2966666666666667
CasOAuthConfiguration:0.26
OAuth20AuthorizeEndpointController:0.23
WSFederationValidateRequestCallbackController:0.19666666666666666
OidcAuthorizeEndpointController:0.16666666666666666
BaseOAuthWrapperController:0.10666666666666667
OAuth20CallbackAuthorizeEndpointController:0.07666666666666666
OidcDynamicClientRegistrationEndpointController:0.05
OidcJwksEndpointController:0.05
OidcWellKnownEndpointController:0.05
OAuth20UserProfileControllerController:0.03333333333333333
OidcProfileEndpointController:0.03333333333333333
