Advapi32:0.9033333333333333
Advapi32Util:0.33666666666666667
SECURITY_DESCRIPTOR_RELATIVE:0.31
Advapi32UtilTest:0.23
PSID:0.22333333333333333
PSIDByReference:0.22
ACEStructure:0.20166666666666666
ACCESS_ACEStructure:0.1511111111111111
ACE_HEADER:0.1
