Address:0.4666666666666667
HL7V3MessageBuilderHelper:0.31333333333333335
SubjectBuilder:0.2633333333333333
Subject:0.26
SubjectIdentifierDomain:0.25166666666666665
SubjectIdentifier:0.22333333333333333
SubjectName:0.21333333333333335
