StatsTraceContext:0.6033333333333334
ServerImplTest:0.51
ServerTransportListenerImpl:0.33666666666666667
ServerStreamTracer:0.29777777777777775
