XcodeBuilder:0.5316666666666666
XcodeBuilderTest:0.37
MockOutputFile:0.14333333333333334
Called:0.016666666666666666
