WebTestCase:0.705
ScriptExceptionTest:0.41333333333333333
MouseEventTest:0.37222222222222223
