SCANNER:0.4033333333333333
InvocationChoiceGenerator:0.3933333333333333
CodeSurvey:0.36666666666666664
MangoTargetLauncher:0.2966666666666667
TargetChoiceGenerator:0.22
INVOKETARGET:0.15666666666666668
ScannerMJI:0.15547619047619046
BranchListener:0.10666666666666667
JPF_mango_scanner_ScannerMJI:0.04666666666666667
