CommunicationsStub:0.6633333333333333
ListManagerTopComponent:0.33666666666666667
Refresh:0.23666666666666666
ClassMetadataChildren:0.22333333333333333
ListManagerService:0.11827777777777776
