CesecoreConfiguration:0.5033333333333333
TokenAndCaActivationGuiInfo:0.43666666666666665
TokenAndCaActivationGuiComboInfo:0.36
CAActivationMBean:0.34
