DBApiLayer:0.49333333333333335
DBPort:0.4
DBTCPConnector:0.36333333333333334
DBConnector:0.3175
