ConsolePlugin:0.43
ErrorMatcher:0.4266666666666667
ConsoleBeanShell:0.31333333333333335
ConsoleTextField:0.29
