Responder:0.8266666666666667
FormTagBase:0.37666666666666665
FormResponder:0.34777777777777774
ResponseControllerHandler:0.18666666666666668
AJAXDataControllerHandler:0.09666666666666666
