FolderEmailFormatter:0.7675
MailModuleImpl:0.4866666666666667
MimeHelper:0.4633333333333333
DefaultFolderEmailFormatter:0.22333333333333333
MailModule:0.06166666666666667
