Protocol:0.5466666666666666
Connection:0.5366666666666666
ProtocolTest:0.43666666666666665
