DatabaseFetcher:0.5283333333333333
CalendarFilterPlugin:0.2633333333333333
AbstractVisualCalendarPlugin:0.23333333333333334
