RuleGraph:0.6586666666666667
DefaultGraph:0.47333333333333333
NewDeltaGraph:0.43
LTLBenchmarker:0.39666666666666667
ExplorationStatistics:0.22333333333333333
