IStructureRDFManager:0.7016825396825397
StructureRDFManager:0.6796666666666666
