Tensor:0.49
MatrixUtil:0.44666666666666666
FourDTensor:0.2833333333333333
BaseMultiLayerNetwork:0.2783333333333333
DeepAutoEncoder:0.27777777777777773
FourDTensorAdaGrad:0.14
TensorTests:0.12666666666666668
DeepAutoEncoderExample:0.11333333333333333
