RetryOnFailureResultReceiver:0.7433333333333333
RetryOnFailureResultReceiverTest:0.49813888888888885
