SarosView:0.4866666666666667
SessionContentProvider:0.42333333333333334
SarosViewToolbar:0.23666666666666666
SessionViewTableViewer:0.16666666666666666
