Intersector:0.4533333333333333
BaseTmxMapLoader:0.31
Circle:0.27
AtlasTmxMapLoader:0.25333333333333335
AndroidPreferences:0.21666666666666667
BitsTest:0.2
GridPoint3:0.1857777777777778
GridPoint2:0.1857777777777778
