FreemarkerConfigurationParser:0.4180952380952381
FormFiller:0.3333333333333333
DisplayActorTag:0.22666666666666666
ProcessInstanceSwimlaneRowBuilder:0.17
BaseTaskFormBuilder:0.14666666666666667
FileTag:0.14
FtlTagCreationFactory:0.1375
FormHashModel:0.03666666666666667
