UltimateRecyclerView:0.6833333333333333
CustomSwipeToRefreshRefreshActivity:0.3466666666666667
FloatingActionsMenu:0.27666666666666667
MainActivity:0.25916666666666666
DefaultSwipeRefreshActivity:0.2313888888888889
SwipeDismissTouchListener:0.19
