AtomAPIServlet:0.6533333333333333
AtomAPIConstants:0.25594227994228
