QueueContainer:0.5866666666666667
QueueItem:0.36666666666666664
QueueService:0.35
ListenerKey:0.25333333333333335
QueueMigrationOperation:0.20333333333333337
DrainOperation:0.18333333333333332
QueueEventFilter:0.18066666666666667
QueueEvent:0.18066666666666667
