RecordStore:0.63
EntryOperation:0.2833333333333333
EntryBackupOperation:0.27666666666666667
DefaultRecordStore:0.24666666666666667
AbstractMultipleEntryOperation:0.22666666666666666
KeyBasedMapOperation:0.21666666666666667
AbstractRecordStore:0.21666666666666667
PutBackupOperation:0.21333333333333335
MultipleEntryOperation:0.21
PartitionWideEntryOperation:0.21
PutAllOperation:0.19666666666666666
WanOriginatedDeleteOperation:0.19666666666666666
BasePutOperation:0.19
MultipleEntryBackupOperation:0.16944444444444443
MergeOperation:0.16333333333333333
PartitionWideEntryBackupOperation:0.16277777777777777
BaseRemoveOperation:0.1288888888888889
RemoveBackupOperation:0.10111111111111111
