VehicleMission:0.5933333333333334
RoverMission:0.5033333333333333
Trade:0.36
