PlugInManager:0.45
SaveImageAsSVGPlugIn:0.29333333333333333
JUMPWorkbench:0.29333333333333333
SelectRasterImageFilesPanel:0.22
