QuestionForm:0.6441111111111112
GroupAction:0.3293333333333333
