IModelRetrievalHandler:0.5752380952380953
DataExtractorService:0.3466666666666667
OutgoingBatchService:0.31
DataService:0.24
IDataService:0.235
