Item:0.6230555555555557
LongComparator:0.09666666666666666
ImportExample:0.08666666666666667
