OsgiBundleXmlApplicationContext:0.61
TrackingUtil:0.45666666666666667
OsgiServiceHandler:0.24333333333333335
