SubprocessDefinition:0.62
GraphElement:0.4
ProcessCache:0.38333333333333336
ExportParWizardPage:0.2511111111111111
WorkspaceOperations:0.2325
SetEmbeddedSubprocessAction:0.22666666666666666
DesignerGraphicalEditorPart:0.22444444444444447
DesignerPaletteRoot:0.22333333333333333
DiagramFeatureProvider:0.21666666666666667
GEFProcessEditor:0.1811111111111111
