ClientHttpRequest:0.5933333333333334
Mail:0.37333333333333335
WebsiteURLDAOImpl:0.30666666666666664
Newsletter:0.27666666666666667
