Option:0.4666666666666667
IntMap:0.3433333333333333
AbstractMapTest:0.2866666666666667
Queue:0.2733333333333333
OptionTest:0.22666666666666666
HashSet:0.22333333333333333
HashMap:0.20583333333333337
TreeMap:0.20583333333333337
