RubyType:0.5933333333333334
RubyMethod:0.5366666666666666
