StepExecutionDao:0.57
StepDao:0.54
StepInstanceDao:0.345
SimpleJobRepository:0.31333333333333335
JdbcJobDao:0.28583333333333333
AbstractStepDaoTests:0.2733333333333333
SimpleStepExecutorTests:0.17666666666666667
SimpleJobRepositoryTests:0.17
JdbcStepDaoPrefixTests:0.16333333333333333
JdbcStepDaoTests:0.16333333333333333
JdbcStepExecutionDao:0.15
AbstractJdbcBatchMetadataDao:0.13666666666666666
JdbcStepInstanceDao:0.13
StepExecutorInterruptionTests:0.10333333333333333
