DefinitionHelper:0.7333333333333333
BuildDefinitionDivs:0.5
ManageDefinitionsController:0.33666666666666667
