RouteGuideClient:0.3933333333333333
HelloWorldClient:0.37
CustomHeaderClient:0.27
CompressingHelloWorldClient:0.18333333333333332
