SeleniumTestCase:0.4111111111111111
MultiBuildLoopTest:0.36333333333333334
BuildDetailTest:0.34
