Preferences:0.9083333333333333
LayerProducer:0.2966666666666667
