CreoleRegister:0.8533333333333334
CreoleRegisterImpl:0.6158333333333333
