DrawableFeatureSet:0.32611111111111113
DrawableSeqFeature:0.3233333333333333
ApolloPanel:0.30333333333333334
StrandedZoomableApolloPanel:0.30333333333333334
CORBAAdapter:0.21333333333333335
TierProperty:0.19666666666666666
AnnotationEditor:0.18333333333333332
