Callback:0.4766666666666667
ReportDescendants:0.4166666666666667
ReportView:0.29
