DBCollection:0.43333333333333335
Index:0.2955555555555555
DBCollectionTest:0.08
