SPORule:0.8366666666666667
PositiveCondition:0.30333333333333334
