Importer:0.5166111111111111
ImportRetailerConfiguration:0.48
AbstractRetailerImporter:0.37666666666666665
ImportRetailer:0.29
CSVRetailerImporter:0.13333333333333333
