AzureDiscoveryClusterFormationTests:0.4533333333333333
GceDiscoverTests:0.39666666666666667
AzureDiscoveryPlugin:0.328
GceDiscoveryPlugin:0.32133333333333336
Ec2DiscoveryPlugin:0.17666666666666667
AbstractAzureComputeServiceTestCase:0.16666666666666666
