CertificateChainCleaner:0.46577777777777785
CertificateChainCleanerTest:0.4
AndroidTrustRootIndex:0.3875396825396825
