AutotextTableModel:0.16122356
AutotextPair:0.06939112
