Capabilities:0.5033333333333333
URLWizardPanel:0.4033333333333333
MapRequest:0.2833333333333333
WMService:0.27
EditWMSQueryPanel:0.19416666666666665
URLComboBoxEditor:0.13666666666666666
