IIncomingTransport:0.5506785714285714
DataLoaderService:0.42333333333333334
FileIncomingTransport:0.23666666666666666
InternalIncomingTransport:0.20666666666666667
HttpIncomingTransport:0.12
