HyperLogLogType:0.22333333333333333
ArrayType:0.20666666666666667
VarbinaryType:0.20666666666666667
VarcharType:0.20666666666666667
RowType:0.20666666666666667
JsonType:0.19666666666666666
MapType:0.19666666666666666
