QRCode:0.5366666666666666
MatrixUtil:0.37666666666666665
Encoder:0.35
