Builder:0.5
InMemoryLookupTable:0.37833333333333335
CBOW:0.27666666666666667
