Duration:0.66
DurationSplitter:0.3466666666666667
TimeUtilityException:0.29333333333333333
