Channels:0.8533333333333334
TransformingReceivePort:0.2866666666666667
TransformingChannelTest:0.15
