StepExecution:0.9033333333333333
JdbcStepExecutionDao:0.4066666666666667
AbstractStepExecutionDaoTests:0.30666666666666664
StepExecutionRowMapper:0.10555555555555556
