DefaultBroadcaster:0.48
DefaultBroadcasterCache:0.3933333333333333
BroadcasterCache:0.3933333333333333
AbstractBroadcasterCache:0.36666666666666664
BroadcasterConfig:0.32
Message:0.29333333333333333
AbstractBroadcasterProxy:0.22333333333333333
HeaderBroadcasterCache:0.10666666666666667
SessionBroadcasterCache:0.04666666666666667
