ExtractorSWF:0.4766666666666667
CustomSWFTags:0.31444444444444447
CrawlUriSWFAction:0.31
