Channels:0.65
TransformingSendPort:0.3566666666666667
TransformingReceivePort:0.33
DelegatingReceivePort:0.20666666666666667
