time:0.5283333333333333
InternalTables1:0.43
RowIdHandler:0.20333333333333334
PyBeanProperty:0.19
