JAttr:0.6473333333333333
StateDisplay:0.6266666666666667
