Result:0.8633333333333333
Cursor:0.53
ResultImpl:0.5166666666666667
AbstractResultQuery:0.24666666666666667
ResultQuery:0.23666666666666666
CursorImpl:0.21666666666666667
AbstractDelegatingSelect:0.21666666666666667
jOOQAbstractTest:0.15
