JobRepositoryFactoryBean:0.64
MapJobRepositoryFactoryBean:0.4166666666666667
JobRepositoryFactoryBeanTests:0.3566666666666667
AbstractJobRepositoryFactoryBean:0.26
MapJobRepositoryFactoryBeanTests:0.016666666666666666
