Frontier:0.5666666666666667
KeyedQueue:0.5366666666666666
