Resupply:0.4033333333333333
Flyout:0.33
Airlock:0.33
Walk:0.2966666666666667
Robot:0.29333333333333333
MainScene:0.27666666666666667
EnterAirlock:0.22833333333333333
ScheduleTableModel:0.16333333333333333
ZoomSlider:0.16
Preference:0.15
TransportWizard:0.12444444444444445
ConstructionWizard:0.12333333333333334
Test:0.016666666666666666
FlyoutDemo:0.0033333333333333335
PanBackground:0.0
