EntryListenerFactory:0.5833333333333334
CacheConfig:0.5233333333333333
AbstractHazelcastCacheManager:0.30333333333333334
EntryListener:0.11333333333333333
CacheConfigTest:0.07
