SubjectMatchFieldsDAO:0.6
SubjectDAO:0.5333333333333333
PersistenceManager:0.48333333333333334
