Builder:0.3
ReuseExecutor:0.25666666666666665
StatementLogger:0.24333333333333335
SimpleExecutor:0.23666666666666666
BatchExecutor:0.21333333333333335
PreparedStatementLogger:0.21333333333333335
ConnectionLogger:0.21333333333333335
BaseJdbcLogger:0.20333333333333334
MappedStatement:0.19333333333333333
BaseExecutor:0.19
ResultSetLogger:0.17333333333333334
