SPOEvent:0.5166666666666667
SPORule:0.47333333333333333
DefaultApplication:0.2966666666666667
MinimalAnchorFactory:0.21
CompositeEvent:0.18333333333333332
AnchorFactory:0.1162777777777778
