DataService:0.3933333333333333
IDataService:0.28
MockDataService:0.2633333333333333
PushHeartbeatListener:0.24666666666666667
