ProgressBar:0.63
SVGView:0.52
Toolbar:0.31333333333333335
WidgetsActivity:0.23666666666666666
SnackbarActivity:0.18
PowerMenuActivity:0.11333333333333333
