Log:0.6516666666666666
LogTest:0.25333333333333335
