Calculator:0.7133333333333334
FunctionBody:0.5486666666666666
FunctionsTest:0.26666666666666666
