RangeTests:0.30666666666666664
HistogramTests:0.3
LongTermsTests:0.2866666666666667
DoubleTermsTests:0.2866666666666667
StringTermsTests:0.2733333333333333
