LookupSource:0.7866666666666666
HashBuilderOperator:0.3933333333333333
LookupJoinOperator:0.32
EmptyLookupSource:0.25333333333333335
JoinHash:0.25333333333333335
PartitionedLookupSource:0.22377777777777774
PartitionedLookupSourceFactory:0.21
LookupSourceLease:0.2
OuterLookupSource:0.19444444444444445
LookupSourceFactory:0.17833333333333334
TestHashJoinOperator:0.17666666666666667
IndexLookupSource:0.1409920634920635
SpilledLookupSource:0.13666666666666666
SpillAwareLookupSourceProvider:0.10888888888888888
SpillInfoSnapshot:0.08333333333333333
IndexLookupSourceFactory:0.07333333333333333
JoinStatisticsCounter:0.04666666666666667
SpillAwareLookupSourceLease:0.04
BuildSideSetup:0.02666666666666667
SpillingInfo:0.023333333333333334
SavedRow:0.016666666666666666
SimpleLookupSourceLease:0.0033333333333333335
