IStructuredbManager:0.6966666666666667
StructuredbManager:0.54
StructuredbManagerTest:0.27
Structuredb:0.25333333333333335
RemoveAnnotationAction:0.17666666666666667
RemoveDatabaseAction:0.16333333333333333
