InformationSchemaTest:0.6233333333333333
ViewInfo:0.25666666666666665
InformationSchemaIterables:0.25
InformationSchemaInfo:0.19666666666666666
TableSettingsTest:0.18
InformationTableInfo:0.16666666666666666
