SoloServletListener:0.7366666666666667
Skins:0.59
PreferenceConsole:0.33666666666666667
IndexProcessor:0.23666666666666666
