MetaData:0.6877777777777778
Element:0.30742063492063487
