InternalKeyBindingTrustEntry:0.44
InternalKeyBindingMgmtSessionBean:0.33
InternalKeyBindingMBean:0.2966666666666667
InternalKeyBindingDataSessionBean:0.29333333333333333
OcspKeyRenewalSessionBean:0.25
OcspResponseGeneratorSessionBean:0.22222222222222224
StandaloneOcspResponseGeneratorSessionTest:0.19
InternalKeyBindingDataSessionLocal:0.15833333333333333
InternalKeyBindingListCommand:0.12666666666666668
InternalKeyBindingMgmtSessionLocal:0.013333333333333334
