EnableDisable:0.8433333333333334
TrackerPlugin:0.19666666666666666
