FlowExecutionPropertyResolver:0.6277777777777778
DelegatingFlowVariableResolver:0.4382222222222221
