Store:0.571888888888889
Actor:0.5266666666666666
GlxGlobalRegistry:0.3
ActorRef:0.29
GlxGlobalRemoteActor:0.23388888888888887
LocalActorRegistry:0.19333333333333333
RemoteChannelReceiver:0.17833333333333334
StoreImpl:0.1761111111111111
Grid:0.13
GlxMigrator:0.12333333333333334
ActorRegistry:0.10111111111111112
CacheEntry:0.07333333333333333
LazyHolder:0.023888888888888887
