JGraph:0.49333333333333335
JModel:0.4
LTSJVertex:0.2733333333333333
VisualMap:0.24333333333333335
MyRenderer:0.23583333333333334
LTSJEdge:0.235
MultiLabel:0.22
AspectJObject:0.21666666666666667
JVertexView:0.2
LTSJGraph:0.18333333333333332
JGraphPanel:0.17666666666666667
LabelValue:0.16666666666666666
MyEdgeRenderer:0.10333333333333333
