KeyTools:0.7433333333333333
RequestInstance:0.33
FileTools:0.31333333333333335
CertReqServlet:0.12666666666666668
