MockWebServer:0.53
Dispatcher:0.4322222222222223
MockWebServerTest:0.39666666666666667
QueueDispatcher:0.36333333333333334
