CollectionContainer:0.3811111111111111
ListTest:0.35
CollectionDataSerializerHook:0.30666666666666664
ListContainer:0.2833333333333333
ListProxyImpl:0.19
