Cell:0.5833333333333334
Folder:0.5366666666666666
