DefaultAtmosphereObjectFactory:0.5066666666666667
HeaderConfig:0.2881666666666666
QueryStringTest:0.25666666666666665
JavaScriptProtocol:0.19666666666666666
AtmosphereSessionTest:0.16333333333333333
