EncoderConfig:0.47333333333333333
MockMvcRequestSpecificationImpl:0.3333333333333333
MockMvcRequestSenderImpl:0.2633333333333333
RequestSpecMergingITest:0.24666666666666667
LogIfValidationFailsITest:0.23333333333333334
LoggingITest:0.21666666666666667
ContentTypeITest:0.20666666666666667
EncoderRegistry:0.20666666666666667
ContentTypeTest:0.04666666666666667
