DoubleStreamReader:0.12666666666666668
TimestampStreamReader:0.12666666666666668
FloatStreamReader:0.12666666666666668
LongDictionaryStreamReader:0.12666666666666668
ByteStreamReader:0.12666666666666668
SliceDictionaryStreamReader:0.12666666666666668
BooleanStreamReader:0.12666666666666668
LongDirectStreamReader:0.12666666666666668
SliceDirectStreamReader:0.12666666666666668
