QueryRunner:0.5766666666666667
ClientOptions:0.5638055555555556
Console:0.42
