PostgisFeatureInputStream:0.5366666666666666
RunDatastoreQueryPlugIn:0.37833333333333335
