CommandResult:0.49
ReplyMessage:0.34
ResponseBuffers:0.2966666666666667
CommandResultTest:0.24333333333333335
ServerMonitor:0.24
WriteProtocol:0.21666666666666667
WriteCommandProtocol:0.19
BaseWriteOperation:0.19
CommandHelper:0.18333333333333332
CommandProtocol:0.18333333333333332
InternalStreamConnection:0.18
CreateIndexesOperation:0.12666666666666668
ReplyMessageTest:0.12333333333333334
CommandResultBaseCallback:0.09666666666666666
ResponseHeaderCallback:0.04
