Vertx:0.67
VertxImpl:0.39666666666666667
DeploymentTest:0.30666666666666664
DeploymentManager:0.23
