DependencyServiceManager:0.6308333333333334
AsynchServiceDependencyApplicationContextExecutor:0.4066666666666667
ContextLoaderListenerTest:0.23
