IndexShardRoutingTable:0.48333333333333334
ShardStateInfo:0.48
LocalGatewayShardsState:0.4066666666666667
ElasticsearchTestCase:0.22666666666666666
NodeEnvironmentTests:0.21861111111111114
