MethodNameMethodMatcher:0.45133333333333336
NegatingMethodMatcher:0.31666666666666665
MethodMatchersTest:0.31666666666666665
LoadedSuperclassDynamicTypeBuilder:0.25
Invocation:0.22666666666666666
AbstractTypeDescription:0.20666666666666667
DeclaringTypeMethodMatcher:0.09666666666666666
OverridableMethodMatcher:0.04666666666666667
IsMethodMethodMatcher:0.04666666666666667
ExceptionMethodMatcher:0.04666666666666667
DefaultFinalizeMethodMatcher:0.04666666666666667
MethodSignatureMethodMatcher:0.043333333333333335
ParameterTypeMatcher:0.043333333333333335
ReturnTypeMatcher:0.043333333333333335
BooleanMethodMatcher:0.043333333333333335
ConstructorEqualityMethodMatcher:0.043333333333333335
MethodEqualityMethodMatcher:0.043333333333333335
ModifierMethodMatcher:0.043333333333333335
MethodDescriptionMatcher:0.043333333333333335
PackageNameMethodMatcher:0.043333333333333335
