OpenGL:0.7752777777777778
Speed:0.5703333333333334
