SimpleValue:0.6516666666666666
SequenceStructure:0.41
TableStructure:0.30333333333333334
