TableNotFoundException:0.44333333333333336
HiveClient:0.42333333333333334
AbstractTestHiveClient:0.37666666666666665
CachingHiveMetastore:0.21333333333333335
