Analysis:0.6166666666666667
DATDictionary:0.39666666666666667
IndexAnalysisTest:0.3566666666666667
BaseAnalysis:0.30666666666666664
Graph:0.27
RealWordDemo:0.13333333333333333
TestError:0.10333333333333333
