RunMethod:0.8666666666666667
Min:0.3233333333333333
Max:0.3233333333333333
Trim:0.3233333333333333
CustomMake:0.3233333333333333
