PropertyFile:0.8516666666666667
MediaRenderer:0.21333333333333335
