RestSQLAction:0.6066666666666667
RestSQLActionIntegrationTest:0.38
SQLHttpIntegrationTest:0.33666666666666667
