BasicDBObjectBuilder:0.7233333333333334
DBCursor:0.5555555555555555
DBTest:0.17666666666666667
