XmlFlowBuilder:0.5
FlowExecutionManager:0.26666666666666666
ActionTransitionCriteria:0.17
XmlFlowBuilderTests:0.17
TextToTransitionCriteriaTests:0.14333333333333334
TextToTransitionCriteria:0.11766666666666666
BaseConverter:0.11666666666666667
TransitionCriteriaChain:0.11666666666666667
TextToViewDescriptorCreator:0.08766666666666667
BaseConverterTests:0.07333333333333333
FlowScopeExpression:0.0675
TextToExpression:0.016666666666666666
FlowConversionService:0.008
TextToFlowExecutionListenerCriteria:0.006666666666666667
WebFlowDtdResolver:0.0
