InsnDecoder:0.44
ModVisitor:0.31666666666666665
ReSugarCode:0.26666666666666666
ConstInlinerVisitor:0.25333333333333335
