ConfigDialog:0.7916666666666666
Config:0.6277380952380953
