ShadowAccessibilityNodeInfo:0.52
RoboWebSettings:0.2966666666666667
ByteBuffer:0.29333333333333333
BuckManifestFactory:0.25
ShadowLocationManager:0.23333333333333334
