OkHttpClientStream:0.4266666666666667
OkHttpClientTransport:0.31
Http2ClientStream:0.25666666666666665
ClientFrameHandler:0.2377777777777778
OkHttpClientTransportTest:0.21333333333333335
