DbNodeEntry:0.5838888888888889
DiscoveryConfigFactory:0.29
BroadcastEventProcessor:0.27
ActionDiscoveryServlet:0.21333333333333335
GeneralSettingsLoader:0.07666666666666666
ModifyDiscoveryConfigurationServlet:0.004722222222222221
