ExecutorLogic:0.575
TaskLogic:0.38333333333333336
RemoveUnusedTemporaryGroupsExecutor:0.25333333333333335
