XmlFlowBuilder:0.5133333333333333
FlowAction:0.43666666666666665
FlowExecutionEntry:0.22666666666666666
TextToTransitionCriteria:0.18666666666666668
