AddHydrogenEdit:0.6883333333333334
HydrogenAdder:0.5555555555555556
