Http2ServerResponseImpl:0.5033333333333333
Http2ServerRequestImpl:0.36666666666666664
VertxHttp2Handler:0.3233333333333333
HttpServerResponseImpl:0.32
HttpServerResponse:0.32
HttpServerRequestImpl:0.29333333333333333
HttpServerRequest:0.23805555555555558
