SqlHelper:0.4266666666666667
ChildDownloadListener:0.41
DownloadTarget:0.38333333333333336
DownloadReceiver:0.26
DownloadGroupUtil:0.25666666666666665
DownloadGroupActivity:0.17
AriaConstance:0.0
