Field:0.5166666666666667
RecordType:0.42333333333333334
AbstractRecord:0.23
ObjectArrayField:0.21333333333333335
ArrayField:0.21333333333333335
ObjectField:0.21333333333333335
CharArrayField:0.2
BooleanArrayField:0.2
FloatArrayField:0.2
DoubleArrayField:0.2
IntField:0.2
IntArrayField:0.2
ShortArrayField:0.2
FloatField:0.2
LongField:0.2
BooleanField:0.2
ByteArrayField:0.2
LongArrayField:0.2
CharField:0.2
ByteField:0.2
ShortField:0.2
DoubleField:0.2
ScalarField:0.0
