Types:0.5233333333333333
MethodInfo:0.3983333333333333
