DashboardService:0.5755555555555555
ReportModel:0.5433333333333333
DynamicDisplayPage:0.23333333333333334
CreateOrEditReportForm:0.1577777777777778
AddGroupForm:0.12333333333333334
