OracleDataStore:0.7033333333333334
DatabaseDocumentImpl:0.5933333333333334
