Principal:0.5166666666666667
ObjectKeys:0.5011111111111112
BasicIndexUtils:0.42333333333333334
EntityIndexUtils:0.4066666666666667
WorkAreaOperation:0.36666666666666664
AccessControlManager:0.2980555555555555
AccessControlManagerImpl:0.26666666666666666
QueryBuilder:0.23666666666666666
AccessUtils:0.23333333333333334
ProfileModuleImpl:0.22333333333333333
ZoneModuleImpl:0.22
SSStatefulJob:0.21666666666666667
AjaxController:0.21333333333333335
FilterHelper:0.2
ProfileDaoImpl:0.19666666666666666
ProfileIndexUtils:0.195
DefaultProfileCoreProcessor:0.19333333333333333
