PortletResultTest:0.465
PortletResult:0.4633333333333333
PortletVelocityResult:0.44666666666666666
PortletFreemarkerResult:0.3466666666666667
