SelectAnalyzerTest:0.5866666666666667
InformationSchemaTest:0.3433333333333333
RowsResponseBuilder:0.28355555555555556
CrateClientTest:0.23333333333333334
SortSymbolValidator:0.15
RowsResponseBuilderTest:0.13
