TXLog:0.5866666666666667
BasicBlobStoreSession:0.38333333333333336
TXLogWriter:0.32666666666666666
SimpleTXLogWriter:0.30333333333333334
VacuumEntry:0.2633333333333333
FileVacuumManager:0.22666666666666666
FileTXLog:0.21666666666666667
VacuumManager:0.19666666666666666
DirtyConsolidator:0.17422222222222225
VacuumEntryIterator:0.08
