RemoteResponseParsers:0.66
MainResponse:0.6566666666666666
MainActionTests:0.38333333333333336
RestMainActionTests:0.2633333333333333
