SqlScript:0.52
OracleSqlScript:0.43666666666666665
SqlScriptSmallTest:0.2633333333333333
OracleSqlScriptSmallTest:0.25666666666666665
H2SqlScript:0.16666666666666666
DerbySqlScript:0.16666666666666666
MySQLSqlScript:0.13666666666666666
PostgreSQLSqlScript:0.08333333333333333
SQLServerSqlScript:0.06333333333333334
HsqlSqlScript:0.03333333333333333
