SemiJoinNode:0.49
TestEffectivePredicateExtractor:0.24666666666666667
Rewriter:0.22333333333333333
InPredicateRewriter:0.12333333333333334
