BinaryHeap:0.6680555555555555
BinarySearchTree:0.5333333333333333
