CasWebflowContextConfiguration:0.6833333333333333
CasWebflowConstants:0.47560317460317453
LogoutActionTests:0.2633333333333333
FrontChannelLogoutActionTests:0.14666666666666667
