ChronicleMapBuilder:0.7966666666666666
SerializationBuilder:0.5433333333333333
ChronicleSetBuilder:0.30666666666666664
