Data:0.66
Packet:0.44583333333333336
Protocol:0.27
EventPacketProcessor:0.13666666666666666
RemoteOperationProcessor:0.13
ObjectDataTest:0.08333333333333333
BufferWriterIterator:0.018611111111111113
