MvcViewFactoryCreator:0.5633333333333334
MvcViewFactoryTests:0.5266666666666666
