RegisteredServiceAccessStrategy:0.6266666666666667
DefaultRegisteredServiceAccessStrategyTests:0.56
JRadiusServerImpl:0.27
RadiusClientFactory:0.11666666666666667
