HMACAuthenticationModule:0.685
CrmfKeyUpdateHandler:0.42333333333333334
CrmfMessageHandler:0.30333333333333334
