Scope:0.63
CAnalyzerFactoryTest:0.1841111111111111
CxxAnalyzerFactoryTest:0.1841111111111111
CSharpAnalyzerFactoryTest:0.1841111111111111
JavaAnalyzerFactoryTest:0.1841111111111111
ScopesTest:0.11666666666666667
