Request:0.84
ConcurrentDocumentManager:0.31333333333333335
ConcurrentManager:0.2928174603174603
EditorManager:0.28
JupiterDocumentServer:0.2633333333333333
SharedProject:0.21333333333333335
RequestImpl:0.2
ActivitySequencer:0.15
IRequestManager:0.0011111111111111111
