ValidatingResource:0.2966666666666667
BootstrapTest:0.24666666666666667
ConstraintMessage:0.23666666666666666
ConstraintViolationExceptionMapperTest:0.19666666666666666
MustacheViewRenderer:0.18666666666666668
FreemarkerViewRenderer:0.18666666666666668
ViewMessageBodyWriter:0.185
LoggingExceptionMapper:0.18333333333333332
FileAppenderFactory:0.18
AuthValueFactoryProvider:0.11333333333333333
FreemarkerViewRendererTest:0.1
MustacheViewRendererTest:0.1
ExampleResource:0.09333333333333334
AuthBaseResourceConfig:0.08
LoggingExceptionMapperTest:0.06333333333333334
FileAppenderFactoryTest:0.043333333333333335
ExceptionResource:0.019166666666666665
