PluginInfo:0.5733333333333334
CruiseControlConfig:0.42
ProjectConfig:0.33
PluginRegistry:0.2966666666666667
CruiseControlMBean:0.24666666666666667
ConfigHtmlGenerator:0.22666666666666666
HtmlUtils:0.22666666666666666
PluginInfoParser:0.22333333333333333
CruiseControlControllerJMXAdaptor:0.18333333333333332
CruiseControlControllerJMXAdaptorMBeanDescription:0.14333333333333334
MemberInfo:0.13666666666666666
ChildInfo:0.10333333333333333
PluginIterator:0.04
ConfigHtmlGeneratorTest:0.03861111111111112
AttributeInfo:0.023333333333333334
HtmlUtilsTest:0.016666666666666666
PluginInfoParsingException:0.0
