SimpleDrawingView:0.6877777777777778
SimpleXmlIO:0.4066666666666667
