ConfiguredClass:0.8366666666666667
EmbeddedClass:0.2633333333333333
