UrlManager:0.49
CommandLine:0.44666666666666666
DatabaseManager:0.4166666666666667
