FakeView:0.6516666666666666
FakeViewGroup:0.36333333333333334
FakeListActivity:0.22666666666666666
