SchemaLoader:0.6466666666666666
LuceneSearcher:0.47611111111111104
SimpleContentEntry:0.42380555555555555
