NumberLiteral:0.44
StatementGeneratorTest:0.41333333333333333
StatementGenerator:0.37
TreeUtil:0.3233333333333333
InitializationNormalizer:0.18666666666666668
OuterReferenceFixer:0.18666666666666668
