HtmlSelectTest:0.5016666666666667
HtmlFrameSetTest:0.39111111111111113
MalformedHtmlTest:0.2833333333333333
