ClassTestExecutionNode:0.7033333333333334
InstancePerClassTestCase:0.18666666666666668
InstancePerMethodTestCase:0.18666666666666668
ClassLevelCallbackTests:0.14666666666666667
