AuthenticationMechanismBeanDefinitionParser:0.5366666666666666
BeanDefinitionParserUtils:0.49666666666666665
LdapAuthenticationProviderBeanDefinitionParserTests:0.37666666666666665
