BuchiGraph:0.44666666666666666
LTL2BuchiGraphTest:0.3233333333333333
BuchiLocation:0.29
BuchiTransition:0.28
BuchiLabel:0.07333333333333333
