MongoAsynchronousSocketChannelGateway:0.22333333333333333
Fixture:0.21
NativeAuthenticator:0.10211111111111111
CachingAuthenticator:0.04666666666666667
SaslAuthenticator:0.03333333333333333
Authenticator:0.023333333333333334
DatabaseTestCase:0.016666666666666666
