Messages:0.9466666666666667
Saros:0.5266666666666666
SarosSession:0.4633333333333333
User:0.43666666666666665
SharedProject:0.30333333333333334
EnterProjectNamePage:0.2733333333333333
NetworkPreferencePage:0.24333333333333335
GeneralPreferencePage:0.24
SarosSessionManager:0.24
IncomingProjectNegotiation:0.23333333333333334
IMBeepAction:0.23
JoinSessionWizard:0.23
ChatRoomsComposite:0.22666666666666666
AddXMPPAccountWizard:0.22666666666666666
EnterXMPPAccountWizardPage:0.22666666666666666
ChangeXMPPAccountAction:0.22333333333333333
InvitationWizard:0.22
SarosResourceSelectionPage:0.21333333333333335
ResourceSelectionComposite:0.21
ProjectSelectionComposite:0.21
SarosUI:0.20333333333333334
ChatDisplay:0.20333333333333334
CommunicationPreferencePage:0.20333333333333334
CollaborationUtils:0.19666666666666666
PauseVideoSessionAction:0.19666666666666666
CreateXMPPAccountWizardPage:0.19666666666666666
BuddySelectionComposite:0.19444444444444445
DeleteContactAction:0.19333333333333333
CreateXMPPAccountWizard:0.19
AddProjectToSessionWizard:0.19
ReceiveFileJob:0.19
FollowModeAction:0.19
RosterEntryElement:0.19
AddBuddyWizardPage:0.18666666666666668
ConfigurationSettingsWizardPage:0.18666666666666668
VideoSharingAction:0.18666666666666668
VideoPlayerView:0.18555555555555556
OverwriteErrorDialog:0.18333333333333332
VoIPAction:0.18
VideoCanvas:0.18
ExplanatoryComposite:0.18
PartialProjectSelectionDialog:0.17444444444444446
ChangeColorManager:0.17333333333333334
RosterHeaderElement:0.17333333333333334
RenameContactAction:0.17
OutgoingProjectJob:0.17
OutgoingInvitationJob:0.17
ConnectionTestAction:0.17
SessionHeaderElement:0.16666666666666666
ProjectShareBuddies:0.16666666666666666
ProjectSelectionWizardPage:0.16333333333333333
ProjectShareProjects:0.16333333333333333
BuddySelectionWizardPage:0.16333333333333333
UPnPUIUtils:0.16
GettingStartedWizard:0.15666666666666668
LocalPresenceTracker:0.15666666666666668
LeaveSessionAction:0.15333333333333332
ConnectionStateComposite:0.15333333333333332
AdvancedPreferencePage:0.15333333333333332
ConfigurationSummaryWizardPage:0.15333333333333332
ConsistencyAction:0.15333333333333332
ChangeSourceModeAction:0.15
StopVideoSessionAction:0.15
SendFileJob:0.15
ProjectsAddedManager:0.14666666666666667
JumpToUserWithWriteAccessPositionAction:0.14666666666666667
NewContactAction:0.14666666666666667
ScanRunner:0.13333333333333333
SendFileAction:0.13333333333333333
SubscriptionManager:0.13
SendFileStreamService:0.13
PermissionManager:0.13
InvitationWizardUserSelectionPage:0.12333333333333334
ErrorMessageDialog:0.12
FollowThisPersonAction:0.10666666666666667
RemoteProgressManager:0.10666666666666667
UserListLabelProvider:0.10333333333333333
ChangeColorAction:0.1
SkypeAction:0.08666666666666667
ShowDescriptionPage:0.08
StoppedAction:0.06666666666666667
UserElement:0.06
RestrictToReadOnlyAccessAction:0.043333333333333335
GiveWriteAccessAction:0.043333333333333335
