RearrangementLonePairReaction:0.6
RearrangementLonePairReactionTest:0.4166666666666667
MreactionTests:0.2866666666666667
RearrangementChargeMechanism:0.2777777777777778
