StoringValuesTests:0.59
PotentiallyIncompatibleTypeMethodInjectionTestCase:0.2608333333333333
PrimitiveIntegerParameterResolver:0.14333333333333334
NumberParameterResolver:0.14333333333333334
