Inspector:0.5433333333333333
SCInspector:0.3233333333333333
Source:0.25333333333333335
UIInspector:0.23666666666666666
LogManager:0.19666666666666666
LogHandler:0.15666666666666668
