Transition:0.43666666666666665
PassedTransition:0.39666666666666667
JbpmExecutionLogic:0.38
GraphSession:0.3466666666666667
RestorePassedTransitionsFromLog:0.03
RestoreJobsFromLog:0.013333333333333334
