HazelcastCache:0.42333333333333334
ProxyHelper:0.33666666666666667
ConnectionManagerTest:0.32666666666666666
HazelcastClientTest:0.31666666666666665
HazelcastClientMapTest:0.2866666666666667
TestFullApplicationContext:0.27
ClusterClientProxy:0.21666666666666667
TransactionUtil:0.19666666666666666
MapGetHandler:0.18333333333333332
AbstractHazelcastRegion:0.17
ClientCommandService:0.1613888888888889
HazelcastTimestamper:0.15833333333333333
