IPackageExplorerView:0.56
FileList:0.5
SharedProject:0.41
Saros:0.4
MetaData:0.35883333333333334
BasicWidgetTreeTest:0.27666666666666667
DataTransferManager:0.27666666666666667
SarosConditions:0.25333333333333335
SharedResourcesManager:0.23666666666666666
SarosProjectMapper:0.23666666666666666
IActivityReceiver:0.23
EnterProjectNamePage:0.23
AbstractActivityReceiver:0.23
IContextMenusInPEView:0.23
PackageExplorerView:0.22
ContextMenusInPEView:0.22
MenuRefactorTest:0.21666666666666667
FileListTest:0.21333333333333335
AddProjectToSessionWizard:0.19
OutgoingProjectNegotiation:0.17333333333333334
ToStringResourceDeltaVisitor:0.16333333333333333
FileListFactory:0.16
PreferenceUtils:0.15666666666666668
ResourceActivityFilter:0.15666666666666668
IncomingProjectNegotiation:0.15
PreferenceInitializer:0.12333333333333334
ActivitiesExtensionProvider:0.11333333333333333
