TextField:0.5066666666666667
BitmapFont:0.5066666666666667
