LandingPageEditor:0.4033333333333333
DropWidget:0.32
EnhancedViewWidgetDlgBox:0.31333333333333335
FolderWidgetDlgBox:0.29333333333333333
LinkToEntryWidgetDlgBox:0.27666666666666667
LinkToFolderWidgetDlgBox:0.27666666666666667
EntryWidgetDlgBox:0.27666666666666667
CustomJspWidgetDlgBox:0.20666666666666667
