LagartoParser:0.2866666666666667
LagartoParserTest:0.2733333333333333
EmptyTagVisitor:0.2442063492063492
TagVisitor:0.2442063492063492
TagWriter:0.20666666666666667
XmlDeclaration:0.1663888888888889
LagartoDOMBuilderTagVisitor:0.16333333333333333
TagAdapter:0.13666666666666666
TagAdapterWrapper:0.12333333333333334
TagWriterUtil:0.05
ScriptEscape:0.0
