PassiveStatusKeeper:0.7
PassiveStatusd:0.43333333333333335
PassiveStatusdMBean:0.195
PassiveStatusKeeperTest:0.056666666666666664
