STF:0.8066666666666666
State:0.5566666666666666
Wait:0.5566666666666666
SessionViewImp:0.5533333333333333
ContextMenuWrapper:0.5433333333333333
SessionView:0.5433333333333333
SarosContextMenuWrapper:0.5233333333333333
RosterView:0.5216666666666666
SarosBot:0.5216666666666666
ContextMenuWrapperImp:0.31
SarosBotImp:0.30666666666666664
TestSVNStateInitialization:0.30333333333333334
STFTest:0.3
TestSessionView:0.2733333333333333
StateImp:0.27
TestEditorByAliceAndBob:0.26
SarosContextMenuWrapperImp:0.24
WaitImp:0.23333333333333334
TestSVNStateUpdates:0.22666666666666666
TestRosterView:0.22666666666666666
MakeOperationConcurrently:0.22666666666666666
TestUserWithWriteAccessSavesFiles:0.22333333333333333
PEViewImp:0.20666666666666667
TestShare2UsersSequentially:0.2
RosterViewImp:0.2
TestShare3UsersSequentially:0.18666666666666668
TestShare3UsersConcurrently:0.18666666666666668
ChatViewImp:0.18666666666666668
TestCreatingNewFile:0.18333333333333332
TestBasicWidgetsTable:0.16666666666666666
TestFollowMode:0.16333333333333333
TestUserWithWriteAccessResetsFiles:0.14
STFController:0.12333333333333334
TestEditDuringInvitation:0.11333333333333333
TestParallelInvitationWithTerminationByInvitees:0.1
RSViewImp:0.0911111111111111
ConsoleViewImp:0.09
ProgressViewImp:0.07777777777777778
EclipseComponentImp:0.07333333333333333
TestWriteAccessChangeAndImmediateWrite:0.03
AllSTFTestsWith5Testers:0.0
