AbstractStatisticsViewController:0.525
AbstractStatisticsViewControllerConfiguration:0.24
GroupAnalysisViewReportController:0.21666666666666667
OverViewReportController:0.19666666666666666
TechnicalInformationViewReportController:0.1438888888888889
RefererAnalysisViewReportController:0.1425
UserStatisticsPDFController:0.13733333333333334
UserStatisticsPDFControllerConfiguration:0.11333333333333333
TimeAnalysisViewReportController:0.11333333333333333
