Tuple:0.54
TupleInfo:0.5033333333333333
Dictionary:0.24666666666666667
