AnnotationValue:0.64
AnnotationInvocationHandler:0.4
ByteBuddyCommonsTest:0.2633333333333333
LazyAnnotationDescription:0.21
ForComplexArray:0.17666666666666667
PropertyDispatcherTest:0.17
ByteBuddyCommons:0.16777777777777778
ForAnnotation:0.15666666666666668
ForEnumeration:0.15333333333333332
TypePoolLazyObjectPropertiesTest:0.14666666666666667
Trivial:0.12777777777777777
ForType:0.12777777777777777
