RedissonScoredSortedSet:0.5566666666666666
RScoredSortedSet:0.5561111111111111
RScoredSortedSetAsync:0.37583333333333335
RedissonScoredSortedSetTest:0.17
