GetRecords:0.36
SearchController:0.31333333333333335
Transaction:0.30666666666666664
CatalogSearcher:0.27
