AttributeMetadata:0.7866666666666666
ClassMetadata:0.35333333333333333
BusinessEntityManager:0.25583333333333336
Util:0.17333333333333334
BusinessEntityManagerImpl:0.17
Main:0.12333333333333334
