Reset:0.6366666666666667
ResetTag:0.36666666666666664
ResetTest:0.21
