QueryCompletionTable:0.7566666666666667
NyuWormRnai:0.4522222222222222
QueryCompTableModel:0.265
