ConnectionContext:0.52
PostgresNetty:0.3433333333333333
ConnectionContextTest:0.24333333333333335
MessageHandler:0.2388888888888889
MessageDecoder:0.22
