LocalCertificateStoreSessionBean:0.38
LocalUserAdminSessionBean:0.33
UserAdminSessionRemoteStub:0.2833333333333333
CaImportCRLCommand:0.09333333333333334
