BindingConverter:0.4533333333333333
TypeUtil:0.39
JdtTypeParameterElement:0.36666666666666664
DummyCaptureEncloser:0.29333333333333333
JdtDeclaredType:0.265
