WorkspaceModule:0.6427777777777778
WorkAreaOperation:0.43833333333333335
BuildDefinitionDivs:0.31
SAbstractForumController:0.30666666666666664
WorkspaceModuleImpl:0.2866666666666667
AddFolderController:0.16
