Util:0.6333333333333333
EditorManager:0.5166666666666667
