JsonArray:0.5566666666666666
JsonObject:0.5566666666666666
Json:0.4511111111111111
JsonObjectTest:0.30333333333333334
JsonArrayTest:0.23
