Matrix4:0.5833333333333334
MathUtils:0.44666666666666666
Quaternion:0.41
Vector3:0.35
Vector2:0.29333333333333333
Matrix3:0.15666666666666668
