MPPSScpService:0.5566666666666666
ContentEditService:0.5333333333333333
MPPSManagerBean:0.24666666666666667
