JSONLexerBase:0.6288888888888888
ResolveTask:0.29333333333333333
