JoinInfo:0.39
Node:0.38666666666666666
LifecycleServiceImpl:0.2544444444444445
ClusterManager:0.17666666666666667
DataHolder:0.14944444444444444
ClusterTest:0.13666666666666666
GroupProperties:0.13
SplitBrainHandler:0.12333333333333334
ConnectionAwareOp:0.09333333333333334
JoinCall:0.03666666666666667
