ReflectionRowBuilder:0.41333333333333333
LogsComparator:0.40303174603174596
CssClassStrategy:0.36892857142857144
ShowHistoryFormTag:0.35333333333333333
JbpmExecutionLogic:0.35333333333333333
ListTasksFormTag:0.31666666666666665
TasksCssClassStrategy:0.25416666666666665
TaskDeadlineTDBuilder:0.18
