FeelComponentUI:0.41305555555555556
Widget:0.35
ARINCCSSDocumentHandler:0.31
MapHorzPanelRenderer:0.2866666666666667
DefaultBinaryExporter:0.24333333333333335
ServerWidgetsHandler:0.24333333333333335
DefaultBinaryDFDecoder:0.23666666666666666
StatefullAPIImpl:0.2111111111111111
PropertyPanelFactory:0.21
ServerXMLSymbolsHandler:0.20666666666666667
ARINCModelFactory:0.205
AbstractClientEngine:0.20333333333333334
PushButtonRenderer:0.20166666666666666
ARINCMapHorzPanel:0.195
DefaultXMLExporter:0.19333333333333333
UIDefinitionParserTest:0.185
BasicServerEngineEncodingTest:0.18333333333333332
BasicServerEngineBinaryEncodingTest:0.13
MapHorzPanel2Test:0.09666666666666666
SynthMapHorzPanelUI:0.07333333333333333
StatefullAPIImplEncodingTest:0.03333333333333333
