Model:0.6433333333333333
PropertyTreeWidget:0.29333333333333333
PathTreeWidget:0.2866666666666667
AdvancedEditor:0.2
