SimpleValue:0.8083333333333333
MapBinder:0.29555555555555546
