JnetManager:0.44666666666666666
ColorManager:0.44333333333333336
ColorObserver:0.33546031746031746
ColorActionListener:0.15666666666666668
JnetColorObserver:0.028333333333333332
