ScaleView:0.48333333333333334
GraphView:0.45666666666666667
GCScoreCalculator:0.4
