Output:0.4766666666666667
Console:0.45
ProcessRunner:0.4266666666666667
ErrorMatcher:0.32
StringList:0.26666666666666666
ConsoleProcess:0.21333333333333335
SystemShell:0.21333333333333335
pwd:0.21333333333333335
ShellState:0.21
ErrorListModel:0.16666666666666666
ErrorMatcherPanel:0.16333333333333333
StreamThread:0.15333333333333332
CommandOutputParser:0.11333333333333333
GeneralOptionPane:0.09
Label:0.07666666666666666
Windows9x:0.043333333333333335
Unix:0.03888888888888889
Generic:0.03888888888888889
WindowsNT:0.01
