MemoryCache:0.43666666666666665
Lifecycle:0.3638888888888889
MetaDataServlet:0.3566666666666667
MemoryCacheFilter:0.18666666666666668
