VariableMapping:0.4766666666666667
Subprocess:0.38
SubprocessDialog:0.38
SubprocessVariableDialog:0.34
MultiInstance:0.24
JpdlSerializer_2:0.18666666666666668
JpdlSerializer_3_2:0.17333333333333334
SubprocessChange:0.17
VariableMappingTableLabelProvider:0.11333333333333333
SubprocessDelegate:0.07333333333333333
MultiInstanceFigure:0.05
NotificationMessages:0.0
