SpectrumChartFactory:0.5783333333333334
PeakSpectrumView:0.4683333333333333
