CtrlState:0.39666666666666667
CtrlBuilder:0.3766666666666666
CtrlAut:0.34
CtrlLexer:0.2733333333333333
CtrlFactory:0.26
CtrlParser:0.22083333333333333
CtrlChecker:0.2016666666666667
