AuditMetadataGenerator:0.5433333333333333
IdMetadataGenerator:0.54
CriteriaTools:0.34833333333333333
