AbstractServerEngine:0.6767777777777778
AbstractClientEngine:0.43711111111111106
