TransportSearchDfsQueryThenFetchAction:0.08333333333333333
TransportSearchQueryThenFetchAction:0.08333333333333333
TransportSearchDfsQueryAndFetchAction:0.08333333333333333
TransportSearchTypeAction:0.06333333333333334
