OptionTest:0.6294444444444444
Value:0.47333333333333333
Foldable:0.33166666666666667
