JvmInfo:0.4866666666666667
Mem:0.43666666666666665
GarbageCollector:0.3566666666666667
Threads:0.32666666666666666
JvmVersion:0.295
MemoryPool:0.29
Bootstrap:0.2866666666666667
JvmStats:0.2633333333333333
BufferPool:0.25
NettyTransport:0.19666666666666666
NettyHttpServerTransport:0.17333333333333334
JvmMonitor:0.15
IndexingMemoryController:0.14333333333333334
GarbageCollectors:0.13666666666666666
RestNodesAction:0.13666666666666666
JvmMonitorService:0.11666666666666667
JvmService:0.11
ScrollSearchBenchmark:0.10333333333333333
