AbstractGraphState:0.6355555555555555
ExplorePoint:0.47
ExploreInstance:0.2653333333333333
