Xml:0.48
Info:0.37
Harvester:0.33
AbstractParams:0.31666666666666665
DataManager:0.30666666666666664
AbstractHarvester:0.2633333333333333
Z3950Params:0.24
Z3950Harvester:0.22444444444444442
MetadataFragmentsResult:0.2063968253968254
LocalFilesystemHarvester:0.19
ThreddsParams:0.15
Path:0.14666666666666667
ThreddsHarvester:0.10666666666666667
MetadataFragmentsParams:0.08666666666666667
MetadataFragmentsHarvester:0.08
Show:0.02
FragmentHarvester:0.01
ThreddsResult:0.0
SearchResult:0.0
