Editor:0.65
GraphJGraph:0.4766666666666667
AspectJGraph:0.38
LTSJGraph:0.25333333333333335
GraphEditorTab:0.22361111111111115
CtrlJGraph:0.19666666666666666
