FieldSerializer:0.461111111111111
MapDeserializer:0.43333333333333335
ListSerializer:0.13
