Main:0.5866666666666667
Launcher:0.4266666666666667
LauncherTest:0.23333333333333334
