UpdateCheckRunner:0.6383333333333333
UpdateManager:0.4866666666666667
