Options:0.51
Strategy:0.49666666666666665
Simulator:0.45666666666666667
ExploreThread:0.42333333333333334
Exploration:0.39666666666666667
BoundedLtlStrategy:0.24666666666666667
ExploreAction:0.24333333333333335
LTSDisplay:0.23666666666666666
LtlStrategy:0.23333333333333334
AbstractStrategy:0.22666666666666666
StateTab:0.21333333333333335
ActionStore:0.21333333333333335
ReteLinearStrategy:0.19666666666666666
ReteStrategy:0.18
LinearStrategy:0.15333333333333332
LinearConfluentRules:0.09333333333333334
AnimateListener:0.006666666666666667
ExploreListener:0.0
