AbstractStrategy:0.67
LinearStrategy:0.38333333333333336
RandomLinearStrategy:0.38333333333333336
