AbstractClientStream:0.4633333333333333
NettyClientStreamTest:0.26666666666666666
NettyClientTransport:0.25
NettyClientHandlerTest:0.18666666666666668
