CachingLogic:0.43666666666666665
JbpmExecutionLogic:0.4266666666666667
JbpmCommonLogic:0.3466666666666667
SubstitutionLogic:0.33
ExecutorLogic:0.33
BotsLogic:0.3
JbpmDefinitionLogic:0.24666666666666667
AssignmentHandler:0.11333333333333333
