NetworkElementFactory:0.5622222222222222
DiscoveryLink:0.38333333333333336
DbWriter:0.31333333333333335
