ResourceProcess:0.5766666666666667
BuildingConfig:0.35333333333333333
LanderHab:0.3
ResourceProcessManager:0.2833333333333333
InflatableGreenhouse:0.21333333333333335
SimulationConfig:0.21
ERVBase:0.21
StandardPowerSource:0.03
SolarPowerSource:0.02666666666666667
PowerSource:0.01
