Groove:0.5266666666666666
Simulator:0.44666666666666666
FileGps:0.4066666666666667
PriorityFileName:0.37
AspectualViewGps:0.35333333333333333
Generator:0.20333333333333334
ExportAction:0.17
IOTest:0.16666666666666666
DefaultGxl:0.16333333333333333
AbstractXml:0.15333333333333332
ArchiveGps:0.13333333333333333
NewGrammarAction:0.11666666666666667
ZipGps:0.03666666666666667
JarGps:0.03666666666666667
