Left:0.4022222222222222
Right:0.4022222222222222
Some:0.2906666666666667
Success:0.23
RightProjection:0.22916666666666666
LeftProjection:0.22916666666666666
Failure:0.21666666666666667
Errors:0.15
