ESTestCase:0.6311111111111111
ESTestCaseTests:0.33166666666666667
FiltersTests:0.32666666666666666
