Failure:0.7066666666666667
TryTest:0.2733333333333333
