AnnotatedFeatureI:0.6866666666666666
AnnotatedFeature:0.4066666666666667
Transcript:0.32666666666666666
Sequence:0.3
GAMEAdapter:0.26
AbstractApolloAdapter:0.24333333333333335
GmodNameAdapter:0.24
ApolloNameAdapterI:0.22337301587301586
DefaultNameAdapter:0.18666666666666668
FlyNameAdapter:0.10333333333333333
PeptideNameSubpart:0.08333333333333333
