Util:0.7866666666666666
Socks5Transport:0.43333333333333335
DataTransferManager:0.30666666666666664
AdvancedPreferencePage:0.23666666666666666
BinaryChannelConnection:0.12666666666666668
