Project:0.8733333333333333
ProjectTest:0.21666666666666667
