EqualsMethod:0.44166666666666665
ForOrigin:0.4166666666666667
HashCodeMethod:0.3616666666666667
ToStringMethod:0.36
