ParserATNSimulator:0.49666666666666665
LexerATNSimulator:0.31
TestASTNodeStream:0.24333333333333335
