IntSet:0.23666666666666666
OrderedMap:0.23
IntFloatMap:0.23
ObjectMap:0.22333333333333333
ObjectIntMap:0.22333333333333333
ObjectFloatMap:0.22333333333333333
ObjectSet:0.22333333333333333
IdentityMap:0.22333333333333333
IntIntMap:0.22
ArrayMap:0.20666666666666667
LongMap:0.19333333333333333
IntMap:0.19333333333333333
