FormalTypes:0.5
I:0.49
CodeSurvey:0.26
LDC:0.23111111111111116
ClassTests:0.15666666666666668
