MediaDriverAdminThread:0.3933333333333333
ClientAdminThread:0.35333333333333333
LibraryFacade:0.1325
MediaDriverFacade:0.1325
