FirstLine:0.21928012
Anchor:0.20215435
BufferHandler:0.18932252
TextArea:0.18706621
ScrollLineCount:0.18017408
ChunkCache:0.15367919
JEditBuffer:0.14892651
TextAreaPainter:0.11811087
ScreenLineManager:0.115901016
IndentFoldHandler:0.06442041
ElasticTabStopBufferListener:0.052800417
RangeMap:0.041875493
Log:0.038073637
Debug:0.021726858
