TextArea:0.12796451
View:0.087612785
GUIUtilities:0.071039796
BeanShell:0.06733211
Macros:0.06296566
TextAreaPainter:0.053783495
SelectionLengthWidgetFactory:0.05195098
TextAreaTransferHandler:0.050737284
JEditBuffer:0.050296765
jEdit:0.04914619
InputHandler:0.046461705
OverwriteWidgetFactory:0.036983393
EditBus:0.036604226
Abbrevs:0.03456179
SearchBar:0.033379655
TextUtilities:0.033004876
MarkerViewer:0.032485582
AbstractInputHandler:0.031736046
HyperSearchRequest:0.030476939
StyleEditor:0.028538182
DynamicContextMenuService:0.028331228
SelectLineRange:0.027230114
JEditVisitor:0.026275672
PositionChanging:0.02572502
FoldPainter:0.020409772
ServiceManager:0.019529393
Selection:0.019236756
TextAreaException:0.00979113
PropertiesChanged:0.0042991475
GlobalOptions:0.0034702837
