VFSBrowser:0.13714975
SearchBar:0.1058911
HyperSearchResults:0.06727864
