TextArea:0.10350792
View:0.0824201
GUIUtilities:0.058546297
JEditBuffer:0.05731536
Selection:0.04829348
jEdit:0.040918164
JEditTextArea:0.03909101
EnhancedDialog:0.018611986
Buffer:0.018600514
