ValueType:0.5588888888888889
SillyLazy:0.4975555555555556
ValuesTest:0.32666666666666666
