ConfigurationServiceImplTest:0.6066666666666667
ConfigurationDAOImplTest:0.30666666666666664
LanguageDAOImplTest:0.275
