DBCollection:0.5916666666666667
DBGeneralOldTests:0.3233333333333333
CollectionAdminImpl:0.2966666666666667
DatabaseAdminImpl:0.19
CollectionAdmin:0.15833333333333333
AcceptanceTestCase:0.15333333333333332
ErrorHandling:0.07666666666666666
CollectionAcceptanceTest:0.043333333333333335
CommandDocument:0.04
