VocabCache:0.5933333333333334
InMemoryLookupCache:0.42333333333333334
InvertedIndex:0.33531746031746035
Word2VecWork:0.2733333333333333
WordVectorsImpl:0.26
VectorCalculationsThread:0.25
WordVectorSerializer:0.24666666666666667
CoOccurrenceBatchIterator:0.22
VocabularyHolder:0.2175
Glove:0.20666666666666667
LuceneInvertedIndex:0.20472222222222225
Word2Vec:0.20333333333333334
ParagraphVectors:0.17666666666666667
CoOccurrenceIterator:0.13666666666666666
Huffman:0.12666666666666668
VocabActor:0.11333333333333333
