NeuralNetwork:0.6533333333333333
Builder:0.43666666666666665
BaseMultiLayerNetwork:0.33
BaseNeuralNetwork:0.24333333333333335
CDBN:0.16333333333333333
DBN:0.14
StackedDenoisingAutoEncoder:0.14
