FavouritesInterface:0.83
Favourites:0.5966666666666667
DeleteTaskAction:0.26666666666666666
