LoadBalancer:0.46711904761904766
ConnectionEntry:0.42333333333333334
CommandBatchExecutorService:0.2833333333333333
SubscribesConnectionEntry:0.25333333333333335
CommandExecutorService:0.25
MasterSlaveEntry:0.23666666666666666
RedissonSortedSet:0.2111111111111111
BaseLoadBalancer:0.16
RedissonPatternTopic:0.14666666666666667
RedissonTopic:0.14666666666666667
CommandsQueue:0.14
MasterSlaveConnectionManager:0.13333333333333333
SingleEntry:0.12333333333333334
ClusterConnectionManager:0.1
SingleConnectionManager:0.04
RoundRobinLoadBalancer:0.0
RandomLoadBalancer:0.0
