Configuration:0.43
QueryBinder:0.37333333333333335
SessionFactoryImpl:0.36
JPAOverriddenAnnotationReader:0.35333333333333333
AnnotationBinder:0.27
NamedProcedureCallDefinition:0.24666666666666667
ParameterDefinitions:0.2277777777777778
JPAMetadataProvider:0.19666666666666668
NamedQueryRepository:0.1
