HtmlStaplerTagAdapter:0.5416666666666666
BundleAction:0.4533333333333333
AppLagartoServletFilter:0.25333333333333335
HtmlStaplerServlet:0.25
