SelectStatementAnalyzerTest:0.5361111111111111
AnyOperator:0.403
Visitor:0.2952222222222222
ESQueryBuilderTest:0.29333333333333333
AnyLikeOperatorTest:0.26666666666666666
AnyNotLikeOperatorTest:0.26666666666666666
AnyEqOperatorTest:0.23333333333333334
InnerExpressionAnalyzer:0.16666666666666666
AnyResolver:0.15
AbstractAnyLikeOperator:0.1
