CasManagementWebAppConfiguration:0.48333333333333334
AbstractJacksonBackedStringSerializer:0.3933333333333333
ManagementWebappProperties:0.30666666666666664
OidcConfiguration:0.12
