ApolloDataAdapterI:0.7266666666666667
CompositeDataHolder:0.5633333333333334
AbstractApolloAdapter:0.29
CurationManager:0.2733333333333333
SerialDiskAdapter:0.2633333333333333
DataLoader:0.23333333333333334
AnnotationEnsJAdapterGUI:0.22666666666666666
SyntenyAdapter:0.21
GenbankAdapterGUI:0.20333333333333334
CompositeApolloFrame:0.2
SyntenyAdapterGUI:0.19333333333333333
GAMEAdapterGUI:0.17
FileMenu:0.15666666666666668
WashingLine:0.14666666666666667
GFFAdapterGUI:0.12333333333333334
SerialAdapterGUI:0.11333333333333333
