AbstractTransportTest:0.3566666666666667
ManagedChannelImplTest:0.2966666666666667
InProcessTransport:0.28800000000000003
OkHttpClientTransport:0.21666666666666667
NettyClientTransport:0.21
ClientStreamListenerImpl:0.2
LbResponseObserver:0.15333333333333332
