ComponentBrowser:0.52
JTreeTesterTest:0.49333333333333335
JTreeTester:0.29
TesterClassLoader:0.22
TreePathConverterTest:0.08333333333333333
TreePathConverter:0.03
