FileStub:0.8
ResourceActivityFilterPluginTest:0.11333333333333333
SharedProjectPluginTest:0.07333333333333333
SharedProjectUpdatableValuePluginTest:0.056666666666666664
VCSActivityPluginTest:0.05
