ParserPane:0.45
ModulePropertiesPane:0.41833333333333333
QedeqPane:0.4033333333333333
ErrorListPane:0.25666666666666665
