HopParser:0.7916666666666666
HopLexer:0.5888888888888889
