TestDescriptor:0.5566666666666666
DiscoverySelectorResolverTests:0.3233333333333333
StandardTestClassTests:0.19
DynamicTestGenerationTests:0.18666666666666668
NestedTestClassesTests:0.17
DiscoveryTests:0.15333333333333332
