PropertyHolder:0.49611111111111106
AnnotationBinder:0.43333333333333335
EntityType:0.37666666666666665
BinderHelper:0.33
ExtendedMappings:0.31337301587301586
AnnotationConfiguration:0.29333333333333333
ExtendedMappingsImpl:0.29
AbstractEntityTuplizer:0.2866666666666667
AbstractPropertyHolder:0.22
ForeignGenerator:0.13333333333333333
ColumnsBuilder:0.13
DerivedIdentitySimpleParentIdClassDepTest:0.07
DependentId:0.0
Employee:0.0
