Utils:0.6033333333333334
PdfBurster:0.42
BurstingContext:0.38
TestBursterFactory:0.2966666666666667
LifeSpanTest:0.21666666666666667
AttachmentsTest:0.16666666666666666
Scripts:0.16333333333333333
FetchDistributionDetailsDbTest:0.13666666666666666
ZipTest:0.11666666666666667
SkipTest:0.11333333333333333
MergeExternalFilesTest:0.11
FetchDistributionDetailsFileTest:0.11
ControllerTest:0.11
AddFormatPageNumbersTest:0.11
