HeliosClient:0.7966666666666666
JobStatusCommand:0.37777777777777777
HeliosClientTest:0.23
JobStatusCommandTest:0.16
