AjaxController:0.48333333333333334
TeamMembers:0.3233333333333333
WebKeys:0.2911111111111111
Find:0.21
Clipboard:0.16333333333333333
SendEntryMailController:0.13666666666666666
SendMailController:0.13666666666666666
MeetingController:0.1
ClipboardTag:0.023333333333333334
