RedissonLocalCachedMap:0.7212222222222222
AbstractCacheMap:0.5378333333333333
