ClientConnection:0.795
ClientClusterStateTest:0.31333333333333335
CleanResourcesTask:0.16666666666666666
