JobExecution:0.65
StepTransition:0.4166666666666667
SimpleJobTests:0.36333333333333334
StubStep:0.2633333333333333
AbstractJob:0.25666666666666665
SimpleJob:0.20111111111111113
MapJobRepositoryFactoryBean:0.16
ConditionalJob:0.07666666666666666
StepTransitionTests:0.06
ConditionalJobTests:0.04
