PersistentTask:0.5666666666666667
PersistentTasksCustomMetaData:0.41133333333333333
Status:0.26666666666666666
PersistentTasksClusterServiceTests:0.23666666666666666
Request:0.21
PersistentTasksNodeServiceTests:0.14666666666666667
TransportAction:0.12333333333333334
TaskDescriptionBuilder:0.10666666666666667
RequestBuilder:0.10333333333333333
PersistentTasksExecutorResponseTests:0.09666666666666666
