ValueAttribute:0.5566666666666666
Immutables:0.49666666666666676
PrimitiveOptionals:0.49666666666666676
ValuesTest:0.3233333333333333
