SeqFeatureI:0.798611111111111
SiteView2:0.44
SeqFeature:0.4
CurationSet:0.23666666666666666
DrawableSeqFeature:0.23
