MulticastConfig:0.44333333333333336
Node:0.39666666666666667
XMLConfigBuilderTest:0.36666666666666664
XmlConfigBuilder:0.32
ConfigXmlGenerator:0.23666666666666666
