KeyRing:0.68
TableContentProvider:0.3255555555555556
EditSuperUserDialog:0.25666666666666665
TableLabelProvider:0.21777777777777782
EditSuperUserDialogModel:0.16444444444444445
CreatePropertyDialog:0.11666666666666667
