Val:0.51
AbstractDatabase:0.35333333333333333
DB2Database:0.19
CUBRIDDatabase:0.19
MySQLDatabase:0.19
H2Database:0.19
IngresDatabase:0.19
PostgresDatabase:0.19
SybaseDatabase:0.19
SQLiteDatabase:0.19
DerbyDatabase:0.19
ASEDatabase:0.19
SQLServerDatabase:0.19
HSQLDBDatabase:0.19
OracleDatabase:0.18333333333333332
