BasicTransaction:0.51
Linkage:0.45
PlanContext:0.28777777777777774
TestValidator:0.275
RetrieveTransaction:0.25666666666666665
XTestConfig:0.24444444444444446
XTestDriver:0.23555555555555557
AssertionEngine:0.23333333333333334
XCAIGRetrieveTransaction:0.20444444444444446
StoredQueryTransaction:0.19444444444444445
