WebUtils:0.7766666666666666
LogoutHttpMessage:0.32
FrontChannelLogoutAction:0.26
FrontChannelLogoutActionTests:0.26
CasSupportActionsConfiguration:0.20333333333333334
HttpMessage:0.185
LogoutManagerImpl:0.17866666666666667
LogoutAction:0.17666666666666667
AbstractLogoutAction:0.10666666666666667
