SequencerAgent:0.37
ClusteredServiceAgent:0.3466666666666667
ConsensusModule:0.31333333333333335
ConsensusModuleAdapter:0.27666666666666667
