UDT:0.5453333333333333
JavaGenerator:0.43
UDTDefinition:0.3844444444444444
AbstractUDTDefinition:0.32666666666666666
UDTImpl:0.31666666666666665
