GroupServiceImpl:0.5736666666666667
UserServiceImpl:0.5736666666666667
