DeterministicKey:0.7233333333333334
ChildKeyDerivationTest:0.3233333333333333
HDKeyDerivation:0.31333333333333335
BasicKeyChainTest:0.2733333333333333
DeterministicKeyChainTest:0.26
