TestHazelcastInstanceFactory:0.5983333333333334
ClientRegressionWithMockNetworkTest:0.4866666666666667
TestHazelcastFactory:0.34
