ClientConductor:0.4766666666666667
ClientConductorTest:0.33
UdpTransport:0.2633333333333333
Aeron:0.21666666666666667
