KernelQedeqBoPool:0.7266666666666667
LoadRequiredModules:0.6982222222222223
