AbstractController2D:0.6133333333333333
AddAtomsAndBondsEdit:0.30666666666666664
RemoveAtomsAndBondsEdit:0.30666666666666664
BondChangeEdit:0.22
ConvertToPseudoAtomEdit:0.14333333333333334
