AtomTypeFactory:0.8966666666666666
AtomTypeFactoryTest:0.36333333333333334
