Dictionary:0.5833333333333334
HSQLFunctions:0.38666666666666666
DictionaryManager:0.3844444444444444
AddColumnDictionary:0.27599999999999997
CopyDictionaries:0.2313888888888889
MergeDictionaries:0.1805555555555556
ConvertDictionary:0.1805555555555556
RemoveEntriesDictionary:0.1805555555555556
ExportDictionary:0.14916666666666667
CreateFrolex:0.1
CreateDictionaryFromIndex:0.075
PrintDictionary:0.056666666666666664
ImportDictionary:0.055
UniqSortDictionary:0.02944444444444444
ExportToTreeTagger:0.014444444444444444
