CtrlSchedule:0.5998888888888889
StateMatches:0.36333333333333334
