RestResponse:0.8033333333333333
BytesRestResponse:0.6066666666666667
RestTable:0.28955555555555557
AbstractCatAction:0.27622222222222226
TestResponse:0.1961507936507937
NettyHttpChannel:0.13333333333333333
