UrlManager:0.4483333333333333
GoView:0.34833333333333333
DatabaseManager:0.33
