AbbrevEditor:0.15464567
Abbrevs:0.10934078
View:0.08226117
jEdit:0.076041244
GUIUtilities:0.051332902
JEditBuffer:0.01889066
Mode:0.014353212
