HistoryText:0.14572258
JEditHistoryModelSaver:0.1456331
HistoryModelSaver:0.10962581
HistoryTextField:0.07398335
HistoryTextArea:0.05713089
RecentDirectoriesProvider:0.0517352
VFSBrowser:0.04640842
SearchDialog:0.043523945
MutableListModel:0.04057721
jEdit:0.034549702
Registers:0.032927696
View:0.027815226
InputHandler:0.015348792
