KillRing:0.14288582
HistoryModel:0.13452749
PasteFromListDialog:0.06956811
