View:0.09077665
GUIUtilities:0.06260092
Registers:0.050393783
DockableWindowManager:0.03626533
jEdit:0.030329864
EditBus:0.026465505
RegisterChanged:0.025872547
TextArea:0.025510216
RolloverButton:0.006643228
DockableWindow:0.0056097303
PropertiesChanged:0.001621822
