EnhancedButton:0.046259005
HistoryButton:0.032596312
InstallPanel:0.030142535
MarkerViewer:0.027716938
BrowserColorsOptionPane:0.027098833
VFSBrowser:0.025703475
ToolBarOptionPane:0.024874415
RegisterViewer:0.023223476
HyperSearchResults:0.022722948
AbstractContextOptionPane:0.02086657
ManagePanel:0.019336205
ActionBar:0.018697733
AbbrevsOptionPane:0.016969947
StatusBarOptionPane:0.016786583
FloatingWindowContainer:0.016740452
SearchBar:0.015084281
TextAreaOptionPane:0.012726999
