TaskManager:0.11919132
TaskListener:0.06963669
ThreadUtilities:0.060454126
IOProgressMonitor:0.060409755
Task:0.056048594
GUIUtilities:0.03030015
jEdit:0.019812083
