GUIUtilities:0.035741884
View:0.03249611
SearchDialog:0.0118565075
