AsyncHttpClient:0.6066666666666667
ChannelPool:0.5205555555555557
ChannelManager:0.33666666666666667
BadAsyncHttpClient:0.28
DefaultChannelPool:0.26470634920634917
DefaultAsyncHttpClient:0.24
TestAsyncHttpClient:0.22666666666666666
IdleChannel:0.18333333333333332
EchoHandler:0.14666666666666667
