GwtTeamingMessages:0.4
GwtServerHelper:0.37333333333333335
GwtProfileHelper:0.28444444444444444
TrackedPersonClickHandler:0.16333333333333333
