MapperBuilderAssistant:0.6416666666666667
MapperAnnotationBuilder:0.4266666666666667
XMLStatementBuilder:0.3477777777777778
