View:0.8766666666666667
DeliveriesTest:0.37
OnChangeVehicleAction:0.17272222222222222
