AttributeDescriptor:0.8233333333333334
AttributeMember:0.44333333333333336
EntityGenerator:0.31666666666666665
EntityGraph:0.24549999999999997
EntityGraphValidator:0.14666666666666667
