SQLDialectCheckerTests:0.42333333333333334
AbstractChecker:0.24666666666666667
SQLDialectChecker:0.16
