DefaultProfileCoreProcessor:0.5716666666666667
AbstractFolderModule:0.47361111111111104
ProfileDaoImpl:0.4266666666666667
