StatisticsView:0.6666666666666666
MEJBNode:0.28833333333333333
MEJBView:0.2633333333333333
