OrcWriter:0.7866666666666666
OrcTester:0.5066666666666667
TestOrcWriter:0.18666666666666668
PrestoDwrfFormatWriter:0.17
PrestoOrcFormatWriter:0.17
