Pointer:0.6866666666666666
StructureTest:0.45
Structure:0.44
UninitializedArrayFieldStructure:0.10838095238095237
ArrayOfStructure:0.10838095238095237
ArrayOfPointer:0.10838095238095237
