AL10:0.59
ALC:0.5433333333333333
ALCcontext:0.22607142857142856
