ANTLRParser:0.59
BasicSemanticTriggers:0.22666666666666666
DFA1:0.1877777777777778
ErrorManager:0.18333333333333332
BasicSemanticChecks:0.15
multiElementAltInTreeGrammar_return:0.1276190476190476
DFA71:0.056666666666666664
DFA35:0.056666666666666664
