MatrixRunner:0.5795555555555556
LoggingRunner:0.39666666666666667
ProbeTask:0.3
NonBlockingMatrixRunner:0.23166666666666666
NonBlockingPoolMatrixRunner:0.23
Probe:0.22666666666666666
TestTaskRunner:0.22166666666666668
SocketPerformance:0.11
TaskNotificationRunner:0.11
LoggingTask:0.10666666666666667
NBodyRunner:0.04
ManyJobsRunner:0.04
LongTaskRunner:0.04
PrimeRunner:0.04
ProfilingRunner:0.04
DataSizeRunner:0.04
CascadingTestRunner:0.0
CommandLineTaskRunner:0.0
