SeqFeature:0.338
ApolloPanel:0.32
FeaturePanel:0.2966666666666667
DrawableSeqFeature:0.24833333333333332
ApolloLayoutManager:0.22638888888888892
ColumnApolloLayout:0.12777777777777777
