SimpleExposed:0.5933333333333334
MethodExposer:0.525
MethodExposerTest:0.3566666666666667
InstanceMethodExposer:0.22972222222222224
ExposedTypeProcessorTest:0.17111111111111113
ClassMethodExposer:0.12666666666666668
PyTypes:0.0
