EMPIConfig:0.8666666666666667
ScoredRecord:0.37333333333333335
FRILMatchAlgorithm:0.25
