ServletModule:0.38
MockFilter:0.2677777777777778
ServletTestUtils:0.2633333333333333
ServletKeyBindingBuilderImpl:0.2394444444444445
FilterKeyBindingBuilderImpl:0.2394444444444445
ServletsModuleBuilder:0.19611111111111112
FiltersModuleBuilder:0.16611111111111113
FilterDefinitionTest:0.14
FilterDispatchIntegrationTest:0.11
CountFilter:0.09
