SpectralLightMapNode:0.38
Type:0.29333333333333333
ChannelSpectralDistribution:0.27666666666666667
SPDFilter:0.13666666666666666
GeneralSpectralDistribution:0.08333333333333333
