DomNode:0.6866666666666666
StyledElement:0.22666666666666666
HtmlFont:0.22333333333333333
HtmlParagraph:0.17333333333333334
DomText:0.16333333333333333
DomTextTest:0.15666666666666668
HtmlSpan:0.04
UnknownHtmlElement:0.04
