SystemLogRecord:0.5530555555555556
NullObject:0.33666666666666667
MonitoredThread:0.2783333333333333
