Reader:0.5308333333333334
HpackDraft05Test:0.48333333333333334
BitArray:0.39
BitArrayTest:0.32
