LoaderImpl:0.6533333333333333
LoaderRowsStep:0.18333333333333332
LoaderJSONStep:0.18333333333333332
LoaderCSVStep:0.18333333333333332
