CommunicationsStub:0.7166666666666667
RelateToServiceAction:0.25
ServicesFrame:0.23666666666666666
BtnConnectActionListener:0.14066666666666666
