ArticleProcessor:0.2866666666666667
ArticleMgmtService:0.23666666666666666
TagProcessor:0.22666666666666666
PageCacheFilter:0.18333333333333332
LoginProcessor:0.18
MetaWeblogAPI:0.17666666666666667
IndexProcessor:0.17666666666666667
StatProcessor:0.17
UserTemplateProcessor:0.14
PageProcessor:0.14
