RecordProjectOperator:0.8066666666666666
AbstractScanFilterAndProjectOperator:0.4166666666666667
