ConnectionConstants:0.7136111111111111
ConnectionRequest:0.4875
NetworkManager:0.44333333333333336
