ProcessDefinition:0.5233333333333333
GraphElement:0.39
QuickFormVariableWizardPage:0.31666666666666665
NewProcessDefinitionWizardPage:0.24
SubprocessDefinition:0.235
ProcessSerializer:0.21305555555555558
BaseActionDelegate:0.19666666666666666
QuickFormEditor:0.19333333333333333
WYSIWYGHTMLEditor:0.19
QuickFormXMLUtil:0.185
NodeRegistry:0.16833333333333333
OpenFormValidationDelegate:0.14
CreateFormDelegate:0.11333333333333333
CreateEmbeddedSubprocessOperation:0.08333333333333333
