ComponentTester:0.4033333333333333
DynamicClassLoader:0.33
ScriptEditor:0.295
Step:0.2941666666666667
Sequence:0.27066666666666667
Launch:0.24666666666666667
Robot:0.22666666666666666
ScriptModel:0.22111111111111115
DynamicClassLoaderTest:0.14
BugReport:0.10944444444444443
