PersonConfig:0.5033333333333333
Simulation:0.43
Rover:0.3566666666666667
PhysicalCondition:0.33666666666666667
MainScene:0.31
GoodsManager:0.23
EmergencySupplyMission:0.22333333333333333
Exploration:0.22
BiologyStudyFieldMission:0.20666666666666667
AreologyStudyFieldMission:0.20666666666666667
Mining:0.20666666666666667
CollectResourcesMission:0.19333333333333333
LoadSimulationTask:0.15666666666666668
CompositionOfAir:0.14
