EmbedClientStatefulTest:0.5166666666666667
EmbedClientDataDrivenTest:0.43916666666666665
