CaImportCertDirCommand:0.5066666666666667
CaImportCertCommandTest:0.36333333333333334
CaImportCertCommand:0.34
CaImportCertDirCommandTest:0.2966666666666667
