ManagedChannelImpl:0.49666666666666665
AbstractManagedChannelImplBuilder:0.39666666666666667
NameResolverListenerImpl:0.2966666666666667
AbstractManagedChannelImplBuilderTest:0.2733333333333333
ServiceConfigUtil:0.18333333333333332
GrpcAttributes:0.0
