CasX509Certificate:0.2833333333333333
DefaultTicketRegistry:0.27
ServiceTicketGenerator:0.25333333333333335
SingleSignOnSessionsReportController:0.25
JpaTicketRegistry:0.24
QueryAndEncodeDatabaseAuthenticationHandlerTests:0.23
InspektrThrottledSubmissionByIpAddressAndUsernameHandlerInterceptorAdapter:0.22333333333333333
CRLDistributionPointRevocationCheckerTests:0.21333333333333335
CachingPrincipalAttributesRepository:0.20666666666666667
JpaTicketRegistryTests:0.19666666666666666
DataSourceMonitor:0.19
StaticMetadataResolverAdapter:0.18666666666666668
PersonDirectoryPrincipalResolverTests:0.14
YubiKeyAuthenticationHandlerTests:0.14
TransactionalLockInvocationHandler:0.11666666666666667
PrincipalFromRequestUserPrincipalNonInteractiveCredentialsActionTests:0.10666666666666667
ResourceCRLRevocationCheckerTests:0.09666666666666666
CacheCredentialsMetaDataPopulatorTests:0.08333333333333333
