RequestInfo:0.4827777777777778
ActivityStreamInfo:0.33666666666666667
GwtTeamingMessages:0.31666666666666665
ActivityStreamsPopup:0.2833333333333333
MyFavoritesMenuPopup:0.23611111111111113
GwtUIHelper:0.22
ViewPermalinkController:0.2111111111111111
MainMenuControl:0.19333333333333333
GwtMainPage:0.18
WebKeys:0.02666666666666667
