UpdateDocumentEntryMetadataCommandValidator:0.47
UpdateDocumentEntryMetadataCommand:0.4483333333333333
UpdateFolderMetadataCommand:0.25333333333333335
