BioResourceView:0.6
FeedResource:0.38666666666666666
OPMLResource:0.38666666666666666
