FileDTO:0.7752777777777778
FileSystemMgtService:0.57
StudyBean:0.2733333333333333
FileSystemMgtBean:0.23
FileSystemMgtSupportBean:0.08333333333333333
