DbEntityDescriptor:0.62
DbOomManager:0.5766666666666667
TemplateData:0.3
DefaultResultSetMapper:0.18
ColumnNamingStrategy:0.16666666666666666
LiveDatabaseTest:0.13666666666666666
LiveMapperDbTest:0.13666666666666666
HsqlDbAccess:0.12
MySqlDbAccess:0.12
PostgreSqlDbAccess:0.12
DbBaseTest:0.043333333333333335
