JCPEditor:0.5716666666666667
JCPMultiPageEditor:0.5466666666666666
