Loader:0.8333333333333334
GeneratedAdapters:0.43666666666666665
FailoverLoader:0.16666666666666666
