CrawlController:0.37
DocIDServer:0.32666666666666666
Frontier:0.26
Counters:0.17944444444444446
PageFetcher:0.17333333333333334
PageFetcherHtmlOnly:0.13666666666666666
Parser:0.12777777777777777
