StoreScp:0.31666666666666665
FileDTO:0.31
FileInfo:0.2733333333333333
FileCopyService:0.23666666666666666
StorageBean:0.22666666666666666
RetrieveCmd:0.22333333333333333
FileBean:0.21666666666666667
QueryFilesCmd:0.2
FileSystemMgt2Bean:0.19
StoreScpService:0.17333333333333334
Sql:0.16833333333333333
FileBeanTest:0.14666666666666667
