EditorReader:0.5513333333333333
JListReader:0.5166666666666667
JComboBoxReader:0.31666666666666665
ScreenReaderFactory:0.17666666666666667
