FeatureView:0.47
AnnotationEditor:0.2966666666666667
FineFeatureEditorPanel:0.2733333333333333
FineAnnotationView:0.26
SelectionSet:0.24944444444444447
FineApolloPanel:0.23666666666666666
AnnotationView:0.23
AnnotationMenu:0.14
