ReplicaSetMonitor:0.5116666666666667
MongosSetStateGenerator:0.37
MongosSetMonitor:0.3416666666666667
