CorpusManager:0.5333333333333333
CorpusTest:0.2866666666666667
Partition:0.23
PartitionTest:0.22
SubcorpusTest:0.2
AbstractCorpus:0.14666666666666667
CorpusManagerTest:0.10333333333333333
