ViewManager:0.6633333333333333
ControlCenter:0.5233333333333333
Applet:0.302
