StatementGenerator:0.71
StatementGeneratorTest:0.3233333333333333
ObjectiveCImplementationGenerator:0.27666666666666667
