GraphInfo:0.5066666666666667
CtrlHelper:0.4866666666666667
CtrlFactory:0.36
CtrlBuildTest:0.33666666666666667
