HiveMetadata:0.6841111111111111
HiveWriteUtils:0.35933333333333334
