EditorManager:0.8333333333333334
ActivitySequencer:0.36666666666666664
