EnabledIfTests:0.5311111111111111
Accessor:0.24666666666666667
EnabledIfCondition:0.13833333333333334
ConfigurationParameterAccessor:0.10333333333333333
SystemPropertyAccessor:0.04
EnvironmentVariableAccessor:0.04
