TierManager:0.9033333333333333
DragFeatureView:0.33666666666666667
CollapsedFeatureTierManager:0.2866666666666667
