BatchedInferenceObservable:0.3933333333333333
ObservablesProvider:0.35333333333333333
ParallelInference:0.26666666666666666
ParallelInferenceTests:0.25666666666666665
