InternalResourceGroup:0.6122222222222222
ResourceGroupStateInfo:0.52
TestResourceGroupStateInfo:0.23666666666666666
