FixedWidthBlock:0.3933333333333333
VariableWidthBlock:0.3933333333333333
VariableWidthBlockBuilder:0.24333333333333335
FixedWidthBlockBuilder:0.23916666666666667
FixedWidthBlockEncoding:0.23333333333333334
AbstractFixedWidthBlock:0.22938888888888892
VariableWidthBlockEncoding:0.22666666666666666
AbstractVariableWidthBlock:0.21666666666666667
