StudyPermissionsLocal:0.7
WebCfgService:0.5333333333333333
StudyPermissionsPage:0.36666666666666664
StudyPermissionsBean:0.32666666666666666
DummyServerConfigMBean:0.19666666666666666
CreateDicomRoleForm:0.17666666666666667
CreateDicomRolePage:0.15
DicomRoleValidator:0.11666666666666667
MainPage:0.11333333333333333
WebLoginContext:0.1
HasStudyPermissionModel:0.09333333333333334
