ProcessInfo:0.6833333333333333
StatisticManager:0.37333333333333335
FileSyncService:0.2465
DataLoaderService:0.23983333333333334
RouterService:0.21444444444444447
DataExtractorService:0.21427777777777776
DataGapRouteReader:0.18666666666666668
InternalTransportManager:0.18333333333333332
DataGapDetector:0.165
PushService:0.10666666666666667
