SystemConfigurationImpl:0.44333333333333336
ITrackerServices:0.30666666666666664
ITrackerServicesImpl:0.2633333333333333
ConfigurationDAOImpl:0.20333333333333334
ConfigurationDAO:0.13
