SaveAction:0.42333333333333334
DeleteAction:0.42333333333333334
