BlogCategory:0.9016666666666666
FileBackedBlogCategory:0.44666666666666666
