DateTime:0.47333333333333333
Instant:0.36
AbstractInstant:0.33666666666666667
ReadableInstant:0.33476190476190476
Examples:0.2966666666666667
DateOnly:0.2733333333333333
TimeOnly:0.2733333333333333
AbstractDuration:0.23
