EntityMetamodel:0.4633333333333333
AbstractEntityPersister:0.44666666666666666
AbstractSaveEventListener:0.27666666666666667
EntityEntry:0.2733333333333333
DefaultMergeEventListener:0.23
PojoEntityTuplizer:0.22666666666666666
