JCPEditorAppletMenuTest:0.37
JCPEditorAppletBugsTest:0.36666666666666664
SwingUndoRedoFactory:0.2966666666666667
JCPEditorAppletDrawingTest:0.27666666666666667
SwingAdjustBondOrdersEdit:0.22666666666666666
InsertTextPanel:0.19666666666666666
JCPToolBar:0.17133333333333334
CreateInChIAction:0.1
ChangeBondAction:0.07
