PropertyHolder:0.5433333333333333
StringHelper:0.4866666666666667
AttributeConverterDefinition:0.44333333333333336
InFlightMetadataCollectorImpl:0.36
SimpleValue:0.35333333333333333
SimpleValueBinder:0.3433333333333333
Renderer:0.27051984126984113
PropertyBinder:0.20666666666666667
CollectionBinder:0.20666666666666667
SampleEntity:0.2063968253968254
AbstractPropertyHolder:0.2
InFlightMetadataCollector:0.19503968253968257
CollectionPropertyHolder:0.18333333333333332
AttributeConverterTest:0.17666666666666667
MapBinder:0.16666666666666666
ParameterizedAttributeConverterParameterTypeTest:0.026388888888888885
IntegerListConverter:0.015
StringListConverter:0.015
