Table:0.77
Column:0.6133333333333333
DbExport:0.38666666666666666
IDdlReader:0.24883333333333335
