Trusted:0.4666666666666667
InMemoryMultifactorAuthenticationTrustStorage:0.4607380952380953
MultifactorAuthenticationTrustStorage:0.4607380952380953
JpaMultifactorAuthenticationTrustStorage:0.2866666666666667
MultifactorAuthnTrustConfiguration:0.19
MongoDbMultifactorAuthenticationTrustStorage:0.16666666666666666
RestMultifactorAuthenticationTrustStorage:0.10666666666666667
