StatementGenerator:0.73
StatementGeneratorTest:0.4
ImplementationImportCollector:0.27666666666666667
JavaToIOSTypeConverter:0.21666666666666667
