DataContainer:0.5683333333333334
SettingsHandler:0.55
SoftSettingsHash:0.32666666666666666
SettingsCache:0.07666666666666666
