DefaultScenario:0.6733333333333333
Scenario:0.5613888888888888
DefaultGraphCalculator:0.27666666666666667
GeneratorScenarioHandlerFactory:0.16666666666666666
ScenarioHandlerFactory:0.15666666666666668
ControlledScenarioHandler:0.15666666666666668
