SelectStatementAnalyzerTest:0.37666666666666665
Scalar:0.3233333333333333
ArithmeticIntegrationTest:0.285
OperatorScalar:0.25
InsertFromValuesAnalyzerTest:0.24
InputFactoryTest:0.2
Limits:0.19666666666666666
SubQueryPlannerTest:0.19666666666666666
RestSQLActionIntegrationTest:0.19
RowTransformingBatchIteratorTest:0.11333333333333333
AddFunctionTest:0.09333333333333334
ScalarFunctionModule:0.08
SingleArgumentArithmeticFunction:0.056666666666666664
