GwtRpcService:0.4138888888888889
GwtRpcServiceImpl:0.37666666666666665
GwtRpcServiceAsync:0.3566666666666667
FindCtrl:0.2544444444444445
ExecuteSearchCmd:0.24
GwtRpcController:0.20333333333333337
ExecuteSearchResponse:0.16
GetBinderBrandingCmd:0.14
VibeRpcCmd:0.05
