LogLinkTagExtraInfo:0.3844444444444444
LogLinkTag:0.043333333333333335
