HtmlExtractorTest:0.6866666666666666
ApertureDocumentsIdentificationTest:0.6833333333333333
