AclImpl:0.6233333333333333
MutableAcl:0.3329761904761905
