CMLChemFile:0.5266666666666666
DescriptorCalculatorTest:0.3466666666666667
PartialChargesCalculator:0.33
TavernaTestData:0.3
DescriptorCalculator:0.29
CDKIOReader:0.20666666666666667
Model3DBuilders:0.18
CDK2DRenderer:0.13333333333333333
Has2DCoordinates:0.12333333333333334
Has3DCoordinates:0.12333333333333334
SubstructureFilter:0.12333333333333334
PerceiveMMFF94AtomTypes:0.12333333333333334
RuleOfFiveFilter:0.12333333333333334
DetectHueckelAromaticity:0.12333333333333334
PerceiveMM2AtomTypes:0.12333333333333334
CDKTavernaTests:0.11416666666666667
StructureDiagramCreator:0.09333333333333334
HydrogenTools:0.09333333333333334
FingerprintCalculator:0.09333333333333334
SmilesTools:0.08666666666666667
MoleculeViewer2D:0.07666666666666666
CDKIOReaderTest:0.02666666666666667
CDKTavernaTestCase:0.0
