LoggingListener:0.79
StatementInfo:0.6141666666666667
QueryDebuggingInfo:0.44333333333333336
DebugListener:0.22333333333333333
LoggerPane:0.22166666666666668
ServerDebugger:0.14
CMC_logQueries:0.12777777777777777
