ResponseInstruction:0.6766666666666666
FlowExecutorImpl:0.44333333333333336
ApplicationViewSelector:0.38333333333333336
TextToViewSelector:0.25333333333333335
