Constraint:0.515
MultiPhaseTransducer:0.3333333333333333
RightHandSide:0.2833333333333333
BasicPatternElement:0.24
SinglePhaseTransducer:0.23083333333333333
PrioritisedRuleList:0.20111111111111113
TestJape2:0.19666666666666666
FSM:0.18666666666666668
TestFSM:0.1811111111111111
Compiler:0.15333333333333332
