Options:0.7166666666666667
TimeTracker:0.3466666666666667
J2ObjC:0.2866666666666667
TranslationProcessor:0.24666666666666667
