TopHitsAggregationBuilder:0.32666666666666666
QueryParseContext:0.29
PhraseSuggestionBuilder:0.29
BucketScriptPipelineAggregationBuilder:0.19694444444444445
ScriptHeuristic:0.19694444444444445
BucketSelectorPipelineAggregationBuilder:0.19694444444444445
ScriptedMetricAggregationBuilder:0.19583333333333333
ScriptField:0.17744444444444446
ScriptQueryBuilder:0.16861111111111113
ScriptScoreFunctionBuilder:0.16861111111111113
