Host:0.5766666666666667
Cfg:0.36666666666666664
HandshakeStatus:0.34
ConnectionEngine:0.3233333333333333
HTTPHeaders:0.28
LeafHandshakeHandler:0.20666666666666667
HandshakeHandler:0.20333333333333334
GnutellaInputStream:0.12666666666666668
GnutellaOutputStream:0.0761111111111111
