Messages:0.48333333333333334
PGType:0.38666666666666666
BasePGTypeTest:0.2633333333333333
PostgresITest:0.24666666666666667
ConnectionContext:0.19666666666666666
MessageHandler:0.18
Session:0.16333333333333333
BooleanTypeTest:0.13
BooleanType:0.12333333333333334
JsonTypeTest:0.11333333333333333
BigIntType:0.11
RealType:0.11
IntegerType:0.11
SmallIntType:0.11
DoubleType:0.11
JsonType:0.10666666666666667
VarCharType:0.10666666666666667
ResultSetReceiver:0.08666666666666667
PGTypesTest:0.03666666666666667
Entry:0.03222222222222222
