IntSynth:0.14333333333333334
ShortSynth:0.14333333333333334
CharSynth:0.14333333333333334
BooleanSynth:0.14333333333333334
ByteSynth:0.14333333333333334
DoubleSynth:0.14333333333333334
LongSynth:0.14333333333333334
FloatSynth:0.14333333333333334
ObjectSynth:0.14333333333333334
