DSL:0.7166666666666667
DSLContext:0.5478333333333333
DefaultDSLContext:0.2966666666666667
VisitContextTest:0.23
