ResourceIndexIntegrationTest:0.5272222222222223
ResourceIndexAddDelDSIntegrationTest:0.3458333333333333
ResourceIndexAddDelMiscIntegrationTest:0.295
