ClassContext:0.61
ClassNioServer:0.5766666666666667
WaitingNodeRequestState:0.24333333333333335
DefiningChannelTypeState:0.12
