OkHttpClientTransport:0.7933333333333333
OkHttpChannelBuilder:0.31666666666666665
OkHttpClientTransportFactory:0.26
