SunshineCone:0.34
SunshineRaytracer:0.32666666666666666
TextureHandler:0.2966666666666667
SunshineCylinder:0.2866666666666667
SunshineObject:0.27
Testumgebung:0.26111111111111107
SunshineBox:0.25333333333333335
SunshineSphere:0.24666666666666667
SunshineSceneVisitor:0.16777777777777778
Sunshine:0.1525
