GzipHeader:0.7433333333333333
GzippedInputStream:0.26666666666666666
