GraphJVertex:0.43333333333333335
JGraph:0.4266666666666667
AspectLabel:0.2966666666666667
GraphJEdge:0.255
JAttr:0.22337301587301586
LTSJEdge:0.21666666666666667
AspectGraph:0.21666666666666667
AspectJVertex:0.21666666666666667
AspectJEdge:0.21333333333333335
LTSJVertex:0.21
AspectJGraph:0.2092063492063492
CtrlJVertex:0.2
CtrlJEdge:0.19
LTSJGraph:0.11333333333333333
CtrlJGraph:0.09277777777777778
MyGraphLayoutCache:0.08333333333333333
