Configuration:0.5133333333333333
HttpConfiguration:0.30666666666666664
RequestLogConfiguration:0.2916666666666667
SyslogConfiguration:0.2833333333333333
ServerFactory:0.23
HttpConfigurationTest:0.21
LoggingConfiguration:0.20666666666666667
FileConfiguration:0.2
LogbackFactory:0.19
SslConfiguration:0.16666666666666666
GzipConfiguration:0.08666666666666667
