AntBuilder:0.8133333333333334
AntBuilderTest:0.44333333333333336
