TdsCore:0.49333333333333335
ConnectionJDBC2:0.35333333333333333
Driver:0.3233333333333333
NtlmAuth:0.27666666666666667
TdsToken:0.15833333333333333
MD5Digest:0.12
NtlmAuthTest:0.043333333333333335
