TableWithTimestampInMySql:0.6433333333333333
CreateDropTableTest:0.5
MysqlJdbcExpert:0.37333333333333335
PropertiesProxy:0.36
