SearchDialog:0.4866666666666667
SearchOptions:0.3933333333333333
AbstractSearchDialog:0.19666666666666666
