Email:0.7766666666666666
SendMailSession:0.3933333333333333
CommonEmail:0.38333333333333336
