HttpWebConnection:0.5722222222222222
DefaultCredentialsProvider2Test:0.39666666666666667
InMemoryAppender:0.39666666666666667
