Enhancer:0.8233333333333334
CollectionUtils:0.32666666666666666
EnhancerTransformer:0.24111111111111114
TestAll:0.08666666666666667
