LexerATNSimulator:0.44333333333333336
ATNSimulator:0.41333333333333333
ParserATNSimulator:0.28583333333333333
