HiveWriterFactory:0.5155555555555555
HivePageSinkProvider:0.42333333333333334
HiveWriter:0.38
HiveClientModule:0.29
TestHivePageSink:0.2866666666666667
