WebKeys:0.8366666666666667
AjaxController:0.35
Find:0.25222222222222224
WorkspaceTreeController:0.20666666666666667
ListFolderController:0.18333333333333332
MeetingController:0.15666666666666668
SendMailController:0.13
EscapeJavaScript:0.1
SearchController:0.08666666666666667
