RuleAspect:0.4166666666666667
AspectValue:0.39666666666666667
PropertiesDialog:0.28
NamedAspectValue:0.27666666666666667
ContentAspectValue:0.24333333333333335
NestingAspect:0.23333333333333334
AbstractAspect:0.19666666666666666
AspectJVertex:0.17833333333333334
RuleAspectValue:0.10333333333333333
EditRulePropertiesAction:0.1
EditSystemPropertiesAction:0.1
EditPropertiesAction:0.08
