ModuleTestBase:0.8133333333333334
WarehouseTest:0.2866666666666667
