Ringbuffer:0.6861111111111111
RingbufferContainer:0.5066666666666667
ArrayRingbuffer:0.33416666666666667
ArrayRingbufferTest:0.30333333333333334
