SparkTrainingStats:0.6572222222222222
CommonSparkTrainingStats:0.4166666666666667
VanillaTrainingWorkerStats:0.19333333333333333
VanillaTrainingMasterStats:0.19333333333333333
ExecuteWorkerFlatMap:0.11333333333333333
TestTrainingStatsCollection:0.09666666666666666
