NearCacheStatsImpl:0.4866666666666667
NearCache:0.4766666666666667
LocalMapStatsImpl:0.4166666666666667
