JobWatchCommand:0.3433333333333333
Utils:0.31333333333333335
JobStatusCommand:0.27666666666666667
JobListCommand:0.23
HostListCommand:0.13666666666666666
