RemoveFileFromFilesetAction:0.63
Style:0.58
JPAFilePersistor:0.2833333333333333
MovieTest:0.16666666666666666
FileListFormatter:0.15
UploadFileIntoFilesetAction:0.02666666666666667
AddFileToFilesetAction:0.023333333333333334
