TestHazelcastInstanceFactory:0.5233333333333333
MockConnectionManager:0.49833333333333335
MockJoiner:0.37166666666666665
