TestAnalyzer:0.36666666666666664
TupleAnalyzer:0.3566666666666667
CoordinatorModule:0.33666666666666667
StatementAnalyzer:0.27666666666666667
MetadataManager:0.26666666666666666
CreateViewTask:0.23666666666666666
DropViewTask:0.10527777777777778
