Keys:0.66
Linker:0.26666666666666666
ReflectiveModuleAdapter:0.20333333333333334
KeysTest:0.18666666666666668
ProvidesProcessor:0.164
SingletonBinding:0.10333333333333333
