Decoder:0.6833333333333333
DecodedBitStreamParser:0.2833333333333333
DecodeHintType:0.275
QRCodeReader:0.26666666666666666
