ParcelableAnalysisTest:0.5933333333333334
ParcelableGenerator:0.41
ParcelableAnalysis:0.37666666666666665
ParcelableDescriptor:0.3333333333333333
CallbackExample:0.24666666666666667
CallbackInheritanceExample:0.24333333333333335
