CollectionAddAllBackupOperation:0.7886111111111112
ListAddAllOperation:0.5736666666666667
