JedisCluster:0.7733333333333333
JedisClusterInfoCache:0.31
JedisClusterTest:0.30777777777777776
BinaryJedisCluster:0.27
ClusterBinaryJedisCommandsTest:0.19333333333333333
ClusterScriptingCommandsTest:0.19333333333333333
ClusterCommandsTest:0.18333333333333332
JedisClusterConnectionHandler:0.13666666666666666
JedisSlotBasedConnectionHandler:0.10666666666666667
