Filter:0.67
SimpleHttpProtocol:0.37666666666666665
AtmosphereFilter:0.20444444444444446
FrameworkConfig:0.19061111111111112
HeaderConfig:0.011111111111111112
