SmilesGeneratorTest:0.5933333333333334
HydrogenPlacerTest:0.5033333333333333
