TypeDeclaration:0.53
TreeConverter:0.35805555555555557
DebugASTPrinter:0.29333333333333333
TranslationUtil:0.2
DeadCodeEliminator:0.16333333333333333
