DSLContext:0.5103333333333333
DSL:0.51
ParserImpl:0.3466666666666667
CreateIndexImpl:0.30666666666666664
DefaultDSLContext:0.26666666666666666
