SetBinding:0.5233333333333333
ProviderMethodBinding:0.3933333333333333
