Py:0.8433333333333334
MakeProxies:0.26666666666666666
Options:0.25666666666666665
