Array:0.39
Tree:0.31333333333333335
Circle:0.2733333333333333
BitmapFont:0.2733333333333333
Sprite:0.27
IOSGraphics:0.2188888888888889
DecalBatch:0.21666666666666667
Button:0.215
TextField:0.215
BitmapFontCache:0.20666666666666667
HexagonalTiledMapRenderer:0.19666666666666666
IOSInput:0.19
BaseTableLayout:0.19
Ellipse:0.15666666666666668
ShapeRenderer:0.14333333333333334
IOSRobovmTests:0.12
Settings:0.01
