PythonGrammar:0.5866666666666667
SimpleNode:0.37
Num:0.3333333333333333
CodeCompiler:0.23333333333333334
Print:0.20444444444444446
ListComp:0.20444444444444446
IParserHost:0.2
parser:0.15666666666666668
expr_contextType:0.06666666666666667
LiteralMakerForParser:0.02
