AngleBending:0.37
StretchBendInteractions:0.3233333333333333
BondStretching:0.31666666666666665
PotentialFunction:0.29833333333333334
ForceFieldTests:0.29333333333333333
VanDerWaalsInteractions:0.26
Torsions:0.25333333333333335
ForceFieldTools:0.23666666666666666
LineSearch:0.22
GeometricMinimizer:0.21
ConjugateGradientMethod:0.13
TestPotentialFunction:0.12333333333333334
