FolderEntryBrief:0.5
DefinableEntity:0.44
WSClientBase:0.32666666666666666
BaseService:0.2866666666666667
TrashBrief:0.17
