WebUrlUtil:0.8066666666666666
WebdavResourceFactory:0.36833333333333335
SsfsUtil:0.3566666666666667
