Printer:0.7
GCodeRepRap:0.32666666666666666
GCodeReaderAndWriter:0.31666666666666665
LayerRules:0.2986111111111111
Producer:0.2733333333333333
SNAPReprap:0.24
RrPolygon:0.21333333333333335
Simulator:0.21333333333333335
GenericRepRap:0.17666666666666667
PrintTabFrame:0.16666666666666666
