PassiveStatusKeeper:0.6066666666666667
ConfigFileConstants:0.5
PassiveStatusConfigFactory:0.22666666666666666
PassiveStatusKeeperTest:0.09
PassiveServiceMonitor:0.08333333333333333
PassiveServiceMonitorTest:0.01
