Namespace:0.74
ClientListeners:0.42380555555555555
SocketIOServer:0.3433333333333333
