SharedProject:0.7966666666666666
RemoveAllDriverRoleAction:0.36333333333333334
SessionView:0.3233333333333333
TakeDriverRoleAction:0.24333333333333335
