AsyncProvidersBasicTest:0.505
BasicHttpsTest:0.26666666666666666
BasicAuthTest:0.24333333333333335
RedirectHandler:0.10258730158730157
SimpleHandler:0.10258730158730157
EchoHandler:0.10258730158730157
