VertxHttp2ConnectionHandler:0.45
HttpServerRequestImpl:0.4033333333333333
Http2ServerRequestImpl:0.4
VertxHttp2ClientHandler:0.32666666666666666
ClientConnection:0.24
