OneToManyPersister:0.47
User:0.36833333333333335
OrderByTest:0.34
UserData:0.19666666666666666
PersistentMapTest:0.09666666666666666
