JFXModel3DProvider:0.45666666666666667
SymbolRotated3DRendererTest:0.44333333333333336
Map3DSelecter:0.2966666666666667
Scaler3D:0.25666666666666665
