AbstractMapItemList:0.6796666666666666
ServerMapItemList:0.3374206349206349
