UserHandlerImpl:0.5233333333333333
IssueHandlerImpl:0.45666666666666667
ITrackerServices:0.2991666666666667
ITrackerServicesImpl:0.26666666666666666
NotificationDAOImpl:0.13
NotificationDAO:0.0011111111111111111
