MimeType:0.6966666666666667
StaticFiles:0.29333333333333333
StaticFilesTest:0.02
