Privilege:0.6
UsersPrivilegesMetaData:0.31166666666666665
StatementVisitor:0.2866666666666667
User:0.2733333333333333
TransportTransferTablePrivilegesAction:0.17333333333333334
