NamedResources:0.7433333333333333
MakumbaToolsControllerHandler:0.25
MDDTypeConverter:0.16666666666666666
