Universal:0.3381666666666667
Existential:0.3381666666666667
SubstFuncVo:0.29333333333333333
SubstPredVo:0.29333333333333333
ExistentialVo:0.25333333333333335
UniversalVo:0.25333333333333335
SubstPred:0.25
SubstFunc:0.25
KernelDtoModuleTestSuite:0.20333333333333334
ExistentialVoTest:0.023333333333333334
UniversalVoTest:0.023333333333333334
