DefaultContext:0.65
MapCombineTask:0.3566666666666667
SupplierConsumingMapper:0.26666666666666666
DistinctValueMapper:0.26666666666666666
SimpleEntry:0.12
