Survey:0.56
SurveyCreatorController:0.36
OpenQuestion:0.2866666666666667
AbstractQuestion:0.16111111111111112
