RangeFieldMapper:0.8
OneMergeHelper:0.415
RangeFieldTypeTests:0.2833333333333333
ElasticsearchConcurrentMergeScheduler:0.21333333333333335
