Grammar:0.6116666666666667
TestParseErrors:0.29333333333333333
TestFullContextParsing:0.29
TestLexerErrors:0.21
GrammarTransformPipeline:0.2
