PlannerTest:0.4666666666666667
FilterProjection:0.43333333333333335
PlanNodeBuilder:0.4
Visitor:0.2966666666666667
