HopParser:0.55
HopSymbolTableWalker:0.4866666666666667
DFA22:0.11666666666666667
no_class_stmnts_return:0.043111111111111114
no_class_stmnts_scope:0.043055555555555555
DFA21:0.04
DFA43:0.04
DFA20:0.04
DFA31:0.04
