ShadowApplication:0.5
ShadowActivity:0.28
ShadowParcel:0.26666666666666666
ParcelTest:0.22666666666666666
ShadowEditText:0.22333333333333333
ShadowSpannableStringBuilder:0.13666666666666666
SpannableStringBuilderTest:0.10666666666666667
