DefaultGrammarView:0.5033333333333333
GenericGrammarView:0.43213888888888885
StoredGrammarView:0.41
