TransportSQLActionTest:0.5441666666666667
ShardReferenceResolver:0.37290476190476185
DocTableInfoBuilder:0.31
Planner:0.30666666666666664
DocIndexMetaData:0.25666666666666665
DataStatementAnalyzer:0.25333333333333335
DocSchemaInfo:0.23
ESDeleteTask:0.16333333333333333
