AbstractChannelReplicator:0.70375
StatelessChronicleMap:0.6
StatelessServerConnector:0.37666666666666665
