BinderHelper:0.7933333333333333
WebKeys:0.416984126984127
MobileAjaxController:0.3466666666666667
RelevanceAjaxController:0.18666666666666668
