ArgumentSplitter:0.8122222222222222
TC_ArgumentSplitter:0.32666666666666666
