Criteria:0.6333333333333333
JsonAssertTest:0.2966666666666667
JsonValue:0.27
FilterTest:0.21333333333333335
