Publication:0.49666666666666665
ClientConductor:0.4066666666666667
AeronTest:0.21333333333333335
ClientConductorTest:0.2
MappedBufferLifecycleStrategy:0.19
PublicationTest:0.15666666666666668
