ShadowAlertController:0.4766666666666667
ShadowAlertDialog:0.4666666666666667
AlertDialogTest:0.3433333333333333
