FormTagBase:0.62
AddTag:0.31666666666666665
NewTag:0.28111111111111114
DeleteTag:0.19444444444444445
EditTag:0.15333333333333332
