ArrivingSettlementEditingPanel:0.43666666666666665
CannedMarsMap:0.31
IncomingListPanel:0.29333333333333333
ConstructionMissionCustomInfoPanel:0.26666666666666666
