GwtRpcServiceAsync:0.5666666666666667
GwtRpcService:0.5666666666666667
GwtTeamingMessages:0.481388888888889
GwtMainPage:0.24777777777777782
GwtTeamingImageBundle:0.23666666666666666
AdminInfoDlg:0.23333333333333334
AdminControl:0.20666666666666667
GwtRpcServiceImpl:0.18666666666666668
AdminActionsTreeControl:0.13
GwtUpgradeInfo:0.10666666666666667
