AbstractReplicatedRecordStore:0.49
ReplicatedMapConfig:0.29333333333333333
ReplicatedMapInitChunkOperation:0.2633333333333333
ReplicatedMapEvictionProcessor:0.25333333333333335
ReplicatedMapProxy:0.23666666666666666
ReplicatedMapPostJoinOperation:0.22666666666666666
ReplicatedMapService:0.22333333333333333
ReplicatedMapTest:0.21666666666666667
ReplicatedMapConfigReadOnly:0.1761111111111111
RemoteFillupTask:0.13666666666666666
MemberMapPair:0.03
