User:0.6633333333333333
RosterUtils:0.52
ContactItem:0.2833333333333333
