IAdHocProcess:0.7323611111111111
AdHocCommandAsync:0.4896666666666667
AdHocCommandSync:0.4275
AdHocCommandFactory:0.3433333333333333
SessionManager:0.23333333333333334
