IL:0.6266666666666667
ILU:0.6266666666666667
ILUT:0.5133333333333333
