DefaultResultMapBuilderTest:0.6633333333333333
RestActionInvocationTest:0.4633333333333333
