TdsCore:0.58
TimestampTest:0.3433333333333333
MSCursorResultSet:0.25666666666666665
Tds8Test:0.20666666666666667
