MongoSplit:0.4066666666666667
MongoColumnHandle:0.4033333333333333
MongoTableHandle:0.35333333333333333
MongoMetadata:0.32
MongoSession:0.30333333333333334
MongoTableLayoutHandle:0.27666666666666667
MongoSplitManager:0.18
TestMongoSplit:0.09333333333333334
TestMongoTableHandle:0.09333333333333334
MongoOutputTableHandle:0.06666666666666667
MongoPageSourceProvider:0.05333333333333334
MongoInsertTableHandle:0.043333333333333335
MongoClientModule:0.04
