MapperTask:0.42333333333333334
RedissonCollectionMapReduce:0.34
RedissonMapReduce:0.24333333333333335
BaseMapperTask:0.22
CollectionMapperTask:0.18666666666666668
