Pool:0.49666666666666665
HttpClientImpl:0.42
HttpChannelConnector:0.22
Waiter:0.193
ConnectionManager:0.14068253968253966
Endpoint:0.0033333333333333335
