HostParentOfITest:0.6094444444444445
WebDriverTestCase:0.36666666666666664
