AnalysisResult:0.5366666666666666
LogicalPlanner:0.32
StatementAnalyzer:0.28
TableWriteIterator:0.22333333333333333
AnalysisContext:0.19333333333333333
NativeTableHandle:0.15
