AbstractTestQueries:0.4766666666666667
StatementAnalyzer:0.29333333333333333
Visitor:0.29
ChildReplacer:0.29
PlanVisitor:0.29
RelationPlanner:0.27666666666666667
Rewriter:0.22611111111111115
PlanOptimizersFactory:0.17333333333333334
TestGroups:0.0
