KeyStoreContainer:0.5752222222222223
RevokeCertCommand:0.29
EJBCAWSRABaseCommand:0.28
EditUserCommand:0.26166666666666666
KeyStoreContainerBase:0.22666666666666666
StressTestCommand:0.22666666666666666
JobData:0.20666666666666667
FindUserCommand:0.20333333333333334
HSMKeyTool:0.18194444444444446
MyCommandFactory:0.16666666666666666
PasswordHandler:0.12666666666666668
ListCertsCommand:0.11
Pkcs10RequestCommand:0.11
