AgentBuilderDefaultTest:0.47
ForThisReference:0.20777777777777778
ForAllArguments:0.19555555555555557
ExecutingTransformer:0.18833333333333332
ForArgument:0.17722222222222223
ForOrigin:0.17722222222222223
ForReturnValue:0.17455555555555557
ForField:0.17455555555555557
PoolStrategy:0.15833333333333333
