CrateSettings:0.7938888888888889
PostgresITest:0.6561111111111111
PostgresNetty:0.27666666666666667
