CheckboxInterceptor:0.511111111111111
CheckboxInterceptorTest:0.37666666666666665
Builder:0.36333333333333334
