OAuthConstants:0.45118253968253963
OAuthRequest:0.25333333333333335
HeaderExtractorImpl:0.21666666666666667
