RegistrationHandler:0.6333333333333333
StateNode:0.4033333333333333
Domain:0.36333333333333334
AbstractlVerifierRegistrationHandler:0.2833333333333333
EmailVerifierRegistrationHandler:0.27
CaptchaRegistrationHandler:0.22111111111111115
StateGraph:0.19
ChainHandler:0.07666666666666666
MailSender:0.04
AbstractAssociationRegistrationHandler:0.03333333333333333
AbstractRegistrationHandler:0.013333333333333334
BusinessObjectAssociationRegistrationHandler:0.01
