LeafHandshakeHandler:0.6133333333333333
HandshakeHandler:0.5266666666666666
