SettlementWindow:0.6466666666666666
MainWindowMenu:0.5933333333333334
MainDesktopPane:0.5
ToolToolBar:0.06
