NutDao:0.5966666666666667
Jdbcs:0.49
EntityHolder:0.27666666666666667
