SubmissionManagerClient:0.4866666666666667
AbstractGenericClient:0.48333333333333334
ProportionalBundler:0.415
