QueryCmd:0.5533333333333333
QueryRetrieveScpService:0.38
BaseDSQueryCmd:0.22333333333333333
MWLScuService:0.19666666666666666
MultiCFindRsp:0.18666666666666668
ImageQueryCmd:0.16816666666666666
MWLQueryCmd:0.1511111111111111
StudyQueryCmd:0.08765873015873016
SeriesQueryCmd:0.08765873015873016
PatientQueryCmd:0.08765873015873016
