ShadowPackageManager:0.55
ShadowPackageManagerTest:0.4066666666666667
ShadowApplicationPackageManager:0.3466666666666667
