SearchUtils:0.7666666666666667
AbstractResource:0.3566666666666667
SearchFilterRequestParser:0.27
