NodeExtension:0.8866666666666667
Node:0.5133333333333333
DefaultNodeExtension:0.30333333333333334
