XMLSchemaValidator:0.42
Util:0.405
SchemaValidation:0.29333333333333333
XMLParser:0.27666666666666667
XPathHelper:0.20333333333333334
