ScepConfiguration:0.7022222222222222
ScepPkiOpHelper:0.48
ScepServlet:0.25333333333333335
