Renderer2DModel:0.7433333333333333
GeometryTools:0.6066666666666667
AbstractController2D:0.29333333333333333
JChemPaintEditorPanel:0.27
AbstractRenderer2D:0.25666666666666665
JChemPaintPanel:0.23333333333333334
Renderer2DTest:0.16111111111111112
ArrowRenderer2DTest:0.13333333333333333
AppletCanvas:0.12
CleanupAction:0.10333333333333333
OpenAction:0.10333333333333333
CopyPasteAction:0.08333333333333333
