JsonRendering:0.5333333333333333
JsonCompile:0.5333333333333333
RecursionQuotedTest:0.25666666666666665
