BoundedLocalCache:0.4266666666666667
CacheContext:0.3
CacheGenerator:0.24666666666666667
ReferenceTest:0.23
HasRemovalNotifications:0.22444444444444442
