StationAetGroups:0.4533333333333333
ModalityWorklistBean:0.43
ModalityWorklistPanel:0.37666666666666665
QueryUtil:0.07333333333333333
ModalityWorklistFilter:0.07333333333333333
FileUtils:0.006666666666666667
