ResourcesManager:0.6066666666666667
GUI:0.44333333333333336
Authenticator:0.3027420634920635
InfoPathFormView:0.28
LoginHelper:0.17
BrowserView:0.13
ViewChangeListener:0.07983333333333333
UserInputAuthenticator:0.04833333333333333
KerberosAuthenticator:0.006666666666666667
