IssueHandlerImpl:0.645
ProjectHandlerImpl:0.4166666666666667
VersionDAO:0.09277777777777778
VersionDAOImpl:0.07333333333333333
