ResourceUtil:0.5066666666666667
MagicMimeTypeIdentifier:0.28688888888888886
BundleMerger:0.22333333333333333
ExampleFileCrawler:0.19
TestStandardTrustManager:0.18666666666666668
TestMagicMimeTypeIdentifier:0.175
DefaultDataSourceRegistry:0.13166666666666665
DefaultDataAccessorRegistry:0.13166666666666665
DefaultExtractorRegistry:0.13166666666666665
DefaultMimeTypeIdentifierRegistry:0.13166666666666665
DefaultLinkExtractorRegistry:0.13166666666666665
DefaultCrawlerRegistry:0.13166666666666665
SimpleCrawlerHandler:0.11666666666666667
TrustDeciderDialog:0.0788888888888889
GuiUtil:0.06
MagicMimeIdentifierActivator:0.04416666666666667
DialogTrustDeciderActivator:0.04416666666666667
OpenxmlExtractorActivator:0.043333333333333335
PdfExtractorActivator:0.043333333333333335
RtfExtractorActivator:0.043333333333333335
OpenDocumentExtractorActivator:0.043333333333333335
StandardTrustManagerActivator:0.043333333333333335
PowerpointExtractorActivator:0.043333333333333335
HttpAccessorActivator:0.043333333333333335
ExcelExtractorActivator:0.043333333333333335
HtmlLinkExtractorActivator:0.043333333333333335
PlaintextExtractorActivator:0.043333333333333335
HttpOpenerActivator:0.043333333333333335
PresentationsExtractorActivator:0.043333333333333335
WordPerfectExtractorActivator:0.043333333333333335
PublisherExtractorActivator:0.043333333333333335
WorksExtractorActivator:0.043333333333333335
OfficeExtractorActivator:0.043333333333333335
MimeExtractorActivator:0.043333333333333335
WordExtractorActivator:0.043333333333333335
FileOpenerActivator:0.043333333333333335
HtmlExtractorActivator:0.043333333333333335
QuattroExtractorActivator:0.043333333333333335
FileAccessorActivator:0.043333333333333335
XmlExtractorActivator:0.043333333333333335
VisioExtractorActivator:0.043333333333333335
DataOpenerServiceActivator:0.04
TrustDeciderServiceActivator:0.04
LinkextractorServiceActivator:0.04
CrawlerServiceActivator:0.04
AccessorServiceActivator:0.04
MimeIdentifierServiceActivator:0.04
ExtractorServiceActivator:0.04
DataSourceServiceActivator:0.04
TrustManagerServiceActivator:0.04
OutlookActivator:0.018333333333333333
IcalCrawlerActivator:0.016666666666666666
FilesystemCrawlerActivator:0.016666666666666666
WebCrawlerActivator:0.016666666666666666
AddressBookActivator:0.016666666666666666
ImapCrawlerActivator:0.016666666666666666
OutlookAccessorFactory:0.0033333333333333335
MailUtil:0.0
ExampleFileCrawlerActivator:0.0
