Message:0.62
Host:0.46
IOUtil:0.45
MsgHeader:0.38666666666666666
MsgResRecord:0.24
MsgQuery:0.19666666666666666
MsgQueryResponse:0.17333333333333334
MsgPushRequest:0.16333333333333333
MsgPong:0.16333333333333333
MsgUnknown:0.11333333333333333
MsgPing:0.1
RouteTableUpdateMsg:0.08333333333333333
QRPatchTableMsg:0.07
QRResetTableMsg:0.056666666666666664
