Listener:0.8833333333333333
ZenDiscovery:0.36
Analysis:0.31833333333333336
Message:0.31
Multibinder:0.2327777777777778
RecoveryStatus:0.22361111111111115
BlobStoreIndexShardRepository:0.22333333333333333
MasterFaultDetection:0.2
TranslogRecoveryPerformer:0.19666666666666666
Adapter:0.19666666666666666
JNANatives:0.19666666666666666
Context:0.19199999999999998
Base64:0.18333333333333332
PublishClusterStateAction:0.17333333333333334
MasterPinger:0.14805555555555555
SharedFSRecoverySourceHandler:0.14333333333333334
MetaDataIndexUpgradeService:0.13666666666666666
ZenFaultDetectionTests:0.12333333333333334
RecoveryTarget:0.11666666666666667
SendingController:0.11333333333333333
IndexShardSnapshotException:0.04666666666666667
IndexShardSnapshotFailedException:0.03666666666666667
MasterNodeFailureListener:0.016666666666666666
