TranslogTests:0.4766666666666667
Translog:0.39
TranslogWriter:0.3566666666666667
ThrowingFileChannel:0.21666666666666667
FailSwitch:0.05333333333333334
