CodeCompletionListener:0.8883333333333333
Installer:0.2966666666666667
