ComponentFinder:0.6633333333333333
Robot:0.5133333333333333
ComponentReference:0.41
DefaultComponentFinderTest:0.4033333333333333
Script:0.38666666666666666
DefaultComponentFinder:0.37333333333333335
Launch:0.35
ComponentTester:0.35
EventRecorder:0.27666666666666667
NonDelegatingClassLoader:0.24277777777777781
ScriptEditor:0.23666666666666666
AppClassLoaderTest:0.22
ScriptTest:0.21666666666666667
ComponentReferenceTest:0.21333333333333335
ArgumentParser:0.21333333333333335
EventExceptionHandler:0.20333333333333334
AssertTest:0.17
AppClassLoader:0.16444444444444445
AbstractEventExceptionHandler:0.16
MultipleComponentsFoundException:0.07333333333333333
BootstrapClassLoader:0.07
InvisibleApplet:0.043333333333333335
InvisibleShowingFrame:0.008333333333333333
