XLSFileWriter:0.8666666666666667
AbstractXLSGroupWriter:0.26666666666666666
