El:0.55
El2Test:0.5133333333333333
IdentifierObj:0.3233333333333333
