RuleStructuresList:0.53
RuleCommonComponentOfFood:0.27666666666666667
TestBugs:0.22
RuleNormalBodyConstituent:0.14333333333333334
