ArticleUpdater:0.38166666666666665
ArticleSender:0.38166666666666665
CommentSender:0.38166666666666665
