DomNode:0.6133333333333333
DomNodeTest:0.2733333333333333
JQueryTestBase:0.23666666666666666
XPathResultTest:0.23
HtmlForm:0.22833333333333333
HtmlUnitXPath2:0.22
LowerCaseFunction:0.08888888888888889
XMLElementTest:0.06333333333333334
