MouseManager:0.6077777777777779
EdgeView:0.39666666666666667
