BundleDelegatingClassLoader:0.39666666666666667
OsgiServiceFactoryBean:0.36666666666666664
ServiceExporter:0.27051984126984113
DebugUtils:0.25333333333333335
OsgiServiceRegistrationListener:0.25
ServiceImporter:0.25
AbstractOsgiServiceProxyFactoryBean:0.20666666666666667
Listener:0.20333333333333334
MandatoryDependencyEvent:0.14333333333333334
OsgiServiceNamespaceHandlerTest:0.14333333333333334
OsgiServiceDynamicInterceptor:0.13666666666666666
AbstractServiceExporter:0.12
OsgiStringUtils:0.12
OsgiSingleServiceProxyFactoryBean:0.11333333333333333
ServiceRegistrationWrapper:0.07083333333333333
MandatoryDependencyListener:0.03666666666666667
ServiceRegistrationWrapperTest:0.02666666666666667
AbstractListenerAwareExporter:0.011944444444444445
MandatoryServiceDependencyManager:0.006666666666666667
BeanFactoryUtils:0.006666666666666667
AbstractServiceImporter:0.0
SimpleOsgiServiceRegistrationListener:0.0
