CryptoTokenManagementSessionBean:0.5458333333333333
CryptoTokenActivateCommand:0.22333333333333333
CryptoTokenDeactivateCommand:0.22333333333333333
CryptoTokenUpdatePinCommand:0.22333333333333333
