ITestManager:0.8607539682539683
AbstractManagerMethodDispatcherTest:0.3566666666666667
TestManager:0.3012222222222222
