AuthenticationWebFilter:0.7733333333333333
AuthenticationWebFilterTests:0.4266666666666667
HttpBasicBuilder:0.3127777777777778
