FeatureSetI:0.74
SeqFeatureI:0.7366666666666667
AnnotatedFeatureI:0.7133333333333334
FeaturePairI:0.54
AnnotatedFeature:0.5066666666666667
Selection:0.4666666666666667
Transcript:0.4533333333333333
Exon:0.45
ExonI:0.437
Controller:0.41
ApolloNameAdapterI:0.41
Visitor:0.4075
StrandedFeatureSet:0.4066666666666667
PropertyScheme:0.3933333333333333
FeaturePair:0.38333333333333336
SeqFeature:0.36333333333333334
TierManager:0.35
AnnotationEditor:0.35
FeatureSet:0.3433333333333333
FeatureList:0.34
ApolloFrame:0.34
GAMEAdapter:0.31333333333333335
SelectionManager:0.31
FeatureEditorDialog:0.30333333333333334
OtterXMLRenderingVisitor:0.3
GenbankAdapter:0.2866666666666667
GeneEditPanel:0.2833333333333333
DrawableSeqFeature:0.2833333333333333
BaseFineEditor:0.28
EvidenceFinder:0.25866666666666666
SeqWrapper:0.25
DetailInfo:0.24666666666666667
ScaleView:0.23666666666666666
OtterContentHandler:0.23333333333333334
DefaultNameAdapter:0.23333333333333334
GenbankValidator:0.23333333333333334
FeatureTree:0.23333333333333334
SeqAlignPanel:0.23333333333333334
FeatureView:0.23
SeqExport:0.22666666666666666
FlyNameAdapter:0.22666666666666666
BaseEditorPanel:0.225
EnsCGIAdapter:0.22333333333333333
StrandedZoomableApolloPanel:0.22333333333333333
SimpleDASAdapter:0.22333333333333333
TranslationView:0.22333333333333333
FeatureEditPanel:0.22333333333333333
SelectableDNARenderer:0.22
AnnotationEnsJAdapter:0.22
DrawableAnnotatedSeqFeature:0.21666666666666667
GAMESave:0.21666666666666667
AnnotationView:0.21666666666666667
DrawableFeatureSet:0.21333333333333335
OtterAdapter:0.21
OtterXMLAdapter:0.21
SelectionSet:0.20666666666666667
FlyIdValidator:0.20333333333333334
GbrowseAdapter:0.20333333333333334
TierPopupMenu:0.20333333333333334
SampleAdapter:0.20333333333333334
SeqFeatureUtil:0.20255555555555554
PeptideValidator:0.2
AnalysisAdapter:0.2
AnnotationMenu:0.19833333333333333
AlignMenuItems:0.19666666666666666
LocusTagHandler:0.19666666666666666
EnsJAdapter:0.19666666666666666
GameSynteny:0.19666666666666666
BaseGFFAdapter:0.18666666666666668
DrawableUtil:0.18
ShowMenu:0.17777777777777778
TranslationStartStopSelectionListener:0.17666666666666667
FeatureTreePanel:0.17666666666666667
GFFFile:0.17
DrawableGeneSeqFeature:0.16333333333333333
SequenceSetTagHandler:0.16
TranscriptTagHandler:0.16
SequenceFragmentTagHandler:0.16
LocusStableIdTagHandler:0.15666666666666668
LocusNameTagHandler:0.15666666666666668
LocusRemarkTagHandler:0.15666666666666668
CompositeApolloFrame:0.15666666666666668
TranscriptEditPanel:0.15666666666666668
LocusTypeTagHandler:0.15333333333333332
LocusAuthorEmailTagHandler:0.15333333333333332
LocusAuthorTagHandler:0.15333333333333332
LocusKnownTagHandler:0.15333333333333332
LocusSynonymTagHandler:0.15333333333333332
SequenceSetAuthorTagHandler:0.15333333333333332
DrawableAnnotatedFeatureSet:0.15
BookmarkMenu:0.15
RowSelectionListener:0.13333333333333333
SeqMatchTableListener:0.13333333333333333
TreeMenu:0.13
BlixemRunner:0.13
ClearOutDataListener:0.12
MSPFile:0.11333333333333333
DrawableDisplayTool:0.11333333333333333
EvidenceSelectionSet:0.11
FeatureDelListener:0.1075
DisplayTool:0.10333333333333333
TranscriptMenu:0.10333333333333333
PeptideMenu:0.09666666666666666
ScrollAdjustedView:0.09333333333333334
tRNAValidator:0.08666666666666667
FlyOverlap:0.08666666666666667
ApolloFeatureSelectionListener:0.08333333333333333
HumanOverlap:0.08333333333333333
DateUtil:0.056666666666666664
