SessionFactoryOptionsStateStandardImpl:0.4266666666666667
SessionFactoryImpl:0.4066666666666667
EntityManagerFactoryBuilderImpl:0.35
SessionBuilderImpl:0.3466666666666667
StatelessSessionBuilderImpl:0.2937777777777778
InterceptorTest:0.22666666666666666
