ColumnStatistics:0.5133333333333333
OrcMetadataReader:0.4766666666666667
TestTupleDomainOrcPredicate:0.36333333333333334
DwrfMetadataReader:0.28
