DataManager:0.6466666666666666
SearchManager:0.35
SettingInfo:0.31
Geonetwork:0.2866666666666667
Set:0.26666666666666666
Get:0.2
GeoNetworkAnalyzer:0.2
