ISharedProject:0.8766666666666667
SharedProject:0.41333333333333333
EditorManager:0.4066666666666667
TakeDriverRoleAction:0.22333333333333333
