BeanCopy:0.5916666666666666
BeanWalker:0.4166666666666667
BeanWalkerTest:0.1
