Def:0.5033333333333333
Method:0.4
Walker:0.2833333333333333
PainlessParser:0.28
MethodWriter:0.2733333333333333
FunctionRefTests:0.26
FunctionRef:0.25666666666666665
PainlessLexer:0.23
FuncrefContext:0.15166666666666667
SFunction:0.14333333333333334
EFunctionRef:0.13333333333333333
