Hibernate3CacheKeySerializerHook:0.2866666666666667
Hibernate4CacheEntrySerializerHook:0.2866666666666667
Hibernate3CacheEntrySerializerHook:0.2866666666666667
Hibernate4CacheKeySerializerHook:0.2866666666666667
