XmlDoubleConverter:0.5933333333333334
Constrainer:0.49599999999999983
SimpleDrawingView:0.38333333333333336
GridConstrainer:0.38
GridInspector:0.18333333333333332
CanvasInspector:0.1511111111111111
FormatConverterWrapper:0.13666666666666666
AbstractConstrainer:0.0
