HostTypeOfTest:0.4633333333333333
HostClassNameTest:0.4633333333333333
HostClassNameStandardsTest:0.4633333333333333
