Property:0.5833333333333334
MetaProperty:0.52
Gedcom:0.36666666666666664
ChoosePropertyBean:0.26
PropertyEvent:0.21
PropertyTree:0.20333333333333334
PropertySex:0.19666666666666666
GedcomReader:0.17333333333333334
PropertyForeignXRef:0.17333333333333334
PropertyAssociation:0.15333333333333332
PropertyIndi:0.14166666666666666
PropertyIndividualAttribute:0.13
TimelineViewSettings:0.11666666666666667
Example:0.10333333333333333
LinkedBy:0.10333333333333333
MetaDefRenderer:0.1
ActionPropertyAdd:0.09666666666666666
