EjbcaWS:0.6733333333333333
IEjbcaWS:0.6733333333333333
CreateCryptoToken:0.31
