XwssMessageInterceptorTestCase:0.6966666666666667
XwsSecurityInterceptorTest:0.4519444444444445
