ApplicationViewSelector:0.9133333333333333
ApplicationViewSelectorTests:0.06666666666666667
