Class:0.37333333333333335
Array:0.3433333333333333
Field:0.33666666666666667
Interface:0.2966666666666667
Method:0.22666666666666666
Constructor:0.20333333333333334
