FolderDao:0.6475
ResourceDriverConfig:0.51
FolderDaoImpl:0.43666666666666665
ResourceChange:0.2966666666666667
