CrawlController:0.894626984126984
ToeThread:0.6766666666666666
