AbstractJob:0.565
SimpleJob:0.4666666666666667
SimpleStepFactoryBeanTests:0.37333333333333335
