Item:0.5933333333333334
FeedViewer:0.35
MList:0.3466666666666667
PropertyPanel:0.34
