ChargerFormats:0.5866666666666667
ConvertorMultiPageEditor:0.5088888888888888
RunningConvertor:0.2833333333333333
AddMoleculeToAction:0.26666666666666666
OutputPanel:0.17333333333333334
