DSL:0.55
SelectImpl:0.4266666666666667
WithImpl:0.4166666666666667
AbstractDMLQuery:0.2733333333333333
DefaultDSLContext:0.2725
SelectQueryImpl:0.25
MergeImpl:0.19333333333333333
InsertImpl:0.19
UpdateImpl:0.18333333333333332
DeleteImpl:0.18333333333333332
UpdateQueryImpl:0.18
AbstractStoreQuery:0.16333333333333333
InsertQueryImpl:0.14333333333333334
DeleteQueryImpl:0.06666666666666667
