DefaultRegisteredServiceAccessStrategy:0.6433333333333333
GrouperRegisteredServiceAccessStrategy:0.41833333333333333
TimeBasedRegisteredServiceAccessStrategy:0.32666666666666666
