ConnectionsAndLayoutDrawingModel:0.4866666666666667
NoLayoutNoConnectionsDrawingModel:0.4866666666666667
ConnectionsNoLayoutDrawingModel:0.4866666666666667
