TransactionalMapProxySupport:0.54
TransactionalMapProxy:0.4866666666666667
EntryBackupOperation:0.37122222222222223
