MapServiceContextImpl:0.35333333333333333
NearCacheInvalidationListener:0.34
LoggerTest:0.33666666666666667
LoggerStressTest:0.28
PublisherCreateOperation:0.2633333333333333
ClientLoggerConfigurationTest:0.22333333333333333
ReadAndResetAccumulatorOperation:0.19333333333333333
CustomLoggerFactorySingularityTest:0.17
AbstractBaseNearCacheInvalidationListener:0.16333333333333333
Pre38MapAddNearCacheEntryListenerMessageTask:0.15666666666666668
Pre38CacheAddInvalidationListenerTask:0.15666666666666668
NodeQueryCacheEndToEndConstructor:0.13333333333333333
MapAddNearCacheInvalidationListenerMessageTask:0.13
CacheAddNearCacheInvalidationListenerTask:0.10666666666666667
Pre38NearCacheInvalidationListener:0.09333333333333334
QueryCacheMapWideEventsTest:0.05333333333333334
InvocationUtil:0.05
AbstractCacheClientNearCacheInvalidationListener:0.03333333333333333
AbstractMapClientNearCacheInvalidationListener:0.013333333333333334
LocalOperation:0.006666666666666667
InvocationUtilTest:0.0
