HTMLInputElement:0.4752777777777777
HTMLPreElement:0.16333333333333333
HTMLMarqueeElement:0.14666666666666667
HTMLVideoElement:0.09666666666666666
HTMLHRElement:0.06666666666666667
