TransformationTestSupport:0.6733333333333333
GM03Iso19139RountripTest:0.49
ValidateTransformationTest:0.016666666666666666
