TagQueryService:0.4266666666666667
ArticleProcessor:0.3233333333333333
ArticleMgmtService:0.2833333333333333
UserQueryService:0.2833333333333333
ArticleAddValidation:0.2
UpdateProfilesValidation:0.15
