AbstractDialogTesterTest:0.6341666666666667
AllTests:0.23666666666666666
InvokeNewWizardTest:0.23
