InitializationHook:0.7572380952380953
NodeRunner:0.55
InitializationHooksHandler:0.12
DiscoveryHook:0.09666666666666666
