AccessUtils:0.5133333333333333
EntityIndexUtils:0.45
AccessControlManagerImpl:0.2833333333333333
ManageGroupPrincipalsController:0.18666666666666668
