SqlScript:0.5966666666666667
MetaDataTable:0.51
MySQLDbSupport:0.3333333333333333
H2DbSupport:0.20666666666666667
OracleDbSupport:0.20666666666666667
HsqlDbSupport:0.20666666666666667
Flyway:0.19333333333333333
DbMigrator:0.185
BaseJavaMigration:0.18333333333333332
Main:0.09
