DefaultEdge:0.8716666666666667
NodeEdgeHashMap:0.4066666666666667
