IssueServiceImpl:0.6427777777777778
NotificationDAOImplTest:0.37
WatchIssueAction:0.24333333333333335
