Node:0.7482777777777778
ExternalTest:0.4238888888888889
