File:0.6166666666666667
MJIEnv:0.44
JPF_java_io_FileDescriptor:0.23
FileInputStream:0.22333333333333333
FileDescriptor:0.13
JPF_java_io_File:0.08333333333333333
JPF_java_lang_StringCoding:0.03333333333333333
JPF_java_io_FileInputStream:0.03
