CheckDependenciesIT:0.6608333333333334
CheckAllDependenciesIT:0.22277777777777777
ClientCheckDependenciesIT:0.22277777777777777
