JCPMultiPageEditor:0.7044444444444444
JCPMultiPageEditorContributor:0.47388888888888886
