Context:0.6866666666666666
Menu:0.6783333333333333
ChooseBlueprintAction:0.2833333333333333
