SurtPrefixSetTest:0.54
SURT:0.48301587301587307
SurtPrefixSet:0.2841666666666667
