HttpTest:0.57
HttpClientOptions:0.5233333333333333
HttpClientOptionsConverter:0.22333333333333333
ConnectionManager:0.15
