FormTagBase:0.6666666666666666
InputTag:0.36666666666666664
ValueTag:0.21333333333333335
QueryTag:0.21
