GwtTeamingMessages:0.31666666666666665
AccessoriesPanel:0.29333333333333333
DashboardHelper:0.29333333333333333
GwtServerHelper:0.23333333333333334
GwtRpcServiceImpl:0.2277777777777778
GwtViewHelper:0.19333333333333333
GetJspHtmlCmd:0.06666666666666667
JspHtmlRpcResponseData:0.05
GetBinderAccessoriesCmd:0.043333333333333335
BinderAccessoriesRpcResponseData:0.04
