Fiber:0.7366666666666667
Strand:0.4558333333333333
ThreadStrand:0.38
FiberStrand:0.28833333333333333
