EditUtils:0.36
Update:0.3555555555555555
Set:0.23
Remove:0.12333333333333334
Login:0.12166666666666667
PwUpdate:0.12
CswDispatcher:0.11
Download:0.11
Unset:0.10666666666666667
Info:0.10666666666666667
Forward:0.10333333333333333
Delete:0.09
AddAttribute:0.08666666666666667
AddElement:0.08666666666666667
DeleteAttribute:0.08666666666666667
MoveElement:0.08666666666666667
DeleteElement:0.08666666666666667
