SubProcessState:0.5666666666666667
SendMessage:0.465
ReceiveMessageBean:0.27
ProcessIdFormat:0.19666666666666666
