IncrementalSelection:0.6312222222222221
ControllerHub:0.51
IChemModelRelay:0.39666666666666667
IChemObjectSelection:0.3333333333333333
SelectionGenerator:0.19333333333333333
SingleSelection:0.06333333333333334
MultiSelection:0.06333333333333334
AbstractSelection:0.006666666666666667
