Formatter:0.5766666666666667
ExpressionSerializer:0.23
ExpressionFormatter:0.22666666666666666
SqlFormatter:0.12333333333333334
