MapRenderer:0.35333333333333333
MainMenu:0.35
GameOverScreen:0.21
IntroScreen:0.21
GameScreen:0.16333333333333333
CubocScreen:0.09916666666666667
