DownloadUtil:0.7233333333333334
ConnectionHelp:0.6135555555555555
