GlobalConfiguration:0.66
EnversSettings:0.5405555555555556
ValidityAuditStrategy:0.49166666666666664
