IcalCrawler:0.57
VcardSubCrawler:0.43666666666666665
IcalSubCrawlerTest:0.34
VcardSubCrawlerTest:0.12333333333333334
