EmailDocumentHandler:0.9533333333333334
TestEmail:0.41194444444444445
