HtmlTreeBuilder:0.3238888888888889
Whitelist:0.265
DocumentType:0.2594444444444445
Response:0.25333333333333335
UrlConnectTest:0.23666666666666666
DataUtil:0.23111111111111116
HttpConnection:0.19855555555555554
DocumentTypeTest:0.17333333333333334
HtmlParserTest:0.1
