SetupConnectionTask:0.4633333333333333
MultiplayerClient:0.44666666666666666
MultiplayerServer:0.35333333333333333
HostTask:0.30095238095238097
CentralRegistry:0.14
SetupTask:0.03
