CertificateRequestRequest:0.7166666666666667
PKCS10Request:0.59
RAApiTest:0.34
BaseCertRequest:0.21
SubMessageFactory:0.17666666666666667
CertificateRequestRequestProcessor:0.10333333333333333
