ActionMapper:0.71
DefaultActionMapper:0.41
ServletRedirectResult:0.23
DefaultActionMapperTest:0.22666666666666666
ConfigurationTest:0.19
RestfulActionMapperTest:0.17
FilterDispatcher:0.15333333333333332
TagUtils:0.07666666666666666
RestfulActionMapper:0.07333333333333333
NullActionMapper:0.043333333333333335
ServletRedirectResultTest:0.01
StrutsTestCase:0.0
