Record:0.6033333333333334
CMap:0.33666666666666667
ConcurrentMapManager:0.3333333333333333
BaseManager:0.27666666666666667
MMigrate:0.20333333333333337
MTargetAwareOp:0.14333333333333334
ListenerRegistrationProcess:0.11333333333333333
