AtomContainer:0.6933333333333334
RingSet:0.3566666666666667
SmilesGenerator:0.2633333333333333
PathTools:0.24666666666666667
CanonicalLabeler:0.24666666666666667
BondTools:0.21916666666666668
UniversalIsomorphismTester:0.21
RDFProtonDescriptor:0.2
ConjugatedPiSystemsDetector:0.18
RingPlacer:0.16666666666666666
RingPartitioner:0.14666666666666667
RotatableBondsCountDescriptor:0.13666666666666666
RingSetManipulator:0.13166666666666665
AtomTools:0.13
