Style:0.5066666666666667
LiferayStyle:0.44666666666666666
JetSpeed2Style:0.34
WebSpherePortalStyle:0.3233333333333333
