GridFSInputFile:0.6633333333333333
GridFSTest:0.3466666666666667
MyOutputStream:0.23333333333333334
