NutSql:0.6166666666666667
SqlLiteralTest:0.28
CustomizedSqlsTest:0.19666666666666666
SqlVarPItem:0.13
SqlParamPItem:0.13
