ElementDictionaryTest:0.5133333333333333
VRMapTest:0.5133333333333333
SAXAdapter:0.21111111111111108
