BinderModule:0.8933333333333333
WebKeys:0.7930555555555554
BinderHelper:0.42333333333333334
BinderModuleImpl:0.29
