WADOCache:0.7968253968253968
WADOCacheImpl:0.6066666666666667
WADORequestObjectImpl:0.48333333333333334
