ReportGedcomStatistics:0.5233333333333333
MultipleChoiceOption:0.48
Option:0.43
OptionsWidget:0.22666666666666666
