TS_Parser:0.4866666666666667
RubyClass:0.44
IRubyElement:0.4
RubyScript:0.39
RubyElement:0.24333333333333335
RubyOutlineLabelProvider:0.24333333333333335
RubyOutlineContentProvider:0.24
TC_RubyClass:0.0798888888888889
TC_RubyScript:0.05333333333333334
RubyMethod:0.043333333333333335
