WebUrlUtil:0.8866666666666667
WebKeys:0.4997222222222222
LoginFilter:0.26666666666666666
ReadFileController:0.22333333333333333
AbstractReadFileController:0.18666666666666668
