OAuthConstants:0.66
OAuth20AccessTokenControllerTests:0.38333333333333336
OAuthUtils:0.36
OAuth20AuthorizeController:0.27666666666666667
BaseOAuthWrapperController:0.25
OAuth20AuthorizeControllerTests:0.21666666666666667
OAuth20AccessTokenController:0.18666666666666668
