StandardVMType:0.44333333333333336
IVMInstallType:0.4220674603174603
StandardVMRunner:0.37
StandardVM:0.24333333333333335
StandardVMDebugger:0.19777777777777777
JRubyVM:0.08
JRubyVMRunner:0.04
JRubyVMType:0.03666666666666667
