TimedMemberStateFactory:0.7466666666666667
ManagementCenterService:0.39
StateSendThread:0.35
TimedMemberStateTest:0.18666666666666668
