Node:0.6786666666666666
JnetManager:0.4266666666666667
GraphData:0.31
FileDialog:0.25
SticksRenderer:0.23333333333333334
TabFileAdapter:0.21666666666666667
ModelLoader:0.18666666666666668
RawNodeProperties:0.11666666666666667
LineParser:0.06
