NettyAsyncHttpProvider:0.49666666666666665
FilterContext:0.2633333333333333
Builder:0.25333333333333335
AsyncHttpClientConfig:0.23666666666666666
FilterContextBuilder:0.18666666666666668
TransferCompletionHandler:0.16
