Beans:0.41
DefaultWebflowConfigurer:0.4
OpenSamlConfigBean:0.3433333333333333
CoreSamlConfiguration:0.23333333333333334
CasProtocolViewsConfiguration:0.22
CasWebflowConstants:0.05333333333333334
