BodySubscriber:0.27666666666666667
CallArbiter:0.24
ResultSubscriber:0.15
ObservableTest:0.10333333333333333
SingleTest:0.1
CompletableTest:0.013333333333333334
