SiteminderAuthenticationProcessingFilter:0.7027777777777778
SiteminderAuthenticationProcessingFilterTests:0.4066666666666667
