XMLWidget:0.44333333333333336
XMLObject:0.41
PropertyTable:0.3933333333333333
ServerExtensionLoader:0.37666666666666665
XMLType:0.3333333333333333
ServerConfigurationParser:0.2633333333333333
ARINCModelFactory:0.24333333333333335
WidgetTableConstructor:0.21333333333333335
WidgetsRefHandler:0.20833333333333334
DefaultARINCUtils:0.20666666666666667
LayerTreeEditor:0.20333333333333334
GrowableTable:0.19666666666666666
WidgetListener:0.18333333333333332
EditorWidgetTableConstructor:0.18
BufferArrayPanel:0.18
ClientWidgetsRefHandler:0.17333333333333334
DefaultEventStructConverter:0.16333333333333333
BufferOfParamPanel:0.16333333333333333
BufferArrayListener:0.16
DefaultDataTypeHandler:0.14333333333333334
DFListener:0.12
BufferArrayEditor:0.08333333333333333
ArrayEditorListener:0.08
CodedType:0.07333333333333333
BufferArrayCell:0.06333333333333334
StaticParamBufferExtension:0.0
ConfigProperties:0.0
