LazyBSONList:0.38666666666666666
LazyBSONCallback:0.37333333333333335
LazyBSONObject:0.35333333333333333
LazyDBObject:0.33133333333333337
LazyWriteableDBObject:0.2377777777777778
LazyDBList:0.2227777777777778
LazyDBCallback:0.17111111111111113
LazyWriteableDBCallback:0.11666666666666667
LazyBSONDecoder:0.06
LazyDBDecoder:0.04111111111111111
