TemporalFormula:0.37
SystemProperties:0.36333333333333334
SPORule:0.36
SystemRecord:0.3333333333333333
Simulator:0.31333333333333335
SPOEvent:0.2733333333333333
AbstractCondition:0.23166666666666666
NameLabel:0.21666666666666667
CTLTransitionMarker:0.12
MinimalAnchorFactory:0.10333333333333333
ParameterAspect:0.06666666666666667
