GeneBean:0.47333333333333333
LoggedConnection:0.31666666666666665
TermTable:0.21333333333333335
GeneBeanFactory:0.19666666666666666
LoggedStatement:0.17
NullToEmptyStringMap:0.15333333333333332
NullGeneBean:0.03666666666666667
