NettyResponseFuture:0.45666666666666667
NettyAsyncHttpProvider:0.41333333333333333
AsyncProvidersBasicTest:0.37
FutureImpl:0.24397619047619046
JDKFuture:0.17666666666666667
