JFXServerWrapper:0.5222222222222221
JFXScenarioViewer:0.35333333333333333
JFXPerformanceDialog:0.3333333333333333
