SelectAnalyzerTest:0.44666666666666666
TransportSQLActionTest:0.37
InformationSchemaTest:0.24666666666666667
ClusterIdExpression:0.2434285714285714
SysClusterExpressionModule:0.24333333333333335
HandlerSideLevelCollectTest:0.15
