ReflectionCacheSourceCreator:0.52
ResourceData:0.48333333333333334
CameraInputController:0.36333333333333334
ParticleEffectLoader:0.22
