OffsetNodeLocator:0.5461111111111111
DefaultReferenceFinder:0.38666666666666666
DefaultOccurenceFinder:0.24666666666666667
