QueryShardContext:0.5233333333333333
AbstractQueryTestCase:0.32666666666666666
IndexService:0.24333333333333335
AbstractQueryBuilder:0.20333333333333334
QueryRescorer:0.19666666666666666
PhraseSuggester:0.12333333333333334
PostFilterParseElement:0.11666666666666667
QueryParseElement:0.11666666666666667
Rescorer:0.085
CheckedFunction:0.0011111111111111111
