JobSupport:0.4
StepSupport:0.33666666666666667
ItemOrientedStepTests:0.3233333333333333
AbstractStep:0.30666666666666664
TaskletStep:0.27
ItemOrientedStep:0.24
AbstractJob:0.21666666666666667
SimpleJob:0.14333333333333334
AbstractJobTests:0.03333333333333333
