PageCache:0.44866666666666666
FormTagBase:0.42333333333333334
QueryTag:0.37
MakumbaTag:0.36333333333333334
ValueComputer:0.23
ValueTag:0.19
QueryValueComputer:0.18333333333333332
InputTag:0.15666666666666668
ParseStatus:0.14
AddTag:0.08
NewTag:0.0
