MenuAdapter:0.54
MailProvider:0.33
MenuFragment:0.2733333333333333
DefaultAccountManager:0.22333333333333333
LabelClickListener:0.043333333333333335
