AbstractDbDialect:0.49166666666666664
IDbDialect:0.35
CsvLoader:0.32666666666666666
SybaseDbDialect:0.27
MsSqlDbDialect:0.27
VariableColumnTransform:0.21366666666666664
TransformDataLoader:0.14
