Platform:0.5066666666666667
ScriptEditor:0.4766666666666667
UnitTestSuite:0.27666666666666667
ScriptTableSelectionHandler:0.22333333333333333
RobotTest:0.20416666666666666
AWTTest:0.2
PlatformTest:0.16966666666666666
FrameworkTestSuite:0.15666666666666668
AWT:0.14666666666666667
ScriptFilter:0.09333333333333334
AllTests:0.05
