SystemProperties:0.56
ClassLoaderUtil:0.4033333333333333
IOCommons:0.37333333333333335
TaskHandlerClassesInformation:0.26
