SeriesModel:0.5033333333333333
PatientModel:0.45
AbstractModel:0.33666666666666667
StudyFilterModel:0.2833333333333333
