MTGRoot:0.7333333333333333
View:0.44
MTGExport:0.23333333333333334
MTGFilter:0.19
