SetOfAtomContainers:0.49666666666666665
Reaction:0.3933333333333333
SetOfAtomContainersTest:0.2633333333333333
