Text:0.5766666666666667
Jerry:0.40055555555555555
DomBuilderTest:0.26666666666666666
