MaterialViewPagerAnimator:0.6933333333333334
MaterialViewPagerHelper:0.39
MainActivity:0.11333333333333333
