CodedType:0.75
XMLType:0.49333333333333335
A661Factory:0.49166666666666664
Attribute:0.48
EditorMode:0.33666666666666667
AbstractEditorLayerManager:0.29
SwingEditorLayerManager:0.2833333333333333
ServerXMLObjectAttribute:0.26
ARINCClientWidgetFactory:0.25666666666666665
ARINCModelFactory:0.25333333333333335
GenerateWORDAction:0.25333333333333335
JFXEditorLayerManager:0.24333333333333335
XMLTypeTest:0.23666666666666666
DefaultBufferOfItemsConverter:0.22666666666666666
AbstractServerEngine:0.22333333333333333
DefaultServerBinaryDFHandler:0.21666666666666667
DefaultARINCUtils:0.21166666666666667
DefaultBinaryDFDecoder:0.21
SyntheticWidget:0.20333333333333334
WidgetDefaultsHandler:0.2
ClientWidgetsRefHandlerTest:0.19
DefaultDataTypeHandler:0.18666666666666668
ProtocolInputDecoder:0.18333333333333332
AbstractXMLDFHandler:0.18333333333333332
TreeEditorHelper:0.18333333333333332
AbstractClientEngine:0.17333333333333334
WidgetDefPlugin:0.17
DefaultA661ServerFactory:0.16
WidgetEvent:0.15766666666666668
ParameterStruct:0.14333333333333334
ClientWidgetsRefHandler5Test:0.14333333333333334
DefaultBufferFormatUtils:0.14333333333333334
GenerateDocumentDialog:0.13166666666666665
ClientUtilities:0.13
BufferFormatTablePanel:0.12666666666666668
RelationshipsGenerator:0.12333333333333334
XMLLayer:0.12333333333333334
ARINCDefinitionVerifier:0.11666666666666667
SyntheticExtension:0.11
AbstractTableGenerator:0.09333333333333334
DefaultA661ClientFactory:0.08
WordGeneratorUtilities:0.07
KeyListenerImpl:0.0
