Entry:0.32166666666666666
BuildStatus:0.27416666666666667
MKS:0.2733333333333333
FakeUserSourceControl:0.245
TimeBuild:0.23333333333333334
P4:0.22416666666666665
AlienBrain:0.22083333333333333
CMSynergy:0.21333333333333335
SSCM:0.19416666666666665
Compound:0.19333333333333333
ClearCase:0.19333333333333333
PVCS:0.19083333333333333
HttpFileTest:0.16666666666666666
MavenSnapshotDependency:0.16416666666666666
FileSystem:0.14472222222222222
ForceOnlyTest:0.13666666666666666
HttpFile:0.13333333333333333
BuildStatusTest:0.13
AlwaysBuild:0.12666666666666668
SourceControl:0.10666666666666667
ForceOnly:0.10333333333333333
