Transaction:0.5766666666666667
Block:0.4766666666666667
TransactionOutput:0.47333333333333333
NetworkParameters:0.23
