Table:0.8466666666666667
ForeignKeyUtils:0.33666666666666667
TableDDLUtils:0.30333333333333334
ReferenceDDLUtils:0.30333333333333334
ReferenceUtils:0.2633333333333333
BusinessModel:0.23
ViewDDLUtils:0.17666666666666667
TableUMLNotation:0.09166666666666666
ForeignKeyConvention:0.07333333333333333
