Errable:0.35
AEEditSubmitCtrl:0.2866666666666667
AENewSubmitCtrl:0.24333333333333335
AEEditCtrl:0.07333333333333333
AENewCtrl:0.043333333333333335
AEDeleteCtrl:0.0033333333333333335
AEListCtrl:0.0
