ConnectorFactory:0.7200000000000001
HttpConnectorFactory:0.42
AbstractServerFactory:0.42
DefaultServerFactory:0.3433333333333333
SimpleServerFactory:0.2733333333333333
HttpsConnectorFactory:0.22333333333333333
Spdy3ConnectorFactory:0.03666666666666667
