HighlighterSearchTests:0.36666666666666664
SimpleQueryTests:0.35333333333333333
CompletionSuggestSearchTests:0.25
PreBuiltAnalyzerTests:0.21
AbstractTermVectorTests:0.19666666666666666
AnalyzeActionTests:0.15333333333333332
StandardAnalyzerProvider:0.14
