GwtViewHelper:0.4411111111111111
FolderColumnsRpcResponseData:0.36833333333333335
FolderColumnsConfigDlg:0.35
DefaultEmailFormatter:0.2633333333333333
ManageCommentsDlg:0.25777777777777783
