CodeEmitter:0.44333333333333336
ClassEmitter:0.4166666666666667
State:0.39666666666666667
DebuggingClassWriter:0.22333333333333333
ClassReaderGenerator:0.12666666666666668
AbstractTransformTask:0.11333333333333333
