MethodInfo:0.5522222222222222
ContractVerifier:0.30333333333333334
Contract:0.28
TestContracts:0.17
EmptyContract:0.043333333333333335
TestContractsBase:0.0
