MySQLDbSupport:0.7443333333333333
MySQLConcurrentMigrationMediumTest:0.3805952380952381
