PathTreeWidget:0.5933333333333334
TableViewSettings:0.36666666666666664
PathListWidget:0.25666666666666665
ActionInsert:0.14333333333333334
TimelineViewSettings:0.135
