Simulation:0.5133333333333333
GameLoop:0.27666666666666667
GameOver:0.21666666666666667
GamepadTest:0.2
MainMenu:0.16
