MockExternalContext:0.7233333333333334
AbstractFlowExecutionTests:0.4866666666666667
