Flyway:0.6633333333333333
Main:0.33
DbClean:0.27
DbRepair:0.17555555555555558
DbValidate:0.16333333333333333
DbBaseline:0.16333333333333333
