NameTable:0.6566666666666666
JavaToIOSMethodTranslatorTest:0.2966666666666667
NameTableTest:0.25666666666666665
JavaToIOSMethodTranslator:0.17
