TransformClassVisitor:0.7766666666666666
TestTransformVisistor:0.35333333333333333
TransformDemo:0.24333333333333335
TestAll:0.09
