DriverConductor:0.6833333333333333
Context:0.4
DriverConductorTest:0.36333333333333334
SenderProxy:0.32
