AspectGraph:0.47
FileGps:0.4266666666666667
AspectualRuleView:0.37
OperatorEdge:0.24800000000000003
MergeEmbargo:0.22983333333333333
CompositeEvent:0.2235
CTLModelChecker:0.21666666666666667
DefaultTypeGraph:0.18666666666666668
JarGps:0.14166666666666666
ArgumentEdge:0.12
EdgeAnchorFactory:0.04
