Try:0.5633333333333334
Failure:0.3566666666666667
AbstractValueTest:0.30666666666666664
