PojoCodec:0.7933333333333333
PojoCodecTest:0.37
SimpleEnumCodec:0.30666666666666664
