TextFieldType:0.6533333333333333
RangeQueryBuilderTests:0.4166666666666667
TextFieldMapper:0.25666666666666665
FieldNamesFieldMapperTests:0.25333333333333335
