ShapeJModel:0.35
EquivClassJCell:0.31666666666666665
ShapeJEdgeView:0.27666666666666667
ShapeJPortView:0.24
TestPatternGraphGenerator:0.20892857142857144
Test:0.18
ShapePreviewDialog:0.16938888888888887
ShapeJCellViewFactory:0.15333333333333332
