Redisson:0.44
RedissonBatch:0.31
RedissonCache:0.27
RedissonLocalCachedMap:0.26916666666666667
RMultimap:0.24666666666666667
RedissonSetMultimap:0.24
RedissonListMultimap:0.24
RedissonMap:0.23333333333333334
RMap:0.22337301587301586
RedissonMapReactive:0.22
RedissonListMultimapCache:0.16333333333333333
RedissonSetMultimapCache:0.16333333333333333
RedissonMapCache:0.12666666666666668
RedissonMultimap:0.12666666666666668
