Repository:0.6166666666666667
Snapshot:0.5933333333333334
BlobContainer:0.545
Entry:0.3466666666666667
BlobStoreRepository:0.31666666666666665
SnapshotsService:0.26666666666666666
BlobContainerWrapper:0.25333333333333335
FsBlobContainer:0.22166666666666668
BlobStoreIndexShardRepository:0.19333333333333333
SharedClusterSnapshotRestoreTests:0.18666666666666668
Factory:0.18333333333333332
SnapshotContext:0.175
URLBlobContainer:0.17333333333333334
DedicatedClusterSnapshotRestoreTests:0.09
BlobStoreTest:0.06
Fields:0.05333333333333334
