Sound:0.6966666666666667
IOSSound:0.31833333333333336
AndroidSound:0.29333333333333333
LwjglDebugStarter:0.20666666666666667
OpenALSound:0.16833333333333333
GwtSound:0.1275
