MapFacadeBean:0.43666666666666665
EmailNotifications:0.35
SellerTest:0.3
Is:0.17
XArrays:0.11333333333333333
