BackgroundAnimation:0.63
BorderAnimation:0.63
JFXFactory:0.35333333333333333
JFXZoomManager:0.35
Target:0.33
JFXRendererPropertiesFactory:0.32666666666666666
Widget:0.25
Renderer:0.20666666666666667
