ReflectionUtils:0.5933333333333334
IsPotentialJUnit4TestClass:0.38777777777777783
IsInnerClass:0.31666666666666665
