Model:0.6883333333333334
PropertyTableWidget:0.41333333333333333
ValueSG:0.22666666666666666
NameSG:0.16666666666666666
