FilePair:0.7033333333333334
JFlexMojo:0.45666666666666667
JFlexMojoTest:0.25333333333333335
ParserTest:0.2
