SynthContext:0.55
SynthStyle:0.5466666666666666
Renderer:0.4666666666666667
Synth2LookAndFeel:0.33916666666666667
SynthTabbedPaneLayout:0.3
DefaultSynthStyle:0.2866666666666667
StateInfo:0.2866666666666667
SynthLabelUI:0.27666666666666667
ObjectHandler:0.26666666666666666
MutableExpression:0.2625
Synth2Parser:0.25666666666666665
SpinnerLayout:0.2397222222222222
SynthComboBoxUI:0.23333333333333334
SynthButtonUI:0.23
SynthScrollBarUI:0.22476190476190477
SynthInternalFrameTitlePane:0.22333333333333333
SynthTableUI:0.22
SynthSplitPaneUI:0.21666666666666667
SynthSpinnerUI:0.21333333333333335
SynthMenuItemUI:0.21
SynthListUI:0.20666666666666667
SynthTabbedPaneUI:0.20666666666666667
SynthComboPopup:0.20333333333333334
SynthProgressBarUI:0.20333333333333334
SynthScrollPaneUI:0.20333333333333334
SynthTreeUI:0.19666666666666666
SynthViewportUI:0.19333333333333333
SynthTrackListener:0.19305555555555554
SynthMenuUI:0.19
BearingCacheEntry:0.18166666666666667
DefaultSynthStyleFactory:0.17
SynthTitlePaneLayout:0.16333333333333333
SynthTableCellRenderer:0.16333333333333333
SynthBooleanTableCellRenderer:0.16
SynthToolBarLayoutManager:0.14
SynthComboBoxRenderer:0.11666666666666667
SynthListCellRenderer:0.06666666666666667
