UploadState:0.7383333333333333
StatusBar:0.35833333333333334
