InternalSearchHit:0.715
ClientHit:0.2833333333333333
SearchFieldsIT:0.2833333333333333
InternalSearchHitTests:0.12
