TupleInfo:0.43
UncompressedPositionBlock:0.32
MaskedValueBlock:0.27666666666666667
DataScan1:0.25666666666666665
RangePositionBlock:0.23666666666666666
RangePositionBlockCursor:0.21333333333333335
UncompressedPositionBlockCursor:0.20333333333333334
MaskedBlockCursor:0.14666666666666667
Blocks:0.11666666666666667
TestExample:0.03833333333333333
DataScan3:0.021666666666666667
