JpaSchemaGenerator:0.3466666666666667
ScriptSource:0.30666666666666664
ScriptsTarget:0.19
DatabaseTarget:0.1511111111111111
ImportScriptSource:0.13333333333333333
GenerationSource:0.09777777777777778
MetadataSource:0.07666666666666666
CreateSchemaCommandSource:0.03666666666666667
AvailableSettings:0.03
