BioMobyInputsWizard:0.6433333333333333
ExecuteMobyServiceAction:0.27666666666666667
