RelsExtValidator:0.7833333333333333
DateUtility:0.36666666666666664
RelsExtValidatorTest:0.31333333333333335
TestDateUtility:0.21333333333333335
