ValueType:0.6366666666666667
AccessorAttributesCollector:0.41333333333333333
