AnnotatedAction:0.8633333333333333
AbstractFlowBuilder:0.5
XmlFlowBuilder:0.24333333333333335
AbstractBeanInvokingAction:0.17333333333333334
DefaultActionExecuteMethodKeyResolver:0.14
MultiAction:0.09166666666666666
