GravesLSTM:0.5466666666666666
LayerBuilderTest:0.4533333333333333
GravesLSTMParamInitializer:0.27666666666666667
Builder:0.21333333333333335
