DropTableExecution:0.61
DatabaseShardManager:0.5566666666666666
DropTableExecutionFactory:0.25333333333333335
