RulesTest:0.688888888888889
MyAssociationBond:0.5766666666666667
CompoundPanel:0.3
