ProcessInstanceBean:0.7669444444444444
AbstractFormInstanceLoader:0.5687222222222222
