WebKeys:0.5910000000000001
ViewEntryController:0.39666666666666667
ModifyEntryController:0.29333333333333333
