BaseHazelcastProperties:0.7433333333333333
HazelcastConfigurationFactory:0.5933333333333334
