BotStationStatusTag:0.43
StopPeriodicBotsInvocationAction:0.27666666666666667
StartPeriodicBotsInvocationAction:0.27666666666666667
