DBCollection:0.5233333333333333
GeoSphereKey:0.42333333333333334
AddIndexAcceptanceTest:0.20666666666666667
DBCollectionTest:0.19666666666666666
