zxJDBC:0.6633333333333333
PyCursor:0.43666666666666665
Procedure:0.29
MySQLDataHandler:0.21666666666666667
