Decoder:0.7066666666666667
Protocol:0.7033333333333334
Channel:0.42333333333333334
Logging:0.38666666666666666
ProtocolInputDecoder:0.3233333333333333
AbstractARINCDecoder:0.30666666666666664
ServerConfigurationParser:0.27
AbstractWidgetFactory:0.2633333333333333
DefaultBinaryDFDecoder:0.26
SyntheticHelper:0.24666666666666667
StatefullAPIImpl:0.24
DummyProtocol:0.23333333333333334
DefaultProcessingListener:0.22666666666666666
DefaultBufferOfItemsConverter:0.22333333333333333
JFXCursor:0.22333333333333333
StatefullAPIImplTest:0.21666666666666667
EngineConfigurator:0.20666666666666667
ServerMessageProcessor:0.20333333333333334
TCPReceptionThread:0.2
AbstractProtocol:0.2
AbstractConfigurationParser:0.2
ConcreteLayerPainterTest:0.19
JFXLayerPainterTest:0.19
TCPProtocol:0.18
OpenRawAction:0.18
ProcessingEventThread:0.15666666666666668
LimitedEventQueue:0.15666666666666668
ProtocolInputDecoderServer_8Test:0.14333333333333334
DefaultEventQueue:0.13833333333333334
ScenarioDebuggerAction3Test:0.13666666666666666
ConfigProperties:0.12333333333333334
ConnectionThread:0.12
GraphicsUtils:0.11
WriterEventQueue:0.105
ScenarioDebuggerActionTest:0.07
HexaDecoder:0.05333333333333334
