ConcurrentVersionsSystem:0.6133333333333333
CVS:0.4866666666666667
CruiseControlController:0.26666666666666666
CruiseControlControllerTest:0.18666666666666668
CruiseControlControllerJMXAdaptorTest:0.13666666666666666
ConfigurationTest:0.13666666666666666
PluginConfigurationTest:0.12
GenericSourceControlDetailsTest:0.11
ConcurrentVersionsSystemTest:0.08666666666666667
