RScoredSortedSet:0.7256944444444445
RedissonScoredSortedSet:0.6333333333333333
RScoredSortedSetAsync:0.18416666666666667
RedissonScoredSortedSetTest:0.15333333333333332
RedisCommands:0.06333333333333334
