LazyBSONObject:0.41333333333333333
LazyBSONList:0.41333333333333333
LazyWriteableDBObject:0.22
LazyDBList:0.21666666666666667
LazyDBObject:0.21666666666666667
