Block:0.6833333333333333
CondensedAlignment:0.4633333333333333
Mapper:0.3
