SnmpCollector:0.52
CollectableService:0.4866666666666667
Initializer:0.3233333333333333
CollectionSpecification:0.31666666666666665
ServiceCollector:0.18722222222222223
JMXCollector:0.18
CollectionInterface:0.03
