TestAttributeSet:0.33666666666666667
ViewNode:0.3233333333333333
StringResourceLoader:0.29444444444444445
ResourceExtractor:0.29
ResourceLoader:0.2361111111111111
ViewLoader:0.23
ViewLoaderTest:0.16
ShadowLayoutInflater:0.11
