KuwaibaService:0.5
LocalClassMetadata:0.4666666666666667
CommunicationsStub:0.45
LocalAttributeMetadata:0.45
ObjectFactory:0.4
LocalConfigurationVariable:0.23
Constants:0.2211111111111111
ObjectNode:0.21333333333333335
Utils:0.18333333333333332
SetAttributePropertiesForClassWithId:0.18
CreateAttributeForClassWithId:0.18
CreateAttribute:0.18
SetAttributeProperties:0.18
RemoteAttributeMetadata:0.155
AttributeMetadataProperty:0.15
ClassHierarchyReaderImpl:0.14333333333333334
SyncActionsFrame:0.14333333333333334
RemoteClassMetadata:0.135
NewSyncGroupAction:0.12333333333333334
MultipleListTypePropertyEditor:0.12333333333333334
ListManagerService:0.10666666666666667
CreateAttributeAction:0.10333333333333333
NativeTypeProperty:0.09333333333333334
ConfigurationVariableNativeTypeProperty:0.08333333333333333
ConfigurationVariableNode:0.08
AttributeMetadataNode:0.07
MultipleListTypeProperty:0.04666666666666667
SingleListTypePropertyEditor:0.045
SingleListTypeProperty:0.006666666666666667
