EntityIndexUtils:0.6366666666666667
LuceneSession:0.6233333333333333
AbstractBinderProcessor:0.38
WorkspaceModuleImpl:0.36
LocalLuceneSession:0.3
DefaultWorkspaceCoreProcessor:0.0
