GrooveFileChooser:0.6833333333333333
Simulator:0.43333333333333335
ImagerFrame:0.24777777777777782
PrologPanel:0.2394444444444445
Imager:0.23666666666666666
LoadGrammarAction:0.18333333333333332
NewGrammarAction:0.16
FromFileAction:0.11
Exporter:0.08
Importer:0.07
