ConfigurationProcessor:0.55
ConfigurationProcessorTests:0.3333333333333333
HiddenBeans:0.2
MethodBeanWrapper:0.18833333333333332
ConfigurationPostProcessor:0.16666666666666666
AspectJAdviceConfigurationListener:0.14333333333333334
ScopedProxyConfigurationListener:0.14
BeanNameTrackingDefaultListableBeanFactory:0.11444444444444445
SpringAdviceConfigurationListener:0.11333333333333333
AutoBeanConfigurationListener:0.11333333333333333
ProcessUtils:0.10333333333333333
ComponentScanningTests:0.08333333333333333
AbstractAopConfigurationListener:0.07333333333333333
HiddenBeanPostProcessorTests:0.06
InvalidDuePrivateBeanMethod:0.033650793650793646
