View:0.58
VFSBrowser:0.3160555555555556
DockableLayout:0.28777777777777774
StatusBar:0.25333333333333335
ToolBarManager:0.245
