SetPortletModeAction:0.6972777777777778
SetPortletModeActionTest:0.4666666666666667
