AbstractTestQueries:0.5233333333333333
TestAnalyzer:0.4266666666666667
Optimizer:0.31
