NetcdfProjection:0.47333333333333333
NetcdfTransformFactoryTest:0.31
ProjectionProvider:0.24333333333333335
Transverse:0.192
Albers:0.192
Ortho:0.192
LambertAzimuthal:0.192
Mercator2SP:0.17666666666666667
ObliqueStereographic:0.15
LambertConic1SP:0.15
