El2:0.6333333333333333
LBracketOpt:0.2833333333333333
RBracketOpt:0.2833333333333333
QuestionOpt:0.28
AndOpt:0.16666666666666666
OrOpt:0.16666666666666666
ElFieldMacro:0.16333333333333333
NotOpt:0.16
RPNCalculate:0.13166666666666665
QuestionSelectOpt:0.13
SimpleSpeedTest:0.13
AbstractPathView:0.12333333333333334
Converter:0.12333333333333334
AbstractOpt:0.11666666666666667
StringParse:0.11
Trim:0.08333333333333333
ValParse:0.08333333333333333
OptParse:0.08
