Util:0.5933333333333334
Log:0.53
AntProgressLoggerInstaller:0.22333333333333333
BuildAgentServiceImpl:0.21666666666666667
WeblogPublisherTest:0.21
CruiseControlControllerJMXAdaptor:0.20666666666666667
AntBuilderTest:0.18666666666666668
ZipUtil:0.185
CruiseControlControllerTest:0.18
BuildAgentServiceImplTest:0.18
NantBuilderTest:0.17666666666666667
NavigationTagTest:0.175
MainTest:0.17
StatusHelperTest:0.12333333333333334
CruiseControlConfigPreConfTest:0.12333333333333334
XSLTLogPublisher:0.12333333333333334
EmbeddedJettyServerTest:0.10333333333333333
CurrentBuildFileWriter:0.10333333333333333
NavigationCountTagTest:0.1
