AbstractEvictableRecordStore:0.38
EvictionTest:0.37583333333333335
ReadOnlyRecordIterator:0.22333333333333333
ExpirationListenerTest:0.13166666666666665
