GeoDistanceSortBuilder:0.3566666666666667
XFieldComparatorSource:0.26
DoubleValuesComparatorSource:0.21666666666666667
BytesRefFieldComparatorSource:0.21333333333333335
AbstractSortTestCase:0.2
FieldSortBuilderTests:0.11666666666666667
FloatValuesComparatorSource:0.11333333333333333
LongValuesComparatorSource:0.11333333333333333
