PPTGraphics2D:0.4533333333333333
TextureHelper:0.4166666666666667
J2DPrismGraphics:0.3433333333333333
PPTResourceFactory:0.2833333333333333
InitCreateTextureAction:0.10861111111111109
PixelData:0.10333333333333333
InitCreateRTTextureAction:0.023333333333333334
InitCreateFactoryAction:0.023333333333333334
