VariationalAutoencoder:0.4633333333333333
BaseLayer:0.2966666666666667
RBM:0.26233333333333336
ConvolutionLayer:0.26233333333333336
BaseOutputLayer:0.23666666666666666
CenterLossOutputLayer:0.23666666666666666
EmbeddingLayer:0.2306666666666667
