Cfg:0.53
DownloadFile:0.44
NetworkManager:0.41
HostManager:0.36050000000000004
DlgConfigIgnore:0.19666666666666666
DlgConfigInvalid:0.19666666666666666
DlgConfigFilter:0.19666666666666666
ActionHostInvalid:0.19
ActionHostIgnore:0.19
ActionNetworkResetStat:0.13666666666666666
JobsRunner:0.13666666666666666
DownloadTableModel:0.13
ActionHostRemove:0.13
ActionHostDisconnect:0.13
ActionHostConnectFromCatcher:0.13
ActionHostConnect:0.13
ActionHostResetCatcher:0.11
