SequenceI:0.62
SeqFeature:0.43
GenbankAdapter:0.31666666666666665
FeatureSet:0.29333333333333333
GAMEAdapter:0.27
Transcript:0.24333333333333335
TranslatedSequence:0.2322222222222222
AbstractSequence:0.22
