ClassMetadataChildren:0.28
ClassMetadataSpecialChildren:0.28
ClassMetadataSpecialNode:0.25
ContainmentManagerTopComponent:0.24
ContainmentManagerService:0.22333333333333333
ClassMetadataNode:0.21666666666666667
RemovePossibleSpecialChildAction:0.18666666666666668
RemovePossibleChildAction:0.17333333333333334
