SDHModuleService:0.5833333333333334
ChooseRouteStep:0.4766666666666667
ObjectNode:0.36333333333333334
ChooseTributaryLinkResourcesStep:0.2866666666666667
ChooseContainerLinkResourcesStep:0.26916666666666667
DeleteSDHConnection:0.25666666666666665
CustomAcceptActionProvider:0.24
SDHModuleActions:0.14666666666666667
ObjectEditorTopComponent:0.13666666666666666
SDHConnectionWizard:0.09333333333333334
HopDefinition:0.02666666666666667
AvailablePosition:0.016666666666666666
SpecialObjectNode:0.006666666666666667
