FileUploadProgressListener:0.4866666666666667
AjaxController:0.4066666666666667
FileModuleImpl:0.29333333333333333
ProgressListenerSessionResolver:0.25666666666666665
FileUploadItem:0.24333333333333335
FileHandler:0.23666666666666666
DefaultEmailPoster:0.22666666666666666
WebKeys:0.03
MultipartResolverProgressListening:0.02666666666666667
