MongoFind:0.46
MongoQuery:0.43
MongoCollectionStream:0.30666666666666664
MongoQueryCursor:0.29333333333333333
MongoQueryCursorTest:0.26666666666666666
MongoStream:0.21509523809523812
MongoCollectionImpl:0.17333333333333334
MongoCollectionTest:0.15333333333333332
MongoQueryTest:0.006666666666666667
