ComponentTester:0.5666666666666667
JTextFieldTesterTest:0.33666666666666667
JTextComponentTester:0.33666666666666667
JTextFieldTester:0.17
