RuntimeClass:0.6033333333333334
WriterUtility:0.2966666666666667
AnalyzerCaster:0.2966666666666667
LBrace:0.23
