GrailsUtils:0.58
CommonUtils:0.5672222222222222
PlayUtils:0.24666666666666667
