NamedAnalyzer:0.5433333333333333
PreBuiltAnalyzerProvider:0.29
DoubleFieldMapper:0.21
LongFieldMapper:0.20333333333333334
IntegerFieldMapper:0.20333333333333334
FloatFieldMapper:0.19666666666666666
AnalysisService:0.19333333333333333
Builder:0.185
BoostFieldMapper:0.18333333333333332
CustomAnalyzerWrapper:0.13
PreBuiltAnalyzerProviderFactory:0.1
NumericFloatAnalyzer:0.06
NumericLongAnalyzer:0.03
NumericDoubleAnalyzer:0.03
NumericIntegerAnalyzer:0.03
