UnboundedLocalCache:0.5866666666666667
ValuesView:0.313
EntrySetView:0.27166666666666667
EntryIterator:0.24414285714285716
UnboundedLocalAsyncLoadingCache:0.22333333333333333
EventDispatcher:0.19666666666666666
