IImageKeys:0.32277777777777783
CorporaView:0.27666666666666667
CreateFrequencyList:0.2733333333333333
ApplicationActionBarAdvisor:0.23666666666666666
GraphicalLogger:0.23666666666666666
RunGroovyImportScript:0.19111111111111112
SpecificitiesResultEditorInput:0.1902777777777778
GroovyImportScriptRunner:0.1877777777777778
CorrespondanceAnalysisEditorInput:0.16333333333333333
ConcordancesEditorInput:0.16305555555555556
