IAtom:0.6608333333333334
Atom:0.4
DebugAtom:0.37333333333333335
AtomTest:0.30666666666666664
CMLRoundTripTest:0.2966666666666667
PDBWriter:0.25333333333333335
DebugPseudoAtom:0.23666666666666666
