SpillableHashAggregationBuilder:0.4866666666666667
MergeHashSort:0.37333333333333335
TestMergeHashSort:0.30666666666666664
PageRewriteIterator:0.24333333333333335
SingleChannelPagePositions:0.19333333333333333
