AbstractGISView:0.6766666666666666
ApplicationEntityManager:0.57
BusinessEntityManager:0.5533333333333333
ActivityLogEntry:0.5116666666666667
MetadataEntityManager:0.48
ObjectNode:0.4533333333333333
RemoteBusinessObjectLight:0.44
AttributeMetadata:0.4
View:0.3566666666666667
Query:0.33666666666666667
Util:0.33666666666666667
LoginView:0.3233333333333333
BusinessEntityManagerImpl:0.30666666666666664
ClassInfo:0.28
DefaultReports:0.27
MetadataEntityManagerImpl:0.27
ApplicationEntityManagerImpl:0.26666666666666666
RemotePool:0.26
HTMLReport:0.26
ClassInfoLight:0.25
WebserviceBeanLocal:0.24916666666666668
AbstractNode:0.23
RemoteObjectLight:0.23
ObjectList:0.23
KuwaibaService:0.22666666666666666
RemoteObject:0.21
StringPair:0.21
RemoteSession:0.21
WebserviceBean:0.20333333333333334
UserInfo:0.19
AttributeInfo:0.17333333333333334
TransientQuery:0.15666666666666668
AnnotatedRemoteObjectLight:0.14333333333333334
ApplicationLogEntry:0.14
ServerStatus:0.13666666666666666
UserProfileLight:0.13666666666666666
TreeView:0.125
ApplicationView:0.12387301587301588
HTMLTable:0.11333333333333333
RemoteTask:0.11333333333333333
RemoteQueryLight:0.11
Constants:0.09
ObjectNodeProperty:0.08666666666666667
RemoteObjectSpecialRelationships:0.08666666666666667
Validator:0.08666666666666667
PrivilegeInfo:0.08333333333333333
RemoteReportLight:0.08333333333333333
TempBusinessRulesEngine:0.08
RemoteObjectLightList:0.07333333333333333
CategoryInfo:0.07333333333333333
IndexUI:0.07333333333333333
ViewLight:0.07333333333333333
TaskScheduleDescriptor:0.058333333333333334
HTMLComponent:0.058333333333333334
GroupInfoLight:0.058333333333333334
InventoryReport:0.058333333333333334
TaskNotificationDescriptor:0.058333333333333334
ViewInfo:0.055
GroupInfo:0.05333333333333334
RootNode:0.05333333333333334
RemoteTaskResult:0.05333333333333334
HTMLRow:0.05333333333333334
ViewInfoLight:0.051666666666666666
ObjectNodePropertyChangeValueListener:0.051388888888888894
ToolsBeanLocal:0.05
AbstractAction:0.04666666666666667
GoogleMapsGISView:0.04277777777777778
RemoteReport:0.03333333333333333
HTMLMessage:0.03333333333333333
HTMLColumn:0.03333333333333333
UserInfoLight:0.03333333333333333
RemoteObjectList:0.023333333333333334
ActionsFactory:0.023055555555555555
OperationNotPermittedException:0.02095238095238095
RemoteResultMessage:0.02
AbstractTooledComponent:0.02
ToolsBean:0.016666666666666666
AddObjectAction:0.011666666666666667
ClassMatadataNodeProperty:0.01
ClassMetadataNode:0.01
AbstractComposedAction:0.006666666666666667
RemoteQuery:0.006666666666666667
RawReport:0.0033333333333333335
ResultRecord:0.0
DeleteObjectAction:0.0
HTMLImage:0.0
