OAuthEncoder:0.5033333333333333
ParameterList:0.38666666666666666
ParameterListTest:0.17
BaseStringExtractorImpl:0.14
Foursquare2Api:0.11333333333333333
VkontakteApi:0.11333333333333333
LiveApi:0.11333333333333333
HMACSha1SignatureService:0.11333333333333333
TokenExtractorImpl:0.09
HeaderExtractorImpl:0.09
FacebookApi:0.09
PlaintextSignatureService:0.09
TokenExtractor20Impl:0.08333333333333333
