Query:0.5166666666666667
AstBuilder:0.46
DefaultTraversalVisitor:0.2833333333333333
Formatter:0.2394444444444445
AstVisitor:0.21
TestStatementBuilder:0.21
TestSqlParser:0.2
