WebSocket:0.56
RecordedResponse:0.33666666666666667
WebSocketWriterTest:0.3233333333333333
WebSocketReaderTest:0.29333333333333333
WebSocketWriter:0.2833333333333333
Call:0.2733333333333333
CallTest:0.27
RecordingCallback:0.2683333333333333
Internal:0.24753968253968253
ApplicationInterceptorChain:0.16333333333333333
WebSocketListener:0.16166666666666665
FramedMessageSource:0.13666666666666666
FrameCallback:0.11666666666666667
AsyncCall:0.11444444444444443
FrameSink:0.11
WebSocketReader:0.09666666666666666
WebSocketEcho:0.09166666666666666
