FunctionScoreQueryBuilderTests:0.5316666666666666
QueryParseContext:0.48333333333333334
SearchSourceBuilderTests:0.42333333333333334
