RestConsentRepository:0.67
JpaConsentRepository:0.39916666666666667
CasConsentRestConfiguration:0.2833333333333333
