ObjectFactory:0.5666666666666667
CommonEjbcaWSTest:0.32666666666666666
EjbcaWS:0.31437301587301586
IEjbcaWS:0.31437301587301586
GetAvailableCAsResponse:0.15333333333333332
NameAndId:0.10666666666666667
GetAuthorizedEndEntityProfiles:0.023888888888888887
GetAvailableCertificateProfiles:0.0
GetAvailableCAsInProfile:0.0
GetAvailableCAsInProfileResponse:0.0
GetAuthorizedEndEntityProfilesResponse:0.0
GetAvailableCertificateProfilesResponse:0.0
