KeyStoreContainer:0.49666666666666665
KeyTools:0.44
KeyStoreContainerP11:0.26
PKCS11CAToken:0.13444444444444445
