WebKeys:0.416984126984127
FilterHelper:0.41333333333333333
TreeTag:0.38666666666666666
AjaxController:0.30333333333333334
