XMPPChatTransmitter:0.6788888888888889
AdvancedPreferencePage:0.3555555555555555
