AssetLoadingTask:0.5633333333333334
AssetManager:0.5433333333333333
