TypeCreation:0.6033333333333334
TypeProxy:0.23
TypeCreationTest:0.22
ForSuperMethodByConstructor:0.16666666666666666
ForDefaultMethod:0.16666666666666666
TargetHandler:0.15222222222222223
AccessorProxy:0.15222222222222223
ForConstruction:0.15222222222222223
AssignableSignatureCall:0.1522222222222222
