Helper:0.57
BaseCoreFunctionalTestCase:0.4666666666666667
BaseEnversJPAFunctionalTestCase:0.4033333333333333
AbstractPropertyHolder:0.20666666666666667
DifferentDBSchemaTest:0.20333333333333334
HibernateSequenceTest:0.19333333333333333
