TcpIpConnectionManager:0.30666666666666664
UnsafeInputOutputFactory:0.26777777777777784
SerializationServiceImpl:0.24333333333333335
SocketConnector:0.23666666666666666
WriteHandler:0.22333333333333333
SocketAcceptor:0.19066666666666668
SerializationServiceBuilder:0.18333333333333332
