PairingImpl:0.6733333333333333
AnnotationDiffer:0.31333333333333335
