ElementMatchers:0.7033333333333334
ElementMatchersTest:0.31866666666666665
MethodGraphCompilerDefaultTest:0.27190476190476187
