Builder:0.46
BaseNeuralNetwork:0.39666666666666667
AutoEncoder:0.304
DBN:0.3
DeepAutoEncoder:0.20583333333333337
DeepAutoEncoderExample:0.12666666666666668
