ChemObjectContentProvider:0.4166666666666667
BioPolymerContentProvider:0.35
TownExampleRenderer:0.2783333333333333
