ValueType:0.6133333333333333
Constitution:0.49666666666666665
NameForms:0.2966666666666667
CaseStructure:0.16094444444444445
Processor:0.06333333333333334
BuiltinOperationsTest:0.04
Marshalers:0.02
ValuesTemplate:0.013333333333333334
Scheme:0.0
Builtins:0.0
