Linker:0.6533333333333333
GraphAnalysisProcessor:0.30333333333333334
DaggerObjectGraph:0.2833333333333333
