JobValidator:0.48
Builder:0.4266666666666667
JobInspectCommand:0.2608333333333333
JobValidatorTest:0.25666666666666665
JobsResource:0.17666666666666667
JobCreateCommand:0.14
JobCreateCommandTest:0.11333333333333333
JobInspectCommandTest:0.08333333333333333
