Evaluation:0.6283333333333333
DataSetIteratorTest:0.2866666666666667
CNNGradientCheckTest:0.2697222222222222
