AbstractWebTestCase:0.6277777777777778
HtmlTableRowTest:0.30244444444444446
