RuntimeModel:0.4866666666666667
Graph:0.4266666666666667
Producer:0.36
CompiletimeModel:0.24666666666666667
