METSFedoraExt1_0DODeserializer:0.3566666666666667
METSFedoraExt1_1DODeserializer:0.35
METSFedoraExt1_1DOSerializer:0.3333333333333333
METSFedoraExt1_0DOSerializer:0.3333333333333333
Constants:0.23333333333333334
XMLNamespace:0.21
FedoraModelNamespace:0.09
FedoraViewNamespace:0.09
FedoraRelsExtNamespace:0.09
RecoveryNamespace:0.09
METSFedoraExtNamespace:0.07333333333333333
XLinkNamespace:0.03
OldXLinkNamespace:0.03
TucanaNamespace:0.016666666666666666
RDFSyntaxNamespace:0.016666666666666666
FedoraNamespace:0.016666666666666666
XSDNamespace:0.016666666666666666
DublinCoreNamespace:0.016666666666666666
METSNamespace:0.009166666666666667
METSFedoraExt1_0Format:0.006666666666666667
METSFedoraExt1_1Format:0.006666666666666667
RDFNamespace:0.0
