BinderHelper:0.52
WebKeys:0.4700555555555556
ShowUser:0.21333333333333335
PresenceInfoTag:0.21333333333333335
AdvancedSearchController:0.20333333333333334
