IChemObjectSelection:0.58
RendererModel:0.4266666666666667
ShapeSelection:0.30777777777777776
JChemPaintEditorWidget:0.24333333333333335
ControllerHub:0.20666666666666667
SelectSquareModule:0.20666666666666667
SelectionGenerator:0.20304545454545453
IChemModelRelay:0.20083333333333334
MoveModule:0.18333333333333332
SelectLassoModule:0.17333333333333334
RotateModule:0.16
