EvictionTest:0.5825
CacheContext:0.47361111111111104
GuavaLocalCache:0.30666666666666664
