ViewState:0.4633333333333333
FlowExecutionImpl:0.42
ApplicationViewSelector:0.30333333333333334
FlowRedirectSelector:0.24666666666666667
NullViewSelector:0.24666666666666667
ExternalRedirectSelector:0.22666666666666666
SubflowState:0.2
ViewSelector:0.013333333333333334
