SessionStatistic:0.6851111111111111
SessionDataCollector:0.4266666666666667
