AbstractNodeContext:0.5844444444444444
TestJPPFStatistics:0.38666666666666666
