ConnectionCountingHandler:0.6766666666666666
ResponseCollectorService:0.48
IndexShardRoutingTable:0.46
OperationRouting:0.43333333333333335
ComputedNodeStats:0.42333333333333334
SearchTransportService:0.2966666666666667
QueueResizingEsThreadPoolExecutor:0.20666666666666667
SearchExecutionStatsCollector:0.13666666666666666
ResponseCollectorServiceTests:0.11666666666666667
SearchPreferenceIT:0.08666666666666667
OperationRoutingTests:0.06
NodeRankComparator:0.009166666666666667
