ShardPath:0.6083333333333333
ESFileStore:0.5933333333333334
