MultiLayerNetwork:0.71
ComputationGraph:0.43666666666666665
ParallelWrapper:0.23333333333333334
TestParallelEarlyStopping:0.15333333333333332
