ClosedShellJob:0.6416666666666667
OneElectronJob:0.5066666666666667
