InstructionFactory:0.5283333333333333
ClassInfo:0.4666666666666667
ThreadInfo:0.43
MethodInfo:0.3933333333333333
JVM:0.26
Config:0.23333333333333334
TSVM:0.18333333333333332
FieldInstruction:0.18166666666666667
GenericInstructionFactory:0.18
InvocationCG:0.11333333333333333
DefaultInstructionFactory:0.043333333333333335
TSInstructionFactory:0.016666666666666666
ATHROW:0.0
