BeanDefinition:0.4277777777777777
PetiteContainer:0.37666666666666665
PetiteResolvers:0.36666666666666664
PetiteBeans:0.30666666666666664
InjectionPointFactory:0.22333333333333333
