DataManager:0.5333333333333333
XmlFile:0.45666666666666667
Get:0.31
