TestPR:0.5447222222222223
ResourceInstantiationException:0.4483333333333333
