LdapAuthenticationProvider:0.44666666666666666
DefaultLdapAuthoritiesPopulator:0.31333333333333335
AbstractLdapAuthenticator:0.2733333333333333
BindAuthenticator:0.2625396825396825
DefaultInitialDirContextFactory:0.21666666666666667
