LazyCollectionWithClearedSessionTestTask:0.43333333333333335
LazyEntityLoadingWithClosedSessionTestTask:0.30666666666666664
LazyCollectionWithClosedSessionTestTask:0.30666666666666664
