MainFrame:0.5933333333333334
AnnotationEditor:0.378
JGateMenuItem:0.36366209716209713
JGateButton:0.36366209716209713
AbstractTreeTableModel:0.29
FeaturesTableModel:0.24
ResourceViewer:0.18666666666666668
NewProjectAction:0.08198989898989899
NewAnnotDiffAction:0.08198989898989899
NewDSAction:0.06376984126984127
OpenDSAction:0.06376984126984127
NewApplicationAction:0.06376984126984127
NewPRAction:0.06376984126984127
NewLRAction:0.06376984126984127
StatusBarUpdater:0.033650793650793646
ProgressBarUpdater:0.033650793650793646
