PyObject:0.5366666666666666
PyInteger:0.36
PyInstance:0.3566666666666667
PyFloat:0.31333333333333335
PyComplex:0.30333333333333334
PyLong:0.27666666666666667
