VariableWidthAggregationFunction:0.5655555555555556
AggregationFunctionDefinition:0.2866666666666667
FunctionInfo:0.28
VarBinaryMaxAggregation:0.18333333333333332
VarBinaryMinAggregation:0.18333333333333332
HashAggregationOperator:0.17666666666666667
AggregationOperator:0.17666666666666667
VariableWidthAggregator:0.17333333333333334
