EntityReader:0.36666666666666664
EntityWriter:0.25666666666666665
DefaultOutput:0.25666666666666665
FunctionalTest:0.17533333333333334
AbstractPerson:0.15833333333333333
Aliases:0.1
