JeevletServiceManager:0.6633333333333333
StarterAuto:0.22333333333333333
