VarianceStateType:0.2866666666666667
StdDevStateType:0.2866666666666667
AverageStateType:0.2866666666666667
GeometricMeanStateType:0.2866666666666667
