Flyway:0.6866666666666666
FlywayConfiguration:0.6380555555555555
MetaDataTableImpl:0.25333333333333335
FlywayExtension:0.24666666666666667
Main:0.24555555555555553
FlywayConfigurationForTests:0.21666666666666667
AbstractFlywayMojo:0.17333333333333334
FlywayMediumTest:0.15333333333333332
AbstractFlywayTask:0.15
