CaTestUtils:0.7733333333333333
CaSessionTestBase:0.43333333333333335
CaSessionTest:0.38333333333333336
PKCS11TestRunner:0.21666666666666667
CaPKCS11SessionTest:0.19333333333333333
