ControllerHub:0.5533333333333333
AddRingModule:0.31666666666666665
