ClusterService:0.6366666666666667
ClusterProxy:0.26416666666666666
ClusterServiceImpl:0.25666666666666665
BasicOperationService:0.21
NodeEngineImpl:0.18861111111111112
BasicInvocation:0.18666666666666668
MemberInfoUpdateOperation:0.17111111111111113
HealthMetrics:0.14333333333333334
