WebSocketProtocol:0.5433333333333333
RealWebSocket:0.3933333333333333
WebSocketWriter:0.285
AutobahnTester:0.24944444444444447
WebSocketReader:0.24944444444444447
