IPMolecularLearningDescriptor:0.6777777777777778
IonizationPotentialTool:0.51
IPMolecularLearningDescriptorTest:0.2866666666666667
