Array:0.55
LongArray:0.30333333333333334
CharArray:0.30333333333333334
FloatArray:0.30333333333333334
IntArray:0.30333333333333334
BooleanArray:0.30333333333333334
