CommonUtil:0.68
AbsThreadTask:0.24333333333333335
StateConstance:0.24277777777777776
AbsFileer:0.19333333333333333
FtpThreadTask:0.19
HttpThreadTask:0.11
