HttpUtils:0.6733333333333333
SoapProtocol:0.43333333333333335
XmlRpcProtocol:0.28
JsonRpcProtocol:0.26666666666666666
