UserHighlight:0.6868333333333334
UI:0.6533333333333333
MHighlighter:0.30666666666666664
ConsoleCommand:0.21
PathProperty:0.2
Main:0.1877777777777778
ScriptCommand:0.16
HelpButton:0.14333333333333334
Highligther:0.11333333333333333
