Elvin:0.6266666666666667
Subscription:0.45166666666666666
