VariationalAutoencoder:0.5166666666666667
ReconstructionDistribution:0.24688888888888888
GaussianReconstructionDistribution:0.24666666666666667
