ReplicationGroup:0.4
SeqNoStats:0.29
SequenceNumbersService:0.27416666666666667
IndexShardTestCase:0.21666666666666667
ReplicationAction:0.21666666666666667
SharedFSRecoverySourceHandler:0.21666666666666667
ESIndexLevelReplicationTestCase:0.17444444444444443
PeerRecoveryTargetService:0.17333333333333334
RecoverySourceHandler:0.15
LocalCheckpointTracker:0.12722222222222224
GlobalCheckpointSync:0.09333333333333334
IndexingAction:0.016666666666666666
RecoveryDuringReplicationTests:0.016666666666666666
