Atom:0.6466666666666666
RingSearchTest:0.3126666666666667
