NamedSlot:0.48333333333333334
TupleDescriptor:0.36
TestQueries:0.31666666666666665
RelationAnalyzer:0.21000000000000002
Planner:0.20666666666666667
StatementAnalyzer:0.16666666666666666
