MigrationInfoDumper:0.59
Main:0.5066666666666667
InfoTask:0.15333333333333332
InfoMojo:0.15333333333333332
HistoryMojo:0.15333333333333332
HistoryTask:0.15333333333333332
StatusTask:0.15333333333333332
StatusMojo:0.15333333333333332
