Array:0.6433333333333333
LongArray:0.2488888888888889
CharArray:0.2488888888888889
FloatArray:0.2488888888888889
IntArray:0.2488888888888889
ByteArray:0.2488888888888889
ShortArray:0.2488888888888889
BooleanArray:0.2488888888888889
