MetaWebEditors:0.41
MetaProperty:0.35
ModuleTestBase:0.3433333333333333
EntityTab:0.21550000000000002
WebEditors:0.21333333333333335
EditorsParser:0.21
ValidValuesStringConverter:0.19666666666666666
ValidValuesLetterConverter:0.19
IntegerBigDecimalConverter:0.13666666666666666
ValidValuesBase0Converter:0.11333333333333333
XmlElementsNames:0.0
