CorpusPage:0.4766666666666667
ExecuteGroovyScript:0.4666666666666667
ApplicationWorkbenchAdvisor:0.39
TXMWebBrowserEditor:0.2633333333333333
SpecificitiesTableLabelProvider:0.19666666666666666
ImportModuleCustomization:0.15444444444444444
ExecuteLastGroovyScript:0.14
OptionsSection:0.12
ExecuteGroovyMacro:0.1
RecodeCorpus:0.04
