LwjglApplication:0.5797222222222221
FileProcessor:0.5033333333333333
GwtModuleGenerator:0.40555555555555556
