Iterables:0.5666666666666667
PairSortingAlgorithms:0.33
ExchangeRateManager:0.3233333333333333
Index:0.2866666666666667
TimeGrid:0.17666666666666667
GarmanKlassAbstract:0.16
Garch11:0.14
GarmanKlassOpenClose:0.08666666666666667
SimpleLocalEstimator:0.08666666666666667
