Wallet:0.6733333333333333
PaymentChannelServerState:0.5466666666666666
PaymentChannelClientState:0.47
Builder:0.4633333333333333
ScriptBuilder:0.3466666666666667
PaymentChannelClient:0.34
PaymentChannelServer:0.30666666666666664
ProvideContract:0.30333333333333334
StoredClientPaymentChannelOrBuilder:0.2833333333333333
StoredServerPaymentChannelOrBuilder:0.24666666666666667
StoredPaymentChannelClientStates:0.24666666666666667
SendRequest:0.24333333333333335
StoredServerPaymentChannel:0.24
StoredPaymentChannelServerStates:0.23833333333333334
StoredClientPaymentChannel:0.23
ProvideContractOrBuilder:0.22166666666666668
StoredServerChannel:0.21333333333333335
WalletTool:0.20333333333333334
PaymentChannelClientConnection:0.20111111111111113
PaymentChannelStateTest:0.18
PaymentChannelServerTest:0.18
ChannelConnectionTest:0.16333333333333333
ExamplePaymentChannelClient:0.15333333333333332
ExamplePaymentChannelServer:0.12333333333333334
PaymentChannelClientTest:0.115
StoredClientChannel:0.09333333333333334
