SubsamplingLayer:0.3466666666666667
LayerBuilderTest:0.2633333333333333
Builder:0.21888888888888886
BaseConvBuilder:0.21583333333333332
BaseSubsamplingBuilder:0.07
