Config:0.6933333333333334
ApolloFrame:0.38
CompositeDataHolder:0.36333333333333334
DataLoader:0.2966666666666667
SyntenyAdapter:0.23666666666666666
CompositeApolloFrame:0.23
SyntenyAdapterGUI:0.23
FileMenu:0.17666666666666667
