AuthenticationModuleImpl:0.38666666666666666
AuthenticationManagerUtil:0.3466666666666667
OpenIDAuthenticationUserDetailsService:0.3272222222222222
ZoneAwareLocalAuthenticationProviderImpl:0.21333333333333335
