Option:0.44333333333333336
Stream:0.3433333333333333
List:0.33
Traversable:0.2705952380952381
Arbitrary:0.2633333333333333
Stack:0.25305555555555553
Gen:0.21142857142857144
Success:0.2
Try:0.19666666666666666
Queue:0.19666666666666666
Failure:0.19
RightProjection:0.15
LeftProjection:0.15
Seq:0.14587301587301588
MatchMonad:0.12666666666666668
