Domain:0.9866666666666667
SubmissionAction:0.48333333333333334
