CacheOperationProvider:0.6784444444444445
AbstractInternalCacheProxy:0.4533333333333333
AbstractCacheProxyBase:0.4166666666666667
AbstractCacheProxy:0.30666666666666664
DefaultOperationProvider:0.28
CacheDataSerializerHook:0.21
