Errors:0.78
SingleParameterInjector:0.32666666666666666
InjectorImpl:0.2833333333333333
MembersInjectorImpl:0.17222222222222222
ConstructorInjector:0.15666666666666668
ConstructorInjectorStore:0.15333333333333332
InternalContext:0.15
SingleMethodInjector:0.02666666666666667
