Exporters:0.3333333333333333
Imager:0.31333333333333335
AbstractExporter:0.29
Porter:0.26277777777777783
NativePorter:0.235
Exportable:0.2277777777777778
ColImporter:0.19666666666666666
CTLTest:0.19
