PollerScheduleService:0.3755555555555556
Poller:0.30666666666666664
PollerTest:0.2733333333333333
MonitoredServicePollJob:0.25333333333333335
ServicePollConfiguration:0.22666666666666666
PollJob:0.22
MonitorServicePollDetails:0.15333333333333332
MonitoredServicePollJobTest:0.14333333333333334
PollerScheduleServiceTest:0.12666666666666668
OnmsPollModel:0.10333333333333333
PollModelTrigger:0.09296296296296297
DefaultPollerScheduleService:0.09
PollerIntegrationTest:0.07333333333333333
PollService:0.07
PollObserver:0.03666666666666667
PollJobDetail:0.023333333333333334
TestPollerConfiguration:0.013888888888888886
TestPollService:0.0033333333333333335
