AddWritableDataStoreLayerPanel:0.38333333333333336
ConnectionPanel:0.37666666666666665
RunDatastoreQueryPanel:0.29
AddDatastoreLayerPanel:0.26
EditOptionsPanel:0.19333333333333333
