GwtTeamingMessages:0.33
GoogleGadgetProperties:0.31666666666666665
Palette:0.24333333333333335
GoogleGadgetDropWidget:0.12333333333333334
GoogleGadgetWidgetDlgBox:0.12
GoogleGadgetPaletteItem:0.07
GoogleGadgetConfig:0.019166666666666665
