GwtMainPage:0.4766666666666667
GwtMenuHelper:0.37
GwtConstants:0.36
ManageUsersDlg:0.2866666666666667
AddEntryController:0.24333333333333335
EntryMenuPanel:0.19133333333333333
FolderEntryMenu:0.13
