Option:0.56
None:0.4216666666666667
Some:0.4116666666666667
