Settlement:0.5833333333333334
Builder:0.5566666666666666
Protos:0.38666666666666666
TwoWayChannelMessageOrBuilder:0.38666666666666666
TwoWayChannelMessage:0.35
PaymentChannelServerState:0.26666666666666666
PaymentChannelServer:0.24777777777777782
IPaymentChannelClient:0.205
PaymentChannelClient:0.2
ChannelConnectionTest:0.2
PaymentChannelClientState:0.19333333333333333
PaymentChannelClientConnection:0.15111111111111108
ExamplePaymentChannelClient:0.13333333333333333
SettlementOrBuilder:0.03666666666666667
