Viewer:0.6866666666666666
InfoNodeMan:0.5033333333333333
JnetManager:0.33666666666666667
FileDialog:0.23666666666666666
StatLis:0.1211111111111111
