RSet:0.49599999999999983
RedissonSet:0.4
RedissonSetMultimapValues:0.28
RedissonSetTest:0.21666666666666667
RedissonSetReactiveTest:0.19333333333333333
RSetAsync:0.15833333333333333
RedisCommands:0.12169841269841271
