GetSubmissionSets:0.31333333333333335
GetDocuments:0.24633333333333335
GetAssociations:0.20722222222222222
GetSubmissionSetAndContents:0.19111111111111112
FindSubmissionSets:0.16666666666666666
FindFolders:0.16666666666666666
GetRelatedDocuments:0.15666666666666668
GetFoldersForDocument:0.15333333333333332
GetFolderAndContents:0.13666666666666666
GetFolders:0.13666666666666666
