PermissionsFactory:0.4033333333333333
AbstractGenericClient:0.3233333333333333
JPPFClassLoader:0.2833333333333333
JPPFUuid:0.21
JPPFAndroidNode:0.15
JPPFRemoteNode:0.15
