KerasLstm:0.5766666666666667
KerasLayerUtils:0.47
Keras2ModelConfigurationTest:0.24666666666666667
KerasModel:0.21
KerasLSTMTest:0.11333333333333333
KerasLayerConfiguration:0.014285714285714285
Keras1LayerConfiguration:0.0
Keras2LayerConfiguration:0.0
