Translog:0.41333333333333333
NoOp:0.37333333333333335
Checkpoint:0.31333333333333335
TranslogTests:0.29333333333333333
InternalEngine:0.2916666666666667
TranslogWriter:0.2633333333333333
View:0.26
InternalEngineTests:0.21833333333333332
TranslogVersionTests:0.12
CombinedDeletionPolicy:0.08666666666666667
