DefaultLoading:0.45805555555555555
ComboContext:0.43666666666666665
SessionIocContext:0.24
RequestIocContext:0.24
