Executor:0.55
BasicTest:0.4766666666666667
AbstractQuery:0.3333333333333333
