Database:0.6233333333333333
DBConnection:0.44
Query:0.43666666666666665
