SharedResourcesManager:0.8083333333333333
ResourceActivityFilter:0.36666666666666664
TestResourceActivityFilter:0.023333333333333334
