AbstractTicketRegistry:0.44666666666666666
ClientAction:0.27666666666666667
SimpleTestUsernamePasswordAuthenticationHandler:0.18333333333333332
AbstractMetadataResolverAdapter:0.18333333333333332
