TransformTestCase:0.5955555555555555
SamplePoints:0.5433333333333333
AuthorityFactoryTest:0.2966666666666667
