ConfigSyncDatasourceAction:0.4066666666666667
SyncResultsFrame:0.31
SyncActionsFrame:0.29333333333333333
DefaultSyncResultsManager:0.25333333333333335
RunSynchronizationProcessAction:0.22666666666666666
SyncResultsCellRenderer:0.11222222222222224
