Euler:0.7233333333333334
Process:0.43666666666666665
EulerRunner:0.22
