Lwjgl3Preferences:0.6615555555555556
Lwjgl3ApplicationConfiguration:0.35944444444444446
