TestingHelpers:0.83
InformationTableInfoTest:0.21666666666666667
SystemTableInfoTest:0.21666666666666667
