JoinOn:0.5983333333333334
JoinUsing:0.5283333333333333
JoinCriteria:0.48
NaturalJoin:0.07666666666666666
