MobileClient:0.51
XMLListener:0.4152777777777778
NotificationParser:0.25666666666666665
SplashScreen:0.16
NotificationResource:0.15666666666666668
AcknowledgeNoticeServlet:0.15
MobileRestApplication:0.10666666666666667
SettingsMenu:0.09
MainMenu:0.05
