EjbcaWS:0.5066666666666667
UserAdminSession:0.4866666666666667
DateNotValid:0.35388888888888886
CommonEjbcaWS:0.30666666666666664
RevokeCertBackdatedCommand:0.21
RevokeCertCommand:0.15333333333333332
CaImportCRLCommand:0.15333333333333332
