Pool:0.49333333333333335
HttpClientOptions:0.4166666666666667
HttpServerOptions:0.33
Http2Pool:0.25666666666666665
ConnQueue:0.22444444444444447
ConnectionManager:0.22111111111111115
Http1xPool:0.2
HTTP2Examples:0.19
