FolderEntryDetails:0.6566666666666666
GwtViewHelper:0.5666666666666667
FolderEntryComposite:0.31666666666666665
FolderEntrySharing:0.27
FolderEntryCallback:0.17833333333333334
