PutPipelineRequest:0.6
PipelineStore:0.31333333333333335
PipelineStoreTests:0.27666666666666667
IngestClientIT:0.23
RestPutPipelineAction:0.15333333333333332
PutPipelineRequestBuilder:0.13333333333333333
