AsynchronousProcessor:0.5991666666666666
AtmosphereHandlerPubSub:0.3933333333333333
DefaultAnnotationProcessor:0.38
