DeleteMappingResponse:0.5933333333333334
DeleteMappingRequest:0.44666666666666666
TransportDeleteMappingAction:0.25666666666666665
RestDeleteMappingAction:0.25
MetaDataMappingService:0.19666666666666666
AckTests:0.12
