RedisConnection:0.6333333333333333
RedisCommand:0.31666666666666665
CommandDecoder:0.30416666666666664
CommandBatchExecutorService:0.26666666666666666
CommandExecutorService:0.25333333333333335
ConnectionWatchdog:0.17
