ClassNameTestDescriptorResolver:0.49666666666666665
TestClassTester:0.21333333333333335
TestMethodTester:0.21
