SQLGroupByResult:0.4033333333333333
TransportSQLActionTest:0.3566666666666667
XContentGenerator:0.2744444444444445
QueryVisitorTest:0.24666666666666667
GroupingKeyGenerator:0.23
TransportSQLAction:0.19333333333333333
SQLGroupingCollector:0.18666666666666668
ESDocLookup:0.18333333333333332
TransportDistributedSQLAction:0.11666666666666667
