DummySubCommand:0.43333333333333335
TrainTest:0.3036666666666667
