ITQLQueryFactory:0.6
ListRecordsPermutationTests:0.4633333333333333
MPTSetInfoIterator:0.3416666666666667
