ScriptListener:0.9033333333333333
JavaScriptCommand:0.39666666666666667
