SameHeightSpouses:0.37211111111111106
DetermineLevelHeight:0.33666666666666667
VerticalTreeRenderer:0.3333333333333333
TreeRendererBase:0.30666666666666664
