Origin:0.5566666666666666
ZipOrigin:0.51
DefaultOrigin:0.23333333333333334
