GeoDistanceSortBuilder:0.41333333333333333
ScriptSortBuilder:0.3466666666666667
FieldSortBuilder:0.3466666666666667
NestedSortBuilder:0.3433333333333333
GeoDistanceSortBuilderTests:0.18333333333333332
ScriptSortBuilderTests:0.17333333333333334
FieldSortBuilderTests:0.12333333333333334
NestedSortBuilderTests:0.03
