Request:0.8366666666666667
RequestWrapper:0.45
RequestTest:0.21666666666666667
