Connector:0.4533333333333333
Federation:0.35333333333333333
Acceptor:0.27666666666666667
FederationManager:0.26666666666666666
JUTestFederation:0.25333333333333335
Link:0.23666666666666666
FedConnRply:0.15
StandardFederatorSetup:0.14333333333333334
JUTestFederationManager:0.10666666666666667
AstXdrCoding:0.08333333333333333
AstParser:0.075
FedConnRqst:0.07333333333333333
Ack:0.056666666666666664
FedSubReplace:0.05444444444444444
FederationFrameCodec:0.03666666666666667
FedNotify:0.018333333333333333
AstType:0.0
