GwtClientHelper:0.7966666666666666
GwtMainPage:0.29
MainMenuControl:0.27
MenuBarPopupBase:0.26
DlgBox:0.21333333333333335
