DBRef:0.625
DBObjectCodec:0.5066666666666667
BasicDBObjectTest:0.3333333333333333
