GridFS:0.6333333333333333
GridFSInputFile:0.43
GridFSDBFile:0.23333333333333334
