ClassRequest:0.7166666666666667
BadRunner:0.16333333333333333
RunWithTest:0.15333333333333332
Empty:0.13166666666666665
