ControllerHub:0.7433333333333333
RendererTestPanel:0.44666666666666666
IChemModelRelay:0.3466666666666667
AddBondModule:0.30333333333333334
