MainDesktopPane:0.5366666666666666
AnnouncementWindow:0.41
MainWindow:0.35333333333333333
SplashWindow:0.16
