CorruptedFileIT:0.4633333333333333
LuceneVerifyingIndexOutput:0.31666666666666665
RecoverySourceHandler:0.3
RecoveryOutputStream:0.16666666666666666
