CnnSentenceDataSetIterator:0.9533333333333334
FileLabeledSentenceProvider:0.30666666666666664
TestCnnSentenceDataSetIterator:0.02666666666666667
