DirContextAdapter:0.9066666666666666
DirContextAdapterTest:0.15333333333333332
