ParsedStatement:0.48333333333333334
TransportSQLActionTest:0.46
XContentGenerator:0.4033333333333333
