AbstractTestQueries:0.6797222222222223
TestFunctionRegistry:0.40388888888888885
