NavigatorView:0.6666666666666666
Jump:0.5233333333333333
