CommandResult:0.6033333333333334
SingleChannelMongoOperations:0.31
SingleChannelMongoClient:0.20333333333333334
MongoChannel:0.19666666666666666
SingleServerMongoClientTest:0.17333333333333334
SingleServerAdmin:0.09666666666666666
InsertResult:0.03666666666666667
RemoveResult:0.03666666666666667
UpdateResult:0.03666666666666667
FindAndModifyCommandResult:0.03333333333333333
CountCommandResult:0.03333333333333333
MongoResult:0.0
