ApplicationConfig:0.7930555555555554
SessionTimeoutRestorer:0.39666666666666667
AsynchronousProcessor:0.3933333333333333
SessionTimeoutSupport:0.22
