Frontier:0.3933333333333333
PageFetchResult:0.3333333333333333
Parser:0.3333333333333333
CrawlController:0.31333333333333335
DocIDServer:0.24611111111111109
PageFetcher:0.2066666666666667
InProcessPagesDB:0.20666666666666667
WebCrawler:0.19
