CryptoTokenRule:0.47333333333333333
CmpConfirmMessageTest:0.2633333333333333
PKCS12TestRunner:0.23666666666666666
CryptoTokenTestUtils:0.22555555555555554
CryptoTokenRunner:0.2
CrmfRARequestTest:0.18333333333333332
CmpAliasTest:0.18
PKCS11TestRunner:0.10666666666666667
