ValueAttribute:0.4066666666666667
ValueType:0.38666666666666666
ValueMirrors:0.31437301587301586
DeclaringType:0.31
Annotations:0.3
Proto:0.26
StyleInfo:0.23333333333333334
ValueTypeComposer:0.15333333333333332
FactoryMethodAttributesCollector:0.056666666666666664
FactoryParameters:0.043333333333333335
FactoryBuilderTest:0.04
