TestShader:0.5466666666666666
Model:0.49333333333333335
DefaultShaderProvider:0.32666666666666666
ModelBatch:0.19805555555555557
NewModelTest:0.12
