CacheProxy:0.6933333333333334
EntryIterator:0.23
CopyStrategy:0.20333333333333334
LoadingCacheProxy:0.10333333333333333
