Streams:0.7366666666666667
Scans:0.3
BaseWebappTest:0.19666666666666666
Nutzs:0.19
ViewTestModule:0.18666666666666668
FileResource:0.1641111111111111
AbstractPathView:0.15
FileInputing:0.13
FilePostSender:0.12
