Target:0.49166666666666664
Probes:0.41333333333333333
ConsoleServerHandler:0.2866666666666667
HelpCommand:0.16333333333333333
WatchCommand:0.08666666666666667
