User:0.6966666666666667
AdminModuleImpl:0.32666666666666666
AccessUtils:0.28833333333333333
ObjectKeys:0.11944444444444442
