XPersistence:0.7669444444444444
XHibernate:0.6754444444444445
