ReactionProcessTest:0.45642857142857146
ReactionMechanismTest:0.4164285714285714
StructureResonanceGeneratorTest:0.3233333333333333
SharingChargeSBReactionTest:0.2866666666666667
RearrangementRadicalReactionTest:0.24333333333333335
SharingChargeDBReactionTest:0.24333333333333335
SharingAnionReactionTest:0.24333333333333335
SharingLonePairReactionTest:0.24333333333333335
RearrangementLonePairReactionTest:0.24333333333333335
RearrangementAnionReactionTest:0.24333333333333335
RearrangementCationReactionTest:0.24333333333333335
HomolyticCleavageReactionTest:0.24
ElectronImpactNBEReactionTest:0.23333333333333334
HeterolyticCleavageSBReactionTest:0.2
HeterolyticCleavagePBReactionTest:0.19666666666666666
RadicalSiteInitiationHReactionTest:0.16333333333333333
RadicalChargeSiteInitiationHReactionTest:0.16333333333333333
RadicalSiteHrDeltaReactionTest:0.13666666666666666
PiBondingMovementReactionTest:0.12333333333333334
TautomerizationReactionTest:0.12333333333333334
RadicalChargeSiteInitiationReactionTest:0.12
RadicalSiteRrAlphaReactionTest:0.12
RadicalSiteRrGammaReactionTest:0.12
RadicalSiteRrBetaReactionTest:0.12
RadicalSiteRrDeltaReactionTest:0.12
CarbonylEliminationReactionTest:0.11666666666666667
ElectronImpactPDBReactionTest:0.11333333333333333
RadicalSiteInitiationReactionTest:0.11333333333333333
RadicalSiteHrGammaReactionTest:0.10333333333333333
AdductionProtonLPReactionTest:0.10333333333333333
AdductionProtonPBReactionTest:0.10333333333333333
RadicalSiteHrBetaReactionTest:0.10333333333333333
RadicalSiteHrAlphaReactionTest:0.10333333333333333
AdductionSodiumLPReactionTest:0.10333333333333333
ElectronImpactSDBReactionTest:0.07666666666666666
HyperconjugationReactionTest:0.07666666666666666
RemovingSEofNBMechanismTest:0.04
AdductionPBMechanismTest:0.04
RearrangementChargeMechanismTest:0.04
HomolyticCleavageMechanismTest:0.04
HeterolyticCleavageMechanismTest:0.04
RadicalSiteRearrangementMechanismTest:0.04
RadicalSiteIonizationMechanismTest:0.04
RemovingSEofBMechanismTest:0.04
SharingElectronMechanismTest:0.04
AdductionLPMechanismTest:0.04
TautomerizationMechanismTest:0.013333333333333334
