DependencyState:0.6182777777777777
DependencyStateTest:0.3933333333333333
LoadingImportsStateTest:0.04666666666666667
LoadingImportsStateDescriptions:0.0
LoadingImportsState:0.0
DependencyStateDescriptions:0.0
