ASTUtil:0.44666666666666666
ObjectiveCImplementationGenerator:0.36333333333333334
ObjectiveCHeaderGeneratorTest:0.2633333333333333
ObjectiveCImplementationGeneratorTest:0.25333333333333335
StatementGenerator:0.25333333333333335
ObjectiveCSourceFileGenerator:0.24
ImplementationImportCollector:0.20333333333333334
ObjectiveCHeaderGenerator:0.19333333333333333
NodeCopier:0.18
StatementGeneratorTest:0.17333333333333334
InnerClassExtractor:0.16333333333333333
