CustomField:0.52
CustomFieldValue:0.4633333333333333
ConfigurationServiceImpl:0.43
ITrackerResources:0.41333333333333333
CustomFieldUtilities:0.35333333333333333
CustomFieldValueIT:0.2
CustomFieldValueByNameComparator:0.12666666666666668
CustomFieldByNameComparator:0.09333333333333334
