ModalityWorklistPanel:0.52
ModalityWorklistFilter:0.49888888888888894
ModalityWorklistBean:0.4666666666666667
