NodeFetchRequest:0.47
FetchProjector:0.36666666666666664
Fetches:0.33
NodeFetchOperation:0.22355555555555554
