GenericUnmarshaller:0.738
GenericMarshaller:0.738
MarshallingMethodEndpointAdapter:0.32
PayloadMethodEndpointAdapterTest:0.27666666666666667
Jaxb2Marshaller:0.24333333333333335
MethodEndpoint:0.22916666666666666
Jaxb2MarshallerTest:0.21583333333333332
GenericMarshallingMethodEndpointAdapter:0.14777777777777776
GenericMarshallingMethodEndpointAdapterTest:0.10333333333333333
GenericToStringProvider:0.06322222222222224
