ProjectMBean:0.7947222222222223
ProjectController:0.668888888888889
ProjectControllerTest:0.27666666666666667
