DataService:0.4666666666666667
RegistrationService:0.35
AbstractSymmetricEngine:0.30666666666666664
IDataService:0.2758333333333333
RouterService:0.26666666666666666
