MapQueryEngine:0.5537222222222222
MapProxyImpl:0.47333333333333333
MapQueryEngineImpl:0.27666666666666667
PredicateDataSerializerHook:0.16333333333333333
