ASTParserLoadingTest:0.83
BinaryLogicOperatorNode:0.29333333333333333
DeleteOneToOneOrphansTest:0.29333333333333333
