ClientConductor:0.45
Agent:0.38666666666666666
Aeron:0.2733333333333333
Sender:0.23444444444444443
EventLogger:0.22
MediaDriver:0.21333333333333335
ReceiverTest:0.21333333333333335
EventCodec:0.21333333333333335
SenderTest:0.19333333333333333
DriverConductorTest:0.19333333333333333
ClientConductorTest:0.17
Context:0.15
