Message:0.5988888888888889
ChildMessage:0.42380555555555555
ListMessage:0.42380555555555555
