CacheGenerator:0.6866666666666666
GarbageCollector:0.43
CacheProvider:0.3233333333333333
ReferenceTest:0.2733333333333333
