Translog:0.5466666666666666
InternalEngine:0.33666666666666667
InternalEngineTests:0.27666666666666667
TranslogTests:0.25333333333333335
