PetiteContainer:0.38
InitMethodPoint:0.33666666666666667
PetiteBeans:0.3
PetiteRegistry:0.24
InitMethodResolver:0.15188888888888888
ManualTest:0.13333333333333333
MiscTest:0.12666666666666668
