LineViewer:0.5983333333333334
jspViewer:0.4847222222222223
