PartitionService:0.6743333333333332
PartitionServiceImpl:0.5433333333333333
PartitionView:0.4929444444444444
BasicOperationService:0.3
DummyPartitionView:0.22333333333333333
PartitionImpl:0.15
