RowsCollector:0.7833333333333333
ShardCollectService:0.25666666666666665
SingleRowSource:0.2377777777777778
