FilmRecord:0.6533333333333333
Film:0.40222222222222226
Public:0.178
JPAExample:0.11333333333333333
Sequences:0.03333333333333333
