LocalObjectLight:0.6866666666666666
LocalObjectLightImpl:0.4033333333333333
ObjectNode:0.34
LocalEdge:0.32
LocalObjectView:0.2733333333333333
LocalObjectImpl:0.23666666666666666
