FruitAdapter:0.76
QuickReturnActivity:0.2833333333333333
DrawerActivity:0.20666666666666667
RecyclerActivity:0.08333333333333333
