JFXLayerRenderer:0.39
PopUpMenuRenderer:0.3675
MapItemsPaneRenderer:0.28833333333333333
JFXRendererBridge:0.2833333333333333
SizeToFitContainerRenderer:0.2733333333333333
TabPanelRenderer:0.2633333333333333
ScrollPanelRenderer:0.25
BlinkingContainerRenderer:0.25
MenuBarRenderer:0.25
NoServiceMonitorRenderer:0.25
DefaultConnectorRenderer:0.21666666666666667
MutuExclRenderer:0.21333333333333335
PopUpPanelButtonRenderer:0.21333333333333335
PopUpMenuButtonRenderer:0.21333333333333335
MapHorzPanelRenderer:0.20333333333333334
WatchDogRenderer:0.20333333333333334
AbstractJFXProjectedMapItemRenderer:0.19666666666666666
JFXMapRenderer:0.18666666666666668
MaskContainerRenderer:0.18
MapHorzContainerRenderer:0.18
RadioBoxRenderer:0.16333333333333333
ShuffleToFitContainerRenderer:0.16333333333333333
BasicContainerRenderer:0.16333333333333333
TranslationContainerRenderer:0.16333333333333333
PopUpPanelRenderer:0.16333333333333333
RotationContainerRenderer:0.16333333333333333
PanelRenderer:0.14333333333333334
TabbedPanelGroupRenderer:0.11
MapSourceRenderer:0.09666666666666666
JFXCursorEventsExtensionRenderer:0.013333333333333334
