JmolEditor:0.3933333333333333
MoleculesIndexEditorInput:0.3566666666666667
JChemPaintEditorWidget:0.35333333333333333
MultiPageMoleculesEditorPart:0.2633333333333333
JChemPaintEditor:0.23333333333333334
JChemPaintSWTWidget:0.17666666666666667
