Point3D:0.39
AbstractMap3DProjection:0.3393888888888889
SymbolRotated3DRendererTest:0.28
Line3DSegmentRenderer:0.22333333333333333
MapsDependencyTest:0.21
PropertiesConfiguration:0.21
MainLibrariesDependencyTest:0.21
MapsExtensionsDependencyTest:0.13
Map3DItemListRenderer:0.1275
AbstractMap3DWidget:0.0011111111111111111
