Concept:0.68
KeywordsSearcher:0.4766666666666667
EditElement:0.10666666666666667
GetKeywordById:0.10333333333333333
