AudioPlayer:0.48333333333333334
MarsNode:0.41
ClockThreadTask:0.14
TestLoadImageUsingCss:0.09333333333333334
TestLoadImageUsingClass:0.09333333333333334
TestLoadImageUsingFxml:0.03
