MinMax:0.6586666666666667
PathCondition:0.645
SymbolicConstraintsChoco:0.52
D2I:0.07611111111111112
I2D:0.07611111111111112
