ChannelWrapper:0.7511111111111112
AbstractProportionalBundler:0.41333333333333333
RemoteRunnable:0.2288888888888889
ChannelWrapperLocal:0.22666666666666666
LocalRunnable:0.17777777777777778
ChannelWrapperRemote:0.16333333333333333
ClientProportionalBundler:0.12666666666666668
