WeatherServiceBundleTest:0.47333333333333333
SimpleServiceBundleTest:0.4066666666666667
BaseIntegrationTest:0.37333333333333335
