Lifecycle:0.6933333333333334
MailQueue:0.5133333333333333
