drawable:0.426626984126984
ViewNode:0.33666666666666667
ViewLoaderTest:0.24333333333333335
