QueryAnalysis:0.49833333333333335
MqlSqlWalker:0.49
QueryContext:0.43333333333333335
MqlQueryAnalysis:0.34
HqlAnalyzer:0.17333333333333334
