HazelcastClientInstanceImpl:0.41
NodeEngineImpl:0.3933333333333333
EventServiceImpl:0.33666666666666667
AbstractDiagnosticsPluginTest:0.19
ItemCounter:0.1832777777777778
QueueEvent:0.17
LocalEventDispatcher:0.13333333333333333
StripedExecutor:0.08
