Record:0.6333333333333333
CMap:0.4666666666666667
PartitionManager:0.22166666666666668
ConcurrentMapManager:0.22
MapIndexService:0.17333333333333334
EvictOperationHandler:0.16555555555555557
GetOperationHandler:0.13888888888888887
LRUComparator:0.0963888888888889
CMapTest:0.07333333333333333
