DirectoriesPane:0.19666666666666666
LanguagePane:0.19666666666666666
DebugPane:0.16
SelectNetworkDialog:0.16
DisplayPromptsPane:0.15666666666666668
BrowseCustomFileBtnListener:0.15
GeneralTextPane:0.14666666666666667
MainTextPane:0.14666666666666667
BandwidthPane:0.14
DownloadPane:0.13333333333333333
GeneralUIPane:0.13333333333333333
