GwtUser:0.35333333333333333
GwtPrincipal:0.31333333333333335
PrincipalNameWidget:0.2866666666666667
GwtGroup:0.25333333333333335
GwtPublic:0.19666666666666666
