DBCollection:0.6836666666666668
DBCollectionTest:0.3233333333333333
BasicBSONEncoder:0.20666666666666667
BSONTest:0.18
