Redisson:0.47333333333333333
RedissonTopic:0.38
StatusListener:0.32516666666666666
RedissonClient:0.31
RedissonTopicPatternTest:0.28
RTopic:0.21094444444444446
RedissonBatch:0.17888888888888888
RBatch:0.12583333333333332
BaseStatusListener:0.059333333333333335
RTopicAsync:0.013333333333333334
