ReducedPolicyEnforcementPoint:0.5566666666666666
ServerConfigurationParser:0.2733333333333333
GetDSSecurityConstraint:0.013333333333333334
JSPSecurityConstraint:0.013333333333333334
DefaultSecurityConstraint:0.013333333333333334
MControlSecurityConstraint:0.013333333333333334
