Lib:0.5066666666666667
LuceneIndexReaderFactory:0.37333333333333335
GetRelated:0.2833333333333333
GetRandom:0.17
SelectionSearch:0.16333333333333333
