FolderModule:0.7
FileModule:0.5466666666666666
FileModuleImpl:0.3466666666666667
VersionName:0.2888888888888889
AbstractFileResource:0.27
RepositoryUtil:0.24333333333333335
AbstractFolderModule:0.17333333333333334
