DatastreamPane:0.38666666666666666
ViewObject:0.34
Downloader:0.20477777777777775
Uploader:0.17444444444444443
BrowserTableUI:0.16666666666666666
CurrentVersionPane:0.14111111111111113
DatastreamsPane:0.11666666666666667
MultiSelectionPopup:0.11611111111111112
SingleSelectionPopup:0.11611111111111112
PriorVersionPane:0.06
