XmlStreamReader:0.5866666666666667
MultiReaderStrategy:0.3433333333333333
VariableReader:0.22333333333333333
ThreadInfoReader:0.17666666666666667
FramesReader:0.17666666666666667
