AddSequence:0.5533333333333333
UpdateGene:0.5055555555555555
UpdateSequence:0.3
