TXMWEB:0.6033333333333334
SideNavTree:0.29
EditionPanel:0.26
Commands:0.25
TxmParaHTMLPane:0.21000000000000002
ManageProfileTab:0.19666666666666666
HelloServiceImpl:0.14
ServerInfos:0.016666666666666666
