ZipSubCrawlerTest:0.5
TarSubCrawlerTest:0.31166666666666665
SubCrawlerTestBase:0.2522222222222222
