ReadOnlyConnection:0.72
ReadOnlyStatement:0.5666666666666667
ConnectionFactory:0.35333333333333333
