ControlTransition:0.39
ControlAutomaton:0.38
ControlState:0.3233333333333333
ControlShape:0.2733333333333333
ControlView:0.27
AutomatonBuilder:0.19666666666666666
GCLChecker:0.14666666666666667
GCLBuilder:0.09333333333333334
GCLParser:0.08333333333333333
Namespace:0.07333333333333333
GCLLexer:0.06333333333333334
RuleControlTransition:0.05333333333333334
ElseControlTransition:0.02666666666666667
LambdaControlTransition:0.02666666666666667
StateSet:0.02666666666666667
Counter:0.01
LocationTransition:0.006666666666666667
GCLParserTokenTypes:0.0
GCLCheckerTokenTypes:0.0
AntlrParser:0.0
GCLBuilderTokenTypes:0.0
Location:0.0
