CommercialDocument:0.6795555555555556
Order:0.4583333333333333
