CombineDicomObject:0.5566666666666666
ItemParser:0.2833333333333333
DicomImageReader:0.2733333333333333
DicomImageWriter:0.25666666666666665
SizeSkipInputHandler:0.21777777777777782
