DicomEchoPage:0.3433333333333333
InfoPanel:0.30333333333333334
StudyListPage:0.26666666666666666
ConfirmationWindow:0.25333333333333335
TrashListPage:0.25
ViewPort:0.21444444444444447
ModalityWorklistPanel:0.19666666666666666
DicomEchoWindow:0.1877777777777778
MessageWindowPanel:0.184
