BeanPanel:0.4766666666666667
PropertyRenderer:0.37333333333333335
RenderFile:0.16333333333333333
RenderSex:0.07666666666666666
RenderDate:0.07
RenderPlace:0.07
RenderMLE:0.06333333333333334
RenderSecret:0.06
RenderEntity:0.05333333333333334
