DnsNameResolver:0.62
DnsNameResolverBuilder:0.4
DnsQueryContext:0.2833333333333333
DnsAddressResolverGroup:0.24
DnsResponseHandler:0.04666666666666667
