WorkflowSupport:0.5836666666666667
WorkflowState:0.4666666666666667
AbstractEntryProcessor:0.4266666666666667
WorkflowControlledEntry:0.28
