FolderContentProvider:0.48583333333333334
ApplicationActionBarAdvisor:0.32666666666666666
WorkbenchAdvisorHack:0.30666666666666664
