DownloadArchive:0.62
Elem:0.47904761904761906
Session:0.47904761904761906
AddLimitations:0.08666666666666667
