Builder:0.6733333333333333
MapperAnnotationBuilder:0.31
XMLStatementBuilder:0.30666666666666664
ExecutorTestHelper:0.2733333333333333
