ParameterMetaData:0.4033333333333333
DefaultParameterParser:0.35444444444444445
ParameterService:0.35
IParameterService:0.3466666666666667
