FlexibleGazetteer:0.8133333333333334
TestFlexibleGazetteer:0.31666666666666665
NodePosition:0.28
