ControlPanel:0.32666666666666666
ImageEditorCore:0.30333333333333334
Presentation:0.27666666666666667
Main:0.25
MMessage:0.23666666666666666
MNotification:0.2041666666666667
MAbout:0.19
MWindow:0.14666666666666667
MTextLabel:0.03333333333333333
