DefaultBroadcaster:0.6866666666666666
DefaultBroadcasterFactory:0.3333333333333333
ConcurrentResourceTest:0.25
ConcurrentResource:0.1
ResumeListener:0.006666666666666667
