Matcher:0.8216666666666667
EnumerateNodesPattern:0.19666666666666666
