ElementEventListener:0.7366666666666667
AbstractElement:0.43333333333333335
EventDescriptor:0.3333333333333333
ElementLabel:0.3
ElementComboBox:0.26666666666666666
ElementTextField:0.26
EventAttribute:0.21666666666666667
ElementGridLayout:0.20666666666666667
ElementButton:0.20666666666666667
ElementGrid:0.19799999999999998
ElementTextArea:0.19666666666666666
ScriptRunner:0.19666666666666666
ElementHorizontalLayout:0.18666666666666668
ElementVerticalLayout:0.18666666666666668
GraphicalComponent:0.175
ElementImage:0.16333333333333333
KuwaibaClient:0.16
ComponentFactory:0.15666666666666668
ComponentEventListener:0.15333333333333332
FormStructure:0.1511111111111111
ElementSubform:0.14
ComponentGrid:0.13
ElementForm:0.12333333333333334
ElementColumn:0.12333333333333334
ElementDateField:0.12333333333333334
FormRenderer:0.12333333333333334
ComponentLabel:0.11666666666666667
ComponentSubform:0.11666666666666667
ScriptRunner1:0.11666666666666667
ComponentButton:0.11333333333333333
ComponentDateField:0.11333333333333333
ComponentTextArea:0.11333333333333333
ComponentComboBox:0.11333333333333333
ComponentTextField:0.11
ComponentGridLayout:0.1
ComponentHorizontalLayout:0.09333333333333334
ComponentVerticalLayout:0.09333333333333334
ComponentImage:0.08
AbstractElementField:0.02666666666666667
Function:0.02
