MvpLceActivity:0.2966666666666667
MvpLceFragment:0.2966666666666667
CountriesViewStateActivity:0.20666666666666667
NotRetainingCountriesFragment:0.20666666666666667
RetainingCountriesFragment:0.20666666666666667
CountriesFragment:0.18
CountriesActivity:0.18
