CrawlScope:0.635
DomainScope:0.375
HostScope:0.2733333333333333
PathScope:0.22666666666666666
