GCodeReaderAndWriter:0.44333333333333336
BooleanGrid:0.35
GCodeRepRap:0.3233333333333333
StepperPositionJPanel:0.24666666666666667
