Color:0.7466666666666667
Sprite2:0.31666666666666665
SpriteBatch:0.31
