GenericExtruderTabPanel:0.39666666666666667
RrCSGPolygon:0.32666666666666666
GCodeRepRap:0.31333333333333335
BotConsoleFrame:0.27666666666666667
