ModuleManager:0.8133333333333334
InvoiceFromCustomersTest:0.29333333333333333
