User:0.5866666666666667
DefinitionModuleImpl:0.35
DefaultProfileCoreProcessor:0.25333333333333335
FieldBuilderProfileElement:0.14333333333333334
