DbMigrator:0.43
SqlMigration:0.3
SqlScriptParser:0.2833333333333333
MigrationUtils:0.24333333333333335
DbCreator:0.2
SqlMigrationResolver:0.18166666666666667
