FlowVariable:0.4666666666666667
XmlFlowBuilder:0.4633333333333333
SimpleFlowVariable:0.27
BeanFactoryFlowVariable:0.26
FlowTests:0.25
BeanFactoryFlowVariableTests:0.12666666666666668
SimpleFlowVariableTests:0.09
