MainUILayoutPanel:0.7038888888888889
ProductInfoCallback:0.29333333333333333
LoginInfoCallback:0.23666666666666666
