WindowsDisplay:0.5966666666666667
MouseTest:0.5633333333333334
