HelloWorldConfiguration:0.5933333333333334
GangliaReporterFactoryTest:0.45666666666666667
GraphiteReporterFactoryTest:0.30333333333333334
