JspParseData:0.61
SourceSyntaxPoints:0.5666666666666667
jspViewer:0.21666666666666667
GeneratedCodeViewer:0.20666666666666667
