RequestBuilder:0.47
Builder:0.45
AsyncHttpClientConfig:0.39666666666666667
NettyAsyncHttpProvider:0.3466666666666667
RequestBuilderBase:0.22666666666666666
RemoteSiteTest:0.18666666666666668
