Upsampling2D:0.44
BaseMultiLayerUpdater:0.3466666666666667
ElementWiseVertex:0.2833333333333333
TestUpdaters:0.22
MinMaxNormConstraint:0.19111111111111112
LayerConfigTest:0.11666666666666667
