TestLibrary:0.6732222222222223
ArgumentsMarshalTest:0.5633333333333334
StructureByValueTest:0.36666666666666664
DirectTestLibrary:0.23327777777777778
