CoreDao:0.455611111111111
AssociationDao:0.4442619047619048
CoreDaoTest:0.4241666666666667
