DataSetIterator:0.5666666666666667
Conf:0.45666666666666667
ActorNetworkRunnerApp:0.30333333333333334
BaseDataFetcher:0.25333333333333335
BaseDatasetIterator:0.22333333333333333
ActorNetworkRunner:0.1955
ActorsTest:0.13666666666666666
MnistDataSetIterator:0.09333333333333334
MnistDataSetIteratorTest:0.07666666666666666
IrisDataSetIteratorTest:0.07666666666666666
IrisDataSetIterator:0.06
BatchActorFactory:0.05
LFWDataSetIterator:0.043333333333333335
