DecisionState:0.416984126984127
ParserATNFactory:0.38
ATNSerializer:0.2633333333333333
ATNSimulator:0.22944444444444448
