FeatureTypes:0.7833333333333333
Selection:0.38666666666666666
CollapsedFeatureTierManager:0.3433333333333333
Comparable:0.15694444444444444
