QueryExecutionFactory:0.6466666666666666
QueryInfo:0.6233333333333333
SqlQueryExecution:0.4166666666666667
CreateOrReplaceMaterializedView:0.31666666666666665
CreateOrReplaceMaterializedViewExecution:0.2633333333333333
SqlQueryManager:0.21666666666666667
CreateOrReplaceMaterializedViewExecutionFactory:0.09
SqlQueryExecutionFactory:0.08333333333333333
ServerMainModule:0.055
