BinderModuleImpl:0.4694444444444445
AbstractFolderModule:0.37666666666666665
AbstractBinderResource:0.29444444444444445
FileResource:0.2777777777777778
