Analysis:0.51
TypeRegistry:0.38333333333333336
TypeManager:0.37666666666666665
TestTypeRegistry:0.33
StatementAnalyzer:0.25333333333333335
ExpressionAnalyzer:0.25
Visitor:0.24666666666666667
SignatureBinder:0.24
TranslationMap:0.23666666666666666
RelationPlanner:0.22
QueryPlanner:0.20333333333333334
FunctionAssertions:0.19333333333333333
ExpressionInterpreter:0.19
TestingTypeManager:0.17
ExpressionAnalysis:0.09
