BuildInfo:0.59
LabelIncrementer:0.22377777777777774
DefaultLabelIncrementer:0.14666666666666667
CVSLabelIncrementer:0.14666666666666667
