InFlightMetadataCollector:0.7333333333333333
InFlightMetadataCollectorImpl:0.5766666666666667
EntityBinder:0.4866666666666667
User:0.24666666666666667
