MiscUtil:0.5766666666666667
BinderHelper:0.3933333333333333
DefinitionHelper:0.37333333333333335
ProfileModuleImpl:0.35
DashboardHelper:0.22666666666666666
WorkspaceTreeHelper:0.19333333333333333
ViewPermalinkController:0.16
ViewEntryController:0.14666666666666667
WorkspaceTreeController:0.11333333333333333
