SubscriberThread:0.4666666666666667
MessageStreamTest:0.40777777777777774
TermRebuilderTest:0.25
SenderTest:0.23666666666666666
SubscriberTool:0.18666666666666668
LogBufferHelper:0.13666666666666666
