LocusTable:0.57
ArrayUtils:0.45666666666666667
GeneTable:0.3933333333333333
