ParameterConstants:0.6
Row:0.36333333333333334
SybaseBuilder:0.28
MsSqlBuilder:0.28
CollectionUtils:0.2733333333333333
HttpTransportManager:0.26666666666666666
ProtocolDataReader:0.26
AbstractSqlTemplate:0.24666666666666667
DataLoaderService:0.24666666666666667
AbstractDdlBuilder:0.21333333333333335
AppUtils:0.20944444444444446
TriggerRouterService:0.18333333333333332
AbstractSymmetricEngine:0.16333333333333333
