ElementUtil:0.63
SignatureGenerator:0.30333333333333334
MetadataWriter:0.27666666666666667
GeneratedExecutableElement:0.27111111111111114
MetadataGenerator:0.2633333333333333
TypeUtil:0.25666666666666665
SignatureGeneratorTest:0.21
MetadataWriterTest:0.19333333333333333
JdtVariableElement:0.14166666666666666
TreeUtilTest:0.08666666666666667
