ChadoFeatureLoc:0.6466666666666666
FeatureLocImplementation:0.42
JdbcChadoAdapter:0.41
PostgresChadoAdapter:0.30333333333333334
SybaseChadoAdapter:0.22
