RedshiftDbSupport:0.7133333333333334
DbSupportFactory:0.32666666666666666
RedshiftDbSupportSmallTest:0.17666666666666667
RedshiftDbSupportMediumTest:0.17666666666666667
