DefaultRuleView:0.47361111111111104
NewRuleView:0.42333333333333334
History:0.34833333333333333
