UtilitiesTest:0.47
JFXAutoFocusPropertyTest:0.37666666666666665
XMLMapsDefinitionParserTest:0.33
JFXServerMemoryTest:0.28833333333333333
JFXDirectionalTabbingExtensionTest:0.24666666666666667
MapItemListConstructorTest:0.18
ServerWidgetTest:0.16666666666666666
