TribeService:0.81
TribeUnitTests:0.3333333333333333
TribeServiceTests:0.19333333333333333
