PartitionManager:0.5633333333333334
MigrationRequestTask:0.4766666666666667
IOUtil:0.47333333333333333
Migrator:0.19777777777777777
PartitionStateGeneratorImpl:0.18
MigrationTask:0.15
PipedZipBufferSupport:0.13833333333333334
InitRepartitioningTask:0.013055555555555556
