Flyway:0.8433333333333334
AbstractFlywayMojo:0.21666666666666667
Main:0.21666666666666667
FlywaySmallTest:0.14
