Factory:0.7466666666666667
AbstractField:0.30333333333333334
CompareCondition:0.27111111111111114
BetweenCondition:0.19777777777777777
jOOQTest:0.10333333333333333
