HttpSecurity:0.72
ExpressionUrlAuthorizationConfigurer:0.37333333333333335
WebSecurityConfigurerAdapter:0.31
PermitAllSupport:0.19333333333333333
MessageSourcesPopulatedConfig:0.19
