Constants:0.7827777777777778
User:0.6733333333333333
ProfileDao:0.38666666666666666
NoErrorRuntimeException:0.37438095238095237
ProfileDaoImpl:0.3333333333333333
AuthenticationManagerImpl:0.24333333333333335
ExternalUserUtil:0.21
ParameterNames:0.19666666666666666
AbstractAuthenticationProviderModule:0.19
ProfileIndexUtils:0.18333333333333332
