ElementDecl:0.5433333333333333
Handler:0.35
XmlActions:0.30666666666666664
XmlParsedData:0.21
SAXParserImpl:0.19666666666666666
XmlComplete:0.15666666666666668
