BootstrapButtonGroup:0.7366666666666667
BootstrapButton:0.5133333333333333
