SizeCtrl:0.7333333333333333
EnhancedViewWidgetDlgBox:0.3566666666666667
EntryWidgetDlgBox:0.2633333333333333
GraphicWidgetDlgBox:0.2633333333333333
ListWidgetDlgBox:0.26
FolderWidgetDlgBox:0.24333333333333335
