tableHibernateOld:0.4533333333333333
tableOld:0.4266666666666667
MDDComparator:0.17
mddOld:0.16666666666666666
MakumbaTestData:0.15666666666666668
MakumbaWebTestSetup:0.009166666666666667
TestLoginLogic:0.006666666666666667
MDDParserDiff:0.006666666666666667
MakumbaTestSetup:0.0033333333333333335
AllTests:0.0025
TestHibernateTransactionProviderChooserLogic:0.0
ValidationSubfolderLogic:0.0
ValidationLogic:0.0
