BlockEncoding:0.8233333333333334
VariableWidthBlockEncodingFactory:0.2
FixedWidthBlockEncodingFactory:0.2
VariableWidthBlockEncoding:0.18388888888888888
FixedWidthBlockEncoding:0.18388888888888888
RunLengthBlockEncoding:0.17
DictionaryBlockEncoding:0.14333333333333334
SnappyBlockEncoding:0.14333333333333334
