FileSystemMgt2Service:0.766888888888889
FileSystemMgt2Bean:0.30666666666666664
