Builder:0.62
InsertFromValuesAnalyzerTest:0.4866666666666667
InsertFromSubQueryAnalyzerTest:0.2855555555555555
TestingTableInfo:0.24666666666666667
DocTableRelation:0.23833333333333334
