DeleteOperation:0.38333333333333336
GOTOInclusionTransformation:0.27666666666666667
SplitOperation:0.25333333333333335
TimestampOperation:0.17
NoOperation:0.12333333333333334
