XSLTag:0.4866666666666667
NavigationTag:0.42333333333333334
MockPageContext:0.4166666666666667
NavigationTagTest:0.18
MockServletConfig:0.07333333333333333
CruiseLogFileNameFilter:0.024722222222222222
AbstractLogAwareTag:0.023333333333333334
