CanvasState:0.4444444444444445
CanvasController:0.3772222222222222
