ParsedBucket:0.42333333333333334
SignificantTermsSignificanceScoreIT:0.31666666666666665
InternalMappedSignificantTerms:0.24333333333333335
SignificantStringTermsTests:0.19
ParsedSignificantStringTerms:0.18444444444444444
ParsedSignificantLongTerms:0.18444444444444444
SignificantLongTermsTests:0.15666666666666668
ParsedSignificantTerms:0.15333333333333332
InternalSignificantTermsTestCase:0.07333333333333333
