CertTools:0.61
PublisherSessionBean:0.33666666666666667
PublisherSessionLocal:0.3105555555555556
CAAdminSessionBean:0.29333333333333333
CertificateProfileSessionBean:0.29
CaTestUtils:0.24666666666666667
PublisherProxySessionBean:0.22666666666666666
InformationMemory:0.21
CaSessionBean:0.2
CaAdminSessionBeanTest:0.055
CertificateProfileSessionLocal:0.0
