Tds:0.5933333333333334
EscapeProcessor:0.3333333333333333
PreparedStatement_base:0.31333333333333335
PacketRowResult:0.2677777777777778
