DeploymentGroup:0.49
Builder:0.25333333333333335
ZooKeeperMasterModelIntegrationTest:0.2
DeploymentGroupResourceTest:0.17
DeploymentGroupResource:0.16166666666666665
DeploymentGroupCreateCommandTest:0.13666666666666666
DeploymentGroupInspectCommand:0.12666666666666668
DeploymentGroupCreateCommand:0.12
DeploymentGroupInspectCommandTest:0.11666666666666667
Utils:0.115
UpdateDeploymentGroupHosts:0.07666666666666666
