AbstractTestOrcReader:0.54
OrcTester:0.4266666666666667
Checkpoints:0.30333333333333334
ColumnPositionsList:0.23333333333333334
