Transaction:0.47333333333333333
Wallet:0.42
WalletTest:0.33
TransactionConfidence:0.3006666666666667
FakeTxBuilder:0.21333333333333335
WalletProtobufSerializer:0.21
