GenericFormatterRegistryTests:0.43666666666666665
FormatterRegistry:0.37290476190476185
FormatterBackedMappingConversionExecutor:0.35
GenericFormatterRegistry:0.16
TestFormatterRegistry:0.061111111111111116
