JSONLexerBase:0.6433333333333333
JSONScanner:0.24
DoubleBenchmark:0.19333333333333333
DoubleTest:0.18666666666666668
