ConcentrationTableModel:0.6166666666666667
ExcavationTableModel:0.5032222222222222
MiningMissionCustomInfoPanel:0.3233333333333333
