XMLSerializer:0.42
ActiveXObject:0.38666666666666666
XmlPage:0.3566666666666667
HTMLCollection:0.2833333333333333
SimpleScriptableTest:0.19666666666666666
XMLDocument:0.13333333333333333
XMLSerializerTest:0.04666666666666667
