Kernel32Test:0.45166666666666666
DWORD:0.38666666666666666
W32FileUtils:0.18
SYSTEM_INFO:0.016666666666666666
