Asserts:0.5266666666666666
TypeLiteral:0.44666666666666666
AnnotationTypeStrategy:0.24
TypeLiteralTest:0.24
KeyTest:0.19555555555555554
SerializedForm:0.19333333333333333
