DataEnvironment:0.8533333333333334
CallStep:0.2733333333333333
