TxnRollbackOperation:0.4033333333333333
MultipleEntryOperation:0.27666666666666667
PartitionWideEntryOperation:0.27666666666666667
EntryProcessorTest:0.22666666666666666
ClientTxnTest:0.13333333333333333
MapTransactionLog:0.12333333333333334
ClientTxnSetTest:0.07333333333333333
ClientTxnListTest:0.07333333333333333
ClientTxnQueueTest:0.07
ClientTxnMapTest:0.056666666666666664
ClientTxnMultiMapTest:0.02666666666666667
