User:0.6466666666666666
RequestContext:0.49
ProfileModuleImpl:0.2833333333333333
RequestContextUtil:0.27
ProfileDaoImpl:0.20666666666666667
ListFolderController:0.20666666666666667
AbstractZoneModule:0.18666666666666668
SessionContext:0.13833333333333334
InitRequestContextInterceptor:0.10666666666666667
SharedSeenMap:0.058333333333333334
HttpSessionContext:0.03
BaseSessionContext:0.006666666666666667
PortletSessionContext:0.0033333333333333335
