MTreeScanner:0.2929782
FileScanner:0.22705014
ContainerScanner:0.050586496
MTree:0.028370509
