PriorityRenderer:0.07864515
PriorityEditor:0.066020995
Task:0.049469084
TaskModel:0.047827795
TaskTable:0.034190536
Sorter:0.02015276
