Proto:0.5033333333333333
ValueType:0.5
ValueAttribute:0.38666666666666666
TypeStringProvider:0.2866666666666667
ProtoclassCollecter:0.23333333333333334
Round:0.19666666666666666
