HTMLElement:0.62
HTMLTableColElementTest:0.3566666666666667
HTMLIFrameElementTest:0.29333333333333333
