DefaultSerializer:0.6
FedoraObjectResource:0.43666666666666665
DatastreamResource:0.38333333333333336
FedoraObjectSearchResource:0.22
BaseRestResource:0.16
