RuntimeObject:0.8366666666666667
CallStep:0.42
ModeChangeStep:0.18333333333333332
OmniscientStack:0.15666666666666668
