FwdPassReturn:0.560484126984127
LSTMHelpers:0.46
GravesLSTM:0.415
GravesBidirectionalLSTM:0.4
GravesBidirectionalLSTMTest:0.25333333333333335
