Execute:0.49
AstBuilder:0.47
TestSqlParser:0.38666666666666666
Formatter:0.2966666666666667
TestPrepareTask:0.15
