Factory:0.5653333333333334
Enhancer:0.4266666666666667
EnhancerGenerator:0.33
TestEnhancer:0.33
