NodeEnvironment:0.55
ESIntegTestCase:0.44
NodeEnvironmentTests:0.30666666666666664
PercolatorBackwardsCompatibilityTests:0.25
Security:0.22444444444444447
