CollectIce:0.6443333333333334
CollectRegolith:0.6443333333333334
