Corpus:0.6563333333333333
DocumentImpl:0.4533333333333333
TestCorpus:0.33666666666666667
CookBook:0.2733333333333333
CorpusImpl:0.26666666666666666
AnnotationImpl:0.1761111111111111
TestGate:0.13666666666666666
FeatureBearer:0.013333333333333334
