FileModuleImpl:0.59
RequestContext:0.4633333333333333
AccessControlManager:0.2811666666666666
AccessControlManagerImpl:0.25333333333333335
NullAccessControlManager:0.24
