ValueMirrors:0.6066666666666667
StyleInfo:0.5266666666666666
Proto:0.30333333333333334
Styles:0.2377777777777778
DictionaryAidedDepluralizer:0.21333333333333335
