MongoCollection:0.7586111111111111
MongoCollectionImpl:0.44333333333333336
FindIterableImpl:0.37666666666666665
TestOperationExecutor:0.37333333333333335
