LoadBalancer:0.4533333333333333
AbstractClassServerDelegate:0.3
ClassServerDelegate:0.2941111111111111
BaseJPPFClientConnection:0.24333333333333335
AbstractGenericClient:0.23333333333333334
RemoteExecutionThread:0.20833333333333334
JcaClassServerDelegate:0.18
ClassServerDelegateImpl:0.18
AbstractSubmissionManager:0.16333333333333333
