Response:0.8733333333333333
NormalResponse:0.5805555555555555
InvocationFuture:0.28
InboundResponseHandler:0.27
