XMLDatastreamProcessor:0.3933333333333333
DefaultDOManager:0.33
FieldSearchSQLImpl:0.23333333333333334
SimpleDOWriter:0.21916666666666668
FedoraObjectTripleGenerator_3_0:0.21
FieldSearchResultSQLImpl:0.19583333333333336
DatastreamManagedContent:0.19
DefaultDisseminatorImpl:0.13666666666666666
ObjectInfoAsXML:0.11666666666666667
