LoadPathEntryLabelProvider:0.6533333333333333
RubyEnvironmentTab:0.38333333333333336
