PropertyRelationship:0.6177777777777778
PropertyAssociation:0.54
ProxyChoice:0.056666666666666664
