SSLHelper:0.37333333333333335
NetClientOptions:0.26666666666666666
NetServerOptions:0.26666666666666666
HttpClientOptions:0.26666666666666666
TCPSSLOptions:0.25
HttpServerOptions:0.24333333333333335
NetExamples:0.2
HttpTLSTest:0.19333333333333333
NetTest:0.18666666666666668
TLSTest:0.17666666666666667
