Subject:0.5533333333333333
Address:0.36
SubjectIdentifier:0.27666666666666667
SubjectName:0.27666666666666667
HL7V3MessageBuilderHelper:0.2633333333333333
SubjectPersonalRelationship:0.22666666666666666
TelecomAddress:0.22666666666666666
SubjectLanguage:0.22
SubjectBuilder:0.15666666666666668
SubjectAbstractEntity:0.056666666666666664
