EntryOperation:0.3466666666666667
BasePutOperation:0.24333333333333335
PartitionWideEntryOperation:0.2413888888888889
PutFromLoadAllOperation:0.23
MergeOperation:0.22833333333333333
PutAllOperation:0.2225
MultipleEntryOperation:0.20777777777777778
TxnSetOperation:0.18666666666666668
