GraphEltSet:0.5633333333333334
ErrorUtil:0.3933333333333333
NBrowseApplet:0.39
StepExpansionThread:0.13444444444444442
