PipelineBase:0.6111111111111112
PipeliningTest:0.32666666666666666
