DeskletLoader:0.7952777777777779
ResizeDialog:0.5736666666666667
