ScriptEditor:0.5033333333333333
Assert:0.3
SplashScreen:0.2861111111111111
Annotation:0.23666666666666666
ScriptModel:0.22
Call:0.22
ComponentBrowser:0.19833333333333333
Costello:0.12333333333333334
