AbstractRdtTestCase:0.5866666666666667
TC_IncrementalRdtCompiler:0.3944444444444445
