Labrador:0.6586666666666667
SerializeWriter:0.5433333333333333
JavaBeanDeserializer:0.36333333333333334
JsonSeeAlsoTest:0.1
Tidy:0.04
