BookmarkNode:0.51
NewBookmarkFolderAction:0.2966666666666667
DeleteBookmarkFolderAction:0.19
BookmarkManagerTopComponent:0.12666666666666668
BookmarksActionFactory:0.09083333333333334
BookmarksFrame:0.06333333333333334
BookmarkRootNode:0.04666666666666667
BookmarkNativeTypeProperty:0.006666666666666667
AddObjectToBookmarkFolderAction:0.0
RemoveObjectFromBookmarks:0.0
