NbrowseGoose:0.7633333333333333
DataLoader:0.6633333333333333
