ChangeTransferFunctionDialog:0.59
NeuronWidget:0.38333333333333336
AddNeuronDialog:0.37
AddCustomLayerDialog:0.2966666666666667
AddCompetitiveLayerDialog:0.21583333333333332
AddInputLayerDialog:0.2
NeuronPopupMenuProvider:0.16777777777777778
NeuralLayerWidgetAcceptProvider:0.13
NeuralLayerPopupMenuProvider:0.08333333333333333
