Worker:0.7405555555555555
ServerLib:0.3333333333333333
