ParserConfig:0.5783333333333334
TypeUtils:0.47
SerializeConfig:0.32166666666666666
