BinderHelper:0.6966666666666667
DefinitionUtils:0.25333333333333335
MenuTag:0.22
SlidingTableTag:0.19333333333333333
ListFolderHelper:0.18833333333333332
IfAccessibleTag:0.15333333333333332
ProfilesBinderHelper:0.13333333333333333
ViewEntryController:0.13333333333333333
ViewPermalinkController:0.11333333333333333
WorkspaceTreeController:0.08
ManageDefinitionsController:0.07333333333333333
