SystemBuilder:0.7533333333333333
WorkerCommand:0.4172222222222222
Commander:0.36333333333333334
