Persist:0.42333333333333334
EventExpander:0.36666666666666664
AlarmWriter:0.2633333333333333
EventdTest:0.255
EventWriter:0.25333333333333335
EventUtil:0.14333333333333334
EventHandler:0.13333333333333333
EventdConstants:0.03
