PeriodType:0.5633333333333334
TestMutablePeriod_Updates:0.3233333333333333
TestMutablePeriod_Constructors:0.26
TestPeriod_Constructors:0.26
YearDayType:0.21333333333333335
AbstractPeriod:0.19
