ErrorMessages:0.49803968253968256
BindingBuilderImpl:0.41
AbstractModule:0.30333333333333334
BinderImpl:0.3
MyModule:0.18666666666666668
Binder:0.14416666666666667
