ISqlTemplate:0.5246666666666667
IDataCaptureBuilder:0.4607380952380953
AbstractDataCaptureBuilder:0.44
ConfigurationService:0.39
SymmetricClient:0.2866666666666667
AbstractSqlTemplate:0.25
EmbeddedDbFunctions:0.15333333333333332
