EvidencePanel:0.43
FeaturePanel:0.4066666666666667
StrandedScrollableFeaturePanel:0.2633333333333333
FeatureSelectionEvent:0.23666666666666666
FeatureTreePanel:0.21833333333333332
