PyList:0.43333333333333335
PyString:0.4166666666666667
PySequence:0.35
PyXRange:0.23722222222222225
PyTuple:0.235
