JSONLexer:0.7256944444444445
JSONScanner:0.4633333333333333
DefaultJSONParser:0.43333333333333335
SerializeWriter:0.30666666666666664
SymbolTable:0.24666666666666667
