BasicHttpsTest:0.6516666666666666
ComplexClientTest:0.35333333333333333
Head302handler:0.17999999999999997
