StyleSheetTest:0.5166666666666667
WebDriverTestCase:0.3333333333333333
XmlPage2Test:0.27
NamedNodeMap2Test:0.23666666666666666
