InjectorTest:0.48
Linker:0.43
EProviderInjector:0.020833333333333332
AProviderInjector:0.020833333333333332
MultipleInjector:0.020833333333333332
AnnotatedJitInjector:0.020833333333333332
GInjector:0.020833333333333332
GMembersInjector:0.020833333333333332
QInjector:0.020833333333333332
LInjector:0.020833333333333332
FiInjector:0.020833333333333332
NamedInjector:0.020833333333333332
AbstractInjector:0.0
BaseModule:0.0
