GraphInfo:0.5066666666666667
Simulator:0.4314285714285715
SystemStore:0.42333333333333334
TypeGraph:0.4166666666666667
SystemProperties:0.4033333333333333
SimulatorModel:0.39
Version:0.38666666666666666
Rule:0.38
AspectLabel:0.3546666666666667
AspectGraph:0.33666666666666667
Pair:0.33466666666666667
Index:0.3233333333333333
AspectEdge:0.31833333333333336
LayoutMap:0.31333333333333335
JEdgeLayout:0.308
NodeEquivClass:0.305
AbstractGraph:0.3
DefaultFileSystemStore:0.29
AspectNode:0.28833333333333333
GTS:0.28527777777777774
SimpleMorphism:0.2833333333333333
AbstractLabel:0.2833333333333333
GraphProperties:0.2733333333333333
EquivRelation:0.2733333333333333
GrammarModel:0.2733333333333333
Equation:0.26666666666666666
EdgeEquivClass:0.24666666666666667
AbstractPatternGraph:0.24333333333333335
SimpleNFA:0.24
InversableElementMap:0.24
GraphEditorTab:0.24
GraphBasedEdit:0.23666666666666666
SimulatorUndoManager:0.23666666666666666
GraphJModel:0.22666666666666666
Generator:0.22
Shape:0.21333333333333335
Condition:0.21333333333333335
ShapeGraph:0.20666666666666667
TreeMatch:0.20666666666666667
MatrixAutomaton:0.20666666666666667
TypeEdge:0.20555555555555557
SaveAction:0.20333333333333334
AbstractJaxbGxlIO:0.19666666666666666
DefaultArchiveSystemStore:0.19333333333333333
GraphTab:0.19
TypeNode:0.17388888888888887
GraphPanel:0.16666666666666666
CopyAction:0.16111111111111112
SaveStateAction:0.16
ImportAction:0.15
NewAction:0.14666666666666667
Transform:0.14
EditRulePropertiesAction:0.12
EditStateAction:0.10666666666666667
RedoSimulatorAction:0.03916666666666667
UndoSimulatorAction:0.03916666666666667
DefaultFixable:0.0033333333333333335
