AgentConfig:0.6077777777777778
AgentService:0.4
AgentParser:0.3466666666666667
