ArticleBean:0.5711111111111111
GeneralDB:0.41
ArticleBeanTests:0.3933333333333333
