UIData:0.4766666666666667
GwtTeamingMessages:0.4
GwtTaskHelper:0.33
TaskBundle:0.25666666666666665
