RaEndEntitySearchRequest:0.5566666666666666
RaSearchEesBean:0.4666666666666667
RaSearchEndEntity:0.2966666666666667
RaMasterApiSessionBean:0.2833333333333333
