ArtifactRenderer:0.5077222222222222
ServiceManagerView:0.4442777777777779
ProcessCache:0.38
ProcessInstanceBean:0.2833333333333333
ArtifactView:0.27666666666666667
ProcessInstanceView:0.2733333333333333
MessageBox:0.25333333333333335
AbstractModule:0.24
IndexUI:0.21666666666666667
PropertySheetModule:0.20666666666666667
NavigationTreeComponent:0.20666666666666667
OutsidePlantModule:0.2
ContainmentManagerModule:0.2
ContainmentManagerComponent:0.18666666666666668
OutsidePlantComponent:0.17333333333333334
EndToEndViewSimpleScene:0.17
EndToEndView:0.12305555555555554
NavigationTreeModule:0.11
ProcessGraph:0.10666666666666667
WelcomeView:0.08446825396825397
CreateListTypeChildAction:0.0770595238095238
DeleteListTypeAction:0.0770595238095238
AttachmentArtifactRender:0.07333333333333333
ServiceViewsDashboardWidget:0.07
ListManagerComponent:0.04637301587301587
DummyDashboardWidget:0.043333333333333335
FormArtifactRenderer:0.04
ConditionalArtifactRender:0.03333333333333333
ObjectConnectionWidget:0.03333333333333333
ProcessManagerView:0.026944444444444448
ServiceManagerDashboard:0.02605555555555555
ListManagerModule:0.023333333333333334
Servlet:0.02
TrafficDashboardWidget:0.02
ActionsFactory:0.018888888888888886
ContactsDashboardWidget:0.01
ResourcesDashboardWidget:0.01
ProcessInstancesView:0.0025
MessageBoxShowObjectId:0.0
UtilProcess:0.0
