Node:0.4633333333333333
CrawlerResultCollector:0.33666666666666667
NodeSystemTray:0.30333333333333334
JPPFClient:0.2941666666666667
NodeExecutionManager:0.26066666666666666
WebCrawlerRunner:0.23
TaskQueueChecker:0.18333333333333332
DriverInitializer:0.18333333333333332
NodeExecutionManagerImpl:0.18333333333333332
AbstractNode:0.12472222222222222
MyCustomPolicy:0.11333333333333333
