ByteDecoder:0.51
DBCollection:0.32
Result:0.26666666666666666
MyCollection:0.25333333333333335
ReflectionTest:0.10666666666666667
