TargetDisconnectedException:0.6366666666666667
ClusterListenerSupport:0.3988888888888889
CleanResourcesTask:0.13666666666666666
