Util:0.7655555555555555
ApplicationEntityManagerImpl:0.36333333333333334
