ClassHandler:0.5483333333333333
Shadow:0.39666666666666667
ShadowWrangler:0.32
MyClassHandler:0.30666666666666664
InstrumentingClassLoaderTest:0.29333333333333333
RobolectricTestRunner:0.24333333333333335
ClassInstrumentor:0.23333333333333334
ShadowMap:0.21333333333333335
Builder:0.20333333333333334
InstrumentingClassLoader:0.18333333333333332
MetaShadow:0.14833333333333334
RobolectricInternals:0.07777777777777778
SdkEnvironment:0.05
ShadowMapTest:0.016666666666666666
