CommentQueryService:0.26666666666666666
ArticleQueryService:0.25
UserProcessor:0.23333333333333334
NotificationQueryService:0.20333333333333334
AvatarQueryService:0.19333333333333333
UserMgmtService:0.18333333333333332
CommentNotifier:0.178
TagQueryService:0.15
