TransferDescription:0.55
XMPPTransmitter:0.34
BinaryChannel:0.2866666666666667
DataTransferManager:0.2633333333333333
