IndexShard:0.7733888888888888
SimpleFacetsTests:0.6466666666666666
IndicesWarmer:0.39061111111111113
SearchService:0.3333333333333333
InternalIndexShard:0.24666666666666667
RobinEngine:0.23666666666666666
InternalIndicesWarmer:0.18777777777777777
FieldDataType:0.17222222222222222
SimpleChildQuerySearchTests:0.13
ExtendedFacetsTests:0.07333333333333333
