Cooccurrence:0.56
Project:0.405
LineLabelProvider:0.3
CooccurrencesEditor:0.2633333333333333
LexicalTableEditor:0.2513888888888889
ApplicationWorkbenchAdvisor:0.2513888888888889
