Common:0.5883333333333334
UserProcessor:0.28
FollowQueryService:0.21
ArticleProcessor:0.19333333333333333
UserQueryService:0.19333333333333333
FollowMgmtService:0.19
FollowRepository:0.17666666666666667
TagProcessor:0.11
