MockBundle:0.6433333333333333
MockServiceReference:0.36666666666666664
MockBundleTest:0.27666666666666667
