QueryRunner:0.48
TableNameCompleter:0.4633333333333333
Console:0.25
BackgroundCacheLoader:0.19666666666666666
