ConfigDescriptionTest:0.58
CppAssetManager:0.36333333333333334
FileInfo:0.30416666666666664
AttributeSetBuilderImpl:0.22166666666666668
