Association:0.5833333333333334
PDataTF:0.5333333333333333
StringUtils:0.4633333333333333
OW:0.35333333333333333
VRs:0.32
DcmObjectImpl:0.2733333333333333
DcmSnd:0.2733333333333333
DcmElementImpl:0.2633333333333333
DcmParser:0.2500396825396825
ValueElement:0.24777777777777776
FsmImpl:0.20333333333333334
DcmHandlerAdapter:0.20333333333333334
PDataTFOutputStream:0.20333333333333334
DcmParserImpl:0.19666666666666666
DimseReaderImpl:0.18
PDataTFImpl:0.17666666666666667
DcmDecodeParam:0.16333333333333333
SAXHandlerAdapter:0.16
AssociationImpl:0.15833333333333333
DimseWriterImpl:0.09666666666666666
MyDataSource:0.08138888888888889
DcmEncodeParam:0.04
