Entry:0.44
CustomAttribute:0.38
Principal:0.33166666666666667
FolderEntry:0.2883333333333333
FileRepositoryService:0.24
