FreeMarkerRender:0.37666666666666665
JsonRender:0.30333333333333334
VelocityRender:0.2733333333333333
ErrorRender:0.16333333333333333
TextRender:0.16
