ParameterService:0.6733333333333333
H2MultiTierStressTest:0.6586666666666667
SymmetricWebServer:0.5833333333333334
MultiTierUnitTest:0.19
AbstractMultiTierStressTest:0.02
