XmlDocumentHandler:0.54
GateFormatXmlDocumentHandler:0.4766666666666667
CreoleXmlHandler:0.22333333333333333
ConfigXmlHandler:0.22333333333333333
XmlDocumentFormat:0.2
