Graph2D:0.7933333333333333
LayoutHelper:0.49333333333333335
DefaultGraph:0.46
GraphLayout:0.43333333333333335
LayerAssignment:0.3976190476190476
LayoutContext:0.33666666666666667
Geometry:0.31
CrossingReduction:0.27051984126984113
GraphWidget:0.27
Shell:0.26
DefaultGraphRenderer:0.23
RadialLayout:0.23
DummyAwareGraph2D:0.20333333333333334
LongestPathLA:0.2
EditableGraphWidget:0.18666666666666668
DefaultLayoutContext:0.17
EditableGraph:0.16333333333333333
ActionDeleteEdge:0.14333333333333334
ActionDeleteVertex:0.14333333333333334
ActionExecuteLayout:0.13333333333333333
SwingTree:0.12
HierarchicalLayout:0.11333333333333333
InheritanceTree:0.09666666666666666
DnDMoveVertex:0.09333333333333334
TreeLayout:0.09333333333333334
Animation:0.09
ShapeHelper:0.08
FamilyTree:0.08
GraphRenderer:0.08
RandomLayout:0.07777777777777778
ActionSelectLayout:0.07666666666666666
VisibilityGraph:0.06833333333333333
ActionInvoke:0.06
LayoutException:0.04583333333333333
OpLineShapeIntersections:0.043333333333333335
LayoutWidget:0.035
CircularGraph:0.02
LayerByLayerSweepCR:0.016666666666666666
CircularLayout:0.016666666666666666
GraphAttributes:0.0033333333333333335
EmptyGraph:0.0033333333333333335
EdgeLayout:0.0
AbstractGraphLayout:0.0
EuclideanShortestPathLayout:0.0
