Utils:0.69
AbstractResultQuery:0.32666666666666666
AbstractRoutine:0.23
AbstractQuery:0.19666666666666666
AbstractStoreQuery:0.18666666666666668
BatchSingle:0.14333333333333334
BatchMultiple:0.13666666666666666
