MultiLayerNetwork:0.6733333333333333
SparkDl4jMultiLayer:0.31333333333333335
BaseLayer:0.27666666666666667
TestSparkMultiLayer:0.23666666666666666
BaseSparkTest:0.13666666666666666
