GlobeDisplay:0.4866666666666667
TabPanelWeather:0.37333333333333335
NavigatorWindow:0.2866666666666667
MonitorWindow:0.24833333333333332
MapPanel:0.19444444444444445
Story:0.15333333333333332
