Token:0.5533333333333333
BotTask:0.34
NodeProcess:0.31666666666666665
ExecutionContext:0.30666666666666664
ExecutionLogic:0.20333333333333334
ProcessExecutionErrors:0.18666666666666668
ProcessFactory:0.17666666666666667
ErrorDetailsAction:0.15
SubProcessState:0.12
BotTaskIdentifier:0.11333333333333333
MultiProcessState:0.08666666666666667
SubprocessStartLog:0.06333333333333334
SubprocessEndLog:0.06333333333333334
NodeProcessDAO:0.043333333333333335
IAttributes:0.0
