JavaIOFileDescriptorAccess:0.41305555555555556
Class:0.38666666666666666
Method:0.38
JavaLangAccess:0.3637301587301588
System:0.35
Interruptible:0.3272804232804233
ChoiceGenerator:0.31
Inspector:0.31
JavaNetAccess:0.27051984126984113
JavaIODeleteOnExitAccess:0.27051984126984113
ScriptEnvironment:0.26666666666666666
UIInspector:0.25666666666666665
Unsafe:0.2500396825396825
JVM:0.24333333333333335
UIActionFromSet:0.23666666666666666
NativeStateMachine:0.19333333333333333
UIActionSingleChoice:0.14833333333333334
SharedSecrets:0.14666666666666667
ConstantPool:0.14666666666666667
JPF_sun_misc_Unsafe:0.14
JPF_java_awt_EventDispatchThread:0.11666666666666667
AnnotationType:0.08
JavaIOAccess:0.03666666666666667
UIScriptEnvironment:0.03333333333333333
