SerializeWriter:0.7566666666666667
TypeUtils:0.49333333333333335
ParserConfig:0.25166666666666665
StringSerializerTest:0.23666666666666666
FastJsonpResponseBodyAdvice:0.19666666666666666
JavaBeanSerializer:0.19333333333333333
IdentityHashMap:0.19
TestExternal6:0.18333333333333332
TestExternal4:0.18333333333333332
TestExternal3:0.18333333333333332
TestExternal5:0.18
MiscCodec:0.17666666666666667
JavaBeanInfo:0.17166666666666666
SerializeWriterTest_1:0.13
MapSerializer:0.07333333333333333
PrimitiveArraySerializer:0.07333333333333333
