CswTest:0.5686666666666667
AllTests:0.36083333333333334
HarvestTest:0.24666666666666667
MetaDataTest:0.0
