TestHazelcastInstanceFactory:0.5166666666666667
MockJoiner:0.44166666666666665
MockNodeContext:0.30333333333333334
ExecutionServiceImpl:0.20666666666666667
TestNodeRegistry:0.19833333333333333
TestHazelcastFactory:0.19666666666666666
SingleExecutorThreadFactory:0.18555555555555558
PoolExecutorThreadFactory:0.18555555555555558
