CertificateData:0.7866666666666666
EditServiceManagedBean:0.3333333333333333
CertificateExpirationNotifierWorker:0.2633333333333333
CertificateStoreSessionLocal:0.2511507936507936
CertificateStoreSessionBean:0.21333333333333335
InternalCertificateStoreSessionBean:0.15333333333333332
