ParaBrowserEditorInput:0.49
ParaBrowserEditor:0.48333333333333334
CorpusSelection:0.27
DefineReferencePattern:0.19333333333333333
OpenParaBrowser:0.13333333333333333
CorpusReferenceDialog:0.03666666666666667
