CardinalityEstimatorSplitBrainTest:0.49
HyperLogLogMergePolicy:0.39666666666666667
SplitBrainMergePolicyDataSerializerHook:0.17
CardinalityEstimatorProxy:0.15666666666666668
Merger:0.10666666666666667
