ReportGraphicalTree:0.4633333333333333
RotateTreeElements:0.42333333333333334
FlipTreeElements:0.18
FilterTreeElements:0.14666666666666667
RotateRenderer:0.016666666666666666
