JapeGUI:0.6366666666666667
AnnotationSetTableModel:0.46166666666666667
