InvoicePaymentResponse:0.6533333333333333
InvoicePayment:0.5933333333333334
