Shell:0.75
Console:0.37
DefaultShell:0.32666666666666666
DefaultShellBuiltIns:0.17333333333333334
ActionHandler:0.1411111111111111
ConsoleProcess:0.0
ProcessManager:0.0
