HTMLElement:0.49666666666666665
HTMLElementTest:0.47333333333333333
FormTest:0.21
