Bits:0.6133333333333333
OutboundResponseHandler:0.2961111111111111
ClientMessage:0.28
OutboundResponseHandlerTest:0.24333333333333335
PostJoinClientOperation:0.21666666666666667
UnsafeBuffer:0.2105
SafeBuffer:0.19333333333333333
ClientProtocolBuffer:0.185
ClientOwnershipTest:0.07
