Model:0.45
Overview:0.36
GridCache:0.2866666666666667
AncestorsWithFams:0.18666666666666668
DescendantsWithFams:0.17944444444444446
TreeView:0.14666666666666667
EventGlue:0.14333333333333334
EntryList:0.008981481481481483
