StatementGenerator:0.5866666666666667
StatementGeneratorTest:0.5196190476190476
ObjectiveCImplementationGeneratorTest:0.29833333333333334
