TablesNeedUpgradeSysCheck:0.62
SysCheckerIntegrationTest:0.49
TableCompatibilitySysChecksTest:0.30666666666666664
SysChecksModule:0.16333333333333333
