JBPMLazyLoaderHelper:0.5433333333333333
JbpmExecutionLogic:0.4
ProcessDefCache:0.37
RunaDeploymentSorter:0.13666666666666666
