Datastream:0.41
DCFields:0.3933333333333333
ObjectFields:0.35333333333333333
PathAlgorithm:0.305
TestRelationships:0.29
FileUtils:0.26
Store:0.25666666666666665
ObjectInfoAsXML:0.25666666666666665
FedoraServerTestCase:0.25666666666666665
PathRegistry:0.25
TestAPIM:0.24
TestCommandLineUtilities:0.24
BackendSecuritySpec:0.2397222222222222
SimpleDOWriter:0.23666666666666666
DCField:0.23666666666666666
Foxml11Document:0.22666666666666666
TestOAIService:0.22
TestServerConfiguration:0.21833333333333332
TestXACMLPolicies:0.21833333333333332
TestAPIA:0.21555555555555553
TestAPIALite:0.21333333333333335
DefaultLowlevelStorage:0.20142857142857143
TestAuthentication:0.19666666666666666
DefaultDOManager:0.19666666666666666
TestFOXMLDOSerializer:0.19
TestMETSFedoraExtDOSerializer:0.19
DefaultAccess:0.18666666666666668
TestXMLDOSerializer:0.18666666666666668
TripleGeneratorBase:0.17333333333333334
FedoraOAIProvider:0.17
TestAtomDOSerializer:0.17
FileSystem:0.16666666666666666
TypeUtility:0.16666666666666666
TestCommandLineFormats:0.16
DefaultLowlevelStorageModule:0.16
TestManagedDatastreams:0.15666666666666668
SimplePathRegistry:0.15
FieldSearchServlet:0.14666666666666667
DatastreamManagedContent:0.13555555555555554
DBPathRegistry:0.13333333333333333
FedoraObjectTripleGenerator_3_0:0.13333333333333333
TestMETSFedoraExt1_1DOSerializer:0.11166666666666666
GenericFileSystem:0.11
TestMETSFedoraExt1_0DOSerializer:0.09833333333333333
DefaultExternalContentManager:0.08333333333333333
FieldSearchSQLImpl:0.06666666666666667
TimestampPathAlgorithm:0.06
AllUnitTests:0.043333333333333335
DCFieldsTest:0.04
