Array:0.5233333333333333
IntArray:0.2866666666666667
LongArray:0.25333333333333335
FloatArray:0.25333333333333335
ArrayPool:0.25333333333333335
Bag:0.20333333333333334
BagPool:0.19666666666666666
FloatBag:0.19
IntBag:0.19
LongBag:0.19
