Py:0.6566666666666666
__builtin__:0.38666666666666666
ParserFacade:0.37666666666666665
BuiltinFunctions:0.22972222222222224
