TransportBlobStatsAction:0.33666666666666667
SQLPlugin:0.32666666666666666
BlobIndices:0.2833333333333333
InformationSchemaTest:0.2253333333333333
