Utils:0.5733333333333334
PermissionsProcessorTest:0.4266666666666667
OnePermissionAndOtherRationale:0.19666666666666666
OnePermissionAndOtherRationales:0.19666666666666666
UtilsTest:0.17333333333333334
