BooleanColumnReference:0.23777777777777775
ShortColumnReference:0.23777777777777775
LongColumnReference:0.23777777777777775
IntegerColumnReference:0.23777777777777775
ByteColumnReference:0.23777777777777775
IpColumnReference:0.14333333333333334
ScoreDocRowFunction:0.13666666666666666
IntegerColumnReferenceTest:0.03
LongColumnReferenceTest:0.03
ByteColumnReferenceTest:0.03
BooleanColumnReferenceTest:0.03
ShortColumnReferenceTest:0.03
