HDUtils:0.57
DeterministicKey:0.55
HDUtilsTest:0.24666666666666667
HDKeyDerivation:0.23333333333333334
