LongestPathLA:0.5133333333333333
DummyAwareLayout:0.35333333333333333
HierarchicalLayoutAlgorithm:0.32
DummyVertex:0.23
