GwtTeamingMessages:0.8066666666666666
ShareThisDlg2:0.38
ShareWithPublicInfoDlg:0.25333333333333335
