Util:0.49833333333333335
Annotation:0.4033333333333333
HistoryGuru:0.3616666666666667
