EntityReader:0.6394444444444445
ResultInitializer:0.2866666666666667
CollectionInitializer:0.2866666666666667
