MultiResourceItemReaderFlatFileTests:0.6466666666666666
TradeItemReader:0.37666666666666665
