MediaConductor:0.4669444444444444
ClientConductor:0.43333333333333335
ClientProxy:0.4
