TedIO:0.49666666666666665
TedShowsConfig:0.44
TedRssFeed:0.41
TedMainDialog:0.38666666666666666
EditShowDialog:0.23
TedShowsConfigTest:0.19333333333333333
Daemon:0.16722222222222222
ConfigShow:0.11
Amazon:0.08333333333333333
PrivateTrackers:0.05305555555555556
ShowInfo:0.030873737373737373
RssFeeds:0.030873737373737373
WebLocations:0.0
ConfigShows:0.0
