Sjc91Tests:0.4766666666666667
RequiredAnnotationMethodInvocationMonitor:0.47333333333333333
PostProcessor:0.2833333333333333
ValidConfig:0.13672222222222222
MultipleBeansOfSameTypeConfig:0.07
InvalidConfig:0.05577777777777778
CheckRequiredWithNoConfigurationAnnotationConfig:0.05577777777777778
CheckRequiredExplicitlyFalseConfig:0.05577777777777778
CheckRequiredDefaultConfig:0.05577777777777778
InvokedRequiredMethods:0.03333333333333333
