SourceFileException:0.7933333333333333
FormalProofCheckerPluginTest:0.3622222222222222
