StatementGenerator:0.5433333333333333
LambdaExpression:0.37333333333333335
Rewriter:0.28800000000000003
AnnotatableType:0.2
QualifiedType:0.1706666666666667
SimpleType:0.16733333333333333
PrimitiveType:0.16733333333333333
