WebClient:0.49
Input:0.3433333333333333
HtmlPage:0.32
FocusableElement:0.29333333333333333
WebClientTest:0.22333333333333333
JavaScriptEngine:0.19333333333333333
SimpleScriptable:0.19
SimpleScriptableTest:0.11666666666666667
FocusableElementTest:0.07
FocusableHostElement:0.06333333333333334
HtmlLabel:0.02666666666666667
