Bootstrap:0.5966666666666667
HibernateBundleTest:0.23666666666666666
DropwizardAppRule:0.21
AdminEnvironment:0.1988888888888889
HelloWorldApplication:0.18688888888888888
ConfiguredCommand:0.18
HibernateBundle:0.14666666666666667
EnvironmentCommand:0.14333333333333334
DBIFactory:0.14
