Stream:0.35333333333333333
List:0.33
Stack:0.32466666666666666
Queue:0.31333333333333335
Array:0.2866666666666667
Seq:0.2866666666666667
LinearSeq:0.23666666666666666
IndexedSeq:0.23666666666666666
Vector:0.23333333333333334
