RecordStore:0.72
DefaultRecordStore:0.27666666666666667
EvictionTest:0.25666666666666665
TxnSetOperation:0.25333333333333335
PutAllOperation:0.22944444444444448
TxnLockAndGetOperation:0.20055555555555554
RemoveBackupOperation:0.19666666666666666
GetEntryViewOperation:0.17444444444444446
