ElasticsearchIntegrationTest:0.5108333333333334
IndexFieldDataService:0.4552619047619048
DuelFieldDataTests:0.4033333333333333
MultiFieldTests:0.26
SimpleStringMappingTests:0.25666666666666665
IndexFieldDataServiceTests:0.18333333333333332
FilterFieldDataTest:0.17666666666666667
RandomExceptionCircuitBreakerTests:0.14
