MongoCollection:0.46610317460317474
DBCollection:0.38666666666666666
MongoDatabase:0.37133333333333335
MongoCollectionImpl:0.3466666666666667
MongoDatabaseImpl:0.21333333333333335
CollectibleDBObjectSerializer:0.17333333333333334
ConcreteSerializer:0.17333333333333334
MongoCollectionBaseImpl:0.15666666666666668
CollectibleDocumentSerializer:0.12835714285714284
UpdateResult:0.045
