JPAOverriddenAnnotationReader:0.9033333333333333
JPAMetadataProvider:0.22333333333333333
