MediaDriver:0.5466666666666666
Context:0.38333333333333336
MediaConductor:0.37666666666666665
Receiver:0.35
