Defaults:0.3765555555555556
Builder:0.30333333333333334
TimestampMappingTests:0.24
Joda:0.22666666666666666
TimestampFieldMapper:0.21333333333333335
DateHistogramTests:0.19666666666666666
DecayFunctionScoreTests:0.19333333333333333
SimpleDateMappingTests:0.16833333333333333
SimpleJodaTests:0.16333333333333333
TypeParser:0.1
