RequestHelper:0.7333333333333333
CRLStoreServlet:0.2833333333333333
RequestInstance:0.25
CardCertReqServlet:0.20744444444444443
OCSPServletBase:0.18333333333333332
ScepServlet:0.1527777777777778
CertDistServlet:0.14333333333333334
CertStoreServlet:0.14
DemoCertReqServlet:0.13444444444444445
