UploadingTest:0.41333333333333333
MockProperties:0.29
UploadAdaptor:0.2866666666666667
Uploading:0.25333333333333335
