CharType:0.5066666666666667
CharOperators:0.31
Chars:0.2833333333333333
TestCharOperators:0.24333333333333335
TestTupleDomainOrcPredicate:0.19
TestHiveDistributedQueries:0.07666666666666666
