DiscoveryNode:0.5
NodeInfo:0.47333333333333333
NodeStats:0.4533333333333333
TransportAddress:0.2966666666666667
DiscoveryNodes:0.28
NodesInfoResponse:0.27661111111111114
InetSocketTransportAddress:0.26
RestShardsAction:0.24666666666666667
NodeService:0.23666666666666666
RestRecoveryAction:0.16333333333333333
SameShardAllocationDecider:0.16333333333333333
LocalTransportAddress:0.16
RestMasterAction:0.15333333333333332
DiscoveryNodeFilters:0.14166666666666666
DummyTransportAddress:0.13333333333333333
NetworkUtils:0.11333333333333333
RestNodesAction:0.10666666666666667
SameShardRoutingTests:0.08333333333333333
SimpleNodeSampler:0.07333333333333333
RestAllocationAction:0.06916666666666667
