Config:0.5833333333333334
DNAUtils:0.5433333333333333
Style:0.39666666666666667
DrawableSeqFeature:0.2472063492063492
Codon:0.22055555555555553
SiteView:0.21
SeqMatchPanel:0.17333333333333334
