ParameterValueGroupDescriptor:0.2966666666666667
GeneralParameterValueDescriptor:0.2966666666666667
ParameterValueGroup:0.2866666666666667
ParameterValueDescriptor:0.13
