ReflectionUtils:0.6433333333333333
JUnit4TestDescriptor:0.42380555555555555
JUnit4TestEngineDiscoveryTests:0.34
