MetaProperty:0.7966666666666666
ClerksTest:0.3233333333333333
