EventRecorderTest:0.5966666666666667
WindowTracker:0.4266666666666667
