Operator:0.41
SelectSymbol:0.38
QualifiedName:0.32666666666666666
InnerExpressionAnalyzer:0.28
MultiSourceSelect:0.27666666666666667
Comparison:0.21
RefReplacer:0.185
CastFunctionResolver:0.18
JoinPairs:0.14666666666666667
ConsumingPlanner:0.12
SubqueryAnalyzer:0.12
AnyOperator:0.07666666666666666
