GeneBean:0.45
SequenceBean:0.3933333333333333
ArticleBean:0.258
PubDatabaseReferenceBean:0.24666666666666667
PubSourceBean:0.23333333333333334
LocusBean:0.23333333333333334
PhenotypeBean:0.2255952380952381
GermplasmBean:0.2255952380952381
PubSourceAliasBean:0.2255952380952381
AlleleBean:0.2255952380952381
BasicBean:0.22166666666666668
TermBean:0.21253968253968256
PubBeanI:0.11
