BufferGeometryMatcher:0.68
DiffGeometryPlugIn:0.4033333333333333
DiffGeometryIndex:0.35333333333333333
