Array:0.7166666666666667
LongArray:0.26666666666666666
FloatArray:0.26666666666666666
IntArray:0.26666666666666666
