DependencyFigure:0.13297412
SeparatorLineFigure:0.003956608
