IBioResource:0.6933333333333334
BioResource:0.62
IPersistedResource:0.34045238095238095
BioResourceView:0.28
FileResource:0.27666666666666667
BioResourceLabelProvider:0.21333333333333335
FolderResource:0.21333333333333335
BioResourceContentProvider:0.20976190476190476
BioResourcePropertySource:0.18666666666666668
StringResource:0.17666666666666667
UnwantedNamesFilter:0.16333333333333333
RootFolderResource:0.15333333333333332
