CertificateChainCleaner:0.3566666666666667
CertificateChainCleanerTest:0.2733333333333333
BasicCertificateChainCleaner:0.26666666666666666
CertificatePinner:0.23666666666666666
AndroidCertificateChainCleaner:0.10333333333333333
