Node:0.36666666666666664
StringUtilTest:0.36333333333333334
StringUtil:0.31
UrlConnectTest:0.23
NodeTest:0.23
Response:0.22333333333333333
