DirectCommand:0.47333333333333333
LoggingFactory:0.45
ConfiguredCommandTest:0.29
MyService:0.17083333333333334
MyConfig:0.02
