RrCSGPolygon:0.8238888888888889
TestMain:0.37333333333333335
