ApplicationConfig:0.5475000000000001
AtmosphereRequestImpl:0.44666666666666666
AtmosphereResponseImpl:0.38666666666666666
ReflectorServletProcessor:0.28
Stream:0.18666666666666668
CompletionAwareAsyncContext:0.16333333333333333
AtmosphereResourceTest:0.1
