jOOQAbstractTest:0.48
SelectTests:0.32
StatementTests:0.30416666666666664
FetchTests:0.2941666666666667
KeepStatementListener:0.2275
