HtmlRadioButtonInput:0.6633333333333333
HtmlRadioButtonInput2Test:0.5135555555555555
HtmlRadioButtonInputTest:0.37333333333333335
