RegisteredExtensionPoint:0.49666666666666665
TestExtensionRegistry:0.48333333333333334
DelegatingExtensionPointRegistry:0.22333333333333333
TestExtensionRegistryTests:0.20666666666666667
ExtensionPointSortingTests:0.15833333333333333
