IcalCrawler:0.5433333333333333
VocabularyWriter:0.25
TestIcalCrawler:0.23
NCAL:0.21666666666666667
NCO:0.21666666666666667
NFO:0.20111111111111113
OntologyUtil:0.17333333333333334
FRESNEL:0.028944444444444446
