LayoutIO:0.9033333333333333
AbstractJaxbGxlIO:0.37666666666666665
