OperationExecutor:0.8112698412698413
OperationThread:0.5133333333333333
ClassicOperationExecutor:0.3466666666666667
