WebserviceBean:0.39
SnmpSyncProvider:0.3233333333333333
DefaultSyncWriter:0.3088888888888889
DefaultSyncReader:0.27666666666666667
BackgroundJob:0.25333333333333335
