ExceptionUtil:0.5633333333333334
IMap:0.5425
TestApp:0.32161111111111107
IMapRegionCache:0.2733333333333333
CountDownLatchProxy:0.25666666666666665
ObjectMultiMapProxy:0.21
HazelcastClientMapTest:0.19333333333333333
InvocationImpl:0.19
QueueProxySupport:0.18666666666666668
AllTest:0.17666666666666667
SemaphoreProxy:0.16333333333333333
LockProxySupport:0.14
ConditionImpl:0.13666666666666666
MapLockHandler:0.11333333333333333
TryLockHandler:0.11333333333333333
