VariableWidthRandomAccessBlock:0.5866666666666667
VariableWidthBlockEncoding:0.37666666666666665
TestPagesSerde:0.36333333333333334
