BusinessEntityManager:0.49
KuwaibaService:0.3233333333333333
WebserviceBeanRemote:0.30333333333333334
RemoteObjectLight:0.3
WebserviceBean:0.23
RemoteObjectLightList:0.21
RemoteObjectSpecialRelationships:0.19333333333333333
BusinessEntityManagerImpl:0.18
