RubySourceViewerConfiguration:0.36333333333333334
RubyTypeElementInfo:0.3
BracketInserter:0.22333333333333333
RubyOutlineContentProvider:0.21
RubyOutlineLabelProvider:0.18
