IOService:0.6844444444444444
Node:0.5266666666666666
TcpIpConnectionManager:0.3933333333333333
NodeIOService:0.21666666666666667
DefaultNodeContext:0.18666666666666668
NodeShutdownHookThread:0.14
