DefaultARINCUtils:0.47333333333333333
WidgetsRefHandler:0.39
SymbolCommand:0.28800000000000003
BlockingEventQueue:0.2866666666666667
