CustomerTest:0.45
ShipmentTest:0.27
DrinksFoodsByCountry:0.16333333333333333
DrinksFoodsByCountryTest:0.023333333333333334
ResetViewAction:0.0
EnumCountryCalculator:0.0
