Lines:0.52
ToString:0.36666666666666664
DeltaTextLine:0.21666666666666667
Path:0.17333333333333334
DeltaText:0.12666666666666668
DeltaAddTextLine:0.11333333333333333
DeltaDelTextLine:0.11333333333333333
