Shader:0.5566666666666666
GLGraphics2D:0.5066666666666667
G2DDrawingHelper:0.3333333333333333
G2DGLSimpleEventListener:0.26
G2DGLCanvas:0.22333333333333333
PathVisitor:0.215
PolygonOrTesselatingVisitor:0.20666666666666667
G2DGLPanel:0.205
G2DGLImageDrawer:0.20333333333333334
G2DGLStringDrawer:0.15
LineDrawingVisitor:0.14666666666666667
G2DGLEventListener:0.13944444444444443
G2DGLShapeDrawer:0.13333333333333333
ResourceShader:0.1175
FastLineVisitor:0.105
TesselatorVisitor:0.08611111111111112
GLShaderGraphics2D:0.08611111111111111
AbstractShader:0.08
G2DShaderShapeDrawer:0.06333333333333334
FillSimpleConvexPolygonVisitor:0.03944444444444444
G2DShaderImageDrawer:0.03666666666666667
G2DShaderStringDrawer:0.03666666666666667
ShaderException:0.023333333333333334
