AutoFinder:0.5266666666666666
AutoPurger:0.45666666666666667
