Detail:0.5277777777777777
Category:0.43
Identifiable:0.24666666666666667
