MathBitInvert:0.5736666666666667
MathUnaryMinus:0.5736666666666667
