MstandardTests:0.19
MreactionTests:0.16333333333333333
MrenderTests:0.05
MqsarproteinTests:0.05
MsdgTests:0.04666666666666667
MvalencycheckTests:0.04666666666666667
MsmilesTests:0.04666666666666667
MstructgenTests:0.04666666666666667
