AbstractTestQueries:0.5433333333333333
LocalQueryRunner:0.37022222222222223
AbstractTestQueryFramework:0.30666666666666664
FunctionAssertions:0.2633333333333333
TestExecuteResource:0.17333333333333334
