DashboardService:0.42333333333333334
DashboardDelegator:0.39666666666666667
QueueModel:0.26
QueuePanel:0.2277777777777778
