JCPPage:0.6333333333333333
CMLfileEditor:0.41
MDLMolfileEditor:0.37333333333333335
IJCPBasedEditor:0.22166666666666668
