Record:0.84
FetchTests:0.43666666666666665
AbstractRecord:0.36333333333333334
