Layer:0.58
MultiLayerNetwork:0.5266666666666666
BarnesHutTsne:0.37333333333333335
WordVectorSerializer:0.30333333333333334
BaseLayer:0.23666666666666666
MultiLayerTest:0.17
ConvolutionDownSampleLayer:0.15154761904761904
