Project:0.4166666666666667
ModificationSet:0.36666666666666664
ModificationSetTest:0.35
ProjectTest:0.22666666666666666
MockModificationSet:0.2211111111111111
MockSourceControl:0.10265873015873016
MockProgress:0.0
