PersistentClass:0.59
Collection:0.55
CollectionBinder:0.3433333333333333
EntityBinder:0.27
HbmBinder:0.25333333333333335
Filterable:0.08738888888888888
