View:0.6866666666666666
InvoiceDetailsWithVatPercentageTest:0.2830952380952381
Module:0.23666666666666666
InvoiceDetailsWithVatPercentageTestBase:0.19666666666666666
AJAXTest:0.17
InvoiceCalculatedDetailsWithVatPercentageTest:0.0
