ATNState:0.6533333333333333
StarLoopEntryState:0.11666666666666667
PlusLoopbackState:0.11666666666666667
DecisionState:0.11666666666666667
