ExtractionVisitor:0.42
SubLoader:0.3433333333333333
SpringLoadedTestsInSeparateJVM:0.25666666666666665
SuperLoader:0.24666666666666667
AbstractMember:0.24666666666666667
CrossLoaderTests:0.22666666666666666
TypeDescriptorExtractor:0.10333333333333333
