RandomPopulator:0.8038888888888889
RandomPopulatorTest:0.24666666666666667
