AbstractDbDialect:0.4766666666666667
AbstractDatabaseTest:0.36
IDbDialect:0.3466666666666667
Db2DbDialect:0.30333333333333334
