PointInTime:0.66
Calendar:0.57
Delta:0.44
PropertyDate:0.38666666666666666
Indi:0.3433333333333333
ReportGedcomStatistics:0.32666666666666666
PropertyAge:0.21666666666666667
Event:0.19
DateWidget:0.17976190476190476
ReportAges:0.17666666666666667
TestAge:0.13
ActionUpdate:0.08
HebrewCalendar:0.07666666666666666
SwitchCalendar:0.056666666666666664
FrenchRCalendar:0.023333333333333334
GregorianCalendar:0.023333333333333334
JulianCalendar:0.006666666666666667
