QueryStats:0.48333333333333334
QueryCompletionEvent:0.38
QueryStateMachine:0.30666666666666664
QueryMonitor:0.17333333333333334
TestQueryStats:0.16
