ModelResolver:0.3944444444444445
Pet:0.37666666666666665
Reader:0.33666666666666667
ParameterProcessor:0.23333333333333334
