Scheduler:0.4666666666666667
SchedulerTest:0.42
ShadowSystemClock:0.36
ShadowAsyncTask:0.30333333333333334
ScheduledRunnable:0.21166666666666667
ShadowAsyncTaskTest:0.20333333333333334
ShadowSystemClockTest:0.08
MyAsyncTask:0.06444444444444446
BackgroundWorker:0.06322222222222224
OnPostExecuteException:0.06322222222222224
