FixedValue:0.5266666666666666
AbstractDynamicTypeBuilderForInliningTest:0.31333333333333335
ForOriginType:0.25666666666666665
ForPoolValue:0.25333333333333335
ForStaticField:0.25
FixedValueTest:0.16333333333333333
FixedValueConstantPoolTypesTest:0.12333333333333334
Baz:0.02
