MongoClientImpl:0.3
ReplicaSetMongoOperations:0.27666666666666667
SingleServerMongoOperations:0.16333333333333333
MongoOperations:0.15833333333333333
SingleChannelMongoOperations:0.11666666666666667
