Editor:0.8766666666666667
ProxyChoice:0.36333333333333334
