ResourceProvider:0.7633333333333333
AbstractJPPFClassLoaderLifeCycle:0.39666666666666667
AbstractClassServerDelegate:0.37
WaitingNodeRequestState:0.25333333333333335
AbstractResourceProvider:0.24333333333333335
TestResourceLookup:0.12
