IDescriptorResult:0.44838888888888895
DescriptorCalculator:0.4166666666666667
DescriptorValue:0.4
AminoAcidCountDescriptorTest:0.2625
QSARCustomizer:0.15333333333333332
IModel:0.03
