MappingBuilder:0.44333333333333336
TextToExpressions:0.17666666666666667
TextToExpression:0.16333333333333333
AbstractExpressionParser:0.13
OgnlExpressionParser:0.11333333333333333
BeanWrapperExpressionParser:0.06
