HttpServerRequest:0.74
Session:0.62
SockJSSocket:0.26066666666666666
WebSocketBase:0.22166666666666668
RawWSSockJSSocket:0.20666666666666667
DefaultHttpServerRequest:0.19
WebSocketImplBase:0.15333333333333332
XhrTransport:0.12333333333333334
EventSourceTransport:0.10333333333333333
HtmlFileTransport:0.10333333333333333
JsonPTransport:0.09666666666666666
