TcpIpJoiner:0.6166666666666667
AddressPicker:0.3566666666666667
SocketConnector:0.23
TcpIpJoinerOverAWS:0.08333333333333333
