MethodDelegation:0.5866666666666667
Appender:0.37333333333333335
ImplementationDelegate:0.36
MethodDelegationOtherTest:0.3
ByteBuddyTutorialExamplesTest:0.29
MethodDelegationTest:0.11333333333333333
Foo:0.10333333333333333
