MaterialViewPagerAnimator:0.6733333333333333
MainActivity:0.5466666666666666
MaterialViewPagerActivity:0.44963888888888887
