ChannelWrapperRemote:0.5483333333333333
JPPFPriorityQueue:0.4802777777777777
TestTask:0.3233333333333333
