PDBAtomTest:0.53
PDBPolymerTest:0.3566666666666667
PDBStructureTest:0.23333333333333334
PDBMonomerTest:0.20666666666666667
DebugPDBMonomerTest:0.08666666666666667
DebugPDBStructureTest:0.08666666666666667
DebugPDBPolymerTest:0.08666666666666667
DebugPDBAtomTest:0.08666666666666667
