LogicException:0.5066666666666667
RequestAttributes:0.29333333333333333
UnauthorizedException:0.2811111111111111
WrappedException:0.22
MyAttributes:0.20722222222222222
HibernateQueryRunner:0.20333333333333334
PageAttributes:0.1975
TagExceptionServlet:0.14
AttributeNotFoundException:0.13666666666666666
LogicNotFoundException:0.13666666666666666
