MethodDescription:0.7211111111111111
ParameterDescription:0.6366666666666667
FieldDescription:0.5533333333333333
ParameterList:0.205
TypeDependant:0.16333333333333333
Empty:0.11666666666666667
AbstractBase:0.05
MethodList:0.05
FieldList:0.05
