Assignment:0.51
Types:0.47
StatementGenerator:0.4533333333333333
OperatorRewriter:0.31666666666666665
