RecordStore:0.7966666666666666
MapProxySupport:0.34
PartitionCheckIfLoadedOperation:0.2966666666666667
CallbackResponseSender:0.2897619047619048
MapKeyLoader:0.24666666666666667
MapStoreTest:0.24666666666666667
MapExecutionCallbackAdapter:0.20666666666666667
WaitingOnFirstTestMapStore:0.11904761904761905
DefaultRecordStore:0.05333333333333334
