Flyway:0.64
MigrationTestCase:0.37333333333333335
DbSupport:0.27666666666666667
PostgreSQLDbSupport:0.24
PostgreSQLMigrationMediumTest:0.21
