EventBus:0.4766666666666667
EventBusImpl:0.3933333333333333
ClusteredEventBusTest:0.2833333333333333
EventBusBridge:0.2833333333333333
NetSocketImpl:0.27666666666666667
HandlerEntry:0.22633333333333336
HandlerRegistration:0.22
LocalEventBusTest:0.18916666666666668
WebSocketImplBase:0.18333333333333332
SockJSSocketBase:0.16333333333333333
