QueryState:0.46888888888888886
Producer:0.4191666666666667
NodeData:0.31666666666666665
Matcher:0.3155555555555556
EdgePattern:0.18666666666666668
