Builder:0.6733333333333333
JobValidator:0.4033333333333333
JobValidatorTest:0.37
JobsResource:0.22666666666666666
JobCreateCommand:0.21333333333333335
