Util:0.56
BusinessEntityManagerImpl:0.39666666666666667
ApplicationEntityManagerImpl:0.31666666666666665
BusinessEntityManagerRemote:0.18416666666666667
BusinessEntityManager:0.15638888888888888
