WfTask:0.52
HandlerData:0.4266666666666667
ExecutionService:0.3000833333333333
ExecutionServiceDelegate:0.25666666666666665
ExecutionServiceBean:0.24666666666666667
WfTaskFactory:0.12666666666666668
CommonParamBasedHandler:0.09
