DB:0.58
Mongo:0.4866666666666667
DBCollection:0.37277777777777776
DBPort:0.26166666666666666
ServerError:0.2
