WicketApplicationTest:0.41
AEMgtTest:0.36
WASPTestUtil:0.23666666666666666
DummyWebCfgMBean:0.19666666666666666
WebLoginContext:0.15333333333333332
CreateOrEditAETPage:0.14666666666666667
DicomEditBeanTest:0.12666666666666668
AEMgtApplication:0.07
