JSONLexer:0.6652777777777779
ASMDeserializerFactory:0.28
JSONScanner:0.25333333333333335
SerializeWriter:0.20666666666666667
ArrayDeserializer:0.17
