CrmfRAPbeRequestTest:0.36333333333333334
CmpTestCase:0.33
CrmfRAPbeMultipleKeyIdRequestTest:0.2733333333333333
CrmfRAPbeTcpRequestTest:0.14
