LDefField:0.4633333333333333
WriterConstants:0.44963888888888887
LDefArray:0.4033333333333333
