TicketGrantingTicketResource:0.5533333333333333
CasRestConfiguration:0.2633333333333333
TicketGrantingTicketResourceTests:0.2633333333333333
AuthenticationSystemSupport:0.14333333333333334
RegisteredServiceResource:0.11666666666666667
X509RestConfiguration:0.1
