ITestManager:0.7833333333333333
TestManager:0.5466666666666666
JavaScriptManagerMethodDispatcher:0.43666666666666665
JavaScriptManagerMethodTest:0.12333333333333334
JavaManagerMethodTest:0.09
