DocumentImpl:0.5866666666666667
CorpusImpl:0.49666666666666665
LanguageResource:0.29088888888888886
