JsfViewFactory:0.8766666666666667
JsfViewFactoryTests:0.06333333333333334
