AlterTableStep:0.7977777777777778
ParserImpl:0.48222222222222216
AlterTableImpl:0.3566666666666667
