DbOomQuery:0.5833333333333334
DbListIterator:0.35333333333333333
DbOomTest:0.24666666666666667
EntityCacheTest:0.13666666666666666
