Vertex:0.39
Graphic:0.36856349206349204
RewriterInstruction:0.3027420634920635
RewriteChoiceGenerator:0.3
Edge:0.27
Set:0.22333333333333333
RewriteListener:0.20416666666666666
MangoState:0.11666666666666667
MangoAnnotation:0.043333333333333335
