Data:0.4266666666666667
Euler:0.4
Parser:0.31
PositiveEntailmentTest_etc1:0.23333333333333334
NegativeEntailmentTest_etc2:0.23333333333333334
NegativeEntailmentTest_etc1:0.23333333333333334
ETC3:0.21666666666666667
ETC5:0.2
PositiveEntailmentTest_etc2:0.2
ImportEntailmentTest_etc2:0.2
ConsistencyTest_etc2:0.19666666666666666
InconsistencyTest_etc2:0.19666666666666666
PositiveParserTest_etc1:0.18666666666666668
OWLforOWLTest_etc2:0.18333333333333332
Datatype:0.16
