BinderHelper:0.7933333333333333
ObjectKeys:0.560484126984127
WebKeys:0.560484126984127
RelevanceAjaxController:0.29
WorkspaceTreeHelper:0.24
