JsonArray:0.54
JsonObject:0.54
JsonObjectTest:0.26666666666666666
JsonArrayTest:0.19333333333333333
