SpooledFileSaveAsHTMLAction:0.4877222222222222
SpooledFileOpenAsHTMLAction:0.4877222222222222
