DistributedScheduledExecutorService:0.3566666666666667
ScheduledTaskDescriptor:0.31666666666666665
ScheduledExecutorContainer:0.28
ScheduledExecutorServiceTestSupport:0.23666666666666666
ScheduledExecutorServiceBasicTest:0.23333333333333334
GetAllScheduledOperation:0.21
PlainCallableTask:0.13333333333333333
ScheduledExecutorServiceSlowTest:0.056666666666666664
