LWJGLUtil:0.8933333333333333
WindowsSysImplementation:0.25666666666666665
LinuxSysImplementation:0.23
