JavaService:0.44
EmbeddedServiceLoader:0.35333333333333333
JavaScriptServiceLoader:0.16
JavaServiceLoader:0.11666666666666667
EmbeddedServiceLoaderCreationException:0.07
EmbeddedServiceLoadingException:0.07
JavaScriptCommChannel:0.06333333333333334
JolieServiceLoader:0.056666666666666664
JavaCommChannel:0.03666666666666667
