ListCollectionInitializor:0.5266666666666666
AbstractCollectionMapper:0.44333333333333336
ListCollectionMapper:0.17333333333333334
MapCollectionMapper:0.14
BasicCollectionMapper:0.14
