UploadingTest:0.49333333333333335
MultiFileContent:0.4866666666666667
MultipartBody:0.32
