MainActivity:0.5383333333333333
OneMovieDetailActivity:0.42333333333333334
AndroidFragment:0.29833333333333334
