Texture:0.57
TextureDescriptor:0.4633333333333333
Material:0.2833333333333333
AmbientCubemap:0.2733333333333333
DefaultTextureBinder:0.25666666666666665
BaseShader:0.24666666666666667
TextureBinder:0.22166666666666668
MeshBuilder:0.22
Model:0.20333333333333334
MeshPartBuilder:0.20083333333333334
GLES10Shader:0.18666666666666668
Intersector:0.17666666666666667
VertexInfo:0.17333333333333334
FrameBuffer:0.17333333333333334
BaseShaderProvider:0.03333333333333333
