Info:0.91
ApiListingResource:0.25666666666666665
Bootstrap:0.19666666666666666
