ActivityStreamCtrl:0.3466666666666667
GwtTeamingMessages:0.3222222222222222
ActivityStreamTopEntry:0.30333333333333334
ActivityStreamUIEntry:0.3
ActivityStreamComment:0.23
