BObjMETSSerializer:0.8133333333333334
BDefMETSSerializer:0.35333333333333333
BMechMETSSerializer:0.26
