Field:0.7866666666666666
JavaGenerator:0.3233333333333333
WireCompilerTest:0.25333333333333335
FooBar:0.21
FieldOptions:0.19198412698412698
ProtoAdapter_FooBar:0.12666666666666668
