Messages:0.8733333333333333
SearchArgument:0.5766666666666667
Search:0.25666666666666665
SearchExec:0.24
SearchArgumentEditor:0.20666666666666667
SearchDialog:0.2
FNDSTR_search:0.19
XDialogPage:0.13666666666666666
BooleanHelper:0.12333333333333334
SearchOptions:0.11666666666666667
DoSearch:0.11333333333333333
