PluginManager:0.08495708
VFSManager:0.054125838
jEdit:0.046555903
Log:0.020826051
EnhancedDialog:0.0098980665
TextUtilities:0.008150631
