RobolectricTestRunner:0.8488888888888888
RobolectricTestRunnerTest:0.43666666666666665
