Val:0.33
EnumDefinition:0.29583333333333334
AbstractDatabase:0.26
DefaultEnumDefinition:0.25333333333333335
DefaultGenerator:0.25
TTriggers:0.16
Keys:0.13666666666666666
