HtmlPage:0.6066666666666667
DomNode:0.59
XMLDocumentTest:0.32
DocumentTest:0.315
NodeTest:0.24333333333333335
