Status:0.6133333333333333
BulkByScrollTask:0.44
AsyncBulkByScrollActionTests:0.25
CancellableTask:0.22166666666666668
AbstractAsyncBulkByScrollAction:0.21333333333333335
AbstractBulkByScrollRequest:0.2111111111111111
RoundTripTests:0.19666666666666666
DelayedPrepareBulkRequest:0.13666666666666666
AbstractAsyncBulkIndexByScrollActionTestCase:0.12333333333333334
BulkByScrollTaskTests:0.07666666666666666
ReindexPlugin:0.07
AbstractBaseReindexRestHandler:0.043333333333333335
