GCodeWriter:0.7222222222222223
CartesianGCode:0.4033333333333333
