PollerConfigFactory:0.4033333333333333
CapsdConfigFactory:0.2966666666666667
CollectdConfigFactory:0.25666666666666665
BroadcastEventProcessor:0.255
Collectd:0.23666666666666666
ThreshdConfigFactory:0.22333333333333333
