STF:0.7766666666666666
AbstractTester:0.6133333333333333
ContextMenuWrapper:0.5566666666666666
STFTest:0.4766666666666667
TestSessionView:0.3333333333333333
DummyTester:0.29333333333333333
ContextMenuWrapperImp:0.2833333333333333
TestSVNStateInitialization:0.28
TesterConfiguration:0.27
TestEditorByAliceAndBob:0.26
TestBasicSarosElements:0.25333333333333335
ViewsImp:0.24
TestBasicWidgetTree:0.23666666666666666
TestUserWithWriteAccessSavesFiles:0.23333333333333334
MakeOperationConcurrently:0.23333333333333334
BuddiesViewImp:0.2322222222222222
TestSVNStateUpdates:0.22333333333333333
TestSarosPreferences:0.21666666666666667
TestChangingNameInRosterView:0.21
SarosBotImp:0.20555555555555555
RealTester:0.2
TestPackageExplorerView:0.19
TestHandleContacts:0.18666666666666668
TestCreatingNewFile:0.18333333333333332
TestFollowMode:0.16333333333333333
TestShare3UsersSequentially:0.15333333333333332
TestShare3UsersConcurrently:0.15333333333333332
TestBasicWidgetsTable:0.15
TestShare2UsersSequentially:0.14
TestUserWithWriteAccessResetsFiles:0.14
TestBuddiesView:0.13333333333333333
TestBuddiesViewByAlice:0.13
TestEditDuringInvitation:0.11333333333333333
TestParallelInvitationWithTerminationByHost:0.11333333333333333
TestMenuSaros:0.10666666666666667
TestParallelInvitationWithTerminationByInvitees:0.1
TestWriteAccessChangeAndImmediateWrite:0.03333333333333333
TestContextMenuDelete:0.0033333333333333335
