FeatureEditorDialog:0.7857936507936508
FeatureEditPanel:0.36666666666666664
