VocabWord:0.51
InMemoryLookupCache:0.3466666666666667
Word2Vec:0.3333333333333333
Builder:0.21666666666666667
Huffman:0.16
VocabActor:0.15444444444444444
Word2VecTests:0.10333333333333333
