Property:0.7033333333333334
PropertyXRef:0.35333333333333333
Note:0.29333333333333333
PropertyNote:0.19166666666666668
