MoleculeKU:0.7533333333333333
AtomComparator:0.3933333333333333
WriteResultsAsCSV:0.12
