InputCollectExpression:0.37
SortingBucketMergerTest:0.21333333333333335
NonSortingBucketMergerTest:0.16666666666666666
SortingTopNProjectorTest:0.16666666666666666
Context:0.1588888888888889
IndexWriterProjectorUnitTest:0.15666666666666668
SimpleTopNProjectorTest:0.155
IndexWriterProjectorTest:0.11333333333333333
