TemplateActionsFactory:0.2833333333333333
TemplateElementNode:0.2633333333333333
TemplatesService:0.22333333333333333
TemplatesTopComponent:0.22
CreateTaskAction:0.21666666666666667
CreateTemplateElementAction:0.20333333333333334
ClassNode:0.17666666666666667
CreateBusinessObjectFromTemplateAction:0.12
CreateTemplateAction:0.11666666666666667
DeleteTemplateElementAction:0.08
ClassChildren:0.04666666666666667
