JSONLexerBase:0.5366666666666666
JSONReaderScanner:0.4533333333333333
Bug_for_issue_448:0.25333333333333335
