LwjglGraphics:0.701111111111111
LwjglApplication:0.4266666666666667
Hiero:0.4
