Flow:0.47333333333333333
TransitionableState:0.34
XmlFlowBuilder:0.31
ViewState:0.24666666666666667
LocalFlowArtifactFactory:0.23666666666666666
FlowExecutionImpl:0.21666666666666667
XmlFlowRegistrar:0.16333333333333333
FlowSessionFlowLocator:0.16
ContinuationDataStoreFlowExecutionStorage:0.13666666666666666
FlowTests:0.09333333333333334
AbstractRegisteredFlowExecutionTests:0.07333333333333333
