DefaultNodeExtension:0.44333333333333336
OverloadedConnectionsPlugin:0.4266666666666667
TcpIpConnection_AbstractTransferStressTest:0.31333333333333335
DefaultNodeContext:0.2866666666666667
