CollectionUtils:0.6333333333333333
TransitionSet:0.33
StateExceptionHandlerSet:0.27666666666666667
