PostingDef:0.52
PropsUtil:0.5133333333333333
MailModuleImpl:0.31
AbstractZoneModule:0.29333333333333333
BinderModuleImpl:0.23666666666666666
AuthenticationModuleImpl:0.2
EncryptedClassPathConfigFiles:0.14666666666666667
JavaMailSenderImpl:0.14333333333333334
