StatementAnalyzer:0.7366666666666667
Rewrite:0.48412698412698413
Analyzer:0.3
StatementRewrite:0.09333333333333334
ShowQueriesRewrite:0.006666666666666667
