ConfigurationProcessor:0.59
MethodEvent:0.3116666666666666
ScopedProxyConfigurationListener:0.15333333333333332
StandardBeanConfigurationListener:0.1275
