HazelcastClient:0.43333333333333335
OutRunnable:0.33
InRunnable:0.21666666666666667
ExecuterServiceHandler:0.17333333333333334
ClientService:0.14666666666666667
