IngestDocumentTests:0.38333333333333336
ConfigurationUtils:0.2816666666666667
Factory:0.27666666666666667
IngestDocument:0.27
SetProcessorTests:0.23666666666666666
SetProcessor:0.18666666666666668
ConfigurationUtilsTests:0.06
SetProcessorFactoryTests:0.06
