QueueProxyImpl:0.6924444444444445
BasicQueueTest:0.19266666666666665
