ArchiveClient:0.5716666666666667
ResponseListener:0.3103333333333333
FailResponseListener:0.28
