IndexStore:0.72
Index:0.51
It:0.38
SortedIndexStore:0.24666666666666667
UnsortedIndexStore:0.23666666666666666
MultiResultSet:0.20666666666666667
SingleResultSet:0.08666666666666667
