Assertions:0.42333333333333334
AssertionUtils:0.4166666666666667
AssertionsFailTests:0.29333333333333333
