ReflectionUtils:0.6222222222222222
TestClassRequestResolver:0.22666666666666666
MyClass:0.20483333333333337
ReflectionUtilsTests:0.20333333333333334
