MapStoreTest:0.6333333333333333
ListenerLifecycleTest:0.38666666666666666
MemoryLeakTest:0.29333333333333333
