EXT_transform_feedback:0.30111111111111116
ARB_instanced_arrays:0.27051984126984113
ARB_texture_buffer_object:0.27051984126984113
ARB_geometry_shader4:0.20166666666666666
ARB_vertex_array_object:0.20166666666666666
ARB_draw_instanced:0.006666666666666667
ARB_map_buffer_range:0.006666666666666667
ARB_color_buffer_float:0.0
ARB_texture_compression_rgtc:0.0
ARB_framebuffer_sRGB:0.0
ARB_half_float_vertex:0.0
ARB_texture_rg:0.0
ARB_depth_buffer_float:0.0
