LegacyHasChildQueryBuilderTests:0.45
ChildrenIT:0.24333333333333335
GetActionIT:0.24
LegacyHasParentQueryBuilderTests:0.23
InnerHitsIT:0.21666666666666667
ParentChildTestCase:0.21
TypeFieldMapperTests:0.19666666666666666
LegacyParentIdQueryBuilderTests:0.19666666666666666
ReindexParentChildTests:0.18333333333333332
