Exposer:0.5966666666666667
DescriptorExposer:0.5133333333333333
MethodExposer:0.36666666666666664
OverridableNewExposer:0.22333333333333333
NewExposer:0.20333333333333334
