gdxBulletJNI:0.4022222222222222
ClickListener:0.2866666666666667
ParallelAction:0.26
TemporalAction:0.26
RunnableAction:0.21666666666666667
SequenceAction:0.21666666666666667
DelegateAction:0.12
DelayAction:0.1
RepeatAction:0.09
AfterAction:0.03
TimeScaleAction:0.01
