SQLTypeMappingTest:0.7044444444444444
CrateThrowableRestResponse:0.4058333333333333
