StyleData:0.5566666666666666
ResourceParserTest:0.28
StaxStyleLoader:0.24444444444444446
ResourceTableFactory:0.16466666666666666
TestUtil:0.15
StyleResourceLoader:0.15
ThemeStyleSetTest:0.14333333333333334
StyleDataTest:0.13333333333333333
