Connection:0.51
Subscription:0.49
ClientConductor:0.30333333333333334
ConnectionTest:0.30333333333333334
SubscriptionTest:0.2428888888888889
