ChoiceAnnotation:0.83
ChoiceAnnotationDao:0.15333333333333332
ChoiceAnnotationDaoTest:0.07333333333333333
