FeatureProperty:0.9583333333333334
TiersIO:0.31333333333333335
