Vocabulary:0.8566666666666667
PdfExtractor:0.23333333333333334
ExtractionVisitor:0.22333333333333333
OpenDocumentExtractor:0.22
FileAccessor:0.215
PdfExtractorTest:0.16
TestFileAccessor:0.15333333333333332
PlainTextExtractor:0.15
MetadataModel:0.13666666666666666
PlainTextExtractorTest:0.13
OpenDocumentExtractorTest:0.12
FileInspector:0.11666666666666667
HtmlExtractorTest:0.09666666666666666
