TextAreaOptionPane:0.15102266
GutterOptionPane:0.1314531
StatusBarOptionPane:0.113136195
StyleEditor:0.08802017
LogViewer:0.08651615
GUIUtilities:0.025479851
jEdit:0.017792642
OperatingSystem:0.011586129
