KeywordMap:0.18686128
TextUtilities:0.16749161
TextArea:0.114718005
JEditBuffer:0.09468839
CompletionPopup:0.07623046
JEditTextArea:0.07293962
View:0.070324935
EditPane:0.06368775
TextAreaPainter:0.032900635
StandardUtilities:0.030756934
Buffer:0.03074612
jEdit:0.028881706
MiscUtilities:0.023942068
JEditVisitorAdapter:0.01721348
