AbstractContextOptionPane:0.2321434
ActionSet:0.12310388
JEditActionContext:0.09258899
jEdit:0.07982037
JEditActionSet:0.07866566
EditAction:0.0737551
GUIUtilities:0.06261354
ActionContext:0.05855676
JEditAbstractEditAction:0.03625022
EnhancedDialog:0.018997245
