DockableWindowManagerProvider:0.74952734
View:0.13149415
DockableWindowManager:0.12084797
DockingLayoutManager:0.073342524
DockableWindowFactory:0.058416743
PerspectiveManager:0.04188208
