FloatingWindowContainer:0.99999994
PanelWindowContainer:0.52040577
DockableWindowManagerImpl:0.41874307
