GUIUtilities:0.06818675
StatusBar:0.04610048
RolloverButton:0.045463737
EditAction:0.029489929
ActionContext:0.018685011
jEdit:0.017665498
View:0.015874788
