AttributeSet:0.58
Visitor:0.5583333333333333
BasicAttributeSet:0.4666666666666667
IntHashtable:0.39
DicomOutputStream:0.3333333333333333
FilterAttributeSet:0.2733333333333333
DicomInputStream:0.23166666666666666
VRMap:0.21333333333333335
ElementDictionary:0.20333333333333334
AttributeSerializer:0.15666666666666668
IntHashtableTest:0.15333333333333332
DicomOutputStreamTest:0.14
AttributeSetSerializer:0.13666666666666666
AbstractAttributeSet:0.08166666666666667
ItemInfo:0.06333333333333334
Itr:0.006666666666666667
