DBCollection:0.7066666666666667
JavaClientTest:0.37
ByteDecoder:0.33
ByteTest:0.19692857142857143
DBObjectTest:0.15642857142857144
DBCursorTest:0.14976190476190476
DBPointer:0.13
DBRefTest:0.11166666666666666
DBRefBase:0.08666666666666667
DBRef:0.08666666666666667
DBCollectionTest:0.06
