MapFacadeBean:0.5366666666666666
MapFacade:0.49
IPersistenceProvider:0.23666666666666666
EJBPersistenceProvider:0.19666666666666666
HibernatePersistenceProvider:0.1927777777777778
EJBMapFacade:0.05333333333333334
