CacheLoadingTest:0.49666666666666665
LocalLoadingCacheTest:0.4166666666666667
CacheBuilderTest:0.38666666666666666
IncrementingLoader:0.229031746031746
CaffeinatedGuavaLoadingCache:0.19666666666666666
TestingCacheLoaders:0.16466666666666666
CaffeinatedGuavaCacheLoader:0.13666666666666666
