View:0.4266666666666667
Toolbar:0.26
FlowLayout:0.22
ConstraintLayout:0.22
CoordinatorLayout:0.22
GridLayout:0.22
FrameLayout:0.22
RelativeLayout:0.22
DrawerLayout:0.22
LinearLayout:0.22
TextView:0.21833333333333332
AppBarLayout:0.21333333333333335
Button:0.2
RecyclerView:0.2
ImageView:0.2
EditText:0.19666666666666666
CollapsingToolbarLayout:0.19333333333333333
