MultiLayerNetwork:0.5933333333333334
ComputationGraphUpdater:0.31666666666666665
MultiLayerUpdater:0.24666666666666667
BaseOptimizer:0.24333333333333335
Solver:0.19333333333333336
