TCDocumentObject:0.5316666666666666
TCObject:0.27
TCEditableObject:0.27
ModifyingSystemHelper:0.1811111111111111
