HqlAnalyzeWalker:0.8366666666666667
ParserTest:0.30333333333333334
