TestCreatingNewFile:0.6866666666666666
TestUserWithWriteAccessResetsFiles:0.44166666666666665
