ActionOpen:0.46
TagSelector:0.3566666666666667
EntryRenderer:0.29333333333333333
SelectionListener:0.20333333333333334
Entry:0.16666666666666666
