PersistentCollectionChangeWorkUnit:0.47333333333333333
SingleIdMapper:0.465
AuditEventListener:0.2733333333333333
SubclassPropertyMapper:0.17333333333333334
