DOValidatorImpl:0.4866666666666667
RDFName:0.32666666666666666
XacmlName:0.22666666666666666
LoginDialog:0.21
