ConcordancesEditor:0.47333333333333333
TxmBrowser:0.31666666666666665
SpecificitiesTableEditor:0.19666666666666666
OpenBrowser:0.18666666666666668
ExecuteText:0.16333333333333333
ExecuteScriptGroovy:0.14666666666666667
OpenFile:0.10138888888888889
