Storage:0.4287619047619048
NonBlockingSocketWriter:0.2633333333333333
AbstractClientInternalCacheProxy:0.24666666666666667
NonBlockingSocketReader:0.23333333333333334
ClientNearCacheTestSupport:0.22666666666666666
ClientNearCacheTest:0.21
SpinningSocketReader:0.20333333333333334
TcpIpConnectionMonitor:0.17
EvictorImpl:0.16
SpinningSocketWriter:0.15333333333333332
