Target:0.75
TemplateTarget:0.47333333333333333
AbstractGenerator:0.32666666666666666
