ReportWebsite:0.6733333333333333
Html:0.38666666666666666
TextAreaOption:0.3022222222222222
