JChemPaintPanel:0.7383333333333333
EditAction:0.32166666666666666
