Selector:0.51
SelectAction:0.4766666666666667
TransferChannel:0.45666666666666667
Channels:0.24333333333333335
