ClaimAccessor:0.43
OidcIdTokenTests:0.2866666666666667
JwtTests:0.28
OidcUserInfoTests:0.13333333333333333
