RWorkspace:0.5033333333333333
ProxyConf:0.4633333333333333
StartRserve:0.20666666666666667
