BytesRefValComparator:0.29333333333333333
DuelFieldDataTests:0.2866666666666667
Preprocessor:0.23
BytesValues:0.22333333333333333
LongFieldDataTests:0.20333333333333334
DoubleValues:0.17333333333333334
FilterBytesValues:0.17333333333333334
LongValues:0.17333333333333334
GeoPointValues:0.16333333333333333
SortedSetDVNumericAtomicFieldData:0.11666666666666667
AbstractAtomicNumericFieldData:0.09333333333333334
ToDoublePreprocessor:0.056666666666666664
FilterLongValues:0.04
FilterDoubleValues:0.04
