Messages:0.7111111111111111
ShowHistoryFormTag:0.42
BotTaskRowBuilder:0.2966666666666667
TaskHandlerClassesInformationSingleton:0.26
BotTaskListTag:0.21622222222222226
BotTableBuilder:0.18666666666666668
