LuceneDocCollector:0.49
LocalDataCollectTest:0.41333333333333333
ShardCollectService:0.27
DocLevelCollectTest:0.24333333333333335
TransportExecutor:0.12
CollectOperationModule:0.09666666666666666
MapSideDataCollectOperationTest:0.09666666666666666
