Exploration:0.425
BuildingConstructionMission:0.2833333333333333
LoadVehicleEVA:0.2833333333333333
LoadVehicleGarage:0.2833333333333333
GoodsManager:0.27
Trade:0.24
BiologyStudyFieldMission:0.23666666666666666
AreologyStudyFieldMission:0.23666666666666666
BuildingSalvageMission:0.21166666666666667
ManufactureGood:0.20666666666666667
Chef:0.16333333333333333
