Mind:0.7482777777777778
EatMealMeta:0.35555555555555557
