FileSystemDTO:0.6633333333333333
FileSystemMgtBean:0.4666666666666667
FileSystemBean:0.22
