KVector:0.7533333333333333
NeuralNetworkFactory:0.4166666666666667
Gaussian:0.32
Cluster:0.17666666666666667
KMeansClustering:0.16
RBFLearning:0.12666666666666668
RBFNetwork:0.1125
KNearestNeighbour:0.013333333333333334
