HighlightBuilderTests:0.33
SearchSourceBuilder:0.3283333333333333
HighlightBuilder:0.31
Field:0.29333333333333333
AbstractHighlighterBuilder:0.27666666666666667
