FeatureEditPanel:0.41333333333333333
DrawableFeatureSet:0.38666666666666666
TransactionSubpart:0.3805555555555556
SynonymEditor:0.21333333333333335
