ICDKManager:0.41002777777777777
StructuredbManagerTest:0.4066666666666667
IStructuredbManager:0.3719444444444444
ForConsoleDecoratedStructuredbManager:0.25666666666666665
StructuredbManager:0.23666666666666666
CDKManager:0.23333333333333334
SubStructureIterator:0.17333333333333334
