DesktopEvent:0.13858142
DesktopEventService:0.13718016
MDIDesktopPane:0.094349764
Desktop:0.050255273
JScrollPaneDesktop:0.030153165
SplitPaneDesktop:0.026026487
JPanelDesktop:0.025127638
