Suite:0.53
Request:0.4
ClassRequest:0.29
ClassRequestTest:0.17666666666666667
Enclosed:0.013333333333333334
