Transaction:0.6333333333333333
MapService:0.37333333333333335
TxBackupLog:0.32022222222222224
TransactionProxy:0.25333333333333335
ClientClusterServiceImpl:0.25333333333333335
CollectionService:0.22333333333333333
MemcacheTest:0.20333333333333334
QueueService:0.19333333333333333
TransactionManagerServiceImpl:0.19
TransactionContextImpl:0.19
ErrorHandler:0.1575
TxnMapProxy:0.15333333333333332
TxnMapProxySupport:0.15
TransactionalMultiMapProxy:0.10333333333333333
TransactionalMultiMapProxySupport:0.1
TransactionalQueueProxy:0.09333333333333334
TransactionalQueueProxySupport:0.06
TransactionalListProxy:0.03333333333333333
TransactionalSetProxy:0.03333333333333333
TransactionalService:0.025833333333333333
