Message:0.6333333333333333
DefaultValidationContext:0.4
ValidationContext:0.23666666666666666
