TextArea:0.5233333333333333
ModeProperties:0.275
Mode:0.2633333333333333
RegexpIndentRule:0.26
IndentRuleFactory:0.24333333333333335
Range:0.23416666666666666
JEditBuffer:0.22333333333333333
OpenBracketIndentRule:0.20333333333333334
PosTopHalf:0.20333333333333334
CloseBracketIndentRule:0.19666666666666666
PositionManager:0.19
EditingOptionPane:0.16833333333333333
IndentRule:0.15333333333333332
