Profile:0.9604444444444444
SelfRegister:0.8033333333333333
