ByteBuddy:0.5
Default:0.47822222222222216
InstrumentedType:0.31
Factory:0.29
InstrumentedTypeDefaultTest:0.2733333333333333
PoolStrategy:0.20976190476190476
AgentBuilderDefaultTest:0.2
Frozen:0.2
TypeStrategy:0.17666666666666667
TypePoolDefaultWithLazyResolutionTypeDescriptionTest:0.155
AgentBuilderTypeStrategyTest:0.10333333333333333
