EditText:0.5433333333333333
Carbon:0.43
InputLayout:0.31333333333333335
DropDown:0.26111111111111107
GuidelinesActivity:0.09333333333333334
