X509CA:0.5433333333333333
StringTools:0.35333333333333333
IllegalNameException:0.21333333333333335
CertificateCreateSessionTest:0.17333333333333334
