XMPPChatTransmitter:0.48333333333333334
FileTransferTCPTransmitter:0.36333333333333334
FileTransferTCPReceiver:0.32666666666666666
JingleFileTransferManager:0.2488888888888889
FileTransferSession:0.19138888888888891
FileTransferMediaManager:0.15444444444444444
JingleFileTransferData:0.06666666666666668
FileTransferData:0.06666666666666668
IJingleFileTransferListener:0.013333333333333334
