TemplatesUtils:0.6533333333333333
Utils:0.59
TemplateImportHandler:0.15666666666666668
TemplateAddOrEditHandler:0.14666666666666667
MessageSendFromTemplateHandler:0.14333333333333334
MessageSaveAsTemplateHandler:0.14
MessageViewHandler:0.14
TemplateExportHandler:0.14
TemplateTreeContentProvider:0.056666666666666664
TemplateTreeLabelProvider:0.006666666666666667
