TaskExecutor:0.5833333333333334
PrioritizedSplitRunner:0.45
TaskHandle:0.4066666666666667
