LifeCycleManagerImpl:0.5866666666666667
LifeCycleManager:0.5683333333333334
QueryManagerImpl:0.3333333333333333
SQLQueryProcessor:0.2966666666666667
QueryManager:0.15275
