MediaCreationRequest:0.53
MakeIsoImageService:0.44666666666666666
MediaCreationMgtScpService:0.42333333333333334
MediaComposerService:0.3333333333333333
