UnsafeHelperTest:0.5566666666666666
ConnectionTest:0.5355555555555556
