RotatableCanvas:0.4666666666666667
Selection:0.36333333333333334
PCAPanel:0.26
PCAThread:0.15333333333333332
IdCanvas:0.14333333333333334
PCAAction:0.12
