SortingHeaderBuilder:0.5533333333333333
ReflectionRowBuilder:0.55
GroupState:0.42333333333333334
DescriptionProcessTDBuilder:0.24
TaskProcessDefinitionTDBuilder:0.24
TaskOwnerTDBuilder:0.23666666666666666
TaskRoleTDBuilder:0.23666666666666666
TypeProcessTDBuilder:0.23666666666666666
PropertiesProcessTDBuilder:0.23
ListExecutorsWithoutPermissionsOnBotStationFormTag:0.17
ListExecutorsWithoutPermissionsOnDefinitionFormTag:0.17
ListExecutorsWithoutPermissionsOnSystemFormTag:0.17
ListExecutorsWithoutPermissionsOnProcessInstanceFormTag:0.17
RedeployProcessTDBuilder:0.16666666666666666
ListTasksFormTag:0.1425
ListProcessesDefinitionsFormTag:0.13333333333333333
ListExecutorsBaseFormTag:0.12333333333333334
ListAllExecutorsFormTag:0.10666666666666667
ListProcessesInstancesFormTag:0.1
