ResourceData:0.7366666666666667
Factory:0.3566666666666667
CreoleXmlHandler:0.29
SimpleErrorHandler:0.24
SchemaAnnotationEditor:0.23333333333333334
Scratch:0.22
