DeliveryTest:0.6216666666666667
ButtonTag:0.2966666666666667
Lists:0.09799999999999999
