XMLEditorDialog:0.7966666666666666
DelegablePropertyDescriptorRegistry:0.3967936507936508
