FreeTypeFontGenerator:0.84
FreeTypeFontParameter:0.6191666666666665
InternationalFontsTest:0.24333333333333335
FreeTypeTest:0.23
FreeTypeDisposeTest:0.12527777777777777
