Configuration:0.66
Starter:0.4222222222222222
AboutDialog:0.19333333333333333
