DataManager:0.6333333333333333
XmlSerializer:0.5383333333333333
Exporter:0.2608333333333333
Importer:0.18
