BaseInputComponent:0.5766666666666667
BaseInputTag:0.2733333333333333
ComboboxRenderer:0.24666666666666667
RadiobuttonRenderer:0.22166666666666668
CheckboxListRenderer:0.22166666666666668
RadioListRenderer:0.22166666666666668
CheckboxRenderer:0.22166666666666668
DatepickerRenderer:0.22166666666666668
BaseInputRenderer:0.22
RadiobuttonTag:0.14666666666666667
CheckboxListTag:0.14666666666666667
ComboboxTag:0.14666666666666667
CheckboxTag:0.14666666666666667
TextareaRenderer:0.12166666666666667
BaseInputHandler:0.1
BaseComponentHandler:0.08666666666666667
RadioListTag:0.08333333333333333
