FieldInfo:0.6233333333333333
JSONScanner:0.42333333333333334
JavaBeanDeserializer:0.32666666666666666
BenchmarkMain:0.16666666666666666
FieldDeserializerTest5:0.16666666666666666
