PercolateResponse:0.38
PercolatorService:0.3433333333333333
TransportPercolateAction:0.25333333333333335
PercolatorTests:0.14
