ValueAttribute:0.5866666666666667
Immutables:0.5433333333333334
StyleInfo:0.36633333333333334
ValueType:0.3466666666666667
Proto:0.2811111111111111
UniqueOnAttributeBuilderDescriptor:0.21
ValueAttributeFunctions:0.2
UsingName:0.17666666666666667
Scheme:0.0
