WicketApplication:0.7666666666666667
RemoveLink:0.2644444444444445
ReportPanel:0.19666666666666666
DashboardPanel:0.17333333333333334
QueuePanel:0.17222222222222225
SystemInfoPanel:0.17222222222222225
FileSystemPanel:0.17222222222222225
CreateOrEditReportForm:0.15333333333333332
DynamicLinkPanel:0.10666666666666667
AddGroupForm:0.09333333333333334
