Person:0.6866666666666666
LdapTemplateListITest:0.2833333333333333
AcegiAuthenticationSourceITest:0.26666666666666666
LdapTemplatePagedSearchITest:0.21666666666666667
LdapTemplateLookupITest:0.12666666666666668
PersonAttributesMapper:0.11666666666666667
PersonContextMapper:0.11666666666666667
LdapTemplateLookupOpenLdapITest:0.02666666666666667
