StandardUtilities:0.6366666666666667
IOUtilities:0.45666666666666667
MiscUtilities:0.44166666666666665
