ResponseHeaders:0.5277777777777777
HttpEngine:0.39666666666666667
HttpResponseCacheTest:0.37
