Py:0.5166666666666667
PyLong:0.41
PyDictionary:0.26666666666666666
PyFloat:0.2633333333333333
PyInteger:0.26
PyComplex:0.23416666666666666
