Errors:0.5333333333333333
NullableInjectionPointTest:0.23611111111111113
ProvisionExceptionTest:0.21166666666666667
ProviderMethodsTest:0.21
BinderTest:0.20833333333333334
LineNumbersTest:0.20277777777777778
UserExceptionsTest:0.17666666666666667
