ProxyGenerator:0.6233333333333333
HttpRequest:0.41333333333333333
RandomProxyGenerator:0.26666666666666666
SingleProxyGenerator:0.18333333333333332
