DatagramSocket:0.7166666666666667
Vertx:0.7016666666666667
DatagramSocketImpl:0.37
HandlerRegistration:0.3466666666666667
TimeoutStream:0.28
VertxImpl:0.25666666666666665
MessageConsumer:0.235
TimerTest:0.2
LocalEventBusTest:0.19333333333333333
DatagramTest:0.16333333333333333
