MemoryInstanceModel:0.6666666666666666
PlaceholderLink:0.5733333333333334
DisplayReportTablePanel:0.23666666666666666
DisplayReportDiagramPanel:0.23666666666666666
