ShadowLooper:0.6433333333333333
TestHandler:0.3572222222222222
ShadowLooperTest:0.2966666666666667
ShadowMessageQueueTest:0.23666666666666666
