HttpOutgoingTransport:0.54
HttpTransportManager:0.48333333333333334
HttpIncomingTransport:0.39666666666666667
