GeneratePortletProperties:0.5066666666666667
GenerateStringsXml:0.5066666666666667
GeneratePortletXml:0.2874285714285714
