Tian:0.21
Tree:0.18666666666666668
LeisenReimer:0.14
Joshi4:0.14
BinomialTree:0.14
EqualProbabilitiesBinomialTree:0.13666666666666666
EqualJumpsBinomialTree:0.11333333333333333
CoxRossRubinstein:0.11
Trigeorgis:0.11
JarrowRudd:0.09333333333333334
AdditiveEQPBinomialTree:0.09333333333333334
