TopologyDesignTopComponent:0.7466666666666667
CreateSpecialBusinessObjectAction:0.375
CreateMultipleSpecialBusinessObjectAction:0.31666666666666665
