PcmLineChartDataset:0.5366666666666666
ChartDialog:0.41333333333333333
PcmXYDataset:0.17666666666666667
ColumnData:0.13599999999999998
NewAction:0.006666666666666667
ChartConstants:0.0
