Worker:0.44333333333333336
Kons:0.37
CoreRuleBaseWindow:0.2880555555555555
Object_MangoFormal:0.25222222222222224
CoreRuleBaseTableModel:0.25
CoreTierTableModel:0.24333333333333335
WorkerControl:0.21666666666666667
ParamSym:0.21333333333333335
CorePasteAction:0.20666666666666667
CoreDeleteAction:0.20666666666666667
ImportCoreTierAction:0.18333333333333332
MangoFilePacketEnumerator:0.16
ImportCoreRuleAction:0.10333333333333333
SymbolHashLogicAndArithmetic:0.08
SymbolHashInitialize:0.08
