Robolectric:0.6327777777777777
ResourceLoader:0.42
ShadowContextWrapper:0.37333333333333335
ShadowApplication:0.37
ShadowView:0.2833333333333333
InstrumentDetector:0.27051984126984113
ListViewTest:0.24
ShadowImageView:0.22333333333333333
ShadowActivity:0.21333333333333335
RobolectricTestRunner:0.19333333333333333
ActivityTest:0.17
ContextWrapperTest:0.16333333333333333
ShadowListView:0.16166666666666665
DrawableResourceLoaderTest:0.14
ApplicationTest:0.14
ShadowAbsListView:0.11166666666666666
DrawableResourceLoader:0.10333333333333333
ViewTest:0.09666666666666666
drawable:0.07
ImageViewTest:0.02
TouchableView:0.0033333333333333335
