TokensStartState:0.6233333333333333
ParserATNFactory:0.4866666666666667
ATNState:0.45666666666666667
ATNSimulator:0.25333333333333335
StarLoopbackState:0.15
TailEpsilonRemover:0.14666666666666667
PlusLoopbackState:0.043333333333333335
BlockEndState:0.043333333333333335
StarLoopEntryState:0.043333333333333335
LoopEndState:0.01
StarBlockStartState:0.01
RuleStopState:0.01
PlusBlockStartState:0.01
RuleStartState:0.01
