Model:0.42
DnDTree:0.37333333333333335
GedcomReader:0.3566666666666667
DropHandler:0.24583333333333332
DragHandler:0.21333333333333335
PropertyTreeWidget:0.18
DefaultDnDTreeModel:0.1527777777777778
