ArchiveTest:0.7933333333333333
RecordingFragmentReader:0.28833333333333333
