OnSelectionChangedListener:0.6854603174603175
EditText:0.6566666666666666
ContactReplaceAdapter:0.2025
ContactEditText:0.1877777777777778
ListPopupWindow:0.18638888888888888
InternalEditText:0.17
RecipientSpan:0.14666666666666667
InternalAutoCompleteTextView:0.14
InternalMultiAutoCompleteTextView:0.14
TextView:0.0811111111111111
