BlobContainer:0.6733333333333333
ShardStatsTest:0.36666666666666664
