Invalid:0.62
TestStringProvider:0.569555315055315
InjectorImpl:0.5666666666666667
ImplicitBindingTest:0.33
ConstructorBindingImpl:0.2833333333333333
MembersInjectorStore:0.11666666666666667
InvalidLinked2Impl:0.045
FailableCache:0.043333333333333335
ConstructorInjectorStore:0.023333333333333334
RequiresProviderForSelfWithOtherType:0.01
JitValid:0.0033333333333333335
JitValid2:0.0033333333333333335
InvalidLinkedImpl:0.0033333333333333335
Invalid2:0.0033333333333333335
InvalidLinked:0.0033333333333333335
InvalidInterface:0.0033333333333333335
Valid:0.0033333333333333335
InvalidLinked2:0.0033333333333333335
Valid2:0.0033333333333333335
