Node:0.365
SerializationServiceImpl:0.31
DefaultRecordStore:0.2866666666666667
ByteArrayObjectDataOutput:0.28
UnsafeObjectDataOutput:0.27
TxnCommitBackupOperation:0.2527777777777778
BufferObjectDataOutput:0.22587301587301586
MapService:0.22333333333333333
SerializationServiceBuilder:0.21666666666666667
MapStoreTest:0.17944444444444443
TxnCommitOperation:0.16
GroupProperties:0.07
TxnMultiMapTest:0.02
CountingEntryListener:0.0
