BatchTool:0.29023809523809524
BatchIngest:0.24333333333333335
BatchBuildGUI:0.22444444444444447
BatchBuildIngestGUI:0.22444444444444447
BatchXforms:0.1947777777777778
AutoBatchBuildIngest:0.16666666666666666
AutoBatchIngest:0.16666666666666666
AutoBatchBuild:0.16166666666666665
BatchIngestGUI:0.15555555555555556
