GeoLocation:0.6666666666666666
GeoService:0.42333333333333334
