StatsListenerConfiguration:0.7980555555555556
StatsListener:0.4633333333333333
StatsListenerReceiver:0.36333333333333334
