RWorkspace:0.62
Toolbox:0.36
Concordance:0.27666666666666667
StartRserve:0.24444444444444446
GroovyImportScriptRunner:0.18333333333333332
