IndexShard:0.6233333333333333
IndexSettings:0.29
IndexService:0.27666666666666667
SearchService:0.2733333333333333
TransportSingleShardAction:0.21333333333333335
IndexShardIT:0.18666666666666668
ShardTransportHandler:0.16083333333333333
AsyncRefreshTask:0.15666666666666668
IndexShardTests:0.1475
TransportGetAction:0.10944444444444443
TransportTermVectorsAction:0.10944444444444443
TransportExplainAction:0.10833333333333334
