Compound:0.7133333333333334
ByteBuddy:0.43666666666666665
AbstractBase:0.2966666666666667
ByteBuddyTest:0.16333333333333333
ClassFileExtraction:0.12666666666666668
AbstractImplementationTest:0.12
