SettingManager:0.5555555555555556
Login:0.4166666666666667
LDAPInfo:0.3566666666666667
LDAPContext:0.28
LDAPUtil:0.16666666666666666
