RobolectricTestRunner:0.49666666666666665
TestMenu:0.43
ClassCache:0.27666666666666667
HandlerTest:0.25333333333333335
