TimedActivity:0.66
ActivitiesPacketExtension:0.3933333333333333
Content:0.35444444444444445
ActivitiesExtensionProviderTest:0.25666666666666665
