Attempt:0.6833333333333333
Switch:0.41333333333333333
Frame:0.4
Location:0.39666666666666667
Template:0.39
Stage:0.35333333333333333
Term:0.34
CtrlChecker:0.25
Step:0.23666666666666666
CtrlHelper:0.23583333333333334
CtrlAut:0.23333333333333334
OrTerm:0.22666666666666666
Record:0.22
TermDerivationTest:0.22
ProgramBuildTest:0.215
Derivation:0.21333333333333335
Program:0.20666666666666667
TemplateBuildTest:0.20333333333333334
DerivationList:0.2
DeltaTerm:0.19333333333333333
EpsilonTerm:0.18
PlainGraph:0.18
Position:0.17527777777777778
TemplateBuilder:0.16666666666666666
Automaton:0.16666666666666666
SeqTerm:0.16333333333333333
AtomTerm:0.16333333333333333
WhileTerm:0.16333333333333333
UntilTerm:0.16
TransitTerm:0.16
StarTerm:0.16
AutomatonBuildTest:0.15666666666666668
Partition:0.15666666666666668
CallTerm:0.11
MultiSwitch:0.09666666666666666
CallStack:0.07805555555555556
IfTerm:0.0730952380952381
SoloAttempt:0.006666666666666667
