AnalyzeRequest:0.5
IndicesAdminClient:0.37
IndicesAdmin:0.32
TransportAnalyzeAction:0.25
RestAnalyzeAction:0.21
AnalyzeActionTests:0.13666666666666666
AnalyzeRequestBuilder:0.13333333333333333
