ClusterServiceImpl:0.5066666666666667
Packet:0.37666666666666665
TcpIpConnectionManager:0.36333333333333334
ClientEngineImpl:0.19666666666666666
MockConnection:0.19666666666666666
DefaultPacketReader:0.14666666666666667
ClusterDataSerializerHook:0.14
