LuceneSearcher:0.5933333333333334
SearchManager:0.4533333333333333
CatalogSearcher:0.24666666666666667
MainUtil:0.14333333333333334
