Rule:0.62
MethodName:0.4166666666666667
RuleModel:0.37
RuleDependencies:0.30583333333333335
JavaMethodName:0.2966666666666667
RuleApplicationTest:0.26666666666666666
GroovyDisplay:0.25
