RSASignSessionBean:0.5605555555555556
LocalPublisherSessionBean:0.5166666666666667
