DefaultJobExecutor:0.6066666666666667
GracefulShutdownFunctionalTest:0.18333333333333332
