WebserviceBean:0.5283333333333333
MetadataEntityManagerImpl:0.3933333333333333
