Cfg:0.6797222222222223
ProgressCellRenderer:0.39222222222222225
