Index:0.43666666666666665
TestApp:0.31666666666666665
CMap:0.25
ClusterTest:0.24333333333333335
IndexRegion:0.24
QueryTest:0.23555555555555557
QueryService:0.1822222222222222
