CMap:0.38666666666666666
PartitionManager:0.3233333333333333
Node:0.3
InOutSelector:0.27
ConnectionManager:0.26
BaseManager:0.23
SelectorBase:0.19666666666666666
ConcurrentMapManager:0.18666666666666668
