Ref:0.48333333333333334
LocalLoadingCache:0.20333333333333334
IsValidMapView:0.17222222222222222
EntryIterator:0.15333333333333332
LocalAsyncLoadingCache:0.14
SoftValueReference:0.1313888888888889
WeakValueReference:0.1313888888888889
KeyIterator:0.013333333333333334
