DatabaseDocumentImpl:0.6633333333333333
EventsHandler:0.26666666666666666
