RrdStrategy:0.3459999999999999
WsdlConfigFactory:0.31333333333333335
JRobinRrdStrategy:0.29
QueuingRrdStrategy:0.25666666666666665
WsdlRrdStrategy:0.25666666666666665
JniRrdStrategy:0.25333333333333335
MockRrdStrategy:0.25333333333333335
RrdUtils:0.23666666666666666
ConfigFileConstants:0.18833333333333332
WsdlUtils:0.11277777777777777
WsdlMonitor:0.043333333333333335
WsdlUtilsTest:0.0
