JGraphEditor:0.4066666666666667
SubjectArea:0.4
IconFactory:0.3433333333333333
ModelProperties:0.28
SubjectAreaCell:0.25
TableComponent:0.16666666666666666
MyRenderer:0.15666666666666668
ERDesignerGraphUI:0.08555555555555557
