Connection:0.47
RouteSelector:0.44
HttpURLConnectionImpl:0.31666666666666665
HttpEngine:0.27666666666666667
RouteSelectorTest:0.26
ConnectionPoolTest:0.19666666666666666
ConnectionPool:0.16333333333333333
