TopChildrenQuery:0.49666666666666665
ChildrenQuery:0.4866666666666667
ParentQuery:0.4
TopChildrenQueryParser:0.12666666666666668
