IRubyScript:0.56
MyVisitor:0.5466666666666666
IBuffer:0.4936507936507937
ObjectClass:0.42
RubyCompletionProcessor:0.3233333333333333
RubySourceViewerConfiguration:0.24
RubyScript:0.21
RubyLibrary:0.16666666666666666
RubyClass:0.07
CommitWorkingCopyOperation:0.02694444444444444
RubyDocumentProvider:0.023333333333333334
RubyRange:0.016666666666666666
IRubyType:0.0
