ClientInvocationServiceSupport:0.54
ClientServiceTest:0.44333333333333336
ClientSmartListenerService:0.39666666666666667
