CanonicalizeExpressionRewriter:0.4633333333333333
TestCanonicalizeExpressionRewriter:0.36
CanonicalizeExpressions:0.23
Visitor:0.14666666666666667
