ServerConfiguration:0.5166666666666667
ServerApplications:0.3333333333333333
GraphicsConfigHandler:0.27666666666666667
AbstractConfigurationParser:0.25
ARINCMultiStateButton:0.23666666666666666
SwingClippings:0.23333333333333334
RenderingLayerImpl:0.22833333333333333
ServerConfigurationParser:0.20666666666666667
EditorScriptHelper:0.2
JFXStyleSetExtractor:0.19
DefaultServerBinaryDFHandler:0.18666666666666668
Synth2:0.18666666666666668
DefaultServerXMLDFHandler:0.18333333333333332
MultiStateButtonRenderer:0.18
LookModelUtilities:0.11333333333333333
