ExtentsStrategy:0.39666666666666667
KeywordsStrategy:0.35333333333333333
FormatsStrategy:0.2833333333333333
ContactsStrategy:0.19666666666666666
