ExtraKiosk:0.5336111111111111
MainWindow:0.41
ScriptCommand:0.24
Main:0.23
ShowAction:0.22666666666666666
AdvancedSettings:0.17777777777777778
