Robolectric:0.53
ActivityTest:0.38666666666666666
ActivityControllerTest:0.2966666666666667
ServiceControllerTest:0.20333333333333334
RobolectricBackgroundExecutorServiceTest:0.14666666666666667
