DefMath:0.5033333333333333
ShiftTests:0.2833333333333333
MIC:0.23666666666666666
StringTests:0.22166666666666668
XorTests:0.21333333333333335
OrTests:0.21333333333333335
DivisionTests:0.14666666666666667
SubtractionTests:0.14666666666666667
MultiplicationTests:0.14666666666666667
RemainderTests:0.14666666666666667
IncrementTests:0.03333333333333333
