Euler:0.5766666666666667
Parser:0.4533333333333333
EulerExt:0.2733333333333333
