UnassignedInfoTests:0.6716666666666666
MaxRetryAllocationDeciderTests:0.3883333333333333
