ProfileDao:0.6121666666666666
ObjectKeys:0.3383333333333333
DefaultFolderEmailFormatter:0.33
MailManagerImpl:0.2833333333333333
ProfileDaoImpl:0.2633333333333333
ProfileModuleImpl:0.24666666666666667
AbstractBinderProcessor:0.24
WorkspaceTreeController:0.12666666666666668
