ReplicatedRecordStore:0.7046666666666667
ReplicatedMap:0.6038888888888888
ReplicatedMapTest:0.43
ReplicatedRecord:0.41
AbstractReplicatedRecordStore:0.3233333333333333
ReplicatedMapProxy:0.30333333333333334
ClientReplicatedMapProxy:0.22666666666666666
