AllTests:0.31666666666666665
BaseTestCase:0.29
ClassArrayConverter:0.25
BooleanArrayConverterTest:0.24666666666666667
CharacterConverter:0.24
StringArrayConverter:0.24
