AbstractScpService:0.39
StoreScpService:0.3641666666666667
QueryRetrieveScpService:0.36
MoveTask:0.30333333333333334
MWLFindScpService:0.25
MPPSScpService:0.25
