AbstractUserDetailsServiceBeanDefinitionParser:0.6633333333333333
NullLdapAuthoritiesPopulator:0.19799999999999998
AuthenticationProviderBeanDefinitionParser:0.17666666666666667
