Process:0.6833333333333333
TaskService:0.3508888888888889
TaskLogic:0.2733333333333333
TaskServiceBean:0.25
TaskServiceDelegate:0.18333333333333332
