ConnectionMatrix:0.67
AtomContainer:0.59
AtomPlacer:0.23333333333333334
HuLuIndexTool:0.21333333333333335
EquivalentClassPartitioner:0.18666666666666668
AdjacencyMatrix:0.16555555555555557
AdjacencyMatrixTools:0.15666666666666668
ChemGraph:0.14
GraphMatrix:0.0
