Primes:0.34900000000000003
MathTools:0.043333333333333335
