MapSideDataCollectOperation:0.4266666666666667
Context:0.42
ImplementationSymbolVisitor:0.25
MapSideDataCollectOperationTest:0.18666666666666668
CollectOperationModule:0.13333333333333333
