NtlmUsernamePasswordAuthenticationToken:0.7133333333333334
NtlmAwareLdapAuthenticator:0.41333333333333333
NtlmAwareLdapAuthenticatorTests:0.03666666666666667
