GrpcUtil:0.5766666666666667
DelayedStream:0.31
AbstractClientStream:0.2633333333333333
AbstractClientStreamTest:0.23333333333333334
DelayedClientTransport:0.19333333333333333
DelayedStreamTest:0.18
CancelClientStreamCommand:0.13666666666666666
ClientCallImplTest:0.1275
PendingStream:0.07666666666666666
