R:0.79
MathsTest:0.5133333333333333
RTest:0.08333333333333333
