Builder:0.7233333333333334
AsyncHttpClientConfig:0.4
HttpProtocol:0.31333333333333335
AsyncHttpClientEventFilter:0.2733333333333333
