Timeslots:0.55
TimeSlotsInterface:0.31159523809523804
DaysTree:0.2991666666666667
Listener:0.22333333333333333
TimeslotsTablePopupMenu:0.21666666666666667
CalendarUtils:0.20666666666666667
TimeSlotByDateFilter:0.14333333333333334
FilterUtils:0.05333333333333334
CompoundFilter:0.023333333333333334
TimeSlotFilter:0.0
TaskFilter:0.0
TaskChildrenFilter:0.0
