CliConfig:0.6033333333333334
CliConfigTest:0.42
CliParserTest:0.31666666666666665
