Syslogd:0.54
SyslogHandler:0.38666666666666666
SyslogReceiver:0.32111111111111107
