RatedRequest:0.41333333333333333
ReciprocalRankTests:0.35
RatedRequestsTests:0.17
RatedDocumentTests:0.085
PrecisionTests:0.08333333333333333
TransportRankEvalAction:0.05727777777777779
RankEvalSpecTests:0.04666666666666667
DiscountedCumulativeGainTests:0.02666666666666667
