ClientEndpointImpl:0.5666666666666667
AuthenticationRequest:0.5333333333333333
ClientEndpointManagerImpl:0.26666666666666666
ClientConnectionManagerImpl:0.26666666666666666
