NewWizardMessages:0.66
CPListElement:0.39
LibrariesWorkbookPage:0.32
CPVariableElement:0.31666666666666665
NewRubyProjectPreferencePage:0.29694444444444446
AddSourceFolderWizardPage:0.27
PreferenceConstants:0.22
CPVariableElementLabelProvider:0.21
VariablePathDialogField:0.16666666666666666
NewVariableEntryDialog:0.15
EditVariableEntryDialog:0.14333333333333334
VariableCreationDialog:0.12333333333333334
VariableBlock:0.08666666666666667
BuildPathDialogAccess:0.05444444444444444
