MultiLayerNetwork:0.8466666666666667
BaseLayer:0.46888888888888886
