DebugBond:0.6797222222222223
Bond:0.5984444444444444
