Http:0.6666666666666666
Request:0.6033333333333334
