TimelineView:0.45666666666666667
ActionCmPerEvent:0.24666666666666667
ActionCmPerYear:0.24666666666666667
