Call:0.4633333333333333
MapClientProxy:0.44333333333333336
ClientSet:0.23333333333333334
TransactionClientProxy:0.22
ClientProxy:0.17333333333333334
OutRunnable:0.15
HazelcastClient:0.13
ClientIterator:0.12333333333333334
MapCall:0.11666666666666667
InRunnable:0.04
