VisitorContextTest:0.6797222222222223
QedeqBoFactoryAssert:0.5004444444444445
