PhenotypeBean:0.27166666666666667
PubSourceAliasBean:0.27166666666666667
GermplasmBean:0.26
LocusBean:0.26
AlleleBean:0.26
NullSequenceBean:0.23666666666666666
NullTermBean:0.21
TermBean:0.21
NullUserBean:0.19666666666666666
NullGeneBean:0.15
BasicBean:0.15
NullHitBean:0.06333333333333334
PubBeanI:0.04
