PartitionStateManager:0.55
InternalPartitionService:0.5333333333333333
MigrationManager:0.27
MigrateTask:0.24
FinalizeMigrationOperation:0.2
BaseMigrationOperation:0.18333333333333332
