InvalidSubscriptionException:0.45666666666666667
Router:0.4533333333333333
Elvin:0.39555555555555555
