CA:0.72
X509CA:0.47333333333333333
CAAdminSessionBean:0.25666666666666665
CvcPlugin:0.22244444444444444
