Element:0.78
Purifier:0.32666666666666666
ContentScanner:0.27666666666666667
Tester:0.23
DOMParser:0.22
IntProperties:0.013333333333333334
