ObjectKeys:0.7930555555555554
WebKeys:0.7930555555555554
AjaxController:0.46
BinderHelper:0.28
