KeyValueSourceFacade:0.38666666666666666
MapReduceDataSerializerHook:0.22333333333333333
MapCombineTask:0.22333333333333333
MapKeyValueSource:0.21666666666666667
MultiMapKeyValueSource:0.21666666666666667
ListKeyValueSource:0.20027777777777778
SetKeyValueSource:0.20027777777777778
CustomKeyValueSource:0.17666666666666667
SingleExecutionProcessor:0.14777777777777776
PartitionProcessor:0.14111111111111113
