AbstractObjectModel:0.5933333333333334
AbstractConnectionModel:0.47333333333333333
ReactionMultiPageEditor:0.36666666666666664
ReactionResource:0.3
ReactionEditor:0.25
ContentsModel:0.24333333333333335
MyConnectionEndpointEditPolicy:0.2063968253968254
MyAbstractObjectEditPart:0.15333333333333332
FileMoveTool:0.11227380952380953
CompoundObjectModel:0.10833730158730161
CreateBendpointCommand:0.1
MyComponentEditPolicy:0.08833333333333333
ReactionObjectModel:0.08785654160654163
MyEditPartFactory:0.08666666666666667
CompoundObjectEditPart:0.08032936507936507
ArrowConnectionEditPart:0.08
CreateConnectionCommand:0.07
LineConnectionModel:0.06761904761904762
ArrowConnectionModel:0.06761904761904762
ReconnectConnectionCommand:0.06
AbstractModel:0.058333333333333334
FileMoveToolEntry:0.05333333333333334
MoveBendpointCommand:0.043333333333333335
DirectEditCommand:0.04
DeleteBendpointCommand:0.04
ChangeConstraintCommand:0.04
MyDirectEditManager:0.035
CreateCommand:0.03333333333333333
MyDirectEditPolicy:0.03333333333333333
MyConnectionEditPolicy:0.023333333333333334
HierarchicLayer:0.023333333333333334
ObjectModelFactory:0.023333333333333334
MyGraphicalNodeEditPolicy:0.023333333333333334
ContentsEditPart:0.02
DeleteConnectionCommand:0.02
MyXYLayoutEditPolicy:0.016666666666666666
MyAbstractConnectionEditPart:0.016666666666666666
ReactionObjectEditPart:0.013333333333333334
DeleteCommand:0.011111111111111112
MyBendpointEditPolicy:0.006666666666666667
MyFileDropTargetListener:0.0033333333333333335
EditPartWithListener:0.0033333333333333335
LineConnectionEditPart:0.0025
MyCellEditorLocator:0.0
