ClipboardDlg:0.44
ContributorsHelper:0.36666666666666664
AccessoriesPanel:0.30666666666666664
SendEmailToContributors:0.29
DoAddPeople:0.08777777777777777
