JmolEditor:0.5411111111111111
MoleculesIndexEditorInput:0.45666666666666667
