Reducing:0.3333333333333333
TargetType:0.31333333333333335
ForFieldToken:0.21
ForMethodToken:0.21
LatentMatcherForMethodTokenTest:0.18333333333333332
TypeDescriptionGenericVisitorReducingTest:0.15
LatentMatcherForFieldTokenTest:0.13
TargetTypeTest:0.08
