SnapshotServerConfiguration:0.49666666666666665
LibrariesChecker:0.33
PPTJFXServerExporter:0.27666666666666667
SnapshotServerPlugin:0.27
AbstractPPTServerExporter:0.23333333333333334
