DefaultPacketReader:0.5666666666666667
DefaultNodeExtension:0.43
IOService:0.37
NodeIOService:0.35333333333333333
