ServiceConfiguration:0.55
CertificateExpirationNotifierWorker:0.34111111111111114
BaseWorker:0.25
TestCertificateExpire:0.05333333333333334
