NotificationFilter:0.7077777777777778
FilteringNotifier:0.24666666666666667
ApplicationNameNotificationFilter:0.24333333333333335
NotificationFilterController:0.20666666666666667
FilteringNotifierTest:0.19
InstanceIdNotificationFilter:0.15
NotificationFilterControllerTest:0.09
