BusinessEntityManager:0.69
WebserviceBeanImpl:0.36666666666666664
MPLSModule:0.3233333333333333
BusinessEntityManagerImpl:0.2633333333333333
BGPSynchronizer:0.23666666666666666
SimpleCorrelation:0.2188888888888889
