UcanaccessConnection:0.6366666666666667
DBReference:0.5666666666666667
