RequestBuilderTest:0.44
RestAdapter:0.36
Builder:0.3566666666666667
MethodInfo:0.2966666666666667
Platform:0.19333333333333333
ObservableCallAdapterFactoryTest:0.17333333333333334
RestAdapterTest:0.16
MethodInfoTest:0.12666666666666668
CustomCallAdapter:0.10666666666666667
Android:0.03333333333333333
