EventCollector:0.5333333333333333
ExpectedException:0.38666666666666666
ExpectedExceptionTest:0.18333333333333332
UseCustomMessageWithPlaceHolder:0.06666666666666667
UseCustomMessageWithoutPlaceHolder:0.06666666666666667
UseNoCustomMessage:0.016481481481481482
