DashboardMainPage:0.36833333333333335
InternalErrorPage:0.26
ReportPanel:0.25347619047619047
SystemInfoPanel:0.24347619047619048
FileSystemPanel:0.24347619047619048
DynamicLinkPanel:0.225
CreateOrEditReportPage:0.12333333333333334
