WriterProjection:0.4633333333333333
WriterProjector:0.37
TransportSQLActionClassLifecycleTest:0.34
Planner:0.2633333333333333
PlannerTest:0.21333333333333335
TestableWriterProjector:0.1927367724867725
DocWriter:0.10333333333333333
ProjectionToProjectorVisitor:0.09666666666666666
WriterProjectorTest:0.05
