AcegiDispatcherUtils:0.5566666666666666
FilterDispatcher:0.07333333333333333
