Log:0.5788888888888889
ServerFactory:0.33
AbstractService:0.26
Service:0.23666666666666666
FakeService:0.22444444444444447
SslConfiguration:0.0825
ServiceTest:0.06
