IBond:0.7433333333333333
Bond:0.47333333333333333
GeometryTools:0.31
DebugBond:0.26666666666666666
CMLFragmentsTest:0.22833333333333333
AtomContainerTest:0.22333333333333333
AllRingsFinder:0.22
RingPartitioner:0.21644444444444447
SpanningTree:0.21333333333333335
Jumbo46CMLFragmentsTest:0.21333333333333335
AbstractController2D:0.21333333333333335
MergeMoleculesEdit:0.21
CML23FragmentsTest:0.20333333333333334
BasicValidator:0.19666666666666666
StructureDiagramGenerator:0.19666666666666666
CMLRoundTripTest:0.19333333333333333
AbstractRenderer2D:0.19
UniversalIsomorphismTester:0.19
SaturationChecker:0.18333333333333332
MDLWriter:0.18
AtomContainerManipulator:0.18
CDKSourceCodeWriter:0.18
BondTest:0.17333333333333334
AllRingsFinderTest:0.17
Mol2Writer:0.16166666666666665
AminoAcids:0.14833333333333334
GravitationalIndexDescriptor:0.14666666666666667
DeAromatizationTool:0.145
QueryAtomContainerCreator:0.14333333333333334
OverlapResolver:0.14
FiguerasSSSRFinder:0.13
HuLuIndexTool:0.12333333333333334
ConnectionMatrix:0.10666666666666667
Geometry3DValidator:0.08333333333333333
AdjacencyMatrix:0.07333333333333333
