Config:0.7
FeatureEditorDialog:0.3333333333333333
DrawableAnnotatedFeatureSet:0.31
TranscriptMenu:0.16666666666666666
PeptideMenu:0.16
