LuceneDocCollectorTest:0.45666666666666667
SortSymbolVisitor:0.26666666666666666
InputFieldComparator:0.25
OrderedCrateDocCollector:0.25
LuceneSortGenerator:0.17666666666666667
DocSysColumns:0.14333333333333334
SortSymbolContext:0.05333333333333334
