ParentRunner:0.49333333333333335
CategoriesAndParameterizedTest:0.19666666666666666
VerifierRuleTest:0.19333333333333333
SimpleTest:0.17466666666666666
TestClassRunnerForParameters:0.13333333333333333
ParameterizedTestWithClassCategory:0.13333333333333333
