ProtocolBean:0.3433333333333333
RelationshipTypeTable:0.28
DisplayAnnotation:0.2733333333333333
UpdateProtocol:0.25
AddProtocol:0.18444444444444444
DisplayObjectTerm:0.14472222222222222
UrlLinkingTable:0.05655555555555556
UrlTable:0.05655555555555556
DisplayPubSource:0.03333333333333333
DisplayProtocol:0.03333333333333333
