FileSystemMgtService:0.7498333333333334
FileSystemMgtBean:0.3722222222222222
