AuthorizationSession:0.4520952380952381
LocalRaAdminSessionBean:0.4
CAAdminSessionBean:0.38666666666666666
LocalAuthorizationSessionBean:0.37333333333333335
LocalLogSessionBean:0.33666666666666667
LocalCertificateStoreSessionBean:0.25666666666666665
RaAdminSession:0.19416666666666665
ClearCacheCommand:0.06666666666666667
