XavaSuite:0.5133333333333333
Offices2Test:0.5
HibernatePG:0.35753968253968255
