LogEntry:0.6833333333333333
CAAdminSessionBean:0.34
RSASignSessionBean:0.2833333333333333
LogInterfaceBean:0.25666666666666665
