WebSocket:0.5966666666666667
AtmosphereRequest:0.38
WebSocketProcessor:0.38
WebSocketProtocol:0.2738333333333334
GrizzlyWebSocket:0.22333333333333333
Builder:0.15333333333333332
EchoProtocol:0.13333333333333333
SimpleHttpProtocol:0.12666666666666668
Jetty8WebSocket:0.11333333333333333
JettyWebSocket:0.11333333333333333
