OSGiScriptEngineManager:0.3933333333333333
MapTransactionTest:0.35333333333333333
TransactionalMapProxySupport:0.30333333333333334
ClassLoaderUtil:0.29333333333333333
ServiceLoader:0.2377777777777778
