Transaction:0.5033333333333333
Script:0.31
Wallet:0.27666666666666667
TransactionOutput:0.23666666666666666
WalletTool:0.18333333333333332
TransactionOutPoint:0.18333333333333332
ScriptTest:0.10666666666666667
WalletTest:0.09
TestUtils:0.08
