ClusterServiceImpl:0.5633333333333334
MemberImpl:0.39
MembershipManager:0.36333333333333334
PromoteLiteMemberTest:0.19
