UserProcessor:0.67
UserExt:0.6477777777777778
UserMgmtService:0.31666666666666665
