ItemOrientedTasklet:0.43
ItemOrientedTaskletTests:0.24666666666666667
StagingItemReaderTests:0.21333333333333335
DefaultStepExecutorTests:0.21
ItemProviderRetryContext:0.21
ItemReaderRetryCallback:0.13666666666666666
ExceptionRestartableTaskletTests:0.13666666666666666
RestartableItemOrientedTaskletTests:0.13
ItemReaderRetryCallbackTests:0.13
SimpleJobTests:0.13
