NameBearerHandle:0.6797222222222223
LoadANNIEWithDefaultsAction:0.3663888888888889
