StateTracker:0.48333333333333334
MasterActor:0.42333333333333334
HazelCastStateTracker:0.35
ActorNetworkRunner:0.32
Classify2sAnd4s:0.17333333333333334
TestMnistRender:0.1
