AbstractInteropTest:0.93
Http2NettyTest:0.18333333333333332
Http2OkHttpTest:0.18333333333333332
TransportCompressionTest:0.18333333333333332
Http2NettyLocalChannelTest:0.16666666666666666
TestServiceServer:0.1577777777777778
