Simulator:0.4766666666666667
SimulatorModel:0.41
JGraph:0.41
AspectJModel:0.41
GTS:0.4066666666666667
GrammarModel:0.4066666666666667
GraphEditorTab:0.4
LabelTree:0.36
Groove:0.3566666666666667
JModel:0.35333333333333333
AspectJGraph:0.3333333333333333
GraphTab:0.3233333333333333
SystemStore:0.30833333333333335
LayouterItem:0.25333333333333335
TypeTree:0.24666666666666667
ResourceDisplay:0.24666666666666667
ResourceTab:0.24666666666666667
LTSJGraph:0.24333333333333335
LTSDisplay:0.24333333333333335
Exportable:0.24083333333333334
ExportAction:0.23333333333333334
GraphToTikz:0.23333333333333334
ConfigDialog:0.23333333333333334
DisplaysPanel:0.22333333333333333
ExplorationTest:0.22
CopyAction:0.21644444444444447
VisibleValue:0.20666666666666667
ForestLayouter:0.20333333333333334
LayoutDialog:0.20333333333333334
GraphManager:0.20305555555555554
TextTab:0.2
RealCellEditor:0.19666666666666666
Generator:0.19666666666666666
StateDisplay:0.19666666666666666
RefreshListener:0.19444444444444445
ShapeGenerator:0.18666666666666668
LTSReporter:0.18666666666666668
LayoutAction:0.175
GroovyDisplay:0.1725
DeleteAction:0.17227777777777778
GraphPreviewDialog:0.17
PatternLabelValue:0.17
SaveAction:0.16599999999999998
ShowHideAction:0.16333333333333333
ShapePreviewDialog:0.16
AbstractLayouter:0.16
RebuildListener:0.15666666666666668
ShiftPriorityAction:0.15333333333333332
PatternPreviewDialog:0.15333333333333332
CtrlJGraph:0.15
RuleLevelTree:0.14
JGraphFactory:0.11916666666666667
TransSystemChecker:0.11666666666666667
SelectedAction:0.11333333333333333
ContextAction:0.11333333333333333
RegExprAction:0.11
TraceAction:0.11
FromFileAction:0.11
RuleSelectionListener:0.1
GraphToEPS:0.08333333333333333
MyFactory:0.06333333333333334
