CA:0.61
IEjbcaWS:0.37123412698412694
X509CA:0.3566666666666667
EjbcaWSHelper:0.25666666666666665
CvcCA:0.25
EjbcaWS:0.24333333333333335
SignSessionBean:0.21666666666666667
ScepServlet:0.21333333333333335
SignSession:0.2
