ItemStream:0.6266666666666667
ExecutionAttributes:0.6166666666666667
KeyGenerator:0.49333333333333335
FooItemReader:0.26
StreamContextRowMapper:0.24388888888888885
DelegatingItemReader:0.23333333333333334
AbstractJdbcItemReaderIntegrationTests:0.21666666666666667
AbstractDataSourceItemReaderIntegrationTests:0.21
FlatFileItemWriterTests:0.20333333333333334
DrivingQueryItemReaderTests:0.20333333333333334
JdbcCursorItemReader:0.19666666666666666
FlatFileItemWriter:0.18333333333333332
HibernateCursorItemReader:0.18
SimpleStreamManagerTests:0.18
MockItemReader:0.17666666666666667
StaxEventItemReader:0.16333333333333333
SimpleStreamManager:0.16
DrivingQueryItemReader:0.15666666666666668
ItemWriterItemProcessorTests:0.15666666666666668
StaxEventItemReaderTests:0.15666666666666668
ColumnMapRestartDataRowMapperTests:0.155
StaxEventItemWriter:0.15333333333333332
ItemStreamAdapter:0.15333333333333332
SingleColumnJdbcKeyGeneratorIntegrationTests:0.14333333333333334
MultipleColumnJdbcKeyGeneratorIntegrationTests:0.14333333333333334
DefaultFlatFileItemReaderTests:0.13333333333333333
MultipleColumnJdbcKeyGenerator:0.13333333333333333
AbstractTransactionalIoSource:0.12666666666666668
StaxEventWriterItemWriterTests:0.12333333333333334
DelegatingItemReaderTests:0.12333333333333334
StreamManager:0.11753968253968256
MockOutputSource:0.11666666666666667
DefaultFlatFileItemReader:0.11333333333333333
SingleColumnJdbcKeyGenerator:0.10333333333333333
DelegatingItemWriter:0.10083333333333333
IbatisKeyGenerator:0.09
ExecutionAttributesTests:0.08666666666666667
ItemStreamAdapterExtension:0.08333333333333333
MockKeyGenerator:0.06333333333333334
MockIoSource:0.043333333333333335
ColumnMapStreamContextRowMapper:0.03333333333333333
