GwtServerHelper:0.5566666666666666
GwtRpcServiceImpl:0.42
TreeDisplayVertical:0.3333333333333333
