User:0.52
BusinessObjectFactory:0.4033333333333333
Action:0.3333333333333333
