MapperBuilderAssistant:0.5433333333333333
XMLMapperBuilder:0.34
MapperAnnotationBuilder:0.25666666666666665
XMLStatementBuilder:0.24333333333333335
IncludeNodeHandler:0.14666666666666667
SelectKeyHandler:0.1
