Authorization:0.6644444444444445
Management:0.6533333333333333
SourceRepoDialog:0.25333333333333335
LoginDialog:0.24333333333333335
FedoraAPIMBindingSOAPHTTPImpl:0.23666666666666666
JournalConsumer:0.23
DefaultAuthorization:0.19333333333333333
MockManagementDelegateForJournalTesting:0.18666666666666668
JournalCreator:0.18666666666666668
DefaultManagement:0.17666666666666667
Journaller:0.16666666666666666
ActionNamespace:0.14
