IOService:0.6033333333333334
TcpIpConnectionManager:0.47333333333333333
SocketAcceptor:0.37
NodeIOService:0.36333333333333334
