GlobalLock:0.6201507936507936
Display:0.49666666666666665
WindowsDisplay:0.35
Cursor:0.314
Mouse:0.30666666666666664
MacOSXDisplay:0.2625
OpenGLPackageAccess:0.26
Keyboard:0.22333333333333333
