Cluster:0.8111111111111111
ClusteredServiceAgent:0.6366666666666667
ClientSession:0.4066666666666667
