AbstractJUnit5TestEngineTestCase:0.38666666666666666
AbstractTestDescriptorTest:0.3433333333333333
JUnit5TestEngine:0.13666666666666666
JUnit4TestEngine:0.09
TestEngineStub:0.09
