AssetManager:0.7516666666666667
AssetManagerTest:0.38
LwjglDebugStarter:0.10666666666666667
