GeneBean:0.7933333333333333
AssignTasksTest:0.3233333333333333
CachingBrokerConnectionSource:0.31
TairAnnotationStrategy:0.2351111111111111
