MetadataUtils:0.6966666666666667
SpectrumMetadataView:0.38333333333333336
SwitchEditToDisplayAction:0.31333333333333335
JCampEditCellModifier:0.3111111111111111
