NettyHttpChannel:0.5703333333333334
EsRejectedExecutionException:0.5703333333333334
