Util:0.8666666666666667
Saros:0.4033333333333333
IncomingInvitationProcess:0.29
IBBTransferListener:0.14111111111111113
ErrorMessageDialog:0.1
