TaskTreeNode:0.8
TasksTreeCellRenderer:0.22666666666666666
DeleteTaskAction:0.16861111111111113
PasteTaskAction:0.12
TreePopupMenu:0.11333333333333333
Listener:0.11138888888888888
CutTaskAction:0.02
