QualifiedName:0.398
SingleColumn:0.35133333333333333
ComparisonExpression:0.328
FunctionCall:0.23666666666666666
SortItem:0.19166666666666668
AliasedRelation:0.19166666666666668
QualifiedNameReference:0.19
ShowTables:0.18666666666666668
Input:0.17333333333333334
QueryUtil:0.17333333333333334
CoalesceExpression:0.17333333333333334
