HSMURIModule:0.49
Ssh:0.42
Uri:0.39666666666666667
Cifs:0.09666666666666666
