Tool:0.6766666666666666
ErrorManager:0.5766666666666667
