RrGraphics:0.6711111111111111
GenericExtruderTabPanel:0.4669444444444445
