SwingMissingUtil:0.6933333333333334
Controller:0.4666666666666667
SeqAlignPanel:0.33
ApolloPanel:0.29833333333333334
ApolloFrame:0.23166666666666666
TierManager:0.22
FeatureTreePanel:0.20333333333333334
ScrollableTierView:0.18333333333333332
FindPanel:0.17
ApolloFrameManager:0.17
ControlledPanel:0.11
