XmlActions:0.6666666666666666
XmlCompletion:0.2811111111111111
XmlParser:0.24
XmlPlugin:0.24
SAXParserImpl:0.18666666666666668
