IndexDatabase:0.4766666666666667
HistoryContext:0.43333333333333335
HistoryContextTest:0.25333333333333335
Results:0.14
