JSONResult:0.47
JSONWriter:0.4266666666666667
JSONUtil:0.38333333333333336
JSONResultTest:0.29
JSONWriterTest:0.06666666666666667
