KuwaibaService:0.7094444444444444
ObjectFactory:0.43333333333333335
CommunicationsStub:0.27
GetSpecialChildrenOfClassLight:0.185
GetSpecialChildrenOfClassLightResponse:0.04416666666666667
