MultiMap:0.7066666666666667
VanillaChronicleMap:0.4
Segment:0.2866666666666667
HeapWriteLocked:0.24
Int24Int24MultiMap:0.22666666666666666
SegmentState:0.20666666666666667
IntIntMultiMap:0.18666666666666668
ShortShortMultiMap:0.18666666666666668
NativeWriteLocked:0.14666666666666667
ReadLocked:0.10666666666666667
MutableLockedEntry:0.09333333333333334
WriteLocked:0.016666666666666666
