MethodSecurityExpressionRootTests:0.5933333333333334
MethodInvocationUtils:0.49805555555555564
AbstractExpressionBasedMethodConfigAttribute:0.4066666666666667
