CalendarsTest:0.31333333333333335
Brazil:0.2325
Argentina:0.21333333333333335
SettlementCalendar:0.2125
BCBAExchangeCalendar:0.16444444444444445
SWXStockExchangeCalendar:0.14
CalendarBaseTest:0.08333333333333333
ArgentinaCalendarTest:0.07666666666666666
BrazilCalendarTest:0.07666666666666666
SwitzerlandCalendarTest:0.043333333333333335
