DataManager:0.5433333333333333
Geonetwork:0.30666666666666664
