AbstractBase:0.5033333333333333
ElementMatchers:0.49666666666666665
AbstractDelegatingBuilder:0.2833333333333333
Builder:0.2275
ElementMatchersTest:0.18666666666666668
