Ole32:0.6
Ole32Test:0.3233333333333333
Shell32Test:0.2833333333333333
PVOID:0.20333333333333334
LPVOID:0.18
Shell32Util:0.12666666666666668
