LDefField:0.4266666666666667
LDefArray:0.37
LDefCall:0.31666666666666665
