UserInfo:0.8033333333333333
Users:0.5466666666666666
XavaPortlet:0.22694444444444448
PortletXmlPG:0.10333333333333333
CurrentUserFamilyNameCalculator:0.006666666666666667
CurrentUserGivenNameCalculator:0.006666666666666667
CurrentUserEmailCalculator:0.006666666666666667
