MetaDataTableRow:0.56
MigrationTestCase:0.49333333333333335
ConcurrentMigrationTestCase:0.30666666666666664
