NestedAggregator:0.53
TopHitsAggregator:0.39666666666666667
NestedAggregatorTests:0.36666666666666664
BufferingNestedLeafBucketCollector:0.35333333333333333
NestedAggregatorFactory:0.16666666666666666
