Server:0.7911111111111111
ServerLocal:0.7911111111111111
