Detached:0.58
ForGenerifiedErasure:0.35333333333333333
TypeSubstituting:0.3
OfNonGenericType:0.29
OfParameterizedType:0.2833333333333333
