ClassLoadingStrategyForBootstrapInjectionTest:0.5533333333333333
ClassFileVersionKnownVersionsTest:0.5242222222222221
