XmlFlowModelBuilder:0.8233333333333334
XmlFlowModelBuilderTests:0.19666666666666666
