Interceptors:0.6266666666666667
ShadowWrangler:0.5072222222222222
ShadowWranglerUnitTest:0.33666666666666667
