Interpreter:0.4866666666666667
OOITBuilder:0.39
EmbeddedServiceLoader:0.24666666666666667
CommChannel:0.23333333333333334
SOAPProtocol:0.175
StreamingCommChannel:0.17
MainDefinitionProcess:0.16333333333333333
JavaServiceLoader:0.11333333333333333
SocketListener:0.08666666666666667
JolieServiceLoader:0.06666666666666667
PipeListener:0.04
