FormTagTest:0.6377777777777778
AnnotationValidationInterceptorTest:0.38
FormTest:0.24333333333333335
