PowerGrid:0.5966666666666667
PowerTableModel:0.42833333333333334
JPanelCellRenderer:0.37211111111111106
PowerGridTabPanel:0.2866666666666667
