AnnotationView:0.5966666666666667
AnnotationEditor:0.5038888888888888
SetDetailPanel:0.36
