Settlement:0.6133333333333333
Resupply:0.43333333333333335
MainDesktopPane:0.3433333333333333
PopUpBuildingMenu:0.31044444444444436
SettlementMapPanel:0.2558888888888889
TransportWizard:0.19666666666666666
SettlementTransparentPanel:0.19444444444444445
SettlementComboBoxModel:0.18388888888888888
SettlementWindow:0.18
