BlobShard:0.7883333333333333
BlobIndex:0.39666666666666667
BlobPathITest:0.23333333333333334
