SubClassResources:0.569555315055315
ShadowPackageManagerTest:0.5233333333333333
ShadowAssetManagerTest:0.35
ClassNameResolverTest:0.33
ContentProviderControllerTest:0.30666666666666664
ParallelUniverseCreateApplicationTest:0.24666666666666667
ShadowContentResolverTest:0.2316111111111111
MyContentProvider:0.22666666666666666
ShadowResourcesTest:0.10333333333333333
ShadowContentProviderTest:0.09
TestContentProvider:0.06444444444444446
