HtmlCheckBoxInput:0.3
HtmlRadioButtonInput:0.3
HTMLFormElementTest:0.29
HtmlRadioButtonInput2Test:0.25333333333333335
HtmlSubmitInputTest:0.18
HtmlCheckBoxInput2Test:0.17333333333333334
HtmlPasswordInputTest:0.17
HtmlFileInput2Test:0.15333333333333332
HtmlHiddenInputTest:0.13333333333333333
HtmlImageInput2Test:0.08
HtmlTextInput2Test:0.08
HtmlButtonInput2Test:0.08
HtmlResetInput2Test:0.056666666666666664
HtmlTextArea2Test:0.04666666666666667
