EditViewFactory:0.7138888888888889
PropertyAssociation:0.49333333333333335
