Reader:0.6466666666666666
GenericsTest:0.3333333333333333
ParameterProcessor:0.2886666666666666
