WYSIWYGPlugin:0.7066666666666667
MethodTag:0.43333333333333335
SpanScalarModel:0.26666666666666666
FreemarkerUtil:0.26
FtlTagSupportServlet:0.18
SpanMethodModel:0.1
