AggregateStatusView:0.8666666666666667
SqlMapClientAggStatViewDao:0.43
DefaultAggregateStatusService:0.33
AggStatViewDaoTest:0.19
AggregateStatusViewDao:0.12555555555555556
