FlowExecutionManager:0.59
JsfFlowExecutionManager:0.4766666666666667
ViewIdResolver:0.31711111111111107
DefaultViewIdResolver:0.16
