CoordinateOperationFactory:0.2841111111111111
Geometry:0.28
Coverage:0.28
CoordinateOperation:0.20083333333333334
GridCoverageExchange:0.12416666666666666
