NearCachedClientCacheProxy:0.4266666666666667
NearCachedMapProxyImpl:0.4266666666666667
NearCachedClientMapProxy:0.4266666666666667
AbstractNearCacheBasicTest:0.18
