QueryStats:0.5666666666666667
StatementStats:0.3566666666666667
Builder:0.31
Query:0.23833333333333334
TestQueryStateMachine:0.19333333333333333
TestProgressMonitor:0.16666666666666666
