TextAreaPainter:0.19361655
DisplayTokenHandler:0.16680688
BufferPrintable:0.15291113
ChunkCache:0.08746324
TextArea:0.072226316
SyntaxStyle:0.030004656
Debug:0.025625642
Token:0.021582767
ParserRuleSet:0.01490896
