TextAreaPainter:0.11465076
JEditActionSet:0.1078959
TextArea:0.10352572
JEditBuffer:0.100218736
SyntaxUtilities:0.077333085
Mode:0.076650634
JEditBeanShellAction:0.06725366
Gutter:0.06345406
IPropertyManager:0.049895074
JEditEmbeddedTextArea:0.035881598
JEditActionContext:0.034913998
ParserRuleSet:0.032090113
FoldHandler:0.030962173
ModeProvider:0.030922657
DefaultFoldHandlerProvider:0.020931657
AbstractInputHandler:0.01843356
KillRing:0.018312631
TextAreaMouseHandler:0.01797077
FoldHandlerProvider:0.017631061
Log:0.016533704
TokenMarker:0.014636028
SyntaxStyle:0.010905635
IOUtilities:0.010609939
IndentFoldHandler:0.008629668
AntiAlias:0.008074105
DummyFoldHandler:0.007849027
ExplicitFoldHandler:0.007622015
