WordVectors:0.6566666666666666
BasicModelUtils:0.5933333333333334
WordVectorSerializer:0.25666666666666665
WordVectorsImpl:0.24
FlatModelUtils:0.22833333333333333
FlatModelUtilsTest:0.18
Word2VecTests:0.12666666666666668
