GeoDistanceRangeQuery:0.47333333333333333
SignificantTermsSignificanceScoreIT:0.46
GeoPolygonQuery:0.3433333333333333
SignificantTermsBackwardCompatibilityIT:0.23666666666666666
