PDBReader:0.7133333333333334
Polymer:0.6466666666666666
PDBReaderTest:0.37
