ParsedTag:0.5944444444444443
LagartoParserTest:0.4866666666666667
