Record:0.41
Paramater:0.36
JsScriptGenerator:0.30333333333333334
BioObjectParamater:0.21333333333333335
NonBioObjectParamater:0.21333333333333335
