QsarEditor:0.6366666666666667
DescriptorsPage:0.44666666666666666
QSARBuilder:0.38333333333333336
