DynamicType:0.72
Default:0.5133333333333333
ByteBuddyTest:0.36333333333333334
MethodDelegation:0.3466666666666667
DynamicTypeDefaultTest:0.21666666666666667
Bank:0.20083333333333336
Account:0.17750000000000002
DynamicTypeDefaultUnloadedTest:0.15
