GeometryTools:0.6633333333333333
JChemPaintPanel:0.32666666666666666
AbstractController2D:0.2833333333333333
CreateReactionAction:0.27
