Default:0.7449444444444445
TrivialTypeTest:0.3466666666666667
