MapFacadeBean:0.5133333333333333
EJBPersistenceProvider:0.4122222222222222
