CDKAtomTypeMatcher:0.7566666666666667
SmilesParserTest:0.6333333333333333
NewCDKTestCase:0.21
