LocaleManager:0.7952777777777779
DecodeThread:0.5384444444444444
