SocketChannelWrapper:0.5566666666666666
WriteHandler:0.49
TcpIpConnection:0.33
SSLSocketChannelWrapper:0.24
DefaultSocketChannelWrapper:0.22859523809523807
ReadHandler:0.14166666666666666
AbstractSelectionHandler:0.1349206349206349
