QuickTourAdmin:0.5640925925925926
QuickTour:0.15155555555555553
