DaoTestDelegate:0.5666666666666667
Action:0.29333333333333333
DaoTestDelegateTest:0.22333333333333333
EventDao:0.14666666666666667
EventDaoTest:0.06
