ClusterJoinManager:0.9433333333333334
SplitBrainMergeValidationOp:0.36444444444444446
