RainbowFish:0.5633333333333334
RainbowFishSerializer:0.32666666666666666
RainbowFishV2:0.24333333333333335
App:0.16333333333333333
