DcmQR:0.3333333333333333
DcmSnd:0.3333333333333333
DcmOF:0.3333333333333333
DcmRcv:0.2966666666666667
DcmGPWL:0.26
DcmHPQR:0.26
DcmEcho:0.22
DcmMWL:0.22
