TemporaryJob:0.5666666666666667
TemporaryJobs:0.4533333333333333
TemporaryJobsTest:0.33
TempJobFailureTest:0.2833333333333333
