ServerWidget:0.75
Engine:0.65
GraphicFactory:0.55
ServerDisplay:0.53
Display:0.45666666666666667
ARINCUnsizedRenderer:0.4506746031746032
LayerSet:0.43
GuardedRenderer:0.3817857142857143
AbstractWindowElement:0.33
SynthTableUI:0.31
SynthTableHeaderUI:0.29333333333333333
SynthToolBarUI:0.29
AbstractWidget:0.29
ServerXMLSymbolsHandler:0.26666666666666666
SynthComboBoxUI:0.2633333333333333
SynthTreeUI:0.2633333333333333
JFXServerGraphicsConfigHandler:0.2625
LabelRenderer:0.26
LineRenderer:0.25
CrownRenderer:0.25
RectangleRenderer:0.25
ArcCircleRenderer:0.25
DummyProtocol:0.25
PolylineRenderer:0.25
TriangleRenderer:0.25
ArcEllipseRenderer:0.25
SynthColorChooserUI:0.24333333333333335
SynthTextAreaUI:0.24333333333333335
JFXFactory:0.2380952380952381
ProtocolInputDecoder:0.23666666666666666
ARINCMapHorzPanel:0.23333333333333334
ClientXMLDFHandler:0.23
MapItemPaints:0.21666666666666667
SynthButtonUI:0.21666666666666667
SwingServerGraphicsConfigHandler:0.21666666666666667
SwingFactory:0.21666666666666667
CockpitConfigurationHandler:0.21333333333333335
AbstractServerEngine:0.21
AbstractInteractiveWidget:0.19666666666666666
AbstractClientEngine:0.19333333333333333
JFXRendererBridge:0.18333333333333332
SwingUIDefinitionParser:0.18166666666666667
JFXServerDisplay:0.17
AbstractServerCockpitConfigurationHandler:0.17
SwingRendererBridge:0.16333333333333333
ClientCockpitConfigurationHandler:0.16333333333333333
ClientConfigurationParser:0.14333333333333334
ARINCCSSRenderer:0.13333333333333333
AbstractCockpitConfigurationHandler:0.07361111111111111
AbstractUnsizedGuardedRenderer:0.06333333333333334
GuardedProperties:0.03
AbstractUnsizedRenderer:0.03
DefaultMapItemPaint:0.0
