RangeI:0.6700555555555555
SeqFeature:0.48
Range:0.36333333333333334
AnnotationEditor:0.3433333333333333
TransactionManager:0.23
AnnotationChangeCoalescer:0.15344444444444444
