METSLikeDOSerializer:0.5166666666666667
DefaultManagement:0.5083333333333333
FedoraAPIMBindingSOAPHTTPImpl:0.29333333333333333
DatastreamPanel:0.14
