EditorAPI:0.68
EditorManager:0.32
JoinSessionWizard:0.30666666666666664
IncomingInvitationProcess:0.3
IEditorAPI:0.16805555555555554
