CasConfigurationJasyptCipherExecutor:0.6533333333333333
CipherExecutor:0.5702777777777778
CasConfigurationJasyptCipherExecutorTests:0.32
CasCoreBootstrapStandaloneConfiguration:0.22666666666666666
