Table:0.6827777777777778
SelectImpl:0.43
AbstractTable:0.3933333333333333
SelectJoinStep:0.2866666666666667
