TabFileAdapter:0.6633333333333333
FileDialog:0.27666666666666667
SessionDataFileFilter:0.17
GeneListFileFilter:0.17
EdgeDataFileFilter:0.17
