ReceiveChannelEndpoint:0.4166666666666667
Sender:0.39
Receiver:0.37
SendChannelEndpoint:0.19666666666666666
