Node:0.6266666666666667
ClusterService:0.4666666666666667
DistributedExecutorAction:0.2733333333333333
