StringProperty:0.7466666666666667
TypeNameResolver:0.4444444444444445
AbstractModelConverter:0.3333333333333333
