ArticleQueryService:0.5266666666666666
Common:0.45
UserProcessor:0.27666666666666667
UserMgmtService:0.27
