TestBuddhistChronology:0.5266666666666666
TestCopticChronology:0.5266666666666666
TestAll:0.25333333333333335
