FolderModule:0.8433333333333334
AbstractFolderModule:0.34
BaseFolderModule:0.30666666666666664
NetFolderHelper:0.29083333333333333
NetFolderContentIndexing:0.27051984126984113
DefaultNetFolderServerSynchronization:0.23
DefaultFolderDelete:0.21704545454545454
DefaultExpiredShareHandler:0.19
SSStatefulJob:0.18666666666666668
DefaultEmailPosting:0.14333333333333334
DefaultFileVersionAgingDelete:0.14333333333333334
DefaultWorkflowTimeout:0.13666666666666666
DefaultLicenseMonitor:0.13666666666666666
DefaultFillEmailSubscription:0.13666666666666666
DefaultMirroredFolderSynchronization:0.11
DefaultWorkflowProcess:0.10333333333333333
DefaultNetFolderContentIndexing:0.07666666666666666
