Dataset:0.84
BaseDatasetImpl:0.35
FilterDataset:0.25583333333333336
DcmObjectHandlerImpl:0.18333333333333332
FileMetaInfoImpl:0.18
TagFilter:0.14
ExcludePrivate:0.11666666666666667
Selection:0.06
Segment:0.04
