JFXMapSymbol:0.5033333333333333
JFXStylesEngine:0.3433333333333333
MapSourceContext:0.25
JFXPainterUtils:0.22027777777777782
JFXLineArcRenderer:0.22
Extension9Test:0.21222222222222223
JFXSymbolTargetRenderer:0.16333333333333333
JFXSymbolRotatedRenderer:0.16
JFXSymbolGenericRenderer:0.15666666666666668
JFXSymbolOvalRenderer:0.15
