Aspect:0.5766666666666667
Groove:0.4266666666666667
GraphInfo:0.4066666666666667
Editor:0.39
AspectEdge:0.38333333333333336
TypeLabel:0.37333333333333335
AspectLabel:0.27666666666666667
AspectNode:0.27
JaxbGxlIO:0.26666666666666666
AspectGraph:0.25333333333333335
GraphJVertex:0.23
DefaultFileSystemStore:0.22333333333333333
DefaultArchiveSystemStore:0.22
Simulator:0.22
GraphJModel:0.21333333333333335
AspectJEdge:0.21
GraphToTikz:0.20666666666666667
DefaultGxl:0.20333333333333334
EditorDialog:0.19666666666666666
Level:0.19666666666666666
NewGraphAction:0.19444444444444445
InstanceGraphRep:0.18166666666666667
AspectJVertex:0.14333333333333334
MyFileChooser:0.13666666666666666
AspectFactory:0.13
AspectParser:0.125
Transform:0.12333333333333334
SetTypeRoleAction:0.12
SetGraphRoleAction:0.12
SetRuleRoleAction:0.12
PlainToAspectMap:0.06666666666666667
AspectGraphMorphism:0.043333333333333335
