Tuple4:0.3283333333333333
Tuple5:0.3283333333333333
Tuple6:0.3283333333333333
Tuple7:0.3283333333333333
Tuple2:0.3283333333333333
Tuple3:0.3283333333333333
Tuple8:0.3283333333333333
Tuple1:0.25976190476190475
