GroupOperation:0.6366666666666667
DBCollection:0.5088888888888888
GroupCommand:0.32666666666666666
