AsyncHttpProviderUtils:0.7666666666666667
ApacheResponse:0.31666666666666665
NettyResponse:0.31666666666666665
JDKResponse:0.31666666666666665
