XContentGenerator:0.39666666666666667
TransportSQLActionTest:0.35
QueryVisitorTest:0.2833333333333333
