MongoCollection:0.571888888888889
MongoDatabase:0.5572222222222222
MongoCollectionImpl:0.4533333333333333
MongoDatabaseImpl:0.4166666666666667
FindIterableImpl:0.3333333333333333
GridFSBucket:0.31337301587301586
MongoClient:0.23
GridFSBucketImpl:0.22333333333333333
MongoClientImpl:0.17333333333333334
AggregateIterableImpl:0.16333333333333333
MapReduceIterableImpl:0.15666666666666668
IndexOptions:0.14666666666666667
DistinctIterableImpl:0.13666666666666666
ReplaceOneModel:0.09166666666666666
DeleteOneModel:0.09166666666666666
UpdateOneModel:0.09166666666666666
UpdateManyModel:0.09166666666666666
DeleteManyModel:0.09166666666666666
