Bucket:0.31
InternalTerms:0.23666666666666666
InternalRange:0.19666666666666666
UnmappedTerms:0.19666666666666666
InternalFilters:0.19333333333333333
SignificantStringTerms:0.19333333333333333
InternalDateRange:0.18666666666666668
InternalGeoDistance:0.18666666666666668
InternalIPv4Range:0.18666666666666668
InternalHistogram:0.17
UnmappedSignificantTerms:0.16666666666666666
InternalSignificantTerms:0.16
InternalGeoHashGrid:0.15333333333333332
Factory:0.12333333333333334
DoubleTerms:0.11333333333333333
SignificantLongTerms:0.11
InternalBucket:0.10333333333333333
StringTerms:0.1
LongTerms:0.1
InternalMultiBucketAggregation:0.07916666666666666
DerivativeReducer:0.016666666666666666
