SiteScapeFileSystemImpl:0.54
CrossContextConstants:0.22872222222222216
AxisMultipartFile:0.14333333333333334
DispatchServer:0.12666666666666668
SsfsMultipartFile:0.1
WriteFilesException:0.08888888888888889
