ModuleManager:0.5116666666666667
XPersistence:0.495
ControllersParser:0.3283333333333333
XmlElementsNames:0.02
