AttributeResource:0.6466666666666666
Robolectric:0.53
AttributeSetBuilder:0.3566666666666667
AttributeSetBuilderTest:0.30666666666666664
