MadvocController:0.4796666666666667
Madvoc:0.395
ActionsManager:0.3085555555555556
WebApplication:0.27666666666666667
ScopeDataResolver:0.2633333333333333
MadvocServletFilter:0.18666666666666668
MoveResult:0.14333333333333334
AutomagicMadvocConfigurator:0.13865079365079364
LogEchoInterceptor:0.0
