GUI:0.6755555555555556
ZoomOutAction:0.2966666666666667
ZoomInAction:0.2966666666666667
