JobInstance:0.55
SimpleJobRepository:0.31
MapJobDao:0.25666666666666665
JobInstanceTests:0.2
AbstractStepDaoTests:0.19666666666666666
AbstractJobDaoTests:0.19666666666666666
JobExecutionTests:0.19666666666666666
SimpleJobRepositoryTests:0.195
StepExecutionTests:0.19
ItemOrientedStepTests:0.17333333333333334
SimpleJobTests:0.17333333333333334
BatchResourceFactoryBeanTests:0.16666666666666666
RepeatOperationsStepTests:0.15333333333333332
ChunkedStepTests:0.14333333333333334
StagingItemReaderTests:0.14333333333333334
JdbcJobInstanceDao:0.14333333333333334
TaskletStepTests:0.13666666666666666
MapJobDaoTests:0.13333333333333333
StepExecutorInterruptionTests:0.09333333333333334
JdbcJobDaoQueryTests:0.08333333333333333
MapStepDaoTests:0.08
JobInstanceDao:0.016666666666666666
