DefaultUrlHelper:0.42
DefaultUrlHelperTest:0.36
Foo:0.22111111111111115
SecurityMemberAccess:0.18333333333333332
URLTagTest:0.13333333333333333
