ComponentTester:0.6633333333333333
CelsiusConverterTest:0.42
JTextComponentTester:0.3283333333333333
JLabelTester:0.2733333333333333
CelsiusConverter:0.26666666666666666
BugsTest:0.22666666666666666
JComponentTester:0.22333333333333333
ComponentTestFixtureTest:0.16333333333333333
ComponentTestFixture:0.14111111111111113
JButtonTester:0.10333333333333333
JMenuItemTester:0.059166666666666666
JMenuItemMatcher:0.03
