FileModuleImpl:0.44
ArchiveStore:0.2875
NullArchiveStore:0.25333333333333335
ObjectKeys:0.014444444444444444
