DomNode:0.4033333333333333
HTMLElement:0.3566666666666667
Node:0.3433333333333333
HTMLElementTest:0.28
DocumentNavigator:0.24666666666666667
NamedNodeMap:0.24
JavaScriptEngine:0.2
XmlElement:0.18333333333333332
DOMParser:0.16333333333333333
XMLDocumentTest:0.12666666666666668
DomNodeTest:0.11333333333333333
NamedNodeMapIterator:0.02
