UpdateDocumentSetRequest:0.38666666666666666
UpdateStatusCommand:0.36666666666666664
UpdateDocumentSetController:0.35
UpdateRegistryObjectMetadataCommand:0.2733333333333333
DeleteDocumentSetRequest:0.21666666666666667
SubmitAssociationCommand:0.18944444444444444
UpdateDocumentEntryMetadataCommandValidator:0.18444444444444444
UpdateFolderMetadataCommand:0.12666666666666668
UpdateDocumentEntryMetadataCommand:0.09333333333333334
