PagesHashStrategy:0.7575
InMemoryJoinHash:0.43
JoinCompiler:0.31666666666666665
TestJoinCompiler:0.13666666666666666
SimplePagesHashStrategy:0.10666666666666667
