ReactionPlusGenerator:0.52
ReactionBoxGenerator:0.5089444444444444
Renderer:0.43555555555555553
