Task:0.6933333333333334
TimeSlot:0.6033333333333334
XmlTask:0.2633333333333333
Listener:0.23666666666666666
Favourites:0.23333333333333334
TaskEditDialog:0.22
DaysTree:0.22
TasksTree:0.21333333333333335
Timeslots:0.20666666666666667
TimeSlotByDateFilter:0.18833333333333332
CalendarUtils:0.11666666666666667
