CustomSyntheticWidget:0.7212222222222222
ExtractSupplementDialog:0.43638888888888894
