AsyncQueryOperation:0.5133333333333333
AsyncCommandOperation:0.49694444444444436
AsyncGetMoreOperation:0.29333333333333333
