Element:0.5666666666666667
Document:0.31666666666666665
ParserTest:0.2866666666666667
Parser:0.2633333333333333
Node:0.23
Whitelist:0.23
Jsoup:0.09333333333333334
Cleaner:0.06
