InvocationSpec:0.5033333333333333
ITQLQueryFactory:0.33666666666666667
MPTQueryFactory:0.2633333333333333
MPTItemIterator:0.24666666666666667
MPTSetInfoIterator:0.19861111111111115
