GetCapabilitiesValidation:0.4633333333333333
CSW202ServiceImpl:0.4033333333333333
CSW202ServiceImplTest:0.35
GetCapabilitiesValidationTest:0.32
