NodeService:0.6666666666666666
WrongTargetException:0.23666666666666666
PartitionIterator:0.21
ResponseQueue:0.16666666666666666
Workers:0.16333333333333333
