Cost:0.68
Cost_Invoice:0.22333333333333333
Cost_InOut:0.18666666666666668
Cost_Production:0.18666666666666668
Cost_Inventory:0.18666666666666668
Cost_Movement:0.18666666666666668
