SimpleListCellRenderer:0.38
TextEditorCore:0.3433333333333333
MComboBox:0.34
TextEditorDesigner:0.29
HTMLColorChooserPanel:0.21666666666666667
ComboBoxIterator:0.16444444444444445
