Bc_cdkPlugin:0.46611111111111114
ChemoinformaticsPerspective:0.13666666666666666
CDKPerspectiveOpenPreferencePage:0.06333333333333334
CDKConstants:0.02666666666666667
Create3DCoordinatesJob:0.016666666666666666
