RecyclerView:0.53
ScrollView:0.45666666666666667
PagerTabStrip:0.38333333333333336
AnimationsActivity:0.2811111111111111
RecyclerCardsActivity:0.19666666666666666
WidgetsActivity:0.16
