RubyRefactoring:0.47333333333333333
FileNameChangeProvider:0.2511111111111111
RenameClassFileNameChangeProvider:0.21
