DefaultAddressPicker:0.3433333333333333
ClusterListenerSupport:0.3333333333333333
ClientConnectionTest:0.3
AddressHelper:0.2866666666666667
TestHazelcastFactory:0.22672222222222221
ClientServiceTest:0.22333333333333333
ClientReplicatedMapLiteMemberTest:0.21
AwsAddressProvider:0.20333333333333334
DiscoveryAddressProvider:0.20215656565656565
ClientRegressionWithRealNetworkTest:0.15
DefaultAddressProvider:0.10333333333333333
