FlowBuilderSystemDefaults:0.44
DefaultFlowServiceLocator:0.405
FlowRegistryFactoryBean:0.3566666666666667
XmlFlowBuilderTests:0.22333333333333333
MockFlowServiceLocator:0.19577777777777777
FlowRegistryFactoryBeanTests:0.14333333333333334
