TempEntryRenamingStrategy:0.4633333333333333
RebindRecordingOperationTest:0.36666666666666664
UnbindRecordingOperationTest:0.31
UnbindRecordingOperation:0.23
RebindRecordingOperation:0.22666666666666666
DummyDao:0.13833333333333334
DifferentSubtreeTempEntryRenamingStrategy:0.13
DefaultTempEntryRenamingStrategy:0.11666666666666667
DifferentSubtreeTempEntryRenamingStrategyTest:0.025
DefaultTempEntryRenamingStrategyTest:0.005555555555555555
