BasicWindowManager:0.48333333333333334
ServerConfigurationParser:0.4033333333333333
AbstractServerGUI:0.37666666666666665
