PasswordManagementWebflowConfigurer:0.41
AbstractCasWebflowConfigurer:0.38
CasWebflowConfigurer:0.27972222222222226
AuthenticationProperties:0.27
PasswordChangeAction:0.22547619047619047
PasswordManagementConfiguration:0.10333333333333333
PasswordChangeView:0.03444444444444444
