GeoService:0.6033333333333334
GeoModel:0.47333333333333333
GeoView:0.3566666666666667
ChooseMap:0.09333333333333334
