EmailPublisher:0.6266666666666667
EmailTransmissionResult:0.35
EmailPublisherTest:0.2866666666666667
EmailTransmissionResultTest:0.03666666666666667
