Logger:0.5733333333333334
ServiceManager:0.42
EnvironmentConstants:0.3416666666666667
Cfg:0.3233333333333333
Environment:0.30333333333333334
SwarmingManager:0.27
CaughtHostsContainer:0.23333333333333334
GWebCacheContainer:0.21333333333333335
SearchFilterContainer:0.2
MainFrame:0.2
FileAdministration:0.2
SaveDownloadListJob:0.1511111111111111
PhexTestSuite:0.12666666666666668
Main:0.03666666666666667
