RestService:0.4666666666666667
BatchResult:0.44333333333333336
BatchResults:0.39
RestServiceTest:0.2966666666666667
