CmpConfiguration:0.83
CrmfKeyUpdateHandler:0.29333333333333333
ConfirmationMessageHandler:0.25666666666666665
