ExtensionRegistry:0.48
ExtensionRegistryTests:0.47333333333333333
MultipleExtension:0.47172222222222226
YourExtension:0.3983333333333333
AnotherExtensionApi:0.3983333333333333
MyExtension:0.3983333333333333
MyExtensionApi:0.3983333333333333
RegisteredExtension:0.3333333333333333
BeforeAndAfterEachTests:0.25666666666666665
BeforeAndAfterAllTests:0.1
TimingExtension:0.05333333333333334
