XmlrpcdConfigFactory:0.6733333333333333
XmlRpcTest:0.38
CapsdIntegrationTest:0.36333333333333334
