Node:0.5166666666666667
HTMLElement:0.37333333333333335
HTMLElementTest:0.31666666666666665
TreeWalker:0.2866666666666667
Range:0.26
