Generator:0.7041666666666667
JavaGenerator:0.5233333333333333
GenerationTool:0.2911111111111111
AbstractGenerator:0.25666666666666665
