HitBean:0.69
HitBeanTests:0.2733333333333333
AllJUnitTests:0.22666666666666666
HitBeanFactory:0.19333333333333333
NullHitBean:0.08666666666666667
