PeerAddress:0.6
WalletTool:0.2866666666666667
VersionMessage:0.25333333333333335
BuildCheckpoints:0.1888888888888889
PrintPeers:0.14
FetchTransactions:0.13
FetchBlock:0.13
PrivateKeys:0.13
PeerAddressTest:0.12
