IntegrationTest:0.5333333333333333
DynamicCompiler:0.39666666666666667
ClassFileManager:0.36
TestSwitchOverEnum:0.23
DynamicClassLoader:0.18666666666666668
TestBreakWithLabel:0.1
