GrooveFileChooser:0.5166666666666666
SaveDialog:0.43
SaveGrammarAction:0.3233333333333333
