FinderPatternFinder:0.6333333333333333
AlignmentPatternFinder:0.56
Detector:0.4876666666666667
