SeqFeature:0.7266666666666667
GenericAnnotation:0.39
PFetchSequence:0.30333333333333334
