HtmlTextArea:0.74
HTMLTextAreaElement:0.3233333333333333
TextareaTest:0.11666666666666667
