AggregateStatusDefinition:0.8566666666666667
SqlMapClientAddStatDefDao:0.49666666666666665
SqlMapClientAggStatViewDao:0.22638888888888892
AggregateStatusDefinitionDao:0.14583333333333334
AggStatDefDaoTest:0.11
