NeuralNetwork:0.71
LogisticRegression:0.38666666666666666
BaseMultiLayerNetwork:0.36666666666666664
BaseNeuralNetwork:0.31333333333333335
RBM:0.31
NonZeroStoppingConjugateGradient:0.2725
Builder:0.18
DenoisingAutoEncoder:0.17333333333333334
DBN:0.15333333333333332
CDBN:0.12333333333333334
RBMMnistExample:0.016666666666666666
