UdpDestination:0.62
UdpTransport:0.5133333333333333
ControlFrameHandler:0.2866666666666667
