ValidatableObject:0.517
ValidationContext:0.48
MSVValidator:0.47333333333333333
TransferRateService:0.1
ValidatingUnmarshaller:0.09666666666666666
ValidatorImpl:0.07666666666666666
StatusBar:0.05333333333333334
