AbstractBase:0.8433333333333334
AbstractTypeDescriptionTest:0.46888888888888886
GenericTypeDescriptionSuperTypeIteratorTest:0.23333333333333334
