ConflictSetting:0.7766666666666666
DatabaseWriter:0.3466666666666667
ConflictEvent:0.25333333333333335
DataLoaderService:0.23333333333333334
DatabaseWriterSettings:0.22666666666666666
DefaultDataLoaderFactory:0.20666666666666667
DataLoaderServiceSqlMap:0.20416666666666666
DefaultDatabaseWriterConflictResolver:0.17666666666666667
ConflictSettingsNodeGroupLinkMapper:0.11416666666666667
IDataLoaderFactory:0.07
IDatabaseWriterConflictResolver:0.0
