JPPFJob:0.5666666666666667
AbstractJPPFClientConnection:0.36333333333333334
JcaResultProcessor:0.23333333333333334
JPPFJobMetadata:0.23
RemoteExecutionThread:0.17
JobAwareness:0.03
