ExpressionInterpreter:0.56
Visitor:0.4666666666666667
NodeRewriter:0.23666666666666666
RewritingVisitor:0.1
TestExpressionInterpreter:0.09
TestConditions:0.03333333333333333
