Entity:0.6777777777777777
MappingField:0.6777777777777777
AnnotationEntityMaker:0.32
NutEntity:0.26666666666666666
_Infos:0.23
NutMappingField:0.19333333333333333
MysqlJdbcExpert:0.15333333333333332
MappingInfo:0.15333333333333332
CreateDropTableTest:0.07333333333333333
LinkInfo:0.04
TableInfo:0.0
