AngleBending:0.4766666666666667
ForceFieldConfigurator:0.31333333333333335
MMFF94ParametersCall:0.27
ModelBuilder3D:0.25666666666666665
AtomPlacer3D:0.23666666666666666
BondStretching:0.22
ElectrostaticInteractions:0.21
AtomTetrahedralLigandPlacer3D:0.19666666666666666
MMFF94PartialCharges:0.19
GeometricMinimizer:0.17333333333333334
Torsions:0.16666666666666666
VanDerWaalsInteractions:0.16666666666666666
MMFF94EnergyFunction:0.16666666666666666
StretchBendInteractions:0.09666666666666666
