DataManager:0.5922222222222223
Aligner:0.36
Importer:0.2866666666666667
