DescriptorEngine:0.6561111111111111
DescriptorCalculator:0.5533333333333333
