MethodDelegation:0.5333333333333333
Default:0.335
FieldAccessor:0.2966666666666667
ForNamedField:0.2833333333333333
FieldCacheEntry:0.2377777777777778
ForBeanProperty:0.23666666666666666
Forwarding:0.23
ExceptionMethod:0.21333333333333335
ForStaticField:0.2
ForPoolValue:0.19666666666666666
TargetMethodAnnotationDrivenBinder:0.19
DuplicationTest:0.19
TargetMethodAnnotationDrivenBinderTest:0.18666666666666668
MethodAccessorFactory:0.17
FieldCacheAppender:0.16666666666666666
DefaultMethodCall:0.16666666666666666
AccessorMethodDelegation:0.16
FixedValue:0.15444444444444444
TypePoolDefaultAnnotationTest:0.09
Simple:0.07777777777777778
FieldDefiner:0.07666666666666666
FieldGetter:0.03333333333333333
FieldSetter:0.03333333333333333
AssignerConfigurable:0.006944444444444445
TerminationHandler:0.006666666666666667
FieldDefinable:0.0
