SignerMapping:0.74
KeyTools:0.42
SignerMappingBase:0.35333333333333333
SignerMappingMgmtSessionBean:0.27666666666666667
CertificateStoreSessionBean:0.2
RequestMessageUtils:0.19361111111111112
OcspSignerMapping:0.18694444444444444
SignerMappingMgmtSession:0.15833333333333333
CertificateStoreSessionLocal:0.15833333333333333
