MiscUtil:0.6266666666666667
WebKeys:0.416984126984127
AddEntryController:0.27666666666666667
ModifyEntryController:0.22666666666666666
