CacheSimpleConfig:0.59
EmptyCacheWriter:0.4439444444444445
CacheConfig:0.4033333333333333
XmlConfigBuilder:0.33
CacheConfigTest:0.3233333333333333
ConfigXmlGenerator:0.29
TestJCache:0.12666666666666668
MyCacheLoader:0.04
