ParameterConstants:0.5966666666666667
DatabasePlatformInfo:0.42333333333333334
AbstractDatabasePlatform:0.41
NodeServiceSqlMap:0.35
ClientSymmetricEngine:0.29
AbstractSymmetricEngine:0.23666666666666666
AbstractJdbcDdlReader:0.21333333333333335
IDatabasePlatform:0.20083333333333334
OraclePlatform:0.19666666666666666
H2Platform:0.19
InterbasePlatform:0.19
MsSqlPlatform:0.19
HsqlDb2Platform:0.19
DerbyPlatform:0.19
Db2Platform:0.19
HsqlDbPlatform:0.19
SymmetricEngineHolder:0.18
FirebirdPlatform:0.09666666666666666
