FolderRow:0.4533333333333333
TrashHelper:0.36
GwtTeamingMessages:0.32666666666666666
DataTableFolderViewBase:0.31333333333333335
ContentControl:0.24333333333333335
GwtRpcServiceImpl:0.23333333333333334
StringRpcResponseData:0.23
GwtServerHelper:0.21
GwtViewHelper:0.20333333333333334
FolderRowAsyncProvider:0.18
TrashView:0.17666666666666667
TrashPurgeSelectedEntriesCmd:0.023333333333333334
TrashPurgeAllCmd:0.016666666666666666
TrashRestoreSelectedEntriesCmd:0.016666666666666666
TrashRestoreAllCmd:0.013333333333333334
