Attachable:0.5147063492063492
ResultImpl:0.4266666666666667
AbstractRoutine:0.29
AbstractDelegatingQuery:0.26
AbstractQuery:0.24333333333333335
AbstractStore:0.18333333333333332
