Actor:0.7533333333333333
Group:0.3933333333333333
