TupleInfo:0.75
DelimitedTupleStream:0.29333333333333333
RowStringUncompressedYieldingIterator:0.21333333333333335
DelimitedYieldingIterator:0.21333333333333335
