MultiTimeUseOrTimeoutExpirationPolicy:0.64
CasCoreTicketsConfiguration:0.4166666666666667
MultiTimeUseOrTimeoutExpirationPolicyTests:0.19666666666666666
OAuthCodeExpirationPolicy:0.141984126984127
ProxyTicketExpirationPolicy:0.10861111111111109
ServiceTicketExpirationPolicy:0.10861111111111109
