Platform:0.32666666666666666
RealWebSocketTest:0.27
Android:0.27
JdkWithJettyBootPlatform:0.21444444444444447
RealWebSocket:0.2138888888888889
RequestBody:0.19333333333333333
RequestTest:0.18
