ServletScopes:0.6666666666666666
ServletTest:0.5433333333333333
Scopes:0.49333333333333335
FakeHttpSessionHandler:0.36966666666666664
