RubyParsedComponent:0.7633333333333333
RubyParsingStringTokenizer:0.38666666666666666
TC_RubyParser:0.26666666666666666
RubyParser:0.20666666666666667
