QueuedMessageListDialog:0.5666666666666667
MessageHandler:0.4483174603174603
IMessageHandler:0.3167619047619048
FilteredMessageQueue:0.24666666666666667
QueuedMessageHelper:0.18333333333333332
UIMessageListHandler:0.04
