AbstractTestQueries:0.5166666666666667
ExpressionCompiler:0.30666666666666664
TestExpressionCompiler:0.2833333333333333
