HiveClient:0.42444444444444446
AbstractTestHiveClient:0.4166666666666667
GenericHiveRecordCursor:0.3233333333333333
BytesHiveRecordCursor:0.23333333333333334
