PropertyView:0.52
MyView:0.44333333333333336
MediaView:0.36333333333333334
