ClientConnection:0.7133333333333334
ClientConnectionManagerImpl:0.4666666666666667
ClusterListenerThread:0.2633333333333333
ClientConnectionManager:0.25703968253968257
OwnerConnectionHolder:0.08666666666666667
