AEListPanel:0.52
AEMgtTest:0.4033333333333333
CreateOrEditAETPage:0.33666666666666667
DicomEchoPanel:0.21666666666666667
AEMgtPanel:0.17444444444444446
AETestPage:0.1411111111111111
CyphersuiteUtils:0.11666666666666667
MainPage:0.11
