PollerConfigManager:0.4266666666666667
DefaultPollerBackEnd:0.4166666666666667
HttpMonitor2:0.37666666666666665
PollableServiceConfig:0.32666666666666666
HttpMonitor2Test:0.03333333333333333
