Transaction:0.8333333333333334
TransactionUtil:0.35
TransactionManager:0.29
AddTransaction:0.26666666666666666
