Order:0.6383333333333333
Client:0.36
OrderTest:0.25
FilterChain:0.24397619047619046
OrderFilter:0.17666666666666667
