Atom:0.6
Bond:0.38666666666666666
MDLWriter:0.32666666666666666
AtomContainer:0.25666666666666665
ChemObject:0.17722222222222223
