Column:0.61
Trigger:0.5433333333333333
ColumnDDLUtils:0.41
BusinessModel:0.35333333333333333
PropertyUtils:0.33
TriggerUtils:0.22
TableUtils:0.20666666666666667
