BackTrackLineSearch:0.5466666666666666
BaseOptimizer:0.27666666666666667
BackTrackLineSearchTest:0.2733333333333333
StepFunction:0.19166666666666668
GradientAscent:0.16333333333333333
DefaultStepFunction:0.09
NegativeDefaultStepFunction:0.04
GradientStepFunction:0.03666666666666667
NegativeGradientStepFunction:0.03666666666666667
