Checkbox:0.6166666666666667
CheckboxTest:0.4
CheckboxTag:0.32666666666666666
