FolderService:0.5666666666666667
WSClient:0.41333333333333333
JaxRpcFacade:0.27
Facade:0.235
FolderServiceEndpoint:0.2
FolderServiceImpl:0.11
