JdbcChadoAdapter:0.6
FlyDisplayPrefs:0.3233333333333333
FlybaseChadoInstance:0.31666666666666665
FeatureEditPanel:0.25666666666666665
