TriggerRouterService:0.4666666666666667
DataService:0.4633333333333333
ITriggerRouterService:0.37583333333333335
MultiTierUnitTest:0.20333333333333334
