BlastResource:0.4766666666666667
BlastResultsWizardPage:0.38666666666666666
BlastResourcePropertySource:0.22333333333333333
BlastResourceFactory:0.03333333333333333
