Assert:0.7833333333333333
AssertionTest:0.4166666666666667
VerifierRuleTest:0.41444444444444445
