MetadataContact:0.5033333333333333
KeywordsSearcher:0.3933333333333333
List:0.37
DuplicateElement:0.18333333333333332
UpdateElement:0.17666666666666667
