BaseMultiLayerNetwork:0.52
MultiLayerNetworkOptimizer:0.29333333333333333
DBN:0.25333333333333335
StackedDenoisingAutoEncoder:0.2127777777777778
AkkaSdaRunnerTest:0.17333333333333334
CounterUtil:0.06333333333333334
