AbstractScpService:0.4300555555555555
PPSScp:0.36133333333333334
FindScp:0.3466666666666667
MPPSScp:0.2733333333333333
