DataStore:0.6133333333333333
EpgDataRes:0.4
SystemDataRes:0.2966666666666667
