jOOQAbstractTest:0.41333333333333333
AbstractRecord:0.33
Executor:0.31333333333333335
BatchCRUD:0.30666666666666664
UpdatableRecordImpl:0.28
DAOImpl:0.21666666666666667
BatchTests:0.18
