Default:0.33666666666666667
PrefixingRandom:0.25166666666666665
FlatDynamicTypeBuilder:0.245
SuffixingRandom:0.24333333333333335
ForRedefinedConstructor:0.23666666666666666
ForRedefinedMethod:0.23666666666666666
TypeExtensionDelegate:0.235
ClassFileLocator:0.2061111111111111
DynamicTypeDefaultTest:0.18333333333333332
Compound:0.17666666666666667
AbstractBlackHoleTest:0.07666666666666666
