ComputeServiceBuilder:0.5266666666666666
IAMRoleCredentialSupplierBuilder:0.20238095238095238
JCloudsDiscoveryStrategy:0.20055555555555554
JCloudsDiscoveryStrategyTest:0.16
ComputeServiceBuilderInvalidConfigTest:0.14666666666666667
ComputeServiceBuilderTest:0.10333333333333333
