JSONLexer:0.47888888888888886
JSONSerializer:0.44666666666666666
DateSerializer:0.17333333333333334
ArrayDeserializer:0.16666666666666666
ObjectArraySerializer:0.16333333333333333
