FlowActionTests:0.5133333333333333
RefreshableFlowHolderTests:0.3433333333333333
XmlFlowRegistryFactoryBeanTests:0.32666666666666666
