Query:0.6733333333333333
BindingIterator:0.56
SSABindingVisitor:0.17200000000000001
