CasDelegatingLogger:0.5797777777777778
CasLoggerFactory:0.24
StatisticsController:0.21666666666666667
