UserContext:0.9166666666666666
MenuResult:0.27666666666666667
BundleInvoker:0.17833333333333334
GetFullSitemap:0.17111111111111113
