GraphElement:0.81
CopyBuffer:0.3566666666666667
CopyGraphCommand:0.23666666666666666
CopyAction:0.14444444444444446
