ChadoXmlWrite:0.7166666666666667
ChadoXmlAdapter:0.4266666666666667
