WordAlert:0.6316666666666667
NlpAnalysiTest:0.2633333333333333
TestError:0.13333333333333333
CRFSegDemo:0.12555555555555556
