RrPolygon:0.5066666666666667
RrPolygonList:0.48333333333333334
RrHalfPlane:0.45
BooleanGrid:0.44
iPoint:0.36833333333333335
RrCSG:0.33
RrGraphics:0.2833333333333333
LayerRules:0.24666666666666667
GCodeRepRap:0.24666666666666667
Producer:0.2
lineIntersection:0.19666666666666666
myMouse:0.19305555555555554
iPolygon:0.18
BooleanGridList:0.16666666666666666
LayerProducer:0.16
STLSlice:0.13666666666666666
iPolygonList:0.09777777777777777
