INodeService:0.34
SymmetricManagementService:0.3383333333333333
NodeService:0.18533333333333335
