CrawlOrder:0.48333333333333334
Canonicalizer:0.38
CanonicalizationRule:0.20666666666666667
FixupQueryStr:0.16666666666666666
StripSessionIDs:0.16666666666666666
RegexRule:0.16
StripUserinfoRule:0.11333333333333333
StripWWWRule:0.11333333333333333
LowercaseRule:0.11333333333333333
CanonicalizerTest:0.1
StripSessionIDsTest:0.09333333333333334
StripWWWRuleTest:0.09333333333333334
FixupQueryStrTest:0.09333333333333334
StripUserinfoRuleTest:0.09
RegexRuleTest:0.09
LowercaseRuleTest:0.08333333333333333
BaseRule:0.043333333333333335
