SpotLight:0.38666666666666666
PointLight:0.21
DirectionalLight:0.19666666666666666
Builder:0.0
