SingletonBinding:0.5783333333333334
ProvidesProcessor:0.4766666666666667
ProblemDetector:0.28833333333333333
