FileSyncServiceSqlMap:0.49666666666666665
IFileSyncService:0.48333333333333334
FileSyncService:0.44666666666666666
