ApprovalSessionBean:0.5233333333333333
SelfApprovalException:0.35
ApprovalSessionTest:0.31
ApproveActionManagedBean:0.2833333333333333
