Serializer:0.49333333333333335
Deserializer:0.41
JPPFObjectOutputStream:0.27
JPPFObjectInputStream:0.27
JPPFObjectStreamFactory:0.14666666666666667
