AtomType:0.7666666666666667
AtomTypeFactoryTest:0.32
AtomTypeTest:0.26
AtomTypeHandler:0.25666666666666665
ValencyHybridChecker:0.19
