ParallelWrapper:0.4633333333333333
AsyncMultiDataSetIterator:0.32666666666666666
JointParallelDataSetIterator:0.2833333333333333
Builder:0.21333333333333335
AsyncPrefetchThread:0.16444444444444445
