Vacuumd:0.48
VacuumdConfigFactory:0.4533333333333333
EventdTest:0.19944444444444445
VacuumdTest:0.09333333333333334
