LdapUserDetailsImpl:0.59
Essence:0.5733333333333334
LdapUserDetailsMapper:0.32666666666666666
LdapUserDetailsMapperTests:0.2866666666666667
