WxXmlMessage:0.5333333333333333
WxConfigStorage:0.49599999999999983
WxServiceImpl:0.46
WxInMemoryConfigStorage:0.28
WxBaseAPITest:0.15666666666666668
WxMessageRouterTest:0.15333333333333332
WxXmlOutMessage:0.13666666666666666
ApiTestModule:0.06333333333333334
