AbstractPrincipalAttributesRepository:0.5733333333333334
TestUtils:0.3841111111111111
JsonServiceRegistryDaoTests:0.3466666666666667
CachingPrincipalAttributesRepositoryTests:0.13
AbstractCachingPrincipalAttributesRepositoryTests:0.08333333333333333
