DataService:0.32666666666666666
AbstractSymmetricDialect:0.30333333333333334
OracleSymmetricDialect:0.27666666666666667
RemoteNodeStatuses:0.2633333333333333
DataExtractorService:0.25
InterbaseSymmetricDialect:0.24666666666666667
OutgoingBatchService:0.24333333333333335
NodeCommunicationService:0.23666666666666666
AndroidNodeCommunicationService:0.14
DataExtractorSqlMap:0.11
OutgoingBatchServiceSqlMap:0.11
