AuthDynamicFeature:0.29
OAuthProviderTest:0.28
BasicAuthTestResourceConfig:0.24666666666666667
BasicAuthProviderTest:0.22
OAuthCustomProviderTest:0.21333333333333335
BasicCustomAuthProviderTest:0.17666666666666667
ChainedAuthProviderTest:0.15666666666666668
ChainedAuthTestResourceConfig:0.15
AuthResource:0.07666666666666666
