AbstractDependencyManagerTests:0.6066666666666667
ExtenderVersionTest:0.42333333333333334
ExtenderTest:0.30833333333333335
