WebFlowNavigationStrategy:0.7777777777777778
WebApplicationContextVariableResolver:0.38666666666666666
