HTMLElement:0.6558333333333334
HTMLTableColElement:0.3233333333333333
HTMLIFrameElementTest:0.22
HTMLIFrameElement:0.21666666666666667
HTMLTableColElementTest:0.21
