AppManager:0.45666666666666667
App:0.41333333333333333
CacheStore:0.3333333333333333
CachingTest:0.17
