JUnit5:0.5966666666666667
ClassFilterBuilder:0.5186666666666666
JUnit4TestEngineDiscoveryTests:0.35
