NetTest:0.48
NetClientOptions:0.47333333333333333
SSLHelper:0.4033333333333333
NetExamples:0.25
HttpTLSTest:0.23
NetClientOptionsConverter:0.20238095238095238
TLSTest:0.1457142857142857
