INodeService:0.4983888888888888
INodePasswordFilter:0.49028571428571427
NodeService:0.43666666666666665
RegistrationService:0.37
MockNodeService:0.19416666666666665
MockNodePasswordFilter:0.17694444444444443
ExtensionProcessor:0.16666666666666666
MockRegistrationService:0.15833333333333333
IRegistrationService:0.15833333333333333
NodeServiceTest:0.10666666666666667
