CompilerLocation:0.45666666666666667
QuorumCompiler:0.45055555555555554
CompilerParameter:0.19
