Tokeniser:0.6166666666666667
HtmlTreeBuilder:0.5066666666666667
XmlTreeBuilder:0.23666666666666666
HtmlParserTest:0.21333333333333335
