DataEnvironment:0.5216666666666666
HopDataManager:0.4866666666666667
Result:0.17666666666666667
