RecordStore:0.8333333333333334
EntryOperation:0.4033333333333333
DefaultRecordStore:0.33
AbstractMultipleEntryOperation:0.31
AbstractRecordStore:0.20083333333333334
