Json:0.5333333333333333
JsonWriter:0.24688888888888888
LongArray:0.22333333333333333
FloatArray:0.22333333333333333
IntArray:0.22333333333333333
LwjglGraphics:0.21
FileHandle:0.2
Serializer:0.19
LwjglCanvas:0.18222222222222223
LwjglApplication:0.17777777777777776
TableLayout:0.15666666666666668
GdxTests:0.05333333333333334
LwjglTestStarter:0.016666666666666666
