JooqUtil:0.7466666666666667
AbstractSubSelect:0.4066666666666667
Join:0.33
AliasProviderImpl:0.25
NamedQueryPartList:0.24377777777777776
