MethodConstant:0.47
MethodConstantTest:0.31
CachedConstructor:0.23
CachedMethod:0.23
OriginBinderTest:0.21666666666666667
MethodDelegationOriginTest:0.04
OriginConstructorWithCache:0.013055555555555556
OriginConstructor:0.013055555555555556
