HazelcastClient:0.5433333333333333
ClientClusterService:0.53
ClientPartitionService:0.33666666666666667
ClientExecutionService:0.3233333333333333
ClusterProxy:0.08666666666666667
HazelcastClientLoader:0.03666666666666667
