Layer:0.7233333333333334
ComputationGraph:0.37333333333333335
MultiLayerNetwork:0.37
SimpleOptimizableModel:0.32
BaseLayer:0.22333333333333333
ComputationGraphTestRNN:0.06666666666666667
