JSONScanner:0.5333333333333333
JSONLexerBase:0.4822222222222223
DefaultJSONParser:0.48
HSFJSONUtilsTest_1:0.19333333333333333
HSFJSONUtils:0.07333333333333333
