Vector:0.6719999999999999
Vector3:0.5066666666666667
Vector2:0.35
