TextureRenderer:0.5033333333333333
EmbeddedWindowManager:0.39
OGLConfiguration:0.22666666666666666
OGLPlugin:0.22
TransparentGLJPanel:0.19333333333333333
