CoreGL14:0.5575
CoreGL11:0.44
CoreGL13:0.08333333333333333
CoreGL12:0.08333333333333333
CoreGL11Constants:0.0
CoreGL13Constants:0.0
CoreGL12Constants:0.0
