MongoClientURI:0.6397222222222222
Mutable:0.5638055555555556
ReplicaSetMonitor:0.5022222222222222
