Spark:0.6466666666666666
UrlResponse:0.5040555555555557
SparkTestUtil:0.4633333333333333
GenericIntegrationTest:0.27666666666666667
GenericSecureIntegrationTest:0.25
ServletTest:0.21666666666666667
