BiojavaResource:0.7933333333333333
SequenceView:0.5666666666666667
