Translog:0.5066666666666667
TranslogWriter:0.3933333333333333
TranslogTests:0.19333333333333333
BufferedChannelOutputStream:0.09333333333333334
