ReaderFactory:0.37333333333333335
MOPAC97Reader:0.19666666666666666
MDLRXNV3000Reader:0.19
MDLV3000Reader:0.18333333333333332
MDLReader:0.16666666666666666
MACiEReader:0.16666666666666666
GamessReader:0.15
Gaussian98Reader:0.14333333333333334
Gaussian03Reader:0.14333333333333334
SMILESReader:0.14333333333333334
XYZReader:0.14333333333333334
CIFReader:0.14333333333333334
PDBReader:0.12
PMPReader:0.12
MDLRXNReader:0.11333333333333333
Gaussian95Reader:0.08666666666666667
Gaussian90Reader:0.08666666666666667
JaguarReader:0.08666666666666667
ABINITReader:0.08666666666666667
Gaussian94Reader:0.08666666666666667
Aces2Reader:0.08666666666666667
CACheReader:0.08666666666666667
ADFReader:0.08666666666666667
DaltonReader:0.08666666666666667
MOPAC7Reader:0.08666666666666667
Gaussian92Reader:0.08666666666666667
VASPReader:0.08
ZMatrixReader:0.08
Mol2Reader:0.08
HINReader:0.08
CrystClustReader:0.08
ShelXReader:0.08
CMLReader:0.08
GhemicalMMReader:0.08
IChIReader:0.08
