OcspResponseGeneratorSessionBean:0.6366666666666667
PatternLogger:0.4066666666666667
OCSPServlet:0.15646031746031747
