AtomContainer:0.5633333333333334
StructureDiagramGenerator:0.4066666666666667
AtomPlacer:0.39
RingSet:0.3466666666666667
GeometryTools:0.31666666666666665
Renderer2D:0.2733333333333333
ChemFileCDO:0.2708333333333333
CMLReader:0.21333333333333335
SSSRFinder:0.21
RingPlacer:0.16333333333333333
MoleculeListViewer:0.15833333333333333
CMLReaderTest:0.11333333333333333
StructureDiagramGeneratorTest:0.07666666666666666
MoleculeFactory:0.07333333333333333
