LocalDateConverter:0.4866666666666667
LocalTimeConverter:0.4866666666666667
LocalDateTimeConverter:0.4866666666666667
