JSON:0.44
JSONSerializer:0.37333333333333335
TypeUtils:0.28
FieldInfo:0.25666666666666665
ASMSerializerFactory:0.25
JavaBeanSerializer:0.21333333333333335
FilterUtils:0.19666666666666666
FieldSerializer:0.16333333333333333
JSONTuple:0.11333333333333333
