AndroidApplication:0.4633333333333333
AndroidLiveWallpaper:0.4066666666666667
AndroidDaydream:0.38666666666666666
