BasicInvocation:0.5866666666666667
BasicOperationService:0.41333333333333333
BasicInvocationFuture:0.23
ResponseProcessor:0.19333333333333333
BasicOperationServiceTest:0.15
