SamplerAggregator:0.6166666666666667
DiversifiedFactory:0.31
Factory:0.24333333333333335
SearchModule:0.22
SamplerParser:0.21666666666666667
SamplerAggregationBuilder:0.18555555555555558
SamplerIT:0.16
