Util:0.5366666666666666
CurrentVersionPane:0.4266666666666667
DatastreamBindingPane:0.41
ObjectEditorFrame:0.37333333333333335
