Builder:0.51
AbstractQueryBuilder:0.44666666666666666
Parser:0.34
BaseQueryTestCase:0.2633333333333333
GeohashCellQuery:0.0
GeohashGenerator:0.0
