PercolateContext:0.5966666666666667
PercolatorService:0.30666666666666664
PercolateShardRequest:0.3
PercolatorTests:0.26666666666666666
