TableStructure:0.9066666666666666
SequenceStyleGenerator:0.5166666666666667
