DiscoverySelectorResolverTests:0.61
MutableTestExecutionSummary:0.2633333333333333
IsNestedTestClassTests:0.20333333333333334
IsInnerClassTests:0.20333333333333334
InnerClassesTestCase:0.03444444444444444
NestedClassesTestCase:0.03444444444444444
