BlueprintConfigUtils:0.48333333333333334
AbstractOsgiBundleApplicationContext:0.38333333333333336
SimplePropertyInjectionMetadata:0.17666666666666667
BlueprintConfigurationScanner:0.16
ConfigurableOsgiBundleApplicationContext:0.09166666666666666
BlueprintConfigUtilsTest:0.02666666666666667
LocalComponentMetadataTest:0.01
