RWorkspace:0.41333333333333333
Log:0.3102222222222222
Sh:0.27
Lexicon:0.246
SpecificitesResult:0.24
MatrixImpl:0.21666666666666667
Diagnostic:0.21
Toolbox:0.20833333333333334
Metadatas:0.2
Partition:0.18166666666666667
Contrast:0.17666666666666667
ParaBrowser:0.15333333333333332
