ApplicationContext2ModuleContextAdapter:0.45666666666666667
BlueprintModuleListener:0.3933333333333333
ComponentsBeanDefinitionParser:0.15333333333333332
ExtenderBootstrapTest:0.12333333333333334
ModuleContextServicePublisher:0.08
ModuleContextBehaviourBeanFactoryPostProcessor:0.05
ModuleContextAwareProcessor:0.043333333333333335
ModuleContextListenerManager:0.03666666666666667
