Ini:0.49
Env:0.37666666666666665
CConnection:0.31666666666666665
CConnectionDialog:0.3011111111111111
PrintWorker:0.25333333333333335
MMovement:0.21583333333333332
RowBase:0.2
