EngineExecutionListener:0.47253968253968254
StandardTestClassTests:0.2733333333333333
ExceptionHandlingTests:0.24
TestCaseWithNesting:0.23
ParameterResolverTests:0.23
DisabledTests:0.21666666666666667
MyStandardTestCase:0.15333333333333332
TestCaseWithDoubleNesting:0.14833333333333334
TestCaseWithFailingBefore:0.14833333333333334
TestCaseWithFailingAfter:0.14
InstancePostProcessorTests:0.12
ClassLevelCallbackTests:0.12
MethodLevelCallbackTests:0.11666666666666667
FirstOfTwoTestCases:0.09944444444444445
SecondOfTwoTestCases:0.09944444444444445
AbstractJUnit5TestEngineTests:0.09333333333333334
NestedTestClassesTests:0.05
