Process:0.6533333333333333
ExecutionContext:0.4266666666666667
SubProcessState:0.41333333333333333
BpmnXmlReader:0.2
MultiProcessState:0.14333333333333334
