OutgoingBatch:0.7566666666666667
DataService:0.3433333333333333
IOutgoingBatchService:0.23
DataExtractorService:0.22666666666666666
OutgoingBatchService:0.19666666666666666
IDataService:0.19559523809523813
SymmetricAdmin:0.17666666666666667
DataServiceSqlMap:0.1675
AcknowledgeService:0.13
BatchUriHandler:0.12666666666666668
OutgoingBatchServiceSqlMap:0.11333333333333333
NodeManagementService:0.09666666666666666
IDataExtractorService:0.058333333333333334
