LdapModuleImpl:0.5066666666666667
EditLdapConfigDlg:0.44333333333333336
LdapSyncResultsDlg:0.36333333333333334
GwtLdapHelper:0.19444444444444445
