AsyncHttpClientConfig:0.7533333333333333
Builder:0.38
DefaultAsyncHttpClientConfig:0.35
ChannelManager:0.25
AsyncHttpClientConfigDefaults:0.23
BodyChunkedInput:0.18333333333333332
