HttpUrl:0.5233333333333333
UrlComponentEncodingTester:0.3566666666666667
HttpUrlTest:0.33666666666666667
WebPlatformUrlTest:0.15861111111111112
