StatusEvent:0.52
StatusListener:0.3272804232804233
Controller:0.32666666666666666
AlignFrame:0.30333333333333334
Popup:0.26
PCAThread:0.14666666666666667
TreeAction:0.13333333333333333
ErrorPopup:0.10333333333333333
PairAlignAction:0.09666666666666666
SortAction:0.09666666666666666
StatusBar:0.08666666666666667
PCAAction:0.08666666666666667
RedundancyAction:0.07333333333333333
PairAlignThread:0.04
