Input:0.6866666666666666
LwjglInput:0.3
AndroidInput:0.3
IOSInput:0.23
LwjglAWTInput:0.23
RemoteInput:0.23
InputWrapper:0.23
GwtInput:0.18333333333333332
MockInput:0.18
JglfwInput:0.17333333333333334
TextInputDialogTest:0.09333333333333334
