EntryProcessorTest:0.4766666666666667
EntryBackupOperation:0.37333333333333335
SimpleValue:0.2966666666666667
MultipleEntryBackupOperation:0.2848888888888889
EntryCreate:0.14333333333333334
