CheckDate:0.8066666666666666
FetchNoDup:0.30333333333333334
