AbstractContactsTests:0.8133333333333334
ContainerAdapterContactsTests:0.09799999999999999
FilterContactsTests:0.09799999999999999
