JPAOverridenAnnotationReader:0.5766666666666667
AnnotationConfiguration:0.43
Default:0.31
XMLContext:0.30333333333333334
JPAMetadataProvider:0.15155555555555555
