Groovy:0.7136111111111111
U2FMultifactorProperties:0.6283333333333333
ScriptingUtils:0.3466666666666667
