WalletTest:0.5991666666666666
ECKeyTest:0.43333333333333335
KeyCrypterScryptTest:0.37333333333333335
