Field:0.5316666666666666
Constructor:0.42
Method:0.27666666666666667
