CreateCollectionOperation:0.51
DB:0.43
MongoDatabaseImpl:0.29333333333333333
CreateCollectionOptions:0.17666666666666667
