IndexBufferObjectSubData:0.2833333333333333
IndexBufferObject:0.2833333333333333
IndexArray:0.26666666666666666
IndexData:0.20333333333333334
