WYSIWYGHTMLEditor:0.7566666666666667
VariableFormatRegistry:0.15333333333333332
CKEditorDialogCreatorHelper:0.13444444444444442
FtlTagSupportServlet:0.13
