ARB_transform_feedback3:0.6766666666666666
ARB_vertex_type_2_10_10_10_rev:0.5816666666666667
ARB_gpu_shader_fp64:0.5816666666666667
ARB_sampler_objects:0.5616666666666666
ARB_shading_language_include:0.5533333333333333
ARB_shader_subroutine:0.5533333333333333
ARB_transform_feedback2:0.5533333333333333
GL40:0.4723412698412699
Utils:0.45666666666666667
JavaMethodsGenerator:0.31
TypeInfo:0.2700000000000001
GLContext:0.25666666666666665
GLTypeMap:0.24666666666666667
GL33:0.2346666666666667
StateTracker:0.20638888888888887
BufferChecks:0.19666666666666666
GLChecks:0.19
GeneratorVisitor:0.17
ARB_timer_query:0.16333333333333333
BaseReferences:0.06
ARB_draw_indirect:0.006666666666666667
ARB_blend_func_extended:0.006666666666666667
ARB_tessellation_shader:0.006666666666666667
ARB_texture_swizzle:0.0
ARB_gpu_shader5:0.0
ARB_explicit_attrib_location:0.0
ARB_texture_rgb10_a2ui:0.0
ARB_shader_bit_encoding:0.0
ARB_texture_compression_bptc:0.0
ARB_occlusion_query2:0.0
ARB_texture_buffer_object_rgb32:0.0
