ClusterServiceImpl:0.52
MembershipEvent:0.31666666666666665
ClientClusterServiceImpl:0.23
ClusterListenerThread:0.2111111111111111
ClientMembershipEvent:0.14
MembershipServiceEvent:0.09333333333333334
