Convertor:0.7433333333333333
CommandDecoder:0.6933333333333334
