VanillaContext:0.79
VanillaChronicleMap:0.37333333333333335
ByteableMarshaller:0.27777777777777773
DataValueBytesMarshallers:0.23
