JdbcChadoAdapter:0.6166666666666667
ChadoAdapter:0.51
PostgresChadoAdapter:0.17666666666666667
SybaseChadoAdapter:0.14666666666666667
