imp:0.7166666666666667
Module:0.39666666666666667
ClassFile:0.2633333333333333
AnnotationReader:0.08333333333333333
