Native:0.8233333333333334
Handler:0.36333333333333334
NativeTest:0.35333333333333333
