X509CA:0.7333333333333333
X509CATest:0.33
CertToolsTest:0.30333333333333334
