OgnlExpressionParserTests:0.4266666666666667
ExpressionParser:0.24397619047619046
AbstractExpressionParser:0.21666666666666667
ELExpressionParser:0.16666666666666666
ELExpressionParserTests:0.13333333333333333
