ProtocolScepHttpTest:0.6566666666666666
RolloverWorker:0.37333333333333335
ScepServlet:0.31222222222222223
