WebSocketResponseFilter:0.4
GrizzlyWebSocket:0.36333333333333334
Jetty8WebSocket:0.3433333333333333
TomcatWebSocket:0.3433333333333333
JettyWebSocket:0.2733333333333333
GrizzlyApplication:0.14666666666666667
NoOpsWebSocketResponseFilter:0.14
JettyWebSocketDraft08Handler:0.13666666666666666
WebSocketAdapter:0.10333333333333333
ApplicationConfig:0.0
