UniqueId:0.74
DiscoverySelectorResolver:0.35333333333333333
TestMethodResolver:0.25666666666666665
TestContainerResolver:0.24333333333333335
ElementResolver:0.11055555555555555
