Convention:0.5533333333333333
CMLResolver:0.49666666666666665
CMLReader:0.25333333333333335
