CommunicationsStub:0.5766666666666667
AuthenticationPanel:0.41
LocalEdge:0.3233333333333333
LocalObjectView:0.25333333333333335
Installer:0.22666666666666666
