HTMLElement:0.66
HTMLElementTest:0.5933333333333334
HTMLTableCellElement:0.29
HTMLBodyElement:0.2
HTMLTableSectionElement:0.18
HTMLTableRowElement:0.18
HTMLTableColElement:0.16333333333333333
HTMLFrameSetElement:0.16333333333333333
HTMLTableCaptionElement:0.16333333333333333
HTMLHtmlElement:0.16333333333333333
HTMLHeadElement:0.013333333333333334
