ExtractorSetQsarsRSI:0.31333333333333335
ExtractorProbability:0.20333333333333334
AdministratorFilesWriter:0.2
ExtractorSetQsarsRSH:0.17333333333333334
IPReactionsExtraction:0.15666666666666668
ExtractorSetQsarsHR:0.15666666666666668
AdministratorFilesReader:0.14
ExtractorAbundance:0.10333333333333333
ExtractorSetReactions:0.07666666666666666
