JPPFDriver:0.7233333333333334
JPPFNode:0.43
PeerNode:0.19333333333333333
WaitInitialBundleState:0.12
