TableMetadata:0.6466666666666666
ColumnMetadata:0.5333333333333333
TestDatabaseMetadata:0.2733333333333333
