Ehcache3:0.43666666666666665
Ehcache3Policy:0.37333333333333335
AsyncBulkCompleter:0.33666666666666667
CaffeinePolicy:0.31333333333333335
