MasterPingResponseResponse:0.49
Listener:0.4619047619047619
MasterFaultDetection:0.45
MasterPinger:0.25733333333333336
ZenFaultDetectionTests:0.21333333333333335
MasterNodeFailureListener:0.1965952380952381
MasterPingRequestHandler:0.14666666666666667
