OpenALAudio:0.49333333333333335
OpenALAudioDevice:0.33
LwjglApplication:0.3
JoglApplication:0.24833333333333332
