DbQuery:0.6266666666666667
DbManager:0.62
DbHsqldbTestCase:0.24
DbMiscTest:0.15
JoddDbTest:0.08666666666666667
