QedeqGuiConfig:0.7466666666666667
PreferencesDialog:0.36
QedeqMainFrame:0.173
PluginAction:0.16077777777777777
