Upsampling2D:0.77
ConvolutionLayerSetupTest:0.24333333333333335
MultiLayerNeuralNetConfigurationTest:0.17666666666666667
CNNGradientCheckTest:0.13
