NavpointEditLayer:0.5666666666666667
ExplorationSitesPanel:0.43333333333333335
ProspectingSitePanel:0.30333333333333334
NavpointMouseListener:0.2733333333333333
NavpointMouseMotionListener:0.18
