Generator:0.49
Info:0.43
Parser:0.30666666666666664
PointerTest:0.24666666666666667
