Record:0.7333333333333333
Result:0.61
Store:0.5033333333333333
StringUtils:0.33
AbstractRecord:0.30333333333333334
ResultImpl:0.2866666666666667
ResultQuery:0.2833333333333333
DefaultGeneratorStrategy:0.27
AbstractStore:0.21666666666666667
JooqUtil:0.19
AbstractResultQuery:0.18
AbstractDelegatingSelect:0.18
jOOQAbstractTest:0.18
