ForceFieldConfigurator:0.551111111111111
AtomPlacer3D:0.5177777777777778
