NamedResources:0.7533333333333333
SoftNamedResources:0.5566666666666666
