OutageSvcTimesList:0.41
AvailCalculations:0.4066666666666667
AvailabilityData:0.35
CategoryFactory:0.33666666666666667
AvailabilityReport:0.31
ReportMailer:0.2733333333333333
PDFWriter:0.27
DataManager:0.2596666666666667
CategoryModel:0.18253968253968256
RawAvailabilityServlet:0.09
AvailabilityServlet:0.07633333333333332
