DocumentEditor:0.7166666666666667
CorefListModel:0.22666666666666666
