CaptureActivity:0.41
CameraManager:0.37333333333333335
Scan:0.3365714285714286
ZXingTestActivity:0.27
DecodeFormatManager:0.19333333333333333
