WebKeys:0.66
BinderModule:0.47583333333333333
BinderModuleImpl:0.29333333333333333
EmailConfigController:0.2633333333333333
PostingDef:0.22222222222222224
ConfigurePostingJobController:0.2
