TriggerHistory:0.4875
ISymmetricEngine:0.37
AuditTableDataRouter:0.3466666666666667
PostgreSqlDmlStatement:0.27666666666666667
DmlStatement:0.2733333333333333
RouterService:0.22666666666666666
