NameTable:0.5266666666666666
StatementGeneratorTest:0.38
InnerClassExtractorTest:0.24
NameTableTest:0.22
AnonymousClassConverterTest:0.22
RewriterTest:0.20333333333333334
