SWDownloadFile:0.5733333333333334
DownloadScopeList:0.44333333333333336
RatedDownloadScopeList:0.36666666666666664
AvailabilityScopeSelectionStrategy:0.13333333333333333
SWDownloadConstants:0.011111111111111112
