TestRESTAPI:0.6533333333333333
TestAPIM:0.6066666666666667
