TableSorter:0.6933333333333334
AnnotationEditor:0.49333333333333335
TableMap:0.16
