ProcedureCall:0.8266666666666667
StoredProcedureQueryImpl:0.45666666666666667
ProcedureCallImpl:0.37
StoredProcedureTest:0.24666666666666667
StoredProcedureResultSetMappingTest:0.14333333333333334
