BeanShellFacade:0.21338576
ActionSet:0.15419133
JEditActionSet:0.12723584
StandaloneTextArea:0.11034645
TextAreaInputHandler:0.07184408
NameSpace:0.0616512
TextArea:0.037120238
jEdit:0.035471626
BshMethod:0.02991352
JEditAbstractEditAction:0.02196321
Log:0.015841734
UtilEvalError:0.008405903
