URLConnectionTest:0.6366666666666667
ResponseHeaders:0.4766666666666667
HttpEngine:0.30333333333333334
