JadxSettings:0.5366666666666666
TextSearchIndex:0.4033333333333333
IndexJob:0.31666666666666665
MainWindow:0.2833333333333333
JadxSettingsWindow:0.23
BackgroundWorker:0.22111111111111115
