LotteryServiceImpl:0.6886111111111112
App:0.33055555555555555
