StateManager:0.74
DefaultKernelQedeqBo:0.6791666666666667
ServiceProcessManager:0.4166666666666667
