MvpLceViewStateActivity:0.475
MvpViewStateActivity:0.31666666666666665
SimpleCountriesPresenter:0.23666666666666666
MainActivity:0.20666666666666667
