Button:0.81
Shell:0.6033333333333334
Tester:0.43666666666666665
RosterViewImp:0.43666666666666665
RosterView:0.38333333333333336
SarosSWTBotPreferences:0.32022222222222224
SarosM:0.31
SarosMessages:0.3
ConfigTester:0.25666666666666665
TestBasicSarosElements:0.24333333333333335
STFTest:0.24
SarosComponentImp:0.23644444444444446
SarosMImp:0.23333333333333334
WorkbenchImp:0.23333333333333334
ShellImp:0.21666666666666667
TestRosterViewComponent:0.21666666666666667
TestBasicComponentByAlice:0.21666666666666667
TestMainMenuComponent:0.21
STF:0.2063968253968254
TeamCImp:0.205
FileMImp:0.205
SessionViewImp:0.205
ButtonImp:0.20333333333333334
EditorImp:0.20166666666666666
EditMImp:0.20166666666666666
SarosCImp:0.19333333333333333
TestSVNStateUpdates:0.17333333333333334
TestSessionViewComponent:0.17333333333333334
RefactorMImp:0.16166666666666665
TestSarosPreferences:0.15666666666666668
EclipseComponentImp:0.15666666666666668
RmiTest:0.14666666666666667
TestChangingNameInRosterView:0.14666666666666667
TestHandleContacts:0.13166666666666665
TestParallelInvitationWithTerminationByInvitees:0.12333333333333334
TestParallelInvitationWithTerminationByHost:0.09666666666666666
SarosComponent:0.006666666666666667
