Tab:0.5933333333333334
MetaController:0.47
ModuleManager:0.4033333333333333
InvoiceListManyTypesTest:0.3466666666666667
