WebKeys:0.5910000000000001
ViewController:0.38666666666666666
PresenceInfo:0.32
