ActionW:0.45666666666666667
DefaultView2d:0.42888888888888893
View2d:0.31333333333333335
CropOperation:0.23333333333333334
PresentationStateReader:0.18333333333333332
