VFSBrowsingAdapter:0.7333333333333333
AbstractDescriptor:0.3566666666666667
