SerializationConfig:0.6933333333333334
XmlConfigBuilder:0.3333333333333333
SpringXmlConfigBuilder:0.26666666666666666
