EnvironmentChecker:0.9183333333333333
App:0.43666666666666665
