DefaultFilterInvocationDefinitionSource:0.58
SecurityNamespaceHandler:0.41333333333333333
RequestKey:0.4033333333333333
HttpSecurityBeanDefinitionParser:0.2866666666666667
FilterChainProxyTests:0.20666666666666667
DefaultFilterInvocationDefinitionSourceTests:0.16
FilterSecurityInterceptorTests:0.15
Elements:0.14
FilterInvocationDefinitionSourceBeanDefinitionParser:0.12666666666666668
FilterInvocationDefinitionSourceEditor:0.11333333333333333
