FileVFS:0.22808766
VFS:0.22072372
StandardUtilities:0.20970619
jEdit:0.18243453
JEditBuffer:0.14390983
PluginJAR:0.12455768
Buffer:0.12416228
VFSManager:0.11334351
IOUtilities:0.10840983
GUIUtilities:0.1068102
VFSFile:0.10451765
VFSBrowser:0.09485179
Macros:0.08926417
XMLUtilities:0.085271016
View:0.08106636
BufferIORequest:0.08031251
JARClassLoader:0.08026611
ManagePanel:0.07606795
VFSFileChooserDialog:0.075498976
HelpIndex:0.06894358
PluginList:0.06712409
Log:0.06702009
OperatingSystem:0.06458651
MirrorList:0.06397655
JEditHistoryModelSaver:0.06373538
SearchDialog:0.06353262
Abbrevs:0.06044794
VFSDirectoryEntryTableModel:0.057790164
Roster:0.056710966
InstallPanel:0.056541946
EncodingServer:0.052811585
AutoDetection:0.0524375
BufferHistory:0.05192447
BufferSaveRequest:0.05118933
HyperSearchFileNode:0.0497779
HyperSearchResult:0.048191633
BrowserView:0.045964208
SettingsXML:0.04365676
HelpTOCPanel:0.04345057
PerspectiveManager:0.042786837
DockableWindowFactory:0.04177663
UrlVFS:0.041517988
FileRootsVFS:0.03885037
VFSFileNameField:0.037238408
PluginResURLConnection:0.036918804
HelpViewer:0.03662865
BrowserCommandsMenu:0.03561938
VFSDirectoryEntryTable:0.035156537
SettingsReloader:0.034986224
RecentFilesProvider:0.03132029
BufferOptionPane:0.03032885
CompleteWord:0.028955938
EncodingsOptionPane:0.028201774
ReloadWithEncodingProvider:0.028167117
PluginManagerOptionPane:0.026069822
ModeCatalogHandler:0.021207511
ProgressObserver:0.020936541
FilePropertiesDialog:0.019314224
LatestVersionPlugin:0.018116912
ToolBarEditDialog:0.017543836
MenuItemTextComparator:0.017526073
ActionBar:0.017476974
RecentDirectoriesProvider:0.017337373
LogViewer:0.01590213
BufferPrinter1_4:0.013341226
TipOfTheDay:0.009795301
TextAreaDialog:0.0028699709
