TestHiveIntegrationSmokeTest:0.5966666666666667
AbstractTestHiveFileFormats:0.44333333333333336
HiveWriteUtils:0.4266666666666667
