MatrixRunner:0.7166666666666667
NonBlockingMatrixRunner:0.38666666666666666
TaskNotificationRunner:0.16
PrimeRunner:0.15666666666666668
NonBlockingPoolMatrixRunner:0.13666666666666666
