SubCrawler:0.8033333333333333
SubCrawlerUtil:0.4066666666666667
IcalCrawler:0.39666666666666667
AbstractSubCrawler:0.22
AbstractArchiverSubCrawler:0.17
TestSubcrawlerIntegration:0.06666666666666667
TestSubCrawlerUtilIntegration:0.03
