HandlerSettings:0.5333333333333333
NettyClientTransport:0.39416666666666667
InternalHandlerSettings:0.2833333333333333
NettyServerTransport:0.21333333333333335
