RuleFunction:0.5733333333333334
AttributeDecl:0.49333333333333335
StructDecl:0.2733333333333333
