BioObject:0.24333333333333335
IBioObject:0.21166666666666667
ISequence:0.18083333333333335
