CodeGenerator:0.4066666666666667
BaseTest:0.37666666666666665
Tool:0.328
OutputModelController:0.30666666666666664
StructDecl:0.25416666666666665
TestListeners:0.17
TestFullContextParsing:0.17
CodeGenPipeline:0.16444444444444445
AltLabelStructDecl:0.15333333333333335
