JSONLexerBase:0.6222222222222222
JSONLexerTest_7:0.24666666666666667
JSONLexerTest_set:0.23666666666666666
