RatedRequestsTests:0.5633333333333334
RatedDocumentTests:0.3970952380952381
PrecisionAtKTests:0.235
RankEvalSpecTests:0.15416666666666667
DiscountedCumulativeGainTests:0.14416666666666667
MeanReciprocalRankTests:0.14416666666666667
