HttpProtocol:0.6133333333333333
XmlUtils:0.5333333333333333
