UURIFactoryTest:0.6066666666666667
SeedListTest:0.5466666666666666
