Connection:0.44666666666666666
Subscription:0.37333333333333335
ConnectionTest:0.31333333333333335
