LocalCacheGenerator:0.6630555555555556
Specifications:0.5439722222222223
