MapConfig:0.63
MapService:0.3466666666666667
NearCache:0.27
XmlConfigBuilder:0.19
BaseTest:0.18
SimpleLocalMapTest:0.15555555555555556
EntryProcessorTest:0.14666666666666667
InterceptorTest:0.11
ConfigXmlGenerator:0.11
