Event:0.4455555555555556
ClickableElement:0.43666666666666665
ClickableElementTest:0.3566666666666667
