ClassDescriptor:0.6133333333333333
Fields:0.36333333333333334
PetiteBeans:0.2833333333333333
ScopeDataResolver:0.20333333333333334
DbEntityDescriptor:0.2
ValidationContext:0.17333333333333334
DbEntitySearcher:0.14666666666666667
AnnotatedFieldsInterceptor:0.11
IntrospectorGenericsTest:0.1
PropertyResolver:0.09666666666666666
SetResolver:0.09666666666666666
