GraphicConfiguration:0.7966666666666666
ServerConfiguration:0.52
AbstractServerEngine:0.32
BasicServerEngine:0.22333333333333333
UIDefinitionParser:0.20555555555555557
CSSPropertiesParser:0.19055555555555556
WindowsWindowManager:0.19
ServerConfigurationParser:0.15
