ManyToOneBuffer:0.27666666666666667
FastFlowBuffer:0.26666666666666666
RingBuffer:0.22333333333333333
Turn:0.16555555555555554
MpmcArrayBuffer:0.16
MpscCompoundBuffer:0.16
MpscArrayBuffer:0.16
TicketBuffer:0.14666666666666667
ReadBufferBenchmark:0.13
BufferTest:0.07333333333333333
ReadAndWriteCounterRef:0.016666666666666666
PadDrainStatus:0.0
ManyToOneHeader:0.0
PadTop:0.0
PadHead:0.0
PadHeadAndTail:0.0
PadReadCounter:0.0
PadWriteCounter:0.0
FastFlowHeader:0.0
