Weka:0.6433333333333333
KmeansCluster:0.24666666666666667
NaiveBayesModel:0.24666666666666667
DensityBasedClustererModel:0.24666666666666667
EMCluster:0.24666666666666667
SMOModel:0.21333333333333335
MultilayerPerceptronModel:0.21333333333333335
FilterSupervisedResample:0.19666666666666666
FilterUnSupervisedResample:0.19666666666666666
FilterUnSupervisedRandomize:0.19666666666666666
SMOregModel:0.17
J48WModel:0.11666666666666667
LinearRegressionWModel:0.11666666666666667
SimpleLinearRegressionModel:0.11
