StatefullAPI:0.7911111111111111
StatefullAPIImpl:0.7661666666666668
