ProxyTargetReplacement:0.62
InvokeReplacerMethodAdapter:0.5133333333333333
ProxettaMethodBuilder:0.30666666666666664
