BaseSetup:0.7755555555555557
TestOfflineNode:0.28
WaitInitialBundleState:0.24833333333333332
