RendererOffsetTest:0.3566666666666667
Renderer_3Test:0.2866666666666667
RendererSymbolsTest:0.21333333333333335
RendererTest:0.21333333333333335
RendererUITest:0.21333333333333335
RendererSymbols_2Test:0.21333333333333335
Renderer_2Test:0.19666666666666666
RendererOffset2Test:0.09
