AbstractStepDaoTests:0.29
JdbcStepDao:0.2733333333333333
InterruptibleContainer:0.25633333333333336
BatchResourceFactoryBean:0.22333333333333333
DefaultJobLauncher:0.20333333333333334
InterruptibleFacade:0.19
SimpleJobRepository:0.188
SimpleJobExecutorFacadeTests:0.18
TaskExecutorJobLauncherTests:0.14666666666666667
DefaultJobLauncherTests:0.03333333333333333
