gdxBulletJNI:0.5766666666666667
TestContactProcessedListener:0.31333333333333335
ContactProcessedListenerByValue:0.3016666666666667
