IncreasePopularityTask:0.5646666666666667
DataManager:0.4066666666666667
