MapperService:0.7133333333333334
FieldTypeLookup:0.31333333333333335
FieldTypeLookupTests:0.31
DocumentParser:0.22666666666666666
MapperServiceTests:0.09
