IImageKeys:0.5797777777777778
ChartEditorPart:0.42333333333333334
ChartEditorToolBar:0.35
CAFactorialMapChartEditor:0.25333333333333335
