Vertex:0.49
Edge:0.44
Graphs:0.37
Graph:0.36666666666666664
CostPathPair:0.33
CostVertexPair:0.2927777777777778
Dijkstra:0.13666666666666666
FloydWarshall:0.13333333333333333
TopologicalSort:0.12666666666666668
BellmanFord:0.10333333333333333
Johnson:0.03833333333333333
Prim:0.013333333333333334
