ActionRequest:0.5883333333333334
ActionWrapper:0.2594444444444445
ActionInterceptorStack:0.16
ActionFilterStack:0.16
BaseActionWrapperStack:0.11
BaseActionFilter:0.08
BaseActionInterceptor:0.08
