Saros:0.7366666666666667
XMPPConnectionListener:0.3
UndoTest:0.18666666666666668
IBBTransferListener:0.12
