ServerCallHandler:0.8833333333333333
ServerInterceptorsTest:0.22
ServerImplTest:0.20666666666666667
TestUtils:0.19333333333333333
AbstractBenchmark:0.18333333333333332
ServerCalls:0.16333333333333333
ServerInterceptor:0.14
ServerTransportListenerImpl:0.12333333333333334
InterceptCallHandler:0.04666666666666667
HeaderServerInterceptor:0.03
NoopInterceptor:0.023333333333333334
