BasicDigitalObject:0.5533333333333333
DigitalObject:0.52
FOXMLDODeserializer:0.35333333333333333
DefaultDOManager:0.34
METSFedoraExtDODeserializer:0.33666666666666667
SimpleDOWriter:0.33
SimpleDOReader:0.30333333333333334
METSFedoraExtDOSerializer:0.3
DefaultAccess:0.2781666666666667
FOXMLDOSerializer:0.2733333333333333
ResourceAttributeFinderModule:0.27
RepositoryReaderTest:0.26555555555555554
FieldSearchResultSQLImpl:0.24666666666666667
DefaultManagement:0.22333333333333333
ObjectInfoAsXML:0.20888888888888887
SQLRebuilder:0.17666666666666667
DefaultDisseminatorImpl:0.16194444444444442
DigitalObjectTest:0.15333333333333332
ModelBasedTripleGenerator:0.13666666666666666
RelationshipProcessor:0.12
METSFedoraExt1_0DODeserializer:0.07916666666666666
