ConfigUtils:0.54
Jsr250SecurityAnnotationAttributes:0.36666666666666664
Jsr250SecurityAnnotationAttributesTests:0.27666666666666667
Jsr250AnnotationDrivenBeanDefinitionParserTests:0.23
AnnotationDrivenBeanDefinitionParser:0.14333333333333334
UserAllowedClass:0.03
DenyAllClass:0.03
