Vocabulary:0.5633333333333334
Lexicon:0.5033333333333333
Match:0.4666666666666667
Perspective:0.16666666666666666
