ProxyHelper:0.42333333333333334
StaticNodeFactory:0.27666666666666667
SocketProtocolReader:0.22916666666666666
MyExecutionCallBack:0.21
TransactionClientProxy:0.18138888888888888
ClientCommandHandler:0.13
AtomicLongTest:0.11666666666666667
CountDownLatchTest:0.11666666666666667
ExecuteHandler:0.06
TryAcquireHandler:0.056666666666666664
AcquireHandler:0.03666666666666667
