PagesIndex:0.4633333333333333
LookupSourceFactory:0.42333333333333334
InMemoryJoinHash:0.35
TestJoinProbeCompiler:0.18333333333333332
