DefaultBroadcaster:0.49
ApplicationConfig:0.47904761904761906
WriteQueue:0.13
ExecutorsFactory:0.12666666666666668
