IndexShard:0.75
ShardGetService:0.38333333333333336
ShadowIndexShard:0.21
IndexShardModule:0.18666666666666668
