GreenLabPropertyFileReader:0.6466666666666666
GreenLabGUI:0.4266666666666667
GreenLabGrowthPanel:0.3027420634920635
GreenLabTopologyPanel:0.18
NewGreenLabModelObject:0.13666666666666666
Test:0.013333333333333334
