AccessTokenValidationInterceptor:0.6475
WSTesterServlet:0.22277777777777777
AddEntryServlet:0.22277777777777777
