Email:0.6166666666666667
EmailConfiguration:0.38333333333333336
InlineImage:0.2966666666666667
