IPharmacophoreProvider:0.9933333333333333
PharmacophoreDistanceConstraint:0.06916666666666667
