KeywordBean:0.5961111111111111
XmlSearch:0.3591666666666667
