PatientBean:0.6233333333333333
PatientUpdateBean:0.3466666666666667
StorageBean:0.30333333333333334
MWLManagerBean:0.3
StudyMgtBean:0.2733333333333333
GPWLManagerBean:0.2733333333333333
GPPPSManagerBean:0.25
MPPSManagerBean:0.24666666666666667
ContentManagerBean:0.24
