PrestoResultSet:0.6466666666666666
QueryResults:0.32911111111111113
TestDriver:0.25
HyperLogLogType:0.22666666666666666
VarbinaryType:0.22666666666666666
