HttpScanner:0.8166666666666667
HttpParser:0.41333333333333333
