Builder:0.5766666666666667
ClientVersion:0.5333333333333333
Error:0.38333333333333336
ClientConnection:0.35333333333333333
ChannelConnectionTest:0.27
PaymentChannelServer:0.24666666666666667
ClientVersionOrBuilder:0.22166666666666668
PaymentChannelClient:0.21333333333333335
NetworkAbstractionTests:0.15
RecordingClientConnection:0.11833333333333333
PaymentChannelClientConnection:0.09444444444444444
ChannelTestUtils:0.01
