CatalogRequest:0.5822222222222222
CswServer:0.4666666666666667
Harvester:0.2733333333333333
CswHarvester:0.24666666666666667
Aligner:0.205
