Defaults:0.5011111111111112
GeoShapeFieldType:0.32666666666666666
GeoPointFieldType:0.32
MappedFieldType:0.22666666666666666
Builder:0.21777777777777782
SimpleStringMappingTests:0.21666666666666667
DateFieldType:0.21666666666666667
FieldNamesFieldMapper:0.20333333333333334
ParentFieldMapper:0.19
GeoShapeFieldMapper:0.16333333333333333
GeoShapeFieldMapperTests:0.16
FieldNamesFieldType:0.09111111111111111
TypeParser:0.07666666666666666
BinaryFieldType:0.051111111111111114
