Manager:0.52
IO:0.44333333333333336
Connection:0.4033333333333333
