Builder:0.39666666666666667
BinaryCoOccurrenceReader:0.35
AbstractCoOccurrences:0.18805555555555556
ShadowCopyThread:0.18333333333333332
AsyncDeserializationThread:0.17
StreamReaderThread:0.145
BinaryCoOccurrenceReaderTest:0.11333333333333333
