MockSnmpAgent:0.515
Installer:0.37666666666666665
ConfigFileConstants:0.31166666666666665
MockSnmpAgentTest:0.23
DependencyCheckingContextListener:0.18
