HistoryGuru:0.4266666666666667
HistoryCache:0.42333333333333334
MercurialRepositoryTest:0.29194444444444445
FileHistoryCache:0.21333333333333335
RuntimeEnvironmentTest:0.13666666666666666
IndexerRepoTest:0.04
