TelegraphConfig:0.43666666666666665
TelegraphWindow:0.37
Telegraph:0.32
NotificationWindow:0.27
NotificationMenu:0.26
EventTableModel:0.25333333333333335
TableHeaderRenderer:0.24666666666666667
TableTab:0.15333333333333332
CancelTimer:0.05305555555555556
