WrapperService:0.6766666666666666
WrapperLogFormatter:0.37666666666666665
WrapperConfig:0.35233333333333333
