Repository:0.4275
RepositoryInfo:0.36666666666666664
BazaarRepository:0.33666666666666667
ClearCaseRepository:0.33
MercurialRepository:0.32
MonotoneRepository:0.31666666666666665
CVSRepository:0.30333333333333334
SubversionRepository:0.27666666666666667
BitKeeperRepository:0.24666666666666667
SCCSRepository:0.22666666666666666
GitRepository:0.20333333333333334
ProjectHelperTestBase:0.18
ProjectHelperTest:0.16666666666666666
