QueryUtils:0.6033333333333334
DbTableFixture:0.4266666666666667
ParserUtils:0.3911111111111111
StatementFixture:0.09333333333333334
