AbstractCasWebflowConfigurer:0.4
DefaultWebflowConfigurer:0.3233333333333333
PrivateKeyFactoryBean:0.26
CasWebflowConstants:0.2595
ConsentWebflowConfigurer:0.13333333333333333
AbstractCasMultifactorWebflowConfigurer:0.13333333333333333
