Row:0.48
ColumnLayout:0.4766666666666667
Column:0.38333333333333336
BasicEditor:0.32666666666666666
SexBean:0.14666666666666667
