MultiLayerNetwork:0.8366666666666667
ComputationGraph:0.44333333333333336
ParallelWrapper:0.2911111111111111
AsyncDataSetIteratorTest:0.24666666666666667
DefaultTrainer:0.18666666666666668
