TransformerToText:0.5566666666666666
GenericOperationsImpl:0.5133333333333333
