DefaultFiberScheduler:0.6243333333333333
Fiber:0.6133333333333333
FibersMonitor:0.4716666666666667
FiberScheduler:0.25666666666666665
FiberTimedScheduler:0.25
MonitoredForkJoinPool:0.18333333333333332
JMXFibersMonitor:0.17
FiberForkJoinTask:0.16944444444444445
NoopFibersMonitor:0.13142857142857142
MetricsFibersMonitor:0.11333333333333333
