Node:0.47
Viewer:0.43666666666666665
Token:0.4348333333333333
CollapserInterface:0.4151111111111111
Eval:0.3566666666666667
Collapser:0.31
GlobalSettings:0.2633333333333333
JnetViewer:0.16416666666666666
