SQLStatements:0.32840925
TransferDb:0.25519913
DataAccessPoint:0.16902259
TransferSQLText:0.168986
PostgresTransferHelper:0.1139008
Transfer:0.1076557
OracleTransferHelper:0.087738976
TransferHelper:0.08238624
TransferCommon:0.06910633
McKoiTransferHelper:0.063544795
HsqldbTransferHelper:0.022545077
TransferResultSet:0.011157248
Traceable:0.0026747002
