MppsSnd:0.6283333333333333
Entry:0.5553333333333333
UIDDictionaryImpl:0.28
