ProcessExecutionErrors:0.6733333333333333
ExecutionLogic:0.3333333333333333
WorkflowBot:0.3
