Window:0.6166666666666667
HTMLImageElement:0.2733333333333333
HTMLImageElementTest:0.17
HtmlImageTest:0.08333333333333333
