AbstractBinderProcessor:0.4683333333333333
NullAccessControlManager:0.31
FlushController:0.2
ViewFileController:0.18
ReportDownloadController:0.18
ZipDownloadController:0.16333333333333333
DispatchServer:0.159484126984127
