XLParser:0.6797222222222223
PatternBuilder:0.3938888888888889
