TermVectorsResponse:0.48333333333333334
TermVector:0.31666666666666665
TermVectorsRequest:0.3
TermVectorsWriter:0.26
TermVectorsRequestBuilder:0.23333333333333334
StreamOutput:0.17777777777777778
ShardTermVectorsService:0.17666666666666667
StreamInput:0.17111111111111113
TermVectorsFields:0.1580952380952381
GetTermVectorsTests:0.12333333333333334
FieldStrings:0.07
FilterSettings:0.056666666666666664
