StatelessChronicleMap:0.8166666666666667
TcpTransportAndNetworkConfig:0.4533333333333333
BGChronicleTest:0.37333333333333335
