OneOfEach:0.6
IgnoredTest:0.569555315055315
CategoryFilter:0.52
AllIncludedMustMatched:0.3
MultipleIncludesAndExcludeOnMethod:0.3
IncludedTest:0.27051984126984113
Inherited:0.27051984126984113
Categories:0.27
AllMembersSupplier:0.26666666666666666
Listener:0.25666666666666665
MethodSorterTest:0.25333333333333335
CategoryTest:0.23666666666666666
Result:0.22883333333333336
Parameterized:0.21861111111111114
ParameterSignature:0.19666666666666666
HasDataPointsMethodWithNullValue:0.1868214285714286
TestClassRunnerForParameters:0.14666666666666667
DummySortWithoutAnnotation:0.10087301587301588
EnclosedTest:0.06333333333333334
HasDataPointsFieldWithNullValue:0.045
Enclosed:0.03666666666666667
AllMembersSupplierTest:0.011111111111111112
NoIncludeCategoryAnnotationTest:0.006666666666666667
IncludedExcludedSameSuite:0.0033333333333333335
NoTest:0.0033333333333333335
EmptyCategoriesSuite:0.0033333333333333335
Super:0.0033333333333333335
MultiIncludeWithExcludeCategorySuite:0.0033333333333333335
InheritanceSuite:0.0033333333333333335
NoIncludeCategoryAnnotationSuite:0.0033333333333333335
Sub:0.0033333333333333335
AllIncludedMustBeMatchedSuite:0.0033333333333333335
SameAsNoIncludeCategoryAnnotationSuite:0.0033333333333333335
IgnoredTestCategoriesSuite:0.0033333333333333335
MultiA:0.0
MultiB:0.0
MultiC:0.0
ExcludedTest1:0.0
ExcludedTest2:0.0
ReallySlowTests:0.0
Ancestor:0.0
