IOUtil:0.4033333333333333
MapClientProxy:0.36666666666666664
MapService:0.32666666666666666
MapGetAllHandler:0.27
MapCommandHandlerWithTTL:0.24666666666666667
ClusterClientProxy:0.24333333333333335
SocketProtocolReader:0.20333333333333334
SerializationServiceImpl:0.2
ClientRequestHandler:0.18844444444444444
MapGetHandler:0.15666666666666668
ClientServiceTest:0.11333333333333333
HazelcastClientIdGeneratorTest:0.08333333333333333
