HazelcastClientInstanceImpl:0.5222222222222221
ProxyManager:0.49333333333333335
ClientProxy:0.38
