FileDialog:0.35333333333333333
TouchGraphXmlAdapter:0.2966666666666667
DataAdapterI:0.26666666666666666
NbrowseJdbcAdapter:0.2633333333333333
TabFileAdapter:0.24666666666666667
SIFFileAdapter:0.24666666666666667
ModMineAdapter:0.24166666666666667
RamAdapter:0.21
