AlfSession:0.7482777777777778
HandlerData:0.3988888888888889
