AuthorMapper:0.6866666666666666
SqlSessionTest:0.47333333333333333
MapperMethod:0.43333333333333335
