StringTermsTests:0.5869444444444445
PathTests:0.37666666666666665
OrderPath:0.35333333333333333
ParsingTests:0.24
