DoubleSumAggregationBenchmark:0.6343333333333334
CountAggregationBenchmark:0.6343333333333334
