WYSIWYGHTMLEditor:0.69
WebServerUtils:0.5822222222222223
GetHTMLCallbackFunction:0.22444444444444447
FtlTagSupportServlet:0.15666666666666668
CKEditorDialogCreatorHelper:0.1311111111111111
MarkEditorDirtyCallbackFunction:0.12
