SqlScript:0.5033333333333333
FlywaySqlScriptException:0.3333333333333333
FlywayException:0.22666666666666666
SqlMigrationExecutor:0.20333333333333334
