IRDFManager:0.8533333333333334
RDFManager:0.7336666666666667
