AsyncSuiteConfiguration:0.46
PutTest:0.3566666666666667
CertAuthTest:0.3488888888888889
