OCSPServlet:0.42
NotSupportedException:0.33
TestSignSession:0.3233333333333333
ProtocolHttpTest:0.2866666666666667
