ApplicationViewSelector:0.42
FlowExecutorArgumentExtractor:0.25333333333333335
ResponseInstruction:0.20666666666666667
FlowController:0.17666666666666667
TextToViewSelector:0.14333333333333334
RedirectType:0.14
RequestPathFlowExecutorArgumentExtractor:0.13666666666666666
ApplicationViewSelectorTests:0.12
