RubyModelUtil:0.5066666666666667
RubyPartitionScanner:0.33
MethodOverrideTester:0.31166666666666665
RubyTokenScanner:0.20666666666666667
TypeHierarchyContentProvider:0.20333333333333334
OverrideIndicatorLabelDecorator:0.20333333333333334
TraditionalHierarchyContentProvider:0.2
