ModelHelper:0.54
EditableGraph:0.39666666666666667
Branch:0.3233333333333333
Animation:0.2866666666666667
TreeLayoutAlgorithm:0.17333333333333334
ActionExecuteLayout:0.17
DnDMoveVertex:0.13
