BinarySearchTree:0.44333333333333336
Treap:0.35333333333333333
TreePrinter:0.28
TreapPrinter:0.16333333333333333
