Window:0.7916666666666666
Window2Test:0.31333333333333335
