TestDecayPolicies:0.5966666666666667
UpdaterBlock:0.37333333333333335
BaseMultiLayerUpdater:0.27
TestGradientNormalization:0.18333333333333332
