ColorConverter:0.6733333333333333
ScriptTestCase:0.44
ArgumentParser:0.36666666666666664
ResourceLoader:0.30333333333333334
ResourcesTest:0.29333333333333333
FullTestSuite:0.16166666666666665
