HiveSplitSource:0.45
InternalHiveSplit:0.36666666666666664
TestHiveSplitSource:0.31666666666666665
HivePartitionKey:0.30666666666666664
TestBackgroundSplitLoader:0.25666666666666665
