NetcdfProjection:0.39666666666666667
SimpleParameterGroup:0.36666666666666664
NetcdfIdentifiedObject:0.31333333333333335
NetcdfEllipsoid:0.30333333333333334
NetcdfCRS:0.25666666666666665
Temporal:0.2311111111111111
Vertical:0.22
Projected:0.20333333333333334
Geographic:0.164
