PageBuilder:0.5433333333333333
QueryManagerConfig:0.3433333333333333
TopNIterator:0.24333333333333335
FilterAndProjectIterator:0.19333333333333333
SqlTaskManager:0.18333333333333332
RecordProjectionOperator:0.12666666666666668
TestQueryManagerConfig:0.10666666666666667
