JadxDecompiler:0.49
BinaryXMLParser:0.27
InputFile:0.205
JadxCLIArgs:0.19
DefaultJadxArgs:0.15333333333333332
IJadxArgs:0.09916666666666667
