RequestWrapper:0.7083333333333334
ScriptApplier:0.2966666666666667
AbstractAsyncBulkIndexByScrollAction:0.27
DeleteRequestWrapper:0.21666666666666667
IndexRequestWrapper:0.21666666666666667
Status:0.19333333333333333
AbstractBaseReindexRestHandler:0.18
RestReindexAction:0.14
AbstractAsyncBulkIndexByScrollActionScriptTestCase:0.14
RestUpdateByQueryAction:0.13333333333333333
RestDeleteByQueryAction:0.13333333333333333
