ManagedChannelProvider:0.59
NameResolverProvider:0.54
ManagedChannelProviderTest:0.21333333333333335
NameResolverProviderTest:0.21333333333333335
DnsNameResolverProviderTest:0.06333333333333334
OkHttpChannelProviderTest:0.06333333333333334
NettyChannelProviderTest:0.05333333333333334
