Files:0.9444444444444445
TestXml:0.8166666666666667
