GwtUser:0.5566666666666666
GwtServerHelper:0.4766666666666667
GwtSearchCriteria:0.3566666666666667
ModifyStaticMembershipDlg:0.31333333333333335
GwtProfileHelper:0.23666666666666666
CreateGroupCmd:0.23333333333333334
SearchFilter:0.23333333333333334
ModifyGroupDlg:0.22666666666666666
GwtRpcServiceImpl:0.22666666666666666
GwtNetFolderHelper:0.21
FindCtrl:0.19777777777777777
GwtPrincipal:0.17
GwtSearchHelper:0.14
StaticMembershipInfo:0.02666666666666667
