AnalyzedRelation:0.4033333333333333
TableRelation:0.4
ExpressionAnalyzer:0.28
Planner:0.2733333333333333
InnerExpressionAnalyzer:0.255
UpdateAnalyzerTest:0.25333333333333335
SelectAnalyzedStatement:0.24333333333333335
TableAliasIntegrationTest:0.23
RelationOutputResolver:0.20333333333333334
RelationOutputResolverTest:0.19333333333333333
InsertFromValuesAnalyzer:0.17
CopyStatementAnalyzer:0.17
UpdateAnalyzedStatement:0.15666666666666668
UpdateStatementAnalyzer:0.14666666666666667
NestedAnalyzedStatement:0.13666666666666666
DeleteStatementAnalyzer:0.13
AnalyzerDispatcher:0.11
DummyRelation:0.08333333333333333
WhereClauseAnalyzerTest:0.016666666666666666
