AspectEdge:0.33
CallExpr:0.31333333333333335
LabelValue:0.30666666666666664
Constant:0.2866666666666667
Variable:0.2833333333333333
Parameter:0.27
Operator:0.26
Expression:0.26
ExprTree:0.25666666666666665
FieldExpr:0.25333333333333335
AspectGraph:0.23083333333333333
GraphToKth:0.23
Util:0.22166666666666668
Assignment:0.18
VariableNode:0.17476190476190476
GraphConverter:0.11
ExpressionTest:0.10333333333333333
