Template:0.5333333333333333
TableUtils:0.24666666666666667
ColumnDDLUtils:0.24
EnrichmentUtils:0.22333333333333333
PrimaryKeyPolicyPattern:0.2157777777777778
