QueueService:0.48
NodeServiceImpl:0.48
PollOperation:0.2833333333333333
WaitingOp:0.23
WaitNotifyService:0.21777777777777782
QueueProxySupport:0.21333333333333335
QueueMigrationOperation:0.09333333333333334
