ProjectControllerMBean:0.7911111111111111
ProjectController:0.6796666666666666
