TaskSchedule:0.6133333333333333
OneActivity:0.36666666666666664
TabPanelSchedule:0.3446666666666667
ScheduleTableModel:0.26
PlannerTableModel:0.25333333333333335
