ExecutionService:0.6066666666666667
DelegateProcessVariableProvider:0.4633333333333333
ExecutionServiceBean:0.35333333333333333
WorkflowBotTaskExecutor:0.22
ExecutionServiceDelegate:0.19
TaskFormBuilder:0.14
TaskDescriptionTDBuilder:0.12333333333333334
VariableLogic:0.07333333333333333
PredefinedVariablesNames:0.052
