LatencyMinimizingServerSelector:0.5166666666666667
ServerAddressSelector:0.4633333333333333
PrimaryServerSelector:0.29
ReadPreferenceServerSelectorTest:0.21888888888888886
LatencyMinimizingServerSelectorTest:0.16666666666666666
ServerAddressSelectorTest:0.15
