SqlJobDao:0.47
AbstractJobDaoTests:0.3933333333333333
DefaultJobExecutorTests:0.2816666666666667
