GraphicsFeedback:0.4
PixelColour:0.3466666666666667
MatrixManipulations:0.3433333333333333
Main:0.31333333333333335
BoundingPolygon2D:0.2966666666666667
EstimatedPoint:0.12333333333333334
Testing:0.12333333333333334
