SwingDocumentListener:0.54
TextualDocumentView:0.5166666666666667
GateDocumentListener:0.19333333333333333
