MockResponse:0.7633333333333333
MockWebServer:0.295
SpdySocketHandler:0.2551111111111111
HttpOverSpdyTest:0.16
