Bootstrap:0.5466666666666666
Security:0.25666666666666665
Natives:0.24
JNANatives:0.2105952380952381
JarHell:0.19777777777777777
StartupError:0.19666666666666666
JVMCheck:0.17288888888888887
TermsAggregationSearchBenchmark:0.17
ProcessProbe:0.15277777777777776
GlobalOrdinalsBenchmark:0.12
SubAggregationSearchCollectModeBenchmark:0.12
Elasticsearch:0.12
TermsAggregationSearchAndIndexingBenchmark:0.12
ManyMappingsBenchmark:0.11333333333333333
ReplicaRecoveryBenchmark:0.11333333333333333
ProcessProbeTests:0.08666666666666667
