NodeJoinController:0.37833333333333335
ElectionCallback:0.3601666666666667
NodeJoinControllerTests:0.35333333333333333
TestClusterService:0.33666666666666667
ZenDiscovery:0.2866666666666667
InternalClusterService:0.20833333333333334
ElectionContext:0.2
