TransportSQLActionTest:0.5533333333333333
Plan:0.40166666666666667
Planner:0.34
TransportSQLAction:0.19
