VInOutGen:0.45666666666666667
VInvoiceGen:0.4533333333333333
VPaySelect:0.41333333333333333
