Display:0.5266666666666666
Simulator:0.4032222222222222
JGraphPanel:0.39666666666666667
TabLabel:0.35
Refreshable:0.3272804232804233
GraphEditorTab:0.31333333333333335
MultiLabel:0.29
LabelFilter:0.2633333333333333
DisplaysPanel:0.23666666666666666
ResourceTab:0.23333333333333334
TextTab:0.23333333333333334
GraphTab:0.22333333333333333
TitledPanel:0.22
Line:0.21666666666666667
StateDisplay:0.19
LTSDisplay:0.19
RuleDisplay:0.18083333333333335
ResourceDisplay:0.18
ShowHideMenu:0.17333333333333334
PrologDisplay:0.16333333333333333
PropertiesDisplay:0.15416666666666667
ControlDisplay:0.14333333333333334
GroovyDisplay:0.1272222222222222
LineRenderer:0.12666666666666668
DisplayWindow:0.07333333333333333
SetLayoutMenu:0.07333333333333333
ModelCheckingMenu:0.05333333333333334
ZoomMenu:0.03333333333333333
HTMLRenderer:0.0
