ReportRdf:0.7266666666666667
Queries:0.4442619047619048
DisplayFormats:0.4442619047619048
