Markdowns:0.5283333333333333
MarkdownsTestCase:0.365
SymphonyServletListener:0.30666666666666664
