RealWebSocket:0.46
MockWebServer:0.38
RealWebSocketTest:0.32666666666666666
ConnectionWebSocket:0.3233333333333333
WebSocketCall:0.18444444444444444
