WorkThread:0.7366666666666667
HyperSearchRequest:0.2733333333333333
ThreadProgress:0.25333333333333335
IOProgressMonitor:0.19666666666666666
