FlowDefinitionResource:0.6833333333333333
MockExternalContext:0.6466666666666666
AbstractExternalizedFlowExecutionTests:0.33
