MongoSocketReadTimeoutException:0.5866666666666667
AsynchronousSocketChannelStream:0.3
NettyStream:0.25666666666666665
FutureAsyncCompletionHandler:0.24611111111111114
InternalStreamConnection:0.22
InboundBufferHandler:0.1927777777777778
BasicCompletionHandler:0.1877777777777778
PooledConnectionProvider:0.16333333333333333
AsynchronousSocketChannelStreamFactory:0.11
