ServerFreeCockpitRuntimeNotif6Test:0.5583333333333333
ServerFreeCockpitRuntimeNotif5Test:0.4041666666666667
ServerFreeCockpitRuntimeNotif4Test:0.3283333333333333
