ActionFilter:0.4093452380952381
RequestCallback:0.3983333333333333
ResponseCallback:0.3983333333333333
Simple:0.3433333333333333
TransportActionFilterChainTests:0.31666666666666665
TransportAction:0.2866666666666667
ActionFilterChain:0.27501190476190474
RequestTestFilter:0.06333333333333334
ResponseTestFilter:0.06333333333333334
RequestFilterChain:0.06333333333333334
FilteredActionListener:0.05333333333333334
ResponseFilterChain:0.03666666666666667
