MatchSetCollector:0.36333333333333334
Search:0.3233333333333333
DefaultGraphNextState:0.27666666666666667
DataTarget:0.21666666666666667
CopyTarget:0.19
DefaultDeltaApplier:0.08666666666666667
