HttpsHandler:0.7875
AuthenticatingHttpConnectorTest:0.36666666666666664
DefaultHttpConnector:0.31666666666666665
AuthenticatingHttpConnector:0.2388888888888889
SshAgentSSLSocketFactory:0.17333333333333334
