ReportValidate:0.5766666666666667
TestFamilyClone:0.5033333333333333
