ICacheService:0.5305
AbstractCacheRecordStore:0.4866666666666667
AbstractCacheService:0.41333333333333333
CacheStatisticsImpl:0.3933333333333333
CacheRecordStore:0.29333333333333333
LocalCacheStatsImpl:0.28
