TopologyData:0.5333333333333333
JMXConnectionWrapper:0.27
GraphTopologyHandler:0.23666666666666666
RadialLayout:0.22333333333333333
NodeDataPanelManager:0.19333333333333333
JobData:0.19055555555555556
AbstractTreeTableModel:0.17
JPPFVertexLabelRenderer:0.14
