GenericTypeList:0.6866666666666666
TypeDescription:0.6733333333333333
DeclaringTypeMatcherTest:0.32666666666666666
GenericType:0.27666666666666667
ArrayProjection:0.20666666666666667
Empty:0.2
Latent:0.18666666666666668
ForLoadedMethod:0.18333333333333332
ForLoadedConstructor:0.18333333333333332
ForGenericArray:0.14
ForLoadedType:0.13
ForWildcardType:0.13
Explicit:0.11333333333333333
AbstractTypeDescription:0.10666666666666667
LazyProjection:0.10333333333333333
ForParameterizedType:0.08
ForTypeVariable:0.02
TypeVariableSource:0.0
