MadvocConfig:0.7482777777777778
RestActionConfig:0.3258333333333333
