AbstractCacheService:0.36666666666666664
AbstractHazelcastCacheManager:0.3333333333333333
HazelcastServerCacheManager:0.2866666666666667
HazelcastClientCacheManager:0.21
ICacheService:0.19416666666666665
CacheCreateConfigOperation:0.18666666666666668
CacheCreateConfigRequest:0.17666666666666667
