Viewer:0.7533333333333333
Eval:0.43333333333333335
NBrowseApplet:0.29444444444444445
Layouter:0.23
LayoutAnimation:0.11333333333333333
