Vss:0.673888888888889
VssTest:0.4033333333333333
