DicLibrary:0.7822222222222223
SummaryComputer:0.4766666666666667
TestError:0.33666666666666667
