Builder:0.5533333333333333
ZenDiscovery:0.4066666666666667
PublishClusterStateRequestHandler:0.1622222222222222
PublishClusterStateAction:0.16
ClusterStateResponse:0.14333333333333334
ClusterRerouteResponse:0.14333333333333334
ClusterSerializationTests:0.11333333333333333
