Mongo:0.66
MongoClientOptions:0.5
DatabaseAcceptanceTest:0.21333333333333335
DefaultServerSettings:0.18666666666666668
MongoClients:0.17
MongoClientOptionsTest:0.17
Builder:0.16
