Building:0.82
SettlementMapPanel:0.39
SettlementWindow:0.21666666666666667
MouseDetection:0.15333333333333332
