Location:0.5229999999999999
GraphJVertex:0.2866666666666667
DefaultGraphCalculator:0.28
CloseConditionAcceptor:0.26
LocationAutomatonBuilder:0.21333333333333335
ControlLocation:0.10666666666666667
MaximalStateCondition:0.07333333333333333
