DriverConductorTest:0.3933333333333333
DriverConductor:0.32
DataPacketDispatcher:0.30666666666666664
ReceiverTest:0.3
SubscriptionLink:0.25666666666666665
ReceiverProxy:0.22
Receiver:0.21
DataPacketDispatcherTest:0.18333333333333332
PublicationLink:0.18
NewImageCmd:0.10333333333333333
