TaskletAdapterTests:0.7886111111111112
TaskletAdapter:0.3466666666666667
