CommunicationsStub:0.7933333333333333
BulkUploadFrame:0.33666666666666667
Utils:0.22666666666666666
SyncService:0.21666666666666667
