RefactoringConditionChecker:0.32342857142857145
RenameMethodConditionChecker:0.21666666666666667
ExtractMethodConditionChecker:0.18666666666666668
RenameConditionChecker:0.17333333333333334
RenameFieldConditionChecker:0.17
RenameLocalConditionChecker:0.15666666666666668
InlineMethodConditionChecker:0.15666666666666668
InlineTempConditionChecker:0.15333333333333332
MoveMethodConditionChecker:0.12
SplitTempConditionChecker:0.11
InlineClassConditionChecker:0.1
TempToFieldConditionChecker:0.1
MergeClassPartsInFileConditionChecker:0.09666666666666666
LocalVarFinder:0.08333333333333333
MoveFieldConditionChecker:0.08333333333333333
EncapsulateFieldConditionChecker:0.08
RenameClassConditionChecker:0.07333333333333333
MergeWithExternalClassPartsConditionChecker:0.07333333333333333
FormatSourceConditionChecker:0.07333333333333333
TestConditionChecker:0.05
