CrawlOrder:0.5183333333333333
CrawlServer:0.44
PreconditionEnforcer:0.31333333333333335
CrawlStateUpdater:0.15666666666666668
