IDbDialect:0.56
AbstractDbDialect:0.5066666666666667
OracleDbDialect:0.38666666666666666
OutgoingBatchService:0.26
DataService:0.24
DataExtractorTest:0.15
