ExcelDataStore:0.5333333333333333
OnSheetConstraints:0.18666666666666668
ExcelHelper:0.15
ExcelSaveHandler:0.12333333333333334
ExcelReadHandler:0.12333333333333334
ColumnConstraints:0.11333333333333333
CellConstraints:0.11333333333333333
RowConstraints:0.11333333333333333
