Py:0.5033333333333333
PyString:0.49333333333333335
PyUnicode:0.4666666666666667
codecs:0.43666666666666665
SRE_STATE:0.36
PyList:0.3466666666666667
JavaFunc:0.26166666666666666
StringFormatter:0.22333333333333333
_codecs:0.22
__builtin__:0.21
PatternObject:0.20333333333333334
BuiltinFunctions:0.20333333333333334
JavaCode:0.18166666666666667
PeekIterator:0.14333333333333334
SubsequenceIteratorImpl:0.12
WhitespaceSplitIterator:0.11783333333333333
_sre:0.11666666666666667
SepSplitIterator:0.09916666666666667
LineSplitIterator:0.06333333333333334
SplitIterator:0.03333333333333333
SteppedIterator:0.03333333333333333
Punycode:0.013333333333333334
StripIterator:0.013333333333333334
ReversedIterator:0.011666666666666667
