ShopSettingsEditor:0.74
TestMappedConfiguration:0.3475
TestExcelExportConfiguration:0.15333333333333332
TestServiceRequestImplConfig:0.15333333333333332
