DispatchMethodInvoker:0.4216666666666667
SimpleFlowExecutionKeyFactory:0.27
DispatchMethodInvokerTests:0.08333333333333333
