SeqFeatureI:0.6733333333333333
Gene:0.3466666666666667
ApolloPanel:0.3433333333333333
DrawableSeqFeature:0.32
SeqFeature:0.31333333333333335
GenericAnnotationSet:0.3
FeatureView:0.265
SeqFeatureHolder:0.25
FeaturePair:0.23666666666666666
ScaleView:0.21305555555555555
AnnotationMenu:0.21166666666666667
TierMenu:0.20666666666666667
FeatureTreePanel:0.20333333333333334
AnnotationView:0.20333333333333334
Transcript:0.2
FeatureProperty:0.2
FeatureEditorDialog:0.16333333333333333
EvidencePanel:0.16
ViewMenu:0.10666666666666667
GFFFile:0.06333333333333334
