DBCursor:0.6266666666666667
DBCollection:0.48333333333333334
DBCursorTest:0.14
