Macros:0.28297
ScriptFilter:0.027766531
View:0.010604134
