BSHArrayDimensions:0.2145421
Name:0.18045335
BSHAmbiguousName:0.17478517
Interpreter:0.14803985
NameSpace:0.13925162
This:0.12789086
ClassGenerator:0.12693276
Reflect:0.12668854
BSHBlock:0.10443196
BSHArguments:0.097849704
CallStack:0.0843201
UtilEvalError:0.07735513
SimpleNode:0.075764276
TargetError:0.06678616
EvalError:0.06173798
Parser:0.037494272
Primitive:0.031954538
BSHPrimitiveType:0.020053562
Modifiers:0.0064583975
ClassIdentifier:0.0025577655
ReflectError:8.3144556E-4
