BSHTryStatement:0.15820925
BSHAllocationExpression:0.1330888
BSHClassDeclaration:0.12375651
BSHMethodDeclaration:0.10754546
ClassGeneratorImpl:0.10191621
SimpleNode:0.097365834
BshMethod:0.08469251
Interpreter:0.06143533
EvalError:0.049349383
NameSpace:0.048297293
ClassGeneratorUtil:0.041139126
DelayedEvalBshMethod:0.03891142
BlockNameSpace:0.03171647
ReturnControl:0.028565176
CallStack:0.02787303
ClassGenerator:0.024056775
Parser:0.019650636
Primitive:0.00494146
