BSHFormalParameters:0.12991047
ClassGeneratorImpl:0.11364291
BSHReturnType:0.09933325
BshMethod:0.09796004
BSHBlock:0.09740102
SimpleNode:0.07569649
NameSpace:0.06802476
Interpreter:0.056918446
BSHAmbiguousName:0.0566171
CallStack:0.043620527
UtilEvalError:0.03543568
EvalError:0.033810884
Parser:0.02615376
Primitive:0.011296621
Modifiers:0.0027246776
