BSHType:0.257638
BSHMethodDeclaration:0.171653
DelayedEvalBshMethod:0.09394929
ClassGeneratorImpl:0.065803945
SimpleNode:0.061112076
CallStack:0.04193427
Interpreter:0.037023738
EvalError:0.033696663
Parser:0.014871645
