BSHIfStatement:0.39512283
SimpleNode:0.09984647
ReturnControl:0.05755587
Interpreter:0.042545203
EvalError:0.03777199
Parser:0.021638045
CallStack:0.007289763
Primitive:0.0042982777
ParserConstants:0.0015661124
