CodeWriter:0.3237101
Item:0.12947617
ClassVisitor:0.11194833
ClassGeneratorUtil:0.10814398
CodeVisitor:0.103831895
ByteVector:0.059070285
Constants:0.025699714
