SearchFileSet:0.43856192
View:0.07900985
SearchAndReplace:0.069986634
SearchDialog:0.056707982
SearchBar:0.045475394
Buffer:0.026558854
