TokenHandler:0.34596163
TokenMarker:0.22796687
DisplayTokenHandler:0.2182678
Token:0.06694994
Buffer:0.061438344
ChunkCache:0.053688273
TextUtilities:0.05236408
ParserRuleSet:0.039346967
