DockableWindowManager:0.17515473
EBMessage:0.10296469
