EditBus:0.35707992
EBComponent:0.23586898
EBMessage:0.14674725
PluginJAR:0.10197307
EditPlugin:0.10076388
MacOSPlugin:0.056900986
Log:0.010204128
