EBMessage:0.20989554
EBComponent:0.1458574
jEdit:0.0504833
