ClassGeneratorUtil:0.099688835
Interpreter:0.09540574
Primitive:0.09158724
Name:0.07586562
TargetError:0.0721475
BSHAssignment:0.066496015
DelayedEvalBshMethod:0.06604593
Types:0.06343409
BSHLiteral:0.061287403
ClassGeneratorImpl:0.059790716
BSHAmbiguousName:0.057941496
CallStack:0.056899577
BSHUnaryExpression:0.049191687
BshClassManager:0.048481423
NameSpace:0.046588343
LHS:0.043801095
BSHTryStatement:0.039827224
SimpleNode:0.039069682
BshMethod:0.038985915
This:0.037749976
Reflect:0.036088876
BSHPrimarySuffix:0.03474289
