WorkThreadPool:0.08510818
VFSManager:0.079090446
WorkThreadProgressListener:0.068735376
WorkThread:0.059596904
jEdit:0.03394474
GUIUtilities:0.023194399
