This:0.07173872
XThis:0.06033213
NameSpace:0.05240959
Interpreter:0.04590581
BshMethod:0.026926171
Primitive:0.009156722
CallStack:0.00671426
UtilEvalError:0.0039245156
EvalError:0.0034199348
