jEdit:0.06290946
MiscUtilities:0.025487177
GUIUtilities:0.021831876
View:0.019573955
EditPlugin:0.014136426
