jEdit:0.13517828
AbstractOptionPane:0.07478601
FontSelector:0.029655004
OperatingSystem:0.014008507
