CurrentBufferSet:0.60034376
BufferListSet:0.5553918
SearchAndReplace:0.16720955
SearchDialog:0.14270689
HyperSearchRequest:0.091443084
View:0.07645371
SettingsReloader:0.06300241
