TarEntry:0.5818587
TarInputStream:0.17158997
TarOutputStream:0.14289783
InvalidHeaderException:0.019357827
