VFS:0.17084007
VFSManager:0.13454384
MiscUtilities:0.08233898
Log:0.02384799
