Window:0.5766666666666667
BrowserVersion:0.45
HtmlElement:0.4166666666666667
HTMLDocument:0.37333333333333335
HtmlRadioButtonInput:0.32666666666666666
HtmlCheckBoxInput:0.3
HTMLCollection:0.29333333333333333
HtmlButton:0.2575
MouseEvent:0.25666666666666665
HTMLAllCollection:0.24333333333333335
HtmlFileInput:0.22666666666666666
AbstractList:0.20666666666666667
CSSStyleSheet:0.20666666666666667
HtmlUnitDOMBuilder:0.2
HtmlScript:0.19666666666666666
HTMLButtonElement:0.15
TimeoutContext:0.14666666666666667
