Context:0.6816666666666666
SchemaImpl:0.29
AlterSequenceImpl:0.2775
AbstractContext:0.2633333333333333
DropSequenceImpl:0.18666666666666668
