MplsLinkEndpointsViewScene:0.6233333333333333
DeleteMPLSConnectionAction:0.42333333333333334
