jq_Class:0.69
BytecodeVisitor:0.36333333333333334
LDC_W:0.29444444444444445
LDC:0.27666666666666667
jq_ConstantPool:0.23
