DefaultMethodCallTest:0.29
ConstructorStrategy:0.27
MethodCallTest:0.2633333333333333
MethodDelegationDefaultCallTest:0.26
ByteBuddyTutorialExamplesTest:0.25666666666666665
MethodDelegationDefaultTest:0.25666666666666665
MethodDelegationMorphTest:0.24333333333333335
SuperMethodCallOtherTest:0.23333333333333334
TargetHandler:0.19833333333333333
ConstructorStrategyDefaultTest:0.14666666666666667
AbstractInstrumentationTest:0.08333333333333333
