AbstractServiceContainer:0.54
ServiceDeltaEvent:0.53
ServicesContentProvider:0.25333333333333335
NullServiceDeltaListener:0.18666666666666668
IServiceDeltaListener:0.03
AddChildAction:0.016666666666666666
