HasRoleModel:0.44333333333333336
UserListPanel:0.39
ChangePasswordPage:0.16777777777777778
HasRoleCheckBox:0.15833333333333333
AddUserForm:0.11333333333333333
UserManagementMainPage:0.09333333333333334
RoleValidator:0.07
UserValidator:0.07
RemoveUserLink:0.056666666666666664
AddRoleForm:0.04666666666666667
