DebugAtom:0.49666666666666665
DebugFragmentAtom:0.3566666666666667
DebugPseudoAtom:0.3
DebugBond:0.27666666666666667
DebugSingleElectron:0.25666666666666665
