MPPSEmulatorService:0.36333333333333334
MPPSBean:0.29
MPPSEmulatorBean:0.2866666666666667
MPPSScp:0.25333333333333335
MPPSManagerBean:0.12333333333333334
