FactoryImpl:0.5916666666666667
ClusterService:0.43666666666666665
GeneralTest:0.17333333333333334
ClusterLockTest:0.12
