Main:0.6533333333333333
TestGate:0.37833333333333335
