AtomContainer:0.7633333333333333
AtomPlacer:0.3277777777777778
StructureDiagramGenerator:0.27
RingPlacer:0.25333333333333335
