MemberState:0.7009444444444445
WanReplicationService:0.5229999999999999
MemberStateImpl:0.35333333333333333
TaskPollThread:0.26
TimedMemberStateFactory:0.23
WanReplicationServiceImpl:0.15666666666666668
ConsoleRequestConstants:0.0
