CesecoreConfiguration:0.5
BaseCryptoToken:0.32
CachingKeyStoreWrapper:0.3
KeyStoreTools:0.2966666666666667
PKCS11CryptoToken:0.26
SoftCryptoToken:0.23
OcspResponseGeneratorSessionBean:0.18583333333333332
