ImageArchivingSessionTest:0.6622222222222222
ArchiveIndexTest:0.6433333333333333
