RegExpr:0.62
Atom:0.31333333333333335
RuleLabel:0.3
Sharp:0.25
Postfix:0.24666666666666667
Prefix:0.22666666666666666
Empty:0.22333333333333333
Wildcard:0.19666666666666666
Infix:0.17666666666666667
