UserExt:0.6658333333333334
UserProcessor:0.36
CommentQueryService:0.31666666666666665
ThumbnailQueryService:0.24
CommentNotifier:0.14444444444444446
