XHRPollingClient:0.3933333333333333
XHRPollingTransport:0.3333333333333333
HeartbeatHandler:0.2966666666666667
SocketIORouter:0.29333333333333333
Configuration:0.26666666666666666
Decoder:0.17633333333333334
PacketListener:0.16
SocketIOTransport:0.013333333333333334
