PoiOOXmlExtractor:0.8433333333333334
ExcelEventListener:0.2833333333333333
PoiOOXmlExtractorTest:0.06333333333333334
AllExtendedPropertiesTest:0.022222222222222223
OOXMLMain:0.016666666666666666
