AbstractJpaProperties:0.5283333333333333
DynamoDbCloudConfigBootstrapConfiguration:0.2866666666666667
SimpleHttpClient:0.22333333333333333
JpaBeans:0.16333333333333333
CompressionUtils:0.14666666666666667
LoggingUtils:0.14
