RestAuthenticationApi:0.23666666666666666
OpenIdConfiguration:0.22
OpenIdServiceFactory:0.2
StatisticsController:0.19333333333333333
CasReportsConfiguration:0.18
SmartOpenIdController:0.17333333333333334
OpenIdValidateController:0.16666666666666666
SingleSignOnSessionsReportController:0.16
LoggingConfigController:0.15666666666666668
OpenIdServiceFactoryTests:0.13333333333333333
OpenIdSingleSignOnActionTests:0.12333333333333334
CasRestAuthenticationConfiguration:0.10666666666666667
HealthCheckController:0.056666666666666664
AuthenticationEventsController:0.05
OpenIdCredentialsAuthenticationHandler:0.03666666666666667
