Builder:0.75
ParagraphVectors:0.5966666666666667
SentenceIteratorTest:0.25333333333333335
ParagraphVectorsTest:0.22666666666666666
