DefaultClassDefiner:0.8266666666666667
DefaultMirrorFactory:0.29333333333333333
