PetiteBeans:0.5433333333333333
ThreadLocalScope:0.4166666666666667
SessionScope:0.37
PetiteUtil:0.09333333333333334
ScopeTest:0.08666666666666667
