ControlSession:0.7166666666666667
AeronArchive:0.41333333333333333
ControlSessionDemuxer:0.39666666666666667
