ComponentView2D:0.5633333333333334
Node:0.53
Type:0.39666666666666667
