ClientEngine:0.6066666666666667
PartitionRuntimeState:0.36333333333333334
PartitionServiceImpl:0.3566666666666667
CollectionService:0.31
MigrationOperation:0.2733333333333333
ListenerTest:0.23333333333333334
ReplicaSyncRequest:0.22777777777777777
ScheduledBackup:0.20666666666666667
MapReplicationOperation:0.19666666666666666
MigrationRequestOperation:0.18333333333333332
Migrator:0.17333333333333334
AddEntryListenerRequest:0.17
AddItemListenerRequest:0.17
ClientEngineImpl:0.16333333333333333
AuthenticationRequest:0.16333333333333333
AddMessageListenerRequest:0.16166666666666665
AddListenerRequest:0.16166666666666665
OperationServiceImpl:0.13333333333333333
FinalizeMigrationOperation:0.1330952380952381
ScheduledBackupProcessor:0.11
PrepareRepartitioningTask:0.105
CallableClientRequest:0.09333333333333334
TestNodeRegistry:0.09333333333333334
