Util:0.4166666666666667
DownloadManager:0.36833333333333335
DownloadTarget:0.2733333333333333
DbEntity:0.25666666666666665
DownloadListener:0.22666666666666666
DbUtil:0.19666666666666666
IDownloadTarget:0.14777777777777776
DownloadAdapter:0.12666666666666668
DownloadModule:0.11666666666666667
Task:0.1
StopCommand:0.08333333333333333
BtClickListener:0.043333333333333335
MainActivity:0.016666666666666666
