ServerFreeCockpitRuntimeNotif3Test:0.41333333333333333
PropertiesHandlerClientWnd:0.3333333333333333
ServerFreeCockpitRuntimeNotif6Test:0.25666666666666665
ServerFreeCockpitRuntimeNotif5Test:0.22666666666666666
ServerFreeCockpitRuntimeNotif4Test:0.20833333333333334
WindowingPluginTest:0.20744444444444443
ServerFreeCockpitRuntimeNotifTest:0.205
