PlanNodeBuilder:0.5933333333333334
AbstractTableInfo:0.30666666666666664
Visitor:0.15911111111111112
DocLevelCollectTest:0.14333333333333334
ReferenceInfosITest:0.14333333333333334
