DefaultActionMapper:0.5133333333333333
DefaultActionMapperTest:0.31666666666666665
StrutsConstants:0.014071428571428572
