DescriptorLabelProvider:0.6766666666666666
DescriptorsPage:0.37666666666666665
