SocketIOPipelineFactory:0.5
XHRPollingTransport:0.44333333333333336
WebSocketTransport:0.3433333333333333
FlashPolicyHandler:0.23333333333333334
