AbstractConfigurator:0.7188888888888889
AbsentConfigurator:0.20333333333333334
OverrideConfigurator:0.20333333333333334
