Redisson:0.6166666666666667
RedissonBlockingFairQueue:0.4633333333333333
RedissonBlockingFairQueueTest:0.19333333333333333
RedisCommands:0.02
