IsLockedOperation:0.5266666666666666
BaseLockOperation:0.4033333333333333
AbstractIsLockedRequest:0.36666666666666664
