ParseTreeMatch:0.5233333333333333
ParseTreePatternMatcher:0.5033333333333333
TestParseTreeMatcher:0.37666666666666665
ParseTreePattern:0.30333333333333334
