Pojo:0.8966666666666666
NutPojo:0.47333333333333333
MysqlJdbcExpert:0.3
PsqlJdbcExpert:0.3
