Extruder:0.5
Printer:0.45366666666666666
RrCSGPolygon:0.32666666666666666
RrBox:0.31
RrCSG:0.22666666666666666
NullExtruder:0.21
GenericExtruder:0.21
Producer:0.18
Reprap:0.16666666666666666
NullCartesianMachine:0.16
GCodeWriter:0.12333333333333334
