MedlineMap:0.4
MyMarcHandler:0.32
AgricolaFetcher:0.2733333333333333
TestMarcToMedline:0.21333333333333335
TestAgricolaFetcher:0.16333333333333333
DateParser:0.04666666666666667
