DropwizardAppRule:0.5966666666666667
ConfigOverride:0.5866666666666667
TestConfiguration:0.09
