ERDesignerTopComponent:0.6391666666666667
SQLTopComponent:0.25833333333333336
OutlineTopComponent:0.25833333333333336
