HtmlPage:0.6733333333333333
BaseFrame:0.41333333333333333
HtmlFrame2Test:0.3466666666666667
