CacheProxy:0.6233333333333333
CacheManagerImpl:0.4033333333333333
CaffeineConfiguration:0.2966666666666667
LoadingCacheProxy:0.15666666666666668
