BooleanGrid:0.6566666666666666
AllSTLsToBuild:0.38
iRectangle:0.2633333333333333
Producer:0.24833333333333332
