DrawableSeqFeature:0.57
DrawableFeatureSet:0.42333333333333334
FeatureView:0.30333333333333334
DrawableAnnotatedSeqFeature:0.3
DrawableAnnotatedFeatureSet:0.20777777777777778
DragFeatureView:0.08333333333333333
