Helper:0.37333333333333335
Binder:0.35333333333333333
SetAttributeSourceImpl:0.33
AbstractPluralAttributeSourceImpl:0.31666666666666665
AbstractPluralAttributeBinding:0.2966666666666667
BagAttributeSourceImpl:0.22333333333333333
PluralAttributeSource:0.2105952380952381
Database:0.19
BasicCollectionBindingTests:0.13
ManyToManyCollectionElement:0.10166666666666667
CollectionKey:0.08666666666666667
BasicCollectionElement:0.06666666666666667
ManyToAnyCollectionElement:0.04
OneToManyCollectionElement:0.04
CompositeCollectionElement:0.04
PluralAttributeJavaTypeDeterminerDelegate:0.013333333333333334
