SimpleJobRepository:0.4766666666666667
JobExecutionRowMapper:0.3472222222222222
JdbcJobExecutionDao:0.3466666666666667
MapJobExecutionDao:0.24666666666666667
