Class:0.43
TestSpecLexer:0.34
TestSpecParser:0.33
TestMethodTest:0.2633333333333333
MethodTester:0.23
ObjectCreator:0.22
ValSet:0.16055555555555553
DFA18:0.15444444444444444
ObjectException:0.10666666666666667
