BuildInfo:0.6816666666666666
BuildInfoProvider:0.48
BuildInfoProviderTest:0.22333333333333333
