UpdatePermissionOnRelation:0.4066666666666667
UpdatePermissionOnIdentifiableAction:0.27666666666666667
UpdatePermissionOnRelationFormTag:0.25666666666666665
GrantPermissionOnRelationAction:0.21
ManagePermissionOnRelationLinkTag:0.12333333333333334
GrantPermissionOnRelationLinkTag:0.12333333333333334
