JSONSerializer:0.6633333333333333
FilterUtils:0.5133333333333333
ASMSerializerFactory:0.3233333333333333
MapSerializer:0.09333333333333334
