AdviceTest:0.49333333333333335
AdviceVisitor:0.3244444444444444
Bound:0.32
Advice:0.2980952380952381
ForMethodExit:0.2617777777777778
ForOrigin:0.1930952380952381
OffsetHandler:0.11
