PubChemASNFormat:0.7333333333333333
ReaderFactoryTest:0.43555555555555564
PCCompoundASNReader:0.09666666666666666
