ApprovalRequest:0.5433333333333333
UserAdminSessionBean:0.3566666666666667
AuthorizationDataHandler:0.3433333333333333
CAAdminSessionBean:0.29
CAAdminSession:0.26527777777777783
GenerateTokenApprovalRequest:0.25333333333333335
ActivateCATokenApprovalRequest:0.22333333333333333
DummyApprovalRequest:0.22166666666666668
UserAdminSession:0.21916666666666668
AccessControlSessionBean:0.10333333333333333
