DynamicClusterTest:0.7163333333333335
ClientService:0.31333333333333335
