CountDownLatchService:0.38333333333333336
AtomicLongService:0.35333333333333333
AtomicReferenceService:0.35333333333333333
XAService:0.3433333333333333
AbstractCacheService:0.3433333333333333
MapServiceContextImpl:0.3433333333333333
SemaphoreService:0.33666666666666667
QueueService:0.2966666666666667
LockServiceImpl:0.29333333333333333
RingbufferService:0.29
MapServiceContext:0.2833333333333333
CollectionService:0.2733333333333333
MultiMapService:0.27
MapMigrationAwareService:0.24
CachePartitionSegment:0.21944444444444447
BackupPacketFilter:0.12333333333333334
MigrationCorrectnessTest:0.07
AntiEntropyCorrectnessTest:0.019166666666666665
PartitionAssignmentsCorrectnessTest:0.006666666666666667
