TestReducer:0.42333333333333334
MapReduceTest:0.3433333333333333
ClientMapReduceTest:0.2833333333333333
DistributedMapperMapReduceTest:0.23666666666666666
DistributedMapperClientMapReduceTest:0.21333333333333335
TestReducerFactory:0.21333333333333335
TestCombinerFactory:0.19
TestCombiner:0.18083333333333335
MappingPhase:0.16666666666666666
StartProcessingJobOperation:0.16
AbstractClientMapReduceJobTest:0.11333333333333333
