HdfsEnvironment:0.5197222222222223
HdfsConfiguration:0.435111111111111
HiveHdfsConfiguration:0.3466666666666667
