CsrfRequestDataValueProcessor:0.6266666666666667
CsrfRequestDataValueProcessorTests:0.28
CsrfBeanDefinitionParser:0.21666666666666667
CsrfWebMvcConfiguration:0.15666666666666668
TypeConversionInterceptor:0.03
