HttpSecurityBeanDefinitionParserTests:0.636888888888889
RememberMeBeanDefinitionParser:0.24566666666666667
