SelectPrincipalsWidget:0.43666666666666665
EventHelper:0.38
NetFolderSelectPrincipalsWidget:0.24333333333333335
InvokeEditNetFolderRightsDlgEvent:0.24
NetFolderRightsWidget:0.22666666666666666
