TypeRoot:0.4633333333333333
Graph:0.43333333333333335
RGGGraph:0.39666666666666667
RGGRoot:0.29333333333333333
SpacingPattern:0.27666666666666667
