Authorization:0.5921984126984128
Management:0.55
DOWriter:0.5427777777777777
DigitalObject:0.5236111111111111
TestAPIM:0.31
DefaultAuthorization:0.2733333333333333
DatastreamConduit:0.2633333333333333
DefaultDOManager:0.2633333333333333
DefaultManagement:0.25333333333333335
BatchModifyParser:0.24
CurrentVersionPane:0.20666666666666667
PurgeButtonListener:0.17333333333333334
FedoraAPIMBindingSOAPHTTPImpl:0.16666666666666666
SimpleDOWriter:0.16
BasicDigitalObject:0.15666666666666668
PurgeDataStreamDialog:0.08666666666666667
