XHRPollingClient:0.5566666666666666
Encoder:0.43
Decoder:0.2888888888888889
