CollisionJNI:0.69
ClosestRayResultCallback:0.33666666666666667
LocalConvexResult:0.3233333333333333
ClosestConvexResultCallback:0.2966666666666667
AllHitsRayResultCallback:0.2633333333333333
