ExceptionHandlingTests:0.2966666666666667
StandardTestClassTests:0.23
DisabledTests:0.17333333333333334
TestCaseWithInheritanceTests:0.17
NestedTestClassesTests:0.17
BeforeAndAfterTestExecutionCallbackTests:0.14333333333333334
BeforeAllAndAfterAllComposedAnnotationTests:0.13333333333333333
ReportingTests:0.13333333333333333
BeforeEachAndAfterEachComposedAnnotationTests:0.13333333333333333
