ValueAttribute:0.51
ExtraCollection:0.35333333333333333
AbstractGenerator:0.18333333333333332
Inr:0.06
Adapt:0.043333333333333335
