HtmlInput:0.45666666666666667
HtmlTextArea:0.3933333333333333
HtmlSelect:0.32
HTMLFormElement:0.2325
HtmlButton:0.23166666666666666
FormFieldWithNameHistory:0.21888888888888886
