ERDesignerGraph:0.6183333333333333
MyRenderer:0.48
HandTool:0.25666666666666665
