LockService:0.51
OperationServiceImpl:0.4033333333333333
SharedLockService:0.3416666666666667
CollectionService:0.32
ClientEngineImpl:0.31
