GwtServerHelper:0.44333333333333336
ExternalUserRespondingToPwdResetVerificationException:0.43666666666666665
ExternalUserUtil:0.31333333333333335
LoginController:0.25
