CorrectionMessages:0.6586666666666667
IRubyAnnotation:0.5666666666666667
RubyMarkerAnnotation:0.38666666666666666
ProblemAnnotation:0.36333333333333334
RubyCorrectionProcessor:0.06333333333333334
