VocabularyToLexicalTable:0.5633333333333334
ComputeLexicalTable:0.5266666666666666
