ModificationSet:0.8144444444444445
MasterBuild:0.7766666666666666
