WebResponse:0.62
WebClient:0.48333333333333334
ImmediateRefreshHandler:0.39
StringWebResponse:0.3383333333333333
HttpWebConnection:0.27666666666666667
HttpWebConnectionTest:0.19
MockWebConnection:0.18333333333333335
ImmediateRefreshHandlerTest:0.06666666666666667
