DataEnvironment:0.5066666666666667
RuntimeScope:0.4866666666666667
HopDataManager:0.36666666666666664
