MultiplexerContext:0.9033333333333333
ReceivingState:0.20666666666666667
SendingOrReceivingState:0.18333333333333332
SendingState:0.16666666666666666
