Flyway:0.77
ConcurrentMigrationTestCase:0.3333333333333333
MigrationTestCase:0.2833333333333333
OracleMigrationMediumTest:0.22
