ExtendedCAServiceInfo:0.6066666666666667
CmsCAService:0.34
XKMSCAService:0.31666666666666665
XKMSCAServiceInfo:0.17333333333333334
OCSPCAService:0.16666666666666666
CmsCAServiceInfo:0.13666666666666666
OCSPCAServiceInfo:0.10666666666666667
