JChemPaintManagerTest:0.39666666666666667
JmolManagerTest:0.39666666666666667
CDKDebugManagerTest:0.39666666666666667
