CheckMassPermissionCallback:0.3883730158730159
IgnoreGrantedPermissionCallback:0.38226190476190475
IgnoreDeniedPermissionCallback:0.36892857142857144
DefinitionLogic:0.32
RelationLogic:0.31666666666666665
CommonLogic:0.26666666666666666
