Transaction:0.68
TransactionInput:0.61
WalletTest:0.3333333333333333
BlockTest:0.22222222222222224
FullBlockTestGenerator:0.1988888888888889
AbstractFullPrunedBlockChainTest:0.19
