Euler:0.6
Parser:0.42333333333333334
BuiltinManager:0.2866666666666667
Codd:0.25333333333333335
