ConcurrentWriteTest:0.30333333333333334
BaseRegion:0.26666666666666666
AddressAdapterImpl:0.22642857142857142
EvictAll:0.22642857142857142
UserRunner:0.19166666666666668
WrappedXaResource:0.18666666666666668
