Robot:0.6166666666666667
Launch:0.4033333333333333
ScriptEditor:0.34
AWT:0.2966666666666667
AWTHierarchy:0.29
ScriptModel:0.27666666666666667
Appletviewer:0.27666666666666667
StepRunner:0.24666666666666667
AppletviewerEditor:0.15
BootstrapClassLoader:0.11333333333333333
LaunchEditorTest:0.10333333333333333
LaunchEditor:0.06666666666666667
