Alignment:0.4866666666666667
DrawableSequence:0.48
ResidueProperties:0.44333333333333336
Sequence:0.43666666666666665
ColourScheme:0.4058333333333333
AlignFrame:0.37333333333333335
TierPopupMenu:0.30666666666666664
FeatureView:0.3044444444444444
Popup:0.24666666666666667
ScoreSequence:0.24
DrawableAlignment:0.23
SequenceGroup:0.19333333333333333
SeqCanvas:0.18333333333333332
AlignSeq:0.18
SeqPanel:0.18
AlignmentPanel:0.16666666666666666
ClustalxColourScheme:0.12666666666666668
Conservation:0.12333333333333334
ThresholdPanel:0.09
ScorePanel:0.08666666666666667
ScoreColourScheme:0.08472222222222221
BigPanel:0.08
IdCanvas:0.07833333333333334
ConservationColourScheme:0.07333333333333333
PIDColourScheme:0.07333333333333333
Consensus:0.07
ick:0.06333333333333334
ScalePanel:0.06333333333333334
IdPanel:0.06333333333333334
ResidueColourScheme:0.06
FeatureColourScheme:0.057777777777777775
HelixColourScheme:0.05333333333333334
StrandColourScheme:0.05333333333333334
BuriedColourScheme:0.05333333333333334
HydrophobicColourScheme:0.05333333333333334
TurnColourScheme:0.05333333333333334
Blosum62ColourScheme:0.03833333333333333
ScaleCanvas:0.03333333333333333
ConsensusColour:0.03333333333333333
PostalColourScheme:0.02666666666666667
PercentIdentityPopup:0.015
SecondaryColourScheme:0.008333333333333333
ZappoColourScheme:0.0033333333333333335
TaylorColourScheme:0.0033333333333333335
UserColourScheme:0.0
