RedisConnection:0.48
RedissonClient:0.4025
Redisson:0.3566666666666667
ConnectionPool:0.35
MasterSlaveConnectionManager:0.33416666666666667
BaseConfig:0.25333333333333335
SentinelConnectionManager:0.22666666666666666
ClusterConnectionManager:0.22666666666666666
SingleConnectionManager:0.19000000000000003
