IngestPlugin:0.47
Data:0.31
IngestActionFilter:0.2966666666666667
IngestModule:0.18
SimpleProcessor:0.056666666666666664
BasicTests:0.006666666666666667
