ViewManager:0.6633333333333333
SettingsWidget:0.25333333333333335
ActionClose:0.15333333333333332
ActionReset:0.12
ActionOpenSettings:0.12
ActionPrint:0.12
ActionApply:0.12
