Enhancer:0.7633333333333333
TimeTunnelCommand:0.4066666666666667
MonitorCommand:0.12
ShutdownCommand:0.12
