jOOQHSQLDBTest2:0.5466666666666666
VBook:0.29059523809523813
ITBook:0.23666666666666666
IVBook:0.23666666666666666
TBookRecord:0.21333333333333335
VBookRecord:0.2
TBook:0.17833333333333334
