RolloutOptions:0.5166666666666667
Builder:0.3433333333333333
RollingUpdateCommandTest:0.2866666666666667
RollingUpdateCommand:0.06333333333333334
