MSExcel:0.37666666666666665
MSWord:0.3566666666666667
ScodeArg:0.3
ElemDescArg:0.3
TYPEDESC:0.27166666666666667
ELEMDESC:0.24333333333333335
TlbBase:0.20666666666666667
TlbFunction:0.19333333333333333
TlbPropertyPut:0.19333333333333333
TlbPropertyGet:0.19
TYPEATTR:0.19
TlbDispInterface:0.18
TlbCoClass:0.16666666666666666
TlbImp:0.15
TlbPropertyPutStub:0.13166666666666665
TlbFunctionStub:0.13166666666666665
TlbAbstractMethod:0.13
TlbPropertyGetStub:0.11833333333333333
VARDESC:0.11666666666666667
FUNCDESC:0.11333333333333333
TlbInterface:0.09333333333333334
TlbEnum:0.09333333333333334
DESCKIND:0.08
ARRAYDESC:0.07333333333333333
OaIdl:0.07
BINDPTR:0.05416666666666667
Unknown:0.05333333333333334
TYPEKIND:0.05
TLIBATTR:0.04
CURRENCY:0.03
HREFTYPEbyReference:0.023333333333333334
SYSKIND:0.023333333333333334
LIBFLAGS:0.023333333333333334
IDLDESC:0.016666666666666666
MEMBERIDbyReference:0.006666666666666667
DISPIDbyReference:0.006666666666666667
_VARIANT_BOOLbyReference:0.006666666666666667
VARIANT_BOOLbyReference:0.006666666666666667
PARAMDESCEX:0.0
PARAMDESC:0.0
