CaSessionTest:0.39666666666666667
CAImportExportTest:0.35
CAsTest:0.3233333333333333
CaTokenSessionTest:0.28
KeyToolsTest:0.23666666666666666
ProtocolOcspHttpTest:0.23333333333333334
CaTestCase:0.23
RevocationApprovalTest:0.2272222222222222
CmpRAAuthenticationTest:0.21333333333333335
PKCS12ReqCommand:0.19
CaChangeCATokenSignAlg:0.19
CaTokenSessionBean:0.16
RoleUsingTestCase:0.13666666666666666
