STFBot:0.7966666666666666
STFBotShell:0.5833333333333334
STFBotTable:0.565
STFBotTree:0.5266666666666666
STFBotCombo:0.4716666666666667
STFBotTreeItem:0.4716666666666667
EclipseComponentImp:0.44666666666666666
STFBotImp:0.43666666666666665
STFBotToggleButton:0.35642857142857143
STFBotRadio:0.30789682539682545
STFBotToolbarDropDownButton:0.2848968253968253
STFTest:0.27666666666666667
SarosPreferencesImp:0.2733333333333333
ChatViewImp:0.22666666666666666
STFBotTableImp:0.22
STFBotRadioImp:0.22
RosterViewImp:0.21333333333333335
EditMImp:0.21333333333333335
TeamCImp:0.20666666666666667
WindowMImp:0.20666666666666667
SessionViewImp:0.20666666666666667
STFBotToggleButtonImp:0.20444444444444443
STFBotComboImp:0.20333333333333334
SarosCImp:0.2
FileMImp:0.19666666666666666
ProgressViewImp:0.18166666666666667
STFBotTreeItemImp:0.17333333333333334
STFBotShellImp:0.15666666666666668
STFBotTreeImp:0.15666666666666668
RefactorMImp:0.15666666666666668
ConsoleViewImp:0.15333333333333332
NoBotImp:0.14666666666666667
STFBotToolbarDropDownButtonImp:0.061111111111111116
