GwtTeamingMessages:0.6144444444444445
NetFolderSyncStatusCell:0.42
GwtNetFolderHelper:0.3466666666666667
ManageNetFoldersDlg:0.25666666666666665
GwtTeamingImageBundle:0.24666666666666667
