LogoutHandlerOrderResolver:0.6266666666666667
LogoutFilterBeanDefinitionParserTests:0.12666666666666668
