Preference:0.5058333333333334
InitService:0.3933333333333333
PreferenceConsole:0.29333333333333333
FeedProcessor:0.25333333333333335
Default:0.2507777777777777
