Utils:0.7866666666666666
AbstractBlockChain:0.37
UtilsTest:0.3433333333333333
