ByThrowableType:0.36666666666666664
Default:0.34
AgentBuilderDefaultTest:0.2833333333333333
ExecutingTransformer:0.26666666666666666
PoolStrategy:0.24611111111111114
AgentBuilderDefaultApplicationTest:0.21333333333333335
AgentBuilderRedefinitionStrategyTest:0.21
Collector:0.16
ForRedefinition:0.05333333333333334
ForRetransformation:0.05333333333333334
