ResTableConfig:0.485
ResTable:0.37
ShadowArscAssetManager:0.36666666666666664
ShadowXmlBlock:0.17666666666666667
ParallelUniverse:0.17
ResourceName:0.12666666666666668
