QueryBuilders:0.6788888888888889
SimpleChildQuerySearchTests:0.44333333333333336
ChildSearchBenchmark:0.22666666666666666
IndicesQueriesModule:0.15666666666666668
