FastDOReader:0.38333333333333336
DefaultDOManager:0.29333333333333333
RowInsertion:0.2511111111111111
DBIDLookup:0.23333333333333334
DOValidatorIntegrityCheck:0.23111111111111116
DefaultDOReplicator:0.18833333333333332
