CacheProxy:0.6033333333333334
Expirable:0.42333333333333334
JCacheStatisticsMXBean:0.23666666666666666
LoadingCacheProxy:0.10333333333333333
JCacheLoaderAdapter:0.09666666666666666
