NetworkPublication:0.69
StreamPositionCounter:0.22666666666666666
NetworkPublicationReceiverFields:0.014071428571428572
