VcardSubCrawler:0.4033333333333333
DataObjectFactoryTest:0.36666666666666664
VcardSubCrawlerTest:0.2966666666666667
TestMboxCrawler:0.2833333333333333
TestMovingFoldersFileSystemCrawler:0.26666666666666666
X2RSubCrawlerUtil:0.2633333333333333
ExcelExtractorTest:0.2633333333333333
PdfExtractorTest:0.25
BZip2SubCrawlerTest:0.22
TikaMimeTypeIdentifierTest:0.21
ZipSubCrawlerTest:0.21
AddressbookCrawler:0.18666666666666668
CompressSubCrawlerTest:0.16666666666666666
GZipSubCrawlerTest:0.16666666666666666
MailUtilTest:0.16
TestMboxCrawlerMultiFolder:0.15333333333333332
WordExtractorTest:0.15
OpenXmlExtractorTest:0.14666666666666667
MboxSubCrawlerTest:0.14666666666666667
WikipediaIncrementalCrawlTest:0.14333333333333334
TestMboxCrawlerMovingFolder:0.13
X2RSubCrawlerUtilTest:0.08
PowerPointExtractorTest:0.07
ID3V2_3_0Test:0.016666666666666666
TestFileSystemDataSource:0.016666666666666666
TestSubcrawlerIntegration:0.016666666666666666
ArchiveSubCrawlerTestBase:0.0
