Lifecycle:0.6133333333333333
ICaptchaAdapter:0.43444444444444447
ReCaptchaAdapter:0.28
ServletConfig:0.26
MetaData:0.16
ReCaptchaAdapterConfig:0.05333333333333334
TestReCaptchaAdapterConfig:0.043333333333333335
ReCaptchaResponse:0.03666666666666667
ICaptchaResponse:0.03
