KerasLayer:0.6266666666666667
KerasLayerUtils:0.5866666666666667
KerasDense:0.2686111111111111
KerasLstm:0.2313888888888889
KerasEmbedding:0.22
KerasConvolution2D:0.02
KerasConvolution1D:0.01
