MediaComposerService:0.4633333333333333
MediaCreationRequest:0.4033333333333333
DicomDirDOM:0.33666666666666667
CDRecordService:0.2866666666666667
LabelPrintService:0.06666666666666667
LabelCreator:0.01
