AnnotationBasedEventListenerAdapter:0.5583333333333333
AnnotationBasedEventListenerAdapterTest:0.3
AspectJTestEventHandler:0.23666666666666666
AspectJTest:0.22
DerivedListener:0.0961111111111111
