MediaDriver:0.5233333333333333
MediaConductor:0.2966666666666667
ClientConductor:0.26
Receiver:0.26
Sender:0.19777777777777777
TimerWheelTest:0.14416666666666667
