PEViewComponentImp:0.45
ViewPart:0.30333333333333334
SarosPEViewComponentImp:0.2866666666666667
WindowPart:0.2833333333333333
EditorComponenttImp:0.2733333333333333
TreePart:0.26
SarosStateImp:0.25333333333333335
SessionViewComponentImp:0.25333333333333335
TestSessionViewComponent:0.18666666666666668
TestFileOperations:0.16
TestHostAsDriverInvitesBelatedly:0.15666666666666668
HelperPart:0.14333333333333334
TestSVNStateInitialization:0.11
AllSTFTests_BasicElements:0.0
