JPF_gov_nasa_jpf_symbc_Debug:0.59
Debug:0.33
GETFIELD:0.22055555555555553
GETSTATIC:0.22055555555555553
