DbSupport:0.6266666666666667
Flyway:0.5433333333333333
MetaDataTable:0.45
MigrationTestCase:0.24333333333333335
OracleDbSupport:0.24333333333333335
SQLServerDbSupport:0.24333333333333335
DB2DbSupport:0.24333333333333335
HsqlDbSupport:0.24333333333333335
MySQLDbSupport:0.24333333333333335
PostgreSQLDbSupport:0.24333333333333335
H2DbSupport:0.12666666666666668
AbstractFlywayMojoTest:0.10666666666666667
