Address:0.5
MapFacadeBean:0.49
CustomerTest:0.37583333333333335
AJAXTest:0.3466666666666667
