ResTable:0.52
Chunk:0.3433333333333333
ResStringPool:0.25333333333333335
ResTableTest:0.09333333333333334
ResTableMapEntry:0.043333333333333335
Errors:0.0
ResStringPoolRef:0.0
