LdapTemplateSearchCountITest:0.7886111111111112
LdapTemplateContextExecutorTest:0.4519444444444445
