ProjectConfig:0.5933333333333334
ProjectInterface:0.5433333333333334
CruiseControlController:0.2733333333333333
CruiseControlConfigTest:0.26
Configuration:0.22416666666666665
XMLConfigManager:0.17777777777777776
CruiseControlConfig:0.17333333333333334
