FolderColumn:0.65
FolderRow:0.45666666666666667
DataTableFolderViewBase:0.29333333333333333
FolderColumnsConfigDlg:0.24111111111111114
GwtViewHelper:0.19916666666666666
DoMoveDown:0.17111111111111113
DoMoveUp:0.17111111111111113
