MetaDataTableImpl:0.3433333333333333
MySQLMigrationMediumTest:0.31
PostgreSQLMigrationMediumTest:0.27666666666666667
PostgreSQLSuperUserMigrationMediumTest:0.17333333333333334
DB2DbSupport:0.15333333333333332
PostgreSQLDbSupportMediumTest:0.13666666666666666
PostgreSQLConcurrentMigrationMediumTest:0.1
MySQLConcurrentMigrationMediumTest:0.1
