Log:0.6633333333333333
Settings:0.49333333333333335
LoggerListener:0.38166666666666665
JooqLogger:0.33
ExecuteListeners:0.22361111111111115
BufferedLog:0.21111111111111108
