TranslationUtil:0.4166666666666667
EnumDeclaration:0.38
TypeDeclarationGenerator:0.3333333333333333
DeadCodeEliminator:0.2866666666666667
HeaderImportCollector:0.19333333333333333
DeadCodeEliminatorTest:0.18333333333333332
