NbrowseGoose:0.7066666666666667
InfoNodeMan:0.4766666666666667
