TableEditorView:0.5233333333333333
Index:0.4266666666666667
TableEditor:0.3333333333333333
ERDesignerBundle:0.11944444444444442
