HibernateCompilerHQLBuider:0.7416666666666667
StringFilterCriteria:0.4266666666666667
