AllocationService:0.5433333333333333
SharedClusterSnapshotRestoreIT:0.3408333333333333
RestoreInProgressUpdater:0.27
ThrottlingAllocationTests:0.25666666666666665
ClusterModuleTests:0.20666666666666667
