MultiLayerNetwork:0.8033333333333333
ComputationGraph:0.42
TestParallelEarlyStopping:0.25666666666666665
AveragingIterationListener:0.23333333333333334
ParallelWrapper:0.17666666666666667
EarlyStoppingParallelTrainer:0.15666666666666668
