PluginConsole:0.4866666666666667
PluginQueryService:0.36333333333333334
PluginMgmtService:0.25
