PrinterServiceMBean:0.7633333333333333
PrinterService:0.6366666666666667
PrintScpServiceMBean:0.25666666666666665
PrintScpService:0.24333333333333335
