BulkShardProcessor:0.5866666666666667
SymbolBasedBulkShardProcessor:0.35333333333333333
SymbolBasedBulkShardProcessorTest:0.22
BulkShardProcessorTest:0.2
