FileModule:0.9066666666666666
FileModuleImpl:0.46
FileUtils:0.3677777777777778
ReadFileController:0.28777777777777774
ViewFileController:0.23333333333333334
