DefaultHttpServer:0.4766666666666667
HttpHeaders:0.3516666666666667
DefaultHttpServerResponse:0.30333333333333334
DefaultHttpClientRequest:0.2866666666666667
ServerHandler:0.23666666666666666
