XmlTree:0.49666666666666665
XmlPlugin:0.19
GeneralOptionPane:0.18333333333333332
EntityManager:0.09
XmlParseThread:0.04666666666666667
XmlTag:0.04416666666666667
