IndexQueryParserService:0.5374444444444445
BaseQueryTestCase:0.44
IndicesQueriesRegistry:0.2833333333333333
