IOSGraphics:0.5166666666666667
IOSApplication:0.42333333333333334
IOSApplicationConfiguration:0.014071428571428572
