AsMap:0.49333333333333335
LinkedListMultimap:0.38333333333333336
MapMultimap:0.2866666666666667
FilteredEntryNavigableMap:0.22083333333333333
ImmutableArrayMap:0.20666666666666667
TransformedEntriesMap:0.18416666666666667
AbstractIdleService:0.15083333333333335
Escaper:0.04
StoppableGuard:0.03333333333333333
StoppedGuard:0.03333333333333333
RunningGuard:0.03333333333333333
StartableGuard:0.03333333333333333
AsFunction:0.0
IdleServiceSupplier:0.0
