TermVectorResponse:0.61
TransportSingleShardTermVectorAction:0.23333333333333334
GetTermVectorTests:0.22
GetTermVectorTestsCheckDocFreq:0.19666666666666666
