ResponseTimeModel:0.7166666666666667
RRDInfo:0.35333333333333333
IcmpMonitor:0.135
DhcpMonitor:0.10055555555555555
RRDDumpServlet:0.056666666666666664
AddReportsToUrlServlet:0.04533333333333334
AddInterfaceToURLServlet:0.04533333333333334
HttpMonitor:0.043333333333333335
DnsMonitor:0.043333333333333335
RRDListServlet:0.0033333333333333335
