SQL:0.4
XMLio:0.37333333333333335
EdgeDataset:0.37333333333333335
NBEdge:0.37
EdgeInfoJdbc:0.31666666666666665
EdgeInfoRetriever:0.25666666666666665
Where:0.14166666666666666
