Page:0.5733333333333334
WebCrawler:0.41333333333333333
Parser:0.25083333333333335
ImageCrawler:0.19666666666666666
LocalDataCollectorCrawler:0.17333333333333334
BasicCrawler:0.043333333333333335
StatusHandlerCrawler:0.04
