ExtentHelper:0.7066666666666667
ExtentsStrategy:0.3933333333333333
