Configuration:0.5233333333333333
AuthorizationFramework:0.4666666666666667
RuntimeEnvironment:0.42
AuthorizationPluginClassLoader:0.29833333333333334
IOUtils:0.22333333333333333
