TsneCalculation:0.49
Word2Vec:0.45666666666666667
Builder:0.4
TsneCalculationTest:0.19333333333333333
