LightweightThread:0.53
ParkableForkJoinTask:0.42333333333333334
A:0.31
C:0.3
PostParkActions:0.27051984126984113
InstrumentMethod:0.18
SuspendTest:0.16
CatchTest:0.13333333333333333
InitialSizeTest:0.12333333333333334
FinallyTest:0.11333333333333333
ThrowTest:0.11333333333333333
NullTest:0.10666666666666667
UninitializedTest:0.10666666666666667
Classes:0.09333333333333334
DoubleTest:0.08333333333333333
InheritTest:0.08
