Match:0.8666666666666667
MatchStrategy:0.5566666666666666
GraphCondition:0.3337857142857143
AbstractMorphism:0.3233333333333333
Search:0.3
SearchPlanStrategy:0.25666666666666665
SPORule:0.2435952380952381
DefaultGraphCondition:0.23666666666666666
SPOEvent:0.21666666666666667
AbstractMatchStrategy:0.07666666666666666
DefaultRuleMatch:0.04666666666666667
DefaultConditionMatch:0.04
RuleMatch:0.03666666666666667
