AlignmentAwareMemoryAccessor:0.45777777777777773
EndianAccessorBase:0.30333333333333334
BigEndianMemoryAccessor:0.3
LittleEndianMemoryAccessor:0.3
UnsafeBasedMemoryAccessor:0.14333333333333334
