LnF:0.41
LnFBridge:0.38666666666666666
App:0.2633333333333333
LookNFeelPanel:0.26
Theme:0.18333333333333332
