Layout:0.5980555555555556
Table:0.36
Window:0.35333333333333333
Widget:0.27
Slider:0.26666666666666666
WidgetGroup:0.24
Skin:0.23
