StatementAnalyzer:0.5733333333333334
InformationSchemaPageSourceProvider:0.5133333333333333
InformationSchemaMetadata:0.51
