TestRESTAPI:0.4266666666666667
Store:0.36
AkubraLowlevelStorageModule:0.30333333333333334
DefaultLowlevelStorage:0.2843888888888889
DatastreamFilenameHelper:0.2833333333333333
TestAPIM:0.25333333333333335
FOXMLDODeserializer:0.23027777777777778
AkubraLowlevelStorage:0.22666666666666666
DefaultDOManager:0.21466666666666667
DefaultLowlevelStorageModule:0.19666666666666666
AllSystemTestsConfigA:0.08067460317460316
