JavaMailer:0.6166666666666667
MailTransportParameters:0.38666666666666666
JavaMailerConfig:0.3233333333333333
MailTransportMonitor:0.25666666666666665
JavaMailNotificationStrategy:0.12333333333333334
MailTransportMonitorTest:0.056666666666666664
