Peer:0.62
PeerGroup:0.36
Context:0.2866666666666667
PeerTest:0.2
MemoryPoolTest:0.19333333333333333
PeerGroupTest:0.19
EnoughAvailablePeers:0.08333333333333333
