SQL92SQLGenerator:0.48
SQLGenerator:0.4633333333333333
PlattformConfig:0.4266666666666667
GraphvizLayout:0.36666666666666664
