AeronArchive:0.49666666666666665
ClusteredServiceAgent:0.29
AeronCluster:0.225
ArchiveProxy:0.21444444444444447
LogAppender:0.20666666666666667
EgressPublisher:0.14
