PollerConfig:0.7633333333333333
ProvisionerMBean:0.6766666666666666
PollerConfigFactory:0.56
PollerProvisioner:0.5533333333333333
Provisioner:0.41
MockPollerConfig:0.24666666666666667
XmlRpcServiceExporter:0.20666666666666667
OpenNMSProvisionerTest:0.20333333333333334
ProvisionerTest:0.18333333333333332
OpenNMSProvisioner:0.14666666666666667
CapsdTest:0.14166666666666666
ProvisionServer:0.10666666666666667
CapsdConfig:0.06
PollerConfigFactoryTest:0.021944444444444447
PollerConfigManager:0.0
CapsdConfigManager:0.0
