ChartEditorPart:0.3322222222222222
CorporaView:0.30666666666666664
JFCChartsSWTComponentsProvider:0.24
JFCChartEditorPart:0.20666666666666667
SVGPanel:0.19333333333333333
ComputeSpecifities:0.19333333333333333
ChartsEnginePreferencePage:0.18533333333333335
SVGChartsEditorPart:0.18333333333333332
ExportChart:0.12333333333333334
ExportChartEditorView:0.12
SVGComposite:0.08166666666666667
