SpdyStream:0.5133333333333333
SpdyConnection:0.405
SpdyReader:0.2511111111111111
Reader:0.21666666666666667
SpdyWriter:0.20333333333333334
SpdyConnectionTest:0.13
SpdyDataOutputStream:0.13
