AlignLeftArranger:0.6466666666666666
AlignRightArranger:0.48333333333333334
