Chunk:0.8766666666666667
ArscTable:0.35333333333333333
ArscTableTest:0.18
