JsonPath:0.8005555555555556
FilterTest:0.2833333333333333
