EventconfFactory:0.47
EventConstants:0.44333333333333336
Eventd:0.41333333333333333
ThresholdController:0.29
EventConfigurationManager:0.21333333333333335
