SarosUI:0.4666666666666667
MessagingAction:0.4533333333333333
MessagingWindow:0.3333333333333333
MessagingManager:0.26
ConnectDisconnectAction:0.16333333333333333
DeleteContactAction:0.15
RenameContactAction:0.15
InviteAction:0.14666666666666667
