Obj:0.57
ClassFileUtils:0.34
Enhancer:0.2733333333333333
MetaClass:0.21916666666666668
TestEnhancer:0.20666666666666667
ClassFileConstants:0.0
