ChartColumn:0.5866666666666667
InvoiceTest:0.5033333333333333
Chart:0.3433333333333333
Charts:0.25
Invoice2Test:0.22333333333333333
