EjbcaWebBean:0.8
ApprovalDataVOView:0.2633333333333333
ListApproveActionSessionBean:0.23
HTMLTools:0.21333333333333335
EjbcaJSFLanguageResource:0.19333333333333333
ApproveActionSessionBean:0.18
BaseManagedBean:0.11
