Polarizability:0.5022222222222222
PolarizabilityTest:0.2916666666666667
