PrecisionAtN:0.48
ReciprocalRank:0.4744444444444445
PrecisionAtNTests:0.11666666666666667
ReciprocalRankTests:0.08
RatingMapping:0.02666666666666667
