SequenceCheckMenuListener:0.6080952380952381
AnalysisMenu:0.32666666666666666
HelpMenu:0.3
