DataObjectFactory:0.5533333333333333
AccessVocabulary:0.5405555555555556
FileSystemCrawler:0.4766666666666667
