AbstractElement:0.75
Property:0.5011111111111112
ComponentSubform:0.21333333333333335
ElementButton:0.20333333333333334
ComponentVerticalLayout:0.17333333333333334
ComponentHorizontalLayout:0.17333333333333334
ComponentGridLayout:0.17333333333333334
ComponentPanel:0.17333333333333334
ComponentFactory:0.15444444444444444
ComponentButton:0.15333333333333332
FormRenderer:0.08
