ChadoAdapter:0.5033333333333333
JdbcChadoAdapter:0.43333333333333335
FlybaseChadoInstance:0.30666666666666664
TigrSybilChadoInstance:0.23
FeatureLocImplementation:0.16333333333333333
SybaseChadoAdapter:0.15416666666666667
PostgresChadoAdapter:0.13416666666666666
ChadoFeatureLoc:0.13333333333333333
