Tag:0.81
ElementsTest:0.31666666666666665
TagTest:0.2733333333333333
TextNodeTest:0.19666666666666666
NodeTest:0.17
