NV_vertex_buffer_unified_memory:0.5866666666666667
NV_shader_buffer_load:0.4572222222222223
