ValidationUtility:0.5
DefaultManagement:0.35
ValidationException:0.31333333333333335
METSLikeDODeserializer:0.22
FOXMLDODeserializer:0.19916666666666666
ObjectIntegrityException:0.19333333333333333
ObjectValidityException:0.14333333333333334
