HTMLDocument:0.78
DocumentTest:0.4655555555555555
HTMLDocumentTest:0.31333333333333335
