FragmentIoTests:0.6533333333333333
ClassSpaceTest:0.2866666666666667
BaseIoTest:0.28
JarCreator:0.24333333333333335
BundleJarTest:0.18333333333333332
