Criteria:0.53
FilterTest:0.4033333333333333
ValueListNode:0.26666666666666666
FilterParseTest:0.17666666666666667
SubsetOfEvaluator:0.006666666666666667
