SideKick:0.5866666666666667
SideKickPlugin:0.4033333333333333
SideKickTree:0.2733333333333333
ActionHandler:0.1577777777777778
SideKickOptionPane:0.12333333333333334
BufferChangeListener:0.01
