AjaxViewRoot:0.4802777777777777
FlowDefinitionResourceFactory:0.4766666666666667
AjaxEventInterceptorRenderer:0.43666666666666665
