WindowManager:0.5733333333333334
OK:0.3433333333333333
Report:0.29333333333333333
Cancel:0.24333333333333335
DefaultWindowManager:0.23666666666666666
EditView:0.23
AbstractWindowManager:0.22666666666666666
PrintTask:0.20666666666666667
ReportHTMLSheets:0.18333333333333332
PlaceBean:0.18
ActionOpen:0.18
GeoView:0.17666666666666667
ReportHTMLTable:0.17333333333333334
Choose:0.17
Init:0.16
ChoiceBean:0.16
ActionSearch:0.15666666666666668
Del:0.15
DoImport:0.14333333333333334
AbstractChange:0.13333333333333333
Loader:0.13
Delete:0.12333333333333334
PrintManager:0.12333333333333334
Startup:0.12333333333333334
ActionSave:0.12
HelpWidget:0.11666666666666667
ProgressWidget:0.11666666666666667
TogglePrivate:0.11333333333333333
Update:0.11
ActionStart:0.10666666666666667
Cut:0.10333333333333333
SwitchCalendar:0.1
Propagate:0.1
Add:0.08666666666666667
CreateRelationship:0.08333333333333333
ActionBookmark:0.07666666666666666
ActionOptions:0.07666666666666666
ActionInsert:0.07666666666666666
ActionExit:0.07666666666666666
ActionClose:0.07333333333333333
CreateEntity:0.02666666666666667
Close:0.023333333333333334
