X3DParser:0.6166666666666667
LODImport:0.3933333333333333
TransformImport:0.2942222222222222
