SwingUtilities2:0.44
Synth2GlobalProperties:0.426626984126984
Synth2Parser:0.3566666666666667
