FullRestartStressTest:0.8133333333333334
MatchAllQueryBuilder:0.41333333333333333
