Query:0.5083333333333333
BaseColumn:0.3466666666666667
ColumnBaseAbstract:0.24333333333333335
MinuteProjectUtils:0.19666666666666666
