AbstractJPPFClient:0.57
NodeExecutionManagerImpl:0.47
TestJPPFClient:0.23666666666666666
ThreadContextClassLoaderTask:0.13277777777777777
