BinderHelper:0.7666666666666667
ObjectKeys:0.416984126984127
MobileAjaxController:0.36333333333333334
ReportModuleImpl:0.31333333333333335
