DefaultPlatformManager:0.5666666666666667
ModuleClassLoader:0.37
Deployment:0.3233333333333333
RedeployerTest:0.25333333333333335
ModuleFields:0.2111111111111111
