KeywordType:0.6808333333333333
Role:0.6808333333333333
DescriptionsTest:0.5163888888888889
