Game:0.3566666666666667
GdxImage:0.34
TextAreaTest:0.29777777777777775
GdxFont:0.2833333333333333
ButtonTest:0.24333333333333335
AndroidTexture:0.21666666666666667
GdxTexture:0.20333333333333334
Screen:0.16583333333333333
GdxCacheContext:0.11666666666666667
