MediaDriverContext:0.38
MediaDriver:0.34
MediaConductor:0.3277777777777778
ClientConductor:0.21666666666666667
ReceiverTest:0.15833333333333333
MediaConductorTest:0.14416666666666667
