PartitionClientRequest:0.3466666666666667
MapPutRequest:0.3333333333333333
MapGetRequest:0.33
MapRemoveRequest:0.33
CallbackImpl:0.2591111111111111
