ObjectNode:0.7066666666666667
ObjectChildren:0.5866666666666667
