Invocation:0.47333333333333333
Worker:0.32666666666666666
MethodEntrySym:0.29333333333333333
InvocationUtil:0.29333333333333333
JfieldSym:0.29
INVOKESTATIC:0.26666666666666666
INVOKESPECIAL:0.26666666666666666
INVOKEINTERFACE:0.26666666666666666
INVOKECLINIT:0.26666666666666666
INVOKEVIRTUAL:0.26666666666666666
JclassSym:0.23333333333333334
Invoking:0.18333333333333332
JmethodSym:0.11333333333333333
InstructionSym:0.04
ClassSym:0.023333333333333334
InvocationSym:0.013333333333333334
InstructionUtil:0.013333333333333334
JnonclassSym:0.006666666666666667
