ClientWiredStatelessChronicleMap:0.6466666666666666
MapStatelessClient:0.30666666666666664
