WordVectorSerializer:0.3283333333333333
WordVectorsImpl:0.31638888888888883
VectorsConfiguration:0.29177777777777775
Builder:0.25666666666666665
SequenceVectors:0.17666666666666667
VocabConstructor:0.14933333333333332
Word2VecTests:0.09666666666666666
