IndexAwarePredicate:0.56
Index:0.38333333333333336
MapIndexService:0.30666666666666664
Node:0.2866666666666667
QueryContext:0.22666666666666666
EqualPredicate:0.22
InPredicate:0.22
ConcurrentMapManager:0.21166666666666667
SqlPredicate:0.2
CMap:0.19166666666666668
InitialState:0.13333333333333333
BetweenPredicate:0.13
GreaterLessPredicate:0.13
QueryService:0.12333333333333334
AndOrPredicate:0.10833333333333334
PredicateBuilder:0.08527777777777777
NodeFactory:0.08333333333333333
MultiResultSet:0.06833333333333333
MapIndexServiceTest:0.01
SingleResultSet:0.006666666666666667
