EncodedElement:0.5377777777777778
ValueType:0.38
Renderers:0.37022222222222223
ValueAttribute:0.36
Encoding:0.3433333333333333
Instantiation:0.30333333333333334
InstantiationCreator:0.08
AbstractValuesTemplate:0.0
Builtins:0.0
