AstBuilder:0.53
StatementAnalyzer:0.49666666666666665
AstVisitor:0.30666666666666664
