MockIFile:0.7
CDKManager:0.4533333333333333
CDKManagerTest:0.3333333333333333
TestCDKMolecule:0.26666666666666666
ICDKManager:0.2580555555555556
