Init:0.5285714285714286
WebApp:0.44
AutomagicMadvocConfigurator:0.32
MyComponent:0.19333333333333333
ComponentTestBase:0.10333333333333333
MadvocListener:0.063
