ContainerDecorator:0.695
TaskConfig:0.49
AddExtraHostContainerDecoratorTest:0.32
BindVolumeContainerDecorator:0.13333333333333333
SyslogRedirectingContainerDecorator:0.13166666666666665
NoOpContainerDecorator:0.08738888888888888
AddExtraHostContainerDecorator:0.08
