Wallet:0.5633333333333334
DeterministicKeyChain:0.49
KeyChainGroup:0.38666666666666666
