DefaultRegisteredServiceAccessStrategy:0.8833333333333333
RegisteredServiceTestUtils:0.31666666666666665
CollectionUtils:0.25333333333333335
