Subject:0.8433333333333334
HL7V3MessageBuilderHelper:0.36
SubjectBuilder:0.2966666666666667
PRPA_IN201306UV02_Message_Builder:0.21
