DisplacementChargeFromDonorReactionTest:0.33
RearrangementAnion2Reaction:0.31666666666666665
RearrangementAnion2ReactionTest:0.30333333333333334
DisplacementChargeFromDonorReaction:0.25333333333333335
StructureResonanceGeneratorTest:0.20527777777777778
MreactionTests:0.17
ReactionTypeTest:0.14444444444444446
DisplacementChargeFromAcceptorReaction:0.13666666666666666
