Window:0.4166666666666667
Node:0.36666666666666664
HTMLElement:0.32
Event:0.3
ComputedCSSStyleDeclaration:0.2966666666666667
HtmlUnitContextFactory:0.25666666666666665
XMLHttpRequest:0.24
EventTarget:0.20777777777777778
RecursiveFunctionObject:0.19333333333333333
MessagePort:0.11333333333333333
