SystemProperties:0.6466666666666666
ClassLoaderUtil:0.53
DrawProperties:0.37
SubstitutionDefinitions:0.2086111111111111
FreemarkerConfiguration:0.15
EJB3Delegate:0.14666666666666667
ValidatorManager:0.13666666666666666
InitializerLogic:0.13666666666666666
SubstitutionCriteriaDefinitions:0.06666666666666667
