InternalEngine:0.5933333333333334
IndexLevelReplicationTests:0.32
InternalEngineTests:0.21333333333333335
