AdhocQueryRequest:0.3233333333333333
SubmitObjectsRequest:0.30666666666666664
FindDocuments:0.2816666666666667
ProvideAndRegisterDocumentSet:0.24666666666666667
GetSubmissionSetAndContents:0.24277777777777781
RetrieveDocumentSet:0.19
StoredQueryFactory:0.165
