ClassScanner:0.73
AutomagicDbOomConfigurator:0.29333333333333333
AutomagicPetiteConfigurator:0.27
ClassLoaderUtilTest:0.24333333333333335
