Flyway:0.6366666666666667
MigrateMojo:0.16333333333333333
