SaturationCheckerTest:0.5433333333333333
AlgorithmLimitations:0.10333333333333333
