UserExt:0.8163888888888889
UserMgmtService:0.3433333333333333
LoginProcessor:0.29333333333333333
CommentQueryService:0.18666666666666668
OauthProcessor:0.16666666666666666
