Todo:0.7533333333333333
TodoListsManagerImpl:0.2833333333333333
ManageTodosAction:0.23333333333333334
TodosDecorator:0.19
TodosManager:0.18833333333333332
TodoListsManager:0.12083333333333333
TodosManagerImpl:0.1
ShowRssFeedAction:0.08666666666666667
TodoDAOHibernate:0.03333333333333333
TodoDAO:0.013333333333333334
