Window:0.5666666666666667
MouseTest:0.22333333333333333
FullScreenWindowedTest:0.21333333333333335
PbufferTest:0.21333333333333335
ControllerTest:0.21333333333333335
ShadersTest:0.21333333333333335
KeyboardTest:0.17333333333333334
PositionTest:0.17333333333333334
Grass:0.17333333333333334
HWCursorTest:0.16666666666666666
Game:0.14
VBOTest:0.12333333333333334
VBOIndexTest:0.12333333333333334
