TryTest:0.38666666666666666
Tuple8:0.3
Tuple4:0.3
Tuple5:0.3
Tuple6:0.3
Tuple7:0.3
Tuple3:0.24333333333333335
Tuple2:0.23333333333333334
Try:0.22666666666666666
Tuple1:0.20333333333333334
Tuple4Test:0.18333333333333332
Tuple2Test:0.18111111111111108
Tuple1Test:0.17944444444444443
Tuple3Test:0.16
Tuple5Test:0.11
Tuple8Test:0.11
Tuple7Test:0.10333333333333333
Tuple6Test:0.1
