BinderModule:0.8066666666666666
BinderProcessor:0.5208888888888888
AbstractBinderProcessor:0.41
FolderEntryResource:0.18666666666666668
BinderModuleImpl:0.17333333333333334
FolderResource:0.17333333333333334
WorkspaceResource:0.16666666666666666
BinderResource:0.03
