QueueService:0.5266666666666666
QueueProxySupport:0.38
HazelcastInstanceImpl:0.22333333333333333
QueueMigrationOperation:0.185
AddAllOperation:0.16666666666666666
ServiceManager:0.16333333333333333
CompareAndRemoveOperation:0.15
QueueOperation:0.13666666666666666
QueueIterator:0.13666666666666666
AddAllBackupOperation:0.09666666666666666
ContainsOperation:0.09666666666666666
