VocabularyWriter:0.585
ApertureTestBase:0.4533333333333333
TestFileSystemCrawler:0.36833333333333335
