Translog:0.45
View:0.39416666666666667
InternalEngine:0.36
Location:0.31
OnCloseRunnable:0.3027420634920635
DeleteByQuery:0.3
Sync:0.20777777777777778
FsView:0.17
TranslogGeneration:0.12833333333333333
