ActivityController:0.37333333333333335
ShadowLooper:0.36666666666666664
ShadowResourcesTest:0.35
ActivityControllerTest:0.32
MyActivity:0.2966666666666667
ShadowMessageQueue:0.22
RoboMonitoringInstrumentation:0.14
ShadowViewRootImpl:0.13833333333333334
ActivityTestRuleTest:0.0925
