LFUCache:0.5227222222222222
AbstractCacheMap:0.52
FileLFUCache:0.44333333333333336
LRUCache:0.27
