Layer:0.7666666666666667
MultiLayerNetwork:0.4666666666666667
OutputLayer:0.3566666666666667
SimpleOptimizableModel:0.32
LSTM:0.24777777777777782
BaseLayer:0.22
BaseUpdater:0.20333333333333334
GradientCheckTests:0.19
RNTN:0.15333333333333332
TestSetGetParameters:0.10333333333333333
