ResourceLoader:0.69
DocumentLoader:0.56
ViewLoaderTest:0.30333333333333334
TestAttributeSetTest:0.17
ColorResourceLoaderTest:0.17
AttrResourceLoaderTest:0.13666666666666666
StringResourceLoaderTest:0.13333333333333333
StringArrayResourceLoaderTest:0.12666666666666668
