ByteArrayClassLoader:0.5666666666666667
ClassInjectorUsingReflectionTest:0.23
FieldByFieldComparison:0.22361111111111115
PackageLookupStrategy:0.21777777777777782
SynchronizationStrategy:0.15333333333333332
ForJava8CapableVm:0.13666666666666666
ForJava7CapableVm:0.08333333333333333
ByteArrayClassLoaderSynchronizationStrategyTest:0.03333333333333333
