Py:0.84
PySystemState:0.5008333333333334
exceptions:0.43333333333333335
