JPPFContainer:0.49666666666666665
ObjectReadTask:0.41800000000000004
SocketConnectorIoHandler:0.39666666666666667
NodeIO:0.23333333333333334
