BinderModule:0.5966666666666667
FolderModule:0.56
Principal:0.3933333333333333
DefinableEntity:0.36666666666666664
BinderModuleImpl:0.33
DashboardHelper:0.33
User:0.32
AjaxController:0.2
ListFolderController:0.19
WebKeys:0.17777777777777776
FolderModuleImpl:0.16333333333333333
EditController:0.15333333333333332
ViewController:0.14
ViewEntryController:0.11
ObjectKeys:0.04666666666666667
