CqiClient:0.7483333333333333
CreatePartition:0.23888888888888885
