Transcript:0.65
SequenceTextPanel:0.5366666666666666
Controller:0.43
AnnotationMenu:0.24666666666666667
