Word:0.41333333333333333
HelpIndex:0.30666666666666664
StatusBar:0.27666666666666667
MouseHandler:0.2375851370851371
ResultCompare:0.23248015873015873
Result:0.18
ActionHandler:0.17888888888888888
BrowserCommandsMenu:0.09666666666666666
CaretHandler:0.09333333333333334
ResultRenderer:0.08333333333333333
ResultIcon:0.05
