DicomImageFilter:0.9133333333333333
ImageCache:0.47333333333333333
DicomImageFilterTest:0.41333333333333333
