LookDefinitionHandler:0.42333333333333334
Property:0.3566666666666667
EmbeddedWindowsManager:0.27666666666666667
LookCapacitiesWriter:0.24666666666666667
ServerWindow:0.23861111111111113
DecorationPainterTest:0.23833333333333334
LookDefinitionWriter:0.23666666666666666
AbstractLookWriter:0.20666666666666667
LookCapacitiesHandler:0.20666666666666667
OverlayRendererTest:0.19333333333333333
ServerCockpitConnectors2Test:0.185
LookDefinitionHandlerCheckKO5Test:0.17666666666666667
LookDefinitionHandlerCheckKO3Test:0.17666666666666667
LookDefinitionHandlerCheckKO4Test:0.16333333333333333
PropertyParser:0.13666666666666666
LookDefinitionWriterTest:0.12666666666666668
LookCapacititesHandlerCheckKO2Test:0.11333333333333333
ServerCockpitConnectors3Test:0.08333333333333333
WidgetEventListener:0.013333333333333334
