MultiLayerNetwork:0.48
ComputationGraph:0.42
RecordReaderDataSetIterator:0.23666666666666666
DummyFuture:0.19
Builder:0.16333333333333333
AsyncPrefetchThread:0.07666666666666666
DataSetCallable:0.03333333333333333
OrderedBatch:0.0033333333333333335
