TestArrayBlock:0.2633333333333333
TestLongArrayBlock:0.24666666666666667
TestShortArrayBlock:0.24666666666666667
TestIntArrayBlock:0.24666666666666667
TestByteArrayBlock:0.24666666666666667
AbstractTestBlock:0.24333333333333335
TestRowBlock:0.24333333333333335
TestMapBlock:0.24
TestDictionaryAwarePageProjection:0.21333333333333335
TestFixedWidthBlock:0.19666666666666666
TestDictionaryBlock:0.19666666666666666
TestVariableWidthBlock:0.19666666666666666
TestSliceArrayBlock:0.19
