Producer:0.6841111111111111
QStateMultiScale:0.4021111111111111
