MoleculesIndexEditorInput:0.7633333333333333
SDFAdapterFactory:0.35333333333333333
