DateTimeFormatterBuilder:0.43333333333333335
TestDateTimeFormat:0.31333333333333335
DateTimeFormat:0.3056666666666667
TwoDigitYear:0.2633333333333333
NumberFormatter:0.15666666666666668
