TestMutableDateTime_Properties:0.32666666666666666
TestDateTime_Properties:0.3233333333333333
TestDateMidnight_Properties:0.21
AbstractReadableInstantFieldProperty:0.14666666666666667
