LinkUriUtil:0.5683333333333334
ResourceUtil:0.52
SelfResource:0.30333333333333334
