AbstractCasWebflowConfigurer:0.38
AbstractPrincipalAttributesRepository:0.31666666666666665
RegisteredServiceAccessStrategyUtils:0.3016666666666667
AbstractServiceValidateController:0.2966666666666667
BaseSpnegoKnownClientSystemsFilterAction:0.2633333333333333
CachingOneTimeTokenRepository:0.17
