id:0.4494444444444445
ShadowResourcesTest:0.43666666666666665
ShadowThemeTest:0.3566666666666667
GradleManifestFactoryTest:0.35333333333333333
ResourceParserTest:0.21333333333333335
StyleResolver:0.17444444444444446
color:0.155
bool:0.155
style:0.155
