OracleDataStore:0.5605555555555556
PostgresDataStore:0.38416666666666666
