JobSubmission:0.596111111111111
SubmissionManager:0.5364444444444445
JPPFJob:0.4
JPPFResultCollector:0.39
JPPFConnectionImpl:0.27666666666666667
JPPFResourceAdapter:0.26
JcaJobSubmission:0.26
AbstractJPPFClientConnection:0.22666666666666666
JcaSubmissionManager:0.22666666666666666
AbstractJobSubmission:0.08333333333333333
SubmissionManagerImpl:0.07666666666666666
AbstractSubmissionManager:0.07666666666666666
JobSubmissionImpl:0.07416666666666667
