ValueAttribute:0.4266666666666667
Parameter:0.4166666666666667
Generics:0.23444444444444448
JacksonGenericsTest:0.14
Gsons:0.08666666666666667
WholeTypeVariable:0.07
