QueueStatistics:0.43666666666666665
MapStatistics:0.39666666666666667
InstanceStatistics:0.31666666666666665
LocalQueueStatistics:0.016666666666666666
