ActivityStreamCtrl:0.37666666666666665
GwtTeamingMessages:0.32666666666666666
GwtServerHelper:0.32666666666666666
GwtRpcService:0.31337301587301586
ActivityStreamUIEntry:0.2866666666666667
GwtRpcServiceAsync:0.2833333333333333
GwtTeamingImageBundle:0.2833333333333333
ActivityStreamParams:0.24333333333333335
GwtRpcServiceImpl:0.23666666666666666
GwtActivityStreamHelper:0.19666666666666666
PopupMenuItem:0.13333333333333333
ShowSettingPopupMenu:0.023333333333333334
ObjectKeys:0.0033333333333333335
