Tab:0.7833333333333333
TabProviderBase:0.3566666666666667
Invoice2:0.27
DoGroupAction:0.08666666666666667
