ResourceIndexImpl:0.6277777777777778
TestResourceIndexImpl:0.30333333333333334
