Row:0.7966666666666666
PosPanel:0.33044444444444443
