FeatureLayer:0.6333333333333333
StyleException:0.23666666666666666
FeatureLayerEvent:0.2
FeatureCanvas:0.18944444444444442
FeatureDisplayFactory:0.04666666666666667
FeatureLayerListener:0.03
FeatureDisplayCapabilities:0.0011111111111111111
WebFeatureCanvas:0.0
