ClassLoaderUtilTest:0.4
PropsUtilTest:0.2966666666666667
ExtendedURLClassLoaderTest:0.21
MixedScope343Test:0.17666666666666667
MadvocSuiteTest:0.17666666666666667
