BufferOfCockpitCommandsConverter:0.528
ARINCCockpitItemFactory:0.37166666666666665
FreeARINCUtils:0.26666666666666666
JFXCockpitItemRendererFactory:0.255
