VarbinaryType:0.22666666666666666
VarcharType:0.22666666666666666
DoubleType:0.22666666666666666
BooleanType:0.22666666666666666
TimestampType:0.22666666666666666
DateType:0.22666666666666666
BigintType:0.22666666666666666
