VariableValueFactory:0.54
FlowVariable:0.4033333333333333
FlowTests:0.33
ViewVariable:0.20750000000000002
BeanFactoryVariableValueFactory:0.15666666666666668
FlowVariableTests:0.14
BeanFactoryVariableValueFactoryTests:0.05333333333333334
