ConsolePlugin:0.51
SystemShell:0.44666666666666666
Shell:0.4033333333333333
StringList:0.31666666666666665
Console:0.29
ErrorMatcher:0.23
DirectoryStack:0.21666666666666667
ConsoleProcess:0.19
Windows9x:0.18333333333333332
set:0.18333333333333332
CommandoToolBar:0.16666666666666666
CommandoCommand:0.16666666666666666
StreamThread:0.13666666666666666
unset:0.12333333333333334
Unix:0.12
ShellState:0.12
Generic:0.11333333333333333
ErrorsOptionPane:0.11333333333333333
CommandOutputParserThread:0.11
ConsoleBeanShell:0.1025
ProcessRunner:0.06666666666666667
WindowsNT:0.056666666666666664
env:0.05333333333333334
GeneralOptionPane:0.02666666666666667
