GwtServerHelper:0.45
SearchFilter:0.3466666666666667
GwtActivityStreamHelper:0.3433333333333333
ActivityStreamInfo:0.334
SpecificFolderData:0.25333333333333335
GwtRpcServiceImpl:0.23333333333333334
GwtViewHelper:0.23166666666666666
BlogFolderView:0.2
ASEntryData:0.19666666666666666
ActivityStreamCtrl:0.19
GetActivityStreamDataCmd:0.18
