ClientMapNearCacheTest:0.43
CacheStatisticsImpl:0.41333333333333333
ManagedNearCacheRecordStore:0.2833333333333333
ClientCacheStatisticsImpl:0.27444444444444444
ConfigValidator:0.23666666666666666
