SymbolTable:0.7227777777777779
ClassDescriptor:0.5933333333333334
