T1:0.6666666666666666
NullAwayTest:0.5683333333333334
T7:0.38666666666666666
ErrorProneCLIFlagsConfig:0.24333333333333335
