Inventory:0.58
ItemResource:0.38666666666666666
TestInventory:0.27
Mind:0.25333333333333335
GoodsManager:0.25
LoadVehicleTest:0.23666666666666666
TestItemResource:0.21333333333333335
MalfunctionManager:0.21333333333333335
RoverMission:0.19666666666666666
CollectResources:0.18333333333333332
TestGoods:0.16
UnloadVehicleTest:0.02666666666666667
MalfunctionFactory:0.02666666666666667
