Algorithms:0.4866666666666667
ChainingMetadataResolverCacheLoader:0.4066666666666667
SamlUtils:0.36333333333333334
SamlIdPConfiguration:0.36
SamlObjectSigner:0.30666666666666664
SamlIdPProperties:0.30333333333333334
SamlObjectEncrypter:0.19666666666666666
Response:0.19333333333333333
SamlIdPEntityIdAuthenticationRequestServiceSelectionStrategy:0.07777777777777778
DefaultSamlRegisteredServiceCachingMetadataResolver:0.04666666666666667
SamlIdPSingleLogoutServiceLogoutUrlBuilder:0.03333333333333333
