DynamicClusterTest:0.6
OutRunnable:0.5733333333333334
ProxyHelper:0.2966666666666667
DefaultClientBinder:0.17
