string:0.2911111111111111
ColorResourceLoader:0.29
ResourceReferenceResolver:0.25333333333333335
ResourceLoader:0.24333333333333335
StringResourceLoader:0.23666666666666666
StringArrayResourceLoader:0.22333333333333333
id:0.19666666666666666
StringArrayResourceLoaderTest:0.16
array:0.1288888888888889
StringResourceLoaderTest:0.05
