RetryingRequestDispatcher:0.5166666666666667
Builder:0.3433333333333333
RetryingRequestDispatcherTest:0.2633333333333333
