Operation:0.41333333333333333
BSHTypeSupport:0.31333333333333335
BSHDecisionModel:0.26
BSHEditorDialog:0.23
DefaultDelegationElement:0.14
NumberType:0.10666666666666667
OpenVisualFormEditorDelegate:0.10666666666666667
DateType:0.10666666666666667
PluginConstants:0.014285714285714285
