RepRapBuild:0.49
STLObject:0.4033333333333333
RepRapBuildPanel:0.21
MouseObject:0.08666666666666667
SimpleListener:0.08
