FormUtils:0.30666666666666664
ListFormat:0.28944444444444445
WFFormTag:0.2733333333333333
EditLinkedListsTag:0.20333333333333334
BaseProcessFormAction:0.18
EditListTag:0.12083333333333333
OptionsMultipleSelectTag:0.04666666666666667
DisplayLinkedListsTag:0.03666666666666667
DisplayLinkedMapsTag:0.0
