JadxCLI:0.5066666666666667
MainWindow:0.4483333333333333
JadxGUI:0.12
