Dictionary:0.52
Configuration:0.48333333333333334
AnalyzeContext:0.2733333333333333
IKAnalyzer:0.24666666666666667
IKTokenizer:0.19666666666666666
IKIndicesAnalysis:0.13333333333333333
IkTokenizerFactory:0.12333333333333334
IKSegmenter:0.11
IkAnalyzerProvider:0.11
CharacterUtil:0.04666666666666667
