XRandR:0.5766666666666667
Screen:0.3466666666666667
