RangeSet:0.62
HealpixBase:0.43333333333333335
HealpixIndex:0.25333333333333335
HealpixMapDouble:0.20666666666666667
HealpixMapFloat:0.20666666666666667
DataSphere:0.19666666666666666
RingSphere:0.13666666666666666
ZoneSphere:0.13666666666666666
FaceSphere:0.11333333333333333
NestSphere:0.11333333333333333
HealpixPixelDataSphere:0.11333333333333333
