MessageDispatcher:0.51
PayloadLoggingInterceptor:0.30333333333333334
MessageDispatcherTest:0.21
PayloadEndpointAdapter:0.19333333333333333
PayloadEndpointAdapterTest:0.16666666666666666
PayloadLoggingInterceptorTest:0.14333333333333334
TransformerObjectSupport:0.06333333333333334
