RuntimeEnvironment:0.5733333333333334
AuthorizationPluginClassLoader:0.325
AuthorizationFramework:0.31
Group:0.275
IAuthorizationPlugin:0.25166666666666665
TestPlugin:0.20716666666666667
