Generator:0.44
CommandLineTool:0.41
ResultSave:0.24666666666666667
OutputOption:0.22638888888888892
ExportSimulationOption:0.2088888888888889
ExportSimulationFlagsOption:0.15333333333333332
ExportSimulationFlags:0.1163888888888889
ResultSaveOption:0.04666666666666667
