MapStatisticsPanel:0.5616666666666666
MapTimesPanel:0.49666666666666665
HazelcastMonitor:0.3433333333333333
ChartGenerator:0.13333333333333333
