StatusMessageFlyweight:0.56
DriverConnection:0.3566666666666667
EventCodec:0.23333333333333334
ReceiveChannelEndpoint:0.18666666666666668
SendChannelEndpoint:0.17
ReceiverTest:0.15833333333333333
UnicastSenderFlowControl:0.13666666666666666
DefaultMulticastSenderFlowControl:0.13666666666666666
PubMulticastTest:0.11333333333333333
PubUnicastTest:0.11333333333333333
