Question:0.7666666666666667
QuestionForm:0.51
QuestionAction:0.31666666666666665
KeyWordAction:0.2733333333333333
