FileAppenderFactory:0.5266666666666666
SyslogAppenderFactory:0.5158333333333334
LoggingFactoryTest:0.14333333333333334
AbstractAppenderFactory:0.14333333333333334
