IBatchListener:0.44842857142857134
DataLoaderService:0.33
AbstractTextPublisherFilter:0.235
XmlPublisherFilter:0.235
ConfigurationChangedFilter:0.22666666666666666
