Json:0.5672222222222222
Texture:0.5233333333333333
Bits:0.51
