GETSTATIC:0.39444444444444443
PUTSTATIC:0.39444444444444443
