TestXACMLPolicies:0.7166666666666667
ResourceAttributeFinderModule:0.41333333333333333
ObjectNamespace:0.2
