IMolecularFormula:0.56
IMolecularFormulaSet:0.5583333333333333
MolecularFormulaSet:0.46
MolecularFormulaManipulator:0.4166666666666667
NoNotificationChemObjectBuilder:0.32666666666666666
DefaultChemObjectBuilder:0.31666666666666665
MolecularFormula:0.2966666666666667
DebugChemObjectBuilder:0.2733333333333333
IChemObjectBuilder:0.23833333333333334
MolecularFormulaManipulatorTest:0.23
IAdductFormula:0.22166666666666668
DebugAdductFormula:0.22
CMLRoundTripTest:0.22
AdductFormula:0.21944444444444447
DebugMolecularFormulaSet:0.21333333333333335
GENMDeterministicGenerator:0.20333333333333334
MassToFormulaToolTest:0.19333333333333333
MassToFormulaTool:0.19333333333333333
Convertor:0.18666666666666668
DebugMolecularFormula:0.18333333333333332
MolecularFormulaRangeManipulatorTest:0.13666666666666666
MolecularFormulaSetManipulator:0.135
IsotopePatternGenerator:0.11666666666666667
ElementRule:0.1
NNMolecularFormula:0.05333333333333334
MolecularFormulaRangeManipulator:0.05333333333333334
NNMolecularFormulaSet:0.03
NNAdductFormula:0.03
