PropertyBean:0.8566666666666667
BeanPanel:0.4633333333333333
EditCol:0.24
DateBean:0.14333333333333334
