BasicBondGenerator:0.7
BasicAtomGenerator:0.4866666666666667
BasicGenerator:0.24333333333333335
RingGenerator:0.15
