KernelQedeqBo:0.7233333333333334
QedeqBo:0.5933333333333334
StateManager:0.4266666666666667
DefaultKernelQedeqBo:0.2733333333333333
SimpleProofFinderExecutor:0.21333333333333335
DynamicHeuristicCheckerExecutor:0.20666666666666667
FormalProofCheckerExecutor:0.19666666666666666
KernelContext:0.19333333333333333
Qedeq2LatexExecutor:0.18666666666666668
DefaultInternalKernelServices:0.17
KernelServices:0.1608730158730159
WellFormedCheckerExecutor:0.15333333333333332
Qedeq2Utf8Executor:0.14
