View:0.7344444444444443
WarehouseTest:0.3566666666666667
TaskTest:0.18666666666666668
CustomerContactPersonAsAggregate3LevelsTest:0.12333333333333334
