IInvitationProcess:0.5466666666666666
InvitationProcess:0.4166666666666667
XMPPChatTransmitter:0.37666666666666665
InvitationDialog:0.35
JoinSessionWizard:0.33
