GravesBidirectionalLSTMTest:0.32666666666666666
GravesLSTM:0.30666666666666664
GravesBidirectionalLSTM:0.30666666666666664
ConvolutionLayer:0.3
LSTMHelpers:0.24333333333333335
Builder:0.14166666666666666
