HopParser:0.3933333333333333
HopSymbolTableWalker:0.38333333333333336
HopLexer:0.3466666666666667
DFA19:0.26666666666666666
AntlrTokenReader:0.17666666666666667
DFA20:0.15666666666666668
DFA15:0.14666666666666667
DFA18:0.11
DFA27:0.11
