Table:0.6066666666666667
PrimaryKey:0.33666666666666667
ForeignKey:0.2833333333333333
Index:0.27666666666666667
AbstractConstraint:0.22666666666666666
Sequence:0.1761111111111111
BasicAuxiliaryDatabaseObjectImpl:0.08666666666666667
UniqueKey:0.056666666666666664
Exportable:0.013333333333333334
