AtopSplit:0.5333333333333333
TestingAtopFactory:0.26
AtopPageSourceProvider:0.21
AtopConnectorConfig:0.17666666666666667
AtopPageSource:0.17333333333333334
TestingAtop:0.14333333333333334
AtopSplitManager:0.12666666666666668
AtopProcessFactory:0.12666666666666668
AtopFactory:0.0938095238095238
