TextureAttribute:0.6118333333333333
HybridLightTest:0.5566666666666666
StillModelViewerGL20:0.4716666666666667
