HiveClientConfig:0.71
HiveClient:0.5266666666666666
AbstractTestHiveClient:0.32
TestHiveClientConfig:0.21666666666666667
