ConcurrentHashMap:0.5513888888888889
AbstractVanillaSharedMap:0.33666666666666667
