RuntimeEnvironment:0.6366666666666667
ProjectHelper:0.3933333333333333
PageConfig:0.3375
ProjectHelperTestBase:0.24666666666666667
ProjectHelperTest:0.07666666666666666
