FolderModule:0.7208333333333333
AbstractBinderProcessor:0.5783333333333334
GwtNetFolderHelper:0.4583333333333333
BaseFolderModule:0.2813333333333334
