ConfigurationWizard:0.36666666666666664
StatisticSubmissionWizardPage:0.35333333333333333
