InGameController:0.5446666666666666
GUI:0.4666666666666667
InGameInputHandler:0.2833333333333333
