NodeEnvironment:0.4666666666666667
Security:0.4533333333333333
Environment:0.36333333333333334
NodeEnvironmentTests:0.30666666666666664
EvilSecurityTests:0.25333333333333335
