ServiceTicketImpl:0.48
TicketGrantingTicketImpl:0.4533333333333333
AbstractJacksonBackedStringSerializer:0.44
JwtTicketRegistryTests:0.30333333333333334
ProxyTicketImpl:0.25333333333333335
ProxyGrantingTicketImpl:0.16411111111111112
