Caffeine:0.5133333333333333
NodeImplGenerator:0.43
BoundedLocalCache:0.37333333333333335
NodeFactoryGenerator:0.2377777777777778
MultiThreadedTest:0.135
