InternalKeyBindingMgmtSessionBean:0.5363333333333332
InternalKeyBindingMgmtSessionLocal:0.28575396825396826
