WebSocket:0.52
Draft_10:0.41
Charsetfunctions:0.30333333333333334
WebSocketClient:0.27666666666666667
