DCMIRecord:0.6666666666666666
DCMIRecordTest:0.31
DCMIRecordFactory:0.19333333333333333
