XmlMetaEntity:0.8466666666666667
XmlMetaEmbeddable:0.4166666666666667
XmlOnlyTest:0.41333333333333333
