TestServer:0.5933333333333334
ServerMainModule:0.45666666666666667
