VibeDataTable:0.51
ViewFileInfo:0.47333333333333333
GwtTeamingMessages:0.4680555555555556
FolderRow:0.35333333333333333
GwtServerHelper:0.2966666666666667
GwtRpcServiceImpl:0.23
GwtClientHelper:0.22
ViewCell:0.21666666666666667
GwtViewHelper:0.20666666666666667
VibeAnchorTabstop:0.2
DataTableFolderViewBase:0.16666666666666666
GetViewFileUrlCmd:0.023333333333333334
ViewColumn:0.0
