ResettableClassFileTransformer:0.41333333333333333
FailureHandler:0.41
Default:0.4
PoolStrategy:0.3616666666666667
AgentBuilderRedefinitionStrategyTest:0.33666666666666667
ByThrowableType:0.32666666666666666
AgentBuilderDefaultTest:0.30666666666666664
Listener:0.2866666666666667
Compound:0.27
Delegate:0.27
WithErrors:0.25
AgentBuilderDefaultApplicationTest:0.21
Ignoring:0.18444444444444444
Transforming:0.18444444444444444
Adapter:0.16333333333333333
Redefining:0.16333333333333333
BatchAllocator:0.15
StreamWriting:0.12
Pausing:0.11333333333333333
ExecutingTransformer:0.11
ForFixedSize:0.056666666666666664
FailureCollectingListener:0.05333333333333334
AbstractBase:0.03805555555555555
ClassRedefinitionMatcher:0.006666666666666667
