BiojavaHelper:0.4752777777777778
IBiojavaManager:0.44333333333333336
BiojavaManager:0.37333333333333335
