GwtViewHelper:0.4066666666666667
GwtTeamingMessages:0.35
DeleteFolderEntriesCmd:0.2866666666666667
PurgeFolderEntriesCmd:0.2866666666666667
DeletePurgeEntriesHelper:0.25333333333333335
DataTableFolderViewBase:0.23
GwtRpcServiceImpl:0.21444444444444447
BinderViewsHelper:0.21
GwtServerHelper:0.20333333333333334
DeletePurgeFolderEntriesCmdBase:0.006666666666666667
