HTMLFormElementTest:0.4819999999999999
HTMLFrameSetElement:0.3566666666666667
HTMLFrameSetElementTest:0.19
