ExtractionInListSpecTest:0.35333333333333333
ExtractionInCollectionSpecTest:0.3
ExtractionInSingleValueSpecTest:0.25
MethodGetterTest:0.21666666666666667
FieldGetterTest:0.21666666666666667
ValueExtractor:0.20872222222222223
ExtractionInArraySpecTest:0.19333333333333333
AbstractMultiValueGetter:0.18666666666666668
GetterFactory:0.14666666666666667
