Redisson:0.8033333333333333
RedissonClient:0.7911111111111111
