FormatsStrategy:0.48333333333333334
XslUtil:0.3433333333333333
ContactsStrategy:0.19666666666666666
