FakeContextWrapper:0.49666666666666665
Wrapper:0.27
FakeIntentFilter:0.27
ContextWrapperTest:0.18666666666666668
