FileDTO:0.8333333333333334
FileBean:0.2833333333333333
FileSystemMgtBean:0.27666666666666667
