ConnectionJDBC2:0.47
JtdsPreparedStatement:0.4266666666666667
JtdsResultSetMetaData:0.37333333333333335
ConnectionJDBC3:0.31333333333333335
NonCachingStatementCache:0.19661111111111113
DefaultStatementCache:0.16
StatementCache:0.11994444444444445
