Level:0.5033333333333333
NewRuleView:0.3333333333333333
DefaultTypeView:0.31
AspectualGraphView:0.27
TypedLabelParser:0.17
