Config:0.5333333333333333
ProxyService:0.4122222222222222
LifecycleServiceImpl:0.3933333333333333
ProxyRegistry:0.2633333333333333
ClientConfig:0.21333333333333335
ClusterServiceImpl:0.20666666666666667
HazelcastInstanceImpl:0.19666666666666666
ProxyServiceImpl:0.18333333333333332
MapCommandHandler:0.15666666666666668
SplitBrainHandler:0.1511111111111111
