DailyDate:0.7433333333333333
TedParser:0.43333333333333335
EpisodeChooserDialog:0.24166666666666667
