AtmosphereResource:0.8866666666666667
AtmosphereResourceImpl:0.6933333333333334
DefaultWebSocketProcessor:0.22666666666666666
