ThreadInfo:0.5833333333333334
JVM:0.3404444444444445
IsValidDate:0.2833333333333333
TestContracts:0.24
JPF_java_text_SimpleDateFormat:0.22
Satisfies:0.21666666666666667
ContractVerifier:0.20333333333333334
ContractSpecParser:0.19
ContractContext:0.16666666666666666
Operand:0.10333333333333333
Predicate:0.045
JPF_java_text_DateFormat:0.0
