SimpleListCellRenderer:0.37836534
MTable:0.14770438
UI:0.018010812
