SecurityTab:0.6
NewSecurityRuleAction:0.3233333333333333
EditSecurityRuleAction:0.3233333333333333
