FedoraRecordIterator:0.8766666666666667
TestFedoraRecordIterator:0.3377777777777778
TestITQLQueryFactory:0.2866666666666667
