SavedRequestAwareAuthenticationSuccessHandler:0.5566666666666666
ExceptionTranslationFilter:0.5566666666666666
AbstractProcessingFilterTests:0.3933333333333333
ExceptionTranslationFilterTests:0.25666666666666665
