ProfileService:0.7066666666666667
ProfileModule:0.4280555555555555
ProfileModuleImpl:0.2966666666666667
TeamingServiceClientWithStub:0.2833333333333333
ProfileServiceInternal:0.2617777777777778
Facade:0.23666666666666666
TeamingServiceEndpoint:0.23666666666666666
JaxRpcFacade:0.18
ProfileServiceImpl:0.12666666666666668
