NodeMover:0.6038888888888889
FormulaView:0.5916666666666667
