ComplexType:0.45
XMLSettingsHandler:0.34
ListType:0.31
AbstractSettingsHandler:0.2966666666666667
IntegerList:0.24
CrawlSettingsSAXSource:0.21666666666666667
DataContainer:0.20666666666666667
CrawlerSettings:0.2
ModuleHandler:0.17666666666666667
ElementHandler:0.15666666666666668
CrawlSettingsSAXHandler:0.15333333333333332
ModuleAttributeInfo:0.14
DescriptionHandler:0.13666666666666666
RootHandler:0.13333333333333333
NameHandler:0.13333333333333333
MapHandler:0.12666666666666668
MetaHandler:0.07
DateHandler:0.06666666666666667
CrawlerModule:0.06333333333333334
NewModuleHandler:0.05277777777777778
SimpleElementHandler:0.04833333333333333
ListHandler:0.024444444444444442
