GwtServerHelper:0.8316666666666667
GwtMenuHelper:0.47333333333333333
GwtViewHelper:0.46
