Bootstrap:0.49333333333333335
Security:0.3466666666666667
Kernel32Library:0.30666666666666664
NativesTests:0.16333333333333333
