X_C_BOE:0.5366666666666666
X_C_Payment:0.49
X_C_BOEConfirm:0.31666666666666665
MBOEConfirm:0.2966666666666667
MBOEConfirmLine:0.24
X_C_BOEConfirmLine:0.22333333333333333
CalloutBOEConfirmation:0.006666666666666667
