Inventory:0.5683333333333334
AmountResourceStorage:0.42
HelpGenerator:0.38666666666666666
AmountResourceConfig:0.20333333333333334
