UrlLinkingTable:0.44333333333333336
AlleleGermplasmLinkingTable:0.25
AddPhenotype:0.23
GermplasmPhenotypeLinkingTable:0.22333333333333333
AddProtocol:0.21444444444444447
AddUrl:0.20666666666666667
Communication:0.19333333333333333
AttributionTable:0.19222222222222224
PhenotypeTable:0.18
AddGermplasm:0.17666666666666667
UpdateProtocol:0.17333333333333334
AddAttribution:0.17
ProtocolTable:0.04888888888888889
UrlTable:0.03333333333333333
