View:0.6533333333333333
Module:0.2833333333333333
InvoiceDetailsWithTotalsTest:0.19333333333333333
InvoiceDetailsWithVatPercentageTest:0.17666666666666667
