SPropsUtil:0.49166666666666664
SiteScapeFileSystemImpl:0.39666666666666667
CrossContextConstants:0.3333333333333333
WebdavSiteScape:0.30333333333333334
WebUrlUtil:0.19666666666666666
