SettingsHandler:0.4633333333333333
CrawlerSettings:0.37666666666666665
DataContainer:0.33
ComplexType:0.32666666666666666
XMLSettingsHandler:0.23
It:0.22333333333333333
CrawlSettingsSAXSource:0.21916666666666668
MapType:0.14666666666666667
HopsFilter:0.11333333333333333
SeedExtensionFilter:0.10333333333333333
ModuleHandler:0.07333333333333333
