MainFileProviderImpl:0.7886111111111112
QuorumProjectFactory:0.4333888888888888
