Result:0.7266666666666667
ResultImpl:0.4633333333333333
jOOQAbstractTest:0.3566666666666667
RecordComparator:0.12
NaturalComparator:0.11333333333333333
