ClusterService:0.37666666666666665
SymmetricWebServer:0.35
DataExtractorService:0.2633333333333333
OutgoingBatches:0.2544444444444445
AbstractJob:0.25
AbstractTransportManager:0.23333333333333334
IClusterService:0.2
ConcurrentConnectionManager:0.15333333333333332
