Failure:0.7166666666666667
Success:0.5141666666666667
Try:0.3
