DictionaryBlock:0.5583333333333333
AbstractMapBlock:0.3111111111111111
AbstractArrayBlock:0.2577777777777778
AbstractRowBlock:0.2577777777777778
