WanReplicationPublisherDelegate:0.7433333333333333
ClientProtocolErrorCodes:0.5580555555555556
ClientExceptionFactory:0.38666666666666666
