GeneratorProcessor:0.5733333333333334
References:0.56
ReferencesStack:0.3566666666666667
