CRLDistributionPointRevocationChecker:0.6807222222222222
AbstractCRLRevocationChecker:0.47611111111111115
