FormController:0.5533333333333333
ExampleFormController:0.4766666666666667
FormLocator:0.35866666666666663
