Email:0.57
EmailAttachment:0.3566666666666667
SmtpSslServer:0.31666666666666665
EmailAttachmentBuilder:0.2955555555555555
MailSession:0.2813888888888889
ReceivedEmail:0.27666666666666667
CommonEmail:0.2733333333333333
EMLProperties:0.215
SmtpServer:0.20333333333333334
Pop3SslServer:0.2
ImapSslServer:0.2
SendMailSession:0.2
ImapServer:0.17333333333333334
Pop3Server:0.17
