Shape:0.77
Materialisation:0.4033333333333333
AGTS:0.2866666666666667
