Field:0.28
FastVectorHighlighter:0.25333333333333335
HighlightBuilder:0.25
HighlighterSearchTests:0.12
HighlighterParseElement:0.11333333333333333
