DynamicPdeSecondOrderParabolic:0.6266666666666667
PdeConstantCoeff:0.3088888888888889
PdeParabolic:0.24394444444444446
PdeBSM:0.2127222222222222
BSMOperator:0.16666666666666666
GenericTimeSetter:0.10666666666666667
