NodeChannel:0.5
DataExtractorService:0.38
IRoutingService:0.37290476190476185
IConfigurationService:0.30333333333333334
ConfigurationService:0.2966666666666667
RoutingService:0.23666666666666666
