InstrumentClass:0.5166666666666667
CheckInstrumentationVisitor:0.33666666666666667
SimpleSuspendableClassifier:0.3233333333333333
