RegistryObjectListDao:0.5233333333333333
DeleteFacade:0.32666666666666666
DeleteFacadeTest:0.13666666666666666
