FileInspectorPanel:0.9116666666666666
FileInspectorFrame:0.2733333333333333
