HttpInputStream:0.5933333333333334
DefaultExternalContentManager:0.24666666666666667
DisseminationService:0.23666666666666666
WebClient:0.16
