jEdit:0.5
PluginJAR:0.4866666666666667
PropertyManager:0.4166666666666667
