Packer:0.7472380952380953
Settings:0.5797777777777778
TexturePacker2:0.44333333333333336
TexturePackerFileProcessor:0.29
