KeywordBean:0.8333333333333334
GetKeywordById:0.30666666666666664
