WebClient:0.6166666666666667
ScriptPreProcessor:0.5609603174603174
ScriptEngine:0.33
JavaScriptEngine:0.2833333333333333
ActiveXObject:0.27666666666666667
SimpleScriptableTest:0.2
WebClientTest:0.16
JavaScriptEngineTest:0.1
MockActiveXObject:0.09305555555555556
