ElasticsearchSingleNodeTest:0.43333333333333335
GroovyScriptEngineService:0.43333333333333335
NodeEnvironmentTests:0.42
GroovyScriptTests:0.21666666666666667
GroovySandboxScriptTests:0.14333333333333334
