Vertx:0.64
VertxImpl:0.39666666666666667
ClusterManager:0.39
FakeClusterManager:0.2866666666666667
