ScriptExecutionManagerTests:0.6283333333333333
SimpleTestCases:0.4666666666666667
ScriptExecutionManager:0.42380555555555555
