SpnegoCredentialsAction:0.49833333333333335
SpnegoNegociateCredentialsAction:0.48333333333333334
JcifsSpnegoAuthenticationHandler:0.25666666666666665
SpnegoWebflowConfiguration:0.25333333333333335
SpengoWebflowConfigurer:0.12
