GlobalConfiguration:0.6766666666666666
GlobalConfigurationSessionBeanTest:0.43666666666666665
StringTools:0.4116666666666667
