ReportProxy:0.9105555555555555
ReportLauncher:0.31666666666666665
