CssRegexConverter:0.7933333333333333
XmlRegexConverter:0.33866666666666667
