ConsensusModuleHarness:0.8433333333333334
MultiNodeTest:0.19333333333333333
SingleNodeTest:0.15
