Term:0.8566666666666667
CSDNBLogTest:0.16333333333333333
NewTerm:0.16
Test:0.14666666666666667
NumRecognition:0.12333333333333334
MoneyTest:0.10333333333333333
NewWordFind:0.056666666666666664
