ClassReloadingXMLWebApplicationContext:0.6966666666666667
StrutsSpringObjectFactory:0.2833333333333333
StrutsSpringObjectFactoryTest:0.11666666666666667
