LocalExecutionRunner:0.5266666666666666
ClassLoaderWrapper:0.4
Task:0.18666666666666668
