ConfigurationUtil:0.5766666666666667
RDFContainerImpl:0.45666666666666667
ModelUtil:0.37333333333333335
SimpleCrawlerHandler:0.3308333333333333
RDFContainerFactoryImpl:0.2711111111111111
VocabularyWriter:0.26666666666666666
ImapCrawler:0.21
TestIcalCrawler:0.20333333333333334
ModelAccessData:0.18666666666666668
ApertureTestBase:0.14666666666666667
WorksExtractorTest:0.13666666666666666
AddressbookCrawler:0.13666666666666666
TestOutlookCrawler:0.12333333333333334
RtfExtractorTest:0.11333333333333333
AppleAddressbookCrawler:0.10666666666666667
TestOutlookCrawlAll:0.09666666666666666
