Simulator:0.4266666666666667
HTMLConverter:0.22
LibrariesTable:0.20333333333333334
AboutAction:0.18333333333333332
Util:0.16
VersionDialog:0.09
URLRenderer:0.056666666666666664
TableModel:0.0
