ProjectsModuleService:0.7733333333333333
ProjectsModuleTopComponent:0.49333333333333335
RelateToProjectAction:0.27
