ScriptService:0.8266666666666667
ScriptContextTests:0.24666666666666667
FileScriptTests:0.19666666666666666
