FilterTypeImpl:0.827611111111111
MwFilterTypeImpl:0.6016666666666667
