LuceneReadSession:0.5166666666666667
Hits:0.46
SearchObject:0.38
SearchUtils:0.37666666666666665
QueryBuilder:0.35333333333333333
SsfIndexInterface:0.30333333333333334
AbstractBinderProcessor:0.22333333333333333
NilLuceneReadSession:0.21
LocalLuceneReadSession:0.19333333333333333
AbstractFolderModule:0.18333333333333332
AbstractLuceneSession:0.18
FileModuleImpl:0.18
BinderModuleImpl:0.16666666666666666
AbstractLuceneReadSession:0.16333333333333333
LuceneProvider:0.15333333333333332
ContainerResource:0.14
SearchServiceIterator:0.09666666666666666
NullSafeFilteredDocIdSet:0.08
AclInheritingAccessibleEntriesFilter:0.03666666666666667
ExtendedAclQueryFilter:0.023333333333333334
