User32:0.7094444444444444
User32Test:0.46
X11:0.31333333333333335
XErrorHandler:0.07611111111111112
WinUser:0.06333333333333334
