AtmosphereResource:0.7325555555555555
AtmosphereResourceImpl:0.4766666666666667
DefaultBroadcaster:0.31
DefaultAtmosphereResourceFactory:0.2733333333333333
IdleResourceInterceptor:0.1811111111111111
