JSF:0.6166666666666667
Jsf11ELExpressionParser:0.5866666666666667
Jsf12ELExpressionParser:0.5866666666666667
JSF11ManagedBeanAccessTests:0.31
MockService:0.14772222222222223
JSF12ManagedBeanAccessTests:0.08
JSFModel:0.06666666666666667
JSFManagedBean:0.06
