CalendarEventGenerator:0.36
GeoLocationGenerator:0.29
SmsAddressGenerator:0.18333333333333332
TextGenerator:0.18333333333333332
UrlGenerator:0.18333333333333332
EmailGenerator:0.17666666666666667
PhoneNumberGenerator:0.17666666666666667
