Binder:0.6066666666666667
BinderServiceImpl:0.33666666666666667
BinderBrief:0.2866666666666667
FolderBrief:0.23444444444444448
TeamBrief:0.15666666666666668
