EditView:0.5666666666666667
ButtonHelper:0.43333333333333335
LnF:0.30666666666666664
