HelpSearchPanel:0.043946806
jEdit:0.042847868
MiscUtilities:0.03713813
PluginJAR:0.032538224
VFS:0.032456018
VFSManager:0.020432906
Log:0.010256294
