WanReplicationService:0.6033333333333334
AbstractCacheService:0.4066666666666667
MapReplicationSupportingService:0.31666666666666665
MapServiceContextImpl:0.31333333333333335
LocalWanPublisherStatsImpl:0.19
WanReplicationServiceImpl:0.19
MapReplicationUpdate:0.16666666666666666
LocalWanPublisherStats:0.15833333333333333
MapReplicationRemove:0.14654761904761904
ReplicationEventObject:0.013333333333333334
