CrateSearchService:0.39666666666666667
SortSymbolVisitor:0.3566666666666667
InputFieldComparator:0.25333333333333335
SortSymbolContext:0.24777777777777782
