SaveData:0.5533333333333333
Emitter:0.49666666666666665
ParticleControllerInfluencer:0.2833333333333333
