FedoraAccessServlet:0.48
DescribeRepositoryServlet:0.3333333333333333
ObjectInfoAsXML:0.2833333333333333
ProfileSerializerThread:0.17777777777777778
ReposInfoSerializerThread:0.17777777777777778
