AbstractTestDistributedQueries:0.6466666666666666
FailedQueryExecution:0.47
DataDefinitionExecution:0.43888888888888894
