ServiceRegistryProperties:0.3416666666666667
DomainServicesManagerTests:0.3333333333333333
AbstractX509LdapTests:0.3047619047619048
CasCoreServicesConfiguration:0.25333333333333335
Saml10SuccessResponseViewTests:0.21333333333333335
LdaptiveResourceCRLFetcherTests:0.12333333333333334
