TestEmailProcessorResult:0.45666666666666667
CheckoutStepResult:0.4166666666666667
TestFormProcessorResult:0.3466666666666667
TestCheckoutStepResult:0.07
