AccessControlException:0.49666666666666665
AccessControlManagerImpl:0.3566666666666667
OperationAccessControlExceptionNoName:0.34
