Binding:0.4066666666666667
GeneratedVariableElement:0.38333333333333336
BindingConverter:0.32666666666666666
NameTable:0.32
