Filter:0.7333333333333333
AbstractConfiguration:0.27
FilterChainBuilder:0.18666666666666668
FilterChain:0.14083333333333334
