Messages:0.66
RWorkspace:0.4766666666666667
Toolbox:0.4422222222222222
ApplicationWorkbenchAdvisor:0.2966666666666667
Application:0.26666666666666666
StartRserve:0.25666666666666665
ChartsEngine:0.25333333333333335
CheckRPackages:0.25
PartitionComposer:0.22
CorrespondanceAnalysisEditorInput:0.21333333333333335
CorpusPage:0.21333333333333335
CreatePartitionDialog:0.2
RConsole:0.17333333333333334
SpecificitiesPreferencePage:0.16
ApplicationWorkbenchWindowAdvisor:0.11
ExportChartEditorView:0.09
RPreferencePage:0.04666666666666667
