Utils:0.4166666666666667
JasperUtils:0.30666666666666664
CoreTaglibTest:0.22333333333333333
PackageAdminResolver:0.22333333333333333
TomcatWarDeployer:0.21
JettyWarDeployer:0.18666666666666668
OsgiResourceUtils:0.18333333333333332
ImportedBundle:0.09416666666666666
