RecordStore:0.6785555555555556
LoadAllOperation:0.44333333333333336
DefaultRecordStore:0.42
BasicRecordStoreLoader:0.2966666666666667
GivenKeysLoaderTask:0.19333333333333333
RecordStoreLoader:0.11348809523809524
