CallOptions:0.7033333333333334
CallOptionsTest:0.26666666666666666
AbstractStub:0.24
StubConfigTest:0.15666666666666668
