Pattern:0.6166666666666667
Matcher:0.3495674603174603
TestMatcher:0.25
Property:0.1975
DefaultPrinter:0.18333333333333332
DefaultMatcher:0.14333333333333334
PatternVisitor:0.051666666666666666
