Cooking:0.6733333333333333
CookingTableModel:0.3
MealConfig:0.21000000000000002
NotificationMenu:0.20333333333333334
TabPanelCooking:0.19
