AntBuilder:0.6566666666666666
AntBootstrapper:0.44
AntPublisher:0.4066666666666667
ScriptRunner:0.22333333333333333
AbstractAntBuilderDelegate:0.17333333333333334
ProjectControllerTest:0.14
ScriptRunnerTest:0.005555555555555555
