IndexRequest:0.6188888888888888
IndexRequestTests:0.3
IndexingAction:0.24333333333333335
TransportBulkAction:0.18416666666666667
TransportShardBulkAction:0.18416666666666667
