User:0.6866666666666666
UserContext:0.32
TestUser:0.30666666666666664
UserEditor:0.2733333333333333
BasicAuthentication:0.14
