ApolloFrame:0.8366666666666667
CompositeApolloFrame:0.43
CompositeApolloFrameManager:0.24666666666666667
