TestDateTimeZone:0.6005555555555555
FixedDateTimeZone:0.4066666666666667
TestFixedDateTimeZone:0.4
