PartitionGroupConfig:0.5833333333333334
Node:0.3541666666666667
PartitionServiceImpl:0.3
XmlConfigBuilder:0.27666666666666667
ConfigXmlGenerator:0.17
