AbstractSamlObjectBuilder:0.5433333333333333
AbstractSaml20ObjectBuilder:0.5
Saml10ObjectBuilder:0.45666666666666667
