AbstractDbDialect:0.47
DataLoaderServiceTest:0.41333333333333333
Db2DbDialect:0.26
MySqlDbDialect:0.26
OracleDbDialect:0.26
FirebirdDbDialect:0.26
HsqlDbDialect:0.26
Db2zSeriesDbDialect:0.26
DerbyDbDialect:0.26
SqLiteDbDialect:0.26
PostgreSqlDbDialect:0.26
MsSqlDbDialect:0.25
InformixDbDialect:0.25
IDbDialect:0.24916666666666668
HsqlDb2Dialect:0.23
H2DbDialect:0.22333333333333333
AbstractDataLoaderTest:0.18
