SDFEditor:0.8052777777777778
StructureTablePage:0.483888888888889
