UDT:0.6166666666666667
Factory:0.4866666666666667
FactoryOperations:0.4025
DefaultBindContext:0.32488888888888884
Val:0.2866666666666667
FieldTypeHelper:0.24
AbstractDataType:0.2288888888888889
UDTImpl:0.13333333333333333
