TransformDataLoader:0.4266666666666667
ExtensionPointManager:0.33
TransformService:0.2966666666666667
NoColumnTransform:0.18666666666666668
ITransformService:0.14583333333333334
