Builder:0.5166666666666667
HighlighterSearchTests:0.35333333333333333
CompletionSuggestSearchTests:0.34
SuggestSearchTests:0.28
QueryParseContext:0.23
AbstractFieldMapper:0.20333333333333334
TypeParsers:0.17
TypeParser:0.16
PathMapperTests:0.13
