Window:0.4766666666666667
Keyboard:0.44
Controller:0.39
Mouse:0.38333333333333336
KeyboardTest:0.19111111111111112
