Edge:0.5066666666666667
Vertex:0.4722222222222222
TrailManager:0.30333333333333334
ComponentChoiceGenerator:0.25666666666666665
GraphicConnection:0.24
