CustomersTest:0.6366666666666667
CarriersTest:0.35533333333333333
