ApplicationEntityManagerImpl:0.6533333333333333
BusinessEntityManagerImpl:0.3908333333333333
ObjectView:0.26
