TablesNeedUpgradeSysCheck:0.6266666666666667
SysCheckerIntegrationTest:0.5433333333333333
TableCompatibilitySysChecksTest:0.25
SysChecksModule:0.19666666666666666
