VoidAwareAssigner:0.41
ArgumentLoadingAssignment:0.3233333333333333
Appender:0.22666666666666666
PrimitiveTypeAwareAssigner:0.20666666666666667
Compound:0.14666666666666667
