ObjectViewTopComponent:0.48600000000000004
SDHModuleTopComponent:0.43333333333333335
MPLSModuleTopComponent:0.43333333333333335
MPLSModuleScene:0.31333333333333335
MPLSModuleService:0.22833333333333333
