InsertOperation:0.30333333333333334
MixedBulkWriteOperation:0.23333333333333334
ReplaceOperation:0.16666666666666666
UpdateOperation:0.16666666666666666
RemoveOperation:0.16666666666666666
