Node:0.6233333333333333
Document:0.4866666666666667
LagartoDOMBuilderTagVisitor:0.3
DomBuilderTest:0.22
