HotMeal:0.4166666666666667
Cooking:0.4166666666666667
SimulationConfig:0.38
MealConfig:0.33666666666666667
Ingredient:0.2866666666666667
ReadyMealMenu:0.22111111111111115
ReadyMeal:0.17
TabPanelCooking:0.14444444444444446
CookedMeal:0.1
