Blueprint:0.54
EntityViewSettings:0.2966666666666667
BlueprintEditor:0.29
ActionInsert:0.17
BlueprintList:0.15666666666666668
