UnitTableModel:0.5633333333333334
MonitorModel:0.335
ColumnSelector:0.31333333333333335
AllJUnitTests:0.25333333333333335
EventTableModel:0.14333333333333334
MonitorWindow:0.13
TableSorter:0.12333333333333334
MonitorTab:0.049444444444444444
BarChartTab:0.04666666666666667
PersonTableModel:0.041666666666666664
TableTab:0.04
PieChartTab:0.03333333333333333
TableProperties:0.006666666666666667
VehicleTableModel:0.0
SettlementTableModel:0.0
