PrestoStatement:0.56
PrestoConnection:0.5266666666666666
TestPrestoDriver:0.22166666666666668
