FilterTest:0.6519444444444443
NumberNode:0.4244444444444444
StringNode:0.4111111111111111
TypeSafeEqualsEvaluator:0.0033333333333333335
TypeSafeNotEqualsEvaluator:0.0
