ThreadManager:0.42333333333333334
NodeExecutionManagerImpl:0.30333333333333334
JPPFNode:0.2733333333333333
ClassLoaderProvider:0.24940873015873027
ClientTaskBundle:0.19333333333333333
ChannelWrapperLocal:0.18777777777777777
LocalRunnable:0.17777777777777778
NodeTaskWrapper:0.10333333333333333
ThreadManagerThreadPool:0.06
