ConnectionJDBC2:0.5477777777777777
Driver:0.5133333333333333
