Settlement:0.65
Malfunction:0.5666666666666667
Crop:0.2866666666666667
RepairEmergencyMalfunction:0.26666666666666666
TendGreenhouse:0.26666666666666666
