CachedDependencyResolverFileCacheTest:0.3744444444444444
AndroidManifestTest:0.33
ShadowActivityTest:0.2733333333333333
DefaultTestLifecycleTest:0.24666666666666667
ShadowApplicationTest:0.23666666666666666
PropertiesDependencyResolverTest:0.19666666666666666
ShadowIoUtilsTest:0.14
