CameraPreviewFragment:0.7066666666666667
ContactsFragment:0.6666666666666666
