TxmUser:0.64
UserManager:0.37666666666666665
AdminServiceImpl:0.30333333333333334
FunctionsToolbar:0.29333333333333333
ManageUserTab:0.2633333333333333
