H2Dialect:0.32666666666666666
ASTParserLoadingTest:0.30666666666666664
SQLFunctionTemplate:0.28777777777777774
FunctionArguments:0.2717777777777778
SqlGenerator:0.25777777777777783
DB2Dialect:0.24333333333333335
AggregateNode:0.23666666666666666
HqlSqlWalker:0.17
HSQLDialect:0.15666666666666668
SessionFactoryHelper:0.15333333333333332
