Ejb3Column:0.7466666666666667
AndFormulaTest:0.37333333333333335
AnnotationBinder:0.3
