MadvocConfig:0.6666666666666666
ActionMethodParser:0.5
ActionResultTest:0.2
ActionMethodParserTest:0.16333333333333333
ResultMapper:0.12
MySimpleConfigurator:0.0911111111111111
