SnmpCollection:0.5966666666666667
DiscoveryLink:0.47
LinkableNode:0.35333333333333333
LinkdEventProcessor:0.23198412698412701
LinkdConfigManager:0.19
