DocumentMapper:0.48
Mapping:0.42
FieldTypeLookup:0.33666666666666667
FieldTypeLookupTests:0.2866666666666667
MapperServiceTests:0.15666666666666668
