Plasma:0.6266666666666667
Delayer:0.21333333333333335
PerfDelayer:0.19
NanoDelayer:0.16666666666666666
MillisDelayer:0.14666666666666667
