MainDesktopPane:0.5933333333333334
TransportWizard:0.5533333333333333
