Property:0.13494015
Config:0.10584776
TK:0.076685816
UI:0.07365856
MTable:0.031051477
