ModelChecking:0.77
BoundedLtlStrategy:0.4
LtlStrategy:0.35
GraphNodeSizeBoundary:0.16333333333333333
RuleSetBoundary:0.14666666666666667
BoundedPocketLtlStrategy:0.056666666666666664
