Repository:0.6333333333333333
Fetcher:0.4866666666666667
Bigotri:0.32
Modifier:0.19333333333333333
