BusinessEntityManagerImpl:0.5133333333333333
CypherQueryBuilder:0.4266666666666667
BusinessEntityManager:0.38333333333333336
