XmlRequest:0.5363333333333333
Transport:0.5316666666666666
