Pixmap:0.79
AngleTexture:0.29333333333333333
AnglePixmap:0.27
JoglPixmap:0.27
LwjglPixmap:0.27
AndroidPixmap:0.24666666666666667
MeshShaderTest:0.19333333333333333
AngleDebugStarter:0.14666666666666667
