Robolectric:0.6066666666666667
ShadowContentResolver:0.4666666666666667
ContentResolverTest:0.45
