ByteSizeValue:0.7933333333333333
IndicesFieldDataCache:0.29333333333333333
IndicesFilterCache:0.2866666666666667
IndicesQueryCache:0.2833333333333333
