MakeTrainFile:0.4066666666666667
NlpAnalysisTest:0.19583333333333333
AmbiguityTest:0.19583333333333333
Test:0.12
