HttpTest:0.59
RequestOptions:0.47
DatagramSocketOptions:0.33202380952380955
WebSocketConnectOptions:0.32
DatagramTest:0.1
WebsocketTest:0.06666666666666667
