Validator:0.47333333333333333
ValidatorManager:0.44333333333333336
XWorkJavascriptValidator:0.37
FormUtils:0.35
WFFormTag:0.31666666666666665
BotTaskIdentifier:0.2586111111111111
HTMLFormConverter:0.23333333333333334
AlfObject:0.2316111111111111
DocxFileChanger:0.23
AjaxGroupMembersTag:0.2
TaskLogic:0.19666666666666666
ExcelHelper:0.19666666666666666
ExecutionLogic:0.19333333333333333
WFCommonLogic:0.19
ListFormat:0.16666666666666666
ActorsMultiSelectTag:0.16666666666666666
ProcessDAO:0.16333333333333333
FieldValidator:0.15
BaseProcessFormAction:0.12666666666666668
ExcelReadHandler:0.11333333333333333
ViewUtil:0.10333333333333333
DeployBotAction:0.09333333333333334
FreemarkerStartFormBuilder:0.08666666666666667
FreemarkerTaskFormBuilder:0.08666666666666667
ValidationException:0.07
AlfAjaxJsonTag:0.056666666666666664
AjaxJsonFreemarkerTag:0.0
