BitmapFont:0.5133333333333333
BitmapFontData:0.31666666666666665
BitmapFontCache:0.3
ButtonGroup:0.2833333333333333
