PA:0.62
InlineMapping:0.48
BuildMethodSummary:0.26666666666666666
MethodInline:0.2236666666666667
InlineSelectedCalls:0.21666666666666667
TypeCheckInliningDecision:0.20333333333333334
