CacheClearException:0.5588888888888889
EjbcaWebBean:0.5166666666666667
SystemConfigMBean:0.3233333333333333
