Page:0.7633333333333333
WorkQueues:0.22333333333333333
PageFetcher:0.19666666666666666
InProcessPagesDB:0.11777777777777776
