Response:0.7705555555555555
XMLGetITest:0.5316666666666666
FilterITest:0.2866666666666667
