ModelCheckingMenu:0.4816666666666667
Simulator:0.44833333333333325
VerifyCTLAction:0.312
