FeatureCollectionTools:0.6283333333333333
UndoableCommand:0.4266666666666667
WMSViewer:0.34833333333333333
