BuildSummariesService:0.6133333333333333
BuildDetailControllerTest:0.22666666666666666
GetProjectBuildStatusControllerTest:0.22
LatestBuildsListingController:0.19666666666666666
LatestBuildsListingControllerTest:0.19333333333333333
GetProjectBuildStatusController:0.19
BuildSummariesServiceTest:0.18666666666666668
BuildSummaryUIServiceTest:0.14333333333333334
GetProjectBuildStatusXmlControllerTest:0.13666666666666666
GetActiveBuildInfoControllerTest:0.13666666666666666
BuildListingControllerTest:0.11
