AutoConfigBeanDefinitionParser:0.4243492063492063
AuthenticationProviderBeanDefinitionParser:0.3933333333333333
SecurityNamespaceHandler:0.3
