FileUploadItem:0.43333333333333335
AbstractEntryProcessor:0.42333333333333334
FileModuleImpl:0.35333333333333333
SPropsUtil:0.29333333333333333
AbstractFolderCoreProcessor:0.24666666666666667
RepositoryServiceUtil:0.22166666666666668
