GasteigerMarsiliPartialCharges:0.5266666666666666
PartialSigmaChargeDescriptorTest:0.295
DisplacementChargeFromAcceptorReactionTest:0.23666666666666666
PartialSigmaChargeDescriptor:0.21333333333333335
StructureResonanceGenerator:0.2
ProtonTotalPartialChargeDescriptor:0.19333333333333333
SigmaElectronegativityDescriptor:0.19333333333333333
RDFProtonDescriptor:0.19
BCUTDescriptor:0.18666666666666668
GasteigerMarsiliPartialChargesTest:0.14666666666666667
CPSADescriptor:0.13666666666666666
