ProxettaWrapperClassBuilder:0.44
CalcImpl:0.43666666666666665
WrapperTest:0.29333333333333333
