Meta:0.2833333333333333
InformationSchemaMetaImpl:0.155
CatalogMetaImpl:0.14583333333333334
TableMetaImpl:0.14583333333333334
SchemaMetaImpl:0.14583333333333334
