Response:0.48333333333333334
NodeService:0.4533333333333333
SinglePartitionInvocation:0.2733333333333333
PutBackupOperation:0.27
PutOperation:0.16333333333333333
MapProxy:0.14666666666666667
