AtmosphereRequestImpl:0.62
WebSocket:0.28
Builder:0.25333333333333335
LocalAttributes:0.21666666666666667
