ProcessorTestSuite:0.6033333333333334
Source:0.46907142857142875
V13Source:0.41031746031746036
V13ProcessorTestSuite:0.18333333333333332
