ImmutableOpenMap:0.8466666666666667
TransportMessage:0.5566666666666666
TransportMessageTests:0.3433333333333333
