StoreContent:0.45
StoreVariant:0.44666666666666666
ContentRegistryNode:0.3333333333333333
StoreItem:0.29333333333333333
ShopVariant:0.27666666666666667
ImageGroup:0.26
LifecycleHibernateTasks:0.25333333333333335
ShoppingCart:0.22666666666666666
TestStoreContent:0.21333333333333335
PriceUpdateController:0.20333333333333334
LocaleAndBundleRemover:0.18
TestStoreVariant:0.13
TestContentJAXBAnnotation:0.12666666666666668
RemoveBundleController:0.11666666666666667
FilterMatchesEditor:0.11333333333333333
