Configuration:0.37333333333333335
DataDefinitionImpl:0.32666666666666666
MDDAnalyzeWalker:0.24666666666666667
ValidationRuleNode:0.22666666666666666
MultiUniquenessValidationRule:0.11416666666666667
RegExpValidationRule:0.11416666666666667
MDDNode:0.10666666666666667
RangeValidationRule:0.05888888888888888
ComparisonValidationRule:0.052444444444444446
FunctionNode:0.02666666666666667
