PublisherSession:0.6859444444444445
PublisherSessionBean:0.5433333333333333
CommonCacheBase:0.3333333333333333
PublisherCacheTest:0.3
CommonCache:0.2
PublisherSessionTest:0.19
PublisherData:0.18
EjbcaConfiguration:0.17666666666666667
ClearCacheServlet:0.15333333333333332
