NetSocketImpl:0.5933333333333334
ServerConnection:0.23666666666666666
ClientConnection:0.23666666666666666
