StatementGenerator:0.4666666666666667
GeneratedMethodBinding:0.37333333333333335
IOSMethod:0.3433333333333333
StatementGeneratorTest:0.2966666666666667
Rewriter:0.2866666666666667
AutoboxerTest:0.27666666666666667
AnonymousClassConverterTest:0.27666666666666667
IOSMethodBinding:0.25666666666666665
ArrayAccessTest:0.25666666666666665
ArrayRewriter:0.19333333333333333
ASTFactory:0.19
