Signature:0.74
Algebras:0.43666666666666665
Operator:0.3233333333333333
TypeLabel:0.31
AlgebraFamily:0.2966666666666667
Const:0.2866666666666667
Expression:0.2833333333333333
Operation:0.2733333333333333
ProductNode:0.25833333333333336
IntSignature:0.25666666666666665
RealSignature:0.25666666666666665
AspectNode:0.24726190476190477
Aspect:0.23
TypeFactory:0.22666666666666666
AspectGraph:0.21
TypeGraph:0.19
VariableNode:0.19
ValueNode:0.19
ConditionSearchItem:0.18
LabelPatternTest:0.15333333333333332
Constant:0.14333333333333334
HostNode:0.1256111111111111
StringSignature:0.12
BoolSignature:0.12
Field:0.10333333333333333
DefaultRuleNode:0.10333333333333333
RuleFactory:0.09
RuleNode:0.09
DefaultHostNode:0.06
