AccumulatorCompiler:0.4866666666666667
FunctionRegistry:0.4026666666666667
AggregationCompiler:0.38
GenericAggregationFunctionFactory:0.3
CompilerUtils:0.13
AverageAggregations:0.03
