StrutsStatics:0.47904761904761906
ActionComponent:0.47
ServletDispatcherResult:0.25666666666666665
ServletDispatcherResultTest:0.21666666666666667
