ApolloDataAdapterI:0.6866666666666666
GAMEAdapter:0.34
Config:0.29333333333333333
ApolloFrame:0.27666666666666667
FileMenu:0.26666666666666666
DummySequenceAdapter:0.26
DataLoader:0.22
SerialDiskAdapter:0.21666666666666667
CORBAAdapter:0.20666666666666667
GFFAdapter:0.17
EfetchSequenceAdapter:0.17
FileMenuListener:0.03916666666666667
HistoryItemListener:0.0
