Session:0.66
PostgresITest:0.3333333333333333
ConnectionContext:0.2966666666666667
SQLOperations:0.15333333333333332
