WorkArea:0.6966666666666667
Binder:0.5533333333333333
AbstractZoneModule:0.39
Entry:0.37
WorkAreaOperation:0.2916666666666667
ZoneConfig:0.23666666666666666
AccessControlManagerImpl:0.23333333333333334
ResourceDriverConfig:0.22666666666666666
RelevanceDashboardHelper:0.19666666666666666
WebKeys:0.14666666666666667
AccessControlController:0.11666666666666667
