StreamInput:0.5433333333333333
StreamOutput:0.45
FilterFunctionBuilder:0.3111111111111111
SuggestBuilder:0.2511111111111111
AbstractSuggestionBuilderTestCase:0.21666666666666667
