ClientClusterServiceImpl:0.54
BackupTest:0.27
ClientMapTest:0.23
TcpIpConnection:0.2286111111111111
ConnectionImpl:0.21666666666666667
CachedDataRecord:0.21333333333333335
ClientIssueTest:0.2
ObjectRecord:0.19666666666666666
DataRecord:0.19666666666666666
ClientPartitionServiceImpl:0.19
ClusterListenerThread:0.17333333333333334
SmartClientConnectionManager:0.12333333333333334
ConnectionWrapper:0.11416666666666667
ClientPacketProcessor:0.11333333333333333
ConnectionFactory:0.10666666666666667
RefreshTask:0.10610846560846562
TargetConnectionFactory:0.03666666666666667
