RetryWithHttpEntryPointTests:0.5
RetryWithHttpsEntryPointTests:0.41333333333333333
AbstractRetryEntryPoint:0.37333333333333335
