Visitor:0.5933333333333334
ByteCodeExpressionVisitor:0.4033333333333333
TestExpressionInterpreter:0.38333333333333336
TestDomainTranslator:0.2733333333333333
FunctionAssertions:0.2633333333333333
DomainTranslator:0.14333333333333334
PlanOptimizersFactory:0.14
