RenderContext:0.8866666666666667
DefaultRenderContext:0.5066666666666667
