GeneBeanImpl:0.5266666666666666
GeneIdCountPair:0.49666666666666665
UnannotatedLocusStrategy:0.30333333333333334
