IPAddressModerationAdminPlugin:0.5866666666666667
SpamPhraseModerationAdminPlugin:0.5866666666666667
