SSLHelper:0.2866666666666667
HttpTest:0.28
WebsocketTest:0.25333333333333335
TCPOptions:0.23666666666666666
VertxTestBase:0.22166666666666668
HttpServerOptions:0.21
HttpClientOptions:0.2
WebSocketConnectOptions:0.18333333333333332
NetClientOptions:0.12666666666666668
NetServerOptions:0.12666666666666668
NetTest:0.11
