SA10_genTest:0.22333333333333333
SA10Test:0.22333333333333333
SA24_genTest:0.18
SA24Test:0.18
SA30Test:0.15
SA30_genTest:0.15
SA11_genTest:0.11666666666666667
SA11Test:0.11666666666666667
