Pin:0.7833333333333333
CertificatePinnerTest:0.24666666666666667
