Enhancer:0.7033333333333334
Source:0.6130555555555556
TestEnhancer:0.38333333333333336
