Metadata:0.8266666666666667
Console:0.3244444444444444
ServerMainModule:0.28
ImportMetadata:0.27666666666666667
MetadataDao:0.2678730158730158
NativeMetadata:0.26666666666666666
AbstractMetadata:0.24666666666666667
TestingMetadata:0.19
MetadataManager:0.17666666666666667
