OpenAction:0.7327777777777779
CopyPasteAction:0.5357380952380953
