MaterialCalendarView:0.49333333333333335
MonthPagerAdapter:0.46
DirectionButton:0.43333333333333335
DayView:0.26
WeekDayView:0.15333333333333332
