TestSqlStageExecution:0.5466666666666666
NodeScheduler:0.41311111111111115
NodeSchedulerConfig:0.26566666666666666
