DBReader:0.595
WWMMatrixReader:0.5916666666666667
DatabaseTest:0.3933333333333333
