Metric:0.38333333333333336
SandboxTestRunner:0.29
ThrowingSupplier:0.27051984126984113
ThrowingRunnable:0.27051984126984113
PerfStatsCollector:0.27
SandboxClassLoader:0.2577777777777778
RobolectricTestRunner:0.25333333333333335
ParallelUniverse:0.23
ResourceTableFactory:0.215
MetricKey:0.12
PerfStatsCollectorTest:0.11
Metadata:0.10333333333333333
Event:0.1
Logger:0.07666666666666666
FakeClock:0.05333333333333334
Clock:0.025833333333333333
PerfStatsReporter:0.025833333333333333
