ActionListener:0.5077777777777777
KIASSWT:0.16
FormInfoHolder:0.15333333333333332
SWTFormSerializer:0.12666666666666668
TextFieldNodeHandler:0.12666666666666668
PasswordFieldNodeHandler:0.12666666666666668
GridNodeHandler:0.12
TextAreaNodeHandler:0.11666666666666667
ComponentNodeHandler:0.11666666666666667
CheckBoxNodeHandler:0.11666666666666667
SWTNodeHandlerContext:0.0911111111111111
FormLayout:0.08
BlockNodeHandler:0.056666666666666664
ButtonNodeHandler:0.056666666666666664
TopDownLayout:0.03666666666666667
BindingInfo:0.03333333333333333
ActionNodeHandler:0.0
