jOOQAbstractTest:0.5466666666666666
CRUDTests:0.35
UpdateQueryImpl:0.3
AbstractStoreQuery:0.2833333333333333
InsertQueryImpl:0.27194444444444443
