AssociatedPeopleTabPanel:0.7277777777777779
PopulationTabPanel:0.537
SettlementWindow:0.2833333333333333
