AbstractClientConnectionHandler:0.4866666666666667
LocalExecutionRunner:0.4066666666666667
Task:0.2872222222222222
DeadlockRunner:0.05333333333333334
