Query:0.53
QueryParam:0.45
BaseColumn:0.3466666666666667
ColumnBaseAbstract:0.24666666666666667
