BeanFactoryFlowArtifactLocator:0.3933333333333333
FlowArtifactLocator:0.19333333333333333
ChainedFlowArtifactLocator:0.16333333333333333
FlowArtifactLocatorAdapter:0.04
FlowCreator:0.0011111111111111111
DefaultFlowCreator:0.0
