HtmlInput:0.37666666666666665
HTMLFormElement:0.35333333333333333
HtmlButton:0.33
HtmlTextArea:0.28
HtmlSelect:0.25333333333333335
FormFieldWithNameHistory:0.24666666666666667
HTMLCollection:0.18
