Dialect:0.7533333333333333
Model:0.42333333333333334
PostgresReverseEngineeringStrategy:0.31333333333333335
PostgresDialect:0.2577777777777778
