NodeScheduler:0.5266666666666666
TestNodeScheduler:0.5
BenchmarkData:0.27
TestMinWorkerRequirement:0.25333333333333335
