Loop:0.8033333333333333
PlusBlock:0.34
StarBlock:0.16666666666666666
