Socket:0.5266666666666666
Manager:0.52
ConnectionTest:0.17666666666666667
Options:0.11944444444444442
