EmbedClientConfigStatefulTest:0.2633333333333333
EmbedClientConfigStatelessTest:0.2633333333333333
EmbedClientStatelessTest:0.2633333333333333
EmbedClientStatefulTest:0.16
EmbedClientConfigDefaultTest:0.16
