FileUtils:0.5333333333333333
MediaCreationRequest:0.48333333333333334
JMSDelegate:0.31
StoreScpService:0.23666666666666666
Executer:0.19333333333333333
MediaCreationMgtScpService:0.18666666666666668
DicomDirDOM:0.18666666666666668
MakeIsoImageService:0.18
FilesetBuilder:0.17666666666666667
SpoolDirService:0.16333333333333333
CDRecordService:0.16333333333333333
AbstractMediaWriterService:0.14333333333333334
LabelCreator:0.14333333333333334
MediaComposerService:0.12666666666666668
