RISearchServlet:0.6255555555555555
AllSystemTestsConfigA:0.49333333333333335
AllSystemTestsConfigC:0.38666666666666666
