ARCWriterPool:0.9333333333333333
ARCWriterPoolTest:0.26666666666666666
