FormController:0.38333333333333336
ExampleChild:0.3487380952380953
ExampleFormObject:0.29
KIASServlet:0.17666666666666667
FormLocator:0.17444444444444446
NodeHandler:0.16
FormSerializer:0.11583333333333333
ExampleFormController:0.1
ComboboxNodeHandler:0.008981481481481483
