WebCfgService:0.6616666666666666
DummyWebCfgMBean:0.3546666666666667
WebCfgDelegate:0.35333333333333333
WicketApplicationTest:0.3433333333333333
AEMgtTest:0.3233333333333333
