ArchiverSystemTest:0.5991666666666666
ArchiveRecordingLoadTest:0.5683333333333334
ArchiveReplayLoadTest:0.38333333333333336
