MalfunctionManager:0.5991666666666666
PersonTableModel:0.565
UpTimer:0.4166666666666667
