TimeCS:0.894626984126984
Datum:0.5272222222222221
