MediaGridFragment:0.48
MainActivity:0.40777777777777774
RxGalleryFinal:0.3333333333333333
Configuration:0.2866666666666667
MediaUtils:0.13
