MutantDataTest:0.4666666666666667
RuleAromaticAmineNoSulfonicGroupTest:0.30666666666666664
RuleDACancerogenicityAromaticAminesTest:0.14333333333333334
RuleDerivedAromaticAminesTest:0.08666666666666667
RuleDAMutagenicityAromaticAminesTest:0.03666666666666667
RuleAromaticDiazoTest:0.016666666666666666
RuleDAMutagenicityABUnsaturatedAldehydesTest:0.006666666666666667
LDARuleTest:0.0
