DriverConductor:0.6366666666666667
Agent:0.46
EventReader:0.2833333333333333
