hqlanalyzer:0.7466666666666667
HqlAnalyzeWalker:0.33799999999999997
