PosPanel:0.5166666666666667
PosModel:0.31666666666666665
PayDialog:0.28222222222222226
CouponDialog:0.25
OrderPOS:0.23333333333333334
