Batch:0.642
Matrix4:0.48
CpuSpriteBatch:0.38666666666666666
Affine2:0.2633333333333333
PolygonSpriteBatch:0.26
SpriteBatch:0.17333333333333334
