AdvancedProperties:0.6566666666666666
PropertiesPanel:0.3
MountPanel:0.27166666666666667
