Expression:0.79
Value:0.47333333333333333
OLVisitor:0.38666666666666666
ProgramVisitor:0.38666666666666666
ProgramInspectorCreatorVisitor:0.38666666666666666
InterfaceVisitor:0.38666666666666666
Token:0.35
Constants:0.31666666666666665
Scanner:0.31000000000000005
OLParser:0.2866666666666667
OOITBuilder:0.24666666666666667
HttpProtocol:0.22333333333333333
TimeService:0.21666666666666667
SemanticVerifier:0.21333333333333335
TypeChecker:0.20666666666666667
OptimizerVisitor:0.2
IfProcess:0.19333333333333333
HttpScanner:0.16666666666666666
ProductExpression:0.13333333333333333
ForProcess:0.13333333333333333
SumExpression:0.13333333333333333
WhileProcess:0.13
ConstantStringExpression:0.11666666666666667
CompareCondition:0.11333333333333333
NotExpression:0.11333333333333333
FreshValueExpression:0.09
AndCondition:0.09
OrCondition:0.09
JavaServiceHelpers:0.09
IsStringExpression:0.07
IsIntExpression:0.07
IsDoubleExpression:0.07
CastDoubleExpression:0.056666666666666664
VariableExpressionNode:0.056666666666666664
CastIntExpression:0.056666666666666664
CastBoolExpression:0.056666666666666664
ConstantIntegerExpression:0.056666666666666664
CastLongExpression:0.056666666666666664
CastStringExpression:0.056666666666666664
IsLongExpression:0.056666666666666664
IsBoolExpression:0.056666666666666664
ProductExpressionNode:0.043333333333333335
FreshValueExpressionNode:0.043333333333333335
AndConditionNode:0.041666666666666664
SumExpressionNode:0.03333333333333333
ConstantDoubleExpression:0.03333333333333333
ConstantBoolExpression:0.03333333333333333
NotExpressionNode:0.03333333333333333
ConstantLongExpression:0.03333333333333333
IsTypeExpressionNode:0.03
CPPair:0.028333333333333332
OrConditionNode:0.025
IsDefinedExpression:0.023333333333333334
