FileDescriptor:0.71
NativeCodeGenerator:0.31
JniGenTest:0.23111111111111116
BuildExecutor:0.21777777777777782
StbTrueTypeBuild:0.12666666666666668
AndroidNdkScriptGenerator:0.11666666666666667
AntPathMatcher:0.07333333333333333
