Kernel32Library:0.9433333333333334
Bootstrap:0.39
Natives:0.25666666666666665
MemoryBasicInformation:0.12333333333333334
