InternalIPv4Range:0.5582777777777778
IPv4RangeBuilder:0.31666666666666665
IpRangeParser:0.26666666666666666
IpFieldType:0.15166666666666667
IpFieldMapper:0.1
SimpleSearchIT:0.07333333333333333
