AuthenticationContext:0.6266666666666667
DocViewer:0.39666666666666667
AuthenticationContextTransform:0.39
AuthenticationRemoteServiceImpl:0.27666666666666667
