ComboContext:0.7333333333333333
ScopeContext:0.6783333333333333
