SubnetNode:0.5216666666666666
AddIPAddressFrame:0.36333333333333334
CreateSubnetFrame:0.32
SubnetPoolChildren:0.18416666666666667
AddIPAddressAction:0.18333333333333332
DeleteSubnetAction:0.18166666666666667
CreateSubnetPoolAction:0.11666666666666667
CreateSubnetAction:0.11666666666666667
IPAMModuleService:0.11333333333333333
SubnetChildren:0.11
BtnConnectActionListener:0.09333333333333334
