PluginXMLHelper:0.5496666666666666
PluginXMLHelperTest:0.34
TestNamesInTurkishLocale:0.12666666666666668
