SetCategoryVisibilityPlugIn:0.5266666666666666
JUMPConfiguration:0.4033333333333333
CategoryMover:0.2866666666666667
