CondensedAlignment:0.54
SeqCanvas:0.4483333333333333
ApolloJalviewEventBridge:0.42333333333333334
