FR180ExtensionRenderer:0.19333333333333333
FR32768ExtensionRenderer:0.19333333333333333
JFXColorExtensionRenderer:0.15
JFXColorExtensionRenderer2:0.13666666666666666
JFXColorExtensionRenderer3:0.12333333333333334
