SAXHandler:0.3566666666666667
FileInfo:0.3466666666666667
JdbcProperties:0.33970634920634923
FileBean:0.25666666666666665
SqlBuilder:0.25333333333333335
RetrieveCmd:0.14400000000000002
