Project:0.35
ProjectGUI:0.33666666666666667
N3Source:0.3333333333333333
N3QueryAction:0.22444444444444447
AddN3URLAction:0.013333333333333334
AddN3Action:0.013333333333333334
