Crop:0.556111111111111
GoodsManager:0.4666666666666667
