DataLoader:0.4666666666666667
NBrowseApplet:0.4526666666666667
RamAdapter:0.39
FileDialog:0.24
MetaDataManager:0.04666666666666667
DbLoadThread:0.03
