ClientEndpoint:0.5233333333333333
Protocol:0.48
ConnectionManager:0.2991666666666667
ClientHandlerService:0.2733333333333333
ConnectionFactoryImpl:0.24833333333333332
SocketProtocolReader:0.23666666666666666
ManagedConnectionImpl:0.22666666666666666
MapIterateKeysHandler:0.15166666666666667
MapIterateEntriesHandler:0.15166666666666667
MapTest:0.12333333333333334
ExecutorServiceHandler:0.12
IsLockedOperationHandler:0.10666666666666667
MapValueCountHandler:0.10666666666666667
QueuePeekHandler:0.10666666666666667
MapEvictHandler:0.10666666666666667
LockOperationHandler:0.10666666666666667
UnknownClientOperationHandler:0.10333333333333333
ClientOperationHandler:0.10333333333333333
GetClusterTimeHandler:0.09
NewIdHandler:0.09
MapPutMultiHandler:0.08333333333333333
GetPartitionsHandler:0.08333333333333333
MapGetHandler:0.08333333333333333
QueuePollHandler:0.08333333333333333
DestroyHandler:0.08333333333333333
ListAddHandler:0.07666666666666666
GetMapEntryHandler:0.07666666666666666
QueueRemainingCapacityHandler:0.07666666666666666
SetAddHandler:0.07666666666666666
QueueSizeHandler:0.07666666666666666
MapIsKeyLockedHandler:0.07
MapLockMapHandler:0.07
MapContainsValueHandler:0.07
ProtocolTest:0.06666666666666667
MapContainsHandler:0.06333333333333334
GetInstancesHandler:0.06333333333333334
GetMembersHandler:0.06333333333333334
MapRemoveMultiHandler:0.06333333333333334
QueueOfferHandler:0.06333333333333334
QueueEntriesHandler:0.06333333333333334
SimpleMapTest:0.06333333333333334
QueueRemoveHandler:0.06333333333333334
MapPutIfAbsentHandler:0.056666666666666664
MapLockHandler:0.056666666666666664
QueueTest:0.056666666666666664
QueueAddListenerHandler:0.054722222222222214
TopicAddListenerHandler:0.054722222222222214
MapGetAllHandler:0.05333333333333334
MapItemRemoveHandler:0.05333333333333334
MapReplaceIfSameHandler:0.05333333333333334
MapTryRemoveHandler:0.05333333333333334
MapTryPutHandler:0.05333333333333334
CountDownLatchClientHandler:0.05
ClientMapOperationHandlerWithTTL:0.043333333333333335
MapUnlockMapHandler:0.03666666666666667
UnlockOperationHandler:0.03666666666666667
ClientMessageListenerProtocolImpl:0.035
CountDownLatchSetCountHandler:0.03333333333333333
AtomicLongClientHandler:0.03333333333333333
CountDownLatchCountDownHandler:0.03333333333333333
ClientMapOperationHandler:0.03
CountDownLatchGetOwnerHandler:0.03
ClientItemListenerPacketImpl:0.023333333333333334
MapPutHandler:0.023333333333333334
MapPutAllHandler:0.023333333333333334
ClientMessageListenerPacketImpl:0.02
RemoveListenerHandler:0.02
ClientTransactionOperationHandler:0.02
RemotelyProcessHandler:0.02
MapAddListenerHandler:0.018333333333333333
ClientAuthenticateHandler:0.016666666666666666
QueueRemoveListenerHandler:0.015
MapRemoveListenerHandler:0.015
CountDownLatchAwaitHandler:0.013333333333333334
AddListenerHandler:0.013333333333333334
TopicPublishHandler:0.01
CountDownLatchGetCountHandler:0.01
MultiMapTest:0.0025
TopicTest:0.0025
ClientItemListenerProtocolImpl:0.0
GeneralCommandsTest:0.0
CountDownLatchTest:0.0
