DataSourceClassGenerator:0.93
DataSource:0.6966666666666667
BibsonomyTestCase:0.08583333333333333
DataSourceClassGeneratorMojo:0.023333333333333334
