MapContainer:0.6466666666666666
MapKeyValueSource:0.27666666666666667
MapRemoteService:0.22333333333333333
DefaultClientExtension:0.20666666666666667
InMemoryFormatTest:0.19666666666666666
