JoinWithArcPlugIn:0.6341666666666667
ConvexHullPlugIn:0.3283333333333333
BlendLineStringsPlugIn:0.31833333333333336
