Study:0.39
AttributeFilterLoader:0.31
QueryCmd:0.28833333333333333
AttributeFilter:0.28
PatientDAO:0.18416666666666667
