CurrentVersionPane:0.5366666666666666
DatastreamPane:0.3466666666666667
ImportDialog:0.2733333333333333
ImportAction:0.19333333333333333
