XMPPChatTransmitter:0.64
FileTransfer:0.3088888888888889
OutgoingInvitationProcess:0.29
ITransmitter:0.2633333333333333
