FileHandler:0.64
PersistencyHandler:0.49333333333333335
DatabaseHandler:0.4683333333333333
