KeyStoreWrapper:0.39666666666666667
InstallPluginCommandTests:0.2733333333333333
Bootstrap:0.27
AddStringKeyStoreCommandTests:0.22333333333333333
InstallPluginCommand:0.18666666666666668
AddFileKeyStoreCommand:0.18333333333333332
AddStringKeyStoreCommand:0.18333333333333332
KeyStoreWrapperTests:0.18
AddFileKeyStoreCommandTests:0.16666666666666666
KeyStoreCommandTestCase:0.14666666666666667
BootstrapTests:0.11333333333333333
Entry:0.11099999999999999
CreateKeyStoreCommand:0.09333333333333334
RemoveSettingKeyStoreCommand:0.08
