FunctionScoreQueryBuilderTests:0.42333333333333334
PercolateQueryBuilderTests:0.25333333333333335
MoreLikeThisQueryBuilderTests:0.24
ScriptQueryBuilderTests:0.17666666666666667
