ViewGroupMvpViewStateDelegateImpl:0.42333333333333334
MvpViewStateFrameLayout:0.2633333333333333
MvpViewStateLinearLayout:0.2633333333333333
MvpViewStateRelativeLayout:0.2633333333333333
OrientationChangeManager:0.25333333333333335
MvpFrameLayout:0.23333333333333334
MvpLinearLayout:0.23333333333333334
MvpRelativeLayout:0.23333333333333334
ViewGroupMvpDelegateImpl:0.22
