EventJsonLayout:0.5533333333333333
EventJsonLayoutTest:0.2866666666666667
IntegrationTest:0.24333333333333335
DropwizardAppExtension:0.23322222222222222
DropwizardAppRule:0.23322222222222222
DropwizardAppRuleTest:0.22666666666666666
DropwizardAppExtensionTest:0.22666666666666666
EventJsonLayoutBaseFactory:0.20333333333333334
LayoutIntegrationTests:0.19333333333333333
TestResource:0.17333333333333334
