ShadowMappingTest:0.7886111111111112
LwjglDebugStarter:0.20905555555555555
