Json:0.5433333333333333
JsonEntity:0.35
JsonEntityField:0.32
JsonEntityTest:0.23333333333333334
