RelationAnalyzer:0.41333333333333333
SelectAnalysis:0.37666666666666665
SelectAnalyzer:0.21333333333333335
RelationAnalysisContext:0.16666666666666666
SelectStatementAnalyzer:0.13666666666666666
