TestParserExec:0.6366666666666667
TestSemPredEvalParser:0.37666666666666665
TestSets:0.37666666666666665
TestParserErrors:0.37666666666666665
TestLexerErrors:0.33666666666666667
TestCompositeParsers:0.33666666666666667
TestFullContextParsing:0.33666666666666667
TestLeftRecursion:0.17
TestListeners:0.13
TestParseTrees:0.13
TestSemPredEvalLexer:0.13
TestLexerExec:0.11333333333333333
TestPerformance:0.04583333333333333
TestCompositeLexers:0.025833333333333333
