WebUtils:0.7933333333333333
ClientAction:0.43
ClientAuthenticationHandler:0.38
ClientAuthenticationHandlerTests:0.15333333333333332
ClientActionTests:0.14666666666666667
