QueryThenFetchTask:0.58
QTFScrollTaskResult:0.38666666666666666
JoinContext:0.2866666666666667
NestedLoopOperation:0.23333333333333334
TransportExecutorPagingTest:0.043333333333333335
