AbstractCalendar:0.46
CalendarUtil:0.42333333333333334
HongKongCalendarTest:0.29
HongKongSettlementCalendar:0.18333333333333332
