MembershipListenerImpl:0.49666666666666665
AddMembershipListenerRequest:0.38666666666666666
