Caffeine:0.5633333333333334
BoundedLocalCache:0.505
StatsCounter:0.4866666666666667
