JChemPaintEditorWidget:0.5966666666666667
JChemPaintEditor:0.48333333333333334
JChemPaintWidget:0.44
