InMemoryLookupTable:0.5233333333333333
WordVectorSerializer:0.37
SkipGram:0.31
CBOW:0.23333333333333334
Word2Vec:0.22
Word2VecTests:0.1
