SaturationChecker:0.41333333333333333
ValencyChecker:0.4
MDLV2000ReaderTest:0.23333333333333334
HydrogenAdder:0.23
SaturationCheckerTest:0.21333333333333335
HydrogenAdderTest:0.2
ValencyCheckerTest:0.13333333333333333
MDLReaderTest:0.12944444444444442
