InvocationSpec:0.6933333333333334
MPTSetInfoIterator:0.36333333333333334
MPTQueryFactory:0.3
