ScriptModes:0.4266666666666667
ScriptService:0.31666666666666665
ScriptModesTests:0.2833333333333333
ScriptContextRegistry:0.23333333333333334
ScriptServiceTests:0.22
