SqlContext:0.7608333333333334
NutDaoExecutor:0.5683333333333334
DaoSupport:0.33
