LabelStore:0.53
StateTab:0.3933333333333333
SystemProperties:0.37
LabelStoreTest:0.31333333333333335
GraphTab:0.30666666666666664
LabelTree:0.22333333333333333
CompositeTypeModel:0.15666666666666668
