FlowExecutionImpl:0.4166666666666667
ActionExecutionException:0.31666666666666665
FlowSessionStatus:0.3028333333333333
FlowExecutionControlContextImpl:0.3
ActionExecutor:0.18
