OCSPUnidResponse:0.6466666666666666
FnrFromUnidExtension:0.41833333333333333
OCSPUnidExtension:0.35333333333333333
