DefaultBinding:0.7933333333333333
H2DataType:0.25594227994228
