ReflectUtils:0.59
Enhancer:0.32
BeanGenerator:0.25666666666666665
AbstractClassGenerator:0.20666666666666667
Generator:0.15333333333333332
