CachingLogic:0.8366666666666667
cacheController:0.26666666666666666
