HashGenerator:0.39666666666666667
SharedBuffer:0.38
SqlTaskExecution:0.35333333333333333
HashPagePartitionFunction:0.31
