NeuralNetConfiguration:0.6933333333333334
Dl4jReflection:0.21333333333333335
DistributionDeSerializer:0.1877777777777778
DistributionSerializer:0.1411111111111111
MultiLayerNeuralNetConfigurationTest:0.11333333333333333
NeuralNetConfigurationTest:0.11333333333333333
