NaturalIdResolutionCache:0.45
BaseCoreFunctionalTestCase:0.3933333333333333
ImmutableEntityNaturalIdTest:0.2733333333333333
NaturalIdXrefDelegate:0.25666666666666665
NaturalIdTest:0.18333333333333332
NaturalIdOnSingleManyToOneTest:0.11333333333333333
