TestAPIA:0.5266666666666666
TestAPIM:0.45
TestAPIALite:0.3333333333333333
FedoraServerTestCase:0.2733333333333333
ProfileSerializerThread:0.14333333333333334
