GwtTeamingMessages:0.8933333333333333
ConfigureFileSyncAppDlg:0.3466666666666667
ManageGroupsDlg:0.29
ManageNetFolderRootsDlg:0.2866666666666667
ManageNetFoldersDlg:0.2833333333333333
AdminControl:0.2677777777777778
ConfigureFileSyncAppDlgClient:0.08316666666666667
