HtmlAnchorTest:0.45666666666666667
HtmlFormTest:0.3466666666666667
CookieManagerTest:0.32666666666666666
HtmlFrameSetTest:0.30666666666666664
HtmlInlineFrameTest:0.2966666666666667
WebResponseImplTest:0.29333333333333333
HtmlPageTest:0.28
WebTestCase:0.21333333333333335
HtmlNoScriptTest:0.18333333333333332
FalsifyingWebConnectionTest:0.18
WebClient2Test:0.16666666666666666
