Converter:0.38
El2Test:0.33
ElQueueImpl:0.18
StringParse:0.14333333333333334
ElQueue:0.11888888888888888
ValParse:0.1
IdentifierParse:0.1
