Ring:0.51
StructureDiagramGenerator:0.37
AtomContainer:0.34
RingSet:0.2711111111111111
StructureDiagramGeneratorTest:0.24666666666666667
RingPlacer:0.23666666666666666
Renderer2D:0.18666666666666668
Renderer2DModel:0.18333333333333332
GeometryTools:0.0761111111111111
