WebRequest:0.6533333333333333
WebClient:0.4533333333333333
HistoryEntry:0.24666666666666667
History:0.22
Post1Servlet:0.21416666666666667
Location:0.18666666666666668
HistoryTest:0.08333333333333333
