SunshineRaytracer:0.7533333333333333
SunshineBidirPathtracer:0.30333333333333334
SunshineLightHandler:0.25333333333333335
Indicator:0.08
