PyUnicode:0.8366666666666667
__builtin__:0.51
types:0.3433333333333333
PyBaseString:0.013333333333333334
