Event:0.83
EntityIndexUtils:0.42133333333333334
AdvancedSearchController:0.20666666666666667
EventHelper:0.20666666666666667
WebKeys:0.2
IcalModuleImpl:0.19333333333333333
EventsViewHelper:0.17666666666666667
AddEntryController:0.12333333333333334
DateHelper:0.12
Eventtext:0.10666666666666667
FieldBuilderEvent:0.08666666666666667
Eventeditor:0.08
