Dialog:0.47
SnackBar:0.43
ContainerFrameLayout:0.30666666666666664
ButtonFragment:0.1877777777777778
CheckBox:0.16722222222222222
RadioButton:0.16722222222222222
