AzureDiscovery:0.30333333333333334
AzureModule:0.27666666666666667
AzureSimpleITest:0.26
AzureDiscoveryModule:0.12666666666666668
AzureSettingsFilter:0.01
