ElementDecl:0.5666666666666667
XmlActions:0.34
CompletionInfo:0.30333333333333334
CompletionInfoHandler:0.21166666666666667
XmlParsedData:0.19666666666666666
EditTagDialog:0.1788888888888889
XmlInsert:0.17333333333333334
ParseThread:0.11333333333333333
