MainResponse:0.5933333333333334
RestHighLevelClientTests:0.38
RestMainAction:0.18166666666666667
CustomRestHighLevelClientTests:0.14333333333333334
RestMainActionTests:0.14333333333333334
MainResponseTests:0.13666666666666666
MainDocumentationIT:0.12
