QedeqTreeCellRenderer:0.7719444444444444
CheckLogicAction:0.3917222222222222
