OsgiServiceProxyFactoryBean:0.7033333333333334
OsgiSingleServiceProxyFactoryBeanTest:0.24333333333333335
OrderedComponentScanningTest:0.18333333333333332
ComponentBean:0.12
