PropertiesUtil:0.38666666666666666
ServiceCollectionTest:0.31666666666666665
ScopingTest:0.3075
DuplicateClassTest:0.305
ServiceProxyTest:0.3
ServiceBaseTest:0.3
AbstractDependencyManagerTests:0.2966666666666667
CallingResourceOnDifferentBundlesTest:0.29
PropertyPlaceholderTest:0.2733333333333333
MultiServiceProxyFactoryBeanTest:0.23333333333333334
ServiceRefAwareWithSingleServiceTest:0.22666666666666666
ExtenderTest:0.22
Cardinality0to1Test:0.21666666666666667
MavenArtifactLookupTest:0.21666666666666667
DependencyTest:0.21
FactoryDependencyTest:0.21
BaseIoTest:0.19666666666666666
ServiceProxyFactoryBeanTest:0.18333333333333332
OsgiAppContextTest:0.18333333333333332
ConfigTest:0.18
BehaviorBaseTest:0.18
LifecycleTest:0.16666666666666666
ServiceRefAwareWithMultiServiceTest:0.16666666666666666
PropertiesUtilTest:0.14666666666666667
ServiceListenerTest:0.14333333333333334
DeadlockHandlingTest:0.14
ExtenderVersionTest:0.14
ErrorHandlingTest:0.13666666666666666
SyncWaitWithoutDependencyTest:0.12
AsyncWaitTest:0.11333333333333333
AsyncNoWaitTest:0.11333333333333333
ServiceListTest:0.10333333333333333
SyncNoWaitTest:0.09333333333333334
NoPublishTest:0.09333333333333334
SyncNoWaitWithReverseQueueTest:0.09333333333333334
SyncWaitTest:0.09333333333333334
