TestCassandraConnector:0.44666666666666666
TableRow:0.43333333333333335
CassandraTestingUtils:0.4166666666666667
CassandraQueryRunner:0.3
MockCassandraSession:0.15333333333333332
TestCassandraIntegrationSmokeTest:0.14333333333333334
TestHostAddressFactory:0.11666666666666667
TestHost:0.04
RowUtil:0.04
