Evidence:0.7733333333333333
EvidenceSet:0.45666666666666667
