JPPFExecutorService:0.6066666666666667
BatchHandler:0.34
MyTask:0.21666666666666667
Main:0.19333333333333333
JPPFCallableTask:0.11666666666666667
