UmlProcessor:0.7244444444444443
IndexGenerator:0.5083333333333333
