SwitchUserProcessingFilter:0.4766666666666667
SwitchUserProcessingFilterTests:0.42333333333333334
UrlUtils:0.36333333333333334
SimpleUrlAuthenticationSuccessHandler:0.31333333333333335
SimpleUrlAuthenticationFailureHandler:0.17277777777777775
