Builder:0.6866666666666666
KerasLstm:0.21666666666666667
KerasBatchNormalization:0.21
KerasDense:0.14333333333333334
KerasEmbedding:0.13
KerasAtrousConvolution2D:0.1
KerasAtrousConvolution1D:0.1
KerasConvolution1D:0.1
KerasConvolution2D:0.1
