SCPPublisher:0.8833333333333333
SCPPublisherTest:0.23333333333333334
