HPDisplaySet:0.5533333333333333
HPImageSet:0.48333333333333334
RelativeTime:0.15
RelativeTimeUnits:0.09666666666666666
ImageSetSelectorCategory:0.006666666666666667
AbstractPriorValue:0.006666666666666667
PatientOrientation:0.006666666666666667
YesNo:0.006666666666666667
