Flyway:0.8866666666666667
AntLargeTest:0.32
FlywayCallbackTest:0.30333333333333334
AbstractFlywayTask:0.26666666666666666
