AddActionAction:0.42
BaseModelDropDownActionDelegate:0.4
BaseModelActionDelegate:0.36
BotTaskActionsDelegate:0.19666666666666666
ActiveActionsDelegate:0.15333333333333332
