NavigatorClassTopComponent:0.5066666666666667
VisualTopComponent:0.41
NeuralNetworkClass:0.2941666666666667
NeurophProjectTextNode:0.19666666666666666
OpenSpecific:0.19
TransferFunctionEditor:0.17865079365079364
OpenActionNeuralNet:0.16
NeurophProjectLogicalView:0.12333333333333334
CreateNeuralNetworkFileService:0.06
InputFunctionEditor:0.006666666666666667
