Host:0.82
MessagesSupportedVMsg:0.3466666666666667
HopsFlowTimer:0.17666666666666667
