Publication:0.5466666666666666
ClientConductor:0.44666666666666666
PublicationTest:0.25666666666666665
