FluxSceneVisitor:0.38333333333333336
Device:0.36633333333333334
FluxScene:0.2966666666666667
ComputeByteBuffer:0.2866666666666667
FluxLightModelTracer:0.2833333333333333
FluxSceneSerializer:0.24
FluxJOCLScene:0.19
FluxLightTracer:0.13666666666666666
JOCLKernel:0.12333333333333334
