MemCqiClient:0.4066666666666667
Toolbox:0.35333333333333333
Mesure:0.35
Log:0.26666666666666666
NullCqiServer:0.24333333333333335
Magnitude:0.20666666666666667
Mesures:0.10666666666666667
MesureResult:0.05333333333333334
