SQLiteCursorTest:0.6216666666666667
ShadowSQLiteCursor:0.3
ShadowAbstractCursor:0.25333333333333335
