RuleView:0.7633333333333333
AspectualRuleView:0.48
Simulator:0.38333333333333336
SystemProperties:0.35
DefaultGrammarView:0.3333333333333333
AspectualGraphView:0.31
RenameRuleAction:0.3011111111111111
ExportGraphAction:0.3011111111111111
DeleteRuleAction:0.3011111111111111
AspectGraph:0.27666666666666667
ScenarioChooserPanel:0.2633333333333333
RulePanel:0.26
AspectualViewGps:0.24666666666666667
Editor:0.22666666666666666
ScenarioMenu:0.21916666666666668
FileGps:0.21
AlgebraRegister:0.21
RuleTreeNode:0.2
RuleJTree:0.2
Imager:0.2
CopyRuleAction:0.19444444444444445
AspectualView:0.175
Validator:0.16666666666666666
EditRuleAction:0.16444444444444445
EditRulePropertiesAction:0.14444444444444446
RuleSelectionListener:0.12
AttributeElementFactory:0.11111111111111112
