DriverConductor:0.5733333333333334
ClientConductorTest:0.33
AeronTest:0.31666666666666665
ControlProtocolEvents:0.02
