GITRemoteRepository:0.29208907
SVNRemoteRepository:0.2615107
RepositoryUtils:0.05204184
