ObjectNode:0.6466666666666666
ExecuteClassReportAction:0.49666666666666665
SDHModuleActions:0.25222222222222224
