PaymentSession:0.47333333333333333
PaymentProtocol:0.32366666666666666
WalletTool:0.3
PaymentSessionTest:0.16333333333333333
PaymentProtocolTool:0.13333333333333333
PkiVerificationData:0.10666666666666667
