ScriptingComplexVariable:0.8183333333333334
GroovyScriptBinding:0.3333333333333333
