StringUtil:0.8183148148148149
CollectionUtil:0.23666666666666666
