AbstractAutoTunedBundler:0.33
NodeExecutionManagerImpl:0.31
AbstractProportionalBundler:0.30666666666666664
NodeTaskWrapper:0.28
RemoteNodeIO:0.25666666666666665
LocalNodeIO:0.25666666666666665
AutoTunedBundler:0.24416666666666667
ProportionalBundler:0.22333333333333333
AbstractRLBundler:0.2
RLBundler:0.13916666666666666
AbstractNodeIO:0.12
AbstractAdaptiveBundler:0.09666666666666666
BundlerEx:0.095
WaitingResultsState:0.08333333333333333
