Date:0.66
IMM:0.45
Settings:0.1971111111111111
LongFormat:0.15666666666666668
DatesTest:0.09
ShortFormat:0.05
ISOFormat:0.05
StringFormatter:0.0011111111111111111
