DcmRcv:0.5916666666666667
PDataTFInputStream:0.39111111111111113
PDataTFOutputStream:0.32
