Dialect:0.7633333333333333
PostgreSQLDialect:0.29
StandardSQLFunction:0.27666666666666667
Restrictions:0.26666666666666666
LikeExpression:0.21666666666666667
IlikeExpression:0.14666666666666667
