FluentStringsMap:0.52
FluentCaseInsensitiveStringsMap:0.52
FluentCaseInsensitiveStringsMapTest:0.2966666666666667
RequestImpl:0.22555555555555554
FluentStringsMapTest:0.21333333333333335
PostWithQSTest:0.12666666666666668
