LinkedHashMap:0.6933333333333334
LinkedHashSet:0.56
LinkedHashMapTest:0.21
SerializationProxy:0.12333333333333334
