Jedis:0.5833333333333334
Protocol:0.4533333333333333
BinaryRedisPipeline:0.2833333333333333
JedisCommands:0.2833333333333333
BinaryJedisCommands:0.2833333333333333
RedisPipeline:0.2833333333333333
BinaryClient:0.25333333333333335
Client:0.22333333333333333
ShardedJedis:0.20333333333333334
BinaryShardedJedis:0.185
JedisCluster:0.16666666666666666
BinaryJedis:0.15
PipelineBase:0.14333333333333334
SortedSetCommandsTest:0.11666666666666667
