DefaultXMLExporter8Test:0.4033333333333333
DefaultXMLExporter9Test:0.4033333333333333
ProtocolInputDecoderServer_KOTest:0.30666666666666664
ProtocolInputDecoderServer_7Test:0.2866666666666667
JFXTreeEditorUngroupTest:0.25
LayerTreeEditorCopyPaste1Test:0.20666666666666667
ClientMessageProcessorTest:0.19
LayerTreeEditorCopyPaste4Test:0.16666666666666666
MessagePanelFactory5Test:0.04
MessagePanelFactory4Test:0.04
MessagePanelFactory3Test:0.04
