PermaLinkUtil:0.6566666666666666
MarkupUtil:0.4666666666666667
RssModuleImpl:0.3233333333333333
