Configuration:0.69
CurrentFolderFinder:0.44
XmlDataSource:0.37666666666666665
DataSourceTab:0.18666666666666668
