NodeExtension:0.84
HttpPostCommandProcessor:0.37333333333333335
DefaultNodeExtension:0.3566666666666667
TaskPollThread:0.35
ConsoleRequestConstants:0.0
HttpCommandProcessor:0.0
