OpenIDConsumer:0.64
OpenIDAuthenticationProvider:0.18
MockOpenIDConsumer:0.16333333333333333
OpenIdAuthenticationRequiredException:0.15888888888888889
JanRainOpenIDConsumer:0.15666666666666668
OpenIdAuthenticationProcessingFilter:0.12666666666666668
OpenIDLoginInitiationServlet:0.12333333333333334
OpenId4JavaConsumer:0.013333333333333334
