DownloadConfig:0.49333333333333335
DownloadTask:0.38666666666666666
BaseConfig:0.22333333333333333
IDownloadUtil:0.22166666666666668
SingleThreadTask:0.22
SingleTaskActivity:0.20666666666666667
DownloadUtil:0.2
ConfigHelper:0.19
DownloadTaskQueue:0.17333333333333334
DownloadReceiver:0.15333333333333332
AbsSchedulers:0.12333333333333334
