Date:0.81
TermStructure:0.5
StopClock:0.36
DefaultDate:0.30666666666666664
PiecewiseYieldDiscountCurve:0.2
PiecewiseYieldLazyCurve:0.13333333333333333
TermStructuresTest:0.11333333333333333
EuropeanOptionTest:0.10666666666666667
BinomialTest:0.09333333333333334
EquityOptions:0.09
OldPricer:0.09
