ClassDescriptor:0.7233333333333334
BeanUtilBean:0.41333333333333333
BeanCopy:0.20527777777777778
BeanVisitor:0.12666666666666668
