BaseTest:0.8544444444444443
ComboIocLoader:0.8133333333333334
