TestRuleOrdering:0.569555315055315
TestRuleOrderingWithMethodRule:0.569555315055315
TestRuleIsAroundMethodRule:0.569555315055315
TestClass:0.39666666666666667
BlockJUnit4ClassRunner:0.34
ParentRunner:0.31
RuleCollector:0.30666666666666664
StackTracesTest:0.18833333333333332
TestRuleTest:0.06333333333333334
TestWithThrowingClassRule:0.045
ClassRuleCollector:0.023333333333333334
ClassRulesTest:0.01
ClassRuleOrderingDefault:0.006666666666666667
ClassRuleOrdering:0.006666666666666667
