QueryTag:0.6708333333333333
QueryExecution:0.6466666666666666
