Logger:0.56
UnknownHandlerConfig:0.31666666666666665
XmlConfigurationProvider:0.29583333333333334
ResultTypeConfig:0.2833333333333333
Slf4jLogger:0.28
JdkLogger:0.28
CommonsLogger:0.28
ActionConfig:0.26
PackageConfig:0.21
DefaultTheme:0.20333333333333334
ResultConfig:0.20333333333333334
ExceptionMappingConfig:0.20333333333333334
InterceptorConfig:0.19666666666666666
InterceptorStackConfig:0.18333333333333332
