CountDownLatchBackupOperation:0.5016666666666667
CountDownLatchReplicationOperation:0.2833333333333333
GetCountOperation:0.19
AbstractCountDownLatchOperation:0.17
BackupAwareCountDownLatchOperation:0.16666666666666666
AwaitOperation:0.14666666666666667
CountDownOperation:0.14
SetCountOperation:0.14
