ScreenReader:0.8733333333333333
AbstractScreenReader:0.4166666666666667
FocusController:0.34
EditorReader:0.2966666666666667
UberEvent:0.25
ScreenReaderFactory:0.11
JListReader:0.02
