RubyInterpreterLabelProvider:0.5383333333333333
RubyInterpreterPreferencePage:0.4633333333333333
RdtDebugUiMessages:0.3885555555555556
RubyVMMessages:0.016666666666666666
