Faces:0.6666666666666666
SkeletonModelGpuSkinningTest:0.49666666666666665
Geometry:0.3669047619047619
