SQLConverter:0.7833333333333333
ParametricQuery:0.4533333333333333
ParametersTest:0.3
ViewsLoader:0.15333333333333332
