SingleStepTracker:0.5133333333333333
CoreUtilities:0.48333333333333334
WorkerCommand:0.44333333333333336
MangoModel:0.43333333333333335
CoreMangoActiveObject:0.43
SingleStep:0.4166666666666667
RuleKey:0.4
CoreTier:0.39666666666666667
CoreRule:0.36333333333333334
CoreDFLCreator:0.36
PersistentParityID:0.32466666666666666
DebuggerWindow:0.3233333333333333
AliasedRuleKey:0.32133333333333336
RandomID:0.305
ViewID:0.30333333333333334
EmbeddedJVM:0.3
ModuleLocator:0.26
SourceAspectID:0.2546666666666667
DFLocator:0.24666666666666667
TransientParityID:0.24666666666666667
CoreSuperWindow:0.24
HiddenObject:0.2322222222222222
TransientObjectID:0.23
Locator:0.22333333333333333
InitSessionMsg:0.22
WorkstationWindow:0.21777777777777782
RuleBaseSym:0.2108888888888889
LocatableArraySym:0.2
PersistentObjectID:0.19866666666666666
LocatableFolderViewer:0.19666666666666666
DebugRewriterAction:0.18844444444444444
TargetJarsAction:0.1877777777777778
StopRewriterAction:0.1877777777777778
LibraryJarsAction:0.1877777777777778
CoreVariableTableModel:0.18666666666666668
EnforceTierSettingsRequestMsg:0.18333333333333332
RuleViewSym:0.18
NullWorkerID:0.17666666666666667
MangoModelUtilities:0.17333333333333334
UpdateStatisticsRequestMsg:0.17333333333333334
CoreVariable:0.17333333333333334
CoreTierTableModel:0.16666666666666666
CoreRuleBaseTableModel:0.16666666666666666
BreakPointTypeAction:0.16
PostAction:0.15333333333333332
ClearBreakPointMsg:0.15
OpenDFLasAxiomRequestMsg:0.15
StopRewritingAction:0.15
CurrentModuleAction:0.14666666666666667
StepAll:0.14666666666666667
LengthViewSym:0.14333333333333334
SaveCoreRuleBaseOutlineAction:0.14333333333333334
ReplaceRequestMsg:0.14
ProxyActiveObject:0.13666666666666666
ModifyCoreMangoObjectMsg:0.13333333333333333
StopRewritingMsg:0.13333333333333333
CoreStringUtilities:0.13
OpenEncapsulationTemplateRequestMsg:0.12333333333333334
LocatorManager:0.12166666666666667
RuleKeyBreakPointAction:0.11833333333333333
ContinueRewritingMsg:0.11666666666666667
AddCoreMangoObjectMsg:0.115
SingleStepMsg:0.11333333333333333
StepAction:0.10833333333333334
ContinueAction:0.10833333333333334
SetBreakPointTypeMsg:0.1
ApplyCoreRuleAction:0.09333333333333334
ImportCoreRuleAction:0.09
CoreCutAction:0.09
NewCoreRuleAction:0.09
NewCoreTierAction:0.09
CorePasteAction:0.09
SetRuleKeyBreakPointMsg:0.09
OpenDFLEditorRequestMsg:0.0875
DeleteCoreMangoObjectMsg:0.08666666666666667
DownloadCoreRuleAction:0.08666666666666667
ScriptedDeactivateAction:0.08666666666666667
ScriptedActivateAction:0.08666666666666667
ImportCoreTierAction:0.07
CloneCoreRuleAction:0.06666666666666667
SingleOffMsg:0.06666666666666667
SingleOnMsg:0.06333333333333334
TrapCommand:0.058333333333333334
OpenInterpretationRequestMsg:0.05277777777777777
CoreHitemFactory:0.05199999999999999
PostRequestMsg:0.05
DebuggerWindowSym:0.04833333333333333
ClearStatisticsRequestMsg:0.04666666666666667
TestData:0.0425
PostCoreRequestMsg:0.04
SetBreakPointMsg:0.03333333333333333
SetActiveCoreMangoObjectMsg:0.03
CoreHitem:0.0025
