STF:0.7766666666666666
PEView:0.5766666666666667
SarosBotImp:0.45
SarosBot:0.4126190476190476
STFTest:0.37333333333333335
SessionViewImp:0.35333333333333333
PEViewImp:0.32666666666666666
TestShareProjectUsingExistingProject:0.31666666666666665
TestSVNStateInitialization:0.31333333333333335
TestRosterView:0.23
TestUserWithWriteAccessSavesFiles:0.19666666666666666
TestParallelInvitationWithTerminationByHost:0.16666666666666666
TestSVNStateUpdates:0.16666666666666666
TestConcurrentEditing:0.13666666666666666
TestStrictSequentialInvitationWithoutTermination:0.13666666666666666
STFController:0.12666666666666668
TestShare3UsersSequentially:0.11333333333333333
TestHostInvitesBelatedly:0.11333333333333333
TestShare3UsersConcurrently:0.11333333333333333
TestShare2UsersSequentially:0.11333333333333333
SarosComponentImp:0.10666666666666667
TestParallelInvitationWithTerminationByInvitees:0.10333333333333333
SarosComponent:0.08444444444444445
TestEditDuringInvitation:0.05333333333333334
