IndexStore:0.6186666666666667
SortedIndexStore:0.49
IndexImpl:0.2733333333333333
UnsortedIndexStore:0.21666666666666667
