TrayIcon:0.6719999999999999
TedMainDialog:0.43888888888888894
TedSystemInfo:0.3466666666666667
TedNativeTrayIcon:0.22
TrayMessenger:0.10833333333333334
