ITransformService:0.7455555555555556
TransformTable:0.73
TransformService:0.32666666666666666
TransformDataExtractor:0.2633333333333333
AbstractTransformer:0.18333333333333332
TransformDataLoaderTest:0.18333333333333332
TransformDataLoader:0.15833333333333333
TransformTableMapper:0.13444444444444442
TransformDataExtractorTest:0.12666666666666668
