FamNode:0.27
Model:0.26
MarrNode:0.25666666666666665
IndiNode:0.18333333333333332
MyNode:0.08
DummyNode:0.056666666666666664
