Options:0.7666666666666667
VisualAttributeMap:0.2633333333333333
HTMLLineFormat:0.22666666666666666
RealCellEditor:0.22333333333333333
