ResourceLineReader:0.5766666666666667
LineReader:0.4968888888888889
ResourceLineReaderTests:0.33666666666666667
FlatFileItemReader:0.30333333333333334
CommonDatabaseItemStreamItemReaderTests:0.15666666666666668
