JCache:0.4633333333333333
BaseRemoteService:0.28
RedissonLocalCachedMap:0.2733333333333333
RedissonDelayedQueue:0.2633333333333333
RedissonPermitExpirableSemaphore:0.21666666666666667
RedissonExecutorService:0.21666666666666667
RedissonNode:0.20244444444444445
RandomLoadBalancer:0.1
