TreeInfo:0.49
GwtServerHelper:0.45
BinderInfo:0.3233333333333333
GwtRpcServiceImpl:0.31333333333333335
