TestInstanceLifecycleTests:0.47
ClassUtils:0.31922222222222224
ClassUtilsTests:0.3075555555555555
