QueueStats:0.7133333333333334
JPPFStats:0.5233333333333333
StatsFormatter:0.31
JPPFDriverStatsUpdater:0.26
