HiveColumnHandle:0.5166666666666667
AbstractTestHiveClient:0.3433333333333333
TestHiveIntegrationSmokeTest:0.25
HiveUtil:0.2327777777777778
HiveMetadata:0.21666666666666667
TestHiveColumnHandle:0.14666666666666667
TestHivePageSink:0.13666666666666666
AbstractTestHiveFileFormats:0.13333333333333333
OrcPageSourceFactory:0.13333333333333333
TestJsonHiveHandles:0.12333333333333334
