NotifierConfigurationTest:0.7886111111111112
AdminServerWebConfigurationTest:0.5736666666666667
