Room:0.5988888888888889
DbHsqldbTestCase:0.4033333333333333
DbHintTest:0.37
