ResultMap:0.38
MapperBuilderAssistant:0.31333333333333335
XMLMapperBuilder:0.30333333333333334
FastResultSetHandler:0.2733333333333333
Builder:0.22
NestedResultSetHandler:0.19
ResultMapResolver:0.11666666666666667
