Metadata:0.62
SelectableEntry:0.36
ChangeDirectoryAction:0.31333333333333335
SelectableEntryPanel:0.21666666666666667
SaveSIPAction:0.17666666666666667
