MessageDispatcher:0.5752777777777778
AbstractEndpointMapping:0.5161111111111111
