IfSnmpCollector:0.5383333333333333
IfTable:0.4766666666666667
IfXTable:0.31666666666666665
