AbstractUserDetailsServiceBeanDefinitionParser:0.42333333333333334
ConfigUtils:0.30666666666666664
AuthenticationProviderBeanDefinitionParser:0.27
HttpSecurityConfigPostProcessor:0.24666666666666667
HttpSecurityBeanDefinitionParser:0.14666666666666667
UserServiceBeanDefinitionParser:0.14666666666666667
JdbcUserServiceBeanDefinitionParserTests:0.11333333333333333
JdbcUserServiceBeanDefinitionParser:0.08666666666666667
CachingUserDetailsService:0.05333333333333334
AuthenticationProviderCacheResolver:0.03333333333333333
