InsertFromValuesAnalyzerTest:0.5333333333333333
InsertFromValuesAnalyzer:0.4166666666666667
InsertFromSubQueryAnalyzerTest:0.37666666666666665
InsertFromSubQueryAnalyzer:0.22666666666666666
