Installation:0.4083333333333333
ConsoleInstaller:0.30666666666666664
InstallationDriver:0.27666666666666667
AbstractWizard:0.25666666666666665
InstallerCommandLine:0.2288888888888889
FrameInstaller:0.20333333333333337
StartScriptGenerator:0.18
