MatchQuery:0.4166666666666667
SearchQueryIT:0.3566666666666667
QueryStringIT:0.2833333333333333
MatchQueryBuilderTests:0.28
MatchQueryBuilder:0.25333333333333335
