Condition:0.5116666666666667
LabelStore:0.48
JGraph:0.46
LabelTree:0.37666666666666665
Simulator:0.34833333333333333
Editor:0.32666666666666666
SPORule:0.24416666666666667
NodeTypeLabelParser:0.24
JGraphPanel:0.2394444444444445
NodeTypeMultipleRecord:0.2277777777777778
NodeTypeSearchItem:0.22361111111111115
LTSJGraph:0.21916666666666668
RefreshListener:0.21744444444444444
MyCellRenderer:0.21333333333333335
StatePanel:0.21333333333333335
Imager:0.20666666666666667
StoredGrammarView:0.20666666666666667
SystemProperties:0.2
ConditionSearchPlanFactory:0.195
AbstractCondition:0.19333333333333333
LabelStoreTest:0.19
EditorJGraph:0.18666666666666668
MyCellEditor:0.18444444444444444
StateJGraph:0.18333333333333332
AspectJGraph:0.18166666666666667
NodeTypeSingularRecord:0.18166666666666667
LabelTreeNode:0.16
RulePanel:0.15666666666666668
GraphPatternPopupWindow:0.15
ControlJGraph:0.14333333333333334
LabelMenu:0.09
IsSubtypeString:0.0033333333333333335
