MetamodelGraphWalker:0.3933333333333333
AbstractLoadPlanBuildingAssociationVisitationStrategy:0.3233333333333333
AbstractLoadPlanBuilderStrategy:0.2866666666666667
AssociationVisitationStrategy:0.19583333333333333
LoggingAssociationVisitationStrategy:0.19583333333333333
