GLSLDisplay:0.5333333333333333
GLDisplay:0.37666666666666665
SkeletonCanvas:0.37666666666666665
WireframeCanvas:0.36666666666666664
FullQualityRenderPass:0.12666666666666668
ColorBGShader:0.10333333333333333
DrawTranspBackgroundPass:0.03666666666666667
