ParcelerModule:0.663888888888889
ParcelableIntegrationTest:0.39666666666666667
TestParcelerModule:0.36333333333333334
