ConverterPropertyEditorAdapter:0.5866666666666667
DefaultConversionService:0.4166666666666667
BeanFactoryAwareConversionService:0.33666666666666667
TextToBean:0.17
