ResourceLoader:0.5366666666666666
ShadowResources:0.37666666666666665
ShadowAnimation:0.24666666666666667
ShadowAnimationUtils:0.23
AnimationTest:0.22
ResourcesTest:0.17666666666666667
ResourceLoaderTest:0.11333333333333333
drawable:0.10333333333333333
AnimationUtilsTest:0.07
ShadowFrameLayout:0.06
