UdpHostCache:0.68
UdpHostCacheContainer:0.35333333333333333
UdpHostCacheManager:0.21333333333333335
UdpHostCacheComparator:0.02
