JUMPConfiguration:0.6283333333333333
GenerateLogPlugIn:0.45
MosaicInternalFramesPlugIn:0.2916666666666667
