DefaultConversionService:0.42
PortletExternalContext:0.39
JsfExternalContext:0.38666666666666666
ServletExternalContext:0.3233333333333333
SetPortletModeActionTests:0.15333333333333332
FlowNavigationHandlerArgumentExtractorTests:0.10666666666666667
