FinderPatternFinder:0.6483333333333333
Detector:0.5016666666666667
