ByteArrayBodyHandler:0.48333333333333334
FileBodyHandler:0.42
StringBodyHandler:0.32666666666666666
BodyHandlerFactory:0.3233333333333333
ParamsBodyHandler:0.2866666666666667
