StoredPaymentChannelClientStates:0.7533333333333333
StoredPaymentChannelServerStates:0.5197222222222223
