FunctionRegistry:0.44333333333333336
Visitor:0.36
QueryResults:0.2733333333333333
TypeRegistry:0.25666666666666665
LiteralInterpreter:0.22333333333333333
MathFunctions:0.18333333333333332
VarcharOperators:0.15333333333333332
StandardTypes:0.045182539682539685
