PersistentTask:0.5333333333333333
PersistentTasksCustomMetaData:0.43666666666666665
Builder:0.31666666666666665
PersistentTasksExecutor:0.28
PersistentTasksClusterServiceTests:0.23666666666666666
TestPersistentTasksPlugin:0.23
PersistentTasksService:0.21444444444444447
PersistentTasksCustomMetaDataTests:0.20666666666666667
PersistentTasksClusterService:0.18333333333333332
TaskBuilder:0.15333333333333332
PersistentTasksExecutorRegistry:0.15
StartPersistentActionRequestTests:0.12333333333333334
MockExecutor:0.10333333333333333
PersistentTasksExecutorResponseTests:0.09333333333333334
PersistentTasksNodeServiceTests:0.08666666666666667
TestPersistentTasksExecutor:0.065
PersistentTasksNodeService:0.056666666666666664
TestParams:0.04666666666666667
Execution:0.03
ExecutorNodeDecider:0.025833333333333333
NodePersistentTasksExecutor:0.006666666666666667
