ManageRegisteredServicesMultiActionController:0.41333333333333333
JsonServiceRegistryDao:0.2866666666666667
ResourceCRLRevocationChecker:0.24666666666666667
ManageRegisteredServicesMultiActionControllerTests:0.24333333333333335
AbstractUsernamePasswordAuthenticationHandler:0.21333333333333335
JsonServiceRegistryConfigWatcher:0.20444444444444446
AbstractSamlObjectBuilder:0.20333333333333334
AbstractCRLRevocationChecker:0.18
AbstractPreAndPostProcessingAuthenticationHandler:0.16333333333333333
CRLDistributionPointRevocationChecker:0.07333333333333333
OpenSamlConfigBean:0.03333333333333333
