ArrayTableSimulation:0.5366666666666666
ArrayTable:0.5266666666666666
AbstractFunction:0.21333333333333335
DefaultPivotTable:0.17666666666666667
BetweenCondition:0.17666666666666667
AbstractQueryPart:0.15333333333333332
