Node:0.57
HTMLCollection:0.38333333333333336
XMLDocumentTest:0.3516666666666667
XSLTProcessor:0.2833333333333333
Sarissa099Test:0.25333333333333335
