ShaderProgram:0.45666666666666667
ImmediateModeRenderer10:0.36
FrameBuffer:0.3
IndexBufferObjectSubData:0.2833333333333333
IndexBufferObject:0.2833333333333333
VertexArray:0.21666666666666667
VertexBufferObjectSubData:0.18333333333333332
VertexBufferObject:0.18333333333333332
