PopPanel:0.5866666666666667
PrintFormatStep:0.18
IdentityStep:0.17666666666666667
MachineCreator:0.17666666666666667
