JPPFJcaClient:0.37333333333333335
JPPFClient:0.3580952380952381
SubmissionManagerClient:0.32
JPPFBundlerFactory:0.31666666666666665
ChannelWrapperRemote:0.25666666666666665
SystemUtils:0.25666666666666665
BaseJPPFClientConnection:0.21
JMXConnectionWrapper:0.21
AbstractSocketWrapper:0.21
JPPFConfigurationParser:0.18666666666666668
JPPFResourceAdapter:0.13333333333333333
SerializationHelperImpl:0.0
