ARINCModelFactory:0.57
AbstractRenderingLayer:0.5466666666666666
LayerHelper:0.37333333333333335
ServerInteractiveWidget:0.2132777777777778
ServerElement:0.18416666666666667
