TestApp:0.51
LongRunningTest:0.25333333333333335
SimpleFunctionalMapTest:0.18333333333333332
SimpleMultiMapTest:0.16333333333333333
TheNode:0.16166666666666665
SimpleMapTest:0.14666666666666667
DefaultLineReader:0.13
