Bc_jmolPlugin:0.6533333333333333
JmolView:0.44416666666666665
