CruiseControlConfig:0.9133333333333333
CruiseControlConfigPreConfTest:0.06666666666666667
