NameTable:0.69
GenerationTest:0.38333333333333336
J2ObjC:0.29333333333333333
TranslationProcessor:0.2733333333333333
FileUtilTest:0.19
