TextViewDialog:0.49666666666666665
RendererModelEditor:0.275
GeneralSettingsEditor:0.21833333333333332
ModifyGeneralSettingsDialog:0.21333333333333335
ModifyRenderOptionsDialog:0.21333333333333335
CreateInChIAction:0.14333333333333334
CreateSmilesAction:0.12
