MapReduceExecutor:0.31333333333333335
BaseMapperTask:0.22
RedissonMapReduceTest:0.20666666666666667
MapperTask:0.19555555555555557
ReducerTask:0.16
CollectionMapperTask:0.14
RedissonCollectionMapReduce:0.12666666666666668
RedissonMapReduce:0.05
