InternalEngine:0.5952777777777777
Engine:0.5866666666666667
MockInternalEngine:0.2
