Jolie2Java:0.4066666666666667
Jolie2Plasma:0.4066666666666667
GetSurface:0.4066666666666667
