PubSubOptions:0.57
RateController:0.4866666666666667
SubscriberThread:0.24333333333333335
PublisherTool:0.2402777777777778
