TrimFunction:0.20333333333333334
CastFunction:0.17333333333333334
ComponentCriteriaTest:0.07333333333333333
ParameterizedFunctionExpression:0.06666666666666667
LocateFunction:0.06333333333333334
SubstringFunction:0.06333333333333334
