TaskManager:0.5166666666666667
MTogglePanel:0.3433333333333333
TaskPanel:0.25083333333333335
AbstractSettings:0.21666666666666667
TaskSummary:0.20333333333333334
ImageEditorDesigner:0.19
AlarmManager:0.18333333333333332
ItemRenderer:0.18
PopupContent:0.12666666666666668
CalendarComponent:0.11333333333333333
ToggleButton:0.11166666666666666
