Connection:0.43666666666666665
HttpsURLConnectionImpl:0.36
ConnectionPool:0.29
RouteSelector:0.28
HttpEngine:0.2375
HttpURLConnectionImpl:0.23
RouteSelectorTest:0.19666666666666666
ConnectionPoolTest:0.19333333333333333
OkHttpClient:0.18333333333333332
HttpUrlConnectionDelegate:0.08666666666666667
