FileList:0.73
OutgoingInvitationProcess:0.33666666666666667
IncomingInvitationProcess:0.27666666666666667
ConsistencyWatchdogClient:0.27
Handler:0.2
