ImportMetadata:0.4666666666666667
SplitManager:0.38
SqlQueryManager:0.25
ServerMainModule:0.21666666666666667
ImportTableExecution:0.20333333333333334
TestImportClientFactory:0.17333333333333334
ImportJob:0.14777777777777779
LocalShardManager:0.14666666666666667
TestDriver:0.13333333333333333
ImportManager:0.12666666666666668
PartitionChunkSupplier:0.10333333333333333
ImportDataStreamProvider:0.023333333333333334
MockImportClientFactor:0.016666666666666666
HiveClientModule:0.006666666666666667
