ConfiguredClass:0.44333333333333336
EntityClass:0.4033333333333333
ConfiguredClassHierarchy:0.3466666666666667
EntityBinder:0.2733333333333333
ConfiguredClassHierarchyBuilder:0.21666666666666667
GenericTypeDiscoveryTest:0.19666666666666666
AnnotationBinder:0.17333333333333334
TableNameTest:0.16666666666666666
TypeDiscoveryTest:0.11916666666666667
AnnotationBindingContext:0.06166666666666667
