FeatureSet:0.8416666666666667
GAMESave:0.27666666666666667
