StrUtil:0.6566666666666666
IPCounter:0.5833333333333334
NLoggerNames:0.014071428571428572
