DB:0.72
DBTest:0.29333333333333333
UserOperationTest:0.25666666666666665
